0.000000000000000000e+00,3.214842332587015683e-01,2.245452651896084617e-01,2.461420443891140231e-01,8.114118460221957096e-02,1.398076321303279301e-01,1.539796941388731077e-01,4.884736886048637872e-02,1.949000130482950732e-01,3.419126276208560578e-01,1.092733457412977949e-01,1.162403771135906566e-01,7.683137789137499396e-02,4.989407641713419078e-02,2.309056515110798347e-01,6.735096230009485208e-01,2.835386410454772688e-01,4.169863601367124195e-01,6.317999970152921030e-02,1.561516034635442862e-01,6.630287921183530830e-01,4.085386294749183689e-01,1.851680901739945206e-01,1.716925239008675885e-01,4.276135940005901248e-01,3.836765056399134011e-01,2.699336993101854043e-01,3.103393845532828044e-01,8.477954223755140850e-02,7.941393268013099971e-02,2.373960579992578923e-01,9.737500559199553651e-02,2.753171756471172182e-01,1.876955814561417912e-01,3.487884932556276074e-02,8.195378042345317915e-02,1.156625587931562893e-01,3.170548874463597344e-01,2.163962490120981685e-01,1.267538988368889785e-01,1.631255926548080271e-01,1.368263489526227450e-01,7.037364976399823613e-02,1.301057312047204373e-01,2.320424507026381533e-01,7.499707560718331667e-01,2.394405769474561296e-01,2.247181001058692063e-01,1.013776633006768929e-01,9.184184515573542984e-02,6.613276056303671324e-03,2.858135452159446532e-01,1.455119653091560550e-02,1.975251464999978612e-01,3.811915093053200310e-01,9.156584675335774359e-02,2.157646102396993393e-01,4.654389454752569377e-01,9.660823381206831706e-02,3.895879156507921492e-01,1.951272294865969426e-01,3.659278281923528109e-01,2.190932456973963549e-01,8.993620931540383112e-02,2.123255390751847826e-01,6.296028879634438802e-01,2.531982069688673009e-01,2.378788280024158874e-01,5.438948355753986386e-02,3.253176097729142402e-01,3.175903933176250082e-01,6.967612633562356161e-02,3.708509871876844999e-01,1.850386546729801407e-01,4.331562444284285385e-01,3.327861741819591601e-01
3.214842332587015683e-01,0.000000000000000000e+00,7.124990542521366654e-01,1.506005180256966836e-01,3.083501562208882385e-01,7.989181587253834094e-01,1.342080671284817395e-01,3.512080706634354010e-01,4.815197646952373844e-01,5.769257429225252976e-01,4.659831049428860006e-02,3.680421039561191376e-01,3.239854850320688096e-01,3.175553446904085808e-01,7.172414549822125895e-01,4.097019964761650646e-01,8.239065780393988181e-01,8.061735310571779278e-01,5.650383156565457199e-01,8.383611592024087233e-01,8.244662266986866328e-01,9.121272183473965178e-01,6.768484170677255829e-01,5.841430600930861416e-01,9.523893538351210220e-01,9.066732934967894897e-01,9.433515584959040190e-01,4.215857536865028621e-01,2.999832159763070050e-01,1.057002556509922947e-01,9.636224090264600139e-02,5.118238829864562023e-01,9.697083033631481719e-02,1.515984464530811815e-01,6.333990448949162744e-01,2.501929117092268617e-01,1.074301955819231824e-01,3.279676762422331637e-01,3.587136775930657162e-01,2.786192161447473281e-01,5.239584224461250050e-01,8.287346076526563854e-03,2.284115083483199693e-01,1.056127620441509735e-02,6.805705947044771165e-01,3.817485843398360501e-01,8.819737447404324415e-01,3.946136765233322352e-01,6.623837986167605552e-01,5.071561297567510618e-01,6.027078177379880941e-01,4.363417489207072064e-03,4.884547600868141548e-02,3.097022153131058497e-02,5.585242817436564255e-01,4.744913366667254939e-01,1.772714622448230970e-01,4.419058227066547939e-01,5.164968225414136027e-01,6.191150335655198900e-01,3.747026990716571526e-01,6.340153423677832301e-01,2.523245752526533381e-01,3.843991611484823823e-01,8.429071101379543851e-01,6.476960096209940509e-01,8.493844701907700134e-01,5.135109774320365528e-01,2.963709878517773455e-01,7.808924139859103608e-01,7.432296152856607829e-01,6.617976303372404834e-01,1.855461432350018203e-01,4.918767326029736542e-01,6.530469603524073907e-01,4.475592803505104023e-01
2.245452651896084617e-01,7.124990542521366654e-01,0.000000000000000000e+00,4.212819392950735431e-02,4.867925289460423022e-02,4.487935292104180407e-01,4.841511337976561746e-02,4.338871127089674595e-01,6.750515708351901845e-01,3.780594947169334530e-01,3.967351454950626133e-01,1.482307634180706768e-01,2.864729796911785753e-01,2.058365613464469002e-01,6.417179831792503286e-01,3.262106866284338325e-01,7.004004147016650306e-01,5.744611706763890213e-01,6.621509263956001368e-01,6.811551952042589342e-01,4.949585643381013145e-01,7.414638529699861813e-01,6.736220166822934896e-01,4.694262835374771181e-01,6.814460658795389314e-01,7.488797744670524503e-01,5.856730145878581428e-01,5.734797602669463590e-01,7.284956989795765558e-02,3.850305834808843697e-01,7.542457321397222358e-02,1.935046208028758929e-01,1.309493629775918822e-01,1.194451234294579417e-01,5.027881056978762420e-01,1.916465111139415423e-01,4.174056932706117495e-02,4.913500341955627793e-01,2.136914981201527008e-01,2.998199660010671952e-01,3.435371827912487297e-01,1.158528951782347716e-02,7.466610787099825508e-02,1.844865839795403750e-01,6.311269621722019885e-01,2.862641257679827689e-01,6.690496642853389631e-01,5.777952011860124637e-01,5.203774576257353957e-01,1.372554270759879791e-01,5.430751911574831503e-01,2.062909118767184413e-01,1.188035982661636014e-01,3.539807029424101859e-01,6.007780504297279833e-01,3.728439546814099614e-02,5.628154312631777900e-03,5.014415041186385258e-01,4.375566743382984791e-01,5.092813170892989127e-01,1.514630974567738875e-01,6.113110407665849344e-01,2.414574807864118822e-01,5.038444324927916496e-01,6.928113587858659717e-01,4.714840941575220157e-01,6.908661187154048200e-01,5.707913507014912291e-01,2.161436706603821478e-01,5.364424123874079742e-01,7.044052219352268107e-01,4.951337657532426384e-01,4.281790199931109764e-01,3.994437319361065497e-01,6.334974233647129305e-01,4.884957521754444421e-01
2.461420443891140231e-01,1.506005180256966836e-01,4.212819392950735431e-02,0.000000000000000000e+00,1.448482161393567225e-01,1.429473231661586644e-02,2.611594131233718752e-01,1.497931684468156166e-01,4.196166932757367657e-02,1.680890699836435909e-01,1.612727901829154042e-01,1.166470014792298504e-01,6.052819925978680793e-02,1.778213873752997054e-01,3.528155256559489805e-02,1.765306485494985145e-01,4.864428631796504504e-02,1.540540606163982584e-01,9.942508090649543329e-02,1.471098274469997622e-02,2.509530493849835286e-01,1.247068993003589699e-01,5.295154037066433783e-02,1.190981881627116712e-01,2.797466096454508389e-01,5.454893749601522068e-02,6.261701450734159791e-02,3.080660570960350730e-01,1.745025838030811460e-02,2.003914348476337204e-01,4.908245376708020857e-01,2.285934399432697911e-02,7.742209602969557514e-02,3.485949503064103006e-01,2.315061187139602072e-01,2.306554423003820409e-01,4.725466492744885283e-01,1.945526258765233885e-01,9.419389648644178881e-02,2.696161355452975084e-04,7.888674209787571723e-02,1.139750066715013305e-01,2.829621954615449408e-02,3.182988981276392848e-01,1.126456924834622619e-01,1.755931563625349190e-01,2.414741620132435790e-02,9.122781939959563602e-02,4.601778199313446560e-01,3.742399216271916629e-01,1.368332857436193040e-01,2.917563426005984062e-01,1.161562408439326122e-01,2.520723626732914169e-01,1.360366043311871664e-01,1.720862274828222904e-01,1.076148533427434828e-01,1.041704513005973498e-01,1.593580299096213349e-01,2.158720800518214300e-02,4.196348750701545116e-03,1.227932839828188294e-01,7.341952070133335451e-02,3.975339085621393265e-03,6.815151957049231379e-02,1.395006601345751829e-01,7.111805383561459193e-02,4.560854641418910643e-02,6.011454456975340310e-02,6.200385372494979230e-02,7.876713229399960603e-02,7.566322311064883899e-02,1.209705363954391710e-01,9.889085241351391886e-02,1.752928236237089321e-01,1.866432367890829558e-01
8.114118460221957096e-02,3.083501562208882385e-01,4.867925289460423022e-02,1.448482161393567225e-01,0.000000000000000000e+00,1.386562512607533992e-01,6.184761064818717902e-01,1.309259090646630874e-01,1.974904762920041135e-01,1.986141406962866340e-01,3.492002910142958383e-01,9.099847477829103859e-03,2.818299099387123752e-01,3.680948153000605516e-01,2.764127854853495325e-01,2.086015028406106309e-01,2.364576216699195710e-01,1.586460719823941656e-01,1.399243781086616512e-01,4.425525508010210718e-01,4.943397265803587404e-01,3.946768914102944947e-01,1.078023947028060314e-01,9.405131193727075956e-02,2.495029741645789501e-01,1.915200028225006457e-01,3.489765843134076118e-01,3.526499488530193682e-02,1.002561324990954295e-01,2.589810200507314808e-01,2.834129722109881011e-01,1.261409240576372992e-01,1.203587261997322716e-01,1.820725594081339938e-01,1.558024516077282651e-01,1.463531316695081963e-01,1.299848148427990846e-01,2.832924075955081666e-02,1.056549270556760012e-02,1.633718401986955782e-01,9.247307184021913429e-02,1.682197185478559176e-01,2.476591478025598758e-01,2.178729322076099484e-01,4.933269693078205786e-02,6.532519264606388709e-02,3.450696017037955809e-01,9.964141410255583642e-02,3.541292476725615423e-01,4.216260966168787760e-01,2.881365792271363691e-01,1.950030978299518991e-01,3.850817504685913328e-02,1.090097922072926773e-01,1.301891832580050201e-01,3.264593158893244751e-01,1.417928782997760484e-01,6.209005778638293505e-02,4.065189757858270747e-01,1.817667826129687469e-02,3.889973613274962938e-01,1.394625077046155459e-01,2.899245595358391214e-01,4.218125265317795858e-02,4.663219175983831510e-01,3.280001746392663398e-01,3.532426337098560354e-01,1.286376042127668207e-03,1.166741280356712041e-01,1.937845359543103052e-01,2.297620315160674997e-01,4.077307297810072173e-01,4.495039876616399588e-02,3.054195138278920640e-01,1.531632985737450270e-01,3.100141029111664892e-01
1.398076321303279301e-01,7.989181587253834094e-01,4.487935292104180407e-01,1.429473231661586644e-02,1.386562512607533992e-01,0.000000000000000000e+00,1.656762877616564378e-01,7.069865460858925088e-01,3.946724038702223436e-01,5.585139288231968369e-01,1.407717894623479737e-01,2.843982186376691201e-01,5.693633972517262443e-01,2.162061373808074616e-03,4.345198405818941900e-01,3.761870360327149165e-01,5.202736561140706151e-01,4.585340856832358369e-01,3.144062098252042858e-01,4.459245239607517730e-01,4.274808451794965269e-01,5.360977910177933126e-01,5.894927815379572555e-01,2.773235943236389556e-01,5.749665922690643249e-01,6.079960293661315074e-01,5.365708354469558294e-01,5.321038100099055868e-01,4.026109675838167035e-01,2.835957563539197035e-01,1.804540102106864941e-02,5.840167998981825315e-02,1.644184191400444028e-03,5.780913379075460629e-02,1.907864875628851320e-01,1.669590258813494765e-01,1.252845004358227599e-01,2.955361752916170204e-01,1.084396097223508104e-01,3.178415016676355842e-02,2.058910239198798175e-01,3.427943362942381667e-02,8.771017255500584975e-02,2.311857310800757292e-01,3.928470285789210092e-01,4.837100020451900323e-02,5.030510184442600341e-01,3.655129117186525223e-01,3.457849235613127958e-01,2.070924151936056334e-01,7.279096622234108027e-01,1.842025082870847319e-01,5.263488519432923951e-01,1.679977618930327821e-01,4.518043752757724962e-01,9.933673315978178153e-02,1.807976694552549946e-01,5.413568057890065788e-01,2.207833939986978411e-01,4.895321968293973591e-01,6.018246356771338179e-02,5.185845933545012443e-01,1.949827008806198914e-01,3.201040891083226092e-01,4.439975547622012630e-01,2.426089035452591580e-01,4.671785561503287720e-01,5.128844507433373279e-01,7.838481653333015386e-02,4.135582380926918211e-01,3.487940682660108926e-01,3.863176566003745371e-01,1.783766373469566346e-01,1.485537588717062429e-01,3.278014884481326718e-01,3.312431617526150340e-01
1.539796941388731077e-01,1.342080671284817395e-01,4.841511337976561746e-02,2.611594131233718752e-01,6.184761064818717902e-01,1.656762877616564378e-01,0.000000000000000000e+00,1.644427628127861918e-02,3.378978703164233766e-01,2.257993337392723010e-01,3.136549424455613022e-01,1.839948995697471834e-01,6.319365543384100059e-01,3.767293125234875140e-01,2.192744538865404325e-01,2.727617714267773774e-01,1.137422694998936890e-01,1.498603003701899361e-01,8.199149997384858057e-03,3.566253184095234952e-01,2.946677950952880654e-01,2.691818908422758949e-01,6.765932419300776934e-02,2.441965473264868514e-01,3.794037504374819791e-02,4.844744027042890977e-02,1.888559130343404613e-01,3.017737341817023911e-01,2.165414454780571485e-01,3.727883190977515637e-02,8.180039621902937541e-02,1.466378267959574100e-01,2.427560056075051681e-02,1.426497882846343157e-01,3.018228734845712635e-01,3.679037624004189988e-01,2.433837564458191660e-01,2.679567971659922998e-01,2.099431041339267501e-01,9.121102389286428469e-02,1.688268187813860843e-01,1.121654043911020082e-01,3.961717347426082503e-01,2.835065513723017960e-01,6.717772463734325572e-03,1.071266419281995813e-01,2.080080485949948044e-01,1.229924676931084537e-01,3.359540562643477668e-01,5.421499358147074954e-01,2.229146323017082432e-02,4.769974546174496899e-01,1.085851061023539038e-01,4.740726611941865065e-01,9.040418815585909984e-02,4.152044659608616350e-01,3.226039867066540778e-02,3.417863045741307282e-01,3.130185163278925708e-01,9.640370973974071722e-02,1.952621335967417715e-01,7.699730036957823376e-02,4.583028570041866590e-02,4.580034394433088463e-02,4.128036628475010850e-01,1.284008467911512963e-01,3.055662078637318979e-01,2.346629906210770389e-02,1.187744360697995660e-01,4.456558910249319716e-03,1.389129932917831656e-01,2.710528769593983922e-01,9.556261268629405448e-02,1.136222889249591944e-01,7.800591902086031690e-03,8.970490454440378791e-02
4.884736886048637872e-02,3.512080706634354010e-01,4.338871127089674595e-01,1.497931684468156166e-01,1.309259090646630874e-01,7.069865460858925088e-01,1.644427628127861918e-02,0.000000000000000000e+00,1.377897228716167266e-01,2.044666290851654966e-01,1.622183784791387806e-01,1.629489780598837867e-01,3.420585509217184961e-01,8.355638753119243312e-02,2.136300025766105781e-01,1.241063848923339846e-01,2.116880419008155545e-01,7.854156987418214886e-02,2.123641771594745875e-01,1.184436663196206108e-01,1.670855072248783046e-01,1.496012712108193976e-01,6.979271044664078216e-01,1.191691766233749783e-01,1.299155392804927367e-01,3.740769822353943175e-01,2.455928336664013889e-01,4.117704936167314589e-01,2.299331137419391088e-02,2.209996453054768883e-01,6.820661153656748521e-02,1.420055942858676201e-01,4.551251505112158258e-02,7.315291186425203207e-02,1.483099758990570616e-02,4.293915667570115668e-01,2.405880327428521759e-01,3.203043457692199558e-01,1.696198963959588690e-03,7.043893658056143980e-02,3.361945988477219038e-02,1.259634010850767816e-01,6.612560994931226954e-02,1.656071473244602743e-01,2.727474600804707938e-01,1.571840528261078118e-01,9.051786875285849909e-02,2.220614500607161479e-01,2.161663805983156939e-01,8.789495094633718864e-02,5.135310965769326330e-01,1.291013451989346805e-01,7.500284128699737929e-01,1.230205424396351166e-01,2.311841398308396300e-01,3.869011519145093558e-03,3.244579911410633288e-02,3.702911047016465007e-01,1.937829534164560719e-01,8.900945254400119411e-02,3.218864469432479170e-01,2.837345499124067638e-01,1.360272558699499590e-01,2.298920862076550553e-01,1.761252027120963348e-01,2.620935739568783229e-02,1.270376151682835464e-01,5.484125372808930088e-01,9.794774314418197569e-02,9.552670135056311185e-02,6.741121157968441024e-02,8.615325224280612204e-02,2.125184953993787262e-01,1.888141058056389820e-01,5.664008945036707460e-02,9.876359213783564295e-02
1.949000130482950732e-01,4.815197646952373844e-01,6.750515708351901845e-01,4.196166932757367657e-02,1.974904762920041135e-01,3.946724038702223436e-01,3.378978703164233766e-01,1.377897228716167266e-01,0.000000000000000000e+00,5.562246583004681888e-01,5.285265728990431455e-01,2.487979914659045055e-01,5.788237885632603330e-01,9.284546070063658119e-02,4.328183204032801656e-01,3.154009329335301093e-01,5.238586426162927800e-01,3.433489082693814698e-01,4.620606880096455593e-01,5.411573732261725223e-01,1.723023973644197404e-01,5.341248870500219237e-01,2.905773410439024262e-01,2.722103265758488155e-01,4.150714584216544933e-01,4.899772176077881181e-01,4.474226143870159156e-01,5.696482520025507590e-01,3.702226178490198305e-01,3.821283891449799297e-01,6.916531728201705254e-02,2.591393858905627345e-01,1.991700502205814571e-01,1.241337371096468134e-03,2.681203253038737522e-01,1.366760989379503244e-01,1.144597509938340141e-01,4.631559934601323092e-01,3.559552190130232940e-01,1.257390069552000722e-01,2.830769992351860886e-01,4.607503308894017602e-02,2.098215587217192590e-01,3.394495347980794331e-01,3.810804917210975917e-01,1.488199433134821670e-01,4.055055935870230943e-01,7.217275959766628057e-01,3.363790682286578737e-01,3.756464673275589083e-02,3.149282398801899752e-01,3.286735044372455783e-01,3.653933610349505146e-02,5.837838932942047698e-01,5.484304960460648637e-01,2.658618018001853156e-01,2.248558605627431484e-01,3.686085783965672991e-01,2.377809014591535652e-01,5.527330755728064871e-01,1.875977343583176693e-01,4.439374401534241787e-01,2.869076296879107257e-01,3.343151812215106045e-01,4.634029537380817687e-01,2.239118204576077686e-01,5.265914959106796633e-01,3.801234488467436501e-01,8.818453530642104965e-02,4.266587018746301752e-01,4.326090771504691457e-01,3.738789740072746559e-01,1.721160964821943085e-01,2.451515368331215750e-01,2.923395056022590199e-01,3.132470243452878944e-01
3.419126276208560578e-01,5.769257429225252976e-01,3.780594947169334530e-01,1.680890699836435909e-01,1.986141406962866340e-01,5.585139288231968369e-01,2.257993337392723010e-01,2.044666290851654966e-01,5.562246583004681888e-01,0.000000000000000000e+00,3.992471112019350954e-02,2.689780660868013595e-01,3.983151352415260082e-01,2.650449155596143469e-01,4.863114164425655916e-01,4.477255953133097433e-01,5.455356840876647295e-01,5.108311557681914916e-01,2.549233935496428849e-01,4.377538359141911473e-01,5.684533542071326107e-01,5.360149120705159920e-01,2.746603641910157489e-01,2.237242230254502251e-01,5.023104637979453058e-01,5.685774366158333759e-01,5.297313647614343424e-01,5.379265658745137069e-01,4.097776004490431001e-01,2.437039314221279840e-01,3.752134405256843941e-01,3.208264396649161965e-01,5.553635696441347469e-02,1.263718894918258728e-01,3.864329197271175187e-01,2.284589390198958625e-02,2.207613580928894370e-01,3.806842752789365569e-01,2.747999480396538519e-01,7.348975763473614142e-02,2.257704375975344846e-01,2.509479998434180348e-02,7.746102844673433130e-02,1.070562432311137069e-01,2.950481522876080565e-01,2.704977462306427105e-01,3.726018205352187307e-01,4.303220563876554161e-01,2.555350186980831495e-01,1.579018217763408505e-01,3.549297856106776727e-01,2.306208403309293054e-01,3.514200976669457077e-02,3.383231234693798717e-01,5.555044414948788756e-01,7.765703205413845844e-02,2.186053428143935329e-01,2.021327026352753575e-01,4.069795482341423409e-01,4.843971834887212391e-01,1.761302325548704806e-01,3.342480252119271467e-01,1.875745085913452515e-01,2.724811364390790080e-01,4.026988646489516044e-01,5.250668400792604107e-01,3.764058327133936177e-01,2.080459110414594193e-01,7.191938537182654412e-02,3.572762413506861967e-01,3.737860759328059390e-01,4.054772302458961586e-01,1.708039263013405307e-01,2.215002904676596773e-01,2.636880482915910928e-01,2.167324806277791116e-01
1.092733457412977949e-01,4.659831049428860006e-02,3.967351454950626133e-01,1.612727901829154042e-01,3.492002910142958383e-01,1.407717894623479737e-01,3.136549424455613022e-01,1.622183784791387806e-01,5.285265728990431455e-01,3.992471112019350954e-02,0.000000000000000000e+00,8.319944907995160954e-02,4.228886214085876838e-01,5.072372617937415118e-02,1.104687862655574782e-01,1.889268062724313024e-01,1.359699449719253828e-02,1.953899333440078101e-01,3.355781674903859368e-01,1.367118590113547416e-02,3.387367123086197918e-01,9.990672244300363714e-02,1.547610871701460278e-01,4.744421763936312181e-02,6.408938277228522218e-02,5.254289303769948960e-03,1.115581128156517554e-02,1.212228518322266413e-01,2.207258103662466386e-01,1.818850666827126483e-02,9.442947066697676695e-02,9.218923421789732009e-03,5.196212822618963278e-02,1.073102052980592497e-01,7.585289129785868778e-02,2.977981175388497714e-01,1.369346368427318272e-01,1.367856331212268239e-01,1.297624187383035754e-01,2.040876799772650962e-01,1.421677640077792515e-01,1.454858234494987301e-01,4.336915317271073933e-01,1.889630269736433943e-01,1.174712330501886948e-02,1.895970392101289925e-01,3.370855008197856661e-02,3.464851237029185627e-01,2.874577523842510723e-02,2.896578009246768559e-01,1.714389509348686613e-01,1.548030028958876092e-01,1.271873620795161697e-01,4.457590880525426069e-01,5.627893976832260003e-02,7.338275331072032781e-01,8.761700320375734319e-02,8.591274553921104951e-02,1.663323530730411726e-01,1.953567765789515076e-01,8.704667107791287661e-02,6.426399668786832164e-02,3.593616011926152598e-02,2.294582662058616274e-01,8.884498754514355556e-02,3.087072789619080271e-01,3.842817751533694759e-02,1.614759324224189774e-01,2.682563164527235894e-02,3.925676668153152415e-02,4.979610601240969103e-03,1.060789229293937208e-01,1.500441119427237124e-03,5.141066989516443475e-02,1.390375083765469089e-01,2.255579630837854094e-02
1.162403771135906566e-01,3.680421039561191376e-01,1.482307634180706768e-01,1.166470014792298504e-01,9.099847477829103859e-03,2.843982186376691201e-01,1.839948995697471834e-01,1.629489780598837867e-01,2.487979914659045055e-01,2.689780660868013595e-01,8.319944907995160954e-02,0.000000000000000000e+00,2.227269378469644845e-01,2.678452871227183230e-01,1.119332575809206393e-01,2.869685377187716768e-01,1.656069564511479797e-01,1.431043763866388097e-01,4.233858930575798984e-01,1.475384297944015988e-01,1.774480111815293637e-02,1.552781644618084766e-01,2.838608195152102498e-01,7.028162034109695089e-01,2.878455028429381390e-01,4.249776980809132909e-01,1.650869821775482749e-01,2.013020852142684558e-01,2.447252965426040539e-01,3.507360216830177624e-01,3.628591076932879411e-01,8.809370935402405234e-01,2.092787386443669129e-01,3.012684510362495516e-01,4.857941549457116537e-01,4.746947696397351146e-01,3.630817893798217177e-01,1.177352654147613698e-01,7.100060908848631058e-01,1.769856094440326877e-01,5.546733810309185664e-01,1.335155156158353007e-01,1.732738035973860058e-01,1.705282161249214723e-01,3.177331865080183504e-01,1.678938766582123987e-01,2.050832829370557997e-01,3.100376369047145864e-01,2.596177822750219688e-01,5.057714894951323981e-01,6.030540327299116488e-02,3.291648964612118311e-01,1.423684548964934127e-01,2.154962393652959940e-01,5.516615146552106275e-02,2.256533385572477013e-01,8.580361890624111920e-01,1.281218717373339144e-01,9.323613142191727876e-02,5.604486582238425024e-02,1.130262742470448806e-01,8.268000873519129601e-02,2.853892031866258616e-01,1.741358407457531676e-01,1.182049273779356563e-01,4.605716293423518792e-02,1.722960591378130957e-01,1.623213680170065565e-01,4.070442038207348623e-01,4.916916323599154065e-02,1.822776616038862540e-01,5.873743243813907278e-02,5.955282381387032586e-01,2.550421722195835295e-01,7.874112986850079210e-02,2.442279724324449841e-01
7.683137789137499396e-02,3.239854850320688096e-01,2.864729796911785753e-01,6.052819925978680793e-02,2.818299099387123752e-01,5.693633972517262443e-01,6.319365543384100059e-01,3.420585509217184961e-01,5.788237885632603330e-01,3.983151352415260082e-01,4.228886214085876838e-01,2.227269378469644845e-01,0.000000000000000000e+00,1.846852425921599594e-01,2.142258171520561305e-02,3.702654411671040813e-01,3.590728713968785457e-01,3.262954815638887673e-01,2.304853891604198290e-01,1.400736948222833234e-02,1.306769343962521646e-02,1.043390724051569962e-01,2.628303688636574043e-01,1.361447889351332652e-01,2.385357070232848042e-01,3.358348322551962251e-01,1.147775032437100551e-01,4.662157944298494505e-01,2.930276860634627445e-01,1.072680051825436187e-01,5.915831112478753262e-02,1.897376545738149733e-01,1.769278301662076669e-01,2.408820478082829286e-04,1.168579444746334906e-01,2.671596769539902327e-01,1.995243615591077435e-01,2.542513782321239035e-01,1.534730092895706388e-01,6.967431637769352926e-02,8.052956675978023560e-03,3.275265633167338819e-02,2.128040011344591309e-01,2.130122383533406549e-01,1.936475049974321627e-01,5.371789605777059495e-02,1.208152810798090726e-01,3.468759297214572546e-01,1.183973005472371554e-01,2.006432218529861922e-01,2.773505010401882132e-01,3.202221941781922543e-01,2.463479353763950441e-01,4.276071063732720390e-01,3.189283910819215584e-01,2.107852862247789894e-01,2.623693506598595571e-01,5.179376316946562309e-01,1.018924361562781322e-02,1.296409876017660667e-01,1.158158639287053260e-01,3.917281143131066123e-01,9.192102394397230758e-02,1.720750084780439670e-01,4.910233938122696151e-02,5.063687965944813074e-02,3.188255843408466239e-02,1.847031111483184718e-01,4.330467590345168927e-02,1.359576120609990724e-01,1.059279126765955148e-01,6.504118779830685149e-02,9.709302382941206733e-02,1.371952065908428053e-01,1.731764102196654831e-01,2.821626222224961344e-02
4.989407641713419078e-02,3.175553446904085808e-01,2.058365613464469002e-01,1.778213873752997054e-01,3.680948153000605516e-01,2.162061373808074616e-03,3.767293125234875140e-01,8.355638753119243312e-02,9.284546070063658119e-02,2.650449155596143469e-01,5.072372617937415118e-02,2.678452871227183230e-01,1.846852425921599594e-01,0.000000000000000000e+00,3.682101734844692165e-01,1.457059938315183878e-01,3.722130072309651760e-01,2.090683685944438319e-01,2.727753184104291240e-01,3.752088069972496220e-01,3.747964735984689599e-01,3.402205008423500598e-01,8.144914696521174391e-02,2.874655578864350192e-01,3.119779670978434227e-01,3.063504088729329666e-01,3.722909871866301734e-01,5.848988357510492841e-03,3.518460733370554205e-02,1.631797938871817899e-01,3.261209262428343969e-03,4.464852483054022603e-01,2.654917583200391284e-01,1.527782018034779254e-01,4.791004964413757561e-01,3.703986703259830038e-01,1.322985981899929830e-01,1.290284781582634044e-01,3.528971485465119406e-01,4.977911957847359625e-01,1.553191737294115082e-01,1.491623369097898055e-01,4.264204111734777869e-01,2.638504608331296297e-01,1.295826454371806213e-01,5.099936290510173609e-02,3.771970058085339361e-01,4.410161318896317628e-02,2.507198044001699433e-01,4.202044923719624459e-01,1.311913829301064593e-01,1.734364633384043730e-01,3.535292350738568623e-01,1.036206823395644239e-01,9.750536862365111190e-02,2.944821269917006212e-01,1.316918757425004360e-01,1.732024947768479040e-01,5.339625469571108729e-01,1.012518673240051376e-01,2.276330908640698536e-01,1.037867430855375639e-02,4.908788855198320533e-02,2.195975165381011118e-01,4.854815175718578679e-01,2.530727395862691353e-01,3.357470067593885110e-01,2.798435359458575911e-02,2.854478380122853903e-02,1.405798714668855531e-01,2.607882665443171377e-01,3.931110438922539863e-01,1.962953684294615475e-01,3.483191909344059978e-01,2.464346571296853194e-01,5.529437990302579764e-02
2.309056515110798347e-01,7.172414549822125895e-01,6.417179831792503286e-01,3.528155256559489805e-02,2.764127854853495325e-01,4.345198405818941900e-01,2.192744538865404325e-01,2.136300025766105781e-01,4.328183204032801656e-01,4.863114164425655916e-01,1.104687862655574782e-01,1.119332575809206393e-01,2.142258171520561305e-02,3.682101734844692165e-01,0.000000000000000000e+00,2.044134044672289707e-01,6.848468653201653655e-01,4.836357096361759700e-01,3.290625432106614179e-01,8.111348905853847935e-01,5.932291233767944538e-01,8.057254267143608706e-01,6.336969451417122645e-01,4.696645002241696121e-01,7.057616506789956556e-01,7.132520308876185711e-01,8.698644399584108955e-01,3.947773966745464214e-01,3.486866476403389092e-01,2.504429716588434385e-01,2.028800935747424872e-01,1.812115706193432596e-01,8.710686705096595817e-02,1.206097324426313316e-02,4.741719459573117690e-01,1.053210331049532211e-01,7.417345733496200078e-03,3.942591064501698161e-01,1.637513069049320036e-01,1.345525865436663082e-01,5.359386048839599459e-01,9.115423032477089349e-02,1.232049850028231197e-01,3.077238712613351510e-02,5.353990592825620398e-01,3.048802775790929731e-01,7.679476387121284553e-01,3.320312362274717155e-01,5.807571464930867400e-01,2.731605037938330538e-01,6.641693424791479394e-01,7.598753012768119652e-02,5.847865448844877245e-02,2.274558922933179184e-01,4.889380781579076296e-01,8.570554896306881165e-02,4.218285727563865495e-02,2.901670800156528340e-01,5.149657926113397899e-01,7.418861462349802816e-01,5.311273008701224985e-01,4.849664033256693707e-01,4.695711120093433166e-01,2.608487124175845606e-01,8.459995186323236993e-01,6.659212281789970156e-01,8.647529901198114377e-01,6.277313078912691857e-01,2.627942067562042960e-01,6.572650456600697133e-01,6.491655311291970598e-01,9.296320752969583490e-01,1.768390456343726658e-01,8.121651974540491370e-01,4.760519424743194783e-01,4.726681400404361133e-01
6.735096230009485208e-01,4.097019964761650646e-01,3.262106866284338325e-01,1.765306485494985145e-01,2.086015028406106309e-01,3.761870360327149165e-01,2.727617714267773774e-01,1.241063848923339846e-01,3.154009329335301093e-01,4.477255953133097433e-01,1.889268062724313024e-01,2.869685377187716768e-01,3.702654411671040813e-01,1.457059938315183878e-01,2.044134044672289707e-01,0.000000000000000000e+00,5.121141778432884983e-01,5.674063932436342883e-01,7.597281782689797869e-02,2.849448443362638805e-01,6.983052879863531626e-01,5.270354365373350891e-01,1.785152354483688919e-01,1.216414851259870616e-01,4.509323322371310283e-01,3.714154085846360087e-01,3.381273512808854464e-01,6.309641807637704769e-01,3.623182600732270386e-01,5.690792169263907407e-01,4.466611150471939129e-01,6.832727749034347986e-02,1.663428034956748736e-02,2.600369468516678939e-01,4.161668876926961219e-02,8.281453255396128976e-02,2.053771647425515212e-01,4.600591076601416307e-01,1.715832699184048071e-01,1.606179431353001730e-01,7.773186717978419757e-02,2.887242115316564911e-02,4.536651038537943548e-02,2.721522855476969371e-01,2.024982731577889550e-01,6.002853776012972986e-01,1.430496998239075834e-01,2.041754941725627548e-01,2.234159443794554445e-01,3.777720672264020529e-03,1.139952183437583644e-01,3.197157702052788597e-01,9.210314701390530379e-02,2.591890057977231931e-01,4.833537189256178479e-01,2.141821487933088519e-01,4.114864863178085419e-01,4.921654723092103723e-01,2.461414048427489898e-01,2.527029802262460989e-01,1.144107299961603097e-01,4.570198364093076560e-01,2.350793118812991578e-01,1.705035653432811771e-01,2.208106823895894522e-01,5.907375944871335882e-01,2.094487375499539117e-01,1.232221924815186664e-01,3.364207768917411023e-01,2.279011468359202763e-01,2.174348425719681843e-01,3.001796285181457247e-02,4.925296145774060719e-01,1.700674408157389350e-01,3.474748504846491004e-01,3.909593504524586094e-01
2.835386410454772688e-01,8.239065780393988181e-01,7.004004147016650306e-01,4.864428631796504504e-02,2.364576216699195710e-01,5.202736561140706151e-01,1.137422694998936890e-01,2.116880419008155545e-01,5.238586426162927800e-01,5.455356840876647295e-01,1.359699449719253828e-02,1.656069564511479797e-01,3.590728713968785457e-01,3.722130072309651760e-01,6.848468653201653655e-01,5.121141778432884983e-01,0.000000000000000000e+00,8.090589119151730957e-01,4.601820278241636752e-01,7.736936575043880104e-01,7.234505935177488745e-01,8.507217560717510452e-01,4.675207174670075183e-01,4.493022432987883730e-01,7.848538916695942946e-01,8.437344152177161938e-01,7.135722826601584856e-01,5.043408578127028807e-01,3.373363636843127455e-01,3.056138602612754052e-01,2.881930684221688521e-01,4.216943601911368744e-01,1.209639625056133372e-01,4.419588749848554765e-02,6.474867900855169056e-01,1.641895973077079907e-01,5.857369438028224573e-02,4.594922236300077456e-01,3.625112176919291773e-01,2.660797799946478248e-01,5.282057380073150732e-01,7.083357256436136062e-02,1.470907950546314902e-01,7.817610617503550907e-02,6.075157070956738181e-01,3.979990799117788525e-01,6.795386393272165870e-01,3.298478358841152591e-01,4.247892927137229546e-01,2.094418437268897315e-01,5.479059989739437642e-01,3.624449919951292509e-01,7.546637711385789649e-02,2.520933622885704883e-01,6.138048279341364877e-01,3.300471756102189569e-01,2.462915889572003802e-02,4.936237343370932229e-01,4.889448139708320040e-01,5.392511276222029526e-01,3.896332440258656882e-01,6.492131272921738416e-01,3.424161120089646571e-01,2.981336484099045281e-01,7.488360953269159737e-01,6.755127695801169674e-01,7.100459142941457635e-01,3.382343881639161554e-01,1.244672022669509465e-01,6.119962365755212685e-01,7.170555464153913761e-01,5.205976160842649136e-01,2.151139096450111754e-01,6.455475030928492508e-01,5.943005187757697261e-01,5.097611422043231144e-01
4.169863601367124195e-01,8.061735310571779278e-01,5.744611706763890213e-01,1.540540606163982584e-01,1.586460719823941656e-01,4.585340856832358369e-01,1.498603003701899361e-01,7.854156987418214886e-02,3.433489082693814698e-01,5.108311557681914916e-01,1.953899333440078101e-01,1.431043763866388097e-01,3.262954815638887673e-01,2.090683685944438319e-01,4.836357096361759700e-01,5.674063932436342883e-01,8.090589119151730957e-01,0.000000000000000000e+00,4.151102441994145020e-01,6.238131665033795903e-01,7.660114542410103589e-01,8.452229315655905850e-01,4.035364342946606842e-01,4.039275277693403221e-01,8.579641671945394954e-01,7.205315436997462575e-01,6.287579606750655081e-01,4.432646569368939860e-01,1.240235392456515151e-01,3.001602762426521798e-01,1.519237535349960699e-01,2.429350518167804895e-01,1.340308430966360154e-01,2.306445450318165835e-01,6.066716393634935534e-01,1.744113122513179515e-01,7.425396557264131447e-02,3.861472967173367743e-01,2.541239230523290038e-02,3.309442821949927227e-01,3.581910002456630271e-01,1.792384137293604740e-01,2.078905851684751116e-01,1.746160324932520269e-01,5.923590466133752397e-01,5.202855279742668593e-01,6.661420290929194188e-01,3.011824023943815987e-01,3.834337242044302263e-01,2.775083499034955437e-01,3.461883730365032941e-01,2.709117358952420340e-01,1.427590718555494520e-01,6.543817322723305407e-02,6.186446123517224116e-01,4.880685035545885841e-01,2.228264370322807775e-04,5.118417073424116337e-01,4.622452381916373199e-01,4.114104330053662828e-01,2.919201895603834029e-01,5.337751774642055524e-01,2.924552092916014590e-01,3.201222350215904289e-01,6.012641454819613873e-01,6.882792377538968775e-01,5.782262226867853627e-01,2.926972551460442773e-01,1.434268727051737358e-01,5.500191669412807238e-01,6.556928893692313132e-01,3.627458337704002056e-01,3.719206639219192478e-01,4.593227632795489623e-01,6.349035066905245328e-01,4.295967496591492907e-01
6.317999970152921030e-02,5.650383156565457199e-01,6.621509263956001368e-01,9.942508090649543329e-02,1.399243781086616512e-01,3.144062098252042858e-01,8.199149997384858057e-03,2.123641771594745875e-01,4.620606880096455593e-01,2.549233935496428849e-01,3.355781674903859368e-01,4.233858930575798984e-01,2.304853891604198290e-01,2.727753184104291240e-01,3.290625432106614179e-01,7.597281782689797869e-02,4.601820278241636752e-01,4.151102441994145020e-01,0.000000000000000000e+00,2.713722511698509199e-01,2.587045181121231385e-01,4.615823415300782662e-01,5.318360970142816946e-01,5.444814497722912927e-01,5.911962464985935917e-01,5.555183514858537119e-01,3.569419103177927100e-01,1.424970692486940138e-01,2.028824627895452759e-01,1.011756730001897586e-01,3.475623514980571982e-01,4.806205244530931120e-01,3.302388431615578823e-01,4.418715374752544833e-01,5.837568615261794491e-01,2.286824916567030408e-01,4.002037771521580467e-01,2.315635450194898637e-02,3.551274128142793418e-01,3.930524589440113625e-01,4.734478563723760192e-01,1.929779068184420410e-01,2.662332660444394206e-01,4.009675960577566145e-03,6.126669114583105369e-01,1.287441287510844579e-02,4.662112618962029886e-01,4.408588305391594186e-01,4.486227255865024577e-01,4.518166318884295207e-01,1.474942162867822482e-01,1.417215913718661846e-01,1.595119380094973671e-01,9.919853600968420171e-02,3.666923540592414987e-01,1.293722804431767237e-01,3.461323407871581548e-01,2.470408215904117966e-01,4.065382907595042616e-01,3.759808459063528341e-01,7.713110843744012957e-02,3.951823004091979952e-01,1.440548453781090588e-01,6.595658253189430331e-01,3.707700845397262635e-01,1.905500720754889077e-01,4.076649285360668395e-01,4.557347312754617130e-01,2.885103175562076516e-01,2.917498894510127672e-01,5.054738580366040512e-01,1.601345243779648819e-01,2.273600181240986728e-02,2.140389898973950322e-02,4.926881117391573861e-01,1.421856857621524584e-01
1.561516034635442862e-01,8.383611592024087233e-01,6.811551952042589342e-01,1.471098274469997622e-02,4.425525508010210718e-01,4.459245239607517730e-01,3.566253184095234952e-01,1.184436663196206108e-01,5.411573732261725223e-01,4.377538359141911473e-01,1.367118590113547416e-02,1.475384297944015988e-01,1.400736948222833234e-02,3.752088069972496220e-01,8.111348905853847935e-01,2.849448443362638805e-01,7.736936575043880104e-01,6.238131665033795903e-01,2.713722511698509199e-01,0.000000000000000000e+00,5.455035721286642936e-01,9.296609350190653265e-01,5.199891752406385903e-01,4.406085054923647992e-01,7.790588645491683950e-01,7.712108521186069598e-01,8.692428826259116503e-01,4.411763500995253828e-01,3.913420774211033848e-01,3.861523636479303190e-01,2.733111703197444453e-01,3.033135960594472436e-01,7.562425376774357944e-02,1.461878151832157746e-02,4.513084022914451432e-01,1.281570609528285831e-01,1.233631798707342381e-01,5.091629828875359198e-01,3.746383483467373710e-01,1.299843517935630743e-01,5.078823643967325108e-01,1.418187715667819371e-01,7.735560350593656542e-02,2.207612347545073739e-02,5.478108134671130225e-01,2.980471328148235899e-01,9.438260824003934513e-01,3.933588970306727828e-01,5.737897586376925485e-01,2.697577637314985122e-01,7.591797572081999679e-01,1.277720069108723988e-01,2.157000665631036984e-02,3.651973226828162389e-01,5.914002030756134731e-01,1.574125209900894551e-01,1.251242583986206247e-02,3.183697294763981889e-01,4.276923579850681056e-01,6.174512959554515623e-01,7.777018835935605168e-01,5.565633801974992911e-01,6.924777866593603282e-01,1.930456898223056883e-01,9.719092965768885151e-01,5.938335157584937463e-01,1.000000000000000000e+00,4.786193691059748012e-01,2.727859550377583209e-01,8.275488598021043529e-01,7.954322485455613823e-01,9.366387444842732002e-01,2.855069829623870792e-01,8.221719858900032873e-01,4.536771848811684826e-01,5.851644083381615236e-01
6.630287921183530830e-01,8.244662266986866328e-01,4.949585643381013145e-01,2.509530493849835286e-01,4.943397265803587404e-01,4.274808451794965269e-01,2.946677950952880654e-01,1.670855072248783046e-01,1.723023973644197404e-01,5.684533542071326107e-01,3.387367123086197918e-01,1.774480111815293637e-02,1.306769343962521646e-02,3.747964735984689599e-01,5.932291233767944538e-01,6.983052879863531626e-01,7.234505935177488745e-01,7.660114542410103589e-01,2.587045181121231385e-01,5.455035721286642936e-01,0.000000000000000000e+00,8.067130958701311805e-01,4.441733345955531931e-01,3.866112913370511328e-01,8.115302776276501762e-01,7.962250776787955786e-01,6.369973213510258248e-01,4.560723831327015976e-01,4.643584843656778371e-02,1.542977686118652547e-01,2.528813394904732559e-01,2.044650341949934558e-01,3.893314766047781261e-02,6.259619085713080677e-02,4.238361693304290578e-01,1.440640770311633068e-01,3.641839759715000124e-02,3.916306334409989098e-01,2.955124293590826595e-02,2.682750882953403027e-01,2.051968568868846043e-01,1.942657831327326001e-01,3.888497698848457640e-01,1.572204477290913699e-02,4.672997773141309708e-01,5.958528920451253708e-01,5.469471973097350670e-01,2.792796678944170496e-01,5.636119468250264664e-01,4.477098133148659787e-01,2.918259803355151005e-01,1.216324543798250057e-02,3.134694981101993072e-02,5.936768104811099289e-02,5.796652739997583126e-01,5.126221157387360616e-01,1.240150220540317261e-01,3.010446689217824989e-01,6.349496336463739121e-01,5.687389513752036940e-01,2.726823943070431633e-01,5.640420610890189979e-01,2.303458888451112019e-01,2.261702951218901581e-01,7.183353632273634659e-01,7.693829806697355389e-01,6.438460058196663338e-01,4.916245626125268497e-01,9.815455818439407232e-02,4.397982167813364041e-01,5.699984278251819525e-01,4.728082297843756998e-01,3.547950249015208724e-01,4.154010884629089628e-01,6.084252778711860543e-01,5.605752838656710146e-01
