0.000000000000000000e+00,2.130933414733199305e-02,9.358541987000565388e-02,1.946296750554313282e-03,1.497719283946375435e-01,1.876202882745387490e-01,4.502246574859519734e-02,4.846386846820666117e-02,8.694674586209913403e-02,2.358011926828812999e-01,1.243312307856547505e-01,2.131706006505914575e-01,3.930466905579845238e-01,4.169797855900076594e-02,2.156298800604259380e-01,5.004671811136953696e-01,1.816448654466373824e-02,9.301242149449351349e-02,1.496726072298893151e-01,2.813865034209287463e-01,3.290768462134767147e-01,2.442527735280286549e-01,9.404467996723328560e-02,1.463097735393475707e-01,3.765540535004506251e-01,1.920579183270725021e-01,1.182039046124243320e-01,1.268856764397434667e-01,3.240165105225781272e-01,9.976903470899267656e-02,2.568418991641408522e-01,1.949014303310531160e-02,2.895279493017551276e-01,1.719666373959464201e-01,7.055553909205061758e-02,2.675876346366288239e-01,7.166765238607117339e-02,1.711360091098826364e-02,2.925781415026285082e-02,1.965369700968761513e-01,9.872819364907181594e-02,7.346418814392315089e-02,1.809635446045849971e-01,1.709205061071572551e-01,2.640703544112036338e-01,6.132890670735893224e-01,3.299292087821231734e-02,9.759237874558632231e-02,7.337859536285865070e-02,6.100994211156975794e-03,2.295963834334825981e-01,2.704185837802323966e-02,1.330969998858264058e-02,1.528947969283329933e-01,1.595902641905388997e-02,1.238742990460658389e-01,3.019264985756769382e-01,1.508815547243800292e-01,1.990580037963918941e-02,1.766349584268575856e-01,1.703926107482856001e-01,4.431533158133313388e-02,1.795440552084467400e-01,1.502650272532395914e-01,1.182433907210996005e-01,3.393944350907259766e-01,2.259634184228968001e-01,3.327157211490819333e-02,4.503613285243529551e-02,2.640695617654843508e-01,4.565335307007334364e-02,1.839205052102058091e-02,3.924437671301289621e-02,2.946294408456990310e-01,7.273125821316081541e-02,2.824939357363998038e-01
2.130933414733199305e-02,0.000000000000000000e+00,1.756642503459002747e-01,3.974409468706176229e-03,7.811057862738610136e-02,7.568117328958076095e-01,1.569509142058989892e-01,2.675620613274387050e-01,8.324844645409174015e-02,1.631676225753785070e-01,5.861537771846132838e-02,2.147156737751956257e-01,4.432682929684499951e-01,9.874320299841030102e-02,4.081793099404333325e-01,1.188003490042613408e-01,2.247778096751290033e-01,4.458289141916885190e-01,5.152942060800588808e-02,4.589023768147202920e-01,1.263261894925866158e-01,5.165946304444706261e-01,3.286882317188389302e-01,4.242922438640495120e-03,4.575644775587064950e-01,4.088316103353339392e-01,6.230124347754411041e-01,3.292145880343521069e-01,2.533406367340429455e-01,2.345657370114747065e-01,1.591475811503730298e-01,2.267897213198503403e-01,1.628557848972254085e-01,1.910307730965034589e-01,2.577656951374174832e-01,1.244830983512862643e-01,1.521406715648843666e-01,1.000876764607130931e-01,1.531553421282793592e-01,7.342762528196755678e-02,2.377590408980317649e-01,3.952754056204104693e-01,2.045259590762524560e-01,2.233614237517082268e-01,4.883626822322054140e-02,2.650866298066134608e-02,6.670970603042003511e-01,2.376267505461167051e-01,2.523860042369727164e-02,4.811184836651056229e-01,6.059268260597013844e-01,2.092472705874114103e-01,2.598867307912228752e-01,2.452247460903128617e-02,2.209526947202809510e-01,5.303898100827152129e-02,8.202418892772450620e-02,3.095239136778463740e-01,2.093923097160720614e-01,4.760796005160187194e-01,2.007561027849051882e-01,2.182485794335703999e-01,1.099632516203096766e-01,1.535665227790023735e-01,6.022227464049350054e-01,6.422463400376304810e-02,5.467437995453181543e-01,2.907515533797742080e-01,5.763672590479346214e-02,1.165328980120640123e-01,1.660720526770522176e-01,5.313381976952137320e-01,2.341549355906986929e-01,2.230850759876081557e-01,3.330190094998617401e-01,4.376339602707926546e-02
9.358541987000565388e-02,1.756642503459002747e-01,0.000000000000000000e+00,2.947582615537222006e-01,3.656551875783168315e-01,2.197677716365628031e-01,1.565143790289732217e-01,4.383527881717758645e-01,3.965620314413264569e-01,3.324342095207899472e-02,5.374787402705971662e-01,7.314542691031197807e-02,1.151665065478029160e-01,1.245972649543922867e-01,3.081654204128030372e-01,4.490505763898382241e-02,3.750308102928343046e-02,1.398235797819816217e-02,6.842276729780689681e-01,3.318983446258974013e-01,1.238692414701028366e-01,2.698459865998367180e-01,4.214038863141811864e-01,9.817811339054682840e-03,2.330487369685393106e-01,3.283464250617801339e-02,1.474953740610456809e-01,2.704364373878047623e-01,8.026098569602435617e-02,1.568982685326406612e-01,4.260505702640209058e-02,7.654292277491085705e-02,8.065905407536741456e-02,1.333215702549801485e-01,2.916909778272394616e-02,2.278360988860976266e-01,5.512401431700478943e-02,9.118556734016318444e-02,6.985520270145462174e-02,1.106394850388746215e-01,4.332151956016043470e-03,2.557285159459776192e-01,3.620117044337628487e-02,4.804864951990074629e-02,1.898316891131912321e-01,2.262023654169673104e-02,4.084496290783350414e-01,8.046411697924255035e-01,1.997905667388668871e-01,9.413390370507357385e-02,2.191682497019961651e-01,1.745376637745593429e-01,4.181490420004196906e-01,4.621720867259254129e-01,2.573708091509825380e-01,4.674280899871146588e-01,1.639291879081142267e-02,2.174242466205102697e-01,8.165005584271028960e-02,2.834945405272595309e-01,8.559689837874225049e-02,2.334873013519755958e-03,1.562789438959046040e-02,5.853237403468247724e-01,1.822023882040327281e-01,2.191506144651713117e-01,3.883787396874101572e-01,4.272179012084739158e-01,9.874704331827140191e-02,1.297826521346531758e-01,7.742129554779628164e-02,1.269988771806532801e-01,1.200486425021895787e-01,3.735771063422252403e-03,4.172906279132052032e-02,1.667317115856707388e-01
1.946296750554313282e-03,3.974409468706176229e-03,2.947582615537222006e-01,0.000000000000000000e+00,2.988267668859919679e-01,2.854318533204840413e-01,1.211330640491528055e-01,5.184343611934429941e-01,1.074502204163683416e-01,3.292930473757322840e-01,1.102250556775933310e-01,7.940078493369898127e-02,4.923369763518312126e-02,8.071302899158362687e-02,5.154368141911067625e-01,7.675291353845134501e-02,2.125114644702989497e-01,3.942944821801829675e-02,3.826840074959010352e-01,5.025132083093570845e-01,3.519511570725119554e-01,2.927693933113350022e-01,6.009560994133603673e-01,5.764229041583296409e-01,3.464571959717831218e-02,4.662205429242586852e-01,3.876861600900981530e-01,4.641512107332266268e-01,3.885662985027656391e-01,4.489336088800479629e-01,2.034565142014947425e-01,6.383361639718296843e-01,5.403900361479662129e-01,3.633426808674133923e-01,3.622142923377095203e-01,5.388656016088561040e-01,3.607091448456717364e-01,5.288859371382089725e-01,7.601025633042073348e-01,7.808550892333160354e-01,2.213479132818814143e-01,5.721170023087602807e-01,3.805158162550583700e-01,2.649483480876022590e-01,3.681982597512909461e-01,1.163011714371160743e-02,2.433194606205748567e-01,5.259968179658746079e-01,6.116453499218801326e-01,3.480385040813530617e-01,3.762004220826754564e-01,1.800691461123530845e-01,4.048460782817200343e-01,1.016562701324310175e-01,1.172945080339896778e-02,1.075118263839171251e-01,4.320717912749210687e-01,4.808345469962244101e-01,3.710614522475982335e-01,4.172928402920413893e-01,1.863981511739297714e-01,4.032486854499831574e-01,2.168363693247754576e-01,4.929317867973773137e-01,1.087805822698324487e-01,5.512544958038017029e-01,1.348227204553837932e-01,6.150542244126112612e-01,6.301714432521365872e-01,4.085193156713680107e-01,6.080087839448407028e-01,4.250221164759060422e-01,5.130497126636398564e-01,1.457480167428935602e-01,1.031317798230627081e-02,7.482942287779656976e-01
1.497719283946375435e-01,7.811057862738610136e-02,3.656551875783168315e-01,2.988267668859919679e-01,0.000000000000000000e+00,4.322859027317929592e-02,5.651412598863652104e-01,1.340541722271866576e-01,5.585426006293284784e-01,2.203266297055465617e-01,4.625886825408954683e-01,2.250060061267841749e-02,1.654649956691419399e-01,3.623206372349710436e-01,1.167245436257325630e-01,1.925456367201300867e-01,1.236219508455203564e-01,9.275513674618567073e-02,3.613516890276616267e-01,2.932325836323517732e-01,1.060658286147276586e-01,2.851773375163194624e-01,2.021963039364981507e-01,2.436853846830727977e-01,1.772216673371663775e-01,1.064890956090938090e-01,2.364776252487578723e-01,4.559692630523866641e-01,4.171763586675095725e-01,2.791765195830288038e-01,2.051548933735156122e-01,5.439409379705845843e-02,1.768862122634967116e-01,2.744969100135433715e-01,9.515737038569511974e-02,2.419761679077373495e-01,3.609525202654537690e-01,1.322254411992879186e-03,3.264590206919361359e-02,1.982299114033636289e-01,1.170262639220482626e-01,4.480542042573185807e-02,2.390954087701484543e-01,2.390235697015051786e-01,5.237217882727440710e-02,1.891159535383921675e-01,2.562671457189462099e-01,3.391728946064443417e-01,3.036412550298580593e-01,4.047212480578751270e-01,1.970223104905154121e-03,4.623399103311343628e-01,5.574748795042355765e-02,5.125564064951151355e-01,4.855748965943089690e-01,4.698997591993065437e-01,3.291820319853303034e-02,1.448345034218652960e-01,2.810034006445026877e-01,7.941864708833643038e-02,2.487384765740653925e-01,1.034267655735829211e-01,1.876229377809691123e-01,3.110879309368941303e-01,5.871008235669616937e-02,2.219845613808561768e-01,4.621431624007221184e-01,1.650799318423370465e-01,3.391080495329344968e-01,3.690122957371193557e-01,8.239806693773987778e-02,1.584687152526433052e-01,9.740434630785813064e-02,1.897599861699348633e-01,6.693225381522557860e-02,1.004167662091217869e-02
1.876202882745387490e-01,7.568117328958076095e-01,2.197677716365628031e-01,2.854318533204840413e-01,4.322859027317929592e-02,0.000000000000000000e+00,1.642356774286305998e-01,5.285779812872742900e-01,1.852584597801059663e-01,9.232857280340656114e-02,3.363244413535926292e-02,1.817404433817545184e-01,3.359260687054637096e-01,6.793353101889752776e-02,4.418264115543443782e-01,1.566122747493397527e-01,4.289006892899960288e-03,2.219107439434724327e-01,5.364143320256903325e-02,3.048377108148586090e-01,3.256239637453671176e-01,3.195483022675776885e-01,5.182249306005990430e-01,2.084109164824333726e-01,3.527071000920624089e-01,1.281811857232876273e-01,5.523498436982601234e-01,2.098850874612038786e-01,1.584926245599339034e-01,9.223823906338186884e-02,4.116898104347774812e-01,3.968175966987687597e-01,2.813559090651410743e-01,1.166788334534106519e-01,2.628521625055814659e-01,1.418940701448767050e-01,1.942214819859143515e-01,2.058880207010536367e-01,3.597593345360537431e-01,2.928978902331759171e-01,1.713834827024469931e-01,5.170133895879638342e-01,8.701154132500481253e-02,3.854021355431015011e-02,9.782319914785113368e-02,2.357602032886159660e-01,5.216144749793214519e-01,3.223198439212355271e-01,2.070096026354180108e-01,4.322713092914773902e-01,6.706688721546520959e-01,1.780302409581424050e-01,4.958441069815017754e-01,2.949356666056796028e-02,7.670363682028517871e-02,1.161018026021266303e-01,1.747198310996815329e-01,1.216852387837447091e-01,2.544619569671197623e-01,5.253232029871397479e-01,1.556149629906545262e-01,5.093864046038998339e-02,3.146439723792283094e-01,1.835449457436663101e-01,3.428479235631622379e-01,3.127939443257157781e-01,2.786124748287034381e-01,4.631642975207830304e-01,2.340485932425548365e-01,1.675292185450775739e-01,1.543734608522873142e-01,5.282392673769501501e-01,1.149171743530337103e-01,4.781968775764684765e-02,1.374170405337865608e-01,4.429254549692714926e-01
4.502246574859519734e-02,1.569509142058989892e-01,1.565143790289732217e-01,1.211330640491528055e-01,5.651412598863652104e-01,1.642356774286305998e-01,0.000000000000000000e+00,3.254828799922079852e-02,4.268023977741998709e-01,3.956187805759248111e-01,1.468947122627510815e-01,8.192736160340402529e-02,3.435976349036463651e-01,5.469346001405939184e-01,2.643065972329096680e-01,1.213714652489649160e-01,3.011653348192113722e-01,1.008345823610218295e-01,2.265086256393994968e-01,1.950937815831086664e-01,1.189606843393555546e-01,1.286331738298062133e-01,9.433914247970159872e-03,4.664250163920455883e-01,1.313638721987118174e-01,2.210570910878705275e-01,1.603418805583207707e-01,5.849200638204088420e-02,3.979621333110377468e-01,1.659775779295750708e-01,3.299116946171921083e-01,5.232196589192832786e-02,5.772073750619515636e-02,6.130429359327054240e-01,3.323189371173430606e-01,2.274950934836428296e-01,3.705759380885999543e-01,9.970645586362461565e-02,7.527572898696541226e-02,1.300076848272146424e-01,2.510818066613531019e-01,3.914397045513776097e-02,1.974218130099727464e-01,2.287000021779599934e-01,1.904797331744992328e-02,1.846532784982383713e-01,9.137115090203401513e-03,6.627668548364903933e-02,3.052618017562243602e-01,3.651959133520222833e-01,3.708126935969421889e-01,4.958057852196717241e-01,7.287850697347224294e-02,1.571361132559398466e-01,5.340867420445701841e-01,1.040066675584043199e-01,2.752020663091472863e-02,1.467345028747599200e-02,4.629298999592574293e-01,1.391325413419877699e-01,2.866788780825511584e-01,1.548652224713715775e-01,9.231118077048644510e-02,2.274907281860852615e-01,2.573317992896643758e-01,1.042973844712207498e-01,2.217811202171666163e-01,9.588404157734978228e-02,5.591344183758131248e-01,2.652965634501505132e-01,1.037868931546703788e-01,2.678379795183389867e-01,3.018347344479201944e-01,1.672095856754999277e-01,3.779611495824288236e-01,1.949083454551057970e-01
4.846386846820666117e-02,2.675620613274387050e-01,4.383527881717758645e-01,5.184343611934429941e-01,1.340541722271866576e-01,5.285779812872742900e-01,3.254828799922079852e-02,0.000000000000000000e+00,5.707712428615940858e-02,6.833224661935338728e-03,1.773284352152188492e-01,1.426985290619824376e-01,6.984634101035691600e-02,1.806673969756912856e-01,4.532326662264758999e-01,2.101883938294565324e-01,4.275937232126825194e-03,7.537851641735479613e-02,3.888667657451371773e-01,4.394830131184365718e-01,5.650018629595711106e-01,3.339679103644967451e-01,7.838598764950588382e-01,2.177046269679088208e-01,6.799366326536117333e-02,5.245148869851651297e-02,4.786482028459527194e-01,2.674835762959684171e-01,1.587733605727109920e-01,7.309136915784386623e-02,3.094659786053925443e-01,2.880794350606766252e-01,1.591269936508588057e-01,2.098912682260905549e-01,1.800486259987096882e-01,2.282180882241954256e-01,1.991290114706670833e-01,2.016688022678320424e-01,4.513919169643677565e-01,3.252610938906249638e-01,3.173789249347084840e-01,5.379237927826103771e-01,2.251481020897513063e-01,1.948805363266152835e-01,1.139076879656617386e-01,1.243617189791881850e-02,3.048063565729898228e-01,5.575646212827310988e-01,3.716940142403542535e-01,2.864739003787227789e-01,4.101424347295009598e-01,1.707378426853908837e-02,7.931712319845276582e-01,1.746193329807239070e-01,2.071219727975383562e-01,1.655705033689330863e-01,2.642324996926954661e-01,9.596723517416061444e-02,1.693307046882618350e-01,4.416854675304667799e-01,1.404352041777320592e-01,3.303833865464752551e-01,4.727992418003613140e-01,4.771050936979805424e-01,2.612111450199647300e-01,5.127532455939889378e-01,3.489045192959432384e-01,6.456091499964307090e-01,3.360951755619023817e-01,3.321585406922107353e-01,2.497344775549885376e-01,4.410152014095545248e-01,3.227199344817780480e-01,6.498159206248549369e-02,7.473045074262300858e-02,5.641432395325357563e-01
8.694674586209913403e-02,8.324844645409174015e-02,3.965620314413264569e-01,1.074502204163683416e-01,5.585426006293284784e-01,1.852584597801059663e-01,4.268023977741998709e-01,5.707712428615940858e-02,0.000000000000000000e+00,3.452101641950409694e-01,6.778393716465460628e-01,9.534173704026313589e-02,1.852009202242501096e-01,1.725589656062241906e-01,1.149740146667190821e-01,2.151985373542988633e-01,1.339206937685129273e-01,6.539091740466948521e-02,2.571543266731489696e-01,9.853145474167163131e-02,2.635961854025412054e-02,1.057556051869481539e-01,1.252321566526041208e-01,2.833322226336448812e-03,8.487936910729421136e-02,7.101997849825550380e-02,1.155532633173831369e-01,7.868148279097031406e-02,1.015461805144946827e-01,7.253666259819530060e-02,3.553730246016516547e-01,1.214920393026331646e-01,1.571862154038546344e-01,2.532339453863404199e-01,3.248421156889043093e-01,2.348442045183632143e-01,5.430568075818473228e-03,4.658356344485263811e-01,1.686594934140373259e-01,2.540539561915633460e-01,1.064276304688803187e-01,1.738893569980579645e-01,2.397064940649455411e-01,2.367325638695368939e-01,3.279019065521905363e-01,7.592555027835684589e-02,2.931253630345845296e-02,1.067857641529322832e-01,1.213115936935916378e-02,6.281794928851263116e-01,3.639524788545940859e-01,5.748453595599781751e-01,1.412811748613170271e-01,7.399803699184858141e-01,4.340002811245654568e-01,6.962353456091259218e-01,2.872734361001927916e-01,3.581475112653980108e-01,5.027063440014162277e-01,1.281999951778283187e-01,2.744363977568876622e-01,1.474382994815632841e-01,1.326331014982151946e-01,7.529301787438297255e-02,7.273713758440603083e-03,2.859762912126528889e-03,3.668943884867774674e-01,1.727129878822115105e-01,3.572902403535700711e-02,4.543858247574207310e-01,1.866720582140657669e-01,5.576310212761209639e-02,2.594423110670658339e-01,1.823081956243957635e-02,1.077320937413115826e-01,3.730533249243710436e-01
2.358011926828812999e-01,1.631676225753785070e-01,3.324342095207899472e-02,3.292930473757322840e-01,2.203266297055465617e-01,9.232857280340656114e-02,3.956187805759248111e-01,6.833224661935338728e-03,3.452101641950409694e-01,0.000000000000000000e+00,8.449964977033078140e-02,2.451060992561993612e-01,2.401867235358683961e-01,2.343155628662712542e-01,1.489393978377319960e-01,3.472676406954777750e-01,5.988864517106439189e-01,2.115791576919975325e-01,8.713911305401286778e-02,2.834340046465896878e-02,1.705276243961156013e-01,8.907440013427794789e-02,1.886107990191706607e-01,2.273072153281645857e-01,2.745493804461180964e-01,3.986909006032287595e-01,1.370033377030270283e-01,1.418944339558228795e-01,1.541960679260230838e-01,2.471659152549637306e-01,4.971927035415560914e-01,3.010503236499288970e-01,4.057227659008793008e-01,2.755372939279650546e-01,3.877371909595531685e-01,1.616411982040261153e-02,2.549689985997078412e-01,4.170321724880401426e-01,2.697846867356146205e-01,3.629347994011469236e-01,8.328112311566734927e-02,2.305182320031332333e-01,3.157748112969528398e-01,2.882142545294922309e-01,3.877609970330561096e-01,7.499273061845945776e-03,4.366353875261599904e-02,8.977615860423501792e-02,8.431666409912329241e-02,2.881121464139043686e-01,2.939050531403764599e-01,3.950932054345446254e-01,1.179089547235073199e-01,2.107821343786785984e-01,5.353385775543296754e-01,2.444164086860425023e-01,2.627686107506078672e-01,3.815632757325706503e-01,4.312120323906442620e-01,1.050710226104391576e-01,1.155649264998095116e-01,3.898853145892837158e-01,9.182456336740460467e-02,2.140034737190998904e-02,1.744184560419359542e-02,2.773151484902425246e-02,2.178901316354003859e-01,3.245965471162430838e-01,4.370425308379882745e-02,3.971139673909347967e-01,3.105314690021744317e-01,1.842135798421971615e-01,1.745294183104792729e-01,3.881956571701634939e-02,1.712562141781697189e-01,2.395157934959746271e-01
1.243312307856547505e-01,5.861537771846132838e-02,5.374787402705971662e-01,1.102250556775933310e-01,4.625886825408954683e-01,3.363244413535926292e-02,1.468947122627510815e-01,1.773284352152188492e-01,6.778393716465460628e-01,8.449964977033078140e-02,0.000000000000000000e+00,1.879678775180138872e-01,1.236177119392947998e-01,1.698126356790641001e-01,9.989476350712406250e-02,3.797084759418847821e-02,1.527836066521598424e-03,2.294910795783407231e-02,4.429813647275972488e-01,1.527957317586333130e-01,1.173037917647246076e-02,1.059876503188428298e-01,1.692889844161249990e-01,5.679290887714921049e-02,1.143641435493105013e-01,9.704319154730273178e-03,1.496825293525240186e-01,2.228112271647159359e-01,7.561345706052213789e-03,8.387655355613987673e-02,8.073753900104918557e-02,4.167245820982934390e-03,4.737730950671362185e-02,9.160153530445641623e-02,3.767674042350835362e-02,3.875662470598278952e-02,3.046556846011656827e-02,1.629261581738248310e-01,7.658186783185783053e-02,2.516912112167200150e-02,5.551658883440904746e-02,3.536708940680372004e-02,2.110607558272374895e-01,1.596067369853780005e-01,1.712109196877923956e-01,1.624331526965977490e-01,1.157468731382182148e-01,2.987632918334336973e-01,2.010776713483797828e-01,3.736205287295694677e-01,6.602776713876351566e-03,3.047060418484215938e-01,1.183881108102004531e-01,6.469064647544744417e-01,3.357330797936481925e-01,7.291169103688016628e-01,1.805996553368071356e-01,1.963613440205724814e-01,2.687234745632033905e-01,6.097238532164173108e-02,1.769143469907457356e-01,1.439157289284006547e-01,1.003103811229935222e-01,3.297136438219503973e-01,5.935276365242744823e-02,1.484024880728201934e-02,2.597909976812567967e-01,1.200642228148147139e-01,3.808998732212376392e-02,2.693685217895439576e-01,4.405784459367667605e-02,8.394349883868160167e-02,2.646760585592419779e-01,2.703742391919583196e-02,1.061815930713725653e-01,1.962866712668715485e-01
2.131706006505914575e-01,2.147156737751956257e-01,7.314542691031197807e-02,7.940078493369898127e-02,2.250060061267841749e-02,1.817404433817545184e-01,8.192736160340402529e-02,1.426985290619824376e-01,9.534173704026313589e-02,2.451060992561993612e-01,1.879678775180138872e-01,0.000000000000000000e+00,3.781689385424839012e-01,6.081147852947851873e-02,2.082378807765196682e-01,1.528899941538592877e-01,8.789238002915039649e-02,2.545151928125988228e-03,2.146820928683706997e-03,2.309098022512502124e-01,2.761871407926236310e-01,1.707998953050439694e-01,1.251232991519600213e-01,4.232178304918501888e-01,6.814655031785843420e-02,3.883543418714260342e-01,9.167267692997432826e-02,1.755834400609573853e-02,4.787249348332814902e-01,3.552222754529884563e-01,8.385618678564847606e-02,1.656731133963665892e-01,2.526939247325715732e-01,1.638213514354842359e-01,2.593574706207426583e-01,2.276176971345802991e-02,7.206435514771888928e-02,4.021357597559094277e-01,3.054582470436550956e-01,2.291555688379068312e-01,8.176407702998227112e-02,2.627908853866196548e-01,4.028487322164302498e-01,2.255097603140019946e-01,2.243489561372562502e-01,2.002214106220371881e-01,1.054792007217840166e-01,1.043262222462990607e-01,1.195484466675999918e-01,4.636289360693369999e-02,3.297467483334426408e-03,3.940570134493986965e-02,1.052044345647856760e-01,3.998468022471335370e-02,9.683388807444992530e-02,2.309136536741213663e-01,6.683506987189193893e-01,4.576168365031457186e-01,2.973196032071602768e-01,2.237742935000835431e-01,1.864073336541212655e-01,3.119057355381887886e-01,1.563268506425710691e-01,9.755138818061226402e-02,1.688705480784299939e-03,3.473258651640495076e-01,5.266400870303154791e-02,2.517690874948752544e-01,3.343870515277169719e-01,1.472847874221965558e-01,2.725846516735032643e-01,1.824093088850462785e-01,2.805492690675371326e-01,3.964028561530305028e-01,5.698794266347372017e-02,1.260486097640679537e-01
3.930466905579845238e-01,4.432682929684499951e-01,1.151665065478029160e-01,4.923369763518312126e-02,1.654649956691419399e-01,3.359260687054637096e-01,3.435976349036463651e-01,6.984634101035691600e-02,1.852009202242501096e-01,2.401867235358683961e-01,1.236177119392947998e-01,3.781689385424839012e-01,0.000000000000000000e+00,1.842499838758426267e-01,1.434258997884587383e-01,9.383180259736384476e-02,3.265864287174554126e-01,1.124831437701772074e-01,8.010740789317205568e-02,4.379332023518003880e-02,2.003814021742017226e-01,1.133912881278921203e-01,6.168023685525247934e-02,1.708902350487136457e-01,1.886185043869005873e-01,1.305089010522044179e-01,3.313467984968071489e-02,2.066064539644442144e-01,1.069739711417048711e-01,1.834115311790354974e-01,1.457975503737553580e-01,1.588694887738761885e-01,3.364938247459349219e-01,3.517218056303042517e-02,9.345675850889717529e-02,1.858464825910863816e-01,3.519601758216406306e-01,1.323016441942962695e-01,8.907403148695736128e-02,2.052188857850741066e-01,2.051268719100477200e-01,1.147360264616142933e-02,2.764348753431652983e-01,2.720251432433343219e-01,4.720979280680100143e-02,4.001568887569639243e-01,1.097244317796167434e-01,5.543025521800074018e-02,1.189178874199903202e-01,8.776316482703333532e-02,6.968942599057140197e-02,7.535175288438095142e-02,9.885447512548961591e-02,8.207275199811198130e-02,4.795684487132467200e-01,8.283627733288462247e-02,2.579677313541858807e-01,4.037879537569137867e-01,1.986855187171857884e-01,8.966918472017332276e-03,8.609766902730076055e-02,2.242167844654491815e-01,3.408621327409736557e-01,1.953840110003657315e-02,5.906351230400549990e-02,2.428808850614305737e-01,1.852399590639889904e-01,1.008225143587282158e-01,3.395282151212394850e-01,9.052330467976779649e-02,9.927630359856315367e-02,8.064963424490050048e-02,8.186488521644402772e-02,2.833458832440984287e-01,3.138945810786183260e-02,1.800248563519055711e-01
4.169797855900076594e-02,9.874320299841030102e-02,1.245972649543922867e-01,8.071302899158362687e-02,3.623206372349710436e-01,6.793353101889752776e-02,5.469346001405939184e-01,1.806673969756912856e-01,1.725589656062241906e-01,2.343155628662712542e-01,1.698126356790641001e-01,6.081147852947851873e-02,1.842499838758426267e-01,0.000000000000000000e+00,9.681393311438582505e-02,7.691495145023312385e-02,2.438962030089082134e-01,1.286988593786975166e-01,1.378550029560433043e-01,1.872906223318653585e-01,9.228250477851196454e-02,1.457972211502229776e-01,1.231777725108401667e-01,2.293414695880992282e-01,1.357020270215136548e-01,2.472759327250314554e-01,3.529508992518583244e-02,2.508627785980970248e-01,1.759617858647944677e-01,2.825534192186824334e-01,3.662124361333598532e-01,1.595260640969467514e-01,8.270154368426205216e-02,4.648283298167446009e-01,2.985917907795004322e-01,2.798481265517745453e-01,4.825094771051056108e-01,1.049312192232328550e-01,4.374421407085465202e-02,1.159760582984237093e-01,3.763587743897408577e-01,3.593114033361002879e-03,2.488523686353592279e-01,1.460047320851510233e-01,7.585084686313579849e-02,3.708445193114796173e-02,1.148858604920085513e-01,1.364401415909688997e-01,2.195152106972191874e-01,3.207597046815950925e-01,5.813512632050531898e-02,3.610708418146975074e-01,2.619995339394103340e-01,6.377686873991461614e-02,4.501886143935985851e-01,8.913391304814116678e-02,6.085267787401892059e-02,6.956223667414887513e-02,4.465084164733316707e-01,7.682647189792311815e-02,1.673902112431975286e-01,6.583605712441244207e-02,8.418204326950817773e-02,1.214864302598459705e-01,7.340593268136932914e-02,1.531987112980409682e-01,2.929067792854730401e-01,8.804634086597301623e-02,3.534438063415716869e-01,2.480180148264264361e-01,3.012721588523062377e-02,2.239038888700965735e-02,1.704252919861594662e-01,1.314900416997501764e-01,3.277200083032926758e-01,2.369196568127568958e-01
2.156298800604259380e-01,4.081793099404333325e-01,3.081654204128030372e-01,5.154368141911067625e-01,1.167245436257325630e-01,4.418264115543443782e-01,2.643065972329096680e-01,4.532326662264758999e-01,1.149740146667190821e-01,1.489393978377319960e-01,9.989476350712406250e-02,2.082378807765196682e-01,1.434258997884587383e-01,9.681393311438582505e-02,0.000000000000000000e+00,2.187342623952537313e-03,1.653239429689590256e-01,1.135297621665007639e-01,1.897276349373644977e-01,5.724766107137424509e-01,5.215862955999857054e-01,6.140990238488920339e-01,6.642439037648024680e-01,2.358166951520248023e-01,3.996806195778762616e-01,7.292162333599766511e-02,5.932663780079526772e-01,4.279333073754852945e-01,4.092445823613828915e-01,2.082175361750256970e-01,3.031516746191793565e-01,4.776058771039605744e-01,2.756568942398839872e-01,1.496951553795685536e-02,5.276357433870697555e-01,2.008404287211971173e-01,1.131830046477835111e-01,4.545322040081566373e-01,4.696851791228722761e-01,3.505913497133111290e-01,2.896034104247446339e-01,5.721157530891558540e-01,2.536977064366983670e-01,1.424110242755592670e-01,5.868718553971175034e-02,2.865682248973110413e-01,4.287778394536269633e-01,5.195019134883415157e-01,2.815636337201242734e-01,4.415422077840811532e-01,5.867558700577177877e-01,1.506542131792317496e-01,3.952529482403129846e-01,1.726333924563157596e-01,6.829707603559190265e-02,1.375262123810183368e-01,5.194072720418186906e-01,1.976856526765127520e-01,4.805189352712885276e-01,6.989817942850895527e-01,2.029475099432404006e-02,1.500702520863427258e-01,1.311138525338371719e-01,3.693406355546507980e-01,3.626276009387862098e-01,6.255093159578959394e-01,4.454525355690889254e-01,7.073989370196243076e-01,2.256339249403997438e-01,1.400520283531419552e-01,3.073846238141789700e-01,7.088384434497978503e-01,5.910543721830280317e-02,4.385246919520525144e-01,2.079948505452541563e-01,3.356364928267534520e-01
5.004671811136953696e-01,1.188003490042613408e-01,4.490505763898382241e-02,7.675291353845134501e-02,1.925456367201300867e-01,1.566122747493397527e-01,1.213714652489649160e-01,2.101883938294565324e-01,2.151985373542988633e-01,3.472676406954777750e-01,3.797084759418847821e-02,1.528899941538592877e-01,9.383180259736384476e-02,7.691495145023312385e-02,2.187342623952537313e-03,0.000000000000000000e+00,4.287246811026381166e-01,4.908869226090156745e-01,6.390450690488547192e-04,1.535401446330938724e-01,6.492405073213952660e-02,1.948135414889045625e-01,2.389921422632655390e-01,1.726363107649209194e-01,5.356354221590208242e-01,2.097528811132478577e-01,3.354772457435675759e-02,2.620190932701326747e-01,3.891633223318889945e-01,1.030054365458573373e-01,5.874548374466854739e-01,3.670890660079328266e-02,2.446628438494486135e-01,1.802288702874618176e-01,1.784124146954924883e-01,1.716115588260322677e-01,1.105767728620331430e-01,2.222375306478645840e-01,1.329937197008178307e-01,1.661600067167242345e-01,6.394364351149561809e-02,2.446208080104213950e-02,6.247270587396304420e-02,2.105593230683944495e-01,2.860989157250096726e-01,4.203306037332015799e-01,4.757477127777423598e-02,1.055945063340012480e-01,1.089628256924172339e-02,5.572791211979877257e-02,2.044989536128477836e-01,1.957796049497842195e-01,3.071193495535061713e-01,1.269778564210773397e-01,1.615397055495278733e-01,1.391064034217719403e-01,1.479252827673202819e-01,1.312062589638492982e-01,6.590838193511777687e-02,4.807596216395021438e-02,4.168237057690958314e-01,4.337020028696513818e-01,6.504880350204448325e-01,8.453914862933634145e-02,6.853668711174704109e-02,4.273811355086409858e-02,1.818717889682530398e-01,2.596775039346201908e-01,3.953549735431038936e-02,4.938167327275373442e-01,6.183901685592324560e-02,3.252574481704639808e-02,2.653878551573647382e-01,3.572772382836116867e-01,1.713836084889318323e-01,3.998418932916636415e-01
1.816448654466373824e-02,2.247778096751290033e-01,3.750308102928343046e-02,2.125114644702989497e-01,1.236219508455203564e-01,4.289006892899960288e-03,3.011653348192113722e-01,4.275937232126825194e-03,1.339206937685129273e-01,5.988864517106439189e-01,1.527836066521598424e-03,8.789238002915039649e-02,3.265864287174554126e-01,2.438962030089082134e-01,1.653239429689590256e-01,4.287246811026381166e-01,0.000000000000000000e+00,4.892365513892892870e-01,1.463839630382872958e-01,7.527301100274752521e-02,1.317413886508249921e-01,9.505670715853109520e-02,2.242825545617584126e-01,1.620418665122179136e-01,1.713045737254370593e-01,2.538334336357994103e-01,1.047325269759112054e-01,2.550705308139287197e-01,1.416904904098816032e-01,2.069369586941120498e-01,5.126707994016082015e-01,3.254177511390913824e-01,2.484442001657146959e-01,2.797522628369525366e-01,3.906831997310517557e-01,5.586182645962962934e-02,3.952378503235656204e-01,4.046205866365405468e-01,2.596619888505002360e-01,1.851440135393045416e-01,7.409320425957414968e-02,1.204780337953133135e-01,3.630297895975765909e-01,3.377578593861141898e-01,2.790694343699592905e-01,7.373631220799961583e-02,5.304056899863357488e-02,1.240084541694669307e-02,6.680812543346326127e-02,1.233642190164974672e-01,9.411551234813436695e-03,3.814544947022319721e-01,2.296637556301661665e-03,1.293826884554440670e-01,3.336414971602701396e-01,1.582848552910203210e-01,6.311811195676353403e-02,4.150508336103049811e-01,3.745705139349429502e-01,1.776490201820993264e-02,1.315424434253994745e-01,3.823076043256881107e-01,1.302220016285135784e-01,4.389728418060973025e-02,1.668319610003154985e-02,4.790701479955530862e-02,1.576173500949854533e-01,2.136208370387127631e-01,9.052633130771843561e-02,2.349907171994730093e-01,2.502188459703091894e-01,7.157330979604281662e-02,1.451797349668863257e-01,8.063463841618201400e-02,8.306126035278756092e-02,1.705759134851319303e-01
9.301242149449351349e-02,4.458289141916885190e-01,1.398235797819816217e-02,3.942944821801829675e-02,9.275513674618567073e-02,2.219107439434724327e-01,1.008345823610218295e-01,7.537851641735479613e-02,6.539091740466948521e-02,2.115791576919975325e-01,2.294910795783407231e-02,2.545151928125988228e-03,1.124831437701772074e-01,1.286988593786975166e-01,1.135297621665007639e-01,4.908869226090156745e-01,4.892365513892892870e-01,0.000000000000000000e+00,2.693156591137071953e-03,1.877114426569215511e-01,3.060840427526273499e-02,2.072914454369043646e-01,9.203169067400557291e-02,2.237056594640721707e-01,6.173923520834989631e-01,3.201610344328463253e-01,2.826638526086398540e-01,3.565204715843655059e-01,2.062782424789208757e-01,1.504494277839588390e-01,1.270891351090667476e-01,1.793917163913424928e-01,6.278589015155031094e-02,2.395916707997361450e-01,8.400611877542031591e-02,1.153426126451163741e-01,2.925526940857182678e-01,1.378376796569913965e-01,1.888874051207834748e-01,4.955012166010508423e-02,3.645521232468493245e-02,1.109561100023179758e-01,3.155653594469803869e-01,3.368812566609984405e-01,2.601242210146597067e-01,1.901983765299190832e-01,3.414166588110508771e-01,2.543413548477449493e-02,9.689954636842983138e-02,1.583686062729012800e-01,2.773731681314440256e-01,1.264895595164852726e-02,6.642576778961736816e-02,1.132187192654900698e-01,7.043340640133705088e-03,1.931648670223749809e-01,1.539892091022790899e-01,2.755851893288752130e-01,7.449839915757847097e-02,1.114681808580081646e-01,1.802241307019363248e-01,3.978832485704674182e-01,4.506995189590053408e-01,1.371947765789308105e-02,3.022914035957374734e-01,6.864327101226810890e-02,2.217879948725811345e-01,5.326031114905607766e-02,1.007699281117994117e-01,2.098639361954874882e-01,1.134227984765722175e-01,3.052683693527683539e-01,4.545163505991160480e-01,4.190576180446875521e-01,3.958707787848930737e-01,2.298646983732616778e-01
1.496726072298893151e-01,5.152942060800588808e-02,6.842276729780689681e-01,3.826840074959010352e-01,3.613516890276616267e-01,5.364143320256903325e-02,2.265086256393994968e-01,3.888667657451371773e-01,2.571543266731489696e-01,8.713911305401286778e-02,4.429813647275972488e-01,2.146820928683706997e-03,8.010740789317205568e-02,1.378550029560433043e-01,1.897276349373644977e-01,6.390450690488547192e-04,1.463839630382872958e-01,2.693156591137071953e-03,0.000000000000000000e+00,2.790490366297767033e-01,1.859683936889321154e-01,1.981711472273563479e-01,2.492834632876310685e-01,1.570149220777594390e-01,7.137237939956615762e-02,7.638379823977750616e-02,8.284326614713344306e-02,3.456406372554952089e-01,6.415898052218751979e-02,1.692688871829487463e-01,5.197533388212938199e-03,1.469256035668370375e-01,4.839537052035795817e-02,2.900359189689912798e-01,2.871683225480529955e-02,1.517341620268101154e-01,1.074423625407223970e-01,1.096902453226595714e-01,1.852373349441163164e-01,1.366682598928264936e-01,1.559343432915833161e-01,3.028087916865000451e-01,2.014704661768024208e-02,7.571969488159427386e-03,8.225359555712838389e-02,5.562590976850398383e-03,2.522479673005693646e-01,5.937056852916140492e-01,3.387058442046319007e-01,6.215573707083604793e-02,3.303764684419813191e-02,1.143250936206620938e-01,3.269824463879835719e-01,2.969275141098285387e-01,2.559073787786955156e-01,2.846608341328097369e-01,1.060228378495666479e-01,4.598170446511057330e-02,4.479979453758754782e-02,1.330016559081715344e-01,6.444628920807500549e-02,4.276410567423494236e-02,1.418001967371841088e-01,7.747333321646312498e-01,1.051300497198975892e-02,2.797650214754240361e-01,3.367441755364808942e-01,2.655122147243092479e-01,2.106659808760008024e-01,3.717603455694884484e-04,3.744273724519570079e-02,4.395793395522756830e-02,3.042351221716865783e-03,1.542005061534916510e-02,2.399093991890385857e-02,2.383555901123116660e-01
2.813865034209287463e-01,4.589023768147202920e-01,3.318983446258974013e-01,5.025132083093570845e-01,2.932325836323517732e-01,3.048377108148586090e-01,1.950937815831086664e-01,4.394830131184365718e-01,9.853145474167163131e-02,2.834340046465896878e-02,1.527957317586333130e-01,2.309098022512502124e-01,4.379332023518003880e-02,1.872906223318653585e-01,5.724766107137424509e-01,1.535401446330938724e-01,7.527301100274752521e-02,1.877114426569215511e-01,2.790490366297767033e-01,0.000000000000000000e+00,4.677048061996000872e-01,8.436378946902459708e-01,6.260327402623175885e-01,4.961635794828159196e-01,3.989232363933943315e-01,2.571668283831513024e-01,6.039205936828285770e-01,4.525095925411623532e-01,6.580077933437925575e-01,3.266254620360577454e-01,7.406644731176137419e-03,4.348747422678528318e-01,3.436645037362823785e-01,2.141022871849093123e-01,4.246821861133361353e-01,1.992294121420427888e-01,3.508871621764717563e-01,4.325875786421740088e-01,4.987956935254310165e-01,4.105684636166047063e-01,3.628946077510606938e-01,6.826579148519897888e-01,1.562985631018305732e-01,1.287738195209143788e-01,2.214063100447401788e-01,1.820081561324561892e-01,6.073351783302431972e-01,5.050245430215662967e-01,2.778204091294164679e-01,3.246370443472820222e-01,5.603492344014067150e-01,1.850333871647841244e-01,3.989732879762697415e-01,3.337332392096623579e-01,4.574658205364132701e-01,1.845579811310539553e-01,4.904728291594337986e-01,8.905133328676317905e-03,2.808123666202099189e-01,5.861633617458281709e-01,4.422988847895935605e-01,8.521245546336675414e-02,5.319907749986035883e-02,4.663746325129624615e-01,7.039293650064859520e-01,6.513700251106478989e-01,8.729184253172235231e-01,6.975099592228746204e-01,4.803624878082223826e-01,1.165032598215274828e-01,3.530909897511307349e-01,7.606795751422403828e-01,4.549490514505694083e-02,6.512211561405700788e-01,1.379160246390351008e-01,2.970748806713322532e-01
3.290768462134767147e-01,1.263261894925866158e-01,1.238692414701028366e-01,3.519511570725119554e-01,1.060658286147276586e-01,3.256239637453671176e-01,1.189606843393555546e-01,5.650018629595711106e-01,2.635961854025412054e-02,1.705276243961156013e-01,1.173037917647246076e-02,2.761871407926236310e-01,2.003814021742017226e-01,9.228250477851196454e-02,5.215862955999857054e-01,6.492405073213952660e-02,1.317413886508249921e-01,3.060840427526273499e-02,1.859683936889321154e-01,4.677048061996000872e-01,0.000000000000000000e+00,3.637575811044550522e-01,5.296619792732448762e-01,3.314861069197467813e-01,2.362219659416101292e-01,1.447723961564079120e-01,4.034819228429258331e-01,2.374241620824714127e-01,5.277259123419252296e-01,1.545209741189944863e-01,3.708437649784568357e-02,3.570940155001073868e-01,3.984857962323226643e-02,4.098960414190184753e-01,1.779787388008756133e-01,5.707325844197931597e-02,8.106140447654226755e-02,3.272002416107419043e-01,4.791443625592774480e-01,1.508294270861826603e-01,3.340478315184032265e-01,4.876549599913771460e-01,4.207307636480440705e-01,2.070075637418771486e-01,1.045934025117448707e-01,2.187965106800696113e-01,1.595498566334206947e-01,3.238243912959728465e-01,2.681461900353768746e-01,2.848135746435542792e-01,1.917140513164994620e-01,1.072494952033760662e-01,4.900530194100203851e-01,1.417762513916976386e-01,1.625500123253824092e-01,3.154376974886341500e-02,5.155136620751634702e-01,3.486033821688472312e-01,1.766840016067539876e-01,4.927084811330448844e-01,2.419077862820043223e-02,2.636838244480399496e-01,2.326853087934621644e-01,3.749753229501121554e-01,1.224201729789590465e-01,7.853068394801397956e-01,3.160337721709658432e-01,5.125921355079834374e-01,3.318930246946398821e-01,1.531823968680889880e-02,3.680116652154339918e-01,3.824613963231301428e-01,3.922191262802480760e-01,2.234564820478761593e-01,1.670747863301046965e-01,3.196207458123707656e-01
