0.000000000000000000e+00,1.324673047302687978e-01,2.369411779428358400e-01,1.475727177651436905e-01,1.202539513544075428e-01,6.473584861861603201e-02,1.010488533712657067e-01,6.024496995695602375e-02,4.357179399510541229e-02,1.830684104939694357e-01,2.868773056361544338e-01,2.613209905526260868e-01,1.086847442075356412e-01,2.834682929026606860e-02,8.989734531003623630e-02,1.255155972112179108e-01,4.649349260779811477e-03,3.511565467045621447e-02,2.926942221144469558e-01,6.487690329517237231e-03,6.414183553939830640e-01,1.560181640848322671e-01,1.247227669118829152e-01,3.974944463424334717e-02,1.676681168466426231e-01,1.519331335880383937e-01,6.467665253559246041e-02,2.074157604472828820e-02,1.540182388369231992e-01,3.905494437909364791e-01,2.688226013153960370e-02,1.479207450537713686e-01,1.671548611323740163e-01,1.959388907817896097e-01,6.697637723545322996e-02,2.571703076285715706e-01,1.945217490551653106e-01,1.291812327227160051e-01,7.683918287062807551e-02,1.729698399601578840e-01,2.796490495576557933e-01,8.577507818996063516e-02,1.164599346747133557e-01,6.412609300341909346e-02,4.997190552427782650e-02,6.962804612559613249e-01,1.620693920227905538e-01,8.626809096010670808e-02,5.456670303669992894e-02,7.088510635912214503e-03,1.725409057145870229e-01,1.239229815386053007e-01,7.053408913738995478e-02,1.061449514793735005e-01,7.042198211670480656e-02,1.231154324755281970e-02,1.787767437136336679e-01,1.520251777833414863e-01,1.526465362416729726e-02,9.545811226489991919e-02,1.079446394031589040e-01,1.344663995535536893e-01,1.098301947072493900e-01,2.351468100737629796e-01,2.047016089974960651e-01,6.516166912766827579e-01,4.122656327488710692e-02,7.174434991912612136e-02,5.477564058883382936e-02,2.759077244324061318e-01,3.300469302864112442e-01,2.319032295650264308e-01,1.796970136587525968e-01,2.735951828053108104e-01,3.308753190885345141e-01,6.973981742476931256e-03
1.324673047302687978e-01,0.000000000000000000e+00,1.455034249869913698e-01,1.762761967965379151e-01,5.900560398766965253e-01,2.177958630009447782e-01,6.204366751800111102e-01,6.338465221985972731e-02,4.059536856757492984e-01,2.479928703434922665e-01,1.920223163348183104e-01,1.971226517749525287e-01,3.472857390180680848e-01,2.288389604392230825e-01,1.595119402525621011e-01,1.927133764807257843e-01,4.392733096390999403e-02,1.202768383953983777e-01,2.093521622079833056e-02,1.835009118957546259e-01,2.542024514456525663e-01,1.525788044546287359e-01,1.817201579710148174e-01,1.407726245001499621e-01,4.380620765613379430e-01,8.023470909850923816e-01,4.574560355819212720e-03,1.970229983804845653e-01,2.049921274251658709e-01,3.337093598697079555e-01,8.457732332850714796e-03,2.399998010781150271e-01,1.662936743365881764e-01,1.124445925499278631e-01,1.604127784461186201e-01,1.255177828431300879e-01,1.747047023434165069e-01,1.427223008693193074e-01,5.877694852567657419e-02,1.864608518314273544e-01,2.283940352180262034e-01,6.282698504042116827e-03,1.265201998066474154e-01,2.306752078662775707e-01,1.061819085880834623e-01,4.570103046435772809e-01,4.524657333703806517e-01,1.138415993973172780e-01,1.335970722420972701e-01,6.010832850530856142e-01,1.495969200673133992e-01,3.311890923142402077e-01,1.303139314562218321e-03,5.238854474383052295e-01,1.092629245546077876e-01,6.892579791270182776e-02,2.884493793940434148e-01,2.680024898276026080e-01,5.993539218724817236e-02,4.331886692156435292e-01,1.432552559749607490e-01,5.286170541031887105e-02,2.350669949213881060e-01,3.079416649171528020e-01,4.773669975580184799e-01,3.880383014831665367e-01,4.182773965730297583e-01,4.483930761772068063e-01,1.313278877652138132e-02,2.441866452703626289e-01,3.922352373542432047e-01,5.591326933676714628e-01,2.349365761808012432e-01,5.061227294698214529e-02,3.205017100579528322e-02,1.300183362879785698e-01
2.369411779428358400e-01,1.455034249869913698e-01,0.000000000000000000e+00,3.242238264088147526e-01,4.536510487905029421e-01,3.149589213846389901e-01,1.600749841532181639e-01,1.200837632458658377e-01,5.455842717813175202e-01,1.516744028010324208e-01,7.533992298006438881e-01,1.373106808117194322e-01,8.468998708304814604e-02,1.716508726097160653e-01,7.079887608326018711e-01,3.874737995439271887e-01,4.650297323787605519e-02,2.063721392377614039e-01,8.175751857936545131e-01,4.302359748011560514e-01,3.038272746447409633e-01,3.701005857455313963e-01,1.524460972872244691e-01,2.742855106645338825e-01,7.725705347080355501e-02,1.723933467625617666e-01,5.500478002101942820e-01,3.833427588525608054e-01,4.485405508685783027e-02,1.706310677860759517e-01,3.066772618271836892e-01,1.894656686589973327e-01,3.370612438797977450e-01,1.464403099416252130e-01,1.896474690651610839e-01,1.349611847972795875e-01,1.160562980602853345e-01,2.914477557006520114e-02,6.342788403566224087e-03,5.182698111186696543e-01,4.987920810884845235e-03,2.075453969038118518e-01,2.598376856072360797e-01,1.725648227308717031e-01,4.360050626388739525e-02,4.459413153446561973e-01,3.381271833443265651e-01,8.724542983175493926e-01,2.172455836963644860e-01,2.905817015216515808e-01,1.397163697770451574e-01,1.024932456001936276e-01,8.244994434970093211e-02,5.311938754501837057e-01,2.819856926199613145e-01,8.584942120980169067e-01,1.574622545625250225e-01,2.153821641695284339e-01,1.913149489917764789e-02,6.764036972332676534e-01,2.366342612448505411e-01,4.103821691625336721e-01,9.213965093163759001e-03,8.424104003492463022e-01,6.689425436279301529e-01,2.815782679290242951e-01,5.986672420654993720e-01,4.377653624105082297e-01,3.630024880246519592e-01,1.976616148050203969e-01,1.949873122163252592e-01,6.876239584979503272e-01,5.526027959849744153e-03,2.900321125026292246e-01,2.785891133270099185e-01,1.818848320473778757e-02
1.475727177651436905e-01,1.762761967965379151e-01,3.242238264088147526e-01,0.000000000000000000e+00,8.447024993263299586e-02,9.962225757462240400e-03,3.942927659406101903e-01,1.100134990092148518e-01,6.295936691503720151e-02,3.930986743292080865e-01,2.836013445378570696e-01,3.928478768356776785e-01,2.102649035939682109e-01,3.047085122916435296e-01,3.651345817242837022e-01,1.184590778302029024e-01,2.843424690421679224e-01,2.933412264993285890e-01,2.219488134831173187e-01,8.457327187890702203e-02,9.775204444417384675e-02,9.640764272965833548e-02,3.547742135480846937e-02,1.403058232670996996e-01,1.840016357267356684e-01,9.184005018818057475e-02,9.130105726799797594e-02,2.389349357712731436e-01,1.309066792917109034e-01,5.214273592810123037e-02,5.846572649584924619e-01,1.203689438514355392e-01,1.906229175320762470e-01,1.446406924363858870e-01,6.122196861859215133e-02,4.118060283403379707e-02,1.827883624541909169e-01,7.997670115157191895e-02,6.113387554223773113e-02,3.760246700842242440e-01,3.171994849779007364e-01,3.796261541949069035e-02,4.775602224459265521e-01,1.823580418489623434e-01,1.160906215994627622e-01,1.426295155895034306e-01,2.770533986276022542e-01,2.497198213754689977e-01,3.768549929041831170e-01,9.251295437900106111e-02,2.851240922713445258e-02,3.670215793870544863e-01,1.140281935675692693e-01,5.913730901617007818e-02,4.288344003651050618e-01,2.999832414520529067e-01,2.871642938736008732e-01,3.001890438443258757e-01,1.420340036938390893e-01,3.657401624142590513e-01,1.710836264151474606e-01,3.752669814186445629e-01,9.892597886916625061e-02,3.487628453121295879e-01,2.460853375355863126e-01,8.178542789644195621e-02,1.634158867494373280e-01,1.747676462688002863e-01,1.741946741776362051e-01,1.523089414848069478e-02,1.591062295271274130e-01,3.041537111010280126e-01,3.842030171323725374e-01,4.014485354953907792e-01,2.072141469697302008e-01,1.231821622383653669e-01
1.202539513544075428e-01,5.900560398766965253e-01,4.536510487905029421e-01,8.447024993263299586e-02,0.000000000000000000e+00,2.492857251944837482e-01,5.487626226008454067e-01,1.200236541084928610e-02,7.159608296354788015e-01,2.421938327568995963e-01,5.823859708159305759e-01,1.031729306304779992e-01,4.645575722479097225e-01,2.871734750736817388e-01,2.082785272415358102e-01,2.671237896112899080e-01,4.312320274751804683e-02,1.601806203328393075e-02,4.412287752348402758e-01,3.388691397210104594e-01,5.350599692981025668e-02,7.715413500309947770e-02,1.172513138177239123e-02,4.134918664279835787e-01,5.400095519448326609e-02,3.312971889852078800e-01,4.894232422628464474e-01,4.563560092138893576e-01,3.517346080284740606e-01,2.096721460368209389e-01,2.565623400765057460e-01,4.190229451794776350e-01,4.781610913688932318e-01,7.418546306912146560e-02,1.507304556849177191e-01,3.286272163365475119e-02,1.104634918514383335e-01,4.897271421835205918e-02,5.038896593189384765e-02,2.122861126583957259e-01,3.904074764438809908e-02,3.439137430775973114e-01,8.192142258204473948e-02,3.232064823466317405e-01,2.262802131054358346e-01,1.932101331827361379e-01,1.194904926691357228e-01,4.373636317246917815e-01,3.339275124704421671e-02,7.565975146073304902e-01,1.137607579777996925e-01,2.658007963046365996e-01,1.358564527278955936e-01,6.934729633808318638e-01,2.395552337778382446e-01,6.263307956210202310e-01,1.607170444864809145e-01,1.366418406542793951e-01,5.472840395569411598e-02,6.470474422355967925e-02,2.217304302528338433e-01,1.992287500232834963e-01,2.896032023052400595e-01,1.546778469599420780e-01,1.935264429475999637e-02,3.842263127263703670e-02,7.254451239901305026e-02,9.429576528425331894e-02,3.689946804005781456e-01,6.172688349357247084e-03,2.580515665009188164e-01,1.002901280598282041e-01,1.693792322222051894e-01,3.056333036962891048e-01,2.016302131977722178e-01,9.996085881676043672e-02
6.473584861861603201e-02,2.177958630009447782e-01,3.149589213846389901e-01,9.962225757462240400e-03,2.492857251944837482e-01,0.000000000000000000e+00,2.826941171739854597e-01,4.611505415485357418e-01,3.785070261004442327e-01,2.707861054467690098e-01,2.745587424170486956e-01,3.799843112351227736e-01,4.005784958580231314e-01,1.638554791808914668e-02,2.641005698608360763e-01,2.858181699918970753e-01,3.828129571347667071e-01,1.661912913811800785e-01,2.546793415427887619e-01,3.641183407165042296e-01,6.309153003335860044e-02,1.174067994848114194e-01,4.240200837596668215e-01,1.451624408714970449e-01,3.554679920594781550e-01,2.957650998937649822e-01,6.253890474047694159e-01,5.199152426174326047e-01,5.821431535277634683e-01,1.189286233809550980e-01,3.615933049087291518e-03,2.336522759793798754e-01,1.437280114540326614e-01,2.690092004597004482e-01,1.467626688739863683e-01,2.543348038520744647e-01,9.120861927211190712e-02,1.792840334850884509e-01,7.423133680402999035e-02,1.778263169482682815e-02,3.069826353749639525e-01,3.267916274797105780e-02,1.063216954712429413e-01,4.078875455600110972e-02,1.549823126124554307e-01,1.241491902298713090e-01,1.677948866738135925e-01,4.013077403276464339e-01,7.951248645448870389e-02,2.810176857268478212e-01,4.626856208967694561e-01,2.163083840093280030e-01,2.797259757235598387e-01,3.081873150797593830e-01,2.177182719825777879e-02,3.743937662467665684e-01,2.752323151725998285e-01,1.984723333528126132e-01,9.648890357990337618e-02,3.505142957884228028e-01,2.261004688194252488e-01,6.419336250231710839e-02,2.790633878418546931e-01,2.299898255510537393e-01,3.815634592782465306e-01,6.361904585382238686e-02,4.215422333054997805e-01,3.211210816370951848e-01,1.086668819257818608e-01,1.199362160895293683e-01,1.840009537215068769e-01,4.342430700314223735e-01,6.000902019839658708e-02,1.719732851013607289e-01,2.033517131051386095e-01,3.980977360692285194e-02
1.010488533712657067e-01,6.204366751800111102e-01,1.600749841532181639e-01,3.942927659406101903e-01,5.487626226008454067e-01,2.826941171739854597e-01,0.000000000000000000e+00,6.369332521834539240e-02,6.553021656511701654e-01,2.718759908271262682e-01,1.604518719642470670e-01,8.686148084985959028e-02,6.690642751217522610e-01,4.013130198409318172e-01,2.777643427830201461e-01,4.055232283506682300e-03,4.923569085435699488e-01,3.487561003381531299e-01,5.605146707487579372e-02,3.484337291430020800e-01,1.050280015019032509e-01,5.549188474422928063e-02,1.800050153735127667e-02,3.767036289786287323e-02,1.081824540281632885e-01,2.605978914718904416e-01,3.572524540457551745e-01,4.935174666885799866e-01,5.982579975530788463e-01,1.213764020413351796e-01,2.929447451624160315e-01,2.567510487843685518e-01,2.196085003491828752e-02,1.083377922210047306e-01,1.232314283357003742e-01,2.927096755093474556e-01,3.085639760378171559e-01,2.183595395287433183e-01,1.047316674569688244e-01,4.235770004070368855e-01,3.305135606987906760e-01,4.503887150879821305e-02,3.887732339778469104e-01,1.008241472394375143e-01,3.757387697199263132e-01,5.443276173160475073e-01,5.842220972559872827e-01,9.308228189722791979e-02,2.144061241099155246e-01,7.071179345371019220e-01,2.400079920421989144e-01,6.564602491933426709e-01,4.865512691305072523e-02,5.791530557577000415e-01,2.792128874239251379e-01,1.867496525025878762e-01,4.248563854422904296e-04,5.964911162840397241e-01,8.392106846485403171e-02,4.452580463502962549e-01,2.336622612904636354e-01,3.586109152277134893e-01,4.777763760177581864e-01,3.019145740734952010e-01,2.908912584448515859e-01,9.824187445693244314e-02,3.267878124813698715e-02,3.479259910322517468e-01,1.314282509712497160e-01,1.901248964510481032e-01,5.528400333352194718e-01,2.952388543486144656e-01,4.200903010100544011e-01,1.102152031129597504e-01,2.072425462769383331e-01,2.277330419857023780e-02
6.024496995695602375e-02,6.338465221985972731e-02,1.200837632458658377e-01,1.100134990092148518e-01,1.200236541084928610e-02,4.611505415485357418e-01,6.369332521834539240e-02,0.000000000000000000e+00,3.480017295080722883e-02,4.779742128894565178e-03,4.533904425835161289e-02,4.748897160859856803e-01,4.111693992555798260e-02,1.730989260731810309e-01,8.022215893424414213e-02,1.472224848587584678e-01,8.884794326653561169e-02,3.047367146373491931e-02,9.829988618851426274e-03,1.123621200704624512e-01,2.218731835987726719e-01,1.320359659475187075e-02,6.689879976919483884e-01,3.705533327573239943e-01,2.142508038331077114e-02,1.129335531964652528e-01,9.612142521415303897e-02,1.260004523074798044e-02,1.955193035959601131e-02,9.680658205514747205e-02,9.944458688428761683e-02,8.843151337414430213e-03,2.355459575674428985e-03,1.916879372794155212e-01,1.266652269232618755e-01,8.157399410311533261e-02,1.073439683571295045e-02,2.793393744817257440e-01,7.446463773662587160e-02,2.032059421762660856e-02,1.423578510651368756e-01,6.348186165409239190e-02,9.980533316626405416e-02,1.173899813101464407e-01,2.423937859570502451e-01,1.138447859276880969e-01,9.094375093929474296e-02,5.825883682887733617e-02,4.794954373427319505e-02,9.745263266476948683e-02,1.819516530843591218e-01,1.027798592142105533e-01,7.403950709500192184e-01,2.013658846612381703e-02,1.238794301905153522e-01,1.620197918772037227e-02,3.484046529550109406e-01,1.137645807700830014e-01,1.184263106685099765e-01,3.541253388864487595e-02,3.457628244787880889e-01,1.493634554450726515e-01,2.291281147497558623e-01,5.044392512308368270e-02,3.153679735686371055e-02,1.363484450369215062e-01,2.978138713078282152e-02,2.192659530362386366e-01,1.258295692754705097e-01,6.705441251777241596e-02,5.130003428687165967e-02,8.765635898344334431e-02,1.382558130736034063e-01,3.461647066879376955e-01,1.937626720688577497e-01,3.157937428253597689e-01
4.357179399510541229e-02,4.059536856757492984e-01,5.455842717813175202e-01,6.295936691503720151e-02,7.159608296354788015e-01,3.785070261004442327e-01,6.553021656511701654e-01,3.480017295080722883e-02,0.000000000000000000e+00,1.873438805053402600e-01,6.633014191960551198e-01,1.640252955254123401e-01,5.909766211086929788e-01,2.152187602352702567e-01,2.740308706494411495e-01,3.131503070443547587e-01,2.924003291661524950e-01,5.058444484985116785e-02,6.369202235575646132e-01,6.651304998395293211e-01,4.374252717476564967e-02,2.536130866593157007e-01,5.152344538057918033e-02,1.943096714448575013e-01,1.555260642409162231e-01,1.549309314224708856e-01,7.452538582882820561e-01,6.873944547080786949e-01,5.732108308033130317e-01,1.920053242222518330e-01,4.052705786673749255e-02,4.918954369717802866e-01,1.662046018271551295e-01,2.856841524902286600e-01,1.250963959507793710e-01,1.598545048825417980e-01,2.618148060592714321e-01,3.173604362219790698e-01,2.090335911501721156e-01,1.055666129157398492e-01,3.995733071188295460e-01,6.871459813321928456e-02,9.939870208819889807e-02,5.677141661526344252e-03,3.156076229294204616e-01,2.006478286924747723e-01,3.063402491557730145e-01,6.990060694323956270e-01,5.742389763175851508e-02,8.309231172430664447e-01,1.122735321654653173e-01,5.972362517653679870e-01,9.146845817430865333e-02,8.716095402503872824e-01,1.257689252445559902e-01,6.586390390496402736e-01,8.258636242656461346e-02,4.671784696222254785e-01,1.362421788726837224e-01,1.921471159051326150e-01,3.354535950874321659e-01,1.027155857966199626e-01,3.748461647497957072e-01,3.209476489341569483e-01,3.445348175377658806e-01,8.886470920468819701e-02,4.830181727047195839e-01,2.245014880335627350e-02,8.737640176460380326e-02,8.472570562156037099e-02,3.385121860378464409e-01,2.463243654249051007e-01,4.283394092652679230e-01,1.016485295503884168e-01,3.656044164952789166e-01,5.486007095746534695e-02
1.830684104939694357e-01,2.479928703434922665e-01,1.516744028010324208e-01,3.930986743292080865e-01,2.421938327568995963e-01,2.707861054467690098e-01,2.718759908271262682e-01,4.779742128894565178e-03,1.873438805053402600e-01,0.000000000000000000e+00,1.759054422111454019e-01,6.260162175245163052e-01,3.324556108821677958e-01,5.387800570876159767e-02,1.278053693725214879e-01,8.805238883178512221e-02,6.028767650308476389e-01,2.942631169260909729e-01,2.302089523040638797e-02,2.944375390842814966e-01,1.543635783701113873e-02,1.586666395450916367e-01,1.045590295686178173e-01,2.021622080379093245e-01,4.096206154128306798e-02,3.943709515382363140e-01,2.241514368251415479e-01,4.480659245784676670e-01,3.742890060995308632e-01,2.126785728414436194e-02,6.297540060952666607e-01,6.111498214594749540e-02,3.643381342174105697e-01,1.074420664974303496e-01,2.963432192219247474e-01,6.517917209220409902e-02,8.368184347161256031e-02,1.780371882399788552e-01,1.599729140927351745e-01,5.591772324497085167e-01,3.385616770756777472e-01,8.617317308807824483e-02,4.118855223922454067e-01,4.945892712186529261e-01,3.791432769004428049e-01,3.023874458630365636e-02,5.652455923785792979e-02,1.986088391018892285e-01,2.463974449563996194e-01,1.737393580037743801e-01,3.729380041187514705e-02,5.882443262516485749e-01,5.580485044588021082e-02,8.135901765054540102e-02,7.975435446661047756e-01,4.424719345961780625e-03,5.255439181222923972e-01,4.682657285797330315e-01,1.120856343311902037e-01,7.270412058342470840e-02,8.628952862068506313e-02,6.082621179646383602e-01,1.654784887725386511e-01,3.674399430890792906e-02,1.996289120732304412e-01,2.364156274097288235e-01,2.906943485641694247e-01,1.224299852980798020e-01,2.576279616985529541e-01,8.245463351945350738e-02,3.992841468198210508e-02,1.121908790783265053e-01,3.679285204284734601e-01,3.196360751928626898e-01,9.545506478697403374e-02,1.136511236137390385e-01
2.868773056361544338e-01,1.920223163348183104e-01,7.533992298006438881e-01,2.836013445378570696e-01,5.823859708159305759e-01,2.745587424170486956e-01,1.604518719642470670e-01,4.533904425835161289e-02,6.633014191960551198e-01,1.759054422111454019e-01,0.000000000000000000e+00,9.548350672739419620e-02,2.570439768396088343e-01,9.521431941461326598e-02,4.471639639699771518e-01,3.799015725062817594e-01,5.443829921050087617e-02,1.975065689339567110e-01,7.743967334568890859e-01,4.133931634627746599e-01,4.900802188529433945e-01,1.592956724515773859e-01,1.570553697957000061e-02,4.000519949485845106e-01,2.544640337101831962e-02,1.124735148525142781e-01,5.287463759760480109e-01,3.434582460080822242e-01,1.273515218182587894e-01,1.175232655580825680e-01,4.527547423514112213e-01,4.878278933856651234e-01,4.431741313348896982e-01,2.542331728160053816e-01,3.156182490125282458e-02,5.742012696045575848e-02,1.802335183665669249e-01,2.669705586770502737e-01,1.720548685553193458e-01,3.880527062297802199e-01,2.100560866156294115e-01,1.673982583987269068e-01,2.737916945653321998e-01,2.652361992753019537e-01,2.436441348063853735e-02,2.345642955418123510e-01,7.570740732180505916e-02,7.209150366737860915e-01,3.915989705314292801e-01,4.594241174938975547e-01,1.193674579609002306e-01,7.791588506897589861e-02,1.169443316623342555e-01,6.188641304542513710e-01,2.523846874921310546e-01,8.318450656083292705e-01,6.992207171696018797e-03,1.270660600451277156e-01,3.786230869769113827e-02,3.283755123698036127e-01,2.610121483678132792e-01,3.146966013299456466e-01,1.617789217593151863e-02,6.176100856710247111e-01,4.186707586929991898e-01,4.192072047186902184e-01,3.872920472396357283e-01,9.778741173755667315e-02,4.439832411602942508e-01,2.101889617136822319e-01,7.279512291251039047e-02,4.122056072308418750e-01,2.674241936071239389e-02,9.512481662856517306e-02,1.118811294016262836e-01,1.121236141056629054e-01
2.613209905526260868e-01,1.971226517749525287e-01,1.373106808117194322e-01,3.928478768356776785e-01,1.031729306304779992e-01,3.799843112351227736e-01,8.686148084985959028e-02,4.748897160859856803e-01,1.640252955254123401e-01,6.260162175245163052e-01,9.548350672739419620e-02,0.000000000000000000e+00,3.477110988725917173e-01,1.281610101165912008e-01,1.223771690015247743e-01,2.350651287626930042e-02,3.364327583334089655e-01,1.697286839902085176e-01,1.722920168976470046e-01,3.709650486895895716e-01,5.871738476744081670e-02,2.236240748333341022e-01,4.037145725106460192e-01,4.094075966882336215e-01,4.245674369139973425e-02,3.985121948524047442e-01,2.379494943246957539e-01,4.216632919851178718e-01,1.658458691555255160e-01,2.498966252316216219e-02,3.777079189948909232e-01,1.315521269532049231e-01,3.129318034679980931e-01,3.003472144011726241e-03,8.691236355398656438e-03,1.632445475139427116e-01,2.003235503179775778e-01,4.711102935806155134e-02,3.021670734382995993e-02,2.672058289871308001e-01,1.699142334772526519e-01,7.925875193929524110e-02,3.304258881740536058e-01,3.086260713497488428e-01,4.835656193414263337e-01,2.337351717273020435e-01,6.453122767185195952e-02,2.929041360082790257e-01,4.194351395074447791e-02,2.428013010869700672e-03,5.554343868901179260e-02,2.403155908926309092e-01,4.655664168429953231e-01,2.495352136420286859e-02,5.265369319155155381e-01,1.370046430537884830e-01,8.560834834360778745e-01,2.259366765039213520e-01,5.061529772522975479e-02,2.053536304522832201e-01,2.281534542025779877e-01,2.976534320652041155e-01,1.611062402243087013e-02,1.919511824367478581e-01,2.765728709670011165e-01,2.839306874473508935e-01,2.982567736460296492e-01,3.266780310870824322e-01,2.448607632414858126e-01,1.050939826876256949e-01,1.493582156461398247e-01,1.348502950402855616e-01,3.061894214531792335e-01,3.981171442347022360e-01,7.103552782487759787e-02,6.620347796195810708e-02
1.086847442075356412e-01,3.472857390180680848e-01,8.468998708304814604e-02,2.102649035939682109e-01,4.645575722479097225e-01,4.005784958580231314e-01,6.690642751217522610e-01,4.111693992555798260e-02,5.909766211086929788e-01,3.324556108821677958e-01,2.570439768396088343e-01,3.477110988725917173e-01,0.000000000000000000e+00,2.351143084374206493e-01,3.839658364286752112e-02,7.955047153171856955e-03,4.781928108106388020e-01,2.764819239617425373e-01,2.712352408117186253e-01,4.250496719849874427e-01,1.820645639443642938e-01,1.731076664417471878e-01,4.772362269708038673e-02,2.147809135942460590e-02,1.851223538168245142e-01,2.004795730151938682e-01,4.018093177107047720e-01,6.940148910205756749e-01,4.497073079235373028e-01,2.857672692980104401e-01,1.972667303021330698e-01,2.299725005303184522e-01,1.546193819315457019e-02,2.017568860937150321e-01,2.013556240199132485e-01,9.534704016252365522e-02,8.483297780090914841e-02,1.312581704751696610e-01,2.027809380095571268e-01,2.171820724849867490e-01,3.030161118860246194e-01,3.723075935150291227e-02,2.505514680039501729e-01,1.911251302781051820e-01,3.736432079451522115e-01,2.523926249608011707e-01,2.737478143760933014e-01,3.774005037365542603e-01,3.221105244394162348e-02,5.202343957261713614e-01,1.480799185137628704e-01,5.066944466351508414e-01,1.606671894069325868e-01,3.908559662004276181e-01,3.496585993542067894e-01,2.941000818858660049e-01,2.455960505657293624e-01,5.871209251049205324e-01,2.245001357300843714e-01,8.442450385941968616e-02,1.134717881414472884e-01,4.455203123769667095e-01,3.569659980577783998e-01,4.603947187090690063e-02,2.211938262275758849e-02,5.425722260930068708e-02,9.699566266897971523e-02,4.517228444936902121e-02,5.823821252236211811e-03,6.744172377264642804e-02,1.799847434593757622e-01,6.230848634008860631e-02,4.672179163590812756e-01,8.100484440656152696e-02,3.035107622108992320e-01,1.675381695119371184e-01
2.834682929026606860e-02,2.288389604392230825e-01,1.716508726097160653e-01,3.047085122916435296e-01,2.871734750736817388e-01,1.638554791808914668e-02,4.013130198409318172e-01,1.730989260731810309e-01,2.152187602352702567e-01,5.387800570876159767e-02,9.521431941461326598e-02,1.281610101165912008e-01,2.351143084374206493e-01,0.000000000000000000e+00,1.794761362379205805e-01,3.035990869351530286e-01,4.903108930728497517e-03,2.900228286998733362e-01,6.340775622010103030e-02,1.236758605474630457e-01,8.931656543567932649e-02,1.321124970156909717e-01,2.075247592330439761e-01,1.036980237784871084e-01,1.789492260265004506e-02,1.771012843782793222e-01,4.602269061060304534e-02,8.304900715034468917e-02,4.802513538146686162e-02,1.647342547726278195e-01,9.786370334245630964e-02,1.501378370859349221e-01,2.207791760829253824e-01,1.008025022893309780e-01,3.213608521430526971e-02,1.862057720654934634e-01,3.013979158388538360e-02,2.680224464503417892e-01,1.682691310802920670e-01,3.003900640359165597e-01,1.049716638854140960e-01,2.247276620527388913e-01,4.940467245300749766e-01,1.016512029800822753e-01,2.191234358308540853e-01,1.773448563323497817e-01,4.600257316328346113e-01,1.169008294418793642e-01,3.956479924783704027e-02,8.843689784489869310e-02,1.140342277891107647e-01,1.393737462545880101e-01,2.413039418904824041e-01,1.142334992227136692e-01,9.695200605085488310e-02,1.061019143564951028e-01,3.733490935976181702e-02,2.035731474230311477e-01,4.156281132845708326e-01,2.046016444939971757e-01,7.919899532424584665e-02,9.344851196926148851e-02,1.264638779090830611e-02,2.124197006364763884e-01,2.685276648531259580e-01,1.506871541760413935e-01,1.254644615038076338e-01,1.311339582165818030e-01,7.280575834047869899e-02,2.261407342820963562e-01,2.915208096085492029e-01,2.342791284805761376e-01,2.339695126563943184e-01,1.321868582374699508e-01,1.182069151582008926e-01,2.555351101430632377e-01
8.989734531003623630e-02,1.595119402525621011e-01,7.079887608326018711e-01,3.651345817242837022e-01,2.082785272415358102e-01,2.641005698608360763e-01,2.777643427830201461e-01,8.022215893424414213e-02,2.740308706494411495e-01,1.278053693725214879e-01,4.471639639699771518e-01,1.223771690015247743e-01,3.839658364286752112e-02,1.794761362379205805e-01,0.000000000000000000e+00,2.347729861675559304e-01,7.863497163109953170e-02,1.073640767758459180e-01,4.660963485059888001e-01,5.897657621828031882e-01,1.283573411609525983e-01,6.241596439286685172e-01,1.795847271569271375e-01,2.864267273603131048e-01,3.685651883164070552e-02,7.781027520353298033e-02,5.603742875251593869e-01,2.970291207071663053e-01,1.781617010889191555e-01,2.929993610972784213e-01,1.909729685006543720e-01,4.139825417014782183e-02,2.297405592507626437e-01,8.089797229502654341e-02,6.682735858704652587e-02,1.475376156815124129e-01,8.295828845069631863e-02,3.123072502237009274e-02,1.628765219842877310e-02,3.562670673430199941e-01,9.858810561300725139e-02,1.487153734893890966e-02,2.176079166028952738e-01,1.085228865426040717e-01,6.347938051689604178e-02,1.712455913996800416e-01,1.837587599455602350e-01,6.195735429150793783e-01,3.726791557030452728e-01,1.098043460151532924e-01,6.934938393326550710e-02,1.368652490079459716e-01,5.121147931493053029e-02,2.739403372321014274e-01,1.823118414168442558e-01,6.470253177744689221e-01,1.298972033581866081e-01,2.494279874444803313e-01,1.856956301647026963e-01,7.407425838298508092e-01,1.116539981212744947e-01,3.185736220722718559e-01,6.308551830588038367e-02,6.509717958702607721e-01,6.618477949548585704e-01,8.159781094544582558e-02,6.722151542419002590e-01,4.317359463020316590e-01,3.382009353367838589e-01,9.975729575429648222e-02,1.927797158989698056e-01,6.630238548823516043e-01,1.281542439404947942e-02,3.944719537892429906e-01,2.902014659895131299e-01,1.733265088584773350e-02
1.255155972112179108e-01,1.927133764807257843e-01,3.874737995439271887e-01,1.184590778302029024e-01,2.671237896112899080e-01,2.858181699918970753e-01,4.055232283506682300e-03,1.472224848587584678e-01,3.131503070443547587e-01,8.805238883178512221e-02,3.799015725062817594e-01,2.350651287626930042e-02,7.955047153171856955e-03,3.035990869351530286e-01,2.347729861675559304e-01,0.000000000000000000e+00,7.399520442419271760e-02,6.596029191989911666e-01,2.764354893496418497e-01,6.749329975213219646e-02,5.992317528377477664e-02,3.780000744757406328e-01,7.645161153686826083e-02,3.427367420988304547e-02,4.131390483690955406e-02,5.957685657808103885e-02,3.190380197681478291e-01,3.205347115263097457e-01,2.986904014596638568e-01,3.334311997745045830e-01,3.650917681179279284e-01,1.387487541689478299e-01,2.544069759622917815e-01,4.215198489380843072e-01,1.279386082797021873e-01,7.278127787052385278e-02,2.254001982335638865e-01,3.094544048379862522e-01,2.254099489391478139e-01,9.450346762465214323e-02,2.957151871081589167e-01,9.911392466973659165e-03,2.612508051777600038e-01,2.259503324475373720e-01,2.159129210699937407e-01,7.399423561641399472e-02,1.245225193402310637e-03,3.834567311347194529e-01,7.973533592953267746e-03,5.174209701094876213e-01,2.283167368535037600e-01,1.437178451392782386e-01,5.426268161316851954e-03,4.215551987148616897e-01,5.684264205064029629e-02,3.717698291552085088e-01,7.926683296482353591e-02,4.454442859215348993e-02,2.484818883049836336e-01,2.145501781076519232e-01,1.930132997223176217e-01,2.916864096184773603e-02,2.223384884595175914e-01,2.313996093256316111e-01,2.435028978903704400e-01,2.779043142223819318e-02,1.754644480651184613e-01,1.578257931690652538e-01,1.119372285034399006e-01,3.408193984527997378e-01,1.030078289286287252e-01,2.728699702932745885e-01,2.161285299452991859e-02,1.170227093037670141e-01,3.413660579703049480e-01,1.079835651719617817e-01
4.649349260779811477e-03,4.392733096390999403e-02,4.650297323787605519e-02,2.843424690421679224e-01,4.312320274751804683e-02,3.828129571347667071e-01,4.923569085435699488e-01,8.884794326653561169e-02,2.924003291661524950e-01,6.028767650308476389e-01,5.443829921050087617e-02,3.364327583334089655e-01,4.781928108106388020e-01,4.903108930728497517e-03,7.863497163109953170e-02,7.399520442419271760e-02,0.000000000000000000e+00,4.496097759920138492e-01,1.192945995109528923e-02,3.424223716008016338e-01,1.107213812198956926e-01,1.189537593379092484e-01,1.457274376043004582e-01,1.964208180314015451e-01,3.354705396825862218e-01,2.370635224957317599e-01,2.888564133490224561e-01,6.400879257352376506e-01,6.603528903503796954e-01,2.250056183396673681e-01,6.292384263622279317e-01,6.027356284329937058e-02,4.920922532816368600e-02,9.426946677568712185e-02,6.024255106895923251e-02,3.719908209023533030e-01,3.481508323341928057e-02,2.347819682193583168e-02,7.614448389559234920e-02,3.431237297894376703e-01,1.578532212306589522e-01,9.383224776935709943e-02,1.821046081014217610e-01,1.620564571205300730e-01,4.047906187672786205e-01,1.334353424633687446e-01,1.587143861710905990e-01,1.467229485775395359e-01,1.934980893494440135e-01,2.674955309912397938e-01,1.741751885016049328e-01,5.131136826457284306e-01,8.551839900344568313e-02,2.659381174069259113e-01,3.725302912642666775e-01,1.100495565974883433e-01,1.469626939356717954e-01,3.688816000824030050e-01,1.396164414221714722e-01,4.782991454251192542e-02,2.038468072496215922e-01,5.097671817503632852e-01,4.698335791149063079e-01,9.095895858881802853e-02,1.261702196954538890e-01,9.329803156656105156e-02,2.096099519573670356e-01,6.304334524049606814e-02,2.412670571225402627e-01,1.259531602357681357e-01,2.029473737163920988e-01,6.415251809618240098e-02,3.856239603499238555e-01,1.167643817774471765e-01,7.785429352784518919e-02,1.805521968664569599e-01
3.511565467045621447e-02,1.202768383953983777e-01,2.063721392377614039e-01,2.933412264993285890e-01,1.601806203328393075e-02,1.661912913811800785e-01,3.487561003381531299e-01,3.047367146373491931e-02,5.058444484985116785e-02,2.942631169260909729e-01,1.975065689339567110e-01,1.697286839902085176e-01,2.764819239617425373e-01,2.900228286998733362e-01,1.073640767758459180e-01,6.596029191989911666e-01,4.496097759920138492e-01,0.000000000000000000e+00,1.183733065434863507e-01,2.789510617976277418e-01,1.433829686230920497e-01,4.440253318224445800e-01,6.485750382562549543e-03,5.746240217264955707e-02,2.781269220211365911e-01,1.288492024976904959e-01,6.603830320313530677e-02,9.225271824483141647e-02,2.129829668079473437e-01,6.612849561665440357e-03,4.823480252663939760e-01,7.533076887488178441e-02,1.243281279240888992e-01,2.099771790129700555e-01,1.008937362764455864e-01,1.429167239927982003e-01,2.254096349949870626e-01,1.753282313372316326e-01,1.661147027704592272e-01,2.453930725045848915e-01,2.427467449912931730e-02,1.472530387497401894e-02,3.393283955973049881e-01,1.953889800616734340e-01,4.225152092856387931e-01,9.726076525394783401e-02,2.183658843117610715e-01,1.510621452096204687e-01,2.208425376904375736e-01,1.490286373471956805e-01,3.542920823250145235e-02,1.869306048305174883e-01,1.174028758723860699e-01,1.046959300191996622e-01,1.774939547892765979e-01,1.419913034753160219e-01,3.186823660772453159e-02,1.206055394851107687e-01,8.082833555035376372e-02,1.022314209209746749e-01,5.113124301391525073e-02,1.955450927780429393e-01,2.090224440170654896e-01,1.251805127311072796e-01,8.918293909094560101e-02,5.367282843091536471e-02,1.790279453045884317e-03,9.556993500182449364e-02,2.854466218456033766e-02,4.129803856385905747e-01,1.364612431531027625e-01,4.907411566676700421e-02,1.966298175425292283e-01,1.034919629407732300e-02,2.572467384743668539e-01,1.826416957627690074e-01
2.926942221144469558e-01,2.093521622079833056e-02,8.175751857936545131e-01,2.219488134831173187e-01,4.412287752348402758e-01,2.546793415427887619e-01,5.605146707487579372e-02,9.829988618851426274e-03,6.369202235575646132e-01,2.302089523040638797e-02,7.743967334568890859e-01,1.722920168976470046e-01,2.712352408117186253e-01,6.340775622010103030e-02,4.660963485059888001e-01,2.764354893496418497e-01,1.192945995109528923e-02,1.183733065434863507e-01,0.000000000000000000e+00,4.902830061686156427e-01,3.365416945191344045e-01,3.207585384640708748e-01,4.810328553548626207e-02,2.362693469947931002e-01,1.126191718119249341e-01,6.599515694338262128e-02,5.388929830117707986e-01,4.118046376331024883e-01,8.054771287215509168e-02,5.725054284570904595e-02,2.309728565584697746e-01,4.046586635205207116e-01,2.748976621726169078e-01,3.316189711852759459e-01,6.317797130175333009e-02,1.089953652218698665e-01,3.704697184168902896e-02,3.230128681568676385e-01,2.616164212208534900e-01,3.154194094925066860e-01,2.219234120558868650e-01,8.781996147147780318e-03,7.028460735289546180e-02,2.587476440886869733e-02,4.825210167739675537e-02,3.577816206464544124e-01,1.907941290657176603e-01,8.483652353195795248e-01,1.828265091592388980e-01,3.454591203194038451e-01,2.134637350833142599e-01,9.813391926182640779e-02,1.325511040090021075e-01,5.421128225298532666e-01,6.559116883227392170e-02,7.315619882133308494e-01,1.101157943594156807e-01,5.238942669523016793e-03,1.096540797693568714e-01,4.596335192365482714e-01,1.475703518216431309e-01,1.653643184592016868e-01,7.231607055414115970e-02,8.122502375439565325e-01,5.335937508640528071e-01,4.369125312213187895e-01,4.877379981447833024e-01,1.701887992630826130e-01,2.750654248827465453e-01,2.373450658284589898e-01,1.142652980323868861e-01,4.873287923236880315e-01,1.223577637946607344e-01,4.202678974977840098e-02,2.953507623365895229e-01,2.692418610693554648e-02
6.487690329517237231e-03,1.835009118957546259e-01,4.302359748011560514e-01,8.457327187890702203e-02,3.388691397210104594e-01,3.641183407165042296e-01,3.484337291430020800e-01,1.123621200704624512e-01,6.651304998395293211e-01,2.944375390842814966e-01,4.133931634627746599e-01,3.709650486895895716e-01,4.250496719849874427e-01,1.236758605474630457e-01,5.897657621828031882e-01,6.749329975213219646e-02,3.424223716008016338e-01,2.789510617976277418e-01,4.902830061686156427e-01,0.000000000000000000e+00,2.004570255931557299e-01,7.464540803326243923e-01,1.058251788506376356e-01,1.639768247175498184e-01,4.226907841852201031e-04,2.967134042413127615e-02,7.685474188163747833e-01,5.777909464367030345e-01,5.564153032615999361e-01,1.994361709299036778e-01,2.459185719632132061e-01,2.147934118439060180e-01,2.512699181356617406e-02,1.813789732840219160e-01,1.119449212953819994e-01,8.490304171136479894e-02,1.149370616830429626e-01,2.409963648104303802e-01,1.481143129896705934e-01,2.375192117803590630e-01,2.656321122563576331e-01,6.486128101727717254e-03,1.274887437551050218e-01,8.177104771356635826e-03,4.612316709042351137e-01,1.833063027036236914e-01,4.440365973814436873e-01,5.623835438101416617e-01,9.848973756108539424e-02,4.579931017237196533e-01,1.153723464069675853e-01,4.607886387045712073e-01,6.967916665058659920e-02,6.387560036592586643e-01,2.381073093377398808e-01,4.792971728710586632e-01,2.263136936533061139e-01,3.211582180824371635e-01,1.352712555977772513e-01,4.424912735938185127e-01,2.443162357150867603e-01,1.392569450934268704e-01,4.056482659653944944e-01,3.971575862668574319e-01,5.774519352922046211e-01,5.620942686880708861e-02,7.383786705054051769e-01,1.080256434279440736e-01,6.000437348520315517e-02,1.496439891230209873e-01,2.738190175751709643e-01,4.026854486565186186e-01,4.417107175426132071e-01,1.896718344280968749e-01,2.595963328636049505e-01,1.147898652093135019e-02
6.414183553939830640e-01,2.542024514456525663e-01,3.038272746447409633e-01,9.775204444417384675e-02,5.350599692981025668e-02,6.309153003335860044e-02,1.050280015019032509e-01,2.218731835987726719e-01,4.374252717476564967e-02,1.543635783701113873e-02,4.900802188529433945e-01,5.871738476744081670e-02,1.820645639443642938e-01,8.931656543567932649e-02,1.283573411609525983e-01,5.992317528377477664e-02,1.107213812198956926e-01,1.433829686230920497e-01,3.365416945191344045e-01,2.004570255931557299e-01,0.000000000000000000e+00,2.097037972470817691e-01,1.570238618384586227e-01,3.582188401464703187e-02,8.086631087071849411e-02,1.906854188992773702e-01,1.957140137861373974e-02,1.224039451209798235e-01,2.842859076375512939e-01,3.757587369623280882e-01,2.320105850229240430e-01,1.512422899211888494e-01,2.586474100074587223e-01,2.447526116849668698e-02,1.703560629830189466e-01,1.586824596717377467e-02,4.282284796875511501e-02,1.398603387436199719e-01,4.394770654039956842e-02,3.786180738654386091e-01,1.105336747733062785e-02,1.781420534222726837e-01,3.456986739124139341e-01,1.460520078312724790e-01,1.903154887877948898e-01,5.842423489057272379e-01,3.199711191096868412e-01,1.640177577244019413e-01,1.650249766779317007e-01,7.053326773074021505e-02,2.178704061990754115e-01,3.823269171996587779e-02,3.366321810133544035e-01,1.220476413575041497e-01,5.547891409920785444e-02,2.895368643382951190e-01,5.157012843704185390e-02,1.675428524790403551e-01,1.133798654552509722e-01,7.823725807372683416e-02,3.490498919081986839e-01,1.979016851490507378e-01,7.198977314650201187e-02,2.541935324128455909e-01,2.403753168383840344e-01,7.902738713668834292e-01,1.140715592634511388e-02,1.369962517074313491e-02,9.711388576039942100e-02,2.074485204014312467e-01,2.618620712478321733e-01,3.117580023401918532e-01,2.430115434788372997e-01,6.779359115658800672e-03,1.626742202159370820e-01,2.004098972825595071e-01
