0.000000000000000000e+00,4.611863355243888685e-01,2.566090505684274214e-01,7.029101949172913977e-02,2.105833849122120682e-01,5.261473874907565129e-01,3.338003962073711195e-01,4.178724872087776765e-01,2.214668850375759446e-01,4.812793468385208606e-01,2.946716131589970922e-01,4.184408023641120189e-01,2.716561635453764723e-01,1.927579864062411441e-01,5.785185067802518510e-01,6.318021734036214365e-01,4.335010655770277221e-01,5.078096109873376784e-01,1.669849440948471819e-01,6.171540022753001509e-01,7.160636351280439404e-01,6.621792164146589332e-01,4.390437406403111531e-01,7.260297746519746021e-01,4.755617537886782098e-01,6.091757442362020214e-01,4.886823699621547501e-01,3.776801724788264591e-01,6.549482398288932750e-01,4.227900077356927522e-01,3.996372474658778651e-01,3.926887939086015633e-02,3.837054193591540874e-01,1.917700949856838422e-01,1.700090746223066329e-01,1.624578324260736450e-01,3.838542965351548347e-02,1.472802468677590348e-01,4.897341042181879711e-02,3.123080577775361744e-01,1.439408532280795350e-01,3.154493631797576358e-01,2.695814522695329507e-01,9.126067690299896618e-02,2.709513142678425246e-01,8.318576440961618079e-01,4.385223354762464165e-01,3.656947915408920169e-01,2.027007026427574132e-01,1.828895705770217650e-01,3.436383258459596024e-01,1.870764578928122424e-01,2.956301056180753450e-01,1.547033255635832660e-01,3.101215173327532271e-01,1.190767605561775799e-01,3.322538861634160012e-01,2.986940173368791140e-01,1.235688248472226469e-01,6.243646931617677920e-01,5.807678796689723644e-01,3.741236096288367285e-01,4.517891708218798041e-01,2.034099702958730438e-01,6.026543856947735867e-01,6.817838117222725369e-01,5.814657055258976026e-01,4.305767194188814262e-01,6.182621566056045737e-01,5.092697324276848070e-01,5.358341284660728121e-01,3.589319263677065441e-01,3.463127558007568774e-01,5.526202665277590853e-01,3.097274283102522396e-01,5.494294800951513569e-01
4.611863355243888685e-01,0.000000000000000000e+00,4.393561749982478615e-01,9.538295449112536850e-02,2.901585035019874637e-01,8.678493988283741967e-01,5.580715448218747099e-01,5.953932249996463089e-01,4.738472095458968747e-01,8.346575506863775917e-01,3.580673748066434681e-01,5.707610163667642400e-01,5.816345190255585162e-01,3.765403555188402696e-03,3.926020475495446971e-01,6.968291598877156545e-01,8.358606816929030625e-01,7.703764316301989767e-01,3.630624038788782260e-01,7.432318492589865544e-01,6.808216761531590278e-01,7.475161005073507337e-01,5.766493030856804092e-01,4.427074674738509241e-01,9.652581021375417070e-01,9.328762129273294734e-01,8.636277108209942099e-01,3.744911916375153194e-01,8.513553266411977294e-01,1.351635722761627620e-02,3.039630992098002471e-01,1.355377040246694420e-01,5.299729175038923046e-01,1.400510319241100032e-01,1.947733360360462962e-01,2.417738590587171776e-01,7.956383517761031129e-03,2.914901561156824639e-01,1.138999341641159513e-01,5.110984311346564724e-01,3.628100159572822392e-02,4.980791143731331805e-01,1.916035057201800063e-01,7.013303138691867611e-02,3.590469831250257537e-01,4.698639743464666507e-01,9.563441637487060110e-01,3.836681836875865947e-01,2.218859672543453398e-01,2.666861575897028769e-01,7.078140323111971055e-01,3.220428257135888872e-01,4.440724392830042166e-01,3.727466125821646270e-01,6.765733085640157629e-01,1.437626602915109686e-01,4.356358275079567077e-01,6.146456073717796453e-01,5.979303034332825867e-02,4.033583212482106939e-01,6.989579754876507067e-01,7.300380343421475349e-01,8.148995804160082956e-01,2.376240501371572889e-01,7.129319824890278934e-01,4.807960337222933478e-01,8.408276963059775344e-01,4.326977515341221547e-01,3.881431084834935930e-01,9.831841669682195306e-01,8.558692808854244660e-01,7.559131264239513648e-01,3.953934911273951913e-01,6.163933802288430464e-01,1.177833020939852843e-01,2.938585911481733648e-01
2.566090505684274214e-01,4.393561749982478615e-01,0.000000000000000000e+00,2.812463134166682394e-03,6.265598658805409116e-01,4.084610678060326960e-01,4.134001033449060669e-01,7.061515040945494093e-01,7.203619861947763159e-01,5.166183878841751342e-01,9.734407037199724888e-01,5.219150219175761052e-01,1.979332403909748739e-01,1.738302190049292872e-01,4.410135047736943870e-01,3.032872104728414064e-01,4.356019471172211666e-01,3.352097007890324498e-01,8.049060904902315405e-01,5.451852433171555656e-01,3.312315876231358702e-01,5.090105711555972245e-01,7.993938548223022966e-01,4.880625955233260926e-01,5.515586782352381867e-01,6.122364187848327033e-01,5.480890319256535026e-01,1.119593461192282535e-01,2.219891269360996788e-01,1.897293364983448916e-01,1.007728584110340331e-01,5.354408150717610004e-02,9.825123729066906342e-02,1.634794243509397338e-01,1.666274057676195575e-01,1.701241681325406097e-01,3.128590518231919720e-02,3.011825324920945346e-01,1.341500375150433966e-03,1.174978059674986336e-01,2.464526737601479001e-01,3.576050549447652438e-01,2.563252192594661638e-01,1.146640562873803559e-01,1.894293202689948108e-01,1.829721391862401403e-01,5.885262730711868784e-01,1.000000000000000000e+00,5.827801438733568040e-02,2.367038936386914871e-01,2.734847064733130773e-01,3.328440470067344781e-01,5.852355322395119686e-01,6.955155946781637066e-01,4.268323951226370427e-01,8.485115666972884441e-01,4.197703601015453367e-01,3.285934205401059294e-01,2.211385360008530643e-01,4.188035771693934262e-01,3.983071108770031010e-01,3.833049125658302692e-01,4.455339260693194636e-01,7.987155461446900917e-01,4.647580425150660832e-01,3.969963233433875249e-01,6.177236364307119310e-01,6.723615965577941500e-01,3.446297712244730249e-01,5.465066642679189401e-01,6.743105991516112896e-01,5.148843538110027263e-01,2.414583975058845755e-01,2.483136491577534466e-01,9.519223474204949187e-02,1.485902816559756257e-01
7.029101949172913977e-02,9.538295449112536850e-02,2.812463134166682394e-03,0.000000000000000000e+00,9.305889798327135476e-02,1.105319712305117275e-01,6.463197427919475935e-02,6.284081698913535075e-02,1.714117837662403748e-02,3.816704138184663642e-02,6.087142566155442219e-03,1.067901612339646061e-01,1.007076838266975360e-01,5.490669124309441318e-02,1.864695391666889579e-01,4.231170483734131987e-02,5.336604128222329629e-02,5.169993082423604731e-03,1.173229982690066897e-01,1.275351399253116802e-01,1.392182919236389926e-01,9.321674934439182214e-02,1.136371417474786594e-01,1.836843362577252892e-01,7.623583295432768969e-02,2.753024586406898830e-02,1.432555205769909523e-01,1.338854138569071373e-01,1.027913725186241495e-01,1.042624775993827579e-01,1.043837469146138008e-01,1.149325101819965306e-02,1.514402425745512704e-01,1.410462352412580889e-01,1.401024338141007575e-01,3.658464442800545280e-01,2.870596661714620579e-01,1.011105916896304635e-01,7.282431908261415010e-02,1.898593032593264285e-01,2.107846285040707035e-02,8.889947557653622712e-02,2.316646900922339491e-02,3.085668235551820016e-01,6.557900305923732021e-02,5.149456791601306205e-02,8.375211306859810245e-02,8.209352692440427535e-02,3.400157223885912350e-01,5.910825178423177728e-02,1.779726433534287167e-01,4.780792501704229924e-02,5.859007290688680869e-02,4.916248614861468136e-02,5.080719403274085166e-03,5.066839407419087421e-02,1.997808741171958336e-01,1.510041636961361178e-01,5.704762507408273065e-02,1.982241648241830356e-01,9.712668130116808296e-02,5.264570357326340405e-02,1.244941124143496280e-02,1.299881568347774630e-01,1.928281230396346746e-01,9.177785091480927804e-04,1.498158385094787715e-01,1.590812744383028055e-01,1.463862331506737557e-01,7.672384965828706049e-02,9.056942419664958110e-02,1.060086211229563924e-01,1.323943196333546291e-01,6.647568515665054634e-02,1.029742525989702645e-01,1.548548770135563801e-01
2.105833849122120682e-01,2.901585035019874637e-01,6.265598658805409116e-01,9.305889798327135476e-02,0.000000000000000000e+00,3.226311844086290348e-01,6.843543939054254066e-01,3.058420609551961711e-01,8.150540556440561968e-01,5.542818640524305174e-01,6.461448987913328557e-01,4.908494944234474966e-01,2.546754878551130696e-01,2.639040524100119689e-01,6.363452140735847973e-02,2.382500904774826900e-01,5.036417191351529876e-01,3.945915343218261984e-01,6.821372174988091786e-01,1.868304964650914779e-01,5.851607290161681130e-02,2.415573844644085810e-01,3.273059577576745705e-01,1.948863636156339119e-01,5.232052032819998200e-01,5.393911903677499620e-01,4.412249622438241814e-01,5.913780958244296837e-02,2.331607544591181025e-01,1.202008288651286450e-01,1.498588000420921218e-01,1.960398638997840753e-02,2.818722825739271298e-02,1.316772878045179562e-01,1.868410690339874225e-01,2.443939997829427946e-02,9.222292309303259383e-02,2.578074834032736962e-01,5.183285060218516260e-02,5.509253747612327667e-02,1.899387891722240651e-01,1.577250261407942555e-01,3.248890254791753085e-01,7.760288148290786503e-03,1.915524343114344552e-01,2.045692616956021337e-01,4.018723318839676484e-01,5.506589037571276712e-01,1.276525139194966685e-01,5.884113969268423006e-01,1.626016646249145436e-01,6.356179732554274597e-01,1.220993992454124100e-01,7.586904875247104663e-01,5.395660805348934108e-01,4.530227280620806596e-01,4.312789858240239083e-01,2.401917214747154306e-01,1.153265893042871304e-01,5.112570694732915255e-02,2.938546972570528770e-01,3.623315884458415681e-01,4.252368728824015842e-01,3.597869274659032945e-01,1.895638145963241261e-01,1.005216934012815033e-01,3.938590110787848486e-01,1.684748372670272776e-01,4.369767048323933145e-02,5.247283510551105090e-01,5.072439359371994083e-01,4.290502947399906786e-01,1.499193035016419540e-01,1.960084588764574864e-01,4.035459764022295004e-03,2.647440742643321354e-02
5.261473874907565129e-01,8.678493988283741967e-01,4.084610678060326960e-01,1.105319712305117275e-01,3.226311844086290348e-01,0.000000000000000000e+00,4.699554862567640323e-01,6.340186908325997628e-01,4.298125681617555593e-01,7.219833529873563860e-01,4.456398391602741094e-01,6.018912124403617003e-01,4.270152264603204739e-01,2.714414054742733673e-02,3.997992423927091976e-01,6.008915519857443988e-01,6.486326186486465195e-01,7.400355116774467445e-01,3.830614852791942582e-01,5.108065002979012004e-01,7.459209769819883373e-01,6.269251428220334876e-01,6.473059703864942893e-01,5.486469745840237833e-01,8.714749236452965508e-01,8.479210103124407150e-01,7.365786820370565646e-01,2.243971602726315129e-01,7.177592551806473153e-01,1.693054652029478135e-01,3.540601495729206460e-01,2.686689269066341867e-01,4.286563902665811443e-01,1.493069629725678471e-01,1.717213904591704532e-01,1.338911134688248739e-01,1.043767255243634520e-02,3.193966044224818002e-01,2.763000087382286862e-01,3.910066665557081489e-01,1.193216071724489610e-02,5.166082443498599686e-01,2.068154603509473333e-01,3.127954077593225746e-02,3.297638471874544397e-01,4.619625288782515105e-01,8.495688009187604139e-01,3.682013022932490998e-01,3.048683692204591233e-01,1.437563833266176927e-01,7.703007468644419431e-01,3.468827115038899955e-01,4.363311678805311122e-01,3.073693858550274327e-01,5.597893371100123305e-01,1.467110323962585727e-01,4.525827623536382571e-01,4.865645235156757509e-01,1.792533143812117813e-01,4.181860089005879910e-01,6.643417196774865641e-01,5.784137475159114583e-01,6.704614046726051768e-01,2.526984193401994316e-01,5.244446773692842401e-01,5.630111034336193754e-01,7.412573577241976519e-01,5.223441731584944625e-01,5.442385293595632945e-01,8.269137770344658911e-01,7.656502044437943910e-01,7.387766910616515581e-01,1.369133780630185093e-01,5.858115590425352348e-01,9.140240016839885906e-02,2.753773089728163148e-01
3.338003962073711195e-01,5.580715448218747099e-01,4.134001033449060669e-01,6.463197427919475935e-02,6.843543939054254066e-01,4.699554862567640323e-01,0.000000000000000000e+00,2.642006942931269808e-01,5.815083816740115319e-01,7.379003899475738981e-01,3.596866449904181362e-01,4.229073201593475106e-01,5.399796194566720553e-01,1.904983420750569201e-01,1.760312647845320155e-01,5.494589698636158648e-01,7.803060017228879985e-01,7.300580311076011464e-01,3.864613752823033987e-01,4.202598528509352560e-01,2.262048065474907277e-01,4.875444767518921640e-01,3.201574631628815171e-01,1.748214156564178445e-01,7.542574762438312153e-01,7.129053367534872176e-01,5.739512974497850140e-01,2.369312811590396084e-01,5.995908466695673011e-01,2.727363280756545660e-01,3.242442560109082272e-04,5.977245580684979048e-02,1.526474154046082721e-01,4.277788965712644997e-02,2.559178209539494375e-01,4.956831617314011451e-02,1.573228287733618447e-01,1.774455587662877587e-01,1.112889772682111589e-01,1.670894929534103013e-01,1.355128437421023180e-01,1.388936592210307519e-01,2.745530779359006690e-01,1.329551259782661976e-01,2.426426515110489679e-01,3.161469640007264492e-01,5.551015179601721528e-01,3.284989725024249907e-01,3.061288429078575790e-01,7.052942813333468175e-02,2.804060572014228647e-01,7.072724737706163056e-01,4.357843729111084141e-02,3.872197225702205814e-01,6.156594673560461528e-01,1.379536926473624303e-01,4.268911901636921469e-01,3.651002561332067353e-01,2.894222279223165883e-02,2.407318611703104794e-01,4.785068463578517894e-01,4.188412207926194286e-01,5.874261900834356620e-01,1.093362159643932185e-01,3.424352954354684120e-01,2.173692568452304241e-01,5.599708094395345892e-01,1.755552113652642798e-01,6.269384135002931124e-02,7.275704280795897150e-01,6.386000128992590508e-01,5.364803915923158639e-01,2.483315930196421384e-01,4.012610627031359400e-01,9.409299318651048738e-02,1.348846020059855377e-01
4.178724872087776765e-01,5.953932249996463089e-01,7.061515040945494093e-01,6.284081698913535075e-02,3.058420609551961711e-01,6.340186908325997628e-01,2.642006942931269808e-01,0.000000000000000000e+00,3.570663070673594786e-01,6.414574221518813957e-01,6.462607424155250024e-01,7.924366562562545901e-01,3.384250397304118252e-01,6.317217938495915674e-02,4.300091259893695228e-01,5.516281111314628172e-01,4.879211889077404996e-01,4.514895667164928184e-01,4.589904195263173059e-01,6.348437996250431148e-01,5.457191908679295267e-01,6.409538702154722323e-01,7.756272906833361347e-01,6.149266425106385547e-01,6.332735314099829926e-01,7.643137052496020711e-01,6.227090163806791034e-01,2.621031521747991810e-01,4.235304277689151409e-01,2.180817545382302547e-01,3.022199522870275823e-01,7.110733363928389839e-02,2.055364425757544022e-01,9.549953146447828778e-02,1.035571301921201920e-01,1.296671102624197824e-01,5.748481277214992358e-02,3.223602799123354012e-01,5.337471386175258320e-02,1.518325946004689120e-01,1.145934229936314830e-01,3.844620032330963166e-01,2.703969346065194790e-01,1.391694949277599153e-02,1.684526576024571454e-01,3.994596651669089504e-01,6.083710325453109968e-01,6.775970473288300822e-01,1.990175118357327133e-01,7.352854296742636353e-03,4.507011412864468936e-01,2.177360488688024343e-01,8.061284002856632380e-01,3.794438193657179159e-01,5.341970536964473215e-01,4.737141380271071567e-01,6.412141443649783668e-01,4.374075185594359927e-01,1.617265226621265317e-01,4.399156743101138023e-01,4.672620579608947611e-01,5.696611995639415671e-01,4.945743660502132100e-01,4.997542579156175613e-01,6.373467463162763025e-01,5.394267586322540886e-01,7.591873991756454831e-01,6.827688832655943729e-01,4.712721778821111762e-01,5.716710964983623411e-01,6.956829984735605210e-01,5.795849479181569563e-01,2.961769154082685152e-01,3.787025678595798417e-01,1.532055297427079021e-01,3.890644601960704940e-01
2.214668850375759446e-01,4.738472095458968747e-01,7.203619861947763159e-01,1.714117837662403748e-02,8.150540556440561968e-01,4.298125681617555593e-01,5.815083816740115319e-01,3.570663070673594786e-01,0.000000000000000000e+00,5.934699425708386267e-01,6.704806185291704024e-01,4.306659251387330301e-01,3.608877687555747671e-01,1.321778411499130446e-01,1.204403796785317171e-01,2.702094815763774194e-01,5.935345020354581003e-01,4.384555257711897358e-01,8.037612174210038152e-01,3.017174902797853386e-01,2.473360036295930986e-01,3.599681628551288926e-01,4.699419045172832932e-01,2.066260505653460533e-01,6.281351386394017355e-01,5.970718057184867256e-01,5.247226010319888667e-01,1.322416563709618575e-01,3.156026737854774611e-01,9.150312193400170213e-02,1.586979866511584181e-02,2.613190614829874470e-01,1.715929090309018801e-01,2.387238254377387070e-02,1.649003585708424813e-01,5.211189090774604599e-02,6.897689990894056988e-02,3.357112285251785400e-01,2.808172740955598434e-01,1.792880610406216435e-01,1.751871175622146670e-01,3.051060179209448830e-01,2.494408486843860684e-01,1.028276685439069582e-01,3.339102910872076557e-01,1.524711658054017094e-01,5.879948557879908222e-01,5.714741588276137652e-01,5.679842367728983599e-03,3.923245994600946807e-01,2.851784692079992745e-01,5.614735429495726349e-01,2.074592251166822443e-01,7.629477885227513578e-01,5.057201722792086240e-01,3.598599641709249730e-01,3.509869550607703781e-01,3.898888399883529421e-01,8.332484565196568438e-02,1.312155095968482454e-01,3.651493380913304332e-01,4.055258544147013477e-01,4.452490020976055396e-01,3.445161538437916393e-01,2.895471326828654712e-01,1.886141201839963699e-01,5.260668421616612189e-01,3.199943611878451333e-01,1.235694203296717059e-01,5.822569601024991659e-01,6.034951795225046434e-01,4.603298364865663350e-01,1.709672175745976519e-01,2.006544953472145787e-01,4.947906578944587241e-02,4.146540849832237169e-02
4.812793468385208606e-01,8.346575506863775917e-01,5.166183878841751342e-01,3.816704138184663642e-02,5.542818640524305174e-01,7.219833529873563860e-01,7.379003899475738981e-01,6.414574221518813957e-01,5.934699425708386267e-01,0.000000000000000000e+00,5.084789634675633829e-01,6.330036344303489049e-01,5.958793461429705562e-01,1.983462582596557527e-02,4.521371584556421741e-01,6.950575731851911243e-01,8.439601353666332795e-01,6.817043971776024502e-01,4.446339693244865110e-01,6.953378678894333031e-01,6.545049427022804345e-01,7.495099811931025258e-01,5.901980872361419772e-01,4.506739913747166426e-01,8.850931583358552235e-01,8.959092713158909316e-01,7.459387991899160131e-01,3.814972664625395082e-01,7.763905181597808847e-01,1.861204892200603034e-01,3.051611868705185193e-01,1.196487431501334631e-01,4.390534677569036814e-01,1.005530881671839044e-01,3.415743919621406777e-01,6.805445941167843904e-02,2.860453844501807397e-01,3.055328225567809919e-01,1.581495036364991280e-01,4.389048950771637925e-01,5.947291507236288077e-02,4.095474243342480669e-01,1.714594422477271063e-01,4.605242432914224970e-02,3.777656769571251516e-01,4.121345884351281796e-01,7.245944401531599910e-01,5.101466070831187638e-01,9.838790420948691218e-02,4.943104174615370328e-02,5.318148867654594047e-01,4.495501557349098620e-01,4.177733256794537442e-01,4.944492629469571243e-01,8.246676012809763812e-01,3.848283080416863289e-01,4.949674502455126412e-01,5.134142412512834319e-01,9.557345924369398116e-02,4.890500123270967725e-01,5.960427113296620227e-01,6.499487555516718640e-01,6.687353539896550014e-01,3.122386777880202802e-01,6.653800694347209443e-01,6.319830215534243401e-01,7.853801293026164698e-01,4.693081536453080349e-01,3.160197374720844499e-01,7.811173139105869190e-01,7.856359319492008941e-01,7.087032298769788685e-01,2.966284223886189730e-01,6.138293286013682959e-01,1.131814961518414903e-01,2.239924364146215763e-01
2.946716131589970922e-01,3.580673748066434681e-01,9.734407037199724888e-01,6.087142566155442219e-03,6.461448987913328557e-01,4.456398391602741094e-01,3.596866449904181362e-01,6.462607424155250024e-01,6.704806185291704024e-01,5.084789634675633829e-01,0.000000000000000000e+00,5.898298816164544434e-01,1.990612660851738824e-01,1.514607388181546110e-01,3.985322564067452222e-01,3.090607611174843172e-01,4.358914790543034212e-01,3.703190330812405895e-01,8.365703642415255326e-01,4.582963351094707649e-01,2.792216773620661563e-01,4.343929215798076338e-01,7.209757716697265950e-01,4.576088070736356039e-01,5.333831568821991720e-01,5.918284980590975408e-01,5.436665917998420028e-01,1.138090003719159082e-01,2.361367540245489505e-01,1.787936489762060877e-01,6.430201717631744973e-02,2.584336577413010039e-02,5.963341250826918738e-02,1.720651006755699042e-01,1.892500649841937499e-01,7.648143336441981521e-02,5.120870134513541561e-02,2.966788127050918322e-01,4.025686487938082148e-02,1.057280758360476802e-01,1.925734895257906198e-01,2.983133832896911475e-01,2.684129590282172684e-01,7.156596084177051231e-02,1.715308955644787026e-01,2.466208305753601060e-01,5.248377096512543138e-01,9.512322778444569638e-01,4.531191816187539467e-02,3.899450912554018323e-01,3.187246668846629438e-01,3.251947494286475671e-01,5.165203062792218525e-01,6.860070038072599852e-01,4.380998403258405949e-01,8.295029550735120161e-01,4.838637177229186959e-01,2.670914757304539422e-01,1.632082189736628886e-01,3.550061757575013188e-01,4.342072442708096447e-01,4.533593928707808085e-01,4.739820655896583301e-01,8.400715334077624163e-01,4.264075250889249880e-01,3.460984859730026342e-01,5.703876603723054828e-01,6.048478945125252970e-01,2.584094799241481444e-01,5.136355159104359913e-01,6.241644584237797666e-01,5.131478842650236682e-01,1.796962275017968402e-01,2.871036202554845818e-01,1.047544314705148305e-01,2.367606127947166073e-01
4.184408023641120189e-01,5.707610163667642400e-01,5.219150219175761052e-01,1.067901612339646061e-01,4.908494944234474966e-01,6.018912124403617003e-01,4.229073201593475106e-01,7.924366562562545901e-01,4.306659251387330301e-01,6.330036344303489049e-01,5.898298816164544434e-01,0.000000000000000000e+00,5.568711451257233325e-01,4.937094627186722207e-03,3.357135253768276928e-01,5.645203938024137003e-01,5.525419537483111654e-01,5.287975865968388423e-01,3.854312574990591544e-01,5.624192879858432859e-01,5.340566236824979551e-01,5.668318105357061931e-01,6.459833048677878775e-01,6.924027064446736102e-01,5.519139215080492988e-01,7.034586680461591968e-01,5.023664307974151644e-01,4.297652227377566359e-01,5.232754014632732265e-01,3.306618601405116875e-01,2.913630605620067815e-01,1.856982634015615918e-01,3.527489299602849515e-01,1.469225332400600770e-01,2.029170960273198043e-01,4.611491445870893879e-02,3.073132248945182887e-01,3.326268456491713321e-01,1.556619112589325560e-01,3.008288120222314954e-01,9.652808375248017603e-02,3.252965735865346319e-01,1.693429050248877465e-01,9.095856856909691202e-02,3.085664313167472139e-01,4.494783919278793061e-01,5.038550874525338230e-01,5.204801951059547793e-01,1.911305221758801132e-01,1.721726907042664401e-02,5.175716856742950123e-01,2.036622041349417656e-01,6.096897546354911324e-01,4.341137111041771801e-01,6.176807842562012096e-01,4.466990808441783090e-01,7.951021525512709243e-01,5.928088508256409428e-01,4.373246587068654878e-02,2.928229433817371996e-01,4.688016905548054725e-01,4.900691121068124767e-01,4.988694152137391202e-01,3.711672325597314970e-01,5.071371234072640233e-01,4.901227032546874307e-01,5.985246276730576964e-01,5.373824537458105066e-01,5.314568284536287379e-01,4.479961995784780271e-01,6.126470277107856077e-01,4.460579668629270356e-01,4.051098789419510515e-01,4.772697963702273727e-01,3.082978356811373888e-01,2.735225386143410597e-01
2.716561635453764723e-01,5.816345190255585162e-01,1.979332403909748739e-01,1.007076838266975360e-01,2.546754878551130696e-01,4.270152264603204739e-01,5.399796194566720553e-01,3.384250397304118252e-01,3.608877687555747671e-01,5.958793461429705562e-01,1.990612660851738824e-01,5.568711451257233325e-01,0.000000000000000000e+00,2.002498429887917264e-01,2.112267640045065176e-02,6.853301670596678719e-01,6.756868672293716571e-01,6.431312466439019770e-01,1.697803219425004784e-01,2.846616398001668991e-01,3.146827116057381302e-01,4.154653162405317901e-01,3.081925261748951761e-01,3.229092817160237328e-01,5.392762003964992612e-01,6.444296151144913720e-01,2.325311778633138426e-01,7.860929311262248032e-01,4.836049787765727692e-01,2.806414297557530135e-01,2.942301928914438647e-01,2.907871037354138322e-01,2.489526595034501910e-01,1.697383274963444322e-01,1.317076937806679338e-01,8.101109604476439130e-02,2.380427505528057153e-01,3.354139549976190571e-01,1.695158647464304336e-01,2.318877020750473583e-01,4.496415391356166358e-03,2.658401371567977178e-01,1.705890656965245444e-01,1.419478667749669853e-02,3.752362074303879358e-01,2.458334241804385201e-01,4.938890665287184456e-01,1.578325791326340433e-01,9.871562148123561031e-02,1.160687009592573093e-01,4.159816103329250225e-01,3.154794371876928349e-01,3.073043858536514961e-01,2.686540625308117547e-01,5.023286684380168232e-01,7.089009974090090815e-02,6.088114381813563014e-01,8.028952200815194784e-01,2.711145709209130672e-01,4.698617400259558208e-02,4.981511693236036487e-01,5.752010098083830680e-01,5.939308761213777377e-01,1.504666042247651547e-02,3.094234883288117244e-01,2.381699519702578649e-01,4.798371358191863556e-01,2.661120398326297654e-01,2.441496030642091308e-01,5.460317128201411796e-01,5.581503289596038142e-01,1.797180620251595529e-01,6.525391584668921441e-01,3.306379363380743119e-01,2.754391663746118546e-01,2.004132835720401906e-01
1.927579864062411441e-01,3.765403555188402696e-03,1.738302190049292872e-01,5.490669124309441318e-02,2.639040524100119689e-01,2.714414054742733673e-02,1.904983420750569201e-01,6.317217938495915674e-02,1.321778411499130446e-01,1.983462582596557527e-02,1.514607388181546110e-01,4.937094627186722207e-03,2.002498429887917264e-01,0.000000000000000000e+00,2.429295884920013304e-01,7.101637182563461104e-02,6.964425600018431251e-02,1.316632441420206336e-02,5.903316843330381342e-02,1.550178901407069099e-01,1.623387565657745668e-01,1.340373422672077597e-01,1.697647512723196028e-01,2.935593033350675229e-02,1.487358564916496373e-01,1.521800330791444056e-01,1.632212457936904615e-01,2.107219489685427105e-01,3.619204855778960367e-02,2.276416399550697245e-02,8.578081374080767652e-03,2.115648918939848078e-01,1.647401785403068974e-01,1.490903156948863162e-01,7.088371911784467627e-02,1.216214115214769298e-01,1.659852879545079263e-01,1.191971251246168317e-02,3.007538818402423764e-01,2.261529506567306613e-01,1.511877287320045060e-01,1.017897770914767963e-01,3.141605030608023430e-01,1.160911511764131654e-02,2.470284499349377771e-01,1.206034756540985686e-01,7.341658540428955271e-02,1.929673152634719946e-01,3.468729743491617001e-01,2.879473870945723490e-01,7.790920558686684205e-02,2.282224169577150019e-01,6.599125894899829370e-02,6.892516991522207315e-02,4.287909002291220850e-02,1.784951565707942889e-02,9.238143460865222423e-02,9.450196027633153695e-02,4.851022066013440104e-01,2.494566611008126877e-01,7.971908555696217979e-02,4.201782741493909068e-02,8.490045160888404219e-02,9.441766949361187627e-04,1.291925575969342099e-01,4.699907909849768833e-02,8.281882183275879328e-02,7.161978446312113056e-02,1.764092889226811234e-01,2.002364199403206257e-01,1.537373980485962632e-01,1.483010410792140465e-01,1.859287900954988415e-01,5.219566237616087012e-02,2.065598800307573424e-01,1.395804371921763043e-01
5.785185067802518510e-01,3.926020475495446971e-01,4.410135047736943870e-01,1.864695391666889579e-01,6.363452140735847973e-02,3.997992423927091976e-01,1.760312647845320155e-01,4.300091259893695228e-01,1.204403796785317171e-01,4.521371584556421741e-01,3.985322564067452222e-01,3.357135253768276928e-01,2.112267640045065176e-02,2.429295884920013304e-01,0.000000000000000000e+00,3.687061858405545345e-01,3.476718894223521650e-01,3.157389587490512239e-01,9.455720613974388788e-02,7.826229133936676297e-01,6.622369297496512042e-01,7.778457659030415527e-01,6.749205522346115593e-01,5.011699784054630680e-01,5.546605519938121454e-01,5.452011852399838432e-01,6.360896077789385261e-01,1.608981888185559983e-01,4.685795737758658430e-01,2.510580299697686701e-01,3.124443409510289649e-01,1.056131898061082736e-01,1.545778371718593558e-01,2.178069328884870565e-02,1.887977197464704437e-01,2.410419104302805593e-01,2.054557328126834642e-02,1.450505395764477568e-01,1.774399125982542291e-01,2.366974571724584364e-01,6.200751206128098797e-02,2.177257757131157989e-01,3.018361582167604085e-01,1.090958503716644573e-01,2.396240936085788920e-01,4.761195292196582218e-01,4.965287782620675383e-01,4.934324717900405721e-01,1.811838062513784764e-01,2.243243101662493466e-01,4.423778010239037828e-01,1.864697516488806051e-01,3.606192231743355348e-01,1.635548370999992396e-01,3.871295087232292653e-01,4.053750120362414333e-01,2.009867713494873920e-01,2.187003840974446056e-01,6.830188901638137300e-02,9.110883988303254410e-01,6.426796140293515869e-01,3.346992859402610487e-01,4.579752844349130880e-01,3.980198719713393118e-01,7.746811105602242620e-01,7.129280893128775443e-01,7.712981646474693642e-01,7.260255716611339061e-01,4.497795167930511151e-01,5.450807091247547032e-01,5.552786728001666283e-01,6.962099679425897136e-01,2.645826657625756084e-01,6.879099083883359889e-01,1.199220711031192821e-01,4.502024561704012218e-01
6.318021734036214365e-01,6.968291598877156545e-01,3.032872104728414064e-01,4.231170483734131987e-02,2.382500904774826900e-01,6.008915519857443988e-01,5.494589698636158648e-01,5.516281111314628172e-01,2.702094815763774194e-01,6.950575731851911243e-01,3.090607611174843172e-01,5.645203938024137003e-01,6.853301670596678719e-01,7.101637182563461104e-02,3.687061858405545345e-01,0.000000000000000000e+00,7.896611684248676655e-01,7.240855055061093948e-01,2.186269384059559284e-01,6.644048663530141008e-01,5.972205981184183221e-01,7.018380727805748620e-01,4.762802075822307191e-01,5.061189787609333690e-01,6.531089640096763294e-01,6.945616772956759721e-01,4.751518580724585217e-01,6.177826961902659342e-01,7.713882150830616569e-01,4.629847703578489071e-01,6.188350883830535665e-01,1.170777655217837276e-01,2.819306493752389287e-01,1.478531559658337602e-01,1.097084287604686292e-01,2.234983525570313212e-01,1.039914824847666258e-01,2.331558984657205180e-01,3.656560597806648300e-02,2.484811009502564949e-01,1.352832096928813232e-01,3.500752560354163934e-01,2.637372094906764719e-01,9.082968834570294414e-02,2.654501092268375384e-01,5.611289326307196124e-01,5.333993128853316001e-01,3.958701414270680008e-01,1.996543636200269201e-01,1.489832536302745369e-01,4.695483142481557959e-01,2.102477801135070601e-01,4.694365366822010888e-01,2.759375781599541777e-01,5.794365133120271683e-01,2.051039702985982538e-01,4.859588258660333948e-01,5.849987616102934052e-01,6.383166868435082020e-02,4.467126781607133057e-01,8.297423553583345157e-01,6.635850055074286047e-01,7.562170693873788707e-01,2.607810121058475872e-01,6.483223764120169541e-01,5.387290865772513815e-01,7.151119870054675198e-01,4.675566452412155405e-01,3.563305224460686649e-01,6.887864942947556912e-01,6.121143169920832960e-01,4.507917134726344699e-01,5.094518142228370294e-01,6.134901482517871596e-01,3.691455568351231786e-01,5.428265202042454884e-01
4.335010655770277221e-01,8.358606816929030625e-01,4.356019471172211666e-01,5.336604128222329629e-02,5.036417191351529876e-01,6.486326186486465195e-01,7.803060017228879985e-01,4.879211889077404996e-01,5.935345020354581003e-01,8.439601353666332795e-01,4.358914790543034212e-01,5.525419537483111654e-01,6.756868672293716571e-01,6.964425600018431251e-02,3.476718894223521650e-01,7.896611684248676655e-01,0.000000000000000000e+00,8.107712428667044335e-01,4.281825278242450961e-01,6.759203080370868033e-01,6.076251586853996800e-01,6.871439145808412308e-01,4.456961745723075907e-01,3.866640114926936378e-01,8.451975178039922154e-01,8.058695656717542732e-01,6.239536494266681999e-01,3.807656911897892016e-01,7.863900172453328619e-01,2.089803460821013925e-01,3.610909835238837462e-01,9.387378183063113668e-02,4.734788841470498610e-01,1.681129793393666416e-01,2.062276732484659147e-01,1.963210426997341052e-01,1.607376206423342391e-01,3.379308754418229310e-01,1.409567877190259777e-01,4.917237637631317604e-01,1.212055939053216513e-02,3.808223386084410023e-01,1.372418977360443937e-01,3.205373979399328555e-02,4.581705232250387061e-01,4.316838866226961891e-01,7.087123203659048132e-01,3.938382581786000203e-01,1.340490470738573969e-01,6.769062375361792339e-02,6.097623521773560817e-01,4.710973851873928586e-01,3.349719772603881873e-01,5.383975296421860124e-01,6.997259582160917368e-01,3.138552094968115602e-01,3.317256740472972476e-01,5.979082850976675800e-01,1.342471318298757432e-01,3.968119403751976249e-01,6.461108812898173070e-01,6.844036935389272713e-01,7.730627404775887168e-01,2.514843619089232041e-01,6.271521506868229512e-01,5.253914223668623151e-01,6.889652875963334644e-01,3.872173581576556778e-01,2.528029949661056985e-01,7.610107785152695481e-01,7.564402775696703607e-01,6.273717399227324298e-01,3.533807293332323907e-01,6.523053818464190634e-01,9.939266712874193777e-02,2.380901605875106741e-01
5.078096109873376784e-01,7.703764316301989767e-01,3.352097007890324498e-01,5.169993082423604731e-03,3.945915343218261984e-01,7.400355116774467445e-01,7.300580311076011464e-01,4.514895667164928184e-01,4.384555257711897358e-01,6.817043971776024502e-01,3.703190330812405895e-01,5.287975865968388423e-01,6.431312466439019770e-01,1.316632441420206336e-02,3.157389587490512239e-01,7.240855055061093948e-01,8.107712428667044335e-01,0.000000000000000000e+00,3.312064700098832914e-01,6.354616737584231068e-01,6.069757278410128354e-01,6.503631512874157306e-01,4.747528855475067200e-01,4.853931426713813391e-01,7.543258933255500009e-01,6.848937907704356620e-01,5.657806920970995801e-01,4.679869475130717382e-01,8.116236346372667221e-01,4.415779990002534072e-01,3.885142743743788540e-01,1.359341016658531243e-01,4.390301851011149115e-01,1.256030627302734681e-01,2.386136214444822268e-01,2.825581920145515957e-02,9.713862600083289500e-02,2.560987547820458565e-01,1.714410747767099730e-01,4.544807122930611953e-01,6.596420210396919392e-02,4.411348088368300946e-01,2.703154185907314933e-01,8.309749081125399062e-02,4.130149317224706129e-01,5.711068921547192145e-01,7.198385364199706427e-01,3.028261862558964124e-01,2.251046532998200456e-01,1.484569570806497651e-01,6.286718193142157851e-01,3.989710896488641856e-01,3.627727438514237734e-01,3.903303328756049240e-01,5.553416400153494692e-01,1.498648831484230282e-01,3.968623457340253458e-01,5.418164225409870527e-01,2.323138971610439751e-01,3.404259680206479510e-01,7.443715285920768920e-01,5.336825779454059671e-01,8.285199301026390239e-01,2.006441216796267246e-01,5.433421369341238094e-01,4.658815003049531223e-01,6.500388723617303022e-01,3.932185534498149337e-01,4.591622687826617533e-01,7.313702416464236133e-01,6.759268628672935320e-01,5.725251225861629489e-01,4.467402148523665906e-01,6.208719010389538440e-01,2.615989182683320369e-01,3.025827488162869394e-01
1.669849440948471819e-01,3.630624038788782260e-01,8.049060904902315405e-01,1.173229982690066897e-01,6.821372174988091786e-01,3.830614852791942582e-01,3.864613752823033987e-01,4.589904195263173059e-01,8.037612174210038152e-01,4.446339693244865110e-01,8.365703642415255326e-01,3.854312574990591544e-01,1.697803219425004784e-01,5.903316843330381342e-02,9.455720613974388788e-02,2.186269384059559284e-01,4.281825278242450961e-01,3.312064700098832914e-01,0.000000000000000000e+00,2.613638113351223202e-01,2.266420726002837116e-01,2.610411078050071110e-01,5.239357746531096982e-01,3.032201314437218409e-01,4.863120520779534717e-01,4.973818628154392796e-01,3.822624564624922949e-01,8.674454700802258778e-02,1.313928773418704121e-01,1.244074102820291461e-01,6.720018564589190502e-02,8.634507175342098773e-02,1.689831888524971903e-01,2.557040529109299437e-02,1.316342012626087743e-01,4.560778837202012631e-02,4.117310013744660685e-02,2.101233536128417345e-01,1.844566332581766277e-01,1.467349503783741127e-01,1.268539086083007306e-01,3.426646548591771868e-01,2.013734380608963592e-01,1.385442082969219335e-01,2.278398259616461197e-01,1.239656521016391649e-01,5.013385643546816040e-01,6.872393575084488893e-01,1.442262476492744971e-01,2.940384165816692930e-01,2.739722441901660810e-01,3.191769542235869395e-01,3.181305924690707720e-01,6.660964016762472850e-01,3.640430219022601221e-01,5.307002629561625717e-01,3.109901075189955844e-01,3.060631692013702221e-01,3.456280434866090823e-02,8.823269890177712349e-02,3.076562386529614335e-01,4.003585740099613877e-01,3.937514519395339807e-01,6.378195759756716265e-01,2.304020228578067542e-01,1.734228590732119213e-01,4.031117240148031078e-01,3.934105107851328942e-01,1.996565210144544689e-01,4.611625584705693615e-01,5.512570790452895331e-01,3.454565926051255675e-01,1.605810047510535243e-01,1.481752579397209169e-01,7.669446744216396050e-02,7.632853220822470586e-02
6.171540022753001509e-01,7.432318492589865544e-01,5.451852433171555656e-01,1.275351399253116802e-01,1.868304964650914779e-01,5.108065002979012004e-01,4.202598528509352560e-01,6.348437996250431148e-01,3.017174902797853386e-01,6.953378678894333031e-01,4.582963351094707649e-01,5.624192879858432859e-01,2.846616398001668991e-01,1.550178901407069099e-01,7.826229133936676297e-01,6.644048663530141008e-01,6.759203080370868033e-01,6.354616737584231068e-01,2.613638113351223202e-01,0.000000000000000000e+00,6.286033425811990982e-01,1.000000000000000000e+00,7.011587771571841099e-01,5.445200925232783762e-01,8.888407838141892947e-01,8.030742377249793229e-01,7.038757976891475421e-01,3.481282898483661348e-01,6.701387163357691579e-01,3.362241980042785516e-01,3.649738524358520642e-01,5.524857849673395910e-02,2.327030013032785338e-01,8.056411978312524869e-02,2.304966294358911094e-01,3.029959918867388136e-01,6.012205234866233039e-02,1.982425510404731972e-01,1.791723054500433121e-01,3.213727613594196675e-01,2.434565601939521484e-02,3.336057451183180311e-01,3.130621798965207425e-01,6.714129312932327898e-02,2.630831988649962594e-01,5.156548613595082209e-01,7.959469277325825765e-01,5.706213838500171498e-01,8.825952546179044456e-02,2.355830622106489802e-01,5.919626439854284161e-01,3.385544562779309041e-01,4.806144432273329326e-01,3.288902697692110411e-01,6.607799014029868134e-01,3.977721106654117933e-01,4.708062291872957550e-01,5.257484754931192050e-01,1.423235157994832689e-01,7.946300628402497290e-01,9.071146297533040359e-01,6.270688848657157699e-01,7.968874771010945324e-01,4.516149657516164151e-01,1.000000000000000000e+00,6.808549634316358734e-01,1.000000000000000000e+00,7.351862449482589046e-01,4.585632660703087837e-01,8.597284838978723753e-01,8.168619511787341692e-01,8.212583306412027939e-01,5.330768590445746913e-01,8.939145908945214103e-01,2.455313639767084666e-01,5.197535352158360045e-01
7.160636351280439404e-01,6.808216761531590278e-01,3.312315876231358702e-01,1.392182919236389926e-01,5.851607290161681130e-02,7.459209769819883373e-01,2.262048065474907277e-01,5.457191908679295267e-01,2.473360036295930986e-01,6.545049427022804345e-01,2.792216773620661563e-01,5.340566236824979551e-01,3.146827116057381302e-01,1.623387565657745668e-01,6.622369297496512042e-01,5.972205981184183221e-01,6.076251586853996800e-01,6.069757278410128354e-01,2.266420726002837116e-01,6.286033425811990982e-01,0.000000000000000000e+00,7.293436254120182483e-01,5.731850044643183040e-01,6.341910641337279442e-01,7.057918334432626839e-01,7.252446188351848733e-01,6.462055256205937459e-01,4.173581311568517194e-01,6.991232314036317508e-01,2.422912394659965385e-01,4.701999105973672655e-01,1.748437290500821362e-01,3.205221936404222260e-01,2.135421497247468325e-01,2.315892886281501473e-01,1.032922672454773261e-01,1.651920418126377466e-01,2.624446959264395973e-01,1.871076928517919347e-01,4.015043012617285356e-01,1.804031984165946068e-01,3.768772980727337907e-01,1.668375551050415295e-01,8.655326275604730002e-02,4.054503551871722067e-01,6.784762252099020285e-01,6.313040800914075934e-01,3.818581558846013690e-01,4.017544450390091448e-01,3.553091768961193497e-01,6.295830711856836848e-01,9.994385386589801912e-02,4.671436952780797514e-01,2.019041189814635151e-01,5.182721399096239523e-01,1.537083208040649351e-01,3.943536997714733316e-01,3.234454974728563359e-01,3.479341649690249616e-01,6.901008882033726755e-01,7.357361868989014120e-01,5.612904241034720743e-01,5.741337809915221246e-01,2.751364256915491691e-01,7.132610159180750031e-01,8.511159740053698686e-01,8.331162517992649619e-01,6.433669770895871221e-01,6.488613161991064748e-01,6.897669872804961244e-01,6.543554630807368877e-01,6.246964112375128497e-01,3.203006706599578757e-01,6.811981696140139153e-01,2.297448039700107913e-01,4.534934442609712679e-01
