0.000000000000000000e+00,5.441016269061926813e-02,3.670762068808909317e-01,6.741009171518501653e-01,2.095042931762658434e-01,2.650148051612266076e-01,2.732112353497602175e-01,2.621154224325734639e-01,3.846432112648530133e-01,2.297665624515241312e-01,3.992731591670897195e-01,1.416359723530253301e-01,3.130705592599604681e-01,3.049537539811038034e-01,6.483289376569808526e-01,4.916098630184266294e-01,1.206296930244489252e-01,7.898851966267125824e-02,2.116856304614085083e-01,6.445438370230274217e-01,8.745033024834815150e-01,7.615763829594224266e-01,4.236173061604801005e-01,5.436997768603373249e-01,4.636069966298239642e-02,1.133436769076886508e-01,4.390960955607208227e-01,2.197571181796984241e-01,4.886351977307981098e-01,6.249164348917015666e-01,4.930171207510625209e-01,1.235827352292313136e-01,6.842966105095680263e-01,6.630849344894065855e-02,2.467902185363032297e-01,6.016515425981614484e-01,5.335902449077767340e-01,1.307222101721326468e-01,1.625895651125133790e-01,7.371407260915909809e-01,5.934396356635680547e-01,1.538110130419302057e-01,4.701436953374548700e-01,4.638451137025683679e-01,2.640957928977285540e-01,8.374904802982753305e-01,5.345625521961189230e-03,1.414191913018387203e-01,8.821101181450619055e-02,1.850859391762245676e-01,3.900029892888773331e-01,1.364712299058472300e-02,6.047871209625743649e-02,2.124819669777516518e-01,4.002817344604914784e-01,4.413057489615387907e-02,1.068739193683281991e-01,2.190334821741979354e-01,1.607609502817970160e-01,5.133253928305021585e-01,4.093590027646240026e-01,4.008101438429170216e-01,1.406711103371541260e-01,1.733990599437320312e-01,3.021331169929757920e-01,7.909150471691656081e-01,5.679714110080773537e-01,1.254303317358043957e-01,4.890454061355031246e-01,2.921287391755062468e-01,7.062432499557863563e-02,2.053625928645141929e-02,1.392493223554174542e-01,1.379680981601815737e-01,1.180178256130344494e-01,3.107062440560522387e-01
5.441016269061926813e-02,0.000000000000000000e+00,2.079637391887461939e-01,5.872925059095359529e-02,4.569762656842686344e-01,8.144818387268583093e-01,4.007050831446526407e-02,5.471473636994257372e-01,2.863151841979512113e-01,6.141519541862989762e-01,9.086848972425694282e-02,5.705202804336029221e-01,3.080711437218323079e-01,3.685145553168001631e-01,4.474330428478436317e-01,5.020670041475776557e-01,6.712671255678590576e-01,7.124220490365893443e-01,9.740365103330916874e-02,4.201809052302117320e-01,1.924949209028801733e-01,3.214595829341846400e-01,4.726827468581842884e-01,2.721243251521485718e-01,8.947532745197264159e-01,7.824045168927723504e-01,6.090648707105491555e-01,4.803391598714991106e-01,6.465432561757545882e-01,1.143487343571944898e-01,1.967086850888539185e-01,4.152820459471205927e-01,5.391102459880187103e-02,5.737682760849549535e-02,8.619589006491379379e-02,1.212124734184522323e-01,1.961977829318144739e-01,6.862887256265326474e-02,3.280948411037561963e-01,1.128024040291686070e-01,2.561910037537710183e-01,5.562509134207949124e-01,3.409424403587350549e-01,2.861437455840372124e-01,9.727389680107942360e-02,4.855377238198710366e-02,7.582743456761080747e-01,3.447783909463185692e-01,3.037134185226861849e-01,3.016270413474473333e-01,7.571528148311111872e-01,1.037045011282229923e-01,5.882110060329829304e-01,3.801407182280117647e-01,2.200157048811712812e-01,2.654010491194930266e-01,4.946760190486393927e-01,6.906141780996499779e-01,3.126060755891842957e-01,4.793823515479040398e-01,4.450048297100371864e-01,3.833738732144803540e-01,5.748902918439512399e-01,2.179472585582976074e-01,4.947876400444145562e-01,1.584534542222235942e-01,4.520922312154189160e-01,5.275270581666779979e-01,3.177954805076247391e-01,6.274704250668816652e-01,5.978445799671541216e-01,5.959741977500497834e-01,4.176346183286301361e-01,3.239229792413265141e-01,1.420351860165669500e-01,3.056127134566723191e-02
3.670762068808909317e-01,2.079637391887461939e-01,0.000000000000000000e+00,3.177830260036866861e-01,3.834515284513158595e-01,4.669916864923450150e-01,2.982012064823977848e-01,6.661993327200768089e-01,6.850798423750393829e-01,3.126377921134659843e-01,9.272089057772987530e-01,4.268188321136271446e-01,4.755107009914094074e-01,1.000217703443761486e-01,5.609704785647517955e-01,2.675475093508544178e-01,3.576119626583965094e-01,2.974642588080864680e-01,6.691318670052563977e-01,5.884795759512375657e-01,3.552122129875499024e-01,5.231346346502651068e-01,8.125316963121417269e-01,4.416699319215132702e-01,2.777178858225703983e-01,3.792376053712948059e-01,5.530423998237574690e-01,3.693860987041405752e-01,3.125777282455591277e-01,3.465501436443537697e-01,8.049041725719918716e-02,2.877877925830911732e-01,2.625393395704155308e-01,3.417461665739043863e-01,4.409276081127356806e-01,2.674002802515062505e-01,2.403027395242211539e-01,1.325295225325816006e-01,2.282842600657857823e-01,3.283586287926628655e-01,6.323471775531364081e-02,2.022658829266124614e-01,6.636220454412447567e-02,1.909889590308658791e-01,3.522265142243303782e-01,3.590616269501076818e-01,2.937611874923713451e-01,9.657553394783013889e-01,1.430317724096875076e-01,3.535035666109392349e-01,1.274206877392146942e-01,3.302054753996596648e-01,4.361416835444618667e-01,6.462525059299378816e-01,5.053051063927489484e-01,8.576891751370511185e-01,4.846211226689416396e-01,1.252860032896309372e-01,2.613612749115287182e-01,4.023327134737943456e-01,2.486412397557820619e-01,3.903837478016091156e-01,3.391910658366244502e-01,6.841183640862431581e-01,2.897965799501467932e-01,4.497558129908444391e-01,4.806752040814537552e-01,6.874660720335112885e-01,4.056562477048174520e-01,3.305342761265734897e-01,3.499831070385008291e-01,4.732811130682502698e-01,2.740529907462325721e-01,2.179312003895905736e-01,2.161632214733015533e-01,2.127826820282383014e-02
6.741009171518501653e-01,5.872925059095359529e-02,3.177830260036866861e-01,0.000000000000000000e+00,3.118231412220331400e-01,3.855522673142963708e-01,3.776133093732100265e-01,1.499754940978910989e-01,3.733766674423490972e-01,2.400322624911818692e-02,3.949458358371835121e-01,1.364348003845554380e-01,5.395476625027120221e-01,4.924591881394302373e-01,4.425788403472762367e-01,1.670228700824823997e-01,2.407621649408774739e-02,1.181747542200762280e-01,1.434084373972348003e-01,5.529704206136257794e-01,7.467989590212025242e-01,5.406513859849952919e-01,2.771448331900237538e-01,1.968013252324953832e-01,8.323050353193088557e-02,1.276714513420683927e-01,5.540541124456647148e-01,4.144972213111700055e-02,4.938837949932434745e-01,3.968472414059820985e-01,4.997956187008989470e-02,1.820863433438389134e-01,6.459262144046910015e-01,3.414020481656550587e-01,4.299305016348819453e-01,6.770665970779057297e-01,7.876314282945218181e-01,7.391312680816199132e-02,6.241552593687393902e-02,7.700087030388661491e-01,5.498899151869117707e-01,1.822925146451444545e-01,5.782039091092943117e-01,4.418806074674932471e-01,2.363698909588879404e-01,6.805996661956706939e-01,1.043955359018632761e-02,9.374043685888884536e-02,5.518921676563598444e-02,8.696270774861632191e-02,2.403102257942731634e-01,3.283367273753473592e-01,1.283950652565079564e-01,1.172250065966838478e-01,3.926141779248235042e-01,1.228530149442827180e-01,5.911660718690425753e-03,9.470611215553194351e-02,3.896964024904541191e-01,1.914063921611127983e-01,2.347249028957968109e-01,2.502390066939701452e-01,1.273957731968719254e-01,6.536036501679928779e-02,5.600665272550303664e-02,5.578276335131867603e-01,2.910570120431552055e-01,2.758660700410054539e-02,2.117174701830844552e-01,4.405527662351159668e-01,2.440969216994207103e-02,9.825100260290275944e-02,2.622950397476669221e-02,2.944673213092816044e-01,3.805937038370091341e-01,1.103673017681234547e-01
2.095042931762658434e-01,4.569762656842686344e-01,3.834515284513158595e-01,3.118231412220331400e-01,0.000000000000000000e+00,3.029440453195066940e-01,2.365134449063638344e-01,4.026151571596735534e-01,5.479788178450828440e-01,5.610457044327246123e-01,3.127980404327846409e-01,5.965280762693968564e-01,2.313439987071084225e-01,5.420565041548852658e-01,2.110364796159698575e-01,1.885041588683721570e-01,5.189387954721714769e-01,3.904540287810297494e-01,2.322287068559651113e-01,1.279772808986619492e-01,2.168391669058389593e-01,4.586198132185564935e-02,3.963926755920366141e-01,2.211971086553528865e-01,4.619728012842875819e-01,5.529747158381179695e-01,3.591018030752298751e-01,4.226792782581021979e-01,5.690595380321392116e-02,1.197491675606891515e-01,5.598419814806587791e-02,3.744901432364944882e-01,3.964724477181156836e-01,2.563567215546898037e-01,9.001821339561108526e-02,2.743335389952257786e-01,2.460112375106098814e-01,1.517211398059664373e-01,3.065635649595974677e-01,3.211916608611239399e-01,3.992876705210912647e-01,3.599350585324611052e-01,5.683567519050307659e-01,3.514140302003821437e-01,2.066647050490678650e-01,2.054163336439677745e-01,4.602226205554806326e-01,5.066910915867484100e-01,1.901592286404883980e-01,7.469100258376787371e-01,4.969960945207462788e-01,3.666466251152419309e-01,4.389289446521247862e-01,6.283423124916908131e-01,4.119464249734200445e-01,5.861314546297304862e-01,6.491614599100173910e-01,4.664510000262818146e-01,6.258262280232282926e-01,1.381373979855319012e-01,2.085860648114024329e-01,3.166636233075408313e-01,4.268191205265354782e-01,2.256401723831482076e-01,2.878381944685773908e-01,7.085462343773893390e-02,2.831874989419956856e-01,5.917154312459459442e-01,1.468278088846245721e-01,2.709844420571794199e-01,4.567900251150734392e-01,5.362850406692780680e-01,4.070117406431946749e-01,9.801795626623160951e-02,1.987219007312447938e-01,1.711829548549911179e-02
2.650148051612266076e-01,8.144818387268583093e-01,4.669916864923450150e-01,3.855522673142963708e-01,3.029440453195066940e-01,0.000000000000000000e+00,3.376588672711600680e-01,7.855334966953561038e-01,4.998784142193097302e-01,4.981836126398515585e-01,4.783623575999993993e-01,7.302726458340664806e-01,6.702316636766780800e-01,7.675012119337502881e-02,5.596248826760433781e-01,5.463806497311725074e-01,6.022931029273361769e-01,6.751183412098125114e-01,2.623167531876595682e-01,6.555015689017584801e-01,4.786166916169825591e-01,6.450207100398963611e-01,7.142843640188605292e-01,4.206208636528540046e-01,7.093490469356120709e-01,6.472618181486944344e-01,8.218729674595990353e-01,3.993173978386632683e-01,5.964217309731687511e-01,2.032166472919089140e-01,3.822714341893711232e-02,5.697097010826209784e-01,2.801064086326251479e-01,5.029874308152306739e-01,5.282510200625976093e-01,3.503461069959819540e-01,3.008216113647556034e-01,5.032891537045572350e-02,5.501708383450760742e-01,2.865227074787666806e-01,1.274350971541375888e-01,4.073717957399541345e-01,9.369796661336277088e-03,1.378559569637303195e-01,1.276118748868906860e-01,2.576033934241412915e-01,5.906214004930280259e-01,4.347654553742932304e-01,1.665828755733688160e-01,3.302044414247487514e-01,5.725129422386447953e-01,3.838512955947068761e-01,5.296623325723552878e-01,4.696166370638888976e-01,4.827243025583112246e-01,3.665533488805857720e-01,7.464277775173944196e-01,4.614066391878635098e-01,3.520505468086791434e-01,4.435350742550862035e-01,3.372592460239204892e-01,4.870951900480856578e-01,5.577738218350323240e-01,3.361813258944360561e-01,3.564459699367190648e-01,4.689252713418081142e-01,4.311922551396263903e-01,6.093928757916429184e-01,4.449590851085436505e-01,5.802367613603841567e-01,4.291735380828385904e-01,6.765018073538033860e-01,2.259380884835971992e-01,9.651359017612996805e-02,3.012087194086210951e-01,1.883044222336551499e-01
2.732112353497602175e-01,4.007050831446526407e-02,2.982012064823977848e-01,3.776133093732100265e-01,2.365134449063638344e-01,3.376588672711600680e-01,0.000000000000000000e+00,9.481407627435764485e-02,5.236278212906626539e-01,4.862442369520282304e-01,3.104131870053698505e-01,1.914344945879783710e-01,6.404459208862441910e-01,2.448223633255517118e-01,8.192579537197641759e-02,3.243334371572288988e-01,4.397521809784388780e-01,3.171157671199770212e-01,2.043152044079745711e-01,3.386031087756417035e-01,2.628102684621139717e-01,2.916954760127530299e-01,2.825202774892895397e-01,9.693605465826807266e-02,2.661256929749392652e-01,3.042066579224095291e-03,4.012901280603878296e-01,1.793796152118983245e-01,3.182617058496658990e-01,1.343051868654331904e-01,5.915941488883136312e-03,7.221107501747120461e-02,2.194270122917438837e-01,2.170746481621257107e-01,2.901427104669139778e-01,3.535274508020972428e-01,2.353091900656762991e-01,3.772359986347236793e-01,1.028713326920909915e-01,2.036911462924657079e-01,2.188916967506620015e-01,9.792406169414344386e-02,2.575106610223586445e-01,1.005788414685999804e-01,2.837750874973191673e-01,3.213812249832719847e-01,4.309747055364326895e-03,9.228977451788022979e-02,2.766381292935519154e-01,9.841618073255142818e-02,7.919107752910291287e-02,4.926010420970607373e-01,1.788478336606413865e-01,2.052131104093264935e-01,5.085740313629476539e-01,8.266976560307576216e-02,2.930815688808725006e-01,7.247683123054016185e-02,5.745651478346586183e-02,1.948589511101959382e-01,1.854353246405300304e-01,3.161594102395978712e-01,1.616228143243715609e-01,1.761454515702252921e-02,8.990192360411819461e-02,1.604195544409040275e-01,1.217547249012898430e-01,1.511011691401847323e-01,3.951013482711489277e-02,3.409746218153416608e-01,1.107736414097029443e-01,9.710827686687634186e-02,7.724471633145615912e-03,2.222367051677252570e-01,4.053981377612587700e-01,9.404767988450445093e-02
2.621154224325734639e-01,5.471473636994257372e-01,6.661993327200768089e-01,1.499754940978910989e-01,4.026151571596735534e-01,7.855334966953561038e-01,9.481407627435764485e-02,0.000000000000000000e+00,4.940424822968035312e-01,5.546953657331943344e-01,6.090871843685672360e-01,9.356928799552485243e-01,5.005290905592860717e-01,2.632993367285613173e-01,5.267704583774395211e-01,3.122517746064566446e-01,5.624314916037252976e-01,4.741421475479104530e-01,3.552603123585298950e-01,4.785669033779859638e-01,3.043874494988174639e-01,3.889137215195893615e-01,8.601405834811839402e-01,6.540136358390743476e-01,5.118631771057837732e-01,7.468122130540018055e-01,6.665014279187245760e-01,3.544683216710708962e-01,2.968188506730634613e-01,1.705664877961238224e-01,2.661429490100241518e-02,5.319458135989618697e-01,2.085759021146696701e-01,3.438793176293505338e-01,4.393592253117120094e-01,6.173670133033021257e-03,1.817692744834715213e-01,3.278063789467691724e-02,4.841915501243702069e-01,2.024399104173894293e-01,2.224338959768918100e-01,4.183216945798505781e-01,1.736065089832512509e-01,9.835355431747888622e-02,1.866478228188619970e-01,2.598643646065613710e-01,3.829080848233316070e-01,7.222319228153647463e-01,2.852052252153545187e-01,3.863213010162552252e-01,4.550803041803695992e-01,1.621655525989554869e-01,7.779673716223705071e-01,5.644482747527759248e-01,5.148260926762373568e-01,6.366408884387593226e-01,8.876314141492595011e-01,2.866540550826489064e-01,4.527418985955942721e-01,4.335590977661863965e-01,9.900901408794088310e-02,3.815825516848615484e-01,3.619745461365118100e-01,4.848665733016553903e-01,3.432482922476168818e-01,3.806747162639648741e-01,3.754368522596035485e-01,7.911637186052832282e-01,5.942639686027884061e-01,2.971401582781704187e-01,4.871515054326791549e-01,6.096030962181269164e-01,2.436740809129545604e-01,1.695395604316708715e-01,1.351748589189855076e-01,1.195885935411174772e-01
3.846432112648530133e-01,2.863151841979512113e-01,6.850798423750393829e-01,3.733766674423490972e-01,5.479788178450828440e-01,4.998784142193097302e-01,5.236278212906626539e-01,4.940424822968035312e-01,0.000000000000000000e+00,4.253980114658996170e-01,7.288240219118128360e-01,5.251611361474097794e-01,6.041750024405516672e-01,7.082798691118456780e-02,4.500540405609251837e-01,2.917877337528906878e-01,4.340214258347576126e-01,2.725095263342118823e-01,3.690423900847288330e-01,5.769632842102987436e-01,3.296953204189484454e-01,5.469815492359197950e-01,6.214263673524456078e-01,3.244042478855799772e-01,3.008465229900676441e-01,3.097022578559930350e-01,7.178531416083225869e-01,3.587719785346672463e-01,2.805055217662151823e-01,2.895928615821866114e-01,4.462352179310719036e-02,4.688504921447088636e-01,7.650569442740452752e-02,3.846071944665174214e-01,4.541271452213120341e-01,3.103302852627649600e-01,2.527782066992803611e-01,2.438113657739123252e-01,4.605921450306087461e-01,1.346553493554561720e-01,6.225486751623630910e-02,3.089414804659211811e-01,4.913163120108698934e-03,1.457492114221117241e-01,4.289603512596212864e-01,3.257005593895785367e-01,2.815076792833210995e-01,5.289074509453545181e-01,7.150416177300006337e-02,5.868823310752194766e-01,1.075428315159090431e-01,5.040969726701851616e-01,2.878374615305444029e-01,8.420802760727110758e-01,5.707975544777132981e-01,5.246657392150640975e-01,6.530386148826072823e-01,1.246146279772278320e-01,2.405963878214708029e-01,2.276846276323139517e-01,2.389067822455144263e-01,3.514195158408234265e-01,3.026594301793213981e-01,2.838154474570112051e-01,1.986232821475664712e-01,3.692235949252058447e-01,4.135306063494426088e-01,5.595946513832283919e-01,2.293983089581225487e-01,3.508720011567693087e-01,2.568775524037886782e-01,5.070427641273802521e-01,1.548834641342441976e-01,3.186570739389273377e-01,3.310916245990359053e-01,1.474743930085452570e-01
2.297665624515241312e-01,6.141519541862989762e-01,3.126377921134659843e-01,2.400322624911818692e-02,5.610457044327246123e-01,4.981836126398515585e-01,4.862442369520282304e-01,5.546953657331943344e-01,4.253980114658996170e-01,0.000000000000000000e+00,3.115670133207538717e-01,4.985444368884491273e-01,3.909541335415661067e-01,2.703186170962539325e-01,5.053535610620569773e-01,5.330709914585647358e-01,7.088211682747457276e-01,4.778853201661369399e-01,1.713056052186903710e-01,3.512385814746834534e-01,4.130123005221488230e-01,2.997573782721048574e-01,4.871378274425460231e-01,4.332396055093827858e-01,6.387646120361499813e-01,6.263400124552682691e-01,3.700862625208091727e-01,4.856438279489870835e-01,4.829962061650219796e-01,5.664725953301044670e-03,3.763331812507051399e-01,1.483679577318818832e-01,1.949963471556058203e-01,4.261140542945926479e-02,1.704958759879376951e-01,1.398372996418601466e-01,3.428842757967485166e-01,2.658027384545537108e-01,7.793999859249334250e-02,1.967967320245337381e-01,1.113929778829056000e-01,3.154120137810452751e-01,1.843257994827742219e-01,3.604509788876742449e-01,2.306765428487942138e-01,1.316367365417275836e-01,4.287813331792660332e-01,4.048521193330695267e-01,2.193853662651848169e-01,4.191412498189595048e-01,3.478088393249365029e-01,2.301793919273267819e-01,4.625961068837814993e-01,4.197181375265329750e-01,6.192009316665018082e-01,5.327136507419308886e-01,4.862106736896764647e-01,4.572032662871363673e-01,8.979444894126070720e-02,3.800422950636858643e-01,3.037884658573938856e-01,4.902169157246047404e-01,3.528518659251315137e-01,2.598810600297164486e-01,4.358025698539111925e-01,3.862842226727695172e-01,4.278610944678080119e-01,4.396688702922577074e-01,2.734659164732114456e-01,4.492709545043257480e-01,4.590745394119474243e-01,3.380309471708146107e-01,3.474952210380031214e-01,2.059647723868378577e-01,8.848297110206650162e-02,1.686681616483535762e-01
3.992731591670897195e-01,9.086848972425694282e-02,9.272089057772987530e-01,3.949458358371835121e-01,3.127980404327846409e-01,4.783623575999993993e-01,3.104131870053698505e-01,6.090871843685672360e-01,7.288240219118128360e-01,3.115670133207538717e-01,0.000000000000000000e+00,4.899362180209452799e-01,4.857733627353444383e-01,1.511776988178523129e-02,5.307771716291733721e-01,1.765341220451911997e-01,3.056783657623202144e-01,2.531998414175511414e-01,7.200415841847915832e-01,5.429589274695008072e-01,3.779568969345475926e-01,4.919237404245876411e-01,7.662443180882243521e-01,3.794550176484178250e-01,2.267234527596838078e-01,3.015936961528691285e-01,6.237200462026950554e-01,1.842431452175758710e-01,2.397431933339796151e-01,3.138681154982602139e-01,5.482977892588936086e-02,3.894189142883333066e-01,2.241351692709092902e-01,4.279722825486175219e-01,5.191594460848343306e-01,3.714628793864839240e-01,4.198437803738813145e-01,1.199576756904668362e-01,3.547334374553261505e-01,2.754968975015009147e-01,4.819341947565136675e-02,1.661421043642984652e-01,6.903234385439699361e-02,3.185783500094022114e-01,2.492569632533598867e-01,4.141328560658993352e-01,2.699347811880727366e-01,7.437716888163982132e-01,1.625496231893238108e-01,3.674913718452093581e-01,8.030706979387861044e-02,3.461705067899354948e-01,3.110556400505328778e-01,6.336383631465589694e-01,5.878818888663819298e-01,7.405952999382450219e-01,6.069887850725557144e-01,4.552908133213179331e-02,3.153662261395080435e-01,2.743517597335243252e-01,2.685712515979161163e-01,3.892146354040132983e-01,2.670221719189385667e-01,6.253906883430627728e-01,2.224761282308427568e-01,4.098825633939776614e-01,4.429570444895484238e-01,6.141660391846712752e-01,3.038546005773142267e-01,3.392376805734106937e-01,2.882041747118468944e-01,5.299395329423977063e-01,1.051925818668160983e-01,2.869786468314052263e-01,3.513616304773247712e-01,1.023959387844206870e-01
1.416359723530253301e-01,5.705202804336029221e-01,4.268188321136271446e-01,1.364348003845554380e-01,5.965280762693968564e-01,7.302726458340664806e-01,1.914344945879783710e-01,9.356928799552485243e-01,5.251611361474097794e-01,4.985444368884491273e-01,4.899362180209452799e-01,0.000000000000000000e+00,5.744632589380477272e-01,4.199405956584333910e-01,4.953717877435735439e-01,5.128299616972190611e-01,5.934911596031084979e-01,5.600851255134302598e-01,2.527389672529897213e-01,4.438666329125040555e-01,2.857287949858711706e-01,4.009500160130705093e-01,7.544310306957826562e-01,6.419092930141376829e-01,5.146336873169101711e-01,7.513583123306352141e-01,4.726948599808731277e-01,5.469117800335030477e-01,4.478264428845692424e-01,2.669401314087820332e-01,1.636283462673971956e-01,4.855820363660625083e-01,2.342033859424231534e-01,6.577013769431067081e-03,1.991170677568069869e-01,2.079740230973693149e-01,8.553482524765133876e-02,2.088488792267820249e-02,4.553286054196147847e-01,1.758061026665235227e-01,1.261047204637050778e-01,3.803573355565209591e-01,3.017065128829423126e-01,1.000761076457419435e-01,2.345292443954613559e-02,1.429182094818697568e-01,3.906157670034025031e-01,5.195291344284430624e-01,1.066993079912004344e-01,5.342797786523245662e-01,4.832014471935935362e-01,2.139241100396613582e-01,7.728240842771908481e-01,5.466393248505827529e-01,4.638814319786089269e-01,5.397473493078853712e-01,9.025732993462598497e-01,5.703241898481031802e-01,3.469775473465590565e-01,3.873334111602687035e-01,1.773960640987677917e-01,4.128273829648652082e-01,4.039877622952743885e-01,3.364001922336311567e-01,3.392736308502340981e-01,3.776312184051694998e-01,3.302191249732280287e-01,6.326103977153590963e-01,5.289865584125406084e-01,2.601364063092908019e-01,5.007395240969383376e-01,3.572699449455381537e-01,3.965088970118732514e-01,9.275841956678848588e-02,5.321089457544792012e-02,3.282903216622715115e-02
3.130705592599604681e-01,3.080711437218323079e-01,4.755107009914094074e-01,5.395476625027120221e-01,2.313439987071084225e-01,6.702316636766780800e-01,6.404459208862441910e-01,5.005290905592860717e-01,6.041750024405516672e-01,3.909541335415661067e-01,4.857733627353444383e-01,5.744632589380477272e-01,0.000000000000000000e+00,1.431911871950645732e-01,3.834382202753054969e-01,6.798082277747810043e-01,6.014561535094798961e-01,6.168784236016298106e-01,2.159461980416210736e-01,5.329692049694844114e-01,4.877959189498393133e-01,5.846075960997492160e-01,5.204308506394041967e-01,3.777618048746889112e-01,3.595973866417778164e-01,3.734820595020273970e-01,5.589121621422774577e-01,5.513249844652869935e-01,6.536462056033194301e-01,4.184157030737245542e-01,7.007761712242188690e-02,5.437735793143563257e-01,3.346837745181810986e-01,3.408127907457387806e-01,5.542480184384126485e-01,3.988547806058443390e-01,4.029753443926329393e-01,8.990447246885502341e-02,5.377798814343052181e-01,3.410077809707274810e-01,8.421166094006185543e-02,1.572851475551601264e-01,2.473042347807375696e-01,3.305531386975174568e-01,1.046215047640894624e-01,3.102738933767848484e-01,2.210320728401522217e-01,3.006931083567910279e-01,5.451570280423916059e-02,2.636212141400396392e-01,6.955040617365648714e-02,4.875673804311503323e-01,1.869642610384195103e-01,3.814875846600215281e-01,5.705892181634992788e-01,1.594491149909467165e-01,6.515737579974538729e-01,4.277421913104494933e-01,4.125242835266404451e-02,2.047341902689809312e-01,2.875724492933102727e-01,6.192403034351932067e-01,4.932179773874968420e-01,1.569718722797517341e-01,9.489974907004475324e-02,4.345473401255934842e-01,2.732747791397823200e-01,3.151719443222258388e-01,2.893311191789718628e-01,4.406059732232507908e-01,1.857782552943825771e-01,1.723953596549314127e-01,2.512712469019440786e-01,2.621437804500614255e-01,4.027283717036329036e-01,2.117542808380645791e-01
3.049537539811038034e-01,3.685145553168001631e-01,1.000217703443761486e-01,4.924591881394302373e-01,5.420565041548852658e-01,7.675012119337502881e-02,2.448223633255517118e-01,2.632993367285613173e-01,7.082798691118456780e-02,2.703186170962539325e-01,1.511776988178523129e-02,4.199405956584333910e-01,1.431911871950645732e-01,0.000000000000000000e+00,7.857970796222016330e-02,3.605248660877281158e-02,2.548298389293313093e-01,2.081701749174063032e-01,1.047204917686983816e-01,1.446623191118937279e-01,3.464724651408465639e-01,1.829681064817621494e-01,2.004361171721436019e-01,2.556719386306686159e-01,3.515700826351526587e-01,4.719610301737696689e-01,6.242344488443608841e-03,2.383166355188593988e-01,1.335542943426464568e-01,1.371288469202888161e-01,3.287365325751102907e-02,2.074416471489811398e-01,4.542450711729328350e-01,6.935157198248777244e-02,1.855436642382479184e-01,4.836032807548034107e-01,4.248835562486398265e-01,7.519254035040465189e-02,1.083369083941830985e-01,3.286956452465512046e-01,3.019584733609916860e-01,2.281555586392754742e-01,5.800484627116904157e-01,3.380814997029037428e-01,3.875017646924568127e-02,2.349908955841678027e-01,3.694318594128977451e-01,2.681341186575472713e-01,3.590236928141735673e-01,3.028892048089253386e-01,4.498344193751789843e-01,8.073023761310471613e-02,4.330369124019128879e-01,1.201069265887214355e-01,9.664639048697010182e-02,4.024634638845289158e-01,4.037961257401846416e-01,3.437355966416448805e-01,6.027468831554986251e-01,2.416679735682872587e-01,9.000714629752383511e-02,1.301651473878679688e-01,2.745727543244092517e-01,1.815085112933237377e-01,2.293712109111084030e-01,1.171184430880527622e-01,1.631240108427413071e-01,3.666432856774090587e-01,2.210893666299169613e-01,1.454734380967428742e-01,5.154431272192907532e-01,3.370715709517853598e-01,2.575690854883792014e-01,2.823033974882112052e-01,4.304568058670636965e-01,1.712406465353642493e-01
6.483289376569808526e-01,4.474330428478436317e-01,5.609704785647517955e-01,4.425788403472762367e-01,2.110364796159698575e-01,5.596248826760433781e-01,8.192579537197641759e-02,5.267704583774395211e-01,4.500540405609251837e-01,5.053535610620569773e-01,5.307771716291733721e-01,4.953717877435735439e-01,3.834382202753054969e-01,7.857970796222016330e-02,0.000000000000000000e+00,5.955369494372815264e-01,5.285267923730376793e-01,5.322341865117210524e-01,3.584405434331854878e-01,8.631157063272958396e-01,7.484144076187450034e-01,8.979261507475760906e-01,7.282657612416837400e-01,6.212845835351814561e-01,5.632317279779128771e-01,5.812107435317881432e-01,6.544812787783058639e-01,5.802888646602821776e-01,5.796978128433882826e-01,4.896116534391503627e-01,5.536412836624295952e-01,1.978837877957352609e-01,3.292639863709946879e-01,1.460396291937892110e-01,3.631853475929284203e-01,2.197147697234994590e-01,2.684422402810326957e-01,7.929067222099137058e-02,1.192619647062564681e-01,4.736158791146576896e-01,2.673566832739618926e-01,5.190061768841453677e-02,1.220151167159555516e-01,1.006493556979968368e-01,2.163878495258653167e-01,6.187507133268379533e-01,5.848253745870681808e-01,5.371250545468811977e-01,2.391059893319326113e-01,1.992862996307864509e-01,2.636715022853866053e-01,2.045529052697544758e-01,4.289973515803833237e-01,4.691623629681806462e-01,5.385761011354751604e-01,4.542824805653062903e-01,5.090983703069683619e-01,2.544897627569487897e-01,3.319550998133088265e-02,8.335547298715588749e-01,6.252188552792632414e-01,6.248025334832807420e-01,6.360237772617078900e-01,4.464783284833287458e-01,7.152321199777198490e-01,8.351556619595013053e-01,8.752054307021615021e-01,6.827579213790813117e-01,6.590919235373499108e-01,5.536525958169496997e-01,5.242250933788679124e-01,6.178416782283739916e-01,5.569218524315626695e-01,2.578723250680837187e-01,7.817909846604137458e-02,3.446973145405326511e-01
4.916098630184266294e-01,5.020670041475776557e-01,2.675475093508544178e-01,1.670228700824823997e-01,1.885041588683721570e-01,5.463806497311725074e-01,3.243334371572288988e-01,3.122517746064566446e-01,2.917877337528906878e-01,5.330709914585647358e-01,1.765341220451911997e-01,5.128299616972190611e-01,6.798082277747810043e-01,3.605248660877281158e-02,5.955369494372815264e-01,0.000000000000000000e+00,7.702776011262844058e-01,6.984257387178448573e-01,2.254153205704068075e-01,5.973065883739641091e-01,5.459565008279598786e-01,6.532852327801244030e-01,3.882187885733403010e-01,4.365808955482061715e-01,5.436364910651347859e-01,5.608309063943552886e-01,4.070609658935637754e-01,7.347466146477473758e-01,8.771451385558570735e-01,5.632390128518909300e-01,5.604519762881723377e-01,3.159451585836617893e-01,2.498450298899253796e-01,5.818424418429651856e-02,2.005788273983794279e-01,2.955218487485152812e-01,1.116289928322457409e-01,7.114743229338602037e-02,2.786045046894831123e-01,3.877306938890086041e-01,2.497126947390687912e-01,1.420515717969129954e-01,6.340624367317322652e-02,1.357900727488528525e-02,1.608559630734207602e-02,5.136422053886039452e-01,4.133369561883646903e-01,2.298693542130242906e-01,4.620876272298572729e-02,1.216672783290928817e-01,1.069456088805007254e-01,1.951450735577244799e-01,1.982401616360744412e-01,2.427105011681253977e-01,4.622618648025105248e-01,1.149919097386782052e-01,4.522701311347841480e-01,4.006147129489249226e-01,2.012975089584338392e-02,6.187619935284690564e-01,6.811007990489091890e-01,7.063114175980889087e-01,6.852749321257205484e-01,1.687627909983974994e-01,4.461937880509456167e-01,5.602660534557689642e-01,5.419206508322618188e-01,2.121791159950208172e-01,3.953740740990696612e-01,5.309062786995217831e-01,4.645387094650430537e-01,1.687452092911556067e-01,4.645685521454279154e-01,3.138777996578581697e-01,1.412213913866633419e-02,2.384989769492698586e-01
1.206296930244489252e-01,6.712671255678590576e-01,3.576119626583965094e-01,2.407621649408774739e-02,5.189387954721714769e-01,6.022931029273361769e-01,4.397521809784388780e-01,5.624314916037252976e-01,4.340214258347576126e-01,7.088211682747457276e-01,3.056783657623202144e-01,5.934911596031084979e-01,6.014561535094798961e-01,2.548298389293313093e-01,5.285267923730376793e-01,7.702776011262844058e-01,0.000000000000000000e+00,8.011353775968508284e-01,2.260612613860863429e-01,5.066865004219570645e-01,3.540583170513022515e-01,4.539948276887215695e-01,4.089651244810614816e-01,3.950738141828609717e-01,6.619613412787996864e-01,7.008233015391013287e-01,3.984445739830264621e-01,5.873556892267212115e-01,7.508156291759229273e-01,1.768168090760275646e-01,3.550080818802544558e-01,3.225668953236260350e-01,9.791297001004613254e-02,9.187264643599576952e-02,2.559813961272887628e-01,2.221974424366608691e-02,1.705839960126288024e-01,6.062181518372994349e-02,2.688535023640709620e-01,2.496897522175870465e-01,8.282409244584368335e-02,3.555767853951883883e-01,2.849772391010380046e-01,2.743719334765467588e-01,1.647061818436496572e-01,1.383797437648239259e-01,4.888006082523876916e-01,4.163385054915698658e-01,1.503510743551696727e-01,4.646954124037102618e-01,4.889680507522419228e-01,4.046850078421601604e-01,4.693962778799596336e-01,5.272984644724243442e-01,4.792791203008417433e-01,4.796365786305701318e-01,5.214758881287279157e-01,6.713487982792554210e-01,3.139677348356383346e-01,4.623174556459856976e-01,4.995679538024924149e-01,6.093751152013111572e-01,6.336096932493335832e-01,2.987596205906987157e-01,4.834533940577484534e-01,3.375467773407223593e-01,4.597615757793060420e-01,3.961353745112726754e-01,2.972307245272970411e-01,5.083032951729540283e-01,5.549330893825064059e-01,3.601535833879563331e-01,5.511725097819031305e-01,3.709727609074268129e-01,4.046161714529207531e-02,1.707948991090099122e-01
7.898851966267125824e-02,7.124220490365893443e-01,2.974642588080864680e-01,1.181747542200762280e-01,3.904540287810297494e-01,6.751183412098125114e-01,3.171157671199770212e-01,4.741421475479104530e-01,2.725095263342118823e-01,4.778853201661369399e-01,2.531998414175511414e-01,5.600851255134302598e-01,6.168784236016298106e-01,2.081701749174063032e-01,5.322341865117210524e-01,6.984257387178448573e-01,8.011353775968508284e-01,0.000000000000000000e+00,1.981041304577290663e-01,6.360169283386591932e-01,3.517583675104040686e-01,5.983511560802226015e-01,4.172088782280918284e-01,3.138725010464741838e-01,7.405264779726299373e-01,6.404690158433069547e-01,4.851496861512833436e-01,5.849002589962208898e-01,9.176148183114950507e-01,4.349195158387244575e-01,2.859091354469592838e-01,2.629260902686204604e-01,1.751942288989274954e-01,1.562884072072855401e-01,3.214226259269028496e-01,5.792574146171787508e-02,2.661469318642976922e-02,9.251536637866275559e-02,2.700393093790501853e-01,3.671372394525855842e-01,7.656829084148025766e-03,2.918308014712815979e-01,2.359856755657805394e-01,1.259574670048925482e-01,2.155344461336000661e-03,1.919446639541931010e-01,5.940461603100903876e-01,2.839767020873432135e-01,1.251646831458433189e-02,3.406048600803434634e-01,4.136798729539926667e-01,3.418870640071700606e-01,3.943835220975884237e-01,3.997178938918767299e-01,3.685352367879496382e-01,3.157969832835695323e-01,4.837274914088838251e-01,5.672957265607665445e-01,2.670236625469072367e-01,4.931792207696884534e-01,5.765216900144072287e-01,5.245894534304823553e-01,7.839701021124592106e-01,2.974689372949493871e-01,4.601951699814947339e-01,3.665957167823603036e-01,4.672451215893520526e-01,2.664335126758035632e-01,3.288079808019469530e-01,5.390225313084677783e-01,5.474846584551161799e-01,3.820349143732227337e-01,5.213998353052078372e-01,3.287205497392439169e-01,4.611919809858822106e-02,7.731645679087578715e-02
2.116856304614085083e-01,9.740365103330916874e-02,6.691318670052563977e-01,1.434084373972348003e-01,2.322287068559651113e-01,2.623167531876595682e-01,2.043152044079745711e-01,3.552603123585298950e-01,3.690423900847288330e-01,1.713056052186903710e-01,7.200415841847915832e-01,2.527389672529897213e-01,2.159461980416210736e-01,1.047204917686983816e-01,3.584405434331854878e-01,2.254153205704068075e-01,2.260612613860863429e-01,1.981041304577290663e-01,0.000000000000000000e+00,3.778792998381055313e-01,2.104370177777124262e-01,3.548489532861190954e-01,4.159612988060811256e-01,2.056537214430502469e-01,2.083877577014775495e-01,2.403080687180188801e-01,2.982797338994398473e-01,2.479719472218832876e-01,3.422354062851451495e-01,3.309750502212555068e-01,1.990529789656882986e-01,2.257814043992645292e-01,2.221565301549321969e-01,6.673482031715541329e-04,1.662694663901288228e-01,1.675085836967726838e-01,1.746699760309323168e-01,2.332504102227998810e-02,2.374417517701767344e-01,2.988701612216182468e-01,1.234482987819917055e-01,1.456013845468160928e-01,7.842180701201295623e-03,8.177648272528621753e-02,1.855574669377080266e-03,2.803572026669912676e-01,3.194047231726978575e-01,5.253643043582733041e-01,3.616416495184857777e-02,1.863946331669436851e-01,4.380788808696511882e-02,3.086319998187699865e-01,1.363081074674871163e-01,3.178890664925417275e-01,3.479683321755184799e-01,6.899043733630383368e-01,2.758445188570050610e-01,1.661520562823076419e-01,2.629441578745348451e-01,2.296868252315624193e-01,3.008602263154862566e-01,3.316349776928535498e-01,2.934659651129033486e-01,8.588409314075412526e-01,2.716494182953008707e-01,2.799305615738814645e-01,3.856640159790147848e-01,2.741145967723810917e-01,1.756229156964083937e-01,3.512994028318923712e-01,3.257511360643428056e-01,2.117300926250922366e-01,2.537088371765403028e-01,1.629327483200511406e-02,1.045414403674066184e-01,4.670013839816535006e-02
6.445438370230274217e-01,4.201809052302117320e-01,5.884795759512375657e-01,5.529704206136257794e-01,1.279772808986619492e-01,6.555015689017584801e-01,3.386031087756417035e-01,4.785669033779859638e-01,5.769632842102987436e-01,3.512385814746834534e-01,5.429589274695008072e-01,4.438666329125040555e-01,5.329692049694844114e-01,1.446623191118937279e-01,8.631157063272958396e-01,5.973065883739641091e-01,5.066865004219570645e-01,6.360169283386591932e-01,3.778792998381055313e-01,0.000000000000000000e+00,7.420073795802804018e-01,9.975197452715581781e-01,7.009448362413644995e-01,4.943949038431261767e-01,6.089750611406025138e-01,4.577622897852027251e-01,7.556129846305060793e-01,5.542290586946003739e-01,6.738107964235910963e-01,5.485045801548698030e-01,3.948243136473166826e-01,2.596865008116353568e-01,4.355320980311748191e-01,2.399714343293417040e-01,4.517139499416882864e-01,4.307964418542434837e-01,4.335006526229883694e-01,3.751021747001273554e-02,1.718341203117985660e-01,5.448057566084021364e-01,3.174273968628027465e-01,7.152381962909684643e-02,1.789908463627118695e-01,2.090613154257947859e-01,2.223219668640209479e-01,6.318002876725345995e-01,5.695085397451189468e-01,4.372065779453859768e-01,2.290666622904583005e-02,1.580464160043541788e-01,2.514387650768922233e-01,4.444110848644252654e-01,2.320838297994003707e-01,5.163015466728819725e-01,5.898456694663356537e-01,3.175096164409746957e-01,5.160556387095660558e-01,2.633223928605679109e-01,8.715184715558071948e-03,6.109699575814800943e-01,7.050141020616940146e-01,6.304667426845642630e-01,6.730552908354434649e-01,4.081913998253595688e-01,7.237344981250543041e-01,7.688100142751432831e-01,8.913686754317334815e-01,5.103275907166778813e-01,5.555114728437438032e-01,6.523799744945650847e-01,4.608631823334781163e-01,6.014599039393480062e-01,5.331166311650197276e-01,1.925761581861162863e-01,9.055960300778589933e-02,2.348983397356500247e-01
8.745033024834815150e-01,1.924949209028801733e-01,3.552122129875499024e-01,7.467989590212025242e-01,2.168391669058389593e-01,4.786166916169825591e-01,2.628102684621139717e-01,3.043874494988174639e-01,3.296953204189484454e-01,4.130123005221488230e-01,3.779568969345475926e-01,2.857287949858711706e-01,4.877959189498393133e-01,3.464724651408465639e-01,7.484144076187450034e-01,5.459565008279598786e-01,3.540583170513022515e-01,3.517583675104040686e-01,2.104370177777124262e-01,7.420073795802804018e-01,0.000000000000000000e+00,7.927833928216091453e-01,4.179056719751458315e-01,5.692756419763356224e-01,3.440758025719703461e-01,2.973912467140936711e-01,5.216107824021848360e-01,3.513808784216896353e-01,6.648119615758620871e-01,5.119924048650846826e-01,4.346115381319393678e-01,1.212412781620453017e-01,6.212344753063947511e-01,1.311134541633067752e-01,4.194414932841373789e-01,5.746508301386383799e-01,5.891350029764439444e-01,9.799919759360960214e-02,8.344714502651559562e-02,6.823293086813091435e-01,5.062893662086638269e-01,1.352160184343915439e-01,5.334306618473408923e-01,3.765204872412651338e-01,1.951759832535746864e-01,8.404267674806417121e-01,1.195622207186345654e-01,2.237103373261445649e-01,3.452572204914412801e-02,2.077842478555857464e-01,2.639697256979526285e-01,7.146216928321211248e-02,8.783762003811829144e-02,1.207350708365517999e-01,5.253683863222883277e-01,5.567687727722792079e-02,2.845376111563038823e-01,1.936964396987043979e-01,2.378920296899776354e-01,6.088941671222326546e-01,4.414279007650562248e-01,5.210493138653694567e-01,2.634136383539373294e-01,1.970691291816656088e-01,3.772848042278006409e-01,8.039895726503196727e-01,5.602870150502043955e-01,2.290704319754897633e-01,5.758992066024380962e-01,3.922514259270146186e-01,1.357202853932731879e-01,1.468174583550911350e-01,1.609216354792641357e-01,6.867595011566973717e-02,2.395931947483870283e-01,2.592414536313562001e-01
