0.000000000000000000e+00,2.935257265395821435e-01,5.989757610094996465e-02,1.528028635082229192e-01,3.514070606247722273e-01,3.140557734176019355e-02,1.043264550734323282e-01,1.085670635670885897e-01,8.833631049149892611e-02,1.424744969044876020e-01,2.538092778925220561e-01,3.700201910191805443e-02,9.404348387735066150e-02,8.830397021011324871e-03,5.778847897981486126e-01,5.076187356180175136e-01,3.677032414145499084e-01,4.355709682430030094e-01,1.924706266046123104e-01,5.412918489619049645e-01,7.073542185361633150e-01,5.531304746003958828e-01,1.766353322289337113e-01,3.753667183326074297e-01,5.445342474644250252e-01,3.962033300238742006e-01,2.211270515149283133e-01,1.460777875105294388e-01,4.587673507536780826e-01,1.126662609376091195e-01,4.910463603044591396e-01,9.609228410198905612e-02,2.654647959038194949e-01,7.831911146368325527e-02,2.440573785331068835e-01,3.950270081767198738e-02,3.237435233115739108e-01,3.132836285815590038e-01,6.435953354515185076e-02,3.099032232105158879e-02,1.013194587664825175e-01,4.587021580300992829e-01,2.006366818003741670e-01,1.375893325482247243e-01,2.439842953528409963e-01,6.624656985687524813e-01,3.231306964599766074e-01,2.149276673821865768e-01,1.502630384503671895e-02,3.641850432226308998e-01,3.115774677578021790e-02,1.421322965470934174e-01,1.363928881826367290e-01,3.271853799913976291e-01,4.136792903125291465e-02,9.710925708089961084e-02,1.543610177607527834e-01,2.344956160261398581e-01,1.392704317134784986e-01,5.893671515129316196e-01,7.444337835247044621e-02,1.084092021864022926e-01,1.745194428135024567e-01,6.031101259105448031e-02,5.994542403808509334e-01,6.768385003576640191e-01,6.544287537451695114e-01,2.591880470178544726e-01,3.471684435040037764e-01,4.634737367429694888e-01,3.625074409653475938e-01,2.725294419626005382e-01,3.358467221993691187e-01,4.989210240959821019e-01,2.722766703420484991e-01,1.488227224980008812e-01
2.935257265395821435e-01,0.000000000000000000e+00,2.413052468888189916e-01,2.474342861073596245e-01,2.699017266840759155e-01,4.487395904688530335e-01,4.824958742569133152e-01,9.774912233775301384e-02,8.116265983772927295e-02,6.397983515503546936e-01,2.280607049587478619e-01,5.154962748949208917e-01,1.991583628876176237e-01,9.476893514259568385e-02,2.504707804536079330e-01,5.295379019054227143e-01,7.258950447484029400e-01,5.734105678005382289e-01,4.696367592715939843e-01,4.837495977973899075e-01,2.853599128598949264e-01,5.894173878916111331e-01,2.959133778580400054e-01,3.258090690953938662e-01,8.006516766150462150e-01,7.738310287009705357e-01,2.309012090818305940e-01,1.071991386301978377e-01,3.831505928293115759e-01,9.664855599791412344e-02,1.593539314795751338e-01,1.419887536376007037e-02,3.055545682211129321e-01,2.141131269377639645e-01,2.859285745928999978e-01,9.187551648476240118e-02,2.456958457490586445e-01,2.325732174560515841e-01,7.587539468553142208e-02,8.211029962885635358e-02,3.689541019988198944e-02,4.422496660124308754e-01,2.408369168800482685e-01,3.551509136553731572e-01,2.627593211093705028e-01,2.394940103643306284e-01,6.573500988640418319e-01,1.276306366440083662e-01,1.388822868039336633e-01,3.458448209288717545e-01,5.045297154102681425e-01,7.553109628884177584e-02,1.749317874119654670e-02,3.430211398302678294e-01,3.342309509920609045e-01,1.653314347156938924e-01,3.823422948985749081e-01,3.604578366888407936e-01,1.558178821778114231e-01,2.332730249850998305e-01,3.399688907888254730e-01,4.616625880917836211e-01,3.633872443256456197e-01,3.970637083146785762e-02,5.215755357630613709e-01,1.510301192712242002e-01,5.641843757815473426e-01,1.850180650851975250e-01,4.416563496090115115e-01,6.950418523244636937e-01,6.823254117202011138e-01,2.244189602616202539e-01,3.853912435809123682e-01,4.022599400686243665e-01,2.660627019320093156e-01,6.901918866578417300e-02
5.989757610094996465e-02,2.413052468888189916e-01,0.000000000000000000e+00,9.048331343122914538e-02,2.739953819378961319e-01,2.955200771500327561e-01,3.514114096850613489e-01,3.911775906836004735e-01,5.690622675081631332e-01,5.204819638398888726e-03,8.149777388068273343e-01,1.946837843476141028e-01,7.190535670422049108e-03,1.511175817513046860e-01,1.787309126472399479e-01,2.229625410372225169e-01,4.451930475071649851e-02,2.054062284414290562e-01,7.539302289392365575e-01,2.201606806611317024e-02,3.059226217323363084e-02,2.110482940699043297e-02,4.904112435014353344e-01,3.116519861546935832e-01,3.900568331955145407e-02,3.116447115130113743e-01,2.409019893065535434e-01,3.475372088991973696e-02,1.366402325453167088e-02,8.605558767094345640e-02,2.964366305339933838e-01,1.034784933033780774e-01,2.684225997885307802e-01,1.246044825112160581e-01,2.868050688830105222e-02,9.173209182093471081e-02,1.546581192736107557e-01,1.271563873304800696e-01,5.199960328824121403e-02,2.814814909009668020e-01,1.203194211981542805e-01,1.752777308669101197e-03,7.301022155585162876e-02,5.762410867534581427e-02,1.452893157709578553e-01,1.542145882776846666e-01,2.245035846336492780e-01,6.904699091603808681e-01,1.168568066257453519e-01,1.087624105747686531e-01,2.086777673021474877e-01,9.403536212808655259e-02,3.567864039545296517e-01,3.611199540057287161e-01,9.146472503162036971e-02,6.767279241239576582e-01,9.585487060924585689e-02,1.132772769578012095e-01,1.016449073848998408e-01,9.783302770718471653e-02,1.690323272740212879e-01,8.668731756892840423e-02,1.420298562179414525e-01,4.802455046994257848e-01,1.238708839376003179e-01,4.111599726331760518e-02,1.328715715784106743e-02,2.022625318651707915e-01,1.832639135394794616e-01,1.235800956933680306e-03,1.872695421305641816e-01,3.094491884216288291e-03,8.976407824498183752e-02,1.016531873564511940e-01,4.242573525723056238e-02,7.316672753433006715e-03
1.528028635082229192e-01,2.474342861073596245e-01,9.048331343122914538e-02,0.000000000000000000e+00,7.212242425898465759e-02,1.506323688050653919e-01,1.446444352980368053e-01,7.542676082505452018e-02,1.767712659114156759e-03,5.272435036076666970e-01,1.472767795298549343e-01,6.476414407036140686e-01,2.775835352348057783e-02,1.708586878773794837e-01,3.385723731510060230e-01,9.058763977416350865e-02,3.329283404865091556e-01,1.190212888844739136e-01,3.299564205607630196e-02,1.798095307900726969e-01,1.932210957061291923e-01,6.819621739865437682e-02,4.287262426465571208e-02,9.844931887698445128e-02,8.098598798366893337e-02,2.387123708601164018e-01,4.537699922963267518e-01,1.379448859361264990e-01,3.603409557471659586e-01,4.218253044147003417e-01,2.138274748837997730e-01,1.513261892103525963e-01,1.508452860525372474e-01,1.528826167233668376e-01,7.800375520049884770e-02,1.173288190876026205e-02,2.926604281606801639e-01,1.268732339522826158e-01,2.442140690216535182e-01,1.738963799591544679e-02,1.903489538748757703e-01,1.639010136635229639e-02,9.262864368985043728e-02,1.870823391601316929e-02,1.028793172412369589e-01,2.267751405397257919e-02,2.709013419282279012e-01,1.874696677941661838e-01,4.389307891529686811e-01,4.236539319108030832e-01,2.387241400842965780e-02,5.326397985424888848e-01,8.883389387840842644e-02,1.976651907957630572e-01,6.073313835979222697e-01,3.822537626225607221e-01,6.755440467033664298e-01,2.876409275256791576e-01,4.487494851714508570e-01,1.839271241237070420e-01,1.954853618414696959e-01,4.888912228766458812e-01,3.487741740448641048e-01,1.725229148814714508e-01,1.687496457863769117e-01,3.912214892930983012e-01,2.135811495060409571e-01,6.084294002567095655e-02,1.647887269226840090e-01,1.319100597022978827e-01,1.422602298323649705e-01,3.121217404596851042e-01,3.278033632256838747e-01,1.160388062129049797e-01,2.454641065994516425e-01,7.348232698170653610e-02
3.514070606247722273e-01,2.699017266840759155e-01,2.739953819378961319e-01,7.212242425898465759e-02,0.000000000000000000e+00,8.863296117938321284e-02,6.160483868757877790e-01,1.583468063566083051e-01,5.644951775186937137e-01,2.878632676632295606e-01,6.255544479118725354e-01,1.463173638135132626e-01,2.092809535776583851e-01,4.905524074813205626e-02,4.197436750011399598e-01,4.423421489924451167e-01,3.756314347750349669e-01,4.534607464555278078e-01,5.045636467405381076e-01,5.488566008813435815e-01,4.241607557379022397e-01,5.438288742485634097e-01,3.365034506618521659e-01,3.771522292478845378e-02,4.573272096085170269e-01,3.792406921326351710e-01,4.463438751665641524e-01,3.172882528286400383e-01,5.002582058728897163e-01,4.638288274383112197e-02,1.948349829132433875e-01,1.872331818171228957e-01,1.223764367910177148e-01,1.455058563463916821e-01,2.960293846892392278e-01,1.345292280933196860e-01,5.150430074637630806e-01,2.692196129439725083e-01,3.640008453402406030e-02,2.616100269215982932e-01,3.302968842051190457e-01,3.044309880444868721e-01,3.014555316025244736e-01,1.975981448188617595e-01,2.641182975701451552e-01,2.505658934508964708e-01,3.426200932856882098e-01,1.881460923511215078e-01,1.291850616951845110e-01,3.635435166306733024e-02,1.452656588772879842e-01,2.032219361254315737e-01,8.262043612693481531e-02,6.631912130395850591e-01,1.073492789039624945e-01,2.824372402252432468e-01,6.919137574518105516e-02,3.968832962765743710e-01,4.665736650958790532e-02,3.207731158825258833e-01,2.666126735887722754e-01,1.807784880155675622e-01,8.771808342857247143e-02,1.713419443736460268e-01,3.438140625465866407e-01,3.045184434436772336e-01,4.424349650827739677e-01,3.901797541323596685e-01,6.483483973578937909e-03,3.342646442520210703e-01,3.476668726561369382e-01,2.585836162100335622e-01,3.123795868192688063e-01,3.368664358190885388e-01,3.863814989112618337e-01,1.720401944546692263e-01
3.140557734176019355e-02,4.487395904688530335e-01,2.955200771500327561e-01,1.506323688050653919e-01,8.863296117938321284e-02,0.000000000000000000e+00,2.869883242046608607e-01,5.085809709584574456e-01,4.188113013807742147e-01,1.381793085614685390e-02,3.141687433046240763e-01,2.031685996859666776e-01,9.401609002163574536e-02,9.175726255157463929e-02,9.818142703850069042e-02,1.307504876189348741e-01,4.822391475293308361e-02,1.644142891141423535e-01,4.604884749680663303e-01,9.094088128587851649e-02,2.929086811375952726e-02,1.028611903097204072e-02,5.770803144513440008e-01,2.855539160492299167e-01,1.656598538180920066e-01,3.843736405198043826e-01,4.856364141783590105e-01,9.767976425264215945e-02,3.629260154402320637e-01,1.149357122015382676e-01,3.121431090893561633e-01,1.284102310631647648e-02,2.258725054058680071e-01,2.427331417425328958e-02,2.057788172532878379e-01,2.296193714834414423e-02,1.220006537428279664e-01,1.606755141928316866e-01,7.467612646494455053e-02,2.188503742335507762e-01,2.577421833733322121e-01,6.274682219408703188e-02,2.613147185466370426e-02,2.749816013309203805e-02,1.623169148347482493e-01,2.406253667968202281e-01,3.984564044331665444e-01,2.544571255819587097e-01,2.007770484528083044e-01,1.150136234625035864e-01,3.654220186512570079e-01,8.027805975630164514e-02,3.991058660611098152e-01,8.881724448971528574e-02,1.104549340712317612e-01,1.508110148016595653e-01,6.210060310985535126e-02,6.236822179745399319e-02,1.452770588557543707e-01,1.329286977554766658e-02,1.266084244558979277e-02,7.111255021934861920e-02,2.290749909714149823e-01,2.235297982538854145e-01,2.857543440018822656e-02,5.517793400784926083e-02,1.332279141594122640e-02,2.319892119803139696e-01,1.267732056187945433e-01,2.029487970643392147e-01,1.502606251742991117e-01,1.288682132761780341e-01,2.862653047899831882e-01,2.218404898587126861e-01,6.535344910173156163e-02,3.311258200157118914e-02
1.043264550734323282e-01,4.824958742569133152e-01,3.514114096850613489e-01,1.446444352980368053e-01,6.160483868757877790e-01,2.869883242046608607e-01,0.000000000000000000e+00,1.716629589861795591e-02,3.614997917208601086e-01,3.332543818640995026e-01,5.423625565846268426e-01,2.552199057404994642e-01,2.426599842851286937e-01,9.703557607143925567e-02,1.701417996490975637e-01,3.406771332859582779e-01,4.398118011657087267e-01,3.174493418360726515e-01,5.075262362449040054e-01,2.772834352114406098e-01,1.064342969539955885e-01,3.371643729076032048e-01,2.752715261609484099e-01,3.334610341361902291e-02,4.574946736056179075e-01,4.386783997149956149e-01,2.926940835842432587e-01,1.764919299444511758e-01,4.507250062793590195e-01,1.076304970860125776e-01,8.448296052606074635e-02,1.247944771708833500e-01,8.295256809352391514e-02,2.431542082654039594e-02,1.698404126634664446e-01,3.795198122380791239e-02,2.887785831171995055e-01,2.196462910362188548e-01,1.075081621629767198e-01,1.739619653499563934e-01,5.362186266193853107e-03,1.212448793853425355e-01,2.860543745604356425e-01,2.862821577851190069e-01,1.228103435158418300e-01,6.660947258312845121e-02,2.488776693571445320e-01,1.186871121712943788e-01,6.405518153099845624e-02,4.741572262317877984e-02,1.003169269344588582e-01,5.124869499895606806e-02,5.749227161136240272e-02,3.960111763476462099e-01,1.110909059511755170e-01,1.928873514253237886e-01,1.500248496344664950e-01,3.347340093154868579e-02,5.969664135785235359e-02,5.722386949840652798e-02,6.291470132077220390e-02,9.314601068973990539e-02,8.949157026914428270e-03,1.341973342164265171e-01,1.858121955731249775e-01,4.749785960928645800e-02,2.127413963559158239e-01,5.277938289904554603e-02,6.746116500858695408e-02,2.929451280120227152e-01,1.723350411770561419e-01,9.964088366799767060e-02,6.359449915335453618e-02,2.039579027022966895e-01,1.253480408674107482e-01,5.895300718679760688e-02
1.085670635670885897e-01,9.774912233775301384e-02,3.911775906836004735e-01,7.542676082505452018e-02,1.583468063566083051e-01,5.085809709584574456e-01,1.716629589861795591e-02,0.000000000000000000e+00,4.994574209048925906e-01,4.905400120426756105e-03,3.331745313079435555e-01,3.553072431169862488e-01,1.273407721261648473e-01,1.806780686658314983e-01,1.265588839584618208e-01,1.796314966007910574e-01,2.623396813470771916e-01,2.361297750968428533e-01,4.388139176258655239e-01,7.926340258485764512e-02,2.537848176466311889e-02,2.047824730535935389e-01,6.722507062720455284e-01,2.380107846641998925e-01,2.280107853332599688e-01,1.958252588744526790e-01,1.136339047535805113e-01,7.230620746690877287e-02,2.048038355764236484e-01,3.078537134411780674e-01,3.593805565671012725e-01,8.737307671559169098e-02,1.791388847063205281e-01,4.473248227197898497e-02,6.936392113211105326e-02,1.487692309030094751e-02,1.347245225554685177e-01,4.154350744965043529e-02,5.942049324450558723e-02,2.635263371361319384e-01,9.005814952454636868e-03,8.869069972556831161e-02,8.737012190612550300e-02,1.734737948491281434e-01,1.156723641939570585e-01,2.476697526124211901e-01,1.146322390702305682e-01,2.590196089709120852e-01,1.071858879596163244e-01,2.128939958040342861e-01,2.051423435571113063e-01,1.133158428846253313e-01,7.546682111210852861e-01,2.726661411117808909e-01,3.315298122774447409e-02,2.043485978671944481e-01,2.501948805921680452e-01,3.018020100370089054e-02,1.625563895318688223e-01,2.431455857632537632e-01,3.206474222138297470e-01,5.816675769946388908e-02,3.383702419128503114e-01,3.502686743341813513e-01,2.315045393087685477e-01,2.352750823586939044e-01,2.652703883749997216e-01,3.229007258114995338e-01,1.825449555624314435e-01,1.362930168495202765e-01,5.470431178023968388e-02,2.964461670380192371e-01,2.085940863853518179e-01,5.746217004415741236e-01,2.145835700329733475e-01,2.297160733912757546e-01
8.833631049149892611e-02,8.116265983772927295e-02,5.690622675081631332e-01,1.767712659114156759e-03,5.644951775186937137e-01,4.188113013807742147e-01,3.614997917208601086e-01,4.994574209048925906e-01,0.000000000000000000e+00,1.856988733388791613e-01,6.992166393208976150e-01,2.469225237206980894e-01,1.776364787457473948e-01,1.350068664679586750e-01,2.188526261996737166e-01,1.022087491709234575e-01,1.104828860596246409e-02,1.298868091188257468e-01,6.123768599158203596e-01,1.627923390650686808e-01,1.938860654566553487e-01,8.119185893425084899e-02,5.038260662823941249e-01,6.869576181587469521e-02,1.486358514199018210e-02,2.737638875804038197e-01,4.738551961116623801e-01,8.978147600859315292e-02,2.474662965571518547e-01,3.122643610947363757e-01,1.219295057119514358e-01,2.633057745274762773e-01,5.225667042915251026e-02,1.407909407078661856e-01,6.897728961594512542e-02,2.442719170011808660e-01,2.377738506467704793e-01,5.112717796013846461e-02,1.404243613148769554e-01,1.963042332614867991e-01,4.238553762261647317e-02,2.236236189629167703e-02,1.661107016541679693e-02,2.082737520444684631e-01,2.419459969021758861e-01,4.350516671068430097e-02,1.399962335135211955e-01,3.802375016733064439e-01,2.866631061029940031e-01,4.087683915551312275e-01,1.308760748448067890e-01,3.936470600468209291e-01,3.681083687849321939e-01,6.783488029770433636e-01,2.136763466399431710e-01,4.296616746184265812e-01,2.316792857105065273e-01,2.722803473091677806e-01,1.661267503033828363e-01,1.581589144000819513e-01,7.437564280104116965e-02,2.082594036987211739e-01,2.896062799802892607e-02,2.701630678669295627e-01,2.657618901941161127e-02,1.010822790228507739e-02,3.104935429760452559e-02,2.987036564395209037e-01,7.938402141413332391e-02,1.092568735497623233e-01,1.914435327719555824e-01,7.710882493886045408e-02,4.989749958577116562e-02,1.217961180316561864e-01,2.658410108962699359e-01,2.159734722009008789e-02
1.424744969044876020e-01,6.397983515503546936e-01,5.204819638398888726e-03,5.272435036076666970e-01,2.878632676632295606e-01,1.381793085614685390e-02,3.332543818640995026e-01,4.905400120426756105e-03,1.856988733388791613e-01,0.000000000000000000e+00,2.508557836951715025e-02,8.178073529259495267e-01,1.244955832391851369e-01,1.840017266565757703e-02,1.497671959280714449e-01,3.667738294757666995e-01,7.436836552141657952e-01,3.798528548006574468e-01,2.575918037394333560e-01,8.428600628493757019e-02,1.054816358614108773e-01,2.878216190236317362e-01,7.520143586877028885e-02,1.139323288299885772e-01,4.434009027676365511e-01,6.728487964367091401e-01,2.384839792344387588e-01,2.429289500456749407e-02,4.915636345051266343e-02,1.389680916389025578e-01,2.775325763520697930e-01,1.757481425893797078e-01,1.298142696657018369e-01,1.313428671044871987e-01,1.948246638995758673e-01,1.058449211031620291e-01,8.117551879469125931e-02,1.454253281880332760e-01,1.299386898338423801e-01,1.632255384580719171e-02,2.569230901314423221e-01,2.794154926140638429e-01,2.025297096459822421e-01,2.481013078986556986e-01,1.910816690989259881e-01,1.457840989449139535e-01,5.000995370430319498e-02,7.851972067220999718e-02,3.041097862379819605e-01,1.944462106998117168e-01,1.411569874061056051e-01,5.246716866365577214e-01,1.573084207449963468e-01,4.804641164825386168e-01,7.880051853373951642e-01,4.053916718285411891e-01,8.074772884579446419e-01,5.404182709887396241e-01,1.803974184711189810e-01,1.005329579585352850e-01,3.401119165307523451e-01,7.413360982271317567e-01,5.075146004194720506e-01,1.930917330268383247e-01,1.745827584093459228e-01,1.118556608069824487e-01,1.818246386739705844e-01,4.405538764448052591e-02,3.894453460300275061e-01,4.530949714448681553e-01,5.684866062899374128e-01,6.721105854367093180e-02,5.035712897503091812e-01,2.015624374778430539e-01,3.383376385205588144e-01,1.710276720657862293e-01
2.538092778925220561e-01,2.280607049587478619e-01,8.149777388068273343e-01,1.472767795298549343e-01,6.255544479118725354e-01,3.141687433046240763e-01,5.423625565846268426e-01,3.331745313079435555e-01,6.992166393208976150e-01,2.508557836951715025e-02,0.000000000000000000e+00,6.203638421988666440e-02,1.413741166404255400e-01,1.632833577845912987e-02,4.309808339850262349e-01,9.666637726819740650e-02,1.177500230536625420e-01,1.178114331864356379e-01,8.006968130403439021e-01,3.861026981113008238e-01,1.954632796712026110e-01,3.096901568772528757e-01,5.298789895987748855e-01,2.026203670622113429e-01,2.361738809519358107e-01,2.439260571036035996e-01,5.503371629758921912e-01,2.195051014075719009e-01,3.824162345017323439e-01,1.487484580476082785e-01,7.938145824382780713e-02,1.298429549574790787e-01,1.406168500085707984e-01,1.469716998895999882e-01,2.089393052738292289e-01,2.917642384965514479e-02,4.131105413694818873e-01,1.761928904192858747e-01,8.062501423975140802e-02,1.765901910640433475e-02,1.011274361578663045e-01,2.241179277472300224e-01,2.596105531349837681e-01,1.957137066606101927e-01,1.949414202358343007e-01,4.771603868428557493e-03,4.435344403129548585e-01,5.749677503293715297e-01,1.818106787522155710e-01,2.105355276967810219e-01,3.496602577004422896e-01,5.779793481897643748e-02,3.707836219449210380e-01,5.504458183466177656e-01,1.330528577442950389e-01,7.371102574012209363e-01,6.934938439541959987e-02,9.797085927720974863e-02,1.157859880816807241e-01,1.484449167758118415e-01,3.244300600125302192e-01,2.760909621017981763e-02,2.040137562516131098e-01,4.268173130435265472e-01,2.802634290649103077e-01,2.765689043865028340e-01,2.531686836390832918e-01,4.478053191305028102e-01,3.314734207718631614e-02,1.378135607128498641e-01,2.233087142937529024e-01,3.001987407065987989e-01,3.106404711094315485e-02,1.633085026376708826e-01,2.726697739091245576e-01,1.516297942631132656e-01
3.700201910191805443e-02,5.154962748949208917e-01,1.946837843476141028e-01,6.476414407036140686e-01,1.463173638135132626e-01,2.031685996859666776e-01,2.552199057404994642e-01,3.553072431169862488e-01,2.469225237206980894e-01,8.178073529259495267e-01,6.203638421988666440e-02,0.000000000000000000e+00,1.019743569939241534e-01,3.045516123097186112e-02,2.547389309584320860e-01,5.390108785386929502e-02,4.343283638464992547e-01,8.541433782388396789e-02,3.087400152966385258e-01,5.425821382314913177e-02,6.382929962787695088e-02,1.395697931564526817e-02,2.731654605714907147e-01,3.206600523266623926e-01,1.885799532857212191e-01,6.276038754988801927e-01,2.614422548395634593e-01,1.677636480772621286e-01,2.553137433361709618e-01,3.008925127301628200e-01,1.185167579558346618e-03,1.678756015593307060e-01,2.229534682236556375e-01,1.111368735767700178e-01,3.769986088457762119e-02,5.686566916147257900e-02,1.848955814297379985e-01,1.347694831913551772e-01,9.754513175062921870e-02,1.705063350145096246e-01,8.850379473035428768e-02,1.136801757077208486e-01,1.859068530433550526e-01,1.571221562438250008e-01,1.912021104349931611e-01,4.245632062755940600e-02,5.980349805442472522e-02,6.970596244495338989e-02,3.603372813036112565e-01,2.716660523292730445e-01,2.111910061750358336e-01,4.854228672360499930e-01,1.544946732770609288e-01,3.732315894793077349e-01,7.446645039349653050e-01,3.604165002600899781e-01,9.331546655141347291e-01,4.646580990110689702e-01,2.596161389448369827e-01,1.365977478037285753e-01,2.861174311978987861e-01,6.337934031144771829e-01,3.535853302375518981e-01,6.974009420111182411e-02,7.970019432879560384e-03,3.093792334004315525e-01,6.196380616818202014e-02,9.681150950433028979e-02,5.221627516078085618e-01,2.927737610441822902e-01,5.007881051173783682e-01,2.373659364389315851e-01,3.891089762013737463e-01,1.444471607846645189e-01,1.984065044990776516e-01,1.607386541713158312e-01
9.404348387735066150e-02,1.991583628876176237e-01,7.190535670422049108e-03,2.775835352348057783e-02,2.092809535776583851e-01,9.401609002163574536e-02,2.426599842851286937e-01,1.273407721261648473e-01,1.776364787457473948e-01,1.244955832391851369e-01,1.413741166404255400e-01,1.019743569939241534e-01,0.000000000000000000e+00,1.929974554157771194e-01,1.268733859546423703e-01,3.157487374478102349e-01,3.372907294689755919e-01,2.718654571402458475e-01,1.300605976123521135e-01,1.722842245263266625e-01,2.321585361312058782e-01,2.061935098158262925e-01,4.531886418300534736e-02,4.084387754374729784e-02,8.466368254284017958e-02,3.136492757172579249e-01,9.405526092501004243e-03,2.390846584920079398e-01,1.640995049690410212e-01,3.216553767776159090e-03,2.778973176597739903e-01,3.794804392532626081e-02,6.764695922386977645e-02,1.016568144135480550e-01,1.193686121553300117e-01,1.438994203322725429e-01,7.378490971029250112e-02,1.748057871350681414e-01,2.055319648090147278e-01,2.587167378919362215e-01,2.056948889768366595e-01,2.658860548707606686e-01,1.168361887451591918e-01,2.240819434283368439e-02,1.234579132404929613e-02,9.809075632797953359e-03,7.387214882937695459e-02,1.014289882302891466e-01,7.123000200848425556e-02,1.185165691288863066e-01,9.409508108006633953e-02,6.561476735639781843e-04,3.318318964576498220e-01,1.934928418957727048e-01,9.524925602550360360e-04,2.252180498083511395e-02,4.877374187106581216e-02,3.326538537807329221e-01,1.242204929934159763e-01,6.348455372128097851e-02,1.223112196609467128e-01,9.395006073087114329e-02,9.027163825787221096e-03,5.730613454103500315e-02,3.112186783205064811e-02,2.474301778801650531e-02,8.729418023904744750e-02,9.000068504896888144e-02,4.442430035652972231e-02,9.479033041682308203e-02,1.607556594366361669e-01,2.732417891341719363e-02,4.397421772532730810e-02,7.933157045272372365e-03,1.491831515458034718e-01,1.022997654219422459e-01
8.830397021011324871e-03,9.476893514259568385e-02,1.511175817513046860e-01,1.708586878773794837e-01,4.905524074813205626e-02,9.175726255157463929e-02,9.703557607143925567e-02,1.806780686658314983e-01,1.350068664679586750e-01,1.840017266565757703e-02,1.632833577845912987e-02,3.045516123097186112e-02,1.929974554157771194e-01,0.000000000000000000e+00,1.020755615337631469e-02,4.319613702836718611e-02,1.006504497980132695e-01,7.756401660232066508e-02,2.072743815063793904e-01,1.033414424449748958e-01,2.870344830305007200e-01,1.059134377545090100e-01,8.653508998834366639e-02,7.221179599255098114e-03,2.081662393729370453e-01,1.159473627113591226e-01,7.601458985254622158e-02,1.930130599907639577e-02,4.198745778073439960e-02,2.097615005953846756e-01,5.725317786792093189e-02,1.123609821903223949e-01,1.100540502302939927e-01,3.654018909133305293e-02,3.557835090541995593e-02,5.128051962358343152e-02,1.077038782324405142e-01,1.352809000214450219e-01,2.205661885319191717e-01,1.189262799869752613e-01,7.694481298272168313e-02,1.188434887723389122e-01,3.912920576246836646e-01,1.742956197066139468e-01,1.200469560961128501e-01,4.805098456797415873e-02,1.712618570382409833e-01,1.531217808293022231e-01,1.578584223916600360e-01,1.371030806664686186e-01,1.675676051846456405e-01,6.348815735881760403e-02,3.301014576506416942e-03,8.517187012904170462e-02,7.778060663846969591e-02,1.662440902084749705e-02,4.574002934974641388e-02,2.733908114317248894e-02,8.563711530060891253e-02,5.592092640941834225e-02,1.105571849938399021e-01,1.533646967661824456e-01,6.334856120000878499e-02,2.657855899986311110e-01,4.560589978813360534e-02,4.464968650518576915e-02,1.279789668851267215e-01,8.708678692057726656e-02,6.171435015266927421e-02,2.051755230113919137e-01,3.704676426648645382e-02,1.279033854694104633e-01,1.504261130762675203e-01,1.374017164829046678e-01,2.043742600582692387e-02,2.172267740883526144e-01
5.778847897981486126e-01,2.504707804536079330e-01,1.787309126472399479e-01,3.385723731510060230e-01,4.197436750011399598e-01,9.818142703850069042e-02,1.701417996490975637e-01,1.265588839584618208e-01,2.188526261996737166e-01,1.497671959280714449e-01,4.309808339850262349e-01,2.547389309584320860e-01,1.268733859546423703e-01,1.020755615337631469e-02,0.000000000000000000e+00,3.643389663987630089e-01,1.464753227637510813e-01,3.205958802622825843e-01,2.746929192376441065e-01,6.808832623317626620e-01,6.324198355680306083e-01,6.700382005279398312e-01,2.194059954152579872e-01,7.414707765464972899e-02,4.572333646537135032e-01,1.764733070322328790e-01,6.064253197925214556e-01,2.623644878195886543e-01,6.074314584200284362e-01,2.021192796432432215e-01,2.505601064994466554e-01,4.940219522844253863e-02,2.062455915298702647e-02,1.002868300355218567e-01,3.215074604662419566e-01,1.099427806230405397e-01,4.730036352191071547e-01,2.923900525085733615e-01,1.244300969608185398e-01,1.419172839652435569e-01,1.026776893446914446e-01,4.028638837086672142e-01,1.222063420591128491e-01,1.894092677758690280e-01,2.462685649197373650e-01,3.667630219178221740e-01,4.579624298966619156e-01,2.584421009257198421e-01,3.043648896692970895e-01,3.873464559190944456e-01,2.326558628274156826e-01,1.603896546726810424e-01,1.392164246783955672e-03,3.638922477558829138e-01,2.394542650279075091e-01,3.436598626581293670e-01,3.145903115983300080e-01,2.092397204536585453e-01,2.232435228999901655e-01,6.718713383746315326e-01,1.044253096436169037e-01,8.273066707138448939e-02,6.483990370594461261e-02,1.577737675324903110e-01,6.187068786533432840e-01,6.975671666878217048e-01,6.974683897806941424e-01,3.896150908731692564e-01,1.472918243655133019e-02,2.736763548532772372e-01,2.813814682641490039e-01,7.175650654817644636e-01,2.208062822270260850e-01,6.314193233496839808e-01,3.370669895889565337e-01,1.261388463643245417e-02
5.076187356180175136e-01,5.295379019054227143e-01,2.229625410372225169e-01,9.058763977416350865e-02,4.423421489924451167e-01,1.307504876189348741e-01,3.406771332859582779e-01,1.796314966007910574e-01,1.022087491709234575e-01,3.667738294757666995e-01,9.666637726819740650e-02,5.390108785386929502e-02,3.157487374478102349e-01,4.319613702836718611e-02,3.643389663987630089e-01,0.000000000000000000e+00,8.518692194170078835e-01,9.413383097467932226e-01,1.302168921679404123e-01,7.035301941957299299e-01,5.309536185820393772e-01,8.005363060230492600e-01,3.022704714804226589e-02,7.453857312918217570e-02,7.338530337821724814e-01,2.867907150861030430e-01,5.754012128005744908e-02,4.288377187453589201e-01,4.431391329628679987e-01,5.613454965107100847e-02,5.729050818137645384e-01,3.437803181694891463e-03,5.689597136607790762e-02,1.231826210282032930e-01,3.955197202062321615e-01,2.483735342308993066e-01,5.127409126585545929e-01,4.137109705470560228e-01,2.880973176059785368e-02,3.882605933855458602e-01,4.336004738464905306e-01,6.394970519090350525e-01,3.284061676724986389e-01,4.086468633019474384e-01,2.528070848323823450e-01,3.722670057330911275e-01,4.344583894893416787e-01,8.262924884385738911e-02,1.107542051752460066e-01,5.223635078259296627e-01,1.234953587182371082e-01,1.413292706726737569e-02,1.991245688421799942e-01,2.762660520481643456e-01,3.763883353509739349e-02,7.783900148066261182e-02,1.377387663503133915e-02,5.005377957779717502e-01,8.129803900819021489e-02,4.999200110007708808e-01,3.923375774466314470e-02,2.874105680079720448e-01,1.934078876980636352e-01,1.042691951685784657e-01,5.086091448185690034e-01,5.203576476320358468e-01,6.797267026441368154e-01,2.649700178051312971e-01,1.532772271846800094e-01,5.239331503085533637e-01,4.287879066260265049e-01,3.018139282208771035e-01,4.533645073693576832e-01,5.616743646522331934e-01,5.018220279306884191e-01,2.581514173872498374e-01
3.677032414145499084e-01,7.258950447484029400e-01,4.451930475071649851e-02,3.329283404865091556e-01,3.756314347750349669e-01,4.822391475293308361e-02,4.398118011657087267e-01,2.623396813470771916e-01,1.104828860596246409e-02,7.436836552141657952e-01,1.177500230536625420e-01,4.343283638464992547e-01,3.372907294689755919e-01,1.006504497980132695e-01,1.464753227637510813e-01,8.518692194170078835e-01,0.000000000000000000e+00,8.340086362197255410e-01,2.598292261461799257e-01,5.305569624633605930e-01,2.845071591642611142e-01,6.861757768012435310e-01,8.516956946150242014e-02,2.002258322955696723e-01,7.547733403570533461e-01,5.560960103902952145e-01,9.175971881600372693e-02,1.453666341877870583e-01,3.305134324920404043e-01,7.750919937686412409e-02,5.604699666308607942e-01,1.855497736474275017e-03,1.870243597571422667e-01,2.052214041074496564e-01,2.666824629760412013e-01,1.487120664203929188e-01,1.956764125215375849e-01,4.445114650328059192e-01,1.525488018748903662e-02,2.948586073587705636e-01,3.190515324487882554e-01,5.153045212584264068e-01,3.517906439875117530e-01,4.617408001872257417e-01,2.446637033477936374e-01,2.857342523741615570e-01,3.756852417351153051e-01,2.074401291961069926e-03,3.814148010836452274e-01,3.369779305166832883e-01,2.254336746904514188e-01,2.187278857621700601e-01,3.022634064016656019e-01,3.692543578201307741e-01,3.943194415443655454e-01,2.368038385522358014e-01,3.147494257821810137e-01,5.700605316921146803e-01,5.263586350836962913e-02,3.111012938086865631e-01,2.796148590480982410e-01,5.637328350019656931e-01,4.005613961093544839e-01,1.151834758583386298e-01,5.099053500439461040e-01,2.723525045678069079e-01,5.611927593939527448e-01,1.646041480672336965e-01,3.019882786148631593e-01,5.761279437493029842e-01,6.310995413468560855e-01,2.158727523648411584e-01,5.621219159651522634e-01,5.998696182922317321e-01,3.590857947723071208e-01,6.879995820892115255e-02
4.355709682430030094e-01,5.734105678005382289e-01,2.054062284414290562e-01,1.190212888844739136e-01,4.534607464555278078e-01,1.644142891141423535e-01,3.174493418360726515e-01,2.361297750968428533e-01,1.298868091188257468e-01,3.798528548006574468e-01,1.178114331864356379e-01,8.541433782388396789e-02,2.718654571402458475e-01,7.756401660232066508e-02,3.205958802622825843e-01,9.413383097467932226e-01,8.340086362197255410e-01,0.000000000000000000e+00,1.073566320980560984e-01,7.544417197860378010e-01,4.489785919002654557e-01,8.553141011996960863e-01,9.793892094330844400e-02,9.606113421679116082e-02,7.863308058479966389e-01,3.177286139162091017e-01,1.872464649190336283e-02,4.335334640288847075e-01,3.963634994039321180e-01,1.161235381842751491e-01,5.378560489487068663e-01,5.211203215811689715e-02,9.979184749842312518e-02,3.034773637570241378e-02,3.883562178930964892e-01,1.741323248173698990e-01,4.613325477530381136e-01,4.172865168576697092e-01,3.887287268050704236e-02,4.058665941938744970e-01,4.844611567206930092e-01,6.114569705542817202e-01,3.888731724185924277e-01,4.899780258219201823e-01,2.550679395745698019e-01,3.283095701519809229e-01,4.801635612689729715e-01,1.028530728194452237e-01,2.320222197936675779e-01,5.344503938899882733e-01,1.716809172821225082e-01,7.481389805740590315e-03,2.376630612335952353e-01,2.715195821849382130e-01,5.475392221427893835e-02,1.260147402761410129e-01,1.824847305802956843e-02,5.061025012737796480e-01,4.733514478464811992e-02,4.549538152017529313e-01,4.253044237732861443e-02,2.616121076089348296e-01,2.549761972704231994e-01,9.438220666415431115e-02,5.739670501138125491e-01,4.575587372491716209e-01,7.104237938790727291e-01,2.483452694379402192e-01,2.003639280353254060e-01,5.244836510820156672e-01,4.972826037082985762e-01,3.362483132145030473e-01,5.336455884849767850e-01,6.325733925466811014e-01,4.781271465524200570e-01,2.036107565599343250e-01
1.924706266046123104e-01,4.696367592715939843e-01,7.539302289392365575e-01,3.299564205607630196e-02,5.045636467405381076e-01,4.604884749680663303e-01,5.075262362449040054e-01,4.388139176258655239e-01,6.123768599158203596e-01,2.575918037394333560e-01,8.006968130403439021e-01,3.087400152966385258e-01,1.300605976123521135e-01,2.072743815063793904e-01,2.746929192376441065e-01,1.302168921679404123e-01,2.598292261461799257e-01,1.073566320980560984e-01,0.000000000000000000e+00,2.853994471526534182e-01,2.176262350996244488e-01,2.774302818654813541e-01,5.863147854183121677e-01,3.878854395308518610e-01,2.956497656295926091e-01,5.266660315459422703e-01,3.724606234428762264e-01,9.512769448073188361e-02,2.676272328030697700e-01,6.478434374557834330e-02,1.561945196690353588e-02,6.444080874404964354e-02,3.340637510669471899e-01,1.048061890553565745e-02,2.357062637608128564e-01,7.235130183087931655e-02,3.903476676609123897e-01,2.425684907254876954e-01,5.239949748717681599e-02,1.951813735052466137e-01,5.058784793119087964e-03,2.595613660605602391e-01,2.130356967919081190e-01,1.503133932602003786e-01,2.891745142750999920e-01,4.066505393764577314e-02,4.843199537496555296e-01,5.866309821498275623e-01,8.716844081722079085e-02,1.409883251836878126e-01,4.050134026853438041e-01,2.702076003840550578e-02,3.750172920246179764e-01,5.636749355723326138e-01,7.914586673762794011e-02,4.438286878312287520e-01,2.111802476571478515e-01,1.899118340190798782e-01,1.707136276891493831e-01,1.393337598114412490e-01,7.409875152543386745e-02,1.592635054326465571e-01,6.486968757705166566e-02,5.547707184752700416e-01,2.784755627284619117e-01,2.042746170529465555e-01,2.423698231861001195e-01,4.284374952342689946e-01,2.703335809418995206e-01,2.856640516050499845e-01,5.066846224301895241e-01,1.430409027585090032e-01,1.047368065215750765e-01,4.855738908161587319e-02,1.641467393076880554e-01,6.683994436258024197e-02
5.412918489619049645e-01,4.837495977973899075e-01,2.201606806611317024e-02,1.798095307900726969e-01,5.488566008813435815e-01,9.094088128587851649e-02,2.772834352114406098e-01,7.926340258485764512e-02,1.627923390650686808e-01,8.428600628493757019e-02,3.861026981113008238e-01,5.425821382314913177e-02,1.722842245263266625e-01,1.033414424449748958e-01,6.808832623317626620e-01,7.035301941957299299e-01,5.305569624633605930e-01,7.544417197860378010e-01,2.853994471526534182e-01,0.000000000000000000e+00,5.860533539040282403e-01,9.353367185528387306e-01,1.537867790131993151e-01,1.327885430850105353e-01,7.381410531077160497e-01,2.764153767738933287e-01,4.510915608898979912e-01,3.826449321302903273e-01,6.317432822098526524e-01,1.634948587896323802e-01,3.320122659373000440e-01,9.193363051184796908e-02,5.681680749751350651e-02,3.022530826661493086e-02,4.183562061270378329e-01,1.559671784486917900e-01,5.691211027741314155e-01,4.405908455631312171e-01,2.129848189888177701e-01,3.332484464016199355e-01,2.353610600896542393e-01,5.834140105439282742e-01,3.933544383986741777e-01,3.963436991324003067e-01,3.363265091666663986e-01,3.387467188085946379e-01,7.306108793237868770e-01,1.180526750113147227e-01,5.570675224750661070e-02,5.626731425039511736e-01,3.597616624226020465e-01,1.147044186224900064e-01,1.428540906235345465e-02,4.067513680859762837e-01,8.460471177606029847e-02,1.632268963012421525e-01,1.306577752243379131e-01,4.013172723188287994e-01,2.033574827371010807e-01,6.151431904793334127e-01,4.754287765438292013e-03,1.131474801614104075e-01,1.434429836556834481e-01,1.231068021913590549e-01,7.724742491248723919e-01,6.740214260199592911e-01,8.861526504836891860e-01,4.811590372845332420e-01,1.224522465729741411e-01,5.695683551960837310e-01,4.911052139536738470e-01,5.857692899235920070e-01,4.172420720728297616e-01,7.158941739402713278e-01,4.321168918797798630e-01,1.889720024361427331e-01
7.073542185361633150e-01,2.853599128598949264e-01,3.059226217323363084e-02,1.932210957061291923e-01,4.241607557379022397e-01,2.929086811375952726e-02,1.064342969539955885e-01,2.537848176466311889e-02,1.938860654566553487e-01,1.054816358614108773e-01,1.954632796712026110e-01,6.382929962787695088e-02,2.321585361312058782e-01,2.870344830305007200e-01,6.324198355680306083e-01,5.309536185820393772e-01,2.845071591642611142e-01,4.489785919002654557e-01,2.176262350996244488e-01,5.860533539040282403e-01,0.000000000000000000e+00,6.281566364649799894e-01,1.370907502650089982e-01,9.410400563886606173e-02,4.679072538641028678e-01,4.177445462099543261e-01,2.561795288557529582e-01,2.314938258390375481e-01,5.116250258276737739e-01,1.026904100444245294e-02,4.907728749919585964e-01,9.476463831386854053e-02,1.465124369793412151e-01,8.423828874645028497e-02,3.330360813697567091e-01,2.735042170042022991e-01,4.578757761764610801e-01,1.710886598041251039e-01,8.292444625275324777e-02,1.613691144680241274e-01,2.979538856829031523e-01,4.785885815648310282e-01,1.763076412462372816e-02,3.424504025620364600e-02,1.702055800763501436e-01,5.472924423219672763e-01,2.086160238180785331e-01,1.058217061432645545e-01,2.103899800377438678e-01,2.474692584548595087e-01,1.118396501478932659e-02,2.943836537388547225e-02,1.131420609066790539e-01,4.711610587839366593e-01,7.697350361420990383e-02,8.587490816863441179e-03,1.534560676122688483e-01,2.889123465102355626e-01,1.092721525714373254e-01,6.647180772240397495e-01,1.251350934525253811e-01,5.280793744289849490e-02,1.240772389705081524e-01,1.298254018247196884e-02,5.367056316767300217e-01,6.830099074716470264e-01,6.281357272527390290e-01,2.279377046383868621e-01,1.949038550005911252e-01,2.807723818682631434e-01,3.406033854576561160e-01,3.195872598284466015e-01,2.977759718892017404e-01,4.959056667518669248e-01,4.065894204810044377e-01,5.587052786739779564e-02
