0.000000000000000000e+00,1.022965872479551508e-01,3.443026683471352989e-01,4.698592986460303766e-03,2.851834330125755379e-01,3.594821211737619371e-01,3.629908369630999165e-02,1.167560154538760664e-01,2.667581662160082301e-01,5.406053138690386506e-02,3.508367207607764882e-01,2.618740018418161397e-02,2.477488711543490707e-01,1.628278388130137144e-01,7.268304905172806585e-02,1.623073187682139706e-01,2.327004208648541517e-01,1.138608677941377045e-01,2.834688059789706172e-01,2.273550949618000638e-01,3.707154350668940834e-01,1.744951357914901191e-01,2.723640315200307471e-01,4.617044326626920103e-01,3.249532673567618879e-01,2.979095196891412556e-02,3.275667488193653720e-01,3.311013423098216335e-02,2.066845166015569002e-01,1.321785367955142787e-01,1.708548156870247636e-01,5.742447660427081324e-01,2.387293112887091395e-01,7.848321902804455963e-02,3.087538791659572013e-02,1.362024500652817272e-01,4.754755356132872590e-02,1.611465969319147984e-01,5.895648202738157373e-01,4.110056457851989919e-01,3.656341830779342161e-01,1.216951260366126580e-01,4.389440676654983164e-01,1.820906750522831574e-01,3.562938068630274735e-01,8.039920809026828152e-01,1.776939215848881981e-01,3.429371810654796571e-01,2.419336196931404781e-01,2.977876390758478209e-01,4.042523207228851945e-01,2.243497204918716292e-01,7.875842707206563709e-02,3.268264110826346602e-01,8.254928411927373033e-02,3.529993598499937546e-01,2.250135667117144078e-01,1.218455539572711743e-01,2.538456800095819643e-01,1.372719212278694090e-01,4.064823124795841069e-01,1.250938716445365584e-01,2.248097984186408493e-01,2.081428695722941091e-01,8.694279834841001087e-02,4.282365524124208123e-01,2.015816009045012791e-02,2.860365334844784391e-01,3.984004266193114097e-01,1.954350869307592553e-01,1.554343468459994382e-01,4.278204622050826300e-01,5.112953965564034364e-01,1.655728295261887362e-01,6.388208821764337353e-01,6.768151692778524575e-01
1.022965872479551508e-01,0.000000000000000000e+00,3.687885414307585097e-01,3.428959146920680934e-01,1.265315339018489027e-01,6.964449412442670351e-01,1.204455594630398363e-01,3.668529662194046637e-01,2.796514569837219577e-01,4.157792372330984532e-01,2.609327904903426809e-01,4.772615916659106450e-01,3.924250089331646207e-01,6.103829175025995285e-02,4.167966680441378413e-01,4.264350494509600020e-01,3.512623401561781322e-01,5.948188931757631970e-01,3.141960498895639553e-01,5.364440330677946456e-01,2.570432462543988383e-01,5.430061086592996578e-01,4.978136835180396180e-01,6.073951200315191867e-02,5.549959979466612126e-01,6.394056190918215865e-01,5.602955949047661033e-01,3.225023719145938550e-01,6.351535690500724751e-01,6.359139872454332154e-02,2.115325518329283505e-02,2.987398277757764009e-01,1.875152372178945370e-03,4.314499055545004819e-02,1.050196178055820828e-01,3.436546326802616402e-01,1.000992949431493556e-01,6.700737823556610073e-02,3.291004446477479584e-01,6.761504582282423792e-02,1.188073508071381956e-01,2.311514077512016596e-01,1.708730673865286875e-01,1.555549583622505005e-01,1.845633548564240556e-02,2.250960235848512569e-01,6.988546181712973482e-01,3.476554394172973739e-01,3.441370043401392742e-01,1.100666036074246373e-01,5.569326647622072635e-01,6.248433154471622064e-02,2.849635161507686476e-01,2.746867221356690258e-01,2.270808787608736279e-01,2.437356826188375458e-01,3.051811676530353790e-01,1.741420189133208729e-01,3.513930613892625454e-02,3.395515119112487157e-01,3.030707076958801816e-01,3.176655443337060292e-01,3.362927100353180210e-01,3.350834715110777573e-01,4.554407188324514077e-01,4.654471394561002229e-02,5.532204123848826205e-01,4.579731343188870873e-01,5.019916194916679286e-02,4.433566295485354969e-01,3.823956867310765451e-01,4.363071082614747853e-01,1.849108800650306195e-01,5.481516636018049504e-02,2.991541789553404107e-01,1.798849260083661694e-01
3.443026683471352989e-01,3.687885414307585097e-01,0.000000000000000000e+00,6.321343123819270771e-01,6.680238114265610871e-01,6.756740826781109099e-01,1.470281737225924701e-01,6.595695514994048825e-01,8.571307135790696696e-01,1.039457412761381760e-01,1.000000000000000000e+00,1.150736492636006414e-01,4.060783728574687279e-01,1.462539219705465410e-01,6.304617971479962169e-01,1.376580234529254931e-01,2.857102767782651598e-01,1.692504102645330522e-01,9.401224799566417767e-01,7.807886642746001415e-01,1.338197263956083516e-01,7.367060245603325175e-01,8.282624004111844851e-01,4.718520648506933091e-01,2.128059176885092330e-01,5.022661799618144407e-02,7.225040274109004734e-01,5.319245243381569566e-01,5.795174482796441318e-01,4.017869914759088501e-01,2.903382156472272824e-01,5.346215596127421588e-01,5.009591856832844581e-01,1.042554519986046979e-01,9.055672855059647419e-02,4.702567258265193395e-01,1.405221448424480712e-01,8.281304997413610480e-02,6.832530910222973652e-01,6.008281309253186153e-01,4.436162591448046255e-01,2.864105002488043228e-01,4.173026068045622705e-01,1.505346293298190363e-01,6.379094677973470850e-02,5.192812948603149348e-01,1.881943934631306603e-01,1.000000000000000000e+00,4.743672801430828256e-01,1.338497552665799117e-01,3.434199645101755904e-01,2.552758464873209898e-01,3.227570306981648041e-01,8.751592049919025840e-01,1.477279904174171044e-01,1.000000000000000000e+00,2.651544933396879911e-01,6.319879966402552895e-02,2.879112014524007335e-02,4.475531725201226108e-01,4.436923071279468000e-02,2.971481996144035298e-01,2.246357111997426825e-01,8.737052948412029618e-01,5.505768880493928652e-01,9.076354929532309823e-02,5.319553930305953582e-01,8.408695559109470308e-01,5.571280134665419492e-01,1.806039625981030461e-01,1.802707857057107566e-01,6.674186180133154789e-01,3.947326623953564262e-01,3.297349421064891262e-01,4.371081309242910162e-01,4.413731043392500331e-01
4.698592986460303766e-03,3.428959146920680934e-01,6.321343123819270771e-01,0.000000000000000000e+00,4.001751975097946890e-01,6.103697518731204807e-01,2.120297824532546560e-02,4.980697475354466386e-01,5.752051255912905559e-01,6.121523564369482640e-02,6.234573270756543772e-01,6.031694380670976630e-02,1.412131970662640346e-01,1.139912159968241440e-01,6.144119049780425446e-01,2.430240966525767377e-01,1.959499248513647263e-01,1.740055419924837754e-01,6.033721750364837710e-01,6.734663756384384747e-01,3.958522168733551450e-01,6.427704884996299217e-01,5.212893648936135493e-01,2.226851064843070882e-01,8.860816361342560565e-02,5.351075934071396895e-03,6.923366336531427967e-01,3.076522491091070455e-01,6.426717179670554669e-01,3.893416460331507456e-01,3.441634236653395296e-01,1.449284292565673204e-01,8.576183558791908301e-02,1.413809345590304467e-01,2.678380143689787496e-01,3.376277669662430259e-01,1.709580402062041982e-01,9.384296636115584123e-02,1.662259075130732566e-01,1.695346393113593420e-01,1.031306281749346382e-01,2.775308844364515748e-01,2.797116061300014001e-01,1.265677030973478071e-02,1.521644570035985411e-01,3.588738703018914955e-02,2.358040839561254820e-01,6.562249102196645589e-01,3.161380583848575343e-01,2.692841988139091369e-02,3.071638576422272005e-01,2.696924948182066739e-01,2.469097838410733992e-01,5.759331649899026573e-01,5.255924814767749115e-02,5.559094228802844428e-01,4.310610840033729518e-02,3.112186413900953214e-02,2.639333932987880660e-01,5.547763192389547626e-01,2.090715382283528934e-01,7.098730843374234656e-02,1.326342496254650505e-01,6.549891743877734873e-01,6.374423963208449839e-01,3.633134930726618639e-01,5.711212819914995853e-01,5.629936555756844818e-01,1.718540387744884324e-01,7.396618794293458032e-03,3.456337854658204922e-02,5.614560713357283905e-01,1.350948017007777002e-01,5.702287891910967632e-02,6.326227993721048048e-02,5.277094543042479269e-02
2.851834330125755379e-01,1.265315339018489027e-01,6.680238114265610871e-01,4.001751975097946890e-01,0.000000000000000000e+00,4.471900891504739795e-01,4.231652287323122708e-01,2.743149301432501463e-01,6.771379171066006508e-01,8.158861237283804302e-02,6.562825127816905857e-01,1.594115152858548157e-01,3.941638641836263668e-01,1.257377824856661386e-01,2.954879017720558609e-01,1.046281153877962888e-01,1.833403933600447067e-01,2.749786688868048889e-01,5.406192941811565067e-01,4.657522414684765466e-01,4.463405178045676269e-02,4.293153022410388653e-01,4.344402838210004170e-01,3.782413984369046300e-01,1.076056548558500664e-01,7.575148732861791689e-02,5.387773069112367086e-01,4.969632768879387874e-01,4.723892599864175090e-01,3.184970720290086765e-01,2.258278049462634773e-01,3.351597545284855095e-01,3.971822428312265507e-01,1.054816946545858170e-01,2.841017356599197241e-02,2.766970589201190878e-01,4.159244182831781100e-02,1.968433820231766107e-01,4.123382953001782925e-01,5.208050890569955182e-01,2.294875733352282898e-01,1.597586304196619011e-01,1.015976281217322585e-01,1.279840178856077315e-02,1.371767453185797625e-01,3.797336207326234558e-01,6.406978262734608354e-02,6.082771248810059372e-01,1.682280970075862303e-01,4.293358241656513030e-01,1.276066757434115850e-01,3.484894928214551379e-01,1.982555332652141677e-02,6.791342788472541914e-01,1.574578635104479651e-01,7.021232064830990049e-01,2.114580448035002502e-01,1.249371381792345470e-01,1.758232316586929023e-01,1.595391663019236350e-01,2.575415137814959787e-02,2.614451165873155070e-01,1.133143732330110648e-01,4.084577262567055111e-01,2.313149939042291880e-01,9.181832267299586126e-02,2.161077135078448563e-01,4.083141009483672312e-01,5.049584693904243249e-01,1.308338325459642848e-01,3.629079283902340025e-01,4.319156154054605290e-01,2.510759825799584455e-01,3.153280164786237405e-01,2.832437018249583938e-01,2.182675627148018549e-01
3.594821211737619371e-01,6.964449412442670351e-01,6.756740826781109099e-01,6.103697518731204807e-01,4.471900891504739795e-01,0.000000000000000000e+00,1.167096383021953288e-01,6.331060715904395231e-01,5.647002293827183550e-01,1.072987792971080712e-01,6.389427789586240580e-01,1.725143521631704036e-01,5.087662069570104695e-01,1.615714971737686190e-01,5.387954112024337938e-01,2.931031621169069568e-01,2.720168108050121103e-01,3.042091282857366519e-01,6.039523682952825379e-01,6.634839927693302331e-01,1.922992243324509187e-01,6.572309333928658681e-01,7.449707179289759562e-01,5.023488779167528673e-01,2.633424007984191961e-02,1.302316396467024795e-01,7.399616214621327348e-01,3.852240747655107933e-01,7.580181388802083031e-01,2.701943319031084867e-01,2.467665315275426874e-01,5.151483423030662756e-01,3.305667075136131672e-01,1.998876713769814073e-01,2.686925803637923993e-02,5.424991095956182008e-01,8.058535321448347111e-02,1.263742494941420547e-01,6.245372550687879887e-01,4.994440302524953967e-01,3.164681318985098635e-01,3.310790914734023094e-01,5.405927837061551555e-01,1.982713523167405067e-01,1.589231141049174401e-01,5.611952567607114695e-01,2.382990060991554970e-01,6.225629432152213205e-01,5.471260780418124581e-01,1.378079937932489007e-01,5.772540002535834214e-01,4.626412549488337356e-02,3.735478040829507407e-01,5.293776442444584340e-01,2.917215466175114846e-01,6.273447048939694293e-01,1.616665176780553992e-01,1.193522663945532636e-01,9.533576854790466737e-02,4.461110009706092949e-01,3.101545819688855676e-03,3.259203179270137030e-01,2.080099838933013312e-01,5.987167909341299943e-01,4.921299215237515678e-01,5.569372329306737646e-02,4.167907987172274620e-01,6.933630708366717021e-01,5.355872838158872717e-01,1.305241630826430854e-01,2.758984052089999972e-01,6.691791145117068629e-01,5.698298750248362854e-01,2.000046454823336539e-01,4.973150512704300197e-01,4.910286840978577150e-01
3.629908369630999165e-02,1.204455594630398363e-01,1.470281737225924701e-01,2.120297824532546560e-02,4.231652287323122708e-01,1.167096383021953288e-01,0.000000000000000000e+00,7.438853377198381689e-02,3.375463554205559435e-01,7.909198543626994038e-02,1.126634664699781296e-01,1.422094033674974334e-01,4.513410209664335815e-01,2.037484350120056520e-01,2.078950153635123616e-02,2.634148088482358707e-01,1.393956992873018885e-01,3.302506062871032322e-01,1.076001066366031045e-01,1.385089953338640989e-01,1.811972827476649173e-01,1.563180262613783067e-01,2.156510136733222338e-03,2.899032190349085103e-01,2.338657970065410874e-02,2.818364567334150639e-01,1.678190250967582786e-01,3.306801097590623684e-01,2.967130209141803920e-01,1.809322681051549475e-01,3.054864003112170434e-01,1.404681907281981473e-02,2.943038419905131819e-01,1.245583987997387621e-01,1.884509153700066053e-02,5.118260489443329786e-02,1.385260511846228004e-01,2.806872125782081673e-01,3.654359222302056009e-02,2.246366445208582696e-01,1.610227826950844376e-01,9.512760846638842679e-03,3.085569846226896562e-01,5.202866472133831771e-02,1.078109719258707050e-01,1.142881599936834275e-01,3.013970280344044905e-01,9.025274462899138261e-02,3.497077784760495578e-01,3.492867272247057175e-01,2.010834560879873334e-01,3.463251578942487807e-01,1.442577498485347887e-01,2.529592903649640623e-01,1.481840206037228214e-01,1.379637614638369592e-01,1.354107094763938590e-01,6.923954500888870878e-02,3.254484974445296386e-01,2.057109329555874971e-02,1.538794889816365030e-01,2.849533363936393449e-01,8.742358384606313537e-02,2.798910083886460565e-02,7.235524375269281050e-02,1.130077275332505848e-01,4.393953756312235504e-02,6.851723869670858780e-02,4.172421713373319352e-01,1.516621082704749102e-01,4.385365605480691098e-01,2.000937470891864245e-02,2.278400818583495302e-02,2.408348038539149805e-01,1.064521584711925276e-03,1.025475644148371029e-01
1.167560154538760664e-01,3.668529662194046637e-01,6.595695514994048825e-01,4.980697475354466386e-01,2.743149301432501463e-01,6.331060715904395231e-01,7.438853377198381689e-02,0.000000000000000000e+00,3.543605661874064672e-01,1.384499272498440348e-01,6.066841021520863464e-01,4.303151779860152626e-01,3.836786055851764132e-01,4.879847395378489328e-02,4.886512576680902553e-01,1.314812910468771134e-01,2.456380652848786095e-01,1.586674928430182874e-01,6.651442536526742666e-01,3.926019373905971221e-01,2.870234685376202299e-01,3.533768763177881356e-01,8.080578682955295022e-01,8.315721323921471120e-02,2.606258036810784606e-01,1.012722265370765151e-01,3.471408575806275709e-01,4.723987255301299593e-01,3.021765791765289588e-01,4.468920915750440592e-01,3.156521554819984310e-01,2.347331328481466750e-01,3.120168387580355973e-01,1.441519402356103707e-01,1.097093367034144423e-01,1.935542204486860873e-01,2.458115099571304973e-02,3.450482941532266867e-01,4.559075038785348477e-01,4.173881889109198884e-01,1.931284124155714099e-01,1.604387782543195973e-01,1.969295321438996049e-01,2.095459286557193046e-01,9.341188490490462404e-02,1.812560410677697131e-01,2.665497048047824058e-02,5.673390139807849009e-01,3.511112750079712352e-01,1.277801401989434038e-01,1.589771754330588371e-01,1.264441337845181312e-01,7.064562305061319325e-01,3.593165188861030535e-01,1.467316010742419352e-01,5.419632938445628767e-01,3.586936513164648010e-01,9.262854547594318033e-02,8.378953835161831454e-02,3.863533884374455996e-01,8.591168173692312338e-02,2.093569425764804925e-01,3.478531488857607434e-01,6.508450240744136917e-01,3.143987591286058203e-01,2.555750341375422341e-01,2.409045286616880999e-01,6.595794475175974503e-01,1.368052913445004792e-01,4.362783745598297069e-01,2.208334947591283626e-01,1.863339865508253368e-01,2.364508240399763039e-01,4.441884140660923852e-01,1.688987381967975709e-01,2.287458133530408944e-01
2.667581662160082301e-01,2.796514569837219577e-01,8.571307135790696696e-01,5.752051255912905559e-01,6.771379171066006508e-01,5.647002293827183550e-01,3.375463554205559435e-01,3.543605661874064672e-01,0.000000000000000000e+00,4.593991531373520232e-02,8.060489832590470582e-01,9.870655334700859096e-02,5.136726061543920308e-01,1.578753801967943682e-01,4.799698376298009994e-01,1.726537619563957016e-01,1.437413897285524378e-01,1.921612819991174170e-01,7.128374186152076630e-01,6.824382735754432883e-01,7.393039672371812254e-02,6.296459427135920883e-01,5.668394842682102919e-01,5.181977988471755392e-01,1.440673913744121848e-01,6.607594774801384130e-03,6.918242140779095051e-01,5.315762141624658099e-01,6.247682783638552895e-01,4.041263801584105142e-01,2.858731978153111197e-01,4.995614507467814880e-01,4.771651308542909087e-01,1.447991968536380125e-01,4.060519611479426055e-02,4.557512969195640085e-01,1.151616348217498614e-01,1.759093926602162128e-01,6.213379742347545642e-01,5.926293883592236300e-01,3.360642097728104294e-01,2.715361674918210233e-01,3.791846732715417612e-01,1.166939188906543495e-01,3.900774580170549011e-02,3.980667377762800996e-01,7.758151585569336706e-02,8.511250090420522385e-01,2.715086905773515524e-01,3.201655682216131282e-01,2.711864782407057972e-01,4.095673307156830201e-01,1.017357407675624215e-01,8.545869846253968394e-01,1.031988314735313161e-01,8.365606045500336707e-01,2.936374480514755136e-01,2.778132089629181678e-03,3.656507844138498498e-02,4.088404595726323199e-01,5.463801949528362956e-02,2.387743174579511074e-01,1.748932720917303618e-01,6.260951070849900546e-01,4.674650723895821258e-01,7.183332086259974769e-02,4.733805480601112059e-01,6.159706978424766000e-01,6.022414275075796963e-01,1.028133333058854071e-01,2.197968594352817107e-01,6.196134835193026769e-01,3.294322283344814362e-01,2.252749862683228188e-01,2.735566721247755795e-01,3.199627892034676568e-01
5.406053138690386506e-02,4.157792372330984532e-01,1.039457412761381760e-01,6.121523564369482640e-02,8.158861237283804302e-02,1.072987792971080712e-01,7.909198543626994038e-02,1.384499272498440348e-01,4.593991531373520232e-02,0.000000000000000000e+00,1.198017316358258311e-01,3.933715997482414850e-01,7.406199918935313375e-02,9.235021107566999954e-03,4.162687189979621949e-02,3.587649133154895975e-01,6.581223004600046389e-01,3.543764670843517761e-01,1.053328088787904571e-01,1.405517036546280463e-02,8.436033387436345232e-02,1.279742657918315207e-01,1.243831220382758951e-01,1.898599075660173385e-02,4.598290242278020301e-01,4.962840566866481562e-01,9.620379247398297418e-02,1.388858398552444140e-01,1.525933335245199807e-04,1.523185873580883420e-01,6.156225862234904200e-02,1.663893914085820824e-01,1.086213169080635643e-01,7.478235454158835283e-02,6.882186514686039480e-02,7.316810970779201451e-02,2.802149814762543434e-01,4.042219303965910449e-02,1.899547479207462364e-01,1.981857587959359734e-02,1.787253319532872975e-01,5.895959647664801573e-02,1.622133344273835043e-01,3.738263535357748135e-01,3.948807568235986054e-02,2.710821090476850381e-02,3.438646028658861598e-01,7.475080293951227861e-02,1.777125220667082409e-02,1.565338570031862830e-01,8.216205663796340153e-02,1.582170375599161183e-01,1.431174366772089424e-01,1.009008245855506081e-01,6.150008172107379600e-01,1.994573241425035004e-02,3.714702909735539405e-01,2.969880186061569782e-01,2.255301758603085738e-01,2.522869494588719785e-02,2.090139715297930911e-01,5.483167930687415925e-01,4.477886369341910200e-01,1.491866687430121463e-01,8.401167638398435167e-02,5.859882775811314781e-02,2.188786591059385112e-01,8.241447549640329440e-02,4.284161931192875805e-02,4.208964612043569753e-01,3.771913185678767988e-01,7.798266835843575828e-02,2.412445903711563089e-03,4.288584244670533285e-02,8.913900058433499307e-02,1.552495019050199876e-02
3.508367207607764882e-01,2.609327904903426809e-01,1.000000000000000000e+00,6.234573270756543772e-01,6.562825127816905857e-01,6.389427789586240580e-01,1.126634664699781296e-01,6.066841021520863464e-01,8.060489832590470582e-01,1.198017316358258311e-01,0.000000000000000000e+00,1.371441078571292715e-01,3.896283014333674077e-01,7.002006926562712175e-02,5.812737957017237722e-01,5.024426906130693982e-02,3.026890820122263293e-01,1.569521812252788751e-01,9.435382907207366943e-01,6.628633069940630396e-01,7.584494919063530793e-02,5.944474435144626590e-01,7.813190346014884380e-01,4.839389157697838173e-01,2.690423470101940273e-01,3.442492956748050004e-02,6.769695270445216240e-01,5.138796285540845332e-01,5.028738015587668198e-01,3.719020943550375158e-01,2.659213263630387791e-01,5.380834935902966132e-01,5.246195548424122945e-01,6.506679336856260876e-02,2.350798891665796531e-02,4.039832555680897830e-01,9.611755970066765409e-02,2.302426119033057494e-02,6.333181411508432834e-01,6.025734535804532221e-01,4.181658805425562675e-01,1.708782592746595774e-01,3.833027714182461465e-01,1.500256814606195366e-01,1.162854045961207311e-01,4.682018351666833444e-01,1.230839091808113017e-01,9.683725809974211840e-01,3.694460798531630230e-01,2.006458657777589472e-01,3.252022944555225115e-01,2.567629468906860724e-01,2.494372103618758274e-01,7.895840870099938291e-01,1.376243403716614910e-01,9.590068568082803502e-01,3.162938934391580359e-01,7.540333799111209601e-02,1.539633620045666174e-03,4.031995000007516650e-01,5.978326879463177757e-02,2.474820723617259799e-01,2.276542873222358043e-01,8.440716981571775301e-01,4.622879913565449694e-01,2.166001272463904948e-02,4.366289721078929764e-01,7.867749974799449486e-01,5.836029069901886857e-01,2.120983772019641722e-01,2.631848011244555807e-01,5.947535672995769573e-01,3.961344334467290507e-01,3.573366314411846600e-01,3.679692857931546324e-01,3.818163531049823534e-01
2.618740018418161397e-02,4.772615916659106450e-01,1.150736492636006414e-01,6.031694380670976630e-02,1.594115152858548157e-01,1.725143521631704036e-01,1.422094033674974334e-01,4.303151779860152626e-01,9.870655334700859096e-02,3.933715997482414850e-01,1.371441078571292715e-01,0.000000000000000000e+00,3.576758184911580929e-01,1.413194242746257379e-01,3.741059933884348376e-02,1.714310661747539544e-01,3.361074462912573835e-01,3.514119783938938757e-01,8.192886480816388706e-02,8.062017617197309027e-02,1.595782850986476875e-02,8.548154928055154422e-02,2.039754612900442077e-01,4.256488125860989347e-01,3.901730343496803699e-01,6.279000275457911062e-01,7.943957481793223474e-02,2.775994293083041131e-01,4.731466426236310974e-02,2.025457623113804950e-02,1.156861985083385974e-01,9.677097725219965807e-02,2.158494520682754658e-01,1.670426778147993951e-01,1.534540815612151776e-01,5.450430517589338608e-03,3.104623889064517250e-01,1.596499721829287843e-01,1.417516734540110457e-01,5.412229498354305390e-02,2.100116048424305049e-01,3.155062869952211801e-02,6.007741059550063267e-02,1.833912443592984609e-01,9.563757467448072425e-03,9.923534411721486592e-02,2.055647581787245493e-01,1.132162789867384167e-01,1.468438072757525248e-01,3.471743889869491340e-02,1.131648826114071971e-01,5.115441320259700442e-02,2.650134721205835708e-01,4.292357023049192533e-02,2.944185645475262958e-01,1.549875757898911965e-01,7.107508586271918949e-01,1.922451264269397775e-01,1.501674076280645198e-01,3.815669234875134624e-02,1.583588810919035750e-02,2.547470067800993165e-01,1.544024932193644173e-01,5.243930242114600015e-02,4.870862245136160784e-02,5.664778855446567923e-02,3.100193137259603382e-02,1.562066340089616756e-01,3.339549689349941008e-01,4.489087952248144858e-02,3.034731055690197965e-01,1.100357493886812837e-01,1.198915817879064871e-02,2.699415438941009660e-01,9.257645245841471249e-02,1.006040577895403187e-01
2.477488711543490707e-01,3.924250089331646207e-01,4.060783728574687279e-01,1.412131970662640346e-01,3.941638641836263668e-01,5.087662069570104695e-01,4.513410209664335815e-01,3.836786055851764132e-01,5.136726061543920308e-01,7.406199918935313375e-02,3.896283014333674077e-01,3.576758184911580929e-01,0.000000000000000000e+00,6.708197070122157157e-04,7.434110145659986180e-02,2.851947274569172075e-01,1.884634506333423554e-01,3.024783679907755429e-01,3.815410656143111701e-01,1.661432866508146533e-01,7.168381962065403790e-02,1.785061668431554560e-01,3.899895401845480669e-01,2.105936953356101204e-01,2.290008367193913097e-02,9.058353609820407604e-02,2.382450823668780249e-01,6.138973013328802297e-01,4.125761061169017085e-01,2.044492181606364090e-01,1.889578630038440676e-01,3.196831130299034873e-01,2.713946595992698385e-01,6.193437847136959440e-02,1.599572316119033388e-01,2.246440693331174243e-01,2.281513072279442444e-02,3.225801052813639380e-01,4.341588903388635678e-01,4.352996759312481312e-01,1.960529364851005540e-01,1.711556557809472134e-01,1.954646008511759792e-01,1.008841212098927492e-01,2.044679230229361211e-02,3.639759609684888875e-01,3.437429106486147856e-02,3.973155063553422961e-01,1.309047571888334871e-01,1.983035908437610628e-01,1.786588289025507204e-01,2.100444408484524184e-01,2.518783149716068981e-01,3.808608854825301093e-01,1.761792147917645712e-02,3.898958563466922711e-01,3.517623726325189715e-01,2.006161229392507961e-01,1.309854010274998370e-01,1.345201874922030694e-02,5.408179115326592484e-02,5.403684872688718777e-03,1.408792436202423171e-01,3.119822175507398487e-01,7.108469416228418991e-03,9.750309926700129193e-02,8.322759351395425664e-03,3.201394617185655544e-01,3.667292748186771756e-01,1.981579701596910825e-01,2.162755965118720591e-01,1.445095007943893450e-01,1.702233470859808584e-01,3.214639859166120162e-01,1.805827757627083696e-01,2.080542344055669735e-01
1.628278388130137144e-01,6.103829175025995285e-02,1.462539219705465410e-01,1.139912159968241440e-01,1.257377824856661386e-01,1.615714971737686190e-01,2.037484350120056520e-01,4.879847395378489328e-02,1.578753801967943682e-01,9.235021107566999954e-03,7.002006926562712175e-02,1.413194242746257379e-01,6.708197070122157157e-04,0.000000000000000000e+00,9.727439931917852833e-02,1.967741248237388219e-02,1.666036510084869804e-01,1.626923720943077856e-01,1.674025234477295732e-01,8.946408911257164309e-02,9.973383218892988011e-02,1.005323320414877597e-01,1.259128672586616593e-01,2.204880557993717238e-01,2.110312170997283021e-01,1.368633297847979269e-01,1.818902542204408612e-01,1.977893445577039166e-01,2.175303607855104404e-01,4.720438986560379635e-02,8.782037073997442378e-02,3.305531897084844073e-01,4.331204920301549161e-02,1.612594513120486905e-01,8.454590051538397877e-02,2.844031171905612165e-01,1.429511254783060181e-01,1.953192455043366027e-01,3.762628344343902920e-01,1.428995787664746886e-01,2.325509799118662124e-01,1.456146189704883576e-01,5.281854275348829564e-01,4.051452057375899973e-01,1.682217298463015709e-01,2.354344778244980008e-01,4.324690030268019125e-02,1.198657511650853130e-01,3.296069917622969636e-01,2.567758291654143044e-01,1.327929543816580016e-01,3.622826732451803200e-03,1.490709606497886419e-03,1.204059230844989614e-01,1.123069044483818169e-01,4.136268897014419577e-02,1.330613071227948474e-02,2.098639312686675085e-01,4.214659862861579454e-01,9.319624728403873293e-02,1.812708330943672286e-01,1.696084108011812197e-01,1.482305255664234100e-01,1.384665117822731217e-01,7.385173849481560526e-02,5.847040503189395583e-02,2.591899778286785305e-02,1.373339561314443902e-01,2.066571266548252739e-01,1.232750900281418815e-01,1.154657502674574787e-02,2.400123446075013989e-01,3.608814269001915931e-01,1.369020089761231462e-01,1.784937131845054925e-01,3.331068080031415746e-01
7.268304905172806585e-02,4.167966680441378413e-01,6.304617971479962169e-01,6.144119049780425446e-01,2.954879017720558609e-01,5.387954112024337938e-01,2.078950153635123616e-02,4.886512576680902553e-01,4.799698376298009994e-01,4.162687189979621949e-02,5.812737957017237722e-01,3.741059933884348376e-02,7.434110145659986180e-02,9.727439931917852833e-02,0.000000000000000000e+00,2.114262895424448563e-01,1.562448292068998601e-01,2.636532640866824928e-01,5.315559201705335468e-01,7.055691437113134068e-01,4.354192579669771690e-01,7.718176589748801941e-01,6.908718398343693945e-01,3.015604192338004474e-01,8.405677282390328076e-02,1.765589959517976926e-03,5.802098748451577359e-01,4.025329741206114531e-01,4.912079586943505771e-01,4.108857324357357843e-01,5.132121341747500898e-01,2.662202537033547811e-01,3.682935168857164321e-01,2.214934584837728038e-01,1.434799904001733128e-01,3.684731764469459936e-01,1.712507774531761562e-02,4.605203977855604203e-02,4.074779299755031947e-01,3.646376010130391032e-01,7.812147609429827277e-02,1.816687849947137834e-01,3.175464024305577060e-01,5.429417739078880312e-02,4.298591632435502796e-02,1.667885359089396613e-01,2.668011687569855628e-01,5.766076469570906582e-01,4.533679615706126542e-01,7.277808771588209491e-02,2.855531097074160973e-01,1.228388795767801078e-01,3.422722789783556596e-01,5.387164517389613216e-01,4.796617745497191998e-02,5.942486402963171876e-01,1.248981040364457312e-01,6.408360959244671640e-02,6.186979279994745534e-02,8.700364774664426371e-01,3.196435146100886082e-01,1.173562752567827994e-01,7.487538802396387361e-03,5.485386195004180454e-01,7.193533227551962561e-01,4.039984852291677031e-01,7.225930060682386191e-01,7.189623166489973460e-01,3.228744664424920696e-01,3.514480025826438592e-02,1.943646361506925491e-01,5.508273239250065512e-01,2.555571046616776365e-01,8.975781988544462298e-02,2.121067587005840693e-01,9.385296077064333997e-02
1.623073187682139706e-01,4.264350494509600020e-01,1.376580234529254931e-01,2.430240966525767377e-01,1.046281153877962888e-01,2.931031621169069568e-01,2.634148088482358707e-01,1.314812910468771134e-01,1.726537619563957016e-01,3.587649133154895975e-01,5.024426906130693982e-02,1.714310661747539544e-01,2.851947274569172075e-01,1.967741248237388219e-02,2.114262895424448563e-01,0.000000000000000000e+00,5.070249554880290610e-01,7.103265273117527201e-01,1.701572305926504769e-01,3.477277365076267834e-01,3.425499339564677670e-01,4.265303364255115803e-01,1.671289640297222157e-01,1.144961386597770220e-01,3.462381611764960287e-01,2.130386097499262221e-01,1.934588517716704370e-01,3.853382540759295316e-01,5.639913158323561770e-01,3.353297871135259012e-01,4.663068847086358493e-01,1.445542851842556431e-01,1.175628049375867235e-01,3.182676752303773560e-01,1.247319226013761939e-01,3.274980173835896902e-01,7.914650183666160910e-03,1.253425238171959610e-01,1.949201330013586031e-01,7.294576629789606415e-03,2.047976126594700796e-01,2.575041761997493572e-01,1.230324735059406399e-02,1.550887351582371232e-01,4.123901649781655521e-02,5.022282222603041690e-02,1.824037719403353019e-01,9.441293363346231482e-02,1.473586486495540582e-01,1.171945161107625644e-01,2.060642710849677761e-02,1.398960369872163101e-01,6.392764630460613662e-02,1.635561672548505596e-01,6.852029124976272145e-02,6.485793621112947993e-02,8.001221116070054984e-02,1.630458000168708010e-02,2.812457841178381962e-02,2.185021052293206756e-01,5.921228009764765154e-01,1.179720814532477513e-01,4.607760648765995559e-01,1.119828662317170209e-01,3.358696262450236447e-01,1.644231102313147008e-01,3.796107237122740563e-01,5.218919715019799260e-02,1.883495898153822456e-01,2.145845877367287824e-01,3.860342552391776705e-02,6.410269213965305579e-02,8.890386974931990816e-02,5.163133056727153836e-02,7.775197165038560954e-02,1.768741321570743708e-01
2.327004208648541517e-01,3.512623401561781322e-01,2.857102767782651598e-01,1.959499248513647263e-01,1.833403933600447067e-01,2.720168108050121103e-01,1.393956992873018885e-01,2.456380652848786095e-01,1.437413897285524378e-01,6.581223004600046389e-01,3.026890820122263293e-01,3.361074462912573835e-01,1.884634506333423554e-01,1.666036510084869804e-01,1.562448292068998601e-01,5.070249554880290610e-01,0.000000000000000000e+00,5.528626654236834526e-01,2.480804869980674510e-01,1.291679653052929533e-01,9.850496167031236316e-02,5.329719218914952261e-02,3.780928631333531076e-01,2.233067640787972374e-01,5.785388791033367895e-01,4.431833415068708870e-01,3.027863436547493237e-01,1.013811205863670573e-01,6.195741602390181235e-02,1.532990293457877629e-01,7.010771535898896456e-02,1.517674850656544616e-01,1.861432306881762033e-01,1.489974698998044189e-01,8.930403477191550810e-02,3.629788544982970322e-03,9.590662124483832762e-02,1.528845603926412278e-01,1.425854559850485426e-01,3.289788930694450553e-01,1.254660244975848160e-01,8.878790114192240679e-02,4.000427871785877665e-01,3.484031146435611626e-01,2.216046936373849696e-01,2.541758431426968112e-01,1.623443806906400833e-01,2.713940171684015024e-01,2.360251395868109281e-01,7.587260480006285945e-02,1.746002620851448139e-01,1.296873752747227382e-01,1.507433912352764971e-01,1.821039061014048110e-01,4.681098210817068450e-01,2.108367534658506792e-01,1.341315075385203781e-01,3.654981074496410076e-01,3.138121295649096698e-01,1.093677156300700004e-01,2.956676423424180467e-01,5.792835535441188677e-01,5.003149866939791135e-01,2.162581694080856487e-01,9.029074373833384515e-02,2.656365520503997657e-02,7.441715866346454433e-05,3.413230245534641938e-01,1.252014680909291355e-01,3.485841124846940642e-01,3.719350099397612519e-01,2.821225770158372059e-01,2.578990473082763968e-01,1.021649683610376669e-01,1.283489637768441272e-01,3.053199390785699130e-01
1.138608677941377045e-01,5.948188931757631970e-01,1.692504102645330522e-01,1.740055419924837754e-01,2.749786688868048889e-01,3.042091282857366519e-01,3.302506062871032322e-01,1.586674928430182874e-01,1.921612819991174170e-01,3.543764670843517761e-01,1.569521812252788751e-01,3.514119783938938757e-01,3.024783679907755429e-01,1.626923720943077856e-01,2.636532640866824928e-01,7.103265273117527201e-01,5.528626654236834526e-01,0.000000000000000000e+00,1.685468475656054232e-01,4.265821828647099467e-01,2.778123821450315667e-01,4.791638116648840873e-01,1.406092863160760265e-01,5.658036834015947592e-02,6.100581087253751367e-01,3.825051702103675622e-01,2.226299571422016010e-01,3.614423676813703357e-01,4.895287847184296437e-01,2.792493124300278184e-01,2.935914961950143454e-01,8.280787095617235527e-02,6.363218778751608684e-02,1.804812187085186315e-02,1.300071231012357997e-01,1.432006626609695354e-01,5.267182494300262641e-02,1.759953908013639767e-01,2.815283571719610911e-02,8.714551579020367311e-02,1.038903664735604526e-01,1.156858342800505535e-01,2.262301501122024050e-01,3.232089628130284664e-01,1.209256462228954360e-01,5.310717868321032653e-02,3.193796498332664435e-01,6.774587589335528959e-02,6.331174589890173343e-02,4.381924434235541510e-02,6.839782078236661400e-02,1.155115626634961035e-01,1.702470826468674425e-01,2.059675649713291201e-01,1.251866938892319259e-01,1.557183391607528111e-01,4.925962240088754829e-02,2.744096645842120097e-02,1.590140929269421299e-01,2.201289254444877275e-01,6.446829635115056689e-01,1.204861491598637757e-01,6.077625556347882041e-01,1.629680836356963702e-01,3.301453066695486105e-01,1.047593993300376114e-01,3.707863315859875608e-01,7.065054138962360841e-02,3.086154186666362209e-02,2.832192940059923281e-01,1.786952894914311529e-01,1.562525742032591092e-01,4.134019159184082470e-02,1.415372808924830750e-02,2.346637047600849679e-02,2.272109002615343987e-01
2.834688059789706172e-01,3.141960498895639553e-01,9.401224799566417767e-01,6.033721750364837710e-01,5.406192941811565067e-01,6.039523682952825379e-01,1.076001066366031045e-01,6.651442536526742666e-01,7.128374186152076630e-01,1.053328088787904571e-01,9.435382907207366943e-01,8.192886480816388706e-02,3.815410656143111701e-01,1.674025234477295732e-01,5.315559201705335468e-01,1.701572305926504769e-01,2.480804869980674510e-01,1.685468475656054232e-01,0.000000000000000000e+00,6.315490358003361671e-01,2.032774836976718180e-01,6.056753849965756942e-01,7.722839390839328910e-01,4.632272676955816459e-01,2.425636681737020073e-01,1.570284621151918358e-02,5.814194223043966936e-01,5.416842939453305750e-01,5.053181070008102571e-01,4.793840295585603539e-01,3.790056257464911038e-01,4.665222669799223842e-01,4.785149915677675558e-01,1.346537130428120121e-01,1.038556876737001949e-02,4.079372378755666273e-01,1.418710783450046198e-01,1.039367664671769359e-01,6.287034235202392241e-01,5.436458342619214790e-01,3.395346681819538248e-01,1.778073952456808993e-01,3.359029454229781608e-01,1.787094643074593758e-01,1.009755320133232104e-02,4.312478195496124433e-01,9.219211833188398209e-02,8.574785070068817738e-01,3.717576673873257964e-01,3.651677922261731268e-05,2.665239498476489333e-01,1.305308538760724391e-01,3.506389057550528543e-01,7.065709614470487843e-01,1.147758019287494768e-01,8.914970057111302193e-01,2.464421864884291657e-01,2.146872054181819811e-02,1.539825312278342295e-02,4.165637500594353004e-01,1.007280967662729787e-02,2.323506167243362674e-01,2.409331359031917918e-01,9.293763940005468349e-01,4.519924619345248029e-01,1.738520922577458105e-01,4.158074205430742909e-01,7.563467390482772057e-01,5.013755268549512367e-01,2.327746038366471093e-01,2.000703658381363659e-01,4.790878619483890377e-01,2.994364454093645933e-01,3.305598780941595427e-01,2.890905923698218194e-01,3.185205083116032232e-01
2.273550949618000638e-01,5.364440330677946456e-01,7.807886642746001415e-01,6.734663756384384747e-01,4.657522414684765466e-01,6.634839927693302331e-01,1.385089953338640989e-01,3.926019373905971221e-01,6.824382735754432883e-01,1.405517036546280463e-02,6.628633069940630396e-01,8.062017617197309027e-02,1.661432866508146533e-01,8.946408911257164309e-02,7.055691437113134068e-01,3.477277365076267834e-01,1.291679653052929533e-01,4.265821828647099467e-01,6.315490358003361671e-01,0.000000000000000000e+00,2.334652389896498259e-01,1.000000000000000000e+00,6.061452809008578413e-01,4.399770176752588191e-01,1.011244926641124975e-01,1.279122500684674035e-01,8.263740654476205982e-01,4.488185000567554428e-01,7.519363349510512773e-01,3.332698950279219807e-01,3.885033668105838389e-01,4.247425086415560491e-01,3.892694484224054619e-01,1.528350945258736271e-01,1.709225020453651878e-01,5.587725445353927123e-01,1.095924389978147895e-01,1.872486746659177137e-02,5.159269173262465147e-01,4.475235688703041448e-01,1.639582316742063672e-01,2.524232889590177220e-01,3.984844475891209381e-01,3.239620527717870790e-02,8.624227082321964111e-02,4.144643627494630223e-01,4.178352966535975876e-01,7.348936449999199372e-01,4.234075571497182278e-01,2.806568792712405003e-02,4.680381569490421612e-01,3.253451774135585062e-01,1.172933668481259961e-01,7.842819609674051007e-01,5.823564214955834206e-03,6.997146647622420890e-01,2.148025787294206845e-01,8.163813887830601024e-02,9.893193833832202022e-02,5.604792719115301303e-01,4.311715882664589605e-01,1.544652694120482450e-01,1.480737896246475671e-01,6.181164710503157522e-01,9.206526325383364018e-01,1.889643236474520538e-01,9.019140228987230223e-01,6.417920048063270322e-01,4.661778518557790352e-01,1.140285283298611008e-01,9.077625593544491611e-02,8.638339199467901519e-01,3.621334796930565925e-01,6.647078087397473301e-02,4.158838103373191375e-01,2.339673285005176850e-01
3.707154350668940834e-01,2.570432462543988383e-01,1.338197263956083516e-01,3.958522168733551450e-01,4.463405178045676269e-02,1.922992243324509187e-01,1.811972827476649173e-01,2.870234685376202299e-01,7.393039672371812254e-02,8.436033387436345232e-02,7.584494919063530793e-02,1.595782850986476875e-02,7.168381962065403790e-02,9.973383218892988011e-02,4.354192579669771690e-01,3.425499339564677670e-01,9.850496167031236316e-02,2.778123821450315667e-01,2.032774836976718180e-01,2.334652389896498259e-01,0.000000000000000000e+00,3.037838429154074982e-01,2.449222031256090282e-01,6.987167821951836832e-02,8.789610843836836995e-02,1.382240870408801836e-02,1.280849617240736316e-01,3.502174044109506168e-01,2.690447693731765066e-01,4.216094006814016248e-01,5.144106692965667582e-01,5.182022351656795367e-02,1.666968359672313105e-01,2.810903771936353879e-01,1.117845164064568408e-01,1.876464349323252179e-02,1.163037628103453097e-01,3.347510633669927849e-01,4.647234347876099542e-02,3.532598868130124026e-02,2.330585957045562262e-01,8.261844126172224190e-02,4.659217051086718409e-03,3.853772937668103332e-02,2.239848280532489577e-01,3.112997278016318425e-01,1.928423734000339618e-02,7.690332029935303959e-02,5.513596078500619668e-02,1.792262340294155654e-01,1.292181172320194527e-01,6.764939596580027414e-02,4.272002488915411234e-01,6.917517245425366945e-02,1.532818656975773464e-02,6.991013375006230324e-02,2.508143768938651472e-03,5.232341655257480295e-02,1.053424563226857957e-01,5.082736740096609473e-01,4.526962605445293830e-01,2.113123361009414114e-02,4.744811191135608897e-02,2.598265333758174034e-01,2.839967497170246546e-01,7.763194661594807755e-01,3.122227274884562531e-01,2.469258877369620575e-01,5.257842663145495532e-02,6.893479713283728882e-02,3.109498064696195052e-02,1.622533345183052589e-02,1.129159931574332254e-01,6.803927424936379031e-02,2.303689827677085078e-01,2.632579530733593631e-01
