0.000000000000000000e+00,6.688675851402087202e-02,1.627081377736319945e-01,4.035320750091750952e-01,1.824906129988326797e-01,1.545182795859799674e-01,2.604751750534675114e-01,4.655104197424404511e-01,2.744279314706266071e-02,1.403028735258963489e-01,3.675901215298108538e-01,2.295182348839158171e-01,2.807040733394223220e-01,2.175008015962369423e-01,3.685836986822918493e-01,4.332443086764543039e-01,1.242688979752529510e-01,3.231940302828543166e-01,4.788261746833696875e-02,5.629891788509131523e-01,3.901547556499698199e-01,4.894584084148625447e-01,1.565819154490798448e-01,4.523253546254760171e-01,1.946824626292024685e-01,4.398786488752657320e-01,1.108023291346764694e-01,6.034471730769977449e-02,3.879305420588979314e-01,2.808824001847680107e-01,4.633257362400503565e-01,2.042183145527795562e-01,1.009464717391572730e-01,2.215925069902386357e-01,3.527355043979167604e-02,6.680829851749973958e-02,2.975040485404283896e-01,7.399240262160688975e-02,2.106015892533642242e-01,1.690394730198641060e-02,2.286314572819444779e-01,2.779203895677485603e-01,1.425844430738544277e-01,8.746286081554943692e-02,1.522455103388031250e-01,8.147325287138618144e-01,1.815916413795525819e-01,1.951643401556803492e-01,3.283215506092556635e-01,4.582695213330577610e-01,9.960572339315104662e-03,2.229497538087319986e-01,3.624832796459790396e-01,9.842121859084193569e-02,4.904735205462339154e-02,1.527555735099300760e-01,1.554193471538588001e-01,3.991404911690950297e-02,3.260443085243423522e-01,4.622449160343923280e-01,5.900142527699416828e-01,1.095119644790748525e-01,3.349945090599125708e-01,1.232240853710169781e-01,5.080716675831873363e-01,5.314567165823813610e-01,5.840382687036973497e-01,1.117626780847679469e-01,2.953933330850042061e-01,4.254421575671509248e-01,3.907714555367428066e-01,1.981786601969289519e-01,8.553113074194595988e-03,5.405295319002877408e-01,5.151662498941143031e-01,6.345508024388639701e-01
6.688675851402087202e-02,0.000000000000000000e+00,9.292830448644101571e-02,1.857591999294820329e-01,3.624893110022461840e-02,4.572056212365238070e-01,1.701669194614886804e-01,9.423742778045562929e-02,1.493375045944742296e-01,4.148183719017136117e-01,4.400716065702152402e-02,1.374375848408793122e-01,3.867148008119062341e-01,1.706860167881058543e-01,6.461433174957514902e-02,2.725907591760440285e-01,1.244584656317623828e-01,5.531101737838529653e-01,7.526039161555780899e-03,1.621786164218290693e-01,1.557278516823823733e-01,2.635189445786620399e-01,3.558929521181318223e-01,2.225374035632298741e-01,5.500236643524828439e-01,3.723526962629117865e-01,2.783879557778789482e-01,1.773798944336388295e-02,1.509236080029727201e-01,1.106222011815627265e-01,2.839415767942986002e-01,1.095817777677119409e-01,1.521081639628164561e-01,9.864849162137530325e-02,4.697106933690509828e-02,2.428119046005768056e-01,1.308629077460265189e-01,6.847674053878008427e-02,2.555108621662286611e-02,2.460069482641172034e-01,2.392003867423156405e-01,2.458079539026397642e-02,2.692532980985676283e-01,3.820350588076563275e-02,6.623557850719487272e-02,1.597071507952794178e-01,4.155984632590004058e-01,1.810855613033810763e-01,1.586877498340296122e-01,1.673602519044661840e-01,1.605629300233111234e-01,1.107663575601173789e-01,1.209430164768147131e-01,3.010886447798771792e-02,4.221023427110798254e-01,3.478590724119039190e-02,2.245027555669999453e-01,2.415216531000958788e-01,1.255741590467131796e-01,2.988465749626800783e-02,1.686112718443850689e-01,1.149974926114536999e-01,1.496324479310035260e-01,1.000554601095479390e-01,3.125918682353640010e-02,9.517737021084560212e-02,7.905191700547653522e-02,4.727039537981037043e-03,1.988439983923655507e-01,1.835182137343632780e-02,1.451881221532371757e-01,1.102953706557742719e-01,1.143106243065790395e-01,2.413348784911719114e-01,2.733961369217807746e-02,5.977887873293938337e-02
1.627081377736319945e-01,9.292830448644101571e-02,0.000000000000000000e+00,2.312593422673413779e-01,5.703122093604807707e-01,5.831010069479947155e-01,3.664362444462345714e-01,2.778656464410810267e-01,5.880747879948610146e-01,1.425689473920664918e-01,4.840395115852316188e-01,1.441565386119294523e-01,2.928278360312569495e-01,1.977800866526324697e-01,4.574335536258865575e-01,2.201404541602172138e-01,3.699365964488943725e-01,2.038766975731217401e-01,5.835360417559463109e-01,2.427386653529627347e-01,1.213064290139965196e-01,1.689632926113160405e-02,4.183063323544801704e-01,4.255830311331169069e-01,2.625980276105759348e-01,1.629020057489088402e-01,4.347197549224293689e-01,4.673052475428873809e-01,3.844723669547359668e-01,3.214020506176946679e-01,2.121352844202857857e-01,7.744290776661191811e-02,2.621078759396768265e-01,1.748149285069484082e-01,6.181815912741570052e-02,2.249982115791861192e-02,1.753432733732160353e-01,2.272851379521295678e-02,2.112933408077238007e-01,1.430314964075984629e-01,1.428384322938549000e-01,5.761809491551571349e-02,4.473396507293505575e-01,7.704922147481399475e-02,1.940394049465913040e-01,8.636882393352943166e-02,4.306578533737885905e-01,8.564772821204600373e-01,2.505013724726655733e-01,1.449295384102121664e-01,3.684676074560852554e-01,4.138663879918794142e-01,3.037158329870987550e-01,6.063402393073822338e-01,3.132184657767228542e-01,4.430450417818412312e-01,1.343096081357211813e-02,1.270615796882645088e-01,8.560414629316760726e-02,5.214414084984777542e-01,4.031777221741238149e-02,2.717815884517190139e-01,2.378152172866414560e-01,4.809916539755829112e-01,1.497437269369187307e-01,2.023617245796195396e-01,1.468656948588378253e-01,1.980182689178418554e-01,4.415907070501729481e-01,3.603875027712778456e-01,2.754888175021014685e-01,3.051210446095256601e-01,3.148429911507549250e-01,2.455099526034207891e-01,1.200277544752847425e-01,2.383047526466584853e-01
4.035320750091750952e-01,1.857591999294820329e-01,2.312593422673413779e-01,0.000000000000000000e+00,4.276676958061538247e-01,2.839192461891686947e-01,4.733108148617291011e-01,2.381639808242634881e-01,1.981368645112805138e-01,2.665700847500468429e-01,4.781949595298651268e-01,8.997375044624947305e-02,2.022833271868546556e-01,3.096469445444920421e-01,6.421800921854692312e-01,2.220531639558882830e-02,8.275935385358097751e-03,1.415799005731743498e-01,5.582244653989806155e-02,3.534847580072281725e-01,5.365194412832052784e-01,1.956589334052890039e-01,3.913234629999885750e-02,1.626741738993286446e-01,9.222564348255406219e-02,2.284861173340105023e-01,3.352723805230535259e-01,1.925142594567129661e-01,4.472743775590939247e-02,2.010738457016675862e-01,7.195244928839916732e-02,1.492702877819382656e-01,7.827846315514308539e-04,3.483243016799349445e-01,2.931057540341392431e-01,1.097895456157565452e-01,3.186387996489704055e-01,2.935726476655774186e-02,3.598021212784205392e-02,1.380471850229802178e-01,1.997274631076261242e-01,1.752219870192207526e-02,8.047818068889492360e-02,1.663601340647110349e-01,2.136094150076136011e-01,2.312621863458482196e-01,5.389824253615564942e-01,1.197430814416247241e-01,3.864520010440058995e-01,5.162875427439115317e-01,6.196970709184035364e-02,3.166083725555084438e-01,1.916031379929061251e-01,4.612510236774677308e-01,6.316249048573149838e-02,4.453421929470484653e-01,1.576974095778092555e-01,3.187178222836884456e-01,5.589891872494162639e-01,7.441976024203188489e-01,4.465783789666026293e-01,1.394151473327132351e-01,2.413267074089572306e-01,3.090852214993506514e-02,5.406744472570386151e-01,5.910878828349515057e-01,4.231535014019114915e-01,1.049263374786491843e-01,1.415048517555235752e-01,1.298880905273340214e-01,2.562699498891117811e-01,1.529436136604175323e-01,1.703081602428029862e-01,3.586900906218900009e-01,3.804585491059803704e-01,4.951866042904621845e-01
1.824906129988326797e-01,3.624893110022461840e-02,5.703122093604807707e-01,4.276676958061538247e-01,0.000000000000000000e+00,5.641377821041080320e-01,7.490237020037288085e-01,4.028065824654830651e-01,6.618211239529373513e-01,1.497329930014787425e-02,6.056295783346249406e-01,6.113893586987564910e-02,5.399588981495472284e-01,5.496304159978366854e-01,4.985282400098708377e-01,1.552208914156363861e-01,3.533566666439771353e-01,1.334788898788294154e-01,4.598448182578133148e-01,3.616137504514035927e-02,1.697990071686014679e-03,1.187077796027491694e-01,2.217349147730762193e-01,3.632578934518211344e-01,4.039220240376005244e-01,5.822298970313481703e-02,6.108310231208899932e-01,5.329458428850670781e-01,3.880788068992931938e-01,3.088596456286341052e-03,5.861850888407815763e-02,2.125246461605144188e-01,1.769186702374753173e-01,1.411950459240038924e-01,5.258358516647651526e-02,8.047697380136331624e-03,1.462854666837148931e-01,1.804561620294944102e-01,7.745608403347881143e-02,2.953032915070570308e-01,1.670355740616516205e-01,1.225175507479977499e-01,5.466257003402956727e-01,2.788558873265065130e-01,2.413367120604197891e-01,1.602928804936283314e-01,3.155971994885463094e-01,4.731473180889947949e-01,5.893631536359260625e-01,6.967106957564520586e-01,2.913683885670274587e-01,6.243129745736825109e-01,3.205464249068555871e-01,6.725707973541639184e-01,2.402114432745706130e-01,6.309804780959676895e-01,2.001260086502665014e-01,2.084689150612968611e-01,3.243216574123366502e-01,6.087904839939276558e-01,1.586466414893093757e-02,2.101356955988637476e-01,1.871155564395224347e-01,4.240944948159934280e-01,8.559559444731393296e-02,2.488552164810153011e-01,7.743076708562307564e-02,6.000056112832108379e-02,4.223692061525706753e-01,3.468702828937145766e-01,1.472490242962764539e-01,3.002640705414625355e-01,4.529597855209087642e-01,6.105826552722693618e-02,1.972849981761548299e-01,9.085059570270366536e-02
1.545182795859799674e-01,4.572056212365238070e-01,5.831010069479947155e-01,2.839192461891686947e-01,5.641377821041080320e-01,0.000000000000000000e+00,5.604168458773011174e-01,3.276688308907554914e-01,5.234544250500086093e-01,2.100481193345457021e-01,5.083255462359543841e-01,9.835264061791498813e-02,5.367798082260137882e-01,2.221015443485201413e-01,6.011470597918494585e-01,2.669124402000040974e-01,4.262633434253437770e-01,4.301455367712093136e-01,4.952015156423925091e-01,6.080725682904442042e-02,4.143746946435072909e-02,2.611414147317542289e-02,3.830784099042349733e-01,1.532642081048677940e-01,6.352948729207816836e-01,2.875009985382475652e-01,6.788981783957553917e-01,4.240714886645330362e-01,3.959351310861096152e-01,9.320740447866508738e-02,1.723966101624269109e-01,1.824897684341479365e-01,2.444316141699572897e-01,1.933727307554810593e-01,3.574555365986948480e-02,1.028789119896282023e-01,1.390107662614470385e-01,7.922002452997597977e-02,2.828304799480707565e-03,3.115584671084707380e-01,2.087652537400814523e-01,1.588508872841680741e-01,3.523260546796409542e-01,2.180982599132412769e-01,1.311161927782418801e-01,2.297338211637284244e-01,2.795034996568765973e-01,4.674260890231080046e-01,3.552981700214817851e-01,2.571572589603908776e-01,6.060067801736057636e-01,5.186297421298673438e-01,2.182182807803700886e-01,5.917747995974633746e-01,4.654383514915987063e-02,4.416970241820400433e-01,3.245280496481767751e-01,3.414193582614472589e-01,1.817030422133660839e-01,6.315188555142570159e-01,4.915318792460147967e-02,2.131047994316677963e-01,2.833336310960334337e-01,4.978670478070347793e-01,9.410424185753335502e-02,2.739744576388143948e-01,4.480512902341493575e-02,9.029083933306780718e-02,2.511653061642418194e-01,3.518760897619723771e-01,2.387266282526545047e-01,4.564885730562051602e-01,2.290297565078008857e-01,1.060621870188063615e-01,5.855171002247280820e-02,1.026661318300607084e-01
2.604751750534675114e-01,1.701669194614886804e-01,3.664362444462345714e-01,4.733108148617291011e-01,7.490237020037288085e-01,5.604168458773011174e-01,0.000000000000000000e+00,2.605816153109257738e-01,5.121851128057992586e-01,1.734857273032385239e-01,4.588464325309831726e-01,2.060632226955563806e-01,5.768498465903041383e-01,4.018489832194614975e-01,5.252385601435645146e-01,2.747720637633653262e-01,3.549154140249398126e-01,2.522681558507208210e-01,2.940797460084660919e-01,2.342525261174663309e-02,6.659211642402587672e-02,2.038635027247648335e-02,1.413453513046724619e-01,1.116636205451282393e-01,4.658170632012369472e-01,6.433233138775978910e-02,5.926783093494343291e-01,3.185577343505338610e-01,3.740716539632343851e-01,6.075833046468848142e-02,1.115019623555153494e-01,2.802725535933200396e-01,1.093104964217715414e-01,1.334714401452288812e-01,9.883847420829686148e-02,3.714698558122297989e-02,9.077168000728386144e-03,1.607776548673683359e-01,6.084820111357235051e-02,2.178469628812344516e-01,6.916482615183226768e-02,4.947393999432864869e-02,3.658133123887660210e-01,2.609987271360728611e-01,2.543883179995501953e-01,2.195717210328135272e-01,3.562428611174647264e-01,2.335833837989395867e-01,4.300151450727279223e-01,5.888581914060246891e-01,1.851540189814062654e-01,5.364245736262904796e-01,1.134371839071902227e-01,5.802294319854789384e-01,6.571905255906268506e-02,5.480646883422126692e-01,2.911297891219678524e-01,7.256469004496174380e-02,3.750614107791613305e-01,6.209353738333912576e-01,4.946866676404051977e-02,4.332083678875756072e-02,5.359689102378820125e-02,3.096955444722334083e-01,2.260781247804530825e-01,3.451365840015413466e-01,5.187485945324178671e-02,1.079480566066128022e-01,1.231354971385734687e-01,2.078813114777904592e-01,1.627290792899024896e-02,1.470300671209762711e-01,1.520589344912234853e-01,1.085818685793929900e-01,2.080804058240549592e-01,2.245261504963437862e-02
4.655104197424404511e-01,9.423742778045562929e-02,2.778656464410810267e-01,2.381639808242634881e-01,4.028065824654830651e-01,3.276688308907554914e-01,2.605816153109257738e-01,0.000000000000000000e+00,3.576643292051757128e-01,2.920487946519958466e-01,5.780816212325864401e-01,3.380969430353504834e-01,2.273285224879462718e-01,3.831560427600282925e-01,2.771596352862616408e-01,2.425267549522669708e-01,1.063466762251547570e-01,2.241910399440555368e-01,2.036545438576340128e-01,1.907860571658210325e-01,5.205397840056036340e-02,2.836179878032540902e-01,6.408728534679556388e-01,2.186362412163578295e-02,1.008415226385622754e-02,2.723804852606130367e-01,4.124602377559309918e-01,1.649418782448475451e-01,2.619772521425355327e-01,1.851748315008523438e-01,3.080550068547181497e-01,1.932377585472088433e-01,3.449658791583369855e-01,1.815791450770236903e-01,8.746756936907712499e-03,3.378898682720132829e-02,1.624594860660877327e-01,1.737125104945777543e-01,5.225383971362104751e-02,2.339083643498376663e-01,6.371437706805646584e-02,6.804877601345078741e-02,3.106219979279208343e-01,4.807504964461389863e-03,6.002848052835101089e-02,4.651919825892827931e-01,1.449948548504621793e-01,1.832037820188798793e-01,3.031186592314823458e-01,4.692627869974460575e-01,1.956983551501439988e-02,2.319887773653725449e-01,7.503856970560505157e-01,3.476246742421125191e-01,1.785938535125800586e-01,4.810085690655648283e-01,9.881867238190966685e-02,2.997715023794589317e-03,2.481183152883540410e-01,4.883877489790264814e-01,4.758733521506640085e-01,1.424887018818679907e-01,3.142706094196848765e-01,2.098499668309116717e-01,3.319152109328767919e-01,3.096146025756342235e-01,3.210092160677420758e-01,3.125427455645481412e-01,5.933847198390510003e-02,2.545571376106807726e-01,2.364642874873509049e-01,2.404560556803915783e-01,1.286418520137506682e-01,5.332687772794251213e-01,6.097110092576965013e-01,4.242950885385368687e-01
2.744279314706266071e-02,1.493375045944742296e-01,5.880747879948610146e-01,1.981368645112805138e-01,6.618211239529373513e-01,5.234544250500086093e-01,5.121851128057992586e-01,3.576643292051757128e-01,0.000000000000000000e+00,2.975030194322502153e-01,7.163246259420066320e-01,2.377339562308940224e-01,3.051969832986122233e-01,3.785093824085824510e-01,2.954301931978354778e-01,7.527355765475282623e-02,1.475389983745074574e-01,1.570522871587574087e-01,4.028212327210208277e-01,9.561574090878161014e-02,1.130135506874422602e-01,1.060533762371862476e-03,2.983168461483579614e-01,2.864381142767360444e-01,4.136267696414189787e-01,1.661133834717255231e-01,6.464271961660496002e-01,2.707358998688546570e-01,2.324987827985798283e-01,9.640435013692444377e-02,2.069487586791218803e-02,1.492306070874860613e-01,1.847499597437827490e-01,1.710154466045983035e-01,1.064684993186545692e-01,3.331772013419103534e-02,8.451310693289955378e-02,3.682491880128710982e-01,1.507846373575692234e-01,3.187399910098311917e-01,2.922225906721572231e-01,4.617893123732932925e-02,3.809833663980550789e-01,2.411987487653490247e-01,3.610959916210450538e-01,1.245597217578628402e-02,1.144429340498708814e-01,4.697160204564210795e-01,3.392935505304447985e-01,5.308544754236793617e-01,3.338488721531809311e-01,5.029103724927501684e-01,3.221550822755530619e-01,7.664277250382385276e-01,7.846117603151903097e-04,8.108186831219200696e-01,4.024590121278114330e-01,2.136816217911614857e-01,2.636498097181070865e-01,3.772474387397817819e-01,5.110276808750073563e-02,1.095995351832027009e-01,1.523060253283636256e-01,3.680362093486115871e-01,9.460209823978715793e-02,6.552874509228973077e-02,2.509507182566051431e-01,1.609053845259312276e-01,3.227240108209875058e-01,3.612075954628845009e-01,2.863226454847906388e-01,4.350745853887487691e-01,2.975285914922569108e-01,9.913572028493403132e-02,1.077727385679772415e-01,1.905619019041565609e-01
1.403028735258963489e-01,4.148183719017136117e-01,1.425689473920664918e-01,2.665700847500468429e-01,1.497329930014787425e-02,2.100481193345457021e-01,1.734857273032385239e-01,2.920487946519958466e-01,2.975030194322502153e-01,0.000000000000000000e+00,1.459290681887678298e-01,4.660701530395914838e-01,4.852258114142748990e-03,1.935472466425840893e-02,1.421778873525335329e-01,1.423170835529008471e-01,5.164712584778302640e-01,7.273310399513821523e-02,1.052263298587099716e-01,4.880549382712148776e-02,1.214553842794716676e-01,7.667968176651041023e-02,3.264053041088097462e-01,7.538150120275224908e-02,3.573050402277216930e-02,1.185535335296143411e-01,3.413687557107005777e-01,1.913749639642591260e-01,1.792522665758672362e-02,2.215133638629139812e-01,2.145531198159901509e-01,2.883316715570121147e-01,9.387201353816468363e-02,9.874256321416344240e-02,1.337305947775545290e-01,1.214312581300305838e-02,1.742171635309941458e-01,2.116252386323309864e-01,3.077619825183390834e-01,1.894599948315734694e-01,8.145993190230745029e-04,1.383382420836598570e-02,1.139694877974635479e-01,1.385427413388320428e-01,9.584097476386690961e-02,6.022008996203567777e-02,2.882218385153622053e-01,1.785661165970635345e-01,2.835107693395498910e-02,2.499962688721405757e-01,1.654735886378219112e-01,2.768689167882948388e-02,2.023261965419151931e-01,2.872053983856039383e-01,7.077329938097166595e-01,3.283228170936145496e-01,5.162425538783186330e-01,2.327644056611330448e-02,2.331263093105573059e-01,7.164014082267733396e-02,8.956074669154487355e-02,3.774703678771841875e-01,1.196577609318134894e-01,6.137476759385868119e-02,7.452372405794635557e-02,8.075106914219065679e-02,7.517821510473693403e-02,2.199947615630946651e-01,1.222579600162201907e-02,4.627146714774940661e-02,1.072614697616103285e-03,2.265434322142577117e-01,4.912172372157352918e-03,1.835443123710199798e-01,6.416715466066910678e-02,1.763461248324864061e-01
3.675901215298108538e-01,4.400716065702152402e-02,4.840395115852316188e-01,4.781949595298651268e-01,6.056295783346249406e-01,5.083255462359543841e-01,4.588464325309831726e-01,5.780816212325864401e-01,7.163246259420066320e-01,1.459290681887678298e-01,0.000000000000000000e+00,6.748417908308740332e-02,3.802029094678943677e-01,4.827532850554593358e-01,5.249809774572598009e-01,1.576566046062109483e-01,2.118655266253317571e-01,1.061886362729055344e-01,5.269608530751072051e-01,3.319668362398548456e-01,9.496499933599369947e-02,3.474272365403918150e-01,2.616518222815764627e-01,1.206245989693660592e-01,2.038325164469685369e-01,2.837356552525133191e-02,5.902995252521552327e-01,3.631228382810009481e-01,7.018395902183138801e-02,2.122461020024042355e-01,1.845180552776702620e-01,2.141222084590574115e-01,9.630347967280963872e-02,9.012485456361586655e-02,1.839914676575192254e-01,9.777771710088117851e-03,3.503006193134487467e-01,1.170872877018204194e-01,1.927774571135253134e-01,2.099779044173087639e-01,5.791342825111508996e-02,1.734647844719611198e-01,5.272350753846519744e-01,1.227945477003699604e-01,1.299074356750890002e-01,2.842737853658322544e-01,3.026810541261831800e-01,4.211101141516527258e-01,5.087077618925188727e-01,7.029498684449634327e-01,3.638961704457202018e-01,6.609418014469343738e-01,5.913560010140379575e-01,7.142388927664081733e-01,1.730491768635267213e-01,8.325138309453115060e-01,1.822757113720332445e-01,2.445477530834377355e-01,5.163998000210947570e-01,6.761086615607556638e-01,2.906396128427339298e-01,2.039248243785129755e-01,5.631446947721369112e-02,4.568794819368713900e-01,2.234731164673829096e-01,2.912366596437608868e-01,1.513808295067172738e-01,2.438519369781205481e-01,2.441178738412317362e-01,2.097958248656699443e-01,1.296153259818330072e-01,4.615621147313061501e-01,3.518476958754934714e-01,2.069692525259205773e-01,4.230106447640711864e-01,1.518373551057609627e-01
2.295182348839158171e-01,1.374375848408793122e-01,1.441565386119294523e-01,8.997375044624947305e-02,6.113893586987564910e-02,9.835264061791498813e-02,2.060632226955563806e-01,3.380969430353504834e-01,2.377339562308940224e-01,4.660701530395914838e-01,6.748417908308740332e-02,0.000000000000000000e+00,8.891188276297062876e-02,3.346603967357919540e-02,2.280451840150841680e-01,1.580993057591979500e-01,7.950437974346391545e-02,1.374292045217607172e-01,1.221364752822627908e-01,5.018689019806527041e-02,3.192321392956558590e-01,2.335179213635742435e-01,2.844996025920392135e-01,2.137034216946503973e-02,2.536824341386721415e-01,1.375984472652487245e-01,2.762431832853878833e-01,1.974278867575038343e-01,2.880422177302965348e-01,2.834238700369130504e-01,9.912983180193550570e-02,2.567332774166343756e-01,1.690962979876277084e-01,1.154441319553769774e-01,1.041788738194654729e-01,2.201034238738794335e-02,3.124716211221847950e-02,2.204763328386289967e-01,4.011599721465650137e-01,2.181775335639632996e-01,1.779600719956561661e-01,1.001799100446517377e-01,1.255997490737770228e-01,1.408172054366843562e-01,2.139268816079689106e-01,3.859367963526462719e-01,2.810692831695958405e-01,1.028211669871635647e-01,1.161952027341846827e-01,1.994553466728451463e-01,2.927658479717550888e-01,1.354499473321811587e-01,1.588731414587409851e-01,2.550943919028717533e-01,2.349063418538146486e-01,2.764122855020577640e-01,8.406210296369872603e-01,7.831369689660483413e-02,1.419479059064360227e-01,2.628985553726448376e-01,3.136476382063261292e-01,7.304200354802087292e-03,2.923538255606117353e-01,2.264457109786455202e-03,1.429583207782053611e-01,3.074617905863403777e-01,4.191349142633324920e-01,3.036802190738868701e-02,3.420214267198606883e-02,4.037398605902509652e-01,3.066164225195036619e-01,2.338071900525268976e-01,4.602051361736053670e-03,3.314439953212746093e-01,2.123529671698871635e-01,2.721952441871837713e-01
2.807040733394223220e-01,3.867148008119062341e-01,2.928278360312569495e-01,2.022833271868546556e-01,5.399588981495472284e-01,5.367798082260137882e-01,5.768498465903041383e-01,2.273285224879462718e-01,3.051969832986122233e-01,4.852258114142748990e-03,3.802029094678943677e-01,8.891188276297062876e-02,0.000000000000000000e+00,1.291265760899411585e-01,4.319980009839249346e-01,4.949785977666135706e-01,5.221274695421859180e-01,4.866576722926351795e-01,4.469198189880046468e-01,1.041179792206772536e-01,2.582453466534320730e-02,6.543558255345399699e-02,1.957965108618779926e-01,1.881097098172268556e-02,4.647833483309725122e-01,1.803458430523402489e-01,2.025906231493987408e-01,6.255218036468336296e-01,2.625011285326541155e-01,1.764150542319362913e-01,2.830672602940052518e-01,3.684850814206135083e-02,1.416771658076894091e-01,3.922641063749218726e-02,5.608988007825582711e-02,2.549704171439859390e-01,3.297163030566707675e-03,1.396098894614743735e-01,2.782745615790069849e-01,8.691156298954152981e-02,1.101523661284592726e-01,2.305674353750713501e-01,1.230893877036065009e-01,1.325801083071124209e-01,2.261079107724452142e-02,3.192318554999048485e-01,2.858724478066629882e-01,1.870775685198399763e-01,4.107232252159157548e-01,2.803633813367301664e-01,1.820943269518422170e-01,4.091722130204227259e-01,4.988889475402186191e-02,2.984591244770954388e-01,1.619268293008941373e-01,1.956827553243115081e-01,2.554573411014865458e-02,4.485666849563362257e-01,7.052162680603235589e-02,5.105660452536578964e-01,2.245581443115218095e-02,2.531798222363564332e-01,2.175252508012542052e-01,4.128104325917741901e-01,1.907954949529483135e-01,2.605560031384698272e-01,1.927686493535173962e-01,1.381876624444477175e-01,5.241855099859923928e-02,1.674633738487668611e-03,1.423389525525403654e-02,1.874753733351114393e-01,2.875027317832261620e-01,2.003217231557141986e-01,1.959469206653916551e-01,1.486813333891765648e-02
2.175008015962369423e-01,1.706860167881058543e-01,1.977800866526324697e-01,3.096469445444920421e-01,5.496304159978366854e-01,2.221015443485201413e-01,4.018489832194614975e-01,3.831560427600282925e-01,3.785093824085824510e-01,1.935472466425840893e-02,4.827532850554593358e-01,3.346603967357919540e-02,1.291265760899411585e-01,0.000000000000000000e+00,2.767860269142977669e-01,2.617879995629596168e-01,1.169129586669304111e-01,1.164374813429054356e-01,2.114637231118511873e-01,3.121539005106899745e-01,6.486123408552531971e-03,3.464146524345743661e-01,1.456269960202228320e-01,2.270529490845775711e-01,2.034629560014988570e-01,1.968788477998693887e-02,4.536858716140795833e-01,8.743881920676209452e-02,1.370428769846625539e-01,3.084644958951753280e-01,1.217429074897072028e-01,4.423286408439970896e-01,3.052565404111878128e-02,1.044385524814954447e-02,1.274189804181948549e-01,2.747316624392541762e-01,9.829140432958979878e-02,2.163065926748439505e-01,4.189738833730389245e-01,1.727894941807323337e-01,1.463718029776623075e-01,4.711342939691900988e-02,5.842926569592664654e-01,2.376132516712759490e-01,1.426285177646432201e-01,1.152499151068369088e-01,4.141244271519634035e-02,1.380996566407348136e-01,3.409193521376002733e-01,6.041505888713590844e-01,2.008213335155937806e-01,4.733476032629708175e-01,4.885899036342035151e-01,3.556137946074268141e-01,2.507991691176202909e-01,4.850840423425072379e-01,7.151137707181712266e-02,1.198271464784833595e-01,4.433062212446217676e-01,3.159436619685737635e-01,1.177226620039995564e-01,2.387848468949671510e-01,1.098759004653628857e-01,1.294685921027464437e-01,1.796365630303883854e-01,1.045477116475300450e-01,4.277284019404896387e-02,2.711739376905827337e-01,2.777568368913114760e-01,3.267817148190925725e-01,1.537178577143128999e-01,4.779574274612918838e-01,2.280041623408737839e-01,6.729784819486354930e-02,1.869784675484268133e-01,9.010883079840606436e-02
3.685836986822918493e-01,6.461433174957514902e-02,4.574335536258865575e-01,6.421800921854692312e-01,4.985282400098708377e-01,6.011470597918494585e-01,5.252385601435645146e-01,2.771596352862616408e-01,2.954301931978354778e-01,1.421778873525335329e-01,5.249809774572598009e-01,2.280451840150841680e-01,4.319980009839249346e-01,2.767860269142977669e-01,0.000000000000000000e+00,9.566032155033105111e-02,4.286874462344791858e-01,1.690707395099283472e-01,5.174590809977178685e-01,3.516628610662795862e-01,5.423672656967366557e-01,4.291706078005007585e-01,7.731419469048111948e-02,1.327333566166128409e-01,1.509336786432179944e-01,6.143581341407966523e-03,3.755757789592906182e-01,5.158282328045015186e-01,9.975565862165830522e-02,1.169508469108754833e-01,5.939013621439301338e-02,1.738751135272966486e-01,1.084102473510097919e-01,3.047158477812154653e-01,6.887618186814103982e-03,5.113469080042180870e-02,2.932581186292487763e-01,2.078015694817428871e-01,3.718072651854981842e-02,6.183579571924008311e-02,1.962813623581909916e-01,3.402264170745097349e-01,3.775194609366124832e-01,8.223059238850628783e-02,1.093001754701272699e-02,3.648906764153996840e-01,6.101165554135528080e-01,4.731773992198095580e-01,5.681705366666716106e-01,4.746423056951343256e-01,3.108279792753367299e-01,5.263373399191048074e-01,2.111326307543006098e-01,5.449760193040680267e-01,2.958866931772578535e-01,3.142902647276519801e-01,9.733609077224135431e-02,7.102744398425067662e-02,3.545328814114688254e-01,8.353904133744040061e-01,1.794643539620995043e-01,3.322094585842427228e-01,1.632274537725180164e-01,4.809033648447391673e-01,1.598651656918666508e-01,6.111094578815188250e-01,3.235291930109007175e-01,1.413948458379832851e-01,1.196549795435065122e-01,1.567766885818843159e-01,1.508708796146435160e-02,2.129835914649249595e-01,3.261213403469248040e-01,1.469873999117626284e-01,2.105917234287613127e-02,1.558653731038500689e-01
4.332443086764543039e-01,2.725907591760440285e-01,2.201404541602172138e-01,2.220531639558882830e-02,1.552208914156363861e-01,2.669124402000040974e-01,2.747720637633653262e-01,2.425267549522669708e-01,7.527355765475282623e-02,1.423170835529008471e-01,1.576566046062109483e-01,1.580993057591979500e-01,4.949785977666135706e-01,2.617879995629596168e-01,9.566032155033105111e-02,0.000000000000000000e+00,5.470964832523008692e-01,6.816147135721474237e-01,2.782675911892291687e-01,3.957615803097008778e-01,1.855695665380320547e-01,3.472421561508684529e-01,6.552643987637733758e-02,2.758638628007086258e-01,4.438168273294760269e-01,3.438667462488999016e-01,1.064687494489080510e-02,5.408759761850500114e-01,6.364304537985475685e-01,5.252591085046498520e-01,3.603296131934988766e-01,2.895487457957277577e-01,1.382075663050758574e-01,1.225383642340768242e-01,9.599103727878127712e-02,4.450482655455875181e-01,1.727696770840195239e-01,1.434774305073371337e-01,4.436780663099471611e-01,1.680458289925891024e-01,1.894559125854919091e-01,1.778021321183653053e-02,1.436189028884886643e-01,1.385624460904981148e-01,2.898743003733728063e-02,4.236967263426706376e-01,1.053080739730649085e-01,2.164361684210390213e-01,8.626139765397997095e-02,2.594421938091140967e-01,1.405007725736057977e-01,9.609944438687664792e-02,3.711779304617819908e-01,1.225528165602389197e-01,9.576252539607632563e-02,8.084237108180283848e-02,7.620545278681202517e-02,2.910591566398122443e-01,2.899326460393936711e-01,7.858571460734947722e-02,5.296681884495446635e-01,2.335815302121456161e-01,4.466200585933872147e-01,2.897319315423561581e-01,8.702682152290386330e-02,9.170870064597919091e-02,2.518951789801572860e-01,2.998741512956883404e-01,2.711114424828608982e-01,2.543041454528211509e-01,1.950481243352741589e-01,3.737358516668875530e-01,2.282547080185653443e-01,2.760894466461455421e-01,1.914995129160240450e-01,3.764368430488151396e-01
1.242688979752529510e-01,1.244584656317623828e-01,3.699365964488943725e-01,8.275935385358097751e-03,3.533566666439771353e-01,4.262633434253437770e-01,3.549154140249398126e-01,1.063466762251547570e-01,1.475389983745074574e-01,5.164712584778302640e-01,2.118655266253317571e-01,7.950437974346391545e-02,5.221274695421859180e-01,1.169129586669304111e-01,4.286874462344791858e-01,5.470964832523008692e-01,0.000000000000000000e+00,6.923102205948740151e-01,5.378232868018386625e-01,3.023439062252952780e-02,1.171733688084353187e-02,1.161488181782445173e-01,1.387609999571364217e-01,2.910607669374159490e-01,6.137272686550095946e-01,4.854326883195995146e-01,7.781812690019358769e-02,5.418415056627705617e-01,3.227584401451450979e-01,2.694887393767634309e-01,4.818164470403940580e-02,1.250220548877757631e-02,7.109008498096396067e-02,3.028451452212385653e-02,1.417625335087825400e-01,1.216317545997308847e-01,1.156845376750189752e-01,1.340015452644001681e-01,1.009925494862071171e-01,1.507693489552117683e-01,2.931311343766680455e-01,1.488557195704410807e-01,3.523661078613228304e-01,3.000727713106273731e-01,1.251542012105114066e-01,7.052960791421000741e-02,2.159612061665079630e-01,4.065102173924620144e-01,3.446677432044061851e-01,1.052487601144128371e-01,3.830929660787899538e-01,5.384130420778103776e-01,1.073870799528188202e-01,2.256095574333622233e-01,5.722662861565042114e-01,6.510028677000649633e-02,5.121989339831239940e-03,5.729922717532891507e-01,3.188475166905936631e-02,4.185629377549298091e-01,4.765261660151276502e-01,6.987106170211471179e-01,6.255929351820409545e-01,5.156017266427443957e-01,2.067094379247965963e-01,2.649594594821799709e-02,1.021496943615715358e-01,1.968142028770856200e-01,3.097162262241125452e-01,4.276703048481723113e-01,3.868304093624078122e-01,5.071734463978294638e-02,4.396383965895933610e-01,3.472328648345054392e-01,1.346846973368519551e-01,4.656747153289639285e-01
3.231940302828543166e-01,5.531101737838529653e-01,2.038766975731217401e-01,1.415799005731743498e-01,1.334788898788294154e-01,4.301455367712093136e-01,2.522681558507208210e-01,2.241910399440555368e-01,1.570522871587574087e-01,7.273310399513821523e-02,1.061886362729055344e-01,1.374292045217607172e-01,4.866576722926351795e-01,1.164374813429054356e-01,1.690707395099283472e-01,6.816147135721474237e-01,6.923102205948740151e-01,0.000000000000000000e+00,2.944749447094542338e-01,2.089299332294922429e-01,1.532583374807143517e-01,1.948791329630660263e-01,9.231705665562459084e-03,2.555532586352073920e-01,8.094134771404011275e-01,6.647704414566738551e-01,2.667189839205746926e-02,3.510272068699041292e-01,3.895080696227515293e-01,2.928465545506483414e-01,2.266250884279269462e-02,1.573427171667723945e-03,1.196025598108079041e-01,2.839285170793620638e-02,4.105644364333657648e-02,1.341039093063699505e-01,2.728918949153919526e-01,1.266123779446385322e-01,1.058370996452631385e-01,2.617722771404176196e-01,3.322202204550686044e-01,2.887454552332052726e-02,2.888153125736045435e-02,3.076759316269157551e-01,6.481694936512985561e-02,2.698037147885973264e-01,1.319059609431190994e-01,1.596573025053069639e-01,1.663821606794075036e-01,1.982495967575102491e-01,4.012214462155471728e-01,2.437260900758740356e-01,3.100372856071065275e-01,1.365570314819496978e-01,1.718004155990385251e-01,7.409596673957752344e-02,1.863323687013343222e-01,5.554113655620582790e-01,2.222416359504163219e-01,1.531359603182030626e-01,7.035770861278802801e-01,4.289404503369114163e-01,7.105888683252852278e-01,3.025151467005622319e-01,2.673481780469985081e-01,8.603163443060454774e-02,2.433451123475118827e-01,1.976050606416129285e-01,2.420783906252767792e-01,3.914901310782600841e-01,4.721162517905357348e-01,1.234333489615593304e-01,2.670100418295753286e-01,2.991288491758499202e-01,3.121805796668338795e-01,4.333006878199703871e-01
4.788261746833696875e-02,7.526039161555780899e-03,5.835360417559463109e-01,5.582244653989806155e-02,4.598448182578133148e-01,4.952015156423925091e-01,2.940797460084660919e-01,2.036545438576340128e-01,4.028212327210208277e-01,1.052263298587099716e-01,5.269608530751072051e-01,1.221364752822627908e-01,4.469198189880046468e-01,2.114637231118511873e-01,5.174590809977178685e-01,2.782675911892291687e-01,5.378232868018386625e-01,2.944749447094542338e-01,0.000000000000000000e+00,1.462328029199949642e-02,4.906863954667192718e-02,1.981318267226387375e-01,2.295618796769859082e-01,3.978323060329337357e-01,3.782993980111577503e-01,2.398436383196137223e-01,2.611458485007495667e-01,6.183281845860872927e-01,1.819630443586857382e-01,3.287349826459727842e-01,1.244426091881728480e-01,1.298271472625221190e-01,1.234855485206596409e-01,7.877121936437662952e-02,2.243988932316356155e-01,6.150125466520080936e-02,1.009637842314395628e-01,7.634362930108530565e-02,2.734328940017778375e-01,1.629841598685229376e-01,2.305600091675641117e-01,1.896736155780756328e-01,4.177656065250215933e-01,2.430216187933255667e-01,5.259660537169279920e-02,8.418280114563585215e-02,2.906778033697141606e-01,5.688000194565342449e-01,3.545736392807414261e-01,1.437828752385136855e-01,3.542236728966888792e-01,5.095072501252326802e-01,1.509499170008843927e-01,4.181095483103629551e-01,3.321510629607965503e-01,3.134073232285012889e-01,9.682700162173282776e-02,4.126145473257284979e-01,6.946910220592136809e-02,5.272866413979151456e-01,1.271889328705094191e-01,4.138180775364724839e-01,3.282686090189928518e-01,8.249303370354067466e-01,2.094145971775790427e-02,1.344802276088147286e-01,4.834446146759746599e-02,1.117791951894503422e-01,5.058713329089949973e-01,3.282604509137350690e-01,3.342386745162350126e-01,1.939126286509705310e-01,5.723076498986470195e-01,1.411685344699995515e-01,2.113669381036076267e-02,2.852616153493292006e-01
5.629891788509131523e-01,1.621786164218290693e-01,2.427386653529627347e-01,3.534847580072281725e-01,3.616137504514035927e-02,6.080725682904442042e-02,2.342525261174663309e-02,1.907860571658210325e-01,9.561574090878161014e-02,4.880549382712148776e-02,3.319668362398548456e-01,5.018689019806527041e-02,1.041179792206772536e-01,3.121539005106899745e-01,3.516628610662795862e-01,3.957615803097008778e-01,3.023439062252952780e-02,2.089299332294922429e-01,1.462328029199949642e-02,0.000000000000000000e+00,3.892177498686650305e-01,7.096254384780865676e-01,1.278475606470468873e-01,2.678493909832436182e-01,1.788934605590839499e-01,2.284270231884016900e-02,7.525752992350009940e-02,1.296467799326110337e-01,6.853788101879906280e-01,5.152017583664891820e-01,4.526913643408294052e-01,3.682470086925684338e-01,6.765945463327288634e-02,1.443177227389415285e-02,1.385928731184117302e-01,1.274905448029645394e-01,2.448474315942290591e-01,5.393688590858838894e-02,4.742326145096751877e-01,4.179911201937840798e-02,6.386859787892543161e-02,5.112346336813550218e-02,1.097410857787169680e-01,1.150327595087176497e-01,1.061131738430138027e-01,4.586425742475542244e-01,1.528551455937888215e-01,1.726678201976757365e-01,1.491892922951137956e-01,4.453692556861031937e-01,1.029461563840849969e-02,1.857614818425940284e-01,2.540617745443551900e-01,5.032964980439313951e-03,1.286567627662472402e-01,1.350433067508449159e-01,5.107653883652468751e-02,3.983637164519687746e-02,4.277555375166095519e-01,3.035617983748800652e-01,4.101794413087587188e-01,2.175044224691389805e-01,8.814414270021084241e-02,5.623874353428276462e-02,4.810595744104663174e-01,3.614594564350412931e-01,5.703917445991623092e-01,5.717290864986424026e-02,2.844356796627972583e-01,1.822919261944426494e-01,6.117634167799274048e-02,9.076166719235256863e-02,2.680286724312219704e-02,5.281321263193828885e-01,2.253223260796910488e-01,3.517202816626674444e-01
3.901547556499698199e-01,1.557278516823823733e-01,1.213064290139965196e-01,5.365194412832052784e-01,1.697990071686014679e-03,4.143746946435072909e-02,6.659211642402587672e-02,5.205397840056036340e-02,1.130135506874422602e-01,1.214553842794716676e-01,9.496499933599369947e-02,3.192321392956558590e-01,2.582453466534320730e-02,6.486123408552531971e-03,5.423672656967366557e-01,1.855695665380320547e-01,1.171733688084353187e-02,1.532583374807143517e-01,4.906863954667192718e-02,3.892177498686650305e-01,0.000000000000000000e+00,2.908830339201473048e-01,5.256631811725248626e-02,1.899604809242382564e-01,2.747381024806872518e-01,1.315880212687737805e-01,3.544329120548855849e-02,4.626569585623641068e-02,2.588409253918818043e-01,4.673106035199867114e-02,3.158537642886938279e-02,3.671724565640981097e-02,9.611585654331247786e-02,3.258909904489404319e-01,2.636063156494882764e-01,5.272356032101173373e-02,3.095664410516382747e-01,1.849033515657869386e-01,6.391285750307237890e-02,2.406809271912888903e-01,3.538791717652148838e-01,1.493778234045681497e-01,5.907085014581418131e-02,2.186925224510960775e-01,1.324652468711692010e-01,3.598821317651711427e-01,3.713368644432810117e-01,1.131174442172165062e-01,1.373756408583886868e-01,1.632064526906366608e-01,2.471983944368610908e-02,1.436750732520720442e-01,7.680001980072548307e-02,1.148155249402259825e-01,1.469847762630395738e-01,3.408442041625164842e-02,3.225272181232007873e-01,1.787596537049812306e-01,3.234902144483949860e-01,4.933935413377591450e-01,3.673001016399607965e-01,3.657906068593366755e-02,1.656904269900190130e-01,6.810009543800368825e-02,3.805351844647291149e-01,7.117858582614134955e-01,4.828639290281314667e-01,6.399182358140687032e-02,2.395601691738137584e-01,2.037151991180265465e-01,1.807669784144826375e-01,1.384711654442555284e-02,1.263337876242809354e-01,3.336169767869021641e-01,1.931146402046710064e-02,4.174820618035121056e-01
