0.000000000000000000e+00,1.528452218799568052e-01,9.661754873299258084e-02,4.376467498783117582e-01,2.063417054501067716e-01,4.460512275988687825e-01,6.972532956313806096e-01,4.258624037665178497e-01,1.026358993314320789e-01,1.104272337644015001e-01,1.156838819888307002e-01,1.684670195941539439e-01,3.656958651410689987e-01,1.736819160368726356e-01,5.522196632582843101e-02,4.056945635111007253e-01,3.003876624829437958e-02,3.474725105579458129e-01,4.631211170254303511e-01,3.483222377264852954e-01,1.292850439831308984e-01,1.992975216517570702e-01,4.482822824870281164e-01,1.669325934388283805e-01,5.457233812207009649e-01,9.618017389403721307e-02,6.473383554443712384e-03,3.028448782063419831e-02,2.734039193584008598e-01,2.397122582583921524e-02,1.234266730868309181e-01,5.515116344638677504e-01,2.328691766835123689e-01,3.014946229078683815e-01,2.889245697944737290e-01,4.135149934656320303e-01,7.059540521705063298e-01,4.655243022366724603e-01,6.016610483653452857e-01,1.256252465203661073e-02,4.732744781828164271e-01,2.083245457304732928e-01,2.714688645503531839e-01,1.477328719198444107e-01,2.103185547676933997e-01,2.191879078747358545e-01,4.128638162536397704e-01,7.308117579391043561e-02,3.562514846246428446e-01,2.297188896598984509e-01,5.026485482476159561e-01,1.857523164993709064e-01,4.248782083699205181e-01,1.062392012864655511e-01,2.323442486645000415e-01,2.456521489270980241e-01,2.076616299030763502e-01,2.935582939455730345e-02,1.477893376651698842e-01,4.428574523622170744e-01,2.419656559062710044e-01,8.377060761512447606e-02,7.875256520653628467e-03,1.555495383798592701e-02,3.642771842289060924e-03,5.224367275585088954e-01,2.333964624017836886e-01,2.263331606646087069e-01,9.057028699723718157e-02,3.179303054870402656e-02,2.896038547428176346e-01,3.107306712398055781e-01,2.170640423919259487e-01,4.476984609029083240e-02,1.817375266970254755e-01,4.008646673426574103e-01
1.528452218799568052e-01,0.000000000000000000e+00,8.622649691849521014e-02,3.299743872382553816e-02,3.582318865006063335e-01,8.282413667411672176e-01,2.040384548290243016e-01,6.045929804619054604e-01,3.907750199675238401e-01,4.783475088179618973e-01,5.823113452407833179e-01,7.189619633642427843e-01,5.495958613662697001e-01,2.651546876176765211e-01,1.890436087820167033e-01,1.742155782034224276e-01,7.388625148521119623e-01,6.050940451046693536e-02,4.775721630974409937e-01,6.563785135689803596e-01,3.692864310749439660e-01,5.784710433303053012e-02,3.795346695239765755e-01,5.654504732987873927e-01,9.737028949776516118e-02,8.748282592759585308e-01,1.968876512752476549e-01,4.592539077808925896e-01,2.950751535497249667e-01,2.059803345313951650e-01,2.406134873647457484e-01,1.515054797256464025e-01,3.127057547530963655e-01,7.033487398333349017e-01,1.581812400458803280e-01,5.993626287131013919e-02,3.671616301943588651e-02,1.684969267419180738e-01,2.194849766851693362e-01,2.763568100090008084e-01,2.761905011595142123e-01,5.769270351218527271e-01,1.996328594583156590e-01,5.108864443757805684e-01,4.481285098287960955e-01,3.017801632073718876e-01,5.234447367234520421e-01,4.747739043183548668e-01,9.627052731926583062e-02,2.666194242018645189e-01,3.525621353172505024e-01,1.876056074531184670e-01,5.084985223165989776e-01,5.641012071569613262e-01,4.966882361077728514e-01,6.239567732772306474e-01,6.078482035625283331e-01,3.850721838508489037e-01,6.166318220597597488e-01,3.641419852550420444e-02,2.309051214049917533e-01,5.034974474391951116e-01,5.009133297848548105e-01,3.828029318660249869e-01,5.207387687629949635e-01,1.842935484492547737e-01,4.748936205320458126e-01,3.578746637534288011e-01,5.486375796403597516e-03,2.110780458915410551e-01,3.052176870793251173e-01,1.063207383190856170e-01,1.969816028479757508e-01,5.809605952791971895e-01,1.169782726037758708e-01,6.333577757937021158e-01
9.661754873299258084e-02,8.622649691849521014e-02,0.000000000000000000e+00,4.686589953639035411e-01,8.069175360843598988e-01,4.465889177155252798e-01,4.960882218011600231e-02,6.922313620119477928e-01,5.596814236890998995e-01,5.659837223539461171e-01,4.260447155032391353e-01,1.223277745357815582e-01,5.579150412322940733e-01,3.301849325054875273e-01,5.232869212830221217e-02,6.605423720287231792e-03,4.599993982181263541e-02,1.984864407201186454e-01,6.250827049574847472e-01,6.294671396082935910e-01,4.336697383511690096e-01,4.102350496895442733e-01,8.689740588211857242e-01,5.067189933772334731e-01,1.204583968469391253e-01,2.483928104808167669e-01,5.595477820109460154e-01,7.223811782293154682e-01,3.135594388934696553e-01,6.703521207523108760e-01,2.566121410031260153e-01,1.404470610471026393e-01,1.581405862166021248e-01,3.837916704096820397e-01,3.200479041747226749e-01,7.866055250059540427e-01,2.768580267753875668e-01,3.262223813125376126e-01,3.132302075769631822e-01,5.880088223549852222e-02,1.101050553982048097e-01,2.222645769087187029e-01,7.073726071135213456e-01,3.094216648219896837e-01,1.701859927610317180e-01,3.742424282128602453e-01,3.336625757254515490e-01,8.821489414811929386e-01,4.072699670071487921e-01,4.401433686428820047e-01,6.430505923490997811e-02,1.872635911083602445e-01,7.114568422351821297e-01,4.120775774249489376e-01,8.527977901704819619e-02,2.330241317038553861e-01,3.770412397575721442e-01,1.365269009130528066e-01,1.088100831697264709e-01,7.468301939714666604e-02,5.407601782438006266e-01,1.142967384668779202e-01,2.913519590989855357e-01,8.556251617965047185e-01,5.745276537309584874e-01,1.008929197087669594e-01,1.761648447404625117e-01,9.071265127989246446e-01,2.834404151962635066e-01,2.243807360325898170e-01,1.575118733539666027e-01,4.623624593956492390e-01,6.843193505582010339e-01,3.002894998111237945e-01,4.057289484733282992e-01,1.868779313819877996e-01
4.376467498783117582e-01,3.299743872382553816e-02,4.686589953639035411e-01,0.000000000000000000e+00,4.460672687645508283e-01,1.306289300448214286e-01,4.877165300088507904e-01,3.305895641021312503e-01,1.541545477992799784e-01,2.122625309670440885e-02,1.683132226192764758e-01,9.623855411727956499e-02,3.793606125446238875e-01,6.501547960221136790e-01,1.634102682652863181e-03,4.805046672870014746e-01,1.707357321868858691e-01,1.130426901237301524e-01,4.898755071447607468e-01,5.041776562715325483e-01,2.487051084150914970e-01,7.356749847386084840e-02,4.780356851768077786e-01,2.607341696484770655e-01,6.934546228890736685e-01,1.695118630860039388e-01,2.062960589799645306e-01,3.756972372527979109e-01,1.580176349346780751e-01,3.239578960935334262e-01,6.299794727681196083e-01,3.239782061333363883e-01,1.141877463936265824e-01,6.112633204816662058e-01,5.536992707048710161e-01,7.926355182671125377e-01,6.629279561425769352e-01,8.264408353815999586e-02,3.691908525537176966e-01,1.939071595529054670e-01,1.042845449452085155e-01,7.175393481385859973e-01,2.126907298535461455e-01,1.238073027457878977e-01,2.145366913414462895e-01,6.729916023061464914e-03,4.404716000363924078e-01,1.431803812131863252e-01,5.579819850664081704e-01,8.941853416095675577e-02,3.604700071753689228e-01,4.337791084329977176e-01,1.220984035980255955e-01,1.522959305085715420e-01,1.215070420855907801e-02,1.029739053261000403e-01,3.801204855273895289e-01,5.996216196264479992e-01,1.541635779011840957e-01,3.108853240683117081e-01,5.701912374034938669e-01,4.216842193747477596e-01,4.006916726103572635e-01,3.837276274679115584e-01,4.869141924302228808e-01,1.695814045461310204e-01,1.975368405097866487e-01,3.027079493456405479e-01,3.295235166935032156e-01,6.274059012428170323e-01,3.959157663485016743e-01,3.668043149370491807e-01,1.253668882475968693e-01,3.214229280471351813e-01,1.237633850765390980e-01,3.086851937892515774e-01
2.063417054501067716e-01,3.582318865006063335e-01,8.069175360843598988e-01,4.460672687645508283e-01,0.000000000000000000e+00,6.385403536530390722e-01,1.578566930424079029e-01,7.044113673371591444e-01,7.030449551776708494e-01,7.674185592514632948e-01,5.999718943924784442e-01,5.288379389556804311e-01,8.375936401784670471e-01,1.550400355439116029e-01,4.998552219805482699e-02,1.391752580462453093e-01,4.529013416151635441e-01,2.687570824889574106e-01,6.436263581637289288e-01,6.281799050248302319e-01,3.202137580207554679e-01,5.757922862625306504e-01,7.429159583931213007e-01,5.441944657670528818e-01,1.539768271353001983e-01,6.301380558813423072e-01,4.044009551164145511e-01,8.762950390520920507e-01,3.416057737354967205e-01,6.718481374730060907e-01,1.974238611857882519e-01,1.778607450084430663e-01,2.149125032308093486e-01,5.588401511693811274e-01,2.570760407663529312e-01,7.353112562708122857e-01,3.429437228443873997e-01,3.039707703100767433e-01,3.446197522214378695e-01,4.538694929423002511e-02,1.106182790396769700e-01,2.554030749252080290e-01,4.249116219457410581e-01,3.637342522946029333e-01,3.157782101594948654e-01,3.129041407572502598e-02,2.179495124206640710e-01,8.339159913457252493e-01,5.457268191984233630e-01,7.307111323235983003e-01,1.215103218560452947e-01,4.164618571775166589e-01,6.439545004202014145e-01,5.972590494189006227e-01,3.430441075466185152e-01,4.102626075698571628e-01,7.658786374728755453e-01,2.813540729849967059e-01,4.039358032859020065e-01,2.830124012149445867e-02,5.282560605776494000e-01,2.604089257978064453e-01,4.470219668680018299e-01,7.139497020711799147e-01,4.995613297052557966e-01,6.121187996464905190e-02,3.973552511263495068e-03,6.448129790402810091e-01,2.357320453945521976e-01,5.288761549983669874e-02,5.269221026087657356e-02,2.919751465486434272e-01,6.904525020105112265e-01,5.583848823422855601e-01,5.868074541894617857e-01,5.213035834498860321e-01
4.460512275988687825e-01,8.282413667411672176e-01,4.465889177155252798e-01,1.306289300448214286e-01,6.385403536530390722e-01,0.000000000000000000e+00,3.193933604713622421e-03,8.948865463437170042e-01,4.623404577242315461e-01,8.572196743722406698e-01,5.199839074458547650e-01,6.836265210452330265e-01,6.969979252458742280e-01,8.414062932430381447e-02,1.474119273498024907e-01,8.823322058697086190e-02,5.035939201472954263e-01,3.514448371214695666e-01,5.967502175458623270e-01,7.253863020004703843e-01,6.363860464328745525e-01,4.114388848981700986e-01,7.367369246493435941e-01,6.259633231095276251e-01,8.898614472838645151e-02,7.512562225326768761e-01,3.103105418452983821e-01,6.533720017072575104e-01,4.707618288887442382e-01,4.698172042777009061e-01,1.672540981098409874e-01,1.684277391872596175e-01,9.974379914887740450e-02,6.629254803289996723e-01,1.925313373134285855e-01,3.708810647711320851e-01,2.210633883400719424e-01,1.750831050400624422e-01,4.047061731838751952e-01,8.696864795769236600e-02,1.934069905653897914e-01,1.347708045429142631e-01,4.963851902225634161e-02,6.964553815307222839e-01,4.452840394675271485e-01,1.062881073299510315e-01,3.068572692607540731e-01,5.797442434912749576e-01,2.942014229496020539e-01,2.795449217601779779e-01,5.486892598387570485e-01,2.502952581839072432e-01,8.678344635658525874e-01,2.993502492608761112e-01,4.519181375143027646e-01,2.990079891957749814e-01,6.405204184053203686e-01,5.041760977228217921e-01,4.267557672135233737e-01,2.682581920656150198e-01,5.378597689286123140e-01,3.900181920892183962e-01,4.376360375085272536e-01,4.919778182434513258e-01,4.696857769307296593e-01,4.284068232044971336e-01,7.235948306523548590e-02,6.234124532640031857e-01,1.616661852169455627e-01,1.967647304646265305e-01,3.734252861694207781e-01,7.552203235587306995e-02,4.453592750349290030e-01,4.798875858319797127e-01,3.904789986105001165e-01,6.874729097458952554e-01
6.972532956313806096e-01,2.040384548290243016e-01,4.960882218011600231e-02,4.877165300088507904e-01,1.578566930424079029e-01,3.193933604713622421e-03,0.000000000000000000e+00,5.326983701590404241e-03,2.151742703265325241e-01,7.072247500017447841e-02,3.452114963463766006e-01,1.204868815344870003e-01,2.783134375317357634e-01,4.348974255977689496e-01,2.700209622182648816e-01,5.422300298556448350e-01,2.239577136154374815e-02,3.977727047737081301e-01,1.785064211733253248e-02,2.373293977141735789e-01,1.035715806530917160e-01,1.229069467844401409e-01,7.184106946156207374e-02,1.701757130691360781e-02,6.619516011318511417e-01,4.065790769082699985e-02,5.296705653240524336e-02,6.153576275039701615e-02,1.075843915044438770e-01,3.603719706416909641e-01,2.776401702411170347e-01,4.635589043153025002e-01,3.144189592074992934e-01,3.999637094040377483e-01,5.740530977066042873e-01,3.542017467465361502e-01,5.300354477486359794e-01,2.513432680041537415e-01,4.135148908424287062e-01,5.561921227315384797e-02,1.988480675287118693e-01,5.540605395996539562e-01,1.214381277319681596e-01,3.723598293844555818e-02,3.437539551061977172e-02,2.216689770663543002e-01,4.784358515000444734e-02,2.802762489604587737e-01,5.074785316635760379e-01,6.681460314220138974e-02,2.012359012821325899e-01,2.834665311155035172e-01,4.532569325493630841e-02,4.446802521701831434e-02,2.917340196823237086e-01,3.290277245566340381e-01,2.485860871854816967e-02,4.770515031024658015e-01,2.284837628653735020e-01,4.398483529618242849e-01,3.905425225067490902e-01,2.949648200936898501e-01,2.679504653992196284e-01,2.531977647745948801e-01,7.595588965148596106e-02,3.244323222693448194e-01,4.024462281947681630e-01,2.506603562347758940e-01,4.318757326274122454e-02,3.152054704218222314e-01,1.235124672450212679e-01,3.228628315786408187e-01,2.029124582759141981e-01,5.530866923708741001e-02,1.967293171967204324e-01,3.495883895027439570e-01
4.258624037665178497e-01,6.045929804619054604e-01,6.922313620119477928e-01,3.305895641021312503e-01,7.044113673371591444e-01,8.948865463437170042e-01,5.326983701590404241e-03,0.000000000000000000e+00,6.544987744848937972e-01,6.787833017583567718e-01,6.043514628132188315e-01,8.217498126567859273e-01,7.535931273593590163e-01,1.960296279249265639e-02,2.782942535858590194e-02,8.635483444475335058e-02,3.675118489305599923e-01,1.822674032967914748e-01,7.045295390994921192e-01,7.571891162408551645e-01,4.730653555812961431e-01,5.028570244171486348e-01,8.848913877947949258e-01,8.465375103774838150e-01,2.676811417174878027e-01,7.549683870145407205e-01,2.529721905562402062e-01,7.405364381128624052e-01,1.680508394117813109e-01,5.474331462782646707e-01,1.449367739754570394e-01,1.991844461996145343e-01,3.776456716107684519e-02,6.671283148764919346e-01,1.378840444363001461e-01,5.947476479447992848e-01,2.586904845925336871e-01,1.751044250492296561e-01,3.448745798143149077e-01,2.387380654181707473e-01,2.114996864003040600e-01,4.428612588611105516e-02,1.479757984304354013e-01,6.486746200578787924e-01,4.806518832863337920e-01,2.717925481878927935e-02,4.440616330427346603e-02,7.634029821071509625e-01,4.039332382649135633e-01,4.315055024106504433e-01,2.736206306353425877e-01,1.282988732852958780e-01,8.852937157332374518e-01,5.334694771198018604e-01,3.286730751115549132e-01,4.636726341608306545e-01,7.357846306729912689e-01,2.524240992360688995e-01,4.039982211514033250e-01,2.804469662569825106e-01,8.661899139637565526e-01,1.633381509606644244e-01,7.143355198038406906e-01,6.212953698781342737e-01,5.583417121931459892e-01,2.936957443926375699e-01,1.661069929839982806e-01,6.731603600525279951e-01,3.140092873435750831e-01,2.196653112615288284e-01,1.481456719087834994e-01,1.403838238843818087e-01,5.300292887032196365e-01,7.762098857253914019e-01,3.563195983793360777e-01,6.765684472438686647e-01
1.026358993314320789e-01,3.907750199675238401e-01,5.596814236890998995e-01,1.541545477992799784e-01,7.030449551776708494e-01,4.623404577242315461e-01,2.151742703265325241e-01,6.544987744848937972e-01,0.000000000000000000e+00,6.115701278751932701e-01,5.722184375627471509e-01,6.078342745194525998e-01,7.318139589057084393e-01,1.128347104888269420e-01,3.340039409054510466e-01,3.242621246253568623e-01,4.638693489585703489e-01,2.329157497911910624e-01,1.910530255557963963e-01,5.729070411348344827e-01,2.438691921226919523e-01,3.594992129131506231e-01,5.627013676427956579e-01,5.034622107518658130e-01,8.054505027569744402e-02,6.953036491338374647e-01,4.074951789052572160e-02,8.667625531198307476e-01,1.068628446716873848e-01,5.048631005166224206e-01,1.590611452495262201e-01,5.852270573297496670e-01,1.980880094506091635e-02,3.569845607454132930e-01,1.131138274324750836e-01,5.231921562050988461e-01,3.722389854875692017e-02,2.605092032026448123e-01,4.207516180726281196e-02,1.421066874089023657e-01,1.733285606426824416e-02,3.139282866258619187e-02,2.667964981336221619e-01,3.791777266272832736e-01,8.777578704547608912e-02,8.749755068569506355e-02,1.580408944560866003e-01,5.822029191697905004e-01,7.638537482009279955e-01,8.067766628545690599e-01,7.192218204305811380e-02,4.840506458960877056e-01,5.691559883702717038e-01,7.347855484223672073e-01,7.265036572324518049e-02,5.456768408472681964e-01,7.139710299279582451e-01,2.907518691835038749e-01,4.855802651580031215e-01,1.804568614055138964e-01,6.632723203362184128e-01,1.069355664191175004e-01,7.014903295356212931e-01,4.236434899014210886e-01,3.785534599994873073e-01,1.406190508360899705e-01,9.754151713409486835e-02,3.009573645981427625e-01,3.928880978444960759e-01,1.323366440868079807e-01,3.177308792315090558e-01,7.597870319233113179e-02,7.846942669467313891e-01,7.535133900218418113e-01,6.471938994440010751e-01,5.389459118851033237e-01
1.104272337644015001e-01,4.783475088179618973e-01,5.659837223539461171e-01,2.122625309670440885e-02,7.674185592514632948e-01,8.572196743722406698e-01,7.072247500017447841e-02,6.787833017583567718e-01,6.115701278751932701e-01,0.000000000000000000e+00,5.957151024315674448e-01,4.767163611322353112e-01,6.777743398358468951e-01,1.148436470253501457e-01,2.204978319825418309e-01,2.408959572288903450e-01,4.672542679176003855e-01,4.200296845546422353e-01,5.201049990783719323e-01,6.264046913167016228e-01,6.182582686880299105e-01,4.437803893588853077e-01,6.675619515376975954e-01,3.681073939906623904e-01,3.921530062554634544e-02,5.566288213050714084e-01,3.916397942726942416e-01,7.809515236080293299e-01,6.838278956174190792e-01,5.407118233318057854e-01,1.593446893050064206e-01,3.865897820063203816e-01,3.412423055483618795e-01,5.075960930384701975e-01,5.433537556692360493e-01,5.079187759636782928e-01,2.046955813745529595e-01,4.022395384704001708e-01,1.590504831871435432e-01,1.917740796461522013e-01,1.223428993954303878e-01,2.664208646033977557e-03,2.729771347195251163e-01,5.793028339009634875e-01,2.778343671152748717e-01,2.254488600141604793e-02,5.113481479171841371e-02,7.206625767328496135e-01,2.747601384370084165e-01,5.595923386318195636e-01,4.612150717827149804e-01,5.203876007287921990e-01,7.747843775980611802e-01,4.331291268094423774e-01,4.271196982311479262e-01,3.349924256420051538e-01,5.071595095100709383e-01,5.974478953046455931e-01,1.667908800654272494e-01,6.045276346457983951e-02,3.789058145092416008e-01,3.572241427747649412e-01,3.004419367354033144e-01,5.571843115923360568e-01,3.277830823623666401e-01,2.561392319140577967e-01,1.345739392466888118e-02,6.368190132871731635e-01,6.841193670570150376e-02,2.182755833851288130e-01,3.226270655903290541e-01,1.384799571982313349e-01,5.880590312816019738e-01,2.967377707010026011e-01,5.743011350777281754e-01,5.377879578227962032e-01
1.156838819888307002e-01,5.823113452407833179e-01,4.260447155032391353e-01,1.683132226192764758e-01,5.999718943924784442e-01,5.199839074458547650e-01,3.452114963463766006e-01,6.043514628132188315e-01,5.722184375627471509e-01,5.957151024315674448e-01,0.000000000000000000e+00,8.131554634728633824e-01,6.517326973787334055e-01,5.563898664418501783e-01,1.015782132271306204e-01,7.333856522691466484e-01,7.953428930245100004e-01,7.660147486286494889e-02,4.482742941998403841e-01,2.331103324525904408e-01,1.445630307408740656e-03,6.392223681483217845e-01,4.302452446910058348e-01,5.312569360298825538e-01,2.892645398013271585e-01,6.945230002342163145e-01,3.226708621592377924e-02,6.512060691879895113e-01,1.430075577286082922e-02,4.599062257246073759e-01,1.794949103979978922e-01,6.366296353543825504e-01,1.306607162231011032e-01,1.979444902988208577e-01,7.157469240627337692e-01,1.421091615119316753e-01,1.185720530386302207e-01,3.881785967903879087e-01,1.297985067051299901e-01,1.312579190836857534e-01,1.630407743517086616e-01,3.798465285621502874e-01,2.743645806343214533e-02,4.023765984852897826e-01,2.899527633613143141e-01,3.616697909135714317e-01,1.095457486964751814e-01,8.176872952338676281e-01,9.551873204024460828e-02,7.417142213108212090e-01,2.505674050205632941e-01,7.813636166747035539e-01,5.847465765181145692e-01,6.949143935500040614e-01,4.818432610485393064e-01,7.981664205367022813e-01,8.434612343305311066e-01,7.378596354128339474e-01,4.153453121427981287e-01,3.802246070202577877e-01,2.067555344500852654e-01,6.551396157735533965e-01,3.235184130514218714e-01,5.947034934403805373e-01,1.334380859268963493e-01,1.783598201535794847e-01,3.086503000797582996e-01,4.819413191736019453e-01,4.663419532725269351e-02,2.653871835400705148e-01,2.488298832712447783e-01,4.764201652398714071e-02,7.357556615666495103e-01,7.155467423459053178e-01,5.471796588179452803e-01,7.213365597075673818e-01
1.684670195941539439e-01,7.189619633642427843e-01,1.223277745357815582e-01,9.623855411727956499e-02,5.288379389556804311e-01,6.836265210452330265e-01,1.204868815344870003e-01,8.217498126567859273e-01,6.078342745194525998e-01,4.767163611322353112e-01,8.131554634728633824e-01,0.000000000000000000e+00,6.804708425703620556e-01,2.420240737372955087e-01,1.400506277871789163e-01,4.580903399932389486e-01,6.357214244857867236e-01,8.224955530409056026e-02,3.879118314276340795e-01,4.411447806851560571e-01,1.968596317401435092e-01,3.910743538326466040e-01,4.743086640585010283e-01,6.928837053209133678e-01,7.341111884586748459e-04,8.547763957369604038e-01,1.768231495933030861e-01,5.996956473342187621e-01,3.397520547516366674e-02,4.344474882668115656e-01,1.174067226201364750e-01,3.681049943128061885e-01,3.018581653396845699e-01,5.468043982845337547e-01,2.002441917117445125e-01,2.369847274704017515e-01,6.150582195938195107e-02,3.193879079588265446e-01,6.275460102390596762e-02,2.568811084706842385e-01,4.602294545595413816e-02,3.273815793667269602e-01,1.579772843499003543e-01,4.686122601778937025e-01,3.327707489027972310e-01,3.820993800820813857e-01,8.980469247326006155e-02,4.996166637024624935e-01,3.012219133334191890e-01,6.243076722967644265e-01,1.659139704055720144e-01,4.195997566930514955e-01,6.351748365481864056e-01,6.719484533392401371e-01,3.952056601058641094e-01,8.182817448236648916e-01,8.910417931814623715e-01,5.332816494956026387e-01,6.657538531010576133e-01,1.027717409897136447e-01,5.853588235326357969e-01,3.316268323150813879e-01,7.342862935943634817e-01,3.717600379412995260e-01,2.194526849572088212e-01,4.275416026857876972e-02,2.536226353943733802e-02,3.242858965137042082e-01,2.714330144398216516e-01,9.555394025427166316e-02,2.722991103310906102e-01,5.537789254287660279e-02,4.707452732172267007e-01,8.975959537353047635e-01,3.849897616674252676e-01,8.355806657638955581e-01
3.656958651410689987e-01,5.495958613662697001e-01,5.579150412322940733e-01,3.793606125446238875e-01,8.375936401784670471e-01,6.969979252458742280e-01,2.783134375317357634e-01,7.535931273593590163e-01,7.318139589057084393e-01,6.777743398358468951e-01,6.517326973787334055e-01,6.804708425703620556e-01,0.000000000000000000e+00,1.869159991511740171e-02,2.271685513208202833e-01,6.815576461688216403e-02,6.563859691183624445e-01,1.962469442113936036e-01,5.019993569571405967e-01,5.946341396754359909e-01,2.017986526930096447e-01,5.941776861691960843e-01,5.588974268039608173e-01,6.865958332915256257e-01,2.379249472583968572e-01,6.722843171500645365e-01,1.752921961280137220e-01,8.357635824069009622e-01,1.201813644906800371e-01,4.636993238026362318e-01,2.461517190315933856e-01,2.542234523751231712e-01,1.099139195759903792e-01,7.348101047873412117e-01,1.944644324336832208e-01,5.302675751233050239e-01,3.313255559495010827e-01,1.591052088360564443e-01,2.970065919755920936e-01,4.234116897268540985e-02,1.346354926909256733e-01,2.861032363017414204e-02,6.646138698980966208e-02,5.202678844985113571e-01,4.685157926811550078e-01,2.806475446063398937e-01,6.627930224518344127e-02,7.030100051835902475e-01,3.971160394615030897e-01,6.728586305186199379e-01,7.591101553408849401e-02,3.500911910558650586e-01,6.385725305382456973e-01,7.048711867667853959e-01,3.122793110539357486e-01,4.946942156895635656e-01,7.824691274031736477e-01,3.110992678099480657e-01,4.462315415034902033e-01,2.165988626659387517e-02,7.387114227076306827e-01,3.047789903227871577e-01,6.950500307490252716e-01,5.617480898221939301e-01,4.635546185225514204e-01,1.417203042850854744e-01,9.493039054677127053e-02,4.148458062399370538e-01,1.074078182959170846e-01,1.596802683825187252e-01,4.841534242639911056e-02,9.049599404950968429e-02,5.331207651004652437e-01,7.407221896275961726e-01,3.502677321585295767e-01,7.746860254732749196e-01
1.736819160368726356e-01,2.651546876176765211e-01,3.301849325054875273e-01,6.501547960221136790e-01,1.550400355439116029e-01,8.414062932430381447e-02,4.348974255977689496e-01,1.960296279249265639e-02,1.128347104888269420e-01,1.148436470253501457e-01,5.563898664418501783e-01,2.420240737372955087e-01,1.869159991511740171e-02,0.000000000000000000e+00,3.796789995278142260e-02,6.228587062850914347e-01,5.757964833850975905e-01,4.616723257646010437e-02,2.476387439805157603e-02,3.492349750089814298e-01,2.746225771474845034e-01,3.438873934175986635e-01,2.853037072061103685e-01,1.037380322873065336e-01,4.276582076469730986e-01,7.312970759633287410e-02,3.633798716988675404e-01,2.972330580492825169e-01,5.290842092486214981e-02,1.699761488842435331e-01,6.003373563149309033e-01,4.659048539569993208e-01,1.659652875811844785e-01,3.292886689511239084e-01,6.727029311965693203e-01,6.362924901670250488e-01,3.514921150735265121e-01,3.746415542594586090e-02,4.196511678081519814e-01,4.143893176415001656e-01,6.373855111443793575e-02,6.010135193290114808e-01,4.878631101147831717e-01,8.805532653988804026e-02,4.090343907720692812e-02,5.913050718707665299e-01,3.042895284733777572e-01,1.106969447879213447e-01,5.647622476587886853e-01,6.243906355369269190e-02,2.943161737156589908e-01,5.858339345960283939e-01,8.920390769877370452e-02,8.517964739424685461e-02,4.150457174351974143e-01,3.331547298941509583e-01,9.967155369358074446e-02,7.131412027915109419e-01,1.041075431357382231e-01,4.913837883405348661e-01,4.474771472284298501e-01,6.085256534224856573e-01,2.147465432798734142e-01,7.005172296600183091e-02,4.776932135201104046e-01,2.085052439528475299e-01,2.894219225002890861e-01,1.402983812579757794e-01,3.085203434262731026e-01,4.924883057078350279e-01,1.754253038336351378e-01,4.208967415815845770e-01,6.971913963326895058e-02,1.208441799188405413e-01,1.432560268400036863e-01,3.250929443358023252e-01
5.522196632582843101e-02,1.890436087820167033e-01,5.232869212830221217e-02,1.634102682652863181e-03,4.998552219805482699e-02,1.474119273498024907e-01,2.700209622182648816e-01,2.782942535858590194e-02,3.340039409054510466e-01,2.204978319825418309e-01,1.015782132271306204e-01,1.400506277871789163e-01,2.271685513208202833e-01,3.796789995278142260e-02,0.000000000000000000e+00,1.119830562383268280e-01,7.133213445896716132e-02,3.342142846428430847e-02,2.029766348175438551e-01,2.811894791604055976e-01,4.639882963927814963e-01,3.733862493694685702e-01,2.550260797109716315e-01,6.936029218968797760e-03,1.489072973692529001e-02,7.760006985560341519e-02,5.211496186433938194e-01,1.034869446168340534e-01,4.622330318674334193e-01,1.251970617066779923e-01,6.426623127933850377e-03,2.669015475294812534e-01,6.757312300555506912e-02,2.208805610492400873e-01,1.123724210903150056e-02,1.787097130995856098e-01,8.359197521123533370e-02,3.480915682690932655e-01,9.539432892399472841e-02,1.520865533937451886e-01,6.751708708333428732e-03,2.620847276409780935e-02,6.570309705270399592e-02,1.302644258137867217e-01,2.512230812523557066e-01,3.575110671869868861e-01,3.696572124440441476e-01,2.349450222109750186e-03,3.276646047512663529e-01,3.242246403973378932e-01,4.310621686235892591e-01,1.291431074865019568e-01,1.502640344215789847e-01,3.539527071378411605e-01,3.968862944322862907e-01,1.167290342881067144e-01,2.292430868939916988e-01,8.865051815509708555e-02,6.479079051349576068e-02,2.950609415577010175e-01,2.715389504776770657e-01,4.036290859802035835e-02,2.497990200225818636e-01,6.226149980788464600e-03,1.807178925220344068e-01,1.539176162218547361e-04,3.686841444862849482e-01,4.988673759108023797e-01,1.406040801302473886e-01,1.333273677162303550e-01,1.640587657436906044e-01,1.730652726405740860e-01,1.896687178014050401e-01,4.492329309291108186e-01,1.759688488349037960e-01,1.943478747501176940e-01
4.056945635111007253e-01,1.742155782034224276e-01,6.605423720287231792e-03,4.805046672870014746e-01,1.391752580462453093e-01,8.823322058697086190e-02,5.422300298556448350e-01,8.635483444475335058e-02,3.242621246253568623e-01,2.408959572288903450e-01,7.333856522691466484e-01,4.580903399932389486e-01,6.815576461688216403e-02,6.228587062850914347e-01,1.119830562383268280e-01,0.000000000000000000e+00,3.847302391266672617e-01,1.732625827382869854e-01,2.100438380690618501e-01,2.341663593820245692e-01,3.014535515097359064e-01,3.509775742812488719e-01,3.118602143867298115e-02,1.214784326750292937e-01,5.715823556714427767e-01,3.610928484766009472e-01,7.772216285983771233e-02,1.855183711289318804e-01,2.416938493027804280e-01,2.459379920294119670e-01,5.666578352400047924e-01,6.699923721791039011e-01,1.130870781797063684e-02,6.037972486468156097e-01,7.614250003242265530e-01,7.967172341376282940e-02,5.155994730946164006e-01,2.319371826161901184e-01,5.073753675666036189e-01,1.444008944728656374e-01,1.555444947859593863e-01,3.672003077741614052e-01,1.955608699520058336e-01,1.572283478470699880e-02,2.886738736632111779e-01,3.409773887708057449e-01,8.149682830308735415e-02,2.814995848173267312e-01,9.445889216885733353e-02,6.190286189261859917e-01,2.116277792864782736e-01,8.257780968553788403e-01,1.854185881962125970e-01,3.493827180091392259e-01,2.417714223033740062e-02,5.996521665569903847e-01,4.497062306264085763e-01,6.989447936883046442e-01,1.303201634625857919e-01,5.220227229810066039e-01,2.321754852593074236e-01,4.066229254627692913e-01,4.576091434193596541e-02,2.081341932128605576e-01,1.838653225248629564e-01,4.113975587215989993e-01,4.861312412606820232e-01,4.163046274958284027e-02,2.820708839484339370e-01,3.873374151990172654e-01,4.208295268557326052e-01,6.101272366899923583e-02,5.322891881484931309e-01,3.588253527532398457e-01,7.241993161709235904e-01,2.791671713318421566e-01
3.003876624829437958e-02,7.388625148521119623e-01,4.599993982181263541e-02,1.707357321868858691e-01,4.529013416151635441e-01,5.035939201472954263e-01,2.239577136154374815e-02,3.675118489305599923e-01,4.638693489585703489e-01,4.672542679176003855e-01,7.953428930245100004e-01,6.357214244857867236e-01,6.563859691183624445e-01,5.757964833850975905e-01,7.133213445896716132e-02,3.847302391266672617e-01,0.000000000000000000e+00,2.111006852530011857e-01,2.434413757357135333e-01,3.018612494317488570e-01,3.351684520968081782e-02,4.688691775582990995e-01,4.708922627682790574e-02,3.241312514207942419e-01,2.559071008589419716e-01,6.341760333088997115e-01,1.533619146113015808e-01,4.678979292833034820e-01,2.266250397605530653e-01,2.356989919440982684e-01,1.887692536934082177e-01,4.063768068664913580e-01,7.073699426579427296e-02,4.033762099571502890e-01,5.102757816310711236e-01,1.417787420680333144e-01,4.021246594000560393e-02,3.165723450306901499e-01,4.621401171065421531e-02,1.871944268826681024e-01,3.601173437343518913e-01,3.775151580726214262e-01,2.110662287939377435e-01,3.087823553146994970e-01,2.276398212635661888e-01,5.509201312057930844e-01,8.273943188507992819e-02,4.881678694744712166e-01,5.698437675960389692e-02,6.313273887923283034e-01,1.888136516537952669e-01,7.820021015538307640e-01,3.754021310211690388e-01,7.395701718949073689e-01,4.066571089628134850e-01,7.392980645459801270e-01,5.899550097128301029e-01,6.898653376414483063e-01,4.897106799622282236e-01,2.957640017233237328e-01,1.383914003004764748e-01,6.288544569899985337e-01,3.547015421163006166e-01,3.598899145447974068e-01,1.338048044757372823e-01,1.848648051680437665e-02,2.833219169875914045e-01,1.141840933896337562e-01,4.991361252482777455e-02,2.634163010316246667e-01,1.557840151418626862e-01,7.114246271200275196e-03,4.248754887393291213e-01,4.949576542532059253e-01,2.528709174482388633e-01,7.849229556173915601e-01
3.474725105579458129e-01,6.050940451046693536e-02,1.984864407201186454e-01,1.130426901237301524e-01,2.687570824889574106e-01,3.514448371214695666e-01,3.977727047737081301e-01,1.822674032967914748e-01,2.329157497911910624e-01,4.200296845546422353e-01,7.660147486286494889e-02,8.224955530409056026e-02,1.962469442113936036e-01,4.616723257646010437e-02,3.342142846428430847e-02,1.732625827382869854e-01,2.111006852530011857e-01,0.000000000000000000e+00,1.470486793751215326e-01,3.760338785917710092e-01,4.007814116566021934e-01,1.177718293017436801e-01,1.750453010541468679e-01,1.824190953774613155e-01,9.438081525854968845e-02,2.046268351829171328e-01,4.190330812144560380e-02,1.443736858601126216e-01,4.988241691357743202e-01,4.094532602799774712e-02,3.108091602333942216e-01,1.732587370961793938e-01,6.645504563075992355e-01,3.638637934485932646e-01,6.719143370281528693e-02,4.811115145071630239e-02,2.670217012623736230e-01,8.310194060547310135e-03,4.080364373913004661e-01,5.024055438424369635e-01,1.409012342375210447e-01,7.390569818264317026e-02,4.403601421285350259e-01,5.430249003837310795e-01,4.046293376374188733e-01,4.178299561765111414e-02,2.010572804633434241e-01,1.380551646805538990e-01,2.004428372610254916e-02,4.276612681272384808e-02,3.946314374066420272e-01,2.468762519880825235e-01,4.538366816202313858e-01,1.239456389076050158e-01,1.686840923557438865e-01,2.395867028135563181e-01,1.694070287025069566e-01,3.037081020574533552e-01,1.761057647833319528e-02,2.314802951387578689e-01,8.272552338869187949e-02,3.276540230501646112e-01,2.303591151323896580e-01,3.157137496414447186e-02,1.458638403655497240e-01,5.151012402800978496e-01,4.361846429980317796e-01,1.010510117195350527e-01,2.234787454787707794e-01,4.185558169208482560e-01,2.710196920457111913e-01,2.621000586641361041e-01,2.315751813927298675e-01,2.959538868740826389e-01,1.297816878671230467e-01,2.601482208515141226e-01
4.631211170254303511e-01,4.775721630974409937e-01,6.250827049574847472e-01,4.898755071447607468e-01,6.436263581637289288e-01,5.967502175458623270e-01,1.785064211733253248e-02,7.045295390994921192e-01,1.910530255557963963e-01,5.201049990783719323e-01,4.482742941998403841e-01,3.879118314276340795e-01,5.019993569571405967e-01,2.476387439805157603e-02,2.029766348175438551e-01,2.100438380690618501e-01,2.434413757357135333e-01,1.470486793751215326e-01,0.000000000000000000e+00,5.773589335007165424e-01,5.363558938689994005e-01,3.060474898720502157e-01,7.387858930920465639e-01,5.804807008687550285e-01,2.804102804789098125e-01,4.786048924813643413e-01,1.814930534493234271e-01,4.824647029622394778e-01,5.392516664050465147e-01,4.626932669867859782e-01,3.138497502082318036e-01,1.117440240964860665e-01,4.136736895775205286e-02,7.067715093609465704e-01,5.479768820306810118e-02,4.911094423560784517e-01,4.317230850139085474e-01,2.129408935729033003e-01,5.280758475705976673e-01,1.094428677102959879e-01,9.716043339051744221e-02,7.771282674094664999e-02,2.587879074282684599e-01,3.637963455803866486e-01,4.751867580664244084e-01,7.912971238126342843e-03,1.260938727670721238e-01,6.963181224659373836e-01,1.846931577090490662e-01,7.626427405319383124e-02,3.380954389517919489e-01,5.118814778968044932e-02,6.305070372849919114e-01,1.970191896855530422e-01,6.856090059468540332e-01,2.867118666986938624e-01,5.190415278051312420e-01,2.536518857848589215e-01,1.563035529654127065e-01,1.839000516561355991e-01,4.247437771519584349e-01,2.923842219422582156e-01,2.347328639246523407e-01,6.658784288861552270e-01,3.874398252574496326e-01,3.601293732839819239e-01,1.296771770202947982e-02,8.078268256105833878e-01,3.559662012542959275e-02,2.577042475703379687e-02,1.627293438167911055e-01,1.020180125913897062e-01,2.848103508611560808e-01,3.488186493267174670e-01,1.090406650615536599e-01,3.694381415317032347e-01
3.483222377264852954e-01,6.563785135689803596e-01,6.294671396082935910e-01,5.041776562715325483e-01,6.281799050248302319e-01,7.253863020004703843e-01,2.373293977141735789e-01,7.571891162408551645e-01,5.729070411348344827e-01,6.264046913167016228e-01,2.331103324525904408e-01,4.411447806851560571e-01,5.946341396754359909e-01,3.492349750089814298e-01,2.811894791604055976e-01,2.341663593820245692e-01,3.018612494317488570e-01,3.760338785917710092e-01,5.773589335007165424e-01,0.000000000000000000e+00,6.436633714179605947e-01,3.802584301582667692e-02,8.361055381850036605e-01,6.644350521744665228e-01,1.323907925404547159e-01,6.749426282579126246e-01,4.944759233726624403e-01,6.849865186822756691e-01,3.195510984962991463e-01,4.490925762246288921e-01,4.433022780924387729e-01,1.512615141371714822e-01,7.297915298737693568e-02,7.421959418721124635e-01,7.604910877525637714e-02,5.527447710889584753e-01,2.619173796730915882e-01,1.969369873518769520e-01,5.231437221480634836e-01,3.726370933977217192e-01,2.393705180779215347e-02,2.030227264123336539e-01,2.541676791351339393e-01,4.912137133784149068e-01,2.809800080276906309e-01,2.492889189013809959e-01,1.762519320676986245e-01,5.531882532982592693e-01,4.434028978324527914e-01,3.274192434872587043e-01,3.434325378567263387e-01,1.560419134364030014e-02,6.525096837308870246e-01,5.171698878303963021e-01,2.997850309414089587e-01,2.526893686681732087e-01,5.173093639107256836e-01,6.783131458335414643e-02,4.496291873102221670e-01,4.870275439471973833e-01,5.344373097701704545e-01,4.275250319744447469e-02,4.538007324411074683e-01,5.948867117420872930e-01,8.871169487882428761e-01,3.544082951401442139e-01,1.716409040580835210e-02,7.531905322017268256e-01,3.256093872193238092e-01,1.749533403974897761e-01,1.358975843630680358e-01,4.314887969741231233e-01,4.908588996689101092e-01,2.002020135573367998e-01,2.776713719638567168e-01,3.372475360392107602e-01
1.292850439831308984e-01,3.692864310749439660e-01,4.336697383511690096e-01,2.487051084150914970e-01,3.202137580207554679e-01,6.363860464328745525e-01,1.035715806530917160e-01,4.730653555812961431e-01,2.438691921226919523e-01,6.182582686880299105e-01,1.445630307408740656e-03,1.968596317401435092e-01,2.017986526930096447e-01,2.746225771474845034e-01,4.639882963927814963e-01,3.014535515097359064e-01,3.351684520968081782e-02,4.007814116566021934e-01,5.363558938689994005e-01,6.436633714179605947e-01,0.000000000000000000e+00,1.504907288998129089e-01,5.846174899150027304e-01,3.930009350437154714e-01,3.693615474899469842e-01,3.341362820553547275e-01,4.136786745846093849e-01,5.060726646191702205e-01,6.560886975746130778e-01,2.598590930595685577e-01,4.972028242336724579e-01,8.584803894368978061e-02,9.882367889739143707e-02,6.700656447377286717e-01,1.403790510203519193e-01,3.868638178075428646e-01,1.781481150653928536e-01,4.231621469224677301e-01,3.977830462587419458e-01,2.129616668494676290e-01,2.970788037445146190e-03,2.722276825384987720e-01,4.089711781779147293e-01,5.673922772727063579e-01,3.862025903252914727e-01,4.400651162147916629e-01,1.889992095170561770e-02,3.840155692942733845e-01,2.261194536175940295e-01,3.282489010914101113e-02,3.038179699499051756e-01,2.112715742618825610e-01,5.700756585185058345e-01,8.541515422303302962e-02,3.539381826132509401e-01,9.717945725973253790e-02,1.706438431192711658e-01,2.670186214243125411e-02,6.965594219865969827e-02,5.607108265000293468e-01,3.912393402338065762e-01,3.582088559546373063e-02,2.588385585289839641e-01,4.283602584563869220e-01,4.655727816710313327e-01,5.333049053367481251e-01,1.164849251070162461e-01,6.252673596971572989e-01,2.119396261571825091e-01,3.451659996020317589e-03,2.990868730171322154e-01,1.730863501696680296e-01,1.980908526394285496e-01,4.436365102519679304e-02,1.670713912342808305e-01,5.108399107081659785e-02
