0.000000000000000000e+00,1.564951991424589905e-01,3.155292547661311953e-02,2.598877052336814875e-02,2.759610419347810484e-01,2.800482970325948728e-02,9.272661394194972595e-02,3.366192699772017904e-02,2.183141193510315103e-01,4.118295489699058676e-02,2.238682600709209769e-01,3.552417111762276591e-01,5.610465030496393501e-02,8.681360251477893142e-03,3.059898717771662446e-01,4.541518695735531352e-01,1.716650007774549180e-01,7.045209229156357278e-03,1.677144149585606259e-01,2.088464425017476644e-01,5.458142586783681915e-01,2.649265856929801100e-01,8.399429381468659361e-02,1.444379222932447304e-01,3.230342548790667290e-01,3.920394018590172003e-01,1.554245972806420351e-01,7.949768282181882140e-02,3.984872551866889268e-01,4.055064026557242407e-02,2.966242969764672499e-01,1.940373613372172734e-01,3.682055613342117839e-01,3.215351266274080744e-01,2.130008053623141384e-01,1.178362344275222379e-01,9.215509490434599382e-03,1.287445603653797066e-01,2.111268029867613694e-01,2.218466405531547558e-01,3.011554587443833197e-01,7.037549800133575950e-02,1.882848286840603236e-01,4.705136717376408317e-02,1.134142830462910728e-01,6.602833243595084278e-01,3.545217503818992588e-02,2.960001463864150861e-02,1.223602541596058441e-01,1.009257649484684993e-01,2.644737284970789803e-02,3.845327410030756343e-02,1.240631735147498804e-01,1.197891665791433191e-01,9.052312984586644018e-02,1.388180491894641655e-01,2.765281648841411144e-01,1.465238789888554938e-01,1.044897891806268186e-01,2.292070279288085100e-01,4.623296902407830200e-01,5.557587184660570112e-02,2.034036066853931457e-01,2.166053429994843071e-01,1.559800659213120277e-01,5.464967274747911663e-01,4.511982834191266001e-01,3.389186983285158439e-02,2.460364864507080807e-01,1.933071454767735786e-01,2.957815573455080393e-01,3.305476850651789533e-02,7.290720986996165887e-02,3.169740324642722484e-01,9.933934187099377477e-02,3.565518520946601155e-01
1.564951991424589905e-01,0.000000000000000000e+00,1.258095270518506115e-01,3.367632718356917687e-01,3.399146384259589260e-01,7.244239175110502860e-01,1.747765464600285201e-01,3.408747254585934860e-01,2.024560060216603619e-01,5.075989773844585828e-02,2.402908200471676192e-01,4.097686834466834904e-02,2.661327873252035126e-01,2.092528953756497140e-02,1.146725418764303894e-01,1.504187905743177289e-01,1.288037570281617139e-01,4.135767874628989982e-01,1.390035539474521464e-01,1.723796512351239429e-01,1.107999112037219014e-01,1.505484992342026596e-01,2.938557384697563779e-01,1.960703982287573255e-01,6.827056582621098269e-01,7.807227619318738432e-01,3.482508662932637944e-01,1.674858548680514814e-01,3.542887290225575914e-01,4.013197956645336295e-01,2.629743546298161649e-01,1.401457103517107089e-02,3.922366328974749017e-01,7.870146721617515828e-02,1.200676361289284844e-01,2.601535732956059555e-01,1.147514417537442155e-01,6.131314553975673876e-02,6.770025051697936558e-02,3.611914881628482954e-01,2.212465880186791078e-02,2.310370537456680751e-01,2.054471513763490020e-01,1.970951598424861839e-01,3.124712007139318071e-01,4.775285944971680019e-02,7.702230025219238829e-01,4.682672199455500950e-02,2.506694938161175834e-01,3.849402501174323810e-01,4.908878455699779431e-01,2.608312209373168100e-01,2.413596221350400861e-01,1.767888231502668939e-01,2.949384228890954973e-01,5.299280608655722313e-02,5.515298830267773011e-02,3.858325333515967848e-01,2.312160761324495023e-02,2.987300698228739781e-02,1.246504439186213453e-02,8.093533699399663162e-02,6.812005129254983249e-02,1.506138327411721822e-01,6.310928531684006915e-02,6.482277413097053964e-02,2.095730329294814842e-02,2.852818023221254107e-02,1.835315151859904792e-01,5.160765315619706417e-01,4.679888445346009895e-01,8.502425852090511604e-02,3.381020523990733162e-01,3.332543881464200553e-03,9.473080066015358847e-02,1.727208566996905337e-01
3.155292547661311953e-02,1.258095270518506115e-01,0.000000000000000000e+00,1.902726788373167721e-01,2.667425355258244979e-01,2.863055834363775198e-01,2.300066367345344476e-01,4.065552477860921998e-01,5.896833514855717162e-01,1.105112037975876371e-01,6.287276287049974322e-01,1.362686815656846684e-02,4.564879948843191815e-01,3.381598445659300678e-03,4.980684689334279880e-01,5.116869443921658045e-02,6.288083704347918745e-02,3.325399893221553382e-02,8.466849286886787285e-01,6.077663080156110453e-01,2.434690444845789559e-01,5.963581229767329628e-01,6.790741671190034801e-01,1.100300109317110253e-01,1.911173226413675208e-01,7.100185107307777077e-02,6.061696254806707707e-01,6.393322125380744847e-01,3.851635666241395306e-01,5.627755992861531720e-01,3.115243220222456699e-01,6.412122331806593412e-01,1.595797562434450312e-01,2.666855167111768510e-01,6.225550821870484697e-02,3.555924978929189684e-03,3.369550906011411495e-01,3.135912126923728893e-01,7.010133794374515670e-01,3.939374845382717094e-01,2.289892418564068999e-01,4.769579993647818372e-01,8.270560872266924379e-02,5.538036653813092902e-02,3.145214244927942993e-01,1.786380921972616775e-01,1.267462289223411087e-01,8.905220218797054166e-01,1.722623260703685100e-01,6.965448081582535922e-01,2.047051442614450933e-01,4.219331865127380898e-01,2.157778991851986572e-01,8.253465672078936777e-01,7.958944623007710439e-02,7.547109188651041078e-01,7.731282380711421154e-02,1.857315063156071699e-01,1.812806072253458911e-02,3.362222331825965860e-01,2.891056346961453083e-01,1.771047718936941129e-01,3.070929919809161635e-01,8.227632084628391240e-01,4.354348284766980104e-01,2.704422761158133959e-01,5.611186353252899384e-01,6.567823318496258667e-01,8.824042572639016757e-02,7.867773860949736631e-02,1.662432296724814518e-01,6.293830168619024557e-01,5.051713760836201716e-01,2.504175833979756238e-02,1.649254709488219006e-01,1.528096345070124873e-02
2.598877052336814875e-02,3.367632718356917687e-01,1.902726788373167721e-01,0.000000000000000000e+00,2.811204279357346625e-01,2.655384544073128295e-01,4.784118258276702784e-01,7.259929028428016573e-02,5.310170247928316239e-02,4.221988991372027655e-01,1.065385774102951544e-01,2.316335613254043579e-01,3.674400061121099736e-02,1.227834159613211268e-01,4.342227057211170416e-01,9.293748839104903903e-02,2.414112377231676654e-01,1.255779199868954088e-01,1.531724389953739995e-01,3.145201759831115496e-01,4.099460161631311023e-02,2.434999445074500224e-01,2.284336531288811700e-01,1.466348909785426813e-01,2.304375951850167747e-01,1.356230418509975222e-01,4.008147151081399295e-01,1.459536083260072059e-01,2.729599271343927658e-01,1.505962315967417919e-01,3.951284834716506933e-01,9.837315211837846518e-02,1.232282163032533129e-03,4.631656522271013765e-01,2.959363439198941514e-01,7.862170867264017815e-01,2.369763968629762518e-01,2.427657630314315751e-02,1.801718952756503622e-02,1.700468662357765837e-01,8.585223921095883060e-03,2.003399888425514974e-01,1.696189598357639161e-01,1.197076609897888139e-01,2.611050868209615072e-01,6.017685306464073958e-02,7.277227121754498151e-02,1.106502957399625731e-01,5.066536419119744838e-01,1.336711758237977277e-01,3.028264759991182720e-01,3.198639383896736965e-03,2.306171720882031484e-01,1.701772905146867743e-01,1.174646973445068326e-02,3.879226856430022935e-02,2.630922581540629523e-01,1.126825242516215075e-01,3.516143388503985556e-01,3.482930462196109911e-03,1.777313094292090889e-01,1.985811736508339698e-01,2.542479949114865301e-01,1.013969916543129707e-01,3.154973087729550096e-01,6.782055093636055187e-02,2.291021297169680837e-01,1.182284610077951326e-01,2.128619504047009614e-01,5.786342023769826259e-02,7.442870937406588505e-02,3.227376695131756179e-01,1.769728511607750188e-01,2.622600091124687172e-01,2.952700363919906756e-01,1.698492225299810254e-01
2.759610419347810484e-01,3.399146384259589260e-01,2.667425355258244979e-01,2.811204279357346625e-01,0.000000000000000000e+00,4.045688055184570864e-02,7.720260158070869627e-01,7.327924278253891699e-02,8.496934139415324161e-01,9.646575998160311638e-02,8.125991489429639225e-01,2.332664824596430431e-01,2.369747179029499939e-01,6.930325592414671165e-02,4.236105395570867183e-01,9.476023059579785635e-03,5.485369919724236709e-02,2.475118770573949134e-01,4.095565228019593662e-01,1.032410732618485039e-01,4.120961482770530981e-01,1.232983689843819286e-01,2.623394720533905877e-01,8.294723281697888306e-02,9.790934953291692555e-02,4.562806855723017252e-02,2.314918415369660032e-02,4.202875444809054950e-01,1.092174957846356320e-01,1.864761299205247858e-01,9.197303048284999338e-02,1.434477457990914195e-01,1.862396570790882666e-01,3.754081021994302991e-02,1.199467387485992076e-01,3.459953979725721718e-01,4.348951578454508526e-01,1.617366796522215489e-02,1.855083566601522793e-01,2.841848824553040442e-01,8.121212376448194714e-02,6.405865339877830911e-02,1.808883031627813998e-01,1.769556372022001722e-01,2.425787834917915164e-01,1.307405713656555335e-01,3.768397180598419965e-02,5.703147333098872451e-01,2.060031799400410257e-01,2.805283702481828900e-01,4.295844378323913082e-01,2.455248134462973963e-01,4.345466874859821305e-02,5.576729141600768047e-01,4.479358157356357895e-01,6.659890535511905352e-01,8.317212549278990563e-02,4.446510512956730610e-02,4.534902745524749257e-02,2.706687743722951955e-01,8.017583631597949290e-03,5.715066701006629168e-01,8.984047376348998359e-02,3.702438900680166123e-01,2.016584081179612076e-02,3.058879531577521904e-01,1.372394650810973560e-02,4.135273688419699445e-01,3.093937111530261630e-01,2.840879901590914747e-01,7.489194684772733368e-02,1.354224344449952988e-02,1.383169098261890495e-01,2.855378474929615717e-01,1.076657538820534610e-01,1.282753043024853767e-01
2.800482970325948728e-02,7.244239175110502860e-01,2.863055834363775198e-01,2.655384544073128295e-01,4.045688055184570864e-02,0.000000000000000000e+00,1.505358245416094642e-01,6.943903321902105130e-01,1.213390969170971001e-01,1.534128500934695549e-01,1.826340625836619935e-01,1.775534215359471091e-01,6.219550430876799041e-01,9.923745142656563434e-02,1.841060036606761707e-01,1.281336277796547019e-01,1.476021514545294289e-01,4.265185462966862295e-01,2.736220732638714459e-01,3.183757449551464225e-01,2.251084785109934427e-01,4.340267331308370613e-01,5.478873938235891972e-01,2.577550191589882966e-01,2.233885563741251079e-01,6.083977637249643466e-01,5.785040040816598061e-01,2.923026078622848467e-01,4.616710896186500546e-01,1.695837329618115619e-01,2.785278037676149065e-02,2.962279792859992544e-01,3.272796462770489190e-01,1.748530797220197719e-01,1.535272348501601214e-01,1.315511093861491676e-01,3.580098918794146212e-01,8.834193032414563995e-02,3.398671010146378513e-01,7.771302730090764999e-02,1.045026018096667092e-01,2.939992136870621664e-01,3.975628519772796410e-01,1.743389935500980481e-01,1.285500079379209848e-01,2.302497186742580998e-02,5.993269382438630721e-01,3.462030224158854086e-01,2.726162865941920144e-01,6.722358911060401232e-02,4.387369413839565802e-01,5.479125896849068589e-02,3.861085992287072166e-01,2.251046171249087569e-01,4.562252023414973268e-01,3.422356216367067328e-01,4.143592774049736915e-02,4.918819278800084516e-01,5.407422050629064059e-02,2.566440224654389368e-01,1.228782502347101485e-01,3.373050632193884679e-01,1.931626599053973270e-02,2.949684229757707499e-01,1.458350759502278493e-01,9.399735126835534471e-02,2.300808691566555986e-01,4.604217181892151789e-01,3.447831137478690744e-02,4.150778080637980705e-01,4.513909939730176846e-01,3.405951182660434950e-01,1.791739869623260595e-01,2.024654325262150167e-01,8.945307409537174570e-02,2.292295718936686322e-01
9.272661394194972595e-02,1.747765464600285201e-01,2.300066367345344476e-01,4.784118258276702784e-01,7.720260158070869627e-01,1.505358245416094642e-01,0.000000000000000000e+00,1.131488319473526183e-01,6.847865178728305136e-01,2.888557706516213797e-01,6.483632464396925643e-01,1.540820812660454453e-01,4.789853496586623516e-01,1.496781897223234403e-02,3.269644481231517297e-01,2.168354589287291856e-01,3.741682087155051017e-01,4.835002189130370720e-01,3.390883992542687575e-01,2.690385589222737961e-02,1.640698986950100136e-01,2.401870808629765208e-01,1.920022028712679851e-01,8.379715119827199632e-02,5.521089049179903063e-02,5.549208451874435011e-02,1.634882308748784596e-01,5.181122485906759501e-01,2.259386467368446338e-01,3.193852299704204034e-01,3.920650652643215550e-01,1.362034176406371200e-01,3.485527709571372562e-02,3.854125740525861654e-01,8.444510865113971643e-02,5.241914601377308802e-01,3.093397209006792936e-01,1.770883980300927418e-01,1.728147254460021820e-01,3.360106004425609250e-01,1.417035324481004041e-02,4.054803505477006659e-02,9.081228355108811323e-02,1.691619630280466746e-01,7.010015745529463160e-02,4.907529609968767914e-02,6.847283668483214458e-02,5.026399829043440848e-01,6.100453218889140272e-02,2.634161782637680638e-01,3.128742306835833320e-01,1.474117712687524340e-01,1.097623526191234405e-01,4.674199546775609226e-01,4.088886082638036878e-01,5.603900618235759801e-01,1.049854212894207189e-01,5.782257599556153704e-02,1.231026833534956677e-02,4.015786183551215416e-01,1.601816994058903876e-01,5.827583291896427653e-01,2.988926731133165204e-02,3.706057473002495328e-01,7.982101139989650207e-03,8.275301949339988750e-02,7.194891514360683693e-02,4.695830093766812929e-01,3.746188127260713374e-01,3.235833074015839195e-01,1.345991114720526682e-01,4.831458261374999008e-02,7.639985058279515073e-02,1.838005648829262317e-01,5.426399905787623879e-02,1.532513252506731150e-01
3.366192699772017904e-02,3.408747254585934860e-01,4.065552477860921998e-01,7.259929028428016573e-02,7.327924278253891699e-02,6.943903321902105130e-01,1.131488319473526183e-01,0.000000000000000000e+00,1.444513219229572043e-01,5.485901219883107527e-02,2.836152615720046177e-01,5.467478654181974207e-01,4.718757314298216432e-01,5.639501985594180811e-03,6.632149298514233848e-02,9.401508225045238781e-03,1.219259713931529487e-01,2.501950049601713300e-01,3.173963681298433981e-01,9.483172474398782192e-04,2.185212723563076942e-01,6.788113629634578983e-02,6.509562535128690097e-01,6.403497904151970177e-01,3.006955191014756834e-02,5.785079891073865443e-01,2.156024149370754650e-01,2.133407659061281325e-01,5.763223179397350404e-02,1.706348650722047666e-01,7.497020135881224401e-02,1.689057227640584080e-01,3.576876422084154239e-01,2.049275979850908314e-01,1.681917992802920425e-01,1.858913667457318675e-01,2.787734397575710177e-01,1.164293811816433100e-01,2.260496139681744676e-01,1.659073631288028594e-01,3.357414851797231592e-02,1.332307451225212547e-01,1.394634769968608190e-01,8.541887270719802916e-02,1.137467771556468082e-01,9.928515099093140894e-02,5.469358934892905033e-01,5.010953642870917824e-01,7.727148146954589125e-02,3.994717154795100755e-02,4.090679339984012453e-01,4.953288113392569081e-02,8.041196397967974585e-01,1.767691087198449695e-01,2.745318303606729682e-01,3.752579552960576548e-01,3.967028450154628794e-01,5.426985388276661659e-01,1.260699249259640831e-01,9.092127087448748091e-02,7.660465235380792270e-02,1.842112905630574893e-01,3.484881569901736309e-02,2.898923930158651130e-01,1.392488251276815248e-01,1.859708346651762489e-01,2.986846503976058054e-02,5.857551517921623097e-01,3.326718713855042475e-01,2.213223574204110089e-01,5.673130134206850750e-01,7.678312565773670606e-03,8.428239462731415554e-02,4.521391445022900912e-01,1.773623660058396695e-02,2.009882409095594957e-01
2.183141193510315103e-01,2.024560060216603619e-01,5.896833514855717162e-01,5.310170247928316239e-02,8.496934139415324161e-01,1.213390969170971001e-01,6.847865178728305136e-01,1.444513219229572043e-01,0.000000000000000000e+00,5.437773514778898587e-02,9.430120977030105323e-01,1.442405115901183588e-01,3.609507842745105499e-01,1.335170049546127724e-03,2.789618006649269288e-02,1.027703834293603458e-01,2.285918923326252239e-02,2.947522731660199291e-01,6.410724514736215740e-01,3.081813094547364296e-01,2.886839380647280295e-01,4.806363876690733505e-01,6.077186971574444208e-03,5.232855482267617653e-02,8.871559863966863024e-02,3.416079460253351741e-02,3.840618087768727928e-01,5.952360667782667925e-01,1.112254974455336165e-01,2.865725979407716117e-01,1.954170818602006532e-01,4.204748350960065828e-01,2.112523946584517198e-01,1.161531624147462832e-01,2.008862670113420457e-01,1.073842170393978779e-01,4.678975913745574977e-01,1.018612717260474754e-01,4.502990521611948127e-01,3.829025203767689733e-01,7.583472103371846629e-03,2.485767730618477223e-01,3.534476480656478792e-01,1.311181548522475648e-01,1.386360030188213133e-01,1.495104320366524020e-01,4.117393347503173207e-02,8.400497204059425016e-01,3.237682354821463382e-01,4.513187732368125205e-01,3.148664972811054397e-01,9.919833930857363535e-02,4.006889000146668378e-02,7.778645446513218209e-01,5.418885129554007474e-01,8.205422554730799067e-01,5.812513643056335666e-02,8.318571803648833196e-02,2.311147415063360688e-01,6.095823363549114360e-01,1.526411623831187003e-01,6.471116885653019901e-01,4.195652452788725673e-02,6.562620307363540295e-01,4.003357398729132099e-01,1.804847604570878339e-01,3.666745124830502744e-01,6.166458964892802541e-01,4.050537522710975225e-01,2.868015267495228060e-01,1.131727048243234557e-01,2.938441488223778042e-01,2.003264103312918654e-01,1.785024678633249651e-01,7.090147647035137390e-02,1.460237112083934696e-01
4.118295489699058676e-02,5.075989773844585828e-02,1.105112037975876371e-01,4.221988991372027655e-01,9.646575998160311638e-02,1.534128500934695549e-01,2.888557706516213797e-01,5.485901219883107527e-02,5.437773514778898587e-02,0.000000000000000000e+00,7.387259082587693815e-02,4.162557174483487166e-01,1.589205121608645577e-01,7.102129604294683818e-02,2.086356425126831005e-01,4.970608933873688073e-03,5.964695974618862140e-01,2.709081965395876423e-02,1.860346572987801317e-01,1.169761904546191833e-01,1.023831980328238078e-03,1.052559908466440541e-01,1.616325935625870791e-01,2.090285991067511451e-02,1.457616192444555203e-03,5.944542215712922406e-02,2.584661355645053726e-01,1.469059856794312224e-01,3.256260570051339176e-02,2.944890507326311524e-03,2.564618438564579272e-01,1.476200880744013566e-01,2.020834674278004783e-01,3.682104366262695105e-01,4.222837906155507692e-02,2.602858615696118649e-01,1.794176026666444712e-01,1.974166664134616167e-01,1.770438853266123602e-01,5.620878614301361154e-02,3.990333316562504062e-02,8.135656403651214674e-03,2.236851547652693450e-01,2.846582030240537575e-01,2.512845748637112520e-01,1.996346375148348451e-01,1.069813380453128737e-01,4.668599157975561464e-02,2.296269077823288041e-01,1.849385335471822323e-01,2.936569236898243784e-01,1.053121331656602655e-01,2.417924747677277497e-02,2.470543669729707292e-01,5.249407419609042336e-01,9.817869542896415225e-02,6.455402712433693235e-01,4.125797077241591393e-02,1.663351480468555355e-01,7.572066795418574969e-02,1.621576343946638521e-01,2.400472481938338842e-01,2.484142402223825374e-01,1.146708375887282583e-01,1.738363941815935787e-01,6.057696424650543809e-02,2.160648550717548799e-01,1.490331970442044796e-01,3.343516055514711427e-02,1.377133511815305522e-01,1.532234601785122940e-01,2.534523410849777725e-01,3.459086508753453360e-02,2.196131729290584644e-01,9.226268752533084427e-02,2.155001647476557924e-02
2.238682600709209769e-01,2.402908200471676192e-01,6.287276287049974322e-01,1.065385774102951544e-01,8.125991489429639225e-01,1.826340625836619935e-01,6.483632464396925643e-01,2.836152615720046177e-01,9.430120977030105323e-01,7.387259082587693815e-02,0.000000000000000000e+00,2.288855535813798525e-01,4.046026021963374242e-01,4.874751030032940802e-02,5.510533760071378850e-04,6.114424166712138786e-02,8.014206301455169268e-02,2.461070675458621737e-01,7.202524592762121758e-01,2.859404104539827740e-01,2.676694954498538559e-01,4.361974327354206094e-01,1.586304237509251203e-01,1.897802086870873511e-02,1.153710714056865178e-01,2.204987879010161800e-03,3.655415622867299041e-01,6.164789489545861034e-01,2.601563670089659941e-02,2.814474950147948240e-01,1.407010301797907703e-01,4.513339582376614256e-01,1.506775249917828297e-01,5.356431298202150859e-02,1.908260925204634806e-01,1.814899705641879468e-01,5.292702568075167147e-01,1.134045579267825010e-01,4.345620919068899912e-01,3.021007074864276443e-01,6.275087803750173387e-02,2.620298066590809327e-01,3.135448330591563137e-01,3.278317707990160285e-02,1.178599879995480965e-01,1.316483372337896030e-01,3.399010091647841625e-02,9.043115067263681750e-01,3.098739249566443976e-01,4.195204738333643824e-01,2.008505039456438823e-01,1.341798912183138071e-01,1.609498725437565059e-01,7.694773806108190506e-01,5.303372806965498398e-01,8.817861443273553590e-01,4.244408015711498283e-02,8.176478891204777555e-02,1.591660901547261031e-01,5.326822893750340349e-01,6.957429673345447152e-02,6.102510055635363972e-01,1.716431073470505581e-02,7.474622955395270330e-01,3.280067140585826158e-01,1.906856206500146533e-01,2.789015873952749303e-01,7.380630971645980587e-01,3.321682404204494010e-01,2.372198185307094198e-01,1.631131729289567178e-01,3.419838055682004607e-01,2.584598448105647206e-01,2.570734629138579641e-01,8.630860481183197375e-02,5.115416573572177661e-02
3.552417111762276591e-01,4.097686834466834904e-02,1.362686815656846684e-02,2.316335613254043579e-01,2.332664824596430431e-01,1.775534215359471091e-01,1.540820812660454453e-01,5.467478654181974207e-01,1.442405115901183588e-01,4.162557174483487166e-01,2.288855535813798525e-01,0.000000000000000000e+00,2.553263499760335953e-01,7.657904866101683528e-02,3.849370855998516805e-01,4.905948448231996217e-02,2.856725488930739187e-02,1.199395260404517716e-01,4.624440270637303341e-02,2.368375910126062911e-01,3.274332171260581070e-01,1.822099771849730043e-01,1.720936228499080345e-01,5.906111295684686180e-01,1.700482219018942254e-01,1.890474943474143577e-01,2.751807613341401559e-01,6.183781611388228239e-02,3.942831597782019970e-01,1.576774247887384461e-01,3.432880958203297639e-01,7.172758440884281772e-02,2.440201819838417607e-01,4.331514612833817224e-02,1.659818262243443199e-01,2.092040502719794137e-02,9.550731933569198140e-02,5.898767806499824462e-02,8.137001117415726403e-02,1.556833080580456441e-01,4.684362503680846584e-02,1.728009046219221301e-02,2.580808640101406315e-02,6.029936379759208431e-02,1.156486595153241592e-02,3.641767265970450862e-01,1.781706373487595974e-01,2.344096145302654866e-01,6.749546189724842105e-03,1.810893244841679794e-01,3.387817860315445184e-03,1.626300481238699691e-01,3.375931134903929487e-01,7.946968171912111023e-02,3.214241879434526217e-02,1.806594913793969914e-01,7.837868227300877066e-01,3.571729459660843986e-01,7.810432640249906355e-02,1.118327305518032055e-01,4.080248854181417473e-01,2.851717105490980675e-03,2.760225011696768593e-01,2.437111648401484032e-02,3.325691000454283897e-01,4.076538249082230503e-01,4.612807458025907081e-01,8.246140964951398367e-02,2.102781520477357002e-01,7.977520757078138125e-02,1.022128764337867368e-01,3.901658773953731729e-01,1.759855516200183323e-01,5.657836592927223407e-01,3.211344605703650434e-02,1.901826537230683900e-01
5.610465030496393501e-02,2.661327873252035126e-01,4.564879948843191815e-01,3.674400061121099736e-02,2.369747179029499939e-01,6.219550430876799041e-01,4.789853496586623516e-01,4.718757314298216432e-01,3.609507842745105499e-01,1.589205121608645577e-01,4.046026021963374242e-01,2.553263499760335953e-01,0.000000000000000000e+00,1.313819867399988461e-01,1.311265195807624628e-01,1.242822756134364659e-01,1.941101323604745299e-01,3.101260724203944164e-01,4.287797916545950105e-01,3.507872976060014691e-01,1.139845004806574746e-01,4.415590070034121073e-01,3.966645245124643115e-01,1.381082057263290919e-01,4.452620425249576019e-04,3.809732253553937409e-01,5.088463337177647761e-01,7.363320126148829026e-01,5.052972673640780954e-01,4.501659786391201123e-01,2.932700334486283422e-01,5.352178037026702473e-01,1.281261940344123329e-01,4.178766918209644299e-01,2.337091886977221145e-01,1.118353919718397260e-01,2.449927562983842955e-01,4.156466735946106050e-01,5.576188130115020680e-01,3.125782220685761614e-01,2.090371958076526204e-01,2.511379099647351176e-01,2.003238904342195814e-01,8.458364742485237342e-02,3.318862072156357756e-01,7.324679158720961980e-02,1.856435864180452644e-01,5.406148534261416838e-01,6.932472828688238109e-02,4.338740694148166543e-01,1.324372812661994414e-01,1.913713311292888353e-01,1.989470207349103292e-01,4.222556867782322754e-01,1.370186115830587803e-01,5.695889091822915473e-01,3.121767306486479265e-01,5.456699384092412730e-01,8.921941564331155317e-02,1.087955912924774005e-01,5.239758121749155811e-02,1.773859644885976139e-01,2.112481404330274204e-02,4.028834526575647002e-01,1.178103884144601488e-01,2.385911303616153334e-02,1.728726109192103844e-01,4.352385786053192263e-01,1.385351377253186411e-01,1.025832375161695176e-01,2.563506168083913295e-01,2.960466208076728001e-01,2.487671137671621513e-01,2.732251165268658744e-01,5.850429015399378346e-02,1.399867079807214920e-01
8.681360251477893142e-03,2.092528953756497140e-02,3.381598445659300678e-03,1.227834159613211268e-01,6.930325592414671165e-02,9.923745142656563434e-02,1.496781897223234403e-02,5.639501985594180811e-03,1.335170049546127724e-03,7.102129604294683818e-02,4.874751030032940802e-02,7.657904866101683528e-02,1.313819867399988461e-01,0.000000000000000000e+00,2.062997513618940459e-01,1.419976911403537656e-01,1.587462052757356301e-01,6.208645010099078654e-02,1.050580571502666288e-02,1.729778638813503633e-01,5.021380372702866079e-02,1.682433947693972032e-01,1.341856894207098250e-01,2.174990942532053217e-01,1.045994164189171516e-01,9.906807109490671504e-02,2.227271175076808163e-01,3.332730070715230197e-01,1.141493917952129400e-01,1.685766923732469058e-01,3.814220647372117967e-01,1.681173305709010024e-01,1.882557523868608473e-01,2.821293903764552358e-01,2.849128515682627372e-01,1.419130486259264079e-01,2.479212695994665039e-01,3.351910094644509619e-01,1.573377227617708263e-01,1.138141697377230005e-01,6.093140833799179368e-02,1.730727578361557217e-01,2.420467867566849507e-01,1.952225168092112106e-01,8.371420419763969667e-02,4.672571553794895721e-02,2.347346960533242682e-02,9.403090451881347678e-03,2.716319315832137482e-01,2.746016746395794073e-01,1.003792419267827696e-01,1.479832745984964726e-01,1.052824734959796338e-01,1.221438371595719857e-02,4.528748370988505689e-02,1.892062268084461207e-01,9.142899191623865551e-03,9.742484659004665981e-03,3.101181533773328391e-01,8.447831411981805705e-02,3.682786151612121167e-02,2.186677074906835661e-02,1.056507396999305376e-01,7.113553185483354260e-03,3.891684342603775326e-02,1.920283644217215396e-02,1.586887968237298552e-01,1.074409909359735071e-01,3.377282438830279676e-01,1.197614955469167297e-02,5.516109120742396232e-02,1.748527058395250022e-01,9.452198521971384715e-02,1.498640021250018384e-01,2.820607258991339461e-01,8.412062089337131454e-02
3.059898717771662446e-01,1.146725418764303894e-01,4.980684689334279880e-01,4.342227057211170416e-01,4.236105395570867183e-01,1.841060036606761707e-01,3.269644481231517297e-01,6.632149298514233848e-02,2.789618006649269288e-02,2.086356425126831005e-01,5.510533760071378850e-04,3.849370855998516805e-01,1.311265195807624628e-01,2.062997513618940459e-01,0.000000000000000000e+00,1.209139142556883151e-01,2.026690128778890765e-01,1.827604759946093171e-01,2.580496349159679403e-01,7.785133015077891905e-01,4.329701528844134284e-01,6.933052426918522304e-01,5.654206137551898159e-01,1.930422800857759524e-01,1.966657085481160472e-03,8.766675044821681251e-02,6.901292781214242167e-01,4.100225123768568292e-01,4.724856626303204910e-01,2.479233936961500184e-01,2.686666917185431269e-01,5.778210869908458891e-01,1.809291493766109760e-01,1.726370593792574126e-01,9.397471830866260811e-02,3.844013466039426508e-01,3.155156318418415873e-02,3.672849338984950363e-01,5.287019812573603428e-01,2.306997598727653642e-01,1.985210394204479090e-01,2.900259984725034879e-01,1.187175976181279458e-01,1.319447388359570594e-01,4.933122192445860144e-01,1.452953753061816955e-01,8.446705822665562247e-02,2.368897771114752415e-01,1.533045160069097523e-01,4.028537149635516013e-01,2.377810662301948208e-01,3.982722699801842792e-01,1.893132149416038579e-01,3.312117318145020306e-01,1.508134007492873130e-01,2.571863826186745472e-01,1.701135246939923795e-01,8.248812217086817777e-02,1.351346951359683468e-01,3.685568920123416525e-01,4.493839456971047142e-01,3.105231232157926180e-02,1.850096604226662278e-01,3.459254417021753181e-01,6.502830815786520002e-01,3.708175242482320555e-01,7.899926085900167427e-01,3.040405511073346334e-01,1.326266669385868235e-01,5.914185048361114694e-02,8.463947107416547322e-03,7.901700200910078964e-01,3.410968698204289162e-01,2.197286989122415324e-01,1.730929529154883462e-01,6.345105759454988670e-03
4.541518695735531352e-01,1.504187905743177289e-01,5.116869443921658045e-02,9.293748839104903903e-02,9.476023059579785635e-03,1.281336277796547019e-01,2.168354589287291856e-01,9.401508225045238781e-03,1.027703834293603458e-01,4.970608933873688073e-03,6.114424166712138786e-02,4.905948448231996217e-02,1.242822756134364659e-01,1.419976911403537656e-01,1.209139142556883151e-01,0.000000000000000000e+00,3.716121596331193322e-01,6.202475047749570480e-01,1.216170879438623065e-02,2.168063844745415913e-02,1.044133187281388875e-01,1.424636187732516990e-01,1.567695416022050758e-01,1.692294280077870083e-01,4.099946761178666632e-01,3.105514294007748477e-01,2.584991144609305458e-02,1.141629746274425705e-01,2.972319878624053446e-01,2.236186001455925387e-02,3.024701584812067856e-01,2.443332754540630258e-01,3.217213524802665647e-01,1.184679378516321213e-01,7.340051644223355432e-02,1.243880798546403016e-01,1.040831735250055817e-01,2.455005967207166684e-01,2.359578711054224065e-01,2.010667723874637602e-01,5.750132240962213537e-01,1.850711570462419964e-01,4.823630054067218342e-02,3.263538305946263041e-01,1.935024038086011755e-01,4.088308510613451463e-01,7.424590721880813815e-02,6.781262250826208815e-02,9.421242720541883608e-02,1.093303157587292851e-02,1.159877203740039553e-01,9.388972962743369344e-02,2.490207211743913213e-02,5.802128955853866343e-02,2.603612315540194677e-01,7.803544836014988939e-02,1.858748805993003517e-01,1.364159281331075446e-01,6.489803688590070618e-02,1.464855173262206711e-01,5.291550645140238318e-01,5.190909147542371871e-02,5.551656869200196631e-01,1.581472280192513791e-01,5.366342278768004848e-03,8.647730018849536515e-02,1.871291049988003385e-01,8.608924658014921460e-02,1.115706078359632036e-01,3.731312777406526338e-01,2.879354911931275574e-01,1.256046338977522270e-01,1.618434188527472783e-01,4.351119730103309990e-01,4.093086576568147894e-01,5.722623715131240907e-01
1.716650007774549180e-01,1.288037570281617139e-01,6.288083704347918745e-02,2.414112377231676654e-01,5.485369919724236709e-02,1.476021514545294289e-01,3.741682087155051017e-01,1.219259713931529487e-01,2.285918923326252239e-02,5.964695974618862140e-01,8.014206301455169268e-02,2.856725488930739187e-02,1.941101323604745299e-01,1.587462052757356301e-01,2.026690128778890765e-01,3.716121596331193322e-01,0.000000000000000000e+00,2.552599681506664830e-01,1.293612132657437352e-01,4.587716072221201258e-02,1.207244344649063827e-01,2.208583488766857617e-02,3.455655936977252152e-01,1.852309576112505796e-01,4.192042035707057579e-01,2.468170407202816552e-01,1.441406319108023137e-01,9.539781625488852335e-02,2.384459456510728825e-01,4.187914608014592366e-02,3.592459519537152812e-01,2.245831279047690726e-02,2.072596297315166536e-01,3.380581819655592568e-01,1.925597387735298038e-01,1.508155820796898139e-01,1.195739367050707436e-01,2.979672220640672275e-01,4.452986839256306562e-02,3.162117225033342360e-02,1.173626488007017965e-02,4.964106676039262145e-03,2.098762863133776246e-01,1.439928567609689292e-01,3.077073887211154712e-01,3.137201138229683828e-04,1.612705626287866678e-01,9.118500742992388663e-02,6.653539289898696696e-02,1.544115363806755625e-01,1.222409792904190218e-01,4.921278164001741118e-02,7.252306003925776401e-02,1.076164752160803095e-01,2.266353921250101044e-01,9.452167877059403089e-02,2.577171651274897113e-01,6.000082638413367642e-02,2.050196150112438831e-01,1.624137412512659806e-01,3.541252866850691516e-02,1.458172208728863994e-01,6.294186881693958346e-02,1.149524246829281837e-01,7.703315954716383196e-02,7.123558060807877457e-02,1.089976558170491772e-01,1.986617780336508710e-01,1.733311847494066471e-02,4.280324997335710480e-02,1.498880239191341390e-02,5.428471049832081508e-02,3.599586956910824642e-02,2.083314790109341563e-01,2.938794288831857171e-02,1.344804368596812794e-01
7.045209229156357278e-03,4.135767874628989982e-01,3.325399893221553382e-02,1.255779199868954088e-01,2.475118770573949134e-01,4.265185462966862295e-01,4.835002189130370720e-01,2.501950049601713300e-01,2.947522731660199291e-01,2.709081965395876423e-02,2.461070675458621737e-01,1.199395260404517716e-01,3.101260724203944164e-01,6.208645010099078654e-02,1.827604759946093171e-01,6.202475047749570480e-01,2.552599681506664830e-01,0.000000000000000000e+00,6.037582137399141735e-02,4.536373478814464955e-02,1.334799728588582646e-01,1.887875392335743863e-01,5.132090643683548392e-02,2.103274889566555395e-01,5.127503222009902606e-01,3.268002005728886106e-01,1.407461482359265992e-01,1.799374015210819522e-02,2.756976579533589877e-01,6.038887389896574476e-02,9.730824690160455592e-03,3.241862200886347911e-01,3.610518639981307176e-01,8.952308789824875435e-02,1.742211392981694307e-01,6.630607685388364980e-02,3.261444474898789747e-01,2.184255835068548146e-01,2.207995894548043514e-01,2.614151099632225916e-01,3.733203674185661680e-01,5.655139145928224365e-02,1.744746079313134468e-01,1.517151571887253025e-01,2.079444144589257526e-01,3.862784422415693752e-02,3.318048769632460093e-01,2.206449895447483989e-01,2.538294590055938382e-01,4.680373892096031940e-02,2.852232162163007567e-01,9.904275962410835632e-03,2.058418481764270613e-01,2.836976692015820145e-01,4.656154776051555921e-01,2.399963009802444092e-01,1.302729268880340741e-01,3.360389951732641323e-01,9.866571653628466998e-02,2.193212012652849541e-01,2.988643710428955380e-01,2.627017202724437617e-01,4.377681254185382675e-01,2.158871826110067560e-02,5.743767568306379356e-02,1.799646439957742206e-01,4.689023824257398942e-03,1.134875679346209337e-01,2.220212074365957022e-02,5.606103434678733066e-01,3.490364937567756454e-01,2.890599935964577316e-03,2.537260818773862114e-02,2.983300231927938362e-01,2.806764811684616667e-01,2.756942842259802462e-01
1.677144149585606259e-01,1.390035539474521464e-01,8.466849286886787285e-01,1.531724389953739995e-01,4.095565228019593662e-01,2.736220732638714459e-01,3.390883992542687575e-01,3.173963681298433981e-01,6.410724514736215740e-01,1.860346572987801317e-01,7.202524592762121758e-01,4.624440270637303341e-02,4.287797916545950105e-01,1.050580571502666288e-02,2.580496349159679403e-01,1.216170879438623065e-02,1.293612132657437352e-01,6.037582137399141735e-02,0.000000000000000000e+00,5.535248396424445883e-01,2.339376872108697714e-02,6.250153191738908598e-01,3.814122900384195880e-01,2.248197487697529973e-02,2.302213812930188341e-01,1.650207510328352556e-02,5.490060138796672984e-01,6.546838989888423832e-01,2.500507815726979999e-01,5.336874907193482898e-01,2.703580886825807661e-01,7.151806343412436817e-01,2.500860115293045416e-01,1.726016315389833355e-01,7.242122496981494295e-02,1.944747799893752072e-03,4.088098298747800952e-01,1.007557437658338079e-01,7.291275523522030566e-01,4.337249156779832138e-01,2.237135454016489777e-01,4.154363598244559252e-01,1.478550548237607953e-01,2.964714192394285464e-02,1.454706038386368305e-01,6.235129513296687465e-02,1.186351924375551314e-01,8.079238705013146449e-01,1.424714212410078951e-01,5.983023720584550453e-01,2.833078313658865532e-02,2.333122290831008971e-01,5.673623047673503894e-02,7.835752061769222232e-01,3.242563306555619196e-01,7.746149828052889541e-01,6.631048874486539235e-03,1.533279511293512976e-01,1.722275139969917102e-02,2.835416194345936614e-01,7.668940937337435926e-02,3.851986900284325999e-01,1.301286484079108297e-01,9.348742065791890710e-01,4.150717228801075742e-01,4.792976286980937806e-02,4.149430517438897903e-01,5.300158238111438713e-01,2.374887306971739664e-01,5.481290586296175271e-02,1.201478129444448206e-01,4.828450908545421916e-01,3.781354527216532757e-01,2.117377646709506234e-01,2.079658823990349903e-01,1.513909713422555148e-02
2.088464425017476644e-01,1.723796512351239429e-01,6.077663080156110453e-01,3.145201759831115496e-01,1.032410732618485039e-01,3.183757449551464225e-01,2.690385589222737961e-02,9.483172474398782192e-04,3.081813094547364296e-01,1.169761904546191833e-01,2.859404104539827740e-01,2.368375910126062911e-01,3.507872976060014691e-01,1.729778638813503633e-01,7.785133015077891905e-01,2.168063844745415913e-02,4.587716072221201258e-02,4.536373478814464955e-02,5.535248396424445883e-01,0.000000000000000000e+00,2.336834785600216402e-01,9.770787783198139342e-01,4.494128113199400976e-01,2.139995024011582814e-01,1.286049097980641043e-01,1.652381103027529274e-01,8.109930454131559774e-01,6.952892936377896849e-01,5.516082049781687591e-01,4.423865181411598679e-01,4.002620914873265545e-01,7.470749821955271486e-01,2.734921721784860371e-01,2.301521540933384735e-01,2.614436654534110782e-02,2.652631666174365965e-01,1.769303346991318859e-01,4.363048795710494643e-01,7.018413692980213225e-01,4.465726855783321292e-01,2.376942415245229534e-01,4.259798717690748693e-01,1.573995198452298461e-01,5.459881135396585372e-02,4.974763867440186171e-01,6.783250662690698540e-02,3.208361564521128306e-02,4.875729198566901013e-01,2.309100036021842217e-01,5.220003999088859148e-01,1.841715028755709360e-01,3.096577450538656739e-01,2.374469270675486354e-01,5.791383907490791350e-01,1.797017953730531414e-02,4.854948717626824117e-01,3.782708039690532709e-02,1.370483430441693518e-02,1.028475534183470180e-01,4.026031442817869510e-01,4.789061714753499732e-01,1.447933557025075091e-01,2.624331828675446898e-01,6.591237180895919145e-01,9.653145763960851999e-01,2.114055733302008244e-01,9.730907975095393070e-01,4.553644186833839536e-01,1.822639029818748369e-01,6.519140263956008097e-02,5.979611276926194430e-02,9.756705790407909085e-01,5.006811671431514732e-01,2.568196972659438915e-01,1.628359191010389506e-02,2.927214515583231869e-02
5.458142586783681915e-01,1.107999112037219014e-01,2.434690444845789559e-01,4.099460161631311023e-02,4.120961482770530981e-01,2.251084785109934427e-01,1.640698986950100136e-01,2.185212723563076942e-01,2.886839380647280295e-01,1.023831980328238078e-03,2.676694954498538559e-01,3.274332171260581070e-01,1.139845004806574746e-01,5.021380372702866079e-02,4.329701528844134284e-01,1.044133187281388875e-01,1.207244344649063827e-01,1.334799728588582646e-01,2.339376872108697714e-02,2.336834785600216402e-01,0.000000000000000000e+00,2.251950717821975534e-01,2.857934276021301678e-01,5.653063711985623074e-03,3.771158854311779107e-02,2.746070106671211208e-01,2.892906285110836140e-01,2.660755375354533214e-01,5.469542668477623826e-01,2.701990667869541562e-01,4.037651236327825521e-01,2.597924343494293353e-01,1.749054620302637197e-01,5.028944705830739048e-01,3.761913308100578446e-01,5.360034528455778768e-03,3.570157577544867677e-02,2.570301849130455230e-01,2.362312181274882628e-01,8.952303973754904831e-03,3.337589053176784337e-02,8.288855953961360434e-02,7.293227403626570404e-02,1.491595125866680416e-01,3.527453853786932103e-01,4.583671188112699579e-01,2.497570330974269170e-02,4.073792308138357576e-02,4.902412996077276652e-02,1.338044062284146629e-03,1.649812153581790009e-01,1.881823399417227038e-01,2.628902049651071215e-01,3.920180167413531147e-02,6.048307844821604329e-02,7.089505650267155512e-02,9.902885757615730034e-02,3.687571787841584237e-02,1.078179018589771609e-01,1.156556142342921034e-01,4.285766145456991749e-01,4.883626663115719913e-02,2.030252537537660662e-01,5.869745429051834162e-02,1.221874959596863097e-01,8.428537440973912220e-01,4.133217905141832738e-01,1.748167826846216411e-01,1.741479129574712015e-01,3.060552902773949757e-02,1.646707523260956263e-01,2.832638166528690382e-01,1.724715842411227440e-01,1.522656011419703248e-01,1.718756680639271783e-02,6.407085324862107911e-02
