0.000000000000000000e+00,2.817356842311256604e-01,2.169782754104377653e-01,1.319658648494038689e-01,8.670779919088396348e-02,2.335250174444103433e-02,1.362920571130889213e-01,1.547490464984520309e-01,8.983745294749825860e-02,4.291593475103977484e-01,1.509732093799792674e-01,1.416617804643161560e-01,1.267325172372274489e-01,1.387514938294070743e-01,4.837326760407666959e-01,3.596245645791678602e-01,1.110765614811600188e-01,1.458911955419152640e-01,1.870504674740018913e-01,3.089625303515994847e-01,6.148274915203484348e-01,3.982355302583511225e-01,2.693429111542418597e-01,3.365914619515293360e-01,3.687043728150429245e-01,4.553078952270505075e-01,2.188887984734913805e-01,9.229069071447001948e-02,3.935814398980136408e-01,4.464023497987588129e-01,2.812463326105058004e-01,1.179956982832900958e-01,8.858629670785686527e-02,1.701945790661348323e-01,1.722237943379177350e-01,4.856093053703171014e-01,2.186501964385016428e-01,1.346903578225684683e-01,1.211253416800756322e-01,4.145563775692534536e-02,5.279536445713356452e-02,1.441508595733551057e-01,1.215160707447323352e-01,1.425889269909804968e-01,1.889427675639975546e-01,7.143601837078060734e-01,1.987293031983420610e-01,1.629195493098877789e-01,4.223907637662006609e-01,9.961937854443733698e-02,1.662809868717454176e-01,7.394207927474132080e-02,2.243998747949349504e-01,1.623796890543774407e-02,1.469886918011496513e-01,1.301682772186083248e-01,1.638612098576818776e-01,1.185420166462770875e-01,6.796401553701034159e-02,5.906356714332091640e-01,2.920824060640871411e-01,1.898998978590206999e-01,1.732499707570651082e-01,5.107931727730022353e-02,2.649654800530170662e-01,6.633789424204155072e-01,4.027074293437736818e-01,2.462029848464973580e-01,3.498858898612585699e-01,4.288182008315576943e-01,4.311283697718711339e-01,7.429291227871556713e-02,1.070864199318682930e-01,3.224536015250188958e-01,1.637464367516941188e-01,3.976341004940153745e-02
2.817356842311256604e-01,0.000000000000000000e+00,2.107699309760724948e-01,4.444393740295801698e-01,1.214972870139191113e-01,7.369694198276394159e-01,2.106331759120680103e-01,2.043770449321166693e-01,3.930303453222897536e-01,4.459495092038567310e-01,2.961734108819633615e-01,3.940804724268789916e-01,2.598573899637286466e-01,2.708618688498348193e-01,4.387395394677687799e-01,1.635660359045431056e-01,2.934596806590829554e-01,4.723806433839708996e-01,3.318943422828098955e-01,5.086460100568617193e-01,4.650712673609730952e-01,5.210670366931673403e-01,4.654980573603074157e-01,1.654286740186457494e-01,7.367501074803223249e-01,7.427623071557833967e-01,6.568573785885584160e-01,9.750640292050519187e-02,7.032604612651602860e-01,2.058508717862157500e-01,3.140694649795799931e-02,1.350277811497257729e-01,1.247302572633461615e-01,1.075199398505621018e-01,1.522599674244710932e-01,3.842459367484624133e-01,2.132646290726517846e-01,1.756351577397499697e-02,1.833095878276712609e-01,8.906958563924621819e-02,4.022963382503417229e-01,3.923460354173805009e-01,1.524848667839200367e-01,6.792968905292798287e-02,1.898842489242209830e-01,7.551886080777667209e-02,6.771925402754307433e-01,1.655033126283670941e-01,4.011829120291408590e-01,9.082740541706407766e-03,4.284947561805867999e-01,2.190835857669685693e-01,2.229315607892355666e-01,2.921816370941364149e-01,1.946421783311903519e-01,2.241246837480792564e-01,1.717243551941634028e-01,3.031530487105011384e-01,1.887853180025808875e-01,4.542036909540200784e-01,5.508322379963238591e-01,3.037403081399403515e-01,3.093908646416498875e-01,2.342019431686114816e-01,5.068944034416602573e-01,1.263534934941207277e-01,6.009716958182678148e-01,3.379464907514959093e-01,1.359098557612323788e-01,6.652047688624054267e-01,4.120759964842223844e-01,5.892331628037408287e-01,1.798329162501782486e-01,4.416857112198861457e-01,1.810804407093417612e-01,1.096862928339989995e-01
2.169782754104377653e-01,2.107699309760724948e-01,0.000000000000000000e+00,4.122122733910548176e-01,4.006253156614996702e-01,1.063929529176584898e-01,1.495262099570422165e-01,5.754349538331392511e-01,6.367913423599022016e-01,1.986030173661886555e-01,9.557572705326764506e-01,5.150831724288419400e-01,2.017908300984062042e-01,1.905069936541351483e-01,6.662389781770394759e-01,2.680488484974885011e-01,1.689212765373069858e-01,2.682189862431613725e-02,8.788745055845984533e-01,3.998466327276058441e-01,2.514932815956381629e-01,4.808913123965546377e-01,8.235325736424982113e-01,4.117626595319329730e-01,3.288018936764253164e-03,4.446339832272521719e-01,3.015500667178710459e-01,1.582883490022932160e-01,1.379357732014542814e-01,2.814309016549301212e-01,2.223114958305554834e-01,2.816645060611677742e-01,2.596245231156410482e-01,2.410779138789130027e-01,4.117142705316774176e-01,2.528614318821869045e-01,2.370047486093722067e-01,9.473345272042986431e-02,4.978862580571494223e-02,3.395332064153295248e-01,3.932036332795048050e-01,2.059215313173219930e-01,8.932649640002227054e-02,8.241688198918599439e-02,2.181656794775929387e-01,3.480060231223869316e-02,3.246535907013355371e-01,8.817187575212190875e-01,2.620918220243956265e-01,3.823328332887804271e-01,1.653226284368065069e-01,2.534982596706616964e-01,6.233241768662487470e-01,6.471637932546984162e-01,3.412524634445118776e-01,9.442090151545627918e-01,4.553061350850130529e-01,2.091616176174893593e-01,7.960406736185776655e-02,6.226895594144695734e-01,3.332101354336386434e-01,2.583470117143872868e-01,2.239863720544778003e-01,7.354526724910822599e-01,5.463215431925265708e-01,2.251310699651895009e-01,6.449005876249888081e-01,7.870658486765257367e-01,5.587036316295920235e-01,1.968815419918834297e-01,4.773031803569598441e-01,3.502510612939740975e-01,2.258148655524096771e-01,1.802354023600702404e-01,3.591746818101085870e-01,2.245324970292737476e-01
1.319658648494038689e-01,4.444393740295801698e-01,4.122122733910548176e-01,0.000000000000000000e+00,1.356465366945550921e-01,3.429185305800745986e-01,2.818885059058725551e-01,2.219728111878468690e-01,3.580197309732716660e-01,2.390453218080790532e-01,4.488748096650019281e-01,3.412298185932713945e-01,1.861834807450917784e-01,2.675858008834814949e-01,5.938944620823647380e-01,2.718581222490984994e-01,4.035487255731880496e-01,2.601262427698195490e-01,4.957460896271883022e-01,3.648312974220411231e-01,4.734815581179213084e-01,4.516260503302460538e-01,5.587506280585931018e-01,5.174796428159559314e-01,2.996266100245867925e-01,4.644795914577370954e-01,4.971515669604502641e-01,3.727102511868258250e-01,1.480997751177708099e-01,3.961254215803788892e-04,4.243551641461051904e-01,5.089979093974267982e-02,5.708757715621674833e-02,3.352579421400768145e-01,5.103770666769362752e-01,6.115397943767271194e-01,5.717982015508278337e-01,2.439948187874989294e-02,5.800197349066555930e-01,8.587480220624799099e-02,3.249333037325587981e-01,2.928051455203214970e-01,2.293251060766796912e-01,1.083240557299202378e-01,2.970107263781119333e-01,6.827373885220024141e-02,3.001650783239319109e-01,4.238680151586472489e-01,2.978374837085425719e-01,2.558618725801171112e-01,1.199644110642341110e-01,8.127581657545399074e-02,3.031456640637256728e-01,3.176824883034656266e-01,4.755713816266017857e-01,4.393657834564930198e-01,2.456230302915072827e-01,1.824111036586328893e-01,2.554809433627243664e-01,5.858190884477936233e-01,7.024607191686655927e-01,4.725450488312619157e-01,5.354351368473314610e-01,4.610842735429619421e-01,5.889658114725497828e-01,2.201994786991090525e-01,6.244626840439760906e-01,4.850353435802514657e-01,6.393058039319459152e-01,5.354502371271959715e-01,4.649785535683300663e-01,4.685948397762212947e-01,3.179193456632127268e-01,3.775609930653442414e-01,5.275483161031744306e-01,7.089428131699773150e-01
8.670779919088396348e-02,1.214972870139191113e-01,4.006253156614996702e-01,1.356465366945550921e-01,0.000000000000000000e+00,7.180382997126691369e-02,5.072909092716504365e-01,8.537630751157501696e-02,7.878145499347216640e-01,2.601988916301458676e-01,5.491760287025063692e-01,5.287409283553512473e-01,2.150217382360528062e-01,1.266054591786177075e-01,3.166546966682011188e-01,9.180156280509753353e-02,3.024367887521997034e-01,2.198971572267129360e-01,5.461830819624179378e-01,3.522347037246316703e-01,6.665967325480265382e-02,3.315371927166843591e-01,3.188856772865613642e-01,1.110513810591368389e-01,2.278194649517920056e-02,1.430833572076975757e-01,3.093004507354710775e-01,6.295710982283320156e-02,2.323166145977634267e-02,3.105846553936505439e-01,9.453589845961513083e-02,6.490449955240022717e-02,3.073120650199878123e-01,7.954611570904122908e-02,7.105986198474756321e-02,2.157787110071562320e-01,3.293406298191105530e-01,3.616035715574413834e-01,7.599662409660271067e-02,3.071249589153993709e-01,3.632021552893552330e-01,8.384554431021176701e-02,3.922486758158727493e-01,7.197520752311691028e-02,3.031403197932563409e-01,6.667973936969333326e-02,1.400450357431294868e-01,4.699706584896752304e-01,1.946747896683947987e-03,6.994273202290278713e-01,1.721844861962384121e-01,2.724406489074797655e-01,1.881245477848956238e-01,6.331058108761984382e-01,2.929924970046871024e-01,6.171824666504678314e-01,6.341335309736215731e-01,3.828929373870318953e-01,4.714261319742011902e-01,3.877535391353357230e-01,2.187503772521964818e-01,2.783798562461137216e-01,3.185135478587931557e-01,3.464395713305529201e-01,3.425655680923952451e-01,1.174244592687587740e-01,3.762249427619385744e-01,4.186268093079561492e-01,6.427080864812553807e-02,5.645386457732018415e-02,1.349827566448792981e-01,2.728089788256857773e-01,2.983792700001792753e-01,3.145537968291679115e-02,7.035267127386912733e-02,1.416076801846853916e-01
2.335250174444103433e-02,7.369694198276394159e-01,1.063929529176584898e-01,3.429185305800745986e-01,7.180382997126691369e-02,0.000000000000000000e+00,1.981427268656921759e-01,3.059214447250020452e-01,2.592321197192457016e-01,3.019478029995434354e-01,1.023088730282143421e-01,4.297221354470562305e-01,2.421058604381548518e-01,2.189929317979080192e-01,1.416033758949588328e-01,3.437674379606814323e-02,2.420745735903999107e-01,2.481288757272068768e-01,1.681810392321080316e-01,1.342953734419430889e-01,9.498321015267902068e-02,1.415959694526872092e-01,3.222629087197918518e-01,4.850545972086450774e-02,4.417321979391236608e-01,3.685873840693239534e-01,4.415639269482433682e-01,9.421935833566763563e-02,4.777465941947605654e-01,5.325838184208282755e-02,2.477899473204829839e-01,3.809542004976221863e-01,6.206609647526425966e-02,2.452690511980794297e-01,1.507395450072859799e-01,2.160372983560967519e-01,4.905636926439398138e-02,9.900858039024076906e-02,2.149210198861323251e-01,1.729253421159420434e-01,3.622888339078300657e-01,2.147189562547655584e-01,3.672630687117899029e-02,7.685841644814242479e-02,5.332984380693991944e-02,1.362423031310654731e-01,5.183673160716772976e-01,5.545163190236246376e-02,2.958064297865391490e-01,7.245411677129314637e-03,6.902073101701516888e-01,3.346342007475264224e-02,2.282481210665454618e-01,2.235069394794859110e-01,1.158727703030859729e-01,1.149452336792959051e-01,2.070748603218799111e-01,4.422665037402527255e-01,1.484099022720270500e-01,2.270138960284917018e-01,1.615722764076570339e-01,2.293077089102373012e-01,1.561359760186789292e-01,1.343090563031080209e-01,2.173972354339065438e-01,2.030119073081548819e-02,2.463772560490607444e-01,2.952709560729993576e-01,5.600783406156306654e-02,3.038126371741456944e-01,2.789742268450912110e-02,4.724913841383940882e-01,1.052114707535876936e-02,2.356716901584964274e-01,5.737854310364889909e-02,1.050327849780645362e-03
1.362920571130889213e-01,2.106331759120680103e-01,1.495262099570422165e-01,2.818885059058725551e-01,5.072909092716504365e-01,1.981427268656921759e-01,0.000000000000000000e+00,2.480904853030730106e-01,2.866198576973854051e-01,1.938525970913654306e-01,9.179652322608294890e-02,1.901937659558031180e-02,5.025611024197471632e-01,1.340561927350137350e-01,1.224328099688153648e-01,4.474152638026396289e-01,2.594574527532876873e-01,3.915882302295958239e-01,2.970491342278946956e-03,2.232089507761053637e-02,1.747934307394393427e-01,4.087032008413310491e-02,1.309454390475622565e-01,2.060152439106158195e-01,2.527061533064528520e-01,1.487549482359380726e-01,8.253885077454709007e-02,1.384832327888513293e-01,3.990820707189693950e-01,1.686180569525118078e-01,2.712467134812242553e-01,5.944711469173185464e-02,1.440033200072096120e-01,2.385049493343120719e-01,3.977190726278960198e-01,1.919627169837062053e-01,1.119294605350547589e-01,2.777997939135461447e-01,2.910213510637179035e-01,1.732104009783720644e-01,1.776912065271669117e-01,2.071485918826358186e-01,3.082137905299912051e-01,1.862695510240352514e-01,2.352460714961746302e-01,1.664127154710565715e-01,1.362099779841646485e-01,7.886048271647663754e-02,2.410229930880111726e-02,1.833530973311218726e-01,4.435169984808252919e-02,2.336403624007408752e-01,1.396745151167672061e-01,1.578635841341203827e-01,1.122092674060384820e-01,8.470165305908503028e-02,5.844335169382192108e-02,3.436721399354136786e-01,1.086252587449123980e-01,3.260036033384081794e-02,9.542992331738886502e-03,1.878796787610641228e-02,1.115017330372909538e-01,1.888297368136122312e-01,1.196067505026630756e-01,7.321360442812430147e-02,3.322704212351761111e-02,2.034432220674441127e-02,3.809028497265498081e-01,4.803255914490986433e-02,5.052558846111718238e-02,6.622768174432541732e-02,2.826905824537082057e-02,1.461186763250124643e-01,1.278589654498746009e-01,3.804376572411163338e-01
1.547490464984520309e-01,2.043770449321166693e-01,5.754349538331392511e-01,2.219728111878468690e-01,8.537630751157501696e-02,3.059214447250020452e-01,2.480904853030730106e-01,0.000000000000000000e+00,2.366023954102284277e-01,1.173017113504620235e-01,4.741877720957510256e-01,6.813789636899991731e-01,1.511063424301880564e-01,4.501242581531730846e-02,3.131186547828918032e-01,1.254060802634528737e-01,2.837974833542275532e-02,1.021316215712929354e-01,4.162902978869959525e-01,1.883854143534847703e-01,2.233042220677948775e-01,1.606376691659334166e-01,5.306078424450741959e-01,5.046176168173283072e-01,6.959228456747168501e-02,4.098593644271718017e-01,1.156375590535540787e-01,1.770524916076005040e-02,2.534673849459601613e-01,1.287461991028825414e-01,6.423477039852390491e-02,1.416451137598437049e-01,2.552909899113717240e-02,1.235389392799033925e-01,1.298776632961918531e-01,1.430369201895045905e-02,1.556414962911485678e-02,7.290691593061615627e-03,1.697567669881904218e-01,3.818483406873904307e-02,1.831412650613519488e-01,6.219964501211008856e-02,1.846684791803602510e-01,1.925010091577530058e-01,2.811771378208588468e-02,1.064272965509116542e-02,2.246977668472314449e-01,4.676034155575540807e-01,2.232312249469643739e-01,2.204408109736306909e-02,2.245139424440915077e-01,3.608124895706189827e-02,7.375018794825682900e-01,2.467383620969998970e-01,1.330284831165245429e-01,4.220872114620219939e-01,6.559630443039606851e-01,1.423789368870035099e-01,1.655300945669990753e-01,2.484178762911696536e-01,5.911824437779661379e-02,1.621124220761225587e-01,5.269881614096556810e-02,4.410692052016998987e-01,3.002428679192693517e-01,9.445567829165391061e-02,3.235694731672203450e-01,3.762683233704403607e-01,4.343512605000253157e-01,2.207826241487249527e-02,3.162329679266066007e-01,1.079517654613928457e-01,1.257754096994907755e-01,2.097384366582609183e-01,5.120065744535626934e-02,1.784123467142885167e-01
8.983745294749825860e-02,3.930303453222897536e-01,6.367913423599022016e-01,3.580197309732716660e-01,7.878145499347216640e-01,2.592321197192457016e-01,2.866198576973854051e-01,2.366023954102284277e-01,0.000000000000000000e+00,4.137825056108451749e-01,7.280535393346839745e-01,6.215650678293285214e-01,2.408941761742418586e-01,6.253666867408085028e-02,5.676435190036375200e-01,4.386388278506728189e-02,4.482110176297237625e-01,1.925114570542156289e-01,6.840198784441756663e-01,6.029167531570966965e-01,1.441501564005455427e-01,5.541745471871741824e-01,5.662512690204789534e-01,2.475646750496328097e-01,1.186363525498029814e-01,3.267805069635948967e-01,5.198792532310870795e-01,7.865703653165079245e-02,4.220880588044217951e-02,3.634898044691753927e-01,1.953070556548586190e-02,2.659568144027414371e-01,4.473525321751627981e-01,7.236738592881238052e-02,1.633157288523323369e-01,2.938331596285118641e-01,2.205986692531403670e-01,3.639396315804890314e-01,7.238751226181661114e-02,4.446646469957952763e-01,5.512191701883790707e-01,1.984515562431717617e-01,1.444832354111875161e-01,4.798393187861908771e-02,3.343138095724647041e-01,5.242001792001282912e-02,2.615706786324480948e-01,6.874511451911592408e-01,4.268841288446919430e-02,7.368935001271509355e-01,5.359323848691072145e-02,4.196415805275586774e-01,2.997358302067832381e-01,8.377233024716860266e-01,4.100094531378363216e-01,7.871100770186457707e-01,6.599771478617747489e-01,4.101443724976302496e-01,2.050003499813875807e-01,6.546532324554223958e-01,3.446433597720509612e-01,3.731284145192664825e-01,3.440648791573833187e-01,5.720206769440230321e-01,6.487698216585580102e-01,2.699233358780528391e-04,6.611486482274263610e-01,6.529263271440224337e-01,2.300244489976541462e-01,1.731487233186168317e-01,2.644517516278004354e-01,4.527254086760860163e-01,3.865322624599340506e-01,1.450695650769223688e-01,2.142266160234891914e-01,1.166650859689860736e-01
4.291593475103977484e-01,4.459495092038567310e-01,1.986030173661886555e-01,2.390453218080790532e-01,2.601988916301458676e-01,3.019478029995434354e-01,1.938525970913654306e-01,1.173017113504620235e-01,4.137825056108451749e-01,0.000000000000000000e+00,3.200407172247649035e-01,3.005670414268130641e-01,3.087344500559029425e-01,2.315461105072545989e-01,3.317396904671229274e-01,3.440075631231898079e-02,5.299325217439916358e-01,3.790664198382431294e-01,2.660380178957180153e-01,1.386554439473988154e-01,3.219508364841475179e-01,2.377143901334710097e-01,3.735791322466944786e-01,1.566293458185715470e-01,4.886326581419931925e-01,3.738428124264162045e-01,3.338715827415506543e-01,5.383051367029384471e-02,4.733728793853904659e-01,2.263678316780201594e-01,9.015047892399363771e-02,5.061537280150469886e-01,5.510838165843554015e-02,3.075059149137773229e-01,3.393865125401919203e-01,3.192257393571885093e-01,1.087845324049255824e-01,2.568826475575383128e-01,1.347267003961128418e-01,3.147255339043090183e-01,3.963459360777522589e-01,3.552403258336265801e-01,2.972664607423568250e-02,7.156929027405908861e-02,2.414924253223939832e-01,2.188831967184952099e-01,6.018898665959004912e-02,1.568867050656853890e-01,2.718959192078639897e-01,2.520312641602214798e-01,2.410566603761800375e-02,3.283135785776795657e-01,6.331591200006803088e-02,2.662394411598268951e-01,5.429555235336258612e-01,3.354746310094479655e-01,2.471058317284985373e-01,2.916556770961019618e-01,5.851312901082685036e-03,3.706939647636409152e-01,2.883317302869842780e-01,3.141672816528531809e-01,2.662450906583095911e-01,5.872808350789163190e-02,2.074312709942993105e-01,3.793711169677920769e-01,2.170440325283801708e-01,3.244128293372314786e-01,2.484201144295236086e-01,3.332150064364376441e-01,1.864072291216223309e-01,2.349535533608206328e-01,3.687782191404226362e-02,3.833095075805155183e-01,1.939466749044307659e-01,1.693517770152395685e-01
1.509732093799792674e-01,2.961734108819633615e-01,9.557572705326764506e-01,4.488748096650019281e-01,5.491760287025063692e-01,1.023088730282143421e-01,9.179652322608294890e-02,4.741877720957510256e-01,7.280535393346839745e-01,3.200407172247649035e-01,0.000000000000000000e+00,7.140887696380360250e-01,5.431615381516335939e-02,1.361590505751311964e-01,7.261635859388374525e-01,2.194019803191582518e-01,3.417918030162045429e-01,1.470666861685493432e-01,9.340677307402975860e-01,4.700965870511533140e-01,2.260694098159478360e-01,5.408569678162425953e-01,8.052935794783024903e-01,4.389223615317430771e-01,1.063784738773586452e-01,4.577023686198528063e-01,3.908922381606531604e-01,1.955093379395614339e-01,1.864478020038552730e-01,2.566653201606636236e-01,2.419449191240636565e-01,2.360715839643669767e-01,3.880931740127449014e-01,2.366797066169088748e-01,3.482584036276079598e-01,3.509442930495465518e-01,3.983461253972563343e-01,2.455384332512563217e-01,1.454385716526450378e-01,3.903790889511215556e-01,5.043078768510171894e-01,1.143938250908563131e-01,8.846732023950951151e-02,7.210384154822961633e-02,3.038365394512451134e-01,1.278771345712513274e-01,3.542592186419950551e-01,8.364840685214932625e-01,1.797598893170038181e-01,5.460843853263277481e-01,7.730070482294623679e-02,3.049488194460845958e-01,5.228940273542463935e-01,5.985907357938765605e-01,5.061540107935784683e-01,9.400165411734191512e-01,7.290414960261887289e-01,2.825856778208817310e-01,2.055161412572019675e-01,6.902366723261665893e-01,3.783571750088629559e-01,4.793362298114068332e-01,3.343555622093914437e-01,7.791012484300442464e-01,6.443439571321000203e-01,7.756974705642535883e-02,7.196180837094223737e-01,8.405825049475421640e-01,4.973908416522598297e-01,2.264774609191029520e-01,4.706603076384204276e-01,4.206915522996334533e-01,2.818530727064229024e-01,2.078110528982219374e-01,3.283066424491563051e-01,2.622319345428222315e-01
1.416617804643161560e-01,3.940804724268789916e-01,5.150831724288419400e-01,3.412298185932713945e-01,5.287409283553512473e-01,4.297221354470562305e-01,1.901937659558031180e-02,6.813789636899991731e-01,6.215650678293285214e-01,3.005670414268130641e-01,7.140887696380360250e-01,0.000000000000000000e+00,2.189941187904177466e-01,5.037001530185669651e-02,4.070580459728893041e-01,1.353999950911881633e-01,3.425877482363771098e-01,2.638860804442850760e-01,5.168148310625229058e-01,4.069079467773381031e-01,2.815901498062591823e-01,4.112502443641298799e-01,6.910533218710177561e-01,6.327399566841107603e-01,1.976899334595556001e-01,5.382339195061048853e-01,3.879289789389576693e-01,1.847575437593113046e-02,3.648225358294394927e-02,3.636411397455818761e-01,1.346708882442569366e-01,2.299949854627146295e-01,9.089634695415552135e-02,7.793132055469437214e-02,2.806469895819394544e-01,1.920601422047832629e-01,2.048436330294160224e-01,1.946727207484253430e-01,4.846676066795459203e-02,1.884084401376025508e-01,4.182006850063022529e-01,2.035086843037003657e-01,1.824166745501739628e-01,1.280825643204337450e-01,1.615207771874277165e-01,4.088515878025450120e-03,1.860247137253390193e-01,4.822203840191300328e-01,1.437108132997356735e-01,3.670829556315008402e-01,1.599972064769986657e-01,2.059882501946205813e-01,5.626309693777116205e-01,5.553756374774172500e-01,4.742447675777101135e-01,6.025587865865166259e-01,7.442083410267698040e-01,4.200416529680010003e-01,1.389277312712101364e-01,3.505699195030665405e-01,2.900776931989246243e-01,3.713509701869155410e-01,2.972688721403340395e-01,4.459406732511460580e-01,4.228254616500871088e-01,1.570517704422128846e-01,4.230141539502405568e-01,4.803185784297423488e-01,5.039330543757216674e-01,1.294600334219584148e-01,3.270297444177520663e-01,2.892226531967282965e-01,2.934569484126082206e-01,9.258913485125946918e-03,2.134833638722157256e-01,6.013108949180867580e-02
1.267325172372274489e-01,2.598573899637286466e-01,2.017908300984062042e-01,1.861834807450917784e-01,2.150217382360528062e-01,2.421058604381548518e-01,5.025611024197471632e-01,1.511063424301880564e-01,2.408941761742418586e-01,3.087344500559029425e-01,5.431615381516335939e-02,2.189941187904177466e-01,0.000000000000000000e+00,6.317833945130688078e-02,2.300980536480835281e-01,1.184720766373141276e-01,3.812744252134550038e-01,3.530592837816073359e-01,1.439743752526719267e-01,1.781011286964642448e-01,2.631369048174364567e-01,1.393320769928584335e-01,1.312554143497540737e-01,1.231727242573060765e-01,2.640346595620546299e-01,1.437619315968891587e-01,1.469978915185621293e-02,5.532127212137566419e-01,2.219499008409389629e-01,1.018900871987465095e-01,1.383639798371792962e-01,3.780461756869145651e-01,1.008551030269937560e-01,1.618143846364143157e-01,1.392916784868797608e-01,1.296431636035973722e-01,2.178534699985546497e-01,2.540704827046880721e-01,2.098516635089119897e-01,3.888708751565599919e-01,2.612495841738532443e-01,1.642016448174973275e-01,1.723882886680227489e-01,5.884839955355637697e-02,7.208504466641646458e-03,2.092920233879577152e-01,1.151785772235861816e-01,2.298654221739922510e-01,1.705146531820897482e-02,1.826837647477122240e-01,5.650315337675893002e-02,3.373290574129429453e-01,2.197836864693293868e-01,1.013622492892845839e-01,5.113093180594974196e-02,7.141357581261964516e-02,7.040159592229938701e-02,4.312596519195924794e-01,8.990460518226062181e-02,1.139732436936902182e-01,2.107012945664788611e-02,1.470809181402707166e-01,8.759922573308834282e-02,2.924089826543351256e-01,1.293192370799824131e-01,2.718947203681996161e-01,7.189629116943818676e-02,6.285034525828800400e-02,2.099203068698069219e-01,1.094026433171757240e-01,1.507608684016251699e-01,4.101982161346819089e-02,1.968355312581387406e-01,4.372188364148404255e-02,7.302513705348118167e-02,1.276071049589045936e-01
1.387514938294070743e-01,2.708618688498348193e-01,1.905069936541351483e-01,2.675858008834814949e-01,1.266054591786177075e-01,2.189929317979080192e-01,1.340561927350137350e-01,4.501242581531730846e-02,6.253666867408085028e-02,2.315461105072545989e-01,1.361590505751311964e-01,5.037001530185669651e-02,6.317833945130688078e-02,0.000000000000000000e+00,2.912907948090329158e-01,1.359263785006575853e-01,6.222043409710395490e-02,7.239736649905599911e-03,3.044819589919742775e-01,1.356760927964950347e-01,3.944575752388224110e-01,2.734176367473863389e-01,2.231776670044144650e-01,5.749250561950399602e-02,1.371657550678413440e-01,2.857972782941697321e-01,3.390710087413046914e-01,4.367532089972647746e-02,3.714932129630511559e-01,8.679955388365802327e-02,2.626497197664446892e-01,1.047985850190576440e-01,9.315161515622567834e-03,2.925831977051816524e-01,3.210932297815135561e-01,1.747356852574755148e-01,1.022729643233983993e-01,3.117756118803042265e-01,2.008911458130909766e-01,2.176584035487310886e-01,3.356606062295214299e-01,3.163664206608171048e-01,3.331717481889725496e-01,3.206398921035126526e-02,2.460158608964735372e-01,8.755002766027980554e-02,1.973454442608816861e-01,1.289825748128349825e-01,2.446920360114984705e-01,3.211199691978131043e-02,1.342871623016001492e-01,2.178521750897536857e-01,2.218518240251186879e-02,1.684135862365290226e-01,2.578607627346555797e-01,9.139252425208552189e-02,1.622224902675634128e-01,3.421383398833716116e-03,5.058491139138832082e-01,2.199250204591202407e-01,2.656494744635215510e-01,9.529013484526475952e-02,6.563589871227720751e-02,1.902263653171676616e-01,2.650847066270884955e-01,2.739195816177988907e-01,2.502043073787196814e-01,1.477267895363117978e-01,8.700494710620529371e-02,1.991944969650054631e-01,1.195347444666596537e-01,3.436442277085600683e-01,1.365598466123411070e-01,4.359625557313097088e-01,2.954222522909266124e-01,2.615000010816330711e-01
4.837326760407666959e-01,4.387395394677687799e-01,6.662389781770394759e-01,5.938944620823647380e-01,3.166546966682011188e-01,1.416033758949588328e-01,1.224328099688153648e-01,3.131186547828918032e-01,5.676435190036375200e-01,3.317396904671229274e-01,7.261635859388374525e-01,4.070580459728893041e-01,2.300980536480835281e-01,2.912907948090329158e-01,0.000000000000000000e+00,1.122587295019921161e-01,2.347170620228528071e-01,1.560487724190089687e-01,6.863576865739854371e-01,7.377495483719299640e-01,7.575383853337589457e-01,8.692901066580482894e-01,8.127188345119770174e-01,3.875800523711965817e-01,2.781103100292796615e-01,6.213661025067733767e-01,5.843099744168532839e-01,1.212558245007578361e-01,6.737503442090159167e-02,3.508007423019591231e-01,6.757828721480452216e-02,4.095383386674047999e-02,3.055035741021104312e-01,2.320079818327455135e-01,4.002647826449233226e-01,4.423185768416463270e-01,3.757683695943758728e-01,1.257274154013792722e-01,4.177598121623848915e-01,3.011611976285776815e-01,4.454982387783432141e-01,1.249766217491783682e-01,1.375113076786061567e-02,8.914642552586660162e-02,2.866684832426035778e-01,1.269091479063808037e-01,4.618415324056725502e-01,5.941182625144802998e-01,4.153261186649669368e-01,4.082687523478838454e-01,1.720848158845479370e-01,3.138526142420677845e-01,5.271145149063657387e-01,5.258235783339397784e-01,4.061401963596272258e-01,7.533970237003778658e-01,4.066507483243576582e-01,2.587037869106887378e-01,1.399673020983415728e-01,9.485811771445604723e-01,6.153254191414646579e-01,3.761661939039722125e-01,4.214274054954914028e-01,5.467930698418599356e-01,8.542392052092135923e-01,5.367296434819028850e-01,9.344743769390031485e-01,8.628640660448639865e-01,5.778093317418870889e-01,4.332933520608846512e-01,5.386230078949318933e-01,6.921164907563323032e-01,3.672694962609475700e-01,5.783317185101499724e-01,4.852839786313131176e-01,3.206200974197764841e-01
3.596245645791678602e-01,1.635660359045431056e-01,2.680488484974885011e-01,2.718581222490984994e-01,9.180156280509753353e-02,3.437674379606814323e-02,4.474152638026396289e-01,1.254060802634528737e-01,4.386388278506728189e-02,3.440075631231898079e-02,2.194019803191582518e-01,1.353999950911881633e-01,1.184720766373141276e-01,1.359263785006575853e-01,1.122587295019921161e-01,0.000000000000000000e+00,6.739651432219107008e-02,3.266222780036516782e-01,1.943432803279775412e-01,2.349645697846588499e-01,5.569337653813993816e-02,2.005592367819215016e-01,3.720923744761467922e-01,1.725602016143607531e-01,1.731486385821506824e-01,1.240008376682832092e-01,6.099288800675839450e-02,2.724351017965533361e-01,4.479958298084408264e-01,3.739453131525285468e-01,8.324416345733756106e-01,3.654642086187050998e-01,2.585387440413667859e-01,6.358384913335815014e-01,5.301113168274744769e-01,2.233803128263975868e-01,8.063098212735334003e-02,8.224054940829096660e-02,1.075981404533841446e-01,1.705291432826330500e-01,3.628724549872769378e-01,1.708999316952944658e-01,1.328371842237050515e-01,3.605972107287457040e-02,4.168002473278803466e-02,4.075517550955003454e-01,2.226542031408546007e-02,1.434535824386949932e-01,9.603416114679982907e-02,2.263053624600043778e-01,2.698766405451903383e-01,9.305026502597116278e-02,9.704317137302855001e-02,5.756495528279045870e-02,3.366868833104614822e-01,2.023464552095579905e-01,8.210068617839448579e-02,1.401181011806699461e-01,3.776353183734570962e-02,5.804122028408204015e-02,5.673444259813609225e-02,1.990547316557720881e-01,1.721120244857861636e-01,2.406857565181574621e-01,6.904602231479817220e-02,7.229020825970655650e-03,1.315037545586322798e-02,4.683348386471083424e-01,4.389556762862703021e-01,7.802146617206073831e-03,6.228792537534361129e-03,1.489592897532008298e-01,8.925587915521407401e-02,1.035476550049348465e-01,2.682168555441248881e-01,4.418676200438058088e-01
1.110765614811600188e-01,2.934596806590829554e-01,1.689212765373069858e-01,4.035487255731880496e-01,3.024367887521997034e-01,2.420745735903999107e-01,2.594574527532876873e-01,2.837974833542275532e-02,4.482110176297237625e-01,5.299325217439916358e-01,3.417918030162045429e-01,3.425877482363771098e-01,3.812744252134550038e-01,6.222043409710395490e-02,2.347170620228528071e-01,6.739651432219107008e-02,0.000000000000000000e+00,6.987182239603086931e-01,2.753078558166690004e-01,1.697953441410559039e-01,9.904148111605182159e-02,1.977312486510136025e-01,2.455439290264489205e-01,1.532804539911293840e-01,3.912605627586655532e-01,1.696088819048227614e-01,1.250867365484405469e-01,4.994000919057406396e-02,4.272170225498433949e-01,8.805586470801932131e-02,4.594719766768035063e-02,3.967649620859198811e-01,2.711596090912851698e-02,2.664350314552393906e-01,2.513126851475692702e-01,4.562397874051317692e-01,2.711062348736107408e-01,5.140567340873757329e-01,1.709352336582538046e-01,3.361467561712123686e-01,1.852056675289910637e-01,3.037746372996695254e-01,2.884575683544189362e-01,3.323356254213302163e-01,3.938659298740365688e-01,4.390295555187773147e-04,2.028447610298118320e-01,1.232444689472262933e-01,4.071937981617299029e-02,3.121621125262333263e-01,4.054918268941309911e-02,2.771839181526611906e-01,5.186164542462451399e-02,2.730861771463479748e-01,4.174188556254330162e-01,3.316578587616859086e-01,3.136278323681535030e-02,4.661616050626711250e-01,1.748045662812487966e-01,2.404896100499286093e-01,4.407048695617089007e-01,4.851934844041678740e-01,4.901509396656286155e-01,9.674176095302997047e-02,1.628191374948533832e-01,1.804863034905551666e-02,1.552642541559940415e-01,2.453633351298808440e-01,2.581471045514743268e-01,1.184686885499011688e-01,9.011056241685799773e-03,2.338733016129301845e-03,1.926738681981610968e-01,3.621443313084267146e-01,1.776819513306172049e-01,4.518045892292701371e-01
1.458911955419152640e-01,4.723806433839708996e-01,2.682189862431613725e-02,2.601262427698195490e-01,2.198971572267129360e-01,2.481288757272068768e-01,3.915882302295958239e-01,1.021316215712929354e-01,1.925114570542156289e-01,3.790664198382431294e-01,1.470666861685493432e-01,2.638860804442850760e-01,3.530592837816073359e-01,7.239736649905599911e-03,1.560487724190089687e-01,3.266222780036516782e-01,6.987182239603086931e-01,0.000000000000000000e+00,8.294168876503102417e-02,3.228991412275870054e-01,9.782419101864223143e-02,3.127845411757974037e-01,1.038446529124656126e-01,8.509753291622695892e-02,6.163245884150307941e-01,2.683900133010327371e-01,1.019379955495392509e-01,1.191998945883298577e-01,5.953229103075152739e-01,3.697353157633879728e-01,1.477468310710003396e-01,6.801514643013295558e-02,1.854375184756896777e-01,1.796697919584327452e-01,2.960312528245769015e-02,3.827434863892605899e-01,1.623621591556545507e-01,4.224334367077554608e-01,3.749153897356442555e-01,1.507357769087432631e-01,3.210074339467647309e-02,2.168324494193528962e-01,2.931122716665898187e-01,2.866297571515991072e-01,3.018039372456254310e-01,1.617976065220113335e-01,1.081138110924180773e-01,6.449835544690360467e-02,6.375051721532906668e-02,1.191110837960064062e-01,9.185852120046272828e-02,2.342031635784189714e-01,9.607364385225775072e-02,1.117100433105434609e-01,2.885751096956679640e-01,8.777508738495796992e-02,2.765849291146435518e-02,3.090718719380100565e-01,4.963718436746940299e-02,1.117100930846483819e-01,5.111482180656904406e-01,3.244946403765053278e-01,5.513882621917943760e-01,4.747338727967012617e-02,1.421345638490318086e-01,4.469930995058740697e-02,2.411640806299866768e-01,1.851459860494274190e-02,1.204079427714601636e-01,3.249287320402667878e-01,1.507508695975627866e-01,2.002076437242511497e-02,3.431557460795099379e-01,3.207361786329209763e-01,1.612755188735316703e-01,2.441242043434063147e-01
1.870504674740018913e-01,3.318943422828098955e-01,8.788745055845984533e-01,4.957460896271883022e-01,5.461830819624179378e-01,1.681810392321080316e-01,2.970491342278946956e-03,4.162902978869959525e-01,6.840198784441756663e-01,2.660380178957180153e-01,9.340677307402975860e-01,5.168148310625229058e-01,1.439743752526719267e-01,3.044819589919742775e-01,6.863576865739854371e-01,1.943432803279775412e-01,2.753078558166690004e-01,8.294168876503102417e-02,0.000000000000000000e+00,4.582676256130234771e-01,2.971858744942877939e-01,5.792803594806327228e-01,7.792332813099134281e-01,2.894685732431385716e-01,4.091587088317565069e-02,4.844881478271524378e-01,4.217149925309899294e-01,2.140646369002052740e-01,1.914315621305173742e-02,3.464253347672736072e-01,1.370411822014053205e-01,1.968434821328457485e-01,3.043492906723991309e-01,2.029849091310658438e-01,3.391267648980204052e-01,4.168716350885098842e-01,4.147114822939852452e-01,1.351447322045508104e-01,1.813975304398880717e-01,4.141160592265901164e-01,4.983374339705861633e-01,2.207757669464858186e-01,8.248607094512427906e-02,3.712295973144229266e-02,2.451122012557682694e-01,1.448257929057167881e-01,3.610102122724055951e-01,7.650496775782424930e-01,2.559474173296524269e-01,4.998555864243423574e-01,5.580407411796742267e-02,3.248500611167237095e-01,4.794606269766101825e-01,5.861528345173572241e-01,4.247166229611023525e-01,9.369983166764553895e-01,4.694673062866999702e-01,3.573373005049441109e-01,1.832744404539773941e-02,6.679077659098514586e-01,4.426538508356999690e-01,4.151740388456451325e-01,3.317257894750731406e-01,7.922125391688310536e-01,5.923395580276817896e-01,1.585689328026015366e-01,7.207071714007944330e-01,7.424214363069155942e-01,4.468415133256752880e-01,2.895190462624641636e-01,4.950838421216801066e-01,3.993012125884633501e-01,2.930040934701471089e-01,2.864493057908259477e-01,4.082680866176326973e-01,2.976923417583575704e-01
3.089625303515994847e-01,5.086460100568617193e-01,3.998466327276058441e-01,3.648312974220411231e-01,3.522347037246316703e-01,1.342953734419430889e-01,2.232089507761053637e-02,1.883854143534847703e-01,6.029167531570966965e-01,1.386554439473988154e-01,4.700965870511533140e-01,4.069079467773381031e-01,1.781011286964642448e-01,1.356760927964950347e-01,7.377495483719299640e-01,2.349645697846588499e-01,1.697953441410559039e-01,3.228991412275870054e-01,4.582676256130234771e-01,0.000000000000000000e+00,5.611931231449779345e-01,9.774007451538569979e-01,4.759288656488832592e-01,2.780437962462946055e-01,3.350601908615513658e-01,5.282553312063575923e-01,6.144026531198792940e-01,2.000335585025880825e-03,4.784048218500402960e-02,4.171209220758038128e-01,2.766457820648813293e-01,2.776259942295314365e-01,2.081684974778962305e-01,8.810373008462599187e-02,2.120946480452950422e-01,4.481147405857174304e-01,2.704727797578436177e-01,1.090837143004227544e-01,3.450073242162552400e-01,1.963623579561257215e-01,3.167667155980308791e-01,3.689456221402573344e-02,8.247915160692319281e-02,7.579166611309673396e-02,2.036034151501892042e-01,1.681834411175289201e-01,5.812955513054283152e-01,5.162278964740314446e-01,3.275315374443971694e-01,2.933758978654413818e-01,9.963314873368656066e-02,2.751087117063167886e-01,3.226811378088776383e-01,6.425211948360424197e-01,2.135736815687947210e-01,5.132196377816719002e-01,5.206379979720456852e-01,2.172659637678611144e-01,5.261102458913820279e-02,7.313722405333406007e-01,6.046759299990946968e-01,2.373393915691744405e-01,3.797660653895715277e-01,5.204007224666151732e-01,9.975579528457928502e-01,3.134812321644990796e-01,1.000000000000000000e+00,4.369523567259257502e-01,2.424934625744506189e-01,4.496021097069324290e-01,5.108965374917014968e-01,7.386564808271356419e-01,5.061680728299140508e-01,4.287382129811610487e-01,2.705170849579426884e-01,3.157048305552553891e-02
6.148274915203484348e-01,4.650712673609730952e-01,2.514932815956381629e-01,4.734815581179213084e-01,6.665967325480265382e-02,9.498321015267902068e-02,1.747934307394393427e-01,2.233042220677948775e-01,1.441501564005455427e-01,3.219508364841475179e-01,2.260694098159478360e-01,2.815901498062591823e-01,2.631369048174364567e-01,3.944575752388224110e-01,7.575383853337589457e-01,5.569337653813993816e-02,9.904148111605182159e-02,9.782419101864223143e-02,2.971858744942877939e-01,5.611931231449779345e-01,0.000000000000000000e+00,6.539460021223946207e-01,3.943722998436375859e-01,4.327462977363025765e-01,3.911651200834115327e-01,6.970796819678800604e-01,4.261085129728929832e-01,6.172569901212787702e-02,2.344762046984789072e-01,2.664333477812768081e-01,3.821307828753395253e-03,7.868968453201875823e-04,1.871338514611082526e-01,1.282978007953554100e-01,2.572535875547984907e-01,3.944586033305846895e-01,2.154708076357635949e-01,6.055959975031530163e-02,2.397048259349079669e-01,1.229213830847199762e-01,2.915470614690679474e-01,1.806096673101178357e-02,7.215666698634556897e-02,1.124085939846082016e-01,1.648957952203381483e-01,3.250834768270141617e-01,4.033971296794295336e-01,2.331587730852697493e-01,4.875963256315358207e-01,7.424573584155826078e-02,5.716671006637946695e-03,7.700702760913055722e-02,3.300091886792548279e-01,1.119398314807373562e-01,2.979151668652933460e-01,2.449248024404346857e-01,3.264556600837647538e-01,3.137873200613822133e-02,1.928704356356701899e-01,7.747100025799837919e-01,4.651801617445013859e-01,3.126798778440138538e-01,2.658130662992541082e-01,1.725000165545661768e-01,6.734871795690173801e-01,6.700787228673281692e-01,7.363255433001211214e-01,3.960374522623436033e-01,4.946430331573075101e-01,5.258380331896372883e-01,5.343013785569940000e-01,4.297876288408383205e-01,2.374817874245193083e-01,5.099025281797683329e-01,3.773390379563330010e-01,2.463026260799219269e-01
