0.000000000000000000e+00,3.678743870476357536e-01,4.169251306862534201e-02,1.416755290484889018e-01,2.089369513123454092e-01,1.747514760778942633e-01,2.301170396397350659e-02,2.954046499360555300e-01,9.050298060696984614e-02,2.713709283903184000e-01,7.531372122961116355e-02,9.601447885209977995e-02,1.323511899418816085e-01,1.682644021457965766e-01,1.512606180021308644e-01,3.743255118978111584e-01,1.661132176256560899e-01,2.128547221896781028e-01,9.650694661330302959e-02,8.160632870510398096e-02,7.260105009586631519e-02,4.666352943527437569e-01,2.600356141102103114e-01,3.029953131476871842e-01,4.802444127184220535e-01,3.525150641869909673e-01,1.920209447346470921e-01,3.764947705564683500e-02,1.241473707881183830e-01,4.083018593499926352e-02,7.991866139782055622e-02,3.279560666252566703e-01,4.078725284428532660e-01,1.094658756315718406e-01,5.467167644456900899e-02,4.165880364887155629e-01,9.340077517599515433e-02,2.724825635546673785e-02,3.652653415984186136e-01,4.304710317698365873e-01,2.511155599477409850e-01,6.711787742664088174e-02,1.268502847208924367e-02,2.580830808863946932e-02,2.198954150718574752e-01,7.056975025411637015e-01,3.551493724336539648e-01,1.870080058630328723e-01,4.360295397975925968e-02,3.548102482354045795e-02,9.248734662968742526e-02,1.458259682424756232e-01,2.465522938752420234e-01,1.664759423123302051e-03,1.037956961940625922e-01,8.627066913218843502e-02,1.985657398435655696e-01,6.286631733240288789e-02,1.817568147148226343e-01,8.731534283814901265e-02,2.140127638147372724e-01,2.208439905145059556e-01,2.338147421269217707e-01,1.459600209202223386e-01,4.745281246620754456e-01,1.389664168318626714e-01,4.323470427420041950e-01,1.399420648154477698e-01,1.975165724105908405e-01,1.119306082487915854e-01,2.560422975347773078e-01,3.821026264947288698e-02,2.388071401800382354e-01,6.228623436526217194e-01,4.706320886723543984e-01,5.060235337060945415e-01
3.678743870476357536e-01,0.000000000000000000e+00,2.809854215831226187e-01,2.832836285039765367e-01,3.762462041145582525e-02,5.696625263036571019e-01,3.223939714735338802e-01,1.488984647372106340e-01,8.652234742705522397e-02,2.327410882121089264e-01,8.606860280706261912e-02,2.003845218741516221e-01,4.811179143800616287e-01,3.285399920626740355e-01,2.819191729212545128e-01,6.243267236694753919e-01,3.519311331196967041e-01,6.414357509323961315e-01,3.308516238134913134e-01,2.367479109088541089e-01,3.050984885203253949e-01,2.433755068782738062e-01,3.606017192499877400e-02,3.152542373644072193e-01,9.387813056142771950e-01,8.278252676231213636e-01,2.906320413318697060e-01,1.854049176872171467e-01,6.561752107086926689e-03,4.884407889415238735e-01,2.597640160467344361e-01,3.270768047301332304e-01,4.826340860640002672e-01,8.963394651255729428e-04,6.466914925052726082e-03,3.646326670619540744e-01,1.507730390415477906e-01,1.067013286779825154e-01,2.739496944422864511e-01,3.397350842068070365e-01,7.820242517834011253e-02,2.521153793681292776e-01,3.358963405784905210e-02,1.374019786997125181e-01,3.609297233054917786e-01,7.249249425474157960e-02,3.972280006615065417e-01,2.080857930492095165e-01,3.099917077379427122e-01,2.573618379444970738e-01,6.610316532543940582e-01,2.011854325117504727e-01,1.404592539729077050e-03,1.674833166657561101e-01,6.105145068904371808e-02,3.014595241961144645e-02,2.159595270315695648e-01,4.020467108531994294e-01,1.260718594460205275e-02,2.788617330704123431e-01,2.825473650658433256e-02,3.503459820777354849e-01,1.497440261953203455e-02,4.164542431005483492e-01,2.008181702263706903e-01,5.876233225171677566e-01,7.398748063773885608e-02,1.712298558846794272e-01,1.525157101482634281e-01,1.370964294271769246e-01,3.222987533673348781e-01,2.721402303819470125e-01,2.421953136427497377e-01,1.760302805422493122e-01,3.723078994885690718e-01,1.121939850176303932e-02
4.169251306862534201e-02,2.809854215831226187e-01,0.000000000000000000e+00,2.282291235542176777e-01,5.490081057575344481e-01,4.435260099810609535e-01,4.204110964940025452e-01,4.597254315878304132e-01,7.348943396208683643e-01,3.374330973062686923e-01,8.306840141373365016e-01,4.872704689312528092e-01,3.864283241386589074e-01,3.605391683174558604e-01,4.013741335158400592e-01,2.861641740835087211e-02,2.749963553880382938e-01,2.668100522438517919e-01,7.609098366840948424e-01,3.108502403170055328e-01,1.017668433418859320e-01,3.715890644044698710e-01,5.478223991857553710e-01,1.891953342627342993e-01,3.643854077991429685e-01,4.782349380564943631e-01,3.507651472015093641e-01,2.244950003425580376e-01,1.835228403327179847e-01,1.988448185867228157e-02,2.154529007964089971e-02,7.904560203828100984e-02,2.525995936990344526e-01,1.084111873572372875e-01,2.576878937953789861e-01,7.740021793612432421e-02,7.035805640798839522e-02,2.341381370777342041e-01,2.415094944683399136e-01,2.679550819557856567e-01,4.106449855255421555e-02,2.186530913794257347e-01,4.183535694307738417e-02,9.332372735843359746e-02,1.069848900367071365e-01,8.542372163836048360e-03,3.898026570843240446e-01,9.422123370193747904e-01,2.396108112364769283e-01,3.949707499769071206e-01,2.971333264611630831e-01,1.618097480935477839e-01,3.533613069352341540e-01,6.732296881713473180e-01,4.255026425260828304e-01,9.147381770677798229e-01,3.635383610561329082e-01,3.055898036067949408e-01,1.082608697642663542e-01,3.464008341514176470e-01,1.271502338531723120e-01,3.180552993345568957e-01,1.641030300092769512e-01,7.732193084621269419e-01,3.184134886461399971e-01,8.000181729765848404e-02,4.436566640376167214e-01,5.777253726725568583e-01,1.101440580107805739e-01,4.340043987257007352e-01,4.690038790148701175e-01,4.513036400038739071e-01,2.185911450666612466e-01,3.807231232981266034e-02,6.426916196773677092e-02,5.833502380646343743e-02
1.416755290484889018e-01,2.832836285039765367e-01,2.282291235542176777e-01,0.000000000000000000e+00,2.767038024117285389e-01,2.756655639476005559e-01,3.563703115371225083e-02,2.565213210317082715e-02,2.756698232064243581e-01,3.066724307760149149e-01,1.800984225263370930e-01,2.021719628528845236e-03,1.163248821032452918e-01,6.666725559751998653e-02,1.264202951577668710e-01,9.012425055830028398e-02,1.705576838981460730e-01,1.098004125508209722e-01,7.314039070433728251e-02,3.270040614079715996e-03,4.370398025503719613e-02,4.284675743656962688e-02,1.373519335892824100e-02,5.115701637507278354e-01,2.815366786763234264e-01,3.565169810017149166e-01,1.858429452969352080e-01,4.078856891971699983e-01,7.156127442525901661e-02,3.695486648179026057e-01,3.730440778363603438e-01,1.466588207708172387e-01,4.700939983310976622e-01,4.338446488244624422e-01,6.091920722378009190e-01,5.750997334248790782e-01,5.088656269781176578e-01,2.741370453450701905e-02,3.989466598141906961e-01,4.090382072115237300e-01,2.026151285082518072e-01,4.979612189224776886e-01,2.702445955119447962e-01,2.295534286555050985e-01,3.812579342770655577e-01,1.451214672516773496e-02,3.522399533312515346e-02,3.442134606395673702e-01,6.562293351524735030e-01,3.487391599231569050e-01,3.456927663357237668e-01,4.164187942927480846e-01,1.027689617100121661e-01,1.896884784216688602e-01,1.967176041386387575e-01,2.099811897890149492e-01,1.738459433602081994e-01,2.373104627341363071e-01,3.459909694558581661e-01,2.274370473132842352e-01,1.141444637700274045e-01,2.708950756710185592e-01,1.639956855567635263e-01,3.340674691622269599e-02,3.410290970654789033e-01,7.170529320113812333e-02,1.380288923037853999e-01,1.067368711447308494e-01,4.519428084722811878e-01,1.796052466553008375e-01,3.646763015717036094e-01,2.424497790493714833e-01,5.187822831098597848e-02,3.173816113953262796e-01,4.638855749251013516e-01,5.450437126886870098e-01
2.089369513123454092e-01,3.762462041145582525e-02,5.490081057575344481e-01,2.767038024117285389e-01,0.000000000000000000e+00,1.573559032948294856e-01,5.398128503028282177e-01,8.370916697736185963e-02,7.109981112926646585e-01,1.842801901176167045e-01,6.777701229797182814e-01,3.854379328252772741e-01,2.574623130268419158e-01,2.211722623585854475e-01,1.606739946735595004e-01,1.749662373868032805e-03,7.817103687312543236e-02,2.961267225611895482e-01,3.779867327410245115e-01,2.062201161238401692e-01,7.098337605807131245e-02,2.542324873706230948e-01,7.400891275512522238e-03,3.197844406847569904e-02,2.849812453293329439e-01,2.880186647886857632e-01,2.029305320907293098e-01,2.109429132569341225e-01,2.177577838150807077e-01,1.698308280223505828e-01,8.283060673773190441e-02,5.903431892190930119e-02,1.025550132460283231e-01,8.100550818543268694e-02,2.597212344248411853e-01,1.885388698093713455e-01,1.452666692477526111e-01,2.019583057976765406e-01,2.112541614064168960e-01,8.113211791382304860e-02,2.054063624604926530e-01,2.636735733553666194e-02,1.260289998239010612e-01,6.797682898106396920e-02,8.098444063242725421e-02,1.845753169742433142e-01,6.437795620309874622e-02,4.990117518045205092e-01,4.627982190610668844e-02,4.668118800865783125e-01,8.628065736183750112e-03,4.085074950267253424e-02,1.968051134048372508e-01,5.307193386054541717e-01,3.510836343738192866e-01,5.985978663683335643e-01,2.543123141068922011e-01,6.426688829650437085e-02,2.906766209565750936e-01,1.954579482875587748e-01,2.064117241099407141e-01,1.614654815454742987e-01,3.414421543176067719e-01,2.922241500612378085e-01,3.163947931829538263e-01,1.377057384200407186e-01,3.705851270218046833e-01,8.716563270273181008e-02,1.657347608978368136e-01,2.007395737139374692e-01,2.080675252481218318e-01,2.664906351416225228e-01,4.215673551454987567e-01,2.800759414698753558e-01,2.927328246518927646e-01,2.784600637718525062e-01
1.747514760778942633e-01,5.696625263036571019e-01,4.435260099810609535e-01,2.756655639476005559e-01,1.573559032948294856e-01,0.000000000000000000e+00,2.678055908349576963e-01,7.156878732898394047e-01,2.950938951875236027e-01,3.587875974800082135e-01,2.788646807361062629e-01,7.440546368731917326e-01,6.265061527486919246e-01,3.750223387498572425e-01,3.101193100411197556e-01,3.207269714900495838e-02,3.338959808272743968e-01,2.420312088150074481e-01,2.477553355167479432e-01,9.478626557230951377e-02,1.597415472498195377e-01,8.619942521290502313e-03,5.721341134826868347e-01,3.313177964078322657e-01,3.744930587366497865e-01,7.068174948512944145e-01,4.562317088738629955e-01,1.558436210516294107e-01,2.231499340398767073e-01,8.064199128652292659e-02,5.025761476555166973e-02,7.782177949758425917e-02,2.511030293326053098e-01,2.517243641356344264e-01,2.125953908500689826e-02,1.199739111517517387e-01,6.486792092117160680e-02,1.809236987900382232e-01,1.780346885828801851e-01,1.567676973220832881e-01,4.420162590454584234e-02,3.927353761388077125e-01,9.005621840485665552e-02,4.823030502018895577e-02,1.017836809495955286e-01,3.985786815905859592e-01,5.590542289219535554e-01,2.890444058257645721e-01,3.033516641880363296e-01,4.390590575802506140e-03,5.460825446950984263e-01,9.008320427637092620e-02,5.225194613633961094e-01,2.172786911192641224e-01,2.176972122532165876e-01,3.937746911529891314e-01,5.875275906015910987e-01,4.900271353596943880e-01,8.269623437982215330e-02,2.422652304650615429e-01,2.175219944153133356e-01,2.197208182621682437e-01,1.119713693686023581e-01,3.204415759735979585e-01,1.720198595634384042e-01,1.803509457376629155e-01,9.438941078112722538e-02,3.396084287432410420e-01,2.163031959286434713e-01,2.901359743477371911e-01,4.178932249807252308e-01,3.683795880735517003e-01,1.245869124215855106e-02,2.255199611567191287e-01,2.516198677760001640e-03,1.034894193531829404e-01
2.301170396397350659e-02,3.223939714735338802e-01,4.204110964940025452e-01,3.563703115371225083e-02,5.398128503028282177e-01,2.678055908349576963e-01,0.000000000000000000e+00,3.378692181172837650e-02,2.290087626148982203e-01,3.064452970483268479e-01,2.641085524098407689e-01,2.967417158386149167e-01,5.553221613592194128e-01,1.936375190603682739e-01,3.438034649076626009e-02,5.002826640853383910e-01,3.327464517377525799e-01,7.462566063544562311e-01,4.458269164791286432e-01,1.020673051548000865e-01,5.616958021340642815e-02,1.254505686788693342e-01,4.245949927266767787e-02,1.436251081083257386e-01,6.178909439710494889e-01,3.475294963963972972e-01,2.991681324619149263e-01,1.678022896769880146e-01,4.079811572538913911e-01,1.587185169963733489e-01,1.048376974569027453e-01,1.531006067394923564e-01,2.187775600096956291e-02,2.947321411566186100e-01,8.907927496085837893e-02,5.657972545256609309e-02,1.974734891365021450e-01,2.646063966749068186e-01,5.935833177835409674e-02,3.329713919442391090e-02,1.987431083507346929e-01,2.295178764000356808e-01,4.022760306345241066e-03,1.081259203629062193e-01,3.912199525111181853e-03,2.144173454316938843e-02,3.183485977594818772e-01,2.758783369003502406e-01,8.370690241296413481e-02,3.617969955622740708e-01,1.249992059902223229e-02,4.195808569742855432e-01,1.301504062221769398e-01,8.966008923586676893e-02,3.048457019187389427e-01,2.932178897811691387e-01,1.584057339412903997e-01,1.565431740627628021e-01,1.801384943424411689e-01,2.733352723067011131e-02,3.309141749329749249e-01,2.090848656047440413e-01,3.036981571627139775e-01,3.938251303177732199e-01,1.457215543296404847e-01,2.303327518421386111e-01,2.904365086869610535e-02,1.492506431305343217e-02,2.798870684163838884e-01,3.628439741660258178e-01,2.710378015149680908e-02,2.038728987403016224e-01,1.443736956574374897e-02,4.422708730456191561e-02,1.707576767462976597e-01,3.622542829370954676e-02
2.954046499360555300e-01,1.488984647372106340e-01,4.597254315878304132e-01,2.565213210317082715e-02,8.370916697736185963e-02,7.156878732898394047e-01,3.378692181172837650e-02,0.000000000000000000e+00,1.308933521473787942e-01,2.232569631427046286e-01,2.689232589122596551e-01,7.841456927640787500e-01,3.950880258665271927e-01,4.069309306327911768e-01,2.600833621008081797e-01,2.958399520399564442e-01,1.899546993417477736e-01,5.884999147544328624e-02,3.432560017663106589e-01,1.331046226154991574e-02,1.284552368741896100e-01,2.542439478890233806e-01,7.726803943373132810e-01,3.953613904960108227e-01,2.630414518013274305e-02,4.707615650206272151e-01,2.668164671817224165e-01,2.650350397488400178e-01,1.967064167275734202e-02,5.148326248779047654e-02,3.666843421796073949e-02,5.619960111643814565e-02,4.127280302414093605e-02,2.862317760749455431e-01,1.482416072444180388e-01,2.506533356048730177e-01,3.126284907922392831e-02,1.566908586082439991e-01,2.103686006449373425e-01,7.596957250872886369e-02,2.000743265845280477e-02,2.045996434862573654e-01,1.462262185160758121e-01,5.239627124145358750e-02,4.612204953131975038e-02,3.186152143544783155e-01,4.627246010286124589e-01,2.232861832441076222e-01,6.534116661481617627e-02,8.627003398502354481e-02,3.743898697763841654e-01,8.369978796774239782e-02,8.060893342187115396e-01,1.810880335770803096e-01,1.107272293416957792e-01,2.977312148715439699e-01,5.974574471779021678e-01,3.413810522382315082e-01,1.431358615857370453e-01,8.682878076914102294e-02,4.037432346182031617e-01,1.103869061718240896e-01,3.673367510805725100e-01,3.484624425967171035e-01,1.111275479580260961e-01,1.132464004650980682e-01,1.145101908735369350e-01,5.028085626628071569e-01,3.007411229039239631e-01,7.983779031028205575e-02,3.068127452319026061e-01,1.275713597401847976e-01,5.005143033560084664e-02,5.745166990242158711e-01,1.131331100681705337e-01,2.582887987646112493e-01
9.050298060696984614e-02,8.652234742705522397e-02,7.348943396208683643e-01,2.756698232064243581e-01,7.109981112926646585e-01,2.950938951875236027e-01,2.290087626148982203e-01,1.308933521473787942e-01,0.000000000000000000e+00,3.303977012315347239e-01,7.670380837178608635e-01,4.621508767415450358e-01,2.963126957790861993e-01,1.496985833939443455e-01,5.292317360169895846e-01,2.613019564533886063e-01,2.759328003556670295e-01,8.057525182636751659e-02,4.005913641546758885e-01,5.428628844259548725e-01,1.906212115336577695e-01,2.847842460595534919e-01,2.429906569618147105e-01,5.921209037473385006e-02,6.821394058039326191e-02,3.022388259623860485e-01,2.977245749619025217e-01,4.268333103320584576e-01,3.145686591252929154e-01,1.870235209925196762e-01,1.591836603116460191e-01,4.217049303094143609e-01,9.472090452713939623e-02,2.698813088490313317e-01,2.359043518231997705e-01,1.165632240299613598e-01,1.536210668558698478e-01,3.202347042761961582e-01,4.906116743481920839e-01,9.401246293964976575e-02,4.603331817688631478e-02,1.745044910427775431e-01,1.157175327783694918e-01,1.236670437369565001e-01,5.633496275258162433e-02,7.888525078272468072e-02,4.437773137277134516e-02,6.358758659119827517e-01,3.561837091126555249e-02,5.316012954844772098e-01,6.284502993406410054e-02,2.080730760427657033e-02,2.701320788829841835e-03,8.052239651419390576e-01,4.350488858328372954e-01,7.277072868141051254e-01,2.968276499440331007e-01,2.078269655785979220e-01,1.071805299272226564e-01,5.426260683893346926e-01,1.548183396388408961e-01,2.022720507537989210e-01,2.162832118068341858e-01,3.639069039540676620e-01,5.324767681731116253e-01,8.235392962895968227e-02,6.163615759483613843e-01,3.137851791131464063e-01,8.259428823308373468e-02,2.672260356845172491e-01,3.352539025232115222e-01,3.423932466010492504e-01,5.227591461553500185e-01,1.554457939049253834e-01,4.811285581253062216e-02,3.126839035516010279e-01
2.713709283903184000e-01,2.327410882121089264e-01,3.374330973062686923e-01,3.066724307760149149e-01,1.842801901176167045e-01,3.587875974800082135e-01,3.064452970483268479e-01,2.232569631427046286e-01,3.303977012315347239e-01,0.000000000000000000e+00,1.646604950510278109e-01,2.055486238400201504e-01,3.634243100001882110e-01,3.015134560622030890e-01,2.301670549975491087e-01,2.104479945554477149e-01,5.291214464853556398e-01,3.125509570418961158e-01,2.350779361787511679e-01,9.782062892550735800e-03,2.805149523017612667e-01,1.979929167958721647e-02,2.013928097939457484e-01,3.277630245864587843e-01,3.963798638357978188e-01,5.088509954115387757e-01,1.570108719272097220e-01,6.902254726100626181e-02,3.105741771896313730e-01,4.093484873403786806e-02,3.810314607524253883e-01,6.278354177971079420e-02,4.551161238052913172e-01,9.903260145726816566e-02,2.005746179438925858e-01,1.857382407033877358e-01,1.534313517074451516e-01,2.379436548628789949e-01,1.095404678581964053e-01,4.720925570779976876e-01,4.992040553032783823e-02,3.466818126871689110e-01,1.357762308509931348e-01,4.360113929194761595e-02,4.385410219615387684e-01,1.257693835217703060e-01,1.173433978398418509e-01,3.312163620360901728e-01,2.188393007634132359e-01,1.417981689263854428e-01,2.771609431547340519e-01,6.710725898193825589e-03,1.168845400740117224e-01,2.631214320647155547e-01,6.616666928103822620e-01,3.474203308475302121e-01,2.866134749575795504e-01,4.009156019195950771e-01,6.703142056436964258e-02,3.012444075770307483e-01,3.221133229937168663e-01,5.044201883775529804e-01,2.413932523055192514e-01,2.508875570232770302e-01,1.425074417956346540e-01,1.454909011237160155e-01,1.588777281844895306e-01,2.871933522457005838e-01,2.642226310287487667e-01,3.936932176041991749e-01,4.776352703168278979e-01,2.697808768795740275e-01,7.505807159282693042e-02,2.724972508679648353e-01,1.950724068966856739e-01,4.012283899695407441e-01
7.531372122961116355e-02,8.606860280706261912e-02,8.306840141373365016e-01,1.800984225263370930e-01,6.777701229797182814e-01,2.788646807361062629e-01,2.641085524098407689e-01,2.689232589122596551e-01,7.670380837178608635e-01,1.646604950510278109e-01,0.000000000000000000e+00,5.169526038139150570e-01,2.120071125197744988e-01,3.659476033192855526e-01,3.988790532398738820e-01,3.162846475199242446e-01,1.197106026160304620e-01,8.112290900942764615e-02,7.020015272970087095e-01,3.704225775998235548e-01,1.266882221020493027e-01,2.748667203434398409e-01,3.985943788793236409e-01,2.911165447666370226e-02,1.225706188649984402e-01,2.642461042607113786e-01,2.591986662209874726e-01,3.847061198830078466e-01,1.686273815466875214e-01,2.047235006366249221e-01,8.474624001066208279e-02,2.940646501304019500e-01,2.241459907532782070e-02,7.625693301745144204e-02,3.242008820727413365e-01,9.200913281902280139e-02,1.041705922591548150e-01,8.048047464762814185e-02,4.433023459106614217e-01,1.058568887934112912e-01,8.620443827133311698e-02,7.864702599035339192e-02,2.771182882101119738e-02,1.222598186245450226e-02,2.158628979386205127e-01,1.045292063657427967e-01,1.125177128164852047e-01,7.614728170674410768e-01,4.813038147859359517e-02,4.197443006673854948e-01,4.158297684105516367e-02,9.971449010934996249e-03,1.559386497415608530e-01,5.915500671697081492e-01,3.279204155639735552e-01,8.069949810216118236e-01,2.454820354997947207e-01,8.196426069607717912e-02,2.341479049220075437e-01,3.680294959363736851e-01,9.703964926961106130e-02,1.645380915712713610e-01,2.040108617049771200e-01,6.230898714662700399e-01,2.999837743407673951e-01,1.672080685762428187e-02,4.153456316428105199e-01,4.524373357167328913e-01,1.630634598798110235e-01,2.356376077963641957e-01,3.433312221954822885e-01,3.424210678058003388e-01,4.692638089046690109e-01,5.071942158338640927e-02,8.544291765587497256e-02,1.524347202570554283e-01
9.601447885209977995e-02,2.003845218741516221e-01,4.872704689312528092e-01,2.021719628528845236e-03,3.854379328252772741e-01,7.440546368731917326e-01,2.967417158386149167e-01,7.841456927640787500e-01,4.621508767415450358e-01,2.055486238400201504e-01,5.169526038139150570e-01,0.000000000000000000e+00,7.155710087024722554e-01,5.187511479310088491e-01,1.999980762301352688e-01,2.613665083874934791e-01,2.835275750212047918e-01,1.697598606447106584e-02,3.463966268750993116e-01,1.740630410636173353e-01,3.217632183934712731e-02,1.349002722567241297e-02,4.912312488314944936e-01,3.762986100989442195e-01,7.986354085502975209e-02,5.867664199412442327e-01,1.530460706497804024e-01,3.924829050687582699e-01,3.782548610744299045e-02,2.204844758065113430e-01,1.533774210499001533e-01,3.767270604320704236e-02,1.982302176498927371e-01,3.766562587012217689e-01,3.675275732277254181e-02,2.654899997917612442e-01,8.618732914364370112e-02,2.104260661696628898e-01,2.191573230271498529e-01,1.219098786023915110e-01,6.216584752129974967e-02,1.304407570953320661e-01,1.754994522958307213e-01,4.533227231649006317e-02,1.568361206795296225e-02,3.169403262719671655e-01,1.654162335105442416e-01,3.798005091612718931e-01,2.151461659609409799e-02,1.591621109852626170e-01,3.819293501413544289e-01,8.694251298272684392e-02,5.562007069379784063e-01,3.879356002986760754e-01,2.669377588410907776e-01,5.268203768559654998e-01,7.396138860485704791e-01,4.747065812599740031e-01,2.214067691913021441e-01,5.570329181514774991e-02,4.619977323156544413e-01,1.433530416563687793e-01,2.689388031167768700e-01,3.139417133612618094e-01,1.006627892346347447e-01,2.570449360013696838e-01,2.374377035920735568e-03,2.361610806548205543e-01,2.195445897789801704e-01,1.271732089633021978e-01,3.096826609395641472e-01,9.665429792070574788e-02,1.581291094430280764e-01,2.959404569157599862e-01,8.687662689191769094e-02,1.815246279212960057e-01
1.323511899418816085e-01,4.811179143800616287e-01,3.864283241386589074e-01,1.163248821032452918e-01,2.574623130268419158e-01,6.265061527486919246e-01,5.553221613592194128e-01,3.950880258665271927e-01,2.963126957790861993e-01,3.634243100001882110e-01,2.120071125197744988e-01,7.155710087024722554e-01,0.000000000000000000e+00,3.836082442218876620e-01,1.411713284872746776e-01,2.624567903926906531e-01,6.086151964507147127e-01,4.875094900111104912e-01,3.274307231491401793e-01,2.636229353999302027e-01,3.266762542600971653e-01,1.149632219124276378e-01,1.212964481735428479e-01,3.474265752294793397e-01,4.426656348486291415e-01,6.826166000810989232e-01,4.471762855294550421e-02,2.997416487748442715e-01,1.355977352135989689e-02,8.922490385412865099e-02,9.909057851486824386e-02,2.186472916687155765e-02,1.695155803424181484e-01,1.630886640358717166e-01,4.199105173498070276e-02,3.764057192415731778e-02,3.165128888471860358e-02,2.614943837915122971e-01,5.900525226956097880e-02,5.684537844022951453e-02,5.768867116174898613e-02,2.009004521102228935e-01,5.727977062856812185e-02,1.670499655272615624e-02,1.807962069944730743e-01,4.325991779747875854e-01,2.344310621249638682e-01,3.262139568030377745e-01,1.506816591762798196e-01,1.456682956209524593e-01,3.780041364064372633e-01,2.067737741437682963e-01,1.264799282991918572e-01,1.825143296599041065e-01,3.277986970519529142e-01,3.682429666667088042e-01,6.416621661746646499e-01,6.625029468362981788e-01,4.195343165721455991e-02,1.770247550806293146e-01,2.291836960858178451e-01,4.854997037727208364e-01,5.571051854456557373e-02,2.988643730190733705e-01,4.549781896002128012e-02,5.804261539258182001e-01,1.116312430822574697e-01,9.716319489743349691e-02,1.025430993720333195e-01,7.069146444193002976e-02,2.637369580257993840e-01,3.233389328197776302e-02,8.756757519579816407e-02,1.804862455967297108e-01,2.196453430014169150e-01,1.690902763953574389e-02
1.682644021457965766e-01,3.285399920626740355e-01,3.605391683174558604e-01,6.666725559751998653e-02,2.211722623585854475e-01,3.750223387498572425e-01,1.936375190603682739e-01,4.069309306327911768e-01,1.496985833939443455e-01,3.015134560622030890e-01,3.659476033192855526e-01,5.187511479310088491e-01,3.836082442218876620e-01,0.000000000000000000e+00,7.177542419000751406e-02,9.494688580512092302e-02,3.091455335300399287e-01,3.024602298759001551e-01,3.875215940426628425e-01,2.104290885350018903e-01,6.768176274384259117e-02,5.423374519103459079e-02,3.405492227377087122e-01,3.713743488742693444e-01,3.366344219269170601e-01,4.838991499795779472e-01,1.042935852656645679e-02,2.887184692620383686e-01,1.401178666617690360e-01,1.837227141353969251e-01,1.642986849924221726e-02,3.432755597264554037e-01,1.106824476816134217e-01,1.085022200216510802e-02,1.120471762066798660e-01,1.613563881807149880e-01,1.748121721550520702e-01,1.806116485153012596e-01,1.782996545883946404e-01,1.194795001639416404e-01,4.237124997823026040e-02,4.721687393424953139e-02,1.916000938464744174e-01,2.781250404223915840e-02,4.976641516999559534e-02,6.259931144337524400e-02,2.013240369168541877e-01,3.116820231086014359e-01,7.451888578732718260e-03,8.415697076801945120e-02,4.225271833350948136e-01,8.173999141323604056e-02,2.879791712242932844e-01,4.736302180925157368e-02,2.514214861636332454e-01,3.958087054568685814e-01,4.825775033125694335e-01,3.222224827677946934e-01,2.210818896093213193e-01,2.101441635314659287e-02,5.600554831698368458e-02,4.154521206939687517e-01,9.950183939994690363e-02,3.539214264899055995e-01,5.031323534697501598e-02,1.082444372886429002e-01,2.998766176765818581e-02,2.712127259602543639e-01,2.447743547398983921e-01,1.232567564877583566e-01,4.537837929915999324e-01,2.487370750602502061e-03,1.041493956189627340e-01,1.814582079037837387e-02,2.976917761170155274e-01,1.557974536155423140e-01
1.512606180021308644e-01,2.819191729212545128e-01,4.013741335158400592e-01,1.264202951577668710e-01,1.606739946735595004e-01,3.101193100411197556e-01,3.438034649076626009e-02,2.600833621008081797e-01,5.292317360169895846e-01,2.301670549975491087e-01,3.988790532398738820e-01,1.999980762301352688e-01,1.411713284872746776e-01,7.177542419000751406e-02,0.000000000000000000e+00,5.228091367428637781e-01,5.531180918435962823e-03,2.610796998350955467e-01,7.161677798401963613e-02,6.425594922521832286e-01,6.293718453664820522e-01,2.758149426683885741e-01,5.198139009928002263e-01,3.278280002451472441e-02,1.411952156895295296e-01,2.800678028953135223e-02,5.369518341457751864e-01,2.065879202204799758e-01,4.411251571222216117e-01,1.411187981307815420e-01,2.542173663895652136e-01,3.428494466772614713e-01,2.178977731458782430e-02,2.710995558007230910e-01,1.199815469778422045e-01,4.495898982756475759e-02,6.557082312621732856e-02,7.393214596149902396e-02,3.666489316459782266e-01,2.486585688418549156e-01,2.301111090535924997e-01,1.197554368366489513e-01,9.681124168689356213e-02,2.695216183082084840e-02,4.659122922793668131e-02,2.824232127588499619e-02,3.656146474789875866e-01,3.254571213977287547e-01,2.051757544118598675e-01,3.143039050226001940e-01,1.027738468157781415e-01,9.503322169451206003e-02,3.679833935658616273e-01,6.093501009980945016e-01,2.351862000000038699e-01,3.922537045617772722e-01,6.704339430600604610e-02,3.933494297936518391e-03,6.183349075555239632e-02,8.789820715580001220e-01,2.241080783101639939e-01,1.554410827079455437e-02,6.744803270856125632e-02,1.357939239622900363e-01,3.207072009856895001e-01,5.485766139577761269e-01,4.992416030980132979e-01,6.933257836713324629e-01,3.968021847211433695e-02,5.104011105167283180e-01,2.472666682116395898e-01,6.720301931990803057e-01,1.960935575815017651e-01,6.237691601895017923e-02,2.462876045167410044e-01,4.037779314860345803e-02
3.743255118978111584e-01,6.243267236694753919e-01,2.861641740835087211e-02,9.012425055830028398e-02,1.749662373868032805e-03,3.207269714900495838e-02,5.002826640853383910e-01,2.958399520399564442e-01,2.613019564533886063e-01,2.104479945554477149e-01,3.162846475199242446e-01,2.613665083874934791e-01,2.624567903926906531e-01,9.494688580512092302e-02,5.228091367428637781e-01,0.000000000000000000e+00,3.621132998326621055e-01,7.278176234249642551e-01,1.730468336410823094e-01,3.860709195106230007e-01,3.043748943752832004e-01,2.248382855418294413e-01,3.510174624040865998e-01,5.036287052903544448e-02,7.073478870949582165e-01,2.473990248522945357e-01,2.109278159446725809e-04,2.559121416088978584e-01,7.817214191874438667e-02,2.485135998912167410e-01,1.200927082837824900e-01,3.202874967575470855e-01,3.339061959764891840e-01,1.069641471909615893e-02,8.085866191535182046e-02,5.322755154297897917e-01,1.751984162813381429e-01,1.560560873410122840e-01,3.652729501171770310e-01,2.585092250616025655e-01,1.311093583324967893e-01,1.188698802278709554e-01,2.647380944535536740e-01,1.079011721639451388e-01,3.481468887369917331e-01,9.147384168392974635e-02,6.055820939036143935e-02,9.646923920238012484e-03,2.650357165694791073e-01,1.722980030625722303e-01,1.686813625036086839e-01,1.452752149477461729e-01,4.127242272104499898e-01,3.745066942250087072e-01,1.162394341809473985e-01,1.729629093669203532e-01,1.651301305412111453e-01,1.909411891789906945e-01,2.168547993586127098e-02,3.753120662197493851e-01,3.928942425997336008e-01,3.904028384974596588e-01,3.696835467670673836e-01,1.537775545384824916e-01,5.275205257226284195e-02,4.121055395252980480e-01,2.149029587373740835e-02,3.599559262170770602e-01,5.623176691175729713e-02,1.067219054685166757e-01,1.215576129878864486e-01,1.120415581650868742e-02,2.323181375731661058e-01,2.913530164183835702e-01,2.992400301448255862e-01,1.878848004730138965e-01
1.661132176256560899e-01,3.519311331196967041e-01,2.749963553880382938e-01,1.705576838981460730e-01,7.817103687312543236e-02,3.338959808272743968e-01,3.327464517377525799e-01,1.899546993417477736e-01,2.759328003556670295e-01,5.291214464853556398e-01,1.197106026160304620e-01,2.835275750212047918e-01,6.086151964507147127e-01,3.091455335300399287e-01,5.531180918435962823e-03,3.621132998326621055e-01,0.000000000000000000e+00,5.613634315028063204e-01,2.760113817311334872e-01,1.401488651250981654e-02,4.411944570246739694e-02,1.371829012902797684e-02,7.820792221462455340e-02,2.469418801772249039e-01,2.852995665244854595e-01,4.836474851732426306e-01,1.636120261240180118e-01,1.974182883368564845e-01,1.094158868450439970e-01,1.250727560669295801e-03,3.374755910829447814e-01,7.352360308669686484e-02,3.624026811543258342e-01,1.543601219835784577e-01,6.362271750232532941e-02,1.104405804609034092e-01,1.346220048405136205e-02,2.199421014213039371e-01,9.877846996653477651e-03,3.526850876760980191e-01,1.427609590660931793e-02,1.638088974339735882e-01,5.514510440048196738e-02,3.759873978025837782e-02,3.227559815454332792e-01,1.505188420128542037e-02,2.221597944421524473e-02,1.847712563463723145e-01,9.860224354688970627e-02,8.429119539145904505e-02,3.163320972576931789e-01,3.534966753898904912e-02,1.143624483125618707e-02,2.713752809746602934e-01,3.561705703297169956e-01,2.785185855510330377e-01,2.473296410160460979e-01,5.375235364181903952e-01,3.460619011627754510e-02,4.279895976028641469e-02,9.854648197142779065e-02,6.358972863362172268e-01,1.581234636738828581e-01,2.583127055433740438e-01,1.191217746894767116e-01,2.126310026957431154e-01,5.978040245872093261e-02,1.055152167978322675e-01,1.221608277601586717e-01,5.247785501596788360e-02,3.496311600357093208e-01,4.803318929015176764e-02,2.776368563292075375e-02,1.723909074340914671e-01,2.034770706762011883e-01,2.919037064534091841e-01
2.128547221896781028e-01,6.414357509323961315e-01,2.668100522438517919e-01,1.098004125508209722e-01,2.961267225611895482e-01,2.420312088150074481e-01,7.462566063544562311e-01,5.884999147544328624e-02,8.057525182636751659e-02,3.125509570418961158e-01,8.112290900942764615e-02,1.697598606447106584e-02,4.875094900111104912e-01,3.024602298759001551e-01,2.610796998350955467e-01,7.278176234249642551e-01,5.613634315028063204e-01,0.000000000000000000e+00,3.699418399429983406e-01,8.991085907676887867e-02,2.084840825348449056e-01,3.448190432378272496e-01,1.774840653460833806e-01,1.844574110119159838e-02,7.289393310428614603e-01,3.529285629067580032e-01,1.204176627669573119e-01,1.347062244640098716e-01,2.203275625624688538e-01,8.888119076532585705e-02,9.235520761650797827e-02,4.450549693581820621e-01,5.001152646532665003e-01,2.623030921566119056e-02,6.971750843107117623e-02,3.724095660780264438e-01,5.193619481613452604e-02,2.753617248224863312e-01,3.121239153051698079e-01,4.422966538324931696e-01,1.478432242350913861e-01,1.301985515193483378e-01,1.141885009167031007e-01,3.237529087029672459e-02,3.135037066378451032e-01,2.616362304761613022e-02,1.966198694630371113e-01,1.876117571108796289e-01,1.714566917473607510e-01,1.001483362957528156e-01,2.747910279512839060e-01,2.117177355722461851e-01,2.191632234888680475e-01,1.160444840296134816e-02,2.928477296214884174e-01,1.902338805383888276e-01,5.108456585702070285e-02,3.769184804214301132e-01,9.183412619667639942e-02,2.018908570350142206e-01,3.403407162534402008e-01,4.683199726076810454e-01,4.978681474602852375e-01,3.721979391133740656e-01,8.784124863654885207e-02,4.184135388726425986e-01,1.346258813005913046e-01,2.180439544616236680e-01,5.331792488270686858e-02,1.431633289257841779e-01,5.633106885191374591e-02,1.357579544815457895e-01,7.909157288742529879e-03,3.202760295900321519e-01,3.291219862447146705e-01,1.930422236777540324e-01
9.650694661330302959e-02,3.308516238134913134e-01,7.609098366840948424e-01,7.314039070433728251e-02,3.779867327410245115e-01,2.477553355167479432e-01,4.458269164791286432e-01,3.432560017663106589e-01,4.005913641546758885e-01,2.350779361787511679e-01,7.020015272970087095e-01,3.463966268750993116e-01,3.274307231491401793e-01,3.875215940426628425e-01,7.161677798401963613e-02,1.730468336410823094e-01,2.760113817311334872e-01,3.699418399429983406e-01,0.000000000000000000e+00,2.146744956604331178e-01,8.946650054698895849e-02,4.276819099866219220e-01,3.870582834949328199e-01,7.386172367683829787e-02,4.429085455338903077e-01,3.363493235788247437e-01,3.325642148018328470e-01,3.575746047601343625e-01,2.179997426462370325e-01,1.503628272891246453e-01,1.781752425561857200e-01,3.204861670780724536e-02,1.641664686745115953e-01,2.090798933490619349e-01,3.578451804141535852e-02,1.151676880366408751e-01,8.911120964945856704e-02,9.751827989354205917e-02,2.711234093296333025e-01,1.670658342042756761e-01,1.066495002887834220e-01,1.232765261068240747e-01,4.670616892189069502e-02,3.297595628106542165e-02,8.204619207908914191e-02,4.210029652094630925e-02,4.004609535525293085e-01,5.532354734342659341e-01,5.524376133987037724e-03,2.679642963554432766e-01,9.593574095973850246e-02,2.160127509533467105e-01,1.515112158876132098e-01,2.364075272298560848e-01,3.951999480535467457e-01,6.246122316051356815e-01,1.041774511659623037e-01,2.258692340104064555e-01,1.828788909017416420e-01,5.649683610271813428e-02,1.465138090705160878e-01,3.016807843200869921e-01,2.144797462634034091e-01,9.222395873499756869e-01,9.733250350008912366e-02,7.783554516056040429e-02,3.248309862708596563e-01,3.535385342409164688e-01,1.342744824598957887e-01,3.513372428084763355e-01,2.566693896465598312e-01,2.989625442755832196e-01,2.444942424227186384e-01,5.833501183716459371e-02,7.490220526506635723e-02,5.650603713264434891e-02
8.160632870510398096e-02,2.367479109088541089e-01,3.108502403170055328e-01,3.270040614079715996e-03,2.062201161238401692e-01,9.478626557230951377e-02,1.020673051548000865e-01,1.331046226154991574e-02,5.428628844259548725e-01,9.782062892550735800e-03,3.704225775998235548e-01,1.740630410636173353e-01,2.636229353999302027e-01,2.104290885350018903e-01,6.425594922521832286e-01,3.860709195106230007e-01,1.401488651250981654e-02,8.991085907676887867e-02,2.146744956604331178e-01,0.000000000000000000e+00,4.566597081501522770e-01,6.657387825426438477e-01,2.327776823233753123e-01,2.180285479203541432e-01,1.029087090510971692e-02,4.240185674401764082e-02,4.176034497856425665e-01,3.806879542567482289e-01,4.946692902964606731e-01,2.527932508194404848e-01,2.951352630478003003e-01,4.024109029084526057e-01,1.775254403910496714e-01,2.969454659959653298e-01,4.889065251876301144e-02,3.960103313114022444e-02,1.588978487889606828e-01,7.496993432641892163e-02,4.910964223967743125e-01,2.111764518726676892e-02,3.910265584776589365e-01,8.451613212790687335e-02,7.707737480315204892e-02,1.014826929841393388e-01,5.715519588803291695e-02,1.595470517530342136e-01,2.194244963985532426e-01,1.849249196247562121e-01,6.313207810497778461e-02,2.218445922409441884e-01,2.040500065547634634e-02,3.350278871863410224e-02,1.136704979294636542e-02,5.246537541462568122e-01,2.347062122427974462e-01,2.383425212509162616e-01,7.746717534182884224e-02,7.403915334964072947e-02,1.522800216329044110e-02,5.768172878559074679e-01,4.773387741443224641e-01,2.464476763097628309e-02,3.859317156717992914e-01,2.369447316913874113e-01,6.984813498414621513e-01,4.324504551660363627e-01,9.591158430424269188e-01,3.692357468583635227e-01,1.339915248415864402e-01,4.892054234332384177e-01,1.589858164968203091e-01,6.414629691836502001e-01,4.926394545879543840e-01,3.700277918872595384e-01,1.697698002114479410e-01,1.661361762880673720e-01
7.260105009586631519e-02,3.050984885203253949e-01,1.017668433418859320e-01,4.370398025503719613e-02,7.098337605807131245e-02,1.597415472498195377e-01,5.616958021340642815e-02,1.284552368741896100e-01,1.906212115336577695e-01,2.805149523017612667e-01,1.266882221020493027e-01,3.217632183934712731e-02,3.266762542600971653e-01,6.768176274384259117e-02,6.293718453664820522e-01,3.043748943752832004e-01,4.411944570246739694e-02,2.084840825348449056e-01,8.946650054698895849e-02,4.566597081501522770e-01,0.000000000000000000e+00,1.324409493873073274e-01,3.567495797888320386e-01,2.133630610456308252e-01,1.258509771003150091e-01,1.484155708790937389e-01,4.353439583535282931e-01,2.062008366417743543e-01,5.878839152902253229e-01,1.661287247742090079e-01,4.072871937737326253e-01,2.958808771203987886e-01,1.834706645533323022e-01,3.292283831088135826e-01,4.797307321657062057e-02,7.507800381988136151e-02,3.280991329153767899e-02,5.851116225000208004e-02,4.039983560979814592e-01,1.719809781151335204e-02,2.439092268199185565e-01,1.129293502930027726e-01,1.743318144952239745e-01,4.807544540230029861e-02,1.205675238270537408e-01,3.096496958037236458e-01,2.667301018442966853e-01,5.999396691090552736e-02,4.372127787527277376e-02,5.761434032383759563e-02,1.869298301955197583e-01,4.870212962198011697e-02,2.650748044935383185e-01,1.491165785462181259e-01,1.521992838088556677e-01,6.971665940531623917e-02,3.222820733520754266e-01,2.427835515983828019e-01,1.736343230322962006e-02,6.861503022362838156e-01,3.983305176446401141e-01,8.867605972092829081e-02,1.421559943596589770e-01,1.685545882208000223e-01,7.955416943537541030e-02,8.401509700130547209e-01,4.293961811310393895e-01,5.537264033720452616e-01,1.375864724704815856e-01,5.344848944757192299e-01,1.360460651310173574e-01,4.031048162597284379e-01,7.972215195903872842e-02,5.109128435732840368e-02,3.003271998247960539e-01,9.478466250455895581e-02
