0.000000000000000000e+00,2.375516507461972182e-01,3.569853383807937153e-01,1.573885755409162868e-01,3.602010025921220659e-01,2.982628203995958960e-01,9.247373847166454053e-02,2.044898547815401091e-01,2.834921955282350137e-01,3.814361542910575387e-01,1.733194902113326386e-01,3.603713281494501375e-02,1.937362285072435908e-02,1.491977807820411839e-01,5.658173410083602306e-01,5.820589449200432863e-01,3.834438379442035028e-01,3.245473109257577815e-01,3.615479673948894801e-01,4.057180319351826880e-01,5.595655300247638353e-01,6.269132388064516670e-01,3.998599050969131596e-01,5.342152111673685866e-01,5.709399090111011432e-01,5.898490282694195397e-01,4.528892823824959835e-01,1.451037418894726705e-01,3.461811769953761497e-01,3.130378634634098933e-01,2.900686930618164849e-01,2.317080280076425636e-01,3.783126457276571597e-01,1.665323680497094172e-01,1.944457316077204956e-01,3.230052696837903969e-01,2.462021791343516758e-02,7.622579046355634769e-02,4.951362068776139491e-01,5.081340503327334002e-01,3.853341011923080428e-01,3.081715494109233400e-01,7.261872677012798372e-02,1.948040417723549411e-01,2.684429212251324137e-01,8.028021896457855355e-01,4.152275633154292045e-01,3.951323468734469491e-01,1.705255708629562217e-01,1.304338360393783036e-01,2.453777868169433884e-01,9.545205341314061398e-04,2.824806752760646855e-01,3.820150327083937647e-01,3.544472966013693660e-01,3.521748222673702911e-01,2.339138337181285721e-01,1.842735648399005666e-01,1.649894934483968068e-01,5.540744046302106263e-01,5.413106078705809399e-01,3.179370275310099414e-01,4.137276601909764540e-01,2.966766861244372055e-01,4.969992118918448720e-01,4.856103032732990710e-01,5.468112779050255945e-01,3.222880237770536782e-01,5.819110509372387163e-01,5.441421873843063084e-01,5.685502393446970615e-01,2.062635993775142340e-01,3.865013963447420098e-01,4.699573394684766758e-01,4.159765825658333638e-01,5.782634689077648105e-01
2.375516507461972182e-01,0.000000000000000000e+00,2.449888085534573934e-01,1.605665046754913700e-02,1.834393785643844213e-02,5.515153627825584159e-01,1.815318167995266796e-03,2.579111631767904145e-01,3.035540144973604137e-01,3.847562128565091832e-01,2.059565969589506607e-02,2.586112251492778680e-01,8.204020216126878262e-02,7.185360440275442850e-02,4.504053632665760976e-03,3.879517793350277799e-01,4.467012769798173188e-01,5.671381411012157425e-01,2.902042804230143824e-01,1.528155623722789458e-01,1.656805123077610686e-01,2.871189512069780014e-01,1.945204916191405342e-01,2.613190727977254824e-01,5.203418147907452607e-01,7.081004010076696886e-01,1.178697127261532085e-01,1.089384404317096100e-01,1.615076797962901045e-01,5.087366910821410071e-02,1.122641270079611509e-01,1.453915256583872967e-02,3.597900537258192921e-01,1.153819576118439855e-01,1.567550202859669672e-01,3.143963865653230660e-02,1.826217589607949943e-01,3.020593646361299234e-01,9.150426652656246107e-02,2.139216903109547319e-01,8.167739067746516979e-02,2.876218550151077302e-02,1.922854000703496102e-01,3.669150580492172020e-01,1.698787835032111726e-01,1.167309406522821363e-01,4.191145488325655477e-01,6.983747236849122131e-02,3.957663174279171248e-01,5.088161233502168646e-01,5.023608817453922848e-02,2.718324088751702394e-01,1.654251857633491640e-01,9.107083517548875129e-02,1.100268623703781201e-01,7.236586189495693155e-02,1.034921803295180964e-01,1.465433625218214853e-01,1.709164513376811856e-01,3.620978291328130760e-02,1.778587310837594637e-01,6.263155537937437067e-02,1.290765504286297827e-01,2.124578448868683356e-01,2.248308076632138386e-02,2.138837581607039295e-02,1.457140168820384996e-01,4.620108654181312446e-02,1.658621273597739310e-01,2.981645898084234192e-01,3.276200369601350304e-01,1.271305812523045309e-01,7.657833434724306554e-02,5.367022517293595918e-03,6.997448852641197092e-03,6.152992118450039544e-02
3.569853383807937153e-01,2.449888085534573934e-01,0.000000000000000000e+00,1.393215591488261296e-01,5.348620289635702685e-01,4.329192568378886774e-01,2.819024829692658995e-01,5.967121030365845069e-01,4.148422976321641253e-01,2.609601090242619215e-01,8.217590691882517007e-01,3.194612951833440961e-01,2.352955588612882232e-01,1.676020782189738823e-01,4.240058553727460988e-01,2.322896592926461667e-01,2.726036215344196378e-01,2.736504385570295295e-01,8.923349868093737314e-01,3.768256203422566397e-01,4.206926900129795976e-01,4.693405882126081563e-01,6.394459373769713073e-01,3.907563218742255984e-01,2.325944107796024396e-01,4.437538682764611275e-01,3.801393291144507525e-01,3.540472545184806252e-01,6.327254539338234007e-02,3.867413883801238961e-01,3.217387336422395938e-01,3.380292679003596978e-01,2.098417717150224127e-01,1.941671877460408036e-01,3.651659865111805958e-02,8.479186548487845088e-02,2.371949292557768152e-01,2.284722243967877708e-01,3.557494968945064118e-01,2.792620696754049003e-01,2.474448329747263864e-01,2.822948035136937928e-02,1.635940581961830564e-01,3.945105102483048021e-01,3.839013356757889350e-01,2.925475319263629581e-01,3.817445638623193083e-01,8.305727806597126284e-01,4.034755151416534458e-02,2.791076406103960017e-01,2.836766379815143235e-01,1.112194737731354854e-01,5.397040593198996206e-01,6.187073815702648361e-01,1.971925031253112526e-01,7.471811796972067654e-01,2.922613844571987363e-01,3.941499119700907494e-01,1.306908857105491262e-01,3.340882037065270316e-01,2.134572528680890313e-01,1.108560264969397496e-01,1.637836059098481400e-01,8.608634565804200722e-01,2.117500163765910770e-01,3.942485432760935993e-01,3.037952677960511494e-01,5.980774726803292918e-01,2.894707276437154531e-01,1.135391685089162939e-01,4.512465352439115618e-01,3.528793856308146126e-01,3.791224179023602869e-01,2.203304731618605516e-01,2.895475588647106191e-01,1.524307057043963187e-01
1.573885755409162868e-01,1.605665046754913700e-02,1.393215591488261296e-01,0.000000000000000000e+00,3.161181957498964135e-01,8.502947885352318824e-02,6.590663358888955159e-01,4.172073673735580135e-01,1.171118181165088645e-01,4.304562854078299028e-02,2.407138990035878612e-01,4.520511593176337883e-01,6.768484408294088706e-01,1.723228803605091342e-01,1.281591288727113587e-01,3.219081352430597925e-02,9.332236748352462641e-02,2.084336918848636866e-01,1.138752891739861217e-01,1.556513632105991085e-01,1.236422727000547617e-01,2.735410611782818080e-02,1.473923320556966843e-01,2.211223000513629078e-04,1.532658870919805794e-01,4.411327464615797528e-02,1.891040838910285904e-01,6.789518280022297514e-01,1.646821126835439075e-02,3.975827012268818850e-01,3.070925735424348546e-01,4.088470085648171493e-01,3.063417824388825483e-01,4.600246310725951693e-01,3.395697778781031628e-01,5.464447491072980112e-01,6.633741426269696984e-01,4.337753335907675034e-02,3.457678908880000568e-02,3.125620930915932183e-01,2.302142635313618735e-01,2.464843261819742448e-01,9.292093743898810487e-02,3.016849812026041744e-01,3.280004948720326163e-02,1.794679772198336520e-01,1.623096887602386851e-01,1.715166466666691591e-01,5.870394087729706722e-01,2.439612137904573208e-01,5.785926465962046294e-02,4.804325132559409406e-01,2.680759287267063806e-01,5.087776223355608418e-02,1.482283527930970679e-01,1.935906318185479785e-02,1.930759509144435448e-01,4.835617631545139905e-01,5.791354261638431700e-02,6.372564414403968092e-02,2.731841281346880645e-01,1.533581225927213576e-01,9.267689892141177388e-02,2.373229147019808444e-02,1.115873442781015190e-02,1.570187730864087139e-01,7.840990219832182084e-02,1.036364283385361185e-01,2.344479698085887298e-01,2.302205066853027782e-01,5.174933196848813255e-02,1.167921854773737861e-01,2.203578355042155323e-01,2.428749005445560161e-02,7.393488997116820505e-02,3.942839379328432203e-01
3.602010025921220659e-01,1.834393785643844213e-02,5.348620289635702685e-01,3.161181957498964135e-01,0.000000000000000000e+00,3.586313241604438540e-01,6.701635358371785811e-01,3.844566148096728586e-01,5.578994930812454234e-01,3.236999439584298810e-01,6.429862724641726146e-01,2.030493735022123880e-01,4.615449308641960124e-01,3.662405106947247968e-01,4.580496019526727469e-01,4.724309236521445077e-01,2.648529046620217153e-01,2.424531572602559581e-01,5.378382947103139688e-01,3.623084531954361420e-01,4.956805759494063990e-01,4.523237400027138033e-01,4.831893526331338951e-01,1.111007838024079264e-01,2.298755249000499767e-01,1.901675451336184153e-01,4.806903775971630988e-01,4.633240146021613826e-01,4.890526346438434091e-01,5.404562044340037730e-01,5.833393694774646754e-01,5.187574630690749977e-01,4.388937660993637996e-02,4.145541749022653710e-01,3.926024426048387861e-01,2.027318171576827643e-01,3.262827444385965614e-01,1.352142782870517368e-01,3.336865591906712503e-01,9.765545680675918883e-03,4.058378584756921481e-01,3.190869001268236554e-02,1.756429175587518876e-01,3.725640827893947349e-01,2.136500998985411126e-01,2.971935493825193508e-01,2.626720763427374261e-01,3.333179313251375397e-01,2.425853810285349688e-01,5.767843707940205622e-01,1.885224826186558678e-01,3.940036242885370799e-01,4.362437702843309784e-01,5.807754880452082880e-01,4.216646816936184261e-01,6.294669597053599297e-01,2.722814392330877853e-01,4.464089838700079360e-01,2.281743179389927878e-01,3.628751190426741102e-01,2.314776791313536142e-01,2.725375606035895237e-01,2.641889329136379860e-01,3.826936772140525078e-01,1.698499040503490820e-01,4.555984598806740449e-01,1.992515828172465864e-01,4.942378253479267070e-01,7.839533666546572022e-02,1.830934007604022862e-01,3.342774881523267183e-01,3.377490649688891233e-01,3.285106936420386647e-01,3.451115831259004563e-01,2.047186982552350598e-01,1.861208143932751857e-01
2.982628203995958960e-01,5.515153627825584159e-01,4.329192568378886774e-01,8.502947885352318824e-02,3.586313241604438540e-01,0.000000000000000000e+00,2.285498406664833726e-01,6.605416926739628991e-01,2.108664974193620867e-01,2.492704879548164332e-01,3.160845210965873009e-01,4.099027259482015406e-01,3.880951762156697460e-01,3.589864817607871794e-01,3.885975217300320361e-01,3.283812451517003073e-01,1.632325991780726460e-01,3.115222911095931746e-01,4.403385363688454013e-01,4.417598337376755224e-01,5.137012420512026001e-01,4.756502504287769550e-01,6.306280737965640482e-01,2.620382448529530728e-01,2.398017074586333008e-01,4.582449332487144589e-01,4.016234139222125687e-01,2.974886992468079860e-01,3.238758969506677077e-01,3.673114983333405359e-01,3.418214405013895174e-01,2.724681985922571270e-01,1.522059588970148258e-01,2.370941671874979007e-01,1.435759348632691390e-01,1.001566749671507633e-01,1.808391981471216825e-01,7.378499072438127193e-02,1.662314251569110279e-01,1.140118707884048704e-01,2.280497666869536200e-01,7.223668039232020166e-02,1.351984435111150407e-01,3.419851116883140807e-01,1.828413439800917473e-02,9.787262094471677054e-02,3.080139620166053027e-01,3.224429574088012451e-01,1.172365451173444650e-01,6.165548428924867708e-02,3.323890833287487245e-01,3.816269611753453361e-02,5.777835947795972871e-01,2.893155048016674558e-01,3.392384638834940180e-02,3.231068877354654756e-01,2.309974282862700679e-01,3.669055605209631810e-01,3.373631520509032256e-02,3.135907843445682741e-01,6.847980169012651830e-02,2.147357476218816896e-02,6.008450215042032694e-02,3.969837636126553049e-01,9.878910438823032547e-02,3.350744116242348469e-01,1.976318719107700850e-01,4.748451756387904732e-01,1.820424544254341803e-01,6.285546884800780054e-02,2.982375405813660341e-01,3.006121355786189331e-01,1.561431498440129517e-01,1.721910101770320334e-01,1.259210111745801275e-01,1.864857559286577787e-02
9.247373847166454053e-02,1.815318167995266796e-03,2.819024829692658995e-01,6.590663358888955159e-01,6.701635358371785811e-01,2.285498406664833726e-01,0.000000000000000000e+00,2.058768101639042725e-01,2.211878995389129354e-01,2.591476026545659339e-01,2.862157074823079017e-01,2.251481280758419745e-01,7.194454786724526762e-01,3.444738976099717132e-01,2.211232773953583086e-01,4.854400012639529804e-01,4.344097479628544201e-01,4.924741678159739733e-01,2.162948349744462651e-01,3.441514845048065929e-01,4.413730176110963743e-01,4.090927147011826359e-01,1.742643637887758556e-01,1.061550191976197710e-01,2.769533355279588660e-01,7.607315399452288518e-02,2.093355588165973780e-01,6.545202004094243797e-01,4.044858370251486201e-01,3.856206505541693863e-01,5.155726450877723410e-01,6.406380769743692527e-01,1.261378894979355569e-01,4.031235645435956583e-01,5.624915143035553733e-01,3.070450350904724290e-01,6.185015580282420267e-01,1.555603431779699064e-01,3.820036120261353085e-01,4.908054325927381500e-02,5.122368385952327241e-01,4.969895423474945256e-02,9.324206874941663725e-02,4.448740177414423624e-01,3.639105509604571020e-01,9.901661888457745364e-02,3.157875140956380999e-01,5.148109846617457408e-02,6.419405777419107118e-01,5.302830451188005334e-01,2.388544994080433193e-01,6.732360901081396731e-01,1.795332816625800354e-01,2.789747000709094094e-01,5.111719590262284729e-01,1.802650345820429878e-01,3.155659481138132771e-01,6.206180865307563410e-01,2.553825394958402217e-01,3.303340983409723819e-01,2.706494745696436666e-01,4.283735355444353576e-01,3.996047123049226713e-01,1.750129237758617229e-01,2.305375940269168145e-01,4.505661877092045353e-01,2.852268914748506412e-01,1.688976224481286981e-01,1.076824455764177624e-02,1.750043844712452223e-01,1.895972450039985768e-01,3.456120492674253919e-01,4.222246938510234582e-01,4.253208210971734515e-01,3.804786567836541678e-01,2.078427692617718370e-01
2.044898547815401091e-01,2.579111631767904145e-01,5.967121030365845069e-01,4.172073673735580135e-01,3.844566148096728586e-01,6.605416926739628991e-01,2.058768101639042725e-01,0.000000000000000000e+00,1.901889016383464248e-01,1.991957569830757058e-01,5.396218937802291782e-01,7.012913816134732636e-01,4.170562740885339070e-01,4.492006472926725058e-01,1.693656666141484524e-01,1.268885537721706480e-01,1.065858443647856868e-01,2.157711184960496298e-01,5.193297765143217726e-01,3.633691023454010960e-01,4.074283598137042328e-01,2.430577474360069434e-01,7.417361207169015369e-01,4.748688876205123255e-01,5.272826189168894340e-02,4.212241999041602680e-01,2.220027120899749074e-01,5.087385530623215191e-01,1.754717535795597208e-02,4.691826866722771383e-01,2.902368881778947252e-01,4.071897219077952323e-01,1.367509242730934882e-01,3.551557359464105890e-01,8.915524703821650632e-02,4.598721137771575873e-01,3.340316095218273107e-01,1.889509142925971108e-01,4.289745971689709614e-02,1.606944048760658439e-02,2.400790994412116131e-01,2.383699210622126086e-01,2.861500179675690037e-01,4.312552676875813784e-01,1.150828430504748784e-01,8.097333384384539090e-02,2.038402738190825680e-01,3.673913055860177912e-01,2.966513014014862323e-02,9.891294611306518381e-02,1.661605745557391267e-01,5.519014997701791880e-02,7.986701198808554558e-01,2.837920497730482827e-01,9.536351359045319720e-04,3.873090361571123741e-01,2.699484649662547420e-01,3.999763833262489077e-01,4.948009388868945813e-02,7.173435245027043328e-02,2.616196195482141107e-01,4.532882739637913994e-02,9.113227988650632327e-02,4.022605832558752703e-01,1.700640504856960888e-02,2.861461410229668711e-01,2.306347458843546749e-03,5.015468496724757586e-01,2.232771649923875890e-01,2.625838968246835825e-01,2.479008944116799784e-01,1.673221199382883551e-01,2.694662237853803211e-01,1.098944769938579591e-01,1.363124866150507986e-01,2.090022150054693661e-01
2.834921955282350137e-01,3.035540144973604137e-01,4.148422976321641253e-01,1.171118181165088645e-01,5.578994930812454234e-01,2.108664974193620867e-01,2.211878995389129354e-01,1.901889016383464248e-01,0.000000000000000000e+00,1.231710054748688110e-01,4.539818545268043959e-01,7.412111719316502589e-02,1.788040430147045945e-01,1.752400651351919414e-01,6.018016391500726758e-01,1.762489772464694848e-01,6.606575066931702489e-02,3.638289316055337563e-03,2.623315683757751482e-01,4.365348992311208765e-01,3.921902132943494435e-01,3.853364816921422409e-01,3.817930966172244922e-01,7.553525130599075821e-02,5.208444732923248055e-02,6.139332946145326098e-03,5.698772686292972178e-01,2.144465149472216670e-01,3.793450586811020209e-01,3.124509025695020870e-01,3.431748665255699438e-01,3.650209997485079350e-02,7.578606292905851194e-02,1.993682572877251147e-01,3.526311368744986519e-01,1.467237910502507126e-01,2.475937219763357788e-03,2.619157393241589027e-03,2.508017107496687825e-02,2.509583975877762579e-02,2.059123133138921480e-01,4.212792356370784197e-02,8.473124382825389378e-02,4.115359028859851692e-02,1.834349627130802407e-01,1.706578834457087024e-01,7.632235212150517700e-02,4.141117565456647331e-01,4.090243560084177998e-02,5.293551046436365537e-01,1.421232561288920393e-01,2.422688920734207829e-01,2.495454186029029131e-01,7.058105943047998654e-01,2.659418156305093373e-01,5.334304963867783078e-01,3.285236101456809332e-02,1.593147802149376679e-01,1.719627758320821931e-01,4.498368574119199215e-01,1.956719370467609742e-01,1.714990968858104980e-01,4.157063554387606386e-02,2.484879225193553087e-01,2.723173037269492891e-01,4.271739238086461610e-01,3.440514968556385722e-01,3.988165590882667422e-01,3.910290139046833369e-02,1.018637090846370163e-01,1.613953164970275966e-01,2.929485846592904674e-01,1.285246907825897400e-01,2.977844688207597623e-01,1.071266121292199919e-01,1.894118743373592317e-01
3.814361542910575387e-01,3.847562128565091832e-01,2.609601090242619215e-01,4.304562854078299028e-02,3.236999439584298810e-01,2.492704879548164332e-01,2.591476026545659339e-01,1.991957569830757058e-01,1.231710054748688110e-01,0.000000000000000000e+00,1.281265796487248698e-01,4.041079415788206286e-01,2.115565446065148514e-02,2.376461904165052541e-01,1.684207782898549388e-01,6.402432137602678264e-01,6.207604753614954785e-01,4.252572942692041669e-01,1.629936666978579196e-01,2.627316612623290526e-01,3.786331862226308687e-01,4.164025966147251179e-01,1.767873245096244217e-01,2.555381189567906830e-01,4.863675071233938274e-01,4.964686825513287549e-01,3.617704500922430122e-01,2.077225019235744430e-01,3.750167983146317496e-01,2.785606423390765696e-01,5.446098270002313058e-01,2.567425145222216321e-01,3.897515249242419211e-01,3.424158166963769956e-01,2.319036057554191288e-02,2.199298679602253448e-01,3.271311063565782717e-01,4.700619857501648347e-01,1.431235656045813931e-01,1.212066732266009195e-01,1.959532159867634626e-01,1.877688719602646494e-02,2.193545465893633195e-01,5.070626917292486713e-01,2.699975690791460714e-01,2.627357517516447638e-01,1.392990437146498783e-01,3.921299748986303846e-02,1.781108615355866120e-01,1.950389589501176080e-01,1.426231012973009915e-01,5.638844916274515784e-02,1.584612059631271830e-01,2.339071737924702243e-01,2.982944144986275914e-01,1.011443426477416502e-01,1.432434835648674354e-01,9.209372280017302792e-02,8.754828535223788122e-02,8.727572053339130442e-02,1.973270984564250152e-01,2.326311339420189528e-02,1.164516726264464841e-01,1.347211093042219587e-01,1.362901809110439455e-02,2.581540528434775328e-01,1.956247505735225767e-02,9.293314459004303751e-02,1.137908843213360499e-01,2.507128789173985739e-01,2.287128035510527235e-01,1.180400181502274659e-01,1.796305058260949383e-01,1.740695560714155543e-01,4.118343139907168493e-02,1.170382177650510919e-01
1.733194902113326386e-01,2.059565969589506607e-02,8.217590691882517007e-01,2.407138990035878612e-01,6.429862724641726146e-01,3.160845210965873009e-01,2.862157074823079017e-01,5.396218937802291782e-01,4.539818545268043959e-01,1.281265796487248698e-01,0.000000000000000000e+00,2.697275191331685029e-01,3.180653697418185377e-01,2.795051802798912410e-01,2.903119435443834440e-01,1.205911619477351149e-01,1.060096456501375545e-01,6.965459182971439622e-02,7.765992041790744649e-01,2.612447214284825403e-01,2.530056096625775686e-01,2.206745824143559465e-01,5.268961618032484973e-01,9.749601862008758224e-02,6.431404956190406308e-03,1.555116388730080623e-01,3.284489665655686563e-01,3.261250947019287971e-01,1.433641804471052772e-01,4.531290241054233836e-01,3.590355157775285688e-01,2.167988515096891666e-01,6.787865755046168514e-04,3.322189265816407056e-01,1.243000115505758507e-01,2.551493594617564309e-01,1.634414499781723096e-01,1.521861408938798288e-01,5.320770716265929567e-02,3.054124791017274326e-02,1.849521592111508239e-01,1.769405345537211349e-01,1.510325219180812806e-01,2.499182466528088176e-01,1.822103061790707190e-01,1.050771769168518527e-01,8.084638251472349435e-02,5.774194388689427582e-01,1.132880045808080105e-01,3.699147999023127964e-01,7.693135766409819887e-02,1.042164272106036460e-01,4.596025244421431122e-01,4.477167860376075059e-01,9.567627040100890046e-03,8.273485375585446500e-01,8.760980322352740490e-02,2.369557958786581708e-01,1.554849559585302909e-01,1.859143096367625314e-01,9.608752910338125286e-02,3.536095375205035307e-02,1.120041717881819637e-01,6.105158802182697464e-01,3.140786815606880222e-02,2.068295693758830101e-01,3.852432023528529204e-02,4.786074466996851906e-01,6.109201070817946860e-02,1.284390211125656100e-01,1.585269928778804127e-01,2.070305353749994914e-01,1.620779100548582208e-01,6.026904359150816320e-03,5.380972829539672903e-02,1.326007597423620732e-01
3.603713281494501375e-02,2.586112251492778680e-01,3.194612951833440961e-01,4.520511593176337883e-01,2.030493735022123880e-01,4.099027259482015406e-01,2.251481280758419745e-01,7.012913816134732636e-01,7.412111719316502589e-02,4.041079415788206286e-01,2.697275191331685029e-01,0.000000000000000000e+00,3.082805122114177232e-01,4.635185916460312638e-01,1.215458464491549345e-01,1.761762777806011315e-01,2.122808843891080266e-01,2.389023919561871767e-01,2.840279331702320054e-01,1.994782296583458570e-01,7.077613690974343674e-02,1.080924510246367154e-01,3.304901676922858966e-01,4.040405714780410107e-01,1.526503715511625670e-01,3.100386105169771200e-01,4.338032389706873715e-02,3.665526371643304526e-01,6.461980567154150534e-02,3.506484445659620031e-01,3.219487106500438789e-01,4.296477853815490189e-01,3.088593607697996957e-01,4.761787685537759440e-01,1.124167253471108074e-01,6.183011318588985672e-01,3.944737795263586477e-01,3.405856467978395918e-01,5.366338331538585138e-02,1.165996079193764162e-01,2.459536376377183531e-01,2.079487997180964332e-01,4.166538356170012003e-01,5.416421685396065611e-01,2.557226569031664787e-02,1.519771232872243749e-01,1.079858361366231589e-01,1.029316831186158632e-01,1.305119841530373304e-01,1.401747006080169000e-01,1.765137378409700197e-01,8.742502933731313708e-02,4.473044868313123534e-01,5.347358978904925841e-04,8.326219858859923439e-02,6.576738103622201126e-02,2.793628074405940520e-01,2.053246577824662522e-01,4.938967546247109708e-02,2.592922168108149905e-01,3.413895740076342000e-01,2.289966153391380377e-01,2.471978874131625370e-01,1.307211080186985175e-01,3.582046510262112959e-01,1.050691402474739217e-01,3.348711531468749336e-01,1.084686305822286645e-01,3.572788955901651242e-02,4.533512246558203396e-01,7.016622471864003563e-02,1.504432316010735071e-01,1.719453733537241180e-01,3.595097076617311815e-01,3.206884838613938138e-02,3.139979739741038944e-01
1.937362285072435908e-02,8.204020216126878262e-02,2.352955588612882232e-01,6.768484408294088706e-01,4.615449308641960124e-01,3.880951762156697460e-01,7.194454786724526762e-01,4.170562740885339070e-01,1.788040430147045945e-01,2.115565446065148514e-02,3.180653697418185377e-01,3.082805122114177232e-01,0.000000000000000000e+00,3.158530231439996561e-01,8.714260469966525480e-02,2.245360213098775426e-01,3.046094950049653138e-01,4.091356823710362023e-01,2.413531261280186802e-01,2.531110280602324458e-01,2.237522635651769953e-01,1.888290294937794433e-01,2.424892538258079933e-01,1.649660335944411749e-01,4.111360714131170879e-02,1.372391252620312474e-01,2.452530135218738971e-02,8.052339717134066044e-01,1.996883923238413350e-01,2.860398299424231627e-01,2.902435635907045230e-01,3.132791090555435698e-01,1.057130370628531352e-01,2.862082253321635017e-01,4.721085478384932088e-01,3.144230219237865720e-01,5.728302121787645085e-01,2.605094056174109274e-02,9.444117183168268537e-02,1.436778794714505536e-01,3.225319822536589776e-01,1.569000245632357071e-01,5.366791978403789853e-02,3.059637299882831951e-01,1.840702077246305357e-01,1.770932443647838528e-01,1.140336945012528080e-01,3.059297579488851060e-02,4.622617039629192126e-01,4.387004763491010317e-01,1.948814552333043293e-01,5.263895347423418469e-01,1.995299697029117025e-01,2.042554072186743008e-01,2.644902491236098552e-01,1.366514145659805668e-01,3.221781717858734906e-01,5.951999045220439655e-01,5.513647733885078395e-02,1.597452261337724000e-01,2.744909652503694369e-02,3.853312163824551551e-01,1.927694925208895127e-01,1.452410794197735444e-01,1.404699207487739299e-01,1.788912984501092041e-01,1.708175415776610473e-01,7.653517327542244675e-02,3.378998194357218932e-02,1.407423195245662284e-01,7.482697933992180084e-02,1.394982068574772693e-01,3.254911271748807677e-01,1.245437341440670531e-01,2.826171221515183518e-01,3.635305636014611597e-02
1.491977807820411839e-01,7.185360440275442850e-02,1.676020782189738823e-01,1.723228803605091342e-01,3.662405106947247968e-01,3.589864817607871794e-01,3.444738976099717132e-01,4.492006472926725058e-01,1.752400651351919414e-01,2.376461904165052541e-01,2.795051802798912410e-01,4.635185916460312638e-01,3.158530231439996561e-01,0.000000000000000000e+00,1.914524220523573239e-01,9.274629988948138171e-02,1.443923610669143043e-01,1.020864632275558653e-01,2.002293061469864743e-01,3.074022007468102946e-01,1.567293976044213943e-01,2.625142763015213543e-01,3.806738330331819742e-01,3.094793062012444196e-01,7.580274982284415652e-02,1.592435041713517740e-01,1.788505946989991657e-01,3.930156187258150857e-01,1.449661663309916859e-01,4.268201176510812433e-01,4.053119250645967897e-01,3.767787161070670909e-01,7.296279875989686303e-02,2.127416213596040329e-01,2.027365734618987447e-01,4.530886236795434452e-01,2.465084764715390897e-01,1.901755937937983088e-01,4.164111023523965616e-02,3.248055496068449899e-02,1.514453606385869899e-01,6.290800846615793307e-02,3.313887292804738038e-01,2.537425474064622377e-01,9.243879111923217207e-02,5.455116149633680578e-02,1.214212306333084523e-01,3.362158746800964632e-02,2.305498568254904512e-01,2.804035931149955196e-01,1.105501068908090467e-01,1.865622926081069166e-01,4.446779006840299031e-01,1.128688948867521413e-01,1.367655476279255322e-01,2.862448875422217709e-01,2.390104382335081490e-01,2.526452656688832343e-01,3.042828705709593740e-01,1.234139633822352311e-01,1.629838657812433117e-02,9.327235445159411109e-02,9.811348984991659361e-02,4.010190808333171514e-02,7.149020716592707769e-02,2.014221376798503160e-01,4.724942326304026885e-02,2.561396239525561835e-01,1.802238016050777270e-01,2.669409277080014853e-02,2.068304564620687402e-01,8.993896906434022120e-02,2.038329595472395672e-01,1.004038513574875835e-03,7.488285206949599204e-02,4.609434889359573240e-02
5.658173410083602306e-01,4.504053632665760976e-03,4.240058553727460988e-01,1.281591288727113587e-01,4.580496019526727469e-01,3.885975217300320361e-01,2.211232773953583086e-01,1.693656666141484524e-01,6.018016391500726758e-01,1.684207782898549388e-01,2.903119435443834440e-01,1.215458464491549345e-01,8.714260469966525480e-02,1.914524220523573239e-01,0.000000000000000000e+00,2.538028035843618579e-01,1.109394869023841157e-01,1.149829782933503852e-01,2.704659201448577632e-01,6.435289726641698627e-01,6.873486867082905238e-01,7.822219215864323338e-01,4.930150918228343171e-01,2.075088788456981581e-01,4.000952951800678115e-01,2.321130585815393554e-01,7.362703549813237602e-01,1.939834201222572496e-01,4.295990550170755706e-01,2.487069614610849522e-01,3.518195737800169920e-01,2.918926944323828043e-01,8.931557695021116738e-02,4.733411109333348493e-02,2.481213636347054941e-01,1.833097068371137284e-01,7.309864085632120090e-02,6.165079473346180006e-02,4.267311074631111589e-01,3.108403067956158061e-01,3.631327840914707061e-01,2.096991205452691243e-01,2.000072718482731882e-01,4.791216513673388078e-02,2.322374020655123550e-01,4.416056445817052034e-01,3.661498915406464216e-01,3.995162833048511164e-01,4.645294124305353323e-02,4.720008195812771534e-01,5.185627451143886013e-01,3.189272593680793078e-01,2.663850831600554914e-01,7.145008589687846801e-01,4.146593671114063850e-01,4.225174445815047530e-01,1.628340008538372574e-01,2.498594270143268403e-01,1.054660953624367015e-01,8.228077947391448932e-01,4.636829506398031930e-01,3.081434020327236123e-01,3.267781543502004671e-01,3.535585868774475671e-01,6.184270995230352064e-01,6.462239351775710405e-01,6.454054936933519837e-01,4.893860535542498003e-01,3.254116431596834613e-01,3.569252131851725629e-01,4.232383758974223587e-01,6.851122158944586982e-01,2.540182637848004132e-01,6.744782282376713400e-01,2.595658771465249592e-01,4.520119037101147930e-01
5.820589449200432863e-01,3.879517793350277799e-01,2.322896592926461667e-01,3.219081352430597925e-02,4.724309236521445077e-01,3.283812451517003073e-01,4.854400012639529804e-01,1.268885537721706480e-01,1.762489772464694848e-01,6.402432137602678264e-01,1.205911619477351149e-01,1.761762777806011315e-01,2.245360213098775426e-01,9.274629988948138171e-02,2.538028035843618579e-01,0.000000000000000000e+00,6.752553297246064457e-01,6.055000259108823668e-01,2.620656341222456498e-01,2.977199968109690564e-01,5.344522555516669771e-01,5.061386291667280268e-01,1.246352848229947824e-01,2.473052020316621746e-01,5.548540659271109510e-01,3.869436676949585818e-01,3.637380885471306335e-01,3.366615117047014327e-01,5.720237144689757081e-01,4.672696952759681777e-01,6.783946699500613686e-01,3.763009574396680157e-01,2.758520054193949189e-01,5.466467563073816871e-01,2.999085600333525337e-01,7.287424261791934643e-02,2.524772141518873969e-01,2.261343709748985797e-01,2.666256486841668272e-01,1.700445421750978181e-01,5.021485093611408601e-01,9.962551529449042986e-02,8.852063965303179349e-02,3.635103441897153953e-01,2.855976330574834798e-01,4.962389190198027156e-01,1.803303577444363426e-01,2.982148824417828192e-02,3.671690037914670385e-02,2.905877276347357263e-02,3.418581832427472489e-02,8.893838660039565802e-02,1.123259523097404483e-01,2.191936870198041287e-01,2.720189667255058508e-01,9.078531407282328103e-02,2.310787144092336931e-02,2.026056230014227910e-01,9.593848099700599819e-02,2.814716806175256991e-01,3.730368314703901289e-01,2.275771682391575790e-01,3.582436471560894176e-01,1.260235709638189705e-01,1.200531909764056826e-01,3.363891341964721504e-01,1.575275029489308087e-01,6.390570597556310961e-02,2.213235427626010776e-01,3.729208417524670360e-01,2.376905947285629928e-01,1.203236252428059871e-01,2.850584066851391540e-01,3.274822122393347135e-01,1.023066873510739550e-01,2.914299060228269789e-01
3.834438379442035028e-01,4.467012769798173188e-01,2.726036215344196378e-01,9.332236748352462641e-02,2.648529046620217153e-01,1.632325991780726460e-01,4.344097479628544201e-01,1.065858443647856868e-01,6.606575066931702489e-02,6.207604753614954785e-01,1.060096456501375545e-01,2.122808843891080266e-01,3.046094950049653138e-01,1.443923610669143043e-01,1.109394869023841157e-01,6.752553297246064457e-01,0.000000000000000000e+00,7.803537655373359305e-01,2.053361014370953530e-01,2.187000143580645484e-01,2.634544166472099769e-01,3.755337610858153763e-01,1.962708990348679960e-02,3.401197751306349604e-01,5.891596349176592140e-01,5.582074700082494401e-01,9.100493042338123062e-02,3.865350631155187733e-01,2.365861302655277998e-01,1.820117457909715686e-01,4.225940984215175167e-01,2.479500083501724461e-01,4.789135461671385485e-01,2.869512330545236911e-01,2.088836816228892002e-01,6.628904710944807932e-03,4.539721249026444916e-01,3.828277229056732400e-01,3.438920272933725930e-01,3.908758701218794651e-01,3.478916972421800535e-01,1.248797885987935480e-01,1.697387832375490402e-01,4.593107114933868140e-01,4.840906388587724041e-01,3.406248819288838492e-01,3.308954227377357560e-01,4.658255941535374700e-02,2.700753945456058069e-02,5.604983234551441651e-04,1.625324242481284431e-01,3.259127196000653481e-01,3.110157165005222879e-02,2.621146974927658357e-01,4.191160950393947870e-01,4.000100566021211335e-02,2.841857713433917354e-01,3.986797154563145873e-01,1.218014508564707887e-01,1.158764772902627083e-01,4.637856758297303483e-01,4.286700934007569019e-01,4.384922273200903553e-01,2.265511799556688688e-01,3.123890294850316662e-01,2.164184592841209287e-01,3.078686100642218371e-01,4.366675374738998583e-02,2.238404078301199362e-01,2.899309518772980043e-01,3.454078319050941093e-01,1.367615421414292154e-01,4.033942088309426799e-01,4.000319770747402526e-01,3.000811447342068838e-01,3.842689671280291597e-01
3.245473109257577815e-01,5.671381411012157425e-01,2.736504385570295295e-01,2.084336918848636866e-01,2.424531572602559581e-01,3.115222911095931746e-01,4.924741678159739733e-01,2.157711184960496298e-01,3.638289316055337563e-03,4.252572942692041669e-01,6.965459182971439622e-02,2.389023919561871767e-01,4.091356823710362023e-01,1.020864632275558653e-01,1.149829782933503852e-01,6.055000259108823668e-01,7.803537655373359305e-01,0.000000000000000000e+00,2.346552453050306242e-01,2.775971334221776776e-01,3.220366998447168894e-01,4.011333242208880434e-01,1.060374274006800899e-01,3.611845637312593449e-01,6.039940728663647507e-01,5.470847695784182285e-01,7.810791189494575848e-02,4.540689135976018753e-01,1.847094832877553827e-01,2.137529770920194583e-01,2.594531444359416961e-01,4.028788753929231081e-01,4.299177564034126209e-01,1.900472213526367415e-01,2.536954522714652827e-01,4.237030994023045782e-02,4.651992550522859315e-01,1.794242750047485568e-01,4.545790569180211405e-01,3.906633017539445918e-01,4.116704621654617702e-01,1.471357674738696664e-01,2.519393892582498795e-01,5.521096434463007574e-01,3.683718836545928910e-01,2.401107399162957512e-01,4.142677116159005912e-01,3.770522592878278179e-02,9.424664765226989371e-02,7.219376989027852243e-02,2.340788784841947301e-01,3.289361786505813345e-01,8.462782180612077321e-02,2.483899048946394406e-01,3.658289295312057154e-01,1.730214008980388019e-02,2.808461610579815471e-01,4.114707334716879439e-01,9.292291207249470109e-02,1.554789499332197844e-01,4.666092519206567202e-01,3.894673865483703756e-01,5.212386833862278079e-01,2.287241949118472839e-01,3.181036115349870075e-01,1.983101517498302713e-01,3.833877663279990355e-01,3.857660370996400523e-02,2.935925995067855676e-01,2.761819827328553245e-01,3.180181238276752476e-01,2.106374110567796054e-01,5.241544410476152160e-01,3.733032142669758247e-01,3.557816723842737172e-01,3.359352032847966463e-01
3.615479673948894801e-01,2.902042804230143824e-01,8.923349868093737314e-01,1.138752891739861217e-01,5.378382947103139688e-01,4.403385363688454013e-01,2.162948349744462651e-01,5.193297765143217726e-01,2.623315683757751482e-01,1.629936666978579196e-01,7.765992041790744649e-01,2.840279331702320054e-01,2.413531261280186802e-01,2.002293061469864743e-01,2.704659201448577632e-01,2.620656341222456498e-01,2.053361014370953530e-01,2.346552453050306242e-01,0.000000000000000000e+00,2.803027994155375402e-01,3.320507337362575973e-01,3.856593913324171674e-01,5.297645311848790950e-01,3.035240086500999857e-01,1.704166189951960286e-01,4.238838018001540586e-01,2.744715195834372401e-01,3.432428080253472902e-01,6.127746826142288494e-02,3.872847538022397007e-01,3.138689722314435548e-01,2.217452960907897730e-01,1.458533499726374638e-01,2.152777681268024379e-01,3.129103743691430406e-02,9.966746505213369689e-02,1.511212907563924124e-01,7.082015337336899918e-02,2.474531155900565882e-01,2.489329787958906026e-01,2.516546653861674310e-01,3.868252298877195017e-02,2.462340447297251822e-01,3.976026693870633455e-01,2.049067631391424393e-01,2.263609171186068414e-01,2.607015266461346070e-01,7.629635292585225104e-01,5.227938592209348950e-02,2.535954477343718705e-01,2.214318338707046696e-01,1.853401643099900076e-02,4.391772466615546100e-01,4.571863919275612753e-01,1.140605467501416836e-01,7.421055841181055657e-01,2.789470505572929637e-01,3.336861754552707948e-01,1.722762013573174156e-01,2.417959062911418933e-01,1.491072286211119757e-01,1.007728820506265666e-01,1.300680782709221772e-01,8.638198432980163100e-01,1.127529234242662659e-01,2.535663819310081668e-01,1.896078719919648270e-01,4.542198699524789829e-01,2.298471733596409716e-01,3.947422154248218795e-02,4.016402943894322175e-01,1.750314502275666095e-01,3.510979193226795858e-01,1.266300650391186666e-01,2.999043944117047999e-01,1.695715163842414497e-01
4.057180319351826880e-01,1.528155623722789458e-01,3.768256203422566397e-01,1.556513632105991085e-01,3.623084531954361420e-01,4.417598337376755224e-01,3.441514845048065929e-01,3.633691023454010960e-01,4.365348992311208765e-01,2.627316612623290526e-01,2.612447214284825403e-01,1.994782296583458570e-01,2.531110280602324458e-01,3.074022007468102946e-01,6.435289726641698627e-01,2.977199968109690564e-01,2.187000143580645484e-01,2.775971334221776776e-01,2.803027994155375402e-01,0.000000000000000000e+00,5.793966458221556648e-01,8.786942526591562386e-01,4.168521661700049230e-01,1.711254748227302169e-01,3.480007007497162297e-01,1.872007764915525618e-01,6.733382075240134101e-01,4.659773413727082425e-01,6.002068289123025924e-01,4.857405623540443362e-01,6.117508502727869724e-01,4.390304034452349180e-01,4.268554944695011899e-02,2.741227348159886446e-01,3.113225611450474717e-01,2.101769609532321559e-01,2.792859647514609467e-01,2.401124173224598035e-01,2.167716717466451892e-01,5.533776477562286911e-02,4.236341491950932903e-01,1.496424372595198393e-01,1.243739568120005856e-02,2.159484482273223982e-01,2.549453653232909289e-01,3.153686578438780752e-01,3.052697438830523913e-01,1.422922972020685406e-01,1.694655475723610416e-01,2.477798210345256436e-01,3.173990791180392179e-01,3.291762068804563457e-01,2.986943087955439280e-01,5.569747428147052704e-01,2.937982665861146869e-01,2.178215335201962310e-01,4.688747724445486986e-02,3.269288999619821556e-01,3.662696249608658750e-02,5.888748109546806386e-01,3.106073322893666555e-01,1.939296503009827477e-01,3.259051160658688051e-01,2.201077737422710290e-01,5.548706862058556677e-01,4.662163815109155451e-01,5.258652695295020774e-01,3.930235561589381921e-01,1.230560499358380883e-01,2.549068997115002677e-01,3.277478670890262569e-01,6.203513246250507152e-01,3.677344070527935327e-01,5.771670302244231721e-01,1.939590498037140898e-01,1.478501024920798324e-01
5.595655300247638353e-01,1.656805123077610686e-01,4.206926900129795976e-01,1.236422727000547617e-01,4.956805759494063990e-01,5.137012420512026001e-01,4.413730176110963743e-01,4.074283598137042328e-01,3.921902132943494435e-01,3.786331862226308687e-01,2.530056096625775686e-01,7.077613690974343674e-02,2.237522635651769953e-01,1.567293976044213943e-01,6.873486867082905238e-01,5.344522555516669771e-01,2.634544166472099769e-01,3.220366998447168894e-01,3.320507337362575973e-01,5.793966458221556648e-01,0.000000000000000000e+00,6.939992317286984846e-01,4.911607411202715268e-01,2.727259736297950043e-01,4.187698555601775952e-01,2.952806968923228359e-01,6.355694085258629666e-01,4.518496549545289453e-01,5.062917947801810481e-01,3.162937118829531880e-01,4.711380694533205959e-01,4.438385208973815166e-01,6.380282292120645349e-02,2.887052921905017833e-01,3.583023671266633015e-01,4.621459505775461774e-02,2.361519865079561575e-01,4.119757519553769731e-02,3.742460298393859852e-01,1.741368885906238451e-01,4.675997292443508924e-01,8.659983928039402534e-02,1.295467954147792311e-01,3.131507907629318965e-01,2.537365735217746998e-01,4.550788575590722917e-01,3.808129654082073046e-01,2.586453584418459961e-01,1.501201671254689118e-01,2.775375084175905616e-01,3.752650796179960446e-01,3.099680177202157605e-01,4.729806715576452270e-01,5.486775087752540081e-01,3.885584927776426500e-01,2.638689422482203284e-01,1.313708216298687670e-01,3.462859805959428439e-01,6.916854048156315105e-02,7.366120337311576893e-01,3.132366636455278797e-01,3.083152756849423248e-01,3.114049869680300398e-01,3.488630909843049022e-01,5.095427372938973187e-01,8.209565517001827795e-01,4.936661495003172861e-01,4.861898643489278582e-01,2.963004985510784284e-01,3.198718499237205859e-01,3.708108816967976007e-01,5.821020378475172397e-01,3.794508457830782500e-01,5.938848171622765904e-01,3.132068065315053440e-01,3.329134719465495218e-01
