0.000000000000000000e+00,3.182664259485136204e-01,2.399351380410058576e-03,2.317040266813588101e-01,8.800226104564247420e-02,2.613947252196280324e-01,6.770951203746017333e-02,4.205624564723563497e-01,1.426420451663718836e-01,3.388003714241064612e-01,1.194175961626346982e-01,2.663574899034533705e-01,8.347375176525741181e-02,1.667699516120672298e-01,3.199241421034298427e-01,1.949754702758968450e-01,5.580026672425442147e-01,4.514024879695784920e-01,4.035209805886794121e-02,9.003881791834078552e-02,6.809910747810498099e-01,2.290425098580504137e-01,3.271035249433285053e-01,3.808842426983510832e-01,4.741688697479886083e-01,5.806192464304156253e-01,1.571809654757082564e-01,1.900223368284206515e-01,3.298220928183026035e-01,1.326618585825539709e-01,1.568327009293896124e-02,3.383790498408726921e-01,3.721683202259868373e-01,1.684285980395816007e-01,2.222693970811983610e-01,3.881711061050808764e-01,2.688442224409883299e-02,2.003839791648256152e-01,3.507609586794031564e-01,4.513567247130452209e-01,1.115424095377827718e-01,2.841267934173600795e-01,1.399041350471783296e-01,3.245203762471647602e-02,2.857502427227722186e-01,8.007347643390857472e-01,3.498824074890032332e-01,2.837671330909508072e-03,1.507299257298563289e-01,7.044584029346770415e-02,2.912422729206890493e-01,1.209605326212759291e-02,3.516277389473839721e-01,2.021918858232989447e-01,3.983864508103041602e-01,1.990508963556875122e-03,2.746981160389844190e-01,4.393498152850200400e-01,1.072451434599342723e-01,5.462093941064571911e-01,3.893376540421792376e-01,4.773116317214276538e-01,3.987613554678585692e-01,7.409507905789400328e-02,3.501127388897657400e-01,5.851089643605864588e-01,4.869043102690728819e-01,3.390455190069995295e-01,3.420023596619640172e-01,4.952239771860847406e-01,5.449699918856469871e-01,2.177251443293111433e-01,4.235953695165220467e-01,4.327677788834873307e-01,2.526110714527461942e-01,4.159871231534194025e-01
3.182664259485136204e-01,0.000000000000000000e+00,2.861223325176633359e-01,1.078441940417187439e-01,5.273761840915536236e-02,6.655650651977136345e-01,1.595332898256167919e-01,3.515097578785535970e-01,1.982005231891077190e-01,5.297427937713430346e-01,7.546317527032149475e-02,3.714132122096822641e-01,1.129848627239931069e-01,1.534557337959215062e-01,2.630097729291117625e-01,3.424611650625658532e-01,5.796686616788623292e-01,7.285633436570743138e-01,2.410552587453184403e-01,2.718103731671855927e-01,2.440592353069040155e-01,4.722972770655327057e-01,4.633427071562704058e-01,6.369296079119135534e-02,9.131922502575622325e-01,7.663461954741703774e-01,5.805074407026025174e-01,1.557819176162900665e-01,5.429584021054409959e-01,1.105469300562803570e-01,1.182929391116501749e-01,1.969826102950640312e-01,3.260568611265476369e-01,1.130718931791087623e-01,2.720493794705039492e-01,6.014031048419162806e-01,9.325518351634338489e-04,4.193586115845679418e-02,2.662508377982756302e-01,4.272554032665161761e-01,1.754167486254532837e-01,5.276718491309185799e-01,7.939714738988655485e-02,3.069681310857529100e-02,2.907113138442417588e-01,2.638511210818758612e-01,8.526557027873191696e-01,2.711878708867087040e-01,8.079895543925175172e-02,4.569315492003774015e-02,7.023602220789877393e-01,1.345255513644916245e-02,1.929154976189627613e-01,2.498405260296649999e-01,3.867004962577222926e-01,1.178764675392604405e-01,4.353292420726885825e-01,3.553395963668650182e-01,2.313270639207256896e-01,3.518188145851272042e-01,4.970448979727988825e-01,5.799491891888355344e-01,3.308983217522905029e-01,2.821252175558812691e-01,4.660850521565149673e-01,1.418145821066314205e-01,6.913453524486192769e-01,2.977739289592573613e-01,3.470211059918990038e-02,7.482595468482537981e-01,6.631219604650404609e-01,4.959902793834232160e-01,4.499182256080030973e-01,4.782011853294547699e-01,2.823273549712357888e-01,3.693974085303824983e-01
2.399351380410058576e-03,2.861223325176633359e-01,0.000000000000000000e+00,4.298711064006706106e-01,6.861905838366304522e-01,5.630693069003378515e-03,4.329389341587064344e-02,1.251145956411453541e-02,9.197778892465330314e-01,4.107393311656823975e-01,9.424029883941323904e-01,5.812138818159054421e-02,1.973068306776666336e-01,1.276197286019135069e-01,6.605634000542972561e-01,2.899745609115199074e-01,3.130996236605675387e-01,2.530956039666812929e-01,8.665779059709558529e-01,7.068758509262123013e-01,7.794004460727810280e-03,6.989481507772041802e-01,5.036601431509295512e-01,1.347606626918119166e-01,3.251969048843392773e-01,2.067261520356886428e-01,6.486466319817483228e-01,2.904862635188121822e-01,2.594122875631259539e-01,4.522677632759531940e-01,2.288886688568194383e-01,1.979337873294509387e-01,1.553685025329347991e-01,3.862604143321916039e-01,4.649709729244291267e-01,3.939117965263764787e-01,8.908546634334929548e-02,1.755344977103199255e-01,1.042732135301248919e-01,7.584366461427731465e-02,3.320430198919627762e-01,4.686818394331904725e-01,6.358378046871775158e-02,2.671840961363085576e-01,2.608582926009952452e-01,7.193565271125468286e-02,4.600414226507469895e-01,9.870559349534461235e-01,1.047783401220634680e-01,7.441760053948205389e-01,1.998281477275111184e-01,4.077849914922513364e-01,1.557839848605967470e-01,9.085170903902397566e-01,4.290195896037465317e-01,9.792501082090826481e-01,1.964663792045547031e-01,3.725904421804631661e-01,2.470987450604575919e-01,5.089506008650086510e-01,3.916083401287870913e-01,3.759725607991938334e-01,3.218896761156797015e-01,8.376262394802074240e-01,6.748317513287773739e-01,8.738440981136796903e-02,6.641224817129101066e-01,3.027410713674721920e-01,1.931748455695172506e-01,3.775281097733115265e-01,2.778992078349526440e-01,5.562109761756235393e-01,4.808013726245584651e-01,3.298793480604664818e-01,8.950951561737718887e-02,2.252248298983048347e-01
2.317040266813588101e-01,1.078441940417187439e-01,4.298711064006706106e-01,0.000000000000000000e+00,1.442548622845079842e-01,2.729013019736294954e-01,1.147967446126661184e-01,4.683026809960001702e-02,4.308847662737876894e-01,2.578504296479788849e-01,3.002012576281723466e-01,2.021085424377161155e-01,4.925400918230324332e-02,2.876906173568739011e-01,4.662477982276295174e-01,1.786389675244375030e-01,1.385804149768610216e-01,1.562484963882046773e-01,3.355612093481212810e-01,3.996826708233647829e-01,2.391581974315518389e-01,2.873783896950916072e-01,2.446242043100941566e-01,2.353263664230244023e-01,2.735074435809872750e-01,8.165429913520219629e-02,5.139421479980188501e-01,7.881083251867457284e-02,4.906511074933010419e-01,1.567325842788436785e-01,1.768806091371624145e-01,2.070564674913328573e-01,2.367420490592189175e-01,9.192191234268423661e-02,3.889586669725202950e-01,2.747479944047246381e-01,1.940076271516951167e-01,2.971078493247963914e-02,2.852332477678964917e-01,2.732959909337017157e-01,1.045965154004074443e-01,3.727168366647626851e-01,2.545634482504884888e-01,5.112617773004531074e-02,2.109444041938516312e-01,1.801032673570636122e-01,2.211412670230440136e-01,4.613772212322828636e-01,1.802167368822727433e-01,2.739955111730958959e-01,1.499804196545048984e-01,3.773938715913351949e-01,4.446530558623215668e-02,4.088912042699736071e-01,2.845498928591331800e-01,3.006856475033506948e-01,1.544272254276273793e-01,3.293422190164240759e-01,1.629646245506732871e-01,5.727332064808461354e-01,4.722902079893251948e-01,2.528450040446972302e-01,4.287862932625855494e-01,3.040993740315876548e-01,5.510749722758947478e-01,2.814034547877992676e-01,4.772733665765723776e-01,2.606579225038898051e-01,1.514637350767610025e-01,3.935215819776391455e-01,2.105119414572273751e-01,4.339691518786223390e-01,3.430775633467551544e-01,4.673154381558873860e-01,2.930864010974310041e-01,3.647949738601913849e-01
8.800226104564247420e-02,5.273761840915536236e-02,6.861905838366304522e-01,1.442548622845079842e-01,0.000000000000000000e+00,2.043304193878413277e-01,5.192347014518193804e-01,3.502745491144414469e-01,7.603561837672505597e-01,3.630105449686556462e-01,6.740985117452861219e-01,6.734877996883584239e-02,4.212022628085113629e-01,2.426953963429666628e-01,3.778173497667104419e-01,2.396301177079666611e-01,2.116360835957784292e-01,8.927274144352267959e-02,4.893447070190095616e-01,5.080177823489797628e-01,6.637828569927145539e-03,3.804902214132690474e-01,2.245506435490383368e-01,1.547861885464424936e-01,6.259377903776679186e-02,3.236900810694121056e-02,5.135650285702568763e-01,3.023493453359551442e-01,1.577980970199880650e-01,4.350000213528626425e-01,4.085730874343592722e-01,3.907366954800036152e-01,4.113427607396316077e-01,2.704887615653529531e-01,2.296794822935121216e-01,1.437070454470008585e-01,6.808214665945833133e-02,3.639967273837468320e-01,3.357238493803069712e-01,4.206763303225331541e-01,5.744505450665687157e-02,3.431652572602677392e-02,2.827299619066089287e-01,3.395037237298602073e-01,1.114609162093839895e-01,1.763932625467543036e-01,1.849533507017856460e-01,6.209463137069195504e-01,1.659225082579770527e-01,8.918058334224294725e-01,2.474843431367884372e-01,5.000493802119196918e-01,5.125441354840518660e-01,6.933215192255530734e-01,3.751814335325646121e-01,8.087163687561753633e-01,5.099520740744348246e-02,1.951486530961085430e-01,9.903466582530207063e-02,1.886070402738542484e-01,1.753254201830009018e-01,1.663857900643542220e-01,1.764463467670380759e-01,4.324092634866917306e-01,3.135140273247738474e-01,2.340983179436713357e-02,2.428307189203806060e-01,4.869443857264255104e-02,2.956896436326745814e-01,1.809732281535826326e-01,4.042904490677123874e-03,3.026050004092162293e-01,1.652973378557589246e-01,7.898037272375735274e-02,2.323591434581959436e-01,7.779514505370732635e-02
2.613947252196280324e-01,6.655650651977136345e-01,5.630693069003378515e-03,2.729013019736294954e-01,2.043304193878413277e-01,0.000000000000000000e+00,2.172720295716284999e-02,6.286270981270708491e-01,6.446346534218827529e-03,4.072625137620246027e-01,1.615193231738884516e-01,5.530321520728116447e-01,3.114940234998837543e-01,2.195724724400038852e-02,9.589816949268209489e-02,3.538545156636602185e-02,3.557999463177812238e-01,4.833532799545948166e-01,3.713514770370615614e-02,1.925169626139883183e-02,2.613515661829219350e-01,9.228108148855790338e-02,6.034530300985946338e-01,4.199162576875688502e-01,6.145833164002207916e-01,7.047651681916948796e-01,2.277137873409670887e-01,9.626831982530842380e-02,3.764163989555525669e-01,8.615758043549341660e-02,2.643249053239855595e-01,3.052847937422263902e-01,3.706857488962083114e-01,9.972697589585044486e-02,2.673771503913249248e-01,5.034012547209768540e-01,1.508582282804910579e-01,3.938818872922106307e-03,2.839237931377143198e-01,4.180367451574361626e-01,2.040909653917924449e-01,4.345344128311735554e-01,2.145658159378164842e-01,5.680643738245565871e-02,5.051024995165250692e-02,1.765146386959427494e-01,3.856799761726162346e-01,9.386734970469046146e-04,1.056777220673301848e-01,2.116410544865596766e-01,6.049076967102733349e-01,1.343241757803522729e-01,4.612969906674853626e-01,1.827825605670574394e-03,2.427059990195561956e-01,4.042898078700737918e-02,5.002861295796174890e-01,4.223263539113055742e-01,9.025910936529109307e-02,3.222948377017451627e-01,2.466937366042252222e-01,2.965117109724708655e-01,3.048315531073075846e-01,4.054501681352923326e-02,2.323141409554387304e-01,2.225413475854084722e-01,4.149939634091511786e-01,5.010198607928151304e-01,3.095435069623768132e-01,3.765692670970526290e-01,5.356906960201577306e-01,2.383239836519598365e-01,1.865666711878379846e-01,1.597139801760811828e-01,2.131341636641281567e-01,8.145337451532685957e-02
6.770951203746017333e-02,1.595332898256167919e-01,4.329389341587064344e-02,1.147967446126661184e-01,5.192347014518193804e-01,2.172720295716284999e-02,0.000000000000000000e+00,2.324355941790246238e-01,2.005728977983377292e-01,3.792197756643439499e-01,5.542090668196358871e-02,2.760087074701342846e-01,6.101661969082969872e-01,3.203813284714400744e-01,4.018488644521667902e-02,2.913630073833473055e-01,3.655969897879957076e-01,3.093155096205825183e-01,5.164161087393370764e-02,1.728624133951527642e-01,9.009789653723965230e-02,1.516405807831542885e-01,6.419109921478940994e-03,3.067608351391596516e-02,2.426332455741298522e-01,2.596606736620182820e-01,1.954482659162064540e-01,2.178220884943493085e-01,2.657808810839572544e-01,1.385405811960656597e-01,2.751540170200733604e-01,2.128651972392468505e-01,2.398513527585537375e-01,3.428142877615911188e-02,9.097246430375331705e-02,3.438814702956263791e-02,1.783716513260052428e-01,4.853748962555245461e-01,2.542047845156651942e-01,3.380842419333431326e-01,1.599307072663954388e-01,1.336345456508983010e-01,3.461096733186891372e-01,2.128870048614978638e-01,4.069971385848637768e-02,1.571687966373686018e-01,1.519003173312461763e-01,1.999020248005911604e-03,2.215749767955005334e-01,3.722377217512495839e-01,2.305922067319008395e-01,3.286154804919666494e-01,3.680764355955678524e-01,1.527190432580828594e-01,2.250010494629153812e-01,2.155549535774103631e-01,1.066755646979583444e-01,1.165960220604562170e-01,8.082532970381742232e-02,2.390974300071464775e-03,3.925438807479246506e-02,7.770442342316677409e-02,9.230388836302882982e-02,5.391429195601274427e-02,3.185931478293579922e-02,7.343650271469581714e-02,2.939315321592747554e-02,1.669547626528826434e-01,2.029169078663453640e-01,1.821203166686345409e-01,7.600049561563029799e-02,1.641995547089086793e-02,5.503586519473373240e-02,3.719633733849446455e-02,3.299430850579819219e-01,3.652380659326270873e-03
4.205624564723563497e-01,3.515097578785535970e-01,1.251145956411453541e-02,4.683026809960001702e-02,3.502745491144414469e-01,6.286270981270708491e-01,2.324355941790246238e-01,0.000000000000000000e+00,1.022407189542000050e-01,2.453330392573358221e-01,1.608336494279238305e-01,7.470364523955514979e-01,4.933307012451471074e-02,1.128451935524402150e-02,1.501934296075453368e-01,1.802364611694762531e-01,2.939808653207116595e-01,2.824357557857109513e-01,2.305254304115111896e-02,2.932243784182275714e-01,1.275401663464251767e-01,7.766447161606224170e-02,6.148394588217069856e-01,4.539778022628093712e-01,3.056220841046041747e-01,6.343746057823308471e-01,1.188577438362382055e-01,9.147123904826304219e-04,1.834182935997768216e-01,2.461733975362325744e-01,4.533500669449169740e-01,2.761316266413472720e-01,4.227509494075294416e-01,1.441266776066994493e-01,2.039606746154399852e-01,3.284625480971194444e-01,1.245286013585522461e-01,9.544228247076000371e-02,1.999878452803201256e-01,4.845863525020290830e-01,1.290206719346684849e-01,3.197846482509721922e-01,7.069839829981955370e-02,1.306778606543923527e-01,9.168688898372677476e-02,3.593109188928321207e-01,8.520966275805669232e-02,5.403346413935178338e-02,2.553121072357051116e-02,2.913609657704318012e-01,5.269110049006325847e-01,3.618501363763130252e-01,7.681434707251260097e-01,8.212861686313716048e-02,1.968240039425164789e-01,6.721025800438412690e-02,7.031081644001645481e-01,2.584083441003686699e-01,2.481681642784394626e-02,3.035975603349033713e-02,5.824708976162634722e-02,2.596775295769714331e-01,1.716430417428878308e-02,1.834510586767135187e-02,3.198343700400033129e-02,2.828087969842862925e-02,1.877293583992262205e-01,4.793058232622837700e-01,5.159503398922907769e-01,4.575070230275765648e-02,4.840507542524935536e-01,8.112326341670372809e-02,1.462146915803476110e-01,1.903577316065143132e-01,2.202341928602216670e-01,7.071110428489585376e-02
1.426420451663718836e-01,1.982005231891077190e-01,9.197778892465330314e-01,4.308847662737876894e-01,7.603561837672505597e-01,6.446346534218827529e-03,2.005728977983377292e-01,1.022407189542000050e-01,0.000000000000000000e+00,5.455444710075791903e-01,8.212419947502962447e-01,8.304193867435785692e-02,3.433177734748761867e-01,6.429989310624149856e-02,6.179092370225194308e-01,2.824498572168074872e-01,4.220434672960741707e-01,2.340016578794571478e-01,7.037894185324377050e-01,6.691337270347155197e-01,1.532981448612100728e-01,5.920849304576565331e-01,4.001216632138798746e-01,7.602906137337794856e-02,3.092418850312119716e-01,2.417694359860668718e-01,6.965381180645644488e-01,3.056727094726673921e-01,3.943147113008822480e-01,4.388124245753075581e-01,3.952777607504518453e-01,2.526972361618701757e-01,1.925134751382442111e-01,3.095449998547002424e-01,4.649268984811453231e-01,3.947040049617110413e-01,4.747111866436994065e-02,3.462546353713893410e-01,1.695855660554350386e-01,1.738332877963957024e-01,2.013578455209923956e-01,3.530503494460934810e-01,8.539709513673221508e-02,3.324478759641327774e-01,2.400039960549052442e-01,3.885867182597865788e-02,3.756949693410587821e-01,8.563631792757573358e-01,1.670414494279323092e-01,7.776697312339231338e-01,5.188969343739080475e-03,4.520594457230613927e-01,2.628511284597416231e-01,8.938400990181919470e-01,5.494972826619453077e-01,9.175676680584475831e-01,2.122454768453410912e-01,3.801625475258836317e-01,1.922179447148793241e-01,5.916095313579503578e-01,4.626615945071157476e-01,4.271163871694584335e-01,3.889239611088348703e-01,6.609747426428034256e-01,6.774565792289235500e-01,2.456267372534505777e-01,6.553626475347069658e-01,2.465852944746557140e-01,2.115731360535704764e-01,4.087372660351829001e-01,2.618770399125814330e-01,5.422373366319740429e-01,3.684705610474857118e-01,3.664202925912468656e-01,2.628570894537732294e-03,3.437658853124858083e-01
3.388003714241064612e-01,5.297427937713430346e-01,4.107393311656823975e-01,2.578504296479788849e-01,3.630105449686556462e-01,4.072625137620246027e-01,3.792197756643439499e-01,2.453330392573358221e-01,5.455444710075791903e-01,0.000000000000000000e+00,2.677842334450554751e-01,4.419277214958894917e-01,3.901784994357111458e-01,3.716968062982745763e-02,4.542834194242634238e-01,3.460848558179388523e-01,7.012553983613266650e-01,4.464242819769808079e-01,2.967072826600571367e-01,3.357040909581124888e-01,3.462286042372058059e-01,4.108846481126598449e-01,4.627573836094413529e-01,1.454669455835060077e-01,5.584347988962383713e-01,6.864441800023683982e-01,5.808969095486564704e-01,2.070189442790426604e-01,4.501553839633369303e-01,2.037048944486424262e-01,3.660700283895515494e-01,1.638961252972558902e-01,3.176643881992652352e-01,3.119428839812119492e-01,7.745721344787677154e-01,5.445328791078131170e-01,1.488522445307222386e-01,3.920571246452343450e-01,1.323423465967540069e-01,3.173651091993957563e-01,4.276824931539409125e-01,6.509886524557328968e-01,1.832430248042654086e-01,3.609007531076009467e-01,2.315047725237877052e-01,1.479714572562055852e-01,4.960254501053522613e-01,4.057600559945249152e-01,3.175344686641219938e-01,4.253774040015722013e-01,3.216754284421468602e-01,3.904706568640623487e-01,6.759189504792101344e-02,5.834860792313858457e-01,8.114718853425774148e-01,4.808779607937703204e-01,5.620931588552672276e-01,4.615252183291159715e-01,1.661816488359368627e-01,5.486588473646993869e-01,5.001262420052943192e-01,6.694802056549331581e-01,4.565277769040895217e-01,2.329938009778707853e-01,5.691247724378878381e-01,4.186901677514118236e-01,6.065568739834670264e-01,3.246175358229325680e-01,8.714162338519615414e-02,5.146631696343488827e-01,5.590049584301577390e-01,5.568957614523533106e-01,3.340454556715156675e-01,4.723618289571636097e-01,3.100534732576574748e-01,4.661368910306443736e-01
1.194175961626346982e-01,7.546317527032149475e-02,9.424029883941323904e-01,3.002012576281723466e-01,6.740985117452861219e-01,1.615193231738884516e-01,5.542090668196358871e-02,1.608336494279238305e-01,8.212419947502962447e-01,2.677842334450554751e-01,0.000000000000000000e+00,1.192013909665351479e-02,2.015750344266336036e-01,4.798712022668918942e-02,5.195327901575539364e-01,2.028982057327465005e-01,1.936919044538514822e-01,1.160608525929731905e-01,8.835794223110829959e-01,5.802748225288922868e-01,9.250092313043697945e-02,5.986903729152153186e-01,3.408323092759710793e-01,2.096853218672222741e-01,1.119121733854319817e-01,3.330600782188050668e-02,4.609834730681183212e-01,3.090230761914227742e-01,1.435315364974568408e-01,4.317811650692603420e-01,2.131709790937061921e-01,4.494525124214656664e-01,4.009997012975367037e-01,2.901259354508883836e-01,2.617542436905417880e-01,1.487214642792467345e-01,2.970310245932420573e-02,1.504980680944985605e-01,3.272462895090535451e-01,3.384548860887915955e-01,1.203240595395508317e-01,1.292282700812897589e-01,1.286767292623700876e-01,2.919722928419415386e-01,4.805908604430075143e-02,1.913564364632058257e-01,2.559779664912333330e-01,8.803574594651669694e-01,4.191354210339486019e-02,7.118352889644037340e-01,3.509258054527064630e-04,3.233363727256181042e-01,2.827462104607113003e-01,7.174132316933331532e-01,2.736119717935690532e-01,9.423590558777921178e-01,8.221758800536752010e-02,1.587718955927635567e-01,1.910915659283203838e-01,2.760511423027265376e-01,1.575504964932627761e-01,1.952967616573704213e-01,1.141703092808239312e-01,8.214268338990841078e-01,4.396315402235582148e-01,8.199682505042343861e-02,4.026100580131963813e-01,1.142834962859787806e-01,2.600415137338095706e-01,1.896046288290947068e-01,5.206384067310115826e-02,3.082274134030507096e-01,2.699037376132105148e-01,1.060226411306019745e-01,1.430879279178837449e-01,2.341154404039938464e-03
2.663574899034533705e-01,3.714132122096822641e-01,5.812138818159054421e-02,2.021085424377161155e-01,6.734877996883584239e-02,5.530321520728116447e-01,2.760087074701342846e-01,7.470364523955514979e-01,8.304193867435785692e-02,4.419277214958894917e-01,1.192013909665351479e-02,0.000000000000000000e+00,3.906785250313108415e-01,1.824751691572678858e-01,1.352037568465580541e-03,4.805179955505410605e-02,3.931842753560739756e-01,3.140389091898464491e-01,5.510450338163191963e-02,7.526898371457560466e-02,1.309833448032511061e-01,9.753076399385107731e-02,5.159337185242560686e-01,4.842066328178821766e-01,3.550986490534825402e-01,6.740391628917479228e-01,4.491387938005883540e-02,2.754424111109922690e-01,4.081291258603817612e-02,5.352456835158772575e-02,2.404582754006440171e-01,1.595810429438219713e-01,3.683068205843951781e-01,2.196717490392388616e-02,1.779786406588065861e-01,2.133051094859519659e-01,1.952466362245555975e-01,2.184396966628772141e-01,1.183681117569114899e-01,3.084999290195708510e-01,1.146518327049201175e-01,3.047069292449057221e-01,1.752911829474499694e-01,1.323821824444763873e-01,1.239006765597241710e-01,1.612880975976403730e-01,2.065155925563941230e-01,4.174851823753511493e-02,2.039024619112541625e-01,3.518500451001374540e-02,4.450584371358409785e-01,1.054706499252884844e-01,4.902859347295626113e-01,6.082931291626578196e-02,3.697639414461819096e-01,1.071830320493682986e-01,7.851239583745905914e-01,4.093879025910465153e-01,4.131290423015965274e-03,7.163087478975430078e-02,1.613504562615557247e-02,2.988015834841205587e-01,8.323920785151263380e-02,1.429100213617398585e-02,5.320899628173710039e-02,8.063917727367056476e-02,2.211781176349559286e-01,3.165987959962036635e-01,3.932793527444790604e-01,1.068426705155418599e-01,4.654504218930682335e-01,1.130870410638145848e-02,2.858945850152754264e-01,1.022544242524569547e-01,1.039784811208349646e-01,4.896145948890580357e-02
8.347375176525741181e-02,1.129848627239931069e-01,1.973068306776666336e-01,4.925400918230324332e-02,4.212022628085113629e-01,3.114940234998837543e-01,6.101661969082969872e-01,4.933307012451471074e-02,3.433177734748761867e-01,3.901784994357111458e-01,2.015750344266336036e-01,3.906785250313108415e-01,0.000000000000000000e+00,2.275799007334158852e-01,1.585312104757644891e-01,1.616161884032883689e-01,5.117459373526352939e-01,3.320828326990393209e-01,1.390294653592287766e-01,1.526678876850238453e-01,1.627194261440525203e-01,1.573706182491069749e-01,2.503650269475875545e-01,2.302745485730295361e-01,1.918729832636267840e-01,3.890039326223282412e-01,1.828742737020929710e-01,5.313292469023435105e-01,3.795747598942420531e-01,2.070352694017160433e-01,1.679462695795000959e-01,3.589659378686754776e-01,1.351036585077675101e-01,2.727461270396228099e-02,1.515844897870459174e-01,9.314841467417800391e-02,1.563489453246235672e-01,3.705230437271204158e-01,3.365439176883831540e-01,2.533918061519566112e-01,5.814010902787267177e-02,2.403214124396847728e-02,6.725703162585990047e-02,2.137070839813162149e-01,1.691520810862029434e-02,7.692475769010984066e-03,1.009869410275013035e-01,1.203898621101528732e-01,2.286955665795832038e-01,3.983572720085926111e-01,1.189972123619587041e-02,2.819299452766225178e-01,1.053732640101450180e-01,2.493974910270179701e-01,2.458575886239807717e-01,3.053342567886880299e-01,2.223279025682388665e-01,4.956375275718786222e-01,7.454788669688222624e-02,2.010239695467896937e-01,7.494286387085720424e-03,1.734254271403400383e-01,2.825008960575071670e-01,1.061777046471830688e-01,8.783385761055476082e-02,1.259426373203292870e-01,1.231175547570212137e-01,4.791267857440467681e-02,1.369774263232972911e-02,1.467248169144756698e-01,2.056238825595524400e-01,2.911637190008788123e-02,9.152901008574160224e-02,2.636740118101000424e-02,2.977759290241526746e-01,9.016280280759617072e-02
1.667699516120672298e-01,1.534557337959215062e-01,1.276197286019135069e-01,2.876906173568739011e-01,2.426953963429666628e-01,2.195724724400038852e-02,3.203813284714400744e-01,1.128451935524402150e-02,6.429989310624149856e-02,3.716968062982745763e-02,4.798712022668918942e-02,1.824751691572678858e-01,2.275799007334158852e-01,0.000000000000000000e+00,6.709000648216723039e-02,1.166357308071543225e-01,6.588365500456258572e-02,9.583276084826346242e-02,1.185579082361066378e-02,1.063275224491461446e-01,8.947168224754514787e-02,1.160810951874681612e-01,1.239535824335230574e-01,1.919390440755710803e-01,1.868789144355752496e-01,7.926157821594191633e-02,1.551732266642254499e-01,8.763710031387678123e-02,2.102212921741323792e-01,1.845591639249133387e-01,2.714028317052076533e-02,1.561490383512415536e-01,2.074920587502947222e-01,4.200199347063310329e-03,1.814216709610019795e-01,1.833283471771714745e-01,1.142644108750296289e-01,2.766070610649306594e-01,2.440734087002650043e-01,2.348286050218355292e-01,1.494167190982478577e-01,3.248757811873862478e-01,2.561526279854480226e-01,1.493613488268064893e-01,7.965576358349589492e-02,1.664122070886289717e-01,1.749946876843771482e-01,1.676533448838029017e-01,1.915323771542025155e-01,9.363567896735602858e-02,2.608660430566248634e-01,1.539601006063053279e-01,1.773996942450192793e-02,1.534623202375473838e-01,1.018995175019154764e-01,1.390255144685839661e-01,3.505513359579287558e-02,1.770253937185161663e-01,2.196194821565793653e-01,2.536063654487624164e-01,3.019332576215161268e-01,2.195459730103745954e-01,1.087362576307402823e-01,2.507429430958995481e-02,3.622508674991599675e-01,1.519338365026541293e-01,2.716169051536512224e-01,6.087593627800672036e-02,1.839351419670113841e-01,1.879488919231928068e-01,9.981271349507719881e-02,3.321887240443948675e-01,2.723481819865287701e-01,4.537534270500176992e-01,4.167862862136157420e-01,3.662229913018255067e-01
3.199241421034298427e-01,2.630097729291117625e-01,6.605634000542972561e-01,4.662477982276295174e-01,3.778173497667104419e-01,9.589816949268209489e-02,4.018488644521667902e-02,1.501934296075453368e-01,6.179092370225194308e-01,4.542834194242634238e-01,5.195327901575539364e-01,1.352037568465580541e-03,1.585312104757644891e-01,6.709000648216723039e-02,0.000000000000000000e+00,4.529291348012258744e-01,4.022458047466959674e-01,2.732580451932091758e-01,5.315956340643854805e-01,7.759637951108597775e-01,4.074148728046411150e-01,8.119849526416632601e-01,4.139284713726064102e-01,7.988643955092861182e-02,4.412509317128938124e-01,3.023004270599526921e-01,6.864087026375955691e-01,3.319464714314448450e-01,4.897348573340357114e-01,4.399693230368985630e-01,4.510162719598945769e-01,1.959359511115811928e-03,2.703929618165506338e-02,1.030242957369794099e-01,5.710847062011890074e-01,3.563596045445060478e-01,9.166562896496546764e-03,1.934274225832356975e-01,4.804909379001596342e-02,1.291585157809562734e-01,5.752774325910955944e-02,4.307119647297361631e-01,4.144266639025027954e-03,2.389396216602122924e-01,2.988253296596368735e-01,2.116203615792348891e-01,5.198534140980948237e-01,5.806375493121963549e-01,1.328463248571352118e-01,4.790676403193346866e-01,2.142964738947815972e-01,4.659086997249421991e-01,9.860770958189174484e-02,6.537242382703156718e-01,5.648685243543651868e-01,5.992845580773930037e-01,1.047282197494920769e-01,4.294785919537875696e-01,1.763017377502275052e-01,7.820895815569728349e-01,6.192910740159698335e-01,4.143667757568740284e-01,5.532320760915014901e-01,5.126965263736541489e-01,7.872170110453091674e-01,5.091026142036088054e-01,7.776331148229461698e-01,3.569569917982071683e-01,2.985801533567450372e-03,5.367084287237134932e-01,3.481507858217278151e-01,6.959457704111676746e-01,4.843040899619521222e-01,6.446055759277626862e-01,7.951046934696068269e-02,3.914518995190219286e-01
1.949754702758968450e-01,3.424611650625658532e-01,2.899745609115199074e-01,1.786389675244375030e-01,2.396301177079666611e-01,3.538545156636602185e-02,2.913630073833473055e-01,1.802364611694762531e-01,2.824498572168074872e-01,3.460848558179388523e-01,2.028982057327465005e-01,4.805179955505410605e-02,1.616161884032883689e-01,1.166357308071543225e-01,4.529291348012258744e-01,0.000000000000000000e+00,5.417484051462698735e-01,4.397728749794205805e-01,3.007166749371857906e-01,3.638649949467316902e-01,1.540289849689129298e-01,4.950254946902701847e-01,1.124257647080007111e-01,2.555291057261447341e-01,3.433871836799289312e-01,1.699668512443491264e-01,4.469037749400033843e-01,2.735648526483765441e-01,3.766258759769551268e-01,3.471413140688950905e-01,4.752255356551545740e-01,9.876284418580122404e-02,1.502073959868228115e-01,3.173762690561088284e-02,2.742021757237305124e-01,5.153652167932394335e-01,6.463083972914678010e-02,2.127163340097518729e-01,6.818570299131429535e-02,1.206590460828973199e-01,6.219386863169690249e-02,3.467224083948031721e-01,1.845495584315373638e-02,8.929703013865539218e-02,3.180588787536859918e-01,6.682389472146027520e-02,3.248116886172114914e-01,2.055763504303417533e-01,1.845047237630912940e-01,3.081081859276239565e-01,3.740925494929858708e-02,3.160854917978820344e-01,2.695049453789390426e-01,3.132475284294993778e-01,3.281566717247951237e-01,2.579312507193609605e-01,6.964525687893114922e-03,2.201311610695850518e-01,1.716583059624368079e-01,3.700436010350215410e-01,4.795767425621577096e-01,3.419869535905860625e-01,3.429438325230992346e-01,2.413968122621302226e-01,3.637458879787344168e-01,1.968399283662178589e-01,4.285662830145833824e-01,4.991520387220554217e-02,3.399519949942552133e-01,3.071173692626393836e-01,3.697776981385991757e-02,3.307869806901541088e-01,2.749832539289712718e-01,3.323952151337593586e-01,1.453370145385566303e-01,3.222382047272501215e-01
5.580026672425442147e-01,5.796686616788623292e-01,3.130996236605675387e-01,1.385804149768610216e-01,2.116360835957784292e-01,3.557999463177812238e-01,3.655969897879957076e-01,2.939808653207116595e-01,4.220434672960741707e-01,7.012553983613266650e-01,1.936919044538514822e-01,3.931842753560739756e-01,5.117459373526352939e-01,6.588365500456258572e-02,4.022458047466959674e-01,5.417484051462698735e-01,0.000000000000000000e+00,7.571869552534755687e-01,3.187079698338214917e-01,2.852283195569003671e-01,4.040258578653458943e-01,5.094931185073392488e-01,3.517748486907991134e-01,2.266442422747022567e-01,6.527112714124012616e-01,7.540578026826734170e-01,3.514177916805297786e-01,4.245765768050873690e-01,5.051230642504880297e-01,1.404253959557063558e-01,3.328068235275798981e-01,1.403655428127026372e-01,2.978569264504351555e-01,4.259816328410770403e-02,4.305418073358434072e-01,4.825397442419148142e-01,9.632197468897532588e-02,3.750151120796304527e-01,1.164794133335179671e-01,2.904732333220753082e-01,1.129329224241878704e-01,4.261517926710681192e-01,4.806965560225769096e-02,2.385571522801856470e-01,3.453285718971306761e-01,4.456370065223619337e-01,4.562549985998856084e-01,2.522734492646249160e-01,2.638100380268311174e-01,2.987735988118359609e-01,4.321277840964784511e-01,2.825322017638798311e-01,1.427823756574787828e-01,4.593722106572480923e-01,5.970538117216572793e-01,3.551466655771553516e-01,4.213790813223908804e-01,5.859945058372069138e-01,1.593315621519789671e-01,5.340816572731036382e-01,4.499945819940177061e-01,5.942499594513793726e-01,5.097921829162960217e-01,2.764711625482628721e-01,4.990814856944587596e-01,3.634858778319159933e-01,5.927259088839715861e-01,2.159823703678118711e-01,2.067461982477035443e-02,5.218932565480062236e-01,6.097737927916275780e-01,3.791577415510140048e-01,4.499332267375407701e-01,5.288339346820700726e-01,1.796628921975479409e-01,4.062668671667450382e-01
4.514024879695784920e-01,7.285633436570743138e-01,2.530956039666812929e-01,1.562484963882046773e-01,8.927274144352267959e-02,4.833532799545948166e-01,3.093155096205825183e-01,2.824357557857109513e-01,2.340016578794571478e-01,4.464242819769808079e-01,1.160608525929731905e-01,3.140389091898464491e-01,3.320828326990393209e-01,9.583276084826346242e-02,2.732580451932091758e-01,4.397728749794205805e-01,7.571869552534755687e-01,0.000000000000000000e+00,2.760026797315954794e-01,2.223577616108247668e-01,3.349573975140386906e-01,4.777178723410402950e-01,3.624011062025337404e-01,1.138053027614706614e-01,8.311271328771445699e-01,6.902204129465697724e-01,3.150493142019387127e-01,2.854200327362370060e-01,5.717839938359965402e-01,2.796817072375765156e-02,7.780824699404442768e-03,3.311098672408685495e-01,2.572862230920320847e-01,9.269371158094963370e-02,2.647435561035835772e-01,4.466163189140839873e-01,3.298831780134986458e-02,1.369187425720664597e-01,3.578419259488359039e-01,3.645348444272978883e-01,2.130504119995851875e-02,3.432366503690297277e-01,1.581735095874070851e-01,1.031013981922549450e-01,3.555522936923733446e-01,4.412474584548237155e-01,6.329837594206110252e-01,1.588297657197608181e-01,2.443089271082653502e-01,1.106018776366533424e-01,5.709561299936007917e-01,1.620429876092492338e-01,1.927653636249955227e-01,3.083592766580417477e-01,4.351976711869744441e-01,1.786295725034468262e-01,3.204651052389178023e-01,5.216712677799446585e-01,2.605865482087914575e-01,4.117680134748986087e-01,5.420559366130734968e-01,5.278763197796898510e-01,5.474658625079480423e-01,2.613293057312374712e-01,4.206377690206450914e-01,2.852473112606830341e-01,6.291937761009729346e-01,2.246267554649649667e-01,7.915673480907356452e-02,6.460693529088303855e-01,6.125811659088702399e-01,3.863278223724644356e-01,5.388098320954450848e-01,5.339111480874227933e-01,2.118012360344896650e-01,3.188740011641808536e-01
4.035209805886794121e-02,2.410552587453184403e-01,8.665779059709558529e-01,3.355612093481212810e-01,4.893447070190095616e-01,3.713514770370615614e-02,5.164161087393370764e-02,2.305254304115111896e-02,7.037894185324377050e-01,2.967072826600571367e-01,8.835794223110829959e-01,5.510450338163191963e-02,1.390294653592287766e-01,1.185579082361066378e-02,5.315956340643854805e-01,3.007166749371857906e-01,3.187079698338214917e-01,2.760026797315954794e-01,0.000000000000000000e+00,5.310149995466241224e-01,6.615910499914889886e-02,6.468843626459652718e-01,4.061095947198025691e-01,1.385065263245830736e-01,2.819091431420986948e-01,1.812742341571130511e-01,4.206575736345181116e-01,3.162991159760605853e-01,2.107772633830175824e-01,4.114805114680482045e-01,1.283002471001700451e-01,1.592314591626258768e-01,1.273950171058723102e-01,2.086842081753340350e-01,3.361661025097008038e-01,2.788539384313780123e-01,4.406408801177846835e-02,9.735190948786973109e-02,1.001510051940572438e-01,8.471861592721974255e-02,1.675553153922934302e-01,3.354195717151026712e-01,1.237353814257683704e-01,1.822205761256139311e-01,1.963747334426724778e-01,1.127323623036945860e-01,3.220728499850894488e-01,7.754144418473981615e-01,5.080414022528286638e-03,4.749349154042386001e-01,1.388177036280960619e-01,1.439936204881664406e-01,9.233396279095551495e-02,6.361831504472500454e-01,3.260692338609936236e-01,8.472234999699660429e-01,2.039295404918031462e-01,2.213191683661344389e-01,1.867829654882578461e-01,3.995719677861953589e-01,2.721100129150601510e-01,2.990698526745012020e-01,2.516390851826900699e-01,9.331886082785925129e-01,5.057596956231968921e-01,5.418987036634584364e-02,5.559685247987620205e-01,2.035636654671637846e-01,1.300471735798651718e-01,2.694143025448259010e-01,2.242947104921368118e-01,2.959889354472664547e-01,3.735470496677863461e-01,1.812910159161104651e-01,8.111361065300110029e-02,9.883724954640706051e-02
9.003881791834078552e-02,2.718103731671855927e-01,7.068758509262123013e-01,3.996826708233647829e-01,5.080177823489797628e-01,1.925169626139883183e-02,1.728624133951527642e-01,2.932243784182275714e-01,6.691337270347155197e-01,3.357040909581124888e-01,5.802748225288922868e-01,7.526898371457560466e-02,1.526678876850238453e-01,1.063275224491461446e-01,7.759637951108597775e-01,3.638649949467316902e-01,2.852283195569003671e-01,2.223577616108247668e-01,5.310149995466241224e-01,0.000000000000000000e+00,2.496106385047983101e-01,8.702909467766196672e-01,2.625328394133158993e-01,5.176383455118761800e-02,4.395223113039223861e-01,1.772900700017426834e-01,7.071444242801890878e-01,2.757061972835598840e-01,4.895125880263406781e-01,5.101131511242178451e-01,4.185227929837326277e-01,2.883837313169610450e-01,2.989345761781930788e-01,1.001169429511808984e-01,3.441770376393050168e-01,2.984794012447142819e-01,3.764988965184515313e-02,2.169331164573399806e-01,1.945546650471139949e-01,1.697221196550836031e-01,3.192055730724707024e-02,2.682989570690620384e-01,1.029392017674823356e-01,3.304290798258006090e-01,2.717683189366210672e-01,2.753585630605143164e-02,5.093533841317047228e-01,6.666567178946145589e-01,6.344896968010986515e-02,5.701434813043722016e-01,1.739335881473068890e-01,4.836803890393074346e-01,3.381846858115183929e-01,6.899678220178665500e-01,4.117230677728108690e-01,6.248115189014944448e-01,2.618472035172786372e-02,3.619124538984721529e-01,1.526641879842050020e-01,6.135936892129467690e-01,5.600531815684548498e-01,3.244768147796863733e-01,4.757131765013801750e-01,5.523539240394432781e-01,8.443991897021434490e-01,3.216529924684068953e-01,7.433108107637055317e-01,1.528587052116547884e-01,1.067348268932424293e-01,5.441308867972587393e-01,2.259191930808886750e-01,6.703353342031007633e-01,3.898562442138459039e-01,6.017696340558201795e-01,1.686967305658363947e-01,2.623917730769819157e-01
6.809910747810498099e-01,2.440592353069040155e-01,7.794004460727810280e-03,2.391581974315518389e-01,6.637828569927145539e-03,2.613515661829219350e-01,9.009789653723965230e-02,1.275401663464251767e-01,1.532981448612100728e-01,3.462286042372058059e-01,9.250092313043697945e-02,1.309833448032511061e-01,1.627194261440525203e-01,8.947168224754514787e-02,4.074148728046411150e-01,1.540289849689129298e-01,4.040258578653458943e-01,3.349573975140386906e-01,6.615910499914889886e-02,2.496106385047983101e-01,0.000000000000000000e+00,2.595848007563484883e-01,1.874072710917659701e-01,2.604010559569065464e-01,4.631533680831231847e-01,4.815424022435770834e-01,2.476451141037633308e-01,2.023886805641338382e-01,4.509887761800786543e-01,3.807554971748366990e-03,2.553162288317870621e-01,2.041309544755761859e-02,1.400439818301166817e-01,1.494831513124783295e-01,3.631246986747891925e-01,2.632450947517722684e-01,1.142840101953106619e-01,2.935511605597855844e-01,7.056433025772065881e-02,2.389064001592692832e-01,1.152323718714229062e-01,2.082554215594238922e-01,2.309118748748652944e-02,1.849605233906528035e-01,1.952369434181295826e-01,5.940549224330440303e-01,3.422056109523534118e-01,2.038768814073396718e-02,6.669453899153059140e-02,6.401533144534585218e-02,1.969927442170266996e-01,1.228595605279201586e-01,2.448973900575574514e-01,1.788346863057128366e-01,3.898231101369960538e-01,4.024925868623568936e-02,7.554416148428896860e-02,3.052901208807551336e-01,1.354261402049242446e-01,5.593127116639314833e-01,3.817884840621492137e-01,3.715484915832009127e-01,3.588854431334507766e-01,4.523771836131462720e-02,3.920027505926283462e-01,7.427617478640013982e-01,4.787401205742395360e-01,3.484173403148213555e-01,2.494324315114949397e-01,5.159815552032225305e-01,4.680319704789769886e-01,3.449693457764771987e-01,2.505388629916819876e-01,5.009649410869158048e-01,1.295822163898964485e-02,3.393758958760950128e-01
