0.000000000000000000e+00,3.386825178069095554e-01,6.260770996496625718e-02,6.574613342549237571e-02,1.345072170390651800e-01,1.281530479746629259e-01,8.162161678774046414e-02,3.202911585780898740e-01,3.534603907831976310e-02,2.175597620553550438e-01,1.441900729147705118e-01,6.858886118147407285e-02,1.610241985573378498e-01,5.835765346257309333e-02,1.232332271951604996e-01,1.918587818520950394e-02,1.475187792744592774e-01,1.651310355586258494e-01,3.758745050387632403e-02,1.356082807024412418e-01,2.292262586150617398e-02,5.503578469865133549e-02,3.197508900460167003e-01,7.512713840979390323e-02,2.606316082205878404e-02,4.245467506650585365e-01,3.640433269246906023e-01,2.437949923301726829e-01,1.775949843810402107e-01,2.425519285600398200e-01,3.408938866732514894e-01,3.398668508483867479e-01,3.051029628462122445e-01,2.912404366577717174e-02,8.814592269355185639e-02,1.088103338411488819e-01,2.472695161315482670e-01,9.001077659195472203e-02,1.053505901214463886e-01,2.977323523100021685e-01,4.031978556561311988e-01,2.504269730024304974e-01,5.702893800182962797e-02,2.748569552209824129e-01,4.035271035482171365e-02,1.805458124655636709e-01,4.122239107039218364e-01,1.940724273178223436e-01,4.738033905795515643e-01,3.231832992467304488e-01,9.526289298070279854e-02,2.444687126720159198e-01,1.646007428106157633e-01,3.021166378462071256e-01,3.039436232930020076e-01,2.525033370299203939e-02,1.430962554816962162e-01,1.575679013326862221e-01,6.412003205396603345e-02,1.571665762345269002e-01,2.324209092558915390e-01,2.000992588256737259e-01,1.036756149119275605e-01,2.221862695643364027e-01,5.707587955256826495e-02,6.806766060468399937e-02,1.329914264442433325e-01,2.968669575490430201e-01,4.369144016526527174e-02,2.776339729111038657e-01,5.649112793550248313e-02,6.629386886695950998e-02,2.480722981333066679e-01,5.108303898601618265e-04,1.737294213693034439e-01,2.149942018041524905e-01
3.386825178069095554e-01,0.000000000000000000e+00,4.942595818657721241e-01,7.257802943306528032e-02,3.254153744609509236e-01,1.839330462966513036e-01,7.961426188046419328e-02,2.196249271837433237e-01,4.797615900649460086e-01,4.120994152908163399e-01,4.123636538451539990e-01,5.054906639389639134e-02,1.367474643963149106e-01,3.408477170284325286e-01,3.015967152830016373e-01,3.495599372302656827e-01,2.733384676404889135e-01,3.846929053019165767e-02,3.850827192261352394e-01,3.701509545409182311e-01,1.565190359902450812e-01,1.120039749089697390e-01,3.331783945796796820e-01,2.044645216661395426e-01,4.120354323624013104e-01,7.385559564922030695e-01,3.132514416876947538e-01,3.661485970659489331e-01,1.314691930544628629e-01,4.491060864026366062e-01,4.975926259312220545e-01,1.848118287932893622e-01,1.741505251221961703e-01,2.691110289769074737e-01,3.892884963243566782e-02,2.769842464184296693e-01,4.886984369818017648e-01,2.910500644988068819e-01,2.500829711180662662e-01,2.245811161929361921e-02,4.652119496278459554e-01,3.539896032441477436e-01,3.566738904163604951e-01,1.321252082529175698e-01,9.362121165336972917e-02,2.592527998260812927e-01,3.379548537829526467e-01,6.398973504599757556e-01,7.181267631847958466e-01,7.695509006894394322e-01,9.638582937940509687e-03,5.794087147735752508e-01,4.546163601551616029e-01,6.641744259750868018e-01,5.925625592141523512e-01,5.732581300649264300e-01,3.200071177865576044e-01,4.981594772635279944e-01,1.014753301757383708e-01,6.560274348673694744e-02,3.020516070388895580e-01,4.201682894440756932e-01,3.257365011891334428e-01,6.318827195960738941e-01,2.037455968293142572e-01,2.134656843730085019e-01,2.579916342293427367e-01,4.562824893742267740e-01,3.169993799670116075e-01,2.643868732074365346e-01,3.031203288697578713e-01,7.579196482889744013e-02,3.779113203374839802e-01,6.117014098992662463e-02,1.866799224161888593e-01,4.182558725231808050e-03
6.260770996496625718e-02,4.942595818657721241e-01,0.000000000000000000e+00,2.086914211284537635e-01,5.393948943644141236e-01,2.258025128919081692e-01,8.114882714872634351e-02,2.748311365350612490e-01,8.670555498065842803e-01,1.325334346727395918e-01,7.948499027967151909e-01,8.127892627359856181e-03,1.876746479625624464e-01,4.841001572139536080e-01,6.088755304347079900e-01,2.669590753398488059e-01,5.893900259356363303e-02,1.521968836182892304e-01,8.155618687882276729e-01,7.292934317688571921e-01,2.151735122570053726e-01,5.407956014231449782e-01,4.495116709439752611e-01,9.900124556143741206e-02,1.993157369302560877e-01,1.943467587386569773e-01,4.311075673309875955e-01,3.823598927658856117e-01,2.310533381816106124e-01,4.059388210821928133e-01,1.640802007150310438e-01,1.726815360822584466e-01,2.153849340400054019e-02,5.798685770664217809e-02,2.022977573247965455e-01,2.298317910497525429e-01,3.009771606356024809e-01,1.468748174768945702e-01,2.081576252265828486e-01,7.406950668556766537e-02,2.453685396318622813e-01,2.749127722683550878e-01,3.812943522542723285e-01,3.488488519409962962e-01,7.950201778909733730e-02,6.065724154874291285e-02,3.178296718509208141e-01,9.359244301310023495e-01,1.357706839872954430e-01,4.097020299640030672e-01,2.923337176979385332e-01,4.291745713595768175e-01,4.873996518633172403e-01,7.203276239805908032e-01,1.284856267017333020e-01,8.256847236404566415e-01,1.157360453936595313e-01,3.779434325445811260e-01,3.872088917241245376e-02,5.641984513250648536e-01,1.943738079328834467e-01,1.426944409181916118e-01,2.830682510207673808e-01,8.376016333932323477e-01,6.481764381158063859e-01,1.291052682440600452e-01,6.960545085488838435e-01,4.840154463454616751e-01,5.985956704971323594e-02,1.678132959646644329e-01,1.775714247743192531e-01,5.328957402575880131e-01,4.910227839893334112e-01,6.487311621724871358e-02,4.496027249483054433e-01,1.064403706032377717e-01
6.574613342549237571e-02,7.257802943306528032e-02,2.086914211284537635e-01,0.000000000000000000e+00,1.424053445558182140e-03,2.332914342992326306e-01,3.297753698752409202e-02,1.217199708094723887e-01,1.676651678387590383e-01,3.659556730370192579e-01,1.369685510691328600e-01,1.215175751717675889e-01,1.974432112686240193e-01,1.988762607075128530e-01,7.688717882162905692e-02,5.517233733418058783e-07,2.323007955408952774e-01,1.081871179333505628e-01,2.605603340353494501e-01,1.631484565661271424e-01,2.935936594829968160e-01,3.675555431545304841e-02,2.420678222780344585e-02,4.190055126692553422e-01,2.571479327155430927e-01,8.969317201738778722e-02,7.016198008990048862e-02,7.997253028053091795e-02,7.055097909911114962e-02,1.781706270225778543e-01,8.920903711025696126e-02,3.040380591452925690e-02,2.091232737677614084e-01,6.315856600694980116e-02,4.495449663657778705e-02,4.622774982316414372e-01,3.622167663295963735e-02,2.067568792822516155e-01,3.195733007536202819e-02,3.540951911330690316e-01,2.314819506811730543e-01,3.743983817972824646e-01,1.252272656014372376e-01,3.765327707862556328e-02,3.027209915187935030e-01,2.276694750177729598e-01,2.518333611765505853e-01,5.717172229207527490e-02,8.839424053686839589e-02,2.618388241536100947e-01,9.859268423670616843e-03,2.060393733215096779e-01,1.716342042497206455e-01,1.580097438928617509e-02,4.368461295688659263e-01,5.685731976904807861e-02,2.878985015683971360e-01,3.681511391507505393e-01,8.054155030309731456e-02,3.848092257261364474e-02,3.587408158082480703e-02,3.484843927930498797e-01,1.948327895402884313e-01,1.479840242972443529e-02,2.164192854208220052e-01,2.692995832504572751e-01,3.849209081796757526e-02,2.463258334265133048e-02,2.676286618089587233e-01,2.592904122320114357e-01,3.643852177754266508e-01,2.381427930899986389e-01,1.896122134474917675e-01,7.216088650222801659e-03,2.116274196364877902e-01,1.596575959617553830e-01
1.345072170390651800e-01,3.254153744609509236e-01,5.393948943644141236e-01,1.424053445558182140e-03,0.000000000000000000e+00,6.546275546140636892e-02,4.732519927864907716e-01,1.592445184570393801e-01,6.407084889155408858e-01,2.594174257548125251e-01,7.570205632418970376e-01,2.335730960653306654e-01,3.256933913769607392e-01,5.867682597018315516e-01,4.553204854422925330e-01,3.019380554915365167e-01,8.292180544819276189e-02,9.664349393492602247e-02,5.096119211913330282e-01,3.639316655503455067e-01,3.968579654879592633e-01,2.545978418929101261e-01,1.836015573750097163e-01,2.250839418834380545e-01,1.668151880527832254e-01,8.872499884925227898e-02,2.505979419947013120e-01,4.975776158257646520e-01,1.073913738791110739e-01,3.888147786946494766e-01,1.089709664633875530e-01,1.023834721776620826e-01,7.295916064419377678e-02,1.937347783815728808e-01,9.487882565897928777e-02,3.176116953934701725e-01,3.960951705690600733e-01,3.089025353272021879e-01,6.835781819977472529e-02,1.337317479479658011e-01,2.155083613232826600e-01,3.107919515329577442e-01,6.322526306893623271e-01,5.124123635153957634e-01,1.111050208057152294e-01,9.936013285713474197e-03,2.713902380653391289e-01,4.808847837546055826e-01,3.196303343930939622e-01,6.112127162877790676e-01,4.582351603862652029e-02,5.730789948975449910e-01,2.960708180249888577e-01,4.049486172545628815e-01,2.464462452745503351e-01,7.669102073514052487e-01,1.820605514582461504e-01,4.426694126569852283e-01,4.582267282891938631e-02,3.589788361151219354e-01,7.951594995017145784e-02,3.360623592377317004e-01,1.422294240213275995e-01,5.353711311386887273e-01,3.097332608648910579e-01,3.400206433727035460e-01,5.190687469255088615e-01,1.576266204845947483e-01,1.938192449303652865e-01,6.860167815936123181e-02,1.455240062502027309e-01,1.687164755027672769e-01,5.505951929510453091e-01,1.349704147721213915e-02,4.282221279531911451e-01,8.193107861230917999e-02
1.281530479746629259e-01,1.839330462966513036e-01,2.258025128919081692e-01,2.332914342992326306e-01,6.546275546140636892e-02,0.000000000000000000e+00,2.064345881648153580e-01,4.824176078948871904e-01,2.041235960293575347e-01,1.288530993508979205e-01,6.977123208226232443e-02,1.654313576903049254e-01,3.478328872301711394e-01,1.018315284442623675e-01,1.880553600939111059e-01,4.842678877833210827e-01,6.405235846426310387e-02,5.659262450637683184e-01,1.265207545450855453e-01,2.688585521025271263e-01,2.362077766717609051e-01,3.634349421237197952e-01,5.413475966983971599e-01,1.077939829059395560e-01,4.458473990705474899e-01,3.046082481341207959e-01,3.699928318138071548e-01,8.481867113496954769e-02,6.119743079404540431e-01,2.144297324197169674e-02,5.115902867552417355e-02,7.127467930677144903e-02,2.786594632367879742e-01,9.374172499810398684e-02,1.677149028862719160e-02,4.930622001557259659e-02,2.492438986842432716e-02,1.145511205651162101e-01,6.214935262493548329e-02,1.768516235058146535e-01,1.147178008029632185e-01,2.482071336573749010e-02,6.702263537276846594e-02,1.490596318788979524e-02,9.878108901326033975e-02,1.140409506162081421e-01,2.391309141903055213e-01,2.050648234614716459e-01,7.640139213077011549e-02,5.082522836138060607e-02,6.223619646227378510e-01,8.260871456516583056e-02,3.768931783753468601e-01,1.878607840576972388e-01,2.765557661157422298e-03,1.265045514612434252e-01,2.066707730642863838e-02,1.980231767151234834e-01,2.592398445521858219e-02,7.485312693039702925e-03,2.285915389177028967e-01,1.316137339676418938e-01,3.867948060979386482e-01,1.344919512395594818e-01,3.211333874844790048e-01,1.118724427712702307e-01,3.394750905819634568e-01,3.855964097637897270e-01,7.710307980362063329e-02,2.879854888261988433e-01,1.295904933507936174e-01,3.208306219947643645e-01,2.229516585879885715e-02,2.443236968205028115e-01,2.561693599734029061e-02,3.287260458160040644e-02
8.162161678774046414e-02,7.961426188046419328e-02,8.114882714872634351e-02,3.297753698752409202e-02,4.732519927864907716e-01,2.064345881648153580e-01,0.000000000000000000e+00,1.827344035489993357e-01,2.572504954872611993e-01,4.171470067877362520e-01,2.311511407507500504e-01,2.189875935894187442e-01,4.461406702570072103e-01,3.258052706566955115e-01,9.799321953127893003e-02,2.791217518656936569e-01,2.862286222146630532e-01,5.692633892929672701e-01,1.111697330536713380e-01,2.062165715665087440e-03,3.098906178889336838e-01,9.747757611748197881e-02,2.056016412817555372e-01,1.578559675359115233e-01,2.664986208822842650e-01,8.124802863682556442e-02,1.699794372619552463e-01,2.441738547835574091e-01,4.413739204887497380e-01,2.585429278141340159e-01,1.471866074250972600e-01,1.209238903532782738e-01,4.774630027875103461e-02,3.419424642787287083e-01,1.252965487304132652e-01,2.286507872593860902e-01,3.918597350661056078e-01,3.240649396984327524e-01,5.144275685477003174e-02,1.606863077963173736e-01,5.364409042649345705e-02,9.897499578941110210e-02,4.990378695772476614e-01,3.084677863571898548e-01,1.629383040653607229e-01,4.420846503157550844e-02,2.580164154462369908e-01,7.625562948268435615e-02,3.240998055242445552e-01,4.000960822025150243e-01,1.088035885189497926e-01,5.208475664461329480e-01,2.846010576520504043e-01,1.907334554639517066e-01,2.896921966850686814e-01,3.480049664806519338e-01,2.549721380714853880e-01,3.533396724448180093e-01,8.925289212139371486e-02,1.198916381934709008e-01,2.774957483059337648e-01,2.961705937221507656e-01,2.631596820449604301e-01,2.018166745574878629e-01,7.988706573570929226e-02,1.146420923055983254e-01,1.719687202348428312e-01,1.709360528160808468e-01,1.453027493191361430e-01,2.340769253668373850e-01,5.861260871161577679e-02,1.029073319345034376e-01,2.534892700830823076e-01,8.812731445770087546e-02,1.340050195773682395e-01,8.697263884081228580e-02
3.202911585780898740e-01,2.196249271837433237e-01,2.748311365350612490e-01,1.217199708094723887e-01,1.592445184570393801e-01,4.824176078948871904e-01,1.827344035489993357e-01,0.000000000000000000e+00,2.246369948777414693e-01,4.698814640645672114e-01,2.011936809374740842e-01,2.392989087610962740e-01,2.292828741191904607e-02,3.171010780547111052e-01,4.766896970468708084e-01,2.501451968179607688e-01,2.683908132529264634e-01,3.487567645743471223e-01,9.029135957079803543e-02,3.396740862343143874e-01,6.481172610729784012e-01,4.191334131443194000e-01,8.292186190171273452e-01,2.918262092214393144e-01,3.988908251497349511e-01,1.284350313677585231e-01,6.339341444831874117e-01,9.311139350927269409e-02,4.907397966576128034e-01,2.402882393427824836e-01,3.509155617631051771e-01,2.898174136634973919e-01,1.064812144722875331e-01,7.382586616955760794e-02,2.307304160271024251e-01,8.065390543122882838e-02,2.056058602458134543e-01,2.672457210123234672e-01,2.062654326329866894e-01,2.860705492684619822e-01,4.374589959039791309e-01,3.408486890778522627e-01,3.806626981048657488e-01,7.082688442242475457e-03,2.245928265239617305e-01,2.997705528403432074e-01,6.834963246938651205e-01,3.619256876595268735e-01,2.758603453161180274e-01,4.721685871627091524e-01,4.013971336600582474e-01,4.860258028176435707e-01,6.618662801448282895e-01,5.096895550896602956e-01,4.910239533260565281e-01,4.150689400714980826e-01,3.032132757609237728e-01,5.068242879284703406e-01,1.953955645284979614e-01,1.215346596376148947e-02,4.037678254836502556e-01,4.252486477526640218e-01,3.441026893887342286e-01,3.268876289002152769e-01,2.124695267482515637e-01,3.988694996515518287e-01,5.299741829426929396e-01,6.593324513719526214e-01,1.145802421058147447e-01,5.595999570737978379e-01,4.635635994301773311e-01,2.119948508574113211e-01,1.463290384749140194e-01,3.273122104494354256e-01,4.133635531374583311e-02,2.002596667895837901e-01
3.534603907831976310e-02,4.797615900649460086e-01,8.670555498065842803e-01,1.676651678387590383e-01,6.407084889155408858e-01,2.041235960293575347e-01,2.572504954872611993e-01,2.246369948777414693e-01,0.000000000000000000e+00,2.078322736957354810e-01,8.039749509072051659e-01,2.801593950439509872e-02,3.212001798619520399e-01,5.444119171059529361e-01,6.270155652681755898e-01,1.144267603453511806e-01,6.739958006795923606e-02,2.228930660184227641e-01,7.691195292980304021e-01,7.373733072513559694e-01,3.206608270246462666e-01,5.782391006765384978e-01,3.760290319962339978e-01,2.607240358464889551e-01,1.434988661195689963e-01,1.696313652165873931e-01,5.046413206606958912e-01,4.464713593045054885e-01,4.138321155186150402e-01,4.851355269157879846e-01,1.804236888839677866e-01,1.843659256022199266e-01,6.503367449205977452e-03,1.029566300522811034e-01,2.264004572153678063e-01,2.535426009234360567e-01,3.122041158981629927e-01,1.747421857857410221e-01,2.088480257646610494e-01,1.263045204640326213e-01,1.946938147538572195e-01,2.198621160021177190e-01,4.989646459703134251e-01,4.401798382828642775e-01,3.415862994459401003e-02,1.511443244212667403e-01,3.289618615698133852e-01,8.470353048106975535e-01,2.880370652468908776e-01,5.035985448577752210e-01,1.548736597962705464e-01,5.274889682892605069e-01,4.279330834326854349e-01,6.896273969440339657e-01,2.021048582825079321e-01,8.317798340934309254e-01,7.269656692467837966e-02,4.328459800704604343e-01,9.519909415574304146e-02,5.053584461066742417e-01,3.359681121746562749e-01,2.563114412386523489e-01,3.116539094726335501e-01,7.689331393354394972e-01,6.895774582280591591e-01,2.377652509078692078e-01,7.610963013642366715e-01,3.962504670648435701e-01,1.252684630786657927e-01,1.933521140943566252e-01,1.842356450699436932e-01,4.711012435305480528e-01,5.266396498081133970e-01,1.365461950721577333e-01,5.077752242686816020e-01,1.932033859823086563e-01
2.175597620553550438e-01,4.120994152908163399e-01,1.325334346727395918e-01,3.659556730370192579e-01,2.594174257548125251e-01,1.288530993508979205e-01,4.171470067877362520e-01,4.698814640645672114e-01,2.078322736957354810e-01,0.000000000000000000e+00,1.409838095983660389e-01,3.547563625321940028e-01,2.654530680749978555e-01,2.860455740531713809e-01,3.542533680549651010e-01,4.943786286548640385e-02,7.270616465967214559e-01,3.797856761516552604e-01,2.488868075077536879e-02,1.855902714802125097e-01,4.715342073054342165e-01,2.605245772220397549e-01,4.637833593491770268e-01,4.446247077877790721e-01,3.496149097043258491e-01,2.348552398257774398e-01,4.232328575701795326e-01,3.380368024072576971e-01,4.219463000387320140e-01,2.531377379924996951e-02,6.520541923085767522e-01,3.907639974022020235e-01,8.895377923519973140e-02,5.325936507535098396e-01,3.341046742950032344e-01,8.430316003667397140e-02,4.692672891992242801e-01,6.177574547786974790e-01,5.251507920158161591e-01,3.354782311964655817e-01,5.467291819982375012e-01,5.374484473015803676e-01,3.889823364838411734e-01,8.288139492328511215e-02,3.833301667959049253e-01,2.478601795441169875e-01,5.782947127806171705e-01,2.990068130453730211e-01,4.823963501803200660e-01,6.393045788487087266e-01,1.572019380120048826e-01,6.042009040189183500e-01,5.392533287678490383e-01,5.073188652932386633e-01,7.357906144951726901e-01,4.727255875662006446e-01,6.011619032999857559e-01,6.688234245732552763e-01,1.884040928524659819e-01,3.625287240405142275e-02,3.534222148067303615e-01,5.502807084423344541e-01,2.869525549700348011e-01,4.069004199677491718e-01,4.315234207207645223e-02,2.917438338045479918e-01,3.779679848510212881e-01,3.640190458044084143e-01,2.574031972648185285e-01,5.003670801244113342e-01,4.240535687909057772e-01,4.971552851378871485e-02,3.365137285452906024e-01,2.761709617518685045e-01,1.634389764530725098e-01,3.106645948781875943e-01
1.441900729147705118e-01,4.123636538451539990e-01,7.948499027967151909e-01,1.369685510691328600e-01,7.570205632418970376e-01,6.977123208226232443e-02,2.311511407507500504e-01,2.011936809374740842e-01,8.039749509072051659e-01,1.409838095983660389e-01,0.000000000000000000e+00,2.329852013441952308e-01,3.525950912176797902e-01,6.493117903902075883e-01,4.622069727626982871e-01,4.283290570286308885e-01,1.933560861665507835e-02,6.040897889202270776e-02,8.369107979985820345e-01,4.961943051500881663e-01,3.119670781970039775e-01,2.331717717223810160e-01,2.669082820184510152e-01,2.028635220936232941e-01,3.025865999118545480e-01,8.937832827250991041e-02,2.365360931707511383e-01,5.769589763025990692e-01,5.641831244995568206e-02,5.274796086941775375e-01,2.303022421917266804e-02,3.603455648568024139e-02,6.620415411290964114e-02,7.240975028916631084e-02,2.014670295049491022e-01,4.081606182143576733e-01,3.752018240380672331e-01,1.569120224437380029e-01,7.773475700480407535e-02,2.290813555532911494e-01,1.439174252010594901e-01,2.494206396643479651e-01,6.138417378331570973e-01,5.545065225319212310e-01,1.203786230675973901e-02,8.908379619539190386e-02,2.133383650625378658e-01,6.934596327784124936e-01,2.585225240104010447e-01,4.467485887948563494e-01,1.196039122607578942e-01,4.933445555142071948e-01,4.231510793792314096e-01,4.607775104731304250e-01,1.327644073481914211e-01,8.559293385741637561e-01,1.907658216230026238e-01,3.813584383349556406e-01,6.040992143709955631e-03,4.764858259521527750e-01,1.053723344057663075e-02,2.979118076695828066e-01,1.377047845235266632e-01,7.531048663145645250e-01,4.156647244048325973e-01,2.593280556671672121e-01,5.041677635153059001e-01,3.020403285960345241e-01,6.390056293709728275e-02,7.412668099378433295e-04,1.617912419583148742e-01,2.562154202440315998e-01,5.948974497200132383e-01,7.090718796946990365e-02,5.671424976345695868e-01,4.049314701825570961e-02
6.858886118147407285e-02,5.054906639389639134e-02,8.127892627359856181e-03,1.215175751717675889e-01,2.335730960653306654e-01,1.654313576903049254e-01,2.189875935894187442e-01,2.392989087610962740e-01,2.801593950439509872e-02,3.547563625321940028e-01,2.329852013441952308e-01,0.000000000000000000e+00,4.242097335198266039e-01,2.643022952794618630e-01,1.429904420424659151e-01,1.505141306134499257e-01,2.501666100493916134e-01,2.419276777122121302e-01,7.555327444690304595e-02,2.206409237473697937e-01,6.544970728899138224e-02,2.276990720941671209e-01,6.874199572377565071e-02,3.673231844838945603e-01,6.490783539633679378e-02,2.866897522550652111e-01,2.115960989160127759e-01,3.562007951418437179e-01,1.645140261716300512e-01,2.790364986204623143e-01,3.525532736315452331e-02,1.081819776205527606e-01,3.110781258626399426e-01,3.570128008742385339e-01,1.981855785299300732e-01,2.905299842905149088e-01,2.472474096631469553e-01,2.590848378168248978e-01,3.442238789870796234e-01,3.196409960772493841e-01,1.709286703792377293e-01,2.040789640266398031e-01,3.098799490142712942e-01,1.463484844058389467e-01,8.900435689319600996e-02,9.428473543735756135e-02,3.491756580460275705e-02,6.516635407643861511e-02,2.261858637479420286e-01,1.558943372848409781e-01,1.400964151849326544e-02,1.448549821035792495e-01,3.294766458629779238e-01,8.914407972674814884e-02,2.203601764039230804e-01,1.519623594965830993e-01,5.985046122002901647e-01,2.716627887291479526e-01,4.630295041039733661e-03,1.617602985398035043e-01,3.408445894582646241e-01,2.787669310810999557e-01,3.025813915580301619e-02,7.967504379384132696e-02,2.614833022587830236e-01,1.684067473635419698e-01,1.047374356823002756e-01,9.024956041235354665e-02,2.338651554679028743e-01,2.731051643033933773e-01,5.584756409756669315e-02,4.690203864894402774e-01,1.572059674777896987e-01,2.564425320165362177e-01,1.780855054660811509e-01,3.687678441858305844e-01
1.610241985573378498e-01,1.367474643963149106e-01,1.876746479625624464e-01,1.974432112686240193e-01,3.256933913769607392e-01,3.478328872301711394e-01,4.461406702570072103e-01,2.292828741191904607e-02,3.212001798619520399e-01,2.654530680749978555e-01,3.525950912176797902e-01,4.242097335198266039e-01,0.000000000000000000e+00,2.852622142887957235e-01,6.680161164774947591e-02,3.626894599377450401e-02,3.221233564158588192e-01,3.043537653318406089e-01,2.320638809634342770e-01,9.580341404556566576e-02,2.886166311005411433e-02,1.657907094617409594e-01,4.316865973874614570e-02,7.488625048341004953e-02,1.823540666078729555e-02,1.920680206586510286e-01,1.861875012152500730e-01,6.467622461065164474e-01,1.824235557070406633e-01,5.165132811627617393e-01,6.128273768911290942e-02,1.907237168444302078e-02,1.962817080915716939e-01,2.772653598052207125e-01,6.266799592970533767e-03,3.002743514850568229e-01,2.833536421554870843e-01,2.352614361670395948e-01,2.680298595820716501e-01,2.068261660352296860e-01,6.588301641614723037e-02,8.883563364776379812e-02,2.521415999686160703e-01,2.760075444388499499e-01,1.075357918971491661e-01,1.469731777889258517e-01,1.319546987366660151e-01,1.085331082852023510e-01,1.452113249042076282e-01,1.389415822574484038e-01,1.806235870224628670e-01,1.335671394422175695e-01,2.846718814045753332e-01,4.722530779784417376e-02,7.756951841445930418e-02,2.792677800274119826e-01,3.552617313210914007e-01,3.624447886612801595e-01,3.825926019217174012e-02,9.597071774990006965e-02,1.595184338903919141e-01,2.845783054428092651e-01,2.847724525986932154e-01,1.588895199609615672e-01,8.639273910356212727e-02,2.025114479047658844e-01,3.441958565678582271e-03,1.817759752650677241e-02,2.909932273052151519e-02,6.359375107876538702e-02,3.027383059131091847e-02,2.724444936848594567e-01,3.910082656012713320e-01,8.090676976544119992e-02,7.727230713708446719e-02,2.578669810304350107e-02
5.835765346257309333e-02,3.408477170284325286e-01,4.841001572139536080e-01,1.988762607075128530e-01,5.867682597018315516e-01,1.018315284442623675e-01,3.258052706566955115e-01,3.171010780547111052e-01,5.444119171059529361e-01,2.860455740531713809e-01,6.493117903902075883e-01,2.643022952794618630e-01,2.852622142887957235e-01,0.000000000000000000e+00,4.119886110617820840e-01,2.741265451131623676e-01,1.826762357313684582e-01,1.512493518053880659e-01,5.238207543081926376e-01,3.979401559904423014e-01,5.057808029175488995e-01,2.083663684038272179e-01,2.288842819147291763e-01,1.641349041802693531e-02,2.573371856951856551e-01,2.334773145077402856e-01,2.659031942898197332e-01,4.488582441507185106e-01,1.867693336990970954e-01,4.911539920291174699e-01,1.116794784704697452e-01,2.229893686522358559e-02,1.588668622267692954e-01,1.983917863481317323e-01,1.487870267581773986e-01,2.816202613561819001e-01,2.963418786235203495e-01,1.132948643147457801e-02,1.426351750566958176e-01,2.468900049374443129e-01,3.237474232282362419e-01,4.398281299238104847e-01,4.514846509600358160e-01,4.491419386736661967e-01,1.072729375723046885e-01,6.302371073259444012e-02,3.472460728849461331e-01,4.713157031623232407e-01,3.781182768106011172e-01,4.878829133075541780e-01,2.046781276150106410e-01,5.953964118935679561e-01,5.814927960839730847e-01,4.473721383742440549e-01,2.967133696118177122e-01,5.608603947840657966e-01,2.626900037301846957e-01,4.890697510899910116e-01,1.270052926669790194e-01,4.601914105915354547e-01,2.464342483455364552e-02,3.906765323640345455e-01,2.164309642629174135e-01,6.963619557093624346e-01,3.637286956410646921e-01,3.455450956551707753e-01,4.057729953777744480e-01,2.897365605817211476e-01,1.228708598080427150e-01,7.538096393947672780e-02,2.394075773855374734e-01,1.150682912597895402e-01,5.545805104108961769e-01,1.152488657978101849e-01,3.901606731175422671e-01,1.443638280331896728e-01
1.232332271951604996e-01,3.015967152830016373e-01,6.088755304347079900e-01,7.688717882162905692e-02,4.553204854422925330e-01,1.880553600939111059e-01,9.799321953127893003e-02,4.766896970468708084e-01,6.270155652681755898e-01,3.542533680549651010e-01,4.622069727626982871e-01,1.429904420424659151e-01,6.680161164774947591e-02,4.119886110617820840e-01,0.000000000000000000e+00,9.484397535061339646e-02,1.665871655804208595e-01,1.450945350060660333e-01,3.823957769270301954e-01,8.387216174781050304e-01,6.737469952172168153e-01,8.453667535106164088e-01,6.160347745179353129e-01,2.069369575182111731e-02,1.817939171406142973e-01,2.734873547702739160e-01,7.884650997512743231e-01,1.178334472882349437e-01,4.457441224077374753e-01,9.731559674323736475e-03,3.903024634730516973e-01,1.742564150893993469e-01,2.460058106890085361e-02,5.429642156097185673e-02,1.390251392086630788e-01,1.616614908894700720e-01,2.397839259745808693e-01,1.723499585500966602e-01,7.137255708968712198e-02,2.486231069648159597e-01,3.101065132989172524e-01,3.698831587740181726e-01,3.755571339504854000e-01,2.159172625471716955e-01,2.125792255722460111e-01,2.813037514740966971e-01,7.570579020730243691e-01,6.632799843805334827e-01,2.558182490726582659e-01,5.567400887556577249e-01,3.921743377361445737e-01,6.160776897696638166e-01,5.115983323791726267e-01,7.928998652924963420e-01,3.986228408565578585e-01,6.957263143019956075e-01,6.994731328862247022e-02,5.987885126809074920e-01,9.296557192926160895e-02,6.197622992842508616e-01,5.480096948667452228e-01,3.315287734805512088e-01,4.136873727598291972e-01,6.402947476500049362e-01,7.410903445950579593e-01,6.236973035003795518e-01,9.284830103318506556e-01,6.187991196042244013e-01,2.063243623832730633e-02,6.066094972715484479e-01,4.635144975257031730e-01,7.410490792748565259e-01,4.632627252948496865e-01,4.824790598522855634e-01,3.534029045225801635e-01,2.565271427314516628e-02
1.918587818520950394e-02,3.495599372302656827e-01,2.669590753398488059e-01,5.517233733418058783e-07,3.019380554915365167e-01,4.842678877833210827e-01,2.791217518656936569e-01,2.501451968179607688e-01,1.144267603453511806e-01,4.943786286548640385e-02,4.283290570286308885e-01,1.505141306134499257e-01,3.626894599377450401e-02,2.741265451131623676e-01,9.484397535061339646e-02,0.000000000000000000e+00,1.370585392384318646e-01,5.481799824224642403e-01,2.432895543905845837e-01,6.111520368969880490e-02,8.466634462708455544e-02,2.280385033885808377e-01,2.424254102522995225e-01,2.801867873145315324e-02,6.381076326619399275e-01,2.303039102561278972e-01,2.037556527738333401e-01,3.807492025577887684e-01,5.373532191262508917e-01,3.133018805373424809e-01,6.982236738913483176e-02,1.325286818909277298e-01,1.974257223388982407e-01,2.359752389109959214e-03,1.678848637116847897e-01,2.876014542430259113e-01,3.106371678010511062e-01,9.641020466689870227e-02,3.407562950464452373e-02,4.070444919613575019e-02,1.677424392179451273e-01,2.828140862850025417e-01,1.594746113365332341e-01,2.530671003680899367e-01,6.941710377661444720e-02,2.560766596942233297e-01,4.391949165918979103e-02,1.883059112719545070e-01,1.639505794377102421e-01,1.949639019325093980e-01,2.046362574540823986e-01,2.912225976370641511e-03,5.945179666575351601e-02,2.959070276558078971e-02,3.839125873429269364e-02,2.367681873938591586e-01,1.506270634410263043e-01,8.801195385965279727e-02,4.460096969417493701e-02,2.981633794053080710e-01,4.015731645991761911e-01,4.358442214925173364e-02,2.526383506060657091e-01,3.152487673233201892e-01,5.536955362954176785e-04,1.549507196263159026e-01,1.101288396470018194e-02,6.072818709378766805e-02,1.746823091181087806e-01,2.854350291164097775e-01,3.343298072999265069e-02,1.120459235966213274e-01,2.274840910212699296e-01,2.025833119183172437e-01,1.727643409617561077e-01,1.030218246131602566e-01
1.475187792744592774e-01,2.733384676404889135e-01,5.893900259356363303e-02,2.323007955408952774e-01,8.292180544819276189e-02,6.405235846426310387e-02,2.862286222146630532e-01,2.683908132529264634e-01,6.739958006795923606e-02,7.270616465967214559e-01,1.933560861665507835e-02,2.501666100493916134e-01,3.221233564158588192e-01,1.826762357313684582e-01,1.665871655804208595e-01,1.370585392384318646e-01,0.000000000000000000e+00,4.641492195148359534e-01,1.352327231200092794e-02,8.466610962903806104e-02,2.606066175131535045e-01,1.187281999484182393e-01,2.509011444686191084e-01,5.354101684778800330e-01,3.665876808807608245e-01,1.378677248533360933e-01,2.097145900923589046e-01,4.129605891202691725e-01,3.604733757598960198e-01,3.702401556925793980e-02,7.831755271570379762e-01,4.358093550339798283e-01,1.004315017049432768e-01,5.668167269367516692e-01,5.721649111960908085e-01,3.095704528299302316e-01,2.453078667623025677e-01,7.130402915411235831e-01,5.304499948039800294e-01,2.584723096679821808e-01,3.919167094408868568e-01,3.550716971261119181e-01,2.302754421610517244e-01,2.459918990191983790e-02,3.887147264925476797e-01,2.420217124967503353e-01,3.824299181612221821e-01,1.237683257109630786e-01,3.274389692499821702e-01,3.817924787711090007e-01,1.397933513107770809e-01,4.335958422655921130e-01,3.203063836106226914e-01,3.600667956013543503e-01,4.242281815878670148e-01,2.483260029072847097e-01,3.543486676499185140e-01,5.647937326929197699e-01,2.444095832855436579e-01,1.297940983526819358e-01,2.296788605324507349e-01,2.747573437678142994e-01,1.565617027821293583e-01,2.480130876846012022e-01,6.946539428197673338e-02,9.967821044138153175e-02,1.994765104042092174e-01,1.881260980522245496e-01,3.042718470235151740e-01,3.361210766781625447e-01,2.735513309419133621e-01,1.475997839826860003e-01,2.955823349826837143e-01,2.596034328148481007e-01,2.767506465790297576e-01,2.944186388438533863e-01
1.651310355586258494e-01,3.846929053019165767e-02,1.521968836182892304e-01,1.081871179333505628e-01,9.664349393492602247e-02,5.659262450637683184e-01,5.692633892929672701e-01,3.487567645743471223e-01,2.228930660184227641e-01,3.797856761516552604e-01,6.040897889202270776e-02,2.419276777122121302e-01,3.043537653318406089e-01,1.512493518053880659e-01,1.450945350060660333e-01,5.481799824224642403e-01,4.641492195148359534e-01,0.000000000000000000e+00,1.315798802160043635e-01,2.298557722056531194e-01,2.317388294355346989e-01,3.089644767933252267e-01,3.574110759701185636e-01,1.092281180348064484e-01,5.346578548469327341e-01,1.146685702248445571e-01,3.747374667549220884e-01,9.211491575418739863e-02,6.372364869997123593e-01,1.886691711533309002e-01,2.168933935346825936e-01,1.516623479955779841e-01,3.368551726743399533e-01,1.699919045491385949e-01,1.810266777451233211e-01,3.215902732862681301e-02,1.242210113493605883e-01,1.561041245284840451e-01,2.263839785941980376e-01,3.314326760064962851e-01,1.640053364483060327e-01,8.185477931629830950e-02,2.577215105955827923e-01,1.677739519941087720e-02,1.000753142427238673e-01,1.941414810477339603e-01,3.599272461814752022e-01,1.471503335693121195e-01,2.853018427758713949e-01,2.663055888725175402e-01,4.313714033432091699e-01,4.259179270405880624e-01,3.643372052337269240e-01,3.721027752459038496e-01,2.690017635494086901e-01,2.350873180571375620e-01,2.073367755266833368e-01,3.427768891342446445e-01,8.584768859022651188e-05,8.773284891554392062e-02,3.586085890968268020e-01,2.293839117678669881e-01,4.524759065612110609e-01,2.196778533149194301e-01,1.481401322637654061e-01,1.373115642578439655e-01,2.693911115133990619e-01,2.179260722720194332e-01,8.523706165762018339e-02,3.499358481816454702e-01,1.769104156939607653e-01,1.076350716181386780e-01,2.158462786406363243e-01,1.952410439064813097e-01,6.091891600699939069e-02,1.297466351979467691e-01
3.758745050387632403e-02,3.850827192261352394e-01,8.155618687882276729e-01,2.605603340353494501e-01,5.096119211913330282e-01,1.265207545450855453e-01,1.111697330536713380e-01,9.029135957079803543e-02,7.691195292980304021e-01,2.488868075077536879e-02,8.369107979985820345e-01,7.555327444690304595e-02,2.320638809634342770e-01,5.238207543081926376e-01,3.823957769270301954e-01,2.432895543905845837e-01,1.352327231200092794e-02,1.315798802160043635e-01,0.000000000000000000e+00,5.725637644862238140e-01,1.505826271354398782e-01,3.473230041454278827e-01,1.811873249838855393e-01,1.811550141129434077e-01,2.672946326798080197e-01,9.039133327395978967e-02,2.141125527890094249e-01,5.212749343874856223e-01,1.092721145414577155e-01,5.410496419872596885e-01,1.688821728533945188e-01,9.653893696349274967e-02,1.392721954211837698e-01,2.229494306668015902e-03,1.134771449376556496e-01,3.397826252269719460e-01,1.956399043236364543e-01,3.973554086511428551e-02,5.452354928912064858e-02,1.601006384175348018e-01,3.770398843109146192e-03,5.309233990819972604e-02,4.313027635415095373e-01,5.032255474767876047e-01,2.026061702742745774e-02,9.475287730402727482e-02,1.061532624891785848e-01,6.858342227934752788e-01,1.793637108514070932e-01,2.288712873424209038e-01,1.060792999088698563e-01,3.047464427978250345e-01,2.769807498719369376e-01,4.582419153442830462e-01,4.849302001231209358e-03,7.403773760256140424e-01,6.195285533418945501e-02,2.498166192239010819e-01,9.491024010994364435e-02,4.884254343079724725e-01,3.672371899411595864e-02,6.896631722272347775e-02,1.113998964310942696e-01,7.530235834291345576e-01,5.326781681611095776e-01,1.263358797220753282e-01,5.218600709168569329e-01,2.311394231305491931e-01,2.984767637415079375e-02,1.264094575070176529e-02,6.789256901480064665e-02,3.188200951017283735e-01,5.515477572252054372e-01,4.249686183877735002e-03,6.551798277712452823e-01,2.335683871115832311e-01
1.356082807024412418e-01,3.701509545409182311e-01,7.292934317688571921e-01,1.631484565661271424e-01,3.639316655503455067e-01,2.688585521025271263e-01,2.062165715665087440e-03,3.396740862343143874e-01,7.373733072513559694e-01,1.855902714802125097e-01,4.961943051500881663e-01,2.206409237473697937e-01,9.580341404556566576e-02,3.979401559904423014e-01,8.387216174781050304e-01,6.111520368969880490e-02,8.466610962903806104e-02,2.298557722056531194e-01,5.725637644862238140e-01,0.000000000000000000e+00,4.648411227549755775e-01,8.682114338433022382e-01,5.233107925699271856e-01,1.750459400864709525e-01,1.009971952855787114e-01,2.368036856603470408e-01,7.648499652638190982e-01,1.081345884301413984e-01,4.858186250346440138e-01,9.845622241147747311e-02,3.285498322418319850e-01,2.401733553355591133e-01,6.513386143591214095e-02,4.351550872763410016e-02,2.168075511801077493e-01,6.281222384941957670e-02,2.493723031341432417e-01,5.971157005965396780e-02,7.836300556273362306e-02,1.086338802779320128e-01,2.616965957361742645e-01,3.026591395760973580e-01,3.211697620729278002e-01,2.286705277650555312e-01,9.195082547665450745e-02,2.145255661789068902e-01,6.510410740111072236e-01,7.677359352798684977e-01,2.255707329539500261e-01,4.369037384956433456e-01,4.107224619682360855e-01,4.911326684392580688e-01,3.739038266283205569e-01,7.967434401934451182e-01,2.804987468868672118e-01,6.782261184533613374e-01,6.109186472922328859e-03,4.490544455755532405e-01,2.349517433531601168e-02,6.407661451322717028e-01,6.151647364206889179e-01,2.435187605554654522e-01,4.689463208354042179e-01,7.139763591768815143e-01,9.174023924876748559e-01,4.365343372119504517e-01,9.863808293428243390e-01,5.453914442075238345e-01,4.990223442001751053e-02,5.519248786440502652e-01,3.392668810042162586e-01,8.492479617720448681e-01,3.967436256254494031e-01,4.657267234807240253e-01,4.267439422610850297e-01,1.528812521499967048e-01
2.292262586150617398e-02,1.565190359902450812e-01,2.151735122570053726e-01,2.935936594829968160e-01,3.968579654879592633e-01,2.362077766717609051e-01,3.098906178889336838e-01,6.481172610729784012e-01,3.206608270246462666e-01,4.715342073054342165e-01,3.119670781970039775e-01,6.544970728899138224e-02,2.886166311005411433e-02,5.057808029175488995e-01,6.737469952172168153e-01,8.466634462708455544e-02,2.606066175131535045e-01,2.317388294355346989e-01,1.505826271354398782e-01,4.648411227549755775e-01,0.000000000000000000e+00,5.418167888677860589e-01,5.537497272357667644e-01,7.750227341776796952e-02,3.493727794141640031e-01,2.179108737967589970e-01,6.065570183605227816e-01,1.210989840190813682e-01,4.986206278785777490e-01,4.044229742858410082e-02,3.602905002267683399e-01,9.064696827690245373e-02,8.751112635402283346e-02,1.695763838131497947e-01,9.282611199668500124e-02,7.431067655937464989e-02,3.089484622601083585e-01,1.853979080250973965e-01,6.429182116759657450e-02,4.428132121724281944e-01,3.408004424585331371e-01,3.842952673898774041e-01,5.460161723266275802e-01,2.788970816650276352e-01,2.367069979605883612e-01,3.445345374850211639e-01,6.739352406520240368e-01,3.455750371101997676e-01,3.291001544392858635e-01,5.513252237445812609e-01,3.346372734634519563e-01,6.053304004523452075e-01,6.018833709148209143e-01,5.038687570940699745e-01,4.562857502768387641e-01,5.253184425794874546e-01,1.968616688988302776e-01,5.300004643489298894e-01,2.058991989038877757e-01,3.619922774378964703e-01,4.746926119690781931e-01,4.398322395914073812e-01,2.934551841927349747e-01,4.361138764368666099e-01,4.175683246832984641e-01,7.681696581052797068e-01,6.918648872859836096e-01,5.740687738979715071e-01,5.487744754380924350e-02,6.005964010337476733e-01,4.963544916825836095e-01,3.154809805488301144e-01,4.347922517147580490e-01,4.992069676055774230e-01,2.365760451181760371e-01,7.656614388244567526e-02
