0.000000000000000000e+00,2.872668608909902943e-01,6.039983324836165068e-02,1.326066580819042218e-02,2.670185298025362641e-01,3.431160668941263259e-01,3.582812867830574843e-01,3.287656681415075388e-01,6.971333892901548923e-02,3.194875356466309047e-02,1.703818524090061071e-01,9.538533422508761739e-02,4.210659075763870107e-01,1.766685359643100084e-01,2.765776978692389143e-01,2.887388190772480212e-01,4.004826549299849159e-01,2.207159710311538126e-01,4.388688127980341913e-02,8.135007819276030006e-02,3.385616815697750637e-01,4.308168193719668637e-01,1.704344422935168413e-01,7.366824497355006773e-02,1.914020290424486848e-01,2.575392457567896032e-01,3.831294671508980731e-02,7.678536183334444543e-03,1.514693825470459498e-01,2.309429823519753011e-01,3.355226999108938402e-01,1.169730640896960994e-01,3.250194165733316654e-01,1.353427257784217685e-02,5.437658000231040956e-02,1.770491707746787713e-01,9.173177676931452973e-03,2.867093850869459892e-01,2.298816246767351745e-02,6.937083560517548486e-02,1.453444608043878428e-01,1.466118474875737765e-01,2.658982419973545674e-01,2.532242944013822147e-02,4.266658629310265960e-02,7.214893422649540922e-01,9.151100823346967894e-02,3.961190890921537089e-02,2.897743477791540068e-01,4.964239912173019909e-04,6.750760169495019503e-02,3.348895677127468051e-01,2.559633546724555120e-01,3.002281160835903462e-01,5.482241549028982197e-02,5.024437037861650968e-02,1.379644984731180635e-01,4.776501701411198231e-02,1.798500277192585650e-02,3.292711226693869064e-01,3.500847546404051713e-01,9.763270141111160538e-02,2.954212638479216668e-01,2.400616091742578673e-02,2.382614090278429575e-01,3.486039508281671973e-01,3.199434060806141678e-01,4.867565558947795079e-03,2.081273710206972549e-01,3.935265438795456094e-01,2.644181167794514842e-01,2.245088276664284066e-01,1.798405742868912083e-01,2.800250965014311477e-01,5.148032393156418141e-02,3.475191718559693665e-01
2.872668608909902943e-01,0.000000000000000000e+00,1.697714686130592232e-01,4.384258327548248846e-01,6.268084869264606285e-01,7.519121059715867528e-01,6.103109554261721970e-01,4.079300012867201897e-01,5.793650875059986882e-01,2.153925912989137492e-01,1.719398636617365805e-01,4.568966533760742688e-01,3.629342960651236183e-01,1.359010907171679938e-01,6.604727286003608810e-01,9.011665749448577456e-02,4.423700059007638630e-01,3.455733977144593294e-01,2.974409183118396638e-01,6.432059646010301890e-01,7.681682427982121641e-01,5.339648782164547747e-01,6.346882285743447039e-01,6.121114339698502382e-02,7.061491205778743785e-01,8.499562885942831825e-01,7.141328985325744449e-01,4.902828883327423615e-01,7.196219030034833875e-01,7.130497780270010633e-02,2.975002646369159232e-01,3.433130912791125811e-01,2.886820193334285189e-01,6.238881059635329601e-02,1.311520450335259547e-01,4.971461770153927373e-02,1.719071387129296746e-01,1.656588914067705642e-01,3.116170455332713529e-01,4.040107328088949346e-01,3.365302085625783146e-01,6.343762745603576114e-01,2.606498236244990108e-01,1.758972239276995475e-01,2.660336632241298571e-01,3.134249472677055337e-01,7.642755070725310018e-01,4.415857292894779240e-01,1.246737100317832359e-01,1.201973610858851627e-01,7.567097179978954369e-01,1.812308513435732238e-01,4.329991765876729515e-01,4.310390534951225594e-01,3.386875691967149993e-01,1.984643445290357744e-01,3.159959258762427003e-01,3.713187019382830356e-01,4.629062887747518729e-01,7.163342875722495950e-01,1.276876505796553651e-02,3.801563414957617737e-01,4.334382475192845030e-01,2.236693278604287016e-01,6.688647892617652913e-01,7.088656056897142399e-01,7.037868574028367519e-01,6.531820450516900856e-01,1.733668389794895681e-02,6.420707906458869019e-01,7.399608681411236066e-01,6.756920084370012791e-01,1.217395545640961863e-01,3.241868443586334303e-01,2.435917084597291615e-01,3.395092621142650202e-01
6.039983324836165068e-02,1.697714686130592232e-01,0.000000000000000000e+00,3.776891268557974746e-02,1.196078023975361004e-01,2.136934165447259004e-01,2.638732221088697649e-01,3.141610349124248636e-01,5.425474814482214025e-01,1.057941901605387869e-01,6.132092832538227345e-01,2.096225767605882084e-01,1.596536557904291720e-01,6.459368403630251498e-02,2.553003649166543654e-01,5.648169715373461963e-02,7.402480494152563484e-02,1.024827890288067256e-01,7.350671541851744317e-01,2.523080773296149659e-01,5.045966799392992419e-02,2.272554315039135853e-01,3.759669738190921096e-01,6.967334596861729512e-02,1.240744581652651612e-01,1.423015411968560906e-01,3.424426158077005788e-01,2.220149564865381009e-01,5.890624419010836998e-03,1.346501174989311878e-02,1.442380087932515487e-02,4.109563723824152248e-01,1.684483344474597410e-01,2.784244512363783230e-01,1.125525716319475678e-01,5.841162939745291049e-02,8.750027189595832589e-02,1.370630983046685625e-01,3.559115103668631930e-01,2.172443714732488484e-01,3.661021083267862464e-01,2.919538739498578339e-01,2.167348938995727892e-02,2.005049298616514708e-01,1.135073910261148733e-01,4.972322446192486978e-03,6.775650225413826222e-02,7.596412332133569700e-01,1.597509401090249914e-01,4.672531641207499087e-01,2.373394686863393721e-01,1.580127467955367571e-01,4.094060083638235703e-01,4.871607308960991256e-01,1.403783784654433209e-02,8.457380708382238321e-01,1.532699684202228074e-01,1.575133443352520479e-01,9.997140797359506392e-02,1.436787067569914589e-01,3.060880696116278221e-01,2.702600280914092823e-02,3.201198392901284662e-02,6.488377469888791937e-01,2.974906742245653768e-01,1.635494681999360989e-02,1.692393031490058708e-01,3.915285074289298062e-01,4.016326045709829595e-02,8.716668050176290539e-03,1.212631822599870846e-01,3.969442110451733008e-01,7.947130463733798056e-03,3.097109530924027632e-03,9.676502879629442222e-02,4.931483854319641535e-01
1.326066580819042218e-02,4.384258327548248846e-01,3.776891268557974746e-02,0.000000000000000000e+00,4.699679954225182144e-01,3.440703900197017440e-01,6.072357219536071993e-01,3.715670393525885018e-01,3.710884871432020282e-01,4.639925520520664370e-02,3.411069927224148479e-01,2.718115502921397697e-01,1.430034183434009676e-01,4.364836113711595411e-01,2.211138480444049537e-01,2.886616024622209453e-01,3.863268753078173690e-02,2.297099722374423836e-01,8.883974528181268204e-02,1.353166789636454093e-01,4.882930854020871569e-01,8.903536991856331184e-02,4.875812444929479295e-01,4.885967228668308682e-01,3.682127394428905132e-02,3.587141834558938980e-01,2.374107442025259751e-01,3.546074031629107282e-01,3.472222754085659835e-01,4.156767402036490866e-01,1.796060017316540303e-01,4.124639278432062350e-01,1.449943590485068823e-01,1.056723430463000213e-01,8.746047745767246417e-02,5.159542555814238263e-01,6.684100764131845063e-02,1.115647044088498713e-01,5.121225872489474362e-01,3.181527630220140068e-01,1.868820730352570014e-01,2.750112721181122155e-01,3.868448772160710813e-01,4.957622128021293290e-03,1.852828558411201976e-01,1.128617816907925980e-01,3.953537013445829196e-01,2.509146481739167323e-01,5.863188646171242357e-01,1.383926397972444766e-01,4.337577028265702239e-01,1.412261530707971946e-01,2.758072836287975838e-01,5.773017785277148040e-01,3.579728719153039140e-01,1.944229891579361269e-01,2.434564198515780375e-01,2.590118839146530738e-01,6.087489620029047366e-01,2.527765129064332150e-01,3.311213653871606377e-01,1.767724747493497894e-01,2.106187972002386277e-01,6.493990529053840499e-03,2.608737937408876495e-01,4.843701695534950447e-01,3.518755739258636051e-01,4.267253707635774718e-01,3.872138031809356784e-01,1.136753585704206038e-02,2.976304514717535987e-01,3.470000981858846756e-01,2.325737872367518999e-01,2.871901977696311725e-01,4.236014330991476617e-01,3.730023770606477607e-01
2.670185298025362641e-01,6.268084869264606285e-01,1.196078023975361004e-01,4.699679954225182144e-01,0.000000000000000000e+00,5.162778336154792980e-01,7.323322725380402298e-01,3.071423677248378281e-01,3.353782808734412368e-01,6.363741510110376698e-02,3.513563835668804813e-01,2.595143187265166462e-01,6.334604984414365925e-02,1.350466833278015644e-01,5.626879094925769653e-01,1.763449101813473197e-01,1.695223762976039716e-01,1.287237690508820642e-01,7.898720591599628360e-03,4.199811474905490449e-01,8.077676603010994771e-01,2.413530108125538642e-01,5.026694868076713174e-01,3.491498131248963605e-02,4.862653240269951271e-01,5.253957545722229838e-01,4.856239376998074952e-01,1.668628661122184553e-01,5.748707022195065353e-01,2.260491430491336495e-01,7.596293130884357314e-02,1.857139907056985229e-01,3.152175131482773951e-01,2.473449884266787357e-03,1.746498444110057835e-01,1.061202524816837744e-01,2.066790380397407756e-01,7.260803757284395310e-02,2.423552454544828372e-01,5.434725383408414157e-01,2.031874617125169480e-01,4.240816827915699361e-01,2.924874171026337066e-01,2.529249040253924163e-01,1.948421499224536058e-01,2.103676989328367442e-01,6.340991674970130054e-01,1.687416000100019908e-01,2.583211087956371887e-01,9.924955088749409793e-02,7.259332196195280584e-01,1.681778707572552101e-01,2.792458325025160004e-01,4.232173541094739200e-01,3.809196236254539514e-01,1.072363875880262274e-01,2.551275263720361730e-01,3.187904634153656547e-01,3.012863493883567445e-01,6.856523764443422930e-01,8.604742510310497972e-02,3.764357538162432237e-01,4.074309779444515445e-01,1.094142813170974060e-01,5.840374917416286671e-01,7.729777740636261107e-01,5.490236590745281031e-01,4.983918881176705451e-01,1.839297243427297224e-02,4.364210647690243139e-01,6.215726811295083643e-01,6.060845382348830634e-01,6.424439642032378495e-02,2.835694099872594354e-01,1.836987759384568764e-01,4.621458826846269047e-02
3.431160668941263259e-01,7.519121059715867528e-01,2.136934165447259004e-01,3.440703900197017440e-01,5.162778336154792980e-01,0.000000000000000000e+00,4.628138356115533703e-01,6.097357377499481590e-01,5.786713771840232834e-01,3.578828481531488026e-01,1.287119592802535295e-01,5.078502106096980384e-01,6.367660723168440118e-01,1.386898428954208562e-01,4.431553049169190128e-01,1.009825272774472760e-02,9.152592093982922505e-02,1.045706799815289689e-01,3.623693155110141451e-01,6.124329564340320609e-01,4.448677407933978589e-01,3.820962437081875662e-01,6.936374416845000335e-01,7.990823250790612953e-02,5.664516464271005525e-01,5.986551285863539462e-01,7.218495217095410865e-01,4.719249656597857556e-01,7.740088552931472243e-01,3.104304655164125126e-01,1.216570913249405000e-01,2.165389050863117948e-01,2.755433359040690422e-02,4.323228844696225953e-02,2.209080095765237339e-01,4.346082962169921238e-02,1.738934650643583490e-01,4.542642011686706116e-01,2.655001200913035819e-01,3.278059017630954308e-01,1.754227328533672081e-01,4.511968783718251497e-01,8.739409600040284887e-03,2.580202601541363716e-01,1.982297016061641548e-01,1.930027499319919571e-01,5.787492519366767008e-01,4.755322908289283390e-01,2.505189019866831401e-01,6.033189678814644685e-02,6.328731423756015495e-01,4.482159629524426481e-01,6.482862799214881289e-01,1.672996618904702970e-01,4.327457968106622754e-01,1.309212022929832908e-01,4.115378273663669595e-01,4.811626026594622574e-01,4.649853026938464695e-01,4.549782956137724543e-01,3.001328404618868739e-01,4.204938003321414541e-01,2.333754142284878430e-01,2.718529671040009754e-01,6.052848720510853875e-01,3.160233953270544238e-01,5.429111801401207416e-01,6.479177187295641627e-01,8.577689156823520289e-02,3.236528944736725144e-01,4.349997694908001034e-01,5.208227761971115921e-01,3.640142694675203849e-02,1.867344943449354977e-01,3.820565801160001607e-02,4.820772334731368014e-01
3.582812867830574843e-01,6.103109554261721970e-01,2.638732221088697649e-01,6.072357219536071993e-01,7.323322725380402298e-01,4.628138356115533703e-01,0.000000000000000000e+00,4.591733130322471768e-01,4.254701594181826696e-01,2.093173043749843587e-01,2.001281623244325902e-01,3.066274643080073581e-01,9.222439231986001573e-02,3.139987328166269354e-01,5.582960021077070234e-01,4.955456226501860906e-01,1.547545071459033306e-02,1.815395591589091251e-01,2.493703103398449694e-01,3.581583181459021548e-01,8.833391265381569379e-01,2.094236091688464474e-01,6.436157849537498254e-01,1.880729466147792184e-01,3.389366108958915547e-01,5.153861944223403491e-01,5.507837711881489184e-01,2.546856610484250494e-01,3.874082921597125084e-01,1.717960305964821854e-01,9.750215349140611831e-03,5.057725532483948738e-01,9.210158335560744702e-02,1.763030901019899122e-01,9.965864568690276093e-02,3.666288905609443871e-01,2.831140630833608451e-01,1.609095571330220187e-01,4.366266960955161869e-01,5.013095109295429008e-01,4.235365449981260966e-01,4.858980072910693004e-01,3.255291494320576851e-01,1.785593163120172688e-01,1.803324186746146640e-01,1.895183131101024210e-01,6.565259881183553858e-01,5.094795227519640646e-01,3.282212100602803218e-01,2.818474118290235642e-01,8.199643887994693126e-01,1.083410804912643965e-01,3.440215155535876201e-01,7.487450846367230683e-01,2.862491189305361727e-01,3.669966272319291067e-01,2.254570651424612493e-01,3.692706255085649314e-01,3.890216286038550852e-01,6.572124928079303707e-01,1.127753360373407177e-01,2.681464810592177339e-01,3.568937075137049164e-01,2.837992026449466243e-01,6.545820196553675530e-01,7.603292011586498811e-01,6.153309562579903913e-01,5.767209212018876707e-01,2.508222462543188702e-02,3.928971130450366056e-01,6.859080655158478201e-01,7.420540814358645987e-01,3.027601066106974104e-01,1.461472353345899533e-03,3.300634096434194031e-01,1.903267580222516853e-01
3.287656681415075388e-01,4.079300012867201897e-01,3.141610349124248636e-01,3.715670393525885018e-01,3.071423677248378281e-01,6.097357377499481590e-01,4.591733130322471768e-01,0.000000000000000000e+00,3.219137408065708694e-01,3.807684423196028289e-02,1.790434820060593513e-02,6.660856413538014387e-01,2.908037088484445309e-01,2.058804783175913478e-01,2.395194181194371108e-02,4.114514650755455860e-01,1.547981703799516107e-01,3.061352294199696789e-01,2.501565443394902499e-01,1.528018425579171502e-01,3.877843979600109070e-01,9.431416079100329863e-02,7.385723582882121052e-01,3.242684984188404229e-02,5.598189618201751538e-02,4.081673152792098525e-01,2.668257630139236891e-01,1.259143856283844176e-01,2.667532262981660574e-01,1.998328139252714131e-01,6.516031858722015624e-02,3.787803954558910391e-01,9.496671601379641503e-02,5.490255645812043561e-02,5.853062117812739273e-02,3.626391328221911792e-01,3.660064536013486747e-02,3.262940963664370253e-01,3.870772178538958164e-01,3.026998658873211179e-01,2.527629920584723577e-01,2.528468283136656725e-01,8.946131066411601440e-02,2.099190885224304359e-01,2.886622075057786174e-02,3.840365889628130081e-01,2.948626436050175714e-01,3.996718772619319848e-01,1.603001745020075086e-01,4.250806061553193127e-02,4.851159914133315043e-01,2.466545898389521652e-01,7.315309447789838382e-01,2.785419086876493311e-01,1.368292226733742734e-01,2.844745559753175668e-01,5.536947049334122184e-01,3.258689622145070630e-01,3.483782416399689441e-01,1.178594970381152685e-02,7.469811270678903270e-01,1.001211217186857849e-01,2.727866026843337455e-01,1.924458975900434354e-01,8.700115161356450355e-02,1.177403954605237280e-01,1.288176653509164049e-02,5.224680487125126227e-01,2.494686257098732707e-02,2.033919741538725567e-01,1.875254380286223432e-01,1.214595241654902735e-01,2.584843084589315554e-01,4.504365969566240246e-01,3.958297659987966566e-01,6.769550428305453060e-01
6.971333892901548923e-02,5.793650875059986882e-01,5.425474814482214025e-01,3.710884871432020282e-01,3.353782808734412368e-01,5.786713771840232834e-01,4.254701594181826696e-01,3.219137408065708694e-01,0.000000000000000000e+00,4.527817314813150640e-01,1.753872180759034061e-01,4.314727314092259292e-01,7.098390868824207001e-01,2.252784014697891135e-01,6.401009740994428876e-01,1.320059732542244457e-01,3.237671841057965794e-01,2.147045588883341460e-01,7.054585895171745502e-01,6.985998121290202256e-01,3.320056535922660812e-01,5.066815644395133988e-01,5.819480539881403125e-01,1.611331429714472074e-01,6.021498038117996110e-01,5.858505445285272506e-01,6.752169263034711877e-01,7.751191988449463999e-01,6.117995276669581095e-01,3.061816913809998209e-01,3.399551022122077049e-01,4.060634474277986516e-01,5.557491452414561883e-02,5.626503734608291618e-02,2.075708413295251631e-01,4.932734896788325274e-03,3.182308955051230126e-01,4.965051135514654268e-01,4.118223934130217367e-01,1.176112885346080883e-01,3.415774106451787140e-01,5.484310344245876268e-01,3.001671469576373819e-02,2.663804812854134174e-01,2.361994784841655870e-01,8.059261649234014668e-02,4.092034880938330565e-01,8.357792916512863934e-01,3.344364264804426390e-01,4.829548686748476038e-01,3.852906753425904829e-01,5.137513995026372626e-01,5.344877576290862908e-01,5.054990988236340854e-01,6.577444263561966764e-01,4.959947855226325419e-01,4.711405852149941897e-01,3.090104051197355983e-01,5.008075815402740494e-01,6.476823734406513822e-01,1.499082693170195879e-01,4.846928488480675146e-01,3.621140066284925796e-01,5.677997747096050762e-01,7.451544444487468999e-01,4.033956480258200084e-01,7.269595031672666519e-01,6.983652562741529124e-01,1.391607818570346766e-01,3.338545223673372586e-01,5.495664850237904631e-01,6.000881249853778909e-01,2.286133911029072374e-01,2.261057027585584023e-01,1.297381679756477724e-02,4.796381514062489360e-01
3.194875356466309047e-02,2.153925912989137492e-01,1.057941901605387869e-01,4.639925520520664370e-02,6.363741510110376698e-02,3.578828481531488026e-01,2.093173043749843587e-01,3.807684423196028289e-02,4.527817314813150640e-01,0.000000000000000000e+00,9.956932360946546545e-02,2.192955912388319661e-01,5.864950960806338820e-01,9.859073762932162033e-02,3.495814121555365639e-01,4.822992195589502762e-01,3.412306951806989286e-01,3.779082010904940003e-01,1.609828472707643676e-01,4.483039977817874222e-01,1.344355814083655343e-01,3.759552996651144285e-01,7.954827311623174912e-02,6.957410585243747891e-02,4.834889132355814079e-01,3.343322168886697088e-01,2.935866920103622491e-01,4.886340239781551409e-01,4.972106602531480846e-01,2.148673590631111074e-01,4.182369150561555116e-01,1.100821336267036876e-01,3.143745849206658893e-01,2.617150454278757143e-01,3.716253830204566122e-01,1.899910383341799625e-01,9.188476853274901712e-02,4.358229235519538447e-01,1.501136966044421678e-02,1.354337951132832951e-01,8.885260243520129442e-02,2.309389026774711640e-01,2.081191798372737101e-01,1.934197048055490697e-01,1.880120420978739493e-01,1.731303578998676096e-01,4.535720397065048926e-02,1.522067633743482140e-01,2.066187981174919530e-01,9.172197123621245174e-03,7.342209831384950702e-02,3.979559342095505547e-01,3.035016255796194606e-01,1.925621531852963475e-01,6.508435991125403053e-01,4.282183621801768925e-02,3.130295341232344208e-01,2.961528951965025636e-03,2.450103599024623935e-01,3.009931197701279371e-01,3.154377985274020579e-02,4.139692472504593046e-01,1.669090000911675198e-01,1.581321732553442327e-01,2.728079802917818819e-01,1.445318760998178242e-01,2.796391603689452054e-01,1.347950643655271286e-01,1.468517575689042287e-01,2.115029700783568889e-01,1.509107723096918541e-01,8.338381861473315171e-02,6.665499690459356086e-02,3.642513500844928309e-01,4.001106352725862236e-01,1.889126590651539761e-01
1.703818524090061071e-01,1.719398636617365805e-01,6.132092832538227345e-01,3.411069927224148479e-01,3.513563835668804813e-01,1.287119592802535295e-01,2.001281623244325902e-01,1.790434820060593513e-02,1.753872180759034061e-01,9.956932360946546545e-02,0.000000000000000000e+00,1.281663588609825433e-01,1.465909861264113601e-01,1.045542020108118086e-01,4.502098121312297918e-02,2.080278924141411648e-02,5.188037956294411224e-03,1.909673632654801390e-02,4.353355302336136545e-01,1.038164001345248666e-02,4.104005060660798065e-01,3.659661950663006813e-02,1.804535495264714129e-02,1.440243785425976697e-01,2.827270018566419019e-03,1.202764004250631014e-01,1.039718630317860160e-01,6.620442993383157670e-03,3.435914299988325205e-01,2.237697660252234710e-01,1.737252348479003949e-01,1.172595106485261052e-01,2.178228148705746159e-01,2.998096247228664302e-01,2.113805431168409021e-01,3.112893521468264035e-01,2.193997290780642928e-01,1.035409360077030605e-01,1.364334181119533085e-01,4.953951257964734345e-01,1.066180645103896596e-01,1.741717048960443603e-02,1.666847840307782991e-01,1.352455229504811174e-01,4.369038287487952976e-02,9.961993171228779309e-02,2.601440824354447900e-01,2.510584680483312625e-01,2.833103114076888085e-01,2.091915535712156604e-01,2.244942852115628107e-01,7.159908612044907361e-03,7.311579635646114905e-02,1.618179374332717746e-01,1.301655142224306116e-02,5.734544714804663545e-01,1.520047484836768437e-01,2.194428687541442602e-01,2.182552760542774140e-01,1.364672338458701728e-01,2.414331329500662426e-01,3.183603772579683688e-02,2.624785508931437583e-01,3.430433383169058104e-01,1.075827045182695396e-01,3.767735410628844650e-01,2.028027542521123050e-01,1.329013456242594815e-02,1.276797538913058278e-02,1.961218265475480060e-01,1.933921745590347352e-01,1.157126379799507387e-01,2.437034469512484869e-01,5.381344804893131717e-02,2.154946193322270637e-02,3.277505515314332318e-01
9.538533422508761739e-02,4.568966533760742688e-01,2.096225767605882084e-01,2.718115502921397697e-01,2.595143187265166462e-01,5.078502106096980384e-01,3.066274643080073581e-01,6.660856413538014387e-01,4.314727314092259292e-01,2.192955912388319661e-01,1.281663588609825433e-01,0.000000000000000000e+00,3.670296368521854258e-01,9.266238680156729801e-02,1.406849493043151877e-01,1.184750200177420026e-01,2.350282309280257720e-01,1.147728026510124177e-01,1.939056407894845513e-01,3.206778912346883725e-01,3.069634217325351022e-01,1.242345291450826505e-01,5.500040776014070154e-01,2.898244322320769339e-01,2.720476568938595130e-01,6.372691623300869024e-01,2.120970875281809609e-01,1.947236692496025490e-01,1.694077524274926194e-01,1.380451611023314484e-02,3.040566113499094947e-02,3.224252922663326526e-01,2.427617030928145569e-01,8.175545099349131040e-02,3.580670936901143853e-02,1.451114026942654789e-01,2.109191197149443142e-02,2.509189608490712819e-01,3.132338629353469406e-01,1.592313574280872501e-01,2.656830807443087417e-01,4.442747985507707886e-01,1.884123966341243739e-01,1.786665125249802255e-01,1.041441177760952796e-01,5.794517093357704624e-02,2.255748110492810654e-01,3.478783910233366194e-01,6.758988814153930880e-02,6.494773287260549588e-02,5.120739501637252555e-01,2.063372450252986823e-01,6.339141583850995687e-01,2.171127737977692485e-01,2.491422118264083885e-01,2.055954584147577091e-01,7.818331970063251424e-01,2.935948934811253852e-01,3.225698103058595723e-01,1.644684132930341602e-01,4.592340199297027525e-01,3.264242835846125068e-01,8.458065348349735196e-03,2.156316988421185799e-01,2.201227210379300692e-01,1.535709802989005668e-01,1.523669044010132478e-01,4.531398791081076571e-01,1.946772706730253155e-01,6.920330705073637900e-02,3.839970326855370319e-01,1.662837711759147241e-01,1.873815355787611381e-01,1.675949456653634539e-01,1.434674992571025598e-01,5.442197019103069966e-01
4.210659075763870107e-01,3.629342960651236183e-01,1.596536557904291720e-01,1.430034183434009676e-01,6.334604984414365925e-02,6.367660723168440118e-01,9.222439231986001573e-02,2.908037088484445309e-01,7.098390868824207001e-01,5.864950960806338820e-01,1.465909861264113601e-01,3.670296368521854258e-01,0.000000000000000000e+00,1.608026604667963932e-01,3.097802183235532913e-01,4.277873357511750574e-01,3.271063394961890580e-01,3.553389035667685047e-01,3.857948112946505415e-01,5.160479966180022693e-01,1.306610049173370647e-02,3.568061005184356982e-01,3.234899291168692459e-01,2.893515815932390378e-02,4.768071751994764629e-01,4.263003679595028794e-01,4.085125578558350679e-01,6.955177150143784237e-01,5.556865485445932062e-01,3.363056725060126206e-01,2.774387709652038070e-01,1.875975771674272263e-02,9.577539215875650880e-02,8.464970776643096495e-02,2.892610943331405116e-01,1.223753616198206551e-01,2.085747919791853811e-01,5.407077348466274858e-01,1.222662139221355471e-01,4.567054774500107356e-02,3.436831086933905821e-02,3.483400956539417503e-01,2.058077625934457699e-01,2.109643881929893494e-01,2.781664939672699455e-01,1.347348409391085078e-01,7.139941653872616811e-02,3.957395327542483909e-01,2.899152889784928910e-01,1.156451049749878390e-01,9.127925161559677369e-02,4.503340189075130673e-01,4.693913970682367931e-01,6.471090305832233325e-02,5.027533231238232592e-01,3.286372727598518839e-02,3.963967466757528091e-01,2.090297806520569623e-01,3.258830002613190557e-01,2.838653191744253124e-01,1.319860585813294462e-01,4.634158411478045414e-01,1.484297112755876002e-01,2.373748160611262592e-01,3.937795154297513145e-01,3.596574684373260444e-02,3.751182083250139132e-01,3.590895436322187884e-01,1.233201046345341612e-01,9.405520195925057281e-02,1.537577936443810245e-01,1.400835810561443240e-01,1.145332840982605238e-01,2.006956005043167568e-01,3.178803657310033115e-01,4.181237486502576428e-01
1.766685359643100084e-01,1.359010907171679938e-01,6.459368403630251498e-02,4.364836113711595411e-01,1.350466833278015644e-01,1.386898428954208562e-01,3.139987328166269354e-01,2.058804783175913478e-01,2.252784014697891135e-01,9.859073762932162033e-02,1.045542020108118086e-01,9.266238680156729801e-02,1.608026604667963932e-01,0.000000000000000000e+00,4.777798163530181524e-02,2.516218518697615480e-01,1.843151323652477414e-01,2.631667690659766912e-01,9.428179576734321832e-02,4.463976735755881969e-02,4.476929107444263534e-02,7.675491812902453248e-02,2.701127333044891499e-01,4.364520960049032006e-01,2.987693500660351664e-02,3.450406348853734401e-02,1.428528700727892953e-01,3.196242683448594635e-01,1.435442809801573127e-01,2.502381123049430278e-01,1.709320368468675300e-02,2.396459627967154338e-01,2.458737289570216422e-01,9.039057522701912650e-02,6.044287283712156122e-02,2.946116460332771636e-01,2.533241195702120585e-01,2.059473707173263834e-01,2.553469367303496385e-01,2.243416250856392347e-01,1.719225183378091104e-02,2.349924190411020741e-02,4.579133057506762361e-03,4.762361547095049497e-02,1.141535750613973804e-01,2.462533720944303783e-01,1.677036718491251577e-01,1.820584556788544528e-01,4.431743538539192340e-01,3.363789385247453745e-02,3.244656838023460971e-02,1.056704332194130236e-01,1.511134634122893727e-01,1.883801590912443091e-01,3.085653155421364535e-01,1.371261762172014398e-01,9.354121108569629639e-02,9.578406754704810178e-02,3.880665498131647406e-01,1.383505666291481861e-01,2.194840854134483821e-01,8.405125415375092057e-02,2.263069044424242254e-02,3.461060980115365088e-02,8.253086566992649808e-02,1.035079861153256758e-01,2.167935167916018868e-01,1.642267853497229035e-01,3.825616874998548078e-01,7.785017076705021133e-02,8.770842046604904185e-02,7.725018420356027926e-02,2.343853023576152328e-01,3.683037934138753133e-01,5.634034048064591460e-02,2.554342939085200159e-01
2.765776978692389143e-01,6.604727286003608810e-01,2.553003649166543654e-01,2.211138480444049537e-01,5.626879094925769653e-01,4.431553049169190128e-01,5.582960021077070234e-01,2.395194181194371108e-02,6.401009740994428876e-01,3.495814121555365639e-01,4.502098121312297918e-02,1.406849493043151877e-01,3.097802183235532913e-01,4.777798163530181524e-02,0.000000000000000000e+00,2.874831706028474487e-01,3.578067823795371138e-01,3.396771487735247841e-01,4.762766850805064678e-01,6.612647657964105807e-01,4.578708237868214792e-01,6.204443818966619562e-01,4.228869918410142481e-01,8.728477600463305230e-02,7.596105989269322789e-01,5.653339926449434394e-01,7.182874023371739192e-01,5.222492845949768814e-01,5.983546371927437324e-01,2.224273972764377882e-01,4.624742831582188685e-01,1.767116839713402110e-01,1.882262173543460537e-01,1.256402170996486628e-02,2.204093562828038366e-01,1.450360945364032039e-01,2.796734042657177399e-01,2.804020412856731426e-01,1.595451768248798141e-01,2.834407732415170633e-01,4.814943797277995707e-02,3.410849495068377091e-01,1.473944647683550491e-01,2.412155018416299590e-01,1.599422628134127833e-01,4.007526464455545279e-01,3.934450743219434221e-01,5.388729434092122128e-01,1.382142303880566359e-01,3.693403601326492591e-01,4.110631087234463132e-01,2.888065387693063979e-01,2.391871248085744028e-01,3.358442655353416906e-01,5.297610613755678877e-01,2.644203062887834910e-01,1.027159132026294192e-01,2.053614162046829283e-01,3.557048593470029108e-01,8.326977985067527399e-01,1.882314482031928748e-01,3.918555895769263997e-01,4.588072098594286885e-01,4.246983389390764918e-01,7.343135538718434940e-01,6.136119821473627889e-01,6.942700737997692384e-01,5.996349293670473202e-01,8.225402684291227562e-04,4.524629673541323838e-01,4.953760420269487930e-01,7.867565403127934065e-01,2.681919275644228384e-01,5.909688043313403583e-01,7.822429707148761957e-02,8.899728528279418627e-02
2.887388190772480212e-01,9.011665749448577456e-02,5.648169715373461963e-02,2.886616024622209453e-01,1.763449101813473197e-01,1.009825272774472760e-02,4.955456226501860906e-01,4.114514650755455860e-01,1.320059732542244457e-01,4.822992195589502762e-01,2.080278924141411648e-02,1.184750200177420026e-01,4.277873357511750574e-01,2.516218518697615480e-01,2.874831706028474487e-01,0.000000000000000000e+00,5.496791157497766811e-01,6.305201131863541475e-01,4.601819164347283053e-02,3.860417107624019017e-01,1.770259173411056208e-01,5.473924312293558803e-01,3.095390483341275978e-01,2.163557819376886737e-01,4.244637649095866494e-01,1.322637081376671353e-01,9.994271776584284783e-02,3.815664205367843009e-01,2.443956838384804264e-01,1.109934712679216395e-01,5.674826427829624542e-01,4.288021545769330478e-01,3.280250464724628889e-01,2.272062073126697723e-01,1.457072765858040131e-01,5.201290806232372610e-01,2.401092431205041622e-02,2.858526590813236790e-01,3.476108275880172571e-01,1.401256128997472594e-01,2.553147798011290437e-01,2.790934638975468840e-02,2.818586635178329525e-01,6.662295741888910050e-03,6.971332817882719413e-02,6.397532185999231791e-01,2.510721793755384401e-01,1.597698924871603088e-02,1.718939811245064897e-01,9.154562442602892647e-02,3.109983962629419008e-01,2.723723747396092354e-02,1.027195387410485272e-01,3.680467222879899580e-01,1.658359068619321142e-01,2.552153095877022215e-01,1.243762148506029203e-01,1.604777931664455315e-01,4.957530186974524328e-02,1.583332481298450889e-01,5.268549977978373988e-01,1.514034830579838453e-01,2.428216781045394179e-01,9.738097934226849772e-03,1.560723262272538103e-01,4.594579351931160627e-02,1.817040343880655939e-01,1.444100753050362451e-01,2.025570353330954088e-01,2.921622952982380061e-01,2.753569872560343579e-02,3.043934758647059979e-02,1.100816250929134710e-01,6.435836289200725924e-01,4.396839763741057228e-01,2.057085598141338012e-01
4.004826549299849159e-01,4.423700059007638630e-01,7.402480494152563484e-02,3.863268753078173690e-02,1.695223762976039716e-01,9.152592093982922505e-02,1.547545071459033306e-02,1.547981703799516107e-01,3.237671841057965794e-01,3.412306951806989286e-01,5.188037956294411224e-03,2.350282309280257720e-01,3.271063394961890580e-01,1.843151323652477414e-01,3.578067823795371138e-01,5.496791157497766811e-01,0.000000000000000000e+00,7.074937139044314982e-01,1.108367497953036129e-01,4.048249945596801291e-01,2.655722789389331484e-01,4.424243641448079023e-01,1.114328026640285796e-01,1.932479301730266608e-01,5.922625259584231028e-01,5.757698564016811016e-01,1.138270120930379437e-01,3.882353145884179235e-01,2.676647983849987367e-01,1.333772148371442368e-01,4.602452504693987922e-01,5.001024369790905977e-03,3.485211446021062587e-01,3.364762784886787816e-04,1.355870599826008993e-01,2.366514451249308593e-01,2.273260544455199539e-02,9.808968692874039941e-02,1.489120190756392653e-02,3.990592428794284552e-02,9.351803621836823899e-02,4.145963502249986887e-01,1.359688391173292099e-01,8.855584218618772763e-02,1.406272564152633575e-01,5.866702856187353543e-01,1.664885137625160549e-02,1.322613402356560552e-01,3.065095109027118903e-02,4.621058580355252854e-02,1.833091044081429366e-01,5.444594641008815294e-02,1.449686240533054615e-02,8.040995287394397950e-02,1.492881241642765588e-01,6.205681873899485113e-02,1.994512945535013571e-01,1.742213745085141596e-02,1.363024214070539530e-01,3.898698315826170102e-01,2.102148174070410103e-01,2.882437193986105983e-01,3.193582694177662940e-01,1.019770822780836916e-01,3.353501133206135409e-01,3.394295291038048612e-01,3.479766414959754584e-01,7.327325368320000698e-02,1.766960993810751113e-01,3.558411798863623798e-01,3.769592005585490901e-01,1.889996979648648490e-01,1.301682634332513022e-01,4.356750048221273985e-01,1.133083103505540118e-01,1.792792271859688924e-04
2.207159710311538126e-01,3.455733977144593294e-01,1.024827890288067256e-01,2.297099722374423836e-01,1.287237690508820642e-01,1.045706799815289689e-01,1.815395591589091251e-01,3.061352294199696789e-01,2.147045588883341460e-01,3.779082010904940003e-01,1.909673632654801390e-02,1.147728026510124177e-01,3.553389035667685047e-01,2.631667690659766912e-01,3.396771487735247841e-01,6.305201131863541475e-01,7.074937139044314982e-01,0.000000000000000000e+00,2.296649060826633226e-02,5.316909319869607131e-01,7.953496116327340992e-03,5.240506881833634223e-01,1.723288073330626891e-01,3.223992314985410501e-01,6.956215026159245918e-01,4.110652098759809414e-01,1.803510303341534504e-01,3.109763153824628423e-01,2.539037104232966802e-01,1.565400230640970614e-01,3.070510370849393045e-01,2.977229045011359210e-01,4.164720929670041594e-01,1.368225054346124125e-01,2.943791577703447904e-01,4.310964134194611441e-01,9.292264113234367795e-02,1.070818678712906757e-01,2.325402562503025850e-01,1.476473933511437686e-01,4.783367731575213777e-02,3.412624473996587193e-01,5.481348661682011736e-03,6.159001398693497720e-02,2.268344188106389825e-01,5.818282515798136600e-01,2.922381156362785504e-04,3.497217161379656547e-02,1.570022578915210021e-01,5.319542167245160103e-02,7.020487752346643573e-02,3.526517317279026509e-02,2.843964942235633481e-02,2.192348511502383024e-01,1.516821495371423190e-01,2.314476223557573875e-01,1.602899914657667513e-01,1.568346801236407129e-01,5.128116866622323133e-02,2.994495175125637676e-01,4.385659938646456757e-01,1.885566151413025082e-01,4.071331930671914789e-01,4.719341861644044123e-02,3.026766301887021116e-01,6.765145580068679387e-02,3.140597014569903034e-01,1.729003856428902586e-02,2.832853326604242716e-01,3.958849596527995174e-01,2.553644001557588417e-01,1.793151080188660762e-01,8.643142275705334443e-02,6.126464579707376901e-01,2.802583452466159697e-01,4.393649686316508651e-02
4.388688127980341913e-02,2.974409183118396638e-01,7.350671541851744317e-01,8.883974528181268204e-02,7.898720591599628360e-03,3.623693155110141451e-01,2.493703103398449694e-01,2.501565443394902499e-01,7.054585895171745502e-01,1.609828472707643676e-01,4.353355302336136545e-01,1.939056407894845513e-01,3.857948112946505415e-01,9.428179576734321832e-02,4.762766850805064678e-01,4.601819164347283053e-02,1.108367497953036129e-01,2.296649060826633226e-02,0.000000000000000000e+00,4.365318758972377977e-01,9.824825173869825012e-02,3.534475613487431667e-01,4.028653885149518499e-01,1.769340193163783381e-01,3.271595745407436251e-01,2.993115071728131849e-01,5.193909842618587014e-01,4.845234320874287071e-01,2.411393571125839130e-01,1.522844616079584434e-01,2.792456383399949393e-01,3.855942301864256905e-01,1.234457577388420740e-01,5.084537174562241829e-02,1.522203591765137476e-01,8.916251872727071204e-03,2.308975128960578105e-01,2.028665705813876841e-01,4.211224446445697156e-01,1.247404330305275644e-01,2.823228647581988437e-01,4.011060229758109941e-01,3.075050183930100323e-02,2.474851831667025381e-01,2.036904206949430307e-01,4.941655662903711443e-02,1.908844625513149429e-01,7.885128052153439482e-01,2.832345456468985875e-02,4.933064036488573056e-01,2.517636614590477162e-01,3.457605163949541982e-01,3.698709563714644433e-01,4.419055408004948227e-01,2.833409044499358154e-01,6.612162940155118518e-01,1.659243996256120901e-01,2.684459176689506510e-01,2.957484330207897916e-01,3.646570200541178752e-01,1.636245881791325574e-01,2.612310509226496991e-01,1.570905806027011742e-01,7.928681733049707248e-01,4.500220680143057206e-01,1.248462821306981496e-01,3.818509306779324097e-01,4.434615505679757597e-01,1.721394241922103996e-01,1.640358891484838266e-01,3.068262453585872129e-01,4.539017641606279407e-01,1.959508087173854052e-01,1.125616647098426210e-01,1.541148440976417011e-02,4.198608884333441815e-01
8.135007819276030006e-02,6.432059646010301890e-01,2.523080773296149659e-01,1.353166789636454093e-01,4.199811474905490449e-01,6.124329564340320609e-01,3.581583181459021548e-01,1.528018425579171502e-01,6.985998121290202256e-01,4.483039977817874222e-01,1.038164001345248666e-02,3.206778912346883725e-01,5.160479966180022693e-01,4.463976735755881969e-02,6.612647657964105807e-01,3.860417107624019017e-01,4.048249945596801291e-01,5.316909319869607131e-01,4.365318758972377977e-01,0.000000000000000000e+00,4.059914539024003788e-01,8.378524224977023094e-01,4.543140254709343573e-01,3.185477654599193353e-02,7.980927945075038110e-01,6.256794514824752795e-01,7.167945838967363370e-01,6.100852721296179393e-01,6.357322142644613594e-01,2.058362382119209300e-01,4.286275701163674290e-01,1.085349527221290966e-01,2.001350452562860038e-01,2.667435970701854953e-02,3.343664724696241985e-01,2.315943379973751937e-01,3.044874616749743690e-01,3.909686975834147926e-01,1.442082447105454968e-01,1.731675491153000512e-01,2.135013950337709132e-01,5.040413550265661069e-01,1.639782908234047043e-02,3.485087011797374235e-01,2.275587489944427000e-01,3.584623056301992072e-01,3.836947318187130529e-01,5.474069995656678511e-01,1.361540538898773356e-01,2.165683069459675980e-01,4.258562882303489894e-01,3.115450923642023584e-01,3.840939277503578886e-01,1.835751722873328884e-01,5.683683398310632739e-01,1.128740038693371861e-01,3.750112615965329743e-01,1.527742229779529559e-01,3.544957369008898129e-01,6.754682615432643367e-01,9.477454066489193751e-02,3.282465548771426600e-01,4.252762200539363380e-01,4.062384957153495901e-01,7.946289078398345307e-01,4.203190978892927254e-01,7.536950345343859103e-01,5.702474270694761760e-01,1.350900834535095352e-01,4.832738784056099246e-01,5.315206934151072149e-01,6.198323529459605075e-01,1.975423185468604959e-01,5.309643835322505057e-01,2.206184498280399642e-01,3.342691142083880074e-01
3.385616815697750637e-01,7.681682427982121641e-01,5.045966799392992419e-02,4.882930854020871569e-01,8.077676603010994771e-01,4.448677407933978589e-01,8.833391265381569379e-01,3.877843979600109070e-01,3.320056535922660812e-01,1.344355814083655343e-01,4.104005060660798065e-01,3.069634217325351022e-01,1.306610049173370647e-02,4.476929107444263534e-02,4.578708237868214792e-01,1.770259173411056208e-01,2.655722789389331484e-01,7.953496116327340992e-03,9.824825173869825012e-02,4.059914539024003788e-01,0.000000000000000000e+00,3.614314514288201607e-01,4.442725931998329214e-01,2.012242863619718991e-01,4.142365776686470213e-01,6.770592782502072859e-01,4.635971686103062539e-01,2.636577076060103164e-01,5.413633492059080066e-01,1.147856160048607022e-01,2.351624169466055014e-01,4.979799325279913869e-01,1.236151405496890288e-01,3.361245144289259912e-03,2.742652871164089762e-02,1.510325473330462187e-01,2.289616292247334539e-01,1.338151716100479394e-01,4.033402927262080828e-01,4.718726448989208899e-01,2.837784605710097496e-01,3.433728817358917551e-01,3.487491079157847840e-01,2.346060233510153525e-01,4.289001002708245358e-02,2.142555243847988344e-01,4.606006456466232857e-01,2.875224917069445496e-01,1.900962811610997505e-01,4.244744982596497518e-02,5.491441211158732960e-01,1.592959034572813404e-02,3.255029404243058311e-01,4.730377274855966929e-01,3.119901822390832580e-01,1.482433300832921297e-01,2.495118141143966572e-01,2.091130354659755664e-01,3.845636262723620691e-01,5.593680930470397161e-01,3.220078912140861283e-01,1.716558351719700004e-01,1.401331320957865390e-01,5.843478411491939695e-02,4.841831236237750247e-01,7.593918651514838247e-01,4.735414236567022095e-01,5.166834251916887499e-01,6.091431872533428771e-02,2.127704371926815163e-01,5.015471229557657562e-01,5.255727678566135541e-01,6.962381816203788709e-03,3.242044094753715466e-02,3.634127131161478119e-01,2.107803594628498145e-01
