0.000000000000000000e+00,5.427395080530830196e-01,5.037460498143627730e-01,1.721566793893896663e-01,4.423836863660682850e-01,2.836997950451853878e-01,3.442124664433255932e-01,4.405439163471051023e-01,3.131506756346317255e-01,4.273247832965412774e-01,3.752054042499846087e-01,3.670704786305978296e-01,2.399442108961338249e-01,5.257340493756125221e-01,3.366506484492463591e-01,6.659894510319230854e-01,1.475824219287606154e-01,2.009698179980437538e-01,3.911885847461682442e-01,4.954530535533466229e-01,4.353774584337686826e-01,5.753211768683837990e-01,4.027432051733188523e-01,4.364775543361143484e-01,1.769423091514011337e-01,5.689366170385524724e-01,3.599151221545619506e-01,3.197935298304417362e-01,6.045252294648881808e-01,2.700437565048582345e-01,3.660005698610548364e-01,1.822840920553905897e-01,2.643111290524320367e-01,1.153578705724945808e-01,1.971255521851577042e-01,1.681081044621007270e-01,1.641264423498114688e-01,1.209750393779973066e-01,2.248415576052511800e-01,3.182729925838061469e-01,1.623607781438020370e-01,1.359445486681699206e-02,8.288936710019872978e-02,5.273962542337259918e-02,2.607602534270308525e-01,6.961060715855922343e-01,1.891777967172717789e-01,4.718680949358717847e-01,1.112770351839855870e-01,3.128489610562273926e-01,1.010797865743285479e-01,4.077660123609572196e-01,2.878364593307108921e-01,3.952838868359850322e-01,2.127109373002158410e-01,4.575244691858504908e-01,4.650023615337270377e-03,2.801542674927126608e-01,3.892542302465915038e-01,2.698379401932147759e-01,4.837984214832301566e-01,2.462001762161938334e-01,2.996181170724372400e-01,4.446772975278470708e-01,5.071243297485774626e-01,2.114396902353846697e-01,5.468918209537356745e-01,3.431218582194121014e-01,4.400205665055356707e-01,2.627275634890715028e-01,5.121474308652149698e-01,2.338382142153615784e-01,3.661727728925479597e-01,4.059632844579912914e-01,5.789071573357197353e-01,3.803116088254644978e-01
5.427395080530830196e-01,0.000000000000000000e+00,5.091019386781919787e-01,1.284438873605372733e-01,3.444064831734871546e-01,5.809340871746214718e-01,4.206710364003134472e-01,4.590646903376269239e-01,3.651429837296398806e-01,3.572928484484371170e-01,2.871358426876290948e-01,3.347041695412535933e-01,3.139497469556278841e-01,5.192241576821489124e-01,2.572100238548027384e-01,5.408533488272952994e-01,7.691339088126197820e-02,2.314826336451563660e-01,3.644230300952910895e-01,4.872243864703564298e-01,2.593841916086808697e-01,5.666355318419976639e-01,5.300392601991932295e-01,1.682704803207458188e-01,4.243302414985882787e-01,7.326773865898428273e-01,5.535174026283513626e-01,2.070668662402627425e-01,6.161376986580560100e-01,1.122819473172210342e-03,1.693122692641542970e-01,4.130600660395988832e-01,1.174175723706216146e-01,4.401367309185014176e-03,2.310345090507853749e-01,2.280876677817837150e-01,2.488287279101026039e-01,2.432259659807086971e-01,3.770487914175488231e-01,2.425065803329258252e-01,1.576682491904022043e-01,9.315822725794219161e-02,3.097484438031836707e-01,1.191732008458095682e-01,1.887979262712591866e-01,4.264111488250115212e-01,3.973798202122894585e-01,4.834313009242876547e-01,1.684276421592934281e-01,5.568096581168047177e-02,2.298393753740184120e-01,2.994398023871925885e-01,2.687249296060975623e-01,3.201626150637506552e-01,1.346518578983360026e-01,3.214682832227492293e-01,9.734165111700776585e-02,2.223191795177614782e-01,2.418497383157730829e-01,1.635917556698644471e-01,3.556278844410557527e-01,2.621587029722375339e-01,1.781074671846889501e-01,4.066938527545098103e-01,4.595846600568542217e-01,3.132053237704157667e-03,5.428531676085686097e-01,4.215087113712726596e-01,3.181534334553491883e-01,3.714483818832342021e-01,6.072064679172090029e-01,4.028611858709985616e-01,1.941614628312235413e-01,3.986616006438860049e-01,3.344332751425437844e-01,1.986490746741513547e-01
5.037460498143627730e-01,5.091019386781919787e-01,0.000000000000000000e+00,2.270812190983083900e-01,8.209703177099050286e-01,4.507126429246904320e-01,6.682399182452802844e-01,7.056144374055144386e-01,7.861082610227455580e-01,3.519822795611593502e-01,8.418248260929924731e-01,6.014366412275300444e-01,6.339225247502944249e-01,4.960020345437558542e-01,4.662576384306353350e-01,3.564595574811196821e-01,1.569872673745753289e-01,2.369748368342176337e-01,9.157874865543199627e-01,6.676359918453904641e-01,2.404565995744685769e-01,6.581379365956747662e-01,7.460173494745331313e-01,3.639123694356333205e-01,1.285527063363574307e-01,5.026486479184726353e-01,5.532056074216595842e-01,6.536399254137890136e-01,6.221148519983169534e-01,4.568402191964090475e-01,4.140457509670188441e-01,4.034287976603322390e-01,9.520448139259047801e-03,6.076197789064551047e-02,6.734721708679711205e-02,1.679586942030140140e-01,2.827729070021019891e-02,6.637771737946082662e-02,4.416007450272427803e-01,5.038323210954043230e-02,1.718555833950337619e-01,2.490017805809381091e-01,5.430108702121698439e-02,1.551911090069284516e-01,1.626753562978763279e-01,1.709173560110410772e-01,2.345572526454341444e-01,9.843189156392166961e-01,9.352861090664266186e-02,6.214352546698072022e-01,3.126491764088952796e-01,5.894253844350842986e-01,5.901788930198097471e-01,7.982160084628494578e-01,2.603360116097059862e-01,8.702901922504280297e-01,2.652883567596847625e-01,3.714896254990815994e-01,5.637454361381620815e-01,4.331306145855135514e-01,2.041012683369539671e-01,2.626207793853704842e-01,2.344674429046675335e-01,9.139602032488911565e-01,6.179162106140050348e-01,1.934151799235557245e-01,6.493936617248234899e-01,6.442861692622372516e-01,2.177724355095495001e-01,4.035624607358559435e-02,4.515136902431934884e-01,4.853040736711534686e-01,5.617971364786561450e-01,3.092438766032322151e-01,4.552800082834596029e-01,1.567954194697987469e-01
1.721566793893896663e-01,1.284438873605372733e-01,2.270812190983083900e-01,0.000000000000000000e+00,3.421510459634699020e-01,1.049944230222520231e-01,4.408510157295891796e-01,3.401205680990350144e-01,4.114291362061684582e-02,1.806790072393686108e-01,1.807946988430562119e-01,4.082716916163849907e-01,4.439904770393648392e-01,4.500685149762401194e-01,1.532781689665318192e-01,1.011979443480091334e-01,4.080210225751954717e-02,2.370393971347510911e-02,2.956538539347176031e-01,5.176788116438135745e-02,6.614169858482241149e-02,7.537109887159788857e-02,2.946204542865795695e-01,1.653308799895868708e-01,3.225536089140036977e-01,2.230856378689928532e-01,1.457621674127473066e-01,3.245349564619506300e-01,2.320216910718821690e-01,4.059367370666078223e-01,1.402688011518371247e-01,1.147581267825537044e-01,6.085440518708619406e-02,7.669497302594718846e-02,1.942686661394062986e-01,1.620043774711558415e-01,3.648489300194471263e-02,2.000618085062882967e-01,3.305949040896853930e-01,8.557990404696633191e-02,2.008284373770143350e-01,8.176162428221281364e-02,6.938173960733687307e-02,4.726503644945621863e-02,1.774420974015936125e-01,1.806469667201681117e-01,7.761461233256441994e-02,1.239111710789963378e-01,2.356449858970395828e-01,8.297749656483882630e-02,1.735046668456879659e-01,2.083836812751073131e-01,1.370203283514568326e-01,5.767110493124401327e-02,9.140833993825694948e-02,1.291714636177987707e-01,2.331267191606956057e-02,4.199146739768848113e-01,4.854574117492199692e-01,1.902255481212831167e-01,3.222726286205174207e-02,2.315708743771890676e-01,4.789364855611349947e-02,3.141409381337026963e-01,1.246559810220401743e-02,1.600830731769443960e-02,3.472709635494870828e-02,2.016939364582686078e-01,1.853481372959478735e-01,1.902645464273762244e-01,2.004495015988606854e-01,6.249247036426331531e-02,3.236246341757541556e-01,1.244872158376947313e-01,1.654718542550484006e-01,1.294625038025452590e-01
4.423836863660682850e-01,3.444064831734871546e-01,8.209703177099050286e-01,3.421510459634699020e-01,0.000000000000000000e+00,2.824057384155335138e-01,8.014483551146344142e-01,5.510727195347547847e-01,6.600738597917102934e-01,3.949488542805288938e-01,8.437176049043947357e-01,7.163285659092724078e-01,7.764242232170034397e-01,4.787086643784700390e-01,4.351289819017026828e-01,3.719110765816746600e-01,2.591002492164513615e-01,2.914664153173095462e-01,8.494738295313488674e-01,6.576359067516917012e-01,1.764333529946525980e-01,6.474080400909029143e-01,4.596708321999127822e-01,3.016047189728665590e-01,3.452057820843164593e-01,4.713512206572980645e-01,4.396895628233467024e-01,8.435144137028887101e-01,6.660765263245618240e-01,5.920891025760449677e-01,5.804094504362724560e-01,2.733108183531197666e-01,7.418154143356514574e-02,9.970174005635816517e-02,2.555231651318434771e-03,4.680947622052729629e-01,1.327023824691475340e-01,3.058626244483395040e-02,3.220211354521249625e-01,1.921163885877793520e-01,1.928440128875349435e-01,2.296440705142488159e-01,2.292330824335883088e-01,2.273226030503935902e-01,2.157949798815159137e-02,1.262368989214422699e-01,1.962715701487609821e-01,7.587656178054003053e-01,2.216253763516274067e-01,8.552850792034186744e-01,1.416696066415969180e-01,6.075272648178131618e-01,5.040962850730342781e-01,6.893190794502522811e-01,3.754264080829989858e-01,8.712749672352640973e-01,4.245803614106952173e-01,2.870016665137674616e-01,6.819565419623756508e-01,3.940186117906731011e-01,1.323172328527889019e-01,3.258315097667086602e-01,1.783315417748594922e-01,7.520400852312253415e-01,6.342345580434163299e-01,1.774839825451381692e-01,6.667678632081297518e-01,3.104584235673298886e-01,2.079727293523194465e-01,9.984474424520767277e-02,3.225584895379939310e-01,3.655380392173798176e-01,6.310977654997874664e-01,2.924822510867133851e-01,4.385367856383090013e-01,1.769734237375450991e-01
2.836997950451853878e-01,5.809340871746214718e-01,4.507126429246904320e-01,1.049944230222520231e-01,2.824057384155335138e-01,0.000000000000000000e+00,4.128994327233345141e-01,6.443828552215694616e-01,4.485677418009485495e-01,4.217716207686727503e-01,2.185598217770617913e-01,3.849949804271818321e-01,4.776719650744394863e-01,9.811690054178164033e-02,3.267456788995748984e-01,2.592640683043046512e-01,2.832261307308361342e-01,4.231920127298459677e-01,3.709636053282249213e-01,3.741807148408624606e-01,4.771104679128432280e-01,3.559698954141668481e-01,6.943893839935165735e-01,3.375476091558816116e-01,2.560669014735705851e-01,4.145542810620114205e-01,6.725707617819645101e-01,2.111502658338019756e-01,5.696096244168935563e-01,5.215919976245429746e-02,1.362203081952495509e-01,1.948546408717276024e-01,2.732112551562719815e-01,3.140913339674082649e-03,1.904638288323588502e-01,2.118409389332266690e-02,4.377399494709392769e-02,7.225951061078669801e-02,3.339840863368751522e-01,1.348162400680932571e-01,1.418957722726859050e-01,2.544156021812313817e-01,7.984017179431014688e-02,1.470456592078899644e-02,1.742051627684336745e-01,5.159388557672261316e-02,3.148707589654425876e-01,4.309855861037740765e-01,4.926487812039447023e-02,1.931721472440792176e-01,6.587089549405222844e-01,4.290743969954826653e-01,5.053261440383856051e-01,3.557646506826336874e-01,1.723742627484073919e-01,1.870943116275501084e-01,2.109999490381660459e-01,4.128417682390921883e-01,1.011409628269378247e-01,3.132219907455242591e-01,3.976055480351931015e-02,2.295986750089111517e-01,1.487097117269136071e-01,3.896479093514930159e-01,2.847730525680970404e-01,2.554968307061475929e-01,2.428556331287752279e-01,5.277153089019249732e-01,1.806804359234105983e-01,2.973280475953619661e-01,2.861495553618401688e-01,5.776088120662649095e-01,1.064590006862551480e-01,1.518947493743090793e-01,9.413012014931300409e-02,1.271335441763646323e-01
3.442124664433255932e-01,4.206710364003134472e-01,6.682399182452802844e-01,4.408510157295891796e-01,8.014483551146344142e-01,4.128994327233345141e-01,0.000000000000000000e+00,5.200759196869094714e-01,6.173994128590085673e-01,3.867402691162453721e-01,5.634325323579323364e-01,6.849471871586658711e-01,7.938879556977079810e-01,5.010901907200273619e-01,1.668794865933152793e-01,3.679048148672094953e-01,2.554819989731607621e-01,3.032575196310455246e-01,6.419223246714678144e-01,4.495704258239427986e-01,2.268487441243671465e-01,4.309812789009208611e-01,4.766999850241389058e-01,2.556593100364225601e-01,2.153513332861421992e-01,4.098489105711355385e-01,3.892551414627715145e-01,6.549025629907672119e-01,6.545843437152967237e-01,4.292829900884220229e-01,4.185096435332333331e-01,1.419953181219587579e-01,3.130830667619986102e-02,9.875572788004695346e-02,2.007800263189347123e-01,3.791453052525581846e-01,1.115557592673822873e-01,8.367801327777418807e-02,3.068691852652397634e-01,4.122015033963537245e-02,9.953114100644303019e-02,1.586423547840917769e-01,1.280523431960680081e-01,1.631358741735351447e-01,1.148561242039923269e-01,1.001032079226728405e-01,1.100246527065252833e-01,6.045280714106097131e-01,3.039652100838765580e-01,6.151113746292521389e-01,1.585017161587759515e-01,6.479319652257768958e-01,4.307176040605411593e-01,5.964572258565347118e-01,3.888604398971204912e-01,5.589113370894738253e-01,3.711748227290766478e-01,3.939333714271798792e-01,5.178953669445414132e-01,1.726938004916444835e-01,1.264292699010294285e-01,2.419854420653222427e-01,7.667163697067358452e-02,5.999602867981350673e-01,3.697227421073656095e-01,1.631710429926759576e-01,3.988098276379576923e-01,3.256782091287899750e-01,8.617213652448349470e-02,3.744783799867421048e-02,2.744078176827400295e-01,3.079625150801613698e-01,4.365084457608869872e-01,2.703439688888700232e-01,2.759599399729865121e-01,1.145241748860794523e-01
4.405439163471051023e-01,4.590646903376269239e-01,7.056144374055144386e-01,3.401205680990350144e-01,5.510727195347547847e-01,6.443828552215694616e-01,5.200759196869094714e-01,0.000000000000000000e+00,4.951513584031451698e-01,4.402436145919293997e-01,5.871637005182497315e-01,7.593039523372403510e-01,6.079179948488797613e-01,3.360348846594296002e-01,3.291370337297404580e-01,2.869712114366123057e-01,1.827290118363704974e-01,2.687007094662733353e-01,6.153377046352713764e-01,4.274808683096557038e-01,4.791663830350700315e-01,3.857381607056087902e-01,7.759215639616428017e-01,4.463263674157839089e-01,1.608328922743931799e-01,4.992410742572839788e-01,4.667167797368693694e-01,4.622480593274513883e-01,4.548938374244290150e-01,2.862972132194600006e-01,2.891256114210709605e-01,1.884939195995094796e-01,2.439875168732555111e-01,1.536064847854453075e-01,1.752336668624305815e-01,2.239029260006665245e-01,5.462591313668137966e-02,5.604143814520870515e-02,3.654667740353036987e-01,5.862722908324750903e-02,1.410741062057319917e-01,2.512858452074143711e-01,7.864565600146281033e-02,2.502347893589712546e-01,1.030536863654367696e-01,2.374023260522166723e-01,2.381298813861333630e-01,6.423252308949110034e-01,1.403884658414999986e-01,4.195500279391480292e-01,4.143120705848490903e-01,4.070963882527921518e-01,7.962929606786728343e-01,5.072579068013853831e-01,2.695275505565703500e-01,5.643585785658804532e-01,3.557898728214085038e-01,3.446972826861498529e-01,3.727429876839312151e-01,2.222801273838148350e-01,1.268736111450793902e-01,2.333291408752542206e-01,5.124755955121282347e-03,6.115624576510501065e-01,3.602252261216366547e-01,2.720419366863283672e-01,3.289900529044102462e-01,5.397684088001757363e-01,4.455709944790576804e-01,4.545852681235697246e-02,3.274330404899287172e-01,3.428534670964468178e-01,3.134706475797065517e-01,2.084607220497924907e-02,2.120541648425622316e-01,1.233053351060049291e-01
3.131506756346317255e-01,3.651429837296398806e-01,7.861082610227455580e-01,4.114291362061684582e-02,6.600738597917102934e-01,4.485677418009485495e-01,6.173994128590085673e-01,4.951513584031451698e-01,0.000000000000000000e+00,3.357648333139153785e-01,5.735295566225169228e-01,4.891900244232205708e-01,5.362271338697796041e-01,1.269622846627164459e-01,4.154996517385844412e-01,1.321475049494334753e-01,9.964724371069555442e-02,9.340529807773084725e-02,6.487152562504379105e-01,5.113274426373677350e-01,2.607136343117721911e-01,4.630795071029258914e-01,5.570225059752825780e-01,7.625604752723730284e-02,3.937971869492426502e-02,1.928053616227252687e-01,7.778722609605552840e-01,4.713512979442827655e-01,4.463609157590450738e-01,8.945563083840696317e-02,2.508360677819084228e-01,1.943243921511828010e-01,1.011244458007773545e-01,1.232764196542029816e-01,1.617399517312049784e-01,1.938155929921260290e-01,1.344652697026807453e-01,2.429229282661983791e-01,2.096908527179734971e-01,1.004023179761497075e-01,3.528838967390111603e-01,2.057873713453523268e-01,1.751632641106407318e-01,2.949131948859975427e-01,1.385849425526081147e-03,2.323804636337992169e-02,2.654367067957787985e-01,8.342851212636962499e-01,1.448156327375314800e-01,6.661496482828861421e-01,1.066555388497205659e-01,6.810448117558680625e-01,5.269289526049875105e-01,9.002503290619027210e-01,4.331884720336395267e-01,5.920248169895145907e-01,4.599398355322569243e-01,1.518928864415934055e-01,1.661549548670665510e-01,4.192211362580476330e-01,4.578112001068584958e-03,1.273726239440880759e-01,4.360657222945610312e-02,5.950538437011476667e-01,4.109884986997798806e-01,2.869890422573256883e-01,4.012523360768502911e-01,5.148352431078060398e-01,1.350431436201031954e-01,7.779535311598440028e-02,1.504205489931778883e-01,6.813027369533228850e-01,1.662216266949755605e-01,1.224016056745255987e-01,7.848948870967500935e-03,1.875020795987665800e-01
4.273247832965412774e-01,3.572928484484371170e-01,3.519822795611593502e-01,1.806790072393686108e-01,3.949488542805288938e-01,4.217716207686727503e-01,3.867402691162453721e-01,4.402436145919293997e-01,3.357648333139153785e-01,0.000000000000000000e+00,3.631866287605661769e-01,5.594375787199195038e-01,4.279431243463950874e-01,6.089128508345884733e-02,5.357232112639332966e-01,4.671587515873203977e-01,5.952122578353726823e-01,4.218194599730385463e-01,3.611072298881118914e-01,4.260070194494988138e-01,5.984137327080040203e-01,4.550841475482725329e-01,2.684305693397412984e-01,4.502162115640514495e-01,1.829900797602321272e-01,3.662055636401578829e-01,4.590604977798981023e-01,4.445482792502509772e-01,5.437949483262650707e-01,2.913768031800791913e-01,5.255001308637803348e-01,1.476868110819585383e-02,2.818013287679319578e-01,3.328956657911804617e-01,1.843751367732393565e-02,2.521862603851576234e-01,2.678549907709386058e-01,1.987281483449741537e-01,1.519698624636008077e-01,1.031393706670555299e-02,3.227840006893226699e-01,4.902050321659486842e-01,3.101897234838949524e-01,2.126091985058406464e-02,7.245116976464990866e-02,2.925111651255782319e-01,5.759673128055912139e-01,3.760173683297202141e-01,1.999945334469598324e-01,4.489950614501777570e-01,1.329093026964843216e-01,4.019456604656851950e-01,4.586341980501218996e-01,3.715282828969983520e-01,6.183256056799502076e-01,4.736291427472892890e-01,4.757406341555343032e-01,2.450581386470781775e-01,6.534868846286578936e-02,4.754650625209761450e-01,1.867434064058604015e-01,4.572613982621133721e-01,2.374658915557620598e-01,3.445467762871419759e-01,3.441850336154596013e-01,5.394462605722498694e-01,4.123152641415331332e-01,2.517322863889502882e-01,2.778064123087998771e-01,3.696992379935498119e-01,4.087060862961909846e-01,3.457740659733627986e-01,2.855382289728357614e-01,1.818198824522899437e-01,2.137693255299631667e-01,1.010979284217127100e-01
3.752054042499846087e-01,2.871358426876290948e-01,8.418248260929924731e-01,1.807946988430562119e-01,8.437176049043947357e-01,2.185598217770617913e-01,5.634325323579323364e-01,5.871637005182497315e-01,5.735295566225169228e-01,3.631866287605661769e-01,0.000000000000000000e+00,6.620814585440792932e-01,6.773857435891112999e-01,2.806472779652023908e-01,6.049542105559211347e-01,3.217967901081690840e-01,3.267316927193295029e-01,3.316406601220152073e-01,9.207561651930566970e-01,7.401292979923523863e-01,1.976595918644227790e-01,7.171485204740404296e-01,4.284294754779722769e-01,3.087911294950311247e-01,3.667050869752589426e-01,4.065402773726983776e-01,4.109873032654491332e-01,8.035014616832605316e-01,5.612408268377684362e-01,6.020652765301204301e-01,6.677842669266759179e-01,3.559453956953680942e-01,1.524739439450897155e-02,1.505818891585515018e-01,2.145837882503204286e-01,4.824516817495080323e-01,1.869956990092709048e-01,1.469335186773754187e-02,2.884341160277864580e-01,2.680038251524312631e-01,2.687204421045641389e-01,3.610823105989548476e-01,2.896662451549901762e-01,2.634963921296586409e-01,1.042051886419458756e-01,4.804199979803651377e-02,3.237018990347061975e-01,7.368427193382249829e-01,1.610804282782051788e-01,7.939805719227925884e-01,1.728360063377941125e-01,4.279428986298401405e-01,5.948614888743721796e-01,6.131957134217549399e-01,2.949169965134418314e-01,9.842497512664282189e-01,4.575877830220720921e-01,1.390005340257835786e-01,6.035685684308049748e-01,5.368905863480355478e-01,4.532924447168869275e-02,3.048801335064367235e-01,1.636998990871287862e-01,8.085679545371877719e-01,6.975005791290631585e-01,2.688794863565310278e-01,7.339658343376245231e-01,2.646155090342772187e-01,2.549212119222032946e-01,1.386367539188909925e-01,2.768921347360155383e-01,3.246875377064131207e-01,5.849162010164608017e-01,1.793435302994652036e-01,3.997207357571543884e-01,9.635030213692596934e-02
3.670704786305978296e-01,3.347041695412535933e-01,6.014366412275300444e-01,4.082716916163849907e-01,7.163285659092724078e-01,3.849949804271818321e-01,6.849471871586658711e-01,7.593039523372403510e-01,4.891900244232205708e-01,5.594375787199195038e-01,6.620814585440792932e-01,0.000000000000000000e+00,7.253790434377725971e-01,3.613320269462329537e-01,4.667612102482114333e-01,3.082562050070407067e-01,2.245237152824772764e-01,2.767130932286716583e-01,5.587038319427921618e-01,5.846159617319128809e-01,3.350136021834090316e-01,4.827689777944085825e-01,4.374602485389335049e-01,5.416275541341697419e-01,4.045937705353698788e-01,4.168509323459415050e-01,4.086422162044699991e-01,6.584910101683076888e-01,4.971318914181578896e-01,4.255498297246623762e-01,5.010158678982890024e-01,1.780674398113949453e-01,2.179902704158038218e-01,3.452240096522238844e-01,9.673488412979565354e-02,5.009600251220048817e-01,3.454533367120415921e-01,7.936782807003139872e-02,3.537090599544712166e-01,1.808461199650527318e-01,4.179554593229928838e-01,5.262333109141421605e-01,2.708671086834656960e-01,2.577089330416016955e-01,6.190388918524872275e-02,4.659232922257831172e-02,3.052993202535222994e-01,5.393329500533995402e-01,3.825524057902351949e-01,6.329109962027590353e-01,1.175189698881331790e-01,4.588844825259749127e-01,6.880449834307627022e-01,5.241117547861375847e-01,4.516545399596456623e-01,6.427324711622484088e-01,6.826316470337709941e-01,2.678920483712794454e-01,4.791638203975032706e-01,3.576707265262426549e-01,2.164560952006019390e-01,2.324962957986381473e-01,7.253318914717570010e-02,5.000323959296727461e-01,4.683818961309621498e-01,2.612942078551642178e-01,4.129814689955627616e-01,2.091361307021186722e-01,3.375317139731972560e-01,2.198784877947675964e-01,2.207301878667238815e-01,2.292902575981933533e-01,3.772505653273398596e-01,9.028602035003559234e-02,1.819082934988281997e-01,2.441100393385939316e-01
2.399442108961338249e-01,3.139497469556278841e-01,6.339225247502944249e-01,4.439904770393648392e-01,7.764242232170034397e-01,4.776719650744394863e-01,7.938879556977079810e-01,6.079179948488797613e-01,5.362271338697796041e-01,4.279431243463950874e-01,6.773857435891112999e-01,7.253790434377725971e-01,0.000000000000000000e+00,3.076836375232147036e-01,3.471042198053593264e-01,3.372195172024335941e-01,4.757554659763568727e-01,4.364905578078888682e-01,6.942947663418375104e-01,5.573098850085924649e-01,2.247283755750888734e-01,5.039414094139067490e-01,4.209765805510756187e-01,4.888872975197938175e-01,4.082023983162786362e-01,4.279629092902442200e-01,3.389139517320214345e-01,8.099874934415047800e-01,6.545217767253943553e-01,5.627811322586534493e-01,4.839647138982292596e-01,3.827108408806290663e-01,3.477891762353217675e-02,9.950289572106518765e-02,3.098010973199294762e-02,4.738437304603123623e-01,2.353207643815705685e-01,1.364732747295900328e-01,4.939049153812348214e-01,1.537727340937581622e-01,2.116682801826302307e-01,3.853019844613332912e-01,2.113354433749782824e-01,1.836169855544365626e-01,9.114020828490938808e-02,6.878233218291961160e-02,1.468781560437255884e-01,5.212635623169747934e-01,2.397397288827260997e-01,6.305722366268902146e-01,3.228571555447019570e-01,5.002593457723272241e-01,4.898797372067320022e-01,4.952749785851055520e-01,2.913124005815801443e-01,5.913749356054569528e-01,4.255234684532980816e-01,4.875675498401667030e-01,4.569443034369632395e-01,3.272449702789762549e-01,9.960260689986490112e-03,4.407932567871151730e-01,1.895063350768224353e-01,6.155056811706181019e-01,4.760263127641268799e-01,1.878979080871246987e-01,4.795171050480463437e-01,1.639732661490625742e-01,2.666503507431360886e-01,1.266574944031595429e-01,2.544319149224880117e-01,1.801973758845920037e-01,5.575430915556693900e-01,6.945819445438869422e-02,2.542255216047129007e-01,6.916522010884995630e-02
5.257340493756125221e-01,5.192241576821489124e-01,4.960020345437558542e-01,4.500685149762401194e-01,4.787086643784700390e-01,9.811690054178164033e-02,5.010901907200273619e-01,3.360348846594296002e-01,1.269622846627164459e-01,6.089128508345884733e-02,2.806472779652023908e-01,3.613320269462329537e-01,3.076836375232147036e-01,0.000000000000000000e+00,1.538401998828254347e-01,4.483641716276122180e-01,2.143915772410503462e-01,3.014174061943217242e-02,3.700354267608397807e-01,1.849229468682360988e-01,1.534221062196499952e-01,3.046926975346151423e-01,4.451012152967848134e-01,1.718068502783087204e-01,4.007597398660247418e-02,6.458594774493239266e-01,1.790788254884442821e-02,3.305211811765094154e-01,4.109127544220126937e-01,2.935375958536343144e-01,9.659922220078634436e-02,3.522971393129024631e-01,1.845668414135713531e-01,1.964071520921943648e-01,3.899075771584199490e-01,1.465008365259208301e-01,2.952850766692777240e-01,4.618771584683558640e-01,3.727629123851795012e-01,2.644029479550983885e-01,4.128034262374911112e-01,2.928621253522020185e-01,3.890925153469929065e-01,2.008428002301365090e-01,3.632279233225971793e-01,4.317022931436488298e-01,2.453554732225466384e-01,4.469608247376521404e-01,2.031799876424522644e-02,9.871244292294724387e-02,1.756437628940524243e-01,2.371322998378292968e-01,2.542840072600514867e-02,1.506190117170730092e-01,8.599925858823648239e-02,3.421824082995515992e-01,2.835601147771148467e-01,4.307260815209916216e-01,6.803752721165885475e-01,1.740363194195876928e-01,3.582828516657413642e-01,1.760455627959001679e-01,2.439915561302269387e-01,4.193656929056797655e-01,2.839556590590385787e-01,3.491121401757572018e-01,3.852485183612233133e-01,3.930570285577114076e-01,3.235234184269976665e-01,6.730246920340661465e-02,5.020680164912081356e-01,2.437116309266326025e-02,4.184398532024756756e-01,4.164943124658621598e-01,6.157526469619172271e-01,4.954198623504896815e-01
3.366506484492463591e-01,2.572100238548027384e-01,4.662576384306353350e-01,1.532781689665318192e-01,4.351289819017026828e-01,3.267456788995748984e-01,1.668794865933152793e-01,3.291370337297404580e-01,4.154996517385844412e-01,5.357232112639332966e-01,6.049542105559211347e-01,4.667612102482114333e-01,3.471042198053593264e-01,1.538401998828254347e-01,0.000000000000000000e+00,3.344875005518730404e-01,5.346951126051029402e-01,4.845237453559155805e-01,4.566554910391268374e-01,8.167142227783719122e-01,5.290604657537169020e-01,8.070148149792067960e-01,2.339147641542212996e-01,4.284511293571696688e-01,3.368204364365701142e-02,2.356256496502092679e-01,6.401433463863014373e-01,5.719256535850785195e-01,4.938752023042594086e-01,4.141612035600183983e-01,7.035308646134277311e-01,5.358686102869791162e-02,2.115324343930858886e-01,4.129611201589536984e-01,3.055003643061490193e-01,4.215405893293956985e-01,3.432228327094719034e-01,2.994209347069282101e-01,7.072135155239002435e-02,2.459069926147555152e-01,4.333529920427649507e-01,6.061560355988955262e-01,4.967751597925997298e-01,1.849188498857700924e-01,9.771148989230929449e-02,8.339311479179023490e-02,6.799655037530167867e-01,4.006714777796754334e-01,9.249086271615343524e-02,7.226986047650203471e-01,2.408383009642441619e-01,3.538617816917823955e-01,5.662930082744763727e-01,5.227941903703507975e-01,4.204050756762579000e-01,6.640198956589777879e-01,6.457518060538410820e-01,4.841709693043330653e-02,1.061335775987163055e-01,9.108822065568101811e-01,8.302254802005304413e-02,2.783520675334038574e-01,2.266456778925996507e-01,4.084354318184902910e-01,6.784229303585400661e-01,6.285851079133925046e-01,7.103459742730939830e-01,1.744505310587886604e-01,3.000194001192403870e-01,2.798241119843123959e-01,2.442808170891467845e-01,5.389514440206751855e-01,3.569007881234158019e-01,1.427053449006761010e-01,1.706537278696982629e-01,1.429597735236333989e-01
6.659894510319230854e-01,5.408533488272952994e-01,3.564595574811196821e-01,1.011979443480091334e-01,3.719110765816746600e-01,2.592640683043046512e-01,3.679048148672094953e-01,2.869712114366123057e-01,1.321475049494334753e-01,4.671587515873203977e-01,3.217967901081690840e-01,3.082562050070407067e-01,3.372195172024335941e-01,4.483641716276122180e-01,3.344875005518730404e-01,0.000000000000000000e+00,5.024083078857648488e-01,6.073165919975307414e-01,3.490364599523920197e-01,4.797408421709966619e-01,2.508686620803363687e-01,5.772156733529980599e-01,2.087784841877613484e-01,3.139759583249455144e-01,2.803694647851458499e-01,5.520231592177754498e-01,1.977390633507546125e-01,4.444302061700972084e-01,7.023203908595834211e-01,4.578069270372672195e-01,5.957973437835362152e-01,4.221278031958246579e-01,7.058053522896426402e-02,2.123350149098062745e-01,1.174849180586376440e-02,1.296977391608738484e-01,4.258970419873676916e-02,1.568430953148146068e-01,4.706630848122781430e-01,6.997606206727938205e-02,1.118658359625762932e-01,1.782315236110899592e-01,7.465414910100186263e-02,9.565901784476306402e-02,1.283772252753147547e-01,4.378944094425884503e-01,2.373489290012066877e-01,2.930487913338392092e-01,3.770556732352726981e-02,2.684499816539208661e-01,1.330337549473933068e-01,3.248847571222706621e-01,1.544505106070595546e-01,1.933976459381240853e-01,1.617208801969229615e-01,4.241594152899750281e-01,2.372597129376405323e-02,1.906495616851854313e-01,3.874829747295607252e-01,2.623252256006498584e-01,6.330288469865918977e-01,3.834582123078528748e-01,5.477956688769016758e-01,3.519961884842264244e-01,5.034006570532592040e-01,1.022673948047488623e-01,6.038470518260266040e-01,1.558449610557804677e-01,3.049851587901596939e-01,3.555406515085449137e-01,4.482769253204653692e-01,1.322242807703222500e-01,3.889426829641195460e-01,3.987917022722681781e-01,6.252175437147798887e-01,3.714208193244393774e-01
1.475824219287606154e-01,7.691339088126197820e-02,1.569872673745753289e-01,4.080210225751954717e-02,2.591002492164513615e-01,2.832261307308361342e-01,2.554819989731607621e-01,1.827290118363704974e-01,9.964724371069555442e-02,5.952122578353726823e-01,3.267316927193295029e-01,2.245237152824772764e-01,4.757554659763568727e-01,2.143915772410503462e-01,5.346951126051029402e-01,5.024083078857648488e-01,0.000000000000000000e+00,7.904346583785815117e-01,3.243737274450063657e-01,4.960590673526930616e-01,3.749506464045568310e-01,4.172624078077049603e-01,3.845744520368038488e-03,4.672830527331639505e-01,7.192364876808421403e-02,2.705261440607480972e-01,1.730373957635278348e-01,4.466205338411998182e-01,5.209072125741343040e-01,5.090873522082974834e-01,6.359078792941361691e-01,2.094652452053344382e-01,1.635340158960221502e-01,2.576143850088749576e-01,2.754334291449444527e-01,2.179219070585580731e-01,2.105389391150871425e-01,2.773619618673403564e-01,2.916628935762650143e-01,1.238466550250802156e-01,1.547488746917190794e-01,4.493239343225071680e-01,4.913588440835513493e-01,1.080422745111868227e-01,1.097480703705005500e-01,4.932546193825049219e-03,3.606186786701547353e-01,8.588189118206993045e-02,6.975913954166035325e-02,3.420743778340474828e-01,3.206115636595774365e-01,1.557227419893372489e-01,2.008884659780836579e-01,1.361897818095562651e-01,1.981478435874705624e-01,3.567014693787569635e-01,1.824454990923822240e-01,2.957164630237602010e-01,1.559856605903855165e-01,5.079526347276633880e-01,2.733615155418958054e-01,4.603476608936520886e-01,4.815958536825006853e-01,2.532934500490364171e-01,4.189462627522090310e-01,4.009112703204696926e-01,4.476128624322708860e-01,1.237243088781304623e-01,1.765550109742342055e-01,2.014260859043414120e-01,2.302971270884500155e-01,9.311902174740091520e-02,4.060631414692844610e-01,1.316358250694084076e-01,1.791332437040901726e-01,1.365935508239184137e-01
2.009698179980437538e-01,2.314826336451563660e-01,2.369748368342176337e-01,2.370393971347510911e-02,2.914664153173095462e-01,4.231920127298459677e-01,3.032575196310455246e-01,2.687007094662733353e-01,9.340529807773084725e-02,4.218194599730385463e-01,3.316406601220152073e-01,2.767130932286716583e-01,4.364905578078888682e-01,3.014174061943217242e-02,4.845237453559155805e-01,6.073165919975307414e-01,7.904346583785815117e-01,0.000000000000000000e+00,2.871473315968798290e-01,5.841867712132922108e-01,2.658026443572165110e-01,5.059421807434474339e-01,1.435926966374415359e-01,4.855063916317680084e-01,1.280111838002908620e-01,3.147067183326158202e-01,2.580212084163344688e-01,4.088519405210861435e-01,5.947252582780104824e-01,5.169393798201316059e-01,5.409390625923815588e-01,2.576018894232632861e-01,1.107138747437355353e-01,1.101911486640649029e-01,3.161641459251836594e-01,2.161145493080588453e-01,2.118063482787999052e-01,1.500659605704177391e-01,3.723057685695713159e-01,1.303776760482076302e-01,1.770499751030688296e-01,4.303907103135995449e-01,4.239813181545701859e-01,1.098820451958232303e-01,6.736444354277336399e-02,3.783400966187891457e-02,3.202313306164297768e-01,1.056287480945838075e-01,1.180941705980795703e-01,3.547835898741376059e-01,4.229402220889041941e-01,2.282306160961168062e-01,2.517372033582017110e-01,1.640725975844784523e-01,1.110367378903741598e-01,3.342781250295636108e-01,1.899981797794143557e-01,2.100451708430007280e-01,3.017662438156598625e-01,4.148190309606443194e-01,3.436721107206103798e-01,3.442685645853874044e-01,5.713276275471352861e-01,2.495581295631778551e-01,4.866980032586349925e-01,2.077809521045636543e-01,4.997308607212864739e-01,3.688148030614445128e-02,2.222556366590388022e-01,2.230445529061478860e-01,2.127802002533253911e-01,1.790382065324199468e-01,4.047872987701583436e-01,9.360433139397206226e-02,3.359973261910996767e-01,9.921389000696995142e-02
3.911885847461682442e-01,3.644230300952910895e-01,9.157874865543199627e-01,2.956538539347176031e-01,8.494738295313488674e-01,3.709636053282249213e-01,6.419223246714678144e-01,6.153377046352713764e-01,6.487152562504379105e-01,3.611072298881118914e-01,9.207561651930566970e-01,5.587038319427921618e-01,6.942947663418375104e-01,3.700354267608397807e-01,4.566554910391268374e-01,3.490364599523920197e-01,3.243737274450063657e-01,2.871473315968798290e-01,0.000000000000000000e+00,6.899147375032999019e-01,2.151174131106394494e-01,6.780954279401651963e-01,5.618439477617123146e-01,3.048463783197611354e-01,2.675702622996404823e-01,4.362552389954498233e-01,4.680388772472847125e-01,7.388088867380742109e-01,6.380957002084576279e-01,5.589929678254728085e-01,5.561238490849775840e-01,4.300964152472490643e-01,8.052826678963659335e-02,9.863210487460331855e-02,4.470269498885993953e-02,2.557139497857076060e-01,2.092074270501216929e-02,1.046946048168252569e-01,4.467397134004534864e-01,8.836605423916522872e-02,1.110145836962612986e-01,2.864843213704708624e-01,1.383204112407412645e-01,1.607235484935823910e-01,1.207775127973815948e-01,6.059581826202679877e-02,2.444410234712540431e-01,7.993214684950459281e-01,8.394189980678705421e-02,6.627787728486682628e-01,3.211510394933425605e-01,4.827628276930429618e-01,5.192084836206634080e-01,6.659994452601287751e-01,2.596743740203997231e-01,8.880509538251606383e-01,2.848083647522210438e-01,3.511433921565977334e-01,5.920119812854764962e-01,4.555558240652265445e-01,1.434612160550196025e-01,3.683705470343769384e-01,2.405022970370076785e-01,9.477044786786900099e-01,6.352524791869798015e-01,2.297406956079449114e-01,6.599058378569744310e-01,4.118047368637218764e-01,2.392390778252029560e-01,5.718455509182759910e-02,3.800460334107407800e-01,3.835581682275960302e-01,6.293046520799805421e-01,2.843256911935273523e-01,4.517696431510920263e-01,2.058329350549138459e-01
4.954530535533466229e-01,4.872243864703564298e-01,6.676359918453904641e-01,5.176788116438135745e-02,6.576359067516917012e-01,3.741807148408624606e-01,4.495704258239427986e-01,4.274808683096557038e-01,5.113274426373677350e-01,4.260070194494988138e-01,7.401292979923523863e-01,5.846159617319128809e-01,5.573098850085924649e-01,1.849229468682360988e-01,8.167142227783719122e-01,4.797408421709966619e-01,4.960590673526930616e-01,5.841867712132922108e-01,6.899147375032999019e-01,0.000000000000000000e+00,3.326000641938245406e-01,9.822361752946539015e-01,3.644888262946355817e-01,4.696240568046931574e-01,4.799725480224342755e-02,5.273991596767046985e-01,5.929341164470478542e-01,7.322561344713465203e-01,7.244716794392962456e-01,5.489603062357334418e-01,7.093451489862534487e-01,3.461693307486870541e-01,6.980102891877787430e-02,1.801170113293339425e-01,2.041821238925553561e-01,3.742106227879481439e-01,2.012366999149597935e-01,1.203861452755237010e-01,3.298872604031803935e-01,1.639310064972276659e-01,2.217795441437674375e-01,4.731400471318735756e-01,3.030939702122029678e-01,1.385391627625441047e-01,1.084550799115494013e-02,1.148716101910224607e-01,4.903808600388488981e-01,5.370009644563011886e-01,6.645986964610474390e-02,7.183544004599780042e-01,3.750815547300256902e-01,4.538276295963760143e-01,4.737777674156232743e-01,6.002071555418554416e-01,3.363113170655345208e-01,7.505970881500035885e-01,4.808843177715944051e-01,1.774887082098823565e-01,4.605476300304318649e-01,7.867629805669087428e-01,3.193300055279695293e-01,3.719900271864368113e-01,4.245544329617569890e-01,6.564207392843889322e-01,9.517059934775676799e-01,3.763760141934655024e-01,9.629750208461863581e-01,2.124294581156565831e-01,3.707186253137740861e-01,1.769835803675150476e-01,4.219172843125450489e-01,5.613219362631405307e-01,5.843278121926263058e-01,3.841454571837569776e-01,3.977967108337857050e-01,1.290856902904177206e-01
4.353774584337686826e-01,2.593841916086808697e-01,2.404565995744685769e-01,6.614169858482241149e-02,1.764333529946525980e-01,4.771104679128432280e-01,2.268487441243671465e-01,4.791663830350700315e-01,2.607136343117721911e-01,5.984137327080040203e-01,1.976595918644227790e-01,3.350136021834090316e-01,2.247283755750888734e-01,1.534221062196499952e-01,5.290604657537169020e-01,2.508686620803363687e-01,3.749506464045568310e-01,2.658026443572165110e-01,2.151174131106394494e-01,3.326000641938245406e-01,0.000000000000000000e+00,3.403809417957537331e-01,2.700022222472934219e-01,3.581449668750296134e-01,2.252606885235406142e-01,5.451417014273385320e-02,4.896483729250030170e-01,2.882126305518489251e-01,4.095434187259415770e-01,1.998367116485742223e-01,4.151921584295804601e-01,1.929733759171709251e-01,3.113083435996497617e-01,3.538053804586278051e-01,3.942158030316893214e-02,9.932746048052350230e-02,1.390873082153816220e-01,2.833496546752583001e-01,4.488117936463554419e-02,8.254014420163577337e-02,2.963753013799212965e-01,3.690781322955674071e-01,2.643293737479149863e-01,1.518356461041331096e-01,3.376672315699960625e-02,3.208521291781897267e-01,5.309189256846409410e-01,2.838035807403903599e-01,2.101080669767843301e-01,3.168608155290990602e-01,1.697964616873663679e-01,3.084133406149297540e-01,6.327984194189528733e-01,3.264424122170253018e-01,4.398237725306890500e-01,2.657201952813178503e-01,4.028167682621947021e-01,5.165462601985917890e-02,1.075196129741797235e-01,4.809987574594453696e-01,7.063290912821079681e-02,1.890736357768922071e-01,5.926577433101404280e-03,2.423198850275913030e-01,2.083824311554847708e-01,7.946957127138348786e-01,2.566366932709484017e-01,3.116394252741213622e-01,2.747069416352254656e-01,4.082057103816250088e-01,1.558928225909959608e-01,3.808645055101400612e-01,1.370088742310243135e-01,1.333970196833695609e-01,6.280628199718356341e-02,1.484621115018265047e-01
