0.000000000000000000e+00,2.431637759400293586e-01,2.000758201123441216e-01,4.020091213989133994e-02,2.202622252764438460e-01,5.090332130103708552e-03,3.362197164249955406e-02,2.687610742318177204e-01,1.242309973099975373e-01,9.543015944351243562e-02,2.120411836225720714e-01,1.022356855641610024e-01,1.228973447662126545e-01,8.297259411014337727e-02,9.253685627762114896e-02,2.476932233006259310e-01,3.249251521295161704e-01,2.248313852093665743e-01,7.768613002587015925e-02,1.294851597716544234e-01,7.370126276192513481e-01,9.719258090474103273e-02,1.133176464342356971e-01,5.909706054265281283e-01,3.380773811352952296e-01,3.046592349796692356e-01,2.831860794278640014e-02,6.034972210540842652e-02,1.677403056722609753e-01,4.899040541750820932e-02,3.799471991070290655e-01,3.524279726000065782e-01,5.608129282054266085e-01,4.128642207424046973e-01,3.372165296552710467e-01,1.513319803891716442e-01,2.081847282895715051e-02,1.666987022337400037e-01,3.569215834015148636e-01,5.066171471694709272e-01,4.049335283550298259e-01,1.719139734368234640e-01,3.579170422559737053e-01,3.330951321906184398e-03,9.899479776106009932e-02,8.627558406189138607e-01,4.165511714567411428e-01,1.370670315782140658e-01,2.986464890054901788e-02,1.331575200494003186e-01,1.014015323443477196e-01,1.219173388636832361e-01,3.985459246080252926e-01,1.460928665374656987e-01,1.232145119540640210e-01,1.814580098784447926e-01,1.681576525896823215e-02,1.983751445568813776e-01,1.346802900636786537e-01,1.221609526384772604e-01,3.743004657091697496e-01,1.658498566880123315e-01,3.913561113375929601e-01,1.039122923353464900e-01,1.128408056064946763e-01,7.408648735456975221e-01,4.283071113373282390e-02,1.301639652756993448e-01,4.642559699854637012e-01,4.949795055909816388e-01,4.684403525067029617e-01,5.685392852110068840e-02,7.030489786624094517e-02,2.417628100088904941e-01,2.465816981974446598e-01,3.784850683371030478e-01
2.431637759400293586e-01,0.000000000000000000e+00,3.542281030503708905e-01,2.817951955352870907e-02,4.437086958465987774e-01,8.133105702482542609e-01,5.688053681045087684e-01,2.949564981804177477e-01,5.741632017620473816e-01,5.971263771677111087e-01,4.271469806616428611e-01,5.227800835530205248e-01,6.412938160323093939e-01,2.883941499737600611e-01,5.822454047699335833e-01,6.586287932526059263e-01,7.092091694716200490e-01,7.553010935372385104e-01,3.373678204086649202e-01,6.829639530237190392e-01,2.394823353070181793e-01,6.935614877637781284e-01,4.472412168204777938e-01,3.775621198043757065e-01,9.319670338175451985e-01,8.452905036295734753e-01,7.936500138418352002e-01,6.437351909045020415e-01,7.578478397515961973e-01,2.693706197758598542e-01,4.740091245410751331e-01,2.810157794350396920e-01,1.841336652076690228e-01,6.174906373280159705e-02,1.251956055699892656e-01,1.857054499896831912e-01,1.474342430977133023e-01,2.761811044301918372e-01,1.762050420475469448e-01,1.023598122526518384e-01,9.455158455940090856e-02,2.640972637639173448e-01,8.824259369646279827e-02,3.419110597688795883e-01,2.123945600557614888e-01,1.145497907429248313e-01,6.108514796634747501e-01,4.516449379807027098e-01,2.161302852299773480e-02,1.058385841176994746e-01,5.930362280124361618e-01,5.798784573061213643e-02,2.365222087826555630e-01,4.795135070480325834e-01,2.224965293608026640e-01,4.508584226227232983e-01,3.883972606283252471e-01,1.907241559487720117e-01,1.723704271013622169e-01,6.437986617091613351e-01,5.450676699400540670e-01,1.204595581473175137e-01,2.460347147887164687e-01,2.936084046864605446e-01,5.688103241116742037e-01,1.868868780364759119e-01,6.115808545535829088e-01,5.090624543478414754e-01,3.079290267615357179e-01,5.909512802410674670e-01,7.092122390123394293e-01,6.528559970270391144e-01,3.396509414685142669e-01,4.589608196814066177e-01,2.535139205698121456e-01,2.776487870695707461e-01
2.000758201123441216e-01,3.542281030503708905e-01,0.000000000000000000e+00,4.700540202620269448e-02,6.585721900920833427e-01,6.148176766803920001e-01,4.968718970143002345e-01,3.938371004576551870e-01,7.247368860492356957e-01,2.989503853688946222e-01,8.661304377710811186e-01,4.102537956759042537e-01,4.067344541574718919e-01,3.686363715411506425e-01,7.944427641091320602e-01,5.280841837157198571e-01,3.032089680864819004e-01,5.092987171558157611e-01,8.052436190404712590e-01,7.370191424867460483e-01,2.787977048968581784e-02,7.526805005396678405e-01,8.785970641464093678e-01,2.311915388260116222e-02,3.898543107138032759e-01,4.765864866705472047e-01,7.541274403569611096e-01,6.984647089000479703e-01,5.386037295305905470e-01,5.271968926779004860e-01,2.876130988705894453e-01,6.707607990736982329e-01,3.753379384386601458e-01,3.049004201068804543e-01,4.465401236800549123e-01,5.760654044329484302e-02,2.384424751988041269e-01,2.718456547918047805e-01,5.025200453023690450e-01,3.355330204955537243e-01,4.364364690841015526e-01,5.669683958971962756e-01,2.163636103689601520e-01,3.016122561701317095e-01,3.169688171046668446e-01,3.731699927798528549e-01,1.813855470297467687e-01,9.366556840641107051e-01,1.774869773238188508e-02,6.085460379835849754e-01,5.515925301881096088e-01,2.737035119608306477e-01,1.132827797066827680e-01,7.331287556445181819e-01,2.288608867691207249e-01,8.317382222197822195e-01,2.974785850315595503e-01,3.843660504253293975e-01,9.687754935008616175e-02,6.856178841893314502e-01,3.333989509007049268e-01,4.992318246199133058e-02,1.847729070234241378e-01,7.366326635404224499e-01,6.581630249398400245e-01,1.384602697815481287e-01,7.118952405236371739e-01,8.255845601369617981e-01,1.046382363588059944e-01,7.197711337877915616e-03,3.031625619358902513e-01,7.390979142761365805e-01,6.450513555678463185e-01,4.665175717913258024e-01,2.778867753749175717e-02,2.457460803136279903e-01
4.020091213989133994e-02,2.817951955352870907e-02,4.700540202620269448e-02,0.000000000000000000e+00,3.247149823174994010e-01,7.445888373736393728e-02,3.280300889911947904e-01,3.381981230064576849e-01,6.949152479973130792e-02,2.687769663394637965e-01,1.980534030417384350e-01,3.369575248275817891e-01,3.004664763557083340e-01,2.767366926741502420e-01,5.610169069872994463e-03,2.464120776774249982e-02,2.629839931459450053e-01,1.782887946755259689e-01,9.317349533713623067e-02,6.498083442089189199e-02,7.047749700408023621e-02,1.260373852421332874e-02,1.822675953065760190e-01,4.718718576064273584e-02,6.930507744814415338e-02,8.070346276865242308e-02,6.321187201187271343e-02,2.563757806144602025e-01,9.404343710194945291e-03,4.108947840939046747e-01,2.031807471688103772e-01,1.933075934897220682e-01,1.627350203719161170e-01,1.606969085707090628e-01,7.183942731581147156e-02,4.623303219821833787e-02,4.967153980340893726e-02,2.763285628672405569e-01,2.030360383925675083e-01,1.818449224101156558e-01,1.426149457320590730e-01,1.314167810073525455e-01,3.320665699738697962e-03,7.611955295507021046e-02,4.998630938523557221e-02,6.776374211360604305e-02,2.732109935171425086e-01,6.610506689642653422e-02,1.816557600672271400e-01,2.111145121401223068e-01,3.757996865192435310e-02,1.769338373752940008e-01,2.427101046618656832e-01,6.782769791811200932e-02,3.739526964163688572e-01,1.170108608191562649e-01,4.377094748363599686e-01,1.753038016516733077e-01,1.832203477725302676e-02,6.258417038040829661e-02,5.988619133957201468e-02,1.984839481174497100e-01,1.116185349444175773e-01,1.026732780544872825e-01,1.237278740904643737e-01,5.830017175766964710e-02,2.498227643614597815e-03,1.344302254665326601e-01,2.645497135645560882e-02,5.562302763376375525e-02,1.075254316408368604e-01,4.427150531095591646e-02,6.202962104221806244e-02,8.557998400671011641e-02,1.321718608496303404e-01,2.006235124421054672e-02
2.202622252764438460e-01,4.437086958465987774e-01,6.585721900920833427e-01,3.247149823174994010e-01,0.000000000000000000e+00,6.640766152749529860e-01,8.319312924753826666e-01,2.561309564189270249e-01,8.666903286348424107e-01,6.469582766850419109e-01,8.525456254323815486e-01,6.620988247588520670e-01,6.189481790413506879e-01,6.026387430869382111e-01,5.980118520602979437e-01,5.538503696924053088e-01,5.584570109764019907e-01,6.243801905373639327e-01,6.428981730950564799e-01,7.147296668062446123e-01,8.709851089466091878e-02,7.610531701499526624e-01,5.921838292344944188e-01,6.542422662445743220e-04,5.515200265297504068e-01,6.053928482605337447e-01,6.882519294179246794e-01,8.449883428445258415e-01,6.419131030347948741e-01,6.718506624059504828e-01,2.899650313728305839e-01,5.842269448002845866e-01,4.158434611552889182e-01,2.937089751551711370e-01,4.142559002643092514e-01,2.513383002905585362e-01,1.525136502961582652e-01,4.770732568797528828e-01,4.287402819623659100e-01,3.697501169927973619e-01,2.669866645430731822e-01,5.402518754889263919e-01,2.569559655896148653e-01,4.442645629657298589e-01,2.222291721858217495e-01,3.632834788524645919e-01,2.517338435703755373e-01,7.697498757252783097e-01,2.073492850499695783e-01,7.038613140185574490e-01,3.797728728963201128e-01,2.581184731813970235e-01,1.013484795906854641e-01,7.926174572773641014e-01,5.105912820282815234e-01,8.945931961989738168e-01,5.554359870493877915e-01,3.622660261324547326e-01,2.108952100481729930e-01,6.441893647785165156e-01,5.098814360813992419e-01,8.153560212420603304e-02,2.647787939434085303e-01,5.980451370732672300e-01,6.088391542017349556e-01,1.998315547505770395e-01,7.154073365232298531e-01,6.504447619588121787e-01,2.613897976619274088e-02,2.511697663445460194e-01,4.643572093608335782e-01,6.219773974436664243e-01,7.357668391250643536e-01,3.676045101075144372e-01,2.498318718871639366e-02,3.973003811603679769e-01
5.090332130103708552e-03,8.133105702482542609e-01,6.148176766803920001e-01,7.445888373736393728e-02,6.640766152749529860e-01,0.000000000000000000e+00,6.551456784329031668e-01,4.892331961696890774e-01,7.340642571760609414e-01,4.915907876392121012e-01,6.767831697776856004e-01,5.528308736044496019e-01,6.520643707418547486e-01,4.719174932765271002e-01,6.913408157664728826e-01,6.718120069769759617e-01,5.635410570704744160e-01,7.077378273244058215e-01,5.661008547504400301e-01,7.848833068955394232e-01,1.182838104753743957e-01,8.154326914417828753e-01,6.547619307668868238e-01,1.859803160368632691e-01,7.710438872174252278e-01,7.806032907009096133e-01,8.442900826768370282e-01,7.707133391388809596e-01,7.700736137791082125e-01,4.591237507469398960e-01,4.472812150229547590e-01,5.243785168954754328e-01,5.864486090492151971e-02,1.146355009903407274e-01,2.800847525144364858e-01,1.782242590131217774e-01,2.302623313772731994e-01,2.665071743954104955e-01,3.716552686400266259e-01,1.232216731411665267e-01,2.245777329537240186e-01,5.485863212803114841e-01,1.848715646615348707e-01,3.868017381769321972e-01,2.042429671583474993e-01,2.120161454516655830e-01,3.168669067028062614e-01,6.764275271796527100e-01,1.541028479934425932e-01,4.094633901723657154e-01,7.216315610603855069e-01,1.491971791554025373e-01,2.601187641735528411e-01,6.436026214553390856e-01,1.334011941950516422e-01,6.552455132298070639e-01,3.854505541303164251e-01,3.164507552724110107e-01,2.647642487181737780e-01,7.904598026420646129e-01,4.177715016319803465e-01,2.713817329998542416e-01,1.027594419055319896e-01,5.187843811363170854e-01,7.319785879480187329e-01,5.566247177538460877e-02,7.180173815372651314e-01,7.080836684095511702e-01,8.911137525562662365e-02,2.053512649212791974e-01,4.936905073089168372e-01,8.277565526932311180e-01,5.030851481506724010e-01,5.617267587887129210e-01,9.996733924715943409e-02,2.830791431776227274e-01
3.362197164249955406e-02,5.688053681045087684e-01,4.968718970143002345e-01,3.280300889911947904e-01,8.319312924753826666e-01,6.551456784329031668e-01,0.000000000000000000e+00,2.453609024474132372e-01,7.909635991472437899e-01,7.544056388724053042e-01,6.833175252629748453e-01,6.672034617298934212e-01,7.764211380140778607e-01,5.615754676140379820e-01,5.276525459397009010e-01,6.768358682377406677e-01,7.410032733671754190e-01,7.540427091892127898e-01,5.043950725364352294e-01,6.124935497954973052e-01,6.065021772708559245e-02,6.762539220704717469e-01,5.073714889636296022e-01,8.575658253196932757e-02,6.519373611337089258e-01,6.500803846446017165e-01,6.003451267129928937e-01,7.946719822310994719e-01,7.227254551940155425e-01,6.605177174360343795e-01,4.344810425466363868e-01,4.314149986920025603e-01,2.465362251530312243e-01,4.237706773871915966e-02,2.231155940969828388e-01,1.904999883725979337e-01,1.924548707161028993e-01,4.886608715398349512e-01,3.101039031148926095e-01,2.360881926156692123e-01,1.303580602702424929e-01,3.964672826139533646e-01,3.042023029794557187e-01,3.797226175484765820e-01,3.224286522059953142e-01,1.342224004309501839e-01,3.128501338873496129e-01,5.765857715707342068e-01,2.753886625571904667e-01,5.809905205817538221e-01,3.753178557487013567e-01,2.905876546943367833e-01,2.025205466087613426e-01,6.929421468381454785e-01,5.977687127428461533e-01,7.054582840414576062e-01,6.382842028064151796e-01,3.766375811936512052e-01,2.517365132698795582e-01,6.580605054645801699e-01,5.713583246025000228e-01,6.881196620143228970e-02,2.864100292230645772e-01,5.051625302467459555e-01,4.497279391798190695e-01,3.025807101347550987e-02,5.729366699313707123e-01,6.281381912623105190e-01,1.118443875984946323e-01,3.788000216745813775e-01,5.850017250227148580e-01,5.280155565446253974e-01,5.598580184734831544e-01,3.844770512765789960e-01,9.472061157193577274e-02,3.867521352601501761e-01
2.687610742318177204e-01,2.949564981804177477e-01,3.938371004576551870e-01,3.381981230064576849e-01,2.561309564189270249e-01,4.892331961696890774e-01,2.453609024474132372e-01,0.000000000000000000e+00,2.631985104546515353e-01,2.369915097617110444e-01,3.547126719956782970e-01,3.424485558014268016e-01,4.825362525804597347e-01,3.724692287576066851e-01,2.879389400201990412e-01,2.596219574589540557e-01,3.536209317298795174e-01,3.742618054248793014e-01,4.265294799604557596e-01,2.024977241025329722e-01,3.018092810393596115e-01,2.430840023245066650e-01,5.372531107748346191e-01,3.525986507038393336e-01,3.045929156538037530e-01,4.322115593542363854e-01,3.446273002509176453e-01,4.052290582831555854e-01,2.594642497577202001e-01,3.388717184326322518e-01,4.381634435417335327e-01,6.513439431796644308e-02,2.222842688084174789e-01,2.857005351942509819e-01,5.628693333527021170e-02,2.062353877003109959e-01,2.627954446415572409e-01,3.474870941730355267e-01,7.865144523618361472e-03,1.749610319339723608e-01,1.136978969207326495e-02,1.837729394933455829e-01,3.181149581565220208e-01,8.261400661150844482e-02,1.703418771797949316e-01,1.300292410101085705e-01,3.115659378443086380e-01,3.212768685960795678e-01,1.332496537181728988e-02,2.113106966379801888e-01,3.557354536233357511e-01,2.707065409758225849e-01,7.220088219233266047e-01,1.936525039489938593e-01,1.406411172860677072e-01,3.091802632751706192e-01,3.385062700506818456e-01,3.785952395285292482e-01,1.867243947339727039e-01,3.068327649650940403e-01,1.146145911699611442e-01,3.050963230945254179e-02,5.534988994070662305e-02,3.986956018259723566e-01,1.960897186962447802e-01,2.523250031378725389e-01,2.789592163160809490e-01,4.635218504611510193e-01,1.949434836588929132e-01,2.426290599531765596e-03,2.464862311255557603e-01,3.067960459207313972e-01,1.947505722032681907e-01,2.087897111915534287e-01,9.457851120496407749e-02,2.089672329470443901e-01
1.242309973099975373e-01,5.741632017620473816e-01,7.247368860492356957e-01,6.949152479973130792e-02,8.666903286348424107e-01,7.340642571760609414e-01,7.909635991472437899e-01,2.631985104546515353e-01,0.000000000000000000e+00,5.543819685602606739e-01,8.769624011324924640e-01,5.779593939798628455e-01,6.057905798358218519e-01,5.264242277477849674e-01,6.758878144638378327e-01,6.756433338908599540e-01,5.365169580695048346e-01,6.091999193177243255e-01,6.682491516214060789e-01,7.995108719804711050e-01,8.200057865602269902e-02,8.505692606882306883e-01,6.241226780562244558e-01,2.364299990144813624e-03,6.039348295755387896e-01,6.276114256844218531e-01,7.760133156207175142e-01,7.986844464495613805e-01,7.294156685591476341e-01,5.417947307861766815e-01,3.277699961802457707e-01,6.094780781996258501e-01,2.731969076447298139e-01,2.459427452867808950e-01,4.148105269145095919e-01,2.810706268678168640e-01,2.267463291719358232e-01,3.129837131046890875e-01,4.727667100633596853e-01,2.873615743614598150e-01,2.404681170627611664e-01,5.407189887351639968e-01,2.155555666808723347e-01,4.029043159128902762e-01,2.575855473780500615e-01,3.177260360715949972e-01,2.005772079348063786e-01,8.304179063335378475e-01,2.067200721826024656e-01,6.344543524420057645e-01,5.216229113546549945e-01,2.637899980054643212e-01,8.999305742156968324e-02,8.872767828636963783e-01,3.352986493784240740e-01,8.946047258332465724e-01,4.546741528187138170e-01,3.266310835308891547e-01,2.616387710872122296e-01,7.427798278176080959e-01,5.149696273274925185e-01,4.702869874318724164e-02,1.852006420589354940e-01,6.399199420988770370e-01,7.131933045555447492e-01,1.400883007857775531e-01,7.725360127903787566e-01,7.219045605264167165e-01,9.906386892834491767e-04,1.701898393327510861e-01,4.660519503511574291e-01,7.153323589930874471e-01,6.380477296250182118e-01,4.595127373967885509e-01,9.893011996038651723e-02,3.650070821905535556e-01
9.543015944351243562e-02,5.971263771677111087e-01,2.989503853688946222e-01,2.687769663394637965e-01,6.469582766850419109e-01,4.915907876392121012e-01,7.544056388724053042e-01,2.369915097617110444e-01,5.543819685602606739e-01,0.000000000000000000e+00,5.327416469285468636e-01,8.178585207777824273e-01,6.219638204463056042e-01,3.669105583895987954e-01,3.322787348050679768e-01,4.939615601863669436e-01,7.823146392641922020e-01,5.780157855468526229e-01,3.532887577033135829e-01,4.136785101222468786e-01,1.076995447745062728e-01,4.932358767908818220e-01,2.897205359324814822e-01,3.026856660229710894e-01,6.187727490750065673e-01,6.679456636906488942e-01,4.485671873936004084e-01,6.379100792379641671e-01,4.815865201906199267e-01,4.884875773252670417e-01,3.904507861695033499e-01,3.161588331126569118e-01,6.986395807495687782e-03,2.721297639184450112e-02,1.862631497108789558e-01,2.182661713665072223e-01,2.109344051238683793e-01,4.819128074147512319e-01,2.075011343072666326e-01,2.931484755781962881e-02,4.250738483410239354e-04,2.664399860739314896e-01,1.643964919488373755e-01,4.443011249244105398e-01,2.665333754358502061e-01,4.758989018376505453e-02,3.170911692150242267e-01,3.713058432976426015e-01,8.454001096648320474e-03,2.152842863529692008e-01,1.975431059492916974e-01,2.054958382756782997e-02,2.209452890966203120e-01,4.473402515387339129e-01,7.383478199124834385e-01,5.071599272791346147e-01,7.676013575875955119e-01,2.692784197313883299e-01,1.882377168696675040e-02,4.941968905460549233e-01,4.254051936540772516e-01,2.843822578876786800e-01,3.258122482727004998e-01,3.472844852003353910e-01,3.154293066197804696e-01,4.657694555596036956e-02,3.752753725355318370e-01,3.588746080602462918e-01,3.547378158852536600e-01,4.851056471123539326e-01,6.339811293042598717e-01,3.988510051408523660e-01,3.904810541389153178e-01,1.813953458633540683e-01,2.236446561241743070e-01,3.890892446862367349e-01
2.120411836225720714e-01,4.271469806616428611e-01,8.661304377710811186e-01,1.980534030417384350e-01,8.525456254323815486e-01,6.767831697776856004e-01,6.833175252629748453e-01,3.547126719956782970e-01,8.769624011324924640e-01,5.327416469285468636e-01,0.000000000000000000e+00,6.188327432141703666e-01,5.389033975525001630e-01,5.079627691785577603e-01,7.059467355140087719e-01,5.398957192457806142e-01,4.206994275250318660e-01,5.354809318077683455e-01,8.009101587209210837e-01,7.503036437244606782e-01,5.281330567802766662e-02,7.881038725386444455e-01,7.604492680453357467e-01,1.181047230078800109e-02,4.553221260688101735e-01,5.609046005554771952e-01,7.567054673390223307e-01,8.169508072082507510e-01,6.178608186789794621e-01,6.297859183709143549e-01,2.620652622734808146e-01,7.092827237623093861e-01,4.045257936481142513e-01,3.574488687219387062e-01,4.817021125504665768e-01,1.995770943401321829e-01,2.138965528001771088e-01,3.323120261363559647e-01,5.539623819667360838e-01,3.317858488603419587e-01,3.313206735328942387e-01,5.789432993274784556e-01,1.659235829906537951e-01,4.154612180632893392e-01,2.003115530117549614e-01,4.041347665869498007e-01,2.111363834903422221e-01,9.088153048543086143e-01,1.263583940016451135e-01,6.183962983308356476e-01,4.641708950369257680e-01,2.379558514815793557e-01,1.255145610928733446e-01,8.087365612889492184e-01,4.193730331408477841e-01,9.703335791048736114e-01,4.561750388532142542e-01,3.676224555080098710e-01,1.829604669748404189e-01,6.477492393109115509e-01,4.290388785025316953e-01,1.037360932934979774e-01,2.138284660788362657e-01,7.399204743849696619e-01,6.258806285518627721e-01,2.233300850527524251e-01,7.129465157028451738e-01,7.460671939492529159e-01,5.108145995895137931e-02,1.764871304761476967e-01,3.878371521145118073e-01,6.946322538312503792e-01,6.898018420471486722e-01,3.745035557726177355e-01,2.077699186418743155e-02,3.140307738142508187e-01
1.022356855641610024e-01,5.227800835530205248e-01,4.102537956759042537e-01,3.369575248275817891e-01,6.620988247588520670e-01,5.528308736044496019e-01,6.672034617298934212e-01,3.424485558014268016e-01,5.779593939798628455e-01,8.178585207777824273e-01,6.188327432141703666e-01,0.000000000000000000e+00,5.827087886961250796e-01,3.738705961267405620e-01,3.868742583469089169e-01,3.953666293867535431e-01,5.805931851742572869e-01,4.636154220996756004e-01,3.902388202761088998e-01,5.219556624684533741e-01,9.090876875227002496e-02,5.595660781800547712e-01,3.208362389822719818e-01,3.638448927117173270e-01,5.205790487150006030e-01,6.731498697888695926e-01,4.751082580278221390e-01,6.260906953848174306e-01,4.056884726960020560e-01,4.806835651352628913e-01,1.454537782936836388e-01,4.280980288922537347e-01,3.446516135472788012e-02,1.016470272219868465e-01,2.339660026762225287e-01,2.663064355992282861e-01,2.054888886969095940e-01,3.666468706249738641e-01,2.931154506077175981e-01,1.007191700578320276e-01,2.059577137344772990e-02,2.300819506065781284e-01,1.380923257658102088e-01,4.144602677776875743e-01,2.107286185059585037e-01,2.348054013976050014e-01,1.836771634901334382e-01,4.539287632696974439e-01,6.654404008017185401e-02,1.781229364892006062e-01,2.758396411421740746e-01,1.333817627452037191e-01,2.210149345048514902e-01,4.619759576891772634e-01,6.036074526612187352e-01,5.443317059246437495e-01,8.810353240928779917e-01,2.940899879114583504e-01,5.809699852936384135e-02,4.607235869263465733e-01,2.978533038741236205e-01,1.742552681600503528e-01,1.692311186239699172e-01,3.207253041490218393e-01,3.616119422312194520e-01,1.489852582096616029e-01,3.952771682857910140e-01,3.529850644519478275e-01,4.092978460376305860e-01,3.083091647580640804e-01,5.480578023052999903e-01,4.357142681586105848e-01,4.742937253760537430e-01,8.584714680911409435e-02,2.252920277705153795e-01,3.151932477598433091e-01
1.228973447662126545e-01,6.412938160323093939e-01,4.067344541574718919e-01,3.004664763557083340e-01,6.189481790413506879e-01,6.520643707418547486e-01,7.764211380140778607e-01,4.825362525804597347e-01,6.057905798358218519e-01,6.219638204463056042e-01,5.389033975525001630e-01,5.827087886961250796e-01,0.000000000000000000e+00,4.145259039716386873e-01,4.151029491712902031e-01,5.670515316930004879e-01,6.824089904944000695e-01,6.820723024929278289e-01,4.216722696068503362e-01,4.168552189240024575e-01,2.031883171678216804e-01,4.837340873259701191e-01,4.859750442821023086e-01,3.427617235007849872e-01,6.209366240732369091e-01,6.531586331242362764e-01,5.258908664967554270e-01,7.532934541316825827e-01,6.242053100595601478e-01,5.154029600398651878e-01,4.802762585775314230e-01,3.254215472286521860e-01,1.718395332758813898e-02,5.200293502974730198e-02,2.963232935125472214e-02,6.362117190621049967e-02,2.045763391969921963e-01,4.305677568168821967e-01,1.641510467506729909e-01,6.201133587100505357e-02,6.103985123327879125e-02,3.037831142522431360e-01,2.154002773396477555e-01,3.232114709436315625e-01,3.052012088054430472e-01,2.988047784462014023e-02,3.383825436552677646e-01,4.503732407458457265e-01,2.150716444832788676e-01,3.712340230634630922e-01,3.859945979392727100e-01,2.571061610541900966e-01,3.601523953452926974e-01,4.678330654838953051e-01,4.030084017072916303e-01,4.919513945116980036e-01,5.433462520848183486e-01,4.373329937741663453e-01,1.298221121230813957e-01,5.189459797136507513e-01,4.075975021224402250e-01,4.008368105322968056e-02,2.274189004720371388e-01,3.646686773052700836e-01,3.229480385266745301e-01,2.069982639512626676e-01,4.092572280891823011e-01,5.362380229149616984e-01,1.989703463284989704e-01,3.699620845425867222e-01,5.211223813905014879e-01,4.299396931042913095e-01,4.103625939323287675e-01,3.182627822941841433e-01,9.631511872023673648e-02,3.436856623203199956e-01
8.297259411014337727e-02,2.883941499737600611e-01,3.686363715411506425e-01,2.767366926741502420e-01,6.026387430869382111e-01,4.719174932765271002e-01,5.615754676140379820e-01,3.724692287576066851e-01,5.264242277477849674e-01,3.669105583895987954e-01,5.079627691785577603e-01,3.738705961267405620e-01,4.145259039716386873e-01,0.000000000000000000e+00,4.456226799668674410e-01,4.073066108168139077e-01,3.237461505552113872e-01,3.877968358622280176e-01,4.383614655920168857e-01,4.457145508162883574e-01,1.318723364518077368e-01,4.927531254994574894e-01,4.084440876057613412e-01,1.058783580478467184e-01,3.591389919936370800e-01,4.025722672682179315e-01,4.537965298936624259e-01,5.955634817599919639e-01,4.278226120077209260e-01,4.724103330395303946e-01,3.641986058101523982e-01,2.274092956069703464e-01,1.234506833138644122e-01,5.977874710690866955e-02,1.918244125422948199e-01,5.574695559440287496e-02,2.776497091998947342e-01,3.453715751279037294e-01,1.702982469020907219e-01,4.944963743664555766e-02,8.207021304590689237e-02,3.483753384229600902e-01,4.091499850677634553e-01,3.246284058283327445e-01,1.258241079325885248e-01,8.307582253413450801e-02,2.281790582065673645e-01,4.917780383108210640e-01,2.487847257908287202e-01,4.203355459481838974e-01,2.754942808284158717e-01,2.642479404219649219e-01,3.318284282249570061e-01,4.552121591612612317e-01,2.647285095496084706e-01,5.900668875386269052e-01,2.984144972999723811e-01,3.507005465918290876e-01,3.880013682894156712e-01,4.611094201283754135e-01,3.619089379975709009e-01,6.010780670388246594e-02,1.850641989444283264e-01,4.407284769740396624e-01,3.562392647508831334e-01,7.526335225129851536e-02,4.981983252487799385e-01,4.818669101817230072e-01,1.378774674652115118e-01,1.291169171546530103e-01,3.314232919416212897e-01,4.098815607482677037e-01,5.138384843787363598e-01,2.917172306000236914e-01,1.347249987384002701e-01,3.311774956802350789e-01
9.253685627762114896e-02,5.822454047699335833e-01,7.944427641091320602e-01,5.610169069872994463e-03,5.980118520602979437e-01,6.913408157664728826e-01,5.276525459397009010e-01,2.879389400201990412e-01,6.758878144638378327e-01,3.322787348050679768e-01,7.059467355140087719e-01,3.868742583469089169e-01,4.151029491712902031e-01,4.456226799668674410e-01,0.000000000000000000e+00,6.726654386956019138e-01,4.061988907179264197e-01,6.245982200181615651e-01,6.656864905427267720e-01,8.300272492002624958e-01,1.899037547524425884e-01,9.117118921358808858e-01,8.401476359312078923e-01,3.938955889414316736e-02,6.171700250537650589e-01,6.181215214439850225e-01,8.666136290188434232e-01,7.043836096168987204e-01,7.305070645436109178e-01,5.190242980501029724e-01,4.058653636485873295e-01,5.342415304044387803e-01,2.703880847789801312e-01,1.589682627228727885e-01,3.972888529651579792e-01,3.620099821384729910e-02,1.933530590078225142e-01,2.037571341412493242e-01,3.787779610725123813e-01,2.064561083140937225e-01,1.712326284512310504e-01,4.274915284925587811e-01,2.208076843834336223e-01,3.316867723130020318e-01,2.439819011033987350e-01,1.729713957224098819e-01,3.673014775704592227e-01,7.431291138363771420e-01,8.354758904896357474e-02,5.813448125101001729e-01,7.214712521657116184e-01,3.366167909902342270e-01,6.432122245400714866e-02,7.259550634802722779e-01,2.898784090339918129e-01,7.036454451726024129e-01,3.015081445234100155e-01,4.123526108005217683e-01,1.680377487381431167e-01,8.569586738290575489e-01,6.089683112612005456e-01,1.800783820280621450e-02,3.288275784834784887e-01,6.394101344410607624e-01,8.005082812034256534e-01,9.591814024919009807e-02,8.418200683586205546e-01,8.321677778936691361e-01,2.614618576130019190e-02,1.703500385574262255e-01,4.734607166860349547e-01,9.214680220967482738e-01,7.117049114219919925e-01,8.059889063770602213e-01,1.175036875804725545e-01,4.435756064376897845e-01
2.476932233006259310e-01,6.586287932526059263e-01,5.280841837157198571e-01,2.464120776774249982e-02,5.538503696924053088e-01,6.718120069769759617e-01,6.768358682377406677e-01,2.596219574589540557e-01,6.756433338908599540e-01,4.939615601863669436e-01,5.398957192457806142e-01,3.953666293867535431e-01,5.670515316930004879e-01,4.073066108168139077e-01,6.726654386956019138e-01,0.000000000000000000e+00,7.357532097929279091e-01,7.330168982473688200e-01,5.680892615245646260e-01,6.433728747022808836e-01,3.469288795875212217e-01,6.525316663498530456e-01,5.877730195243637823e-01,1.308318783594376034e-01,7.093369566303681095e-01,5.644142794884017267e-01,6.575423076763182717e-01,7.370848536596869005e-01,8.333594311675621702e-01,6.153691515111514576e-01,5.805081917844303607e-01,3.696724457999666646e-01,1.595464536058216476e-03,4.107058239855770898e-02,2.126354942011081939e-01,2.365724270245798677e-01,2.306583396219648585e-01,3.312899497341016963e-01,2.432649722254512648e-01,7.187497437156334379e-02,8.856494471788045608e-03,3.866371547224529692e-01,3.224391020794611373e-01,4.774967924533428110e-01,2.498088120955424540e-01,6.292294745551990642e-02,4.667985878804945532e-01,6.140561804743479568e-01,1.952995659043479937e-01,3.827623530348410741e-01,5.354471914423526435e-01,2.753488496437380695e-01,2.145420933729898783e-01,6.115426947272268876e-01,3.772049393946239615e-01,5.725060539493884715e-01,3.109349015918266290e-01,4.591454864119763890e-01,1.472458580819316076e-01,7.339773497726143070e-01,7.701777698689211693e-01,1.511852235021098612e-01,5.730745929470386635e-01,4.826771466381976072e-01,5.683935751933109071e-01,2.052055247977931096e-01,6.313777837347241961e-01,6.507531316795064358e-01,1.175177219645047733e-01,4.191098958128186003e-01,5.496865299436057839e-01,6.060216540979459499e-01,5.979993606969939979e-01,5.770157479321560423e-01,8.677928440966456436e-02,5.048791140623218876e-01
3.249251521295161704e-01,7.092091694716200490e-01,3.032089680864819004e-01,2.629839931459450053e-01,5.584570109764019907e-01,5.635410570704744160e-01,7.410032733671754190e-01,3.536209317298795174e-01,5.365169580695048346e-01,7.823146392641922020e-01,4.206994275250318660e-01,5.805931851742572869e-01,6.824089904944000695e-01,3.237461505552113872e-01,4.061988907179264197e-01,7.357532097929279091e-01,0.000000000000000000e+00,8.235439272425306712e-01,3.853634371914865797e-01,4.684313408442702387e-01,2.385561092912452108e-01,5.109131711236939433e-01,3.254963475252038996e-01,4.452989330686942249e-01,7.507562611783186179e-01,7.120936284207352029e-01,5.150813612740531289e-01,6.327427560714664612e-01,5.996947741697733480e-01,4.570770048523118412e-01,6.606846185030219587e-01,2.474251283713201910e-01,1.768797818226279239e-01,2.099813087925514465e-01,1.537492335945351771e-02,1.599931625560455650e-01,2.462163431660063795e-01,5.152841037859601236e-01,1.426721816153333766e-01,5.765123465531887814e-02,1.529868296211239764e-03,2.559524434896652823e-01,2.005717678901346723e-01,3.998898136078156695e-01,2.923550113173234988e-01,1.925502960601090663e-01,4.598678249140039087e-01,3.989767051346712612e-01,1.453683447418107066e-01,3.027736526196320721e-01,4.392808327695277848e-01,2.364673989459605274e-01,3.003420817611059945e-01,4.855377846301898725e-01,5.449378067694357064e-01,4.593604791493043349e-01,5.514309326532291777e-01,4.051235511527828681e-01,9.886820556056719056e-02,5.577843645207631873e-01,5.507251629632670120e-01,2.575177647886530141e-01,4.674361724539848884e-01,3.562572044149568962e-01,4.213972117372754567e-01,1.979684837775808615e-01,4.472889252730670173e-01,4.673722600393052096e-01,3.004838459319238431e-01,4.297216474946838338e-01,6.821396850848859827e-01,5.211073254545508515e-01,3.887192642408330290e-01,3.974393268676584823e-01,1.754815911202288747e-01,3.549100931134631098e-01
2.248313852093665743e-01,7.553010935372385104e-01,5.092987171558157611e-01,1.782887946755259689e-01,6.243801905373639327e-01,7.077378273244058215e-01,7.540427091892127898e-01,3.742618054248793014e-01,6.091999193177243255e-01,5.780157855468526229e-01,5.354809318077683455e-01,4.636154220996756004e-01,6.820723024929278289e-01,3.877968358622280176e-01,6.245982200181615651e-01,7.330168982473688200e-01,8.235439272425306712e-01,0.000000000000000000e+00,4.697093545591013442e-01,6.352901486576685297e-01,2.879764532177996883e-01,6.632387568261914890e-01,5.582670909397875469e-01,3.107698358597004717e-01,8.396614905260891826e-01,7.152949727815958170e-01,6.913816669693868544e-01,7.169368282348953514e-01,7.567250972849750568e-01,5.509262299519703809e-01,5.097405952503097915e-01,3.365958036460817704e-01,4.809386798440162814e-02,6.460507197857252859e-02,1.676220220529627269e-01,1.314676470687413390e-01,1.331626637249433420e-01,3.504320551691858521e-01,1.686064920202866302e-01,5.853852584117691382e-03,3.763712505964411648e-02,3.476490764044748438e-01,2.672462749781537861e-01,4.037215374390866751e-01,2.954587005555908696e-01,9.400884084443941746e-02,5.622651917473560079e-01,5.248648487795156692e-01,1.233574459207311125e-01,4.325991983717275002e-01,6.641783376575816078e-01,2.971391918464312276e-01,2.715624937704325670e-01,5.974658361018116981e-01,3.947269603018670470e-01,5.362481928521338759e-01,4.155569271498988915e-01,5.093836664328245112e-01,8.749108062967608790e-02,7.003985044094643841e-01,7.015156866308648320e-01,8.529448742984718779e-02,5.792590974082987287e-01,4.296669475687618922e-01,6.028375639904453021e-01,2.224654988872221684e-01,6.521239324001759652e-01,6.310407144351616315e-01,2.275767032123908185e-01,4.807792016254997525e-01,6.902943307540436724e-01,7.325797190338156906e-01,6.302004549151297708e-01,6.512387308300372490e-01,2.473682148988981533e-02,3.827120817900416250e-01
7.768613002587015925e-02,3.373678204086649202e-01,8.052436190404712590e-01,9.317349533713623067e-02,6.428981730950564799e-01,5.661008547504400301e-01,5.043950725364352294e-01,4.265294799604557596e-01,6.682491516214060789e-01,3.532887577033135829e-01,8.009101587209210837e-01,3.902388202761088998e-01,4.216722696068503362e-01,4.383614655920168857e-01,6.656864905427267720e-01,5.680892615245646260e-01,3.853634371914865797e-01,4.697093545591013442e-01,0.000000000000000000e+00,6.432301673971932976e-01,1.401239138566325870e-01,6.594752170997664198e-01,7.299637283800060050e-01,1.916038766960646844e-02,4.033172896323878320e-01,4.521901005544660679e-01,6.333824246420720616e-01,6.998341589517291794e-01,5.814516845803020528e-01,5.848629698699412405e-01,4.299248811273915227e-01,4.483255292134818992e-01,2.060857967625335796e-01,1.304871635015816544e-01,3.347754226000497768e-01,1.709946027875234448e-02,2.890163932553304615e-01,2.821565420362208143e-01,3.381499572680669030e-01,2.247876684548006376e-01,2.142618013792500220e-01,4.539919021710487890e-01,4.149842208596715709e-01,4.943530362671906819e-01,2.422609049283772631e-01,2.792989394857340879e-01,3.338819175467654388e-01,7.908425653600996696e-01,1.803313414679438009e-01,5.041861046482205566e-01,5.003194639390884380e-01,3.059419704216239100e-01,2.007220744796980316e-01,6.386831012167017985e-01,3.049191151456280835e-01,7.481508030266807996e-01,3.265307367502547908e-01,4.392097147669838386e-01,1.570929804864663604e-01,6.331361778782202965e-01,4.545706231446454137e-01,5.197219001699159013e-02,2.758691044032106632e-01,8.566931650964326739e-01,5.850537346553132956e-01,1.388770404231520761e-02,6.774805658688596299e-01,7.544002676782861627e-01,2.779271802601403565e-02,9.458606890467174955e-02,3.653967978104004088e-01,6.144262082916965850e-01,6.949267035661685910e-01,4.994169251035730506e-01,2.353567209272733052e-01,4.377720791745774442e-01
1.294851597716544234e-01,6.829639530237190392e-01,7.370191424867460483e-01,6.498083442089189199e-02,7.147296668062446123e-01,7.848833068955394232e-01,6.124935497954973052e-01,2.024977241025329722e-01,7.995108719804711050e-01,4.136785101222468786e-01,7.503036437244606782e-01,5.219556624684533741e-01,4.168552189240024575e-01,4.457145508162883574e-01,8.300272492002624958e-01,6.433728747022808836e-01,4.684313408442702387e-01,6.352901486576685297e-01,6.432301673971932976e-01,0.000000000000000000e+00,2.374973704439609090e-02,1.000000000000000000e+00,6.808472748314777778e-01,2.011075490085158235e-02,6.783107681860960358e-01,6.349133371896835687e-01,8.909761965906450865e-01,7.429753999131019082e-01,7.687772293568235771e-01,4.958972078740990219e-01,3.378018292555154400e-01,6.119556970707289434e-01,3.062966789403477885e-01,2.893422763951095100e-01,4.628819022112435899e-01,2.521996044319725905e-01,2.215021724009564319e-01,3.184047758223061408e-01,4.712795383272746497e-01,2.442235560093038993e-01,2.379328473373085173e-01,5.246332476082480323e-01,1.785159737653416734e-01,4.851332009402342660e-01,2.014584734903603624e-01,3.354946583377173552e-01,2.878358398083074032e-01,7.687939070311717860e-01,9.694589427296963768e-02,5.086843072030754476e-01,6.562123833306355847e-01,1.490335326230658175e-01,3.355902160096210785e-02,8.055342712563244856e-01,2.466100458862312550e-01,7.648215508037832233e-01,3.892116890622550063e-01,2.237654591221192035e-01,1.967574963136503041e-01,8.261997354011526573e-01,5.845280566375181674e-01,1.391008583616311078e-01,2.502930774920328894e-01,6.349009246621916125e-01,9.191826977162749213e-01,9.901286711290685494e-02,9.181634557079115799e-01,7.501931175994727141e-01,2.339639328503716198e-02,1.858450937458720476e-01,4.459766627856541210e-01,9.174814267095118270e-01,6.957992892790612061e-01,6.558766112924285796e-01,6.403199310623930440e-02,3.271426894806355734e-01
7.370126276192513481e-01,2.394823353070181793e-01,2.787977048968581784e-02,7.047749700408023621e-02,8.709851089466091878e-02,1.182838104753743957e-01,6.065021772708559245e-02,3.018092810393596115e-01,8.200057865602269902e-02,1.076995447745062728e-01,5.281330567802766662e-02,9.090876875227002496e-02,2.031883171678216804e-01,1.318723364518077368e-01,1.899037547524425884e-01,3.469288795875212217e-01,2.385561092912452108e-01,2.879764532177996883e-01,1.401239138566325870e-01,2.374973704439609090e-02,0.000000000000000000e+00,4.873512551937941861e-02,1.816636234774328673e-01,3.143245692950873416e-01,3.564101328785185818e-01,1.921024084486076533e-01,5.428634442626351087e-02,9.887014106102956501e-02,3.583522432613621689e-01,3.193520615452382083e-01,4.537355614601560339e-01,2.043644586129020058e-01,3.654574154427800425e-01,2.988687370647128416e-01,2.124718346704880245e-01,3.284706356642948244e-02,7.396796636919109047e-02,1.825945500271268784e-01,2.672717301821442293e-01,3.139091047921868105e-01,3.237719470561094548e-01,1.525804181465276882e-02,3.693941327411732201e-01,1.711635406967172424e-01,4.854835590116428345e-02,6.796716378220378774e-01,3.785493350032497206e-01,7.058681838078756376e-03,1.249312675403024472e-02,1.565148304954490643e-01,3.056626745433280168e-02,1.241463385445724932e-01,4.871769242969641867e-01,1.733704189102993343e-01,1.399439065804300997e-01,6.200117375429400890e-02,4.406856736086167681e-02,1.421886375578683415e-01,1.696734743078227858e-02,2.240970454083809349e-01,4.216007024141816828e-01,8.172814881426446187e-02,3.549348285287969862e-01,1.122873321250152934e-01,3.955347569164446853e-02,8.064426998340700203e-01,6.760451883359430703e-02,2.572576397721272334e-01,3.330004951642040467e-01,4.100913976720350629e-01,3.140109095544845741e-01,5.211345716008253248e-02,4.702335832682766337e-02,3.855731826663528761e-01,3.692198747639234835e-01,5.528745867131834579e-01
