0.000000000000000000e+00,2.818225748955981436e-01,1.117426879947780172e-01,1.644691076028057322e-02,1.112227703448420701e-02,1.108599517059027928e-02,1.876960803313120485e-01,2.787130238152351058e-01,2.681013859572961011e-01,6.094831238983140498e-01,2.246267934955513690e-01,1.488754727480521289e-01,7.505573404763778156e-02,1.633911066594895267e-01,4.527925235601661380e-01,5.542247918453770961e-01,4.388180616887411012e-01,4.544672436118019077e-01,3.722199456663348727e-01,6.567476280266544286e-01,6.999815190004810006e-01,6.284690338992310332e-01,2.807432620696669878e-01,4.953155542692781466e-01,6.637080957312453400e-01,4.301505503836651756e-01,3.673148665137465074e-01,2.981652761763999848e-01,4.684316627321415405e-01,1.230323074302885622e-01,5.930914731424066222e-01,9.045687771354937734e-02,4.461462238555010673e-01,2.493551396531752118e-01,2.303234311876523610e-01,7.587225003540934432e-02,1.618792831678660393e-01,1.273372881781479060e-01,1.685853932971730085e-01,5.600865500057305990e-01,2.609474309214611099e-01,8.115211484128147246e-02,1.198031082482805543e-01,1.496832266332269734e-01,8.785438848658640165e-02,7.772573298618372650e-01,2.888202349745977449e-01,2.272972677248756568e-01,8.845199952124714604e-02,1.735463281723395312e-01,1.692588573347695302e-01,1.631132984336042258e-01,2.530688405712675504e-01,3.461872979898619751e-01,5.156360207285479724e-01,1.439235958163466167e-01,1.122056713323518889e-01,3.653126002807676187e-01,4.002003587599126111e-02,2.047999112990192550e-01,4.478554439806559095e-01,3.574320435628135506e-01,4.428611482076484362e-01,4.030535309647621522e-01,3.605113909087024893e-01,5.804699392146972503e-01,4.741724306243741416e-01,2.569035760156131998e-01,3.919838046767010198e-01,6.590500035434321280e-01,4.734795025009163605e-01,2.058718637969892684e-01,4.381161346768393527e-01,2.936416021521068842e-01,7.231329879674333605e-02,1.466203240838152844e-01
2.818225748955981436e-01,0.000000000000000000e+00,4.698363322670567888e-02,2.785840656460726872e-01,1.156211138730735694e-01,6.559314862992323691e-01,2.575702451446929553e-01,4.082158562923970946e-02,1.221739406480318313e-02,4.684744544207877226e-01,1.380630034626992853e-01,4.260259924417001964e-01,1.396549383107713038e-01,2.429172920410478387e-01,3.450850634818524720e-01,4.719747006552376112e-01,4.691714905343162823e-01,4.264441969941617505e-01,2.568703823167991507e-01,5.383438510077369621e-01,2.023954288670938018e-01,6.854424131179094326e-01,2.227441825536228825e-01,4.794604421872198374e-01,7.598835435604608390e-01,8.637915974351729753e-01,6.911331046879343187e-01,5.945136242205661947e-03,9.977712729457038909e-02,3.756498189169634738e-01,1.705026513946418243e-01,1.445612936121265790e-01,2.191885212586503207e-01,1.105318040011174091e-01,1.717763794150600487e-01,3.983717755500865154e-02,2.500180254172391092e-01,2.657989750926418315e-01,1.522571849743579175e-01,4.666332236850592730e-01,3.054257037780280237e-01,2.237073991238350823e-01,3.059695198209858580e-01,4.044036131614211493e-01,2.943478170156845763e-01,2.174145759107280751e-01,9.166721978544797311e-01,2.188735021974955175e-02,2.707815197983423627e-02,5.507064874290770740e-02,5.429456619750248070e-01,1.023658184052973208e-01,1.523208173873661364e-01,1.237711932441402096e-01,3.029141812764988284e-01,4.624920493904412233e-02,5.259838566201207044e-01,4.545416446742137073e-01,1.626654915528080725e-01,3.310293129824352643e-01,5.094588715782755184e-01,3.349653895376442092e-01,2.194212528456380429e-01,3.542120491288973105e-01,5.755205805069907310e-01,3.012983436791433767e-01,6.842461975637925686e-01,8.717090191139595379e-02,4.806002321807211763e-01,6.446223961842632022e-01,7.434478593228552867e-01,4.645965281435189831e-01,2.681382610763654029e-01,7.545954062719081867e-02,4.394922249609040099e-02,2.423574255162926072e-01
1.117426879947780172e-01,4.698363322670567888e-02,0.000000000000000000e+00,1.331384637546357275e-01,1.471422382802256568e-01,3.317535381352802459e-01,1.359188630924877128e-01,4.480107715545025293e-01,2.123865250013205475e-01,4.079020511667133531e-02,3.759817332906282839e-01,1.394102628445835768e-01,2.411481602379663691e-01,1.098478267550132698e-01,1.199635264066445384e-02,4.571288557561271892e-02,1.427747115178437665e-01,1.313997878487596638e-01,4.171400148551260290e-01,1.639230980760698619e-01,2.104608973935402916e-01,3.316528063636686730e-02,3.665443602962100700e-01,2.189853891106258721e-01,6.345194797004879983e-02,1.636914453437672279e-01,2.870900850618857136e-02,4.369799850309754596e-01,9.015436528991332965e-02,5.397378013682642139e-01,4.462882220932173905e-02,1.486160866976351802e-01,5.290348605501235535e-02,1.643683167905765907e-01,1.494423865508006100e-01,1.460701561602190113e-01,1.278621298541415263e-01,1.319736720666775942e-01,9.925420863144071570e-02,2.200032975745953301e-01,2.487698965552512520e-01,7.444057404611800766e-02,1.948849330763013921e-01,1.452790167278528860e-02,1.964752338803220089e-01,4.952186861746142588e-02,9.959808746322731943e-02,6.460899221425081551e-01,1.754768668846206914e-01,5.579776891612558964e-02,1.997538367159686357e-01,7.290994247527599059e-02,3.076350511003392296e-01,2.505672792087642597e-01,5.922447463701996373e-02,3.587538380610494904e-01,1.757895301114128783e-01,2.487133060938178375e-01,4.314302201478503740e-02,2.390333550020682929e-01,3.108648069561477656e-01,3.266831782294841169e-01,2.983062748586393642e-01,4.208395136817725257e-01,1.151238251532977208e-01,8.303097379762569563e-02,1.612884079394696912e-01,2.571622086764967507e-01,2.816643268774748909e-01,1.537308075082041425e-01,1.984672237050485455e-01,1.993574019411488152e-01,3.888822328072963352e-01,1.027675153527212309e-01,4.640070964817801791e-01,2.355130849412682692e-01
1.644691076028057322e-02,2.785840656460726872e-01,1.331384637546357275e-01,0.000000000000000000e+00,4.026604223402420191e-01,4.791343494513618240e-02,3.232271986434577249e-01,4.380111973729088060e-02,8.770217113790201857e-02,1.885431004275612554e-01,1.476614555339597068e-01,3.946353229125521556e-01,5.840170318425111362e-02,4.038450178582901895e-01,1.990116419153521027e-03,8.002041404065149410e-02,1.743928245380123032e-01,9.257666826021297701e-02,2.831953982344450477e-02,7.120725068905706112e-02,7.016251346380113219e-03,2.127247026173394173e-01,7.210831404099241060e-02,1.471472474586232593e-01,1.958690029831167689e-01,2.195338524840341199e-01,3.974834851803410452e-02,2.794669409192429566e-02,1.851941143046041960e-01,3.120306421249857687e-03,2.689740052384967939e-01,2.089172412436804127e-01,5.827793297206207423e-02,2.438753552467283758e-01,7.152592347503539116e-02,3.431292690923078981e-01,3.716642899180178650e-01,3.360655535195490873e-01,1.559682285371057353e-01,1.139107503117108011e-01,1.623506477753599575e-01,3.497957428434069760e-01,3.012992095455983010e-01,1.796479118701075073e-01,1.635226611492115456e-01,8.829138277423946579e-02,3.459120859585931296e-01,1.101506082616877935e-01,2.929634452434154990e-01,2.368588015588830031e-01,2.150214135123147685e-01,1.424510042205852922e-01,1.861504884722861575e-01,1.601286293882570599e-01,2.667841166422704191e-01,2.380434478266038323e-01,4.382725988240935844e-01,2.123208468974757679e-01,1.275198517133599996e-01,5.724494845492270056e-03,8.036219866525845523e-02,7.802909246243533437e-02,4.384319613785232772e-02,1.179586346089606386e-01,8.056530239955325690e-02,2.733682133369726430e-01,1.509789823188363855e-01,6.778131062500358794e-02,1.735709683677118809e-01,1.112784908751977275e-01,2.493872250364713994e-01,8.165489809128333165e-02,1.132201072003684306e-01,3.912501808262934533e-02,1.699621573072555569e-01,1.946255177515654744e-01
1.112227703448420701e-02,1.156211138730735694e-01,1.471422382802256568e-01,4.026604223402420191e-01,0.000000000000000000e+00,1.570509864459510851e-01,5.470658350293520211e-01,3.170236565037162779e-02,4.515670866334287048e-01,3.041036547305824844e-01,4.579048747242522310e-01,2.868652464505741517e-01,1.477110467216538048e-01,3.632631957941115375e-01,8.728800630398630966e-03,9.626935249918344706e-02,2.638897854468521542e-01,2.145724202709178574e-01,9.697874649911403244e-02,7.431337897520912117e-02,4.134055081630949591e-03,1.539988691741727977e-01,8.856131960901555966e-02,1.044552941536533164e-01,2.066999189827333216e-01,1.324685088068301431e-01,7.553836992481688384e-02,1.952809382672177074e-02,3.807647509184747259e-02,5.769270552223565440e-03,1.947840710735013747e-01,2.627343386146621107e-01,3.213653499957226656e-02,2.318699462510015463e-02,1.007942394148231280e-01,3.440109082134759078e-01,3.423765121875257389e-01,3.458306086584295724e-01,2.483130553556729403e-01,9.348362109328164915e-02,1.282805895444240341e-01,2.583126885764875924e-01,5.232331878686863336e-01,2.474285350027472519e-01,3.198925350127153622e-01,1.490817399679548183e-01,1.912133770190725668e-01,4.272628064805739090e-02,1.644832508452565289e-01,4.555870924241786635e-01,2.247308697983180920e-02,3.717361676468025622e-01,1.167775274982107425e-01,2.030047777522597241e-01,3.222178096795441649e-01,5.095024501471157041e-01,4.319075692761684127e-01,3.803000615768080683e-01,2.870586424437149287e-02,1.725312804529276212e-01,1.704174456932443793e-01,1.921450885090053018e-01,2.167211141304830613e-01,7.807125047740559598e-03,1.446565430179279355e-01,1.305096079753767790e-01,1.020187290662493973e-01,5.591532908723162443e-03,2.146021965553030764e-01,1.695336396794682732e-01,2.069693553546992359e-01,9.896676209233457033e-03,2.624379369174227872e-01,1.765531187504325306e-03,1.201327732630766698e-01,1.047411314181443398e-01
1.108599517059027928e-02,6.559314862992323691e-01,3.317535381352802459e-01,4.791343494513618240e-02,1.570509864459510851e-01,0.000000000000000000e+00,7.975852306446762352e-03,4.166650214614485703e-01,2.571451358597391379e-01,9.546954603004384476e-02,6.042902367684782616e-02,2.957823552840000980e-01,2.417983534738366580e-01,1.199647910483080809e-01,1.792631837586721733e-01,1.238954617556219939e-01,1.718766403874777693e-01,2.057594422352775620e-01,1.052272945706178020e-01,2.642971307492890665e-01,1.602340079373614223e-01,2.048493004124001537e-01,5.487203660399775362e-01,2.073939884201869144e-01,3.322306947370062269e-01,5.264151285036058336e-01,4.450223128359330205e-01,3.166614243464360712e-02,5.840964387182029371e-02,8.873766410049059583e-02,1.272499814455343436e-01,1.990271621917616418e-02,8.442635600893122483e-02,9.775525520906280796e-02,1.665729415858696050e-01,7.631748748024257123e-02,5.063941448056352712e-02,2.402519707762564849e-01,9.395997285295415447e-03,2.126451243854925732e-01,2.682167373175063374e-01,2.884343119693260626e-01,1.833386892441697946e-01,2.596877591112292105e-01,1.266551420256865623e-01,2.544748612494528439e-01,5.835990827756495358e-01,4.028287748588427752e-01,7.640780815186819230e-02,1.663039792792605220e-01,6.790477046493968993e-01,3.527411576464954956e-01,4.164430194762071546e-01,2.240519343933043972e-01,2.281243040560025637e-02,4.355244503188657190e-02,3.859022664151727233e-01,3.443986351631233012e-01,2.535904119576911642e-01,1.019625981879951626e-01,2.664106582160652992e-01,2.066280281814147635e-01,1.158342677681604149e-01,7.942613438474210863e-02,3.665576140398851268e-01,7.158595087269031820e-02,3.035943138132343733e-01,3.609271535983245016e-01,2.380653902030029911e-01,3.576174045446604000e-01,3.361278155302421244e-01,1.584741358132650269e-01,8.903995534791979416e-02,9.031291401321055179e-02,1.493738222480212319e-01,1.758013326056276082e-01
1.876960803313120485e-01,2.575702451446929553e-01,1.359188630924877128e-01,3.232271986434577249e-01,5.470658350293520211e-01,7.975852306446762352e-03,0.000000000000000000e+00,2.866009794786371634e-01,5.135819096921800941e-01,5.041145874100591007e-01,2.262038187304150627e-01,2.906885333654384285e-01,4.135340617157169940e-01,1.455425466074858898e-01,1.522909426631668256e-02,3.680066668939838692e-01,5.101957173021169911e-01,5.723132061050948405e-01,1.079021467369496445e-01,1.200054132897042380e-01,1.130072291143872920e-01,2.972384681137825169e-01,2.960903057742242384e-01,1.998340859374095335e-01,4.353517399149872125e-01,2.899173753227828332e-01,2.126890091777298708e-01,2.418546465864002681e-01,1.881243761390651303e-01,1.148144606707484638e-01,4.253810616473414075e-01,2.235673121797782104e-01,1.651105208079894360e-01,1.647014504968986603e-01,1.415120268153141070e-01,4.382299141549826915e-01,4.381383286709885638e-01,3.262397922687126917e-01,2.763279786996989396e-01,1.987507719956197461e-01,2.491615617545905881e-01,1.553059044909113895e-01,4.911584269885554965e-01,2.689410988856116846e-01,2.701268553741342227e-01,2.657449853779521587e-01,2.289326931405904209e-01,2.385605835739650626e-01,4.163166833253517662e-01,3.790162608087420670e-01,9.630123650418144499e-02,2.725530945354522339e-01,1.597855869331912815e-01,2.035147415904467461e-01,4.920701722974734627e-01,3.141179908545266297e-01,4.493508312866767440e-01,5.127735940935345127e-01,6.898541232348354146e-02,1.428865446808600947e-01,2.825888002211595085e-01,2.783505359946851221e-01,3.127938570883433411e-01,2.311574733203017595e-01,1.659877205978918524e-02,2.428180444616952205e-01,2.063128525736309116e-01,2.141586745472844611e-01,1.907690278555620456e-01,3.355087854507489142e-01,2.219747245052561546e-01,8.287243726147736078e-02,2.692196225240628404e-01,3.283933603286019742e-02,2.268068567618407305e-02,1.475424568598844577e-02
2.787130238152351058e-01,4.082158562923970946e-02,4.480107715545025293e-01,4.380111973729088060e-02,3.170236565037162779e-02,4.166650214614485703e-01,2.866009794786371634e-01,0.000000000000000000e+00,7.669792612818165933e-02,1.360172468013821356e-01,3.586858412439740684e-01,4.923609870779845910e-01,1.239994069538242760e-01,2.500320830406844719e-01,1.981910053016786577e-01,3.163491211823244997e-01,7.567764976698146406e-02,2.299167244966283663e-01,3.945815961691447882e-01,2.149312489135462023e-01,1.014085899476278585e-01,3.012862988153331978e-01,5.993579572929852439e-01,2.193330128489130448e-01,1.726180586560057684e-01,1.773028725648046477e-01,1.647073155752470930e-01,5.911744441417851603e-02,4.557072595693656414e-01,9.228773501584963679e-02,4.146073841246559200e-01,4.094637746194926958e-02,8.899335816650333353e-02,1.150646455575315974e-02,2.951667240507286349e-01,6.922702547680870122e-02,1.295669274002529403e-01,2.492709822318731616e-01,1.559615471637053608e-01,1.849303151487609320e-02,1.305917409348115454e-01,1.188816435085247869e-01,1.945375214142589237e-01,4.971833684363963224e-03,1.630849613161462486e-01,2.392734666524857778e-01,1.050804718280692884e-02,5.423047649801620018e-01,3.407406327636997578e-01,3.401472190275393881e-02,3.082852469660730677e-01,2.670168342323200328e-01,6.471464579615222590e-01,1.007411633623428449e-01,1.754146291944974623e-01,3.101835149978307560e-01,3.716746020724421284e-01,1.042179890477551440e-02,1.571793055495860347e-01,2.313211548974144771e-01,2.177956177117694181e-01,8.248290085445980635e-02,2.412081570999576874e-01,3.118359813147159598e-01,6.574381656458758161e-02,2.118806214440559776e-01,9.846790214749702452e-02,3.793460186896360220e-01,2.968639876630129182e-01,2.801917885759185323e-01,3.006863672918219654e-03,3.032381721857773660e-01,2.320418687632826160e-02,5.046553351461202652e-01,5.310473503988717009e-02,5.417524172775178837e-02
2.681013859572961011e-01,1.221739406480318313e-02,2.123865250013205475e-01,8.770217113790201857e-02,4.515670866334287048e-01,2.571451358597391379e-01,5.135819096921800941e-01,7.669792612818165933e-02,0.000000000000000000e+00,3.827316417352404909e-01,4.748037366795520575e-01,3.135184426970292204e-01,4.387870541472119745e-01,3.258416202558821889e-02,1.807574244559455590e-01,1.736606410885297713e-01,3.795004507002726624e-01,2.710853976318761127e-01,1.413802579294261008e-01,3.943084852642325666e-02,1.843744423700715840e-01,1.135192595018598705e-01,2.437484219638151872e-01,1.462863264455404877e-01,2.837457468751539702e-01,1.103657052177712816e-01,1.409490067020174875e-01,4.408821307357091990e-01,3.331305262629308261e-02,3.238571036808996495e-01,3.744600467783755771e-01,8.124538845302423096e-02,4.232566705831813936e-01,3.493188801352943851e-01,2.002651079291151714e-01,1.690459285721844229e-01,1.464739399352128491e-01,1.231845873348560716e-01,1.513551037045643144e-01,3.542933940076810062e-01,2.641759184311535669e-01,1.040641489118344920e-01,2.738916327471144774e-01,7.908671760247011628e-02,2.611633841370105125e-01,2.937274025544355238e-01,1.077539884616651733e-01,3.351730100590788464e-02,2.141156515442920460e-01,2.151072424570864561e-01,3.655088048412211132e-01,6.728222876969047750e-01,1.138206970699781051e-01,6.075608168064202674e-01,4.322847105378924137e-01,3.422224745694687487e-01,2.542993869844406563e-01,3.797798168366163241e-01,8.016433791465041314e-02,4.084595877891877280e-01,5.953819597725064361e-02,3.582648236916010642e-01,2.081168103326021812e-01,1.033531052475656353e-01,2.813802170553425519e-01,8.858160622616570445e-02,3.951675536792775834e-02,1.664574284963080131e-01,2.026923908118117845e-01,1.053031378381000527e-01,9.282847676325287067e-02,2.471101237592672195e-01,1.411490431992006023e-01,2.507863737789278735e-01,6.350524641641543122e-02,5.855084438689940607e-02
6.094831238983140498e-01,4.684744544207877226e-01,4.079020511667133531e-02,1.885431004275612554e-01,3.041036547305824844e-01,9.546954603004384476e-02,5.041145874100591007e-01,1.360172468013821356e-01,3.827316417352404909e-01,0.000000000000000000e+00,9.538958844934666836e-02,4.505795114350772956e-01,4.018243151000680524e-01,1.110141905401847498e-03,2.511526211390749941e-01,6.584728061196827298e-01,7.803849939241130906e-01,6.975084638480596455e-01,2.191666988283914319e-01,5.044988262110740029e-01,4.707241133567125480e-01,6.429858930748204582e-01,3.897565799606450554e-01,5.805948771346610693e-01,7.405554191211839443e-01,6.272062678932337487e-01,2.643371786490853470e-01,4.670077610375860666e-01,3.159393600416949832e-01,1.233561233922491757e-01,7.166282385773631303e-01,1.786880959806079194e-01,3.884090114452334319e-01,2.698150536443681413e-01,3.644574916143211718e-02,5.322261786650630544e-01,5.445028951809776085e-01,3.043382653360274803e-01,2.022856195167147264e-01,5.435230881001879011e-01,2.635158409109923938e-01,3.602937139100775843e-02,4.934412853604811522e-01,4.873229323222660891e-01,3.175818502779805819e-01,5.673944125885156398e-01,3.564488599076999220e-01,3.816858268001521726e-01,2.369337419378919896e-01,4.860799541404843271e-01,1.089322179880422709e-01,3.382146193126138733e-01,1.735907512772489336e-01,3.412993898932564218e-01,7.549292222955129583e-01,2.103362824593220382e-01,5.757624823317308849e-01,6.191599109640122389e-01,6.483541209057872012e-02,3.044007285213673475e-02,4.745216230861464823e-01,5.073405168395201947e-01,4.332601803041606914e-01,3.419342137486353073e-01,3.554073261807557671e-01,5.044387533431888837e-01,4.623089429212464685e-01,4.517975255066944418e-01,4.245937254936348881e-01,4.724370781432806199e-01,4.965948798794034280e-01,1.809367261048185904e-01,5.766914863891419163e-01,1.887838051104303028e-01,6.214063846525944013e-02,9.455234690781756657e-02
2.246267934955513690e-01,1.380630034626992853e-01,3.759817332906282839e-01,1.476614555339597068e-01,4.579048747242522310e-01,6.042902367684782616e-02,2.262038187304150627e-01,3.586858412439740684e-01,4.748037366795520575e-01,9.538958844934666836e-02,0.000000000000000000e+00,2.604252969909341409e-01,3.328158885395041677e-01,1.626670915027635389e-01,2.272761028509738268e-01,1.989754324727916468e-01,1.527785218374921872e-01,2.553415275249146243e-03,5.763922772137918260e-01,2.764486471052724492e-01,1.453539437254697253e-02,2.410186682593342122e-01,5.464768612508835721e-02,5.393563965999337989e-02,1.392928877309086988e-01,7.547111628658625948e-02,2.366069062317933125e-01,2.819702397269601146e-01,2.412697673565115386e-01,3.340796741466582342e-01,8.807731523392436923e-02,7.464467753077108636e-02,5.731852405883103990e-02,3.093660344251811592e-02,1.675508699246620048e-01,2.975501235950237522e-01,7.113184390899424114e-02,7.335634693990805699e-02,1.302328975959363144e-02,5.442123622070384886e-02,8.566347186771672284e-02,4.894113126524747559e-02,5.090944555655243509e-01,2.149511281159137421e-02,2.057565822163565095e-01,4.063847946234229458e-02,8.819398050179730331e-02,2.548401217270019337e-01,3.762423238159590122e-03,3.446945879057881634e-01,4.580237973597467427e-02,2.251629373287911406e-01,2.665478158285106147e-01,2.289422418876590481e-01,8.264356826979535331e-02,7.472786805284867828e-01,2.974466898933997294e-01,2.558407413101057015e-01,2.129128572260705066e-02,3.596064535273448270e-01,5.790118757875870048e-03,2.517271754228364578e-01,8.504486559037685578e-02,4.647906050546665169e-01,2.670095729871914125e-01,1.082017202100328535e-01,1.380549692798239136e-01,3.849701542997596704e-02,1.094898434524292363e-01,1.849561338792735099e-01,8.485613374378137008e-02,2.474327622332114784e-01,2.155007399459390460e-01,2.245236476078912580e-01,1.698002839582083978e-01,1.827908523148180642e-01
1.488754727480521289e-01,4.260259924417001964e-01,1.394102628445835768e-01,3.946353229125521556e-01,2.868652464505741517e-01,2.957823552840000980e-01,2.906885333654384285e-01,4.923609870779845910e-01,3.135184426970292204e-01,4.505795114350772956e-01,2.604252969909341409e-01,0.000000000000000000e+00,4.234470454292224018e-01,4.075884995875536654e-01,1.318965142578233940e-01,1.594829933645340314e-01,3.832589655653227401e-01,1.663997386840970205e-01,1.270340428887006823e-02,8.805643170930965713e-02,7.037069655749825237e-02,1.887154181205414338e-01,2.867486152897773533e-01,6.447373412894390476e-01,3.498359874331140040e-01,6.092375771920784944e-01,7.456562760194268558e-03,2.373133093254438108e-01,3.048677321740768109e-01,5.396901653111194075e-02,1.043852170680444474e-01,2.636811224342588411e-01,4.304928438895225806e-01,3.165328642841797047e-01,2.849001888948666031e-02,3.293156215804478038e-01,2.567484852612246793e-01,3.209306061573441449e-01,2.189622205771049601e-01,5.231487422707228330e-01,3.251141520051707978e-01,2.284217964217366836e-01,4.954495028548457913e-01,2.647423010044999137e-01,3.051143982733696136e-01,1.396084153077862544e-01,2.720477813115040333e-01,9.388601659008630196e-02,2.023051937446296855e-01,2.239743065428910218e-01,1.567242183795473642e-01,2.187434934801073261e-01,3.630500894169254034e-01,2.099009076510396921e-01,4.395349173018269218e-01,1.846993132605661003e-01,8.201975551970250855e-01,4.526003965036627941e-01,1.868197328858732520e-01,2.649163441985056822e-01,5.433425264690756873e-02,3.659538665561989923e-01,1.013130043752239959e-02,1.223063411023721514e-01,3.825767881773932400e-02,1.115769199804162309e-01,1.071571795296758639e-01,3.926299155976320510e-02,5.834785260035628696e-01,1.717208240085069809e-02,3.842900734604079438e-01,1.905402396014917177e-01,2.318517039912985633e-01,4.416537148741449537e-01,1.127683327710763406e-01,1.249585512800505671e-01
7.505573404763778156e-02,1.396549383107713038e-01,2.411481602379663691e-01,5.840170318425111362e-02,1.477110467216538048e-01,2.417983534738366580e-01,4.135340617157169940e-01,1.239994069538242760e-01,4.387870541472119745e-01,4.018243151000680524e-01,3.328158885395041677e-01,4.234470454292224018e-01,0.000000000000000000e+00,8.813153358356132228e-02,3.178582441675745773e-01,2.424724305696599747e-01,5.861493501129110273e-01,3.477656638978874337e-01,1.218552965055364479e-01,1.658366587550683946e-01,4.783509142849104445e-02,7.068079299620450007e-02,1.212289971536972266e-01,3.000765274108123659e-01,1.338345959931500906e-01,2.440479183406055741e-01,1.867063481427570504e-01,5.554490786685318815e-01,1.833087850982101363e-01,2.346080024723284640e-01,1.646666367435035694e-01,6.480850338849562797e-02,9.198776628925196819e-02,2.888866824165131630e-01,2.305417015635690889e-02,2.279808007553463800e-01,2.133144067399408150e-01,1.350811010813190161e-01,9.239136416464277524e-02,1.622370863949664510e-01,2.758432160459994842e-01,4.820295955027760482e-02,3.622579371170218665e-01,1.057361345998482222e-01,2.007882076945011196e-01,8.020754627845384788e-02,2.795331315606555678e-02,8.304042089703644880e-02,1.307203307692911820e-01,1.907523187597919834e-01,8.258357899396759350e-02,2.763932153848941420e-01,8.089048686881816774e-03,1.325198947996557020e-01,3.351172158072200924e-01,2.102044803682055485e-01,4.527619441618815910e-01,4.232982679889183419e-01,1.054585842476609969e-01,3.095563630822740220e-01,1.114663642481353856e-01,4.921731364064608205e-01,1.800726211248610265e-01,2.385178161395010155e-02,1.702250843138365666e-01,1.354338132809430606e-01,1.071459051993504663e-01,2.026866944191554054e-01,1.593247141247627063e-01,5.100861904482495435e-02,4.242930172438263980e-03,3.910785356416925374e-01,1.720509059782022176e-01,4.013795240190737856e-01,2.521676887713122373e-01,1.490926015414067440e-01
1.633911066594895267e-01,2.429172920410478387e-01,1.098478267550132698e-01,4.038450178582901895e-01,3.632631957941115375e-01,1.199647910483080809e-01,1.455425466074858898e-01,2.500320830406844719e-01,3.258416202558821889e-02,1.110141905401847498e-03,1.626670915027635389e-01,4.075884995875536654e-01,8.813153358356132228e-02,0.000000000000000000e+00,1.454706853007565331e-02,9.444959252664235361e-02,1.514995049150411055e-03,9.340640065965029326e-02,1.029651635052803993e-01,1.291105521910695109e-01,1.021237881167097877e-01,3.981992827279836472e-02,3.164394303256427010e-01,2.131548593229583566e-01,2.187627272792881314e-02,2.192168328394699661e-01,3.355056956799323808e-02,4.810640236707119932e-02,3.391501616327131097e-01,6.234836344219109316e-02,1.027907190605758803e-01,1.361312460896055287e-01,9.585806383947040321e-02,1.499611146513551985e-02,6.631667959729634076e-02,1.602475568942538231e-01,2.677212979791115943e-01,3.411007040413054359e-01,1.675882541047958932e-02,4.746202325780314590e-02,9.122314887297089392e-02,2.618678127129462352e-01,3.710539392318363827e-01,2.001773793484385444e-01,2.129330082661908263e-01,9.813191308881613617e-02,2.208024412525592672e-01,1.902278275690700293e-01,8.993060306429774553e-02,3.067383345713078913e-02,1.831777764192387692e-01,8.016811144129119826e-02,3.800361392401250260e-01,8.542710938219351402e-03,2.377020883176947721e-02,2.156866947783836475e-01,4.006354988645142168e-01,7.467617717340373218e-02,2.503278810141578159e-01,1.162293903002373577e-02,1.303812598017647095e-01,5.545265560470351296e-02,8.455108922923051940e-02,1.046783429956310574e-01,1.616134207958737079e-01,3.417732678329207102e-02,2.573771457404737395e-02,2.761888081442698262e-01,1.572009034464618982e-01,2.353917220312695679e-02,2.630076117007763559e-01,1.116612152827206328e-01,3.563975555779028137e-02,3.020985860582300342e-01,1.894186128732314733e-01,1.738076256996277658e-01
4.527925235601661380e-01,3.450850634818524720e-01,1.199635264066445384e-02,1.990116419153521027e-03,8.728800630398630966e-03,1.792631837586721733e-01,1.522909426631668256e-02,1.981910053016786577e-01,1.807574244559455590e-01,2.511526211390749941e-01,2.272761028509738268e-01,1.318965142578233940e-01,3.178582441675745773e-01,1.454706853007565331e-02,0.000000000000000000e+00,1.840062283469785509e-01,7.781203792294727473e-02,2.234908695382696320e-01,3.970002226835526171e-01,7.190890450264495470e-01,5.121639926406302834e-01,6.779217705687431428e-01,4.777245269288554752e-02,2.282959500424496802e-01,4.743125524137192239e-01,3.326806423570227711e-01,6.752923176860904375e-01,1.529534837367274025e-01,5.216866615130737461e-01,2.873722472101392089e-01,3.126007961265040436e-01,1.352187951480853800e-01,2.651866241953027004e-02,8.436947635069871887e-02,1.334873420709922487e-01,2.128072200280740067e-01,2.700598605163920252e-01,2.826444486490343744e-01,1.880041757995088835e-03,1.496861718668829333e-01,4.223687388358636496e-02,8.311810720290731258e-02,5.644715345250369415e-02,2.912110675464109066e-01,1.534788584980267823e-01,3.578370140326502247e-01,5.156814398541689215e-01,1.342073335604999085e-01,2.445722589532209335e-02,7.038549474874183920e-02,2.851923673970622186e-01,1.364449037317078950e-01,2.378369770994198662e-02,7.703311026493797620e-03,2.196091310673011221e-01,6.089938402334793555e-02,6.096871155818485433e-02,2.552014574781754641e-01,1.048316014664353868e-01,6.196483206482636952e-01,3.996244150827416575e-01,3.913501256371215709e-03,2.966180369514673787e-01,2.675909242349425732e-01,5.735013969495011965e-01,5.600103126162625511e-01,6.479862813509632558e-01,1.338209432078958927e-01,1.104440681286775194e-01,6.239634600460883807e-01,4.317929814626271234e-01,6.748023844048337549e-01,3.347111371899320620e-01,6.963115331768462424e-01,2.764290724919066244e-01,3.073326964831399333e-02
5.542247918453770961e-01,4.719747006552376112e-01,4.571288557561271892e-02,8.002041404065149410e-02,9.626935249918344706e-02,1.238954617556219939e-01,3.680066668939838692e-01,3.163491211823244997e-01,1.736606410885297713e-01,6.584728061196827298e-01,1.989754324727916468e-01,1.594829933645340314e-01,2.424724305696599747e-01,9.444959252664235361e-02,1.840062283469785509e-01,0.000000000000000000e+00,7.889820299836746154e-01,6.621465870023326428e-01,3.566156745894441538e-01,5.038818483762765865e-01,3.404614670998964421e-01,5.860528968134619543e-01,3.533971217790006780e-01,3.289599874483849495e-01,6.136284106109467507e-01,4.964645314231366791e-01,3.163322283460203721e-01,3.130045567391709915e-01,3.476865064708538067e-01,5.098001233228280360e-02,5.778871245608471208e-01,4.969880497956293691e-02,3.467632652580107111e-01,2.320755227212100980e-01,1.475242104182989678e-01,2.187662847763999219e-02,2.860940564430536348e-01,2.673161134412790352e-01,6.021227394084071455e-02,4.499303139886761116e-01,3.913596725759378447e-01,2.624190137763509831e-02,1.417751054098276564e-01,2.943296626544897321e-01,1.849639192883323902e-01,4.951103583220098914e-01,3.267924402969898390e-01,3.520976562011467470e-01,9.892973846111174918e-02,2.822213239669411067e-01,6.537280910661846800e-02,1.879013048904092376e-01,2.749862710769575003e-01,2.431398196637846454e-01,4.490729965502694432e-01,6.760608496288170177e-02,2.719940171010108987e-01,4.195054672598474976e-01,9.388894715163831339e-02,1.295108938735819726e-01,5.107830354414868435e-01,4.159130949311156122e-01,5.210206860338031376e-01,4.430951224268665500e-01,2.967046304436686821e-01,3.658070835687959321e-01,4.269819642793387104e-01,3.871986967575835603e-01,2.486886801158101623e-01,5.474395098777122826e-01,4.159807863328885968e-01,2.152931048654681545e-01,4.489520497227683649e-01,2.128609398920259244e-01,4.127616418277398058e-02,1.533429209825800388e-01
4.388180616887411012e-01,4.691714905343162823e-01,1.427747115178437665e-01,1.743928245380123032e-01,2.638897854468521542e-01,1.718766403874777693e-01,5.101957173021169911e-01,7.567764976698146406e-02,3.795004507002726624e-01,7.803849939241130906e-01,1.527785218374921872e-01,3.832589655653227401e-01,5.861493501129110273e-01,1.514995049150411055e-03,7.781203792294727473e-02,7.889820299836746154e-01,0.000000000000000000e+00,7.890960344577724328e-01,2.023733189546344513e-01,4.767785847347835726e-01,3.551643836968721435e-01,5.263680752781165761e-01,3.789241432567864720e-01,5.461861675250070380e-01,6.270512176968697782e-01,5.888458262090876527e-01,1.073900999073779117e-01,5.213887940948014332e-01,2.667840903702136668e-01,2.170244259950742105e-01,6.478715507086879599e-01,2.200492084841642604e-01,3.567358836073473149e-01,3.242223987961089238e-01,1.936410062299007487e-02,3.304753948849743495e-01,3.988728946189089575e-01,2.972893267601374179e-01,2.203540070197718137e-01,5.465854910393932453e-01,4.547435872660854361e-01,1.270001764446758163e-01,5.191490019334733530e-01,4.322272578757248018e-01,2.919515573015055709e-01,4.563411242395792877e-01,3.086131137802715640e-01,2.460077524759914369e-01,2.254081013774504039e-01,4.560004269996589810e-01,2.262405807720119233e-02,3.599246199978962668e-01,1.491027201501965993e-01,3.021399744230986451e-01,5.673946932296012324e-01,1.976263228286656570e-01,4.698544999427023972e-01,6.473173445917036473e-01,8.388445630313334789e-02,1.091520243110620514e-01,5.168013526415475845e-01,6.117653226088048957e-01,5.424787199527754122e-01,2.691222109990087930e-01,2.932138784969798295e-01,3.103859740224408914e-01,3.535884180032398683e-01,4.319411758399016588e-01,3.884832609791206703e-01,3.967796792236698011e-01,4.645475311343644775e-01,3.971091201226017997e-03,5.510158852222446502e-01,1.123841339903587783e-01,1.231657755676342642e-01,2.160674357393486122e-01
4.544672436118019077e-01,4.264441969941617505e-01,1.313997878487596638e-01,9.257666826021297701e-02,2.145724202709178574e-01,2.057594422352775620e-01,5.723132061050948405e-01,2.299167244966283663e-01,2.710853976318761127e-01,6.975084638480596455e-01,2.553415275249146243e-03,1.663997386840970205e-01,3.477656638978874337e-01,9.340640065965029326e-02,2.234908695382696320e-01,6.621465870023326428e-01,7.890960344577724328e-01,0.000000000000000000e+00,3.360718188319452571e-01,6.871058554173923305e-01,3.684331776569737538e-01,6.680133696939312138e-01,4.420743971463768629e-01,4.390608212697904023e-01,7.221143987085907323e-01,4.349211464760757151e-01,3.860714863383035156e-01,3.876319693580093650e-01,5.734777253649384621e-01,2.478860904464574022e-01,6.509210618806182680e-01,1.819480847137020241e-01,3.686880486665760626e-01,2.119978957420679821e-01,1.397548740843052029e-03,3.461507215531733350e-01,3.663429880252307980e-01,2.367117141104848888e-01,2.432996665266217162e-01,4.964640888897582371e-01,4.131717122245246454e-01,6.797609408257795915e-02,4.466157168805301447e-01,4.572244055947818353e-01,2.987578798619791032e-01,4.278909690126049270e-01,4.353174758115243015e-01,3.357501419680051225e-01,1.998385405831016592e-01,3.448747063442357819e-01,3.604047180118441496e-02,3.126017512364621664e-01,2.363150053482817314e-01,2.255432864090302358e-01,5.576038563128065118e-01,6.172042002391434079e-02,2.565564392274239935e-01,5.618314227663656624e-01,5.737357601895698433e-02,4.873722032798036286e-02,6.488342148913686103e-01,4.522371447088511243e-01,7.009394689977120896e-01,3.619611677067025024e-01,4.162161751379487851e-01,3.223060240419670652e-01,4.939581845928909254e-01,4.686477270509017412e-01,3.729987508269733687e-01,6.353832358242228473e-01,4.015447615942592252e-01,2.145577126730781325e-01,5.683293285613915113e-01,3.330426702109474113e-01,1.205801006120531538e-01,1.865281022825745483e-01
3.722199456663348727e-01,2.568703823167991507e-01,4.171400148551260290e-01,2.831953982344450477e-02,9.697874649911403244e-02,1.052272945706178020e-01,1.079021467369496445e-01,3.945815961691447882e-01,1.413802579294261008e-01,2.191666988283914319e-01,5.763922772137918260e-01,1.270340428887006823e-02,1.218552965055364479e-01,1.029651635052803993e-01,3.970002226835526171e-01,3.566156745894441538e-01,2.023733189546344513e-01,3.360718188319452571e-01,0.000000000000000000e+00,4.401116503443306405e-01,1.496589984497789516e-01,4.446769252815007123e-01,1.889596781195345410e-01,1.776045386891152156e-01,3.595519880747612973e-01,2.674918281176706936e-01,3.393322559431082852e-01,1.066429708405667309e-01,3.839858645778341240e-01,3.076406576247889268e-01,2.691577488350508363e-01,1.983089768692928301e-01,2.144856512749585831e-01,3.351332553281314436e-02,1.235937034495671188e-01,7.157103584315005484e-02,2.029141937142185381e-01,7.703766054546494491e-02,2.119563924619411177e-01,1.980290262926132916e-01,1.902682694006348901e-02,1.335585997974015060e-01,1.668259128921762424e-01,9.761248022347400466e-02,1.316472663039739699e-01,2.357795501053528420e-01,2.754204302769553969e-01,4.041810519769244991e-01,2.117960580379486257e-01,7.843501189323864864e-03,4.355727444081011757e-02,2.408397738143830402e-02,2.875300794566597595e-01,6.142280276821621143e-03,2.428419862952840846e-01,5.814852701864904327e-01,2.253908304357840620e-02,8.217147006528113806e-02,1.387045500037537016e-02,2.553241018729106582e-01,2.012571951882629051e-01,1.775224753087945029e-02,2.033406852096339701e-01,6.403432690841813768e-01,3.231264977666348792e-01,3.023290136557378327e-01,2.985302760579841008e-01,1.440029377501582109e-01,7.848927688049796292e-02,3.933982973341624834e-01,2.828214444366565217e-01,3.514301604657988354e-01,8.231274544131805815e-03,2.740844903719308334e-01,2.256798615847583622e-01,1.632913207753942664e-01
6.567476280266544286e-01,5.383438510077369621e-01,1.639230980760698619e-01,7.120725068905706112e-02,7.431337897520912117e-02,2.642971307492890665e-01,1.200054132897042380e-01,2.149312489135462023e-01,3.943084852642325666e-02,5.044988262110740029e-01,2.764486471052724492e-01,8.805643170930965713e-02,1.658366587550683946e-01,1.291105521910695109e-01,7.190890450264495470e-01,5.038818483762765865e-01,4.767785847347835726e-01,6.871058554173923305e-01,4.401116503443306405e-01,0.000000000000000000e+00,5.212232857953038589e-01,9.035693517851649537e-01,1.017353006788023762e-01,4.571552570273614835e-01,8.174965393205883002e-01,6.027008302561953634e-01,6.025061437718595148e-01,1.190988284715228662e-01,6.050891332889974938e-01,1.010423987013783220e-01,4.961888330650834344e-01,2.664918865188830449e-02,2.385895042121951026e-01,5.739311353895514001e-02,8.983009568033377412e-03,3.092371095731043518e-01,3.876843462701286547e-01,3.582072305789884004e-01,1.152438934984092861e-01,4.228843199813711595e-01,3.407754610794485051e-01,9.111727631485155854e-02,2.053709748027931214e-01,4.556920096878759319e-01,2.448563439212433634e-01,4.751185871799011862e-01,6.973581243643767191e-01,1.667561231193834259e-01,3.886664466908189286e-02,1.374270530333857321e-01,2.963559757384472970e-01,5.772744514202451938e-02,1.403004595741857152e-01,8.858608217605989932e-02,4.971838130706309755e-01,1.288098910422762478e-01,3.163381860490594999e-01,4.821108564978502375e-01,8.361437406141185302e-02,4.045563029778217468e-01,7.599841187399223319e-01,3.333611449078290323e-01,7.202192031435498132e-01,3.810223983177742357e-01,7.912897451969649332e-01,5.589229596160872893e-01,8.978252554426777721e-01,5.589391797374576587e-02,3.681639217404570896e-01,8.972390793558565614e-01,6.633070151330704434e-01,5.575064908184257373e-01,5.873325099800564830e-01,6.597122749989212664e-01,7.305843654458499259e-02,2.086943820956017048e-01
6.999815190004810006e-01,2.023954288670938018e-01,2.104608973935402916e-01,7.016251346380113219e-03,4.134055081630949591e-03,1.602340079373614223e-01,1.130072291143872920e-01,1.014085899476278585e-01,1.843744423700715840e-01,4.707241133567125480e-01,1.453539437254697253e-02,7.037069655749825237e-02,4.783509142849104445e-02,1.021237881167097877e-01,5.121639926406302834e-01,3.404614670998964421e-01,3.551643836968721435e-01,3.684331776569737538e-01,1.496589984497789516e-01,5.212232857953038589e-01,0.000000000000000000e+00,4.724910585328728763e-01,1.445654323499459548e-01,2.849248870365157504e-01,5.650384480667244302e-01,2.649419220150124321e-01,3.810325752000511268e-01,2.775023507748103357e-01,5.067595758723426602e-01,1.733278160145501900e-01,5.244825978493341534e-01,4.754214521924321479e-02,2.282154665460498777e-01,1.241591730273416960e-01,8.781504507769549717e-02,2.416432555025438966e-01,1.647529028463440015e-01,1.053021452921659995e-01,7.673635017384056178e-02,4.018099068815648156e-01,2.259556988545806666e-01,1.634783556119741854e-01,1.575668613922611982e-01,1.247271506402225782e-01,1.348618583546149496e-01,6.488210694971746628e-01,2.368220316175981277e-01,6.718604138427705652e-02,1.455804779708007660e-02,1.658669632983217901e-01,2.318628790488344582e-02,1.370346262144359895e-01,2.289179381224304421e-02,2.025893228922297784e-01,4.126539468412660505e-01,1.043246803574244264e-01,1.484730270169176136e-01,3.444477742630778216e-01,4.596424417241864319e-02,1.896376549951970802e-01,4.116919982706009340e-01,2.709751819500205716e-01,3.557707458331805794e-01,1.701819139585263041e-01,3.304798464340636399e-01,7.012741940713020927e-01,4.577131534394252022e-01,4.285020471684342080e-02,2.996515822753863523e-01,5.960572670386845573e-01,3.325924924267434357e-01,3.243181305475821286e-01,3.848713202258088328e-01,4.029864000930645784e-01,2.822321803392315032e-02,4.695915320750339295e-02
