0.000000000000000000e+00,1.642856020914927051e-01,3.374899626091582006e-01,1.937002650931644032e-01,2.602768427711307786e-02,5.281814621219218520e-01,2.747650377041643277e-01,3.314408232983232505e-01,2.940597675251449550e-01,3.931342566091657886e-01,6.388386106120735874e-02,1.900775158786255914e-01,1.307884477809326818e-01,9.398162621909358916e-03,5.117264565472063875e-01,3.237503157590901903e-01,2.472855895305353657e-01,1.471383987025270401e-01,5.685801463093524966e-01,4.680348769777337159e-01,5.748413379118427757e-01,5.141969848681801070e-01,4.297948612627098264e-01,4.056819743626128849e-01,3.283766003108768428e-01,4.137417123994888146e-01,4.695998212513931569e-01,2.042424196169680128e-01,5.274579272348834946e-01,2.793653640557829942e-01,9.387908108688236553e-02,3.502989811175086232e-02,4.493280201507433014e-01,2.510434725484169682e-01,6.193107287694053775e-02,3.022836162932537873e-02,1.588380612367243372e-01,1.136028048681548552e-01,1.363875579300682095e-01,3.524539976633286886e-01,4.783671740899371194e-01,3.122829788068920767e-02,1.427525282431886533e-01,2.340455848917788115e-02,3.394920573560702981e-01,7.900571869678923997e-01,1.321149081396563729e-02,2.107685463210834387e-01,1.502988831504838418e-01,1.519809118122633362e-01,3.597695400809731159e-01,1.363542240625013613e-01,4.332368445947653024e-01,4.097694309904101884e-01,1.548441025783455771e-01,9.070880325195815330e-02,3.521625693261208612e-02,2.992992357126822989e-01,8.376071392371126079e-02,3.130517173205902837e-01,1.136990483822607201e-01,2.626458213659556007e-01,2.427217788344044891e-01,2.041663531947370824e-01,3.701360478601637971e-01,5.715247853752757345e-01,2.597262577759359425e-01,4.206622557230614845e-01,5.194743900261360459e-01,3.118031383496053799e-01,3.595441037945448781e-01,1.046688007799970455e-01,3.503806417674995011e-01,3.494180190854626056e-01,3.625843357518576671e-01,3.221732864817518638e-01
1.642856020914927051e-01,0.000000000000000000e+00,3.138924181628807153e-01,5.417867201106103814e-03,2.633580822243008490e-01,3.803928647664718277e-01,1.168086617606994559e-01,3.312124875568176474e-01,5.861168868106247931e-02,4.736457710365284401e-01,2.165093781512941185e-01,4.581017707488971302e-01,6.081753483071988819e-02,2.483697709150662347e-01,4.463739654772258536e-03,5.295525046103305433e-02,4.101776069424025728e-01,2.392148914915021574e-01,1.845213948126135095e-01,8.655438069248616584e-02,1.093759839205424855e-01,2.073868777068665903e-02,5.162916111667417152e-01,2.410993513578266745e-01,6.392476792836472299e-01,7.521629032542602733e-01,7.285315767146655075e-02,4.504093156558583444e-02,3.171758270371888289e-02,3.057642610639931258e-01,1.488720547317468612e-01,4.951745216801980293e-02,2.230503259116974613e-01,1.436092388080262294e-03,7.201989632216601600e-02,4.287906222399240352e-01,3.677019173890203139e-03,5.276930673753871259e-03,8.892639365041872523e-03,4.581240632034650484e-01,4.359888640438147611e-01,1.043454537591886333e-01,4.240136001556397971e-02,6.465427364803744137e-02,3.399483308890900446e-01,2.368572603324239911e-02,6.473145207019951330e-01,2.149170459152553725e-01,1.698091404203908583e-01,2.155970601264438069e-01,5.746884776619044510e-01,4.808839856608988494e-01,3.579703853659165214e-01,2.181073631679276148e-01,4.694465091734315587e-01,1.638580362730697737e-01,5.072049319579490234e-01,5.759071337894453579e-01,1.927351329808419944e-01,1.155482655856568397e-01,3.473745880843214229e-01,4.108732299258388010e-01,1.471595996696937747e-01,2.426864427821191494e-01,2.993824557223456750e-01,1.191926493045651902e-01,4.808129469090696162e-01,3.724785024433758251e-01,3.246445403312082645e-01,6.307287274780174480e-01,6.362206266493963813e-01,3.385486829507242668e-01,4.273585782651977416e-01,7.357985936390082360e-02,2.216101909287071514e-01,1.320645445552641184e-01
3.374899626091582006e-01,3.138924181628807153e-01,0.000000000000000000e+00,6.671660034866331440e-03,4.332529742299653375e-01,4.149407037827285150e-01,1.288867771439516086e-01,7.892192950589828060e-01,6.169584592226610154e-01,2.362487200532679410e-01,7.222260182277332463e-01,2.746121245331767380e-01,3.594979291100124374e-01,2.951731668960527188e-01,2.122786968302163568e-01,1.038313793743875224e-03,1.707726180429020857e-01,4.377484005012838297e-02,7.515535352886051346e-01,1.653165698095831471e-01,3.884766162116010113e-01,2.120618370124034979e-01,6.092808719423550290e-01,2.614629338258425140e-01,3.871199442883047626e-01,2.767970609543964899e-01,1.155818844248837629e-01,5.315290239901300229e-01,2.350726119796808788e-01,2.974045050770591780e-01,2.962867504223293258e-02,3.306678083865441931e-01,3.056779132117331543e-01,1.030103307485336489e-01,4.194273478082382045e-01,3.278393472283920307e-01,2.683358878553250282e-01,2.928003289078466853e-01,1.580759038443685371e-01,4.597170774503597790e-01,1.992103105509634708e-01,1.413827406101876016e-01,4.309456555513326292e-01,8.564472580563789461e-02,5.648492716202797581e-01,3.271566712637518082e-01,2.781653790904096701e-01,9.515236682338555907e-01,4.823482240466414606e-01,3.993336098982864235e-01,4.633882754261230419e-01,3.787560434499392947e-01,6.991425922722229735e-01,6.603313638336308911e-01,3.167879409556201287e-01,8.983447171658751618e-01,2.489096776748021544e-01,6.154844663509229097e-01,8.334682584584750253e-02,4.527260025338480931e-02,2.791946069965447474e-01,2.313931034994817226e-01,2.163021516873455119e-01,7.079870954179984244e-01,1.342585261921521722e-01,4.228482278465628408e-01,3.609956032966976647e-01,6.222724969021896646e-01,4.781284996838495172e-01,2.456989154230555250e-01,4.708234718927032936e-01,7.973738287263049118e-02,7.672345428337858930e-01,2.785905731575648026e-01,3.965494885502243161e-01,5.597594847911588345e-02
1.937002650931644032e-01,5.417867201106103814e-03,6.671660034866331440e-03,0.000000000000000000e+00,4.024882481405875900e-01,1.635477943974283921e-01,8.721117514705492568e-02,4.740722971436381328e-02,1.414487073271228704e-02,1.788300506075688190e-01,1.690078818793465110e-01,4.225886032965990302e-01,3.690038336792076934e-01,1.978312616748424124e-01,4.679838405224848175e-02,1.589799231150790249e-01,2.012479963606543798e-01,1.969478333690730665e-01,5.984091258127936103e-04,6.827549924629779110e-02,1.076078479443886571e-01,1.478112829324950417e-01,2.527203376089796200e-02,1.301867176311902463e-01,8.639579838577732263e-02,6.754950933893436038e-02,1.361410685127917297e-01,3.900711108621446876e-01,2.193082436908325716e-01,3.679060603676581054e-01,3.306910987780518063e-01,1.654043344173084795e-01,3.660928631300860436e-01,2.408009065872702970e-01,1.852453459193678098e-01,3.449593673669669180e-01,3.395763588223771889e-01,1.622430479498999101e-01,1.896035646998583402e-01,3.558072141893798834e-01,4.950663666495245391e-02,1.229042985606711158e-01,3.892389305455198900e-03,3.535334695898517676e-02,9.654249065003009389e-02,2.561074148499967174e-01,1.566086999603940044e-01,8.073156271296737241e-02,8.751570724162491266e-02,3.830252056051590137e-01,1.359168359958110028e-02,6.062023373664121584e-02,2.266411745166389824e-02,1.235805674023909839e-01,5.794111020714372284e-03,2.909926647449411763e-01,2.896636117789355147e-01,2.707733256443712461e-02,1.427138495738864976e-01,2.604988947485270545e-02,6.442303947251371010e-02,6.107731813663891396e-02,8.126055276364230195e-03,8.661725914899015555e-02,1.979922319607974046e-03,1.620207970081089521e-01,6.210175924738144115e-02,8.050099949861498627e-02,4.577324409920231763e-02,1.712123055583292530e-01,1.434802729132289567e-02,1.252082948523627337e-01,1.770952521479741276e-02,7.036537869706578630e-02,1.097218492379414545e-01,5.545876892054898977e-02
2.602768427711307786e-02,2.633580822243008490e-01,4.332529742299653375e-01,4.024882481405875900e-01,0.000000000000000000e+00,4.668314072005455562e-02,3.231770470163309872e-01,8.535280197553210546e-02,6.180137914828290890e-01,1.830050176331073086e-01,5.425879253611027853e-01,1.854149962025954945e-01,6.405788129225692407e-01,1.233793007906452133e-01,1.087807433189319772e-01,3.609412756435209646e-01,1.957333017076272885e-01,2.164120597603063911e-01,2.716372287723447521e-01,2.942370281716427671e-01,4.319884159679554525e-01,3.098682041580607116e-01,1.339591248154890224e-01,1.300931891366794158e-01,1.011223971600828803e-01,9.504057867808674009e-02,2.719955019462809709e-01,7.032043804002645615e-01,2.609984738843869612e-01,5.180403349848872185e-01,3.272231592782584575e-01,7.214954909638743308e-02,1.797159834136477785e-01,8.414840632783630869e-02,2.640574778380751220e-02,4.544570596071150215e-01,3.904797722458950293e-01,2.981055838186131846e-01,3.155579299122109882e-01,1.553142618713088119e-03,5.557623878589351696e-03,2.566854590704534950e-02,9.562440757246795653e-02,2.390722147480921211e-02,2.017432202391662432e-01,1.918604111067269413e-02,1.305391015212749306e-01,4.196372034735332823e-01,1.828073663519810821e-02,3.060007803738089560e-01,1.337891173005160417e-01,4.935326349955815317e-02,1.292197405884089045e-01,4.319197696207988102e-01,2.868295465667827782e-02,5.564332172013772837e-01,1.108423558849856300e-01,3.384347292718598021e-02,1.515514738543261297e-01,3.560680273192984302e-02,2.160902659609108545e-01,2.636940261368650451e-02,1.758748582177386277e-01,2.190055178811353698e-01,4.346596708705435796e-02,3.808728924274349392e-01,1.498631072012917842e-01,1.109369970603610311e-02,3.287319368298821654e-02,1.120967608381177871e-02,2.877659882108318801e-02,1.582712634159079423e-01,1.839992834805206645e-01,1.670044444359439495e-01,3.132324050441566421e-03,2.045582354612746900e-01
5.281814621219218520e-01,3.803928647664718277e-01,4.149407037827285150e-01,1.635477943974283921e-01,4.668314072005455562e-02,0.000000000000000000e+00,1.763990731027973990e-01,4.556777151634137657e-01,3.336388849126954992e-01,2.574930930905748871e-01,2.344788529861846493e-02,1.000988334854585604e-01,3.795883833087461690e-01,9.496349674068882418e-02,3.874469810841335016e-01,2.128631800900449844e-01,1.565344059541388388e-01,1.410219876360833957e-01,5.163285749650265988e-01,4.602139583097192288e-01,5.987919143591824422e-01,4.879861797093755782e-01,4.934749444757760006e-01,2.274783756350376440e-01,4.855469521980854686e-01,3.318702928362046167e-01,6.158342654232658031e-01,1.907849374419003929e-01,5.689987485114313959e-01,1.520032604867370130e-01,8.735093206940285071e-02,3.558943362125096543e-01,4.627470312528958463e-01,3.420014555676085394e-02,2.046651152866810763e-01,3.679867046274806208e-01,2.829844386678942100e-02,1.623521395632445130e-01,2.756167902756231358e-01,4.354724395153306560e-01,1.826491347044775782e-01,2.567469592469232564e-01,5.091545774656165424e-01,2.098887149419019493e-01,1.832608171776461958e-01,4.731942356187024967e-01,2.571840595410797015e-01,2.080767993739151556e-01,2.051383388784536743e-01,5.962249504292936597e-02,5.426019216313585636e-01,3.136236636950545664e-02,3.864650311385467440e-01,1.597962369401974558e-01,1.556823529074026491e-02,7.320531984176864571e-02,4.734223896001893417e-02,4.013059334933206657e-01,3.233976062323599687e-01,2.292888551603692315e-01,1.385791344359564581e-02,4.244837690684521991e-02,3.975948530348534515e-02,2.119922808846576578e-01,2.164224880798480133e-01,4.042113917785813970e-01,1.486838618295578673e-01,3.938726427273515629e-01,2.942286591187320277e-01,2.796357348678555343e-01,2.052221315529800250e-01,1.960679300717113049e-01,1.352026222414727252e-01,1.524931213980380007e-01,1.566032303401846681e-01,7.942936703360906070e-02
2.747650377041643277e-01,1.168086617606994559e-01,1.288867771439516086e-01,8.721117514705492568e-02,3.231770470163309872e-01,1.763990731027973990e-01,0.000000000000000000e+00,3.735480013308892788e-01,4.593616817272208053e-01,4.109963863670579864e-01,1.821657448173673588e-01,1.813867300135697247e-01,3.004267285640759844e-01,2.164084504243772022e-01,6.672931152141173272e-02,5.034307209674599992e-01,4.209805866711089362e-01,5.284253948879258367e-01,1.868539539453051290e-01,2.087390260631314109e-01,8.499966709588382963e-02,3.487104053803365966e-01,8.981809688234801414e-02,7.506910514771217291e-02,5.500240797564520667e-01,3.022059159368629677e-01,4.387391295631221655e-01,1.105801097992729076e-01,3.721925364216297494e-01,1.645026486287650413e-01,3.457093616327377439e-01,1.520696724778714259e-01,2.771838769336312097e-02,7.208439807769165264e-02,7.305473115668845163e-02,3.961974660641021106e-03,5.731057995998425914e-02,2.612229171766936586e-01,9.833463635297672034e-02,6.436620267459516875e-03,2.437651890996224147e-01,2.864539259892061596e-01,1.904378912567973869e-01,6.970272728787417493e-02,2.771114577154911163e-01,2.426758929562128353e-01,3.314090317841622002e-01,1.737023398859049161e-01,9.292390791900616287e-02,1.555526113565621760e-01,1.650397543787925358e-01,3.763278653701028764e-01,2.227321425555381929e-01,3.908685164412764035e-01,2.042448546941039722e-01,5.889265860537634678e-02,2.193498020147366667e-01,7.839393751542478306e-02,1.661178957611780804e-03,5.009096450465377187e-02,4.146407830229217328e-01,1.578718260691840958e-01,4.585989360303209250e-01,1.033530417097051624e-01,1.651421623232870450e-01,1.976328838394477427e-01,2.868924965307341202e-01,1.757434771006669838e-01,6.322551926406067002e-02,5.826522786031250734e-01,2.625727385109893897e-01,3.393578395515008950e-01,3.848489571069439730e-02,3.433309001713989450e-01,7.571366101644798341e-02,3.642203919416993063e-01
3.314408232983232505e-01,3.312124875568176474e-01,7.892192950589828060e-01,4.740722971436381328e-02,8.535280197553210546e-02,4.556777151634137657e-01,3.735480013308892788e-01,0.000000000000000000e+00,1.761866373467113611e-02,1.589898313958065801e-01,2.440818217011881952e-01,3.769326655581443641e-01,9.469851209134538816e-02,3.601420212843604585e-01,9.810979500537170273e-02,2.491429224796579411e-01,1.458787696926580613e-02,9.108368387317838932e-02,5.545705803039546744e-01,1.603902748994800453e-01,2.118805523035600102e-01,1.494529812756647535e-01,5.962890011770232146e-01,2.173306340480582743e-01,2.275827913994460105e-01,3.526062647674991779e-01,1.469864416383825922e-01,3.084573332574030990e-01,5.551548266412037469e-02,1.960779925854258532e-02,3.454534294371833236e-01,3.452510117860022043e-01,2.761870802906729039e-01,8.516719175605663716e-02,3.399452202665973477e-01,2.780028289110454409e-01,3.198752119749190270e-01,2.456392075629663663e-01,3.129163276106773361e-01,3.292474593338787781e-01,2.066330937325800698e-01,1.095810724270599168e-01,5.769295926800614982e-01,1.793287561837913768e-01,3.591918634395429022e-01,2.718419738084084103e-01,1.607476878190652880e-02,7.926664962048611818e-01,3.901462947742848630e-01,2.747763866449593473e-01,4.095763763562815241e-01,1.043166597562219661e-01,7.939066639082855703e-01,6.547505192499084026e-02,2.275384577655976681e-01,5.708301475274226711e-01,2.770943448044771995e-01,5.515530862217912222e-01,1.058680494229624625e-02,7.733344932704486197e-02,1.189520103352059710e-02,1.145740423210638015e-01,9.555726857498060556e-02,6.543427487357558192e-01,8.032183370789730548e-03,1.483092978942167350e-01,1.689236681477977453e-01,4.203065465012219559e-01,4.735797003772637126e-01,5.480829270331391556e-02,3.209523264508403750e-01,2.247916406657876620e-01,6.656227109742243186e-01,5.192372706597425669e-02,5.114467038429667545e-01,2.085127863713976126e-01
2.940597675251449550e-01,5.861168868106247931e-02,6.169584592226610154e-01,1.414487073271228704e-02,6.180137914828290890e-01,3.336388849126954992e-01,4.593616817272208053e-01,1.761866373467113611e-02,0.000000000000000000e+00,2.746677953170042485e-01,5.872245492096807018e-01,1.116279057928476759e-01,5.712169193267422340e-01,8.796425659595293045e-02,3.656952246149516306e-01,3.096694288710580834e-01,2.451427473716461525e-01,1.833435366901630947e-01,5.247732409504209938e-01,6.036931920083714598e-01,4.222940872539230339e-01,5.967502037204267529e-01,1.701605643442079541e-01,1.273539838158472826e-01,4.375326503030584346e-01,1.291007838694864518e-01,6.487366658264948072e-01,4.480520544463899579e-01,4.994328067459427589e-01,3.486401029093331161e-01,2.269051449847047930e-01,1.747840607216562814e-01,1.205523950878964884e-01,2.936664440662144215e-02,1.253429075209829546e-01,2.465749819501888984e-01,1.021122765445209024e-01,3.140529687785057478e-01,7.308623582889742232e-02,2.193627520546407306e-01,1.213383950266169187e-01,2.972632050362648826e-02,2.011774639697169742e-02,9.119724892560410190e-03,3.166911488916887008e-01,1.932520916178080972e-01,2.384894966336403577e-01,4.034032596348889332e-01,1.763729245748156260e-01,1.404007723193013701e-01,4.453013590453896997e-02,1.984139822126903818e-01,4.706590455388326433e-02,7.225003925464158483e-01,1.197480325525329681e-01,4.039390980385194063e-01,7.708180272083867135e-02,1.544971046387849378e-01,4.287929949699377519e-02,3.189260845946775835e-01,2.535654580027611460e-01,7.764294317558677327e-02,2.834074045397856900e-01,2.013687881963278081e-01,4.211155331428580451e-01,4.478859075336117934e-01,4.644164599819063932e-01,2.701582197697198207e-01,4.154126588858099434e-02,3.005017177555991958e-01,1.977940830308918818e-01,4.860789880511404704e-01,1.337342527773163203e-01,3.198713807368060991e-01,1.717142760924361689e-01,3.279994269953993014e-01
3.931342566091657886e-01,4.736457710365284401e-01,2.362487200532679410e-01,1.788300506075688190e-01,1.830050176331073086e-01,2.574930930905748871e-01,4.109963863670579864e-01,1.589898313958065801e-01,2.746677953170042485e-01,0.000000000000000000e+00,1.204976604168973564e-01,5.983000601106767125e-01,3.024362123752230014e-01,1.873781375483398598e-02,3.417862570721089677e-01,4.815722412196107305e-01,7.075711347241756544e-01,5.478307531555026699e-01,2.602008693538884199e-01,2.246513811660536264e-01,1.399540596897561051e-01,3.718188105078853445e-01,3.296149606846930924e-01,2.120377017360158545e-01,5.376037421188595289e-01,7.370573014264345524e-01,2.016710526805148285e-01,3.478955817485313018e-01,3.343182398284592072e-01,1.833099285372254417e-01,3.443451979183087541e-01,3.783024729868274955e-02,6.765581006300026845e-02,3.322593171725278238e-01,1.366153108619100609e-01,3.092592678648221211e-02,1.880102116901251896e-01,6.973720953408615864e-02,9.794438358176082993e-02,3.288828269754428546e-01,2.391544849192912825e-01,7.549863229183079172e-02,1.767213220658414852e-01,3.806260284089421631e-02,2.414118214856420530e-01,2.358356635986707528e-01,3.576205914741136249e-01,1.932078588157754850e-01,1.180545523035179539e-01,3.340772885761645883e-01,2.523097780997656803e-01,4.260959245217655345e-01,3.006727202714907787e-01,4.144159442295595186e-01,6.342172131512098243e-01,1.821732678825902230e-01,5.156605305227284219e-01,4.685678204644748712e-01,1.525654614702708634e-01,1.120732156707502092e-01,2.953613710439775830e-01,5.069477859366009476e-01,2.334204846136034017e-01,2.204012216690209580e-01,3.650663789922343749e-01,2.892422129834834599e-01,3.943806085488865687e-01,3.255172015973530342e-01,2.547683537792623798e-01,3.738100847563872176e-01,5.357186329430081440e-01,1.966867280645996363e-01,3.978084789892972761e-01,1.323928986826382048e-01,2.016546670211355752e-01,1.996343831604224239e-01
6.388386106120735874e-02,2.165093781512941185e-01,7.222260182277332463e-01,1.690078818793465110e-01,5.425879253611027853e-01,2.344788529861846493e-02,1.821657448173673588e-01,2.440818217011881952e-01,5.872245492096807018e-01,1.204976604168973564e-01,0.000000000000000000e+00,2.859325192436210639e-01,3.424181002063909074e-01,2.407727317278976209e-01,1.377615555800738578e-01,3.853615583186439930e-02,6.086264514830110051e-02,5.969670523838649379e-03,3.219076763594750923e-01,9.455653065832186899e-02,1.223472685624825973e-01,2.147967859424004811e-02,2.359214248661223312e-01,1.610983375993006173e-01,2.844935534599716820e-01,1.067743409570472146e-01,4.689463018686423901e-02,4.492746237741754856e-01,1.235164601158512954e-01,1.205290275087306795e-01,6.363533938066359696e-02,9.240238380295501264e-03,5.882353844095056239e-02,1.989380660806342738e-01,1.700033855769949032e-01,1.851102009517636982e-02,2.761730196678550131e-01,1.938638768710089222e-01,2.428232917380690192e-01,3.183423462663076409e-01,1.836996401185301830e-01,2.603810905833151557e-01,8.064387120144450583e-02,1.636819789882580090e-01,3.527872712474438011e-01,1.729193842607711917e-01,4.010566628121436938e-01,6.256898830310293480e-01,2.883517482238108776e-01,2.792077947332308185e-01,1.968545027767368005e-01,3.029558466115533921e-01,1.794607941395561235e-01,5.032788244626069663e-01,2.351316599757556358e-01,7.530518753946287003e-01,3.191662121170240618e-01,2.649002566727997054e-01,1.294210126166268626e-01,2.533415763337075743e-01,3.163561015852323632e-01,1.802397019987045379e-01,2.203174951995733877e-01,3.241750060080786922e-01,3.976877931462904914e-02,1.694846319732945528e-01,2.927883242166473554e-01,2.909784665686819261e-01,1.931328180051196941e-01,2.087729371258750244e-01,2.998582671779622677e-01,2.151233072401307345e-01,3.982987326427641639e-01,2.211134030808703521e-01,2.672118800825965673e-02,2.666282700374035808e-01
1.900775158786255914e-01,4.581017707488971302e-01,2.746121245331767380e-01,4.225886032965990302e-01,1.854149962025954945e-01,1.000988334854585604e-01,1.813867300135697247e-01,3.769326655581443641e-01,1.116279057928476759e-01,5.983000601106767125e-01,2.859325192436210639e-01,0.000000000000000000e+00,2.633163058005252855e-01,2.162038926454670773e-01,2.027119196401233059e-01,2.345459045686524302e-01,5.226312892873243854e-01,3.946838843472713076e-01,2.377966141595884986e-01,5.401013991582143126e-02,8.822263483843711951e-02,1.745137096936889565e-01,5.259439508146821485e-01,4.859109184093783340e-01,1.391325851113515699e-01,7.180490476573496705e-01,9.635916971272689979e-02,2.905403461485605021e-01,1.724094893882724688e-01,2.613638198282611791e-01,1.434867602622312277e-01,1.999835742036777941e-01,6.167990238846107753e-02,2.973784109369070339e-01,5.226091428301037067e-02,3.888571803189827536e-02,1.885493994943414631e-01,3.464300655783175698e-02,7.634800093316120029e-02,2.672402256211421356e-01,2.216725289201830762e-01,3.115602554397498003e-02,1.285057353654236179e-01,3.903184096417955384e-02,2.364334237394674076e-01,7.192551750310395564e-02,4.260556908756520378e-01,2.232279781721908385e-01,3.490836808801703883e-01,4.596300738051775081e-01,2.505615035341833274e-01,4.672576339930978317e-01,4.407215966075128666e-01,3.283628577931865800e-01,6.075199823620323070e-01,2.477158375084845543e-01,9.160007699480546828e-01,6.390495960935251851e-01,1.691473956674718893e-02,7.617077471937530597e-02,7.027823356052963211e-02,5.217162075506486252e-01,7.132605162717518821e-02,2.680151713796177781e-01,2.271563403164314487e-01,1.176387016961921023e-01,2.990990109319529022e-01,4.225786063553178540e-01,5.012496850988119590e-01,1.369955723739613718e-01,5.722356380970130552e-01,2.450258548635268416e-02,4.793464956310270475e-01,2.813532286585336273e-01,2.178260963498527547e-01,2.582974346293094581e-02
1.307884477809326818e-01,6.081753483071988819e-02,3.594979291100124374e-01,3.690038336792076934e-01,6.405788129225692407e-01,3.795883833087461690e-01,3.004267285640759844e-01,9.469851209134538816e-02,5.712169193267422340e-01,3.024362123752230014e-01,3.424181002063909074e-01,2.633163058005252855e-01,0.000000000000000000e+00,9.085921844448180407e-02,1.929458971897348440e-01,5.288970864954880557e-01,4.427008636635426653e-01,4.424871321591556383e-01,3.190942692963335547e-01,3.436165040294365536e-01,4.612326218461701988e-01,3.648933082078925638e-01,2.967059586409281913e-02,2.325476082540948175e-01,1.447754537492481341e-01,1.446836813523953436e-01,2.198025064459365741e-01,7.741056209208957428e-01,3.723406269693128601e-01,4.247825077824702866e-01,2.938021670836782895e-01,9.453043647398158555e-02,2.794558868070701196e-02,1.495588125799174606e-01,1.900407656559497879e-02,3.826542436490627530e-01,4.164016779649429845e-01,2.670551191886834652e-01,1.107897814513417456e-01,8.489595008252283359e-03,2.882193829755432674e-02,1.342646862430595944e-01,1.309131213678963179e-01,4.510611946095431646e-02,1.675492067925418993e-01,1.518894749742379091e-02,2.195767037910695274e-02,3.591975729297689490e-01,6.113088218557466424e-02,2.370431543309026168e-01,5.786743892578485871e-02,3.654843006040264797e-02,3.414301781440534644e-02,3.654789166388218713e-01,6.088576028129727424e-02,4.488292800220463619e-01,1.260751725245057853e-01,3.519860849653500545e-01,1.054435932208251658e-02,1.153041895352296953e-01,1.118060942024649007e-01,9.955644435914190460e-02,1.934179603969460315e-01,2.411289090013205016e-01,9.099129604588693243e-02,3.153088631958523846e-01,8.221189022075012232e-02,4.207796842614011656e-02,1.146574028087460340e-01,4.295341532150601105e-02,3.924713913734589887e-02,3.876281124486301299e-02,1.874235182393355070e-01,1.203268539481772703e-01,5.136460864471640436e-02,1.563136370198077718e-01
9.398162621909358916e-03,2.483697709150662347e-01,2.951731668960527188e-01,1.978312616748424124e-01,1.233793007906452133e-01,9.496349674068882418e-02,2.164084504243772022e-01,3.601420212843604585e-01,8.796425659595293045e-02,1.873781375483398598e-02,2.407727317278976209e-01,2.162038926454670773e-01,9.085921844448180407e-02,0.000000000000000000e+00,1.688895844765262999e-01,1.541524569837935399e-01,1.656379190816505836e-02,5.060645362346032072e-02,6.650287208229238578e-02,2.063702624803669949e-01,1.148760138060229280e-01,1.323003077636027425e-01,2.206389705488815967e-01,2.657539708602243422e-01,1.691359265035482784e-01,1.112673953084552664e-01,1.906645083692336540e-01,3.558614130012046628e-01,1.074643200355351602e-01,2.530532557443166408e-01,3.961278893542563573e-02,1.686988826291480753e-02,1.155856739949970291e-01,7.534167696476978815e-02,1.929387233055405160e-01,3.003580895133479700e-01,4.143930397058042114e-01,2.792905363443385358e-01,7.720908608202398105e-02,1.236875031176354195e-01,1.330068945278243264e-01,1.403493318405978352e-01,4.485163307545430578e-01,2.066394334412192113e-01,1.947409556230161876e-01,1.822031609541571034e-02,7.741055489693926539e-02,3.411994833603893551e-01,1.588256234473161832e-01,2.647122411461604319e-01,1.696822237915917853e-01,1.773511353257341272e-02,2.992092381428033132e-01,8.695261297513179333e-02,3.877366231705543786e-02,4.273038816141238039e-01,1.946016969033545485e-01,2.221609747661766610e-01,2.259642574733108089e-01,1.463729963502012621e-01,1.050185992267031326e-01,5.883854331587212716e-02,2.956689272625187548e-02,1.820112774978694115e-01,1.018442203136388224e-01,9.044449237327513436e-02,1.046491803880310323e-01,1.358088753302498508e-01,2.263952926130050336e-01,2.455423591782145143e-02,1.695345568254914004e-01,9.522222328941455649e-02,3.897019007661030043e-01,3.395482303688653059e-02,3.481462344795867581e-01,1.019718696589278634e-01
5.117264565472063875e-01,4.463739654772258536e-03,2.122786968302163568e-01,4.679838405224848175e-02,1.087807433189319772e-01,3.874469810841335016e-01,6.672931152141173272e-02,9.810979500537170273e-02,3.656952246149516306e-01,3.417862570721089677e-01,1.377615555800738578e-01,2.027119196401233059e-01,1.929458971897348440e-01,1.688895844765262999e-01,0.000000000000000000e+00,2.014110079427585687e-01,3.215754482619342935e-01,3.426654436148952043e-01,3.855327781765885420e-01,7.438682751057601461e-01,4.861411298066315445e-01,6.971249730817478119e-01,2.381495110793140357e-01,3.166834643792455495e-01,2.846232742806872329e-01,3.159594162316011201e-01,4.780687331245304650e-01,4.037400752081360400e-01,3.541234347017835349e-01,3.907940804406625501e-01,3.671830693500636733e-01,1.183254423047070264e-01,1.088995189159550347e-01,2.174766612290178758e-01,8.715970223943354800e-02,2.994039880986932856e-01,1.685542873614915282e-01,1.168389048016330589e-01,1.683852875644140379e-01,1.573052602769429986e-01,3.373221576603250282e-01,2.228002283865209709e-01,8.235677894597259741e-02,9.208059287440066576e-02,1.584415861692568539e-01,4.271169675960487799e-01,1.775647266015314973e-01,1.621793487895254737e-01,9.588359313144655116e-02,2.252516002939054796e-01,3.464850812634846511e-01,1.397928732597678303e-01,2.779638622031126438e-01,5.762530467744180207e-01,1.082162775767450402e-01,2.944217242287117120e-02,1.439146681755698598e-01,2.256167311512619622e-01,1.127603480265665092e-01,7.345821920127317828e-01,1.948848080873050725e-01,2.508948120579076457e-01,3.162104161000307001e-01,4.149066686345687094e-01,7.152278752268976802e-01,5.265607393447513385e-01,5.845549459096623934e-01,3.609712568819392620e-01,3.080568964557980349e-01,2.246265096909514647e-01,3.355535778507777733e-01,4.391470034281899082e-01,3.524727942329161645e-01,2.808048533772494193e-01,2.955766266299413858e-01,2.700753095429176964e-01
3.237503157590901903e-01,5.295525046103305433e-02,1.038313793743875224e-03,1.589799231150790249e-01,3.609412756435209646e-01,2.128631800900449844e-01,5.034307209674599992e-01,2.491429224796579411e-01,3.096694288710580834e-01,4.815722412196107305e-01,3.853615583186439930e-02,2.345459045686524302e-01,5.288970864954880557e-01,1.541524569837935399e-01,2.014110079427585687e-01,0.000000000000000000e+00,6.593269930583316452e-01,6.032743839314925749e-01,1.554048071691187527e-01,4.183231282143098362e-01,3.852886936607226587e-01,4.692045899827047006e-01,5.149086835363066161e-02,1.017340742851702146e-01,2.559106014653459993e-01,1.997450902645516169e-01,3.799087963681038738e-01,5.329969261753130239e-01,5.861281521440975251e-01,5.316255888904661830e-01,6.973948189730908576e-01,3.217982292188063115e-02,1.868461829912729244e-02,5.045028066415633283e-01,1.779970421548863202e-01,8.954282617231765218e-02,5.020010120201033599e-02,1.546152336582430065e-01,1.986141252426441156e-02,4.598633402494675670e-02,3.757341330699657256e-01,1.014045664346698017e-01,2.372620367218367110e-01,1.312377399000320688e-01,1.860727645394896212e-01,2.802666157306373806e-01,5.421531585960318034e-02,8.318223566013174808e-02,1.087873285975341775e-01,9.787592183276044855e-02,2.899929662194336566e-02,1.522700928489010563e-01,1.077090222489574534e-01,2.779974075378394138e-01,1.165608681128737223e-01,2.455924332962382273e-02,1.312424994660943249e-02,1.281451666556666646e-01,1.108371054669481798e-02,1.834706183687127568e-01,3.932600138953817326e-01,3.605336876031358662e-01,5.733966796708935831e-01,6.090073095228218381e-02,2.190482119423722840e-01,3.094677807360209920e-01,2.357198598513368104e-01,1.595924240731563110e-02,7.784823875336741028e-02,1.865470003504794139e-01,1.014371179772745324e-01,2.037678459098442030e-01,1.242367891683913150e-01,3.925434038779098689e-01,1.918658763387892652e-02,5.514074964798698630e-01
2.472855895305353657e-01,4.101776069424025728e-01,1.707726180429020857e-01,2.012479963606543798e-01,1.957333017076272885e-01,1.565344059541388388e-01,4.209805866711089362e-01,1.458787696926580613e-02,2.451427473716461525e-01,7.075711347241756544e-01,6.086264514830110051e-02,5.226312892873243854e-01,4.427008636635426653e-01,1.656379190816505836e-02,3.215754482619342935e-01,6.593269930583316452e-01,0.000000000000000000e+00,7.708446806504122284e-01,1.925699684674126999e-01,3.037927660123094231e-01,1.217171419708000801e-01,3.799771405667908275e-01,1.494634300090759982e-01,1.531672972884415285e-01,4.413748979170668552e-01,6.134830214129027848e-01,8.787091829000234777e-02,3.283787193682185523e-01,3.642307896743219864e-01,2.029659589136354747e-01,4.609262181139804349e-01,1.266521784528120143e-01,2.063618493789196040e-02,4.249858498261177564e-01,1.229056888462784145e-02,1.019973810414450954e-01,1.909100220824024030e-01,1.194893825735634796e-01,3.985686819091610600e-02,2.154047597828397664e-01,2.790685503221450592e-01,6.041555336050710712e-02,9.901836604172711831e-02,4.229676340656615685e-02,2.413583923850278201e-01,1.616278249023112845e-01,1.926462052025674498e-01,6.541593196820799649e-02,2.225334926339678915e-02,2.873299939660167723e-01,1.843839497581435116e-01,3.729130850989196833e-01,1.330575231912906331e-01,4.167507540183800208e-01,3.924785156470580461e-01,1.384603921055620468e-01,3.296831624795106275e-01,4.714614763681385101e-01,1.659527195704308400e-01,1.731955128577908065e-01,3.694632308165855528e-01,5.250097374114323090e-01,3.609516589780484841e-01,2.093240853152152636e-01,4.028829755142353530e-01,1.447416386355499518e-01,3.580384556670327956e-01,1.510882521566107584e-01,1.069967797162273832e-01,2.271705595714385573e-01,4.404219952957125206e-01,1.953604170303503973e-01,3.613154742129234265e-01,2.179443420813220456e-01,1.350422134959801124e-01,3.457379960824651377e-01
1.471383987025270401e-01,2.392148914915021574e-01,4.377484005012838297e-02,1.969478333690730665e-01,2.164120597603063911e-01,1.410219876360833957e-01,5.284253948879258367e-01,9.108368387317838932e-02,1.833435366901630947e-01,5.478307531555026699e-01,5.969670523838649379e-03,3.946838843472713076e-01,4.424871321591556383e-01,5.060645362346032072e-02,3.426654436148952043e-01,6.032743839314925749e-01,7.708446806504122284e-01,0.000000000000000000e+00,1.638568568973089723e-01,4.784355117422230408e-01,1.077610347175150252e-01,5.120311990677972602e-01,1.046468765193858397e-01,7.417027566794193172e-02,3.287925999854396930e-01,4.324860676463777587e-01,2.375380021213767123e-01,2.899896811642537764e-01,3.495418232925256441e-01,4.050678242697367537e-01,4.565258458095530769e-01,2.287534360825513036e-01,9.800500034042508579e-03,3.022880631022745734e-01,7.670567627367073926e-02,9.015936058702636591e-02,8.844407936424086847e-02,1.156170932971021109e-01,1.111682562989817769e-01,9.543775910443597077e-02,3.334290065458317409e-01,1.096130646737502046e-01,1.040657945120588013e-01,5.852660438016142608e-02,1.841084259001141699e-01,1.518121677042431339e-01,2.226559060932811751e-01,1.064953681548266862e-01,3.448643381148001549e-03,2.554142295509980731e-01,9.059859518757279462e-02,3.015316156691070226e-01,8.776923281673201793e-02,3.610948989781337382e-01,2.734569623066852029e-01,3.878397491756416238e-02,2.395078942147741141e-01,3.383622278219294843e-01,1.165201739496779521e-02,2.387659592994952062e-01,4.369775531848070216e-01,4.430746921938820138e-01,5.865516893244890895e-01,1.127201045422423498e-01,4.482399621457603955e-01,7.025081797891230551e-02,4.338256207355048466e-01,9.560113378528344030e-02,9.584051481642386072e-02,2.735496634743114774e-01,3.238798113300833115e-01,2.927896780801422238e-01,2.792254717929495977e-01,2.254443832570758866e-01,1.202636647925977298e-01,3.622799510032865267e-01
5.685801463093524966e-01,1.845213948126135095e-01,7.515535352886051346e-01,5.984091258127936103e-04,2.716372287723447521e-01,5.163285749650265988e-01,1.868539539453051290e-01,5.545705803039546744e-01,5.247732409504209938e-01,2.602008693538884199e-01,3.219076763594750923e-01,2.377966141595884986e-01,3.190942692963335547e-01,6.650287208229238578e-02,3.855327781765885420e-01,1.554048071691187527e-01,1.925699684674126999e-01,1.638568568973089723e-01,0.000000000000000000e+00,4.230252685464226947e-01,4.637891252575949697e-01,4.757473624678111301e-01,5.068328427378362422e-01,2.806492037305492460e-01,4.330323917671551892e-01,3.453594634912753314e-01,3.377544852090273442e-01,4.545762491600096045e-01,3.876265331916421975e-01,4.562883954615292170e-01,1.076226439190424156e-01,3.105913397381479535e-01,4.341009071214741999e-01,1.179464802191337036e-01,2.613870030198330863e-01,4.055394160788883262e-01,9.004494138898079536e-02,1.182283780971017662e-01,2.413644526568522464e-01,3.669947362706859617e-01,3.300174985278738204e-01,1.246853606515724300e-01,4.670532427766159733e-01,1.357120410100139674e-01,3.766867333873349377e-01,4.888672715093017596e-01,1.754413911956498873e-01,5.963148065469605630e-01,4.903640128767711159e-01,3.392423141918238239e-01,4.461896107868198458e-01,3.100595317913972249e-01,5.100191590888497606e-01,5.912902986260131222e-01,2.445223329618633201e-01,4.423868935528218471e-01,2.011674706494837039e-01,4.997400140322394435e-01,1.750142791427369560e-01,1.983831643649188181e-01,9.295752183747159336e-02,2.511010435078658287e-01,2.663111399575487370e-01,6.952907176189548899e-01,2.667930423270286622e-01,4.510597822899716225e-01,3.410601004041800555e-01,5.232910524594045487e-01,4.379172659306625470e-01,2.649845524650067397e-01,4.639504379397952905e-01,1.210071321817510759e-01,5.901510069323870900e-01,2.556214146632487250e-01,3.817048044036167043e-01,1.815368519138093606e-01
4.680348769777337159e-01,8.655438069248616584e-02,1.653165698095831471e-01,6.827549924629779110e-02,2.942370281716427671e-01,4.602139583097192288e-01,2.087390260631314109e-01,1.603902748994800453e-01,6.036931920083714598e-01,2.246513811660536264e-01,9.455653065832186899e-02,5.401013991582143126e-02,3.436165040294365536e-01,2.063702624803669949e-01,7.438682751057601461e-01,4.183231282143098362e-01,3.037927660123094231e-01,4.784355117422230408e-01,4.230252685464226947e-01,0.000000000000000000e+00,5.356546569063587171e-01,9.657468298765320425e-01,7.400204280477273855e-02,3.750857583447278487e-01,4.103780684528620659e-01,2.087976950828440148e-01,6.988853842126951932e-01,4.290866443871017011e-01,4.994245855870751427e-01,4.604707458735227132e-01,4.159956370812762372e-01,1.734825644061533528e-02,1.108275755887835751e-01,1.797896638201028630e-01,1.208362644685814086e-02,3.097901757041737758e-01,3.126232066939303722e-02,2.168568104074085068e-01,2.110616595565381060e-01,1.189026428428135995e-01,2.508212019579119101e-01,2.875802556183271741e-01,6.462223588744070435e-02,1.198933708580615098e-01,2.061105330131373925e-01,3.902328973029763892e-01,2.845316421776425964e-01,5.895152810864262571e-02,1.151473635205719215e-01,1.305959393543221214e-02,3.187065830770456909e-01,3.735643228309901143e-02,2.174601481268864656e-02,5.950273902915058644e-01,6.637701876523136035e-02,4.145549443373969245e-02,2.585991420458511048e-02,1.151795553481984591e-01,2.717196833465246320e-01,6.397492450322783686e-01,3.456311939725148497e-01,1.252933345212914329e-01,4.454627673626405659e-01,2.877849615017225582e-01,8.159434473350671846e-01,5.412225211900600907e-01,6.454304933115853071e-01,2.626386117137796683e-01,2.373082117212856335e-01,3.509611380709448114e-01,2.175968938132866459e-01,6.384329340966956590e-01,1.379118039940787077e-01,4.421629217588955441e-01,1.301577487308030745e-01,3.860669438435863077e-01
5.748413379118427757e-01,1.093759839205424855e-01,3.884766162116010113e-01,1.076078479443886571e-01,4.319884159679554525e-01,5.987919143591824422e-01,8.499966709588382963e-02,2.118805523035600102e-01,4.222940872539230339e-01,1.399540596897561051e-01,1.223472685624825973e-01,8.822263483843711951e-02,4.612326218461701988e-01,1.148760138060229280e-01,4.861411298066315445e-01,3.852886936607226587e-01,1.217171419708000801e-01,1.077610347175150252e-01,4.637891252575949697e-01,5.356546569063587171e-01,0.000000000000000000e+00,5.156495332876248616e-01,5.730154482886412604e-02,2.530235500845191554e-01,2.504964194861159510e-01,1.814823229085510414e-02,5.413726073401081695e-01,6.118834575649371166e-01,6.073597247376913977e-01,4.023118907625721219e-01,2.481316925980783239e-01,2.357001074765013582e-01,2.213253937833844220e-01,2.134545206323150701e-01,2.074685532818308087e-01,4.157036329140343933e-01,1.655309089763810637e-01,1.952839990359109823e-01,4.279265598408398680e-02,1.993355182720754071e-01,2.859167252714583385e-01,1.688982537728692945e-01,2.063287789987706955e-01,7.890942008181023315e-04,2.805953851590033410e-01,4.449942226229204878e-01,2.357858667232592964e-03,4.304141808422082827e-01,2.840226279616391361e-02,6.898809132361642671e-02,2.434256934293639041e-01,1.220457322671001932e-01,2.814761344977581015e-01,3.268630561387148026e-01,2.440583112966473456e-01,3.157050956691311860e-01,2.496573138431311123e-01,4.058546978773439062e-02,1.485734365051903094e-01,3.702171043250588323e-01,8.114999438715145286e-02,9.499687943370202503e-02,8.141793143460460125e-02,3.498684061571442072e-01,2.251212626088307245e-01,7.452628284577912376e-01,1.719120160420819499e-01,2.278095787823016805e-01,3.161220886605181635e-01,1.244849854409468826e-02,1.500469274274979226e-02,2.040130332920783163e-01,2.007707572667012386e-01,3.606512125104813782e-01,1.661846219467272845e-01,2.379042709556326851e-01
