0.000000000000000000e+00,1.250723947760806753e-02,2.334958956081410741e-01,3.165903677107419489e-01,9.399013025020676315e-02,3.143880799223806588e-01,8.117602644883237240e-02,1.983464490921070522e-01,1.354327789915224789e-01,2.907833007175031348e-02,8.305569906412982317e-02,1.015989413180049122e-01,1.695178500256254162e-01,1.474265221584607766e-01,5.956037273904130069e-02,1.689441826182571105e-01,7.684759778817690234e-02,3.426808439597012201e-01,7.974486891427218227e-02,1.055589825488381095e-01,2.822203947910023603e-01,2.173213198193468809e-03,7.044823357586299517e-02,4.380250026893871551e-01,2.331008870233930996e-01,1.831365861428710107e-01,3.305243804229548998e-01,3.309696625324951014e-02,3.352682113956420573e-01,1.979876210788583113e-01,2.577437335357879444e-01,8.508097511033485549e-02,1.681050948707380477e-01,1.211772083922843524e-01,3.236661184277769832e-01,1.235105904186506315e-01,2.488423985483733947e-01,8.712020487910826505e-02,3.045955032522047468e-01,5.324652941578112975e-01,2.334291981430703378e-01,6.490002381472778636e-02,4.212772510656984798e-02,1.077836106635732816e-01,1.787229164682213600e-03,6.986235140409845501e-01,2.365867853212146044e-01,3.401360150523047854e-01,1.819832270915303640e-01,3.272217696552125465e-01,2.211618138354117247e-01,2.278156138991632718e-01,8.866009125006753255e-02,5.220112410818947279e-02,1.074516171895179562e-01,4.925521749508990355e-02,1.613589103978401718e-01,5.649010439791443683e-02,8.385768266329615694e-02,3.196725603804971838e-01,1.549022427969472815e-01,1.640208567206236090e-01,3.808040650005650174e-01,8.584858413027604551e-02,3.722744676168127098e-01,4.462578186092984733e-01,3.004512094897037189e-01,2.126211775111382096e-01,4.193401511490230105e-01,2.556525360560613080e-01,2.168512684556539449e-01,3.966858097151923501e-02,4.107417541074648848e-01,5.575983460660620672e-01,4.023500314254488397e-01,2.310188771344500736e-01
1.250723947760806753e-02,0.000000000000000000e+00,2.129693119798391487e-01,9.032756678581282950e-02,7.435672943568875926e-02,5.520637711347051724e-01,2.155345248177686635e-01,2.305578006587322148e-01,3.896043769723797623e-02,1.654466443263365449e-01,2.289113284510629898e-01,2.825550842337023472e-01,7.435893514960784101e-02,3.576762343310734282e-01,3.975602741351161318e-01,3.693919989602578169e-01,1.580482371798319630e-02,5.091714150338191303e-01,2.853187518535188483e-01,6.853410836948607976e-01,4.604378045800572861e-01,6.848268408887773218e-01,3.333807678944878394e-01,4.087011458808702535e-01,8.095966368902136612e-01,9.300424682541144072e-01,4.537026533920909266e-01,5.022767397744418716e-01,4.088002126109385737e-01,3.425380584174973764e-02,1.862599261928531980e-01,1.189713870825156311e-02,2.497711283330153187e-01,2.295532316247383409e-01,3.394695558791254730e-01,1.699649068688824927e-01,1.758632862340415298e-02,2.755410473201930222e-01,1.066182447696324143e-01,3.636043202048878653e-01,2.248889334725552580e-01,1.215576636243943520e-01,1.981042453752061006e-01,1.137452338911852656e-01,4.136799350358542626e-01,1.155926882435341918e-01,7.280416090388515116e-01,2.459254472971377226e-01,1.321765280434322176e-01,1.362126844679601434e-01,9.023858039014720500e-02,3.383830976455027839e-01,2.576437961836489099e-01,2.241948459070979838e-01,4.639796204859979456e-01,2.804993041811553733e-01,3.049928919818672979e-03,2.536226437602158712e-01,1.739970901561879446e-01,3.654784892644715177e-01,9.138837409315425653e-03,3.867507633624959196e-01,2.604486964374975178e-01,2.700959628565183235e-01,3.640898779599878177e-01,1.859043156288506804e-01,5.941435322832246957e-01,1.806663068247010839e-02,4.078364229550190401e-01,3.134668490473230817e-01,7.353130827178924189e-01,8.813908964941097324e-02,2.426212064255844625e-01,9.393077051425197110e-02,3.740403245578379776e-01,7.798136869110557090e-02
2.334958956081410741e-01,2.129693119798391487e-01,0.000000000000000000e+00,4.152435380191908665e-03,2.953106061766146984e-01,1.532444610842539912e-01,2.300542268170632787e-02,2.220029163919869097e-01,3.170036586195308370e-01,2.525851902873759158e-01,5.756962326902160809e-01,2.221751892755239322e-01,7.222927157846892321e-02,4.921437794789074172e-01,1.841219705716930499e-01,8.292929719060697369e-02,2.389361336186998086e-01,3.203529271290042058e-01,4.581301453120872891e-01,2.872388918584059536e-01,2.154962965621065041e-01,2.380060803738012210e-01,5.303261505485961091e-01,8.043268932267737259e-02,2.085223059801322720e-01,1.637344210270705591e-01,4.081264455540541403e-01,1.084121875618181963e-01,5.535690384600597258e-02,6.749448826793452705e-02,1.257279976288677714e-01,2.534229838800981793e-02,1.468878964771237750e-01,9.995846162854929440e-02,5.854178815390313068e-02,2.209084376413580353e-01,1.398450203188176394e-02,3.566209278733079024e-01,1.635757962904190732e-01,1.826041077328622447e-02,4.805063196099919332e-03,1.723148957652859137e-01,1.690446073457113618e-02,1.697617291237078774e-02,2.418455799131839778e-01,9.262924652033666106e-02,3.202376362646955910e-01,6.214392147529860244e-01,1.233531853559952929e-01,4.533479763892203085e-01,1.354370942440225045e-01,1.377610652932502455e-01,3.635037612133905083e-01,3.393690073050612543e-01,1.626363434644639283e-01,5.729589239259867961e-01,3.066594890416315389e-01,2.085691136130359835e-01,1.227334171528334794e-01,1.736718266606284700e-01,2.206020475927453206e-03,1.472207214565770528e-01,1.769875370539536474e-01,4.687758400584272067e-01,9.673706913265306406e-02,8.794627518955150380e-02,2.423976345543589761e-01,2.633949307128526374e-01,1.256229989346720199e-02,8.086071312407386302e-02,2.098841667485892015e-01,5.070949475099573167e-02,2.002200398876184673e-01,2.085650286954492394e-01,1.158624694593718418e-02,2.564872379948536785e-01
3.165903677107419489e-01,9.032756678581282950e-02,4.152435380191908665e-03,0.000000000000000000e+00,3.852904406080079336e-02,2.658087458263802896e-02,1.933745126470374220e-01,1.871698977170983824e-01,9.166971857836977988e-02,2.911759548576693390e-01,8.868804879990707657e-02,4.163488532135638243e-02,2.221262130079189878e-01,1.638080061525744868e-01,2.081016696759613316e-01,1.297334234222792260e-01,1.880825002249437716e-01,9.677013589879671085e-02,3.171428458524724880e-02,9.603077086698903753e-02,1.347233753363598907e-01,5.226900759527249030e-02,2.525805661529973434e-01,2.829062097317711633e-01,1.137642385975768666e-01,1.004601644392384141e-01,3.893877519922678276e-03,2.960750307476007759e-01,2.004110613646542804e-01,1.729382556796435211e-01,2.537497245768096654e-01,2.693836165522003334e-01,3.942921867889637166e-01,1.956447602942629760e-01,2.620775418870959772e-01,5.023273014084941313e-01,2.295904855375852371e-01,7.744094429373689359e-02,3.952538918975998516e-01,3.690491624829465578e-01,4.062645429817503956e-02,6.753879062912987452e-02,3.042718146266996937e-02,2.631251364122274561e-01,1.525457429280751287e-01,3.602764819161954346e-01,4.341293133768488882e-02,1.467014185004413274e-01,5.882585254934964425e-01,8.273460305676288984e-02,5.409266493864761660e-02,1.934998961022300901e-02,1.315853723646486229e-01,7.691490393628418187e-02,3.074348822399174397e-01,7.704071742869567085e-02,1.565565136455748796e-02,3.328101453479477834e-01,1.552928196148525286e-01,1.360702359351375623e-01,5.660340055184935604e-02,3.981771903014313940e-01,1.363412168738608599e-01,1.480384299710045259e-01,1.092019229496060118e-01,1.204696492365836397e-01,6.331419983594328837e-02,1.679286031245383615e-01,3.688083018152912285e-01,2.335585349505672759e-02,9.606210831721113952e-02,1.442314333818604521e-01,1.341310492058523096e-01,2.274557333681284099e-01,2.414878933319407894e-01,1.482488170329036015e-01
9.399013025020676315e-02,7.435672943568875926e-02,2.953106061766146984e-01,3.852904406080079336e-02,0.000000000000000000e+00,3.834306448838900594e-02,3.920518507443558343e-01,5.442953828657781656e-02,5.267686634412143132e-01,2.069731470257388239e-02,5.463559762511894791e-01,2.859163984569196293e-02,1.497540212996705256e-01,1.243688780824815099e-01,1.603718771477055383e-01,1.291284434077322185e-01,3.872010331168432296e-02,6.247344130943492668e-02,2.998177826793252398e-02,8.684880971923131243e-02,3.220890525947839311e-02,6.887211344219149045e-02,1.101425082547428103e-01,3.680217846986481162e-02,2.152136413291999562e-01,1.641264500656405834e-01,3.031352773123568989e-02,6.831371129622371141e-02,3.752482814751711970e-04,2.795361118949105106e-01,3.512412837924819287e-01,2.543232456094948746e-01,2.923358419722860702e-01,2.465944458230818204e-01,8.886591672321264568e-02,5.542439135587973187e-02,6.477758677165262879e-02,2.355286535142745996e-01,2.885040146753883317e-01,2.610638462250484959e-02,6.012433468486059335e-02,1.546453731795987413e-02,2.369739092304837258e-02,4.494684014161899610e-02,4.157019604840141158e-02,4.437437738325587799e-02,4.885579635536427962e-02,4.186983553101806255e-01,1.369403382084659060e-01,2.924337699537962743e-01,1.541278803731310210e-01,3.744430249920828735e-01,7.002813490788875606e-02,2.659611611083428917e-01,5.732944216742411059e-02,6.235307538401674288e-01,1.260391412607242412e-01,7.338169786865500477e-02,1.680322795466860364e-01,1.159067112666667398e-02,1.731691928268477843e-02,6.219500597308187662e-02,4.822532205559425245e-02,1.427624648753207937e-01,1.759739042347163995e-01,5.705404616935927375e-02,7.724034446001337706e-03,1.223456324635025794e-01,4.487288106964069934e-02,1.892452175060430619e-01,1.155552682776846973e-01,1.265551087525804419e-01,6.306871327761862100e-02,1.637047442873489633e-01,1.327325912247441508e-02,1.842257570895043661e-02
3.143880799223806588e-01,5.520637711347051724e-01,1.532444610842539912e-01,2.658087458263802896e-02,3.834306448838900594e-02,0.000000000000000000e+00,1.105231051710683920e-01,4.073776595007871371e-01,3.406037124549055606e-01,2.241434910027519933e-01,2.686277626398048124e-02,4.886752027206104909e-01,2.845729805295957870e-01,4.315650279761262809e-01,8.629512661349456049e-02,2.045487837359087901e-01,3.851728985133244243e-01,1.279198142682990702e-01,2.667098298676970902e-01,1.392212280446640804e-01,4.511801187320014228e-01,7.709967910932280510e-02,4.153458173271991072e-01,2.208509567416713781e-01,6.453503953098627122e-03,4.572833591285365706e-01,5.196650217176936870e-01,1.989911561230090498e-01,3.154453197443223833e-01,2.051292033551960770e-01,1.318557863630474836e-02,1.151395997440470553e-01,1.896027844839551224e-02,2.597799294566996431e-01,2.482250241559487147e-01,2.684408369666728134e-01,1.022259165547220600e-01,3.774645342643951906e-01,2.650645669326361920e-01,1.343038748829109563e-01,1.387446505990467260e-01,3.386389557012033924e-01,4.868072191089069245e-02,1.149967471836313981e-01,1.803108352108670487e-01,3.751264494783229653e-01,4.393674482583593832e-01,5.566441584188863700e-02,2.013041058247150572e-01,5.591355866663709484e-02,3.171434114657646353e-01,1.379861395453430006e-03,5.750964934537037276e-01,1.129312703126985618e-01,5.335448115689954418e-02,2.006754951282269939e-01,4.933610472193556418e-01,3.173491388398076984e-01,2.774376443572520445e-01,1.973275892259818143e-03,7.541676664098767580e-02,6.103488902952577955e-02,7.128529302237837650e-02,1.747682007684024375e-01,7.838614028511411980e-02,6.778038991704121718e-02,2.772679432725382309e-01,3.167980115754432391e-01,3.476435290135443390e-03,4.064488324796730612e-01,3.269817707667226347e-01,1.043618595969479923e-01,1.077385770138118010e-01,5.465071956825390265e-01,1.473201002715207597e-01,2.223026135013958515e-01
8.117602644883237240e-02,2.155345248177686635e-01,2.300542268170632787e-02,1.933745126470374220e-01,3.920518507443558343e-01,1.105231051710683920e-01,0.000000000000000000e+00,2.547864457802319071e-01,5.759057346208673600e-01,1.121009053257391308e-01,9.108742691094356969e-02,8.549657170606239642e-02,4.524342811048252533e-01,3.003800428587853899e-01,6.224185037617911975e-01,4.551144908106471432e-01,8.624339112730783352e-02,2.204084766614330948e-01,3.014279801495151068e-02,7.169212337815249469e-01,2.877377905824188842e-01,7.216230157296730230e-01,4.526270762077752585e-02,4.859532151664409244e-02,1.898492019272648434e-01,3.678877742300951104e-02,3.479364327915027699e-01,3.148329936380642735e-01,3.902826244426869096e-01,4.573346123322299950e-01,2.634682860435683116e-01,3.203373925944540956e-01,4.784829646547701931e-01,1.904056370627102424e-02,2.064540257704984838e-01,5.949980370610566394e-02,1.360302975237193124e-01,1.399876035643818628e-01,2.983073432749640541e-01,1.101186969539140192e-01,2.578873965409158586e-01,1.835771121161459130e-01,1.119152490502837161e-01,1.219983018174337769e-01,1.907571621226011871e-02,2.873228049731865186e-01,4.109581449994866853e-01,1.778282277410971612e-01,3.873376296525393725e-02,3.692230287139059430e-01,1.520507011696679012e-01,5.007679314817446992e-01,4.142431061997046970e-02,5.332500002177835707e-01,1.906969560434323974e-02,1.680298775930109678e-01,1.677454508853494508e-01,3.431603084503672685e-01,2.196185592027163624e-01,4.987426057374403365e-01,1.715731061908531974e-03,1.336519629721670543e-02,3.076585592913215206e-01,2.680052005396298398e-01,4.057630023276543318e-01,2.818644212151283357e-01,3.457533592666393041e-01,1.316411005239624121e-01,1.400827444124488341e-01,1.968573700133506021e-01,1.602925426841996515e-01,1.188872119396300886e-01,1.029092093145095171e-01,1.432579376881568667e-01,3.272685798665608270e-01,1.467007592185369247e-01
1.983464490921070522e-01,2.305578006587322148e-01,2.220029163919869097e-01,1.871698977170983824e-01,5.442953828657781656e-02,4.073776595007871371e-01,2.547864457802319071e-01,0.000000000000000000e+00,3.311549906748793015e-01,4.878689601523930608e-02,1.969330754406679318e-01,7.067942852759179218e-01,4.752383877572725623e-01,1.457385064338137526e-02,3.130676024421649162e-01,2.796907870661889950e-01,1.176144661050546325e-01,7.624942805925646883e-02,1.509366024194969957e-01,2.325978807365248202e-01,1.653463210766012437e-01,2.301611608387768015e-01,6.131753100543121393e-01,6.467414493884546811e-01,1.527086572509897544e-02,3.972694921862721107e-01,1.917421475445422185e-01,2.883477243233192877e-02,4.950466085069643585e-01,2.292834846839054141e-01,3.697901861458016692e-01,2.328304955917488706e-01,7.863754682478694968e-02,2.305165778075921046e-03,1.061408475137038121e-01,2.140165635443296577e-01,1.256465190189359205e-01,1.713902410272982180e-01,2.732200050982965811e-01,2.324985819869757608e-01,6.746232813936724193e-02,1.628781456962402341e-01,1.095423354982681674e-01,7.927137874637059378e-02,1.446223227670191402e-01,7.323366445982973372e-02,3.491101305820262790e-02,3.834623801706929513e-01,1.452762706507738366e-01,3.219491638006741763e-01,1.195593342678895610e-01,1.122936810389091183e-01,6.379775152834511465e-01,1.274960664612800054e-01,5.192594337761856360e-02,3.291140765275031299e-01,4.816836535632983418e-01,3.519599489769722478e-01,1.786996695869544349e-02,2.644236135872878313e-01,4.474824445294333097e-01,4.979512100475258496e-02,4.917931804424859055e-02,8.859573136730941600e-02,2.026035671011272299e-01,5.853738628434831948e-02,9.800505044711148306e-02,3.969461005046185376e-01,4.013818285772154937e-01,1.049208162046870105e-02,2.125381118400270497e-01,3.550269849821389712e-01,2.483672980111216455e-01,2.906979355625445294e-01,3.878167176250512521e-02,1.729167530233574057e-01
1.354327789915224789e-01,3.896043769723797623e-02,3.170036586195308370e-01,9.166971857836977988e-02,5.267686634412143132e-01,3.406037124549055606e-01,5.759057346208673600e-01,3.311549906748793015e-01,0.000000000000000000e+00,6.649830887967120296e-02,3.253005886712292405e-01,2.483275608173435567e-01,2.369852636380750388e-01,1.644038058034869021e-04,1.578072081592943876e-01,4.325517961030324043e-01,2.114906252184136637e-01,3.742770447501923003e-01,3.332564155055424138e-01,3.258495044747924951e-01,1.782225361946434827e-01,3.257125253164691592e-01,2.629448033093971238e-01,1.128794308948249947e-01,7.874115173144111135e-02,2.205643839509129345e-01,1.102950374430904934e-01,7.546893735099180489e-02,9.946108367654904470e-02,3.447496987772659116e-01,3.071674489830452104e-01,3.541136557099293647e-01,4.502385475672390225e-01,4.231886601647018298e-02,6.426616750679287060e-02,2.320018439532396670e-01,3.058415237589538482e-01,1.756823463893815718e-01,3.760481116177886163e-01,1.036548859846312398e-01,2.213959328685939920e-01,2.633850664960393217e-01,2.094677157693111691e-01,1.300592580220704675e-01,3.374795920549347739e-02,2.011848644186872426e-01,1.526674540855150197e-01,6.248991388565137139e-01,7.045014820672443334e-02,8.540210916371782091e-02,1.503576923134894439e-01,4.850360338114745318e-01,2.819836477994058788e-01,7.013726659579763156e-01,2.068353491115332843e-01,5.530690988648830908e-01,2.902562587655111992e-01,4.840170249908202216e-01,1.335926652638816381e-02,2.351569231114908343e-02,3.095296785031488862e-01,2.316881691647943442e-01,5.417222631824571977e-01,1.367386773187140858e-01,1.540279833818026523e-01,6.316405624763249405e-02,2.666634325258798732e-01,4.803462511541667923e-01,1.087493707334373366e-01,5.591672992266785158e-01,2.044395869809789434e-01,2.044196456064690803e-01,3.512485705111669798e-01,1.029008639401248759e-01,2.004507917574813169e-01,3.803228317506238132e-02
2.907833007175031348e-02,1.654466443263365449e-01,2.525851902873759158e-01,2.911759548576693390e-01,2.069731470257388239e-02,2.241434910027519933e-01,1.121009053257391308e-01,4.878689601523930608e-02,6.649830887967120296e-02,0.000000000000000000e+00,2.387844537439691717e-01,3.361083690749817054e-01,2.583941169429335161e-01,3.441130197025282778e-01,2.512659042388834529e-02,3.324879767434172351e-01,7.707075345785583398e-01,3.178020146564219939e-01,4.742667739376734692e-01,2.207707950643635619e-01,2.128707614884193244e-01,1.316226277762510832e-01,2.152086596193448220e-01,6.214130918144239457e-03,1.175049784994106616e-01,1.631347217666643812e-01,2.316827397197240845e-01,1.373485630091794418e-01,2.271976513450311985e-01,1.563393267973793854e-01,2.237297338935762825e-01,3.997504296296409965e-03,2.942342024153473679e-01,5.829254580709070099e-01,9.934641381707798313e-02,1.756496380675396929e-01,7.618738349277240363e-02,3.629971642408266752e-01,1.388820045661219027e-01,3.122467385322233446e-02,1.394504684480433465e-01,2.475977500892753702e-01,1.727181395435653799e-01,5.204321298769325477e-01,5.790137586858498664e-02,7.646028968643442392e-02,1.345369669432703030e-01,2.129880105181210792e-01,3.912348141475469054e-01,3.088104306274152000e-01,5.585947050924099100e-02,5.299426195361994774e-02,2.618054668021428388e-01,1.112707500288764306e-01,7.932973795840936315e-01,3.425219085376222106e-01,5.895529909760206522e-01,3.873668748034116982e-01,2.651051489440660047e-01,1.095321702712936940e-02,1.274307267427172707e-01,6.504553181553540675e-01,2.993360472301587194e-03,5.643529021658933997e-01,3.085980309168140368e-02,6.684082223633913689e-02,1.404416569139263216e-01,3.939011433687880648e-02,1.566852334617967468e-01,1.504265561491963110e-02,1.034001881853912064e-01,1.328872780537148635e-01,9.425090176768635697e-02,5.898096240095007659e-02,1.853129520190950064e-01,1.751704229889855524e-01
8.305569906412982317e-02,2.289113284510629898e-01,5.756962326902160809e-01,8.868804879990707657e-02,5.463559762511894791e-01,2.686277626398048124e-02,9.108742691094356969e-02,1.969330754406679318e-01,3.253005886712292405e-01,2.387844537439691717e-01,0.000000000000000000e+00,9.169817182476794337e-02,1.292181255278307406e-02,2.521352648176983235e-01,1.281244391480229061e-01,1.513939042089097464e-01,1.259133003532146855e-01,3.370683179167246468e-01,6.382467190822815883e-02,3.440046505848257663e-01,2.535419611376038551e-01,3.309740327789541525e-01,4.606637892838080228e-01,7.139928219260699427e-02,3.823726933142277407e-01,2.674480455830058334e-01,2.113791079682171281e-01,1.565027295546704278e-01,5.222178513125691479e-02,2.295149130207067567e-01,3.221724675077632938e-01,2.720487342598348901e-02,5.120614385160493498e-02,2.559730349709451458e-01,2.648850612463231613e-01,3.121425131256503338e-01,6.641477877585522105e-02,2.835488503334856469e-01,3.246334861259833615e-02,7.613372119829156515e-02,1.108848285038658565e-01,1.748684144778163141e-01,1.943963057188366483e-01,1.081003857491972392e-01,1.147335817660101037e-01,1.644559272436416641e-01,2.363924963225520204e-01,6.402421408166295569e-01,1.199757573098928221e-01,5.451465642518333876e-01,2.933928274467308972e-01,4.899059198798794146e-02,2.427608189213603107e-01,3.336596028168048456e-03,7.806257961993962047e-02,9.042654010756272509e-01,1.442129959978741272e-01,7.894045331138349608e-02,2.853079768153968243e-02,2.045796528455879337e-01,1.346648381991863153e-01,7.382334174818543093e-02,2.952620101379110351e-01,1.626579898964998216e-01,9.652035101198555567e-02,2.198029391829542656e-01,1.554463216268796022e-01,1.230494882704462611e-01,8.763665018022204212e-02,5.042063537437564691e-02,2.270058104424677869e-01,3.283623711315953320e-01,6.817997551449536675e-02,2.768470933418316626e-01,1.724925441789251224e-01,4.601640304321384656e-03
1.015989413180049122e-01,2.825550842337023472e-01,2.221751892755239322e-01,4.163488532135638243e-02,2.859163984569196293e-02,4.886752027206104909e-01,8.549657170606239642e-02,7.067942852759179218e-01,2.483275608173435567e-01,3.361083690749817054e-01,9.169817182476794337e-02,0.000000000000000000e+00,4.040696948878003125e-01,1.883727556559421368e-01,1.247450409271595867e-01,2.528808664919145188e-02,3.977114585311168349e-01,1.524988950951853273e-01,2.572198043956039903e-01,8.743171587682560530e-02,1.987320908815273512e-01,4.911402448838733670e-02,4.989809560857210169e-01,6.788707775802105271e-01,5.704674301305973083e-03,4.237493318156468902e-01,3.092662051742302298e-02,2.603278855859675334e-01,1.375703580079637167e-01,1.667850265173119184e-01,8.971166617093336015e-02,3.133516233157214448e-02,3.572611995724787604e-01,3.930741041886625098e-01,7.246945740154917687e-03,1.877574134706124775e-01,6.271965014622601919e-02,3.426242425684579151e-01,4.913159014993104257e-02,3.192013085355642765e-01,5.528785608871092383e-02,1.821769417351288833e-01,2.209763051968924030e-01,1.023869620115614720e-01,2.663683655337985012e-01,1.189215856780341009e-02,2.840863329297522721e-01,3.323214281609747078e-01,2.684819074556145380e-02,6.797436274500248676e-02,1.969817220552775305e-01,5.579572494278728367e-02,5.657798723213210978e-01,2.285103644336605733e-02,3.412536791671969549e-01,2.537675228148247308e-01,8.696307430584877540e-01,5.300881016698529846e-01,1.569753231954338912e-01,1.643892523147715556e-01,7.783200637979087455e-02,2.572031351529140419e-01,1.293843701535235258e-01,1.779986773401517897e-01,1.062629355866807762e-01,9.970211028937836506e-02,2.258429515172899471e-01,2.402294263319467160e-01,3.243341934458080500e-01,1.224593661520634591e-01,3.691423854095066681e-01,2.015248908362105851e-01,4.366196003414189453e-01,1.241285137708141584e-01,2.442896682593400093e-01,2.505157908621676865e-01
1.695178500256254162e-01,7.435893514960784101e-02,7.222927157846892321e-02,2.221262130079189878e-01,1.497540212996705256e-01,2.845729805295957870e-01,4.524342811048252533e-01,4.752383877572725623e-01,2.369852636380750388e-01,2.583941169429335161e-01,1.292181255278307406e-02,4.040696948878003125e-01,0.000000000000000000e+00,2.844478450710785644e-02,5.315142976550261134e-01,1.388254821166491904e-01,4.448242222023552350e-01,2.757176168598718391e-02,5.914180605216090569e-02,3.288324289244910492e-01,1.965156229076138461e-01,3.403577825544765179e-01,2.046582353049751779e-01,3.073021131564339092e-01,2.744732730974941970e-01,4.900832842510877141e-02,3.485118918892100015e-01,1.975602941704364679e-01,3.562347315679104121e-01,2.222496759899524055e-01,2.186402024136724909e-01,3.492393270518371895e-01,2.249636020521630919e-02,1.885851023826956574e-01,1.619808360320513785e-01,8.102182609999630802e-02,1.400614022005663983e-01,2.776506372406364886e-01,2.245843673820600295e-01,7.558192624657203429e-02,9.835106548127971193e-02,4.702608741510523604e-02,2.586415142336291328e-01,1.730600229079108376e-01,5.442720764578122539e-02,2.261108429899203187e-01,1.718290489423675294e-01,1.150672193078744465e-02,2.171859322672137493e-01,1.337276169165375062e-01,8.317737902104563319e-02,3.895381166119155081e-02,2.705296237040903384e-01,3.077776358003397883e-02,1.786702895934835778e-01,1.805795654952075946e-01,5.051388314081923792e-01,4.538714727438641905e-01,4.598096043010554967e-02,5.419801669209873829e-01,4.573142736505647066e-01,2.399912198495338655e-01,5.899223474956794000e-02,2.292055537474627092e-02,5.433419010108238023e-01,3.350258662928574660e-01,3.488766063706884024e-01,1.032267322874844961e-01,1.743594606504894617e-02,2.375500820988603323e-01,1.192280642260457602e-01,6.070652894701372704e-01,3.578795255378586226e-02,5.052393031764931264e-01,1.621876503115742552e-01,2.523262920645928942e-01
1.474265221584607766e-01,3.576762343310734282e-01,4.921437794789074172e-01,1.638080061525744868e-01,1.243688780824815099e-01,4.315650279761262809e-01,3.003800428587853899e-01,1.457385064338137526e-02,1.644038058034869021e-04,3.441130197025282778e-01,2.521352648176983235e-01,1.883727556559421368e-01,2.844478450710785644e-02,0.000000000000000000e+00,3.958338405357119116e-01,3.776919291995233241e-01,3.719115755327657147e-01,4.451099465198134486e-01,3.730101948089676878e-01,6.186457909842368874e-01,4.981689182189644738e-01,5.423087909887195357e-01,3.600886463929314774e-01,1.485649271185255083e-01,1.744728817234236506e-01,2.648342952716580267e-01,5.984509628507894696e-01,2.657577556236533356e-01,5.127867345101931873e-01,2.104620137206739683e-01,5.672048402894017127e-02,4.165238969173536421e-01,4.063021820852557586e-01,1.667567343216646292e-01,1.202141026899626597e-01,4.518576403903811212e-01,1.455848000864343184e-02,2.366099261967681000e-01,2.954269117529622068e-01,2.366150204740040675e-01,2.737596829182381564e-01,1.233177575983062657e-01,2.885791702552914506e-02,1.001653817666635499e-01,2.291359597514930901e-01,7.036405497119108121e-02,5.892963671078010890e-01,2.615079756717684223e-01,1.191058948547095431e-01,5.313105013087779938e-01,1.087327154071302537e-01,1.055283716821849016e-01,3.387247303287423961e-01,6.620971368523101419e-02,1.872077645407381752e-01,2.127278722439928382e-01,2.150771052215186552e-01,2.516828507460569520e-02,6.000942808797552486e-01,2.758996535689957064e-01,2.047596718229703905e-01,1.649446233817578600e-01,2.048271658768294201e-01,4.457384643802252966e-01,4.203351917719576614e-01,2.397797374045436136e-01,4.687898097999764202e-01,7.216957486487410312e-02,1.940528893206615868e-01,7.247655811841334506e-02,3.427843500408879751e-01,1.202734495460530684e-01,1.932995289191151711e-01,7.954504229374496915e-02,3.553257689508333428e-01,9.770418201827785198e-02
5.956037273904130069e-02,3.975602741351161318e-01,1.841219705716930499e-01,2.081016696759613316e-01,1.603718771477055383e-01,8.629512661349456049e-02,6.224185037617911975e-01,3.130676024421649162e-01,1.578072081592943876e-01,2.512659042388834529e-02,1.281244391480229061e-01,1.247450409271595867e-01,5.315142976550261134e-01,3.958338405357119116e-01,0.000000000000000000e+00,3.729792981758905390e-01,2.278958170337611056e-02,2.897396724023943992e-01,1.820379406566297043e-02,6.333965450165189859e-01,5.816613596801584185e-01,6.552058667954583360e-01,9.207156814233014019e-02,1.341526369585478440e-01,3.707140960255810302e-01,3.479463735684428238e-01,5.466554488682662249e-01,3.619187568317229209e-01,5.284863443576666153e-01,1.924758621725622953e-01,1.384648577931640034e-01,3.532287748920086012e-01,1.335245878592802860e-01,3.273008583466569671e-02,1.198108874674396751e-01,2.791761535516225079e-01,7.706932209437893089e-02,6.501886348030480600e-02,2.184922121071690981e-01,1.686177196416978330e-01,1.693525935474329558e-01,9.072546860674769731e-02,9.050202875036481021e-03,5.756840940815399765e-02,2.145359795378373735e-01,1.132209731448168000e-01,4.635735605313540120e-01,2.551456257212408874e-02,3.904435636909468765e-02,3.051219482110250070e-01,8.996511572031651305e-02,1.461162100207255843e-01,3.185034337206554822e-02,1.606159050614126005e-01,1.439309740252946446e-01,1.396704463177413647e-01,2.091730541113807074e-01,2.611583230483670581e-01,3.022670056845454534e-01,7.472499370119450868e-01,4.578941022670677818e-01,1.411652957436879130e-01,1.927937911826543282e-01,7.708761098757543895e-02,5.541213247029355138e-01,4.018356889001041266e-01,6.204300656483769938e-01,2.162853309684659164e-02,2.221360638954483768e-02,2.241378166722501619e-01,3.503307691850858219e-01,2.688091036982062088e-01,9.103861333440022019e-02,6.515175206150136678e-03,1.676291578799913862e-01,2.604537201646600630e-02
1.689441826182571105e-01,3.693919989602578169e-01,8.292929719060697369e-02,1.297334234222792260e-01,1.291284434077322185e-01,2.045487837359087901e-01,4.551144908106471432e-01,2.796907870661889950e-01,4.325517961030324043e-01,3.324879767434172351e-01,1.513939042089097464e-01,2.528808664919145188e-02,1.388254821166491904e-01,3.776919291995233241e-01,3.729792981758905390e-01,0.000000000000000000e+00,3.882451623174869026e-01,6.931454942991458479e-01,1.426138333572829486e-01,6.503139487797524598e-01,3.256751708800121325e-01,6.735144147103080403e-01,6.862822607158909627e-02,5.595870429244724498e-02,5.776962020145958165e-01,2.186741408559351729e-01,1.002577522761400330e-01,5.429477572204408631e-01,4.288604041760183949e-01,5.882720356573871712e-01,2.669063703144580191e-01,2.630571754696057751e-01,4.423031322310916336e-01,8.432280458186885985e-02,2.428445676826387067e-01,2.465301544316683136e-01,2.082663971691948723e-01,3.529636757273410530e-01,3.483658594622707216e-01,2.259060513893559885e-01,4.756183833062477828e-01,2.514902759185023706e-01,3.193883479101783940e-01,3.008995605975290366e-01,2.164510417041731472e-01,4.654267069808981083e-01,3.562869993181402295e-01,3.738557831279579191e-02,4.606137745676819328e-02,3.529256931480372894e-01,5.288518154780678104e-01,3.593674229810581711e-01,1.413180152767243569e-01,5.952482637204170590e-01,5.018591711797232291e-02,8.396799319214859336e-02,7.229151332097526195e-02,2.007686143648275412e-01,1.074135519974267206e-01,3.917022812663537579e-01,2.102065993096432217e-01,1.042816997947073054e-01,2.845462723767022140e-01,4.773500373367600691e-04,2.861908942630727037e-01,3.844302782985110634e-01,4.372472208987216447e-01,4.064062841558633288e-01,2.089015830699355314e-01,6.044747357933794030e-02,2.077156706292449251e-01,3.478698217021419237e-01,2.307170256985091594e-01,1.925772016282925603e-01,6.194008288467995893e-01,1.103327111302659369e-01
7.684759778817690234e-02,1.580482371798319630e-02,2.389361336186998086e-01,1.880825002249437716e-01,3.872010331168432296e-02,3.851728985133244243e-01,8.624339112730783352e-02,1.176144661050546325e-01,2.114906252184136637e-01,7.707075345785583398e-01,1.259133003532146855e-01,3.977114585311168349e-01,4.448242222023552350e-01,3.719115755327657147e-01,2.278958170337611056e-02,3.882451623174869026e-01,0.000000000000000000e+00,4.261940437759249578e-01,5.381452353055471427e-01,2.167191453439462900e-01,2.490217985005810930e-01,9.083954078056094561e-02,1.464227988670270264e-01,9.598309990739578579e-02,1.781274356814279702e-01,6.431040631721662848e-02,1.823448420517130020e-01,1.893442314230029400e-01,2.783253875607696326e-01,2.061415471761763318e-01,3.019370480241124199e-01,4.830359555448734271e-02,2.141544079787488231e-01,7.005306029739913898e-01,3.028295015593234774e-01,1.733385887471563247e-01,1.354135009521642563e-02,4.450761755460794222e-01,5.076078274756642972e-02,7.031258018260717890e-02,1.466539413472940367e-01,2.783952389534719574e-01,1.323878662077340729e-01,3.520150350046117316e-01,1.720708499613787801e-02,2.321480308780690671e-02,1.539876567426699261e-01,1.229818708486419832e-01,3.355884794048296649e-01,1.743925244335205738e-01,4.214384284354238952e-02,1.280381397901335094e-01,2.794476803430180345e-01,3.041035839555167319e-02,6.052621498775945241e-01,2.824102825053139143e-01,5.405347844862684603e-01,5.809451491510562171e-01,2.306025614973867821e-01,1.020465162621403132e-01,1.854351491883157732e-01,6.116320123920313545e-01,1.493186654864788465e-01,5.805451568189592404e-01,8.393933647374698936e-02,1.287156617198502995e-01,1.838498308408008097e-01,8.303524606249723661e-03,1.835814871203674814e-01,1.154684936561007902e-01,3.632114670766645181e-02,1.643563068191365717e-01,2.263780215145628494e-01,9.293354844396017889e-02,8.566511478764442244e-02,1.709726150168156544e-01
3.426808439597012201e-01,5.091714150338191303e-01,3.203529271290042058e-01,9.677013589879671085e-02,6.247344130943492668e-02,1.279198142682990702e-01,2.204084766614330948e-01,7.624942805925646883e-02,3.742770447501923003e-01,3.178020146564219939e-01,3.370683179167246468e-01,1.524988950951853273e-01,2.757176168598718391e-02,4.451099465198134486e-01,2.897396724023943992e-01,6.931454942991458479e-01,4.261940437759249578e-01,0.000000000000000000e+00,1.290223480747146878e-01,8.143592782181650058e-01,2.717682694384955799e-01,7.320672517354478437e-01,1.159540142243395133e-01,1.041737058001810379e-01,5.282516064534666933e-01,2.305725857148412383e-01,3.713033301190523106e-01,4.219283148429239239e-01,5.214522231918727879e-01,3.269143162961867244e-01,1.323884603017973782e-01,3.129999338281530541e-01,4.780797340282870733e-01,3.403085858455247303e-02,1.706520184628735892e-01,2.350530383918552624e-01,2.309720668750991912e-01,5.138638284091223696e-01,2.805096948298906323e-01,1.466160000029889388e-01,3.592139676391793990e-01,1.539820051945318125e-01,4.255303317591109247e-01,3.000549358774319830e-01,4.225728311760503231e-01,1.651433820194027347e-01,6.205280306810434521e-01,3.942201346068349710e-02,1.520649510955297996e-02,5.269891567804219079e-01,3.696237190711591514e-01,1.720249824544539674e-01,8.687565712545033958e-02,4.759899477379122557e-01,1.816247484886035490e-02,2.531730491439693198e-01,1.245656549907776245e-01,1.563494413528790372e-01,9.729534399662351229e-02,1.711401639305044908e-01,1.768716413471432825e-02,2.905652294654170742e-02,4.951340478858450300e-01,7.017011888833940558e-03,4.583557585763153863e-02,2.043965196632945847e-01,2.683223502978224762e-01,3.804176073468860109e-01,1.734843997702557039e-01,1.762772485386720489e-01,2.294125375572461656e-01,3.682831825856732744e-01,1.104812104985616605e-01,1.932502095392262254e-01,4.018392611505899881e-01,7.144082699761444832e-02
7.974486891427218227e-02,2.853187518535188483e-01,4.581301453120872891e-01,3.171428458524724880e-02,2.998177826793252398e-02,2.667098298676970902e-01,3.014279801495151068e-02,1.509366024194969957e-01,3.332564155055424138e-01,4.742667739376734692e-01,6.382467190822815883e-02,2.572198043956039903e-01,5.914180605216090569e-02,3.730101948089676878e-01,1.820379406566297043e-02,1.426138333572829486e-01,5.381452353055471427e-01,1.290223480747146878e-01,0.000000000000000000e+00,1.169940797432664770e-01,1.861170729089704767e-01,2.107348415082613835e-01,3.397685114606794343e-01,8.915365779082487507e-02,3.889796505708624785e-01,2.188689530911747394e-01,2.726942346948180163e-01,3.643065964815572766e-02,5.129776742677158441e-02,6.100920423146433125e-02,1.656059575255114102e-01,1.023055671877242390e-01,1.088092117573713664e-02,6.221220353808304404e-01,3.741710493810368465e-01,1.269501649504173602e-01,2.109741473262703171e-01,2.001854488623779904e-01,1.385573203758097838e-01,1.691545159130171741e-03,1.944524006333055166e-02,4.293523089835542539e-01,6.093564071747728517e-02,1.169612778531038816e-01,8.787849453587293080e-02,1.898344545526067240e-01,1.192830868686434176e-03,1.975125355215746059e-01,3.888779959274165643e-01,1.817913577713670126e-02,3.131923163746126448e-01,1.045052546629997026e-01,3.903603197210850917e-01,2.865508455203464311e-01,5.936698113333891413e-01,1.385908902119639130e-01,4.368960200699060215e-01,5.646053371780817010e-01,2.989792184723892299e-01,8.029405124457023035e-02,3.162765450348755114e-01,5.829365642096639988e-01,3.361781653324455998e-01,8.472991703554271226e-01,1.405847147757379179e-01,1.596678235406888691e-01,1.906523356059280361e-01,3.814545580187457263e-01,2.993998772688077348e-01,3.121081615036035428e-01,5.327763913416150299e-02,2.287382988385464611e-01,2.671439226074072693e-01,1.463801969940532466e-01,1.090336383056231540e-01,2.774302702250179276e-01
1.055589825488381095e-01,6.853410836948607976e-01,2.872388918584059536e-01,9.603077086698903753e-02,8.684880971923131243e-02,1.392212280446640804e-01,7.169212337815249469e-01,2.325978807365248202e-01,3.258495044747924951e-01,2.207707950643635619e-01,3.440046505848257663e-01,8.743171587682560530e-02,3.288324289244910492e-01,6.186457909842368874e-01,6.333965450165189859e-01,6.503139487797524598e-01,2.167191453439462900e-01,8.143592782181650058e-01,1.169940797432664770e-01,0.000000000000000000e+00,4.882805972412457285e-01,1.000000000000000000e+00,2.146488593103601239e-01,1.334980325071908336e-01,7.002534484990194930e-01,4.974564491096604146e-01,5.459169343002912012e-01,5.980360203759891302e-01,6.119046680257805848e-01,2.886995366132574792e-01,1.111847201334776325e-01,3.703458751910614355e-01,4.019419842581230529e-01,4.710399746220531036e-02,2.303091239125896195e-01,3.603229479777404487e-01,3.144462823428678111e-01,4.363819498874176306e-01,2.982610180331767280e-01,2.701464305268364008e-01,4.864603909350015964e-01,2.675250684776649401e-01,3.727615951598886035e-01,2.206002367304729650e-01,4.312422880370812006e-01,2.939190261062364362e-01,8.401175055682204018e-01,5.241560146720508628e-02,3.853931231484329645e-02,6.145630026485638941e-01,2.964719786625950038e-01,4.002963079868869789e-01,1.204979788066769808e-01,5.147354754523879583e-01,5.846452188449008380e-03,2.740700607290447732e-01,1.044794173075690863e-01,3.016372137845759749e-01,3.124576774626332543e-01,5.056683751854540443e-01,2.676715819365655946e-01,2.547575743003654969e-02,3.616319113691361387e-01,8.809338728725896184e-02,3.980924576081205646e-01,4.037934263393438417e-01,7.103231901107923685e-01,1.729033442308517410e-01,2.782904804032452772e-01,8.521945495098559586e-02,5.257129353745035871e-01,8.989843193271240818e-02,1.213889530113754223e-01,6.350241430189029757e-02,4.741182451049739122e-01,7.434398315661579215e-02
2.822203947910023603e-01,4.604378045800572861e-01,2.154962965621065041e-01,1.347233753363598907e-01,3.220890525947839311e-02,4.511801187320014228e-01,2.877377905824188842e-01,1.653463210766012437e-01,1.782225361946434827e-01,2.128707614884193244e-01,2.535419611376038551e-01,1.987320908815273512e-01,1.965156229076138461e-01,4.981689182189644738e-01,5.816613596801584185e-01,3.256751708800121325e-01,2.490217985005810930e-01,2.717682694384955799e-01,1.861170729089704767e-01,4.882805972412457285e-01,0.000000000000000000e+00,4.765817359183463497e-01,3.844983084216173630e-01,2.577812789282345474e-01,3.582458104177363434e-01,4.845689243410635783e-01,5.513051000349085129e-01,3.764051355054781611e-01,4.410474346596677808e-01,1.487387290784092098e-01,5.610911185139849655e-02,2.151776499964272449e-01,1.319174647479244289e-01,2.893846969967855953e-02,1.979312203631886646e-01,4.250078797616541615e-01,3.277616860647560026e-02,2.909657905547989865e-01,1.799152936933840763e-01,3.898093194371290426e-01,1.914962667349521808e-01,5.858705373580360559e-02,1.755354462188609549e-02,1.417475384605432903e-02,2.150473189353779568e-01,3.853722632694253081e-01,2.862079046370387125e-01,3.161584610245451454e-01,1.068304217552082103e-01,1.830857626799297644e-01,1.342463540141922429e-01,1.649528366459739603e-01,3.910440766069119833e-01,4.179619045053292736e-02,3.094957468882722496e-02,3.647377887893289983e-01,7.487042296193274771e-02,7.337532533900187337e-02,3.079134916980061920e-01,6.097417659753460173e-01,3.599024117068894135e-01,6.496249846376403458e-02,5.918121855508645668e-02,2.489848865594488092e-01,5.400469165330560317e-01,6.155766583309845164e-01,6.431906278941530442e-01,1.816337899853137094e-01,2.729487176593735631e-01,3.323844096075624366e-01,4.192196714794218515e-01,8.441204640300628559e-02,3.824994916651178745e-01,1.040194870826826601e-01,3.496313940803859044e-01,1.424785952464925898e-01
