0.000000000000000000e+00,2.420891836103929440e-01,1.996031841346207203e-01,5.534942629539234549e-01,5.313969785418941605e-01,2.098821508724518226e-01,5.455215010722127555e-01,3.461908097829875519e-01,3.391787097520934102e-01,2.988531800291199247e-01,3.612736305643916568e-01,3.053824716219766811e-01,3.120988460167720135e-01,2.413160189252032128e-01,3.126534907822514642e-02,2.029517389012859829e-01,4.155157008658833528e-01,2.671434295277568260e-01,1.210207627857864954e-02,1.807595889413717294e-01,7.890740875765228646e-02,6.260998482702495593e-02,1.494369337354685690e-01,3.937601471162643918e-02,1.558049629326858643e-01,5.721622847387775046e-02,3.501929217374893932e-02,3.746033809543271031e-01,1.931905200997952043e-01,2.892302529009250778e-01,2.584517260516917547e-01,2.078346252273824413e-01,1.929530051339402030e-01,1.567208556878330883e-01,5.800257301302899626e-02,1.649724472274068654e-01,1.298280642878251179e-01,2.907273467593649019e-02,2.658902574927640705e-01,4.704765467357029940e-01,5.371597282129918494e-01,2.135222426366704951e-01,1.328730769701935988e-01,3.564592475805253291e-02,3.353050611011261228e-01,6.312837320223532167e-01,1.983329515662843046e-01,2.301194137081018221e-01,1.468047033632807752e-01,3.262677504980483478e-01,2.649667011481011691e-01,1.551480774283317543e-01,4.498379990445898757e-01,1.233259508045440600e-01,2.234402620003355100e-01,3.976907766535155986e-01,1.446595252541475751e-02,2.148439546894385099e-01,2.511267088012827248e-02,2.584519779871062295e-01,4.840568050814052503e-01,3.290012038808496353e-01,2.875770283743687150e-01,2.131997018567559632e-01,5.723071810772788481e-01,1.693967013713212899e-01,5.966379578178596654e-01,2.571465739422819086e-01,1.879353420713239520e-01,4.922471651346911337e-01,2.559521340631093489e-01,1.893845079917395313e-01,3.106295179978132426e-01,4.732812289884090196e-01,8.224346110584333791e-02,4.717678758443200615e-01
2.420891836103929440e-01,0.000000000000000000e+00,1.199894897166364771e-02,5.470332174313078388e-01,2.253406311681937502e-01,8.259397214659718323e-01,5.754208782715749537e-01,2.520328101537327448e-01,4.852584796864392591e-01,6.379128700635725568e-01,1.809626350486432389e-01,4.251066653659237859e-01,5.053182998057954567e-01,5.998258315760177650e-01,3.419912346270353454e-01,7.806299138573360441e-01,7.660286260793058855e-01,7.577127559236216392e-01,3.087099028506576359e-02,4.772667373623177833e-01,3.710205944604207384e-01,6.440910322272237476e-01,2.637770918984458368e-01,1.187001360821630935e-01,7.406198312576162124e-01,7.311895617102057710e-01,5.705550243057453397e-01,6.501930970186411418e-01,2.477736022773735503e-01,3.016466829955426476e-01,2.937278952614487126e-01,1.855677040750048912e-01,9.240919658696028494e-02,5.240173210614829102e-02,8.835797070599099579e-02,7.914626603295814578e-01,3.914868998168067465e-02,3.769492034223898003e-02,2.099776305476875049e-01,5.170434425738954509e-01,5.504921652163431434e-01,6.795517546227063388e-01,1.215727173273481176e-01,3.188051642834606736e-01,5.219778478595815674e-01,1.630130715048128676e-01,1.107456880736213956e-01,4.826114238978427284e-01,5.834341539426521894e-01,1.686063696741529339e-01,3.791936000201184820e-01,6.899539137065678895e-01,5.127181336275357104e-01,4.577265225595697484e-01,4.138913822547317656e-01,5.356635379915750117e-03,3.377943804738527400e-01,4.421205338018639464e-01,3.580007954229889183e-02,1.809756136739751886e-01,3.894597234765634353e-01,3.416111612921699514e-01,2.596047229842793902e-01,3.354880107134464717e-01,6.022044220863165265e-01,3.770185386312805420e-01,4.838369956186663878e-01,3.856550556072243507e-01,3.772357196098054533e-01,3.643554005733989909e-02,2.360880829500580647e-01,1.078870029443371181e-01,3.765054716324112150e-01,6.383062782738371244e-01,2.030540410694178788e-01,5.610535311657850466e-01
1.996031841346207203e-01,1.199894897166364771e-02,0.000000000000000000e+00,9.462969278925431604e-02,4.223759107181861427e-01,1.521593511091969275e-01,2.555203237100239777e-01,5.666445673368214475e-02,1.295027986928841690e-01,1.144591660407654199e-01,2.343333743143947157e-01,2.714929394569778331e-01,6.264825995252021329e-03,2.812728764948846383e-01,6.250745672252302487e-01,9.571334258201488754e-03,7.692161135208500089e-02,1.376782807660612284e-01,7.100482953126492358e-01,5.383008754142014629e-01,4.724559711991468958e-01,3.455670308738833518e-01,5.517495894885967589e-01,6.376693852537140828e-02,2.048213198745124086e-01,1.197921601682744308e-02,5.144966152874177467e-01,1.600102901559240232e-01,2.860525642552230186e-01,1.896369312496669068e-01,3.491038072493532485e-02,1.308196326775834806e-01,5.538370545087998101e-03,1.938473927640657901e-01,3.539112385699872965e-01,9.039993708637568404e-02,2.632392790466752674e-01,9.188114876557557098e-02,8.255263890911995750e-03,1.212255765664995572e-01,1.522753236049977782e-02,1.462955109936039388e-01,4.611131812251548223e-02,2.470118159175903605e-01,7.699621592565261685e-02,3.449052355284468185e-01,5.633193234723073983e-01,2.837833369704636510e-01,7.648897941082577479e-02,3.361505197342168350e-02,2.703118240605120182e-01,3.130589504060976580e-02,3.417803109526462713e-02,1.148922555937588186e-01,4.445461897541075347e-01,2.446854216994773790e-01,2.571139866535543383e-01,1.749922473310881743e-01,3.618656149428558511e-01,4.104420579119778534e-01,1.874673478367352430e-01,4.777086955549275649e-01,3.766819643465511014e-01,4.642980846952949880e-01,9.447391292036355637e-02,1.010398554651806835e-01,2.865928093736538340e-01,1.965395686381709583e-01,9.388868078493013691e-02,2.591251975010827047e-01,3.020771083164186521e-01,1.021897223392181919e-01,3.377263818566567100e-01,8.873959950146100006e-02,2.501615273475242818e-01,8.362287730998782531e-02
5.534942629539234549e-01,5.470332174313078388e-01,9.462969278925431604e-02,0.000000000000000000e+00,5.798456882436978654e-01,2.902799958612659603e-01,7.892488261890802104e-01,3.439506433746202241e-01,4.130110636820106262e-01,5.881133901110037199e-01,1.023020208376781426e-01,5.425589588617363290e-01,4.751313267326729983e-01,5.430766071638991610e-01,1.621980081164249854e-01,5.223204192041062122e-01,6.773573950828891688e-01,4.598834320137057396e-01,9.731702022491087178e-04,1.224921254736364012e-01,2.294375081892711388e-01,3.333946676124518449e-01,2.124321338939501591e-01,7.038249904434215609e-02,1.721189037340902783e-01,2.873701237859552782e-01,1.260516726086608752e-01,8.380943549888707489e-01,1.747493700341900547e-01,5.837386170974330213e-01,5.117293221991157104e-01,2.685365680323124060e-01,6.661091291849197127e-02,1.575755969880608121e-01,2.551893794443574892e-01,5.134105310575929337e-01,2.836147628285003441e-01,9.643842230580695896e-02,4.178955952038368449e-01,8.481298156552491418e-01,8.320505097846591092e-01,4.460465669027805502e-01,2.366449306116997497e-01,2.006742185451412808e-01,6.666882324866403309e-01,3.084700172850292077e-01,2.902389420578628809e-01,3.720927757881258846e-01,2.388771900521364788e-01,3.849326792431401190e-01,6.938120979607420580e-01,6.140630861329710033e-01,6.201200859280839861e-01,4.216626990647330264e-01,4.282012448659963666e-01,2.248012942740939268e-01,2.672089220794062747e-01,5.888613156729067821e-01,2.539259426831165234e-01,4.802200186001812088e-02,8.054685333352766818e-01,5.380352088404248834e-01,5.532188316977424414e-01,3.426271045994522257e-01,9.161820178830155648e-01,5.178846158426115842e-01,8.885241725095811560e-01,3.822961334896782803e-01,5.058306498692815012e-01,6.229875335197970765e-01,1.628482049139335919e-01,3.974569757696211902e-01,5.799061758381020004e-01,8.461800994534787179e-01,4.582606300914931485e-01,9.504753159387879791e-01
5.313969785418941605e-01,2.253406311681937502e-01,4.223759107181861427e-01,5.798456882436978654e-01,0.000000000000000000e+00,1.460690749009915801e-02,6.429768269510862666e-01,1.420198297491839512e-01,5.349940221552610398e-01,2.329977624521081814e-01,1.665538973250481058e-01,1.136669759341917690e-01,1.755892052962310934e-01,6.136895321202151532e-02,2.323588264611125831e-01,1.530026409695733614e-01,3.119645932951565781e-01,1.466500503775366171e-01,2.066887356128842557e-01,3.572707006816622233e-01,3.074843653920036335e-01,8.965983911123784345e-02,2.715895796949011065e-02,1.247733976661069832e-01,4.163914019043353509e-02,1.566571455389474676e-01,1.815737067986457065e-01,3.660538860723260290e-01,1.583955724487556838e-01,3.954993173442106213e-02,4.078308703386801515e-02,7.776909407053339551e-02,1.173483489053413209e-01,5.456580814655159761e-02,3.065279403885573517e-01,2.604541812285920410e-01,1.450228103231824550e-01,2.722309123722080337e-01,2.333559829943107899e-01,5.063726247806611402e-01,4.548970997682570960e-01,1.840723257854601780e-01,3.070548909680305694e-01,9.488905713627182603e-02,1.968901138455420030e-01,4.258733541776902887e-01,4.708086162175762479e-01,3.689155996199935394e-01,1.859850509875277114e-01,3.774663087257609240e-01,6.871097829647085931e-01,3.856053987705427843e-01,4.356360996370087224e-01,7.498332517722616775e-02,5.359689104611982113e-01,1.982623545646728935e-01,2.256471302930256051e-01,3.974641613551908037e-01,5.167803272981588147e-01,1.987012754089453603e-01,5.131888886878478440e-01,5.720916324368368056e-01,5.332940737010662957e-01,1.786852334328903336e-03,7.345660137006986279e-01,9.655608892240405416e-02,6.764448084437222342e-01,3.666598845247784899e-01,2.765532045463230393e-01,4.418839711298718775e-01,1.955299726215749545e-01,2.798990879904583728e-01,4.903546303287349417e-01,6.300839881964569456e-01,9.834148844619425289e-02,5.952215895323399453e-01
2.098821508724518226e-01,8.259397214659718323e-01,1.521593511091969275e-01,2.902799958612659603e-01,1.460690749009915801e-02,0.000000000000000000e+00,3.991369687060805638e-01,2.071893093363054161e-01,4.502585313492474817e-01,4.285501267823178528e-01,1.706224714111990171e-01,3.484416486419854575e-01,5.564631260555050751e-01,5.146151160764830257e-01,3.590208040450736382e-01,6.174746277948393036e-01,6.115600524815294481e-01,6.700799534921210165e-01,2.101233960347502761e-01,5.104231008654243062e-01,4.084466667989505306e-01,5.499478002486322126e-01,4.539592884741107115e-01,3.755457590747490748e-02,6.366425675207356694e-01,5.317300810525193988e-01,6.035303019731372842e-01,4.660334407508401888e-01,3.660531130833463709e-01,3.999347115611988079e-01,1.098597990852274303e-01,1.333081356664906902e-01,9.670367287190503869e-02,2.234098645752882473e-01,2.526797060772564829e-01,4.792053873888392768e-01,6.437857781498154686e-02,5.207177129500870083e-02,2.613828143086074224e-02,3.072813396436304689e-01,3.377845563769666937e-01,4.113947644142114113e-01,3.953514657471697558e-02,2.608552333403807433e-01,3.887887816975394428e-01,1.811296831911493599e-01,1.400172903660917290e-01,4.000799493592578915e-01,3.081294384971053901e-01,1.410773850356475678e-01,5.567708214411970502e-02,4.683437729361042967e-01,2.897202664423049190e-01,3.424463263430230220e-01,2.983747294218909163e-01,9.194698200390263865e-02,1.460973522958010640e-01,8.378461841527556908e-02,7.873562051630007830e-02,3.127887366222636412e-01,2.205597765245463360e-01,1.438934376263195369e-01,1.464970760544389572e-01,2.917618856412833583e-01,3.909102894435673159e-01,2.915913433572452917e-01,2.474822671621231263e-01,3.796919331936640107e-01,3.507992520213092935e-01,8.015823848881392655e-02,1.309725650190031454e-01,3.057513815972540128e-02,1.931559896130113363e-01,3.762821559156363516e-01,1.662010670175673721e-01,3.969070972667542163e-01
5.455215010722127555e-01,5.754208782715749537e-01,2.555203237100239777e-01,7.892488261890802104e-01,6.429768269510862666e-01,3.991369687060805638e-01,0.000000000000000000e+00,3.085187590405186198e-02,6.531330112248519004e-01,6.149244349649911623e-01,2.033406878851340416e-02,2.383015862614026592e-01,5.164218921483599845e-01,6.242819634173724097e-01,3.386618911693307227e-02,7.924373231942920537e-01,8.950104106947440741e-01,7.717725889963034103e-01,3.598496385090860228e-02,1.726227011386813615e-01,8.051034414729660305e-02,4.419040022397813794e-01,1.376999859577501817e-02,1.014232466646926012e-01,3.060747837852704212e-01,2.911455886053824771e-01,2.135285127890549361e-01,7.400001083561585924e-01,1.620437672782302496e-01,5.453435618365394255e-01,5.555742272430317374e-01,4.272996642338676154e-01,2.784343761327608413e-01,4.346031002992828407e-02,1.981411519329018267e-01,5.820562951999147527e-01,2.892170350984532012e-01,1.480222831761405788e-01,1.233103545646644927e-01,9.406570754554444136e-01,7.876752066518307727e-01,3.939145929474692220e-01,2.557620093799444216e-01,2.330709103273043703e-01,5.963171004890940319e-01,2.660483496883004895e-01,5.018095164098866912e-01,4.089455653481304243e-01,4.010262608402363482e-01,3.939354177081559882e-01,8.669935956264288590e-01,5.733588611914235411e-01,3.747777271090951268e-01,4.327668432141801302e-01,6.416836949900771581e-01,6.404255357936364246e-02,5.255453369846890821e-01,6.529633302786841398e-01,2.104870694832789435e-01,7.651002510081508778e-02,5.803559432636817839e-01,5.801014595028171072e-01,4.942626950774495209e-01,2.703445557180638725e-01,9.876164329268497521e-01,5.067466119866018692e-01,8.269445364385663577e-01,3.129573554985841666e-01,7.007702480124000655e-01,5.907352047542142603e-01,2.076474804821677178e-01,3.381436827980029980e-01,4.761710907455433128e-01,7.943465146102718366e-01,1.060571102745664629e-01,6.840703951635909164e-01
3.461908097829875519e-01,2.520328101537327448e-01,5.666445673368214475e-02,3.439506433746202241e-01,1.420198297491839512e-01,2.071893093363054161e-01,3.085187590405186198e-02,0.000000000000000000e+00,1.312112037934624609e-01,6.624971535403981204e-02,2.209113158814229871e-01,5.697860417230984353e-01,3.028337356067276054e-01,8.530655947919632553e-02,1.698227554005105056e-02,5.889787072727593886e-02,7.126340891534704847e-02,1.185681544234076512e-01,4.662720728262448322e-02,2.153057615030194993e-01,2.191409124390518159e-01,1.872577613287346177e-01,4.984653230538224067e-01,4.084252651329203787e-01,3.645026299173959039e-03,4.289075991712483771e-01,8.350407772532875139e-03,2.647605808208203237e-01,5.878471016834627694e-01,6.665678154842491487e-02,2.306661071501626137e-01,8.868937115939409810e-02,4.680208174375285468e-01,2.391007506491784895e-01,2.063845650598198356e-01,1.880078575266800889e-01,1.250312966210554988e-01,4.317406616246334261e-01,6.108936159697300194e-01,2.828248460297139166e-03,3.108758441291889496e-01,2.536617107841012131e-01,3.112765558811581013e-01,1.281749365218973896e-02,1.181461439728601209e-01,3.756694716157976122e-01,8.568174279829851581e-02,3.577273589216037886e-01,4.448126180218393844e-02,3.345597939055075520e-03,1.698100289305879418e-01,3.892456763256997854e-01,7.236708387681880517e-01,1.592232947162540713e-01,1.207102724985168324e-01,4.329443034050150518e-01,1.754959731343159468e-01,1.431862121501975560e-02,1.487374221585521517e-01,3.597062283742633593e-01,7.064715993473225097e-01,3.474668166371507327e-01,5.124119292344714305e-01,2.243889619031230742e-01,4.341979317247671721e-01,2.436024611428469488e-02,3.882763982109024847e-01,3.251017088612389583e-01,5.023321436926581063e-02,3.172747060882680770e-01,6.598144371469841230e-02,4.514400934264347076e-01,4.817292934934145343e-01,7.251939166687437766e-01,5.418637807117493432e-01,6.728115089505759538e-01
3.391787097520934102e-01,4.852584796864392591e-01,1.295027986928841690e-01,4.130110636820106262e-01,5.349940221552610398e-01,4.502585313492474817e-01,6.531330112248519004e-01,1.312112037934624609e-01,0.000000000000000000e+00,3.653650043389569113e-01,2.532005582070292471e-01,3.509004159897285979e-02,2.967391654722860705e-01,4.440668690704489552e-01,2.957359394838708355e-01,4.961012795091326311e-01,5.836104510098287790e-01,5.336132671111901704e-01,3.385451534659346118e-01,3.954106738981350566e-01,5.310873312729272322e-02,5.297280375990357504e-01,2.452413922257874468e-01,1.177948960391473621e-01,2.029247423343686907e-01,1.587290868569369573e-01,3.424522399848344834e-01,4.918382886205848181e-01,4.342078342997558460e-01,4.807501147948752829e-01,2.616518493064315387e-01,1.658112732347585550e-01,4.339069942944191460e-01,2.888648913890130010e-01,1.749871815247200368e-01,4.135428752034644440e-01,1.020719670897080877e-01,1.844978867510005949e-01,7.245699994608278960e-04,5.719470635032848360e-01,4.106200303962325715e-01,2.662194023931011566e-01,2.698739850079810709e-02,1.504022034868435220e-01,3.928274016236869004e-01,1.685914063582971967e-01,3.077513942933683966e-01,6.537017456083393796e-01,3.200751890212046313e-01,4.168266205915861500e-01,5.255624145423531957e-01,3.500847560682556758e-01,2.269401462012121118e-01,8.945041822623345240e-03,5.314353403882758897e-01,1.296542563963727357e-01,3.684083533168336366e-01,3.274398169465967956e-01,4.201352461802389249e-02,4.688649601997367244e-01,1.891742147178524236e-01,2.857329082504932449e-01,2.522744417801368044e-01,3.718039325296680908e-01,4.712254248782605792e-01,4.130484304013609109e-01,3.277282776035909118e-01,5.069936956579443876e-01,4.442276871653867976e-01,3.979795746272698498e-01,1.496107942550617409e-02,7.802207944845374055e-03,1.052524326346911399e-01,4.127847997758042342e-01,1.161465892883697532e-01,2.894960316294862279e-01
2.988531800291199247e-01,6.379128700635725568e-01,1.144591660407654199e-01,5.881133901110037199e-01,2.329977624521081814e-01,4.285501267823178528e-01,6.149244349649911623e-01,6.624971535403981204e-02,3.653650043389569113e-01,0.000000000000000000e+00,1.289593235444352892e-01,5.925342099976442789e-01,3.455800107072626304e-01,7.044854651244729649e-01,4.043550496312753317e-01,7.545517297138304436e-01,6.982671795502889411e-01,6.058311596366157126e-01,2.515864590911498500e-02,3.047454756985227275e-01,3.780293846975302241e-01,5.389358576757732333e-01,7.342637533666052096e-02,1.169824589133652559e-01,4.438515390990855347e-01,5.274721213122844921e-01,3.842084642175088716e-01,6.477413521777027894e-01,1.067949773123268997e-01,2.847569339239754416e-01,5.332703543486810860e-01,2.383459105644709086e-01,8.422812334485155206e-02,2.813257687572071064e-02,6.502384653117243563e-02,7.106717142865595083e-01,5.848017834249714664e-01,5.647093880534595489e-02,1.267128413619515725e-01,7.083417631639414846e-01,6.597069098467186476e-01,6.173522133408206880e-01,9.608326928340210626e-03,5.396883382524403361e-01,5.908703377336748108e-01,9.444897904277588241e-02,1.867579781617994261e-01,3.168239302996956885e-01,4.477482233273217815e-01,3.641780850465040631e-01,6.011253848954554169e-01,6.841766959337960419e-01,3.735436763189896592e-01,5.618034490988810248e-01,7.410469973563305057e-02,1.147286805751259048e-01,8.247352999963458720e-02,6.582152073975958695e-01,2.645786794739868331e-01,1.769605960395911060e-01,5.304621306166390493e-01,2.241124487072971294e-01,3.467677429186978300e-01,1.958755557227921662e-01,7.621935929227303674e-01,5.722617583403022401e-01,6.906693784398119096e-01,2.550307735259297326e-01,4.451138627833764461e-01,2.853829295978991265e-01,1.202806431629103168e-01,2.828471943492701368e-01,2.974887079803867351e-01,6.894687044994221026e-01,4.132402908728629587e-01,5.943063616645176683e-01
3.612736305643916568e-01,1.809626350486432389e-01,2.343333743143947157e-01,1.023020208376781426e-01,1.665538973250481058e-01,1.706224714111990171e-01,2.033406878851340416e-02,2.209113158814229871e-01,2.532005582070292471e-01,1.289593235444352892e-01,0.000000000000000000e+00,5.056807556859074793e-02,4.898292348363952886e-02,6.468979626851362186e-02,1.718724331954532558e-01,2.028823766780593618e-01,3.578871628896111712e-02,1.177434863248845998e-01,4.267530075609639595e-01,1.085803324428227246e-01,9.161524147224117676e-02,1.068511749962354207e-01,1.962919293434863544e-01,1.325151499409487621e-01,2.393077154780915428e-01,1.750826678825295746e-01,4.792163420541334373e-02,2.282568997727374427e-02,2.032662453926804280e-01,9.315174559006544897e-03,4.781062534845431644e-02,1.522469679353741223e-01,3.806763040218757305e-02,4.027690368410630217e-02,8.193031532295955155e-02,1.589972350723026506e-01,1.099852167827864435e-01,2.012184074001905354e-01,2.406762589821228038e-01,1.304529224705301138e-01,1.938244015666241993e-01,6.596790161948917763e-02,1.300222079600444336e-01,2.919342256005829084e-01,3.787634258921437902e-02,2.457510432542837076e-01,6.070389332994641229e-03,3.203839503075938677e-01,2.412729857216458149e-02,9.957546794054161765e-02,1.943767537367035725e-01,3.593503851066620625e-02,1.677067296921861128e-01,2.737988003881747789e-01,1.782200194332598242e-01,6.899911102279088215e-01,1.218024434078771590e-01,6.665080437541942571e-02,7.510141663662533995e-02,6.600691483158163675e-02,2.132160153028219707e-01,9.236653282829501710e-02,1.392077606240351151e-01,4.134558534186350554e-01,2.863896212984179401e-01,5.211638393080861298e-02,1.436844597252102118e-01,1.223717027328841689e-01,2.380346149414837020e-01,3.381292615463525331e-01,1.677273999603986487e-01,2.640707383153217402e-01,1.705209611432522421e-01,2.954911672783120946e-01,9.671615941367503466e-02,2.338667780393779982e-01
3.053824716219766811e-01,4.251066653659237859e-01,2.714929394569778331e-01,5.425589588617363290e-01,1.136669759341917690e-01,3.484416486419854575e-01,2.383015862614026592e-01,5.697860417230984353e-01,3.509004159897285979e-02,5.925342099976442789e-01,5.056807556859074793e-02,0.000000000000000000e+00,4.965873776072696200e-01,2.965364209972229936e-01,2.485638076554921305e-01,4.104961492038628479e-01,3.577217773274698476e-01,3.117022059631957553e-01,8.571511547525079155e-02,1.067994522189475992e-01,3.414232930350464823e-01,2.227820890795885744e-01,2.743710912646922240e-01,3.667040394034201678e-01,2.109035772758799387e-01,5.623712439430930132e-01,2.960365706671758135e-01,4.828980309365774048e-01,1.742549971994300229e-01,1.453147361826116757e-01,1.311322812480499866e-01,4.580349296135684256e-02,3.517646750867515215e-01,2.248958215882179701e-01,9.818953874453863195e-02,4.107074812040600875e-01,3.829365426098849112e-01,1.067371997523897803e-01,3.734007404979864386e-01,3.638517558282842179e-01,4.656437043203048298e-01,4.633782421799320650e-01,3.473717523329170054e-02,3.398626256534333923e-01,2.575009620897675822e-01,2.352591987421076281e-01,9.069595579277595077e-02,2.633933513047907460e-01,2.056877103394469941e-01,1.618013780519703959e-01,2.797152194152792704e-01,5.443522783456883340e-01,5.131731152730563128e-01,3.915303748174684961e-01,2.063010762060888403e-01,3.463016355040072769e-01,4.095290327613348991e-01,1.685112162843717676e-01,1.940256928801051273e-01,1.632236180754131072e-01,5.840184808076749334e-01,3.210231449043124408e-02,2.125548210556283957e-01,1.949851676869208683e-01,6.566370227427544837e-01,1.886495222593179144e-01,5.795084937048158302e-01,1.784856013351083792e-01,1.403151095509736490e-01,2.219568470324385645e-01,8.317705525088722740e-02,4.127933196056741694e-01,2.137179896329570727e-01,6.839947869982834217e-01,5.219848556567666664e-01,6.353181961784044596e-01
3.120988460167720135e-01,5.053182998057954567e-01,6.264825995252021329e-03,4.751313267326729983e-01,1.755892052962310934e-01,5.564631260555050751e-01,5.164218921483599845e-01,3.028337356067276054e-01,2.967391654722860705e-01,3.455800107072626304e-01,4.898292348363952886e-02,4.965873776072696200e-01,0.000000000000000000e+00,3.467873620208219987e-01,4.605773283997297018e-02,5.892895231674846190e-01,6.263869011923686170e-01,5.561964791663991381e-01,5.034200028071389443e-02,6.156547309192336725e-02,2.345793586348286774e-01,1.977899821039558748e-01,1.274384930512504344e-01,6.448465574524331334e-03,3.727064845115339864e-01,5.149278491263491464e-01,2.247361839515471527e-01,6.127761482197835452e-01,7.176559318724851089e-03,2.655467277713807750e-01,8.500236827149373897e-02,2.711144671801642148e-02,1.221867998103033509e-01,1.529292532600099730e-01,1.365606665006364323e-03,3.538254109290553950e-01,1.380033523517041338e-01,9.595670627709815270e-02,3.696667125057562231e-01,5.050252549408635883e-01,5.021394460305955709e-01,3.347451993145898475e-01,6.546250612761958521e-02,1.575991807154984437e-01,2.362447926067930415e-01,3.989715654151542723e-01,6.152338972924883964e-02,3.697713878162861012e-01,2.282904011669894262e-01,9.699274286670170331e-02,3.176459212666871146e-01,2.657859781895831053e-01,2.662927674151828739e-01,1.759012293905303781e-01,1.948871173566769088e-01,1.630051383904551343e-01,9.012933207803786040e-02,3.575690265766234832e-02,3.217799887221345356e-03,1.341562552427383037e-01,4.710010280201411548e-01,1.492306633534822291e-01,2.213690928354233034e-01,2.505948035557156728e-01,6.716891349399416455e-01,8.130106940853376596e-02,5.125623729694660513e-01,6.379462863506560333e-02,4.689133251918881640e-01,2.543376142474120805e-01,1.161845615023971434e-01,3.644149606333904057e-01,3.303513059885834213e-01,5.990251056504826144e-01,2.459516450307489555e-01,6.249698194430649556e-01
2.413160189252032128e-01,5.998258315760177650e-01,2.812728764948846383e-01,5.430766071638991610e-01,6.136895321202151532e-02,5.146151160764830257e-01,6.242819634173724097e-01,8.530655947919632553e-02,4.440668690704489552e-01,7.044854651244729649e-01,6.468979626851362186e-02,2.965364209972229936e-01,3.467873620208219987e-01,0.000000000000000000e+00,5.438169743544052359e-01,7.666625166878797693e-01,8.055626651284886197e-01,6.278380395317118001e-01,3.599012629117802620e-01,6.963800815698681923e-01,5.747946453280214918e-01,7.863209740159953220e-01,1.993815967497501174e-01,9.764639054009767449e-02,3.295784982212245362e-01,2.073058804793480592e-01,5.442202122379171669e-01,5.986946132959343192e-01,3.322534412697609740e-01,6.614351743749140589e-01,5.997591603123024750e-01,4.853724540850103963e-01,8.804931016685690892e-02,4.388401252045045359e-02,1.556907898107528498e-01,7.422778890413570529e-01,3.089354869451631513e-01,1.987428065163769075e-01,5.435702283712107175e-02,6.594168054426795544e-01,6.739040312168096403e-01,5.715210245039884507e-01,5.723303874546264991e-02,2.678493012317982314e-01,7.119261797357770982e-01,9.871265894034547683e-02,1.291545474450671305e-01,4.001367714203257764e-01,3.878610654523707568e-01,2.717877631215159795e-01,4.448494717035357260e-01,4.143302997731339032e-01,3.720664751989233299e-01,4.860412308120657388e-01,2.365128208702089729e-01,1.680523285999738214e-02,4.380421051745745364e-01,5.566122922186086397e-01,3.087999854461420668e-01,3.790789631526132464e-01,4.396570079618315474e-01,2.198906671357975240e-01,2.579871199792982406e-01,5.870573078813753343e-01,4.961654429046596926e-01,6.457809714147160207e-01,5.045699070550762055e-01,3.219323499385939868e-01,4.775489218603035657e-01,4.679021780576020362e-01,3.518616408785242566e-02,2.027289412466708740e-01,6.674409339191110513e-02,5.055551682237208189e-01,3.273073769949388229e-02,3.574586062400516573e-01
3.126534907822514642e-02,3.419912346270353454e-01,6.250745672252302487e-01,1.621980081164249854e-01,2.323588264611125831e-01,3.590208040450736382e-01,3.386618911693307227e-02,1.698227554005105056e-02,2.957359394838708355e-01,4.043550496312753317e-01,1.718724331954532558e-01,2.485638076554921305e-01,4.605773283997297018e-02,5.438169743544052359e-01,0.000000000000000000e+00,2.905224759731452888e-01,3.223355481285790636e-01,3.064337819874622393e-01,4.338993490323438951e-01,7.159157686492469974e-01,6.654150519640280592e-01,6.778182603918505578e-01,4.969350613933982697e-01,1.422383379900349909e-01,3.064931247502330480e-01,1.069244801118570676e-01,6.819859447337569547e-01,4.119164776734259847e-01,3.413937264730549925e-01,3.174256660776197392e-01,2.892550195913746736e-01,9.202230904723261717e-02,8.573248288727880473e-02,1.377863507910208341e-01,2.963453991279697552e-01,5.256635113200488485e-01,2.827630571171004803e-01,4.930688247399625523e-02,1.188493847068343851e-01,1.757251774204459660e-01,1.769752281952571282e-01,2.815330262207112466e-01,1.061295935397277290e-01,2.649590916431807663e-01,2.993075771768288762e-01,2.817407085421011481e-01,4.087019229893930627e-01,2.980684977859904827e-01,1.693630724180077707e-01,1.633722464233878235e-01,1.963259022379892915e-02,2.909655347295803107e-01,1.900524935900833601e-01,1.491370109792809484e-01,1.272247706262482625e-01,2.017903299281254004e-01,1.395081813983389818e-01,2.439552378833379220e-01,4.774193374935776779e-01,6.774615797394506478e-01,4.228059512126791653e-03,2.104454934928474685e-01,7.490186296413597900e-02,5.329589646411556636e-01,1.642946287858390031e-01,4.877110870031777234e-01,8.634157927074559424e-03,4.350718397443567032e-01,2.715196821813817274e-01,8.840928655246604873e-03,2.430150371146746202e-01,8.059306950858446950e-02,1.007108712412486673e-01,8.956041743140574773e-02,2.117625688762217739e-01,9.120607096969327032e-02
2.029517389012859829e-01,7.806299138573360441e-01,9.571334258201488754e-03,5.223204192041062122e-01,1.530026409695733614e-01,6.174746277948393036e-01,7.924373231942920537e-01,5.889787072727593886e-02,4.961012795091326311e-01,7.545517297138304436e-01,2.028823766780593618e-01,4.104961492038628479e-01,5.892895231674846190e-01,7.666625166878797693e-01,2.905224759731452888e-01,0.000000000000000000e+00,9.374590325743559216e-01,8.287061979168353076e-01,5.344223829365789269e-02,4.861033640293509483e-01,4.206265825821908777e-01,6.789255732807997212e-01,3.098118779895525643e-02,1.521551583843875344e-01,5.770208574493033149e-01,4.250371687049170344e-01,4.577776263349182528e-01,7.374750070838667071e-01,3.807444264896345798e-01,6.473191828954285576e-01,6.409666706687039417e-01,3.324232803785120982e-01,1.845081363558309373e-01,7.669818685949442161e-02,1.104928573223690202e-02,8.776186605667666285e-01,3.402474793547164977e-01,1.415574618949163588e-01,5.621147349242113650e-02,7.783589678755404861e-01,5.784926952760927055e-01,5.997620680988905439e-01,6.285323702221372322e-02,3.098338473022330120e-01,6.679092184031787394e-01,5.691524865591840454e-02,2.052817341774748061e-01,3.336368993456031440e-01,5.756748731363037219e-01,2.544162912710883351e-01,6.148507169300554409e-01,4.852865122094549566e-01,2.317394950560631717e-01,4.797648538964103260e-01,2.878807052020944113e-01,4.526807531993129463e-02,4.142515262981139590e-01,5.306110901559059068e-01,1.814066086979613801e-01,2.491000264341444725e-01,3.363269248475461159e-01,1.450316381493040319e-01,1.115829251890592677e-01,2.549659436662782275e-01,7.160189748837011425e-01,5.477685772920338758e-01,5.924064224165823678e-01,1.255212759109494425e-01,6.087409463520988551e-01,2.284328088698353576e-01,6.610297623855232452e-03,2.413410989079101676e-01,1.701005199009397728e-01,5.872607835810618182e-01,1.289780675002258070e-01,4.856709294198889304e-01
4.155157008658833528e-01,7.660286260793058855e-01,7.692161135208500089e-02,6.773573950828891688e-01,3.119645932951565781e-01,6.115600524815294481e-01,8.950104106947440741e-01,7.126340891534704847e-02,5.836104510098287790e-01,6.982671795502889411e-01,3.578871628896111712e-02,3.577217773274698476e-01,6.263869011923686170e-01,8.055626651284886197e-01,3.223355481285790636e-01,9.374590325743559216e-01,0.000000000000000000e+00,8.308717236621366853e-01,1.811044771280678756e-01,4.943832885019741608e-01,4.440720541934933818e-01,6.301302172011278291e-01,9.333252514048101522e-02,9.306590853127283403e-02,4.865780454889755413e-01,3.839353882174694754e-01,4.530407947473448216e-01,7.376221038876272784e-01,3.541256914170728964e-01,5.633162280361003749e-01,5.883710735803918679e-01,3.204362098240821077e-01,1.187227419905648451e-01,4.189005621196120743e-02,9.668709376000988315e-03,8.216946091558339216e-01,3.171485917815543010e-01,9.864365304778688337e-03,1.697441957162353909e-01,7.660712997854682849e-01,7.187305124948610846e-01,5.737679450965011974e-01,7.327618889271701741e-02,3.310457216991046225e-01,5.924242582711628513e-01,1.781224526534669061e-01,2.767839757943701962e-01,4.372331286105570203e-01,4.669494903024395960e-01,3.572997137616974461e-01,5.638738813304975395e-01,4.956993760237946023e-01,3.896113618473151519e-01,3.834152562735735348e-01,4.853313248683344128e-01,1.260624945132010899e-01,5.169902140641917665e-01,5.279703640544055609e-01,6.733952789917443948e-02,1.877399596756905431e-01,6.014168792402805330e-01,4.390183853107154643e-01,3.682773537203742342e-01,4.141538794542146684e-01,8.016976313835387780e-01,5.413961214056400850e-01,7.683535026065806406e-01,2.478606032349817134e-01,7.270142075308720919e-01,5.268270473126122067e-01,1.150424765729321508e-01,2.497824246277783045e-01,4.176713508647353912e-01,6.080542968534559112e-01,3.450829160980923849e-01,6.723608781474568197e-01
2.671434295277568260e-01,7.577127559236216392e-01,1.376782807660612284e-01,4.598834320137057396e-01,1.466500503775366171e-01,6.700799534921210165e-01,7.717725889963034103e-01,1.185681544234076512e-01,5.336132671111901704e-01,6.058311596366157126e-01,1.177434863248845998e-01,3.117022059631957553e-01,5.561964791663991381e-01,6.278380395317118001e-01,3.064337819874622393e-01,8.287061979168353076e-01,8.308717236621366853e-01,0.000000000000000000e+00,1.810035397982960592e-01,5.857900753695390872e-01,3.709679557795426130e-01,6.954748244243625921e-01,1.721635738305346552e-02,1.133436033448995128e-01,6.385716571308501788e-01,4.008519154526514194e-01,5.302822307718815242e-01,5.271475269620853332e-01,4.905471461367693076e-01,5.721342239908363547e-01,4.155422363273839625e-01,3.608791779214910456e-01,1.644480287017897890e-01,1.613523603636199399e-01,1.894315588639265968e-01,6.737621623173979390e-01,2.764643177546797781e-01,1.532248948321518478e-01,9.263876261262687928e-02,5.958290397521047721e-01,4.897887871848467523e-01,4.864646398303390518e-01,6.505993103332663452e-03,3.626280270795922966e-01,5.456591580641592110e-01,1.383687400243033550e-01,4.568288223223848643e-02,3.357741790641156077e-01,4.839575301085808912e-01,2.781070708838081496e-01,4.002909746549754844e-01,3.707965229047296973e-01,1.768017231076929874e-01,3.185778984470616360e-01,2.813828758711857669e-01,8.003978838903413884e-03,4.009757790781520725e-01,3.767276842868575448e-01,1.159254569334737528e-01,2.764180770600178638e-01,1.984021554015127364e-01,1.286242736863411618e-01,6.535532511255592869e-02,3.391052061077993729e-01,5.601111888324339372e-01,4.093137469633347236e-01,4.573736327581904848e-01,9.408003953972164657e-02,5.155167359711489983e-01,1.551192332621014747e-01,6.505313926009953507e-02,5.866727116393671837e-02,1.255117963008456350e-01,3.956477703493366249e-01,1.031566171101530038e-01,4.286819077396467614e-01
1.210207627857864954e-02,3.087099028506576359e-02,7.100482953126492358e-01,9.731702022491087178e-04,2.066887356128842557e-01,2.101233960347502761e-01,3.598496385090860228e-02,4.662720728262448322e-02,3.385451534659346118e-01,2.515864590911498500e-02,4.267530075609639595e-01,8.571511547525079155e-02,5.034200028071389443e-02,3.599012629117802620e-01,4.338993490323438951e-01,5.344223829365789269e-02,1.811044771280678756e-01,1.810035397982960592e-01,0.000000000000000000e+00,5.205038520569871263e-01,3.210876796898556318e-01,3.265579085793213210e-01,3.814371474660887551e-01,1.837440120812670885e-01,1.593979412256656680e-01,1.066221272959190502e-01,4.689839887914359351e-01,2.401135989927615233e-01,3.271668070295957742e-01,3.683026958502814696e-01,3.190204050000518265e-02,3.970270647011862886e-02,1.150656637509192143e-01,1.543101004070797644e-01,3.550613635760951903e-01,7.268604479598728130e-02,1.317699615796717738e-01,3.077200266195581624e-03,1.620527018081477366e-03,1.581507717765192472e-02,3.374675020237296458e-02,1.385878276591359093e-01,1.455540548331293871e-02,4.795102367115239295e-02,6.372170204771071544e-02,9.991277765505064690e-02,2.996100004921451454e-01,2.818172791609450667e-01,7.552722080350002254e-02,7.029503573884413048e-02,9.689464244404136228e-02,6.917358688583111204e-02,6.888459259228879583e-02,1.609119976793491613e-01,1.243836832504581213e-01,3.117561308703395984e-01,1.332641905229259294e-02,1.058420747291997643e-01,2.712230185773030211e-01,3.714508164865633066e-01,1.850256671798811148e-02,2.842884566540603286e-01,1.939906799848052088e-01,6.157005269458327712e-01,2.308970967564560883e-02,8.805103047680193362e-02,1.065522434425255072e-01,1.234826157269496849e-01,2.600967792818871249e-01,7.708486100609146519e-03,6.269116730245677394e-02,8.467773260054697881e-02,2.261537867877543573e-01,1.923295551757482624e-02,7.422346668470614084e-02,1.538692371751262944e-03
1.807595889413717294e-01,4.772667373623177833e-01,5.383008754142014629e-01,1.224921254736364012e-01,3.572707006816622233e-01,5.104231008654243062e-01,1.726227011386813615e-01,2.153057615030194993e-01,3.954106738981350566e-01,3.047454756985227275e-01,1.085803324428227246e-01,1.067994522189475992e-01,6.156547309192336725e-02,6.963800815698681923e-01,7.159157686492469974e-01,4.861033640293509483e-01,4.943832885019741608e-01,5.857900753695390872e-01,5.205038520569871263e-01,0.000000000000000000e+00,5.496316855267863177e-01,9.396843430452519463e-01,4.071600308331239093e-01,3.347629209263256467e-01,5.564829250293079621e-01,7.475036790262379327e-02,7.381645062503192634e-01,4.642166994596693130e-01,6.322201770559460199e-01,5.514919907443953662e-01,4.230166609880476880e-01,2.462928903768797917e-01,1.661729481353553250e-01,7.849209923137928646e-02,2.616137166988419249e-01,4.641464042281731039e-01,3.238661614568054126e-01,4.771363144274454182e-03,2.323401110160500105e-01,2.495541279611462882e-01,1.483734200769993850e-01,2.841605879414341174e-01,8.423632035727482426e-02,2.436056242934105387e-01,3.293398700992327122e-01,3.833698805401324350e-01,3.249039291776212313e-01,2.663616736660979756e-01,2.187503843637093603e-01,7.138337302198691225e-02,5.016594194252776973e-02,1.791899653668325987e-01,5.706214327148231846e-02,2.124215242103938417e-01,2.764027791579420912e-02,1.252981366670011254e-01,2.928907259048942890e-01,1.860135781434691382e-01,3.118422603636037960e-01,6.257942232092322810e-01,2.422669832454791838e-01,2.076710909762919388e-01,2.706640739203605150e-01,5.099158810817734366e-01,5.184664891941803688e-03,4.234867406678053392e-01,2.263421145744380913e-01,2.826763406994148298e-01,4.569593602133528720e-01,6.925687579941830485e-02,1.493534955735122682e-01,2.375111527521762134e-01,2.023245392526865083e-01,9.519072274390200095e-02,4.444830002757549359e-02,1.454917813082043376e-02
7.890740875765228646e-02,3.710205944604207384e-01,4.724559711991468958e-01,2.294375081892711388e-01,3.074843653920036335e-01,4.084466667989505306e-01,8.051034414729660305e-02,2.191409124390518159e-01,5.310873312729272322e-02,3.780293846975302241e-01,9.161524147224117676e-02,3.414232930350464823e-01,2.345793586348286774e-01,5.747946453280214918e-01,6.654150519640280592e-01,4.206265825821908777e-01,4.440720541934933818e-01,3.709679557795426130e-01,3.210876796898556318e-01,5.496316855267863177e-01,0.000000000000000000e+00,5.630223265746165939e-01,2.933538329478797557e-01,1.078609788962762439e-01,3.457333731321927672e-01,1.978811732419081537e-01,5.849222419419322083e-01,4.782613089776245330e-01,2.771533867939587892e-01,3.668368573305205160e-01,3.860678818094689935e-01,1.431171936145085033e-01,1.706149027944843244e-01,3.041429813957407524e-01,1.692824588017220744e-03,4.833352388944706091e-01,2.461100662302227460e-01,5.187684625844896091e-02,1.854084464816139755e-01,2.267939102090250902e-01,3.229786050431219246e-01,2.842343045356562903e-01,1.699745705373340576e-01,9.757174941312940497e-02,2.397652933169824030e-01,1.850831888781985235e-01,1.938546937115068203e-01,2.292229603544920502e-01,1.922061454868080610e-01,1.133487894365861615e-03,1.509146292262425193e-01,2.511742888433621257e-01,2.619100163582218088e-01,2.748655359380133278e-01,2.836748747749967547e-02,1.672960614494657383e-01,2.027589191125940826e-01,2.769562890655727916e-01,3.397710907122365454e-01,4.742998676355915655e-01,2.507756554786678693e-01,8.212624460080264477e-02,3.260665515313121432e-03,5.076590366131618071e-01,2.463740621642728779e-01,5.928486177824960901e-01,9.788880716949543981e-02,1.297141046254438601e-01,3.849005804815348597e-01,1.218245618116760021e-01,1.824159972620201242e-02,1.563039424517688736e-01,1.427889353468852485e-01,2.931837705990562593e-01,4.070406669418992207e-01,2.884890341829580152e-01
