0.000000000000000000e+00,1.043478440040180866e-01,2.696110724986643392e-01,3.719864895968442997e-02,3.796594658205080242e-01,7.370982551323329579e-02,1.258991331144154735e-01,3.338596295232126865e-01,1.623440093477858392e-01,8.643876404367595301e-02,1.314589181499084825e-01,3.206534504238430783e-01,1.733468367401370669e-01,1.384325562055390979e-01,4.000714941953161796e-01,5.620542095723046749e-01,2.213670684932426691e-01,3.342126365189894699e-01,1.719251114157337168e-01,5.328882829617845873e-01,4.485032222237161359e-01,3.511911033012298233e-01,3.869949267279479410e-02,3.549831006100306885e-02,3.980474733175293212e-02,1.106246103743953046e-01,3.558839975484609508e-01,5.270913447056463363e-01,5.039889226514571163e-01,2.326140329647459204e-01,5.813790782084812259e-01,2.255026193511567301e-01,2.439968159868938780e-01,5.279430614850653125e-01,2.913055460202241265e-01,3.691263942721859648e-01,1.890004604822474454e-01,1.743079658849673585e-01,9.467357673469686818e-02,1.252949386063903492e-01,4.805271699580433431e-01,1.650729505663852126e-01,1.286890397145277198e-01,8.641823539467202719e-02,6.113425860378463028e-02,7.397966297719051898e-01,5.082115891475171843e-01,1.757338359902178015e-01,6.069477073423910907e-02,1.240009946390427942e-01,2.732310367684934738e-01,1.077501725127818638e-01,3.565274347399174371e-01,1.164766537561257309e-01,1.257353602140929838e-01,4.003077783557076885e-02,2.298862027132859143e-01,1.748010801289626714e-01,1.252066657564619018e-02,1.503002795588292695e-01,1.750252064352096348e-01,9.440296582164600658e-02,3.989801877825532306e-01,1.195260962413494110e-01,1.702088817843269430e-01,1.147167161029538640e-01,1.252555882979597968e-01,1.262703090052475774e-01,2.286950794477178861e-01,1.305202209091257948e-01,2.744336520600600404e-01,2.754695267042555074e-01,4.061729716436950355e-01,3.526810148094980946e-01,2.025747754453839922e-01,4.721508471036534593e-01
1.043478440040180866e-01,0.000000000000000000e+00,1.007962188330370212e-01,3.049059695940239401e-01,1.228824542763272826e-01,4.820990832252306513e-01,9.864326957976093935e-02,2.682197045274512526e-01,8.210067884328281496e-02,2.505333728855703157e-01,9.003091491349451969e-03,8.087421568943764516e-02,2.611299545616488915e-01,1.762110747476343942e-01,4.623028560031383627e-02,3.665200431207399356e-02,4.021285750618430743e-01,2.792496076072267797e-01,3.797205064743638392e-01,5.689140205257631200e-02,1.716523616177080269e-01,9.989711604943196654e-02,1.493901434847236254e-01,1.916763561175705011e-03,7.856440210703523608e-01,6.607266745464467350e-01,1.750634154207891258e-01,2.952878124526939763e-01,1.531377384883153558e-02,4.807220106639488177e-01,2.742198149288310183e-01,2.515037977477335152e-01,3.416597146878237456e-01,1.589662971336455732e-01,8.437680350178597410e-02,3.921038651901161132e-02,3.540564402190112259e-01,2.172619581170371073e-01,3.091539764820286362e-01,3.476060867218542239e-01,2.057649749590033383e-01,1.791524949585937554e-02,1.559720048554243954e-01,2.573527647981734834e-01,1.280486077070316642e-01,1.952089768267294412e-01,5.505583881693756343e-01,1.453044158819112031e-01,3.206223066799800403e-01,3.596307623391608588e-01,1.630493993667364583e-02,4.386204411972465245e-01,1.051756557047327512e-01,1.743560729143170396e-01,6.422259597034657430e-02,1.433368092144272077e-01,1.380341943261662596e-01,3.002409206050456469e-01,1.262598282345694933e-01,1.688382744754229892e-02,2.361223034196821835e-01,1.770342679455250146e-01,1.641467390621398348e-02,1.097451254133017806e-01,2.923003397555568039e-02,1.034355125465588610e-02,2.702598203626160878e-01,4.426338875116669902e-02,4.268265710572760607e-03,5.074037450561870166e-01,2.925443470573514393e-01,1.525750751342759282e-01,2.297405863343324472e-01,2.779044900699179643e-01,3.247718882075935620e-01,7.626828462791598873e-02
2.696110724986643392e-01,1.007962188330370212e-01,0.000000000000000000e+00,9.839091699231512431e-03,5.491461940011159726e-01,2.068972150590970283e-01,8.579582817295133834e-02,9.693930349958440607e-02,5.322773320898681604e-01,1.023337250401970822e-01,4.393284315419805908e-01,4.216734122232035364e-02,2.039983005057312559e-01,1.838985033248862200e-01,1.365166478344634893e-01,1.499600325091819952e-01,1.356263761832457448e-01,4.515863549423715373e-02,4.025101472165605876e-01,2.362348522479697510e-01,2.360403552953326267e-01,1.018657099995702309e-01,6.440929757168714076e-01,1.149974966714867319e-02,3.984302406586978651e-02,5.414148865631962515e-03,4.107378122495350392e-01,1.592406169354178280e-01,1.716119817073946674e-02,1.488169878459054130e-01,1.166681188763008803e-01,2.955182923392154493e-01,4.355655071741158096e-02,2.055940197929230495e-01,1.603553298197662180e-01,3.122266135211025639e-02,1.240285685403352822e-01,6.104417781115725750e-02,8.213596786990622067e-02,1.313436872621760731e-01,1.524181485033027639e-01,1.175865843812493039e-01,1.087318389683977760e-02,6.215367224832667875e-02,4.987311493950061236e-02,2.766518421128241201e-01,1.056008377228433992e-01,7.369433691445419488e-01,2.109612498562807303e-02,8.515526281938395892e-02,2.485876087913213572e-01,6.243728911824225625e-02,8.325539309389168308e-02,3.140625812802132488e-01,6.130933548684991408e-02,2.505043631744677257e-01,8.304323259414467251e-02,2.765527563748219619e-01,1.083239214904041098e-01,1.354592237020102452e-01,3.837583881764475291e-02,1.009805366819101352e-01,2.178986644773295844e-01,6.210220704918782975e-01,2.383240444636077204e-01,2.313372038008524867e-01,2.457174422008562842e-01,4.856511374687672578e-01,1.502739551527838835e-02,1.484650568377050839e-01,1.019653807365333009e-01,1.080270793748837610e-01,1.579525210298258209e-01,8.157497745939058797e-02,3.373088437251509086e-03,1.275218208079939020e-01
3.719864895968442997e-02,3.049059695940239401e-01,9.839091699231512431e-03,0.000000000000000000e+00,2.469540047155434348e-01,2.957202586224768823e-02,4.845773060059975768e-01,9.135201953395502561e-02,2.064695594874813855e-01,1.226360226109746154e-02,1.905329078403022180e-01,1.635097899750239392e-01,2.446859193085323403e-01,7.620055371830244950e-02,1.966646062273405549e-01,2.136325439958359218e-01,6.481244064739996591e-02,1.111210133009184198e-01,2.605586578968216993e-01,2.530524328860882521e-01,2.241518223565831802e-01,3.860143383156902086e-01,1.013639835888320018e-01,1.332610240449867145e-01,2.984979599074110701e-01,2.527060696251463567e-01,5.955942239825973150e-02,2.171747036806442044e-01,3.797893382086085790e-02,1.981720656148572290e-01,1.061794682829841907e-02,3.941138702146096962e-01,5.090326242345113439e-01,1.158818547628446272e-01,3.251218343160024171e-02,1.244780756708645242e-01,3.199846983615453055e-01,8.734712031719152336e-02,3.860474797974041139e-01,3.983158434376043444e-01,1.649259258433075914e-01,9.806647487361684623e-02,1.499949779253395843e-01,1.833718751241492362e-01,2.336535012155739888e-01,4.399903093370247098e-02,8.728201233899149369e-02,8.803153407855836277e-02,3.544164302474730466e-01,4.437358394532433525e-01,1.069706860027363482e-01,4.563383656143851219e-01,5.667824394126652621e-02,1.775403787188828963e-01,1.973551535625675812e-01,2.061603759881174003e-03,1.843435805870225486e-01,1.251657835865496206e-02,7.934795509462480578e-02,1.703534173082010550e-01,9.464765872401201263e-02,6.719694939996254113e-02,2.130388322409958179e-02,2.716679850414006198e-02,5.559894211902563499e-02,1.945575223937385800e-01,3.551829586928485771e-02,5.813996323578261155e-02,1.209083842894630167e-01,7.832035505840065359e-02,1.792839111214902803e-01,1.164684894663638309e-01,1.896723602413531162e-01,5.137131453783355672e-02,6.616892593224371621e-02,3.112435353995041121e-02
3.796594658205080242e-01,1.228824542763272826e-01,5.491461940011159726e-01,2.469540047155434348e-01,0.000000000000000000e+00,2.172446874504357639e-01,5.746020630624805170e-01,2.760306190906279822e-01,4.227465324020269200e-01,1.300822895618336528e-02,4.523966668416432579e-01,2.129893195968974862e-01,4.253175687052074827e-01,4.464711948719372603e-01,3.300145129356762963e-01,4.002571439612071513e-01,1.014951694013787042e-01,2.466403698600075078e-01,1.931845707485805586e-01,7.114515304531698892e-02,2.804186688890526469e-01,1.984660209320855129e-01,1.094816657826920836e-01,3.208868342878805624e-01,3.080633349355028916e-02,2.380730484615600773e-01,4.826196564830795843e-01,3.556580963992337918e-01,3.838669266223422860e-01,1.727304975998074366e-01,3.326970466212127442e-01,1.484472301434587860e-01,6.099149820075801254e-02,3.810502503732684509e-01,2.429748087516393207e-01,1.434943688778780591e-01,1.080725187278372412e-01,1.344858894619067324e-01,2.960421992942127711e-02,2.171322476325449058e-02,2.842026767902898765e-01,2.901916878212443263e-01,1.039246536870420679e-01,1.608856555115692477e-01,2.121535878547375908e-02,5.216231529913376574e-01,4.121872019673610832e-01,1.500410420610164275e-01,1.727392112251768252e-01,5.170237530383992031e-02,3.615982716715257506e-01,6.541807746189620687e-02,3.715941969441864390e-01,1.859848014595155696e-02,1.770052836764052784e-01,2.523451864983043968e-01,5.758179823491554883e-02,5.120646639814602219e-02,3.618518830992238922e-01,7.198369749752173141e-02,8.809688592990930212e-02,1.044945366015311988e-01,3.391161919463404062e-01,2.315197168511361481e-01,3.594301671929867048e-01,7.808499252928993717e-02,3.155500274118134274e-01,8.915813510115999652e-02,2.910359740708085008e-01,1.649886541315781496e-02,3.605771286259255581e-01,1.984787270480913579e-01,2.537783284398063000e-01,9.262790464317238737e-02,5.075147463973150863e-02,1.915370615598663839e-01
7.370982551323329579e-02,4.820990832252306513e-01,2.068972150590970283e-01,2.957202586224768823e-02,2.172446874504357639e-01,0.000000000000000000e+00,7.146128828049791437e-02,4.483811928609630626e-01,1.860725961778766369e-01,2.545974582053407986e-01,3.416123628811548740e-02,4.462816053076330003e-01,3.588468812001833208e-01,1.313688473282331182e-01,2.295442136317630277e-01,2.049231303416637062e-01,2.070341023445230189e-01,1.822433137590735719e-01,8.600432016655323864e-02,1.018289725406397728e-01,8.074120376545873556e-02,4.403369753707418455e-01,3.795324236463817336e-01,1.970997142069014774e-01,2.360790953265145542e-01,5.550284216690669625e-01,4.085620893789954078e-02,1.076978626969120612e-01,9.547536337732254186e-03,7.317868781947346746e-02,3.856307521632380553e-01,1.890218349222276828e-01,9.406308404018146052e-02,3.033017562048033744e-01,1.994472711414611854e-02,1.296781418062546709e-02,1.558161161063409683e-01,1.021254203428491325e-01,2.815370132558718264e-01,2.147238231833697719e-01,4.341547826704882096e-02,1.798039115892494655e-01,2.065417113189694787e-01,8.939862702445952602e-02,6.962012394121967762e-02,3.472174285259702620e-01,3.073073395260938478e-01,4.316456978690539348e-01,1.061152900219022727e-01,6.464568636213562092e-02,4.084882785257256121e-01,5.160861336667912913e-02,2.997902791837740999e-01,8.636662604127615106e-02,1.968155171383213498e-01,1.458510270804624087e-01,2.463326343074874192e-01,1.904524397800901325e-01,9.211535913538899945e-02,2.278486830649674166e-01,3.100192657735524882e-01,2.953615370167840259e-01,1.398175735093885874e-02,1.682378346339055142e-01,1.722874748663337507e-01,2.485550321456839185e-01,2.775153906574200358e-01,2.790976878286219320e-01,1.266653837269835492e-01,3.844150564018201099e-01,3.790482461289585436e-01,2.255876074979414336e-01,1.167730490065753413e-02,1.840048361656553277e-01,7.650558360868209284e-02,1.409684587517921750e-01
1.258991331144154735e-01,9.864326957976093935e-02,8.579582817295133834e-02,4.845773060059975768e-01,5.746020630624805170e-01,7.146128828049791437e-02,0.000000000000000000e+00,1.611840503780500311e-01,1.808932356603850378e-01,2.071369918507103003e-01,3.678440146854204951e-01,8.183258974522067408e-02,5.449825377623884748e-01,2.275724386757351225e-01,3.392403407266853660e-02,2.720071970908397585e-01,3.081137150384661849e-01,3.968818998594808578e-01,2.772851679674309677e-02,2.011293174781415838e-01,1.894082396223183695e-01,9.862801676952553942e-02,1.216749601342892173e-01,1.026523370543259150e-01,1.116020284904642168e-01,5.943144217348456104e-02,1.577215136538264173e-01,2.302212570885190934e-01,2.224621995674440356e-01,1.479692286293340653e-01,1.512640263164748144e-01,9.460778179682080569e-02,4.856316364792753054e-02,1.108841052273547706e-01,1.447129321910294031e-02,1.475107610807678271e-01,1.260637038501418172e-01,2.631423836394690685e-01,9.130575585623162960e-05,1.086199663282467476e-01,7.422710213537803137e-02,1.852582004987316303e-03,1.794718161464095019e-01,1.202982946261746261e-01,1.652192486137350202e-01,1.688629479678071532e-01,6.622011342514147469e-02,1.031671104402824557e-01,2.995329625947368291e-01,2.213748036267792485e-01,2.596549725193739167e-01,1.406317581969896424e-01,2.270442945406626056e-01,7.712679169494901510e-02,1.760851886499756880e-01,3.001764689919892981e-01,1.465672093214537008e-01,8.058125266296084499e-02,2.532041991290180372e-01,1.688448344413115698e-01,8.907588096037094560e-02,5.532656089298204627e-04,1.610534398297547853e-01,1.045526707208557782e-02,3.705811539430884372e-01,2.725816613288181700e-02,1.819827229110375644e-01,1.679871242003242726e-01,1.805190485291202351e-01,1.360016600512202189e-01,2.402807708052387692e-01,1.619031426595553547e-01,2.391115708913265636e-01,6.780489229415724572e-02,4.435925233353143343e-02,1.117857377749659903e-01
3.338596295232126865e-01,2.682197045274512526e-01,9.693930349958440607e-02,9.135201953395502561e-02,2.760306190906279822e-01,4.483811928609630626e-01,1.611840503780500311e-01,0.000000000000000000e+00,1.086048196401528942e-02,4.703567386682899754e-02,7.163141829418823159e-02,7.197166581399569996e-01,6.088476431285250179e-02,1.394450016431652006e-01,2.358965255423444152e-01,5.448559646331968542e-01,2.079109320862178867e-01,3.258714648736664166e-01,1.369582129558033490e-01,3.145549139710147601e-01,6.578077647959779117e-02,5.166547530114234954e-01,5.518227907260992993e-01,5.633426147569327025e-01,4.164602604052550228e-02,4.803788297632003435e-01,2.300574846523762429e-01,2.734171503834675887e-01,5.556958067273742863e-01,1.093724808199842968e-01,5.657467954042098013e-01,2.041105077228488190e-02,1.439064568675523237e-01,4.538175284796518438e-01,1.263356847981638165e-01,2.281102879331588507e-01,1.387433679014521415e-01,6.548400317268210369e-02,1.585105888852880174e-01,7.750901691466351162e-02,1.820905459399637938e-01,2.167617382893121669e-01,4.703924450071497732e-02,4.835803687563094977e-02,8.310820182809694479e-03,3.623032359685449677e-01,2.853650923413995066e-01,4.809725909033124580e-02,1.788904211397573940e-01,1.131320359223417227e-02,1.609395620267271565e-01,1.400410388053557331e-01,7.804708570287689495e-01,9.792905641176349874e-02,9.231768413534420514e-02,1.991756052990644732e-01,4.282063010843805140e-01,3.426374334240545050e-02,1.800929354965319362e-01,1.741557037842400291e-01,2.457881852846071080e-01,8.793207640394709590e-02,4.682857415871585216e-01,1.580767846337063354e-01,8.495883152307581732e-02,4.442804368948674587e-02,8.207037516800229360e-02,4.822187816975630481e-01,4.881758205464349354e-01,6.772489695927110670e-03,3.873433495740425947e-01,6.021853799610790703e-02,1.992565078782838339e-01,6.013167548861449996e-01,9.586062423017654988e-02,3.838910133610628495e-01
1.623440093477858392e-01,8.210067884328281496e-02,5.322773320898681604e-01,2.064695594874813855e-01,4.227465324020269200e-01,1.860725961778766369e-01,1.808932356603850378e-01,1.086048196401528942e-02,0.000000000000000000e+00,1.109691681975373545e-01,4.819347799163841706e-01,1.922922869700108561e-01,3.073440547118468924e-01,9.920235049315669074e-02,2.120499827793897729e-01,5.747338805773685722e-02,2.575204053684715388e-02,4.030387187567488483e-02,4.346686870396871405e-01,1.795987443844416220e-01,2.347057542576577727e-02,1.013406596299192830e-01,2.355928993781071235e-01,3.772659365520020236e-02,5.177682462587623879e-03,2.817336890597665899e-02,4.308115568324938360e-01,2.360183005974013648e-01,2.273852185943053827e-01,1.107296356238282597e-01,8.390593274773433530e-02,2.819033989349961633e-01,2.692441621333078738e-01,9.590700935013350692e-02,7.520879155418927486e-02,3.712175551769388016e-02,2.024426198892363971e-01,1.062004594179203898e-01,3.922580574456530078e-01,4.407018868467295347e-02,1.080146054427591484e-01,2.155646696777776539e-01,1.197602393626601702e-01,1.120067081536898074e-01,1.244297212998555363e-01,5.488623824362642845e-02,4.080848897523270402e-02,5.919068021938932445e-01,1.213829854853066270e-01,3.658318672123508364e-01,1.884317474491462030e-02,3.657904843890735225e-01,1.006801667566774583e-01,6.187190173100000079e-01,1.616672685851957836e-01,3.691133313720171283e-01,2.862213811180177592e-01,1.503983573521554540e-01,1.867980235450478754e-01,2.225275826363751208e-01,3.153794446768903859e-01,5.255437745702656871e-02,1.545218959213579268e-01,3.904294402909612161e-01,2.701606449865214254e-01,1.840812443476305682e-01,3.100052903088529321e-01,3.253369534509599759e-01,8.098519246806663852e-02,1.704720768007985665e-01,1.273019565919434881e-01,3.823323066709417573e-01,3.631535983561454128e-01,1.670741471918213705e-01,2.118587000561581446e-01,2.150075981622386889e-01
8.643876404367595301e-02,2.505333728855703157e-01,1.023337250401970822e-01,1.226360226109746154e-02,1.300822895618336528e-02,2.545974582053407986e-01,2.071369918507103003e-01,4.703567386682899754e-02,1.109691681975373545e-01,0.000000000000000000e+00,9.489274473122588649e-02,1.099699766768023612e-01,3.964508694251474563e-01,1.336990483755088610e-01,1.007589385569324925e-01,1.234361484843223833e-01,2.978089914485232415e-01,2.637945971747593932e-01,3.805297043914501742e-02,1.259536008517971595e-01,1.907353147114563274e-01,8.996645271818609624e-02,1.552412366267796884e-03,1.148278270547582747e-01,2.505899627468585189e-01,3.108125238828838843e-01,3.991801459553928622e-02,2.756173955312545276e-01,8.194363251654679381e-03,2.277298640908136107e-02,6.574614809038498153e-02,9.313962249818952266e-02,1.395095599906562567e-01,7.538611405929571130e-02,7.057737593732793524e-02,1.539944379692345655e-01,1.402242514020831110e-01,2.365184904723461046e-01,8.435859600140953318e-02,1.992467503098956927e-01,1.173717679401206915e-01,3.923171404167825893e-02,2.056190086838410869e-03,7.534479333429938697e-02,2.503885469664837160e-01,9.987203200876315634e-04,3.416125337255215832e-03,7.615893249557195710e-02,2.079533611799789239e-01,4.915696133886773844e-02,9.009171533058567272e-02,1.723130805163192170e-02,1.186591166030191435e-01,1.848691773723259990e-02,3.137276355200740441e-01,1.680578272284594665e-01,2.255116761808489412e-01,2.592199889667368140e-01,1.736620053914695871e-01,1.729700330666832375e-01,1.164042224877012699e-01,8.674868458578544050e-02,1.568926574622442338e-02,1.027644035594880434e-01,5.294237312480495894e-02,1.192372227111010152e-01,1.523697309113559162e-01,6.664133699069008099e-02,8.522753544078387478e-03,1.022724073606656736e-02,1.062922100154911620e-02,1.821539229390056747e-02,2.679711243882266780e-01,2.374977878042833224e-02,1.355663894167780659e-01,8.426175354472452417e-02
1.314589181499084825e-01,9.003091491349451969e-03,4.393284315419805908e-01,1.905329078403022180e-01,4.523966668416432579e-01,3.416123628811548740e-02,3.678440146854204951e-01,7.163141829418823159e-02,4.819347799163841706e-01,9.489274473122588649e-02,0.000000000000000000e+00,3.165957008559461272e-02,3.879515492444261526e-01,1.921014743046979278e-01,1.904552585003455034e-02,9.336759368980868112e-02,1.475481969669116822e-01,1.893053693486079769e-01,5.744769295123260955e-01,2.864244282294719501e-01,1.548173896042055742e-01,3.338653860408359875e-01,2.267688358282052563e-01,2.542993263386721797e-02,9.240405965797003629e-02,4.895881836022852873e-05,1.699392153235683711e-01,4.078385708556326872e-01,7.574060493965581453e-02,1.598768800983669802e-01,9.992723351600119042e-02,2.829556017471940299e-01,1.952698850664056629e-01,4.761622360035872026e-02,1.007027112788425327e-01,1.488913989159974804e-01,1.546968444222412975e-01,1.510139120289796522e-01,1.722735191413883871e-01,1.163837055475555604e-01,1.304052894290788356e-01,1.117350723080238195e-01,1.473115866252368289e-01,1.627188468644048813e-01,2.360258805755703904e-01,1.504228131036369764e-01,8.932727339568957703e-04,3.595508949325483261e-01,3.734964606453377578e-01,2.850987187676120582e-01,1.148642018501411788e-01,1.778873585035399552e-01,9.508192411725532867e-02,2.797535752469607617e-01,7.991779436787452284e-02,5.363056609822809406e-01,3.251457385950579093e-01,3.768187765457151062e-01,3.358829189119548198e-01,1.924693522788640809e-01,4.693483457676145276e-03,2.973813059567390615e-01,1.978077155891193595e-01,3.935619796725842168e-01,1.804181513539878379e-01,8.054660938972080242e-02,1.808571173885972772e-01,2.095498038244372474e-01,4.181654272206272727e-02,1.829875325271805575e-02,1.062790254945042423e-02,5.542211913870015438e-02,5.630613431686901649e-01,8.337617884698358961e-02,2.351250421047446915e-01,9.662396162686764933e-02
3.206534504238430783e-01,8.087421568943764516e-02,4.216734122232035364e-02,1.635097899750239392e-01,2.129893195968974862e-01,4.462816053076330003e-01,8.183258974522067408e-02,7.197166581399569996e-01,1.922922869700108561e-01,1.099699766768023612e-01,3.165957008559461272e-02,0.000000000000000000e+00,7.087396989809896519e-02,3.808604028824197352e-02,4.282096948971840233e-01,4.670443058691763905e-01,4.002065551144475264e-01,3.997330274686046736e-01,1.751139740670090705e-02,1.415373198067564620e-01,1.633859309737522303e-01,5.093058951529203515e-01,4.038418220512957624e-01,6.567059803110995020e-01,2.598793779357493894e-01,3.613252361867199114e-01,2.732078240343776554e-01,2.039265922030088496e-01,4.697244983087143777e-01,1.223549284756156319e-02,4.656490568175215561e-01,2.132573027784269715e-01,3.376925548664325150e-02,1.634499650430296380e-01,1.075320961193053509e-01,1.591071341174047915e-01,2.938877796194885317e-01,1.481220252680418015e-01,2.526812601359607058e-01,3.100711433586307575e-02,1.619295105707184157e-01,3.020951010927381830e-01,9.863220665241918816e-02,1.628852692425446780e-01,8.768543900719572015e-03,4.089198756070509533e-01,8.868331705830620471e-02,1.618255789928562949e-01,1.256749408837375959e-01,1.002387992195851174e-01,3.813150361453558346e-01,1.202882371260676486e-01,6.821165035494154427e-01,2.695625636940303660e-01,2.425318447198188121e-02,8.963665653188748750e-02,7.426156005669556359e-01,2.333439415671246520e-01,1.442056350618936278e-01,3.700693409330806927e-01,3.427669810142711659e-01,1.843379537302272941e-01,6.164434987040983138e-01,8.988533719369073971e-02,1.399617931505925394e-01,1.845657092896090534e-01,1.034680362194060482e-01,4.034305503853459207e-01,5.717230552911781727e-01,1.204734625383015872e-01,3.591072433985686985e-01,6.188112828875877436e-02,8.976298984505948209e-02,6.063975701964934295e-01,7.523096286368312346e-02,4.923632208849410552e-01
1.733468367401370669e-01,2.611299545616488915e-01,2.039983005057312559e-01,2.446859193085323403e-01,4.253175687052074827e-01,3.588468812001833208e-01,5.449825377623884748e-01,6.088476431285250179e-02,3.073440547118468924e-01,3.964508694251474563e-01,3.879515492444261526e-01,7.087396989809896519e-02,0.000000000000000000e+00,1.291458745819434317e-01,2.324311682646956756e-02,2.312502194271738032e-01,5.907672550667173450e-01,4.130589337034129005e-01,1.478785910202234932e-01,1.625423862834066424e-01,2.109313138814100375e-01,2.461606018319159594e-01,2.462091867133947565e-02,1.010884744493223408e-02,7.580040369901130948e-02,2.564986376949057734e-01,3.857257236786704180e-02,5.168935704694945787e-01,2.240683016826598428e-01,1.611065002183215411e-01,7.684161000239908557e-02,2.617668090783459300e-01,1.856942058590113631e-02,5.828231130621787381e-02,1.114699082665634861e-01,1.151660675118278965e-01,8.214300841245436580e-02,1.054390954348440601e-01,1.938785364297353486e-01,1.223254138351080877e-01,2.228776110306271152e-01,1.354622903128958056e-01,1.239620878688484085e-01,3.959797763550537697e-02,6.466920723230311363e-02,1.005856520246077995e-01,2.417338987076935453e-01,1.912436978093321471e-01,8.416541433086929813e-02,6.590284251455691411e-03,2.157749976719054164e-01,9.834896460208186753e-03,1.626492882409485974e-01,9.216956167082135387e-02,3.184252579111142012e-01,5.039406427042245062e-02,2.169905586959625932e-01,2.749471841509703585e-01,1.263549390741478817e-01,2.374364231837522432e-01,2.114647731302047584e-01,3.099001648598248004e-01,3.101373173687653195e-01,4.775631952887124387e-02,2.147373321892021292e-01,2.310839740913414042e-01,1.725273334169108996e-01,1.856024094785313772e-01,1.917494802312060542e-01,3.538821171886583072e-02,1.116201219500220221e-01,2.833239897247013528e-01,3.531745978334098757e-01,1.826697183940645397e-01,2.101892745770865267e-01,1.852655450950151939e-01
1.384325562055390979e-01,1.762110747476343942e-01,1.838985033248862200e-01,7.620055371830244950e-02,4.464711948719372603e-01,1.313688473282331182e-01,2.275724386757351225e-01,1.394450016431652006e-01,9.920235049315669074e-02,1.336990483755088610e-01,1.921014743046979278e-01,3.808604028824197352e-02,1.291458745819434317e-01,0.000000000000000000e+00,3.138148312585591349e-01,1.110098450898423517e-01,1.667419428718537946e-02,3.627368219591335305e-03,1.781525778706786189e-01,5.158347188953923274e-02,2.710067670974268816e-01,2.004532951722123313e-01,2.425857419823272687e-01,1.689422725758555621e-01,2.582229431444028542e-02,1.296783167410997528e-01,2.768593573149532583e-01,1.402248910803537418e-01,6.758395620066665055e-02,1.617538095737805215e-01,1.775089317000732581e-01,2.379523762472692539e-01,6.539523543406569606e-02,1.191558639350973614e-01,1.189302681542004358e-01,3.371303621667249839e-01,2.614877259527743913e-02,1.065032250722129509e-01,2.339839241625645272e-01,8.186968109263105531e-02,1.428861130642639643e-01,2.193747503753747108e-01,2.848729259325268881e-01,1.664499859672012305e-01,1.031599564142157421e-01,2.528455172112845650e-01,8.090630648191268759e-02,1.682173189657265588e-01,1.167382471871902944e-01,9.269894767734657148e-02,2.879494420914460173e-01,2.939236039049671345e-01,2.161469240915919743e-02,1.696289194446968795e-01,6.353749908373075572e-02,3.173226313161012779e-01,2.861738641675579120e-02,2.228735633636330093e-01,4.554347007917337042e-01,2.332761111989400116e-01,3.894065542399263030e-02,1.200140437273842092e-01,8.284985723746998709e-02,9.314819803058510539e-02,2.362942086084598436e-01,1.569023566650981083e-01,1.266062758621365469e-01,1.481560167022595853e-01,1.340446831995384114e-01,1.555838595209368957e-02,2.225872621905388704e-01,6.590676664933492468e-02,1.022430659987802887e-01,9.641840129804589432e-02,2.470278303989016933e-01,1.168276563897060680e-02
4.000714941953161796e-01,4.623028560031383627e-02,1.365166478344634893e-01,1.966646062273405549e-01,3.300145129356762963e-01,2.295442136317630277e-01,3.392403407266853660e-02,2.358965255423444152e-01,2.120499827793897729e-01,1.007589385569324925e-01,1.904552585003455034e-02,4.282096948971840233e-01,2.324311682646956756e-02,3.138148312585591349e-01,0.000000000000000000e+00,1.974694039607364227e-01,1.051072195309421531e-02,4.332777565713746837e-02,2.370822222427837467e-01,5.120368146690814637e-01,4.389871325814169722e-01,5.302392624037653990e-01,7.396262689090610243e-02,2.434350003222768288e-01,1.359640516788819253e-01,2.082686575977952814e-01,4.664445753485745860e-01,1.636906932350185306e-01,4.105630079729598036e-01,2.021751214530048690e-02,3.979222495694226258e-01,5.758792852175349808e-02,2.127477182361061647e-01,3.612323205185092867e-01,1.926697469969209098e-01,3.931991725953543071e-03,2.850466421450744137e-01,7.315607772007834408e-03,5.056056572844857405e-02,2.180444211516400776e-01,3.485457406945519088e-01,2.126495620998669067e-01,1.392460882100470532e-01,2.240008125093953806e-01,1.129165199414929321e-01,4.213569156099141733e-01,1.398304679320084842e-01,1.239419241970540209e-01,2.482277415184207525e-01,2.254329138524927278e-01,2.764838737559651149e-01,1.740782568156780397e-01,2.241593361624562575e-01,1.000473018051310503e-01,3.569895803482461827e-02,1.450653090809334855e-01,2.427276838070357434e-01,1.787946709381036114e-01,2.186708546788408980e-01,6.395867074668717400e-01,2.340582632393090057e-01,2.835091255468215610e-01,2.539354700474972804e-01,9.184530873949214858e-03,1.059628957682665629e-01,3.339374218353388657e-01,1.114465771198488442e-01,6.452293001062370248e-03,7.227764670866868024e-02,5.678639593375453543e-02,1.968975586966786873e-01,2.005469055959067659e-01,6.632881219205827295e-02,4.002751897969533679e-01,2.152243212006113848e-01,2.970880960619667333e-01
5.620542095723046749e-01,3.665200431207399356e-02,1.499600325091819952e-01,2.136325439958359218e-01,4.002571439612071513e-01,2.049231303416637062e-01,2.720071970908397585e-01,5.448559646331968542e-01,5.747338805773685722e-02,1.234361484843223833e-01,9.336759368980868112e-02,4.670443058691763905e-01,2.312502194271738032e-01,1.110098450898423517e-01,1.974694039607364227e-01,0.000000000000000000e+00,4.738147722557624619e-01,6.340431943839419660e-01,1.559726018474940079e-01,3.955813798355672373e-01,2.951499463823097913e-01,6.245847047559096588e-01,2.312742953968459081e-01,3.954820277546554075e-01,2.919063790587235196e-01,1.657499632999194228e-01,3.285283303672870692e-01,3.413978007785871127e-01,4.386939965422174681e-01,7.833908887702351054e-02,7.466593112497083018e-01,2.072071933977937264e-01,5.030961874631599828e-01,7.477231308993015357e-01,4.407715918554556689e-01,4.852398383330348564e-01,3.426854479839486212e-01,1.270957372340515978e-01,4.443835500598582872e-02,1.059994117144172354e-02,3.770891125305889657e-01,2.798157279712475964e-01,2.722096244868692227e-02,1.277667923858871180e-01,4.596050168071644237e-02,5.766278633622519134e-01,4.395807826734123291e-01,1.711055103517709064e-01,1.463255981911907450e-02,4.269839368281863057e-01,2.223280932357634410e-01,1.799048634691695903e-01,6.400613574984300724e-01,3.396181029679186114e-01,6.606709911665473167e-02,8.281173825529183907e-02,3.299810675601997922e-01,1.625894823731278971e-01,2.805888056134267852e-02,1.248098362393812444e-02,9.221547040297317643e-04,4.342438439663309779e-03,4.810768569025609676e-01,2.454511300538314567e-02,2.600555641117219818e-01,3.044583883359280874e-02,4.423067459499358534e-01,4.422985982596850940e-01,4.872875958062375945e-01,8.981751739246174315e-02,4.303877850135205962e-01,4.961415800719908842e-01,6.988263759788856944e-02,2.027918045216082210e-01,1.395476486756150047e-01,8.259146962049468410e-02
2.213670684932426691e-01,4.021285750618430743e-01,1.356263761832457448e-01,6.481244064739996591e-02,1.014951694013787042e-01,2.070341023445230189e-01,3.081137150384661849e-01,2.079109320862178867e-01,2.575204053684715388e-02,2.978089914485232415e-01,1.475481969669116822e-01,4.002065551144475264e-01,5.907672550667173450e-01,1.667419428718537946e-02,1.051072195309421531e-02,4.738147722557624619e-01,0.000000000000000000e+00,6.998826491734037036e-01,1.568591290840465335e-02,9.682789948618575337e-02,1.235062399267954081e-01,2.207404405788493396e-02,3.867723370558718843e-01,2.874238555315414279e-01,3.086702428843339230e-01,2.869931202687541760e-01,4.133793843386429634e-02,2.868191140110300519e-01,3.280617124016721453e-01,1.260371385262823440e-02,2.506468081352806188e-01,5.082627456672769023e-02,1.997696345518266969e-01,1.866826647468099454e-01,5.922099634794206202e-02,1.731943708882654476e-01,2.428691515990313854e-02,1.535963046912891539e-03,5.638133773124359704e-03,1.881767183059354920e-01,2.751385384838672676e-01,1.657552751017213888e-01,1.020724304120273762e-01,5.175651195371813729e-02,1.269894976676886056e-01,9.897845841003397038e-02,2.565947746948703534e-01,1.025198383045639039e-02,3.847959158766174614e-02,8.512741181857561013e-02,2.575488401317260756e-01,1.167842909204847568e-01,4.203837496816733577e-01,1.128170539434984465e-01,1.839665695595971151e-02,8.249412449792103974e-02,3.571151953742565666e-01,1.561797404771404219e-01,5.576713847493255938e-02,1.562863361101075876e-01,2.062487777760197427e-01,4.060462217365194970e-01,3.219982558711989573e-01,3.122820841012777238e-02,3.406039517079467727e-02,1.614724913748215862e-01,1.136310602088463351e-01,5.235239913441763759e-01,5.507012045436555647e-01,2.204373970160308227e-01,2.636729126038502291e-01,1.377136367342987888e-01,1.579451124164731601e-01,5.222181773846434893e-02,1.012183579957269541e-02,2.487894542236322171e-01
3.342126365189894699e-01,2.792496076072267797e-01,4.515863549423715373e-02,1.111210133009184198e-01,2.466403698600075078e-01,1.822433137590735719e-01,3.968818998594808578e-01,3.258714648736664166e-01,4.030387187567488483e-02,2.637945971747593932e-01,1.893053693486079769e-01,3.997330274686046736e-01,4.130589337034129005e-01,3.627368219591335305e-03,4.332777565713746837e-02,6.340431943839419660e-01,6.998826491734037036e-01,0.000000000000000000e+00,6.801568664125468011e-02,2.366830375141961151e-01,1.550368904790422053e-01,2.776342374825291892e-01,2.088241524320806064e-01,2.617028662774255054e-01,4.104790142882694948e-01,9.196152399120571808e-02,1.772205964161967795e-01,2.786299311293685133e-01,4.102155665915130367e-01,1.181526804156005084e-01,3.892734337446993043e-01,5.715349145051948354e-02,3.731807874270189895e-01,3.370866879714275455e-01,1.548150740277883797e-01,3.389104747674265283e-01,8.730089551746551824e-02,9.918553528571660838e-02,2.413786924579129634e-02,1.976989298455383848e-01,3.453665695135527125e-01,1.349677639736137913e-01,2.007644487338255956e-02,9.169505472360817144e-02,1.679939706178393555e-01,2.827053345113050842e-01,1.342964181236948051e-01,1.555831757617739952e-02,1.561264512879886601e-01,6.457120464931388748e-02,2.595446234923415307e-02,5.384734345816571954e-02,3.975246942487971058e-01,1.026258822744639254e-01,5.925222077432235057e-04,9.561048049180453923e-02,2.684609743860234543e-01,2.797304223719530580e-01,5.529361982390720853e-03,1.973306407178809507e-01,2.401582638676081627e-01,2.884779028728221562e-01,6.148317759313342012e-01,1.176635887193736851e-01,3.084608281255230011e-03,1.465028924978072911e-01,1.458966118116402089e-01,3.510162361746476112e-01,4.488288427505719436e-01,1.021924601307427904e-02,2.305955611779304526e-01,2.035123199790234150e-01,2.868318795705979141e-01,2.013663241599584763e-01,9.594031510541195518e-03,1.670972337165712307e-01
1.719251114157337168e-01,3.797205064743638392e-01,4.025101472165605876e-01,2.605586578968216993e-01,1.931845707485805586e-01,8.600432016655323864e-02,2.772851679674309677e-02,1.369582129558033490e-01,4.346686870396871405e-01,3.805297043914501742e-02,5.744769295123260955e-01,1.751139740670090705e-02,1.478785910202234932e-01,1.781525778706786189e-01,2.370822222427837467e-01,1.559726018474940079e-01,1.568591290840465335e-02,6.801568664125468011e-02,0.000000000000000000e+00,1.829045924052878913e-01,4.344212411216938352e-02,4.507508673801120525e-01,8.102784705329113546e-02,8.120384043349651582e-03,2.831199178075105571e-01,1.419296189847282508e-01,3.475874076669255297e-02,5.332859791336146404e-01,3.431433781648729475e-03,3.236562247749593668e-01,2.847163650659895184e-02,6.109421429165170503e-01,3.702381810519109751e-01,7.707046590977404549e-03,6.443246223899884439e-04,1.540371027686726901e-01,1.824719700451323812e-01,1.544043642315717224e-01,5.550163138553532161e-01,6.491168288161468236e-02,1.257762801405213349e-01,2.285676961555090092e-01,1.355730819374364460e-01,3.759052246872188752e-01,8.359749570490024317e-02,5.757230375688314472e-02,1.965449396715904518e-01,5.850028366570921845e-01,3.521476101422311156e-01,3.624268531259283721e-01,1.752263831633982527e-01,3.830421868551983633e-01,8.427727277162094799e-02,2.936426631410489763e-01,4.689802805041831668e-02,1.367860075334165759e-01,1.889372504409260467e-01,5.623156486513587460e-01,1.183194336401249824e-01,3.788869505172069996e-01,4.825381403387964119e-02,2.816971901655919708e-01,2.812643048014099589e-01,5.481860561442891688e-01,3.498991332613798910e-02,3.723274863800757339e-01,1.197975259306065521e-01,7.078219056136397791e-02,9.417463056433113266e-02,7.264229967588173298e-02,9.152778343250789206e-03,6.159159259168117684e-02,6.681639642224426190e-01,1.029368191734597177e-01,5.228559218352181182e-01,2.545639219459389091e-01
5.328882829617845873e-01,5.689140205257631200e-02,2.362348522479697510e-01,2.530524328860882521e-01,7.114515304531698892e-02,1.018289725406397728e-01,2.011293174781415838e-01,3.145549139710147601e-01,1.795987443844416220e-01,1.259536008517971595e-01,2.864244282294719501e-01,1.415373198067564620e-01,1.625423862834066424e-01,5.158347188953923274e-02,5.120368146690814637e-01,3.955813798355672373e-01,9.682789948618575337e-02,2.366830375141961151e-01,1.829045924052878913e-01,0.000000000000000000e+00,2.063096351706204812e-01,7.004021490160644570e-01,1.237558355341739080e-01,6.489053085478409255e-02,2.460774671843902195e-01,2.797270667343243478e-02,3.132290381271136126e-01,1.298213858809986188e-01,3.404526536208482002e-01,1.050764553352129260e-02,4.129748669639285441e-01,8.257184614179936821e-02,2.891758741215911255e-01,3.881814552253144424e-01,3.770174056632156212e-01,1.884635679816211995e-01,1.730234180924373755e-01,3.069779138658676465e-02,7.562338558623118989e-02,1.612510923929560691e-01,3.502757561564720512e-01,1.145909888068047944e-01,7.542391628318348418e-02,6.103199428959119044e-02,3.798590072810942297e-03,4.216795669942133840e-01,1.973677197412631590e-01,6.255751407706783285e-02,2.374036530599447081e-01,3.454238986436750647e-01,1.591735482933565038e-02,1.675256176571024158e-01,2.791766296715280093e-01,1.030983953592545799e-02,6.688478234774627995e-02,1.012406380538222184e-01,4.657823845902706039e-02,3.155181026042908066e-02,6.620622103036807871e-03,3.171203827370706052e-01,3.595440130133403800e-01,3.276163101658693400e-01,2.927944325692530825e-01,5.328223880365939857e-02,4.649809905712163349e-01,7.387746629329727810e-02,3.298851882809737956e-01,7.005861713976230254e-02,6.535725682302401252e-03,1.221435373043843198e-01,1.436290321298216988e-02,4.661121050828553880e-02,7.427462084296343470e-02,4.109303278162215745e-01,5.844353563232143611e-02,1.473046500560117045e-01
4.485032222237161359e-01,1.716523616177080269e-01,2.360403552953326267e-01,2.241518223565831802e-01,2.804186688890526469e-01,8.074120376545873556e-02,1.894082396223183695e-01,6.578077647959779117e-02,2.347057542576577727e-02,1.907353147114563274e-01,1.548173896042055742e-01,1.633859309737522303e-01,2.109313138814100375e-01,2.710067670974268816e-01,4.389871325814169722e-01,2.951499463823097913e-01,1.235062399267954081e-01,1.550368904790422053e-01,4.344212411216938352e-02,2.063096351706204812e-01,0.000000000000000000e+00,1.973555505713776581e-01,2.183483320750164158e-01,3.920803043363091378e-03,2.665737752433361418e-02,9.131858549685900606e-03,2.916672384360008419e-01,3.778042164433827454e-01,1.970594730520984772e-01,1.121653070545813036e-01,2.785058951583920805e-01,1.218869169232113248e-01,1.747794889612014069e-01,2.981301322478007165e-01,1.126632110924656038e-01,2.081590930649325488e-02,2.401301039626420053e-01,2.545613589021447631e-01,2.555077487898372440e-02,2.517568470468513064e-01,3.326755730881050255e-01,1.668629950816964969e-01,1.250545753896267764e-01,3.764490315708418633e-02,1.378082278115901060e-01,4.509873419944473993e-01,3.403746335532354950e-01,6.674119616373982988e-02,5.125868533392402560e-02,2.697937820419501476e-01,8.552509135371613724e-02,3.161359753955054197e-01,4.871862862254272564e-02,2.799017839516112494e-01,9.922221528910746269e-02,8.461830113904530992e-02,3.958454337390145475e-03,1.074502898801903694e-01,1.647341444335202743e-01,2.069303131095043824e-01,2.155784216298731737e-01,2.197468942814392590e-01,2.520755736027849303e-02,2.765819570894195722e-03,1.170746069689164170e-01,4.940405589559208610e-01,2.892984244308551833e-01,6.628886344441003997e-02,4.441713335810337782e-02,1.391329725381451055e-01,2.557623089287680007e-01,2.568741282450392460e-01,2.422986834855695992e-01,9.376746754725939770e-03,8.237434220765005310e-04,1.348894125510721465e-01
