0.000000000000000000e+00,5.709563814600433496e-01,4.407669234502737954e-01,3.322081902841192980e-01,3.397950423058677671e-01,3.452326394540802812e-01,1.528565860089225181e-01,3.671189554637673824e-01,2.785259103561942284e-01,2.540993847620693358e-01,2.243047302865802672e-01,1.529593765003195438e-01,2.829120394420390761e-01,2.635333231546963667e-02,1.605181490505025454e-01,4.288890860487736267e-01,3.166196268096237998e-01,4.549161103580315335e-02,1.852322701899181412e-01,2.810564227371338264e-01,6.141298063238265215e-02,3.137146295950749009e-02,2.665859672100995281e-01,1.312131851826295326e-01,4.733099950132008682e-01,3.455152205072985483e-01,4.007992790629588131e-01,2.346524192313541868e-01,3.476895930066999374e-01,1.190693174548307365e-02,1.192094255930322699e-01,6.250710860480901410e-04,3.599875725519382508e-01,1.232340907076936998e-01,1.529568752395710773e-01,4.656967368029223397e-01,4.112705703715630046e-01,1.089818915970974245e-01,2.632253985811870978e-01,1.061453073084565601e-01,1.801205540193450694e-01,1.105887433533911113e-01,4.065404316028003451e-01,3.130978795943276660e-01,1.949660420727045707e-01,5.671891822223171786e-01,3.684269980622502105e-01,1.505049967753328277e-01,1.901616984672138133e-01,4.108235853245728597e-01,1.134121134166874573e-01,3.302515485517252825e-01,2.664103650970985337e-01,1.899955930865921683e-01,2.901321677387292408e-01,2.392796476313909793e-01,3.022752611805363254e-01,1.865734689325185824e-01,1.067070684805968839e-01,1.330483190274289740e-01,2.398195084433053514e-01,1.162032083028170792e-01,3.518325126966778682e-02,3.267916299174721262e-01,4.390854011131481993e-01,3.969400752754437267e-02,1.573941876678394136e-01,1.359582775950468614e-03,1.557620630019196650e-01,1.137719163169505499e-01,5.034127941691113328e-03,1.960590148845199887e-01,9.569412699085433349e-02,6.122100124117054731e-01,5.481733500469080367e-01,4.681072116992657794e-01
5.709563814600433496e-01,0.000000000000000000e+00,3.111103772632074493e-01,1.946639350083616549e-01,2.433972487333197210e-01,1.632240980635872862e-01,1.398054144143044131e-01,1.922048018085704135e-01,2.691676095318081829e-01,9.987118022540569795e-02,1.772954833856034140e-01,1.145425299304181077e-01,2.657784446614391838e-02,8.688429980308454148e-02,2.121406720688104319e-01,5.709556705177145641e-01,1.360704779094956685e-02,5.140381082672784707e-01,1.392055009322417936e-01,1.189177751186038523e-01,9.117250595994341733e-02,3.887751796389760095e-02,1.538310660449609957e-01,2.354252122200315434e-01,6.824604254426185346e-01,6.408507182825983195e-01,1.068300272240822468e-01,2.256812577093973149e-01,7.449304325683919759e-02,7.517217027685780401e-03,5.916417991285394251e-02,2.313705952002949595e-01,3.966334606233535842e-01,1.384246360679683152e-01,2.714137826183980751e-03,3.009417122239892439e-01,2.764479290416073654e-01,6.510533716465402576e-02,7.567501220769926040e-02,1.927791194997772739e-01,2.073274067239737617e-01,2.160054471779326857e-01,4.335195221009235378e-01,3.369587145449343124e-01,4.816968845635008489e-02,1.380379254756186613e-01,8.223211286126941300e-02,1.731294194665846387e-01,2.740997445975545954e-01,4.722119146170374315e-01,4.152183555444920460e-01,1.920264085691546219e-01,1.098384338669415872e-01,2.690206768153952654e-01,3.290019831501185266e-01,2.811867646514738528e-01,4.502264056592591990e-02,1.739657804864484236e-01,4.501789470389273157e-02,1.500280562622954839e-01,1.184619634746568728e-01,8.648096349520129067e-03,2.350799866418659678e-01,2.776627372865396182e-01,1.690454751837931202e-01,2.092067140832509220e-01,1.677590934931231792e-01,1.061578547800314798e-01,1.526640193093501130e-01,2.183266977357220529e-01,9.014909716207603063e-02,1.740327406334974125e-01,2.013062368978074945e-01,3.977463714413203011e-01,3.683963044389989006e-01,3.885020755618702193e-01
4.407669234502737954e-01,3.111103772632074493e-01,0.000000000000000000e+00,6.783313403018028653e-01,7.129291715679574315e-01,5.187493278014958520e-01,5.141023486079513427e-01,6.969926420311314264e-01,8.481544264584079951e-01,5.876091919084206472e-01,7.977772423878234376e-01,3.958477974029410706e-01,5.300519491748603151e-01,3.505012985309191031e-01,6.572335375649264178e-01,2.471891391127389315e-01,5.462382332132602603e-01,1.662910074681236694e-01,7.050250966993042434e-01,7.622584184661572726e-01,4.903140393887446824e-01,6.568368428099613521e-01,6.646554786172160778e-01,9.967086342559278167e-02,1.678050519377055905e-01,8.837409993965983368e-02,6.788563677390808682e-01,6.405867242973319886e-01,5.776968282533241350e-01,2.652950245274162122e-01,3.823677614277207759e-01,2.141524618861638529e-01,6.507502234083541170e-02,4.023690637835489747e-01,1.910830439268622893e-01,5.605146143212528242e-01,4.114133527443058491e-01,1.355368365795368291e-01,1.193744389198338196e-02,3.039594998093711475e-01,8.361511944481474223e-03,1.305495662477584862e-01,2.575559414316726525e-01,2.420339735361018985e-01,4.688514661733289568e-01,7.116108773852183877e-02,6.496175514736314272e-01,6.112305258972018374e-01,4.207160554486463200e-01,5.887659185990727906e-01,6.661552018463023916e-02,4.997775341434700369e-01,6.585247255226229779e-01,8.383771078587789471e-01,4.947818858319513735e-01,6.343022897556147566e-01,3.376259889543092862e-01,3.463014862680303674e-01,2.596776958666597857e-01,3.879210527788479745e-01,5.215169319809525028e-01,3.715894460873961358e-01,4.292977051050857196e-02,7.429259090157818157e-01,1.319297817925853544e-01,4.079212930229248468e-01,7.368823117598393146e-01,4.927194355168645346e-01,6.049677903447429894e-02,2.466628755029730280e-01,3.572562813512050184e-01,1.920098423430138812e-02,3.308303214315951868e-01,6.511729906205624419e-01,4.974063382511202391e-01,2.836659886233726668e-01
3.322081902841192980e-01,1.946639350083616549e-01,6.783313403018028653e-01,0.000000000000000000e+00,6.715988903149008316e-01,3.509784899439038486e-01,5.837103742028459941e-01,4.201402549910251416e-01,5.941667670942777368e-01,4.569344581790347748e-01,4.678643378976954925e-01,4.748872538511328956e-01,4.724406888973534668e-01,2.587986270150125501e-01,3.489641792282320298e-01,6.948394456876150205e-02,4.717612442962727526e-01,2.670164567567579472e-01,5.437233312731420964e-01,5.419020718522423730e-01,1.601257287456448464e-01,5.232015373229641497e-01,3.826374534964252505e-01,6.712932575016991588e-02,2.160283412520251911e-01,7.719233822959278846e-02,5.051483463460204604e-01,4.418297411310361245e-01,3.505880944912209696e-01,1.972208738852468946e-01,3.055273545258337942e-01,2.076491311562186082e-01,6.261106928441048658e-03,5.940518258484370762e-01,3.267701350598980481e-01,8.047131846213178008e-01,6.097599842026748540e-01,1.332010163350929588e-01,1.583408045991838431e-01,2.029762892944680930e-03,3.564282330574389257e-03,5.238104559450207365e-02,9.172153516489700564e-03,7.901447551895042498e-04,3.165141873959552710e-01,3.169588405414353049e-01,4.044755901347869553e-01,2.350479832936231972e-01,3.972827326741201204e-01,4.952576623151495605e-01,2.190073781868647484e-01,3.001684590990135737e-01,3.306252364647550568e-01,4.883168840403381838e-01,2.994973341241525255e-01,2.712590978079733595e-01,3.206411377417240915e-01,1.277371710773851643e-01,2.908394700635097418e-01,1.226946755071639389e-01,1.944291397436054836e-01,2.797678917395924891e-01,8.296739660000622407e-02,4.471499178934975616e-01,4.272279551724530999e-02,1.074943230177285852e-01,4.116157117516645036e-01,1.439389500624217721e-01,1.622658112684385034e-01,1.755994993055220998e-02,7.267547313141611842e-02,8.775707144316360897e-02,2.327282370541632062e-01,5.759576809679014531e-01,4.669350863742450231e-01,3.787582714668341621e-01
3.397950423058677671e-01,2.433972487333197210e-01,7.129291715679574315e-01,6.715988903149008316e-01,0.000000000000000000e+00,4.461817110259562735e-01,8.272458232806567668e-01,5.291905411222930233e-01,8.502159296404500077e-01,7.012798863691505069e-01,7.084288235758228192e-01,3.719042303138455074e-01,5.873155863297893076e-01,3.393603223164788907e-01,5.919687456921240987e-01,3.231028407407304792e-01,5.835351069341816466e-01,1.126712602631144144e-01,5.305229571722168691e-01,5.792276469736822309e-01,5.073154735219516098e-01,5.837109962938732410e-01,6.255477410151206730e-01,3.630025391290245956e-02,2.351665234008787908e-01,1.817144655611948878e-01,6.689785784406738767e-01,5.943107921341956867e-01,6.437395589866202750e-01,2.737893189356265800e-01,1.306571731677732828e-01,1.404957869928775971e-01,9.805834689308123853e-02,4.820440841655276309e-01,4.154519048825184857e-01,4.528369150777915575e-01,2.963861584369650859e-01,6.959717256689176845e-02,2.679659219473755349e-02,2.069795699850984494e-01,1.866062691736430912e-01,2.509559437854625430e-01,1.959225502361691407e-01,9.756381335178558600e-02,3.779263207778117417e-01,5.940169044385291974e-02,6.746036491502664934e-01,5.966447642250263250e-01,4.807782879080237937e-01,6.996849836833494152e-01,2.357649371700399621e-01,6.776567089978482450e-01,4.559599553443928754e-01,6.916875249206299037e-01,6.160658261149523085e-01,6.533551838105167153e-01,3.211177122123963779e-01,3.168042473540240156e-01,2.244965064015821965e-01,3.943460684266749672e-01,5.836399676830182903e-01,4.907638346213000768e-01,1.219495720086691687e-01,5.194533254456856763e-01,8.578064263293852520e-02,4.857578307779708560e-01,7.098654806115114457e-01,4.148163995214851352e-01,2.351883845864874145e-01,3.851758303232644121e-01,4.276989785980221392e-01,7.808538608010864857e-02,2.596323581512224310e-01,5.722792909626144287e-01,4.024442402738104274e-01,1.623643760660548607e-01
3.452326394540802812e-01,1.632240980635872862e-01,5.187493278014958520e-01,3.509784899439038486e-01,4.461817110259562735e-01,0.000000000000000000e+00,6.292333504463838434e-01,7.976332217195877261e-01,5.073332712560818525e-01,7.294974991723923718e-01,3.999890688815328499e-01,6.323060403931177742e-01,5.965492394123834696e-01,2.353802061104970367e-01,6.883850067658106031e-01,1.705334801795525546e-01,7.671435715842931380e-01,1.815884349988801938e-01,2.600053491723254839e-01,7.743578007897349291e-01,7.967236722643411539e-01,6.612465082502261282e-01,7.484606304845855540e-01,2.591407942865390224e-01,6.336930753293573693e-02,4.949449799094471913e-01,7.707338409423901693e-01,3.911595346686221886e-01,7.571807626004445346e-01,2.748868719901244595e-01,2.073933733580013428e-01,1.474118386427049066e-01,1.019870852590318705e-01,3.440983057609831586e-01,2.570867066536690615e-01,1.915720602870166767e-01,1.361074557961263198e-01,8.801984410064647713e-02,7.428220496273564566e-02,4.330517077090844102e-01,3.259572506128905617e-02,2.144020636292491289e-01,3.570505490243806590e-01,2.295145739898515613e-01,3.291621855497187665e-01,1.126376642399830041e-01,8.372815252531790042e-01,2.852591165117343563e-01,2.296907657774398537e-01,1.786656257110022794e-01,2.329032894507964135e-01,4.233762250221974055e-01,7.306395462806216656e-01,3.899688927899041535e-01,4.289477600746227637e-01,2.975127621246613785e-01,4.382935225166381676e-01,5.998037369986015666e-01,1.367452872308659584e-02,4.411602140822340479e-01,6.588044411268850764e-01,5.951200450129839892e-01,2.411489995114607099e-01,4.119658377556173479e-01,1.151013781931772284e-01,6.494201208949607063e-01,6.758263265143000798e-01,5.259228200310483992e-01,5.765832544382638869e-02,4.255506416635117528e-01,6.409667146698634355e-01,7.091567485153404959e-02,2.109579961689231897e-01,5.356424951860170314e-01,3.872701819881509411e-01,5.601566270980332801e-02
1.528565860089225181e-01,1.398054144143044131e-01,5.141023486079513427e-01,5.837103742028459941e-01,8.272458232806567668e-01,6.292333504463838434e-01,0.000000000000000000e+00,5.261725433651072148e-01,7.415472925955743921e-01,7.654901047641895495e-01,5.753278484806052528e-01,4.975437683984350601e-01,7.478330155252574940e-01,4.110979871512835393e-01,4.658687849852695684e-01,1.284750237178755028e-01,8.502616861042937568e-01,3.688774024296102017e-01,4.503163588772090553e-01,5.508240253426464061e-01,4.772719672239820188e-01,5.537317566463297869e-01,5.958865642150358299e-01,1.029138900285640756e-01,8.795431245947504806e-02,4.749795145183894896e-01,5.866052163519084317e-01,4.369194707083542961e-01,6.443587922220270769e-01,3.263168291402902543e-01,2.741464228075629617e-02,5.237726223259953767e-02,1.398533706177714220e-01,4.635893225888556568e-01,4.863693291840219257e-01,4.862688536112015347e-01,2.436251179457264160e-01,6.668546132315938957e-02,2.981109169968114425e-02,1.132293420957258268e-01,1.961574407935319786e-01,3.592058052947306734e-01,1.418748000033143164e-02,6.608193066237461055e-02,3.318296985341946392e-01,1.523490228859636364e-01,6.523453449956201355e-01,4.977904458914279573e-01,4.097665885289145660e-01,4.454806654295055957e-01,5.875167678744318278e-02,5.271933337035916711e-01,4.551495607627250584e-01,6.206625726656842534e-01,5.308096085308711132e-01,5.561382638092633446e-01,3.791796608451808437e-01,4.261328453604381616e-01,5.733598021108818332e-02,3.273706176382616961e-01,5.615759441730747703e-01,6.006231669046553368e-01,1.646752730495184835e-01,4.617089320352892878e-01,1.439294320274188133e-01,4.543597874214158061e-01,5.971226128626330176e-01,4.014727241519026046e-01,2.184187782485547957e-01,3.802052398979253178e-01,5.556340582451931853e-01,1.049508583295151454e-01,2.492421706466799725e-01,4.574798432021123795e-01,2.538233040156610554e-01,1.095452032434606968e-02
3.671189554637673824e-01,1.922048018085704135e-01,6.969926420311314264e-01,4.201402549910251416e-01,5.291905411222930233e-01,7.976332217195877261e-01,5.261725433651072148e-01,0.000000000000000000e+00,6.254309915208937642e-01,6.922923587315789051e-01,6.552238005423429712e-01,6.021939161132051632e-01,5.263406250415921805e-01,3.564282798015068199e-01,6.074254745125930999e-01,4.367692529284307179e-01,6.233568811316855252e-01,7.400068856065127043e-02,3.423198641632451689e-01,6.139880463817926071e-01,7.086917956369467309e-01,3.928606973451199691e-01,8.479843179747753590e-01,2.406127747422932561e-01,3.132523577583159469e-01,3.333388836747455120e-01,7.109420201584129018e-01,4.624502908669244627e-01,5.932975673766256453e-01,3.129406602798394110e-01,2.770253887899368772e-01,1.338006414787433762e-01,1.499916673574123727e-01,4.542609642629419353e-01,2.399285609920495665e-01,4.194189605870418114e-01,2.083089343339294963e-01,2.266415063727789114e-02,1.209191528012978911e-01,3.642001478129597292e-01,1.482736459511884985e-01,1.693725165716649661e-01,4.733278812994982099e-01,3.726414482936299399e-01,4.166759990379844125e-01,1.549719280414814659e-01,6.841899650750927764e-01,4.599692289362188324e-01,3.762831793959851012e-01,4.187341515555005333e-01,3.905042677560610631e-02,4.773974394725263859e-01,8.538592452766983198e-01,5.794316309512739238e-01,5.094835480058093058e-01,5.745059847047833124e-01,4.962769674896477246e-01,3.796752202761315975e-01,1.789040621898556893e-01,3.365175047290446253e-01,4.957665932081247173e-01,4.242649260824409296e-01,6.726286030927912385e-02,4.793158686830280568e-01,2.199740232728636113e-01,5.809218990940113736e-01,5.713824292415254913e-01,5.426379112298475027e-01,2.341784114520251148e-02,1.735184773994025154e-01,4.922849696156326171e-01,1.087121088809421265e-01,2.403347116523882332e-02,7.479908709062563776e-01,5.588866668358206669e-01,3.878234888472038566e-01
2.785259103561942284e-01,2.691676095318081829e-01,8.481544264584079951e-01,5.941667670942777368e-01,8.502159296404500077e-01,5.073332712560818525e-01,7.415472925955743921e-01,6.254309915208937642e-01,0.000000000000000000e+00,7.465719439646125721e-01,8.008848583338278315e-01,3.565826022433984388e-01,6.160590918334840627e-01,2.398128219465943678e-01,7.640588851957722527e-01,2.936548178811195786e-01,6.557993826426948836e-01,4.249309357903183204e-02,5.729965631264025694e-01,7.546949719723803351e-01,6.793954650263855921e-01,7.380880923119610415e-01,7.003721763653936172e-01,6.809205890134090167e-02,2.394032974257585267e-01,1.889638319198425342e-01,7.547639729141811804e-01,6.891071633254558515e-01,7.581967338550078539e-01,2.991424982193007232e-01,3.098448229586087121e-01,1.272567030929883936e-01,5.338278444222843699e-02,5.207792488921593188e-01,4.367849628004328855e-01,4.075199693380421873e-01,3.697022904499528972e-01,3.343359889378422212e-02,9.769026525847160358e-02,2.120945701759601176e-01,2.348447390852479999e-01,2.570830849833069531e-01,3.852945307394132768e-01,1.686212613298442298e-01,4.020731431487202245e-01,1.680503352307502196e-01,7.171345168508785894e-01,6.634698099573574925e-01,4.899464666281315162e-01,6.905985293933798452e-01,2.583982505902652771e-01,7.096773183131757090e-01,5.504414020134071883e-01,8.758198329541639904e-01,6.163174042615076065e-01,7.230929554446454688e-01,3.017614618873648569e-01,3.020297870617313918e-01,5.771216089233445479e-02,6.176758158253847775e-01,6.479435447439186868e-01,4.684171328276990343e-01,4.846743985880397343e-02,6.360308039173530048e-01,1.217474344629505545e-01,6.386792343934200034e-01,9.029844713890026187e-01,5.376551611074310566e-01,2.301884450038291785e-01,3.772265992235964704e-01,4.819303298880745490e-01,3.758057616995613692e-02,1.976837865999354626e-01,5.654808968815443482e-01,5.432108215900907089e-01,2.063606874227809640e-01
2.540993847620693358e-01,9.987118022540569795e-02,5.876091919084206472e-01,4.569344581790347748e-01,7.012798863691505069e-01,7.294974991723923718e-01,7.654901047641895495e-01,6.922923587315789051e-01,7.465719439646125721e-01,0.000000000000000000e+00,5.927059167972825726e-01,5.438405696423000979e-01,6.070708468628878141e-01,2.664662416122092758e-01,6.564982086419837159e-01,2.068522125548895030e-01,7.598186362377442604e-01,1.146189480067767996e-01,3.373002554412835030e-01,6.186943474261189513e-01,7.720320809464187306e-01,5.534616853722662544e-01,6.533696643821493844e-01,9.662823460439765033e-02,1.981999972799447507e-01,2.899550383776531293e-01,7.456008646455523081e-01,5.693861185747035591e-01,8.430232513724408294e-01,2.488043884812213280e-01,4.429400699779850181e-01,7.659348876525204353e-02,1.621026466159940227e-01,5.576332173538978143e-01,1.401246228389732285e-01,4.382543553079748522e-01,4.345650170804207790e-01,5.030971295909042462e-02,1.191572814599266283e-01,4.768353612292265398e-01,2.125551355316144739e-02,2.265776803952611052e-01,2.858346815381689332e-01,1.961543056916216499e-01,4.602872712983807624e-01,9.507377884460571638e-02,6.659574670673817920e-01,3.527297482972132636e-01,4.657276258779159406e-01,5.718564051831317441e-01,8.863885875976408590e-02,6.401995319039599508e-01,6.259381392915444042e-01,6.505315286379658168e-01,7.176083452201438284e-01,5.850747652688890188e-01,4.396195502033455882e-01,5.393501488632210794e-01,1.173655114134009581e-01,3.700599812512800346e-01,5.393750639248451328e-01,5.683215041935683054e-01,6.840845215103094623e-02,4.491677911206002349e-01,2.979164907197449086e-01,6.815766591680888498e-01,5.433410342980773411e-01,2.939695722887565865e-01,1.624619758061479069e-01,3.781552683531433923e-01,4.788876449757736298e-01,1.425195787005340553e-01,1.367223668644775014e-01,6.195059843758072837e-01,4.725230045192553852e-01,2.175228015108694457e-01
2.243047302865802672e-01,1.772954833856034140e-01,7.977772423878234376e-01,4.678643378976954925e-01,7.084288235758228192e-01,3.999890688815328499e-01,5.753278484806052528e-01,6.552238005423429712e-01,8.008848583338278315e-01,5.927059167972825726e-01,0.000000000000000000e+00,3.134355260628028939e-01,5.180414641448113366e-01,3.839060410504251397e-01,6.064734908525046819e-01,4.265227803396818840e-01,4.676422189169153754e-01,3.082843748000976825e-02,7.387442045321171991e-01,5.224970227406151579e-01,5.247055316436892713e-01,4.669984245411711865e-01,6.954169225098285612e-01,7.343873572836109864e-02,2.657386474216622552e-01,1.846579196593904904e-01,5.491521018078255878e-01,5.890185776796946771e-01,4.559195628979878512e-01,3.040456359238392081e-01,8.591869088494910600e-02,5.057422983628026558e-02,7.538480274386555324e-02,3.186666988010432022e-01,3.327244694679466486e-01,3.617705629694877301e-01,1.559559193517086328e-01,7.958295972756290748e-02,1.434356073577659485e-01,1.359460760770263843e-01,3.200769481173045827e-01,3.103939381902443007e-01,3.024983787058825313e-01,1.097164388183191341e-01,2.535555216327808337e-01,1.774688494237358638e-01,6.805513796141404725e-01,8.353477872777297364e-01,4.892999935000071354e-01,5.743482790075267186e-01,1.004811370556808192e-01,5.578263617975550703e-01,5.510951795233729467e-01,8.187533168795373406e-01,6.022916124237511770e-01,8.739894982181616312e-01,3.142442729496589537e-01,2.376545342316114251e-01,1.761217182426045857e-01,4.269587441842506159e-01,4.854791444672729162e-01,4.637945651989016649e-01,6.269249312791334849e-02,7.803017502301915487e-01,2.111461091571445459e-02,4.694267527203261903e-01,7.139186737066223198e-01,5.231595568786693295e-01,2.624259852905675983e-01,2.765974759714249220e-01,4.384567028610358297e-01,5.140553769665134887e-02,1.671049436891896278e-01,5.406205104903241132e-01,3.902591622417355133e-01,2.112810920762863698e-01
1.529593765003195438e-01,1.145425299304181077e-01,3.958477974029410706e-01,4.748872538511328956e-01,3.719042303138455074e-01,6.323060403931177742e-01,4.975437683984350601e-01,6.021939161132051632e-01,3.565826022433984388e-01,5.438405696423000979e-01,3.134355260628028939e-01,0.000000000000000000e+00,6.113182329535673531e-01,3.591969849504191847e-01,2.294288254969436558e-01,2.942108687988094495e-02,5.795924204344222730e-01,2.128896292140137203e-01,1.621973079959911912e-01,3.715490586692088426e-01,2.965323937449737546e-01,3.109714610550370906e-01,5.042411547475540434e-01,6.682377245661341725e-01,5.889178913077611210e-02,5.852126809508817473e-01,3.922575207797051600e-01,2.885500567083977286e-01,3.256073515539152363e-01,2.438811355322826058e-01,2.820467244490879599e-01,3.136862446099053514e-02,3.183573726204825816e-01,2.636978465674797434e-01,2.522558032064646863e-02,2.675509160781622819e-01,1.161031324216930810e-01,2.090098968860946982e-01,1.362749525438717302e-01,5.435808753389423931e-01,4.311304511016382790e-01,4.873319091926359148e-02,9.790761456997949808e-02,3.691588152333358241e-02,4.051247107209143827e-01,4.145911896834922339e-02,3.641232792441818633e-01,1.167200393789467605e-01,3.403484940546598336e-01,1.910051629846502841e-01,3.563563081744059446e-01,3.224732135950267864e-01,6.407943287868782534e-01,2.476328652643123851e-01,3.999079976442812545e-01,1.978532799969536515e-01,8.508531647986415924e-01,7.166357949638340052e-01,2.289644473316634066e-01,1.062481299873904439e-01,1.703183437816296331e-01,5.174465864015276306e-01,1.424071619726281213e-01,1.495300357961540649e-01,2.394853042270448373e-01,2.046767626380745775e-01,1.250469824997321178e-01,2.995820328598594040e-01,3.967384871102012101e-01,1.281380479056537236e-01,5.166767531676512704e-01,1.060959537692342664e-01,4.126070093853370091e-01,4.812852494382476864e-01,7.644943994581231139e-02,4.214080833313746388e-02
2.829120394420390761e-01,2.657784446614391838e-02,5.300519491748603151e-01,4.724406888973534668e-01,5.873155863297893076e-01,5.965492394123834696e-01,7.478330155252574940e-01,5.263406250415921805e-01,6.160590918334840627e-01,6.070708468628878141e-01,5.180414641448113366e-01,6.113182329535673531e-01,0.000000000000000000e+00,4.579713207544074405e-01,3.861592713651491593e-01,6.319417609732508323e-02,7.054116544731523497e-01,2.535070176219352267e-01,3.834564051439144916e-01,4.832306137107993393e-01,3.923036496702222431e-01,5.054028049355885344e-01,4.339820942589802111e-01,2.448265920687301422e-01,2.161354683855250536e-01,3.887629044761310992e-01,4.643136810114795177e-01,6.606441813488739268e-01,4.210301013350200572e-01,3.576165466054676001e-01,4.664151162848478860e-02,8.020716448379279495e-02,6.454284785505261246e-02,2.890862438964060255e-01,2.470369039375923670e-01,3.563744222321764132e-01,2.186441082809618408e-01,1.090627127224338688e-01,5.283825511454545709e-02,1.056298896851000646e-01,3.161093009334838000e-02,2.430895218127741564e-01,2.167460061112003178e-02,8.883323421273631171e-02,3.112325053859092416e-01,7.555155649002488760e-02,4.145053585337433733e-01,3.887886872681268202e-01,3.894906389280522463e-01,3.321019984300344619e-01,1.072646190179474268e-02,2.604351203614543864e-01,4.735888107852223028e-01,4.905917771376397396e-01,3.259701185230314269e-01,3.516640548173678438e-01,4.666448813011172536e-01,5.499660516749563799e-01,1.329465717338643438e-01,1.477872655788753375e-01,2.884573014214554809e-01,5.811259752801820611e-01,2.863121683744526691e-02,3.442344440169590181e-01,1.228538272973552503e-01,2.565208588302902992e-01,3.893857019844890188e-01,2.974922350401102422e-01,1.162317358483655888e-01,3.366285693922846378e-02,3.620850785381918291e-01,2.945945717451814994e-01,3.945251524504165275e-01,6.549703885724733610e-01,2.040184913036343917e-01,2.519045455096365072e-02
2.635333231546963667e-02,8.688429980308454148e-02,3.505012985309191031e-01,2.587986270150125501e-01,3.393603223164788907e-01,2.353802061104970367e-01,4.110979871512835393e-01,3.564282798015068199e-01,2.398128219465943678e-01,2.664662416122092758e-01,3.839060410504251397e-01,3.591969849504191847e-01,4.579713207544074405e-01,0.000000000000000000e+00,1.876095348762622239e-01,1.261105848031414678e-01,3.447850950406290971e-01,1.736580891852781694e-01,3.049122228847597760e-01,2.708845181166908977e-01,1.208249848484563987e-01,1.662805623924952791e-01,3.088323858171032610e-01,3.523040550548703909e-01,2.323770923574349639e-02,2.412994810657982936e-01,2.074918329367185232e-01,3.738945389252363860e-01,1.109890700146651532e-01,4.460022947919268232e-01,1.445707456426600923e-02,3.217041491352401472e-02,5.072514093067219398e-02,1.058393932087526995e-01,1.555582060982314552e-01,2.839279782384414030e-01,1.162259089076442820e-01,3.876350347763934945e-02,7.074315775551788532e-02,1.030231234357250752e-01,6.057474818470280631e-02,6.259314467610704869e-02,1.070641935027171754e-01,1.472348191982859045e-01,2.741208100722463681e-01,7.610194159877575748e-02,3.276205976964452482e-01,2.264028442314067746e-01,2.198837145976758056e-01,7.833437221591982302e-02,5.896364400120420596e-02,1.971175668075189624e-02,2.692535634782470266e-01,1.594457702104733754e-01,2.216113401097651592e-01,1.454270166701238098e-01,3.073537042066557534e-01,2.416598911228177715e-01,2.213793059235310556e-01,1.266017228937623210e-02,2.495311681471231169e-01,4.316766555045463138e-01,9.002102468127543000e-02,2.001876843799113570e-01,6.878942268360939416e-02,9.301737668318374452e-02,2.224130683315714008e-01,1.500300161888514228e-01,1.092046690524138552e-01,1.789133109628978646e-01,3.255109020800060482e-01,1.926425180556822214e-01,3.612604823368678608e-01,3.389136485830490098e-01,2.117306106803473059e-02,1.039897848726215601e-01
1.605181490505025454e-01,2.121406720688104319e-01,6.572335375649264178e-01,3.489641792282320298e-01,5.919687456921240987e-01,6.883850067658106031e-01,4.658687849852695684e-01,6.074254745125930999e-01,7.640588851957722527e-01,6.564982086419837159e-01,6.064734908525046819e-01,2.294288254969436558e-01,3.861592713651491593e-01,1.876095348762622239e-01,0.000000000000000000e+00,4.354531786422540796e-01,4.745715691826912774e-01,1.292032710961872333e-01,4.686692571259097884e-01,9.175978511908842172e-01,8.773268809300306392e-01,9.064795015381842402e-01,8.244958666895616517e-01,8.818405605735013530e-02,2.248573681208497765e-01,1.480286741228748204e-01,8.931993676373769508e-01,5.733416889840081687e-01,8.500424660110865727e-01,2.697557047388819407e-01,2.448118650221645931e-01,2.736932524820126500e-01,4.201279884686745514e-02,4.909177286936840523e-01,4.024478765459401086e-01,2.733683141226265212e-01,2.326137369472925376e-01,2.320116486518023213e-01,1.075665189950751888e-01,3.622649404097832981e-01,3.880821243565890644e-02,5.446970402690391733e-02,4.011649580298609630e-01,1.708908735147346702e-01,2.625770678335460628e-01,3.124950246583968472e-01,7.160747817335204601e-01,6.279162749594437987e-01,2.593072896616953060e-01,3.463913014937510804e-01,1.008924895059636340e-01,3.308768671164272757e-01,5.932868291101183189e-01,7.134623394664860729e-01,3.975481003436055483e-01,6.081651985803506744e-01,4.244051108958148133e-02,1.361657510562424567e-01,1.152579776969400172e-01,7.942641525982582218e-01,7.240001635845747519e-01,3.100068899314041282e-01,2.714013634194495372e-02,5.893618131432960539e-01,1.218237262825707656e-01,8.458081488631019607e-01,8.942210258535913114e-01,7.221013689527686630e-01,1.883727832695490934e-01,3.761720967725167286e-01,4.182422763948550060e-01,3.040399451419095733e-01,9.154193321927073246e-02,3.728260534638218049e-01,4.335990260173933075e-01,5.576838673719705652e-02
4.288890860487736267e-01,5.709556705177145641e-01,2.471891391127389315e-01,6.948394456876150205e-02,3.231028407407304792e-01,1.705334801795525546e-01,1.284750237178755028e-01,4.367692529284307179e-01,2.936548178811195786e-01,2.068522125548895030e-01,4.265227803396818840e-01,2.942108687988094495e-02,6.319417609732508323e-02,1.261105848031414678e-01,4.354531786422540796e-01,0.000000000000000000e+00,8.362914897104811729e-02,6.651331587453607197e-01,2.127920741032293672e-01,3.123701141440829998e-01,3.920919289972011335e-01,7.148048248225341572e-02,4.789705645344130569e-01,3.078784305647792041e-01,7.446501007817181161e-01,3.492661017915319466e-01,3.235150895303318119e-01,1.261401020210924928e-01,2.312648453126902037e-01,1.001816795869419074e-01,4.164524449591913702e-01,1.086766503644717441e-01,4.223894119440241290e-01,2.295701690372689008e-01,3.081026332153585789e-01,4.018281458270803741e-01,4.836807841589037260e-02,4.873810452212786748e-01,2.353725485238445103e-01,2.486999139066472242e-01,5.639330709443232115e-01,2.196771127129119316e-01,3.490222928355079524e-01,6.903507300188327367e-02,1.518845494726919765e-02,3.194179723141638005e-02,3.571447050026336778e-01,4.806622178728211514e-01,3.443978621921495176e-01,3.260676967454236297e-01,3.335567165161048564e-01,1.930688996617048458e-01,2.793308663405851267e-01,2.715600661650893199e-01,3.125139634958022938e-01,4.339009825031555634e-01,2.060151637234790625e-03,4.546554421122436795e-02,4.194828642761651988e-02,3.417580034582238802e-01,2.700096871630865980e-01,8.895119710827886772e-02,3.994794276282240264e-01,3.925734092363906136e-01,2.573989735138152435e-01,4.089357740155944443e-01,3.707360191782840819e-01,3.384374658953557824e-01,3.866857074477332290e-01,3.559161665128429686e-02,1.589772874752939102e-01,1.404321404830214670e-01,2.949421745603147405e-01,4.927735906555074652e-01,3.646187875057084193e-01,2.628699448011738715e-01
3.166196268096237998e-01,1.360704779094956685e-02,5.462382332132602603e-01,4.717612442962727526e-01,5.835351069341816466e-01,7.671435715842931380e-01,8.502616861042937568e-01,6.233568811316855252e-01,6.557993826426948836e-01,7.598186362377442604e-01,4.676422189169153754e-01,5.795924204344222730e-01,7.054116544731523497e-01,3.447850950406290971e-01,4.745715691826912774e-01,8.362914897104811729e-02,0.000000000000000000e+00,3.778977849835883362e-01,2.495006609600836645e-01,6.046747926471169876e-01,6.656434438987008928e-01,4.987959390391024650e-01,4.770974684271265254e-01,2.851575456181620338e-01,4.076534586660973680e-02,3.963682693090368470e-01,6.038405229303286381e-01,4.790040285904634265e-01,8.271553887175113751e-01,3.200774729488033987e-01,5.870190240386525815e-01,1.560057614854796215e-01,2.190453036908436846e-01,4.715868265568197715e-01,8.184482876424596653e-02,2.710571142853340776e-01,2.805999614429141031e-01,1.156201398894702859e-01,8.061459689960354114e-02,5.037317460476203879e-01,1.615757304650462522e-01,1.202651941293551713e-01,1.985354233467626905e-01,1.812798535631946484e-01,4.535156310042632866e-01,5.963321096962134749e-02,6.283843888638823705e-01,1.645481551640123330e-01,4.561853382607735097e-01,4.974449056820564041e-01,1.841454732111726111e-01,7.407385315465007114e-01,6.071680873744567108e-01,5.915926427187476744e-01,5.062499236093469523e-01,4.263497774944013385e-01,4.064113617174244242e-01,7.133307927190979392e-01,2.863793932359784966e-01,1.441163397584326322e-01,5.775161557713717198e-01,6.637579166522362684e-01,2.726774410428555728e-01,3.625926892297909321e-01,2.366153195930957853e-01,5.162647072094388445e-01,4.584074119314885398e-01,1.798157240801304124e-01,2.248290421813313456e-02,2.964653478116635044e-01,5.260589776294803954e-01,1.993386646466059064e-01,3.611219544720535302e-01,4.189643711808705984e-01,3.795278702679954486e-01,1.156374530820512558e-01
4.549161103580315335e-02,5.140381082672784707e-01,1.662910074681236694e-01,2.670164567567579472e-01,1.126712602631144144e-01,1.815884349988801938e-01,3.688774024296102017e-01,7.400068856065127043e-02,4.249309357903183204e-02,1.146189480067767996e-01,3.082843748000976825e-02,2.128896292140137203e-01,2.535070176219352267e-01,1.736580891852781694e-01,1.292032710961872333e-01,6.651331587453607197e-01,3.778977849835883362e-01,0.000000000000000000e+00,7.383411582550208907e-03,1.863894531182712921e-01,1.210129618063869317e-01,3.148628984450768664e-01,2.085435300560516125e-01,3.535356326980682584e-01,6.543052212288178460e-01,3.664116202959061819e-01,1.025650221075158353e-01,9.685153372823437912e-02,2.216333328887802323e-01,1.818975806513890014e-01,4.452823924398044975e-01,2.123294407706234344e-01,4.123672183612995257e-01,4.995153822320624881e-02,1.987280518430921683e-01,6.905172099456761969e-02,1.907256688613031548e-01,4.296709116518854232e-01,2.716675135923859452e-01,4.221460581389840372e-01,5.099560952288100246e-01,4.061690382121885268e-02,3.356407225102092662e-01,1.168275673447516372e-01,2.575683295564386577e-01,1.502056599483576338e-01,1.286839205280688736e-01,2.890138328087357711e-01,1.567104582323951972e-02,9.966426881651599401e-03,2.879886341628807855e-01,1.689394808517574453e-01,4.455593156534161381e-03,5.410893497785371209e-02,6.038327338551324752e-02,1.554377041697640460e-01,9.423502706081740565e-02,3.205782028195461875e-01,1.813174380513354333e-01,3.045594993714993981e-01,1.713209223209920529e-01,1.055143169269429637e-01,5.524639097052284065e-01,8.107930227966086978e-02,2.337796871118592024e-01,2.432264773319516293e-01,3.620263825009439884e-02,3.305024098622912909e-01,2.806931982363699563e-01,1.903378185717329862e-01,5.913407050646701801e-02,2.664705122833849193e-02,5.477142632123782606e-01,1.251347781296173189e-01,1.289394108174542197e-01,2.057242647090772314e-01
1.852322701899181412e-01,1.392055009322417936e-01,7.050250966993042434e-01,5.437233312731420964e-01,5.305229571722168691e-01,2.600053491723254839e-01,4.503163588772090553e-01,3.423198641632451689e-01,5.729965631264025694e-01,3.373002554412835030e-01,7.387442045321171991e-01,1.621973079959911912e-01,3.834564051439144916e-01,3.049122228847597760e-01,4.686692571259097884e-01,2.127920741032293672e-01,2.495006609600836645e-01,7.383411582550208907e-03,0.000000000000000000e+00,5.182924119034710841e-01,2.801125543831476383e-01,5.141421472329332776e-01,4.021999258993628756e-01,1.634417058114448207e-01,2.612061814930206616e-01,4.534955851142488670e-02,4.264483139153803504e-01,5.895906295460768831e-01,3.432038925421515563e-01,3.412312053728986938e-01,1.801156477848279980e-01,4.251231413861000785e-02,3.163486650000121511e-03,3.859258287366074680e-01,3.879186619561100224e-01,3.886702220144019893e-01,2.507284055965706138e-01,1.326242005697496062e-01,5.040477708001056545e-02,9.927041517584693497e-02,1.254429021447312775e-01,2.709817015130238094e-01,1.287430615885087892e-02,9.928260498154861668e-02,1.063860834181423742e-01,4.483806951937331642e-02,3.582531532875329328e-01,6.013835801699753958e-01,3.428166212689913728e-01,2.900526576072955387e-01,2.366845999519837929e-01,1.687900397777890305e-01,2.732054093557427787e-01,5.876869609234232072e-01,2.680650992832419588e-01,5.320000651431794347e-01,4.545680806647897643e-02,7.112246383412357265e-02,1.176755337673429519e-01,2.823721001066906711e-01,2.628270155727978619e-01,2.034153541622331640e-01,1.126734694373220658e-01,8.131291651824307243e-01,1.142526003202805618e-01,2.047341087897037171e-01,4.955101565843458289e-01,2.980850486075133365e-01,3.557235793475331254e-01,9.599494134987804350e-02,1.833103841772367459e-01,4.478355902247238562e-02,2.770706893213708555e-01,5.180034929443889657e-01,3.010615075559586185e-01,8.779324362637445922e-02
2.810564227371338264e-01,1.189177751186038523e-01,7.622584184661572726e-01,5.419020718522423730e-01,5.792276469736822309e-01,7.743578007897349291e-01,5.508240253426464061e-01,6.139880463817926071e-01,7.546949719723803351e-01,6.186943474261189513e-01,5.224970227406151579e-01,3.715490586692088426e-01,4.832306137107993393e-01,2.708845181166908977e-01,9.175978511908842172e-01,3.123701141440829998e-01,6.046747926471169876e-01,1.863894531182712921e-01,5.182924119034710841e-01,0.000000000000000000e+00,7.484042992833912500e-01,9.285838058624423796e-01,7.687686626954739477e-01,7.623061153477843355e-02,8.923699021569142520e-02,1.836607333659780461e-01,8.812677897281530059e-01,6.236483462297024438e-01,8.474659188620167205e-01,3.884675636391243247e-01,3.004398602743905133e-01,2.777364211928219917e-01,1.017571308132753094e-02,4.978308771328379123e-01,3.996325094559378122e-01,3.702936610973291964e-01,3.102450053959977527e-01,1.133142263349392331e-01,1.009925797049853885e-01,3.939083193833849417e-01,8.021900265376966099e-02,1.065634827597412015e-01,1.886747903940609039e-01,4.881537110104711141e-02,3.776017064381949062e-01,1.551460013758871603e-01,8.144789638539549070e-01,5.116215930902436870e-01,3.642181809237360901e-01,3.193885853895815918e-01,2.851291993230048449e-02,3.570698606475398718e-01,5.653691557278636148e-01,6.924010321938609547e-01,4.105964760624880583e-01,4.449404425175343958e-01,1.829398186996407105e-01,3.387912898862694977e-01,3.563757916718606616e-02,6.163479307209095426e-01,8.537821902097999516e-01,4.084743646283747753e-01,1.981070681684086454e-01,5.957180572348039771e-01,1.943796423510960603e-01,6.786896363598957649e-01,9.243775619044838354e-01,5.554176100507932645e-01,8.790360482605263925e-02,4.736600754514692091e-01,5.043705950415023898e-01,1.883051548420332511e-01,3.608016345810811099e-01,4.573657020535248918e-01,3.894091187982098301e-01,1.739348408849641925e-02
6.141298063238265215e-02,9.117250595994341733e-02,4.903140393887446824e-01,1.601257287456448464e-01,5.073154735219516098e-01,7.967236722643411539e-01,4.772719672239820188e-01,7.086917956369467309e-01,6.793954650263855921e-01,7.720320809464187306e-01,5.247055316436892713e-01,2.965323937449737546e-01,3.923036496702222431e-01,1.208249848484563987e-01,8.773268809300306392e-01,3.920919289972011335e-01,6.656434438987008928e-01,1.210129618063869317e-01,2.801125543831476383e-01,7.484042992833912500e-01,0.000000000000000000e+00,6.849635630333297254e-01,7.311399542328247403e-01,2.224298230571494783e-02,1.926230853291026612e-01,3.066176643947557956e-01,7.782857680625576702e-01,4.450272838329029090e-01,8.706765007376326970e-01,2.381198302342524553e-01,2.251203988950652712e-01,1.474382565853181448e-01,4.272478772983867579e-02,4.736481540976568150e-01,3.816255787903050645e-01,1.244097646807320184e-01,7.253083003980631549e-02,2.179866958899956964e-01,2.840428636878419150e-02,3.676115694852927218e-01,1.892616448960776354e-01,7.836259761673261548e-02,5.645406640351974259e-01,3.340152123683282070e-01,3.002941047885734349e-01,4.858794785453372511e-01,6.778321308652486277e-01,4.697785039503871163e-01,2.824286130261143279e-01,2.890284705633653362e-01,1.225043222571182977e-01,3.351138663173912624e-01,6.439799054219494945e-01,5.872758858691812245e-01,5.051515045836784124e-01,5.487308354489723872e-01,1.143754787001897144e-01,1.538135420646809803e-01,7.449213363971513013e-02,7.943558559282271059e-01,7.307897819071642598e-01,4.755486952031170444e-01,9.020657519977576255e-03,4.682409120443519202e-01,2.047004112223982375e-02,9.019593577570045317e-01,7.947523805622320747e-01,6.103693680137479705e-01,9.984852132476715325e-02,4.189582641926521966e-01,5.153910001156672971e-01,1.106668217792835252e-01,2.708081578560123104e-02,3.802543637936330323e-01,4.072778363940302016e-01,1.033183723925850950e-01
