0.000000000000000000e+00,4.574203264018764092e-01,1.528617869688922160e-01,2.369441912341054279e-01,7.705608502698522988e-02,1.397806449182897315e-01,3.540974688778356638e-01,3.273639254411457866e-01,9.943396573951240880e-03,2.493342814889236148e-01,1.757968603448121780e-01,1.008711594033884079e-01,7.534809846701458202e-02,2.179774005244871637e-01,3.224182712616602275e-02,4.854636363890249551e-01,4.487251835113135190e-01,8.544785070628146961e-02,1.302900070818834855e-01,2.678399990764678273e-01,2.737340396447065505e-01,8.037839303117328971e-01,1.009003738383740800e-01,2.373448182213447888e-01,5.581347774356022473e-01,1.794728474329612133e-01,1.186484049799553242e-01,1.312194628855622436e-01,5.683674778230465297e-01,3.799464175972083746e-02,2.392978254742854083e-01,8.486891046621355961e-02,9.195045110192040516e-02,2.468751657047095205e-01,3.274566828383287942e-01,1.082552189612725202e-01,3.569328684844673694e-01,8.292256196315711536e-03,1.973145739179962554e-01,1.156596310891175872e-01,2.211736247243832887e-01,2.873153405265158611e-01,1.982940178870376269e-01,2.162244142472090902e-01,1.544599367177101890e-03,8.486633408664953082e-01,1.938689449998267922e-01,2.325177738973440433e-01,2.932049311704683359e-02,1.113564855860444125e-01,7.741168229627558295e-02,6.969944350142769085e-02,4.759638687433025428e-01,5.422277287212737273e-02,3.184183218773771751e-01,1.464536890701115812e-01,6.493465623466206094e-02,1.998684411799860339e-01,3.592247073327984458e-02,1.494067803944065798e-02,2.589439514604018333e-01,4.018287438165193959e-02,1.222802312521591994e-01,2.333339068953178552e-01,1.053170408834834815e-01,7.195136269450935762e-02,2.019157250348693478e-01,1.719444677125428755e-01,2.227974411286868794e-01,3.602777196767494305e-01,1.408353928117330456e-01,5.321705437793194937e-02,1.506380157094052707e-01,6.389447415277760278e-01,1.229432126482423449e-01,6.627773193787428463e-02
4.574203264018764092e-01,0.000000000000000000e+00,1.816315442358423793e-02,3.900982593903984941e-01,2.055623815288614431e-01,7.083456238755964085e-01,1.887998283541359734e-01,3.037413059705322826e-01,1.256051942377303943e-01,5.873571587392547588e-01,1.696643702937626341e-01,4.702812406357640418e-01,2.810932402819067422e-01,1.037815448017264941e-01,1.040510669269673061e-02,3.529045208170773495e-01,4.742669575466255116e-01,3.624120160566872695e-01,3.778696094450681442e-02,2.545372505529632789e-01,1.780734641938376273e-01,5.018392408853229458e-01,3.415140707213558113e-01,3.175145301041447654e-01,8.488643141571626805e-01,7.029362684417710394e-01,5.327725814772752422e-01,1.276556989905142381e-01,2.607909238385960338e-01,1.524648654218232480e-01,1.637913365564422352e-01,1.167900229067218576e-01,2.194702018998850868e-03,3.611034643570262825e-02,6.542841050303710437e-02,2.544973207437620788e-01,2.270704024079407343e-02,4.356963419841203278e-02,1.667140538891150880e-01,1.155456947294812298e-01,1.562667937303483245e-01,2.900686951371586608e-01,1.802313778434448677e-02,5.826215916923583454e-02,7.677304961918998694e-02,3.767454466316178530e-01,5.640895885195913451e-01,1.046183933298613644e-01,3.210335564282621457e-01,3.011805535364119879e-01,5.188272947851186867e-01,2.431698665874171272e-02,7.820720789201840439e-02,1.768422603295449758e-02,3.656833896076874257e-01,1.455200026440178207e-01,2.437405932550067988e-01,1.827568673194474580e-01,9.764231011508581193e-02,5.005704708811936632e-02,4.748117035185508983e-01,3.408478426009259321e-01,1.601486112201383483e-02,6.017481904347615762e-03,3.788231215465209800e-02,2.067657929937119499e-02,2.061519861054814662e-01,1.519483452697627801e-01,3.232856661701827838e-01,5.264321254288480967e-01,6.059008888993638875e-01,4.414570673887464602e-01,2.515731119727572240e-01,1.862027096445009189e-01,7.461626880857834265e-02,9.597898994825890262e-02
1.528617869688922160e-01,1.816315442358423793e-02,0.000000000000000000e+00,1.182939664107264255e-01,4.879632141076737928e-01,2.141214475330857625e-01,2.229813725346799225e-02,3.344118190913231703e-01,7.736278720328179093e-01,2.172450229451892423e-01,8.048489424618899823e-01,2.261585248468877263e-01,4.135064909452607629e-01,2.118773228436415801e-01,6.275830042111507634e-01,2.523582678484050379e-01,1.228898086404897061e-01,1.846493656818478935e-01,8.427351871880204293e-01,5.880326781969874572e-01,3.363366032114630810e-01,1.181949121374334943e-01,3.458067466506232757e-01,2.302441454684555355e-01,2.316651080711845667e-02,2.968666338851458919e-01,4.562457235200927941e-01,5.004085300167773198e-01,1.520399626214608002e-01,5.874322055324860958e-01,1.851848893275434005e-01,2.778497937315868027e-01,1.741670293480728215e-01,1.065790830506240794e-01,1.192478239101885107e-01,2.638076185227984927e-01,1.064267916398577984e-01,8.995859081528695400e-02,1.402718670194192940e-01,1.809411381996705037e-01,2.427308266214325549e-01,6.835672340879031528e-02,4.398800166742426465e-01,3.368534380946176521e-01,1.106988526553775165e-01,1.112578542139003313e-03,2.971117202343641073e-01,8.430357226681134408e-01,1.997190514868749101e-01,5.425476904318695670e-01,9.700221625015770233e-03,3.493667995486959277e-01,4.248153549306203924e-01,7.135287032105047667e-01,3.409383163712141895e-01,8.250916764529403480e-01,3.636209427200102207e-01,5.492339056502391070e-01,4.659469445992858727e-01,4.991254686286019648e-01,2.071501514761526219e-01,3.298820784758405567e-01,2.766438406140856454e-01,7.943671241196392785e-01,5.230098185064970817e-01,3.231155263754960094e-01,5.148919531678286532e-01,4.571939623302387345e-01,8.975283208520502820e-02,1.682658997436070891e-01,3.707982117701827396e-01,2.947127604527487454e-01,4.938939462546486636e-01,1.816520293785687246e-01,3.972403475476965484e-01,6.702672077597601752e-03
2.369441912341054279e-01,3.900982593903984941e-01,1.182939664107264255e-01,0.000000000000000000e+00,5.830324111492567463e-01,2.229287863499657962e-01,4.294879442750325627e-01,6.444622135668764962e-02,1.277811084551397358e-01,3.909604969917218620e-01,4.194312117812888929e-01,3.090921539131522011e-01,1.781811083303313226e-01,5.227182216522284763e-01,1.175870621847735498e-01,2.500337810959474827e-01,2.652450018322984326e-01,1.972571552455702759e-01,1.818612585204144594e-01,2.231310403339417311e-02,3.687944919348589562e-02,1.446710031330817048e-01,2.091017516192603953e-01,3.571094756670448733e-01,1.973598006806161209e-01,2.920423588459025721e-01,4.883752422961781803e-02,3.711338656237584965e-01,1.720051135497308037e-02,1.718246175427667888e-01,3.977500487721889466e-01,1.411745805057156022e-01,3.307877654098787534e-01,1.571187612859823723e-01,5.623910825853178919e-01,5.930426338241199247e-01,3.845920760281011375e-01,3.615813164933423529e-03,2.184456934438128162e-01,3.405610165933144473e-01,3.028446088317283125e-01,1.998322508451180757e-01,1.272287089652669456e-01,5.092658636925517790e-02,4.228515708955768448e-02,2.362041455480001217e-01,2.266842845593106393e-01,1.148072333051382843e-01,5.861300519062975223e-01,4.897147563242445489e-01,4.587948074648192653e-01,3.217122914295493796e-01,5.031887875954772771e-02,6.297846919414469558e-02,1.249925895420901656e-01,2.757488806084118504e-01,6.583771983584529863e-02,1.639604108043296871e-01,5.346408774392826802e-01,2.811437638791537685e-02,4.595407851458064852e-01,1.605503753110260334e-01,3.455457823653003413e-02,1.166920794817440377e-01,3.588047525543019978e-02,1.474345381381967357e-01,2.666207936095547071e-01,1.784729901405795183e-01,5.263561940874622591e-01,2.494366868990102182e-01,4.310449061424541650e-01,1.257409666997988396e-01,1.253459760773445730e-01,2.012360360229505929e-01,3.342363991377852450e-01,5.826461081947342802e-01
7.705608502698522988e-02,2.055623815288614431e-01,4.879632141076737928e-01,5.830324111492567463e-01,0.000000000000000000e+00,2.503319823416175205e-02,5.463124734738817878e-01,1.432958251619265155e-02,6.683444320172209352e-01,5.219244422854119048e-02,6.814423262868288811e-01,8.527022556756364002e-02,3.628587043590613126e-01,6.776930992306280377e-01,3.770966772229773500e-01,4.516298963832900970e-01,6.116904205392825755e-02,2.037094933020363041e-01,4.321531938934233819e-01,2.691890095980696285e-01,2.712201313092134081e-01,2.716913044624549856e-02,1.050099852797344857e-01,5.024465190508219797e-02,5.492045601403369726e-02,4.405166353495078291e-02,4.033807414670574909e-01,4.809411925183543768e-01,3.638385662937287934e-01,2.732295518156211411e-01,3.789651522548042051e-01,3.528974925578309274e-01,4.195000808431066930e-01,5.688763656458553641e-02,5.017587592527289475e-01,6.062029286952834717e-01,4.539948522534790198e-01,1.716554900448444276e-01,1.545121206126767732e-01,4.293693718095469292e-01,5.587384788956918369e-01,6.243725270193775656e-04,3.788091699316218364e-01,4.683523306038413492e-01,1.431631720217291792e-01,7.944036263517548213e-02,4.984107466918604595e-02,3.245046914360532608e-01,6.750631124158515961e-01,8.802945367761705331e-01,4.131943852747129720e-01,7.072351298330022962e-01,5.862124499743592843e-02,5.459815049366255613e-01,4.278480605099039824e-01,6.972112433389657804e-01,2.709744568429253153e-01,2.237009744712894210e-01,7.440876476436094622e-01,2.468546098966266367e-01,2.394064956570710057e-01,1.655896057283416378e-01,2.449832899184291590e-01,2.664438447207451155e-01,2.597886893226238891e-01,3.569397302416347229e-01,1.803740802149677580e-01,1.821036635898906075e-01,1.632989880280384387e-01,2.903759387202219377e-01,3.020717236864306487e-02,1.949654582612987685e-01,1.202839910998904083e-01,4.607671145156375797e-02,5.119882755333700353e-02,3.921750028594037651e-01
1.397806449182897315e-01,7.083456238755964085e-01,2.141214475330857625e-01,2.229287863499657962e-01,2.503319823416175205e-02,0.000000000000000000e+00,4.316092163878626486e-03,6.238524000039248341e-01,2.114053985865881335e-01,4.485043382770706466e-01,1.190598038021326022e-01,6.176222227801059228e-01,4.687849742461500102e-01,1.968705297082071204e-01,2.550654395466422919e-02,1.885412970755673268e-02,2.786282240714922365e-01,4.507972341124601989e-01,1.724409697604037950e-01,5.927890233757426852e-02,2.203630667900973727e-01,9.982956502447348779e-02,5.421073104727545111e-01,3.262149269425842490e-01,3.512419714627685874e-01,6.549798580608890974e-01,4.412229303444793471e-01,6.026464302850059740e-02,6.562752378160729982e-03,1.020265417749053466e-01,1.985675050901259397e-01,1.277448099144700699e-01,1.751777754726957792e-01,3.829660618314886106e-02,3.661429445792900583e-02,3.108503187869740003e-01,2.219329727994801549e-01,1.992490516804781286e-01,2.147941938851620769e-01,3.439803185546623787e-01,2.755064155718524588e-01,3.319336328210253928e-02,1.571847716870685141e-01,3.520073556611629656e-02,2.336024102012176917e-01,4.299564001350698189e-02,6.579743718392225826e-01,2.845472797447573532e-01,3.330928512672205466e-01,1.303001160589895568e-01,3.313172311802780046e-01,1.068090449974951062e-01,5.013358599712069985e-01,1.644829625702693976e-01,1.742736958997955221e-01,9.156509182224634169e-02,4.149159437645232873e-01,5.819120497293530647e-01,6.651532311434522893e-02,4.788749633107491910e-03,3.265284741787756739e-01,4.497652109830212463e-01,9.953728676598300185e-03,2.065937508942321532e-01,3.243690219199568681e-03,1.807921500813604032e-01,1.824232031263918197e-01,3.186380244165428754e-01,3.058317933585827375e-01,3.010945975063848423e-01,5.848934586446908890e-01,2.907701709077079033e-01,4.587616003158832834e-02,3.295318769872014886e-01,1.421696149348072036e-01,1.354741416042200275e-01
3.540974688778356638e-01,1.887998283541359734e-01,2.229813725346799225e-02,4.294879442750325627e-01,5.463124734738817878e-01,4.316092163878626486e-03,0.000000000000000000e+00,2.942816023306168427e-01,2.300196933308789604e-01,2.169282209269345341e-01,1.786209633118601425e-01,1.046495624357756671e-01,2.565224858298261745e-01,5.625710018779930266e-01,6.737238655264662923e-02,1.283191717550680178e-02,1.259927344753410949e-01,1.928988195107897430e-01,8.704376128061352969e-02,2.809452808465792706e-02,1.265974847331820252e-01,3.062832426153946352e-01,6.866851158013670409e-02,1.383454397912273204e-01,4.411834387613635666e-01,1.387795693085983051e-02,3.105345657834326922e-01,1.857654425778489105e-01,5.555668349435061160e-01,8.582692207140461826e-02,4.327600544133810567e-01,4.515822817939115635e-02,3.506418833846042249e-01,1.848072033855235885e-01,6.629038631436628970e-01,4.981428221894862451e-01,5.546334278143243424e-01,1.567825807459525267e-01,7.767138699110129330e-02,3.466834831280188878e-01,4.241120212258482902e-01,3.926221641772568299e-02,1.325748480678428376e-01,2.814993706007416496e-01,7.685188103299195328e-02,3.962695483332319690e-01,1.613459394789304446e-02,1.864627165305832446e-01,4.214061143538381793e-01,4.063944258986899594e-01,2.266712481453776462e-01,5.403108261438616111e-01,3.137254660378206994e-01,6.156531541621818038e-02,4.094497334200278837e-01,1.240378489164279951e-01,1.247036512811887377e-01,1.460673697105196178e-01,4.033972263588502249e-01,1.562958707528233071e-01,1.075149981483022876e-01,4.402663633407688515e-04,1.665661058876933276e-01,8.968491456140428864e-02,1.230701138993882809e-01,1.653111723718855008e-01,3.045727256632101143e-02,4.026304239521583117e-02,2.205182909811712055e-01,4.462477415490787580e-01,1.448504942833681031e-02,1.385271465569321570e-01,2.983548335934017026e-01,2.718081378644331414e-01,1.538050551443047032e-01,3.556423875593115458e-01
3.273639254411457866e-01,3.037413059705322826e-01,3.344118190913231703e-01,6.444622135668764962e-02,1.432958251619265155e-02,6.238524000039248341e-01,2.942816023306168427e-01,0.000000000000000000e+00,2.690015777695406451e-01,2.006692351981915479e-01,3.265960005879129935e-01,5.248332303975590252e-01,2.744397580018296812e-01,2.345607469067582940e-01,4.431897006524881943e-02,8.987134709688297807e-02,1.017829934853614893e-01,2.900758165897723839e-01,2.212140522477475391e-01,3.685381235518314647e-03,2.243576854445009650e-01,3.635731690386910797e-01,6.497103648532178699e-01,4.075494577163452092e-01,4.254192785227785267e-02,5.549416394796407026e-01,2.192072234001078423e-01,7.585086505479185504e-02,4.060412422960441026e-01,1.392844749031394436e-01,2.551557496563432448e-01,1.033233131422690299e-01,2.148446410836592213e-01,3.201419769707787577e-02,1.668197707127700435e-01,2.404386570610375640e-01,3.190899026856168219e-01,3.799521843323327985e-01,3.214058644523287711e-02,2.785623682870225770e-01,3.347905198403793303e-01,2.088924207706168990e-01,2.760005182364984044e-01,2.031087535325120375e-01,4.062083296371451491e-01,1.674007019393202178e-01,4.381450714729985263e-01,5.121425663663021766e-01,2.685059353520076186e-01,3.828850880416377611e-02,2.558928729014166570e-01,1.350425957089119999e-02,8.104530942909715652e-01,3.281942924732815792e-01,3.474677313785358435e-02,2.789866344013770538e-01,3.358381161864006370e-01,4.179165256303413178e-01,2.482593320317003083e-02,9.105000644121841180e-02,3.523854842769244544e-02,3.176152836894944320e-01,2.775301026979077879e-01,2.884471579124176510e-01,1.073527994383997042e-01,2.622474663374795290e-01,1.008187763629699168e-01,4.290007524845831366e-01,3.509222202180301009e-01,8.045708056857760193e-02,4.199665641773847602e-01,9.245385831112054587e-02,6.714177137435649312e-02,6.498297164337807352e-01,3.503926808150641808e-02,2.190756635863627677e-03
9.943396573951240880e-03,1.256051942377303943e-01,7.736278720328179093e-01,1.277811084551397358e-01,6.683444320172209352e-01,2.114053985865881335e-01,2.300196933308789604e-01,2.690015777695406451e-01,0.000000000000000000e+00,3.089663955012993957e-01,7.865940146326351190e-01,2.046863049108511023e-01,5.107785938926148184e-01,3.500851459776724295e-01,5.573980867651486815e-01,3.058978435931313244e-01,2.141057305673429723e-01,2.812264656358834380e-02,6.635558708410348450e-01,5.981068355112573176e-01,3.952202032396706644e-01,2.089430031674328336e-01,3.301683601654054057e-01,2.554510889819737729e-01,1.254524379047990690e-01,3.329517048583806593e-01,5.343873623402018991e-01,5.575162586505939544e-01,3.703848472300535488e-01,5.502091151611556707e-01,2.422599766147252587e-01,3.598411644489141747e-01,3.412651989335522273e-01,1.283268442360954720e-02,2.303408578100295534e-01,3.215623516377573710e-01,2.775590025547535755e-01,1.717162185524732099e-01,9.361358456391723204e-02,3.211167772234190254e-01,3.630221889132830282e-01,1.757569006118080146e-01,4.021771943726391574e-01,4.546805374880945050e-01,2.094061584486741900e-01,1.723350717366111950e-01,2.882209015650679662e-01,7.006874622058383295e-01,3.191484255971689943e-01,7.109161808976344199e-01,9.409041996145256492e-02,5.742185417078614629e-01,2.942131287871322942e-01,8.601433611166167115e-01,5.595671575244789420e-01,8.311969127622467202e-01,4.488864338144488153e-01,5.731730144368722968e-01,5.011194692687210850e-01,4.404475639226142492e-01,1.239682631655145140e-01,3.898708482054073499e-01,1.912813819420320638e-01,5.702322542699886920e-01,5.250548690881459146e-01,4.000933395926727920e-01,5.096797089301161598e-01,4.134529215325152829e-01,1.657996769776304835e-01,3.574443600152544809e-01,4.428840206411116531e-01,3.824623310774425411e-01,3.640003089350179466e-01,8.335185610133688527e-03,3.240667863085434641e-01,9.495595557748522098e-02
2.493342814889236148e-01,5.873571587392547588e-01,2.172450229451892423e-01,3.909604969917218620e-01,5.219244422854119048e-02,4.485043382770706466e-01,2.169282209269345341e-01,2.006692351981915479e-01,3.089663955012993957e-01,0.000000000000000000e+00,1.267769469997939158e-01,6.194800994085345458e-01,1.982459209784748766e-01,2.325583363031185485e-02,1.625631484425911211e-01,1.204856362267953118e-01,5.249977868485669052e-01,2.235780308520969317e-01,2.220862181123859913e-01,2.605878595424602207e-01,3.171870040307943617e-01,2.724586609177493401e-01,3.985514472432390431e-01,3.959043512253334063e-01,5.603540249786628236e-01,6.419139593654428211e-01,4.874458070762668349e-01,2.633168824610410130e-02,2.909042915261115803e-01,1.275381511914001620e-01,1.737502801917356621e-02,1.696444640906265566e-01,6.231409948009938859e-02,1.115982876805652890e-01,8.942400560740647320e-02,1.414291871440344628e-01,5.773848020964394978e-02,2.206734631811591851e-01,2.431666292033690113e-01,1.063278365865911179e-01,1.265481890642271567e-01,1.128464269803257092e-01,2.001875465509048158e-01,3.645603909186906355e-01,1.119954011065190935e-01,3.057895127952165448e-01,4.499212558137255513e-01,2.876675027590546163e-01,1.593125897509816424e-01,4.783092951581754959e-02,2.754261934155220470e-01,2.563575916065211069e-01,8.856925121470757278e-02,2.705719036257107635e-01,6.415621829647304430e-01,2.561602382358943997e-01,4.848299045084542569e-01,3.221016744368684348e-01,1.780153236544718826e-02,9.256455446478167870e-02,3.457741380477671322e-01,4.500540541308928888e-01,1.938980213572469580e-01,2.123620339315506200e-01,1.907627669054544894e-01,2.373331885225775650e-01,3.489455389072489422e-01,2.650418175683253996e-01,3.830994975911988787e-01,4.305979367929029245e-01,5.952335599952347511e-01,3.712938604844114865e-01,1.600810657504697643e-03,1.024617611894078628e-01,2.623092904464400243e-01,2.791370077739215860e-01
1.757968603448121780e-01,1.696643702937626341e-01,8.048489424618899823e-01,4.194312117812888929e-01,6.814423262868288811e-01,1.190598038021326022e-01,1.786209633118601425e-01,3.265960005879129935e-01,7.865940146326351190e-01,1.267769469997939158e-01,0.000000000000000000e+00,1.026537838100425870e-01,4.410944612258376196e-01,3.215182539076318347e-01,5.340665846950641837e-01,3.810308140841321967e-01,1.094691541580053440e-03,5.195619082528163402e-03,8.189559130889511041e-01,4.027772377762171008e-01,3.689361740173487947e-01,9.183587024884359851e-02,2.693912108734147215e-01,1.886088772425627003e-01,9.011452038135304987e-02,1.950806753822208195e-01,3.739091567311603193e-01,5.847168212717079872e-01,1.223484245286722560e-01,5.327390324103851160e-01,3.483699939386453726e-01,3.129831161169903675e-01,2.101415221929274768e-01,2.413543629159735707e-02,2.847015752669409538e-01,4.185054296566953491e-01,1.744470453420162714e-01,1.425759249661591732e-01,1.026686854650008807e-01,1.909438763650332382e-01,3.615998283218463394e-01,6.469621952241944030e-02,4.684730328148858369e-01,3.172609842749709030e-01,1.704747226481656552e-01,1.878723608055232752e-02,2.386178566616513064e-01,6.378733517282692000e-01,4.923165801988099721e-01,7.053808160506358504e-01,2.242061313166363867e-01,5.687975944230009295e-01,4.223387023980189059e-01,7.049919644413391584e-01,3.455092662024856764e-01,9.191127529307497879e-01,3.944949093659692041e-01,4.935426461062216164e-01,5.672680374772733902e-01,3.542250606678974956e-01,1.448069497405365946e-01,3.176535373955822195e-01,1.853169753017203658e-01,6.818782240849452503e-01,3.587708529212605413e-01,4.319510806699307648e-01,2.432889173699784302e-01,3.466448519607317480e-01,6.745988801813491975e-03,1.186879613007606749e-01,2.208912529107425748e-01,1.761551021639645720e-01,4.151435302166875951e-01,2.557920169959579382e-01,1.664456422509612288e-01,2.085138884158977968e-01
1.008711594033884079e-01,4.702812406357640418e-01,2.261585248468877263e-01,3.090921539131522011e-01,8.527022556756364002e-02,6.176222227801059228e-01,1.046495624357756671e-01,5.248332303975590252e-01,2.046863049108511023e-01,6.194800994085345458e-01,1.026537838100425870e-01,0.000000000000000000e+00,3.417984363356001976e-01,1.509764039153053683e-01,4.053237157376678168e-02,8.734905094175803020e-02,2.176314064745831223e-01,2.712711639713875078e-01,1.474354074538641590e-01,5.789447715314152698e-02,2.237152392461087824e-02,5.847479126842974884e-02,4.392916001695159611e-01,5.276557647313799837e-01,2.040354061031304789e-01,5.896297428814067931e-01,2.734768343876975982e-01,1.333874397959039504e-01,1.125898769658264520e-01,7.684889917081277888e-02,4.304121571552071424e-01,7.555253612046211598e-02,1.000611677008843015e-01,1.046091148907844215e-01,1.263384042197713830e-01,2.925169453130525010e-01,1.484619055449419578e-01,1.027191746020289786e-01,1.310396840796295148e-01,2.200126106960771377e-01,3.164762059418955720e-01,9.169742981040542029e-02,1.601203357625092805e-01,1.752171754183154961e-01,1.574904629170440495e-01,6.857530088255103795e-02,4.411490692369929856e-01,3.415238207097279766e-01,2.959495111455607841e-01,1.289234314029909512e-01,3.254192908592729028e-01,4.031642331193810436e-02,3.451870412699903357e-01,1.930780863913613699e-01,3.885969143167902207e-01,8.670095702290425699e-02,7.244160201308995628e-01,5.346712975788194822e-01,5.296045414737832191e-02,1.312765714919106319e-01,3.030865287770060923e-01,4.220901654576150186e-01,3.852209634807909899e-02,1.256967437248538155e-01,3.213423654407475405e-02,3.329359024230523628e-02,1.548100301942090251e-01,2.182621553802616687e-01,4.414942739152173945e-01,1.285506623441148577e-01,5.473294675136501919e-01,1.529140359862710408e-01,1.337552152139323547e-01,2.388318260369902968e-01,2.765261061991559077e-01,3.101919612862885089e-01
7.534809846701458202e-02,2.810932402819067422e-01,4.135064909452607629e-01,1.781811083303313226e-01,3.628587043590613126e-01,4.687849742461500102e-01,2.565224858298261745e-01,2.744397580018296812e-01,5.107785938926148184e-01,1.982459209784748766e-01,4.410944612258376196e-01,3.417984363356001976e-01,0.000000000000000000e+00,2.799506272706863141e-01,2.463382283357513913e-01,1.601167404821070561e-01,4.771927856177841099e-01,4.600398468528734131e-01,4.186133062074192668e-01,3.506724285227919014e-01,3.116127247532118894e-01,1.938096070045623454e-01,9.702395951397993490e-02,3.375281707797789799e-01,1.147503120645001762e-01,4.789163043110292173e-01,1.880172881361995008e-01,6.308682107758297741e-01,2.416141099772132761e-01,3.888820501387449946e-01,1.357508433332540454e-01,1.313148824291724970e-01,2.318150892010687469e-01,2.980066360761057798e-02,2.897001330736265201e-01,3.597036183223596417e-01,3.756457328165909715e-01,4.512495605473587634e-02,7.350271851693260250e-02,1.645062966779483882e-01,2.609579602466962633e-01,9.477730141969699373e-02,3.234715922195048887e-01,2.848766986492494158e-01,1.131872086522318216e-01,6.256394433905772268e-02,4.953887695712894113e-03,2.851935558388258296e-01,2.284184488816383418e-01,3.857808174497427411e-01,6.221429951430165750e-02,2.860409838961048279e-01,1.266848124695340860e-01,3.703063108425027616e-01,3.540768705877779809e-01,3.598476227400334571e-01,5.381303711883487217e-01,6.054649271482723805e-01,3.091324159703938701e-01,1.513657281682231348e-01,2.370229303094230355e-01,5.545483381965776726e-01,2.528652352879775522e-01,2.873754395267210104e-01,2.215429702295700076e-01,1.147653340848476811e-01,1.705290625635277335e-01,8.058424046810466757e-02,6.162041782492541642e-02,1.603333216681396278e-02,3.042225569005320707e-01,6.584784854042317892e-02,1.835154904002825327e-01,1.372993390034896455e-01,2.459304860059491893e-01,2.418227794143367748e-01
2.179774005244871637e-01,1.037815448017264941e-01,2.118773228436415801e-01,5.227182216522284763e-01,6.776930992306280377e-01,1.968705297082071204e-01,5.625710018779930266e-01,2.345607469067582940e-01,3.500851459776724295e-01,2.325583363031185485e-02,3.215182539076318347e-01,1.509764039153053683e-01,2.799506272706863141e-01,0.000000000000000000e+00,2.694422916859849915e-01,3.115743952992195975e-01,1.273086043010775159e-01,3.114703017769693272e-01,1.341531019458945817e-01,2.809736156640906812e-01,1.233792431039279353e-01,2.085224256428105383e-01,1.096950878644915861e-01,6.380123352471434028e-02,1.743296510216207074e-01,5.972935929177670966e-02,1.550890562806586104e-01,4.435557787557403708e-01,3.868567315114348482e-01,1.246785249269328349e-01,2.390297133438488431e-01,4.025166005893814347e-01,5.553416867446895333e-01,2.424474463575038985e-01,4.556892580715855567e-01,7.465485734309086352e-01,7.069573547384018219e-01,9.541290680498551446e-02,2.517820782450195805e-01,5.120885907511445456e-01,7.114267367051037017e-01,2.554040775334727176e-01,1.803482441821393500e-01,5.368651044268932804e-01,2.913238359670691779e-02,1.606386918094495075e-01,1.769476154529871503e-01,1.240930180344747280e-02,7.187799460264656659e-01,6.637791510922337324e-01,1.849551868887182038e-01,4.630807851268806119e-01,2.097046352876655306e-01,2.241560997534275401e-01,3.653766590755383459e-01,2.823946307182586546e-01,1.793802949767902832e-01,9.086500838220532006e-03,7.300183362878076565e-01,1.950235546702926426e-01,9.797850243753657151e-02,1.010115083122472834e-01,2.338512117121695488e-01,7.598586464214014680e-02,2.363260507603032745e-01,1.615146925344680962e-01,1.347372626303981469e-01,3.411855743913755346e-02,1.307678018945583331e-01,2.593797825000024315e-01,5.211298248282300594e-02,5.222894247278807994e-02,5.882223711279856160e-02,2.248292460753135713e-01,8.201938682142659309e-02,4.576296353121407368e-01
3.224182712616602275e-02,1.040510669269673061e-02,6.275830042111507634e-01,1.175870621847735498e-01,3.770966772229773500e-01,2.550654395466422919e-02,6.737238655264662923e-02,4.431897006524881943e-02,5.573980867651486815e-01,1.625631484425911211e-01,5.340665846950641837e-01,4.053237157376678168e-02,2.463382283357513913e-01,2.694422916859849915e-01,0.000000000000000000e+00,3.095848644768772751e-02,2.646301395246200006e-01,2.056465606040275562e-01,5.005960621174061487e-01,8.205655320637701422e-01,6.248676721530639355e-01,3.746088263225248460e-01,1.849451305682770497e-01,8.294341029890092698e-02,1.199519714121199399e-01,3.084454261746347181e-01,4.885203968154227527e-01,5.983285240361042590e-01,3.331656592785801618e-01,5.894274709772825416e-01,4.228530049424258364e-01,1.577322114625643035e-01,1.416777139881872927e-01,3.297845218938896122e-02,9.437853716969810125e-02,2.804403532921072029e-01,2.265327079175444291e-01,1.755947815011292545e-02,1.590891221129410102e-02,1.528849646538205098e-01,2.275652995083451424e-01,1.306268144627120709e-02,3.961986555937669352e-01,4.246176803111466613e-01,9.548413700490829270e-02,1.240572914855874176e-01,1.930254360158178695e-01,3.897864450955499382e-01,2.805133543278531816e-01,5.365470543191223074e-01,9.162203026920295867e-02,3.580197488445077125e-01,1.193403367533817094e-01,5.417316032915144852e-01,3.566865917033287259e-01,6.622860826926071365e-01,1.674101840625393522e-01,3.859266167762628319e-01,4.300151946712428286e-01,8.759881779201079688e-01,1.805293538540155007e-01,2.757428791259551315e-01,3.063727900090695844e-01,5.574243438908215165e-01,7.337930276911994731e-01,5.174648893523235982e-01,6.311656268728560448e-01,2.648877274090182810e-01,3.548353826320624349e-02,1.475330811054875180e-01,2.473968386027144417e-01,3.663451130324853477e-01,5.254826719289382719e-01,1.077392017060555540e-01,3.658376883552569847e-01,1.711502046385204867e-02
4.854636363890249551e-01,3.529045208170773495e-01,2.523582678484050379e-01,2.500337810959474827e-01,4.516298963832900970e-01,1.885412970755673268e-02,1.283191717550680178e-02,8.987134709688297807e-02,3.058978435931313244e-01,1.204856362267953118e-01,3.810308140841321967e-01,8.734905094175803020e-02,1.601167404821070561e-01,3.115743952992195975e-01,3.095848644768772751e-02,0.000000000000000000e+00,7.126437706847850162e-01,5.806167514570839128e-01,1.452796061795600391e-01,7.211782202373789863e-02,2.745507638434113717e-01,4.181974528938822711e-01,1.137012821325918549e-01,1.045889367041903661e-02,3.439098795971067823e-01,2.481687354678602242e-01,1.453634920697527422e-01,7.772172096262786045e-02,1.244345436877506983e-01,3.404368303227012227e-02,3.292450567201277711e-01,2.672758640305628042e-01,2.233230908134988812e-01,4.505436924603660742e-01,4.926666413936398731e-02,2.699179548577994026e-01,3.470548362082785665e-02,1.291465337652703826e-01,1.834970796116772995e-01,2.304993971911009909e-01,3.427415695353709379e-01,2.319459817746107599e-01,6.149173108273425781e-04,1.831566732257834396e-01,5.431756548219957015e-02,3.226893728433393727e-01,1.533178646714140059e-01,2.741122136199642956e-01,3.051559302058270973e-01,3.906310912509223798e-01,6.697113193213677373e-02,2.507515445836396850e-01,2.249899574657506784e-01,3.360451201257232956e-01,1.039125472411525364e-01,2.843813581683453107e-01,2.147081874983667038e-01,9.450045448667268588e-02,2.304237676831135118e-01,3.638564696830451362e-02,3.713659772964129080e-01,1.635454677441943450e-01,2.239236842613702427e-01,9.825391124209686966e-02,1.530144241114579362e-01,7.959665032939705620e-02,7.806031715958466899e-02,2.688975971124523134e-01,6.692917532449579876e-02,1.547740258481684061e-01,5.118062338758946894e-02,2.175564176080910239e-01,1.152076885371895454e-01,1.257758736554156209e-01,1.899117723469236074e-02,1.072580199214919761e-01
4.487251835113135190e-01,4.742669575466255116e-01,1.228898086404897061e-01,2.652450018322984326e-01,6.116904205392825755e-02,2.786282240714922365e-01,1.259927344753410949e-01,1.017829934853614893e-01,2.141057305673429723e-01,5.249977868485669052e-01,1.094691541580053440e-03,2.176314064745831223e-01,4.771927856177841099e-01,1.273086043010775159e-01,2.646301395246200006e-01,7.126437706847850162e-01,0.000000000000000000e+00,6.881881670719841582e-01,1.663834696675841607e-01,4.583664327599267230e-01,5.222512821608036315e-01,5.100325560590124319e-01,7.949575762509097920e-02,3.723784177975221210e-01,4.165832459491979889e-01,6.074053971866997248e-01,2.089545635437383697e-01,2.864847497746269567e-01,4.338143798084952985e-01,2.303305701455145016e-01,3.845837482186332257e-01,2.714612510334465378e-01,1.195843913590087515e-01,4.076368324572082202e-01,1.001748243219105911e-01,8.760597950445656035e-02,1.455608104465855868e-01,2.220255361522777138e-01,2.746307578444416864e-01,7.867381761884673086e-02,3.660623203811588788e-02,1.387131598194897564e-02,2.144524331736649414e-01,1.447640601052364862e-01,1.707568944622857021e-01,4.207029324910919743e-01,4.817446659838817147e-02,1.428277574318736198e-01,1.017394816656227163e-01,7.404646239671769381e-03,2.257827843492344611e-01,1.483582967136539421e-01,5.894104037207426039e-02,2.089478737014565657e-01,3.293132954387834599e-01,1.491283260271850930e-01,1.904011695731276377e-01,3.095266865433783932e-01,1.717640106811223200e-02,2.317324095693458486e-01,4.837701152616564193e-01,4.867055260806416594e-01,3.421044222244469801e-01,1.713302163688300295e-01,2.514079545852669906e-01,2.269797608511651410e-01,3.217315656438178850e-01,6.805697145240310886e-02,2.044325459874807294e-01,3.835653761772345183e-02,3.843381981869202213e-01,1.258481473929636274e-01,5.401391652851761371e-02,3.051654439492080262e-01,2.424072124795399463e-01,6.978143349868332068e-02
8.544785070628146961e-02,3.624120160566872695e-01,1.846493656818478935e-01,1.972571552455702759e-01,2.037094933020363041e-01,4.507972341124601989e-01,1.928988195107897430e-01,2.900758165897723839e-01,2.812264656358834380e-02,2.235780308520969317e-01,5.195619082528163402e-03,2.712711639713875078e-01,4.600398468528734131e-01,3.114703017769693272e-01,2.056465606040275562e-01,5.806167514570839128e-01,6.881881670719841582e-01,0.000000000000000000e+00,2.039959007561814586e-01,2.694440966758877565e-01,2.560564786886379562e-01,1.136050306146448863e-01,1.030846214345403078e-01,1.684984858960602572e-01,1.492975517237914440e-01,4.921220382824502693e-01,8.088516254305735953e-02,1.671763883782446669e-01,1.712713981190250312e-02,1.926100191373036064e-01,1.196008350221757222e-01,3.115818139638364404e-01,3.220074180034666611e-01,2.738098630227014385e-01,4.930736762619031266e-02,2.837246816327127497e-01,2.259391409445495880e-01,1.701633093451642431e-01,2.579948206702563640e-01,3.727450467428298220e-01,3.524254018364414431e-01,3.059034993291694926e-01,2.795713665042172114e-01,8.401309759310537917e-02,1.649374685037887089e-01,5.574178141049909718e-02,2.211376735080810285e-01,1.459415950064877066e-01,2.537574602395074597e-01,1.565233588092133643e-01,8.889615216384530449e-02,1.286561943657918428e-01,1.812982876023006285e-01,6.424952082392670905e-02,3.885047585126938374e-02,9.856765811125417498e-02,1.048161714583399629e-01,4.043352779525685170e-01,1.011792949843015876e-01,1.963889364854890240e-01,5.218529025883146266e-01,4.259208746714409077e-01,3.214791561560598199e-01,2.975309334020936891e-01,1.065978767799739824e-01,4.777036011744952015e-02,1.813045061301579997e-01,1.266103170219468610e-01,3.968049396823919439e-02,1.611789794630779649e-01,2.138172972692264917e-01,8.254866210883643474e-02,2.482602020596517689e-01,2.464920357527454753e-01,2.351603394992360652e-01,1.511577383957631027e-01
1.302900070818834855e-01,3.778696094450681442e-02,8.427351871880204293e-01,1.818612585204144594e-01,4.321531938934233819e-01,1.724409697604037950e-01,8.704376128061352969e-02,2.212140522477475391e-01,6.635558708410348450e-01,2.220862181123859913e-01,8.189559130889511041e-01,1.474354074538641590e-01,4.186133062074192668e-01,1.341531019458945817e-01,5.005960621174061487e-01,1.452796061795600391e-01,1.663834696675841607e-01,2.039959007561814586e-01,0.000000000000000000e+00,5.365833696821188381e-01,2.928544672084892886e-01,1.278215858077162703e-01,1.453804542817643264e-01,1.843934341787037412e-01,1.573879836175390290e-02,2.332523654404205782e-01,3.953782044113403615e-01,5.531911145440153721e-01,1.697718431211015788e-01,5.911439914356704239e-01,3.147675761296859775e-01,2.002046619253912418e-01,1.197509307662667083e-01,1.965271352047277820e-02,1.926113395909285486e-01,2.684943968707623752e-01,3.549707860690450717e-02,3.177553083193754291e-02,1.053807268141715436e-02,1.085082475218734632e-01,1.548543900168924958e-01,1.437407974329249494e-02,4.119318483240504980e-01,2.905092754816922529e-01,1.105015912346482554e-01,1.705593994987533724e-02,3.188850940442442550e-01,6.344854149281441424e-01,2.037436683681698446e-01,4.952387594510616053e-01,1.036602570492529962e-01,3.200404739781130270e-01,2.884447774165092571e-01,5.522887468156907342e-01,3.426027024252714659e-01,7.637958449488935209e-01,3.105416531202915831e-01,5.260386875454539091e-01,3.379201321994754759e-01,4.176374555120807019e-01,1.807765956884624936e-01,3.956716374642268996e-01,3.119026475552765243e-01,8.734423940941659081e-01,4.723300609398802252e-01,3.191004332931677845e-01,4.338030683382679276e-01,2.734031656281866174e-01,2.944263075285400919e-02,1.802239197234360990e-01,3.396940408011409618e-01,2.265133368935192126e-01,5.321412709242980821e-01,1.462389417738911290e-01,4.455728199562051239e-01,5.598284340536610615e-02
2.678399990764678273e-01,2.545372505529632789e-01,5.880326781969874572e-01,2.231310403339417311e-02,2.691890095980696285e-01,5.927890233757426852e-02,2.809452808465792706e-02,3.685381235518314647e-03,5.981068355112573176e-01,2.605878595424602207e-01,4.027772377762171008e-01,5.789447715314152698e-02,3.506724285227919014e-01,2.809736156640906812e-01,8.205655320637701422e-01,7.211782202373789863e-02,4.583664327599267230e-01,2.694440966758877565e-01,5.365833696821188381e-01,0.000000000000000000e+00,5.414269002658683716e-01,6.563104987158668857e-01,3.810447532371263879e-02,2.131547758844011264e-01,3.435377983656365264e-01,3.946912701630801990e-01,4.815353404892660505e-01,6.456688981389890891e-01,4.918359899106549138e-01,5.706787676135455234e-01,3.581223162205972033e-01,2.388126015646107048e-01,3.029871430064426385e-01,5.603396756981146587e-02,1.272722382052176582e-01,2.923556619541863300e-01,3.463827082086495257e-01,3.943106740513352415e-02,7.482458090872964873e-02,2.830826688992223450e-01,3.156931337126085979e-01,2.795354275172954872e-01,3.331429640988390339e-01,5.433536517715593650e-01,5.937225827569275749e-02,2.696057482858894572e-01,1.619616043835530039e-01,3.801817909284696539e-01,2.643779412116140648e-01,4.647993592823854714e-01,9.311792146419994864e-02,3.034961744661952565e-01,1.434052458745979641e-02,5.364764650300214432e-01,4.994680801372823886e-01,5.153205833478062825e-01,2.580617189409891710e-01,3.916672381023845184e-01,4.360442290209295413e-01,7.555566203698912409e-01,4.180030132690672473e-01,3.282631461285021590e-01,3.721832436955600509e-01,5.213103688674936009e-01,8.594720827987242240e-01,4.017357321878604060e-01,7.334391713089554177e-01,1.531414087119948864e-01,1.139275711851210349e-01,2.646774327884492406e-01,3.728398198606872604e-01,4.697893143736956989e-01,4.860751956538665874e-01,3.500494304648761879e-01,4.410548741864527833e-01,1.879414402485957147e-02
2.737340396447065505e-01,1.780734641938376273e-01,3.363366032114630810e-01,3.687944919348589562e-02,2.712201313092134081e-01,2.203630667900973727e-01,1.265974847331820252e-01,2.243576854445009650e-01,3.952202032396706644e-01,3.171870040307943617e-01,3.689361740173487947e-01,2.237152392461087824e-02,3.116127247532118894e-01,1.233792431039279353e-01,6.248676721530639355e-01,2.745507638434113717e-01,5.222512821608036315e-01,2.560564786886379562e-01,2.928544672084892886e-01,5.414269002658683716e-01,0.000000000000000000e+00,3.605220320342236162e-01,3.015958477459017018e-01,3.174867885335186379e-01,2.763851671139376243e-01,4.843777447107949774e-01,4.023884685779861581e-01,4.045959772535244747e-01,3.879731939215031455e-01,4.506053144697422796e-01,4.717695462824373354e-01,1.470224330411289415e-01,1.111364755776222402e-01,3.606775779158774009e-01,2.008884736129707693e-01,1.204638355645433340e-01,1.988868600899293959e-01,2.369780660504069436e-01,2.479714867764981900e-01,6.867611269718473799e-02,4.922112237272227575e-02,1.705950522433046512e-01,3.325321322493151599e-01,1.883614770940039151e-01,2.363958043064584014e-01,4.224389708689840206e-01,1.117745014722798524e-01,2.301920296844016944e-01,1.330338834696947192e-01,3.255958017703969865e-01,6.379556700170777028e-02,3.351161987598624270e-01,2.296859715065150409e-01,4.159145720249599609e-01,2.918346836273659761e-01,4.378851540776164120e-01,1.476087962030674938e-01,2.476327585460651182e-01,2.531644637647897933e-01,5.293147365170070007e-01,5.801076572040450574e-02,3.446270125877473056e-01,2.729917299920097129e-01,3.573903495433843336e-01,3.959855473828184369e-01,7.861100940191237951e-01,3.338448792899090800e-01,2.477288204802264859e-01,2.548049209112164259e-01,8.538085917153262483e-02,2.962729726280390330e-01,1.496557583370083377e-01,1.410187921951811529e-01,8.776999799525311841e-02,2.116765204889839991e-01,5.945624687473199943e-02
