0.000000000000000000e+00,2.294766465928760601e-01,2.561430547738241525e-01,2.061366366894938629e-02,5.105213301647103241e-02,7.209054610024745458e-02,9.284974800668041595e-02,3.813750350601967654e-01,1.494241383482228791e-01,7.218168307362263225e-02,3.361008290582179203e-02,3.138423467244853549e-01,1.099138622131766441e-02,3.495792824885773920e-01,1.713419466177962258e-02,3.273358737376241834e-01,3.206705467359632911e-02,2.389820073856230298e-02,2.169806586918723024e-01,3.771993662291222571e-01,1.303523892760344305e-01,2.792018194131220543e-01,1.683086472953384538e-01,2.234222340477894087e-01,3.532996664206397575e-01,5.475521866301561458e-01,1.132560601402319289e-01,1.546916632453703977e-01,5.648780245880424822e-01,2.425063460473278476e-02,4.631415070494679376e-01,2.728266302593551629e-02,4.721804315901348414e-01,9.662365571725828328e-02,3.595410801383988608e-01,1.106857436272397355e-01,1.792548192719677635e-01,1.189215445714528196e-02,1.144623470448412617e-01,3.652232865328012279e-01,4.305659850725573889e-01,2.413256119950665801e-01,1.455851527892631225e-01,1.079809368287364402e-01,1.228735825480467975e-01,7.470797972104934459e-01,2.300684525188490259e-01,3.236050511199699553e-01,2.715741679919508322e-01,4.378719136984708937e-01,5.019315593721778157e-01,4.276914210785772164e-01,2.642805110331002405e-01,2.241674037305435296e-01,8.770957491227965308e-02,2.593869502840902008e-01,4.329452890150912170e-01,4.093597359908681677e-01,3.461959728342872689e-03,4.802586200287095597e-02,1.771509979412607128e-01,2.931480839260056648e-01,1.565359856920425785e-01,2.163781058659326462e-01,1.187062758107279570e-01,4.081843757476422141e-02,7.219706038690432148e-03,1.180796047757088074e-01,2.233664189755093232e-01,1.412694829055402557e-01,8.267508651088711913e-02,1.034328795453140770e-01,1.185793019434224771e-01,4.384798865984846361e-01,1.242894492855498301e-01,4.853165824934012607e-01
2.294766465928760601e-01,0.000000000000000000e+00,8.638893780427633895e-02,8.772274812241082076e-02,2.015547996810448106e-01,4.613192492720866733e-01,5.224648280629522468e-01,1.590026786898051103e-01,5.956729650062203563e-02,5.239484922718697923e-01,1.073701495382007182e-01,3.271907587590476840e-01,3.274854614286082932e-01,1.479169320825204914e-02,1.917147663719022677e-01,3.350664931761164755e-01,5.670099867638604962e-01,6.617155332823398961e-01,5.306677160612616184e-03,7.286846546226299903e-03,2.823466644172490936e-01,4.414195337599175484e-01,8.344574784264063849e-02,3.676720718786785636e-01,7.310239686039053941e-01,7.028806301383377919e-01,1.423100318982956636e-01,6.001859748515497861e-03,9.255671802239101575e-02,2.484609662568356692e-01,1.623113146437202836e-01,4.856734318609761542e-02,2.138731486581657015e-01,5.452945031442135021e-02,3.020897064970098217e-02,1.768405796118818485e-01,9.996515213149949342e-02,3.292725757723660718e-02,1.592239456493742544e-01,6.707776141374460765e-02,8.066820697579552002e-03,2.050430661784625741e-01,9.180646631271487113e-02,1.082208854368771900e-01,1.231135155245417084e-01,7.958429273927603020e-02,3.835863397009047771e-01,7.451364869310939110e-02,1.629289956051737098e-01,2.849439484618239149e-01,1.153627956799183063e-01,9.599124928895996778e-02,1.010534283260537125e-01,8.117693922261987050e-02,1.285495393751215354e-01,1.376919838179785915e-01,5.573123830804449508e-02,1.724503695295921957e-01,1.359597646637912272e-01,2.049594083126175803e-01,5.317007661885042591e-02,2.425517327137705070e-01,1.930885701732575899e-01,9.206524007089866846e-02,1.322566707042743817e-02,3.334664177538684271e-01,1.081487999305727477e-01,5.826949188784152911e-02,3.320129438389626819e-01,4.146500581812441744e-01,2.898074118404619370e-01,1.091696943320625834e-01,1.990256044617052245e-01,1.229060180036286032e-01,1.922165235383959114e-01,8.924186393215738367e-03
2.561430547738241525e-01,8.638893780427633895e-02,0.000000000000000000e+00,2.412891200688082327e-01,6.758668734568751280e-02,1.584476921825761497e-02,1.890738787451058667e-01,6.755928732377254331e-01,6.239291419779983139e-01,7.515036385196371960e-02,6.903819271671614022e-01,1.230117618367870258e-01,1.103558910430629814e-02,3.732552725727601439e-01,4.702184945216404399e-01,1.867019508982107889e-01,1.935892017492914507e-01,2.233667702552604439e-01,7.329163941611305244e-01,1.371247717249966525e-01,5.826669770185242125e-01,3.893712376424336985e-01,6.288482562728504588e-01,3.610815263825966070e-01,1.046780825790574743e-01,3.437361386557491461e-02,4.561828849451667334e-01,2.067756903207440267e-01,6.776525766945529217e-01,2.453456207749915574e-02,2.324724934379724384e-01,1.459764519086240442e-01,1.462000506906385444e-01,1.242246107791538101e-01,2.843876808701983894e-01,5.026960862877793978e-01,1.953603369126913902e-01,3.335252784469396881e-01,9.223150320319686846e-03,3.675287058938866980e-02,3.473366986367742298e-02,2.743881035664414991e-01,4.940894842838907675e-01,5.681598002639608180e-02,8.221335331487639175e-03,1.972975818149742822e-02,5.050865578722405491e-01,1.449755644767491969e-01,2.183093045267906762e-01,5.583457220456147230e-01,5.889109200519504483e-01,5.461638952048661899e-01,3.845596317313112467e-01,8.908008391359711897e-01,1.491485890480570287e-01,1.570533663046216333e-01,4.578265944147061339e-02,5.104825633550867936e-01,1.964084876229835186e-02,5.441812490983983785e-01,9.154189548181743130e-03,2.042534051354133462e-01,2.378821712698072077e-01,6.968527577115826155e-01,4.434582874963540200e-01,4.789964255613885502e-01,5.515110970720495942e-01,3.801464356929484256e-01,1.449379200116813760e-01,3.676453859721490192e-01,3.972145458362717485e-01,5.988718715785856794e-01,4.505880305133953545e-01,3.700611358748202018e-01,1.031249871014540964e-01,7.514568573716393085e-02
2.061366366894938629e-02,8.772274812241082076e-02,2.412891200688082327e-01,0.000000000000000000e+00,9.080756447437141055e-02,1.245640023899266188e-02,4.096266270043676938e-01,1.803171662636044448e-01,1.003032941939036304e-01,2.091574052913584836e-01,1.496218683192535037e-01,3.187751947270026087e-01,7.989792528993563958e-02,1.530105197900988589e-01,6.458377601977152715e-02,3.031399014487518029e-01,2.035912888085469330e-01,2.579434291179250605e-01,9.541498420537633529e-02,3.278205273630679928e-02,7.413842515720467374e-02,2.962379852386065604e-01,1.050990768380997975e-01,1.374984957200172386e-01,6.359571824421400565e-03,1.509355690088729496e-01,6.822996918926585441e-03,5.061615903618474355e-02,2.533365982480764722e-01,2.260031834738742140e-01,1.127727783105900439e-01,1.350741614582101624e-01,1.452503092601008516e-01,1.120746526455095593e-01,6.981055606731727259e-02,6.863284599401653363e-02,1.260145883525584098e-01,8.504566994705721472e-02,1.846142734525221818e-02,3.171866355121167880e-01,1.249019991555033737e-02,1.320395933453394066e-01,2.730985572989160781e-01,8.017850628582262607e-02,1.176991140045099971e-01,1.315882074423985887e-02,1.268703433628397825e-01,2.158156490124184951e-02,1.298761910885515292e-03,9.629316615926339362e-02,6.309611718773118494e-02,8.211347294040938216e-02,3.346668484762253815e-02,2.018880449948388667e-01,7.646227802014661512e-03,5.147964037121658537e-02,1.132699537099198517e-01,1.517075321519969489e-01,7.250813110632534086e-02,1.732184042413040803e-01,2.859687152439768787e-02,4.790200172641356779e-02,1.163642637838319116e-02,5.236014507859180350e-02,6.117673394351116900e-02,9.635935071899238979e-02,9.192650568282638435e-02,4.398923677251415087e-02,3.422839741085655085e-02,3.804230789557429271e-02,5.536731632298990541e-02,1.597783688078685538e-01,2.298414378600565355e-01,1.888954770132182104e-01,1.008623477544041136e-01,8.330283004240859879e-02
5.105213301647103241e-02,2.015547996810448106e-01,6.758668734568751280e-02,9.080756447437141055e-02,0.000000000000000000e+00,1.606073996144762039e-01,2.824534926032848947e-01,2.204889994495538297e-01,3.661884884541267704e-01,1.638738400798953887e-01,3.684634116029350537e-01,5.780270154188704712e-02,2.316705577821944750e-01,4.357155706748651602e-01,2.752003397125323270e-01,6.502454485529489403e-02,2.055403321148668028e-01,2.855292403318876460e-01,1.987082437936293633e-01,6.300441863724398628e-02,2.545728789411403348e-01,8.608796754325540035e-02,8.304556959265038674e-02,1.153617727830620610e-01,2.718452133235212398e-01,3.659425212107428882e-01,3.769372895488076747e-02,1.590313717842799512e-01,8.062234411363594644e-02,1.894926020133247402e-02,5.257014093554684964e-02,2.084745542684474096e-01,1.048685234341617534e-02,2.071982354098789170e-01,1.420526518062559251e-01,2.927639883540232857e-01,8.141462060881826668e-02,1.653829098075090820e-02,2.836568416389953495e-01,2.623070561788932720e-01,7.967881464063665542e-02,3.150146266998477690e-02,2.232320995018036713e-01,1.021060683639297695e-01,8.932251599283817789e-02,5.701430364447378218e-02,1.317114497581617361e-01,1.981110038435376919e-01,1.332726788270885976e-01,2.101907923944612566e-02,3.646065539553354773e-01,1.884592084871542506e-01,1.935836727279336977e-01,2.568325931144888052e-02,1.572866782093407245e-02,2.799774750486781483e-01,1.071179598059749938e-01,2.736278291329888868e-01,1.811927971678105598e-01,1.994762983034669979e-01,1.474762704543463032e-01,2.126797187657198940e-01,1.428410460256466785e-01,7.768261577029084153e-02,3.016935109538757542e-01,1.420699705585951045e-01,3.162317434295140450e-01,5.168792706358696365e-02,8.622142579503827564e-02,7.912276972296430899e-02,1.252692670983296397e-03,1.549311868285167260e-01,6.917348261106823215e-02,1.244559773548586656e-01,2.411464115649073203e-01,1.260575867379227777e-01
7.209054610024745458e-02,4.613192492720866733e-01,1.584476921825761497e-02,1.245640023899266188e-02,1.606073996144762039e-01,0.000000000000000000e+00,1.335807312148366566e-01,2.701091435770564542e-01,2.629597307474712542e-01,1.245378144614057436e-01,7.451562683232701434e-02,2.557883954531710025e-01,4.192183295700852574e-01,3.488114557125926996e-01,1.582684819559788958e-01,1.530001949770496972e-01,1.189422744124385978e-01,1.507597141254913564e-01,4.682650555870954134e-02,1.859668138783269753e-01,1.452039883536297427e-01,1.133837683106903027e-02,3.794470976861653577e-01,3.973507190346063922e-01,4.461560311044503457e-01,5.426833403700391800e-01,3.354224851596696033e-01,2.683053764915399597e-02,7.187149072123222293e-02,1.358899855580492644e-01,1.068936017031020536e-02,6.657762303468788001e-02,3.075013705343940251e-01,1.286477014209886638e-01,2.136655812140517141e-01,1.640002623946206772e-01,1.539194009874495228e-01,1.199114305630936406e-01,1.182246289360659453e-01,9.996968092205647805e-02,8.258295822807701358e-02,2.124892679546297458e-02,3.307384049093980982e-02,1.022302214473848059e-01,5.908610273097851529e-02,9.651183112214009596e-02,1.764280211116646679e-01,2.336351408435856092e-01,7.996967936224215479e-02,1.522809832904304661e-01,1.940341461510798338e-01,1.994418977419476491e-01,3.640180446177300189e-01,1.340847748263092054e-01,4.859229094181292952e-02,3.055435041386544981e-01,2.914739407021489925e-01,1.009248454319415234e-01,1.812145294425065445e-01,2.997441415187807046e-02,3.429709773809361262e-01,7.257313894838426926e-02,2.629030244135878713e-01,5.240663765262482121e-02,6.250535042549942855e-02,5.592244374839053234e-02,1.501936908681981708e-01,3.046854282632517341e-01,2.135880195718061203e-01,4.762786783034195226e-02,2.818673360247768711e-01,5.809656810909757940e-02,2.661309611987638934e-01,1.845442283413901152e-01,2.276983606538479366e-01,1.826025032399916370e-01
9.284974800668041595e-02,5.224648280629522468e-01,1.890738787451058667e-01,4.096266270043676938e-01,2.824534926032848947e-01,1.335807312148366566e-01,0.000000000000000000e+00,9.083561540915371935e-03,3.651451108418624081e-02,7.466622557770510316e-01,6.878497593031349111e-02,3.796406794441596899e-01,1.745222287355761015e-01,2.455092198236317469e-01,3.809968797032282639e-01,6.591430204233539314e-01,7.096146266909553191e-01,8.337583650505315802e-01,2.474596074563687187e-01,2.166769932214522021e-01,1.744871964104300066e-01,4.607827939717087928e-01,1.356226866671768894e-01,1.305082984271839774e-01,4.524916850752900288e-01,3.264021329091401635e-01,5.406215441408174227e-02,8.184365960531087003e-02,2.435065230163130368e-01,1.154989438042564598e-01,7.207308095943454340e-02,7.544943850760144066e-02,2.710635949162096825e-01,4.431282185024670861e-02,1.749907750893106573e-01,3.470386207003887113e-01,1.044184480249233660e-01,6.770719113357503982e-02,2.351656870131575428e-01,4.883490557415580136e-01,1.494230592504205979e-01,1.784664737722553574e-01,3.763769499312005218e-01,2.454896786968387423e-01,1.180602312080014649e-02,7.273607046558912270e-02,3.507315600756933938e-01,1.519824279859993965e-01,5.348204130103792475e-02,2.427921818061740122e-02,7.162696120575219594e-02,1.629556460702619725e-01,8.239538521822094286e-02,2.674042750187333728e-01,2.206430753644905707e-03,3.113368394166690645e-01,1.642660738569645673e-01,3.837616422855438802e-01,1.747615191295222581e-01,3.128025175866008256e-01,2.792080623239442394e-01,1.371758045127833836e-01,3.665849235940654705e-01,1.337931999272843619e-01,6.631042440523081394e-02,3.501320706941960514e-01,1.554920767113100455e-01,1.258002004001951002e-01,5.633795337377131562e-02,3.670323703123026249e-01,1.546941534773091653e-01,1.715154409136392943e-01,4.245750884241514811e-01,1.197090575716751176e-01,3.239018589015379979e-01,3.403554512754197736e-02
3.813750350601967654e-01,1.590026786898051103e-01,6.755928732377254331e-01,1.803171662636044448e-01,2.204889994495538297e-01,2.701091435770564542e-01,9.083561540915371935e-03,0.000000000000000000e+00,1.869362808653621810e-01,1.056679602737270185e-01,2.980691576191593084e-01,5.169072651888473313e-01,1.372551466693772149e-02,3.234239409188518488e-01,4.286074612772644010e-01,7.714651682792748877e-02,1.415952976739671965e-01,4.902241130259596402e-03,3.738893319260693793e-01,1.017446708385433829e-01,6.044530378245192015e-01,1.531166192620666000e-01,7.934850364114128807e-01,4.875095190732538497e-01,2.543271388063751692e-02,2.889098087546049243e-02,3.272549136030082351e-01,1.546431380649671561e-01,8.928251546824914620e-01,1.820496052677610943e-01,3.640826408742408593e-01,2.260149639175008662e-01,8.047545316065207732e-02,2.119396140528853334e-01,2.740761641482897804e-01,4.015491807400833335e-01,3.504938632358395867e-01,3.648446423047698728e-01,5.003507050515695886e-02,5.394757368149695476e-02,4.660805419670328853e-02,2.529671899566243720e-01,4.582413474630193662e-01,4.902082599082883269e-02,2.352949871610485189e-02,2.436851435386069853e-01,4.998816695886255657e-01,1.302799854548105651e-01,7.743873107847633330e-02,3.875087280903723452e-01,7.304753967002010073e-01,3.991269259208738984e-01,6.994927699190814918e-01,5.739992553288943977e-01,2.339995293748885208e-02,8.520559990227466463e-02,4.171890766035734610e-01,4.813946696513179413e-01,3.625501453912044481e-02,4.753457287510299833e-01,3.114297287540884751e-01,1.817929806769003898e-01,3.872194202484297021e-02,3.869166844226762936e-01,2.591692667091214375e-01,4.218469394690251839e-01,3.783778328937918434e-01,5.074538863524955534e-01,2.819986234370105427e-01,2.292564392310815768e-01,3.415782081941610704e-01,4.303509769261373297e-01,1.232996960087073268e-01,7.423124073538542866e-01,5.653971855591936185e-02,2.999393202513669920e-01
1.494241383482228791e-01,5.956729650062203563e-02,6.239291419779983139e-01,1.003032941939036304e-01,3.661884884541267704e-01,2.629597307474712542e-01,3.651451108418624081e-02,1.869362808653621810e-01,0.000000000000000000e+00,2.576522459362406980e-03,6.854142090785548813e-01,9.596540439689923985e-02,2.752678407368768787e-01,4.535701394428513777e-02,3.139592592305237018e-01,2.257312261614979887e-02,9.810248046761391172e-02,6.736682846730709939e-02,5.383556770016608706e-01,3.832313302392565957e-01,1.579260077188963940e-01,1.513217305609044216e-01,3.593462261065608065e-01,2.933547368835474622e-01,2.412707117804893941e-01,2.939152415410767327e-01,4.820543521451314817e-01,1.482259646707515532e-01,8.538349988685500769e-02,1.691336794954576284e-01,1.217560210951901256e-02,2.233178138421346159e-02,5.448447485816994285e-02,7.471879036369140359e-02,1.297344326742119192e-01,1.391708777431349964e-01,1.237964139496898208e-01,2.674151955789706436e-01,3.217695875846635079e-01,3.480689590746637724e-02,2.245650147776707128e-01,3.928104746488708665e-02,1.639920625919373265e-01,1.346310401203034413e-01,8.005492796879001838e-02,2.332521144684454317e-01,1.754783790208417626e-01,5.877018056778361421e-01,1.551275400764629275e-01,2.994340204025628394e-01,7.787742105173911522e-04,1.662231377835832746e-01,1.738097068739908879e-01,4.763564495474265081e-01,2.010427992970057476e-01,5.590816271647793823e-01,3.031874125266650899e-02,2.885567329488281096e-02,6.307235641924391345e-02,2.913104978355920971e-01,2.286740340359402768e-02,4.438229972585247540e-02,2.135014705158491677e-02,4.260526303762647848e-01,2.076994024698656793e-01,2.321751251580708719e-01,1.944852407527637439e-01,3.955097803859284888e-01,1.315461711969331537e-01,1.301248147502063190e-01,4.190774886291761536e-01,3.353443209813638526e-01,6.405507651491465504e-02,1.182041167288312988e-01,2.334440485832410817e-01,1.982203072186365378e-01
7.218168307362263225e-02,5.239484922718697923e-01,7.515036385196371960e-02,2.091574052913584836e-01,1.638738400798953887e-01,1.245378144614057436e-01,7.466622557770510316e-01,1.056679602737270185e-01,2.576522459362406980e-03,0.000000000000000000e+00,6.675569242920190161e-02,3.403654413518643618e-01,1.853782977485942396e-01,1.760826110010393908e-01,2.329063804036298480e-01,5.109627310647304466e-01,6.301556503545856502e-01,6.406747946093809265e-01,8.059107071553781032e-02,1.911040967506817123e-01,3.604742564005913308e-01,3.292162524972266358e-01,6.061414153573566055e-02,1.127881369702131986e-01,3.337101162553554046e-01,3.346703970028197528e-01,4.222328047336815215e-02,9.039925354898359355e-02,2.171922769280354437e-03,3.115706463236389001e-01,2.944307586257831066e-01,8.254552963908443064e-02,1.784348167148233633e-02,1.162849394761241995e-01,1.359348473511942101e-01,2.138733972611382428e-01,3.558556597324047388e-01,8.891492810861403862e-02,3.404182744063501825e-02,2.195156147473323605e-01,3.617410027987886800e-01,4.311993216284811803e-01,1.371338250252249757e-01,2.012415597829048386e-01,3.997288287855713107e-02,2.578100054131418628e-02,2.328873656652624968e-01,8.297730810957196224e-02,7.694573748331674096e-03,3.702799359396075074e-02,7.425206468137153515e-02,1.921885546651121435e-01,1.037966953212060561e-02,2.060642401431442838e-01,6.468951199938322016e-02,1.354632489105533633e-01,1.036025946455973457e-01,2.758904989101057526e-01,2.578674220938215744e-01,2.431537394012870390e-01,1.224552815133569394e-01,9.777548189435741888e-02,2.397792276234687880e-01,2.969683920157301094e-02,9.164004779325340966e-02,4.457603307429990891e-01,6.459514735764376736e-02,7.625750756304960909e-02,1.052554100626534872e-02,3.040289844326433122e-01,8.165276208978961003e-02,8.706574102860292763e-02,1.006181838742776502e-01,2.213720467334469033e-01,6.528459316658470624e-02,2.335629142402138037e-01
3.361008290582179203e-02,1.073701495382007182e-01,6.903819271671614022e-01,1.496218683192535037e-01,3.684634116029350537e-01,7.451562683232701434e-02,6.878497593031349111e-02,2.980691576191593084e-01,6.854142090785548813e-01,6.675569242920190161e-02,0.000000000000000000e+00,9.577280253601289095e-02,1.131910098164418954e-01,2.305932598559948254e-02,1.961650300113498002e-01,3.616067824866214808e-02,7.538732348096778557e-02,9.225955212759395785e-02,7.157711990321249385e-01,1.468501617710483431e-01,1.283915210241617366e-01,1.054372340838454492e-01,3.803541405699888966e-01,2.042478660828470627e-01,1.659815389566295929e-01,1.701326084145137474e-01,2.735211409867631116e-01,3.469962320971509140e-02,3.601486447220032527e-01,1.360290869245007195e-01,2.901372701187825420e-01,8.838878109344747158e-02,7.360864602743646956e-02,1.878397871193943636e-01,8.356424401679538039e-02,1.083110969793474043e-01,9.694250737257716077e-02,2.643204054785214807e-01,2.625268673917614537e-01,1.554078570596356401e-01,2.219209771747647220e-01,7.705018474221586589e-03,3.107075527278216343e-01,9.537172366184372418e-02,8.387068846689101076e-02,8.071072728122476170e-02,1.378001910437042232e-01,3.747754007717667424e-01,1.234421382439574583e-01,2.902638803639049914e-01,1.614639713018776457e-01,1.543738994888422533e-01,1.361588608038311055e-01,4.964460866411605222e-01,6.659872013227569054e-03,3.813642366471862721e-01,5.859740400857804676e-02,5.450319229407485366e-02,8.961312796572103168e-02,1.979782749888405746e-01,1.496580160620119559e-01,5.589180289879727703e-02,1.298722950695353484e-01,5.226734909063495138e-01,1.880171374655193184e-01,1.142007069796015517e-01,1.197040296897452505e-01,4.161868983982237036e-01,9.009408335733930240e-03,2.229637212467955321e-02,2.447704925793260933e-01,3.533764075755017053e-01,1.634762468347678854e-01,2.011168776897489241e-01,8.674756666136188010e-02,1.030694965453483603e-01
3.138423467244853549e-01,3.271907587590476840e-01,1.230117618367870258e-01,3.187751947270026087e-01,5.780270154188704712e-02,2.557883954531710025e-01,3.796406794441596899e-01,5.169072651888473313e-01,9.596540439689923985e-02,3.403654413518643618e-01,9.577280253601289095e-02,0.000000000000000000e+00,1.806805650454410828e-01,3.508770044425729706e-02,3.243679387110536827e-01,1.095552646529524138e-01,3.294017428878806553e-01,1.464274810350879030e-01,6.663313947382226710e-02,3.123674210684378449e-01,9.322349385905143171e-02,2.997850240816946066e-03,1.690459371513969300e-01,4.164063112380350096e-01,1.599703352706687842e-01,2.658909660443434797e-01,2.489206528517216577e-01,7.030501553841422835e-02,4.639697397613498642e-01,8.590140024411738184e-02,2.895748598508278149e-01,4.478621102401170173e-02,5.165930394524148594e-03,8.795304034218033584e-02,1.163293338305397273e-01,2.999016586642731796e-02,3.822489449129621297e-01,2.523767654513259240e-03,8.693878495800611006e-03,2.340436611224863128e-01,1.583908475038207919e-01,1.462015308268637126e-01,3.155814860354090312e-01,2.004327027857659427e-01,6.408173194686031526e-02,3.456704546883654916e-01,5.235354613215717490e-02,1.652839821092633166e-01,1.030707206388433023e-01,7.856257137418740100e-02,2.190186731131878450e-01,4.946484263591513497e-02,3.923616397195561212e-01,1.575780064084242593e-01,2.228108820176482596e-01,1.509233395807650091e-01,6.593129341930451526e-01,2.843197058590223869e-01,6.364623638078242829e-02,6.956474335092802108e-02,4.921353055614981487e-01,1.141388056256922579e-01,1.861130619688466659e-01,1.464629746518442133e-02,1.799379159028840491e-01,2.255915973577474198e-02,1.798525909622180063e-01,1.591058841283171377e-01,8.235106532281100122e-02,1.234102735428636577e-01,2.992561553166289690e-02,1.630024947047637729e-01,4.626094968522295736e-02,7.488263873256136849e-01,1.294784527495168036e-01,4.386897622689715504e-01
1.099138622131766441e-02,3.274854614286082932e-01,1.103558910430629814e-02,7.989792528993563958e-02,2.316705577821944750e-01,4.192183295700852574e-01,1.745222287355761015e-01,1.372551466693772149e-02,2.752678407368768787e-01,1.853782977485942396e-01,1.131910098164418954e-01,1.806805650454410828e-01,0.000000000000000000e+00,1.570762409321002362e-01,6.277151646738809987e-03,1.396891009208214851e-01,3.700913019673631177e-01,1.056485565595249865e-01,2.510803102702685585e-04,1.369390275555154857e-01,1.138516362969246576e-01,7.476557337762751443e-02,7.872203192971169439e-02,1.697029845202465692e-01,1.669141444371906591e-01,4.673422001855491170e-01,7.484888035022449482e-02,4.308151877154907661e-01,2.071877348326308654e-01,1.563375474828979372e-01,2.741156977738842815e-02,1.500566409087406572e-01,2.084392193502331292e-01,3.538473291366156515e-02,2.334515888974607600e-01,1.118752929582975120e-01,1.930235336340534458e-01,1.057358522417873037e-01,1.337397199650375290e-01,4.284088781238979543e-02,4.782073458810848221e-03,3.218158258241145264e-02,1.255514735316906605e-02,5.402855055246649774e-02,4.669249456793504727e-02,1.211103280265303783e-01,6.785152335291796954e-02,3.627677178677311542e-01,1.333275723310569094e-01,2.423251643918872267e-02,1.571753881919313589e-01,5.440443296330654821e-02,4.419364746745926831e-02,1.758724297102992606e-02,1.416916801992028629e-01,4.072638689075763763e-01,2.456312512782964363e-01,1.699503704025551176e-02,8.033155969618026304e-02,2.037732360476067206e-01,2.290249363587233966e-01,1.143394886042869985e-02,1.479002354920430917e-01,2.494392150673119257e-02,1.583870535844200400e-01,6.524745936894871257e-02,1.631845284847698307e-01,7.247711657670666274e-02,3.070462336610008114e-02,2.621185991148432537e-01,1.204374942841240359e-01,2.590296470656022754e-01,2.898488916738206633e-01,1.794304398970234804e-01,1.365593805935313987e-01,1.748992921873850359e-01
3.495792824885773920e-01,1.479169320825204914e-02,3.732552725727601439e-01,1.530105197900988589e-01,4.357155706748651602e-01,3.488114557125926996e-01,2.455092198236317469e-01,3.234239409188518488e-01,4.535701394428513777e-02,1.760826110010393908e-01,2.305932598559948254e-02,3.508770044425729706e-02,1.570762409321002362e-01,0.000000000000000000e+00,2.523916284868191751e-01,3.303987921656753035e-01,1.936492591449240630e-01,1.887881831577251368e-01,1.954640692385841150e-01,1.141758644706005604e-02,5.394220497915128698e-01,4.124822518766320112e-01,6.907269939687907256e-02,1.119144843152234947e-01,1.134704897181693650e-01,3.639283392763406622e-01,2.174904260585271421e-01,3.416597053580016086e-01,3.229314022143831009e-01,5.324954242417379024e-02,6.212316769219010382e-02,9.106939697461993721e-02,2.296692868811244514e-01,3.660539107826997762e-01,3.468713597208281652e-01,6.282888465052681726e-01,7.493759291924473320e-02,9.391899454712027140e-03,2.477468278112045508e-01,6.350232276059505909e-02,3.006261151447956470e-01,4.547850654324991915e-01,7.523957493341282277e-02,7.864880797933113121e-03,1.136920082584168268e-02,1.245789707504993682e-01,3.233843206990027475e-01,2.519367104595695572e-01,6.239608815113535656e-02,4.034288895847980561e-01,4.525506795317093545e-01,5.648427530211475034e-01,9.528482324598386288e-02,5.389576846959532874e-01,9.380084301101709876e-02,3.291932906913226375e-01,1.596298028144762515e-01,5.358142499053837327e-01,2.618598218403334621e-01,4.791464665684398438e-01,2.627114941485767519e-01,2.625438696661744342e-01,4.621123222613076620e-01,3.833900244219089481e-01,4.293707975483719297e-01,4.106065500966832316e-01,5.738642098754432874e-01,1.109420106185667193e-01,1.362226832528466158e-01,2.801891129068308506e-01,2.327681320368799045e-02,4.246569803325251358e-01,4.776048902681928054e-01,7.908486139929048198e-02,3.418368437005530058e-01,1.550176980749953456e-02
1.713419466177962258e-02,1.917147663719022677e-01,4.702184945216404399e-01,6.458377601977152715e-02,2.752003397125323270e-01,1.582684819559788958e-01,3.809968797032282639e-01,4.286074612772644010e-01,3.139592592305237018e-01,2.329063804036298480e-01,1.961650300113498002e-01,3.243679387110536827e-01,6.277151646738809987e-03,2.523916284868191751e-01,0.000000000000000000e+00,7.877329742753924613e-02,1.338603174871076940e-01,2.831791895990422581e-01,2.273311142247511629e-01,4.897762722529237500e-01,6.101029016294250429e-01,2.915000945865592330e-01,6.989034415269300693e-01,1.057250263646474786e-01,1.523225154261353964e-02,2.048530712353125449e-01,6.842881907279473319e-01,4.248538821296868884e-01,2.072546545785275973e-01,1.191701883605194023e-01,6.946833291690782120e-02,1.844304492861341405e-01,1.679762191575798758e-01,2.631619903100738678e-01,4.439365939426757890e-02,3.469825951176609968e-01,1.603208259786733647e-01,2.544970636133099262e-01,6.849572603269979409e-02,4.770312109389060473e-01,2.205439478828022382e-01,1.423881516726474561e-01,2.489458372540554187e-01,1.007300006104100282e-01,1.273969005326728854e-01,1.506709054995022112e-01,2.965278779340818072e-01,1.147717944127472633e-01,2.027898959375109555e-01,6.105147140031670361e-01,5.957435997631319591e-01,4.993759467586544876e-01,4.087084934216036469e-01,5.380653232890405535e-01,2.371635683260646665e-01,3.305321487835292671e-01,1.708112372234616427e-01,2.534153852392827533e-01,1.392965448671470707e-01,5.094834107800340073e-01,1.002031967783711397e-01,5.162409185801347666e-02,8.014976299532339254e-02,4.444290429324895819e-01,5.646250578845802837e-01,4.416076344889363070e-01,6.340808617823572302e-01,3.213553465046299351e-01,8.176111890560888718e-02,9.287354838983721828e-02,1.900765827630519489e-01,6.194654742323988383e-01,2.661314944390968940e-02,6.105307513999552738e-02,8.614350742234924696e-02,9.854909522981683545e-02
3.273358737376241834e-01,3.350664931761164755e-01,1.867019508982107889e-01,3.031399014487518029e-01,6.502454485529489403e-02,1.530001949770496972e-01,6.591430204233539314e-01,7.714651682792748877e-02,2.257312261614979887e-02,5.109627310647304466e-01,3.616067824866214808e-02,1.095552646529524138e-01,1.396891009208214851e-01,3.303987921656753035e-01,7.877329742753924613e-02,0.000000000000000000e+00,4.706940762337522011e-01,6.392822992010114280e-01,1.204917605189337465e-01,2.500152505263913971e-02,4.319141937374261775e-01,6.910744479312609378e-01,1.208227288888029799e-01,9.648985392753509083e-03,3.927915089256293624e-01,1.324046296973017123e-01,1.845838877990285121e-01,1.820833962823076302e-02,8.037540949294330606e-02,9.371612273704083007e-02,4.251357910873494461e-01,7.048051276540255594e-03,3.508919887257885839e-02,2.013598270947386248e-01,7.480694869868081964e-02,5.442142462287883342e-01,5.519454615934425712e-02,1.121963546344830615e-01,2.541858885561739667e-01,6.883831099926002173e-02,3.102439185281258283e-02,2.867408447255340165e-01,2.344145367825440918e-01,2.561101170558460205e-01,8.818365476384111556e-02,3.796080829864790229e-01,2.406148706615395261e-01,2.965241242544509048e-01,4.967843658573692367e-02,4.719799386435678812e-02,5.551861728905693738e-02,2.344828425323168819e-01,2.470650560460690981e-01,2.659755391462597096e-01,8.980151982309972358e-02,3.660044775973947395e-01,3.741944386058794758e-01,3.092474636451270076e-01,1.885554037184786480e-01,4.295668400644133689e-01,5.034729365407653034e-01,4.554680881042377782e-02,3.899512829644922740e-01,3.263122744721277946e-02,1.483135130533272117e-01,4.150064099246754679e-01,3.668283166559846986e-01,1.723205936233012658e-01,2.188677956143821046e-02,3.468361045185527347e-01,2.247528312447363841e-02,2.794995972312836474e-01,4.286719341622445278e-01,1.688398163790443274e-01,6.686763150821048440e-02,2.979049857138925117e-01
3.206705467359632911e-02,5.670099867638604962e-01,1.935892017492914507e-01,2.035912888085469330e-01,2.055403321148668028e-01,1.189422744124385978e-01,7.096146266909553191e-01,1.415952976739671965e-01,9.810248046761391172e-02,6.301556503545856502e-01,7.538732348096778557e-02,3.294017428878806553e-01,3.700913019673631177e-01,1.936492591449240630e-01,1.338603174871076940e-01,4.706940762337522011e-01,0.000000000000000000e+00,7.154206708927070002e-01,1.542892411346484527e-01,7.916252792998457188e-02,3.829543667162398357e-01,3.879362875104709341e-01,4.283889779543367804e-02,2.998001359927410792e-01,3.114843783865144933e-01,3.861554895971145429e-01,4.796586436430452793e-02,1.775389300690091710e-01,7.006510335775223419e-02,1.628614839596091435e-01,3.269013950029873716e-01,6.877394425893901264e-02,3.217829834522087373e-02,1.713183173356679356e-01,1.178019194912277579e-01,3.282602170105420880e-01,4.047358248562961114e-01,4.617070419752525301e-02,1.653248619995876245e-01,1.498628647196348640e-01,2.652729734013619112e-01,3.677269584890046072e-01,2.898252841828851123e-01,2.165078838936492778e-01,9.356394240927379258e-03,2.249356317451348120e-02,3.101860323731892022e-01,1.814548564066930103e-01,1.885548884755651466e-01,2.301486600787178149e-02,1.694229354967839718e-01,2.465304075328023925e-01,6.064302374930605199e-02,3.338249631658975480e-01,1.273550353203309893e-01,1.277599211466338702e-01,7.606567109720385744e-02,4.295339778733954228e-01,8.695377026420245126e-02,2.761293847647172672e-01,8.491392746390707957e-02,1.275878421207584101e-01,3.280982821161891327e-01,8.875328813908434089e-02,1.401172021838786863e-02,3.492110463337146919e-01,1.730665997695887692e-01,1.142230973951708917e-01,1.298980866281745916e-01,1.935287867704130749e-01,1.738436724271938405e-01,2.843053962299357806e-02,3.113250885109101196e-01,3.521823562430946852e-01,5.047343994462656636e-02,1.963004049972640330e-01
2.389820073856230298e-02,6.617155332823398961e-01,2.233667702552604439e-01,2.579434291179250605e-01,2.855292403318876460e-01,1.507597141254913564e-01,8.337583650505315802e-01,4.902241130259596402e-03,6.736682846730709939e-02,6.406747946093809265e-01,9.225955212759395785e-02,1.464274810350879030e-01,1.056485565595249865e-01,1.887881831577251368e-01,2.831791895990422581e-01,6.392822992010114280e-01,7.154206708927070002e-01,0.000000000000000000e+00,9.256680770727920837e-02,9.652763164035538246e-02,3.242025828216450467e-01,5.861760628267980167e-01,1.367662881967302846e-01,1.887051105113825011e-01,6.228294454705143313e-01,3.627633620697074401e-01,9.525680168364855649e-02,1.362425304153687122e-01,1.001938757905307398e-02,9.467042278519671727e-02,2.036816465671084375e-01,1.747601626621962112e-01,4.324437829716354376e-02,9.046081968717881172e-03,1.723649226327474970e-01,3.671476116890895480e-01,1.730891204772173619e-01,1.575714399945532529e-02,3.058417499366575809e-01,2.165115944946029158e-01,1.481608835850735384e-01,2.320938722430698764e-01,3.039915610462905482e-01,3.255155912875040691e-01,3.996183484636570138e-02,2.690515930836023806e-02,4.464270264411559497e-01,2.853643756051457148e-01,1.242636288359118546e-01,1.382312630052615621e-01,1.511544473660147159e-01,1.569039654010464246e-01,1.087471397133172868e-01,2.264559462749571594e-01,8.493501228498684386e-02,2.823686685992898293e-01,9.399333524130706885e-02,3.316822319851463474e-01,1.734507291277173069e-01,2.463963997520412230e-01,3.000357024509653359e-01,9.972858102152565296e-02,4.054025572791246645e-01,2.315168294911648661e-02,5.653221883310349805e-02,3.592165268162644254e-01,1.466139549506856321e-01,1.401679443187272001e-01,1.449115834479971499e-01,4.481308563892124064e-01,1.671350722257425869e-01,2.208400572629450331e-01,4.724616908508485480e-01,7.036238842284980866e-02,4.638862714936661802e-02,2.545235560609834802e-02
2.169806586918723024e-01,5.306677160612616184e-03,7.329163941611305244e-01,9.541498420537633529e-02,1.987082437936293633e-01,4.682650555870954134e-02,2.474596074563687187e-01,3.738893319260693793e-01,5.383556770016608706e-01,8.059107071553781032e-02,7.157711990321249385e-01,6.663313947382226710e-02,2.510803102702685585e-04,1.954640692385841150e-01,2.273311142247511629e-01,1.204917605189337465e-01,1.542892411346484527e-01,9.256680770727920837e-02,0.000000000000000000e+00,1.826072923866734476e-01,3.925486973064377105e-01,3.241190152372329658e-01,3.848030837866991960e-01,1.611571964954379987e-01,7.113402508223309884e-02,7.017690203999241150e-02,3.882394806794501885e-01,1.515860822546767628e-01,4.515469167253696181e-01,6.255016121920620176e-02,1.948067582409678256e-01,8.676013654554501353e-02,5.588218686644871175e-02,5.907520888059105552e-02,1.846059986202516490e-01,3.638882872523973577e-01,1.687644669132512543e-01,2.369167484122939316e-01,1.458474243195033992e-01,3.453161958218971955e-02,1.624653839720480442e-01,2.010495559682474731e-01,4.427461464206279285e-01,7.203783417215901819e-02,1.217098525989740443e-02,1.061105048328826739e-02,3.140388532548196165e-01,2.065383326013594534e-01,2.041812466379609448e-01,3.358696821018370970e-01,3.645146298018261399e-01,3.763074613005203406e-01,2.665957080526030198e-01,6.398388417471587708e-01,3.438554161341034199e-03,1.432670566979939997e-01,4.934471067261167465e-02,3.958348569719902788e-01,8.935273074082976386e-02,4.149733679324733027e-01,4.825936694035092012e-02,2.590563777645513155e-02,1.237000405754447030e-01,7.946733639780928504e-01,3.382378200169801064e-01,3.662720339438678141e-01,3.822697876395868555e-01,4.040519873004304041e-01,6.011837897966072763e-02,2.107939277140996603e-01,2.861185159959257485e-01,5.020271637418320942e-01,3.352560288620180518e-01,2.384408761444835045e-01,5.386475549808703023e-02,1.341966558522164066e-01
3.771993662291222571e-01,7.286846546226299903e-03,1.371247717249966525e-01,3.278205273630679928e-02,6.300441863724398628e-02,1.859668138783269753e-01,2.166769932214522021e-01,1.017446708385433829e-01,3.832313302392565957e-01,1.911040967506817123e-01,1.468501617710483431e-01,3.123674210684378449e-01,1.369390275555154857e-01,1.141758644706005604e-02,4.897762722529237500e-01,2.500152505263913971e-02,7.916252792998457188e-02,9.652763164035538246e-02,1.826072923866734476e-01,0.000000000000000000e+00,1.675014252819727600e-01,4.794359093289822238e-01,2.393300374425832433e-01,2.148945581704542196e-02,2.135419379310578569e-01,1.480107786626953803e-01,5.882264618591125371e-01,3.340912170570502493e-01,2.698586227955905859e-01,1.858559933410483533e-01,1.742645462095960274e-01,5.552541334160644021e-02,2.792795689804248305e-01,4.700559665553638578e-02,2.294356177823596021e-01,1.088897580650283609e-01,3.850769753761321135e-02,1.010951448465488289e-01,5.627869617005743647e-02,3.650453199192599252e-01,3.045102270011404433e-01,7.179697729654085925e-02,9.484972716237503876e-02,1.040954615086464585e-03,1.125223458820725775e-01,4.529733223930431651e-01,1.158304448187344460e-01,4.861998540082125841e-01,7.619992526698522728e-02,9.981652785941291794e-02,1.095069293648668896e-01,2.787962544793595732e-02,4.600305620915159932e-02,1.719270867892325194e-01,4.821895684996244102e-02,3.581316461025985665e-01,2.247359267031577845e-01,9.196264353037941763e-02,1.744231938898174739e-02,3.027822833663103563e-01,2.681297513919275177e-01,4.003462015778578298e-01,4.287108650378362862e-02,2.515025761352986944e-01,5.765610200668433993e-01,1.948678784115474572e-01,4.209664132715333351e-01,2.254336980838410609e-01,2.497065538814802199e-02,1.021185932286361453e-02,2.586930916548815795e-01,4.314971342904799223e-01,4.149541671174733493e-02,2.780655825472440057e-01,1.981305014135815168e-01,2.486046515043778549e-01
1.303523892760344305e-01,2.823466644172490936e-01,5.826669770185242125e-01,7.413842515720467374e-02,2.545728789411403348e-01,1.452039883536297427e-01,1.744871964104300066e-01,6.044530378245192015e-01,1.579260077188963940e-01,3.604742564005913308e-01,1.283915210241617366e-01,9.322349385905143171e-02,1.138516362969246576e-01,5.394220497915128698e-01,6.101029016294250429e-01,4.319141937374261775e-01,3.829543667162398357e-01,3.242025828216450467e-01,3.925486973064377105e-01,1.675014252819727600e-01,0.000000000000000000e+00,5.933836581418283629e-01,5.371883050808172744e-01,3.277482426188235154e-01,2.894546240225702172e-01,1.239987271744413810e-02,5.861795340084821060e-01,2.302868561933228975e-01,5.075983128503592789e-01,2.571993505630877364e-01,8.794577226478517140e-02,2.259357663809987427e-01,9.323536846141086687e-02,1.891932940922850248e-01,3.064229065814889075e-01,7.501395808584486735e-01,1.568952135214248811e-01,2.518873243875099366e-01,2.365184977713218895e-01,1.571140733800213407e-01,2.219130256429585613e-03,2.841058309731047671e-01,3.370634574518894810e-01,1.534932143667334936e-02,5.427666844890327580e-02,9.109655812952083265e-02,6.155920932678837776e-01,2.167882878053392359e-01,1.028926894440716638e-01,4.093110290439473387e-01,6.899734437714797330e-01,4.630511469219900089e-01,4.229660585638421177e-01,6.218563195623246775e-01,8.902338346493626764e-02,2.463696356970424550e-01,4.628858061614040537e-02,5.234847943192827424e-01,1.326498465102111113e-01,8.966023297365068867e-01,2.851667586517330766e-01,1.595867111374653646e-01,3.201337290457043072e-01,4.949141536589017898e-01,5.891854483968785861e-01,7.457690758267790931e-01,7.713152468682794582e-01,3.508908993485465588e-01,1.959133504167186179e-01,4.830574975484521194e-01,3.222398304868140384e-01,7.195567436004606243e-01,3.494660744297902188e-01,2.615065759429250902e-01,1.644175757724787301e-01,1.191049456757408975e-01
