0.000000000000000000e+00,1.502549005025473339e-01,5.410936187111665685e-01,1.196132641816080727e-01,3.516984861211907010e-01,2.576097192895061561e-01,2.383613288039378442e-01,1.405547812572137956e-01,5.614769348717065789e-01,5.035727752974610283e-01,3.362579473825465515e-01,4.773465909675285446e-02,3.809703898003075628e-01,2.798566961581852031e-01,8.099659268453748284e-01,7.032543679129374947e-01,3.343655495837629110e-01,3.775277747432638775e-01,2.901128579723928347e-01,7.028269859761288041e-01,6.718251532693386707e-01,7.387658470540272582e-01,3.624965974695788518e-01,6.872864886222573855e-02,5.464819779419076706e-01,3.939142048666537943e-01,6.346769157933831451e-01,4.285510609932438042e-01,5.955024102009209841e-01,5.194041412923968704e-01,5.989235836781403588e-01,2.651959432132398042e-01,2.975042473504900808e-01,2.546288296227917636e-01,4.046020451208957036e-01,3.294832592284621109e-01,8.877362695264019721e-03,3.254208542819557182e-01,1.488296487025407566e-01,2.709065731466661631e-01,2.126643559578852150e-01,1.252021433261317207e-01,3.653344772036383192e-01,3.886030115579872657e-01,2.386203529795057343e-01,8.174070539417369607e-01,3.515467674953199895e-01,5.766926776620550088e-01,3.508785107003152826e-01,1.386529917380141877e-02,1.837826009764674806e-01,1.616798966175926333e-01,1.625293504426904012e-01,5.422758573345776156e-01,4.464804833553525087e-01,2.456664104908718449e-01,3.867148170508057786e-02,9.278864838387385072e-02,1.553010533990155650e-01,6.947258797277590103e-01,4.936275824954506897e-01,4.591428561340670234e-01,2.763092340382948819e-01,3.279011734882441576e-01,7.005629719024650814e-01,6.445689224765596137e-01,7.130815277165158950e-01,2.752399096742245144e-01,2.512873085087674596e-02,4.359403729487675849e-01,4.040667601237660778e-01,4.627454986523801272e-01,2.257594580782035232e-02,4.726069203971386967e-01,3.264377654574821541e-01,1.698792868207790463e-01
1.502549005025473339e-01,0.000000000000000000e+00,3.940709386659120850e-01,2.308624678817309817e-01,2.405070722149228180e-01,8.185195935446982762e-01,3.568280691255290016e-01,5.130753697345293851e-01,4.119910071242076088e-01,2.002261971652892769e-01,2.171655432605799074e-01,5.114949536229134175e-01,3.117779199989442751e-01,3.415672255497991666e-02,1.437295431671852530e-01,2.843598578378520036e-01,5.943276446314513795e-01,6.603598046617376038e-01,3.745395526501130723e-01,1.310552833924569782e-01,3.151325978645226344e-01,1.884733906935735503e-01,5.311378291650126204e-01,3.924741061676174647e-01,5.775808499609114133e-01,7.489569808346754343e-01,4.245022886172821197e-01,6.154295311535690205e-03,2.216292942220229878e-01,3.421560176116225649e-02,4.855145303580782334e-02,2.843086667998023787e-01,2.142659434608353286e-01,1.945192516282590600e-01,2.755115430313289648e-01,2.390222210011432591e-01,9.961490697063615785e-02,1.545074646596224510e-01,1.348158987894975402e-01,2.536733625517435531e-01,2.287642858692727488e-01,1.929565917643883410e-01,1.153938774402773065e-01,5.429187833949544045e-02,1.429694080387764188e-01,3.577111719950915036e-02,7.515416597187405401e-01,3.157698453349029322e-01,1.538330294186591729e-01,1.247765540334447865e-01,6.070680636883706294e-01,3.225110736295608849e-01,4.488597529542069364e-01,3.447352768596015915e-01,2.727662571607999964e-01,2.987657833636079840e-01,4.820090418496322804e-01,3.188133462093442616e-01,2.435336538036746157e-01,5.683140799797292697e-02,2.911637224539392887e-02,3.148966232422742428e-01,3.217575668166202107e-01,4.071780688781413415e-01,1.592564946775713863e-01,2.117792174472487021e-01,1.960122042635347728e-01,3.409194291637286933e-01,3.466881818989691610e-01,4.266412673037539016e-01,5.612426298375714495e-01,1.750166225368749440e-01,1.035660651413544131e-01,1.712802906367422162e-02,5.993494085187410503e-02,1.369741124460611692e-01
5.410936187111665685e-01,3.940709386659120850e-01,0.000000000000000000e+00,3.236684604031258572e-01,3.581154263389546011e-01,6.042978468286246407e-01,2.699863682473264692e-01,5.622340837524052448e-01,8.522532998444269925e-01,5.609728715409328936e-01,5.615024909082704241e-01,4.300135418393228326e-01,4.624439756871016050e-01,1.691487527823246073e-01,6.083902814039888751e-01,4.459488192810085461e-01,5.973727178962874307e-01,5.911002840777151990e-01,6.017287723398724308e-01,3.706147898279365527e-01,4.909388407367846763e-01,4.344704070574211263e-01,8.347789776180843946e-01,4.509934354125133549e-01,6.126764302842593324e-01,6.313382966214496905e-01,6.214509000957040286e-01,3.180940120319701303e-01,2.864075917991441012e-01,3.363259260557520114e-01,4.680509834344177000e-01,5.057007476129331547e-01,2.154426633111407863e-01,1.133545105558794175e-01,3.994428987225577821e-01,1.321288298735457389e-01,2.057496833484801779e-01,4.378454920072739620e-01,3.303816600946652970e-01,2.995150947055486568e-01,2.696773379551837824e-01,1.455616512915813288e-01,7.642290010609453788e-02,2.210063406632034044e-01,3.523641046559409240e-01,4.979343147046086937e-01,5.743336638285103657e-01,8.692163850237082379e-01,3.393471919759342148e-01,1.220338632693999115e-01,7.131233659539588654e-01,3.996636106820717349e-01,6.492079185588501833e-01,7.815864056686891992e-01,6.292317340723259100e-01,5.036266235966773142e-01,5.826635143534807382e-01,1.912578967249350947e-01,3.366731297017649394e-01,5.154218364733764712e-01,2.601450687382419469e-01,5.902987811362461201e-01,3.534214854761340008e-01,6.408568623811343734e-01,4.876500300098566831e-01,5.425756258081972927e-01,5.249540496900462205e-01,7.751740047379253040e-01,4.458356072377768209e-01,4.294726313013896846e-01,6.435062414781718143e-01,5.685813696932781047e-01,5.032290302610920030e-02,3.274751093430967042e-01,4.050439667397799370e-01,1.185454247700615249e-02
1.196132641816080727e-01,2.308624678817309817e-01,3.236684604031258572e-01,0.000000000000000000e+00,3.383075176297120623e-02,3.194489075363218245e-01,6.393057518523032057e-02,2.787681780845828738e-01,3.799166733339345292e-01,3.952263028940262712e-01,2.328320143613210880e-01,2.304665277272007207e-01,5.122964685088535197e-02,4.237711526154652741e-04,1.440081244839079011e-01,1.194599291055790102e-01,2.049935228431445933e-01,2.146478965589921628e-01,1.346990353897667414e-01,1.174628514128346207e-01,2.960436617411999483e-01,1.286577848214201236e-01,2.910772950563799144e-01,1.528262187106040892e-01,1.976436664839033019e-01,2.404922209830985536e-01,4.090058438029368082e-01,1.834637076412589662e-01,1.282780705895704976e-01,4.106162938426582976e-03,7.536454280029519781e-02,1.188501869247698683e-01,3.003186688894708689e-02,7.560780094300428855e-02,7.512140924171324674e-02,4.121099501541225507e-02,3.817074349219432006e-02,1.397634916057817756e-01,1.121818524998161037e-01,6.144494321461477226e-02,1.203355966175032876e-01,1.532182313836177034e-01,1.603725801990062150e-02,8.480043507215921650e-02,3.153924029707335652e-01,9.766348763745030803e-02,2.467667813912549912e-01,4.083583319585288307e-01,4.568950082776852550e-01,1.555043733317765242e-01,3.205246394300612645e-01,3.696781503212430708e-01,3.787603809491365547e-01,3.647612701223318932e-01,4.220136203144203013e-01,2.319166842290125430e-01,2.642835776363549605e-01,1.966270996153384742e-01,1.530359024837730508e-01,2.512661818559115412e-01,5.741959101346977290e-03,2.746822874498203726e-01,2.354993804141397029e-01,1.862336311143178436e-01,2.870168177115614006e-01,1.861984702856513962e-01,2.050894108159151408e-01,3.454547419022740984e-01,1.605503274368048627e-01,2.601257350018114645e-01,2.109696034297462719e-01,3.648861139767050621e-01,6.942910647456619622e-03,1.410878027136582835e-01,8.116003051305331617e-02,5.099537446638996441e-02
3.516984861211907010e-01,2.405070722149228180e-01,3.581154263389546011e-01,3.383075176297120623e-02,0.000000000000000000e+00,3.026857829091931240e-01,5.907643318732743731e-01,1.702631425772853924e-01,5.123331586914439129e-01,2.318254577612597067e-01,4.153435925675924567e-01,1.262894658504445378e-01,4.799740425545997446e-01,1.994958527388371039e-01,2.459124428117142880e-01,2.842409346666500136e-01,2.183953222481222478e-01,2.676621728207180251e-01,3.031219834252009693e-01,2.439236084854213282e-01,3.323957313603685959e-01,3.089483134058383929e-01,2.808665531386977943e-01,1.882062289289807011e-02,2.846306813958837667e-01,3.223198977267985876e-01,3.818213228440983098e-01,3.772780860281031434e-01,3.862549120365866839e-01,2.228357213088001942e-01,2.524492249441848690e-01,2.902728629674265481e-01,1.722993826104865511e-01,2.764981852222452852e-01,3.352079858901241272e-01,7.013267960057478767e-02,7.396683889336111428e-02,3.240759559485149044e-01,1.629698296427382065e-01,1.849089930836544104e-01,2.548058505973770371e-01,1.068904136036016167e-02,3.288432091225734766e-02,1.156225421758564215e-01,1.901409839452440353e-01,3.371283041801338975e-01,2.524732000962170431e-01,4.449538664972885194e-01,1.240963674664172234e-01,4.304044803094059235e-01,1.921984357538352728e-01,4.604814354169504687e-01,1.542048101930618698e-01,3.854518712932940572e-01,2.282070651963826746e-01,4.613636772995618474e-01,1.225908737992355141e-01,6.352406925510994951e-02,2.288259129514870760e-01,1.792354832406125309e-01,2.117866688481863102e-01,2.060507768912994697e-01,2.273433556906833131e-01,2.814256337701769306e-01,2.435878268053462692e-01,2.960967329502532941e-01,2.599911373756515487e-01,2.467666753295693627e-01,4.454274433911774994e-02,2.391911218590093424e-01,2.142551774256878927e-01,2.809141301117481504e-01,1.019411304414163111e-01,2.302528999810750654e-01,9.829670159663028706e-02,8.926686056315202844e-02
2.576097192895061561e-01,8.185195935446982762e-01,6.042978468286246407e-01,3.194489075363218245e-01,3.026857829091931240e-01,0.000000000000000000e+00,4.665529391784850599e-01,6.640982378207723746e-01,5.777723322795178529e-01,4.617266234516684276e-01,3.054784435117249841e-01,4.439306336578303092e-01,5.846088953264787502e-01,2.266166040339454013e-01,2.841411270466224215e-01,3.652383716014229731e-01,6.039976818066036257e-01,5.863704087702823475e-01,3.379135394339644050e-01,2.360865407520658654e-01,4.901099803325197346e-01,2.196447935917428818e-01,7.335562349460686971e-01,3.335790269240342942e-01,6.687825215617686503e-01,7.899708333325469178e-01,5.373114330921965331e-01,1.867627193008576936e-01,3.258261498864747363e-01,1.107770995930076746e-01,3.243559810783404052e-01,3.859530692307316380e-01,2.415067260065114907e-01,2.458328259590177312e-01,5.220958026503481619e-01,1.140003015841404149e-01,1.084735048806716035e-01,2.735425419843463546e-01,1.859651012277052651e-01,3.032567474925864648e-01,3.306455410812680351e-01,2.084038853472339747e-01,1.179030891026247169e-01,2.316748881010799177e-01,2.865134886866165798e-01,1.308711920042250065e-01,6.075981252436821745e-01,5.751978821412981890e-01,3.728910065978442434e-01,1.227540439331438818e-02,7.597825447939707821e-01,2.893424033650514038e-01,6.375872071398713814e-01,5.034700280187049959e-01,3.908778882992207659e-01,2.951378394644679215e-01,4.790373702952149815e-01,2.640920153341505539e-01,2.677181382465469994e-01,2.813287582595258574e-01,1.923353704163847933e-02,4.330304368122627201e-01,2.662414206388221682e-01,4.073456252178794812e-01,3.166887237415103029e-01,4.936897587562111278e-01,2.512015883083776324e-01,6.228682090603984145e-01,3.413385478138308837e-01,4.593957992917948041e-01,5.345612818466174421e-01,4.210836800332876662e-01,2.432824806206050905e-01,1.743979959839368488e-01,9.797427971666540503e-02,1.584242706269891332e-01
2.383613288039378442e-01,3.568280691255290016e-01,2.699863682473264692e-01,6.393057518523032057e-02,5.907643318732743731e-01,4.665529391784850599e-01,0.000000000000000000e+00,2.143598074925760488e-01,5.022339044704544619e-01,4.466751064393932324e-01,1.847184163293820736e-01,1.612512715483154224e-01,6.877712164232497871e-01,3.499558391918909939e-01,2.835567328832583334e-01,4.680496852521667805e-01,4.717984427775411271e-01,4.518752315189205060e-01,1.822051571791050151e-02,3.280531999607428917e-01,3.579518658928171337e-01,2.816950663596974880e-01,3.346219326238850655e-01,1.424837211137018611e-01,3.168034700535002357e-01,4.348459343252690790e-01,3.748631304765572270e-01,4.163733108411748485e-01,4.773835083154910341e-01,3.068442525964373280e-01,4.575371774442444917e-01,2.876724895389298764e-01,1.142171310261347328e-01,5.316784705376342846e-01,4.899090909933881965e-01,4.313136779487750094e-02,3.265866085642780137e-01,3.564784515013766919e-01,1.057077890742973009e-01,1.539576759734118117e-01,3.601501677680787328e-01,8.800232126064203020e-02,9.238240696373023475e-03,2.505329397542219727e-01,2.971023440682221683e-01,2.333997388121139549e-01,2.749801028474145870e-01,3.924997725685764882e-01,2.694401195138783622e-01,3.158552907060889758e-01,2.834246450759861369e-01,4.467672656869325354e-01,2.434082612923648137e-01,4.983047711519669742e-01,3.407884436075339085e-01,2.147947478406288246e-01,1.632316810391118700e-01,1.495764006826341419e-01,3.697319583004480270e-01,2.886480831964371441e-01,1.335205407366060748e-01,3.094011996308793644e-01,2.747643852626619476e-01,6.653387948407490926e-02,2.222685015106528605e-01,3.558179894781690056e-01,2.139836377968614700e-01,2.981851701496815998e-01,1.372699620705488399e-01,2.776875820429167696e-01,2.859674763401514053e-01,2.107461558718737860e-01,1.690790546132087679e-01,1.688418607258565518e-01,4.597508879890779138e-02,7.343930455071732977e-02
1.405547812572137956e-01,5.130753697345293851e-01,5.622340837524052448e-01,2.787681780845828738e-01,1.702631425772853924e-01,6.640982378207723746e-01,2.143598074925760488e-01,0.000000000000000000e+00,4.322612120941791147e-01,1.847116000213982756e-01,3.284062116195149983e-01,5.699361994242198026e-01,2.379047950617664275e-01,7.411969922839892200e-02,6.947170603324009930e-02,3.050683399273465893e-02,3.063114131007964591e-01,1.555311873723556615e-01,2.002728957496328344e-01,3.948569120443234937e-02,3.110398296505351157e-01,8.582595597154085709e-02,7.871469716074014356e-01,3.551807567758044071e-01,2.302969793328735193e-01,5.766300901993164363e-01,1.790763166461136202e-01,7.729966429695311891e-03,1.178876142948282746e-01,5.718448239032067337e-02,7.429775050690887173e-02,2.431533367387068711e-01,1.363807172368046161e-01,2.176802238964228309e-01,3.448035109883019200e-01,4.743403985397756650e-02,8.532004810992185884e-02,2.719790867663617884e-01,4.755139047343626135e-02,2.700994104837832199e-01,1.796294268071711997e-01,1.346705380577540023e-01,1.082882726120932282e-01,8.644455134155717979e-02,2.722240991159020074e-01,4.472228849447443255e-02,2.651991196341155765e-01,4.791764558040534916e-01,2.227396553548572078e-01,6.431354244675512033e-02,4.757975380007534172e-01,2.183933067076870849e-01,7.792755104943337452e-01,3.660548367291009408e-01,2.748394772253384688e-01,2.830056325133412098e-01,5.118877003741713061e-01,1.079310834175838119e-01,2.448745745999859058e-01,4.548519651303262190e-03,3.957450283520061451e-01,2.176109717745114691e-01,5.969040491757234002e-02,2.217765491501041963e-01,3.767391243087966912e-02,2.861395945823291820e-01,1.128228693263489263e-01,6.444879394590603550e-01,3.437265123627223362e-01,4.936300880640520639e-02,3.174024431953589298e-01,5.077267774924640320e-02,2.843117834914264397e-01,2.788740989840893802e-01,8.413714622460030657e-02,3.897992838566561313e-01
5.614769348717065789e-01,4.119910071242076088e-01,8.522532998444269925e-01,3.799166733339345292e-01,5.123331586914439129e-01,5.777723322795178529e-01,5.022339044704544619e-01,4.322612120941791147e-01,0.000000000000000000e+00,6.401880383333715674e-01,5.991541573500275275e-01,3.621246102995980820e-01,6.005852455277267410e-01,2.750752873012878852e-01,5.655543691613946766e-01,5.369072809995437678e-01,6.516086005805439285e-01,6.160812392184135122e-01,4.154258083994133433e-01,4.415496348843612195e-01,4.772412370706535789e-01,4.554246057984023821e-01,6.595032778261509243e-01,2.634378962433788773e-01,6.096300599810925425e-01,6.622110120144080181e-01,6.555185416037844215e-01,3.708907143120465100e-01,4.400109052330475334e-01,3.927626696983161358e-01,5.154427294530212755e-01,3.560183800428613488e-01,2.056994339556242890e-01,3.386731087080183666e-01,4.516030018621829401e-01,1.230317131621966320e-01,2.673287722828130430e-01,4.407610212692992246e-01,1.513158923133585410e-01,2.527150113421610667e-01,4.110974419264998847e-01,1.173824265589914206e-01,1.471633503579271030e-01,3.090478605758672503e-01,3.994404841624855096e-01,4.737857676952451635e-01,5.245498631969958137e-01,8.510245691961856318e-01,4.155823069744362663e-01,2.819741222279462667e-01,6.403943348033198646e-01,5.352469486458266701e-01,5.069366617420885124e-01,8.592513309465963367e-01,6.401851116322001545e-01,4.806409895844766522e-01,4.900667344767596356e-01,2.419231187694543261e-01,3.505575004444650977e-01,5.600314340489034315e-01,2.973711683583150633e-01,6.458536945425448206e-01,4.077267870274786654e-01,4.676035656179097777e-01,5.648476094505803236e-01,5.184820465605788353e-01,5.373916966692776631e-01,6.321947776628590310e-01,2.445316868225053397e-01,4.678638086897376480e-01,6.069476470099144372e-01,5.835041321587832730e-01,8.972634600611140154e-02,3.795230975325334377e-01,3.180311227123686635e-01,2.986518853848030980e-02
5.035727752974610283e-01,2.002261971652892769e-01,5.609728715409328936e-01,3.952263028940262712e-01,2.318254577612597067e-01,4.617266234516684276e-01,4.466751064393932324e-01,1.847116000213982756e-01,6.401880383333715674e-01,0.000000000000000000e+00,1.884365498383384629e-01,2.612368511862839804e-01,4.937517767891558274e-01,4.942852449555999450e-01,5.573055445423003018e-01,5.463017322926957409e-01,5.877257629236066760e-01,4.605564269713896541e-01,2.786814905820626798e-02,4.697291152984239826e-01,4.534123674004374993e-01,3.642600475686244565e-01,4.828485973388058627e-01,7.435435701480708204e-02,6.136772944397177465e-01,5.364807602463528280e-01,6.782725570183257835e-01,3.526810881039909029e-01,4.919201169878105739e-01,3.301308797209468460e-01,6.875658427453239518e-01,2.012779283057106183e-01,3.130560127030315720e-02,2.515549516116012407e-01,3.543607656756389002e-01,1.796039374609478267e-01,4.582483097034096287e-01,3.570226820212361041e-01,2.883103750676741656e-02,9.829639601857248499e-02,3.335857134888792208e-01,2.633336671701271836e-01,5.487912799948124754e-01,5.167258835426769004e-01,3.383174606119054295e-01,3.689885291021980374e-01,3.399980790798070585e-01,6.738393487138335525e-01,6.253242674629820863e-01,9.919495700444622144e-02,4.456793712303011579e-01,1.926759373930363450e-01,3.230663159771324788e-01,6.921871062100037886e-01,7.496216348273626595e-01,1.578611368974081053e-01,3.215125082029303694e-01,3.958760244915868198e-02,9.033649745832447731e-02,6.004424533460610558e-01,2.773000537327544590e-01,5.978757936217131697e-01,3.545184931370897186e-01,1.198528612723112341e-01,5.641915892211062378e-01,5.036630980669918323e-01,4.991521396995908799e-01,4.260406481919740695e-01,9.304520237403823835e-02,4.585059502941316034e-01,4.829163445167186097e-01,6.249609560111963891e-01,2.839626640745956943e-01,4.276146237676743955e-01,2.243187640410168604e-01,4.778563329540271021e-02
3.362579473825465515e-01,2.171655432605799074e-01,5.615024909082704241e-01,2.328320143613210880e-01,4.153435925675924567e-01,3.054784435117249841e-01,1.847184163293820736e-01,3.284062116195149983e-01,5.991541573500275275e-01,1.884365498383384629e-01,0.000000000000000000e+00,1.428903223014682256e-01,2.873798825939494206e-01,2.161519113431572825e-01,2.738804369885377010e-01,6.951369888224251392e-02,1.929592982486339481e-01,2.411063670145271731e-01,5.237169316098168048e-01,1.799966561959569500e-01,2.454907959935033468e-01,2.772957032432438185e-01,4.826921285432559938e-01,2.016256181980636830e-01,3.036148472939583787e-01,3.503749905600310743e-01,3.701536132758557751e-01,1.258411841954420463e-01,1.777573007945428551e-01,6.485209703816904869e-02,1.281790747146083209e-01,1.960822306757643296e-01,1.935590123220448933e-01,5.823181045989458959e-02,1.766963643519849636e-01,1.059134762798563667e-02,7.649813403495304975e-03,2.297521285417643000e-01,1.160137202252679300e-01,1.199013216848474062e-01,2.067248156156117900e-01,1.087393378479532963e-01,3.062077598390861022e-03,1.769557486210102948e-01,1.273429218120466500e-01,2.964686803974847518e-01,3.777477714277322485e-01,4.908541835156748911e-01,1.674408106703990096e-01,2.632480550920607287e-01,3.940163246880888925e-01,2.488307738738346486e-01,3.909176111199472725e-01,4.063805788548364717e-01,1.939006025302000003e-01,6.699592354862290433e-01,2.709040442389200054e-01,7.758104045242181224e-02,3.460587200620550696e-01,1.962030444705470944e-01,1.042769580320563189e-01,1.841873216510988565e-01,1.789713087973945349e-01,4.736334660971102672e-01,1.912696521516894788e-01,2.671570965110478535e-01,2.762351654656211020e-01,5.144411641888568809e-01,1.312563343755388801e-01,2.811938159457073594e-01,3.761324096418809937e-01,3.482888718509419834e-01,1.328897773790038983e-01,1.788205627064622383e-01,3.830031531836693842e-02,5.477403629985167638e-02
4.773465909675285446e-02,5.114949536229134175e-01,4.300135418393228326e-01,2.304665277272007207e-01,1.262894658504445378e-01,4.439306336578303092e-01,1.612512715483154224e-01,5.699361994242198026e-01,3.621246102995980820e-01,2.612368511862839804e-01,1.428903223014682256e-01,0.000000000000000000e+00,4.955708388890173177e-02,1.689297678787365919e-01,6.923208761575531944e-02,3.428823864243170372e-02,5.058901384662202183e-01,2.690922903850749281e-01,2.020201149230698434e-01,1.345862084094548716e-01,6.136832023802124558e-02,1.775266429718154737e-01,5.016422677856877677e-01,5.163915253089623736e-01,1.908870492470494673e-01,5.148162343163911192e-01,1.097151036887760167e-01,1.029963688345709172e-01,2.381490529175668280e-01,6.006402222153703341e-02,2.403874108401923837e-02,2.256428951210776579e-01,3.343922333330906493e-02,7.060703391108028026e-02,8.842688309276124092e-02,2.958975458962342930e-04,1.753600553558154196e-01,3.298487557524570346e-01,1.038870579399697736e-02,1.090973530875646996e-01,5.308574097725533847e-02,1.687865921586912954e-01,2.362335448461920229e-01,1.882403427191094158e-01,1.803902250234921123e-01,1.772689220376194863e-01,3.262970673905559726e-01,2.537585219468440623e-01,6.308462701928017891e-02,2.777123948369004669e-01,4.840517433099802425e-01,4.146746317161811302e-01,4.998824331116762942e-01,3.049246387061655961e-01,4.729383374061703615e-01,2.450932663000049694e-01,8.613920079990147194e-01,2.603981309294034485e-01,2.845378352294120061e-01,1.056210693967980230e-01,2.783821622086566361e-01,2.640544630259744618e-01,7.623658623154790093e-02,2.060283412500543143e-01,7.094737925841547443e-02,3.810872543849651815e-03,1.220910081248314100e-01,3.430954878016880816e-01,4.688749155599504781e-01,5.501232085062529066e-03,3.045510132955325799e-01,3.382334288258435906e-02,1.397416610240476142e-01,2.566068646463224301e-01,7.247932129199941009e-02,3.332851483309203222e-01
3.809703898003075628e-01,3.117779199989442751e-01,4.624439756871016050e-01,5.122964685088535197e-02,4.799740425545997446e-01,5.846088953264787502e-01,6.877712164232497871e-01,2.379047950617664275e-01,6.005852455277267410e-01,4.937517767891558274e-01,2.873798825939494206e-01,4.955708388890173177e-02,0.000000000000000000e+00,3.640531663518100647e-01,4.160435731607231569e-01,6.563569318498925220e-01,5.566946771559209139e-01,5.199871148818966393e-01,2.310383141991665945e-01,3.644419201193057622e-01,3.810163963081355520e-01,3.682809732697781002e-01,4.036973222116412852e-01,6.209592765342256127e-02,4.928127243600952112e-01,5.025193404214967074e-01,4.976673770200842339e-01,5.999919042353419885e-01,5.597563176129918272e-01,3.124713208502070128e-01,5.478257547098901448e-01,2.276513626158385706e-01,1.504819019545087788e-01,3.093558445319094519e-01,5.163980572797394197e-01,1.940849096145275121e-02,3.030246061775180855e-01,2.525944105774569626e-01,1.327860956044451812e-01,1.163613063534484071e-01,3.567425963686404744e-01,6.002739049192078180e-02,3.130842086532846791e-01,3.524748034210527514e-01,2.311732088464703572e-01,3.552416141229305935e-01,2.981944264226800145e-01,5.579279346121606142e-01,4.031620813807169634e-01,7.914570573826690270e-02,4.262582190147068406e-01,3.206664469877358870e-01,2.729702501739477150e-01,5.950461462246865452e-01,3.683682343083329869e-01,2.190870070363278854e-01,1.412261365089776399e-01,2.706621371384225205e-01,1.232833236451399972e-01,3.442358671567777861e-01,2.705765129845034700e-01,5.101287686801154742e-01,3.210448317347140978e-01,2.560626572961786085e-01,3.597547262715059535e-01,4.725542033297168709e-01,4.001521343387299812e-01,3.467818214777911301e-01,7.344811214753152462e-02,4.152027902723007813e-01,3.780736398313302438e-01,3.455839594861395137e-01,1.035674452892152431e-01,3.310310700056950384e-01,1.901235352442992022e-01,1.486053621990565676e-01
2.798566961581852031e-01,3.415672255497991666e-02,1.691487527823246073e-01,4.237711526154652741e-04,1.994958527388371039e-01,2.266166040339454013e-01,3.499558391918909939e-01,7.411969922839892200e-02,2.750752873012878852e-01,4.942852449555999450e-01,2.161519113431572825e-01,1.689297678787365919e-01,3.640531663518100647e-01,0.000000000000000000e+00,3.068786458663507188e-01,1.295083153834504786e-01,1.021429468347196390e-01,8.987292711289172897e-02,1.095081274065109744e-01,3.063262782210609547e-01,2.955399723273905987e-01,1.725929572602332152e-01,3.075776785266658986e-01,1.001607294593837016e-02,3.398062799526707090e-01,2.732085856775889332e-01,3.732809663423329316e-01,2.297160423971138232e-01,2.799104628519146765e-01,7.030877537930541044e-02,3.705843552571960187e-01,1.323389827146794762e-01,1.188343636299548089e-01,1.957906493451335161e-01,2.784026129000133909e-01,4.003777273871377829e-01,2.527011011895832215e-01,1.432141058547024559e-01,4.242673139603447829e-02,2.488187307434998330e-02,3.418262242519534144e-01,7.465881832642110028e-02,3.533793646532409904e-01,5.967812163905286127e-01,1.891623441580065346e-01,2.622249811562865074e-01,2.107716862995024920e-01,3.342810305136324489e-01,5.642140988747812447e-01,1.449919089857876486e-01,1.923973265769370888e-01,1.683810682019455940e-01,3.255665289145295294e-01,2.683006436888820678e-01,2.510070134422464627e-01,9.228157555747026897e-02,3.605541504863160607e-02,1.435178009887945749e-01,3.555671577101782166e-02,3.361410744769833814e-01,4.524312706805992679e-02,3.250296732187973325e-01,2.596936683287988656e-01,4.839526418313389727e-02,1.534665982044274846e-01,3.782127506691945196e-01,2.005513001758780778e-01,3.720401274525810265e-01,1.168369245322628813e-01,4.634888737148941673e-01,3.146941018293385461e-01,3.416797053910740067e-01,3.462291801590954288e-01,1.498400172509920525e-01,2.127390277225665594e-01,1.199155529243170204e-01
8.099659268453748284e-01,1.437295431671852530e-01,6.083902814039888751e-01,1.440081244839079011e-01,2.459124428117142880e-01,2.841411270466224215e-01,2.835567328832583334e-01,6.947170603324009930e-02,5.655543691613946766e-01,5.573055445423003018e-01,2.738804369885377010e-01,6.923208761575531944e-02,4.160435731607231569e-01,3.068786458663507188e-01,0.000000000000000000e+00,6.730092219975707390e-01,3.052159914558829068e-01,4.196500702378459513e-01,1.213219190750303988e-01,6.386745123665198420e-01,6.340595509296821364e-01,7.103618637344364384e-01,4.334605913422018286e-01,1.205936784185895894e-02,5.834764620121971612e-01,4.016257477922628438e-01,7.041703606549059025e-01,4.651056701908352076e-01,6.279250684639540170e-01,4.900138375173017646e-01,6.628588906661369018e-01,2.876082000881136080e-01,2.367658201138619634e-01,2.559613031583625742e-01,4.098854484213240723e-01,1.800784730941029088e-01,2.140772492579388064e-01,1.943591005991268661e-01,2.129010007387095171e-01,2.814427988229043498e-01,3.730312918318455240e-01,6.687014862210859112e-02,3.715278309197519446e-01,3.463125628831538738e-01,2.416046412804003507e-01,7.831581650252393834e-01,3.888650075265137618e-01,6.202804644615360630e-01,4.967894275947558058e-01,5.852304303708560917e-02,3.851935537382412678e-01,1.957534173388807142e-01,1.873749240642164637e-01,5.628568268780985706e-01,5.052526027961776744e-01,1.504669564643167923e-01,1.657863175485059515e-02,8.756704770344234112e-02,2.449081021284428006e-01,8.394376811017469908e-01,5.869997852112416314e-01,5.109056224288226478e-01,3.948978021753704049e-01,1.986078942536772529e-01,6.673871315163230067e-01,7.360093496943759250e-01,7.036231447397460759e-01,4.304487579397680008e-01,6.272454325032954248e-02,4.875451066617111362e-01,4.726442112355433989e-01,7.208480479549609354e-01,6.173638427861272149e-02,7.315035762471200353e-01,3.028107041094005858e-01,3.032742570750355249e-01
7.032543679129374947e-01,2.843598578378520036e-01,4.459488192810085461e-01,1.194599291055790102e-01,2.842409346666500136e-01,3.652383716014229731e-01,4.680496852521667805e-01,3.050683399273465893e-02,5.369072809995437678e-01,5.463017322926957409e-01,6.951369888224251392e-02,3.428823864243170372e-02,6.563569318498925220e-01,1.295083153834504786e-01,6.730092219975707390e-01,0.000000000000000000e+00,6.164692562486648875e-01,6.928431342079470756e-01,2.285684478553762777e-01,6.035648427835643703e-01,5.060026553516343562e-01,6.782234933840880498e-01,2.409763178760171431e-01,1.259069358250359261e-01,5.962917638694003042e-01,3.969570820713081427e-01,5.988992875246386127e-01,5.805555795701964339e-01,7.269969909947920916e-01,5.308938687110634769e-01,7.719067216761265060e-01,3.346944001031550986e-01,2.195814369602946681e-01,4.047931345158977123e-01,4.425460031470498379e-01,3.057122940483202322e-01,2.023508947999511642e-01,2.648750025458389001e-01,1.999682189143971445e-01,2.450958257120746386e-01,3.617475385974245894e-01,7.402767244551611281e-02,3.597756810787289261e-01,2.741202794986902780e-01,1.932226563769396943e-01,6.768172854269823846e-01,3.850004329153152716e-01,5.200969303573437230e-01,4.198113891121741381e-01,5.092799959766261542e-03,3.119578810183100126e-01,3.252686204828685312e-01,5.775003585700404923e-02,5.823683438928703993e-01,4.874451115481372998e-01,1.142787249767314162e-01,3.774002015807982613e-02,1.715900814643342431e-01,1.638935779520692415e-01,5.956406551260695625e-01,6.718187687167895827e-01,6.111534509854010810e-01,5.081302421348325993e-01,2.512756014680672667e-01,6.539327214506549524e-01,5.415354660780331564e-01,7.180123044762963813e-01,1.732515736991104283e-01,1.190279331547586805e-01,4.760670924082293087e-01,3.683673115887794447e-01,4.779561712075124369e-01,2.465959145426477317e-02,5.601779485752998999e-01,3.882291457452219374e-01,3.199918170958496177e-01
3.343655495837629110e-01,5.943276446314513795e-01,5.973727178962874307e-01,2.049935228431445933e-01,2.183953222481222478e-01,6.039976818066036257e-01,4.717984427775411271e-01,3.063114131007964591e-01,6.516086005805439285e-01,5.877257629236066760e-01,1.929592982486339481e-01,5.058901384662202183e-01,5.566946771559209139e-01,1.021429468347196390e-01,3.052159914558829068e-01,6.164692562486648875e-01,0.000000000000000000e+00,7.631386036061917899e-01,4.031202862355441341e-01,2.583035003312910693e-01,2.823237073512797624e-01,2.626931475426881324e-01,4.475351331051503623e-01,3.291425689572089475e-01,6.135961271810959072e-01,7.285118242323600501e-01,4.148776836788234945e-01,2.741543351635072345e-01,2.872628923250946098e-01,2.095173764892784840e-01,5.234547260268751501e-01,4.347748118717548182e-01,1.299020244572372529e-01,2.457331894848609199e-01,2.966506337467921250e-01,1.802711237079355211e-01,2.742904439779014769e-01,3.788624942820089658e-01,2.849961651402079799e-01,2.599575806399808675e-01,2.746857282669814548e-01,1.207765673649093124e-01,6.614338097240063385e-02,8.609141976387857387e-02,2.739043564165805078e-01,2.611424980200132140e-01,4.818678413667210059e-01,5.427319170718221120e-01,1.475881661783745025e-01,1.575707284648012740e-01,6.734850214678488323e-01,5.084420664893396502e-01,3.944986918720830849e-01,6.652995139165451821e-01,6.053188432763886295e-01,3.102953025794952246e-01,5.185284298796998259e-01,4.037477157343806744e-01,2.786275046715174231e-01,2.903605156374606810e-01,2.393230711344095096e-01,6.499359207606728583e-01,3.648245867413924537e-01,4.349027367787732246e-01,4.011222471252610111e-01,3.113022296658260468e-01,3.765733144624893169e-01,3.603771965057039894e-01,3.102438969630718080e-01,4.269005932357945454e-01,6.342414137939647034e-01,3.529975070275281901e-01,7.140610579611517128e-04,3.068950068123481589e-01,3.838700179576573501e-01,3.424313585549618177e-02
3.775277747432638775e-01,6.603598046617376038e-01,5.911002840777151990e-01,2.146478965589921628e-01,2.676621728207180251e-01,5.863704087702823475e-01,4.518752315189205060e-01,1.555311873723556615e-01,6.160812392184135122e-01,4.605564269713896541e-01,2.411063670145271731e-01,2.690922903850749281e-01,5.199871148818966393e-01,8.987292711289172897e-02,4.196500702378459513e-01,6.928431342079470756e-01,7.631386036061917899e-01,0.000000000000000000e+00,3.823964844477493186e-01,3.791487399833335936e-01,2.937422706649392423e-01,4.586440140543880384e-01,3.689666392591841593e-01,2.639770383604241877e-01,7.355265787409306366e-01,6.317890765805301845e-01,5.381446932592824917e-01,2.770253267739148373e-01,4.340532570096619081e-01,2.688806713416719840e-01,4.287321544745799073e-01,5.295750602575384214e-01,2.681204487324344576e-01,1.719583664270066259e-01,3.611934261340103425e-01,2.099991650097699503e-01,2.629441762724226139e-01,1.976381168124385634e-01,4.320882736190657658e-01,3.303757169098181512e-01,3.550924493280149807e-01,5.648015944612019834e-02,6.017797965644056113e-02,3.352933016735556992e-02,1.696641099753203874e-01,3.779561246281886167e-01,5.663496192256558537e-01,4.981814774049290184e-01,2.633626210489121156e-01,1.630540295833601827e-01,6.727852827270339731e-01,4.240121781124658873e-01,2.296286201083424516e-01,6.549274016992370218e-01,4.690400812801128749e-01,2.280715578036665026e-01,3.235302717702325803e-01,2.830140256911357621e-01,3.137570431371847768e-01,4.017759702970561397e-01,5.103102689686188631e-01,5.632939444028095544e-01,6.250400063628732683e-01,4.215861647514680399e-01,5.515686475949228562e-01,3.179065025745252404e-01,5.632272139118126297e-01,2.776813504738852578e-01,2.536061567338372402e-01,4.980373463521481359e-01,5.812058878378443261e-01,5.012519466201327267e-01,3.754150170488129712e-02,4.384444716722886715e-01,4.649207915627009413e-01,1.858694959207270736e-01
2.901128579723928347e-01,3.745395526501130723e-01,6.017287723398724308e-01,1.346990353897667414e-01,3.031219834252009693e-01,3.379135394339644050e-01,1.822051571791050151e-02,2.002728957496328344e-01,4.154258083994133433e-01,2.786814905820626798e-02,5.237169316098168048e-01,2.020201149230698434e-01,2.310383141991665945e-01,1.095081274065109744e-01,1.213219190750303988e-01,2.285684478553762777e-01,4.031202862355441341e-01,3.823964844477493186e-01,0.000000000000000000e+00,5.776095004892889406e-02,1.100574853440015322e-01,3.033559886591437604e-01,3.657468687243049521e-01,3.460378563868357071e-01,3.545135843659467101e-01,3.831564689532062085e-01,2.671739062101341489e-01,5.280389469270679870e-02,1.126895207869499094e-01,3.144930622214520133e-03,1.420270757711285803e-01,3.750657573704602177e-01,1.701592474895121387e-01,5.473460337359626476e-02,1.323981013320732203e-01,3.312922462936850887e-01,1.748853300187311610e-01,3.048506077980371876e-01,3.080572451857171989e-01,2.092611895380556974e-01,1.441052307245538344e-01,7.702711609097456780e-02,8.210163442569562431e-02,7.697523999217778523e-02,1.417111772145641102e-01,2.352496116277428828e-01,4.179275397399091485e-01,4.128447897435521541e-01,1.740134179591676031e-02,1.304899041989241171e-01,3.914173348313639833e-01,2.908707895529406562e-01,1.944874510991292937e-01,2.838269952822444764e-01,2.386070750372717153e-01,5.702130177420715595e-01,3.484573867599519703e-01,2.803215086673098155e-01,1.244630444628990751e-01,1.750991738775042883e-02,1.625241576935814725e-01,3.236556643407444422e-01,2.164303355256700090e-01,9.150945640259099401e-01,1.314758188301573538e-01,1.356254516502750918e-01,2.878096823624073930e-01,2.842533242942125171e-01,3.039196823009836512e-01,2.770439456728687744e-01,4.382138038714573081e-01,1.762632951933005843e-01,6.548883508811553789e-03,1.261683622590445975e-01,2.288265103086471741e-01,5.382087871110265154e-02
7.028269859761288041e-01,1.310552833924569782e-01,3.706147898279365527e-01,1.174628514128346207e-01,2.439236084854213282e-01,2.360865407520658654e-01,3.280531999607428917e-01,3.948569120443234937e-02,4.415496348843612195e-01,4.697291152984239826e-01,1.799966561959569500e-01,1.345862084094548716e-01,3.644419201193057622e-01,3.063262782210609547e-01,6.386745123665198420e-01,6.035648427835643703e-01,2.583035003312910693e-01,3.791487399833335936e-01,5.776095004892889406e-02,0.000000000000000000e+00,5.328812638432318671e-01,8.917194341375553890e-01,2.485477190511303780e-01,2.867416710943920810e-01,4.852653709832066009e-01,1.976107107867657309e-01,6.856997940403867231e-01,4.142103962040777909e-01,7.036104106311115158e-01,4.597693676091424986e-01,6.882796611979202783e-01,9.722740706152391277e-02,1.994681273367654439e-01,3.649490802374467102e-01,3.616371940789090966e-01,2.724059770207348241e-01,1.933001209712812973e-01,1.743903279836289122e-01,7.277011688286826041e-02,9.826966668925166126e-02,2.217386854159099085e-01,1.561882831137751393e-01,5.387202328511595528e-01,4.861400955166894633e-01,2.104162047612337105e-01,5.717931825664213097e-01,3.237100451103336884e-01,4.269921389582549964e-01,5.518940890076714512e-01,1.474369661570743839e-01,2.131415028262501898e-01,1.066751013345290655e-01,7.240556604627218507e-03,4.490003197855436667e-01,3.805652166307196271e-01,7.238306510161834906e-02,1.287020846291215270e-01,1.216634816926798202e-01,4.510269759705669290e-02,5.636929377526201934e-01,4.930116665771870355e-01,3.295926383439399809e-01,2.740993844500842491e-01,1.047740525737427819e-01,7.596832556858282848e-01,4.960677924885613654e-01,7.836188791452888269e-01,2.381575291844040820e-01,2.692947087467844614e-01,3.360050406131317446e-01,2.167929931086577944e-01,6.039525195525757839e-01,1.420249785367863615e-01,5.760660864931120839e-01,5.998922234676368204e-02,1.177973938503079354e-01
6.718251532693386707e-01,3.151325978645226344e-01,4.909388407367846763e-01,2.960436617411999483e-01,3.323957313603685959e-01,4.901099803325197346e-01,3.579518658928171337e-01,3.110398296505351157e-01,4.772412370706535789e-01,4.534123674004374993e-01,2.454907959935033468e-01,6.136832023802124558e-02,3.810163963081355520e-01,2.955399723273905987e-01,6.340595509296821364e-01,5.060026553516343562e-01,2.823237073512797624e-01,2.937422706649392423e-01,1.100574853440015322e-01,5.328812638432318671e-01,0.000000000000000000e+00,5.541407656158228168e-01,4.295741575645374288e-01,8.323865982149486475e-03,5.380839856355611461e-01,4.207440380687750836e-01,6.092666919337521581e-01,2.603954276036250515e-01,5.707665200720356546e-01,4.327343452809357949e-01,4.691460759847333462e-01,1.967065784312847510e-01,1.508199432727804767e-01,3.089987503932712376e-01,4.069698476733378256e-01,1.763722435795089805e-01,4.318097390840758276e-02,1.191679013849096525e-01,2.614725142884442161e-02,1.227544415875012340e-01,2.340106267357965897e-01,2.304581381314279587e-01,3.812503148258605812e-01,3.977466514766148098e-01,1.745669680436796600e-01,5.261032641190900305e-01,3.170879682500366004e-01,5.077469477123867092e-01,4.092078366047348648e-01,1.027825562904873674e-01,2.541902817019754401e-01,1.175912546375492418e-01,3.334369493119797578e-01,3.993338554836061149e-01,3.599807989193259394e-01,2.385006296714705931e-01,3.280104658017818364e-02,2.266758048824855931e-01,7.617771376811918738e-02,5.601366887935187444e-01,2.236114595204650723e-01,2.541148296447962585e-01,1.041601143294429432e-01,1.736436580046152034e-01,5.191428863302567365e-01,7.432947825627586047e-01,4.631390666611919782e-01,4.168472231808370010e-01,1.031338115663585353e-02,3.366803828771905982e-01,2.539347587732816991e-01,4.795060543344621951e-01,2.063566281483799059e-01,4.288717718669821655e-01,1.324924633563758780e-01,2.009042499613994393e-02
