0.000000000000000000e+00,4.037099193567357802e-01,2.390161954098043162e-01,9.700683426777260976e-02,1.300098671045725462e-02,1.046106616752416618e-01,1.047927229196136956e-02,2.236900853619182561e-01,1.624791471254377340e-01,3.875042865446456375e-01,2.690366355401441201e-02,5.391568035619392907e-02,2.750398607800155770e-02,5.076997580401543253e-02,6.539640753443916044e-01,5.306964813977608220e-01,2.206430749255492985e-01,1.480484396944257430e-01,1.207889405850567643e-01,4.174284857762273204e-01,6.388263636233169063e-01,6.400440808564795692e-01,3.321322463559107097e-01,5.256519387652489606e-01,5.198006642398627086e-01,3.862468713845259027e-01,3.836286055032573361e-01,3.555603160686447994e-01,5.096809938724509159e-01,4.715863695449735715e-01,5.248764080282889433e-01,2.849656991332213396e-01,3.066261476400194419e-01,2.747322809992932546e-01,2.165153201691573659e-01,3.607404523698630738e-01,7.486094098406756436e-02,1.306264725380960612e-01,2.840555619149560673e-01,6.898211209815638956e-01,5.376877740399497174e-01,1.024098896328797387e-01,1.072185908820764977e-01,1.277370249822625536e-01,1.288036449911497128e-01,8.566374366838004351e-01,3.609035685100234758e-01,1.448086634790370086e-01,9.329064958254071338e-03,9.854647504442251571e-02,1.038434662032565459e-02,1.833860429076623055e-01,1.275953531735507518e-01,2.235825805549097600e-01,2.827497194449596352e-01,1.222725697753737212e-01,3.853418691997700929e-02,2.475070566606010491e-01,4.041703106153454739e-02,7.001621924687895238e-01,5.470803767976393228e-01,4.219087902487911323e-02,2.495941425809307668e-01,1.028364792752180235e-01,5.264079153576510794e-01,5.970986060697268671e-01,7.143525502522325432e-01,2.428460943963508534e-01,6.451617592853021721e-01,4.126226909962821265e-01,5.072822287520163398e-01,3.944244361770631313e-01,3.533207899181678990e-01,5.324273547254581018e-01,5.100347235929670875e-01,6.483598384943838333e-01
4.037099193567357802e-01,0.000000000000000000e+00,5.210183419044733810e-01,1.188836171884564141e-01,9.377008353693745690e-02,8.529512119067343967e-01,3.040070106267587224e-01,5.562746777719109748e-01,2.600917276357366248e-01,5.016443891215169870e-01,3.853895392458229208e-01,3.186370548032396166e-01,5.026849248293183692e-01,5.290146517300519519e-02,6.179442449743264287e-01,5.586902318029121073e-01,4.431178360933431537e-01,4.454608216169396728e-01,3.465422384920480714e-01,7.406942425939515573e-01,3.757321943161234801e-01,7.802177363062141602e-01,6.163358770744886694e-01,5.104732103688658373e-01,7.824938563547690906e-01,8.549035321292486334e-01,6.629187209537565906e-01,4.692459527596488655e-01,7.244449132596715302e-01,2.831833395274642173e-01,1.055842223229530169e-01,2.231446091650943486e-01,3.311237178710003670e-01,1.303655514050083286e-01,3.237099149796505149e-01,4.017111511381044053e-01,2.982007313965341910e-01,2.416242364253851915e-01,1.768554237128162898e-01,4.306381245298717131e-01,1.913525062853001779e-01,2.458581874333928274e-01,2.170972194942271116e-01,4.099142348012278780e-03,2.909209196532704378e-01,5.134749603316428601e-01,8.764776621544686508e-01,3.020661626711739212e-01,7.119424816292574398e-04,8.136476340636489279e-02,3.475791691623565938e-01,1.071321559871486195e-01,3.563930626219821152e-01,6.447189312516948823e-03,6.039192353110098277e-02,2.237699489381576590e-01,1.052559167186025157e-01,2.732135175699580976e-01,1.651306101239578550e-01,5.791710647736137973e-01,1.820971163778761781e-01,1.077285246139411123e-01,9.950683359037387765e-02,3.636435256857601384e-01,6.359232026821630690e-01,3.193340334603963493e-01,5.858035859566312897e-01,4.147896344916607303e-01,4.228551304339688843e-01,5.184173289937421547e-01,6.677502845421090516e-01,5.324124301381553126e-01,3.823306915146421625e-01,4.256198302169856840e-01,2.806537290466736279e-01,1.829177093025121381e-01
2.390161954098043162e-01,5.210183419044733810e-01,0.000000000000000000e+00,1.023065959882247800e-01,5.228473480551203423e-01,4.523107379575679321e-01,2.125268119658490773e-01,7.109383858546396429e-01,7.006274113964074957e-01,1.023685472154891862e-01,9.510590771971113577e-01,2.675665419850760118e-01,4.809359019090051479e-01,8.459503145422013481e-02,6.922005662021731842e-01,3.600327607223267057e-01,1.718837700706922766e-01,1.638371739688944395e-01,8.320687177642357435e-01,7.223846423280855245e-01,2.653350632956381072e-01,6.483571340001621497e-01,7.851016316794480199e-01,2.718716955658267986e-01,2.906390843322689266e-01,4.867065215579349791e-01,6.535926978351322969e-01,4.872599574830513980e-01,3.698625439293672379e-01,4.183850365018825235e-01,2.217579339604258681e-03,3.603929187157050018e-01,2.460993637758961822e-02,4.033702713450794675e-01,3.125575088428472204e-01,3.254492725107189788e-01,2.038936715203879535e-01,2.232380819536170236e-01,2.997463906951159940e-01,1.297847104221520609e-01,9.907319394380456612e-02,3.462042147264082770e-01,2.289808597518384059e-01,2.977921743225813711e-01,2.097815437790866155e-01,3.718618521594543314e-01,3.971735618592964756e-01,9.413885901475359530e-01,8.572892789285629922e-02,4.083758930064904646e-01,4.320420444756863376e-01,2.257526161928590236e-01,6.300468978399380582e-01,5.660018940765108031e-01,9.055227175348551372e-02,8.441006619689903623e-01,1.044047320303328752e-01,4.151433918040843829e-01,8.467479931893523437e-02,6.123119370719921628e-01,1.517501419098973847e-01,2.458677405446201003e-02,1.393940394466137711e-01,7.810384330752844217e-01,5.846937155730900226e-01,3.077035200165368356e-01,5.210100992828934352e-01,8.086549651092851398e-01,2.628163139134077619e-01,6.133219172698173294e-02,5.078302847945314058e-01,6.531265454767860579e-01,5.766370733579241348e-01,2.336456791202816685e-01,4.541405146879092802e-01,1.663003221477127036e-01
9.700683426777260976e-02,1.188836171884564141e-01,1.023065959882247800e-01,0.000000000000000000e+00,1.843805045694449918e-01,1.557364338853904628e-01,3.206689239074166919e-01,2.611795171677336325e-02,1.107646751791075551e-02,9.263547574674038665e-02,1.631799863097408571e-02,3.595839454412309844e-02,8.010529172090871675e-02,2.603610307734477436e-01,1.199394429109153504e-01,5.948446855616723594e-02,3.212173079776499407e-02,1.787197447434369646e-01,5.812313434188903088e-02,2.360712485190644486e-02,6.229695545744712987e-02,6.346837556472292863e-02,3.203090039909525094e-02,6.211639483834797276e-02,2.073589037142004599e-01,2.527839017270012284e-03,1.102836078566286071e-01,2.249257700979845342e-01,1.869654890165391437e-01,1.752306754791561061e-01,2.318723051965162485e-01,2.849896773136634254e-02,1.841176412647315408e-01,3.786988186738229345e-01,3.350462372109587472e-02,5.185528691132886836e-01,3.334391269695300974e-01,3.253146660384900191e-01,1.275355543438938533e-02,2.113449044078358208e-02,2.081371736274555961e-01,8.742656681330888968e-02,2.163506996089414880e-01,1.028053719588086987e-02,1.735040535189383837e-01,3.270760895850480243e-02,5.487742520944634966e-02,1.092720272701252632e-01,5.215059228641191202e-01,6.094402137532242691e-02,1.693022175208898361e-01,2.072686017422875615e-01,3.118282516219759298e-02,5.509240167855823656e-02,2.512315047343486457e-02,5.824231509423438008e-02,1.440971856361855652e-01,4.148574673703228632e-02,2.481344413410429550e-01,1.564670644826697266e-01,3.058526152683156973e-01,8.134205811844527623e-02,2.835032590382800533e-01,8.413018528233714988e-02,1.400098945898482217e-01,2.082069182797509355e-02,1.376359119021950683e-01,2.935423411968175050e-02,7.078896290280214942e-02,3.731541667367518911e-01,9.127074596815730467e-02,9.725353441169304336e-02,3.408149908510257897e-02,3.011748291015818313e-01,2.897000846595549906e-01,3.392551390095592811e-01
1.300098671045725462e-02,9.377008353693745690e-02,5.228473480551203423e-01,1.843805045694449918e-01,0.000000000000000000e+00,2.811355295354259765e-01,2.755022487999616021e-01,3.712506368957606551e-01,8.185647718591742006e-01,2.407780482215502449e-01,6.215899112996730036e-01,2.647247254694959362e-01,4.630970976865205202e-01,3.243418734318248564e-02,2.314217822163578686e-01,3.345647719294198574e-01,3.120773719906881349e-01,3.023355548607502552e-01,4.488856331873289918e-01,1.614417208166360473e-01,6.268156341619954275e-02,1.272560634167980431e-01,4.090072900294797753e-01,7.836796564828779621e-02,1.740331895335474333e-02,7.056203906070329657e-02,4.831778272253743900e-01,3.425461584187949327e-01,6.104884460114340383e-02,3.675765809054026834e-02,3.806052011433744275e-02,2.373780354502213474e-01,1.872883769836218848e-01,2.391704314588009028e-01,4.406200876452057158e-02,1.911686075477095903e-01,1.488078248578525442e-02,1.776916601046478472e-01,2.376908295230611146e-01,1.158578368396132041e-02,1.987616405140487097e-01,3.212662828140471216e-01,1.445957567857171777e-01,2.673307823370521530e-01,7.533108038638620940e-02,1.029133624780414896e-01,1.498211576217418906e-01,6.689813447380184019e-01,2.196550665461640683e-01,8.819689741178726727e-01,5.433006509592761546e-01,7.634173649162954156e-01,4.179887882656946885e-01,7.593638874178180176e-01,4.915851247201242780e-01,7.708218240704584057e-01,3.416286804684429690e-01,5.737044035573073408e-01,5.823350306868797510e-01,1.657865668466008413e-01,2.124712913229553635e-01,3.734507983272890574e-01,2.805226472661363490e-01,3.757624590254824981e-01,7.658643661518027557e-02,1.055143225594724066e-01,1.044021717442752961e-01,5.712938639137016272e-01,8.211318906756920333e-02,1.753859520690738139e-01,1.642866708499273465e-01,5.129058895404636775e-01,4.548663047398375792e-01,2.042496353839796386e-01,2.693341611429411198e-01,1.465006195099728958e-01
1.046106616752416618e-01,8.529512119067343967e-01,4.523107379575679321e-01,1.557364338853904628e-01,2.811355295354259765e-01,0.000000000000000000e+00,3.475405922154726213e-01,6.907088608618348058e-01,3.471566732367879493e-01,3.559102206230576604e-01,4.463001799855512153e-01,4.947939772620002508e-01,6.485536963153661905e-01,7.183216604568386232e-02,3.459129594200449076e-01,4.202646534351298646e-01,4.057628146187904350e-01,4.521656448870123857e-01,4.007053184719360783e-01,4.652363245638364009e-01,1.690909852956196946e-01,4.433824425513236411e-01,6.234592508119756182e-01,3.173346298846774771e-01,3.913567656467935585e-01,5.664338335449921047e-01,5.562308410704634998e-01,4.195945671715393122e-01,4.385628218452269356e-01,1.844224789242233098e-01,1.722729014373714507e-01,3.645442722065819208e-01,1.172238585134584427e-01,3.539409349198924248e-01,2.317676694046094665e-01,3.695547457707308303e-01,1.497064701488485250e-01,3.059850823664213015e-01,4.042264443832475629e-01,2.125439594316574088e-01,7.906251671809975956e-02,2.621181345301325516e-01,1.907855348526062422e-01,1.452857099005546160e-01,2.048374242319117022e-01,8.551017036921448877e-02,5.148687464614598586e-01,3.795787005983131124e-01,1.420514109707948780e-03,1.179580718351261465e-01,6.214217571120506101e-01,1.467600432028138280e-01,4.951371819213778447e-01,1.311467626339279935e-01,1.350543698448321561e-01,3.129493256577583482e-01,3.225836099284307701e-01,4.941663458393930064e-01,2.335334169266421733e-02,3.370663870221761171e-01,2.349903849538330369e-02,1.084304825222157376e-01,2.228825295054309708e-02,3.934223550762324662e-01,3.426998524126134704e-01,1.114499480789185870e-01,1.972562862668857941e-01,4.714503382018101485e-01,2.165337010405065099e-01,2.532498057716775497e-01,3.058477569663302087e-01,5.043357137003137147e-01,3.038697688519251816e-01,2.166997547961105886e-01,2.190135878736932940e-01,1.703258492978185212e-03
1.047927229196136956e-02,3.040070106267587224e-01,2.125268119658490773e-01,3.206689239074166919e-01,2.755022487999616021e-01,3.475405922154726213e-01,0.000000000000000000e+00,1.899652862324640312e-01,2.856142386865478944e-01,2.377014943689564341e-01,2.679897730317646887e-01,8.388415723076383945e-02,6.069607683315955127e-01,2.679998263820173587e-01,1.374445461121391321e-01,2.617390422931271665e-01,3.381842127057210212e-01,2.264229894396595499e-01,2.388745595124379117e-01,3.157670006959634179e-01,1.234186068954316318e-01,3.059345857495401333e-01,2.100986454011220805e-01,4.519943213656370945e-02,1.489238565793544466e-01,3.643836373786258909e-01,3.485949787357314755e-01,3.517474055314164239e-01,4.605128768491323910e-01,3.305732524062118260e-01,2.560192999999005292e-01,3.483705148400267348e-01,4.465067900844343907e-01,3.269225073032805406e-02,3.115896342994889379e-01,2.835468266778692903e-01,3.104175473730056423e-01,3.935815126059650781e-01,2.431868166312604607e-01,2.732871310503845463e-01,2.021515467757546980e-01,2.288672210477666474e-02,3.493732709482194609e-02,2.257014993157870908e-01,9.143259481188706350e-02,7.960244973523915302e-02,2.079509226263734911e-01,1.665165512101624834e-01,4.153477088924600324e-01,3.157128155851585127e-02,1.189234630242354401e-01,2.473691361489998020e-01,2.469587841257537830e-01,7.389681080405258173e-02,2.334745819933446709e-01,1.850544222309037645e-01,1.372936116055074318e-01,4.240000256083428787e-02,1.867853897842418898e-01,1.456640032169787546e-01,2.227106437721330656e-01,1.597470955226923395e-01,3.696321616164000567e-01,1.518191372555717233e-01,6.932936874568526586e-02,2.111676233714567530e-01,3.988186530316560618e-02,1.035236043773610781e-01,1.114387384740274101e-01,1.705883883316859084e-01,1.318149563317219386e-01,1.980900588707709686e-01,6.121057329784544698e-02,1.002128023995507017e-01,4.228015284119352596e-02,2.787179013618331647e-01
2.236900853619182561e-01,5.562746777719109748e-01,7.109383858546396429e-01,2.611795171677336325e-02,3.712506368957606551e-01,6.907088608618348058e-01,1.899652862324640312e-01,0.000000000000000000e+00,4.272072511541666895e-01,2.092297801798276569e-01,6.376241193062002210e-01,6.054148468649616088e-01,5.398391019342426711e-01,8.615781777452091728e-04,4.833086992262879966e-01,2.001897218850884619e-01,2.171206182757541570e-01,1.203983646429025167e-01,5.802894347190170610e-01,4.972122939166631617e-01,2.715948748477630126e-01,4.078650871003197120e-01,8.544191107523473327e-01,3.764732232641370691e-01,1.491088805208985457e-01,5.291354131598916544e-01,5.383191164902155768e-01,4.198249106023091981e-01,2.049622372673917670e-01,2.120561736642899431e-01,1.010143335825611222e-01,2.373532578329501097e-01,1.459761475740259384e-01,1.777526448462528608e-01,1.512590230931142310e-01,9.636013475638652293e-02,1.080736829528157472e-02,1.354045602338458665e-01,2.615181292819992454e-01,1.695320366248290467e-01,1.070726031480216112e-01,1.721277061777745088e-01,4.200482933021995602e-02,1.585639795619847303e-01,8.260574039027447635e-02,2.567378848133481939e-01,2.808979477006667835e-01,6.605223806286659727e-01,9.267670346102648699e-03,2.318856764009850635e-01,5.406578112762920885e-01,1.495357859263301004e-01,8.171732908968133424e-01,2.901126766206402197e-01,1.344947210517292158e-01,5.501157655598243323e-01,4.302756753026044101e-01,3.889176291148576103e-01,7.709921001144540154e-02,4.344265356222825059e-01,1.409483081246831193e-01,1.267729609308985428e-01,8.455684132245112894e-02,5.257224142221811336e-01,3.940434095970369865e-01,2.700207874031810285e-01,2.859925613246038778e-01,7.408053492993592615e-01,3.057702364302244402e-01,3.802308261301586001e-02,3.487161782999125270e-01,4.866042476309040410e-01,2.600383160798727111e-01,3.536301736988559097e-02,2.111533048401671997e-01,7.104491804010705513e-02
1.624791471254377340e-01,2.600917276357366248e-01,7.006274113964074957e-01,1.107646751791075551e-02,8.185647718591742006e-01,3.471566732367879493e-01,2.856142386865478944e-01,4.272072511541666895e-01,0.000000000000000000e+00,2.578878778966177676e-01,8.141702507308745673e-01,2.705594227003300656e-01,5.192558096990054217e-01,1.310866438549809776e-01,4.369433787205726505e-01,4.012723189101839449e-01,2.752648630050551493e-01,2.409763336776466203e-01,5.787372088964251038e-01,4.221736918893543300e-01,1.620628911075386036e-01,3.709462809330154043e-01,5.098176611979783335e-01,1.097719476595918064e-01,8.326818633863009023e-02,1.909424421831170671e-01,6.422579366553636815e-01,4.425571438561416437e-01,2.707428527930326734e-01,2.167967274819179169e-01,3.309463683984800730e-02,4.286172341581750977e-01,1.657669177631229118e-01,3.942413501056362679e-01,1.334697504447889815e-01,3.885880936374228600e-01,4.722360348331401669e-02,2.359748908227674580e-01,4.212340314533934982e-01,8.119726692731471518e-02,2.967851645535023453e-01,4.691454422533072321e-01,1.644609439079947610e-01,3.795989324963777167e-01,1.327243397567319516e-01,2.261833101525536904e-01,2.365399575468867255e-01,7.862476825211782705e-01,1.608866957762135896e-01,7.623036728491271452e-01,5.067761587676922197e-01,6.995849022998759104e-01,4.640613771044219682e-01,8.906209372902856858e-01,4.002581697662245253e-01,8.448550445604695591e-01,2.877519242353340778e-01,5.723465706088464167e-01,3.554691481279848020e-01,3.824678443194657884e-01,2.245287548200176342e-01,2.688277862341543756e-01,1.928618080878514995e-01,5.062068765911400536e-01,3.519331880897701437e-01,2.123778864402394162e-01,3.313999001099855457e-01,6.601377097830580798e-01,1.163195163984716285e-01,1.250046814561590891e-01,3.098684380255385395e-01,6.404746963097409651e-01,4.824176910015262609e-01,2.727878096922477513e-01,3.304588668971643606e-01,1.753107017984943394e-01
3.875042865446456375e-01,5.016443891215169870e-01,1.023685472154891862e-01,9.263547574674038665e-02,2.407780482215502449e-01,3.559102206230576604e-01,2.377014943689564341e-01,2.092297801798276569e-01,2.578878778966177676e-01,0.000000000000000000e+00,1.582484161576787340e-01,5.104392753158646379e-01,3.671109657128061587e-01,1.501476726321453355e-02,2.689182215330205850e-01,5.001080953028598231e-01,6.226587261640796900e-01,3.895092282725033939e-01,4.083867603792876166e-02,2.221360199374232403e-01,1.678118057658087858e-01,3.648191965767194622e-01,2.668942200617223648e-01,5.322788395409966400e-01,5.159052005421765896e-01,4.447260953203432399e-01,1.853331499822112871e-01,4.720858151152001470e-01,3.616111704898687940e-01,3.170781131311343204e-01,3.470724446539042440e-01,1.317898397905486463e-01,6.947551898672396642e-02,1.310424255795289428e-02,7.163038939858568099e-02,2.862960392237187679e-01,3.327877670052270531e-02,3.285046158219753210e-01,1.568334091791385165e-01,3.402317476930225570e-01,1.602808333877356328e-01,2.102524831042797693e-01,2.142433999901405539e-01,2.921220023930819476e-01,6.458067869172923192e-02,4.131274524412403282e-01,3.068339220622083863e-01,2.114688921617677297e-02,3.091905023529973803e-02,3.054969900080963252e-01,2.431206855919392229e-01,2.406585998036113450e-01,6.638382593748262672e-02,1.829844999830000096e-01,5.612492306395274744e-01,2.298317580307474850e-01,4.740309526498842074e-01,4.097249229575044005e-01,5.551436332507942578e-02,2.382670999638520359e-01,8.726797296200877740e-02,1.796064966100332505e-01,1.561204160475437031e-01,3.659130044929986836e-03,2.415588794393758731e-01,1.725823023428588177e-01,1.524591161063865163e-01,1.705111938159753482e-01,3.897872550481977227e-01,3.516263146168781550e-01,3.631845463452159639e-01,1.992908829525167347e-01,3.300867588265846697e-01,3.490949563274065026e-01,3.371979605209293740e-01,3.846939256394981688e-01
2.690366355401441201e-02,3.853895392458229208e-01,9.510590771971113577e-01,1.631799863097408571e-02,6.215899112996730036e-01,4.463001799855512153e-01,2.679897730317646887e-01,6.376241193062002210e-01,8.141702507308745673e-01,1.582484161576787340e-01,0.000000000000000000e+00,3.235984586061619872e-01,5.526853375941147561e-01,1.401322169787500849e-01,5.206794360728259630e-01,2.898873273205493373e-01,2.105404076186778717e-01,2.250104831983508746e-01,9.475650089627518646e-01,5.563080110820242119e-01,1.755378666480018612e-01,4.245792117726195913e-01,6.923088364075917767e-01,1.083354384927007474e-01,1.629759955324008303e-01,3.769166287746882338e-01,6.547972000129873571e-01,3.864214796249442752e-01,2.318825899253013356e-01,2.456653948473233595e-01,1.012812961257290867e-01,5.166911330698643612e-01,3.833377102733245834e-02,4.862266144345771535e-01,3.799701889442559377e-01,2.687109048365629027e-01,1.105585763221184070e-01,1.796330849648599126e-01,4.816129538192198689e-01,3.601870958531492445e-02,3.184822458018131686e-01,4.093891347869986763e-01,2.376888630974312577e-01,4.922337088144184691e-01,2.752249213388373583e-01,1.740430628995242313e-01,3.661114085132561868e-01,9.785739430079440915e-01,2.085821518334953217e-01,5.628141152079799703e-01,5.242333129624912047e-01,4.505341807827650258e-01,6.449517282747618818e-01,6.484843330340424039e-01,2.908483700315532272e-01,9.307598581394996851e-01,2.508456791401855179e-01,4.436435659308872181e-01,2.558957462224991097e-01,4.283030477537752012e-01,1.206678790126984174e-01,2.561659939698369692e-01,1.174192146403710696e-01,8.642919666428197090e-01,4.115897595262039133e-01,2.312259202256361501e-01,3.508791756438064957e-01,8.142324930940780803e-01,6.342684902492898291e-02,7.474176688413261549e-02,4.217000635689720500e-01,6.431705649691483728e-01,4.746520122172320777e-01,1.377732886489360375e-01,3.307630866560037908e-01,1.910060933666196670e-02
5.391568035619392907e-02,3.186370548032396166e-01,2.675665419850760118e-01,3.595839454412309844e-02,2.647247254694959362e-01,4.947939772620002508e-01,8.388415723076383945e-02,6.054148468649616088e-01,2.705594227003300656e-01,5.104392753158646379e-01,3.235984586061619872e-01,0.000000000000000000e+00,5.075541553448207344e-01,4.135660851191756693e-02,1.993912832423050951e-01,1.570394919165150061e-01,3.222611601631178435e-01,1.325236021478621296e-01,1.419568490591944232e-01,2.016143369284614517e-01,3.046982452383646678e-02,1.544187252005413680e-01,5.091633011871565806e-01,5.743544649904448463e-01,8.457895154921801772e-02,4.080423134418334485e-01,1.558767314113890523e-01,3.988990621648635382e-01,6.107438272160045645e-02,2.053691696143829792e-01,8.531854708615484173e-02,3.214725690094493160e-01,2.820457365258943749e-02,1.489706009210231274e-01,7.331387343649069244e-02,2.443008152705507252e-01,1.749603337338273557e-02,3.478941849171475198e-01,3.568769216737499583e-01,1.603383468058853789e-01,6.624426508239805722e-02,2.176714970755486145e-01,2.310101232831563989e-01,1.632251123287756234e-01,9.952760121643067226e-02,1.042407823614832640e-01,1.042824463397057366e-01,2.133041790421155159e-01,2.344385737005318104e-02,3.271195394532951939e-01,4.166266801824088373e-01,1.786876618817083984e-01,4.071739220097525536e-01,1.901407920550209907e-01,4.011708489060636373e-01,2.794528393487976103e-01,8.374515938354120115e-01,6.057725155781354953e-01,1.458231790728463095e-01,1.165846045161527400e-01,1.697361536156039019e-01,3.246515956283353432e-01,5.211022920201464903e-02,1.667939346862489236e-01,2.090155310025006430e-01,7.331878393840421393e-02,1.540615598907861539e-02,3.858829723209101781e-01,3.818204181345971060e-01,5.341459244344947711e-03,2.292189180856604169e-01,1.486471938118366642e-01,3.499078108091617789e-01,1.691547599971435223e-02,2.681292319977185423e-01,7.422662240584737559e-02
2.750398607800155770e-02,5.026849248293183692e-01,4.809359019090051479e-01,8.010529172090871675e-02,4.630970976865205202e-01,6.485536963153661905e-01,6.069607683315955127e-01,5.398391019342426711e-01,5.192558096990054217e-01,3.671109657128061587e-01,5.526853375941147561e-01,5.075541553448207344e-01,0.000000000000000000e+00,1.205345814745190647e-01,2.062171619926376487e-01,3.706986819716413528e-01,5.625007717051575540e-01,2.219859050065400852e-01,3.848361408860812016e-01,3.727637119438464985e-01,7.057859532366150823e-04,3.286140450966119064e-01,4.733490352545735580e-01,3.046021364996359115e-01,1.520770693152391773e-01,5.184619797037444133e-01,3.974505686413227767e-01,7.087200247381743035e-01,4.104071576576198699e-01,3.552903547503679649e-01,7.978588866301947191e-02,5.165222409742276088e-01,1.543231502883088413e-01,2.573114615629016333e-01,3.640911760593192881e-01,3.655329889585312575e-02,9.775254733643334859e-02,3.128728943577038790e-02,4.604598234348941110e-01,1.545509604748572241e-01,8.057634291403797944e-03,2.056420369665366010e-01,1.404764908319283689e-03,1.025797279528221223e-01,8.957949413843065145e-02,2.907510350876600647e-02,2.928204368684284020e-01,3.747651692807156820e-01,2.111357859423504957e-01,3.359939756910407804e-01,2.821502699415199267e-01,3.350117791535014988e-01,3.967263777049415685e-01,2.745449944761889083e-01,2.776122402413540025e-01,4.173062500247950446e-01,4.479706663437134639e-01,6.042455263043009506e-01,1.111245865677309430e-01,1.733989293726295733e-01,1.901567601464993762e-01,2.079998974543901258e-01,1.609541113358930742e-01,3.223563370365547520e-01,2.558621462442830508e-01,1.841421849924390619e-02,9.183952131518224871e-02,3.631408058779145298e-01,1.367181049451556551e-01,1.217726485068999775e-01,2.468019185865489851e-01,2.965762353693712772e-01,4.697671977256397402e-01,4.894033416714305834e-02,1.399143718477046661e-01,9.786030908186170441e-02
5.076997580401543253e-02,5.290146517300519519e-02,8.459503145422013481e-02,2.603610307734477436e-01,3.243418734318248564e-02,7.183216604568386232e-02,2.679998263820173587e-01,8.615781777452091728e-04,1.310866438549809776e-01,1.501476726321453355e-02,1.401322169787500849e-01,4.135660851191756693e-02,1.205345814745190647e-01,0.000000000000000000e+00,1.735219542266046022e-01,3.026466623369854225e-02,6.032639406178555430e-03,1.133906341273394208e-01,1.037501209419231518e-01,1.178936103422684872e-02,2.128979554690046960e-01,6.690643118989134108e-03,5.513757569365954070e-02,2.233628121546206435e-01,1.422496446069705309e-02,1.170035476244428718e-01,6.561016948650791325e-02,9.352838256186701837e-02,4.421828426046349458e-02,2.099848566869390309e-02,1.925122009659280820e-01,9.336495204484834831e-02,2.400544345742323948e-01,1.367316770746172250e-01,6.061490518000794969e-02,3.692169262104613159e-01,1.928932919728064410e-01,4.298436565914627305e-01,3.152038139282188622e-02,2.648837609225797030e-01,3.137184743567701384e-01,3.083701039431413493e-01,2.150978576748220905e-01,7.855685534836182038e-02,2.376768925606867477e-01,4.520235313459442655e-02,1.704479108989115366e-01,1.628088399172491485e-01,2.433929973807606451e-01,1.973334646748121923e-01,1.136976068518775196e-01,3.865353169728960592e-02,2.972860584797887284e-02,2.327031122974235477e-01,7.879336961503721759e-02,1.997321316114108181e-01,1.247804704150284605e-01,5.488879885996236774e-02,2.678479282883557966e-01,1.563617726064505664e-01,1.419530460668947947e-01,5.303667333815949292e-02,2.282809396436784599e-01,1.826255646610700500e-01,1.630223692065790320e-01,1.009720354093342903e-01,6.964515985738538306e-02,4.795240232713804396e-02,2.623385931735403576e-01,1.976997391680629379e-02,1.246627917157284438e-01,7.287930985314709786e-02,4.716444089861819566e-02,2.150788095983841020e-01,1.661221519637997857e-01,1.021936536364042719e-01
6.539640753443916044e-01,6.179442449743264287e-01,6.922005662021731842e-01,1.199394429109153504e-01,2.314217822163578686e-01,3.459129594200449076e-01,1.374445461121391321e-01,4.833086992262879966e-01,4.369433787205726505e-01,2.689182215330205850e-01,5.206794360728259630e-01,1.993912832423050951e-01,2.062171619926376487e-01,1.735219542266046022e-01,0.000000000000000000e+00,5.266919027649464846e-01,2.800514871133747419e-01,2.982036798882788386e-01,3.780922566723029510e-01,8.118984960246806715e-01,7.716664553599005272e-01,8.979901410089377034e-01,6.657353184857736084e-01,4.317165433471256697e-01,5.851361666159731190e-01,6.035837983482216229e-01,7.356578500429757916e-01,4.526972350130853417e-01,6.065891677125629933e-01,4.985720841867178899e-01,4.200016313818794589e-01,6.531399711995747315e-02,2.323311922545204800e-01,4.658374187074357936e-02,1.917925355045336233e-01,3.225757227703369145e-01,9.176790109042164134e-02,1.557787250307847426e-01,3.289951374392888900e-02,3.701296450293536378e-01,2.384660508462599915e-01,1.727227061538720854e-01,1.983716510761679153e-01,1.577148221951671092e-01,3.877335073934140564e-02,7.480882133264552536e-01,4.585995509115282087e-01,5.880631837698779840e-01,9.691268455142650062e-02,1.680856637435652334e-01,3.127480693505499398e-01,1.244969100960470476e-01,4.738313696534824371e-01,3.866465338600349466e-01,1.331737842739485755e-01,4.777034076186630340e-01,2.867764513650217229e-02,2.478993977759082756e-01,1.428102868281534432e-01,9.421834244160016691e-01,4.323085334428647952e-01,4.147885537935017131e-02,3.011730110198170274e-01,3.788919034708174705e-01,7.443191158477248104e-01,7.232667646182273646e-01,7.879799738972621537e-01,6.859663876122283899e-01,4.761054863688848338e-01,1.863556676065690754e-01,5.807018225782182297e-01,8.131643699355625143e-01,4.548894424403835957e-01,5.323664940921843947e-01,5.193025406148659151e-01,3.850802190895293853e-01
5.306964813977608220e-01,5.586902318029121073e-01,3.600327607223267057e-01,5.948446855616723594e-02,3.345647719294198574e-01,4.202646534351298646e-01,2.617390422931271665e-01,2.001897218850884619e-01,4.012723189101839449e-01,5.001080953028598231e-01,2.898873273205493373e-01,1.570394919165150061e-01,3.706986819716413528e-01,3.026466623369854225e-02,5.266919027649464846e-01,0.000000000000000000e+00,6.903210938172488209e-01,7.443313006633159867e-01,2.281230549196180402e-01,3.727904845482973850e-01,4.713437525179851040e-01,5.766583559459073083e-01,3.311217694800684397e-01,3.563781161135392561e-01,6.817170847092487440e-01,4.418431254871041380e-01,4.917684268361316446e-01,4.733437827538773957e-01,5.709108639342558300e-01,4.220366979495385196e-01,4.106466508910428526e-01,5.235996932484673211e-02,1.617403949173656375e-01,1.719422633231419140e-01,6.846122666484903696e-02,5.208977916335704172e-01,1.478011418211113148e-01,2.301136549926426356e-01,6.447358301462167984e-03,3.798263461263254315e-01,2.699835793405074846e-01,3.226546708888508030e-01,6.685744315475859734e-02,8.080516744200073875e-02,1.463813191652813539e-01,6.404622461252278409e-01,4.923033108698188776e-01,2.889339135831610617e-01,1.206326905850468312e-01,2.692094357233482671e-01,2.780998050373607589e-01,3.212109435044636641e-01,1.264198730834546758e-01,3.161451163490907601e-01,3.365669699089934852e-01,3.143683597201014646e-01,4.026202567521211528e-02,3.852081305994988769e-01,1.040880074220244256e-01,5.231101617333986376e-01,6.166325182293868057e-01,2.670640027761283508e-01,5.567050478992112694e-01,2.356237076974107003e-01,3.355239504348969115e-01,4.352009827021873778e-01,4.341540806693189869e-01,2.912951900194282739e-01,3.521780496587726406e-01,5.487995376267589265e-01,4.413403684734378274e-01,4.387032919720570412e-01,4.157197249024240926e-01,5.888091668619567232e-01,4.805144298648271750e-01,5.209272830961355627e-01
2.206430749255492985e-01,4.431178360933431537e-01,1.718837700706922766e-01,3.212173079776499407e-02,3.120773719906881349e-01,4.057628146187904350e-01,3.381842127057210212e-01,2.171206182757541570e-01,2.752648630050551493e-01,6.226587261640796900e-01,2.105404076186778717e-01,3.222611601631178435e-01,5.625007717051575540e-01,6.032639406178555430e-03,2.800514871133747419e-01,6.903210938172488209e-01,0.000000000000000000e+00,5.932362203247832921e-01,9.902772331462597610e-02,3.079957666997650279e-01,1.791158151572264934e-01,3.986434468968164668e-01,1.605806387446318539e-01,3.590230742006293441e-01,4.826730068530873385e-01,4.073955395000597446e-01,1.917256983106362112e-01,5.508126799388105566e-01,4.137620398307676473e-01,2.674595003648855274e-01,4.254694581433242084e-01,7.585800617863056039e-02,1.244362104858455081e-01,1.550829120832827313e-01,1.117074353521919569e-02,2.781554665693899975e-01,5.802807269176923910e-03,2.094109890469633695e-01,4.821023346661804099e-03,2.103210073072954156e-01,2.089096156195620613e-01,1.974228490579651440e-01,2.542275070282187244e-01,2.465166907837247900e-01,6.961733675122605547e-02,3.042828961922601771e-01,3.003327983625722064e-01,9.967367481035493970e-02,1.044340085298763876e-01,3.073606912619871734e-01,3.327765984323340920e-01,3.539786146275532008e-01,8.301709834859788417e-02,2.348369728824302172e-01,3.115340968618323103e-01,2.527188553881773991e-01,1.887746889368189795e-01,5.271972008369978369e-01,1.509987360535582634e-01,2.038677480176445955e-01,2.124147473805556574e-01,3.574597874528405717e-01,3.031140254374876108e-01,1.143928613227871982e-01,2.698523406863614360e-01,1.879387298512818216e-01,2.187984865963539804e-01,9.687817498744225042e-02,2.222358396105047484e-01,2.766098437476660621e-01,3.034138323503613455e-01,1.920474404651000555e-01,4.366478080391583694e-01,3.748664494278751702e-01,1.742156599787475502e-01,3.317390424583948616e-01
1.480484396944257430e-01,4.454608216169396728e-01,1.638371739688944395e-01,1.787197447434369646e-01,3.023355548607502552e-01,4.521656448870123857e-01,2.264229894396595499e-01,1.203983646429025167e-01,2.409763336776466203e-01,3.895092282725033939e-01,2.250104831983508746e-01,1.325236021478621296e-01,2.219859050065400852e-01,1.133906341273394208e-01,2.982036798882788386e-01,7.443313006633159867e-01,5.932362203247832921e-01,0.000000000000000000e+00,1.244051049790629304e-01,1.747012463002014238e-01,3.257219842213873173e-01,3.508922869344808793e-01,1.917172957719541215e-01,1.574474179408342223e-01,5.816005877196337437e-01,2.242625424648016508e-01,3.036818894059946095e-01,1.435858449149911287e-01,3.500803409468686289e-01,1.270633230132416913e-01,8.039584469618710205e-02,2.116895191532203457e-01,8.239726390880480755e-02,1.381878071167338962e-02,9.282113074626896498e-03,4.193270963842325449e-01,8.422673254135883136e-02,3.539094674216539671e-01,1.202754214736289073e-01,2.134816101650744147e-01,5.968678578573261007e-02,3.618772728352945833e-01,1.053396140903804790e-01,2.209874146743859291e-02,2.162751424835728797e-01,2.436852551694849156e-01,3.880833453546050915e-01,1.490290178171502777e-01,5.755424024745929568e-02,2.426213449915182174e-01,4.129106535618446983e-01,2.865986966235964939e-01,1.035506516366761498e-01,2.624292736230030565e-01,2.608182229560233600e-01,2.571624957370673981e-01,6.601078999718812401e-02,2.556450867205921074e-01,1.291889096227640255e-01,2.030999332627671239e-01,5.454900175493280212e-01,2.825551774572251373e-01,5.965141666473261495e-01,1.839549969323383272e-01,1.292804064012719467e-01,2.427418154177190812e-01,1.892086520256313353e-01,1.001540267116608346e-01,9.117336250063981518e-02,5.711016527463130821e-01,2.123748104467788056e-01,2.876935023072001996e-01,2.213243369310590181e-01,5.089083672694699745e-01,3.068185013491073754e-01,3.492562847867117237e-01
1.207889405850567643e-01,3.465422384920480714e-01,8.320687177642357435e-01,5.812313434188903088e-02,4.488856331873289918e-01,4.007053184719360783e-01,2.388745595124379117e-01,5.802894347190170610e-01,5.787372088964251038e-01,4.083867603792876166e-02,9.475650089627518646e-01,1.419568490591944232e-01,3.848361408860812016e-01,1.037501209419231518e-01,3.780922566723029510e-01,2.281230549196180402e-01,9.902772331462597610e-02,1.244051049790629304e-01,0.000000000000000000e+00,4.760592357720289658e-01,8.410730506483105051e-02,3.477645924994653970e-01,5.780320530160794057e-01,8.534509628931125080e-03,4.452189182417762292e-02,2.884096733843189986e-01,4.948053658450997649e-01,2.948763782930373112e-01,1.852492748129750122e-01,2.721470003445680130e-01,1.405965643143455845e-01,4.277647382788096753e-01,1.671078610284526533e-02,4.121088647795616011e-01,2.994469512058393068e-01,2.370813595962251441e-01,1.365070736120818085e-01,2.284300318936902663e-01,4.374855861314504990e-01,8.713288746947506214e-02,3.396953424412554878e-01,4.126991460376898679e-01,2.409958678100576346e-01,4.228430330818828686e-01,3.355885410138788605e-01,1.196594495250037637e-02,2.489263668392933393e-01,7.915213066156278066e-01,1.256545938214276847e-01,3.131127711482656895e-01,3.297806844553357042e-01,1.896739115814922438e-01,5.408804320372744279e-01,4.119902327458088709e-01,2.801325927698512797e-02,7.693406169997411004e-01,1.813259338359363149e-02,3.014382931160280998e-01,8.911261924410959767e-02,3.019185268668402866e-01,1.487025499524965988e-03,1.017651658532431058e-01,3.669764763869101665e-02,9.419921027710578265e-01,3.022374199723784072e-01,1.415862263506728336e-01,2.257481321814134301e-01,5.903933612484083548e-01,5.913287555640379944e-02,1.475885638116194998e-02,2.968400481976153915e-01,3.917661672429987862e-01,3.467581329208185847e-01,1.933830923140381075e-03,2.793929255843449200e-01,9.315147399978530862e-02
4.174284857762273204e-01,7.406942425939515573e-01,7.223846423280855245e-01,2.360712485190644486e-02,1.614417208166360473e-01,4.652363245638364009e-01,3.157670006959634179e-01,4.972122939166631617e-01,4.221736918893543300e-01,2.221360199374232403e-01,5.563080110820242119e-01,2.016143369284614517e-01,3.727637119438464985e-01,1.178936103422684872e-02,8.118984960246806715e-01,3.727904845482973850e-01,3.079957666997650279e-01,1.747012463002014238e-01,4.760592357720289658e-01,0.000000000000000000e+00,4.783201533243275905e-01,9.469005388092837094e-01,6.797799691170711700e-01,3.682496456659186124e-01,5.897256859633084325e-01,6.865430335071484036e-01,7.673519664110954874e-01,5.456352094782030981e-01,7.043486455107916822e-01,5.169753530672860364e-01,2.873510681066470673e-01,3.565084652738714777e-01,2.920469159439541551e-01,2.329261444084638755e-01,3.383463741801048252e-01,2.988974086036328415e-01,1.282715283667984207e-01,2.215551221460357323e-02,1.498113466739283139e-01,4.040812137947635274e-01,1.840983980113959362e-01,1.907627694019454478e-01,1.797218733541237901e-01,9.671574564850818345e-02,1.190772164011738576e-02,5.897130318582454178e-01,6.757115315743220663e-01,4.875837819948667939e-01,6.745503101380230515e-02,7.972160362034319547e-02,2.905612115845819243e-01,9.356304789606667560e-02,4.013097967989148751e-01,2.847088448294964325e-01,1.096324868814006481e-01,4.050411239080573544e-01,5.321769246524435393e-02,2.937859760646928109e-01,1.263651809533211656e-01,7.648701204832357714e-01,2.874176679478359087e-01,1.059017204414114399e-01,9.265450196331598276e-02,4.590950714593478588e-01,8.903909238106043622e-01,5.175856586144176319e-01,8.379072523815773721e-01,5.758983506135908481e-01,4.031229934925153469e-01,1.835553031937609825e-01,6.871547684738261719e-01,7.544276374913039263e-01,5.406369670910990965e-01,4.328553698043991482e-01,3.431024103600431863e-01,1.911034316243851172e-01
6.388263636233169063e-01,3.757321943161234801e-01,2.653350632956381072e-01,6.229695545744712987e-02,6.268156341619954275e-02,1.690909852956196946e-01,1.234186068954316318e-01,2.715948748477630126e-01,1.620628911075386036e-01,1.678118057658087858e-01,1.755378666480018612e-01,3.046982452383646678e-02,7.057859532366150823e-04,2.128979554690046960e-01,7.716664553599005272e-01,4.713437525179851040e-01,1.791158151572264934e-01,3.257219842213873173e-01,8.410730506483105051e-02,4.783201533243275905e-01,0.000000000000000000e+00,5.897517654014703403e-01,2.960104588051934438e-01,2.385994983102504852e-01,4.648011138228599903e-01,3.276180890535714818e-01,4.982113282275025812e-01,2.257490434361196785e-01,5.033446162613792740e-01,3.388619947949971234e-01,4.790028016643842479e-01,1.295681769796931393e-01,4.097760947589060843e-01,2.512916523756310028e-01,4.966785454209505374e-02,1.068710462924917920e-01,2.005874486975977034e-01,4.688334641429800498e-02,2.511945483227145393e-01,3.824270679559687025e-01,2.881940476402953255e-01,1.052430803934515519e-02,1.229318842654959498e-01,1.652621278778959313e-01,8.602760806586114140e-02,6.153447709267847454e-01,1.721246600701841767e-01,3.000951778010962911e-01,3.011146055549203046e-02,2.786141287285966162e-02,6.711915542648902444e-02,6.068217477034068552e-02,3.980230391897873754e-01,1.841831608735224057e-01,8.454950638775213245e-02,1.990571189164305199e-01,2.030024659208791160e-01,1.166067749781727614e-01,6.419898016621533587e-02,7.952568776746681278e-01,3.679019033581376052e-01,1.916002608209513292e-02,1.121157835212166498e-01,7.692809646096346321e-02,4.935564883136561720e-01,8.470635356427367313e-01,5.700551694384430323e-01,3.333452881584774707e-01,2.908141568999891291e-01,9.330453016492351592e-02,2.577202519960965499e-01,5.153719327697481312e-01,6.905924726746048847e-02,4.532985610011621147e-01,3.207140500997148758e-01,3.147611277004412900e-01
