0.000000000000000000e+00,2.819736541718292910e-02,3.201411739137914880e-01,5.929644249363352076e-02,3.694249623349977751e-01,1.091510169976828704e-01,2.512678640464286461e-01,1.187977485807414912e-02,1.010481496512965482e-01,1.836251000813383938e-01,1.922591856856687431e-01,2.542756291998834461e-01,3.312009508881695319e-01,2.791104108282555507e-01,2.592523245485383043e-01,6.212713195204948580e-01,2.171363786984338851e-01,2.169647350670403374e-01,4.257455948948649094e-03,2.397506620533165211e-01,3.143907093556568277e-01,4.041290840435922682e-01,1.719772452842840693e-01,2.502230472377117709e-01,3.686621841182330384e-01,2.288163819389851805e-01,1.773586086629451164e-01,1.885053128844857706e-01,4.400116224393329500e-01,1.933923299804470863e-01,3.556709993370603118e-01,2.434768208132298550e-02,2.368038840732005768e-01,1.831298580778400464e-01,1.278317833234904888e-01,3.164960278257291648e-01,1.769742664247981462e-02,5.770679494785477259e-02,8.764816482478661464e-02,2.641138078156666236e-01,2.711536853249334467e-01,1.695897320159381605e-01,1.433837974789241854e-01,3.073273343764840529e-02,6.145574423976676859e-02,7.323673043863804244e-01,1.031582253153983109e-01,1.894361370878795692e-01,5.500680382880458741e-02,1.928745267978756173e-01,1.316220359238497450e-01,2.380544566304648724e-01,1.423867730860928216e-02,1.594898716008958661e-01,1.188660795045057839e-01,1.021849006254816894e-01,3.843047726227959981e-01,1.782991164815815877e-01,3.467855784689504173e-01,2.220692222046891651e-01,5.013286285039150192e-01,6.128886578581821398e-02,2.991653033146999263e-01,1.496458247359480909e-01,2.578142400994465344e-01,4.240802441717071436e-01,3.239457354429533531e-01,4.442626921363659886e-02,1.312889357676052249e-01,2.881975740760477356e-01,2.316511576088630675e-01,2.263202779513524832e-01,1.685120852536294844e-01,2.399612821363703019e-01,2.743482687825777866e-01,4.694776399768775810e-01
2.819736541718292910e-02,0.000000000000000000e+00,8.206292775227208569e-02,2.743740734351913790e-01,2.312518120666136323e-01,5.999174603637158487e-01,2.146246352310253458e-01,1.982718358850514839e-01,1.129821009406131727e-01,7.695910378224096737e-02,1.322213564248951867e-01,7.442929689516397662e-02,3.666613948741357931e-01,3.787069258340849953e-02,4.036315014147917601e-02,8.480287442895823036e-02,1.754025234596219840e-01,4.227086435968285261e-01,3.561796365880159909e-02,6.607411349213515583e-02,2.843255379813414141e-02,7.176421388145304281e-02,3.227645160586412043e-02,1.556247784339659379e-02,5.706780776124147359e-01,5.230875480512119369e-01,9.219795786909068536e-03,1.421784477846387285e-01,4.335573569885203260e-01,3.039769331396808827e-01,8.570391733794724409e-02,1.007856022382745964e-01,1.511481089872993011e-01,4.593076129133262520e-02,5.832004817643608036e-02,8.725863529034599830e-02,1.818931234724092127e-01,1.233432401260191741e-01,2.319310403157551909e-02,1.813279269206034827e-01,2.157925954801235280e-01,4.226762687120075301e-02,1.923440757629482079e-01,1.213521295408037937e-01,1.388044979206744522e-01,3.589134797275350675e-02,4.278248925386229362e-01,2.027242122071921393e-01,1.061119594697281787e-01,1.678301954089177206e-02,2.059234615372829702e-01,1.455369180156705355e-01,6.211095115301840108e-02,7.924193812239554990e-02,1.831112788422658566e-01,1.316306557947204969e-01,5.110772657680698328e-02,1.136975980571020006e-02,7.117415918868309765e-03,6.378204371452494970e-02,2.720067375987699210e-01,5.721512706432713147e-02,1.432139876267240486e-01,8.145277130668254761e-02,5.463971539002215883e-02,8.362894524184621980e-02,1.148637787538358546e-01,1.641514577122350493e-01,6.087558751926053224e-02,4.943461050661650535e-01,1.299537017514966197e-01,1.261235354108374840e-01,3.890424464758768242e-02,1.225525689074960511e-02,1.220765214263522663e-01,9.105045635072628318e-02
3.201411739137914880e-01,8.206292775227208569e-02,0.000000000000000000e+00,1.371012254686921894e-01,3.654347927428996945e-02,1.186349274019565248e-01,1.256502271327472886e-01,3.904256156095103902e-01,4.461170271681719757e-01,9.223566084896883677e-04,2.797502492767807158e-01,4.658469553793315177e-03,9.764701620566718088e-02,2.846255581280361657e-02,2.441935722274412579e-01,1.981742008677208622e-01,2.802897495164429764e-01,2.471265528181341986e-01,7.639207161236509780e-01,2.192144378908546520e-01,7.084625394161012113e-02,2.266695714473148660e-01,5.696880325283920632e-01,2.455456854801727207e-01,2.736713668172872094e-01,1.489240072566276885e-01,2.886085631574050181e-01,6.095639942516356546e-02,8.431690735463487352e-02,1.741706130756212612e-01,1.084506883195923976e-01,1.645352525807084187e-01,1.776227895929611555e-01,8.783139768538927861e-02,1.618870737361860490e-01,1.227500590975275085e-02,3.091844030168913182e-01,1.078407302407084628e-01,9.367261218322039951e-02,1.234268169807618692e-01,3.706634843125335838e-02,2.141866901584584537e-01,1.528370776064640058e-01,6.409971811368325723e-02,1.807049862026166576e-02,1.572809636086682783e-01,2.647283970563109046e-01,7.579677806352569380e-01,4.286034380948600120e-02,5.820320839134673907e-02,3.393633867811887694e-01,2.846854527533335122e-01,3.662273903046502910e-01,2.203021652814705078e-01,3.934922326067646914e-02,3.885188020130554420e-01,8.957430274409053372e-02,1.999781338322373925e-01,3.436564335698802375e-02,2.035608155868071090e-01,1.396233098598704814e-01,3.746275392874920396e-03,1.554340730784852243e-01,7.643278446970043216e-01,1.528847285137028278e-01,3.164898796575131845e-01,2.230603404640697229e-01,4.878140706631364232e-01,2.160683582458600149e-01,2.013340678966072661e-01,3.129391498946857419e-01,1.110994267984867223e-01,7.461053629735797665e-02,1.958469290774974003e-01,3.642652142070800236e-01,6.210113245615850319e-02
5.929644249363352076e-02,2.743740734351913790e-01,1.371012254686921894e-01,0.000000000000000000e+00,6.734055892239035335e-02,1.372552587579564942e-01,4.864587334065794688e-01,1.399386230092826700e-01,2.284758746722913847e-01,5.005578190272633177e-02,2.122383793144045072e-01,2.467597789342374226e-01,4.105080452473680586e-01,1.802202045773195760e-01,1.310919772356154422e-01,1.917164840550927146e-02,2.115540697404225817e-02,5.434161416712703779e-02,1.053788210770579548e-01,1.058975943596225239e-01,1.614298307779107183e-02,5.782818135766107370e-02,9.553302323207633895e-03,1.322250463024136902e-01,6.744990411322629442e-02,7.043177774767715726e-02,3.756777749382306242e-01,3.088911608980799972e-01,2.136616634638889012e-01,4.968517736664704310e-02,1.403576957238125700e-01,2.300270296638209228e-02,1.835322397325796773e-01,2.000960515439434428e-02,1.168014314813815013e-01,4.126991168660620324e-01,5.629692105521609813e-01,4.304053006108023161e-02,1.868875678362302839e-02,1.178823973134558861e-01,3.132744438490640826e-02,2.348522809053966987e-01,2.421286049888655978e-01,2.042673761474222138e-01,3.207680140800936441e-02,1.227679124997643895e-01,1.370327993525532334e-02,2.037360284528225707e-01,4.681831461706656428e-01,1.532434734504488916e-01,3.695540115288869359e-02,3.005450730430813677e-01,1.559000916425769268e-02,1.859358480879760300e-01,1.418615324294182634e-01,1.268366947865907923e-01,2.207179615548444940e-01,8.321433668512880077e-02,2.249720292300134705e-01,1.044291214174066507e-01,1.450468370826873410e-01,1.316185560080182226e-01,2.246558258509223638e-01,8.673128277196445746e-02,9.475472598095815990e-02,4.721343440714546869e-02,1.234075423012198358e-01,5.988106934425930367e-02,2.539653905070888840e-01,8.993184988244912192e-02,8.301878363960316087e-02,3.614269128827510835e-01,8.715063342967147020e-02,2.388974602537935477e-02,1.703411376120277376e-01,3.708260442106259269e-03
3.694249623349977751e-01,2.312518120666136323e-01,3.654347927428996945e-02,6.734055892239035335e-02,0.000000000000000000e+00,1.133961737419212079e-01,3.524960241613075973e-01,1.632083868270543248e-01,6.633659485125436017e-01,2.095077301256756397e-01,4.861041596368376183e-01,5.799789505666963496e-02,6.284037699889066797e-02,1.233564029094213477e-01,8.477030861466325340e-02,1.257354246761348548e-01,3.154218287303731105e-02,9.883982116842951471e-02,1.992535605333595194e-01,1.059320447926850317e-01,1.121924187175597776e-01,5.746507676178341795e-02,1.048861140198773245e-01,1.481772953303006901e-01,7.675167859833284534e-03,7.902721449125071906e-02,2.885552581524755689e-01,6.565700100985727428e-02,1.886850434880748550e-01,2.767687437099609071e-01,2.790887836367352270e-01,1.508116695652962913e-01,3.000255576856212247e-01,2.081894832637267712e-01,1.013334699884619050e-01,4.607433855192760719e-02,2.047779953468710223e-01,9.651641842568250973e-02,7.406385160327567940e-02,3.898498256665662298e-01,2.312608726386827240e-01,2.709201515478160682e-01,1.406943629547177388e-01,1.268438031330013094e-01,8.888173670801625958e-02,4.190612861934474576e-01,7.104925366450132174e-02,1.644143552328740654e-01,6.795005541828225137e-02,6.274950851136118501e-01,1.001758759956065392e-01,1.143090501519293811e-01,8.261362319474596649e-02,6.306156561538680538e-01,2.832659072389034915e-02,5.885742038035295387e-01,3.278321703312886415e-02,1.347699590441603090e-01,1.017281711097846042e-01,1.333054928055779353e-01,2.891286272675407387e-01,9.936499638756603192e-02,2.223141810956985043e-01,1.533179716494019740e-01,2.159524993914771207e-01,2.827846264481035377e-01,4.249038491551693220e-02,1.251145125894997934e-02,1.784258851587773864e-01,2.869803716615023648e-01,2.733387607825217280e-01,1.959962034028485955e-01,3.939829909507822081e-02,2.344978817072656818e-01,1.500904582938083764e-01,3.321830122588209644e-01
1.091510169976828704e-01,5.999174603637158487e-01,1.186349274019565248e-01,1.372552587579564942e-01,1.133961737419212079e-01,0.000000000000000000e+00,1.302075296020447914e-01,6.270564106971958651e-01,1.239218155002240751e-01,1.444842526059712529e-01,1.929445022934683784e-03,3.701667318325984057e-01,4.029126628690763989e-01,2.371857543476170171e-01,3.877973126799105774e-02,7.892459237637755587e-02,1.413761350052001042e-01,1.985841634481499696e-01,1.585055666278465947e-01,1.555817486157671237e-01,5.318530182576802767e-02,8.877737818626163513e-02,4.634931612922761346e-01,3.284885586952995262e-01,5.274739618506761873e-01,3.562767263493269998e-01,1.869042104718496855e-01,2.941539090358663566e-02,2.214854864724025707e-01,3.644501502427985873e-01,2.433228525732209491e-01,5.642765617429461311e-02,2.098896077947596528e-01,1.524894716796344057e-02,1.067036486328557104e-01,8.281063151392972776e-03,1.274585524848017015e-01,1.952895269768664677e-01,2.742212873292075581e-02,9.871985230554797264e-02,3.862069854925677392e-02,2.260693745300220159e-01,2.446086260009018298e-01,5.204338086859889440e-02,8.671240307444166850e-02,2.961923798555649023e-01,5.154729927386743071e-01,7.583322917554782827e-02,5.764106772812098434e-02,3.719461848082879218e-02,6.922812699091396293e-01,9.147568472377215487e-02,4.612489973190517234e-01,5.144149607052389550e-02,1.765961244492043614e-01,1.258710511570196589e-01,3.245864568375739778e-01,2.932616836334782096e-01,4.422112242970815954e-03,1.026596257683065616e-02,1.422285893644900656e-01,1.214995531820557140e-01,2.057113511924980043e-01,4.934291844649801861e-02,2.148179701152724830e-01,1.332690561716889099e-01,3.533896706085515316e-02,3.463424278640019893e-01,3.251927304504578231e-01,3.047363624297321771e-01,4.127442106005050348e-01,1.488758937829420814e-02,1.919294993414134565e-01,5.491891279757342426e-02,1.469581216730835860e-01,2.314162633639198774e-01
2.512678640464286461e-01,2.146246352310253458e-01,1.256502271327472886e-01,4.864587334065794688e-01,3.524960241613075973e-01,1.302075296020447914e-01,0.000000000000000000e+00,1.086256668822574711e-01,7.075302384388976185e-02,3.914141716128980986e-01,3.845960311686918986e-02,2.395170632872358207e-01,4.084123440670229255e-01,2.136361563711013933e-01,3.095694548007920099e-01,1.608168308184299011e-01,3.804882274413501353e-01,3.958496591368975692e-01,1.727260519057238763e-02,2.302545123484527612e-01,5.944502020855210733e-02,1.738755685183612787e-01,1.450168865496704595e-01,1.456735500805636518e-01,3.046422554350693979e-01,1.423852000990154798e-01,1.085292510198326843e-01,2.179626097490097725e-01,2.671251420373180196e-01,2.171823270257475236e-01,6.060509001916319916e-02,1.151546057215568908e-01,1.645224555648007458e-01,4.404785101974945105e-02,3.310095278957705944e-02,1.550267502167980982e-01,2.564633310092175877e-01,4.406028642858675348e-02,5.271010063298013637e-02,1.595886505842079583e-01,4.226581890605005110e-02,9.614121956099702659e-02,2.517879535925614531e-01,6.228901272364147090e-02,3.822860047846560194e-02,2.541104232311574562e-01,7.829457010953805307e-03,9.668548424228454174e-02,2.381044961153103712e-01,3.383692561917415742e-01,7.990575870468226427e-02,2.928532310252853210e-01,1.921946516717838449e-01,1.112692338458859398e-01,2.240227605718205228e-01,1.060503664811402180e-01,2.790749126508235145e-01,1.629698343600329002e-01,1.021093270662591090e-01,2.290046254932850134e-01,1.050009154713152371e-01,1.032178729906547965e-01,6.772628618484086149e-02,1.032353635239929568e-01,2.999663452716877510e-01,1.176356303764251321e-01,2.029447021787806338e-01,1.509966676460524904e-01,3.086668343556497884e-01,9.055879501112515384e-02,1.497428853128337234e-01,2.993742415017268677e-01,2.281353630462010229e-02,1.009134798602434741e-01,1.086277367267779181e-01,1.074357533121548386e-03
1.187977485807414912e-02,1.982718358850514839e-01,3.904256156095103902e-01,1.399386230092826700e-01,1.632083868270543248e-01,6.270564106971958651e-01,1.086256668822574711e-01,0.000000000000000000e+00,1.032291236679258595e-01,2.701063308874332436e-02,1.422879222648107955e-01,4.575170560929829877e-01,3.065626289586341757e-01,2.669194022366787600e-01,4.716362333376988847e-02,2.059124055714890711e-01,4.784980084841469750e-02,4.987396297793254829e-02,2.783546719898541966e-01,1.113385095368835120e-01,1.083901975961352737e-01,1.797741592838486557e-01,6.551535850751560863e-01,4.696218249389670918e-01,1.211697975487904255e-01,2.799642169794708813e-01,3.853831761461984362e-02,6.092232359831170618e-02,1.426434053633086618e-01,8.363633534583056472e-02,3.379394828820615065e-02,5.367166311368275905e-02,2.394074314797872971e-01,9.890272323352708450e-02,1.225987740540826071e-01,1.553070172113810155e-01,1.775111142490884419e-01,3.184223158007918331e-01,1.067510479454992778e-01,1.787946490278803924e-01,9.144203895260927251e-02,2.317289547111345271e-01,2.851826866501101509e-01,5.600765013440304335e-02,2.673978902712450534e-01,1.450379478681423917e-02,1.110608447039255486e-01,2.439873934247658305e-01,8.875558254646472023e-02,2.338572719099190622e-01,4.862371252022530954e-01,2.550700821697031717e-01,6.130093721555937014e-01,3.901011437361889822e-02,1.015966157842018297e-01,1.923100804238479233e-01,3.556967279444616659e-01,3.356485465996232875e-01,8.704537417509695951e-02,2.220434787856825909e-02,3.611268019127737428e-01,2.196426888008665423e-01,2.821313689634557531e-01,2.783398429090782056e-01,1.914965969319401273e-01,1.783737181983735820e-01,1.542732562098392823e-01,4.479939227716915884e-01,4.540162107250584889e-01,2.347414502395866673e-02,3.627397999383793481e-01,1.277986066450213509e-01,3.488820779352649892e-02,1.457085858161219216e-01,4.473965129326138573e-02,2.033845700984517335e-01
1.010481496512965482e-01,1.129821009406131727e-01,4.461170271681719757e-01,2.284758746722913847e-01,6.633659485125436017e-01,1.239218155002240751e-01,7.075302384388976185e-02,1.032291236679258595e-01,0.000000000000000000e+00,2.511041570285799107e-01,5.679185917713885923e-01,1.224729652355488196e-01,1.367537778613045485e-01,2.793833890299528971e-02,9.856874088351341712e-02,1.666190477226986433e-02,1.936770759963979127e-01,1.849927183263559982e-01,4.276889630314046342e-01,2.905992939672110142e-01,4.353602590883307033e-02,2.603743774618833551e-01,2.766834642492108642e-01,8.444975548706867841e-02,1.764828482062201775e-01,1.329687975011301093e-01,5.252846011407632520e-01,1.733050409148478854e-02,2.526835373166652632e-02,1.489773005293201225e-01,2.460455389770372370e-01,1.618570174693725883e-02,1.166765123398377235e-01,6.316884283129710342e-02,1.463517779762614213e-01,1.820556166370022599e-01,3.824886126633175176e-01,7.535424863064382750e-02,1.283102767506675013e-01,2.089654234626896478e-01,1.467498609726672620e-01,3.559948792388696326e-01,2.541721811329861191e-03,2.150003298364580040e-01,2.333128052494595761e-02,2.568554451248021842e-01,1.848445206612066016e-01,4.515721963938428840e-01,7.648084436539337450e-02,4.371757671971909787e-01,2.199650638247475087e-01,1.061678414311928442e-04,1.771186520979238233e-01,7.066326326451420892e-01,1.508070251995261013e-02,6.780419811779122563e-01,7.709935938413467471e-02,2.011823889523403353e-01,3.132972682251719543e-02,5.556180331712096132e-02,1.760068401315857123e-01,7.015188261633556466e-02,1.835036912496094408e-01,1.424674368071556230e-01,6.669470720126313701e-02,4.050882580515319242e-02,2.337935700796623939e-01,3.158888173606657079e-01,6.930639914338011798e-02,8.045596071256544413e-03,1.009734049481748608e-01,3.298963573863432641e-01,1.294935986124308713e-01,7.435171980394963964e-03,3.207352113286045248e-02,2.980280932531844118e-01
1.836251000813383938e-01,7.695910378224096737e-02,9.223566084896883677e-04,5.005578190272633177e-02,2.095077301256756397e-01,1.444842526059712529e-01,3.914141716128980986e-01,2.701063308874332436e-02,2.511041570285799107e-01,0.000000000000000000e+00,3.269532964900664918e-02,2.413062346576326789e-01,1.511496958928857104e-01,1.190982701768327351e-01,1.205202243932819439e-01,1.778920813394593847e-01,4.169873418939620824e-01,3.305108955665639892e-01,1.095639784369601688e-01,7.024713233468490858e-02,6.335509757948470932e-02,1.380837961281811133e-02,4.823660728098178030e-02,2.152963361202438197e-01,4.155413447550376782e-01,4.348267455017015837e-01,1.680542462373925683e-01,9.649840438192275327e-02,2.783286983759795108e-01,1.973459663319168111e-01,4.839472620164075867e-02,1.783188010853982985e-01,9.846790134917052240e-02,7.260877247011740532e-02,1.970102537180979940e-01,2.190286883136056961e-02,9.833832607721343377e-02,8.870668891605235085e-02,1.738500890054925918e-01,1.362290131056312914e-01,4.040453617143195675e-02,1.263080875228523303e-01,2.213699855068976263e-02,4.395529120949495661e-02,5.194838923153932697e-02,6.684342953062835657e-02,5.605385571382923149e-02,9.258528162166576592e-02,4.448867718245906600e-02,2.017219991099416798e-01,3.754073467760431215e-02,1.318315658194537388e-01,1.195022591438388293e-02,1.781602332106718700e-01,4.315172182256200584e-01,2.219870175115395139e-01,2.230679810862603030e-01,7.855581814157747145e-02,1.637069148070465496e-01,9.326218523532847637e-02,2.842862834875303779e-02,1.816302948517767857e-01,2.218667501433796430e-02,1.588443913460204915e-01,1.482649992680781237e-01,1.182051854822935288e-02,8.078257825479850940e-02,4.038855230157650800e-03,4.322563741527343795e-02,9.411930531634937758e-02,2.080984899740939142e-01,8.975651746419460730e-02,1.457278123676849224e-01,1.183800783877221041e-01,5.207991748570263424e-02,5.709265805197814847e-02
1.922591856856687431e-01,1.322213564248951867e-01,2.797502492767807158e-01,2.122383793144045072e-01,4.861041596368376183e-01,1.929445022934683784e-03,3.845960311686918986e-02,1.422879222648107955e-01,5.679185917713885923e-01,3.269532964900664918e-02,0.000000000000000000e+00,4.338375501050628635e-02,6.193085174011153660e-02,1.875499804859916964e-01,9.364363352217314196e-02,9.328620263133241552e-02,5.159148619764179766e-02,2.584189416255826266e-02,4.525224443110522077e-01,1.943926640715948340e-02,3.499511934767349230e-02,2.313713474451833951e-02,1.073444370353298649e-01,9.238972911205492466e-02,8.920642787226461257e-02,1.065947471986123940e-01,2.076293163523682539e-01,2.562428797490617360e-01,2.873326330225786096e-01,8.305463893338577153e-02,1.144861768913674749e-01,9.254830739279684693e-02,1.399573281632530697e-01,8.278599176913817304e-02,1.163083897515737458e-01,4.299317551609367627e-02,3.683884545427983381e-01,6.932392729839004231e-03,2.568762493730714080e-01,2.288051535421434524e-01,1.849647607078278022e-01,3.150260967391532718e-01,2.079130035275534305e-01,2.207573570787098871e-01,1.240900735570118624e-01,2.470629478931614109e-01,2.372872077297816240e-02,2.593090054890191398e-01,1.177879631275934730e-01,2.888098835388909214e-01,1.063094923752188059e-01,3.960822196046925869e-02,9.660606441745572814e-02,6.422411526468406739e-01,4.812709045851579215e-02,8.045751021616931453e-01,2.196493623030854048e-02,2.984422633429099081e-01,1.492617951792138131e-01,1.675389809156334620e-01,2.457878613895977948e-01,4.327976595183355424e-02,2.120264829526881112e-01,1.900158711944522905e-01,2.607615659756614690e-01,1.083166420875248392e-01,3.621536591929563897e-02,1.893861302077608222e-01,2.017108823901582471e-02,9.246595578392394210e-02,7.566631820006008979e-02,2.785426323144384320e-01,2.417805250308975584e-01,2.133588900716983927e-01,6.681631023937828484e-02,2.701155088905787816e-01
2.542756291998834461e-01,7.442929689516397662e-02,4.658469553793315177e-03,2.467597789342374226e-01,5.799789505666963496e-02,3.701667318325984057e-01,2.395170632872358207e-01,4.575170560929829877e-01,1.224729652355488196e-01,2.413062346576326789e-01,4.338375501050628635e-02,0.000000000000000000e+00,5.777591966638162546e-01,1.064233071819153942e-01,1.536499807364765102e-01,4.263703934237206838e-01,1.729589855422405953e-01,7.751550190554945541e-02,6.202082252969223775e-02,1.536660647639890021e-01,2.757230556530597676e-01,2.249189908227327561e-01,1.298715889088846998e-01,4.171882861302790846e-01,1.259498533407374388e-01,5.528950225179014577e-01,1.757174260942335753e-01,7.954329990176001175e-02,2.303665473249780216e-01,1.697854252459878588e-01,2.811549382009810305e-01,1.173166151161690318e-01,2.127625894882290702e-01,6.287404999727397303e-02,1.134162661923361973e-02,7.151989136098786670e-02,1.419838625947930644e-02,2.945752135892030221e-01,1.063725920508041128e-01,1.880240748652856619e-01,7.764336171691609001e-02,1.565340422603964110e-01,1.862196970857317169e-01,2.130184520807817949e-02,1.595584472308230750e-01,3.349715595222945153e-01,9.132474995507344762e-03,1.207713958096247042e-01,1.543432068526674056e-02,1.060306707466301956e-02,1.629749773807131763e-01,4.649842500152071012e-02,1.560386909988513149e-01,2.829725166018173810e-02,6.881946009389983132e-02,1.353605103602428528e-01,7.541718807969761684e-01,2.941122590102933643e-01,3.232744442676743768e-02,1.927936717560953528e-01,3.446334482536444477e-01,4.208270658746196546e-02,1.767358963825882701e-01,1.490206648184719818e-01,2.612125570149058662e-01,2.204934111171301114e-01,2.299535885172432348e-01,4.560160907762739191e-02,2.363010398940396661e-01,2.276520436903885503e-01,2.569099724370214610e-01,2.640435403642634182e-01,2.052241761842684697e-01,3.254408727029928228e-01,1.178030896604815858e-01,2.805432581026581218e-01
3.312009508881695319e-01,3.666613948741357931e-01,9.764701620566718088e-02,4.105080452473680586e-01,6.284037699889066797e-02,4.029126628690763989e-01,4.084123440670229255e-01,3.065626289586341757e-01,1.367537778613045485e-01,1.511496958928857104e-01,6.193085174011153660e-02,5.777591966638162546e-01,0.000000000000000000e+00,1.537712200226448167e-01,1.613250974766838597e-01,1.687861123027254995e-01,3.620323473757922073e-01,3.115896769486805606e-01,1.308776469380557028e-02,1.498047676938407957e-01,9.715942998736007419e-02,1.625748684980288239e-01,9.981427626466188308e-02,6.548597876696368725e-02,1.351153197276411255e-02,4.419477497846561742e-01,2.588535236528865524e-01,3.951672214358764035e-01,2.253377409620105354e-02,1.405933542448220830e-01,1.478899630161144563e-01,1.181450321688839872e-01,7.951292732891052095e-02,5.765480055767380207e-03,6.329277037348041146e-02,1.278511024213375147e-01,2.018932439122572697e-01,3.246966018045339686e-01,1.691270582864149441e-01,1.373736961619970720e-01,1.451109481923571615e-02,3.092089816541913894e-02,2.125302185940559641e-01,2.477381862239547844e-02,2.066642079239974783e-01,4.287254380849671032e-01,6.935453142585357167e-02,1.017302602882643736e-01,2.858458329675644949e-01,2.060241999719756301e-01,9.910242639674218812e-02,2.733271585756661959e-01,7.469038926090734720e-02,8.380372306542926975e-03,3.957465808070509405e-02,1.121650004278537394e-01,4.229274226595222674e-01,5.179828824327260550e-01,1.450141614538541790e-01,2.271600239472820748e-01,1.024947624921986322e-01,1.414155328193536787e-01,6.215070537546060758e-02,1.775552053119053286e-01,1.816772372411862568e-01,1.108310898827147284e-01,7.806152336594326946e-02,6.825891495832800415e-02,1.094496942255329536e-01,4.323535886923735028e-02,2.229721957582350700e-02,3.262143268182290390e-01,9.095118658268999678e-02,1.912051958828093201e-01,1.141753718645646121e-01,1.162174522619106726e-01
2.791104108282555507e-01,3.787069258340849953e-02,2.846255581280361657e-02,1.802202045773195760e-01,1.233564029094213477e-01,2.371857543476170171e-01,2.136361563711013933e-01,2.669194022366787600e-01,2.793833890299528971e-02,1.190982701768327351e-01,1.875499804859916964e-01,1.064233071819153942e-01,1.537712200226448167e-01,0.000000000000000000e+00,3.953535302984158978e-02,1.852109013570189533e-01,1.829692382623499813e-01,9.566167147625016798e-02,2.018243776697649094e-01,5.654679577062281942e-02,1.418575436876680917e-01,1.304538381109590084e-01,7.973992328945254948e-02,5.328067296584140800e-02,1.017289748773318736e-03,1.593030110581112324e-01,9.167719068324263476e-02,8.278007744682876201e-02,1.177856209730042680e-01,1.000682660407441193e-02,4.351591065882443043e-02,9.300720920133423442e-02,7.377976999748139808e-02,1.148280166187466977e-01,5.042505647061511220e-02,2.924688741098644962e-01,1.182321469214314968e-01,1.928896727943361367e-01,2.585827152248180300e-02,1.364074023213154851e-01,1.504547487421233065e-01,6.145005924703900169e-02,1.250507017299679058e-01,1.001385118831731036e-02,7.857326597877051233e-03,2.497173236955235742e-01,7.599701410258508094e-02,9.153809796453957204e-03,5.348783384104216498e-02,1.046972617022773333e-02,1.178902510750295118e-01,1.178580617987081136e-01,1.108685774724215423e-01,2.115049938815922320e-02,5.845978501878658362e-02,1.865554183837887514e-01,1.681097391645106909e-01,1.150901703942902171e-01,4.579694184893697284e-01,7.379618998250185580e-02,2.519266084387167259e-01,2.455127672508508607e-03,1.538498698604077730e-01,6.104954089769126097e-02,1.735273680401097918e-01,3.058212938318622537e-02,8.571579232559256578e-02,7.153808600313203703e-02,1.816691483471965379e-02,3.044780355572199171e-02,9.358435798980502263e-02,7.276612506297691629e-02,1.168036915662862413e-01,1.610904669793755406e-01,2.317116671392648319e-01,2.061487725813410388e-01
2.592523245485383043e-01,4.036315014147917601e-02,2.441935722274412579e-01,1.310919772356154422e-01,8.477030861466325340e-02,3.877973126799105774e-02,3.095694548007920099e-01,4.716362333376988847e-02,9.856874088351341712e-02,1.205202243932819439e-01,9.364363352217314196e-02,1.536499807364765102e-01,1.613250974766838597e-01,3.953535302984158978e-02,0.000000000000000000e+00,1.912996099423664442e-01,1.779535142589161456e-02,1.087997192046293304e-01,2.281012056690198686e-01,5.701601108627017966e-01,3.282207900070635564e-01,6.062665804481633947e-01,2.015611720231333115e-01,5.037310986293799808e-02,1.303764653999490708e-01,5.702240849270223677e-02,3.054914102753146787e-01,1.813506988487302851e-01,2.512233969249233478e-02,9.510610456549595249e-02,3.174440038092168903e-02,3.013705722946298238e-01,8.219775836134313174e-03,1.710116577974615248e-01,1.876256244035828802e-02,5.626796758335578935e-02,2.245069190220199129e-01,4.350057352278680067e-02,2.017512656395175075e-01,4.502243366446537221e-02,2.559676154670458836e-01,5.062825853238042684e-03,5.310244777469024652e-02,1.171508699570861650e-01,7.286399886312958096e-02,7.264783821481324289e-02,8.881702929584911477e-02,2.130744714989818989e-01,7.042289975387251710e-02,1.536150097183290042e-01,3.694611681839893302e-02,1.224146188439667882e-01,7.151963317216639138e-02,6.084230298009724036e-02,1.654173475754713851e-01,1.757597572646787676e-01,2.822037869983352598e-01,2.998505522162614456e-02,4.929282800657595193e-02,6.064975488298702810e-01,1.524719412407845309e-01,3.770629708545539249e-02,5.514656947798782238e-02,2.551366072168804178e-01,3.561856846372709051e-01,3.317896717002717377e-01,4.341967711078826286e-01,1.985550815907619060e-01,8.836819283293539939e-02,1.434473777455683163e-01,2.012043965106008470e-02,2.582546540492106635e-01,8.715342061467382107e-02,1.805920615124934625e-01,2.128163949667845334e-01,9.684797165096635518e-02
6.212713195204948580e-01,8.480287442895823036e-02,1.981742008677208622e-01,1.917164840550927146e-02,1.257354246761348548e-01,7.892459237637755587e-02,1.608168308184299011e-01,2.059124055714890711e-01,1.666190477226986433e-02,1.778920813394593847e-01,9.328620263133241552e-02,4.263703934237206838e-01,1.687861123027254995e-01,1.852109013570189533e-01,1.912996099423664442e-01,0.000000000000000000e+00,4.945656960954534220e-01,5.344463131568178982e-01,7.916233644853341855e-02,2.627786385809560143e-01,4.098674940304040115e-01,4.522487730362131919e-01,3.125757787443951552e-02,6.297744189601388320e-02,5.221155511042835373e-01,1.275326037873014684e-02,2.909198656225620572e-01,4.215520860510836854e-01,6.664388567544208275e-01,1.738360866692908457e-01,4.550231511425221198e-01,1.932534925015063493e-02,3.495983925323484232e-02,1.030816423775807733e-01,3.672913790441822979e-03,3.172938151864077017e-01,3.549133803008529264e-02,6.218590364306575413e-02,2.895406312063219384e-02,7.288705429347372422e-02,5.951398255684614558e-02,3.873942135898075095e-02,2.836893163129824980e-02,2.549714607719556769e-02,2.992892051260170883e-02,4.098363738498786990e-01,1.638153859605182561e-01,1.992849759568608159e-01,1.386790213374409775e-01,1.262374403356691932e-03,7.439985804110682555e-02,6.500476978204883238e-03,9.383718655700296063e-02,4.199892815896666409e-03,3.696089703398494630e-02,3.828276890368217944e-02,5.420663264375280566e-01,9.485483333974448206e-03,2.260925453780560646e-01,2.034252269444726258e-01,6.248662477467502585e-01,9.446192991577573306e-02,4.566344111780260562e-01,9.689126552771681888e-02,1.082457298206865592e-01,4.030711926051381289e-01,2.960899396775083514e-01,1.005269296042356902e-02,1.575030469575696701e-01,2.905354845832910926e-01,5.187524758942138603e-02,9.001384630289477329e-02,2.484992155212523146e-01,3.681953122396118827e-01,1.966326385285482314e-01,3.537570410763755113e-01
2.171363786984338851e-01,1.754025234596219840e-01,2.802897495164429764e-01,2.115540697404225817e-02,3.154218287303731105e-02,1.413761350052001042e-01,3.804882274413501353e-01,4.784980084841469750e-02,1.936770759963979127e-01,4.169873418939620824e-01,5.159148619764179766e-02,1.729589855422405953e-01,3.620323473757922073e-01,1.829692382623499813e-01,1.779535142589161456e-02,4.945656960954534220e-01,0.000000000000000000e+00,7.565164116170011166e-01,1.782946491355625329e-01,1.477536018653065331e-01,6.076616659519037955e-02,2.385837246218653340e-01,8.002686418960403003e-03,7.820288077638615221e-02,3.747733743999042688e-01,3.753289215303627913e-01,1.247263408590627010e-01,3.030699708909041501e-01,4.218270325515421915e-01,1.022902235893564105e-01,1.422413396702411070e-01,6.920218828113491871e-02,5.267933459469324731e-02,2.313799831284935049e-03,1.397118143139486623e-01,2.221664190584100029e-01,9.781047896455269397e-02,4.822485484741065309e-02,9.728064706641836867e-02,1.572116763910963166e-01,9.760389304144478917e-02,1.030347352324702120e-01,1.290518254836665324e-01,3.256520245280991599e-02,8.007051895047427592e-02,3.144159770279317256e-02,1.946034245626583059e-01,2.431284955474460885e-01,1.853838371676644892e-01,1.214647575085744113e-01,1.452679349540330622e-01,1.212696978186735275e-01,6.754236984191827609e-02,1.071299288686489160e-01,2.107366474403691292e-01,1.770864601412961703e-01,8.573515619672716914e-02,3.471537652200166191e-01,4.414290815125518352e-02,8.829522752035218192e-03,3.578054952238761688e-01,3.652942575772905598e-01,4.189288186229617184e-01,1.179487669110891312e-01,5.591932644852382062e-02,9.640552133481256059e-02,1.944831575315711381e-01,6.597734373098296246e-02,9.478110981539543400e-02,1.633315007130079488e-01,1.747690136007734041e-01,1.059180755273840535e-01,1.634966905821147176e-01,3.287228749309665243e-01,1.129486513470601278e-01,2.435906748275961375e-01
2.169647350670403374e-01,4.227086435968285261e-01,2.471265528181341986e-01,5.434161416712703779e-02,9.883982116842951471e-02,1.985841634481499696e-01,3.958496591368975692e-01,4.987396297793254829e-02,1.849927183263559982e-01,3.305108955665639892e-01,2.584189416255826266e-02,7.751550190554945541e-02,3.115896769486805606e-01,9.566167147625016798e-02,1.087997192046293304e-01,5.344463131568178982e-01,7.565164116170011166e-01,0.000000000000000000e+00,1.421940952326795071e-01,2.670151006453316822e-01,3.224521900191071322e-02,4.324532148141557730e-01,2.580138765248554678e-03,6.408608491786094152e-03,5.134222359103589595e-01,4.389014458513649242e-01,2.408041958974078689e-01,2.594452893106495295e-01,5.142467750749055710e-01,9.551218447010056956e-02,1.139811587913796553e-01,1.426469796745776231e-01,1.231946097258845296e-01,4.129811343700379167e-02,1.784330729449624120e-01,2.172959881794553350e-01,4.516148866230694503e-02,2.998696517742946432e-02,7.954019428250275192e-03,7.833445496164556654e-02,1.174849564554926312e-01,6.997177668162564423e-02,1.209751362682677106e-01,3.611930242124521129e-02,2.073495130359073735e-02,3.207481857204777520e-02,2.979073357682628376e-01,1.511739369054007631e-01,2.370772284716598788e-01,2.324516371843061702e-01,9.299687718106508516e-02,1.824260494120933940e-01,8.542870489559870051e-02,1.265382314696279487e-01,6.315562678486863479e-02,9.398043022155000425e-02,1.858284455525841261e-01,1.480891511175440878e-01,3.706487949258037429e-02,3.193141698073584389e-02,4.495978160931802803e-01,2.150672634013592321e-01,5.605202722123630021e-01,2.372182840905986967e-02,8.841239280049564830e-02,5.606529466781895454e-02,2.883145092986081903e-01,1.223081067092913615e-01,1.946208060374354787e-01,2.172062016389124939e-01,2.044715903176813621e-02,3.819020176596160665e-02,1.292401215415636129e-01,2.492778142972914002e-01,9.320037070683995228e-02,1.681756375760963540e-01
4.257455948948649094e-03,3.561796365880159909e-02,7.639207161236509780e-01,1.053788210770579548e-01,1.992535605333595194e-01,1.585055666278465947e-01,1.727260519057238763e-02,2.783546719898541966e-01,4.276889630314046342e-01,1.095639784369601688e-01,4.525224443110522077e-01,6.202082252969223775e-02,1.308776469380557028e-02,2.018243776697649094e-01,2.281012056690198686e-01,7.916233644853341855e-02,1.782946491355625329e-01,1.421940952326795071e-01,0.000000000000000000e+00,2.070054776138145480e-01,4.942932330769098104e-02,1.754458906287668651e-01,3.009729631704570751e-01,6.251386444788556429e-02,2.185463168410837487e-01,3.761923637217834404e-03,1.784539065782388412e-01,1.407203051416608675e-01,2.214949954689773848e-02,1.875631191718191149e-02,1.603712879664670465e-02,2.960112512096340076e-01,1.437737837599220303e-01,1.663702712487316049e-01,1.307134602042542282e-01,4.833109863581958737e-02,3.219543332785009815e-01,6.084011355969574930e-02,8.989658376391401751e-02,4.618476895073225438e-03,4.561454014058926448e-02,2.026731538942080357e-01,2.536082575271233486e-01,4.074134063682774420e-02,3.534100815483166846e-02,1.306818423143409902e-01,1.919180501159425400e-01,5.279834321218620508e-01,1.331589125466500212e-01,2.464681742607227610e-02,1.987667846128561566e-01,2.356280656027587850e-01,1.558828424216036346e-01,2.456586271523079068e-01,1.711275856514026250e-01,4.826935337507075041e-01,1.526643845518344811e-01,2.117635958146673880e-01,1.107902466177950324e-01,1.165758964830644895e-01,5.135539255515202128e-02,9.761528178238673692e-02,4.640195486837694894e-02,7.814418130959447373e-01,3.798481683639892692e-02,1.362851697496893499e-01,1.629350005777977783e-01,2.363669106954956467e-01,8.817402494864530482e-02,3.701735708793943425e-02,6.962618321738067717e-02,8.409404439004852794e-02,1.123876915051974235e-01,1.263745128351163871e-02,2.122355584368185999e-01,3.471934836795635693e-02
2.397506620533165211e-01,6.607411349213515583e-02,2.192144378908546520e-01,1.058975943596225239e-01,1.059320447926850317e-01,1.555817486157671237e-01,2.302545123484527612e-01,1.113385095368835120e-01,2.905992939672110142e-01,7.024713233468490858e-02,1.943926640715948340e-02,1.536660647639890021e-01,1.498047676938407957e-01,5.654679577062281942e-02,5.701601108627017966e-01,2.627786385809560143e-01,1.477536018653065331e-01,2.670151006453316822e-01,2.070054776138145480e-01,0.000000000000000000e+00,4.809413451047261923e-02,8.320115329104601498e-01,5.851334042487921216e-02,6.441621168025547794e-02,9.358359871692512044e-02,7.656688881487327958e-02,4.124557357563517490e-01,2.261137139741687951e-01,1.876467722920452941e-01,1.290024323165218090e-01,1.209460492429106915e-01,1.022073000879011317e-01,1.848627044252026952e-01,7.920895220231631562e-02,1.642447094499197013e-02,1.471317245952842578e-01,9.285187891461671450e-02,3.910436826861241055e-02,5.112056154694262500e-02,8.401412179858366858e-02,1.074886599177641011e-01,1.097987972941903423e-01,1.757918684582614743e-01,7.391358611804199619e-02,6.611652821769105348e-02,6.173457223742712108e-02,1.506646027258634613e-02,2.606336742227393644e-01,5.829160555700477198e-02,2.331471142504704108e-02,3.455550417041264311e-03,1.612786701622770658e-01,9.705128773667034969e-02,6.372960363638002779e-02,8.824520057738696743e-02,9.885370456123748761e-02,2.262252980370778599e-01,1.317951875650678895e-01,8.155406240466303580e-03,4.920802786313430710e-01,2.676089368399450219e-01,2.835207960461680332e-02,2.061847951901492615e-01,1.745768484374640162e-01,6.189796788391537241e-01,1.638760242618000906e-01,7.339694052955074710e-01,5.396835307946379334e-02,4.449386775004512962e-02,6.221837410540975721e-02,8.868079337262779749e-02,3.559434164093138175e-01,1.221284493851595987e-01,2.917404956527444582e-01,2.830967998956502862e-01,6.538810341345634158e-02
3.143907093556568277e-01,2.843255379813414141e-02,7.084625394161012113e-02,1.614298307779107183e-02,1.121924187175597776e-01,5.318530182576802767e-02,5.944502020855210733e-02,1.083901975961352737e-01,4.353602590883307033e-02,6.335509757948470932e-02,3.499511934767349230e-02,2.757230556530597676e-01,9.715942998736007419e-02,1.418575436876680917e-01,3.282207900070635564e-01,4.098674940304040115e-01,6.076616659519037955e-02,3.224521900191071322e-02,4.942932330769098104e-02,4.809413451047261923e-02,0.000000000000000000e+00,1.653344203223531261e-01,2.295338676997953353e-01,3.675801470447226382e-02,2.962395306764314395e-01,1.158304310471761633e-01,1.510150503200650141e-01,4.017793911224540326e-01,1.312920305320477432e-01,1.931577218388910444e-01,1.983509134711888278e-01,1.875005626483527629e-02,5.107260659511478340e-02,9.902591333965399256e-03,2.444324281238664104e-02,1.635927125950492611e-01,1.684665237311636088e-01,1.130479205502367690e-01,7.578948464756979364e-02,2.379361541964539195e-02,7.983668668716931149e-02,4.696148813393546256e-02,6.414932656416572065e-02,1.556961182935323942e-02,2.630968877681036378e-02,2.957596040963096917e-01,7.219676134181235438e-02,1.554258551636392982e-01,1.401492333197012496e-01,1.629575653676735847e-01,7.923668010263465455e-02,7.553956189047522640e-02,3.029277774899869491e-01,6.995895153313835824e-02,8.093840538803531715e-02,1.235101432702950253e-01,3.667036012503905318e-01,1.696631118623478651e-01,1.574002887229403458e-01,1.948498164308115066e-01,1.847665770838738397e-01,2.598745721541921849e-01,3.337184296945602813e-02,1.272283151804857459e-01,2.158887850592688951e-02,6.359208755849034000e-01,7.256165535004982514e-02,3.439822149756271430e-01,1.350499445455517755e-01,2.302621780022939824e-03,1.855164899438990767e-02,6.721434150823141218e-02,3.115513021301162810e-01,1.585817896840843733e-01,1.270325729729537834e-01,1.350296236027910268e-01
