0.000000000000000000e+00,7.230657335171444267e-01,2.861240538654246657e-01,1.105268401455859334e-01,4.078881782396925337e-01,3.270909811043383186e-01,3.782837473199875955e-01,6.151159040655040933e-02,3.609997559306516446e-01,2.643986344907959252e-01,3.263247558134958481e-01,4.820545525541212739e-01,4.074263347139576719e-01,4.762641608546037686e-01,3.170500520342767192e-02,4.564823275083920162e-01,1.489737266258941151e-01,1.556277925148573937e-01,1.501292031405163929e-01,3.649823478544282351e-01,1.606352555776697777e-01,5.600605365266614344e-01,1.591957452904244619e-01,7.022604957974698525e-02,4.302265568328489387e-01,6.188104479202463093e-01,3.602368455431421701e-01,4.697827658934412565e-01,4.328457138067312027e-01,3.875716552855953956e-01,3.268790660595412567e-01,2.302255983818142226e-01,1.823911438252362460e-02,2.068467183797355613e-01,4.216688140450466221e-02,2.912715530071628978e-01,1.536864477608729518e-01,5.980789686006213191e-02,1.283054177106327520e-01,1.031113612858722828e-01,1.440491622051037479e-01,2.128202476538228749e-01,1.591638957828706291e-01,1.923497404123722665e-01,1.765595275054171465e-02,7.658796240360039587e-01,1.357703878025387223e-01,3.328832621703211592e-01,1.874714340174672977e-01,3.114053703706972653e-01,4.621609367595094775e-01,2.391863632201378376e-02,9.719947102647025217e-02,3.436939475055185156e-01,6.885129775579562628e-03,2.908980437188887769e-01,3.273159651480868071e-01,1.736307184312313456e-01,9.161782834164081124e-02,3.016269796618144539e-01,6.065270660471522302e-02,4.278906626497727683e-02,2.753581805595516907e-01,1.742485713690255233e-01,4.717078490773987665e-01,1.345599816599751253e-01,2.404712215838560596e-01,3.491375000061014422e-02,7.099629104482679809e-02,8.333570071514789790e-02,5.484072108669661993e-01,3.846837558041370508e-01,4.806399282397071926e-01,4.905632820601986133e-01,1.094477319372436364e-01,2.566359734210768573e-01
7.230657335171444267e-01,0.000000000000000000e+00,3.142617802480214273e-01,7.416992194619947965e-02,4.182246887164946525e-01,8.205971020129777527e-01,3.830041812348569108e-01,2.240951840016052188e-01,3.636570530411145086e-01,3.985652953374611007e-01,3.670504507933751159e-01,4.414639151611093326e-01,6.462066368601229183e-01,3.599923827375989815e-01,1.559900661856784276e-01,1.995120150329359188e-01,3.417647680284692790e-01,2.533221343052081131e-01,1.864290356374131152e-01,4.630510134043288595e-01,1.548883240310293674e-01,5.295859337564632341e-01,3.094760506695086177e-01,1.440545610195304027e-02,7.391236458708544399e-01,7.620224303259943710e-01,5.854579599834799364e-01,5.737214209835593826e-01,6.309124292500485343e-01,2.947679741630908623e-01,1.639879042801313247e-01,4.795345898762735232e-02,2.716331830615148490e-02,1.602150283748622894e-01,5.022582527361261345e-02,1.483520065132385712e-01,7.286878326730122923e-02,7.133167069901755197e-02,5.737575569187824270e-02,1.361256131108488643e-01,9.884268095537261656e-02,2.355242494001555387e-02,2.556419168468357372e-01,7.760527849729825789e-02,2.121763010787741655e-02,5.757380511273595403e-01,5.393803191816446407e-01,3.268062973396142490e-01,3.411470800768680034e-01,1.606518135338039222e-01,5.812756708551841678e-01,1.087771649847154576e-01,1.556778400344232260e-01,2.999070111626723767e-01,2.999552928143600639e-02,2.981017093568481546e-01,2.933959026432326200e-01,2.300138806092555388e-01,1.050001537731086454e-02,2.821588719600266471e-01,9.127161754671675453e-02,1.238733867719243875e-02,1.220521277327689669e-01,1.877822408812720167e-01,3.601061012650916826e-01,2.250468142438899477e-02,2.575772537528293604e-01,2.001164678400744468e-01,1.269258129458735174e-01,3.194923345627692646e-01,5.887382180219336014e-01,5.654108513702200689e-01,3.317332860633634972e-01,2.681874621551242899e-01,8.042853221086375404e-02,8.003743486393760653e-02
2.861240538654246657e-01,3.142617802480214273e-01,0.000000000000000000e+00,1.546334890065723458e-02,7.186012952767466544e-01,3.398627556670892336e-01,2.791854386802802290e-01,4.816727759370616480e-01,7.604253553912855290e-01,1.214271965097770412e-01,1.000000000000000000e+00,3.329780974081507638e-01,2.876191734194233907e-01,2.776128297497888475e-01,4.814715281610982833e-01,8.054738585919878069e-02,1.994487677108136570e-02,5.828920880810417593e-02,7.792994360370636420e-01,6.902015580635779690e-01,4.305828366788069794e-02,6.788590694060658848e-01,6.787958523748777173e-01,2.687700174716252111e-01,8.157826579180674220e-02,3.341025989925004436e-01,6.437781629112053761e-01,6.580030327757031561e-01,2.872564820809018760e-01,5.809502558779198189e-01,6.621239351843871690e-02,2.659140434349529514e-01,6.424159765158351520e-01,4.074969339000196200e-01,2.606320688061067870e-01,1.532769698763771782e-01,3.229963058443095780e-02,3.122400586110812837e-01,3.157452210493199019e-01,5.849294195623454540e-01,4.735462199538550410e-01,1.269149312099458748e-01,2.112600383072953947e-01,1.145497547913569975e-01,9.610206258929412937e-02,2.323984261596950818e-01,8.970364184190904311e-02,9.706170723918766674e-01,1.498374586303390932e-01,6.232804360882640005e-01,3.020530474329436998e-01,1.095226294603119932e-01,3.317902254485411428e-01,6.897565350414149865e-01,1.306444380451926845e-01,9.498861188315751436e-01,5.418311311984935763e-02,1.000226446077099873e-01,8.790621051441770140e-02,6.062728910663717219e-01,8.295936150026179956e-02,6.691823784532320574e-02,8.601254893784653077e-02,7.767890417727946195e-01,5.727540368701979911e-01,1.141236767473330638e-01,4.832804156855194377e-01,6.802034673103345419e-01,3.383269480096463555e-01,1.334424274083176598e-01,2.083785908578652535e-01,5.090541372803387699e-01,4.676069368804255388e-01,7.214786344206029767e-02,1.400984184049121339e-01,8.574025165442000773e-02
1.105268401455859334e-01,7.416992194619947965e-02,1.546334890065723458e-02,0.000000000000000000e+00,1.579139315628273477e-01,1.145579388284035244e-01,1.108230839264376377e-01,1.183918426240151839e-01,1.323187877258682338e-02,8.118186315730593905e-02,6.609128900449477706e-03,5.155141554924940195e-01,3.666482466281859587e-01,4.891626957095551731e-01,2.846903835109592662e-01,8.309345622491648431e-02,6.814721279880775473e-02,3.191635902288484927e-01,1.889552731103805866e-02,4.627261409728805619e-02,1.555827503129495470e-01,4.084025489747648494e-03,3.157889137183678835e-02,1.802427702152564759e-01,1.481909902586178718e-01,1.031070457237319715e-01,2.433313986684670915e-01,3.198359939123424645e-01,1.675538517422423546e-01,3.558515453369974768e-01,2.531031025059693462e-01,2.864418745882745254e-01,2.439588878810159400e-01,2.707836536372288938e-01,2.890829846309045381e-01,3.560944864216091243e-01,2.461851788430742816e-01,7.987791248838686797e-02,2.102787711085348232e-01,1.084694896224846494e-01,8.805735444910366139e-02,1.008110535613275932e-01,1.130310848015129987e-01,6.227205632879492803e-02,4.390821398687717869e-02,2.629861571124352260e-01,1.830530098587859478e-01,5.001037970593879417e-02,3.019122883236866617e-01,3.352680573254940288e-03,1.041530253384404386e-01,2.509122524026419221e-02,9.157019124252163689e-02,5.212738974730063424e-02,3.352952049984191801e-02,4.423804233410905812e-02,3.461608852386320878e-01,1.069647333043849680e-01,2.478529267181049101e-01,1.667234553059181446e-01,2.828722561183548145e-01,3.114751832831810230e-01,7.773863126799228362e-02,1.277654531340363664e-03,2.733756642615250421e-01,2.238246190622726617e-02,2.500264877626716120e-01,1.859115024352700485e-02,1.934012896830276107e-01,2.192091412995277877e-01,3.002488585176707470e-02,2.453650312737907235e-01,7.313848901143571446e-02,1.823637796680403489e-01,3.743941580514403844e-01,2.423571212042393841e-01
4.078881782396925337e-01,4.182246887164946525e-01,7.186012952767466544e-01,1.579139315628273477e-01,0.000000000000000000e+00,3.084431368919254846e-01,5.587771153328108253e-01,2.532378797476757537e-01,8.402322570301333782e-01,2.717849696058626807e-01,7.323777616385745981e-01,4.167011158200153442e-01,4.977532408415852871e-01,3.391537918230116966e-01,1.700192146581506469e-01,2.263740918797370605e-01,1.700031867492541593e-01,1.514433057204164768e-01,4.480172159549852262e-01,5.081074006800569975e-01,9.123684237244847339e-02,5.691910154526906851e-01,4.214479074323412844e-01,2.285617006521553363e-01,1.142280280083550065e-01,4.326657346800530934e-01,6.250724847809409068e-01,6.550561094378506422e-01,3.034111586888399437e-01,4.705849239118641281e-01,1.895395769828329136e-01,2.579478012167834011e-01,6.111123865274044054e-01,1.680834261513826089e-01,2.642536722178024933e-01,2.364273084051864982e-01,9.976940366050096598e-03,1.618234544501811201e-01,3.739749475762838560e-01,5.371560433659354761e-01,4.431149588514678994e-01,1.281987021209557154e-01,3.295912148962285015e-02,1.682123910939013756e-02,1.022125400195104256e-01,3.012484363739575399e-01,1.573594212663885494e-01,7.943873399694101334e-01,1.911845469655256147e-01,8.286276875829281519e-01,3.200519411430826078e-01,2.522208963537652116e-01,9.598143736161349193e-02,7.086260845168337319e-01,7.765404947845414019e-02,7.354289645474765269e-01,1.787642753881760749e-01,4.983544746964546635e-02,2.193481652647339963e-01,3.752679827198263096e-01,6.955331460589792014e-02,1.099571190104601665e-01,8.515292183718829733e-02,4.234756938257750458e-01,4.181050826034645729e-01,1.633480585239885374e-02,3.242273712314550083e-01,4.942469581899749942e-01,4.593606811633594855e-01,1.435204850878540883e-02,2.908135967619416840e-01,5.808463801853623876e-01,4.832917952112035787e-01,5.946305548092657017e-02,2.091509799957698978e-01,7.153998611162384891e-02
3.270909811043383186e-01,8.205971020129777527e-01,3.398627556670892336e-01,1.145579388284035244e-01,3.084431368919254846e-01,0.000000000000000000e+00,1.926100714502164135e-01,4.201738840801941266e-01,2.929114168791538964e-01,4.251356617357243683e-01,3.573756543704790789e-01,3.714734155126664938e-01,6.339013232866395064e-01,1.997909539805117762e-01,2.098278992971485679e-01,8.152728153358418384e-02,4.822305999706064106e-01,2.305481339696525689e-01,2.373076343339972083e-01,4.176154881712371703e-01,1.346579364117257427e-01,3.817183790351346695e-01,5.067535908317207793e-01,1.291003107644807524e-01,6.868604986141202406e-01,6.307928393023916058e-01,5.317713937864553264e-01,4.911056631993362398e-01,6.571019233550707828e-01,2.813487595720521872e-01,2.875856628351096400e-02,1.747639673067949984e-01,2.462075755445146397e-01,1.632880246945394576e-01,8.808873739982599205e-02,6.232378057431946228e-02,4.699365525730858639e-02,6.258591314701064667e-02,1.797238681182676823e-01,7.651087540619205818e-02,1.254739756010237739e-01,9.664245778768898454e-03,1.652696659111009825e-01,1.323967669351000798e-01,3.022852774062785575e-02,2.071499783426758445e-01,4.871909446925278830e-01,3.018640047464544174e-01,1.490870660802633696e-01,2.208944593172170456e-01,4.402099658655933556e-01,2.922599134899911411e-02,3.079374111352330412e-01,2.796509174312615809e-01,5.008149431529114459e-02,3.195981008326739259e-01,1.804198372473167500e-01,2.969760654576036885e-01,1.138718506854134310e-01,3.695898878927257325e-01,1.989107301568519004e-01,7.697118300511121558e-02,1.410509538874354929e-01,2.219919124732048776e-01,2.792551995085860717e-01,2.330398374679210072e-02,2.939735689856553535e-01,3.629744411043514529e-01,2.397216223597465889e-01,2.602496328570537698e-01,3.579470239027452427e-01,5.009758794198575504e-01,1.839313017558358854e-01,1.857090353947335459e-03,2.692996454475199974e-01,5.721525186562423371e-02
3.782837473199875955e-01,3.830041812348569108e-01,2.791854386802802290e-01,1.108230839264376377e-01,5.587771153328108253e-01,1.926100714502164135e-01,0.000000000000000000e+00,7.582648656993337677e-02,5.502924697941977694e-01,4.040393820297247252e-01,3.354243661531171594e-01,2.993965453023216261e-01,4.014254334605770191e-01,1.791867391955758171e-01,2.703976249408372029e-02,4.869675940584942131e-01,3.957709700389884788e-01,3.556600222011749857e-01,1.415081667519337560e-01,2.798487686447307388e-01,1.084025282739690954e-01,3.889510523167762912e-01,5.701250937346395709e-02,1.287704628806874418e-01,2.016143257639185782e-01,3.087788672630096265e-01,4.271008441608536987e-01,3.729997766106023516e-01,3.482489363698799134e-01,2.170975905993781652e-01,4.307272594975147251e-01,4.063827409253841644e-02,2.900215136460437271e-01,9.286094524154787921e-02,8.875062283853749068e-03,1.352563977829919217e-01,4.148282663703306561e-02,4.287883168485429053e-02,1.122355827207771467e-01,3.282898419156629055e-01,1.208866839353530398e-01,6.532857807383515847e-02,3.826047049327069294e-03,9.713335111501412988e-02,3.597942587554803229e-02,3.588882828408293535e-01,6.614411112728710296e-02,3.224786277423201675e-01,1.764131639819457309e-01,4.963542364319784572e-01,2.642720118907066484e-01,3.126395407323789843e-01,1.505985406360711987e-01,4.483345902171678721e-01,6.458385977801600619e-02,3.392691319067479561e-01,2.249022742528038465e-01,2.390859641246570744e-01,6.696014802661165444e-02,1.483752525712177528e-01,1.207873331137333528e-01,1.452687457890748657e-02,7.374347019043736573e-02,1.170324859055099365e-01,2.329054640230351914e-01,5.703335718790086828e-03,9.701916341162834800e-02,1.149580574810168676e-01,3.553085931949510612e-01,4.240474184803089130e-02,1.867836467331719097e-01,4.282327994102015367e-01,3.689750455162402742e-01,3.589570179809149497e-01,5.544238362379406981e-02,2.290889167867674048e-01
6.151159040655040933e-02,2.240951840016052188e-01,4.816727759370616480e-01,1.183918426240151839e-01,2.532378797476757537e-01,4.201738840801941266e-01,7.582648656993337677e-02,0.000000000000000000e+00,2.173378679600235230e-01,2.529172994566792898e-01,5.021830827664043317e-01,5.122372103104885221e-01,2.318338555776194299e-01,2.262541628177712205e-01,4.119140337846780575e-01,1.237310768586215026e-01,2.963082505427402924e-02,1.462975142207115220e-01,4.858157817543199974e-01,3.342618286624631230e-01,4.094154021924188980e-01,3.483746110621522840e-01,7.421600912103187841e-01,8.819472598855626622e-03,4.966577600781639512e-02,2.867661281688291264e-01,2.562452845476583807e-01,3.568315005778434079e-01,1.759922115284288380e-01,4.388323543192836906e-01,4.176779561521753309e-02,9.774822734848126471e-02,2.560753589017797927e-01,1.132450224719608878e-01,7.417087347356014770e-03,1.401145986545494770e-01,3.416247956915875045e-02,8.623741439019547150e-02,2.905363379513135613e-01,2.891646400184562093e-01,4.765362062169566926e-01,1.134456234897672222e-01,5.396053020124964850e-02,2.741882007769702589e-01,8.420449441376910704e-02,4.262449006224310749e-02,2.181547541198266271e-01,3.596332007407986309e-01,1.104330663772424836e-01,1.455143830868827481e-01,9.427064666271911531e-03,2.754913346932573448e-02,8.051943489266020215e-01,1.939724813408958415e-01,2.927878269772386799e-02,4.587739579715992000e-01,1.756405392266758014e-01,1.747737536953130055e-01,2.667511143772550164e-01,4.189733358970993971e-01,4.621483265234760385e-02,1.831608566383577108e-01,1.739933627669993654e-01,4.138971109677845317e-01,1.261290343718488860e-01,3.727577920908530240e-01,3.050731069779334947e-01,6.943845383324601661e-01,2.211699849221747671e-01,3.586555971702733159e-02,1.171656605315188060e-01,2.560382021939680564e-02,9.182337337677076716e-02,4.670841882250905130e-01,5.327168777630818530e-01,3.938278105921459993e-01
3.609997559306516446e-01,3.636570530411145086e-01,7.604253553912855290e-01,1.323187877258682338e-02,8.402322570301333782e-01,2.929114168791538964e-01,5.502924697941977694e-01,2.173378679600235230e-01,0.000000000000000000e+00,3.352366090809906218e-01,8.209006350399606911e-01,3.288963396966082531e-01,4.348041709914167718e-01,1.867927561161540906e-01,3.079685541549667671e-01,2.528460751260507289e-01,2.576395858165432817e-01,1.974045197810877506e-01,3.906721323371533106e-01,5.297286702253065638e-01,6.539532523607646808e-02,5.985402590448063442e-01,4.018457829625690647e-01,2.515326050293038018e-01,1.373383014167295635e-01,3.856175624485445042e-01,6.226016770422428959e-01,6.844141606723372906e-01,3.516054310197475608e-01,4.635244934338794143e-01,2.116538234882515135e-01,3.064542901231982475e-01,5.489891765081432728e-01,2.195753408037711130e-01,2.061078770225514278e-01,3.878431784786209174e-02,2.998594026339727880e-02,2.044269322579377324e-01,3.724200605307920742e-01,4.760605591155167016e-01,4.615452412670182913e-01,1.941267866508816220e-01,1.825290272661123647e-01,6.086316436953158326e-02,3.232972872560926914e-02,3.170730506237439128e-01,1.812357346714247863e-01,8.070371290271605158e-01,1.674748861196436456e-01,8.018873104639149263e-01,2.803381135145406877e-01,3.540446456799703490e-01,8.258618786171739723e-02,9.069291447060667810e-01,2.206839229004875502e-02,7.846874410621428320e-01,5.579191630160407200e-02,1.162063161511693310e-01,2.743409221435316736e-02,4.921063694470573235e-01,1.785649880659596900e-01,1.236837931476053587e-02,1.574149717079899313e-01,4.053022073275394654e-01,4.888632881762089433e-01,6.887152099837623442e-02,4.319905171569999869e-01,5.026104507642770169e-01,3.714097810919990694e-01,2.808487553878227794e-02,2.915489222893089538e-01,5.772010064523374062e-01,4.545258149387656488e-01,1.074585616011599354e-01,2.229644705172162955e-01,1.553936348162137104e-01
2.643986344907959252e-01,3.985652953374611007e-01,1.214271965097770412e-01,8.118186315730593905e-02,2.717849696058626807e-01,4.251356617357243683e-01,4.040393820297247252e-01,2.529172994566792898e-01,3.352366090809906218e-01,0.000000000000000000e+00,2.544478008266228830e-01,3.948261716854172265e-01,4.935691017841355444e-01,2.644045750711769838e-01,1.719713584628496383e-01,1.527983905481084814e-01,5.972809026245939901e-01,2.905838108050559643e-01,5.115451489025035769e-02,3.146896772741489268e-02,2.667794989429664865e-01,1.218492856387248802e-01,1.894916460881584941e-01,4.715261911369078573e-02,4.758321197334288710e-01,4.384930781349269946e-01,2.285843478299109943e-01,3.507510022937000427e-01,4.673515629503607882e-01,1.997361780703819090e-01,3.516780527513804211e-01,3.396430155245676319e-03,7.675041539326969697e-02,3.660587690857824983e-01,5.692473322432131666e-02,6.361605366236705583e-02,1.317787564492762797e-01,2.450923708317184480e-01,1.052615479221179207e-01,1.146055479860364629e-01,1.166328218260484842e-02,1.293399985195315960e-01,1.019932320325644404e-01,1.290820824663002631e-03,1.550748940965469558e-01,2.729802236500963319e-01,2.880756545357178178e-01,1.313621841313615812e-01,5.366579814489685907e-02,2.745335052944415377e-01,2.431072860613454900e-02,2.306838843180132881e-01,1.583354539446853726e-01,3.591658937977314503e-01,2.675063153800199545e-01,2.906580807877188199e-01,1.808505081780308887e-01,1.893032985435623983e-01,1.484751944847972072e-01,1.911790768389393658e-01,3.394069281840678132e-02,6.296521786989622838e-02,1.296506094530173459e-01,3.193897096723019580e-02,3.946708397948034408e-02,2.299526970292375405e-01,6.266902935096640981e-02,1.216631956683970062e-01,2.122828099532696466e-01,3.052892656106266367e-01,3.085565102704155294e-01,1.367918795667292797e-01,2.239947144908657761e-02,9.053732314308898799e-02,3.559210684060702401e-01,1.077514834773066893e-01
3.263247558134958481e-01,3.670504507933751159e-01,1.000000000000000000e+00,6.609128900449477706e-03,7.323777616385745981e-01,3.573756543704790789e-01,3.354243661531171594e-01,5.021830827664043317e-01,8.209006350399606911e-01,2.544478008266228830e-01,0.000000000000000000e+00,4.238244145212875513e-01,3.430476584894964764e-01,1.644498447109295769e-01,5.001641755583909887e-01,1.248636034582959464e-01,1.359497146693331437e-01,1.244468532933974553e-01,8.504994402128476239e-01,7.037237489624397213e-01,9.440073390390657515e-02,7.020633310560475682e-01,7.054245621595955917e-01,2.366195388671972211e-01,1.065923252610488231e-01,4.082162382137286549e-01,6.920111897497064346e-01,6.635604685073225317e-01,2.955009946754120209e-01,5.627870323555925758e-01,1.271621913276261284e-01,2.757850237844543528e-01,6.467153120719688619e-01,3.484731884400465995e-01,3.259006075035312255e-01,1.248358458029982798e-01,7.283773938738233311e-03,2.734875198888049863e-01,3.831272042441640213e-01,5.690934546229604596e-01,5.262096796509474483e-01,1.808131764811752862e-01,2.277917201761291977e-01,1.580976778123825421e-01,1.559065475847354332e-01,2.321820361181354264e-01,2.098045513828034891e-01,9.828096116834063034e-01,1.443870388671253946e-01,6.960221321627073632e-01,3.510786674319720801e-01,2.000569019238552515e-01,3.504917442804897365e-01,6.929704550543316355e-01,1.605781456931849871e-02,9.632215885023087676e-01,1.735733173766731419e-01,2.664670828832008120e-02,1.608353677614546839e-01,6.194816828111501250e-01,1.285388723966377489e-01,5.120139274859944467e-02,1.026776903700961224e-01,8.007877250947950110e-01,6.101533413987654253e-01,1.422038484665780478e-01,5.556476254328439612e-01,7.417832620885091988e-01,3.497302306463015986e-01,5.732803120018414855e-02,2.866249350476008928e-01,5.494678808710615758e-01,4.499808015369601844e-01,7.826919865612476379e-02,1.602374685893257489e-01,5.428024843377193820e-02
4.820545525541212739e-01,4.414639151611093326e-01,3.329780974081507638e-01,5.155141554924940195e-01,4.167011158200153442e-01,3.714734155126664938e-01,2.993965453023216261e-01,5.122372103104885221e-01,3.288963396966082531e-01,3.948261716854172265e-01,4.238244145212875513e-01,0.000000000000000000e+00,4.973653064932410661e-01,5.530080521848941277e-01,2.453373064233917156e-02,1.305159775609812667e-02,1.429053091686530719e-01,2.602712500887098823e-01,2.503457425320824159e-01,2.342913402078781737e-01,1.687269269021349771e-01,3.538383340023659729e-01,3.244445812351918201e-01,7.205370161079555080e-02,7.356239653115567712e-02,4.692833771101034834e-01,1.923955610185528187e-01,5.292986590797141844e-01,3.205267412807874527e-01,5.197664724093835620e-01,2.220746491648983856e-01,1.044294874280225771e-01,2.442011014770703037e-01,3.183748212627334206e-01,2.062312076898438207e-01,2.526828070827623618e-01,1.968416895142462153e-01,2.358343003119156567e-01,9.917684727463878247e-02,2.568743589619734147e-01,2.906834976506362245e-01,1.141780189021402853e-01,1.643516601025962753e-03,5.783191619251999704e-02,1.224336345636147516e-01,4.394290858612800443e-01,1.116322824393978785e-01,2.971174104394900262e-01,5.239995896115744178e-02,3.041753599678241327e-01,1.399742419171832175e-01,1.158924589949340556e-01,3.301028086682254448e-01,2.517980563564196084e-01,1.624313531319450665e-01,3.592230946273146652e-01,6.493252112654568364e-01,3.737209823201109726e-02,3.072976326672730574e-01,1.811599374719328470e-01,2.415697704047011229e-01,4.257581640696068703e-01,6.904352847044929742e-02,1.692147689195175886e-01,3.912938505450992699e-02,2.260446797828478960e-01,3.998448771470101970e-02,3.129956131766321037e-01,3.255228542077796550e-01,8.231397735081233402e-02,3.358556976358064161e-01,1.179244321177178173e-01,5.926056455773631715e-02,2.487046995917898962e-01,5.354391093106672939e-01,3.664310101205153769e-01
4.074263347139576719e-01,6.462066368601229183e-01,2.876191734194233907e-01,3.666482466281859587e-01,4.977532408415852871e-01,6.339013232866395064e-01,4.014254334605770191e-01,2.318338555776194299e-01,4.348041709914167718e-01,4.935691017841355444e-01,3.430476584894964764e-01,4.973653064932410661e-01,0.000000000000000000e+00,4.266600836956786491e-01,1.684206256559611925e-01,2.614112167793475328e-02,4.688158653827919076e-01,1.037296417264111370e-01,8.957758046552866116e-02,1.382328850027984835e-01,1.290312886360989453e-01,2.052838161814112272e-01,2.190897561387163961e-01,7.563395785640827929e-02,4.081957295991849866e-01,5.860681760714696598e-01,2.955640603756338747e-01,6.797221043208840907e-01,5.376715763777544232e-01,3.762981786457995081e-01,1.713236155243149372e-01,1.478341962860759973e-01,3.456795096456193317e-01,1.166828283112533449e-01,1.177418859390359229e-01,3.194870851806608791e-01,1.556838642500780467e-01,3.757846657231206366e-02,1.508696340660449220e-01,1.973532582437661775e-01,1.410198213066057304e-01,1.879320341299674235e-02,1.971930632706619946e-03,2.975226293805102729e-03,1.109945064385155639e-01,3.453624593024476330e-01,1.918084132851624324e-01,2.890835517757695539e-01,1.319090465200909723e-01,3.358679508054689955e-01,2.555856913148126797e-01,9.163736259398985728e-02,3.859783623290286014e-02,3.934493173935666444e-01,7.740973880650264816e-02,3.072499261524022640e-01,2.488687910584527763e-01,3.243564173641528270e-01,3.530493609667967325e-02,4.196065904160378723e-02,7.369973239873572890e-02,7.029993279252744198e-02,4.098765454497554916e-03,6.976280565870596195e-02,4.170481765597378043e-02,1.412322589912435866e-01,9.683859550553758355e-03,1.851569106677041221e-01,3.096789048740234418e-01,8.368615081720306992e-02,3.385571154107018255e-01,2.885577938641118445e-01,1.721596461726760396e-01,4.390047572402006743e-02,2.887192442760079802e-01,6.796877953712888998e-02
4.762641608546037686e-01,3.599923827375989815e-01,2.776128297497888475e-01,4.891626957095551731e-01,3.391537918230116966e-01,1.997909539805117762e-01,1.791867391955758171e-01,2.262541628177712205e-01,1.867927561161540906e-01,2.644045750711769838e-01,1.644498447109295769e-01,5.530080521848941277e-01,4.266600836956786491e-01,0.000000000000000000e+00,4.207049626512230495e-02,1.077577417346284455e-01,1.372287120867641264e-01,1.197655384148809815e-01,2.241312275162781753e-01,2.258039930953877616e-01,3.227688846862049321e-02,3.113939647548981116e-01,2.221618591315607794e-01,1.375928220909653221e-01,1.409320224632137353e-01,3.303052752562219974e-01,1.055975930729208950e-01,4.168628290213920451e-01,2.779378682360111874e-01,4.034140810717806724e-01,2.965383650649791036e-01,2.770588993533523170e-01,4.077702177783092408e-01,1.999143771814609893e-01,1.436835151024510315e-01,4.852487795457955944e-01,1.160532418278005518e-01,1.422511993707056832e-02,2.015530056967380634e-01,1.272802475165454306e-01,1.573969386420700223e-01,3.188772303007203490e-01,1.400067522231973616e-01,5.333946043763332368e-04,2.190122301937215410e-02,5.362977175311399725e-01,1.085524309558113243e-01,2.440559879347854455e-01,2.823149630206208682e-01,1.695277628162136507e-01,1.084088489867026661e-01,8.628339576451690696e-03,4.473727179509295881e-02,1.027807013722432938e-01,1.509580605259422392e-03,1.850247936535741322e-01,3.563062030127851498e-01,1.218153600744235898e-02,5.046938772483858804e-01,1.815477416708485003e-01,8.498324763142878560e-03,1.823987379721692670e-01,1.137587235740324110e-01,1.402495753161762115e-01,4.011244498388903679e-02,4.965987984232846791e-02,1.041108625549312244e-01,2.167390280443032835e-01,2.169152293210500904e-01,4.160722771158494038e-02,3.590521807617528816e-01,5.677241168631599194e-02,2.009564015381238300e-01,3.899993481914096338e-02,3.050344615711462759e-01,9.196358713791807915e-02
3.170500520342767192e-02,1.559900661856784276e-01,4.814715281610982833e-01,2.846903835109592662e-01,1.700192146581506469e-01,2.098278992971485679e-01,2.703976249408372029e-02,4.119140337846780575e-01,3.079685541549667671e-01,1.719713584628496383e-01,5.001641755583909887e-01,2.453373064233917156e-02,1.684206256559611925e-01,4.207049626512230495e-02,0.000000000000000000e+00,1.929729179488824387e-01,2.433314037408884078e-01,4.268036986025908197e-01,4.976749704078203274e-01,7.310612593001748483e-01,5.481572141023306477e-01,7.165220541136256838e-01,6.026580039528768307e-01,7.947307362209626858e-02,2.292906238439254007e-01,2.009529813708794133e-01,5.131111386751038284e-01,2.895806493340681298e-01,4.044486603423861348e-01,3.813234204442007558e-01,1.914374800661696463e-01,1.530825370684387454e-01,1.959640826898876864e-01,2.920144716658714668e-01,2.758062347571298423e-01,2.627208827393132107e-02,1.025721180183885445e-02,1.659533217168819574e-01,1.602793982857633748e-01,2.630164733566122681e-01,1.433539451729758385e-01,8.229230172566638635e-02,1.304487100272140876e-01,3.010709108911093779e-01,5.645057999743824384e-03,2.002822384027286295e-02,3.091757534185456957e-01,3.681446769361731430e-01,9.738910610373052723e-02,2.448128201112643454e-01,3.083685214245679429e-03,4.907790562388772426e-02,4.193261735470509843e-01,2.633528316419677107e-01,1.649721340546880521e-01,4.760557851583949174e-01,8.552199904954162213e-02,3.215167493608730998e-02,1.249127452229354118e-01,8.199246516881969482e-01,4.915334483653188147e-01,3.472040830116296384e-01,3.516803441870473002e-01,4.875947758357356276e-01,5.901277608728442425e-01,4.605968349411556639e-01,7.943884230068363195e-01,5.627696070104948323e-01,8.969026355835996167e-02,1.185608128230745684e-01,5.868465218068055766e-02,2.802534835666780078e-01,3.096079091506283021e-01,1.012861016399009273e-01,7.863297694708362706e-02,2.855307436772028806e-01
4.564823275083920162e-01,1.995120150329359188e-01,8.054738585919878069e-02,8.309345622491648431e-02,2.263740918797370605e-01,8.152728153358418384e-02,4.869675940584942131e-01,1.237310768586215026e-01,2.528460751260507289e-01,1.527983905481084814e-01,1.248636034582959464e-01,1.305159775609812667e-02,2.614112167793475328e-02,1.077577417346284455e-01,1.929729179488824387e-01,0.000000000000000000e+00,1.182936846010504417e-01,5.239945563589495370e-01,3.588398769665665511e-02,2.310403481913463897e-01,3.579937867008254337e-01,4.488134861148350696e-01,8.981784949805768359e-03,9.575341664438015432e-02,1.508291865081404226e-01,8.981522430922678213e-02,2.715666434531357476e-01,1.720503033704176288e-01,1.292555490046756739e-01,1.130281585733017846e-01,7.207644774930191955e-01,6.007826016250276263e-02,1.332437597098283799e-01,3.838227149732358345e-01,1.372292831233219434e-01,4.133495334508058283e-02,9.986966536932150029e-02,5.245221267241240160e-02,2.191778912944194191e-01,1.036529651975150734e-01,2.643020562368947335e-02,2.243386113057439790e-02,2.635389381680698639e-02,2.641788832325334679e-01,5.927782145813248471e-02,4.213207488489202346e-01,5.532399332801479774e-02,7.047408381278899570e-02,1.196659893347958303e-01,1.137172217366834992e-01,3.256715646992615065e-01,7.794972092973537214e-02,1.581329982350954677e-01,1.939516827409534239e-01,1.452599841822245497e-01,6.046617104211139682e-02,1.839971127832709108e-01,1.049556235232818602e-01,1.388383805958345596e-01,2.151712057663641153e-01,4.607031452753507228e-02,8.061142324008924165e-02,1.011172396025647457e-01,9.666242452688322828e-06,2.431351946787965179e-01,3.209297819555615439e-01,2.795777859767839546e-02,4.983093420109760419e-03,1.422585379558695406e-01,3.032244775027770345e-02,4.879442285869203810e-02,2.402840013253346174e-01,3.438952199265458143e-01,5.286224884061674345e-01,1.982619798961033075e-01,2.469362945051185587e-01
1.489737266258941151e-01,3.417647680284692790e-01,1.994487677108136570e-02,6.814721279880775473e-02,1.700031867492541593e-01,4.822305999706064106e-01,3.957709700389884788e-01,2.963082505427402924e-02,2.576395858165432817e-01,5.972809026245939901e-01,1.359497146693331437e-01,1.429053091686530719e-01,4.688158653827919076e-01,1.372287120867641264e-01,2.433314037408884078e-01,1.182936846010504417e-01,0.000000000000000000e+00,4.634487941887662221e-01,2.597852450331461505e-02,1.756767594859957871e-01,1.172008503764623288e-01,1.619783027889224458e-01,3.943906096263033456e-02,1.096864538828673519e-01,5.715610600171404654e-01,4.331602931010307689e-01,2.545658571277208404e-01,2.798244484206331983e-01,5.359418888899734057e-01,6.872153900972907681e-02,2.933840951975080769e-01,2.287272091531271090e-01,8.495168503503908175e-02,2.086155468188847228e-01,5.261959672864059689e-02,1.338453922321576894e-01,7.993898539809810022e-02,4.266930648037235430e-01,1.781331629035371178e-01,2.711713727166047416e-01,2.207543172894599337e-01,1.467140355358374781e-02,9.548485114881601066e-02,1.486060910057259710e-01,1.532592037070752145e-01,1.394122987534123781e-01,3.650778422289074898e-01,2.323603017653863567e-02,1.107538862147721126e-01,1.842616953346794539e-01,1.385138770024761379e-01,1.382225644563228606e-01,3.542330303421371840e-02,2.885484784718024276e-01,1.159198897591421362e-01,1.885291223752372514e-01,2.820229438159368440e-01,3.570665152657176433e-01,1.950531923012965574e-01,1.417633105962035345e-01,2.331658935372478147e-01,3.251853558093688035e-01,1.329620388541572495e-01,4.616347688955163564e-03,1.172963383299078788e-01,7.520953109526987146e-02,2.271483345726058589e-01,8.264359345382371602e-02,1.117808802639771310e-01,3.406328307320357629e-01,2.755890173217804828e-01,1.940649938350938186e-01,8.077198352486492094e-02,7.727763615007349207e-02,9.863546236347796314e-02,1.165926435182350063e-01
1.556277925148573937e-01,2.533221343052081131e-01,5.828920880810417593e-02,3.191635902288484927e-01,1.514433057204164768e-01,2.305481339696525689e-01,3.556600222011749857e-01,1.462975142207115220e-01,1.974045197810877506e-01,2.905838108050559643e-01,1.244468532933974553e-01,2.602712500887098823e-01,1.037296417264111370e-01,1.197655384148809815e-01,4.268036986025908197e-01,5.239945563589495370e-01,4.634487941887662221e-01,0.000000000000000000e+00,3.006794346182461997e-02,3.855961868173673479e-01,2.457067920717873610e-01,3.879738417059950817e-01,3.621131901347052207e-02,2.185188906072618176e-01,5.192503907408391184e-01,2.550958146373163982e-01,4.123266341076536334e-01,1.316225431199520846e-01,4.057050245752776840e-01,3.317328005592014295e-02,3.229920212874867746e-01,1.479749572021203385e-01,3.014193056780160029e-01,4.256992246943108738e-02,1.455872717960642049e-01,8.111825492994702291e-02,8.974191265756861768e-02,1.154143369365865368e-01,1.934961242229767120e-01,1.660694522452379474e-01,2.030975506121885377e-01,2.864637810843220778e-02,6.463404208603140688e-03,1.449675578169667411e-01,1.049738024813726828e-01,7.798099587845835901e-02,2.556396692681934812e-01,1.910232862025462719e-03,1.312923265131485662e-01,1.693552214051031179e-01,2.391533186010191270e-01,1.478867534897085612e-01,1.099265092364669905e-01,2.275684148367961290e-01,7.787498671260412175e-02,9.584194036799502381e-02,2.666098187737447889e-01,3.085209512905938145e-01,4.499668011539537105e-02,2.584261723070256922e-01,5.317687691739942935e-01,3.653319786395081703e-01,4.766457613210295374e-01,1.602676143585671231e-02,3.879160820892389450e-01,1.083993672704193501e-01,3.599701107830211022e-01,9.550665399378809040e-02,5.826667764598067456e-02,2.487711254648065640e-01,7.761083193772283506e-02,3.289625777397817696e-01,3.991536824119386595e-01,4.514587853636308767e-01,1.940597054980126857e-01,4.891009209994759965e-01
1.501292031405163929e-01,1.864290356374131152e-01,7.792994360370636420e-01,1.889552731103805866e-02,4.480172159549852262e-01,2.373076343339972083e-01,1.415081667519337560e-01,4.858157817543199974e-01,3.906721323371533106e-01,5.115451489025035769e-02,8.504994402128476239e-01,2.503457425320824159e-01,8.957758046552866116e-02,2.241312275162781753e-01,4.976749704078203274e-01,3.588398769665665511e-02,2.597852450331461505e-02,3.006794346182461997e-02,0.000000000000000000e+00,6.017277418120587917e-01,1.849710916059564558e-01,5.751704425532105924e-01,6.131260266077841470e-01,2.163497115350333788e-01,4.412652598515059976e-02,2.001994164916029717e-01,4.574414503959725598e-01,4.620865371505364916e-01,2.112181589689603178e-01,5.379989484234122266e-01,9.953086036320672736e-02,1.578829581921219749e-01,6.076860388084525111e-01,3.429611129797666691e-01,1.858537084103599746e-01,1.153582745687823097e-01,3.392307153573915525e-03,2.265211696181466117e-01,2.419591766251107390e-01,5.541913219449330352e-01,4.195477659815139426e-01,8.155932672798564542e-02,2.367423645378442798e-01,1.420021681992525986e-01,1.602268994893762399e-01,7.882844498577033787e-02,1.807111643037745408e-02,6.563632120079290200e-01,6.269408906645271284e-02,3.426125773300353616e-01,1.084600563779605231e-01,8.814319384366359200e-03,3.219151657480271433e-01,2.661197430425031318e-01,1.060745547467765726e-01,7.610280114349236014e-01,1.122792237777389679e-02,2.226377926606374902e-01,1.956240814126944672e-01,5.202358746891242447e-01,7.195824060621386353e-04,1.203288968981974794e-03,5.089652279827563963e-02,9.069005877168315743e-01,4.572241661811224378e-01,1.546162907777244022e-01,4.543445203719267411e-01,5.120675949098713042e-01,3.159888709579990462e-01,1.838233140660678333e-01,1.095041959312282875e-01,2.122142017968048355e-01,3.074743771789088531e-01,4.839962092432131824e-02,8.168778624008468658e-02,2.887876948260044430e-02
3.649823478544282351e-01,4.630510134043288595e-01,6.902015580635779690e-01,4.627261409728805619e-02,5.081074006800569975e-01,4.176154881712371703e-01,2.798487686447307388e-01,3.342618286624631230e-01,5.297286702253065638e-01,3.146896772741489268e-02,7.037237489624397213e-01,2.342913402078781737e-01,1.382328850027984835e-01,2.258039930953877616e-01,7.310612593001748483e-01,2.310403481913463897e-01,1.756767594859957871e-01,3.855961868173673479e-01,6.017277418120587917e-01,0.000000000000000000e+00,2.900197283065953924e-01,9.332288321410319165e-01,6.062356534559356636e-01,8.779280080574432266e-02,2.447422877976748734e-01,3.880225997161151907e-01,7.706578680480873356e-01,6.206060948200504690e-01,5.610479446804649273e-01,5.517302243413364504e-01,2.254851422967156238e-01,2.326630634140657017e-01,3.858825582841408641e-01,2.839615667631426033e-01,2.612300200998330935e-01,1.800688518668984439e-01,1.665961234033949134e-01,3.450848724460023886e-01,1.952172951119637845e-01,3.460487795067987982e-01,2.143632976464697748e-01,7.856751869841958891e-02,2.310599038986745069e-01,8.403453957400006114e-02,1.724413756434611533e-01,3.129290445726962688e-01,2.137855436340668491e-01,5.432840434694770071e-01,1.734772963702144732e-01,4.444338844932346211e-01,3.065898294916618028e-01,2.473289209898163477e-02,2.175675528150148585e-01,4.003650272716418601e-01,5.229942452423105848e-02,5.870121687213600836e-01,4.165937493026225513e-02,3.568919164341910477e-02,1.770715870945810955e-01,7.785115285507475669e-01,3.806851827244292497e-01,1.622317019806809313e-01,3.663680685609125853e-01,5.947035577155332930e-01,8.402936452574473192e-01,2.944201842600640551e-01,7.776353944696962062e-01,4.449994510266875314e-01,1.489892538299762426e-01,3.400088148539992527e-02,2.595349761410653544e-01,4.972178805968881510e-01,5.828888259307438702e-01,2.821724273140104877e-01,9.530687233210266562e-02,3.239215243229024432e-01
1.606352555776697777e-01,1.548883240310293674e-01,4.305828366788069794e-02,1.555827503129495470e-01,9.123684237244847339e-02,1.346579364117257427e-01,1.084025282739690954e-01,4.094154021924188980e-01,6.539532523607646808e-02,2.667794989429664865e-01,9.440073390390657515e-02,1.687269269021349771e-01,1.290312886360989453e-01,3.227688846862049321e-02,5.481572141023306477e-01,3.579937867008254337e-01,1.172008503764623288e-01,2.457067920717873610e-01,1.849710916059564558e-01,2.900197283065953924e-01,0.000000000000000000e+00,4.093369542577057207e-01,3.151388444051017035e-01,7.671775222410760764e-02,2.001359807187715334e-01,8.309569308717551506e-02,6.581790255155983704e-02,8.627269794136913084e-02,3.391424464114759507e-01,2.639872348282452652e-01,3.531196621662536228e-01,8.564954942570046637e-02,5.796564236828696814e-02,1.279534023084838712e-01,8.793678739467050698e-02,1.056188655322511799e-01,1.394427577821700792e-01,5.417540011688209978e-02,6.687230914556399619e-02,7.766313335992294786e-02,1.399625193641040599e-01,8.996327500600351246e-02,5.119413432309073003e-02,2.640389553153770774e-01,9.129384618001626372e-02,2.011202657290795393e-01,1.503606901031249166e-01,2.086171914548273776e-02,1.085800533102536033e-02,6.029593186558547535e-02,1.621437692160358213e-01,7.751181767217357743e-02,3.536309534634451412e-01,9.232091796218225288e-02,1.563504924034749832e-01,7.969272959124493183e-02,3.333320737500566899e-02,1.056731217956502766e-01,1.590091089525848822e-01,5.107893002781680458e-01,3.017121126652482221e-01,3.488777473855142475e-02,9.015167759280046100e-02,1.295336166428373292e-01,1.579410792466409974e-01,7.273955115149185469e-01,3.299364982640357047e-01,3.341559298434593761e-01,4.115044633143838393e-02,1.212829471124223790e-01,1.828131635431218260e-03,1.306355444655372122e-01,3.317937495985345819e-02,4.344090864989380574e-03,2.108322978189231534e-01,1.456289644548366957e-02
