0.000000000000000000e+00,2.050585365116058267e-01,4.123341297954457030e-01,3.120573559419891896e-01,4.262121507629629269e-02,1.396849852009174331e-02,3.197402694974829651e-03,2.899237883104265334e-01,1.441488071626072509e-01,1.742866946044058785e-01,9.185972700628175502e-02,9.314436332792296047e-02,1.974302378903884381e-01,1.754225840266865066e-01,7.171464708393011644e-01,3.540062424821781573e-01,1.069732167673133616e-01,1.810153425881914913e-01,5.148845058838104061e-01,6.340886275951855833e-01,7.133234212339309988e-01,6.069076324974105319e-01,2.889639091096540824e-01,1.725326760763730705e-01,3.167485643661961392e-01,2.974392527009064868e-01,2.583102487693046401e-01,4.133061790839431815e-01,1.322225422640800618e-01,3.681074252887719944e-01,3.377154207537330088e-01,3.128810800775707057e-01,2.318528520130858084e-01,2.542876910923529965e-01,9.614038671558343407e-02,2.860539865130068415e-01,2.836839433440283553e-01,1.413760032440546932e-01,2.319491136132577347e-01,2.212737819604886358e-01,2.083757204320107470e-01,1.595506465948802188e-01,1.817987227856248666e-01,1.730697458460765323e-02,3.661556493147874458e-02,6.952658039922566813e-01,3.797740767621057278e-01,5.057227335979705973e-01,1.921484863375692020e-01,1.476501940721903494e-01,1.928405377806403642e-01,1.941144591411391174e-01,3.565267914913345937e-01,3.784017736007276866e-01,1.054895070528255735e-01,3.062983632238918674e-01,2.911703377462570436e-02,2.490996482400991696e-01,2.052170466061838949e-01,6.565269880527556667e-01,2.903125079894505189e-01,1.724461344123143225e-02,2.050704045910223539e-01,5.339132931205975430e-01,6.078903966854400931e-01,5.964955790790358314e-01,6.358311923272829125e-01,3.839496841583279751e-01,1.296534682205946198e-01,2.330115999930231774e-01,3.665394432487291132e-01,2.977482410541779645e-01,5.864687874444011184e-01,3.518264216956782375e-01,1.991632910339818097e-01,1.419713331147257063e-01
2.050585365116058267e-01,0.000000000000000000e+00,3.947599078305229492e-01,1.332675111276072077e-01,3.668988017455389050e-01,7.887908339803648694e-01,3.735454235192872119e-01,5.762025191642362598e-01,3.243871001403944021e-01,4.903438536914251356e-01,2.159057410352440143e-01,4.870609245161500178e-01,6.620652936229478591e-01,1.986274727556585351e-01,4.463783400384178091e-01,4.137929637568865671e-02,1.644373419532914049e-01,1.780378107655440356e-01,4.153124227131084201e-01,3.937142753355376001e-01,3.930028997045499350e-01,3.075420737487840617e-01,5.868889145259170714e-01,2.285375107781695558e-01,5.065111829886426165e-01,7.613449432425337671e-01,4.000265082923535886e-01,5.190103630484000918e-01,2.889753996295253424e-01,1.993977592219902117e-01,1.471979012145281651e-01,2.777873360448532836e-01,3.280670434810356029e-01,1.740493073709875604e-01,9.782247562700163712e-02,1.715204517799018002e-01,3.020949590930364220e-02,2.526525127033396600e-02,1.423648854207436032e-01,3.346345631365424955e-01,1.494016053996831961e-01,2.739236731464599339e-01,1.375602161559918990e-01,1.125321740611003318e-01,2.336332972837353861e-01,1.506128941491577666e-01,7.163196446110914328e-01,4.029438135753153349e-01,6.663592588242475689e-02,2.190108522995584117e-01,5.206197993848231675e-01,2.757418940221589843e-01,4.529894552801579377e-01,3.025129298114426213e-01,1.058525136576355385e-01,4.240693719884541801e-01,2.735330223758206669e-01,4.679928749657497611e-01,3.875544172555849265e-01,3.367764421159093469e-01,1.362629259509885449e-01,4.030811750453623943e-01,1.186374386731108843e-01,3.028921358813490006e-01,2.940306808311206610e-01,3.092567826621341887e-01,3.712948928770307688e-01,4.106350978835349719e-01,5.021123013449296790e-02,3.545011991690388831e-02,3.430378576976951810e-01,2.285119212080019557e-01,2.591830074823358032e-01,4.594209494428666551e-02,6.703218113118608601e-03,3.388042754854724281e-01
4.123341297954457030e-01,3.947599078305229492e-01,0.000000000000000000e+00,3.021364334314879385e-01,2.375923799833798977e-01,3.564713079606802171e-01,1.602564441057357236e-01,5.331079891626357981e-01,3.904855444878469473e-01,1.996213748429447044e-01,2.650187419213778095e-01,1.996920115744060531e-01,4.333780411554482570e-01,8.742414764317250897e-02,5.659134707845742129e-01,5.319053456604640184e-02,2.416086326158526365e-01,7.149268761063976019e-02,6.955889648511920376e-01,5.680662131855013230e-01,5.654591749342571250e-01,4.739420658630584815e-01,5.763502877162044458e-01,7.078778404696736692e-02,2.082888507093879904e-01,3.935468804154689804e-01,4.045008033602665587e-01,4.381342668722348899e-01,1.658327424253938642e-01,3.280028647450539681e-01,1.487558594631509523e-01,3.733492533293805149e-01,2.508463552104949201e-01,1.079462975388822132e-01,2.429992336382115758e-01,2.631926522753424424e-01,2.083474025959589637e-01,1.349458741791961514e-01,2.591250645720097889e-01,3.081851370221019848e-01,2.473361240445211967e-02,3.092452674478919916e-01,2.515409347919118632e-01,9.489340063624834842e-02,5.155278179304159658e-02,1.358724942759768350e-01,5.069482770099444924e-01,7.134530666201652771e-01,1.035129797476316005e-01,3.006982398267157852e-01,5.285467280005415880e-01,4.278692492932075764e-01,5.236625972609252333e-01,4.432785411878813475e-01,1.878995506095150481e-01,4.914503536466151568e-01,7.416604682795327474e-02,4.952353700674524961e-01,3.381034065449411985e-01,4.792850262384862892e-01,9.502287675088177954e-04,1.273313595410310306e-01,1.098197650551058363e-01,5.962458012236978577e-01,5.435079186393243500e-01,5.042619642729697649e-01,5.992961842044057796e-01,6.171217431992680469e-01,1.665710068822843226e-01,7.560141686914217951e-02,3.133056327302427002e-01,4.892760049412938628e-01,3.702358390240283459e-01,3.939580872689070201e-01,2.415505929288958020e-02,1.188317221926220579e-01
3.120573559419891896e-01,1.332675111276072077e-01,3.021364334314879385e-01,0.000000000000000000e+00,1.944159130599626417e-01,2.051841400525958661e-02,3.697028267906353749e-01,3.705033320952608733e-01,4.884869531523911707e-02,2.265766856468498791e-01,1.680660319291367999e-01,5.540580812989305548e-02,4.107069250001073590e-01,1.468936889263941781e-01,5.748875144976006712e-01,3.246475156559527897e-01,4.842694426168184241e-01,5.205130712730386688e-02,4.281102766640810242e-01,5.023567684425255253e-01,4.240995639742025092e-01,4.263670824970841600e-01,2.898884137123597382e-01,3.377537139741697558e-01,9.219800666144653545e-02,8.015713705701579816e-02,2.225667828968667938e-01,6.804914244030344506e-01,1.676619054873061676e-01,6.881921636542240872e-01,5.943398218823541246e-01,4.568779491520911784e-01,1.735698412123964918e-02,4.951654983901436768e-01,4.624406057420470118e-02,5.353360963549165241e-01,5.145523488816119428e-01,4.622800126772580454e-01,2.001584831923522434e-02,1.373613225178288710e-01,1.746719638192515411e-01,6.033937544332200753e-01,1.166440344976104049e-01,1.483655728314736411e-01,1.797689119408321934e-01,1.016591303560756415e-01,3.693981609998391313e-01,5.289180317183412861e-01,6.270974540628456717e-01,4.212012682542425335e-01,2.268424446669763672e-01,5.082075344229434188e-01,4.002452804231577677e-01,4.777278503953775735e-01,3.309365502482299742e-02,4.062823659070767812e-01,1.967875061719648877e-01,2.841820391721882610e-01,3.058329902355119700e-01,5.184421697205976454e-01,1.511848718507503575e-01,4.413422223538951417e-02,9.852499905023112681e-03,3.871386233978422742e-01,4.633658882279037550e-01,5.622803577826058774e-01,4.356325887375092631e-01,4.336911543254866608e-01,5.367745952543566679e-01,2.575237489516198908e-01,2.241310987864714444e-01,3.871277621516550638e-01,3.342439936261163980e-01,3.631095445148231904e-01,2.191359999903886857e-01,5.748130254103739345e-01
4.262121507629629269e-02,3.668988017455389050e-01,2.375923799833798977e-01,1.944159130599626417e-01,0.000000000000000000e+00,4.657021125420777174e-01,6.849730015822388385e-01,3.237975941113857559e-01,7.429885756351012338e-01,2.276395204838422559e-01,4.647754272072417425e-01,2.362889359913880605e-01,4.713997587457300353e-01,4.899990148556324643e-01,2.465918445634507628e-01,9.917576185804419242e-02,1.626123555625466344e-01,2.232501567942060117e-01,3.091704479137761252e-01,1.999758577618074851e-01,1.443651658460455012e-01,1.071499488574970127e-01,2.743985323877533022e-01,3.542526120185102850e-02,3.129113896201674017e-01,4.246216404936820621e-01,5.451170116339867366e-01,2.459248703940059566e-01,3.224547940791159251e-01,1.766796514690269215e-02,1.242094752890523235e-01,2.020639608544641530e-01,3.358250835309588012e-01,2.185675308893885449e-01,1.179357608027864351e-01,1.850534373224620444e-01,2.118907704823466687e-02,1.189667966528955428e-01,1.872898335881304499e-01,3.558163022003758558e-01,4.731894512819941750e-02,2.760173030042779169e-02,1.165436875538108930e-01,1.649467459424886484e-01,2.741157042703191715e-01,9.462957752899538166e-02,1.952551160545564768e-01,4.451140091832525014e-01,2.310097521721186931e-02,6.861153210204260500e-01,2.884062311612109464e-01,5.425561339851819875e-01,2.366127743943706729e-01,5.797241817512428508e-01,2.913192780799006565e-01,3.280932450755779661e-01,9.301947015241718297e-02,5.047750761437288514e-01,2.927265299840624557e-01,1.504059495230233023e-01,1.375410148697274459e-02,1.874635573784361187e-01,1.613428844271065365e-01,2.016536544847115642e-01,2.200042232439475554e-01,2.278916623330336511e-01,2.512691470502956825e-01,2.240207026623456943e-01,1.631565391079204397e-01,1.547996013087292455e-02,1.165890416495165283e-01,4.527591784559124033e-01,2.230663421618977738e-01,2.483232385512594842e-01,5.545883200296219950e-02,1.338910346544184560e-01
1.396849852009174331e-02,7.887908339803648694e-01,3.564713079606802171e-01,2.051841400525958661e-02,4.657021125420777174e-01,0.000000000000000000e+00,2.133588075613614965e-01,6.197384726128203347e-01,4.252261318798662981e-01,2.537870955730824885e-01,3.253597100494091676e-01,5.428632338343748476e-01,5.307763347924714381e-01,3.615804077508054659e-01,2.041524417376186507e-01,2.627344189596149682e-01,1.298755626100426552e-01,3.006353233147629478e-02,3.227697422600098176e-01,1.318680210039682166e-01,3.122131714687172988e-01,3.692954756276550787e-02,6.545530680115965172e-01,3.435037169642108368e-01,2.447512497635473960e-01,7.201610750357257951e-01,3.152553510478277587e-01,2.425968651705386891e-01,1.072970904986522700e-01,6.330006851525503409e-02,1.264136254962596739e-01,1.678531359070596363e-01,3.808491169734979920e-01,1.343648134329780419e-01,4.259117004656691463e-02,1.886933404354076971e-01,1.043750461073618546e-01,1.282183115619615066e-01,1.687849987728671786e-01,3.989726260712826988e-01,5.373292223705417037e-02,2.989102703961801777e-02,2.118546098449158865e-01,6.322010455685569963e-02,2.257094603845318792e-01,1.014082252596678613e-01,4.117151880215228488e-01,2.990570402372580427e-01,3.993520554864155025e-03,3.207594148047470117e-01,6.075761599185870443e-01,2.596372231380600359e-01,4.805556085559991586e-01,2.957162421967467480e-01,6.706490445713340909e-02,2.980477849567944038e-01,4.036420630212698701e-01,5.356419359487065712e-01,3.453862450710269982e-01,1.021433730779682802e-01,3.833385396251963173e-01,1.287383147723322463e-01,1.320411486941183710e-01,2.400890715050911783e-01,1.934676221406543273e-01,1.825988179526850108e-01,1.355367868558637889e-01,4.326757022707785616e-01,1.170502013831161148e-01,1.374910986759311782e-01,3.328312557642782998e-01,2.621171858738229332e-01,8.044192173568183446e-02,8.791923815285873633e-04,5.030141052965232673e-02,2.761322810368637137e-01
3.197402694974829651e-03,3.735454235192872119e-01,1.602564441057357236e-01,3.697028267906353749e-01,6.849730015822388385e-01,2.133588075613614965e-01,0.000000000000000000e+00,2.102182723113495688e-01,5.555599734642894250e-01,3.384822053749469983e-01,3.545173118734039619e-01,1.066334314780565673e-01,5.666447844109734344e-01,1.090385905405906602e-01,2.161590555826136961e-01,4.027199688594087501e-01,9.167958033006340379e-02,3.273057465009385214e-01,2.844060141147499721e-01,2.698518688482599570e-01,9.057828600637915506e-02,3.056153423276019021e-01,5.170675070990785049e-02,3.437169367932333408e-01,4.430248399272402327e-01,2.180268131240387652e-01,4.316843901138265327e-01,4.084449326268388969e-01,4.461026340926448341e-01,3.120562414893627290e-01,4.007214686411414983e-01,2.838939143815257249e-01,1.825264011539242115e-01,2.547033343435034514e-01,5.532114367849073899e-02,9.209660649712508862e-02,2.415460003157810787e-01,4.657296501359819985e-02,2.227820577276022895e-01,1.954444215063323997e-01,4.323176746900411760e-02,1.664437296898255703e-01,3.959338202304124588e-02,2.022883861275553419e-01,1.993595453119719751e-01,1.161127983837497574e-01,2.120672930133900291e-01,3.460010531768027420e-01,1.521501684502283291e-01,5.540251358543084592e-01,1.164408410684964618e-01,5.178006432476296439e-01,1.737011489633495387e-01,5.193696456141935203e-01,3.014391679976107796e-01,3.809342589500580023e-01,1.344046536230527888e-01,3.241640651968937803e-01,2.528800157125783987e-01,2.324060394513524086e-01,5.193252050029231737e-02,2.777341265949209159e-01,2.003716376697405321e-01,1.207132328758422912e-01,1.270912421345787580e-01,3.255638120495832899e-01,2.222150927771200379e-01,1.113145406303629181e-01,4.898784469447794998e-01,3.040680882370330740e-02,1.601547109089670184e-01,3.101197332700880716e-01,1.766687229444328655e-01,2.282123744876648486e-01,9.341027179855647747e-03,2.462527940706102647e-01
2.899237883104265334e-01,5.762025191642362598e-01,5.331079891626357981e-01,3.705033320952608733e-01,3.237975941113857559e-01,6.197384726128203347e-01,2.102182723113495688e-01,0.000000000000000000e+00,3.796554351502106628e-01,3.545180178270141980e-01,2.828711581586885737e-01,5.617306919477211835e-01,5.794909720076386606e-01,2.058810448913892532e-01,4.960658488228098517e-01,2.329815355547155964e-01,1.823322494390283988e-01,2.003096399475699507e-01,4.688642640839951192e-01,2.003509164519162167e-01,4.920122705152177311e-01,4.673390461437150478e-02,8.396638662964133193e-01,2.717433026376532834e-01,1.086171855139046738e-01,5.919561236699706352e-01,1.196247972052274511e-01,4.395468968664028031e-01,1.647558073338764029e-01,2.596548130674863342e-01,3.121937094129639823e-03,3.917507515115675742e-01,3.355247475443054461e-01,1.532550495649724065e-01,1.528506120653940203e-01,5.153359729738768991e-01,1.881885158145840675e-01,2.799403805052624872e-02,1.748677289363292642e-01,3.966758446457864240e-01,7.226964713643613258e-02,3.453404008764484612e-01,1.965989787340290673e-01,1.464682731055584053e-01,1.455732128752593724e-01,1.452884858769055987e-01,4.267226618216851675e-01,6.023419137237862042e-01,2.041143052961710003e-01,4.412999459191414564e-01,5.143637893554156015e-01,3.586011327752144928e-01,8.176751935683639338e-01,5.286203648803962096e-01,2.121111806154958590e-02,6.511289268552474807e-01,3.442353650753187666e-01,5.592291924391683544e-01,3.982891191505892325e-01,2.859881486114133065e-01,4.782985339865456487e-01,1.436953565221663065e-02,3.127504261489177373e-01,4.407633675640207360e-01,3.338547358008917554e-01,3.817643973654990530e-01,2.944115321990395939e-01,6.770467601932934620e-01,4.307871288133957588e-02,3.635224173013226201e-01,2.015937525559962917e-01,1.496585869242925138e-01,1.777629536554242162e-01,4.514846740272504544e-02,1.334795023154030091e-01,4.507549502372221739e-01
1.441488071626072509e-01,3.243871001403944021e-01,3.904855444878469473e-01,4.884869531523911707e-02,7.429885756351012338e-01,4.252261318798662981e-01,5.555599734642894250e-01,3.796554351502106628e-01,0.000000000000000000e+00,2.580457735202408287e-01,6.706449499289517391e-01,1.905320772256240691e-01,4.142607413077348810e-01,3.543280721593554672e-01,3.426515420418976832e-01,9.793011180337488075e-02,1.175466701603663511e-01,1.649452146021990195e-01,4.682620922066798030e-01,1.998129028630835635e-01,2.611270638415268408e-01,1.768073190933258654e-01,3.020104556214528446e-01,2.011261498334702968e-02,4.169364884144853844e-01,3.839297848756031417e-01,4.978765755057742437e-01,1.702225489346732012e-01,2.752675215395730124e-01,5.405408675910605698e-03,3.241595875203862054e-02,2.695288584020885669e-02,3.774887976734415118e-01,1.585971819736765598e-01,1.676245511497054808e-01,3.424114732375762443e-02,3.945750399457922941e-02,1.007368048035228170e-01,1.759273123762697122e-01,3.841680404230933821e-01,4.785860112462336780e-02,1.573052023675985400e-01,8.805583285634949187e-02,1.087739481648682532e-01,2.414459099412731569e-01,1.207601961317049943e-01,2.979445929933080550e-01,5.209080537431287627e-01,1.190106275434611033e-02,5.297641341699587114e-01,3.882829431496769845e-01,5.073088168550163868e-01,2.866448141173783548e-01,7.080021857538912888e-01,3.053375370365573604e-01,4.362533718490411716e-01,6.319567156085456605e-02,5.420897103985347076e-01,1.748651240744650281e-01,2.713825369906983642e-01,6.090344852425988442e-02,1.666423655986142560e-01,9.592074507075989964e-02,4.031653187708874597e-01,3.089686407651000000e-01,3.401121996832116579e-01,3.260162155383675708e-01,2.770964599772493542e-01,1.448003941645417125e-01,1.668992548157385569e-01,2.557150296515625088e-01,4.618788510999333186e-01,2.224310652202076133e-01,3.532061770708273540e-01,3.205757909545774165e-02,2.719760520593265951e-02
1.742866946044058785e-01,4.903438536914251356e-01,1.996213748429447044e-01,2.265766856468498791e-01,2.276395204838422559e-01,2.537870955730824885e-01,3.384822053749469983e-01,3.545180178270141980e-01,2.580457735202408287e-01,0.000000000000000000e+00,1.179110294681776638e-01,5.667926249764395630e-01,3.462120587497641844e-01,7.196976048211402646e-03,3.021741407529288104e-01,1.341985353267889647e-01,1.815804791220003711e-01,5.812444898670399152e-02,3.796181973715175850e-01,6.864306177195961256e-02,2.146097508929358799e-01,8.132828377816572751e-02,3.695234100181448711e-01,7.119474831409502991e-02,4.135727959317105906e-01,5.059643663405917202e-01,1.441951071645918014e-01,4.876452368579223817e-01,7.927092172937533210e-02,1.100038735060767242e-01,2.984608953916290108e-01,1.739692521033865957e-01,8.260229176662589601e-02,1.306752982707616029e-01,4.557707327632071204e-02,2.068447121982017189e-01,2.266600956555839264e-01,1.035370133407641779e-01,3.369554101322905920e-02,1.032111472203351699e-01,2.107055110256732533e-01,2.775101286301904224e-01,3.122455066382011368e-02,1.061752630628867711e-02,6.951558333360928488e-02,2.074229369298763448e-02,4.234774756431877174e-01,4.040947347288253999e-01,1.998746061963166953e-01,3.418553732068624340e-01,3.404851827154586341e-01,3.902983245245255084e-01,3.801727821048234146e-01,4.358542833832891872e-01,3.022097775335997882e-01,5.334718781967964230e-01,2.219091291613180250e-01,3.741844863710654945e-01,3.281153016188675942e-01,2.626164197649044074e-01,3.187713753983583698e-01,3.037388848780782635e-01,1.350281425710655736e-01,3.368682113530734323e-01,2.609840982816387100e-01,2.876262006154472473e-01,1.580891903974144252e-01,3.668428601699487146e-01,2.027138692553064891e-01,2.184128253669881392e-01,1.273980604412928153e-01,2.196401401737055337e-01,7.318175462565360001e-02,1.367919997997342207e-01,2.823586612910349847e-01,3.863290823634576432e-01
9.185972700628175502e-02,2.159057410352440143e-01,2.650187419213778095e-01,1.680660319291367999e-01,4.647754272072417425e-01,3.253597100494091676e-01,3.545173118734039619e-01,2.828711581586885737e-01,6.706449499289517391e-01,1.179110294681776638e-01,0.000000000000000000e+00,1.856909707841745416e-01,2.247760407944624783e-01,1.846188116584708550e-01,1.027709388170133242e-01,1.237884662640079680e-01,2.928506383327225682e-01,1.232792144160158310e-01,2.384519276446414038e-01,3.178376591173287524e-02,5.616643203008600538e-02,7.910421383300692000e-02,2.817267057073400971e-01,9.256466459488371656e-02,2.902989738153258781e-01,2.717038779721620001e-01,2.949072889836191202e-01,6.483548323126292479e-02,8.511544631104993319e-02,1.522789389113345937e-01,1.853242103490867765e-01,4.040201596503670278e-02,2.488998957177164517e-01,1.648225224503900022e-01,1.162285059096412609e-01,1.017108227784097318e-01,7.773618718051392151e-02,2.379544474729740067e-01,2.086460828270775558e-01,2.409827419024555828e-01,5.650508236114715199e-02,1.240584587430426100e-01,3.986051317692279605e-03,1.011636077399475780e-01,8.719425645392657465e-02,1.092773140231351470e-01,1.348567684251044674e-01,3.168854552902516941e-01,2.100702120740618462e-01,2.127162620848308539e-01,2.898061042938345766e-01,2.746658116700432806e-01,2.005354404327300277e-01,4.013218113676119136e-01,1.978687616421915541e-01,3.774737164625172614e-01,7.904176573365850889e-02,3.663241987583570891e-01,6.341785949762090979e-03,9.601871257069957699e-02,5.387712096757371616e-02,8.938129745819964334e-02,7.098011899324534191e-02,1.840545603997192359e-01,4.958831901783561369e-02,1.179941665549869567e-01,8.430350018480448071e-02,2.410175141929106479e-01,1.054169930436935770e-02,1.737282493245646819e-01,2.593573390762836106e-01,2.542878080528738760e-01,5.116229655017240363e-02,7.872586994747152178e-02,5.774920910640942567e-02,5.155311183057834090e-02
9.314436332792296047e-02,4.870609245161500178e-01,1.996920115744060531e-01,5.540580812989305548e-02,2.362889359913880605e-01,5.428632338343748476e-01,1.066334314780565673e-01,5.617306919477211835e-01,1.905320772256240691e-01,5.667926249764395630e-01,1.856909707841745416e-01,0.000000000000000000e+00,3.940362663929371512e-01,3.157311569765194337e-01,2.353915456636144210e-01,2.552444445181657473e-01,3.074407339908515890e-01,7.103443739197587425e-02,1.915212267313425032e-01,4.119272268554424743e-02,1.786722814828641259e-01,1.352330340178671819e-01,6.222346690369788824e-01,5.968145085269713768e-01,1.029026666110961774e-01,7.661881922999550509e-01,9.912213808463576914e-03,2.776502918711752366e-01,3.415572578338127441e-01,1.475399511259865293e-01,1.250994148648390536e-01,1.502345353837559738e-01,3.736205152896133752e-01,9.327784248729142913e-02,2.086458971765842510e-02,3.023728843031560087e-01,1.124951359684485119e-01,2.715539058698211994e-01,1.282402730134923341e-01,2.894501928176620997e-01,1.120710748682810648e-01,5.253610046464082806e-02,3.298364126000505880e-01,6.916965551139644952e-02,1.861926916383322417e-01,1.003008352283644121e-02,3.374294212703383700e-01,2.707775545833739916e-01,4.440883090182838611e-02,2.459631209640807670e-01,4.157038086734449744e-01,1.215413673004143713e-01,5.090913887547789951e-01,2.420597864768812002e-01,1.147141380295838009e-01,3.783245244362881676e-01,7.693435272770959843e-01,4.363826221832358687e-01,3.418703206785720927e-01,8.582521612598500993e-02,4.052864263579038506e-01,1.411480140596162169e-01,2.685413610984139776e-01,1.920752264702444423e-01,1.530153871237855401e-01,3.044549213954219485e-02,7.223429608441646332e-02,4.479147665376312371e-01,2.681486469810346884e-01,3.698574253076348795e-01,3.611443845707439926e-01,5.799676178475306199e-02,1.680058338119304051e-01,1.967198022818608116e-01,7.835099981617694997e-02,2.165636115062919975e-01
1.974302378903884381e-01,6.620652936229478591e-01,4.333780411554482570e-01,4.107069250001073590e-01,4.713997587457300353e-01,5.307763347924714381e-01,5.666447844109734344e-01,5.794909720076386606e-01,4.142607413077348810e-01,3.462120587497641844e-01,2.247760407944624783e-01,3.940362663929371512e-01,0.000000000000000000e+00,1.251205592790704535e-01,3.679558021270527002e-01,3.716939358072363087e-02,7.036402817182874081e-03,5.820264153500348536e-02,4.616249369056655283e-01,3.422140271300312397e-01,3.236400377744116375e-01,2.784498543947693250e-01,5.027291986223760833e-01,3.652306048417910955e-02,3.046002927299529817e-01,5.341532734319229814e-01,2.178971209719431368e-01,6.949701003231020247e-01,2.122620091574911605e-01,3.358431761429957474e-01,1.928986419473401326e-01,4.050160869995205748e-01,2.903956461806144196e-01,2.131206262753127800e-01,1.978707309642390721e-01,3.330474599587082696e-01,2.511907556819764631e-01,8.884338217391277159e-02,2.411247800305164335e-01,2.567843872550071849e-01,1.008911201087895892e-01,3.797182571533301298e-01,1.924929938590889122e-01,3.478297005326523583e-02,2.127992094625207053e-01,1.571405106981839384e-01,3.528970723521037689e-01,5.052597596985458628e-01,1.903736130677205485e-01,4.249068002771174135e-01,3.723182167255226771e-01,4.295653810836351782e-01,4.817719453354708525e-01,4.259291554731310381e-01,9.542206445834372497e-02,4.588804701014729259e-01,1.512440885654937062e-01,5.596172585923309128e-01,3.469050935310507566e-01,3.238992551699824141e-01,1.859303551648289476e-01,2.449143188275735850e-01,6.691462772584869101e-02,3.126210443471644229e-01,2.883295531899889852e-01,3.086626368093185468e-01,3.577714609920940037e-01,4.258430311477776620e-01,2.501853870766772014e-01,1.507148940049626018e-01,6.298641110689795486e-02,1.813251625010791623e-01,3.633517157747867543e-01,4.584209329885193668e-02,6.080665180553488508e-02,3.573237068092898205e-01
1.754225840266865066e-01,1.986274727556585351e-01,8.742414764317250897e-02,1.468936889263941781e-01,4.899990148556324643e-01,3.615804077508054659e-01,1.090385905405906602e-01,2.058810448913892532e-01,3.543280721593554672e-01,7.196976048211402646e-03,1.846188116584708550e-01,3.157311569765194337e-01,1.251205592790704535e-01,0.000000000000000000e+00,5.726213179922210600e-02,2.696184801081470961e-01,1.474006222192116022e-01,1.804647495763610221e-01,1.014643597750315984e-01,2.063895180916505423e-01,1.405616983533102549e-01,3.478726470818684358e-01,2.758640828233733799e-01,3.383396357125960652e-01,1.808724117874646042e-01,3.034989292932997462e-01,1.012961761419008400e-01,1.314513986611044738e-01,1.742002143157384553e-01,3.294732388625097319e-01,2.491009850770395107e-01,2.670585373679740943e-02,2.992274903957409804e-01,1.438328835703300279e-01,1.492945105571723274e-01,1.688528163374223845e-01,2.354866534652508558e-01,4.040855750492904352e-01,7.583970004084242267e-04,3.070132418410175257e-01,1.543149927636280894e-03,2.512859443731715325e-01,2.339900871923019376e-01,5.984118439561904312e-02,3.133270318552992539e-01,7.165968530473537657e-02,1.495603938248100950e-02,1.719439780897161207e-02,7.569359111933045281e-02,2.922016661462966125e-01,7.431046664457657824e-02,1.150976148046484182e-01,1.232723533313924980e-01,1.758476691739373765e-01,5.439011095513928556e-02,9.108721909041532505e-02,3.798020260918619218e-01,2.889451361209035563e-01,2.458609490494498839e-01,2.548367719447006685e-01,2.818710182953783061e-01,2.569362198181578127e-02,1.996937679465120574e-01,8.542575249631872980e-02,2.118158635321948924e-01,1.966556887120855523e-01,1.685547325594149715e-01,6.612923366030894201e-02,2.281592251797056881e-01,1.867213254352347862e-01,1.210610127995936092e-01,7.674950831788215390e-03,1.025441117349741998e-01,2.965474675680605521e-01,5.345615942552206512e-02,1.480135952520445497e-01
7.171464708393011644e-01,4.463783400384178091e-01,5.659134707845742129e-01,5.748875144976006712e-01,2.465918445634507628e-01,2.041524417376186507e-01,2.161590555826136961e-01,4.960658488228098517e-01,3.426515420418976832e-01,3.021741407529288104e-01,1.027709388170133242e-01,2.353915456636144210e-01,3.679558021270527002e-01,5.726213179922210600e-02,0.000000000000000000e+00,3.147069837661957137e-01,3.251138709007386218e-01,7.050910244279462447e-02,6.470567756303995388e-01,6.683464795973531603e-01,8.180621466535433761e-01,6.389990153939975048e-01,4.975099999354088420e-01,1.019314273714028163e-02,3.955113513411550596e-01,4.242048965531229898e-01,5.238488466276558508e-01,5.364494703713513779e-01,2.172039867053540685e-01,4.844751254544584773e-01,3.685636635390289739e-01,4.560234657653463586e-01,2.109811576454438953e-01,2.904383783437871069e-01,2.515376044728144522e-02,3.719457244070590307e-01,3.780687153573413228e-01,2.903436843068057938e-01,2.198308335603380848e-01,3.586674513018895949e-01,3.824062608241703132e-02,3.250864290048800509e-01,3.875372835585320225e-02,5.273743981293230187e-02,1.118077555006902618e-01,4.087108662516600877e-01,5.443059026478958007e-01,6.535961199424353829e-01,3.090947756143951342e-01,4.355684072622020286e-01,4.629544257882541314e-01,5.423233692302751319e-01,5.604324435550156469e-01,6.217364303985846163e-01,1.458069185065006823e-01,4.603054307039639026e-01,1.617760256689283749e-02,4.421908613229712515e-01,4.333079241296609596e-01,7.763958215557243969e-01,1.909671436732879313e-02,1.151097660062316841e-02,6.374745792393521349e-02,5.868666001899953688e-01,7.014860713709226703e-01,7.820885258947473107e-01,7.163896354000800493e-01,6.258623333194726079e-01,1.535114013284641921e-01,2.231632383488690863e-02,2.679141059555058546e-01,6.705886237321853072e-01,4.970193318419930395e-01,5.980426816397373946e-01,8.860598519841453302e-02,1.813216294485709146e-01
3.540062424821781573e-01,4.137929637568865671e-02,5.319053456604640184e-02,3.246475156559527897e-01,9.917576185804419242e-02,2.627344189596149682e-01,4.027199688594087501e-01,2.329815355547155964e-01,9.793011180337488075e-02,1.341985353267889647e-01,1.237884662640079680e-01,2.552444445181657473e-01,3.716939358072363087e-02,2.696184801081470961e-01,3.147069837661957137e-01,0.000000000000000000e+00,9.677793818559071726e-02,5.810176616785066583e-01,2.862098238539697581e-01,4.535409416290867579e-01,3.110475851846449813e-01,6.347727868200208068e-01,3.360403896874374352e-01,4.386539738137711919e-01,3.623818225679946714e-01,1.170686635197364378e-01,4.017441099345730460e-01,3.457348076951910487e-01,5.728903502755403609e-01,3.749859816659930067e-01,7.532150220811255625e-01,3.878007061721864407e-02,1.353145366468772037e-03,4.533948467778313729e-01,2.774592367654859504e-01,1.820368285766718330e-01,2.634974811444021903e-01,1.869089232029189640e-01,1.251423953763164121e-01,3.753144884295164796e-02,1.614392226523209684e-01,1.239249325588539369e-02,1.734758000634272768e-01,5.703465572156234120e-02,5.825774003979536375e-02,2.888340477797251005e-01,9.176057476629512211e-02,1.371540965692020220e-01,1.531579178213950815e-02,2.936286289441608632e-02,1.516484989427048513e-01,2.287169294891864268e-01,1.651218434064700147e-01,2.223849508957370658e-01,1.592023527907367175e-01,5.941360537832243716e-02,3.998738920590180768e-01,1.393202022026040765e-01,3.067955024789573854e-02,3.907026776990469852e-01,5.124337045418123626e-01,1.822854605391953930e-01,4.278842557203024755e-01,1.382268216478287903e-01,2.567357144710855632e-01,4.137829906141359260e-01,2.997554674864668645e-01,2.011196172252729952e-01,3.270336139299488409e-01,1.908118569111936502e-01,2.770904358954102698e-01,3.203270453058455480e-01,1.570418689189103656e-01,4.607008363575071375e-01,5.231056138804870970e-02,7.424240483366376098e-02
1.069732167673133616e-01,1.644373419532914049e-01,2.416086326158526365e-01,4.842694426168184241e-01,1.626123555625466344e-01,1.298755626100426552e-01,9.167958033006340379e-02,1.823322494390283988e-01,1.175466701603663511e-01,1.815804791220003711e-01,2.928506383327225682e-01,3.074407339908515890e-01,7.036402817182874081e-03,1.474006222192116022e-01,3.251138709007386218e-01,9.677793818559071726e-02,0.000000000000000000e+00,5.400122752542891869e-01,1.548080117122790367e-01,3.514874173714113148e-01,2.668014061535140535e-01,2.038456596658520525e-01,1.368502271709645390e-01,2.833802265956875122e-01,2.382448495040458969e-01,3.223042644662858502e-01,2.262935689620450275e-01,1.507483131575688695e-01,1.032150366239090178e-01,4.739403400243941133e-01,1.563296281852686320e-01,1.177484291658219551e-01,1.778859333925428554e-01,6.537077386967962700e-02,1.060705771702610267e-01,3.713734622542829711e-01,2.697026985184859393e-01,4.505239984492424021e-01,1.452118562663844981e-01,4.743765081592112021e-02,3.522877641611724675e-01,4.120981194458802066e-01,1.242297431385927242e-01,1.113444510142745231e-01,1.484059601726110955e-01,4.026967119919905302e-02,2.056334584604475879e-01,2.333415568093972770e-01,4.421708223392802894e-01,1.098828982975794677e-01,9.002198885892168101e-02,2.212157693046073459e-01,2.210994906802759841e-01,1.593757228930250402e-01,8.354501645110362640e-02,5.801916122654415808e-02,2.556354897959238759e-01,9.310629700641226414e-04,7.994569149061975244e-02,2.567563558758779729e-01,1.886825516417218462e-01,7.639810652803247226e-02,4.752885440074744450e-02,1.269672694457962547e-01,1.917593465020187571e-01,3.686765078559919306e-01,2.039382478650906272e-01,2.583417262410255821e-01,3.235113038526528095e-01,2.572846600466036082e-02,2.280318401912243553e-01,2.772002665407340416e-01,1.145455081226678107e-01,2.109526271431712008e-01,1.203049917677920660e-01,3.849072776538366436e-01
1.810153425881914913e-01,1.780378107655440356e-01,7.149268761063976019e-02,5.205130712730386688e-02,2.232501567942060117e-01,3.006353233147629478e-02,3.273057465009385214e-01,2.003096399475699507e-01,1.649452146021990195e-01,5.812444898670399152e-02,1.232792144160158310e-01,7.103443739197587425e-02,5.820264153500348536e-02,1.804647495763610221e-01,7.050910244279462447e-02,5.810176616785066583e-01,5.400122752542891869e-01,0.000000000000000000e+00,8.527096605697942477e-02,1.469972753577740987e-01,1.008493732696442158e-01,3.375263608715271535e-01,3.110387992573744320e-01,1.460540147146458523e-01,5.749190439669064068e-01,1.239238383114041886e-01,1.989491817684983788e-01,8.077148452387877819e-02,4.064262647506631243e-01,4.835226341609022427e-02,1.935026297015121077e-01,1.587133760603357813e-01,1.282973877771143856e-01,3.189542837927486496e-02,1.437176593347205822e-02,2.753014109680272936e-01,4.211231868166298575e-03,4.194223200595703638e-03,2.187171920474680620e-01,4.839736717541506805e-02,3.269739959927084882e-01,1.216366092566739665e-01,1.082979125290220168e-01,8.676232820340523677e-03,3.699419545655438513e-02,2.527468233185480306e-01,2.578313379550156714e-02,3.130248964159869363e-02,2.449522828899612092e-01,4.868669237946755823e-02,4.590168271446959380e-02,3.995746561160784527e-02,2.018294672239804577e-01,7.850894137307604104e-02,5.422566346908408441e-02,5.136938409597638366e-02,2.429775222900684428e-01,9.225787669578455752e-02,8.697578546100542818e-02,2.166013877654255904e-01,6.286391537589569589e-01,1.018893998874473017e-01,4.790168580089054773e-01,4.765947276053977832e-02,2.243805279684076004e-01,1.350794329416863948e-01,2.632380659849810067e-01,2.517532552571551396e-01,9.039701016806761524e-03,2.481331288882283603e-01,6.711549674285777201e-03,1.552013327209226523e-01,1.592223761572427732e-01,3.619185958817204840e-01,1.295072484372543076e-01,3.658256674768008976e-01
5.148845058838104061e-01,4.153124227131084201e-01,6.955889648511920376e-01,4.281102766640810242e-01,3.091704479137761252e-01,3.227697422600098176e-01,2.844060141147499721e-01,4.688642640839951192e-01,4.682620922066798030e-01,3.796181973715175850e-01,2.384519276446414038e-01,1.915212267313425032e-01,4.616249369056655283e-01,1.014643597750315984e-01,6.470567756303995388e-01,2.862098238539697581e-01,1.548080117122790367e-01,8.527096605697942477e-02,0.000000000000000000e+00,5.946358270538940616e-01,6.788247540840255390e-01,5.556258241054206071e-01,4.964202260816696355e-01,2.366058656019742745e-03,3.477658693495418452e-01,4.499773913155393767e-01,4.787164653805659476e-01,5.598093954283254181e-01,2.603608582023965168e-01,3.884432162930692711e-01,3.879586703434927397e-01,3.023029981074679684e-01,2.224704432116358932e-01,3.617372760481847860e-01,6.039818725035725477e-02,3.268441230758395433e-01,2.248130439441866635e-01,1.775619203721878203e-01,8.810267578082001116e-02,2.842216978370389335e-01,4.298744033233402317e-03,3.361159690683301338e-01,1.404662662530256623e-01,5.584329905018634022e-02,8.844371888683855154e-02,1.994768244410456415e-01,5.505413823588334310e-01,7.919468465013311809e-01,2.180264248456355303e-01,3.271953005774582146e-01,5.247174430731887940e-01,5.218366518216182026e-01,5.375964656502774108e-01,6.158466546101590833e-01,2.236449102852328119e-01,4.715535855778609231e-01,6.432399081181225386e-02,4.711123670768924132e-01,3.008021457340213090e-01,5.880308240091549621e-01,1.763065302994905326e-02,1.961035053583463361e-01,1.462277122238486993e-01,7.668537729513418277e-01,5.976834733930496135e-01,6.669250082218268760e-01,6.049973690858331254e-01,6.037065337927300934e-01,2.450329627889418771e-01,7.454623589532674566e-02,2.879689105070151189e-01,5.544608032001978604e-01,4.468416761934381198e-01,4.984564420466724988e-01,6.723033976166048475e-02,1.988453657482610049e-01
6.340886275951855833e-01,3.937142753355376001e-01,5.680662131855013230e-01,5.023567684425255253e-01,1.999758577618074851e-01,1.318680210039682166e-01,2.698518688482599570e-01,2.003509164519162167e-01,1.998129028630835635e-01,6.864306177195961256e-02,3.178376591173287524e-02,4.119272268554424743e-02,3.422140271300312397e-01,2.063895180916505423e-01,6.683464795973531603e-01,4.535409416290867579e-01,3.514874173714113148e-01,1.469972753577740987e-01,5.946358270538940616e-01,0.000000000000000000e+00,7.055606677965200468e-01,9.197799817951221035e-01,2.154714986618512518e-01,1.798160689380232102e-01,3.395612036085690066e-01,2.206383987054513773e-01,6.182171401216637330e-01,5.389540748857613028e-01,5.745515700778404122e-01,5.852724223806564652e-01,5.745952470830935077e-01,3.222827050473832111e-01,1.274790309665440047e-01,3.171198259231731154e-01,6.202886006426745757e-02,1.921713033261325254e-01,3.672201924725654876e-01,3.238226622190091275e-01,1.098972426182960732e-01,2.583462293972500490e-01,7.029913816345548239e-02,3.606781287514547740e-01,1.042213834229367697e-01,1.289132967473130276e-01,7.365545087544109193e-02,3.797356061426292451e-01,3.721431590985721516e-01,5.419633714883667075e-01,1.853045214189505407e-01,1.454944604194240987e-01,2.655715315025877210e-01,3.775881565175941423e-01,2.475013949729295282e-01,4.118674234821013136e-01,9.933270234092844708e-02,1.787974907300449723e-01,2.207048114636968594e-01,2.019674070101029062e-01,2.912914543682056379e-01,6.556623668113743530e-01,2.983433095775271937e-01,4.675206063529585565e-03,3.614023061170734130e-01,4.789981451206252738e-01,6.752916026974016273e-01,7.029417593168572065e-01,7.039987841971580007e-01,3.396222875143884989e-01,2.278061939433560501e-01,1.650251334168276185e-01,5.267409374000975308e-02,6.824703980242052825e-01,4.672644062908786755e-01,6.252823156783748892e-01,3.475437938326123022e-02,1.282699827238308055e-01
7.133234212339309988e-01,3.930028997045499350e-01,5.654591749342571250e-01,4.240995639742025092e-01,1.443651658460455012e-01,3.122131714687172988e-01,9.057828600637915506e-02,4.920122705152177311e-01,2.611270638415268408e-01,2.146097508929358799e-01,5.616643203008600538e-02,1.786722814828641259e-01,3.236400377744116375e-01,1.405616983533102549e-01,8.180621466535433761e-01,3.110475851846449813e-01,2.668014061535140535e-01,1.008493732696442158e-01,6.788247540840255390e-01,7.055606677965200468e-01,0.000000000000000000e+00,6.428349239389807845e-01,4.374378959662172939e-01,8.502308191908752866e-03,3.277175090655289891e-01,3.835201797091010723e-01,3.994115818508843785e-01,5.378161364697858771e-01,2.703079109323056062e-01,5.024749182497709743e-01,3.934392081428405574e-01,3.478940494541881701e-01,1.839614002201305221e-01,3.208825911549063603e-01,2.178526958074547895e-02,3.068277694322590343e-01,2.987452589894554755e-01,2.488332446333838543e-01,2.522775313988270263e-01,2.194225144046436371e-01,7.323380130109907737e-02,2.456956000130056661e-01,7.945604280039694767e-02,7.016481832930293594e-02,7.001441211372250173e-04,4.022735902357625903e-01,4.508325080963211384e-01,6.183064633060949555e-01,2.492611139182790148e-01,3.011997173183909582e-01,4.434472143892351781e-01,3.374067915961534991e-01,5.948152155530743723e-01,5.043337413045925199e-01,1.283095573205588757e-01,3.535517717364669021e-01,1.034357846139474617e-02,2.689645203490744763e-01,3.095669489271936636e-01,6.890489433734781066e-01,2.071146856950201176e-02,4.491004100924964049e-02,1.450287455476739762e-02,5.921390356654827603e-01,7.029246973153659983e-01,7.927484779107215607e-01,6.637451988849637496e-01,5.430045928022454449e-01,9.147833073825514805e-02,4.729706697335323007e-02,3.028559946992823715e-01,5.020360525310074706e-01,4.248643093098307122e-01,5.554943847076804220e-01,2.399464518991904771e-02,6.226844078634211077e-02
