0.000000000000000000e+00,4.661151308656726888e-01,3.144582439319166811e-01,1.400000808191940171e-01,2.220617566457591119e-01,3.976117308421974750e-01,1.339229686755127324e-01,4.212274514740854681e-01,3.289103365431522152e-01,5.923278625662835584e-01,2.328120592755780760e-01,1.230426109676386742e-01,4.162643606660824946e-02,2.685604403841782561e-01,4.722670012880147983e-01,5.875911740934808281e-01,4.084074091999943534e-01,3.752337656675305277e-01,3.925625247374832094e-01,3.701797822922624492e-01,7.171770866842052117e-01,4.634393166622262084e-01,5.326899603500347968e-01,3.530147715146025322e-01,5.013432931844628015e-01,5.130044664734754178e-01,5.617937408354098938e-01,1.264724453237028035e-01,5.444687521081877923e-01,8.394356412069842177e-02,4.709944927166111461e-01,2.931762389892242360e-01,3.319237247777500621e-01,1.851250850255704017e-01,7.192987048671879713e-02,6.017769744973075485e-02,2.659290069817230040e-01,3.527667208630814177e-01,2.815702311001216929e-01,3.778521224697823921e-01,1.109470838419210348e-01,1.272831289479587902e-01,2.970079643982588835e-01,1.690276757570328137e-01,4.085170295192591672e-01,7.143561381997091120e-01,4.953767769101661278e-01,3.776016411372172255e-01,2.524582738148457572e-01,2.709330571722361469e-01,4.123501297349272399e-01,1.521631988694955862e-01,3.685665885040367851e-01,4.108995061962014694e-01,1.833517943066584610e-01,3.554935710324336195e-01,1.984178879509330973e-02,7.363530278893677672e-02,1.945859530767239109e-01,4.414245756396236176e-01,3.028650054146349024e-01,1.922501734464671097e-01,9.817773057594686437e-02,4.101876266458003850e-01,1.380992172933766526e-01,6.743039348896950891e-01,2.460800152049796019e-01,5.842105802120375335e-01,4.903937083260090368e-02,2.822729002780016705e-01,4.898404689505305165e-01,4.493223500827655537e-01,1.817753318465081813e-02,2.952318363992323391e-01,1.617305063640931684e-01,1.126917012438442556e-01
4.661151308656726888e-01,0.000000000000000000e+00,9.805411675589795206e-02,3.516485428047397971e-02,3.905606349848924630e-01,9.096962036568411181e-01,2.323235415054150377e-01,4.761170481081848371e-01,8.715301054044087559e-02,6.564699484363283322e-01,5.119734431768564742e-02,2.106395198907183852e-01,4.260932667888028269e-01,2.112532049615511998e-01,3.271027158410611535e-01,4.255846717535261003e-01,5.763247666804178770e-01,5.800731892676518342e-01,3.362306913025320254e-01,3.106800383140461141e-01,5.158175043962029971e-01,2.962400464909751840e-01,5.897873219218668916e-01,2.889764121369546301e-01,7.493893222154186518e-01,7.373157726153523051e-01,6.146137765055863511e-01,5.047238827543093498e-02,6.963479710101900810e-01,3.539739271582827418e-01,2.467839117378176628e-01,4.097828348653883568e-01,4.294959636364530930e-01,1.748236932135276422e-01,1.393827479426233140e-01,7.730477160916002233e-03,1.313855217481499638e-01,8.924783516644425874e-02,4.649510872323264210e-01,3.795423318283843717e-01,1.526202442602387077e-01,2.199878672602969265e-01,1.182510250841111582e-01,8.295710799273012248e-02,1.544681661863339661e-01,3.918637811079330180e-01,7.590077204886186424e-01,8.422883769528871634e-02,7.086564663760053229e-02,1.228971846095928133e-01,6.323755537536903670e-01,1.501246008119422604e-01,3.835486504638543903e-01,1.318774641215957055e-01,2.628850310167712978e-02,9.531086927172485734e-03,8.351725498952744520e-02,2.726721308206227490e-01,3.178787182733529282e-02,2.837114871139223005e-01,1.477563959677546113e-01,1.891186099201961901e-01,9.440727267579279713e-02,3.335311737129140752e-01,3.733751288633996301e-02,3.128666438161599173e-01,4.288291615832801051e-02,4.868145854507087145e-01,9.854279085748368638e-02,2.850843171966660483e-01,4.677844220433688416e-01,4.179923134201771195e-01,1.490725702181200096e-01,8.892564755522414099e-02,2.494144177490250081e-01,2.621934229040084885e-01
3.144582439319166811e-01,9.805411675589795206e-02,0.000000000000000000e+00,1.629180930483342393e-01,4.073384989442610515e-01,3.188154936658536553e-01,1.612222744104112315e-01,5.303573538792645259e-01,8.383373299987024740e-01,2.901417104213505072e-01,8.595320917789387449e-01,3.437623720446233433e-01,2.420613239844315867e-02,2.433099407496257527e-01,6.791042249049197288e-01,4.171773530756310577e-02,1.347060164236025537e-01,1.098586714437144451e-01,6.985552530513253755e-01,6.911692285513434397e-01,3.236606557068215650e-01,5.985994691844405136e-01,6.384659168329080980e-01,3.281443159112059638e-01,2.469358915159226286e-01,3.463846976729847427e-01,5.670899061153744647e-01,5.191254410733985303e-01,7.940116334108496265e-02,4.471853860856667695e-01,3.623541737861599721e-01,3.480800642271759671e-01,1.100004393902545424e-01,3.350563245768464760e-01,3.793236709001396312e-01,3.506852470517592968e-01,2.834467500481698266e-01,4.976814686978852098e-01,3.597792180420709141e-01,2.391886561040284520e-01,3.590595481986072479e-01,2.165470575528625485e-01,1.706646535405664800e-02,1.148990682639573768e-02,3.254207940542469535e-01,1.728168934333489115e-01,1.845358366392519101e-01,9.115564204372045287e-01,2.690208376349378927e-01,6.370693810988821149e-01,3.253623552381422757e-01,1.779588780412897364e-01,4.530955872806464169e-01,8.218472585837039990e-01,2.034575187426848619e-02,9.078201991349026390e-01,3.731730033692906012e-01,8.348614300288970114e-02,9.372266210344420978e-02,5.848423760057374077e-01,3.746514247536093800e-02,2.092044026234420318e-01,3.955966483178309512e-02,7.187161974524503005e-01,5.828702359640878239e-01,3.431706578722832912e-01,6.185567075568683126e-01,6.661243922670548878e-01,3.406734650753641402e-02,2.133453287724762504e-02,3.480440879546010668e-01,5.903073507568611378e-01,4.699688435088789085e-01,5.462143563791317658e-02,2.156044542949008269e-01,1.392093055166280235e-01
1.400000808191940171e-01,3.516485428047397971e-02,1.629180930483342393e-01,0.000000000000000000e+00,7.607837556111701760e-02,1.181653334617678228e-02,2.576406948474633252e-01,6.316593735616785055e-02,1.641290770477124294e-01,7.624633892808158064e-02,1.283013881722414318e-01,1.629534288424724087e-01,4.439358610063967592e-01,2.080181958424115740e-01,2.079436367354363102e-01,6.618574001859839351e-02,4.829047768792855272e-02,1.747405164591156745e-01,1.865447996997972868e-01,2.000572037953322613e-01,1.872300951415784287e-01,1.091711326144360894e-01,9.142199752820015513e-02,1.238621423666472626e-01,1.658123285742409969e-01,2.946478088976199616e-02,2.689270263680676454e-01,1.607645915959445282e-01,3.612594332499549643e-02,8.866200190495140965e-02,7.776035130630934433e-02,1.555049060422075413e-01,1.465116377722408270e-01,3.838034254573804427e-01,1.195494833517827121e-01,2.112282414030031419e-01,7.534308855412846784e-02,3.939608087140007708e-02,1.438155037223298738e-02,1.685011999755290368e-01,1.305631829497932994e-01,1.057146862370638984e-01,9.877564179446629566e-02,1.445899765856034358e-01,1.567294643782519425e-01,6.777760899053256183e-03,1.833264868745518583e-01,1.916131542315151481e-01,1.886742269493302260e-01,7.031093079465539075e-02,1.306206870449966861e-01,1.481867427924222769e-01,6.657609970355443663e-02,1.471577352709755315e-01,1.074775628431092617e-02,1.816442616230455886e-01,1.242006572035586620e-02,8.227716764182610443e-02,1.855400732166198052e-01,1.828693093028825323e-01,8.276389832907327104e-02,3.299330345916141882e-02,2.226707176332691496e-02,2.697966077103230442e-01,1.745861200032810534e-01,1.764115175342997333e-01,1.546548195065540754e-01,1.474519003857652499e-01,1.563553566703544950e-01,1.329493596052521154e-01,6.940667375405511208e-02,2.441515136930091368e-01,4.394291779805314241e-02,6.181987769704609670e-02,2.201139940620663593e-01,1.332758676444520951e-01
2.220617566457591119e-01,3.905606349848924630e-01,4.073384989442610515e-01,7.607837556111701760e-02,0.000000000000000000e+00,2.514324234132666591e-01,2.745025521040919125e-01,5.321650326546800702e-03,5.891110100747180001e-01,7.885924033838220826e-02,5.297224405804488168e-01,3.524277713672347989e-01,3.990654078324867848e-02,5.332862126379648293e-01,3.300493565878453994e-02,2.096070985471014669e-01,1.380671944249474148e-01,1.553236732659202257e-01,8.538688118207110600e-02,2.064246151475746527e-01,3.134944357301999718e-01,9.714575637033132094e-02,1.111295482790699285e-01,3.604139317715347041e-02,8.816950775364969239e-02,3.769346798862246994e-02,6.834847004578509244e-02,3.151341296207753606e-01,3.827884286664791635e-01,3.587123970902935111e-01,6.675758170695589300e-02,1.764802204854359902e-01,3.588903226046878392e-01,1.112354194344020164e-02,1.227886624234848512e-01,6.366586565519158358e-02,1.132867454483837966e-02,1.637397577886443023e-01,2.257714225733958302e-01,3.463948382055204167e-01,1.011175628147160110e-01,1.566655137321836810e-01,2.659188590468007374e-01,4.625987124167479925e-02,6.636955678526297586e-02,9.948218591556536039e-02,4.472536472220312587e-01,3.885625716654508288e-01,1.485888623030667821e-02,5.531669106576606598e-01,3.342585790708274551e-01,5.122040759955801548e-01,4.972906191508347229e-02,3.588251495299022431e-01,6.783767607649557330e-02,4.905423727382040022e-01,3.091217951599336544e-01,1.397661178729567577e-01,2.190250564789460175e-01,5.726520410115323867e-02,4.746760331327597171e-02,1.876496163978244036e-01,1.881664948876649035e-02,2.982756871577396662e-02,3.355069210614728403e-01,2.342185789507101601e-01,4.009358674702382941e-01,1.584280095788840326e-01,5.968108825767065584e-03,1.702969666728909870e-01,5.541067013773429140e-02,9.527229744221163421e-02,4.094329176673842108e-01,2.686267995454832413e-01,3.936073576778784666e-01,3.104978207514654254e-01
3.976117308421974750e-01,9.096962036568411181e-01,3.188154936658536553e-01,1.181653334617678228e-02,2.514324234132666591e-01,0.000000000000000000e+00,1.694337364512433775e-01,6.837880634769859522e-01,2.090381173182341845e-01,6.339647998309541066e-01,1.614481904472583884e-01,3.796497806940853925e-01,4.491595879975587846e-01,1.030665456711265943e-01,3.451852353003228568e-01,2.573988914265396555e-01,3.660412544114817757e-01,3.893409199592291481e-01,4.024610287458466606e-01,3.502868841234938468e-01,4.982103171985697299e-01,3.191734061639662778e-01,7.142679048894261529e-01,3.295271635917364494e-01,7.173200731952866782e-01,6.886149942201976737e-01,5.349815138587616925e-01,2.303441666436853441e-01,5.307263049537269683e-01,1.036430560072065382e-01,3.030851384721777175e-01,4.206407102406922727e-01,2.672811897134371728e-01,2.639884519135337060e-01,2.006173953437180857e-01,1.825096932515841153e-01,1.492188725698980201e-01,3.034983485554659799e-01,4.814842369982156312e-01,1.839773432368578543e-01,3.567684020977255344e-01,2.178404225158442065e-01,5.435709702648798547e-02,3.845569731084961390e-02,2.763687704097790299e-01,2.843985728561755355e-01,5.716238516698224359e-01,2.980903609120020836e-01,1.038583948360397580e-01,2.472321834882264605e-02,6.790228736084488181e-01,9.833048195627303034e-02,5.597793588699786493e-01,2.191936834994633321e-01,2.250926673074755968e-02,2.253159428008534026e-01,3.039790298626587339e-01,2.672050685477893039e-01,2.551658953119580187e-02,3.518017688328307635e-01,6.803863856457488535e-02,3.568047593050380217e-02,2.238313946066358140e-01,4.097571297593053941e-01,1.444757315355539584e-01,3.973402656102803521e-01,8.328966698433773463e-02,6.092070121561619089e-01,9.407270128556832756e-02,1.304017194479402120e-01,4.593784280503432349e-01,4.484874487665472254e-01,1.050914317013217081e-02,5.281064649571204361e-03,1.825897850315628124e-01,2.501476131994238017e-01
1.339229686755127324e-01,2.323235415054150377e-01,1.612222744104112315e-01,2.576406948474633252e-01,2.745025521040919125e-01,1.694337364512433775e-01,0.000000000000000000e+00,6.979555508727622315e-02,2.976789394750618545e-01,4.324806069511852313e-01,1.437319876899687821e-01,1.814502362507752764e-01,3.955393477435680816e-01,5.433604860929264202e-02,4.087042131110269622e-02,3.183098999393400019e-01,4.683878460249892295e-01,3.577921312795843134e-01,2.757365405788441137e-01,1.639606766501711388e-01,5.906198495302467100e-02,2.658170003470493592e-01,1.410920332541606981e-02,6.333379180806661402e-02,2.946602113128139466e-01,3.524686589744719933e-01,2.568691602805928120e-01,1.503152060411444002e-01,3.776446093226736855e-01,1.730334109563247402e-03,1.520953180212739342e-01,1.372212303270377298e-02,4.581752578036984297e-02,6.443441926181400770e-02,5.897451770789888248e-03,2.119070860899350817e-01,2.047514485082574109e-01,2.260079130854828477e-01,7.843672431929013533e-02,1.951807394230009596e-03,1.480000081483690000e-02,8.590345198246521208e-02,9.600703178065428389e-02,2.285233931297195320e-02,1.656495835151264862e-01,1.917469041379938344e-01,1.709949750685013647e-02,1.170000763998213233e-01,1.334922997285322988e-01,2.285802252509276655e-01,3.260233720480025521e-02,2.875570201887561739e-01,1.058688225214410167e-01,1.918283474256424759e-01,4.777609422055914545e-02,1.931346560853295369e-01,7.291213892559877952e-03,1.566404688720946237e-01,1.944475920973840755e-01,6.658768915092949658e-02,2.189933505715596918e-01,5.437639078744227472e-02,2.579141716866018008e-02,2.297080329847797642e-01,1.249055376153446195e-02,1.800063531614376489e-02,1.190366669654111670e-01,5.457510356564534981e-02,2.325486118207337749e-01,4.462396384300285068e-02,4.393457426992225523e-02,1.232645117164033466e-01,1.346108032742728000e-02,8.135601613525779430e-02,3.438944182720435339e-02,1.135190213389152131e-01
4.212274514740854681e-01,4.761170481081848371e-01,5.303573538792645259e-01,6.316593735616785055e-02,5.321650326546800702e-03,6.837880634769859522e-01,6.979555508727622315e-02,0.000000000000000000e+00,3.875108666007830993e-01,3.870080658903655157e-01,4.189773986374333847e-01,6.175141704512053797e-01,2.314307072554137590e-01,5.232023701339098831e-02,2.726308637949458324e-01,1.105135941055154919e-01,5.265418690955342429e-03,9.959861920365503662e-02,3.568567835811568556e-01,3.138027917748290041e-01,3.321211260909477381e-01,1.844973692253714936e-01,7.870008681244770044e-01,5.048148977756086175e-01,5.371894261209554378e-01,6.073477284826840350e-01,3.150958617128489792e-01,2.197639357631969437e-01,1.017095171616866356e-01,1.554740330079023014e-01,2.905571462469478394e-01,2.202692643161427433e-01,2.279617590151912787e-01,1.893760717036953034e-01,1.988654448724109236e-01,2.069001867689993224e-01,1.629569304785044026e-01,4.012844011118399390e-01,2.655080037843932095e-01,1.348761218323016320e-01,2.021179206302422260e-01,8.577083802945625890e-02,1.553522827931866357e-02,1.049705791242994402e-01,3.377487960459719663e-01,3.336575634740460150e-01,2.890307903351679863e-01,5.246261669347804801e-01,8.335063779187250332e-02,1.761582569830227873e-01,5.042134924719374744e-01,2.187216912114459122e-03,8.341814035337087319e-01,3.362845707019207486e-01,1.949564974707600207e-02,4.476994247567336327e-01,5.764450244388561462e-01,9.697950213142253473e-02,4.071711298600316775e-02,1.827379008148608264e-01,2.175567087549156453e-01,1.073088387049257741e-01,2.759797183362736606e-01,3.836631942717091959e-01,1.832250704860142743e-01,2.689608939086117756e-01,1.286096246922607822e-01,6.077048537897226099e-01,2.139781379982045872e-01,4.650302978267216447e-02,5.081191008389442931e-01,2.437786262390220227e-01,6.565786910623327977e-02,2.609961230831929768e-01,2.424912230525971130e-02,1.042169191245076593e-01
3.289103365431522152e-01,8.715301054044087559e-02,8.383373299987024740e-01,1.641290770477124294e-01,5.891110100747180001e-01,2.090381173182341845e-01,2.976789394750618545e-01,3.875108666007830993e-01,0.000000000000000000e+00,3.627461821794701335e-01,8.822903377101920519e-01,3.876221060218972836e-01,7.353846232930372206e-02,2.384015824302311293e-01,6.397524252263689926e-01,1.422232404928527594e-01,2.505184562658913094e-01,1.844628975811765936e-01,6.047125401404745970e-01,6.908612571568175653e-01,3.151867129451535465e-01,6.319722326537848822e-01,4.549035048249148727e-01,2.424290287934077470e-01,3.167174333328444114e-01,3.580102932726549891e-01,5.800343908758902600e-01,5.248456372567078532e-01,1.196520991285437152e-01,4.403413253991043663e-01,3.215567341457852280e-01,3.527751009387465331e-01,1.420348461974520471e-01,2.312663103718005098e-01,2.471574043853327907e-01,2.212501615202273342e-01,2.775874852570669460e-01,4.446034690892488594e-01,3.103828408343818346e-01,1.738473894580453150e-01,2.200401017927057779e-01,1.590805604644898730e-01,8.306932108335665643e-02,5.171107732978559579e-02,3.261885333477030358e-01,2.435609724708210633e-01,1.450639831067255803e-01,8.256084355769344185e-01,2.568682630476622486e-01,7.496544972125883666e-01,2.569776560930445153e-01,3.277755649576793440e-01,3.366519742075814725e-01,8.276310694764027476e-01,6.736278330252010171e-02,8.812411357456649830e-01,3.837397438224862123e-01,6.320793736558066866e-02,1.573243983466691420e-01,6.094821674145245449e-01,1.012315931530441276e-01,9.513940962725195294e-02,1.363015261325976890e-02,6.233409612963118906e-01,6.124380231749581016e-01,3.106527789891076474e-01,6.592907554713443030e-01,5.114353287900170741e-01,7.458483938840537557e-03,7.829219990091709769e-02,3.556350322869629155e-01,5.241996027818015547e-01,4.782942485393273935e-01,7.784593646750104234e-03,3.343152644928082395e-01,2.308034521408669493e-01
5.923278625662835584e-01,6.564699484363283322e-01,2.901417104213505072e-01,7.624633892808158064e-02,7.885924033838220826e-02,6.339647998309541066e-01,4.324806069511852313e-01,3.870080658903655157e-01,3.627461821794701335e-01,0.000000000000000000e+00,2.217491433095240549e-01,3.647802307624271045e-01,4.015309060606456204e-01,9.230628208653525457e-02,3.431492599500948204e-01,4.957846121189644073e-01,5.996878761324445639e-01,4.857696670957238894e-01,4.268501866625755703e-01,3.548170453303847172e-01,4.629738458376600474e-01,3.567490014369855689e-01,5.229268763713630364e-01,2.483006665232316001e-01,6.344218065837885501e-01,7.051030464186764934e-01,5.485713459035246320e-01,3.167213235803842397e-01,5.835689323122177363e-01,9.710968484152167346e-02,4.674224137428830139e-01,4.048208740163578567e-01,2.518403141569259818e-01,2.469734581100357096e-01,2.534879367447347986e-01,3.473158045224325474e-01,4.090595136686449029e-01,3.104685213773986097e-01,5.161613784611045475e-01,1.561781549486661036e-01,3.315990640032215331e-01,2.028144376469271370e-01,1.204651362343543697e-01,3.407712248485375572e-02,2.981395956449258700e-01,4.056572615553936667e-01,4.195798621295057096e-01,3.031628954106748708e-01,1.697218093511924930e-01,2.639368446631004672e-01,4.359456291015315621e-01,4.261957170697189268e-02,2.995343324526827944e-01,3.822175562533473570e-01,2.468466802543474725e-01,3.581941908386568896e-01,1.979883872322086569e-01,1.653710277443432852e-01,1.410996826803456450e-01,3.469908765210071855e-01,2.332570679924633739e-02,1.687060769322868969e-01,1.092578841222917874e-01,4.248026566470212151e-01,1.345064466220885213e-01,4.156690231274066116e-01,9.377209996182814256e-02,5.055694870475890834e-01,1.729336552472773847e-01,1.164027539024381219e-01,4.349551623584841931e-01,4.644968203250828265e-01,3.288163790528086938e-02,9.911527197389158328e-02,1.469645736440811368e-01,1.453423183299099586e-01
2.328120592755780760e-01,5.119734431768564742e-02,8.595320917789387449e-01,1.283013881722414318e-01,5.297224405804488168e-01,1.614481904472583884e-01,1.437319876899687821e-01,4.189773986374333847e-01,8.822903377101920519e-01,2.217491433095240549e-01,0.000000000000000000e+00,3.663473539805683910e-01,4.466383120364181281e-02,2.920169887881995940e-01,5.763137179285664491e-01,1.027631170952097647e-02,6.106404633734027754e-02,1.227328361558095160e-01,6.488640296375353111e-01,6.198603603498336057e-01,2.181821002220777628e-01,4.795226739970371854e-01,4.724657779675736635e-01,2.549325819892895861e-01,1.647525191504825570e-01,2.276432273954683561e-01,4.729370329496159209e-01,4.938953466192172459e-01,3.719576258441439909e-02,5.082151698663939232e-01,2.732183291323132535e-01,3.567096235050001285e-01,1.906113645437130522e-01,3.652827149322820377e-01,3.276164037380627780e-01,3.001264153102409793e-01,2.489028679909087993e-01,2.811888638947792618e-01,2.572316050677665999e-01,2.248269724264847225e-01,2.920919963620341453e-01,2.357535032013286791e-01,2.664971819367534245e-02,2.220422555115693364e-02,1.603616553595125782e-01,1.400992347202094090e-01,1.153818387216563046e-01,8.454921126450560820e-01,2.560805950820155275e-01,7.097973557289180002e-01,2.768731545936095051e-01,2.134265105911167248e-01,3.633227390097420462e-01,7.844118012511910321e-01,1.455784346020279341e-02,9.186240331732047348e-01,3.984138099506009945e-01,1.429825412521568140e-01,1.175781661331219419e-01,4.665916121462133082e-01,1.991964211931156192e-02,1.426697247055588313e-01,2.962911267991991116e-02,6.608289130978900472e-01,5.317876971281959575e-01,1.862283941755326355e-01,5.529820831515044333e-01,5.082093602322972359e-01,1.172218359465466292e-02,3.215467342890750146e-02,2.694244223728614052e-01,4.764006278048711907e-01,4.791201038856973682e-01,8.100043503131212907e-02,3.864252716699260737e-01,1.629382515664136166e-01
1.230426109676386742e-01,2.106395198907183852e-01,3.437623720446233433e-01,1.629534288424724087e-01,3.524277713672347989e-01,3.796497806940853925e-01,1.814502362507752764e-01,6.175141704512053797e-01,3.876221060218972836e-01,3.647802307624271045e-01,3.663473539805683910e-01,0.000000000000000000e+00,4.231585194016553864e-01,4.408362069188467847e-01,7.964948043489029905e-02,5.491213513888527908e-02,4.621451825770794830e-02,8.901156534433168899e-02,1.691123051775968167e-01,2.431576073423721007e-01,8.887995286513442061e-02,4.048937203505735549e-02,4.123593925560127271e-01,5.217477171203954711e-01,3.361772321248746587e-01,5.538907549835487831e-01,8.585644450923930748e-02,2.492346890713658114e-01,1.651857366496867763e-01,1.152128929406626423e-01,4.070827100977454649e-02,7.352718025526169821e-02,3.042681938559883559e-01,1.015496846824404387e-01,3.162868702528541520e-02,2.239096908476272407e-01,9.958917000657088736e-02,3.874922537074471096e-01,7.652779458983821614e-04,1.558114957619307628e-01,4.920189756947754983e-02,6.061548132529201438e-02,2.347432040853748292e-01,6.924044166550735735e-02,2.457081434024191435e-01,1.230477260225060765e-01,1.643916024436492540e-02,3.055767434391327142e-01,6.584234048577672360e-02,2.205512879412581395e-01,2.312184807271640552e-01,3.018854548328995246e-01,4.968454764648863597e-01,2.324351598710793776e-01,3.532896368440352486e-02,3.495432730390545251e-01,7.884210665644534322e-01,1.918937634610051457e-01,1.740850038977438952e-01,3.436844491052005318e-02,2.250114256145032132e-01,2.960270128258724043e-03,3.085378511092857767e-01,1.296295814348349396e-01,2.355622886827877238e-01,8.189213837727944700e-02,1.766375869424507417e-01,2.141942474508198302e-01,2.280340615847965546e-01,2.066904720104004445e-01,4.019892428178868937e-01,3.717463121806222071e-02,2.299646333268330345e-01,3.658740776272179640e-01,1.326540388114021696e-01,6.809998020758822879e-02
4.162643606660824946e-02,4.260932667888028269e-01,2.420613239844315867e-02,4.439358610063967592e-01,3.990654078324867848e-02,4.491595879975587846e-01,3.955393477435680816e-01,2.314307072554137590e-01,7.353846232930372206e-02,4.015309060606456204e-01,4.466383120364181281e-02,4.231585194016553864e-01,0.000000000000000000e+00,2.025549494240714288e-01,1.874806602474758110e-01,2.190705179868934760e-01,3.814368992839601846e-01,9.935861975273185820e-02,3.481498930341903053e-02,1.090056090148912860e-01,8.803022872334156923e-02,7.408416086705349457e-02,1.960889701987708622e-01,7.024104174875583917e-02,1.935591031180131649e-01,4.500524457765465169e-01,3.740849565133463894e-02,4.199627439598014877e-01,2.118558144925531961e-01,1.774730636896374725e-01,1.427661945600231796e-01,3.578029165817514512e-02,2.291376607581355196e-01,2.131354432318758874e-01,1.148058234229777930e-01,2.094010447986284773e-01,6.529709928419979992e-02,2.798075435324638427e-01,1.696422036056439153e-01,1.590747702850908024e-02,1.426042173033610638e-03,1.312816343402786190e-01,1.633520134103159938e-01,1.218336426221419827e-01,1.631322084900458380e-01,9.729412765483387571e-02,8.366430119213452699e-03,3.628603164854957153e-02,1.444420995627468951e-01,2.348165000090907117e-02,8.601826092187267458e-02,2.575097754400564320e-01,1.165970113500071348e-01,1.987382289062145091e-03,2.296945635867866375e-01,1.143599822860613680e-02,2.783238905740942348e-01,3.571922666614473219e-01,8.613236104725607856e-02,1.434255925053885550e-01,8.643020637967052666e-02,2.623396949215445750e-01,5.866600860979248599e-02,7.052941887483923922e-02,1.672422485117163460e-01,9.480439502060417079e-02,1.473443637042154419e-01,6.921625896321004223e-02,2.888619416370164505e-01,8.173796575458960878e-02,1.905932071266313588e-01,1.628172922061669192e-01,6.839389544794896580e-02,1.957483669880564492e-01,2.735732085726071405e-01,1.575802804974672511e-01
2.685604403841782561e-01,2.112532049615511998e-01,2.433099407496257527e-01,2.080181958424115740e-01,5.332862126379648293e-01,1.030665456711265943e-01,5.433604860929264202e-02,5.232023701339098831e-02,2.384015824302311293e-01,9.230628208653525457e-02,2.920169887881995940e-01,4.408362069188467847e-01,2.025549494240714288e-01,0.000000000000000000e+00,3.540737038540949649e-02,2.188983055392048627e-01,2.044735958435087708e-01,1.400198031272492927e-01,1.044594617682002013e-01,1.222725838920990793e-01,4.442769268417355866e-01,1.197585633849389264e-02,6.468483009869241407e-02,1.065614247687670380e-01,1.193975341914342014e-01,6.755069496178725541e-03,2.126407003054919809e-01,3.710789843621182804e-01,4.233889913570185182e-01,3.719518075525096168e-01,1.070909694360044906e-01,3.076192522953466457e-01,1.146976066944750128e-01,1.810048301680167171e-01,7.523970436996094135e-02,2.539140224377535171e-01,2.377211672083537342e-02,2.512364951656380629e-01,2.825266651451017741e-01,2.203934994899237887e-01,1.657476127267923927e-01,1.784217258348967938e-01,4.238307360479849351e-01,2.288436891358296144e-01,2.307589555031260009e-02,1.453916884042460722e-01,3.031523327578711791e-01,2.153877857517088601e-01,1.053428779077050653e-01,2.006671682530897505e-01,2.061870083633413064e-01,3.367242567182768265e-01,6.611290417386794793e-02,1.446784343551767715e-01,2.648173912504636629e-02,3.111128483937684597e-01,4.482743234798652887e-01,2.175934361787336402e-02,2.996590095245992291e-01,1.736595232345195319e-02,1.688812029818134719e-01,9.708895370474479591e-03,3.536209694792029345e-02,3.803801288018825166e-02,2.357013263267605518e-01,2.961961480862770890e-01,2.789983929967135845e-01,1.630698850879982453e-01,6.823470376225433676e-02,1.345816864022008619e-01,6.159706592979455331e-02,2.117951136933054201e-01,3.632245305133173230e-01,3.673247542792958398e-01,2.734475146570830018e-01,2.230686193277293117e-01
4.722670012880147983e-01,3.271027158410611535e-01,6.791042249049197288e-01,2.079436367354363102e-01,3.300493565878453994e-02,3.451852353003228568e-01,4.087042131110269622e-02,2.726308637949458324e-01,6.397524252263689926e-01,3.431492599500948204e-01,5.763137179285664491e-01,7.964948043489029905e-02,1.874806602474758110e-01,3.540737038540949649e-02,0.000000000000000000e+00,1.075084170617169599e-01,3.773736162948856387e-01,2.481379964543376504e-01,4.871696337006440891e-01,8.702695386096588326e-01,5.999764466399142293e-01,8.751566729719848503e-01,5.585165412091913639e-01,1.915504956771592049e-01,2.772792284358178150e-01,3.293327813915987168e-01,8.425080045666135664e-01,4.402159564547613035e-01,2.906612219059743762e-01,3.775939008960123022e-01,3.093724997011753630e-01,5.603412085659357222e-01,1.741490411427036866e-01,4.425480504348695554e-01,4.753188573737387457e-01,2.281662149281176721e-01,3.411757839600533804e-01,1.554097669963158124e-01,5.001355424962806717e-01,1.330704569297656015e-01,3.241973906273821204e-01,4.114941362466446040e-01,3.120244167233278132e-01,1.414652586654956481e-02,1.362952109926987565e-01,3.106619185300364960e-01,3.677051535332896415e-01,6.063932309054691494e-01,5.467502205024435957e-01,5.771793270290913602e-01,5.556708088268915713e-01,4.194708656498533084e-02,2.813345163255230319e-01,7.975370073594821863e-01,5.548595551281249039e-02,6.397594521175491433e-01,1.548629246625382039e-01,2.370133894502539362e-01,4.165906554497854075e-01,8.810732429202574600e-01,1.383339177702589406e-01,8.657562930845233429e-02,5.943620364794072186e-02,5.978592308815723344e-01,7.180871819230270070e-01,5.397231551393225635e-01,7.024473561787202280e-01,6.656594312892833987e-01,1.780881243561288629e-02,7.421345250573657681e-02,3.374622898366889112e-01,9.479455733117384542e-01,4.384913096203916782e-01,2.722256942509753141e-01,2.434958105143384122e-01,2.033834796630949460e-01
5.875911740934808281e-01,4.255846717535261003e-01,4.171773530756310577e-02,6.618574001859839351e-02,2.096070985471014669e-01,2.573988914265396555e-01,3.183098999393400019e-01,1.105135941055154919e-01,1.422232404928527594e-01,4.957846121189644073e-01,1.027631170952097647e-02,5.491213513888527908e-02,2.190705179868934760e-01,2.188983055392048627e-01,1.075084170617169599e-01,0.000000000000000000e+00,6.071215401644497467e-01,6.712177718004226357e-01,1.908173916064502262e-01,7.778968257741414316e-02,4.257075409009018485e-01,2.444458085241725809e-01,2.156099759460283205e-01,7.523611259742211954e-02,4.161725009803072806e-01,3.839601721323079864e-01,2.963089625923561177e-01,1.574298357226448786e-01,5.774671899957327659e-01,1.836454869631725106e-01,4.854979932420166455e-01,2.286295736802156087e-01,3.916400427107288307e-01,1.008507754965063397e-01,9.371699493492660626e-02,1.023780742795757231e-01,1.589470716911949022e-01,1.972111687438715955e-01,2.660481291130359915e-01,3.514750624854694472e-01,1.467380013086395929e-01,3.541111222640540984e-02,1.832170648919523859e-01,7.960634191540257032e-02,1.339894466823010333e-01,5.573730992999013090e-01,2.814651541753103170e-01,7.617354074881804715e-02,1.664923424061380275e-01,1.192521668088446229e-02,1.003082028271802539e-01,7.717338868207715419e-02,2.693877697286937989e-02,1.418898917663419246e-01,1.708237409644898785e-01,1.306137704266897570e-01,2.478336374557680022e-01,1.582985369469749326e-01,2.992942591975123606e-02,1.295737523679264258e-01,4.905568412259334599e-01,3.725433497243088588e-01,3.556299148158719170e-01,1.881664626335746715e-01,8.789261166002088066e-02,3.446201012059485480e-01,6.414965553388768393e-02,2.459101711538005663e-01,2.075311168061574896e-01,2.343576344855985705e-01,1.825428335463335772e-01,2.145068663181542989e-01,9.788316324952600622e-02,2.515977054879875441e-01,2.462351496074330071e-01,1.052296655079221765e-01
4.084074091999943534e-01,5.763247666804178770e-01,1.347060164236025537e-01,4.829047768792855272e-02,1.380671944249474148e-01,3.660412544114817757e-01,4.683878460249892295e-01,5.265418690955342429e-03,2.505184562658913094e-01,5.996878761324445639e-01,6.106404633734027754e-02,4.621451825770794830e-02,3.814368992839601846e-01,2.044735958435087708e-01,3.773736162948856387e-01,6.071215401644497467e-01,0.000000000000000000e+00,5.210230401968867220e-01,2.766419726652941113e-01,4.336728647877973741e-01,3.578316367047296165e-01,4.790232899026760083e-01,1.994581833793647174e-01,7.495576782426255358e-02,3.695369787819697271e-01,5.635301231188711846e-01,5.077430077873801295e-01,3.460794293014034517e-01,5.827268033507406741e-01,1.867557896068692824e-01,3.831614169134014980e-01,4.994725439899593833e-01,2.181262290690687278e-01,9.101421152957764327e-02,1.138926436137165099e-01,8.395910129910839903e-02,3.859314431745627383e-01,6.246191434758460725e-02,5.743441597985579072e-01,1.002960748982297812e-01,1.911338918757553851e-01,1.930885536987271278e-01,3.003269002291252265e-01,7.646389234728456774e-02,4.247795866785447627e-03,3.038435559933458929e-01,2.669247609337405125e-01,1.211509508678241531e-01,2.269884150592655914e-01,2.484307570598936477e-01,3.223815071511834107e-01,3.726007970623312904e-02,6.331648346703072638e-02,3.834464282413330150e-01,2.333602612223517614e-02,1.822125865297115899e-01,2.342700147752643236e-01,2.850328593174938918e-02,1.966118438548630776e-01,3.874953903111509890e-01,1.830230563976085467e-01,3.455564407537509708e-01,2.050407488046129822e-02,2.479031118681183921e-01,2.245524396921367016e-01,2.336999997616957259e-01,1.799168083793826756e-01,2.944823734538638549e-01,4.187547338700260413e-01,4.483481460989507950e-02,2.158137706338434936e-01,5.219169296122875279e-01,1.001675149753134542e-01,2.512182247928567147e-01,1.542027109064789125e-01,9.984223546591619591e-02
3.752337656675305277e-01,5.800731892676518342e-01,1.098586714437144451e-01,1.747405164591156745e-01,1.553236732659202257e-01,3.893409199592291481e-01,3.577921312795843134e-01,9.959861920365503662e-02,1.844628975811765936e-01,4.857696670957238894e-01,1.227328361558095160e-01,8.901156534433168899e-02,9.935861975273185820e-02,1.400198031272492927e-01,2.481379964543376504e-01,6.712177718004226357e-01,5.210230401968867220e-01,0.000000000000000000e+00,3.516179810401198758e-01,2.655917278416177751e-01,3.826197315929143472e-01,3.737124668844303277e-01,1.856534382344251777e-01,2.773640413538674965e-02,5.526236248744971213e-01,3.690592373272877369e-01,4.750733398658132378e-01,2.817056678381663071e-02,5.822650569014446997e-01,1.798084132313604588e-01,3.052048587137325408e-01,2.678185699051621738e-01,2.139617784838994952e-01,2.229563790937645895e-01,1.086999049903182440e-01,1.202695960291590149e-02,2.470299110161963685e-01,1.097092687866810384e-01,2.944399403728089615e-01,2.041896455802949539e-01,9.373810316477335092e-02,1.468941255218262631e-01,5.998895501840179056e-02,9.670029283638820194e-02,3.066149064142068004e-02,3.329924092568672389e-01,4.894674680079278417e-01,4.733489122165054908e-02,1.949921642501365737e-01,9.864974593230109445e-02,2.489399474361662645e-01,7.010345257371003447e-02,1.101216495224913855e-02,2.322914255716048981e-01,8.404734278160289063e-02,1.643609497872267344e-01,2.139890971189168656e-01,1.260969671345568976e-01,4.129905635320324508e-02,2.140423603986029710e-01,4.272620224093806041e-01,7.690584945019912633e-02,2.935611723200075573e-01,3.513352154767085400e-01,2.382742128102327550e-02,3.262069705410793885e-01,9.696326827946954996e-02,2.177486998874737512e-01,2.271120957337288693e-01,2.941632765393899507e-01,1.085849856723277163e-01,4.231793444640045143e-01,9.492346728108441711e-02,2.587260356052292765e-01,1.871548234448451031e-01,2.207620393396028113e-01
3.925625247374832094e-01,3.362306913025320254e-01,6.985552530513253755e-01,1.865447996997972868e-01,8.538688118207110600e-02,4.024610287458466606e-01,2.757365405788441137e-01,3.568567835811568556e-01,6.047125401404745970e-01,4.268501866625755703e-01,6.488640296375353111e-01,1.691123051775968167e-01,3.481498930341903053e-02,1.044594617682002013e-01,4.871696337006440891e-01,1.908173916064502262e-01,2.766419726652941113e-01,3.516179810401198758e-01,0.000000000000000000e+00,4.822636507619771362e-01,3.550962705474840497e-01,5.171432857370523717e-01,5.244166494832074310e-01,2.178317219059070775e-01,3.387552113681539523e-01,3.556500809891507409e-01,5.424522850875950208e-01,2.509605654429628574e-01,2.703018812416967398e-01,1.681977715868396839e-01,3.996388223036629883e-01,4.230809823275378800e-01,9.857148804986511081e-02,2.576530944854695804e-01,2.787940753282450723e-01,3.362910197110436372e-01,2.596826409246795198e-01,3.532177239922569822e-01,4.492187011315326162e-01,6.923572511638616256e-05,2.911434231772421222e-01,1.977212300603538031e-01,1.820752092913843767e-02,7.789752986864716122e-02,2.935388742283158714e-01,2.163465738294116369e-01,4.046161344369727519e-01,6.062955904123085160e-01,7.987209855334823083e-02,3.123727706021863781e-01,3.771193939547202723e-01,9.341076650373397738e-03,2.688473667178198356e-01,5.608649155878422388e-01,1.085882652138214777e-02,6.519540274021143889e-01,1.578976148007072144e-01,8.603636165822772797e-02,6.459830116763998209e-02,4.253773477353718913e-01,8.273888799699730123e-03,9.338408134685868833e-02,4.152154735069560343e-02,8.613204733260760859e-01,2.592149000611999043e-01,2.984884740708966255e-01,3.099334203247124941e-01,5.649840199433531218e-01,1.293629205398086901e-01,1.172058287491573592e-01,3.305700637160253752e-01,4.646606027356159352e-01,1.306397167050793173e-01,4.379012302911472476e-02,5.786259005796151600e-02,6.407067262460111601e-03
3.701797822922624492e-01,3.106800383140461141e-01,6.911692285513434397e-01,2.000572037953322613e-01,2.064246151475746527e-01,3.502868841234938468e-01,1.639606766501711388e-01,3.138027917748290041e-01,6.908612571568175653e-01,3.548170453303847172e-01,6.198603603498336057e-01,2.431576073423721007e-01,1.090056090148912860e-01,1.222725838920990793e-01,8.702695386096588326e-01,7.778968257741414316e-02,4.336728647877973741e-01,2.655917278416177751e-01,4.822636507619771362e-01,0.000000000000000000e+00,4.229550686319641928e-01,9.092229684792753064e-01,5.059480473928984479e-01,2.322524758369907683e-01,3.306237591833091072e-01,3.991070276621151436e-01,7.665571036957561368e-01,5.551641159262254988e-01,2.142775858107356934e-01,4.649471049109513143e-01,3.324463086982779592e-01,5.206338100874228214e-01,2.040789396956558810e-01,4.271162055078851494e-01,3.867636424417920660e-01,2.378187598441369455e-01,3.900884427665841092e-01,1.963559060821374602e-01,4.585871531811485657e-01,1.771218930044498596e-01,2.698858803776752469e-01,4.231432246595088764e-01,1.840440628703039760e-01,6.011635495283654262e-02,1.003341643455215870e-01,2.162948147117161046e-01,2.696628865489802962e-01,5.967991240917180917e-01,4.913020467571012628e-01,6.099120336592281921e-01,5.305261522080986225e-01,1.309174731536922320e-01,2.685506584435698452e-01,8.137743981879516086e-01,5.842582921202341129e-02,6.391606596391777861e-01,3.114534493147118610e-01,2.043239958641129839e-01,3.247383635525362688e-01,8.294739923242461233e-01,1.763980552263137991e-01,4.343448928570819989e-02,2.232303224798659613e-02,5.731963788421436945e-01,8.946347833253340820e-01,3.717073122008064945e-01,8.677651380330728692e-01,5.732825160403132170e-01,7.193115154665905009e-03,2.401631470381337952e-02,3.433149359275634027e-01,8.848824004784592301e-01,6.025184731133887972e-01,1.853088331871742822e-01,3.702557880988004979e-01,2.661462121387794810e-01
7.171770866842052117e-01,5.158175043962029971e-01,3.236606557068215650e-01,1.872300951415784287e-01,3.134944357301999718e-01,4.982103171985697299e-01,5.906198495302467100e-02,3.321211260909477381e-01,3.151867129451535465e-01,4.629738458376600474e-01,2.181821002220777628e-01,8.887995286513442061e-02,8.803022872334156923e-02,4.442769268417355866e-01,5.999764466399142293e-01,4.257075409009018485e-01,3.578316367047296165e-01,3.826197315929143472e-01,3.550962705474840497e-01,4.229550686319641928e-01,0.000000000000000000e+00,5.295661422779707195e-01,4.494538926828163250e-01,2.464297904888454183e-01,4.896489523087535489e-01,3.763933182435708624e-01,6.597931104624455978e-01,1.489710632648265087e-01,6.679128027793093114e-01,6.598013032706248615e-02,5.007567310524674298e-01,4.485650249909153287e-01,8.200698274965181889e-02,2.551425528985800661e-01,3.110275152889198647e-01,1.093809247508312904e-01,3.134743459114641695e-01,1.820544114641720335e-01,4.081462144018634941e-01,1.624948281782075954e-01,2.594209029814855683e-01,2.810306138794433917e-01,4.053778640872541805e-01,1.674156069707930516e-01,2.650503375555772756e-01,6.725252606634500863e-01,5.821210919185754173e-01,3.828777284927178393e-01,3.147884822767386681e-01,2.612091865539076796e-01,5.435505329255797546e-01,2.114710789201863783e-01,3.769715444940311966e-01,4.225807841865525383e-01,1.102782342251682479e-01,3.357572124101407818e-01,1.002981620326058310e-01,2.010858618191063707e-02,4.030257812874951662e-01,5.665879743851341965e-01,3.144946946596278714e-01,5.069196007044873831e-02,1.484090064363311479e-01,4.459565144255909219e-01,1.820162412649904971e-01,8.434321263572772676e-01,2.322204324089369165e-01,5.903973423176703816e-01,1.212353715973844559e-01,3.689966364074023786e-01,4.277710686849815480e-01,6.336884913820385323e-01,4.011494185498623577e-02,5.468099656865157421e-01,5.542077504055439863e-02,7.711107991295580721e-02
