0.000000000000000000e+00,1.744078873060785073e-01,1.562273017444414935e-01,2.308706445137889696e-01,1.034233141542575118e-01,3.451698728961161700e-01,1.869037571450880286e-01,2.314293093309813254e-01,4.921247234893264544e-01,2.691693526025834560e-02,2.823168227844047307e-01,4.179854918438781486e-02,3.006377668807009851e-01,3.403734865832661605e-01,5.152007356902168489e-01,2.993452164052545217e-01,3.496369679392713481e-02,1.092801545678230568e-01,1.053621500522901600e-01,3.357840730959879560e-01,4.574895135551829695e-01,3.320312014044868310e-01,3.209260410062195756e-01,2.514638388265666435e-01,5.793637555068081868e-02,3.397850064673240134e-01,5.165862014983095829e-01,4.233598583958053663e-01,4.094898007810613416e-01,2.370695366704650697e-01,4.688156694581039896e-01,1.364616594150753204e-01,2.519112384132123905e-01,2.777210125551656250e-01,2.933770542854984287e-01,2.874370305809949289e-02,2.967727686219658323e-01,2.158054720490448775e-01,8.290248970304672782e-02,1.666524942188199188e-01,6.604387050196330877e-02,1.453442238721589508e-01,5.841725509038366015e-03,1.595292988809876578e-01,3.203391711976102951e-02,6.829573705053343380e-01,1.897944384214285407e-01,3.473761679274848246e-01,3.609208167370311915e-01,2.556475003914213673e-01,1.666210073328932006e-01,7.021612286359342481e-02,1.911600385673720703e-01,4.713835604286439329e-01,2.464016833356778569e-01,1.822225596044350082e-01,1.995051644557793713e-01,6.648509028837724932e-02,3.014528768685317828e-01,5.457244068491713396e-01,3.803592409328555024e-01,1.297929039428241949e-01,3.012576769890771833e-01,1.561803829738440119e-01,4.640084346642893709e-01,4.716135105283938977e-01,4.087810573569929384e-01,3.013128571827464741e-01,8.828079780822423173e-02,2.374814826934420198e-01,3.453561150841185645e-01,4.442428921179863988e-01,1.632370812320610154e-01,1.866429710398402331e-01,7.161742381883043351e-02,1.526363329452121442e-01
1.744078873060785073e-01,0.000000000000000000e+00,4.171171475790072525e-01,1.687518853208036518e-02,2.523507754740729192e-01,5.585314695912515504e-01,4.702252198368723768e-01,4.846057807538045603e-02,9.286794091882184798e-02,7.897786406270446147e-01,7.111084151939890685e-02,4.306883330791417830e-01,4.359850662081157235e-01,3.115622805093183900e-01,7.222956171778877055e-02,4.578547422262461142e-01,8.051143231087671825e-01,6.755533541804265019e-01,1.329193437943586298e-01,3.443929432930660228e-01,2.951363911879826274e-01,5.547922222873404863e-01,3.153118055267816744e-01,3.288226333732741646e-01,9.262685976500105722e-01,7.789964044523264297e-01,3.818034428194457819e-01,1.619717496098393994e-01,2.856414611666545089e-01,1.036389295705747865e-01,7.438264733075081181e-02,3.371977127103798627e-02,3.585462347064666266e-01,8.984686463718211114e-02,2.137006953037491608e-01,3.310997488394886723e-01,2.561239398076766149e-01,2.945379817367317354e-01,1.685838365652609500e-02,2.817639134624031483e-01,3.715856836875877645e-01,1.686581503846714403e-01,1.289179574436352116e-01,1.066789764068293567e-01,2.060617587088922342e-01,3.899202746721802670e-02,9.676575751027185479e-01,2.388315861345084723e-01,5.176498919805021248e-02,2.095828946539420867e-01,5.834095063715900586e-01,5.473838500378278571e-01,3.662877148601273447e-02,1.038374729656056095e-01,6.574506396639513417e-01,3.119790015568149055e-01,5.480119674299790411e-01,6.006707687558001663e-01,3.463269761366734589e-01,7.155510532409448121e-02,4.861571819684752382e-01,6.963269783871446350e-01,3.195859550996477116e-01,4.056413228333379251e-01,3.675251613535078232e-01,3.134306507137727404e-01,7.027122641997981534e-01,1.975116345233584592e-01,1.206729093506125339e-01,8.311673500040357432e-01,6.687443561036076067e-01,3.318714514149266326e-01,5.728898291856118208e-01,2.831210100943999386e-01,4.812524069252979708e-01,6.322445530151903359e-01
1.562273017444414935e-01,4.171171475790072525e-01,0.000000000000000000e+00,2.573746663843823335e-01,1.662213460711148283e-01,4.440282364377321489e-01,1.567556485540483047e-01,4.894350948159246206e-01,5.643941241769639960e-01,5.132217990991122525e-01,5.584675055811092470e-01,6.286188029213328754e-01,4.951515178669036454e-01,1.845974405863084478e-01,2.778896784976879752e-01,1.450347181775858973e-01,4.169028174574547219e-01,2.512430903755668021e-01,7.549423463255583444e-01,6.334996031763246993e-01,2.484944373283347052e-01,6.611782808405495260e-01,6.727572348783397160e-01,1.788410332536319314e-01,4.063586077114107464e-01,5.953737625819424117e-01,4.684632955248563824e-01,4.052562728513148249e-01,1.963877525156622061e-01,5.266861542557077502e-01,7.874353022482560860e-02,5.593202467035809922e-02,2.260899801607911264e-01,2.390537688667566593e-02,1.343448569036095608e-01,2.237477591736887206e-01,2.399480048493813911e-01,1.373020442710901901e-01,3.309422173975071768e-01,1.430306283945074197e-01,5.365109870234193584e-02,2.226113121071951195e-01,1.779571262062540349e-02,1.729338706689953487e-04,2.821347247889960386e-04,7.393327444451619490e-03,5.455196346408940355e-01,2.722152082252390359e-01,5.398481224108059306e-02,2.869376131411590647e-01,5.480321827366234633e-01,3.426184656771413817e-01,1.069539341176116709e-01,6.396745202703520983e-01,4.144611540511622394e-01,5.149290043121401705e-02,6.073216284886140404e-01,5.016336548804463114e-01,6.720024538301755390e-02,3.079944081284904378e-01,4.371694978966602085e-01,4.573470207226488782e-01,1.410040981607115773e-01,6.986349177421299350e-01,5.628611667304721511e-01,2.882582347078475049e-01,7.041869610077315933e-01,4.815044892814001609e-01,1.105956065924797171e-02,4.852485589299750934e-01,5.610812479375084649e-01,4.871490115309701219e-01,6.510120619539758735e-01,4.883018082385894021e-02,2.602483201981117267e-01,3.994585232854390155e-01
2.308706445137889696e-01,1.687518853208036518e-02,2.573746663843823335e-01,0.000000000000000000e+00,8.292191301174203777e-02,1.623763574358128847e-01,3.004207019567780024e-01,3.132331937196295435e-01,2.690850326514374613e-01,2.655363760235261716e-02,2.903900838088029901e-01,3.062871263582070958e-01,1.849678347348460983e-01,1.264698274873347628e-01,4.376952312343210250e-01,2.036539417662817097e-01,1.863581698508109952e-02,1.134694216327124597e-02,4.196680010781292380e-01,6.087395562279083183e-01,9.932731881699680132e-02,5.267148836259583078e-01,3.581904556398992634e-01,3.304745803272571281e-03,1.912989407105095130e-01,1.706329977819677490e-01,3.778013294580606640e-01,2.273993739865226571e-01,2.772556810633248769e-01,4.814082246927335329e-01,6.754235732847235774e-02,3.880012901768696842e-01,4.634559822418091724e-01,1.378266478447189858e-01,4.157993815474522736e-02,3.760277775461061678e-01,3.862801565467034459e-01,2.579477571005827641e-01,4.511200778078588991e-02,2.837503129695537196e-01,3.557415161570238737e-01,3.485872791553065730e-01,2.858228998596122894e-01,1.079383831119393178e-01,3.030395442195195632e-01,9.654083325019757744e-02,9.488159832433644414e-02,3.442140209459105815e-01,5.097618035448154838e-01,1.703064422772896935e-01,1.227107741778357339e-02,2.314592264518854914e-01,6.455947037644207964e-02,2.313442308422609672e-01,1.051747930760966315e-02,2.266364596059463332e-01,1.764309114643196064e-01,1.732897447379239120e-01,6.459113373565825156e-02,4.143532946140202067e-01,4.591613711376806850e-01,9.715597497138081517e-02,2.637188375260891560e-01,4.747804314705037498e-01,3.535912417565115762e-01,1.488694914294860783e-01,3.321293262308424032e-01,3.806384749740687745e-01,9.852555358555541154e-02,1.702455342298788143e-01,2.409562834259368624e-01,1.188100334338110520e-01,1.863727243050105620e-01,3.114537565231194627e-01,1.859310906471672853e-01,1.676840289615655344e-02
1.034233141542575118e-01,2.523507754740729192e-01,1.662213460711148283e-01,8.292191301174203777e-02,0.000000000000000000e+00,1.340417085524915619e-01,3.353658591537671541e-01,9.513837816502293543e-02,2.695748920307939889e-01,2.747426995802339511e-01,2.800815936039969256e-01,2.314097988325364841e-01,7.966035607028526533e-02,3.144932388815365742e-01,6.249300518294034767e-02,5.719893234647968616e-02,3.137871547077008549e-01,2.079488997359998370e-01,3.424957058734806603e-02,1.835129323950818181e-01,2.854755081498389080e-01,2.343346057663918403e-01,2.068438065893401789e-01,2.374168327833602599e-01,2.263947524977330539e-01,2.511275977087605860e-01,4.364760118507804432e-02,7.339101758008670373e-02,1.479960750030160921e-01,1.397922801505380175e-02,1.026789424560890784e-01,1.214771960810553941e-01,3.661710994811083753e-01,1.008553585578159661e-01,2.102796417496281545e-01,3.568053069263069643e-01,2.492045627549836773e-02,1.028956105879446914e-01,6.394461627713314555e-02,2.376837656508079544e-01,1.738156682311944312e-01,2.128809366667250569e-01,1.464727308839161857e-01,2.028486411715584026e-02,8.520677582719737853e-03,2.665949459942648092e-01,3.014139332329145993e-01,3.777096776713749215e-01,1.020919727319804515e-01,2.315444710526275429e-01,2.711755453659647763e-01,1.051894519735141476e-01,1.554949900363530868e-02,1.471206309149951652e-01,3.200932318466298554e-01,4.965815150264856204e-01,2.956342888047077677e-01,2.690527220202331149e-01,3.457548104354820073e-01,3.571609268681941174e-03,3.125959995666499625e-02,3.472771297603702845e-01,7.294236430936583415e-02,1.573509034598092327e-01,2.223692066151984059e-01,3.020842420716245424e-01,2.451748680368842082e-01,5.453785149420908862e-03,2.250055700968674743e-01,1.967699388405376448e-01,2.611258464738689944e-01,3.042625489200767586e-02,2.492294508771336903e-01,2.495651077869396467e-02,2.461718567701321747e-01,2.054968472053571582e-01
3.451698728961161700e-01,5.585314695912515504e-01,4.440282364377321489e-01,1.623763574358128847e-01,1.340417085524915619e-01,0.000000000000000000e+00,4.098483745235175779e-01,4.914082112841410277e-01,5.938509081964551406e-01,3.891243303925357444e-01,3.322745456442374179e-01,3.645018337481891191e-01,6.512230787836050805e-01,2.092953541041771559e-01,3.703083687563741289e-01,2.072259852846959627e-01,2.138019246838102627e-01,2.028132571014242547e-01,2.542607600255408218e-01,5.637212297827949303e-01,1.999366384820486509e-01,5.112706454960508351e-01,6.275349227764501769e-01,2.475238913197125301e-01,4.423639650817058344e-01,6.891363047875546100e-01,7.596952672133624462e-01,4.635584742410600589e-01,5.536928898111306285e-01,4.523580119316096271e-01,5.803864179298686699e-01,1.976979331854389899e-01,2.154132695966901601e-01,2.266114732318495750e-01,2.814382110780523361e-01,2.261784354121824936e-02,9.741492338569704423e-02,3.376756103514105822e-01,3.083959469787970753e-01,8.836972082654770411e-03,1.396262542544940422e-02,2.545685639894627039e-01,5.176205687096345487e-02,4.069980303536476635e-02,2.531187536995331555e-02,3.488612965475709204e-01,6.081391551702214349e-01,1.274404988535665084e-01,5.589180670698690179e-02,1.705254650866252220e-01,7.728568483372808551e-01,3.341497046402870374e-01,4.286800205553367715e-01,5.698398466574927657e-01,1.144165733784706374e-02,1.084804748545552255e-01,1.578277583936528727e-01,4.328723950282916122e-01,1.245994790639334687e-01,4.838829215283899643e-01,5.025232721738250863e-01,1.058744079127782733e-01,2.923188836382132338e-01,3.507623993384802463e-01,5.464885043098230977e-01,2.113601344638701141e-01,6.223504236164538739e-01,5.661064191042551874e-01,8.314242964433310457e-03,6.149873691120990582e-01,5.914911806174594222e-01,7.755678108930346148e-01,2.583029731667206841e-01,2.580463703255219676e-01,4.554593521789268573e-02,1.725006707598263078e-01
1.869037571450880286e-01,4.702252198368723768e-01,1.567556485540483047e-01,3.004207019567780024e-01,3.353658591537671541e-01,4.098483745235175779e-01,0.000000000000000000e+00,7.052913210038314062e-02,3.311313620926726320e-01,4.945963453387792752e-01,1.067349761173966016e-01,1.658241607106837046e-01,5.069860404813864019e-01,1.853599457324565658e-01,1.051786550983095925e-01,5.585454867170553950e-01,4.943921522768472965e-01,4.064253281854411926e-01,4.211576677155270954e-02,2.736178189945423500e-02,9.011768660791252827e-02,1.516605118379214800e-01,1.061803328391393297e-01,1.166379763374736644e-01,5.345056447787162046e-01,4.318608039298357237e-01,2.476048896571090285e-01,2.916323321058879592e-01,3.660306481457142325e-01,1.270059395055265772e-01,3.292995607353881304e-01,6.351249414900347889e-02,1.679393582058247014e-01,1.448007018864679030e-01,5.498946376014085535e-02,2.440379099300068189e-01,3.022849060536499932e-01,4.238917678240602394e-01,1.109250186330579951e-01,1.769827266141033029e-01,1.536452431967677279e-01,1.028628939350985094e-01,3.267015520003735407e-01,4.647027989438147488e-02,2.864446021356064631e-01,2.335793754557991542e-01,3.963087574817638625e-01,7.754650305043803149e-02,1.316696821666706041e-01,1.080929617954506927e-02,3.826273957198996767e-01,4.888009430892147900e-01,1.360239470393979633e-01,2.472990182588482022e-01,2.724923735408957826e-01,5.735644427294456227e-02,2.345374068647596566e-01,3.332138336132891565e-01,2.314887395883971632e-02,9.689301560080690323e-02,2.251176416434501060e-01,2.292694398140733281e-01,1.577219130535700009e-01,9.660927227895224623e-02,8.917427459104176890e-03,1.807037592302226658e-01,2.325750221440563426e-01,2.067186941058556660e-01,1.697832255415354374e-01,4.284061571038073613e-01,3.883064201764520051e-01,2.894465751099015716e-01,2.793248023956900195e-01,3.540343942104360875e-01,2.698416522721777677e-01,3.848222496248807079e-01
2.314293093309813254e-01,4.846057807538045603e-02,4.894350948159246206e-01,3.132331937196295435e-01,9.513837816502293543e-02,4.914082112841410277e-01,7.052913210038314062e-02,0.000000000000000000e+00,3.560114972357855123e-01,9.062963351421843283e-02,3.820959631995251571e-01,4.234449250146833932e-01,2.805493305224281420e-01,1.500967059193699937e-01,2.643433933088756849e-01,3.950964137909119267e-01,6.591151750479373739e-02,1.587870755703369996e-01,3.257876063611560014e-01,3.791596246043923424e-01,6.281413184173023634e-02,3.015933919623095538e-01,7.536343810812241584e-01,2.757447412737802361e-01,1.985509154719092284e-02,3.609597109540620963e-01,3.298149180629793564e-01,2.084510467099520425e-01,2.499225848147753823e-02,3.718319715015973026e-01,9.790497293382430244e-02,1.243885772492129560e-01,2.345129290712395786e-01,2.751068417387326770e-01,6.622752230715633903e-02,6.026363249758906471e-02,9.883597747082660534e-03,3.007590984488285324e-01,1.780077396322913008e-01,1.383828690708341635e-01,1.182843136737316836e-01,1.509246680611013858e-01,2.205686123198682957e-02,5.195561934288414618e-02,6.574490496292016706e-02,1.978123285338725945e-01,7.438848639558062747e-02,2.350839339241901360e-01,1.950117196392579522e-01,2.310343680182435633e-01,2.472437085331796180e-01,9.080069070051800806e-02,6.491792702753399480e-01,4.233779724783410803e-01,8.328212779141992705e-02,1.047521843622882809e-01,2.190311872904716073e-01,2.077391938412720407e-01,1.524549293794481564e-01,2.108716641222392052e-01,9.777037967269708307e-02,8.850050037894047206e-02,1.031738579776218800e-01,2.388934673568465783e-01,3.069632837017264304e-01,9.072250978557266921e-03,2.989133009361129578e-01,5.645965637143741667e-01,1.837218811259311302e-01,8.618993194381782685e-02,2.107781941837370276e-01,2.182619277167754945e-01,9.744670088824963772e-02,3.236287814436674681e-01,1.843780772816195346e-01,1.266902014945928689e-01
4.921247234893264544e-01,9.286794091882184798e-02,5.643941241769639960e-01,2.690850326514374613e-01,2.695748920307939889e-01,5.938509081964551406e-01,3.311313620926726320e-01,3.560114972357855123e-01,0.000000000000000000e+00,6.415365201205719403e-02,7.786301458587782109e-01,1.909072249722488235e-01,5.586010782072426961e-01,3.916638002107350469e-01,5.978989697686762916e-01,9.261018573913201712e-02,8.602525644408254291e-02,3.646813666192622039e-02,5.908368084821836730e-01,6.260641814250886839e-01,2.903784889331616492e-01,4.780766180543379873e-01,4.993770988804812627e-01,9.892158769581216315e-03,1.193078357546836776e-02,4.065321708031423564e-01,7.715436376171295185e-01,6.197932190018450305e-01,5.692724722960206263e-01,5.740616252814191300e-01,6.879121665178804523e-01,7.256516545795002604e-02,5.296722176042237273e-02,2.412313054163566228e-01,3.503090964581225819e-01,2.325479948799503982e-01,2.594725612543313797e-02,2.532437785581260759e-01,4.659855158659609309e-01,1.722450892206668083e-01,1.769939223253181315e-01,2.005282446047189637e-01,2.957888123379888434e-02,5.984934456934556946e-02,1.238782576941252211e-01,5.630443580929864744e-01,2.799574097116303562e-01,6.839123989624805722e-01,1.539644469797201431e-01,5.743799592156363376e-01,4.866158437002865433e-01,2.074158336384482604e-01,2.575485309693924529e-01,8.451172165538012315e-01,2.370610025032762747e-01,4.496569260760626130e-01,1.774829431710597816e-02,2.182057033331999407e-01,4.324655236007294290e-01,6.694133622635853875e-01,5.532645933464829247e-01,1.090720100848647511e-01,3.195075538269133708e-01,4.807679300600963823e-01,6.089741026112388544e-01,3.959726301697281126e-01,6.011105971946818505e-01,5.912021810306797853e-01,1.978216046315038890e-01,3.290482093486692960e-01,4.775727476620512668e-01,7.541772790461118703e-01,2.251008646119214696e-01,1.454688186729637678e-01,1.848301203069446785e-01,5.828651402252682523e-02
2.691693526025834560e-02,7.897786406270446147e-01,5.132217990991122525e-01,2.655363760235261716e-02,2.747426995802339511e-01,3.891243303925357444e-01,4.945963453387792752e-01,9.062963351421843283e-02,6.415365201205719403e-02,0.000000000000000000e+00,6.445241524254288756e-02,5.850217294386359512e-01,4.490362765427978187e-01,2.562660533070055258e-01,2.500000029821668468e-01,2.514757897902464290e-01,8.657636650222848562e-01,5.464056120787605941e-01,1.388460575193586621e-01,2.259801947057743787e-01,4.919079029624047750e-01,4.489206652477961690e-01,3.238330916910885371e-01,3.186114206746993860e-01,8.062265197712814579e-01,7.396466369306324840e-01,1.694808549956863530e-01,1.527079836801925883e-01,9.773813969094907739e-02,1.612483979142160795e-01,8.820072978121429319e-03,3.993358840012733307e-02,2.588418961629744830e-01,3.390051894877516014e-02,2.690339649924537446e-01,2.186222931390310875e-01,4.895810466489416424e-01,3.104557504156608694e-01,9.587313202426764325e-02,1.781348626987703521e-01,3.692778746895328812e-01,7.527161119104226750e-02,8.846302962830562833e-02,4.811028311450310513e-02,2.518187637704775717e-01,2.421631390587760668e-01,6.808332318403409467e-01,3.118705102202036228e-01,1.321745160795667617e-01,3.740050400283215226e-02,4.969038861501908766e-01,5.746613180888902050e-01,3.448001574799747226e-02,1.790732023930671213e-01,8.097635666955230738e-01,3.131195563106125013e-01,7.371266403212171081e-01,6.035311978278822265e-01,3.571726778454300533e-01,8.678869907275110762e-02,3.542997832572531980e-01,7.487493810355219104e-01,1.331413531671913064e-01,3.419453915514282238e-01,2.562884931672027022e-01,4.823102419263069485e-01,5.419939248220624339e-01,1.413176368726381527e-01,7.492820644730560642e-02,6.508582418641397638e-01,5.570997046544375886e-01,2.236945262004072232e-01,5.546533261576001017e-01,1.594436372572161642e-01,4.841712901990243290e-01,6.098714258644548636e-01
2.823168227844047307e-01,7.111084151939890685e-02,5.584675055811092470e-01,2.903900838088029901e-01,2.800815936039969256e-01,3.322745456442374179e-01,1.067349761173966016e-01,3.820959631995251571e-01,7.786301458587782109e-01,6.445241524254288756e-02,0.000000000000000000e+00,1.761645692552509801e-01,2.750901496006831759e-01,1.803157218508410209e-01,4.682904425327074627e-01,2.809922377891970191e-01,2.004976882174438479e-01,1.814243043531671151e-01,7.504258000194706790e-01,4.588461406611277771e-01,1.246946683145756518e-01,2.793337738424911953e-01,4.247628538687732713e-01,9.326997570449782615e-02,1.335766731016674869e-01,1.810300531706700855e-01,4.730316672522590915e-01,3.610937365581037839e-01,1.876435658558529007e-01,4.812990263239462219e-01,3.258144219839408384e-01,1.716375049306659295e-02,7.676184122283069566e-02,6.932053927934560267e-02,1.097516191258688101e-01,1.844808610831712992e-01,5.271027064483877617e-02,7.771732163759631495e-02,2.162391314165218459e-01,9.648324580681424956e-02,3.111840053873936585e-01,2.140813270413231273e-01,7.134757691777460220e-02,2.148072292357142837e-02,2.010395688283748150e-01,3.362062816940072363e-01,7.120271411731018962e-02,7.130293050479289407e-01,1.647124326269568950e-01,4.999486319054158856e-01,2.802426933381585439e-01,7.650334803890262991e-02,2.007150319425344276e-01,6.773184341714971746e-01,2.160997096350306124e-01,6.279970364167172248e-01,1.261634967271052510e-02,7.739180686854610358e-02,3.471139196104211511e-01,4.682524021685722238e-01,2.642071927441617119e-01,1.547135123679975188e-01,4.919071219433476805e-02,5.465833303552035671e-01,4.716281032846763033e-01,1.740789342861103206e-01,4.063320795603176383e-01,4.488386653828231321e-01,2.701590588808402416e-01,8.812680991464852398e-02,2.126667678443242004e-01,4.768930257474682244e-01,1.046110515610564617e-01,1.036377098653244178e-01,9.680304255690386217e-02,5.785923500079406812e-02
4.179854918438781486e-02,4.306883330791417830e-01,6.286188029213328754e-01,3.062871263582070958e-01,2.314097988325364841e-01,3.645018337481891191e-01,1.658241607106837046e-01,4.234449250146833932e-01,1.909072249722488235e-01,5.850217294386359512e-01,1.761645692552509801e-01,0.000000000000000000e+00,5.406463773487489854e-01,2.754645127613787325e-01,5.937254929155375005e-02,1.509663729126236587e-01,4.453983094014037358e-01,1.216643595891223062e-01,3.517044763496017801e-01,5.953629514770938380e-01,4.586721960553651334e-01,6.053291423148849937e-01,5.602330105514760072e-01,4.623470507717925004e-02,3.365474345432472036e-01,5.691200989704343627e-01,2.752996494907850034e-01,3.830346493627409532e-01,1.022625239308344591e-01,4.725559698989124646e-01,7.025066419171381582e-02,9.075112507494398351e-02,2.045598548171893571e-01,1.138746899979520277e-02,1.842073946872170298e-01,2.916244234857411355e-01,2.288058080377115833e-01,3.369996872749142502e-02,4.992820794169255394e-01,1.191811290844508181e-01,1.664203116025506080e-02,2.034692916133076790e-01,8.471022750575726845e-02,8.276859536606845369e-02,1.186642090036801322e-01,2.481983637524747544e-01,5.032562330128864669e-01,1.362457173039526293e-01,3.052235783227351396e-02,3.750903955178069848e-02,4.190391887855465236e-01,1.657248684388727133e-01,1.007919705026972257e-01,2.440288960203916835e-01,5.578769605075146742e-01,2.174661899594721171e-01,8.859199082516160395e-01,5.659423547652966402e-01,2.616204667195075051e-01,7.693236346469636833e-02,2.672397715266893181e-01,4.822798863219532883e-01,2.608387159939968766e-02,4.007326415350262461e-01,2.224512469112089885e-01,5.443200932842866546e-01,4.221328056128086370e-01,4.333093258144461446e-01,7.244846824953449227e-02,3.530299769218770423e-01,4.111696969714842553e-01,1.726272976002845572e-01,5.689449121394676290e-01,3.296909842879663932e-01,1.537953877127496982e-01,1.693593343906336091e-01
3.006377668807009851e-01,4.359850662081157235e-01,4.951515178669036454e-01,1.849678347348460983e-01,7.966035607028526533e-02,6.512230787836050805e-01,5.069860404813864019e-01,2.805493305224281420e-01,5.586010782072426961e-01,4.490362765427978187e-01,2.750901496006831759e-01,5.406463773487489854e-01,0.000000000000000000e+00,1.679491467459365284e-02,2.597044641415585664e-01,3.141064709035213398e-01,4.049971904366280184e-01,3.601426501736329500e-01,2.546529144542489798e-01,4.504093190850966266e-01,1.011938494565709779e-01,5.102155218638266820e-01,4.936258354486017796e-01,7.808082843793778816e-02,3.721886574245293899e-01,6.645969438973722276e-01,5.142291856848693055e-01,7.524369586658788966e-01,4.929646638356516286e-01,4.163682696091273172e-01,3.992713481342342052e-01,6.787181254538948716e-02,1.208179008630064916e-01,6.904561029931678695e-02,1.122597786786886792e-01,1.197091636974866868e-01,3.995479157568887496e-02,2.091284721317004658e-01,4.792668770460352112e-01,3.989456342584315335e-02,1.283744914433271322e-02,1.703419050288995651e-01,9.667784113032057425e-02,1.544500086122617133e-01,8.533279156444355251e-02,2.198211773854305828e-01,4.971581943303172713e-01,6.374757885735007901e-02,2.122040514913364762e-02,1.150170245734352947e-01,5.494133266810617977e-01,4.199459425595658546e-01,1.450958291556996849e-01,5.028135406801986784e-01,2.229555671635286562e-01,1.431473934056678998e-01,4.227926065732577898e-01,6.338077325057946965e-01,1.750503886304779488e-01,3.056399163592083412e-01,4.184684354441517429e-01,3.132966566670867259e-01,4.120146920569646154e-01,4.489961701997353671e-01,3.074353380771794875e-01,1.126353325761370039e-02,5.041623389331041372e-01,4.938926046219520583e-01,1.894591295985384172e-01,4.747880031981339677e-01,5.804771607599057415e-01,4.672240883804409384e-01,5.151791975390621614e-01,7.740548527009302737e-02,4.487768850574348073e-02,2.273389306010857314e-01
3.403734865832661605e-01,3.115622805093183900e-01,1.845974405863084478e-01,1.264698274873347628e-01,3.144932388815365742e-01,2.092953541041771559e-01,1.853599457324565658e-01,1.500967059193699937e-01,3.916638002107350469e-01,2.562660533070055258e-01,1.803157218508410209e-01,2.754645127613787325e-01,1.679491467459365284e-02,0.000000000000000000e+00,2.919092530293393994e-01,2.159963370823094267e-02,3.869207471522307373e-01,3.316429399445370296e-01,1.667458600306299110e-01,1.608671155763546218e-02,4.690998223860059491e-01,1.326832795937863962e-01,1.489662288344812124e-01,1.642940846697390489e-01,2.430855885120258020e-01,6.566116589126706760e-02,3.192199387861175408e-01,1.497052866409409599e-01,1.566193942405366135e-01,6.708500131999584060e-02,6.282004428266496632e-01,3.068012107744054195e-01,7.441152841673495666e-02,3.752803973801481785e-01,5.167638424543954390e-01,4.746334974005275154e-01,1.619018420714038453e-02,3.323092902941083837e-01,2.899051173862080000e-02,6.092094313733978361e-02,2.903651493442824250e-02,4.919601945668101300e-02,2.769164348961939415e-01,1.301796405202548801e-01,1.254348375878040489e-01,5.569466660694134541e-01,1.362965263188005982e-01,2.366276242323500645e-01,7.027327004171828040e-02,3.123792412122706752e-01,1.019814152519039063e-01,2.218079432809207108e-02,3.519642079455294059e-01,3.616680408419303827e-01,5.031215646074562731e-01,1.358043721187420783e-01,4.226204179321449983e-01,2.408474760016108829e-01,5.557462199005964720e-01,2.881931926417070633e-01,5.247822160567173350e-04,4.180959429696468055e-01,4.598548474037414402e-03,2.200914816558170728e-01,2.257372720877190431e-02,5.897681821399547442e-01,4.062879245333850253e-02,2.204991075991433735e-01,6.274390922007677673e-02,3.370914433377113217e-02,6.157924029767001400e-02,3.156180848279674933e-01,3.562755712723750245e-01,1.178143532488669376e-02,4.099520283244453833e-01,3.183847536193499805e-01
5.152007356902168489e-01,7.222956171778877055e-02,2.778896784976879752e-01,4.376952312343210250e-01,6.249300518294034767e-02,3.703083687563741289e-01,1.051786550983095925e-01,2.643433933088756849e-01,5.978989697686762916e-01,2.500000029821668468e-01,4.682904425327074627e-01,5.937254929155375005e-02,2.597044641415585664e-01,2.919092530293393994e-01,0.000000000000000000e+00,7.888262326121031620e-02,3.156836424977129685e-01,2.042247108686807144e-01,3.218392051811785892e-01,6.361308609669733549e-01,4.060209360920181143e-01,5.548215700676532025e-01,4.070849598039649186e-01,2.608022662658804336e-02,2.260672425245999762e-01,2.121137307727921084e-01,6.117925328624681525e-01,4.790331728800018007e-01,4.002991698242688301e-01,4.012772469161389188e-01,4.639537528809923317e-01,1.180685868736430916e-01,1.219560070464904555e-01,1.189360573791147790e-01,2.419481642223397788e-01,1.723104499654286303e-02,2.655132655908822858e-01,1.651222822055527228e-01,3.355510230268096694e-01,1.053796820289089331e-01,1.875564410033432328e-01,1.323629688870862076e-01,7.676196671128454607e-02,7.420663806584498756e-02,1.668887720548814513e-01,5.623972675370647600e-01,4.423476218540461913e-02,4.772155621064302911e-01,4.273787140225037140e-01,2.576122289276975286e-01,2.640641895508758497e-01,8.988340280928139303e-02,2.234139126244637508e-01,5.210080403467441945e-01,4.171477441032157008e-01,2.511990386832410604e-01,1.915927474678969511e-01,1.387924924967659512e-02,2.346460470787228303e-01,7.935035770112168763e-01,3.050202258053605342e-01,3.610594285848342522e-01,1.718442648862653077e-01,3.410899873804411619e-01,5.402624432262100873e-01,4.765062207199349253e-01,4.245840359850382995e-01,4.575070827905582393e-01,3.641972472572996278e-02,8.853877679733279660e-03,2.684507892631231019e-01,6.131196014687997353e-01,1.081624210977574774e-01,3.267582020480203076e-02,2.651075239381441850e-01,9.801260321462976211e-02
2.993452164052545217e-01,4.578547422262461142e-01,1.450347181775858973e-01,2.036539417662817097e-01,5.719893234647968616e-02,2.072259852846959627e-01,5.585454867170553950e-01,3.950964137909119267e-01,9.261018573913201712e-02,2.514757897902464290e-01,2.809922377891970191e-01,1.509663729126236587e-01,3.141064709035213398e-01,2.159963370823094267e-02,7.888262326121031620e-02,0.000000000000000000e+00,4.183558065904240952e-01,5.298467865402793908e-01,2.399739964891590138e-01,5.133141565554050212e-02,8.201460433918916770e-02,1.267403351193293060e-01,2.479794828022612863e-01,4.721096875866821752e-02,4.044067413659675481e-01,2.112968405768853031e-01,1.660263643563056890e-01,2.494949809977493604e-01,4.508184308501930193e-01,6.792065824430570942e-02,3.564450707296077936e-01,1.133290408952992712e-01,7.262923603588508636e-02,5.094118284066412317e-02,1.799802562694041708e-01,7.431309463867054321e-02,2.311208434543180618e-02,1.884621923532830701e-01,7.727221109564719193e-02,8.564520299938771508e-02,3.737110198885915668e-01,1.184135597495377390e-01,2.506047788498115547e-02,7.292357447910853552e-02,2.305647941210703100e-01,2.292622129315526336e-01,3.221945162384390882e-01,2.295514864395357124e-01,1.276987615248195429e-01,2.633085019981527553e-01,1.506177088591118263e-01,3.917151656722027142e-01,2.558003724594507533e-01,3.139827182215559898e-04,1.019617310731048831e-01,2.026275895315000353e-01,8.995775700667350827e-02,1.918373403930621057e-01,1.545666944972777512e-01,4.496815932036862806e-02,3.007568271311083508e-01,2.155725788480627458e-01,3.719604744883329706e-01,1.341734456234595918e-02,1.592540283055804418e-03,1.896806479431298875e-01,1.358457451739870647e-01,2.208200252784860429e-01,1.873005279758857000e-01,3.709073108823187082e-01,2.061199672988372755e-01,1.795548826570114165e-01,1.372094677759735926e-01,4.646020640088120990e-01,1.499401595562797618e-01,3.617147445256738703e-01
3.496369679392713481e-02,8.051143231087671825e-01,4.169028174574547219e-01,1.863581698508109952e-02,3.137871547077008549e-01,2.138019246838102627e-01,4.943921522768472965e-01,6.591151750479373739e-02,8.602525644408254291e-02,8.657636650222848562e-01,2.004976882174438479e-01,4.453983094014037358e-01,4.049971904366280184e-01,3.869207471522307373e-01,3.156836424977129685e-01,4.183558065904240952e-01,0.000000000000000000e+00,7.386303137763995386e-01,8.033082940365521285e-02,1.661932154690978214e-01,5.806811888437537483e-01,4.323058368461993317e-01,1.712184212809982342e-01,2.954940907613038403e-01,8.378117348720311997e-01,6.634283630565571688e-01,1.956145165645561956e-02,1.775687894478689133e-02,2.929941205070468735e-02,6.643095118778438724e-02,4.952338214171581043e-02,4.380424587529335029e-02,3.112853286949782694e-01,4.131244369905115454e-02,2.693055241454489490e-01,4.653975909210377737e-01,3.486870905337645654e-01,2.739769425950197013e-01,1.277020779173859699e-02,2.275002403873505608e-01,3.819696751887542430e-01,5.853187355191871721e-02,6.565875060392950546e-02,1.396854574005030880e-01,2.919294781568347874e-01,3.049596653596519102e-01,6.407932234574755803e-01,4.017125493612043186e-01,6.071193538160533920e-02,1.960412655469717658e-01,3.951389752862256577e-01,5.688852400001827014e-01,1.469390750206722163e-01,2.232339715789233292e-02,7.844588526364383307e-01,3.502731164635107253e-01,6.187248560958292787e-01,6.559453173468148268e-01,4.011418036115939056e-01,1.649568572657129917e-01,3.250781314828098956e-01,7.646345148534120506e-01,2.006173905190754558e-01,3.057124048224246771e-01,1.356400176924684176e-01,5.676283033711299053e-01,4.528418227371810989e-01,4.358180158442787056e-02,4.412174522923061060e-02,6.041744491724823085e-01,5.006696309420983759e-01,5.175118846067709721e-02,5.324457595127745080e-01,1.399940404913157521e-01,4.781970895369534458e-01,6.119662077673211353e-01
1.092801545678230568e-01,6.755533541804265019e-01,2.512430903755668021e-01,1.134694216327124597e-02,2.079488997359998370e-01,2.028132571014242547e-01,4.064253281854411926e-01,1.587870755703369996e-01,3.646813666192622039e-02,5.464056120787605941e-01,1.814243043531671151e-01,1.216643595891223062e-01,3.601426501736329500e-01,3.316429399445370296e-01,2.042247108686807144e-01,5.298467865402793908e-01,7.386303137763995386e-01,0.000000000000000000e+00,2.670934771824079457e-02,1.248431612372188082e-01,3.906937447040678690e-01,3.600739533782317259e-01,1.529881937272639658e-02,1.949151039391129880e-01,7.661085545891610504e-01,5.164178338443280447e-01,6.578533619954543554e-02,6.158866171904819886e-02,2.249490478920949943e-01,2.208481304794210343e-02,4.117852463100130089e-02,1.318193602715780899e-02,3.704074134279184971e-01,3.298722328309114382e-02,1.816701408636418602e-01,3.633895087566555437e-01,1.303266834140754116e-01,2.197277650417361061e-01,1.307611833874260387e-01,2.363003882727239546e-01,3.296057746016168855e-01,6.855534335714102978e-02,5.458431995683110660e-02,1.904967655465820420e-01,2.285714625058424820e-01,6.808215514342466634e-02,5.528575096383111509e-01,3.217634124214765468e-01,1.624362940560791502e-01,2.203380923956485549e-01,2.812819735157998102e-01,4.280767531667127312e-01,2.514096608697856672e-01,4.573309987475571159e-03,4.884621039823703326e-01,2.369036755390275251e-01,2.544997889322023754e-01,4.687087243696123062e-01,2.860283157270816501e-01,9.041011773335480561e-02,4.454852958670510454e-01,5.412217737829835285e-01,5.089366994897133178e-01,2.044519426559269215e-01,1.495391852438263947e-01,3.155864093561201456e-01,4.021067693968271572e-01,1.135728636014560894e-01,7.213388005810003611e-02,6.010692874493099858e-01,4.212800114204051649e-01,1.323616984509273509e-01,4.348398612012769338e-01,3.389310516741140811e-01,3.536131850522027387e-01,5.504613950180805571e-01
1.053621500522901600e-01,1.329193437943586298e-01,7.549423463255583444e-01,4.196680010781292380e-01,3.424957058734806603e-02,2.542607600255408218e-01,4.211576677155270954e-02,3.257876063611560014e-01,5.908368084821836730e-01,1.388460575193586621e-01,7.504258000194706790e-01,3.517044763496017801e-01,2.546529144542489798e-01,1.667458600306299110e-01,3.218392051811785892e-01,2.399739964891590138e-01,8.033082940365521285e-02,2.670934771824079457e-02,0.000000000000000000e+00,6.034659863026410331e-01,1.973499259591778021e-01,5.073750110097542398e-01,4.115482130884351997e-01,6.395388498416296197e-02,3.982077305014604385e-02,3.015903885845739874e-01,4.136967548800126182e-01,2.954180726619768382e-01,1.388793644047425502e-01,5.284284487127265395e-01,1.461874544174496804e-01,3.599605044683618083e-02,1.008052730276169234e-01,8.188931784454978047e-02,2.266364925595919233e-03,1.011985457378737907e-01,5.486267964804266567e-02,3.330464777344471772e-03,3.465491731404647391e-01,5.472797120335406995e-02,1.468171220651065534e-01,2.189067074396036372e-01,3.297892957151413174e-02,4.925619955910443687e-02,2.464740030267760229e-01,5.284845618174965898e-03,2.310518080867036972e-01,5.508098549030355784e-01,2.170377396139372972e-01,3.828745055739081748e-01,2.350015810509168135e-01,3.605902294084656345e-02,5.017068035486227373e-02,5.454098062820433857e-01,7.800003924752865747e-02,4.372765234832360348e-01,2.491500327565780715e-01,1.658396197593572374e-01,7.250526307394031256e-02,4.031928648854895547e-01,3.572063351018940347e-01,1.432391949419070387e-01,9.409711443978807655e-02,7.531343497478643068e-01,5.560825851414852306e-01,1.951673264583249634e-01,5.461165781067195413e-01,3.405793978753260953e-01,2.494106709741024663e-01,2.137720392913957379e-01,3.021107275411841209e-01,3.682412216944231931e-01,3.192346214140374672e-01,1.972115317512254107e-01,1.254093072858243063e-01,1.342991208530923131e-01
3.357840730959879560e-01,3.443929432930660228e-01,6.334996031763246993e-01,6.087395562279083183e-01,1.835129323950818181e-01,5.637212297827949303e-01,2.736178189945423500e-02,3.791596246043923424e-01,6.260641814250886839e-01,2.259801947057743787e-01,4.588461406611277771e-01,5.953629514770938380e-01,4.504093190850966266e-01,1.608671155763546218e-02,6.361308609669733549e-01,5.133141565554050212e-02,1.661932154690978214e-01,1.248431612372188082e-01,6.034659863026410331e-01,0.000000000000000000e+00,2.300213567191666808e-02,9.019986796646103366e-01,5.850961605386724163e-01,3.788185421846325396e-02,1.529815523433967206e-01,4.958538908534905199e-01,7.228094352078178186e-01,5.528776989772732353e-01,5.474591575558221956e-01,7.519961115128466211e-01,4.181732350247714947e-01,2.178646297369289386e-01,2.250962550925530992e-01,2.835071177145012111e-01,1.325187296728489450e-01,2.309471203114132065e-01,2.034220767837863209e-02,9.311092100711934605e-02,4.524333691620007758e-01,1.312672174740310560e-01,8.712110356554349233e-02,2.601606150037307774e-01,1.807238822077630591e-01,1.288997006531145129e-02,2.265013849986070305e-01,2.742569635109068926e-01,5.081129576322266361e-01,2.720100660635603740e-01,3.101166158374996651e-01,3.127482404656773962e-01,5.594400716279854802e-01,1.220348897087800977e-01,5.547860926427156114e-02,6.246444587350823419e-01,1.162485846429529013e-01,9.297621096236602378e-02,3.827747737485713286e-01,3.282299255305420882e-01,1.180679472429396332e-01,6.551025204512034295e-01,7.484530732751910609e-01,1.959145541522053224e-01,3.581059975733515977e-01,6.159785995846152051e-01,7.174606985220212119e-01,1.370587633239345182e-02,7.490290912803062584e-01,5.202408287790762920e-01,1.134007337093209944e-01,5.021126821457342349e-01,4.999405440923241906e-01,6.577831052962651581e-01,3.939902975563112086e-01,1.645623331126661038e-02,9.447985742471906589e-02,9.781729227280835937e-02
4.574895135551829695e-01,2.951363911879826274e-01,2.484944373283347052e-01,9.932731881699680132e-02,2.854755081498389080e-01,1.999366384820486509e-01,9.011768660791252827e-02,6.281413184173023634e-02,2.903784889331616492e-01,4.919079029624047750e-01,1.246946683145756518e-01,4.586721960553651334e-01,1.011938494565709779e-01,4.690998223860059491e-01,4.060209360920181143e-01,8.201460433918916770e-02,5.806811888437537483e-01,3.906937447040678690e-01,1.973499259591778021e-01,2.300213567191666808e-02,0.000000000000000000e+00,1.446551922251181344e-01,1.273369104016194298e-01,9.461060015857442052e-02,2.976172740091935776e-01,2.326639554707140567e-01,3.152585395540624114e-01,1.852331514504418630e-01,2.994645132651335140e-01,1.058928090094109764e-01,3.116495164495130532e-01,1.661202934997049185e-01,2.930868745245674978e-01,6.609297627442828338e-02,3.337170299416702401e-01,2.980462076790307280e-01,1.619342734765577552e-01,8.768980419211681865e-02,2.503434223076372311e-01,1.897489472530692611e-01,1.527271494310700473e-01,2.098618421662737099e-01,1.400208971271261343e-02,8.960755450941348954e-02,4.828585267879906273e-02,5.743660694876777661e-01,4.009904053623134512e-01,2.921775798710057881e-01,9.240533638127164384e-02,7.271754112544288884e-02,7.225157974707066555e-02,1.774067018561712172e-01,2.613578081459635438e-01,2.316223416321468720e-01,7.484844977874278715e-01,1.764425047352972120e-01,6.919602586730493332e-01,4.809383423158155590e-01,3.207083102957292153e-01,3.318436511392481303e-01,1.418517639971547672e-01,7.080548955484987639e-01,1.916892168926517259e-01,2.631110902582527444e-01,9.973288545465303079e-02,8.029545008582378296e-01,9.405932642459130522e-02,1.191822939702225082e-02,8.727547698631402118e-02,3.088223751931947203e-01,2.811642310587333937e-01,3.134860420098155576e-01,3.031714979826287126e-01,3.281681050294300017e-01,3.286547755149052397e-01,1.796385178065957600e-01
