0.000000000000000000e+00,3.229951803583978043e-01,3.542051719909888874e-01,5.494918790882058479e-02,9.190320751992743509e-02,3.108728199336834308e-01,2.357864755736956142e-01,4.299514954377579856e-02,2.413467783034242697e-01,6.407878919134188944e-01,1.774383618525418593e-02,2.664285010879176574e-01,2.077048772752721484e-01,1.773373042876631167e-01,1.078301495736366800e-01,6.233822922168327230e-01,4.766099099644848791e-01,4.326000594415279066e-01,2.017026603181155120e-01,2.675167781793689747e-01,5.640745882359634589e-01,4.468051086502032865e-01,4.690013842514381692e-01,3.875209842925279591e-01,5.013002347826187588e-01,4.227333597799948772e-01,4.998895486572568769e-01,2.042995839373794309e-01,5.111684235482478744e-01,5.922815332412301181e-02,1.818032957655780768e-01,3.196000819998441878e-01,6.601955965060191112e-01,1.881483432205163786e-01,1.678756337889431571e-01,4.491753785713664682e-01,2.897794360032323602e-01,2.291070301799047193e-01,1.529407215639423390e-01,5.877948371639284408e-01,3.129702263561388587e-01,2.894692833820587397e-01,4.973451658964939681e-01,4.278894668137973034e-01,1.478013900419842819e-01,8.700893206042590311e-01,6.625987025932253416e-02,7.016647298842262903e-02,2.819712126432947774e-01,3.914231242318810255e-01,2.507645400686635273e-02,2.064896281635564823e-01,1.361562095824249696e-01,2.868268159947924278e-01,2.085958395303113000e-01,2.175732168394803323e-01,2.059566310281893409e-01,1.650519265815258985e-01,3.186828489065301473e-01,1.805045312395007484e-01,6.716690764201452835e-01,3.517091692591800545e-01,4.343055587789213523e-01,3.321021564842106810e-02,1.421848051342089747e-01,3.175019062223071176e-01,3.045075826497599114e-01,2.812254649327718958e-01,3.703810439993843184e-01,1.084947797871902153e-01,2.458367427127743365e-01,1.845309142071712150e-01,1.497077762793408429e-01,3.686557518660574240e-01,2.876434139692348735e-01,1.054142378773548216e-02
3.229951803583978043e-01,0.000000000000000000e+00,4.095448830149144293e-01,3.239592989904262477e-01,1.996041144368185527e-01,8.277653653175338633e-01,2.462860471920854388e-01,1.811086672536634523e-01,4.705126656682008246e-01,6.210512772857950115e-01,9.788691459431271558e-02,2.919232558571631664e-01,3.456948636204570380e-01,3.288835397514929815e-01,5.278699378439004608e-01,5.663656218109511808e-01,6.299452545948311943e-01,6.411086943164702179e-01,2.783511124510603674e-01,4.388354469259830859e-01,5.218999047115986389e-01,5.880463419135935066e-01,4.159064768615658436e-01,6.082590029003842602e-02,8.615565257795504417e-01,7.866086362090018991e-01,7.034679519394753111e-01,1.243892594080721059e-01,5.042876048174368409e-01,1.228436924189585527e-01,3.977267579900739536e-02,9.749559096356030796e-02,4.471972987024594448e-01,4.352880084459082033e-03,2.972168251072809242e-01,4.496381462959865294e-01,2.353354849754909772e-01,1.265416711035375896e-01,1.728092858363685091e-01,4.373800743664781332e-01,1.253210381658165784e-01,1.636326801757545801e-01,7.262091521421847051e-02,2.684832134416419852e-02,5.468139622205714367e-03,2.706554156139162615e-01,8.072928043831263389e-01,3.244876340202393905e-01,1.404074904551205483e-01,2.289777547735960539e-02,6.187079905432955051e-01,2.316427143900451624e-01,1.514497993396333730e-01,1.423860128060980279e-01,4.585845257748936143e-01,5.956930807806544437e-02,3.204717462855290466e-01,3.108090255313017414e-01,1.673453182020877561e-01,5.209863671519510131e-01,4.107525383631467353e-01,4.501499397236181643e-01,4.461619210128116020e-01,2.415484408269364947e-01,3.226956863165188483e-01,3.450209661419247897e-01,4.902117890983495041e-01,4.176723866964901499e-01,2.362705517987205295e-01,7.150898825707976414e-01,6.323709145953779753e-01,5.646655976505072783e-01,6.604939246845029088e-02,4.501355280483325116e-01,2.362610703637000320e-01,2.400485821668102426e-03
3.542051719909888874e-01,4.095448830149144293e-01,0.000000000000000000e+00,9.138342096255271108e-02,2.705588289261781632e-01,4.934882908659199430e-01,1.900016915520510996e-02,2.392604692929128363e-01,7.186762626556481015e-01,5.303638183627437108e-01,5.980038716283230249e-01,3.013427213971298091e-01,2.408981621003226659e-01,2.537884647095104973e-01,1.646842700762133904e-01,2.442900463978008863e-01,3.575821403429101375e-01,3.958437604543391108e-01,6.136217626895741351e-01,4.462082995131507746e-01,2.062379624663182587e-01,4.403087751653530502e-01,6.250385038107192370e-01,3.838571379356880975e-01,5.370633950489352992e-01,5.359064789167360399e-01,5.633072414473945244e-01,1.752191973121930979e-01,3.249357152612639688e-01,1.417103701548528272e-01,1.898907967998478274e-02,6.257605846049427156e-02,2.198629892480062631e-01,3.080857405317151132e-01,4.024253096852211664e-01,2.951951720638364973e-01,2.457523599479456422e-01,1.510634644579917363e-01,1.317420635326739531e-02,2.800184670042725199e-01,1.497154706122130197e-01,7.480613504872832276e-02,1.100805804845445546e-01,8.323633818192675837e-02,4.357976124868609413e-02,3.166549901458434180e-01,2.758836362793500308e-01,6.725570339590631885e-01,2.147500796503916398e-01,3.160172665217841903e-02,4.174991143983162734e-01,1.103658275577299730e-01,1.215533333313491005e-01,3.637651014969882080e-01,2.237612170546276757e-01,1.971583083874757225e-01,3.554025658404239563e-01,1.489369471323538086e-01,1.404094882598544425e-01,3.350130234651408911e-01,3.512397619823438566e-01,1.726426144455477374e-01,3.780283451667253436e-01,4.771028643774896105e-01,3.222072583437587401e-01,2.448135259203518821e-01,4.882121943651981377e-01,6.299928792374082098e-01,2.963535693313301689e-01,2.615306657963604176e-01,4.052346384681530522e-01,5.106430029300218498e-01,8.657551742863917044e-02,3.322892732024970153e-01,2.072363241882966556e-01,1.363089832166897164e-01
5.494918790882058479e-02,3.239592989904262477e-01,9.138342096255271108e-02,0.000000000000000000e+00,7.529578543707729499e-02,2.947928504152995677e-01,2.221744601881242565e-02,2.951886024629122307e-01,3.130280665375176907e-01,2.530505466160737349e-01,1.880442683868457920e-01,6.897496917002032824e-03,1.066723837278489712e-01,3.060848972138039414e-01,1.769923380855313311e-01,8.801668847035043486e-02,3.736854942541877889e-01,7.259409628359558830e-02,6.196353588506836596e-02,2.170208495600225718e-01,2.887249120574343908e-01,4.731674855245437267e-02,1.362095535749035247e-01,1.956489285703135184e-01,4.288066505663056804e-01,2.881524994185590272e-01,3.790209091203081693e-01,5.050657863209168097e-02,2.169941686916671275e-01,6.406762109022093310e-02,1.401405436705299712e-02,7.830599920668557257e-02,2.401594178717300632e-02,3.126139823493613301e-01,2.427517541384498490e-01,7.279531048435911034e-02,6.063216714204258673e-02,1.562393272821330226e-03,4.115799976458361931e-03,4.230734113752909753e-03,3.355790426757538913e-01,3.485687720972607262e-01,7.863368686842356348e-03,1.255356748707466830e-01,1.092829820423123766e-01,4.995892493655625100e-03,1.732899509138746685e-01,2.302765407941536613e-01,4.921778347007512711e-01,2.308202576226817127e-01,2.042995258379814438e-01,6.776040219549722687e-02,1.773276425843595960e-01,5.448988877260869945e-02,1.876334509959473873e-01,1.657672436557543483e-01,4.763999457196937959e-02,5.545553556268551648e-02,2.496576082061648938e-01,3.316613203998565740e-01,9.038296384539609707e-02,2.182198937617833567e-01,5.590416306667865542e-02,1.163748727992214294e-01,2.336148402351810038e-01,1.922004575319115616e-01,1.764424410764454110e-01,2.141194508568468879e-01,2.977751793496088428e-01,3.371479227410170143e-01,2.897276146671367569e-01,2.468088813640736956e-01,7.520552262993498993e-02,4.904551944826626708e-02,3.624042668091387309e-02,8.989475287836162787e-02
9.190320751992743509e-02,1.996041144368185527e-01,2.705588289261781632e-01,7.529578543707729499e-02,0.000000000000000000e+00,4.238856428240359020e-02,4.486745160654087017e-01,3.033284301398854188e-01,2.389479656286678244e-01,9.753629889164319722e-02,6.008378505754731203e-01,2.192648473476979665e-02,2.649215925810124994e-01,4.343151901764461531e-01,1.165276346682353470e-02,2.528442037466125392e-01,1.099937076975246453e-01,3.435156577973980108e-01,1.861233343952988228e-01,2.460269167074905505e-01,5.845247809244016879e-02,4.115958735401853419e-03,3.066350179581794899e-01,3.729425255186782223e-02,1.730065521567455411e-01,1.306237632202801868e-01,4.921350884462094566e-02,2.177393549101506731e-01,3.133314423533333781e-01,5.608126715099466253e-01,3.363355279002594456e-01,3.054586989327864321e-01,4.004474993097927871e-01,1.153361575800232464e-01,6.987205641826449432e-02,2.699681693866168297e-01,2.546150361749020541e-01,3.092278106261328041e-01,3.877662333683442597e-01,4.745721891184910834e-01,1.465420266982252473e-01,3.555290592134126570e-01,3.465165563966093876e-01,3.864096729280511178e-01,2.889926836095162432e-01,1.385455560819149889e-01,2.802834997817506002e-01,9.816744309552033476e-02,2.397283192036871458e-01,1.279804645881755798e-01,1.276822903860474756e-01,5.753674134158626163e-02,3.339254263084017738e-01,1.353786009695367998e-02,2.297730789624846670e-01,5.435520872029753203e-02,2.018913609943508158e-01,1.294653270882561158e-01,4.292977554737545942e-01,2.235529794605191911e-01,3.192556088633716760e-01,4.991922367650693249e-02,8.683223927523200936e-03,9.776152822247835550e-02,2.254406284246408820e-01,7.834612516163050322e-02,1.254459833093859999e-02,1.318376751817329773e-01,1.356541605994264488e-01,4.797918606887149884e-02,9.338262370192923489e-02,1.319976496699864776e-01,4.071640760380459967e-02,1.540714691278325388e-01,1.495418694104121426e-01,1.049051566960688131e-01
3.108728199336834308e-01,8.277653653175338633e-01,4.934882908659199430e-01,2.947928504152995677e-01,4.238856428240359020e-02,0.000000000000000000e+00,1.212250194980681872e-01,3.860946540833273266e-01,4.948450489025927879e-01,5.203817585397820800e-01,1.067215528616009546e-01,4.646930251462318973e-01,4.231713132084980455e-01,3.658059311425628790e-01,2.571019420951187739e-01,3.979624584323800951e-01,4.817076821796960617e-01,5.359756208117008036e-01,3.474523075110254600e-01,4.481129692033009038e-01,4.056882616750441817e-01,4.812090358066615781e-01,5.623025986558695122e-01,1.936788814333733066e-01,6.771416336244768797e-01,6.914257202381247636e-01,6.790389702713530706e-01,3.679327641948010319e-02,5.358646581038739587e-01,4.977150857706071074e-02,1.052107946481571771e-01,5.163849719100278846e-02,3.284042457936541259e-01,3.024283313797996309e-01,3.327591109834597827e-01,4.824059928220221227e-01,3.047740966570912646e-01,7.044745580052512446e-02,4.992225567552439902e-02,3.334222622779771106e-01,8.451486747312737802e-02,1.042675798197323089e-01,2.419481503651423338e-01,5.981817745404548886e-02,4.289814848147431581e-02,2.385814785064890586e-01,5.518112645016278739e-01,3.470103498141234866e-01,3.785796567378584276e-01,2.165323150608854108e-01,7.012739896829646158e-01,6.328406305257144870e-02,2.531404975613980590e-01,6.234936256566336876e-02,2.623717998428410914e-01,1.027186217106442478e-01,4.320672477539823642e-01,3.106599092130568063e-01,2.009585853456397619e-01,3.510721693514755604e-01,3.049774949923721445e-01,2.951401346319429964e-01,4.575830978699939044e-01,1.979524588783909134e-01,3.247676187619251698e-01,2.548227936086377987e-01,3.956396201979049398e-01,5.542753195208792727e-01,3.543880273621318744e-01,4.382770451998769801e-01,4.698253824329983175e-01,5.304953359037729577e-01,4.314184576391853765e-02,3.579944077860722218e-01,2.505593303041592224e-01,9.279887386347357436e-02
2.357864755736956142e-01,2.462860471920854388e-01,1.900016915520510996e-02,2.221744601881242565e-02,4.486745160654087017e-01,1.212250194980681872e-01,0.000000000000000000e+00,1.427473575312289689e-01,1.579225054757249780e-01,1.630098172668702494e-01,1.802361022984715899e-01,8.412997701176611054e-02,4.866960278828369457e-01,3.075913936037132368e-01,1.700822953713161390e-01,6.899457259040375767e-02,2.409601525813525325e-01,2.061311165471185758e-02,4.616655916288595063e-02,2.417267683283852164e-01,1.155404694574738989e-01,1.013367143086610356e-01,1.393712622863544637e-01,1.259764556102066502e-01,7.178580878649049035e-02,1.728819722453032726e-01,5.463207394542388129e-02,3.218774508867553452e-01,2.603294215352035534e-01,4.110292290234265900e-01,3.040663933793187335e-01,1.872541645366945784e-04,3.630678929464141724e-01,4.274641693927883068e-02,7.658464358944058747e-03,3.570435813366279465e-01,3.809402053979168978e-01,6.075143645289937666e-03,2.984470692531544789e-02,3.345428001287741870e-01,1.135198795292323565e-01,3.140685015537958980e-01,5.997703080589262825e-01,5.190966331873555495e-01,6.976001328604430896e-03,2.667853711132082140e-01,1.741102385553198462e-01,3.126481627640723127e-02,3.453595560760799876e-02,3.319738536044556931e-01,2.119399225738647363e-01,3.110033828628358532e-01,3.726420053510585695e-01,1.872136852142595731e-01,3.661662282816903757e-01,5.513575626190314605e-02,2.125250740189589260e-01,2.243186802238918698e-01,4.036979219447087708e-01,1.428126956284230253e-01,1.778074304471655709e-01,1.297912122934625767e-01,1.877553763663808717e-01,8.196194181264293555e-02,5.638590780752503195e-02,3.138852895222080663e-01,1.701862614847385879e-01,1.783773217978114056e-01,1.103337860292288308e-01,4.028201481943740614e-01,2.050643334020496034e-01,6.333824478196101171e-02,1.970435086726300411e-01,6.941203809497896449e-02,1.626645817691874663e-01,3.338103217067808770e-01
4.299514954377579856e-02,1.811086672536634523e-01,2.392604692929128363e-01,2.951886024629122307e-01,3.033284301398854188e-01,3.860946540833273266e-01,1.427473575312289689e-01,0.000000000000000000e+00,2.104082464380785389e-01,1.941254412805254737e-01,1.781945547820980302e-01,3.676408143577875043e-01,1.165498660655482910e-01,5.310685387409254388e-02,1.577530670227828002e-02,2.500870568971660934e-01,1.144792797911945992e-01,2.679919550677293261e-01,2.186189411383011039e-01,1.171162171765072757e-01,2.584471333102598689e-01,6.634287053566051418e-02,5.468795866241535908e-01,2.771121591594553069e-01,1.079573477259866410e-01,2.780849285162504958e-01,1.549465693306316949e-01,8.681903016385980609e-02,1.607033136196623080e-01,3.943167519755303441e-01,3.090048440760007620e-01,1.242392396583708591e-01,4.129528162387816059e-02,5.350259598460294086e-02,2.270276434677798161e-02,2.825213193763339570e-01,2.248748932927431832e-01,9.118631510685601405e-02,2.844045152833900580e-01,2.829806029799152856e-01,2.085909676085165032e-01,3.423727482112762788e-01,1.161242893434851209e-01,2.061878822392985977e-01,2.511312774165106454e-01,1.718233342628933125e-02,9.728437570276429747e-02,4.896111900660360394e-03,5.350531997431452469e-01,3.882198853100835567e-01,1.121096615300493649e-01,2.651412270373467717e-01,6.696713106357902179e-01,2.500611581567213082e-01,1.004918832866821404e-01,1.899367230217559044e-01,3.497788522435087422e-01,1.156021827107456268e-01,1.485196904549845875e-04,9.614286069467295470e-02,4.913734165027767720e-01,3.357725719410745158e-02,2.333497465897388379e-01,5.591173730891843552e-02,2.570871043099128839e-01,1.263042886633992945e-01,1.670746746622362999e-01,4.262291246145165635e-01,2.939659583899916218e-01,5.413703235305596106e-02,9.485198879279321815e-02,8.547590608782415500e-02,3.327980087467984349e-01,3.343759988439085618e-01,1.496582512240854368e-01,8.869184863008883202e-02
2.413467783034242697e-01,4.705126656682008246e-01,7.186762626556481015e-01,3.130280665375176907e-01,2.389479656286678244e-01,4.948450489025927879e-01,1.579225054757249780e-01,2.104082464380785389e-01,0.000000000000000000e+00,5.789051212639744204e-01,4.084038608277285043e-01,4.962128517646224868e-01,4.673020130084242219e-01,3.284860784883567031e-01,2.812435697195714845e-01,2.466674267412176103e-01,5.134075360291388002e-01,3.759607390383444825e-01,3.326946505281186406e-01,5.109539435418894993e-01,1.318935672905079126e-01,4.371972461774165652e-01,4.454285274294836894e-01,2.718805584274514575e-01,5.047968869485554011e-01,5.384993701436575630e-01,5.808733027424964890e-01,3.834364244614626993e-01,3.721361392382215860e-01,1.409195307506556083e-01,6.203531842797732621e-02,2.343924162785151200e-01,1.723926065613378203e-02,3.992827008337873629e-01,4.053588577917696667e-01,2.876768815504515131e-01,7.172788393785435590e-02,2.153299236324625054e-01,2.338150512507938816e-01,5.641948629671355436e-02,2.543299494105805136e-01,1.249681850481046963e-01,1.308544144349656491e-01,1.767805493065967293e-02,1.058134355207065308e-01,2.087892428091143449e-01,3.360028612632528500e-01,5.986224942176122665e-01,2.979182797705642871e-01,8.790384413340512904e-02,2.912027909596601183e-01,1.852451716015003080e-01,1.635084820310078735e-01,3.915902980707515746e-01,4.366968913377929917e-01,3.425538605952061499e-01,5.188946467189027301e-01,2.477521240833673866e-01,9.911008738495999393e-02,4.080260120056435902e-01,2.832397924763643271e-01,3.908306888811885482e-01,3.835085193792917568e-01,6.801129514182591151e-02,4.050108993234106669e-01,1.063211279165216239e-01,4.741363084490956559e-01,5.377342818513857203e-01,3.174587995041478483e-01,2.935854909475337227e-01,4.414722328413233643e-01,4.782526252786134524e-01,1.710182613939101315e-01,3.154175624906357389e-01,1.968715560484167182e-01,2.286755428194205131e-02
6.407878919134188944e-01,6.210512772857950115e-01,5.303638183627437108e-01,2.530505466160737349e-01,9.753629889164319722e-02,5.203817585397820800e-01,1.630098172668702494e-01,1.941254412805254737e-01,5.789051212639744204e-01,0.000000000000000000e+00,1.924288658394964768e-01,3.244805415029806128e-01,3.734555487772062143e-01,3.993328087555461647e-01,2.037169636072845014e-01,5.217562414533398751e-01,7.059306893129531080e-01,5.202583564182928777e-01,2.675875704249045528e-01,2.489111734862994585e-01,5.400260263014868833e-01,4.009620205252066305e-01,4.671877553778992498e-01,1.959354137671559803e-01,7.314999804082655821e-01,6.854973418075231972e-01,5.623491551311976533e-01,1.858804525693303344e-01,5.560774911854348135e-01,3.898513509879784900e-02,1.171736833148150914e-01,1.152286577946981250e-01,4.357602851311744852e-01,6.083141803747726950e-02,5.084231108236717533e-01,2.519487730190044794e-01,6.978729159995755715e-02,1.767747929040977828e-01,2.285127291622356394e-01,3.603634846884130605e-01,9.521027998780501322e-02,5.937515532535607432e-02,3.197329862987883242e-01,1.693686415313417071e-01,1.286418726408744828e-01,5.740000896470263125e-01,2.473998839427608287e-01,2.396295357473302301e-01,3.313053820337931721e-01,5.797484428882193619e-02,1.894147893155672668e-01,1.344877166366775789e-02,3.940548503082447196e-02,1.037825783342966046e-03,5.187373262388262907e-01,1.152029542156261244e-01,4.726034786074217453e-01,3.660262355174911941e-02,4.106050952791283626e-01,2.268397533012513068e-01,2.945138360609630968e-01,3.737161514236578275e-01,3.684968196532307783e-01,8.230092678771191994e-02,1.302457724912337023e-02,3.860404538045686951e-01,1.815412361643043981e-01,2.778900116795157693e-01,1.337422366832235476e-01,3.803739911374217630e-01,4.931902746181524577e-01,2.900467735241248901e-01,2.451224363980342436e-01,2.373296053167112118e-01,3.217242721673564676e-02,4.159931158457870204e-01
1.774383618525418593e-02,9.788691459431271558e-02,5.980038716283230249e-01,1.880442683868457920e-01,6.008378505754731203e-01,1.067215528616009546e-01,1.802361022984715899e-01,1.781945547820980302e-01,4.084038608277285043e-01,1.924288658394964768e-01,0.000000000000000000e+00,5.972972278405042079e-02,2.331062208281080572e-01,2.715737585391526654e-01,1.932064965328076644e-01,9.176631115831854202e-02,2.169843317974461117e-02,1.139759503112695305e-01,4.093560049209745144e-01,3.312833400599451972e-01,9.063686412858457109e-03,2.276532075323993154e-01,3.706106927069472978e-01,3.147865428555022410e-02,1.074191419120268526e-01,6.568486588832830875e-02,1.684890518499712608e-01,1.921059591139346601e-01,1.587880831135069226e-01,3.332485595877862083e-01,2.051153083447344871e-01,3.353135191123707282e-01,3.548227803558517968e-01,1.932301924149357752e-01,6.784862058916985017e-04,1.659739057419024055e-02,1.011416130436935679e-01,2.718276833525765102e-01,2.817862049957843285e-01,2.963780876944742126e-01,1.314790854291448263e-01,3.223367600330484528e-01,2.509314587333336677e-01,2.797387820965668292e-01,2.818450590685682711e-01,9.242509287927404282e-02,8.560371040371153595e-02,1.727635984689109838e-01,4.487893489178872153e-02,2.908000289868608035e-01,2.135497508076898698e-01,2.121055957333742303e-01,3.502048231481557083e-01,3.739594856373088527e-01,3.603496039979973142e-01,3.980644624543933086e-01,2.568956230407697383e-01,8.640782886370629301e-02,3.688749227142369969e-01,1.797389532093618403e-02,1.155569733567782253e-01,1.115996340449976199e-01,1.364823592987549072e-01,4.194260385615418696e-01,3.546900176651646142e-02,9.784816298774975940e-02,2.540835435537832643e-01,3.044668195205008088e-01,1.019851590875851255e-01,1.651646806747112950e-01,1.371480117969534063e-01,1.704573539622749601e-01,1.703348085351457375e-01,1.119593324406450152e-01,9.637683296104934683e-02,1.840541547014375723e-01
2.664285010879176574e-01,2.919232558571631664e-01,3.013427213971298091e-01,6.897496917002032824e-03,2.192648473476979665e-02,4.646930251462318973e-01,8.412997701176611054e-02,3.676408143577875043e-01,4.962128517646224868e-01,3.244805415029806128e-01,5.972972278405042079e-02,0.000000000000000000e+00,3.710318676869759358e-01,2.974359565242486458e-01,3.596969942573426116e-02,2.059502348513751746e-02,3.352477614590935739e-01,3.480402383940418565e-01,2.676344525379689698e-02,1.332804135204659624e-01,1.511501783512356201e-02,1.440337036175630137e-01,3.446072715317558544e-01,5.053154238038755075e-01,3.345474116700500322e-01,5.775826200110952824e-01,2.325972345977935785e-01,7.449835372306901071e-02,4.912825166714651637e-04,2.769537729425175510e-01,4.954548734290362688e-01,1.667562741006668736e-01,5.388999684383118938e-01,2.590440611729556419e-01,3.785489270021965003e-01,2.721559997180384993e-01,2.390487633757464592e-01,3.604674281714851380e-01,1.131415208140581496e-01,4.724480807914825942e-01,3.537554352036341443e-02,2.554581580977870470e-01,4.048945236767864664e-01,3.386627281274094958e-01,4.297453057732161796e-02,2.777210389917175726e-01,4.306384870472754200e-02,3.740039054971435739e-01,3.124588455387160568e-01,1.873767068734614738e-01,2.049685856483023372e-01,1.746751107888785126e-01,1.094722727303138465e-01,3.625384056074126837e-02,1.281762806988803183e-01,2.825179382609080969e-01,7.379790017327602092e-01,2.072543835058378858e-01,2.606142974060591810e-01,7.985671949284703364e-02,1.795681244144883282e-01,1.358746851466285654e-01,6.126374928757992444e-02,2.698592607961209922e-01,5.903356733748339746e-02,1.191940920969150053e-01,1.674273266011392369e-01,3.189841998673108026e-01,4.873126655694717813e-01,7.487874169488586973e-02,3.044246523378254521e-01,8.113982563238701651e-02,1.752950785141941803e-01,9.490257145685396245e-02,1.841404456400568268e-01,5.194867347470810692e-01
2.077048772752721484e-01,3.456948636204570380e-01,2.408981621003226659e-01,1.066723837278489712e-01,2.649215925810124994e-01,4.231713132084980455e-01,4.866960278828369457e-01,1.165498660655482910e-01,4.673020130084242219e-01,3.734555487772062143e-01,2.331062208281080572e-01,3.710318676869759358e-01,0.000000000000000000e+00,5.808898224611495908e-02,7.225001041402159818e-02,2.658348481770496097e-01,3.917861036636192673e-01,3.550681353229554471e-01,1.940926095548245467e-03,2.051612456825217812e-01,1.302021586462702996e-01,1.915275824454767406e-01,2.895776838348621540e-01,1.801679786569402308e-01,2.346665677877550205e-01,3.630841332263015087e-01,2.125321948410839323e-01,5.634425996194494246e-01,3.522059414003980149e-01,1.819253778576367109e-01,3.239328298367460945e-02,1.946208725145626983e-01,1.003957647454393060e-01,2.313669625510938188e-01,3.358191342307556004e-01,5.753726853076601699e-02,3.757975150397019348e-02,2.233736386349078618e-01,1.483187885069670031e-01,9.942941939700286613e-02,1.936704997477747547e-01,3.802950579573487200e-02,1.973528938074564643e-04,7.518378149401136468e-03,1.074295051961580566e-01,1.338853931600531011e-01,9.919465073446190329e-02,1.631482281364202702e-01,7.831475395096701431e-02,1.418070910590669975e-01,2.282177906243223753e-01,1.790481729188048987e-01,1.472914822026928361e-01,9.970652871147994700e-02,2.756471427432153898e-01,6.125259689095480242e-02,4.538219158393808628e-01,4.460616386152718160e-01,1.154958434443434240e-01,5.310833884558724405e-02,2.952755011844132027e-01,3.810281950058350131e-01,4.865214097475640820e-01,1.297779634409928495e-01,2.675699188279978546e-02,3.138538920493949558e-02,1.442887605803311324e-01,1.998547916870237751e-01,1.588700096032755193e-01,1.730118429393011914e-01,2.101232582493592904e-01,7.586007123877040736e-02,2.942353338500578452e-01,1.189881557617884222e-01,4.084066091103867313e-01,9.543543350987977736e-02
1.773373042876631167e-01,3.288835397514929815e-01,2.537884647095104973e-01,3.060848972138039414e-01,4.343151901764461531e-01,3.658059311425628790e-01,3.075913936037132368e-01,5.310685387409254388e-02,3.284860784883567031e-01,3.993328087555461647e-01,2.715737585391526654e-01,2.974359565242486458e-01,5.808898224611495908e-02,0.000000000000000000e+00,8.224368240884752379e-02,3.264468434238356198e-01,4.798343377520968289e-01,5.057514578490415191e-01,1.161429094970486409e-01,2.324109613038236044e-02,1.705682060761144203e-01,1.902635345010925683e-01,2.355459719208027880e-02,4.336737634880356851e-02,4.460574160462741355e-01,4.065204915775423866e-01,3.434634356383824416e-01,2.425453209785481401e-01,1.589717401397309771e-01,3.877074989704672459e-01,3.204753583716892784e-01,1.081932473241064285e-01,4.232842330458362889e-01,1.758233096180574218e-01,4.236464634275560748e-01,4.737004086970426076e-01,3.733469031400464822e-01,2.239029511338049561e-01,1.353292919710281095e-01,3.863503626776293443e-01,2.163313506820991050e-01,1.615496751225996563e-01,5.087786859623626423e-01,4.237636969605197979e-01,3.888690747031199602e-02,2.116514004694214357e-01,2.598191822333795753e-01,4.057914947065957012e-01,1.397039036761217878e-01,1.787982262855379867e-01,2.871866925857066155e-01,1.043829656633791375e-02,3.068425977889739364e-01,1.397914707297725490e-01,1.736424039368571204e-02,7.384233458297323471e-02,1.913587011810508887e-01,5.708248683202105100e-03,5.851780738211211919e-01,2.525799790729355010e-01,3.047173313038886167e-01,4.729085212693488749e-02,9.820677122143836590e-02,1.924551276816072881e-02,3.322432149062522488e-01,6.669359099958534209e-02,1.410825657062571570e-01,1.755707386888670785e-01,1.300039448826986188e-01,6.177361312821748329e-02,2.568828436506864765e-01,2.921060620286611842e-01,1.905046808243393563e-01,3.137534118437778075e-01,1.356414415499935522e-01,4.668565096686750349e-01
1.078301495736366800e-01,5.278699378439004608e-01,1.646842700762133904e-01,1.769923380855313311e-01,1.165276346682353470e-02,2.571019420951187739e-01,1.700822953713161390e-01,1.577530670227828002e-02,2.812435697195714845e-01,2.037169636072845014e-01,1.932064965328076644e-01,3.596969942573426116e-02,7.225001041402159818e-02,8.224368240884752379e-02,0.000000000000000000e+00,1.837451985861402737e-01,5.225010326964228680e-02,5.280117163777237055e-02,2.187240016400626708e-02,5.951210090469438718e-01,4.526025736102981534e-01,7.084235078948646347e-01,2.733969479137144387e-01,1.439123949033405125e-01,3.460554859464015642e-01,3.655256272620896474e-01,4.145179838205882983e-01,1.431337838295516640e-01,2.277100728795002915e-01,9.916870970308758193e-02,1.125950525659979995e-01,1.883001046042385648e-03,1.357279839762620954e-01,3.231601350702941605e-02,3.420421423665393479e-01,2.767556145561912984e-01,1.170185179594953467e-01,1.590775648051409585e-02,1.971514456181739927e-01,4.661849490116766470e-02,2.053149062551120063e-01,2.190520859277360066e-01,2.951515502473720520e-01,2.649894267674863801e-01,5.267535548508639476e-02,9.539818799481014633e-03,5.713148306867680271e-01,2.067150283180844428e-01,1.044742416388974998e-01,3.144063833994855672e-01,5.613083657210875543e-01,4.617730952539373934e-01,2.004182091629001239e-01,4.628431837515392111e-01,2.592729541934956639e-01,6.932995885617215803e-02,1.458952362346334353e-02,3.510779216370765177e-01,1.602317628729240662e-01,6.542568689620698041e-01,1.253944715656344078e-01,1.523242595101211572e-01,2.288502267669448309e-01,1.590854240099452421e-01,5.063209185854203875e-01,4.276019301791166849e-01,5.986799225908869815e-01,4.359084612395609515e-01,3.039493665630982333e-02,3.810089067901993864e-01,4.080362391033785507e-01,5.893903255476760084e-01,3.577620508345680794e-01,5.922369733871514219e-01,2.109313975363145965e-01,3.051458540650792139e-01
6.233822922168327230e-01,5.663656218109511808e-01,2.442900463978008863e-01,8.801668847035043486e-02,2.528442037466125392e-01,3.979624584323800951e-01,6.899457259040375767e-02,2.500870568971660934e-01,2.466674267412176103e-01,5.217562414533398751e-01,9.176631115831854202e-02,2.059502348513751746e-02,2.658348481770496097e-01,3.264468434238356198e-01,1.837451985861402737e-01,0.000000000000000000e+00,5.818365591132645953e-01,6.231926924276857127e-01,2.609249391167668408e-01,2.985869084799808171e-01,3.778192330937759080e-01,6.310816924844104836e-01,1.566225555891900267e-01,1.433433038320306996e-01,5.390378673011937405e-01,3.696982648455893194e-01,4.581670036711868454e-01,5.886641564280092886e-02,5.462874404863716782e-01,7.156574663653519908e-02,2.192142442100968869e-01,1.474136873335898379e-01,5.250263675233919347e-01,3.669554024200334941e-01,3.985558450589718471e-03,5.749495108422810752e-01,2.721856461140771399e-01,2.580755509669939163e-01,1.345520395020456117e-01,4.599948385198213696e-01,2.162584179992146360e-01,2.123313821820787262e-01,3.326057100578628245e-01,2.658392192199635629e-01,2.593523001458069022e-01,5.531881396505691217e-01,4.055322617113203409e-01,8.309106391832343785e-02,1.101480547592654236e-01,9.800936414536498553e-02,1.336469022273019391e-01,1.223391602073168605e-01,3.598479753291508598e-01,7.049844355619083736e-02,2.039899902941983700e-01,1.417438360046165968e-01,4.166361456082302503e-03,4.004145790593097165e-02,3.831695429717699164e-01,2.331990842820453047e-01,5.455721931655224122e-01,1.910850007814993701e-01,3.461908001346766239e-01,1.336068621754622765e-01,1.350904220735993644e-01,2.061012475632957863e-01,3.335698223919443817e-01,9.444661476397561706e-02,8.476551262567338929e-02,1.777109740949410766e-01,1.874654724157779617e-01,3.048473738512768594e-01,1.470973926920630670e-01,5.037286626809671652e-01,9.997042882875536995e-02,9.367955672889166641e-02
4.766099099644848791e-01,6.299452545948311943e-01,3.575821403429101375e-01,3.736854942541877889e-01,1.099937076975246453e-01,4.817076821796960617e-01,2.409601525813525325e-01,1.144792797911945992e-01,5.134075360291388002e-01,7.059306893129531080e-01,2.169843317974461117e-02,3.352477614590935739e-01,3.917861036636192673e-01,4.798343377520968289e-01,5.225010326964228680e-02,5.818365591132645953e-01,0.000000000000000000e+00,6.649480318016561808e-01,2.598866091313175031e-01,1.438725550196454928e-01,3.958114278710411216e-01,2.676861731012541989e-01,2.352850851198736437e-01,1.647392296337815143e-01,7.472498988705461587e-01,6.062673636802730082e-01,4.019807818082653528e-01,1.576761002897750230e-01,5.088949672491502874e-01,5.294537087216738547e-02,1.341942767408321746e-01,4.952178786125769477e-02,4.509115565057755237e-01,7.011674664511155508e-02,3.869538728521398907e-01,3.529921903871748867e-01,1.056282548121007803e-01,1.821717088452443900e-01,6.555438184477546670e-02,3.961691458685586698e-01,5.913884636027984254e-02,6.759850379364827633e-02,3.228501098575369266e-01,2.176347742191086510e-01,7.609884007980027842e-02,5.178736519050646248e-01,2.077941877700654472e-01,1.869624249546896766e-01,3.797729237333700159e-01,2.467758201018513398e-01,1.731033504814370738e-01,4.737180841627830485e-03,1.536439843888124102e-01,4.865023023064579677e-02,4.061437547646896684e-01,8.607590587023167261e-02,3.801573120449973087e-01,4.918968470792206560e-03,4.061894901521665990e-01,9.386126584370654835e-02,3.465362054798373781e-01,4.480194452816447237e-01,3.681706499635953311e-01,1.956122704714016725e-02,4.917948326252891134e-02,2.115717574763047448e-01,6.316986193041027042e-02,1.342837679230357018e-01,2.164030431990738856e-01,2.813860987590263707e-01,3.846912323499913078e-01,1.399014955783739189e-01,2.529040410210232626e-01,2.399782340749397613e-01,9.309218774678100494e-02,2.471446507639541990e-01
4.326000594415279066e-01,6.411086943164702179e-01,3.958437604543391108e-01,7.259409628359558830e-02,3.435156577973980108e-01,5.359756208117008036e-01,2.061311165471185758e-02,2.679919550677293261e-01,3.759607390383444825e-01,5.202583564182928777e-01,1.139759503112695305e-01,3.480402383940418565e-01,3.550681353229554471e-01,5.057514578490415191e-01,5.280117163777237055e-02,6.231926924276857127e-01,6.649480318016561808e-01,0.000000000000000000e+00,1.673425608475532234e-01,1.917864682370701013e-01,1.508241325005925670e-01,4.017223337646677050e-01,1.343478089667385911e-01,1.781374461322210445e-01,7.024521882351769664e-01,5.533940152258347567e-01,4.689131505167479785e-01,2.645335298526943490e-02,3.956542191621034710e-01,2.610649607759808477e-01,2.718823189724451916e-01,3.023796952163799734e-01,7.001897824016478644e-01,1.278715250472139409e-01,3.972302497078427086e-01,6.409651335281751905e-01,4.590100766707885249e-01,4.129722515518418624e-01,2.982130975103807202e-01,7.848431856326190115e-01,2.010575636858867310e-01,3.577078552463909267e-01,3.753437248047917230e-01,3.473994199754527612e-01,3.132745609901899098e-01,5.164275275518022124e-01,4.483248184409331927e-01,2.902805097987274929e-01,3.248748608863959164e-02,1.547912924721496220e-01,2.923295132166633947e-01,8.882904437134725439e-02,4.400646161562987713e-01,6.622744408976175001e-02,1.771125420901001890e-01,7.674748292939753691e-02,2.430961831917738125e-01,1.689244162498567403e-01,4.259417635458921936e-01,1.441864708983888466e-01,7.694216040088794895e-01,2.139374534269921080e-01,5.510525807903216000e-01,9.501181749676707033e-03,2.163763004411500268e-01,9.383494385728580189e-03,2.726243362587750796e-01,1.095888984586119025e-01,2.766687256996800404e-01,2.213247742109840099e-01,3.428226189938899382e-01,3.798662486416227724e-01,2.346171809777808370e-03,4.727293517342043283e-01,2.940702992307031582e-01,2.399677756453429955e-01
2.017026603181155120e-01,2.783511124510603674e-01,6.136217626895741351e-01,6.196353588506836596e-02,1.861233343952988228e-01,3.474523075110254600e-01,4.616655916288595063e-02,2.186189411383011039e-01,3.326946505281186406e-01,2.675875704249045528e-01,4.093560049209745144e-01,2.676344525379689698e-02,1.940926095548245467e-03,1.161429094970486409e-01,2.187240016400626708e-02,2.609249391167668408e-01,2.598866091313175031e-01,1.673425608475532234e-01,0.000000000000000000e+00,1.654647921391945165e-01,2.270624112540663708e-01,2.847085787708127369e-01,4.145872768069799319e-01,7.484625137137015938e-02,3.041400803642695383e-01,2.934272296672514324e-01,3.401789616630933599e-01,9.712898255945123793e-03,3.054137750864052148e-01,2.463493868936343922e-01,2.174228725575441112e-01,1.994251131212283756e-02,1.002700586842885100e-01,2.090048814467489538e-02,1.903751122995873957e-02,2.591650176665337146e-01,1.740416242608942010e-01,7.908487971815063300e-02,8.993633842876230799e-02,1.036814469588864251e-01,5.560730062482406588e-02,2.092364109748820478e-01,3.247481584010364353e-03,3.822066275348352804e-02,7.214030090547179919e-02,1.352228815807956508e-01,2.485832756442430125e-01,1.745370423965074691e-01,1.278025052478835299e-01,8.946766531470878858e-02,2.412141221712418571e-01,1.145107512954491868e-01,1.099692924908730052e-01,4.031545087028831631e-02,2.980887847843902705e-01,1.141413220844971210e-01,1.502880517716291831e-01,4.055707954884191224e-03,8.720738712365830314e-02,5.311366571180614615e-02,8.394979328396877383e-02,2.387314104148760552e-01,2.086952116213034725e-01,8.103825701335986009e-01,3.349941398837302797e-02,2.019866387114733763e-01,2.375371178016881246e-01,3.340214117588544696e-01,1.004768191401026328e-01,2.268518862969669259e-01,2.993617311448484863e-01,1.877699140576091774e-01,1.101085954568454262e-01,1.756828602115549365e-01,1.261969665551871678e-01,6.360305851719645631e-02
2.675167781793689747e-01,4.388354469259830859e-01,4.462082995131507746e-01,2.170208495600225718e-01,2.460269167074905505e-01,4.481129692033009038e-01,2.417267683283852164e-01,1.171162171765072757e-01,5.109539435418894993e-01,2.489111734862994585e-01,3.312833400599451972e-01,1.332804135204659624e-01,2.051612456825217812e-01,2.324109613038236044e-02,5.951210090469438718e-01,2.985869084799808171e-01,1.438725550196454928e-01,1.917864682370701013e-01,1.654647921391945165e-01,0.000000000000000000e+00,4.897056701781121180e-01,8.571530471666672923e-01,4.936062331795808000e-01,3.516652607009689013e-02,4.443389718476724037e-01,2.914508804794733732e-01,6.338470265230979894e-01,2.895579883839393687e-01,6.232375804684352483e-01,3.421895748645477631e-01,3.371932625407680351e-01,4.192043541884746954e-02,1.078317112976290293e-03,1.107560270726556939e-02,2.348539358860181614e-01,9.205261567964560798e-02,1.072834932582452799e-01,2.247353008105701377e-02,1.928161947539403648e-02,8.286539402565462620e-03,9.257641367013438871e-02,2.656328185466785841e-01,2.410184152072579744e-01,3.109612500122257428e-01,2.302869931040571472e-02,1.928812371942455750e-01,4.608257643320832764e-01,2.505725204274830142e-01,5.813727140329838505e-02,1.970435996802751000e-01,5.628129922650830785e-01,3.530346053570223575e-01,2.038032315270129902e-01,3.865018077462220036e-01,2.873278113692292468e-01,7.651306110995187426e-02,4.852279777428913921e-04,2.404200161547151715e-01,1.134922732314315452e-01,5.565603698453722714e-01,3.466009942388316167e-01,1.794416923651088736e-01,4.530231484874213677e-01,2.046085906438806501e-01,6.218293117419121385e-01,4.873080857031054092e-01,7.794027285066135180e-01,4.662895814704859365e-01,2.876399207112234624e-02,4.394546961903932902e-01,3.497534422976104618e-01,6.498673504428632564e-01,3.201546232293757122e-01,6.386303501433140406e-01,1.447610097316514577e-01,2.920963513787618870e-01
5.640745882359634589e-01,5.218999047115986389e-01,2.062379624663182587e-01,2.887249120574343908e-01,5.845247809244016879e-02,4.056882616750441817e-01,1.155404694574738989e-01,2.584471333102598689e-01,1.318935672905079126e-01,5.400260263014868833e-01,9.063686412858457109e-03,1.511501783512356201e-02,1.302021586462702996e-01,1.705682060761144203e-01,4.526025736102981534e-01,3.778192330937759080e-01,3.958114278710411216e-01,1.508241325005925670e-01,2.270624112540663708e-01,4.897056701781121180e-01,0.000000000000000000e+00,5.908357275872788694e-01,4.974357340799659410e-01,3.223824546293527216e-02,5.507682206695752036e-01,5.173792524014815264e-01,5.004252858404232285e-01,1.166507085733986815e-01,6.889888454882677760e-01,2.795930179566508134e-01,4.564227692188949081e-01,1.332968274252979979e-01,1.161390965160867400e-01,1.479934674530740957e-01,1.143719813478753233e-01,1.483748147693026431e-01,7.704892017092997147e-02,1.776955408025915339e-02,5.040475060279580449e-02,7.672138680696372059e-02,1.289894615853692805e-01,1.436655271516473209e-01,2.037271903766595116e-02,9.636992643333230912e-02,9.675010137056019865e-02,4.646697069214714149e-01,2.021629520988590945e-01,6.870909227948421294e-02,3.103594789143768740e-01,2.308680476345826293e-01,2.508438618475343773e-01,4.936562061262633749e-02,2.260001647275020620e-01,1.292610082026314500e-01,3.463390025162851327e-01,3.629830053951888513e-01,6.444438922288023286e-02,1.911291616486820166e-01,1.024912029498983301e-01,4.740421302719648455e-01,2.458986552906034517e-01,3.585172963619074338e-01,3.331155856919900682e-01,2.092250298512022544e-01,2.373363667709470215e-01,7.181538501368203153e-01,4.776625968595927252e-01,4.473632947484651456e-01,1.298900059602356716e-01,3.825150826188081776e-01,3.866896974787304986e-01,3.390908098477773969e-01,1.136192533377660130e-01,5.009662861534567302e-01,1.110906913658773892e-01,2.935028755487413266e-01
