0.000000000000000000e+00,4.931047057120862553e-01,6.180387762704593613e-02,2.101111080493868744e-01,8.810121028619168071e-02,5.394123537558166426e-01,2.000972988818171816e-01,1.825647355118655557e-01,3.139048609636788667e-01,2.886268787680459913e-01,1.878200542153025954e-01,3.881329064943980778e-01,3.114803410795798921e-01,3.548951089347013310e-01,4.560817169744576516e-01,7.817967641390484168e-01,1.236535624262580790e-01,4.409808958602086104e-01,2.834151879242600147e-01,5.345413944990847765e-01,4.738665827209956882e-01,1.500492396111224869e-02,4.853667979709135882e-01,5.437662524446486012e-01,7.496143186614139253e-01,4.959424129930323222e-01,5.529528689399798580e-01,4.031312134359993360e-01,7.133576103558474379e-01,6.043788976405318758e-01,3.921334777481018108e-01,1.547215561364261582e-01,7.743799299548537185e-01,7.782277926699410209e-01,3.484845954995650086e-01,1.987175317799555752e-01,1.216857818171087902e-01,1.909908060186771284e-02,2.967821287331037228e-01,4.224047435266840012e-01,7.177904314051114509e-02,1.738136475722643626e-01,3.846726178619930964e-02,3.147790143061070522e-01,1.247715783292552838e-01,4.515919906472189438e-01,5.228871080993860998e-01,2.282944068161479600e-01,2.230248175598135152e-01,1.206145591218024393e-01,1.333508079927674117e-02,6.141984068141839170e-01,3.811722102006076529e-01,5.875871184394051983e-02,4.206707972530729367e-01,1.277133846186604971e-01,3.879968304411207103e-01,3.288357050114278368e-01,1.129684281585165706e-01,2.894218911438672936e-01,6.652258356819371610e-01,6.151433964645621755e-01,6.613684794703988956e-01,3.420290564462977190e-02,6.031939382933317884e-01,2.777496500382444222e-01,5.626873328786343720e-01,3.599218921973424967e-01,2.781365261251480536e-01,5.773587266366690951e-01,3.385673877462332393e-01,4.656396252759954502e-01,5.227222844338325070e-02,4.805434807984892975e-01,6.250771681706641658e-01,2.476941165844131487e-01
4.931047057120862553e-01,0.000000000000000000e+00,6.463363323079895917e-02,4.095726138986499065e-01,1.819033564464478669e-01,7.412334491074201726e-02,2.648867439469018148e-01,1.465958120948739063e-01,5.477499314703409006e-01,3.891914293402615743e-01,1.053684366050490345e-01,1.984454128644131399e-01,8.879366265854332640e-02,1.600149986286716342e-01,6.624884300806865856e-01,4.259268703254231458e-01,2.625800915489539533e-01,4.032832539996887844e-01,2.309875414651918202e-01,5.839345166848961544e-01,6.974134357142923735e-01,3.134469672648986238e-01,2.509989611244373142e-01,3.014183174695103662e-01,7.913840797145685890e-01,6.428124621834504504e-01,4.016882666490887988e-01,3.357946598851146991e-01,5.327096741841073069e-01,6.977680796796268403e-01,2.350702873481403388e-01,2.383687954414063503e-01,6.475049782887215555e-01,3.799020987741421052e-01,4.895662985784544619e-01,1.266906598152221508e-01,5.878796573039463819e-02,2.168978813605811073e-01,1.781275849566266445e-01,4.612374844246651673e-01,3.864942839956817533e-01,4.157957223783135814e-01,6.609462690213949165e-02,2.345939728898561449e-01,5.338268906180970719e-02,3.071164346311060500e-01,2.812528556433698812e-01,1.394316458378883072e-02,1.072579771066209942e-01,3.662624885165041699e-01,4.915492247464755549e-01,5.560400613245078949e-01,6.787657482993075808e-02,1.359299194905761454e-01,5.596346856360131516e-01,1.604426284412421855e-01,2.349665790576658808e-01,7.821170023807466620e-02,3.224746338210861263e-02,1.966934695748619455e-01,6.647212991536116666e-01,4.064669703723435834e-01,5.653890472770516373e-01,2.205163562456465276e-01,4.486158587138963649e-01,8.366652327592055682e-01,3.494475431154480116e-01,3.030135254911187070e-01,4.903581499526124543e-02,5.398599753422301806e-01,4.303944200370238282e-01,6.768760070321444555e-01,2.068125815811605872e-01,4.101236834337869119e-01,4.204867777325338452e-01,6.925833035237782820e-01
6.180387762704593613e-02,6.463363323079895917e-02,0.000000000000000000e+00,8.555702358844713418e-02,3.948984645961240991e-01,3.195039394365916663e-01,2.895672869081944434e-01,4.623523203367994605e-01,4.919435379418808929e-01,2.896987357765958837e-01,6.652212882290542417e-01,3.301792297151812106e-01,3.150039772169020980e-01,2.786714126578429540e-01,1.906271950171201102e-01,8.352579830898311519e-02,1.966201950250811570e-01,6.943993692992544986e-02,4.165157767836435432e-01,1.961113640702518701e-01,1.452103111143123737e-01,3.067825428508819674e-01,5.215249030107271810e-01,1.182310777695858850e-01,8.132993510254399316e-03,4.083473282447595554e-01,2.950290890518262321e-01,2.828546805703691658e-01,5.837961189018903152e-02,1.029542963452881876e-01,3.667658861314451735e-02,1.959910950601199409e-01,1.504241434615210260e-01,3.553518706058178545e-02,2.560271593388803169e-01,1.143796481346990440e-01,4.299080517124471285e-02,1.364127418622558541e-01,2.676172597425287014e-01,5.285192682037496981e-02,1.220492036719904305e-01,3.780135717000920881e-03,1.424596040338641789e-01,1.549435088793063575e-01,4.024448333301022807e-02,1.412925215153172931e-01,3.777525578575860465e-01,6.822677452706720214e-01,1.624380117881300128e-02,1.681129717826564951e-01,6.607289989765657845e-02,1.513571329403865240e-01,2.748780596133527099e-01,5.661697449440442620e-01,2.530367154578933020e-01,6.483909818431325967e-01,3.833235826426781845e-01,2.235247298357690149e-01,2.664189198693193150e-01,1.849939477061140480e-01,6.512440708991043548e-02,1.507915121464426522e-01,1.053667109508718142e-01,1.563507333925202580e-01,3.666029017147516833e-01,1.184131748305881360e-01,1.435934627387894236e-01,3.486494871683927799e-01,4.717050786883988933e-03,2.032694332998625508e-01,5.314480741167080247e-01,2.470546366004405803e-01,2.329145529723745667e-01,3.967254377727663095e-01,2.042055840327797467e-01,9.534256904100002483e-02
2.101111080493868744e-01,4.095726138986499065e-01,8.555702358844713418e-02,0.000000000000000000e+00,1.019688230980949351e-01,2.022996752410551047e-01,4.489166833851784832e-02,1.879498710094182623e-01,3.610333578469483995e-01,1.873320029502370809e-01,1.231524488674993756e-01,1.335875831313569351e-01,1.595063285541677423e-01,1.675395891486717026e-01,4.887727682582788669e-01,1.880487895561220868e-01,2.097097171622090417e-01,1.252973895027238715e-01,1.187558362649392685e-01,4.378923268366816113e-01,5.210720381217208708e-01,2.392932586136665707e-01,2.679193573999404804e-02,2.479002145585596228e-01,3.299119837931502874e-01,3.102322328666703433e-01,4.649642102786957221e-01,5.123438884830622264e-02,4.884383681917551234e-01,1.284369397562613035e-01,6.730655725445269799e-02,1.220527788037249761e-01,1.932684457381084464e-01,3.531154305904112278e-01,4.042302316813288776e-01,4.213481449301185733e-01,3.026979067481010421e-01,1.525340075136154550e-01,1.782315192663937176e-01,4.139246789118375403e-02,3.046736968894792619e-01,2.616113881227913329e-01,1.767783700747436737e-01,2.602200447443418496e-01,1.568188389748975120e-01,1.435497686782999938e-01,2.627256370609704073e-01,1.704444260752951967e-02,2.010624527036306841e-01,1.973051159334457405e-02,2.782689780870650775e-01,2.275009396448648413e-01,4.456858537208838178e-02,1.022501622962682516e-01,2.238882034419553690e-01,1.382673985443333697e-01,9.578929691733174823e-02,3.523592236673465244e-02,2.416650803023622784e-01,2.796570394237017365e-01,5.010862359216431416e-01,2.550972948132345097e-01,3.861244801855653885e-01,4.448184230836586123e-02,1.024024971282981311e-01,4.932688409856796907e-01,1.488414659521510031e-02,3.127191549517732011e-02,6.113548012346101124e-02,4.931732386496139320e-01,2.581158099730642697e-01,2.617776835538027647e-01,1.176081339757307498e-01,1.571683090669196425e-01,2.106118811033771965e-01,5.733638941969505520e-01
8.810121028619168071e-02,1.819033564464478669e-01,3.948984645961240991e-01,1.019688230980949351e-01,0.000000000000000000e+00,5.929971614731188723e-03,6.195188272822319542e-01,2.542010869713862142e-02,4.851341862666732618e-01,4.479648558908260747e-01,4.169165372786514112e-01,2.783055464309648341e-01,3.042949865008525712e-01,2.652872585809005201e-01,1.038701967293859107e-02,1.244243051941752165e-01,4.911391431240758609e-01,2.851573394387206251e-01,1.199841311303980751e-01,3.111085493603413243e-02,3.032773770694105475e-02,2.255259602791512552e-01,8.285792070391287401e-02,6.211915313493487217e-02,1.175540680946669803e-02,1.961687344966636382e-01,7.801728993173406845e-02,3.686109846017932012e-01,9.460265347882740317e-02,6.196452320352474619e-02,3.420383292428055833e-01,4.166868990548441842e-01,2.593644903190771567e-01,1.775424763470625500e-01,8.482132133522124473e-02,1.585124276115267017e-01,1.120109976622635922e-01,2.102101731596565659e-01,4.447353770539606010e-01,2.452222516829070942e-01,3.705548773727280198e-01,9.021305920135727630e-02,2.270289340282426460e-01,4.465544470574038527e-02,1.728403636650795439e-01,2.227698750541853845e-01,3.791225366822458670e-02,1.697038022492386999e-01,9.519336239241643627e-03,6.564082261261744433e-01,1.256751439424189931e-01,3.522555578465149662e-01,3.635596412844671610e-02,4.060380416999403441e-01,4.591336953840053914e-01,3.330870201685482423e-01,3.112767400723485123e-01,2.368721958239221881e-01,3.832293212407419380e-01,8.694498996961450010e-02,1.185892576917101648e-01,3.257355108838689284e-01,2.222105210242435180e-02,1.999326088680900559e-01,2.030037867639512827e-01,7.873985811041511740e-02,4.889317954457672588e-02,6.439588434535661876e-02,7.507329467517596944e-02,1.087652617142072786e-01,2.669095846505972203e-01,2.933676459111106416e-01,4.538136382703549243e-01,1.336122525143751127e-01,1.009880127696959062e-02,6.910868085705795805e-02
5.394123537558166426e-01,7.412334491074201726e-02,3.195039394365916663e-01,2.022996752410551047e-01,5.929971614731188723e-03,0.000000000000000000e+00,3.334973544581635863e-01,6.216001489945162106e-01,2.657873942997839856e-01,5.404425469243756552e-01,2.004021497652934136e-01,7.391125730275496242e-01,6.603169968911830612e-01,6.620764112097067555e-02,4.505746664743547347e-01,4.611764371453385691e-01,3.446694907460669532e-01,1.074950924179103318e-01,1.498870167979621248e-01,5.696170727196900874e-01,4.931568454105869082e-01,3.528912664715921910e-01,6.589343163574948870e-01,2.593122056570955625e-01,4.185240985669277936e-01,3.014119792604511017e-01,7.353985366060102891e-01,5.785643420543749027e-01,6.634361523616805201e-01,1.600103025096938913e-01,2.976364238178373922e-01,1.271315204816435562e-01,5.784691537076556145e-01,4.568104405844892746e-01,4.175432836465398090e-01,2.663675817500300025e-01,1.252175810898186747e-01,6.349964790077636256e-02,1.138705980682223895e-02,3.459187064730097072e-01,2.381231751021576915e-01,2.504775509139918199e-01,1.084852689451914903e-01,3.895383482822010746e-01,8.459658399841421539e-02,2.946307591069520782e-01,8.097802048683961917e-01,2.913872068713507790e-01,2.732317697246144372e-01,4.802022689618214157e-02,6.362156793387974130e-02,3.911341778100274613e-01,4.508160405100357093e-01,7.233685805205275487e-02,3.316219722558713667e-01,9.652137902247417967e-02,6.147297401675223538e-01,4.756903841948094125e-01,3.119484704308942424e-01,4.772874793073377253e-01,3.550352942676794354e-01,5.696676154491986388e-01,1.923731707387965617e-01,2.693748957626132534e-01,8.230498289023103764e-01,1.728392602227115382e-01,6.360953677935647921e-01,2.240011203178155497e-01,2.612645725001902508e-01,5.283746551101379252e-01,6.146147243585011744e-01,6.442119081977273343e-01,2.941946157896642433e-02,8.107458318100013717e-01,6.589037912295279131e-01,1.031975712208609008e-02
2.000972988818171816e-01,2.648867439469018148e-01,2.895672869081944434e-01,4.489166833851784832e-02,6.195188272822319542e-01,3.334973544581635863e-01,0.000000000000000000e+00,1.241496497899182982e-01,3.315617402293287164e-01,6.720605331844418107e-01,3.361744672089828079e-02,4.762522281619882558e-01,5.890944819575641977e-01,2.279314294314404299e-01,1.314713211636643619e-01,4.845595702230293123e-02,7.235628652369106018e-01,4.216307767343864255e-01,3.471674972146873706e-02,2.568090046686376526e-01,2.170749363705372914e-01,2.908580639333747109e-01,2.038683434256911564e-01,1.707679244459652523e-01,7.089032563846536794e-02,2.128503832408273344e-01,3.399563388489917348e-01,4.488508958698694817e-01,4.735394310057964851e-01,1.275792148400869130e-01,2.715932396176784502e-01,4.682269147334077730e-01,5.746286666245656871e-01,3.970803138276110533e-02,3.259162849598681300e-01,6.655460166908912234e-02,1.671289451032871021e-01,2.346049383432468605e-01,4.071226368128779693e-01,5.053939525666978350e-01,4.403186646794311487e-01,3.109099156653946094e-01,2.514073928219905385e-01,1.168642563079506230e-01,1.657262619955441885e-01,9.629149567443258395e-02,3.041351765208868407e-01,1.390299834786905830e-01,3.698775987389985032e-02,5.600088995010210624e-01,1.082342601984446900e-01,5.888281946891709140e-01,4.282298810749943230e-03,2.154385900222574590e-01,6.219165068676113517e-01,9.992479443824497931e-02,4.744214507233550648e-01,4.226952705120192721e-01,3.463201181284853436e-01,2.547927837792625105e-01,3.613092238330183892e-01,5.048727885165376073e-01,1.937141065190061406e-01,3.963929424249884592e-01,4.777095189253601215e-01,1.812703599568596113e-01,2.880695440400679042e-01,7.203897912634610323e-02,2.227560050094487543e-01,4.172085921312792545e-01,4.165082773910600000e-01,4.713340158079518671e-01,3.037277890660309843e-01,3.042750333548109309e-01,2.125673027342103172e-01,1.072104642022241733e-01
1.825647355118655557e-01,1.465958120948739063e-01,4.623523203367994605e-01,1.879498710094182623e-01,2.542010869713862142e-02,6.216001489945162106e-01,1.241496497899182982e-01,0.000000000000000000e+00,7.522297489783702495e-02,2.455154150084409015e-01,3.133432172227085255e-02,6.689887361069777327e-01,5.046340070247865572e-01,2.384733545636742169e-01,4.832844786717876984e-02,3.452042469969504035e-01,6.381516012172808172e-03,1.636352318612674939e-01,1.171889932072652518e-01,3.360223124842443010e-02,2.984277440913951640e-02,6.903667104104974084e-02,7.021137598415714276e-01,2.778188093022532223e-01,1.508487681202501651e-01,4.499835445454821725e-01,2.729421967278343186e-01,2.340148803334392291e-01,5.436592319088193181e-02,2.789684192719676936e-02,3.807736710960432647e-01,2.581670798412285389e-02,1.212046247119869524e-01,1.628359557405876235e-01,1.209567760087715549e-01,4.375506342791238290e-02,1.445624509241605626e-01,9.042319843892415721e-02,1.769858069025045944e-02,9.888375864838798435e-02,3.083641472755401999e-02,2.716412558411596123e-03,2.781523936178024181e-01,2.173820869764980512e-01,8.716901100365340160e-03,1.287778125050665357e-01,3.962510322331871393e-01,5.093005066165428030e-01,2.719993398291521980e-01,1.175965504002182277e-01,4.068150694380411325e-01,1.495434719193116102e-01,7.472389745667425975e-01,6.595200531043787784e-04,1.817800130284252247e-01,1.923991996469844035e-01,6.311288779233631407e-01,5.126088013390358578e-01,3.937275011882709341e-01,5.691100241415849581e-01,1.520037567807449863e-01,2.721198444875455591e-01,1.430358773908555481e-01,6.502532151893269941e-02,4.983951960820930394e-01,1.995677354787224467e-01,4.223305428910834602e-01,4.502748622425974956e-01,2.061174936242344269e-01,7.925938996366885259e-02,4.350493312413949987e-01,2.312301019681775593e-01,9.353400276662740542e-02,5.243183440724903388e-01,2.856477019825003349e-01,3.769362246446354980e-01
3.139048609636788667e-01,5.477499314703409006e-01,4.919435379418808929e-01,3.610333578469483995e-01,4.851341862666732618e-01,2.657873942997839856e-01,3.315617402293287164e-01,7.522297489783702495e-02,0.000000000000000000e+00,4.645197100750592667e-01,4.364459369220556328e-01,3.307873046558217345e-01,2.187040913665277420e-01,1.980305037615545660e-01,6.260984813516579095e-01,2.233661002281000785e-01,4.564715696568888426e-01,1.388649553212296939e-01,4.892094419790845583e-01,6.510798822225745131e-01,5.342899766230320147e-01,5.869869590670186987e-01,2.886555019864742166e-01,4.714393906490790265e-01,5.073273268995071028e-01,1.182747446516678735e-01,5.796350868457255112e-01,6.194166028582970274e-01,5.528602771983743835e-01,2.673834499675360465e-01,1.012292673354131534e-01,7.099797918437225630e-02,6.607893333652029577e-01,2.203232235134338635e-01,4.021135420272255456e-01,1.987088401459231324e-01,1.017687741285903114e-01,2.325276183358896964e-01,2.968964795165829340e-02,5.512614962195486745e-01,4.299600313196572099e-01,2.337581660169524844e-01,7.877612575918346849e-04,2.462942728324267194e-01,2.166075957159969700e-01,4.587200724064383062e-02,3.911420636720738253e-01,2.926094503167376293e-01,5.473132835969714977e-02,4.824410671054399358e-01,5.877768728566881151e-01,4.038899999935575691e-01,1.225341273576111001e-01,6.625338174346513398e-01,3.305082570707459921e-01,1.807878654344561298e-01,2.497713532992749119e-01,5.526277238742999254e-02,1.402701772778157663e-01,4.525517814109764059e-02,5.046712894303785335e-01,4.167831805577533189e-01,2.064355967515804358e-01,1.887987446846983719e-03,4.610815134717423103e-01,4.275519409939167459e-01,1.785626351704520109e-01,4.249874968870964720e-02,4.830429990406520657e-01,3.695966230293510901e-01,3.814428427688316692e-01,6.598136586907805690e-01,2.702823856321716067e-01,5.890835431595919935e-01,5.466153963891391410e-01,4.854705783255162110e-01
2.886268787680459913e-01,3.891914293402615743e-01,2.896987357765958837e-01,1.873320029502370809e-01,4.479648558908260747e-01,5.404425469243756552e-01,6.720605331844418107e-01,2.455154150084409015e-01,4.645197100750592667e-01,0.000000000000000000e+00,4.864589547527076174e-02,6.586442689238654058e-01,4.731398659143215002e-01,7.641617805197853386e-02,4.953120655651973570e-01,3.074715336451921965e-01,6.304304956201910448e-01,4.483954715248983369e-02,1.621652742283066773e-01,6.218355248273823577e-01,5.543549915875238820e-01,5.208308597482710356e-01,4.220887627057097746e-01,1.648184077150870730e-01,3.809538426523207955e-01,1.502943334286320765e-01,6.230728650618946318e-01,5.378003639888326859e-01,6.904170829288767131e-01,2.723878155725384387e-01,1.251028092045443074e-01,3.125546324519100638e-01,6.171945643873094633e-01,2.622971844154915466e-01,5.784683227104445713e-01,8.229826230967350609e-02,1.367283348251346620e-01,1.094654432281148004e-01,1.897055611689925647e-01,3.969824255825230575e-01,3.817497456370597120e-01,1.932180836075994279e-01,2.146109508675786703e-01,2.491866688088209825e-01,2.476786138937324133e-01,1.554272005807221801e-01,5.311984486657719273e-01,2.597631666612189028e-01,2.590868583654220014e-01,4.199232813222764094e-01,2.626441951434366762e-01,5.868720449550642870e-01,1.319926213650879365e-01,2.514026643309248965e-01,7.141665653446505058e-01,1.344986138426949585e-01,5.704521070141963524e-01,3.107919972652665175e-01,1.815395242412408128e-01,1.399677968728349486e-01,5.214931721951110433e-01,5.870836486260535558e-01,3.585600474979365737e-01,3.609061854202455510e-01,5.160998219506953699e-01,4.520376991747695472e-01,2.973554318927343898e-01,1.319125950943133563e-01,1.660010111512856268e-01,5.770206489101411540e-01,6.144912992862459067e-01,6.132943105492367764e-01,2.208745220399982168e-01,4.856756144511081841e-01,4.377948820310560429e-01,2.796527786165875495e-01
1.878200542153025954e-01,1.053684366050490345e-01,6.652212882290542417e-01,1.231524488674993756e-01,4.169165372786514112e-01,2.004021497652934136e-01,3.361744672089828079e-02,3.133432172227085255e-02,4.364459369220556328e-01,4.864589547527076174e-02,0.000000000000000000e+00,4.291974842326956585e-02,1.004103984588831655e-01,1.462783026287484966e-01,2.327702737343489980e-02,2.186553711856615081e-02,2.487705701392706192e-02,2.779917964441180889e-02,4.944468660193784837e-01,9.353252770407105565e-02,8.670820425109285190e-02,6.305805933040029010e-02,6.853023714684958190e-02,3.218719743899573632e-02,5.832309035883043169e-02,6.584378810919128133e-02,3.967980289499117852e-02,5.437885276897935771e-02,1.994519427042533988e-01,2.249323856839922087e-01,3.545495402871978730e-02,3.564813540706027184e-02,1.268721819979737320e-03,2.397737032459623316e-02,3.551180942773124460e-03,7.177678046919251653e-02,8.503932689526116917e-02,4.594906083541636099e-02,7.345298899142452265e-02,8.611395183313008683e-02,6.888489110777534785e-02,2.236807014913660963e-03,2.646439971332462116e-02,5.889467268552587426e-02,9.195495236768733149e-02,1.959357474041404368e-01,1.456320230374552605e-01,4.988229431194852181e-01,3.235830445639027719e-03,2.773624156288775344e-01,1.347766069525430932e-01,2.194389574345595451e-02,1.420711434229642856e-01,4.878441970320196441e-01,2.828310360871473528e-02,7.508111752684203388e-01,1.250277696568238839e-02,1.264020898810149229e-01,1.062900029330237361e-01,6.080803251349234384e-02,1.225788090442002376e-02,4.592509519560947218e-02,9.132866450620126531e-02,3.237764422413074161e-01,2.907178468701740459e-02,1.606651682519391611e-02,1.649958077628416175e-01,6.905556714816923902e-02,9.067278239645890081e-02,7.797794392440737798e-02,3.040229122484047752e-02,9.420682481631470484e-03,1.144514138141174975e-01,2.506030347222560142e-02,5.971918952138744602e-02,2.024529846041062814e-02
3.881329064943980778e-01,1.984454128644131399e-01,3.301792297151812106e-01,1.335875831313569351e-01,2.783055464309648341e-01,7.391125730275496242e-01,4.762522281619882558e-01,6.689887361069777327e-01,3.307873046558217345e-01,6.586442689238654058e-01,4.291974842326956585e-02,0.000000000000000000e+00,6.988683922462652909e-01,2.593890131256379461e-02,3.137957197875210213e-01,4.197571545186234432e-01,3.733634399599037867e-01,1.783008622637685114e-01,2.137714986156293573e-01,5.075277083288537439e-01,2.912786025757023167e-01,3.206918778651334234e-01,6.329166217053621146e-01,3.558665014370021584e-03,4.507210726394129119e-01,3.327776778488950593e-01,5.795527330679077771e-01,5.961705163244843675e-01,4.901166197140149339e-01,2.004663992157120767e-01,2.898206525927249366e-01,1.597099007450830666e-01,4.926118384713089604e-01,3.029997942962014967e-01,3.965803525684981068e-01,3.742457905507827476e-02,2.311920581424826149e-01,1.544841794851395389e-02,2.014180915992774823e-02,3.603624333784047340e-01,2.207265521052535207e-01,1.137763693402203125e-01,2.723353149090879111e-01,2.293386070752630457e-01,1.761601030096165976e-01,1.540033351122796490e-01,6.021800303571819279e-01,3.825105405545677906e-01,2.147980658456887237e-01,2.201307727542715642e-01,1.825019047983697518e-02,4.288995432101759819e-01,4.119822393105632696e-01,2.137212022910490172e-01,4.855805164506685201e-01,9.987024497315158400e-02,8.529536755187727692e-01,4.793494240230374848e-01,3.159687378298428051e-01,5.100462761728524752e-01,1.918485636442226472e-01,5.656322556319778316e-01,1.556515588970969477e-01,2.744753593289116500e-01,7.132974129787199580e-01,1.999514154331137605e-02,5.555133128437889090e-01,2.150731105929530318e-01,1.079844068008526947e-01,2.773808343040857771e-01,5.380013486033441428e-01,5.853312111733613987e-01,2.065946285408361005e-01,7.348613296395739569e-01,5.180353246312000559e-01,6.254581838405819105e-02
3.114803410795798921e-01,8.879366265854332640e-02,3.150039772169020980e-01,1.595063285541677423e-01,3.042949865008525712e-01,6.603169968911830612e-01,5.890944819575641977e-01,5.046340070247865572e-01,2.187040913665277420e-01,4.731398659143215002e-01,1.004103984588831655e-01,6.988683922462652909e-01,0.000000000000000000e+00,3.451104319309312995e-02,1.389154028421338283e-02,5.290443121452031994e-02,5.074954205060989709e-01,2.558781829225567073e-01,7.687187542020607056e-03,1.201133529485026996e-01,1.659758214919118680e-02,1.132640616224192542e-01,3.338665833998247234e-01,6.160288098025976100e-02,1.814476964480585819e-01,4.711273953843563844e-01,2.993377936199305700e-01,6.657618822664777003e-01,3.505410618643224341e-01,6.501960133048703683e-02,1.933773496526094982e-01,1.889279045539848378e-01,4.555959056004224572e-01,1.295556679798720856e-01,2.541724408397322832e-01,1.360038758905979250e-02,2.483006873385899815e-01,3.556214636394131046e-02,9.279970115986943546e-02,4.116252334559647452e-01,1.696605082297563960e-01,1.608098242067483863e-01,1.754577197742675509e-01,2.071958046890238214e-01,5.761920788168811702e-02,3.526985641765037482e-01,4.164387769702526665e-01,2.675922116620983449e-01,7.456860598518982863e-02,2.692228084635842067e-01,1.275994421627007214e-01,3.478625824566970448e-01,2.382177889688567585e-01,1.721559506795160566e-01,3.673778270494710840e-01,4.017183751182917817e-02,6.270931668471080300e-01,6.467507970883369373e-01,3.242307558217312757e-01,6.125220641230068042e-01,5.333728880629868413e-02,5.677599737041276740e-01,6.413612001082491521e-02,3.049555596775296862e-01,6.852219464780435754e-01,2.297707148667457178e-01,5.450798954357892745e-01,8.207175976245900673e-03,2.736314401721264833e-01,1.447074758469951150e-01,3.617451718087189572e-01,5.221500077745100388e-01,2.468807270299073764e-01,5.675908988353051132e-01,3.237656400154923508e-01,2.205200177618577562e-01
3.548951089347013310e-01,1.600149986286716342e-01,2.786714126578429540e-01,1.675395891486717026e-01,2.652872585809005201e-01,6.620764112097067555e-02,2.279314294314404299e-01,2.384733545636742169e-01,1.980305037615545660e-01,7.641617805197853386e-02,1.462783026287484966e-01,2.593890131256379461e-02,3.451104319309312995e-02,0.000000000000000000e+00,3.089697866136836280e-01,1.200891220586370739e-01,3.443049692559291969e-02,1.875293281715028626e-01,1.010443545505031460e-01,3.099101084067946155e-01,2.542817619343629154e-01,1.311245083642590403e-01,1.570972514022697109e-01,3.234749335455016084e-01,3.847340240410198620e-01,3.143825355822250089e-01,1.060099532709341402e-01,8.164778196020305856e-02,2.342265921560790776e-01,1.132899702669673964e-01,2.714213252915607111e-01,2.523869534321328545e-01,1.928173378417049888e-01,3.166380452775782173e-01,5.021699898323478406e-02,3.440020781986066756e-01,1.056620239320652521e-01,2.762631254823249005e-01,3.775305524068612861e-01,2.363626649642203426e-01,3.758591845554168365e-02,9.963550184659478171e-02,2.964796561297536881e-01,8.740704047488349893e-02,3.037685145533940145e-02,2.689963162487297721e-01,4.594849442657561456e-02,1.531002294943968334e-01,4.844009697254757218e-02,1.031323828208858401e-01,4.103032976468669601e-01,5.135132209469957243e-02,2.805628486362998775e-01,2.255450028094967835e-02,1.473096328419304379e-01,2.574270838643565318e-01,1.872093987740085785e-01,2.649382163368083631e-01,3.896270288989675534e-01,1.290651410645000385e-01,2.115478346676585297e-01,4.610064092099742938e-02,1.882513851630398527e-01,6.801797603397348457e-02,1.066922558592256487e-02,2.365269650164149307e-02,7.905354603083755705e-02,3.275211744425596816e-01,3.719707388148836835e-01,7.234494210297330585e-02,2.565113068134865504e-01,1.991866321500829484e-01,6.405289998835267395e-02,1.456693155368132819e-01,2.234048288986072717e-01,3.209930974578967255e-01
4.560817169744576516e-01,6.624884300806865856e-01,1.906271950171201102e-01,4.887727682582788669e-01,1.038701967293859107e-02,4.505746664743547347e-01,1.314713211636643619e-01,4.832844786717876984e-02,6.260984813516579095e-01,4.953120655651973570e-01,2.327702737343489980e-02,3.137957197875210213e-01,1.389154028421338283e-02,3.089697866136836280e-01,0.000000000000000000e+00,4.895951978377888203e-01,3.504679975398739544e-01,3.439586888344202120e-01,2.375539199950819080e-01,8.780228082224988961e-01,8.937706876992853600e-01,7.189704534871528274e-01,4.405500617555457299e-01,4.419452156905598339e-01,6.282696414634341142e-01,3.079983249289593439e-01,7.663636557756251522e-01,4.864008551318582674e-01,7.195056168996385448e-01,4.544099641089552888e-01,5.423113814407376498e-02,1.265082252241851446e-01,7.193842090068777173e-01,4.661320820175625101e-01,4.630124044951678952e-01,4.423571341130922430e-01,5.621733396745233480e-02,4.654617061310059589e-02,4.928507478305073006e-03,3.868565643205637561e-01,5.603086351751231931e-01,4.528004028618362597e-01,1.541105101182801695e-01,3.026178367860503649e-01,2.207072355555966814e-01,1.965376974438000079e-01,5.939176077786678665e-01,1.014073286667869778e-01,1.805139893322918465e-01,1.271712788147064122e-01,4.735738816782720240e-01,4.320686414839915446e-01,8.990940886638043583e-03,2.402622344760887985e-01,3.784986401072744089e-01,1.201583637549015204e-01,1.677242322886209336e-01,1.046388594461608312e-01,9.675522369032246717e-02,2.651134788299093215e-01,8.037558274798044522e-01,4.725933528881774426e-01,5.097967450457243643e-01,2.403827700898802933e-01,4.983565359979045262e-01,7.306333932099237094e-01,1.641619951601527294e-01,1.879923521682223542e-01,3.023425508276261220e-01,6.803934582718880186e-01,4.963161128447593495e-01,6.024687476170711431e-01,1.346854130559225482e-01,5.525507230410057202e-01,7.179907470786724977e-01,6.842646131812036847e-01
7.817967641390484168e-01,4.259268703254231458e-01,8.352579830898311519e-02,1.880487895561220868e-01,1.244243051941752165e-01,4.611764371453385691e-01,4.845595702230293123e-02,3.452042469969504035e-01,2.233661002281000785e-01,3.074715336451921965e-01,2.186553711856615081e-02,4.197571545186234432e-01,5.290443121452031994e-02,1.200891220586370739e-01,4.895951978377888203e-01,0.000000000000000000e+00,2.375346794379746274e-01,7.630801010724712619e-01,3.937200119551160227e-01,5.420604847528676107e-01,4.703068684763376250e-01,2.714829842841437468e-03,6.926255105495822129e-01,2.409350227317244575e-01,6.850268436390314353e-01,3.820565057076475424e-01,5.719453635960182192e-01,1.329823187941292506e-01,5.297716268174099685e-01,6.094753404431185739e-01,5.614639171917105154e-01,1.568125394125562400e-01,5.446935658351208520e-01,8.337142292565739021e-01,3.238810420692701530e-01,7.171111018182452224e-02,1.299854105573837182e-01,7.748479394830198874e-03,2.244567085163991227e-01,8.577890187027456537e-02,4.673857345422061105e-02,1.298799509891104542e-01,2.162254052494146928e-01,3.417418968733385576e-01,1.563236036777926330e-01,2.154886503168078893e-01,5.622493917316406797e-01,4.604826098599785755e-01,2.508011311982294433e-01,7.741093657095454716e-02,9.048410041631285705e-02,4.950767406560582229e-01,5.659140959936426185e-01,1.046212810179665831e-01,3.892265929993257156e-01,1.026366484006295821e-01,4.355593133829370744e-01,2.479406928137696531e-01,1.839494127441354543e-01,1.532270370487218425e-01,5.438416573151139133e-01,4.348444921763683912e-01,4.623697895468865116e-01,2.409119847655862567e-01,4.748509852428006162e-01,3.246395593401093516e-01,4.305217151627619976e-01,5.962384925431403193e-01,1.363268386582927594e-02,6.083073431557262101e-01,4.711890849110067503e-01,3.428064016778649137e-01,1.337383525528166861e-01,4.667603553263698357e-01,5.141560315262546643e-01,2.346027464269498930e-01
1.236535624262580790e-01,2.625800915489539533e-01,1.966201950250811570e-01,2.097097171622090417e-01,4.911391431240758609e-01,3.446694907460669532e-01,7.235628652369106018e-01,6.381516012172808172e-03,4.564715696568888426e-01,6.304304956201910448e-01,2.487705701392706192e-02,3.733634399599037867e-01,5.074954205060989709e-01,3.443049692559291969e-02,3.504679975398739544e-01,2.375346794379746274e-01,0.000000000000000000e+00,4.191146828669757851e-01,5.591413269112183171e-02,4.737920623943162601e-01,3.894307373457797650e-01,4.780316551897776378e-01,5.849218404828029905e-02,2.144399937336446405e-01,2.606989561654596832e-01,1.771407195996249628e-01,3.487861958791431682e-01,5.837220612022371302e-01,5.763313169538670788e-01,1.552156591126545304e-02,4.382421662862675538e-01,4.107935608431939611e-01,4.917224468722476427e-01,4.358866695477089936e-02,3.633225450797644140e-01,2.024826153705235332e-01,1.026827042681952018e-02,2.085941708983602705e-01,3.535840265919295011e-01,5.583984304055863435e-01,4.751781215856523133e-01,2.622762987638751486e-01,4.311973975184393848e-02,1.724143068826303749e-01,1.551413193168655058e-01,1.400691081816420047e-01,3.218495013457937093e-01,1.251574105127406522e-01,1.434116671958945433e-01,3.325942105432436735e-01,3.505135721411106742e-01,4.075897281645637915e-01,1.537723115188634193e-01,2.140995517920949442e-01,4.943523597925739144e-01,1.259527327710882605e-01,2.262471435384748597e-01,2.495700954952438377e-01,1.195111583905773267e-01,1.193913973411295515e-01,3.656768711723854537e-01,5.315044092311450585e-01,2.889252976390726535e-01,5.228917820890965906e-01,3.894574600453363233e-01,2.702936271375596666e-01,2.509324313200206880e-01,2.497183407119568099e-01,2.931114436912667931e-01,2.536281816674874623e-01,3.693022933695360166e-01,5.934112627745169455e-01,3.754111510464962498e-01,3.315371387619946431e-01,3.591186330145100247e-01,2.174906307498745417e-01
4.409808958602086104e-01,4.032832539996887844e-01,6.943993692992544986e-02,1.252973895027238715e-01,2.851573394387206251e-01,1.074950924179103318e-01,4.216307767343864255e-01,1.636352318612674939e-01,1.388649553212296939e-01,4.483954715248983369e-02,2.779917964441180889e-02,1.783008622637685114e-01,2.558781829225567073e-01,1.875293281715028626e-01,3.439586888344202120e-01,7.630801010724712619e-01,4.191146828669757851e-01,0.000000000000000000e+00,4.572541012149887729e-01,2.864858216592605089e-01,3.484612802404520315e-01,1.405599807975780324e-01,4.874710829391293299e-01,1.111103701793424992e-01,6.266998636888040375e-01,4.406689325587138661e-01,2.669960187140471564e-01,1.344056855771430525e-02,1.954596083911777082e-01,5.072781457130292049e-01,4.953024258413510350e-01,4.692754012739692726e-01,3.055655733294756482e-01,5.885053016630485967e-01,9.363930861222162505e-02,5.264483447230405844e-03,1.557147359768949468e-01,7.320843285782516197e-02,4.630553472561674822e-01,7.875478012423306473e-02,1.540085203682191595e-01,2.038727770507110792e-02,1.222253823898067637e-01,1.527619471403888207e-01,1.151845646605052509e-01,6.483201377596073400e-02,1.601057613187336082e-01,4.240338988645567797e-01,2.111776100341044293e-01,6.845618624730999413e-02,5.615921507819221503e-02,1.681160614247548257e-01,4.054658664315682337e-01,4.792244555271688022e-02,7.499902922394729998e-02,1.323711023847180257e-01,2.500998634423032829e-01,9.188637438241059607e-02,1.374469042155129772e-02,9.472990721584309548e-02,3.154670656926285011e-01,1.667383953520081841e-01,2.466510713970420099e-01,3.980274893106057199e-01,1.909930565833780625e-01,2.868664591347123705e-01,1.841419689897329237e-01,5.268974501242250641e-01,9.366974248142714843e-02,3.127361663604437125e-01,1.873800092109011439e-01,1.738416260356490384e-01,2.438047295396324476e-01,3.133000503037196016e-01,3.198755890692535075e-01,2.369246957461730307e-01
2.834151879242600147e-01,2.309875414651918202e-01,4.165157767836435432e-01,1.187558362649392685e-01,1.199841311303980751e-01,1.498870167979621248e-01,3.471674972146873706e-02,1.171889932072652518e-01,4.892094419790845583e-01,1.621652742283066773e-01,4.944468660193784837e-01,2.137714986156293573e-01,7.687187542020607056e-03,1.010443545505031460e-01,2.375539199950819080e-01,3.937200119551160227e-01,5.591413269112183171e-02,4.572541012149887729e-01,0.000000000000000000e+00,3.661534205042123458e-01,1.485063589613418167e-01,2.909675949581588816e-01,4.010583184403987422e-01,2.488877126667570494e-01,3.461777058528988649e-01,7.912508479841864895e-02,3.710787537111748802e-01,1.850406401587775529e-01,1.165690756149966589e-01,1.868529785570361423e-01,2.667356732730005731e-01,1.738899193300563750e-01,3.267203243750000929e-01,3.466222438832534114e-01,2.201994380092560377e-01,1.307634345362809480e-01,1.826859438478750930e-01,9.830492300717745546e-02,2.402854062665508716e-01,7.655061170020630024e-02,8.565944453354154553e-02,1.866145397691967855e-02,1.822469872871610441e-01,3.317755072822063667e-02,1.886518211097014952e-01,1.194542856501141087e-01,2.095704084792630317e-01,5.829148257264266109e-01,1.229682440415720557e-01,1.432592116394091897e-01,2.266251759948030020e-01,2.139359646680708549e-01,6.282373528281512409e-02,4.784662363972169707e-01,2.014141928966012296e-02,4.831596248254608206e-01,1.830962576256652818e-01,6.978009789504374671e-02,1.325098993920988399e-01,8.616034902390296013e-02,1.614511186912577223e-01,1.586237915712431223e-01,7.095999428658683605e-02,5.524999641999214228e-01,2.264840512189089661e-01,5.863257169170557614e-02,9.879399455617321468e-02,1.911331335603216885e-01,2.434700753885710722e-01,1.395442029207362988e-01,1.762601457169157282e-01,2.167964514772306450e-01,3.516954692627083379e-02,3.883819333500917459e-01,3.149448493627232670e-01,1.931503271100020180e-01
5.345413944990847765e-01,5.839345166848961544e-01,1.961113640702518701e-01,4.378923268366816113e-01,3.111085493603413243e-02,5.696170727196900874e-01,2.568090046686376526e-01,3.360223124842443010e-02,6.510798822225745131e-01,6.218355248273823577e-01,9.353252770407105565e-02,5.075277083288537439e-01,1.201133529485026996e-01,3.099101084067946155e-01,8.780228082224988961e-01,5.420604847528676107e-01,4.737920623943162601e-01,2.864858216592605089e-01,3.661534205042123458e-01,0.000000000000000000e+00,8.156053523451063381e-01,7.862084380661319427e-01,5.286166635733624553e-01,4.779439856056669211e-01,5.944695854175948702e-01,2.057936527071175803e-01,8.651563696363057110e-01,5.619012490490999934e-01,8.166047103529358031e-01,4.701129550897580889e-01,9.209099619769428591e-02,6.898872395151536829e-02,8.255571296484757182e-01,5.821641968250073074e-01,5.894815702442118832e-01,4.431920903631232367e-01,9.636648662223577799e-02,9.808062481502349828e-02,4.490805866148668557e-02,4.800997889564690424e-01,5.148202042660076083e-01,2.991498643208844177e-01,1.935490711500562067e-02,3.394099678968393041e-01,2.966492428446029228e-01,7.164211130503411740e-02,8.214681860548718184e-01,2.028669350479346822e-01,3.064583415488435492e-01,1.900569308277016700e-01,3.700490415628111540e-01,5.711937121040264742e-01,6.269680348881562226e-02,3.214368035906226551e-01,5.099997795923594257e-01,1.335092320584047587e-01,3.938567185821541528e-01,6.386512653032946907e-02,1.292072991695346340e-02,3.329128870639219695e-02,9.452303390896614754e-01,6.364883486269966584e-01,6.655838536396589955e-01,1.782716272213230035e-01,5.267608340669481803e-01,6.394872190477860485e-01,1.930341251242878586e-01,2.382427723825034371e-01,3.329418562797290537e-01,8.344918994377287236e-01,6.362425847317747518e-01,6.306106480850958151e-01,1.875189130702523133e-01,5.657791818979602816e-01,7.417082660402589678e-01,6.324272832822317447e-01
4.738665827209956882e-01,6.974134357142923735e-01,1.452103111143123737e-01,5.210720381217208708e-01,3.032773770694105475e-02,4.931568454105869082e-01,2.170749363705372914e-01,2.984277440913951640e-02,5.342899766230320147e-01,5.543549915875238820e-01,8.670820425109285190e-02,2.912786025757023167e-01,1.659758214919118680e-02,2.542817619343629154e-01,8.937706876992853600e-01,4.703068684763376250e-01,3.894307373457797650e-01,3.484612802404520315e-01,1.485063589613418167e-01,8.156053523451063381e-01,0.000000000000000000e+00,5.687916664728959182e-01,3.392458794224686991e-01,4.495967239158772388e-01,6.559237862292686128e-01,3.471174553429738907e-01,7.418713482029675177e-01,4.534382831254023527e-01,8.103392763210406358e-01,4.470373605586708265e-01,8.180957036771840940e-02,5.409411047871962724e-03,7.628780002295730833e-01,4.101837036611104548e-01,5.015991455968021873e-01,4.676476458508002643e-01,8.988987525598064743e-02,9.067656086204976817e-02,5.616395913808979595e-02,4.298009939898133069e-01,5.101486748931532977e-01,3.788006424427389218e-01,1.730703681323306486e-01,4.050698511506046207e-01,1.011140887548413886e-01,2.687011144774747451e-01,4.585250458060634027e-01,9.269908093972173413e-02,1.683552533967596077e-01,1.110558393584596265e-01,5.338517720902468122e-01,3.895699308886424461e-01,5.279697044325210031e-02,1.301991373144233688e-01,4.111909556374783725e-01,1.593088415125246127e-01,1.696474531229120730e-01,1.658053693710370979e-01,7.713013525831899364e-02,2.512389654398881067e-01,7.995365150680190380e-01,4.471669132393218948e-01,4.750549247986278201e-01,2.634099896328516710e-01,5.212720018410124112e-01,8.077628840209432060e-01,2.468457220971602695e-01,1.615243945853951923e-01,2.838969378841436075e-01,7.015018245372062200e-01,4.411508044875053769e-01,7.288570198443105053e-01,4.355881943267411738e-02,6.243523491790645696e-01,7.024557215130126098e-01,6.439716653734921525e-01
