0.000000000000000000e+00,4.383111087533978489e-01,4.475772390319572303e-01,5.192406916072640766e-02,5.153667715251336601e-01,4.022434582824678251e-01,3.955763352310203151e-01,5.135367210595215282e-01,5.659547754742659809e-01,4.886066995462209350e-01,4.295350192792781741e-01,3.807588771429770147e-01,2.905163373261185344e-01,1.104675442834706506e-02,6.218929496017319147e-01,7.381948407653289301e-01,4.708066163763466871e-01,4.476543805995257808e-01,3.183252655547678112e-01,6.249020445975670413e-01,8.018605889811489806e-01,6.455431706294263439e-01,5.545028791732109497e-01,6.276926301980214618e-01,4.658294720205098938e-01,5.543137118842285105e-01,4.878998223103330201e-01,4.654595965677055247e-01,4.002807782138241288e-01,3.956668772393827083e-01,7.245112261049138080e-01,1.274029291785089557e-01,3.570151281980474267e-01,1.833264575583151701e-01,3.535204576970806672e-02,2.973226293911376827e-01,6.253377268888496432e-02,3.628283995655497418e-01,1.625516706239752140e-01,3.364593458404814830e-01,1.430999528159015988e-02,1.559916259119460344e-02,8.672153318721503856e-02,1.389946841959402990e-01,4.236930540950299973e-01,7.724178936099914683e-01,3.609061761051611805e-01,5.456856849551831035e-01,1.420166389030334542e-01,3.121314130615816529e-01,1.575738516862043581e-02,1.158290266437873722e-01,2.690868500022839949e-01,5.408788100634824847e-01,1.844270394094749688e-01,5.797267161475132546e-01,1.124036505890074894e-01,3.618486517889057397e-01,9.999245733885811505e-02,6.985017350099805844e-01,5.290045061083515909e-01,2.694756380591021294e-01,3.394378523574964057e-01,4.279116592965042654e-01,6.630525540603613432e-01,7.119370060068186401e-01,6.807543395591262314e-01,3.849054601557568289e-01,6.061305763858992890e-01,1.577723768973391394e-01,4.789895209236920137e-01,3.967425921575813419e-01,3.995609709425393952e-01,1.656705969735962902e-01,3.952527138453628686e-01,4.716448469319967085e-01
4.383111087533978489e-01,0.000000000000000000e+00,4.752862220813969807e-01,2.224646205158284096e-01,8.766675114076132036e-02,7.375697842259708592e-01,1.422524761129012327e-01,2.532948174959119281e-01,3.409288764358239243e-01,2.898995426668230513e-01,2.318657448025159828e-01,2.700644168481607932e-01,4.054024841895825793e-01,2.335485094601966738e-01,5.073963653841688792e-01,4.842968880003141185e-01,3.811981215564831937e-01,4.817723373404103615e-01,2.336137673063313769e-01,5.560215047731017490e-01,4.924736470297157442e-01,6.874894168220365698e-01,2.869772275498091996e-01,3.524377080426816522e-01,6.790519470977385286e-01,7.994989921708834935e-01,5.800553954029985526e-01,4.478938050152920791e-01,4.760494009745784294e-01,1.019604861135361834e-01,3.564365835496186574e-01,3.584554423379872623e-01,2.321559093823943043e-01,1.226265006373201960e-02,5.806128006020835203e-02,8.104292091892231764e-02,1.187182927398357374e-01,2.492218527363690150e-01,2.681636650368746100e-01,1.901136901218675179e-01,9.943179108696251212e-02,3.872924300374281925e-01,2.161905713475306690e-01,4.121395308456071022e-02,2.682091756028293084e-01,1.330195529127573828e-01,4.759253656317760095e-01,3.024944274818556211e-01,3.797808713607011555e-01,1.092861741869659703e-01,1.613587810258390598e-01,8.687059750485087717e-02,1.462030723526563936e-02,2.155804482943559641e-01,4.691969693434300259e-02,2.328222184572140696e-01,2.238818901638566228e-01,3.612598761266709313e-01,5.266943870591483251e-02,6.231555151357357492e-01,2.325836965667352763e-01,2.002890725900149382e-01,2.067993269107256116e-01,2.615888650279675764e-01,6.385449848346480550e-01,2.429204556277128613e-01,7.108175808995552680e-01,1.958679129681795139e-02,2.127485056441589806e-01,1.739063580313441326e-01,5.075430273376424495e-01,6.628466789268745440e-01,3.804103138820789098e-01,3.454208755947804632e-02,1.262494760719224951e-01,2.550604080530664008e-01
4.475772390319572303e-01,4.752862220813969807e-01,0.000000000000000000e+00,2.087004815764692892e-02,7.329894251279946982e-01,1.905682574526496587e-01,4.196648347331665141e-01,4.660019732492836075e-01,8.386339597948434532e-01,3.638642018383488885e-01,9.762977586369206984e-01,5.876515604291426831e-01,5.888569513165808900e-01,1.306186223566448423e-01,7.526806166233100948e-01,4.908317962612726570e-01,5.280815011935715564e-01,5.542519214612181555e-01,8.473445029205837198e-01,8.255196224053985565e-01,3.672126979172833372e-01,7.514922329208065799e-01,6.251653741669157549e-01,5.142469627254943054e-01,3.908971365786876317e-01,6.437135442122938755e-01,5.260172322776517362e-01,7.942862602510906145e-01,9.387245638078706156e-02,3.713301131659599852e-01,5.171736086779383790e-01,3.715510516877745806e-01,1.649492859108861106e-03,1.628305128794966528e-01,1.954820373591510951e-01,1.928732835327956474e-01,2.200894688166910307e-01,4.311655863765114782e-01,3.820646043849748041e-01,1.027037303269219687e-01,3.491852760519892906e-01,2.762310644357434120e-01,2.892523643642695985e-01,1.896180903864595757e-02,4.516847963212259343e-01,3.321726017964702349e-01,5.409330031143375628e-01,1.000000000000000000e+00,1.511639974353839455e-01,5.542016705176321389e-01,3.516897266345370143e-02,2.813550653051107298e-01,1.945181229989266514e-01,8.132385828442757481e-01,3.557164597717457077e-01,1.000000000000000000e+00,5.627292845591858050e-01,5.707104526231978614e-01,3.024934021012359864e-01,6.803221549275613178e-01,2.894660056732884512e-01,3.249492695016711896e-01,4.477416955127003773e-01,8.564251284317220270e-01,7.750366773781334206e-01,3.807972616542719124e-01,8.288005943594696223e-01,4.731431109195189944e-01,4.445600419342757847e-01,5.105798300835046044e-03,6.799178470451557876e-01,5.931169754230952718e-01,7.383629598294725316e-01,1.545391565827708980e-01,2.583478906672962427e-01,2.907723741870359424e-01
5.192406916072640766e-02,2.224646205158284096e-01,2.087004815764692892e-02,0.000000000000000000e+00,1.029924951203934347e-01,1.016874151572772361e-01,2.748931151360935465e-01,2.390932372262673244e-02,1.316630087760582990e-01,3.995935218996603533e-01,6.351932958904588089e-02,2.519183909468863947e-01,1.741268544644277716e-01,2.141331314368146166e-01,2.312719220558873690e-01,1.700349384423799903e-01,3.304556277504175354e-01,8.447894275683959231e-02,8.850789952099376301e-03,1.689149937411434377e-01,4.797799818708450154e-02,1.650721259861808454e-01,5.653115653936546109e-02,2.220664676730009224e-01,1.579826308641502086e-01,2.666150263807308129e-01,1.946885667200420333e-01,3.779395435521415436e-05,1.800954778481625718e-01,8.612778634027826175e-02,1.417174946024808146e-01,1.401380974743186292e-01,1.998022692505633524e-01,2.600779499952187712e-01,9.067916764784299255e-02,2.719045805450609476e-01,6.346201276094434740e-02,3.824077059358741426e-01,7.787552507187767148e-02,1.926296615589374595e-01,5.665374194980803135e-02,3.009368709652528520e-02,4.477632741839876473e-01,3.746053982962451734e-01,4.961694230098742664e-01,2.079923399862488448e-02,1.811260078028146259e-01,9.569657161497774345e-02,2.801351548704437144e-01,6.196450121031910063e-02,2.576184863371120404e-01,2.069855540459430432e-01,2.670989314469879305e-03,2.113110349968273516e-01,3.574710822543965549e-01,3.085213690657721830e-03,2.513208378831144896e-01,5.396820185228750483e-02,1.740023540359007803e-01,2.530685250877423020e-01,7.201993328858072307e-02,3.405861185691873017e-01,1.196561362800021566e-01,8.902161931474522616e-02,2.582767637069513511e-01,1.195519596231105208e-02,1.924385078727531284e-01,1.025079070323572511e-01,1.833648806840663115e-01,3.488234496252423655e-02,2.180372160292290695e-01,6.486954900452646111e-03,3.402037458170089484e-02,2.988884755249076042e-01,1.942253898887576491e-01,1.398146475955109602e-01
5.153667715251336601e-01,8.766675114076132036e-02,7.329894251279946982e-01,1.029924951203934347e-01,0.000000000000000000e+00,1.236262546924622174e-01,6.708869168531975680e-01,4.031126936900875091e-01,8.228533682457710441e-01,4.539266437505433127e-01,7.141535461713054422e-01,5.503033431265739184e-01,5.596479078545432140e-01,1.236929049536772407e-02,3.961659532978383247e-01,5.930852779978048606e-01,4.445436561605164427e-01,5.367990935283181164e-01,6.068367639594927088e-01,5.376911920045400750e-01,4.270224824071530145e-01,4.635697019165112565e-01,4.640884556064215349e-01,2.647566037482460000e-01,1.345282921781372765e-01,3.405468370390060118e-01,3.749845323633639316e-01,7.237494501373618050e-01,1.482015970057572463e-01,5.603751766183716621e-01,6.458075191858423381e-01,6.372996248473772329e-02,1.337250310055295155e-01,6.745749174027181050e-02,2.867807476703503056e-02,1.484554651747336806e-01,1.364039807134285742e-01,6.273758766624900618e-01,1.556346258190261511e-01,1.124177726880877248e-01,3.006624316881517101e-01,1.044734811919334205e-01,4.458819081262103134e-01,5.613547689362312354e-02,4.479622523855814054e-01,5.499594896675249478e-01,3.617837241510770130e-01,7.083924742777565342e-01,1.112654730959462268e-01,7.506242278268254742e-01,1.598617487447960006e-01,4.450902803992384804e-01,9.300207129428073038e-02,7.844803634899346623e-01,4.727403083776240411e-01,8.040980638270974756e-01,3.871979249947545276e-01,4.878646245503611700e-01,3.354606780065391147e-01,3.120726059323570833e-01,3.727729920639517025e-01,3.304648622108973255e-01,4.562375469851066012e-01,5.323267857521118973e-01,5.034296983700449202e-01,3.970984060021973683e-01,5.510710369231919259e-01,2.945548921435873213e-01,1.951868449430310404e-01,5.105337387945843575e-02,3.346247487128952147e-01,3.644807274878890668e-01,5.802104343477022530e-01,5.994170445624465854e-02,3.549508557031496592e-01,3.675663723454133947e-01
4.022434582824678251e-01,7.375697842259708592e-01,1.905682574526496587e-01,1.016874151572772361e-01,1.236262546924622174e-01,0.000000000000000000e+00,2.767065318379338112e-01,4.162368973628290947e-01,2.781911580844543264e-01,3.659659203418261231e-02,1.616088382937070356e-01,1.569179555107247659e-01,5.079237816029695818e-01,4.462262893614496462e-03,2.993309619646358222e-01,3.634021875749813280e-01,2.590175040995419398e-01,5.413859333354104075e-01,5.389417481922231801e-03,3.183829455444089906e-01,4.184552833736353561e-01,3.640147702820151210e-01,4.579879444605824412e-01,3.039454686729572974e-01,6.907358242868895104e-01,5.384105842085129545e-01,3.863255858617295480e-01,2.968012065235464125e-01,5.341805660657330534e-01,1.017566439265149142e-01,2.309456065033524963e-01,1.305481296060184149e-01,1.629936536591978791e-01,7.042606739992673948e-02,1.042775858380259185e-01,1.858931319452288289e-01,5.630303751106773003e-02,1.733043041823555397e-01,1.352092530265006365e-01,2.020436721572499150e-01,1.102216374320435927e-01,3.150368528635330012e-01,1.926724477574379146e-01,1.911679817565788142e-01,2.408271898623544349e-02,2.042661326843350778e-01,5.188632367277785651e-01,1.588465711338079012e-01,2.290753026000383885e-01,5.001185809429285756e-02,4.824881218466691157e-01,1.961121092451638681e-01,1.029407129988514913e-01,2.018250548365909114e-01,1.487731223860661589e-01,1.976232562429423856e-01,9.719884033786851951e-02,4.291622534035240966e-01,1.851680062188272857e-01,2.933320814886251626e-01,1.368556049599300439e-01,3.854290489530562414e-02,1.323554496514249834e-01,1.126597083829274926e-01,3.190214481054736706e-01,2.636824229480612125e-01,4.189239879715808135e-01,2.073908957914323281e-01,2.566609570041968325e-01,3.737984398091921956e-01,4.221729341865009810e-01,4.010264513281129317e-01,2.454059152483233364e-01,7.176394590246958083e-02,1.705435186871784303e-01,1.686497613890199088e-02
3.955763352310203151e-01,1.422524761129012327e-01,4.196648347331665141e-01,2.748931151360935465e-01,6.708869168531975680e-01,2.767065318379338112e-01,0.000000000000000000e+00,2.837921225813863080e-01,5.947396626579983803e-01,5.968441022072574764e-01,3.116540910287279309e-01,4.398331076575770493e-01,5.737563872732975856e-01,1.358663865133472315e-01,2.125262085778379384e-01,5.152581567603151669e-01,7.429770775474109357e-01,6.530595657312626701e-01,3.607369872620780904e-01,3.166531519336990286e-01,3.215680658927903002e-01,2.294705532494780154e-01,3.914367393375642878e-01,2.682346053633953842e-01,4.375277735717733041e-01,4.539065430001710810e-01,3.947631080733168263e-01,5.823880897485267383e-01,2.320016839884548321e-01,3.040229762813996817e-01,5.841705293235637253e-01,4.276034249513151891e-02,1.021448732875209625e-02,1.633495077720332478e-01,2.427146028494631680e-01,5.660158103509785321e-02,7.485738910033924720e-02,5.658018202554588871e-01,9.163050486566821917e-02,3.043957378604277841e-01,4.221447451176386090e-01,2.135103264017206293e-01,1.834681329755331602e-01,9.015011251284545113e-02,5.435969836324455740e-01,3.762532824932096620e-01,3.124186481384815250e-01,5.072007411655876652e-01,2.851350797511548185e-02,6.099907177424104265e-01,6.614805582835366071e-02,5.184582343067252186e-01,4.490281328846419673e-02,5.582815190840907382e-01,4.377342970949795187e-01,5.652937290459258968e-01,2.598213384031213824e-01,4.150316631215773544e-01,4.198379602965968127e-02,1.918840038722820773e-01,3.324735005080521888e-01,4.126415913445768413e-01,4.679510828084004204e-01,3.938689813626005121e-01,2.815195393621630071e-01,2.220007060915825392e-01,3.219103582909319528e-01,2.443088567192328864e-01,1.121515616369853086e-01,2.750378540216327217e-01,4.180149797164651737e-01,3.029953013187289823e-01,3.733769517976155417e-01,8.755130508495315156e-02,3.547877478379735661e-01,1.849217031877635475e-01
5.135367210595215282e-01,2.532948174959119281e-01,4.660019732492836075e-01,2.390932372262673244e-02,4.031126936900875091e-01,4.162368973628290947e-01,2.837921225813863080e-01,0.000000000000000000e+00,4.300483297320710774e-01,4.989816997134385312e-01,4.871162538638427741e-01,6.981398674690663109e-01,1.719499217898202703e-01,1.324401972708922903e-01,2.296774590520068160e-01,3.615072336860101765e-01,3.291605803735285773e-01,2.311539245122762321e-01,4.040118006039306597e-01,3.535219378157921089e-01,5.501237499534021858e-01,1.894674962478075098e-01,7.807338215026131678e-01,6.938570482793217087e-01,3.274647958073109155e-01,4.974177197593775412e-01,2.116576522728219056e-01,3.571842763353126893e-01,5.929208014338016586e-02,3.551728062353149418e-01,4.886727985458038104e-01,2.391347612223256314e-01,4.518163886291042264e-01,1.130757127711272680e-01,2.037355591961467205e-01,1.821501935905505687e-01,1.558069017261363709e-01,6.588767069788652453e-01,1.187210068278634623e-01,1.365794352434064884e-01,1.415028240998038034e-01,1.625838142909668826e-01,2.129076881084946415e-01,2.142517981825471651e-01,4.444755987352102533e-01,5.261657866421241003e-01,4.622750427137929385e-01,5.627981000737038997e-01,6.849897886802781832e-02,3.925268215697378937e-01,2.292205707878088861e-01,1.725318707688007214e-01,7.441562949780705649e-01,4.364063314561865137e-01,3.313116981301308384e-01,6.062145786918837764e-01,4.132738160585162079e-01,3.587346253661644058e-01,1.778793594134548406e-01,1.769341434190010165e-01,9.653197340789027026e-02,2.682051478806886102e-01,2.173048782281243874e-01,4.550706497463764544e-01,3.866743796154377133e-01,4.973300370085391719e-01,3.462536862508972524e-01,6.811484031267995842e-01,5.988276149113194169e-01,1.514698898042836014e-02,3.834086128800832105e-01,2.153191995146643833e-01,3.056295719265142430e-01,1.004432140300176440e-01,3.446245551031192900e-01,2.083189940496250059e-01
5.659547754742659809e-01,3.409288764358239243e-01,8.386339597948434532e-01,1.316630087760582990e-01,8.228533682457710441e-01,2.781911580844543264e-01,5.947396626579983803e-01,4.300483297320710774e-01,0.000000000000000000e+00,3.708590844029752143e-01,7.729241497346670542e-01,4.196445743421115537e-01,6.797316760078053743e-01,6.386368554138520393e-02,5.315798422621407227e-01,5.863040484001790231e-01,4.754313393495775975e-01,5.560984212235312585e-01,5.939370501379422906e-01,6.931799182458791009e-01,5.046055003997154120e-01,6.023373868880238513e-01,5.383232901898461487e-01,3.718841394492180541e-01,3.726199609414019287e-01,4.412933725873364743e-01,4.637997362528986089e-01,8.428684072902067337e-01,3.456432546064653888e-01,5.105697905962085503e-01,7.064057759939574854e-01,1.632632581088963308e-01,1.147051413086134647e-01,1.377983837821262769e-01,1.962760135526112754e-02,1.250659156082510604e-02,2.309910930340410284e-01,5.868422347870109190e-01,2.326222216294952516e-01,4.344459589566439239e-03,2.815223139348277392e-01,2.139026553769855510e-01,1.658414255223132905e-01,1.386413615109726438e-01,3.376040993236363308e-01,5.123206705943083028e-01,4.250653975159880416e-01,8.341176435261301592e-01,1.008676366887663323e-01,6.510364522218707872e-01,7.400894131427632194e-02,4.830879901999991510e-01,1.520768972738278380e-01,8.604859140374410131e-01,2.788486078754717212e-01,8.264153816346168080e-01,3.545563282388862758e-01,5.292319394420932355e-01,8.972450845902549266e-02,4.690638575544566202e-01,3.728705142448075494e-01,2.070440132489909935e-01,4.252035734725464478e-01,5.934012296266932829e-01,6.366526623716988187e-01,4.881914866000929831e-01,7.039552068133810847e-01,4.145241219436219815e-01,3.401779947877505150e-01,1.320951392990553364e-01,5.049460039505588860e-01,4.311696689805669669e-01,6.151310108935317267e-01,2.772139385051974880e-02,3.421192516677982742e-01,3.307218582790692474e-01
4.886066995462209350e-01,2.898995426668230513e-01,3.638642018383488885e-01,3.995935218996603533e-01,4.539266437505433127e-01,3.659659203418261231e-02,5.968441022072574764e-01,4.989816997134385312e-01,3.708590844029752143e-01,0.000000000000000000e+00,3.330108006889878070e-01,6.681057544749142707e-01,1.747949716381199392e-01,1.483212520528607303e-01,4.869487380740397109e-01,5.808862151320672851e-01,6.953518620129626182e-01,2.437607842333455732e-01,3.442382306794240510e-01,4.506997207666606498e-01,5.777651548083395650e-01,3.637524224237713710e-01,4.086500958958149687e-01,3.019045639825458371e-01,2.188626107912011731e-01,6.025536408328442395e-01,3.845476959065485811e-01,4.411349048134822759e-01,1.946139631006615911e-02,3.742406986734495011e-01,6.052812230208935995e-01,1.230281254300687466e-01,5.724824146953363391e-01,1.691866269159677805e-01,9.931229909845645798e-02,1.176194756291050192e-01,1.334012522508357945e-01,7.092747786487205719e-01,2.199458433138627156e-01,5.636581098769283260e-02,4.387106685457087263e-01,1.277945706935560699e-01,5.874328416691786403e-01,5.179236050642231914e-01,8.744686858929384687e-01,3.313443189145395262e-01,4.048651844877324546e-01,4.549810934235527515e-01,1.576860013854998466e-01,5.774023388405433721e-01,2.220084516829969878e-01,3.176672824907990078e-01,3.433555668346820466e-01,3.594641100072554218e-01,8.288680479443465421e-01,6.515568329922906132e-01,5.007253885391178549e-01,2.882029884634165207e-01,2.556811489094839018e-01,3.881940309448255744e-01,1.339740297721443985e-01,6.633521011996443839e-01,2.741468282562163905e-01,3.815169257510206968e-01,4.025305336397328460e-01,4.225017007189777463e-01,2.998014340688220924e-01,1.779252979520317135e-01,1.370329252583986634e-01,8.177035358444317836e-02,3.935109816531119908e-01,1.276406481148594507e-01,1.204900274249090242e-01,2.622751178821028928e-01,9.369150902015725701e-02,9.585775165916951557e-03
4.295350192792781741e-01,2.318657448025159828e-01,9.762977586369206984e-01,6.351932958904588089e-02,7.141535461713054422e-01,1.616088382937070356e-01,3.116540910287279309e-01,4.871162538638427741e-01,7.729241497346670542e-01,3.330108006889878070e-01,0.000000000000000000e+00,5.645572270481699073e-01,5.046078706708456707e-01,1.903218885025281804e-02,5.712562407457428826e-01,5.379625931911712344e-01,4.433128811883256803e-01,5.958047971974755885e-01,8.972087127055035083e-01,6.434675652805761370e-01,3.863087313012546486e-01,5.365561230631903378e-01,6.381918745548595950e-01,4.093767223797556976e-01,3.031880928691585431e-01,4.331372362282147614e-01,3.899137191686398718e-01,6.405455259295046444e-01,9.705322199967306163e-02,4.408771601128134154e-01,5.078515219247051737e-01,1.457345423522347083e-01,1.245675694572999370e-01,6.782631738837452406e-02,1.396783873049498859e-01,9.162454230553711276e-02,8.656660046323644275e-02,4.449905751443841706e-01,1.971858310851467566e-01,1.932575828462215067e-02,2.236754424282755005e-01,7.929079502398875268e-02,1.458690722550247398e-01,4.463433250864088514e-02,3.225073644106777881e-01,4.656757432330538848e-01,5.319524673628779343e-01,9.311182507230643113e-01,2.852909106246039744e-02,5.667885837590702636e-01,4.180358647434406771e-03,3.030619324150248817e-01,1.743299231632967072e-01,7.538295823275935614e-01,3.618129139336718758e-01,8.964160139132294480e-01,5.247572987671262901e-01,4.962751517648000266e-01,2.094307142619607487e-01,4.637091274443739808e-01,3.977693699562060980e-01,3.402857816135100300e-01,4.672605442470526560e-01,8.474621168320674025e-01,6.084003964651735208e-01,3.867454940495876348e-01,6.865511729227310456e-01,5.069755210217065100e-01,3.920670512286354992e-01,4.914612153264261152e-03,5.456355370771790447e-01,4.081473971863138761e-01,5.978792113595596813e-01,7.093472314048701599e-02,3.541901309826083200e-01,3.413941408989311088e-01
3.807588771429770147e-01,2.700644168481607932e-01,5.876515604291426831e-01,2.519183909468863947e-01,5.503033431265739184e-01,1.569179555107247659e-01,4.398331076575770493e-01,6.981398674690663109e-01,4.196445743421115537e-01,6.681057544749142707e-01,5.645572270481699073e-01,0.000000000000000000e+00,3.878812646538767894e-01,5.345992181823974732e-02,4.653853558615304586e-01,4.710518046532124470e-01,6.139044425255790749e-01,2.375072155056328072e-01,5.001780451655745141e-01,5.282565421028408981e-01,3.507345890177272496e-01,4.216853902267654886e-01,6.307690502350981054e-01,5.579353201537049500e-01,6.734981848972881879e-02,7.158111018963873029e-01,4.058666019104896772e-01,5.290402959310749331e-01,2.270859067618703209e-01,4.236639255444314411e-01,4.157554483368999243e-01,1.708059676654019032e-01,5.591072860940173861e-01,2.010572870772853182e-01,2.798422897535903786e-01,2.663008701910171694e-01,1.454535363230271550e-01,7.842250537047351644e-01,3.162401027438251910e-01,3.027242571341483279e-02,3.976772133191642244e-01,1.514689370177398076e-01,6.167492926580336876e-01,4.957074112354551421e-01,8.179785399014887215e-01,2.246363027271265078e-01,3.045354273974581472e-01,6.158202654297599832e-01,1.624578759562965158e-01,5.425402920689699204e-01,2.636093991313381846e-01,1.302182896866196093e-01,4.064702574653201728e-01,3.436460542831492049e-01,6.672264483065786234e-01,7.194870501393589857e-01,7.791318993263031123e-01,4.039288052949217001e-01,4.074715109722666373e-01,3.485251805261330715e-01,7.562664002433934496e-02,5.114952960499322687e-01,1.567699237043967686e-01,5.073764549856017991e-01,4.445732485645290666e-01,2.033467392373210225e-01,3.386905558931917470e-01,2.722017047676302814e-01,3.087826358050767550e-01,3.999030591495387199e-01,4.180158225985873277e-01,1.355970705524416065e-01,2.274312147761741176e-01,5.927967004287998387e-01,6.921674423829139722e-02,1.801327025874438492e-02
2.905163373261185344e-01,4.054024841895825793e-01,5.888569513165808900e-01,1.741268544644277716e-01,5.596479078545432140e-01,5.079237816029695818e-01,5.737563872732975856e-01,1.719499217898202703e-01,6.797316760078053743e-01,1.747949716381199392e-01,5.046078706708456707e-01,3.878812646538767894e-01,0.000000000000000000e+00,1.269694833220377794e-02,3.737740253380353872e-01,5.560759156124969182e-01,5.253730951634018043e-01,6.797169128788592696e-01,3.196407027062523887e-01,4.131174196716750346e-01,1.853773098476999281e-01,4.876525286292860972e-01,2.747814599224369103e-01,2.881218574111580888e-01,2.492665424830595722e-01,5.805621814241346268e-01,3.964292642512645126e-01,7.921325505924639021e-01,3.092517432868827632e-01,1.184898555524958874e-01,3.877753655209852934e-01,5.938358057703879700e-01,1.003195784319564215e-01,1.215207362008810521e-02,2.891879342966805280e-02,1.177436775108262890e-01,2.755770219064625492e-01,2.841817173786442274e-01,5.870202073369514828e-01,3.115480660480783315e-01,3.996158534877861657e-01,2.505200212346372912e-01,5.944100812546898593e-03,1.446820324375767963e-01,1.071285040352141227e-01,6.005199389076702754e-02,1.464352493003449329e-01,5.141088751380396005e-01,1.947154955182097968e-01,3.145767422454787132e-01,1.394605494946033197e-01,1.789969100180000272e-01,1.930610349019049599e-01,5.462491033744009128e-01,4.051348360624845713e-03,4.936112174830696309e-01,3.129461237744999291e-01,5.230381756048366748e-01,7.885142321890781236e-02,3.817753617871768590e-01,9.596078757196890852e-02,8.134026231379909433e-02,2.011426204240004401e-01,3.450475402537673819e-01,4.315690308532754704e-01,7.492857335524266693e-02,4.830414603001621510e-01,3.724961395541737108e-03,6.125140491720140745e-02,1.346547832561993951e-01,3.652010233065360323e-01,3.973266740899091265e-01,4.673791936971881666e-01,2.599333449498734683e-01,1.744424633326574492e-01,1.022206135037563718e-01
1.104675442834706506e-02,2.335485094601966738e-01,1.306186223566448423e-01,2.141331314368146166e-01,1.236929049536772407e-02,4.462262893614496462e-03,1.358663865133472315e-01,1.324401972708922903e-01,6.386368554138520393e-02,1.483212520528607303e-01,1.903218885025281804e-02,5.345992181823974732e-02,1.269694833220377794e-02,0.000000000000000000e+00,1.118456705957858177e-01,9.791134454211972149e-02,2.123955262238085562e-01,4.465714933266616560e-02,2.922104883170732748e-03,6.231602316230685362e-02,2.319195688200142644e-02,1.248887105182061724e-01,1.811358784294861413e-02,1.135626598942588439e-01,4.912726751205460235e-02,6.801181093228875207e-02,2.141572545218553558e-01,1.831077848249927642e-01,1.012592069965261299e-01,1.946954508871449607e-01,1.453774326123765670e-01,1.093591739179587408e-01,7.224457703422201837e-02,1.535467475141751859e-01,1.566894661474145523e-02,5.265760693744978571e-01,1.979559829318306152e-01,1.606545309563107704e-01,1.064728395685361345e-01,2.116821679184564542e-01,1.442721483942097094e-01,7.237449839564980003e-02,1.012822225989097324e-01,1.487451788098629324e-01,9.149426378643797653e-02,5.377189271803702042e-03,8.647052907434768509e-02,6.240147719552309458e-02,2.735868273919704607e-02,1.221786192547373029e-01,1.100359650089396263e-02,3.100278969039448884e-01,8.786281108872542878e-02,4.585243134729100056e-02,6.661559273067726994e-02,5.336307170023543711e-02,1.353844355835204238e-02,1.552688462133820779e-02,1.654694430266068217e-02,8.272727053129948216e-02,1.203349782828827125e-01,6.306718429116635327e-02,1.197788502072988231e-01,1.154887122112640552e-01,5.257525565048370986e-02,6.165815064401328899e-02,1.728006125285147243e-01,1.660508197482153669e-02,3.119780904808294730e-02,1.568509932937913742e-01,1.061698905781315039e-02,4.162657940693034048e-02,8.300159454329518460e-02,2.849303098289929226e-02,1.483842603376780422e-01,1.440208225256099928e-01
6.218929496017319147e-01,5.073963653841688792e-01,7.526806166233100948e-01,2.312719220558873690e-01,3.961659532978383247e-01,2.993309619646358222e-01,2.125262085778379384e-01,2.296774590520068160e-01,5.315798422621407227e-01,4.869487380740397109e-01,5.712562407457428826e-01,4.653853558615304586e-01,3.737740253380353872e-01,1.118456705957858177e-01,0.000000000000000000e+00,4.760910335882423405e-01,5.847813777002786040e-01,5.753780662026400927e-01,4.168272584139819381e-01,8.912982653892549401e-01,5.620918724074752681e-01,8.351293271919872918e-01,6.230847252682433224e-01,4.239981569544685747e-01,5.065038870132665405e-01,7.083129723131638134e-01,8.404677808063840683e-01,5.991531479014404749e-01,2.194026338210449678e-01,6.207488196719695983e-02,5.050928114912762723e-01,4.597433123274872746e-01,3.323916038409700791e-02,2.207390105526109148e-01,2.936117175371485422e-01,1.018704113039584774e-01,1.328115204317449338e-01,2.608210493677609043e-01,3.506681925087452023e-01,1.806072320089279759e-01,1.285279317550701572e-01,1.714591319493811161e-01,2.193174910921995013e-01,1.360580569787897542e-01,4.776906998188209519e-01,4.571729700443816768e-01,6.340150220865361508e-01,7.477636848467952291e-01,2.714358967708551673e-01,3.957739520862598726e-01,1.908653009109177456e-01,3.191269809195824703e-01,1.185876526615084470e-01,5.694339101036722806e-01,3.609437525791409085e-01,7.274473502734449815e-01,4.811105207504415837e-01,5.635664146164365285e-01,1.361639661567886350e-01,9.561240694176857957e-01,5.124576227605628365e-01,3.984909125745010328e-01,5.400332563604403058e-01,5.916192830623154819e-01,9.019995917626523196e-01,5.498874097848687192e-01,9.681372299937328618e-01,5.516244008726047809e-01,4.862108850213129330e-01,1.668085890267643756e-01,6.951963386477570950e-01,8.849150313410648616e-01,7.170054494876201279e-01,1.423671275328019514e-01,1.991967423193044817e-01,3.961819118114383587e-01
7.381948407653289301e-01,4.842968880003141185e-01,4.908317962612726570e-01,1.700349384423799903e-01,5.930852779978048606e-01,3.634021875749813280e-01,5.152581567603151669e-01,3.615072336860101765e-01,5.863040484001790231e-01,5.808862151320672851e-01,5.379625931911712344e-01,4.710518046532124470e-01,5.560759156124969182e-01,9.791134454211972149e-02,4.760910335882423405e-01,0.000000000000000000e+00,7.277265414360817308e-01,6.545883123556948124e-01,4.293616821620814261e-01,6.459238273049121570e-01,6.073599376436382702e-01,6.774796650000454168e-01,3.069256756697479882e-01,2.859211725442437069e-01,3.772392124592016671e-01,5.173436948824070569e-01,3.986901989007484715e-01,7.402946402688515004e-01,5.485664897502269266e-01,7.219124275972033100e-01,8.358717186810089572e-01,1.498396553313103285e-01,2.765235923687807684e-01,2.879417635996778246e-01,2.190982127574979399e-02,4.851917990487772392e-02,1.872598940838408055e-01,5.181597128098665017e-01,2.036731660333526983e-01,2.644337947187286320e-02,8.519208025616242796e-02,8.646107724812018835e-02,3.212782789965478725e-01,1.704114800772762450e-01,4.458226908706439673e-01,5.628045136143391414e-01,3.485007404916279916e-01,4.671446258229276505e-01,1.777297337575844682e-01,3.025135119989126875e-01,2.109126574923671782e-01,1.297039474379782509e-02,1.032094906850949088e-02,4.636228589597388705e-01,3.258226501377493589e-01,5.887118947685390236e-01,2.270740378479650656e-01,3.261408602218789365e-01,1.720948994529299114e-01,5.284341312334894791e-01,4.961761163922485673e-01,3.985482824652439859e-01,4.768643832738171939e-01,4.070155700364944673e-01,5.679301428228191728e-01,4.855941903990061981e-01,6.510825557827677468e-01,1.685158634506793429e-03,2.327350564522343013e-01,8.203502644082211193e-02,3.810715574250053139e-01,3.158076631415148716e-01,3.142456400982874265e-01,5.104736010700527959e-02,2.003952275991541521e-01,2.882949558692545766e-01
4.708066163763466871e-01,3.811981215564831937e-01,5.280815011935715564e-01,3.304556277504175354e-01,4.445436561605164427e-01,2.590175040995419398e-01,7.429770775474109357e-01,3.291605803735285773e-01,4.754313393495775975e-01,6.953518620129626182e-01,4.433128811883256803e-01,6.139044425255790749e-01,5.253730951634018043e-01,2.123955262238085562e-01,5.847813777002786040e-01,7.277265414360817308e-01,0.000000000000000000e+00,6.005660959486858186e-01,4.548824744627512628e-01,6.258599795353521067e-01,5.247092858910009650e-01,5.229174497450275183e-01,3.780788244123234332e-01,2.868331578509670243e-01,3.713477374482126447e-01,6.494063228232076490e-01,4.531864400107761259e-01,5.347262450446852444e-01,2.524759831977929636e-01,3.450807535880418553e-01,6.018736404018021346e-01,1.416329899545055726e-01,3.323656438295649052e-01,5.004989501469372937e-02,1.550603784070668789e-01,6.597677404228907694e-02,9.962836127630467220e-02,5.847854871523621156e-01,2.275563970679863601e-01,5.088873058382629988e-02,2.952915188888146636e-01,6.897461845094303434e-02,4.088682743620167259e-01,3.358542955294471222e-01,7.165743790646622591e-01,3.369432651959015645e-01,3.841151128345841048e-01,5.172048965456244041e-01,2.051927631637545657e-01,5.527645805918757205e-01,7.678395784137084790e-02,4.401232578918145011e-01,5.117128262713163678e-02,4.939986957445173799e-01,5.816048467320062976e-01,6.650805280035845257e-01,4.038839608397095104e-01,4.892731243843062017e-01,1.711411084426622820e-01,4.918546615884062945e-01,2.735484758245380621e-01,6.512390005108973368e-01,4.614110362996078352e-01,4.898891628147732380e-01,5.185448903680679456e-01,2.996994636698658843e-01,4.608505678359746116e-01,9.318097197540520238e-02,1.280174273020591169e-01,2.087442838396641465e-02,5.374664090352800905e-01,2.516168576305308768e-01,3.368338514182939170e-01,7.216597498495047613e-02,1.481781629029718661e-03,1.657886397700785164e-01
4.476543805995257808e-01,4.817723373404103615e-01,5.542519214612181555e-01,8.447894275683959231e-02,5.367990935283181164e-01,5.413859333354104075e-01,6.530595657312626701e-01,2.311539245122762321e-01,5.560984212235312585e-01,2.437607842333455732e-01,5.958047971974755885e-01,2.375072155056328072e-01,6.797169128788592696e-01,4.465714933266616560e-02,5.753780662026400927e-01,6.545883123556948124e-01,6.005660959486858186e-01,0.000000000000000000e+00,4.202037916547168850e-01,7.120712668186395256e-01,4.556612669260653448e-01,6.580518518855429377e-01,3.248730588663094609e-01,1.915724972445539409e-01,5.815260201558405395e-01,4.322322186653633214e-01,5.544956253448543038e-01,5.135884802639534286e-01,6.781251213276049405e-01,4.024002367748072961e-01,4.858833723532840487e-01,5.726718193626606501e-03,1.471561927971573036e-01,2.731802889274756452e-02,7.853641637359641547e-02,1.016185711656319157e-01,1.469825917122585535e-01,3.270025541154266691e-01,1.100275833156717786e-01,1.227869622913122238e-01,7.382920531490408389e-02,2.381160918095510948e-01,1.839565586834965294e-01,9.801575557559383256e-02,2.964615850662827845e-01,3.334281848585233243e-01,4.790809877659237270e-01,4.163124404139841861e-01,1.827861223070163244e-01,3.565040462111813135e-01,8.562273945450224466e-02,3.543187454996485353e-01,1.384034879993406852e-01,5.385155488251182065e-01,9.905057190880256490e-02,6.274651715664976148e-01,1.042368377632672261e-01,4.458078909873309237e-01,5.235934424944859583e-02,4.652942721104417201e-01,4.444304537952455392e-01,1.680342412701981147e-01,5.721980008413471985e-01,4.755197820334357006e-01,5.043780596956966011e-01,2.964867762751156044e-01,6.359894953591829214e-01,4.786813069964591938e-02,1.519349393349996857e-01,1.880831007741043948e-01,4.862042146382234975e-01,4.765284024100613358e-01,4.012785821810299636e-01,1.348903882136205656e-01,1.417649273266279042e-01,1.587993963754170401e-01
3.183252655547678112e-01,2.336137673063313769e-01,8.473445029205837198e-01,8.850789952099376301e-03,6.068367639594927088e-01,5.389417481922231801e-03,3.607369872620780904e-01,4.040118006039306597e-01,5.939370501379422906e-01,3.442382306794240510e-01,8.972087127055035083e-01,5.001780451655745141e-01,3.196407027062523887e-01,2.922104883170732748e-03,4.168272584139819381e-01,4.293616821620814261e-01,4.548824744627512628e-01,4.202037916547168850e-01,0.000000000000000000e+00,5.651542705408678646e-01,3.296611774474239587e-01,5.021359960515543452e-01,3.929835555018941218e-01,3.425340975135253707e-01,3.084844122005955258e-01,4.103313832591500843e-01,2.972671004168372932e-01,5.493156731985759933e-01,4.499326930141697711e-02,4.160928724816490565e-01,5.261015991230471034e-01,1.718974332421133178e-01,4.254871273968275497e-02,7.861726797691251378e-02,1.703750687824898136e-02,4.448195847476786591e-02,6.311538900981937539e-02,3.178910563029498371e-01,2.014084891131859845e-01,4.051970655771988672e-02,3.400248028121484745e-01,9.351309960807577260e-02,2.675828001649024901e-01,4.272810202700914883e-02,3.628563848713346474e-01,2.861664742916268378e-01,4.309701695226283436e-01,8.194606305459996021e-01,8.581199890349294757e-02,4.675892880239745364e-01,1.305991151086175750e-01,2.216418849389713286e-01,1.423408072129028756e-01,5.609686984843846869e-01,3.839646072255373799e-01,8.724857150599244493e-01,4.182036272784773745e-01,5.058020146468285017e-01,2.518451306682226165e-01,3.761160958160770784e-01,3.286707609695445620e-01,4.107813322849312443e-01,5.050084528279614737e-01,9.824241254260468459e-01,5.324887822515875779e-01,3.441160768477062870e-01,5.825120088983329891e-01,2.676009815800661773e-01,3.343849598870902717e-01,6.164370149689263334e-02,5.094692627608785607e-01,2.708565956387840035e-01,5.233538919304863146e-01,1.017273067971798811e-01,3.154059889041228026e-01,2.629211841320846510e-01
6.249020445975670413e-01,5.560215047731017490e-01,8.255196224053985565e-01,1.689149937411434377e-01,5.376911920045400750e-01,3.183829455444089906e-01,3.166531519336990286e-01,3.535219378157921089e-01,6.931799182458791009e-01,4.506997207666606498e-01,6.434675652805761370e-01,5.282565421028408981e-01,4.131174196716750346e-01,6.231602316230685362e-02,8.912982653892549401e-01,6.459238273049121570e-01,6.258599795353521067e-01,7.120712668186395256e-01,5.651542705408678646e-01,0.000000000000000000e+00,5.668952231860155955e-01,9.626476113624495845e-01,6.151185850265989963e-01,3.794505712189936708e-01,4.904770708231862564e-01,6.483088244745414119e-01,7.407309955624394870e-01,7.090961402127335944e-01,2.380931384725706867e-01,2.861515861119861559e-01,6.559339399205301735e-01,3.323853351611900098e-01,1.129907271393348345e-01,1.040949107545976193e-01,1.407401605964315738e-01,3.786069758201467822e-02,2.269589173073340294e-01,4.287941892290131340e-01,2.494451387850804003e-01,1.671081479375904899e-03,2.571992709560935175e-01,1.164408763512178591e-01,3.667346055585705145e-01,6.315439243325671193e-02,5.520449597549118570e-01,4.728963016099451133e-01,7.136643611763082706e-01,7.932187076157950489e-01,2.169765726339046852e-01,4.652102411682680350e-01,1.377421577876145053e-01,2.769897157248362163e-01,7.542590136572738246e-02,7.323303095209714453e-01,4.279314642087836962e-01,7.873190264935021609e-01,4.472057431954267193e-01,6.306153413984825207e-01,1.977826244150415747e-01,8.318042220561902012e-01,6.576135317272644443e-01,4.444055590246542842e-01,6.374455250338133538e-01,6.975277055217119493e-01,1.000000000000000000e+00,5.374562335428101356e-01,1.000000000000000000e+00,4.278089505281323368e-01,4.110539886278248844e-01,1.340642778059050466e-01,6.713654233138660610e-01,8.508305201492931680e-01,7.502044828309353264e-01,1.791171221989739104e-01,2.569913974599584705e-01,4.777375292931897999e-01
8.018605889811489806e-01,4.924736470297157442e-01,3.672126979172833372e-01,4.797799818708450154e-02,4.270224824071530145e-01,4.184552833736353561e-01,3.215680658927903002e-01,5.501237499534021858e-01,5.046055003997154120e-01,5.777651548083395650e-01,3.863087313012546486e-01,3.507345890177272496e-01,1.853773098476999281e-01,2.319195688200142644e-02,5.620918724074752681e-01,6.073599376436382702e-01,5.247092858910009650e-01,4.556612669260653448e-01,3.296611774474239587e-01,5.668952231860155955e-01,0.000000000000000000e+00,5.668152242332319402e-01,3.985139648339283136e-01,5.209227811984961098e-01,5.503154340601353889e-01,4.989043736183073618e-01,4.174036868394591093e-01,3.817588815633911614e-01,4.309595594862399293e-01,3.066350516230812451e-01,7.464474910312441924e-01,1.569316713144987829e-01,3.234800668265436219e-01,1.233759184215224292e-01,3.135941178789104083e-02,6.835999849907571646e-02,1.528035587903372461e-01,3.883496273780004948e-01,1.966183915750762123e-01,2.741295596770523257e-01,5.098317747577821302e-02,1.611644951871010478e-01,8.791046133574459409e-02,1.538492919119139601e-01,4.917708737841998134e-01,7.750134690470757981e-01,4.983474394436860910e-01,4.883990904686561496e-01,1.901669704827203267e-01,3.176242244718910923e-01,2.281238024337704229e-01,1.478046130689217585e-01,4.433405350057306737e-01,5.191826804323254052e-01,3.169879239890917022e-01,5.828087757913789080e-01,9.823704786001719036e-02,3.829119517807089146e-01,5.274477723271421559e-03,6.795136432331443377e-01,5.237500596737398872e-01,3.842238122354528773e-01,4.551145921768364189e-01,4.758266053518982464e-01,7.014699976824632088e-01,8.901478997984633157e-01,7.101578763005389483e-01,4.489602079801293666e-01,6.290532320181416726e-01,2.205762825166744379e-01,3.931924641155803979e-01,5.447293179290018106e-01,4.089404108278744121e-01,3.945830667419015780e-01,5.718265047888256847e-01,6.069687641357079944e-01
