0.000000000000000000e+00,4.021142561167190266e-01,8.189750189536162961e-02,3.762227942314981255e-01,1.162053169893374066e-01,2.667854411575240614e-02,1.313287999000666562e-01,2.820985321302329485e-01,3.428483831259471204e-02,1.863044450194811796e-02,2.141641185326321195e-01,5.638433894239858191e-02,9.703940815238364104e-02,1.237216441464845385e-01,1.848021147843186274e-01,5.402748148507554582e-01,2.014780961704230877e-01,3.229592499478499690e-01,5.420031883177492404e-02,8.264517746723143432e-02,1.146024932084238612e-01,3.745974660643098253e-01,1.147105582780830191e-01,5.871363155066136041e-01,4.083012401351889809e-01,5.232588493150247544e-01,7.516150275355532040e-02,9.057602355810354111e-02,2.566122129000530938e-02,2.047156582675402903e-01,1.196045514385909170e-01,1.717735998028864786e-01,1.415912789515130776e-01,8.062974735031464002e-02,1.004333812172729379e-02,4.220771410626253939e-01,2.579880621321767875e-01,2.668792968006707955e-01,4.212476323366821651e-01,4.502600922873076783e-01,3.729015735504382367e-01,3.188166667711688218e-01,4.418901457918810588e-02,1.188671444880358141e-01,2.845180646660242507e-01,8.693301400338186991e-01,1.919904197522379896e-01,9.213443224860812242e-03,1.421711892545614586e-01,5.708911787494521523e-03,3.046305300676808991e-02,1.592383413581917040e-01,3.366780828579690743e-01,7.461400561413009114e-02,2.576548883520338173e-02,6.187927784319383062e-02,8.177126579940903472e-02,6.998979587881114239e-02,1.861229802482128673e-02,1.447501299036394462e-01,3.588502566612591926e-01,1.796881191627353047e-02,2.301519110833653015e-01,1.755374360092922803e-01,2.594689922891734724e-01,2.106843278636695849e-01,1.667563976067288345e-01,1.864549017374506346e-01,4.723531435745985663e-01,2.535858529668878480e-01,2.917811173356665289e-01,1.651707151795893946e-01,1.994961747869433977e-01,3.917693596285105606e-01,2.553351459444900273e-01,4.635361919068959335e-01
4.021142561167190266e-01,0.000000000000000000e+00,1.732404146976128934e-01,4.582450751198858252e-01,2.103267175518817311e-01,6.936130599195686752e-01,2.210952795967782714e-02,7.615800149840032396e-02,2.911485609740460667e-02,4.636073248940614233e-02,4.031840545619623517e-02,2.530505612563956896e-01,3.941659837839920355e-01,4.035696777686802461e-01,2.573342230428685151e-01,4.149436417804994170e-01,6.060686778491360949e-01,6.409466591114060252e-01,2.819941517941632059e-02,3.823931049049171249e-01,1.990920102839935923e-01,6.272146844522108466e-01,4.056144699498224204e-01,4.553230934564421184e-01,8.743449506482023903e-01,7.811970511164521014e-01,4.505281893038098340e-01,3.355677055159537181e-01,4.831727704341943763e-01,3.436496015757594114e-01,3.032744195873630089e-01,3.180478799829558056e-01,2.454214069098217266e-01,2.951016028077634301e-01,3.909284197906195413e-01,3.912682725555457486e-01,4.920186558615222694e-01,1.184988883159273920e-01,3.600055758679978485e-02,5.438259103357880875e-01,3.784704373984814074e-01,5.571604963712925573e-02,1.587185319816671325e-01,4.908265169914276527e-01,1.507403716202515565e-01,4.333969262280813473e-01,6.304574522661372526e-01,3.296196162022388410e-02,7.546314313722832789e-01,3.961015516561461336e-01,5.578964925553727694e-01,1.976811333012690464e-01,2.584295111870354988e-02,8.154219708026855251e-02,9.434003162018761435e-02,2.146197126903230945e-01,2.535484555713248822e-01,2.844461679281616862e-01,5.154177617839803549e-01,3.213115937688298951e-01,6.848340346244671251e-01,3.992205187640764374e-01,5.274134953702698247e-01,2.066218984163276651e-01,5.336948014942834995e-01,6.429368308619787253e-02,6.137422142486095300e-01,3.260441593437697905e-01,4.572347814740932437e-01,8.026799387374301542e-01,6.878214269727869201e-01,4.870084032943817198e-01,4.621620094035952531e-02,4.156960090581091616e-01,1.938245899697229602e-01,3.578976711679858758e-01
8.189750189536162961e-02,1.732404146976128934e-01,0.000000000000000000e+00,1.579563546874405422e-01,1.517945743422443039e-01,2.008368118988211881e-01,5.235107801403876548e-03,3.845441951354012788e-01,6.814627211706186793e-01,2.284101800594368903e-01,7.224311266408156573e-01,3.717934157116740135e-01,3.727895208496589396e-01,4.288922009839317706e-01,5.060802843802223450e-01,1.353619950712355857e-01,3.207691992773769041e-01,7.274926774922912953e-02,8.027676151068077193e-01,5.458778252381630836e-01,2.934119400098086361e-01,5.402176679800739789e-01,6.867593145586435854e-01,1.257991086375108980e-01,2.875429817197280302e-01,1.911098957632145212e-01,3.993876947864212767e-01,6.752769857103219087e-02,7.643209622967617189e-02,2.000925465536296244e-01,3.420715409576958188e-01,2.580500153995012314e-01,2.873096919574354424e-01,4.006713912170465908e-01,4.567543024899747284e-01,1.159253241121892403e-01,1.847059636949693190e-02,4.842228848932011998e-02,1.081681611067339399e-01,1.242766046002606178e-01,8.239497938612110051e-03,2.704845824466413085e-01,1.313900485789336048e-01,8.146133710329885036e-02,2.968923971834228626e-01,2.274115224008217695e-02,4.136542754344413875e-01,6.724170538581387691e-01,5.254430179063552808e-01,1.753572986484939200e-01,2.643819193896501663e-01,1.769871683786183869e-01,3.489059712523599477e-01,7.118131625839942966e-01,1.475748884147639051e-01,4.675248388668844512e-01,1.038724278626098341e-01,4.161057902565138411e-01,2.437363416726940901e-01,5.000668466108491028e-01,2.081505816113065621e-01,2.431905807509507356e-01,2.534214294607912699e-01,6.933642991920947463e-01,5.029365681896209583e-01,3.400639079011368859e-01,5.506439650949281894e-01,5.709876845426784531e-01,6.478090436041861189e-02,3.510513158286528990e-01,3.096644192987901278e-01,3.792575444891774228e-01,3.973334624167708662e-01,1.231031202444558825e-02,3.381473294725535483e-01,1.083296793468170316e-01
3.762227942314981255e-01,4.582450751198858252e-01,1.579563546874405422e-01,0.000000000000000000e+00,5.163307070292861845e-01,2.144012368953604475e-01,2.772434857860591739e-01,3.688336724615024487e-01,1.286367458384938545e-01,8.651239483537129238e-02,1.639576213101990448e-02,8.046465062847829586e-02,1.495975714692565350e-01,4.521340631414012545e-01,2.371348930318848414e-01,2.645517725413649157e-01,3.566602820829803400e-01,2.548629870434128697e-01,1.556588333091540877e-01,3.410660509539059637e-02,2.817750216150659015e-01,1.457722502395062680e-01,2.022799152842436748e-02,4.986997628875919908e-01,5.893281291848631032e-01,4.764538161114181269e-01,3.056366150732368892e-02,5.043646201845835009e-01,1.322810057150659580e-01,2.933354892322875274e-01,3.729061918952580323e-01,2.679872690839747995e-01,4.325939124974356176e-01,5.548869931305894232e-01,4.841640098701631145e-01,7.150056355249718720e-01,4.937668757975520739e-01,2.961626290694973074e-01,3.927654366245867945e-01,3.604223277930332925e-01,5.135241931513880864e-01,2.860540624293175793e-01,2.804813916977444421e-01,4.978587268790430342e-01,7.088548388194240713e-03,4.391453489527598619e-01,2.181845137246419403e-02,3.272345917387569081e-01,5.168751613931439337e-01,4.131150616662382369e-01,4.473833905411856993e-01,1.987052906605829283e-01,4.089313390911398782e-01,1.075099046966724731e-01,2.128305253584164558e-03,4.261097717392243328e-02,2.900738459436994487e-01,1.657810419751414854e-01,3.704432441709403223e-01,6.502483590268538782e-02,6.612233956309174765e-01,3.359055480880716038e-01,4.905998645535600833e-01,8.966848869520563370e-02,4.950739162791116255e-01,4.375627032659042404e-01,3.259287821612859015e-01,6.247861718002909598e-02,4.588150504128835072e-01,4.861123892342867903e-01,4.024840289505426938e-01,4.986259911581895077e-01,2.490393167767197130e-02,7.967185473537661267e-01,2.775637010338213306e-01,6.309909660516469510e-01
1.162053169893374066e-01,2.103267175518817311e-01,1.517945743422443039e-01,5.163307070292861845e-01,0.000000000000000000e+00,4.604587113017644118e-04,6.724111585115135625e-01,4.083027808489099186e-01,5.220185676386832618e-01,3.917250579112775410e-01,2.660800158408782590e-01,1.078043593642118159e-01,2.500146503894832284e-01,1.306900298773842339e-01,3.736525153010138434e-01,6.237769330581958982e-02,3.865250099158917818e-02,4.222750780525406922e-02,1.402049557477893782e-01,2.635805132431210951e-01,3.970639286682740021e-01,1.631469231002616038e-01,2.502815025357217893e-01,3.679730978326358204e-01,1.887040849150996569e-01,2.431183395566907657e-01,3.198425918779216337e-01,2.495076460693807507e-01,2.759205782311167643e-01,2.169511063419304886e-02,2.486623484340544366e-02,1.027405819566871159e-01,8.060974142153236321e-02,2.869339658817406102e-02,6.090282886807690810e-02,3.593577024021595290e-01,1.289392154661538337e-01,3.807660713530467422e-01,5.711044008799580352e-02,2.105830036893251989e-01,2.557939485919699663e-01,2.362723722760610157e-01,5.025380227239566455e-01,3.907368371751904768e-01,3.252759962867652344e-01,8.404374880436192574e-02,1.464838023863209437e-01,2.312005670128025880e-01,2.237935906981258494e-01,7.138871513829926352e-01,1.862287954533076439e-01,5.889380696932802195e-01,4.267552243347873531e-01,3.976701040606299142e-01,3.374081990618976734e-01,5.329568382701790341e-01,1.772212764210598923e-01,3.219855342761234196e-01,3.594963537121523833e-01,2.515748524927455820e-01,2.017172602049951413e-01,1.436479698053982901e-01,7.756812019077548304e-02,1.963575636771882627e-01,7.631354021510181052e-02,4.712322747603328033e-01,1.180790926616913650e-01,1.664663565042182880e-01,3.544632552714565010e-01,1.044280834994320006e-01,1.400562006354103273e-01,5.140977503045629504e-02,3.076359266977954920e-01,3.753556733186612648e-01,1.447895152961684029e-01,1.234446578220777802e-01
2.667854411575240614e-02,6.936130599195686752e-01,2.008368118988211881e-01,2.144012368953604475e-01,4.604587113017644118e-04,0.000000000000000000e+00,9.285107903952249941e-02,5.016109599007321229e-01,1.398727063926220593e-01,2.022555985387920474e-01,1.373601616937550896e-01,5.660274252767696357e-01,6.253656914596110727e-01,3.461740991305457538e-01,4.215499619996548319e-01,1.746241694185287352e-01,3.501971850254841923e-01,3.983998852720929684e-01,1.675562394676835543e-01,5.934230127215412987e-01,3.635734936740258050e-01,6.048009285911539745e-01,6.025942289615555669e-01,2.487478200121360228e-01,5.806251193162470514e-01,4.924144491464117479e-01,5.927802834435194068e-01,3.601358321137582141e-02,6.402551563714502514e-01,1.607058550279739095e-01,3.347011154685875511e-01,4.181782892184178757e-01,1.951115737092687652e-01,1.962747267511860405e-01,3.017494541557280141e-01,1.309455887371467619e-02,6.578135864344257511e-02,4.095202870616963808e-02,2.465142042315711657e-01,3.120850422650528477e-01,9.517828905533454176e-02,3.779329139637148116e-01,2.555027500473284752e-01,2.478464464237405129e-01,1.261728151057008862e-01,1.460772360450015434e-02,5.282322331804178983e-01,2.009359450596544527e-01,6.427022353552651612e-01,3.676713044477988857e-01,6.664657946969290148e-01,1.355832184843920318e-01,3.848578322858119405e-01,1.535064996600590259e-01,1.916042775182849600e-01,1.619011606741996290e-02,1.024381427542171985e-01,4.905039709754941968e-01,4.677513787098684372e-01,4.407466274070162005e-01,2.257171640958768322e-01,3.293368878697640056e-01,3.553212726525710741e-01,6.999610639134457024e-03,5.533352442321063380e-01,2.952791321450587425e-01,4.938558152031973791e-01,5.495734906258650243e-01,1.587865325736950162e-01,5.702572516082276000e-01,5.105760352360847465e-01,4.755397879489542956e-01,1.350145042666164308e-01,2.076431081880969476e-01,8.488751374956816920e-02,1.072936450329917413e-01
1.313287999000666562e-01,2.210952795967782714e-02,5.235107801403876548e-03,2.772434857860591739e-01,6.724111585115135625e-01,9.285107903952249941e-02,0.000000000000000000e+00,2.480478411040604458e-01,2.372947367481783032e-01,4.750468792039977961e-01,6.905684512020962562e-02,3.527438695057294460e-02,4.200989184292528433e-01,2.945770884562284864e-02,2.862515392633810385e-01,2.463659692610915830e-01,3.055273488871932397e-01,3.237044603436036172e-01,2.723964141822868279e-02,2.425298624493300859e-01,3.977206942228238562e-01,2.077297960973180646e-01,1.632718356910972946e-01,4.785727958133729198e-01,8.392749445387664986e-02,1.807345774241818637e-01,3.358327530482099754e-01,2.753432796028082441e-02,5.492545191234138313e-01,9.779892387612060256e-02,1.927220165177194744e-01,9.319366306175518033e-03,8.596659314580214206e-02,9.536395525674848384e-02,6.744224217448534231e-02,1.707602374290190239e-01,4.096913169881338801e-02,2.057520444983561569e-01,4.364384372927690436e-02,2.274034991483646351e-02,1.180540202175660996e-02,1.046129015023076342e-01,4.985836019605355274e-01,2.438507179321602880e-01,3.082625877916028156e-01,5.079133536945958094e-02,2.191537829921028913e-01,1.288522209070516178e-01,1.905803823328003355e-02,5.639942527659189686e-01,1.075706724783329488e-01,6.265189754568245561e-01,2.887088642944540817e-01,2.321832763966043545e-01,4.990676877409848666e-01,3.387626324289798041e-01,2.833068389164519751e-02,3.377771415714190262e-01,2.506996985444396864e-01,2.076809681389356066e-01,3.986305084331609461e-02,3.425915642740003375e-01,9.732345863521854601e-02,1.839862611126266700e-02,4.550533654506538905e-02,4.165909899678420514e-01,2.228329794420858545e-01,9.716520892432345402e-02,4.096773316268559895e-01,1.084314565260578733e-01,6.859222138567658278e-02,3.641079659897916709e-02,1.991566709745165586e-01,2.264113502261467237e-01,2.549272135825176311e-01,3.558616436002802474e-02
2.820985321302329485e-01,7.615800149840032396e-02,3.845441951354012788e-01,3.688336724615024487e-01,4.083027808489099186e-01,5.016109599007321229e-01,2.480478411040604458e-01,0.000000000000000000e+00,3.909087839170701795e-01,4.505859795569611137e-01,3.623445918614231487e-01,5.581398776711344878e-01,3.261605990967479385e-01,1.672669013111827974e-01,6.844463596894336810e-01,1.573952768802442670e-01,1.476052589967918882e-02,4.596695728194485908e-02,2.157435262609239679e-01,5.647622697211670539e-01,6.388498386563025155e-01,3.907148908548118138e-01,7.431544360511824765e-01,1.852563614131526037e-01,7.008692387233599053e-02,2.663564369817672528e-02,6.011942848754081581e-01,1.952241989897613716e-01,3.289966867072401380e-01,1.480250103442161125e-01,3.708445813416667569e-01,1.065314825487730377e-01,2.284742555688501486e-02,5.650578284680787822e-02,2.138166193160844775e-01,4.819577396793582325e-01,1.848244345976104153e-01,1.792979347952499136e-01,3.750446481829035061e-01,6.034565537234060084e-02,3.163029574793142507e-01,4.320620418191075673e-01,4.571915610830252774e-01,1.515756563395545542e-01,3.378821907661385127e-01,2.436496424070930256e-01,5.128398101111354412e-01,3.139689671658038028e-01,2.796750215565904640e-01,1.763676258327878110e-01,1.650689301278280841e-01,4.263108992126497521e-01,8.882436762552837761e-01,4.932421466745248728e-01,3.678457506416492051e-01,3.618766113239913484e-01,3.277812767911825742e-01,4.068877228872753715e-01,1.075633194447958019e-01,5.472607588908935394e-01,2.576896972075695125e-01,2.305935584342466427e-01,8.228709269265319093e-03,2.349307237046594499e-01,2.172647400070455703e-01,6.631587418722010296e-01,3.541154789896819866e-01,5.975378094222139058e-01,1.912161565759591952e-01,1.320645882185513820e-01,1.406870509230221111e-01,7.482813132183835370e-02,2.088169383565619264e-01,5.103208532978030787e-01,1.239327105078413815e-01,2.885935860639050610e-01
3.428483831259471204e-02,2.911485609740460667e-02,6.814627211706186793e-01,1.286367458384938545e-01,5.220185676386832618e-01,1.398727063926220593e-01,2.372947367481783032e-01,3.909087839170701795e-01,0.000000000000000000e+00,2.795376411404799644e-01,6.889392173690391807e-01,3.401354163908676398e-01,3.739555522868708293e-01,6.187842024442148647e-02,5.012786770965513838e-01,7.115659712575911344e-03,8.070800291040303165e-02,2.594493906979528086e-02,6.376071422924094456e-01,6.091235378297643610e-01,3.221618397567533876e-01,5.365738565980471275e-01,4.681306351797850374e-01,2.779989216146611097e-03,1.563554850445195155e-02,4.916179321275659930e-02,4.433957857162601490e-01,4.334209919091887020e-01,2.313935824379347861e-01,8.588949397914708017e-02,3.828505578517682473e-02,2.381316930890696459e-01,4.227115778357435488e-02,1.629987377982844987e-01,1.105966127385137054e-01,3.004447320311561254e-01,2.341516623603237535e-01,4.008455742921851472e-01,2.685661222124621217e-01,8.685175132989531033e-02,3.223232863501118151e-01,3.679796857478188077e-01,2.241284391875641435e-01,1.703332985186418180e-01,2.626566623996469674e-01,5.537758400118368562e-02,2.093012981111811444e-01,6.560612957769227371e-01,1.157323007055160724e-01,1.559103202860130377e-01,3.787255357300592373e-02,4.082811072928388407e-01,3.808447785170998579e-01,7.437328268614353810e-01,1.509101911336178381e-01,6.874982087777947726e-01,1.713245849608208971e-01,4.332707622344619813e-01,1.034517361838927507e-01,4.944275260331583155e-01,2.855539564891185211e-02,1.215957611250491066e-01,7.849924788149811872e-02,6.040556528000491365e-01,3.720080375322062372e-01,4.080805678835255357e-01,3.869446661876849713e-01,3.839072204614876194e-01,8.258546836685635995e-02,1.219777369304428372e-01,1.188792895999393751e-01,2.200528452545865710e-01,4.792381261619636512e-01,1.147168956186177258e-01,1.579695211414963163e-01,6.419739972423064989e-02
1.863044450194811796e-02,4.636073248940614233e-02,2.284101800594368903e-01,8.651239483537129238e-02,3.917250579112775410e-01,2.022555985387920474e-01,4.750468792039977961e-01,4.505859795569611137e-01,2.795376411404799644e-01,0.000000000000000000e+00,1.502572030679319437e-01,5.050648287580032925e-01,3.802561737070467851e-01,1.001115640406869262e-01,4.891473478340141456e-01,1.692877504701498226e-01,3.381333416198534780e-01,2.522004282630633809e-01,1.812385061527052033e-01,4.805373842189490929e-01,5.279748276166738030e-01,3.900689627441404350e-01,3.838318809053437586e-01,1.885937544616563544e-01,2.549727408933683548e-01,7.136932833071135684e-02,5.405847839747215389e-01,1.637242486997692315e-01,4.873252542262871967e-01,2.193086802083298315e-01,2.297997880168152762e-01,2.886714599802144704e-02,9.969683783726304704e-02,1.506575857706694832e-01,2.253863128190638498e-01,2.996372435542496437e-01,2.400936111734226497e-01,2.496617210182539015e-01,1.009468768466622313e-01,6.011544636306664913e-02,1.242396726443491251e-01,2.678744469118135019e-01,4.020459072973829873e-01,3.413454539478836258e-01,4.523680207830156341e-01,2.420038841015620390e-02,3.206662614471766926e-01,2.862622836705427387e-01,1.780611979660047250e-01,2.940290072256559473e-01,2.634013566454106170e-02,4.886462570086792523e-01,4.498689995346755732e-01,3.441814752087564155e-01,6.689305070325504143e-01,3.814918501347523416e-01,2.901604575949958686e-01,4.583179883231526253e-01,4.577520272615704516e-02,3.760454567897813516e-01,1.237345929284983104e-02,3.978408331475156712e-01,1.967282560532226110e-01,2.624711979270521467e-01,2.594746867428716075e-01,5.098909289906381481e-01,3.765693659594952503e-01,2.669653775600924761e-01,2.363840265643500360e-01,2.283182303440418615e-01,1.596406090444560943e-01,2.330301760550149703e-01,4.027074217308397319e-01,1.791440686796121895e-01,3.419542016861156219e-01,8.802312514777398123e-02
2.141641185326321195e-01,4.031840545619623517e-02,7.224311266408156573e-01,1.639576213101990448e-02,2.660800158408782590e-01,1.373601616937550896e-01,6.905684512020962562e-02,3.623445918614231487e-01,6.889392173690391807e-01,1.502572030679319437e-01,0.000000000000000000e+00,2.329209351170865028e-01,2.798259309107470338e-01,3.862198174776556581e-01,5.207106658529061516e-01,2.569613753114110555e-01,8.535657462135488871e-02,1.056576581178942653e-01,6.323683022833951339e-01,4.442336744967485540e-01,3.031067301628780353e-01,3.009206403321189049e-01,5.132365320922946950e-01,1.757188784136155535e-01,3.743424704207516662e-02,4.955147399306381040e-02,4.321342101101082189e-01,1.408751102100085639e-01,1.566377693964495221e-01,2.528561037563182845e-01,3.019971193389251463e-01,5.164228632693700360e-01,3.631896975660624527e-01,3.706093537404619442e-01,3.755163295394622347e-01,2.289691329871862691e-01,8.676856822974579608e-02,2.357920643417885098e-02,3.844980043520010993e-01,2.014083245241075626e-01,2.116315463936279673e-01,4.278062780700508383e-01,1.277678144019022688e-01,3.399141969273967306e-02,7.109651209814743522e-02,1.638204793559748240e-01,3.499861449155644566e-01,6.477539843119338725e-01,2.839580945091872421e-01,2.224660624694074773e-02,7.675252933016593615e-02,3.138117867734850353e-01,3.425563867713267707e-01,7.180350883434710729e-01,1.585179311565118598e-02,7.151252119069152480e-01,1.719336534706373820e-01,3.789281095471958016e-01,1.453200408406775668e-01,4.853106978454203024e-01,4.003117028886811479e-02,1.940983356232321155e-01,1.716362976318105416e-01,5.354093496029365129e-01,3.276106014462712990e-01,3.257626943221931803e-01,3.683205642598049168e-01,4.362006663207564916e-01,3.314567884477191417e-01,1.812513559589132017e-01,8.079998681528202664e-02,2.467374385377337775e-01,3.308450689308222170e-01,1.717998299293232445e-01,7.876949805205157862e-02,1.084680877837663621e-01
5.638433894239858191e-02,2.530505612563956896e-01,3.717934157116740135e-01,8.046465062847829586e-02,1.078043593642118159e-01,5.660274252767696357e-01,3.527438695057294460e-02,5.581398776711344878e-01,3.401354163908676398e-01,5.050648287580032925e-01,2.329209351170865028e-01,0.000000000000000000e+00,5.377994178860516783e-01,1.566669436649630320e-01,3.916683375488996810e-01,3.211069081006606707e-02,2.728952218938354157e-01,1.848141722035500090e-01,2.823626390384291751e-01,5.809932815830107788e-01,2.287870183627176701e-01,4.998495038035621341e-01,6.230477233693025862e-01,4.419487876940521587e-01,3.344149685698774022e-01,4.735617825984367313e-01,4.040118440338879569e-01,1.682320642178077863e-01,3.080334058850216494e-01,1.218706266193872179e-01,2.329916246941007296e-01,2.326195841303710932e-01,1.375639188421180492e-01,1.793486812116010520e-01,2.311910845803328285e-01,2.103840963653772211e-01,1.410697715388764539e-01,3.176086817815613195e-01,1.703692006954776184e-01,1.734396404994898999e-01,1.444613885800234421e-01,3.154048897133983620e-01,2.898630095699854525e-01,2.011579265523366633e-03,3.093809875096982243e-01,8.762210665744984972e-02,3.361648877432165672e-01,3.871442107924062959e-01,3.510031103292550192e-01,9.783883504972218370e-02,4.661621594737849761e-01,2.060883020342253180e-01,4.550061351070637805e-01,3.426163563277995761e-01,3.441727965202306949e-01,2.151765469994441904e-01,5.505539773867660358e-01,5.374189136401978928e-01,2.173561939411313704e-01,3.193709070282858553e-01,8.071762040717990472e-02,3.307336532784946881e-01,2.715287494264472801e-01,2.328704289060393173e-01,4.778858816371769347e-01,1.983677765856003139e-01,3.958522287198729117e-01,5.516684414209029885e-01,3.169905195700722933e-01,3.444936246468102703e-01,4.800756418267605463e-01,3.115548438160226641e-01,3.411410518639386713e-01,5.744223717897445347e-02,1.929343343827487622e-01,1.485504854196120772e-02
9.703940815238364104e-02,3.941659837839920355e-01,3.727895208496589396e-01,1.495975714692565350e-01,2.500146503894832284e-01,6.253656914596110727e-01,4.200989184292528433e-01,3.261605990967479385e-01,3.739555522868708293e-01,3.802561737070467851e-01,2.798259309107470338e-01,5.377994178860516783e-01,0.000000000000000000e+00,3.544362016280743766e-01,3.790017518364118265e-01,4.205869029723013353e-01,6.048753052014389509e-01,5.460064835785629622e-01,2.939104909203995031e-01,5.850750721980855218e-01,3.515739073069422682e-01,6.654462391330743243e-01,5.076861296433836657e-01,1.719961489769169516e-01,4.991890557965714681e-01,4.003060101049504271e-01,5.329259437284914469e-01,1.182394326443509947e-01,6.602977970051238099e-01,1.748157224119013808e-01,3.059189376750183764e-01,3.337321892944531965e-01,3.623701484902512315e-01,2.902028932362745728e-01,3.781325160908106109e-01,3.662251439313071733e-02,2.613084636969181807e-02,1.330973526946999663e-01,6.481647788026231871e-02,2.389019131830233122e-01,6.144876177818375806e-02,2.496444091547171951e-01,3.543896225940631473e-01,8.095109670295781712e-02,2.991552086496676588e-01,1.922458760910857878e-01,3.741302700227495670e-01,4.015418874721811693e-01,5.242188807518619598e-01,1.286060021743246073e-02,4.303979741684836879e-01,4.288514035252581902e-01,2.481553215427430570e-01,3.950661182962032503e-01,4.077735060502129527e-01,2.075205219572441306e-01,7.066962841183876964e-02,6.613440431880063253e-01,3.511279722497347433e-01,3.434874227030276783e-01,3.894470546305440761e-01,5.474653952198973439e-01,5.328149270840604190e-01,1.370326907772892455e-01,5.310329272455180938e-01,2.688089628736942682e-01,5.853411309229309412e-01,3.966108346217184222e-01,3.227000897967735593e-02,5.245287487250789304e-01,4.407819782479803217e-01,4.401243223107113578e-01,4.250194928516289883e-01,1.843598305145408844e-01,4.029972576331656842e-01,1.958314893432421822e-01
1.237216441464845385e-01,4.035696777686802461e-01,4.288922009839317706e-01,4.521340631414012545e-01,1.306900298773842339e-01,3.461740991305457538e-01,2.945770884562284864e-02,1.672669013111827974e-01,6.187842024442148647e-02,1.001115640406869262e-01,3.862198174776556581e-01,1.566669436649630320e-01,3.544362016280743766e-01,0.000000000000000000e+00,3.959626436827327067e-01,3.713293933463438640e-02,5.583555290685467964e-01,1.527441199801357896e-01,2.914565484916974425e-01,3.361455547987076131e-01,3.990919216382959878e-01,3.343822513422379794e-01,3.909032497970481579e-01,2.135590705845083481e-03,5.394193044758188726e-01,3.319866291923623813e-01,3.707325959973832852e-01,5.097871812159202598e-01,3.482405091663272056e-01,5.301081222806969251e-01,7.509080415034086187e-01,4.807594445155154439e-01,6.577286228213218289e-01,6.251964038642434662e-01,7.454471939814413251e-01,1.898895251938626239e-01,4.561108927390463696e-01,4.318740600245896122e-01,9.880651453585190258e-02,1.820254351580817831e-01,4.045532015362199862e-01,1.254500774604936364e-01,1.142254646029788878e-02,4.237566433155720569e-01,2.541196086079557104e-02,1.372342092120180240e-02,5.199293422087956085e-01,2.671786352092282990e-01,6.566094350680664604e-01,2.993895545256068935e-01,4.225220022480007387e-01,6.322246433412495592e-02,9.178989158076381050e-02,3.045999305295488124e-01,5.147849741775152588e-02,1.207326622829190399e-01,4.384577894985780544e-01,3.551421024379904923e-01,5.355042520702075759e-01,5.028087987264953096e-01,6.421295767544421551e-01,5.250112958449348888e-01,5.900708801243536028e-01,1.957263808198167754e-01,6.428020950805433120e-01,2.075596448666504057e-01,6.427931108025454199e-01,4.270589460185661990e-01,1.185258046124903347e-02,5.227380272850126186e-01,3.998870331008053669e-01,5.094287540673871906e-01,1.989293830791840634e-01,3.261606155903719606e-01,4.147144476676161706e-01,3.909493822743561608e-01
1.848021147843186274e-01,2.573342230428685151e-01,5.060802843802223450e-01,2.371348930318848414e-01,3.736525153010138434e-01,4.215499619996548319e-01,2.862515392633810385e-01,6.844463596894336810e-01,5.012786770965513838e-01,4.891473478340141456e-01,5.207106658529061516e-01,3.916683375488996810e-01,3.790017518364118265e-01,3.959626436827327067e-01,0.000000000000000000e+00,9.408853540406075799e-02,3.240366332284976281e-01,7.222544496529731406e-02,2.905233478341372466e-01,7.771624531158788374e-01,8.915310598919865548e-01,6.633845155976151320e-01,7.441408208550897019e-01,1.649480942800988781e-01,2.965786316022179236e-01,1.083084120278673679e-01,8.265413510881689518e-01,1.179179577502332266e-01,4.751622215335588040e-01,2.781973127394174461e-01,4.488084654961710385e-01,3.293704446183488566e-01,1.840327705439899209e-01,2.707358956781882320e-01,4.413045441669570246e-01,4.425780704721231640e-01,5.026425852691215890e-02,9.245760524649559997e-02,4.014465348244954934e-01,1.490188536501171335e-01,1.440204195260373909e-01,5.041527676881744080e-01,5.370885003002160429e-01,1.352600762609063867e-01,3.612480907438457289e-01,1.367488685611406019e-01,8.289236528935645110e-01,3.731618606814775529e-01,4.966604571319143124e-01,4.463992029082147761e-02,2.130775758825139699e-01,4.981335221977172267e-01,7.127683554027437474e-01,6.794399930791503728e-01,3.888489545931921310e-01,4.486928632368749614e-01,2.676832992006934753e-02,6.071024704327605548e-01,2.284668899156508393e-01,8.771870524655649426e-01,1.512630742321378896e-01,4.680221003364783416e-01,3.250415885283263195e-01,2.723801089025330024e-01,4.627872870466434030e-01,8.784797512619995086e-01,6.746272470990358761e-01,6.753992286561369962e-01,1.459332340798580874e-01,4.692528893489697484e-01,3.986939326933701677e-01,3.875633614163470075e-01,5.079390654102260427e-01,2.502260276608231360e-01,2.439184373221990054e-01,6.585839520098202282e-02
5.402748148507554582e-01,4.149436417804994170e-01,1.353619950712355857e-01,2.645517725413649157e-01,6.237769330581958982e-02,1.746241694185287352e-01,2.463659692610915830e-01,1.573952768802442670e-01,7.115659712575911344e-03,1.692877504701498226e-01,2.569613753114110555e-01,3.211069081006606707e-02,4.205869029723013353e-01,3.713293933463438640e-02,9.408853540406075799e-02,0.000000000000000000e+00,5.450818302813015270e-01,7.306447992095477240e-01,4.569693032523576559e-02,9.004351151865763736e-02,5.489559035815433363e-02,3.576199012042425851e-01,1.185435507795702254e-01,1.834144072161105199e-01,4.231810791446673492e-01,3.666258728064285544e-01,9.501900918972724930e-02,1.258516369067790297e-01,4.162796961985488209e-01,1.728510285726464479e-02,6.286864860189678161e-02,2.089606383838233522e-02,3.369165303002316647e-02,4.464402954696766734e-02,4.795842944489589477e-02,3.878328381688156412e-01,2.944615183194520536e-01,1.754494054645368006e-01,2.641790051654367422e-01,3.322879096858735171e-01,3.828508174685451015e-01,1.704412016323021972e-01,1.918644037582141748e-01,8.891673122878142321e-02,2.103228877146122167e-01,4.974366017201228840e-01,4.156672998609040048e-02,1.033868854876515697e-01,2.090736205172944728e-01,3.260698081124054071e-02,3.768597366636056156e-02,4.101546973891470604e-02,2.718378913710016165e-01,1.492965981985761026e-01,1.575268169992528611e-01,4.641977510755418423e-02,1.602950048889975609e-01,1.435703833225548953e-01,1.344960626749970856e-01,5.926112211628647986e-02,4.347121648684211803e-01,2.545220785264886709e-01,3.767015811871330944e-01,1.236595021689637086e-01,1.462113792474580842e-01,8.925297100061790889e-02,1.944202752940671075e-01,2.625313122386775389e-01,1.494842406204581475e-01,2.529017118646184059e-01,1.720292652595871996e-01,1.688451125725610735e-01,1.075030470404809979e-01,2.719223611152191689e-01,2.251156859012200251e-01,3.379408509818964679e-01
2.014780961704230877e-01,6.060686778491360949e-01,3.207691992773769041e-01,3.566602820829803400e-01,3.865250099158917818e-02,3.501971850254841923e-01,3.055273488871932397e-01,1.476052589967918882e-02,8.070800291040303165e-02,3.381333416198534780e-01,8.535657462135488871e-02,2.728952218938354157e-01,6.048753052014389509e-01,5.583555290685467964e-01,3.240366332284976281e-01,5.450818302813015270e-01,0.000000000000000000e+00,7.083160622992553668e-01,1.736636041023305599e-01,4.111506727919879145e-01,3.204026197820515343e-01,5.631853700328253165e-01,3.170503335263442635e-01,1.891239405544899443e-01,7.089983168240242550e-01,5.706003849484732049e-01,3.569759183934402280e-01,3.194619114186256770e-01,4.384441849237877276e-01,4.252332655817958607e-01,3.633613835016076266e-01,3.417743702317456722e-01,4.719116863056543876e-01,4.209424725860611005e-01,5.272355229972297552e-01,2.671922944324634508e-01,4.050325708541578917e-01,3.736949246274601233e-03,5.700779867222030561e-02,4.626632959948053792e-01,4.465278822529163971e-01,2.074086377584828667e-02,3.244370049775734399e-01,2.307384253090326021e-01,4.020141853935821352e-01,3.017973573685979738e-01,5.000616530700934259e-01,1.834363691858016676e-01,7.204815122331111876e-01,1.864205884799948199e-01,3.612091475555894160e-01,9.759769249219274467e-02,1.507770350401031745e-02,1.976475781210593752e-01,2.183867931570988574e-01,2.806358706279815651e-02,3.626602365035268005e-01,4.474626762570285687e-01,4.414888676263221123e-01,3.852289626245522514e-01,7.572126835009600487e-01,6.302201413323904600e-01,6.615812088314840800e-01,3.137581690390850442e-02,5.497864523735178643e-01,1.988224642331497816e-01,6.748251663194789751e-01,3.081309075184469615e-01,1.300039802980339498e-01,6.088677910089039802e-01,5.329012151426026911e-01,4.431731360446525825e-01,2.558971868596923160e-01,3.093507764526649551e-01,3.981688619121719896e-01,5.026224308273061769e-01
3.229592499478499690e-01,6.409466591114060252e-01,7.274926774922912953e-02,2.548629870434128697e-01,4.222750780525406922e-02,3.983998852720929684e-01,3.237044603436036172e-01,4.596695728194485908e-02,2.594493906979528086e-02,2.522004282630633809e-01,1.056576581178942653e-01,1.848141722035500090e-01,5.460064835785629622e-01,1.527441199801357896e-01,7.222544496529731406e-02,7.306447992095477240e-01,7.083160622992553668e-01,0.000000000000000000e+00,3.821823236185903361e-02,3.031284347180337457e-01,1.041361150981916783e-01,5.367470770378826028e-01,9.207627466457801724e-02,2.128058482397650608e-01,6.312829837103638431e-01,5.122712192950168442e-01,2.964147858999389151e-01,1.009913302804440471e-01,5.451174127053045604e-01,1.155627584495527438e-01,5.711251242934123340e-02,1.026766150301398062e-01,5.161549329328543601e-02,1.596287178803256768e-01,1.913807081378761099e-01,2.067457742613984240e-01,2.779076104787670531e-01,9.370936799246094850e-02,1.074950853177968624e-01,4.696373052224734890e-01,2.435706784372127787e-01,2.354244201927233049e-02,3.471058199188793991e-01,3.761454336770272966e-02,3.080232554150555968e-01,3.823944508530164876e-01,2.812693342906872895e-01,2.958681928260065153e-02,3.954718310539047654e-01,6.422359825994040927e-02,2.486217180970045071e-01,1.154875564925809672e-01,1.164947827938187519e-01,1.535229797408763086e-02,2.637484540875902339e-01,8.749667719821663248e-02,1.921519750804308868e-01,2.959354429989240476e-01,2.412322301410208814e-01,8.077821986751448913e-02,5.712513036922048926e-01,3.747264711106307322e-01,5.771132868463988430e-01,1.516802676718254361e-01,3.355233715546940831e-01,1.492214011300693755e-02,4.102829885356807371e-01,5.263673177436713202e-02,1.912895281231487554e-01,4.956035739915064520e-01,4.047810749514889062e-01,3.512314486670187752e-01,2.571215116352922880e-01,3.223629179446138027e-01,2.158687163696853817e-01,3.063539000125953260e-01
5.420031883177492404e-02,2.819941517941632059e-02,8.027676151068077193e-01,1.556588333091540877e-01,1.402049557477893782e-01,1.675562394676835543e-01,2.723964141822868279e-02,2.157435262609239679e-01,6.376071422924094456e-01,1.812385061527052033e-01,6.323683022833951339e-01,2.823626390384291751e-01,2.939104909203995031e-01,2.914565484916974425e-01,2.905233478341372466e-01,4.569693032523576559e-02,1.736636041023305599e-01,3.821823236185903361e-02,0.000000000000000000e+00,4.792508207663854214e-01,1.609766814905287113e-01,4.044205375852552020e-01,4.352554455102456976e-01,4.282321738387689924e-02,1.682633424409064604e-01,8.954577991549936278e-02,3.515408618133364915e-01,1.458192560602043220e-01,1.269226658581860401e-01,1.002015061113468164e-01,1.829341235355475548e-01,3.594874298368876397e-01,2.543300585320196205e-01,2.630501964875263110e-01,2.970615681548291476e-01,7.477975849669565855e-02,5.888418631153338051e-02,1.000995892218240063e-01,1.842866478347786330e-01,6.574801146426978091e-03,8.074051702338022607e-02,3.325246433846689165e-01,3.537113497617398739e-02,5.901573725111942947e-02,1.392777617167615944e-01,1.139515550528301391e-02,1.538370551571727474e-01,5.424026509041783850e-01,3.440316441523285085e-01,1.940548530208573430e-01,1.039125635199797670e-01,1.506071727824057072e-01,1.509963163777947592e-01,5.450107534365943307e-01,5.068195493204376290e-02,4.483604565291814947e-01,5.707576250531443129e-02,2.649138879266835778e-01,2.109814342990515290e-01,3.032547739662038166e-01,4.053968727915398251e-02,1.228917328189923774e-01,1.144470081101228165e-01,7.778654941610737561e-01,3.938084931789524457e-01,1.717285485623808727e-01,3.247513110574211659e-01,3.272327245896912706e-01,7.408376926758333814e-02,1.733403649254238177e-01,1.285179779223249441e-01,3.067185189621689512e-01,2.947198076164843084e-01,3.154296840389188283e-02,2.184455831198693077e-01,4.458793434333280237e-03
8.264517746723143432e-02,3.823931049049171249e-01,5.458778252381630836e-01,3.410660509539059637e-02,2.635805132431210951e-01,5.934230127215412987e-01,2.425298624493300859e-01,5.647622697211670539e-01,6.091235378297643610e-01,4.805373842189490929e-01,4.442336744967485540e-01,5.809932815830107788e-01,5.850750721980855218e-01,3.361455547987076131e-01,7.771624531158788374e-01,9.004351151865763736e-02,4.111506727919879145e-01,3.031284347180337457e-01,4.792508207663854214e-01,0.000000000000000000e+00,6.934453377103916294e-01,8.978048263010589558e-01,6.954400100599842371e-01,1.588163956464974103e-01,5.268826356908171693e-01,3.032479343132625793e-01,8.308188031486571923e-01,2.937679608708032575e-01,6.267602285810119911e-01,4.968286736989468988e-02,2.359481107758030771e-01,3.349945455728765009e-01,2.138813808987621301e-01,2.630195523593462648e-01,3.685307678129168818e-01,3.137231852409839705e-01,1.401483364230042272e-01,2.610970230847837747e-01,2.834857322490050291e-01,2.370434421821179249e-01,1.473529795096847894e-01,5.263851752982000587e-01,4.503441020123704064e-01,8.782129530011714702e-02,3.237351500712631891e-01,2.080205082293808405e-01,6.673374665521762950e-01,4.921457764330269824e-01,5.066554973333458056e-01,8.199174863260513813e-02,4.422379764957240500e-01,4.934310764217288980e-01,5.475518142746909067e-01,7.047609619969450456e-01,4.114773819657518428e-01,3.694567387041916562e-01,1.546032047967001721e-01,7.193142344033093272e-01,2.659947210592833455e-01,7.162770452229245688e-01,3.557400376478380144e-01,4.491606775844039778e-01,5.524859745106818210e-01,4.155916733730217194e-01,7.607581729256271963e-01,6.585744409627687368e-01,7.616569573441192009e-01,6.253690704879366624e-01,9.840339006210989392e-02,6.333838736092455290e-01,4.845952367154995888e-01,6.289943710710041991e-01,6.538935873923571451e-01,1.544630257648335059e-01,3.289951732206400914e-01,1.962062445203591188e-02
1.146024932084238612e-01,1.990920102839935923e-01,2.934119400098086361e-01,2.817750216150659015e-01,3.970639286682740021e-01,3.635734936740258050e-01,3.977206942228238562e-01,6.388498386563025155e-01,3.221618397567533876e-01,5.279748276166738030e-01,3.031067301628780353e-01,2.287870183627176701e-01,3.515739073069422682e-01,3.990919216382959878e-01,8.915310598919865548e-01,5.489559035815433363e-02,3.204026197820515343e-01,1.041361150981916783e-01,1.609766814905287113e-01,6.934453377103916294e-01,0.000000000000000000e+00,5.948758045281958839e-01,5.126149393654576558e-01,3.624895592616540485e-01,2.998902388166224675e-01,9.300044640465410239e-03,7.804527593587681222e-01,3.239733434461217199e-02,5.358742391208359823e-01,2.891639532637388932e-01,5.043401108753488016e-01,2.327422619475199850e-01,1.705736824117527750e-01,2.533689854171574662e-01,4.372342771997073108e-01,3.611583547611644796e-01,3.039782788127161350e-02,7.788673159054552986e-02,2.809773583014205656e-01,1.021140291474775808e-01,4.243903985270272572e-02,4.156108792368969906e-01,5.309298477222548218e-01,1.711336141048371839e-01,3.659008285475512379e-01,6.417575577458167757e-02,6.525703368943557292e-01,2.291557403374976098e-01,4.137425096646362710e-01,1.546141596325869005e-01,5.691555710781451283e-02,4.289040165040512997e-01,6.660414074430764941e-01,5.403874923753408943e-01,3.073531903561849687e-01,3.616307913635061211e-01,1.476608671682475005e-01,4.483329111985872029e-01,2.079904966312937920e-01,7.986223213054359782e-01,1.382711559012618219e-01,4.346153450358389847e-01,2.705968371294693586e-01,1.525213916759093624e-01,4.129610247564496350e-01,9.081712763485808582e-01,6.701682200506842157e-01,4.837473465171821529e-01,3.299730719633104936e-01,3.670902350962104155e-01,1.897389820518641801e-01,2.936135960136095902e-01,4.586008538498815845e-01,3.282731013297860989e-01,4.133591087019557464e-01,5.220251323258323639e-02
