0.000000000000000000e+00,5.471884620952778278e-01,1.051155227737111952e-01,1.786309211681210152e-01,2.723861356122063426e-02,2.080375749865596702e-01,4.653145195082658558e-02,2.992423253996263077e-01,2.753318313748202573e-01,2.609405061466153475e-01,3.787432169843474306e-02,1.122436526295994969e-01,5.621401473432553753e-02,1.183162353004147960e-01,4.224616487693386713e-01,4.988994440741301717e-01,1.259949587947042926e-01,4.051238747637905258e-01,1.507621835390454135e-01,4.218933094228345948e-01,8.186805216370988125e-01,4.330308395900965279e-01,4.667125426507115482e-01,2.861561700237611472e-01,5.452379262011000094e-01,5.176297768555813139e-01,3.933099449866027664e-01,3.560795476971634343e-03,5.475890978120933061e-01,2.305405227164911974e-01,3.531751018128274078e-01,1.769214396590209626e-01,1.186611718943224036e-01,1.183174052681165711e-01,2.116438902891132900e-01,2.084497801425564956e-01,3.715233391375857147e-03,2.542230064166899339e-01,1.387956167827242571e-01,3.855492422949337583e-01,2.119170600301909513e-01,3.534181141896919898e-01,1.280037646294966691e-01,1.711138668188940670e-01,2.806131506604091497e-01,8.602238720918625736e-01,3.400613582155923575e-01,2.210398258845366615e-01,1.452941120397509556e-01,1.162224969683347403e-01,2.194697806528062567e-01,1.525528757371529265e-01,3.635781605566940078e-01,5.050359549529740422e-01,2.351222235991471954e-01,2.148183899204742786e-01,8.559220244334857230e-02,1.655471691151190194e-01,2.767190526995242927e-01,4.555209759049447804e-01,3.271270064282477685e-01,4.246771683334257808e-02,2.689437375819293541e-01,2.370159348787227449e-01,3.574993631701081087e-01,7.797667586262171380e-01,3.808900035901399694e-01,4.123518082215004155e-01,3.876730994069987335e-01,3.465782212965604070e-01,4.755187231642246659e-01,3.840562743157776016e-01,3.030984067751790745e-02,2.752535627502328275e-01,7.351928596104492786e-02,2.001513761167587613e-01
5.471884620952778278e-01,0.000000000000000000e+00,2.730773941475089228e-01,1.567473304653775323e-01,8.794321933439812333e-02,7.892062722266369734e-01,1.510576901221523383e-01,5.171177236754812556e-01,4.358330818052933431e-01,4.523706431085788293e-01,3.517124482974960942e-01,4.321802173620755694e-01,4.178983589537074717e-01,1.335549414590391504e-01,6.847922435612554537e-01,3.375449846887479399e-01,5.147384462024797713e-01,6.005469015047318893e-01,3.141979271354010117e-01,6.807777123546927545e-01,6.721729858129886770e-01,7.259751071270312828e-01,5.666830996538592125e-01,1.881279043929926231e-01,8.432449457431769879e-01,8.961339181412285582e-01,7.853982879822292151e-01,1.968325457134708634e-01,6.363131765036589282e-01,1.534625964921878041e-02,1.880987771030875055e-01,2.235436187303669608e-01,9.155323138685966811e-02,5.905894306568105351e-02,4.509315622186974570e-01,2.191166278018715496e-01,2.710004553651183118e-02,3.605597284861399299e-01,2.383848347740619156e-01,3.889916094929773971e-01,1.584888438246395970e-01,5.749149013882625114e-01,4.405424599022075838e-02,3.204751519411683930e-02,4.598794745793812755e-01,5.544454617642373684e-01,9.178321980241206379e-01,3.361560824412681558e-01,5.979024602746856043e-02,6.162987595361613113e-02,5.643753784005898222e-01,1.308204851591472651e-01,5.964821707940919371e-01,5.555280927788193157e-01,1.170793141389313285e-01,4.090256240924305953e-01,3.508419242424451467e-01,4.133920944926637864e-01,2.271328725315410468e-01,6.781269207762827822e-01,4.429697870466909881e-01,4.291851351721848173e-02,3.311545768124129485e-01,3.376001372949043455e-01,5.467704619184734494e-01,6.139426872933699819e-01,6.813894307381811455e-01,5.105003174944984234e-01,2.202318422735423942e-01,6.705331263570193379e-01,7.453537111460013520e-01,6.947604709274239898e-01,1.258436537853629689e-01,3.098094816341906976e-01,3.013787747343445456e-01,2.948835557915034933e-01
1.051155227737111952e-01,2.730773941475089228e-01,0.000000000000000000e+00,2.392350759198767426e-02,2.419497053112781293e-01,4.380737838180059907e-01,2.924758294126833524e-03,2.342182174383934945e-01,7.190985293652978338e-01,9.697963116090391189e-02,6.417490357521773436e-01,1.758371174174001572e-01,1.848108695303304905e-01,1.623405336223569528e-01,6.714694978709716544e-01,1.607639969922596834e-01,2.234161597572212610e-01,2.064300381550494834e-01,7.232011402334916905e-01,6.356656641529028207e-01,1.305534732735035286e-01,5.253310680384174480e-01,5.252499500998615289e-01,8.715652662888018209e-02,3.914085194361378583e-01,3.645168134575734742e-01,6.019288010327716876e-01,2.605347092322192748e-01,4.345054523133832780e-01,6.930909123817435846e-02,9.021197497598418269e-02,3.742359811847947304e-01,9.494618149697699183e-02,4.375802680978077563e-02,3.860354360836880661e-01,1.621415892064789754e-02,1.663953419906609443e-01,2.904909280390428616e-01,3.396693387451199531e-01,1.470600680291324867e-02,1.691350237689236841e-02,3.739505094893799120e-01,1.296628202483331438e-01,6.194950801648842209e-02,3.301644328536762485e-01,1.107035171245678018e-01,4.237629002314661775e-01,7.040238030421703819e-01,1.138306537330090185e-01,1.002532809454984575e-01,5.184240554512253851e-01,2.538084684266047608e-01,4.640437428653875762e-01,7.390024767046555754e-01,5.552636473810118600e-02,5.868270859300378506e-01,1.987678395682629384e-01,4.801597329149401849e-01,2.460963202014671003e-01,6.124092942943319962e-01,3.022780214078800154e-01,9.875074315920966128e-02,3.676042588626244334e-01,7.567385589025574788e-01,5.863867053893483394e-01,2.365012191639620509e-01,5.500475059015996759e-01,6.177253793637469403e-01,3.034616217646960434e-01,4.683837965543905524e-01,4.582369294474050170e-01,5.678243590866742796e-01,3.630300901750655451e-01,3.726001680083944056e-01,1.017615253655596574e-01,3.659835049314641431e-02
1.786309211681210152e-01,1.567473304653775323e-01,2.392350759198767426e-02,0.000000000000000000e+00,1.051318156481537841e-01,1.202439089766680139e-02,2.989646376115360771e-01,5.614176046118599106e-02,7.075220657936040491e-02,3.758525594922857982e-01,8.855173349286810103e-02,1.636044729115762320e-01,2.099751008148775244e-01,4.954116580824627358e-02,3.961959458190043859e-02,2.905368981072052326e-01,5.391199243172722227e-02,1.431765371735278236e-01,3.023779787076433939e-02,5.665131420852843880e-02,1.516734833842354746e-01,9.351726335783987210e-02,7.635611965743838159e-02,1.740829510347036146e-02,9.785301822864764243e-02,3.730878861093112064e-02,1.233309893649242317e-01,5.515655695928181057e-01,2.382124014814366308e-01,5.440914291857403828e-01,5.711521816570978016e-01,1.190639401191087854e-01,1.291063130658300084e-01,4.655190671132166669e-01,1.447548094036192889e-01,5.660745700421733195e-01,5.511595846736918602e-01,2.735892167437872780e-01,1.676113241647885777e-01,1.658493466038591380e-01,8.394803155511790238e-03,1.640595013635454957e-01,1.565096064973622025e-01,1.538231668195638169e-01,6.217138749474490633e-02,1.091859821304898975e-01,1.961382000867240970e-03,7.248292044440544923e-03,2.648014461495588057e-01,1.578896940005183880e-01,1.258839421010776727e-01,4.099067973420922328e-02,7.992895183966573780e-02,2.711563784935430710e-02,4.492464437987737230e-02,6.643524059823391337e-02,1.691510634312291261e-01,2.618974189888850085e-02,8.366874997873585684e-03,6.769835541595935202e-02,1.199078919541463617e-01,2.526608961718153079e-01,1.472481713508866363e-02,8.698886117356953440e-03,1.307544368673763391e-01,2.196373458491630015e-01,1.607577229196341384e-01,7.189397616122039647e-02,6.040608188416654589e-02,1.141098493261395452e-01,5.798230083913340910e-02,6.452504951014848000e-02,2.164814106506676022e-02,1.954838611173603247e-01,1.857370780364328011e-01,2.828849385605143874e-01
2.723861356122063426e-02,8.794321933439812333e-02,2.419497053112781293e-01,1.051318156481537841e-01,0.000000000000000000e+00,2.308250696585881501e-01,6.090292845626898988e-01,3.645832912924598102e-01,6.733343462123807521e-01,3.967704311259265815e-01,5.396754680099791202e-01,2.913448394908562666e-01,4.901412282182388003e-01,1.688566999772661559e-01,2.233377492966095168e-01,1.956619902750960649e-01,2.171845937391660430e-01,2.523469651745747777e-01,4.293566243546994010e-01,2.018716229086398029e-01,1.203817696555612993e-01,3.241178615597366530e-01,1.471220881802114133e-01,2.062865703781772420e-01,1.370332408565337334e-01,1.858847794715090818e-01,1.992988510596519491e-01,4.230716843548636419e-01,3.227426186416782472e-01,3.759185961191751635e-01,2.682731684376659098e-01,1.243027131477420777e-01,2.649635842329295943e-01,2.640053643199841704e-01,3.160121486771819699e-01,1.661840853125671758e-01,1.150023177817310893e-02,3.235186909872555527e-01,2.205243597117861332e-01,1.407263236821369168e-01,1.996066347147382736e-01,1.104268026425346272e-01,6.028269021906515479e-02,4.602933417824837947e-02,1.277157620828751339e-01,4.839454161782817676e-02,2.572128527662714131e-02,4.237218573079518658e-01,1.030332316942997317e-02,2.246234890203464563e-01,7.651050357741184804e-02,1.540028850725805587e-01,2.100550198467557028e-01,2.972375377864614476e-01,1.072708648101409756e-01,5.989629334184688458e-01,3.288577226628808248e-01,4.065698179001245305e-02,1.160393299267481471e-01,1.026939874578357559e-01,1.881776748900860774e-01,1.458205471612832316e-01,1.457846690136044843e-01,3.010933838541272056e-01,2.319879698733789963e-02,4.223018920954423050e-02,1.000286134628309842e-01,7.053267930260281871e-02,3.210903360014014107e-02,3.689977195724540582e-02,9.973366002064543157e-02,1.174820670211532136e-02,1.189494061784514278e-01,1.159461414354059361e-01,7.833431559021118706e-02,2.403880582408713662e-01
2.080375749865596702e-01,7.892062722266369734e-01,4.380737838180059907e-01,1.202439089766680139e-02,2.308250696585881501e-01,0.000000000000000000e+00,1.743354877085786514e-01,6.745889038736512244e-01,4.962683558603157574e-01,3.082515784625150523e-01,4.721308828662872381e-01,5.106061291552170811e-01,5.691865787413621369e-01,6.425782362949215842e-02,5.716953672675147979e-01,1.749201405461043579e-01,5.158086882967949371e-01,5.529978156262336242e-01,4.762768557374140732e-01,5.459407629388077776e-01,3.394195586427817268e-01,6.296414243894949969e-01,6.072278671427120411e-01,2.687529368343911651e-01,6.982169269573230697e-01,7.296711923537889666e-01,6.432861891304779700e-01,1.963648729761321987e-01,5.407986026298012838e-01,3.780057811712318749e-02,3.643884102184150042e-03,5.239197260223212027e-02,1.208038697963669250e-01,1.050970912207077057e-01,2.100253057904650777e-01,1.375182310627989513e-01,1.027439963491098007e-01,2.796374132170466043e-01,3.982537673734130174e-02,3.893226794150208558e-01,8.981133909136511384e-02,2.990907399997472238e-01,8.056658317731936469e-02,1.669689215947927907e-01,4.116907262830983294e-01,2.600154946487365781e-01,7.135330715444007099e-01,3.883943304361142101e-01,4.082005203445086827e-02,6.862444852135891893e-02,6.979490993058683479e-01,3.200875392388596308e-01,6.620233981735159645e-01,4.790533217031582858e-01,1.563123852064416952e-01,5.231028876847322318e-01,4.734234816510043964e-01,5.832440029990546559e-01,2.141587382822203178e-01,5.336608331115324511e-01,4.887111022874815469e-01,1.000128277301704782e-01,4.604787214795504346e-01,4.733475104603941941e-01,5.366479147351950196e-01,4.269943226926726232e-01,5.983447502461868295e-01,5.333415415669664483e-01,3.643345727918739230e-01,5.864375686872809190e-01,6.346908364674268554e-01,5.683935318609651954e-01,3.051939287857300953e-01,4.140331789391045736e-01,4.277640938127165449e-02,1.492764049966104067e-02
4.653145195082658558e-02,1.510576901221523383e-01,2.924758294126833524e-03,2.989646376115360771e-01,6.090292845626898988e-01,1.743354877085786514e-01,0.000000000000000000e+00,3.073817688689836070e-01,3.479510651821539624e-01,4.654420355370625928e-01,2.779793954987522242e-01,9.609033557615062615e-02,4.975162633513230404e-01,3.337516540135860854e-01,6.250860465368376917e-02,3.400353414520543294e-01,3.713691940308856965e-01,3.673651859494628802e-01,6.126463751280381009e-02,6.420701059054750859e-02,2.305668711283847816e-01,1.788769870432673215e-01,1.616303425141304984e-02,2.449764110392308458e-01,1.774968502921242530e-01,1.312089952449237984e-01,2.724704335428640434e-02,3.825513377577132723e-01,2.454421781969640115e-01,1.927711451035990509e-01,3.093132143296500880e-01,3.196269786118569045e-01,3.891382326603160524e-01,3.033286524707269338e-01,3.895173125742199538e-01,1.212250707006659600e-03,2.428003214598450921e-02,2.954391900308159791e-01,3.236202593095151570e-01,3.734002137763989260e-02,3.026946069889671076e-01,1.905694742540979258e-01,3.010642290813231314e-02,2.328234567254182374e-02,2.719262241491388066e-02,1.337728128158363616e-01,2.254777080225922603e-02,5.939487044189026288e-02,6.744403112522942556e-02,8.037658162239963433e-02,2.266338356595539727e-01,1.073472730922418461e-01,1.049064650187511716e-02,1.930077865173740470e-02,1.151960536158602166e-01,2.909799671957353229e-01,1.971824283890714624e-01,2.942154278321576499e-02,7.611251939924520982e-02,2.360383291937834527e-01,7.195766466600876654e-02,4.331949052863925398e-01,8.843712214450041853e-02,8.463868978641456153e-02,3.110842646864966365e-01,8.957598747648895521e-02,2.050217228815772175e-01,6.778496687793988951e-02,1.164212667679918045e-01,2.320592991236491986e-02,5.651160102809513197e-02,1.876727300198294257e-01,1.214097548903359108e-01,3.357130587388225673e-01,2.359511324001400956e-01,2.096029154654552584e-01
2.992423253996263077e-01,5.171177236754812556e-01,2.342182174383934945e-01,5.614176046118599106e-02,3.645832912924598102e-01,6.745889038736512244e-01,3.073817688689836070e-01,0.000000000000000000e+00,4.025443472371834641e-01,2.963568217443335318e-01,3.948488278312803357e-01,4.549769576384802283e-01,4.998667169423924861e-01,1.735495432591611098e-01,2.894488591583138093e-01,3.759590197791652932e-01,4.393385279484481876e-01,4.990133367791700358e-01,3.386687767536313287e-01,2.142922078887816162e-01,2.296624400019436352e-01,4.193970849549476521e-01,6.024816949295465074e-01,3.753276750725130784e-01,5.004855771000975562e-01,5.478882586477968886e-01,3.494644180763483154e-01,1.201722332744638855e-01,2.940489200807954173e-01,1.145801716789717484e-01,6.375343854328652249e-02,2.142656515563471364e-01,3.647152233376916297e-01,1.602184680927932203e-01,2.224605191152301265e-02,4.518203482588153963e-02,7.328744919336274699e-02,1.285605419729412002e-01,2.332438850003471786e-01,5.664207555131416383e-01,2.634799193288901997e-01,8.184623211471521442e-02,1.628419114917433463e-01,2.548103762649903681e-01,2.494590372998960470e-01,3.401330656021623322e-01,4.575073725428584481e-01,3.357720363849909240e-01,6.663202680151001506e-03,9.477494231015250181e-02,4.235467269109893795e-01,2.718142730049485922e-01,7.166422706292696621e-01,3.377107599266575000e-01,2.369856167455193785e-01,5.166239998033395064e-01,4.148055935070792399e-01,3.492991284953128051e-01,2.053099491422017975e-01,8.116029360458437703e-02,3.102765308176967385e-01,2.039701923871498068e-02,2.913661437280008482e-01,2.826854407033515537e-01,1.749834713574023037e-01,3.492101337854249810e-01,3.041271479125849941e-01,3.956036173234332987e-01,3.401428499926302251e-01,2.521733399140871912e-01,4.497288112159857354e-01,2.082816204092026446e-01,2.269291137162028904e-01,9.590791596705661171e-02,5.821453481795205859e-02,1.690366078771904368e-01
2.753318313748202573e-01,4.358330818052933431e-01,7.190985293652978338e-01,7.075220657936040491e-02,6.733343462123807521e-01,4.962683558603157574e-01,3.479510651821539624e-01,4.025443472371834641e-01,0.000000000000000000e+00,4.182986840320282451e-01,7.599304120174829036e-01,3.293246244102308040e-01,4.714581541080167804e-01,2.361912069380504853e-02,6.476199493375476290e-01,1.278537824428464531e-01,3.607925177025910202e-01,3.661781775808285455e-01,6.875606914144894999e-01,6.331394985672493814e-01,2.577068338490681176e-01,6.743414995193979244e-01,4.847895471261705058e-01,1.720903302004911650e-01,5.594982904178156247e-01,5.158083915692852628e-01,6.444939857380149739e-01,4.037447614532932993e-01,6.200577769345059220e-01,2.532164094864827186e-01,1.672665077227925567e-01,2.901043404430847517e-01,8.017975794227774622e-02,1.397288171267012935e-01,1.748114966195974951e-01,2.012664131146950364e-01,1.113517598458721447e-01,4.888643783132781695e-01,2.051059227434836596e-01,2.306577517694424484e-01,1.013703503220236835e-02,3.087764580114037427e-01,7.005801381295287400e-02,2.755249884256880805e-02,4.730952602871946189e-01,2.826728618151428396e-01,4.332190310858243243e-01,7.485077032901685801e-01,5.353716194785945043e-02,2.806469538334323555e-01,3.778510724963556333e-01,3.184928322712105575e-01,4.244442639133482187e-01,7.742243956859133913e-01,2.987518971817666458e-01,7.864768121791921862e-01,3.459932658254937232e-01,4.457304720272594056e-01,3.092520400502175582e-01,4.646799847772128955e-01,3.718869687065048946e-01,9.539261371884169560e-02,3.671139092120551117e-01,6.472223093927218507e-01,5.675645524358857719e-01,3.404327786856956028e-01,6.101178117712852123e-01,4.743237116960517530e-01,2.029201273958853580e-01,4.527642256956917466e-01,5.106669346850734037e-01,5.400925494345419908e-01,3.518701629245579166e-01,3.546164397080183717e-01,4.833523007281338713e-02,8.649169992546801300e-02
2.609405061466153475e-01,4.523706431085788293e-01,9.697963116090391189e-02,3.758525594922857982e-01,3.967704311259265815e-01,3.082515784625150523e-01,4.654420355370625928e-01,2.963568217443335318e-01,4.182986840320282451e-01,0.000000000000000000e+00,3.462233444446179420e-01,3.994987488034600354e-01,4.451544436570298302e-01,1.820980567587534016e-01,1.918766712642292760e-01,4.253478521010034541e-01,4.051809829253192885e-01,3.940641279408557129e-01,1.936029166004158419e-01,2.899101841741253960e-01,2.447356195603206386e-01,4.079768424280835748e-01,1.154281849143116989e-01,2.092083144874490597e-01,4.083781781772048980e-01,4.164786231678735406e-01,2.626806733842168007e-01,6.439146762836458482e-01,5.421676902695268252e-01,3.673718286812747702e-01,6.127566293687529697e-01,1.056521575850744021e-01,2.825892488811903025e-01,3.434800421018702199e-01,6.655051482974472243e-02,6.501816167031319871e-02,2.963630690679437962e-01,5.020202942901081933e-01,7.047039392046089423e-02,1.386354699687601111e-01,8.389299686416290536e-02,2.947971795495343272e-01,1.978501855797545894e-02,1.141070273239542243e-01,3.683421632378984789e-01,2.142338079966925046e-01,2.921895445593104546e-01,2.442022185782520560e-01,2.666028168761555225e-02,3.739698460312493311e-02,5.257696608211211153e-02,2.102386097441194535e-02,2.281846892159080098e-01,3.012434692614993637e-01,2.742960304214791534e-01,4.033517920287229552e-01,4.023191637631454154e-01,4.930490370121146104e-02,1.875658938388275743e-01,1.061972172772962797e-01,2.412415913571667736e-01,2.063756589924632956e-01,1.334727202581592331e-01,2.451903841002440188e-01,1.545992730023117989e-01,3.208724209703073260e-01,1.729190244480122707e-01,5.810431787706235585e-02,3.636184657571234213e-02,1.484454286251943311e-01,2.292127206494346536e-01,1.692510265867802066e-01,3.102997477957894490e-02,3.340411872234139157e-02,2.220888810413932102e-01,5.279789374554590131e-02
3.787432169843474306e-02,3.517124482974960942e-01,6.417490357521773436e-01,8.855173349286810103e-02,5.396754680099791202e-01,4.721308828662872381e-01,2.779793954987522242e-01,3.948488278312803357e-01,7.599304120174829036e-01,3.462233444446179420e-01,0.000000000000000000e+00,2.980261097958968874e-01,5.753538480417346168e-01,1.521604308559117713e-01,5.238235412759917331e-01,8.774123193882560345e-02,2.804885760500226421e-01,3.125825140983692907e-01,7.706833182973004126e-01,5.095168607562863272e-01,3.738181855999955783e-02,5.723504829650610803e-01,3.457526651654153071e-01,1.439642143492463611e-01,4.133057012400882524e-01,4.349952769553941945e-01,5.720151550206136193e-01,4.434344860854377846e-01,4.491294919870241209e-01,1.219636386617633239e-01,1.745762418475379496e-01,1.905155979027553792e-01,1.047235542996330926e-01,3.130846804082440538e-02,2.392769944929382386e-01,1.624379452367110954e-01,3.773062947840938319e-03,3.245413524788349768e-01,1.223482272024915551e-01,1.246144296002542062e-01,3.862559936996459720e-02,2.399046207599433156e-01,1.409172233017695064e-01,2.795784389135642228e-02,2.824371182738493191e-01,1.494275649503208347e-01,4.693825471399092342e-01,6.991691298408462263e-01,8.699211825129350706e-02,4.490501522097570253e-01,4.057190944282771383e-01,2.770398812798493537e-01,5.139235383989735340e-01,6.135273181113873875e-01,2.000760069587799173e-01,8.961490413245513098e-01,3.327740157387171216e-01,5.028812670696869436e-01,3.640647440043257022e-02,3.212446665107933086e-01,2.844465491567865767e-01,2.849010385870923145e-02,2.238493879233412476e-01,6.391940171602744636e-01,4.561167832333541394e-01,8.935806871008772356e-02,4.803121590014846620e-01,3.710563134598036106e-01,7.139449791964808112e-02,4.186136616200412108e-01,4.126722314905140743e-01,4.389549881476167426e-01,4.011333284366424001e-01,2.721804680052401504e-01,2.987045028992704049e-02,5.960608787917455464e-02
1.122436526295994969e-01,4.321802173620755694e-01,1.758371174174001572e-01,1.636044729115762320e-01,2.913448394908562666e-01,5.106061291552170811e-01,9.609033557615062615e-02,4.549769576384802283e-01,3.293246244102308040e-01,3.994987488034600354e-01,2.980261097958968874e-01,0.000000000000000000e+00,4.681516281936702328e-01,1.443763366968573991e-01,4.036730363262389099e-01,1.532891333648391807e-01,3.388828282526213376e-01,2.806063552652921511e-01,3.303762230326788840e-01,3.804118110330443336e-01,1.194094824956061229e-01,3.794871435318743491e-01,2.849489801775218489e-01,3.434099036311732966e-01,2.527848136001200618e-01,5.189892534927851298e-01,3.324264726555581917e-01,2.634241596899044580e-01,2.739250161273714124e-01,1.648401163033128558e-01,9.322337555330172110e-02,1.089794544732925613e-01,6.232241306347080512e-02,2.486996221398416751e-01,2.444039069871563677e-02,7.760949174583300914e-02,2.646012038118686904e-01,3.520731553695676253e-01,1.273061368538519200e-01,2.119964930681006998e-01,2.254249948614418103e-02,2.592521834481706922e-01,2.284965679821542306e-01,2.147054760622728875e-01,4.368907906925134088e-01,1.635369163674151027e-01,3.989003752536083303e-01,2.597016926092904354e-01,1.201054582429743472e-01,8.738620534943056239e-02,2.953052178150686324e-01,2.277563762069328424e-01,4.033605223797358530e-01,2.850639637749277644e-01,2.971903316877704815e-01,3.465888329026570736e-01,7.737791230359070127e-01,2.427701952771283977e-01,1.017672118816406179e-01,2.760939840007193835e-01,2.555525926454899066e-01,1.583983721746246298e-01,3.537576871071818063e-01,3.076540494303985906e-01,2.891055455527429818e-01,1.245441537112368102e-01,3.737565854818127309e-01,1.565124288562153576e-01,2.343385618581545482e-01,1.757935759930369379e-01,3.982354307720077924e-01,2.801587423705845237e-01,2.363628408386947433e-01,7.340430336433045877e-02,4.061554931442498684e-02,7.895731080143861269e-02
5.621401473432553753e-02,4.178983589537074717e-01,1.848108695303304905e-01,2.099751008148775244e-01,4.901412282182388003e-01,5.691865787413621369e-01,4.975162633513230404e-01,4.998667169423924861e-01,4.714581541080167804e-01,4.451544436570298302e-01,5.753538480417346168e-01,4.681516281936702328e-01,0.000000000000000000e+00,1.941462109742128905e-01,2.150545970609849811e-01,3.085976470998226806e-01,4.123298012307229921e-01,3.780599696395186005e-01,3.478143794706605174e-01,2.124307906992839168e-01,1.482587898832263273e-02,3.660524021853622245e-01,1.010200796613370255e-01,1.330634883871049112e-01,2.248529221118244492e-01,3.940338370389833700e-01,2.100592034252513618e-01,5.742148907062814001e-01,3.452598464305690062e-01,2.313875207879836082e-01,2.201806311434699182e-01,1.668337498114720596e-02,1.636031341432765962e-01,2.548625452533030966e-01,7.019397674001903731e-02,3.470748433155462775e-02,1.925974523021984630e-01,3.190560820560829347e-01,1.667008341174078256e-02,4.562083353561437876e-02,9.951446382030212923e-02,1.273876135644143315e-02,3.476545317356945219e-02,3.526102435702062332e-02,2.466042087483895084e-01,2.813150363800466514e-02,2.743805504318351796e-01,3.039971195880014632e-01,1.336118986210188542e-02,1.495099799688140996e-01,1.622779373812471004e-01,1.055977478028528593e-01,3.701017222241942406e-01,2.711830313287323935e-01,2.493904074646854929e-02,4.994549020946346674e-01,5.554542253074719049e-01,3.495295756582476598e-01,6.082502577478132721e-02,5.396018311305220139e-02,2.084932682673836246e-01,8.452730017790843764e-02,2.172912929348768951e-01,2.479415176304128887e-01,7.361458213151841901e-02,7.425275450309976044e-02,1.509679990859050247e-01,3.563444366352694348e-02,1.836625047827109003e-02,1.456151343872032211e-01,2.309037563712241781e-01,7.268824454203355601e-02,1.667268984747885541e-01,5.634619592963584916e-02,6.849845001466961514e-02,2.469142176451978588e-03
1.183162353004147960e-01,1.335549414590391504e-01,1.623405336223569528e-01,4.954116580824627358e-02,1.688566999772661559e-01,6.425782362949215842e-02,3.337516540135860854e-01,1.735495432591611098e-01,2.361912069380504853e-02,1.820980567587534016e-01,1.521604308559117713e-01,1.443763366968573991e-01,1.941462109742128905e-01,0.000000000000000000e+00,8.198363198710131861e-02,1.559880060288349191e-01,2.016620744790200981e-01,1.048758808417737665e-01,1.488855066444051967e-01,1.656624919809734919e-01,3.638800790626746662e-01,4.357231258212869440e-02,1.047201539362155320e-02,4.251816607676880411e-01,1.157819821756058409e-01,1.717837619801864946e-01,7.085516707230052336e-03,1.228311864989945351e-01,1.709412430724859822e-01,1.963998758392193622e-01,1.163854073603573375e-01,4.429047079769853346e-01,2.425787045298869182e-01,1.063696703269701033e-01,1.499646614519953292e-01,6.759617679869045492e-03,2.186908202857657801e-01,2.110353370859491262e-01,3.994091924722998344e-01,9.602307450900125774e-02,2.893031944617562301e-01,1.239051101927904769e-01,2.268889327353521002e-02,4.992610389856315389e-02,2.682526380661658105e-02,1.445615807911262152e-01,2.294271378898294911e-01,2.867180602212134333e-01,1.398983930335574999e-01,2.339990223407379943e-01,1.958211091562152978e-02,5.328363991459043186e-02,6.958447570352016553e-02,1.452012646349613301e-01,1.297795275739087040e-01,1.837871182624228328e-01,1.753982504097497119e-01,1.738751236961338653e-01,3.845014944478126750e-01,1.289766929501574844e-01,9.020628444642206367e-02,9.526835793421006837e-03,1.560734441821196722e-02,2.716825079792657416e-01,2.022964802079521007e-01,2.223706549235881236e-01,1.159723363421574782e-02,4.536948571056401147e-02,2.006894356343262575e-03,1.814586494380676651e-01,1.146434156915143998e-01,1.517329372706347490e-01,1.022892366266584391e-01,1.799834414614792655e-01,1.265526050893176768e-01,2.845583757709402861e-01
4.224616487693386713e-01,6.847922435612554537e-01,6.714694978709716544e-01,3.961959458190043859e-02,2.233377492966095168e-01,5.716953672675147979e-01,6.250860465368376917e-02,2.894488591583138093e-01,6.476199493375476290e-01,1.918766712642292760e-01,5.238235412759917331e-01,4.036730363262389099e-01,2.150545970609849811e-01,8.198363198710131861e-02,0.000000000000000000e+00,4.565534941630161603e-02,3.596581256292056272e-01,3.708813970564128759e-01,5.642293477399924484e-01,8.421054926096858129e-01,4.394946319434689386e-01,8.449874785066393557e-01,6.305597448127941984e-01,1.168073320113960645e-01,6.863232142834453375e-01,7.175804566784109717e-01,8.655431115874440140e-01,1.341882597562680801e-01,5.921395747168840540e-01,5.712913964647037268e-02,3.978814638980754381e-02,2.390409681206445425e-01,1.236540931455886727e-01,5.210650277646568934e-02,4.587589127057346006e-01,1.938215409584918558e-01,8.869656006625449562e-02,2.933552120357634241e-01,2.651530642162427953e-01,2.947808489485185257e-01,7.213279884488439653e-02,4.475294473749035218e-01,4.628997910192592796e-02,1.185223321951562742e-01,4.789258717947558197e-01,4.671487932378903252e-01,6.321783031003207487e-01,5.573578606232658661e-01,7.967828406913586570e-02,3.018875803804055291e-01,6.470422390414130032e-01,4.306722480991478363e-01,4.976986374023098514e-01,7.901404862551699715e-01,3.280479833334520312e-01,6.507828122825624062e-01,3.818349584103661321e-01,4.990856046575968819e-01,3.466916333202423317e-01,8.218388824654737634e-01,5.057973396744245287e-01,2.177025837313349976e-01,4.207908455369412937e-01,6.085016559516411849e-01,7.617068018620527514e-01,4.696600677394782708e-01,7.837673683911184908e-01,6.201799306420627822e-01,3.582925011281187788e-01,6.459732719749051721e-01,7.290143102031247935e-01,8.868832986376713468e-01,3.303334163806457280e-01,5.986648029640082580e-01,6.863189790506799004e-02,3.647589210486901212e-02
4.988994440741301717e-01,3.375449846887479399e-01,1.607639969922596834e-01,2.905368981072052326e-01,1.956619902750960649e-01,1.749201405461043579e-01,3.400353414520543294e-01,3.759590197791652932e-01,1.278537824428464531e-01,4.253478521010034541e-01,8.774123193882560345e-02,1.532891333648391807e-01,3.085976470998226806e-01,1.559880060288349191e-01,4.565534941630161603e-02,0.000000000000000000e+00,4.328925358154186442e-01,6.367219607396894521e-01,4.798754928327970959e-02,8.954646596424609140e-02,2.852587695405514601e-01,3.097496412553701894e-01,3.823329212909576391e-02,3.646853230847211802e-01,2.906623965635887763e-01,2.726410852715472899e-01,1.422721069974797192e-02,3.396546410653845660e-01,3.883518245328206331e-01,3.055315604050237166e-01,6.709798611537904911e-01,2.499751591160045694e-01,5.128599849455760529e-01,4.982812677353817277e-01,2.609376735491094612e-01,1.227013306946908994e-01,5.142682422422398258e-03,1.771898450427795702e-01,1.973828713456970141e-01,3.457176786371275456e-01,1.348907720413380917e-01,1.028017371111816514e-01,7.690517553381927274e-02,8.261150188663889116e-02,1.174154817667243944e-01,4.394132899639547341e-01,1.617540846289470535e-01,1.163215185816929842e-01,1.554145647419911264e-02,6.075670641796679372e-02,4.589740812421311267e-02,1.333234183205722900e-01,1.781415639811576024e-01,9.250230760625376136e-02,1.934512937436444202e-01,1.803292770519897559e-01,2.367279646502901680e-01,8.626612766729110926e-02,4.019429451252150981e-02,3.178012359534576614e-03,3.564969433461043224e-01,7.422093659184186842e-02,2.455090495452625365e-01,4.348474851541014874e-02,1.580855007080800290e-02,3.034294502049594833e-01,1.098444658284752906e-01,9.844977987900538352e-02,9.298872673973052061e-02,1.004273099223255694e-01,1.657375523432862152e-01,6.745579938254475660e-02,9.946172730016408781e-02,4.066659391278409919e-02,6.817389776009494251e-02,1.709383551563224968e-01
1.259949587947042926e-01,5.147384462024797713e-01,2.234161597572212610e-01,5.391199243172722227e-02,2.171845937391660430e-01,5.158086882967949371e-01,3.713691940308856965e-01,4.393385279484481876e-01,3.607925177025910202e-01,4.051809829253192885e-01,2.804885760500226421e-01,3.388828282526213376e-01,4.123298012307229921e-01,2.016620744790200981e-01,3.596581256292056272e-01,4.328925358154186442e-01,0.000000000000000000e+00,6.993890960493146514e-01,2.166914283645940686e-01,3.305179315576318166e-01,1.211426213640096339e-01,5.235075320410301769e-01,2.898091613280907586e-01,2.191233144112284537e-01,5.900190881432068046e-01,5.668878561201949884e-01,4.378892566799191810e-01,1.069045445215973666e-01,4.000711879850296082e-01,2.042570900803448719e-01,8.317468772766384300e-02,2.193445484781536003e-01,1.555218037838743406e-01,6.416677157980857360e-02,6.705815121032629444e-02,1.822361697041986195e-01,1.223460922446473198e-02,7.304754512739217165e-02,1.879962268027418615e-01,3.236888785203982932e-01,1.782913489830988685e-01,8.718294310065412278e-02,1.000449905270978379e-01,9.845476314032804155e-02,3.333569845386692432e-01,2.148684995846173451e-01,5.605684739094440872e-01,1.784018166595708887e-01,3.209533538480675852e-02,2.366606877724436175e-01,3.931886641109247904e-01,3.556089550184488579e-01,3.228288270755284017e-01,3.541944579663519610e-01,2.423041310019543038e-01,4.568460371916950868e-01,2.790883974476683349e-01,4.341625722814984045e-01,8.363022890598051373e-03,3.248486699991056659e-01,4.276428062877718483e-01,1.519344541400630688e-01,3.919394244605586275e-01,2.379604640965247431e-01,3.931102875258580820e-01,2.360848840267398552e-01,5.007855403065264444e-01,1.896145671407191979e-01,7.695775934173372523e-02,4.081705354484516657e-01,4.467745623488233453e-01,3.268635729546292001e-01,2.834427791094686899e-01,3.692434750695744450e-01,4.013014124416433570e-02,2.428775336753233594e-01
4.051238747637905258e-01,6.005469015047318893e-01,2.064300381550494834e-01,1.431765371735278236e-01,2.523469651745747777e-01,5.529978156262336242e-01,3.673651859494628802e-01,4.990133367791700358e-01,3.661781775808285455e-01,3.940641279408557129e-01,3.125825140983692907e-01,2.806063552652921511e-01,3.780599696395186005e-01,1.048758808417737665e-01,3.708813970564128759e-01,6.367219607396894521e-01,6.993890960493146514e-01,0.000000000000000000e+00,2.643208926827002037e-01,3.904289200954154104e-01,3.748326133303712671e-01,6.212482897432305418e-01,3.523911253081264405e-01,3.594948980071315248e-01,7.183878522273257072e-01,5.575607503112026686e-01,4.759082866600005124e-01,2.085493380790715001e-01,6.122126407928323300e-01,1.283556786444166598e-01,3.255938644540589677e-01,2.419964012379463569e-01,3.525275916316684688e-01,2.008076468862188546e-01,2.339459843797216110e-02,4.645020805699849598e-02,4.719496658860498906e-02,1.460606100715376443e-01,2.208218963874887808e-01,4.857378537561903853e-01,1.792320293075174709e-01,5.067835154968675093e-02,2.846113634543866455e-01,1.910536189542955121e-01,3.033054593312796143e-01,5.034785087076631971e-01,6.241238941603457491e-01,1.753791308473002242e-01,1.101469453003912219e-01,2.192261205930507439e-01,4.444629296703743737e-01,4.329121484452268520e-01,4.006859274567767248e-01,3.742308776928922054e-01,3.025266514414940988e-01,4.133092322164087506e-01,3.004046666622471884e-01,3.991905887142354614e-01,4.771322660732812970e-02,2.976833096595320471e-01,6.886543611924256236e-01,2.094870082018214230e-01,6.265047552683437049e-01,3.075494736740612689e-01,3.973218227279685100e-01,4.597056187595662258e-01,5.337219159230564003e-01,2.048127361938116286e-01,3.415467131591293226e-01,5.568167659900042921e-01,5.294911341843837604e-01,3.694961837965938245e-01,4.123040929731316973e-01,4.962767005962813172e-01,1.142072068573869725e-01,2.600166777645571692e-01
1.507621835390454135e-01,3.141979271354010117e-01,7.232011402334916905e-01,3.023779787076433939e-02,4.293566243546994010e-01,4.762768557374140732e-01,6.126463751280381009e-02,3.386687767536313287e-01,6.875606914144894999e-01,1.936029166004158419e-01,7.706833182973004126e-01,3.303762230326788840e-01,3.478143794706605174e-01,1.488855066444051967e-01,5.642293477399924484e-01,4.798754928327970959e-02,2.166914283645940686e-01,2.643208926827002037e-01,0.000000000000000000e+00,6.110899540221238491e-01,2.512059316320102154e-01,5.527388941500070985e-01,4.553252832137151263e-01,2.165856398470962507e-02,3.454863953935325416e-01,3.873748226249679183e-01,5.334815518364857123e-01,3.048108076869319727e-01,4.516459904804324132e-01,2.152671494488109794e-01,9.132681357594468752e-02,3.151113652442766311e-01,6.138813955053461918e-02,5.934433882043858161e-02,2.400176199431582058e-01,1.423446641017364067e-01,1.207595396833225088e-01,3.489713412111948299e-01,2.679690044303605356e-01,1.426145133988835356e-01,5.086962727360225256e-02,3.135689431916751646e-01,2.024130988694193556e-01,1.456507529621306196e-01,4.375701981553986597e-01,2.923438566220870061e-01,4.219335523094248641e-01,8.138190658268610322e-01,3.753338788685642996e-02,2.149122271480233271e-01,4.460344716045177016e-01,2.905067688171365514e-01,5.307415663683014984e-01,6.672739985318064670e-01,2.295022334213112358e-01,7.019959106880905297e-01,3.342127390805195164e-01,4.048621732493429826e-01,3.287856241057603435e-01,4.442650134824613350e-01,3.704321610375312934e-01,1.984625616605227294e-01,4.012561267485406091e-01,8.984981415851284181e-01,5.604958519746708889e-01,2.907166106976763476e-01,5.753179663700200841e-01,4.761752045717637660e-01,2.454151315192547866e-01,3.696057246488977932e-01,4.854373987567431881e-01,4.806180093191536051e-01,3.968681449673130968e-01,3.532154265592453157e-01,2.139672013188002320e-01,3.187178268090291866e-02
4.218933094228345948e-01,6.807777123546927545e-01,6.356656641529028207e-01,5.665131420852843880e-02,2.018716229086398029e-01,5.459407629388077776e-01,6.420701059054750859e-02,2.142922078887816162e-01,6.331394985672493814e-01,2.899101841741253960e-01,5.095168607562863272e-01,3.804118110330443336e-01,2.124307906992839168e-01,1.656624919809734919e-01,8.421054926096858129e-01,8.954646596424609140e-02,3.305179315576318166e-01,3.904289200954154104e-01,6.110899540221238491e-01,0.000000000000000000e+00,4.852274960962463246e-01,8.778487142711581814e-01,5.362199227135233670e-01,7.288153480579064036e-02,6.486863986713642394e-01,6.454968645312413322e-01,8.050059907620981114e-01,2.259280456959637529e-01,7.006650397722672396e-01,6.378557949255397874e-02,1.694383285856086441e-01,4.109272012546431041e-01,1.018707220444584199e-01,1.548746203774206687e-02,4.215795361147370302e-01,2.410999613007251130e-01,1.069721501703484179e-01,4.333620392229666773e-01,4.061829056484022593e-01,1.995926655505172453e-01,2.239589163222529544e-01,5.013333857333744925e-01,3.793670765858608851e-02,1.109051945064407074e-02,5.419158159418021592e-01,4.380302504049646273e-01,5.990897730601769666e-01,5.470218345075712474e-01,1.032768866476112962e-01,1.567894060945340950e-01,5.378593577820466320e-01,2.682158511336872886e-01,4.512832680818902320e-01,7.863448287703790340e-01,2.278327615696770503e-01,5.646212574833568976e-01,3.431134993518254461e-01,3.943703768176991531e-01,3.265231429710866995e-01,7.901356883811430087e-01,5.293450990651660248e-01,3.750171653218423162e-02,4.214558381284927990e-01,6.525594499101912138e-01,8.211767030398647860e-01,5.208676531288014555e-01,7.764221949903086228e-01,5.985410921141776086e-01,2.690993632980390737e-01,6.151089020085891423e-01,6.415326878052272086e-01,8.606401882246262902e-01,2.077955054604739837e-01,4.975656067164780372e-01,1.857733395955715738e-01,2.530764619084400202e-01
8.186805216370988125e-01,6.721729858129886770e-01,1.305534732735035286e-01,1.516734833842354746e-01,1.203817696555612993e-01,3.394195586427817268e-01,2.305668711283847816e-01,2.296624400019436352e-01,2.577068338490681176e-01,2.447356195603206386e-01,3.738181855999955783e-02,1.194094824956061229e-01,1.482587898832263273e-02,3.638800790626746662e-01,4.394946319434689386e-01,2.852587695405514601e-01,1.211426213640096339e-01,3.748326133303712671e-01,2.512059316320102154e-01,4.852274960962463246e-01,0.000000000000000000e+00,4.788525635102627853e-01,4.075759120125530544e-01,1.274071691475051893e-01,6.161079782632562507e-01,5.257583453830623199e-01,4.340630642986623711e-01,4.691958633773268827e-02,5.853189989465192866e-01,3.246088544752836480e-01,2.380936896994155227e-01,4.395245048845364821e-01,1.429155998208142819e-01,1.779229709531374160e-02,4.193783709115999625e-01,1.984591343087498960e-01,1.484886590099681047e-01,2.419656082952102716e-01,3.522363228015482073e-01,3.182032458112028506e-01,3.185182168734554953e-01,4.695045172491372765e-01,1.133118020140796156e-01,1.378298391877570417e-01,3.544428952654788967e-01,8.172157200026997081e-01,3.526946731444366434e-01,4.156908801933051345e-01,5.939762600710583873e-02,1.059211806172398462e-02,2.854342788912047624e-01,7.241253335277667014e-02,3.947096238854579386e-01,4.567950588856758420e-01,1.695976812966530356e-01,1.712747558567521422e-01,7.389467262737972608e-02,8.780903407648557590e-02,5.219205213820768963e-01,4.673053069509237045e-01,2.863856339382562788e-01,4.750454578430621244e-02,2.211597123372737173e-01,3.657997695736966426e-01,4.172906458716492129e-01,8.813072566644875039e-01,4.375531007608411960e-01,4.135385940943900884e-01,2.602776537059785511e-01,3.371957619961157837e-01,4.435576192345947466e-01,5.209058454644607261e-01,1.005501985608675541e-02,3.733832226842279112e-01,8.327653749745565770e-02,3.514892508990528075e-01
