0.000000000000000000e+00,2.177523340901177384e-01,1.074899279585384004e-02,2.341150800627747608e-01,3.502662608696499036e-01,5.389049841391899132e-02,3.458865927128200735e-01,1.723540715228027709e-01,2.151610512544240295e-01,3.874925049035679581e-01,1.717197347599601354e-01,2.519378813745674073e-01,1.307423049731770148e-01,3.105597502384386255e-01,3.112255114020202051e-01,6.661538187370030784e-01,3.706991137595476160e-01,2.606080114977827877e-01,4.831464662161219503e-02,3.748609165391227904e-01,6.495305237005932764e-01,4.815918044147522448e-01,1.502329399326736425e-01,3.733096238064960715e-01,4.713575786739185314e-01,1.956227421957729140e-01,3.306932578761070940e-01,2.815686813266685684e-01,5.246331700176454227e-01,1.332686457251477385e-01,5.338223464873735891e-01,4.829912488333585885e-01,5.457246776057613769e-01,3.536051524133860258e-01,3.121171285311550858e-01,1.054604539486893866e-01,1.691606716433505520e-01,2.129767349216059591e-01,4.647493272373599549e-01,3.992210971160883304e-01,1.600649634194342696e-01,1.571055983715064289e-02,1.316017919038137418e-01,4.339196952958460085e-02,2.727911958003661486e-01,7.130467162126077341e-01,3.085472568192837439e-02,4.935208465600332550e-02,2.229982420392642162e-01,1.704876186597950316e-01,2.177505611779191330e-01,1.372418191962710976e-01,2.442082207053837828e-01,1.786034094928050653e-01,2.208035249136103828e-01,2.526753157758782620e-01,8.421751244033491568e-02,7.784246809727360383e-02,1.659797451340974672e-01,2.345372119783873943e-01,3.443112173402499976e-01,4.685347773147083283e-02,2.404263258476448395e-01,4.041611144854845294e-02,6.196440177303680352e-02,5.416652681164890737e-01,1.734300469823891466e-01,9.984999556304213764e-02,3.332052791586626594e-01,1.348449272832734636e-01,1.247481117067965051e-01,7.851284247441805975e-02,6.882244089973743595e-02,1.185103881568346507e-01,7.377827846381099230e-02,3.885980445026863128e-01
2.177523340901177384e-01,0.000000000000000000e+00,2.769597530989011958e-01,2.234596413496278688e-01,1.382251376426401890e-01,7.655070840987761027e-01,3.800178415316978198e-01,4.834104429408505599e-01,2.326543635568384949e-01,3.942460028335025291e-01,1.846719956142029440e-01,3.805664908132609936e-01,3.954681898443011545e-01,2.045808153797244455e-01,5.317426114122530967e-02,2.348503928948661446e-01,3.132177909982136188e-01,6.660133967839569902e-01,1.002567632832279398e-01,1.004229912471060748e-02,3.480195066040531193e-01,1.987605290400351610e-01,4.240228088922206595e-01,5.036664432485222775e-01,6.701660681527230601e-01,8.223434344561380005e-01,2.918667690710025076e-02,6.726556770147076869e-02,2.217519972653447247e-01,2.220617737099240818e-01,1.124797477079216013e-01,2.406303917968387052e-01,2.031381971308991730e-01,4.693024261868992963e-02,7.256560857344357407e-02,2.077503673459715761e-02,2.401423333114749148e-01,1.007697868157204635e-01,2.495757044784850942e-01,2.947319181523259113e-01,2.719155531212474330e-01,6.267869849401522253e-02,2.504505956365873365e-01,1.313038344700681315e-01,9.784883934185324705e-02,1.698295801016697082e-02,6.378362593575909179e-01,1.903369077666069165e-01,1.557943259367006172e-01,2.639304091506360361e-01,5.569900270959160515e-01,2.864782504647350736e-02,3.145433553930871984e-01,2.537035219655831009e-01,1.128975517295969233e-01,2.607049348565526614e-01,4.468796019319349333e-01,3.561146699972579932e-01,2.280322023342870041e-01,1.004593726569912859e-01,1.074104029844873132e-01,2.175116678217469679e-01,2.005801446937144628e-01,1.248571547078363153e-01,9.296829885765578450e-02,1.184138485862713530e-01,1.852253391265812343e-01,2.195073472927415170e-01,3.997996011653914827e-01,4.684409669039439339e-01,6.279612497998385834e-01,8.418747640425611189e-02,2.002022844650966360e-02,1.908394883511638773e-01,2.456163235866042072e-02,2.367162421400328953e-02
1.074899279585384004e-02,2.769597530989011958e-01,0.000000000000000000e+00,1.514886339297948914e-01,4.530432733088466390e-01,1.705271267539013591e-01,7.776704031698503106e-02,1.720729443367096934e-01,8.844562286864817713e-01,8.028772341374695865e-03,9.070450739915495442e-01,1.971071162641787333e-01,9.810001339277082955e-02,4.222700010126576031e-03,5.582562696738864183e-01,6.010319716288863023e-02,5.565224472757140939e-02,9.577767568492653871e-02,8.363229431536841618e-01,6.123902700835671675e-01,3.795149666445021830e-02,4.861687001312631762e-01,1.862716153578838352e-01,2.272230798221864245e-01,2.177546698934634817e-03,2.064859371899657181e-01,5.384646966325090656e-01,4.085506342717386552e-01,9.357236944641300624e-03,3.527227054697135711e-01,3.301313699860775053e-02,1.303350385766434139e-01,5.874748833813096122e-02,1.266750290422590242e-01,5.958114759382626691e-04,8.412338410250551346e-02,7.246009332230110567e-02,1.136781779437452677e-01,7.418580183366693670e-02,5.673783591412227822e-02,6.077550015206328871e-02,3.076889065980258353e-01,5.141679131683682402e-02,4.929034033162076750e-02,3.019535674128931979e-01,5.919445302874773440e-02,2.699538265494270117e-01,8.655364397758894546e-01,7.758899625683152168e-02,3.373259808256385273e-01,8.615642224291630846e-02,1.480641162492590812e-02,1.993963784154893226e-01,8.666275567998886764e-01,9.125244749424024637e-02,7.924664927777084200e-01,2.832928698455014493e-02,2.051405481836547362e-01,5.789139905149721932e-02,4.553767504049524573e-01,2.878887232469071189e-02,3.812653193198040080e-01,1.982668987894079526e-01,6.771838455671825852e-01,5.376450645417485408e-01,1.546955513786759662e-01,5.324744548769364538e-01,2.940416963894826874e-01,1.739382581887478074e-01,2.347920764180415343e-01,2.099630091044140112e-01,5.266682120936591049e-01,3.227119612597834641e-01,4.125420096315682295e-03,2.627513062864489379e-01,4.323871080662806954e-02
2.341150800627747608e-01,2.234596413496278688e-01,1.514886339297948914e-01,0.000000000000000000e+00,3.675192219854258591e-01,3.594469617535084316e-01,4.863290262128562857e-01,2.980695070086725185e-01,2.144670038633445658e-02,2.806168137410616215e-01,2.897306632547762967e-02,2.555826600471998167e-01,4.935767703667695017e-01,3.885389740062350494e-01,5.854158236637006796e-02,2.169885132277516726e-01,3.054379655871732879e-01,2.411721251569412250e-01,1.043037527315920088e-01,1.204242017871432896e-01,2.358912646198930985e-01,1.086646662943636377e-01,2.871693736076152415e-01,2.205027798232065128e-01,4.888804555356857096e-02,1.954442297122078454e-01,5.431768409386272811e-02,3.438271347568181424e-01,1.946818059142867985e-01,2.368979558026529375e-02,3.614738188359321036e-01,3.834638709318635708e-01,2.548831756493236123e-01,9.512239069231832878e-02,1.458128305816183690e-01,4.857864905778077613e-01,3.608975776704305138e-01,2.255644491472108548e-01,2.478381743888449229e-01,2.053832092656655839e-01,1.637390801196418888e-01,1.631291532242843539e-03,2.388651621024141802e-01,1.022983674612838179e-01,3.350781686890980104e-02,6.984594030364581208e-02,4.181417286953739709e-02,5.348716475664099662e-02,2.915097667723229313e-01,2.866098018074183518e-01,9.247689226731958811e-02,2.930936301388392673e-01,2.180148154221849821e-01,4.378843415066102640e-02,2.062123438505996109e-01,5.278338522425058549e-02,3.223129524236518217e-01,2.399657011179023858e-01,3.503177994044439636e-01,2.280949038907861826e-02,4.517533439782557558e-02,1.782163847036554172e-01,2.408020301511731853e-02,4.874565436654913070e-02,3.496272299726115307e-01,1.132346736748586907e-01,1.486946423351770963e-01,1.669797383348717579e-01,1.798241916554367548e-01,2.085277517232669298e-01,7.201334860971894680e-03,1.202970968472433372e-01,5.321608675398154659e-02,2.697537876615520025e-01,2.418882218313498922e-01,1.759345631786185526e-02
3.502662608696499036e-01,1.382251376426401890e-01,4.530432733088466390e-01,3.675192219854258591e-01,0.000000000000000000e+00,3.054759166857236030e-01,6.544484101171478274e-01,4.061503833140776565e-01,5.358638786189601211e-01,5.917986641824988236e-01,6.152424602486750160e-01,8.056536127658969759e-03,4.920791342400620549e-01,3.694120523877649775e-01,4.240722140911282745e-01,3.988332909074697730e-01,3.871743617433640594e-01,4.228289889521193445e-01,4.667994928466860927e-01,4.419178991476139240e-01,4.710263773721863334e-01,4.232176009336280353e-01,4.180737297230670002e-01,8.560756479055309232e-02,3.702367461283168626e-01,1.188440150631347170e-01,5.411481151458126249e-01,4.796210748461456896e-01,4.743128201608650674e-01,4.518426401107594748e-02,3.376682084053309607e-01,3.692841368623308029e-01,3.232636391649305607e-01,2.712496984877212358e-01,1.691908610719550787e-01,2.203182137125281048e-01,1.193645361120233145e-01,2.562259194402914941e-01,2.988501194391608440e-01,2.303205914069678950e-01,1.234552523099689547e-01,1.475020999190958526e-01,1.760992931238554715e-01,1.763180839443246328e-01,3.812748116130527665e-01,2.868234881922048229e-01,6.381853666176792728e-02,4.735028436592333967e-01,4.013966821228601711e-01,5.516129505570800395e-01,3.904829765049626367e-03,4.452397655262944065e-01,4.550469110069072509e-01,4.605414211965432880e-01,3.539736217905787852e-01,6.279415301609455602e-01,3.807798633566408242e-01,7.846489353523192212e-02,4.159959955204765025e-01,3.296472444325864171e-01,1.183848904158303211e-01,9.145277910902328833e-02,6.694726951274859728e-02,4.765183958346945747e-01,4.918820621534328308e-02,3.789536930385620783e-01,1.969936909152523730e-01,4.178815023701202280e-01,3.095295766501612866e-02,6.184822185219596147e-02,2.126618476844302497e-02,1.899685253156652431e-01,1.475834827604725341e-01,5.223021307527318108e-02,4.495658513041696225e-02,2.093631280276168037e-03
5.389049841391899132e-02,7.655070840987761027e-01,1.705271267539013591e-01,3.594469617535084316e-01,3.054759166857236030e-01,0.000000000000000000e+00,4.588698177495102448e-01,7.024505883592544464e-01,1.063632890977951329e-01,3.893399281731512174e-01,6.003887843003913316e-02,5.162459464553181832e-01,6.441641597695966226e-01,4.276280339562615884e-01,2.202899788914531864e-01,1.011552090839467621e-01,3.283395341712994076e-01,5.567523148454212034e-01,1.281854591376732078e-01,8.635605537467516690e-02,4.651093556940830154e-01,1.214512208533960191e-01,6.536754634987919088e-01,4.706554982810773335e-01,3.652072337298939986e-01,6.074070882492689227e-01,2.121267428681269940e-01,2.193053107855863493e-01,1.704114899706508646e-01,2.637901876290150716e-01,5.737221802755299027e-02,3.030452667912242881e-01,3.530760345556285262e-01,7.587522679359692823e-02,1.492857910712771519e-01,2.057082705424735924e-01,2.273098464294064924e-01,1.189054828192719904e-01,2.405039389003640893e-01,3.463548668090576932e-01,1.568368700193783216e-01,1.475975390280845068e-01,3.670277327515985566e-01,3.654751620471988760e-01,1.480415889165653254e-01,1.703196732243226208e-01,4.118940381549268670e-01,9.733017045556546787e-02,1.549758362654304333e-01,1.075751193882612394e-01,6.263034287978087589e-01,4.350779338741296298e-01,5.659898029596239777e-01,1.505061328463560000e-01,2.052214403779549778e-01,1.190455130352582047e-01,6.166121818528063070e-01,6.154495311074876795e-01,4.913557657246364063e-01,2.911993627104507154e-01,2.621980657092524147e-01,3.003266879772997777e-01,4.666969988332350661e-02,1.424220823874989272e-01,1.800121055736015330e-01,2.682611379420872244e-01,5.980583623633883850e-02,5.097253118218405543e-01,4.102630937283742729e-01,3.989904536790639389e-02,3.768618986895218570e-01,1.137763453091552579e-01,8.049917651687706066e-02,4.431287364683404451e-01,2.350206086690839469e-01,1.799128555509466876e-01
3.458865927128200735e-01,3.800178415316978198e-01,7.776704031698503106e-02,4.863290262128562857e-01,6.544484101171478274e-01,4.588698177495102448e-01,0.000000000000000000e+00,2.552104080929513685e-01,2.221003001094141727e-01,6.125165445409516130e-01,1.312736726131771559e-01,9.896982135084989030e-02,5.724237235595868167e-01,3.897889275995756742e-01,5.338855335915449613e-02,5.259342629010009817e-01,6.404723573613284593e-01,7.744806299481976630e-01,1.145239548015387632e-01,2.093116610746404149e-01,4.821851751855456003e-01,2.058005854488266784e-01,2.615395785612023571e-01,2.799421345637434499e-01,5.540428702659754290e-01,3.105963759608620922e-01,2.354850945704576870e-01,3.548573222051411569e-01,5.279048416791647380e-01,1.422317654220026650e-01,4.225114266150495346e-01,4.844777151682280181e-01,3.984559942041414615e-01,7.120867816895309899e-02,5.539852266208011855e-02,3.916199186814885991e-01,3.352025675859048315e-01,4.308758528126163112e-01,4.273721878234396088e-01,2.992372083369964075e-01,1.833915049592844126e-01,1.210008709120772262e-02,3.545264770601306292e-01,3.113142233658058866e-01,3.049871236516120132e-01,2.209599416936872673e-01,7.395821921625531092e-02,4.805658898667250489e-02,3.594921480667564451e-01,4.150963612999842844e-01,1.063039980172486160e-01,5.441313945378003503e-01,2.553540711568138555e-01,1.122666310522139888e-01,3.801589022407620422e-01,1.525399406741688446e-01,3.739139913244313163e-01,3.073193716760944660e-01,3.499437672862411031e-01,3.313958679361387466e-02,1.154870278436510855e-01,4.255725312418273676e-02,1.935120946810972020e-01,4.276974153048665461e-02,4.261325638301622920e-01,3.322029131237933530e-01,1.475244138029879193e-01,1.791344218781539543e-01,2.126929335864454207e-01,5.964270797043168260e-02,1.222343825196447742e-01,1.450817571237147940e-01,1.039439995274501899e-01,1.786489891346897951e-01,1.344391896933320174e-01,1.371858775221597437e-01
1.723540715228027709e-01,4.834104429408505599e-01,1.720729443367096934e-01,2.980695070086725185e-01,4.061503833140776565e-01,7.024505883592544464e-01,2.552104080929513685e-01,0.000000000000000000e+00,5.180556721385856656e-02,3.895016144501043387e-01,2.572620202066782102e-01,5.698119960300067621e-01,5.475814276609484166e-01,3.720051167651992063e-01,2.564864437380385831e-01,2.089811915691336744e-02,1.622219173884968946e-01,3.277067469970748048e-01,2.369627265115041292e-01,6.594915692923042361e-02,3.795480716198717519e-01,1.502716436235560782e-01,8.504112986262865048e-01,4.869713953041795440e-01,1.467783430594733207e-01,5.476342429324201344e-01,1.611983678443362489e-01,1.468208182902380199e-01,3.236838385716643562e-02,1.424705557296825909e-01,7.758169565293918102e-02,1.608876669461919706e-01,2.220856843427714278e-01,1.005877786170434607e-01,5.945523474201758196e-02,1.711218092369899135e-01,1.557703424712910123e-01,1.828198439291964794e-01,2.392912319362699991e-02,2.770771557355962700e-01,4.710365203464215306e-02,1.292406074240921021e-01,2.748075052954951358e-01,1.856319671334578092e-01,1.368299514434918318e-01,6.323371505467892395e-02,1.874710008222482960e-01,2.501553840617695701e-01,1.025562332367408735e-01,1.186934812964271641e-01,4.571088761412069879e-01,2.145119244297303829e-01,7.808956613054240936e-01,8.070221118406542549e-02,1.792200545589764382e-01,2.491385439197336127e-01,7.185990530394050779e-01,3.489384002722669686e-01,4.998598026158140861e-01,2.551400219692577798e-01,3.254940050069030089e-01,1.960054114012788895e-01,2.140250810401566894e-01,3.846705828351273393e-01,7.518440075625221208e-02,1.712212597453053042e-01,1.217885338557594815e-01,6.665991951526147874e-01,3.376644376787666935e-01,1.606915524682824559e-01,3.370929090748094881e-01,4.292962230918122291e-02,2.900465531421883569e-02,5.143476736624641443e-01,2.403662589658108195e-01,3.164981246406245452e-01
2.151610512544240295e-01,2.326543635568384949e-01,8.844562286864817713e-01,2.144670038633445658e-02,5.358638786189601211e-01,1.063632890977951329e-01,2.221003001094141727e-01,5.180556721385856656e-02,0.000000000000000000e+00,1.294346683194229630e-01,8.192820385933871075e-01,2.427220621556793467e-01,2.591273670878002644e-01,9.098713089346986693e-02,5.172529087768634737e-01,3.400474747789661301e-01,3.580183545241890086e-01,1.140802497404915516e-01,6.048363077668449383e-01,6.594891468180752447e-01,2.877704626977739544e-01,5.325237602387743463e-01,5.404929443152584057e-02,1.647340869002668629e-01,1.808646361819929993e-01,1.784837628112788677e-01,6.448169154684334492e-01,5.836020596408293404e-01,3.124443070831494085e-01,2.628923222348272248e-01,3.042218326169358611e-01,1.631045327847960302e-02,2.656426822743055416e-01,1.440293702383184105e-01,1.110766025307696747e-02,8.216738915314178437e-02,6.167564677309717025e-02,2.659120849570376088e-01,1.145698936537909718e-01,1.026259039431760001e-01,1.075401237118724374e-01,2.170795828900692059e-01,6.756854430315104021e-02,2.048289136454012338e-01,4.242173621652164384e-01,2.753640192306905377e-01,3.117389228876957796e-01,7.546070537408170464e-01,3.081668336089737337e-01,5.934639176100710012e-01,1.193737211087924632e-01,3.413259231568623320e-01,1.070766596478313348e-01,8.691988010923497043e-01,9.743870704138243855e-02,7.104245020234644103e-01,5.637661323399620339e-02,2.747288501869316057e-02,6.625820472598432931e-02,3.875696166092261197e-01,2.079830768395751761e-01,2.602186668997354957e-01,7.060698725496369899e-02,4.981703459501673481e-01,3.450237002297878997e-01,3.674842235990319339e-01,4.515949937051771390e-01,1.547461218844679576e-01,8.107880902847519611e-02,1.899745820239908956e-01,2.612005652447808579e-01,4.365294297334000317e-01,4.011224722868581005e-01,7.557039011033600540e-02,1.714929175203939171e-01,2.431253846426630338e-01
3.874925049035679581e-01,3.942460028335025291e-01,8.028772341374695865e-03,2.806168137410616215e-01,5.917986641824988236e-01,3.893399281731512174e-01,6.125165445409516130e-01,3.895016144501043387e-01,1.294346683194229630e-01,0.000000000000000000e+00,1.736086572917449056e-01,1.337950804595850474e-01,4.494819307964243449e-01,2.642092127935164458e-01,1.650154707935616583e-01,4.258218487703914201e-01,4.965361501259318855e-01,4.455998878023063603e-01,7.169788456933895437e-02,2.175959104360123686e-01,4.766430011689773427e-01,2.799837190032798961e-01,3.622754078697057456e-01,2.456191833792329693e-01,4.367026880881509365e-01,3.430485998305142226e-01,2.487559615271334734e-01,2.229850861508276827e-01,4.448154678879418511e-01,1.178619849019650750e-01,3.241448644705263726e-01,2.823972479967138405e-01,3.716869971633306458e-01,2.323225812840663540e-01,1.185310567474613108e-01,1.600984018210477311e-01,1.727451998622202556e-01,2.225787945117713162e-01,1.540454852093242344e-01,2.929209872023258443e-01,9.055919569035569827e-02,8.504585760988543630e-02,5.301071312468966235e-02,1.289171112919167417e-01,3.522093782516705351e-01,1.086667349682941264e-01,2.418118743008734750e-02,9.675629894367673844e-02,1.507375871479239848e-01,1.174352291544356330e-01,1.457918872288785361e-03,1.906644097092063950e-01,3.701834613279930131e-01,9.395629316953324484e-02,4.700041561899824805e-01,2.654873340213400601e-01,3.334954144105487517e-01,8.493801208497661626e-02,2.508326094756603286e-01,1.815755671334502996e-01,6.470730796141688224e-03,2.605970286753162002e-02,1.018499883814422136e-02,2.384511819879923944e-01,1.911317971963006901e-01,3.531315016982755628e-01,1.434523688408714803e-02,2.590570258414568450e-01,5.448555596478912855e-02,4.030374085571364340e-02,1.338253480694097663e-01,3.141105141849553917e-02,1.714248172022592998e-01,9.665930383754137156e-02,1.906220770316124913e-01,8.127162306052372609e-02
1.717197347599601354e-01,1.846719956142029440e-01,9.070450739915495442e-01,2.897306632547762967e-02,6.152424602486750160e-01,6.003887843003913316e-02,1.312736726131771559e-01,2.572620202066782102e-01,8.192820385933871075e-01,1.736086572917449056e-01,0.000000000000000000e+00,2.765124795375023536e-01,1.691159776355874444e-01,6.339303084358598184e-02,5.664986075524096609e-01,2.303964684941239571e-01,7.137441752435803866e-02,5.339772629392361414e-02,8.399310466235838657e-01,5.652493399076965463e-01,2.081320755421220414e-01,5.173829741080495648e-01,2.420493365334911440e-01,2.467311216408212826e-01,1.580749466827184313e-01,1.885206560837290879e-01,5.685098529654855071e-01,3.884141760802465315e-01,2.556077605449579293e-01,1.642827214443430273e-01,1.124227339682397353e-01,2.847241867138844418e-02,1.337444432920169013e-01,2.042453788090568823e-01,1.521835421238654229e-01,4.639854677285110141e-02,5.580302895671563485e-02,2.442611374525910373e-02,6.013517798669704151e-02,1.374887226912567539e-02,8.465369387804218271e-02,2.480969004982315207e-01,9.860227930841686250e-02,1.847493684803807462e-02,2.673453097818417334e-01,2.464739232689803217e-01,1.586264320800711558e-01,8.278812861519214694e-01,2.532175601963886358e-01,3.862189891339509185e-01,1.025070606498525161e-01,1.600491899370290183e-01,3.001914996993459428e-01,7.631789529135362127e-01,6.133353623894673146e-02,8.511287731814201063e-01,3.298235438773239325e-02,2.129316471494285268e-01,1.157838602870691486e-01,4.183544586533002319e-01,1.577782264271021806e-01,3.518132843548419375e-01,4.188716596187884444e-02,6.884728014836040133e-01,3.359293560422837999e-01,2.878372942319860073e-01,4.737843525110867482e-01,3.122726639759231260e-01,2.113324645305219018e-01,8.589300915174846729e-02,1.443385606121125320e-01,3.837774065620698227e-01,1.693330255064077750e-01,8.007647023067385184e-02,1.815066465296629739e-01,3.636545582633560897e-02
2.519378813745674073e-01,3.805664908132609936e-01,1.971071162641787333e-01,2.555826600471998167e-01,8.056536127658969759e-03,5.162459464553181832e-01,9.896982135084989030e-02,5.698119960300067621e-01,2.427220621556793467e-01,1.337950804595850474e-01,2.765124795375023536e-01,0.000000000000000000e+00,3.085733165427950175e-01,1.657286335939976429e-01,2.014646330944652175e-01,4.842674684966583043e-01,2.998294066275614123e-02,7.243859332519281269e-03,1.295852676836392325e-01,3.460950436817814557e-01,1.795840176824891887e-01,3.499733999181306454e-01,4.833294413247363752e-01,5.305640811518697042e-01,1.079598664966980315e-01,6.518315735284305745e-01,2.798311423238695750e-01,6.630097291985925789e-02,5.249797990004463344e-01,7.761536467636231951e-02,2.783742234381334502e-01,2.282359364918033207e-01,1.420614846938496045e-01,1.111421506820863547e-01,2.973718598475432184e-01,4.621379673758120588e-02,1.888748627859642149e-01,2.135255555089295432e-01,2.862188974990974577e-01,2.521086196189221973e-02,9.219400496939750278e-02,4.811210553682834790e-02,3.560274168806286665e-01,2.356488804831138317e-01,1.399699622625233397e-02,4.838360693673616209e-01,1.419527509173910962e-01,9.613905515089005149e-04,1.850919399254337128e-01,1.158873463048684660e-01,5.821252327531887261e-01,3.525328195415625143e-02,2.967772235961473326e-01,1.650582944407201769e-01,1.052607064884407140e-01,1.791842953978465547e-01,7.205943045488910625e-01,4.776300164529449499e-01,4.035691241129282791e-01,9.796495188068793381e-02,5.538345017940465853e-01,4.014612358871411102e-01,3.700924451411716776e-01,2.242703952149330271e-02,1.374807051777428013e-01,3.381068980891169806e-01,1.975463290477878497e-01,3.583291524047608756e-01,2.389855500210552597e-01,1.931744946655228057e-01,3.375832796885696596e-01,3.679021723322652843e-03,3.256320255276112796e-02,6.496203164883775916e-01,1.359375322922488916e-01,3.405792368363578237e-01
1.307423049731770148e-01,3.954681898443011545e-01,9.810001339277082955e-02,4.935767703667695017e-01,4.920791342400620549e-01,6.441641597695966226e-01,5.724237235595868167e-01,5.475814276609484166e-01,2.591273670878002644e-01,4.494819307964243449e-01,1.691159776355874444e-01,3.085733165427950175e-01,0.000000000000000000e+00,4.327690157556274841e-01,2.327510325992785678e-01,3.151863228003513040e-01,5.871075182894115452e-01,5.468399000662380605e-01,5.129304975502321784e-02,2.530591894156133392e-01,3.229315153981591191e-01,3.077399459599549636e-01,5.270463941564289545e-01,3.627043476294691260e-01,1.612555598664662249e-01,3.849208445860054506e-01,2.014960486194360967e-01,6.162492476981705769e-01,2.227469640814433993e-01,2.052047423593295894e-01,2.162452768481130660e-01,3.918907525782061030e-01,3.555729748928931899e-01,7.343865602703808504e-03,1.995177916706237023e-02,4.742518191665872074e-01,4.772882484937600589e-01,2.793386512872012006e-01,3.615480242053052962e-01,2.621182216608571869e-01,2.547132344718926467e-01,8.752864884017312608e-02,4.075564632831037981e-01,4.715036235237825002e-01,1.974922081143897779e-01,8.470187067305219586e-02,3.073241920833133523e-02,1.071096159351034305e-01,4.213768082549588234e-01,4.308029617597369243e-01,3.001988554499287476e-01,5.343197511110273634e-01,4.143555905751345469e-01,1.156436742561917641e-01,1.556046588335022185e-01,7.663173354996413722e-02,5.752540738153861799e-01,6.046212664824771599e-01,3.470074867984072053e-01,2.533196568434794016e-01,1.361669933354366369e-01,1.412505488378708596e-01,1.090356604836788812e-01,2.503648893334046166e-01,2.397465456753283541e-01,1.991927225454243611e-01,9.749715094836383655e-02,3.478257596223025550e-01,3.294661625341379074e-01,2.783426150922833076e-01,8.278093452779397565e-02,6.997276251496471755e-02,3.151287545702119441e-01,5.853740325965788305e-01,1.553911651853897846e-01,2.488490751214884888e-02
3.105597502384386255e-01,2.045808153797244455e-01,4.222700010126576031e-03,3.885389740062350494e-01,3.694120523877649775e-01,4.276280339562615884e-01,3.897889275995756742e-01,3.720051167651992063e-01,9.098713089346986693e-02,2.642092127935164458e-01,6.339303084358598184e-02,1.657286335939976429e-01,4.327690157556274841e-01,0.000000000000000000e+00,2.203795980974475599e-01,1.953229932725289442e-01,3.481789257222432932e-01,3.708398301088611793e-01,7.325182733902863008e-02,3.414001110921500159e-01,3.447104384224586870e-01,2.676001780288909115e-01,4.378034467817752962e-01,3.937195977331152674e-01,1.817839854336638639e-01,1.902915290603758858e-01,2.950147409613688154e-01,5.644914447784720180e-01,1.278347493508323884e-01,1.369436801210557331e-01,4.097790448115112838e-01,5.414778601627404653e-01,3.614717447261798777e-01,9.371338765400512305e-02,3.971968483617344114e-02,6.772009557105247435e-01,4.972177003735795964e-01,1.355976356983867315e-01,4.392660075427741728e-01,2.745667948937731695e-01,2.400050149682594336e-01,1.100443245096205391e-02,5.752499069309318092e-01,5.384456363272791535e-01,7.524253526070351361e-02,1.934012965553364716e-01,1.310373024838081546e-01,2.005013394717446162e-03,4.931465225021960386e-01,5.232152712422662999e-01,1.752040415017609432e-01,4.392732106809572046e-01,4.173018572349692090e-01,3.622497899149264289e-03,7.825833460798674313e-02,9.444042372123380436e-02,3.687092709217704156e-01,2.948499636529585688e-01,6.129056716461795951e-01,1.290346796940105567e-01,1.870800904084786165e-01,3.814158634328528724e-02,1.227395509985631378e-01,2.569336709018251591e-02,2.703710393572553161e-01,1.754164226498624857e-01,1.658181492952809366e-02,4.094886880257077033e-01,3.837801437420655382e-01,2.477978199069089116e-01,9.714849604616951351e-03,5.206115682900027547e-02,3.000531464378385915e-01,4.037909883022253177e-01,4.553089930968917676e-02,2.653071893631593903e-01
3.112255114020202051e-01,5.317426114122530967e-02,5.582562696738864183e-01,5.854158236637006796e-02,4.240722140911282745e-01,2.202899788914531864e-01,5.338855335915449613e-02,2.564864437380385831e-01,5.172529087768634737e-01,1.650154707935616583e-01,5.664986075524096609e-01,2.014646330944652175e-01,2.327510325992785678e-01,2.203795980974475599e-01,0.000000000000000000e+00,3.801872449530652731e-01,6.883844391297111454e-02,1.340275553803522701e-01,4.538834912017405965e-01,7.398509727436148875e-01,4.518707503920654234e-01,7.172841517727103211e-01,4.115811682272774163e-01,4.555542514632168749e-02,1.829029462851733401e-01,7.576779110982073684e-02,7.084653055239169550e-01,4.416274955746546382e-01,4.086735922603339510e-01,1.074250863994734295e-01,2.442880804467374989e-01,2.862351341116309844e-01,2.575791734322110393e-01,2.105389869650692858e-01,1.416007268062849378e-01,5.170028180045803390e-02,4.832394823242605608e-02,1.353711338362531547e-02,2.236757446697190399e-01,1.532159245970965977e-01,6.163002678069808005e-02,1.802757706854540842e-01,4.017233277146450149e-02,1.205339807732528773e-01,3.019534337470277108e-01,2.948249716843731050e-01,5.713592612316492625e-02,4.998101142438592381e-01,2.395184006416121725e-01,2.949951918830117092e-01,1.155936100534185051e-01,3.086177096802206199e-01,3.697722484570439838e-01,5.019456112481350818e-01,9.890020785217268351e-02,5.443598018527902038e-01,8.689612621036170437e-02,1.468867122666758784e-02,1.903129525702833835e-01,7.354698638296945923e-01,2.387104531651944028e-01,1.466152219668031553e-01,1.125207794231738168e-01,4.887913050973033968e-01,5.100246774955603524e-01,5.020949249068381581e-01,6.465282193140420297e-01,4.792858639921898090e-01,5.802503930546219768e-02,3.803863982412147848e-02,1.158892588224758047e-02,6.066504615474788142e-01,2.347674546290545172e-01,2.241060920032398873e-01,7.933203417134115920e-02,4.834708476489862905e-02
6.661538187370030784e-01,2.348503928948661446e-01,6.010319716288863023e-02,2.169885132277516726e-01,3.988332909074697730e-01,1.011552090839467621e-01,5.259342629010009817e-01,2.089811915691336744e-02,3.400474747789661301e-01,4.258218487703914201e-01,2.303964684941239571e-01,4.842674684966583043e-01,3.151863228003513040e-01,1.953229932725289442e-01,3.801872449530652731e-01,0.000000000000000000e+00,5.500902710541077933e-01,5.296697675363769564e-01,4.648790426495615080e-02,5.383041935831621716e-01,5.864016253107413590e-01,6.398964859919593628e-01,3.924088083629800883e-02,1.313546727916366230e-02,5.972007346979179010e-01,2.150420776742967277e-02,4.068598971061733738e-01,4.241219078545419574e-01,8.283455328276593255e-01,6.369491324867304627e-03,7.296087039211743841e-01,5.271819935193252649e-01,5.391720696347475084e-01,3.952625014221118338e-01,3.816437848408542610e-01,1.372410206565470858e-01,1.333864883427575421e-01,1.960818726864024253e-01,4.928699645127269102e-01,3.810226429696589312e-01,2.757118235186611921e-01,3.427609692539106828e-02,4.533669965022578408e-02,6.383916064540073876e-02,3.148516537307574636e-01,6.453261297486971859e-01,6.884588557523316221e-02,9.183612132638047099e-03,3.364930269638928828e-01,1.657872737877573166e-01,2.366347673526795481e-01,3.056982095721347825e-01,6.990690590787550229e-02,2.021253540934180304e-01,2.345006021838829946e-01,1.882276888325810360e-01,1.734538851831874673e-01,5.178724001177081870e-03,7.316422306987285795e-04,2.434265814753511781e-01,6.809883205251392457e-01,7.980967066957606049e-02,5.723853144401327420e-01,1.154333918475806964e-01,8.364919578826568447e-03,6.013465763587515500e-01,3.548374499938669602e-01,9.883159483819869973e-02,1.351653191295983936e-01,2.538097094088690442e-01,3.505547964228752922e-02,2.034962216313107586e-03,1.322365988792125191e-01,3.088941183492014408e-01,6.339237003886938338e-02,4.223005848413399765e-01
3.706991137595476160e-01,3.132177909982136188e-01,5.565224472757140939e-02,3.054379655871732879e-01,3.871743617433640594e-01,3.283395341712994076e-01,6.404723573613284593e-01,1.622219173884968946e-01,3.580183545241890086e-01,4.965361501259318855e-01,7.137441752435803866e-02,2.998294066275614123e-02,5.871075182894115452e-01,3.481789257222432932e-01,6.883844391297111454e-02,5.500902710541077933e-01,0.000000000000000000e+00,6.896996909921154773e-01,1.135333326443578872e-01,3.628205294847626772e-01,3.869090982175382165e-01,3.547390370662603654e-01,1.427715529129790772e-01,3.824213160715246862e-01,4.904108619440418204e-01,3.288983302186833102e-01,2.472389932687006076e-01,5.035945644899055829e-01,3.252397527410800793e-01,6.027322365784518188e-02,6.450361198981218180e-01,3.023464406593850962e-01,5.898803511959270773e-01,5.715559963146368827e-02,1.095515258677776937e-01,3.364079643461007074e-01,4.637120826156481135e-01,4.070749326181373196e-01,3.421588214710159503e-01,4.231091569761684656e-01,4.555528645925110975e-01,9.332411178397563567e-02,4.006298690434636489e-01,4.623444944622911446e-01,2.989854173017136851e-01,1.945383005479733862e-01,2.339299209614510711e-01,4.570442718171324747e-02,3.840051068036800519e-01,4.246507188525628362e-01,1.481012168821798924e-01,5.384365612621675456e-01,1.715263677043349644e-01,2.521866257131417655e-01,7.954844185544746038e-02,3.286432824702595346e-02,1.321724949948633321e-01,3.542692789814941290e-01,3.408742924104983807e-01,8.737587101110777521e-03,1.179913034555845619e-01,3.353957513494476572e-02,2.066066305046271312e-02,2.575123741192454629e-02,1.982146343291057988e-01,2.391135452224505131e-01,1.048730736373421069e-02,3.317064268339928179e-02,2.997703926260255058e-01,2.962455635821500954e-01,1.046207453586582847e-01,8.907873291528609072e-02,3.240581184923978508e-01,2.320035634507079392e-01,7.507256902587429448e-02,3.801253731773434064e-01
2.606080114977827877e-01,6.660133967839569902e-01,9.577767568492653871e-02,2.411721251569412250e-01,4.228289889521193445e-01,5.567523148454212034e-01,7.744806299481976630e-01,3.277067469970748048e-01,1.140802497404915516e-01,4.455998878023063603e-01,5.339772629392361414e-02,7.243859332519281269e-03,5.468399000662380605e-01,3.708398301088611793e-01,1.340275553803522701e-01,5.296697675363769564e-01,6.896996909921154773e-01,0.000000000000000000e+00,1.473015207528133863e-01,2.974907510159964241e-01,4.436369655925427313e-01,3.640012678887554753e-01,2.737841364349489215e-01,3.755994874881350420e-01,7.563914109073567316e-01,4.274532556682948403e-01,1.978241616489553045e-01,2.332041497182866241e-01,4.646945006722806304e-01,1.657358297058155461e-01,3.732639570665085560e-01,4.675830824773151706e-01,5.554482735097241441e-01,4.319648138723930497e-02,9.716078995229049386e-02,2.505283895004589145e-01,3.814716242533391366e-01,2.516173606156488773e-01,4.785018304918697840e-01,4.897100128480995629e-01,2.974344188482230811e-01,1.287154785782389232e-01,3.467024702296030991e-01,4.083504011850990212e-01,2.421742731420227779e-01,1.402894358619134196e-01,2.824152726597469742e-01,2.570318021297904321e-01,3.021930114406591872e-01,2.116371664007892228e-01,2.809568566439926696e-01,5.272180481779104033e-01,3.055615220162640755e-01,7.015877807017964485e-02,1.630535788245402462e-01,9.103217305024391415e-02,3.038454349511522379e-01,3.688716464256446836e-01,3.505970558938270587e-01,1.083628758653411850e-01,2.349182841293201152e-01,2.935672779151266010e-02,3.519378184546851362e-01,5.450875814755551385e-02,2.012185942224752333e-01,2.944901867792100170e-01,1.013254406885468195e-01,8.645943865791048955e-02,4.142964079605269689e-01,1.475738576360153265e-01,2.103209161237797331e-01,1.392524268732097115e-01,2.308133855502539356e-01,1.500037477316354950e-01,5.662761192402129828e-02,1.583006375263084908e-01
4.831464662161219503e-02,1.002567632832279398e-01,8.363229431536841618e-01,1.043037527315920088e-01,4.667994928466860927e-01,1.281854591376732078e-01,1.145239548015387632e-01,2.369627265115041292e-01,6.048363077668449383e-01,7.169788456933895437e-02,8.399310466235838657e-01,1.295852676836392325e-01,5.129304975502321784e-02,7.325182733902863008e-02,4.538834912017405965e-01,4.648790426495615080e-02,1.135333326443578872e-01,1.473015207528133863e-01,0.000000000000000000e+00,4.496712346070244060e-01,3.111883713373761462e-02,4.507647211465027892e-01,2.012188644557196260e-01,2.693290385362226980e-01,2.644081035994561013e-03,1.085281984118140752e-01,3.524365944800268435e-01,2.498782975646355875e-01,3.221158777542254548e-02,3.923003809488366800e-01,2.025667865305444404e-02,1.696749813617590141e-01,1.184782296329283530e-01,2.822930893426639498e-01,1.450409399182539250e-01,2.076835020897279394e-01,1.724570803471933700e-01,2.918372188937483347e-02,1.411434610989938387e-01,1.297948702719743386e-01,8.877602962769601258e-02,2.209528035220056363e-01,9.908352639304626730e-02,7.482239522555973743e-02,1.732888498579175374e-01,2.516984730336190024e-02,9.879856251899973851e-02,8.006056609013213476e-01,2.358911719364946077e-02,1.541835434660563109e-01,5.918989265267768363e-02,1.315542018214921338e-01,2.284023245461520024e-01,6.134493855502168858e-01,1.533683427924398268e-02,7.693786239143176608e-01,6.250422564941683634e-02,2.426482824916322278e-01,7.461630913342803817e-02,4.507325012644182172e-01,4.699430683600420988e-02,2.100086118737210517e-01,1.581757260657140340e-01,8.596926331280502209e-01,5.249552230852843060e-01,7.868086101061635973e-02,5.547949786806671835e-01,3.105569078037784259e-01,2.954700235338811320e-01,5.849444915964635561e-02,2.919514803052702945e-02,4.262767757928044854e-01,1.194383421103672460e-01,6.103071801609864788e-02,3.139903935347567732e-01,1.555588880187690481e-01
3.748609165391227904e-01,1.004229912471060748e-02,6.123902700835671675e-01,1.204242017871432896e-01,4.419178991476139240e-01,8.635605537467516690e-02,2.093116610746404149e-01,6.594915692923042361e-02,6.594891468180752447e-01,2.175959104360123686e-01,5.652493399076965463e-01,3.460950436817814557e-01,2.530591894156133392e-01,3.414001110921500159e-01,7.398509727436148875e-01,5.383041935831621716e-01,3.628205294847626772e-01,2.974907510159964241e-01,4.496712346070244060e-01,0.000000000000000000e+00,4.054981542546209350e-01,8.972504597099371093e-01,1.953748862567045441e-01,8.854572901590422596e-02,3.246034273222659916e-01,1.780531743361677410e-01,7.799448832965591993e-01,6.865788061369784145e-01,4.946105510180374143e-01,1.486230798369584938e-01,5.069887537256334564e-01,3.331848927016369810e-01,3.773567090795259538e-01,2.323316228252723104e-01,1.538364759014976824e-01,2.331634213599910743e-01,1.840524761695470912e-01,1.237046628550260013e-01,3.287056754685055981e-01,1.973538804119007450e-01,1.882637103506684118e-01,2.165777745620268147e-01,1.583206414620368374e-01,2.870636318865457115e-01,3.602238123965876282e-01,3.790501464331959003e-01,1.489503057476979087e-01,4.646565005093607481e-01,4.445862064062696684e-01,4.602832241131011859e-01,1.851628567362229028e-02,3.796121096393569871e-01,1.933628017486425932e-01,5.688362038422880573e-01,5.925738865875457284e-02,5.118559193496274862e-01,1.949372823621953188e-03,3.296537778608998881e-03,1.974904496962740508e-01,6.135882332936218875e-01,3.959796267162207783e-01,3.021361309960927111e-01,1.251540321673561551e-01,4.745014889020052196e-01,5.179549869166119036e-01,4.678576477248633791e-01,6.965597921845867457e-01,3.003399662157857364e-01,8.409958063353265012e-02,1.456851050495329147e-01,2.500544948424389124e-01,5.653927066341566388e-01,4.434378628022422886e-01,2.210455446309162464e-01,1.467545966072421049e-01,2.504522940039670686e-01
6.495305237005932764e-01,3.480195066040531193e-01,3.795149666445021830e-02,2.358912646198930985e-01,4.710263773721863334e-01,4.651093556940830154e-01,4.821851751855456003e-01,3.795480716198717519e-01,2.877704626977739544e-01,4.766430011689773427e-01,2.081320755421220414e-01,1.795840176824891887e-01,3.229315153981591191e-01,3.447104384224586870e-01,4.518707503920654234e-01,5.864016253107413590e-01,3.869090982175382165e-01,4.436369655925427313e-01,3.111883713373761462e-02,4.054981542546209350e-01,0.000000000000000000e+00,4.131798126449108266e-01,3.215708149477650157e-01,2.300508384960451014e-01,4.981279567520822682e-01,1.636186782839131326e-01,5.319072098470039034e-01,2.989993771091863373e-01,6.713539244815797113e-01,2.723855926279191708e-01,4.085279574368057554e-01,4.576331591720176895e-01,5.532798373062104424e-01,2.548649188118068398e-01,1.691324906537365336e-01,1.984404870558301726e-01,7.825855813051299514e-02,1.017674130944737909e-01,4.097034816830378845e-01,4.638705881461103742e-01,2.159641862013789160e-01,8.989557572897038940e-02,1.106644526983993349e-01,1.465349651162780042e-01,3.184668888756708727e-01,5.034613073810669803e-01,1.506099812526828507e-01,7.910833917126816606e-02,3.501509235437752499e-01,3.249701133647269202e-01,1.127152149706014683e-01,4.258167206034950691e-01,4.609624092002940210e-01,2.509356155173557701e-01,3.625234699971532359e-01,2.534780747929837874e-01,9.061365406974769554e-02,9.717877741258032498e-02,2.352465206862637270e-01,3.032551458899664376e-01,1.993423561552203072e-01,1.798274357499440868e-02,2.001717020741665687e-01,1.486946868405041311e-01,1.344968234980418731e-01,7.488238376227234205e-01,1.147293538624954423e-01,3.057319067316712213e-01,2.590184154791806970e-01,1.345837093726975631e-01,1.204194492753703771e-01,1.885197110041244017e-01,1.538447426860595213e-02,1.319979145682543820e-01,2.294716018401967705e-01,1.711409356346358102e-01
