0.000000000000000000e+00,6.892782088390714268e-01,1.916937530314245242e-01,2.968620652492106465e-02,2.293621787867718975e-01,3.178677733718688891e-01,6.552536128839950291e-02,5.948694487287883859e-02,3.940025494849814791e-01,7.530248119717997124e-01,2.716100874318297942e-01,6.284973906506727825e-01,2.547173328874016152e-01,4.913943342922241220e-01,2.629256274743535515e-01,7.499321779797285537e-01,7.295644267891188139e-01,6.139585272174634678e-01,8.846196947645865172e-03,4.309005213641538545e-01,4.974191035932223337e-01,7.775066550126685794e-01,1.429414585607914623e-01,7.787680798144848149e-01,8.430806317231922531e-01,8.091353593542234268e-01,3.822775014650722780e-01,4.498711502084749014e-01,3.545957008358279205e-01,7.390313188661354338e-02,7.183982877653938282e-01,9.091358995875209459e-02,8.093471234319981056e-01,4.607618147381303264e-01,8.498908007729098768e-02,2.854367075389544484e-01,1.832592427496587684e-04,5.866281589840165456e-01,3.591746380055604870e-02,7.639341272985629150e-01,7.012223060270750263e-01,8.870735555627823343e-02,1.290538129263667788e-01,1.497244382605875945e-01,6.785301606536009444e-01,9.278217143784980303e-01,6.911069223443324638e-01,3.139901690180814109e-01,4.441658425210201488e-01,2.982354123804742407e-01,1.195664844497599938e-01,1.696219616849672374e-01,4.328289206738958339e-02,3.823409213031366827e-01,6.409518080554721386e-01,1.752068353484942387e-01,4.976605421541673291e-01,4.081380388128519887e-01,1.142355059674476925e-01,4.132959175216505132e-01,8.083479660936256916e-01,6.142408837987227699e-01,7.202341453402261173e-01,6.076982589635893106e-02,2.842078232311664454e-01,5.069225308698537269e-01,7.720386645806398551e-01,1.769674775125304189e-01,8.052725064166648128e-01,8.530109745943872390e-01,7.841254633216604431e-01,2.101877924287581523e-01,4.451237992974448887e-01,6.641786492755641369e-02,4.075280692276058159e-01,7.937235538396344436e-01
6.892782088390714268e-01,0.000000000000000000e+00,1.750629489593838461e-01,1.677708621890396934e-01,2.610047797903706224e-01,7.274972278360487543e-01,3.585919109967906637e-01,2.183364895506351711e-01,2.927265030810069502e-01,7.585532187804244764e-01,2.860549344756924128e-01,6.209654494475838060e-01,5.872704728491120463e-01,5.945557118131464813e-01,2.905787539394179553e-01,8.342834228678926989e-01,8.263748798294954234e-01,8.472159269402027570e-01,9.332351283988776780e-02,5.165946342844183192e-01,4.380930007162624484e-01,8.213418910787995131e-01,2.702086608642651488e-01,5.923927619290347835e-01,9.195054397199394769e-01,9.226731559550382933e-01,6.280319102946761989e-01,4.435275260899139704e-01,5.415361978413404387e-01,2.994890992924474915e-01,5.497660790331022618e-01,1.871295630855938363e-01,7.123065676771740407e-01,2.836601522129257313e-01,1.920869367254474103e-01,1.531652135489410538e-01,1.991695109211471526e-01,5.029695102980921151e-01,1.603429403406411158e-01,6.806813396449222786e-01,5.266638714625274664e-01,3.176461191291525266e-01,3.515000385708090258e-01,2.932942434687657030e-01,6.264886339079356325e-01,6.558348968696847692e-01,9.813315275800723603e-01,2.349559683084579409e-01,3.451965412020179258e-01,3.246320421040827520e-01,2.023570882942337390e-01,3.114883575358003420e-01,8.907595697564515969e-02,2.919181392362811822e-01,6.071440170077322396e-01,2.216711352390570156e-01,4.443943124927872135e-01,3.804926328897189625e-01,1.862851640543973508e-01,3.408242660020837089e-01,6.420887643277747303e-01,6.623677589778667052e-01,6.676763766476517814e-01,1.418162268370780354e-01,3.745604125344006441e-01,2.817508093162333638e-01,8.096400410362998290e-01,1.478377733996803500e-01,6.634800288338145169e-01,8.514403453631795848e-01,7.480492448704205710e-01,4.392234337215392692e-01,3.547670003950107454e-01,1.032715014595111946e-02,1.836026246399124484e-01,5.984172817140023248e-01
1.916937530314245242e-01,1.750629489593838461e-01,0.000000000000000000e+00,9.323962770931142063e-02,3.312941979108633972e-01,5.150735550131310125e-01,4.223012629202235746e-02,4.503131030805729296e-01,8.534018375145653312e-01,2.135567580205390004e-01,5.983320391296726992e-01,3.425768400687706494e-01,3.442476249415550860e-01,2.565431582563159063e-01,5.518172101985838740e-01,1.342169275416873475e-01,1.913820618737970825e-01,1.778957280095587457e-01,7.021495810982018027e-01,6.356826733967475551e-01,3.714522123614630855e-01,4.280415013356297926e-01,7.562612176321483748e-01,9.649012745150863102e-02,2.348954564951291901e-01,1.836298647198044975e-01,5.887919079614623019e-01,4.423963767741050379e-01,4.409253040560501269e-01,2.578223618909901704e-01,2.270928517424635473e-01,7.324610874043181452e-01,1.503427409053118280e-01,4.823095682459119932e-03,5.237835569342266240e-01,4.049705388370645198e-01,2.767225309536567451e-02,2.874423581523103399e-01,6.773308587690038962e-01,1.570009033815886745e-01,7.534245371071734976e-02,1.301763817042471405e-01,3.219446947501729550e-01,5.823741573868462806e-02,4.615819642837173387e-01,2.829501942220144506e-01,2.770857346553836642e-01,9.569218063549550513e-01,1.529068234717510522e-01,3.554716605730144918e-01,5.538910136055757993e-01,3.790791212875972427e-01,5.763219944437758535e-01,7.899846527995987300e-01,2.898399122167273356e-01,6.111108530457266541e-01,1.941981442473503239e-01,4.659835185569417004e-01,1.692707862074710468e-02,4.783342797998407225e-01,1.137161482380232430e-01,1.309466973058031614e-01,1.381090069180176405e-01,5.578417438275382612e-01,5.536357323162153232e-01,3.877093013498223439e-01,4.599131973388764782e-01,8.208044041138590208e-01,2.234124909432971817e-01,1.952840748760579503e-01,2.250586595513969224e-01,6.015900183613428487e-01,3.831313423518914463e-01,1.307598322413255354e-01,1.942975688912037813e-01,8.626891536318290199e-02
2.968620652492106465e-02,1.677708621890396934e-01,9.323962770931142063e-02,0.000000000000000000e+00,7.378289051725669956e-02,2.609906653026921042e-01,5.182862352742605427e-01,1.262808971910022171e-01,8.706547672745926225e-02,1.979630799776088412e-01,1.947906923666991863e-01,3.840027395181505598e-01,4.680762028424228505e-01,1.981048932927546857e-01,9.027094740095112368e-02,2.099015457505181703e-01,2.819697699822250603e-01,3.065695957412384320e-01,1.570942808777648081e-01,3.759439289642044213e-02,1.961078521367511651e-01,9.166278391943383230e-02,1.294243845509906732e-01,3.083459965584881002e-02,9.185684616419068083e-02,1.265882649338639365e-01,1.913249962184713493e-01,2.696471061681791070e-01,1.496868683043572346e-01,8.755728290760139698e-02,1.634629782469834147e-01,6.288349210990379357e-02,1.667337462035289875e-02,1.224328230191093214e-01,1.318436959367620398e-01,4.148940964558391342e-01,5.567046133187500967e-01,3.410373920631346728e-02,2.262598386143352958e-01,2.578666291683021083e-02,9.219345622082324165e-02,4.877604019862433887e-02,4.163474121991360688e-01,3.786366171678443027e-01,5.595273285896747856e-02,1.324247164264759358e-02,6.945488888344657219e-02,7.375272750600764260e-03,3.716888323285092999e-01,2.197058093465247830e-01,5.593059576350861706e-02,4.190330822706786473e-01,5.314462337250938639e-02,1.867219258816910643e-01,2.164767948813263454e-01,9.537385357271740971e-02,2.876931722003083225e-01,1.136909107348700043e-01,2.540166284501234606e-01,1.712436355946465594e-01,9.951162904018595601e-03,2.250886293325656540e-01,1.419761393320043696e-01,1.095395353514316827e-01,1.380456630321907907e-02,1.925535471253453368e-01,1.891767968044526238e-02,4.175545512913562268e-02,1.892114602034228321e-03,4.993277905767756764e-03,5.411330994254052312e-02,1.488733806179370345e-01,1.500411006336004049e-01,1.676331180048317715e-01,6.551485140405044483e-03,1.519855472505662886e-02
2.293621787867718975e-01,2.610047797903706224e-01,3.312941979108633972e-01,7.378289051725669956e-02,0.000000000000000000e+00,7.409519837587585922e-04,3.422248037097261331e-01,7.935225279171453927e-02,2.720033210549947511e-01,1.489326340671610072e-01,4.548578849882456421e-01,1.784141241246359755e-01,2.136090246338274712e-01,2.618462351483455963e-01,4.993263444889900482e-02,2.060195009454512949e-01,1.413803336731725424e-01,1.348321921190549499e-01,2.023784182809678645e-01,8.511700105206740363e-02,8.844798702628769993e-02,7.963456579630237564e-02,1.760196789082753011e-01,4.461399441996576343e-01,2.344236767102332863e-01,2.403791773915520680e-01,1.457240532221057983e-01,1.145455583975402702e-01,1.897028132632689879e-01,4.887744953282363580e-02,6.829013845821957363e-02,2.303622246089203629e-01,3.047064248612896264e-01,4.053336298066448351e-02,5.452330537263694321e-02,3.187553769655602220e-01,3.779764610103110434e-02,6.761160587588904702e-02,2.948610178994475195e-01,2.493242431092273503e-01,1.242242362833450853e-01,3.939378608914883423e-02,2.462831294466996113e-01,2.740411801080894216e-02,1.677372111550459732e-03,1.679919489189986570e-01,2.539719862701201314e-01,2.918288483118816612e-01,2.272682051944276138e-01,6.086147098317481463e-01,2.163210461475298108e-01,3.855687718285944476e-01,4.910462475703636365e-02,2.703024666658155883e-01,7.009325334781454919e-02,4.564020646289704830e-01,1.567806179044853587e-01,1.844102413861516687e-01,1.708576982872701544e-01,6.860440395900591071e-02,2.081864526924503966e-01,1.782033653122460093e-01,2.472992597852424201e-01,5.774040087328030646e-02,3.044425506123138447e-02,1.316341606724808766e-01,1.368755342762006388e-01,1.759311362870178974e-01,4.011746782377603182e-01,2.566771050256548836e-01,2.896632847338809769e-01,1.381400029039098476e-01,6.246947373006125903e-02,1.676326606979048062e-01,2.411015724878729782e-01,2.208101527067329317e-01
3.178677733718688891e-01,7.274972278360487543e-01,5.150735550131310125e-01,2.609906653026921042e-01,7.409519837587585922e-04,0.000000000000000000e+00,3.799594751612311305e-01,6.472116919355084264e-01,4.461941218278169252e-01,4.901711294653134376e-01,6.485849676535815345e-03,5.677313018726338756e-01,6.008530563075440423e-01,4.390664125843192211e-01,2.551532521921211494e-01,5.450769310919576505e-01,5.167896035572969726e-01,6.027273495325573549e-01,4.489953301404898678e-01,4.826659267766275629e-01,4.767971792186270208e-01,5.631726984262083180e-01,6.764661394266625605e-01,2.143468418606777059e-01,5.586421876089335825e-01,4.941676333230549667e-01,7.371199732833690899e-01,3.055988942178958778e-01,6.345476385529276175e-01,4.802263886082477340e-01,3.187704719683183141e-01,4.851541542310500721e-01,4.747227979783343876e-01,2.261120480440554081e-01,3.771917322592672206e-01,2.019924049203430383e-01,1.531630776427470864e-01,3.216968026685683713e-01,4.606020938662803155e-01,3.666641677808626376e-01,2.724547569769872890e-01,1.893800475802139283e-01,4.473388856777821831e-01,1.247799111600897959e-01,3.468745442206434548e-01,2.906186232363530686e-01,5.307946566443313419e-01,4.177442453967820657e-01,1.744833232153441549e-01,1.367864218488272846e-02,5.394425077093285559e-01,4.233812334334645655e-01,4.878783295437906786e-01,3.568080509930482980e-01,3.617108961289224323e-01,1.087454583301511457e-02,3.457520689612478826e-01,3.912766286797827453e-01,2.020144509669087596e-02,2.657695041362653221e-01,1.663161316302958492e-01,3.781293241770320446e-01,2.768326328574696182e-01,4.446376015076698440e-01,3.621763817298460642e-01,3.065722714073088606e-01,4.400546880174793229e-01,5.377208333521374950e-01,3.147708598691110193e-01,3.996245132076189366e-01,2.605352915037804640e-01,6.304200061267482003e-01,1.326445290801284149e-01,2.408090930600863266e-02,7.923090745021497960e-02,1.970911762826212665e-01
6.552536128839950291e-02,3.585919109967906637e-01,4.223012629202235746e-02,5.182862352742605427e-01,3.422248037097261331e-01,3.799594751612311305e-01,0.000000000000000000e+00,1.507930119016146764e-01,2.074905028362977188e-01,4.302512722881390306e-01,2.801921848170637608e-01,3.870076706510522380e-01,7.184521528739019613e-01,2.360423149455088410e-01,3.463485645931239088e-01,4.790411935792494580e-01,5.860218544991244727e-01,6.382333008841785116e-01,1.135052271955340752e-01,4.553052472451848964e-02,1.932085340842534527e-01,1.628567896985579910e-01,7.606294619552111946e-02,1.064337221851829329e-01,3.276255871249127982e-01,3.339706123595159726e-01,1.719985018028405421e-01,2.976548562065663983e-01,2.119199318784245334e-01,2.070617565544538574e-02,1.913507611540428976e-01,5.429471894756274231e-03,1.860640615695737521e-01,1.972440526875156031e-01,8.587778339264466598e-02,1.497247673424046688e-01,4.450978843953488640e-01,4.056787213997430364e-01,1.126238022512744165e-02,2.073037508576028309e-01,2.782701021226908766e-01,6.639355942401943544e-02,5.067459068802494526e-01,5.335978447466175334e-01,2.226431193751357285e-01,1.302111812011406689e-01,1.741419337310025350e-01,6.843426650609718553e-02,2.009974095620087331e-01,8.194233378499293785e-02,8.356667092186825796e-04,5.029974392697322827e-01,9.712061565908118588e-02,2.311017020812521361e-01,3.430043087203363261e-01,1.319700356694814003e-01,4.139415213253460069e-01,2.474986989767700984e-01,1.860126608391854952e-01,3.283466921943922201e-01,1.928313275718947506e-01,3.780982980627401457e-01,2.766880532145388760e-01,5.757014840400373479e-02,2.081036735235624602e-01,2.810644415279049957e-01,2.514273720337412144e-03,3.677568348052415170e-02,6.241165339256760092e-02,2.403052152873767222e-01,1.231221781752436517e-01,2.712595799370939864e-02,2.058874088803609448e-01,2.562696227732852994e-01,2.084380385513547596e-01,2.766027345010469429e-01
5.948694487287883859e-02,2.183364895506351711e-01,4.503131030805729296e-01,1.262808971910022171e-01,7.935225279171453927e-02,6.472116919355084264e-01,1.507930119016146764e-01,0.000000000000000000e+00,1.968376498975715760e-01,1.096700783508736121e-03,3.052128269826883677e-01,3.413852888100777916e-01,2.712835358196142854e-01,9.683774491022700825e-02,1.872379478435506617e-01,1.798248171153638691e-03,3.447281017977305018e-02,4.435032348267470281e-02,4.647179838317370137e-01,1.915086789828924219e-01,3.073183590545169319e-01,8.753412199411572669e-02,7.868447306995812740e-01,5.422434550705917955e-02,4.798154691907252634e-03,5.795261511328086979e-02,4.514159446817771482e-01,3.310044493632646745e-02,2.474884465972799763e-01,4.256505123775642385e-01,1.975909680643246347e-01,3.520651148211777492e-01,9.879401780107766040e-02,5.231548976015598651e-02,3.465595908143088155e-01,4.074632563266309404e-01,1.823158383521849835e-01,4.245231024578655088e-02,3.319182324078626678e-01,3.910067059761490604e-03,3.927468888371419414e-02,5.110240363444079614e-02,4.724121724917884624e-01,2.215026833039619031e-02,7.458655672332534237e-02,4.048250917353984901e-02,1.092439810462807470e-01,3.500215838307462191e-01,8.526661700145886369e-02,2.727851124466621480e-01,5.514874384853163392e-01,2.987872421291952185e-01,7.517663885838491433e-01,1.686856352114614044e-01,1.667665417025120111e-02,3.557613573524758821e-01,8.936880068707875324e-02,1.827331795164141570e-01,1.346440090746068297e-01,8.353316389322515412e-02,3.733170165542491481e-01,1.681901426210644090e-02,2.105920901071650087e-01,4.772620534021770333e-01,7.349992972271651714e-02,1.671264117817160832e-01,8.238320441661672877e-03,5.619972395201235926e-01,4.615226774706948643e-02,1.445871704695059212e-01,1.059020410092681719e-01,3.653221172263648731e-01,6.830072456454747143e-02,1.418479434478540080e-01,2.295810917789118943e-01,2.293634577012271247e-01
3.940025494849814791e-01,2.927265030810069502e-01,8.534018375145653312e-01,8.706547672745926225e-02,2.720033210549947511e-01,4.461941218278169252e-01,2.074905028362977188e-01,1.968376498975715760e-01,0.000000000000000000e+00,4.997242093584131073e-01,2.707371589345398677e-01,5.249086274753503867e-01,5.743352771302330240e-01,4.754328664318774877e-01,2.215636569066811168e-01,4.160880555592429975e-01,4.848198078796772670e-01,4.364962082518728526e-01,5.130567056149101246e-01,4.691788661451284370e-01,2.425583358861740646e-01,4.496421362945122180e-01,4.444471640766556875e-01,3.116469526769942711e-01,4.456415210103854552e-01,3.995677372486196033e-01,4.527795206280635920e-01,6.701787049883486391e-01,3.651858237737582447e-01,7.331584634521548516e-02,4.472905109775441868e-01,6.901779545711972386e-01,2.812499938604278715e-01,2.088127976648023743e-01,3.305781313937420918e-01,2.008028186422129435e-01,1.162424696698403787e-01,5.796799797541014598e-01,5.941898249681287769e-01,2.999632658150260256e-01,2.839313082692785373e-01,1.515234576067402694e-01,2.625037840322302918e-01,1.692315377969738077e-01,5.039972331132724914e-01,4.439714077003279469e-01,2.796957621078486333e-01,8.781591935408287197e-01,1.649421287331724328e-01,2.104900945366463549e-01,1.859763814112461167e-01,3.559163808217029046e-01,2.087738553383129414e-01,8.613450437073169041e-01,5.129102992102847480e-01,3.563994289913347546e-01,4.680425456276691154e-01,5.038334153812642491e-01,8.707092980457756259e-02,2.351612579905925648e-01,3.705610656415312398e-01,4.111451623479633888e-01,3.660779174767979649e-01,2.986776544464302408e-01,3.345166858725397985e-01,2.354524347046140775e-01,4.850900829888364907e-01,4.787612302129973796e-01,3.738311432772216669e-01,4.034378809464833626e-01,3.714951774422425856e-01,3.506431872606149969e-01,4.904115946642219614e-01,1.160073079177963706e-01,1.484133912829410651e-02,4.206072365077606623e-01
7.530248119717997124e-01,7.585532187804244764e-01,2.135567580205390004e-01,1.979630799776088412e-01,1.489326340671610072e-01,4.901711294653134376e-01,4.302512722881390306e-01,1.096700783508736121e-03,4.997242093584131073e-01,0.000000000000000000e+00,3.379404024666629591e-01,8.163384824640087523e-01,6.446656631500232715e-01,6.369425052523318698e-01,1.148938290964227060e-02,8.379237104192058805e-01,9.036836846385227773e-01,7.929411266349666310e-01,1.110185650792093748e-01,3.165055715474479614e-01,2.345580193899637345e-01,6.711447576961251382e-01,1.205414033357250780e-01,6.935076043641207333e-01,8.669657537785711021e-01,8.690233179184794210e-01,3.294625234559365734e-01,7.038541610314426045e-01,3.540331459738724207e-01,2.202989535156921197e-03,7.915810662302246170e-01,2.548144800216226025e-01,7.328441491575197198e-01,4.134337089447001068e-01,2.194695671782096180e-01,4.934037210769307014e-03,4.078691023574425034e-01,7.749085948709159011e-01,1.715590164051181421e-01,7.306336957879252525e-01,5.895158043314833174e-01,2.387378483449991151e-01,2.741936695929524381e-01,4.767455348591792541e-01,7.765169531135808212e-01,6.991563849338440217e-01,6.685027881124163684e-01,3.490929106838089879e-01,3.685840242372637743e-01,2.514659334081198461e-01,2.595831636163860312e-02,3.517295809935551687e-01,5.502057539997218250e-04,4.860013742141242599e-01,8.693063294117795436e-01,1.193983252747553847e-01,7.728813440477613206e-01,5.124430515061672020e-01,1.042338704785282510e-01,1.452729868646761291e-01,7.205195167102549370e-01,7.658579466523027790e-01,7.314168586626299540e-01,5.180464070796142462e-02,1.942479626829161921e-01,2.701925958350441803e-01,6.472864971182458182e-01,1.181021353289534725e-01,7.082559272818618190e-01,7.621027827026827239e-01,7.321929013834378441e-01,2.334546956885634184e-01,5.441733989721818654e-01,8.936396318403763694e-02,3.544231476381906609e-01,7.728049334617921318e-01
2.716100874318297942e-01,2.860549344756924128e-01,5.983320391296726992e-01,1.947906923666991863e-01,4.548578849882456421e-01,6.485849676535815345e-03,2.801921848170637608e-01,3.052128269826883677e-01,2.707371589345398677e-01,3.379404024666629591e-01,0.000000000000000000e+00,1.781340606740203780e-01,9.294778447880147620e-02,2.028588371094412479e-01,5.012156596280699095e-01,4.509574679039859424e-01,3.861821107596565827e-01,4.444067794323726117e-01,4.271137739777240427e-01,2.865160257607815564e-01,2.119924456013217717e-01,7.377899222703221405e-02,4.847255824087701170e-01,4.665846612379161429e-01,3.494877812088741931e-01,3.256919546951969613e-01,1.949776758049932002e-01,6.354124894552004577e-04,1.191342285640939191e-01,2.681230049329447751e-01,2.669278175605218628e-01,4.723913415642416735e-01,3.558292236856337443e-01,2.032139823827632252e-01,2.463005320747350957e-01,3.333277355502035633e-01,1.099197291955526234e-01,7.350781592578276014e-02,4.284134227290684604e-01,3.584807756332514805e-01,2.509231438464483155e-01,1.379028743704906468e-01,9.692662448335620518e-02,3.737855820919346872e-01,8.457445304320690416e-02,2.657683626548354994e-01,1.739407382739792673e-01,4.691364144850437845e-01,1.294840596235603825e-01,5.709819511098097600e-01,4.331535646135911133e-01,9.704091375466072922e-02,4.109508519377612079e-01,2.111676658212561786e-01,2.098794134165016811e-01,8.399865944477096225e-01,2.526391821910291546e-01,8.909170205121885733e-02,4.591826500537521394e-02,3.735603729540931672e-01,3.753153017424543658e-01,3.642303446836328562e-01,4.562523509137693667e-01,3.809213649785575528e-01,2.786434517242084574e-01,1.877089940853254035e-01,2.819287140278636805e-02,4.899583578874638357e-01,4.561154924881481443e-01,3.750636916817541855e-01,2.802581250545331804e-01,2.646735958292071311e-01,4.770793953871696469e-02,2.428318651286849872e-01,4.267515798524625370e-01,4.310381164761556416e-01
6.284973906506727825e-01,6.209654494475838060e-01,3.425768400687706494e-01,3.840027395181505598e-01,1.784141241246359755e-01,5.677313018726338756e-01,3.870076706510522380e-01,3.413852888100777916e-01,5.249086274753503867e-01,8.163384824640087523e-01,1.781340606740203780e-01,0.000000000000000000e+00,6.360854180583987993e-01,5.910022158221924782e-01,1.665149020847465910e-02,6.869717055543904660e-01,7.472772005112128246e-01,6.810874031195990330e-01,2.768593984555284271e-01,2.761632820775798969e-01,1.708790110896587222e-01,5.359494683133645410e-01,3.416021105114466216e-01,7.853000105782128593e-01,7.321053970582991344e-01,7.528135459135424368e-01,3.273064581514818494e-01,6.171446519336987180e-01,2.221450584648452797e-01,5.595611576358780481e-02,5.981816722657418151e-01,2.677431721061704906e-01,8.021586280042568573e-01,4.434578458470743723e-01,2.085304622924957774e-01,7.915439121983125492e-02,3.361962612536586459e-01,7.148451274348154305e-01,1.782559747495182090e-01,6.988977172243332481e-01,5.768984959799434709e-01,1.972835234244812996e-01,3.696576113960180487e-01,4.111889014141445475e-01,6.870681521189733187e-01,6.383195499976944687e-01,6.292247029298095873e-01,4.100389231982352611e-01,2.220094891104020252e-01,2.097662233138881116e-01,1.112825540065678076e-01,2.908048708445180042e-01,2.727795649539698775e-01,4.414665091025595234e-01,8.082518736526135283e-01,5.594456935823624577e-02,9.381633937265786427e-01,5.300738662737523033e-01,4.926432195180355245e-02,4.499458600154624538e-02,5.446054521842703666e-01,7.369018527369048943e-01,6.495379543230950237e-01,2.092001130073023463e-01,1.035147018678679726e-01,1.946541869480033216e-01,5.113460291747899955e-01,2.519729584346777629e-01,7.878470920357796281e-01,6.147954086772665638e-01,6.436828806796959235e-01,1.929857656787168640e-01,5.621917840156555046e-01,2.852366312945701088e-01,3.477811721364045261e-01,6.681416948292691060e-01
2.547173328874016152e-01,5.872704728491120463e-01,3.442476249415550860e-01,4.680762028424228505e-01,2.136090246338274712e-01,6.008530563075440423e-01,7.184521528739019613e-01,2.712835358196142854e-01,5.743352771302330240e-01,6.446656631500232715e-01,9.294778447880147620e-02,6.360854180583987993e-01,0.000000000000000000e+00,5.033488331922266745e-01,7.453437948460914231e-02,6.790349378149435067e-01,7.231351123719327312e-01,6.664070362404070913e-01,2.528935481380427674e-01,2.298565082026366169e-01,6.833137936787539446e-02,4.128615459598272142e-01,2.381052347118161050e-01,3.542922404013080229e-01,4.934026071879078490e-01,5.525512802576015847e-01,3.258676092396100565e-01,6.951765590136208539e-01,3.328649815688728419e-01,1.662430836370657194e-01,4.237934090831546596e-01,3.754533497855159774e-01,3.580597841412799243e-01,1.982762020708542516e-01,1.942174396532739822e-01,2.183923495720849206e-01,4.834531941476516437e-01,5.858518421249651054e-01,3.809137015200763088e-01,3.349757855063429934e-01,2.810994305206752086e-01,2.159946053451773373e-01,4.290568540993565660e-01,4.245493628488822835e-01,4.625042079547679319e-01,2.695963808906958747e-01,3.965648806497055201e-01,4.127467601114718776e-01,6.679621143043240616e-02,9.441121197807850196e-02,1.070331422033178048e-01,5.105261230258255623e-01,4.795128038239859780e-02,5.642179382490505324e-01,5.786637163700758535e-01,5.598520982132609847e-02,5.393943359776416369e-01,4.839274899559181664e-01,7.194817990460189439e-02,6.881335836493673863e-02,2.457667456543487505e-01,6.040768485395180409e-01,4.020774038224683711e-01,1.960647796812760579e-01,8.314427856743725198e-02,6.974663534887409755e-02,3.264296563212175095e-01,1.065681839637941108e-01,3.402162119174441113e-01,3.953606704280482331e-01,3.145341634064450220e-01,1.671236229681570817e-01,4.248531571665319362e-01,3.352482300991760922e-01,6.821436860883739461e-02,4.215743226471417304e-01
4.913943342922241220e-01,5.945557118131464813e-01,2.565431582563159063e-01,1.981048932927546857e-01,2.618462351483455963e-01,4.390664125843192211e-01,2.360423149455088410e-01,9.683774491022700825e-02,4.754328664318774877e-01,6.369425052523318698e-01,2.028588371094412479e-01,5.910022158221924782e-01,5.033488331922266745e-01,0.000000000000000000e+00,2.660912860522919587e-02,5.879373729320415132e-01,6.587421410527187771e-01,5.950188530382524155e-01,8.229681707913100164e-02,2.384517502170433734e-01,1.761205667809809250e-01,4.733377142903771873e-01,1.388101335198690667e-01,6.430773867922725540e-01,5.966532442819514337e-01,6.453557722510830930e-01,3.061283633467397625e-01,4.380427520753299442e-01,1.526567328398589496e-01,8.515400515075691179e-02,3.527900272558928130e-01,2.196256679425716007e-01,5.727274847896169918e-01,1.021851860422216263e-01,2.754358255523462473e-01,3.055045295441569109e-02,8.163630908630215011e-02,2.776389291605647625e-01,1.975191581520239770e-01,5.266212694380688619e-01,3.211421707687280858e-01,2.307790808253652182e-01,8.985081056078542128e-02,2.571063178524633508e-01,3.803323994288135834e-01,5.138319709277077152e-01,5.162212930328837768e-01,3.810585656443454816e-01,2.668869653418347032e-01,2.601018849697491198e-01,1.185035386420459080e-03,2.081210682666409517e-01,3.987134701039901641e-02,4.895861372161253167e-01,6.067199070993081200e-01,1.286749343979213256e-01,5.133591950969422779e-01,2.408395902911775188e-01,2.550114291005713407e-01,9.844756925604215836e-02,4.747357166358499581e-01,5.329512224413053278e-01,5.405717678221299005e-01,1.511332649701889463e-01,2.558916179499514665e-01,1.211470805697642122e-01,4.484733111302690034e-01,1.533522510437244080e-01,6.829925720344312001e-01,5.286004790240971252e-01,5.455867505740170653e-01,2.753585164549183784e-01,4.198209399696600230e-01,1.496558730088507483e-01,3.124149369849900104e-01,5.951298090347550973e-01
2.629256274743535515e-01,2.905787539394179553e-01,5.518172101985838740e-01,9.027094740095112368e-02,4.993263444889900482e-02,2.551532521921211494e-01,3.463485645931239088e-01,1.872379478435506617e-01,2.215636569066811168e-01,1.148938290964227060e-02,5.012156596280699095e-01,1.665149020847465910e-02,7.453437948460914231e-02,2.660912860522919587e-02,0.000000000000000000e+00,4.224419741884299917e-02,5.450573020641003019e-03,2.115589313060733945e-02,1.980217770682474177e-01,8.007720582373947238e-01,7.067191371399932365e-01,6.146573091470800554e-01,5.435818885813787915e-01,1.454858351890636059e-01,2.308835431187732379e-01,1.448975782539106416e-01,6.120529590023615629e-01,1.056414942791827072e-01,5.897295926327494886e-01,3.757186999650968806e-01,1.728120456440838393e-01,4.512506298359558743e-01,1.938097166502755764e-03,1.466016779161197908e-02,3.954385864004967277e-01,2.741284262564524510e-01,6.045952633443267554e-02,4.739595163380505571e-02,3.689472630020660948e-01,1.160461401721385455e-02,5.435005567935331794e-02,8.202860756075652793e-03,2.135044157479206173e-01,2.934156213542030711e-01,3.950225539958807652e-01,2.576387587755502029e-01,3.589484267628901271e-01,4.155144844678509974e-01,9.994736272891703577e-02,3.379485986212816817e-01,5.787988429977959370e-01,3.247611009175179753e-01,4.172174093798233785e-01,2.440706255284669779e-01,1.244362977461680730e-01,4.450593907334644550e-01,2.090416192070307377e-01,3.043628113436530613e-01,1.368278129638511864e-01,8.718260542843873084e-01,1.390472967033154483e-01,9.571695161173382482e-02,3.120401275309322986e-02,2.286854270763427066e-01,7.928305723719437648e-01,6.761683287841613321e-01,6.363763283937265980e-01,6.190270666253361309e-01,4.839946094970741519e-02,1.778439233326453150e-01,1.564694312610711846e-01,7.466266734428702589e-01,1.383426988392201795e-01,6.808878139150383868e-01,3.393765926365194252e-01,4.004204037102435110e-02
7.499321779797285537e-01,8.342834228678926989e-01,1.342169275416873475e-01,2.099015457505181703e-01,2.060195009454512949e-01,5.450769310919576505e-01,4.790411935792494580e-01,1.798248171153638691e-03,4.160880555592429975e-01,8.379237104192058805e-01,4.509574679039859424e-01,6.869717055543904660e-01,6.790349378149435067e-01,5.879373729320415132e-01,4.224419741884299917e-02,0.000000000000000000e+00,9.692869809372559597e-01,8.986977401272516763e-01,1.043372261966421660e-01,3.410313646419186329e-01,2.755945758534888435e-01,7.056873933118894548e-01,7.723964588930050390e-02,6.515529474656308606e-01,8.534321565335576398e-01,8.213530915584495995e-01,3.470218505088022432e-01,5.953263804839659112e-01,4.572710266248432021e-01,8.418124569224860743e-03,7.497080485612941381e-01,1.407835163225080177e-01,7.082857653754993654e-01,4.818943064655858421e-01,5.260279077932328295e-02,2.591262154542129936e-01,1.599270783534044449e-01,6.411346359657372762e-01,1.212321697657458563e-01,7.246547957692546227e-01,6.794920073587555898e-01,2.074252169333165863e-01,1.998612310000591474e-01,3.304765499587796196e-01,6.481242126984462226e-01,7.175286273284754435e-01,6.795657697366338512e-01,2.547800383691076753e-01,4.544296949249506112e-01,3.303524903425987813e-01,7.838759085913879487e-02,2.959543511511428804e-01,6.388097969399231246e-02,4.020268440583359970e-01,6.934705261491198591e-01,3.248747656331749667e-01,5.751024822500421241e-01,3.825714296232428646e-01,2.121670054754528356e-01,1.653134559595641206e-01,7.711129968826513359e-01,7.566026005282441291e-01,7.936076480688716295e-01,2.173035665011907591e-02,2.180760895136945599e-01,1.911376485653180912e-01,6.611898302336876032e-01,4.034888554279393580e-03,7.194159617029827203e-01,8.046426320298492030e-01,6.611660886444588048e-01,1.988397915292800522e-01,4.153713885892054702e-01,1.423365372780301952e-01,3.024425345302163004e-01,7.029620683515214186e-01
7.295644267891188139e-01,8.263748798294954234e-01,1.913820618737970825e-01,2.819697699822250603e-01,1.413803336731725424e-01,5.167896035572969726e-01,5.860218544991244727e-01,3.447281017977305018e-02,4.848198078796772670e-01,9.036836846385227773e-01,3.861821107596565827e-01,7.472772005112128246e-01,7.231351123719327312e-01,6.587421410527187771e-01,5.450573020641003019e-03,9.692869809372559597e-01,0.000000000000000000e+00,9.178016688897469022e-01,1.231590359186056916e-01,3.591847214805721222e-01,2.327591151402162994e-01,6.885289569361110473e-01,8.220440276599949581e-02,6.917826076927722223e-01,8.778785239019871733e-01,8.436910683890812557e-01,3.289750826626405278e-01,6.262069052099346056e-01,4.243293711680332092e-01,4.801747682918577897e-03,8.372149203131309392e-01,1.777217330988286603e-01,7.460812665706502145e-01,4.644558606879471974e-01,1.299616464842644481e-01,1.235056399223274648e-01,3.799880966443686670e-01,7.600358977194472399e-01,1.399501369997623312e-01,7.422709358795929191e-01,6.300560904638393689e-01,2.310575781389032080e-01,3.457109638367650839e-01,4.878790274240392133e-01,7.468470277749169606e-01,7.347494991727213653e-01,6.961941869021960327e-01,3.130931545003092231e-01,2.938027960224743884e-01,2.311709356075486999e-01,4.272057647777394163e-02,4.851259484762079355e-01,9.366412258685438696e-03,5.122664758334154467e-01,7.824736748205838310e-01,1.733326722860606406e-01,6.438557167231255818e-01,5.568878886562149688e-01,1.005068381804249955e-02,1.162778405854879016e-01,7.513026763522331342e-01,7.981728745563052563e-01,7.883883793385173533e-01,7.932716618395144192e-02,2.160053529895130109e-01,2.005360807509964649e-01,6.255319494236379896e-01,9.059510861881617250e-02,6.841536784579654862e-01,7.672044600188407948e-01,7.276368101325824123e-01,2.481380606523489463e-01,5.387734466080190687e-01,3.332911511051617204e-02,3.266738581554747278e-01,8.131877068841208978e-01
6.139585272174634678e-01,8.472159269402027570e-01,1.778957280095587457e-01,3.065695957412384320e-01,1.348321921190549499e-01,6.027273495325573549e-01,6.382333008841785116e-01,4.435032348267470281e-02,4.364962082518728526e-01,7.929411266349666310e-01,4.444067794323726117e-01,6.810874031195990330e-01,6.664070362404070913e-01,5.950188530382524155e-01,2.115589313060733945e-02,8.986977401272516763e-01,9.178016688897469022e-01,0.000000000000000000e+00,1.090426926491655235e-01,3.914940441395805548e-01,1.661035820872653612e-01,7.191046577353031877e-01,9.283530000479606192e-02,6.157100433837565667e-01,8.794200520714899882e-01,7.567692737005657921e-01,4.218117156148296631e-01,4.969439132149140459e-01,4.551241448684207880e-01,3.208048448762323979e-02,6.719023282095824001e-01,7.973987239770721769e-02,7.428605452869089243e-01,3.711738573993217938e-01,1.519799868047325975e-01,1.193918766352267680e-01,2.210441457483025562e-01,6.365022614098689857e-01,9.615219519873594023e-02,7.553953532059208831e-01,6.203896372462369690e-01,2.330320889628596792e-01,3.653636952923219328e-01,4.554286517164135573e-01,6.313585083683879162e-01,6.439763942657640294e-01,7.385814063769875482e-01,2.316659083744607717e-01,3.106973217555725753e-01,2.772894894069692362e-01,1.792408598315436974e-02,4.163890391116193967e-01,2.852386014216632543e-02,4.572449056676969326e-01,6.794314675185528785e-01,3.117095460648005578e-01,5.702613129126662406e-01,3.991211705612774940e-01,5.999765761194886249e-02,5.070201639642962776e-02,7.546560028464956993e-01,7.025021061310809944e-01,8.214587039282938985e-01,7.249124129608947031e-02,2.160794555038538789e-01,7.936629743329629005e-02,6.145637204323357583e-01,3.838187031975136276e-02,6.950637841036491071e-01,7.775125601838988043e-01,6.365468268446183853e-01,3.109434689237760563e-01,4.674434066338772897e-01,1.310246300710199985e-01,2.898728482614482127e-01,6.998516981741103038e-01
8.846196947645865172e-03,9.332351283988776780e-02,7.021495810982018027e-01,1.570942808777648081e-01,2.023784182809678645e-01,4.489953301404898678e-01,1.135052271955340752e-01,4.647179838317370137e-01,5.130567056149101246e-01,1.110185650792093748e-01,4.271137739777240427e-01,2.768593984555284271e-01,2.528935481380427674e-01,8.229681707913100164e-02,1.980217770682474177e-01,1.043372261966421660e-01,1.231590359186056916e-01,1.090426926491655235e-01,0.000000000000000000e+00,3.113850646026161129e-01,1.647437519232176906e-01,2.049104692982999243e-01,5.885790684286813512e-01,4.229465985807451256e-03,7.108978789125290632e-02,3.764410266183734755e-02,4.171800177542853150e-01,2.884346069473941454e-01,2.998366276080881576e-01,2.482113413529768997e-01,1.222482671861560843e-01,4.250385338524093060e-01,1.312173169489563307e-01,8.800619134472065230e-02,3.617845672551619485e-01,3.228187591246199917e-01,7.036562573404722687e-02,1.779574128810580969e-01,3.698525143957478445e-01,9.207316659956901739e-02,1.003090642184421566e-01,6.126639019769047900e-02,3.050508177016414413e-01,5.812618784308747066e-02,2.180339623694717843e-01,5.381757102076677179e-02,1.060705167608003707e-01,5.489136004094514742e-01,1.602133720737026340e-02,2.563581670891000308e-01,3.942579377820628617e-01,2.529465487457287498e-01,4.835213748861771355e-01,4.278385477014648441e-01,1.399553842673300630e-01,4.262831947872506300e-01,1.781936029554384848e-01,2.429391912399119224e-01,1.205204460011957690e-02,1.635510750335862906e-01,5.608349164345001470e-02,1.258115739604279137e-01,3.552718473467539329e-03,8.097916122930527427e-01,2.188756299675318484e-01,1.863677865191321059e-01,1.700020879479585134e-01,5.614262031574402956e-01,2.469682519389354222e-02,2.308901466408720682e-02,3.791693776317336950e-02,3.656658595662514721e-01,1.662302511989622311e-01,4.458137341690797395e-02,6.198400472849002751e-03,3.116025128443754288e-02
4.309005213641538545e-01,5.165946342844183192e-01,6.356826733967475551e-01,3.759439289642044213e-02,8.511700105206740363e-02,4.826659267766275629e-01,4.553052472451848964e-02,1.915086789828924219e-01,4.691788661451284370e-01,3.165055715474479614e-01,2.865160257607815564e-01,2.761632820775798969e-01,2.298565082026366169e-01,2.384517502170433734e-01,8.007720582373947238e-01,3.410313646419186329e-01,3.591847214805721222e-01,3.914940441395805548e-01,3.113850646026161129e-01,0.000000000000000000e+00,6.343568851761935967e-01,8.438026018881534807e-01,5.360009235896185942e-01,7.465235117458915437e-02,5.697805508147579800e-01,3.824689190126848715e-01,7.206591838436580133e-01,4.061589611924006360e-01,7.630209082477612537e-01,2.190139478821954699e-01,5.144451731997143895e-01,5.611763718129092471e-01,1.685371502826322199e-01,1.317469696767334386e-01,3.821363987273774798e-01,2.846969959631440727e-01,9.154558251312693018e-02,2.431915458523796481e-01,4.955437454636378303e-01,2.315185452253329945e-01,1.916998094826779242e-01,1.415058239233356330e-01,3.778134765793624839e-01,1.544030846073488061e-02,5.946248266708460406e-01,4.353624529155312173e-01,6.131781142491061765e-01,5.647098481680519200e-01,1.311523430174856841e-01,2.824700064049345816e-01,6.121908900387521557e-01,5.149695063713203291e-01,3.591956459175216221e-01,4.948736400332944818e-01,4.431391774809793072e-01,3.344888402846136199e-01,1.243108716943897574e-01,5.731012319539686706e-01,7.952019279697890297e-02,7.795111803949437146e-01,4.872766442946966370e-01,2.448417021337950805e-01,3.774260254086878041e-01,2.896781943711271845e-01,9.501355973163186919e-01,6.226005189629011394e-01,8.912789728735405204e-01,6.391184117681623089e-01,3.040223057260886819e-01,5.000733360450348997e-01,3.831012043696249147e-01,8.417237360416116587e-01,4.162767485232739539e-01,6.439463520532571206e-01,1.806577885145974616e-01,2.294708816907106153e-01
4.974191035932223337e-01,4.380930007162624484e-01,3.714522123614630855e-01,1.961078521367511651e-01,8.844798702628769993e-02,4.767971792186270208e-01,1.932085340842534527e-01,3.073183590545169319e-01,2.425583358861740646e-01,2.345580193899637345e-01,2.119924456013217717e-01,1.708790110896587222e-01,6.833137936787539446e-02,1.761205667809809250e-01,7.067191371399932365e-01,2.755945758534888435e-01,2.327591151402162994e-01,1.661035820872653612e-01,1.647437519232176906e-01,6.343568851761935967e-01,0.000000000000000000e+00,6.272421503946856713e-01,5.095247682651238286e-01,3.652518824654465979e-02,4.101096702442133535e-01,3.169020411679493443e-01,5.880275609506813161e-01,2.019811060294006144e-01,6.479974881400528686e-01,2.414075090371178012e-01,3.297607993646218816e-01,4.381216038713777183e-01,2.406355024676150867e-01,2.450483513303842176e-01,3.217737474354759875e-01,1.164020570454969566e-01,6.915126807675124609e-02,1.867230929681002738e-01,2.740753744174050932e-01,1.994273871768403872e-01,3.071533230725960739e-01,3.807068962848312449e-02,2.111737408888903766e-01,2.571182559593522265e-01,4.266083978836969770e-01,4.601763238190988425e-01,4.094637362769025790e-01,3.211833273264884658e-01,1.828740490683271880e-01,1.764041402860476726e-01,4.489561907883666825e-01,2.682566251792573020e-01,4.971105462512486750e-01,2.230989073285674362e-01,2.240625138661365701e-01,2.333994958396184982e-01,3.286964079461059118e-02,3.206462800320823980e-01,1.880287639699376456e-01,7.231927989696648185e-01,2.306468949135863644e-01,9.796043846870666760e-02,9.910087138102846582e-02,2.204668095901856639e-01,4.944133930104990804e-01,8.281176876314197965e-01,6.074685662207481851e-01,5.671469025321596025e-01,1.739018590398756781e-01,3.660421106838895322e-01,2.799915359084877431e-01,5.670546063725534491e-01,1.227015622737105405e-01,4.995569815845563033e-01,1.352694855827069054e-01,1.727335023150083637e-01
