0.000000000000000000e+00,2.065768302746042451e-01,1.159343164505567125e-01,2.075737560076701405e-01,2.475859216838262045e-01,4.701803340358576278e-02,2.801260015646202528e-01,2.026629715135304932e-01,1.610110712180251868e-01,5.398907370859025168e-01,9.902318522042127813e-02,2.274081199730100811e-01,1.218570395451500088e-02,2.176982109827431955e-01,2.982893535932960027e-01,3.832109087513601020e-01,5.008988350279885982e-01,1.138132853941060119e-01,1.359380007400294577e-02,2.587447512486982792e-01,7.595519429290915614e-01,3.134303519198807786e-01,1.701771530644295982e-01,6.123362958803462153e-01,1.828309154680263782e-01,2.898383828800168427e-01,2.059296547961897983e-01,1.110245696626528666e-01,3.621244941728123390e-01,3.108748382343567429e-01,5.465578623192131058e-01,3.884895267496594196e-01,4.127932490999173254e-01,4.902854015503279594e-01,1.962711109651897323e-01,1.453427078376781645e-01,2.124938919508018997e-01,4.399300714463480477e-01,4.239631940341296312e-01,4.561481695038792639e-01,3.558487844623442475e-01,2.187442356647804897e-01,2.158622187541886783e-01,1.155119540700259295e-01,2.514179768891903199e-01,9.204442039700423406e-01,1.699244879391927365e-01,1.454783024241211586e-01,2.322199557600472253e-01,2.487712601013992997e-01,1.316371494313964829e-01,3.558181509397254638e-01,2.842272156340573952e-01,2.121120120281027865e-01,4.213201741482155982e-01,1.766028049879771467e-01,9.188192259483052293e-02,1.680555020478169959e-01,4.114593351768203178e-01,4.348168182331491605e-01,6.327282811043436483e-01,3.865376029814925340e-01,4.703676432303030563e-01,4.501043982103913876e-02,2.214427158022915232e-01,7.232573988926174202e-01,4.265015717288830888e-01,2.156570522011826696e-01,6.220672869905610192e-01,3.827551407211168821e-01,3.211180198708298850e-01,5.687052449476232008e-03,3.756751805018038182e-01,3.442665911867375250e-01,3.221532354307016233e-01,6.689121018992627565e-01
2.065768302746042451e-01,0.000000000000000000e+00,5.282562023847423571e-01,3.205166655704476675e-01,4.577830199218762552e-01,8.670426783857019259e-01,5.654929570741183964e-01,5.024326836489855230e-01,4.842828738918193432e-01,4.717273906573167253e-01,4.596701259938880124e-01,4.218324572054798494e-01,6.238167666251781540e-01,6.434591260999316109e-01,4.952427083165650834e-01,5.347419349106693476e-01,5.500363836108772553e-01,6.352959651241878447e-01,5.663731907762563633e-01,7.940168136838418045e-01,4.981628268432121698e-01,7.308309356648967636e-01,6.214386512200973378e-01,3.311633038327521095e-01,6.140418958579345610e-01,7.613009393885524778e-01,7.974260081263582212e-01,4.090424445219189575e-01,8.470117802863195156e-01,8.192669878335108458e-02,3.478410411465923668e-01,2.582303492065642914e-01,2.855292565418878770e-01,1.185872866695995842e-01,2.352835528202272819e-01,6.052288880376213709e-02,4.391118433795482973e-02,3.748554788688494566e-01,2.397706441195821547e-01,3.264720347237568543e-01,4.583458268580994921e-02,1.698620503787846014e-01,3.437409106459539676e-01,1.075947914604720168e-01,2.858161589212052656e-01,1.158828918254782431e-01,7.321773244118958690e-01,5.720440719379890071e-01,8.005802199771758221e-02,2.959554813992411604e-01,5.069500604224099760e-01,4.870408580356652140e-01,5.260019693416206898e-01,4.107088503209928576e-01,3.585650421639842156e-01,5.083439891821268652e-01,3.998462021636411401e-01,5.536538904986468834e-01,4.876946900844210675e-01,5.729122767139497308e-01,3.679774031517281108e-01,4.818572110172481548e-01,4.406118047508520985e-01,5.674620204373272969e-01,6.279400292797935323e-01,1.908201066515671229e-01,7.131838928253997345e-01,5.455574493247684620e-01,3.804139701326946787e-01,4.835010117204560642e-01,5.556959707882080934e-01,6.131336325419800559e-01,3.533164118089706651e-01,3.872728928160544815e-01,3.140616391542200847e-01,4.223877969605898119e-01
1.159343164505567125e-01,5.282562023847423571e-01,0.000000000000000000e+00,4.707221139822242995e-01,7.598737008429952144e-01,6.383101095848242590e-01,3.870347581412205695e-01,7.106293036315495248e-01,9.584359517370723003e-01,1.506242219486341183e-01,1.000000000000000000e+00,4.531519758785997887e-01,6.136984987465319286e-01,5.083157938990169322e-01,7.003377123119769454e-01,3.249208372563056058e-01,3.828489448348866286e-01,4.188305038518248535e-01,8.859699300830444768e-01,7.358710114114423995e-01,4.176279223407829422e-01,7.166394493686352174e-01,8.532858164824020930e-01,3.103766670647004067e-01,2.882101130807104283e-01,5.801061381956620355e-01,7.452695487905691696e-01,6.652899837022910878e-01,3.017024741587425729e-01,3.357497370325633890e-01,2.990214731769727519e-01,4.572783582532488067e-01,9.276554171172012031e-02,1.165052563978219713e-01,3.186701369362677227e-01,2.302683587044481173e-01,1.943559702156869712e-02,4.140645790777250923e-01,4.286620348604369690e-01,9.952581161927256947e-02,2.583899892887243088e-01,1.957711196773839479e-01,5.174730935588094383e-01,2.171089428735846483e-02,3.385287708842843468e-01,4.496582899977888403e-02,3.732006746563495403e-01,1.000000000000000000e+00,3.564103091128708600e-01,7.388867970684713793e-01,4.369987356635059439e-01,5.122762316616276124e-01,7.355831984655201161e-01,9.054543949682150039e-01,2.483655627610983629e-01,1.000000000000000000e+00,4.878615119645993703e-01,6.032345761353746783e-01,4.421515002209980283e-01,6.843060045779307821e-01,2.368885249274474414e-01,4.266914757446801376e-01,3.404558675018380387e-01,8.389859322332321456e-01,6.430961033552649031e-01,2.528370704203336539e-01,7.367403464276194303e-01,8.585229317693563456e-01,3.352538943834668106e-01,2.129967759391301618e-01,4.919517536589894657e-01,6.393718188167010208e-01,6.731572943784190910e-01,2.113990997790045068e-01,3.044347051695085460e-01,2.983888081683658267e-01
2.075737560076701405e-01,3.205166655704476675e-01,4.707221139822242995e-01,0.000000000000000000e+00,5.693310890176244143e-01,5.131065334852591420e-01,3.614620041620927315e-01,6.054645699183777152e-01,4.998044440193857296e-01,2.195617278162728947e-01,4.738281337294411588e-01,5.506305305765744063e-01,6.111212053475740813e-01,5.827771253219059533e-01,4.292129381879402072e-01,2.713636526828006046e-01,4.120837668487013494e-01,3.719576982682057387e-01,4.946316330081577672e-01,4.785686561713756171e-01,4.521648031329989492e-01,4.713196950891266335e-01,5.543361738970499220e-01,3.884498100873127191e-01,2.132872398611027620e-01,4.694645491149194161e-01,3.638628179302402232e-01,6.755905381784925723e-01,3.370119049288693991e-01,6.458531132114073703e-01,5.708192672853471539e-01,1.541403722387726660e-01,2.149054007789224785e-01,2.837027210766978613e-01,4.986560487619583204e-02,6.072351177164880820e-01,2.517031104368864236e-01,3.440169380133621946e-01,2.350546283740100884e-01,2.582465529133152748e-01,1.707265222507654834e-02,1.515186242681788586e-01,5.548364463551042070e-01,1.024560327715712815e-01,8.034244866913339833e-02,2.175084857978557551e-01,2.776295880306320907e-01,4.335232923303681263e-01,6.195477009140888391e-01,5.897606261214456413e-01,3.670323073089281074e-01,4.347100726585981789e-01,6.135360997610861400e-01,4.932308696632878298e-01,2.812014798272554073e-01,4.623148534961644684e-01,5.852812444446167106e-01,4.845590210997228753e-01,4.054692125958422322e-01,4.874786083399783587e-01,2.794825318401318870e-01,4.574234696194954264e-01,3.978976044558772962e-01,4.412569331395606587e-01,3.786455535072011380e-01,4.507065169709992269e-01,4.954889634229145412e-01,5.830991171360159209e-01,3.903681813302005699e-01,1.776009987148108593e-01,4.483421549563525454e-01,3.329570748880535946e-01,5.179051556295077852e-01,1.789304903599714947e-01,2.579047114399541929e-01,2.683458315136499350e-01
2.475859216838262045e-01,4.577830199218762552e-01,7.598737008429952144e-01,5.693310890176244143e-01,0.000000000000000000e+00,5.816951960195086979e-01,7.258298666801235033e-01,4.735812948554970481e-01,8.425160163232745525e-01,4.376100369670438694e-01,7.532765044138620691e-01,5.805391875225573983e-01,6.974848500141016538e-01,6.184043682327995395e-01,4.500736104243550084e-01,3.914008701684200120e-01,5.678274543957959608e-01,4.469793217220747183e-01,7.511019414605425437e-01,6.409087966152104965e-01,3.831489799619705039e-01,6.598121035350369423e-01,5.616446446081163613e-01,3.339729817059224892e-01,2.672850616756000663e-01,4.555377839629284886e-01,6.975326833579077457e-01,6.390897277853705427e-01,4.975944624806191152e-01,3.489045356993250024e-01,4.364145228141599331e-01,2.425312931774446790e-01,3.219635344669831423e-02,6.285863672447893069e-02,4.524443518078795357e-02,3.564050483015104298e-01,5.282618625946640389e-02,5.262688722284186715e-01,1.902095113409351945e-01,1.154714160645529952e-02,5.889460748682179975e-02,2.325369760506437455e-01,6.399592893508851965e-01,1.896844501526732674e-01,3.346961754245018072e-01,2.542726580867838426e-01,1.532356101940661186e-01,7.659787930212488272e-01,5.182946837228548098e-01,9.411323924170227340e-01,3.540684189150960504e-01,7.417005200820683264e-01,5.844003664739296777e-01,8.046454557158702059e-01,5.259054785521065645e-01,8.067265012691361425e-01,7.118516268221960486e-01,6.187612389465773077e-01,7.416160241440560297e-01,6.196151284924815705e-01,4.248604904584971642e-01,5.487386856509622879e-01,4.721016138496991754e-01,6.133458878288196026e-01,5.034308858396601138e-01,3.486481458112454801e-01,6.657656213078448904e-01,6.111127977161138203e-01,4.195219812195135622e-01,1.691146172286706328e-01,3.170625527154515844e-01,4.683410867569710589e-01,6.253686687038743086e-01,1.960081373591855691e-01,3.264687131309442769e-01,5.480621602598420017e-01
4.701803340358576278e-02,8.670426783857019259e-01,6.383101095848242590e-01,5.131065334852591420e-01,5.816951960195086979e-01,0.000000000000000000e+00,3.941906152037454314e-01,7.093331906455996316e-01,5.925644694032410342e-01,1.938543827368320316e-01,6.489721239687460397e-01,5.107073330809301925e-01,7.077895214758069820e-01,6.370214696364475682e-01,5.299929777545042686e-01,3.398829274791084765e-01,3.732081154821961233e-01,5.215544890279664170e-01,5.626487014814864906e-01,6.631323065762164681e-01,5.077990152677323010e-01,6.542433686215520794e-01,7.473096205366767109e-01,3.307355052300753884e-01,4.888405357774154858e-01,7.511075218920881813e-01,7.255808870213696915e-01,5.900037222163516670e-01,5.105036884690472565e-01,2.673176513557617429e-01,2.899783422375482589e-01,4.652158933921494155e-01,2.302956679622261693e-02,7.028711363513090449e-02,2.691507284817551970e-01,2.161013756789513240e-01,6.505575459321709386e-02,3.424400154897122572e-01,4.789845703254458908e-01,6.342628583925677410e-02,1.946115508628502577e-01,2.026110131529306746e-01,4.889726151810318555e-01,2.238025439786774096e-03,3.365481055266832389e-01,2.295842165106149607e-02,5.414974234092719829e-01,6.262125618329964505e-01,2.641553756840986922e-01,4.862097873247665514e-01,5.573695516674650463e-01,4.258724020196762994e-01,6.818404834763542866e-01,5.084742646154185586e-01,1.775876663600404193e-01,6.161119472121865392e-01,5.310665563324210581e-01,6.101746442565488815e-01,4.259113599592675437e-01,6.589144763101236757e-01,1.586082555940605543e-01,4.248447852613155273e-01,3.101471494720867139e-01,5.867703483189492530e-01,6.083033068911808394e-01,2.960075472035380573e-01,6.648508389775475980e-01,6.804066609686629796e-01,3.569246000580139633e-01,2.849581894806536009e-01,4.988854988962018178e-01,6.033392191423290196e-01,4.506388328076890160e-01,2.081534053852226451e-01,2.506738277342968613e-01,1.912453433174742534e-01
2.801260015646202528e-01,5.654929570741183964e-01,3.870347581412205695e-01,3.614620041620927315e-01,7.258298666801235033e-01,3.941906152037454314e-01,0.000000000000000000e+00,2.133185548350811644e-01,4.762130455525394046e-01,8.118820007514296888e-01,4.128643377873055798e-01,5.948640379804100986e-01,6.410835603667363047e-01,6.156608010092934347e-01,2.400415081072218293e-01,5.021067740367290977e-01,7.375950346472761598e-01,4.194692990640941921e-01,4.393416934600065105e-01,5.132996548338832898e-01,3.264415845362688140e-01,5.473872082226004521e-01,2.597737870859465614e-01,3.167937719083635528e-01,2.172657832813258971e-01,3.168809329214946624e-01,4.334483426125559924e-01,4.143882244799448888e-01,6.012474841272719139e-01,1.538487500004898367e-01,4.269163745152865785e-01,3.763140296434024784e-02,2.903266895546002813e-01,1.758745696591144936e-01,1.362224001305029630e-01,2.961559578365645651e-01,7.747468295146213435e-02,6.391595183047885653e-01,1.033553290020679249e-01,3.737239160223832513e-01,1.519151072822475801e-01,3.246208770187060111e-01,4.214443305389077854e-01,3.974561863893507629e-01,3.085379538577710523e-01,2.315386349174967662e-01,9.123514548095176813e-02,4.359879844765328638e-01,2.767804580550312643e-01,5.911586696253561257e-01,3.461685291288400523e-01,7.387608056817667190e-01,3.390250134943535443e-01,4.154992143360790036e-01,7.456692377322988730e-01,4.582912582374161214e-01,6.633739289560517394e-01,5.095420900010022569e-01,7.665925631590537748e-01,4.258277939525944578e-01,4.450234399671244012e-01,4.410730219459846335e-01,4.824484625586034081e-01,3.585994068123404821e-01,3.861530434054736838e-01,2.010382784215531682e-01,5.116064238254227625e-01,3.088289580137171253e-01,3.525826453215077927e-01,1.224651524996146490e-01,1.771020287084964229e-01,2.639405835192965566e-01,4.441247159793390020e-01,3.651197760944666082e-01,4.198543976366332364e-01,6.601446334927912885e-01
2.026629715135304932e-01,5.024326836489855230e-01,7.106293036315495248e-01,6.054645699183777152e-01,4.735812948554970481e-01,7.093331906455996316e-01,2.133185548350811644e-01,0.000000000000000000e+00,5.455217267416905269e-01,2.273515052681281123e-01,7.011572179015659323e-01,8.074843797297706072e-01,6.259955495060933739e-01,6.559118250344664336e-01,6.709463181458621417e-01,1.319166295368302544e-01,2.867139653587441606e-01,2.813561500862088449e-01,6.061974089964423662e-01,5.278518159414591349e-01,5.587757742020360574e-01,4.997373706629028578e-01,8.260276206741383742e-01,6.398609153742181865e-01,7.945829555881953055e-02,6.883520753905620904e-01,5.449112131230302580e-01,6.940228556205882970e-01,8.607305913833349087e-02,2.406979220304916733e-01,1.802616358691321030e-01,3.074045609592038208e-01,1.687291762835998465e-01,1.138722670384157976e-01,2.148781983557398190e-01,5.827817155815788741e-01,1.999820543925251437e-01,4.368331910322503786e-01,3.409246652595674387e-01,2.757386280180118554e-02,2.936577776124560391e-01,2.209191860059967483e-01,5.817307080733735702e-01,2.858753550704363766e-01,3.130603208357417011e-01,1.743062349792993126e-01,5.078182140229940966e-01,7.056420938245167029e-01,3.331110394441733069e-01,5.620542954085567811e-01,6.441841538154586821e-01,4.566622376511760839e-01,8.918076631377497288e-01,5.398618127270027323e-01,3.710453729676959633e-01,6.213135688851549876e-01,7.215893082468525233e-01,6.550236452280904231e-01,2.865126810542840685e-01,5.716767305446242009e-01,6.097162369728775788e-02,5.196184485715095169e-01,4.062208277508654319e-01,6.242346258051991725e-01,6.205141727907823590e-01,1.857798559657342918e-01,6.339143714664867701e-01,7.426209512405068658e-01,6.157535223280637959e-01,9.737668936960580668e-02,6.327485433111981195e-01,5.675835298603375545e-01,6.170196470719327975e-01,2.267048457518668902e-01,4.599586405879352857e-01,2.337702585516639453e-01
1.610110712180251868e-01,4.842828738918193432e-01,9.584359517370723003e-01,4.998044440193857296e-01,8.425160163232745525e-01,5.925644694032410342e-01,4.762130455525394046e-01,5.455217267416905269e-01,0.000000000000000000e+00,2.442587798481701822e-01,9.317566931395906416e-01,4.236715209755571587e-01,6.477477570584325717e-01,4.923645557919483773e-01,6.281470360492147353e-01,4.151738468805837856e-01,5.081762121679278543e-01,4.622053645794593768e-01,7.533930987570918170e-01,7.183496451264645977e-01,4.204377923497083502e-01,7.086293041771904999e-01,6.729961017564005665e-01,1.978762056041550865e-01,3.709029035060465995e-01,5.416968416783181084e-01,7.985283128287923304e-01,6.876718707207821746e-01,4.197315138722740868e-01,3.515853888796755533e-01,4.081340006081884408e-01,5.158475625731404612e-01,1.021629917648488040e-01,1.511663048136543952e-02,2.556740132505330720e-01,2.230690735596971286e-01,2.100821723946756647e-02,5.417779265004998290e-01,4.755960455749399518e-01,1.911669105159277959e-01,1.324714096910816763e-01,4.448327180687502991e-02,5.304538442187922698e-01,6.411055067881565872e-02,4.677895325004324256e-01,8.763881100748402431e-02,2.170777189342631974e-01,8.861721131793852679e-01,4.760822924832641134e-01,8.258638368913803207e-01,2.935955505919767838e-01,5.783249506339198653e-01,5.953264769629076358e-01,8.808763655175514407e-01,3.339767193245221644e-01,9.141991291856863544e-01,5.230569349573207516e-01,5.864932628511352330e-01,4.728009066350686851e-01,7.131117843723928651e-01,3.343138304612010558e-01,4.580795738434852993e-01,3.389147417201235912e-01,6.652276360721858239e-01,6.160267914232933073e-01,3.419662883402731501e-01,7.463570487084467686e-01,7.084289668251517735e-01,2.646613264711367153e-01,2.429585923863376018e-01,3.966565394275887169e-01,5.557841144749152695e-01,6.343633100010419579e-01,1.774148169761529392e-01,1.918318462836159921e-01,3.932846846734429636e-01
5.398907370859025168e-01,4.717273906573167253e-01,1.506242219486341183e-01,2.195617278162728947e-01,4.376100369670438694e-01,1.938543827368320316e-01,8.118820007514296888e-01,2.273515052681281123e-01,2.442587798481701822e-01,0.000000000000000000e+00,2.061857983850623466e-01,5.535585993323670628e-01,3.575948222571716517e-01,5.245138646179796638e-01,2.802428753024295283e-01,3.992356384611365772e-01,6.577026192796054938e-01,1.399950942720472602e-01,2.138156655831994213e-01,3.874171300035595955e-01,4.740828142134549950e-01,4.518910305260136484e-01,1.476838241120341788e-01,4.208152832767488860e-01,6.647970271239045381e-02,2.735164299843358404e-01,2.614732346866199264e-01,3.185393728548593928e-01,4.569626797260673001e-01,2.409011796821823592e-02,5.010278657803648450e-01,2.015633938702776906e-01,4.586574326904893084e-01,2.114107908042651973e-01,1.029455926760733386e-01,2.591368465177814606e-01,7.868123940467591781e-02,6.350623178345997655e-01,2.657266579694917974e-01,6.136148179938690772e-01,1.893554670257201200e-01,1.732954025114037677e-01,2.692251789239288318e-01,5.763083227240914930e-01,2.928466990697875527e-01,3.682706198666853004e-01,5.721035853055481124e-02,2.679576720774098364e-01,1.274808730749475150e-01,3.644280379648609514e-01,3.554520701375727953e-01,6.820293985205327925e-01,3.084446482456001393e-01,2.202315190021947311e-01,8.271373802595299862e-01,2.825338234609684473e-01,5.156042576295309932e-01,3.502769750847195551e-01,6.259192500125985159e-01,3.809987659271712457e-01,3.957970322737883184e-01,3.609791843600883010e-01,4.449862923623257860e-01,1.807181906517303094e-01,4.085724606506304091e-01,2.694518516858008805e-01,4.533983352713246706e-01,1.877896352260411961e-01,4.223743753374989418e-01,5.248895209191883904e-02,1.800645144987045865e-01,1.988166403211071298e-01,3.907018038264873372e-01,4.914476634532121135e-01,4.820985381341351128e-01,6.868819006349480283e-01
9.902318522042127813e-02,4.596701259938880124e-01,1.000000000000000000e+00,4.738281337294411588e-01,7.532765044138620691e-01,6.489721239687460397e-01,4.128643377873055798e-01,7.011572179015659323e-01,9.317566931395906416e-01,2.061857983850623466e-01,0.000000000000000000e+00,5.579228306640282575e-01,6.314150865825661763e-01,5.385784447933479324e-01,6.663916741010942335e-01,2.554285167550281455e-01,3.839159277375292501e-01,3.777412555623470558e-01,9.108166389082742453e-01,6.717454847674251273e-01,3.711688974204381264e-01,6.383868900349993769e-01,8.315360976447696562e-01,3.045648930598559567e-01,1.972958115839787419e-01,5.323221781137452702e-01,7.472603430418423009e-01,6.835945242182119852e-01,2.522985394113099744e-01,2.407957929832624799e-01,2.420077664698472852e-01,4.990841809689866571e-01,1.206689158498205627e-01,1.790089504935704900e-01,3.081293421547753875e-01,2.975095271813391062e-01,2.399330690106642877e-02,3.802320415699920186e-01,4.279709088165715158e-01,6.998987762168062954e-02,3.096956197437186198e-01,1.682078455353884228e-01,5.271558943210616910e-01,5.136736063017446202e-02,3.266723211679790073e-01,4.771119438857503170e-02,3.033013648999347556e-01,9.904288217808514538e-01,3.922486257735948723e-01,7.620851723901025387e-01,4.862328226986200042e-01,5.628418181357113248e-01,7.131169066041096460e-01,8.544932145979066140e-01,3.409766729980669431e-01,9.558958316497757624e-01,6.075617823513881355e-01,5.750544950633970087e-01,4.464102560202383163e-01,6.503748376731279812e-01,1.891251986251045458e-01,4.704421331619914048e-01,3.527411782123569539e-01,8.343894339534478899e-01,6.255378082868439105e-01,1.529606647386064222e-01,6.797404575256176251e-01,8.075845373877730271e-01,3.127820119380314012e-01,1.388267415451522879e-01,4.286935487522096633e-01,6.317093005013230123e-01,6.410247943879648913e-01,2.131667034616189227e-01,3.509611176611668881e-01,3.058118914254868703e-01
2.274081199730100811e-01,4.218324572054798494e-01,4.531519758785997887e-01,5.506305305765744063e-01,5.805391875225573983e-01,5.107073330809301925e-01,5.948640379804100986e-01,8.074843797297706072e-01,4.236715209755571587e-01,5.535585993323670628e-01,5.579228306640282575e-01,0.000000000000000000e+00,7.143436874390420854e-01,6.290815373070866023e-01,5.502083738248568778e-01,1.750959774521913537e-01,4.364453932518667090e-01,1.812930060216307870e-01,5.016167932625902326e-01,5.075388374509456346e-01,4.381036915659937137e-01,4.854661567132630973e-01,5.411506505087779750e-01,7.041422976116151755e-01,1.466260721073639473e-01,4.740390423764164751e-01,4.041305787288616558e-01,6.724384521050956742e-01,1.401740941004460117e-01,1.014818118589121410e-01,1.926628280295721862e-01,1.466411752415856251e-01,1.687425462167279344e-01,3.750266836865662201e-03,8.584753320048564562e-02,6.180019122002027299e-01,1.772822248013884716e-01,5.615614671789692647e-01,1.542150344383576566e-01,2.587880897669920244e-01,3.972099355440433244e-01,7.292727221189286568e-02,5.036675339894697290e-01,5.038474678661587491e-01,1.989907095271501447e-01,1.773531442477058739e-01,2.407579342576044446e-01,5.501212992317143780e-01,2.163015210934196575e-01,5.637892311019714331e-01,6.347479116879691796e-01,6.111799376715609800e-01,7.235657379173878745e-01,4.309038833080373609e-01,7.025834011956201275e-01,4.816048053485127989e-01,9.715913594249094842e-01,6.977975670409826137e-01,5.050175745298910446e-01,5.212740675040029581e-01,1.481000975614424342e-01,5.633344504979017620e-01,5.458640265046749152e-01,4.957416777721207479e-01,5.906512655316452642e-01,4.830827229682264912e-02,5.398985107455888111e-01,4.735125339426932145e-01,6.786346627214672189e-01,1.470325625390408453e-01,4.010345595935766450e-01,4.054758635506123254e-01,6.304482421407346937e-01,3.334526589049896517e-01,6.028800244313147205e-01,3.702657855251781926e-01
1.218570395451500088e-02,6.238167666251781540e-01,6.136984987465319286e-01,6.111212053475740813e-01,6.974848500141016538e-01,7.077895214758069820e-01,6.410835603667363047e-01,6.259955495060933739e-01,6.477477570584325717e-01,3.575948222571716517e-01,6.314150865825661763e-01,7.143436874390420854e-01,0.000000000000000000e+00,6.075983055732645521e-01,4.627331642736463024e-01,4.568749689423716176e-01,5.675921071676197638e-01,5.307979953115253835e-01,6.366338570502957372e-01,5.815840541438059841e-01,3.434596612895051138e-01,5.960069475662270744e-01,5.477208613293638173e-01,4.212314678655326716e-01,1.894344038387997808e-01,5.973081026816167149e-01,5.632273041432593885e-01,7.674863323701370810e-01,4.594920694177542786e-01,2.380827594798547164e-01,2.918301464797493083e-01,4.410591856015244061e-01,6.669695697350180863e-02,2.944824152229008618e-02,1.099770542087381564e-01,4.319890504567230338e-01,1.620459543191158369e-01,4.749118001245160592e-01,4.558891564850123812e-01,6.142059123151124428e-02,2.859680441683242202e-01,1.882845203292919656e-02,5.119522337813351420e-01,2.106529209462918995e-01,1.907982079227154015e-01,5.109247220895310471e-02,2.844946597376648567e-01,6.613999055284132123e-01,3.278736681508143680e-01,6.688714911383880635e-01,4.700270632381348124e-01,6.064808683902428443e-01,5.838896437975116260e-01,5.819850314203074415e-01,4.346316596505123697e-01,6.379704500364590247e-01,7.659470512712673873e-01,7.991919404525930082e-01,4.596559673437898286e-01,5.408148233201202082e-01,2.307642996683618997e-01,6.514640613310134221e-01,4.993080512735019738e-01,5.973034203133789077e-01,5.539557412667877045e-01,9.587222451170854254e-02,6.087670108137583913e-01,5.186966225865835556e-01,3.781921013518430019e-01,1.007041815767091009e-01,4.061384302495475995e-01,4.611752586073381566e-01,5.666206878083632770e-01,2.066303888762059671e-01,3.765600139490435927e-01,3.399076821168787732e-01
2.176982109827431955e-01,6.434591260999316109e-01,5.083157938990169322e-01,5.827771253219059533e-01,6.184043682327995395e-01,6.370214696364475682e-01,6.156608010092934347e-01,6.559118250344664336e-01,4.923645557919483773e-01,5.245138646179796638e-01,5.385784447933479324e-01,6.290815373070866023e-01,6.075983055732645521e-01,0.000000000000000000e+00,4.748911792857995473e-01,1.983538266252736215e-01,3.695002993539154290e-01,2.760554194221666036e-01,5.041770524509688878e-01,5.697006189979780810e-01,5.021878739412198867e-01,5.729563233965166980e-01,6.966098423231743553e-01,5.195176484435932718e-01,2.235413120000535048e-01,5.115018539915958673e-01,5.783294831777363587e-01,6.096077786769187323e-01,4.162092586881147027e-01,3.230744720728076502e-01,3.949690747386043199e-01,4.988476824621732725e-02,1.900861521447575614e-02,1.637244172962037947e-02,1.683379755744570105e-01,5.935698499913415471e-01,3.595634159217537817e-01,4.488316562091236861e-01,1.099793208708246123e-02,1.865791754752158804e-01,1.929854811576814655e-01,3.278018249944170126e-03,5.974773064087492980e-01,4.359364182560220846e-01,3.274773847700786500e-01,1.789761199391507740e-01,4.833741225195107294e-01,5.862102216972081559e-01,4.244430783618425296e-01,6.175649278869144165e-01,6.099243433953881466e-01,5.994153134707891351e-01,6.993419493258723474e-01,4.583959842466710510e-01,5.321371367345684167e-01,5.378087718831998654e-01,6.631994864254044941e-01,5.499568687561846581e-01,5.121133763805696404e-01,5.274005132841078636e-01,1.687143544028305020e-01,4.406582255939174297e-01,3.699230842213306891e-01,4.944632828088528775e-01,5.204555590394669418e-01,2.767157019162544973e-01,6.112355209579356519e-01,6.919323917134178048e-01,4.921921958819350240e-01,2.210718986632144722e-01,5.141101167012038786e-01,5.622547767928892659e-01,5.318972354505210332e-01,3.682461021877816987e-01,4.785718024376403035e-01,4.340878539375511713e-01
2.982893535932960027e-01,4.952427083165650834e-01,7.003377123119769454e-01,4.292129381879402072e-01,4.500736104243550084e-01,5.299929777545042686e-01,2.400415081072218293e-01,6.709463181458621417e-01,6.281470360492147353e-01,2.802428753024295283e-01,6.663916741010942335e-01,5.502083738248568778e-01,4.627331642736463024e-01,4.748911792857995473e-01,0.000000000000000000e+00,3.985545854641798780e-01,4.370400982778305243e-01,3.515481613852641796e-01,5.710893485273853543e-01,7.125630713887562973e-01,6.951124838765248004e-01,7.497934250857084537e-01,7.203460171665396761e-01,4.515188575734380705e-01,2.093117954949980930e-01,5.922159014193184579e-01,6.946433874116877405e-01,7.200099157057947563e-01,2.027576208199816099e-01,2.386685035761541007e-01,3.883186651616232221e-01,2.515230442832624425e-01,1.937843041140356326e-01,1.941351613632708722e-02,2.221311031086858345e-01,4.064313910066522095e-01,8.209385628266396839e-02,3.558771370709781223e-01,2.753765456670831946e-01,3.797734281643419529e-02,2.563954445418002992e-01,2.376822172677134914e-01,5.016529745785343053e-01,2.132978280177936781e-01,3.203389757325982856e-01,2.217472581914492480e-01,4.917801377347224556e-01,6.893276792919456053e-01,1.977769940239887947e-01,5.994004232675205213e-01,6.736474198942574709e-01,5.407182678326379888e-01,6.912946424968473558e-01,6.949029978739151847e-01,4.556138338694603052e-01,6.916501475368126428e-01,5.392904560103604084e-01,5.874794820498751013e-01,2.071121296999772210e-01,8.086414861025985612e-01,3.265083014298457154e-01,5.126668135198062526e-01,5.206139687376161174e-01,6.178929897227362078e-01,7.845593143149928173e-01,2.998566026551097718e-01,7.981190812209725260e-01,7.406313322143214251e-01,5.370328066614031837e-01,3.074315263761728256e-01,6.005536073942677744e-01,8.193482782411416476e-01,7.352971173553177753e-01,6.237839468290540257e-01,5.043622694502556403e-01,4.133762638185493055e-01
3.832109087513601020e-01,5.347419349106693476e-01,3.249208372563056058e-01,2.713636526828006046e-01,3.914008701684200120e-01,3.398829274791084765e-01,5.021067740367290977e-01,1.319166295368302544e-01,4.151738468805837856e-01,3.992356384611365772e-01,2.554285167550281455e-01,1.750959774521913537e-01,4.568749689423716176e-01,1.983538266252736215e-01,3.985545854641798780e-01,0.000000000000000000e+00,7.776087258937116609e-01,7.338703370330498243e-01,3.837061743756955967e-01,6.036964833284158560e-01,4.071489072877754745e-01,6.430049971913931461e-01,2.168827878020713196e-01,2.022920854725090978e-02,5.829806508780638330e-01,4.529793082905540502e-01,5.037526162523020545e-01,4.459204071163802574e-01,7.604649330098198767e-01,4.414933767567935652e-01,7.516904470834064877e-01,3.089661468432195607e-02,1.630674673314737588e-01,5.697937813739140100e-01,7.699346058257175440e-02,1.129027568419158495e-01,1.046708553793973678e-01,3.974175322065675031e-01,1.582321003437524298e-01,1.420487019539125872e-01,3.183536065234332524e-01,5.725853128782646545e-02,3.296948115923952205e-01,1.467882492130546945e-02,1.253192406036046092e-01,2.812349882882704266e-01,2.495774533031800968e-01,3.312871400230171792e-01,2.451491761817072845e-01,3.477389104344382198e-01,6.908458915964449387e-02,4.828140301830722292e-01,1.770378464903715754e-01,3.799383681476770080e-01,3.121125791541876637e-01,4.313820226267134350e-01,1.501467648671565291e-01,3.749679022385883354e-01,3.598213071260021323e-01,5.017543424021770893e-01,7.446943415327542670e-01,4.654827353069228568e-01,6.162078596409075182e-01,2.841164700642834218e-01,4.315491315001445116e-01,3.331403819401305699e-01,6.199312359043341880e-01,2.271819494764637792e-01,1.436906610149072949e-01,5.752788534396844344e-01,3.032966967341669262e-01,3.504239187874313433e-01,3.758725833100875491e-01,3.715935559695137114e-01,1.976248928618120904e-01,5.262779566065778347e-01
5.008988350279885982e-01,5.500363836108772553e-01,3.828489448348866286e-01,4.120837668487013494e-01,5.678274543957959608e-01,3.732081154821961233e-01,7.375950346472761598e-01,2.867139653587441606e-01,5.081762121679278543e-01,6.577026192796054938e-01,3.839159277375292501e-01,4.364453932518667090e-01,5.675921071676197638e-01,3.695002993539154290e-01,4.370400982778305243e-01,7.776087258937116609e-01,0.000000000000000000e+00,7.193813592306368410e-01,4.262767163529357362e-01,5.851902218813371803e-01,5.177733354058142723e-01,6.115786316087717944e-01,2.377596015316662814e-01,3.894836421548700800e-01,4.208689098373175064e-01,5.219969154112494847e-01,4.193235182839136210e-01,4.389106402942778429e-01,6.412354351091884563e-01,3.125328057257012460e-01,7.099092738101207001e-01,2.007035010862689983e-01,4.314527957623617294e-01,4.037305476470803844e-01,5.369198797351883157e-02,7.462342347758653405e-02,1.292721696149244093e-01,6.163065613944092025e-01,1.048643733474709516e-01,3.638849155790756518e-01,5.518371814884501236e-02,5.257817488863116007e-02,5.341351113856207533e-01,2.144334597456753755e-01,3.514646644161225075e-01,4.266313101415462050e-01,1.529865177985109403e-01,4.066358014244101926e-01,2.879358218839202510e-01,4.976172863884127939e-01,2.788366165572104816e-01,6.831603957079429579e-01,3.717212985921136692e-01,4.958492810784503324e-01,5.417353962995268279e-01,5.168620906591026021e-01,3.730806407649456258e-01,4.961382600768416973e-01,6.034144575015275569e-01,5.896287537755680042e-01,5.890737793435278924e-01,6.433565652031648652e-01,6.707487119264801123e-01,3.609747502747198133e-01,4.732235753426493052e-01,3.860983730258048530e-01,5.782039578694015969e-01,3.074435957544420228e-01,4.211736073398811286e-01,2.658381274085981905e-01,3.587540220786147316e-01,2.713869187984604414e-01,5.005758257477019857e-01,3.748025411826950148e-01,2.661379760633761360e-01,6.158306734919076764e-01
1.138132853941060119e-01,6.352959651241878447e-01,4.188305038518248535e-01,3.719576982682057387e-01,4.469793217220747183e-01,5.215544890279664170e-01,4.194692990640941921e-01,2.813561500862088449e-01,4.622053645794593768e-01,1.399950942720472602e-01,3.777412555623470558e-01,1.812930060216307870e-01,5.307979953115253835e-01,2.760554194221666036e-01,3.515481613852641796e-01,7.338703370330498243e-01,7.193813592306368410e-01,0.000000000000000000e+00,4.168060286736592346e-01,6.426417696664046275e-01,2.704285372066875803e-01,6.127782380257745798e-01,3.424614653802673936e-01,9.756657268006621586e-02,7.523259519036452625e-01,6.501890363576482423e-01,5.137470075758486798e-01,3.402819299813050757e-01,7.000395513335092579e-01,4.736882956766723662e-01,4.962479850656212887e-01,5.157726517758948193e-02,2.579171540775084814e-01,3.773005961114826445e-01,2.835652432008053392e-01,5.492603449379820924e-02,1.385912234294156553e-01,4.222404945010778121e-01,1.455658871044800684e-01,6.968608420146746307e-02,3.233070947558782660e-01,7.396180533657423228e-02,5.668123629755987825e-01,1.082929204660534606e-01,2.216688447592241873e-01,8.655829755971000683e-02,3.758456661595659387e-01,3.466457297608566135e-01,2.930465430644612068e-01,3.812670174589427030e-01,4.378116014764465991e-02,3.806129248412797872e-01,3.132542599063415922e-01,4.645451200447083817e-01,1.082620917542984895e-01,5.340702625668145576e-01,1.667664811780304179e-01,3.912067336407218376e-01,4.389946529290600363e-01,4.878585586717485434e-01,5.826725166451254267e-01,5.324320616209541335e-01,5.702838375575325358e-01,3.661367278721002760e-01,3.730401401878556955e-01,2.581435445525906980e-01,5.493482505013695949e-01,3.287431859144985258e-01,2.103507110400192892e-01,5.182139783662047527e-01,4.308085478728994056e-01,3.299848536219659456e-01,3.494987763293839200e-01,6.778679114597102595e-02,1.527555914206460419e-02,2.491077183845123999e-01
1.359380007400294577e-02,5.663731907762563633e-01,8.859699300830444768e-01,4.946316330081577672e-01,7.511019414605425437e-01,5.626487014814864906e-01,4.393416934600065105e-01,6.061974089964423662e-01,7.533930987570918170e-01,2.138156655831994213e-01,9.108166389082742453e-01,5.016167932625902326e-01,6.366338570502957372e-01,5.041770524509688878e-01,5.710893485273853543e-01,3.837061743756955967e-01,4.262767163529357362e-01,4.168060286736592346e-01,0.000000000000000000e+00,7.480002031559478404e-01,3.065959304487106962e-01,7.503723665175361379e-01,6.888234587846977508e-01,2.424857560504721787e-01,2.166335888806600329e-01,5.171802836003216441e-01,6.814592352792369079e-01,6.912593758997552795e-01,3.303079118216445398e-01,3.022999393093095399e-01,3.347805213707365501e-01,4.508746327461141679e-01,3.052228012295437470e-02,6.326168375526794452e-02,2.059619140771330736e-01,2.730077794487862364e-01,4.951177942618655015e-02,2.852331427546390130e-01,4.308422038127667220e-01,4.477175370734998855e-02,2.437845233626546038e-01,1.170854357148962688e-01,5.073334008531851236e-01,1.329656529967664091e-01,1.812520933958883251e-01,2.185873453663712829e-02,3.715200306724067980e-01,8.963420501098791071e-01,3.265717562864008383e-01,6.689760111901128514e-01,3.855386948974726113e-01,5.183567837993876548e-01,6.243941119022464736e-01,7.403071304627595328e-01,3.063415406019834863e-01,9.111278395408516362e-01,5.545449076353625717e-01,6.053866960052822765e-01,4.725259633685315319e-01,6.508205557101260919e-01,2.144436532401937101e-01,4.870932658949959637e-01,3.674902254090461895e-01,9.457243631293985597e-01,6.527390329559350501e-01,1.538907273842959056e-01,7.381771219373742809e-01,7.052091901762480575e-01,2.854013249384266260e-01,1.362570796889333025e-01,4.558551517779726447e-01,6.037176354243731780e-01,6.192929598512905143e-01,2.236765038053798449e-01,4.189469400186506265e-01,3.745121266465272214e-01
2.587447512486982792e-01,7.940168136838418045e-01,7.358710114114423995e-01,4.785686561713756171e-01,6.409087966152104965e-01,6.631323065762164681e-01,5.132996548338832898e-01,5.278518159414591349e-01,7.183496451264645977e-01,3.874171300035595955e-01,6.717454847674251273e-01,5.075388374509456346e-01,5.815840541438059841e-01,5.697006189979780810e-01,7.125630713887562973e-01,6.036964833284158560e-01,5.851902218813371803e-01,6.426417696664046275e-01,7.480002031559478404e-01,0.000000000000000000e+00,5.346133532327341786e-01,1.000000000000000000e+00,6.850241077930150357e-01,3.290550982007926506e-01,5.196670173795154835e-01,6.359377208899644751e-01,8.214269670860472328e-01,6.246302453400758292e-01,6.284638916272237141e-01,3.109661148248016316e-01,5.497398357447105255e-01,3.355631719162318061e-01,4.052067662863752251e-02,7.117815980754892136e-02,2.007164739540592269e-01,1.909225370481145434e-01,8.809564807439357326e-03,4.428991769763462871e-01,3.036716372170803480e-01,8.054543374208647522e-02,7.150226298077395903e-02,5.825317118464264088e-02,5.140607004985041639e-01,1.669027356462368938e-01,2.492979741154762729e-01,1.714339522091728185e-01,5.129433913568980374e-01,7.556661669750179833e-01,2.962626751705152439e-01,6.695886574675516956e-01,5.981080779328034058e-01,6.239442808154896936e-01,6.190713816944050096e-01,7.602138521198419374e-01,4.904059503368477513e-01,7.730152822394301682e-01,5.775309448907776089e-01,6.538891857155303411e-01,5.731989312003599180e-01,8.134964910578595942e-01,6.046009490293303701e-01,5.628188453325677632e-01,6.135651605977101575e-01,7.452765006902279943e-01,8.962477239026050979e-01,3.813688786492541727e-01,9.975922983130892652e-01,7.397871839674345917e-01,4.432370416884492959e-01,4.325778463049883560e-01,5.350399150547784366e-01,8.170764447579681455e-01,6.662416452544048795e-01,5.890072933027231672e-01,4.048689494127439836e-01,5.804109876519040201e-01
7.595519429290915614e-01,4.981628268432121698e-01,4.176279223407829422e-01,4.521648031329989492e-01,3.831489799619705039e-01,5.077990152677323010e-01,3.264415845362688140e-01,5.587757742020360574e-01,4.204377923497083502e-01,4.740828142134549950e-01,3.711688974204381264e-01,4.381036915659937137e-01,3.434596612895051138e-01,5.021878739412198867e-01,6.951124838765248004e-01,4.071489072877754745e-01,5.177733354058142723e-01,2.704285372066875803e-01,3.065959304487106962e-01,5.346133532327341786e-01,0.000000000000000000e+00,5.782933065693393049e-01,4.891014135095732573e-01,5.982418408068860272e-01,2.748950665277738459e-01,5.437941742771936759e-01,5.136696957104560646e-01,4.989055696679979279e-01,4.226895531317141907e-01,3.813976442943683987e-01,5.920710848922958736e-01,3.577087705107749593e-04,2.327152760042722202e-02,2.648313096674479450e-01,3.110413259395241811e-02,2.689270470032613658e-01,7.101132283235861431e-03,4.643389122198325336e-01,3.366356210861039949e-02,2.027433428055010478e-01,6.407435457284046953e-02,5.115754612596374457e-02,3.918691843006355535e-01,2.251789566760634131e-01,3.976597008973568048e-01,6.589517407745267841e-01,3.759476790528502588e-01,4.356237104901872215e-01,4.006720367525357096e-01,4.593261135634214010e-01,5.232262421573958822e-01,5.153028469816192114e-01,6.380099954582676425e-01,4.445374117083288334e-01,4.554298479763742025e-01,3.971019619132399314e-01,3.769210670639519534e-01,3.776031881886089403e-01,3.553292310790179265e-01,7.211966088250258977e-01,5.058522721743025086e-01,4.696115940698536440e-01,4.809912105992737441e-01,3.232523362467482619e-01,5.791213601808887779e-01,7.199019667496318053e-01,7.027578257304374354e-01,5.708709779941050222e-01,6.528939481082882690e-01,3.909218097423618477e-01,5.098256537063023952e-01,4.601825773300692313e-01,5.918818329574664361e-01,5.449322400215645956e-01,5.183508670794396700e-01,6.467355036564486070e-01
