0.000000000000000000e+00,4.562288467723737417e-01,2.725874105967024397e-01,3.088789868086387613e-02,8.414678794695470976e-03,2.684922302230351998e-01,9.759605508386828832e-02,9.883678042168632383e-02,2.048115524797081144e-01,1.585313651137975899e-01,8.210775893995700403e-03,9.686152725906631289e-02,1.374244154524649209e-01,4.765168339802847847e-02,6.772078691343292878e-01,4.873190238959068110e-01,3.296484859651336308e-01,3.855752489060041976e-01,1.371608461623718411e-01,6.036335258398062287e-01,8.033737930852522524e-01,7.231885306412089154e-01,1.311300147380134173e-01,1.882320065467971149e-01,5.442243159368967964e-01,4.487917151748430644e-01,3.436731939935414037e-01,2.214349884665207380e-01,3.306803981338879983e-01,2.486170357117609142e-01,1.126818248006957734e-01,1.675187672079087031e-02,1.709693101502419155e-01,1.663160376335942325e-01,6.745922889435139458e-02,1.477909740153238449e-01,3.073208550708322884e-01,2.077625710054273322e-02,1.668684738269587964e-03,3.368398526898859768e-01,1.839123866286496156e-01,1.014477111660249814e-01,1.710626960743559799e-01,7.815034318894767407e-02,7.785679637734853331e-02,7.996425446113438751e-01,5.133879879837596194e-01,2.113312001851989641e-01,9.662771692074323404e-02,1.746625300221433044e-02,3.885072725589444609e-01,8.387929074046152067e-02,1.272658426385540609e-01,2.767565334549614287e-01,1.627254638299602263e-02,4.097368867083084343e-02,2.031875950908777484e-01,2.117263305662762385e-01,5.842920788744797311e-02,7.495067833276641833e-01,5.550189789850148436e-01,2.585958713124542618e-01,4.632967455937318513e-01,2.144075526046384794e-01,6.481803737418923017e-01,7.440687615850842818e-01,6.936540238754151932e-01,2.064983146668236957e-01,1.702895882670647787e-01,5.378955449165503389e-01,4.739596057578391308e-01,1.756868574725553578e-01,1.792889519247129748e-01,4.721555071594951136e-01,2.502205091032047024e-01,7.999518380864167888e-02
4.562288467723737417e-01,0.000000000000000000e+00,2.210384415777170986e-01,1.171999200038639083e-02,5.749014924572111440e-02,6.300833111108931073e-01,1.609119924602390728e-01,2.794331124939145594e-01,1.645305943957800776e-01,1.560454052854366724e-01,8.433392925610982971e-02,2.692129175361623883e-02,3.640772159350880166e-01,1.004327049218411427e-01,4.755106636469774717e-01,3.963242221180265923e-01,1.246407462325713755e-01,4.287363535588513686e-01,1.933728701092311542e-01,4.199985375822027911e-01,4.917892002505682703e-01,6.058104821573626619e-01,3.774156094207738454e-01,1.693888207326221806e-01,6.012472610245581661e-01,7.137178742249810082e-01,5.045287591355157586e-01,1.436866372272736225e-01,2.651547331151459241e-01,9.454102495955299390e-02,2.524035606108968044e-02,2.942175780932931861e-02,3.181695173351200001e-01,2.220619060538564504e-02,1.043913384016553758e-01,7.108978042728947289e-02,5.026402788909813818e-02,3.606607804761011171e-02,8.555643564595427630e-03,1.845081407783278338e-01,1.364830473142042422e-02,3.832001616096616936e-01,1.098267902832500559e-01,1.054066881397658362e-01,1.230515953500277426e-01,4.113409260601091355e-01,6.988259056635869326e-01,2.249179088329549270e-01,1.710938234724379559e-01,1.888743026540095071e-01,4.003648195144739463e-01,1.621302215424249016e-01,3.143638041061319055e-01,1.499675333698849700e-01,1.234008749406411143e-01,8.973984525981919258e-02,6.085324780104373055e-03,1.410449863195339937e-02,1.516539381965497923e-01,4.336541883134259479e-01,6.924232319560030824e-02,1.880806608685170467e-03,1.432158536385458314e-02,2.329397329306474307e-01,4.144351504650486406e-01,3.413732167384406768e-01,4.699761471075067365e-01,3.305487860090745023e-01,1.718322188954513052e-01,2.960256927020713524e-01,3.899815072010276440e-01,2.902679275271061732e-01,6.836969579538665354e-04,1.082117597412482479e-01,3.193619591445458206e-02,8.640042252845825388e-02
2.725874105967024397e-01,2.210384415777170986e-01,0.000000000000000000e+00,2.161808954339875799e-01,4.319705279901010497e-01,4.447220186432972455e-01,5.870447962843167167e-03,4.083512179932626274e-01,6.214979066257183549e-01,3.017092696757830983e-02,6.020931120888911581e-01,1.080443249857118426e-01,3.139747252064201133e-02,2.242872388549963514e-01,4.141040150577418588e-01,3.794333254960492730e-02,8.148562270310238942e-02,1.065427111496614343e-01,7.550771370029977225e-01,2.763457715739273124e-01,3.744854285318212628e-01,3.693856346983027117e-01,5.471983355608501798e-01,5.331750864333542617e-02,2.618985578932661595e-02,1.277812452026870493e-01,4.677063957285781393e-01,4.503917558901826546e-02,5.185423407435535426e-02,1.932624874803273718e-02,3.170778442331269598e-01,2.817075405147140277e-03,1.185080991211671236e-01,3.687101945393480018e-01,4.222639311632107040e-01,2.995848906489419206e-02,1.281918299259008909e-01,4.384374172053698282e-02,3.087370920690907239e-02,5.845539485742227981e-02,2.733348700813602039e-01,3.003046341866819624e-01,2.358380201021573197e-02,1.312857789929843810e-01,5.156117078601962778e-02,1.770072374075648547e-01,1.578842733858845659e-01,8.218294101379001182e-01,4.599195215004602266e-01,8.165905039317428171e-02,5.992389850647836802e-01,3.298562485773834374e-02,4.781951398907983153e-01,7.446342693473543273e-01,1.675870586721149580e-01,6.724495777161672017e-01,6.278718793450738245e-03,5.711006109230837291e-02,2.238158982786206952e-01,1.950505857212619376e-01,4.966994445393428659e-02,4.271774814958662070e-01,2.585017619522520516e-01,6.518750969043245469e-01,3.705175992146369501e-01,2.721798303411909759e-01,3.949232931361374987e-01,6.288706197649687191e-01,7.032973138151364656e-02,2.332764131965849030e-01,2.998442242953647252e-02,5.142383498260588715e-01,1.164956049846465613e-01,2.807223816580459164e-01,1.353181118276656769e-01,3.307122998837311312e-02
3.088789868086387613e-02,1.171999200038639083e-02,2.161808954339875799e-01,0.000000000000000000e+00,1.277425356950248614e-02,3.127815225421772816e-01,3.647424309257203956e-01,1.442186560952243291e-01,2.289260580885244256e-01,1.193080077880295520e-01,1.212704933261886109e-01,6.403775072289880077e-02,1.917028094721708598e-01,2.193190069732525171e-01,4.375304457137306480e-02,7.454001510491839455e-02,6.093521159445308005e-02,1.574122132284184183e-01,2.641013615879760912e-01,4.293202845360696851e-02,5.354267545378137844e-02,4.273234464172587233e-02,1.038540725488323879e-01,2.300710339741742771e-01,7.329388684147744581e-03,2.857034382515275667e-02,2.774115526087612693e-01,3.127369768525526950e-01,2.535794185193157024e-01,1.911364357664322999e-01,2.229542850325976766e-01,5.332300776133569453e-01,5.296794620652600649e-01,1.262944793735382154e-02,1.258638858394210691e-02,4.418036610626627780e-01,3.236747242458596907e-01,3.726118290582546289e-01,6.073191359194012318e-01,4.500185041325063251e-01,1.690816842975951806e-01,1.312587885781418273e-01,2.383642947133537415e-01,6.857597108651865281e-02,4.181436485917086054e-01,1.215871467893045316e-01,1.429020861838471018e-02,3.788631730072344328e-01,5.772002787252816791e-01,1.555922343923896167e-01,1.925207415852568105e-01,2.753466523994684001e-02,1.687761231583920496e-01,2.373186704614780873e-01,3.949448554664728578e-02,3.133916327204778751e-01,1.386791022662145489e-01,1.162426521353112224e-01,1.087419751894671410e-01,6.382499450590815859e-02,1.216259763147912454e-01,1.800633738981765319e-01,1.719247589071926652e-01,3.265218876721291963e-01,1.135374221674192718e-01,6.386517442454540949e-02,2.525568304452331381e-01,1.405681980857857449e-01,2.807071965214849030e-01,1.157872949414005814e-01,8.711912541005328858e-02,2.747891854908779963e-01,2.181695716281747272e-02,2.294853042750210348e-01,2.640863344064344198e-01,3.761577774408421670e-01
8.414678794695470976e-03,5.749014924572111440e-02,4.319705279901010497e-01,1.277425356950248614e-02,0.000000000000000000e+00,2.365788960585716028e-01,4.121502958670371086e-01,1.356007830857430818e-03,7.330862877592164706e-01,4.651112491104354985e-01,5.669568924909789143e-01,2.135239717981511631e-01,2.048313187962651216e-01,1.631459905454335502e-02,2.021825216702136385e-01,1.002056441144207055e-01,3.080389869567737859e-01,6.227321637631824669e-02,4.068464626564953224e-01,1.839156793339549179e-01,1.771267902193729427e-03,1.343698130180345507e-01,2.856430928841166561e-02,5.757410755079291759e-02,9.561543662309680836e-02,2.740309591392353084e-01,3.746587266928640414e-01,1.708210465684890100e-01,4.402283450917047758e-01,1.345522243140025720e-01,6.327010250398129587e-02,2.224094171897501027e-01,2.364233642944122971e-01,1.527345101655593063e-02,1.341823579402310479e-02,2.475672358624161351e-01,1.154885323954577547e-01,2.200340514255755275e-01,3.101789365657908193e-01,1.254596790245651461e-01,1.950693434034758006e-02,1.212290092095069938e-01,2.423828342018070625e-01,2.475006115769191606e-01,1.723776226428071490e-01,1.376000309323287540e-01,6.897793115973438471e-02,5.872894282950984479e-01,2.900058634013141790e-01,4.751000178396683205e-01,8.373839263031654379e-02,5.362899330541041065e-01,3.852973328452136137e-02,6.051425832440159303e-01,3.709840992476207688e-01,7.256138902339122065e-01,3.501361252634695997e-01,3.128976486507447641e-01,2.787657287031630182e-01,2.995178620029501082e-02,9.077098091914803657e-02,6.103760930017000652e-02,2.021383579088713300e-02,1.370657083160898571e-01,1.225560936719912453e-01,5.332204984736002573e-02,2.440809439519678326e-01,7.392197248860207792e-02,1.285821287548283287e-03,2.385270734008890225e-02,2.371759831619481562e-01,3.326943764780369017e-01,6.184308687796305493e-02,2.494204417338745094e-01,7.706470533108744636e-02,3.259760291351430639e-01
2.684922302230351998e-01,6.300833111108931073e-01,4.447220186432972455e-01,3.127815225421772816e-01,2.365788960585716028e-01,0.000000000000000000e+00,1.001726346364975595e-01,5.352100029571500439e-01,4.167631199573285650e-01,2.835030502077280357e-01,2.486930931157058100e-01,3.323612800022552882e-01,3.587621437886545084e-01,1.138788674889361224e-01,2.988358607104302234e-01,2.402594671585936981e-01,1.667791039688575894e-01,1.914937838876467902e-01,4.060787967968311762e-01,3.693002893244298201e-01,3.823024069143282633e-01,3.942267316063802207e-01,5.311675676729380458e-01,2.960808378033694677e-01,3.579277313462394527e-01,5.261824514970947497e-01,5.878206496169190443e-01,7.742421064466750713e-02,3.409080438069265195e-01,7.741896971593580090e-02,1.363804901047904750e-01,2.021618163786276789e-01,4.782754596953437964e-01,8.379251816005373055e-02,1.265269294415247159e-01,2.077384209370339851e-01,5.199907767062687813e-02,1.730412416744697424e-01,2.425626561914280277e-01,3.022045640432532432e-01,6.778578802193654940e-02,2.348756813752789774e-01,4.269227829936216023e-02,2.291483269887170937e-01,1.476677775876040766e-01,8.815760389105800621e-02,2.811583592481544103e-01,4.788482534735748475e-01,5.727232358062595008e-01,8.554477666822359050e-02,7.026601499694585806e-01,7.315231005317113233e-03,3.869752104384068803e-01,3.692223177559552094e-01,3.197905651381778569e-02,3.202408859494715321e-01,3.221060268897013024e-01,2.741664641912436862e-01,1.710403672213187121e-03,1.474241757264990460e-01,6.553514781791237864e-02,1.787172214706005124e-01,1.322227261826737776e-01,4.102126761522692511e-01,4.060108821272128687e-01,1.372258339524944637e-01,4.058073593433155768e-01,5.024534929246698978e-01,3.809758867079556799e-01,1.231442629962705704e-01,1.547980764078265015e-01,4.372163023282998884e-01,4.977398659240697687e-03,2.554479293793158745e-01,2.035007797671561092e-01,1.973556213685887795e-01
9.759605508386828832e-02,1.609119924602390728e-01,5.870447962843167167e-03,3.647424309257203956e-01,4.121502958670371086e-01,1.001726346364975595e-01,0.000000000000000000e+00,2.814984433272939013e-01,3.083779651648843600e-01,4.699172274305923880e-01,5.232247003502391025e-02,1.432494575163257289e-01,4.461088542290618797e-01,2.120365718228057472e-01,4.934849152995108429e-02,5.280748172033726817e-01,5.512969699916241417e-01,4.836639121329893709e-01,1.132601150662315703e-02,2.410398579493241156e-01,3.408124966312542359e-02,2.190622459264074395e-01,1.856454399901439067e-01,2.254515608004934585e-02,4.155125741568644337e-01,2.190713523670725360e-01,2.726441922304918553e-01,3.113949001178740184e-01,4.144296337143087428e-01,2.790161778118174229e-01,3.261451239026681437e-01,7.834299531535296457e-02,1.467993136633444912e-02,1.766770731783519066e-01,2.411393691005352113e-02,1.175120418237548675e-01,1.872429846575076051e-01,1.072812109893826471e-01,7.330249476520202256e-03,3.527359461650073080e-03,6.950402663711698070e-02,1.173873935151006909e-01,5.522328641850192676e-01,3.725553518746819170e-01,9.277204796397796327e-02,1.695204270104477273e-01,2.486862283721791855e-01,2.564642549440099284e-02,2.783049754201288861e-02,1.986178048007676000e-01,4.083123417795196664e-02,4.677162874750154797e-01,2.252570832439397264e-01,2.210050119053651729e-01,4.142308574013317535e-01,1.153659316351687281e-01,2.152578423988582013e-01,1.613267649188377395e-01,3.176741842601205068e-01,6.531185027168442958e-02,2.548903854729636098e-01,1.819245516471219293e-01,3.253055421884675225e-01,1.026811284174223016e-01,6.755487841422029571e-02,8.256043763831302784e-02,1.219445278423987172e-01,3.631635446688141755e-02,1.590992617264688769e-02,3.290117770795650820e-01,1.662352114263728198e-01,1.684372663387107560e-01,1.099551664613447749e-01,2.033517067642368059e-01,2.726527872834525607e-02,2.073975538828136955e-01
9.883678042168632383e-02,2.794331124939145594e-01,4.083512179932626274e-01,1.442186560952243291e-01,1.356007830857430818e-03,5.352100029571500439e-01,2.814984433272939013e-01,0.000000000000000000e+00,1.351793700089528316e-01,4.186867439471728125e-02,2.765614176099639443e-01,3.342875271846232343e-01,6.061308487605165940e-02,1.636916787753858737e-02,3.297640662754561247e-02,3.127238699631720298e-01,2.691425424588214099e-01,3.275066406409777864e-01,3.433904338588515404e-01,1.778398166713896500e-01,1.208744352754894669e-01,9.698191326377780808e-02,8.120157425113788685e-01,2.436076096946053759e-01,2.098172533003058726e-01,3.112194616819778381e-01,1.455767042506945774e-01,1.321049020535666474e-01,2.936396278774277557e-01,2.029507083810215828e-01,3.232287523962839582e-01,2.229613842756892478e-02,3.267324485261890454e-01,1.216840638917565942e-01,9.127908701625500609e-02,4.531746296819177955e-02,1.267759784917937144e-02,2.272616424957652759e-01,1.717508139892955088e-02,1.386120613020875303e-01,5.989722688845255938e-02,1.638432040687219926e-01,3.166911156768772995e-02,1.213580515337942534e-01,5.562721567372505560e-02,6.262985019358940919e-02,6.897507199062521965e-02,3.620210348007869006e-01,4.038465669036541139e-01,7.355615349444750983e-02,4.591132167422832255e-01,2.546301525303627522e-01,7.145049326038702686e-01,2.658237194038498563e-01,2.493040283063277518e-01,2.909436372001685256e-01,3.284105827593655769e-01,1.884268233122265990e-02,7.250601143703408469e-02,1.272770808280632993e-01,5.072237079169639173e-01,4.334722316020768185e-01,6.098963239594779040e-01,2.969982240753424318e-01,9.339818565019974983e-03,3.918651964518390929e-02,3.803556050940797018e-02,5.976768681342014000e-01,2.793343689566872845e-01,5.629367520751268339e-01,8.990466904467467324e-02,1.164721789104803118e-01,2.850487367586753140e-01,2.425292639813027007e-01,7.685601736979857934e-02,2.403534817061231399e-01
2.048115524797081144e-01,1.645305943957800776e-01,6.214979066257183549e-01,2.289260580885244256e-01,7.330862877592164706e-01,4.167631199573285650e-01,3.083779651648843600e-01,1.351793700089528316e-01,0.000000000000000000e+00,4.164789948000491293e-01,6.654267996769472893e-01,2.273950863282832302e-01,3.294154859839664162e-01,4.159037023451471471e-02,2.994827002549284023e-01,1.276133693727022622e-01,3.047320125301419269e-01,6.068497772564684922e-03,4.981943661218555253e-01,3.371740956986362669e-01,1.199779977583425583e-01,3.260690666263850734e-01,1.409393557421296794e-01,4.816600600258125198e-02,1.993894619937636448e-01,3.644344124487585712e-01,4.332395709316899657e-01,2.646588131824664791e-01,4.798504978952081723e-01,2.370380870096149839e-01,7.867822743070734814e-02,8.249356420197237472e-02,3.133946010930933612e-01,5.438023168773188643e-02,8.748466065706138328e-03,2.190923184919362499e-01,1.939166224262563187e-02,2.481876995618386428e-01,1.552528969205513587e-01,1.890811303489688677e-01,9.728333374464209760e-02,5.936671579005486921e-03,9.704377023426873083e-02,1.795426919994534964e-01,2.271337897830541519e-01,3.746100593799844836e-03,1.004046894034826276e-01,6.909406607168839809e-01,3.996242954237459455e-01,2.756531359436867890e-01,1.810874838184003410e-01,3.154502290365634454e-01,6.642010567900108464e-02,8.133069429649651960e-01,2.058809070073215897e-01,7.567364279911655833e-01,3.073603793518886462e-01,2.242283633717680469e-01,4.527697762741476895e-02,1.393807920321980809e-01,7.294827197892972404e-02,1.172665060560131034e-01,1.071568224411372783e-01,2.873550145546336365e-01,2.898392458552284112e-01,6.629121739950583070e-02,3.492601163870761583e-01,2.418546385981069080e-01,4.481525271914374442e-02,5.557425779096672458e-02,2.511048689643376464e-01,3.575467207414763093e-01,3.525511820667465157e-02,2.158875812585251408e-01,8.483560521348022798e-02,2.460737746891715760e-01
1.585313651137975899e-01,1.560454052854366724e-01,3.017092696757830983e-02,1.193080077880295520e-01,4.651112491104354985e-01,2.835030502077280357e-01,4.699172274305923880e-01,4.186867439471728125e-02,4.164789948000491293e-01,0.000000000000000000e+00,3.507555776182638141e-01,6.101695340023427505e-01,6.162495552205697891e-01,2.482673223618429292e-01,3.396091406100418264e-02,4.546772748714662526e-01,7.565923092699241570e-01,4.033891505557118951e-01,1.074553660836262137e-01,1.162246298909326014e-01,1.043458079921050219e-02,1.726799188399291141e-01,2.528668461713995397e-01,3.258623178281860877e-01,4.450556026958578659e-01,4.789191341672081603e-01,1.129329983630850687e-01,5.121864058506804263e-01,6.017678299431719058e-01,2.769460761458445441e-01,6.579305517405054093e-01,2.094796179434872119e-01,6.469203799515714781e-01,5.349751394682338290e-01,1.569463184022645841e-01,2.127285488988105988e-01,3.723976762849605104e-01,3.667882847244308131e-01,2.859423436227750970e-01,6.202411077848672960e-01,4.278500916712427715e-01,1.010978353498830640e-01,2.284784303977591691e-01,5.885324878551063676e-01,3.115842969398718854e-01,7.609759473216587411e-02,1.509133562760942016e-02,2.131863935458970516e-01,2.066499690275079015e-01,4.980474804156479474e-01,1.658160968871329188e-02,6.638984824971911891e-01,2.428339139660474211e-01,4.376696246894727360e-01,7.471067275130280905e-01,5.235567151054902890e-01,5.860620277361008323e-01,6.499194982338882820e-01,4.011868159143296975e-01,1.132106002481622076e-01,1.945776486906322655e-01,4.908906757577768398e-01,1.991691050130537655e-01,5.755866517553734352e-02,2.970198090905695754e-02,5.746766115879414771e-02,1.310998403829511383e-01,2.784917557716639069e-01,1.026601125002819526e-01,2.075934513577901708e-01,2.957759537797931548e-01,3.649449672844121140e-02,3.591830948583508709e-01,1.341671388755764083e-01,1.047027643523405910e-01,4.971222930396545503e-01
8.210775893995700403e-03,8.433392925610982971e-02,6.020931120888911581e-01,1.212704933261886109e-01,5.669568924909789143e-01,2.486930931157058100e-01,5.232247003502391025e-02,2.765614176099639443e-01,6.654267996769472893e-01,3.507555776182638141e-01,0.000000000000000000e+00,2.439943866814048290e-01,1.983488367177612954e-01,8.656925841773580044e-02,2.665700994359124776e-01,5.344941497399849362e-02,2.014416088737254196e-01,1.268268920669388400e-01,7.178092318991419196e-01,3.471649494869621932e-02,6.666988691200642636e-02,1.107726630729891082e-01,2.339394265218515678e-01,8.138611377361265609e-02,1.274861478152118643e-02,2.399950365249767514e-01,3.243354145432834068e-01,2.743982300210325853e-01,1.869355994183282688e-01,1.399995970504246678e-01,1.103035373635357363e-01,1.027285924418494534e-02,1.546128024828429537e-01,9.384073714677652889e-02,7.994306773305558111e-02,1.533294528090682618e-01,1.468977164406794766e-01,1.273756078030971184e-01,1.249346599418012793e-01,4.554441550623420515e-02,7.186413180440714976e-02,6.935254532703519215e-02,1.086581383694329161e-01,6.514721145286495041e-02,8.116580967469552710e-02,1.479460789812624411e-01,9.985187251708219081e-02,6.793056542670902198e-01,2.625395599385216827e-01,2.211552171265542821e-01,2.551871615897551848e-01,3.740628178552441452e-01,2.450442151862810558e-01,6.524006576792236167e-01,2.126299293884827413e-01,8.122488941390785255e-01,2.918597097851098887e-01,2.692759092761354833e-01,8.184511395963500746e-02,7.094773871085860439e-02,6.252619374686810283e-02,1.468322064759577938e-02,1.782627563776004731e-01,3.922256184662934464e-01,1.010580218442570510e-01,3.110345528972074947e-02,1.779223192292504752e-01,3.419238156041662924e-01,6.651908708821083205e-02,1.643209876358079913e-01,1.471243673800238794e-01,3.814808525659765803e-01,2.010332287947901586e-01,1.768224621021675935e-01,2.118191367487225196e-01,2.144652409323279385e-01
9.686152725906631289e-02,2.692129175361623883e-02,1.080443249857118426e-01,6.403775072289880077e-02,2.135239717981511631e-01,3.323612800022552882e-01,1.432494575163257289e-01,3.342875271846232343e-01,2.273950863282832302e-01,6.101695340023427505e-01,2.439943866814048290e-01,0.000000000000000000e+00,5.735846973152354256e-01,3.009306311716625215e-01,2.178308645588760695e-01,4.648054888904042115e-02,3.726878242130409746e-01,4.973780670037117324e-02,2.403894163960487718e-02,4.888616437969764417e-02,2.483275277247346258e-01,9.866600495814903393e-02,6.993987182481736786e-02,6.855234507383982656e-01,1.019512975743439576e-01,4.320431143704370758e-01,1.295841103901435032e-01,3.417179293220324321e-01,1.391231293236742661e-01,1.234139616096759096e-01,4.044394007187462892e-01,1.838111827051527314e-01,6.998942555003008215e-01,5.178504688829896896e-01,3.302910310703796037e-01,1.540375441351590491e-01,3.406898734111889482e-01,5.802682644351792041e-01,2.690956283087519996e-01,6.004719040256122353e-01,4.928137221760351405e-01,1.287117965427854449e-01,3.011717947723244193e-01,5.523794551989081869e-01,3.993823835726122429e-01,3.001729880005913897e-01,1.989641800915358805e-01,1.316647156351404557e-01,2.589845122189184945e-01,2.313432876422869544e-01,2.591507559074085476e-03,3.281779862402350867e-01,5.324948180089128513e-02,2.005063458289512435e-01,5.173464521986612663e-01,3.043671416959710108e-01,8.774750559198756239e-01,5.917625364121921194e-01,4.056644679726536529e-01,4.026875242063192029e-01,1.571679533435320075e-01,2.947386434362400109e-01,1.928600111035792264e-01,8.350535859898272628e-02,1.231678048935421071e-01,3.305897129873592299e-01,6.638260264446892156e-02,7.041062616059101664e-02,4.702110647115418374e-01,2.114415966177980721e-01,1.257510390098565689e-01,1.753371576268104304e-01,2.981895853402869445e-01,2.684327666617559172e-01,1.031578280828420735e-01,3.319844119041902020e-01
1.374244154524649209e-01,3.640772159350880166e-01,3.139747252064201133e-02,1.917028094721708598e-01,2.048313187962651216e-01,3.587621437886545084e-01,4.461088542290618797e-01,6.061308487605165940e-02,3.294154859839664162e-01,6.162495552205697891e-01,1.983488367177612954e-01,5.735846973152354256e-01,0.000000000000000000e+00,2.720289127222523806e-01,2.463803432166999929e-02,4.440639879791176137e-01,7.024210937904202812e-01,5.591727669516233235e-01,8.501103711933252760e-02,2.268461383680768495e-01,2.290160450394657099e-02,2.857656672430688438e-01,6.150509183768210208e-02,4.355014138450721828e-01,4.463054113590542715e-01,5.193028518102278390e-01,2.443592248492904018e-02,7.197210849665242050e-01,2.499007344022217691e-01,3.545242702939926938e-01,4.896221669016197486e-01,1.389764646220751354e-01,2.267594775025758014e-01,2.753472439452088194e-01,1.064145115992316259e-01,1.179940174294309141e-01,4.236332979731421977e-01,2.318347214299576464e-01,1.365644416711028764e-02,2.053110786549206257e-01,1.798555320852927852e-01,2.775998707278702626e-02,4.061869968068337888e-01,5.173092197829440853e-01,1.839970124923968053e-01,5.205207782082023164e-04,2.363604072960429070e-02,4.990642308953363582e-02,6.529964195400583815e-02,1.817001913430817961e-01,7.369858353619390678e-03,2.894976380598427435e-01,1.132763677217624165e-01,2.226627737822434172e-01,4.197119067314271090e-01,1.372322234379300954e-01,4.821033638793646992e-01,5.404423816413409520e-01,2.470642908751847222e-01,3.587389485905559394e-02,1.327322608299316697e-01,5.547113016277691599e-01,2.053847955476827691e-01,1.707756838739624139e-02,1.235442002564200725e-01,2.830239344586898964e-03,1.032707522975342962e-01,5.246769688845906443e-02,1.889428662470623854e-01,9.359084388503977059e-02,1.609368278088576520e-01,2.102837420401633128e-01,4.250435450012423066e-01,1.143343307063519054e-01,2.162677487908248597e-01,2.673304026417606671e-01
4.765168339802847847e-02,1.004327049218411427e-01,2.242872388549963514e-01,2.193190069732525171e-01,1.631459905454335502e-02,1.138788674889361224e-01,2.120365718228057472e-01,1.636916787753858737e-02,4.159037023451471471e-02,2.482673223618429292e-01,8.656925841773580044e-02,3.009306311716625215e-01,2.720289127222523806e-01,0.000000000000000000e+00,1.328840799794255567e-01,1.163724793948749253e-01,1.633193892456878682e-01,5.495353205298998678e-02,2.907337896045911751e-01,8.059566282865315845e-02,2.809294818426091855e-01,9.697353554141184551e-02,3.348247705078469250e-02,2.180646895849543132e-01,1.802856956827079971e-01,2.277882018426038435e-01,1.060767090066557367e-01,2.313072502711493172e-01,2.700998282576837217e-02,9.113222173414413374e-02,2.447882091890725975e-01,6.654251988003709317e-02,3.312060196227283038e-02,1.920536479581625156e-01,2.791379841946799445e-01,2.435671324432691631e-01,5.890469213046561903e-02,3.466943799229527112e-01,6.842593098106870830e-03,1.360380292546398417e-01,2.232886207277295365e-01,4.801574277780300548e-01,4.980199026773182713e-01,2.305455806374209216e-01,1.402846078387602613e-01,2.978864244629319397e-02,1.446358424627223471e-01,2.845325132069063123e-01,2.627167008506939849e-01,2.298417363920071399e-01,2.242782863969139395e-01,1.476103964275501390e-01,1.109893600535725722e-01,1.062059536768593659e-01,2.235817262831435448e-01,1.284897524345247899e-01,3.248910357812361260e-01,1.814941996065994601e-01,5.325333442556123842e-01,1.995231846428245637e-02,4.513489121921458042e-02,2.886295175975026606e-01,8.240311768169994444e-02,4.635442296530543071e-01,2.942484591543918504e-01,1.374146916389046291e-01,1.342030478297048246e-01,1.017127544589558896e-01,8.109044042939318742e-02,2.039414499577379969e-01,1.839412905412791122e-01,2.248725704979044338e-01,1.365923026145360875e-01,3.422803921010395545e-01,2.237038201732593212e-01,1.209002775024195508e-01
6.772078691343292878e-01,4.755106636469774717e-01,4.141040150577418588e-01,4.375304457137306480e-02,2.021825216702136385e-01,2.988358607104302234e-01,4.934849152995108429e-02,3.297640662754561247e-02,2.994827002549284023e-01,3.396091406100418264e-02,2.665700994359124776e-01,2.178308645588760695e-01,2.463803432166999929e-02,1.328840799794255567e-01,0.000000000000000000e+00,2.680831070385900627e-01,1.963735859166726161e-01,1.662817799968595023e-01,2.523096494314136518e-01,6.626384132804062910e-01,7.504387636895857305e-01,7.688666791223363051e-01,1.944073374108998276e-01,1.313864558321767295e-01,3.996937793910189107e-01,3.910871487639543953e-01,5.256806588376119471e-01,1.938866726766515503e-01,3.975175368358516703e-01,4.561743562351652792e-02,5.712326839924589117e-02,2.188511218865710484e-01,6.058937017425963800e-02,2.526905282192742352e-01,2.728616100004885858e-01,1.365540355841162179e-01,9.946747140872591597e-02,1.710019424754604389e-01,1.217079436487634031e-01,1.815698030415463515e-02,7.896369114918481980e-02,1.991346343817541054e-01,1.110806829756489922e-01,1.920853052412426279e-02,1.103525641472249408e-01,6.479965007113872577e-01,4.097949360585482204e-01,3.495565913539075420e-01,3.224497572189047312e-01,7.058991946077933233e-02,4.654473277971109546e-01,3.415294135011703869e-02,1.680467203103133411e-01,3.904638384818773789e-01,1.591201078679851388e-01,2.970270542288746540e-01,2.682110749312517362e-01,6.077976507139490336e-02,2.454452969228267945e-01,8.508991405645360828e-01,3.452577000619057590e-01,8.721877970384525613e-02,2.941903866907533693e-01,2.640929574145191583e-01,6.910085707356080631e-01,7.231030766867289072e-01,6.652306013264340789e-01,3.748888014489988874e-01,9.245900256392730610e-02,2.345921121807551524e-01,3.001149001269206584e-01,5.303453373896621637e-01,9.210599464087196320e-02,6.345371431052305722e-01,1.278975465408143941e-01,9.646092685394869193e-02
4.873190238959068110e-01,3.963242221180265923e-01,3.794333254960492730e-02,7.454001510491839455e-02,1.002056441144207055e-01,2.402594671585936981e-01,5.280748172033726817e-01,3.127238699631720298e-01,1.276133693727022622e-01,4.546772748714662526e-01,5.344941497399849362e-02,4.648054888904042115e-02,4.440639879791176137e-01,1.163724793948749253e-01,2.680831070385900627e-01,0.000000000000000000e+00,6.624064175341647376e-01,7.693234763332457149e-01,1.153298456554178036e-01,4.335099377292530587e-01,3.608668238735925904e-01,5.787641234537754809e-01,2.019596895695903727e-01,1.357725757316696757e-01,6.836678183559478095e-01,2.891214809481501558e-01,3.065517156526805231e-01,4.418460652940434663e-01,6.192255469128377099e-01,4.889000097009101875e-01,5.384521415219132301e-01,6.966260226111972709e-02,2.878091318643408725e-01,4.580693146846452346e-01,1.071485188586868281e-01,1.621358589588604848e-01,1.323697564439093033e-01,4.341604234928445050e-02,1.336676664443152140e-01,3.607464537953156691e-01,3.843090498607407701e-01,5.147305443532140118e-02,1.010881799488729527e-01,2.988845529152047709e-01,2.182182076933170123e-01,4.740684852800977067e-01,3.220900574359251145e-01,7.798116991981265955e-02,1.138132032174761776e-01,2.766212415950722314e-02,1.168504022666836950e-01,3.344925962622886662e-01,2.273069938336464146e-01,1.146893944658526066e-01,3.153177508830067310e-01,5.418752641947703619e-02,7.802829581131706660e-02,3.159197351597360370e-01,3.788074554647501840e-02,2.702146449478402546e-01,6.988167038446041479e-01,4.109916331608899909e-01,6.384905686631703325e-01,1.550158850157820345e-01,3.737887130681090686e-01,3.122073241467526739e-01,4.696429252712814306e-01,1.110242026873201893e-01,1.097578942570357208e-01,5.186020447757546670e-01,2.427444881736704196e-01,1.797040952698371608e-01,3.294173889575123249e-01,4.918521843291392415e-01,2.885113232193824429e-01,4.277237816355425881e-01
3.296484859651336308e-01,1.246407462325713755e-01,8.148562270310238942e-02,6.093521159445308005e-02,3.080389869567737859e-01,1.667791039688575894e-01,5.512969699916241417e-01,2.691425424588214099e-01,3.047320125301419269e-01,7.565923092699241570e-01,2.014416088737254196e-01,3.726878242130409746e-01,7.024210937904202812e-01,1.633193892456878682e-01,1.963735859166726161e-01,6.624064175341647376e-01,0.000000000000000000e+00,6.775896778028097645e-01,3.153452041893026192e-02,3.959313862096088266e-01,1.995332505734911943e-01,4.066347762594287318e-01,4.159662560494062911e-01,3.231313472022945277e-01,5.483461727640951411e-01,3.708330905250594722e-01,6.410470457669570354e-03,6.613338456764878970e-01,6.132911350957116481e-01,3.873007165802166973e-01,8.325992033817035676e-01,1.654806285995887027e-01,4.439452607656551031e-01,5.757924868078125868e-01,2.125552448372955150e-01,1.481160016477175989e-01,4.686983401699247320e-01,2.669723080648818692e-01,2.733372491346574562e-01,5.020090471712637115e-01,5.082530242227162320e-01,2.335965984108416549e-02,2.850149293651412230e-01,5.531478680909868162e-01,3.216944252191496489e-01,2.143914172787778072e-01,9.987457932402335481e-02,1.110831201502734122e-01,3.147815176158501316e-02,3.034830325442879895e-01,4.940358077986953256e-02,5.996121496451438659e-01,3.109069105437108904e-01,3.121229627626775360e-01,4.839716489426808543e-01,3.070923979225506084e-01,2.369464594137408175e-01,6.936842470153068430e-01,3.001670086758065348e-01,1.190296518464962483e-01,4.593060145801865501e-01,5.816805521237641274e-01,4.630751331012843419e-01,5.702514830133148527e-03,2.435833582924563090e-01,1.495978820717089042e-01,2.805709188740092008e-01,3.542403565256772024e-01,6.113444367099583887e-02,2.466842506837523818e-01,1.825896124644835194e-01,1.162639052386310323e-01,5.677367866006791663e-01,2.782184993210389257e-01,2.745786626860400315e-01,5.690121143142168325e-01
3.855752489060041976e-01,4.287363535588513686e-01,1.065427111496614343e-01,1.574122132284184183e-01,6.227321637631824669e-02,1.914937838876467902e-01,4.836639121329893709e-01,3.275066406409777864e-01,6.068497772564684922e-03,4.033891505557118951e-01,1.268268920669388400e-01,4.973780670037117324e-02,5.591727669516233235e-01,5.495353205298998678e-02,1.662817799968595023e-01,7.693234763332457149e-01,6.775896778028097645e-01,0.000000000000000000e+00,1.151730178279109784e-01,4.994637350705087298e-01,2.462483305152890212e-01,5.867248998171304963e-01,2.692683362777013034e-01,1.988444782053612747e-01,7.616365679335829197e-01,3.317659691788148457e-01,9.879902584062777438e-02,5.033343454268803807e-01,4.788932113183443917e-01,4.998295168121443810e-01,5.237783212184750070e-01,1.990243798994556501e-02,2.094828205679096500e-01,3.307496353082712282e-01,9.258582243003367351e-02,6.640044414955455221e-02,3.868761798496610504e-01,2.975216307851996644e-02,8.703386951292851892e-02,3.796091078919542339e-01,3.358671666158549174e-01,1.807815202669210697e-02,2.525596454492640142e-01,4.305893270564353781e-01,1.394409010033572094e-01,4.339278057012516121e-01,2.554065448116945025e-01,1.230678742965388428e-01,7.409082550210702167e-02,4.155831561336552349e-02,8.378683845825624088e-02,2.338017067194177734e-01,3.360913659375678320e-01,1.455539841118719258e-02,2.341396456538482607e-01,1.120036109092968357e-01,4.837022862981571469e-02,2.888691533028130976e-01,8.242866236874628327e-02,1.357618625345366203e-01,6.333793597611296899e-01,4.130775631976314477e-01,6.687285594064455996e-01,4.389051242058775171e-02,3.236583776479419194e-01,2.178346099002231584e-01,3.657414406107570293e-01,2.773876079380376281e-01,9.728226764902903057e-02,5.024246110070680338e-01,2.097863646071763677e-01,4.378504605807947980e-02,4.192192265036355225e-01,2.914269950953512489e-01,2.473741187575834999e-01,2.804770291305075380e-01
1.371608461623718411e-01,1.933728701092311542e-01,7.550771370029977225e-01,2.641013615879760912e-01,4.068464626564953224e-01,4.060787967968311762e-01,1.132601150662315703e-02,3.433904338588515404e-01,4.981943661218555253e-01,1.074553660836262137e-01,7.178092318991419196e-01,2.403894163960487718e-02,8.501103711933252760e-02,2.907337896045911751e-01,2.523096494314136518e-01,1.153298456554178036e-01,3.153452041893026192e-02,1.151730178279109784e-01,0.000000000000000000e+00,1.484893833387236906e-01,2.201020904131618383e-01,2.978910202810317043e-01,4.108034548756580584e-01,1.317790963725631870e-01,8.471654395411687410e-02,1.214325561824158295e-01,4.453212531053198364e-01,1.596492413156126444e-01,1.239110168974511539e-01,1.463705255840676567e-01,7.813923966316804748e-03,8.446447639171578148e-02,2.334344773596273293e-01,9.871185367563051205e-02,3.128298311302055712e-01,7.338818791908735539e-02,1.773671839275144935e-01,3.664018377557462514e-03,1.146084554949493850e-01,8.617221223533982899e-02,2.504156156617093690e-02,4.013744097869886840e-01,5.583296064480069987e-02,5.914963317440499746e-03,1.495495125509774537e-01,9.902370321150655297e-03,1.527182286531638122e-01,7.344853640480207835e-01,4.954943075624775317e-01,5.676215146877283679e-02,5.064708932648359641e-01,1.760404789137139936e-01,4.172713384946521442e-01,6.030919505809247960e-01,3.139171102325848117e-02,6.685301709682177629e-01,8.849222432568548680e-02,2.469856893193448366e-01,1.989314873692787367e-01,6.166411959200690518e-02,3.409673476486464738e-02,9.850219003597993073e-02,1.527239047580035980e-01,8.463103010797146109e-01,3.099821413040617091e-01,1.552804524158642174e-01,3.686712969470262169e-01,5.333434138104879985e-01,1.469649007923497508e-01,2.088358492738356942e-01,8.797055623044464090e-02,4.947754301786378428e-01,1.509864507705138970e-01,2.824299886203263110e-01,3.715476525144767450e-01,2.126672141882987588e-01
6.036335258398062287e-01,4.199985375822027911e-01,2.763457715739273124e-01,4.293202845360696851e-02,1.839156793339549179e-01,3.693002893244298201e-01,2.410398579493241156e-01,1.778398166713896500e-01,3.371740956986362669e-01,1.162246298909326014e-01,3.471649494869621932e-02,4.888616437969764417e-02,2.268461383680768495e-01,8.059566282865315845e-02,6.626384132804062910e-01,4.335099377292530587e-01,3.959313862096088266e-01,4.994637350705087298e-01,1.484893833387236906e-01,0.000000000000000000e+00,5.889846378898342394e-01,8.774323415430803630e-01,5.265569208414655478e-02,1.114719640780914567e-02,6.370126125089987656e-01,2.688203245613697279e-01,4.879678424006426707e-01,4.052128332092742036e-01,5.815014685760128144e-01,3.169404278153815646e-01,2.833180722102321414e-01,1.910052821904625053e-01,8.468289254754793327e-02,1.119472551295508378e-02,9.114378904354240862e-02,1.237301101057951408e-01,2.883819696683330713e-01,3.959714078826234718e-02,9.098387746528519004e-02,2.139777365422471656e-01,6.358635386922877053e-02,1.026721189553901764e-01,2.833142934870483964e-01,2.475744918555141116e-01,1.411576038889719720e-02,6.641992647022512131e-01,4.558268436778643573e-01,2.038473976499932672e-01,2.277156087359418768e-01,6.204005324869651949e-02,3.719166046368990730e-01,1.729783661892824176e-01,1.890997829448190504e-02,3.083525589459525373e-01,6.335583891730800499e-02,1.007820344845862248e-01,1.001060249194061225e-01,2.143397547672535319e-01,5.182407636250725702e-02,6.449095574087821969e-01,5.775660043975148206e-01,1.439855015298857066e-01,4.964447512377471727e-01,1.842322649414505076e-01,7.699570161112342381e-01,6.715221211470123741e-01,7.087434157247235467e-01,2.237133160264857257e-01,9.048002833354516772e-02,4.602062500706993187e-01,3.583399891295713235e-01,3.495238726751354053e-01,2.405150886149095557e-01,5.625067027486161386e-01,1.609436066636369955e-01,1.915280038301190590e-01
8.033737930852522524e-01,4.917892002505682703e-01,3.744854285318212628e-01,5.354267545378137844e-02,1.771267902193729427e-03,3.823024069143282633e-01,3.408124966312542359e-02,1.208744352754894669e-01,1.199779977583425583e-01,1.043458079921050219e-02,6.666988691200642636e-02,2.483275277247346258e-01,2.290160450394657099e-02,2.809294818426091855e-01,7.504387636895857305e-01,3.608668238735925904e-01,1.995332505734911943e-01,2.462483305152890212e-01,2.201020904131618383e-01,5.889846378898342394e-01,0.000000000000000000e+00,6.855179375698210453e-01,2.345902030724542064e-01,4.778155798917105290e-03,4.056862882351862098e-01,3.117660324246689929e-01,4.442181841500238426e-01,1.228944417340579465e-01,3.100205866462633630e-01,4.137330415991602450e-02,3.769119724564717888e-02,2.483168906704638912e-01,2.211139971747708155e-02,2.334513420809088968e-01,3.599590214632186203e-01,1.509480474024098573e-01,1.004240915125186734e-01,1.414027288639809754e-01,1.481377796149632164e-01,4.224714177818478245e-02,4.124977679884281323e-02,3.040343333794556235e-01,5.603160144518338354e-02,9.070280494085730671e-02,1.089599017714189266e-01,7.792061903663662914e-01,3.387363727295437665e-01,3.107818309984889948e-01,2.814862883473564503e-01,2.978913374197953989e-01,4.783019766999773159e-01,1.819570917958515388e-01,3.085817851153109803e-01,2.065204094775189569e-01,2.200641205901684994e-01,1.041613968482667796e-01,3.311522400309483971e-01,5.339476644916654746e-02,3.446339263100145489e-01,8.135443295061057789e-01,3.939442502288029169e-01,1.052371924700436778e-01,2.190325532559668220e-01,3.183574677134050068e-01,6.622544555195573057e-01,8.423728110117130186e-01,5.888368931922609573e-01,4.337259783283783365e-01,1.139443434739833977e-01,2.154136774899045870e-01,2.214199158563379677e-01,3.838480390104097584e-01,4.823885102531427771e-02,6.159052146520238580e-01,1.928326505655107992e-01,8.062497023779546801e-02
