0.000000000000000000e+00,5.367580059025998107e-01,7.528975102933302410e-02,4.168508666379984462e-02,1.961783458932238600e-01,1.396067273418523103e-01,4.318423728713151055e-01,9.498370545113007934e-02,2.892858574552886752e-02,4.660529349627245965e-01,1.472855667769877586e-01,9.770716503489106086e-02,2.331176996922519618e-02,2.529242674212029418e-01,2.457848070151510134e-01,6.932526210796872146e-01,6.601043016397620811e-01,4.390763821638115072e-01,9.983241652336422023e-02,2.720871784213051425e-01,6.915211079377902026e-01,3.956213605849156489e-01,1.411988896975537866e-01,5.437727582777479585e-01,5.366240012721921193e-01,6.134667280438788062e-01,1.160912198928867878e-01,3.358292253693914708e-02,5.244544820230194748e-01,3.871963475186201986e-03,5.148443804054416706e-01,5.535597276743275952e-01,4.402207018425924878e-01,2.523734629503242566e-01,4.646175647281927112e-01,3.495343338197131056e-01,2.764161683303516526e-01,4.190972353601499778e-01,4.746005222799086765e-01,5.266577620133552351e-01,4.748936654281247227e-01,3.877831443914518395e-01,3.196642667892116152e-01,2.097075531661438674e-01,4.033488160722567550e-01,8.667383447959707832e-01,2.709618458717645284e-01,1.582602882425435120e-02,3.137546307016453317e-01,1.759746822353446261e-01,1.337107602432366371e-01,1.584012618167199848e-01,5.761048744822905299e-02,7.793822357406746115e-02,2.431965863575056286e-01,1.974369033809467155e-02,1.734756687173046319e-01,1.560295391008770238e-02,3.666315891696438345e-01,3.439688649076130811e-01,4.250881006520267902e-01,8.816190936482889984e-02,1.154986272318028473e-01,3.668461201144535000e-02,1.907915919813923944e-01,5.740289844379706796e-01,2.137225904748528971e-01,7.616129877275587545e-02,4.719885533432967573e-01,5.286829160872112965e-01,5.864006638814842631e-01,2.123247999993124746e-02,1.247709701952228467e-01,4.957150690391253778e-01,2.217531029425189038e-01,4.785945341357633054e-01
5.367580059025998107e-01,0.000000000000000000e+00,2.769757317946106023e-01,5.661930249747153948e-02,1.805379165574377553e-01,7.270668974731424594e-01,4.251119830970984115e-01,3.037941843111385265e-01,2.636578170900908957e-01,7.714029727684200699e-01,2.502229935950743278e-01,3.212406118990557280e-01,5.155058847239235575e-01,3.027616719236607135e-01,4.891175476039527070e-01,7.187231840732006827e-01,7.849409992825548965e-01,8.418537924844639031e-01,3.008404821860599099e-01,5.564971437717802782e-01,6.325713649793598403e-01,6.128235106326176407e-01,4.345517681246423569e-01,1.760179257958758570e-01,9.746764099884216437e-01,7.779975455507950333e-01,5.133054735050144313e-01,4.242450583336860870e-01,9.027828533347526108e-01,1.761690752061982265e-02,4.662448812442740453e-01,1.027116541625646973e-01,3.197752119519746694e-01,3.147230419743790586e-01,1.875691620405380705e-02,3.376886526385343146e-01,1.685918994959737793e-01,8.985477912868740369e-02,5.814876410569429221e-03,1.096312948982750557e-01,3.857052375434717462e-01,1.141129416911845773e-01,9.270820571521122544e-02,6.774638958162595981e-02,2.415646133399060314e-02,3.809474752509471873e-01,8.485164045635684715e-01,1.829096314678413937e-01,4.136301904477371338e-02,1.452349866238736853e-01,4.462944625554450262e-01,8.463056639440705298e-02,2.999342214554416297e-01,2.134835730676865051e-01,3.067329972674534555e-01,1.991878085287136502e-01,1.346573702377352189e-01,2.097920666167831794e-01,1.035764777045345142e-01,4.772132314482916970e-01,3.725934729683573754e-01,3.603249218961393496e-01,5.114625703778533650e-01,2.909367370317684220e-01,5.016764413673032719e-01,4.834756334855515592e-01,5.007020746412598200e-01,3.485757255098619334e-01,9.644793706141061018e-02,6.256728086601091032e-01,4.819161344411314052e-01,4.351951744270937672e-01,1.299337727060060066e-01,6.444481681844058674e-01,1.335997705061821028e-01,2.185603950042653287e-01
7.528975102933302410e-02,2.769757317946106023e-01,0.000000000000000000e+00,2.141111443813889237e-01,7.391505189916917073e-01,6.564426745374727368e-01,3.202990550482451848e-01,5.563761012432182351e-01,9.648803824761902348e-01,1.580545606528074576e-01,9.848683579157238022e-01,6.244165483668813188e-01,6.919336896230605660e-01,1.758659861587917872e-01,7.096149545187032670e-01,8.905705131923453977e-02,1.303013935109488541e-01,2.075922764777710372e-01,9.097031744186514501e-01,7.571504330588051390e-01,6.066474955330597441e-02,6.930222398101970605e-01,8.196016312653945368e-01,1.397765377987417179e-01,9.410054798201106241e-02,3.258406320473657969e-01,7.866992662630905020e-01,7.614917749328076191e-01,3.162077195517840056e-01,5.123067044889781929e-01,1.338746989877099003e-01,2.654133522716846660e-01,3.155463053246316818e-01,1.723457666856461068e-01,1.788154471136881307e-01,2.028025420461587180e-01,2.912095400158190572e-01,2.226556348437642441e-01,2.723321329003508540e-01,3.010617584407211389e-01,1.947422589472291576e-01,2.520862475079156395e-01,3.140192732353234151e-01,6.055131430043030061e-02,1.693589246905363166e-01,1.633402912699628839e-01,5.417144156422802892e-01,1.000000000000000000e+00,2.947992361116225091e-01,8.143449962365625350e-01,6.821134138356391707e-01,3.672706750127121555e-01,6.401485986381401094e-01,9.486827501470393997e-01,9.401087497028809414e-03,1.000000000000000000e+00,6.700066076127905168e-01,6.300607322002538258e-01,2.699395867847236841e-01,5.654320481511451169e-01,5.052412378112630664e-03,1.979047620236878413e-01,3.725390948897739918e-01,8.573173250753297614e-01,6.579309747343491388e-01,4.585216426250932065e-02,7.854193410014123078e-01,8.764604908429672880e-01,8.105731715378666769e-02,1.151954647598499026e-01,3.738422682042491507e-01,7.336248432746393933e-01,7.027698073669237377e-01,6.673102864222561770e-02,3.621763987160311893e-02,2.335183143118302329e-02
4.168508666379984462e-02,5.661930249747153948e-02,2.141111443813889237e-01,0.000000000000000000e+00,6.083727945672270931e-02,1.302144253896993509e-01,4.679436942247686138e-02,3.203261634358518517e-01,1.193621490114562533e-01,1.404781376936029835e-01,2.410436514338742953e-01,3.770098813080600686e-01,3.554467252228449281e-01,1.478642341983401887e-01,2.710934070275764496e-01,7.015380047188274348e-02,1.722928644599581310e-02,6.308678247492700841e-02,2.195758920622935817e-01,2.043202814932608136e-01,1.954280581334266742e-01,2.025715549598946785e-01,2.750180674601701569e-01,3.258854948065951218e-01,1.398869761137927492e-02,6.945588641925205808e-02,6.504324334709685185e-02,4.606855509421157180e-01,1.344935148540256087e-01,4.260415249200492083e-01,3.235793787087165030e-01,4.017533182036763240e-01,1.019257588884596166e-01,3.606467743932759706e-01,1.446702255900837453e-01,5.107716903471939407e-01,5.402690179747349219e-01,3.304852242763635095e-01,4.903974858098981704e-01,3.682958480503779053e-01,1.686355738617587030e-02,1.258429182176521721e-01,6.808376150239631164e-03,2.138636369001603310e-01,3.504669618390677255e-01,1.491776537910697031e-01,1.208548480281867038e-01,6.956189122372767597e-02,1.046143877992875559e-01,2.197265703752535604e-01,1.999615579658221287e-01,1.638801210446615142e-01,3.026829544752299705e-01,2.314846952310865014e-01,1.514781760032711255e-01,2.053330710636799283e-01,2.915796359862857789e-01,1.133796998387394672e-01,1.514689492847137997e-01,1.994834229308256046e-01,3.239681483709488385e-01,1.887923091531159558e-01,4.261134269572026956e-02,1.114775448452085538e-01,1.081542541199425611e-01,2.865858029712036181e-01,1.011380075331943657e-01,2.334530054294743084e-01,3.450348001261522857e-01,2.074042217290876511e-01,8.143932343801013607e-02,2.125628631243739464e-01,1.100110664888035716e-01,2.760377056440693755e-02,3.989971747330612883e-01,4.879433712834212455e-01
1.961783458932238600e-01,1.805379165574377553e-01,7.391505189916917073e-01,6.083727945672270931e-02,0.000000000000000000e+00,5.778858093357613912e-01,7.122918730390138675e-01,5.414593521109045682e-02,7.792810105963038358e-01,2.133077977490935861e-01,5.881166964420742049e-01,4.400168111320374442e-01,6.094933402385525056e-01,3.271889184717045040e-01,3.800332511955779591e-01,2.597356423964798378e-01,2.942710308055395130e-01,3.711918260086458643e-01,6.101025712653163069e-01,6.181966923614663489e-01,1.018036414075708940e-01,6.145464999810106299e-01,5.077392878282804833e-01,4.613368647100086206e-01,1.555445324324888356e-01,5.306463980542355241e-01,6.383328607536242760e-01,4.986707760905967901e-01,4.531761328783364684e-01,2.830500680662566548e-01,1.127701099145078101e-01,1.113657568587997360e-01,4.199001639878282566e-01,3.101673165598224369e-01,3.225716946958738784e-01,1.035949480080311513e-01,8.666286794885605382e-02,5.706369137745198605e-01,1.861731636454311833e-01,1.000041884170481954e-01,1.338432741049511709e-01,3.085126752732316735e-01,6.012605041655482152e-01,4.370378405777766706e-01,4.916394106529577979e-01,1.965809178926082867e-01,3.023767207011757718e-01,7.795201527795474483e-01,5.148923003117716890e-02,7.735702729926129395e-01,4.863987899591709629e-01,1.812674236251283766e-01,1.271794597976257379e-01,6.971545087973028965e-01,1.199541339350930907e-01,7.659035205728688123e-01,6.540979616133433261e-01,7.149558536593466629e-01,6.916994844460879754e-01,2.878225533322684715e-01,4.869555402170644420e-01,3.373222074246599866e-02,5.382591468064741314e-01,5.960894120886015557e-01,5.176681740174174928e-01,1.956514377843512065e-01,7.047812819520868910e-01,4.859771503890396582e-01,3.710709004310465131e-01,2.767442791231804478e-01,6.228258419706071969e-01,4.469695349641026327e-01,8.330634319931816689e-01,2.348805889584587858e-01,2.567928427126291435e-01,4.842862772065099630e-01
1.396067273418523103e-01,7.270668974731424594e-01,6.564426745374727368e-01,1.302144253896993509e-01,5.778858093357613912e-01,0.000000000000000000e+00,4.797100830413950634e-01,5.608484380659738422e-01,6.043332868320754336e-01,4.898359036230420238e-01,6.617241356486232018e-01,6.941229508151404159e-01,7.703249053082095177e-01,1.399486851510626795e-01,5.953034394179134159e-01,3.515532217159425543e-01,4.127957763989003048e-01,5.449290216354674143e-01,5.685179963029021177e-01,7.005408374215148504e-01,3.438340651500435552e-01,7.147703401972504977e-01,7.267939075512118707e-01,2.120232729024990603e-01,5.151995076666049389e-01,6.241251239669316497e-01,7.297915007345531224e-01,6.549073550490496221e-01,6.598599829283009477e-01,3.196188727764370241e-01,3.583978905864141362e-01,8.305295388428063363e-02,2.957352739558022359e-02,3.330055898290905370e-03,1.315519388564022341e-02,3.200000055449707392e-02,1.716528065618770360e-01,2.842650094984606746e-01,1.452095298540570512e-01,8.645062125978839052e-02,6.061977156143699696e-02,1.330449476158148125e-01,2.689630617082395814e-01,1.049090953906962609e-01,9.440345785299363024e-02,5.752653160460009796e-03,7.243541862795119801e-01,5.902999213383413046e-01,1.114047683495664742e-01,4.580345640823049180e-01,7.440179046712094291e-01,3.140083031648763789e-01,5.790130405041142847e-01,5.156359455780643586e-01,1.567602126444014865e-01,6.345342469779050587e-01,6.544183505881357998e-01,6.760621999267741877e-01,3.227105422741201046e-01,5.464387189459208871e-01,1.275601651890267418e-01,2.623484486642303493e-01,4.871189201296582394e-01,5.667848574148356411e-01,6.478984594422675380e-01,2.590665613793950439e-01,7.246502204857199203e-01,6.675867243251120131e-01,9.763043354598568979e-02,2.432909954020348597e-01,4.808916351446458348e-01,6.593004834403484171e-01,4.816591687486984075e-01,3.023840462190788281e-01,2.516368267460815725e-02,1.331898878241980222e-01
4.318423728713151055e-01,4.251119830970984115e-01,3.202990550482451848e-01,4.679436942247686138e-02,7.122918730390138675e-01,4.797100830413950634e-01,0.000000000000000000e+00,1.898280234258522270e-01,4.618068027880222193e-01,5.145025443198961712e-01,2.043236184243841236e-01,2.184504546536833458e-01,5.070465858853515639e-01,2.554854308050025780e-01,1.561005136277051342e-01,5.575076825860073582e-01,7.393448671890372470e-01,7.176215497689397704e-01,2.845249552310687435e-01,4.415947328398215355e-01,1.146838671797888731e-01,5.333790332260541778e-01,2.526851471789914871e-01,4.952323535351642603e-01,5.277544042316906214e-01,7.010942674785443085e-01,3.762271145346945400e-01,2.536964723785286036e-01,6.232487912559135923e-01,1.246908084567346919e-02,3.137355626148053966e-01,4.311354911211969232e-01,1.995160752906956492e-01,8.536186504174955725e-02,4.810327895370811180e-01,1.814000782942221945e-01,2.326622389337307251e-02,7.002929345383512860e-01,4.471964514541277858e-01,4.381396871018949923e-02,6.604144645771137245e-02,4.858749413453892774e-01,5.457051252354823134e-01,5.079897471775199902e-01,5.574462241553344022e-01,4.452338917640521476e-01,3.198917829156338044e-01,3.603699994605520374e-01,2.146994065655659367e-01,3.312798020437703328e-01,2.405957365421985128e-01,7.683725582420203315e-02,1.038157082564805517e-01,3.742411058973079685e-01,2.246115528708278464e-01,4.162601586122070541e-01,3.558057793932410950e-01,4.872442520968299773e-01,6.126620091331160811e-01,1.630309603607544566e-01,6.393087586039807313e-01,1.130135187897373106e-01,4.255045643345404804e-01,3.430488905788621201e-01,3.045351787543364441e-01,4.107160433527820564e-02,4.984332172446429565e-01,2.257480441370577073e-01,3.341733747605262761e-01,5.465690343938851559e-01,6.754459176437810353e-01,1.973626218477533278e-01,5.369053926793899700e-01,4.276091470195070299e-01,3.578768135438943343e-01,6.397948770291684850e-01
9.498370545113007934e-02,3.037941843111385265e-01,5.563761012432182351e-01,3.203261634358518517e-01,5.414593521109045682e-02,5.608484380659738422e-01,1.898280234258522270e-01,0.000000000000000000e+00,3.543525021756429583e-01,3.576496223655841744e-01,6.470903462737296330e-01,8.542519602103540999e-01,5.072016790250722940e-01,4.357435316322547658e-01,4.804369096825631957e-01,6.701780449114999594e-02,5.271233596344812589e-02,9.573999160603915981e-02,5.170679441415922950e-01,2.349369676652491301e-01,3.536819755614130090e-01,1.855129126612085622e-01,7.478280881694633342e-01,1.912060446628816024e-01,1.362655176576562099e-01,1.784129031626390527e-01,3.561930845058011719e-01,5.963498492360135295e-01,1.699238882950097895e-01,4.722836212701226888e-01,2.271474765044417810e-01,4.879676922215804291e-01,1.440856764288310499e-01,2.867196749451120796e-01,5.538465992002408189e-01,3.235983611696638951e-01,3.517250231861208665e-01,1.949141725602427100e-01,6.730735340929586696e-01,2.094845308183218013e-01,3.470784417407280636e-02,5.601011314649475548e-01,7.825144229678995811e-02,4.291042351962386370e-01,4.206342111686178775e-01,2.124973902363903044e-01,4.822826921104272913e-01,4.170792174604191493e-01,1.341556172630876398e-01,2.838138849979461309e-01,3.901435382616482150e-01,4.062696915403305464e-01,9.002740867190088814e-01,3.364197632474476007e-01,2.572702106454691773e-01,4.652665110153408889e-01,5.903271209394167496e-01,1.287075683078402755e-01,2.993471024590433349e-01,3.633745054734649482e-01,6.242696199944396396e-01,4.692573241215195479e-01,4.154148229474909082e-02,4.205983872766542730e-01,2.241454921646203469e-01,4.028275481352763254e-01,2.400340622927517042e-01,6.619196651658988406e-01,3.062726288814704434e-01,3.023820977210323058e-01,1.297690667706599688e-02,4.217649962145844089e-01,1.131658188251927766e-01,2.234535412264041232e-01,4.266263116299568448e-01,5.556934339922003918e-01
2.892858574552886752e-02,2.636578170900908957e-01,9.648803824761902348e-01,1.193621490114562533e-01,7.792810105963038358e-01,6.043332868320754336e-01,4.618068027880222193e-01,3.543525021756429583e-01,0.000000000000000000e+00,2.409814168879745311e-01,8.595617912472172106e-01,5.451141718406145031e-01,6.920827949555879988e-01,1.073935142518189362e-01,6.908910072127514290e-01,2.049219373617619522e-01,2.620698341837183198e-01,2.474905952646036522e-01,8.297800638080508051e-01,7.374328610410392226e-01,9.962929686946644936e-02,7.158261593046393312e-01,7.013856801988073153e-01,1.067154269050488991e-01,1.127485178147542844e-01,3.340644149771813121e-01,8.444129088197813715e-01,7.383506937520252222e-01,4.643756878679846101e-01,4.916786116221211755e-01,2.519574143671430289e-01,2.267267390481868261e-01,3.536774025423058410e-01,6.741319900659427378e-02,9.411378961363812967e-03,1.013060197761157244e-01,2.398662428537418623e-01,4.289107710220693148e-01,2.290295599184603015e-01,2.859871862049848112e-01,1.334730331968854156e-01,1.043162295152698649e-01,3.242208793808956102e-01,1.567872521281925557e-01,3.018885098769972242e-01,6.092440665459192273e-02,4.880167312902276011e-01,9.558091414150694520e-01,1.991563860798747365e-01,8.588438973324382664e-01,4.811839165906207638e-01,3.952989573962548686e-01,4.161208236496266588e-01,8.865337785661571157e-01,8.112798096260132041e-02,9.567478281729367984e-01,6.055337783189890244e-01,6.083729470897859537e-01,3.062202727871669583e-01,6.159389651906390650e-01,1.825969817716189825e-01,1.392495583135549553e-01,3.393031194268749662e-01,7.995010146396841488e-01,6.710687195076125988e-01,5.194073260527065639e-02,8.494271421532662014e-01,7.474421622202644944e-01,1.655077919763061137e-02,4.421667840159637652e-02,3.737339139527930953e-01,6.735132961335070778e-01,7.091155814422114290e-01,1.217171670498534974e-01,1.335582469718373799e-01,2.318498877027795890e-01
4.660529349627245965e-01,7.714029727684200699e-01,1.580545606528074576e-01,1.404781376936029835e-01,2.133077977490935861e-01,4.898359036230420238e-01,5.145025443198961712e-01,3.576496223655841744e-01,2.409814168879745311e-01,0.000000000000000000e+00,2.132637495393164273e-01,4.641798023042969512e-01,5.238619993255606566e-01,2.626992562561733524e-01,3.928627556559232126e-01,5.293371474553921763e-01,6.729669428904019313e-01,5.997765021364601656e-01,2.468245722418379307e-01,2.964154468520104890e-01,6.078316011176128075e-01,4.215225638148124565e-01,3.894725396514328031e-01,6.745579275302979183e-02,7.340741174749196851e-01,6.785495112426724873e-01,2.423030755920351775e-01,4.063587655916390262e-01,7.322074339228940021e-01,6.238327996804020337e-02,5.435796120275551147e-01,5.760971748875964166e-02,2.610539792585502283e-01,3.599872546233571224e-01,1.682210044373712854e-01,2.931263171908969623e-02,1.636120731963146557e-01,8.336667495778038450e-02,1.253491135704114523e-01,2.912681299824436409e-02,3.084891900052053049e-01,1.116319231134143414e-01,8.556760545377063709e-02,9.996867355524602372e-03,9.173618583721618314e-02,2.495647724516373844e-01,5.218806010933434436e-01,1.541835028060957735e-01,2.371356689547249319e-01,3.187484202528764743e-02,1.857575523933136519e-01,2.609503721342565363e-01,3.226650951333356332e-01,2.287050465084637385e-01,5.785616033318495832e-01,3.022238616763388008e-01,2.298264525472962228e-01,1.025508943836790365e-01,2.825892147816188443e-02,4.237032185556522390e-01,5.240778586395160310e-02,3.002835197050138238e-01,2.116627871350515722e-01,2.575872119839665020e-01,2.892222436587325030e-01,5.950309138697246203e-01,2.395376797438389938e-01,3.299561150185936209e-01,1.005351788981113104e-01,3.088592768681516776e-01,3.428637791455115824e-01,3.002930722859440404e-01,4.375244127130620275e-02,4.829809071436748091e-01,2.120595299100094464e-02,3.246523428385351961e-02
1.472855667769877586e-01,2.502229935950743278e-01,9.848683579157238022e-01,2.410436514338742953e-01,5.881166964420742049e-01,6.617241356486232018e-01,2.043236184243841236e-01,6.470903462737296330e-01,8.595617912472172106e-01,2.132637495393164273e-01,0.000000000000000000e+00,7.518338936799121575e-01,6.946800547622856703e-01,2.623075407689979821e-01,6.541717765402694784e-01,7.820865713354073490e-04,5.564322603715422810e-02,1.772688622843519302e-01,9.237319362491828167e-01,5.924342671034454888e-01,5.469853902575683158e-02,5.100518558234828914e-01,8.401720805541665893e-01,4.219575305300456852e-02,8.702154269873811632e-02,2.419251452921485079e-01,7.256628502555380056e-01,7.706545787600722619e-01,3.086498040365565076e-01,5.499072408238833143e-01,1.183900169235080346e-01,3.945685121945515239e-01,2.751355421408656632e-01,4.070830370715829150e-02,3.204498470405534039e-01,2.926291053506472895e-01,3.254086505465058621e-01,2.015460129576640558e-02,4.068376892321363125e-01,3.134447613177815395e-01,1.370172079548732935e-01,3.200040610532598473e-01,2.034630932004840020e-01,8.752564345311078520e-02,8.752784445681298375e-02,2.357567319391966065e-01,5.403202584600331759e-01,8.942271409474806809e-01,1.686806911500892125e-01,7.634133633273467723e-01,6.518417668401212950e-01,4.981716401742937728e-01,6.768788756900665504e-01,8.034337205590204034e-01,1.382997813172737456e-01,9.121654971457189287e-01,7.164144957641196410e-01,5.137966241890543628e-01,1.129177980334300224e-01,4.832515128381833502e-01,1.475675449460961408e-01,3.783989053416473847e-01,3.212188728992886877e-01,8.058728615330581491e-01,5.328237942219732348e-01,5.246813522508053662e-02,6.269286094456606451e-01,8.518729604100806485e-01,1.638646029591105946e-01,1.598757803230416163e-01,2.445447104413334960e-01,7.072407802600968463e-01,5.022039762383651018e-01,6.735665132478394629e-03,1.000191543405174188e-01,1.472441361784463942e-01
9.770716503489106086e-02,3.212406118990557280e-01,6.244165483668813188e-01,3.770098813080600686e-01,4.400168111320374442e-01,6.941229508151404159e-01,2.184504546536833458e-01,8.542519602103540999e-01,5.451141718406145031e-01,4.641798023042969512e-01,7.518338936799121575e-01,0.000000000000000000e+00,7.326843437133541137e-01,2.260256624219674215e-01,5.389265866467064514e-01,2.281142904342831068e-02,7.992556946699314047e-04,1.777384003067776774e-01,5.721960186716177343e-01,4.686168993789244785e-01,2.335328850978385384e-01,3.845577929112353743e-01,7.689883133107908719e-01,5.007152542490955760e-03,1.404559505403808750e-01,3.198748028849873748e-01,5.209511092594616422e-01,6.383000224382728849e-01,3.558474182539501651e-01,4.590346455929075198e-01,1.807444313770814603e-01,4.048701805762351391e-01,9.005950639907223110e-03,1.877688883507430961e-01,3.686972485334979455e-01,3.678996749024842083e-01,4.017944434780525431e-01,7.593029134250739443e-02,5.195110202193432558e-01,3.028200237490710212e-01,3.031767554089621897e-02,4.308464189667721156e-01,1.495279596394485100e-01,1.346986629867913399e-01,2.372616964760139169e-01,2.507273322957210282e-01,4.635319032306428055e-01,5.602313643334513316e-01,9.097496470352571529e-02,4.824374114940883085e-01,5.434184758947004923e-01,4.140580028107223587e-01,7.996714781119020898e-01,4.819569539241225775e-01,2.860744227940157369e-01,6.354251330736081504e-01,8.142783932785796486e-01,4.456606197908279388e-01,2.566420900803639826e-02,3.931751186771685336e-01,3.866138010137890602e-01,4.302749577874610543e-01,1.937138899527512115e-01,4.675900101300815570e-01,4.051404851157455744e-01,2.246980964143359405e-01,4.022946855062082827e-01,6.713127988394255174e-01,1.434363158602047217e-01,2.527105473103439248e-01,1.051384466493846537e-01,5.066601877372290952e-01,1.849951795785740316e-01,1.036101198976719651e-01,2.414991582363082423e-01,3.530209111599141858e-01
2.331176996922519618e-02,5.155058847239235575e-01,6.919336896230605660e-01,3.554467252228449281e-01,6.094933402385525056e-01,7.703249053082095177e-01,5.070465858853515639e-01,5.072016790250722940e-01,6.920827949555879988e-01,5.238619993255606566e-01,6.946800547622856703e-01,7.326843437133541137e-01,0.000000000000000000e+00,2.383217199230243666e-01,5.513424884555852001e-01,4.146786114827692993e-01,4.247743778268188719e-01,5.122131642251503969e-01,6.281320492740749550e-01,6.177206610011510834e-01,2.003236923302145478e-01,6.363194174819783999e-01,6.261795936864769097e-01,9.348205812647736312e-02,3.810631971370493920e-01,5.034726279325558718e-01,6.032440675375397854e-01,8.337505285685451462e-01,6.244828466651667354e-01,4.250401332601801974e-01,3.393905391850657316e-01,2.906049382583193452e-01,2.325696726563744043e-01,4.654403817256835829e-02,1.487898383910955802e-01,1.364313352296830650e-01,3.017249190113600599e-01,1.778453240855000506e-01,3.386171544110461173e-01,3.879955825991021623e-01,4.868211610404706707e-02,1.780733452904902925e-01,2.122931243895581632e-01,1.021575099365337747e-02,1.009754162854818726e-02,1.392871261532311611e-01,5.790664185365720362e-01,6.147332904830398181e-01,1.364469354070536045e-01,6.002570102474078517e-01,6.153660023787080879e-01,3.572270044669188516e-01,4.981326619440177850e-01,5.976711839138584281e-01,1.971183552553150142e-01,6.502766744602612725e-01,7.272450192167423388e-01,6.420261538480259711e-01,1.500615610826013524e-01,4.743537219578752850e-01,4.749224123812865322e-02,4.007658410705519092e-01,5.298698685830104393e-01,5.355026402224600801e-01,5.637553214365996768e-01,1.501167683883754544e-01,6.433474889210223369e-01,5.778559889669118155e-01,8.303169113283739855e-02,6.802007197592363497e-02,3.138035480206707306e-01,4.976411159261703299e-01,4.713733327374658444e-01,2.096993768756988952e-01,1.025252449847625230e-02,3.151905978474633940e-02
2.529242674212029418e-01,3.027616719236607135e-01,1.758659861587917872e-01,1.478642341983401887e-01,3.271889184717045040e-01,1.399486851510626795e-01,2.554854308050025780e-01,4.357435316322547658e-01,1.073935142518189362e-01,2.626992562561733524e-01,2.623075407689979821e-01,2.260256624219674215e-01,2.383217199230243666e-01,0.000000000000000000e+00,2.846393215551344946e-01,7.623758376194370023e-02,1.435009548999149898e-01,1.179370573151144880e-01,3.146512114498349888e-01,7.828560430591882668e-02,2.470805029619214110e-01,9.543153755529014404e-02,1.770268046468487511e-01,4.977711146249994556e-01,1.409154701541176780e-01,1.112250245252983105e-01,1.425221926001942752e-01,2.379380455759202706e-01,1.478919309562772011e-01,1.007887535369690474e-01,5.791810832924379482e-02,3.757077912654657736e-01,1.135961333160679099e-01,2.904226833811355268e-01,5.792492658009840145e-01,1.550703943100466831e-01,6.511188221806496479e-02,4.581225226684989549e-01,5.319195279007490340e-01,4.060838310860440670e-01,5.155719767231738138e-02,6.178806936728612476e-01,5.296829327468455251e-01,5.089794874613157161e-01,5.176361658632376850e-01,4.064810248306861551e-01,3.161558385082621769e-01,1.021740084517520214e-01,2.058450743156026719e-01,4.991992994147709251e-03,1.571180514172534903e-01,2.805296601144257607e-01,3.960278021579244356e-01,1.597915241771526162e-01,2.995401080200159327e-02,1.549156540253251169e-01,8.428755886248354146e-02,1.918108404145307810e-01,5.548759278504439285e-01,2.944462988965604877e-01,3.611834633499594882e-01,2.813208397300713259e-01,8.146081948626765490e-02,2.420295406331802734e-01,2.402615284616166358e-01,2.583382513673699310e-01,5.171800757522922176e-02,2.539002597407274409e-01,5.019800731060383159e-01,3.851204903019825321e-01,4.223291739224333541e-01,2.765423120048360883e-01,2.426615390367289349e-01,7.590023354040532910e-02,7.727745674617307603e-03,3.502938498855053817e-01
2.457848070151510134e-01,4.891175476039527070e-01,7.096149545187032670e-01,2.710934070275764496e-01,3.800332511955779591e-01,5.953034394179134159e-01,1.561005136277051342e-01,4.804369096825631957e-01,6.908910072127514290e-01,3.928627556559232126e-01,6.541717765402694784e-01,5.389265866467064514e-01,5.513424884555852001e-01,2.846393215551344946e-01,0.000000000000000000e+00,2.905445428694083954e-01,2.522349653009998138e-01,2.309368574779557259e-01,5.935805375007047191e-01,7.656804476319358788e-01,5.651202784233798626e-01,8.006905279494308525e-01,7.468514637979170034e-01,3.002279887195699604e-02,3.110092866504240439e-01,3.108657995815723996e-01,7.756160524648034738e-01,7.775108830694015261e-01,5.572321720126756084e-01,5.865381586323660246e-01,4.664010476010034267e-01,1.966772127732663855e-01,4.763310903447522116e-02,1.721464783543506794e-01,2.928226576920432978e-01,2.211343181441799421e-01,2.007625616780467359e-01,1.937484466792177562e-02,3.374174883500277167e-01,6.545192739379451785e-02,1.457154061007007173e-01,2.144601993506568549e-01,1.242054805186509903e-01,1.574857578148514681e-01,2.167757389676347457e-02,1.245622008333378550e-01,7.073834114653761995e-01,6.459148921357185102e-01,1.592029760433776864e-01,5.882790030184853469e-01,6.015477814706807758e-01,4.869804132479048642e-01,5.648815559389830376e-01,7.554861807981032573e-01,2.634614868910486463e-01,6.894413735300588542e-01,4.453739322309116511e-01,3.665243962570290392e-01,1.575612361009436080e-02,8.963623065282697588e-01,3.217126192253627615e-02,3.752259356436875581e-01,3.121073683881287475e-01,6.215385450794332911e-01,7.604633647270098162e-01,5.153204701985032443e-01,8.054730664272368168e-01,7.862537137407995536e-01,1.975525991301657625e-02,1.907558994038233147e-02,3.248857379618989016e-01,8.827254177039075556e-01,4.913903748684236850e-01,4.131302064574544630e-01,6.965707434164328249e-02,5.639080376890731605e-03
6.932526210796872146e-01,7.187231840732006827e-01,8.905705131923453977e-02,7.015380047188274348e-02,2.597356423964798378e-01,3.515532217159425543e-01,5.575076825860073582e-01,6.701780449114999594e-02,2.049219373617619522e-01,5.293371474553921763e-01,7.820865713354073490e-04,2.281142904342831068e-02,4.146786114827692993e-01,7.623758376194370023e-02,2.905445428694083954e-01,0.000000000000000000e+00,9.199518045566545954e-01,7.334195587383556258e-01,1.165704585818827105e-01,4.220803227373700062e-01,5.183614148081256978e-01,5.254521003052157191e-01,1.420848872536705221e-01,2.140962068606075408e-01,7.121047363978064704e-01,6.001171096900861368e-01,2.721906264270019249e-01,3.868901352159872520e-01,7.876928538722507422e-01,1.801632747598581608e-01,6.282773320550437690e-01,2.902461432626483040e-01,2.621669730730360470e-01,2.981807182281388524e-01,3.606998014863133095e-01,3.870675578880762302e-01,1.719596578163930523e-01,3.010942747562558863e-01,1.799406090406059089e-01,2.464689069300006197e-01,4.237809830901287933e-01,1.718458575172550074e-01,1.833125347872297528e-01,1.506681909279017906e-01,2.758577151702081287e-01,5.804747779125238871e-01,4.162106621812236562e-01,7.208583101194931952e-02,1.123531334465614206e-01,3.997910542839216985e-02,1.304895382373430501e-01,1.668870318525791929e-02,4.905087414891722702e-02,2.089739997041949460e-01,2.115048575813228415e-01,1.266690261974878495e-01,4.193903841914975450e-02,1.877800311031309621e-01,2.571922396816414547e-01,3.785253620386953566e-01,5.401815873153272829e-01,1.079618993922069892e-01,4.409940078463206459e-01,1.356251327673980989e-01,3.407723738353771181e-01,4.081015660456460137e-01,3.571339812816657355e-01,9.312475581340409758e-02,2.129270964574742353e-01,5.245655566709107598e-01,4.476048416818151354e-01,1.964880231956077083e-01,2.684103682661359569e-01,6.839508200747475009e-01,2.032889890568037317e-01,4.222693343113496089e-01
6.601043016397620811e-01,7.849409992825548965e-01,1.303013935109488541e-01,1.722928644599581310e-02,2.942710308055395130e-01,4.127957763989003048e-01,7.393448671890372470e-01,5.271233596344812589e-02,2.620698341837183198e-01,6.729669428904019313e-01,5.564322603715422810e-02,7.992556946699314047e-04,4.247743778268188719e-01,1.435009548999149898e-01,2.522349653009998138e-01,9.199518045566545954e-01,0.000000000000000000e+00,8.652379595054717765e-01,1.901974877056525903e-01,3.992985246193718751e-01,5.347590539896587281e-01,5.249765110187464279e-01,1.732659770640681829e-01,2.643959619716098053e-01,8.006542192931594970e-01,7.032359047843956823e-01,2.611301124537110940e-01,2.344021813571074420e-01,8.453141364844518613e-01,7.187547396593352289e-02,6.695874928263936265e-01,4.102281632111697274e-01,2.820769107047011448e-01,3.047919045547639594e-01,3.454483468248975564e-01,4.455350888049030011e-01,9.900060891969403309e-02,4.536954362946895025e-01,2.780184103036761889e-01,2.302439692780249292e-01,2.949720010765993772e-01,2.371029617306638637e-01,2.293072214590513025e-01,2.095992245947591037e-01,3.326396398123003251e-01,5.476493751761991602e-01,4.500906475609219859e-01,1.313880515937148330e-01,2.788016286731390125e-01,1.383917371349935310e-03,1.957133021941330486e-01,1.495711135692358584e-01,8.024151699441789409e-03,2.738809729325485387e-01,2.679871529760129989e-01,2.428898548644577993e-01,8.217454397145351752e-02,2.330223520197591269e-01,3.192335475438182746e-01,3.090283421542903142e-01,4.833041548353028127e-01,5.616458728572970571e-02,3.332898155300764165e-01,2.271464108706656160e-01,3.057679826519447142e-01,4.230339750798787213e-01,2.877329432719425428e-01,1.730285256339106903e-01,1.134413618055874345e-01,4.719858817477705082e-01,4.891351700522922341e-01,2.280874685825973469e-01,1.760224545646300875e-01,7.345008761927968033e-01,2.070927238823261907e-01,4.696529039221581381e-01
4.390763821638115072e-01,8.418537924844639031e-01,2.075922764777710372e-01,6.308678247492700841e-02,3.711918260086458643e-01,5.449290216354674143e-01,7.176215497689397704e-01,9.573999160603915981e-02,2.474905952646036522e-01,5.997765021364601656e-01,1.772688622843519302e-01,1.777384003067776774e-01,5.122131642251503969e-01,1.179370573151144880e-01,2.309368574779557259e-01,7.334195587383556258e-01,8.652379595054717765e-01,0.000000000000000000e+00,1.902999147281254078e-01,5.075407349953013902e-01,3.846913798794481809e-01,5.682517054991831351e-01,2.323777606283016217e-01,2.829600086546066318e-01,8.473250235817358922e-01,7.145583796948243860e-01,3.352854597571485740e-01,2.443401380700747083e-01,7.610683253348397015e-01,3.260754461237207191e-02,3.846964992800694372e-01,3.580574701363518075e-01,1.819014219985671810e-01,9.300210276231235529e-02,1.800719653846224455e-01,3.782867052260412977e-01,1.099746744651084601e-01,3.229079578706423037e-01,2.479807709858055376e-01,9.573417825425607763e-02,2.669233723083725418e-01,1.413062680725671871e-01,2.924363462431948113e-01,2.098564058171412672e-01,2.933217547965060179e-01,3.157813881256255062e-01,5.248863919570230241e-01,1.508560691008916099e-01,1.155617334885489927e-01,2.515816263374437423e-02,3.368878040199174140e-01,7.011596546364748384e-02,1.407926011162375091e-01,2.811858703724797737e-01,1.712185235402258754e-01,2.759681504877261604e-01,1.309445958037856184e-01,3.202635699524855606e-01,3.245452539391165958e-01,2.408751693100137647e-01,4.977106376838087431e-01,1.629434987981588367e-01,5.709843954654403309e-01,2.115721418801871923e-01,4.081127651993360361e-01,2.609865972673113266e-01,4.068412373559264772e-01,1.763928544423247757e-01,2.041488242122896368e-01,4.823638129477367253e-01,4.313984594520426374e-01,2.739886448550646336e-01,2.993219566223715433e-01,5.912962014545866118e-01,2.340718046806343489e-01,3.757757516497021721e-01
9.983241652336422023e-02,3.008404821860599099e-01,9.097031744186514501e-01,2.195758920622935817e-01,6.101025712653163069e-01,5.685179963029021177e-01,2.845249552310687435e-01,5.170679441415922950e-01,8.297800638080508051e-01,2.468245722418379307e-01,9.237319362491828167e-01,5.721960186716177343e-01,6.281320492740749550e-01,3.146512114498349888e-01,5.935805375007047191e-01,1.165704585818827105e-01,1.901974877056525903e-01,1.902999147281254078e-01,0.000000000000000000e+00,5.754741605584829944e-01,1.267931798427681944e-01,5.506476853310475761e-01,7.309316361249322824e-01,6.000764906106781371e-02,1.194001256266172539e-01,2.406899489467100028e-01,7.080096931434964880e-01,7.344477404688596334e-01,3.376305069074022613e-01,4.869870226780022571e-01,2.588954400728287752e-01,3.033858237973917626e-01,1.498934707051993442e-01,1.047484010329110815e-01,1.607649981596640243e-01,1.569543677687606220e-01,1.786994108068743481e-01,1.164399117531952493e-01,3.688163551616354674e-01,2.221984241937899063e-01,7.612324306822146336e-02,2.532143216354929560e-01,1.907517304388266222e-01,3.607955307817267698e-03,3.650947529735150410e-02,1.793884961785103260e-01,5.617792151010430057e-01,8.250455586559076737e-01,1.841836357855390627e-01,6.531875355373041314e-01,4.956159807394754369e-01,3.640503772849640884e-01,5.535023554216198516e-01,7.615504656683199647e-01,1.246602398023994585e-01,9.198523563821555671e-01,5.272574022106968350e-01,4.902547265557313239e-01,1.383314407742289309e-01,4.831254977030327580e-01,9.599302867073979117e-02,2.731161161995684372e-01,3.446035608680171336e-01,9.283090919200024382e-01,4.761162033987596520e-01,1.032526646913061730e-01,6.116523157910290776e-01,7.423754756313261094e-01,1.478211630508686203e-01,8.626064911272807167e-02,2.971812799382358428e-01,6.242281018810491577e-01,5.342370907544069514e-01,3.423738428089427577e-02,8.118603168294574735e-02,6.588799284945597023e-02
2.720871784213051425e-01,5.564971437717802782e-01,7.571504330588051390e-01,2.043202814932608136e-01,6.181966923614663489e-01,7.005408374215148504e-01,4.415947328398215355e-01,2.349369676652491301e-01,7.374328610410392226e-01,2.964154468520104890e-01,5.924342671034454888e-01,4.686168993789244785e-01,6.177206610011510834e-01,7.828560430591882668e-02,7.656804476319358788e-01,4.220803227373700062e-01,3.992985246193718751e-01,5.075407349953013902e-01,5.754741605584829944e-01,0.000000000000000000e+00,2.259947883081856457e-01,1.000000000000000000e+00,6.046278649773892955e-01,2.912648006662617028e-01,4.598560786059857630e-01,5.198088744564692831e-01,8.233758260047101540e-01,6.982244851390280171e-01,6.062881641610037287e-01,4.259401232810748339e-01,3.093002306670347146e-01,7.882129496639539434e-02,2.660165824610001284e-01,1.673920228462109638e-01,6.786883646497335332e-03,3.904277986596634692e-02,2.267386298914240150e-01,3.135605966925177901e-01,5.016635404771566109e-02,9.769096445272557050e-02,6.021747875244683190e-02,4.044273894046823692e-03,4.205374116626582337e-01,2.472345667323396501e-01,3.240659170794281674e-01,1.266561765758711933e-01,6.988917664517177997e-01,7.198658653865632751e-01,2.390889950249739382e-01,6.260712360612888938e-01,8.279339039940601941e-01,2.767247241344880093e-01,3.366876264119631479e-01,7.788969615266631008e-01,1.062301715630262489e-01,6.747245869174677280e-01,6.216813410620919411e-01,6.993941130433537490e-01,3.839878091586915176e-01,6.810306868927085144e-01,5.189788836328113053e-01,2.590600989164920653e-01,6.447139713417748830e-01,6.065566887545706942e-01,9.790275164020419973e-01,1.602721360966853914e-01,1.000000000000000000e+00,6.621907294552822343e-01,3.202838434123306266e-01,2.850629557751958032e-01,5.488677224991342918e-01,8.504020766525732800e-01,8.138340087513586951e-01,5.525457325753633242e-01,2.179430242556855135e-01,3.558810204650137976e-01
6.915211079377902026e-01,6.325713649793598403e-01,6.066474955330597441e-02,1.954280581334266742e-01,1.018036414075708940e-01,3.438340651500435552e-01,1.146838671797888731e-01,3.536819755614130090e-01,9.962929686946644936e-02,6.078316011176128075e-01,5.469853902575683158e-02,2.335328850978385384e-01,2.003236923302145478e-01,2.470805029619214110e-01,5.651202784233798626e-01,5.183614148081256978e-01,5.347590539896587281e-01,3.846913798794481809e-01,1.267931798427681944e-01,2.259947883081856457e-01,0.000000000000000000e+00,3.692708327983617589e-01,3.473183996770706217e-01,1.998619162548406769e-02,5.608925323668819685e-01,4.328671986523123794e-01,2.262954701888451603e-01,3.522740765771111282e-01,5.650200328873898892e-01,2.425896599872911230e-01,6.910603292799897268e-01,1.009736672803446533e-01,4.652486329646553509e-01,5.500238750479997663e-01,8.614923366658716608e-02,3.170850112458638292e-02,5.623030128689934792e-03,6.568090542297622125e-03,1.011564870723775378e-01,2.675663341023051256e-01,4.554290108421626959e-01,6.943174790597303470e-02,3.026567695513034811e-02,1.996534514144195638e-01,1.040797642721512373e-01,5.465085320615999942e-01,4.659311481787073439e-01,3.089945879437586140e-02,2.623933136490958495e-01,9.832783648394584353e-02,8.956028996713966128e-03,2.059958747823227576e-01,3.601264993135991355e-01,1.670488133911299522e-01,4.217537413425714310e-01,1.170087260511304406e-01,9.376647986163581458e-03,2.269141769056437219e-01,1.226581693734283274e-01,6.342708694796683755e-01,9.160283273473296406e-02,1.715019523255703338e-01,4.346511859216958817e-02,2.406995806167981922e-01,2.320039183981951192e-01,9.159994746854972503e-01,2.534441059675458519e-01,3.331488342558762694e-01,6.739698734000881819e-02,1.990961484933291559e-01,2.937858624121726381e-01,2.835053537768333909e-01,1.558142233775858254e-01,4.003526264331507822e-01,1.175216093859072913e-01,5.133514669906452665e-02
