0.000000000000000000e+00,5.914687941612573052e-01,3.946518558825948819e-01,2.087310347499943264e-01,1.103860533911632108e-01,5.038230759238151446e-01,5.864135044641438643e-02,3.187606323791854490e-01,3.864445031323651691e-01,1.531191793232836995e-01,1.046244896908066491e-01,1.570185221646196450e-01,1.888434241630957411e-01,1.132309993926302605e-01,4.364907718442884166e-01,4.695407263587529911e-01,2.269970504755062790e-01,4.117515540431548882e-01,2.074344244459027375e-01,5.947755084473597131e-01,6.411461104908445785e-01,6.294057859622939066e-01,4.433514255999002618e-01,5.492800872542604740e-01,6.968628951818092165e-01,4.877101122552072177e-01,4.325335343379212438e-01,4.346819313269523199e-01,5.628470209706448735e-01,3.447970084540624702e-01,1.696983555008589328e-01,3.701353974109768963e-01,2.629300041678651056e-01,3.151196791582031587e-01,1.136782119902923771e-02,3.394086348389986629e-02,3.141662589124432498e-02,2.373695339396486581e-01,3.968673130443084451e-01,4.614815814276987394e-01,2.961294397974404413e-01,1.329990852641990129e-01,1.089535943936583984e-01,2.168755886255159804e-01,2.524389669762346911e-01,8.721588238986208719e-01,4.280152766690171751e-01,4.164629375827806346e-01,1.778829575608467106e-01,7.158186990186560239e-02,5.039676417439317158e-01,2.454115972248454569e-01,2.344973060928047526e-01,5.286637939934180075e-01,2.228304330791146537e-01,1.661777958766791352e-02,1.402560843439164540e-01,4.225150762496712176e-01,1.258134998764438295e-01,5.681729264341341956e-01,4.535921544033748587e-01,4.304985452706141524e-01,5.127006781469383156e-01,1.486702210073014563e-01,5.605711561630276618e-01,5.651574499950844377e-01,5.588185673668923936e-01,3.554980295985267214e-01,6.071324138270584037e-01,6.623679511227411609e-01,6.250435950130157625e-01,4.288337653330175359e-01,4.993061567699585979e-01,6.332143514909569504e-01,2.626940824930202312e-01,2.768798049266592565e-01
5.914687941612573052e-01,0.000000000000000000e+00,4.421480666964638928e-01,7.719205718510935288e-02,1.621532900056418813e-01,6.823878220073182899e-01,3.377631550580685316e-01,4.376343640497947773e-01,5.031164750962549004e-01,4.682563130139014151e-01,2.275184732526264741e-01,1.435862408846975691e-01,4.383538424836407876e-01,2.164119157194931975e-01,7.290613329804722653e-01,5.115533163580805454e-01,5.198879584426596701e-01,7.177390294272810722e-01,1.849359925914384195e-01,6.769064999147164086e-01,7.100385174118342135e-01,8.237890349343541807e-01,5.289354931923826442e-01,2.029148254297050147e-01,9.237144694750760721e-01,8.185646799368424542e-01,6.484106907537021680e-01,5.369500631790213863e-01,6.791821228120503706e-01,2.696343673594087664e-01,2.788033635737127147e-01,8.148453649855072478e-02,2.826634265257363388e-01,2.217509004873472467e-01,1.938712324476580262e-01,1.394996262331633374e-01,2.732992247810776543e-01,4.739898385034250206e-01,2.348679362061932563e-01,3.515317048517258569e-01,1.780152928853473426e-03,4.673629126392506716e-01,2.269240008811123088e-01,2.107579372982605059e-01,4.337555014538957976e-01,6.256614795327458678e-01,8.628856213509479289e-01,4.068942205492178110e-01,2.345224395722209088e-02,2.552451199098045853e-01,5.473815030747888333e-01,3.358559024915204194e-01,5.364730159569428558e-01,4.503045504887237538e-01,2.188757191180498718e-01,1.806232363601654733e-01,1.797215705555635923e-01,5.444858626625408426e-01,3.048054862976469215e-01,2.170677405551575678e-01,5.260693459731338173e-01,2.629100889019537757e-01,2.892926185493979729e-01,1.632810304853804517e-01,5.575683660559879185e-01,4.780916278137320452e-01,8.142573205559850980e-01,4.560861188810956812e-01,3.012502078274595374e-01,5.968109003615846841e-01,5.987723448566379947e-01,5.922056712298999770e-01,3.999393913414379664e-01,5.179745296428588386e-01,1.918526184411728508e-02,1.888136500662295214e-01
3.946518558825948819e-01,4.421480666964638928e-01,0.000000000000000000e+00,2.035494073457071729e-01,4.078907456592258951e-01,6.408248120634523204e-01,3.165653271936020863e-01,7.403408361686107941e-01,8.043062456582065201e-01,2.347736834519116023e-01,8.476065437124662427e-01,2.483680996609944625e-01,5.978922704884157557e-01,1.475610435335588111e-01,4.892855784507096906e-01,3.956406286599583599e-01,3.984491731946898652e-01,4.313732559910615771e-01,8.267552636309091207e-01,7.111761271938702444e-01,5.332026978134243311e-01,7.011140357008894819e-01,7.691805129995926693e-01,5.986437987092849133e-02,4.297007937561552193e-01,3.139049400749202579e-01,7.551335465726023433e-01,6.474500081321405975e-01,5.399227988192025762e-01,2.231730899734046258e-01,3.558383859556468742e-01,9.800567908949397999e-03,1.550102424440343296e-01,2.387670901070678975e-01,1.715800958005950783e-01,2.092432435431347271e-01,4.587382846801763697e-02,4.504344034617138171e-01,9.904234526630240065e-02,3.389270968173181964e-01,1.201131924884864116e-01,2.646691883088401198e-01,4.941716047844751936e-01,3.974750455181415981e-02,4.567104686106606692e-01,3.675614190758942912e-01,4.865145221902242301e-01,9.512998958640936920e-01,3.881422692692023668e-01,4.628258592696044560e-01,5.259513263456656595e-01,6.469593722820514703e-01,5.871017316875211112e-01,8.550669254211736847e-01,2.308908063320736781e-01,7.274056869002882841e-01,2.356652006546486322e-01,6.452951832937411369e-01,4.974489981137478756e-01,2.540653871591959101e-01,2.996320307694197438e-01,3.655481760574467165e-01,3.167958832460706642e-01,8.005929259552035937e-01,4.608471021594813810e-01,5.293233185307628652e-01,5.336458875393916834e-01,7.750577371223883461e-01,1.555183225509918499e-01,3.435163125115604510e-01,4.404320110307041736e-01,7.324123725407388763e-01,5.245065446527019670e-01,4.151866034096502456e-01,2.609024795700806698e-02,1.074888605541611253e-01
2.087310347499943264e-01,7.719205718510935288e-02,2.035494073457071729e-01,0.000000000000000000e+00,6.684397738351480767e-01,4.221113582995039692e-02,6.497507684165039210e-01,3.743547755187504045e-01,4.673342876548843838e-01,3.113298522063248086e-01,4.992200067610190750e-01,2.187489375286437165e-01,5.731625377541612609e-01,1.296616342034433433e-01,1.377416051917937923e-01,3.851593690188850894e-01,4.451610747031611859e-01,3.023273779604843670e-01,1.096188034434620595e-01,1.263845724627497280e-01,2.215096600519209369e-01,1.992929500512831409e-01,1.405656957887708725e-01,4.884076802294250452e-01,1.696324032856716679e-01,5.910944772913587220e-02,1.858179758580373597e-01,4.135916337349660465e-01,7.848882278954573410e-02,4.157090743506994257e-02,5.247138799227275552e-01,3.515164445316115716e-01,6.067137535898858847e-02,4.053818064630272389e-01,6.222409933013135774e-02,4.289549818473188947e-01,3.339976922653548064e-01,4.055966203611625076e-01,2.849430369579133426e-01,4.976442240284575935e-02,1.457082338165892610e-01,1.848216088728643625e-01,3.883183475914950833e-01,2.090018206980450433e-01,8.453112691973524440e-02,1.634592398494751908e-01,7.593636704119142988e-02,2.555988715748566120e-01,4.886532169163632644e-01,5.698416066236455801e-01,1.605222588751104573e-01,5.219856247250561632e-01,4.132950148416103531e-01,3.423658389750425246e-01,1.912211965871862263e-01,5.963561921756664885e-01,1.323670389851022700e-01,1.232365238699042465e-01,5.775332553822463133e-01,4.366557375903624694e-01,4.880500842720199295e-02,1.104720213253556904e-01,1.632723775269366295e-01,1.475071277383905588e-01,2.223079134208253149e-01,2.683728366920200004e-01,6.378637791758966225e-02,1.722402932926990204e-01,4.053395391707556028e-01,2.530436210640311101e-01,1.327952461702366360e-01,5.687656073273587853e-02,2.448344019379893738e-02,1.851418230734984127e-01,5.363362711739381172e-01,4.784019380948709710e-01
1.103860533911632108e-01,1.621532900056418813e-01,4.078907456592258951e-01,6.684397738351480767e-01,0.000000000000000000e+00,1.592245825436086615e-02,8.653981064054112604e-01,4.373369654202877710e-01,7.198965296266909286e-01,6.896872767604518284e-01,6.865625154975242284e-01,3.463535095426403254e-01,7.614311226502850083e-01,3.015447914352401559e-01,4.042584747505741927e-01,4.088274234546598329e-01,7.361341442726210271e-01,4.933876009715111310e-01,1.265662175041145643e-01,2.551999342482154098e-01,3.134208368864328520e-01,3.853563052877225781e-01,1.766656907937932119e-01,3.440646862913059323e-01,7.740376567144405251e-02,3.609230450458813522e-01,4.245920992673489214e-01,5.761748833912814227e-01,2.122114427351102783e-01,2.449585543248225528e-01,5.278843212754245062e-01,3.358862253298334766e-01,8.595425334710969645e-02,2.501590866617807718e-01,5.147532456262135514e-03,4.155335322878979665e-01,4.048710799086870926e-01,7.265023122974270109e-01,1.082521261197709472e-01,6.846939835187101919e-02,2.763051172794729893e-01,1.932577632409972906e-02,5.510012104314643278e-01,1.334799691907970765e-01,4.815729811233299129e-01,1.660360962666863893e-02,3.953415177215818255e-01,5.027694232025008425e-01,3.396428261331390086e-01,8.562657034869963768e-01,2.667562277729736975e-01,6.994161979753101832e-01,5.472016756546473903e-01,4.566456398793277138e-01,4.451930970411163146e-01,8.475692751764093424e-01,3.541851515153147112e-01,3.628574128505797081e-01,7.290123759359485867e-01,5.320869223585716901e-01,2.148367700552584469e-01,2.244811442088828768e-01,1.375041173875478084e-01,1.989592325425704744e-01,8.229034924196268475e-02,2.536496650867371416e-01,2.882552826539440671e-01,2.996774047460225576e-01,3.048357374340524562e-01,5.540430031435947256e-02,1.394318577171481666e-01,2.065735932081574078e-01,2.037093528725332503e-01,2.024712234565431979e-01,4.684422812428035154e-01,2.007845195070121769e-01
5.038230759238151446e-01,6.823878220073182899e-01,6.408248120634523204e-01,4.221113582995039692e-02,1.592245825436086615e-02,0.000000000000000000e+00,1.205680423075563557e-01,6.282732539221342893e-01,5.114536180911396501e-01,1.008068163090722336e-01,4.223450864142051508e-01,1.094834897137363927e-01,4.717338718629243144e-01,2.132222932398740722e-01,3.196044992174533195e-01,4.458943862058561969e-01,2.473845217171790067e-01,4.734651373835475074e-01,4.938230120199450512e-01,6.429452612075017282e-01,5.770010921918384827e-01,6.611877245362314248e-01,6.922687036495850377e-01,1.024060974001233804e-01,6.968045991856910426e-01,3.418024798947230658e-01,7.183976399933686974e-01,5.125229831376936218e-01,7.163134393063181893e-01,1.757972412783367910e-01,2.754505024208870334e-01,2.110820037035295305e-01,3.281272984634413525e-01,3.278198737406636254e-01,5.372019767356531195e-03,3.773768135796241874e-02,4.807969895909913749e-02,3.081857157456259211e-01,3.070740355964958757e-01,4.684068585629521664e-01,6.799740132922520164e-02,2.707010116152679946e-01,2.616282167244874390e-01,1.066622680891086972e-01,2.933128562989058552e-01,4.614385967997792215e-01,4.653165329584352250e-01,5.362058560928971707e-01,3.380572075084485872e-01,1.500411065133096522e-01,7.806041139464142686e-01,3.618441237885872686e-01,4.245994737876556679e-01,5.491529029138793039e-01,5.966970697772731869e-02,1.746149380052160194e-01,1.233095544856732950e-01,6.421051917452560431e-01,3.781542487632451599e-01,2.695188302138886161e-01,3.575867335892218835e-01,3.040518066506083805e-01,3.749362039021517656e-01,4.293360452399565541e-01,5.295095637221636231e-01,4.757384927347126369e-01,5.444884973017144469e-01,5.401603136180848086e-01,2.215552929908588542e-01,5.125682848402095537e-01,3.725279448218223877e-01,7.429081700378770137e-01,3.926459139112837837e-01,5.888266375815227605e-01,1.442285234344431732e-01,7.841464794642080682e-02
5.864135044641438643e-02,3.377631550580685316e-01,3.165653271936020863e-01,6.497507684165039210e-01,8.653981064054112604e-01,1.205680423075563557e-01,0.000000000000000000e+00,4.345538677601014088e-01,7.036172579886971201e-01,7.353246264302917279e-01,5.430475487230455034e-01,2.140167646035144311e-01,8.318497463506513423e-01,2.999640420175374578e-01,3.952276426007269583e-01,6.127900189229164019e-01,8.838858465843428824e-01,7.279657252310427484e-01,7.420437687213676803e-03,2.757504043734145815e-01,4.307006151971509711e-01,4.838630782617399650e-01,2.057638063700621689e-01,3.078844784596746487e-01,2.594578285530310113e-01,3.954713969876210156e-01,3.749213864048405731e-01,6.290009225416932637e-01,3.631206730341846045e-01,3.014929429509886627e-01,6.171470774023470884e-01,2.339631535996557488e-01,1.624088134324734312e-01,4.096628951359168047e-01,1.996781410217336739e-02,4.995062843322949364e-01,5.430604945942754114e-01,8.483787125715656074e-01,6.637222136821652879e-03,1.553970847847537529e-01,1.904948762034913423e-01,5.692016253844394552e-02,5.837477407606062041e-01,1.083380765048817390e-01,5.742510854324431868e-01,1.216302912428969402e-01,4.275574008120794911e-01,3.550309598354813856e-01,2.969763426293455244e-01,7.857238769345447071e-01,1.585844712829094227e-01,6.115440296867507008e-01,6.347217641261073684e-01,4.209620445111139642e-01,3.643977901886810145e-01,6.876988639268757364e-01,3.003695429247470461e-01,3.585213970759509872e-01,7.572047719591761261e-01,6.044573565832777051e-01,3.165898465979858911e-01,1.428137945259171371e-01,1.152851217326269495e-01,9.950792541026906579e-02,1.302254238381447271e-01,3.740028155221000183e-01,3.364527321908240554e-01,2.839333851830581068e-01,2.341884921705340017e-01,1.585630064516355131e-02,1.277651816909098903e-01,1.740970767961596555e-01,1.627781926283519698e-01,9.957465957190199390e-02,4.244701168734625885e-01,1.497075214355927941e-01
3.187606323791854490e-01,4.376343640497947773e-01,7.403408361686107941e-01,3.743547755187504045e-01,4.373369654202877710e-01,6.282732539221342893e-01,4.345538677601014088e-01,0.000000000000000000e+00,6.539503288115837698e-01,3.685282295786037610e-01,6.647050836329859713e-01,1.317094760697085087e-01,5.898737497812116537e-01,3.514710739873951328e-01,5.339119955343107904e-01,5.903315920065916877e-01,4.857550026178594216e-01,5.221422928147844145e-01,5.304809635159818404e-01,5.016529741273185738e-01,6.687948009038864328e-01,5.958021368508961135e-01,7.774523458247462049e-01,8.086029008001460738e-02,4.054485381284825829e-01,3.092985747971542243e-01,6.257883050056134433e-01,6.451970626811135423e-01,4.086768140501138014e-01,2.384236739202827415e-02,6.328503481093797900e-01,1.735110558043949369e-03,2.204841433770772519e-01,5.041843256573007581e-01,2.679990120427794276e-01,5.838258878617132996e-01,2.344013366632887729e-01,7.541027277861852562e-01,1.302751003088766235e-01,5.752191646608904030e-01,1.380485281977959777e-01,3.291191785939090453e-03,6.062052554579560049e-01,1.195384075872700513e-02,4.725379759924121514e-01,3.220488044516699455e-01,3.881075374905343933e-01,6.651983939195332818e-01,2.317573247067091780e-01,4.413166760360928698e-01,3.649374197686817700e-01,5.476238396374216721e-01,8.379894275905162004e-01,6.165100038795763293e-01,9.759467442999321396e-02,6.103503541179038372e-01,3.128392580427225012e-02,3.925078760202116990e-01,5.037060259920553840e-01,8.616096360298006185e-02,3.876166582116188919e-02,1.697533980014875599e-01,2.417324660781640377e-02,5.443925211375093554e-01,1.851865383986906755e-01,6.113842917389685772e-01,3.270784566139766647e-01,6.721019520642571576e-01,1.316050438314273485e-01,2.042848501682181447e-02,1.590635632644433473e-01,4.583562561968083648e-01,2.043220996190946159e-01,1.345637791201306777e-01,3.838389669382712976e-01,3.740138952997065780e-01
3.864445031323651691e-01,5.031164750962549004e-01,8.043062456582065201e-01,4.673342876548843838e-01,7.198965296266909286e-01,5.114536180911396501e-01,7.036172579886971201e-01,6.539503288115837698e-01,0.000000000000000000e+00,5.709774026639249378e-01,8.364825192363021245e-01,3.116428147763573575e-01,8.917977015675244701e-01,3.057717946233034501e-01,5.362377219990562827e-01,6.176354558260783723e-01,7.288680710579447108e-01,6.736562028411769987e-01,4.699414274738223929e-01,6.611745505331352302e-01,6.182772403163494523e-01,7.636316560397911068e-01,5.553417123661668064e-01,6.842993159563320882e-02,5.197644408814425798e-01,4.365393701470373089e-01,7.792943333428800079e-01,8.204167989393387206e-01,6.517648810971916618e-01,5.382492359181162422e-02,5.382425878266823283e-01,1.532984958920853014e-01,2.241034364644382826e-01,3.981528307886896823e-01,4.977157437451593808e-02,3.144149989063555473e-01,3.030336883364475598e-01,7.336840692535298025e-01,7.533687034277605776e-02,3.016658520821642320e-01,1.421246076309051476e-01,2.344522554020071203e-01,5.198395711821024445e-01,4.559346297738256504e-03,5.720865284503289239e-01,4.358558382036763490e-01,5.635857027629845861e-01,8.233677466677623569e-01,5.094580076897845533e-01,7.524923179233108383e-01,2.967514317520059119e-01,8.150225382692473097e-01,6.464804608930522223e-01,8.428977319043193805e-01,4.398788718927186814e-01,7.744598628704538745e-01,3.773888176185178356e-01,7.246277632702358140e-01,6.867598464138662262e-01,6.241569562093990386e-02,4.941767563038831357e-01,4.610692336663073654e-01,2.517150735260950123e-01,4.831648948015433986e-01,3.659865017725728031e-01,5.820178069122798892e-01,6.476211102965020450e-01,6.239111693837908756e-01,4.799869738733032742e-02,3.520602922114834943e-01,4.390917697146683452e-01,6.458935088366053456e-01,5.251863396823006624e-01,3.354750845564064554e-01,1.614939175846876185e-01,2.089348451891753777e-02
1.531191793232836995e-01,4.682563130139014151e-01,2.347736834519116023e-01,3.113298522063248086e-01,6.896872767604518284e-01,1.008068163090722336e-01,7.353246264302917279e-01,3.685282295786037610e-01,5.709774026639249378e-01,0.000000000000000000e+00,3.717313905640731719e-01,5.482453028227822767e-01,6.633344489871879635e-01,3.339475667734640996e-01,5.396547474103783326e-01,5.753088012760561032e-01,8.556646282559067229e-01,6.692568147653061850e-01,4.980094782631633299e-02,4.839499854031932280e-01,4.993545091931870794e-01,6.378274727985986381e-01,1.716752025039767759e-01,1.407771573094293571e-02,4.091409390011103708e-01,5.324251718496206820e-01,3.967441481307362738e-01,7.102197428150834879e-01,4.635348465850636090e-01,2.078887599409323106e-01,6.434265763435352836e-01,3.259825909071250583e-01,2.396741482885285379e-01,3.480605344727605299e-01,2.456251477983930620e-01,5.734040742554104009e-01,8.090426729267276018e-01,7.320594138775706750e-01,7.149303601364731531e-02,2.488244166365856380e-01,1.834433921555560787e-01,1.718149388067608530e-01,4.348669880945372768e-01,3.092033945318836130e-01,6.467778150676096738e-01,2.046366286154881475e-01,4.711977032262447684e-01,2.990828062352042238e-01,2.565751461864299587e-01,7.113442210240029651e-01,9.830571739519826380e-02,6.525410274965118829e-01,5.966524267511134072e-01,3.701756449970020624e-01,6.884612849146913849e-01,5.871270994647295183e-01,4.960983900100701116e-01,4.500446030749336579e-01,5.446336605606986181e-01,2.491600906725697229e-01,3.712944218879804525e-01,4.129617915776799264e-01,8.115621179667747986e-02,3.290578308813288388e-02,2.389689611848626327e-01,4.209604590515591549e-01,5.261436805678754158e-01,2.440081159996769222e-01,4.741079815944287956e-02,1.325551719719971211e-01,2.870575837523326457e-01,3.181680860832956093e-01,3.588690927391208207e-01,1.385431591603658030e-01,3.531895100255758591e-01,5.163857089419869595e-02
1.046244896908066491e-01,2.275184732526264741e-01,8.476065437124662427e-01,4.992200067610190750e-01,6.865625154975242284e-01,4.223450864142051508e-01,5.430475487230455034e-01,6.647050836329859713e-01,8.364825192363021245e-01,3.717313905640731719e-01,0.000000000000000000e+00,3.002222854962431353e-01,6.684862196201029061e-01,2.340802437474617248e-01,3.847224044798446818e-01,3.077847099168589673e-01,4.809261800489242344e-01,3.720383999938282615e-01,6.983932896011997293e-01,4.797134525623558132e-01,3.470218443394780250e-01,4.839217859086446527e-01,5.495259161414323135e-01,1.907380352291647152e-01,1.646797628090357901e-01,2.592059866590568085e-01,6.718902737498351208e-01,5.680846628407538734e-01,3.441506989852044507e-01,3.533532192499133640e-03,3.560370009242050937e-01,2.742160342826497899e-01,1.251654082101231746e-01,1.458604265100377495e-01,8.708812917963573708e-02,2.842660452285014072e-01,1.382805261428710630e-01,4.817058366132541125e-01,4.365155492225045175e-02,1.856861384049024177e-01,2.477790824947905535e-01,1.383452192674392844e-01,5.106025118866157619e-01,1.051465922782550827e-01,3.540577816610336881e-01,1.164392964655800583e-01,3.631691763202147816e-01,8.411996044546614648e-01,3.968125652922925295e-01,6.782275009098794882e-01,2.191536493806539865e-01,6.904157810235258541e-01,5.632079623479027131e-01,7.316225129196024524e-01,2.693188062439599850e-01,8.879825767142490722e-01,2.725420808792539118e-01,5.150303674651544039e-01,6.217558001930838518e-01,1.566582617044009473e-01,2.001510374499608502e-01,2.709807017592686940e-01,4.379243096315706130e-02,6.969871512782521705e-01,2.035363074291006991e-01,3.083124330629327670e-01,3.518475632315651302e-01,5.940548556323195228e-01,1.785751071670693413e-01,6.873239627904356719e-02,1.918782848559027754e-01,5.513684081360510358e-01,3.624267995574455004e-01,7.517280625622513313e-02,2.206706621911886101e-01,1.790490903564598280e-01
1.570185221646196450e-01,1.435862408846975691e-01,2.483680996609944625e-01,2.187489375286437165e-01,3.463535095426403254e-01,1.094834897137363927e-01,2.140167646035144311e-01,1.317094760697085087e-01,3.116428147763573575e-01,5.482453028227822767e-01,3.002222854962431353e-01,0.000000000000000000e+00,3.780935415685216516e-01,1.096987280060961606e-01,1.436868787368911216e-01,2.008801185318136451e-01,3.715902314018376118e-01,2.932581414296397404e-01,2.886198449848498271e-04,4.817470915485083660e-01,8.693971831180652421e-02,4.081041775561441987e-01,6.434877595087890034e-02,3.149274615566010072e-01,2.253982753448689202e-01,3.541347606297461370e-01,2.908824553226062037e-01,3.687125386687862272e-01,3.605725473897155031e-01,2.142375381827914815e-01,1.034267027811680423e-01,2.244299131771512190e-01,3.658972171470207257e-01,7.138517682041235768e-02,1.447401352952185916e-01,8.328787256731473576e-03,3.984498313680041592e-01,1.941623527666137550e-01,1.652561353906202846e-01,1.897751178333226263e-03,2.321875199857369454e-01,2.680657583842475100e-01,1.288139227595065939e-01,3.012536706588939128e-01,4.420669239339191647e-01,1.785592373728913940e-01,3.111711606341149849e-01,2.094694776843765704e-01,4.476751680009043444e-01,3.857517077951894691e-01,6.330742128377719879e-02,4.378379071453869509e-01,1.744314294914446339e-01,1.652497458927087992e-01,7.564353470794396017e-01,2.616549106809997194e-01,8.992043732605428108e-01,5.526567010461431728e-01,3.581067265250785780e-01,2.443305255902215867e-03,3.820833318997957639e-01,5.466741982972740388e-01,3.404948459109702341e-01,2.865022740885800334e-02,3.959795619746847573e-01,2.068222441958304791e-02,4.439339255348975222e-01,7.596501192933707847e-02,1.721202252005366584e-01,3.499488942370407307e-01,3.533101181671591817e-01,3.365095839317805426e-01,4.800832324422954489e-01,1.796369253456762682e-01,7.743906232254807454e-02,2.639361763057797572e-01
1.888434241630957411e-01,4.383538424836407876e-01,5.978922704884157557e-01,5.731625377541612609e-01,7.614311226502850083e-01,4.717338718629243144e-01,8.318497463506513423e-01,5.898737497812116537e-01,8.917977015675244701e-01,6.633344489871879635e-01,6.684862196201029061e-01,3.780935415685216516e-01,0.000000000000000000e+00,2.622345198266261557e-01,4.294752403618258274e-01,6.767342791468218266e-01,8.193807600894279508e-01,7.092629999934356722e-01,2.575079558244796063e-01,5.265832264572726240e-01,5.528346816495443017e-01,6.628017196216500206e-01,3.926178883276793541e-01,7.368880780214773218e-02,4.265511576068492516e-01,3.945436760354410488e-01,6.294619651295803031e-01,8.432494195270963111e-01,6.041157709915045970e-01,9.877956758339831445e-02,6.098177318888501341e-01,1.587195965434901601e-01,3.001246197780407243e-01,4.549084971187707938e-01,5.525122251099252868e-04,3.636936583499845166e-01,4.335640814561560474e-01,7.650675526838943696e-01,9.392337382415549829e-02,2.810263374589636043e-01,1.799614032577878941e-01,2.535168054773432322e-01,4.750812159634142384e-01,3.254389389390370535e-02,6.095128809904991618e-01,3.001607294059139841e-01,5.003745697089908573e-01,5.907234209641071265e-01,4.814697368670021183e-01,7.587382558704117708e-01,2.030938633144151184e-01,7.704838549558961081e-01,6.578694322070585132e-01,6.746498405262715270e-01,4.533894852964379663e-01,6.344840867009379215e-01,4.333423870404130018e-01,6.950325107832155958e-01,6.561369567871871977e-01,3.057956603210252311e-01,4.026719925679199674e-01,4.324548179631267364e-01,1.941946771401659999e-01,2.865468135804843386e-01,2.010310726504573597e-01,4.658745410521707986e-01,5.069993216574291139e-01,4.051002585506138232e-01,6.039702797660807289e-03,2.429514728804071100e-01,2.888561827977185748e-01,4.753464991003564788e-01,4.216621220739295017e-01,1.930383925573407322e-01,2.551320143779048366e-01,3.971263678917416606e-02
1.132309993926302605e-01,2.164119157194931975e-01,1.475610435335588111e-01,1.296616342034433433e-01,3.015447914352401559e-01,2.132222932398740722e-01,2.999640420175374578e-01,3.514710739873951328e-01,3.057717946233034501e-01,3.339475667734640996e-01,2.340802437474617248e-01,1.096987280060961606e-01,2.622345198266261557e-01,0.000000000000000000e+00,2.660145536630389440e-01,1.121068546813926009e-01,2.584404311482710326e-01,2.599399797631090081e-01,6.043900907362032698e-02,2.210658327736032547e-01,1.596726439382744611e-01,2.347169703823834830e-01,3.021039246194706651e-01,6.022447207528001945e-02,2.959742883018953163e-01,1.884845376614843193e-01,2.583542267065105924e-01,3.453250459248883297e-01,2.360930382417948392e-01,3.412768021366570370e-02,3.038228173522370401e-01,2.585826401348550324e-02,6.117714290394122428e-02,2.245409691813452790e-01,8.026334467532264538e-02,4.642988330983399137e-01,2.459859439885043186e-01,3.689918669333718260e-01,1.583219822814984079e-01,2.030090427546069609e-01,3.679451793423255124e-02,1.046197261703296633e-02,1.909291804185227759e-01,1.466600025065002977e-01,2.288822135551130676e-01,1.693293242190460068e-01,2.790209610716488098e-01,1.934454959334916402e-01,1.371695396525854926e-01,4.208609832205837398e-01,1.528197597060161061e-01,1.591135001600943732e-01,3.801378423515974214e-01,2.458772186470590537e-01,2.644336490509868742e-01,2.439447871143322899e-01,1.572143602018080677e-01,2.694766271279729342e-01,4.076457055945802987e-01,1.749158366236035766e-01,2.867267827019503446e-01,2.597898226692560986e-01,1.485976386092533463e-01,2.171197992363337742e-02,1.531596439486366257e-01,1.494159858227265825e-01,3.693531824832826382e-01,3.110355812438886924e-01,1.341232945029256496e-01,2.068992764560715347e-01,1.579208649496229022e-01,2.508607733096989145e-01,2.296933964958111085e-01,7.651358028290054791e-02,2.061590332116374630e-02,1.184728513377418802e-01
4.364907718442884166e-01,7.290613329804722653e-01,4.892855784507096906e-01,1.377416051917937923e-01,4.042584747505741927e-01,3.196044992174533195e-01,3.952276426007269583e-01,5.339119955343107904e-01,5.362377219990562827e-01,5.396547474103783326e-01,3.847224044798446818e-01,1.436868787368911216e-01,4.294752403618258274e-01,2.660145536630389440e-01,0.000000000000000000e+00,4.114448107027744439e-01,5.376431645856607489e-01,4.927706793143287745e-01,1.733973771428176103e-01,6.424608759877454833e-01,7.542720112458213277e-01,7.678041434229303519e-01,5.493117930695656792e-01,2.691862837231218109e-02,5.642973673512727828e-01,6.165186195351649578e-01,5.832164912840398507e-01,5.899989620359638032e-01,4.093777280758049142e-01,7.732235603056564210e-02,5.236027049314009307e-01,1.167393254207090975e-01,2.511721487620147131e-02,2.102546226015732100e-01,4.434025216813261006e-01,4.987256076439873786e-01,4.251547628478469232e-01,5.661652557013098219e-01,7.463442883027542052e-02,3.437614458330769951e-01,4.146003153079655390e-03,6.025748838875673308e-02,4.310455938706104217e-01,2.011502032712735588e-01,4.696533816480680246e-01,4.062953350806741692e-01,7.203721332890031803e-01,5.082625228612549506e-01,9.222762843679226108e-02,5.273525001623485808e-01,2.791631873475365344e-01,6.056271738271035154e-01,6.816798791053690909e-01,5.637790404644945630e-01,2.727665114460011697e-01,5.401385037442724135e-01,6.912121243089590361e-02,4.296844533437780278e-01,4.239869145602641609e-01,2.661777196945612767e-01,2.311189841462773231e-01,2.043476059023531799e-01,5.722828474500701867e-02,2.550204543614539299e-01,4.087561280515920603e-01,6.960804096409607400e-01,5.813277540536018195e-01,6.906762495906382249e-01,2.211094464028633411e-01,2.561349553132429846e-01,4.907182162759567978e-01,5.940205089904759816e-01,3.661392577621908062e-01,3.945703014427991429e-01,3.713006966172093248e-01,1.888851246974810050e-01
4.695407263587529911e-01,5.115533163580805454e-01,3.956406286599583599e-01,3.851593690188850894e-01,4.088274234546598329e-01,4.458943862058561969e-01,6.127900189229164019e-01,5.903315920065916877e-01,6.176354558260783723e-01,5.753088012760561032e-01,3.077847099168589673e-01,2.008801185318136451e-01,6.767342791468218266e-01,1.121068546813926009e-01,4.114448107027744439e-01,0.000000000000000000e+00,8.560203830963453164e-01,8.313024049368793467e-01,2.791910545860881721e-01,4.990589530826580744e-01,7.527040888555283082e-01,6.659085542177880512e-01,4.180547883070096504e-01,2.777472972036619525e-02,5.406682564318380235e-01,3.297008265656860004e-01,4.574867391748015932e-01,7.646456465532438518e-01,5.786232049126649457e-01,1.261722100997234031e-01,7.998031509352753199e-01,1.480559404567712012e-03,1.836173462127965450e-01,6.945081791978897634e-01,1.445568918609522746e-01,3.699033828702570359e-01,4.049486009313576496e-01,7.413426259935700369e-01,9.133741553812402270e-02,5.408660429054189533e-01,3.315208611424013685e-01,1.506369089073975737e-02,6.372393612827422782e-01,1.490152055219740590e-01,5.585152239566242294e-01,4.646567522807491524e-01,3.277459128897403096e-01,4.092850487835767437e-01,2.392535901381893093e-01,3.574444927765562108e-01,2.249951636298045676e-01,6.544514297035933792e-01,5.931260032666746396e-01,5.727924230331881139e-01,2.906132263324641141e-01,4.484549790491478838e-01,6.675641791817464588e-02,4.287637302225487668e-01,4.879664129102073700e-01,4.055660810005501382e-02,3.209006165510336905e-01,3.891836309476910949e-01,2.474451565285135657e-01,2.786602931832222740e-01,1.438206416058932791e-01,6.878518450022583774e-01,3.320263713016745055e-01,3.642153872136890125e-01,2.295393668089558692e-01,2.419502453798861308e-01,2.141322356082665246e-01,2.981747100870995038e-01,3.223601354992323698e-01,3.530621953301952831e-01,3.677875542987512070e-01,2.506745545431520727e-01
2.269970504755062790e-01,5.198879584426596701e-01,3.984491731946898652e-01,4.451610747031611859e-01,7.361341442726210271e-01,2.473845217171790067e-01,8.838858465843428824e-01,4.857550026178594216e-01,7.288680710579447108e-01,8.556646282559067229e-01,4.809261800489242344e-01,3.715902314018376118e-01,8.193807600894279508e-01,2.584404311482710326e-01,5.376431645856607489e-01,8.560203830963453164e-01,0.000000000000000000e+00,8.668317541201785437e-01,1.311930249477137045e-01,5.913280553641668824e-01,6.378514811907203264e-01,7.381962462406359560e-01,2.412055257237488981e-01,7.189737272250346090e-02,4.767938665845480317e-01,4.744439716394540651e-01,5.057633428896511907e-01,7.687225193073252694e-01,6.190740909181204898e-01,1.514256573165540520e-01,8.447051071275065715e-01,1.993936586437515812e-01,2.805402894985702389e-01,5.352947293550326391e-01,1.391363162398972231e-01,4.581447592211049802e-01,6.423280142558253081e-01,8.319040039436502720e-01,5.076903125434228947e-02,3.701839636281982759e-01,8.814125518401597081e-02,1.851214723333324819e-01,5.791374739844022956e-01,1.608713571233365558e-01,7.155010633997678227e-01,3.486513641058412993e-01,4.933141699949594727e-01,4.439216783159068980e-01,2.955679516024579123e-01,7.028892825193053806e-01,1.057012267482793089e-01,7.979468164825791465e-01,6.712357163841105034e-01,5.775587316917232261e-01,5.098922140583412865e-01,6.598904706753851990e-01,2.751320323088573550e-01,5.730747735485144378e-01,6.264710305698468762e-01,2.694880465599019947e-01,4.626507397341699801e-01,4.084906520841830035e-01,1.814068632472934928e-01,1.909545311881037377e-01,2.657098396440853438e-01,5.360211572814311820e-01,5.244927149128747468e-01,3.371177221944874347e-01,4.753319584575078915e-02,1.667064187740956438e-01,3.032500776605485671e-01,4.247943472553965538e-01,4.013642302952910024e-01,3.210937791005000208e-01,4.085151085757511291e-01,6.960116925597503723e-02
4.117515540431548882e-01,7.177390294272810722e-01,4.313732559910615771e-01,3.023273779604843670e-01,4.933876009715111310e-01,4.734651373835475074e-01,7.279657252310427484e-01,5.221422928147844145e-01,6.736562028411769987e-01,6.692568147653061850e-01,3.720383999938282615e-01,2.932581414296397404e-01,7.092629999934356722e-01,2.599399797631090081e-01,4.927706793143287745e-01,8.313024049368793467e-01,8.668317541201785437e-01,0.000000000000000000e+00,1.732560871106381406e-01,6.584407095759952089e-01,6.798804189600006209e-01,8.390257819634638903e-01,4.087454448517345851e-01,7.626386215289565618e-02,7.710712680291974541e-01,4.769997484231985885e-01,5.534160433074073460e-01,7.419149221068338518e-01,7.142375250297398059e-01,2.010686683753190596e-02,6.577538622568593896e-01,1.231824159619969439e-01,3.047882130762754604e-01,4.655715738211922416e-01,1.624271173775261867e-01,4.040339618883889705e-01,4.991001228704555759e-01,7.461551443905897196e-01,1.918791213370747428e-01,4.929327687361375609e-01,8.698913261344816406e-02,2.805822106043002750e-01,6.206154588423185015e-01,2.419856702643690960e-01,6.662632193744876252e-01,5.290953305773169468e-01,5.775744855560973612e-01,3.956016650832865356e-01,3.235961275929771785e-01,5.456999951947152372e-01,3.834479217728120615e-01,7.106054887745916204e-01,6.550315880870665186e-01,6.195844467975201164e-01,4.272257074173897995e-01,4.528794786046764220e-01,2.392039348866102089e-01,6.089013560096376843e-01,6.224841654961519311e-01,1.151070940785164087e-01,6.052746649341071983e-01,4.422469190151653851e-01,4.161560688480298587e-01,2.058927215990928039e-01,3.511468779448682076e-01,5.708114351334763192e-01,6.285325660338838549e-01,4.090895884576303820e-01,3.320211990447600736e-01,4.185379741776087958e-01,3.874409320859261707e-01,5.263214442552089922e-01,5.207399113663708778e-01,5.205183994626281230e-01,2.125925273831745510e-01,2.308473009564407374e-02
2.074344244459027375e-01,1.849359925914384195e-01,8.267552636309091207e-01,1.096188034434620595e-01,1.265662175041145643e-01,4.938230120199450512e-01,7.420437687213676803e-03,5.304809635159818404e-01,4.699414274738223929e-01,4.980094782631633299e-02,6.983932896011997293e-01,2.886198449848498271e-04,2.575079558244796063e-01,6.043900907362032698e-02,1.733973771428176103e-01,2.791910545860881721e-01,1.311930249477137045e-01,1.732560871106381406e-01,0.000000000000000000e+00,4.446739122554004831e-01,2.567089960624349132e-01,4.049526377817496137e-01,6.005190633127512889e-01,1.153755156049759978e-01,2.297653931280119188e-01,5.450330800776892470e-03,5.240441793258887593e-01,4.039233298128117600e-01,2.987006413862434151e-01,2.760614675347267677e-01,2.713948464500798297e-01,5.703243105043054317e-03,6.696459594984525976e-02,2.227226668731857595e-01,1.959184864988747499e-01,1.461701815435809126e-01,1.006915168973579744e-01,2.010805622123089664e-01,1.068477342169134592e-01,2.425396203200827216e-01,9.005351040851744537e-02,2.536901022985144083e-02,4.258287460892710152e-01,8.053106644612884057e-02,1.719181084692000261e-01,1.060536939676370721e-01,1.080153227253724812e-01,7.061512941606596927e-01,3.112379137139514307e-01,1.709910463936313296e-01,4.272472393955830672e-01,3.955402795249641779e-01,2.311897591452248824e-01,6.213548621780300429e-01,2.758479177102896029e-03,5.411096519823236362e-01,7.068243117875003256e-02,3.685643115166638561e-01,3.057282144864523210e-01,2.896693123075186893e-01,1.886830135072334325e-03,2.228770106111604976e-01,1.510550176792839205e-01,8.892831154322368148e-01,2.838417675175285426e-01,2.991052900369588485e-01,1.945539171568161918e-01,5.675934138941922669e-01,5.059989499777959449e-03,1.298888856812100423e-01,1.094182773385613539e-01,4.876334063629644833e-01,3.115541550188636322e-01,3.044343357168799447e-01,1.011852093272355702e-02,2.223935021192609551e-01
5.947755084473597131e-01,6.769064999147164086e-01,7.111761271938702444e-01,1.263845724627497280e-01,2.551999342482154098e-01,6.429452612075017282e-01,2.757504043734145815e-01,5.016529741273185738e-01,6.611745505331352302e-01,4.839499854031932280e-01,4.797134525623558132e-01,4.817470915485083660e-01,5.265832264572726240e-01,2.210658327736032547e-01,6.424608759877454833e-01,4.990589530826580744e-01,5.913280553641668824e-01,6.584407095759952089e-01,4.446739122554004831e-01,0.000000000000000000e+00,6.542718669587683777e-01,9.480885696063516832e-01,5.830669268631487601e-01,2.665568954089295728e-01,7.535122255505843913e-01,4.790303388324100853e-01,8.086712401046426413e-01,7.438029268852157649e-01,8.279965690144224233e-01,3.354752147368879611e-01,4.699804743859210543e-01,3.205017324218157465e-02,2.193525188756449973e-01,2.725084062147075104e-01,2.041201308933907055e-01,2.241877215282052915e-01,3.189607892896768604e-01,4.083203493998368572e-01,2.322417420111116404e-01,3.979049634998122476e-01,3.338314460760920255e-02,2.618846998656527703e-01,3.449325747387667063e-01,3.074233235277518128e-01,5.415238413718240773e-01,6.151994536724896268e-01,6.910465196636779162e-01,6.548392929406876561e-01,4.680731094770951839e-01,5.307177042336834738e-01,6.676941798405051642e-01,7.253824589336729245e-01,4.882753492727220923e-01,7.545035337775644058e-01,5.802796470342544977e-01,4.188470321284982201e-01,4.847928047997438483e-01,7.893207797161584383e-01,5.066050151580520078e-01,4.187517909905222324e-01,7.031665021516488867e-01,6.181689213172412156e-01,6.749482431332163301e-01,4.672040717713838442e-01,8.572568469333230468e-01,6.097780568964634718e-01,8.798484061778747423e-01,6.615234459566743386e-01,4.270364474617768802e-01,7.178301146385559495e-01,6.380060575964537906e-01,9.585805564599571005e-01,7.736677481961291569e-01,8.496776273580034511e-01,8.588099697847020875e-02,1.762254750663123370e-01
6.411461104908445785e-01,7.100385174118342135e-01,5.332026978134243311e-01,2.215096600519209369e-01,3.134208368864328520e-01,5.770010921918384827e-01,4.307006151971509711e-01,6.687948009038864328e-01,6.182772403163494523e-01,4.993545091931870794e-01,3.470218443394780250e-01,8.693971831180652421e-02,5.528346816495443017e-01,1.596726439382744611e-01,7.542720112458213277e-01,7.527040888555283082e-01,6.378514811907203264e-01,6.798804189600006209e-01,2.567089960624349132e-01,6.542718669587683777e-01,0.000000000000000000e+00,8.221377895399255564e-01,5.567059356355283928e-01,1.027229443855892654e-02,6.478279050996469390e-01,5.146553129948493455e-01,6.612900766678728726e-01,7.444117921428998752e-01,6.245687295308816056e-01,2.354927764578534921e-02,6.873448044138414925e-01,3.402900861029380108e-02,1.572264084267990802e-01,5.319596952269021184e-01,3.348317733741439928e-01,4.438573612082385433e-01,3.539398492594685863e-01,6.858662763478236002e-01,4.427276218144223646e-02,5.857133519010829792e-01,1.869338577036246396e-01,2.283986106260314092e-02,4.786989501230442534e-01,1.209267576300234737e-01,4.702615113101523692e-01,6.185158959526321221e-01,5.443622029470851498e-01,5.451507012967732324e-01,2.538951717510949391e-01,3.874728802804208727e-01,3.454907995673941468e-01,5.945397479765072157e-01,7.170639321983622860e-01,6.352457997009749446e-01,2.237080681821405626e-01,4.300798872603028289e-01,7.814026270741309538e-04,3.376969724413094731e-01,3.917067292974458770e-01,2.210629655334196420e-01,2.576353715861065541e-01,2.808797995447518403e-01,1.215844648221212076e-01,3.244595701632708717e-01,3.293415263727411668e-01,9.109817987385715465e-01,5.205074670551895766e-01,5.788617671552764854e-01,2.756125653329197789e-01,2.861722166066748008e-01,4.118680898673651725e-01,5.376835621982702929e-01,3.178663877905505419e-01,4.548175761178508414e-01,3.356263122458506554e-01,2.220258898089756128e-01
