0.000000000000000000e+00,4.747848970949687941e-01,3.428445357161905016e-02,3.584812368443411335e-01,1.796329876706854733e-01,4.200180038156524076e-01,8.865471484216078113e-02,2.786079977311662903e-01,1.385508581128920280e-01,3.796800689371591098e-01,9.474438522242070726e-03,1.962338907749655581e-01,2.112996696071315905e-01,2.031574515499030009e-01,6.822125731935535509e-01,2.684821552521734489e-01,2.861513192672611172e-01,2.244777678220765682e-01,8.089534583038854310e-02,2.998515657906009046e-02,8.875254509387073831e-01,1.702861182172893395e-01,1.342913154484258464e-01,9.023432203181158684e-02,6.208405603220921165e-01,4.200529523132547904e-01,2.114854270376984036e-01,4.049239899101700346e-02,1.223669629516774271e-01,7.763492061878979333e-02,1.319996244934274476e-01,1.884263406101568950e-01,1.708565399376609784e-01,3.046698036674688748e-02,9.034550264470898873e-02,1.865720666025274810e-01,3.561042500232664693e-03,2.310553063323241008e-01,1.602680739184490222e-01,4.032382261678517654e-01,1.466712998572758941e-01,2.332067965666782539e-01,5.145388051656307749e-01,1.821459993667304822e-01,1.973526528415770198e-01,7.943238008787126825e-01,3.392608458436572327e-01,3.391688239581380770e-02,5.597500011286178356e-01,1.319431483820677486e-01,1.003737128284961505e-01,1.939692939440306185e-01,3.180281462428881101e-01,1.406784273512065864e-01,2.398428588039966947e-01,6.528225253283526097e-02,1.730733982040958963e-01,1.702274981111945307e-02,4.133085424747475201e-01,6.363794509163447355e-01,3.495975004345093229e-01,2.891808069863928132e-01,1.748003753227943269e-01,4.135923117611792210e-02,6.474382580232163065e-02,7.992959120680349638e-01,9.776529157811131299e-03,1.487174313253146751e-01,8.793196445950463014e-02,3.000314224722321899e-01,3.122763832811593088e-01,1.354718506483334750e-01,1.096609812611626378e-01,3.909449330570410330e-01,4.741228553316164662e-01,5.607205638195046360e-01
4.747848970949687941e-01,0.000000000000000000e+00,1.662935336877063019e-01,1.151403064435871093e-01,2.142286345470664488e-01,5.041189617975413428e-01,3.914786891327666218e-01,3.672415854702359983e-01,2.822775632249310829e-01,5.065230603780255247e-01,2.345500272611796277e-01,2.195128414904022884e-01,3.651508954189867651e-01,1.061507475939939271e-01,4.137182480317125322e-01,3.755274332300630458e-01,4.741578091012969565e-01,5.712414729698483962e-01,1.627497705931560401e-01,3.242169797279683685e-01,5.071616761928303685e-01,4.155868096823887026e-01,3.698020438985515912e-01,1.897414345176535178e-01,7.744992254694725853e-01,6.264711871405372889e-01,2.994778574947426497e-01,3.118026721657459754e-01,5.383113168703995699e-01,1.553303150917889064e-01,1.995056519933589567e-01,2.810155665787674728e-01,3.402704075656159954e-01,2.888263112594974258e-02,8.948468565430667265e-02,7.074392095519457802e-02,1.073912030878449581e-01,1.981382954580201139e-01,2.422842352876266314e-01,3.714093956010627862e-01,9.060218401501964058e-02,4.753243093212716763e-02,3.501805804442714165e-01,1.298480674394820733e-01,2.221289263923768853e-01,3.609835829795725592e-01,4.304338032559419380e-01,1.267715991567608946e-01,6.931243492546079743e-02,1.051563174450695359e-01,4.395066732832829115e-01,1.766846857323864095e-01,4.412382251609378025e-01,1.440146168188913278e-01,2.477485300686080305e-01,2.126234169470301305e-01,1.522578171863398500e-01,3.557334437446701414e-01,1.847799681135774696e-01,3.286376216224327074e-01,3.254023539322755121e-01,1.080025504015311166e-01,2.423811062653828952e-01,1.258506156706178658e-01,1.299462442863145717e-01,4.465744962939444118e-01,1.996493961111356630e-01,3.506926396739638574e-01,1.817710885021165401e-01,5.350223012627723929e-01,4.385954216992981602e-01,3.534138740804717571e-01,1.057461467786643128e-01,2.446807050021414243e-01,3.097405389758918770e-01,1.451420017507730476e-01
3.428445357161905016e-02,1.662935336877063019e-01,0.000000000000000000e+00,8.877959679059564679e-02,3.979938381416540105e-01,2.378514056841926627e-01,2.312785455270911228e-01,5.518495557499989435e-01,6.902919243218308409e-01,1.788113031281363952e-01,9.205709968909152607e-01,2.328478491708883824e-01,3.777031877981251728e-01,3.615924439601247986e-01,3.142936134722455477e-01,1.220574901406133589e-01,2.281705674568401121e-01,1.396809628662898650e-01,9.346071182720953052e-01,6.973999650986358878e-01,8.597945437550164050e-02,6.527246352337006119e-01,5.085760517243215206e-01,1.315431118352065054e-01,6.092226298666839068e-02,2.089797823148846767e-01,4.223824622872604517e-01,5.262712053160112369e-01,2.434228908262944802e-02,3.453976967989064728e-01,1.333680770743159438e-01,1.395475495639734997e-01,1.723235558250002797e-01,6.297052250124642037e-02,2.293059440498687596e-01,2.476790678330804685e-01,4.665335592264217152e-02,1.811699180298094736e-01,1.861779635503541253e-01,9.055934918081061380e-02,1.457047621381161728e-01,8.426815335399893969e-02,3.408505121498712209e-01,5.310849216700690850e-02,3.017598709268641821e-01,3.677627579496395294e-02,1.114343546261942208e-02,9.660308313186176665e-01,1.246899439839558865e-01,5.128673625508626266e-01,1.652200483549661203e-01,2.724784758795235629e-01,4.631683996747383292e-01,6.764906471365514928e-01,3.838298696261217557e-01,9.231056457685851147e-01,4.067977969776697122e-01,2.696254298738939292e-01,5.165324896237986074e-01,2.659451903086217928e-01,1.180426377215167549e-01,1.196513718841987622e-01,6.281935985495597230e-02,8.559079611908715357e-01,5.578099519474204460e-01,9.418107438090417283e-02,5.317566121481693830e-01,4.914580202441957146e-01,1.238714217475914287e-01,3.751008338395009356e-02,1.804482085246498224e-01,4.228932590432181726e-01,3.370242683291794217e-01,9.360664055010269047e-02,2.158967374567596076e-01,7.381433397541978247e-03
3.584812368443411335e-01,1.151403064435871093e-01,8.877959679059564679e-02,0.000000000000000000e+00,3.616812274107096270e-01,2.720988073373599714e-01,4.265952088815593291e-01,1.555493858989449307e-01,1.220060033683748740e-03,2.156001271817359066e-01,1.619481204016965659e-01,4.158109642148988816e-01,1.644940603386290667e-01,4.655322148078805400e-01,4.101882835148708550e-01,1.000928364032187545e-01,1.759680018443329774e-03,1.448364879493306001e-01,5.727191698666268121e-02,1.202246705177524994e-01,2.346236586704933402e-01,1.781287499884661729e-01,2.895905495134886223e-02,4.503897453218721481e-01,5.980097060317710045e-02,9.734549856556071190e-02,1.266636211681438917e-01,3.673312162134627634e-01,3.510727697178260553e-02,3.181784187145358933e-02,1.298934594884874061e-01,2.359754353746755240e-01,3.920052087207478442e-01,3.463442120080724163e-01,4.529965030305564411e-01,7.561069422499206993e-01,5.804645170559195044e-01,4.907574993473758779e-02,4.805814013388917671e-01,3.933988911471252292e-01,2.338589521179131325e-01,5.552559039874235269e-01,5.353500571054723434e-01,1.954770068727017251e-01,1.585728202439462553e-02,1.178436446368266860e-01,2.166057801431281182e-01,1.262843991572533409e-02,5.822616307985128969e-01,4.361471510810505658e-01,6.084828980464681430e-02,4.380555686767307888e-01,1.261219274176614974e-02,7.492732493013475048e-02,3.317232574056114963e-02,8.646083722271943883e-02,2.451924858433930932e-01,6.252388708193822031e-02,5.178962108023156263e-01,2.843676946524399396e-01,4.394186612808599623e-02,2.110914875314068850e-01,3.070970098784271685e-02,1.642538310882669939e-02,8.469314139184999646e-02,1.091367923194004191e-01,1.888458037336269990e-02,4.954819681601353026e-02,5.355717848959146155e-01,1.349593671536436224e-01,1.527870267159650575e-01,1.461344138775078627e-01,2.811634101008188558e-01,2.863631836733414038e-01,6.070693381089420360e-02,6.347902685679823742e-02
1.796329876706854733e-01,2.142286345470664488e-01,3.979938381416540105e-01,3.616812274107096270e-01,0.000000000000000000e+00,2.924823290184059843e-01,6.652377054181281002e-01,1.616002615951724619e-01,7.430256035820574922e-01,1.043454365792149674e-01,5.614535621237939367e-01,1.958638775358410855e-01,7.440517769946635163e-01,2.456762051537040303e-01,9.121181957192636691e-02,2.638311285611370516e-01,3.004387229479399402e-01,3.051106024742363809e-01,5.418473929250657850e-01,5.624333775538489233e-01,3.436851501441922085e-01,5.826703659166051485e-01,2.159745320369329258e-01,9.782520923651641387e-02,2.626494099937862203e-02,6.529190612011644135e-02,4.775203948925327846e-01,7.249356611129309513e-01,2.882633579088280107e-01,2.105266872891316532e-01,2.126108346626477963e-01,5.530483132594506135e-02,4.010460196041434888e-01,9.544511247310746849e-02,2.678500153045600962e-01,3.215156618479591555e-01,7.238140063080270026e-02,2.653773361480540327e-01,2.947356696177856616e-02,3.068573871465028469e-01,5.661316254599139258e-02,8.392309346504627648e-03,3.594144268561154654e-01,8.679800023096115313e-02,3.626023630101664064e-01,1.503634294220669299e-01,1.209724494585427690e-01,4.189209945382412204e-01,1.195936731604632652e-02,7.401004022112178671e-01,6.560001327970418905e-02,6.185827789082456452e-01,9.015389977180804371e-02,6.931126497500064154e-01,3.039500824558525882e-01,5.565254061126282403e-01,3.787709223282272886e-01,3.981314751651715556e-01,4.225623916342232667e-01,1.492649984797177753e-01,1.619474157622152743e-01,2.156594536407255291e-01,2.062660125703353886e-01,3.696373741525376677e-01,3.965165664929748424e-01,3.077642631365090642e-01,5.020657069533920325e-01,2.600296592297915987e-01,1.205793023994088942e-01,6.592003376046401408e-03,9.523683243687630640e-04,4.315638579949939713e-01,3.932195354497542983e-01,2.044272490121470248e-02,5.207490367167255663e-02,6.758654388500927312e-02
4.200180038156524076e-01,5.041189617975413428e-01,2.378514056841926627e-01,2.720988073373599714e-01,2.924823290184059843e-01,0.000000000000000000e+00,2.375019539617216346e-01,4.076879364245484805e-01,3.987089088962470496e-01,3.091054118770813486e-01,3.509355693253204955e-01,5.037936846185395723e-01,5.285385364941896924e-01,2.488834879375430298e-02,1.653870646453570736e-01,3.054273610069285771e-01,1.381981356404434202e-01,2.096326447512189273e-01,3.292269158849642774e-01,4.764100710744220146e-01,3.355476586954583285e-01,4.779596680233064721e-01,4.423547458304243341e-01,2.665840318754054694e-01,1.359451233463711550e-01,2.937462502224668648e-01,5.855100243291850859e-01,2.982462954862269977e-01,3.602021935566790400e-01,1.468994164004160385e-01,2.321148522887797050e-01,7.160946507923660054e-02,1.737218436889822193e-01,1.041787489037067083e-01,2.497453640996809276e-02,2.116480063611181905e-01,1.678210614392317002e-01,1.501492973831358713e-02,1.215634365972229208e-01,1.437660789784464543e-01,2.866511843128590753e-01,1.981069438997217214e-01,2.004054653614272818e-01,1.099692767783970182e-01,2.704749866608651687e-01,2.740814240434914506e-01,6.348427841328556642e-01,2.414163091388905058e-01,4.633410016762086192e-01,5.195902888367347205e-02,5.596169883280401880e-01,6.351450313938256098e-02,3.145719914493965708e-01,2.962848574948820368e-01,2.510053794398779958e-01,2.893183864021078300e-01,3.976431664852659309e-01,4.380589594234683970e-01,6.204604891483890550e-02,8.486286869975112612e-02,6.166262793996733771e-02,4.514875886521513282e-01,2.741031010482591901e-02,2.606803241070332899e-01,2.805946749676054286e-01,2.197048231820526998e-01,3.632816055695209378e-01,3.996263852026578078e-01,2.878224872903327736e-01,2.160839321509168132e-01,1.726115503962598052e-01,3.027962464739118453e-01,3.023166632526662345e-02,1.911928826660537761e-01,2.011717630915859367e-01,1.039635669071274915e-01
8.865471484216078113e-02,3.914786891327666218e-01,2.312785455270911228e-01,4.265952088815593291e-01,6.652377054181281002e-01,2.375019539617216346e-01,0.000000000000000000e+00,1.293203539235888155e-01,5.648691056304191438e-01,5.305378002826762751e-01,4.016336907907951392e-01,6.814498084375501807e-02,7.171663701069457275e-01,3.223812652665373202e-01,3.487635620132840258e-02,4.732021590668570310e-01,5.956186324153631695e-01,5.491600231785700448e-01,3.162542434622230836e-01,3.860583783768656296e-01,1.188463850499717755e-01,4.692713854722460609e-01,1.515505780641855926e-01,9.640187681569498124e-02,3.927802513574155663e-01,1.673866601118325081e-01,4.101200311211525285e-01,5.098352723918386786e-01,5.165792965851672136e-01,4.855387666262891977e-02,3.765362499625786730e-01,3.214704803934213123e-02,1.235367296470742393e-01,6.093442911262825223e-02,1.827761629798610454e-01,3.119296819777792051e-01,5.727181440603529294e-02,2.906714539593217017e-01,7.645917688970840786e-02,6.947714078277089644e-02,1.682657464227664268e-01,7.400181925819891704e-02,3.207540902909629121e-01,1.325635640647846447e-01,4.243359854321524516e-01,1.630364505195041058e-01,1.640286895380108079e-02,2.553438610284611832e-01,1.727414357084575691e-01,5.081368368493652810e-01,6.206970934131322837e-02,5.560585566063984686e-01,1.049879884135692526e-01,4.652121329606571654e-01,2.944236177944963839e-01,4.245031132706313381e-01,1.644450138551352414e-01,1.546009876841925590e-01,3.608126937645890209e-01,2.030680755626130263e-01,1.737734628674569848e-01,1.779285364331362196e-03,1.623130065271821687e-01,2.124093861802501815e-01,1.102687949815694679e-01,2.179177999759281115e-02,2.454667016646594480e-01,1.819114111175512971e-01,2.084854862384731278e-01,9.031635567841264645e-02,5.005843783388849721e-02,3.677910106787908306e-01,5.743126971833002747e-02,1.231332097055158753e-01,9.785540241216439394e-02,8.425583116976760600e-02
2.786079977311662903e-01,3.672415854702359983e-01,5.518495557499989435e-01,1.555493858989449307e-01,1.616002615951724619e-01,4.076879364245484805e-01,1.293203539235888155e-01,0.000000000000000000e+00,3.132881154979362814e-01,4.139297876069182314e-01,5.792905440671388684e-01,5.013976796287055171e-01,2.960412690157307458e-01,1.952957824320005753e-01,2.405254530662401247e-01,9.679774120055299746e-02,1.640395120914148186e-01,6.510408815905982527e-02,5.276748172856036145e-01,4.519592850541325202e-01,2.138874629552287021e-01,3.518946625209472545e-01,7.687901722648238234e-01,4.270370006957312503e-01,1.498927093833987145e-01,5.148162365137392005e-01,1.875317599281265957e-01,3.545106645180959859e-01,1.131338155913842458e-01,2.651713080280021506e-01,2.474199039485300289e-01,2.044605274522402760e-01,2.373978799227354775e-01,8.230419176666022019e-02,1.645325130356369014e-01,3.167829250806346031e-01,3.981712852594830598e-02,3.121567096715898160e-01,1.128877817081363755e-01,2.693140192722124349e-01,2.555428721051526408e-01,2.260659753592703103e-02,2.660450130704324900e-01,5.518235506312083039e-02,3.450262881564378215e-01,3.018904446991149126e-01,2.816670914056068620e-02,5.841676150072362406e-01,1.148319635490404056e-01,1.859904657899024150e-01,2.784502720119821362e-01,6.993729052194434803e-02,8.047703153622313144e-01,2.490584072741024446e-01,5.597747537149392327e-01,5.644297732322407501e-01,5.945955813082263175e-01,3.032341111630235675e-01,3.399116016215351088e-01,1.198304449030952457e-01,1.115597056593961439e-01,1.902807749552452854e-01,1.447399238908263497e-01,4.907017432885769082e-01,2.112696057511840031e-01,2.265186353962036769e-01,1.348225414886342066e-01,6.696127976174779395e-01,3.889510342886830507e-01,1.007432476647142014e-02,3.858051083623166289e-01,1.589669870917699568e-01,8.081583450936463686e-02,3.636398677830745552e-01,1.425483841821214848e-01,8.060134586983813687e-02
1.385508581128920280e-01,2.822775632249310829e-01,6.902919243218308409e-01,1.220060033683748740e-03,7.430256035820574922e-01,3.987089088962470496e-01,5.648691056304191438e-01,3.132881154979362814e-01,0.000000000000000000e+00,3.190804403813820578e-01,8.250229683962492233e-01,4.209462163410413460e-01,7.299050206520110162e-01,1.540870085949798685e-01,5.954576297088842729e-02,2.090739610555960859e-01,4.299335737566373772e-01,2.253069114445445387e-01,7.379148813055302902e-01,6.651718915851501102e-01,3.449477386579038463e-01,6.485119784494286499e-01,3.854314868163010166e-01,1.000116577290252051e-01,1.398694212370441003e-02,9.884124142127986845e-02,5.947851418258712775e-01,6.862826739757131866e-01,2.302214667319272268e-01,2.593070166555430101e-01,1.868530411692642390e-01,1.272403431514038119e-02,2.144771483140746338e-01,3.125645216659353465e-03,1.224089840321499756e-01,7.544226327872266546e-02,4.231423184379660973e-02,2.417964059848429770e-01,9.178084965917596150e-02,1.568246196511663970e-01,6.480764566285851513e-02,9.094279689822920565e-02,1.793405831337788747e-01,3.535279181715832164e-02,3.784903301350979188e-01,1.335046624708292884e-01,1.223060090297528046e-01,6.534785260778128713e-01,6.108353523924476419e-02,6.703216665494121651e-01,8.801202074940545073e-02,4.941862224539022574e-01,2.435283154930276694e-01,9.100529643174920524e-01,3.697006149592012014e-01,7.641737732290385665e-01,5.559394235293358966e-01,4.108357259052025090e-01,3.342846254803677475e-01,1.192302150728594412e-01,1.274164257996820149e-01,2.159900417787496141e-01,1.059700434848916961e-01,5.387190133837391759e-01,4.444544311843618423e-01,2.943222970530934846e-01,5.077200621854450757e-01,4.464465637288696498e-01,7.784426658553934841e-02,1.081911119074221994e-02,8.244800325512910422e-02,4.952308059269338036e-01,2.333448317601871658e-01,1.652677206725665648e-01,1.186553528586507811e-02,1.181823965115586933e-01
3.796800689371591098e-01,5.065230603780255247e-01,1.788113031281363952e-01,2.156001271817359066e-01,1.043454365792149674e-01,3.091054118770813486e-01,5.305378002826762751e-01,4.139297876069182314e-01,3.190804403813820578e-01,0.000000000000000000e+00,3.257454270876138369e-01,4.341366373430167180e-01,3.240778330413964792e-01,8.935917490934271179e-02,4.474879536420886539e-02,4.588340077671012596e-01,6.031725813294036564e-01,4.111423169440600600e-01,1.898497096957969532e-01,1.628345810264469617e-01,3.236792199586186469e-01,2.381801751115362742e-01,3.181068675322256678e-01,4.478492950004372419e-01,5.191209848745150790e-01,4.413859608268894674e-01,1.026101566157620326e-01,1.183231037877535419e-01,3.894075665974192635e-01,1.765223629427448149e-01,5.124273551063865950e-01,2.787669263975884881e-01,6.006282143401395768e-01,4.840876841548565901e-01,1.351674005001476664e-01,7.332951919750409220e-02,2.236201452580398596e-01,1.900564711730964862e-01,2.497558306695196739e-01,5.962749680814687370e-01,4.284427799189562402e-01,2.686446598417460141e-01,2.303391208869953743e-02,1.472392873516202572e-01,3.562059673976223362e-01,5.081647006102143482e-01,1.068938356993956174e-01,2.447454684101636746e-01,1.211637965187071370e-01,1.248913315311503125e-01,1.333446485077369181e-02,1.212742120964145354e-01,4.116840036961061378e-01,1.359330780539624028e-01,5.284261655557890291e-01,3.674260696816373795e-01,3.777007353711717141e-01,1.176414200677244337e-01,3.734462185444410720e-03,5.071389993883534952e-02,1.730367865005638661e-01,1.639259943248149165e-01,1.592425079744975991e-01,1.442689217616349440e-01,1.406795675516871458e-01,4.193911424694620194e-01,1.255063206470220516e-01,2.388682734619570480e-01,2.893347163595892946e-01,2.346489373158507363e-01,2.860146554617333803e-01,1.143547511532755356e-03,2.940772484746045912e-01,1.413407280404543886e-01,1.674261438269782631e-01,2.236899727151541728e-01
9.474438522242070726e-03,2.345500272611796277e-01,9.205709968909152607e-01,1.619481204016965659e-01,5.614535621237939367e-01,3.509355693253204955e-01,4.016336907907951392e-01,5.792905440671388684e-01,8.250229683962492233e-01,3.257454270876138369e-01,0.000000000000000000e+00,3.561449648090490583e-01,6.089905340452196336e-01,1.926007134538889332e-01,2.289379258600291456e-01,1.189981945475576675e-01,3.147643800489970389e-01,1.698255635801864116e-01,9.470577443238447080e-01,6.437147900648781951e-01,1.679492190942376839e-01,6.189031667540090265e-01,6.056546488194309852e-01,1.203609452770368071e-01,9.742499473981479363e-02,1.934542056374494168e-01,5.948674953077477401e-01,6.183469039718676452e-01,7.618441923972457674e-02,3.086935396790763675e-01,2.078688329387407552e-01,8.368673937781276329e-02,2.106313120721353127e-01,1.835064735754125126e-03,2.478650956195943833e-01,2.284733383745431168e-01,6.523009214974878622e-02,2.206682648206051978e-01,1.028093340397694122e-01,5.346856125488134298e-02,1.581858771115770002e-01,7.948468736777236643e-03,2.377747451442754345e-01,1.022069858503630718e-01,3.439260250103787220e-01,4.778229912885631481e-02,1.455458034315204319e-01,8.969421441055223099e-01,8.557413938961398736e-02,6.569329564121875187e-01,2.033617207749904010e-01,5.160254518535789536e-01,4.793541563270005690e-01,7.739816608257205077e-01,5.197140272976692454e-01,9.730835941146073198e-01,5.627814771661011628e-01,4.267424938927801836e-01,5.227513785506098243e-01,1.967484463872546940e-01,6.850004027710117349e-02,2.452233177587846147e-01,3.237807483424587351e-02,8.219623639164423956e-01,4.252969461016700148e-01,1.273476927270772441e-01,4.861939919063459903e-01,6.349225105751423737e-01,9.223346425098635781e-02,7.904373718469093202e-02,1.838736214641674138e-01,5.621050290412270556e-01,2.298191769250174377e-01,1.756816674857711313e-01,5.938588610288905029e-02,5.431218215501154578e-02
1.962338907749655581e-01,2.195128414904022884e-01,2.328478491708883824e-01,4.158109642148988816e-01,1.958638775358410855e-01,5.037936846185395723e-01,6.814498084375501807e-02,5.013976796287055171e-01,4.209462163410413460e-01,4.341366373430167180e-01,3.561449648090490583e-01,0.000000000000000000e+00,3.350433620142337365e-01,2.043726007233623854e-01,2.715122244830348031e-01,9.420038724495026494e-02,3.516542231909673411e-01,5.423895613085144563e-02,2.617068071954868902e-01,2.015589274128395114e-01,2.861105636852443457e-01,1.260204132961926238e-01,4.182635987779764752e-01,7.226884523853487341e-01,1.202368623806633896e-01,3.620780212741195880e-01,1.027441461975755477e-01,9.980873475446983001e-02,9.546945469193304779e-02,2.228925606357829436e-01,9.589334874142164955e-02,1.956022602047227110e-01,4.934767049983113663e-01,4.084910472838589879e-01,4.054948710593654360e-01,2.779450230980727854e-01,3.832508520224267023e-01,1.134656238027415276e-01,3.904080329966421736e-01,3.445596283526317638e-01,2.771931704750874581e-01,4.515817270957555030e-01,6.077890299536978236e-02,5.793633907629547330e-02,2.026159562676978221e-01,7.061369341847791026e-02,7.935464210732018353e-02,2.919039525972839111e-01,2.651236222689067334e-01,3.915918264385193082e-02,1.336530306064297180e-01,1.730601482332636276e-01,4.285929570039110903e-01,2.616463993218648421e-01,3.514667836540062429e-01,3.141052083400144301e-01,8.377357558376700153e-01,4.479100062174079522e-01,1.260326320585329896e-01,3.107198191153964228e-01,2.962621351813195247e-02,3.557275719261642211e-01,4.726786089738048424e-02,1.936643974772242482e-01,7.287172999410555796e-02,1.852620103384657602e-01,5.840930740737364235e-02,3.495852720684832771e-01,6.508819812933623883e-01,1.477190802284422955e-01,3.206354135494103308e-01,1.377170695088428820e-01,1.625892132405658552e-01,5.959297577132287582e-01,9.017604389221003935e-02,1.136536256002256134e-01
2.112996696071315905e-01,3.651508954189867651e-01,3.777031877981251728e-01,1.644940603386290667e-01,7.440517769946635163e-01,5.285385364941896924e-01,7.171663701069457275e-01,2.960412690157307458e-01,7.299050206520110162e-01,3.240778330413964792e-01,6.089905340452196336e-01,3.350433620142337365e-01,0.000000000000000000e+00,1.674659388278085526e-01,7.953932747896350075e-02,4.620336690499941001e-01,5.513621138023208079e-01,4.640282842111869144e-01,4.120140835442311911e-01,4.494203899814689374e-01,3.222533642363569761e-01,5.531352266226281511e-01,2.651763508189373675e-01,3.974419897656877865e-02,5.493804979430733093e-02,2.463173288423569640e-01,4.098777591098766160e-01,7.598395650845898297e-01,4.612696998577719421e-01,2.781551350725742777e-01,3.245143053073052397e-01,4.721843618129671627e-02,1.998123991465404203e-01,1.749859415003757190e-02,1.711170901301160285e-01,2.548322321473019403e-01,1.272306423262701547e-01,1.155277660826849739e-01,7.027026851427425891e-02,1.941400155033614072e-01,5.539168136124558717e-02,4.227066957240301071e-02,2.062260710143252740e-01,9.104392809773310946e-02,2.728655057513085236e-01,1.916408311540265252e-01,8.001687693100817400e-02,3.133014295149942896e-01,4.450611701839302103e-03,6.332970160025057638e-01,1.476340383012906543e-01,5.579168232070970124e-01,1.559972678529311929e-01,6.390117149853122847e-01,3.268145651260555562e-01,4.907769163648523225e-01,4.146457269537854873e-01,6.524705160128625447e-01,2.311038931021985599e-01,1.893920563077433616e-02,1.648155856617058157e-01,3.983353494571343356e-01,2.595066358956624741e-01,2.980421408109881209e-01,2.617322979300489294e-01,3.182547435803518288e-01,3.640614607695229488e-01,2.091730347403102652e-01,5.448047540051235982e-02,1.100881701555063430e-01,1.078396347317803206e-02,2.239255819681542081e-01,2.433343031335395423e-01,9.697904489182876397e-02,5.775855181801423793e-02,1.435657525059662043e-01
2.031574515499030009e-01,1.061507475939939271e-01,3.615924439601247986e-01,4.655322148078805400e-01,2.456762051537040303e-01,2.488834879375430298e-02,3.223812652665373202e-01,1.952957824320005753e-01,1.540870085949798685e-01,8.935917490934271179e-02,1.926007134538889332e-01,2.043726007233623854e-01,1.674659388278085526e-01,0.000000000000000000e+00,2.776958249185343397e-01,5.862494024346563692e-02,4.477874404999963864e-03,9.197218313650185051e-02,2.890089102416205646e-01,2.714803090654467899e-01,3.675960615366357515e-03,2.812295327619042662e-01,3.255064612064094698e-01,1.367375466340007562e-01,1.110849491494000085e-01,2.143329418992583890e-01,2.496567825576901378e-01,2.708486883496022402e-01,6.826136659576578780e-02,1.608898281194515167e-01,5.054531182699835423e-02,8.333898746571774541e-02,2.588632540872818910e-01,2.122747633902462849e-01,3.341036610562111986e-01,3.933228520174863463e-01,1.718304260005186490e-01,3.347192302631910032e-01,4.489912902970431829e-02,1.139905485757208431e-01,2.479448661877069193e-02,1.690342313163070709e-01,4.139368600500215045e-01,1.168930275615518016e-01,2.229580702048757357e-01,9.075650571658794297e-02,6.275766039914848493e-02,2.562108685376953687e-01,1.414140261695873146e-01,2.944738829602362440e-01,1.120653326989716203e-01,3.331048048740490874e-01,1.587675852447526237e-01,1.927905855345957431e-01,1.123806404035725126e-01,2.210872693379476728e-01,2.635226514809838050e-02,1.115728579828883793e-01,5.423943069315501075e-01,2.912280313316656377e-01,1.711827583061659719e-01,3.376252096993201390e-03,1.594771113858256539e-01,1.727282396988340241e-01,2.324713596370203694e-01,2.580645634257017901e-02,2.923567825260385833e-01,2.900608887574309680e-01,1.673708851941601017e-01,1.309302053275456235e-01,1.404956151424882060e-01,3.394687389193111193e-01,1.689942825468044585e-01,1.969441387771383445e-01,1.577776834995136754e-02,1.942777301167051066e-02
6.822125731935535509e-01,4.137182480317125322e-01,3.142936134722455477e-01,4.101882835148708550e-01,9.121181957192636691e-02,1.653870646453570736e-01,3.487635620132840258e-02,2.405254530662401247e-01,5.954576297088842729e-02,4.474879536420886539e-02,2.289379258600291456e-01,2.715122244830348031e-01,7.953932747896350075e-02,2.776958249185343397e-01,0.000000000000000000e+00,1.676797976409053481e-01,3.850716380116581128e-03,1.659267074228770456e-01,2.081645424917374365e-01,4.761811012653639485e-01,6.072251281335696582e-01,5.622867798378197168e-01,2.349210008187272158e-01,1.627941535498687586e-01,4.574835547901866528e-01,3.185711900372247829e-01,1.334668837710580869e-01,2.877358847206307746e-01,1.852653446766411860e-01,8.639038436862114811e-02,2.025744025222150635e-01,3.242697718130783946e-02,1.651882396449926294e-01,2.400067001765636143e-01,3.693830329807041291e-01,3.046811159703500804e-01,1.434577751123908285e-01,2.532147401136694009e-01,4.682774137627008365e-02,8.480083209867156357e-02,1.033488900854917375e-01,3.165914145557069403e-01,4.848466713011431173e-01,2.077812036445018662e-01,2.197416600349667570e-01,4.926423313171479079e-01,2.097212334536846523e-02,2.891460539647639494e-01,3.518944226785694074e-01,2.328709005266272059e-01,2.598851338743770056e-01,3.685201642840597591e-01,2.288251715760449001e-01,1.160772947283766898e-01,2.503833885380739033e-01,2.997169710221809225e-01,1.378617463886768757e-01,1.142141050053119000e-01,3.239270759354162532e-01,8.625570298706488614e-01,2.967115097021290615e-01,1.413096325681521548e-01,1.772023473478574751e-01,2.772877989744109151e-01,5.370772681318132236e-01,4.731348267342899705e-01,4.203336436229881956e-01,3.210309412383374195e-01,3.000772438288151767e-02,2.863674220763036127e-01,2.187028684764144026e-01,5.236650504416160423e-01,4.092943621357590378e-01,5.873936313163986567e-01,4.006177461933718709e-01,4.740783455016628345e-01
2.684821552521734489e-01,3.755274332300630458e-01,1.220574901406133589e-01,1.000928364032187545e-01,2.638311285611370516e-01,3.054273610069285771e-01,4.732021590668570310e-01,9.679774120055299746e-02,2.090739610555960859e-01,4.588340077671012596e-01,1.189981945475576675e-01,9.420038724495026494e-02,4.620336690499941001e-01,5.862494024346563692e-02,1.676797976409053481e-01,0.000000000000000000e+00,6.336046564674557846e-01,7.026593540192618281e-01,1.373961166555617841e-01,3.017881328298480104e-01,2.444172926519311284e-01,5.019016332914010281e-01,2.639078234000007128e-02,4.662305423431180318e-02,4.131096652543495007e-01,2.856980310455429217e-01,1.450269809937708432e-01,4.575943943693829841e-01,7.597994218985756332e-01,5.213936454747749583e-01,6.968271018071096057e-01,9.738292903979314796e-02,1.213314096459171543e-01,3.425292170077905984e-01,1.338342025416742187e-01,6.512977400726810417e-02,2.945736613805041704e-02,4.280882807581351535e-02,1.182648428868804669e-01,2.479013834015482420e-01,4.473532404669984253e-01,2.805217008118754407e-03,1.090694740828773157e-01,1.045053384290882681e-01,2.432465368284635054e-01,4.505280878269221634e-01,3.988389766126176905e-02,1.314770232726099053e-01,1.735140071919501203e-01,3.810953439635536566e-02,9.345735698024659754e-03,2.521445593743005809e-01,3.737771515766646901e-02,8.100855921642367841e-02,2.712476322464263401e-01,1.924944313341173663e-01,5.280317347233870473e-02,2.404561563962869519e-01,7.652467722897038360e-02,2.744500910959875584e-01,7.410915838257405852e-01,3.804942664147833442e-01,5.936506157070147172e-01,1.345422978421360050e-01,2.081274948682849679e-01,2.222682655115424954e-01,3.669535561763435649e-01,1.167845604082575484e-01,2.255693529179311763e-02,2.137032592765925054e-01,1.196925803020336965e-01,2.603591025990270591e-02,2.046943547422584997e-01,3.252701276335075997e-01,2.471863025255166268e-01,4.249010186935298083e-01
2.861513192672611172e-01,4.741578091012969565e-01,2.281705674568401121e-01,1.759680018443329774e-03,3.004387229479399402e-01,1.381981356404434202e-01,5.956186324153631695e-01,1.640395120914148186e-01,4.299335737566373772e-01,6.031725813294036564e-01,3.147643800489970389e-01,3.516542231909673411e-01,5.513621138023208079e-01,4.477874404999963864e-03,3.850716380116581128e-03,6.336046564674557846e-01,0.000000000000000000e+00,7.514327150974440261e-01,2.229305040087212753e-01,3.319120880783964500e-01,1.868913328708836363e-01,4.325644477707695224e-01,1.916259750147450425e-02,2.651765527502460973e-01,3.179620544706238672e-01,4.059790132563185217e-01,5.169504315218442780e-02,4.981722486289510421e-01,4.847086597883417114e-01,2.647465640905376505e-01,4.762037941729690971e-01,2.689532917753664210e-01,2.132138709053329473e-01,2.194317952227010093e-01,1.676893217417457504e-01,9.803399152631427083e-02,1.352720320114503272e-02,1.725097739949053299e-01,2.434217789411441957e-01,2.524235774735162918e-01,1.793305748559815838e-01,8.578542135675303049e-02,3.672280945962823062e-01,1.972178179701531975e-01,1.670321732945208026e-01,3.419191659250176984e-01,2.769941833541051945e-01,2.100179802292620190e-01,3.010566941278741138e-01,3.962911749280948470e-01,8.326978369440410366e-02,3.066066331047216376e-01,1.710725836753468621e-01,3.486022629253501814e-01,2.586934987493963445e-01,3.218940799195392777e-01,2.878972276406789876e-01,4.184277585239536412e-01,1.963861821928793994e-01,2.636470608480073752e-03,4.329431816706100777e-01,2.210232432780374068e-01,4.988098495400796195e-01,1.766744305950306293e-01,7.944874558115025409e-02,1.287689752766227880e-01,1.358203156497814201e-01,3.426502926600469290e-02,1.401875149642946572e-01,6.990726043156902936e-02,2.129665614447123767e-01,8.235104751227650954e-02,2.155994322796677409e-01,4.349374707652170491e-02,3.459385855819284705e-01,1.370419275891809063e-01
2.244777678220765682e-01,5.712414729698483962e-01,1.396809628662898650e-01,1.448364879493306001e-01,3.051106024742363809e-01,2.096326447512189273e-01,5.491600231785700448e-01,6.510408815905982527e-02,2.253069114445445387e-01,4.111423169440600600e-01,1.698255635801864116e-01,5.423895613085144563e-02,4.640282842111869144e-01,9.197218313650185051e-02,1.659267074228770456e-01,7.026593540192618281e-01,7.514327150974440261e-01,0.000000000000000000e+00,9.554738090332146050e-02,3.472597821124764339e-01,2.732383498321997450e-01,4.929322831337025201e-01,8.921161533642454899e-02,6.102699872013911397e-02,4.850321631422478963e-01,3.683883260051655228e-01,3.271769375189981233e-02,4.492409425913763132e-01,6.833150991867726898e-01,3.244208867784187378e-01,4.634289042809609516e-01,1.689360724122410395e-01,9.167807814846666570e-02,2.687024045815994411e-02,5.932547107213675952e-02,2.432719205822817532e-01,1.202230774872905666e-01,1.848050544121044303e-01,9.499380131786908099e-02,1.404237247897542340e-01,1.831176796188987987e-01,9.927973716087269695e-02,4.870521109208529875e-01,2.813340902248750441e-01,1.021166947009041759e-01,3.413762425006588996e-01,4.522409933251925196e-04,2.541620338635189325e-02,3.520412952283754615e-01,2.194240486102553844e-01,1.548419886876913065e-01,3.203009835336284583e-01,7.249562460354350146e-02,2.086886910799226336e-01,1.960602103269878937e-01,1.748470774298234720e-01,2.437690883566495659e-02,3.386101837138806303e-01,1.006076978838345015e-01,1.600051186898643063e-01,6.178262650166139736e-01,2.188498243423889211e-01,6.863517863319071877e-01,9.407235075381562006e-02,2.271596817142382818e-01,1.755273055080918965e-01,3.281743954631079485e-01,1.470918076424089227e-01,1.031983116175247406e-02,1.154574512934454789e-01,1.883532507840650072e-01,8.018726566897349528e-02,3.982466486836019892e-01,4.050303762559192555e-01,3.335227067784275468e-01,3.061922343104945821e-01
8.089534583038854310e-02,1.627497705931560401e-01,9.346071182720953052e-01,5.727191698666268121e-02,5.418473929250657850e-01,3.292269158849642774e-01,3.162542434622230836e-01,5.276748172856036145e-01,7.379148813055302902e-01,1.898497096957969532e-01,9.470577443238447080e-01,2.617068071954868902e-01,4.120140835442311911e-01,2.890089102416205646e-01,2.081645424917374365e-01,1.373961166555617841e-01,2.229305040087212753e-01,9.554738090332146050e-02,0.000000000000000000e+00,6.720286323954898222e-01,1.513504808074729591e-01,6.286325189336385844e-01,4.993806758407758339e-01,1.237721874513776632e-01,1.886071277226186726e-02,1.412074958127046975e-01,4.908236341309330508e-01,5.741074634891597528e-01,6.026465250760890124e-02,4.128796058228333399e-01,2.397663500806111181e-01,1.582752415268455504e-01,1.951942800302181036e-01,3.735500487647759604e-02,1.963289842734197987e-01,2.305821903189067823e-01,9.231844231304107973e-02,1.462514788714280867e-01,1.588106822740045498e-01,8.969769332527642580e-02,1.678341962797716969e-01,1.592038261687778178e-02,3.048144582312527495e-01,7.811341940721444610e-02,2.758057897169939876e-01,3.802778616496900466e-02,1.065296946952195289e-01,8.724424535850994200e-01,7.837515544000046852e-02,5.362434348557496566e-01,1.950779689323452193e-01,3.737779601660785600e-01,4.270956073725528657e-01,7.106635174446628289e-01,4.306991170681929715e-01,9.296969149521283615e-01,4.267355347153449774e-01,3.854699095089020311e-01,4.307982598074467373e-01,2.079132203941371215e-01,1.260909638992593895e-01,2.297732661081572370e-01,6.381615149708153023e-02,9.157544056480876327e-01,5.250090062524850332e-01,1.209568170731636638e-01,5.477865691050042285e-01,4.637633965931065583e-01,1.229859235647899479e-01,8.786200006663250073e-02,2.048003444085249036e-01,4.184509961949381407e-01,3.506382106848280888e-01,1.550986932784702566e-01,2.281417416219026217e-01,2.138437724580319332e-02
2.998515657906009046e-02,3.242169797279683685e-01,6.973999650986358878e-01,1.202246705177524994e-01,5.624333775538489233e-01,4.764100710744220146e-01,3.860583783768656296e-01,4.519592850541325202e-01,6.651718915851501102e-01,1.628345810264469617e-01,6.437147900648781951e-01,2.015589274128395114e-01,4.494203899814689374e-01,2.714803090654467899e-01,4.761811012653639485e-01,3.017881328298480104e-01,3.319120880783964500e-01,3.472597821124764339e-01,6.720286323954898222e-01,0.000000000000000000e+00,2.352003656117246377e-02,9.460176249725494868e-01,4.366709627767548785e-01,2.424929543605859605e-02,1.687866909460739584e-01,1.992585919649903226e-01,6.038748607649147004e-01,6.229019069462056191e-01,4.004579083361430314e-01,3.835950487793564068e-01,3.796477072614339865e-01,1.794249423706990032e-01,1.313163134257877007e-01,3.465870964154139922e-02,2.635376329598900780e-01,1.759200927286656557e-01,1.013648485045351433e-02,1.907983788518415047e-01,2.491701456942295723e-01,2.753699029239546625e-02,3.266450287371214234e-01,4.871192398084150943e-02,3.094120569277236665e-01,1.586279260794747070e-01,4.065006255694104675e-01,8.883870942837263085e-02,2.144586048251265198e-01,6.162171586908302690e-01,6.835417358052550685e-02,5.592449632757462430e-01,3.183585779401177929e-01,4.732978319840092096e-01,3.037043678713936545e-01,6.571172144072197074e-01,4.232804655055880660e-01,6.687228042326260891e-01,3.298935842608187174e-01,4.292728170044652902e-01,2.933609655975241703e-01,4.820513891636668546e-01,4.782967162349758827e-01,2.551411321623665573e-01,2.975469270135531752e-01,6.480841651970545847e-01,8.590707992674300186e-01,1.760135935471807134e-03,8.436570518936258312e-01,3.941648069790879005e-01,1.405902052030360005e-01,1.922082584880006884e-01,2.212996932307538800e-01,5.620180754755700336e-01,4.830128118461894382e-01,1.710409677025622743e-01,2.231942688300977418e-01,1.484704761308907606e-01
8.875254509387073831e-01,5.071616761928303685e-01,8.597945437550164050e-02,2.346236586704933402e-01,3.436851501441922085e-01,3.355476586954583285e-01,1.188463850499717755e-01,2.138874629552287021e-01,3.449477386579038463e-01,3.236792199586186469e-01,1.679492190942376839e-01,2.861105636852443457e-01,3.222533642363569761e-01,3.675960615366357515e-03,6.072251281335696582e-01,2.444172926519311284e-01,1.868913328708836363e-01,2.732383498321997450e-01,1.513504808074729591e-01,2.352003656117246377e-02,0.000000000000000000e+00,7.804498264227865967e-02,8.060339844609987203e-02,5.656354311782445243e-02,6.427271970383079402e-01,4.280471469493716263e-01,3.044351681988728964e-01,4.191160164710577840e-02,1.364545598326941112e-01,1.225075177446904029e-01,1.854795438795825702e-01,6.387707532210521594e-03,1.404853012157799563e-01,9.724357094486968389e-02,1.213394304030638027e-01,1.777612791622177335e-01,4.717865935953358125e-03,2.800189646402568844e-01,1.707679002779223520e-02,2.702314753185612872e-01,8.182559600113609166e-02,1.698093616880118339e-01,3.575578810709074684e-01,1.771667635879337899e-01,9.809965043285107100e-02,7.621845252534572568e-01,3.395024167805557047e-01,3.156826411577964842e-02,3.869016346682765950e-01,2.149370247986943094e-01,1.309750786405070033e-02,1.309366622295344007e-01,3.434617844619327620e-01,3.585452640600984564e-01,1.341042957269695524e-01,7.337447779031180950e-02,2.294809908874237969e-01,2.705002109197215399e-01,2.025287228021917241e-01,5.545920235771104601e-01,1.732226811350009998e-01,3.416646786499590860e-01,7.214639043198070589e-02,7.387409184046128674e-02,3.833001537979685569e-02,8.251613758093864215e-01,1.068131778482258043e-01,1.798039077475698244e-01,4.463246329532868928e-02,1.661006949260682153e-01,2.137326572205792141e-01,8.259595286360277289e-02,5.921789841958094436e-02,4.527842900244710145e-01,3.388443432574989589e-01,5.502678123149957745e-01
