0.000000000000000000e+00,7.399525618889997158e-01,3.393551891506144669e-01,3.691703908226597053e-02,1.005730453954006981e-01,7.281154623434145101e-01,6.657250444384720245e-01,5.082777162218641287e-01,5.928337919879806961e-01,4.354042219595897767e-01,1.716687528143396313e-01,3.834799567497387263e-01,6.497343307200589280e-01,8.552931579379685623e-02,7.558542007740820523e-01,8.213711502703680001e-01,7.070544045234223862e-01,4.909652655829189194e-01,9.059355886777936684e-02,6.759366181619679281e-01,8.633630572958003180e-01,7.366123184671815594e-01,6.512140681606009007e-01,6.156690823709949356e-01,7.173534420617013740e-01,3.833163445016002924e-01,6.964885498808713882e-01,3.100176611156549855e-01,7.476708488793812890e-01,4.424443615385617035e-01,4.967230029678231795e-01,9.492205505369305518e-03,5.705656814853488079e-01,3.409558387117572753e-02,7.654026733943188887e-01,7.853897104254139450e-01,3.001454060040770200e-01,4.438859747839963288e-01,3.421635445597446257e-01,5.607198591581432634e-01,7.624957018694784594e-01,6.489864052370909464e-01,1.151546210678157101e-01,3.672195154382471016e-01,4.568809729905202732e-01,9.113847699467254593e-01,7.029571798406927252e-01,1.768523039255217866e-01,2.197953247514852770e-01,2.902260885841445037e-01,2.214692690777380069e-01,5.144776939831365858e-01,5.170013216812235912e-01,6.470135113148534067e-01,5.288833607813545612e-01,2.726899942412313038e-01,3.470405873700785349e-02,3.155471959073054000e-01,3.342250698648860929e-01,6.837345760263069394e-01,2.786943973337840941e-01,3.420369885083358596e-01,6.101001171229020192e-02,7.658748135817083913e-02,4.882646482267761767e-01,8.607598257772119954e-01,6.144454201513633862e-01,5.281321024770644357e-01,4.921120613948224976e-01,2.975623970875460600e-01,1.944728175568887774e-01,2.966246561164049833e-01,5.900640949640825750e-02,3.302035624792730162e-01,6.053779486251515962e-01,6.483139041977001860e-01
7.399525618889997158e-01,0.000000000000000000e+00,5.129657893351069475e-01,3.413786192327595420e-02,1.686868572490601015e-01,8.886900418718450823e-01,6.626361910576246128e-01,3.342327871800655492e-01,5.038671941779768737e-01,2.713740198218530519e-01,2.429233367130306243e-01,3.879155521915997884e-01,6.292063575726700719e-01,1.257029096798247259e-01,8.084014942051849228e-01,8.381144288318858049e-01,8.073881369541195951e-01,8.815488954387192821e-01,3.954863623653553928e-01,9.086703936871147747e-01,6.394046158081861941e-01,9.195292435001455322e-01,5.127211296249774009e-01,5.867351206727444701e-01,9.834317278474965507e-01,8.001695419952817856e-01,8.457046376767963780e-01,3.717846399417156222e-01,9.360267492851257476e-01,3.429451495591669952e-01,4.631241542134854061e-01,3.478564070157578320e-02,5.980328494884745716e-01,9.838742961092562800e-02,6.110961842580857617e-01,7.110090817527368046e-01,2.379009792752925095e-02,1.826966483740432023e-01,2.556169787950966499e-01,5.860896749355093416e-01,6.514352446747954106e-01,3.877668753512798494e-01,2.977175114154316238e-01,2.750179762772933523e-01,3.231734481686195926e-01,6.878753761101468189e-01,8.698636145995740643e-01,6.789660295209332119e-03,4.924807556471565428e-01,2.617499367155944057e-02,5.975823001254083611e-01,3.423577195062157408e-01,3.041009830909898737e-01,5.087910771683517019e-01,6.271908922654044760e-01,2.154415083983594603e-01,7.669109011344577009e-02,4.854717285989296749e-01,3.919671076880811289e-01,7.279415025389512905e-01,5.232283038698836153e-01,3.423839589517092552e-01,1.652209067959599653e-01,3.313542848007963171e-01,7.418266696547882733e-01,5.432621177767560372e-01,8.871308019061652228e-01,3.825594292657621409e-01,5.712228912657368873e-01,7.528633720688862052e-01,4.830827551162923394e-01,6.022225690036100421e-01,1.467533107158571493e-01,5.856449636097107447e-01,5.412310491829005477e-01,5.640680125517669730e-01
3.393551891506144669e-01,5.129657893351069475e-01,0.000000000000000000e+00,5.747990126040540548e-02,7.349822673510348903e-01,5.773046072390635164e-01,5.294001571271576001e-01,6.030242463240211848e-01,8.737606227963150562e-01,3.033158604991647023e-01,9.423137964968483216e-01,2.024275194880076623e-01,5.391610976426506330e-01,2.801349527726879618e-01,6.988478220671431318e-01,3.796623254220926613e-01,4.619843040088808528e-01,4.502718504704951163e-01,8.898055788317451587e-01,7.029910610243601532e-01,2.736985951206802881e-01,6.455674181332101691e-01,6.880546142897188133e-01,1.050694157513740179e-01,5.385324354733211916e-01,4.033955593402909767e-01,7.185672400602765020e-01,6.724491138317063577e-01,3.815751462267860106e-01,2.862903389909442486e-01,4.212228798903793203e-01,3.777853465399864108e-01,1.586490999411824532e-01,1.384059342247473401e-01,7.038052389611562654e-02,1.522615190175896083e-01,1.940057933388614209e-01,3.208405874970965410e-01,3.292743449150958845e-01,1.837082295411687216e-01,6.271488636506367120e-02,7.923652275923315225e-03,3.850521095851358599e-01,5.245265204997145297e-02,7.184259230567734134e-02,1.665636125627478759e-01,7.307491237035265152e-01,7.908164854524295517e-01,2.925399484871831213e-01,5.073166581255754704e-01,5.861975588547481131e-01,5.105831720315545663e-01,5.964707395767374631e-01,8.378617312724659927e-01,9.473939478888462884e-02,9.519257215156786689e-01,6.264669453504537189e-02,6.659896294182188203e-01,1.945294283087110054e-01,6.416428365007285084e-01,2.074045695266285017e-01,1.747459410348961018e-01,3.957720713424752179e-01,8.161795938213601831e-01,6.578614219144718334e-01,3.493424286458813310e-01,7.182289016972087659e-01,7.568843566023533143e-01,4.620392594817261667e-02,4.629988272507645775e-01,4.538625238971982223e-01,7.466848723043628677e-01,4.529667403681664761e-01,1.964472040438226541e-01,3.428715886521183087e-02,1.526815416050933127e-01
3.691703908226597053e-02,3.413786192327595420e-02,5.747990126040540548e-02,0.000000000000000000e+00,1.917494110864566004e-01,1.448851247599014236e-01,1.790854527493308535e-01,1.117950563359236260e-01,1.484169986368195915e-01,1.118232891121710981e-01,5.610652488813532013e-03,3.206006233445468645e-04,2.140372231465721697e-01,2.522580645374332131e-01,1.701246578038744517e-01,1.315340298494374616e-01,5.688328930173153913e-02,5.730045041435744176e-03,3.663824129400321608e-03,9.347710105446323248e-02,7.747473373677482567e-02,9.390047328257855597e-02,1.507220369231936086e-01,1.817056656554420502e-01,3.203238570377547889e-03,1.036372787150717789e-01,3.246514271445274935e-02,1.897157140612824311e-01,1.217670716529799801e-01,2.044994598424482724e-01,3.535698401652171974e-01,2.014577416286659484e-01,1.380757559989664873e-01,1.962508550680254760e-01,1.517196508740116800e-01,2.248361849072402774e-01,4.601585261991703035e-01,3.273640372583836583e-02,1.512858049794862658e-01,1.633613421565838497e-01,3.996630469685855114e-02,1.026177427998712921e-01,1.390843610381485018e-01,2.879955127012610513e-02,6.747498197957906008e-02,8.784682541810764911e-03,9.863533579282747488e-02,5.846960642448136708e-02,2.132771076684240319e-01,2.131574559680024517e-01,4.586729875264347611e-02,1.918917179428858977e-01,8.536233166043386000e-02,1.844890460987083647e-01,2.866900631062312965e-01,1.290194050570789286e-01,1.347898290466756355e-01,7.970450287752581242e-02,2.630259799062276138e-01,1.219953009722343357e-01,1.740571847743598299e-01,3.100204064309448615e-01,2.015520064097283681e-01,7.562361424544203348e-02,2.786228155971873233e-02,1.594949678149636396e-01,1.034889405035280263e-02,1.110507709914566599e-01,2.180163756164111288e-01,1.804390299905417328e-01,2.164706461322696562e-01,5.183390802994774366e-02,5.080141791202499174e-02,1.385585255447011610e-01,3.565127205628118578e-02,2.583970316972825643e-01
1.005730453954006981e-01,1.686868572490601015e-01,7.349822673510348903e-01,1.917494110864566004e-01,0.000000000000000000e+00,3.656256878811167121e-01,2.877606312684484191e-01,2.954648621773157124e-01,6.571954765376629704e-01,1.820762802340503139e-03,7.979511909923767687e-01,9.951578009033101857e-02,3.816848175884805516e-01,5.346911244373062644e-01,4.567960305631418860e-01,1.982610798605617952e-01,1.757588889274628030e-01,3.059863214927895370e-01,6.355833895730982341e-01,4.614446555177444953e-01,3.453391512536721497e-02,3.870282647885856520e-01,3.804166303709324293e-01,2.359573883781180548e-01,3.389695743830341557e-01,2.006484985248136177e-01,5.416101862880724482e-01,6.991148501744699484e-01,3.427423620646135038e-01,2.665362415875134894e-01,4.195531081360235337e-01,4.004030967847926892e-01,4.310166429934630394e-01,1.018253287303800547e-01,1.193003104104520262e-01,2.135153670058695108e-01,1.562092959206566878e-01,3.086153157954663051e-01,4.287922840647674927e-01,4.192749383959869514e-01,1.670942418676703844e-01,8.892949544516579041e-02,5.861936944255645709e-01,3.247567842971592067e-01,3.230577144161926595e-02,3.440598423683785545e-02,4.275896614413551844e-01,6.623102740649483566e-01,1.163677146322299460e-01,5.855289320053465030e-01,4.379825413775058074e-01,4.115590160651969032e-01,3.141310625370794529e-01,5.973534379947412765e-01,1.517133667637027283e-02,8.333153804239625817e-01,1.471168092608423350e-01,5.589132748519612948e-01,3.601236789467741062e-01,4.335323660403592738e-01,1.292026211632168187e-01,6.216892225003721462e-02,4.645129336374614337e-01,4.931843101173172261e-01,4.302761329016461245e-01,8.862070094969520806e-02,4.597004176377879059e-01,4.819096644156775078e-01,3.083535498527112395e-01,4.536843389183338182e-01,2.179429391178629993e-01,5.534965338081934139e-01,5.159347273445135107e-01,1.026708256917783502e-01,1.245767198430692835e-01,3.789591390699274115e-02
7.281154623434145101e-01,8.886900418718450823e-01,5.773046072390635164e-01,1.448851247599014236e-01,3.656256878811167121e-01,0.000000000000000000e+00,6.823672471544155460e-01,6.616163616553525362e-01,6.712899456433649714e-01,4.069534467222067908e-01,4.601880971360325367e-01,3.903693975014944084e-01,7.651161276498732455e-01,1.690444498032425136e-01,7.878232742798605415e-01,8.206967367209463404e-01,7.126357195199564121e-01,6.574673414136833483e-01,3.389665805210274607e-01,7.401356755342269889e-01,7.539729409775135505e-01,8.069001157828380455e-01,7.327340870618781477e-01,3.412196116654085953e-01,8.625246500188288312e-01,4.908393290401423803e-01,8.869685308312640348e-01,5.204547271093012961e-01,7.882365077871369419e-01,3.887804954827088766e-01,6.316126731585210985e-01,3.233736665932834264e-01,3.466787650972635304e-01,6.186384782565309409e-02,6.327150368797592739e-01,5.093886718333817676e-01,3.751305947296896259e-01,4.663467569060286699e-01,5.161180938485528114e-02,2.722157908150039662e-01,4.001607409959184736e-01,4.076344556789457396e-01,2.828690298502825606e-01,1.998058676766888697e-01,3.115311499227049197e-01,5.434403626276146371e-01,9.033660317805626283e-01,8.869839275131380374e-02,2.743604081372097991e-01,3.482312475013212838e-01,6.036423149088410156e-01,5.929029645797698755e-01,5.975056144561157190e-01,6.282258927874130316e-01,5.489102519433847194e-01,5.067889329485559813e-01,2.680914178319449004e-02,6.456157997733135145e-01,3.799653276362423560e-01,7.609369821701355008e-01,1.618060458888909703e-01,4.067672327237309426e-01,7.730141956092351219e-02,3.303676892534280207e-01,6.514765266422940515e-01,7.584341717308213937e-01,7.654826560066930741e-01,6.584218048015675340e-01,2.199999356591555155e-01,4.442617313910325327e-01,2.341241916953405444e-01,6.185986240668817082e-01,1.799294581932720516e-01,3.053659444293927994e-01,4.013486235635835842e-01,3.381576786339881568e-01
6.657250444384720245e-01,6.626361910576246128e-01,5.294001571271576001e-01,1.790854527493308535e-01,2.877606312684484191e-01,6.823672471544155460e-01,0.000000000000000000e+00,3.358459854923676602e-01,6.346677306429446830e-01,4.991971536065066273e-01,3.221194692442369001e-01,4.621076155058630452e-01,7.878377825032076842e-01,6.117533675289824058e-02,6.020303195123721807e-01,8.842551378679330831e-01,9.290238282935001646e-01,8.364187871041754985e-01,3.819438812969522812e-01,6.144728585836188861e-01,4.753304500940106481e-01,6.658270910558264921e-01,5.652902826737008501e-01,3.749549122770842180e-01,7.567874681769845013e-01,5.204282469271135358e-01,6.378359483254283369e-01,3.963575624148248377e-01,7.435721045584501310e-01,4.475238300984202833e-01,4.960792678535984046e-01,1.100628726995640100e-02,2.892045586689557801e-01,1.625414004708597149e-01,6.387638418106136307e-01,4.830669460620311551e-01,4.152487934684726545e-01,3.510180629925890861e-01,3.118454017179707050e-01,2.722252851032440080e-01,4.572057203304557005e-01,6.223860212614550358e-01,2.667733593889517474e-01,2.265236368089607599e-01,3.639694066805139183e-01,5.878640900581953987e-01,7.101447889088796650e-01,4.107545499313497439e-02,2.205442590537378122e-01,3.394600102082691584e-01,4.442242329517417931e-01,5.115796982591191977e-01,2.406914232752390137e-01,6.232661271426271909e-01,4.640202177405332584e-01,3.873669173328170845e-01,2.097721865794967000e-01,5.248966772910824696e-01,3.308848303170883742e-01,5.722883766021361618e-01,4.170756079354257517e-01,3.530761258311483908e-01,6.453874258962573329e-02,3.178924094502226794e-01,4.703051905606840388e-01,5.422567846034596073e-01,6.568267220536350148e-01,4.901499948441203625e-01,2.013968402289205151e-01,4.263917166324091013e-01,3.045473186083783590e-01,3.922457564331528479e-01,8.045148445616283339e-02,4.442529873705700072e-01,6.125128891808510057e-01,4.808926651397300578e-01
5.082777162218641287e-01,3.342327871800655492e-01,6.030242463240211848e-01,1.117950563359236260e-01,2.954648621773157124e-01,6.616163616553525362e-01,3.358459854923676602e-01,0.000000000000000000e+00,6.456036517927117302e-01,4.416149939631972554e-01,4.927352316149803402e-01,2.892978362414567739e-01,5.303325888852109538e-01,1.023970353834022240e-02,4.612983944543436188e-01,3.786128895112990111e-01,2.545698750517766396e-01,1.556846200919960455e-01,3.469864268044590139e-01,3.137657437173080321e-01,5.918879175841851303e-01,3.203509684256187207e-01,8.819627062025605646e-01,3.700249238135411289e-02,3.338121423983164138e-01,5.132457229121573095e-02,6.969572487119692905e-01,4.646182257915004721e-01,2.436478715208363066e-01,1.977318163856533195e-01,4.245982950818167900e-01,3.751610847417912731e-01,1.213742338442094781e-02,1.911631164781081860e-01,2.614985113186175103e-01,2.190871622642200367e-01,4.761989647102775058e-01,6.605953010255903868e-01,3.467605964630846582e-01,4.794283999338028179e-02,6.237582406593596834e-02,9.366904678626250536e-02,4.125052293471334619e-02,3.114682337105242338e-01,3.221894953302310016e-01,4.143414319740104101e-01,6.262768463860820534e-01,3.188541517083635646e-01,1.305202713538875237e-01,6.151265672945777085e-01,3.190479916627355084e-01,6.670055222581086074e-01,8.808207122928809474e-01,5.896384682710398284e-01,1.917260429206392447e-02,6.242175057605652277e-01,5.833220121601490060e-02,4.211912072017134356e-01,4.981529896258687917e-02,3.229485158589209259e-01,3.181426451662454635e-01,4.098476600779143997e-02,1.288864899787029450e-01,3.337344175113692302e-01,2.972856742854169676e-01,5.765097011592876797e-01,3.552861160255026407e-01,7.747402283645573595e-01,1.548290652373550680e-01,2.120096014316790248e-02,3.266811871117758503e-02,3.317257065846045405e-01,1.914674691775859194e-01,2.047259602769668230e-01,6.365996830656786565e-02,7.346794315527410690e-02
5.928337919879806961e-01,5.038671941779768737e-01,8.737606227963150562e-01,1.484169986368195915e-01,6.571954765376629704e-01,6.712899456433649714e-01,6.346677306429446830e-01,6.456036517927117302e-01,0.000000000000000000e+00,4.815333211745683739e-01,8.032429574301247488e-01,2.383904427177266083e-01,7.517571278421424363e-01,1.476228066518512905e-01,7.516195494415485179e-01,6.319566473097040227e-01,5.934073684864166198e-01,4.454966515942779259e-01,6.070968562003780100e-01,6.782324123187091214e-01,5.540623040858270176e-01,6.758337870677981751e-01,7.763708728964289207e-01,4.308438677223883073e-02,5.770832409162709453e-01,1.893888568987051602e-01,8.393676247270359658e-01,7.510937456136359547e-01,5.918096120453089082e-01,4.004026229386743463e-01,6.557478983118929516e-01,5.950212690488249079e-01,1.543017060941734020e-01,1.537160429392406824e-01,3.146742082272131480e-01,2.483624872908238579e-01,5.007179460285620110e-01,5.908320365151514819e-01,3.787231709091765652e-01,1.635569268818310718e-01,1.035745892812935387e-01,2.596316852239166084e-01,2.979280525728504880e-01,3.075345396068056292e-02,3.089990986506365722e-01,4.024773135199027907e-01,7.965885030881131312e-01,5.187944190212600004e-01,3.767809996465851241e-03,7.681351443816196722e-01,4.145668993261817370e-01,8.043766910921741342e-01,6.213744484292686998e-01,9.075198502423436064e-01,1.195167758190079366e-01,8.901606118095767295e-01,3.795359325962452401e-02,6.697770195049648212e-01,2.174051314903857890e-01,6.783689701162136654e-01,1.836837787259659738e-01,1.104406368817366924e-01,3.177544646516571314e-01,5.514852253994579900e-01,6.143474777031193712e-01,6.447836701262843473e-01,7.249884429084040294e-01,7.861813887195807649e-01,1.456494383038960394e-01,3.111707853662749601e-01,1.832820247961999549e-01,5.936836444053106288e-01,4.202896056732676744e-01,1.454543985875537959e-01,1.981843109319596508e-01,2.998251711962091615e-01
4.354042219595897767e-01,2.713740198218530519e-01,3.033158604991647023e-01,1.118232891121710981e-01,1.820762802340503139e-03,4.069534467222067908e-01,4.991971536065066273e-01,4.416149939631972554e-01,4.815333211745683739e-01,0.000000000000000000e+00,1.230706380942105660e-01,5.401319235960984066e-01,4.183387262581800270e-01,2.631488672224790437e-01,3.058446323428573033e-01,4.048141027371477407e-01,4.947821820800368808e-01,2.431330075454227191e-01,1.321314742853655910e-01,2.466524540706696300e-01,2.997744115901213036e-01,2.243959919186116481e-01,4.808486092033738002e-01,1.108739600328832731e-01,2.170416911782730440e-01,9.314576704845378696e-02,3.734080989393164240e-01,3.239753477713305241e-01,2.261120930428638653e-01,8.780886608826546369e-03,2.026677891481808991e-01,4.772713804647489289e-01,1.076811606600280857e-03,3.953779928028889890e-01,2.747285247207602032e-01,3.872582927485629933e-01,5.122689408080979279e-01,2.895705048761328393e-01,1.578074419543832319e-01,1.698471120967415260e-02,4.287791327665377294e-02,3.068905880203989245e-01,2.115793407030990558e-01,5.337970975914604899e-02,2.005463846940723216e-01,2.145044646454428716e-01,3.442774473284530012e-01,5.382406220752561365e-02,3.308016758890756914e-02,3.319041237906990016e-01,2.397640739607720950e-01,4.128015212715886451e-01,3.462824570560211757e-01,4.242141419175754491e-01,1.668976419280623347e-01,3.199214024684211566e-01,5.432793248120086904e-01,3.259502005487272536e-01,2.009431957298180582e-01,2.596179935077485013e-01,4.858725705512530191e-02,5.494873603499034198e-02,6.752529973682647180e-02,1.277972706743503162e-01,2.729673458491508886e-01,4.108060745413375514e-01,2.949488803576447715e-01,4.011861152023002419e-01,1.219888965771678269e-01,4.644011037834250288e-02,1.408888195256515208e-01,2.637588083559822549e-01,1.411724013980787673e-01,8.876940867006266611e-02,2.973240713666834290e-01,2.970676894754959996e-01
1.716687528143396313e-01,2.429233367130306243e-01,9.423137964968483216e-01,5.610652488813532013e-03,7.979511909923767687e-01,4.601880971360325367e-01,3.221194692442369001e-01,4.927352316149803402e-01,8.032429574301247488e-01,1.230706380942105660e-01,0.000000000000000000e+00,4.665421632903571370e-02,4.140689385897690644e-01,3.597036756309823780e-01,5.131732353043713113e-01,1.808084835924505251e-01,2.290794810675029214e-01,2.539421071397737206e-01,8.508513395764416565e-01,5.164039583496286001e-01,1.250868385847878905e-01,4.269174349204172825e-01,5.687016310432240207e-01,1.387445186988565116e-01,3.409407918405858995e-01,1.666689547611962530e-01,6.383011581585482652e-01,6.685783101847144749e-01,2.508958056179806384e-01,1.808716871171970886e-01,3.479467738357580053e-01,5.473994956527480360e-01,3.744776255329262948e-01,1.546609636435133106e-01,8.824525656228852932e-02,4.008573740129657559e-02,1.985915347764972971e-01,2.880774265189146033e-01,5.041616175577980918e-01,3.667128208757395869e-01,2.188155302409232894e-01,7.287642209738531829e-02,3.943153083019653171e-01,1.538205183406875787e-01,1.544972951458552235e-02,3.010120387927391061e-02,5.742783309599868158e-01,8.157688314146495090e-01,1.033931192947092764e-01,5.841872345805954048e-01,4.819406839614386318e-01,4.967024706836847270e-01,4.817170286196785223e-01,7.214310188413580738e-01,2.209527628102642138e-03,9.342172277254666701e-01,4.678017468531525669e-02,5.440809259168020162e-01,1.916895106721704656e-01,4.456814895751836647e-01,8.029465083857620367e-02,8.976926661002143648e-02,4.104829153627126415e-01,7.496133270453692043e-01,4.794659414393905861e-01,1.654459572211401663e-01,5.165712435261919921e-01,6.301970746217118169e-01,2.770289702031051293e-01,3.567082033485722836e-01,2.359872838239581994e-01,6.186925319473806084e-01,4.385933779626731699e-01,2.833201359969700003e-02,1.211939559254219811e-01,2.962794494469132844e-02
3.834799567497387263e-01,3.879155521915997884e-01,2.024275194880076623e-01,3.206006233445468645e-04,9.951578009033101857e-02,3.903693975014944084e-01,4.621076155058630452e-01,2.892978362414567739e-01,2.383904427177266083e-01,5.401319235960984066e-01,4.665421632903571370e-02,0.000000000000000000e+00,3.094493474472911898e-01,8.249319299086538271e-02,2.813783817193085124e-01,4.654273053101207203e-01,5.544395440809632980e-01,3.740605930730344642e-01,1.236799668873486968e-01,3.436939531682893234e-01,1.804875862051065205e-01,3.636021527011494281e-01,4.026062316454655510e-01,6.842692002411414620e-01,3.417436730482861784e-01,4.409555278848675819e-01,2.522152424108603519e-01,4.688233063975855153e-02,2.551267933821865230e-01,2.843952496355786619e-02,1.392110732307690890e-01,2.590646198800252709e-01,4.296234972053187828e-01,3.959979617118002393e-01,6.375219135159918560e-01,4.813576034799995629e-01,1.631485769944937825e-01,4.822934448723040224e-02,2.687616907104948272e-01,4.394384707127673151e-01,2.990359790891910508e-01,5.559801757201335848e-01,5.516869000033380877e-02,1.636603627176969056e-01,2.289231462888557944e-01,2.679895302614114794e-01,2.566792575750035388e-01,3.143220835327953377e-02,3.047199151563435571e-01,1.082659109676238907e-01,3.889515581444644710e-01,8.256956387511102391e-02,1.568919325344930449e-01,2.096634543157130937e-01,3.850522588159508985e-01,1.104709214136481293e-01,8.006776290477468638e-01,4.015554058271477711e-01,7.678229270163536291e-02,3.036963885208324165e-01,1.723841578201160130e-01,2.860514159022581326e-01,3.101573675760371795e-01,1.227593010906247728e-01,3.941519032984073245e-01,2.441396606924188806e-01,4.352350647419077623e-01,2.481836859544807594e-01,5.124366510472058156e-01,4.266589369492328893e-02,1.974499020857973797e-01,1.810422320562548593e-01,8.001283680635873363e-02,2.168061786372685873e-01,6.726993299326676778e-01,4.175013711570393915e-01
6.497343307200589280e-01,6.292063575726700719e-01,5.391610976426506330e-01,2.140372231465721697e-01,3.816848175884805516e-01,7.651161276498732455e-01,7.878377825032076842e-01,5.303325888852109538e-01,7.517571278421424363e-01,4.183387262581800270e-01,4.140689385897690644e-01,3.094493474472911898e-01,0.000000000000000000e+00,1.129333588583576464e-01,6.234881714661735241e-01,8.157583430499610877e-01,7.452786458438265260e-01,6.181238060749270069e-01,3.304529749118875204e-01,5.710036186913841627e-01,5.811036415077569517e-01,6.417936170784934724e-01,5.993623875136062651e-01,2.467189614620708404e-01,6.600846142037665176e-01,3.570656656588859224e-01,6.897780851222641285e-01,6.640122048766943230e-01,7.415427268089842539e-01,4.858283345956156962e-01,6.897168032984681840e-01,2.978527111480181455e-01,2.009870862945843939e-01,2.174345735265065249e-03,5.667748814998356810e-01,4.359750603261938195e-01,5.245495100262960175e-01,5.019870061780196124e-01,6.298452706775165000e-02,1.250269009959176503e-01,3.707075067494167708e-01,4.166431969146136005e-01,2.553142960455473398e-01,2.096056087038443705e-01,3.824051572650815634e-01,5.156151810910429845e-01,7.143047369065940178e-01,2.381502542665142608e-02,4.662723858836195778e-02,5.594740321159312746e-01,4.039765978210060338e-01,7.142365657876578178e-01,4.779899365596129157e-01,6.980977376505883569e-01,3.669263073561691013e-01,4.689567918585729189e-01,1.098541099177858249e-01,6.231877083344542489e-01,3.354707718808178640e-01,4.861088548568289758e-01,1.460418333883365671e-01,1.559292752608786303e-01,2.213622905184686462e-01,2.184937519483164947e-01,4.032151772066845385e-01,6.072372841197926085e-01,5.639873174517912036e-01,5.306760382973467749e-01,7.031434401780450871e-02,3.579143354422428258e-01,1.561545439639893118e-01,3.249299182896308036e-01,2.485888228716917059e-01,2.082675033043118740e-01,3.553818865468965638e-01,3.336386898346612728e-01
8.552931579379685623e-02,1.257029096798247259e-01,2.801349527726879618e-01,2.522580645374332131e-01,5.346911244373062644e-01,1.690444498032425136e-01,6.117533675289824058e-02,1.023970353834022240e-02,1.476228066518512905e-01,2.631488672224790437e-01,3.597036756309823780e-01,8.249319299086538271e-02,1.129333588583576464e-01,0.000000000000000000e+00,2.654901295196068212e-01,7.140121401664768774e-02,1.938563950083665305e-02,2.153746164858623968e-01,2.542791514971187161e-01,2.639910364108670748e-01,7.047764834419374680e-02,2.287612548557848569e-01,9.535262656556944827e-02,8.592070528953735242e-02,1.994592514177721820e-01,2.033969121085243970e-01,2.293879732205902355e-01,3.534081616781082347e-01,1.872105899848896526e-01,1.760508790895140008e-01,1.982969265772253631e-01,7.967270731060432931e-02,1.553463193885992466e-01,2.624979879200527444e-01,4.993097832036924588e-02,3.081950818717833496e-01,6.870958265461830916e-02,1.726636043631276374e-01,1.782072192973414571e-01,1.649329069932485292e-01,7.208808302865531148e-02,9.632184349572311954e-02,4.756319320236788162e-01,3.137555505886736595e-01,7.533160071540381808e-03,1.005744159501263946e-01,1.438870487192225600e-01,2.816857051781097576e-01,1.562236311985522041e-01,1.349016004843143213e-01,2.618968689883673373e-01,1.455186789760009453e-02,7.559051553886139696e-02,1.322191077359392841e-01,1.839896163840011589e-01,3.395891815930139890e-01,1.305427959700151408e-01,2.430611106434694413e-01,3.441300137462443010e-01,2.791340438380655598e-01,3.482870315851319815e-02,1.090152096656366448e-01,1.234106236414045515e-01,1.642610961856142415e-01,1.793775279460471106e-01,3.819336548341163012e-02,2.369805283001727714e-01,1.632818276578853478e-01,1.025042093894325268e-01,2.746183020689170751e-01,5.923614938186119727e-02,2.287531830052376702e-01,2.149229712777748214e-01,1.181745852237102434e-02,1.540773764432608328e-01,2.560066018816232747e-01
7.558542007740820523e-01,8.084014942051849228e-01,6.988478220671431318e-01,1.701246578038744517e-01,4.567960305631418860e-01,7.878232742798605415e-01,6.020303195123721807e-01,4.612983944543436188e-01,7.516195494415485179e-01,3.058446323428573033e-01,5.131732353043713113e-01,2.813783817193085124e-01,6.234881714661735241e-01,2.654901295196068212e-01,0.000000000000000000e+00,7.459022690691082813e-01,6.823167142767605498e-01,6.663433221067078804e-01,4.478978521034208682e-01,9.075564474274522286e-01,7.135855040983459796e-01,9.401578815648017340e-01,7.061400734145497626e-01,3.929717297217429905e-01,8.398118813135353466e-01,5.025970714396259531e-01,8.474989537026385023e-01,6.128236502969139909e-01,7.686766891158229864e-01,5.267135338304615999e-01,6.790756761419050047e-01,1.845684113505589308e-01,1.906723473099229682e-01,1.954885171712753694e-02,4.440865021813018010e-01,4.083683588363270500e-01,3.272167239878427392e-01,3.693466637356325188e-01,7.656844812523894150e-02,2.843350953930866565e-01,4.460262346953403623e-01,4.112093588191187421e-01,3.883191961721482732e-01,9.711751754255003311e-02,3.027513953781446610e-01,6.439328945522532210e-01,8.950549383548088711e-01,2.485954054134466573e-01,2.960833493572573860e-01,4.213232913980944350e-01,6.784814559772027742e-01,6.506177963316605029e-01,5.422672678012701031e-01,8.191344641130045012e-01,3.875186980573060436e-01,6.014856242192223590e-01,3.233583379712118289e-02,6.912510313002685480e-01,3.893508604565937281e-01,8.686002810786493944e-01,4.799165539644315026e-01,2.574226430442360658e-01,3.017343843171019779e-01,4.391123086784790575e-01,8.058335426958862513e-01,7.561459648901983632e-01,8.958049504974234800e-01,7.219026256805167741e-01,3.490653467836961621e-01,5.616506394013545123e-01,3.955842496967540978e-01,7.799030786800256188e-01,4.535657509875322679e-01,5.669727693323668438e-01,4.242317023029089640e-01,5.256593013298798134e-01
8.213711502703680001e-01,8.381144288318858049e-01,3.796623254220926613e-01,1.315340298494374616e-01,1.982610798605617952e-01,8.206967367209463404e-01,8.842551378679330831e-01,3.786128895112990111e-01,6.319566473097040227e-01,4.048141027371477407e-01,1.808084835924505251e-01,4.654273053101207203e-01,8.157583430499610877e-01,7.140121401664768774e-02,7.459022690691082813e-01,0.000000000000000000e+00,9.873349668794226819e-01,7.950033179920712456e-01,2.611183341116765089e-01,7.733661478336157913e-01,7.456556938083860331e-01,7.992146677810907374e-01,5.432739795818660733e-01,5.362139482015624292e-01,8.133065534748277203e-01,5.126154058999916607e-01,6.893122471942521035e-01,4.460971643348532467e-01,9.425653406265156464e-01,5.817481627097697006e-01,6.452849902715604991e-01,1.404315312564408669e-01,4.627824743042605604e-01,5.200993550334781501e-02,7.844260840645966848e-01,7.115859480734773035e-01,3.207809535286768599e-01,3.336042601114336259e-01,2.618742770402233133e-01,5.064670771356216683e-01,7.034075576134147800e-01,5.900179024448791720e-01,2.704298905813348752e-01,2.043163238580444352e-01,4.431994531738678855e-01,7.520937530096183377e-01,7.433587424402565702e-01,1.245499828918125718e-01,3.117607925261722257e-01,2.405028382906274353e-01,4.621777788335190706e-01,5.732376094718617532e-01,3.569767927307398447e-01,6.578461312408128148e-01,6.183632979540750751e-01,2.797172419525947307e-01,9.379920383585756138e-02,5.887821614379559199e-01,4.004530601713097715e-01,7.335701533854885881e-01,5.159726243807151169e-01,2.577855506439286626e-01,1.497973515972654268e-01,2.014669330520383050e-01,6.318104480991268979e-01,7.490733931219559771e-01,7.609296424801280656e-01,4.480601083903672510e-01,4.674893176720538168e-01,4.645476350851129310e-01,2.678425713888932247e-01,4.039932368237675875e-01,2.175876538020287687e-01,5.447061183707129217e-01,6.707384726099853145e-01,6.267428657492775113e-01
7.070544045234223862e-01,8.073881369541195951e-01,4.619843040088808528e-01,5.688328930173153913e-02,1.757588889274628030e-01,7.126357195199564121e-01,9.290238282935001646e-01,2.545698750517766396e-01,5.934073684864166198e-01,4.947821820800368808e-01,2.290794810675029214e-01,5.544395440809632980e-01,7.452786458438265260e-01,1.938563950083665305e-02,6.823167142767605498e-01,9.873349668794226819e-01,0.000000000000000000e+00,8.545706861248828501e-01,3.661585509686691720e-01,7.723251248622224896e-01,5.409857744190362805e-01,7.959808439781582701e-01,4.317089672209067919e-01,5.637202289961469326e-01,7.719471176372105781e-01,6.260878363149809944e-01,6.006837811051277676e-01,3.283228787561717210e-01,8.442481647126975908e-01,3.460206100247027461e-01,5.013144791917945042e-01,7.992949096729343172e-02,4.862714807717898324e-01,6.707258660842527198e-02,7.039025012424029448e-01,7.169915537925660720e-01,3.111144509052452545e-01,1.790864288584810837e-01,3.166460140096417075e-01,4.749292950437666860e-01,5.268595205820786331e-01,6.551324559840453476e-01,2.003448040686230669e-01,1.501722014797289839e-01,3.089052199900799711e-01,6.050500801681941709e-01,6.409485093147967438e-01,2.436489308667885711e-02,3.653451971310207047e-01,1.568601545208693215e-01,5.921219876649266300e-01,5.012033261767889769e-01,1.925738586367087279e-01,6.402489851987697156e-01,6.096264415599783604e-01,3.140554067049876052e-01,2.085184766301440562e-01,6.132632523175042261e-01,3.730131262149758431e-01,6.739875881503691879e-01,4.675417451150447601e-01,3.272999186738936306e-01,3.383635462014694673e-02,3.164507556285546253e-01,6.771627157820065968e-01,5.628876881170447044e-01,7.355958132058562082e-01,3.844386060926975879e-01,4.012304990239063396e-01,3.775367232587308886e-01,3.784659580363770037e-01,4.779334274839944774e-01,1.479033034378038070e-01,6.561557546235328164e-01,6.410862957483036695e-01,6.044456219830016686e-01
4.909652655829189194e-01,8.815488954387192821e-01,4.502718504704951163e-01,5.730045041435744176e-03,3.059863214927895370e-01,6.574673414136833483e-01,8.364187871041754985e-01,1.556846200919960455e-01,4.454966515942779259e-01,2.431330075454227191e-01,2.539421071397737206e-01,3.740605930730344642e-01,6.181238060749270069e-01,2.153746164858623968e-01,6.663433221067078804e-01,7.950033179920712456e-01,8.545706861248828501e-01,0.000000000000000000e+00,3.786052738301927123e-01,8.592545774498138167e-01,3.684497502069956076e-01,8.340163280881295327e-01,3.202178904714028107e-01,4.440070966732409530e-01,8.506757609107837848e-01,7.038830340345429981e-01,5.995675942990120744e-01,3.298806570798297200e-01,8.545130651972964175e-01,4.679816536688519157e-01,4.081947757478658345e-01,1.173106099061165253e-01,4.622768349171960667e-01,5.046473892842082143e-02,5.048403094509863465e-01,5.753817417112196964e-01,5.194560809169443405e-02,7.386108182555492507e-02,3.727215557155665326e-01,4.747391601595365440e-01,5.140591688962270478e-01,4.169119739607585196e-01,4.060108963335533616e-01,2.142098004742146178e-02,2.670473432240890177e-01,4.852037989465625145e-01,6.990547420508186338e-01,2.831225066346179653e-02,4.338212024804093403e-01,3.498236735222601257e-02,6.420822390500400267e-01,3.413948032576554215e-01,1.299137112555196760e-01,5.137220811217979577e-01,5.557182266355609190e-01,2.539407357640763863e-01,7.365343643618130209e-02,5.925863512589941706e-01,4.974644148624901563e-01,6.621413135577675080e-01,6.120632550781782699e-01,2.855208693863648950e-01,2.908197455646499563e-01,3.208984060894710666e-01,7.058089666669085105e-01,3.660586030940602420e-01,7.919089215311212460e-01,2.916719057283613248e-01,4.311262229459974504e-01,6.757631814491371625e-01,4.888395898820518948e-01,5.833681730598015980e-01,2.857548545238901005e-01,7.252487267564944329e-01,5.077466965515121666e-01,5.094557005143645068e-01
9.059355886777936684e-02,3.954863623653553928e-01,8.898055788317451587e-01,3.663824129400321608e-03,6.355833895730982341e-01,3.389665805210274607e-01,3.819438812969522812e-01,3.469864268044590139e-01,6.070968562003780100e-01,1.321314742853655910e-01,8.508513395764416565e-01,1.236799668873486968e-01,3.304529749118875204e-01,2.542791514971187161e-01,4.478978521034208682e-01,2.611183341116765089e-01,3.661585509686691720e-01,3.786052738301927123e-01,0.000000000000000000e+00,5.680601548452118843e-01,3.890267156454382813e-02,5.232235512121095056e-01,3.878064622382170756e-01,2.225354193488404686e-02,4.138211762902902491e-01,4.080632645609695297e-01,4.953289995739730833e-01,5.793466388755964536e-01,2.327459892968923028e-01,2.231613190727708695e-01,2.850714093312916031e-01,2.974974474012368475e-01,1.910114849669768411e-01,3.920372609866300956e-02,8.065799712496136975e-02,1.004501811740358130e-01,3.089647226697958896e-02,1.011982673245169356e-01,3.163921607745134867e-01,2.154682372256552236e-01,1.402256315613766013e-01,1.269412616020414164e-01,3.545893588719368772e-01,1.102399804140589135e-01,4.274292423508810335e-02,5.191773512874349461e-02,5.320703771260466564e-01,7.823792179175671491e-01,2.690330894691496666e-01,2.830444996608899033e-01,5.017735553069029297e-01,3.030232171070433855e-01,3.041482259637768304e-01,5.825898696098280594e-01,2.522729114953492502e-02,7.917887345358917139e-01,3.016328406884749569e-02,5.648414305748374886e-01,1.342301778392403222e-01,4.699782447225976934e-01,2.264542376834403070e-01,2.617462614495827400e-02,4.211282144696673058e-01,9.089488556563540822e-01,5.957593923147381787e-01,8.264048483069891260e-02,6.294197896826123628e-01,4.473729471268427238e-01,1.253461776530193639e-01,4.683334292002092059e-01,4.557343345921738842e-01,5.772444472349287370e-01,4.379715375954252865e-01,2.033240627232442144e-01,1.966700439714880178e-02,7.766753901616356426e-02
6.759366181619679281e-01,9.086703936871147747e-01,7.029910610243601532e-01,9.347710105446323248e-02,4.614446555177444953e-01,7.401356755342269889e-01,6.144728585836188861e-01,3.137657437173080321e-01,6.782324123187091214e-01,2.466524540706696300e-01,5.164039583496286001e-01,3.436939531682893234e-01,5.710036186913841627e-01,2.639910364108670748e-01,9.075564474274522286e-01,7.733661478336157913e-01,7.723251248622224896e-01,8.592545774498138167e-01,5.680601548452118843e-01,0.000000000000000000e+00,5.441092252065716783e-01,1.000000000000000000e+00,5.599180241817300896e-01,4.250913761321490347e-01,9.702047454089376410e-01,6.624413054654048061e-01,7.747144463358862643e-01,6.061367246618638571e-01,8.019240521461931115e-01,4.649298066898026049e-01,5.912907427017026762e-01,2.290833342070078549e-01,1.922054594894572199e-01,2.999164049316838110e-02,4.195519303208204431e-01,4.942696268072732657e-01,1.873188504335437654e-01,2.608129943849853416e-01,8.354373746014058522e-02,2.654068704194900152e-01,4.247243637522296056e-01,3.252054028051240553e-01,5.024384657481328897e-01,7.954114439764944922e-02,2.521562808469877126e-01,5.596243140448531328e-01,9.163556530382193088e-01,2.710695112123211459e-01,4.435444039464704891e-01,2.639993024738107597e-01,7.814585466855828999e-01,5.147675073306593463e-01,3.361496641216744630e-01,7.635356746534832650e-01,4.124866262522406402e-01,5.442032360494584164e-01,8.049648418585675369e-02,7.550998157058086413e-01,4.536438896617308592e-01,8.671372945526093501e-01,6.752384135794746722e-01,2.505653812083533105e-01,4.384408326881332751e-01,5.322578592677705833e-01,9.472575231528734818e-01,6.042299512493147784e-01,1.000000000000000000e+00,5.737588561522688479e-01,3.977721230907450001e-01,7.419969148731024866e-01,4.997611321727277733e-01,8.354535507578042530e-01,5.293621506577315117e-01,7.182123199958921900e-01,4.253861943347365115e-01,5.318398224179278211e-01
8.633630572958003180e-01,6.394046158081861941e-01,2.736985951206802881e-01,7.747473373677482567e-02,3.453391512536721497e-02,7.539729409775135505e-01,4.753304500940106481e-01,5.918879175841851303e-01,5.540623040858270176e-01,2.997744115901213036e-01,1.250868385847878905e-01,1.804875862051065205e-01,5.811036415077569517e-01,7.047764834419374680e-02,7.135855040983459796e-01,7.456556938083860331e-01,5.409857744190362805e-01,3.684497502069956076e-01,3.890267156454382813e-02,5.441092252065716783e-01,0.000000000000000000e+00,6.530491228028131312e-01,6.498638193912906758e-01,3.047880452825446618e-01,6.213685717183359269e-01,1.516064073115122868e-01,7.212273672090422361e-01,3.246610210196425039e-01,6.689893850446433365e-01,3.637887072915237940e-01,6.305903062435944673e-01,2.116273576135945522e-01,3.241965627754874735e-01,1.172794380419889260e-02,6.267264004835200186e-01,5.984515906590487377e-01,4.840171299405459093e-01,5.833151804748659686e-01,1.024010156929555382e-01,3.984149129664070754e-01,6.136726616617127483e-01,5.050121030554031165e-01,1.073126403495709147e-01,3.409390917656611730e-01,5.332246003687626246e-01,8.146067179481459863e-01,6.622437575150031952e-01,1.379646399673808699e-01,5.795620494217551544e-02,4.480725705609613918e-01,1.989705712973120211e-01,6.827891359318369879e-01,6.553369945005219632e-01,6.025185311033697255e-01,4.834967161245741774e-01,3.154791048875406623e-01,1.470788458609967320e-01,2.465281629490987669e-01,2.713203165350753787e-01,5.934500959664708031e-01,6.036478335291423081e-02,2.303112905271273714e-01,6.798164404130296878e-02,7.198575958988845391e-02,4.296887990413323921e-01,9.383560017626381144e-01,5.475283292384085509e-01,5.980134661485841940e-01,2.338643143092587195e-01,1.336803961699234711e-01,7.476948270535016539e-02,3.026846116432253542e-01,8.934251656544259235e-02,1.862365607221870556e-01,4.589206070802950843e-01,4.916415791746683306e-01
