0.000000000000000000e+00,4.242873228479119851e-01,2.760246920341156152e-01,6.821581575215168725e-02,4.122528472933336685e-01,8.776985366520520526e-02,3.533864887706376079e-01,2.289837085600388566e-01,5.024296735530893177e-01,2.794201558288428311e-02,4.526205250095119981e-01,8.675127032064683386e-02,9.970723893294643203e-02,1.862266658949014164e-01,5.064366333354318739e-01,6.524443736187826026e-01,3.959842321226627604e-01,4.327156288982771937e-01,2.290558472209441587e-01,6.131707647262756300e-01,5.716529089029184219e-01,6.219667627527143416e-01,2.516539160497263117e-01,1.430122558241566644e-01,4.045557786983716153e-01,4.521902450958622532e-01,4.033129027170490044e-01,2.599005509591125751e-01,3.701160554750599907e-01,3.980356659157188726e-01,3.418341522415632716e-01,3.176622652786045276e-01,2.610279839441713157e-01,4.340782966857310021e-01,3.400790097418365243e-01,4.321925269681832216e-01,2.733253749474385819e-01,4.318516136880317102e-01,3.488304885828936719e-01,1.796971497064149825e-01,4.008140782862757989e-01,3.371360771688276525e-01,1.940389965322877192e-02,4.493192156100062618e-01,3.985349576350536438e-01,8.045118087341548430e-01,3.174711585786700319e-01,2.421526788729762847e-01,2.211391210847709066e-01,2.988551957217191468e-01,3.526662123713435182e-02,1.564847613685908523e-01,1.481067747493262643e-01,4.129549235002213381e-01,4.675291979286480548e-02,4.588439404067324312e-01,2.264999018984183848e-02,2.111771809027297442e-01,3.911000592738448911e-01,4.820817825218399744e-01,5.159930849422530441e-01,3.620840879232203324e-01,9.908217979161382249e-02,4.637551784037005631e-02,1.261632634148288079e-01,4.571121522219753208e-01,5.387699150824474259e-01,2.324914159696482019e-01,9.560644189746053678e-02,2.405263961681130547e-01,3.606883044874219513e-01,2.625546849005595540e-01,1.307424060889298412e-01,9.525638981153694562e-02,1.978816500415087332e-01,1.453165913113201868e-01
4.242873228479119851e-01,0.000000000000000000e+00,2.806278827263209985e-01,3.724096830276297232e-01,6.335408292540937181e-01,6.677829734138615025e-01,6.824001048086333343e-01,4.273930486575968635e-01,5.891638475985937484e-01,3.564414947142562906e-01,5.525904215067639624e-01,4.836338324539435907e-01,6.149411854727113713e-01,5.833022007214552218e-01,2.579968537329662137e-01,7.202982323382391971e-01,6.090539690425951225e-01,6.513099232428004592e-01,3.690934059161454228e-01,8.093700667854235586e-01,4.533471890662680304e-01,7.985779444399863092e-01,5.185640348696591850e-01,3.463505773650266684e-01,9.113107805758519087e-01,7.546467584483967928e-01,6.985671327846600942e-01,6.383391518949159682e-01,5.999605093969619940e-01,3.600343019017126500e-01,6.593029197062761915e-01,6.521581109211673777e-01,4.947379196819762237e-01,6.367599875204643656e-01,4.784009561796364052e-01,2.613795775274952993e-01,9.876199962553686498e-03,5.009669455464345056e-01,6.772980953698968243e-01,4.962886006451392995e-01,5.350993212063046567e-01,3.976985951902145544e-01,2.676227882287229853e-01,2.279260042617327897e-01,1.861310010767883716e-01,4.273478035546712794e-01,9.018656290967059785e-01,1.705405649423101799e-01,4.100694328166331060e-01,3.769017068400833947e-01,4.846216626312096487e-01,3.404119453023051189e-01,3.643693733386482170e-01,3.160046599794371081e-01,2.261218698675099836e-01,5.339002808136705802e-01,3.604351527217589113e-01,5.632459650973753451e-03,6.157436926814021660e-01,1.496581480960139099e-01,4.162181074799067293e-01,5.312091737966955218e-01,2.467246913959397769e-02,1.030663470422825134e-01,6.945889875501115585e-02,1.157324770910546363e-01,4.786606004769562439e-01,3.912133939698934082e-01,4.805130138319662625e-01,6.166871822583617213e-01,4.585588947832652251e-01,5.317079374227972055e-01,4.101559403908071610e-01,4.748671487421013415e-02,5.426148952363658573e-01,6.088113809696790169e-01
2.760246920341156152e-01,2.806278827263209985e-01,0.000000000000000000e+00,3.767008606348330735e-02,4.545968288539704583e-01,4.875649803912301961e-02,3.477419017781074873e-01,2.586522011103845053e-01,5.902013625808293362e-01,1.943086123991157044e-01,6.356077977179223071e-01,2.229369699994684650e-01,1.581919225077720592e-01,1.484469626563140743e-01,1.477254032498269698e-01,2.744120335039968439e-01,4.739705793821473723e-01,2.078123999137604094e-01,6.590852882706429439e-01,3.971179324410233358e-01,1.329017435841998718e-01,3.978894024358675119e-01,3.863699911269014575e-01,2.682914933145541525e-02,3.829908736011159442e-01,4.020380263340465610e-01,1.694829823288840354e-01,1.478639135216997802e-01,4.775854271544552332e-02,2.556228689999320292e-01,3.119968879615072632e-01,1.809729856194716435e-01,2.549264215851865245e-01,2.508272862345670151e-01,2.530833381477977095e-01,3.931638004896904626e-01,1.334405983550741026e-01,5.954708147269824892e-01,2.482265970737502492e-01,2.574058469908351299e-01,2.893240614508977848e-01,2.241393331365651442e-02,2.732774978242195063e-01,1.302634634239058786e-01,4.688155552431556572e-01,3.421747339854901981e-01,2.286397978245373608e-01,8.126647320571489530e-01,2.010161341286338110e-01,5.028226221703002707e-01,1.895033718216582730e-01,4.083894856334116530e-01,2.529936923588231856e-01,6.776197762816293935e-01,2.408882292648974188e-01,5.730407993873671835e-01,1.638193585816748454e-01,1.460474379663453115e-01,4.344949041343184604e-01,7.327263151016211173e-02,2.704609801531360214e-01,4.733342925283289260e-01,2.718776940871305836e-01,5.413952674141475629e-01,1.492634676006139860e-01,1.015278194990182348e-01,5.341749289039996462e-01,3.389158986413725039e-01,8.373705380800121334e-02,3.253567981345438787e-01,4.049299817611691776e-01,2.253768775292850357e-01,1.347675434715302767e-01,6.906686920528022633e-02,6.671123292360015000e-02,2.045346002746399328e-01
6.821581575215168725e-02,3.724096830276297232e-01,3.767008606348330735e-02,0.000000000000000000e+00,6.882658265121138763e-01,3.194536306494527578e-01,5.585350413756537957e-01,3.386583240333810307e-01,4.344565775762306847e-01,4.034688696192666180e-02,5.080907322023575645e-01,4.137136996799704036e-01,5.489282527593490890e-01,6.046449661401558373e-01,6.944607753660445026e-03,4.011081059775946644e-01,3.955502610557969922e-01,1.473440733814249948e-01,2.487749105687246665e-01,2.391444971335548730e-01,1.131579150406173684e-01,2.626771430415429931e-01,3.905535725083642551e-01,5.825680847897753978e-01,1.835106791263740322e-01,2.452947504692757630e-01,8.755458967530524439e-02,5.415655405254877763e-01,1.654454677979142474e-01,5.865930919643687069e-01,6.257670912207874414e-01,5.969403432330697701e-01,7.144847040989832365e-01,6.829665203130513840e-01,3.909600930759029591e-01,6.003149625228132447e-03,8.672169055543260674e-02,3.115787080826509792e-01,7.045192471324726036e-01,7.408737416269893794e-01,5.159005534302019136e-01,4.123064198221493282e-01,1.823092134657787744e-01,3.206050156998828116e-01,4.900740563292975416e-02,1.034976375531264231e-01,4.090018856780341383e-01,8.683125672710752252e-02,6.325653266422488485e-01,4.572812371183031521e-01,4.424569473213486592e-01,2.828446279992968826e-01,3.815040813011870702e-01,2.665377268617237783e-01,3.138679499215022567e-02,5.484160435879219531e-01,2.676972496049770944e-01,1.093219017533778557e-02,6.656509382269871766e-01,1.038860882348706105e-01,7.534766504580189816e-02,3.568538751881785709e-01,3.767292710400675926e-01,2.873801118024008061e-01,4.590170065089214657e-01,2.819813635658638407e-02,1.489528237565634627e-01,4.503422803740678715e-01,6.638521049958230336e-01,9.188132148174357750e-02,8.753397821862979322e-02,2.513106435277776551e-01,5.196651664652572888e-01,4.917125866224525410e-02,5.228895290637904925e-01,8.224944142248349355e-01
4.122528472933336685e-01,6.335408292540937181e-01,4.545968288539704583e-01,6.882658265121138763e-01,0.000000000000000000e+00,3.827713198531942362e-01,8.616399298851150634e-01,4.443490615802778709e-01,8.280361292750740843e-01,2.238744159809295531e-01,7.844017827273250809e-01,5.560695842368764685e-01,6.460180626970027928e-01,6.964684506459226654e-01,1.346995680785529059e-01,6.950987981941987304e-01,8.044305878315987091e-01,4.467797215988594806e-01,5.921401392206676606e-01,5.854932253569316014e-01,2.859425167755913488e-01,6.138580414997083512e-01,5.222679048147421677e-01,4.318909571512185019e-01,5.941555361349075692e-01,6.863683687036934433e-01,4.091414598913841183e-01,6.794031445393682311e-01,3.637001230920392514e-01,6.643745505961933251e-01,8.477274985627349935e-01,6.769408634079085996e-01,8.531127968655306537e-01,8.259792568030042137e-01,6.530093236484263430e-01,2.993695336296177678e-01,4.660754670070943462e-02,7.780316386088300673e-01,7.504662438710275607e-01,8.229573775690220971e-01,7.725820060608087347e-01,3.483057014108841276e-01,5.649735594335468791e-01,2.733588435692624885e-01,3.892971698608139741e-01,4.890965201719406630e-01,5.638825051749074557e-01,5.069651861432600271e-01,7.617319500690625800e-01,8.623826418492720469e-01,4.812680003035396670e-01,6.656600891664815611e-01,4.297232243542448704e-01,6.611815927098312340e-01,2.290385058766356285e-01,9.297000809677763433e-01,4.239117700841029124e-01,1.632164978178829162e-01,9.523873262415375462e-01,5.899296174945611870e-03,2.681850993703017716e-01,7.570552545331845629e-01,1.040623687113087920e-01,1.151432131521989977e-02,2.926700338974332904e-01,2.622132274367486304e-02,2.958112543134445160e-01,5.693355984851997675e-01,6.404534812095228347e-01,3.911582621265685678e-01,4.500527400978621695e-01,4.333748486297229752e-01,3.430514317576867089e-01,6.275294107587220394e-02,4.827824219841261311e-01,7.373398931030870074e-01
8.776985366520520526e-02,6.677829734138615025e-01,4.875649803912301961e-02,3.194536306494527578e-01,3.827713198531942362e-01,0.000000000000000000e+00,3.159544286976800898e-01,4.390097120978742051e-01,2.947992482441712525e-01,1.290957045450846774e-03,3.022347335192229201e-01,2.869168331693832119e-01,5.083482939969541370e-01,4.751003270802958145e-01,2.471796820813891293e-01,3.617611023771118428e-01,1.869302626318319338e-01,2.531177936893840852e-01,1.665232975771471224e-01,3.257933633499901505e-01,3.829041610757003000e-01,4.183812935065651106e-01,5.053284348250896008e-01,2.166623356197595052e-01,5.036634167337206147e-01,4.005508442906444699e-01,6.119821036394572644e-01,3.429824970960820285e-01,5.017173496323568127e-01,2.181292660563328156e-01,3.625470913793557570e-01,4.441074651433497555e-01,3.340468811283294759e-01,3.457009583927997953e-01,3.140240340038224498e-01,7.449966497112760211e-02,8.686747045411871704e-02,1.721686816090944039e-01,4.861493717986178353e-01,3.737073434468358712e-01,2.928848543525023329e-01,2.456174552078626838e-01,1.899431268097314662e-01,3.471804077990505583e-02,1.149778674655187877e-01,4.498810392557208576e-02,4.888294494139054924e-01,1.043592175904406449e-02,2.627637950606298567e-01,1.989152893432322156e-01,5.689520213137808646e-01,1.506941961346255354e-01,2.816302861267093172e-01,5.271664280007515302e-02,1.777842386833972110e-01,2.945943111175439721e-01,1.272875372621115053e-01,1.591428176262963956e-01,4.829362321867326502e-01,1.515108187477632595e-01,2.822505176513696867e-02,6.629804345692522083e-02,3.019459351913721390e-01,1.092641557832564891e-01,9.021918210341123290e-02,1.844149555284925468e-01,5.721250212251333123e-02,3.809336456620752154e-01,4.867183849369526860e-01,2.381548059383400417e-01,1.104364101158173406e-01,5.281059259922467053e-01,4.682635515888015076e-01,8.483407122932136446e-02,4.354289788307779685e-01,5.181337524390273730e-01
3.533864887706376079e-01,6.824001048086333343e-01,3.477419017781074873e-01,5.585350413756537957e-01,8.616399298851150634e-01,3.159544286976800898e-01,0.000000000000000000e+00,3.297550060505060610e-01,7.335659863599752750e-01,4.199910078828907323e-01,6.968443012940020997e-01,6.129177776542901190e-01,6.947637672236945949e-01,6.716657771734435567e-01,5.973162760487610995e-02,8.005778357525850097e-01,8.915257117713060175e-01,5.441277836988265282e-01,4.375300181158905954e-01,6.501943162088046346e-01,2.529540139984397529e-01,6.704767982297821227e-01,4.283635251108381947e-01,5.215351015704151605e-01,6.823754885735069386e-01,6.788413706576136297e-01,3.566019295989964477e-01,7.090173545840370295e-01,4.177288467985916798e-01,6.456728284350163882e-01,8.857237804223060396e-01,6.838945097858105671e-01,8.866727673018334199e-01,8.558430738033513396e-01,7.353579600366237923e-01,2.736158304011419018e-01,9.839432601575803794e-02,8.173333066384917966e-01,7.491419202235559682e-01,8.502083509416848983e-01,7.595876558062252260e-01,2.962778038832927785e-01,5.453822669532498724e-01,2.126420266399752790e-01,4.037199918420266709e-01,4.701819807133100215e-01,5.666544626772127558e-01,3.018246619183837520e-01,6.984720496108360877e-01,7.462735214157573127e-01,3.784459443985637717e-01,6.085903975276840683e-01,3.377160614910921788e-01,5.282443396765575949e-01,4.099287419516935982e-01,8.096214701094586186e-01,5.578153361404163402e-01,1.203867748649470049e-01,8.513758433668761061e-01,2.976025311417961061e-03,3.268199810137401573e-01,7.287081900906542398e-01,9.358282297489223245e-02,1.109786125900491527e-01,3.489887308620536754e-01,5.320928830004409416e-02,2.834108897627781176e-01,4.759699786539052235e-01,7.149506566880678982e-01,4.187914012317398571e-01,4.238529727347999376e-01,3.747343533602219834e-01,4.628131111744359094e-01,3.906251401678785540e-02,5.361941757514819829e-01,7.247495794313972839e-01
2.289837085600388566e-01,4.273930486575968635e-01,2.586522011103845053e-01,3.386583240333810307e-01,4.443490615802778709e-01,4.390097120978742051e-01,3.297550060505060610e-01,0.000000000000000000e+00,4.742598125378125751e-01,1.736908076668164658e-01,5.456099699726080221e-01,5.922662580866604465e-01,4.165290715890883066e-01,3.897544971263109392e-01,6.817031121265593185e-02,2.835455939139213122e-01,3.057242567282619783e-01,5.426105275589521160e-02,3.565478439301444369e-01,2.807456078299790936e-01,1.717695522592037061e-01,1.937468111670485882e-01,7.075083183101501527e-01,6.958187136468896306e-03,3.861703936098344059e-01,5.515007337540720478e-01,7.546356937181455948e-02,4.453700509546439923e-01,1.664261971589235944e-01,3.202378266359299230e-01,4.621112840508350694e-01,5.637702759500023975e-01,4.668875804220875558e-01,4.345627031895317183e-01,3.506729673025616445e-01,1.347041118164721274e-02,1.213356181452100585e-01,4.318786344024723167e-01,6.212420311155566477e-01,4.645601816269570028e-01,3.635674805424723988e-01,2.944201875348327890e-01,3.385037640692251104e-01,9.814724716293291018e-02,1.480380807877452742e-01,2.630791532412015132e-01,3.013954108268775967e-01,2.508313158892896411e-01,3.144713820396210502e-01,2.790540838558395187e-01,3.648500205054004408e-01,1.285605875418006083e-01,7.174629639605581977e-01,2.363425396948273804e-01,8.187943972959961514e-02,5.242827884053585796e-01,3.944512330113045251e-01,6.480644193955509280e-02,4.187058264851040157e-01,7.063446497961184400e-02,3.325898909461660891e-01,3.121895419717599651e-01,4.560105344456480969e-01,9.749465838744120205e-02,3.942654108848577810e-01,5.943632866359996325e-02,3.130238073503198437e-02,4.782868459342853873e-01,3.086982983321050478e-01,9.926032109044620466e-02,2.773313547301113902e-01,3.850736452419353806e-02,4.364198732687312177e-01,5.168126400072625692e-01,5.257462191777058091e-01,6.204285837149533522e-01
5.024296735530893177e-01,5.891638475985937484e-01,5.902013625808293362e-01,4.344565775762306847e-01,8.280361292750740843e-01,2.947992482441712525e-01,7.335659863599752750e-01,4.742598125378125751e-01,0.000000000000000000e+00,2.300118865090409193e-01,9.307919758510043717e-01,4.998043925478080629e-01,5.925096431129683872e-01,5.967236063296729176e-01,2.952671509219881307e-01,7.007014383933637403e-01,6.543537063081867888e-01,3.510538199066679521e-01,6.352455232267714136e-01,6.783583150129257611e-01,3.332818079834554137e-01,7.021678463223295363e-01,4.913349318053614190e-01,4.222568606568696259e-01,4.822701261942806683e-01,5.969260594184557789e-01,4.407316536028488274e-01,6.487731382057428942e-01,3.468476380149659311e-01,6.214674166971236868e-01,7.689009376591640077e-01,7.655366091482460611e-01,7.359854518687363178e-01,7.231935760133026969e-01,6.074328983671890558e-01,3.613435308674025070e-01,7.521175675753676015e-02,6.119289331358803707e-01,7.962637688659760515e-01,7.148841631327580437e-01,6.577400351249693689e-01,3.196647816491334781e-01,4.692043485617996557e-01,1.528089457086913572e-01,2.664730924407689439e-01,4.846329317389698188e-01,5.008700172728053346e-01,6.079796431740037699e-01,6.158773252495056694e-01,7.308602382431401701e-01,3.997950795644783506e-01,5.086114292421102245e-01,4.184655559208860232e-01,6.912281596420657426e-01,1.552792981757729340e-01,9.166012632294029405e-01,3.942708744272978016e-01,6.652538041588990092e-02,7.862727849856739892e-01,1.983911928577661299e-01,3.020284679605588218e-01,6.057941862992233251e-01,1.912778279727239406e-01,1.325226562619886139e-01,1.573205216195204814e-01,9.504169126711617399e-02,4.471152973675012743e-01,5.607925541825136140e-01,6.084765055992001903e-01,2.881790110680721995e-01,3.879562728858762521e-01,4.772605742186413202e-01,3.445679569980144019e-01,1.982826662733756795e-02,5.203250979474819404e-01,6.183712633998933450e-01
2.794201558288428311e-02,3.564414947142562906e-01,1.943086123991157044e-01,4.034688696192666180e-02,2.238744159809295531e-01,1.290957045450846774e-03,4.199910078828907323e-01,1.736908076668164658e-01,2.300118865090409193e-01,0.000000000000000000e+00,2.692868830296246130e-01,7.481677222516731618e-01,4.458338062531770896e-01,4.743521547355910584e-01,1.041688645898906918e-01,1.313937039940629437e-01,3.088317001709286469e-01,1.212751030666342489e-01,3.291183607509096110e-02,2.271880377495436865e-01,7.056523940494180414e-02,1.706584606433263207e-01,2.760718050217333408e-01,2.171101959469748655e-01,4.327651544450591414e-01,4.077149470792734154e-01,1.193065802578907597e-02,5.652756148175092088e-01,1.184481467903709118e-01,6.941425008729139312e-02,4.408647932550673332e-01,5.276337552080276883e-01,4.728103597029311711e-01,1.483278690873439387e-01,2.590159102685480885e-01,1.745295813913771976e-01,7.340449214980637738e-01,3.117846406474641396e-01,4.668886320250256183e-01,4.477358613639664808e-01,1.353026502177696877e-01,5.797499917383218404e-02,4.071408632023902907e-01,5.659731631142116415e-01,9.435378993844362183e-03,4.062060345151755070e-02,2.258440360477144970e-01,8.416653760017403507e-02,2.229828241603970876e-02,1.135575587339187065e-01,9.163126722281310366e-02,5.466429301998776413e-02,1.299749224113239399e-01,9.133482264980752330e-02,8.273219881093144545e-01,2.144687388281730778e-01,8.441725250830149907e-01,1.418414466975383703e-01,1.777116388439361760e-01,2.113349562117231017e-02,1.041170999036311051e-01,2.903555995656078581e-01,1.768309238149918527e-01,2.800197361018444964e-01,3.509832609680541560e-01,1.999332285935547238e-01,1.046577264980300126e-02,2.424261173318313922e-01,5.462863754396045657e-01,2.878384988103031006e-01,2.244437170610775745e-01,7.824562003903323681e-02,5.521967536706154922e-01,2.483344739427603143e-01,5.836374806342691235e-01,4.721272157803881875e-01
4.526205250095119981e-01,5.525904215067639624e-01,6.356077977179223071e-01,5.080907322023575645e-01,7.844017827273250809e-01,3.022347335192229201e-01,6.968443012940020997e-01,5.456099699726080221e-01,9.307919758510043717e-01,2.692868830296246130e-01,0.000000000000000000e+00,5.715398399211749636e-01,6.279218311789080964e-01,5.834143405865834797e-01,2.381864122048049648e-01,5.260102555217363030e-01,5.712536919867898799e-01,2.557298320128990055e-01,7.166946499252476732e-01,5.952658209855976601e-01,3.372050963565009774e-01,5.742654146974571772e-01,5.351319571111599060e-01,3.738373787469375653e-01,4.550549743775272882e-01,6.235827890665073259e-01,3.945243163348541304e-01,6.723616477728222574e-01,2.398972932750399745e-01,5.438957777381566716e-01,6.908858700670241770e-01,6.949755094212278772e-01,6.897201474304640589e-01,6.012848740881258092e-01,4.440664164971070971e-01,2.558211076312072452e-01,1.208680424609683002e-01,4.932077839369422567e-01,7.368556241304237142e-01,6.468509253834808792e-01,5.233164761425648237e-01,4.425004938328156445e-01,4.129274152605478254e-01,2.108662717858030833e-01,2.047129035120328067e-01,4.036553034436914933e-01,5.002959229149702702e-01,6.191325991306954046e-01,5.421739697895873178e-01,6.411147084027613019e-01,4.163211894873853902e-01,4.487508832449990104e-01,4.158464148804270621e-01,6.405231115068604764e-01,2.119164248118440841e-01,8.722125555195363589e-01,4.418126117305907208e-01,4.616009485265110124e-02,7.531045814138886962e-01,1.202312873945827754e-01,1.808823222197935010e-01,5.982390008582096907e-01,1.741144758358177391e-01,1.366929134595493700e-01,2.642777906630020546e-01,4.627973121840825432e-02,3.471812471775031494e-01,5.758061378295467048e-01,5.859742794517416309e-01,3.052319772597037462e-01,4.117747311029112400e-01,4.104522761996675095e-01,3.640786063435851316e-01,1.127103761889816091e-01,5.220043092669993667e-01,6.842281269313155168e-01
8.675127032064683386e-02,4.836338324539435907e-01,2.229369699994684650e-01,4.137136996799704036e-01,5.560695842368764685e-01,2.869168331693832119e-01,6.129177776542901190e-01,5.922662580866604465e-01,4.998043925478080629e-01,7.481677222516731618e-01,5.715398399211749636e-01,0.000000000000000000e+00,6.452002496268882670e-01,7.203488928377689282e-01,6.987024478963946295e-03,3.510261492428257690e-01,4.273160588410934158e-01,3.570073679296470459e-02,1.324379985046713337e-01,3.985609969413264064e-01,6.261264290561488477e-02,2.960129215541709713e-01,5.483530549176612867e-01,2.889833237792669984e-01,4.944024716905380257e-01,5.665490363957482733e-01,1.171505926536078324e-01,7.883886715630616937e-01,3.798102683374850880e-02,3.004095284656665976e-01,7.280200006555279657e-01,8.950476816254946399e-01,7.580365475581501977e-01,5.755319757533807756e-01,5.815692429178985767e-01,1.789367707304103661e-01,5.660956584626883892e-01,3.873825524644670115e-01,8.714525252285905133e-01,8.043328158783769055e-01,4.601149755526873220e-01,3.278875564215317784e-01,5.922341259851340300e-01,3.451855045120817422e-01,9.304903378497958455e-03,9.315262720436742749e-02,4.830955583950617416e-01,1.759223616370401422e-01,4.348291776007162657e-01,3.863283019685400110e-01,4.226996618924946936e-01,2.771713131460455948e-01,4.802373014393128692e-01,1.051024358489050792e-01,6.577746681654487171e-01,5.754627132449708915e-01,9.478902731326627196e-01,4.972516175123509186e-02,5.629902414074954287e-01,8.094176696326831066e-03,2.257154267402303738e-01,4.734657890871636354e-01,4.797522362916549210e-01,3.701352156581705355e-01,5.883203319400006626e-01,1.413367398999876290e-01,1.159827784123619726e-01,5.402298681869770469e-01,7.163406466733333033e-01,1.936404805770851889e-01,2.774555434790597075e-01,2.113306537789486350e-01,6.789404924457933532e-01,3.773360631923620145e-01,8.151759805257366986e-01,8.335994022301762563e-01
9.970723893294643203e-02,6.149411854727113713e-01,1.581919225077720592e-01,5.489282527593490890e-01,6.460180626970027928e-01,5.083482939969541370e-01,6.947637672236945949e-01,4.165290715890883066e-01,5.925096431129683872e-01,4.458338062531770896e-01,6.279218311789080964e-01,6.452002496268882670e-01,0.000000000000000000e+00,7.060425880449914260e-01,9.307814415639958927e-02,4.972274614316123942e-01,4.056295502495700922e-01,1.737369918120606482e-01,2.296728030876369342e-01,3.741950178060786669e-01,3.227731904093924520e-01,4.166264676160116864e-01,4.756644423379048914e-01,4.412922265587644888e-01,4.798956605078296689e-01,5.187618453147175845e-01,3.315144791488706111e-01,7.924741336144108805e-01,3.385691656540336103e-01,3.928009046772451551e-01,6.157912790179405071e-01,7.360854220381161106e-01,6.735417539640859985e-01,4.750811794558313927e-01,4.080077755729314970e-01,8.691473840484964519e-03,4.466540113926853461e-01,3.942515173057231648e-01,7.290593959931812584e-01,6.986527262875800171e-01,3.200836962072073355e-01,3.477102356219270995e-01,2.911343196283170398e-01,4.399348547761558481e-02,1.014510816336089000e-01,4.787050341040509360e-02,4.884947250057157797e-01,1.018378301871073199e-01,3.923456364970235866e-01,3.833319420581091097e-01,3.846966842518138030e-01,1.939434652694755901e-01,3.401498100943808889e-01,1.301632915496742371e-01,3.034938950708289673e-01,4.948213920064860605e-01,5.870778054982861427e-01,3.248419259984758334e-03,5.251518289558493313e-01,1.774464082353480188e-02,1.545712705593067088e-02,3.665922811302990136e-01,2.943794656346095939e-01,3.419008240884592320e-01,4.904372186364125419e-01,3.009021341128173543e-02,3.066766719956931508e-02,4.319282604437045814e-01,7.453548834844171411e-01,3.269917392435311987e-01,2.153140797609240931e-01,2.955156242145299816e-01,6.715032868913777264e-01,1.919214391075637904e-01,6.822549901985625054e-01,7.494795096787481015e-01
1.862266658949014164e-01,5.833022007214552218e-01,1.484469626563140743e-01,6.046449661401558373e-01,6.964684506459226654e-01,4.751003270802958145e-01,6.716657771734435567e-01,3.897544971263109392e-01,5.967236063296729176e-01,4.743521547355910584e-01,5.834143405865834797e-01,7.203488928377689282e-01,7.060425880449914260e-01,0.000000000000000000e+00,2.422747817019602901e-01,4.469683207813621162e-01,4.399004653917585883e-01,1.720534241358374350e-01,2.682102728975424011e-01,4.387815893824431601e-01,2.352330375465817580e-01,4.832697043080930732e-01,4.654673215095218586e-01,2.972021729491522990e-01,4.764280361422253973e-01,4.963291396453692883e-01,4.162974721063096850e-01,8.051124384050214466e-01,3.281789631035079147e-01,4.831670652719658454e-01,7.413281931770623334e-01,5.979811064485462957e-01,6.696828628490160140e-01,5.920849230341336256e-01,4.719206764814901645e-01,2.733333404478661133e-01,4.227083886480847985e-01,3.507387967680412055e-01,6.413382335966801850e-01,6.224002051578096939e-01,5.118563992977218646e-01,2.707486102444368603e-01,5.669515862173999388e-01,2.226311412582615001e-01,5.939187389830820341e-02,1.909412321765891485e-01,6.700848365494831427e-01,2.183014622555570772e-01,5.015749021204931601e-01,5.317074954386338259e-01,5.395424831381868680e-01,3.914443369716771870e-01,3.424831706804369880e-01,2.520204512929157259e-01,4.297368126469668925e-01,6.321560920276867446e-01,6.525514006189033767e-01,1.700066603218713945e-01,6.616638254033904154e-01,1.664359984213534538e-01,5.460647710063300936e-02,5.241111339340521758e-01,2.791129533455208866e-01,2.217693408136971467e-01,3.886214746166485323e-01,1.044380540119213968e-01,9.346003159202596888e-02,5.635825094964059812e-01,6.116220975807953320e-01,4.304470096371550425e-01,3.647510060112402752e-01,4.631417432600497541e-01,4.753463157194271482e-01,6.372940751967259843e-03,6.183229515459035541e-01,7.148624430717429590e-01
5.064366333354318739e-01,2.579968537329662137e-01,1.477254032498269698e-01,6.944607753660445026e-03,1.346995680785529059e-01,2.471796820813891293e-01,5.973162760487610995e-02,6.817031121265593185e-02,2.952671509219881307e-01,1.041688645898906918e-01,2.381864122048049648e-01,6.987024478963946295e-03,9.307814415639958927e-02,2.422747817019602901e-01,0.000000000000000000e+00,2.442004816723766791e-01,3.153203139148383349e-02,4.495930011914539559e-02,1.398794069612868674e-01,3.080709665294653621e-01,5.975670465084585992e-01,5.007575420325529603e-01,1.966849437864969796e-01,2.058895875923906771e-01,1.851991949083125477e-01,2.306952412297617050e-01,4.568837321620838332e-01,1.014765930968211105e-01,4.449833981121277260e-01,1.438824322157464808e-01,1.211298272341348181e-01,1.328527408707690649e-01,1.136744148818538691e-01,1.113016122629368609e-01,1.126912695474708015e-01,1.647687861655789954e-01,6.254645279522745571e-02,2.206393977087334202e-02,1.607340183163785408e-01,3.328002211585939785e-02,2.238253980669451249e-01,2.025778436007673322e-02,3.894411838439703483e-02,6.338337340443031542e-02,3.373122019372094826e-02,3.974674576313365071e-01,2.740052914688158592e-01,7.060164981999594858e-02,6.963977191293677094e-02,6.223408215436029844e-02,2.800444650574084871e-01,4.043249778415433648e-02,2.462220420000887922e-02,1.417949906375841618e-01,9.600754136967509789e-02,1.992074197847092942e-01,6.928887005459354043e-02,9.491154898070522372e-02,2.418066197907072501e-01,6.999486885200140174e-01,3.853376724500818251e-01,8.753713172037685952e-03,1.747918553056704294e-02,6.469077690177382767e-02,1.591752713596406021e-01,6.269847392457679192e-01,3.437731219736057109e-01,3.143752551903043480e-01,7.430019706023827109e-02,2.357274428155074764e-01,2.829646940096918750e-01,5.090137437988894176e-01,2.009797203188743997e-01,4.602142236400161845e-01,2.385004083113149986e-01,6.007355305697290038e-02
6.524443736187826026e-01,7.202982323382391971e-01,2.744120335039968439e-01,4.011081059775946644e-01,6.950987981941987304e-01,3.617611023771118428e-01,8.005778357525850097e-01,2.835455939139213122e-01,7.007014383933637403e-01,1.313937039940629437e-01,5.260102555217363030e-01,3.510261492428257690e-01,4.972274614316123942e-01,4.469683207813621162e-01,2.442004816723766791e-01,0.000000000000000000e+00,8.500062841117553836e-01,7.595490088503258352e-01,3.701760292868013225e-01,7.237769485658636093e-01,4.704704371887050152e-01,7.445151171410053781e-01,3.024237952513483263e-01,5.092824029411714415e-01,6.259051078737970508e-01,5.758421463209519864e-01,4.218649830207511497e-01,6.028572196728729793e-01,6.068501456705848174e-01,7.264354405095114764e-01,7.995883105176229133e-01,7.124013993780300424e-01,6.601734055951333779e-01,8.903773191935766551e-01,6.778408995962931227e-01,4.539708698852282232e-01,1.792466100510187177e-01,6.595186118206869397e-01,7.581022340930450021e-01,5.910418884869481637e-01,7.804820579922420176e-01,3.965626411701765885e-01,2.753372112743516231e-01,3.642438280791822081e-01,3.894956615046354376e-01,6.824063447026242901e-01,5.300598139092311811e-01,2.471064105366653774e-01,5.827375686672005006e-01,5.904789558187721887e-01,2.791191598548355968e-01,5.998725844935675067e-01,2.581595140136355715e-01,5.489765670594602964e-01,1.108345340450994643e-01,6.886751080217636822e-01,2.186377451906817426e-01,1.203934974358191745e-01,6.887264608782315278e-01,2.033945168809869197e-01,5.512396706080182618e-01,6.647985392746091904e-01,5.596450201082492359e-02,8.272532070361957035e-02,1.094183474753817609e-01,1.980678487089971296e-01,4.150413500537139533e-01,3.307665328944893735e-01,5.108881885552586377e-01,2.557351575614012495e-01,2.880357050178766753e-01,4.111855905072526185e-01,2.967148491423301504e-01,1.425829903352950068e-01,4.243067533180114870e-01,5.246525351589141906e-01
3.959842321226627604e-01,6.090539690425951225e-01,4.739705793821473723e-01,3.955502610557969922e-01,8.044305878315987091e-01,1.869302626318319338e-01,8.915257117713060175e-01,3.057242567282619783e-01,6.543537063081867888e-01,3.088317001709286469e-01,5.712536919867898799e-01,4.273160588410934158e-01,4.056295502495700922e-01,4.399004653917585883e-01,3.153203139148383349e-02,8.500062841117553836e-01,0.000000000000000000e+00,6.324890048204465653e-01,5.220279192844354821e-01,6.674115491497474295e-01,2.140390796417884212e-01,5.708511515045917584e-01,2.956805831800872753e-01,2.829273136856760851e-01,6.870130987481563034e-01,6.958943892416126209e-01,2.405059401042190237e-01,4.671299936980860545e-01,2.519626821192649802e-01,5.043836020511272000e-01,9.099751554950147314e-01,6.004813656311346337e-01,6.999169692787379216e-01,9.126101922084702833e-01,7.385850918674119470e-01,4.750468273765501293e-01,1.822861654185413960e-01,9.300997230258689630e-01,6.860530460981997258e-01,7.130584409416983460e-01,7.728742911686006245e-01,2.258206182996089217e-01,5.162495147482906166e-01,2.268293951468777214e-01,6.449354116828081018e-01,5.566154886490198850e-01,4.455570447991321625e-01,4.326758647439724048e-01,6.997684417833364146e-01,7.978104786947848304e-01,3.751698968493715203e-01,8.335284441029946478e-01,3.036726440977909336e-01,7.299766120516824053e-01,2.971522033740355284e-01,8.244126870895336356e-01,2.617321387572519864e-01,3.134527192659054551e-01,8.197274538171366309e-01,1.449547962025260484e-02,3.245279342780653664e-01,8.221215045732949145e-01,1.232739872010563398e-01,1.346388410275199676e-01,3.902446367043466147e-02,1.404253776269719090e-01,3.943647287894765929e-01,3.308108271164882930e-01,5.023096802766234825e-01,3.215420302216734361e-01,4.780842273365497608e-01,3.187203559759578253e-01,1.668726692869706707e-01,1.671148729970022284e-01,3.749095444924051557e-01,5.558942996368518852e-01
4.327156288982771937e-01,6.513099232428004592e-01,2.078123999137604094e-01,1.473440733814249948e-01,4.467797215988594806e-01,2.531177936893840852e-01,5.441277836988265282e-01,5.426105275589521160e-02,3.510538199066679521e-01,1.212751030666342489e-01,2.557298320128990055e-01,3.570073679296470459e-02,1.737369918120606482e-01,1.720534241358374350e-01,4.495930011914539559e-02,7.595490088503258352e-01,6.324890048204465653e-01,0.000000000000000000e+00,2.396369242802302846e-01,6.075632419762021508e-01,2.491185461204983853e-01,6.138577077311601071e-01,8.735292015569526280e-02,2.323357388408118784e-01,6.813858233846252777e-01,4.754657878682742034e-01,3.997228471631292801e-01,1.515379740671436160e-01,5.112944791243656528e-01,4.616105681609902200e-01,4.004754498944994578e-01,2.481131349100162975e-01,2.370827742254461856e-01,5.127609170625431201e-01,3.795517518644500043e-01,3.778892965501444157e-01,3.944025520857344369e-01,5.953816199409374121e-01,2.926714397023276737e-01,2.101342152390677509e-01,4.389775532689327853e-01,1.836826807893173763e-01,1.452563067368207728e-01,4.068549867412331045e-01,4.692838053953656829e-01,5.181238986162592930e-01,4.101050365430083389e-01,6.257373280435582497e-02,4.330575673763593092e-01,3.949386024170787879e-01,1.026829966538246042e-01,4.851337174403423380e-01,3.402725793143176330e-02,4.519108216790795884e-01,6.146376318248636395e-02,3.848769804245906756e-01,1.399602514477969462e-01,1.277314388580622906e-01,4.539513078975485616e-01,2.264009100584851719e-02,6.188097984319279599e-01,3.954828319347538090e-01,3.628669941073301430e-01,6.029185224555624889e-02,1.430242039244419838e-01,7.137685975299706831e-03,4.891483862491001200e-01,2.329726756509442609e-03,1.596531426531376252e-01,2.236554377889917455e-01,2.525448656336003461e-01,2.974245199484550350e-01,8.728317099578736249e-02,1.873154357010024806e-01,1.199235446139867989e-01,1.898012296710379632e-01
2.290558472209441587e-01,3.690934059161454228e-01,6.590852882706429439e-01,2.487749105687246665e-01,5.921401392206676606e-01,1.665232975771471224e-01,4.375300181158905954e-01,3.565478439301444369e-01,6.352455232267714136e-01,3.291183607509096110e-02,7.166946499252476732e-01,1.324379985046713337e-01,2.296728030876369342e-01,2.682102728975424011e-01,1.398794069612868674e-01,3.701760292868013225e-01,5.220279192844354821e-01,2.396369242802302846e-01,0.000000000000000000e+00,4.881605027272631347e-01,1.836755311246359990e-01,4.346708799376712284e-01,3.762761643305593817e-01,1.125282970580483433e-01,3.394059384314564998e-01,4.681582329851617930e-01,2.609191192082412902e-01,2.304969427990855024e-01,1.019367590818093805e-01,3.982536229863619104e-01,4.111245315022460933e-01,3.317056056801651609e-01,3.133378527438389627e-01,4.976799474282744273e-01,4.069381651760854979e-01,3.162030322624643230e-01,3.240316444635872872e-01,4.915925516926907823e-01,4.037901282931208868e-01,3.808346925858363541e-01,4.909626564274783278e-01,9.477604115292063980e-02,2.354240516594322541e-01,3.201955714479960968e-01,4.364857327186255631e-01,2.838819182671732388e-01,2.640754424404300194e-01,5.970386208310983767e-01,4.359002250389344968e-01,5.280580439033137896e-01,2.752703752158234263e-01,4.536161732040911443e-01,2.243593050398843824e-01,6.625359140728920293e-01,4.051909870833009242e-03,6.874543819069631745e-01,3.119545444293156389e-02,1.666805578392624720e-01,5.623649887861053021e-01,5.916287044939391726e-02,1.558560890713135416e-01,5.043958115238564854e-01,7.427471434891902424e-02,5.758098561461494347e-01,1.308519349941338894e-01,7.354799582339557884e-02,4.203822615730831158e-01,3.328544587267113775e-01,1.977166843448220079e-01,2.256306928339209261e-01,3.884787534180383917e-01,2.563942235917111567e-01,1.216830762831803414e-01,4.024921865465723447e-02,3.665549484798757973e-02,3.291013630691856373e-01
6.131707647262756300e-01,8.093700667854235586e-01,3.971179324410233358e-01,2.391444971335548730e-01,5.854932253569316014e-01,3.257933633499901505e-01,6.501943162088046346e-01,2.807456078299790936e-01,6.783583150129257611e-01,2.271880377495436865e-01,5.952658209855976601e-01,3.985609969413264064e-01,3.741950178060786669e-01,4.387815893824431601e-01,3.080709665294653621e-01,7.237769485658636093e-01,6.674115491497474295e-01,6.075632419762021508e-01,4.881605027272631347e-01,0.000000000000000000e+00,4.300218020133219632e-01,8.820544962733991579e-01,3.905888052651795284e-01,2.771881769795443984e-01,7.903820792995971400e-01,7.134700348603961739e-01,5.755488672914549353e-01,5.264622343452893816e-01,5.516575788211325326e-01,5.513145508664356598e-01,6.854816536802619265e-01,5.791966725207332578e-01,5.315750603547806374e-01,6.824137992646854833e-01,5.854155081805348937e-01,3.384538102985995556e-01,4.010854395703786213e-02,6.078287608875464487e-01,6.134778214104461558e-01,4.513972032550416791e-01,6.544035552067660744e-01,2.917784798753462194e-01,3.466782614199385160e-01,2.270354507029464231e-01,3.715945467292187110e-01,6.045609597359047349e-01,7.192598812909456463e-01,2.765812215667364793e-01,5.241514202426847957e-01,5.089916030042409556e-01,4.654449139593999640e-01,4.949261137672590349e-01,2.153583773271932345e-01,5.293284044272661415e-01,2.547401622634237750e-01,6.175909847298056699e-01,3.446742782493756874e-01,9.250585669175304115e-02,6.842025866586196603e-01,2.521773815058763191e-01,6.551686211513803038e-01,5.943590224978104741e-01,1.909475260252135875e-01,5.866190948060046040e-02,1.609568161326041524e-01,2.624270538928306640e-01,6.383340395024814651e-01,4.317350518207129784e-01,3.139879293487395917e-01,5.533619346000628880e-01,5.851704884810391416e-01,6.395340189899141325e-01,2.085941552803574628e-01,3.318079422725128680e-01,4.557745058838714725e-01,4.932606727352559783e-01
5.716529089029184219e-01,4.533471890662680304e-01,1.329017435841998718e-01,1.131579150406173684e-01,2.859425167755913488e-01,3.829041610757003000e-01,2.529540139984397529e-01,1.717695522592037061e-01,3.332818079834554137e-01,7.056523940494180414e-02,3.372050963565009774e-01,6.261264290561488477e-02,3.227731904093924520e-01,2.352330375465817580e-01,5.975670465084585992e-01,4.704704371887050152e-01,2.140390796417884212e-01,2.491185461204983853e-01,1.836755311246359990e-01,4.300218020133219632e-01,0.000000000000000000e+00,5.676602299403029628e-01,2.383288994527565374e-01,2.969407974308279075e-01,3.220607610101907659e-01,3.754008260940780994e-01,4.160632562867248585e-01,2.630716776095999854e-01,5.136199580577137658e-01,2.739314488948838555e-01,2.456629441131097380e-01,2.763056983319878701e-01,2.314038183437305551e-01,2.523275487035966380e-01,1.511585552481051198e-01,3.386910365201943329e-01,8.252641330594963354e-02,2.330580082514786822e-01,2.917534292451004485e-01,1.887801805076987083e-01,2.577870495361898051e-01,2.602017043585834744e-01,1.729818348207784462e-01,3.468933582912497315e-01,5.171611870622681850e-02,4.365907163078301956e-01,1.760721859869731620e-01,1.200623286808441825e-01,4.742494174140265972e-02,1.018343411827544870e-01,1.618760360553616884e-01,5.697311289020617897e-02,1.873487991366625804e-01,1.750411085099776998e-01,1.816479055980195212e-01,2.761716282703450265e-01,8.190525926282024582e-02,2.662449557285945234e-01,2.351596393824237907e-01,4.970661907321948791e-01,3.360658207615599968e-01,8.815767652702929946e-02,6.980940582023864582e-03,7.383608906254096604e-02,1.108514277235894685e-01,6.524120871139120759e-01,4.679673008353101293e-01,2.101299689784712488e-01,2.187178668791403824e-01,1.938657795130211969e-01,2.061534952114635333e-01,3.084672174011861001e-01,2.523994980213539741e-01,2.219386640297583146e-01,2.765619265829593054e-01,1.861576874608021070e-01
