0.000000000000000000e+00,6.296184155061586019e-01,1.729944069502918069e-01,5.949147504110623152e-03,1.368615199774265712e-01,2.937532303568286540e-01,2.065264021562271401e-02,2.195677797273401510e-02,1.250588786505457684e-02,4.773748396981830067e-01,2.281299560140916949e-01,2.735640584522536223e-02,1.022481629476270776e-01,4.941062312565024373e-01,2.402482043879237972e-01,6.311863033480662466e-01,4.386225789295821187e-01,5.891022467798259221e-01,1.102581322490548965e-01,8.159890274694292511e-02,5.620360128960285584e-01,3.554957499817704702e-01,5.227108982612499455e-02,4.327444348879458946e-01,6.817966679332170266e-01,4.962656998493449323e-01,2.415761818800955529e-01,9.114212630914825253e-02,3.152999420110734197e-01,1.850275171510855632e-01,1.799595122904987798e-01,2.030797612417821196e-01,1.102767485964928906e-01,6.665669615143027249e-02,2.007476153453102152e-01,4.824559455136080421e-01,3.370783894821553495e-01,2.561742924894093720e-01,3.921601281692760343e-02,2.456658211465191644e-01,1.086185022359496821e-01,9.049322403505632995e-02,6.108593858626566037e-02,2.886695892740441180e-02,3.727927265763053555e-01,8.637192349478279851e-01,6.151469076111799605e-01,1.677866445251317284e-01,4.114975948666571015e-01,7.351320819242249116e-02,3.808850978359992756e-01,1.393174785377062630e-01,2.970060382853816350e-01,3.580364618786593955e-02,5.603772659466723649e-01,1.767305631702297819e-01,3.930817972335285959e-01,2.454326980797894020e-01,3.261236892558498635e-02,3.273543906976899009e-01,7.063678503209576132e-01,6.558054277395435339e-01,6.660700296455068781e-01,8.069001651297277866e-02,1.088291915989380021e-01,4.981063056755138385e-01,4.695134141155514751e-01,3.971987611234680804e-01,4.550584741256497590e-01,7.264114282551599189e-01,6.216253099182915687e-01,1.357542894882892981e-01,3.338371547318913501e-01,3.567554808903086738e-01,3.817442223706166704e-01,5.937152579953557385e-01
6.296184155061586019e-01,0.000000000000000000e+00,2.601706092645463819e-01,1.606479952630934238e-01,5.444230183940405865e-02,4.619352731094005238e-01,3.793513585925075704e-01,6.618170643617998783e-02,1.138062310163007185e-01,5.701200934550969546e-01,3.496277044594477412e-01,5.807172315095199266e-02,2.729284610473816652e-01,4.287696928638162208e-01,3.911914326236054507e-02,6.257066712178684931e-01,6.182390841917262403e-01,8.195269280527839317e-01,3.618909835686914267e-01,6.097802204367291923e-02,4.697162195755436587e-01,3.294500487850601234e-01,2.160417374827738879e-02,3.520532678218309952e-01,8.870462471043315533e-01,5.757358242758126021e-01,9.543214699587204697e-02,2.372195791209203153e-01,4.738759488643823903e-01,4.911762102463613777e-01,3.268061590363943725e-02,1.985547931854145798e-01,7.300544282558568687e-02,1.751163994033230198e-01,1.597268996028397836e-01,3.433665475002685152e-01,2.760858152221415396e-01,3.384850433883571652e-01,6.750962871942112198e-02,1.858460670104236379e-01,1.814457058825469371e-02,2.691938252566470346e-01,5.140702590132646688e-02,2.662195191500325159e-02,3.007060943179680756e-01,6.197682510694046965e-01,8.329128250603085037e-01,1.478286942997628362e-01,4.517381396962245055e-01,3.216699514566191964e-01,5.338330772651987965e-01,4.121652414671683751e-02,1.355399331343312974e-01,1.738600019180641665e-01,3.704851064483432044e-01,2.739819588146835683e-01,3.451417994756020291e-01,2.903814063011876945e-01,4.152135115586132186e-03,2.205395337563254010e-02,6.064634531013713969e-01,4.681064541508603294e-01,6.204383741079539938e-01,2.243334737726124795e-01,1.640968089993628531e-01,2.798525133826706424e-01,2.270572059062010151e-01,2.472055306275828812e-01,4.092605068274072222e-01,6.777611674608465808e-01,6.143661431478211199e-01,4.821803428104964873e-02,8.989923100836247349e-02,3.197407748426500107e-01,2.391884062329066585e-01,3.203080483421392177e-01
1.729944069502918069e-01,2.601706092645463819e-01,0.000000000000000000e+00,4.180969092210381488e-01,1.024951680310092761e-01,1.050286750170507100e-01,2.047643776455419229e-01,1.326289833449518785e-01,8.544246230859695590e-01,4.211919258805410515e-02,8.430949299657219953e-01,2.385268392781288160e-01,2.312261594561873523e-01,1.775700138694725205e-01,5.553879658697788990e-01,9.266644032342417903e-02,2.556544602389687615e-03,5.919347220100559803e-02,7.543653149809668168e-01,6.456554616571164029e-01,1.372055812983254963e-01,5.706941936718534780e-01,3.873623374274268172e-01,8.717874887406837359e-02,1.630730351551115398e-01,8.492282944650914045e-02,6.016673431401162730e-01,2.859653418010038584e-01,1.813772692402051967e-01,4.011521274073173160e-01,3.570218184164911657e-01,2.164385510485682118e-01,1.196026029512115424e-01,1.018214627867649880e-01,2.330623445203877098e-01,1.806832598637959086e-01,1.521226368881807567e-01,1.298027799886969369e-05,2.329586848690873291e-01,1.742905489125720631e-01,3.074302753068337835e-03,2.114305782463796191e-01,1.617525091723825414e-01,2.259027822847432532e-01,2.437831553187244649e-02,1.290694895712281853e-01,1.929983185511656707e-01,7.921554880003234267e-01,3.554555760451197366e-02,3.121967351338158503e-01,8.198187805280940377e-02,6.017061295167119850e-02,1.203230111763495813e-01,8.416092208963792398e-01,5.809281847410807664e-02,8.684023384639669718e-01,1.504340511244015022e-01,8.573145182483415949e-02,2.646341598289545516e-01,4.918502458043903514e-01,1.024898057162728499e-01,1.850441205097825836e-01,2.125546478402846606e-01,7.477899064369334381e-01,7.131821966714593231e-01,7.107303294824440787e-02,6.362521865171990587e-01,3.773629466095875795e-01,9.643843810532432004e-04,1.678429383315714618e-01,1.487441784980806925e-01,6.030755712740143437e-01,3.745468476120336065e-01,1.331611016641378598e-01,1.596862129771668415e-01,1.139858821440426495e-01
5.949147504110623152e-03,1.606479952630934238e-01,4.180969092210381488e-01,0.000000000000000000e+00,1.976750646847640625e-01,2.009504009751121034e-01,3.369578422147584407e-01,3.167510390060335190e-02,3.827060415118019865e-01,6.845875236853374290e-02,3.614711532985300235e-01,1.482371638579630946e-01,1.610135658574972650e-01,1.453035404998457292e-01,3.449666116936343507e-01,1.467393207496432705e-01,3.103377122751597300e-02,1.085173406084000564e-01,4.250821865662993138e-01,4.512710721077761722e-01,1.177788513434289280e-02,2.636587738110833801e-01,1.638308472152915918e-01,1.920907577144843614e-01,6.622293689912683856e-02,1.287448181369198544e-02,4.513629949873211311e-01,4.271842861746089071e-03,3.862393999016493218e-02,1.327799085944811885e-01,1.361589014331225922e-01,6.380425516382765005e-02,9.460757726525111100e-02,1.256718258113410647e-01,6.147546667259925351e-02,2.445814523086398684e-01,4.494391714221507295e-02,6.718309129452315620e-02,1.106393959562594898e-01,5.781378874066120388e-02,1.108252726880140648e-01,1.541868402070447341e-01,1.607563006216713442e-01,1.326818062542475460e-02,1.323269436194913495e-01,3.292598308926018846e-02,1.422387686655286199e-01,5.371346000002223953e-01,7.693719668172027681e-02,1.994040683874393483e-01,8.135988514435456287e-03,1.346153525594158684e-01,7.830208621828696480e-02,4.042257329575352220e-01,2.600028905207272395e-02,4.985722874997369214e-01,1.569727776161035093e-01,1.859790246116713869e-02,2.372055479421500968e-01,4.269383294714034771e-01,9.761598482829508816e-03,5.575827218718183709e-02,4.853016579214608495e-02,4.374530616520831416e-01,5.886318069397791231e-01,2.765895830143845491e-02,4.798303999212247817e-01,1.159556532775127546e-01,1.444355410225857950e-01,4.712444917954450307e-02,7.776901957035661783e-03,4.998725465334530882e-01,1.926324122386517679e-01,3.449228271819781977e-02,7.468042917053843710e-02,2.253772419016061845e-01
1.368615199774265712e-01,5.444230183940405865e-02,1.024951680310092761e-01,1.976750646847640625e-01,0.000000000000000000e+00,2.503007225786264556e-01,6.126574967704326857e-01,3.639967075992691647e-01,2.396198271360560628e-01,2.072038563209300244e-01,4.130109452825652672e-01,4.957302907392990843e-03,2.343648485555685501e-01,3.366066128357478870e-01,1.702421426646923697e-01,7.157602290250150712e-02,5.595714321922068413e-02,9.395246403808596436e-02,6.434164887654830745e-02,3.377689328660440360e-01,7.786436793321527272e-03,1.921876038627828021e-01,2.544385914633531254e-01,2.279490183949122589e-02,4.872658296618319340e-02,1.163570846250697038e-01,2.297870190986307515e-01,1.856263005194869198e-02,9.810105156963463968e-02,3.743669059320831050e-02,8.298141811504797238e-02,2.402424602856745861e-01,1.263646382105523269e-01,1.713629901846305814e-02,2.367622947266268818e-01,5.705480530781772974e-02,4.812463617316020681e-02,1.296948400057381934e-01,2.316618076338385901e-01,3.531480870197820088e-02,3.096903204762270212e-01,3.630551581502132752e-01,3.877996052963215146e-01,6.445531391103113961e-02,1.091037656497403224e-01,2.071090044182035683e-01,2.321424102973032588e-01,2.786608568176273670e-01,3.467244207716911886e-01,1.507612190358564863e-02,1.008674412165697365e-01,2.234338132995861148e-02,2.157937591649905507e-02,1.628404409064447833e-01,3.886504370720939017e-03,6.222985579135265066e-02,1.797164228486141380e-01,8.493429792646575716e-02,4.168206089782618973e-01,3.803837139800909650e-01,8.027740725587542703e-02,2.530684708427981544e-01,1.860995030301462183e-01,1.642942806852761284e-01,3.451195416165149243e-01,9.098994136785479303e-02,2.234135891360296000e-01,1.975591179774754957e-02,1.418510293580766968e-01,2.961787219099818458e-01,6.947792264035554388e-02,2.776652256198448576e-01,2.564879318076092041e-01,3.571892893442153022e-02,2.395048710165458561e-01,3.429605379888925505e-03
2.937532303568286540e-01,4.619352731094005238e-01,1.050286750170507100e-01,2.009504009751121034e-01,2.503007225786264556e-01,0.000000000000000000e+00,1.644390343270153432e-01,3.897544906810903598e-01,2.537072852664414291e-01,1.980510722844179283e-01,9.884256900845364568e-02,4.712408902803849053e-01,2.070165224667238624e-01,3.932741540411188730e-01,3.231307287916351800e-02,6.709181558707538739e-02,2.613994127064809825e-01,2.629596637536852355e-01,1.014974724485328827e-01,1.923095717354152412e-01,3.418762508056935601e-01,2.394246145017770999e-01,5.455527975007665731e-01,5.180419042161614751e-01,2.957124070266267113e-01,5.275532888250088481e-01,4.017472981397262055e-01,1.859252203883660637e-01,3.893414001216353171e-01,5.746125956423221715e-02,9.391045154293907460e-02,3.279800027187970146e-01,7.448889114983123227e-02,1.330922642289383839e-01,2.061619787079881083e-02,1.063384768230213606e-01,1.450950279185604652e-01,6.804499741213054786e-03,2.406256034731378834e-01,1.827770833252727045e-01,8.761877586891410330e-02,2.559288009971943945e-01,1.441821964574913073e-02,1.319841563437443299e-01,1.610729785656937196e-01,1.120032075730235110e-01,5.034096579780337199e-01,2.327478599592486264e-01,3.057170217535666867e-01,2.366178581364703215e-01,5.698447496731630091e-01,2.175240304189482998e-01,6.396669258810094849e-01,2.377312826333773388e-01,2.986548539619426346e-01,2.557761644822332814e-01,2.880487045846949479e-01,5.034603030693087788e-01,1.665584833760886396e-01,1.248196127975056413e-01,5.997991115597109402e-02,2.890524580255893206e-01,1.732377702103657102e-01,1.181377381271961902e-01,1.818144291359956866e-01,1.278370415088745382e-01,3.481225645082158260e-01,5.627158221120946990e-01,3.494449613883489625e-01,4.361318280764440170e-01,4.382269253831634348e-01,3.580869618811096666e-01,1.869352298072681773e-01,4.174290291255679242e-02,3.846466799879467990e-02,4.915915621368207450e-02
2.065264021562271401e-02,3.793513585925075704e-01,2.047643776455419229e-01,3.369578422147584407e-01,6.126574967704326857e-01,1.644390343270153432e-01,0.000000000000000000e+00,6.993569187288328770e-03,1.148856767798207557e-01,5.318992333070284850e-01,5.735566807468761574e-02,6.176603984199433017e-02,5.007359900724849266e-01,1.137449188809315226e-01,2.494537775014677994e-01,4.659248180775376613e-01,5.139940330946550784e-01,5.258608332243491779e-01,4.907173940775891308e-01,4.537958621304828410e-01,1.102789616686055407e-01,7.578136789444972488e-02,6.476573504156346583e-02,2.210835493798164048e-02,4.148381171844319204e-01,2.362543989493005037e-01,3.861346188870301566e-01,1.459606593130597652e-01,3.005584476312394560e-01,2.460062316026860318e-01,8.140652256481092919e-02,1.450788392429768758e-01,6.834453616890634464e-02,6.410725237992490055e-02,1.318593923204143814e-01,1.916424207999187224e-03,8.039026981509905800e-02,4.428684183835344124e-01,1.578989112144879581e-01,3.937628895960834652e-02,1.333564818881736169e-01,1.810325014943018895e-01,2.866365144745455229e-01,4.576559159111402708e-02,1.048452215828685197e-01,2.665332500424630324e-02,3.307023806634667995e-02,4.845146813334567648e-01,1.850908607793158855e-01,3.025202432126695151e-01,1.356670455087427563e-01,2.635946500386160407e-02,1.298228613193685987e-01,1.623944910064744618e-01,1.677304300192292430e-01,3.783371883582467565e-01,1.395742410839062586e-03,1.842808678324767413e-01,2.598891431104780603e-01,4.537592882709622355e-01,1.558074255322377810e-01,7.700844986565724692e-02,6.640715786178094659e-02,4.866399236045195753e-01,5.109320543024273853e-01,1.529660172147686847e-01,3.324250839921416567e-01,2.286873281148049664e-02,2.514634811435301209e-02,2.084637901159663853e-02,8.912025155978978153e-02,4.643398830697716972e-01,1.791964674928968326e-02,1.907844929033567505e-01,2.522587639531667647e-01,1.077064593370197915e-01
2.195677797273401510e-02,6.618170643617998783e-02,1.326289833449518785e-01,3.167510390060335190e-02,3.639967075992691647e-01,3.897544906810903598e-01,6.993569187288328770e-03,0.000000000000000000e+00,2.469884288944442230e-01,4.400263362221049079e-02,4.494607165526985915e-01,5.570394323745595511e-01,2.088050030252861511e-01,1.742030908647508314e-01,1.067778228061224688e-01,1.057296990312843465e-01,1.764025619336511419e-01,8.885934088928656993e-02,1.762135612150343977e-01,1.066104895961895727e-01,1.931501243543373159e-01,1.940762039802607086e-01,7.035346966720839035e-01,3.291553257178802538e-01,2.192050673918348735e-01,3.043266144333139911e-01,3.509515349919500871e-03,8.197012271220857627e-02,1.706487135689372936e-01,8.267686233581678090e-02,1.441198273316132011e-02,3.163069994638841032e-03,4.471420336951908436e-01,2.869313408544726940e-01,2.423573283165934567e-01,2.292243825780834743e-01,1.517997535986787550e-01,2.311775414864384592e-01,3.079590232669557337e-02,2.195521880712677232e-01,1.345598917277486539e-01,1.472688008447085861e-01,3.862235412486421104e-01,3.647475498804074456e-02,1.229142395885762795e-02,1.803360545297894579e-01,2.797661853583574554e-02,1.428501339270171755e-01,2.734156728398548508e-01,2.479069519650169418e-01,1.233145885469505432e-01,1.494595324901648037e-01,6.168745671084029381e-01,2.419564916560910106e-01,6.703356072357584405e-02,8.703856316091107548e-02,5.757349394318123093e-01,3.952829619912499037e-01,3.043079930523950871e-01,2.462011980032604852e-01,3.962461574596694569e-01,1.674877703556467978e-01,2.873019331846115021e-01,3.859935250968768439e-02,1.780550382787709773e-01,1.558410602140724854e-01,1.252337115789075028e-01,3.356549140559249023e-01,5.009341554352680914e-02,2.273401001786835851e-01,1.131034572979701669e-01,2.159552043196952265e-02,2.669548757401168371e-01,2.205890942219616846e-01,6.614877722613574096e-02,2.989434138958284581e-01
1.250588786505457684e-02,1.138062310163007185e-01,8.544246230859695590e-01,3.827060415118019865e-01,2.396198271360560628e-01,2.537072852664414291e-01,1.148856767798207557e-01,2.469884288944442230e-01,0.000000000000000000e+00,9.077264143786023531e-02,8.325124770242956496e-01,3.618759295439484269e-01,2.583069678295857319e-02,1.658836291094166193e-01,5.240486263203028017e-01,7.178349599447159113e-03,7.758622680533783234e-02,8.270916835083567953e-02,6.687042001109178013e-01,6.141763446516705915e-01,1.089164106341242166e-02,5.758480580499534263e-01,4.887716066079848543e-01,1.371666578308435580e-01,5.476185231019706223e-02,1.539652492152638608e-01,6.085058895071212559e-01,3.582345613224489633e-01,6.318226490582085075e-02,4.873522988300234005e-01,3.968505512817762093e-01,1.663706523180227270e-01,1.973874360019644073e-02,2.030860711685049114e-01,1.384927524046992708e-01,1.309216696983297179e-01,1.963083011477683160e-01,8.501419186479397538e-03,1.993455092539488938e-01,2.574317866110714670e-02,2.525281604052084794e-02,1.637249173298266358e-01,5.980496403266072347e-02,1.651702904580858444e-01,1.921840232683287297e-01,4.718750672219043651e-02,7.004784517524198506e-02,7.010587983914152721e-01,3.726567541938799466e-02,5.671127813715498567e-01,2.557337436589235402e-02,1.875976974948718179e-01,2.467015407235608748e-01,8.265508218339279178e-01,1.196689508357551279e-01,8.245008416736315793e-01,2.437224859726307702e-01,2.826178953553915019e-02,1.838213008653788172e-01,4.790444691219852835e-01,3.723409983583061966e-02,1.390279240832509311e-02,1.463634708929498485e-01,5.761353790238072925e-01,6.011059102384317399e-01,1.456208705484557386e-02,6.432224554098785463e-01,4.432163959825897726e-01,3.292253877752228386e-02,7.175937384271441344e-03,5.277138318159615982e-02,5.382773607476596389e-01,4.293955846805820875e-01,1.632546346987727715e-01,1.619623837789558318e-01,8.337137794443497119e-02
4.773748396981830067e-01,5.701200934550969546e-01,4.211919258805410515e-02,6.845875236853374290e-02,2.072038563209300244e-01,1.980510722844179283e-01,5.318992333070284850e-01,4.400263362221049079e-02,9.077264143786023531e-02,0.000000000000000000e+00,5.295895758639285189e-03,1.947526700965402924e-01,1.067122444035573658e-01,4.063598529730443887e-01,1.755759844865445451e-01,6.184437782949162576e-01,6.125376677719832630e-01,5.598359460555615286e-01,2.223880963378430942e-01,4.399289478498843997e-02,3.397379704866931305e-01,3.617544279094803694e-01,1.512565047234937232e-02,2.291715613365023774e-01,7.110115800072761560e-01,3.491087981119725958e-01,8.472548131190343890e-02,1.768515048686776503e-01,3.123613071339910729e-01,2.493837784080403241e-01,3.537472252802739692e-01,2.761575250087067168e-01,2.047349131960148061e-01,6.003233936849289298e-03,2.385860309902479715e-01,3.452127888903436248e-01,1.399112468227998729e-01,3.279704931771407206e-01,9.148412866497371287e-02,2.785676723162730517e-02,4.387808413332162927e-02,1.467769091514106172e-01,1.126094036710679480e-01,9.283569313507485099e-02,2.065504355304980943e-01,4.060225120891797213e-01,3.488365606774382899e-01,8.766172843519526303e-02,1.503602280140563519e-01,1.849225193169298509e-01,4.299298231737083698e-01,5.926093816064659237e-02,5.566812412871327553e-02,7.590043255100639707e-02,5.909908646640317231e-01,1.294950662970371646e-01,1.467790300366366707e-01,1.525849496435824071e-01,1.017868074083678742e-01,1.205397648209590167e-01,4.298235411894981151e-01,2.572196749935179438e-01,3.115752181786916042e-01,1.743600791079155665e-02,6.023250646181368961e-02,3.807658411669134768e-01,2.535836544403708426e-01,2.641119260266989732e-01,2.436363494646424099e-01,3.256171542436612221e-01,3.054672444619297433e-01,2.599795107991678678e-02,1.456814540599909169e-01,3.028133682154090511e-01,3.189194200756875208e-01,4.272482360277958247e-01
2.281299560140916949e-01,3.496277044594477412e-01,8.430949299657219953e-01,3.614711532985300235e-01,4.130109452825652672e-01,9.884256900845364568e-02,5.735566807468761574e-02,4.494607165526985915e-01,8.325124770242956496e-01,5.295895758639285189e-03,0.000000000000000000e+00,3.519231160540102765e-01,9.409459027487437899e-02,1.081521370125539394e-01,3.129877815009661224e-01,1.841819038921013174e-01,1.311424517705764292e-01,1.328365366965717220e-01,7.048312897485935480e-01,3.719935136957380206e-01,9.425893773228749550e-02,2.220399860363924116e-01,5.663566091086915666e-01,6.847688062318890712e-02,2.872423203444167683e-01,3.068429513982504075e-02,4.265956519391574386e-01,1.383471749684843932e-01,4.127499898003103573e-02,4.135732851951698930e-01,3.371042827135752873e-01,2.904327040007054217e-02,1.160778891875532681e-01,2.204505214085099862e-01,2.343059973206212954e-02,5.564628291104989355e-03,1.840187060693700138e-01,1.176774297471354092e-01,6.035314705579737649e-02,2.199554415170185476e-02,1.717119627370443657e-01,6.335779533235080807e-02,5.961763498371333569e-02,7.815276625216550921e-02,2.477145284274803738e-02,2.606654794091585736e-01,2.756564177931164483e-01,5.035085530194678416e-01,3.208907411263265397e-01,4.051829908294237170e-01,7.890925202904380820e-03,1.115603620511380623e-01,2.407946012999186980e-01,7.695781651155650938e-01,3.970181930727673114e-02,7.146199462177009742e-01,3.977060182113811293e-01,2.049074571349229767e-03,1.118122440964736120e-03,2.098556221590377469e-01,2.271474742345038766e-01,2.449707444769657072e-01,2.701239183889063145e-01,5.930354773288014636e-01,4.049715142295399195e-01,1.976351294391981428e-02,3.603612974899905175e-01,3.376853408753662800e-01,1.517529724976449668e-01,2.845163889601801666e-01,1.664215734642496280e-01,4.199743381522611507e-01,4.051539044383806187e-01,1.200302387686072447e-01,1.637573910051299542e-01,1.535952995070778704e-02
2.735640584522536223e-02,5.807172315095199266e-02,2.385268392781288160e-01,1.482371638579630946e-01,4.957302907392990843e-03,4.712408902803849053e-01,6.176603984199433017e-02,5.570394323745595511e-01,3.618759295439484269e-01,1.947526700965402924e-01,3.519231160540102765e-01,0.000000000000000000e+00,2.491842316576370897e-01,1.044837220387047072e-01,3.141524116455381432e-01,2.194842087300044597e-03,1.575854062704208358e-01,4.598254455617650782e-02,2.202930216636495853e-01,3.799763566461602515e-01,1.016073574601079610e-01,2.399889609620517450e-01,5.452866693295399525e-01,2.846645644917457085e-01,2.227302199850428321e-02,2.671026798952575998e-01,3.284316406368468222e-01,3.127651867716258471e-01,2.812443368554723988e-01,2.783036949558623796e-01,3.455192961869718582e-01,1.419437308480561155e-01,2.932974625237023125e-01,4.304570915362893047e-01,9.471694826509022280e-02,3.040968589729124982e-01,4.076891284000505600e-01,3.729758560305472814e-01,2.067879900591862996e-01,2.089461913851063946e-01,2.231846182874263063e-01,2.824945466458308463e-01,1.560417562124156166e-01,2.512898608694882907e-01,1.227928071084660733e-01,4.117873901738194203e-02,4.893233452736028832e-02,1.812651136912462879e-01,1.943420417076873186e-01,4.985582357465844772e-01,1.140301889266661928e-01,4.580983977571663202e-01,5.028771122619946077e-01,3.610376319894196273e-01,2.669023569110288707e-01,3.565614301300051858e-01,7.050207662918955842e-01,3.046491550719303554e-01,9.899926947237094876e-02,1.363137814148901172e-01,4.137670634729562757e-01,1.093762400826531478e-01,2.737479750680151258e-01,4.660854390183355456e-02,2.002602802274581206e-01,5.335034828300828924e-02,1.435092041247744143e-01,2.924107164903330669e-01,1.832652278681762281e-02,1.242521464761695282e-01,1.314598576435842270e-01,2.942848021072654308e-01,1.519603779276186284e-01,2.752882388475852427e-01,2.023506664230874663e-01,3.528942000889941366e-01
1.022481629476270776e-01,2.729284610473816652e-01,2.312261594561873523e-01,1.610135658574972650e-01,2.343648485555685501e-01,2.070165224667238624e-01,5.007359900724849266e-01,2.088050030252861511e-01,2.583069678295857319e-02,1.067122444035573658e-01,9.409459027487437899e-02,2.491842316576370897e-01,0.000000000000000000e+00,1.495261659777434582e-01,2.578207461655813715e-01,1.215046667709806516e-01,2.154713276571750269e-01,1.871245737382251639e-01,3.666321062870320224e-01,2.506737932784914857e-01,9.072040793922564461e-02,8.201677693156506077e-02,2.027130662448431986e-01,1.473883381938646542e-01,1.167713258948608057e-01,4.080269642227780102e-01,2.216482022071328273e-01,4.509262556564415103e-01,4.439180059534567624e-01,1.597398599697864852e-01,4.548265046575744597e-02,9.777657047021257042e-03,1.514483088995003390e-01,1.029153945901193079e-01,2.197593270327731774e-01,3.717621575742385831e-01,3.615772801851244722e-01,9.789726888009470107e-03,1.096955568578097395e-01,6.455249978899488261e-02,9.826151108790837085e-02,5.240627519778022492e-02,3.458887798555425053e-01,4.660101894844520531e-02,5.880479182791560622e-02,2.186003350936840395e-01,2.184902156665796680e-02,4.266648458153912693e-01,1.712252250087146210e-01,2.957014072882024891e-02,1.488641975872580236e-01,3.357228094550762099e-01,1.473301364279306913e-01,4.140493452070459490e-03,6.495436092871650913e-02,3.321014988372752441e-01,4.386117862868601502e-01,5.250686555884623852e-01,1.761532217513021026e-01,4.709224701896231879e-01,3.752767905606602672e-01,1.373932341868208673e-01,2.085752258955393124e-01,5.364522638043802694e-01,4.627275785341592451e-01,4.701842520362439770e-02,4.041958871382097529e-01,5.546357010128150078e-02,8.655236155222001404e-02,1.147009351598730353e-01,2.011584542102092810e-01,2.829751066654906388e-01,8.482480058508440335e-02,1.088534675226644072e-02,1.956775267977610422e-01,3.801409545576755478e-01
4.941062312565024373e-01,4.287696928638162208e-01,1.775700138694725205e-01,1.453035404998457292e-01,3.366066128357478870e-01,3.932741540411188730e-01,1.137449188809315226e-01,1.742030908647508314e-01,1.658836291094166193e-01,4.063598529730443887e-01,1.081521370125539394e-01,1.044837220387047072e-01,1.495261659777434582e-01,0.000000000000000000e+00,2.548793561064042201e-01,3.490487659306383827e-01,4.813832670096981903e-01,4.319732603198930265e-01,1.590441924932085027e-01,2.285745534948885604e-01,2.273413548775028992e-01,3.947520898075181917e-01,6.910790973570271611e-02,2.654128656914434004e-01,4.501860158739450224e-01,2.310063981764461927e-01,3.493475827826882929e-01,1.647671105755754983e-01,9.038383539952016266e-02,7.900287941925290824e-02,7.286933877858361996e-02,4.214508453025604395e-01,3.367547794909257486e-01,1.738462576646895019e-01,3.348527571920724699e-01,3.864460410440582194e-01,2.671415953590789982e-01,1.105816179670524868e-01,3.384561699731657436e-01,6.960879404986068664e-02,2.053239736683754313e-01,4.636809450867199756e-01,4.110956963857692603e-01,2.646048866799470545e-02,2.182894762973023872e-01,5.038176670050089623e-01,4.520844504781181272e-01,5.353444038200790844e-01,4.523215190661821206e-01,2.549280600863115809e-02,4.546391129143810272e-01,1.215567644641687983e-02,1.866548761703193948e-01,1.563133207338840702e-01,3.607531442929909904e-01,2.810344837522676942e-01,3.612316441815460744e-01,3.692462632293377900e-03,4.057925665421826533e-01,3.903588688782595462e-01,5.083764182781034258e-01,5.185388201201156511e-01,4.088824846767921128e-01,4.094600189120928824e-01,3.704027579382084823e-01,1.361579858249712394e-01,4.541649126882963960e-01,4.184750689371481425e-01,4.275608385073935147e-01,4.754300997440698562e-01,3.828252107000144622e-01,3.165194846750539748e-01,1.487255693184871830e-01,6.558760082430101224e-02,2.935830302704238726e-01,3.830170039869919552e-01
2.402482043879237972e-01,3.911914326236054507e-02,5.553879658697788990e-01,3.449666116936343507e-01,1.702421426646923697e-01,3.231307287916351800e-02,2.494537775014677994e-01,1.067778228061224688e-01,5.240486263203028017e-01,1.755759844865445451e-01,3.129877815009661224e-01,3.141524116455381432e-01,2.578207461655813715e-01,2.548793561064042201e-01,0.000000000000000000e+00,2.409213464714589081e-01,3.444516442427750236e-02,1.945616572517834819e-01,4.447670625752923046e-01,7.786687490711641235e-01,1.762875262663083920e-01,8.182641430831790741e-01,1.001511367739877367e-01,1.278292788117538215e-02,2.439360920079685913e-01,7.195202719244508938e-02,6.260893343871296590e-01,3.480737370067529257e-01,1.325705847668373627e-02,3.910267200252216524e-01,5.359821653151665144e-01,3.840411988321712489e-02,5.692945937770164944e-03,1.973898139855564948e-01,2.677469431189746230e-01,2.125318547499013833e-01,7.558205952165210351e-02,2.017604730522350176e-01,1.569825346674980776e-02,1.242110127585000362e-01,4.867127282122550580e-02,2.938118302426335204e-01,1.744436731236401195e-01,2.419575719036586026e-01,5.036947462093624428e-02,3.374510727357548090e-01,5.068904637386667522e-02,4.954557635604887600e-01,1.161158415136182148e-01,3.027137075197816607e-01,1.421902836021188277e-02,2.580418092330046820e-01,7.996171153599185288e-03,4.862563410263283648e-01,1.358230428302465986e-01,5.872602396067635455e-01,4.689680918094223105e-02,1.783895360445319767e-01,1.772661442246077357e-01,7.572246865569141061e-01,9.441424465743980532e-02,3.975919920357523507e-02,2.496187260103172045e-03,3.854060923337951916e-01,6.874923419980722983e-01,2.083660319391309468e-01,6.738892642249995069e-01,1.363855859320164954e-01,4.790417024409715507e-03,1.050386746975290886e-01,8.440957077998634261e-03,6.557183729105904302e-01,2.403311013000790641e-01,5.816825275801151829e-02,1.799968241514621203e-02,1.719989372236659930e-01
6.311863033480662466e-01,6.257066712178684931e-01,9.266644032342417903e-02,1.467393207496432705e-01,7.157602290250150712e-02,6.709181558707538739e-02,4.659248180775376613e-01,1.057296990312843465e-01,7.178349599447159113e-03,6.184437782949162576e-01,1.841819038921013174e-01,2.194842087300044597e-03,1.215046667709806516e-01,3.490487659306383827e-01,2.409213464714589081e-01,0.000000000000000000e+00,5.324069301324880765e-01,7.309476931059402105e-01,1.986608024573399689e-01,3.682217994746705969e-02,4.547450287290253912e-01,4.041333990088522565e-01,1.975993362792854424e-01,7.088419733224775310e-02,7.287022448778069927e-01,2.780982021147826444e-01,1.399771187678738593e-01,3.504444599161959939e-01,4.501581013347013549e-01,7.091854526249091739e-02,5.105413865813719365e-01,8.067662942940967419e-02,7.528219388600623785e-02,1.749802465871211909e-01,1.928536095132984685e-01,4.097076048455878250e-01,2.084642309381992131e-01,2.542862594529079479e-01,7.945663955313872484e-02,1.078266118372748911e-01,6.803774502224146925e-02,1.164478498726664313e-01,1.938425458402093932e-02,2.588234657128541394e-01,1.686674035014723294e-01,6.489594800210664038e-01,4.226678551554498009e-01,9.888577084439914566e-02,1.555479410280913855e-01,1.262908476109091682e-01,2.835681086135104501e-01,2.120863873146619782e-01,1.458158122397953428e-02,6.027610732604299359e-03,4.674759067747611407e-01,6.117293003521795391e-02,3.859369938939933298e-01,1.588684252912012096e-01,1.034995086682283238e-03,1.610613858786477670e-01,5.744981001549539501e-01,3.375670867288021459e-01,4.737011336104681725e-01,9.842981229791511466e-02,5.358995154436635433e-03,4.819720562840890121e-01,2.895591197867029010e-01,1.109924955018694315e-01,1.046044603681342000e-01,4.429831108711653753e-01,3.128470257962379097e-01,1.572260871901462465e-02,2.503090483816246548e-01,4.269021505036225683e-01,3.221919250419970071e-01,4.419733859822382871e-01
4.386225789295821187e-01,6.182390841917262403e-01,2.556544602389687615e-03,3.103377122751597300e-02,5.595714321922068413e-02,2.613994127064809825e-01,5.139940330946550784e-01,1.764025619336511419e-01,7.758622680533783234e-02,6.125376677719832630e-01,1.311424517705764292e-01,1.575854062704208358e-01,2.154713276571750269e-01,4.813832670096981903e-01,3.444516442427750236e-02,5.324069301324880765e-01,0.000000000000000000e+00,7.098070483785139384e-01,2.176763574261519341e-01,1.500333712366142547e-01,2.078075017394617752e-01,2.342632226554708930e-01,1.798740486522105997e-02,3.582660540397484827e-01,6.155337672604471733e-01,5.106936055787804074e-01,5.486999084959090500e-02,3.922144133808785904e-02,2.470366376470007064e-01,4.535424197933608514e-01,1.046916396459818266e-03,3.283315808737907182e-01,3.082014013491535254e-01,1.688180368949760701e-01,1.399907111871198373e-01,6.334069497737445653e-01,3.424768381176244159e-01,5.058211380032060500e-01,2.642470971540039071e-01,4.942460648290067371e-02,1.758667347595008756e-01,1.494658436655862399e-01,1.741339965444766158e-01,9.853308371665392418e-02,3.593808713475438177e-01,3.947902408040886435e-01,3.558018834251824858e-01,1.282718083549051202e-01,3.875532054278303384e-01,3.157630807401679562e-01,5.439375447391940899e-01,1.370798437549555215e-01,2.871328817289656166e-02,5.074377627207901642e-02,3.056327431933500427e-01,7.078295494573191848e-02,4.343503682804122357e-01,2.966600104243660718e-01,2.507491619647277403e-01,6.999691567451116203e-04,5.703955180712538819e-01,4.632847319705976075e-01,4.156364643921297009e-01,3.732898604854137381e-02,1.260883456475114794e-02,5.550921912779532841e-02,2.044092921613593905e-01,3.039083658392726095e-01,4.062721206385773165e-01,3.835002351162868917e-01,4.081228731384836106e-01,6.687947757828671680e-02,1.693400360409685057e-01,1.982584552215118645e-01,3.558408187399031419e-01,4.236834332833274708e-01
5.891022467798259221e-01,8.195269280527839317e-01,5.919347220100559803e-02,1.085173406084000564e-01,9.395246403808596436e-02,2.629596637536852355e-01,5.258608332243491779e-01,8.885934088928656993e-02,8.270916835083567953e-02,5.598359460555615286e-01,1.328365366965717220e-01,4.598254455617650782e-02,1.871245737382251639e-01,4.319732603198930265e-01,1.945616572517834819e-01,7.309476931059402105e-01,7.098070483785139384e-01,0.000000000000000000e+00,1.671735255969021283e-01,5.480964506771301981e-02,3.762376463775827795e-01,4.533852233659068642e-01,3.312556124089940934e-02,2.271163347547777711e-01,8.104121912094773839e-01,4.677996828855462974e-01,1.230526361191211782e-01,2.734413195387827011e-01,4.095765690351215182e-01,2.379348340015477181e-01,2.038397747256385228e-01,1.042467651582189014e-01,1.254412223133547222e-01,1.071684110691288327e-01,2.222411284393596143e-01,4.278785263541125539e-01,3.155293112267680833e-01,2.814395410514728968e-01,5.990312407779072035e-02,8.633969705611591050e-02,6.849719533086867651e-02,2.043292319490748465e-01,4.003326839970472451e-02,9.095543111353951438e-02,3.730850676385173426e-01,6.303862099328106927e-01,5.927684050511058400e-01,2.100248062530288284e-02,2.800291452354015664e-01,8.824294595785232842e-02,4.635671231479100429e-01,1.302276538645215642e-01,1.070171059289497517e-01,7.065679219155893143e-02,3.935446552001983789e-01,1.899937141284883946e-02,4.523632679265034984e-01,2.483484328826448539e-01,1.879490307998891996e-02,1.496184997697670715e-01,6.751467592917868021e-01,4.552898079097409401e-01,6.412313779220554233e-01,1.863971768926397932e-02,1.844077334632143739e-02,2.788679419644800594e-01,3.510650865642858109e-01,2.532832705873656054e-01,3.336901394750610428e-01,5.237759049078647422e-01,4.584054182728740656e-01,1.038830806700484777e-01,3.444489200983418820e-01,3.306832940777806318e-01,3.708079084908692535e-01,4.151830011475849402e-01
1.102581322490548965e-01,3.618909835686914267e-01,7.543653149809668168e-01,4.250821865662993138e-01,6.434164887654830745e-02,1.014974724485328827e-01,4.907173940775891308e-01,1.762135612150343977e-01,6.687042001109178013e-01,2.223880963378430942e-01,7.048312897485935480e-01,2.202930216636495853e-01,3.666321062870320224e-01,1.590441924932085027e-01,4.447670625752923046e-01,1.986608024573399689e-01,2.176763574261519341e-01,1.671735255969021283e-01,0.000000000000000000e+00,5.770155852110273598e-01,1.467551584796250863e-01,3.856763061518772573e-01,3.499335618148901039e-01,2.378016065261914780e-02,2.805753228169274305e-01,9.786552410108570466e-02,5.166428029351139983e-01,1.261371134503855018e-01,2.511290993598239707e-01,4.381630757567210321e-01,2.777370638147007575e-01,1.444742033530902192e-01,2.986164509651090954e-02,2.009280645226434181e-01,1.712296358021981324e-01,1.034171386732271880e-01,9.436699629865741290e-02,2.411890356618204834e-01,1.646800201483598625e-01,9.943841371952014119e-02,3.438717198172186462e-02,1.462041215910352410e-01,2.189997606582491652e-02,2.203808912627032712e-01,6.154401401036777713e-02,9.655869730003489859e-02,1.469496875598913233e-01,6.293528514405514196e-01,2.760614890486143627e-02,4.957698240842332571e-01,1.664818554604151346e-01,1.247355750819219844e-01,1.237521979172272746e-01,5.872007365798863621e-01,1.037015156816201711e-01,8.076118633578360795e-01,1.271690772255535673e-01,1.263157910692987995e-01,1.257349446497134648e-01,5.342988360466465192e-01,1.558657539545544868e-01,7.350425735594351417e-02,1.755298385497555402e-01,7.749688816226275589e-01,5.555314977061588388e-01,1.211762325466784751e-01,5.420555174997184755e-01,2.230363311699246898e-01,1.640655230740406534e-01,1.527559662043693200e-01,1.288237332571657845e-01,5.362731792481851834e-01,3.201282665361762647e-01,3.189822609840194945e-01,1.731722235231383800e-02,5.485736329469526051e-03
8.159890274694292511e-02,6.097802204367291923e-02,6.456554616571164029e-01,4.512710721077761722e-01,3.377689328660440360e-01,1.923095717354152412e-01,4.537958621304828410e-01,1.066104895961895727e-01,6.141763446516705915e-01,4.399289478498843997e-02,3.719935136957380206e-01,3.799763566461602515e-01,2.506737932784914857e-01,2.285745534948885604e-01,7.786687490711641235e-01,3.682217994746705969e-02,1.500333712366142547e-01,5.480964506771301981e-02,5.770155852110273598e-01,0.000000000000000000e+00,1.083068824715222034e-02,8.440455890431118879e-01,1.962793546905909903e-01,2.118667366307054600e-02,1.034745875057027087e-01,1.816438228472899707e-02,7.823314734602583309e-01,4.397938946711630881e-01,4.147518093500468517e-02,4.933723669643635401e-01,5.801943611446401805e-01,1.351848671123823953e-01,2.045343834328353094e-02,3.165032805898044810e-01,1.896943886904751686e-01,1.163363525929558134e-01,3.149553413465664420e-01,2.483818731681138592e-01,1.682489193752979006e-01,6.316288108174453186e-02,8.436075921511816678e-02,3.226279494916742818e-01,2.135039615924182732e-01,3.816861524939965111e-01,4.825253003746726721e-03,1.419870477046410173e-01,9.781795458276565380e-03,5.917173266568216405e-01,6.097642633213198188e-02,4.466616522003903356e-01,6.512976117085678140e-03,3.613373156398521635e-01,4.006322649747401377e-03,6.383860220865026358e-01,4.996559751819140693e-02,6.607449238309575090e-01,1.562956954228798268e-01,1.496504545494202199e-01,2.000261734989357554e-01,6.989216741003729805e-01,3.025307819388017849e-02,1.115015887538834960e-01,1.068588827115801720e-03,4.692511375276237628e-01,8.770389590612961417e-01,5.360420028942802784e-02,7.887886063933986502e-01,1.799255762570954320e-01,5.498234409871649575e-02,1.258549764825509787e-01,1.512625924284971557e-03,8.449374309447150733e-01,2.125300486862068128e-01,6.610165038187731934e-02,1.141001316619724426e-01,3.186250327381878744e-02
5.620360128960285584e-01,4.697162195755436587e-01,1.372055812983254963e-01,1.177788513434289280e-02,7.786436793321527272e-03,3.418762508056935601e-01,1.102789616686055407e-01,1.931501243543373159e-01,1.089164106341242166e-02,3.397379704866931305e-01,9.425893773228749550e-02,1.016073574601079610e-01,9.072040793922564461e-02,2.273413548775028992e-01,1.762875262663083920e-01,4.547450287290253912e-01,2.078075017394617752e-01,3.762376463775827795e-01,1.467551584796250863e-01,1.083068824715222034e-02,0.000000000000000000e+00,2.328919315305343352e-01,1.573552535077558101e-01,1.750606638874308285e-01,5.167668434416733403e-01,3.888104386872735518e-01,1.673451672794096234e-01,1.329923425597112907e-01,5.604314074965893733e-01,3.017106862459431604e-02,2.101932434869926980e-01,1.201502035833816040e-01,6.953139206714856191e-02,2.093545938050921096e-01,2.215306160610059083e-01,2.072116948681457793e-01,1.474969625174638033e-01,1.867893844135576353e-02,2.194709959362100005e-01,2.713464680145212249e-01,1.962243295009389876e-01,1.157258825755644593e-01,7.389785455725800256e-02,3.226238237252985336e-02,6.811834345108308542e-02,4.775931568612965528e-01,4.181516842559768743e-01,1.406431505233897428e-01,4.659523093377808400e-02,7.816056146545431738e-02,3.838419225063489648e-01,2.095363213592436324e-01,3.783376006276598091e-01,5.880790763378535013e-02,4.585290685987254422e-01,1.369235860465223276e-03,1.104584200756649481e-01,2.999523427308324885e-01,4.963212959814378850e-02,1.690064881503164917e-01,3.225100770859313792e-01,2.717742634929297685e-01,3.170862914813250000e-01,8.932426114130850858e-02,2.480056440474337487e-02,7.646637352099415752e-01,2.534796867450547220e-01,3.692305709001693637e-01,2.116812551560378897e-01,4.872942510674474481e-01,3.885992372393038408e-01,9.317836328059586615e-02,3.601785870378452215e-01,5.004456493816391571e-01,3.349021633679393761e-01,3.304063332200433134e-01
