0.000000000000000000e+00,4.878759631566776389e-01,2.179080478695427925e-01,3.515163092944246781e-01,6.494696028810466315e-02,4.305166884663023108e-01,3.231324152854405662e-01,3.010271879277565121e-01,6.357946693973459684e-02,3.848809656530017276e-01,2.196978935087111617e-01,1.810851547473849577e-01,1.892441219223855997e-01,3.678837402479689933e-02,4.979015531384110016e-01,3.997543694799208236e-01,5.908750794615353907e-01,3.989952218817789387e-01,1.305059368864854574e-01,4.328634770045162172e-01,6.097735245794658754e-01,5.001934063117073892e-01,2.825952081727998166e-01,4.409314957246570632e-01,6.031301888305367065e-01,6.047224843530782934e-01,1.822416173670592110e-01,9.186832410887804667e-02,6.957183150442960429e-01,3.309210927035864391e-01,1.304878893775138216e-01,1.739921902908315166e-01,2.133336602853685149e-01,1.529377590483001481e-01,2.388956452944334674e-01,3.494392227772992188e-01,3.236668338763967201e-01,1.510450256655467283e-01,7.148732387739416272e-02,6.947999454582270973e-02,5.304627997688835528e-01,7.858544038004583454e-02,1.849334403088578188e-02,1.655174837418597056e-01,5.360544985830703602e-02,7.793582302892826386e-01,5.728876676225988507e-02,7.767321747419256295e-02,2.406353871212345563e-01,4.080089917415398726e-01,1.622296514846061077e-01,4.375834496412069063e-02,2.948155544147043061e-01,1.006307048528242432e-01,2.597884074628566409e-01,2.453080223118481173e-01,3.371420020700027220e-01,6.593005484751016110e-02,3.450735938070801923e-01,4.333589001803626051e-01,3.336554048227806102e-01,3.405130800253721723e-01,4.259491889724050240e-01,1.378683999369565982e-01,3.022042556474318076e-01,6.164318745869958871e-01,3.779169046376443797e-01,5.375034569754132407e-01,3.407960440687619608e-01,5.906956665343161550e-01,3.784348519278992740e-01,1.911926276985113915e-01,3.595853428999636336e-01,4.124787083562099776e-01,3.965048599502595805e-01,4.251954777691616116e-01
4.878759631566776389e-01,0.000000000000000000e+00,1.058235893591703558e-01,3.270356037106038616e-01,1.318991727964150262e-01,8.015413460745774987e-01,3.723916565241841559e-01,2.343711556229310933e-01,1.494125323566582453e-01,1.101793990627662478e-01,1.008388216391954556e-01,1.778454342132805288e-01,1.491933300586133493e-01,9.444703185238817467e-02,6.109383211676928660e-01,6.421838209060362068e-01,6.166731095542681285e-01,8.028112982874803238e-01,1.188670065341721482e-01,6.744976546576080256e-01,3.163336922526847061e-01,7.045957603764090305e-01,4.018131145922994030e-01,1.808612639837798297e-01,9.136828688802950404e-01,8.447432080248231667e-01,7.214050508576645981e-01,2.511783262837546937e-01,7.159420136683741775e-01,1.630907937932414217e-02,9.092812294407015550e-02,2.895669123173258974e-01,3.282076717363566210e-02,6.946071102645554052e-02,1.598713361746560424e-01,1.254575650510296181e-01,6.333032664876753204e-02,2.246816287197801743e-01,1.917823021043215670e-01,2.682261991170131754e-02,3.707583705870248769e-01,8.773773501001731756e-02,8.540837692999000974e-03,1.662604684809667055e-01,5.339725196418843023e-03,3.687893372743361042e-01,6.419619260808044903e-01,1.907982364537323117e-01,2.484854586058015680e-01,2.271376667470665911e-01,6.004719325711044275e-01,2.324282595679550145e-01,1.735001398619958057e-01,1.627664445459766074e-01,1.722894039829255819e-01,4.595634148727222035e-02,2.724757088606236111e-01,3.971534866034079903e-01,8.582691902716269028e-02,6.105065752549404534e-01,6.425320414739592589e-01,2.398020334701260747e-01,4.709902526826394431e-01,1.822632168491035431e-01,4.745066616128384984e-01,2.260146297910135549e-01,6.545140835180440764e-01,4.104218191537756799e-01,4.690780452966517022e-02,7.065775436281960253e-01,5.808805337408873282e-01,6.469705045237121865e-01,4.412599024564896055e-01,5.534464919845027975e-01,4.069263328184878625e-02,3.530630486833979953e-01
2.179080478695427925e-01,1.058235893591703558e-01,0.000000000000000000e+00,1.255935651907957515e-02,6.185669211726813055e-01,2.279899551403404834e-01,1.280889946158019488e-01,2.187524262980066747e-01,8.096748968078075759e-01,1.578172969932971348e-01,8.861558414787324978e-01,3.473258352600935295e-01,3.952019164902255688e-01,2.147464643876786927e-01,3.404468865110985010e-01,2.692482669067296219e-02,5.726727252596941486e-02,1.557487410838366837e-01,8.648993182798060397e-01,4.315491254425115053e-01,9.627064470889540315e-02,4.231161496895246010e-01,4.673008119591009479e-01,1.524029660172316614e-01,5.754092947903563515e-02,1.714681448536359287e-02,6.279336331454958842e-01,5.309525423388199439e-01,8.674106738086873047e-02,3.734287412675673656e-01,2.465010860763869605e-01,3.029036700723632958e-01,2.430517341791988140e-01,3.142375215786009923e-02,1.076212829830910933e-02,2.215439501509707809e-01,1.250790639592997133e-01,1.983565966012003634e-01,4.395165118715600450e-01,2.222055995046829935e-01,4.598629648781829560e-01,1.837502184124465143e-01,2.300958377405071253e-01,1.700675424461884910e-01,4.636803292932203946e-02,9.946566413555016362e-02,4.612601110399860982e-01,9.625200667424435030e-01,2.118305031293747642e-01,6.327894848354295165e-01,1.216049840021692086e-01,4.012458819255528275e-01,2.659739423371720868e-01,7.747686226318524216e-01,3.647291825394535225e-01,9.630882420673712030e-01,4.614974828343998414e-01,4.417362607567194011e-01,3.249766183127465458e-01,3.319209668370858290e-01,2.094599438086015009e-01,1.023051310098955363e-01,9.941042921192040638e-02,8.901838606407777021e-01,4.198683579537653698e-01,3.244517176341281672e-01,4.399618208643130690e-01,2.150847532852327437e-01,3.769984010699255206e-02,5.833108006931270184e-02,1.987175594763714304e-01,4.695677991029334475e-01,4.019802470490398960e-01,1.516248076907228404e-01,2.809678258104214565e-02,2.547381440485670390e-01
3.515163092944246781e-01,3.270356037106038616e-01,1.255935651907957515e-02,0.000000000000000000e+00,4.269831357860356946e-02,3.106453135274258592e-01,1.420511607977842372e-01,3.266594608336251260e-02,5.901902190584832480e-02,1.447153665706968351e-01,4.463735966082516687e-02,2.375427100468745500e-01,2.000769029103116881e-01,6.522131001044631504e-02,3.489662436878788743e-01,1.876746587500637276e-01,2.772346400694065682e-01,2.484549185386205339e-01,8.227482791930137984e-02,3.452594437063662425e-01,1.300421571365683315e-01,3.644944801254694777e-01,3.967143762519507316e-02,9.518887096184446006e-02,3.962369493645878094e-01,3.292841249121598590e-01,2.364767618671233806e-01,6.234975992378272158e-02,3.912563554903662477e-01,6.254378295539811394e-02,9.725821097546577532e-02,2.020034771442671684e-01,1.633716976527537224e-01,2.605656279811477960e-01,1.065077925578130080e-01,1.965262575610962348e-01,5.002300092556551947e-01,2.672986702219569133e-01,3.493699015488016535e-02,1.121831563728577230e-01,2.041128680869742085e-01,4.157578987007465310e-02,2.789386277530021552e-01,2.690404524444359180e-01,1.657051664168952831e-01,2.645721932442707258e-01,8.433199552269082799e-02,1.233790593508918981e-01,1.864477670743707183e-01,1.033819699542845860e-01,3.655762262704779220e-01,2.750462645127588757e-01,1.182960301220218613e-01,7.276209799696192748e-02,2.183587568432169834e-01,8.841415574930469590e-02,2.736464406260303850e-01,2.811418284808856471e-01,3.156585571673660717e-01,3.744624439125676107e-01,2.563546979376271628e-01,1.860769448410947990e-01,2.827391347425296519e-01,9.073505391345014492e-03,4.009928097282547399e-01,2.461009488210778584e-01,3.717102107480005913e-01,2.896573572605362634e-01,8.376049176185608458e-02,3.091245317903793532e-01,2.390558404308963658e-01,3.616347460477205566e-01,4.246879960011635258e-01,4.475407353397956034e-01,2.751068620744089865e-01,1.993780172851211674e-01
6.494696028810466315e-02,1.318991727964150262e-01,6.185669211726813055e-01,4.269831357860356946e-02,0.000000000000000000e+00,3.992336020539033470e-01,5.815855599615937788e-01,1.001716022950214502e-01,8.331032984786107543e-01,6.905558964761346341e-02,7.414509913439172317e-01,3.646463282191017008e-01,3.168195280722569951e-01,2.522685537821498514e-01,3.907353974001310792e-01,1.631049650055929612e-02,1.915819645074686994e-01,1.815388372533383310e-01,5.695001187985477831e-01,4.841298997755635325e-01,6.727586081912376170e-02,4.354072650621492180e-01,2.564008656528092844e-01,1.422346568653943821e-01,6.268585341958361756e-02,1.282704386180276990e-01,5.380546088574242880e-01,5.501039383555264006e-01,2.336811847387069152e-01,3.389597058667264684e-01,5.408024086005241982e-02,3.855840716266424884e-01,4.443760110906170291e-01,2.930211782806507737e-01,9.204967623070989258e-02,1.043272158705137731e-01,1.547627759755724752e-01,5.504128021656681802e-02,3.958221124421347770e-01,3.206628410634136950e-01,2.347673992999262937e-01,8.058938102919833979e-03,2.677074605739817592e-01,1.245786836694916938e-01,9.252411269689402029e-02,6.175075540882930814e-02,2.934267660907503017e-01,7.120848896445697296e-01,1.671851574512979999e-01,7.637797494224694006e-01,6.109702423252296594e-02,5.202280046682203896e-01,1.828687417897555123e-01,7.625133412079436734e-01,1.665926401674444057e-01,7.459360245847299620e-01,3.671345811522116476e-01,4.085842002729667133e-01,8.583726413010328571e-02,3.182430087642837968e-01,2.249576334814442358e-01,5.055334233421389378e-02,2.630124544737891257e-01,6.176478988019838967e-01,4.704702404530787252e-01,1.359079060230782010e-01,4.234679857141129822e-01,1.984715731072289047e-01,1.298744299867048424e-01,1.133768222403964132e-01,1.510172863237584095e-01,4.023954862861147674e-01,5.333233058474821098e-01,1.540855627170900632e-01,1.204356147481795841e-01,2.963650986060624160e-01
4.305166884663023108e-01,8.015413460745774987e-01,2.279899551403404834e-01,3.106453135274258592e-01,3.992336020539033470e-01,0.000000000000000000e+00,5.657523628835542384e-01,4.302308824966554202e-01,3.766115414755564772e-01,2.102662723173083781e-01,3.006420904176725362e-01,6.311220441239057122e-02,1.991599015254384430e-01,1.677700448166562497e-01,5.327717067277341068e-01,3.239407686807742603e-01,5.401228834744051799e-01,5.322351059757399749e-01,1.936105909650040480e-01,6.374929327711813531e-01,2.822268725958897440e-01,6.600335955124275733e-01,5.123996305330368317e-01,2.009071477524786986e-01,6.544999778033329108e-01,6.355781095326632490e-01,6.520703682996420447e-01,3.458353159225116547e-01,6.403801428899780213e-01,2.390291743654406886e-01,2.178183987679251088e-02,4.525901520031276881e-01,9.909912751522623187e-02,3.255846147897152876e-01,2.813029124728089192e-01,1.345429689718735666e-01,1.050342929477447590e-01,1.409503697004646783e-01,3.208695191071814778e-01,1.657612815144329510e-01,1.349884039439979144e-01,4.827255635110894172e-02,3.840469739598183219e-02,6.792654954172008819e-02,1.037348829976307146e-01,2.750727787417405201e-01,3.658840344111772835e-01,3.240166814035249643e-01,1.482325436724631906e-01,2.335107134486564748e-02,5.623542270166326240e-01,3.750491661692479384e-01,4.130185958587269668e-01,2.835982858524648820e-01,2.123362413550979322e-01,2.298939678490236893e-01,1.109770797352497285e-01,4.449823203861315579e-01,1.587496176886674104e-01,5.121621076849631748e-01,3.106134156478863040e-01,6.666695449355170000e-02,3.167911180204731614e-01,2.960572973358777116e-01,5.416329946581683874e-01,2.084065952154146306e-01,5.297609817139896649e-01,5.420094411447211602e-01,4.336317874200207312e-02,4.621994334154465589e-01,3.284709056685835016e-01,6.593608106583886963e-01,4.459371676628138825e-01,4.538702945157645496e-01,8.991225370866616495e-02,2.409619137470645212e-01
3.231324152854405662e-01,3.723916565241841559e-01,1.280889946158019488e-01,1.420511607977842372e-01,5.815855599615937788e-01,5.657523628835542384e-01,0.000000000000000000e+00,2.976134245784167742e-02,4.601733519394055061e-01,3.381413605832861435e-01,3.260138648692894603e-01,1.588627554210872705e-01,7.890145743812215784e-02,1.758532967349424048e-01,4.474527165633654380e-01,1.295118210870245257e-01,5.399731829375846726e-01,3.681002898963203207e-01,1.308712149398431890e-01,5.988578531145565265e-01,7.347247510462159847e-02,5.599087584253215066e-01,9.016600240213942796e-02,1.799090402316121107e-03,3.679912403916879016e-01,3.297385826015757915e-01,4.697724392959765072e-01,3.335438859289121538e-01,7.149801090317977614e-01,3.530431293889474964e-01,1.225328558241809418e-01,5.295237293544123869e-01,5.383457685117496450e-01,5.512065878397708341e-01,3.766250487516179524e-01,2.818059691345033979e-01,2.525413541090348879e-02,1.166246812666825727e-01,3.456093853066216637e-01,4.832720418689969155e-01,1.063275200374098478e-01,5.767294367893657098e-02,2.527441937612346923e-01,3.729163896144924856e-02,5.260270227807067878e-02,3.255050089624244025e-01,9.542057843681153728e-02,2.798679820573524157e-01,2.358324234167705757e-01,1.682340804896037267e-01,8.183613163212442865e-02,4.546899386619023820e-01,1.265188156351693682e-01,3.728109767393108509e-01,2.715238397303492146e-01,2.668165994545717012e-01,1.864047630810375389e-02,1.992393260505110619e-01,2.704009221395159979e-01,3.468566586226394799e-01,2.997193159919342431e-01,1.868156063617648632e-02,2.751827682701492583e-01,2.246446693751157075e-01,4.753029386276019230e-01,2.225649024777319740e-01,4.768490610452760792e-01,4.222329911012687731e-01,3.061814979547392568e-01,4.064677561243036918e-01,7.828194067519433919e-02,4.573411871158495901e-01,4.003178737226507078e-01,3.624968792747492730e-01,1.559199947320160096e-01,3.388682645726409093e-01
3.010271879277565121e-01,2.343711556229310933e-01,2.187524262980066747e-01,3.266594608336251260e-02,1.001716022950214502e-01,4.302308824966554202e-01,2.976134245784167742e-02,0.000000000000000000e+00,1.000153250023136098e-01,3.374256372986762509e-01,1.026440157357803029e-01,3.875933195501721218e-01,1.530691976571378343e-01,1.154512701713580891e-01,5.866006522470273987e-02,9.035626116358322357e-02,2.778279766269733941e-01,1.651867674223409244e-01,1.384207867063329267e-01,5.923697586333970255e-02,4.258350816030621599e-01,6.630543821364966173e-02,7.434085445051403784e-01,5.450546160453795252e-01,3.058088883115077650e-01,3.530460382934177410e-01,1.076159457282014065e-01,2.109970441864521262e-01,6.457534269288725537e-02,1.819019231580247253e-01,1.417932452363749318e-01,5.240067661895742718e-02,2.923182115108363677e-01,1.078711131293901282e-01,7.147750660389851074e-02,1.276434558027598198e-01,4.399786533083709095e-02,2.671050305095524768e-01,4.745326724831119836e-02,3.119623970683514380e-01,1.816160448326683552e-01,1.364297673681611756e-01,6.787263532132328803e-02,5.528518533966671200e-02,1.986359767714084290e-01,2.127991290302037597e-01,1.719328073974701054e-01,1.385724745300459249e-01,1.378140432645904578e-01,5.481796396593734133e-02,3.733720361228457518e-01,9.412629350881994428e-02,7.378159321946733407e-01,4.062618561373224080e-02,1.252701365389820021e-01,1.710667055215698285e-01,2.212970501842841942e-01,2.369013760722963879e-01,6.992971771855155394e-02,4.645617146992411794e-02,1.220786221637475966e-01,9.285477137022057903e-02,4.077598076417050799e-02,1.015030692980058991e-01,2.589230478225559851e-02,2.189615114884656266e-01,6.000550542453533809e-03,4.555063946972139899e-01,3.032140584553059126e-01,4.979682369505278317e-02,3.509882249224988149e-01,1.820221984084122169e-02,6.159811154995822879e-02,4.368292329140510688e-02,7.982467429354411781e-02,2.663082522768953075e-02
6.357946693973459684e-02,1.494125323566582453e-01,8.096748968078075759e-01,5.901902190584832480e-02,8.331032984786107543e-01,3.766115414755564772e-01,4.601733519394055061e-01,1.000153250023136098e-01,0.000000000000000000e+00,3.096501575168553178e-02,9.100242637060304007e-01,3.712396650820545263e-01,4.478180670747352043e-01,1.596327033203387702e-01,4.258240333746945439e-01,1.219335218970717255e-01,1.387500435249618413e-01,2.287381763901424059e-01,7.082911189285328035e-01,5.606819291826328211e-01,9.789259857439475132e-03,5.789128402446204191e-01,3.441026174615210431e-01,1.157995810180500185e-01,3.693148402954687937e-02,4.174013263922582428e-02,6.849429129484443379e-01,6.100066032133573124e-01,2.218955836034157691e-01,4.538434241700215477e-01,2.262119862650748825e-01,5.235931230202233166e-01,3.178129552726623452e-01,1.231543174312125927e-01,7.375487459649393562e-02,9.158127525751530440e-02,1.388022534099836447e-01,1.448353486165116499e-01,5.484404484955583969e-01,2.589906434695702364e-01,3.353765274425795084e-01,4.665901925659231286e-02,1.438510046584305369e-01,1.147956524604142048e-01,2.058067911805547268e-02,4.850683898425969809e-02,3.467077502948006651e-01,8.558308545022371705e-01,1.919633370768295266e-01,7.781658214021861530e-01,8.861990467039976282e-02,5.690544380149642478e-01,1.868486466422734082e-01,8.861389940521808839e-01,3.064481025893405763e-01,8.877169478933720770e-01,4.247016797130214738e-01,4.972056667115212769e-01,1.393986373474619400e-01,4.263678074646929939e-01,3.302983344159932666e-01,2.166426310934468913e-02,2.322103790381872812e-01,7.681717473318860900e-01,5.943846233935307088e-01,1.617290522477913828e-01,5.776848494182482696e-01,2.256381686152545141e-01,7.295489683378403312e-02,3.045278059520631353e-02,1.420755873958259030e-01,5.476879874646697344e-01,5.332745121953106349e-01,2.886066612726514435e-01,1.328802454058599092e-01,3.944792327467854798e-01
3.848809656530017276e-01,1.101793990627662478e-01,1.578172969932971348e-01,1.447153665706968351e-01,6.905558964761346341e-02,2.102662723173083781e-01,3.381413605832861435e-01,3.374256372986762509e-01,3.096501575168553178e-02,0.000000000000000000e+00,1.303374240431646736e-01,4.932101595823792928e-01,5.670693017921613066e-03,5.474927901490153626e-02,1.991991541686130851e-01,7.199219743083168366e-02,6.079421464596672653e-01,9.659344249990498010e-02,9.912657695439197614e-02,1.847410297570295235e-01,3.718481699035133814e-01,2.125513687877009228e-01,1.968259961613579301e-01,3.791596624968289753e-01,2.089576077734913162e-01,2.206140515887274334e-01,3.263126438843994004e-03,2.376787245661809433e-01,3.640125779638858639e-01,2.233469168610434097e-01,2.420116614009896194e-01,1.784581698585136211e-01,4.398359035801707728e-02,1.541257558967662755e-01,2.223048552554797164e-01,1.790796038438688398e-01,1.228007421754577222e-01,9.106347082979820984e-02,2.546518593640101358e-02,4.313644782518329113e-02,1.320592497653039210e-01,1.676918730039390348e-01,1.296029085718776452e-02,1.310415237075205075e-01,1.924174825716430948e-01,2.645382001043530829e-01,9.431058435270914253e-02,4.543468593018845647e-02,1.235890873939118756e-01,1.281484170934340805e-01,2.532900284093218823e-02,1.482812496135311187e-01,2.452899414923787047e-01,1.023201370771908980e-02,8.573975889863783006e-02,3.609249612219297965e-02,1.665256415543535096e-01,2.272900966404303724e-02,1.302565511070892801e-01,2.002679486085034988e-01,1.125925862753177076e-02,1.060739775902037607e-01,2.278984548947715627e-02,1.375992853957145046e-01,1.401751850775513064e-01,3.055010575739817713e-01,1.582464569581681635e-01,3.071993069693757517e-01,2.697636527500676951e-02,1.671804263825760195e-02,7.272562832608686634e-02,2.808981824581607833e-02,8.885634559455302117e-02,2.143913882182013897e-01,1.888870831328366140e-01,2.534742967216884191e-01
2.196978935087111617e-01,1.008388216391954556e-01,8.861558414787324978e-01,4.463735966082516687e-02,7.414509913439172317e-01,3.006420904176725362e-01,3.260138648692894603e-01,1.026440157357803029e-01,9.100242637060304007e-01,1.303374240431646736e-01,0.000000000000000000e+00,3.598267913974853016e-01,3.985276308029975789e-01,1.784388106279687081e-01,3.346804889280647899e-01,3.341664336867027074e-02,3.012656440479850872e-02,1.269597027517964383e-01,8.375077269847533978e-01,4.416685091948827080e-01,1.038551163953937706e-01,4.011630245161813546e-01,3.633193295469334116e-01,1.493440325559638321e-02,2.864319032694924438e-02,2.224019166973559281e-02,6.714815400496212394e-01,5.082755915330724461e-01,5.946451365946978096e-02,3.132713762827114001e-01,1.087062529953938539e-01,4.483302214526062590e-01,3.902625305884951379e-01,1.836269306964955772e-01,9.740349939889333952e-02,1.793140969499039394e-01,1.410853354243393198e-01,7.918611559156808755e-02,4.950711344942688719e-01,2.699517299376908985e-01,4.225633180439595793e-01,8.051873032979679767e-02,2.105516432703314900e-01,6.840541091764600068e-02,1.046888448656606435e-01,1.825706192679865669e-02,4.702290771338309416e-01,8.982236221898696193e-01,1.801329951920107031e-01,7.334878439019404395e-01,1.210644307382314211e-01,5.131488379207151951e-01,2.179797405561668955e-01,8.690729783214454773e-01,3.056323491352749278e-01,9.436958934467749582e-01,4.037464630028382295e-01,4.171408614370986090e-01,2.183415898463443583e-01,3.283681653326796512e-01,2.601847823986563335e-01,2.400964154288436070e-02,1.672146748157759544e-01,8.664786055188066216e-01,4.688138081157989800e-01,2.275877761279738176e-01,4.709117286048562501e-01,2.190260966525323094e-01,1.353329130414489545e-01,3.738792268135643360e-02,1.217318944659859237e-01,5.343803233556793097e-01,4.425072216699756922e-01,1.897458421017176877e-01,3.844640178028448790e-02,2.451678575716619291e-01
1.810851547473849577e-01,1.778454342132805288e-01,3.473258352600935295e-01,2.375427100468745500e-01,3.646463282191017008e-01,6.311220441239057122e-02,1.588627554210872705e-01,3.875933195501721218e-01,3.712396650820545263e-01,4.932101595823792928e-01,3.598267913974853016e-01,0.000000000000000000e+00,2.966308441309442601e-01,1.828125792970989039e-01,9.102121710022219314e-02,1.130540884965565568e-01,5.418022822518905879e-02,1.402509871387875307e-01,2.754270052309637506e-01,1.664127494261301021e-01,8.968824429688010413e-02,1.032061752189803172e-01,3.230655629539845308e-01,3.641459352657810400e-01,2.381179244410293605e-01,1.532078677046671000e-01,1.720045361480479207e-01,4.708629772016276194e-01,6.713054956663024042e-02,2.669553979337626060e-01,2.433808293902856579e-01,2.962884621276538066e-01,2.285406283025335217e-01,2.473543526980097329e-02,4.962165045061953106e-02,1.588400867927096116e-01,1.574831023028455124e-01,2.963780719130040264e-01,3.173026833094164112e-01,7.682022110564849793e-02,2.824445455277074801e-01,1.460211122468592360e-01,1.895041052563981310e-01,4.912127216903816596e-02,9.120412703263358623e-02,9.246090234748534364e-02,1.469636155647591480e-01,3.376019492245769249e-01,1.490621482406812026e-01,3.733499532973113544e-01,2.477876743497084422e-02,2.361613456214522733e-01,2.615773679170841359e-01,3.576617242672424646e-01,3.528848446170885222e-01,4.115048778161838339e-01,7.724611604951848731e-01,2.359246160441001994e-01,2.198404758570903228e-01,8.098249085238712341e-02,1.018580551278524260e-01,1.654125955733836972e-01,1.671843162512852421e-01,2.295480906560969370e-01,1.845689170672583646e-01,1.729271535121767456e-01,1.335744729362577932e-01,5.402096483691160023e-02,3.658010469408079501e-02,3.638483301347940069e-01,7.841660120756371866e-02,5.723030560070276052e-02,1.354925815018931945e-01,3.802292444743393673e-05,1.511620655553399736e-02,1.862908091364791074e-01
1.892441219223855997e-01,1.491933300586133493e-01,3.952019164902255688e-01,2.000769029103116881e-01,3.168195280722569951e-01,1.991599015254384430e-01,7.890145743812215784e-02,1.530691976571378343e-01,4.478180670747352043e-01,5.670693017921613066e-03,3.985276308029975789e-01,2.966308441309442601e-01,0.000000000000000000e+00,7.443842511415532659e-02,6.972368699120165547e-02,4.269120616437388493e-01,2.443703353286822422e-01,3.690076686467817502e-01,3.985597440767312261e-01,4.436800590039743919e-02,9.897550553709708043e-02,1.099733443538105371e-01,3.153640864281070377e-01,1.416163346215666419e-01,5.926566857269102706e-02,4.748815081879809163e-02,2.832932324754388609e-01,6.580268517107537019e-01,8.030158742296900076e-03,3.768220970792220959e-01,4.687242749814351517e-01,1.928206878341567898e-03,6.782009751090135874e-02,3.921801532149671310e-01,2.013871563608249926e-01,2.757710574709534845e-01,2.111245970145125550e-01,1.996913116121225296e-01,1.376750693789953461e-01,6.646747070773983967e-02,1.287686829366732066e-01,3.114711085758721520e-02,1.476230196861963440e-02,2.075385867761732617e-01,2.433020846568588469e-02,8.972452070089935450e-02,3.675132019876354850e-01,3.101881821654250970e-01,3.205619680444944386e-01,4.336071821627442979e-01,2.053943609083336563e-01,3.025342619170136027e-01,2.634684754549321273e-02,3.553610530992172833e-01,5.127106004799182326e-01,4.007805407921071206e-01,4.238058341972497090e-01,5.858443690389202319e-01,3.631286729560337934e-01,5.950750557525485984e-02,2.712369746709794582e-01,2.782487366430811404e-01,1.726515634529930676e-01,2.497344680055588184e-01,3.010134313978998777e-02,2.335394215265613749e-01,1.275597857101156696e-01,9.464252768347000688e-02,5.597825666873335916e-03,2.058969728160728319e-02,2.285982099273893287e-01,1.359068308796106961e-01,2.359454187357407640e-01,1.810097434332339217e-01,9.649212188594960549e-02,2.267512726995328798e-01
3.678837402479689933e-02,9.444703185238817467e-02,2.147464643876786927e-01,6.522131001044631504e-02,2.522685537821498514e-01,1.677700448166562497e-01,1.758532967349424048e-01,1.154512701713580891e-01,1.596327033203387702e-01,5.474927901490153626e-02,1.784388106279687081e-01,1.828125792970989039e-01,7.443842511415532659e-02,0.000000000000000000e+00,9.585974361177235226e-02,9.874647387564530754e-02,3.005938113446684698e-02,5.333807605733084656e-02,8.627928261107614683e-02,1.626364644955153593e-01,2.174799918928629616e-01,1.109749249805333099e-01,2.813376315420205165e-01,4.995453154802510787e-02,5.881788858288954785e-02,7.943250544061472573e-02,2.449171030531099857e-01,6.661830773382727833e-02,6.275722204241400773e-03,5.876348241326816157e-02,1.259108695182234450e-02,1.229713192081329509e-01,3.552696658173676858e-01,1.919920927253833398e-01,1.059979044864095554e-01,2.187215641858172022e-01,1.298200571471291864e-02,1.557521800466012962e-01,8.749620343661913824e-02,3.176135213558274328e-01,2.040730316881211870e-02,4.134019827757679649e-02,1.960692249448313385e-01,6.638780857827855653e-02,7.296620440845433264e-03,2.103574065456643993e-02,1.790772630619485994e-01,2.020803841312895921e-01,1.168014761970890131e-01,2.096930008701353154e-01,2.558574572347422499e-02,7.600338683872366607e-02,1.578519693894342435e-01,1.379746466669019567e-01,3.877722581130017832e-02,2.724385648825801698e-01,9.446652143684895753e-02,7.219838750613133405e-02,1.797552094573979797e-01,6.490095053966003086e-03,4.188609100758366316e-02,2.337072441227562303e-01,7.803596939489029771e-02,1.147660834318835338e-01,1.042139408387185856e-01,1.475673533969028561e-01,1.254333453837491175e-01,1.846879234074297604e-01,8.253219262130739864e-02,2.282551206401559618e-01,3.178708505896240405e-02,1.369772691750283378e-01,4.006785616734513666e-02,8.194694010330838552e-02,5.160256338171790441e-02,3.382452318668209557e-02
4.979015531384110016e-01,6.109383211676928660e-01,3.404468865110985010e-01,3.489662436878788743e-01,3.907353974001310792e-01,5.327717067277341068e-01,4.474527165633654380e-01,5.866006522470273987e-02,4.258240333746945439e-01,1.991991541686130851e-01,3.346804889280647899e-01,9.102121710022219314e-02,6.972368699120165547e-02,9.585974361177235226e-02,0.000000000000000000e+00,2.568119519761729586e-01,4.361978064817238487e-01,4.702093978864000934e-01,2.604853480095889462e-01,8.374657886046935618e-01,2.999756301596783747e-01,8.987007210853424910e-01,2.773265989339136484e-01,2.113537021766604407e-01,5.449325002417486630e-01,5.364351469973087649e-01,5.975825701577014426e-01,4.083660767389865054e-01,6.098205633282707261e-01,3.136894555873629975e-01,1.051815305345053242e-01,4.957859235458887404e-01,3.087140784228286639e-01,3.685903551768530129e-01,3.242401300719625068e-01,1.327809718617305734e-01,9.457448525095311920e-02,2.143975255880489483e-01,3.549499573216935988e-01,2.915681830423581533e-01,1.155694692045411420e-01,8.178695554472438511e-02,1.102216079879385913e-01,5.343873565616799604e-02,1.533877151260407135e-02,5.340318980861198384e-01,3.539972138718822103e-01,5.019231789717812919e-01,1.409104293702351518e-01,1.314695537602329767e-01,3.598895672682021485e-01,4.733657602905058104e-01,2.336446934944612641e-01,4.966792103420229476e-01,1.036015080591103921e-01,3.103458672880937130e-01,1.747354182775544273e-02,3.304647202864747779e-01,1.906244590252758608e-01,8.305530511020980944e-01,5.178007613624220351e-01,2.065704721915181119e-01,5.669593822849984255e-01,4.258294984928313043e-01,7.738631457997442453e-01,3.172118432812433553e-01,8.157532483274270163e-01,5.437901931369122366e-01,1.607068503052759556e-01,4.789056308188174294e-01,4.163471836979182883e-01,7.225444329584246317e-01,6.859935476926257714e-01,6.733195152656272775e-01,1.608984257002873675e-01,5.622460308471709522e-01
3.997543694799208236e-01,6.421838209060362068e-01,2.692482669067296219e-02,1.876746587500637276e-01,1.631049650055929612e-02,3.239407686807742603e-01,1.295118210870245257e-01,9.035626116358322357e-02,1.219335218970717255e-01,7.199219743083168366e-02,3.341664336867027074e-02,1.130540884965565568e-01,4.269120616437388493e-01,9.874647387564530754e-02,2.568119519761729586e-01,0.000000000000000000e+00,6.430131063313559991e-01,8.104702254488290736e-01,1.556443122225308340e-01,2.711487327791520796e-01,3.732613927909597118e-01,4.172750674725955733e-01,1.450639237997341513e-01,1.997922458246090271e-01,5.716703966821319316e-01,6.023639768487072388e-01,2.921822245574159371e-01,3.688239359632798364e-01,4.688166388483149261e-01,2.726650246993796989e-01,5.911606161188220909e-01,7.633311156480582227e-02,3.124989761972692959e-01,4.654974164268357306e-01,1.743576058844577559e-01,6.459703426577012575e-02,4.496324205426552312e-02,1.014655011309739674e-02,3.930816364767898002e-02,2.687934311858093950e-01,4.206958566737945548e-01,6.819102357833672912e-02,1.286349436417770220e-01,1.565121070561171224e-01,1.995695078902214314e-01,3.903117736293454376e-01,4.186414336858855223e-01,7.385265800578930118e-02,3.806359963492204207e-02,1.014759872856747791e-02,2.259746996414555287e-01,1.986902473821891280e-01,9.618014907275282410e-02,1.347968500742410536e-01,1.851927012483412793e-01,2.177580950420486550e-02,4.450090266676102330e-02,4.282554961346374256e-01,1.275287716573545449e-01,3.803739460643123516e-01,7.865876231600117396e-01,5.573066521561047537e-01,6.506094356106191245e-01,6.950434882833955719e-02,1.766310202496811921e-01,7.908969857080605514e-02,4.251622838435791252e-01,1.952237745466068458e-02,2.027413346709051600e-01,4.352626427570734369e-01,5.523797756945116877e-01,2.509634030343492750e-01,3.745518247383444188e-01,4.695443363561209171e-01,2.503216827245797749e-01,5.971207295659206604e-01
5.908750794615353907e-01,6.166731095542681285e-01,5.726727252596941486e-02,2.772346400694065682e-01,1.915819645074686994e-01,5.401228834744051799e-01,5.399731829375846726e-01,2.778279766269733941e-01,1.387500435249618413e-01,6.079421464596672653e-01,3.012656440479850872e-02,5.418022822518905879e-02,2.443703353286822422e-01,3.005938113446684698e-02,4.361978064817238487e-01,6.430131063313559991e-01,0.000000000000000000e+00,6.849900448559630428e-01,5.980224979538496799e-02,5.065426450923786739e-01,4.304018441065840528e-01,5.582355226538981974e-01,2.195596544412714846e-01,3.011046983669318222e-01,6.455781520928208783e-01,6.251290068557191493e-01,2.580363788595476660e-01,3.485151479655042572e-01,7.366464519460187432e-01,2.890652709836817880e-01,4.077731655711137049e-01,1.358914460092851550e-01,1.058429912547694807e-01,9.553905593635836357e-04,1.245009431455498389e-01,2.326638905169569616e-01,2.048506791825000228e-01,1.287726612594444209e-01,4.368377193466069230e-02,7.086361946983671389e-02,3.351917851648489322e-01,7.946873860219898222e-02,5.442946809199486480e-02,5.007003782841079609e-03,1.069305597141016057e-01,5.114820923296528044e-01,1.585015324149397220e-01,1.020017625301408437e-01,6.140870545040565120e-02,1.094401942231756353e-01,3.734534576115552396e-01,3.708183396023517209e-01,1.805872167795765926e-01,1.443051202275595357e-01,7.766874555376818146e-02,3.127056636803571266e-02,1.996578725034813262e-01,4.314306882114257169e-01,1.548708964519898146e-01,4.889296443356117017e-01,4.867794546709926506e-01,4.609182856453641897e-01,5.189498978863904544e-01,2.151179577710241042e-02,3.665191686805203131e-01,3.590881818905501399e-01,4.557610147981631110e-01,3.983672236769395525e-01,6.069892080229857823e-03,3.488847218261105221e-01,4.109379317128279974e-01,3.432358218033323416e-01,4.660290831214725094e-01,5.860148835756973096e-01,2.405604587035261588e-01,4.407987391560016510e-01
3.989952218817789387e-01,8.028112982874803238e-01,1.557487410838366837e-01,2.484549185386205339e-01,1.815388372533383310e-01,5.322351059757399749e-01,3.681002898963203207e-01,1.651867674223409244e-01,2.287381763901424059e-01,9.659344249990498010e-02,1.269597027517964383e-01,1.402509871387875307e-01,3.690076686467817502e-01,5.333807605733084656e-02,4.702093978864000934e-01,8.104702254488290736e-01,6.849900448559630428e-01,0.000000000000000000e+00,1.892857164187350671e-01,5.617124392420040913e-01,3.249527774836752370e-01,6.527369079051885681e-01,2.510466439197833743e-01,2.192348464005819952e-01,7.856582287469351389e-01,7.171364569466702754e-01,5.032037617561876397e-01,3.858076059586406092e-01,6.204448058149119039e-01,2.890846996935042545e-01,4.008705579243221351e-01,5.702914534793668278e-02,1.891921211647550061e-01,1.603431023274776435e-01,2.379213985133352138e-02,1.774407963040161573e-02,7.126904955886949333e-02,1.371236740640002227e-01,6.650342622117447200e-02,1.609426011369102516e-01,3.157805245425540086e-01,6.780366996584932804e-02,6.286364757911136469e-02,1.419614723049369143e-01,1.566284662984563092e-01,3.521686157602661460e-01,4.812447454426874160e-01,2.114369554753113833e-01,7.536981301308907921e-02,3.592497115039421096e-02,4.315893238011788702e-01,3.943151805808319255e-01,5.787016628461689322e-02,2.686863084981336858e-01,3.789117720076948248e-02,1.516477643472542436e-01,1.371464892372400712e-01,5.051130350749346576e-01,3.724717236436997370e-02,5.361590525278453478e-01,7.834523328963389766e-01,4.754510156225026929e-01,7.256469138782288830e-01,1.742053052744767516e-01,4.068736216408646578e-01,1.407227183517431035e-01,5.704063511319352742e-01,2.166042597394816083e-01,1.629567287379122820e-01,5.531680343579424841e-01,6.235973736538211742e-01,5.560923968346288548e-01,5.701019736875005961e-01,6.462265957301425168e-01,2.019357568244233014e-01,5.448884960203027594e-01
1.305059368864854574e-01,1.188670065341721482e-01,8.648993182798060397e-01,8.227482791930137984e-02,5.695001187985477831e-01,1.936105909650040480e-01,1.308712149398431890e-01,1.384207867063329267e-01,7.082911189285328035e-01,9.912657695439197614e-02,8.375077269847533978e-01,2.754270052309637506e-01,3.985597440767312261e-01,8.627928261107614683e-02,2.604853480095889462e-01,1.556443122225308340e-01,5.980224979538496799e-02,1.892857164187350671e-01,0.000000000000000000e+00,3.548694360625092026e-01,4.542980622685874326e-02,3.908413276236720191e-01,3.970000661537798625e-01,1.888396623550522568e-01,1.845638012010336615e-02,1.446698149760120011e-02,5.483955304065581959e-01,5.457899098467573484e-01,1.300730275600039954e-02,3.782525448901773446e-01,3.728071754839440421e-01,2.110757774867535741e-01,1.369297257247870381e-01,1.139517604385390792e-01,4.959030108705689277e-02,2.944849551574099111e-01,1.645811641186536445e-01,1.345502786961784158e-01,3.117556650884669711e-01,9.994602370814203995e-02,3.009326297388756344e-01,9.582158465343020015e-02,2.639592022660348647e-01,1.596763491696417958e-01,3.776750619160756939e-02,4.550621605784718748e-03,4.724157650097937644e-01,7.901883321846335795e-01,3.215269325019178281e-01,5.559064521189560626e-01,1.608546893624316632e-01,3.631490619904073069e-01,1.497524868500325623e-01,6.987264784864261058e-01,4.446575722929544394e-01,8.462438374148509856e-01,4.317181663574495287e-01,4.428612652799090998e-01,2.624429194316330594e-01,3.260698730495421582e-01,2.617247589112690065e-01,9.032132452341304352e-02,1.739688779203441837e-01,8.879299239616991191e-01,3.228410063323863266e-01,1.997359308715789261e-01,4.030367261566686343e-01,1.790793300776469532e-01,6.554677926603645621e-02,2.404944183195961704e-02,2.171354663672727947e-01,3.699488323877885843e-01,4.021548152808488430e-01,1.768640236598240101e-01,5.672884011277076755e-02,3.521679580127280440e-01
4.328634770045162172e-01,6.744976546576080256e-01,4.315491254425115053e-01,3.452594437063662425e-01,4.841298997755635325e-01,6.374929327711813531e-01,5.988578531145565265e-01,5.923697586333970255e-02,5.606819291826328211e-01,1.847410297570295235e-01,4.416685091948827080e-01,1.664127494261301021e-01,4.436800590039743919e-02,1.626364644955153593e-01,8.374657886046935618e-01,2.711487327791520796e-01,5.065426450923786739e-01,5.617124392420040913e-01,3.548694360625092026e-01,0.000000000000000000e+00,2.190602243549350792e-01,9.975405805386016178e-01,3.044676273874797889e-01,1.728363635769054607e-01,5.846357137725246567e-01,4.702748370888476526e-01,7.461114989599718639e-01,4.592332118784586137e-01,7.036788531791273726e-01,3.556050725682692315e-01,1.501622522324750630e-01,6.005867781659478544e-01,3.789266996726918801e-01,3.686912610084653319e-01,3.292546996140702231e-01,1.564662689312854571e-01,1.351285891970462893e-01,1.852257342636479398e-01,5.051345909137647805e-01,3.503693377317171898e-01,1.925358455010128117e-02,9.031332857810220327e-02,1.271787473082437447e-01,7.537746847413509532e-02,1.147243635965594366e-01,4.599050341748837645e-01,4.477955771509022354e-01,5.738114863850123371e-01,1.485477129342205049e-01,2.082700084668172302e-01,3.718161750075774097e-01,5.534065417312609148e-01,2.170343776340012132e-01,6.158491193737277714e-01,7.789996184156341985e-02,4.086936355248384500e-01,8.592006494396671468e-02,4.434179689946739500e-01,1.452693893145587944e-01,7.560030284280623292e-01,6.446492868246354035e-01,1.375910595453590513e-01,6.242789104956705248e-01,5.105197716446603362e-01,9.234576395309117558e-01,2.224755455624347900e-01,9.484801053671301219e-01,4.946073029117602493e-01,1.833760551394000848e-02,5.071695025013779334e-01,3.739163960482800309e-01,8.383249391028899655e-01,7.272071946290481481e-01,7.720769885367684271e-01,1.722666289235800230e-01,5.402760126692864873e-01
6.097735245794658754e-01,3.163336922526847061e-01,9.627064470889540315e-02,1.300421571365683315e-01,6.727586081912376170e-02,2.822268725958897440e-01,7.347247510462159847e-02,4.258350816030621599e-01,9.789259857439475132e-03,3.718481699035133814e-01,1.038551163953937706e-01,8.968824429688010413e-02,9.897550553709708043e-02,2.174799918928629616e-01,2.999756301596783747e-01,3.732613927909597118e-01,4.304018441065840528e-01,3.249527774836752370e-01,4.542980622685874326e-02,2.190602243549350792e-01,0.000000000000000000e+00,3.399629809707074846e-01,3.683712630685980205e-01,3.982634864347047721e-01,4.821111334842595464e-01,3.235918194065964260e-01,1.098483728798743120e-01,2.751754556301604371e-01,4.472277321729719035e-01,4.425160868589919083e-01,3.709409880534995096e-01,8.215437261691993509e-02,3.126144818505890988e-01,1.514690954375883802e-01,3.601264800936196386e-02,1.412556428812677956e-01,1.965461898149456488e-01,1.254876590451148299e-02,2.191352573579082863e-01,3.369610344559896831e-01,3.159568809587002258e-01,2.043660370586418973e-01,6.860256709432785427e-02,1.519278053678772000e-01,1.387995678459587878e-01,5.758388575495754225e-01,1.759815284282956194e-01,6.948502030287104225e-02,1.532947829471171530e-01,1.977799137552883613e-01,1.907572119660418675e-01,1.339076896496086133e-01,3.845146858913656707e-01,1.230247248482879696e-02,1.345360481489488724e-01,8.791723337390694448e-02,5.979146406009824832e-02,7.788886401704955831e-02,1.411929050502890026e-01,3.674170298752086894e-01,2.650099013777720836e-01,3.924191981864230128e-01,2.671650242421976240e-01,3.408508531542156494e-02,2.118947763144866936e-01,6.848518584871184922e-01,2.978136696363008484e-01,4.109218396687490116e-01,4.276774392893780696e-01,3.647522076918413569e-01,3.802211582113207977e-01,1.204369493097506294e-01,2.633780275746407384e-01,4.278965220986421514e-01,4.260598129826769775e-01,4.317188009324504083e-01
