0.000000000000000000e+00,5.872613925558631820e-01,3.461410358623120964e-01,9.645142001318823821e-02,4.246247773826434257e-01,3.082722269832869899e-01,3.407321517878388883e-01,2.807488250262284990e-01,2.148245373088772392e-01,1.402595450128767129e-01,2.770872507229805715e-01,2.444231332067141604e-01,2.245722264715624417e-01,2.468972620067640955e-01,5.371628888771728949e-01,4.182464810575158842e-01,1.679875337551119951e-01,9.010648016105474167e-02,2.483732940731344374e-01,6.633093241225898051e-01,6.446342057541353254e-01,6.879460658992649913e-01,2.168006285821011958e-01,6.122703175981950574e-01,4.030652138713326504e-01,6.594633678235091168e-01,4.181089166642745769e-01,2.897664612119789096e-01,5.759785464371423025e-01,4.362427061718011090e-01,5.760150546047687614e-01,3.430700120562760747e-01,2.391334086724491437e-01,6.709470599052147488e-02,7.255813130199791072e-02,1.682521723535050084e-01,3.440975529823515622e-01,1.094546474704558986e-01,3.266107266846425272e-01,3.258793824924768878e-01,1.952719826377197210e-02,6.211882271669709465e-02,1.763359590243826769e-01,1.380525760480146302e-01,4.295272544984131691e-01,8.033058106314540092e-01,4.774132859584822031e-01,2.797366570442557654e-01,3.100174751398358519e-01,4.960966971300020956e-02,3.169961837474563615e-01,2.161494298166801720e-01,3.077919285513900371e-01,3.893398739641245054e-01,2.369434015114024739e-02,3.235775151726354437e-01,9.973179911280610765e-02,3.867586055774394072e-01,1.104967168444887932e-01,6.132622817777899638e-01,5.069958394974842797e-01,1.467361027045198940e-01,3.858692045806539905e-01,2.353697930907562297e-01,5.632861045567714164e-01,6.428629233580487323e-01,6.225211911540073917e-01,2.910955244004452824e-01,5.570046674232675965e-01,6.785780744000099451e-01,6.806872236793612974e-01,3.888997660362166764e-01,3.357006565310140522e-01,4.728566463808616671e-01,5.415857690607203123e-01,5.557157111411007433e-01
5.872613925558631820e-01,0.000000000000000000e+00,3.652921201925128369e-01,7.878319140634656992e-02,3.925237081060382049e-01,5.736111900339239122e-01,5.553558075846286579e-01,2.136831194260412903e-01,1.734652765728994239e-01,5.603008006561057686e-01,1.434014072933565420e-01,6.106498922404263174e-01,5.739208186084958641e-01,1.590841898355616069e-01,6.501557775151909357e-01,6.014639672032924267e-01,5.734806211907929052e-01,6.705858206864373505e-01,2.153135568969804514e-01,8.119999788682108477e-01,6.699264581219643855e-01,8.192833871297944270e-01,2.706874573923647720e-01,6.427167970143730091e-01,8.804998039296175749e-01,9.262456779911033555e-01,6.040301455140817399e-01,5.831294967254356809e-01,6.592560075215330162e-01,2.398095880148399806e-01,5.971687053939587209e-01,7.555287391085682702e-02,1.626528956684710203e-01,3.023688061732832111e-02,3.803952148043184683e-02,9.801349670196791986e-02,2.420527406278704108e-01,2.268476589835647650e-01,8.922232629894008560e-02,2.515373098733026946e-01,2.316732030874041337e-03,8.663721437902005551e-02,1.784945525178612269e-01,3.236379925422002563e-02,2.200615829127127443e-01,5.895370550537704091e-01,8.923224144395286439e-01,2.889965256150891504e-01,5.500397845011312237e-02,3.770653364288613363e-02,6.967934782603771859e-01,1.302988177157516358e-01,3.865272414273963619e-01,3.027102352267774243e-01,4.396269060639829140e-01,2.192426695525692137e-01,5.727575927742946105e-01,5.476154856289330297e-01,1.492723034355772638e-01,6.478621498583554406e-01,6.929197543043980057e-01,5.867368017120440093e-01,6.162107307648039267e-01,2.250863525331678050e-01,6.638491145627420931e-01,5.431612763569535485e-01,8.269390676803758389e-01,3.548069367327120749e-01,5.306540477014114465e-01,8.984945052517991915e-01,8.052676662008240172e-01,6.593339452968980385e-01,3.050359085040363905e-01,5.418784975071884169e-01,3.097300698650631290e-01,4.542383472027737845e-01
3.461410358623120964e-01,3.652921201925128369e-01,0.000000000000000000e+00,4.285043172324399241e-01,5.681868189664308622e-01,6.072831946589405394e-01,3.440189937577337043e-01,8.587602952789245014e-01,7.065961586346678480e-01,1.012196503465320752e-02,9.302048679348381421e-01,2.921078489603091688e-01,3.779172595113466926e-01,2.151239845196039058e-01,6.099114709594053441e-01,1.316156550389498969e-01,1.413601802602106883e-01,4.965728731277452290e-02,8.752025067327452446e-01,6.424758350820377606e-01,6.014522279540182037e-01,6.100684026275117189e-01,8.513252732182395865e-01,4.807089617122577430e-01,1.426531728659384546e-01,4.057790431711131851e-01,7.118347786599408256e-01,2.394186352682520225e-01,3.358194052930193463e-01,4.540257537214891781e-01,3.825979154588868836e-01,3.271624150900668271e-01,2.502082408368196953e-01,4.118757910664420652e-01,1.659361257349613872e-01,2.519977139893226359e-01,2.185025070532692903e-01,1.219189976854596763e-01,4.032631783808024450e-02,1.038277540187213660e-01,4.884425857690816719e-01,4.490592473745764202e-01,4.058108383212821191e-01,4.584904129309119725e-03,3.491434146599213806e-01,1.947909827420096218e-01,4.717482330557313253e-01,9.292087967100682855e-01,8.765813574128718255e-02,5.389907097113790790e-01,5.411211535464306444e-01,4.876572810222482013e-01,8.615442678916036545e-01,8.641427199803005665e-01,9.832398641270093109e-02,9.147160839084748085e-01,3.750844766255599927e-01,6.062764992851774615e-01,4.186677903968374359e-01,6.423939807199530172e-01,1.584180838462159735e-01,1.070524575437988984e-01,5.068215672819301187e-02,8.823695316535880018e-01,5.682321058902730648e-01,6.028440182152063898e-01,5.838912510108238418e-01,8.471911540698379151e-01,3.554703161817582835e-01,3.430714472587639285e-01,4.979240934301302213e-01,6.633795465252717571e-01,3.845021650814414160e-01,2.166183685548899729e-01,4.345298497706526764e-01,2.577299967730487529e-01
9.645142001318823821e-02,7.878319140634656992e-02,4.285043172324399241e-01,0.000000000000000000e+00,1.449072197738904277e-02,6.116408621515837529e-01,1.770986720738801090e-01,4.752935806271425534e-01,4.527146550474472342e-01,5.088545931995278604e-01,4.608390749720886470e-01,4.688925042991831105e-01,3.254964374427729568e-02,1.062533934085231613e-01,7.614470858895024119e-02,1.802705842461398422e-01,5.165740088541564967e-01,3.493283526509466941e-01,5.126956323552938066e-01,1.767113523245956719e-01,3.064177762396411708e-01,8.736032805947677171e-02,4.289747712844279581e-01,7.792689214831063915e-02,2.590028678950790364e-01,1.647482072390439034e-01,5.311256679652918145e-01,3.030735016918919555e-01,1.277259585108183881e-01,2.002098603047582359e-01,6.485812230079435192e-02,3.889641689562965965e-01,2.553931759625620579e-01,3.410398663198411784e-01,4.814999768450418105e-01,3.305448958903272616e-01,4.936828771872087129e-02,2.101124107768509996e-01,1.557586829278182206e-01,1.403110633155648379e-01,3.760913267823544626e-01,5.115371304636638916e-01,3.283320155047153577e-01,5.712247321481400686e-02,3.757559075088511835e-01,1.130351130359335959e-01,8.518700576433349547e-03,5.679138402006830288e-01,3.978448250193178937e-01,3.554018166145037072e-01,2.944990280801403904e-01,5.391339211896702954e-01,4.480836430444150587e-01,4.049816143569340832e-01,4.591483214618608533e-01,4.596779190279198790e-01,3.921007182082593689e-01,3.283389295337829639e-01,8.818072125741779899e-02,1.503830677781816116e-01,1.765184157210193949e-01,3.179888518358603422e-01,2.965311467765986420e-01,5.195545214448418214e-01,2.500349183033473977e-01,2.015528040506612828e-01,2.900912816323573951e-02,3.499558665483875064e-01,2.287409680664297118e-01,6.255861739702325841e-02,4.043586257893900388e-02,3.931167294448210114e-01,1.859491995678729526e-01,8.394841899350259651e-02,3.921518733917572774e-01,1.507933056310497566e-01
4.246247773826434257e-01,3.925237081060382049e-01,5.681868189664308622e-01,1.449072197738904277e-02,0.000000000000000000e+00,3.738272798366287786e-01,5.887713863790692281e-01,3.939183879346761508e-01,6.092669313515755025e-01,3.070541275051527075e-01,6.291369879814675548e-01,4.318495080683536491e-01,5.884942817707261575e-01,3.742989230587489558e-01,3.035399058000631811e-01,3.045311526555423698e-01,2.259341100316561435e-01,2.080473128637517211e-01,4.668788466256146852e-01,4.467337674547989801e-01,3.301996010894853173e-01,4.782886751629797928e-01,3.992525065602180456e-01,3.149975491263512506e-01,3.347683891086667418e-01,5.446958086960609347e-01,4.225318800709945144e-01,3.789190993771591742e-01,4.183313669815150182e-01,3.044410651507498122e-01,4.341726195998371063e-01,2.940481107064109034e-01,8.564222467041396336e-02,2.068992830868128241e-01,4.285899210357131672e-02,1.514258586465022649e-01,2.283502805580678308e-01,8.769022176279969716e-02,4.979504446161689413e-02,1.417790865682294066e-01,2.414658499165966976e-01,1.262760655247129882e-01,5.597346701220637377e-02,1.875246024181199123e-01,1.054045813042129298e-01,3.734655496030830357e-01,3.560567884569869057e-01,5.095197884072537597e-01,4.059514253533857975e-02,6.046354755624470112e-01,3.300117003438536312e-01,4.547250011998449915e-01,3.484425317751179141e-01,6.676376627238352901e-01,3.009443701361570467e-01,6.564417418194301579e-01,4.411940701971199807e-01,4.701337605079050075e-01,2.440833755957131090e-01,3.676541877235295352e-01,2.438626068418907056e-01,2.465697730345089989e-01,1.865188947233365480e-01,4.457251361772744946e-01,2.413597221414656990e-01,2.972317896616606392e-01,3.760155217340557243e-01,3.632382544014924330e-01,1.327881191668582872e-01,4.442307949859022331e-01,5.167045367478786400e-01,4.285729530910119545e-01,1.466731839206339982e-01,1.218848322959658892e-01,1.472439703349012197e-01,1.015383999612340660e-01
3.082722269832869899e-01,5.736111900339239122e-01,6.072831946589405394e-01,6.116408621515837529e-01,3.738272798366287786e-01,0.000000000000000000e+00,3.692152455765362884e-01,6.896777114711412082e-01,5.733070069549697223e-01,1.475746993569397869e-01,5.477042608357656217e-01,4.699271310762059839e-02,4.334177837681188472e-01,1.146219749848431807e-01,3.982976333945791314e-01,2.287766097913319641e-01,2.503035721497393618e-01,7.410727975090464215e-02,5.026655438232485729e-01,5.373664235044796067e-01,6.496666001963048442e-01,5.567814196965319429e-01,6.410752726262675116e-01,2.637923606736609083e-01,2.909593529495870801e-01,3.568107932079069844e-01,7.794580622290494532e-01,9.066891229733994861e-02,4.923554565227306612e-01,3.994368257787956900e-01,3.836352252652410755e-01,3.926758996709542315e-01,3.017877733405061047e-01,2.649374501604516707e-01,2.122054508993629351e-01,9.044435439344201966e-02,1.433058413449162793e-01,1.328280071581983135e-02,1.497056146084200789e-01,7.193392447761966235e-02,4.558209138453542253e-01,4.559157951863919145e-01,1.384997882989520424e-01,1.691482876992192741e-01,2.354518662908178239e-01,4.817924707688380631e-02,5.111835326797099510e-01,6.445532393138192484e-01,2.095675516115447223e-01,4.383732944352408678e-01,6.871420435342577848e-01,5.942020141245007991e-01,6.950637049595136396e-01,5.505979678971016922e-01,1.157899865878751350e-01,6.107796103295168866e-01,9.972996441487022579e-02,5.930792742874184675e-01,1.505898047234541792e-01,5.375954541188543434e-01,1.520037362572511652e-01,7.916298326258452978e-04,2.046886116126822586e-02,5.345684703597304299e-01,4.507838747879266417e-01,5.446616906939514280e-01,4.098539423631038514e-01,6.105029312940865038e-01,2.076036863371160668e-01,4.001079566659114239e-01,4.291998861650521135e-01,7.260372828123572431e-01,1.001895184220502194e-01,3.481405239828346265e-01,3.521226372162092333e-01,1.409206364151683044e-01
3.407321517878388883e-01,5.553558075846286579e-01,3.440189937577337043e-01,1.770986720738801090e-01,5.887713863790692281e-01,3.692152455765362884e-01,0.000000000000000000e+00,2.122020073576625920e-01,5.025546982141447794e-01,4.466937345349236699e-01,2.329152833205092032e-01,4.501864428896210080e-01,6.715050995713223170e-01,3.145351320177999788e-02,2.937941015790005994e-01,5.010576825439421178e-01,4.545951193524590539e-01,5.450760602289481671e-01,1.346859150507441483e-01,4.854519799165062377e-01,4.158459086191346188e-01,6.036937803672133285e-01,3.575770089160742460e-01,3.430726200855279684e-01,6.665653377412215086e-01,6.533822077618283153e-01,4.309198444943381223e-01,4.006973887849826776e-01,5.184190106880095517e-01,4.313905175806913572e-01,4.235759419640906520e-01,2.062086470798065174e-01,1.970936323558166725e-01,2.251883879729119076e-02,4.042524267568847751e-02,9.276635920302200855e-03,2.361140518755496520e-01,2.323518082855594580e-01,2.586506750966628410e-01,1.942114968307621925e-02,7.599349326308699193e-02,7.532235769536173298e-02,5.642729939736643163e-02,2.112240773800150295e-02,8.425729978888443772e-02,4.078037045390289217e-01,4.482861299609842698e-01,3.900064849754540930e-01,1.606120670194968458e-01,4.364200546875236508e-01,4.373729237924824931e-01,3.818456111780645923e-01,2.719333708361552637e-01,4.530815264929897723e-01,5.054156031646429570e-01,3.844809901370017657e-01,5.495856680724000576e-01,4.268319997454935733e-01,7.959521432566191157e-02,4.001770828185229889e-01,4.803620480341774246e-01,3.986716386607081497e-01,3.048836405784021153e-01,1.357760814310049469e-01,1.902408245708905876e-01,3.712857376538999388e-01,3.938864077581681333e-01,4.451049474574026998e-01,1.895499704869860746e-01,5.147154326837823923e-01,6.040514043672146061e-01,4.299523831829207277e-01,1.690326794359930940e-01,3.339786808191053669e-01,2.102462478220550324e-01,2.512962181380749005e-01
2.807488250262284990e-01,2.136831194260412903e-01,8.587602952789245014e-01,4.752935806271425534e-01,3.939183879346761508e-01,6.896777114711412082e-01,2.122020073576625920e-01,0.000000000000000000e+00,6.865620775614544868e-01,2.008314496020282836e-01,8.170314877134843279e-01,8.798320154116723302e-02,2.511068207467466729e-01,4.795606026986264092e-02,4.183422011523829087e-01,5.476693219627944142e-02,4.111622939557973977e-01,1.906476589400530330e-01,6.679586168910309762e-01,4.885536082879763931e-01,5.559595485076237464e-01,4.294988915148790776e-01,8.824360510904218913e-01,2.814464684102006564e-01,2.227732739835437681e-02,2.489653408131020651e-01,7.615407213206282222e-01,3.604534326416283796e-02,2.117156271120592126e-01,3.922088040093358874e-01,1.622942893517197727e-01,3.781648045691328175e-01,2.897524520694062522e-01,4.095124226873297912e-01,2.175104095292239859e-01,2.261845416584122581e-01,8.368835612670745550e-02,5.436118732891356831e-02,7.931821176552358854e-02,5.575067352689577760e-02,4.800469590549070742e-01,4.623564852882009468e-01,1.592103653011591458e-01,1.517199239060964822e-01,2.030064318037952398e-01,1.193847587214822564e-01,2.962573049178975904e-01,8.625108874285035698e-01,2.364332709191639403e-01,5.577482183129441884e-01,3.314136960041676461e-01,5.216011205171082743e-01,8.502190074232534034e-01,7.073269791170562204e-01,8.860644706266866677e-02,8.131617535042402478e-01,1.168570234085973825e-01,4.195820671726176454e-01,2.530957709872906358e-01,5.167246078877287818e-01,1.580951860636958806e-01,1.254247493865084384e-01,2.806783196782740575e-01,7.009370994672650124e-01,3.343608572272202539e-01,4.959736516879625912e-01,2.815733286452717365e-01,7.039204957394616935e-01,1.538525366799785299e-01,9.936133907257427289e-02,2.854396493460996664e-01,5.468823457745950467e-01,9.654796922458538933e-02,6.669505933595448743e-02,2.687868118731531197e-01,3.073900014981367779e-02
2.148245373088772392e-01,1.734652765728994239e-01,7.065961586346678480e-01,4.527146550474472342e-01,6.092669313515755025e-01,5.733070069549697223e-01,5.025546982141447794e-01,6.865620775614544868e-01,0.000000000000000000e+00,1.296071852652743162e-01,7.576540712483581519e-01,1.623537086457518819e-02,4.406280899043849009e-01,9.358291443130019316e-02,2.324583133979932215e-01,2.227817956507430197e-02,2.037709665765524147e-01,1.511779754701959855e-01,4.935249271460956377e-01,4.357860265784094800e-01,3.850607002130463918e-01,4.520864767322763655e-01,7.347799016413639750e-01,4.737000373077215887e-02,1.094710187088235032e-01,1.968791348433110433e-01,6.933659258203259679e-01,3.065100465202469371e-02,2.662596322092239953e-01,3.190213583357452976e-01,1.302413672445761894e-01,2.936156665481031158e-01,4.440753209646717825e-01,2.886579425212348893e-01,2.720882488621868545e-01,1.261050304125072297e-01,1.193999387949061797e-01,4.463919417195150174e-03,4.305425561341919005e-02,1.980751176641173672e-01,4.431546301964511270e-01,2.897609907187888023e-01,1.226988569939262141e-02,1.352975375655631196e-01,1.568265008926500448e-01,2.644671289090413935e-02,1.731365465653579017e-01,8.191354446107090848e-01,7.763689709525525839e-02,7.802817217843506237e-01,3.182707623163091304e-01,7.441264259541010562e-01,5.570062791231670252e-01,8.090106395590012101e-01,1.380450451410220047e-03,8.058317610613013882e-01,1.062687257863436929e-01,4.607952804704177341e-01,8.884877131369506298e-02,3.754860874880406874e-01,7.338289902338765436e-02,7.088372951364871333e-02,2.751071857956047806e-01,5.196334478317023997e-01,1.950604438708111177e-01,3.087774620134513537e-01,1.870633906478962327e-01,6.551175753933728974e-01,3.190351077296889326e-02,9.116257706483088530e-02,3.224333877569671714e-01,5.276180010577631307e-01,7.289677218547713222e-02,1.566497044025366714e-03,6.943096761999352495e-02,8.137876215259369495e-02
1.402595450128767129e-01,5.603008006561057686e-01,1.012196503465320752e-02,5.088545931995278604e-01,3.070541275051527075e-01,1.475746993569397869e-01,4.466937345349236699e-01,2.008314496020282836e-01,1.296071852652743162e-01,0.000000000000000000e+00,1.081892501600418555e-01,8.247767645366177458e-01,3.880848004285967212e-01,2.346407079009802943e-01,2.765572801710457496e-01,4.728267245143009667e-01,8.352731811093125902e-01,6.422779149843156343e-01,1.619206387393542224e-01,2.545719325916481202e-01,1.033932255264206346e-01,3.466106159148849564e-01,1.687016451848036835e-01,3.984411287726670192e-01,6.946799753947461298e-01,6.334974782621876077e-01,1.196258050101739467e-02,6.212248772878726788e-01,1.874219781246625749e-01,1.260552308339418226e-01,3.129433940682750936e-01,2.503367254205384751e-01,3.196339312293887680e-01,9.119377841414355590e-02,2.987240503693322502e-01,2.567225990684909864e-01,1.973231916944465647e-01,1.641122551378421668e-01,1.710272936302585367e-01,4.535706021793489695e-02,1.296534266428900073e-01,2.357155619633059251e-01,3.043770704789611203e-02,2.541588184905476666e-01,5.654625834218482416e-02,2.543958295096668265e-01,2.319623134629462402e-01,8.235357521449473972e-02,2.113157387951322963e-01,1.347455837138467893e-01,1.315007027780775162e-01,3.158799246967328167e-01,5.256433831414375479e-02,1.904694633782960667e-02,7.990387877169697894e-01,3.519407172989477695e-02,7.892368329371985958e-01,1.246944639944460587e-01,1.260186128982773990e-01,2.768035473271743818e-01,4.077694623131268847e-01,6.033579522271057538e-01,4.185924147945203622e-01,1.546351213122817703e-01,2.400821019512933419e-01,1.655669279413165829e-01,4.124267188533541351e-01,3.443284470809496178e-02,1.770825685818911976e-01,3.455266036828076870e-01,2.559961221049338875e-01,1.079931157562791233e-01,8.843394471973181625e-02,1.887443024053722385e-01,1.123857517832692748e-01,1.613759616441283740e-01
2.770872507229805715e-01,1.434014072933565420e-01,9.302048679348381421e-01,4.608390749720886470e-01,6.291369879814675548e-01,5.477042608357656217e-01,2.329152833205092032e-01,8.170314877134843279e-01,7.576540712483581519e-01,1.081892501600418555e-01,0.000000000000000000e+00,1.557666202076771478e-01,3.472743291032908686e-01,3.124160158756477124e-01,3.907610248383586726e-01,7.031699342674087305e-02,2.663761369006696356e-01,1.633525268342735093e-01,8.940105253527219631e-01,4.491159910031733427e-01,4.051774482562036095e-01,3.910288053872992831e-01,7.774105278937299968e-01,2.273749383092818210e-01,3.261832780344713079e-02,2.393883731160222628e-01,6.343769160102590288e-01,1.165142127118076465e-01,1.882287804690917776e-01,3.071788823168898341e-01,2.138706726904110178e-01,2.922807962500501011e-01,3.293485128647409832e-01,4.910346109026537675e-01,2.773681037035495844e-01,3.164209005374123418e-01,2.096231237992302321e-01,6.035790722730383084e-02,3.033035772056952295e-02,2.150172923490859533e-01,5.363028751694656204e-01,4.406858647956257702e-01,2.867996416249302127e-01,1.038831227119753897e-01,1.884210055681248552e-01,1.136279178807923090e-01,2.821220588686297881e-01,8.892797611115346168e-01,1.523539765624272180e-01,6.636875507707151733e-01,3.759875375242015538e-01,5.740692793318389331e-01,7.254404316176467082e-01,8.188212233808503937e-01,2.048954230725694159e-02,9.291491598404535424e-01,2.379402850442410566e-01,4.977887875356030167e-01,4.276938825638456620e-01,4.420597402529456987e-01,8.084276161013315143e-02,1.653725265920813481e-02,1.655184004283639099e-01,8.659464298095180812e-01,3.242618200867571909e-01,3.761957555205066028e-01,3.174352824070055812e-01,6.690140225075751346e-01,8.240340910527649276e-02,1.486375842799321501e-01,3.294476775158942106e-01,5.342016095111689067e-01,2.004184846748884863e-01,3.777179307145879517e-02,2.586812712524440561e-01,2.871348636843568114e-02
2.444231332067141604e-01,6.106498922404263174e-01,2.921078489603091688e-01,4.688925042991831105e-01,4.318495080683536491e-01,4.699271310762059839e-02,4.501864428896210080e-01,8.798320154116723302e-02,1.623537086457518819e-02,8.247767645366177458e-01,1.557666202076771478e-01,0.000000000000000000e+00,5.413128350354302620e-01,3.251468553043479481e-01,4.017107008435246707e-01,5.315790434375986528e-01,7.021568698978480905e-01,6.633499401643303539e-01,8.505394058607071428e-02,4.333094020119915291e-01,2.199377360611392829e-01,4.651057961373279981e-01,6.421266491048588376e-02,6.173311139102377609e-01,6.507584281586604735e-01,7.263617246401772309e-01,1.214075015593385487e-01,6.515774199954016410e-01,2.325058312936615357e-01,6.189301818051215487e-02,4.258185683407207378e-01,2.074822132349199710e-01,3.112112385607463949e-01,5.791879740339922478e-02,3.243089760849775516e-01,1.594884212272350277e-01,2.224968081308414114e-01,2.631384097427107438e-01,2.085689562375003803e-01,6.319314866030963096e-02,2.963182063130814781e-02,8.891940701205056086e-02,1.157441435296606702e-01,1.545315053368696567e-01,1.797551278591694168e-02,3.563918839276987161e-01,4.072343862078157684e-01,9.935017857028777266e-02,2.765703145629737625e-01,6.734153972417869505e-02,3.689249627718723668e-01,2.060528650977465348e-01,2.011079872208004216e-01,1.550527238165315402e-01,7.529973435680958893e-01,1.253760855361933935e-01,9.367007013779777846e-01,3.602866385499551294e-01,2.866744928799149772e-01,3.234092393424306544e-01,4.353433645200522895e-01,6.507045479308637415e-01,4.807552603084639387e-01,6.486419632263698554e-02,3.962791047868277072e-01,2.392233376735782568e-01,5.507349225402775605e-01,1.492552456175633424e-01,4.204666974826271608e-01,4.184337390393958467e-01,3.970781650886929803e-01,2.643304009125992393e-01,2.219365489406840419e-01,2.204961531772713368e-01,3.327419896257222121e-02,2.510690874797964489e-01
2.245722264715624417e-01,5.739208186084958641e-01,3.779172595113466926e-01,3.254964374427729568e-02,5.884942817707261575e-01,4.334177837681188472e-01,6.715050995713223170e-01,2.511068207467466729e-01,4.406280899043849009e-01,3.880848004285967212e-01,3.472743291032908686e-01,5.413128350354302620e-01,0.000000000000000000e+00,7.913093676335013205e-02,2.188829762683628111e-01,6.396936690208174792e-01,4.223209504983800322e-01,5.202979015060096302e-01,3.023403793464538580e-01,4.420559047414576170e-01,3.424782008596620742e-01,4.981958905381311253e-01,2.160245002941332815e-01,4.129316422884288240e-01,4.869724539822289922e-01,5.939764563302469824e-01,2.911770594049237770e-01,6.820495574219667123e-01,3.227705731944701117e-01,3.352889398850256164e-01,4.410153945459287517e-01,9.907269320721071026e-03,2.722984826600414188e-01,1.569323037266288356e-01,2.765086089324106725e-02,5.779288189055462044e-02,3.743265878093787746e-01,1.964786270048034522e-01,5.928858530745330369e-02,2.147282701192844978e-01,2.797518203673645676e-01,1.227535901527680301e-01,1.224969907848688644e-01,6.679728376394970801e-02,5.008120794322903913e-02,1.963780737748222482e-01,3.901176011213708383e-01,3.651882524615707726e-01,1.886783052188164278e-01,4.792668324757899390e-01,4.456248737758519152e-01,3.908195113570157586e-01,3.144435712118393567e-01,4.272455717907029937e-01,4.548985759510330573e-01,4.200212562987739595e-01,6.256859934833469694e-01,6.267770121347211454e-01,1.353550731048191180e-01,3.189862670416837576e-01,3.682843050993934719e-01,5.697656051444563996e-01,3.242445169048404630e-01,2.621254103088330734e-01,2.786560851392033689e-01,2.627571942009356842e-01,4.206504639385322264e-01,2.161670218679983269e-01,2.076823721138277290e-01,3.905415344415661405e-01,4.777820594699619949e-01,3.536558917982622896e-01,2.913286681975912340e-01,2.017500327319614595e-01,1.133148409313116667e-01,2.355955320562471145e-01
2.468972620067640955e-01,1.590841898355616069e-01,2.151239845196039058e-01,1.062533934085231613e-01,3.742989230587489558e-01,1.146219749848431807e-01,3.145351320177999788e-02,4.795606026986264092e-02,9.358291443130019316e-02,2.346407079009802943e-01,3.124160158756477124e-01,3.251468553043479481e-01,7.913093676335013205e-02,0.000000000000000000e+00,1.875826622355411810e-01,4.714017890859192178e-02,1.652446974936695179e-01,3.533496504749845252e-02,2.372792559517050148e-01,1.099239827003643255e-01,4.094219187901139423e-02,6.616073927690460654e-02,6.346862216373455601e-03,2.142955058926390433e-01,1.346044020429655597e-03,2.478520131962813622e-01,1.458329859792836802e-02,3.253625589954796116e-01,4.432881588978844489e-02,1.748069324269516112e-02,2.394174494621261196e-01,6.660587091460758169e-02,1.353129082574338893e-01,8.894036004435848519e-02,1.703925371466970817e-01,2.009152358877089872e-01,3.249081119165979636e-01,1.581609215725230666e-01,5.030967433405432454e-02,1.509680692692863258e-01,2.245276250875131996e-02,1.915122170178634731e-02,3.103666315482470628e-01,5.212210714659142735e-02,1.712100028827876486e-01,3.045850217843612540e-01,2.358909365659782598e-01,5.966671779861383584e-02,2.903868339709624879e-01,5.844229958007141068e-02,1.913586626964883936e-02,1.169396908411661773e-01,8.593799967065868239e-02,1.274082265104814482e-01,9.090738868088749092e-02,2.297461158926215885e-01,2.281375302511026160e-01,1.806346949658728662e-01,3.946460501213707173e-01,1.849713404584118481e-01,7.477494893807497267e-02,2.027656588513748193e-01,1.989158189135159516e-01,2.003524122302661192e-01,2.086617257662391478e-01,1.404844011252025515e-01,3.116995084214846390e-01,6.990849965115325526e-02,1.567854244154606724e-01,2.851553769433350372e-01,1.939785216450624628e-01,9.949434911429233530e-02,1.375814031816051664e-01,4.091800448673411222e-02,4.785128920715694262e-02,9.912982963527516844e-02
5.371628888771728949e-01,6.501557775151909357e-01,6.099114709594053441e-01,7.614470858895024119e-02,3.035399058000631811e-01,3.982976333945791314e-01,2.937941015790005994e-01,4.183422011523829087e-01,2.324583133979932215e-01,2.765572801710457496e-01,3.907610248383586726e-01,4.017107008435246707e-01,2.188829762683628111e-01,1.875826622355411810e-01,0.000000000000000000e+00,3.153429771151642913e-01,1.231911486468087180e-01,2.563460864951063733e-01,4.205160627935370932e-01,8.239417029718849594e-01,7.429453819651444801e-01,8.466539108849860940e-01,5.406414948720368319e-01,5.536048942054370148e-01,4.477145139742141899e-01,6.194530145934575849e-01,6.163287532297189175e-01,2.665904459927630477e-01,5.389691227801529649e-01,2.971127733097534418e-01,5.848214286703981024e-01,1.808528209630138051e-01,1.061885166761458721e-02,2.302137331957094246e-01,4.558745241544481797e-02,8.163634643347561504e-02,4.983445140772210791e-02,2.020121202999168863e-01,1.270364352385277562e-01,1.727067963849331922e-01,1.279334844002619764e-01,1.232965273324884564e-01,1.856392169269415471e-01,1.065623395802842571e-01,3.138793458210991094e-01,4.379545385652738321e-01,5.532724027127498001e-01,4.707473546045251034e-01,6.786051429787096079e-02,1.191344954939276279e-01,5.247305706805220904e-01,2.198510810069612131e-01,5.050714933019520014e-01,5.078658795728283604e-01,2.937109307505533229e-01,4.510759031826698240e-01,4.158815678712300956e-01,4.798166527978929841e-01,2.843488063951270517e-01,8.582634897389435080e-01,4.403955384048663380e-01,1.801780438356205827e-01,2.235905805835621818e-01,5.130378696290442964e-01,7.701472394714413694e-01,7.413907073777028511e-01,8.259811194115351807e-01,6.961523222373708908e-01,4.292179854059179345e-01,5.439670604283153299e-01,5.635658546690219817e-01,6.974552911702479596e-01,2.427149695050153100e-01,4.974607817640839813e-01,5.591622777147196022e-01,5.266965891372221709e-01
4.182464810575158842e-01,6.014639672032924267e-01,1.316156550389498969e-01,1.802705842461398422e-01,3.045311526555423698e-01,2.287766097913319641e-01,5.010576825439421178e-01,5.476693219627944142e-02,2.227817956507430197e-02,4.728267245143009667e-01,7.031699342674087305e-02,5.315790434375986528e-01,6.396936690208174792e-01,4.714017890859192178e-02,3.153429771151642913e-01,0.000000000000000000e+00,6.305572491215800657e-01,7.689199550133389849e-01,1.575197675411013631e-01,4.613339673690576292e-01,3.880362951698320129e-01,4.829324107085108397e-01,1.017940630221019910e-01,4.956228014550141947e-01,5.562850544975800338e-01,5.610112095820072309e-01,6.680260617646222032e-02,7.129152700716350211e-01,5.873977129234347894e-01,4.248987353567496017e-01,7.510137120292547097e-01,1.489941917327610443e-01,4.394241807965021396e-02,2.331615574325839602e-01,9.367728809150727143e-02,2.120056903537860249e-01,3.184224222095958234e-01,2.983315586124360985e-01,5.680850477382825420e-02,1.044156019957316051e-01,1.411116230580395925e-01,8.808227573705081775e-03,7.812792001330012837e-02,6.794628894528891017e-02,1.403776627443032443e-01,3.769911572740017314e-01,3.360533758205905275e-01,4.688485035484898922e-03,1.393886986734462208e-01,4.481333937134526768e-03,3.270644339476231899e-01,3.688891560263748981e-02,7.640531773237867197e-02,1.235241927304987775e-01,4.231996652309443219e-01,5.433935814038481915e-02,4.874313039922033020e-01,3.769401997647672253e-01,4.893566706107093517e-02,3.627684950789047957e-01,7.478218409566885772e-01,6.020548490485684301e-01,6.355576842348045208e-01,1.039601974792182248e-01,3.945217046288165275e-01,3.422613525802505885e-01,5.779124962751203132e-01,2.290367048626579943e-02,3.607603334552755836e-01,5.316649517373899236e-01,4.243705875567537200e-01,1.999966773422145461e-01,2.909446986887230246e-01,4.789546562910856342e-01,2.905108235295907892e-01,5.654263081233416033e-01
1.679875337551119951e-01,5.734806211907929052e-01,1.413601802602106883e-01,5.165740088541564967e-01,2.259341100316561435e-01,2.503035721497393618e-01,4.545951193524590539e-01,4.111622939557973977e-01,2.037709665765524147e-01,8.352731811093125902e-01,2.663761369006696356e-01,7.021568698978480905e-01,4.223209504983800322e-01,1.652446974936695179e-01,1.231911486468087180e-01,6.305572491215800657e-01,0.000000000000000000e+00,7.478131974124673231e-01,2.626533591250355126e-01,2.378653016248475360e-01,5.609363443583159636e-02,2.901681198182688992e-01,4.142150056783604484e-01,3.708214600991274201e-01,6.777013428387060889e-01,6.047160133170619289e-01,1.910333205137011714e-01,5.854929298402982152e-01,2.171789941868490781e-01,1.376005084558154512e-01,4.017713275720471988e-01,3.280375287921935001e-01,3.307514170796663766e-01,2.397009879932351095e-01,3.204317905796039700e-01,3.172040570983584162e-01,2.372058807910231437e-01,1.971582566424335548e-01,2.269069532747583495e-01,1.990991142859335761e-02,2.556625164304413556e-01,2.988046129510091853e-01,1.926046304564688061e-02,2.050183430598282452e-01,5.399663034249047033e-03,3.089089111214982086e-01,1.831740260248695129e-01,2.543030926070144471e-01,1.466880664238277010e-01,2.848081756890025185e-01,1.632757109063711076e-01,3.145277705203674556e-01,2.323183963523977325e-01,5.298035427837199940e-02,6.209294145530031006e-01,1.976349976258018892e-01,5.591088893781809288e-01,1.311493423676406422e-01,3.888360705700273645e-02,1.145573293339167131e-01,5.406952334290993090e-01,6.148756431891746477e-01,5.805364190701840510e-01,2.874209835433719773e-01,2.256435930366420539e-01,4.771174596992752703e-02,3.681681524641128855e-01,2.169614360123585106e-01,2.331161328554551271e-01,3.649631002791535739e-01,2.732628864331539953e-01,5.508800958494906863e-02,1.042406630983048754e-01,3.287648811550398786e-01,2.234782193976806997e-01,2.368506948629241771e-01
9.010648016105474167e-02,6.705858206864373505e-01,4.965728731277452290e-02,3.493283526509466941e-01,2.080473128637517211e-01,7.410727975090464215e-02,5.450760602289481671e-01,1.906476589400530330e-01,1.511779754701959855e-01,6.422779149843156343e-01,1.633525268342735093e-01,6.633499401643303539e-01,5.202979015060096302e-01,3.533496504749845252e-02,2.563460864951063733e-01,7.689199550133389849e-01,7.478131974124673231e-01,0.000000000000000000e+00,4.992490638201674269e-02,4.281770653292372164e-01,1.886034459302574073e-01,4.523578666398729298e-01,1.631477604600342912e-01,4.225106739304281267e-01,7.336374960110657595e-01,5.332565882571155269e-01,1.478402072079648688e-02,6.143106792508146174e-01,3.943331311958525598e-01,1.983265163715231538e-01,5.205327646777563322e-01,2.159753028706004052e-01,8.727444445152486574e-02,1.424082433356996802e-01,2.512904808926812450e-01,3.337122934643124705e-01,1.872805328443239992e-01,2.688280253227041672e-01,7.849200428480382352e-02,4.666601636431771949e-02,1.566628819497078162e-01,1.767896531426030871e-01,1.294847356583015974e-01,2.644986457307254013e-01,1.452654946908893407e-02,1.936074394515846231e-01,3.912923798987157364e-01,1.093189559264367561e-01,3.634635095796395765e-01,8.042506693524099914e-02,3.712106326823708669e-01,9.397808202570284708e-02,7.284823075296521788e-03,3.416902843421054659e-03,6.395106522434212959e-01,7.263805495741909590e-02,6.093766534881973618e-01,2.479624132698775019e-01,1.648141341828142648e-01,2.358352916155444789e-01,6.893403078140024620e-01,6.861782901074351404e-01,6.585767920348197801e-01,6.404066353654661037e-02,3.265131819900945476e-01,1.338205463962423014e-01,5.207383912571879048e-01,1.256749606613966064e-02,2.798214378007425340e-01,4.630235507295289432e-01,3.293843264147995886e-01,2.182939674151244402e-01,2.501792997242596184e-01,4.212601615670967803e-01,2.838954417847011635e-02,3.919574254498551236e-01
2.483732940731344374e-01,2.153135568969804514e-01,8.752025067327452446e-01,5.126956323552938066e-01,4.668788466256146852e-01,5.026655438232485729e-01,1.346859150507441483e-01,6.679586168910309762e-01,4.935249271460956377e-01,1.619206387393542224e-01,8.940105253527219631e-01,8.505394058607071428e-02,3.023403793464538580e-01,2.372792559517050148e-01,4.205160627935370932e-01,1.575197675411013631e-01,2.626533591250355126e-01,4.992490638201674269e-02,0.000000000000000000e+00,4.927255944818155764e-01,4.318102161923951243e-01,4.522217522972249992e-01,5.746165289568472279e-01,2.405014904090867489e-01,1.727376375256053920e-02,2.315789677996916429e-01,5.290369760632678275e-01,1.930902437702441687e-01,2.065643299249684539e-01,3.911299196854462479e-01,3.971951186926050426e-01,2.590125105458569443e-01,3.339462579969315059e-01,3.700714036912752247e-01,2.098946521110715835e-01,2.920698864413198703e-01,2.151683589367825999e-01,1.711332436445280047e-02,4.034160258587464465e-02,1.918343247109218219e-01,5.196885073107526676e-01,5.013539265838845571e-01,4.797461076361971832e-01,4.640075485925992949e-02,2.466397295389817501e-01,1.716054102010135252e-02,2.673363417689786914e-01,7.826431623016052441e-01,7.873474354961262911e-02,5.185679109654646179e-01,3.343031303436103663e-01,4.354641933650459373e-01,6.519188002119620240e-01,6.494020774955310271e-01,6.277847945219472425e-02,8.733419468985469392e-01,1.649902326402111208e-01,4.904300929554452626e-01,4.970434953567479108e-01,4.664410080771406730e-01,8.218079485338258827e-03,4.681650305687241886e-02,7.915665902972413015e-02,9.454515625941372070e-01,4.235845750433570589e-01,4.152378052305910616e-01,4.082101801841482303e-01,5.461257184842109869e-01,1.124835251019254551e-01,1.699275180730318024e-01,3.101036548085011058e-01,4.504611788751753387e-01,2.918606663138004209e-01,6.102922238311565828e-02,4.276368347093376654e-01,2.258475264147898343e-01
6.633093241225898051e-01,8.119999788682108477e-01,6.424758350820377606e-01,1.767113523245956719e-01,4.467337674547989801e-01,5.373664235044796067e-01,4.854519799165062377e-01,4.885536082879763931e-01,4.357860265784094800e-01,2.545719325916481202e-01,4.491159910031733427e-01,4.333094020119915291e-01,4.420559047414576170e-01,1.099239827003643255e-01,8.239417029718849594e-01,4.613339673690576292e-01,2.378653016248475360e-01,4.281770653292372164e-01,4.927255944818155764e-01,0.000000000000000000e+00,7.733168536765480106e-01,9.985005760215186488e-01,5.677628299028414371e-01,5.757221401040224507e-01,6.325613187780706470e-01,7.547784076885053484e-01,6.578002658109182166e-01,4.007247434855636392e-01,6.803559822643677757e-01,4.590371946923235691e-01,6.882902517159129596e-01,2.457893801498945985e-01,1.432004202328058806e-01,2.364281618761729931e-01,1.195114258089829268e-01,3.758035075373344219e-02,2.408664094777230591e-01,1.889854530570076463e-01,1.658475735051228583e-01,1.263465450913642540e-01,1.928164966041647221e-01,2.843341889374061404e-01,2.449515971902535283e-01,3.608241258222505410e-02,3.520948397509129357e-01,5.332738726612422653e-01,6.746574940079110849e-01,5.448902829385597890e-01,1.056728164698053363e-01,2.672875207874767511e-01,6.714626376806106522e-01,4.202670651712213656e-01,5.546466707971995369e-01,6.478588763844514986e-01,3.378005357090919647e-01,5.221000393883477031e-01,4.705990580450893912e-01,6.533072153081308509e-01,2.842135318420630496e-01,8.250470922335934043e-01,6.344427539991648324e-01,3.156445936853532475e-01,4.384583140767358556e-01,5.647320646460034510e-01,8.320860028873816594e-01,7.387442084499882267e-01,9.007190100317781223e-01,6.848588897599003911e-01,5.203804906725384427e-01,7.261483197386181532e-01,7.448365802162799643e-01,7.929289911794999979e-01,3.773775113464810649e-01,6.181275309030649368e-01,5.215885571392453457e-01,5.162578398367403398e-01
6.446342057541353254e-01,6.699264581219643855e-01,6.014522279540182037e-01,3.064177762396411708e-01,3.301996010894853173e-01,6.496666001963048442e-01,4.158459086191346188e-01,5.559595485076237464e-01,3.850607002130463918e-01,1.033932255264206346e-01,4.051774482562036095e-01,2.199377360611392829e-01,3.424782008596620742e-01,4.094219187901139423e-02,7.429453819651444801e-01,3.880362951698320129e-01,5.609363443583159636e-02,1.886034459302574073e-01,4.318102161923951243e-01,7.733168536765480106e-01,0.000000000000000000e+00,7.904881266175610710e-01,5.314716805531256583e-01,5.287986231682675342e-01,4.157614929062951603e-01,6.070304890872771919e-01,6.990793694642002398e-01,3.755777129392956493e-01,6.963321915370509485e-01,5.304227861622171636e-01,5.180283421545844869e-01,3.829422686797021580e-01,4.691020848457252979e-02,9.015518366827279806e-02,1.765131260925275059e-01,1.541298934302920975e-01,2.148786360528440742e-01,5.842058789872389690e-02,3.360713227319604424e-01,2.773390112031582366e-01,9.395730558731593685e-02,2.508270020324238625e-01,1.368804605171186350e-01,7.745213941060261065e-02,3.639575069686145081e-01,4.984525539230528768e-01,5.520399956762437332e-01,5.813220252654199838e-01,2.042928181728164982e-01,2.250122506659022470e-01,5.533142492812170854e-01,3.653343050281075977e-01,6.791425079657753550e-01,5.551910489052814812e-01,1.079487941458220912e-01,4.927558636261222258e-01,2.597543740344719354e-01,5.197609669684319922e-01,4.173691424768635055e-02,8.639319305175948704e-01,4.852311507274442159e-01,1.462829344851195590e-01,2.296783534995967546e-01,4.822439991865482556e-01,7.265255411918393191e-01,8.851835081139759476e-01,7.229900996442363281e-01,6.379727696984597296e-01,5.037748911045042410e-01,5.844898023449396351e-01,6.100415783157011607e-01,6.708788759172590321e-01,4.310943397198627181e-01,5.786480346218791926e-01,6.105871613756658212e-01,5.283624227979267785e-01
