0.000000000000000000e+00,5.273824517101370901e-01,1.359038798696889372e-01,5.082271854026131075e-02,1.761430221544241781e-01,1.894872934353026006e-01,1.451246418408409788e-01,9.040488789993980645e-02,1.589845929510688427e-01,1.464016622000052781e-01,1.174054212732768276e-02,9.737715070465256806e-02,9.605207502162836641e-02,6.958324374228949671e-02,2.554110797122384202e-01,3.746586395229917210e-01,2.974122432668583893e-01,1.540620435707487634e-01,1.407596799640031815e-03,2.213629811332426811e-01,4.865277822649609063e-01,3.963410488270928678e-01,2.458838475680677205e-01,1.013651194620740492e-02,4.330971992128605508e-01,3.351734064058101703e-01,3.188848081273072954e-01,2.574939891168307460e-01,3.070712875097967864e-01,6.409154458209997962e-02,9.105543687303241374e-02,1.992656434580709346e-01,1.364403747678364365e-01,1.762739883625256132e-01,2.786883020076704187e-01,1.946687081364018024e-01,9.300352465885414199e-02,4.075798390867946264e-02,4.543792426770308646e-02,2.667912117091955082e-01,9.990026289761347322e-02,6.776182688583919089e-02,1.803183754179894238e-01,3.002615301205356912e-01,1.282417931247796794e-01,6.765736935615865866e-01,8.733305353405299010e-02,4.242284358301608993e-01,7.995724595888534236e-02,1.190149325832729477e-01,1.050147833125529423e-01,1.090334019448370440e-02,6.252653920072526184e-02,2.827621027530690112e-01,5.343754024095889732e-02,2.712324453244485678e-01,4.332303035493631493e-03,7.054796528278195478e-02,5.899782367891164003e-02,2.756047189446477197e-01,3.437115961150616905e-01,2.104513221642623499e-01,1.879361411203795407e-01,5.990794625428066955e-02,2.681526083734166455e-01,3.935832669153817021e-01,2.874804788771262443e-01,1.980076268898349479e-01,2.635706756445715948e-02,2.048323068478465903e-01,2.686355764199993001e-01,3.399443124701944097e-01,1.102295617061627153e-01,4.063333174459186625e-01,2.004340163379733641e-02,1.687016499588909202e-01
5.273824517101370901e-01,0.000000000000000000e+00,2.665104558101007437e-01,1.521194689518557130e-01,9.740781963412302458e-02,6.875021289353550058e-01,2.580610031514463110e-01,9.877787774733579051e-02,3.187902447026316199e-01,3.397025625342086630e-01,1.486918646346843675e-02,5.473046496337591327e-02,3.673860604012448294e-01,7.190396401300974683e-02,1.854346626937121989e-01,5.346534469534456324e-01,4.360518873922591965e-01,5.416090033081730759e-01,3.539388687126249766e-01,4.598749930832652932e-01,4.292636529701618353e-01,5.243789802509941644e-01,4.043336415759296032e-01,1.057948457364694672e-01,5.745663519959298693e-01,7.438737228220665409e-01,5.583581059580402517e-01,2.331423629539239040e-01,3.958993627312985542e-01,7.654550314085041551e-02,2.112380032600824631e-01,1.379228646724653673e-01,2.035619454066016909e-01,1.074304211262734482e-01,1.928998310849928399e-01,1.664080088435347382e-01,1.177548795970567858e-01,2.621444743960681112e-02,4.343734789852315287e-02,3.652567298025914400e-01,1.967999631658526871e-01,1.608598162841665125e-02,1.789777827210988770e-01,5.614660547821635761e-03,8.107731606552520676e-02,3.714248867812717791e-01,6.162371212437194323e-01,4.810601755675201208e-01,7.156158519745306479e-02,2.199470049025651353e-01,6.553610325505863088e-01,2.576983585355299700e-01,1.951729817075961715e-01,3.233325614057045994e-01,1.684380673202362511e-01,2.847631136033107468e-01,1.368660918344949962e-01,5.924661481075748082e-01,1.688185442232394695e-01,9.215728742581569266e-02,2.574510419756813606e-01,3.550066630566296455e-01,3.198412328540523597e-01,4.682008140375766847e-01,4.010946460251863521e-01,1.466154039869008441e-01,2.799707446144999445e-01,3.882401252498565714e-01,9.650991143157483521e-02,4.197456780777323315e-01,6.389686967059955425e-01,5.101908313624209379e-01,3.704898232229306143e-01,3.605716354861578932e-01,1.490634633147232269e-02,7.770531220717727394e-02
1.359038798696889372e-01,2.665104558101007437e-01,0.000000000000000000e+00,4.968446002551372143e-01,7.702862037751272428e-01,7.018006641565173176e-01,7.119303899904187993e-01,7.454045041825260176e-01,9.383960659595790288e-01,5.308966858767292241e-01,9.127936436028144529e-01,1.529098883115710128e-01,4.313913725515086672e-01,4.534567460543497686e-01,7.269902144253700405e-01,4.758907469709237614e-01,3.344488277959760669e-01,3.823102796940909265e-01,6.821402790678875450e-01,7.873843494261373310e-01,6.864956323201025779e-01,6.769423974016405277e-01,8.048254153326561688e-01,3.912207933221077960e-01,2.369967696662916568e-01,3.005174116715194632e-01,7.318861896196762196e-01,6.209845906304771734e-01,6.259896442614349965e-01,3.805558359561168613e-01,7.010930946114819484e-01,1.787983708978204966e-01,2.048551756712479188e-01,2.955703915218968469e-01,2.703367169383088520e-01,3.462371785718316719e-01,5.058544713850308266e-02,3.587858000031397543e-01,4.550002109518700433e-01,3.217652662013381626e-02,3.020635677118340134e-01,2.574398576505207425e-01,2.498874923674459791e-01,3.113707956865984228e-01,3.483757748485144523e-02,1.113224637775432624e-01,4.962796146573155709e-01,7.827950861055837928e-01,4.741254416974929331e-01,7.021309335639285276e-01,5.069154577214360913e-01,6.205683420356580271e-01,7.937844024872643400e-01,8.171621371368316122e-01,5.199132133054694682e-01,7.245279133943283156e-01,1.360138796818484985e-01,4.113036337138077370e-01,3.696379218212489937e-01,7.023667293560207359e-01,3.141919016168716050e-01,4.150422541835571133e-01,2.181867280856584768e-01,5.277221206389258734e-01,5.947244743943145284e-01,6.784258394908450063e-01,6.617644955163624054e-01,7.287664594248535188e-01,2.762167021763635155e-01,4.643434770022023539e-01,2.468458477665820550e-01,5.999526192720592288e-01,3.037552464049468326e-01,1.498253673166834998e-01,3.030830207697791101e-01,6.883729902645122078e-02
5.082271854026131075e-02,1.521194689518557130e-01,4.968446002551372143e-01,0.000000000000000000e+00,4.009752875179919407e-01,4.807334016678261324e-01,6.033537730499247687e-01,2.912232426457531664e-01,5.056914113113121223e-01,2.476583756549370074e-01,3.781619598255813730e-01,2.022406783650017581e-01,4.576232078527253666e-01,2.686131439365667672e-01,4.237368237768315282e-01,4.739907596150830238e-01,2.080027637151775910e-01,2.950798007951730417e-01,3.394669851385507253e-01,5.348729194463309744e-01,4.053764584027491069e-01,3.598726062588194496e-01,3.699529632431093340e-01,5.376027801695256736e-01,1.102153664419851381e-01,1.235998332959748203e-01,4.159766396420089274e-01,5.661409701888060475e-01,4.129389415533815111e-01,5.208645093304162810e-01,5.927965563237107549e-01,1.491907476323583726e-01,1.453484269374920590e-01,2.783806191342864111e-01,1.668748618437033981e-02,3.977141389771368662e-01,9.581860755502286109e-02,1.433821368204108992e-01,5.125634181336847783e-01,2.281084429098003963e-01,1.605498482293298279e-01,4.724079166226662074e-02,1.199854805110725509e-01,3.754025516247016525e-01,2.218543698027657385e-01,4.292655676164092854e-02,3.172392871778176304e-01,3.215813119101356143e-01,4.274785694996684482e-01,6.282134428963666029e-01,3.128520188543475467e-01,6.027770630465176804e-01,3.663888228946816650e-01,4.723528134448846116e-01,4.505971647731845109e-01,2.739815605650464114e-01,3.507593166889253489e-01,3.698391314645758099e-01,1.593647967415610101e-01,2.944178522746032645e-01,1.094449007762451354e-01,4.120813099064252194e-01,2.082340695797501584e-01,2.429043309276897600e-01,4.189525407111830968e-01,3.040145810673438032e-01,2.396426065262743932e-01,2.358417791428961963e-01,4.668835227375647268e-01,1.357037195238539329e-01,7.045938014475433553e-02,3.805267691581701861e-01,2.290432106254151889e-01,1.305630987247747288e-01,3.780010622604965675e-01,2.059068916977566943e-01
1.761430221544241781e-01,9.740781963412302458e-02,7.702862037751272428e-01,4.009752875179919407e-01,0.000000000000000000e+00,5.368044400552587359e-01,7.349949296505207119e-01,4.963483369192795980e-01,8.151037115915548137e-01,4.731677080012486880e-01,7.412611238394787305e-01,1.216545008302492570e-01,4.332856753943757910e-01,4.274415013172534472e-01,5.279535863998109368e-01,4.576372412822912183e-01,3.725882424647645741e-01,3.742898355632043317e-01,5.095834646401171675e-01,5.942885921783540581e-01,5.305409469502286868e-01,5.204547728663762030e-01,5.706976103079572926e-01,4.396220923884973097e-01,2.413978000614333541e-01,2.753107453174090669e-01,6.389293134937095164e-01,6.238848971732007254e-01,6.461371116979693907e-01,4.192555209314736686e-01,6.265931840865393010e-01,1.452246382540309799e-01,1.739391317546862270e-01,3.743946364296223406e-01,1.740315649889389582e-01,3.658807196374606052e-01,8.975072641790170225e-02,4.709671385809482969e-01,3.192260047824228564e-01,4.245704010368325787e-02,3.399940213097015218e-01,1.811158339878613244e-01,3.133934492550707329e-01,2.404982177054624248e-01,2.489597873745312551e-02,2.246592650925662293e-01,2.365252066582524404e-01,6.393977377306159227e-01,5.153801622512820257e-01,7.330240750022976037e-01,2.995817916826624128e-01,5.772392683355421772e-01,5.298161081908230319e-01,6.640394447659250243e-01,4.975212104520275735e-01,6.737119379093018390e-01,2.067458715488776355e-01,2.754082365070029681e-01,3.103243500008419087e-01,5.358686609439690107e-01,3.992534336094448189e-01,3.340787366141705905e-01,2.156384874846407063e-01,2.712273747843589322e-01,4.178015166180887308e-01,5.477554522949718008e-01,5.553157768918903781e-01,4.581764591452097690e-01,3.352893593232126879e-01,4.149773394829960882e-01,1.637443901647841205e-01,4.807901706100322636e-01,1.652318636776873295e-01,2.063486140204663088e-01,2.449250012502384444e-01,3.084152677358303202e-02
1.894872934353026006e-01,6.875021289353550058e-01,7.018006641565173176e-01,4.807334016678261324e-01,5.368044400552587359e-01,0.000000000000000000e+00,6.554537552462595951e-01,6.073376893556906575e-01,6.912968169786652961e-01,5.500176360083506300e-01,5.868120976140276390e-01,6.522463571077341538e-02,5.220459866440694263e-01,4.095313518572145650e-01,6.106037033168874029e-01,6.389589238662592985e-01,4.416306274070951887e-01,5.532056285233751813e-01,5.143790728224830744e-01,7.825776863758053814e-01,7.318418513168374329e-01,7.229950388168957520e-01,6.851721016466907344e-01,3.339498314005269197e-01,3.847778839458972922e-01,5.425384104611217229e-01,7.966668007593700196e-01,5.493285502148073096e-01,6.973197383851670317e-01,2.761996913197712900e-01,6.626412125067782100e-01,2.327643674467513857e-01,2.416070684292203341e-01,3.083017246856828431e-01,1.339167247042432063e-01,1.831983464375596671e-01,4.228056845631289473e-02,3.173042283108561401e-01,4.222330467846113766e-01,7.861626054062371971e-02,2.330181412973121868e-01,1.832939787256474273e-01,2.234843446842815773e-01,1.917798602805162456e-01,1.351963331672769164e-01,1.264665334615240055e-01,5.675671901742126435e-01,5.565968782692107819e-01,4.152900745835415020e-01,5.538979324646502445e-01,6.983705956256014424e-01,5.396025706058881211e-01,6.603256374089179204e-01,5.433014782377889595e-01,3.994574365911582881e-01,4.656023485913578508e-01,2.434440437035939597e-01,5.643506598333148938e-01,3.525471650152258718e-01,6.022414484839819782e-01,2.463583795578253022e-01,4.336512463455992616e-01,2.175436660867038074e-01,4.342470951302285220e-01,6.552042320525157670e-01,5.798088229997673260e-01,5.601099899376160707e-01,6.027524885851882619e-01,2.774716597530831330e-01,4.395578657536882705e-01,3.271727062886232718e-01,6.876274321579098903e-01,2.019521365352494602e-01,2.147277200764539651e-01,3.134494370811912733e-01,1.165234896476727566e-01
1.451246418408409788e-01,2.580610031514463110e-01,7.119303899904187993e-01,6.033537730499247687e-01,7.349949296505207119e-01,6.554537552462595951e-01,0.000000000000000000e+00,3.782750977685477300e-01,7.482625882687811147e-01,5.924097292147203486e-01,6.453168603916747958e-01,2.270605946902319316e-01,5.780149678595706275e-01,4.324969169640957567e-01,5.181755808075676484e-01,6.715683544942085970e-01,5.276732147954280583e-01,5.656022972440100105e-01,5.037061597244789635e-01,6.872358343922849722e-01,5.726967031567908872e-01,6.088246267466428385e-01,4.828596279763720522e-01,6.057171783684558442e-01,2.314579794377389921e-01,3.098782534834733093e-01,6.613031834222713456e-01,6.709265927533234475e-01,7.506300363761191363e-01,4.768226756564250546e-01,7.257149878765303264e-01,2.714903340339242521e-01,8.639831753962687322e-02,3.927640866307133827e-01,8.924741634634940357e-02,4.479491483307244115e-01,1.668794815075753668e-01,4.471953152098340767e-01,4.069949617707366851e-01,2.174369188128363328e-01,3.006276833128139758e-01,1.007176865385684822e-01,4.101977541975661556e-01,2.584244719679159030e-01,1.057492116595936948e-01,1.496820886338529055e-01,3.589503572309010737e-01,5.295317024469685663e-01,5.625365065480538718e-01,7.819990054657190992e-01,3.467417249668988677e-01,6.507861720938012962e-01,4.713096426477881851e-01,5.989507265909059797e-01,5.733221667442617298e-01,5.801475521443136829e-01,2.661103365867575343e-01,4.015764810252343553e-01,2.917274654789221433e-01,5.180422800995811983e-01,3.997445523623540664e-01,3.779737458292290464e-01,2.411118719026680290e-01,3.430466652206772826e-01,4.756637603345097998e-01,5.261979983710113329e-01,5.280775739305081373e-01,3.841865995079585261e-01,5.281833627495520211e-01,4.204570897118526385e-01,9.558587924174918871e-02,4.790652090448837552e-01,2.009560230783170587e-01,2.255151749622185120e-01,3.536232432780882506e-01,5.393046751546426432e-02
9.040488789993980645e-02,9.877787774733579051e-02,7.454045041825260176e-01,2.912232426457531664e-01,4.963483369192795980e-01,6.073376893556906575e-01,3.782750977685477300e-01,0.000000000000000000e+00,6.344668035858096466e-01,2.388513097527474593e-01,7.284906088204434749e-01,8.699847064946375497e-02,3.953845631925724247e-01,3.881113949791600293e-01,5.462896884481740489e-01,2.519795072448141049e-01,2.882931205377152750e-01,1.802389766897429246e-01,3.443408341611477463e-01,5.041839529000258224e-01,5.403461893495551394e-01,3.238656193316898912e-01,8.057365106486954476e-01,1.349548237445044596e-01,6.903974580954631846e-02,3.933025356678433448e-01,5.072814815642834319e-01,5.178041561775030832e-01,3.927886716793870248e-01,2.486883564385475309e-01,4.892502398025888044e-01,2.113299290277014658e-02,1.781766296317227327e-01,2.884659761630125052e-01,2.956928058971708961e-01,3.147941748365269410e-01,3.247172956713469116e-02,4.628620718187143046e-01,5.029590981112722625e-01,9.404765854384089518e-02,2.189257558913736690e-01,2.810929683775527099e-01,1.179392436549585865e-01,3.138720215287311155e-01,9.792108494815808528e-02,9.316397913213847470e-02,7.575144699970740025e-02,6.233676038182870416e-01,3.566654618868877469e-01,3.106534783704513192e-01,2.919038691456012913e-01,1.558682331731569559e-01,8.206299376916503796e-01,5.363699902425440591e-01,1.901860917651406746e-01,4.815727804178342453e-01,2.712598158066263920e-01,1.710751109397664893e-01,1.955633530339613291e-01,5.419622971960232904e-01,3.281226394882463815e-02,6.505388288091268345e-02,1.169212543911040958e-01,2.279041982082211648e-01,3.476594158588485195e-01,5.921303001497525420e-01,3.730850633746350398e-01,5.668156629608901431e-01,4.631268759680284841e-02,8.441454920871756251e-02,1.471691276316643704e-01,3.288959424943102006e-01,8.474398129158708382e-02,1.229813650484122001e-01,2.312126270452175558e-01,2.325160251954450086e-01
1.589845929510688427e-01,3.187902447026316199e-01,9.383960659595790288e-01,5.056914113113121223e-01,8.151037115915548137e-01,6.912968169786652961e-01,7.482625882687811147e-01,6.344668035858096466e-01,0.000000000000000000e+00,5.826123503379272428e-01,8.482882273446413768e-01,9.282958552423617449e-02,5.386012369866318705e-01,4.340929780157741225e-01,7.238434151917484405e-01,6.025646382019245184e-01,4.388856164561786288e-01,4.469595209070460484e-01,6.398064918992736327e-01,8.302084241078004911e-01,6.783572488132424416e-01,7.116214720598688093e-01,7.251390394361456604e-01,4.165355414686840452e-01,2.487962860017077782e-01,4.039599461080165543e-01,7.883371050295212568e-01,6.973420364532157967e-01,7.443602039707899465e-01,4.278686241045665528e-01,7.359314902388325308e-01,7.989082942491634864e-02,2.398230226098745643e-01,4.098914632979285266e-01,2.184378951073240593e-01,3.447223284771812613e-01,2.403203519090528484e-02,4.912018732468981241e-01,4.651262661817512356e-01,1.759091315311837184e-02,3.779348723485581041e-01,1.750640860070097893e-01,2.757999044053544568e-01,2.229984364393424179e-01,5.228183188759222277e-02,1.707232143146401038e-01,4.342896757606777847e-01,7.797070328179416254e-01,5.361267136997005522e-01,7.648265792461144130e-01,4.634937197727073133e-01,6.707725204461367774e-01,6.698570985875021977e-01,8.116956873277857420e-01,5.810161394387596268e-01,6.908058293800377614e-01,2.424063242869724522e-01,4.705291103210061388e-01,2.890387430747148323e-01,7.478183107541934715e-01,3.834795952808709441e-01,4.836329853390072264e-01,2.614365659634492745e-01,4.355166176979414772e-01,6.807888969740465424e-01,6.643781419759322571e-01,7.225490144280570792e-01,6.375897034373063654e-01,3.718604903349482238e-01,4.454183038261918526e-01,3.146489014129347783e-01,6.240650416892152830e-01,2.942740253378619553e-01,2.114029418701022789e-01,2.874989683044740230e-01,1.671613283912518066e-02
1.464016622000052781e-01,3.397025625342086630e-01,5.308966858767292241e-01,2.476583756549370074e-01,4.731677080012486880e-01,5.500176360083506300e-01,5.924097292147203486e-01,2.388513097527474593e-01,5.826123503379272428e-01,0.000000000000000000e+00,4.816719992367876624e-01,2.549671620072518907e-02,2.525149813643200458e-01,3.718372344882912572e-01,3.566963676952168427e-01,4.063395665030671844e-01,2.715305539206878671e-01,3.262120619091276597e-01,4.456997660871895306e-01,5.318336884596711611e-01,4.147086090369462297e-01,5.162733033559021578e-01,2.955902448883432898e-01,2.815920378106229194e-01,4.115786516462097699e-01,2.627425420501922626e-01,5.246499459173032953e-01,2.596145846782760280e-01,5.110432134782622038e-01,5.004322547159335832e-02,4.793946653305050098e-01,6.128126776217800858e-02,3.631857162234589653e-01,1.658818726638301988e-01,9.607824746964371831e-02,2.683757302463322669e-01,2.990937645190933081e-02,1.337500407982833706e-01,2.646916676558982440e-01,1.720699401998127265e-01,2.666912616170766248e-01,1.194753466321933633e-01,3.380616882549053459e-01,4.324288941099638239e-02,1.098505549740055598e-01,7.796685479952664144e-02,4.746349289486931911e-01,3.564814334710106891e-01,4.371127703871587888e-01,5.779880093378417794e-01,4.038724566367841162e-01,5.592762160475104327e-01,3.184615022451999233e-01,4.708996637902651550e-01,6.191004311072804134e-01,4.561409721966923070e-01,1.624568287886992146e-01,3.714628986632718677e-01,2.806593705037253583e-01,3.922495449896664099e-01,2.477515478373217561e-01,4.782324220678736970e-01,1.164507260620216977e-01,3.559027405954992007e-01,4.891429586183446143e-01,4.027131075365576462e-01,4.972771734244035291e-01,2.733841351231288685e-01,2.665151766068640238e-01,4.370201214811550994e-01,1.703071276139712653e-01,4.155895849536508369e-01,3.042632086807927072e-01,2.584322900904618692e-01,2.073580713699204048e-01,1.126908678081039311e-01
1.174054212732768276e-02,1.486918646346843675e-02,9.127936436028144529e-01,3.781619598255813730e-01,7.412611238394787305e-01,5.868120976140276390e-01,6.453168603916747958e-01,7.284906088204434749e-01,8.482882273446413768e-01,4.816719992367876624e-01,0.000000000000000000e+00,4.222927799792319803e-02,3.680129576439338801e-01,4.785610524772546670e-01,6.421946885741180999e-01,3.275695014140421746e-01,3.326459662347150403e-01,2.794992905570666819e-01,6.640495038388244398e-01,6.537529437740687843e-01,5.309933492395545462e-01,4.816197722970314010e-01,6.964036128807695736e-01,3.859215526423719900e-01,1.695834043768316146e-01,2.230993109226874771e-01,5.912500102786910627e-01,5.617206359469688604e-01,5.520268502585261583e-01,3.319505908994697663e-01,6.250793505002164574e-01,4.077897962626833572e-02,2.512073919859925120e-01,3.439900813956222603e-01,3.677441522348156022e-01,4.051543188124745454e-01,3.678634299768550331e-02,4.357568990657667563e-01,5.068293949040746371e-01,1.098679796101097728e-01,3.349489043590110349e-01,3.208215654412674978e-01,3.016911641587670667e-01,2.802296966477164086e-01,7.056810707248853398e-03,5.991975143198551013e-02,2.744274680738487682e-01,6.200262290766590523e-01,5.728541919236292967e-01,6.201713936703956431e-01,3.374100807836487581e-01,5.185937225167618347e-01,6.983249612704580667e-01,6.827347633745574074e-01,4.878617594126355983e-01,6.920790688518420053e-01,1.638417468938055122e-01,2.349282880755752256e-01,3.614977770458519535e-01,6.312733023921625053e-01,2.300376989926634919e-01,2.866466110076156815e-01,6.744370733848334409e-02,4.127995029283380579e-01,4.208341648494794418e-01,5.705303353918874665e-01,5.478950436484488762e-01,5.349187168880825682e-01,3.317614836357891672e-01,3.413111747720588007e-01,8.548822255895248412e-02,4.190120051734390616e-01,1.138555283146466257e-01,5.969458205447118054e-03,2.933511848252036702e-01,1.300371006728705536e-01
9.737715070465256806e-02,5.473046496337591327e-02,1.529098883115710128e-01,2.022406783650017581e-01,1.216545008302492570e-01,6.522463571077341538e-02,2.270605946902319316e-01,8.699847064946375497e-02,9.282958552423617449e-02,2.549671620072518907e-02,4.222927799792319803e-02,0.000000000000000000e+00,1.312199568196854016e-01,3.654170956363433920e-02,3.495597621418117806e-01,1.430967506500077091e-01,1.128335859925206908e-01,3.085460892366251318e-02,4.399481193034796012e-02,1.982046071756886352e-01,3.395706279576714559e-01,2.382961548868381962e-01,5.510819050610937797e-02,5.965915846450173810e-01,4.954745872697280396e-02,3.918325388392903674e-01,3.078393006937585885e-01,1.429467477235069062e-01,3.522798702639532431e-01,3.720162605185879379e-01,3.249970162065974888e-01,1.044081783770007404e-01,2.832334644291990555e-01,7.885731217334304710e-02,1.774965286934670483e-01,4.152356681942573347e-02,1.399111883491182540e-01,5.387919307687699666e-02,9.695090587280282002e-02,2.484854623096508508e-01,6.509836706803015516e-02,7.237597900069553392e-02,1.727694565829214490e-01,3.724970343181729926e-01,4.107266935327036350e-03,1.338822615022828288e-01,3.327188344146006505e-01,1.660973247348063730e-01,5.665246870275873758e-02,1.260403144821691246e-01,1.107307306306293815e-01,3.892269955013960558e-01,3.640089119193778977e-03,2.253387424864847222e-01,2.774810712613733910e-01,8.277318005526188016e-02,1.156913251232403184e-01,6.649826780821294081e-02,2.232048271079783430e-01,3.861044509935404601e-01,4.458212570613854786e-01,2.082459517411013039e-01,3.454419013137454142e-01,9.788375746306079983e-02,2.981451708045775306e-01,3.106446423543580693e-01,3.216110076836125042e-01,1.648328905492912888e-01,3.394752334071547972e-01,5.305605337553481737e-01,1.861432385074574536e-01,3.121920385774921702e-01,1.590602997341860614e-01,3.713310508954506539e-01,1.350378767262251645e-01,1.840541237789127260e-01
9.605207502162836641e-02,3.673860604012448294e-01,4.313913725515086672e-01,4.576232078527253666e-01,4.332856753943757910e-01,5.220459866440694263e-01,5.780149678595706275e-01,3.953845631925724247e-01,5.386012369866318705e-01,2.525149813643200458e-01,3.680129576439338801e-01,1.312199568196854016e-01,0.000000000000000000e+00,1.028114443387555810e-01,1.830837080319018539e-01,6.340420000697997160e-01,5.903851019633066244e-01,4.972139543826436525e-01,2.680381659625485913e-01,3.848906000849753317e-01,3.609599432111348927e-01,2.886153491726272668e-01,5.173574879469113874e-01,1.675723046702426999e-01,2.872079951030831468e-02,5.506059251056321102e-01,2.993879990469087704e-01,7.666711057266530904e-01,3.868191572666356270e-01,3.062926025967752652e-01,4.131428838763440137e-01,1.558889785824672525e-01,2.788830191171638717e-02,2.532182809737258955e-01,7.057333123579767609e-02,2.045497513413611634e-01,1.217167144905800247e-01,2.538897581240669998e-01,3.865666114499484163e-01,1.899579679693655099e-01,1.145304811426762492e-01,7.977029872068107375e-02,1.662626134633135855e-01,1.221755209562985361e-01,7.104792109337162986e-03,1.148932530860209689e-02,7.929043882562403223e-02,5.087010509453546714e-01,3.488215477320610880e-01,4.834657702986975281e-01,2.656639842729519030e-01,3.216376137546602121e-01,3.992330072126250573e-01,3.863371245915641627e-01,3.047706029309488196e-01,4.344626902515919542e-01,5.367377665648929153e-01,6.388853909492679950e-01,8.327211459218157585e-02,1.804940050051772049e-01,1.189618536823750239e-01,2.128842741225088764e-01,2.408226987245355166e-01,2.275870609454815341e-01,1.728422039661382248e-01,2.862090843722911448e-01,7.745836530629920946e-02,3.256720612093730871e-01,1.729780092137581937e-01,1.469169272537007576e-02,3.228216970926502394e-01,1.819488942465192771e-01,1.911392184501945479e-01,2.443299214841199857e-02,1.803433407107500608e-01,2.636809584133841255e-01
6.958324374228949671e-02,7.190396401300974683e-02,4.534567460543497686e-01,2.686131439365667672e-01,4.274415013172534472e-01,4.095313518572145650e-01,4.324969169640957567e-01,3.881113949791600293e-01,4.340929780157741225e-01,3.718372344882912572e-01,4.785610524772546670e-01,3.654170956363433920e-02,1.028114443387555810e-01,0.000000000000000000e+00,3.156344871768282934e-01,9.992602618258882019e-02,1.288187397605494999e-01,1.377266918825855446e-01,3.808459219810688690e-01,3.388819882129994188e-01,2.440243146634207827e-01,2.254123610834106728e-01,3.716118181662175779e-01,1.463803163205408819e-01,2.124938682820584346e-01,1.501404802342748701e-01,3.524373297022125318e-01,2.778533094291673056e-01,2.664292502160882647e-01,2.976469389948583344e-01,4.733581767331015433e-01,1.093837955649937521e-01,1.657502543606654555e-01,1.525400695014623720e-01,1.745367767012603322e-01,2.574042470282674189e-01,2.012181409298096080e-01,4.262052415788121218e-01,1.080570223261889257e-01,7.556562038850060670e-02,1.945012084533652430e-01,7.180404432547687898e-02,2.868564233782839867e-01,1.182918456354924291e-01,8.644583103102919386e-02,1.638278919399064476e-02,2.943575380719051782e-01,1.573200090387618100e-01,4.849291913818502553e-01,3.759399708040795929e-01,2.238436514043559977e-01,2.902196952082191639e-01,3.945272456621438661e-01,2.950241057094673547e-01,2.877141805684449993e-01,4.152956093684785355e-01,8.297416794775143434e-02,1.573123278035469252e-01,3.109293236605679689e-01,3.381515958242579112e-01,1.152814254415109319e-01,2.658266736291401977e-01,4.000893626479118392e-02,1.168168305878948127e-01,1.650637360288854105e-01,3.089604844022733054e-01,2.956593530461402164e-01,2.863930344705598596e-01,4.976003620169888036e-02,3.252832763505260627e-01,9.269698397642467391e-02,1.803290700406968150e-01,3.892410870701995540e-03,1.272246686332873800e-01,1.423094581397292835e-01,1.339614830901424691e-01
2.554110797122384202e-01,1.854346626937121989e-01,7.269902144253700405e-01,4.237368237768315282e-01,5.279535863998109368e-01,6.106037033168874029e-01,5.181755808075676484e-01,5.462896884481740489e-01,7.238434151917484405e-01,3.566963676952168427e-01,6.421946885741180999e-01,3.495597621418117806e-01,1.830837080319018539e-01,3.156344871768282934e-01,0.000000000000000000e+00,4.671919735095168003e-01,2.644077695763019653e-01,2.290282159011357010e-01,3.656009199865232762e-01,8.064580845401176923e-01,7.887038306130563781e-01,7.437315410243369174e-01,6.490731457517007197e-01,4.774334496640602610e-01,2.000760478712229617e-01,1.909302245847264434e-01,7.878668158210138106e-01,5.791873371324067765e-01,7.120816490072137128e-01,3.525497071174050201e-01,7.273832846791625784e-01,1.134135412694309564e-01,1.378654889384314797e-01,4.713561355189577196e-01,2.905096198168749533e-01,3.471613557568518638e-01,1.373677611002394050e-01,3.633342257757613547e-01,3.889338283321003287e-01,1.394207161565452768e-02,3.645500552370462000e-01,2.907642952915027168e-01,6.771753340914796193e-02,3.671207226102095045e-01,5.543839746931576717e-02,2.906167576073482306e-01,3.888988487065547783e-01,5.768868741160404490e-01,2.106953507768945522e-01,5.164362479137595274e-01,4.947389967907187547e-01,5.342044347477579169e-01,6.051668756138712801e-01,7.493543702193633527e-01,4.306583699927525877e-01,4.205089043401609161e-01,1.074825312277514350e-01,1.941411527560970296e-01,1.091240723638055854e-01,8.706049179208101840e-01,4.532423061563760625e-01,3.499855786513462186e-01,1.887339502283256476e-01,2.838355523691295512e-01,6.935150562580417732e-01,7.783038765260580361e-01,7.946878340482183001e-01,5.970465978033066001e-01,3.592238476269009051e-01,4.836851294197003215e-01,1.179817835274642734e-01,7.500068830394129860e-01,1.366635358714152759e-01,3.796980797430697940e-01,3.113748684629694674e-01,8.432256800812298891e-02
3.746586395229917210e-01,5.346534469534456324e-01,4.758907469709237614e-01,4.739907596150830238e-01,4.576372412822912183e-01,6.389589238662592985e-01,6.715683544942085970e-01,2.519795072448141049e-01,6.025646382019245184e-01,4.063395665030671844e-01,3.275695014140421746e-01,1.430967506500077091e-01,6.340420000697997160e-01,9.992602618258882019e-02,4.671919735095168003e-01,0.000000000000000000e+00,6.920804708501671065e-01,6.214569339388480440e-01,4.256601225547489986e-01,6.473856020149131307e-01,5.912262387220621473e-01,6.277546010708974222e-01,3.656279297148420926e-01,4.043825303711290897e-01,1.301621452225698583e-01,4.241175250226583149e-01,5.945453819958017583e-01,6.950334337487946712e-01,6.664968393947965364e-01,3.511986289443623233e-01,6.150308456055191275e-01,2.510262869538640862e-01,7.411216928744801535e-02,4.023692562822420715e-01,1.201786961417974919e-02,2.095870177038133830e-02,6.573978911219917343e-02,2.875764284473977250e-01,3.835240309217590737e-01,3.958460813857037075e-02,3.015122056881108792e-01,1.338027204910305079e-01,1.075833921847312025e-01,2.314139001161686360e-01,7.080073149123700116e-02,3.432163492480653222e-01,3.415981368697264542e-01,4.969372416769267664e-01,2.380220472883652350e-01,5.591753112114750124e-01,3.853777691784278092e-01,5.524807092150015864e-01,3.103206726747354538e-01,5.448058922370179191e-01,4.516436321592552927e-01,3.636858108866016792e-01,2.407760474842708942e-01,5.141953748539336289e-01,1.073766197274571288e-01,4.678852288447901686e-01,4.418156861828572146e-01,5.252748700856015862e-01,4.723990712129434444e-01,3.584105834784477862e-01,5.057201734865945930e-01,4.583191153149431818e-01,4.161006415749808895e-01,2.983450103986481361e-01,3.730446396731681435e-01,3.043620748495198258e-01,2.468603048238749709e-01,5.085290460455824668e-01,2.938717780309697547e-01,3.202926492170575790e-01,2.580927488065921649e-01,7.401415513836567817e-02
2.974122432668583893e-01,4.360518873922591965e-01,3.344488277959760669e-01,2.080027637151775910e-01,3.725882424647645741e-01,4.416306274070951887e-01,5.276732147954280583e-01,2.882931205377152750e-01,4.388856164561786288e-01,2.715305539206878671e-01,3.326459662347150403e-01,1.128335859925206908e-01,5.903851019633066244e-01,1.288187397605494999e-01,2.644077695763019653e-01,6.920804708501671065e-01,0.000000000000000000e+00,5.136900495715266413e-01,2.937243967872657513e-01,4.565647222821020423e-01,4.275945556714123574e-01,4.198653062814325931e-01,3.298898002973330579e-01,1.250283233830321028e-01,1.792012957726478728e-01,5.409637624334178163e-01,2.983379539051866924e-01,4.590453753786210012e-01,4.673864990503436845e-01,2.070613591343210547e-01,4.779086273071104785e-01,1.383817352713666293e-01,1.313573249540731791e-01,3.831092346062136000e-01,4.298367053722679243e-02,7.300048687750056164e-02,2.683456412578254235e-02,3.188362250693709266e-01,3.033101163052957516e-01,6.029910472144153766e-02,2.062533458338506875e-01,1.848660720838344873e-01,1.731492589344764688e-01,9.708910793268848982e-02,5.240330105732798893e-02,2.430461211103710217e-01,2.530884869482558086e-02,3.301874483485110479e-01,2.872974397903149679e-01,3.893255083843744080e-01,1.917076566366470725e-01,2.813468429396779880e-01,2.673060094429128286e-01,3.673960863234851937e-01,1.751711177784698314e-01,3.905708536042660217e-01,1.715275648067653425e-01,3.393766314974683840e-01,1.849565988210976897e-01,2.591476669656479492e-01,2.166228823348228805e-01,2.332402558500245027e-01,1.201370445144430699e-01,1.671033343654883263e-01,2.807757976957855894e-01,3.691746653006132695e-01,1.592059663151654814e-01,1.277400828900679408e-01,1.955254637782031235e-01,4.041120520164454000e-02,2.357372340246470244e-01,2.420147769445718799e-01,6.959795112615047019e-03,1.452121974759062184e-01,1.636219060287223970e-01,2.371963599003056866e-01
1.540620435707487634e-01,5.416090033081730759e-01,3.823102796940909265e-01,2.950798007951730417e-01,3.742898355632043317e-01,5.532056285233751813e-01,5.656022972440100105e-01,1.802389766897429246e-01,4.469595209070460484e-01,3.262120619091276597e-01,2.794992905570666819e-01,3.085460892366251318e-02,4.972139543826436525e-01,1.377266918825855446e-01,2.290282159011357010e-01,6.214569339388480440e-01,5.136900495715266413e-01,0.000000000000000000e+00,3.113613646981530092e-01,5.389194951932287925e-01,3.338424923261097965e-01,5.334108183162460382e-01,2.639566307557387193e-01,1.491928980236241764e-01,3.635928517358004708e-01,3.655807990147308395e-01,4.709202995368675371e-01,3.403539467476962010e-01,5.033259577985975675e-01,1.195420758409680151e-01,3.886836419216601612e-01,1.849364027528861698e-01,2.229517628681078889e-01,1.875833348236435050e-01,1.181649959687803425e-02,1.165291923523696094e-01,4.982940739286614851e-02,1.407227275922866561e-01,1.229865790102242229e-01,2.106158151970139170e-01,2.109225522655196194e-01,3.488952171028880667e-02,2.659760306588756507e-01,1.070015073514795911e-01,1.364368188499394674e-01,1.510882008536559573e-01,2.476469259421443248e-01,3.228365511472524041e-01,1.833844078844949765e-01,3.599635243248546224e-01,4.263842343121349576e-01,3.667718105709402154e-01,2.821473799548495642e-01,3.826723344217198841e-01,2.423797159900439313e-01,3.767840711984297153e-01,1.841735055660526088e-02,4.199092967201661919e-01,1.196489634700688282e-01,2.273171009470675574e-01,3.317720304437551393e-01,3.825820171108272882e-01,4.452419711867712238e-01,3.205042144481111688e-01,3.864318248718575100e-01,2.277297916718851456e-01,2.657517805704034397e-01,2.215795015092457132e-01,7.869536202361077093e-02,2.643023965485106763e-01,2.624742689011802521e-01,4.780672383201558517e-01,2.207861460248906060e-01,3.488852123629621049e-01,5.696972997731905575e-02,7.768738594914392781e-03
1.407596799640031815e-03,3.539388687126249766e-01,6.821402790678875450e-01,3.394669851385507253e-01,5.095834646401171675e-01,5.143790728224830744e-01,5.037061597244789635e-01,3.443408341611477463e-01,6.398064918992736327e-01,4.456997660871895306e-01,6.640495038388244398e-01,4.399481193034796012e-02,2.680381659625485913e-01,3.808459219810688690e-01,3.656009199865232762e-01,4.256601225547489986e-01,2.937243967872657513e-01,3.113613646981530092e-01,0.000000000000000000e+00,5.469183417092795541e-01,3.490121089742037608e-01,5.445892637367726330e-01,3.961108491407141496e-01,2.894239538848630833e-01,2.242293898700671306e-01,3.238914645388057956e-01,4.594004528041884527e-01,3.766601448521164630e-01,3.424791960352009390e-01,2.341392199715959799e-01,4.955877755553169672e-01,1.683062683601810050e-01,3.557291228051349119e-01,3.339384411447434697e-01,1.497102608991041361e-01,2.684047997729525070e-01,5.414406688167411330e-02,2.947128726282198796e-01,2.753778932297855642e-01,1.087233259857310202e-01,3.528328890562485998e-01,1.103734812321020692e-01,3.978429840047288391e-01,1.002749383662028537e-02,1.051217755776951424e-01,1.777304009404101492e-02,5.481335445840133103e-01,4.722494998103068387e-01,5.108688497801719963e-01,5.918408552911256226e-01,4.604894520128822721e-01,5.542500188530463667e-01,3.800288489183156759e-01,5.550517132240544438e-01,4.785226969366369598e-01,6.732144842944525198e-01,2.215792123152865167e-01,5.050542007706525505e-01,4.564768821369434293e-01,3.531800363866658410e-01,1.769447981238374545e-01,3.783719578295640096e-01,1.580917323446248413e-01,7.441081139657446109e-01,3.419154359443380975e-01,2.483016682494597338e-01,4.161361559267903187e-01,4.311001771950555561e-01,2.668221753170403332e-01,4.042081447137794159e-01,3.801803657927719238e-01,3.668394112824952535e-01,3.360206685036188912e-01,2.185061897233230022e-02,3.204875204355477347e-01,3.894002008616892496e-03
2.213629811332426811e-01,4.598749930832652932e-01,7.873843494261373310e-01,5.348729194463309744e-01,5.942885921783540581e-01,7.825776863758053814e-01,6.872358343922849722e-01,5.041839529000258224e-01,8.302084241078004911e-01,5.318336884596711611e-01,6.537529437740687843e-01,1.982046071756886352e-01,3.848906000849753317e-01,3.388819882129994188e-01,8.064580845401176923e-01,6.473856020149131307e-01,4.565647222821020423e-01,5.389194951932287925e-01,5.469183417092795541e-01,0.000000000000000000e+00,7.893108212892748776e-01,8.950387915179592868e-01,6.601092919964115513e-01,4.873051547730039013e-01,3.905564839442727809e-01,3.530835227672440846e-01,8.688997503284366930e-01,6.674745294877508783e-01,8.285028750066864012e-01,4.186571775317988742e-01,8.057024982897066367e-01,2.167470279804456501e-01,1.736682029746428046e-01,3.775073499383643783e-01,2.207255491807409986e-01,2.517540781330849797e-01,4.222071212800565521e-02,3.806048081003128303e-01,3.863815289705228029e-01,3.752832225883993150e-02,4.289836645557741357e-01,2.649365184459496203e-01,1.881549244176458913e-01,2.420442202467913140e-01,3.174712156010647823e-02,2.614214515028144281e-01,6.165016684646900114e-01,6.049884857819840533e-01,4.227406933585162174e-01,7.027013085301688777e-01,6.853522658268544898e-01,7.236550552596588970e-01,6.054441174712883456e-01,7.707030642063893433e-01,6.177627231927161899e-01,4.775977241942466200e-01,2.280190180871655425e-01,4.992321394770921628e-01,3.129140551976986595e-01,8.018578017207755870e-01,6.061782537639640589e-01,5.631989885313404276e-01,5.077282957867326196e-01,4.434678070093288627e-01,8.949438504888915791e-01,7.327082383356071649e-01,8.902916237526384835e-01,6.275859561667070929e-01,3.560172223491900323e-01,6.273033565649417387e-01,2.890746257399317565e-01,8.773571534743243028e-01,3.504305419855356929e-01,5.044982345521891176e-01,3.333723126599146269e-01,5.455909361309757566e-02
4.865277822649609063e-01,4.292636529701618353e-01,6.864956323201025779e-01,4.053764584027491069e-01,5.305409469502286868e-01,7.318418513168374329e-01,5.726967031567908872e-01,5.403461893495551394e-01,6.783572488132424416e-01,4.147086090369462297e-01,5.309933492395545462e-01,3.395706279576714559e-01,3.609599432111348927e-01,2.440243146634207827e-01,7.887038306130563781e-01,5.912262387220621473e-01,4.275945556714123574e-01,3.338424923261097965e-01,3.490121089742037608e-01,7.893108212892748776e-01,0.000000000000000000e+00,7.594804627439929456e-01,6.025450587540226444e-01,5.098365066327726902e-01,3.372284628113343397e-01,3.379413073864377393e-01,8.077268304702304169e-01,6.590630333065952140e-01,7.997686181233755187e-01,3.928127976258546372e-01,6.868133704199695933e-01,1.881530214123992573e-01,1.012655527332394501e-01,4.414822680045116798e-01,1.259185177524288213e-01,1.890970369610257551e-01,8.702946735677703771e-02,2.228557314715647331e-01,3.746595013653741257e-01,3.008070156583828036e-02,3.965253860730848512e-01,2.233535973765556071e-01,1.802837228761929728e-02,4.756518306885210157e-01,5.726800391101662113e-02,3.969971577299549192e-01,3.357216218287980558e-01,6.923320936538861492e-01,3.462021225733987739e-01,5.068190868407949079e-01,4.491312935264250017e-01,4.718780687839810861e-01,6.352364446652867258e-01,6.500059160880901077e-01,4.114161820866117369e-01,4.040984279868613527e-01,8.706077492251457217e-02,2.221280963451355006e-01,1.442412261279734376e-01,8.236504186803870198e-01,4.594116494350185542e-01,3.655697496710007544e-01,2.640305498175191112e-01,3.227638629033108275e-01,7.484913273512783238e-01,8.651942458678439918e-01,7.446230852401267697e-01,5.654170534560504224e-01,3.260449628232990893e-01,4.958715088008341376e-01,1.388267715041172634e-01,7.164235482875849215e-01,2.240701036412224290e-01,4.576784984585730576e-01,1.980517802584138010e-01,8.440750499788891859e-02
