0.000000000000000000e+00,1.077426868929614590e-01,2.984902125349149227e-01,2.197103723085634952e-01,2.691618771989851555e-01,2.555426701665275413e-01,1.161567985582981632e-01,1.042037237088100227e-01,3.462709817366834142e-01,2.150592890135664681e-01,1.420604080724020557e-01,1.242409700887988494e-01,5.532161064969269570e-02,2.115874970936936217e-01,2.877258476742691196e-01,4.091349187182766745e-01,8.774912949636370918e-02,7.359697719969887642e-03,3.522702489928027925e-01,2.917455234396765240e-01,5.031739768808127788e-01,4.335785685384977439e-01,2.173659228042962577e-01,2.670441384927785267e-01,3.201249654642125408e-01,1.818805586945851371e-01,4.699712618933905017e-01,2.788506095840803667e-01,5.440771819891667693e-01,2.612122447624550814e-01,3.653850649675828843e-01,7.334553850774888639e-02,3.081874973959927155e-01,2.244381752782443895e-01,3.456323839980558754e-02,1.263489437212660382e-01,4.469406766158146027e-03,2.589818177154206702e-01,1.025563141548646584e-02,2.827575679146219212e-01,1.369206316243343491e-01,7.778771361408625545e-03,1.908563735531970396e-01,2.329780537840345223e-01,3.074628291627692911e-01,7.242852973985623999e-01,9.197451404201834047e-02,2.659808440888931091e-01,3.801038455306154917e-02,2.825281733011807406e-01,2.024352945490605626e-01,3.175103430091568146e-01,6.012890311462534831e-02,3.661051018380688804e-01,2.329093060978765228e-02,1.288397211514014651e-01,2.532700798775072704e-01,3.512708133000047583e-02,1.309658420880679963e-02,2.282879864286982141e-01,3.269999602566495134e-01,1.002988735707527335e-02,1.169400423050472038e-01,2.151467000610539915e-01,2.863958361721871682e-01,5.595800975389300103e-01,4.371309712260927349e-01,1.653133129915544952e-01,3.188187906822734785e-01,2.797004314947819092e-01,2.376009706232746765e-01,3.449677293639806797e-01,6.133186750573782486e-02,5.077421233352221730e-01,1.358232251520421485e-01,3.157019696375866213e-01
1.077426868929614590e-01,0.000000000000000000e+00,4.180398701833030195e-01,3.270948250253546408e-01,6.343389988711499450e-02,7.952295698114816291e-01,7.403008212854031433e-02,4.456481289737180829e-01,4.020925441188252236e-01,3.154440621937449341e-01,1.303709327230696546e-01,1.975012303016712156e-01,4.860956983909831552e-01,8.524827965771505922e-02,5.220564169994779125e-01,6.585445989612097595e-01,4.411340615034348711e-01,6.433866989488733479e-01,2.219429488130969241e-01,5.262689015597861175e-01,2.805752628138456495e-01,5.330357812684765051e-01,4.457418841167292700e-01,2.968080163995267529e-01,6.739445102763600426e-01,7.641981236747278361e-01,5.584745600057798853e-01,1.709330685288904250e-01,4.197274541945080206e-01,5.526998701152547461e-03,3.535628432226988194e-01,2.529499235404077395e-01,2.766984239861313144e-01,1.080857938566338466e-01,1.028320303416047077e-02,3.744283838351242233e-02,1.063073563324702792e-01,1.173042319638130937e-01,2.716305939542248971e-01,2.695918965374159981e-01,1.581322954782788393e-01,1.972823775885465536e-02,1.869417934504569723e-01,2.114407601347587096e-01,5.032894423835067299e-02,1.098442813346435926e-01,9.018580440693670930e-01,3.250306839230505673e-01,3.502518894637429714e-03,1.495990752343709373e-02,6.506142444961413585e-01,4.362515211475278543e-01,3.407498589384783116e-01,3.501267315736656394e-01,1.396709555108309186e-01,1.180722946582132143e-01,1.567968624992746585e-01,5.248438606476202306e-01,8.100274005150343015e-02,5.428838891044369674e-01,4.104826201576515787e-01,4.001467419145715021e-01,5.037448054887523341e-01,2.951417646258914784e-01,5.204144905282799272e-01,1.494487293706681930e-01,5.471880951716003860e-01,3.602794750770541010e-01,2.276698590341264261e-01,6.105371693171890435e-01,6.552187876410959788e-01,5.111687727963052374e-01,2.725127625246028806e-01,1.570133188220295406e-01,2.565443191470608841e-01,2.792239568626144197e-01
2.984902125349149227e-01,4.180398701833030195e-01,0.000000000000000000e+00,6.407617314148439380e-02,5.313311504382179917e-01,5.701313475868912128e-01,1.501818312592684557e-01,3.386237800390926034e-01,8.593199377509289638e-01,2.475464090194834099e-01,6.970471165462965857e-01,2.734997558084625857e-02,5.015565977139521125e-01,7.180273198530463807e-03,7.381289531894204003e-01,4.684901013888665977e-01,2.936301576310733630e-01,3.871588727453976198e-01,6.955682210719095204e-01,6.803764335689471698e-01,4.447781588257553875e-01,7.468135054738214151e-01,5.056677443259032234e-01,2.107585111949177026e-01,5.018650253314009824e-01,5.351275296983459828e-01,6.922104981654739753e-01,5.884727002318878020e-01,4.759907101436395838e-01,1.919555338659963972e-01,5.649010898094359856e-01,2.815350740450158762e-01,3.182509275098020091e-02,2.445142473154838028e-02,5.310813549185913751e-02,2.310908209319028073e-01,4.171477375897870710e-01,1.324366547255107773e-01,2.646633716795113722e-01,6.770741092595464541e-03,1.154046447564184841e-01,9.068415040755881118e-02,8.136609797579846814e-02,9.582077871515340406e-03,1.339034759284699339e-01,2.610947017621854105e-01,3.872080414430384976e-01,9.217856487484368255e-01,5.184623790321982173e-02,5.887699161610736587e-01,6.093995457052285847e-01,5.836729507074889245e-01,3.187617870458839819e-01,8.754577678846806599e-01,5.528072174033410446e-02,6.391391574181618518e-01,7.066715517909302746e-02,3.376692027045677391e-01,8.174668943046040082e-02,6.443568971358503150e-01,3.319219341471819629e-01,1.663152088569556653e-01,4.533741886567929091e-01,7.128157760027703516e-01,6.387749704371619153e-01,4.426713526286876754e-01,7.013612919847409533e-01,5.121527806766040802e-01,3.112441949779287120e-01,3.374458552899953778e-01,5.315412568563639972e-01,7.744227685418650919e-01,4.745801354528673688e-01,3.636292931097883652e-01,3.200825686128930814e-01,3.565185253129450338e-01
2.197103723085634952e-01,3.270948250253546408e-01,6.407617314148439380e-02,0.000000000000000000e+00,2.817498736825582162e-01,2.103596100705141247e-01,2.866452288877654464e-01,1.009971402648560668e-01,4.147484526336075311e-02,1.263093605994816959e-01,2.701698901246283868e-01,1.262491020850614598e-02,1.194105508265896759e-01,2.787057118811847589e-02,9.080607477301769204e-02,1.914232084405127071e-02,1.671422099713415765e-01,1.471082745534038339e-01,6.974070065134307939e-02,6.656334824249234006e-02,1.806999535158420878e-01,1.163287591707597296e-01,3.065158329164758416e-02,1.465562161734538515e-01,1.803704252823456478e-01,1.569971869000246489e-01,9.849252579339357050e-04,3.582365650763731924e-01,1.594987202430920847e-01,1.956187146914659669e-01,5.985436433669510947e-02,1.710234640629587077e-01,2.257744203138336014e-01,1.813727858431275763e-01,5.059920309202159405e-03,1.166675255253324384e-03,1.485631001489662872e-01,5.025310154776911620e-02,3.036588654856920422e-01,2.022964487617506246e-01,1.303754487135337925e-01,1.561026642102823769e-01,2.033039043141381674e-01,1.877076742477867544e-01,1.025249672119034339e-01,1.779592722677198480e-01,2.673544262175845398e-01,6.542328252117314558e-02,5.503040819519777749e-02,2.240370309630348167e-01,2.129782577869523408e-01,2.137222948869331174e-01,1.152604250198600300e-01,8.379395647116039125e-03,1.796012723528708777e-04,2.171184700869715767e-01,6.898421108195468276e-02,2.331937597279504226e-01,1.059530430678374269e-01,2.140479307915291868e-02,1.713758120995091949e-01,2.134657695343967487e-01,1.573456249510913063e-01,5.431844838085728849e-02,9.684573016367144238e-02,2.878425737233710202e-01,1.565025854138361872e-02,6.243862531879449534e-02,1.331603166159942842e-01,2.245017740338031420e-01,1.500106913503941874e-01,1.403071215415235828e-02,5.456774221409616682e-02,1.321100670929826471e-01,1.889497869678335440e-01,1.201109026331662194e-01
2.691618771989851555e-01,6.343389988711499450e-02,5.313311504382179917e-01,2.817498736825582162e-01,0.000000000000000000e+00,3.583188132068735321e-01,6.394911189480492197e-01,1.752364552165741884e-01,6.421066555263756914e-01,1.832616988429916494e-02,5.303472287288657494e-01,4.998433024232779021e-03,4.407948962739234311e-01,3.973418143290242677e-01,3.865860014825718283e-01,2.113797962192738855e-01,2.745841480540933688e-02,1.927638099130801752e-02,4.682322120460037929e-01,4.957862937550962523e-01,2.969306348637721915e-01,4.514473801491813987e-01,4.118507972643069559e-01,3.503445727297226087e-02,1.395649867188168969e-01,2.198953164981862773e-01,6.205862000865580708e-01,4.553943536210698917e-01,5.705821562655335466e-01,2.821497792003162530e-01,3.759124504807713762e-01,1.197778716968205814e-01,6.929703163737516158e-02,1.866569921239753793e-02,1.216370735755329252e-01,1.637077772921164409e-01,2.744881228762279801e-01,2.178372418905604457e-01,2.500376828276432151e-02,2.159168003146540449e-01,2.406164523029127034e-01,2.156901838124374721e-02,1.071816458712081255e-01,4.798530676221705871e-02,2.245719457720322665e-01,2.600823535471017967e-01,3.771798908242101483e-02,5.600844749261699729e-01,3.655654960112796059e-02,4.871260263919374722e-01,1.331813221780324963e-01,1.911341291491979455e-01,2.032709256151386534e-01,4.737335066061166833e-01,2.262428870288052118e-01,4.606635243676533986e-01,4.416204551147481783e-02,2.988312563911826869e-03,1.717116538375466628e-01,2.792770913109842157e-01,6.758493383843877655e-02,2.415347766220479198e-01,1.566325516020443398e-02,4.083817975814880707e-01,2.366606737129131888e-01,3.706771024654968993e-01,3.145504773596969339e-01,4.005619432231720123e-01,1.026449861017195847e-01,3.845794456406502471e-02,1.682210526636492287e-01,4.127592712617881299e-01,6.680776196473114936e-02,5.768606896673717649e-02,3.487884269635782575e-02,3.645672758043923961e-02
2.555426701665275413e-01,7.952295698114816291e-01,5.701313475868912128e-01,2.103596100705141247e-01,3.583188132068735321e-01,0.000000000000000000e+00,1.232371254178991626e-01,5.536444984205434183e-01,6.450291998138966143e-01,5.029055265530685270e-02,3.603347271367629556e-01,7.958770303060697104e-02,5.975387314571483088e-01,2.630105526342796929e-01,5.156587195048647487e-01,5.048078372641706668e-01,2.478673411570863072e-01,3.564218267812319652e-01,4.244422444025532926e-01,5.057832929378821563e-01,4.780252345110622691e-01,5.362225933297142255e-01,6.726189108406814832e-01,2.391359239997754016e-01,5.115423180157355754e-01,6.291659574108087183e-01,7.244318157117234369e-01,3.860172523976317382e-01,5.334291006249165523e-01,1.544325006517107135e-01,4.887372299275592469e-01,2.284084322477986095e-01,3.537310797971735532e-01,1.686092343040560548e-01,2.366707794641290663e-01,2.723986986253287279e-01,2.714829662157404178e-01,2.196972228143499462e-01,2.096162552818554015e-01,2.036168050459895573e-01,3.538792882988877481e-02,2.150700756089385379e-02,4.022584262625088225e-02,3.590152933443748612e-02,1.220826107294550045e-01,1.806134768975106442e-01,4.996090573883897878e-01,3.838999613419624146e-01,1.457067848497762275e-01,2.290589872971672825e-01,7.248094859243439103e-01,4.509360189016772824e-01,4.602310022856279104e-01,5.396540008991551618e-01,2.692937674247651292e-01,1.692547562072051204e-01,2.006921964234309463e-02,4.323312096087123524e-01,1.232566862881610409e-01,5.020867797543555611e-01,2.029371673733827985e-01,6.052169151988784357e-02,2.591506705226631624e-01,4.622832572595203526e-01,4.510998781679865233e-01,3.829253867314990067e-01,4.400696587478056809e-01,6.137858564129418104e-01,2.188885202549312736e-01,3.032907704382360459e-01,4.732616810286351394e-01,6.717646837876243282e-01,1.367134074419050771e-01,6.141320894005546094e-02,1.161192568917236018e-01,1.575948415771999400e-01
1.161567985582981632e-01,7.403008212854031433e-02,1.501818312592684557e-01,2.866452288877654464e-01,6.394911189480492197e-01,1.232371254178991626e-01,0.000000000000000000e+00,1.167158267880874511e-01,3.204620669227291607e-01,1.010286252728453960e-02,1.692671962990965062e-01,8.449124381814177021e-02,3.234525451154787179e-01,2.775862231521176726e-01,2.316078629645788173e-02,3.701563353326600692e-01,2.267649522057443023e-01,1.921228441448543101e-01,3.585680833557614022e-02,2.786030605191062159e-01,1.943224994547199103e-02,3.626431209612956952e-01,3.872021961588384409e-02,2.476266532770653450e-01,1.443379402459532834e-01,1.031254755774284049e-01,3.646963362546772891e-01,2.358594496727883794e-01,4.926861341381553183e-01,1.748592144617027166e-01,2.771628423973490074e-01,8.177225282547298524e-02,7.615030407906572818e-02,5.612864579048168490e-02,7.209529118152860350e-02,6.338567172958303741e-03,2.136469388482213905e-01,1.977496369532613096e-01,2.165065585131573100e-02,2.983422799482908228e-01,1.013722616821956385e-01,9.311171620509459818e-04,2.251497252259521131e-02,4.360864144751362692e-02,2.661142146870568159e-01,1.462646027061097476e-01,9.097003243334880751e-02,1.086600108439292056e-01,8.043643017881935142e-02,9.614074174515135907e-02,1.273351295196098465e-01,1.546066347606867009e-02,4.095663623997690406e-02,1.027474354645639965e-01,1.850711440525469875e-01,5.658304820036796912e-02,9.966718819507361382e-02,1.675004783129156738e-01,9.797872919126800195e-02,4.957879484711744805e-02,7.913675116085990002e-02,2.760457931651240093e-01,9.941829820260664197e-02,4.444474054540126229e-03,7.168435587664398478e-02,1.681966975180197166e-01,8.427501537734595483e-02,6.183741822307142755e-02,2.417426034592881912e-01,5.167599771497563554e-02,1.106985163972687425e-02,1.440643637767051177e-01,2.129591958445786748e-01,9.869003031547224358e-04,1.114893905585040423e-01,4.976065386553308462e-03
1.042037237088100227e-01,4.456481289737180829e-01,3.386237800390926034e-01,1.009971402648560668e-01,1.752364552165741884e-01,5.536444984205434183e-01,1.167158267880874511e-01,0.000000000000000000e+00,2.144649678297298467e-01,5.890253947007340063e-02,3.409643710394333338e-01,6.384598868564017593e-01,4.756539209064117313e-01,3.839936711965896143e-01,4.134039553800075706e-01,6.927103472081232172e-02,1.837054930074778214e-01,1.497830051049126032e-02,2.521110102268019904e-01,3.796816886524103651e-01,4.269926334692226710e-01,2.156623040070168584e-01,7.774713568247408890e-01,4.708007604302160143e-01,1.526776889619557709e-02,5.386328527696264690e-01,2.919168740025614439e-01,1.117740739463027877e-01,4.883503832261629207e-02,7.993725588748137878e-02,8.008860633390177397e-02,7.036374682279511461e-02,2.605481982032555877e-01,7.039511835409667517e-02,1.470939735651795033e-01,3.117926270483954987e-01,1.647974573566378109e-01,2.273251737947783180e-01,1.364465005630758621e-01,1.115689625235059823e-01,2.501463092952296852e-01,1.074944950740443772e-01,3.678753277591320092e-01,1.685915046069640655e-01,1.275339913666441727e-01,3.069448055317555019e-02,3.497939836038842509e-01,3.034498061103604316e-01,2.789531381835681501e-01,2.919258541936494700e-01,3.153012965660959011e-01,1.682755593582795361e-01,7.808949197849992530e-01,1.701594265628428859e-01,1.147742479389073783e-01,4.165522939648360068e-01,5.364488940731694244e-01,4.538001677211930818e-01,3.651289611743316343e-01,2.518964020883451838e-01,3.240859989688908982e-01,3.580237621206552867e-02,4.146944033279427455e-02,3.481439180915554821e-01,3.098115033128330253e-01,2.132293951099632212e-01,1.138071369722023357e-01,6.088676437336251190e-01,7.529675092727117214e-03,1.448092592133540801e-01,4.439359513751721664e-01,1.637130037641947311e-01,4.740564592123563958e-02,3.623458294202870356e-01,4.342617142721879459e-02,2.403697114131747303e-01
3.462709817366834142e-01,4.020925441188252236e-01,8.593199377509289638e-01,4.147484526336075311e-02,6.421066555263756914e-01,6.450291998138966143e-01,3.204620669227291607e-01,2.144649678297298467e-01,0.000000000000000000e+00,1.029812184993178503e-01,6.340502717939910937e-01,1.581434314572921218e-01,5.842894236478451964e-01,1.587278375476283698e-01,5.578223514651009518e-01,5.488949024725084946e-01,4.126498010758338775e-01,3.470022303853160794e-01,6.611738412578271884e-01,5.596666707636546167e-01,3.404639022822074645e-01,6.530580507538837898e-01,4.827579805295151849e-01,1.146881402678783524e-01,5.211338527158360101e-01,4.690766226370730596e-01,7.820901363027477071e-01,6.054585669278474969e-01,6.213721243147258821e-01,2.546148874806771767e-01,6.795846134979106612e-01,2.623169956936362013e-01,1.448911701514634665e-01,1.731970742691266163e-01,1.187615387360466124e-01,3.304848007967652324e-01,4.114328157300053967e-01,2.868879003351304524e-01,2.789648143869182251e-01,5.051387932461574165e-02,2.814612380268217973e-02,1.286096787098187089e-02,9.956325152033262960e-03,1.055757868329654375e-01,2.300782269453696405e-01,2.602680734348729596e-01,2.148544138662706326e-01,7.229572805600760210e-01,6.091614812076891899e-02,5.101313272431458046e-01,5.718183592815085925e-01,5.480732786215699592e-01,2.313188109759926614e-01,8.774908909725215311e-01,2.579795698496692435e-01,4.046556405075228957e-01,1.685338500052792343e-01,2.413547047163134840e-01,2.797231950325604344e-02,5.320713108311825312e-01,4.210623112461500672e-01,8.552132343519383562e-02,3.437995836470962852e-01,6.460224892692738585e-01,4.571462769339114107e-01,4.072629652408911727e-01,6.103696610922166865e-01,5.274299763096628180e-01,2.611393620589875231e-01,3.295576687451458042e-01,3.999562112695195792e-01,7.321077974618582784e-01,3.084202926596619210e-01,2.543466159375312730e-01,2.128642713074956339e-01,4.289306889503414211e-01
2.150592890135664681e-01,3.154440621937449341e-01,2.475464090194834099e-01,1.263093605994816959e-01,1.832616988429916494e-02,5.029055265530685270e-02,1.010286252728453960e-02,5.890253947007340063e-02,1.029812184993178503e-01,0.000000000000000000e+00,5.998069064828737140e-02,3.475199688863911396e-01,2.556942897606671594e-01,1.735620721949138745e-01,2.475300301298208605e-01,4.920912100433325054e-01,4.573110599254880393e-01,4.039141402330790886e-01,6.742730063821658626e-02,1.880097544783420893e-01,1.154302015457457364e-01,2.858787909301488406e-01,2.655087418550525213e-02,3.458824878607337228e-01,4.168768864043602695e-01,5.328041257168338873e-01,5.107921392780334635e-02,3.375552339281776004e-01,1.487331046208217045e-01,1.158115765717088880e-01,2.996534279794326738e-01,1.747202316398913657e-01,6.657061439383285539e-02,3.717742779459187741e-03,2.404499901159456443e-01,1.130490873835161836e-02,1.329429308937997989e-01,3.357615539503863711e-02,9.857782508736648297e-02,8.612703399596527420e-02,1.985627122765414865e-01,5.753585710172121059e-03,2.103145403430733418e-01,2.091099659456019111e-01,1.915995979325685328e-02,5.813610249213171932e-02,2.604401381686081152e-01,3.213721600735901518e-01,7.592561188732417643e-02,1.668646524451852797e-01,2.068585041784400946e-01,2.783030329987805640e-01,1.210999868885787034e-03,2.283235638225836195e-01,5.964235595775292387e-01,2.563631738826942508e-01,3.227854884727455742e-01,3.209414081722683498e-01,1.542405303551286078e-01,2.955390904459881396e-01,2.605824478082974238e-01,4.651422487468057088e-01,3.967726159805162744e-01,9.561869242659515322e-02,3.405655186555283098e-01,2.169103060623730483e-01,3.597276255218974650e-01,4.592207335582712546e-02,2.515776611308199184e-01,2.808771379082440345e-01,3.875145657703296109e-01,1.725802832846543011e-01,4.418150249341581404e-01,3.628346083919106180e-01,5.093650771000209909e-01,4.142554329888608611e-01
1.420604080724020557e-01,1.303709327230696546e-01,6.970471165462965857e-01,2.701698901246283868e-01,5.303472287288657494e-01,3.603347271367629556e-01,1.692671962990965062e-01,3.409643710394333338e-01,6.340502717939910937e-01,5.998069064828737140e-02,0.000000000000000000e+00,2.519776802571882524e-02,4.621431833569194514e-01,6.138449090911385353e-02,5.077606946628211437e-01,9.816518815381419794e-02,3.290531724630865740e-02,6.093325333511048769e-02,5.903571001652921924e-01,4.401947596558764553e-01,3.710453513530140857e-01,4.085466924642017772e-01,4.553465176926927982e-01,1.148145548365562540e-01,1.754981228984658914e-01,2.408519080065217866e-01,5.261196485180638094e-01,5.783775045959438366e-01,3.506321359366725843e-01,2.753344976979263947e-01,3.145747785313603440e-01,1.329047660283995402e-01,9.477495782732553442e-02,3.703466992664650181e-02,9.988526074817943856e-02,1.961928785042920675e-01,4.003394894896555312e-01,1.137074252782162148e-01,2.155769469221247014e-03,1.262099322211269747e-01,2.359181818793337215e-01,1.288368852323746871e-01,7.894301595748068334e-02,7.771389008048919245e-02,1.587223384086192679e-01,1.056361783303785135e-01,1.496829631633993518e-01,7.619231092446219211e-01,1.708463442261196619e-01,6.241176631476661463e-01,3.136835262869226426e-01,3.121309357648348048e-01,3.224172733018280113e-01,5.894368724556615646e-01,1.587873377946882880e-01,7.928895230053040200e-01,4.164776904312300632e-02,2.132661673555816817e-01,2.233159962872832693e-01,3.616648338448293920e-01,3.620452356014254580e-02,1.434611550711561989e-03,1.252729068543353419e-01,6.130330634794598499e-01,3.377733748537270486e-01,3.536754631363941970e-01,3.703957807530030566e-01,4.800472638735099884e-01,7.702300094527819718e-02,8.229701167838091025e-02,2.422273836952933135e-01,5.053441101195654817e-01,3.698075008782899520e-01,1.164267312337889937e-01,2.498079407664655777e-02,1.139854825408523897e-01
1.242409700887988494e-01,1.975012303016712156e-01,2.734997558084625857e-02,1.262491020850614598e-02,4.998433024232779021e-03,7.958770303060697104e-02,8.449124381814177021e-02,6.384598868564017593e-01,1.581434314572921218e-01,3.475199688863911396e-01,2.519776802571882524e-02,0.000000000000000000e+00,3.530786153737771604e-01,2.496467591856208201e-01,1.688982274455495536e-01,8.050078929950559015e-02,1.790155627143444894e-01,2.370216196836710809e-02,1.183763471787210586e-01,2.529480244059658656e-01,9.754927460209847356e-02,1.846616943734000205e-02,4.336574293455516815e-01,4.666578422913321700e-01,2.452252070045250476e-01,4.358127011180142896e-01,8.968808282743193083e-02,5.147638574324273075e-02,1.817658769581319556e-01,1.247171292208625326e-01,3.407276383960103905e-01,1.004797120355655077e-01,7.147695324887531898e-02,2.012754344024585140e-01,4.889997530720173458e-02,1.942597330906835340e-01,5.952347113671735412e-03,2.225610550452997161e-02,3.595426319261492698e-01,7.340204387084660331e-02,2.257240291435057000e-01,1.052669460786386513e-01,4.914282206517055496e-01,3.933474621574030161e-01,4.445084844247257361e-02,1.888143045174496826e-01,2.214759465605909972e-01,9.881385749037113753e-02,3.194589804847575154e-01,1.083005092514274237e-01,2.791595716174233299e-02,6.910996794908211283e-03,5.222270744814856425e-01,1.665006132434475039e-01,5.269851916529892932e-01,2.751551818895108248e-01,9.302039721019104146e-01,4.893359504685481642e-01,2.425417540038465325e-01,9.952689240015014094e-02,4.473469357359887155e-01,1.201941733513660904e-01,5.338940815749337876e-02,1.088684468707687425e-02,1.662518982447945270e-01,5.505216380990768377e-02,1.024496853000181201e-01,2.710982634422403614e-01,8.901790132730796890e-02,3.009243191783252946e-01,3.127487841602995533e-01,2.014347851241074516e-01,2.119476291771434928e-01,3.647209800449437989e-01,1.041921980745062412e-02,3.444277442644482767e-01
5.532161064969269570e-02,4.860956983909831552e-01,5.015565977139521125e-01,1.194105508265896759e-01,4.407948962739234311e-01,5.975387314571483088e-01,3.234525451154787179e-01,4.756539209064117313e-01,5.842894236478451964e-01,2.556942897606671594e-01,4.621431833569194514e-01,3.530786153737771604e-01,0.000000000000000000e+00,1.717583333847966520e-01,4.133759912848856688e-01,5.036144800064117355e-01,3.850113588830531564e-01,4.503078193115154781e-01,2.908590402394504726e-01,4.591109310744925232e-01,3.047367164094471059e-01,4.382708134300346559e-01,5.186503065395575707e-01,3.895229734085166040e-01,2.527205459895093820e-01,6.345230296786863455e-01,4.295086283709709796e-01,6.468286155173446073e-01,4.199804788601683714e-01,3.330740813286907631e-01,3.325729251546744036e-01,2.107306719430717679e-01,8.442575558819094550e-02,6.486215788150433148e-02,7.445201436555820562e-02,3.765119522664098772e-01,3.782167191563393649e-01,1.687839788907036231e-01,5.501317293180665868e-02,7.837523978387961332e-02,9.777766295391154827e-02,6.463035532429133034e-02,2.434015017636716183e-01,1.340936703639876160e-01,1.322792083643997696e-01,4.405478350420986844e-02,2.279643039055866682e-01,4.695632816829601319e-01,2.553479475212341310e-01,4.784501843093224571e-01,3.584646713783555816e-01,3.913673372685723129e-01,3.697809559372510768e-01,4.965669475203887129e-01,3.530870124609766791e-02,3.608080598719272114e-01,3.322864945251066127e-01,5.490329526084130052e-01,5.499333826095167965e-02,4.107514397000349149e-01,1.506688535526092693e-02,2.053234890642066657e-01,2.920178893982592339e-01,3.611898924030034208e-01,3.042306452697376429e-01,2.304074156328798084e-01,3.002429859065448570e-01,3.910789383645447703e-01,1.642040249458269763e-01,4.070199794816134475e-02,4.331358531515935861e-01,3.239340794994229333e-01,3.753940155639277076e-01,9.307206060455880392e-02,1.122066011610013958e-01,1.426818886239020201e-01
2.115874970936936217e-01,8.524827965771505922e-02,7.180273198530463807e-03,2.787057118811847589e-02,3.973418143290242677e-01,2.630105526342796929e-01,2.775862231521176726e-01,3.839936711965896143e-01,1.587278375476283698e-01,1.735620721949138745e-01,6.138449090911385353e-02,2.496467591856208201e-01,1.717583333847966520e-01,0.000000000000000000e+00,2.839057965474232614e-01,1.168259632745293625e-01,3.110029094495029289e-01,1.986538950824069116e-01,1.784015903261919334e-01,2.401092312149829822e-01,2.516470007892918082e-01,9.199968407111815127e-02,5.008972352060374611e-01,1.799529228933613167e-01,1.347903535659747964e-01,1.646468443674801718e-01,2.836283380704546775e-01,2.212070491093287572e-02,2.068882154326380785e-01,1.099510778869484812e-01,1.219195074556664316e-02,2.788553756470595751e-02,1.470445620400784859e-01,7.325508966362567764e-03,1.130555639528921102e-01,2.985816588225029267e-01,4.759624531074369003e-02,1.846628698148167769e-01,1.228182885921955264e-01,9.909112457015228914e-02,1.981781639979046383e-01,4.825367946075373449e-02,1.835399945685610157e-01,8.877990531890743442e-02,1.950048185093446462e-01,1.872177877938395740e-01,8.064005620751510395e-02,6.272987213059910694e-02,6.628484094613548705e-02,4.709793648837745650e-02,5.061303903181236380e-02,9.594996687099729971e-02,4.288013458120519816e-01,1.433595048933820892e-02,1.688414072962503010e-01,1.525574913360606133e-01,2.111795550474649952e-01,5.822678308353328169e-02,3.548998828621927060e-01,1.865516358808401720e-01,2.278128445101861299e-01,2.635415083314522899e-01,1.575775969375551311e-01,1.476246944136558881e-01,2.698818012528084176e-02,2.948173192589163549e-01,3.571090521752423586e-02,4.674870745199989353e-01,9.442744600559041523e-02,4.878836586793937335e-02,2.294485856486603303e-01,5.308575583810039300e-02,2.654776218395731857e-01,2.712989758978866517e-01,2.273514668062059652e-01,3.310349818208299100e-01
2.877258476742691196e-01,5.220564169994779125e-01,7.381289531894204003e-01,9.080607477301769204e-02,3.865860014825718283e-01,5.156587195048647487e-01,2.316078629645788173e-02,4.134039553800075706e-01,5.578223514651009518e-01,2.475300301298208605e-01,5.077606946628211437e-01,1.688982274455495536e-01,4.133759912848856688e-01,2.839057965474232614e-01,0.000000000000000000e+00,3.682470181994376146e-01,1.279068077848936891e-01,2.805293301565541797e-01,5.015436338204647404e-01,7.874786701629956642e-01,5.990274458471184227e-01,7.974584474514082588e-01,5.338233652630222092e-01,3.560707713061656010e-01,4.137585777506193607e-01,6.670720881999976370e-01,6.469367639311723872e-01,4.086462084470805500e-01,4.869837723999240198e-01,1.548344987777159898e-01,3.740404482099299321e-01,3.767243668006224344e-01,7.649018762296745655e-02,2.226509594615278670e-02,2.156842869840039367e-03,2.150333567489004505e-01,3.500037638190722222e-01,1.418000528093410484e-02,2.750589494568523863e-01,1.262906399631780752e-01,3.931227149430412127e-02,2.857436209989826226e-02,5.157397389267782267e-02,1.032978756716778773e-01,1.943589442006313228e-01,2.489070762403606807e-01,4.058447805428724853e-01,7.365685946159206132e-01,1.024809820310528946e-01,4.590317596423479918e-01,5.288205102610199493e-01,3.671958077422849964e-01,3.737904301442569466e-01,5.927421069536391585e-01,3.064382609049312589e-02,5.588536987866741246e-01,1.299867395147112359e-01,2.955874397181361690e-01,4.973219979242186894e-02,8.253000956476458372e-01,2.820312162982578363e-01,9.859221000718459971e-02,3.669969237956402508e-01,6.065047164554344672e-01,7.299908903397785975e-01,5.305703887134404217e-01,6.827467472615241784e-01,4.742109923981053798e-01,2.830923427542347826e-01,2.963890564363642621e-01,6.108439002788194072e-01,7.504957441209622049e-01,3.903155902034939895e-01,3.865294552739170220e-01,2.926425098944962500e-01,2.574111120862238034e-01
4.091349187182766745e-01,6.585445989612097595e-01,4.684901013888665977e-01,1.914232084405127071e-02,2.113797962192738855e-01,5.048078372641706668e-01,3.701563353326600692e-01,6.927103472081232172e-02,5.488949024725084946e-01,4.920912100433325054e-01,9.816518815381419794e-02,8.050078929950559015e-02,5.036144800064117355e-01,1.168259632745293625e-01,3.682470181994376146e-01,0.000000000000000000e+00,7.806824603937552176e-01,7.360921116711512946e-01,2.617325084683395642e-01,4.283094678284834478e-01,2.762690401233054982e-01,6.095877757318282075e-01,1.099878122440898082e-01,1.833806308425280918e-01,7.777422788107709595e-01,5.747529017221568726e-01,4.708365243068752259e-01,4.759753001217094104e-01,6.442796630248412981e-01,3.037429416120968617e-01,7.449089954486973753e-01,3.567489607414738306e-01,1.804945943781480211e-01,3.379703971371525451e-01,1.095555906938075197e-01,2.660735651937083668e-02,2.083573714586117176e-01,1.400648820079262724e-01,4.039252230211781702e-01,1.993121747293280510e-01,3.712631500341758151e-01,1.289966080047530439e-02,1.546822896999518193e-02,1.181181593769889404e-02,1.752532360705219561e-01,3.989523142622972141e-01,4.523697537561718884e-01,3.845996192321434748e-01,1.607741676680389253e-01,1.378927477268692414e-01,5.157250285008107005e-01,5.946823131230858372e-01,6.101853833016292888e-02,5.363324661965584994e-01,1.465665887443551030e-01,2.068434040545202857e-02,1.184646895966795926e-01,3.413645895991288537e-01,1.865748805220476814e-01,4.767030672229695676e-01,7.370630322543367807e-01,4.853862780567295698e-01,6.516528641782526332e-01,2.600905072170988652e-01,4.272747529268632327e-01,3.655126560352137122e-01,6.403556857628227572e-01,8.548812996876326009e-02,3.520942644965867618e-01,6.364397824121532654e-01,4.834893772579892390e-01,5.521028451701072148e-01,3.913778800563318949e-01,5.267475910183594401e-01,4.188997750524223740e-01,6.045940564518992311e-01
8.774912949636370918e-02,4.411340615034348711e-01,2.936301576310733630e-01,1.671422099713415765e-01,2.745841480540933688e-02,2.478673411570863072e-01,2.267649522057443023e-01,1.837054930074778214e-01,4.126498010758338775e-01,4.573110599254880393e-01,3.290531724630865740e-02,1.790155627143444894e-01,3.850113588830531564e-01,3.110029094495029289e-01,1.279068077848936891e-01,7.806824603937552176e-01,0.000000000000000000e+00,7.927419063331748728e-01,2.506755996786785845e-02,1.724886263587959712e-01,9.383581985412620119e-02,3.166001746195062361e-01,1.221825974592215813e-01,2.538668472671611331e-01,6.885854516484646304e-01,5.061785234457708560e-01,1.342573954227705979e-01,3.871360308320287436e-01,3.214602540000692787e-01,2.785192597549203120e-01,7.271039626216013740e-01,4.098760140156234022e-01,3.412642350057773499e-02,2.540488413502245413e-01,1.173456622515936382e-01,7.652266982677137508e-02,2.093277594381339202e-01,1.021121559534350076e-01,4.445618407625964164e-01,8.641251532020244319e-02,5.077299686494668451e-01,1.294106381692076146e-01,7.728811816238916055e-02,7.725332235352916355e-02,2.140205150031093684e-02,9.757637499113933077e-02,1.603088980472942293e-01,2.242079268102997180e-01,4.574291286619847074e-02,2.733758728406282534e-02,3.946363042625747886e-01,4.648474728546344026e-01,1.642139769318981812e-01,4.389639448018697876e-01,2.072541431969182613e-02,5.233262272524813463e-02,1.678779125313308307e-01,2.734567819006060163e-01,2.610540098821483301e-01,2.399654900162647431e-01,6.084299001234845239e-01,4.458965880894404377e-01,5.563434688643529302e-01,3.690848150393066796e-02,2.279008313164310184e-01,1.351146547894477301e-02,3.475062414867766680e-01,1.031975569744826848e-01,4.170735473470833510e-01,3.460492307777434107e-01,2.622756014622900089e-01,3.228913735450444911e-01,3.987797612028706196e-01,4.053565174622446587e-01,4.038371112924946660e-01,6.797516336366073997e-01
7.359697719969887642e-03,6.433866989488733479e-01,3.871588727453976198e-01,1.471082745534038339e-01,1.927638099130801752e-02,3.564218267812319652e-01,1.921228441448543101e-01,1.497830051049126032e-02,3.470022303853160794e-01,4.039141402330790886e-01,6.093325333511048769e-02,2.370216196836710809e-02,4.503078193115154781e-01,1.986538950824069116e-01,2.805293301565541797e-01,7.360921116711512946e-01,7.927419063331748728e-01,0.000000000000000000e+00,2.799345825613536176e-02,4.056402919067683688e-01,6.888084338950578589e-03,4.795267416230783453e-01,1.518655349372730057e-02,2.362211589769202535e-01,7.172077922165456254e-01,5.915871069430512774e-01,2.013798843530074933e-01,3.537222189404363171e-01,3.180581302445912306e-01,2.214164850126784378e-01,5.343388335894050378e-01,3.710294093900008972e-01,3.909887505695094911e-02,7.361415665790596585e-02,2.292345900629232935e-01,5.021542079731595998e-02,1.589409038395410423e-01,6.803585749578022757e-02,4.318420273566740963e-01,7.373931108283712788e-02,3.412114502730206889e-01,2.607506629321260094e-02,2.206512623000435325e-01,2.265778642083413064e-01,9.772495070650083493e-02,7.129279016913522837e-02,4.477678463556352684e-01,2.924835910563221564e-01,6.951333415560419227e-02,1.276710128466759242e-01,4.325146781609682245e-01,4.869983394865588511e-01,8.346261436209795326e-02,3.852755059294900031e-01,1.301079097857253397e-01,1.694351962315804316e-02,3.138627751868899862e-02,4.179250544059787686e-01,1.343087663260420783e-01,4.018042461178532587e-01,5.834816765000088168e-01,4.795050749705019877e-01,6.906895761466232964e-01,8.287936285467101261e-02,4.058906652423104333e-01,5.163945924871347903e-02,4.737829061500824501e-01,6.955962298111736941e-02,3.775225778568413459e-01,4.855923958140291874e-01,4.135530921031888019e-01,4.173467724809089563e-01,4.947837019253017998e-01,3.503387667758342539e-01,3.579126432071710884e-01,4.837898798851730242e-01
3.522702489928027925e-01,2.219429488130969241e-01,6.955682210719095204e-01,6.974070065134307939e-02,4.682322120460037929e-01,4.244422444025532926e-01,3.585680833557614022e-02,2.521110102268019904e-01,6.611738412578271884e-01,6.742730063821658626e-02,5.903571001652921924e-01,1.183763471787210586e-01,2.908590402394504726e-01,1.784015903261919334e-01,5.015436338204647404e-01,2.617325084683395642e-01,2.506755996786785845e-02,2.799345825613536176e-02,0.000000000000000000e+00,4.746607538910372903e-01,3.642227703674166817e-01,5.169819228364590513e-01,3.948282196787917253e-01,8.526909895939266404e-02,2.153678712466298439e-01,2.520553902680089386e-01,5.872664977854049617e-01,3.699204997362185998e-01,3.824281953588377636e-01,2.465903917830025160e-01,3.901355387072182324e-01,1.948643900091389936e-01,8.623222752797514434e-02,8.269131512257507644e-02,1.279094451296282908e-01,2.260827393817752828e-01,1.784309184514933644e-01,1.758558509669408410e-02,1.912001163537534187e-01,9.494810812199389050e-02,1.078876464951413483e-01,4.991484848780047834e-02,6.014052502491290531e-02,7.919915377641993659e-02,1.282252278518686284e-01,2.889791360443884072e-01,2.539102289704701088e-01,6.218551532379851254e-01,4.785958794223462570e-02,3.921067594781565413e-01,4.192666018471263856e-01,3.740911647599691192e-01,2.033187758208114815e-01,6.424792400121177582e-01,1.296654536895407439e-01,5.164759948362301900e-01,1.418107508539906136e-01,1.647101803384793117e-01,5.911354273981483942e-02,4.238689519874079270e-01,1.967913767435831573e-01,6.595259103664809219e-02,2.021311198367726492e-01,8.412323766045521900e-01,3.908380797757400882e-01,3.447641222623386570e-01,4.784983135632229767e-01,4.360434090570790011e-01,1.338484784587609666e-01,2.345436436465541119e-01,3.623169826540385552e-01,5.489005240994537793e-01,2.104010146222063393e-01,2.543074756822535920e-01,2.403109850775039524e-01,1.867364841569313927e-01
2.917455234396765240e-01,5.262689015597861175e-01,6.803764335689471698e-01,6.656334824249234006e-02,4.957862937550962523e-01,5.057832929378821563e-01,2.786030605191062159e-01,3.796816886524103651e-01,5.596666707636546167e-01,1.880097544783420893e-01,4.401947596558764553e-01,2.529480244059658656e-01,4.591109310744925232e-01,2.401092312149829822e-01,7.874786701629956642e-01,4.283094678284834478e-01,1.724886263587959712e-01,4.056402919067683688e-01,4.746607538910372903e-01,0.000000000000000000e+00,4.925855034136036870e-01,9.179720201536947233e-01,4.910902494702124033e-01,2.587618441797084889e-01,4.295667881171582048e-01,6.202345710210512841e-01,7.100787740059223418e-01,4.565481897851121906e-01,5.509832806582291020e-01,1.946589907223803539e-01,3.949753858746630208e-01,1.801029335075528537e-01,5.664259641931519706e-02,1.031258601950884313e-01,7.004706266961542582e-02,9.988040089722126369e-02,3.901982252699641718e-01,4.465834008808654276e-02,9.076343114535694034e-02,5.288945001877626284e-02,1.877183244344067248e-01,1.408298659238322592e-01,1.563306948927315476e-01,2.093288878521658847e-01,2.148808623284720054e-01,2.490040519427912380e-01,4.338381328115248348e-01,6.849884138150252877e-01,2.032553546013757956e-02,4.466257458246875034e-01,4.686118487527789478e-01,3.952686689748361459e-01,3.301452626889526121e-01,5.343607495672177965e-01,7.876396038298080771e-02,4.824182721020586206e-01,2.181322562445524582e-01,3.439378228812091653e-01,8.221908251703169412e-02,7.591298101228770578e-01,3.261742497860778967e-01,8.911455205348059461e-02,4.224067776929812945e-01,6.163632996130188335e-01,8.672661995435771987e-01,4.437710421713101372e-01,7.685646537561049429e-01,4.507399430614610347e-01,1.225442401271196191e-01,3.102429149228306260e-01,5.724923618133646031e-01,7.579981786465764815e-01,3.791056682994216609e-01,3.670420028850811534e-01,1.706144407739789148e-01,1.360228675066579018e-01
5.031739768808127788e-01,2.805752628138456495e-01,4.447781588257553875e-01,1.806999535158420878e-01,2.969306348637721915e-01,4.780252345110622691e-01,1.943224994547199103e-02,4.269926334692226710e-01,3.404639022822074645e-01,1.154302015457457364e-01,3.710453513530140857e-01,9.754927460209847356e-02,3.047367164094471059e-01,2.516470007892918082e-01,5.990274458471184227e-01,2.762690401233054982e-01,9.383581985412620119e-02,6.888084338950578589e-03,3.642227703674166817e-01,4.925855034136036870e-01,0.000000000000000000e+00,5.402319944826128317e-01,4.064863820410586359e-01,1.492807485253832278e-01,1.997734657403106295e-01,3.379456400318082143e-01,5.085703587207619503e-01,3.346215607281277649e-01,5.516750175466215156e-01,1.833640113864884180e-01,2.710625303209491244e-01,1.151069205652875127e-01,1.675052412702755511e-01,1.585108437827097427e-01,8.767369488985254922e-02,3.037936538526776753e-02,1.043426353226135916e-01,1.134200229309623720e-01,1.068737678011717068e-02,1.252767342425573360e-01,1.353088595005274841e-01,9.734874359068068639e-02,7.526480591321307867e-02,1.094318934399638454e-01,1.970985253691239225e-01,4.602376551287281625e-01,1.978720276002904899e-01,4.232935504944173033e-01,6.597125414104414165e-02,4.017177218012124018e-01,3.522676142921740139e-01,2.284839905450722075e-01,3.314029053855457319e-01,3.489278813552171288e-01,5.815193606270019355e-02,3.681574394187367427e-01,4.332666722704048290e-02,1.405928937916733623e-01,1.164531593044105251e-01,4.801696290181498572e-01,9.505481352163491771e-02,1.170356701139524114e-01,7.816125617185296082e-02,4.224695789193161355e-01,4.365066325729182739e-01,7.634330605006688364e-01,4.753021296869189838e-01,4.195101181284966452e-01,6.113572074556206104e-02,1.135950567166137404e-01,4.235235304524154198e-01,4.670065375355006987e-01,9.460396293530951017e-02,3.329230987595886981e-01,9.517804739506009748e-02,1.015013251714016601e-01
