0.000000000000000000e+00,4.879029025511222306e-02,3.111133388769865560e-01,1.932521390835852393e-01,1.064490403661516454e-01,3.730865053147786048e-01,1.186215912087979218e-01,5.670320563158437466e-02,3.079246103655028932e-01,1.132361467664147470e-01,9.655022179411840155e-02,1.019156778704654459e-01,9.346886496659755073e-02,1.426283157871652829e-01,3.578013204602571440e-01,5.808936625907916707e-01,2.663208919591533719e-01,6.223176249950651551e-02,1.866537113202031972e-01,4.117235075719739568e-01,3.476345927886575482e-01,3.812696005796867849e-01,3.544886084542429039e-01,2.807058908959347288e-01,2.961777209824909551e-01,4.273783170077956051e-01,4.280064254690608139e-01,1.889375951909545159e-01,3.832174728292558896e-01,2.556212604606757366e-01,3.767674535685190396e-01,1.377153999661072103e-01,1.901683027702560369e-01,7.707135847617452296e-02,4.880717604624375261e-02,6.872610700125188210e-02,1.908303203682556182e-01,1.859377165518199537e-01,2.367031493801237119e-01,1.261885132899387418e-02,3.097848448435904234e-01,1.450019754183937831e-03,3.688240824362873926e-01,8.032490196401436550e-03,1.284196914295402392e-01,5.770532331137183668e-01,1.490198957264159685e-01,2.432797288872098340e-01,8.967267942694147342e-02,2.141621771521531603e-01,2.666531745641584350e-01,6.891637897359763343e-02,3.701847096473874776e-01,2.322671579981974987e-01,3.497065490885341577e-01,4.977141204585727730e-02,8.826125736097376051e-02,1.576972049899150186e-01,1.948613799728698415e-01,3.063460962409529920e-01,2.792315990743332588e-01,3.462877892697371340e-01,3.120808491380884231e-01,1.575120791680654220e-01,2.941514166031411470e-01,3.237595684288785414e-01,3.187360317138023258e-01,2.978822430729562987e-01,3.353757013836521361e-01,1.485594755662738298e-01,2.879506615331554054e-01,2.322769243914655501e-01,3.244875131295987813e-01,1.769699576610305192e-01,2.839645700620334612e-01,4.935547673323039120e-01
4.879029025511222306e-02,0.000000000000000000e+00,9.978490720626137511e-02,2.025387838974947174e-01,4.690752192724149117e-01,1.285104168466730812e-01,4.151835719423996318e-01,7.519134017360459832e-02,1.497193643784552330e-01,3.512663094020190835e-01,3.569686433209371956e-01,1.931102354833706403e-01,5.821425594780765822e-02,3.426742200566871288e-01,3.231476360605531339e-01,1.915457011908952567e-01,3.068241730230080178e-01,3.819454582090296424e-01,9.410370744557575162e-02,1.943969113654560599e-01,2.149297136877530434e-01,2.299294108238244538e-01,2.089767822376714657e-02,1.632745865023434717e-01,5.286276186715479497e-01,4.817705457747128994e-01,9.615373419764855489e-02,1.858143270876949915e-01,2.593531494403781279e-01,2.752825358288847890e-01,2.220520527711798975e-01,3.034237480678472210e-01,2.255579277206891387e-01,1.203325101909127753e-01,9.228322775484362750e-02,6.254087977838067580e-01,1.538943623875306532e-01,1.504532331292711411e-01,1.126852735385473481e-01,3.645354885030199776e-01,1.258991110704653360e-01,1.502106428798147819e-01,2.858865311644517848e-01,2.995884570836943595e-01,1.702911111594954119e-02,2.247668940507436264e-01,3.786430932827898332e-01,9.139781822469802974e-02,5.024964503845821828e-02,3.310141558993411059e-02,1.775291384635165337e-01,4.523194336395636173e-02,1.414764652831107528e-01,7.361934071619988251e-02,6.831657172647842557e-02,1.644261591971880043e-01,9.605491108525027188e-02,2.061353691936487764e-01,1.023045015042704786e-01,3.924268467207250310e-01,4.928398144446587970e-01,2.043265453069800230e-01,2.573156060618912999e-01,9.719040164337078291e-02,4.313029023926935324e-01,1.268224741126326438e-01,3.726869078159195658e-01,3.313956734521672498e-03,2.069106550416968671e-02,4.301875459200825147e-01,2.998571382184029854e-01,2.408808758447457676e-01,2.870445401501170446e-01,3.923134133397649936e-01,9.916860148584129286e-02,5.518595427014487409e-02
3.111133388769865560e-01,9.978490720626137511e-02,0.000000000000000000e+00,6.883364758193181998e-02,8.013540926330258163e-01,6.571523567840832358e-01,3.821707889634654576e-01,5.648251420888150687e-01,9.781582319140532666e-01,1.212152770500321830e-01,8.255088951038448419e-01,2.941107956110781130e-01,6.569184520925969162e-01,2.754121278640849768e-01,5.136499063944763854e-01,1.030872900553745503e-01,1.398642725438359879e-01,1.167580685065202906e-01,8.981169529254844353e-01,6.884848649702967061e-01,9.001413439868732880e-02,5.411659948762201910e-01,8.088159397016912999e-01,3.877695614776341393e-02,1.273021253589170232e-01,4.238129724632610507e-01,6.964635544690696012e-01,7.194710843033702563e-01,2.517977978712034881e-01,1.697340600466136218e-01,2.139405331603470017e-01,4.695005998762429300e-01,4.479133503840306840e-01,3.259064705730349010e-01,2.030537129305525212e-01,2.460436630757741328e-01,9.024016694152439677e-03,1.501691604865639518e-01,4.601477418044241929e-01,2.451408096168611050e-01,1.039993488902877100e-01,1.191160533526008924e-01,3.499459768946272531e-01,2.653400262144378075e-01,1.946387124026965343e-01,9.757825162203853653e-02,3.677524265364487399e-02,9.179558545793892188e-01,6.165526212407061724e-02,7.054974148811918866e-01,6.265853139013015660e-01,4.933443226143425786e-01,4.133506272046361119e-01,9.394613168960891381e-01,1.465085412368595519e-01,6.627846987319852001e-01,3.641144823563019495e-01,5.629386149157622476e-01,2.432935197402953387e-01,3.523497751992786808e-01,2.177864701970596562e-01,4.796689611582465040e-02,2.196012578671409643e-01,8.736518046972889806e-01,3.907728644459261269e-01,6.339171702290191668e-02,4.858879289791390721e-01,7.762226543339639795e-01,1.435736475099173848e-02,1.425762129625280095e-01,2.277244901577302749e-01,6.005893775416980551e-01,7.104282287041414623e-01,1.932848493264966439e-01,1.619633377995141066e-01,3.047745083138536648e-01
1.932521390835852393e-01,2.025387838974947174e-01,6.883364758193181998e-02,0.000000000000000000e+00,1.084947332165949324e-01,6.932869742592846773e-02,2.583380512761626058e-01,1.015472862817264066e-01,3.510786439800834408e-02,3.686244861319865063e-01,1.274167793397516235e-01,5.241915612987646522e-03,2.109710016668494281e-01,4.590316732008560274e-01,2.212391414609554963e-01,3.123916467275902331e-01,2.117564243774321953e-01,3.672921888073027441e-01,8.831515295694244982e-02,2.342108809984990159e-01,4.324172316223014456e-01,4.626026561860132058e-01,6.692783627191614682e-02,5.071561371935396911e-01,3.872262624902510497e-01,2.798724465920359172e-01,6.080668286271245782e-02,2.471285496148944993e-04,2.638089976197646180e-01,2.739553959218172796e-01,1.106987420220712504e-01,3.769301078779397352e-01,2.565461275349276704e-01,2.651633934845500917e-01,1.167210598457811693e-01,2.051790581866711760e-01,3.430231185061043964e-01,6.755461864637421487e-02,4.273026170469207963e-01,6.076906609231570444e-01,1.204738965868326905e-01,6.585411126573795931e-03,1.579815507183932322e-01,3.633520690811357090e-01,2.523088596095490188e-01,3.994493950355535450e-01,3.282291695814874011e-01,2.624961624929805781e-01,4.334038688744660250e-01,6.098593915166702906e-02,1.984492850182464629e-01,6.764690042757656729e-02,2.019095250129812891e-01,1.279013729251831655e-01,5.478508380213460427e-01,3.146805262967049543e-01,7.544755783944706584e-02,3.235538879218652908e-01,1.154903769878296571e-01,3.629214746769713340e-01,4.394751011809853170e-01,3.581944831839078969e-01,3.013228978909668898e-01,2.151891806672006080e-01,3.785720106639486326e-01,3.210912624987655173e-01,4.742344372664929475e-01,1.990659364832489120e-01,5.865558472800567191e-01,4.207224195505098185e-01,4.615125467605480925e-01,4.442220690682727180e-01,1.087293983590329194e-01,6.117006130614777160e-01,2.769477221987834969e-01,4.424141434944113827e-01
1.064490403661516454e-01,4.690752192724149117e-01,8.013540926330258163e-01,1.084947332165949324e-01,0.000000000000000000e+00,5.017203127194086454e-01,6.508168903630110469e-01,3.553075770769060782e-01,7.955132695720906755e-01,3.113674419287297268e-01,7.766483700221358255e-01,1.117627149104159501e-01,5.634537389493339266e-01,5.666847955963284500e-01,1.204942776930782722e-01,5.633876895041955990e-02,2.057244780268405182e-02,2.195267170330883477e-01,6.928992765577334234e-01,3.406831690384095612e-01,1.352729276051524987e-01,2.035802294072869001e-01,5.258565406485613547e-01,2.392214108297019692e-01,3.185930058047332092e-01,7.055989217038288741e-02,5.983169189776624819e-01,7.373328534994456618e-01,1.635790446720386537e-01,1.225239770493086744e-01,2.285930712514975260e-01,3.113969011855765578e-01,4.841434258156678272e-01,2.332367624499226411e-01,4.393087171796512813e-02,5.463119685608497367e-01,6.290252618415242969e-02,2.340795264413357279e-01,3.724563297047698285e-01,3.537600258142170606e-01,8.006283188291299369e-02,4.654404415845798254e-02,5.112464416191655481e-01,1.188507201554531711e-01,2.086103261482379900e-01,1.371815584705929902e-01,1.430498599056554965e-01,6.996911478350208435e-01,1.298394384325865514e-02,6.455408811782537004e-01,4.165347751659104203e-01,5.058996249723413108e-01,2.007270896666282778e-01,7.018464863757172267e-01,3.979462923232759963e-02,5.939776786766723937e-01,3.204849415874879703e-01,4.287296457773854819e-01,2.856183117450555864e-01,6.014436237168338528e-02,8.222324963584383417e-02,8.095305704602091812e-02,1.424549676718627755e-01,5.810677243533095560e-01,5.465291966005977886e-02,1.014049123431882415e-01,1.356651856725173133e-01,4.768005457146451964e-01,1.191696652608531387e-01,9.186039491655918765e-02,7.508939214267951190e-02,3.450582519683997873e-01,6.432089227771978779e-01,3.576921972924004267e-01,2.001787133982559086e-01,1.848380839534321529e-01
3.730865053147786048e-01,1.285104168466730812e-01,6.571523567840832358e-01,6.932869742592846773e-02,5.017203127194086454e-01,0.000000000000000000e+00,3.745126230847055648e-01,5.461385942573443453e-01,5.884176961920535298e-01,8.885127357658015312e-02,4.044455977619569320e-01,3.981242456977005517e-01,6.189844190046713823e-01,1.822863994183003267e-01,3.978923461798314909e-01,3.235965375950863310e-01,4.228554820924785296e-01,9.416169844082145080e-02,4.499692617266959904e-01,6.278954431373676703e-01,3.828610743302375830e-01,4.786900920745894017e-01,7.071244734286369349e-01,8.171524779576191944e-02,2.609903609056662965e-01,5.857748338987949221e-01,8.170345285549684977e-01,6.430008038206755927e-01,6.475235487039119331e-01,9.937453945653511311e-02,2.268577054837043194e-01,3.825904237410713837e-01,2.908183454274628765e-01,2.510494609334092964e-01,1.098651390587888910e-01,1.520216575548480331e-01,8.455374086809891443e-02,1.292538195905094389e-01,3.050656362397823340e-01,1.273926157029222905e-01,4.432588891130512243e-02,1.119483095493237629e-01,3.313733725719326673e-01,2.356729054566352455e-01,8.727293386977187650e-02,1.266315040336991604e-01,2.148432764674381712e-01,4.554402758115962402e-01,7.046918123434127434e-02,3.603843809330917747e-01,7.501868285846828854e-01,3.009563299782832546e-01,4.832764524651763094e-01,4.662454664727817000e-01,1.960563097129101040e-01,1.924862233505067188e-01,3.662205916931364769e-01,5.398114006416037114e-01,9.403530580258405436e-02,2.159927542233202602e-01,2.304121084955193521e-01,2.440360942253215482e-01,4.135181029511589279e-01,4.702462572473671276e-01,2.775529164394432979e-01,2.285191749740962397e-01,3.984824162893562671e-01,6.050833436423915801e-01,9.616272752908566757e-02,3.626672959161565957e-01,3.473903181974219434e-01,4.832566226987025093e-01,5.307405823705195758e-01,1.995807575022494340e-02,1.611823692176637401e-01,2.817128756198858941e-01
1.186215912087979218e-01,4.151835719423996318e-01,3.821707889634654576e-01,2.583380512761626058e-01,6.508168903630110469e-01,3.745126230847055648e-01,0.000000000000000000e+00,4.602603462137491719e-02,3.966045259470626916e-01,1.783420389457840427e-01,3.781324744950714800e-01,4.660019054179198594e-02,5.118764193868000634e-01,4.906566763358469752e-01,2.041710454625384613e-02,2.713874875578609069e-02,1.491745302324511968e-01,4.223450416032997756e-02,2.768637879194836282e-01,2.740239520703582343e-01,8.261674760119355754e-02,1.110228363552815956e-01,2.309876325927553153e-01,3.096827673165422068e-01,1.664911659566307711e-01,8.552836465204566307e-02,4.749567883453528205e-01,5.580391933144850380e-01,3.803495378304992958e-01,4.861135816387124331e-02,6.281085710380435172e-02,1.609794040304949048e-01,3.651674688034740601e-01,2.550138778613624257e-01,3.370308626568958854e-02,4.529094244529169311e-01,3.659495300565496212e-02,3.032812869706611458e-01,2.492236568340790992e-01,3.592687464390019181e-01,1.100170790515800912e-01,1.037768549790747119e-01,3.428229442946643113e-01,9.021202978969766750e-02,1.429432173063922284e-01,5.187143548830029649e-02,1.147429525810938766e-01,2.384161741593129602e-01,7.801222745681957171e-04,2.270557292723391629e-01,9.881438078227551547e-02,3.432205797280701298e-01,4.949554813526373109e-02,2.705275800225636074e-01,2.097711635011965114e-01,2.203188352981030051e-01,2.798678759007561245e-02,1.489691951331524600e-01,1.219640366634224676e-01,2.688335672589683423e-01,1.033947252604814349e-01,1.834204049270998782e-01,1.647061163952225904e-01,2.512264832689975469e-01,3.057401639958274298e-01,1.783503374369296568e-01,1.772396468816314630e-03,1.606251618298414063e-01,3.318529320795248205e-01,1.461901283053483880e-01,9.893695278461137055e-02,2.490883204765245718e-02,3.420470561022004863e-01,3.900681407352387109e-01,1.206379921978535386e-01,2.343731631590697043e-02
5.670320563158437466e-02,7.519134017360459832e-02,5.648251420888150687e-01,1.015472862817264066e-01,3.553075770769060782e-01,5.461385942573443453e-01,4.602603462137491719e-02,0.000000000000000000e+00,4.084395115781571661e-01,1.109575472888061076e-01,3.975375233287087862e-01,5.740227251546304865e-01,2.463021111839518440e-01,2.499622291893246195e-01,1.714986812993896936e-01,1.474148280455246374e-01,1.872483308576250172e-01,1.823807644036866960e-01,3.600078185352672544e-01,2.287210324574724396e-01,1.987334117889825169e-01,6.293027439029898196e-02,6.544021287453783975e-01,1.499325849066415195e-01,1.601355651432154747e-01,4.265479866141746457e-01,3.389950614875213986e-01,3.203626140612270135e-01,7.521654402338365242e-02,2.462720943120648709e-01,7.723074485545322609e-02,4.023147117727308708e-01,5.785463284650291249e-02,1.189129480024147534e-01,1.731034972397330063e-01,7.948882966772455316e-02,3.655924947957270993e-02,2.741992483015159854e-02,3.555184532747941439e-01,1.075340347240900107e-01,9.078407142317931888e-02,2.441900463435994761e-02,1.884722084449355073e-01,3.273260095481052567e-01,3.934418132097589060e-02,1.676058486486503574e-01,1.427476383118032321e-01,3.928540658419594767e-01,1.875650566045728440e-01,3.448395831152519242e-01,4.048881508910599503e-01,1.562428501896295785e-01,4.377292943868280606e-01,4.137139156834869769e-01,8.584983966514929399e-02,2.985933765936533701e-01,4.609176870794859382e-01,3.072997412353971058e-01,1.095041995111878108e-01,2.402859439207068182e-01,1.694461690070156179e-01,2.556883250518079964e-02,2.506394225161984179e-02,3.222448230767374078e-01,2.568232922001976726e-01,9.612621225048326168e-02,1.464694341236713049e-01,5.037459584234336152e-01,3.072071011769061943e-02,1.026787181799070914e-01,4.431492786107577020e-03,1.232079744852141723e-01,2.767318064897881791e-01,3.371983640073515920e-01,6.690761003923680061e-02,1.686032530435689902e-01
3.079246103655028932e-01,1.497193643784552330e-01,9.781582319140532666e-01,3.510786439800834408e-02,7.955132695720906755e-01,5.884176961920535298e-01,3.966045259470626916e-01,4.084395115781571661e-01,0.000000000000000000e+00,1.018968175231495521e-01,7.628745973654484924e-01,2.522266191749782394e-01,6.825172132594742314e-01,2.973733735652360211e-01,4.187763744501205032e-01,1.481402311808296957e-01,1.820306801608261027e-01,8.684787313778305484e-02,8.330975979589829716e-01,6.019570639787237276e-01,4.223851425181260333e-02,5.071224341056912444e-01,6.480544762531148528e-01,1.155793025918953332e-01,8.022996748180458160e-02,3.638797492751623119e-01,7.099274946667514241e-01,7.144092066699682109e-01,3.287817815964297896e-01,1.664081302499806347e-01,2.843972296423845636e-01,4.711020601676996211e-01,4.917774320140742006e-01,2.500805014050110908e-01,1.368285440515183415e-01,1.602877597907414742e-01,3.737412404451152803e-02,2.045384756105843860e-01,4.698992278758686858e-01,3.104338167892571887e-01,3.358199940207305667e-02,9.909379204649773620e-02,2.759262756964184771e-01,2.855359146096583811e-01,1.825548942163847943e-01,1.106068817474469557e-01,7.608316017969751766e-02,8.584979381914267238e-01,1.041528692275813656e-02,7.308099582981250064e-01,5.066934768859309157e-01,4.779041551597123516e-01,2.672037364140424920e-01,8.573690644488951573e-01,1.897465430046574031e-01,6.253617686415021693e-01,3.304156448342960850e-01,4.905800899354965106e-01,1.662435646040592574e-01,2.769841105033516993e-01,2.418858889661253952e-01,6.879162165602403789e-02,1.447374338388118242e-01,7.912686875200700687e-01,3.701528958811837189e-01,2.680329816042775759e-02,5.014175446935379421e-01,6.338845043111192012e-01,1.640655864718253698e-01,9.230940035474569094e-02,1.230031258686196394e-01,5.482771182748746863e-01,6.366077070579458930e-01,1.526273327269051516e-01,1.465081271302678401e-01,3.320422298095325742e-01
1.132361467664147470e-01,3.512663094020190835e-01,1.212152770500321830e-01,3.686244861319865063e-01,3.113674419287297268e-01,8.885127357658015312e-02,1.783420389457840427e-01,1.109575472888061076e-01,1.018968175231495521e-01,0.000000000000000000e+00,1.352261639997685561e-01,5.318040721009640315e-01,1.104679767571562499e-01,4.338345710188927229e-01,2.546998966026251532e-01,4.051386399437307828e-01,6.109102022845742663e-01,6.329581848882219752e-01,5.795641582797272928e-02,1.724987663264471727e-01,3.930249887076795456e-01,4.116184666023255945e-01,1.861235406163133654e-02,4.400149823213902467e-01,5.193796456976963460e-01,4.348505161999377533e-01,3.716043240706540240e-03,1.099764202507073074e-01,4.331789852199215973e-01,6.067778304123215560e-02,7.351757296002775499e-02,6.252174697295681538e-02,7.207523879817423484e-02,3.955336159748312763e-02,5.301465491591890455e-02,2.554132279221607571e-01,7.961765567242240493e-02,6.328329353628539544e-02,2.628293697205839052e-01,3.845464758172267850e-01,5.182569277444916411e-02,4.562810011347570582e-02,7.665844720280523550e-02,3.148511670233741788e-02,1.561900103924083461e-01,1.333221620547295760e-01,4.101801613597674256e-01,1.069165982467257248e-02,3.688418393992441424e-01,9.307268187948533611e-02,3.463058793978095184e-02,1.333378905550046123e-01,1.139124570467205388e-01,9.504548640440263485e-02,4.945760378858288231e-01,1.645644070009417703e-01,3.693538996005761854e-01,9.687598906477307148e-02,1.942287362556464891e-03,1.176301845521848521e-01,4.856527886958946771e-01,5.262319187782891206e-01,3.624080780031772031e-01,1.555454919082258081e-02,2.128592663410306118e-01,2.885569353036819829e-01,3.998403884427037536e-01,8.090355141956440121e-04,2.046767207817150602e-01,2.795096778020574879e-01,4.602287977759578763e-01,1.098745953499846717e-01,2.071183297655679600e-01,4.853827088689127711e-01,1.457146447454907845e-01,3.519557925501117790e-01
9.655022179411840155e-02,3.569686433209371956e-01,8.255088951038448419e-01,1.274167793397516235e-01,7.766483700221358255e-01,4.044455977619569320e-01,3.781324744950714800e-01,3.975375233287087862e-01,7.628745973654484924e-01,1.352261639997685561e-01,0.000000000000000000e+00,2.982425349174921969e-01,5.261476476107367350e-01,3.796549432784092626e-01,1.421938335766264605e-01,7.312840290211241462e-03,8.740701994540893416e-02,8.626304242286791935e-02,8.361370171027334708e-01,3.490581995488231670e-01,5.326856767308776885e-02,3.490060197013106214e-01,5.654938549839704232e-01,4.715365897390595001e-02,2.256870482360093799e-01,9.652040624870711349e-02,4.395884747786651947e-01,6.180874113776930745e-01,1.069446903910500901e-02,2.023515588178821378e-01,1.846737311848136442e-01,3.205970306357006638e-01,4.445517777900973577e-01,2.702178397833101542e-01,1.223066739306626072e-01,4.638649106141597978e-01,1.293329941694669749e-01,2.198136405818227335e-01,2.970487477715628710e-01,1.436921920540789877e-01,6.848723136176904092e-05,1.716042979892701270e-02,4.190585387754864333e-01,6.485587899173107795e-02,3.172876904186170965e-01,2.456342346670256638e-01,1.945572398702452577e-02,8.698996813525899929e-01,1.412667594465016885e-01,4.936629528052824400e-01,3.757887000605392158e-01,3.180320858687697982e-01,3.147029535383339960e-01,6.765008780232851793e-01,9.990223103727488563e-02,8.404007674839905073e-01,3.471614816326195618e-01,3.843882746292981434e-01,2.777769971485203326e-01,9.982536459830659847e-03,1.407479975959395613e-01,1.201419519424336280e-02,1.165948966592030706e-01,7.565920408237550854e-01,1.823136099114645858e-01,9.620881309058043618e-02,2.857598163816900683e-01,4.914750347869069058e-01,8.145899954472884952e-02,1.624507149018585006e-02,1.651386209332966759e-02,4.380545274193984873e-01,5.851579393932558881e-01,2.577598438705961392e-01,2.631831646230045063e-01,2.237408693008877125e-01
1.019156778704654459e-01,1.931102354833706403e-01,2.941107956110781130e-01,5.241915612987646522e-03,1.117627149104159501e-01,3.981242456977005517e-01,4.660019054179198594e-02,5.740227251546304865e-01,2.522266191749782394e-01,5.318040721009640315e-01,2.982425349174921969e-01,0.000000000000000000e+00,2.939463331732407592e-01,4.371357145489485063e-02,1.856985545315287256e-01,2.571270161383487629e-01,5.322748535780357226e-01,2.806457178959417820e-01,2.864946878028172828e-01,2.630796824055215977e-01,2.746663862322558103e-01,3.464068291935469279e-01,4.817113385162501427e-01,5.340254939180888449e-01,2.050482415564929828e-01,5.413566522803696657e-01,1.883642411121982108e-01,1.830318116251837823e-01,2.493151943207639887e-01,3.624221451591222443e-02,8.408808109152857146e-03,2.090589664624233346e-01,3.440842477819133771e-02,9.316391193455000885e-02,2.591665417986232026e-02,7.090453455162570862e-03,1.353035268677449943e-01,8.285671589533860626e-02,1.309206730960706111e-02,1.887920466475472847e-01,5.861612727688042535e-02,6.756817560714047100e-02,2.357209507278050509e-01,1.970358818005189805e-01,1.805303487842548626e-01,1.525948803476742943e-01,1.223522865397787818e-01,3.633676463379726940e-01,3.904250747728092719e-02,2.049473587375647832e-01,3.015715101800452436e-01,1.155924494441594452e-01,4.942984536198171686e-01,1.834484355326993499e-01,2.808115240752016017e-01,3.812701561696154595e-01,6.477968554695830994e-01,3.033320048927375390e-01,1.451014673112462350e-01,1.115303192971242308e-01,1.779388905053606029e-01,4.069313767671108861e-01,2.341734243962517448e-01,2.690536964306292078e-01,3.220626872730688595e-01,1.866384333201284995e-01,3.466135623473521887e-01,3.728025225202499793e-01,3.698310648015418756e-01,7.867624313338023034e-02,3.425304586347105440e-01,1.500295895093050058e-01,2.166009593905129371e-01,4.481044634622230460e-02,2.701880380055659003e-01,3.018077315766329316e-01
9.346886496659755073e-02,5.821425594780765822e-02,6.569184520925969162e-01,2.109710016668494281e-01,5.634537389493339266e-01,6.189844190046713823e-01,5.118764193868000634e-01,2.463021111839518440e-01,6.825172132594742314e-01,1.104679767571562499e-01,5.261476476107367350e-01,2.939463331732407592e-01,0.000000000000000000e+00,1.369483170298892993e-01,3.983458417505310045e-01,2.890692817855728403e-01,3.595539217396961917e-01,1.906317099123941428e-01,5.340773920959875909e-01,6.049235255085316787e-01,1.732322719089417762e-01,5.681598230683071460e-01,5.445339068002303939e-01,8.312623096570356807e-02,1.691063732163024524e-01,4.512333998943741098e-01,5.727963584130411068e-01,7.993665669718919009e-01,5.577650234408861873e-01,3.242827987524774525e-01,1.830124817692841965e-01,3.201154453167007197e-01,4.085258818521128599e-01,1.413752689417302755e-01,1.138033345343844940e-02,1.642226879797363259e-01,5.132077416098390632e-02,3.730199177257733645e-01,2.805222825831913958e-01,1.272419363655193369e-01,1.329913150391257570e-01,1.220568130722400613e-02,1.322071706717953543e-01,1.405924172645500736e-02,1.873062080124625606e-01,5.131591647006404633e-02,2.669082782913789753e-01,6.179302983609772371e-01,2.275337946766765873e-01,5.067451094895213393e-01,4.651084843406471103e-01,3.992541813698743947e-01,2.511428262351947382e-01,6.239777705407882902e-01,2.746524184652902045e-01,4.606359774340869073e-01,2.572610484491156257e-01,6.289078790619033743e-01,7.005655504829297331e-02,1.619425146019606854e-01,4.063919484291251272e-01,1.929920655148263386e-01,3.582988384106079449e-01,5.576586265434912981e-01,2.609782457086062823e-01,2.857421690207717635e-02,4.818476182346438375e-01,4.984019944427729998e-01,6.697589064473764321e-03,3.653183503604584548e-01,3.547556830888602963e-01,4.904092788176311335e-01,4.604766020112356362e-01,1.027245574513620946e-02,2.393130069964661544e-01,2.493712756016150389e-01
1.426283157871652829e-01,3.426742200566871288e-01,2.754121278640849768e-01,4.590316732008560274e-01,5.666847955963284500e-01,1.822863994183003267e-01,4.906566763358469752e-01,2.499622291893246195e-01,2.973733735652360211e-01,4.338345710188927229e-01,3.796549432784092626e-01,4.371357145489485063e-02,1.369483170298892993e-01,0.000000000000000000e+00,6.701108280908096848e-02,3.010711321352088632e-01,1.872233337846601897e-01,3.749359434670065383e-01,1.122248177666891333e-01,1.115058519591809183e-02,1.332793600809425161e-01,2.029039821267863419e-01,2.002615099626530171e-01,3.595768502168312786e-01,3.507442455895602995e-01,2.642476994879051078e-01,2.972653129092030500e-01,4.897966925706226382e-01,8.138831759021147860e-02,1.317194353089343739e-01,1.983395891540122580e-01,2.023023469176083167e-01,2.130904500248711475e-01,2.845733160315372379e-01,2.635926758059214947e-02,4.547885382879491289e-01,7.560758589919726325e-02,1.329608171739959932e-01,2.474236794175843634e-01,4.533502702819813823e-01,5.687221206861213518e-02,1.904035934611231218e-01,4.073729788940521068e-01,2.150865571522628528e-01,6.290458901318057849e-02,1.188299344880532349e-01,1.559794410271937715e-01,1.497180171408580285e-01,2.955479619058207774e-01,2.342398077188517225e-01,9.647188097027847853e-02,1.730220446059848594e-01,4.178008041568762043e-02,2.379860441508414859e-01,3.258463860002858148e-01,2.070490269244198156e-01,4.189821837166596286e-03,7.483598342357047906e-02,2.777833239965743495e-01,1.929731178283122794e-01,2.331690445054747651e-01,2.722666289047063204e-01,1.049007015003587256e-01,1.803034902753567620e-02,2.577053365309046606e-01,1.195148904459793389e-02,2.389984088890373670e-01,1.455669919934197143e-01,2.695395542838901481e-01,7.001758861258020050e-03,3.101261116694145614e-01,1.040658443009720990e-01,2.991783442740141852e-01,5.009327395132249228e-01,1.063110679457246327e-01,1.544970023849064900e-01
3.578013204602571440e-01,3.231476360605531339e-01,5.136499063944763854e-01,2.212391414609554963e-01,1.204942776930782722e-01,3.978923461798314909e-01,2.041710454625384613e-02,1.714986812993896936e-01,4.187763744501205032e-01,2.546998966026251532e-01,1.421938335766264605e-01,1.856985545315287256e-01,3.983458417505310045e-01,6.701108280908096848e-02,0.000000000000000000e+00,1.342802989372365585e-01,1.812048186421103824e-01,1.122502087408238369e-01,3.119603484417991512e-01,7.670748345649442967e-01,3.768839130142361271e-01,7.786433004575487038e-01,5.108068571280892645e-01,2.160115178384335033e-01,1.463806888415684349e-01,5.532483965561763029e-01,5.159599878655742877e-01,4.099567357112809951e-01,4.519429418957317535e-01,1.541893366065141824e-02,2.576141305125129177e-01,1.273498838308039505e-01,2.249232466094357175e-02,8.134134077112475936e-02,7.894825632575634689e-02,2.102787102939069341e-01,1.728158495479336504e-02,7.669168869758520579e-02,1.022337542050353182e-01,6.977770217861728463e-02,1.592157560774297154e-01,1.374780119889622287e-02,1.355359014718399840e-02,2.905769697762026760e-01,1.370895948697893330e-01,9.143859826931999280e-03,3.357095470135918469e-01,3.487641337844805123e-01,1.375366048841474287e-01,3.331341142580516168e-01,4.401312045841656584e-01,3.395842004703021333e-01,8.842398976918020015e-02,5.152863553066602265e-01,2.699781327242420370e-01,1.943648284874376631e-01,1.180454454016652971e-01,3.868286040724534525e-01,1.395380902412576840e-01,6.087698770116068969e-01,5.007780881955607999e-01,1.861670711514941401e-01,1.826020205636297578e-01,4.158382143128344643e-01,4.929112368744558159e-01,3.282394358164541504e-01,7.170063733046839749e-01,5.111747885651627410e-01,4.119983866865492561e-02,3.406842378542958572e-01,4.096243142213173982e-01,5.318985848059817334e-01,3.076113455102446603e-01,2.527569746698099529e-01,3.440505560728560064e-02,4.961378120877429909e-01
5.808936625907916707e-01,1.915457011908952567e-01,1.030872900553745503e-01,3.123916467275902331e-01,5.633876895041955990e-02,3.235965375950863310e-01,2.713874875578609069e-02,1.474148280455246374e-01,1.481402311808296957e-01,4.051386399437307828e-01,7.312840290211241462e-03,2.571270161383487629e-01,2.890692817855728403e-01,3.010711321352088632e-01,1.342802989372365585e-01,0.000000000000000000e+00,6.021116400156363291e-01,5.773986656968150832e-01,1.437135194743460187e-01,3.532313510062235484e-01,2.438489792717728477e-01,3.777483063287822018e-01,1.730531904463130655e-01,3.745416775187150882e-01,5.433876667134469596e-01,3.867505014406619757e-01,2.107240721705026520e-01,2.834769325456198974e-01,5.201365951318851488e-01,5.300600706316012101e-01,3.565227312214918065e-01,1.097913927124297834e-02,1.935094981452542273e-01,1.648080516305951981e-01,7.487481486652403095e-02,5.563884095634792637e-02,3.875364092755226308e-02,2.936920227322427079e-01,1.529405052746659888e-01,2.296747646368707263e-01,2.762769288623359576e-01,1.393661637313740875e-01,2.329387859338543088e-01,4.599914497376696165e-02,3.067849624691610932e-01,5.094179776008448401e-01,9.981673931685045020e-02,1.537546553920704495e-01,2.096166629169348983e-01,9.536838825873475423e-02,1.930312851070513092e-01,7.151047110632988146e-02,2.598525331741526334e-01,7.296510069752229488e-02,3.739948307399981742e-01,5.043661549902600516e-02,9.600937353923626183e-02,2.410935789156212483e-01,1.001846318419281484e-01,5.479526036286067048e-02,5.580787765124664013e-01,4.739103579266223942e-01,5.873184672392068872e-01,1.407501525046232493e-01,3.451320139380844587e-01,1.987831284906554641e-01,3.509065000265234602e-01,8.585497889434753893e-02,4.062821029415185081e-01,2.742680334921454577e-01,3.596305940829842562e-01,2.057893624646078279e-01,2.799998380916176588e-01,3.405434948763909064e-01,4.638180895333440246e-01,3.637378694924195965e-01
2.663208919591533719e-01,3.068241730230080178e-01,1.398642725438359879e-01,2.117564243774321953e-01,2.057244780268405182e-02,4.228554820924785296e-01,1.491745302324511968e-01,1.872483308576250172e-01,1.820306801608261027e-01,6.109102022845742663e-01,8.740701994540893416e-02,5.322748535780357226e-01,3.595539217396961917e-01,1.872233337846601897e-01,1.812048186421103824e-01,6.021116400156363291e-01,0.000000000000000000e+00,6.517910262761452689e-01,1.726730111368116327e-01,3.600398207591952171e-01,4.426755186621398885e-01,3.991491425253216319e-01,2.067724449877993698e-01,4.354463456609959926e-01,5.343434292183923962e-01,5.398193437491785041e-01,2.289620985443489853e-01,1.938717820581168927e-01,5.928812560739538107e-01,1.400590561815657775e-01,2.270898840185492651e-01,3.737975463200442910e-02,8.216548597443038005e-02,4.986022416150734382e-02,8.075983180360658820e-02,6.881555404217269689e-02,1.568817591109614162e-02,2.137131031045159668e-01,1.252469443752177725e-01,1.602061724205237625e-01,1.062959606308291338e-01,4.168153358846508894e-02,2.236520982488248155e-01,8.655244924509412907e-02,1.807504818207471553e-01,2.976804394288364852e-01,3.095489912888297335e-01,1.706143900369276323e-01,1.675541082539848403e-01,1.264532647997205494e-01,3.211199043347882087e-01,8.125954345908489862e-02,3.690445082098761098e-01,1.489746263923527048e-01,3.575719761584862932e-01,2.330869544126453474e-01,3.590548534478502640e-01,3.255256200990869764e-01,1.451648618067313268e-01,4.547339684334379684e-02,4.446568909679022852e-01,5.857060313919580929e-01,5.771691806801844127e-01,1.726209148205682109e-01,2.785251527538676330e-01,2.161317546563412961e-01,3.506399342212630499e-01,1.430218317746895784e-01,2.395104064705173008e-01,2.501792587172779747e-01,4.613234286297243081e-01,2.104353159893483649e-01,1.679643641565896905e-01,3.794449035617036281e-01,2.761672459212521913e-01,3.499307669901049467e-01
6.223176249950651551e-02,3.819454582090296424e-01,1.167580685065202906e-01,3.672921888073027441e-01,2.195267170330883477e-01,9.416169844082145080e-02,4.223450416032997756e-02,1.823807644036866960e-01,8.684787313778305484e-02,6.329581848882219752e-01,8.626304242286791935e-02,2.806457178959417820e-01,1.906317099123941428e-01,3.749359434670065383e-01,1.122502087408238369e-01,5.773986656968150832e-01,6.517910262761452689e-01,0.000000000000000000e+00,5.714031219492324287e-02,2.392699381912971324e-01,3.467792628723053716e-01,4.208706132124546140e-01,1.261123976710522843e-01,3.669308906503993550e-01,6.808848323736105268e-01,2.699787009178172270e-01,4.715319008499557762e-02,1.115429169645898999e-01,5.018002132312617825e-01,1.534505112166446028e-01,4.654814586871225401e-02,2.905342799667586795e-01,1.325150494638302201e-01,9.737792771743221387e-02,4.765367470819828477e-02,3.057287924897982290e-01,1.189127897318047050e-01,1.676074418456930115e-01,3.908168502316035076e-01,4.825100374139373871e-01,9.668941372888252561e-02,4.255820050982657421e-02,2.330850653757643443e-02,1.171203183551459415e-01,1.975893028648824101e-01,2.407981683366614833e-01,4.679895387683463137e-01,8.035770121051707959e-03,3.126504784316334051e-01,2.911160176561079782e-02,8.486335248707183032e-02,3.604364479823057854e-02,5.498672377051935095e-02,1.946908021092383367e-02,3.798155438942110718e-01,2.118129983982922071e-01,6.028861003501054250e-02,2.035629570182777015e-01,8.455238341423518267e-02,4.105640300855528668e-03,6.972224780089624208e-01,4.248251862493093167e-01,5.839062633956642046e-01,2.373976545926997916e-02,2.579218230726506023e-01,2.163850526185663037e-01,3.967723663080746643e-01,7.462129775079352767e-02,2.672065156181834267e-01,4.176096074557481552e-01,3.977853289937128833e-01,2.932929764670341721e-01,7.704305881803480416e-02,5.723294117383961321e-01,2.025063686763387549e-01,3.069830617953868135e-01
1.866537113202031972e-01,9.410370744557575162e-02,8.981169529254844353e-01,8.831515295694244982e-02,6.928992765577334234e-01,4.499692617266959904e-01,2.768637879194836282e-01,3.600078185352672544e-01,8.330975979589829716e-01,5.795641582797272928e-02,8.361370171027334708e-01,2.864946878028172828e-01,5.340773920959875909e-01,1.122248177666891333e-01,3.119603484417991512e-01,1.437135194743460187e-01,1.726730111368116327e-01,5.714031219492324287e-02,0.000000000000000000e+00,5.532604152066191716e-01,1.039255694226697835e-01,5.039950543036744168e-01,5.842817657878518478e-01,2.186265613058897828e-02,1.367544538896799389e-01,3.245327769725656619e-01,4.877202262093727203e-01,5.861084228331441270e-01,9.986711602368666951e-02,2.286253534549075317e-01,1.654010096539113017e-01,5.331877558437404518e-01,5.074018083216044195e-01,3.106258334752998174e-01,2.381131429756140616e-01,1.506181225411207247e-01,3.320549088196432692e-03,8.869009910861244683e-02,5.269900734451138380e-01,2.082683768479767772e-01,5.058307813558369365e-02,1.777797082667200435e-01,2.391313680288627286e-01,2.292320986451755749e-01,2.365541265219220368e-01,6.670372102409373449e-02,9.753917199087636103e-04,8.865587909486815077e-01,1.321433054961582976e-01,6.180114477072770063e-01,3.937639749743252482e-01,3.421343256491428675e-01,2.474462482572523658e-01,7.565218987311342902e-01,9.643370286495389632e-02,6.646664342307688766e-01,2.927914545315751793e-01,4.040116826622453527e-01,1.709477908169780569e-01,2.125994098158147105e-01,2.353134475659913183e-01,7.889892847820542676e-02,1.326706059894260104e-01,9.406028607876301129e-01,3.827169045884062926e-01,1.434163070381627714e-01,5.025686267670097518e-01,5.088336265235866573e-01,3.462367434626596741e-02,1.300450238063577402e-02,1.801803525365346381e-01,4.979952630216321063e-01,5.697901756247714111e-01,2.271113524170260689e-01,2.813782292904060123e-01,2.493928756326761476e-01
4.117235075719739568e-01,1.943969113654560599e-01,6.884848649702967061e-01,2.342108809984990159e-01,3.406831690384095612e-01,6.278954431373676703e-01,2.740239520703582343e-01,2.287210324574724396e-01,6.019570639787237276e-01,1.724987663264471727e-01,3.490581995488231670e-01,2.630796824055215977e-01,6.049235255085316787e-01,1.115058519591809183e-02,7.670748345649442967e-01,3.532313510062235484e-01,3.600398207591952171e-01,2.392699381912971324e-01,5.532604152066191716e-01,0.000000000000000000e+00,2.724030426744203370e-01,9.072067312213284440e-01,6.529293920235050841e-01,1.970224065274228664e-01,2.834857109981946399e-01,6.240574756335814932e-01,6.896127740073572099e-01,6.802920497265851907e-01,5.655995381647284104e-01,3.043603392452095546e-01,3.148907806187212222e-01,2.944591316269286607e-01,3.002049971401772877e-01,1.852093725587344308e-01,8.940026331935031767e-02,2.903977798980279107e-02,3.590944769014625670e-02,2.707650098292397889e-01,2.564673403074413938e-01,2.670445410482323589e-02,1.661883399168913589e-01,1.060559988529830577e-01,1.486058735249074503e-01,2.006952121467159289e-01,1.984877612705117089e-01,1.676573541869762762e-01,4.456842154550805235e-01,5.556176743155127884e-01,2.289809757558873282e-01,4.220584344922236886e-01,5.944001518294602660e-01,3.742807123718155937e-01,2.510385215191316410e-01,6.202384582775090083e-01,3.066963863404161827e-01,2.735658447659439774e-01,1.906339399408915336e-01,5.023603151831574909e-01,1.618741840078113114e-01,4.479716212016948695e-01,6.736650957723560040e-01,2.501502443760043048e-01,4.879135820684474267e-01,6.643338429967458048e-01,5.925475694610029542e-01,1.672500715274657934e-01,8.654077870823524421e-01,5.662160218094720587e-01,1.148633809938395117e-01,4.476814175771188786e-01,4.974203251363488731e-01,6.834754603521701055e-01,6.110989344072383922e-01,1.907514578042182607e-01,2.971014832161879005e-01,4.652450909605623242e-01
3.476345927886575482e-01,2.149297136877530434e-01,9.001413439868732880e-02,4.324172316223014456e-01,1.352729276051524987e-01,3.828610743302375830e-01,8.261674760119355754e-02,1.987334117889825169e-01,4.223851425181260333e-02,3.930249887076795456e-01,5.326856767308776885e-02,2.746663862322558103e-01,1.732322719089417762e-01,1.332793600809425161e-01,3.768839130142361271e-01,2.438489792717728477e-01,4.426755186621398885e-01,3.467792628723053716e-01,1.039255694226697835e-01,2.724030426744203370e-01,0.000000000000000000e+00,3.945712692803092225e-01,2.434542068251145941e-01,4.040990136379304376e-01,4.052205569338045432e-01,4.432878015713097031e-01,2.737655183830871031e-01,9.751607147992563673e-02,5.530799711550625775e-01,1.087189850337929864e-01,2.963270854148088440e-01,2.351200333732230419e-01,1.485220572285531893e-01,1.168020263236694833e-01,8.006814584978153015e-02,2.317701248784790335e-01,2.940507887247280627e-01,8.963661831498227761e-02,3.644161398357670945e-01,2.906962670452511999e-01,1.993694663721561344e-01,2.106191479330179750e-01,3.187857252250993201e-03,1.655228387031003334e-01,1.452118524591091697e-01,3.007871732993281921e-01,2.429024392801966137e-01,6.766083763183047828e-02,2.177142035458805025e-01,1.147914116132248558e-01,3.254598983241141497e-01,2.794577406499409999e-02,3.346667376786144898e-01,1.025911994449969500e-01,3.516801124677088053e-01,1.362306569070999285e-01,2.251132850599767699e-01,1.308678453503346606e-01,6.568784494194238044e-02,3.082971412300148373e-01,3.329286158442975041e-01,3.530159583866420148e-01,2.575024607881867822e-01,1.472686160837308189e-02,1.633626521037975232e-01,6.891945852186379673e-01,3.330488991033074275e-01,3.773725667006577189e-01,3.654796987167329148e-01,3.472486523786394441e-01,4.176703238724212008e-01,2.466822586490248770e-01,1.970567504294984396e-02,4.606477163979411649e-01,3.252827962542931273e-02,4.790338999004158937e-01
