0.000000000000000000e+00,5.032959812300596969e-01,1.500238920751784111e-02,3.726598353696847776e-01,9.553497701532691344e-02,6.741113349768151908e-03,1.040055467124267885e-02,1.383083776086084515e-01,3.008384261644895807e-01,1.973270330142561924e-01,8.240956542182351074e-02,1.211309266156881392e-01,5.672100517217705529e-02,1.206077321806231228e-01,4.926919352863451396e-02,6.391073563790374834e-01,2.381437252376154279e-01,2.806799152788850282e-01,5.011879608752878301e-02,1.246672275676313779e-02,5.435974800749038272e-02,2.704770711777304548e-01,9.510278297350865939e-02,5.839829593873621105e-01,6.655367170570924973e-01,6.390727495656610690e-01,6.451160712250642026e-02,8.130575795618191770e-02,1.885531824588086436e-01,1.705082166468909755e-01,2.013007533039701258e-02,1.385690649592216939e-01,3.772205861195362941e-01,1.146386445659672848e-01,5.416339189839090851e-02,4.620005979603702961e-02,2.080452605499647500e-01,7.764798796038546724e-02,2.051645361463304562e-01,4.372767533367669657e-01,4.977480649848967653e-01,1.154172799938798372e-01,3.994329386922327446e-02,8.915346847994558288e-02,3.100454038271254764e-01,8.053547841656710782e-01,1.146332578744455322e-01,1.009170311335305381e-01,1.801947060337127371e-01,1.291976768893613181e-01,1.270554053506647296e-01,2.660612562016333449e-01,7.146073478064068896e-02,2.308603297120133124e-01,4.159514789315648664e-01,5.701292713016747893e-02,2.682680411321793912e-01,3.287532317625596612e-01,3.585654842687517607e-02,2.662206910796064419e-01,4.932970810158148200e-01,3.762221225813295877e-01,4.277298800294404568e-01,6.043839296864822463e-02,4.573635677876029537e-01,2.138132717198111821e-01,4.681787512981779309e-01,1.242589841733626743e-02,5.840339139412793479e-01,4.024807885895539949e-01,4.884347175671880925e-01,3.854886926917445722e-01,5.170400784804616290e-01,6.250176002895828642e-01,2.639496812433640427e-01,5.933142281340726409e-01
5.032959812300596969e-01,0.000000000000000000e+00,3.542336201740931556e-01,2.065048414570557489e-01,2.354290916681917867e-01,5.133939495890392779e-01,6.895643327548023338e-03,2.638671385213949838e-01,4.911728116647510189e-01,3.170093237313840739e-01,3.565164581527827670e-01,3.595695683629161477e-01,2.768015781734704528e-01,3.369293694798685124e-01,2.192340564837647610e-01,4.446232307191272937e-01,4.536285018160768900e-01,4.532265772113092117e-01,3.560743407292134011e-01,3.105018242513615800e-01,1.359920675057269546e-01,4.975711754071583393e-01,2.478643108410937268e-01,3.248422357846804664e-01,6.570252166231024260e-01,7.176495693583522240e-01,4.667199744974780407e-01,2.767046403323450976e-01,8.074690086748315121e-02,3.190158541714506468e-02,7.987298105143898763e-02,4.425902683004131338e-02,2.458809523037915890e-01,1.157307070959393974e-01,2.957329275487527998e-01,1.980481734689927553e-01,3.448569720370701086e-01,1.089878049440614061e-01,1.098858616095096385e-01,2.936774832015293102e-01,2.439003229874317502e-01,1.457672611386892636e-01,2.182330343830526931e-01,2.906293195237374949e-01,1.664043055639886082e-01,4.898235076155168510e-01,1.915166736992052754e-01,5.055408422310120331e-01,2.530359406608382877e-01,3.043323486897603347e-01,5.151870107319054259e-01,5.134812245793040075e-01,1.089694764495603707e-01,4.689302279205537771e-01,5.020840049576789088e-01,4.236299197638573322e-01,4.848941322242546481e-01,5.477172356663073671e-01,1.130561766674295920e-01,5.796606283505182367e-01,4.895004860109051781e-01,4.924546821170989741e-01,5.140708802127007537e-01,3.176651767186151054e-01,6.944108664938177800e-01,3.502341823843828084e-01,7.686391226628250806e-01,2.450660134213961117e-01,2.374816703668414519e-01,4.685638333825787871e-01,5.607429090813678130e-01,7.041576002957126157e-01,5.091846165451694439e-01,5.340141401368707630e-01,4.004165684290585947e-01,4.724075665224550802e-01
1.500238920751784111e-02,3.542336201740931556e-01,0.000000000000000000e+00,1.127603364845913003e-01,5.323214819100051676e-01,5.871425005148418474e-01,3.745996687608031950e-01,5.775922647992606240e-01,7.818257168671898238e-01,1.929708530043135750e-01,7.832273651577549289e-01,1.408641998779982807e-01,6.307239359165573989e-01,2.679225618774569995e-01,5.329554354194356858e-01,3.095344522612168414e-01,3.477444955223574219e-01,7.693354182197922886e-02,7.335979354110738759e-01,5.262900320558567824e-01,3.817960896974925133e-01,3.150986083201312571e-01,6.370912154335669486e-01,2.428806067757774412e-02,9.326512220313640245e-02,1.496390162255788192e-01,6.948652176710072847e-01,5.459797651955234921e-01,3.782750149942598616e-01,1.904313140105036162e-01,1.596972641599851694e-01,5.684626700003518607e-02,1.268384263387800914e-01,2.888029416033452978e-01,2.318196032813203411e-01,5.404289278744829339e-01,3.105519681263048115e-01,2.765523117655618868e-01,3.260642552094245028e-02,4.026223620391231051e-02,3.806670374375533544e-02,3.443940534405411924e-01,5.514773576303146907e-01,3.520267483862784541e-01,2.310405371970184474e-01,4.305657921763889062e-02,2.172318498303456580e-01,8.624195007868055152e-01,2.705266599348474799e-01,4.441841226107683394e-01,5.192609378640262729e-01,5.282466203927294046e-01,4.995863062001642541e-01,7.902248157890605640e-01,2.534565701066308074e-01,7.611272309278488413e-01,3.088992130162540040e-01,5.729739061239578213e-01,2.194658307422417964e-01,5.436078135517474763e-01,2.399907844481479757e-01,2.698049601701124067e-01,2.824662205853927244e-01,7.339850203519527883e-01,4.330878349840509567e-01,4.356466870421689119e-01,5.459213329586578567e-01,6.320694072833701327e-01,1.875992622590079428e-02,2.264622633212268477e-01,1.632774202825976739e-01,5.270159905584587134e-01,5.122031058242934032e-01,9.125421766468676255e-02,4.230382874551333883e-01,1.131870538528413905e-01
3.726598353696847776e-01,2.065048414570557489e-01,1.127603364845913003e-01,0.000000000000000000e+00,1.233180253877273064e-01,6.144035798944452731e-02,2.189407857016507364e-01,7.590230009743047235e-02,2.218370354792742749e-01,5.883512799943549365e-02,6.368585522134542765e-02,9.256967528380459498e-02,1.416954579089020616e-01,2.056244642152398883e-01,6.843685813498562309e-02,2.699542259342423978e-01,8.540757120316030959e-02,6.208009824224572371e-02,3.412803365797984628e-02,4.935404880958035867e-02,1.400593167286746654e-01,4.525515359900377649e-02,5.200960470113279860e-02,3.845415401985970982e-01,3.211327184597704276e-01,2.591155810390932124e-01,1.852341825505760542e-01,8.370962846085450160e-02,7.781339899700256968e-02,3.775272896876901707e-01,7.589460637259587417e-02,1.177997591696208213e-01,2.836480165902293127e-01,1.434427053664139862e-01,2.756088637733625224e-01,1.629835453798206268e-01,1.546774880166535415e-01,1.391293861276107768e-01,3.178720480435658913e-01,2.519958342079364200e-01,2.322182242094220639e-01,5.606354111577126209e-02,4.106620687643902645e-02,7.159987528075947849e-02,2.145971580673419199e-01,2.976015685004939626e-01,1.679334469883975167e-01,1.546605947569707484e-01,1.592735859028648893e-02,1.490278785405733109e-01,2.419554874937642486e-01,4.897331415804104249e-03,7.344520699530507346e-02,2.060111769372979795e-01,2.164121189171551163e-01,1.411714079813692485e-02,4.677414037216875986e-02,1.596115899221178802e-01,1.440318073930926257e-01,3.084135183801242630e-01,4.157390399200378006e-01,2.216173909046538493e-01,3.548893966787811660e-01,3.325062468312729030e-02,3.903105420239955103e-01,2.296340485025967215e-01,4.121693889195315319e-01,6.677438408920152724e-02,4.394476651655588872e-01,2.585561654646295615e-01,2.338645201218494118e-01,4.196436948634836850e-01,3.913232848603193648e-01,4.218254468205320795e-01,2.957827005439098711e-01,4.687874996352826562e-01
9.553497701532691344e-02,2.354290916681917867e-01,5.323214819100051676e-01,1.233180253877273064e-01,0.000000000000000000e+00,1.618853465771181444e-01,5.009978515170291358e-01,8.265224984721764034e-04,6.625993797011759945e-01,1.490475327262489602e-01,7.582324694762637707e-01,8.522735798011195352e-02,4.238855107771207220e-01,1.136427055992995927e-01,2.386670971650805828e-01,1.336785602169945908e-01,2.734517195791625332e-01,2.220054491188643286e-01,4.526235774663928124e-01,4.039488200553935648e-01,1.289683313619408300e-01,2.825690851353830357e-01,1.192491203160420121e-02,2.133084636722957228e-01,1.366075843289671077e-01,6.502282430031164351e-02,4.680895201021217922e-01,4.728176078649805603e-01,1.952129455495520416e-01,3.523944932498827010e-01,6.584428136170578094e-02,6.030063268723030723e-02,2.366338386043363995e-01,5.201115337982217812e-03,5.560286074536283096e-02,3.039996959377305741e-01,2.199839651943881758e-01,2.428322620183211988e-01,6.766650789608823213e-02,2.782435140610786672e-01,1.463054689228721061e-03,4.341889771279950488e-02,3.021068247302098886e-01,1.086649888936857683e-01,8.792689760148422740e-03,6.602084250887944872e-02,6.652023337817106197e-02,5.149941614450860294e-01,1.337722417375944717e-01,7.897345772214278137e-01,4.096394401221122722e-02,3.705052570985508109e-01,1.386356805448406004e-01,6.435123504883979439e-01,1.354785580623260599e-02,7.049283069158766013e-01,1.408458387799303435e-01,2.106028646199187004e-01,2.927199320793801851e-01,1.351759948984387616e-01,1.157922608349868099e-01,6.333326278604820003e-03,4.506161559707229369e-02,5.746014589857015853e-01,2.026976252843607218e-01,6.796758473066674688e-02,3.391234329853381468e-01,8.436632044851566370e-03,2.509640913702975151e-01,6.401709414222778172e-02,9.349743142058028478e-02,4.007655894325642398e-01,2.466583400088283862e-01,2.054783056375084349e-01,2.613553442723831610e-01,1.203040551996444329e-01
6.741113349768151908e-03,5.133939495890392779e-01,5.871425005148418474e-01,6.144035798944452731e-02,1.618853465771181444e-01,0.000000000000000000e+00,3.042120052592621748e-01,7.087672853699455988e-01,5.711983926728236849e-01,4.659078046675534934e-01,2.690321934377603585e-01,3.777456929535932817e-01,5.961066791461775427e-01,4.301580802534025194e-01,5.381218056151504392e-01,6.470706473700943429e-02,5.291702544639119710e-01,1.776261884406937774e-04,4.276519449818580454e-01,5.249041623712846771e-01,7.077728688258195788e-01,4.318147669628962237e-01,6.946925490550955873e-01,2.245764873258898620e-01,4.248128308188403590e-02,4.150931216137102031e-01,7.339765691943973547e-01,3.072385924979235683e-01,6.132747447271025276e-01,8.634117552462576561e-02,3.771292345898773490e-01,2.671403517535697603e-02,3.270409329348531458e-01,2.407089187685637621e-01,4.050769901723789701e-01,4.418870428572154174e-01,4.210120910865646215e-01,4.263824634451970907e-02,2.574168959552907698e-01,2.790966856143594077e-01,1.278860561855767186e-01,2.268852199353957599e-01,3.957008969535497633e-01,4.857522290303443180e-01,2.962453551680921948e-01,1.504977067181374473e-01,4.868365820970693703e-01,6.001766833701055459e-01,2.743501213110971504e-01,3.201631984090631822e-02,6.916419283144301655e-01,4.259000236788538230e-01,6.289702996117423339e-01,4.149100339012086747e-01,4.360314517383447885e-01,3.276389020848935463e-01,4.016835963004437016e-01,5.909561449300060332e-01,1.284385678528679464e-01,5.807491053898568012e-01,4.408945984895145664e-01,3.723880128724015304e-01,4.148672022065945653e-01,2.524850441593101680e-01,4.088528815480465539e-01,6.917820827690467356e-01,5.351183751325074844e-01,6.400807815317969274e-01,1.732443541727464731e-01,4.843095842105606952e-01,3.383424758922181086e-01,3.531230847628913372e-01,3.310682964617598922e-01,1.300889389727630241e-02,4.534898765672378818e-01,2.848110467392315215e-01
1.040055467124267885e-02,6.895643327548023338e-03,3.745996687608031950e-01,2.189407857016507364e-01,5.009978515170291358e-01,3.042120052592621748e-01,0.000000000000000000e+00,1.101883390661624607e-01,4.405764356313136010e-01,2.931809905196454680e-01,3.198071092776837432e-01,1.877893052590456913e-02,6.070159906596351851e-01,2.051869595060153706e-01,2.441754710139152351e-01,5.542001187862199973e-02,4.717377850590295796e-01,9.620962806076055474e-02,1.921747016204081449e-01,3.869261411217064239e-01,1.988075912718093863e-01,7.820846155537811151e-02,1.823244303156933976e-01,2.539969266396586711e-01,7.034945724931490618e-02,4.662625660697145014e-02,3.807908280150165137e-01,4.052955105605940966e-01,5.665082575883010341e-01,3.567299113427142010e-01,3.763457428306074548e-01,1.522414142886055477e-02,4.725902419768524682e-02,2.754084527836721530e-01,6.375333968736870971e-02,4.072052297337812599e-01,4.000138258208931208e-01,1.681244656209631705e-01,9.596366059685390582e-04,1.805158978649462620e-02,1.138529698986956717e-01,1.024440798053637657e-02,4.264126456478238847e-01,3.196083093669712660e-01,8.680312958522917732e-02,5.113649912680943987e-02,2.847078051723180847e-01,1.676545367124043506e-01,3.082800726228644428e-01,3.168934288027790425e-01,1.344218171682978191e-01,3.966480618697981742e-01,8.397535668389084773e-02,3.365463444361381784e-01,1.217311087302630490e-01,2.147201062637341951e-01,4.258495553745281215e-02,2.164780436286749821e-01,3.140196727081979167e-01,6.393250687571194746e-02,1.824304542875423985e-01,6.094777500904385859e-02,9.854576301638465208e-02,2.380529704599147756e-01,1.292853632417850784e-02,1.640826573821395629e-01,1.341056229965237323e-01,1.426528889887401508e-01,1.788421774055624636e-01,1.543355627461689417e-01,1.912011076466683945e-01,3.747655629510543429e-03,1.315209288748495631e-01,2.619518574585186221e-03,2.572579710609368409e-01,1.248149126350317079e-01
1.383083776086084515e-01,2.638671385213949838e-01,5.775922647992606240e-01,7.590230009743047235e-02,8.265224984721764034e-04,7.087672853699455988e-01,1.101883390661624607e-01,0.000000000000000000e+00,3.745778580980053118e-01,2.730915285421751104e-01,3.011102543653823571e-01,3.898305721716364136e-01,5.076970210660767258e-01,4.737552821233166345e-01,3.650087096076323201e-01,1.696699983620959251e-01,2.595013079408415857e-01,2.085309420809294823e-01,4.838154035625730764e-01,3.075587690168443133e-01,5.714717184308215625e-01,2.146227164991545977e-01,8.595226625590601799e-01,1.751030524502313335e-01,1.893378651907455801e-01,1.861663647261507515e-01,4.411510266844946293e-01,2.192128046284426979e-01,3.654454495331733721e-01,1.543167077656268926e-01,3.365354979804767166e-01,1.068531092354259998e-02,1.696038484759174458e-01,2.944871859791364788e-01,2.100766433404170075e-01,4.256357124383787771e-01,3.305115585865681660e-01,2.229061602606431103e-01,1.738327871083246989e-01,1.444295985739077470e-01,9.735965953555231200e-02,1.968065245637103111e-01,3.731132902171047094e-01,2.415439331200246176e-01,2.342595509294930767e-01,8.421620238486887677e-02,3.913766622898708913e-01,5.392217247922171941e-01,1.907465472863002498e-01,3.572850992564520489e-02,5.471388971280241043e-01,2.909459981994507172e-01,8.180638321467451624e-01,2.989748740086295431e-01,2.990019429404834894e-01,4.084578344254317095e-01,3.721827647377415893e-01,4.034952682697685034e-01,1.000021513613726654e-01,3.230781962889615055e-01,4.934418812591401249e-02,1.860829969623774283e-01,1.148554390126855368e-01,2.870657367158460094e-01,1.527911493984457081e-01,5.511561385319638795e-01,2.199489452991329475e-01,7.199077917277887373e-01,8.391881350547555907e-02,2.249921425007175568e-01,2.606482534042449117e-01,9.054666175379438853e-02,7.390232261788592938e-02,2.491685995046196700e-01,2.526278452724093904e-01,1.158342297616316019e-02
3.008384261644895807e-01,4.911728116647510189e-01,7.818257168671898238e-01,2.218370354792742749e-01,6.625993797011759945e-01,5.711983926728236849e-01,4.405764356313136010e-01,3.745778580980053118e-01,0.000000000000000000e+00,2.616916222639100176e-01,7.212244723396239454e-01,1.797635079499909361e-01,6.001777573913055219e-01,3.357145895265570279e-01,4.154563895322085920e-01,4.632498451009120499e-02,4.384605687282202569e-01,6.318563759171919036e-03,5.100997553695586495e-01,5.310893149488995491e-01,3.554301043513684588e-01,4.379626247754911939e-01,3.898770594176663717e-01,1.174952768049845331e-01,1.384166867228487086e-01,3.615231104308350152e-01,7.039793467851692688e-01,4.934441292036703119e-01,3.842876164202276290e-01,2.101674166256091159e-01,2.499948597512451909e-01,3.857967516083066206e-02,1.065206612675986403e-01,1.797180910594881609e-01,2.833906736657199610e-01,4.009195711810233376e-01,3.490366926651046753e-01,1.370257200874560877e-01,9.524937316041734436e-02,6.238687631334884770e-02,1.221318778018155027e-01,1.694370735392474181e-01,4.825554639965408676e-01,4.301199638996321961e-01,2.914989529980892002e-01,2.439784339788418077e-01,1.866382811671834507e-01,7.441981165094430084e-01,3.194981933367931348e-01,5.206039327019409413e-01,4.788819562467080404e-01,5.947121312890388811e-01,3.135873428288183939e-01,8.558211423860416778e-01,3.896234098492513120e-01,7.448685199537444790e-01,4.266465742030978170e-01,6.253611289622091896e-01,2.063915896797928473e-01,5.519975341743241781e-01,5.006905215156878253e-01,3.940613763840362660e-01,4.478213530897973138e-01,5.200445307068453094e-01,5.892441099970118223e-01,5.152264684683309781e-01,7.465269315365371527e-01,4.313473772259525107e-01,7.295023489094387692e-02,3.300797604254607220e-01,2.785070347820718939e-01,6.194855938659535877e-01,5.910118131338466529e-01,3.596137348310372017e-01,5.262665749949977378e-01,3.717721400532765785e-01
1.973270330142561924e-01,3.170093237313840739e-01,1.929708530043135750e-01,5.883512799943549365e-02,1.490475327262489602e-01,4.659078046675534934e-01,2.931809905196454680e-01,2.730915285421751104e-01,2.616916222639100176e-01,0.000000000000000000e+00,5.271963145661656691e-02,5.394901732361645497e-01,2.321147790927376997e-01,3.781691477091919662e-01,3.388267800885961245e-01,4.339966955723639774e-01,6.573479387416635289e-01,4.023613654818424257e-01,2.928762400157873813e-01,3.245455763650360037e-01,3.437581775650708771e-01,4.935509659454127562e-01,4.037838968137931750e-01,4.405718469488004718e-01,2.432497974139744557e-01,4.649927731714800783e-01,4.325760083566241310e-01,2.516345905684825857e-01,3.689612311169808145e-01,8.863338397735963381e-02,4.184004618905903250e-01,4.967381129967875925e-02,1.868118399829455101e-01,1.428937071447748397e-01,3.647120306012235358e-01,4.229834165451942796e-01,3.559426700931531129e-01,2.637260556522351140e-01,5.535394380499152750e-02,2.429551282098654508e-01,8.830799791019292022e-02,1.219373905429616822e-01,2.205807877340427714e-01,3.341581134006560982e-01,3.224241779286984855e-01,2.942423754745965847e-01,4.169339628742699810e-01,4.072908953616751759e-01,1.537560374302193444e-01,6.399488860421731484e-02,2.180143055788026918e-01,3.072869906942939933e-01,3.152723385763722130e-01,1.604211813073375958e-01,5.860653314380886991e-01,2.098194194952833491e-01,4.393571440082926771e-01,2.183663523500906922e-01,1.873123263914653613e-01,1.799986335648019187e-01,3.263104333034679838e-01,2.718115452665056386e-01,1.770698171665119613e-01,1.308765061654720840e-01,5.327793535976327322e-02,2.103676841834295486e-01,1.733575321904407274e-01,4.065476979964406379e-01,1.878377536797486980e-01,5.141386721336803634e-01,4.533440094357253369e-01,5.923045081302946713e-02,7.621110514858467355e-02,9.814608562155111016e-02,1.107869059833112568e-01,2.846609043335933120e-01
8.240956542182351074e-02,3.565164581527827670e-01,7.832273651577549289e-01,6.368585522134542765e-02,7.582324694762637707e-01,2.690321934377603585e-01,3.198071092776837432e-01,3.011102543653823571e-01,7.212244723396239454e-01,5.271963145661656691e-02,0.000000000000000000e+00,8.120591584376052330e-02,4.981140376105480660e-01,1.193159659425799823e-01,3.071883644872836494e-01,3.477586302656306971e-01,1.998307713932870322e-01,9.252603350449450925e-02,7.125176749778622254e-01,3.706785283085797245e-01,1.032074555017546691e-02,2.725055795411041593e-01,2.816665074916555600e-01,1.975488286361692936e-01,5.501757360037891342e-02,3.392344289702126092e-02,5.146303810258687772e-01,5.283137964800799224e-01,1.445014914042533627e-01,2.715851130789628809e-01,2.511911562769028605e-02,2.776926419325118078e-02,1.319034027899101402e-01,1.237992710493608234e-01,6.719537480009155073e-02,3.797078564711717785e-01,2.841908551800809146e-01,2.798377577837363184e-01,1.132211033409879636e-01,1.458145720931679767e-01,1.512274885892018195e-01,2.211799056691235721e-01,3.850373902900312006e-01,9.966934255099699214e-02,5.017967124911366927e-02,1.052835612200353071e-01,1.080398674581689311e-01,6.772964573777094932e-01,1.920406650146664895e-01,6.996827755246171066e-01,2.429795150496436296e-01,4.413465921978307338e-01,9.770711498600936906e-02,7.356005215304727285e-01,1.158286671788033573e-02,9.022498861701546691e-01,1.607871768695130210e-01,3.233585471755603402e-01,1.909821100107208514e-01,2.750919274367130685e-01,1.345280873041825032e-02,3.941402955778504358e-02,1.011921413703462114e-02,8.131146971494017661e-01,2.672219296206969075e-01,8.597317075228175232e-02,3.781392790990004138e-01,2.799155052394446952e-01,2.769354072147200974e-01,1.223643907682968324e-02,2.838991012530764357e-02,4.973716107279622656e-01,3.084655170816914538e-01,1.830562555390367330e-01,2.628911405942628288e-01,4.511752128673081341e-02
1.211309266156881392e-01,3.595695683629161477e-01,1.408641998779982807e-01,9.256967528380459498e-02,8.522735798011195352e-02,3.777456929535932817e-01,1.877893052590456913e-02,3.898305721716364136e-01,1.797635079499909361e-01,5.394901732361645497e-01,8.120591584376052330e-02,0.000000000000000000e+00,6.955339571212398875e-02,4.921856630668936528e-01,1.132324595242556464e-02,3.601713779633901047e-01,4.293790046734627941e-01,3.593137358989352825e-01,3.086223650564872134e-01,1.468864679994005829e-02,5.860318685694237972e-02,2.570488649879919540e-01,3.048871937806174603e-01,4.830305706724266623e-01,3.401811578322894158e-01,5.877906775958514629e-01,1.311793327857976310e-01,1.369076485089162354e-01,1.560745852099254538e-01,9.797075973878713318e-02,4.898451327415148659e-04,3.852108362110417961e-04,1.606896679370042602e-01,1.472996662083162211e-01,2.965820254705741066e-01,2.836558874086020365e-01,4.938458860965020403e-01,7.766180126634922298e-02,7.195469238520189881e-02,1.496000609186164398e-01,2.793201210816804725e-01,4.950048514522673027e-02,1.086802977737502673e-01,4.074604189779363894e-01,2.617941840990282154e-01,1.735215070374019897e-01,2.703835069133662672e-01,4.192955364104545279e-01,1.049616464065412785e-01,7.813441772966500665e-03,3.169211229046429712e-01,1.424288586875629425e-01,2.852021617421707789e-01,2.004404969657347380e-02,5.766330397378827133e-01,1.922342782428281827e-01,7.472962428258432821e-01,3.001692623871411447e-01,3.088490151277780704e-01,4.142245454213033112e-02,7.543276400797031822e-02,2.523237987718683906e-01,2.235909233765492887e-01,1.161251143032092092e-01,3.536169170276134976e-02,5.298665293393623778e-03,1.174347068596862248e-01,2.599662812669173984e-01,3.656044998627568932e-01,2.248506226039534983e-01,4.350914032319060376e-01,1.446600288391858002e-01,3.778970941360287883e-02,9.392611326715886999e-02,2.080375934767099769e-02,2.775694239913069072e-01
5.672100517217705529e-02,2.768015781734704528e-01,6.307239359165573989e-01,1.416954579089020616e-01,4.238855107771207220e-01,5.961066791461775427e-01,6.070159906596351851e-01,5.076970210660767258e-01,6.001777573913055219e-01,2.321147790927376997e-01,4.981140376105480660e-01,6.955339571212398875e-02,0.000000000000000000e+00,2.984257300062431728e-01,4.916210063014085918e-01,1.924297090079939987e-01,4.768037672677261085e-01,2.975226288297860844e-02,3.640977011324471602e-01,5.324599574075274955e-01,4.479432319592321354e-01,2.392307363219381422e-01,5.249511127849817438e-01,1.599426954713956683e-01,2.353903620032101185e-01,5.751560302712566131e-02,5.490191973370180945e-01,6.637796736127227204e-01,6.011563845258665051e-01,3.548112227723558831e-01,3.765604557634200655e-01,5.402392543457741614e-02,1.080119938364234450e-01,4.306636194896376058e-01,5.009111037564249747e-02,5.978660226422650714e-01,4.161328505033000114e-01,2.880723307766037689e-01,2.667693117106664791e-02,3.976179055152530978e-02,6.465650554045847265e-02,2.136926991986493052e-01,5.072460127424743836e-01,3.451620569640255209e-01,1.072222087855704969e-01,2.929850676640253365e-02,3.070730066898025301e-01,4.704643109043494253e-01,4.573455898236519213e-01,3.199425361428550607e-01,4.092094689808593033e-01,5.279361631801289256e-01,3.745853406626629134e-01,5.511383232500743912e-01,2.225548265411622095e-01,4.383378634450804667e-01,2.156299955668662949e-01,5.618908930821048253e-01,1.094616034170842467e-01,4.250946123583860814e-01,1.821244656111283833e-01,3.471563729839568513e-01,2.362302618916779229e-01,3.482963744971737663e-01,2.988572054002718303e-01,4.919156370648239407e-01,3.674415078745575935e-01,4.187848548610911825e-01,1.844583222221737318e-01,1.946284614547565128e-01,3.565335316677481492e-02,2.018642672005835359e-01,3.888953629302641657e-01,1.633415394107904511e-02,4.414683613906911774e-01,4.783724519155699295e-02
1.206077321806231228e-01,3.369293694798685124e-01,2.679225618774569995e-01,2.056244642152398883e-01,1.136427055992995927e-01,4.301580802534025194e-01,2.051869595060153706e-01,4.737552821233166345e-01,3.357145895265570279e-01,3.781691477091919662e-01,1.193159659425799823e-01,4.921856630668936528e-01,2.984257300062431728e-01,0.000000000000000000e+00,1.596819308593053210e-01,7.690589454234930678e-02,3.647394836073244995e-01,1.341575521231223346e-02,2.690589247006788809e-01,1.400454797296016574e-01,2.792978096995722970e-01,2.232066288653317132e-01,4.614873326284482102e-01,3.628873398940836159e-01,1.360363368884800750e-01,3.484486755386789203e-01,2.452249747388376422e-01,1.361758508263861689e-01,1.146812467550646086e-01,4.202546253120177655e-02,3.388396490467405764e-01,2.195650539559805270e-01,7.227721582272311762e-02,1.289713421116333580e-01,2.047044092409128768e-01,4.246130817572969507e-01,5.229913787048893203e-01,1.094038180571105245e-01,3.367520971496633098e-01,2.514753184095909755e-01,1.312804345129420514e-01,6.223286278027890389e-02,5.281323575888750010e-01,5.019790822155937304e-01,3.274766341359016675e-01,2.522805538033178196e-01,3.901571758490519071e-01,4.139820264625843627e-01,3.057265158632335167e-01,1.405881725568263185e-01,5.046542117939759597e-01,3.797487570991715522e-01,4.738586919534452657e-01,2.270236744681949914e-01,6.048997967266118714e-01,3.293668667794996674e-01,5.521315798438274358e-01,5.388958712011937546e-01,4.098887156030145973e-01,2.336459313032684393e-01,2.899813620415527260e-01,4.225263244857205835e-01,4.413629872113738473e-01,9.194297659704565862e-02,2.107636344843225595e-01,4.463662373926301496e-01,3.593926811434668966e-01,4.996426486911511589e-01,3.288416835733585786e-01,4.061438913207862100e-01,4.846646496522581948e-01,2.189431625619084609e-01,2.220983531392484722e-01,7.910405269096086600e-02,3.162267771804311289e-01,2.914582067230649942e-01
4.926919352863451396e-02,2.192340564837647610e-01,5.329554354194356858e-01,6.843685813498562309e-02,2.386670971650805828e-01,5.381218056151504392e-01,2.441754710139152351e-01,3.650087096076323201e-01,4.154563895322085920e-01,3.388267800885961245e-01,3.071883644872836494e-01,1.132324595242556464e-02,4.916210063014085918e-01,1.596819308593053210e-01,0.000000000000000000e+00,2.137069407162891510e-01,3.261714669229787145e-01,6.875342618199808964e-02,2.193442048473924211e-01,7.922706373541065217e-01,6.527715097290922586e-01,6.645919840178304838e-01,5.331992356540076194e-01,5.402364840689416470e-02,1.768263584729755644e-01,4.431618065378617466e-04,7.225587746326257443e-01,5.529549709013981129e-01,6.826224220196949188e-01,2.297332242456785467e-01,2.863004677494617733e-01,1.211859126382310997e-01,5.497122691354948409e-02,2.878615413034038562e-01,4.216862333242352712e-01,4.002410599312765105e-01,1.974460762304223738e-01,1.784628691382149079e-01,2.756884636751770201e-01,1.175364835414229314e-01,7.428194141165372910e-02,5.354219686730811445e-02,4.513387308584140278e-01,1.776400909236399706e-01,2.400505425801635617e-01,5.856761391544748618e-02,4.150341583729952322e-01,4.816578346273158728e-01,2.740144976423485035e-02,1.118000237907683658e-01,3.720854498415178679e-01,2.422755344776086617e-01,4.317283669865619733e-01,4.483013343344501300e-01,1.617217214304330075e-01,3.707444943906784696e-01,5.248911158192468007e-03,2.582902266383794165e-01,5.186140681028326288e-02,6.592417015563486471e-01,3.563858941916492884e-01,1.321563761787486191e-01,8.543726700771830940e-02,2.118855632818247847e-01,2.787675412081159765e-01,5.201860700491781619e-01,4.214093751115131625e-01,5.693746625588398391e-01,6.114870010255160637e-02,3.368490524444132661e-01,1.741269458886167965e-01,2.709581970716764543e-01,3.074332109019725645e-01,1.481887121624991810e-02,3.726537420742730422e-01,2.111586350352255004e-01
6.391073563790374834e-01,4.446232307191272937e-01,3.095344522612168414e-01,2.699542259342423978e-01,1.336785602169945908e-01,6.470706473700943429e-02,5.542001187862199973e-02,1.696699983620959251e-01,4.632498451009120499e-02,4.339966955723639774e-01,3.477586302656306971e-01,3.601713779633901047e-01,1.924297090079939987e-01,7.690589454234930678e-02,2.137069407162891510e-01,0.000000000000000000e+00,4.598436716659303203e-01,5.511972683289635411e-01,1.543097506044222578e-01,1.317660317120907809e-01,1.608121492322106549e-02,2.905011407551456037e-01,1.684193124897183647e-01,5.497284602300419598e-01,6.858855031239617928e-01,6.523355938623063288e-01,5.821355756271173743e-02,2.034506698282161352e-01,1.436423868737523035e-01,1.684538521325559812e-01,1.661382788681401435e-01,9.507711321570871954e-02,2.931887706766458379e-01,4.113776315827888386e-02,1.691834694791223004e-01,2.382770226849556250e-01,1.295032070762770771e-02,4.433205403416462520e-03,2.009529508161846389e-01,4.036397474629245252e-01,5.293596770103121685e-01,2.434365491746557086e-01,1.640373779532905418e-01,9.560334293010887274e-02,2.732438093967406445e-01,6.141854712505927516e-01,2.790413169175329222e-02,2.104027650022810558e-02,8.349965990475917421e-03,2.009368384833960797e-01,2.997237694600171642e-02,8.283871064353426350e-02,1.231613943927045152e-01,1.063172603373817582e-01,4.397365122577658880e-01,2.013136773294807724e-01,2.733393168144375163e-01,1.071999794334904943e-01,8.431357189483369707e-02,1.341236063296569192e-02,4.974052235519849652e-01,3.083997070648907268e-01,3.898020441217008858e-01,2.939771830450205181e-01,6.645980122490999231e-02,9.336959490176932608e-03,1.682898752505251339e-01,1.138314105487392425e-01,4.109801955378979965e-01,4.551246130869164852e-01,4.590141669592248119e-01,7.705901299799983173e-02,5.902806142394081967e-02,2.457435257456332400e-01,1.662327342474603786e-02,4.919788047804569131e-01
2.381437252376154279e-01,4.536285018160768900e-01,3.477444955223574219e-01,8.540757120316030959e-02,2.734517195791625332e-01,5.291702544639119710e-01,4.717377850590295796e-01,2.595013079408415857e-01,4.384605687282202569e-01,6.573479387416635289e-01,1.998307713932870322e-01,4.293790046734627941e-01,4.768037672677261085e-01,3.647394836073244995e-01,3.261714669229787145e-01,4.598436716659303203e-01,0.000000000000000000e+00,4.387206152538825066e-01,3.565364790607712386e-01,4.090629510927444867e-01,3.162927258559159460e-01,4.172672294207436239e-01,3.265678107599172542e-01,2.551122344351948734e-01,2.068545604582235908e-01,4.858060335744797120e-01,4.411201113592423395e-01,3.170281318237592738e-01,4.397675138132895456e-01,1.731110279656561113e-01,4.690275976711557049e-01,7.315744317655964446e-02,3.043584299214890376e-01,2.964626947072140362e-01,1.984511150827912018e-01,3.455803967519011088e-01,4.167356380852447195e-01,1.821730552644364731e-01,4.911563479995124937e-02,2.807809420689981739e-01,2.162004208684922824e-01,1.932663387406025057e-03,3.690496993704251993e-01,4.650553016472300794e-01,3.229417660348709029e-01,2.556408388607804838e-01,3.312337700697189913e-01,5.168019462276138842e-01,2.930541078437753910e-01,2.060053502571282114e-01,3.741518976187784284e-01,4.808087162296362793e-01,2.211664424886014280e-01,3.770312438821115109e-01,5.147534140863804231e-01,3.390897521753055699e-01,3.268292855591574120e-01,4.945382214335714566e-01,3.259893731787006366e-01,2.768526506986127567e-01,3.980195668178697632e-01,4.880135329897060670e-01,3.697415186585217284e-01,2.933559465512333153e-01,2.950240695962199622e-01,2.841161849879620949e-01,3.425793305094405605e-01,3.050033220633932007e-01,1.138939618387115743e-01,3.302823612763333139e-01,3.501853164914259797e-01,2.540967375051399468e-01,2.788918593074364294e-01,9.833615376944943032e-02,1.978384419826699769e-01,3.304295724102908061e-01
2.806799152788850282e-01,4.532265772113092117e-01,7.693354182197922886e-02,6.208009824224572371e-02,2.220054491188643286e-01,1.776261884406937774e-04,9.620962806076055474e-02,2.085309420809294823e-01,6.318563759171919036e-03,4.023613654818424257e-01,9.252603350449450925e-02,3.593137358989352825e-01,2.975226288297860844e-02,1.341575521231223346e-02,6.875342618199808964e-02,5.511972683289635411e-01,4.387206152538825066e-01,0.000000000000000000e+00,1.317798228942874406e-01,5.303851848429946836e-02,3.138346146081584798e-01,3.894656166062837599e-01,1.846923465274203646e-01,1.536426440234124335e-01,6.216100884220255862e-01,3.466006256289869691e-01,2.677874798521856503e-02,4.675275863005790011e-02,8.360487070667022014e-02,2.602245365383373810e-02,1.871209749894614527e-02,3.099412165060218272e-02,1.020208054345732585e-01,5.925293001988773955e-02,1.104346610185278216e-01,3.320513505894438777e-02,6.617827483475807737e-02,3.139732596857354174e-01,8.670994100184803433e-02,1.302236058013565012e-01,1.858450185963335111e-01,1.806184794438221441e-01,7.770421105821453955e-02,6.653708268595720510e-02,9.623954911790946753e-02,1.677101408866858712e-01,1.045323128125547618e-01,1.193981380390810587e-01,7.691822109152044243e-03,1.564820926285929170e-01,9.392227636043437577e-02,9.394776099882068410e-02,3.119740517994924467e-01,4.993890984441140546e-03,1.435771673280292760e-01,6.448509420373521595e-02,1.173177914744246986e-01,2.363330445792000134e-02,8.136233316510159408e-02,9.148279937983785914e-02,1.176710451860152329e-01,4.073885983356850815e-02,8.462136025842681430e-02,1.327573892458886462e-01,3.884285150547367449e-02,3.331706278988152969e-01,1.032242104297692586e-02,1.669637498960950817e-01,3.838571791294015378e-02,2.316892408985294083e-01,1.540268577915780146e-01,1.375465775466935270e-01,7.232895873656053354e-03,1.386393719845717132e-01,2.265892577641280548e-01,2.039253343204908975e-01
5.011879608752878301e-02,3.560743407292134011e-01,7.335979354110738759e-01,3.412803365797984628e-02,4.526235774663928124e-01,4.276519449818580454e-01,1.921747016204081449e-01,4.838154035625730764e-01,5.100997553695586495e-01,2.928762400157873813e-01,7.125176749778622254e-01,3.086223650564872134e-01,3.640977011324471602e-01,2.690589247006788809e-01,2.193442048473924211e-01,1.543097506044222578e-01,3.565364790607712386e-01,1.317798228942874406e-01,0.000000000000000000e+00,2.505929133002590681e-01,1.315853245424382645e-01,2.423530933756929406e-01,4.846849104007361353e-01,4.746770750969858677e-02,9.377150624582025751e-02,1.780528127363262270e-01,4.347830195075421122e-01,2.696267557021930217e-01,1.149210607927070027e-01,1.528318638805587493e-01,6.529958721831402579e-03,9.028573052757896122e-02,1.072257130528818103e-01,1.114530339364253886e-01,1.849294576296717785e-01,3.606385923222307777e-01,2.696944779662041047e-01,2.531554945578409765e-01,5.490116470661862702e-02,6.558754095490959557e-02,3.812621432046998243e-02,1.554467703917164212e-01,3.331199424136286336e-01,2.357919375879001245e-01,1.665057261647555076e-01,6.297026893132447178e-02,2.395611161719613802e-01,7.246591441743647222e-01,1.221709194340819260e-01,3.505186079908484409e-01,3.812890733506424379e-01,3.626031361548923693e-01,3.447067514296609514e-01,4.844174025287044660e-01,2.751105720731132354e-01,6.987270427739133982e-01,2.717072656518076945e-01,3.685592677215134283e-01,2.058065901228817718e-01,2.058108958976752056e-01,7.199083297250456759e-02,1.963906790164238192e-01,1.257438987032694078e-01,8.348411906149671990e-01,1.536985845081232371e-01,1.700604392940863463e-01,2.929564469422976658e-01,4.835300996299469745e-01,5.716756818440353605e-02,1.797617692200763340e-01,2.104893104995759767e-01,3.294668693237321477e-01,2.137043629306121795e-01,2.614527101860850133e-02,2.509991354456703183e-01,6.998544189907303370e-02
1.246672275676313779e-02,3.105018242513615800e-01,5.262900320558567824e-01,4.935404880958035867e-02,4.039488200553935648e-01,5.249041623712846771e-01,3.869261411217064239e-01,3.075587690168443133e-01,5.310893149488995491e-01,3.245455763650360037e-01,3.706785283085797245e-01,1.468864679994005829e-02,5.324599574075274955e-01,1.400454797296016574e-01,7.922706373541065217e-01,1.317660317120907809e-01,4.090629510927444867e-01,5.303851848429946836e-02,2.505929133002590681e-01,0.000000000000000000e+00,5.090761531506591275e-01,7.506024642858708518e-01,4.154086690375835555e-01,7.598745174460543039e-02,6.482374254375433686e-02,3.319873435359699254e-02,7.623772822009262651e-01,6.813716360846604481e-01,6.853235790520905146e-01,4.970327867524371723e-01,4.912755200334131267e-01,1.066994868652110795e-01,3.213877260582453932e-02,3.110324414859961251e-01,1.732644488517862125e-01,3.818764510407091084e-01,1.488090410622053272e-01,2.141362271191654398e-01,1.364802887855910418e-01,3.182844512891674915e-02,3.622415226464871518e-02,1.150475429102583991e-01,5.253107925952096302e-01,2.767501882865568419e-01,2.052358849060310908e-01,1.591723122434030024e-02,4.226557716151383981e-01,4.887275446914906563e-01,1.616967455495302297e-01,3.101419708618982085e-01,3.429220598249472785e-01,3.707262727784508272e-01,3.069348545807054629e-01,6.086346227499839223e-01,1.773663850568696909e-01,4.445885048157696695e-01,1.221694544440154739e-01,3.422504304542875464e-01,2.899666331920003337e-01,6.197605280121606386e-01,4.266237455729910422e-01,1.688335104216079907e-01,2.240942413092267826e-01,3.577155345800343000e-01,4.971003961997725318e-01,4.964088758926320510e-01,5.754732974804317447e-01,4.453709963630216873e-01,1.059940104182992560e-01,3.723945101070431640e-01,1.017021434104492528e-01,4.268143661136529765e-01,3.411448252523622271e-01,1.322264748670974877e-01,3.653123244087124188e-01,1.439688951765755454e-01
5.435974800749038272e-02,1.359920675057269546e-01,3.817960896974925133e-01,1.400593167286746654e-01,1.289683313619408300e-01,7.077728688258195788e-01,1.988075912718093863e-01,5.714717184308215625e-01,3.554301043513684588e-01,3.437581775650708771e-01,1.032074555017546691e-02,5.860318685694237972e-02,4.479432319592321354e-01,2.792978096995722970e-01,6.527715097290922586e-01,1.608121492322106549e-02,3.162927258559159460e-01,3.138346146081584798e-01,1.315853245424382645e-01,5.090761531506591275e-01,0.000000000000000000e+00,3.762058623476646768e-01,6.418430835289914427e-01,2.111668738824989122e-01,2.686805614256739805e-01,1.200867909763390917e-01,6.345683479773238655e-01,3.141214085169598547e-01,7.459898435561919117e-01,8.829223661075966123e-02,4.952497184873138059e-01,3.268542754912710790e-02,2.696676910251236126e-01,4.294918712336923128e-01,3.203734841277673939e-01,2.806408373402434209e-01,1.859346345923830746e-01,9.632745796320087150e-02,3.032604308282738081e-01,3.213194572819564887e-01,6.144158658626097669e-02,2.039865107862147420e-01,3.187239276564551860e-01,2.186333525306749515e-01,2.958135437696334247e-01,3.176707563344032814e-01,4.236970595243372273e-01,2.875600757234145766e-01,1.874603264549048187e-01,2.650158070634773821e-01,4.282129793031308473e-01,2.214536760620368361e-01,6.931973028053159958e-01,2.539817138051526646e-01,2.504413337287774155e-01,8.810001521135130131e-02,5.104829151144710253e-02,2.485248206149147931e-01,1.074455956388652988e-01,5.447453275187047472e-01,4.298614763158256635e-01,2.479367252869756622e-01,2.108831588441090754e-01,2.421984134791591026e-02,2.355057239539971592e-01,8.224906128873615829e-01,3.442871597296016661e-01,6.061004665585334461e-01,2.062485503866199055e-01,4.413693110882879744e-01,2.585424825891297074e-01,5.698919915374234257e-02,2.544145861507564055e-01,6.270283710270185829e-02,4.440249334144543147e-01,1.754612275448764747e-01
