0.000000000000000000e+00,2.689084705292619226e-01,8.121845503818012069e-02,6.982054571891530004e-02,1.836676447583692751e-01,8.977673048704160053e-02,4.513845559927431861e-02,7.476357132073577216e-02,9.325775025070651147e-02,3.024664944183928506e-01,1.348468959844271731e-01,5.150808711025180175e-02,7.443787670764422104e-02,5.669163190128174296e-02,3.508505150635115588e-01,4.642294849437634818e-01,4.192785513442364720e-01,1.443002417109875424e-01,2.483520337167028635e-01,1.993500631944813140e-01,4.766792226631524354e-01,2.132394042497074149e-01,7.594873207142138760e-03,1.887876258980774324e-01,3.492325524100620693e-01,3.324322607042574096e-01,1.779406772939370052e-01,3.283216609675107533e-02,1.293434951647823572e-01,1.705402179113024719e-03,2.727838496535514023e-01,1.975256610867482110e-01,3.142158073266974050e-01,2.610496057542222026e-01,1.852636591074298678e-01,4.398762326351802754e-01,5.521128675787890377e-02,7.322085591391053194e-03,3.575054215853202821e-01,4.012733873212575020e-01,3.946235881327679884e-01,6.987604932501653709e-02,3.292887363490082930e-01,2.851395379696058385e-01,4.439561436724492882e-02,7.573963868102427943e-01,1.940704313926485403e-01,2.571691849251198647e-01,2.122779561539897553e-01,3.462202001602897594e-01,1.341465695627692134e-01,1.897125903711429640e-01,2.334023211474287041e-02,2.294252890710596071e-01,4.113567359767350551e-02,1.615031087917075669e-01,3.367354475281198467e-01,4.706341601354635529e-03,2.390551639537649709e-01,2.209006236598168860e-01,5.622428001764749883e-01,2.820318130567754933e-01,4.152216193449334569e-01,2.657146594514031568e-01,4.612907104945612180e-01,5.115605193382071203e-01,6.207158405296677728e-01,5.425642170093800121e-02,3.124498030073317167e-01,4.644181487163955291e-01,4.230002180504912612e-01,2.007772083822092213e-01,5.697009226438081164e-01,4.485826749091857413e-01,4.516073446524192514e-01,6.149205637368910793e-01
2.689084705292619226e-01,0.000000000000000000e+00,2.266259523959987532e-01,3.907090787586022657e-02,1.386563300560150064e-03,7.651712142131315009e-01,3.970061770760041631e-01,1.574215608684915446e-01,1.207347691134655621e-01,6.014060710002020471e-01,7.659418286465020931e-02,1.500028217972915745e-01,3.275590246688050433e-01,2.368143170160337263e-01,4.523728156135476963e-01,6.364207183176591176e-01,5.606197343398704458e-01,4.591895583589884478e-01,2.490043784343361766e-01,5.453765748385830392e-01,4.683199544420238447e-01,5.539012317176190692e-01,2.774947963347629831e-01,1.033411468064530936e-01,9.053689214341382741e-01,6.994420613307892332e-01,6.755492793031716570e-01,2.989806345399187437e-01,4.557192343526831890e-01,1.011054158806752729e-01,2.543468726892432752e-01,1.305741456906512887e-01,3.789824997091919556e-01,1.513277260437816962e-01,2.760266730239221283e-02,4.580051874118249433e-01,1.742092701991324322e-01,9.021133411521262135e-02,1.794174731906253428e-01,4.368263176898405931e-01,3.716513836918921010e-01,3.685384662478756179e-01,3.422661617278145718e-02,5.954455220727578740e-02,7.256305063431443825e-02,3.351691708155221106e-01,8.601422215309825203e-01,3.195826562282584327e-01,5.822087301453048036e-02,4.244739113737611147e-02,5.699350128009204042e-01,3.305157760634942488e-01,3.283735479391871048e-01,1.291829103414628699e-01,2.998804261733922227e-01,1.585194473863396625e-01,1.742286502775545198e-01,3.540599876980292660e-01,1.029807324461553819e-01,3.468989287465168991e-01,3.733431226644181034e-01,5.035869507697146030e-01,3.572713800882484914e-01,1.659024056573318029e-01,5.338770142108028027e-01,3.156374418570269680e-01,5.419101925583476032e-01,2.266711246816837666e-01,1.384068673927096316e-01,7.345115334183129896e-01,5.207534890278757711e-01,5.928760655982601158e-01,2.681114791171671508e-01,1.722330000979153120e-01,2.473521122540006112e-01,2.898650518207845916e-01
8.121845503818012069e-02,2.266259523959987532e-01,0.000000000000000000e+00,2.403404035252057203e-01,2.530045179330332461e-01,3.447562560062180093e-01,4.064418456393448231e-01,2.937160444802329184e-01,3.514706661505310192e-01,9.861001263384169824e-02,4.559528152855721328e-01,2.884363169844564867e-01,3.854947520544586559e-01,3.214751144863376986e-01,2.673154562530695721e-01,2.389448472730741346e-01,1.527618651899838309e-01,3.449203438786188070e-01,6.313928347796214924e-01,3.578482799274418924e-01,1.098207846086597939e-01,3.505814347787009067e-01,5.623895740174800206e-01,7.908522674743961867e-02,3.306067378451450489e-01,3.731172102179329819e-01,2.554247805060284038e-01,4.403915709689584235e-01,2.095895460079844064e-01,2.117860057448323619e-01,5.235840658480953036e-02,7.550439191292462882e-02,4.298993945874669126e-02,1.547953708071364842e-01,3.115070117690483253e-01,3.575109942253721362e-01,6.650298989953487561e-02,3.461112860115161949e-03,1.598833228888527358e-01,3.327319453310424724e-02,2.765724161402429160e-01,1.066785715259610107e-01,3.112880015744882711e-01,1.310372266943894415e-01,1.776045848893917367e-01,1.092327164693247810e-01,3.416931310718630543e-01,5.177241826278189407e-01,6.825121578100321051e-03,1.446289891855114806e-01,4.285248119138642120e-01,3.810175242685557295e-01,3.584266750547330238e-01,3.819551141961952112e-01,2.043796505036967470e-01,4.266997378192990409e-01,2.907066175036197020e-01,5.100001608450089874e-01,1.470104688789712899e-01,2.908948845140564288e-01,1.734623745596001188e-01,3.732055747304412197e-02,1.478717152200624552e-02,5.886910780286758182e-01,4.231226022424007804e-01,9.976366169274547557e-02,4.103587407928320219e-01,5.065501659166422588e-01,1.502128463674081704e-01,5.767994498793049818e-02,1.878356650269260852e-01,3.607582141297533962e-01,1.277096639244539866e-01,2.212796364341286792e-01,5.578982658454809118e-02,1.102306066196036549e-01
6.982054571891530004e-02,3.907090787586022657e-02,2.403404035252057203e-01,0.000000000000000000e+00,4.598812369335287809e-01,1.451293364972851829e-01,6.410322125006773231e-01,1.845502539200274683e-01,3.220458987277244889e-01,2.962298789478175209e-02,4.224286208334536163e-01,1.727808149748612798e-01,4.217929855803034256e-01,5.964869572664308062e-02,6.322798074553495629e-02,9.173687001525637763e-02,6.859274347568991570e-02,1.782946485130071715e-02,2.881254482222683766e-01,3.350812443671570273e-01,6.604146676518607428e-02,3.226225884743931793e-01,1.541886107947628703e-01,9.998834943751219728e-02,5.904104263351075965e-02,1.676972530626698321e-01,1.633103546212472390e-01,3.667690162641265017e-01,2.328768531185343438e-01,4.897268548826889112e-01,3.460007492414683972e-01,1.003024328915920749e-01,3.275243911445005485e-02,2.589362638815700390e-01,1.351902024435029381e-01,1.853890408374912480e-01,2.584984141541576408e-01,7.914576914543543229e-02,9.563407191438647037e-02,1.164465262568660092e-01,3.946439994661561645e-02,8.881251557477561065e-02,2.109562451000455974e-01,2.661958326325731261e-01,2.863541759895666949e-01,3.223259770766073035e-02,1.255070763344317830e-01,9.152658678143292537e-02,4.135544303984969305e-01,2.743729235266764710e-01,7.266225472836490562e-02,2.841214182885859474e-01,1.962978332866300579e-01,3.529400467957324872e-01,5.822236005887627269e-02,3.099694890224082289e-01,1.646618246882117775e-01,2.767378135592609145e-01,1.745301660239141073e-01,9.450339406994556768e-02,1.291755230458887793e-01,4.956721537241257081e-02,1.371517856547239400e-01,1.168006216169128753e-01,1.130607680031527340e-01,1.705141663582931399e-01,3.227301166287306622e-02,1.297634889665133795e-01,1.277077259981094226e-01,8.902374509195688790e-02,1.100755012325755899e-01,7.227916486612519231e-02,1.603718113621942915e-02,3.253406987117346549e-04,2.642163941892858303e-01,2.660708832615410468e-01
1.836676447583692751e-01,1.386563300560150064e-03,2.530045179330332461e-01,4.598812369335287809e-01,0.000000000000000000e+00,4.173834476634588619e-02,5.849526379847034274e-01,3.171599039984390744e-02,1.305382423318521834e-01,2.156726622362603596e-02,3.493474323892644673e-01,2.747861257648284705e-02,4.789757656213049497e-01,9.233894556912969342e-02,8.317939540982235980e-02,4.174475025719256993e-02,1.491910292165689600e-01,6.042079401061697941e-02,3.207813837245114263e-01,1.913741533592918098e-01,4.662095020660242395e-02,2.346853529963461027e-01,1.145526625243672991e-02,1.713637882504599197e-01,1.237522201520831616e-01,1.028501633158864087e-01,7.193540333888548410e-02,1.988475281539240913e-01,2.158596089112632677e-01,2.898752185276327054e-01,1.792720628485734713e-01,9.117566561205453501e-02,1.238986730729842584e-01,1.857248119890824445e-01,1.454659598996931313e-01,7.117369956870872594e-03,1.799926012039372858e-01,1.591040698500444106e-01,1.195933960112265104e-01,5.073050852806371136e-02,3.218835098534220812e-02,1.231767931677477945e-01,1.921327374121052367e-01,1.658243556489857329e-01,6.676139663050038864e-02,5.762021340035015926e-02,7.881344940889803419e-02,1.258750650536846760e-01,3.908839488893957603e-01,4.230122747365346325e-01,4.924967443778905524e-02,2.728716970328591840e-01,6.124521844723776476e-02,1.078509798597486746e-01,2.001097928648380986e-01,3.121344337101966682e-01,1.950856571327009570e-01,2.731931197670133260e-01,2.212030174040372499e-01,1.577864203366296236e-01,5.021175746271624996e-02,2.324797587991260517e-02,1.327087155731393464e-01,1.695609683347807928e-01,6.352705614122419742e-02,3.053120793988992054e-02,1.549141199876168107e-01,4.253159973260561832e-02,2.882626678966689893e-01,1.527865663313835581e-02,2.003077848267892369e-03,3.202674656286655375e-02,6.535973998331107149e-02,3.928529253935401228e-02,1.228759598308502010e-01,1.117757349696432700e-02
8.977673048704160053e-02,7.651712142131315009e-01,3.447562560062180093e-01,1.451293364972851829e-01,4.173834476634588619e-02,0.000000000000000000e+00,3.395519842865240556e-01,4.997953399296636290e-01,1.319660114645525018e-01,4.240556302774193820e-01,1.808002207119713267e-01,4.174742342861691435e-01,3.762092520781042393e-01,2.013998418980357807e-01,3.062056502863773622e-01,4.562606494567499893e-01,3.232157769960758431e-01,3.866927093242329416e-01,3.110188452178918039e-01,3.709444661576133395e-01,3.040134622163621070e-01,4.243837119587740014e-01,5.859295071635042262e-01,7.337603894260213977e-02,6.170304673632340808e-01,6.539974323107641263e-01,6.057025216536571222e-01,2.305856398715505629e-01,3.222137901219313538e-01,1.411314931777544746e-01,6.235655876138164466e-02,1.968745568059634965e-02,2.305068349243911963e-01,1.181490497971374454e-01,6.883278781491201925e-02,4.127129339377990647e-01,1.537629535822346571e-01,6.979665339728252649e-02,4.142242259644594859e-03,2.403447490216245042e-01,9.821224522935859125e-02,2.612944202507616609e-01,2.616402289967778572e-01,1.174966792282798600e-01,5.390864010168228138e-02,1.374167025429386679e-01,5.234933376542190153e-01,1.938351237985992404e-01,2.534414799908490945e-01,2.883932817286990469e-01,4.944786776351375313e-01,7.353072951423830772e-02,4.385326756333257081e-01,8.141733539068657377e-02,1.202591762717948459e-01,1.652462133616785234e-01,3.893460035134593267e-01,3.141368344194120366e-01,1.988080508420408954e-01,2.864591894222888180e-01,5.301149354787813850e-02,2.338711702749099730e-01,1.884283369716280299e-02,3.481409421080948752e-01,3.066615249822187139e-01,1.862546964909798097e-01,2.177459633962454677e-01,3.988317524900623079e-01,1.711424749179538130e-02,2.147617504255902032e-01,2.620427496184893901e-01,4.495508401725581971e-01,1.019448093276891648e-01,8.331132067360279281e-02,8.920948520244281754e-02,1.076155741027866042e-01
4.513845559927431861e-02,3.970061770760041631e-01,4.064418456393448231e-01,6.410322125006773231e-01,5.849526379847034274e-01,3.395519842865240556e-01,0.000000000000000000e+00,1.335245743465534873e-01,3.350642615753806619e-01,3.968893998718774907e-01,3.945211108134766831e-01,2.489908772898979938e-01,6.141179047016561698e-01,3.107468767565815249e-01,2.215621156747740184e-01,4.982019761838515359e-01,3.315911278265942230e-01,4.172762298335422337e-01,4.895816016674340854e-01,5.353947785418164962e-01,2.156613895818563498e-01,5.777165697187218729e-01,1.466077517861793245e-01,6.618355046264429165e-02,5.338417135533204405e-01,4.936501611468722683e-01,4.083571860165858269e-01,4.929400389504046132e-01,5.303473332437604881e-01,6.575746760348091247e-01,4.848723850968595928e-01,2.739019959418590444e-01,2.679349549941268949e-01,2.546264722229927835e-01,2.226939924877460730e-01,4.911516828272283197e-01,1.392414877626411140e-01,2.485716165998196614e-01,1.879330191908256120e-01,6.979140856875665211e-02,1.925366096744407785e-01,9.986965371112289935e-02,7.145174496961531618e-03,1.200960868283529465e-01,1.459016435110629950e-02,1.160869816021757178e-01,3.979585661851366973e-01,3.360646750817299910e-01,3.724071768529733095e-01,3.717021632215889437e-01,2.412515942880640307e-01,4.344240302590406388e-01,2.821105776985151636e-01,3.465398811485994046e-01,4.038388176644200911e-01,4.355462983821907219e-01,3.418989755051861645e-01,4.387562298501691549e-01,1.896101455838605232e-01,1.471517014732012241e-01,2.063380250345124844e-01,1.876923275108905442e-01,6.650127662428080566e-02,3.125371968502289599e-01,2.789065972857936448e-01,3.491416608098510954e-01,3.240900145130943821e-01,1.847571604112331622e-01,4.185176429971254608e-02,2.627166841281562415e-01,3.368890082725359836e-01,2.018428294602268580e-01,1.675490079889267458e-01,1.232690419105623020e-01,1.948815545379456449e-02,1.735069313002066127e-01
7.476357132073577216e-02,1.574215608684915446e-01,2.937160444802329184e-01,1.845502539200274683e-01,3.171599039984390744e-02,4.997953399296636290e-01,1.335245743465534873e-01,0.000000000000000000e+00,3.120498608582427669e-01,2.014311852911149503e-01,4.551909160587393477e-01,6.303523199000395927e-01,2.057856493109471718e-01,8.798692165375537888e-02,7.189328520098769992e-02,7.943622552705144335e-02,3.350109753302032978e-02,3.341495466103334977e-02,3.770448171416110883e-01,2.628804954960398677e-01,2.634687814711930143e-01,2.469586442836233242e-01,7.201689136655261558e-01,3.971082251275327435e-01,1.600967465854917227e-01,5.165812274436990537e-01,3.085358042895563480e-01,1.219969625646395162e-01,1.085114434523474780e-01,1.203292586238693951e-01,3.641175040447301725e-03,2.599695406409786164e-02,3.191438067164801828e-01,1.785741387765214794e-01,1.380465554711219067e-01,2.279433887839562023e-01,5.622673599961193480e-02,2.870160964628600819e-01,5.363798314205406315e-02,3.172711375810410850e-01,6.508134954095065594e-02,1.458805089318548909e-02,1.155836904863709880e-01,1.447576131121932341e-01,2.339601924811485767e-01,5.576313926103609875e-03,1.365754956290103350e-01,2.074313043244693511e-01,3.525401612583257960e-02,1.340399262234164279e-01,2.583326420175465765e-01,6.756145734189020202e-03,6.761919924733937881e-01,2.934030436265968600e-01,1.403508568546585900e-01,2.980256860999825896e-01,4.521837996568200402e-01,1.760367445576092038e-01,1.512941069520993831e-01,3.062687096609312265e-02,2.789694938630293830e-01,9.180103580523749085e-03,2.279616914491653934e-01,3.110399585977329240e-01,1.858877164639225199e-01,1.646261695610668763e-01,6.337238351134927283e-02,4.946128814698625975e-01,2.930711309347044935e-01,3.974980161425950564e-02,2.786495074978870834e-01,1.959318367619379275e-01,3.876962444619536097e-02,3.139858797006154778e-01,1.949801576004990822e-01,1.196705384269057815e-01
9.325775025070651147e-02,1.207347691134655621e-01,3.514706661505310192e-01,3.220458987277244889e-01,1.305382423318521834e-01,1.319660114645525018e-01,3.350642615753806619e-01,3.120498608582427669e-01,0.000000000000000000e+00,2.359148419136686270e-01,5.649698924727059035e-01,2.170371505888777641e-01,3.395629047053143612e-01,1.304063632934088779e-01,7.560245492169465065e-02,2.046326355013159404e-01,2.890983850372335628e-01,8.740233520050030847e-02,1.675170926205310495e-01,3.229635566720456819e-03,1.294132315406701372e-02,6.916638037300365527e-02,2.328085608931047545e-01,9.455072385641360988e-03,1.830931063863645847e-01,3.231665788192756295e-01,3.172570555724992247e-01,1.482230723836653885e-01,6.097164314556141607e-02,5.565218659142542879e-02,2.520314407633514331e-02,1.811981291565237240e-02,2.415115190932082545e-01,2.413781655153680039e-01,1.046469758705961817e-01,3.633753124655071942e-01,1.901499232076795942e-01,1.297475912476573623e-01,1.863372852032771365e-02,1.796095376089539564e-01,1.499297798655331859e-01,4.001188786103918038e-02,1.853899081497956125e-02,1.938007756119627251e-02,6.905020065821956821e-02,1.456891481204110050e-01,2.016423255664809289e-01,6.120952025746033698e-01,3.390822372192345280e-01,3.527983191084085313e-01,2.041234876345107141e-01,4.396562418181244603e-01,2.035701602538985133e-01,7.949746137899156295e-01,1.838399663591748223e-01,6.637060543069710494e-01,2.654955275915266144e-01,3.839826332172626699e-01,9.487876014421334214e-02,1.078078219358914458e-01,1.361225734650993724e-01,1.569798424615667098e-01,1.286157906793339301e-02,1.387721409818206131e-01,2.470651065683928671e-01,3.340511772895776721e-02,2.465777181653884265e-01,2.189744768163532640e-01,3.572385143458774170e-02,1.525072581103971980e-01,2.753805329122469003e-01,3.884625855365765323e-01,3.061051183103716822e-01,1.059321722702089019e-02,7.617363600110886590e-02,9.825502221429995020e-02
3.024664944183928506e-01,6.014060710002020471e-01,9.861001263384169824e-02,2.962298789478175209e-02,2.156726622362603596e-02,4.240556302774193820e-01,3.968893998718774907e-01,2.014311852911149503e-01,2.359148419136686270e-01,0.000000000000000000e+00,2.129479593622893296e-02,4.010450162381994921e-01,1.974955575179743739e-01,2.441955152648163097e-01,3.824224031305931693e-01,5.574568228145424520e-01,5.793709896153910188e-01,3.593333745235586796e-01,1.398067396772795790e-01,3.451374588087113837e-01,3.562483990787242982e-01,4.178713721740244247e-01,1.932498817795583190e-01,2.775000666135563065e-01,6.739839225895286612e-01,6.361807497619904606e-01,4.846995970513944818e-01,2.415947147389311822e-01,3.151121917863172750e-01,2.542304644724229234e-01,4.107760465556166696e-01,7.606966857419675265e-02,4.093837662299824043e-01,2.061289454688794154e-01,4.272158006414260301e-02,3.591464408016928345e-01,3.903021961675584572e-02,2.392623286313595721e-01,3.061080684257278528e-01,3.390224806213243403e-01,2.058982949775948201e-01,1.621298487347660466e-01,1.057250987794106090e-01,2.274584758345807589e-01,1.849740991264700318e-01,2.539339528881170982e-01,3.808282394458568643e-01,4.252524400586393805e-01,8.432047609093899776e-02,1.001506382149328633e-01,2.754017573149074027e-01,2.375492280037942439e-01,3.022611234791736656e-01,2.660337642986064233e-01,5.837084368744017704e-01,3.571944121566930086e-01,3.969057897527513701e-01,1.197384877562700511e-01,1.237135748999052265e-01,3.348436576708433421e-01,2.925462722241354285e-01,3.573598219471216253e-01,2.964591575794420786e-01,1.261638627486584840e-01,3.291516180121210056e-01,3.721305006489541434e-01,2.876031160097717310e-01,2.232858035732694368e-01,2.842991511110304348e-01,3.713636324830522084e-01,4.064148611298876168e-01,3.780309911197597406e-01,2.420227057866327913e-01,5.432106724744305282e-02,1.238949694990025968e-01,2.342442134358306283e-01
1.348468959844271731e-01,7.659418286465020931e-02,4.559528152855721328e-01,4.224286208334536163e-01,3.493474323892644673e-01,1.808002207119713267e-01,3.945211108134766831e-01,4.551909160587393477e-01,5.649698924727059035e-01,2.129479593622893296e-02,0.000000000000000000e+00,2.523992055530883682e-01,3.297283758281312482e-01,2.664813580311070629e-02,4.269103346213781736e-02,1.135751496212058231e-01,1.520782939976665915e-01,8.774414242245562323e-02,4.947572696929108393e-01,1.697296564141211883e-01,5.135206364552363789e-03,1.631371391632299162e-01,3.882573323349264305e-01,6.821769508207606303e-02,4.496862816280387809e-02,1.336931910253569833e-01,2.373485588656362166e-01,2.182982785820456184e-01,4.085077161760011788e-02,2.235397075175512005e-01,5.486052599757587633e-02,1.180292180919140232e-02,2.625956279933383541e-01,1.533491216468650109e-01,2.311992320402219137e-01,1.971387792226249880e-01,4.902252661276876311e-02,8.712741295213413673e-02,1.810517538187136899e-02,1.213549044441472879e-01,5.624002265387985366e-02,3.657651277619353158e-02,1.206445208538897695e-02,5.683947925275311536e-02,5.643280325181921492e-02,1.134226794942525124e-01,6.271348187299417842e-02,3.137630629515223424e-01,2.758706781431487509e-01,3.176221461516068878e-01,1.428829475441831254e-01,3.021316824953829694e-01,3.101425445456658103e-01,4.997180879509154350e-01,1.139172008160386218e-01,5.361717211149583662e-01,2.045712929026108629e-01,2.809870308389786353e-01,2.323978369159240831e-02,1.324764989391743475e-01,1.543637054718990653e-01,6.623287263728219743e-02,2.653668640220532282e-01,3.407808816901856108e-01,2.733557468276973101e-02,1.311464456970073966e-02,3.763607065828739051e-02,2.704050201627418160e-01,6.819326697752625677e-02,1.222897808307295275e-01,5.604413008849964961e-02,1.661235775355048849e-01,6.838844125047408018e-02,9.557949291146168591e-02,1.165955802699445709e-01,5.178588167413358812e-02
5.150808711025180175e-02,1.500028217972915745e-01,2.884363169844564867e-01,1.727808149748612798e-01,2.747861257648284705e-02,4.174742342861691435e-01,2.489908772898979938e-01,6.303523199000395927e-01,2.170371505888777641e-01,4.010450162381994921e-01,2.523992055530883682e-01,0.000000000000000000e+00,3.448227336921736441e-01,1.315975674366913761e-01,1.299773020015969338e-02,2.727298841308744004e-01,2.467365886667689523e-01,2.304069086282610757e-01,3.091290338640023672e-01,2.006070767471993532e-01,1.376817000159324123e-01,2.310548924156352046e-01,4.920363828659197747e-01,2.327124073680551519e-01,2.708115930920850234e-01,5.725125155701710211e-01,2.192025152015810718e-01,3.260893828577346443e-01,1.033162640819364209e-02,1.147730094762617059e-01,4.557896959668801540e-02,9.577943440364780625e-02,2.888956727090147836e-01,1.878723279329140017e-01,4.521320081776721012e-02,1.874927208550310198e-01,1.068489937792915789e-02,4.328728347007904098e-02,1.690234695887979366e-02,1.659050728020927123e-01,7.325321418072909541e-02,4.457459773772275841e-02,1.031354491596960521e-01,1.829596508550684897e-02,2.613495215024710383e-01,2.833129209711280835e-02,1.225792493819902740e-01,2.668573583293902818e-01,2.310484966795055273e-03,4.950805097932498011e-02,1.660710360512760719e-01,1.295125509138718989e-01,4.450600757098838733e-01,1.269970730480116938e-01,3.459662535363058344e-01,2.022312431389026999e-01,6.152160285401027107e-01,2.885107413627022721e-01,1.820651890660253680e-01,9.027638043345684316e-02,1.457175768117412173e-02,8.097013053951024331e-02,1.749706574084492969e-02,2.525837278951044151e-01,1.652215179719080940e-01,4.000366299886103094e-02,6.574836477261676582e-02,2.821689566014212724e-01,2.262437279336100837e-01,9.467638027293717728e-02,2.354178029505020198e-01,1.237145353732539560e-01,1.105686996295064950e-01,1.890704004900808366e-01,5.813666771242542719e-02,5.197680210147738455e-02
7.443787670764422104e-02,3.275590246688050433e-01,3.854947520544586559e-01,4.217929855803034256e-01,4.789757656213049497e-01,3.762092520781042393e-01,6.141179047016561698e-01,2.057856493109471718e-01,3.395629047053143612e-01,1.974955575179743739e-01,3.297283758281312482e-01,3.448227336921736441e-01,0.000000000000000000e+00,1.013818458529479605e-01,9.908574296877056820e-02,5.523720888488674596e-01,3.848001635863526615e-01,4.886403179936847918e-01,3.372649381810775560e-01,1.527910219589854457e-01,5.454580895087898784e-02,2.395925973650118723e-01,2.026707648071784940e-01,1.744731590590190007e-01,3.366949580521236829e-01,5.113412908113021960e-01,1.374311642958684354e-01,5.968023724757861581e-01,1.255137402707897087e-01,9.111591993759743380e-02,8.363160906906014214e-02,1.361442111933802712e-01,1.982206407231029699e-01,1.635254551123495326e-01,1.053211239694928358e-01,1.872978133359889386e-01,2.183526826728306447e-01,1.262074402695267938e-03,1.121270832218856789e-01,1.396530383585494195e-01,2.296786523263442403e-01,1.330158298382239646e-01,1.639101685260904995e-01,1.047819960093099995e-01,1.053252074079511907e-01,1.436672989315726946e-03,3.283039118902898457e-01,1.725939809244930179e-01,2.733559942256371111e-01,3.098093944529593524e-01,3.074047550572970300e-01,4.404338589427849726e-01,1.639158402442307261e-01,2.099271277506915001e-01,2.414477287343222978e-01,1.871554678914939540e-01,2.930034388868943407e-01,6.724232354291919123e-01,1.687324678470388806e-01,1.267794988178644888e-01,2.824332571334128295e-01,3.820077587624298721e-01,2.156329293371012368e-01,1.636296088649484282e-01,3.522466122183570691e-01,2.582095387266569730e-02,3.957974839639650244e-01,8.107094686858237753e-02,1.980694743317116813e-01,1.806791706242038553e-01,3.005020157497756417e-01,2.419808069725863375e-01,2.916459299161742180e-01,1.061951696208417728e-01,3.491941811275620783e-02,1.940691352008561132e-01
5.669163190128174296e-02,2.368143170160337263e-01,3.214751144863376986e-01,5.964869572664308062e-02,9.233894556912969342e-02,2.013998418980357807e-01,3.107468767565815249e-01,8.798692165375537888e-02,1.304063632934088779e-01,2.441955152648163097e-01,2.664813580311070629e-02,1.315975674366913761e-01,1.013818458529479605e-01,0.000000000000000000e+00,1.526830959842785385e-01,2.918868884842447664e-01,3.276908477155404120e-01,1.710910848635046888e-01,3.192710228956261997e-01,2.476213514087780843e-01,2.103184480602339479e-01,2.117878313519664935e-01,1.337731656375500677e-01,1.000463056684006147e-01,1.875167541109468983e-01,2.160708285509803650e-01,2.104189616391762274e-01,1.448411774419686993e-01,2.485155573726288425e-01,2.196001091590574772e-01,2.404654722977120351e-02,1.385547134381674428e-01,2.544819698377080441e-01,1.460386237454031066e-01,2.453236583290823725e-01,4.844356664043711902e-01,1.813259195511311983e-01,8.921349724632021694e-02,6.067118132713208989e-02,4.932483921743138072e-02,1.646905460042718261e-01,5.902613328868205889e-02,3.457190849394766730e-01,3.674610015829847531e-02,8.096950099571327553e-02,7.104426073910041772e-02,3.173390237090343291e-01,3.268786335974404600e-01,1.157402534631671448e-01,1.165958286341203798e-02,3.626960899805894423e-01,4.055600158260839749e-01,3.147282515136082814e-01,2.121673450608205502e-01,2.992477792933742053e-01,1.653837981032255378e-01,1.210139883257049520e-01,4.101522389431779825e-01,4.525264696973428369e-01,1.683281811210822765e-01,1.520925647159614980e-01,1.378484589604049848e-01,2.879985196069359543e-02,4.187148398597345667e-01,2.835832185104728564e-01,2.238215313582845589e-01,1.479641957054979584e-01,2.925398656068793901e-01,1.708928513812248140e-01,5.140341567856125671e-02,1.869642948587491582e-01,2.484110536473206343e-01,2.878106730137215685e-02,1.659103771985874498e-01,7.480816243491607287e-02,1.398095987272092722e-01
3.508505150635115588e-01,4.523728156135476963e-01,2.673154562530695721e-01,6.322798074553495629e-02,8.317939540982235980e-02,3.062056502863773622e-01,2.215621156747740184e-01,7.189328520098769992e-02,7.560245492169465065e-02,3.824224031305931693e-01,4.269103346213781736e-02,1.299773020015969338e-02,9.908574296877056820e-02,1.526830959842785385e-01,0.000000000000000000e+00,2.584577574722903281e-01,1.808309593312821817e-01,7.974919691016132961e-02,1.312562061611404207e-01,6.228612225996207341e-01,5.076190724652234199e-01,6.309115470600814568e-01,3.472958422442242177e-01,3.940285633392142661e-01,4.725858286571696376e-01,3.553598114557693921e-01,5.439927076654669236e-01,2.512539838171844453e-01,5.581604935069282014e-01,3.247281724486443255e-01,4.672599746133065945e-01,1.875953996929936585e-01,2.580650923085863191e-01,7.423914944754811396e-02,1.889501814422028247e-01,3.208471351051407905e-01,1.988588867639917712e-04,2.090864016697960015e-01,3.100417147327422795e-01,2.389058673319126580e-01,1.639719619064735068e-01,2.398725303297681855e-01,1.797270493981899531e-01,5.731156493206221447e-02,4.965131117571888741e-02,2.706573788107875522e-01,3.818746759423501391e-01,2.823156081669068729e-01,1.609836565243444317e-01,9.505767086117916653e-03,3.586236048514267472e-01,7.081926848946454300e-02,3.168763863562523708e-01,1.245564977418129327e-01,2.282871840095338223e-01,1.956728417985852120e-01,5.882402400166110434e-02,1.303714640820000104e-02,1.022976488810612705e-01,6.167803011030733584e-01,2.537139173379228119e-01,1.134027215323390736e-01,1.674967714784096340e-01,2.162090658238147167e-01,3.287736299203584678e-01,5.921088810225414445e-01,4.206750916265414308e-01,4.397559575734235060e-01,3.951542587912381665e-01,2.781165312552239532e-01,3.062449960934041648e-01,3.172633913013797047e-01,1.839423587238438462e-01,3.558279014281470198e-01,6.585087456386176652e-02,1.933570691031028244e-01
4.642294849437634818e-01,6.364207183176591176e-01,2.389448472730741346e-01,9.173687001525637763e-02,4.174475025719256993e-02,4.562606494567499893e-01,4.982019761838515359e-01,7.943622552705144335e-02,2.046326355013159404e-01,5.574568228145424520e-01,1.135751496212058231e-01,2.727298841308744004e-01,5.523720888488674596e-01,2.918868884842447664e-01,2.584577574722903281e-01,0.000000000000000000e+00,8.207376898943865573e-01,7.526969233401681336e-01,1.613416021312933379e-01,3.900226494335621852e-01,3.507013301224190527e-01,4.556569954962277902e-01,1.768986069211701539e-01,1.964386151806725433e-02,6.563087100508304683e-01,6.970631290081491516e-01,3.896524940929083081e-01,5.096028148329561080e-01,3.735745495525453208e-01,2.037263468891469809e-01,3.365957673485322488e-01,2.322488656249465100e-01,2.895961407444208602e-01,2.488710884016634151e-01,2.074249762274259223e-02,5.817658315284233161e-01,5.277057112819463769e-02,1.228889741656982726e-01,1.497374545734619089e-01,3.208573352795169309e-01,5.586646291081556193e-01,1.893163322806162563e-01,4.219521590531169486e-02,7.901118081947106075e-02,1.159964287604484390e-01,4.161506853025759844e-01,4.725009913819139817e-01,3.047170125848047140e-01,9.571234615463361517e-02,2.038746269136512967e-01,4.378176402613042084e-01,4.073606554358576437e-01,1.807471150112557323e-01,2.233491450224928954e-01,3.510004504155744831e-01,8.974882208052006871e-02,1.165084236980133969e-01,4.169510924410352315e-01,1.183539124946306753e-01,2.951821986705424616e-01,6.659749966134065335e-01,5.866830998525036645e-01,5.809044174878041922e-01,1.803209149576259773e-02,5.791584058025318615e-01,3.401998999396201318e-01,6.167196709749201977e-01,2.085953878867446154e-01,1.445624119644157990e-01,4.810399492816403999e-01,5.296128426548790680e-01,4.395486025533403285e-01,5.183942505274545809e-01,3.507344135250679007e-01,2.939535076672401548e-01,3.974860419827850877e-01
4.192785513442364720e-01,5.606197343398704458e-01,1.527618651899838309e-01,6.859274347568991570e-02,1.491910292165689600e-01,3.232157769960758431e-01,3.315911278265942230e-01,3.350109753302032978e-02,2.890983850372335628e-01,5.793709896153910188e-01,1.520782939976665915e-01,2.467365886667689523e-01,3.848001635863526615e-01,3.276908477155404120e-01,1.808309593312821817e-01,8.207376898943865573e-01,0.000000000000000000e+00,6.692738261053273741e-01,1.270147041282760625e-01,1.337181583176222932e-01,2.218131128713183298e-01,2.371167868517038979e-01,1.179682137082743165e-01,6.584835616162132421e-03,5.984298879587234277e-01,6.339399585872720344e-01,2.728077543615592404e-01,2.391774057488293970e-01,1.554635620041414923e-01,1.612146653186474765e-02,2.343918309717766268e-01,2.393182820989371851e-01,2.209294545812478527e-01,6.342006021075993760e-02,4.273478770905600466e-02,4.995877983197942740e-01,1.906346573917092058e-02,3.480175998570378404e-02,2.253130695240373182e-01,2.355359495527696856e-01,4.103584987700361619e-01,1.856411489166945317e-03,9.573540102024340193e-02,1.835952628311520174e-01,1.583405688738825368e-01,3.911438543008736168e-01,4.032244519933251281e-01,3.786731110254706323e-01,5.273068546061887574e-02,1.121901316435551521e-01,4.768217802329616228e-01,4.421740982496072947e-01,1.260046748559475460e-01,2.747436933137104575e-01,3.694510632513519077e-01,1.466297435584259234e-01,1.521136208765710429e-01,3.823249450921061832e-01,1.184962329061766684e-01,1.896737796082536565e-01,6.056288533837237420e-01,5.657400769917291239e-01,5.604008732891627709e-01,4.232307077246111326e-02,4.683235063340184245e-01,1.885868269592282098e-01,4.263482935083681147e-01,2.430922991525938104e-01,1.350825451834467006e-01,3.913717456880994594e-01,5.238869259318930105e-01,4.945101406250104192e-01,4.367565947310104724e-01,2.663465412516669018e-01,1.525533496642729192e-01,4.218396372129613603e-01
1.443002417109875424e-01,4.591895583589884478e-01,3.449203438786188070e-01,1.782946485130071715e-02,6.042079401061697941e-02,3.866927093242329416e-01,4.172762298335422337e-01,3.341495466103334977e-02,8.740233520050030847e-02,3.593333745235586796e-01,8.774414242245562323e-02,2.304069086282610757e-01,4.886403179936847918e-01,1.710910848635046888e-01,7.974919691016132961e-02,7.526969233401681336e-01,6.692738261053273741e-01,0.000000000000000000e+00,1.598418052270289269e-01,2.986283816272000124e-01,1.210029642460841437e-02,3.648330574907457380e-01,1.278051013103366496e-01,2.492196868212019356e-01,5.503699232080587755e-01,4.849966246303933914e-01,2.954043964698129243e-01,3.902831592495454860e-01,2.427592191628286100e-01,4.791944511526038952e-02,1.194442341736060564e-01,3.192733946368545572e-01,1.015292112545344572e-01,1.281447982878605729e-02,5.765660092173312268e-02,4.053701297024551731e-01,2.774823242356984354e-02,2.437339820541079005e-01,8.740074088926913509e-02,1.526377239899437410e-01,5.162356223607180716e-01,1.385723102984303123e-01,1.690161403097470427e-02,9.790959028352710924e-02,1.451775671960561231e-01,9.346442446048144892e-02,3.556433182677753990e-01,1.721600612263734786e-01,4.679435207420355042e-02,1.204476977254886200e-01,3.635897712293589268e-01,3.641654096596265155e-01,2.767812788537935692e-02,9.642338293951308037e-02,2.079027769803714065e-01,6.837550809446396594e-03,7.185106351978040595e-02,3.727016166965980704e-01,8.180557978233782279e-02,1.178189476133711111e-01,6.515922882511177017e-01,3.654755467883171738e-01,5.650383236431061329e-01,8.878736228283432008e-02,4.968312162129251419e-01,1.898512671154078957e-02,5.385928434100539786e-01,1.307736743661379597e-01,8.728768236187928187e-02,2.101888343740378196e-01,3.011411675870903637e-01,4.329070918748958996e-01,4.011821736392212623e-01,3.093854958908474617e-01,1.360742158847634553e-01,3.333541629635683456e-01
2.483520337167028635e-01,2.490043784343361766e-01,6.313928347796214924e-01,2.881254482222683766e-01,3.207813837245114263e-01,3.110188452178918039e-01,4.895816016674340854e-01,3.770448171416110883e-01,1.675170926205310495e-01,1.398067396772795790e-01,4.947572696929108393e-01,3.091290338640023672e-01,3.372649381810775560e-01,3.192710228956261997e-01,1.312562061611404207e-01,1.613416021312933379e-01,1.270147041282760625e-01,1.598418052270289269e-01,0.000000000000000000e+00,3.909740083224545470e-01,3.076969756812880652e-02,4.138939358584726169e-01,4.426599479023211603e-01,2.981234488987141718e-03,2.607418127705384281e-01,3.346449894723781959e-01,2.114957087299583205e-01,4.258682852746754621e-01,2.308430762913598333e-01,3.669288067456296654e-01,1.969365635750982002e-01,1.492539590209856215e-01,1.952295709021596992e-01,4.511888213891498273e-02,2.800641440379885161e-01,3.339483741451037546e-01,1.927159077219441352e-01,1.085443645243483607e-01,8.646941585008985354e-02,1.279056061635308328e-01,9.676298008493156022e-02,7.986913278778762226e-03,2.485065537330230223e-01,1.441469031151804137e-01,1.466808176801376873e-01,2.257364617885435631e-01,2.936757240928061785e-01,3.285491722987483598e-01,3.781098220363469931e-02,3.495692547621775947e-03,2.801286741709528849e-01,2.443058187611480414e-01,4.010088083803192704e-01,1.740727096091536641e-01,2.960977313365175112e-01,3.504001142836832283e-01,3.483252207949423251e-01,4.237959225371294436e-01,1.932987612107725517e-01,2.373817353753549519e-01,2.973845992848798969e-02,1.340261583641590148e-01,2.345739320556095020e-02,6.859137015611136423e-01,2.009753049496889599e-01,1.738571176788265560e-01,1.810528478073941960e-01,4.181659016982982591e-01,8.274672916437232628e-02,3.269729601203835712e-02,1.827755288556491275e-01,1.654014357058108953e-01,2.782200807683321564e-03,8.607028004677594324e-03,2.988835487577487515e-02,4.451155038312518131e-03
1.993500631944813140e-01,5.453765748385830392e-01,3.578482799274418924e-01,3.350812443671570273e-01,1.913741533592918098e-01,3.709444661576133395e-01,5.353947785418164962e-01,2.628804954960398677e-01,3.229635566720456819e-03,3.451374588087113837e-01,1.697296564141211883e-01,2.006070767471993532e-01,1.527910219589854457e-01,2.476213514087780843e-01,6.228612225996207341e-01,3.900226494335621852e-01,1.337181583176222932e-01,2.986283816272000124e-01,3.909740083224545470e-01,0.000000000000000000e+00,4.924396702207775034e-01,9.542912094303964698e-01,3.527937060995615659e-01,3.780670154416207462e-01,6.071001104095196110e-01,5.400162990390751094e-01,5.764663459588200700e-01,4.447825887517387611e-01,6.714723047013931856e-01,5.138691418991766513e-01,5.970421162173493723e-01,2.424828184244081641e-01,4.216816697454822127e-01,2.868760133084455877e-01,1.778901820945683054e-01,4.782204131272594916e-01,4.582145077573407388e-02,3.399630928272497910e-01,2.040059812226335811e-01,3.553739833211471133e-01,1.596341932561884391e-01,2.819607882012329370e-01,5.124613663991997581e-02,6.265075995796481889e-03,2.547050207623741125e-02,1.613065108650572899e-01,4.881227217080369440e-01,1.652540070148935669e-01,5.333188726981021033e-02,1.173654935331830129e-01,3.633253755112642591e-01,2.104820983888495145e-01,3.782176582711512802e-01,2.385941182297943719e-01,3.553365424020947794e-01,2.073312200337833477e-01,1.972654804247672700e-01,2.016964431262124324e-01,4.404297402379603321e-03,4.285912803042909447e-01,2.799683430675476981e-01,1.446657851048565036e-01,1.690423717334101905e-01,3.339378801749869896e-01,6.045468168783664220e-01,5.540464152120829766e-01,5.923428448722456441e-01,3.522627854877495301e-01,3.458736812439612840e-01,2.988393410798397820e-01,4.037908486583416945e-01,3.071343267426522861e-01,2.114787867563663326e-01,4.102330497691477063e-01,1.157198052584744452e-02,1.316465093886714510e-01
4.766792226631524354e-01,4.683199544420238447e-01,1.098207846086597939e-01,6.604146676518607428e-02,4.662095020660242395e-02,3.040134622163621070e-01,2.156613895818563498e-01,2.634687814711930143e-01,1.294132315406701372e-02,3.562483990787242982e-01,5.135206364552363789e-03,1.376817000159324123e-01,5.454580895087898784e-02,2.103184480602339479e-01,5.076190724652234199e-01,3.507013301224190527e-01,2.218131128713183298e-01,1.210029642460841437e-02,3.076969756812880652e-02,4.924396702207775034e-01,0.000000000000000000e+00,4.649681347342759508e-01,2.169425561354329512e-01,2.640060209259667001e-01,5.032932108417549344e-01,4.680952120116557702e-01,3.308588199524360451e-01,8.466075570386977223e-02,3.442178768977946501e-01,2.493551467980369141e-01,3.222954104667389852e-01,1.050866897992398241e-01,3.554773112333907692e-01,2.022077205606914452e-01,8.235358239083633014e-03,4.319419742750422730e-01,4.078002206462870427e-02,1.570852694026521335e-01,2.391091627164188826e-01,4.894485702017910000e-01,2.144229204667656707e-01,2.129246985244973300e-01,8.946406549326318958e-02,5.755621160083822935e-02,9.568856729673409778e-02,4.457056170787015992e-01,3.595336400345708894e-01,1.513716240991905548e-01,1.593786150355950004e-01,2.075172043980422210e-01,3.257419071440040836e-01,2.394850091275513571e-01,4.487255097229930767e-01,2.216471720472964757e-01,1.621560737867903668e-01,1.779481470555999145e-01,5.769310472753284846e-02,6.528483318242497835e-02,7.856606843475610891e-02,3.592927551021254384e-01,2.235533509814026931e-01,1.288183330242749780e-01,3.158621844429404524e-02,9.210029435114297502e-02,5.334966929373479161e-01,7.124750693881185537e-01,5.130242334560475292e-01,2.682523299129489502e-01,2.876233785469952675e-01,4.415992766214267840e-01,4.013060455392071790e-01,2.937979909077739205e-01,2.619759601385869829e-01,4.023470505199198133e-01,1.836144508335133541e-01,3.009278451999793935e-01
