0.000000000000000000e+00,2.916817753087151965e-01,5.085177720430451853e-02,6.421592758263303113e-02,1.021182860102434337e-01,1.652762075589983559e-01,2.708196108189803164e-02,2.911855618069362217e-01,4.224012770993915145e-02,2.391707701450059842e-01,2.844837878354866678e-02,6.460089365246317328e-02,3.575242218337053302e-02,8.689211716991698808e-02,2.694444115761139291e-01,2.879760895323549286e-01,2.080592353984503373e-01,5.813970045965516364e-02,3.419395539315246701e-02,2.002851776829658315e-01,5.911400556748511725e-01,1.282386667652201107e-01,2.657228561322563798e-01,5.278142546030661908e-01,3.336175058177135444e-01,3.478029981564040862e-01,1.298288061186655962e-01,2.148152498812491706e-02,2.550192815240360789e-01,7.744040066170143621e-02,2.142220776329277765e-01,2.942159986208758293e-01,3.711899648727207124e-01,2.064049769300964343e-01,9.680724707334519008e-02,5.692250930142413179e-02,1.269238922202579611e-01,7.569994251177208922e-02,2.659962721786398587e-01,1.808044763099286578e-01,1.438209287951634496e-01,1.205714326479681853e-01,1.249379268948405675e-02,6.546101846372615052e-02,1.052044764435780821e-01,5.968444029686090779e-01,1.031421593540080284e-01,1.639905611371603178e-02,3.007156733727754661e-02,1.513073447374199409e-01,4.990185544906312887e-02,1.484039217119591525e-01,2.984871011107298466e-01,2.971975658043707336e-02,1.046622680026578767e-01,1.268507573633130825e-01,4.791741324592022067e-02,8.021022810085462473e-02,3.071825678373370228e-02,3.778333317194923491e-01,1.604147246568619345e-01,3.166026977064556602e-03,6.801478289167836588e-02,5.566151948027883711e-03,1.444899894008046803e-01,5.303583522041611653e-01,1.046125167552744428e-01,2.540969681755788079e-01,3.058808118026517531e-01,2.279170547420922843e-01,2.762936469617601198e-01,5.528902655099501851e-02,1.419983484031625276e-01,2.189224498567248767e-01,2.235286498258707566e-01,2.239746873914408021e-01
2.916817753087151965e-01,0.000000000000000000e+00,5.205256441689986024e-01,6.097970213934688494e-02,3.401054385118856271e-01,9.330613860790023528e-01,3.907633828530251430e-01,4.097800347309019653e-01,6.020497908647998164e-01,6.101020328540873727e-01,4.254332222948321029e-01,3.379690952191707898e-01,5.413533061279036662e-01,1.164073187401441778e-02,5.820640847645859317e-01,6.530498439202738759e-01,6.522517521396485884e-01,6.404198522257148474e-01,5.145890126644625528e-01,6.670038927410169016e-01,5.222997748652655758e-01,7.335028541367735189e-01,6.738681039636752468e-01,1.650330591609672215e-01,8.716096309341111459e-01,8.313478782127715627e-01,8.355819875016001763e-01,5.726655448387433234e-01,7.496091342667168256e-01,1.779161093547637629e-01,3.930524555026938538e-01,4.599744011993192050e-01,1.374133197898563807e-02,2.167885449269851827e-02,2.047661283153512923e-01,7.043409667992356349e-03,9.841660889244550903e-02,4.389807248655605010e-01,4.353017926363930701e-01,1.639687593899535889e-01,3.517339080126630213e-01,4.708665135019817205e-01,5.929331618583587316e-02,2.409612338016691585e-02,2.085456314862261240e-01,1.472862671088664421e-01,8.275257288878313799e-01,3.435253797226914263e-01,1.781433183235785200e-01,2.326368465655285211e-01,7.615979238504736459e-01,2.565575104850028043e-01,3.906127299349005377e-01,4.986449346360802282e-01,4.444448654296192514e-01,3.130574988459277619e-01,3.641029615508251105e-01,4.493105527823937906e-01,5.230377536463123866e-02,6.679095292020928998e-01,3.175514333890992469e-01,4.752306260102173718e-01,4.051444024565334368e-01,5.402955090785492853e-01,5.531162513322185337e-01,2.900989635947023859e-01,5.775803665919904129e-01,5.665980613577003000e-01,9.905071750279265119e-02,8.418755768711099208e-01,8.153434277853669476e-01,7.207222067621402717e-01,2.990493277373743597e-01,4.973712318995612836e-01,6.731668972567257658e-02,2.282799783311315889e-01
5.085177720430451853e-02,5.205256441689986024e-01,0.000000000000000000e+00,2.405876967194976179e-01,6.847502652104414667e-01,6.286294269861212314e-01,4.182999542022921569e-01,3.519000863313346272e-01,8.619337114273555311e-01,4.408895951963002213e-01,9.072831223254407274e-01,2.122690413467628046e-01,4.503030803909180424e-01,9.433459460147827769e-03,5.001833726676030434e-01,4.192182948579347701e-01,4.649643713442251358e-01,3.811000054789288605e-01,8.450251401087748304e-01,5.637872676834473351e-01,1.099853012394502449e-01,6.436124947303613064e-01,6.969688508486463485e-01,4.775608883065987631e-02,5.138695303500585565e-01,4.334596782273635873e-01,7.332417888531936878e-01,5.988955576504024769e-01,3.767974076619359236e-01,2.211374217579754609e-01,2.099446182060678290e-01,5.078861854130091169e-01,3.965836265351767587e-01,3.239798815911994478e-01,2.214762105373072054e-02,1.057975760546274874e-01,1.251321374054528146e-01,3.596940616122570322e-01,5.270767977084591660e-01,4.575828151234926922e-01,6.606743599859883354e-01,4.600847357457543141e-01,4.669145227887167016e-02,7.632008658503038057e-02,1.900946232270630809e-01,3.405160589175532104e-03,3.521026806610828563e-01,8.427484816193101524e-01,2.946634412224814481e-01,6.303774658962109090e-01,6.399054737473637289e-01,3.487355724943765889e-01,2.958701981720670005e-01,8.029310315944355736e-01,4.386153504285162930e-01,8.512325810741017129e-01,3.737773137791199352e-01,3.710227582696965509e-01,2.463144660622278714e-01,4.542801559905718101e-01,2.838337070562603481e-02,3.273669900951772793e-01,2.108101843625580507e-01,8.281426554211320790e-01,4.164510214466076721e-01,1.662934388658391105e-01,4.345450769624601972e-01,6.691449172812928836e-01,2.694274287597017148e-01,4.523665111481838252e-01,5.874992147861930469e-01,7.677148410479560647e-01,3.688481593084048660e-01,3.147380107136314442e-01,1.538871519330012039e-01,3.884429170862377934e-01
6.421592758263303113e-02,6.097970213934688494e-02,2.405876967194976179e-01,0.000000000000000000e+00,1.289194616694258055e-01,1.421316875798374346e-01,2.454166717124703356e-01,1.726959337174826248e-01,1.648179837498253142e-01,4.127191022257269415e-01,3.639648160052835757e-02,1.346271067628512230e-01,2.085433176228153052e-01,3.725741653374345375e-02,2.029542242649227252e-02,2.409596766509844723e-01,3.906248514944349881e-01,3.016200006503456099e-01,2.975575844708317624e-02,3.722565378134359837e-02,7.389888604522540372e-02,1.249380598206213944e-01,4.383441692740727702e-03,2.796972821711954937e-01,1.466213689759719441e-01,7.811504160209106762e-02,1.669459443179073521e-01,3.131887550290284317e-01,1.330604843889788558e-01,1.463307541945505497e-01,2.088152835733293466e-01,2.917525848702305913e-01,2.502086289559134480e-01,7.209492155888180820e-02,1.591269413205784466e-01,2.693207218936674030e-01,4.633333463157549570e-01,2.808554121679008864e-01,4.245408981964163275e-01,3.210291138960922885e-01,1.353883873540823735e-01,1.954468620899598927e-02,9.961001371934874449e-02,1.277849692298335671e-01,1.201962381568276450e-01,2.165397227436778871e-01,2.854691385184119495e-02,5.275391172877147428e-02,5.771365698342878492e-02,2.318863283185584878e-01,1.939975938814835488e-01,4.353955255594039175e-01,2.757455568842959170e-01,1.562507941931121636e-01,4.508080360623078486e-01,1.564751813368594341e-02,2.719638984417286354e-01,2.401678618875022764e-01,2.713067490986426078e-02,6.970799638035957146e-02,4.864363962708695421e-02,3.871218870254512501e-01,4.025169835628544801e-01,9.106617698607068906e-03,9.783620919328686605e-02,8.121131043087662094e-03,4.829085370622404616e-03,9.498653903027065581e-02,3.614962686018492466e-01,1.771007306791221037e-01,1.365996329609287241e-01,2.035615768116246227e-01,2.024001251094540155e-01,2.661916713475074303e-01,3.193182796922547917e-01,3.036762122222426696e-01
1.021182860102434337e-01,3.401054385118856271e-01,6.847502652104414667e-01,1.289194616694258055e-01,0.000000000000000000e+00,5.141334917946839278e-01,6.634415752350700801e-01,1.161068009680312207e-01,8.563943231378470244e-01,4.256281250346476419e-01,7.637132395993834200e-01,3.991420145938048836e-01,5.927257943774451032e-01,2.341876203466237427e-01,4.256961927040892046e-01,3.561124886263892231e-01,4.126072159337419443e-01,3.701501395436100350e-01,7.306811050404582453e-01,5.054123948746127581e-01,8.808418179556418148e-02,5.265988832585996038e-01,5.195190765373374209e-01,2.390310813567346482e-01,2.759431797661832664e-01,3.660995945998832823e-01,5.918457710233367974e-01,6.125347577857387371e-01,3.795624436456351281e-01,4.237382633368534934e-01,2.289995630488190770e-01,4.774227291632139325e-01,6.054775328441609483e-01,3.609076647203182664e-01,2.495763287592721036e-01,1.847174378476664769e-01,2.941969330357993573e-01,4.208749773558138063e-01,5.066313292042246008e-01,5.951313442428722844e-01,4.718316263838576718e-01,2.263293931380311041e-01,1.264372728813943914e-01,9.201597764780844457e-02,2.479091165796337703e-02,1.343546675848821814e-01,2.550164328685790016e-01,7.200429220971475974e-01,2.465482714878518555e-01,9.293515370848688395e-01,4.515070454761709318e-01,5.029465865240904110e-01,1.871081008867074291e-01,8.107849020611384017e-01,4.046474648617195413e-01,8.288344408059479251e-01,4.606673259829354716e-01,4.028370269926631053e-01,3.476500208423068949e-01,3.467562375047702483e-01,1.677199118981406167e-01,3.183477353706828938e-01,3.280544946609127988e-01,6.933371739109620568e-01,3.542275766539604298e-01,3.555425241849566320e-02,4.412093836696682203e-01,4.175257387186838698e-01,5.672683874398447568e-01,2.679087562748656559e-01,3.886474562171810532e-01,5.152567976369707425e-01,5.206917240755579712e-01,9.035397299946112959e-02,9.664778733685103207e-02,1.879967062039407388e-01
1.652762075589983559e-01,9.330613860790023528e-01,6.286294269861212314e-01,1.421316875798374346e-01,5.141334917946839278e-01,0.000000000000000000e+00,5.206121014120651536e-01,4.496077343250462488e-01,6.492765725228193396e-01,6.369433237672728065e-01,5.864067948306266320e-01,4.295364860015822295e-01,6.071197008002935380e-01,4.183540748179449820e-02,4.670818330101816351e-01,6.317716097761473248e-01,6.295192239142017865e-01,5.534418725554699492e-01,5.504722210523698145e-01,5.587290675942018225e-01,4.039814119083478539e-01,6.921453525787368832e-01,7.147853779757459280e-01,1.707104425987598928e-02,8.106923418029765571e-01,7.123224758803518020e-01,8.121427643375718208e-01,6.407550794087845114e-01,6.201594330580342262e-01,2.254798471794083325e-01,4.102912065567751454e-01,5.000252152815357620e-01,1.964404541915521218e-01,1.651675058631436321e-01,2.345384900280537144e-01,8.164963239613208523e-02,2.432553716505201358e-01,5.150073583133171207e-01,5.445042049753571201e-01,4.001097085778422269e-01,6.254589592780542828e-01,4.774652444592427658e-01,1.134582102530445752e-01,8.896251458969808845e-02,1.836916559262782300e-01,7.813304159939263305e-02,6.203901805574812967e-01,4.248313123704468564e-01,2.810463997086313226e-01,4.020754985101973045e-01,8.191820670623339851e-01,3.275195280921143204e-01,3.854580377459158602e-01,5.571859113650334816e-01,4.987295404925183862e-01,4.382932139701262164e-01,4.803622444511686518e-01,5.020958205827026344e-01,1.783352047334635926e-01,5.579377399620295552e-01,8.852776301650765178e-02,4.764437445743052724e-01,3.155084808837104737e-01,5.979960076942176794e-01,4.367762401817216755e-01,3.233116986050614261e-01,3.895820786818826043e-01,6.081517162896378226e-01,3.224783730163615636e-01,7.082340032185234779e-01,6.709793151190667215e-01,7.761312629186751799e-01,2.316435210727355032e-01,4.142982473722560122e-01,2.583333698615951080e-01,4.241338382117459949e-01
2.708196108189803164e-02,3.907633828530251430e-01,4.182999542022921569e-01,2.454166717124703356e-01,6.634415752350700801e-01,5.206121014120651536e-01,0.000000000000000000e+00,9.373628479093285004e-02,5.872352048621236609e-01,5.857000702215537924e-01,3.850425985487151981e-01,2.496669378942638351e-01,6.120935570816246063e-01,9.062126918782476004e-02,1.974514643389158330e-01,5.290488182783791293e-01,5.818399173732200502e-01,5.899076901456816735e-01,4.235142781559215197e-01,3.186371346700521689e-01,4.326334223172106919e-03,4.108248589904083814e-01,3.109548074490312564e-01,3.575932844480513850e-01,4.592124444477501122e-01,3.733807036751901620e-01,5.312125625801615847e-01,4.884805290194997873e-01,5.662298901466240597e-01,2.725601857145723006e-01,3.529527799853804937e-01,3.742104347946982323e-01,4.650455333187695772e-01,3.035389718005090942e-02,3.476321993939263111e-01,1.876753912579478267e-01,2.881202958764171318e-01,6.975249231395116434e-01,4.747506957846747699e-01,5.061206746701927273e-01,2.962489333664460323e-01,2.705808441193915254e-02,1.038510064663339255e-01,1.452924604387438035e-01,1.823782428226839170e-01,1.517522418723583622e-01,2.442544830557031033e-01,3.788409025316676892e-01,2.321279567084175155e-02,5.964558152431358451e-01,3.485692887353281089e-01,6.440097011007357430e-01,4.163199634618362788e-02,5.358623243847309148e-01,4.872726898909163218e-01,4.082224983812141050e-01,3.085964263465099111e-01,4.176819060197393130e-01,1.926899845264087308e-01,2.410326760728294104e-01,2.339966907037497046e-01,3.188517689738823990e-01,4.038830683445199798e-01,4.085012730131906133e-01,8.804415635775064697e-02,9.236710617389812250e-02,2.318458593403412982e-01,2.348086013354997725e-01,6.632295942266852595e-01,4.417499448395806327e-01,3.816819963214350686e-01,4.668946485946738889e-01,3.400086207643315261e-01,3.013196305464510005e-01,2.090646428455022465e-01,2.425400614476610206e-01
2.911855618069362217e-01,4.097800347309019653e-01,3.519000863313346272e-01,1.726959337174826248e-01,1.161068009680312207e-01,4.496077343250462488e-01,9.373628479093285004e-02,0.000000000000000000e+00,2.335386032778740129e-01,1.459488472427629135e-01,3.872204334040659224e-01,3.848180252362662368e-01,9.707881656984074237e-02,1.926978822365351951e-01,2.896054326271894630e-01,6.814343030595128303e-02,7.161832573570264815e-02,3.451499556474030284e-03,3.328731923034988216e-01,1.755836870384357984e-01,3.907779084248796941e-01,1.279937891399594851e-01,6.642869815494684138e-01,4.320159936924772848e-01,3.423418017873808283e-01,4.250677307492402579e-01,2.167607284851708338e-01,2.069935283494706846e-01,2.222396058949554706e-02,1.339054937003442136e-02,6.465519514307010995e-02,1.217535470355314564e-01,2.885737270148061584e-02,5.042757535141748071e-02,4.203175308751812278e-03,1.186387659308241471e-01,3.583721299019190787e-02,1.904189068859233613e-01,8.586978623292079726e-02,8.427606193779574317e-02,2.147212634436904410e-01,2.546605196266209514e-01,1.349496675768598053e-01,1.710362902654842532e-01,2.292806498658193914e-02,2.009213813282112460e-01,3.960174556088894571e-01,3.278218927939915983e-01,1.934114905865258749e-01,5.976779192184013267e-02,3.837176589331567911e-01,1.332770842911176201e-01,6.463568084518627188e-01,2.039693825531553872e-01,1.355459950751752296e-01,3.361714053952830072e-01,3.936888952897443228e-01,9.591722721530346329e-02,1.904962737547025720e-01,3.070221071364795939e-01,1.421062390701813560e-01,1.486637766875848754e-01,9.749057474478529939e-02,3.353005305800070279e-01,2.073729638243058948e-01,2.136007324674235319e-01,1.422692618164136391e-01,5.998219386703850242e-01,2.022791936962169967e-01,2.311744025812533798e-01,3.826261064814829860e-01,2.249787517668034031e-01,2.736313190931428940e-02,3.176628716950072318e-02,4.681708145135507482e-04,1.513027318091699214e-01
4.224012770993915145e-02,6.020497908647998164e-01,8.619337114273555311e-01,1.648179837498253142e-01,8.563943231378470244e-01,6.492765725228193396e-01,5.872352048621236609e-01,2.335386032778740129e-01,0.000000000000000000e+00,5.715660752479797546e-01,8.098456107443393615e-01,4.470990991265701986e-01,6.993877087066093790e-01,8.358412468869488854e-02,5.440641938476296069e-01,5.642329243551532647e-01,6.562223931803562449e-01,5.359850305846338703e-01,7.463332251537824202e-01,6.717376621350108490e-01,9.572502902102567046e-02,7.239928268023141378e-01,6.289636963871509945e-01,1.467506550527566400e-01,5.503136777347862330e-01,5.556372533838406236e-01,7.630914946123642517e-01,7.640527828097067875e-01,5.233242953550016896e-01,3.799048414816415531e-01,3.454425997983453511e-01,6.246334417826620022e-01,4.447337213287043678e-01,2.127608887174756158e-01,1.513166656511911179e-01,1.498121226553695562e-01,3.540483803306406219e-01,5.121974655578517277e-01,6.346442265483148715e-01,5.553775745376015038e-01,6.093811276968468249e-01,4.502753613875353222e-01,1.532816086705338088e-02,1.110458620015911113e-02,1.659738994975156201e-01,5.068531278745111446e-02,3.304250073836945134e-01,7.278734194083122944e-01,1.952929435561969740e-01,8.053928744295769659e-01,5.874746795775567243e-01,4.417498427137829808e-01,2.274830229234216517e-01,9.055291423876997703e-01,5.131232778842853559e-01,7.842507601380085402e-01,5.550659426726139989e-01,4.717318154535028452e-01,2.753585051893350233e-01,5.375114636432152260e-01,9.136447807758350803e-02,4.343324901715425179e-01,3.236147805124193200e-01,7.764155460383881380e-01,5.086056086219848948e-01,9.638327115500255893e-02,5.378161807345374079e-01,5.475877762247089997e-01,4.983755758786795331e-01,4.079506784416235821e-01,5.829060131557846081e-01,6.657453578249863391e-01,4.654746151514601027e-01,2.290488289565046076e-01,1.750521451980248666e-01,3.366260193147140867e-01
2.391707701450059842e-01,6.101020328540873727e-01,4.408895951963002213e-01,4.127191022257269415e-01,4.256281250346476419e-01,6.369433237672728065e-01,5.857000702215537924e-01,1.459488472427629135e-01,5.715660752479797546e-01,0.000000000000000000e+00,3.022174825585164371e-01,1.292442719873221901e-01,5.034293018821986987e-01,1.973961230174935688e-01,3.225165880270872698e-01,7.465573858665967011e-01,7.581495990209097258e-01,6.475379356937412956e-01,3.096260580527506190e-01,2.975792664385062958e-01,3.976220088485620252e-01,4.785467673924677090e-01,4.255483859159487348e-01,8.117719005137333244e-02,7.184610524881051008e-01,5.748057791070324551e-01,5.882798197169682997e-01,6.014395107896011172e-01,5.461753951118222261e-01,7.336094473475639199e-02,6.707108835760517973e-01,4.473667240594107475e-01,1.415664779979592114e-01,1.015007919161337729e-01,3.459542759620597430e-01,2.841769767876803354e-01,5.053020109361194834e-01,6.679958603566497066e-01,6.609903375949194304e-01,3.815260831970069821e-01,3.788479966760162632e-01,3.416805682922221532e-01,1.967482253542865156e-01,2.176868326216105376e-02,3.630886542552013152e-01,1.254817103760785812e-02,2.537459535794327481e-01,2.385785029060538964e-01,5.079869904782905593e-03,3.204557976924669038e-01,4.959511639837085872e-01,4.605039044027234296e-01,2.761623284363937114e-02,5.296990284637399515e-01,7.776142294135071076e-01,3.211165522660151539e-01,3.475926341802023090e-01,5.329747006196260406e-01,1.452975595808801978e-01,3.755472833333974858e-01,6.456295853510218841e-02,4.514526491282366272e-01,4.956179174908357243e-01,3.207644853761978387e-01,1.377603006924301710e-01,4.203712053545089478e-01,1.217632422214112720e-01,3.375141847217708602e-01,3.876237291898794179e-01,5.538641820991763165e-01,5.885210187635113721e-01,5.300489690205715254e-01,2.530117876125840271e-01,4.398368339757358081e-01,4.405441484357371373e-01,4.693876602165883982e-01
2.844837878354866678e-02,4.254332222948321029e-01,9.072831223254407274e-01,3.639648160052835757e-02,7.637132395993834200e-01,5.864067948306266320e-01,3.850425985487151981e-01,3.872204334040659224e-01,8.098456107443393615e-01,3.022174825585164371e-01,0.000000000000000000e+00,3.511150982204662707e-01,4.184478547832678474e-01,1.675123224444906855e-01,5.865726450189124863e-01,2.135331415841971170e-01,2.679955163737397505e-01,1.968990270364732453e-01,9.499309770679703613e-01,6.287117338999788085e-01,5.403271133410850191e-02,6.159824131189552965e-01,7.318780223011688291e-01,7.342989088106069429e-02,2.868333162689579163e-01,3.592230288775620228e-01,6.911661125024020080e-01,5.027264716891202134e-01,3.390866625626688391e-01,3.536722027726780793e-01,1.079233282186561060e-01,5.142871940522372176e-01,4.742884074543362027e-01,4.631123942365260038e-01,4.892048845302737758e-02,7.329510617390298799e-02,7.281208377449989444e-02,2.503072432992881624e-01,4.382271906453366617e-01,4.659910773649834637e-01,5.710303516403432145e-01,2.980585730741959205e-01,9.644601652581832885e-02,2.640720031490857711e-03,2.153467497936240038e-02,1.076363760987135848e-01,3.316117704521135412e-01,9.550173175303089401e-01,2.703902000912360992e-01,7.357125566635378533e-01,5.235547873152612830e-01,3.213273496028589138e-01,3.587815744692171016e-01,7.245908036034947042e-01,2.825361964294530459e-01,9.360301939398999460e-01,3.522038086092331710e-01,2.220853808230701387e-01,3.320742090457449169e-01,5.009911147963981293e-01,7.758955042614332220e-02,2.195462746055505399e-01,8.203567093037626712e-02,9.013818719304101945e-01,4.683311554437578073e-01,6.636875093968330752e-02,5.117183295274907451e-01,6.683704169392892247e-01,3.525152163736892108e-01,2.726236643569941442e-01,4.372812504052495108e-01,6.872681533946911614e-01,3.823962906287055041e-01,1.190589112929953397e-01,9.245035477951059344e-03,1.908355698564645486e-01
6.460089365246317328e-02,3.379690952191707898e-01,2.122690413467628046e-01,1.346271067628512230e-01,3.991420145938048836e-01,4.295364860015822295e-01,2.496669378942638351e-01,3.848180252362662368e-01,4.470990991265701986e-01,1.292442719873221901e-01,3.511150982204662707e-01,0.000000000000000000e+00,4.464608074041943042e-01,1.452312276405540725e-01,2.253368075881808097e-01,6.995040975141593453e-02,2.235388376810709676e-01,9.727226024158647233e-02,3.007982278171928980e-01,3.418393587804377520e-01,3.926722590003473012e-02,2.832737298727664443e-01,4.333751964957017200e-01,2.733342040752860802e-01,1.803796289808863307e-01,4.385099750444984568e-01,2.617511695580225783e-01,3.645905729449420707e-01,1.536306687148895622e-01,1.469258572091620141e-01,2.566980872765899091e-02,2.311632906051196423e-01,2.827874545783662374e-02,4.085182968684304694e-02,1.068366111160945903e-01,1.862434650040230844e-01,2.181929461852645524e-01,1.303825319253227866e-01,1.221962269136712687e-01,1.352920847739797483e-01,2.968018500115785496e-01,2.476214412702096024e-01,2.925820546973830760e-01,6.269724348102834188e-02,6.580334082721693567e-02,8.981364392723879819e-02,1.874350677637993678e-01,2.476574417957624896e-01,5.506042890785435573e-02,3.389967577396829634e-01,3.549373643268362022e-01,9.166336512407180503e-02,3.983269854381371045e-01,3.688484169148789071e-01,3.524686156352319077e-03,3.098899414115832140e-01,7.367854913467305478e-01,2.150848008004113687e-01,2.706265121625192061e-01,1.911791268660405496e-01,1.591360400904144323e-01,1.331095795267861204e-01,5.794941980558453165e-02,3.029761451197309219e-01,2.340300274841538020e-01,1.242000094939626764e-01,2.044546704425026507e-01,3.055730539319689298e-01,6.695104091866355134e-02,7.842162149894696399e-02,2.155399862715924875e-01,1.798748431229002798e-01,1.806859869536227570e-01,1.872247191171676206e-01,4.797350067637540239e-02,1.866153700648675029e-01
3.575242218337053302e-02,5.413533061279036662e-01,4.503030803909180424e-01,2.085433176228153052e-01,5.927257943774451032e-01,6.071197008002935380e-01,6.120935570816246063e-01,9.707881656984074237e-02,6.993877087066093790e-01,5.034293018821986987e-01,4.184478547832678474e-01,4.464608074041943042e-01,0.000000000000000000e+00,8.488285524171010343e-03,2.700062286890981822e-01,6.687624214667695632e-01,6.709631816664858306e-01,6.267624947600048957e-01,3.837131707203349507e-01,4.113287292555356522e-01,1.467734270549089781e-02,4.842919154375874280e-01,3.832885317553471061e-01,9.756061755976641603e-02,5.071487074281700869e-01,6.201498325592915695e-01,4.856552091711413000e-01,8.061534218170659516e-01,5.788273998772731632e-01,3.381301907527650696e-01,3.678280597230633719e-01,4.975479810999656194e-01,2.710900884359325191e-01,3.075134834325643496e-03,2.999079344694873805e-01,2.566346847914497409e-01,3.474474791592903067e-01,5.315555943223158053e-01,5.464836858131990605e-01,4.442602372469971472e-01,4.028125701444217333e-01,2.880473008029132975e-01,3.972140577697033659e-02,3.326654437640108597e-02,7.327720776565782579e-02,5.257015239723311639e-02,3.720425772686649646e-01,2.857817180714264382e-01,9.152202190107661117e-02,4.806711590239048371e-01,4.900660763087385519e-01,3.196178206758876761e-01,1.595178245315667653e-01,5.815144879594656979e-01,4.300680817246511078e-01,3.503770270906104156e-01,5.306550562100327273e-01,6.345580478863001028e-01,2.005468886090935876e-02,2.660131135768994959e-01,1.419349143370262356e-01,5.517323040093411457e-01,4.642364237835665541e-01,3.967360594106820737e-01,2.896866084936052799e-01,2.466823782856350511e-02,3.117014478272087108e-01,2.962379718382519567e-01,4.518334404196027165e-01,4.354853862051477620e-01,5.360882377807505428e-01,3.746654732393254750e-01,4.566640879533367392e-01,2.896340218555780166e-01,1.321952238839456673e-01,2.891463564814095721e-01
8.689211716991698808e-02,1.164073187401441778e-02,9.433459460147827769e-03,3.725741653374345375e-02,2.341876203466237427e-01,4.183540748179449820e-02,9.062126918782476004e-02,1.926978822365351951e-01,8.358412468869488854e-02,1.973961230174935688e-01,1.675123224444906855e-01,1.452312276405540725e-01,8.488285524171010343e-03,0.000000000000000000e+00,1.777183879518405007e-01,1.845699955438820372e-01,1.564988426535773580e-01,1.202004455217804274e-01,1.032867131484585810e-01,1.323069281515829587e-01,2.289609665199957567e-01,1.394311080622970822e-01,2.237357604591350135e-02,1.917829789006638974e-01,1.538489622181221927e-01,2.878017741927728357e-02,8.762203114766964340e-02,5.704882063706309681e-02,1.075798282481454059e-02,2.402275599908562653e-01,2.271943254883595775e-01,3.437200557128306661e-02,2.205581542962838648e-01,2.705759821883537697e-01,1.527759890420693489e-02,7.424260452772163399e-02,2.847786846122755955e-02,1.394112452059709240e-02,7.813262574129591076e-02,7.973704444968895966e-02,5.031220206355270508e-02,2.406545116303810128e-01,3.510623795594693952e-01,2.768629251876008057e-01,7.134797265534979782e-02,1.477690348132421616e-01,1.719178587262435443e-01,1.088745796708209812e-01,1.383579678401195001e-01,2.635421381810240105e-01,1.983684736066970017e-02,8.681428398419642478e-02,2.658700137360245352e-02,3.246137941437289565e-02,1.502289484794364360e-01,1.770505755610651266e-01,5.282152588490418577e-02,7.324108191174041882e-02,3.324862180525614552e-01,1.964686177308431481e-01,2.308018024923647049e-01,1.335177903349103051e-02,2.007304076571284068e-02,5.544716692615812154e-02,1.438301262876173214e-01,2.342074639022536375e-01,3.552783981901382893e-01,3.567215877658574952e-02,1.838367413278709506e-01,4.778295066895869858e-02,1.502173365021397533e-02,8.768711370714649123e-02,1.498322950094079231e-01,1.074921748354567136e-01,1.985618256085291411e-01,1.714746025018521747e-01
2.694444115761139291e-01,5.820640847645859317e-01,5.001833726676030434e-01,2.029542242649227252e-02,4.256961927040892046e-01,4.670818330101816351e-01,1.974514643389158330e-01,2.896054326271894630e-01,5.440641938476296069e-01,3.225165880270872698e-01,5.865726450189124863e-01,2.253368075881808097e-01,2.700062286890981822e-01,1.777183879518405007e-01,0.000000000000000000e+00,2.641015868863306193e-01,2.310795876403406446e-01,2.097468285130347776e-01,5.716133486771611816e-01,8.488472358304272047e-01,4.338054828855300027e-01,8.353688931849879706e-01,5.480000472338282247e-01,1.098209521096960711e-01,4.020407321385000010e-01,4.302222849298172336e-01,6.261610866173862311e-01,4.214544806961938450e-01,4.614950589374186563e-01,5.387405009282837387e-01,2.999011007975664889e-01,2.750035750750647878e-01,2.011695181569467250e-01,3.169843230254312250e-01,9.401666502118755098e-02,4.759081828263068970e-02,8.583883110643750203e-02,1.414571717244157145e-01,2.270159307256669479e-01,2.943547860673861871e-01,2.512782956254527300e-01,2.575874995842806769e-01,9.182921284854131394e-02,1.381168299405779731e-01,6.635142242513991651e-03,1.499802053293544657e-01,4.319864214967010230e-01,5.526016339300099389e-01,1.651059578867729305e-01,4.341069640340914360e-01,3.941610466869180374e-01,1.855188857167258121e-01,3.659407847702648708e-01,5.082186223666111946e-01,2.494705608735923452e-01,5.893019558732189855e-01,1.382392245755766358e-01,1.046607685103627394e-01,2.429304487527363388e-01,8.159778020118344521e-01,3.558134245898443848e-01,1.172258626643523372e-01,1.851723780420924115e-01,6.280713466900640363e-01,7.987469498359325293e-01,3.454151446227570754e-01,8.396775700744772974e-01,5.483430336003487504e-01,1.404719993512872356e-01,3.890582812894574083e-01,4.757098704469307493e-01,7.062162417526712810e-01,5.748089680841954596e-01,3.532908981077312327e-01,2.724688936754529611e-01,1.026285543474604184e-01
2.879760895323549286e-01,6.530498439202738759e-01,4.192182948579347701e-01,2.409596766509844723e-01,3.561124886263892231e-01,6.317716097761473248e-01,5.290488182783791293e-01,6.814343030595128303e-02,5.642329243551532647e-01,7.465573858665967011e-01,2.135331415841971170e-01,6.995040975141593453e-02,6.687624214667695632e-01,1.845699955438820372e-01,2.641015868863306193e-01,0.000000000000000000e+00,9.153813761803433202e-01,8.295992618714607136e-01,3.187618204530572874e-01,3.765109648922525531e-01,3.745760313157800447e-01,4.980084562009630678e-01,3.075465831746481693e-01,9.164261215281134521e-02,7.846308731661432168e-01,5.306254702778651078e-01,5.173530683954508103e-01,7.229002376152108278e-01,7.118702742962055297e-01,2.986034124758802366e-01,7.250611998417574311e-01,3.828301966572101867e-01,1.151630930842522382e-01,2.005123084247216747e-01,3.613990573815106799e-01,1.094188903583402928e-01,3.145157693298736845e-01,5.326494237866358228e-01,5.671331601759846963e-01,2.862646577412641946e-01,2.781004575696464642e-01,4.214740024285726361e-01,2.131411435051583370e-01,8.114372776231772166e-02,2.099214773388807520e-01,2.474612569912653104e-01,2.946862027792570560e-01,1.408502381271740378e-01,9.217855395668876628e-03,2.078100742419191349e-01,5.129278712516827099e-01,3.147351574395260698e-01,1.415105206245334882e-03,5.161463361854476961e-01,6.451351388790191876e-01,1.569809851001662260e-01,2.413059496910169577e-01,5.884992180537806927e-01,6.661776112686837448e-02,3.263689859709810182e-01,3.274818303182585044e-01,5.866993957224488909e-01,7.246512963438833665e-01,3.031240257936886895e-01,2.623523372337496773e-01,3.899810754767120691e-01,2.269390236905030056e-01,2.670671479951671201e-01,2.655661123566623871e-01,6.830930383478777124e-01,5.578943763737365114e-01,4.332461423523724653e-01,3.713636374424099662e-01,5.555354128824785409e-01,2.159744513133686483e-01,3.448643909436454602e-01
2.080592353984503373e-01,6.522517521396485884e-01,4.649643713442251358e-01,3.906248514944349881e-01,4.126072159337419443e-01,6.295192239142017865e-01,5.818399173732200502e-01,7.161832573570264815e-02,6.562223931803562449e-01,7.581495990209097258e-01,2.679955163737397505e-01,2.235388376810709676e-01,6.709631816664858306e-01,1.564988426535773580e-01,2.310795876403406446e-01,9.153813761803433202e-01,0.000000000000000000e+00,8.622604419009969323e-01,3.143649504811528717e-01,3.426851738450854001e-01,2.573970147072445203e-01,4.926567375048096498e-01,3.186088754834334180e-01,2.622858898085028700e-02,7.420435009204363608e-01,6.354166658198741047e-01,5.239052528281517018e-01,6.578006422075595161e-01,5.674662484208491398e-01,6.006211742793826636e-02,6.227982059453706087e-01,4.223980514067525172e-01,3.688821119825211325e-02,2.393261137468331856e-01,2.718522387291347764e-01,1.106921341371652628e-01,4.418732257145395748e-01,5.669791134017221346e-01,5.839986259510860922e-01,2.653187838934585319e-01,3.530217061946271384e-01,3.907773352764504771e-01,1.641833656249862827e-01,5.807852187830747637e-02,2.950569839580293729e-01,1.377460838887880623e-01,2.687644391904528973e-01,1.523737713525046000e-01,1.402094962525420735e-02,3.028395741686243925e-01,6.263296129464497319e-01,4.196523871434444941e-01,1.082218176102936469e-02,6.361554267791211803e-01,5.630061315463477101e-01,2.693498290904030590e-01,3.698902685698624571e-01,6.298088800379124663e-01,2.352500325789319557e-04,2.959116284069602809e-01,7.188858400087289047e-02,5.514272493727766511e-01,5.320806416074979062e-01,3.314187123194852758e-01,2.081340648730172216e-01,2.209252051723661625e-01,1.421769992536442151e-01,2.595271827190088754e-01,3.659585411387321630e-01,4.849068976184086055e-01,6.219305606141728449e-01,4.818717237144065635e-01,3.018598835321485430e-01,4.748596570194299482e-01,3.813212461879069148e-01,4.761099901299377657e-01
5.813970045965516364e-02,6.404198522257148474e-01,3.811000054789288605e-01,3.016200006503456099e-01,3.701501395436100350e-01,5.534418725554699492e-01,5.899076901456816735e-01,3.451499556474030284e-03,5.359850305846338703e-01,6.475379356937412956e-01,1.968990270364732453e-01,9.727226024158647233e-02,6.267624947600048957e-01,1.202004455217804274e-01,2.097468285130347776e-01,8.295992618714607136e-01,8.622604419009969323e-01,0.000000000000000000e+00,2.529573751936786685e-01,3.795677247478428384e-01,1.618305172918564627e-01,5.161625814490846675e-01,2.157799757200768165e-01,1.502092337680168144e-01,7.961341610812060487e-01,5.497858733773525186e-01,5.064719381848414859e-01,5.815414121366212497e-01,6.067696430124422946e-01,1.452424184817210084e-01,4.783727036602118954e-01,3.755372607034567212e-01,5.010466284855460972e-02,2.303665158010708425e-01,2.914369004584383971e-01,3.523979199920186656e-02,2.696317675997652041e-01,5.375213366480012800e-01,4.936111774426263921e-01,1.677178339203548030e-01,2.464439634468791607e-01,3.718923155677756887e-01,1.979768653763445407e-01,6.094222416014158372e-02,2.426962930743223612e-01,1.241110237000449534e-01,3.276551390942001873e-01,1.964485455419612281e-02,4.341658068262665288e-02,2.028106011019112365e-01,5.382738235536471683e-01,3.839841649166159665e-01,2.705305185596942191e-02,5.161654704920647374e-01,5.968550505094514236e-01,1.598202248617287269e-01,2.911985056783152892e-01,6.170250927299991694e-01,1.916412541999663877e-02,2.211174158208114859e-01,1.879538342584107791e-01,5.664218435213326241e-01,7.145225923408021762e-01,2.665084120945534485e-01,2.419986951394647035e-01,1.348851554371334194e-01,2.250180478396356654e-01,1.292110323287596341e-01,3.456379469717679731e-01,5.892191274595037775e-01,5.948316809114757575e-01,4.584946386430964749e-01,3.871844878373666976e-01,5.235019551092272572e-01,3.302053575429152454e-01,4.701133825845178471e-01
3.419395539315246701e-02,5.145890126644625528e-01,8.450251401087748304e-01,2.975575844708317624e-02,7.306811050404582453e-01,5.504722210523698145e-01,4.235142781559215197e-01,3.328731923034988216e-01,7.463332251537824202e-01,3.096260580527506190e-01,9.499309770679703613e-01,3.007982278171928980e-01,3.837131707203349507e-01,1.032867131484585810e-01,5.716133486771611816e-01,3.187618204530572874e-01,3.143649504811528717e-01,2.529573751936786685e-01,0.000000000000000000e+00,6.717215820672728377e-01,1.623633052236265473e-01,7.003951628917945982e-01,6.599726715291780454e-01,7.428752263267085487e-02,3.955639137287549345e-01,3.834881701988942515e-01,6.642220011514994304e-01,5.124765437663250101e-01,3.788133044680707107e-01,3.596467145545130806e-01,1.803481668751806266e-01,5.079164173252680436e-01,3.897396057753168552e-01,3.274256717452121435e-01,4.045848649520866758e-02,7.643320962799106388e-03,3.228843251766925354e-02,2.034692191351854251e-01,4.318936819561591811e-01,4.322031632112530719e-01,5.304643025100286291e-01,3.325404587492046260e-01,8.713145829574925338e-02,4.401287311205040464e-02,3.049203542532930022e-02,2.257153176791618088e-02,3.560581488392783323e-01,8.607537536419748170e-01,1.841613855941205413e-01,6.295142472850754345e-01,4.793907047629802909e-01,3.328928355623157476e-01,3.318636232809858977e-01,6.614232859931039599e-01,2.949115066417852815e-01,8.612957988334961623e-01,2.970997005669902546e-01,2.596879693555967372e-01,3.050922653337501123e-01,5.466978110251710099e-01,8.415576317004798412e-02,2.302053563743794717e-01,1.001323093933814967e-01,9.487832422274934396e-01,5.274900075991102444e-01,1.607405376235985228e-01,5.620269884855124687e-01,6.216909265684052999e-01,3.150424263133613789e-01,3.370600983106791793e-01,5.036073004504891815e-01,6.539875371291705708e-01,4.331093322476993190e-01,1.911965021945902232e-01,8.072518379307871972e-02,1.894226840792333499e-01
2.002851776829658315e-01,6.670038927410169016e-01,5.637872676834473351e-01,3.722565378134359837e-02,5.054123948746127581e-01,5.587290675942018225e-01,3.186371346700521689e-01,1.755836870384357984e-01,6.717376621350108490e-01,2.975792664385062958e-01,6.287117338999788085e-01,3.418393587804377520e-01,4.113287292555356522e-01,1.323069281515829587e-01,8.488472358304272047e-01,3.765109648922525531e-01,3.426851738450854001e-01,3.795677247478428384e-01,6.717215820672728377e-01,0.000000000000000000e+00,2.653046467097835426e-01,9.709540112960804992e-01,5.220766103896574695e-01,1.081444137081023771e-02,5.011553035468268025e-01,5.027281500886346954e-01,7.079538049737551519e-01,5.423163376636839228e-01,5.859770101865905412e-01,5.877107220890880335e-01,2.850126822151918815e-01,3.989164924225122588e-01,3.252906442759366246e-01,3.903959085514552285e-01,1.167206574352001452e-01,4.728758836446993880e-02,1.083209133217857695e-01,2.324039694837825853e-01,3.261309068089484065e-01,3.863520125258215754e-01,4.208683180516882838e-01,2.993034727650468740e-01,1.743273977022985755e-01,1.612041517703985682e-01,1.858209659416429349e-02,6.436049874801677562e-02,4.788819491850786481e-01,5.925455291291519266e-01,2.573304357082801808e-01,5.064565476743756456e-01,4.974801986136538345e-01,2.132377755919195872e-01,2.761888870011333097e-01,6.323237913439245794e-01,2.714744373306030578e-01,6.059300478180310590e-01,2.713277035530783365e-01,1.741329591471830751e-01,2.894202387873197613e-01,7.659820133061482350e-01,4.757799422290355795e-01,2.230511470065537349e-01,3.303074230239200215e-01,7.236859016538219613e-01,9.330052441754090875e-01,2.359370411123837552e-01,9.712726929668791254e-01,4.895589677438695331e-01,2.257980520959835258e-01,4.593188465787599317e-01,4.916271974120299260e-01,7.870504174681145493e-01,6.006811392369459934e-01,4.224015054251067380e-01,2.525052652567170153e-01,5.374480686175217570e-02
5.911400556748511725e-01,5.222997748652655758e-01,1.099853012394502449e-01,7.389888604522540372e-02,8.808418179556418148e-02,4.039814119083478539e-01,4.326334223172106919e-03,3.907779084248796941e-01,9.572502902102567046e-02,3.976220088485620252e-01,5.403271133410850191e-02,3.926722590003473012e-02,1.467734270549089781e-02,2.289609665199957567e-01,4.338054828855300027e-01,3.745760313157800447e-01,2.573970147072445203e-01,1.618305172918564627e-01,1.623633052236265473e-01,2.653046467097835426e-01,0.000000000000000000e+00,2.834638718251418776e-01,3.788842752073761089e-01,3.172435383525581409e-01,5.287547083172201567e-01,3.036193265124902396e-01,2.828217560333515235e-01,1.296379414971244592e-01,4.094730715908544982e-01,2.647299561865076867e-02,3.864015839778980332e-01,7.604664071576436313e-02,1.099833507512068820e-01,7.515305519060239137e-03,2.047283801295131378e-01,7.934902203693069977e-03,4.836499404717262141e-02,1.156449265533204540e-01,6.753448913913807916e-03,3.966777461406176264e-02,4.081759107596191760e-02,5.624725703638116386e-02,3.106224298181305826e-02,2.827401410400078724e-03,1.643131856642900956e-01,3.648704838561244168e-01,3.136145986549941922e-01,1.570629879923115257e-01,6.817245727476431427e-02,7.709221737744774428e-02,2.480120938656387442e-01,4.067393381319253653e-02,3.749456965726608582e-01,1.036997831691595373e-01,2.814043851165384802e-01,4.352274567398489724e-02,7.495644290913244107e-04,6.055353815558892072e-02,7.345709318109994168e-02,5.515926771162954489e-01,2.867104207518112458e-01,1.280079565154741417e-01,1.497522727686759758e-01,2.194954168639047798e-01,2.256150993157984841e-01,7.683166344288712146e-01,2.241236973279149836e-01,4.587374477576377507e-01,1.458803845435102109e-01,4.790448351288760231e-01,3.290137309155947154e-01,3.060366350218969300e-01,1.408128593078706303e-01,3.853514063629059350e-01,7.202939512395779842e-02,1.546293102295059618e-01
