0.000000000000000000e+00,3.185268351865811476e-01,5.587973481673988996e-01,3.415275437732411823e-01,4.683458545223846969e-01,5.767675782017414043e-01,4.413125008772260660e-01,4.256546973763130071e-01,5.488588078939626858e-01,3.468366434387514241e-01,4.461305895813815203e-01,7.437658710699421305e-02,4.190277736360804584e-01,3.083700273684727988e-01,7.817001289188362234e-01,6.152970122068451841e-01,3.745604516907867776e-01,3.259168254266943121e-01,3.162408713124701953e-01,5.692205018596643296e-01,7.694072965987472923e-01,5.842312495162008679e-01,5.307429751163035281e-01,3.164071254585453241e-01,3.481751744041088337e-01,3.789632619126946933e-01,6.113037507998080322e-01,4.941618790079991275e-01,7.126857632663925468e-01,3.032562949175111044e-01,7.062835456216897123e-01,4.123492364928523224e-01,6.968936337274758142e-01,7.788798220817743090e-01,4.191422914743371253e-01,2.657734267132397243e-02,4.161495606226502803e-02,6.238342743366058762e-01,6.536226837922766153e-01,5.124272215898130201e-01,7.358208393458109953e-02,4.934080960975454899e-01,4.652711458597669214e-01,1.481765874189391596e-01,7.451805498067343159e-03,6.944697639034349557e-01,3.865965573847037762e-01,4.529472780192972392e-01,6.773498650746483107e-02,4.061670382435247362e-01,3.095372690475227673e-01,2.668991845366491811e-01,5.697739243802368847e-01,5.961442865893482601e-01,3.763539965844990287e-01,4.864833993607986518e-01,1.651483283950307412e-01,4.771317463610197929e-01,2.462311319333148341e-01,3.619485442796664953e-01,5.007952059755582663e-01,3.785964174588577480e-01,3.995172075562026248e-01,3.622657295750906781e-01,4.758533320383284138e-01,7.833248152476088855e-01,5.364796089130685619e-01,4.974130342279784456e-01,5.376145168119765838e-01,3.868398486999947705e-01,4.896990674682293876e-01,2.028935525209838719e-01,5.184723179105260593e-01,3.288186106278641052e-01,5.663588825643565139e-01,3.689605362842113823e-01
3.185268351865811476e-01,0.000000000000000000e+00,3.727243487654233745e-01,3.983968810570835961e-01,2.691273587602346362e-01,6.991106910309767830e-01,4.825725755104014469e-01,4.752414998045261796e-01,4.251152830952215078e-01,6.416144422779241907e-01,3.226167430408581338e-01,5.936765835843152983e-01,4.973372015120207656e-01,2.840553745301020450e-01,5.657358876349685151e-01,7.414693317130011119e-01,6.525677988642826222e-01,6.051082554710922601e-01,5.052504922357669015e-01,7.447780206243814760e-01,7.188425080234880360e-01,8.146752764354285858e-01,4.239387169813037537e-01,5.652596059705741194e-01,8.821044282454901797e-01,7.688589371255831750e-01,6.661113449596781644e-01,4.727975987309314121e-01,2.978055818463239413e-01,1.406041241428039948e-02,4.908029934068885991e-01,1.444454122679713487e-02,6.237459530252499329e-01,2.683284805757776836e-01,2.243463421529966195e-01,5.919965208323170469e-02,1.299935273023731519e-01,1.408908418491869596e-01,2.185769064432369069e-01,4.100378628385261681e-01,3.855205674229000290e-01,9.018375382271481833e-02,1.742822569531786159e-01,4.022658390103374670e-01,3.891533955670043454e-01,5.045234021847366801e-04,8.259378895627401684e-01,4.618830829213900202e-01,4.347200066339798052e-01,3.208351267488127045e-01,6.737527064900822316e-01,4.184339523106074266e-01,5.260670678971752778e-01,3.302130146936973487e-01,4.737991411248850260e-01,3.962246143298097656e-01,5.912642852547767003e-01,5.849473938781615256e-01,4.293751685804276241e-01,6.378230425905886403e-01,5.104013208555009395e-01,5.215477792397911205e-01,3.981479401034985210e-01,5.112310994498991956e-01,6.995622406556845085e-01,5.102985692269363938e-01,7.871429256556929932e-01,5.100240548481236313e-01,5.826625559953790834e-01,7.568695905245281796e-01,6.904089347773820773e-01,6.545471305574732668e-01,3.924921209863769800e-01,3.760329585407022890e-01,7.038136998418033363e-02,3.411520623958641529e-01
5.587973481673988996e-01,3.727243487654233745e-01,0.000000000000000000e+00,2.221232761421295665e-01,7.536280967285096111e-01,5.208953438476759956e-01,3.059897006625403870e-01,6.349439150008504562e-01,8.691261074900199501e-01,1.616036484218681124e-01,8.732942943241881473e-01,1.993293964282404074e-01,5.892476070716192726e-01,4.305367743243049272e-01,7.102207012844983236e-01,4.169948619849890847e-01,2.518368272247778483e-01,2.696618529505120376e-01,8.129825109126277427e-01,7.475016533720202361e-01,4.766364489523476355e-01,6.983154713480508313e-01,6.595719725936629585e-01,3.834550531448103206e-01,3.382507836529173861e-01,4.188048612571689810e-01,6.695447355983092930e-01,6.703094324909393276e-01,4.703427676340630748e-01,4.909914786328703484e-01,5.464752951524569635e-01,7.283041480795414413e-02,4.017924449348591054e-01,4.848512841222541447e-01,1.449652631232699329e-01,3.927301372878479468e-01,1.111708165385013880e-01,4.432541854082666655e-01,9.746086187094341047e-03,2.682618414078553060e-01,1.975793477345358096e-01,4.704424650804792662e-01,5.239427604715275466e-01,3.117349721097339987e-01,7.084444579032700418e-02,4.074289894703435611e-01,4.821887658753316597e-01,9.219148120777550526e-01,2.402815287975809955e-01,6.889771588310771300e-01,4.620718306373269302e-01,3.273716484017635819e-01,7.152942846008927269e-01,8.856032140755438764e-01,2.555604707900442918e-01,9.465238628623843242e-01,3.497108361366677576e-01,4.884809476060724132e-01,3.592823978831014564e-01,3.540353683882864200e-01,3.075273949543391727e-01,3.026984961398195839e-01,3.396197251380324578e-01,7.856657606098030877e-01,5.861882748213126382e-01,4.533486865870247629e-01,6.405915741560270771e-01,7.294003241905396839e-01,4.541968110202243558e-01,2.883420293739801243e-01,5.778258469805680475e-01,4.357332330357318595e-01,5.475776769982838577e-01,1.936755202457525193e-01,5.913402640957334810e-01,1.412947427137493106e-01
3.415275437732411823e-01,3.983968810570835961e-01,2.221232761421295665e-01,0.000000000000000000e+00,3.844723996755479156e-01,3.213375779452217196e-01,1.914702874454306258e-01,2.646849189912058864e-01,1.501577895280682973e-01,3.326769216249164662e-01,3.348319118269023620e-01,2.315716738860411072e-01,1.905897333064197063e-01,1.724311397768154286e-01,1.469304578646807302e-01,8.279475636794444982e-02,1.824319212187290318e-01,1.399318427957796096e-01,7.911468897736625983e-02,1.125829047838363822e-01,5.758432202040505293e-02,1.436478990183764626e-01,2.433428027454896392e-01,2.551329931018656572e-01,5.416265683454599689e-01,1.567887216117496429e-01,2.907956744126642679e-02,2.687093414691877347e-01,4.657047189503623619e-01,4.204520510547024026e-01,2.841615032333539292e-01,7.290517787059080934e-02,6.711680703247643875e-02,5.426149264297929209e-01,6.467695353264946156e-01,3.926152220400598303e-01,2.129145791305949997e-01,4.592259662354986616e-01,2.708788454237885945e-01,1.808820835008690953e-01,6.659535727019397777e-01,6.218099376320861404e-01,5.126218665980144529e-01,5.317896378225098197e-02,4.665813331145872156e-01,4.341366845538505714e-01,2.534602193661664726e-01,1.038649022459861154e-01,3.206468586152598776e-01,1.080123798390104778e-01,1.565022058669264804e-01,2.205755578182480581e-01,2.572750291798830968e-01,1.686364650959485956e-01,2.603469803710122821e-01,1.122422222492055477e-01,1.559134151082928743e-01,1.632097146804736831e-01,3.162553815997476425e-02,5.777532151678962391e-01,2.186622909288351568e-01,2.049729093554111814e-01,3.121313798198990797e-02,9.618458199939530773e-02,4.589459070037463229e-01,1.616195582729504365e-02,4.180830363864222465e-01,1.480615519453108014e-02,1.856406504277053615e-01,4.685404013066363227e-01,2.159902286465320287e-01,5.072036095277585588e-01,3.307861530397818162e-04,4.315419302458477491e-01,2.761662719129615029e-01,4.188861443189099143e-01
4.683458545223846969e-01,2.691273587602346362e-01,7.536280967285096111e-01,3.844723996755479156e-01,0.000000000000000000e+00,4.692689805288762228e-01,6.864458941085561650e-01,5.192085351545501215e-01,8.208329133126228694e-01,4.166993873893509726e-01,7.035729937649081167e-01,3.377740988129057653e-01,6.913853989990716986e-01,4.735327965451178178e-01,5.957481834089265460e-01,4.584761324196829357e-01,3.561140539355661661e-01,3.073442846235026060e-01,5.728647179682682111e-01,6.482497271648143267e-01,5.829400154212859286e-01,6.328611743170303727e-01,5.865381206468408548e-01,3.450229356809186854e-01,2.550685761581878430e-01,2.577783975450806953e-01,6.858492874796852101e-01,7.405667702567768629e-01,5.061088216091564895e-01,4.080966129442082369e-01,6.699086570071610680e-01,1.874442631227474232e-02,3.091337429289774397e-01,6.600963636465800866e-01,3.892224364201727349e-01,2.512659366290639906e-01,1.040601491158112263e-01,5.345689613473438850e-01,1.291973793482442678e-01,9.203766862997722620e-02,3.449826024917621026e-01,3.934313294532315042e-01,5.519262111951974692e-01,1.647323312178956001e-01,1.311744546086061058e-01,3.167872387740300333e-01,5.106936589272343952e-01,7.421360269135124366e-01,4.910738101180557313e-01,8.768475050334326726e-01,3.149240389008767238e-01,6.121093859239623569e-01,5.699765007661252714e-01,8.003827056487259339e-01,5.178298742588133274e-01,7.889802722972081295e-01,5.190297429313557309e-01,4.771105630603731385e-01,5.074040399095253173e-01,1.884004055412929202e-01,1.807151476286861513e-01,5.112428443165465408e-01,3.528855496061663044e-01,4.689891424874348957e-01,4.094663075370958971e-01,5.129238101893290880e-01,5.042667544394319190e-01,6.271486436366939810e-01,4.302347360583145264e-01,3.415433414908773946e-01,5.054467725088473973e-01,3.374324815012790246e-01,4.881669413051333839e-01,1.608485479612396518e-01,4.063143024153079708e-01,7.864785244882967208e-03
5.767675782017414043e-01,6.991106910309767830e-01,5.208953438476759956e-01,3.213375779452217196e-01,4.692689805288762228e-01,0.000000000000000000e+00,3.928961169212090154e-01,6.265165394493481532e-01,4.579930429888284249e-01,2.170302249302650255e-01,3.781559424972287253e-01,2.143514953197192263e-01,6.361460181085254462e-01,3.728166788190467873e-01,6.104362037556049225e-01,5.933653934618328130e-01,3.169077125721157517e-01,5.171097605107997097e-01,3.286252827324795400e-01,5.930882292370112108e-01,6.716790637107664663e-01,6.532703677940312481e-01,5.141538372382106203e-01,3.714034418166789475e-01,5.065549452435922362e-01,6.199489837909459844e-01,6.471626091212711041e-01,5.061485119459042670e-01,6.788926504528156602e-01,1.904601423267812121e-01,5.060729450318461886e-01,4.681065771917018725e-02,5.838224032558114729e-01,5.876709812056152282e-01,3.729811933020902304e-01,2.016673688221672922e-01,1.226849672289535426e-01,4.234516504645666757e-01,1.800264463946043003e-01,3.764956293376741647e-01,3.057602268594031281e-01,5.350241630372306600e-01,4.257209749013388667e-01,2.315557871424150926e-01,1.240309065516511794e-01,3.489508252381334219e-01,5.834744747594747816e-01,3.974717534394717200e-01,8.015731584045927838e-02,3.573824811571978399e-01,5.890606868171167632e-01,1.709940417339302354e-01,6.657869372019336041e-01,4.271247087652759733e-01,1.917885556813904158e-01,4.047051885520029924e-01,3.144119002899026238e-01,4.199400044137099330e-01,3.645163056215733888e-01,2.497555251082247407e-01,2.873106193031109701e-01,3.175299365213232194e-01,3.972910287531868367e-01,3.106457521434690117e-01,3.859858100907721523e-01,5.393707262963240989e-01,4.606997922040205196e-01,4.633060766361332128e-01,3.852235881762955949e-01,3.653070319040528369e-01,5.750943996805253366e-01,2.243412497589564181e-01,2.827366107294297382e-01,6.867117867055004543e-02,3.848985919365899289e-01,1.759303127153794694e-02
4.413125008772260660e-01,4.825725755104014469e-01,3.059897006625403870e-01,1.914702874454306258e-01,6.864458941085561650e-01,3.928961169212090154e-01,0.000000000000000000e+00,3.250702989280082056e-01,5.474792477761596388e-01,7.525525868595812629e-01,3.602492482642952742e-01,5.012376548981050117e-01,6.843785327126460372e-01,1.948853512317356429e-01,3.363651529378779426e-01,6.313944778872886410e-01,7.573442031650410300e-01,5.089745592262620022e-01,2.953294995026805592e-01,5.007123813654336120e-01,5.975375759961011335e-01,5.119129332486445083e-01,4.091662041821845230e-01,3.687620575413619872e-01,5.455129127758119312e-01,3.487377587074719232e-01,4.447763361770076807e-01,6.079975188695005972e-01,3.295488441799984680e-01,1.582872182947361872e-01,6.959500817965451613e-01,2.236803409150673050e-01,2.676170146358753388e-01,5.488178324588697254e-01,2.693980121847617815e-01,6.796801111907710413e-02,1.481906034044857545e-01,5.058847412297207136e-01,2.350099565401826407e-01,1.868627278573929684e-02,5.678712934622366648e-02,1.044728771555338553e-01,3.964241056389073425e-01,1.937725719535851598e-01,3.526162472236327727e-01,1.641435814267503956e-01,5.413046376755310529e-01,3.950290695193947599e-01,5.668639138766342622e-01,6.369948565085448156e-01,3.828489878875402375e-01,6.919616185887724757e-01,3.564628280727701881e-01,5.476407142341795931e-01,7.084736035919255714e-01,4.739325010854030240e-01,6.181573782752229906e-01,5.657940935630865198e-01,3.694893682940564861e-01,1.762370732569583098e-01,2.155210219886790901e-01,5.662057209391655466e-01,3.312560334950721552e-01,2.319088268339619952e-01,3.439976697676847550e-01,5.820537745324622092e-01,4.297071570475833324e-01,4.932382531817672833e-01,4.522023275463799563e-01,4.746989693914641650e-01,4.848632751837179677e-01,3.069324425955183289e-01,4.336162711408813042e-01,3.202484188051310521e-01,1.719806079744290450e-01,2.382446219011241373e-01
4.256546973763130071e-01,4.752414998045261796e-01,6.349439150008504562e-01,2.646849189912058864e-01,5.192085351545501215e-01,6.265165394493481532e-01,3.250702989280082056e-01,0.000000000000000000e+00,4.773425267665432070e-01,3.354417346245089915e-01,5.930868085595675243e-01,5.592731561318647904e-01,5.532491291297952918e-01,3.938678829041674101e-01,5.585090462446617998e-01,2.603092918376209153e-01,2.651435942466747742e-01,4.626428626156875445e-02,5.379022924531267069e-01,5.536903674288699007e-01,6.046441662965802433e-01,5.005770150021853215e-01,8.081208843299959588e-01,5.323567538933413612e-01,2.321625546829632070e-01,5.149936537627605171e-01,5.515933726150185068e-01,5.492776998470944028e-01,2.281730054488797232e-01,2.881179848380178155e-01,4.010750917128206861e-01,2.063713627581751503e-02,4.014619257683800790e-01,4.894083922974556411e-01,1.984728917191309894e-01,2.768376888757502763e-01,1.120133545649281553e-01,4.222936608214543641e-01,8.998831462029827089e-02,2.511776273069699084e-01,2.767001469844481698e-01,3.425166935456034345e-01,3.618040613240913750e-01,1.639725688918352853e-01,3.953305612416276038e-02,2.110332377504783863e-01,4.568782151141081993e-01,5.780050465252547509e-01,2.573312828951626052e-01,4.840071135684349546e-01,3.312476857566568067e-01,2.437455115912127712e-01,8.524060484915636504e-01,4.406224233786266153e-01,2.377660530893120350e-01,5.725704770022986834e-01,5.702655007948496113e-01,2.806335599286816640e-01,3.476145648740877059e-01,2.814793420355069520e-01,5.395267994917035681e-02,2.491369704669904317e-01,3.344420487914551154e-02,4.893223161123467779e-01,3.890238445269326162e-01,3.777479608578834247e-01,3.991930469998665187e-01,6.326261638577220792e-01,5.203835516774371062e-01,4.059119071623919217e-02,4.264566780196533680e-01,2.924638973548496779e-01,2.317070852454439778e-01,1.816078819147474988e-01,2.626508621298302981e-01,1.655360282421156071e-01
5.488588078939626858e-01,4.251152830952215078e-01,8.691261074900199501e-01,1.501577895280682973e-01,8.208329133126228694e-01,4.579930429888284249e-01,5.474792477761596388e-01,4.773425267665432070e-01,0.000000000000000000e+00,4.256793480265849694e-01,8.164043185347172882e-01,3.233080548037623458e-01,7.268671765071146318e-01,4.026433650605278358e-01,6.516018724866313727e-01,5.869732548444401843e-01,4.473523741900160555e-01,3.621085287155842991e-01,6.510775350566424535e-01,7.851764229795317185e-01,5.717924684022057669e-01,7.449088677854747154e-01,5.571702266817446514e-01,4.328637462504622002e-01,4.338751357666050801e-01,4.506927757161118819e-01,7.591622871874639245e-01,7.185222950145389031e-01,5.004159084283956727e-01,3.492048322151089512e-01,6.327695647085425090e-01,1.821207300956842468e-02,3.806611208572846516e-01,5.534940746493103303e-01,1.681216107324807751e-01,2.927853379928143096e-01,1.710228061724967108e-01,4.908694251674453612e-01,5.402490647354069031e-02,2.611231398334813991e-01,1.762128826954820204e-01,3.853163579755441992e-01,3.602778551889360137e-01,2.211544813421974509e-01,1.770972300701215696e-01,3.262446050513449491e-01,5.130292408653683855e-01,8.554411485212171096e-01,4.383844879690597662e-01,7.535705959377116958e-01,3.606291671678206190e-01,5.310227611826776606e-01,5.449426960726939662e-01,9.303040793401765596e-01,4.769211436625654388e-01,8.764624677867041136e-01,4.679587871075518990e-01,5.315022386087042694e-01,2.725370330261117635e-01,4.819959822573535724e-01,2.532950508265376932e-01,4.385492170598175310e-01,3.392254905270570831e-01,5.994245715786827855e-01,6.584641402322765069e-01,5.490452567921799698e-01,6.817865310555167868e-01,6.647577375448228132e-01,4.982773574174613751e-01,3.664128913577400226e-01,6.179852469822836314e-01,5.157888880671245291e-01,5.052197655927387343e-01,3.251904829318065238e-01,3.629333447348709885e-01,1.782035413488197717e-01
3.468366434387514241e-01,6.416144422779241907e-01,1.616036484218681124e-01,3.326769216249164662e-01,4.166993873893509726e-01,2.170302249302650255e-01,7.525525868595812629e-01,3.354417346245089915e-01,4.256793480265849694e-01,0.000000000000000000e+00,3.320425502963191278e-01,7.128176153306104990e-01,4.965434068914689747e-01,8.194717258395768644e-02,3.304445952532893971e-01,6.467873007989083378e-01,7.841078412060498160e-01,3.009016910480383222e-01,3.718345923283059573e-01,5.607038903088753523e-01,7.231941998357633850e-01,5.544673255528701494e-01,3.408142049484534364e-01,5.450199094906231778e-01,6.218197528435772670e-01,3.142781556135604837e-01,3.413263564115548987e-01,5.623117313839169906e-01,1.995943077630402129e-02,2.110520976871615439e-01,7.226341171862318280e-01,5.264106681499654966e-02,3.934890256340206616e-01,2.941360014267322409e-01,2.889181358174888192e-01,4.570316932977573632e-02,3.320328982835515363e-01,1.395133853751736874e-01,2.504754145606131188e-01,1.916077763116874333e-01,3.333885288581607820e-01,1.811628811120079285e-01,1.641192548843496413e-01,4.675060809506237369e-01,5.636219041813048669e-01,8.391395232640644353e-02,5.100365910033052286e-01,4.372179283499507685e-01,7.271022451474078441e-01,6.271601147995778947e-01,4.213269014788478817e-01,8.834831707514405608e-01,3.037706023308401893e-01,3.858291034649697915e-01,8.282234747121844931e-01,5.226392270437628662e-01,7.274447181072600799e-01,6.857580543614730795e-01,2.244357634777841282e-01,5.000878324012715259e-01,1.428771313166640189e-01,6.906316425592706754e-01,1.818486154624957274e-01,3.644833990216334030e-01,5.544127457034322415e-01,6.695079494654205821e-01,4.900142294474962856e-01,4.195258921076309711e-01,5.603254927717733480e-01,5.421257264781991214e-01,4.262467240586430561e-01,5.309413638527429313e-01,5.002044794080551249e-01,4.265277585057522525e-01,2.274195724639314561e-02,3.438377807138848219e-01
4.461305895813815203e-01,3.226167430408581338e-01,8.732942943241881473e-01,3.348319118269023620e-01,7.035729937649081167e-01,3.781559424972287253e-01,3.602492482642952742e-01,5.930868085595675243e-01,8.164043185347172882e-01,3.320425502963191278e-01,0.000000000000000000e+00,3.819618548177683426e-01,6.344957972128184576e-01,4.176854705741008811e-01,6.199082763250270967e-01,3.684778726601829479e-01,3.924086466719624022e-01,1.995084641106967815e-01,6.789067668098855979e-01,6.070796305923078506e-01,4.912427668453341889e-01,5.605316573223471099e-01,6.261099893251882431e-01,4.123476398357178163e-01,2.782262358937588331e-01,4.118946334031287626e-01,5.814752761446797535e-01,7.455329343223064953e-01,2.752611499890881275e-01,4.233426402563639779e-01,4.764381987783988803e-01,4.611066718863149339e-02,2.635633390471655568e-01,3.598605149260224456e-01,7.960856372707578177e-02,4.097100362402861240e-01,1.999874228817582200e-01,4.588611494650006173e-01,4.999262287177140551e-02,1.251392165773911047e-01,2.300167456965003243e-01,3.655888852245914866e-01,5.862008162084790808e-01,2.799231403725929157e-01,1.079158895323797523e-01,2.993041098201383310e-01,4.883587212002291622e-01,8.200967041183511164e-01,3.717171499240678467e-01,7.012889884608421998e-01,3.802033971739698925e-01,4.310335935082040271e-01,6.061392357361461425e-01,8.063230427264423961e-01,3.763702045133919261e-01,9.026335956937980853e-01,5.150788905443135501e-01,5.199247299330449490e-01,3.155139952476845311e-01,2.712517620897517134e-01,1.352017851141766314e-01,3.936171262072005184e-01,2.577745981340691106e-01,6.765605116259983953e-01,4.795100784659529491e-01,3.741862530701007827e-01,5.146519052828051333e-01,6.591894727992138048e-01,5.046884224995084045e-01,1.968331584507803100e-01,5.411978487609032662e-01,4.220058625262726459e-01,5.661627954001495766e-01,1.324686049756397532e-01,4.831696653822522003e-01,1.259795218306045128e-01
7.437658710699421305e-02,5.936765835843152983e-01,1.993293964282404074e-01,2.315716738860411072e-01,3.377740988129057653e-01,2.143514953197192263e-01,5.012376548981050117e-01,5.592731561318647904e-01,3.233080548037623458e-01,7.128176153306104990e-01,3.819618548177683426e-01,0.000000000000000000e+00,4.384838270634997537e-01,2.671591104579503773e-01,1.941174261956069569e-01,4.323654054200106178e-01,5.852393596579730239e-01,1.463318103215895949e-01,4.233974028564199132e-01,4.778317561263326629e-01,4.908112713833231444e-01,4.650229526388586776e-01,4.690248651428572946e-01,7.492702297449223003e-01,5.005531633992088558e-01,4.463205547255398309e-01,2.447797329958936452e-01,4.738081450100567471e-01,2.268144257274275211e-01,2.329415681478825551e-01,4.142324385934293973e-01,2.213702105734005610e-02,3.713164686744318543e-01,1.560073875095125129e-01,2.680685482529991948e-01,9.875983300361609873e-02,2.939210282656975481e-01,5.820305483580535955e-02,4.458365125084858271e-01,1.664125310140218694e-01,4.248863716194215545e-01,3.747980730534191673e-01,1.810984383344544923e-01,4.684795154322114463e-01,5.731592517593057101e-01,1.403301530883293569e-01,4.532402863811008653e-01,4.337536211978700873e-01,7.022703120133859667e-01,5.321562827565629039e-01,4.550754176936724349e-01,6.773381712106225638e-01,4.185943932024943082e-01,2.300818038659533937e-01,6.183384061199728166e-01,4.713992594808320558e-01,8.637352244277038960e-01,6.693763483141594861e-01,3.409361718690972487e-01,3.749963974569333058e-01,4.721435964545246666e-02,5.181703184608819068e-01,6.574476901220842329e-02,4.182581097822344884e-01,4.741458878212032046e-01,3.366848328519965738e-01,4.306483500643379370e-01,4.645823257539665740e-01,6.621368915170113834e-01,3.568772185649528028e-01,3.820315880560814503e-01,4.862568184853017228e-01,4.228964156854763123e-01,1.671341413129774356e-01,3.142419906770142074e-03,2.902217279579373810e-01
4.190277736360804584e-01,4.973372015120207656e-01,5.892476070716192726e-01,1.905897333064197063e-01,6.913853989990716986e-01,6.361460181085254462e-01,6.843785327126460372e-01,5.532491291297952918e-01,7.268671765071146318e-01,4.965434068914689747e-01,6.344957972128184576e-01,4.384838270634997537e-01,0.000000000000000000e+00,3.811100849816718150e-01,4.426027883796787021e-01,7.085353986869484810e-01,6.823230853135614504e-01,5.067200255871033843e-01,5.168204688294796290e-01,5.296887745672573811e-01,6.262266658522905871e-01,5.530927117628525735e-01,5.201528371058641298e-01,5.280321124057656412e-01,4.465638937200447356e-01,5.759484319423979759e-01,5.374621040419025331e-01,7.832430624563423427e-01,4.319982159490513562e-01,3.940475504912476223e-01,6.089123294464915404e-01,6.791108448003234377e-02,3.717788477829315208e-01,5.618389933309330120e-01,1.155866223199754211e-01,3.687141357891394744e-01,3.951403661827387892e-01,4.883640133567758168e-01,2.423242414716705873e-02,1.954075066264766014e-01,6.689404554598744890e-02,2.827898919832174118e-01,4.886670676291621218e-01,2.999577364641772270e-01,2.000475053294967220e-01,1.785139420545928668e-01,4.646537697285515467e-01,5.854869832019438114e-01,4.032443869910465883e-01,7.147508097521790837e-01,4.829665591194832741e-01,4.954193522028288443e-01,5.404260103958216099e-01,6.475905411190516769e-01,4.755260986965996195e-01,6.888748375960016546e-01,5.491925402178983173e-01,7.692146045491042861e-01,2.552290308910337702e-01,3.010775453445756478e-01,2.068590364861185860e-01,5.569382297932141679e-01,4.344754363512643991e-01,5.014289715294598659e-01,4.185452270535016117e-01,4.897146921849157009e-01,4.445262058913609926e-01,5.347908870162196848e-01,5.408732695561763171e-01,2.991986365608716447e-01,5.414603481820523534e-01,3.244821869797771541e-01,5.924312063800396544e-01,2.377523408241991043e-01,4.678634844951286564e-01,2.309784581157736105e-01
3.083700273684727988e-01,2.840553745301020450e-01,4.305367743243049272e-01,1.724311397768154286e-01,4.735327965451178178e-01,3.728166788190467873e-01,1.948853512317356429e-01,3.938678829041674101e-01,4.026433650605278358e-01,8.194717258395768644e-02,4.176854705741008811e-01,2.671591104579503773e-01,3.811100849816718150e-01,0.000000000000000000e+00,4.173419567644728323e-01,3.391614464177332700e-01,1.750267501563051720e-01,3.216810887156155707e-01,2.927819132577356709e-01,3.432267679351285183e-01,3.046913605195299413e-01,3.867356687214286159e-01,4.415448233008595347e-01,4.652641970699943341e-01,1.919342698205852293e-01,4.199375432529132146e-01,4.159854828197966370e-01,4.342213930491939378e-01,2.766587751038986909e-01,1.550444365747361553e-01,2.565552940745809973e-01,3.173240722125550417e-02,3.466706695215763245e-01,2.923080980871946566e-01,7.379079611505769132e-02,4.025089170234309455e-01,1.110239271065340816e-01,3.381937737282910694e-01,3.620888342365474744e-02,1.524755464831062113e-01,6.872447809985507416e-02,1.198777348088481132e-01,4.309037993690982282e-01,1.560456747492203755e-01,3.227811026229660679e-02,2.177034615244468618e-01,3.750456090686595245e-01,3.531072299525411795e-01,1.213974735128895005e-01,3.292842477501306542e-01,2.853827060969874596e-01,3.551626853862881183e-02,4.324659250300847413e-01,3.268771039849948101e-01,1.596878972573878563e-01,4.199455706442142278e-01,3.848055836859861634e-01,3.114646190461752839e-01,4.357654531363280848e-01,1.839003975600403129e-01,1.960605331752007241e-01,3.195039640465384134e-01,4.146530042777659131e-01,2.899793284710250885e-01,1.724943688177670853e-01,2.115029538585767033e-01,2.976428528068115753e-01,4.435524674414216273e-01,4.672905405852182392e-01,2.961134956925662309e-01,5.294377884843947113e-01,2.367511580604591825e-01,2.661782710763863635e-01,5.267039477186945262e-02,3.056197224518641398e-01,7.297335170388069558e-02
7.817001289188362234e-01,5.657358876349685151e-01,7.102207012844983236e-01,1.469304578646807302e-01,5.957481834089265460e-01,6.104362037556049225e-01,3.363651529378779426e-01,5.585090462446617998e-01,6.516018724866313727e-01,3.304445952532893971e-01,6.199082763250270967e-01,1.941174261956069569e-01,4.426027883796787021e-01,4.173419567644728323e-01,0.000000000000000000e+00,4.981877443175387610e-01,3.705034306680010103e-01,3.708501848517467003e-01,5.104905428939925383e-01,8.033321143372803563e-01,7.765024111863263467e-01,8.770946655901702416e-01,6.202660529994450389e-01,3.644048432046527175e-01,4.918511560613060274e-01,5.244593628939927532e-01,8.002303616377912654e-01,6.395582306948455198e-01,6.102258356206149426e-01,2.583994629714836400e-01,6.925605153730339802e-01,5.225912305475306774e-02,5.496739569254747160e-01,5.852290756069855604e-01,2.202770871395272612e-01,1.988810920829779394e-01,1.063288503533826035e-01,5.211271474686161032e-01,1.972128215046450861e-01,3.258579430964110846e-01,1.664758528248891922e-01,4.618486013487729247e-01,4.370666255120191357e-01,2.428528373799797024e-01,6.283005009016885689e-02,4.463005036303790973e-01,6.739495530439454374e-01,6.292244178498503926e-01,1.525464375468094658e-01,5.728713528711315561e-01,5.056048458318083139e-01,2.783928808870383964e-01,7.244612393960803143e-01,6.983029147944748161e-01,3.192920839205998784e-01,6.745513705542436345e-01,3.179292034721897808e-01,4.360485314991930927e-01,3.572191613913979769e-01,4.644633925983104317e-01,4.953730119032682122e-01,3.788017565629145933e-01,4.612857037655935244e-01,5.752376434009485173e-01,6.158134321023369662e-01,6.970171108759712908e-01,7.143746708295440895e-01,7.179673963893824506e-01,5.880562251830355747e-01,4.135318781291251189e-01,6.159793463892808685e-01,5.898124095868672034e-01,4.736005898076023346e-01,3.456179004648459174e-01,4.285474512553307802e-01,1.631814686364526368e-01
6.152970122068451841e-01,7.414693317130011119e-01,4.169948619849890847e-01,8.279475636794444982e-02,4.584761324196829357e-01,5.933653934618328130e-01,6.313944778872886410e-01,2.603092918376209153e-01,5.869732548444401843e-01,6.467873007989083378e-01,3.684778726601829479e-01,4.323654054200106178e-01,7.085353986869484810e-01,3.391614464177332700e-01,4.981877443175387610e-01,0.000000000000000000e+00,8.733114600944098527e-01,7.762172092995655026e-01,4.679747946919046719e-01,6.243600547441521265e-01,6.500442543271434115e-01,7.099123803456737214e-01,3.167985252320635325e-01,5.321020500684302545e-01,7.419914908280487165e-01,6.555701232400354961e-01,5.406109381782278067e-01,6.378620248519568658e-01,4.864335099248687233e-01,3.152890842631790314e-01,7.244644663581092381e-01,1.555139365187357403e-01,6.157570473865389138e-01,4.974779468013885708e-01,5.472269206907595662e-02,9.091642133056263009e-02,2.883521582143784290e-01,4.529112226051399404e-01,4.067591070655295765e-02,3.794001887916449434e-01,3.713935254741557723e-01,5.592805041787631687e-02,3.244059946780193382e-01,4.184527969359287947e-01,3.535605440603479810e-01,4.107822380578225463e-01,5.643122580744877048e-01,4.953330010380596615e-01,3.980049509555684262e-01,4.392698886221614307e-01,5.150373933491634304e-01,4.447464154344907827e-01,3.399605877438953150e-01,5.097064162321507386e-01,5.938080497931167434e-01,5.139678448342478445e-01,4.609158657688864902e-01,6.863209760142322535e-01,2.393377966061773221e-01,5.075550766807750414e-01,4.227144394210944900e-01,6.454292401021957115e-01,6.472831599950072956e-01,4.372855903725386684e-01,4.810456474099672475e-01,5.771525567240756160e-01,5.478780148020541141e-01,3.954528013276886744e-01,6.044038582367203816e-01,5.880526130300258725e-01,6.397832627625923418e-01,3.829118044573676660e-01,5.682563572690673137e-01,4.511143147711846324e-01,2.371819781693169371e-01,4.445142281300732967e-01
3.745604516907867776e-01,6.525677988642826222e-01,2.518368272247778483e-01,1.824319212187290318e-01,3.561140539355661661e-01,3.169077125721157517e-01,7.573442031650410300e-01,2.651435942466747742e-01,4.473523741900160555e-01,7.841078412060498160e-01,3.924086466719624022e-01,5.852393596579730239e-01,6.823230853135614504e-01,1.750267501563051720e-01,3.705034306680010103e-01,8.733114600944098527e-01,0.000000000000000000e+00,5.437424799835544054e-01,4.184526185245045493e-01,5.628870733524632408e-01,6.527858715661534195e-01,5.924878464629854680e-01,2.140751382546999537e-01,5.367910462714542419e-01,6.347432133795716247e-01,4.853580000680529638e-01,2.833663296237692863e-01,6.526434823389073436e-01,1.999441012539445450e-01,3.672450869479741975e-01,7.400681261933546029e-01,1.295420936512514665e-01,4.465395950682558013e-01,3.143001156048942368e-01,2.518758122568417468e-01,6.542118586918276024e-02,4.438025728265583281e-01,2.378082279574031399e-01,1.655255048892659009e-01,2.707842703187102185e-01,4.385700351906562933e-01,1.295278511991053150e-01,3.970861563392233951e-01,6.278944673228850082e-01,5.185050314927849291e-01,2.028375582747531103e-01,4.861634912413963505e-01,4.219156137504299631e-01,6.575526657760281113e-01,5.695791763949487052e-01,4.961454637509808974e-01,7.921882386743543947e-01,2.784444984718632554e-01,4.073971399500091461e-01,6.545908734122867223e-01,5.299215202778888578e-01,5.774174280310270246e-01,8.106145664194008837e-01,2.939694819584218743e-01,4.290975069729735525e-01,2.909606570360507294e-01,6.743204521907090188e-01,4.566487463976700578e-01,4.525469572295433007e-01,4.916076317484240343e-01,4.897081816131017007e-01,4.640706267960328368e-01,3.003400614388319623e-01,5.736824590503045718e-01,4.771099224176362230e-01,4.948013506544970963e-01,3.839890856905503469e-01,6.903999017578954511e-01,4.356439438951811294e-01,1.421314172499110740e-01,5.141754881476532368e-01
3.259168254266943121e-01,6.051082554710922601e-01,2.696618529505120376e-01,1.399318427957796096e-01,3.073442846235026060e-01,5.171097605107997097e-01,5.089745592262620022e-01,4.626428626156875445e-02,3.621085287155842991e-01,3.009016910480383222e-01,1.995084641106967815e-01,1.463318103215895949e-01,5.067200255871033843e-01,3.216810887156155707e-01,3.708501848517467003e-01,7.762172092995655026e-01,5.437424799835544054e-01,0.000000000000000000e+00,2.727384829856592252e-01,5.035598900454818505e-01,4.099770392037961342e-01,6.332909197563065806e-01,6.096684100477789414e-02,2.951276042595732396e-01,6.639107249334110783e-01,5.231806025723714226e-01,4.193497359589091755e-01,2.913467232370826610e-01,5.157354882673358398e-01,1.248944737405493360e-01,4.618407485064329743e-01,2.620800029031457035e-01,5.937631698327544560e-01,3.085146819101969307e-01,1.673325431001801977e-01,1.847156831634819141e-01,2.939253391085191458e-01,3.195432018924129758e-01,1.963823358382763007e-01,4.089857446911457917e-01,3.415781804457787563e-01,7.498816463895652262e-02,3.677036976327765494e-01,3.895627603036098119e-01,2.253776416043106468e-01,2.551534498489871350e-01,4.821304577454069151e-01,2.570410528313208931e-01,2.748757962600199001e-01,2.934311589656566355e-01,5.007290846923837524e-01,2.833689997359598589e-01,1.450770444419081651e-01,3.597000322813939110e-01,3.181641852693988248e-01,3.340049190218786213e-01,1.678178032078585791e-01,5.039148338393683035e-01,1.772908646035110114e-01,3.260967350330619130e-01,3.976697466065802211e-01,3.315034385891197921e-01,7.106717848926883407e-01,2.938232740941182364e-01,3.076865721557024425e-01,3.654425175980066109e-01,3.993362511715941032e-01,1.476594655844636894e-01,3.790099496443810612e-01,5.086629945725913426e-01,5.398601795162414341e-01,2.901344882971527150e-01,4.096530738764699864e-01,4.762837594715215728e-01,1.221537019673390179e-01,3.233268202793847523e-01
3.162408713124701953e-01,5.052504922357669015e-01,8.129825109126277427e-01,7.911468897736625983e-02,5.728647179682682111e-01,3.286252827324795400e-01,2.953294995026805592e-01,5.379022924531267069e-01,6.510775350566424535e-01,3.718345923283059573e-01,6.789067668098855979e-01,4.233974028564199132e-01,5.168204688294796290e-01,2.927819132577356709e-01,5.104905428939925383e-01,4.679747946919046719e-01,4.184526185245045493e-01,2.727384829856592252e-01,0.000000000000000000e+00,6.982223357573347222e-01,4.326052685880154014e-01,6.783550863387894925e-01,5.699477329259517999e-01,4.437975247023649983e-01,4.582117882483359161e-01,4.050766769631571895e-01,5.545297767592951566e-01,6.295267429022324279e-01,1.854779927580107735e-01,5.414332593385227099e-01,5.707442551496895167e-01,1.227957991431055662e-02,2.507907025034370463e-01,3.377908085606275423e-01,8.068830845055909029e-02,3.145311777849346679e-01,8.042777509840537409e-02,2.556010840077527768e-01,1.886124304539638086e-01,2.729692354356694772e-01,1.147933037125384581e-01,1.421371016233059781e-01,3.499156125055677968e-01,3.837243248596914347e-01,2.570318340246354749e-01,1.790396726995958088e-01,5.628612977719602561e-01,8.265497716427281372e-01,4.362767458180285551e-01,6.218401832250779471e-01,4.207164525711374337e-01,4.908324134722285570e-01,5.457352665040247075e-01,6.299821065833020040e-01,4.624066544322320005e-01,8.552025199095172336e-01,5.134536643031452074e-01,5.965628722211753221e-01,3.174860707997479992e-01,5.136481060974006363e-01,3.503340305680108235e-01,5.152134519670729107e-01,3.554554627692962931e-01,9.436213666543996625e-01,6.536031095798698898e-01,4.038356447123920279e-01,7.201174964057176497e-01,6.712363457606147499e-01,5.123926202028451504e-01,4.391287357936071722e-01,6.037580008432834600e-01,5.263064464878222104e-01,6.114674965494686365e-01,2.820865309668375565e-01,4.807452820446523889e-01,3.071596570109034197e-01
5.692205018596643296e-01,7.447780206243814760e-01,7.475016533720202361e-01,1.125829047838363822e-01,6.482497271648143267e-01,5.930882292370112108e-01,5.007123813654336120e-01,5.536903674288699007e-01,7.851764229795317185e-01,5.607038903088753523e-01,6.070796305923078506e-01,4.778317561263326629e-01,5.296887745672573811e-01,3.432267679351285183e-01,8.033321143372803563e-01,6.243600547441521265e-01,5.628870733524632408e-01,5.035598900454818505e-01,6.982223357573347222e-01,0.000000000000000000e+00,7.880969230629029099e-01,9.801610127366714442e-01,7.129054268934517102e-01,5.400672463008966417e-01,7.622824309382816299e-01,4.728393446699901692e-01,8.617019682347583087e-01,6.600417263296107784e-01,4.226421696098708880e-01,2.750475940034394218e-01,7.215784663535838028e-01,1.541146530109742674e-01,5.013980532876417540e-01,5.399910117630731810e-01,6.965837705697795756e-02,9.770917340687719499e-02,8.842582611180105356e-02,3.790107644432419987e-01,1.544802502189266402e-01,4.150927631728710820e-01,8.342839511809432840e-02,1.890769339396415061e-01,3.209802437036285427e-01,3.261387865272231679e-01,3.220553259407440416e-01,2.726567201326964285e-01,8.888779315636687883e-01,7.992392741905041120e-01,5.566175329346177980e-01,7.642642112597878290e-01,7.261281306258304813e-01,6.731767036692779538e-01,6.227316106951783503e-01,8.329919654661844808e-01,6.312431162888165748e-01,7.924808603580113520e-01,5.853005075252835088e-01,6.965192085066183036e-01,4.123396774025022693e-01,7.049722774876415743e-01,6.137417265427554947e-01,6.524790566582144846e-01,5.042511461010881213e-01,7.198977563564212812e-01,9.283236251429602959e-01,7.490382294078767877e-01,9.770098546780899840e-01,8.109751691215126845e-01,7.227024104677020055e-01,7.109397735089872938e-01,7.335827658473723645e-01,8.441374021828206287e-01,6.523002528278714074e-01,6.177243945455352936e-01,3.436454599539111032e-01,3.050243905801969801e-01
7.694072965987472923e-01,7.188425080234880360e-01,4.766364489523476355e-01,5.758432202040505293e-02,5.829400154212859286e-01,6.716790637107664663e-01,5.975375759961011335e-01,6.046441662965802433e-01,5.717924684022057669e-01,7.231941998357633850e-01,4.912427668453341889e-01,4.908112713833231444e-01,6.262266658522905871e-01,3.046913605195299413e-01,7.765024111863263467e-01,6.500442543271434115e-01,6.527858715661534195e-01,4.099770392037961342e-01,4.326052685880154014e-01,7.880969230629029099e-01,0.000000000000000000e+00,7.859505579007199927e-01,6.153999698630558957e-01,5.967863308119155663e-01,6.486124921299637469e-01,5.383442986670254893e-01,6.966501652397609767e-01,6.951591398368339725e-01,5.687874951229567877e-01,2.663869400976681678e-01,7.706209414237714661e-01,2.320069668350418779e-01,5.548173119635880779e-01,6.059047607708889505e-01,1.672670609113865725e-01,3.800418700639739134e-02,1.001496946733836102e-01,4.726559459930530505e-01,2.592826946545714328e-01,3.936277313917354026e-01,4.688282945564747894e-02,2.267940901811667243e-01,2.828440763694741178e-01,2.432538018700033111e-01,2.322986380926148064e-01,4.527684923868906530e-01,6.093635101509164986e-01,5.992501383184970498e-01,3.851869640708331932e-01,5.365063435315430285e-01,4.345224081523729742e-01,4.331758566895481666e-01,6.639534960263029362e-01,5.540811335775612800e-01,5.846666526176966805e-01,5.998618557385460015e-01,5.361368845312598497e-01,4.529629004201676246e-01,2.592757376464466246e-01,6.031547212736625418e-01,3.201653658860246221e-01,5.880530090611358895e-01,2.992860145440894293e-01,4.710308389599019430e-01,6.706785433421258436e-01,8.238573690050577936e-01,6.526828772992853134e-01,6.690339408267720334e-01,7.752586354356388876e-01,4.556565345355634844e-01,5.710782074398211838e-01,5.249512506645115373e-01,5.516715406178092085e-01,4.271784510555017844e-01,3.939761042913477174e-01,2.854813499683497291e-01
