0.000000000000000000e+00,4.593093403440879352e-01,8.393375801290328675e-02,1.943904509141589632e-01,1.777015172762771433e-01,3.366477526692901456e-01,4.793991305325340235e-02,8.533734719922372869e-02,2.030008721517449211e-01,5.049278863832593611e-01,1.015354853430458504e-02,9.756271291557423730e-02,1.275956529071400336e-01,5.336641362154123103e-01,5.963702002996427165e-01,7.378466464183630613e-01,2.751530921903016513e-01,5.270512742122921424e-01,1.408701231221996530e-01,6.637597482656003578e-01,6.770308963290293525e-01,5.808432665178648868e-01,2.254004529960837999e-01,4.710012785461689111e-01,6.509752047974750599e-01,6.454276349181553574e-01,6.278329986862112300e-01,4.960764086156170816e-01,7.396957924009963659e-01,8.464741332914313410e-02,5.711499665219574862e-01,3.001304335699783721e-02,8.583406456005049368e-02,1.560488034502352517e-01,2.121977737744307202e-02,3.063400246891306855e-01,2.826387167920688670e-01,3.031792140933745605e-01,1.564910026277353261e-01,1.966911353401536444e-01,1.461663382453933235e-01,2.818319758051783808e-01,5.700105867105408758e-02,4.529381825614542390e-01,2.685856737660787807e-01,8.379161636751659703e-01,5.178457865693656403e-01,3.025232363244619860e-01,2.706020781224031668e-01,2.913540878575486825e-01,5.875130832400744796e-02,7.819644380542649376e-02,2.009034252413784416e-01,3.327036757869592520e-01,5.170073553070075878e-02,3.372368758415688061e-01,1.957722327502412485e-01,8.433298044871392896e-02,4.804814104837646926e-01,6.533892647339536452e-01,5.259948208913758361e-01,3.057470827950988790e-01,4.494175754688954361e-01,1.679022709450901651e-01,4.681853681026326153e-01,7.073256299326853291e-01,6.846797103864005196e-01,3.927567349827878473e-01,5.085872397416966173e-01,7.143573297453861271e-01,6.394738138425837271e-01,4.277654918311073473e-01,7.621417392139256952e-03,4.962851564149689532e-01,1.145824763499276033e-01,2.637743853507818481e-01
4.593093403440879352e-01,0.000000000000000000e+00,1.637784112814643367e-01,3.958086206959266634e-02,3.714257090452052212e-01,6.200052295923578205e-01,1.318548485809173665e-01,1.799779785237315410e-02,1.915535055458572333e-01,3.236792990748750265e-01,1.922909913554897154e-01,1.255492154372546687e-01,3.669958102254384236e-01,3.946126055039118063e-01,3.587436291814344869e-01,4.632034979798055341e-01,2.660577337551121579e-01,5.641307426649850854e-01,2.139963453269312366e-01,3.706860028139182806e-01,4.009673794651625878e-01,2.852712457274316771e-01,3.466230528696256918e-01,3.477943321675710520e-01,6.637497881634647490e-01,7.307348219993134997e-01,4.582566769804296558e-01,3.203978042485865485e-01,5.185307413162401069e-01,1.677718129355653398e-01,2.172504804704067649e-01,2.010414349153630958e-02,5.614437590780413379e-02,2.225116505037428305e-01,1.099800791812473033e-01,3.578517099937292834e-01,8.151542369297991308e-02,2.103955701330669226e-01,7.330099371045603607e-02,1.279456285928401160e-01,1.100528640376658013e-01,4.423000950076625415e-01,4.122258102607349872e-02,2.128856243721127528e-01,2.315164852813440255e-01,3.331117049914145700e-01,5.719770258044754030e-01,2.718796996827312906e-01,2.602244541274944534e-01,5.024425163257932869e-01,4.128367541914323979e-01,1.312843372329101088e-01,8.218941900423892832e-02,2.223345954881315589e-01,4.013395701708755148e-02,2.225753778284891848e-02,1.689983850328412585e-01,2.808145353005466194e-01,4.510920525387249747e-01,4.521558438108825850e-01,3.804605299472602620e-01,4.350301265221674929e-01,5.856929925431211270e-01,2.787818958906993494e-01,4.587708087833528015e-01,3.227809327371495285e-01,5.598183349682847032e-01,3.118219450743396348e-01,3.290440288424980597e-01,5.652386083147641349e-01,5.159775796147274551e-01,3.259833769745335563e-01,2.351899355058330310e-01,3.797674450731645668e-01,1.808273261734175685e-01,2.077325462615578211e-01
8.393375801290328675e-02,1.637784112814643367e-01,0.000000000000000000e+00,6.410213313342778552e-01,6.881232600616749018e-01,6.376821043991773852e-01,6.899333615493291605e-01,1.675694901757434074e-01,6.459818278318508744e-01,1.003742721465115950e-01,8.088642420721370296e-02,2.198331044430002768e-01,2.347766911579232674e-01,3.501694418181911517e-01,1.476496999631859985e-01,1.600233511357704308e-01,1.862779784250033210e-01,3.154949064743398646e-01,6.100325517828005806e-01,1.287651112634413675e-01,1.116997008412483061e-01,3.306833828992411517e-01,6.746472446007260038e-01,4.377540195416591007e-01,5.259154726686842141e-01,1.702511357601242115e-01,2.471483344517809710e-01,2.296210266792104715e-01,2.056462127636340953e-02,3.263504256216903654e-01,3.630833367427542258e-01,1.615734035055195750e-01,3.599167429282033592e-01,6.331084054716591414e-01,4.850489837147541339e-01,1.619206026977745294e-01,2.420600232109196837e-01,2.443874105238543482e-01,8.979303885673194097e-02,1.239058244898050276e-01,1.515019999253906235e-01,3.679749414405220076e-01,2.486373901157807043e-01,1.887145266128643084e-01,1.374725293143072846e-01,9.475279844214204439e-02,2.486344729538317866e-01,6.028755619444555736e-01,3.737340483290446658e-01,4.591286415936455256e-01,7.313388051729220463e-01,2.828926116806526614e-01,1.515147519236645923e-01,4.835333725109978720e-01,1.516859460234279422e-01,1.090317648171033049e-01,2.628218362247940476e-01,3.256350292586907003e-01,2.241382834456472350e-01,1.508722054168619431e-01,6.985035462091636338e-02,3.143790509989169979e-01,1.726495369483709852e-01,4.240088664372185234e-01,3.475913326036825235e-01,3.684619558285565089e-02,1.151307750322682621e-01,4.747345302804151790e-01,4.666146221240784486e-01,2.026622067343492872e-01,6.132416176496380267e-02,3.606115220172257385e-01,6.975025400188170632e-01,3.570721199318682149e-01,3.975193365696009229e-01,3.280112580017378043e-01
1.943904509141589632e-01,3.958086206959266634e-02,6.410213313342778552e-01,0.000000000000000000e+00,6.756373568237493688e-01,5.239093571589971132e-01,7.781941600843416129e-01,1.816355593718403938e-01,3.139520312375190803e-01,1.606269795967533442e-01,3.654534466761228395e-01,9.593397282078711119e-02,3.501865189432797898e-01,6.467599087661782264e-02,5.015992240810256408e-01,3.892610256165437987e-01,3.499506012395848381e-02,5.720646236602972695e-02,3.020205184461837722e-01,4.706676412533473686e-01,2.728936365898325112e-01,6.072337513605644554e-01,3.869239858104153718e-01,2.174958486056103313e-01,2.039102297043505208e-01,1.672492938465950096e-01,1.126690291180301728e-02,1.617691247897888041e-01,1.735112789065114403e-01,4.664395181170545301e-01,6.635196608209934510e-01,3.756655568049404453e-02,1.773095349324010084e-01,4.693041755497144862e-01,6.509129753454366840e-01,9.291639362924897227e-02,1.166210091882716182e-01,5.971094258706872299e-02,1.968534643070382062e-01,5.130970523503622926e-01,4.432816136597531598e-01,9.020814817507423478e-02,2.955757536488010651e-01,4.758024876917112400e-01,7.111660463704974622e-02,1.616265343749506145e-01,5.572008790192966021e-01,2.313387340403804115e-01,3.239405260220800664e-01,3.383583973137787027e-01,6.629038723797932020e-01,3.588026739699261558e-01,4.081673979329893953e-01,4.958325779474241635e-02,5.437065950283696131e-02,5.415658809901490178e-01,7.635270298960493418e-02,3.217833221458269444e-01,2.827689569996627572e-02,1.209053172690317951e-01,7.147536746502161642e-03,1.163097670047442966e-01,5.969255794974311080e-02,1.920909595473192510e-01,1.525340916227696242e-01,2.631952613955274023e-01,2.250147051135021337e-01,6.652052041650236003e-02,2.974849977955537073e-01,3.066928138749652755e-02,2.466593349220194409e-01,1.328107027189747436e-01,7.413444440273562197e-01,2.425456418050548069e-01,5.089560137572941567e-01,5.114616458381238129e-01
1.777015172762771433e-01,3.714257090452052212e-01,6.881232600616749018e-01,6.756373568237493688e-01,0.000000000000000000e+00,8.951452361172965722e-01,7.496973629721362942e-01,2.092306715032294651e-01,4.364108518043968710e-01,1.500093157334753680e-01,4.791061556678635203e-01,2.339098772388606973e-01,1.599762105060117956e-01,3.626100055226550434e-01,6.902144364304921287e-02,4.379567862821683033e-02,2.322835918511325093e-01,4.114470741634318474e-01,4.222539328521743851e-01,3.445808620319401605e-03,6.108507209427113671e-02,2.695825487827208100e-01,5.309097538682081563e-01,4.355730173388924764e-01,5.586644209110831483e-01,1.851448087132966935e-01,3.192343582734438190e-01,2.172107775623601800e-01,2.413648602702518908e-01,2.212814113524779747e-01,2.360982730032807342e-01,8.341889534801777417e-03,2.008827700805057015e-01,5.197050198322672454e-01,6.274718929971236925e-01,1.630251124205951141e-01,3.745261670104416685e-01,6.167078487275642895e-02,9.321667046765558240e-02,3.525543914456725769e-01,2.875399750021772616e-01,3.828353538564873149e-01,1.018743160392306113e-01,2.165767906225766759e-01,1.244517149400538314e-02,1.804661597541630802e-01,1.585059834615425711e-01,3.328840642154806129e-01,3.633894200332321023e-01,5.685279179682275474e-01,8.618047900550527274e-01,3.498711934904533694e-01,2.227680887778732965e-01,2.956937288717060852e-01,2.147662756730610856e-01,4.304016190817900878e-01,2.345118525970268097e-01,3.817120153403090743e-01,4.036847496135329005e-01,3.886505835461964153e-01,1.626655303524909002e-01,3.642765315012530536e-01,3.805893542625849446e-01,3.663575846825646853e-01,5.878231225649780400e-01,1.043993445272298481e-01,1.938040185479953936e-01,3.120239937465572044e-01,5.319608094601524506e-01,2.591829553319202617e-01,6.838155400051335042e-02,4.483431770542937178e-01,7.324478463201147260e-01,5.612723866507133286e-01,5.665679572913897566e-01,4.504372984078579556e-01
3.366477526692901456e-01,6.200052295923578205e-01,6.376821043991773852e-01,5.239093571589971132e-01,8.951452361172965722e-01,0.000000000000000000e+00,6.846089408443547519e-01,2.120513257587611777e-01,4.829181659582709174e-01,2.265940932550268294e-01,3.737142782525239570e-01,2.898604041454869717e-01,4.321627860231908036e-02,6.462875089704355203e-01,8.306115032698607736e-02,2.328429455585392382e-01,2.257537597937594454e-01,6.301131987463567397e-01,4.452261675473823122e-01,1.667467634885499983e-01,2.331750233101631820e-01,6.946291523737185836e-02,5.640471096371274529e-01,4.051905933166238261e-01,8.162918060816167776e-01,4.598333963744766772e-01,5.123066162228449016e-01,4.594714151126283452e-01,4.378104623531446915e-01,3.085775698648984822e-01,6.151099040013564834e-02,2.280800826341630172e-01,2.759260620723913426e-01,6.263442495365075802e-01,4.312416882967319842e-01,2.782897561167803624e-01,4.031418395352632800e-01,2.040537923548560173e-01,8.717936844584098233e-02,2.486361531680245096e-02,8.964003376903753595e-02,4.633637360164961638e-01,1.404689662167799002e-01,1.113190682193107572e-04,1.243375093610239041e-01,2.321650914622875872e-01,3.022505829320254467e-02,4.448599065952969500e-01,4.825402707160289517e-01,7.767671424496090937e-01,7.601373083487060756e-01,4.705259548789963997e-01,1.185826189728659830e-01,3.254642530356351426e-01,3.763171187594295530e-02,2.397786633242796339e-01,3.360568394402574932e-01,2.973010200774343637e-01,5.319120653305338120e-01,4.493523295976566412e-01,1.608466090159804684e-01,3.087891054329666707e-01,4.057502243540225817e-01,3.714890769280652649e-01,6.070633156907114802e-01,2.453161603112817835e-01,3.949179478584271541e-01,4.096787378904843679e-01,4.846439584669768874e-01,4.095997615628683697e-01,1.727860329800803285e-01,5.361241739581064092e-01,5.678203115192012040e-01,5.546951085396447656e-01,3.500751588895419375e-01,3.225159827701236104e-01
4.793991305325340235e-02,1.318548485809173665e-01,6.899333615493291605e-01,7.781941600843416129e-01,7.496973629721362942e-01,6.846089408443547519e-01,0.000000000000000000e+00,1.188181323163440550e-01,3.373231746766477412e-01,1.063200227483462879e-01,4.105504095372530249e-01,1.396702936710221277e-01,3.491060653922620216e-01,7.510243884567716077e-02,2.857167818455780273e-01,3.603607360148939898e-01,3.436966411424380308e-02,8.058432175221846849e-02,2.951920009675331191e-01,2.405496022883281404e-01,2.292792342759641111e-01,4.398950369791931325e-01,5.408102158991376918e-01,2.413375721739601798e-01,2.512113042072682267e-01,6.606683419823933257e-02,8.356757952184468152e-02,4.193175712146512968e-02,9.449184342442074058e-02,3.329014535869327940e-01,5.299394696877784972e-01,1.028648294909250693e-01,1.962654505924203430e-01,4.659257207784621713e-01,6.423595257965269978e-01,1.120512500281196089e-01,1.741915538299716459e-01,1.573224189256087757e-01,4.114584625257127620e-02,4.119593848144023074e-01,3.888426201541962390e-01,2.556121369123796061e-01,2.044204948233516173e-01,3.342925745250578951e-01,1.271398384107951252e-01,1.443631274710348300e-02,3.957247336364867474e-01,2.323450229318592408e-01,3.306704869385736489e-01,3.848742298679281304e-01,7.871298150042993491e-01,3.989668836989231360e-01,2.666942422171516003e-01,1.587141448297967883e-01,1.547604940537878893e-01,5.635912804587159819e-01,4.840486747158692649e-02,2.345817713944038096e-01,1.224728527076414386e-01,8.731123003664559290e-02,6.964764678596080394e-03,1.980897277834119952e-01,1.674970119278373359e-01,1.804820768115290297e-01,3.965808730265669713e-01,1.375983101542641862e-01,4.044822171782264109e-02,2.028039033355865939e-01,4.366767496095219081e-01,6.016704571737338525e-02,9.017518408801211693e-02,2.900278095203923656e-01,7.719897608438897052e-01,3.384531679716385466e-01,4.389295071222018008e-01,4.217035818801948555e-01
8.533734719922372869e-02,1.799779785237315410e-02,1.675694901757434074e-01,1.816355593718403938e-01,2.092306715032294651e-01,2.120513257587611777e-01,1.188181323163440550e-01,0.000000000000000000e+00,2.395891831953243511e-01,1.512958139997599150e-01,2.857363176165965690e-01,1.172351014362070232e-01,9.039748525060387063e-02,1.683009178173966724e-01,9.018764840502652147e-03,1.043221215053198869e-01,1.124094302276114343e-01,2.172391423150407119e-01,1.268192922395525168e-01,1.518099476018335836e-01,8.802833854718455919e-02,9.099777030611302941e-02,1.666612403423062272e-01,1.096408568555468088e-02,2.352194300838408303e-01,8.366938406801766037e-02,2.805321362477782299e-01,2.039798322492933080e-01,2.766513370443703934e-01,7.550510336958249358e-02,8.340328958950191107e-02,7.662702133559073925e-02,2.098629693689006426e-01,1.896726696185307703e-01,2.011696051309430078e-01,7.739419503442701576e-02,1.591618826726600711e-01,1.646830675429212798e-01,5.434449699740070971e-02,4.889350431929732899e-02,4.787714074282138632e-02,3.527876019020306786e-02,1.898893695653255942e-02,1.418723955743385334e-01,1.391718670908732025e-01,2.028771083916255380e-01,5.838689844843544807e-02,1.421234615098234677e-01,7.358314689796296992e-02,8.741930098121047932e-04,2.084253857642426322e-01,1.464853515050242028e-02,4.830094893396372768e-01,2.025454782868030823e-01,2.271456631573716689e-01,2.051208593307165817e-01,1.349910143316335187e-02,8.893984337297622389e-02,1.350278183884859040e-01,2.296106019611219018e-01,3.687145245539112937e-01,7.281524904959940647e-02,9.803950647277558106e-02,7.451466732265310533e-02,3.465481491466332331e-01,5.405844573381776708e-02,2.122360212453970330e-01,4.972094970766705035e-02,3.214508506384106123e-02,2.650386733346320467e-01,3.760416457348308983e-02,3.527879393017339660e-01,3.169931099765685434e-01,4.649098724131913163e-01,1.941570385586339487e-01,4.030965907538077153e-01
2.030008721517449211e-01,1.915535055458572333e-01,6.459818278318508744e-01,3.139520312375190803e-01,4.364108518043968710e-01,4.829181659582709174e-01,3.373231746766477412e-01,2.395891831953243511e-01,0.000000000000000000e+00,3.911306668861307401e-01,8.713248261835548902e-02,4.848415834833778026e-01,9.123738615211152148e-03,5.802175944471760216e-01,1.857682598869099810e-01,2.415077863536524427e-01,4.833398309697660156e-01,5.280955768866966160e-01,6.185378350384960200e-01,2.804821146631831796e-01,8.933118122405817041e-02,6.467511469376141520e-02,2.546156186118888054e-01,4.826235997518795728e-01,5.543603320017781444e-01,3.359542009892960701e-01,4.537997830331094162e-01,5.615822639009322437e-01,2.819304002339171333e-01,2.359827039067585730e-02,8.594331990119807863e-02,4.855574142326595233e-01,2.698786632744328839e-01,4.302655874052090934e-01,1.293645184799561698e-01,2.609522932705860554e-01,4.408190378555973954e-01,3.494918077934611178e-01,4.207304603791499620e-01,2.410185719876745958e-01,2.151113223888849180e-01,2.660798301374547314e-01,1.360025898524279131e-01,1.649946509579776344e-02,2.343466369597675403e-01,2.134248201500587305e-01,5.499352601614621028e-02,6.208645401889992810e-01,1.506417671379768064e-01,2.145230275275159526e-01,3.321297874270758288e-01,7.891631518684710800e-02,6.098625039679561599e-03,7.894452536376808105e-01,1.942197913204599113e-01,2.374836291372216523e-01,5.556697714227921692e-01,7.631149051869529076e-02,4.036700094388023796e-01,3.628537763082160250e-01,3.086629261880496911e-03,2.871552966806847351e-01,2.736876541954713637e-01,4.617536297367219045e-01,4.772160989183523716e-01,1.214522110204266092e-01,3.500454300237541561e-01,2.802000829330433262e-01,3.968254756072722711e-01,2.626939338102736166e-01,1.280571041020408807e-01,4.778071216361909901e-01,4.694548903509588311e-01,2.933278605939270145e-01,1.569110320420841198e-01,1.900077010071519190e-01
5.049278863832593611e-01,3.236792990748750265e-01,1.003742721465115950e-01,1.606269795967533442e-01,1.500093157334753680e-01,2.265940932550268294e-01,1.063200227483462879e-01,1.512958139997599150e-01,3.911306668861307401e-01,0.000000000000000000e+00,5.423306140787739760e-02,3.730905075398717186e-01,1.047045252678278637e-01,5.036741538151042752e-01,4.881871054824516998e-01,5.079263368991876471e-01,6.262405281625955666e-01,4.717862353772196427e-01,2.916144662711442903e-01,4.952150038761435891e-01,3.981600567738572960e-01,3.881585148989879497e-01,2.747331087026377849e-02,5.175082075376488122e-01,5.366938809499348650e-01,5.855375688102087972e-01,3.925002783152173880e-01,5.011336802360476517e-01,5.160015939779331040e-01,1.822024048826442755e-01,5.908173785218868712e-01,1.925679769503516048e-01,1.524374242529888956e-01,6.587163199555015614e-02,1.194515678119310864e-01,2.724691479811438000e-01,4.495887349268359867e-01,3.726050977973737188e-01,3.059466699388971866e-01,2.754537700567772918e-01,4.337076869207971974e-01,2.888487215150825071e-01,7.740284942456296391e-02,1.541714813720827248e-01,3.426110566913671551e-01,4.895741036745376307e-01,3.842788663233763780e-01,2.860527869888569441e-01,2.804725540424041555e-02,3.926420030635688341e-02,3.423932356411503453e-02,2.754994817861882161e-01,1.970398070898177201e-01,5.319207129359320163e-01,5.526746843242406060e-01,4.496154557864394663e-01,5.006248884776792751e-01,4.031287943322200973e-02,3.642811799638777659e-01,5.185291346084723862e-01,2.913319582341458158e-01,4.400532989200302558e-01,3.399356211675308437e-01,3.510048342444063163e-01,3.448177720709224015e-01,3.715152950188249092e-01,4.726646211378730533e-01,2.180371063107369167e-01,3.858784328310840284e-01,5.291735267293693479e-01,4.773535522637937234e-01,3.805150638940960617e-01,1.605006333789210649e-02,3.332269986965997743e-01,1.638017693119078050e-03,1.270986866298857154e-01
1.015354853430458504e-02,1.922909913554897154e-01,8.088642420721370296e-02,3.654534466761228395e-01,4.791061556678635203e-01,3.737142782525239570e-01,4.105504095372530249e-01,2.857363176165965690e-01,8.713248261835548902e-02,5.423306140787739760e-02,0.000000000000000000e+00,6.460110403900376497e-02,1.539132055957508072e-01,4.814909980497147912e-02,2.518769815554194325e-01,7.290245844901982464e-02,9.004191802280926693e-02,1.181324732819979129e-01,1.949738625402748227e-01,1.397044468374017134e-01,1.093213752469512356e-01,2.121638709931846778e-01,7.553972942667908086e-03,2.669904923866209950e-02,1.599587964526907879e-01,1.353214169250552268e-02,1.518881036545438601e-02,6.452706597115720477e-03,4.639103081652634630e-03,1.711394829464378819e-01,1.754891907897564440e-01,8.389799364297431672e-02,1.160514395607090410e-01,1.079486733943379878e-01,3.105011160888490052e-01,1.165236338917105541e-02,1.440608335572986232e-01,1.283736035645263451e-01,1.454536454542887935e-01,2.504115826636373887e-01,3.853677637864895700e-01,1.070462272577094032e-03,7.705182976835370234e-02,1.986437556608556532e-01,3.402331113288091513e-02,2.521929684897150636e-02,2.179111374468808426e-01,1.930342288830387831e-01,1.431210185522313605e-01,2.820240600958152655e-01,2.648357175175839462e-01,2.793142259594386112e-01,3.701374904207970218e-01,1.556558904920095077e-01,9.787649781148605177e-02,6.494736115399983856e-01,9.397436074309262199e-03,9.346206328496103888e-02,1.684003244102712515e-01,1.232118604654980909e-01,1.052346152489665315e-01,1.712783330888797972e-03,1.163235387770151646e-01,1.394766469581043555e-01,1.839073098833340081e-01,9.997431605302464774e-02,2.063647979097626983e-02,1.445742454545123623e-01,1.398518847139003096e-01,4.906850466644206710e-02,9.478260682914010915e-02,5.213676674277883949e-02,3.378806811992610681e-01,1.732461925675049808e-01,2.381791341324872302e-01,3.074130918578256710e-01
9.756271291557423730e-02,1.255492154372546687e-01,2.198331044430002768e-01,9.593397282078711119e-02,2.339098772388606973e-01,2.898604041454869717e-01,1.396702936710221277e-01,1.172351014362070232e-01,4.848415834833778026e-01,3.730905075398717186e-01,6.460110403900376497e-02,0.000000000000000000e+00,3.443263183293854279e-02,4.823126006755149575e-01,1.930229469135433806e-01,1.028452516493694596e-01,4.474274617653742903e-01,3.240906714342158268e-01,2.034975319961590812e-01,2.361121038156707985e-01,4.705220065457640932e-02,8.312780978331546500e-03,5.148041893690530335e-02,5.439397722795555890e-01,2.257240728987261469e-01,4.589633096577256932e-01,1.982773078432786273e-01,4.389602982985695845e-01,5.554921498785621303e-03,9.769633471776242861e-02,1.484064262788000188e-01,4.555280821943104574e-01,1.902844482572818574e-01,4.243787039553467699e-02,1.567179207044615274e-01,6.589742106708718072e-02,5.015852690083163479e-01,3.787756462755882958e-01,4.326354653179892984e-01,2.093958368326320207e-01,3.375251072812228137e-01,2.511426799925748909e-01,1.578120098544889272e-01,8.247810253807094649e-02,2.536710944449656613e-01,1.062917008525869206e-01,1.299450960626464258e-01,1.364501558388437341e-01,9.030221354513959242e-02,2.383823384411877799e-01,5.577272172599825883e-02,1.294116266854724306e-01,3.252828748829604821e-01,4.583493191823007629e-01,1.227284208923306863e-01,1.972280759393777450e-01,8.651847409645024856e-01,1.137360990456254828e-01,3.776087076431502432e-01,3.037507724681097199e-01,3.953907247139512027e-01,2.229424300969957418e-01,1.403433457108248239e-01,2.412679051509347694e-01,1.841905245154328852e-01,7.347480727973304537e-02,1.125753549893698663e-01,1.577515191178952003e-02,3.963045476943198309e-01,7.332345919161175653e-03,1.826053438412733043e-01,8.478393198083393478e-02,1.038605135024000536e-01,2.012709197983701404e-01,7.638753875703994944e-02,3.412102104097030075e-01
1.275956529071400336e-01,3.669958102254384236e-01,2.347766911579232674e-01,3.501865189432797898e-01,1.599762105060117956e-01,4.321627860231908036e-02,3.491060653922620216e-01,9.039748525060387063e-02,9.123738615211152148e-03,1.047045252678278637e-01,1.539132055957508072e-01,3.443263183293854279e-02,0.000000000000000000e+00,1.654997370150120828e-01,1.889221930616335199e-01,3.613860608592789903e-01,1.643009797892103219e-02,2.398456067019387183e-01,2.456252111514994896e-02,1.941264999238812294e-01,2.918051098355275430e-01,2.543839146347707802e-01,2.451930321958811776e-02,9.661940960739545670e-02,9.869416713839918032e-02,2.982356143324957909e-01,2.680267985879494774e-02,3.205096011924569721e-01,3.249388034905441591e-01,7.726229302751308481e-02,2.177047943196412372e-01,1.460324389920449051e-02,1.061376456237019678e-01,7.559605704156424633e-03,2.508502232058542614e-01,1.256692568673626331e-01,3.191737888116663591e-03,6.900904280924877177e-02,4.748521884541381799e-02,2.897887404145274570e-01,1.033969209462698297e-01,8.235950794402467634e-02,1.187972680667180592e-01,2.312680414004052998e-01,5.696820826054945636e-02,4.702701946134717204e-02,2.084497881505746053e-01,1.051028716614960112e-02,8.925973644736129309e-04,1.423476878872542706e-02,1.639017444688370684e-01,9.422883224928441104e-02,1.491235734022181014e-01,1.926535060473921757e-02,7.778956252528818061e-02,1.992304781689578919e-01,5.101041207645357067e-02,3.411996522176396485e-01,1.388453846542591075e-01,9.256306835961958246e-02,7.696592036066349229e-02,1.700682985086517385e-01,3.093659071396079874e-01,8.323843194898378206e-02,5.818190441563331206e-02,2.373598815811675533e-01,2.590782544623773664e-01,8.148347950238260529e-02,2.127975332867207692e-01,1.214627740698227543e-01,2.017029177232460557e-01,1.289635010296303896e-01,1.131173851565388522e-01,6.826951243209325448e-04,8.139414793673033222e-02,2.844022669414986854e-02
5.336641362154123103e-01,3.946126055039118063e-01,3.501694418181911517e-01,6.467599087661782264e-02,3.626100055226550434e-01,6.462875089704355203e-01,7.510243884567716077e-02,1.683009178173966724e-01,5.802175944471760216e-01,5.036741538151042752e-01,4.814909980497147912e-02,4.823126006755149575e-01,1.654997370150120828e-01,0.000000000000000000e+00,5.093790858856436232e-01,5.792049967088281903e-01,3.868293625320083917e-01,6.619915323106494442e-01,4.777067523962843509e-01,6.308981725283476782e-01,4.683321712707773088e-01,3.833212338233454863e-01,2.413123230625023041e-01,6.330930429424331818e-01,6.858225512122785306e-01,6.006350866062400984e-01,6.790460791902425131e-01,6.580914954517814719e-01,6.690565320167274344e-01,6.086272928560716722e-02,4.307026602833957662e-01,2.889892891836179367e-01,4.370109946353600144e-02,4.188069250144055289e-01,1.309039683020494782e-01,1.635717052221428436e-01,5.118419656631553183e-01,1.707914735873926337e-01,3.143372190330995797e-01,3.235059260891948174e-01,4.617065103418865890e-01,5.036755977948820240e-01,5.507997354985347260e-02,3.216269196725854429e-01,9.614756068624473462e-02,5.226052777975386254e-01,3.816928774027268378e-01,5.069215768827670665e-01,2.056836471309606562e-01,4.471452755399928369e-01,3.588554830191321154e-01,5.303942995827611029e-02,2.334965340584285731e-01,6.870067759712018551e-01,2.551374527449029594e-02,2.996528752116366379e-01,5.972559168201312385e-01,8.149364960301311300e-02,7.143944720493873302e-01,6.682871766890736698e-01,1.639538543448614549e-01,3.001955766973304907e-01,4.262723163167430607e-01,5.262792107822483745e-01,6.838737264290033480e-01,4.491653454863829276e-01,5.832765292517412270e-01,3.868361629468605178e-01,5.959564779565641457e-01,3.955826621610498139e-01,4.203329643796240300e-01,5.738974540390029411e-01,2.380695334781867678e-01,5.606578733581504270e-01,1.391284310768836074e-01,1.017622337905574464e-01
5.963702002996427165e-01,3.587436291814344869e-01,1.476496999631859985e-01,5.015992240810256408e-01,6.902144364304921287e-02,8.306115032698607736e-02,2.857167818455780273e-01,9.018764840502652147e-03,1.857682598869099810e-01,4.881871054824516998e-01,2.518769815554194325e-01,1.930229469135433806e-01,1.889221930616335199e-01,5.093790858856436232e-01,0.000000000000000000e+00,5.813070354663290029e-01,2.147903027919412788e-01,3.707651467879780061e-01,1.047172053480716625e-01,8.008054727734066347e-01,6.392346492734809482e-01,8.084708630925644401e-01,5.041282187894358113e-02,2.745743358566708481e-01,4.336543154495879349e-01,4.960250152559192438e-01,5.728409119773892888e-01,5.024597738693037385e-01,6.431745437265559140e-01,2.397377582513690597e-01,6.532738954467576242e-01,2.115757600865092458e-02,1.745333971129609252e-01,5.599918458302976382e-02,2.337263629956272681e-01,2.033485974604525293e-01,2.045765634984653691e-01,1.378716421225634203e-01,9.308776637780299956e-02,3.081317187273480696e-01,3.802631322108416811e-01,1.946188548969752796e-01,1.299498154961338525e-01,4.311105883630525493e-01,1.485890706275959650e-01,5.793670943478734792e-01,6.841175640916093981e-01,3.024644258459874280e-01,1.229303461516381701e-01,9.026216850383786405e-02,6.675994059444517736e-02,2.709526285472735885e-01,3.719911854434146403e-01,3.874123933528912933e-01,1.434695231299600304e-01,5.931383108295223971e-01,2.825914232190583353e-01,8.181698719370464334e-02,4.155262259767740773e-01,7.159480147386507731e-01,3.894273916122160673e-01,1.905321690333742768e-01,3.277182638255388136e-01,2.846186994297493222e-01,4.945358942352572340e-01,6.863127960553133677e-01,7.772488664218007992e-01,3.940972929064173180e-01,3.250760628601291891e-01,5.015752902973932281e-01,5.586757109503761587e-01,5.944943036673614456e-01,1.447669738043501075e-01,4.736551659153280802e-01,1.338096569443527617e-01,6.551977766044259077e-02
7.378466464183630613e-01,4.632034979798055341e-01,1.600233511357704308e-01,3.892610256165437987e-01,4.379567862821683033e-02,2.328429455585392382e-01,3.603607360148939898e-01,1.043221215053198869e-01,2.415077863536524427e-01,5.079263368991876471e-01,7.290245844901982464e-02,1.028452516493694596e-01,3.613860608592789903e-01,5.792049967088281903e-01,5.813070354663290029e-01,0.000000000000000000e+00,4.095808740526709069e-01,6.829380456459372972e-01,1.858163805684726055e-01,7.211868923727347003e-01,5.753635139703943135e-01,6.851769323014209601e-01,8.353432041467198643e-03,3.551053167469767069e-01,5.461333604869704761e-01,6.134109639341747133e-01,5.541223253158145123e-01,5.966223064107321061e-01,7.504868397121656765e-01,1.737264386998194354e-01,8.034349666603416429e-01,2.140681179508032439e-01,1.592684687155047352e-01,7.344465584013559756e-02,2.137851191436673792e-01,3.396416306155279896e-01,2.609434661643338926e-01,3.519751858282164081e-01,3.218887920515631218e-01,4.032785692323805904e-01,3.150453086722687090e-01,1.991424349630212254e-01,1.634970278508264818e-01,4.603895331837172256e-01,2.792712864832351261e-01,7.011060837720326511e-01,5.278852085117820003e-01,2.722619085908104530e-01,2.037196252824672316e-01,2.219568337555311022e-01,1.042137482383314051e-01,5.199939318653698517e-02,2.386851385071760978e-01,4.031566042460232313e-01,5.994815951922563557e-02,4.330164543674902555e-01,1.989337060827709724e-01,1.963784791271520336e-01,4.756568276933335060e-01,5.095474192970357308e-01,4.189286289206700653e-01,2.321145147396487807e-01,5.252541896716490522e-01,1.445900746789913482e-01,3.265132889629613344e-01,6.421309921696064515e-01,6.039186801357179224e-01,2.347621673566405998e-01,3.656326102672223799e-01,6.222226597800197823e-01,5.420238674686435054e-01,3.905298174865171612e-01,2.178283290480099721e-01,3.591203331404015375e-01,2.704536239532072672e-01,1.620921439828232336e-02
2.751530921903016513e-01,2.660577337551121579e-01,1.862779784250033210e-01,3.499506012395848381e-02,2.322835918511325093e-01,2.257537597937594454e-01,3.436966411424380308e-02,1.124094302276114343e-01,4.833398309697660156e-01,6.262405281625955666e-01,9.004191802280926693e-02,4.474274617653742903e-01,1.643009797892103219e-02,3.868293625320083917e-01,2.147903027919412788e-01,4.095808740526709069e-01,0.000000000000000000e+00,5.311856630376579069e-01,2.324570045750971592e-01,3.247318476572744195e-01,9.533985380641130103e-02,1.600596405589271853e-01,1.038752734584613147e-01,4.900325189243583401e-01,4.142948220789352543e-01,5.099130277975960635e-01,2.202407668356954062e-01,3.836352525053006723e-01,2.280938611694122709e-01,1.615564127988484699e-01,3.875206279518483843e-01,3.765031472246602173e-01,1.345357780817228732e-01,1.109049870978162100e-01,1.439782713232222178e-01,3.750270847575072342e-01,3.235088167580244534e-01,4.222843862603113396e-01,3.551895057123676813e-01,1.249131104534732251e-01,2.706271976511147592e-01,1.981656420215810455e-01,5.621472377931835407e-02,3.115783692436971397e-02,2.767768342178166807e-01,3.574150825301319889e-01,2.187374501513538461e-01,1.519927028443866235e-01,1.886788491505203003e-01,1.919426550978237112e-03,6.562651411994918638e-02,2.321480018854558403e-01,8.583716622469100832e-02,5.538134737957827181e-01,4.236170719114673022e-01,2.270224492170811181e-01,4.455676413641651568e-01,9.251313469656358146e-02,2.718243920067411890e-01,3.121858887521241632e-01,7.125991381527996271e-02,3.860995057852653067e-01,3.867868264493523611e-01,1.906751339580204374e-01,2.823049917405926479e-01,6.281945244932408967e-02,2.542950688510513535e-01,1.118345865505479542e-02,3.353196369244900721e-01,3.691359931205568934e-01,3.381542881674345913e-01,2.445649139384456494e-01,1.615307096154435518e-01,1.254274838522489444e-01,4.988058668590475420e-02,6.167952544583626961e-02
5.270512742122921424e-01,5.641307426649850854e-01,3.154949064743398646e-01,5.720646236602972695e-02,4.114470741634318474e-01,6.301131987463567397e-01,8.058432175221846849e-02,2.172391423150407119e-01,5.280955768866966160e-01,4.717862353772196427e-01,1.181324732819979129e-01,3.240906714342158268e-01,2.398456067019387183e-01,6.619915323106494442e-01,3.707651467879780061e-01,6.829380456459372972e-01,5.311856630376579069e-01,0.000000000000000000e+00,4.052040669754950475e-01,6.193804826136783959e-01,4.026066902479774057e-01,3.744826217642057697e-01,1.998509023227997561e-01,5.357938338969632230e-01,7.901137876727287734e-01,6.312789379519985200e-01,5.896006303067089505e-01,6.133381132635433719e-01,6.788170071914776393e-01,7.837350725500366599e-02,4.140557618029711562e-01,2.294054648660378004e-01,1.093421742459102508e-02,3.206223699146928396e-01,1.848923807861989066e-01,2.091183306644554540e-01,4.622853877037340631e-01,3.249230177197364733e-01,2.642232544179369258e-01,2.428947204915923586e-01,2.435323473957413942e-01,3.573502547576226096e-01,1.355076255938605923e-01,2.497211896628517003e-01,3.208974191998089642e-01,5.247451968415201007e-01,2.991596080511893518e-01,3.660898123482446698e-01,2.951988521386947895e-01,5.401121849077693549e-01,3.690325984539168380e-01,2.303847507493412272e-01,8.007353459506780236e-02,5.833604805110071956e-01,2.819642769045924147e-02,1.536639395895910976e-01,4.283907876610911769e-01,4.998676121662154470e-02,5.697156401731734432e-01,5.464077230898868320e-01,3.078164212075689132e-01,3.836197307576909576e-01,6.992643691053566091e-01,2.710902193609461275e-01,5.327272036184764747e-01,4.440216999152274968e-01,5.561749435737523006e-01,2.334150795458634353e-01,5.712014611306799328e-01,6.082263107247003475e-01,4.470515882348188863e-01,5.070002589030442319e-01,2.487887397387434363e-01,4.805458915188853264e-01,1.797709353963192203e-02,1.023874253668754508e-01
1.408701231221996530e-01,2.139963453269312366e-01,6.100325517828005806e-01,3.020205184461837722e-01,4.222539328521743851e-01,4.452261675473823122e-01,2.951920009675331191e-01,1.268192922395525168e-01,6.185378350384960200e-01,2.916144662711442903e-01,1.949738625402748227e-01,2.034975319961590812e-01,2.456252111514994896e-02,4.777067523962843509e-01,1.047172053480716625e-01,1.858163805684726055e-01,2.324570045750971592e-01,4.052040669754950475e-01,0.000000000000000000e+00,9.841252280383194773e-02,9.177094879001415628e-02,4.139453017321514938e-02,3.911413644322848659e-01,4.553943187689063476e-01,5.176859064523089415e-01,2.671991765086978443e-01,2.392791225662479482e-01,2.923982311418687474e-01,1.771845162107603955e-01,1.193442588711894903e-01,1.326920226525882263e-02,1.361302104064647800e-01,1.410909469850155640e-01,4.634840402013880589e-01,2.319413185735579586e-01,2.248921147679260601e-01,2.369597804889619630e-01,2.307879498870962220e-01,1.381836773573877908e-01,2.347131367242369371e-02,6.179979025789483077e-02,2.862066759635472080e-01,1.796113443591448866e-02,1.087333054470658589e-02,1.581601323774581846e-01,1.486558660383998642e-01,3.639034595592513521e-02,6.974692102673709648e-01,3.468400691379469047e-01,3.544375456345620345e-01,4.993673349010540052e-01,7.641603366617627513e-02,3.308839624712395233e-02,5.547150081587128856e-01,1.367817728347363870e-01,2.075737638378972738e-01,3.005739163089632404e-01,3.118902957782791474e-01,2.884204004505304675e-01,1.893283493793967986e-01,2.247608616658884617e-02,4.191579529046485786e-01,3.294877223080474593e-01,6.549409293143129140e-01,3.321675854581662146e-01,1.075202906654694479e-01,2.267811436889305421e-01,3.966850469980157112e-01,4.117927776310481014e-01,2.784901743270554730e-01,1.843204360619881965e-01,3.803353978797687218e-01,4.202257506557500744e-01,3.444218378824661642e-01,2.258868932059013013e-01,1.735539603301020084e-01
6.637597482656003578e-01,3.706860028139182806e-01,1.287651112634413675e-01,4.706676412533473686e-01,3.445808620319401605e-03,1.667467634885499983e-01,2.405496022883281404e-01,1.518099476018335836e-01,2.804821146631831796e-01,4.952150038761435891e-01,1.397044468374017134e-01,2.361121038156707985e-01,1.941264999238812294e-01,6.308981725283476782e-01,8.008054727734066347e-01,7.211868923727347003e-01,3.247318476572744195e-01,6.193804826136783959e-01,9.841252280383194773e-02,0.000000000000000000e+00,6.060112199167955183e-01,9.304117873539800021e-01,8.992406289216881010e-03,2.732779445446077982e-01,5.806886997869722400e-01,5.674549691034371790e-01,6.675325117112637097e-01,6.859682304235796835e-01,7.490409468076879573e-01,1.869892738930512555e-01,6.838110925204506918e-01,2.308242988272121710e-01,8.599826894174189551e-02,7.443504417124627293e-02,2.405508189351665549e-01,2.418514059874743716e-01,2.645646679513293797e-01,2.501565049297382881e-01,2.697846981357966412e-01,4.621894512244950071e-01,4.542620792159908771e-01,2.223871510504669413e-01,3.467821960924935554e-02,4.267540492412456032e-01,2.096659800490738856e-01,6.637208296541901031e-01,6.712485506407708247e-01,2.521403267495953560e-01,1.911267965310145533e-01,1.520806247324330285e-01,7.247542247049543196e-02,9.541069817394479124e-02,3.091644866060545560e-01,4.321768767276316092e-01,7.970718443599453251e-02,4.579780640356641563e-01,3.643149334008491946e-01,2.033013269313306282e-01,4.641223957315907533e-01,6.811820166707249768e-01,4.793902371262910855e-01,1.084745760175039597e-01,4.781893757054139216e-01,1.412181320869055345e-01,6.447788496831453608e-01,7.020042475550938299e-01,8.943039881802433699e-01,3.207852449871035905e-01,3.628339046451680705e-01,6.402447681650796918e-01,5.882107444332616009e-01,6.395484748875713832e-01,1.002244662917143869e-01,5.263806125333511110e-01,2.418424483414348125e-01,3.417149082092479917e-02
6.770308963290293525e-01,4.009673794651625878e-01,1.116997008412483061e-01,2.728936365898325112e-01,6.108507209427113671e-02,2.331750233101631820e-01,2.292792342759641111e-01,8.802833854718455919e-02,8.933118122405817041e-02,3.981600567738572960e-01,1.093213752469512356e-01,4.705220065457640932e-02,2.918051098355275430e-01,4.683321712707773088e-01,6.392346492734809482e-01,5.753635139703943135e-01,9.533985380641130103e-02,4.026066902479774057e-01,9.177094879001415628e-02,6.060112199167955183e-01,0.000000000000000000e+00,5.733887804884905126e-01,6.387159263307512491e-02,2.002226628208889359e-01,4.918638696990464965e-01,4.650386713057594323e-01,4.613306353424317385e-01,3.885300229171828601e-01,6.628133481196041288e-01,8.440766818050374209e-02,4.901644154306126766e-01,6.067773525006200236e-03,5.222284270058694111e-02,1.191269712052037688e-01,3.410628697638899004e-02,1.954721071515755360e-01,1.417817724889718356e-01,1.339174773065748003e-01,7.232834887559269621e-02,2.479896495205821949e-01,1.841395174397356393e-01,1.433984813574820660e-01,2.171683292591587155e-01,4.374858445012172470e-01,2.102025071333818718e-01,5.304797260643150381e-01,4.165933621943612164e-01,2.292158319448015236e-01,2.075066677993598618e-01,2.563502847800969153e-01,2.956185927217155895e-02,1.977710918472477819e-02,3.335585608162873195e-01,2.113631555456439159e-01,6.902141354553037456e-02,3.712807494972701350e-01,5.289246623470231223e-02,8.305492378118070618e-02,3.991687367369735062e-01,5.692048129495197450e-01,3.776241158463549685e-01,1.490427940337639978e-01,2.274045952389678327e-01,2.080832852865788507e-01,3.763139662049809764e-01,7.549024448436761903e-01,6.141509304983122641e-01,3.404619226251999198e-01,2.571780093272190149e-01,4.774812816660639614e-01,4.195639121173351249e-01,3.607529634378520700e-01,1.765260400493212090e-01,4.410455760954959392e-01,8.051512997958505669e-02,1.187326095176681473e-01
