0.000000000000000000e+00,5.724029952866998006e-01,3.844537595210323344e-01,7.152705315192137148e-02,4.604698798160103967e-01,2.957579375604325600e-01,4.636377725813444206e-01,3.365407945241214449e-01,2.496982909576334064e-01,6.098470134672184795e-01,2.622878692837203873e-01,2.854593603826026116e-01,4.407575582056252883e-01,3.216947378458447915e-01,6.969569169616536275e-01,6.307030911617599322e-01,5.060203794868357585e-01,1.900278601908800824e-01,3.589838418195574476e-01,6.684216457095075725e-01,8.192752497175798121e-01,7.161343456104151128e-01,3.959585239300685289e-01,3.574007191778892367e-01,4.344880940720293183e-01,5.550168893134544978e-01,4.908104943013968935e-01,4.136956939123863641e-01,7.144948131290063120e-01,3.081819157908121665e-01,5.673673217316036466e-01,5.205508995355037083e-01,5.112906451734946511e-01,5.983416453761432052e-01,2.493835237625143808e-01,1.541884806170765732e-01,1.035014607987227164e-01,2.639877865848873073e-01,5.303939334264047289e-01,3.671009950473066441e-01,5.347838119231616005e-01,2.201333881016724059e-01,2.196615800684093289e-01,1.798629203977985258e-01,3.068157954477020444e-01,8.423663086963050217e-01,3.087298640873148425e-01,4.426506295345025155e-01,4.571655377588922098e-02,3.295238488759530959e-01,2.798533868672696268e-01,4.653504472582833951e-01,2.981467178161074649e-01,3.336575532421558465e-01,4.485358955957755023e-01,2.859954585822229722e-01,1.562710421536012695e-01,4.587775192396189583e-01,6.379747932860688198e-02,6.761247706710598049e-01,6.453557372628602185e-01,3.852289496203845642e-01,2.858726829677806225e-01,3.548906164811420072e-01,6.948084799950248192e-01,7.612238729064607634e-01,7.165844795307241277e-01,3.399494573817264387e-01,2.818414199418343147e-01,3.767316676226125649e-01,4.341212090442992388e-01,3.648389161357973309e-01,4.857755484242786137e-01,6.897861205545043894e-01,2.525450655991376969e-01,6.753751278901556354e-01
5.724029952866998006e-01,0.000000000000000000e+00,3.934468839215762292e-01,2.469365457729179036e-01,3.871563316117953013e-01,7.972728528998634934e-01,5.551441682622051399e-01,5.938088671764120141e-01,4.344049571783713537e-01,7.210647035507562475e-01,3.260690728825389462e-01,4.861879090882760268e-01,6.233433543652995290e-01,5.395402720214137471e-01,4.651276765709185801e-01,6.573581201006458707e-01,6.717013153783943924e-01,6.038253386350701524e-01,3.709110928941053986e-01,5.962439283911784571e-01,6.147693485541190217e-01,6.614793830581381373e-01,6.061191386426001415e-01,4.323173064737812488e-01,7.824145094413714752e-01,8.297654746742867404e-01,6.305752933657153836e-01,5.235354550430915133e-01,7.997409972825237912e-01,2.102945404660117035e-01,5.358371403616986051e-01,4.546775805383224123e-01,5.527820661743454433e-01,3.765686787261071089e-01,2.084852306450892812e-01,2.700907452403783493e-03,5.344211247766306877e-02,1.588558143258491651e-01,4.100337082173218239e-01,5.907473301963011014e-01,4.619473688483178853e-01,1.130031307619555059e-01,2.646973180206537712e-01,1.917447145456690205e-01,3.329465989888771293e-01,4.582793560343248473e-01,7.532207128773084071e-01,4.162834652093292398e-01,1.857121043175982700e-01,1.196642368714399829e-01,6.874410680657897510e-01,5.804247094198823342e-01,5.015304383580523329e-01,3.718115905249596009e-01,4.930098583484470165e-01,2.826102919203724584e-01,8.843034228277019126e-02,6.303933910085832704e-01,1.096915898569275905e-01,2.238939749675751267e-01,7.518937120404503016e-01,5.233937892619873189e-01,4.026502190057598130e-01,2.806722906559941944e-01,4.698214536476999492e-01,5.034981066571444508e-01,5.477773923631024111e-01,4.392310254000384440e-01,3.636253788987869329e-01,6.446171784847349873e-01,6.921112055511585703e-01,4.215822580804394759e-01,3.443239920981764346e-01,5.836250042430783935e-01,1.103253800763005638e-01,5.849055792096019557e-01
3.844537595210323344e-01,3.934468839215762292e-01,0.000000000000000000e+00,5.354915673743874949e-02,7.866078362795969614e-01,5.298849541618618764e-01,5.832650086499225894e-01,6.599136432023263721e-01,8.423592781759119408e-01,4.857534887925432088e-01,9.102383310467463406e-01,4.249188658230921289e-01,4.411457401234377129e-01,3.704739271041556647e-01,7.582090327229320526e-01,2.462619548476728815e-01,3.616743379102951295e-01,1.970466343839696599e-01,8.946397596546235009e-01,7.584713916800883693e-01,5.815772752560863790e-01,7.534308862206037238e-01,7.824562552962645023e-01,1.960374717170446646e-01,2.201542418118756228e-01,3.831406774928446390e-01,6.910991834597688399e-01,6.397908680900887823e-01,4.208001711519286370e-01,5.875468089821814788e-01,5.771878781452761675e-01,3.853453548294971664e-01,2.241446279316529344e-01,2.190127016077524635e-01,8.181922942358746398e-02,2.599146726311162836e-01,1.557244149759784424e-01,3.890189102669650012e-01,2.091124519480544730e-01,2.948090064388312476e-02,4.267918080483768667e-02,2.030449016817634234e-02,3.963326545922790656e-01,2.235808572014819084e-01,3.276784572565443199e-01,4.549633647925401814e-01,5.481845678976737801e-01,1.000000000000000000e+00,8.411229891700137962e-02,7.804526363441230963e-01,5.456988653017578184e-01,7.338607134626478068e-01,6.483525265157399353e-01,7.481345449416265669e-01,5.997017130492900971e-01,9.306149840766175796e-01,1.491338429085152795e-01,5.642576193407393692e-01,1.783509162797347891e-01,5.085311305846216268e-01,2.891980397010147641e-01,3.972053173598364961e-01,2.215945032776749368e-01,7.998145522288163667e-01,6.101039964058048160e-01,5.995090912568079577e-01,7.138257244440449067e-01,7.639783848715289150e-01,9.568729355392546765e-02,2.395200274173583388e-01,5.025309795817993752e-01,6.659210822969240384e-01,5.744210620732741468e-01,3.887926650409106455e-01,2.337967894867807872e-01,2.716929823740915628e-01
7.152705315192137148e-02,2.469365457729179036e-01,5.354915673743874949e-02,0.000000000000000000e+00,9.607060863352279156e-03,9.451914566452455924e-02,2.616707718355282264e-02,4.433078919549959807e-02,2.107082152320008395e-01,7.937911764567720518e-02,3.840766587767873580e-02,4.990108794405367920e-02,3.557706748205477498e-02,2.306936165709089215e-02,8.698048368071129022e-02,6.598927275415711335e-02,2.213243472034441273e-01,3.456293556281326840e-01,1.430547771463676621e-01,6.347459907396126033e-02,6.960465557290967942e-02,9.601945071414999533e-03,1.121488221214682057e-01,2.226702811002346794e-01,3.389516777849984619e-01,2.123994736195286837e-01,1.345306092402903109e-01,3.712603957970184165e-02,8.913584827450125869e-02,1.912159991826044014e-01,1.323875523465469217e-01,8.764580415178593875e-02,2.720213984252925488e-02,4.361256999803362344e-01,4.419851069482549910e-02,3.041535272470463624e-01,2.223475371507631637e-01,1.402647429789062317e-01,1.269870570710429636e-02,4.366646696294779195e-02,1.024354372870323188e-01,1.369768507637210697e-01,1.111297875474260011e-01,9.597879229901218334e-02,1.211841944412884176e-01,9.198346510258832709e-02,9.168812245277076223e-02,4.010013004718166602e-02,2.404509990051833523e-01,1.213179077525646798e-01,1.822650722197338008e-02,4.498683854620386113e-02,5.145059541630214728e-02,5.299449536000112870e-02,3.762577818589902395e-02,5.793574190293324794e-02,1.955592049438643065e-01,1.599279974918688674e-01,4.273263223496917007e-01,7.966083863232040208e-03,9.656425072941815513e-03,1.622809229056492997e-01,8.135967754484005332e-02,8.527585051572045272e-02,5.079653390644704725e-02,9.994131901262015560e-02,2.126483538464717105e-02,1.256920577903547775e-01,3.169873868879699574e-02,1.786103250743251158e-01,2.641051666900108563e-02,1.369860042363609254e-01,2.053583516455737834e-01,6.044437937453572829e-04,1.349962274653315752e-01,2.601234074703270838e-01
4.604698798160103967e-01,3.871563316117953013e-01,7.866078362795969614e-01,9.607060863352279156e-03,0.000000000000000000e+00,4.800886558688948202e-01,8.197104405537182226e-01,5.988843543441123574e-01,7.897255399002949261e-01,6.761957038103277862e-01,8.232987434417392558e-01,5.070049797894895516e-01,5.951527397822310439e-01,6.155467815857388336e-01,5.089325226543608416e-01,4.616547064198329164e-01,3.938783479862708048e-01,2.982031638456014155e-01,7.376408430827460228e-01,5.050543708064801907e-01,4.817563677196573524e-01,6.027902375297322646e-01,6.229324972473154753e-01,1.702627194664230875e-02,2.692665498215494613e-01,3.721971307076071822e-01,6.095164405675108643e-01,5.723120141967480423e-01,6.395685959988604008e-01,6.183308639306452914e-01,5.442867720465516257e-01,4.852135534610844680e-01,1.718293094624213646e-01,3.002309641105149196e-01,4.929129162651192664e-02,3.463767880534606158e-01,1.750729142373284586e-01,2.626862267896359349e-01,3.987328992322241028e-01,2.288174606821326840e-01,2.702174724284445162e-01,2.726924426033964233e-01,4.227955700519433480e-01,1.873048391816288794e-01,3.731167011525602928e-01,5.330675657941565948e-01,4.128295069319559141e-01,7.729375076879738682e-01,1.545543048310293877e-01,7.710185534150745257e-01,4.649333259115825401e-01,8.290016103656817625e-01,4.266383171226295068e-01,7.260340872772100829e-01,8.242190692307278521e-01,8.345781407354228021e-01,7.016439622963041578e-02,4.873010945815869910e-01,7.722084429735592837e-02,1.786666067671156821e-01,4.656133984560370531e-01,4.926966258570127932e-01,2.932563079524991290e-01,5.237750997867909319e-01,3.323923905408378010e-01,5.001370771850569552e-01,4.357072771933144795e-01,5.125978336528375090e-01,6.850072801687270840e-03,3.694082352687161341e-01,4.903543387978974155e-01,3.777763339909279150e-01,3.435542296835943921e-01,4.725920289287749432e-01,9.175055190394749982e-02,4.102896689699183086e-01
2.957579375604325600e-01,7.972728528998634934e-01,5.298849541618618764e-01,9.451914566452455924e-02,4.800886558688948202e-01,0.000000000000000000e+00,5.262961662225044135e-01,8.024403454632992316e-01,5.238518186798850618e-01,6.587425576923940929e-01,5.403877565139003636e-01,5.510878681718467398e-01,4.823578013740810744e-01,4.536339710408559545e-01,5.738752773132547169e-01,3.198579129214188521e-01,3.846567356293801865e-01,2.612941966415581740e-01,4.747019274493209373e-01,5.501143344026273585e-01,6.473700414484536703e-01,6.034395795783611405e-01,7.566672824230824546e-01,1.494553241729081605e-01,4.180318504250689626e-01,5.604988548753353506e-01,7.053224567330292905e-01,4.443212039902875166e-01,5.658597238806521990e-01,4.304349610160885797e-01,5.350616923552065085e-01,4.704463452960238046e-01,4.891092081482268927e-01,2.463268497292800119e-01,4.892487312020936396e-02,1.668962047322152253e-01,9.864317453432384919e-02,3.614049799782462769e-01,3.792907867514518916e-01,4.214974682920321625e-01,2.751789974889915988e-02,5.020979646246814809e-03,3.015245433300542954e-01,1.386758943252232035e-01,3.875838781990653681e-01,2.436503780653453410e-01,7.332790256134333884e-01,5.397043389742471886e-01,2.565117653977361245e-01,2.834937964089970786e-01,7.198488921965451315e-01,5.686826741378183669e-01,6.900024287114248089e-01,3.729527233804225683e-01,5.916264368472669011e-01,5.001477782131371619e-01,1.852604660712019458e-01,5.580085306306015180e-01,1.221838025316697440e-02,3.109243659077840505e-01,2.613969387639150099e-01,4.114922504469673559e-01,1.717326102454058701e-01,4.405140969054779920e-01,3.940735652930860700e-01,6.413217057662252696e-01,4.815973970492718470e-01,5.851634664036233779e-01,1.459841453392822785e-01,4.462032204410761316e-01,5.537003311439887554e-01,5.155269319488795521e-01,1.872410662727277408e-01,3.141597278760973055e-01,9.900971892771374960e-02,1.627136890684854620e-01
4.636377725813444206e-01,5.551441682622051399e-01,5.832650086499225894e-01,2.616707718355282264e-02,8.197104405537182226e-01,5.262961662225044135e-01,0.000000000000000000e+00,4.683216815287788437e-01,5.983357629533581079e-01,8.293952644110036410e-01,5.753556348022246247e-01,4.836449723303412052e-01,7.912433929101904129e-01,5.508937415557361161e-01,4.104203382280114942e-01,7.234490460077066531e-01,6.493253413852105860e-01,6.325037012008927206e-01,4.947641002541379174e-01,4.714664563423131005e-01,5.081523591222112390e-01,6.310614326811356811e-01,4.933237403783473640e-01,6.192963906603041885e-02,5.189093148526785493e-01,4.491506865629426581e-01,5.463687324521822042e-01,6.299826792150797772e-01,7.956048493329617166e-01,5.027351295613977644e-01,6.974806941092901447e-01,5.743475541211431334e-01,2.040098947540366914e-01,4.457014857041153855e-01,1.810118312507586480e-01,1.965050071767230899e-01,3.230815851819873741e-01,3.993905099026359151e-01,4.538735697414859604e-01,1.941839017716892046e-01,3.367589743744852093e-01,4.252345280385017023e-01,3.571499746563137068e-01,3.126099218654799783e-01,4.063508930249084550e-01,4.332218249032107060e-01,3.937924641437805517e-01,4.907687792517714254e-01,1.262474134643420953e-04,5.071203368760933694e-01,4.400108670809945166e-01,7.908809007886022924e-01,2.514669086782909679e-01,5.346678485975748796e-01,7.455585608640634687e-01,5.695539915744931569e-01,2.074713260235602763e-02,5.323079980176498305e-01,4.411143559697827676e-02,6.550889132068637988e-02,6.492783882350485758e-01,5.006088296711823649e-01,2.874140942976866064e-01,2.739497815209873122e-01,2.904332336296386319e-01,4.958917378593731273e-01,4.544301853209763431e-01,3.194701011373619615e-01,5.514733995843032477e-02,3.752804864391543482e-01,3.987155745210502200e-01,2.863589435039165521e-01,3.077925336736205830e-01,5.761900196568933152e-01,1.437400695153920674e-03,4.711762723596173430e-01
3.365407945241214449e-01,5.938088671764120141e-01,6.599136432023263721e-01,4.433078919549959807e-02,5.988843543441123574e-01,8.024403454632992316e-01,4.683216815287788437e-01,0.000000000000000000e+00,5.875657141331043221e-01,6.741358011201441514e-01,6.721004014111473523e-01,7.503935092742353152e-01,5.311105750136679848e-01,5.783235072684558276e-01,4.772664196787554935e-01,2.512126778843808417e-01,3.272979239151286857e-01,2.157765721853981411e-01,5.536671375425392672e-01,5.038529150289412506e-01,5.301219542129038675e-01,5.126976487136141181e-01,8.781826937856930249e-01,3.760326358752640319e-01,3.443504172849114475e-01,5.478996460526541767e-01,5.723563370398412342e-01,5.892093534454021508e-01,3.557378436446019254e-01,4.513081860071229690e-01,4.242033921424114284e-01,5.002021932560419826e-01,3.471508207738984164e-01,1.778446371186835906e-01,8.259201102184145216e-02,3.376991225082544013e-01,3.649591659827702839e-02,3.210757510771746204e-01,3.984536173445029084e-01,3.903862353537401186e-01,1.200542256813796060e-01,1.829854441388392428e-01,2.776186202535808611e-01,7.427228415805198214e-02,3.972418095649139502e-01,3.485055698377589883e-01,6.585002007667908330e-01,6.757921713580146150e-01,1.920208084565024342e-01,3.869700425184064985e-01,6.887037556389528081e-01,6.159557860815182417e-01,8.582853685536182553e-01,5.612703468418618336e-01,6.132683431223822090e-01,6.475719782531701441e-01,2.148164416539762311e-01,5.446146283735957550e-01,6.009688834487655895e-02,1.433754918914760534e-01,1.703288136580369261e-01,3.647818683277752605e-01,4.636471371740842617e-02,4.217689332064815666e-01,3.625068912426460122e-01,5.972821981580337392e-01,3.999506712970732902e-01,7.663188986385041090e-01,3.544222817422660321e-01,2.329085732868064196e-01,5.795020805407470332e-01,3.788210223416864642e-01,2.375104256805553871e-01,2.111454077159268805e-01,1.796130875834257151e-02,1.797379998503430554e-01
2.496982909576334064e-01,4.344049571783713537e-01,8.423592781759119408e-01,2.107082152320008395e-01,7.897255399002949261e-01,5.238518186798850618e-01,5.983357629533581079e-01,5.875657141331043221e-01,0.000000000000000000e+00,5.995558853999773952e-01,8.644236064316623835e-01,4.742883849144026165e-01,4.788780083868014459e-01,4.106525185272172918e-01,5.614657157668048182e-01,2.715437396075404131e-01,3.992233476192911246e-01,2.305430322736143622e-01,7.078987573796278188e-01,6.069102099480181423e-01,4.321829198596999211e-01,5.782834261981673052e-01,6.274184156958900749e-01,2.280239417190293993e-02,2.989060466704301922e-01,4.008060891808190029e-01,7.646474631759764273e-01,4.652029807542905071e-01,5.770579162867819356e-01,5.056097118005136171e-01,4.287975870071495388e-01,2.175422471037311289e-01,9.283126318581606806e-02,1.388043383739326342e-01,6.500413908405111574e-02,2.040497389296698216e-01,1.240870173188295122e-02,3.529524083114213839e-01,1.306846968656772134e-01,1.211361860458680662e-01,1.309123596470805617e-02,2.063712328863981371e-02,3.163397589999186188e-01,1.201242617640112809e-01,3.566725202831307895e-01,2.649822444876219762e-01,4.655277719682777704e-01,8.730076153168342401e-01,2.513653478775818018e-01,6.394518748269012454e-01,4.081136481436333230e-01,7.063291472005620575e-01,4.714851700630688924e-01,7.871651725593782345e-01,7.322031918115980975e-01,8.372199235000425954e-01,2.262170104798192083e-01,4.335233976122144783e-01,1.421006104768667566e-01,3.980395229858171291e-01,2.951475294466786581e-01,4.262537576219113111e-01,2.130568028495944954e-01,5.812062500220098737e-01,4.615253668845236135e-01,5.010463668737680232e-01,5.105834421933759248e-01,5.334673190931216169e-01,1.518713964931779070e-01,3.874821477833031991e-01,4.567043651606944588e-01,5.578703207026780575e-01,2.919600721102029173e-01,3.128236399393050648e-01,6.905879820512735023e-02,2.518796772013298657e-01
6.098470134672184795e-01,7.210647035507562475e-01,4.857534887925432088e-01,7.937911764567720518e-02,6.761957038103277862e-01,6.587425576923940929e-01,8.293952644110036410e-01,6.741358011201441514e-01,5.995558853999773952e-01,0.000000000000000000e+00,4.586267308218718308e-01,5.676706189607303443e-01,8.252699688609785866e-01,5.048865276699090465e-01,5.629559998658691944e-01,6.898859800949290744e-01,5.899892832251162345e-01,4.689681097863474535e-01,4.097959451438936140e-01,5.671827007560126255e-01,7.020994767624102462e-01,7.096201821886474193e-01,5.777377249225376099e-01,2.853017671589791471e-01,5.857220381011807309e-01,6.669159841616749684e-01,4.935618811352536772e-01,7.757516546606246788e-01,8.381967336449648309e-01,4.296937769626064108e-01,8.124064905353631794e-01,5.522968989657731642e-01,4.197617022309322321e-01,4.513702127564567235e-01,1.855348112422976481e-01,2.213304124251840865e-01,3.335955222853203006e-01,3.720784462209874022e-01,3.939820477153061495e-01,2.740531459641392109e-01,2.666604843131225033e-01,3.269084941483189066e-01,2.027885881031013804e-01,3.119875275850336749e-01,3.695280710763177434e-01,4.393619502936376153e-01,4.593761210185139943e-01,4.739502644956538058e-01,9.182161990865309042e-02,3.988085933009803963e-01,5.175708445738350649e-01,8.152104723246376139e-01,4.723920623484816894e-01,5.731206730358493484e-01,7.492836755262930470e-01,5.381897863752332922e-01,4.258352065763598704e-02,7.114263257751883840e-01,1.275104753769974175e-01,2.504200342207137386e-01,4.786315680817490592e-01,5.026060134991470196e-01,1.864465460353166015e-01,2.237856372461629051e-01,4.520998437094453926e-01,6.758118169811742071e-01,4.752083514600398684e-01,4.061198408234523716e-01,1.174830831576532675e-01,3.016346785634434480e-01,4.401102435698135418e-01,3.501953917013286288e-01,4.122563234936743592e-01,6.133578909947562385e-01,2.766676449362358986e-03,4.256584163025541878e-01
2.622878692837203873e-01,3.260690728825389462e-01,9.102383310467463406e-01,3.840766587767873580e-02,8.232987434417392558e-01,5.403877565139003636e-01,5.753556348022246247e-01,6.721004014111473523e-01,8.644236064316623835e-01,4.586267308218718308e-01,0.000000000000000000e+00,4.532207421057464214e-01,3.923292505878759329e-01,5.701300215108758840e-01,5.418240732570678286e-01,1.696174004676502534e-01,2.616426546471384285e-01,1.555242726364529926e-01,8.697702606372126333e-01,5.474855210716380594e-01,4.002055462422379195e-01,5.391496732047190710e-01,7.110736194408406874e-01,1.004830591854688482e-02,1.736556912622253535e-01,3.001592996802925351e-01,6.504443874342398235e-01,4.724527839744263047e-01,4.082049574552136795e-01,5.263872278386093617e-01,3.025316912890396726e-01,2.648685292960221149e-01,1.396960533662653658e-01,5.371569372609520665e-02,1.291354373788976551e-01,3.066441331613152244e-01,5.685828885569559066e-03,2.176935252392349085e-01,2.319313163600456862e-01,2.419162193133204963e-01,7.224614137105739298e-02,9.098531689110450627e-02,2.877685979781003933e-01,1.305895028200250961e-02,3.103334795457300954e-01,3.323923647056757358e-01,4.642227586799771988e-01,9.151073458955029105e-01,2.741306743279297575e-01,6.648810987610336287e-01,5.302616035761537061e-01,6.734499275570533516e-01,5.392031252304965161e-01,7.424554712630194730e-01,6.635781898133115142e-01,9.285230191541662403e-01,1.132263054760025284e-01,3.506688201243796654e-01,1.231303745040127628e-01,2.556863183534335837e-01,2.519013843492754479e-01,3.981507353977992714e-01,1.659157942280438114e-01,7.039098046992535718e-01,3.367945820363896781e-01,4.191863152859677255e-01,3.940081318603383398e-01,6.177090164110083936e-01,4.581234871001067105e-02,2.970340349922118151e-01,4.839722542046683285e-01,4.894959263744424471e-01,2.641913717714110543e-01,2.828839873445337383e-01,5.475525729423360438e-02,2.405035294577556049e-01
2.854593603826026116e-01,4.861879090882760268e-01,4.249188658230921289e-01,4.990108794405367920e-02,5.070049797894895516e-01,5.510878681718467398e-01,4.836449723303412052e-01,7.503935092742353152e-01,4.742883849144026165e-01,5.676706189607303443e-01,4.532207421057464214e-01,0.000000000000000000e+00,5.560505715429631124e-01,5.135511561776457956e-01,2.615845771707757672e-01,3.382236292401155087e-01,3.928239386970421854e-01,2.977136581705502882e-01,3.217593831086930090e-01,2.924757563235317326e-01,3.015558423436014990e-01,4.085554464609266745e-01,6.466595315946139788e-01,6.438590769005632097e-01,3.850454569855643605e-01,6.555767810581611954e-01,2.459387370291691299e-01,5.256837234374672763e-01,3.379240985914450102e-01,3.342253955494609574e-01,4.127108116062356835e-01,4.667982706253562264e-01,2.827287673462441919e-01,2.647291767801375761e-01,3.464089603902306136e-01,2.708991997404953667e-01,1.774020453732696456e-01,2.613486814338682462e-01,3.570678320730880650e-01,2.145960271419364851e-01,2.302956438598025846e-01,3.226297946626399682e-01,3.269776025373331008e-01,1.573619006833263390e-01,1.691177354489576123e-01,2.423058262631888338e-01,5.766126304606695729e-01,4.062226459439543524e-01,5.040464238709095601e-02,2.171231310124410174e-01,5.417641532983220598e-01,5.117448165324613996e-01,6.341304172924174809e-01,3.414242318183799973e-01,5.579999094854417585e-01,3.828582953032374503e-01,5.942987519995026613e-01,7.178415058630975842e-01,1.434087198204700431e-01,3.614520617909878358e-02,2.640438467968635461e-01,5.461610627133443030e-01,2.380025544326546116e-01,1.671255784110522169e-01,1.871119790680365047e-01,3.669951835193134282e-01,2.601336723443595234e-01,5.219764941755939969e-01,5.054257766551828457e-01,2.289850288273299894e-01,5.049660235293965682e-01,1.593533505103014447e-01,4.411561407316225147e-01,2.480837136421557565e-01,5.196354560757832086e-02,3.115359454961669217e-01
4.407575582056252883e-01,6.233433543652995290e-01,4.411457401234377129e-01,3.557706748205477498e-02,5.951527397822310439e-01,4.823578013740810744e-01,7.912433929101904129e-01,5.311105750136679848e-01,4.788780083868014459e-01,8.252699688609785866e-01,3.923292505878759329e-01,5.560505715429631124e-01,0.000000000000000000e+00,4.785913019609750463e-01,3.601141062518161684e-01,7.467433605737475721e-01,7.460837045271088153e-01,5.864129843739649406e-01,3.799436323164754881e-01,3.964370095070299804e-01,4.992707818968258326e-01,5.499907282880207582e-01,4.280955880280509773e-01,2.585315587850643970e-01,5.101433645639551484e-01,5.885850259809901619e-01,3.659881321213798722e-01,7.209694765618972490e-01,6.770692075929010123e-01,4.429678880217121639e-01,7.328347523060705360e-01,4.701837181896349471e-01,3.815928381361340938e-01,5.376544692547149396e-01,2.519740551085043467e-01,1.354854743015413421e-01,2.584252344543536140e-01,4.197814033453067806e-01,3.801393201150226053e-01,2.659961319230836896e-01,2.123958086362782716e-01,2.772331866650464827e-01,2.662359765763744890e-01,2.648983563534745289e-01,3.614072065515065435e-01,3.601535321880636187e-01,3.987666091205603891e-01,3.981457464651686484e-01,1.278518966365502219e-01,4.726098936164304654e-01,4.184391651076091456e-01,7.662180150800155243e-01,3.210928706960570755e-01,4.180098172866729134e-01,7.063609731875850617e-01,3.600788064398459665e-01,1.382283515325702927e-01,7.779559927003452113e-01,2.520986662998835059e-02,8.068347580685825138e-02,5.378007803878435134e-01,5.370038045511873470e-01,2.676149892287185139e-01,2.178855265547329223e-01,3.134352555450028444e-01,5.043389693474339408e-01,4.258413160046575774e-01,2.762220268695169123e-01,3.949597135542529114e-02,2.996171885164242710e-01,4.434277457974775127e-01,1.667418712515046919e-01,4.494827486659069837e-01,5.073737886430502719e-01,1.335471416030674652e-01,4.231399002322305258e-01
3.216947378458447915e-01,5.395402720214137471e-01,3.704739271041556647e-01,2.306936165709089215e-02,6.155467815857388336e-01,4.536339710408559545e-01,5.508937415557361161e-01,5.783235072684558276e-01,4.106525185272172918e-01,5.048865276699090465e-01,5.701300215108758840e-01,5.135511561776457956e-01,4.785913019609750463e-01,0.000000000000000000e+00,2.753494908640099492e-01,4.574654036872165541e-01,3.893502799497237099e-01,4.391106352788903822e-01,3.804797309486438461e-01,2.904707140165940227e-01,3.661485280369735085e-01,4.608370556418397435e-01,5.454667488885673876e-01,1.634093958339358776e-01,4.050471097442255863e-01,3.477060246534008359e-01,3.425851774948271977e-01,5.740372442581141987e-01,3.686650562548265397e-01,5.533474069981381138e-01,4.206100580631930708e-01,3.925323515973924704e-01,1.652024252100648127e-01,1.998685978090217474e-01,9.457725222089885531e-02,4.041625552310306180e-01,2.703556117663843406e-01,1.069924183243956689e-01,3.636218074839434600e-01,3.393241288655365895e-01,2.635312004028953492e-01,2.343619012734315110e-01,2.311750103654440780e-01,1.449169110229702184e-01,1.841346927986852733e-01,3.394350872233608540e-01,5.129622398509455783e-01,4.415074041688726303e-01,3.275054066422254384e-01,3.938051638832429369e-01,4.833645800190293773e-01,4.694626641980475523e-01,5.339841465915645680e-01,4.240635404250963081e-01,4.992719519478070467e-01,6.082593395034190387e-01,4.631818195140283145e-02,2.663752668023405823e-01,5.478265898110179499e-02,1.098297843517271194e-01,3.505286134375801277e-01,3.541819525407473024e-01,1.453054746405711140e-01,1.830097567962643279e-01,8.692807064678785556e-02,4.698637766681360572e-01,1.874990776913298407e-01,5.488983488639587183e-01,2.123581073440784228e-01,3.873891161264046423e-01,5.622707987351522885e-01,1.481503019340986160e-01,7.426179925864126452e-03,2.960818264624471841e-01,1.409754850622328970e-01,1.760669158928156730e-01
6.969569169616536275e-01,4.651276765709185801e-01,7.582090327229320526e-01,8.698048368071129022e-02,5.089325226543608416e-01,5.738752773132547169e-01,4.104203382280114942e-01,4.772664196787554935e-01,5.614657157668048182e-01,5.629559998658691944e-01,5.418240732570678286e-01,2.615845771707757672e-01,3.601141062518161684e-01,2.753494908640099492e-01,0.000000000000000000e+00,2.910874060436919875e-01,3.106358564264396493e-01,1.532915735742493291e-01,5.955116355493057512e-01,8.689048540039981949e-01,9.060815772653495470e-01,8.032107649402338012e-01,7.241373980397241006e-01,2.436400339532578119e-01,4.113183321498982137e-01,4.490570864354685443e-01,7.657634347626637306e-01,5.061848443362586547e-01,6.317502866697684016e-01,4.185894110708697213e-01,6.606868481219601019e-01,5.023535256609613642e-01,4.375622026705077716e-01,4.616409616767602198e-01,5.501665211498441010e-02,2.018474030201949376e-01,1.976340446420581931e-01,3.747918518616025763e-01,4.669027619234854543e-01,2.582441808470798961e-01,2.881178759972502501e-01,1.226636648745842023e-01,3.954611813521874408e-01,2.301648121518165280e-01,4.147492376293723249e-01,7.152499232036095833e-01,6.162031131097108760e-01,7.626994138667178014e-01,2.424768408670199826e-02,6.687590016336223409e-01,7.468890595248740549e-01,7.571995684614698519e-01,5.599456152431329103e-01,6.279946868121883963e-01,6.403853892239027568e-01,5.794485435840497356e-01,2.227864618964922605e-02,6.577559748620511737e-01,1.128653968585560385e-01,8.363823992856812550e-01,5.999525236308131948e-01,4.741236058470887360e-01,4.318734769101656434e-01,7.251615797354471482e-01,8.752212546386255454e-01,8.790997588542833752e-01,9.307942471705513698e-01,7.197633741111079120e-01,2.285952962077506534e-01,5.069264845782779361e-01,5.179064223724157978e-01,8.841703515111904998e-01,6.985287814739694623e-01,8.226312928906478472e-01,3.804670295224892307e-01,4.841582370485119080e-01
6.307030911617599322e-01,6.573581201006458707e-01,2.462619548476728815e-01,6.598927275415711335e-02,4.616547064198329164e-01,3.198579129214188521e-01,7.234490460077066531e-01,2.512126778843808417e-01,2.715437396075404131e-01,6.898859800949290744e-01,1.696174004676502534e-01,3.382236292401155087e-01,7.467433605737475721e-01,4.574654036872165541e-01,2.910874060436919875e-01,0.000000000000000000e+00,8.663215951308766982e-01,6.976868726630948148e-01,2.715903374756004629e-01,4.604639407367694393e-01,5.598793860465581806e-01,5.963597311565749237e-01,2.044838788304057520e-01,2.110643576189522586e-01,6.477213589360313328e-01,5.251390000899759380e-01,3.464059147592222221e-01,6.171342864510696025e-01,7.668904881591220857e-01,3.986831253409828246e-01,6.932354558593764038e-01,3.225319573972786902e-01,3.520266970080540014e-01,6.058989379521906304e-01,3.522412452344576561e-01,1.120788574078429578e-01,1.579458395313406704e-01,1.506791733892866858e-01,2.655075895291261201e-01,1.955085085335734607e-01,4.086294387883412926e-01,1.869831001883258959e-01,1.114646893325301896e-01,1.610008078181625057e-01,1.994190543862807141e-01,5.382041301482947127e-01,2.376059762800314945e-01,2.578456087772681427e-01,4.261721787546658008e-02,2.954636956760781641e-01,2.352923703631937535e-01,6.118644391690097883e-01,1.254381906574590921e-01,3.051054686896834123e-01,5.047911067109827066e-01,1.838645643847364730e-01,1.315875847726904746e-01,4.822299207230639206e-01,4.522443978375328272e-02,1.848973244171627228e-01,7.321886456641553131e-01,5.019611011388001032e-01,3.994179906926036416e-01,1.063567219222335825e-01,4.003267276804764463e-01,4.754343757146113347e-01,4.546115504945999475e-01,1.147075357275107732e-01,1.400123375790401914e-01,4.029283453524413749e-01,3.390276508118794663e-01,2.322766828911415615e-01,4.056819334694248824e-01,6.680562250994395157e-01,1.403944022874791531e-01,5.726756161578947513e-01
5.060203794868357585e-01,6.717013153783943924e-01,3.616743379102951295e-01,2.213243472034441273e-01,3.938783479862708048e-01,3.846567356293801865e-01,6.493253413852105860e-01,3.272979239151286857e-01,3.992233476192911246e-01,5.899892832251162345e-01,2.616426546471384285e-01,3.928239386970421854e-01,7.460837045271088153e-01,3.893502799497237099e-01,3.106358564264396493e-01,8.663215951308766982e-01,0.000000000000000000e+00,7.547478320139037189e-01,3.234976053335745227e-01,4.289953290260619112e-01,5.336008783680971090e-01,5.710136541051999970e-01,2.743405647268899461e-01,3.213024364434176605e-01,5.715945601507513851e-01,6.358028710196081956e-01,2.613022741619759337e-01,5.774435672024793575e-01,6.817934705118092742e-01,3.200644005464563513e-01,6.934788364113435577e-01,4.087307795247462905e-01,3.831275145837782503e-01,4.307651757587995789e-01,3.243547831161793238e-01,4.455498427409165796e-02,2.300771798125185730e-01,2.573772134092765507e-01,2.892237060021103923e-01,1.873117271229505221e-01,3.693786705133876858e-01,2.749655494065513239e-01,2.016393835256677924e-01,2.124991344652700231e-01,2.735077399268930343e-01,3.754107633878743799e-01,3.399727335428540664e-01,2.520294368374468297e-01,6.726252408051520970e-02,2.735604233756474546e-01,4.006340911555064110e-01,6.797042882815669262e-01,2.034331887892999735e-01,3.772849694610422855e-01,4.221533011687097492e-01,2.920869294531903693e-01,2.279599127399534186e-02,6.001025094512512092e-01,6.406497684726375486e-02,1.331305000471928734e-01,5.922836453111230970e-01,5.082855710758161782e-01,2.860366000395287989e-01,1.036539576777940619e-01,3.195787676098204577e-01,4.592757565421093924e-01,3.420409191791765058e-01,2.071308754165174792e-01,1.192046049082331888e-01,1.990113783424129479e-01,3.985755891298752851e-01,2.121213502891085845e-01,3.998888853433393287e-01,5.936925974062702283e-01,6.535426016339883348e-02,5.364757449730208627e-01
1.900278601908800824e-01,6.038253386350701524e-01,1.970466343839696599e-01,3.456293556281326840e-01,2.982031638456014155e-01,2.612941966415581740e-01,6.325037012008927206e-01,2.157765721853981411e-01,2.305430322736143622e-01,4.689681097863474535e-01,1.555242726364529926e-01,2.977136581705502882e-01,5.864129843739649406e-01,4.391106352788903822e-01,1.532915735742493291e-01,6.976868726630948148e-01,7.547478320139037189e-01,0.000000000000000000e+00,1.514243438015019927e-01,4.039002877039403194e-01,2.996638572155701508e-01,5.079765628521423215e-01,1.486952801429301252e-01,2.228773359761899719e-01,6.956572067232473788e-01,4.484900828276383589e-01,2.836405976682391805e-01,3.801201272475145387e-01,5.467607599099902904e-01,3.038037311052399492e-01,4.821211853669656322e-01,4.044031106487825378e-01,1.915488381393498918e-01,2.361444582177243123e-01,2.680766681752039249e-01,9.461006768348342866e-02,1.091229431478000639e-01,1.151526061429927056e-01,1.899701331677859373e-01,4.994005619094543658e-02,2.114140070183345987e-01,1.343845481959162758e-01,1.541948264661832380e-01,1.450807015680098400e-01,1.426743955592035540e-01,1.307510004747164112e-01,3.599720196582709697e-01,9.179168867086989758e-02,1.649250006550594810e-02,2.009067211826559562e-01,2.513857929045399398e-01,5.671481963561535444e-01,1.450736155815118555e-01,2.440029510932602286e-01,3.279823765594914176e-01,1.497214558273099461e-01,5.424711957031333465e-02,4.360317421793510340e-01,1.580192212658121376e-02,2.887159720989385114e-02,6.101162569505018674e-01,3.566887574777281578e-01,3.533549742163641372e-01,5.641203593843874264e-03,2.795194709694541757e-01,2.301317963160064983e-01,3.631679668546398121e-01,5.849214705778212064e-02,3.075272537792589356e-02,3.245826882052519902e-01,2.624169134627555300e-01,2.789910910105303232e-01,3.851435719031598981e-01,5.151690308088486825e-01,1.110750906148328110e-01,4.051651429855094855e-01
3.589838418195574476e-01,3.709110928941053986e-01,8.946397596546235009e-01,1.430547771463676621e-01,7.376408430827460228e-01,4.747019274493209373e-01,4.947641002541379174e-01,5.536671375425392672e-01,7.078987573796278188e-01,4.097959451438936140e-01,8.697702606372126333e-01,3.217593831086930090e-01,3.799436323164754881e-01,3.804797309486438461e-01,5.955116355493057512e-01,2.715903374756004629e-01,3.234976053335745227e-01,1.514243438015019927e-01,0.000000000000000000e+00,7.110716704674768796e-01,5.329622677693026667e-01,6.921628295564686839e-01,6.033500182150796087e-01,6.092882501682775342e-02,1.645585352074967478e-01,3.078774241486766927e-01,6.475832809966628467e-01,4.797555516817654797e-01,4.482448704775859882e-01,6.316546260419231285e-01,4.892718753870872739e-01,2.560414765811913629e-01,3.208388971407056811e-01,3.264749394672193383e-01,1.173473311210555675e-01,3.417594089166184901e-01,5.666806562409305165e-02,2.220048667464301906e-01,2.270864829271658503e-01,2.424976955626550468e-01,5.852455991802629071e-02,9.429342940959928310e-03,4.894631880762245757e-01,2.065738441257151115e-01,2.850637587059872136e-01,3.940485337176245495e-01,4.606997358109303220e-01,8.898759882941770227e-01,1.293693640500699626e-01,6.259217418314400039e-01,4.099327442947010569e-01,5.817332193949114050e-01,5.170358214496908467e-01,5.868969209909496998e-01,5.315500685984571039e-01,8.523523820999010514e-01,9.262640184251233477e-02,4.442148498678242241e-01,6.466302828119481483e-02,4.356380990524979513e-01,2.376841313624724061e-01,3.475380068558175939e-01,1.582870321131001068e-01,9.177861239082759637e-01,4.790206727998200242e-01,5.620416175960033511e-01,5.704709160045877692e-01,5.417635948408376922e-01,1.920866400955117612e-02,2.625334014518493908e-01,5.421225273310859016e-01,5.058962466348277953e-01,3.992604559978960022e-01,3.275419713748531914e-01,2.968515417880451257e-01,2.716031546367237426e-01
6.684216457095075725e-01,5.962439283911784571e-01,7.584713916800883693e-01,6.347459907396126033e-02,5.050543708064801907e-01,5.501143344026273585e-01,4.714664563423131005e-01,5.038529150289412506e-01,6.069102099480181423e-01,5.671827007560126255e-01,5.474855210716380594e-01,2.924757563235317326e-01,3.964370095070299804e-01,2.904707140165940227e-01,8.689048540039981949e-01,4.604639407367694393e-01,4.289953290260619112e-01,4.039002877039403194e-01,7.110716704674768796e-01,0.000000000000000000e+00,7.842997766915443814e-01,9.808396228846016918e-01,6.691793080143138006e-01,1.746570159817781298e-01,5.279287770198377583e-01,4.473501251999867367e-01,7.587328741954629807e-01,5.729465411776188954e-01,6.959270206006337167e-01,4.874680574301417102e-01,6.863574994196476320e-01,4.652305196636298268e-01,3.637182137107432545e-01,4.830726936038353125e-01,6.782980784849503009e-02,2.025443646631518713e-01,2.091433728187344632e-01,3.045993164596373370e-01,4.332924335706506702e-01,2.347340844887996492e-01,3.127576970327535788e-01,9.125745297664425437e-02,3.943051997593862712e-01,2.695308625424892024e-01,4.488393617967565419e-01,6.575313319911613164e-01,6.541646860282381848e-01,8.138231655370278261e-01,4.489258674680492167e-02,6.580624499263131311e-01,7.823547560403100176e-01,7.419243515370543829e-01,4.639658382294740147e-01,6.965771051823427262e-01,6.988503531108991584e-01,6.089981090664804420e-01,5.667375623225186232e-02,6.544322076351429818e-01,1.037603758065121368e-01,6.910661812174068164e-01,7.907614855769602435e-01,4.901272913760617578e-01,5.143674639840890572e-01,7.951525850213604363e-01,1.000000000000000000e+00,7.832971460314344103e-01,1.000000000000000000e+00,6.690648186523080465e-01,1.958431861582376754e-01,5.491835752257941961e-01,5.818580781656400580e-01,8.973702636436958757e-01,6.331946274121826868e-01,9.286768799548801301e-01,4.370738579444107264e-01,5.744861806717611596e-01
8.192752497175798121e-01,6.147693485541190217e-01,5.815772752560863790e-01,6.960465557290967942e-02,4.817563677196573524e-01,6.473700414484536703e-01,5.081523591222112390e-01,5.301219542129038675e-01,4.321829198596999211e-01,7.020994767624102462e-01,4.002055462422379195e-01,3.015558423436014990e-01,4.992707818968258326e-01,3.661485280369735085e-01,9.060815772653495470e-01,5.598793860465581806e-01,5.336008783680971090e-01,2.996638572155701508e-01,5.329622677693026667e-01,7.842997766915443814e-01,0.000000000000000000e+00,8.130291477210197515e-01,5.823071570671245478e-01,2.054968573382855157e-01,5.022231595384907266e-01,5.000985686906613825e-01,7.173529407336132202e-01,5.743120241271884030e-01,7.665759734749842957e-01,3.891417238153483948e-01,7.130159197661862791e-01,4.900645635905000463e-01,4.723395427821319714e-01,5.158825673270344137e-01,7.662187032642656104e-02,7.502943739642282950e-02,1.491342396834840489e-01,3.434915598089373634e-01,4.162939066915524733e-01,3.370136645996034686e-01,3.509394821532962894e-01,1.763401870881850797e-01,2.355940334550944426e-01,1.862139732191435415e-01,4.438126638217254616e-01,7.423789181277395954e-01,4.922216710078943236e-01,6.261209822332235442e-01,3.781969183094663345e-02,4.936747303694663525e-01,6.008533597244631874e-01,6.855481356866612863e-01,5.304481125345410497e-01,5.154555690745202812e-01,6.138593212123393261e-01,4.610060005427642493e-01,1.230586707467404839e-01,5.132128191248138682e-01,4.814815927333596784e-02,7.417450744373743632e-01,6.252636713877363084e-01,4.150323706869235574e-01,2.187370023558096177e-01,5.820693666144947098e-01,8.343801357301614541e-01,9.205369674267462887e-01,8.813570475549454830e-01,5.791840262561314123e-01,2.058307584549811386e-01,4.284858354638062528e-01,4.530351930968170571e-01,6.528237748925975747e-01,5.019995528085459124e-01,7.258828759567845790e-01,2.816699139660693296e-01,5.732647210432634255e-01
