0.000000000000000000e+00,2.524432923557611841e-01,2.306096965311258129e-01,6.743852902233536672e-02,3.092239264457354031e-02,2.052524852708012826e-01,9.005757346709553079e-03,4.570789706782095452e-02,1.847033740828116222e-01,3.689390570286712467e-01,5.583436538269924421e-02,5.517905825106669826e-02,1.060442219726025620e-01,4.810070053447999122e-02,4.235034736877396622e-01,3.600084190897323566e-01,3.155439777721075201e-01,1.599405135496957953e-01,1.506848549772532297e-01,3.266526735923911406e-01,5.954280461162952953e-01,5.290596432894698609e-01,1.736225691254013881e-01,3.588465685160284746e-01,5.718081045155860576e-01,4.588743680909148082e-01,3.650319440369009238e-01,1.061309173450598609e-01,3.653499428052731646e-01,5.310509065628948866e-02,4.945098875907542602e-01,2.251477427940437037e-01,3.998438700465107853e-01,8.760237884558558230e-02,1.584817342321008515e-02,5.296257232804180148e-02,3.172431240494025945e-02,1.059725597171775058e-01,2.351119596822557889e-01,2.969758550728197610e-01,2.036114270590120845e-01,3.844037313806843159e-02,1.810573523020284348e-01,4.736225276894119596e-02,1.079678307181672348e-01,6.744972881409843080e-01,1.744161493267430418e-01,1.671165848021914091e-01,5.111340328239651065e-02,7.416327910303981141e-02,1.640016978769637257e-01,1.225574164119961201e-01,1.459597278742172377e-01,2.911659878534145207e-01,1.621188881919755631e-01,1.776871001282677442e-01,5.863912018166982099e-02,2.134073918077059595e-01,2.508117711782679171e-01,4.559066063691796789e-01,3.803905926961388406e-01,1.788282383392913455e-01,2.389704528763200719e-01,1.642814466742371915e-01,3.997032503976936657e-01,5.067640645465398830e-01,5.679261232514785096e-01,1.711073539399395604e-01,2.995350300049567926e-01,4.348192077385399368e-01,3.707052108351326924e-01,2.660837797741626432e-01,2.410769565495576860e-01,3.810772730491728266e-01,2.888659675466281884e-03,6.112312217660358371e-01
2.524432923557611841e-01,0.000000000000000000e+00,1.986303864249230888e-01,2.451011896618535135e-01,8.445767157722290641e-02,6.364764488297831591e-01,3.872488417593281107e-02,4.528578940185812307e-02,2.341281572222292384e-02,4.180568850587522145e-01,2.513114921991832507e-02,8.025349371713416669e-02,4.169996237006690087e-01,1.020325521348257602e-01,1.612132913615258734e-01,3.562985201169233673e-01,3.233998255639497499e-01,2.268181962711818822e-01,2.090044358095641264e-02,1.214684974780322890e-01,2.064507386583505077e-01,3.182407100641604925e-01,1.584761784246722094e-01,1.991524745023453002e-01,5.267044924954495944e-01,7.169391624485564884e-01,2.218164072573209911e-01,1.195234641791681901e-01,5.601829317173745437e-01,2.197018722031475746e-01,7.751386762706441447e-02,3.214332208918414535e-01,5.342262014299403727e-01,1.099418902289426847e-01,5.764864872638136156e-02,2.284551453251723596e-02,2.873184593974010409e-02,2.927379279747087670e-01,3.408496948162354490e-01,2.553207472188349092e-01,2.194037013393260183e-02,1.965513170584443081e-01,3.938123584152525836e-01,2.694438256291734612e-01,6.059326684487181813e-02,2.825671210378318254e-01,3.412976505980135356e-01,8.730333183696040167e-02,3.755991613295922571e-01,4.231645166968302507e-01,2.624955730644119023e-01,1.911489460571297039e-01,2.956384089074554078e-02,4.800944886437658043e-02,2.022403000092256597e-01,9.828280848080812870e-02,1.590277521646829562e-01,2.299832415047081691e-01,6.599406970339241618e-02,4.546494327395261825e-02,3.334412869425226744e-01,8.670292100545429204e-03,1.763074736559258615e-01,5.586125458172522262e-02,3.522540366219190089e-02,2.704164816655035830e-02,1.883506867061572332e-01,1.093070401378516410e-01,3.030541786521256387e-01,3.726526557037234122e-01,4.356418429136189041e-01,4.673015769670646469e-02,7.942589391668777865e-02,2.388469375682877871e-02,2.603888329853294437e-01,1.677801716798986431e-02
2.306096965311258129e-01,1.986303864249230888e-01,0.000000000000000000e+00,2.611892159335673647e-01,5.696522176446219277e-01,5.475061003175307750e-01,3.923048635069612544e-01,2.785694777775029052e-01,7.572646754052566598e-01,3.420250222655558670e-01,7.656222548839913822e-01,2.078044829716999276e-01,5.483615995763083673e-01,2.412296352440332359e-01,5.404415759062982660e-01,1.600439666377198589e-01,9.291158645613972755e-02,2.425858453509771862e-01,7.972679689063575381e-01,7.141106350060282271e-01,2.027902238985332950e-01,4.395525612755413758e-01,5.121898878404125277e-01,1.989097399800200394e-01,5.327814724102875044e-01,2.689555632713148681e-01,5.527867481190573695e-01,5.399259125131052883e-01,2.912610601149902556e-01,1.647261026525850269e-01,1.988518323387729603e-01,4.236317807968547067e-01,2.036754040560258827e-01,1.250482053840065028e-03,1.105527876425614620e-01,2.141984927078473544e-01,2.662995074959829123e-01,4.043844711682492710e-02,4.297056260423153251e-01,1.213050894777273486e-01,6.449201192388273607e-02,1.784007114101691660e-01,6.675584414952501211e-03,1.906033177262274059e-01,1.598829967031659971e-01,5.899982329056738251e-02,3.315605902591612919e-01,9.041317605649920042e-01,2.120995493310092184e-01,3.428198738971265369e-01,5.507508233875761938e-01,4.861167207404947788e-01,4.493070692768938446e-01,7.613685901729045913e-01,3.792702067727357629e-02,8.398716277445880118e-01,5.800611945008196657e-02,4.015058437431037186e-01,5.401518002949001751e-01,5.469162756030595540e-01,3.282988917337804902e-02,3.267296450730192703e-01,3.401812589648789409e-01,7.355371266984873646e-01,5.665894036276230006e-01,1.815388523466652804e-01,5.265440784104693517e-01,5.475064512375156234e-01,2.538595625682159573e-01,3.332097135781516561e-01,2.612626716194684229e-01,5.514411734130358900e-01,3.847124200742102484e-01,2.814510816650065972e-01,3.789920368059046529e-02,1.412975428450128912e-01
6.743852902233536672e-02,2.451011896618535135e-01,2.611892159335673647e-01,0.000000000000000000e+00,4.838342367793935228e-01,2.778151045690501197e-01,4.370524762631201598e-01,4.146481375349407861e-01,5.126489170612195112e-01,2.961528644415334366e-02,4.972137029775144934e-01,3.051472637959437018e-01,3.321732313701875050e-01,2.485853081673952414e-01,7.827853106639873215e-03,5.814404641435230031e-02,1.251265287635416890e-01,2.123819609027876587e-01,2.705647763598559297e-01,1.968672479934127084e-01,1.310552928047878096e-01,7.898769199903407645e-02,4.463785490924564447e-01,3.705563922023906720e-01,7.463192116823186284e-02,1.099455388026177732e-01,2.827008171037237449e-01,3.471484496165406775e-01,1.615616658560291574e-01,2.510114000224948905e-01,1.835343047311453479e-01,4.566077045133247192e-01,3.247892950730686401e-01,5.218734129457605064e-01,1.871827509726166072e-01,4.133003661367978809e-01,2.643579773729910487e-01,2.851152617944968104e-01,5.078988939992561402e-01,1.272794649597085437e-01,2.472299461868601167e-01,2.293236504357126435e-02,3.320067451728940799e-01,4.158372609886408777e-01,2.823617118949957039e-01,1.305090030001752610e-01,2.991145369099477147e-01,3.271343499887072737e-01,5.431229812621380937e-01,6.246774870268334556e-01,4.170168028627514456e-01,4.951191030879787958e-01,4.718194439234941751e-01,5.115830861920181993e-01,1.345959663658649330e-01,4.885882659161220887e-01,1.305918044780176590e-01,2.750438578118882815e-01,4.909357995606423719e-01,2.055323813664827748e-01,7.216046919371554846e-03,3.813412442413846026e-01,1.318610158443777047e-01,9.880105902732477796e-02,2.502981272015942782e-01,2.651479028544868610e-01,2.003103180633345470e-01,4.985046131993549623e-01,3.315464643333150274e-01,1.658918123499820985e-01,1.432053105400235560e-02,4.064285083904906615e-01,7.722032678452961374e-02,3.657445657273457051e-01,1.318000563414918613e-01,3.151721377599623897e-01
3.092239264457354031e-02,8.445767157722290641e-02,5.696522176446219277e-01,4.838342367793935228e-01,0.000000000000000000e+00,3.354542353704208502e-01,4.568537999841059127e-01,5.689748993168791680e-03,6.172535345216149105e-01,2.966964742767614904e-01,5.483852045800866604e-01,7.524370183888884345e-02,6.279504421332822162e-01,3.556908087113589967e-01,4.269025655797940022e-01,1.847347600265221157e-01,1.233929216610325508e-01,6.677930292299215365e-02,4.694377999421885383e-01,5.182905894377959344e-01,5.475416803784338704e-02,3.151004697104105023e-01,2.241511348315020913e-01,1.799840039784934287e-01,2.570835155793381177e-01,2.454680444710760079e-01,3.953763390063622096e-01,5.792886147044986611e-01,1.928600737107143415e-01,1.692511801580394160e-01,1.738009073075294786e-01,2.480431658506279669e-01,2.469830659467402434e-01,7.080314858247906129e-02,2.471636940862054904e-02,1.862600384652573493e-01,2.832056468636043323e-01,1.544128226059980069e-01,2.790025204412528437e-01,3.010856105264267391e-01,1.220306854556198195e-02,4.979872940865644887e-02,1.939870143991311857e-01,6.274716883691315583e-02,1.249472728501993951e-01,1.399605749723197012e-02,9.295513411675582205e-02,5.493073124787071215e-01,5.460497955218424071e-02,3.415163985559343529e-01,1.721471187718168205e-01,3.768322201608091393e-01,1.493748244253296775e-01,5.194035889508105130e-01,7.379238225413531360e-02,5.198482829408350714e-01,5.103074620670755568e-02,1.781369238988476378e-01,4.500735450669297588e-01,3.417203923033925728e-01,8.089912071817728645e-02,1.691159111924399050e-01,1.729513649572445577e-01,3.749314508517069822e-01,3.525875883062002947e-01,5.029761965175069682e-02,3.236141499625089235e-01,2.280001513136281632e-01,2.911833432564491231e-01,1.647404909534682382e-01,5.991107360702077611e-02,3.396182978010350295e-01,2.731504174435037680e-01,7.130306865140029204e-02,7.187061156306712162e-03,2.490249843053475853e-01
2.052524852708012826e-01,6.364764488297831591e-01,5.475061003175307750e-01,2.778151045690501197e-01,3.354542353704208502e-01,0.000000000000000000e+00,2.400412926095206734e-01,3.813121310424222310e-01,5.501603845762286227e-01,3.041767651650449933e-01,4.364693036752117505e-01,4.346613728928387932e-01,6.457456911918095788e-01,2.906983044340878675e-02,4.089334778413112881e-01,9.211983394092876365e-02,1.395093829493045945e-01,4.424410053576551261e-01,5.218118464841965398e-01,5.528881313918940776e-01,4.080274882487450183e-01,3.776853287239755330e-01,5.740611434565736637e-01,1.581201829870382269e-01,6.341242569032061738e-01,4.929205491453274579e-01,6.453024731471433961e-01,4.598036712517555302e-01,6.180661148569701613e-01,7.363567332926200526e-02,1.070154167249363769e-01,2.838393487240279955e-01,6.699296958189641937e-02,1.227216477151935881e-01,1.231161006653882367e-02,2.020202183230640491e-01,2.383134550780856564e-01,2.571707838618597641e-03,2.655559976789644283e-01,2.120749429384741203e-01,3.679846637947750687e-02,1.702338993499522002e-01,1.747399698306124904e-02,1.625444658997121927e-01,1.527923828147572660e-01,5.129481665345252822e-02,5.367552391143681767e-01,4.683195362972430997e-01,2.029169362637859853e-01,1.846046515155424228e-01,7.757887709579114333e-01,4.053322396007441597e-01,5.227804803708189230e-01,5.049315727267962295e-01,5.014839798752433742e-02,4.937346894646743589e-01,7.485238303533425785e-03,6.484444836586458205e-01,4.950486889848300653e-01,5.026663509178359579e-01,8.869600414968960289e-02,3.247047979704159593e-01,2.387565006244967147e-01,4.074778505226533398e-01,5.111428828900266286e-01,3.859242294674465334e-01,4.982999651324762636e-01,4.851840223354966231e-01,6.959384258593986905e-02,3.985794110934526846e-01,3.531342479313911431e-01,5.905778838781323703e-01,2.457666063300666948e-01,4.246155307393382761e-01,1.009764947861580692e-03,2.793236489190122768e-02
9.005757346709553079e-03,3.872488417593281107e-02,3.923048635069612544e-01,4.370524762631201598e-01,4.568537999841059127e-01,2.400412926095206734e-01,0.000000000000000000e+00,1.505835102217787103e-01,5.251536627062740603e-01,3.095310923840957074e-01,5.156284798671529890e-01,7.396324580465372944e-02,6.277755112825987860e-01,3.354130701483449828e-01,9.821217593409076185e-02,1.660862410290799562e-01,1.265543874849797690e-01,5.733197496944713034e-01,3.137545142354117855e-01,3.384584155577872178e-01,5.597149028855852304e-02,1.813103671561741570e-01,2.712307876764625814e-01,4.723831948246816070e-01,4.442380091174565893e-01,7.190507249994881889e-02,3.663164010223712852e-01,4.787892539731434249e-01,4.488511795342937094e-01,2.496849828143808958e-01,2.855821741293264049e-01,5.503378051897683809e-01,5.521427178334693542e-01,3.550547783543042124e-01,2.539138000072704293e-01,1.089101000086869220e-01,3.942618155751497766e-01,5.377010392587089349e-04,5.835036159230677644e-01,3.106098520726847667e-01,1.362280560924460926e-01,1.406454767932417693e-01,2.443591464070341002e-01,2.894781071457697696e-01,3.103016420156818889e-01,2.538327537850506577e-01,2.097775129813806150e-01,2.609184106943014392e-01,3.145068421034368789e-01,5.231773345408650133e-01,2.082280295584363339e-01,5.274116248513149863e-01,2.046449560442729632e-01,4.225703790883768018e-01,1.002880880683301168e-01,4.777313010839380758e-01,2.716919454627912955e-01,1.143466078174417699e-01,2.340050634594603440e-01,1.412350351564005957e-01,1.420605204925348142e-01,2.722088831336534898e-01,3.714442210754309026e-01,1.434189410784045549e-01,1.351855083756202114e-01,4.310205742146738794e-02,2.701844242884536285e-01,2.714954145681672815e-01,5.462514173440791154e-01,2.995333604586007947e-01,5.503424274293347573e-02,2.257771712971887168e-01,1.723493096960114768e-01,2.306028017589640267e-01,5.121231131325048452e-04,2.767973672206773816e-01
4.570789706782095452e-02,4.528578940185812307e-02,2.785694777775029052e-01,4.146481375349407861e-01,5.689748993168791680e-03,3.813121310424222310e-01,1.505835102217787103e-01,0.000000000000000000e+00,3.652361403959900055e-01,3.139317724480190641e-01,4.645190845775573063e-01,3.660417141362046767e-01,1.437323800181357081e-01,1.740854420299977057e-01,3.599973261603561792e-02,1.254049009940292614e-01,3.678975634493018010e-01,2.878384689184076972e-01,3.322343551959583419e-01,7.411315474246385482e-02,3.956453567271103200e-01,2.498152677133104738e-01,8.219929861559094331e-01,4.446290932592418255e-01,1.134263748579679432e-02,1.229990912789276636e-01,2.052957589084401513e-01,1.880705485243411856e-01,9.524161151164425854e-02,1.933552728471620852e-01,3.861862186675490277e-02,6.654281153736264498e-01,6.914272525411924164e-02,5.993918211055471179e-01,1.053774619626861170e-01,5.163992094792076160e-02,2.915127804963395242e-02,2.246861235439508164e-01,6.965044686827605025e-01,3.420483280287145988e-01,4.053569821614422253e-01,1.406010335424334734e-02,4.866529043116418762e-01,5.420444468381012681e-01,2.731982473660127808e-01,2.431471936804931178e-02,4.773436550839269543e-01,3.237039292295381121e-01,5.537075712041226172e-01,4.537666907863198151e-01,5.382167111300721896e-01,2.897711665532528014e-01,8.696237724592672524e-01,3.402884317684644055e-01,4.880272395799130636e-01,4.636240559452492471e-01,3.011758557557639993e-01,4.331247839152229662e-01,4.532381359342905758e-01,1.075006962910866337e-01,3.124587977598982658e-01,1.137809801275820598e-01,7.389602982257538477e-02,1.129816740857579882e-01,1.256472155675077140e-01,4.213363052174184942e-01,1.613973644574630550e-01,7.259837496585057615e-01,4.126073541802942612e-01,1.105345029904915288e-01,1.666792350495280295e-02,2.867832698621479715e-01,1.433891759492345319e-01,1.728055068819246975e-01,2.437815769119138637e-02,4.207213183155117942e-01
1.847033740828116222e-01,2.341281572222292384e-02,7.572646754052566598e-01,5.126489170612195112e-01,6.172535345216149105e-01,5.501603845762286227e-01,5.251536627062740603e-01,3.652361403959900055e-01,0.000000000000000000e+00,1.820026980280517737e-01,8.335933959421674144e-01,3.439389776103011220e-01,6.625973825090574199e-01,1.167645970336834288e-01,5.150013456406179468e-01,1.212623118748037132e-01,2.473111359530000275e-02,3.840355717917844913e-01,7.499692338565197014e-01,7.052994628319673165e-01,3.205100272026437658e-01,3.160360374294404751e-01,5.493279299228140955e-01,4.060936277502107394e-01,4.362229927892375958e-01,1.228822875629592970e-01,6.232884457472617212e-01,6.989408606536009483e-01,4.188893161792405229e-01,2.893963145504331314e-01,2.092762482915578315e-01,6.591738090379031245e-01,3.948092397755842420e-01,3.641724933000449194e-01,1.518045730151617589e-01,1.746689906741293596e-01,3.898829918569381436e-01,1.597807633672631011e-01,6.404213405684400229e-01,5.962302838635173685e-02,9.975625596094811476e-02,7.630606826528830988e-02,2.574713723341134353e-01,3.067300142998356516e-01,1.766627216709343584e-01,4.717308631044814238e-02,3.541322635911887118e-01,8.180124737717804351e-01,5.122292168059124906e-01,7.415309289194643716e-01,5.162449550823897670e-01,7.589691625261654195e-01,5.542759900769786974e-01,9.165953722368529455e-01,1.748633890497686694e-01,9.138040265332603163e-01,1.908205902708170754e-01,5.217130119630646323e-01,6.246869310264342445e-01,6.330769106260136780e-01,2.213990774526383709e-02,3.692411886247812802e-01,2.230242926937858750e-01,5.717596791635342068e-01,7.137773933126646542e-01,4.141684869312471373e-01,6.587967249092401278e-01,6.319776866573565410e-01,4.398982292486764423e-01,3.231510218545795565e-01,1.793289673475900736e-01,6.693665464997391457e-01,2.578205108543714097e-01,4.597645522070948343e-01,5.305580939496970516e-03,1.289390209447012214e-01
3.689390570286712467e-01,4.180568850587522145e-01,3.420250222655558670e-01,2.961528644415334366e-02,2.966964742767614904e-01,3.041767651650449933e-01,3.095310923840957074e-01,3.139317724480190641e-01,1.820026980280517737e-01,0.000000000000000000e+00,5.699596803843717807e-02,1.678649989542945198e-01,4.342425234378053944e-01,1.347572609549418376e-01,3.449323725980303346e-01,1.631446453769895555e-01,6.811837553143281765e-01,7.198503280331214338e-02,1.565165698915126080e-01,2.250921017535675583e-01,7.802211449051998926e-02,4.620719183805351848e-01,1.402465388469609220e-01,2.349530244932286627e-01,4.968944476914418651e-01,6.597921996311233439e-01,2.782171904099156046e-01,2.656799254599218618e-01,2.235202357645615368e-01,2.770546819193381860e-01,4.185098727168846677e-01,1.700194778645852944e-01,2.765456592921081702e-01,3.194517289023861562e-01,9.947135177818529350e-02,4.894899570542841083e-01,5.203957441128646000e-01,3.264366829631089040e-01,1.602374764084160963e-01,1.261825694158096034e-01,3.841834086222559175e-01,2.496071982241761800e-01,5.530222686838038859e-01,2.478273920919941975e-01,9.454576312559823115e-02,1.985897795506425256e-01,9.656883779633099185e-02,2.264795226210726542e-01,3.415737358590093531e-01,2.030021459841210574e-01,7.114451148204960218e-02,1.365211853498344285e-01,2.006717336224613235e-01,2.562679997126701137e-01,7.000286635208423647e-01,2.294659372077461346e-01,4.055924847484365103e-01,5.437387365650708793e-02,2.807878645632167630e-02,2.362697708951027042e-01,1.097856607831140807e-01,4.107258833309432311e-01,2.918392553295862113e-01,2.654098329629424047e-01,1.123297697238958559e-01,6.242399347624710826e-02,1.221819187649555438e-01,2.155995361696169121e-01,5.335117232040859081e-02,3.150500509023851370e-01,3.715549605090786578e-01,1.247613307039606434e-01,2.672251021469819188e-01,5.245859140180847424e-02,3.239651341485028091e-01,2.348697023525632421e-02
5.583436538269924421e-02,2.513114921991832507e-02,7.656222548839913822e-01,4.972137029775144934e-01,5.483852045800866604e-01,4.364693036752117505e-01,5.156284798671529890e-01,4.645190845775573063e-01,8.335933959421674144e-01,5.699596803843717807e-02,0.000000000000000000e+00,2.890231938188351224e-01,5.876535156455233722e-01,1.768501579455029893e-01,4.412732940466026488e-01,2.508976905317126804e-01,1.508946377709281528e-01,3.370247182990900869e-01,7.678538278724748034e-01,5.989687468210941335e-01,2.648256433933255938e-01,1.544055682559352105e-01,6.291275242745517637e-01,4.914477391089873692e-01,3.173931525414014354e-01,3.937710981856365478e-02,4.828136065998284709e-01,7.331202239829184286e-01,2.965039864066910669e-01,3.960033831390543102e-01,1.574194021100192020e-01,7.509920755532001335e-01,5.396102141243462880e-01,3.485537411009358433e-01,9.726444669497236184e-04,2.682236433507804996e-02,4.172122586243549036e-01,1.203726050142683301e-01,7.705741457669694761e-01,1.854692561363049941e-01,1.516442608238047218e-01,3.879485999824350273e-03,3.460809808747100647e-01,3.025922207955137333e-01,2.994203028763054997e-01,1.739734350865532742e-01,3.699426540689081389e-01,7.357525859865310380e-01,4.597978325724905169e-01,6.704311042287389721e-01,4.781606568305871718e-01,6.298075941694178947e-01,5.860762806214732112e-01,7.214371162053113684e-01,2.799223020664863837e-01,8.064493049312103645e-01,2.067638358957529787e-01,4.081352549091822324e-01,4.613476332789132051e-01,4.226831826931103930e-01,1.361103310387598297e-01,2.719658470714495513e-01,1.446704005627133527e-01,5.513744969863352274e-01,4.700349496074349709e-01,2.535143463341767434e-01,4.337762935866101288e-01,6.518260679640347499e-01,5.631970015947361796e-01,1.502568262323657200e-01,5.178470763971987356e-03,5.156182263150520528e-01,2.339365694674966634e-01,2.757047112823252655e-01,2.619250890040957236e-01,3.403815104428918881e-01
5.517905825106669826e-02,8.025349371713416669e-02,2.078044829716999276e-01,3.051472637959437018e-01,7.524370183888884345e-02,4.346613728928387932e-01,7.396324580465372944e-02,3.660417141362046767e-01,3.439389776103011220e-01,1.678649989542945198e-01,2.890231938188351224e-01,0.000000000000000000e+00,3.251454376315306427e-01,2.115696926181492854e-03,1.134010422776386834e-01,1.315058061491771180e-01,2.097962331794262503e-01,2.151403377415776474e-01,2.168876937862057874e-01,7.077317917619019294e-02,2.272343979052336704e-02,7.027629117544442749e-02,3.305660855875301452e-01,1.622859248057685888e-01,1.610272172324109241e-01,4.032967439370310769e-01,1.285707145305559351e-01,3.158214301408678870e-01,3.487137732616357733e-03,2.767386602527670547e-01,1.908307288930911061e-01,3.527361085704912580e-01,1.063980777976645808e-01,1.519696401404060926e-01,1.876106719449189761e-02,3.960691117921972815e-01,5.239640984767005571e-01,1.204539275186709557e-01,2.296043733173124268e-01,6.146529464991315472e-02,8.044372466903991492e-02,3.164376922453110419e-01,1.750131941200731567e-01,3.003443302549366201e-02,7.145498074642454844e-02,3.184568083351833889e-02,3.400001395381446745e-02,3.209557463974284097e-01,2.073439412014118077e-01,2.482484958350749116e-01,4.164594101070125953e-01,2.525953925259224464e-01,4.349272577948740670e-01,4.170843196662540886e-01,1.160935550500426516e-01,3.682098068898528309e-01,4.649604186376455894e-01,5.185899374707232390e-01,4.075437237119140521e-01,2.041085171058087955e-01,1.708310639684079701e-01,3.622849919417957532e-01,3.962804069256418982e-02,1.246642356191743073e-01,1.936896520895718399e-01,6.431482411276107092e-02,2.625780856916680450e-02,2.217134717497880048e-01,1.096402382386008623e-01,3.609785672593810585e-02,2.979633630377171438e-01,2.256202801097713095e-01,2.077398466716506853e-01,4.500516337234727882e-02,2.559533267643110052e-02,1.039860302915799062e-01
1.060442219726025620e-01,4.169996237006690087e-01,5.483615995763083673e-01,3.321732313701875050e-01,6.279504421332822162e-01,6.457456911918095788e-01,6.277755112825987860e-01,1.437323800181357081e-01,6.625973825090574199e-01,4.342425234378053944e-01,5.876535156455233722e-01,3.251454376315306427e-01,0.000000000000000000e+00,1.979787820473503102e-01,2.631852458664818428e-01,9.606689761380138304e-02,2.631581124337614153e-01,3.681902907365835476e-01,3.833508176383657595e-01,4.180138355120827098e-01,1.473269664842084270e-01,2.672521888717159233e-01,3.269039875281168905e-01,1.381775753453555744e-01,4.633805177841143208e-01,4.664622445643823445e-01,3.877421713548118709e-01,7.206311364682622678e-01,4.755862053587765481e-01,1.179814567139990111e-01,1.518400054274962052e-01,3.193277039599865530e-01,2.001482459556216953e-01,8.612251291389728947e-02,4.351970997844571698e-02,3.574068829802975467e-01,5.060545609124283972e-01,9.778551644429248069e-02,3.026939797398031096e-01,2.302719067818431997e-01,8.681937925213628615e-02,8.850409843025136558e-02,9.574421175284231200e-02,4.850708608645946940e-02,2.600944941339433103e-01,1.172462770572831603e-01,1.723432677961141135e-01,3.802850889223439168e-01,6.337786280097594538e-02,3.563339566085974575e-01,4.007160409966455950e-01,4.532292948024830848e-01,2.317064868268257638e-01,5.715615814322130284e-01,3.680562818209287546e-02,4.936021763946764618e-01,4.387646620260587937e-02,4.880273232347664969e-01,3.023167659529560902e-01,3.053504639367216056e-01,6.018802229153876610e-02,3.899015476635807054e-01,3.413876780209622597e-01,2.680521473480604322e-01,2.886157214663739312e-01,6.842661811876238342e-02,2.667426516862265173e-01,2.042304244707240091e-01,2.220836795756601645e-01,2.534084599322874443e-01,1.830961812285146206e-01,2.505596863798859042e-01,1.969014434357834187e-01,1.324636191763034487e-01,1.557521500075827181e-03,2.379872794076248743e-01
4.810070053447999122e-02,1.020325521348257602e-01,2.412296352440332359e-01,2.485853081673952414e-01,3.556908087113589967e-01,2.906983044340878675e-02,3.354130701483449828e-01,1.740854420299977057e-01,1.167645970336834288e-01,1.347572609549418376e-01,1.768501579455029893e-01,2.115696926181492854e-03,1.979787820473503102e-01,0.000000000000000000e+00,2.141381826686513667e-01,8.379121417172265274e-02,3.990475774924979319e-02,2.614104772820192296e-02,1.521745173238628623e-01,2.014956872756701600e-01,2.003641717011277537e-02,1.011220778428239819e-01,2.016142076883143952e-01,2.970231277840060247e-02,1.771195765982225626e-02,1.353451995046782430e-02,1.134974720000654219e-01,3.103474282565522047e-01,1.848313630743798064e-01,2.413679402996067869e-01,2.357631266866984932e-01,9.749303097841791055e-02,2.170816071662874103e-01,9.326568918655935014e-02,1.015977069777445202e-01,1.324855106252916803e-01,2.216108504716785832e-01,5.913778536029365429e-02,1.507044059737032149e-01,1.713372613652801579e-01,1.680950378112236188e-01,1.826778327037002769e-01,8.599874129908721687e-02,7.560458770682614016e-02,1.218770972271581571e-01,1.521630041323422319e-02,1.673854327215763271e-01,1.722085498549333349e-01,6.434414155795956103e-02,1.765113293167846764e-01,7.245457002686703230e-02,2.038482182540494181e-01,1.469058043609008657e-01,7.160819069778501245e-02,1.720914347829450436e-02,8.789113114065016941e-02,8.594235500189989496e-02,1.080588545933316574e-01,2.194440756691560246e-01,9.797759583792843563e-02,9.697408398768993243e-02,2.399959839369092962e-01,2.140757210702370350e-01,8.719783864986407895e-02,6.592838601490237649e-02,4.428694495737691555e-02,1.434862436502659655e-01,1.784285276868620429e-01,1.263222943347508953e-01,6.689219320697008253e-02,3.566113029719750194e-02,1.118649090921598477e-01,1.310548145425564637e-01,1.007808016834344372e-01,1.143917045170319557e-01,1.538338464525271509e-01
4.235034736877396622e-01,1.612132913615258734e-01,5.404415759062982660e-01,7.827853106639873215e-03,4.269025655797940022e-01,4.089334778413112881e-01,9.821217593409076185e-02,3.599973261603561792e-02,5.150013456406179468e-01,3.449323725980303346e-01,4.412732940466026488e-01,1.134010422776386834e-01,2.631852458664818428e-01,2.141381826686513667e-01,0.000000000000000000e+00,4.714998843859929956e-02,2.374658731315887339e-01,2.230786322560568691e-01,4.940092566680235886e-01,7.746596341834898203e-01,2.265240268167861837e-01,7.512321847775299544e-01,1.933828604838510601e-01,1.320642636037541728e-02,5.012245112833015881e-01,2.561740731050645148e-01,6.213734300656702514e-01,4.109934760133595599e-01,2.070141837663504736e-01,2.032544309057249254e-03,3.211027046494239201e-01,1.823058390973345266e-01,7.289445877282491049e-02,1.276746331024834757e-01,8.037264316538715592e-02,5.360052216463513652e-02,2.444653853431848489e-01,2.305230255054561972e-02,1.856826466829687161e-01,9.866503700253720366e-02,1.147972391227784911e-01,1.408735552305416250e-01,1.318323706875461632e-01,8.003276510724663395e-02,9.026730217518139088e-03,2.150382434082294125e-01,1.153317137547171800e-02,5.925449564945047820e-01,7.734251449683331170e-02,1.236016482930917537e-01,3.595905085850453764e-01,2.930878067279302224e-01,1.770673370170990912e-01,5.878346017316722349e-01,1.923764921668763561e-02,5.438620416661942292e-01,1.740849566693693229e-02,1.494049038770371984e-01,3.420343611989105637e-01,7.541316439614520473e-01,1.164992727811505202e-01,1.880669682609345528e-01,2.006241136111177048e-01,5.676550647003223427e-01,7.329434119756977895e-01,2.349510062762945606e-01,6.161153885014478693e-01,3.267475104297704047e-01,1.001716620307525618e-01,1.562505031804752031e-01,1.935815791957079535e-02,7.301076852638045400e-01,4.121385038481299445e-01,3.895828954842222580e-01,1.625589799227175336e-01,1.159146965029890508e-01
3.600084190897323566e-01,3.562985201169233673e-01,1.600439666377198589e-01,5.814404641435230031e-02,1.847347600265221157e-01,9.211983394092876365e-02,1.660862410290799562e-01,1.254049009940292614e-01,1.212623118748037132e-01,1.631446453769895555e-01,2.508976905317126804e-01,1.315058061491771180e-01,9.606689761380138304e-02,8.379121417172265274e-02,4.714998843859929956e-02,0.000000000000000000e+00,2.962519895233451939e-01,5.151032170965044177e-01,6.708287782544945788e-02,1.739052793218776038e-02,9.327580611718494508e-02,4.537665714027766528e-01,1.005435103877194286e-01,9.226066043788756776e-02,3.116587355010179139e-01,1.691856351446095197e-01,5.779629963204166443e-02,2.378484097466065927e-02,5.091895970403590432e-01,4.453981735672113418e-02,3.146691150979471496e-01,5.505284309550070171e-02,3.402786966435292770e-01,7.595227683597594037e-02,1.941116404373038340e-01,1.371384958392919684e-01,1.580943310985190586e-01,1.079123195336411378e-01,2.327598858238310447e-02,2.719056992604733658e-01,6.706389545745264358e-02,1.684330556398108414e-01,1.784809555623143584e-01,1.616839340632456601e-01,1.140426169279964569e-01,2.083270955908565758e-01,2.364057517050244250e-02,2.446606606483863189e-01,2.692148630114743479e-03,1.677839403854368694e-01,3.666626016526886023e-02,2.868283156000647760e-02,1.806412425823562262e-01,9.059079702341699125e-02,1.559858248828402405e-02,9.861041063628286918e-02,1.997443452416081677e-01,3.549966443335050847e-02,3.030752365782072091e-02,1.352525763143291870e-02,5.737031899783724409e-01,6.912816092886631125e-03,2.366289782791261009e-01,6.989550818057230219e-02,2.655945544320609253e-02,6.705179970286356816e-03,2.611275438754284139e-01,1.931915585096775634e-01,1.112669282448968400e-01,1.441592466293819264e-01,9.000793665912129593e-02,9.301488584408412752e-02,6.073562358499484670e-03,1.813483138073005707e-01,1.412299603015962635e-01,3.118995787404275633e-01
3.155439777721075201e-01,3.233998255639497499e-01,9.291158645613972755e-02,1.251265287635416890e-01,1.233929216610325508e-01,1.395093829493045945e-01,1.265543874849797690e-01,3.678975634493018010e-01,2.473111359530000275e-02,6.811837553143281765e-01,1.508946377709281528e-01,2.097962331794262503e-01,2.631581124337614153e-01,3.990475774924979319e-02,2.374658731315887339e-01,2.962519895233451939e-01,0.000000000000000000e+00,1.649339036770586242e-01,8.641488053819784687e-03,1.657605966436579426e-01,1.008417756799571685e-01,3.645222724426439576e-01,3.269773690825614754e-01,3.326029093759356736e-01,3.543721328221410838e-01,6.105190609169560689e-01,4.744192267634203541e-02,1.903883370270024744e-01,9.874613087900591113e-02,3.607635371123212864e-01,3.270616886537456858e-01,2.837065933927168659e-01,3.262760963990058993e-01,3.680983040909959758e-01,5.412763572672360524e-02,2.649430845546220659e-01,3.101276100071240771e-01,3.813185380385419876e-01,2.747084518980491552e-01,1.420998298506322144e-01,3.568987722563387033e-01,3.565420344818199250e-01,6.594880063713788321e-01,3.896442902586957358e-01,5.980865411900515571e-02,2.775139026566246780e-01,2.924830279629118124e-01,5.282810424098080548e-02,2.824389379770188557e-01,3.353176598174474887e-01,3.092928717878698497e-02,5.730332798488974033e-02,2.728462411705140367e-01,1.043877401481253242e-01,4.837854758547803780e-01,2.062514857585451278e-02,3.410208995709642088e-01,7.605746883811015380e-02,8.434995626881845732e-02,1.209257801710333646e-01,9.556775296177436041e-02,2.987747107622802933e-01,2.434533988751728106e-01,1.563719195500796189e-01,8.752346955692230646e-02,2.189317510671913436e-01,5.748685413947074441e-03,3.981986132115453714e-01,1.454353295670365864e-01,6.511365031310004103e-02,2.561323026779169232e-01,8.833303967535555135e-02,3.879828349596027293e-01,9.030738245317437851e-02,1.993044765283586428e-01,1.813725471333046957e-01
1.599405135496957953e-01,2.268181962711818822e-01,2.425858453509771862e-01,2.123819609027876587e-01,6.677930292299215365e-02,4.424410053576551261e-01,5.733197496944713034e-01,2.878384689184076972e-01,3.840355717917844913e-01,7.198503280331214338e-02,3.370247182990900869e-01,2.151403377415776474e-01,3.681902907365835476e-01,2.614104772820192296e-02,2.230786322560568691e-01,5.151032170965044177e-01,1.649339036770586242e-01,0.000000000000000000e+00,2.908028379356337734e-01,3.755759047264460304e-01,2.234038705046682283e-01,3.678087056938147970e-01,3.101396526193881398e-01,4.391142161606489958e-01,5.746815817431321083e-01,8.813197569281011612e-02,3.722385485314519959e-01,3.115046025676963537e-01,6.510656240417562746e-01,8.047443379024028787e-02,2.262894527363416564e-01,3.695019801073211596e-01,1.789414132187910900e-02,3.283447358686240602e-01,1.457217089700770796e-01,3.151856571596746426e-02,1.391668391435217089e-01,9.221832005442326397e-02,3.583845416595669020e-01,2.403564078256978931e-01,1.996473017343828038e-01,2.087041725429744921e-01,1.493401793852782988e-01,9.739296136189326547e-02,1.503012695782899866e-01,3.177651291667471511e-03,3.051451889850441135e-01,1.885932428230548408e-01,5.368826391726545522e-01,4.258130140302905930e-01,4.823036631788160111e-01,4.571466326214440601e-01,3.210917748298849905e-01,4.573336636102214303e-01,1.984474044369810564e-01,4.415645825286412807e-01,3.827085335543390920e-01,4.375550478894698614e-01,3.773980461470227699e-01,2.912129373442224889e-01,4.458920656175198172e-01,3.075953836886430315e-01,5.218626879392327389e-01,1.893183488116968183e-01,3.791527905455117087e-01,1.520299408210178671e-01,4.835770578159666044e-01,1.949970025283962460e-01,4.394504472704519604e-01,3.452399342007902439e-01,2.477050497180555144e-03,3.826403084494536255e-01,1.743645451736880458e-01,5.211744482990912086e-01,4.488084182582099957e-02,7.494900195725545666e-02
1.506848549772532297e-01,2.090044358095641264e-02,7.972679689063575381e-01,2.705647763598559297e-01,4.694377999421885383e-01,5.218118464841965398e-01,3.137545142354117855e-01,3.322343551959583419e-01,7.499692338565197014e-01,1.565165698915126080e-01,7.678538278724748034e-01,2.168876937862057874e-01,3.833508176383657595e-01,1.521745173238628623e-01,4.940092566680235886e-01,6.708287782544945788e-02,8.641488053819784687e-03,2.908028379356337734e-01,0.000000000000000000e+00,6.572141963745625759e-01,1.465161800712620754e-01,3.924314268887723056e-01,4.774998183662371720e-01,3.676711109801219513e-01,3.421209396856605967e-01,7.953144805293119179e-02,5.621507153916065480e-01,4.891316306397067160e-01,2.766728350230770461e-01,2.481381210518479041e-01,2.827791600998131871e-01,4.706701444336910400e-01,2.425760625127777459e-01,1.961524777344368364e-01,8.915763734923667916e-02,2.178037575583915697e-01,1.873464879048176990e-01,1.043226340759915577e-01,5.581628296130678457e-01,1.069941862650640972e-02,2.018287982009808051e-02,1.054766596652810529e-01,2.808486945127375289e-02,1.875020107994624374e-01,1.182673393575771614e-01,9.684943226946308992e-02,2.806069348916684358e-01,7.697781436575681369e-01,3.482611407322997454e-01,4.398625929741238338e-01,4.836229984591783326e-01,5.290479386739801448e-01,4.489029888550247205e-01,7.383639711592275834e-01,8.606668260986635732e-02,8.678930467342367283e-01,1.863726160387829955e-01,4.560609424488762387e-01,5.720606106165320170e-01,4.936937195721247673e-01,2.141136521581483987e-02,3.302892489824036382e-01,2.452280166677100193e-01,8.493256776539693798e-01,5.505821635540020242e-01,2.238297746295498936e-01,5.369997074228951561e-01,4.895278830657753266e-01,4.390264255206384747e-01,2.369978272776834816e-01,1.357161582355434493e-01,5.501475986228616666e-01,4.518646937094927263e-01,2.596188262657392887e-01,8.846809004793274034e-02,8.582413655047783918e-02
3.266526735923911406e-01,1.214684974780322890e-01,7.141106350060282271e-01,1.968672479934127084e-01,5.182905894377959344e-01,5.528881313918940776e-01,3.384584155577872178e-01,7.411315474246385482e-02,7.052994628319673165e-01,2.250921017535675583e-01,5.989687468210941335e-01,7.077317917619019294e-02,4.180138355120827098e-01,2.014956872756701600e-01,7.746596341834898203e-01,1.739052793218776038e-02,1.657605966436579426e-01,3.755759047264460304e-01,6.572141963745625759e-01,0.000000000000000000e+00,2.481028877964119306e-01,7.316477155351971406e-01,3.163837833285957357e-01,1.516489389177499425e-01,5.244922206442423906e-01,1.634566212443292754e-01,6.809666567571609486e-01,5.493363496975285365e-01,3.529357278376669127e-01,1.573909642883064008e-01,3.342988153503476112e-01,3.383233132594062886e-01,1.716544177444865871e-01,4.776289732219690665e-04,4.192813635163063213e-02,7.875267564447128998e-02,2.869733722580808388e-01,8.299442057195891009e-02,3.748360818284463547e-01,5.518123059758192617e-02,5.534837184372080887e-02,1.777679607853624444e-01,7.094913529719638901e-02,5.467887182348424302e-02,1.495847822823656303e-01,7.727870195713565371e-02,1.607737727792312721e-01,6.480610573618914572e-01,1.812065484674821314e-01,3.918662924715767826e-01,4.939968652794147763e-01,4.813637194738829006e-01,2.623839537901512253e-01,7.314644751373797771e-01,1.249900413184209247e-01,6.617771020343831134e-01,1.767341577822499343e-01,2.959579825380742046e-01,4.648669816870514282e-01,7.338588769904276221e-01,1.868631252849872193e-01,1.892850995107604462e-01,3.280137230368528334e-01,6.698702885746737890e-01,8.158057660885240647e-01,2.555641682583281726e-01,6.869461268200405257e-01,3.540624425056926872e-01,2.780196895422150649e-01,2.387695317573674814e-01,8.728788977904744506e-03,7.044190382710139309e-01,4.546377815487408491e-01,4.010930780294739151e-01,9.411388705021539458e-02,3.856183678981803253e-02
5.954280461162952953e-01,2.064507386583505077e-01,2.027902238985332950e-01,1.310552928047878096e-01,5.475416803784338704e-02,4.080274882487450183e-01,5.597149028855852304e-02,3.956453567271103200e-01,3.205100272026437658e-01,7.802211449051998926e-02,2.648256433933255938e-01,2.272343979052336704e-02,1.473269664842084270e-01,2.003641717011277537e-02,2.265240268167861837e-01,9.327580611718494508e-02,1.008417756799571685e-01,2.234038705046682283e-01,1.465161800712620754e-01,2.481028877964119306e-01,0.000000000000000000e+00,1.482046635370188326e-01,5.000535484709704992e-01,1.622288930481972924e-01,4.585252383431614454e-01,1.296379704182773207e-01,4.305150693611341506e-01,1.679999185267160855e-01,5.213292871625467839e-01,2.995232133285891107e-01,4.599217016905098876e-01,3.079601067901713285e-01,1.478918712403123337e-01,4.118381382084421172e-01,4.674566846428174910e-02,1.363157048865787924e-01,9.478034735280048417e-02,2.048925682809444870e-01,2.404112227909276367e-01,4.094172141679561783e-01,4.047119032302610719e-01,1.899265720510075472e-01,3.951283863431402366e-01,3.786441176468541836e-01,1.767184343560511961e-01,4.495092925530247974e-01,4.346109480815514847e-01,2.145766841581785156e-01,2.740237274295871384e-01,1.454227108683079916e-01,3.870251882348249017e-01,2.322427437180099863e-01,4.862612763008047345e-01,2.926945502603558458e-01,1.778458803876811767e-01,3.277837536661235007e-01,4.170243050210778457e-01,2.125759578799135407e-01,2.307242005269308505e-01,3.324951042949175761e-01,1.526547054163740480e-02,7.640244429793455194e-02,3.459809603066235639e-02,1.347652272904470427e-02,2.613851529098016324e-01,7.708597165661869033e-01,3.483895731070865143e-01,5.688516175938052033e-01,5.880985556958853722e-02,2.770148722967373800e-01,1.493307355044025120e-01,4.038012168356959752e-01,8.282261062826534737e-02,5.470239848199809352e-01,3.175452072701435979e-02,1.372670475126396006e-01
