0.000000000000000000e+00,7.506931282610509459e-01,3.744912805267009981e-01,6.179916947904905422e-01,2.525401671288726169e-01,2.621312277572288019e-01,2.594848312311117677e-01,3.080834287908685853e-01,9.342449763835786181e-02,3.509356088424282483e-01,5.546176433911501613e-01,3.386646422447295857e-01,6.049396873514735207e-01,1.463981601047183723e-01,2.900481983129180596e-01,5.339311823310639582e-01,1.831482139699067702e-01,3.585146734861867079e-01,6.020270029298161463e-01,9.847037608599135128e-02,4.214739238366242979e-01,4.362432474953559236e-01,3.432523112654599085e-01,5.705762447062049381e-01,6.998681753618252177e-01,8.043699791372403984e-01,1.144840758481720511e-01,2.724444784328328151e-01,3.724626494780325925e-01,1.560907786502541139e-01,1.602206869636987330e-01,9.994018501393633902e-02,4.319795785607871696e-03,2.939921962551195755e-01,6.117909601228888744e-02,2.109657527846385272e-01,3.356989202523585347e-01,2.853439251376349572e-01,2.938439660773703999e-01,2.384659347071263480e-01,2.080471503062485406e-01,2.569098736800323746e-01,1.044151433912717530e-01,8.517302460072066761e-02,8.060112653132479876e-02,7.842503753699342495e-01,6.716597612627738245e-01,2.671153595522051116e-01,6.708944904301077372e-01,3.786341075443338533e-01,1.416797394144223010e-02,2.756024234221588487e-01,3.311075542803694205e-01,1.111223930090174394e-02,3.030619182230392950e-01,3.917798896301719624e-01,1.752550923949405259e-01,2.230913141381079545e-01,1.065750672622570172e-01,5.035900070926048189e-01,6.858408446301080819e-01,2.617837679753670654e-01,4.875203883887667677e-01,5.024204748878626781e-01,6.538586536683428374e-01,5.188699467454175318e-01,8.261138447631680704e-01,1.784061713811534167e-01,6.415903237053586228e-01,6.941323040969882285e-01,6.924814033222570497e-01,1.573384259929392071e-01,3.435790214240567741e-01,7.030763672778934659e-01,4.390932419125305741e-01,5.374530328893726283e-01
7.506931282610509459e-01,0.000000000000000000e+00,1.177281900653112667e-02,5.596214541030335443e-01,1.637209641281148209e-01,3.865707024700305583e-01,8.628712044865408104e-02,4.223341754682852223e-02,1.909467288466521195e-01,3.673410151883161889e-01,2.070732482630502358e-01,1.985219449778607981e-01,7.119993851430300724e-02,2.886237184723580707e-02,4.344618871085601519e-01,4.557510648062545466e-01,2.499374045129813537e-01,4.778706511104809929e-01,2.073507313365212379e-01,5.082628227505525675e-01,4.502721918318639549e-01,6.275024033201016538e-01,2.274108200793667489e-02,2.488667040689109822e-01,7.761943288253645434e-01,8.199611319756039407e-01,3.997847067709063285e-01,5.181912159713145116e-02,1.406336175495405683e-01,1.602050199724650015e-01,2.673720684113387036e-02,2.134866526722108693e-01,4.660681488554335727e-02,1.615264426359170336e-01,5.924759889690783127e-02,2.587423635436965352e-02,2.806041254035625543e-01,1.517386557001726144e-01,7.431513996564437230e-02,1.119786937825713591e-01,8.920390212074941205e-03,1.713527690332484477e-01,2.219216781211769129e-01,6.915703210122325917e-02,2.166188997535715421e-01,6.357376556105716059e-01,7.294020176412918666e-01,1.917612471332882929e-02,5.881691134117060793e-01,4.077149071892058330e-01,3.327798644019212548e-01,4.805363182638648645e-02,7.931827228725268908e-02,1.406173662166809446e-01,2.458178627093663415e-01,1.972306081181373072e-01,1.390429568247567582e-01,4.119635625640921117e-01,2.404269827710809465e-02,5.843905168225329572e-01,5.932987136068447187e-01,1.847820877573884690e-01,4.405043901630807390e-01,1.660802796731998821e-01,6.313084710623109164e-01,4.266271933571041952e-01,7.871779772237325057e-01,6.026380721218319025e-02,3.296278787994373904e-01,7.704548478500026221e-01,6.314514337637087138e-01,4.800463775270825684e-01,2.857927475446636612e-01,5.576096042918528006e-01,2.111230809544571985e-01,2.843331412543000924e-01
3.744912805267009981e-01,1.177281900653112667e-02,0.000000000000000000e+00,2.250163559026437110e-01,5.096155784370128838e-01,3.964939973870851286e-01,2.833566525400587066e-01,6.055063715083772724e-01,7.316535373625203675e-01,1.351814879384905799e-01,8.686579120443662649e-01,3.874719367711978446e-01,5.459551977411170043e-01,6.473823884122585637e-02,3.299354006314553223e-01,1.594554693806643497e-01,1.213930283684517830e-01,2.269009849706386805e-01,6.566952673883990066e-01,4.575805022523322108e-01,1.726247671764311042e-02,2.963055625757473055e-01,7.300140171058001615e-01,5.188342672686470092e-01,1.843529246091095419e-01,2.674072691019653836e-01,3.740131520963079770e-01,3.729471949552837229e-01,3.738584287473741830e-01,4.907323169375276128e-01,4.013265081739628148e-01,2.843624714683730126e-01,2.815804023296258896e-01,4.791297274885099600e-01,1.974770138176616119e-01,5.957347722627275022e-02,5.048762851168350080e-02,6.569365608922220212e-02,3.620623647836549441e-01,5.042737472632942142e-01,3.550151885256462858e-01,6.735220478105774511e-01,1.155789483038024978e-02,4.493688714279643615e-02,1.423171193036679993e-01,3.544356271281261517e-01,1.742751584746891069e-01,9.501212592265225743e-01,1.962781487259215307e-01,2.368732211060239345e-01,1.716301099146328168e-01,4.600314391540960002e-01,7.231786406859415095e-01,7.079658138797584321e-01,3.165343100441997404e-01,8.199066540807098402e-01,3.284353381728645216e-01,2.041110667141969037e-01,2.553597514800869939e-01,3.256108284066639436e-01,3.993689151348526201e-01,3.596854074326865103e-01,4.011196882550998044e-01,7.122229887204044596e-01,1.248608676182634825e-01,8.126943829528054941e-02,1.558317119924100269e-01,6.342616650859678185e-01,5.535576949853966422e-01,3.710411176226648955e-01,3.289706838925927634e-01,1.139133085959642688e-01,1.206277451491728492e-01,4.695666773547378381e-01,4.924276760030120714e-01,6.147967235460860547e-01
6.179916947904905422e-01,5.596214541030335443e-01,2.250163559026437110e-01,0.000000000000000000e+00,1.822548991543013197e-02,2.397243771123840420e-02,1.123890097018669931e-01,1.953332459056118797e-01,1.435874827876572335e-01,5.058868824524361818e-01,3.227900340411992142e-01,4.001609245231914636e-01,1.447293229229461575e-01,1.870386228993602129e-01,2.322309417660818887e-01,4.380937236916516153e-01,5.365764233472473110e-01,6.440700580504908901e-01,4.697181702491644573e-01,3.164688429376517620e-01,7.684471432272296787e-02,5.003362150984705936e-01,1.575666835105994645e-01,6.689912529906854033e-01,7.931352784672289769e-01,6.243149580839408852e-01,2.137641920743484358e-01,4.212535368280556636e-02,5.028305390262052810e-02,3.295556625221834901e-02,1.229278180782926305e-01,3.079954426173022591e-02,9.012999358808618244e-02,3.852038719294247349e-01,1.123934931998111647e-01,1.249468220660319984e-01,3.847405800229742323e-01,2.636798474878008225e-01,3.067150567417827878e-01,1.010821480809918904e-01,2.299602314418745519e-01,3.607597978733353972e-01,1.326383261721883755e-01,5.188987955458382317e-02,3.160556008506484327e-01,6.620821174745070703e-01,5.269975054907869438e-01,5.859469188819854679e-03,7.939607020026278050e-01,2.725608597734212601e-01,3.906483105069226136e-01,7.157044485270902534e-02,2.393269241121148971e-01,1.619051236442329844e-01,5.099150212686422989e-01,3.015769259931563862e-01,3.869754971877696348e-01,3.913414244029831957e-01,1.803147218594645107e-01,4.227402739904033147e-01,7.240166221743338237e-01,4.335596529096651386e-01,6.453010124728059127e-01,3.769076995584005330e-01,7.595803890697154781e-01,1.913777478278366750e-01,7.009458822185856697e-01,2.222913256948266109e-02,7.264654788938795793e-01,8.238093866467460780e-01,7.291036547778035892e-01,4.254764279919287517e-01,4.422263206647911171e-01,7.347711334509274828e-01,5.210024793483636341e-01,7.929544632770906265e-01
2.525401671288726169e-01,1.637209641281148209e-01,5.096155784370128838e-01,1.822548991543013197e-02,0.000000000000000000e+00,3.575562669385825565e-01,6.575101921969105367e-01,1.617572915346566498e-01,7.494536264934321679e-01,1.141678669911055932e-02,5.252704628463098491e-01,3.986440343869060432e-02,5.160172441744579341e-01,1.155184423347644096e-01,1.513596037901793201e-02,6.466298614861754057e-02,7.518423137600074857e-02,1.049447492364489753e-01,2.991539472794608190e-01,2.176717096018478403e-01,3.119172926062334650e-01,8.455430552052572990e-02,4.278529059566157366e-01,2.452447179643632569e-01,9.906851975879622796e-02,1.771860197409477755e-02,5.018072907060729948e-01,5.906068543831132223e-01,2.557382921148554367e-01,2.246065288555806339e-01,2.133655124007247106e-02,8.605038142317412986e-02,3.697792074157277842e-01,6.889568390701178435e-03,2.402396014643956579e-02,7.024433155112813632e-02,8.319844308674645417e-02,1.700674224272266111e-01,3.020309913143255920e-01,2.729674996165973311e-01,1.062841285596471813e-01,9.975828084548429842e-02,2.809460046377582620e-01,3.728145623795550700e-02,3.834770197929125712e-02,2.303413347467864747e-01,3.410559400157666676e-01,5.682658061761669543e-01,1.713238917887924262e-02,6.412185019955460863e-01,3.291850058947571878e-01,7.838957405587020366e-01,2.073301371981898789e-01,7.303354390985556943e-01,2.709982760726842299e-03,6.094255440593794315e-01,9.425230508985626976e-02,2.592941168367965954e-01,2.425159397396266792e-01,2.940350545812547844e-01,1.852845737412831539e-01,1.372844388470566002e-01,2.163746885219572924e-01,1.636578775670383679e-01,8.034210401299443638e-02,1.896662723426718322e-01,1.770551956420503559e-01,5.668322859781169676e-01,3.231671036223383586e-01,1.408605290703205670e-01,1.492312178626871710e-01,3.423606000586639775e-01,2.940482892502179757e-01,2.876328958409562347e-02,3.251854033291400048e-02,1.179436323542951692e-01
2.621312277572288019e-01,3.865707024700305583e-01,3.964939973870851286e-01,2.397243771123840420e-02,3.575562669385825565e-01,0.000000000000000000e+00,3.017158427208955773e-01,5.261784027094645877e-01,4.352738665412723695e-01,1.353524508013670413e-01,4.410066589041081730e-01,2.078142899630290308e-01,5.133736259144328073e-01,1.529044049215265433e-01,1.290743243533081785e-01,1.811841734669858428e-01,2.687440404336041699e-01,3.119956019967448091e-01,2.639837159156436242e-01,3.770476200677382872e-01,1.207349008914706534e-01,1.930218637011210658e-01,5.034273698703434219e-01,4.091087154506850565e-01,5.540081948084324415e-02,4.982551835273196783e-02,6.695117259254147468e-01,3.746563325860033933e-01,5.917929331128539694e-01,4.096601006463311545e-02,2.414606723819499867e-02,7.763779352389389710e-02,8.753706982022982364e-02,1.758526559245170706e-01,2.391091249437413135e-03,9.614050412743826990e-02,1.943798273537284960e-01,1.504749581694503069e-01,4.146777856026212516e-01,2.485494390326926650e-01,3.487416944925982309e-01,5.931872217695952632e-01,6.588747939947872667e-02,3.042296002606357380e-02,6.440178457715255156e-02,3.889607372366938876e-01,1.310024528224955631e-01,4.480210458492032144e-01,3.542984310236761691e-02,3.841739069478751489e-02,3.543341412110999067e-01,4.120117443845302541e-01,5.695177816727738929e-01,2.990453215867182046e-01,3.755555325605661743e-01,4.873147359103291443e-01,2.880929031256061479e-01,2.596350703555866390e-01,1.013410992168598534e-01,4.188717253836560239e-01,4.383744268117027443e-01,3.997777869778441628e-01,4.089343616065249098e-01,3.253107921590605023e-01,1.949388206176227989e-02,6.482087599322547411e-02,2.009420971220426400e-01,4.946330975151619347e-01,4.030810744498656839e-01,1.561656777291342002e-01,2.640021898355919827e-01,2.723130711851118879e-01,1.178257544065892531e-01,3.025071592051429281e-01,2.807148496167670149e-01,3.973277263451678865e-01
2.594848312311117677e-01,8.628712044865408104e-02,2.833566525400587066e-01,1.123890097018669931e-01,6.575101921969105367e-01,3.017158427208955773e-01,0.000000000000000000e+00,5.010509030556606347e-02,5.432398279145037590e-01,1.455785775502392854e-01,2.448873078143632975e-01,1.691007948091718949e-02,5.575558163918959975e-01,5.947330926679303409e-02,2.803443255462347294e-01,2.143710307572834761e-01,2.997323240304154979e-01,1.791523050551062923e-01,8.225880402648513834e-02,9.264736828285638492e-02,4.546661865780767808e-01,1.194408523173999259e-01,1.665560518527974543e-01,8.839194978127284941e-02,5.217868190862612332e-02,1.840833541575104260e-02,2.318636996716841869e-01,4.901346733341071515e-01,4.310708375353607957e-01,2.046088517328235046e-01,2.443084571072917099e-01,1.531309255446574036e-01,3.583812734188502880e-01,8.818298056939673224e-02,2.057335232757974419e-02,1.886034549512461689e-01,1.557756593022140978e-01,6.510673096775942970e-03,6.257764804472881748e-02,3.304748215885223162e-01,2.107713560422606047e-01,4.580695560891800272e-02,9.562818573789243215e-02,4.180420854860442126e-02,1.030996566448176555e-01,1.203402032889850509e-01,4.050398263820950140e-01,3.165428573097370801e-01,2.731766829056206380e-01,5.950891328889362786e-01,2.214798005487013111e-01,6.852144367474368725e-01,3.223027952851738320e-02,4.849419782989246586e-01,4.681810670875807823e-03,2.274419878282821217e-01,9.743496908793874978e-02,1.232322651568535377e-01,6.707674567595517390e-02,2.132941265020512067e-01,8.999645731786087843e-02,2.063489465823377389e-02,3.074282704302588876e-02,1.485875688130625094e-02,1.261640763239867402e-01,2.385421952825728387e-01,2.255038565152979180e-01,2.173215440938146281e-01,1.868422100502539762e-01,1.370936192473441173e-01,1.825654382257832775e-01,9.364660728939946943e-02,2.340636004420063032e-01,3.516699622261482833e-02,2.412129070467369796e-01,1.066100757339800559e-01
3.080834287908685853e-01,4.223341754682852223e-02,6.055063715083772724e-01,1.953332459056118797e-01,1.617572915346566498e-01,5.261784027094645877e-01,5.010509030556606347e-02,0.000000000000000000e+00,4.110786026812637273e-01,4.355160134128560623e-02,5.043752147022917409e-01,1.865678031677830973e-02,5.160243572682225999e-01,2.203022718426108084e-01,2.536497856862673372e-01,7.257279555129282633e-02,2.065978167933595622e-01,1.530359652715762575e-01,5.435211104749839706e-01,1.559803736651095285e-01,1.939249397078068871e-02,1.249050011252287873e-01,8.031889316135825130e-01,3.257272681093674738e-01,2.102307693444328551e-01,1.825234914907075123e-01,4.534793817654579895e-01,2.249863706618645265e-01,3.263838322987541035e-03,1.736139011108299157e-01,1.476366992298723813e-01,2.211677730943498177e-01,3.678867838271682733e-01,3.792984755393519203e-01,5.409905752549040714e-02,1.484315307267598250e-01,2.747099249212780342e-02,9.163727286905232194e-03,2.626583103675025344e-01,4.730930756138354010e-01,4.106096034962981034e-01,5.292068734499087990e-01,1.709877231530049224e-02,2.633559634908960029e-02,3.185038790522601304e-01,3.534717597816229850e-01,2.639650706707433736e-01,6.366640136029355634e-01,2.120607800812083221e-01,1.040999400168601957e-01,3.213536969382271291e-01,2.374906998985035766e-01,7.951889339103815901e-01,3.307116280327361824e-01,3.097834963308969125e-01,4.979073017031191428e-01,7.092837806245338994e-02,1.350386358508054441e-01,3.763245131025882428e-01,9.155982057889436310e-02,6.145711533346502886e-01,3.527698383644918279e-01,5.329762549046496156e-01,5.432069922447066990e-01,2.403820191313324750e-01,9.606483706101384690e-02,2.970560536725375123e-01,6.318684882703536898e-01,3.967758898351664287e-01,4.597520212081189217e-01,4.357862692394195436e-01,1.624239670365934252e-01,2.835716462830707441e-01,5.455846487211882812e-01,4.974584852094968146e-01,6.178246693175326598e-01
9.342449763835786181e-02,1.909467288466521195e-01,7.316535373625203675e-01,1.435874827876572335e-01,7.494536264934321679e-01,4.352738665412723695e-01,5.432398279145037590e-01,4.110786026812637273e-01,0.000000000000000000e+00,1.258949651666154690e-01,6.236899383040439560e-01,2.464640450446045628e-02,6.746887679921502734e-01,4.062091092127621816e-02,2.734016693213229821e-01,1.687495178106097338e-01,7.034401206410503815e-02,2.315595710491510917e-02,4.379785962331271265e-01,4.616916474738558818e-01,1.006051141745364086e-01,4.548065740352492115e-01,5.979963422317489119e-01,2.519210272982345122e-01,1.813316660921125145e-01,8.172791890871120013e-02,5.912198556531794713e-01,6.487295300106521445e-01,3.718286541256054512e-01,4.340835827509706424e-01,2.872090181980762047e-01,5.194674989029368639e-03,6.378501539452929858e-02,2.228318045782824997e-01,1.496877834621156145e-01,7.821960742344521988e-02,5.782521457499449624e-02,2.888857498260962164e-01,2.468035677228703761e-01,3.116686353006887372e-02,2.547271499645198389e-01,3.446651446905163452e-01,2.075081892416586193e-01,6.724242784869641221e-02,2.152926603617721923e-01,9.228558783639845275e-02,7.137929293594269531e-02,8.417750106201324911e-01,2.334249829251493907e-02,4.620152453716491192e-01,3.673123005788236362e-01,7.357633032667840745e-01,4.557771589292237135e-01,8.758660498017036833e-01,4.005338037320860245e-02,6.743664158424494959e-01,6.938979102372924701e-02,4.156901266998273003e-01,2.583404104134063295e-01,5.384214772517099679e-01,5.197903740374257286e-02,1.237433521618804544e-01,9.826146312327424526e-02,3.354438208952767453e-01,2.622155814282574049e-01,3.282990390118001311e-02,1.007421373881541848e-01,6.803845698576971301e-01,3.125956441293745725e-01,2.833866125579984074e-02,2.066080389590962962e-02,3.143326821350171940e-01,1.877270571198072224e-01,9.505784944744577469e-03,1.301804020529036543e-01,1.467732105587803426e-01
3.509356088424282483e-01,3.673410151883161889e-01,1.351814879384905799e-01,5.058868824524361818e-01,1.141678669911055932e-02,1.353524508013670413e-01,1.455785775502392854e-01,4.355160134128560623e-02,1.258949651666154690e-01,0.000000000000000000e+00,3.570958376354124719e-01,5.756163220994632290e-01,1.221468590953253552e-01,6.493997032612115750e-02,2.583090516561030725e-01,5.888364376883992168e-01,8.056926395356601711e-01,6.186732165905790559e-01,3.906848675952490080e-01,2.182312248280880718e-01,1.333268959967999767e-01,4.018902817713058129e-01,1.353993240853135771e-01,3.938625564300010096e-01,2.903312706793885756e-01,4.073680339009735363e-01,7.969584512888594485e-03,2.012479511274956612e-01,2.376176928851322367e-01,8.480663991179106243e-02,4.546753459104864170e-01,4.923017580180811814e-01,9.743468437012811623e-02,7.291340315937358540e-02,1.890843249568893158e-01,2.090716347854419399e-01,3.081098491074070744e-01,2.337603915161671486e-01,1.604587024182934363e-01,2.132286007527871285e-01,8.497896883646163801e-02,1.776347404222928528e-01,2.372380676690711843e-01,3.325283450811788999e-01,4.308456799554486460e-01,2.710803477516171012e-01,2.531559844377843094e-01,1.237701714514166662e-02,3.935513679187795932e-01,2.124766263623946438e-01,2.918788189480441830e-01,6.613776959726530569e-02,2.137681717298636763e-01,2.305532747997359744e-01,7.727260655747913987e-01,2.312492773698869020e-01,6.545399268280207572e-01,4.052095603157709336e-01,9.830604231131576110e-02,2.291771610947704041e-01,4.018006465738843680e-01,6.361487215600865053e-01,3.673341550847618597e-01,3.617417868877648157e-01,4.338761505529666329e-01,3.543784718357426144e-02,4.242738754877983243e-01,6.068918321705213392e-02,2.804374951704358687e-01,3.825983306772801074e-01,3.725579466425415487e-01,3.697304591405564111e-01,3.965560265698190312e-01,3.739880407170542709e-01,1.504308870137714138e-01,2.779424422529671035e-01
5.546176433911501613e-01,2.070732482630502358e-01,8.686579120443662649e-01,3.227900340411992142e-01,5.252704628463098491e-01,4.410066589041081730e-01,2.448873078143632975e-01,5.043752147022917409e-01,6.236899383040439560e-01,3.570958376354124719e-01,0.000000000000000000e+00,3.501512873515981727e-01,6.210845659279826680e-01,1.251700521394327192e-01,1.287987651592973348e-01,2.892291010824289410e-01,3.578647214836434554e-01,2.881815652625093760e-01,7.885159783165541780e-01,2.246865795960472090e-01,1.325302960335829339e-01,8.066862555987122652e-02,6.807024876358171994e-01,5.522735807975531763e-01,2.677499330040326031e-01,2.832589750622018787e-01,4.415492989792438316e-01,3.418095551681815114e-01,2.984941932240476881e-01,1.359978244409279502e-01,1.590943650969874057e-02,7.947736200986207922e-02,5.750266647213712889e-02,3.418754048728551154e-01,1.362731301857927069e-01,3.449741523523623676e-02,3.297285052082914170e-02,6.265916296385093398e-03,3.212911130391820080e-01,2.270851196960670115e-01,2.992554086212662612e-01,3.989964531547751103e-01,1.713805761135855921e-02,8.605850318548129152e-02,2.360846630808903501e-02,5.129078487538030195e-01,4.060656005814585745e-01,8.287110776034392057e-01,2.583702825268521241e-01,4.098336175031978557e-01,2.790951704933620769e-01,4.601932461837590083e-01,5.488551041730151958e-01,5.550371764303444477e-01,4.398272643968287876e-01,8.589211885287013626e-01,2.797226240310126677e-01,1.387039616855795243e-03,3.262845931129310095e-01,2.555636066526085215e-01,4.547575858683244876e-01,4.519658700601977830e-01,5.519586848801516510e-01,6.703229403868209424e-01,2.170633129832874320e-01,6.365536732914003903e-02,3.343339687219060719e-01,6.456841601452210089e-01,6.287334984899656254e-01,5.687553463890779870e-01,4.333062484782222445e-01,1.020891622615508199e-01,2.096362912333354644e-01,4.904331596783572667e-01,4.288553452625614715e-01,5.292461693384094001e-01
3.386646422447295857e-01,1.985219449778607981e-01,3.874719367711978446e-01,4.001609245231914636e-01,3.986440343869060432e-02,2.078142899630290308e-01,1.691007948091718949e-02,1.865678031677830973e-02,2.464640450446045628e-02,5.756163220994632290e-01,3.501512873515981727e-01,0.000000000000000000e+00,1.162813551820152669e-01,9.146527736685011734e-02,5.277894871982437286e-02,2.924041334122311486e-01,5.148072320594079265e-01,3.627003844727138548e-01,4.950490698262036693e-01,7.039122885572432486e-02,3.844182007711081095e-01,1.437452904496139272e-01,1.697454553952176259e-01,8.320835808531541478e-01,2.133936887677949645e-01,5.578587417146346761e-01,2.233660283304759187e-01,6.564386587814691199e-02,6.693547419414460631e-01,1.501027366639688665e-01,5.378994218598698307e-02,5.397100432837175221e-01,2.290960030123103119e-01,2.544861304786855127e-01,1.593832144614071647e-02,2.115617885280373367e-01,1.106406822252377631e-01,3.772090731983223644e-01,6.412625919095800431e-02,5.241461936288105417e-01,3.265323645683460563e-01,5.608266307927444183e-01,3.498339733196449419e-01,2.146194236594262394e-01,2.888980320583781625e-01,3.088721734072547576e-01,1.820896552812080182e-01,1.482133428299163835e-01,4.180679600408828689e-01,1.641220257668662419e-01,3.596659441293819648e-01,9.422771115817166199e-02,3.029824176702493599e-01,9.063338525737762996e-02,6.386717211951336015e-01,3.040541731919718105e-01,9.558878296593413815e-01,4.091692860106586616e-01,2.895946025933948675e-02,1.028438696059592039e-01,3.314683714603354203e-01,5.350915666148557959e-01,3.861940236871422849e-01,5.446002492860612110e-01,3.722728517850387719e-01,2.749531712000914396e-01,3.553497465374657049e-01,8.311367746131426149e-02,7.261355187944877887e-01,2.795335878332095847e-01,4.913745750602729889e-01,1.693977823771743718e-01,5.330890190770736226e-01,3.061312762381990238e-01,4.543706578318897904e-01,5.318246605642711344e-01
6.049396873514735207e-01,7.119993851430300724e-02,5.459551977411170043e-01,1.447293229229461575e-01,5.160172441744579341e-01,5.133736259144328073e-01,5.575558163918959975e-01,5.160243572682225999e-01,6.746887679921502734e-01,1.221468590953253552e-01,6.210845659279826680e-01,1.162813551820152669e-01,0.000000000000000000e+00,9.414924470818303304e-02,1.127836243181776221e-02,1.093179892200806802e-01,1.292448760424058651e-01,9.489672073237087613e-03,4.781259319494454707e-01,1.766828215633587107e-01,2.595757675225859318e-01,1.235642908779905902e-01,5.312436182977777754e-01,4.398172385952495156e-01,2.585698475628084858e-01,2.112185958390517260e-01,4.593843583567214783e-01,5.314540559224870675e-01,3.599573012501755542e-01,2.211261533607124241e-01,3.204954623463010521e-01,3.275438064024376039e-02,4.296900250412268030e-02,4.345488545482228959e-01,1.133890252202588711e-01,2.340804396847584457e-04,2.471567774542956508e-01,7.210040253543298361e-03,3.569150957386252321e-01,5.870473420989737873e-02,4.050163259548201777e-01,4.634583196074983369e-01,3.026521237472865056e-02,4.467809242414982202e-02,1.352615036710969609e-01,6.510356973212453324e-01,4.187104602604383441e-01,6.389479670744944162e-01,1.655876965247532751e-01,3.517974335065952030e-01,3.666973134609186058e-01,5.510944973577807104e-01,5.095212534937816340e-01,5.542807617998781744e-01,1.560364159736167267e-01,5.778959063269798468e-01,1.051563504899133972e-01,3.707986532470634589e-01,1.946914495228222741e-01,1.665959857294243007e-01,3.980605588288419483e-01,1.292746403748130102e-01,3.895681445322580760e-01,3.882082178344541945e-01,2.289830728821025951e-01,1.836171386285385121e-01,3.774868326645733907e-01,4.941817013593465813e-01,6.058326511080278642e-01,4.305962966074110554e-01,4.793811453558182722e-01,1.402259349510061592e-01,1.145354582116079878e-01,3.771502733895332748e-01,3.015479656025994437e-01,5.026752229200306399e-01
1.463981601047183723e-01,2.886237184723580707e-02,6.473823884122585637e-02,1.870386228993602129e-01,1.155184423347644096e-01,1.529044049215265433e-01,5.947330926679303409e-02,2.203022718426108084e-01,4.062091092127621816e-02,6.493997032612115750e-02,1.251700521394327192e-01,9.146527736685011734e-02,9.414924470818303304e-02,0.000000000000000000e+00,1.696124929536990678e-01,5.224590848677994337e-02,1.699528432044447313e-01,5.533433418230661316e-02,1.453717427451059196e-01,1.926252288796636292e-01,8.206643651379659510e-02,2.219694213586785869e-01,1.928335934199207069e-01,1.312080598263047071e-01,4.777005185152168043e-02,5.493551495087851955e-02,2.916287800380597262e-02,3.017309341705369796e-01,1.801903832387456994e-01,8.522724878358714506e-03,3.256096873013564208e-02,2.294815788133165724e-01,9.738161866061795235e-02,2.212125209976995299e-01,2.794771541857438146e-01,4.980082197139758526e-01,4.095993790233454224e-01,1.504398207559715928e-01,1.372790144522868516e-01,8.404492629645805846e-02,1.605168576243000966e-01,4.642850753886659798e-02,5.014519513728239453e-01,2.909197010022576690e-01,3.038997647129769719e-01,1.932061970242902327e-01,1.542732974954871827e-02,3.297353299547381433e-02,2.067827611680911337e-01,7.798866828425972397e-02,9.707262248097983659e-02,1.762767963326071496e-02,2.143704174687690034e-01,3.115273152992512062e-02,8.598814777839733359e-03,2.270293221325296040e-01,9.847866565221227719e-02,1.806554501566966509e-01,5.012669854034417227e-01,1.885599118125959595e-01,1.788135312834728263e-01,1.204862538896426388e-02,9.989099358748143587e-05,2.132600944134833976e-02,2.546584537497227907e-01,1.084637603148138757e-01,1.635634149494807066e-01,1.713569036959563252e-01,1.477267474219977339e-01,7.942801723406842096e-02,4.979919869567786539e-02,5.400232929797525727e-02,7.360886731655130744e-02,1.768823875102438492e-01,6.369837982124107456e-02,1.052842461089901621e-01
2.900481983129180596e-01,4.344618871085601519e-01,3.299354006314553223e-01,2.322309417660818887e-01,1.513596037901793201e-02,1.290743243533081785e-01,2.803443255462347294e-01,2.536497856862673372e-01,2.734016693213229821e-01,2.583090516561030725e-01,1.287987651592973348e-01,5.277894871982437286e-02,1.127836243181776221e-02,1.696124929536990678e-01,0.000000000000000000e+00,2.408100817832694585e-01,1.490914836509145136e-01,2.746156455029409860e-01,1.317438301897886910e-01,6.664120547887206758e-01,5.078539313344749839e-01,8.416032042548065029e-01,5.331477459956713849e-01,2.459049326351292475e-02,1.607846340071810709e-01,2.337859634721974889e-01,5.273642875363301341e-01,7.143926469224654019e-02,3.614652597199896622e-02,7.225659419580771070e-02,1.784940092105241627e-01,3.745357955110982517e-02,2.230701294601235007e-01,1.495315922514253160e-01,1.615073265782324130e-02,4.958357174168999404e-02,2.608470696196277250e-02,4.039109705409781037e-02,1.730416035833393928e-01,2.572644311680709062e-01,1.514069742673746499e-01,2.601473782996265305e-01,2.008595605920291127e-01,1.240548321129061465e-01,2.419601307479315455e-01,1.277832434089946068e-01,5.087998187265517780e-01,5.252926980485110864e-01,3.188291240578455255e-01,7.922107993246582658e-02,6.390153744547186765e-01,1.712467970753451807e-01,4.667023008709007548e-01,4.551052599479636918e-01,6.169128293974082689e-02,3.298761875594807824e-01,5.992646477999573340e-02,2.836766338391182307e-01,6.865495481787922682e-02,5.962752548725668289e-01,2.479689164539473634e-01,7.882832446879578514e-02,7.177364609489950142e-02,4.119769147253449781e-01,4.974314202356879266e-01,5.481558009588427538e-01,5.785763021112462212e-01,7.001215779634764047e-01,5.209787693822465204e-03,1.540903596012364318e-01,1.643546995208700068e-01,7.725883018494275056e-01,5.276323830487872346e-03,3.410765574360208330e-01,1.545279043749317738e-01,2.417971125950044431e-01
5.339311823310639582e-01,4.557510648062545466e-01,1.594554693806643497e-01,4.380937236916516153e-01,6.466298614861754057e-02,1.811841734669858428e-01,2.143710307572834761e-01,7.257279555129282633e-02,1.687495178106097338e-01,5.888364376883992168e-01,2.892291010824289410e-01,2.924041334122311486e-01,1.093179892200806802e-01,5.224590848677994337e-02,2.408100817832694585e-01,0.000000000000000000e+00,6.193150041414159368e-01,7.092260932055618472e-01,1.885723465238718921e-01,1.421117355835211926e-01,1.223683027371345600e-01,5.042613250712109085e-01,1.538494722011757854e-01,1.525408984314463590e-01,5.135005482127901200e-01,3.376281969591118370e-01,6.393777469059225282e-04,6.510482281307949926e-02,8.512685371643802235e-02,3.065048124479838876e-01,3.696527658922062476e-01,2.299484127215164209e-01,7.249303341135129863e-02,3.653276144171480055e-02,4.436646768915311623e-02,2.019016100691818638e-01,8.222966879212104119e-03,6.557249410569843118e-02,3.798026260049258002e-02,2.367116052141602089e-01,8.605812625457520681e-02,1.263598574559351706e-01,2.384035452548510792e-02,1.198252834970176817e-01,3.779634478732432634e-01,4.836330141176088948e-01,3.381068658075941369e-01,3.804577938865974507e-02,3.202217579859503727e-01,1.670842551739477044e-01,1.766363475210110112e-01,3.076428546515214135e-03,1.513596654771166283e-01,1.633539726146522320e-01,4.925093722753182135e-01,2.222903105991294315e-01,2.402559683783843936e-01,2.850408291322026333e-01,1.121720106054586441e-01,1.696879212215734734e-01,6.302207516174173074e-01,4.729220135510346368e-01,5.069167467321451515e-01,2.730663415785986592e-01,3.373602197888913579e-01,2.187309615368767113e-01,4.886166842013142664e-01,1.362847065584923967e-01,1.463271206356973608e-01,5.040337287749077078e-01,2.579557453240893805e-01,1.437429487941130624e-01,2.511340921275084237e-01,5.747365793991034977e-01,1.697484582460820901e-01,2.741059664466963808e-01
1.831482139699067702e-01,2.499374045129813537e-01,1.213930283684517830e-01,5.365764233472473110e-01,7.518423137600074857e-02,2.687440404336041699e-01,2.997323240304154979e-01,2.065978167933595622e-01,7.034401206410503815e-02,8.056926395356601711e-01,3.578647214836434554e-01,5.148072320594079265e-01,1.292448760424058651e-01,1.699528432044447313e-01,1.490914836509145136e-01,6.193150041414159368e-01,0.000000000000000000e+00,6.433192182211943111e-01,4.004544358032595119e-01,2.555870640880421041e-01,2.774217718918055575e-01,4.023600340264540387e-01,2.861463976097022854e-01,3.125003893403989763e-01,1.717768016735657932e-01,2.185865849950392459e-01,1.063381713315616761e-01,8.065135560282382654e-02,1.374656904306836291e-01,1.180260803099628109e-01,5.140749361276060192e-01,4.228422096117962492e-01,2.245773845525928791e-01,1.008694211295528553e-01,7.341494091086273044e-02,1.149904938192658072e-01,1.889712165707355396e-01,1.817521464999286018e-01,8.220059952341636500e-02,2.416643400300489131e-01,2.987958116128497377e-01,2.720780928437334656e-01,1.852424705170175045e-01,3.216937756443395968e-01,3.330126913087566032e-01,2.175035978017522409e-01,9.536459181671921859e-02,8.680723439658930007e-02,2.884761037471109679e-01,1.682662175340012278e-01,3.242556174610284891e-01,1.525454584443242945e-01,3.761798821077904087e-01,2.401797233281135757e-01,6.094465227327989787e-01,3.189004049393600049e-01,5.297172979547821736e-01,3.455396637226252898e-01,9.277804616702145513e-02,1.406771954277157566e-01,4.744861658056478970e-01,6.552113662592217169e-01,3.966747344988652557e-01,3.643965619140971945e-01,3.699915762996964230e-01,1.674126560883103798e-01,3.696078637798512201e-01,1.709582141638846808e-01,2.315940994006209785e-01,2.616875531636758678e-01,2.814558167422068213e-01,3.020702461703571595e-01,4.204782384450923560e-01,4.728182405059287996e-01,1.217614378047304630e-01,4.413722604345349798e-01
3.585146734861867079e-01,4.778706511104809929e-01,2.269009849706386805e-01,6.440700580504908901e-01,1.049447492364489753e-01,3.119956019967448091e-01,1.791523050551062923e-01,1.530359652715762575e-01,2.315595710491510917e-02,6.186732165905790559e-01,2.881815652625093760e-01,3.627003844727138548e-01,9.489672073237087613e-03,5.533433418230661316e-02,2.746156455029409860e-01,7.092260932055618472e-01,6.433192182211943111e-01,0.000000000000000000e+00,3.216241111070340386e-01,3.842782688033615224e-01,6.554936291729823727e-02,6.623544439852984134e-01,2.036361824683363964e-01,2.417409500506308428e-01,5.828473622491242567e-01,3.497209224498207814e-01,8.683814202202952415e-02,2.695895692698441204e-01,2.380564212289909554e-01,1.864498194412058107e-01,2.241130342378860052e-01,1.725591989510028013e-01,6.158721134163377964e-02,1.876265171226002004e-01,1.177276903298248023e-02,7.026272443900320741e-02,1.506769178533798603e-01,2.929168820315593003e-01,1.009769966350748810e-01,2.530233335992798649e-01,1.079540719946214811e-01,7.827377018505135564e-02,2.712969435655216976e-01,2.219414555827690927e-01,4.912023264661837807e-01,4.219841662777489288e-01,5.398528188960145524e-01,2.011883886365593010e-01,4.237247779514327073e-01,1.458869557920589588e-01,3.443001019631121151e-01,3.148136738859111383e-02,2.424414842482903454e-01,1.931509041479688160e-01,5.409376232268715556e-01,2.381404423783544666e-01,3.350660292578051536e-01,2.677263275698187339e-01,1.517255519953091825e-01,1.205335123580651147e-01,7.391144105476782356e-01,3.858739356351573724e-01,6.467075588694987109e-01,3.291257704630812242e-01,4.810973177059573169e-01,4.964274355030037778e-02,6.463849969434081189e-01,1.681160255433181705e-01,2.365117893321623810e-01,5.875066913250996947e-01,4.197616455194942420e-01,3.679631325814987641e-01,2.900365419219858576e-01,6.249398132386390081e-01,3.055544293042991577e-02,3.221993459655835834e-01
6.020270029298161463e-01,2.073507313365212379e-01,6.566952673883990066e-01,4.697181702491644573e-01,2.991539472794608190e-01,2.639837159156436242e-01,8.225880402648513834e-02,5.435211104749839706e-01,4.379785962331271265e-01,3.906848675952490080e-01,7.885159783165541780e-01,4.950490698262036693e-01,4.781259319494454707e-01,1.453717427451059196e-01,1.317438301897886910e-01,1.885723465238718921e-01,4.004544358032595119e-01,3.216241111070340386e-01,0.000000000000000000e+00,1.734553245067156357e-01,3.205394502975161819e-03,9.424114846207970464e-02,4.948603099462405286e-01,7.300306873518837003e-01,4.544983285597394840e-01,4.712417612796691024e-01,2.412234515002865676e-01,1.966557684973986031e-01,2.366350979674173571e-01,2.212632208052229266e-01,1.994512466598808986e-01,2.134465233253993455e-01,3.088215700027771571e-01,5.077135108872168345e-01,8.989460698065759869e-02,9.931690642703515370e-03,1.701256830671166176e-01,2.975136523331710636e-01,3.534681608905203554e-01,4.683796787556802066e-01,4.045808377334075834e-01,7.151401366835333784e-01,3.860149523356104506e-02,5.911108991373083266e-02,2.650559333142638030e-02,6.384919168404812329e-01,3.681523524415225568e-01,6.471211391428585147e-01,3.896136231857471044e-01,1.489143170114798631e-01,5.022940572243705937e-02,2.305461151485354299e-01,6.184973397154500674e-01,3.411056386526932216e-01,4.883065368127996742e-01,7.955155594608315228e-01,4.879353915575855849e-01,2.881753121856472921e-02,3.536776878773822963e-01,3.484868369843097113e-02,5.595152331522627032e-01,4.311641273383756690e-01,5.853333483838651929e-01,7.744623349269362800e-01,4.808318398001530380e-01,1.467755492403288731e-02,4.153355249819020711e-01,3.905533541137207743e-01,7.733188430150139681e-01,6.164790798208557021e-01,5.577746660310016757e-01,1.733965506129513390e-01,3.959738977790640546e-01,7.086010615519900968e-01,6.297646418555705727e-01,7.564429117545765635e-01
9.847037608599135128e-02,5.082628227505525675e-01,4.575805022523322108e-01,3.164688429376517620e-01,2.176717096018478403e-01,3.770476200677382872e-01,9.264736828285638492e-02,1.559803736651095285e-01,4.616916474738558818e-01,2.182312248280880718e-01,2.246865795960472090e-01,7.039122885572432486e-02,1.766828215633587107e-01,1.926252288796636292e-01,6.664120547887206758e-01,1.421117355835211926e-01,2.555870640880421041e-01,3.842782688033615224e-01,1.734553245067156357e-01,0.000000000000000000e+00,7.051534030831768662e-02,8.865481284597465095e-01,5.681225175771823510e-01,9.995442256333463005e-02,3.339189709988304999e-01,2.760501338004378580e-01,7.247176931959825597e-01,6.409104813032323600e-02,2.786600296632658624e-01,1.168824184634741914e-01,1.906043064316868541e-01,2.446763843349340772e-01,4.515705357004522191e-02,1.883000491314662794e-01,1.482739848284636563e-01,1.975123908567499587e-01,5.232787625429907719e-02,8.628003879727370873e-02,4.587216291041869010e-01,7.690985502969524545e-02,2.652053741409071130e-01,2.943770612396652275e-01,4.007181071997972799e-02,5.022901137805740879e-02,2.499435947259109891e-01,1.866421358571396238e-02,4.544507891208248718e-01,5.683576492629300869e-01,4.032058460182141313e-01,2.897008276040113905e-02,7.117769722640352459e-01,2.371457934106000753e-01,3.402800197911221014e-01,6.158468788241506786e-01,6.292832385144911389e-02,3.639830871002177060e-01,2.358626529360677293e-02,2.868588161298242234e-01,3.076628697519008526e-02,7.824045511869160974e-01,3.959769935127033236e-01,4.443025762711577675e-03,1.185253007811078729e-01,3.889079453066970893e-01,7.310209147174239197e-01,2.797788795797799821e-01,6.957089729203524975e-01,7.495639227118668924e-01,7.780273083975816628e-02,2.813738743589754288e-01,2.451156166972084938e-01,8.881205711671019687e-01,1.149791096965817605e-01,3.855236547929079549e-01,1.914721396854427993e-01,1.379653469876522542e-01
4.214739238366242979e-01,4.502721918318639549e-01,1.726247671764311042e-02,7.684471432272296787e-02,3.119172926062334650e-01,1.207349008914706534e-01,4.546661865780767808e-01,1.939249397078068871e-02,1.006051141745364086e-01,1.333268959967999767e-01,1.325302960335829339e-01,3.844182007711081095e-01,2.595757675225859318e-01,8.206643651379659510e-02,5.078539313344749839e-01,1.223683027371345600e-01,2.774217718918055575e-01,6.554936291729823727e-02,3.205394502975161819e-03,7.051534030831768662e-02,0.000000000000000000e+00,2.268199183772967586e-01,5.034802518912478986e-02,2.359646057160270372e-01,2.669756158413822966e-01,2.940302857393216618e-01,4.689797771049852848e-02,1.547084115021440942e-01,7.156597779151224747e-02,2.362619665312353512e-01,7.487082537437983465e-02,1.613199829263519403e-01,3.542516323352898344e-01,1.602392513056638546e-02,2.537997281181689907e-02,3.837227257887203258e-02,3.888425070088374902e-02,1.029686592232131881e-02,9.262390510612041050e-03,3.551586956186372213e-01,2.470954596330017516e-01,3.192977750015190130e-01,7.769694150683012501e-02,2.675683637359256226e-02,4.066531601937585505e-02,2.086462856607387839e-01,3.428770693784522483e-01,3.693900320827483985e-02,1.947037955577170243e-01,3.818109590971441314e-01,1.187965740140583815e-01,2.193342672562470785e-01,1.879794379974666640e-01,1.287086298135854123e-01,2.438511205186088548e-01,6.067527038771833303e-02,4.544581508667117631e-01,3.722237156114974188e-02,8.145010147940634493e-02,4.094516831900466003e-01,2.948853464452549922e-02,2.359139801355168153e-01,1.456321943038964561e-01,8.038858817044894356e-02,1.513517847380904668e-01,7.566817905813528755e-01,3.314012643306093464e-01,1.650190522782968294e-02,1.215947561646907038e-01,9.451866382091950181e-02,1.199380229875582349e-02,2.559268006381898442e-03,1.993178342046580398e-01,1.042419625863172106e-01,1.390149689691894119e-01,2.550883006255304508e-01
