0.000000000000000000e+00,3.625355867150100719e-01,1.871263742630814575e-01,2.628807686924847231e-03,2.876899248384283403e-02,5.580217545750440489e-02,5.185620996580447839e-02,2.239488293704263444e-01,1.395074581641994327e-01,2.757708097798771685e-01,1.367979487292480534e-01,1.639169598209835876e-01,6.277403476860772547e-02,4.483137950187614240e-03,4.833300879954981477e-01,3.192759510631337228e-01,3.095587290340672260e-01,4.288267429439862610e-02,1.111157461119008372e-02,4.876310420524237466e-01,5.675463698000694501e-01,4.413792366621413499e-01,1.702302337206144101e-01,3.671993631923102241e-01,3.952789978342444166e-01,4.914049228738655017e-01,3.493691154590895520e-01,2.936779827347554273e-01,3.588625428456858613e-01,1.945159390255202791e-01,2.916330390607059786e-01,7.473757484604101609e-02,1.519117627353797628e-01,5.059049913106394847e-02,4.180103573740692746e-02,4.465889165449163367e-02,1.401626675544907219e-01,4.657388226323114777e-01,5.591693543120453136e-02,3.939965412529168320e-01,1.879069978023019394e-01,8.433614074058028154e-02,1.974409086614858921e-01,2.441466905392887174e-02,2.636048644896922255e-01,5.992594362756675785e-01,1.438285054954482889e-02,9.258482921438877800e-02,9.443641283786184670e-02,1.411722966794155265e-01,4.772972970637529011e-03,1.311215273271855164e-01,9.121665697392755678e-03,2.150000662605452972e-01,7.796469650587917188e-02,1.900582064400214710e-01,3.149403065604218510e-02,6.806071045274256215e-02,5.010983487792401714e-02,4.974416494426967539e-01,2.095505166225642979e-01,1.480385255922012089e-01,2.350775896434331713e-01,9.298768349299546543e-02,4.760319331732043024e-01,3.764659745313163608e-01,3.774096138808963885e-01,2.163432917189153648e-02,3.268487139661843677e-01,2.341337231365573923e-01,2.215606660044179277e-01,1.277755944846970526e-01,7.885572854921396591e-02,2.064817258273454192e-01,2.497386820240356242e-01,2.004787336006306209e-01
3.625355867150100719e-01,0.000000000000000000e+00,1.532952332078516278e-01,3.997566868115871169e-02,1.738338794326957926e-01,7.866429443201122806e-01,3.955056354055759282e-01,3.969902136161809758e-01,3.668368042702002674e-01,4.681080828480330136e-01,1.393216287921747454e-01,4.716927039390322873e-02,4.082235660444912262e-01,5.943905055216441163e-02,4.139204307577151742e-01,6.925120053833891953e-01,3.671669400392264526e-01,4.618721300369625915e-01,2.332008432680829635e-01,3.892997186628617823e-01,4.526479312590265813e-01,5.604651114612622109e-01,4.459551348250122005e-01,1.094645250690716443e-01,7.786601712925265151e-01,6.361585712255264369e-01,6.148866744402177176e-01,3.393538058563273507e-01,6.400462704427838379e-01,2.003485555122085371e-01,3.059677767395255210e-01,5.051828561221390762e-02,1.849545276119013704e-01,2.420091152459451500e-01,2.202724998186469385e-01,5.016866280335749440e-02,2.559007662784282267e-01,4.027836254391370385e-01,1.055929405437818491e-01,3.600496163577757147e-01,1.379416547379834490e-01,2.868723335031591049e-01,5.864389317370034826e-02,1.016849230463728049e-01,8.416775144376352491e-02,1.167290832503272285e-01,2.482171790259959376e-01,6.357435189180810076e-02,1.677367943726790211e-02,1.128292286451080956e-01,5.078890130403095338e-01,1.257763088854353672e-01,3.147260903637789653e-01,6.644785916500278722e-02,2.987051849296126771e-01,2.778070993018605939e-01,4.965491460409271474e-02,1.798915284338243881e-01,1.014761578795876640e-01,3.902628949241218059e-01,1.126541891524486527e-01,3.818885794841966885e-01,2.351260325262925499e-01,1.174921695577512692e-01,4.150236777469614169e-01,1.188398121216344416e-01,3.330752408668700149e-01,2.748384983974182516e-01,1.002726703407909037e-01,2.725560445278257249e-01,1.399189048484468789e-01,4.410837705367295358e-01,1.040538112127026016e-01,9.620525535523033467e-02,2.074465361714569744e-01,9.922722712021150859e-02
1.871263742630814575e-01,1.532952332078516278e-01,0.000000000000000000e+00,5.302845935382370646e-02,2.914668558276194976e-01,2.993514764329718858e-02,2.671838677151423536e-01,3.313690445682096475e-01,6.533877459153337730e-01,8.162168937360422816e-02,6.702037551684140171e-01,1.789104067553094202e-01,1.720298842149923790e-01,3.094641256308276744e-02,3.746801659047451216e-01,1.052743837711565128e-01,1.785774586873870029e-02,3.237922783677266159e-03,5.618840233572776066e-01,4.288733860364237205e-01,2.717058293056267004e-01,3.712852610247441842e-01,4.054761345278338758e-01,2.537453844071264619e-01,6.333170723801434532e-03,3.399492031046196794e-01,3.960559382000511941e-01,3.207668154802072458e-01,1.054369366666801366e-01,9.302850520260427802e-02,1.678738296156383758e-01,1.330063186964309530e-01,1.200101221606744567e-01,9.626844506570016169e-02,5.992332293973764296e-02,3.403263524790001160e-01,2.749565777964285002e-02,4.089201546509300123e-01,3.920370342158733257e-01,9.092472879263310478e-03,2.636163423877750933e-01,2.583233742317165293e-01,2.858622715334915299e-01,1.448207866836827284e-02,1.024778421052484206e-01,1.077243918780216303e-01,3.057935273420082645e-01,7.152402340183040552e-01,1.793733450672822805e-02,2.737580291107484798e-01,7.220436838012822545e-03,1.069358192974793065e-01,1.997485453024853419e-01,7.333096566548630291e-01,3.159946868652910301e-02,5.621720845163389324e-01,1.913701370839228366e-01,2.140362598128914273e-02,2.400089169414247325e-01,5.236060367006837302e-01,2.055858347005313780e-01,1.455568990907709637e-01,6.386436950566724835e-02,5.918716525229116288e-01,4.394270341216491294e-01,4.366382215979708326e-02,2.666345998784825366e-01,2.814110287837016111e-01,1.930968023175524961e-02,2.606301322536471732e-01,9.846708635810308419e-02,1.867654795908099130e-01,3.716395128235162049e-01,2.638516454069412820e-01,8.370242892728055328e-02,1.809899740628231890e-01
2.628807686924847231e-03,3.997566868115871169e-02,5.302845935382370646e-02,0.000000000000000000e+00,2.317936264682493586e-01,2.162290604376973686e-03,4.656480112714073694e-01,2.352243135549159647e-01,5.161751158433932479e-02,1.511142914200185039e-02,1.586364380928795281e-01,9.057702462410507915e-02,1.007795096063312662e-01,1.760287569668291807e-01,1.017773436890554717e-01,1.022696655323192816e-01,8.822806152171097649e-02,2.155487274359498551e-01,7.841856837017424642e-02,1.104833037387996236e-01,1.529322170915741463e-01,1.193294407760439602e-02,1.383727157853508749e-01,3.139857933493125364e-01,5.206649085414668393e-02,4.178566777728637271e-02,4.887151484024718218e-02,6.944957259602543842e-02,1.130571671905399866e-01,2.543318866137223577e-01,3.510255865056544078e-02,2.573844315421500717e-01,1.287187452484907790e-01,1.203826477745984225e-01,5.747150073233300849e-03,1.433786538595910875e-01,1.904613555377183687e-01,3.133222401465499130e-02,1.541118290345428465e-01,1.824446659073399868e-01,3.043239854323070981e-01,2.830262171864215692e-01,4.253270442025032516e-02,6.796256070209283351e-02,5.983845726690484312e-02,4.285641344671141384e-02,1.636784765808474984e-01,3.149842561597279711e-02,1.870127224904258867e-01,5.385488536118859804e-02,1.741140830638588100e-01,2.719764436819386288e-01,4.854427091180149589e-02,1.821956259079975937e-01,1.252627557646651679e-01,1.600423444867362377e-01,2.824207327400586887e-01,4.399878912800271324e-01,2.103994356435795465e-03,1.338133769711593035e-01,1.712750590315244570e-01,2.707052018927239567e-01,5.367669516646123018e-02,1.398258906206199526e-01,6.321256824602941582e-02,3.115785259347850222e-01,1.459284566986262521e-01,1.101885425477124036e-01,3.638840155850003866e-01,6.362282409018413243e-02,1.318955452844708387e-01,1.225455514725169726e-02,3.725646508774496657e-01,6.974887541986296569e-02,2.968582038508121301e-01,8.527210205425861389e-02
2.876899248384283403e-02,1.738338794326957926e-01,2.914668558276194976e-01,2.317936264682493586e-01,0.000000000000000000e+00,9.350891088028381870e-02,4.127351737297988432e-01,4.872526636392723876e-02,6.095258982793507752e-01,8.622657772519212727e-02,4.196466574374103642e-01,9.635538267721388550e-02,9.639395316056775798e-02,1.055983944763712046e-01,2.772856695826301232e-01,1.923899010620011563e-01,9.073849411304259205e-02,3.742090474800488509e-02,2.565966308658194084e-01,1.166142490725542991e-01,1.230249238420094982e-01,2.522907413983137559e-01,2.597333862978460362e-01,2.150542442545912147e-01,4.849781693151669626e-02,9.971171826554546536e-02,3.318407545887708254e-01,2.127956157446818930e-01,1.430409661501144680e-01,1.627209105939777800e-01,1.626804697720493631e-02,3.516429025606393477e-02,5.435742342972223889e-02,2.055467362232227813e-01,1.044025441453553249e-01,1.965304895726257828e-01,1.763764045288064297e-01,2.175147250277190136e-01,6.702955019146417115e-02,8.218906905174282185e-02,1.369878385327322201e-01,1.474260101481487256e-02,2.116771611880006176e-01,1.671197147938426331e-01,4.242594105651907588e-02,9.693210003386007467e-03,3.035456758168171842e-01,3.247188990271728248e-01,1.894640277881892709e-02,4.275669528119899199e-01,6.559154738004119300e-02,2.640579921129739827e-01,3.516792739264854029e-02,3.849409371009633318e-01,9.284992278197222448e-02,2.915506435574177768e-01,5.538154285755469974e-02,1.303123652006990263e-01,3.998227781005920800e-01,1.547005336600102143e-01,5.346750618489180817e-02,1.727501722884163815e-01,9.635899029099795343e-03,1.508564156532364586e-01,2.699257581629886937e-01,1.495403316641982783e-02,3.136798858007224244e-01,2.766830221455768846e-01,2.404706977031209891e-01,1.262243549389760189e-01,1.951096236206831258e-01,3.278631293071749830e-01,1.089333001593563721e-01,1.475055523166372284e-01,4.672050131706631526e-02,1.019285076969805720e-01
5.580217545750440489e-02,7.866429443201122806e-01,2.993514764329718858e-02,2.162290604376973686e-03,9.350891088028381870e-02,0.000000000000000000e+00,2.686582532760196096e-01,4.947383384527545003e-01,9.834526028146212129e-02,1.554919132984134422e-01,3.185052083427503122e-02,7.848738613503397632e-02,4.031590122618533001e-01,2.980103694117514079e-01,8.412111121055559915e-02,3.070630213372647632e-01,3.289878575452459541e-02,2.808098261701614251e-01,1.970564327611806221e-01,1.706965223551748512e-02,2.953533365512110986e-01,9.941360795363657354e-02,5.467546384237007562e-01,7.761023295805150046e-02,4.570204276638346053e-01,4.342518324594450974e-01,4.039186403759705279e-01,1.050360298137263670e-01,3.017502733264510462e-01,4.915280705422117591e-03,9.808662169523922614e-02,1.591307500339819159e-01,2.631145130870303772e-01,6.907481151025240962e-02,1.621718779400152521e-01,1.395575259685854497e-01,7.124419459098389751e-02,9.959027728565679471e-02,1.213471969397270089e-02,2.839123430065401132e-01,2.986977419057411376e-02,4.222215462654915763e-02,4.525655336556355657e-03,5.453291971527162579e-02,2.163814597469509160e-01,8.315469795966615174e-02,3.267497269096711898e-01,3.057053002254391805e-01,4.842203618684844113e-02,2.615699659374309261e-01,6.465315263962971848e-01,4.801358861623647445e-02,4.012901451617124637e-01,1.024655722265516711e-01,7.025327575294089411e-02,2.173214704432222255e-01,4.655528486341498073e-02,3.506589707370512121e-01,1.259242855439675346e-02,5.005562900568283347e-02,4.198216633246057428e-02,2.134626691045977409e-01,9.942342771693576942e-02,8.184961789812400523e-02,3.263807966545018147e-02,8.779941605712782149e-02,5.305359560966388388e-02,4.708970679167563400e-01,6.197505837914898952e-02,1.624448391448125584e-01,2.215522514633181950e-01,2.516535812688165397e-01,9.115105085545814612e-02,1.097821596396841431e-01,2.418677547967030411e-03,8.300837272327565852e-02
5.185620996580447839e-02,3.955056354055759282e-01,2.671838677151423536e-01,4.656480112714073694e-01,4.127351737297988432e-01,2.686582532760196096e-01,0.000000000000000000e+00,5.232797782197429193e-02,1.052774681701502679e-01,2.404147391390237809e-01,2.510632621473335435e-02,2.490890375596814255e-01,1.956122531045546564e-01,1.171226981324573757e-01,3.168343169780957896e-02,3.679073608144444174e-01,3.138453408991342952e-01,8.707049596995114493e-02,1.405736138903903032e-01,3.914423991683360637e-02,7.486628619115662242e-02,2.200097197134725513e-01,7.346691659966983479e-02,3.984030435622294419e-01,3.492522167472282280e-01,9.657907787685837686e-02,2.036330719890722118e-01,7.786135054468845684e-02,4.584765229503124373e-01,1.921110236155796902e-01,1.688938277059920390e-02,2.348807857826330225e-01,9.429114287085457735e-02,2.404414485108326283e-01,3.428944121198539419e-01,9.890221832336373864e-02,4.677814049685469211e-02,2.075893730433659712e-01,2.461840346883000796e-01,1.534740031974900498e-01,1.096401367293570184e-01,1.719913189713393464e-01,5.035149241372938178e-03,2.258385671819973517e-01,6.177597247825100668e-02,3.716210623530212531e-02,1.902184054558654636e-01,1.728195949737264814e-01,1.595391595068303969e-01,7.208274055397351221e-02,1.162326205354001496e-02,8.199272858222533822e-02,3.006378305519254168e-02,2.724181148307152078e-01,6.546251705263561593e-02,2.815988421208581172e-01,2.360148780717485073e-01,2.692245452578032605e-01,1.009490289716996614e-02,1.436258795975281222e-01,2.363007310390148052e-01,9.750914745249983362e-02,2.785958443513286698e-03,2.239413538934869885e-01,6.604593781516494844e-02,1.773604023356320225e-01,2.559697790040680321e-01,1.636035485539274748e-01,3.358339683992938585e-01,2.325563457604191697e-01,1.094612538497387322e-02,2.798946469127948089e-01,2.895725619523982219e-01,3.681015416964485143e-02,2.519253919183933599e-01,9.851138221243168486e-03
2.239488293704263444e-01,3.969902136161809758e-01,3.313690445682096475e-01,2.352243135549159647e-01,4.872526636392723876e-02,4.947383384527545003e-01,5.232797782197429193e-02,0.000000000000000000e+00,1.707523573766930036e-01,1.883650728919809836e-01,1.518427824636577605e-01,3.674651342932487852e-01,3.433271727731077028e-01,3.415552939404454813e-01,1.212938476597921755e-01,9.301462164040284752e-02,1.524440291629950706e-01,7.328045531221680231e-02,2.644472317764415270e-01,1.183366487710224291e-01,4.223717799528186045e-01,3.918839339984084291e-02,7.632731336308855585e-01,3.964277588723897350e-01,7.639496098505504929e-02,5.434560578619402893e-01,9.718226947316069286e-02,2.041809665673433860e-01,1.681241995418756296e-01,2.022958605241866881e-01,2.133264625560085392e-01,2.064528060615190147e-02,2.342339937724484955e-01,1.783606464040121964e-01,1.035127688238274279e-01,3.245928963149905533e-01,6.378727833889659415e-02,3.715948883692389293e-01,8.770940110746555662e-02,1.057688844367313252e-01,1.192101706559455243e-01,1.409830160376418784e-01,2.011526185620680918e-01,8.116314851851644252e-03,8.320761982684955760e-02,6.925200003912590496e-02,1.486191008340678743e-02,1.786648608139263239e-01,7.438795759678787367e-02,9.837859355622251278e-02,1.842513698767009878e-01,1.974686699614564001e-01,6.678945298793808050e-01,9.018421450342303802e-02,1.277238949233520660e-01,6.982632849070963266e-02,1.528814710984680858e-01,1.820403369379398062e-01,1.411557234197353683e-01,1.059174938520026366e-01,3.003322878750994684e-01,1.566307868974949058e-01,7.411231189048275714e-02,2.276128988903365902e-01,6.779638600649470770e-02,2.810707110785651830e-01,4.350395228966112693e-02,5.588146611651585438e-01,1.832652654557904437e-01,1.542473489039042078e-01,3.195416366559907795e-01,2.480816866190901915e-02,1.115152114605090505e-02,4.857828126086075615e-01,6.929314388424513693e-03,1.257940238184212800e-01
1.395074581641994327e-01,3.668368042702002674e-01,6.533877459153337730e-01,5.161751158433932479e-02,6.095258982793507752e-01,9.834526028146212129e-02,1.052774681701502679e-01,1.707523573766930036e-01,0.000000000000000000e+00,6.308624968075715600e-02,6.695655012881768231e-01,2.320436007409140688e-02,2.553993729363714382e-01,2.541977357245223113e-02,3.930785805915219533e-01,3.425567921268630189e-01,1.275314994579541117e-01,1.577603303363566967e-01,5.698143670988008447e-01,3.648295693947356533e-01,1.486825683377163698e-01,4.760796895777435478e-01,2.960856958119670868e-01,4.776933558032858684e-02,1.298972537486705880e-01,2.835797192088054808e-01,4.298215595700316527e-01,3.219174524659192405e-01,1.270968870397510830e-01,1.349206887619902873e-01,2.084364329802836924e-01,1.118642961764438754e-01,2.849736732781909740e-02,2.466312462695226526e-01,6.631448759292227213e-02,2.635059069194202186e-01,7.421198810783370681e-02,3.570392359693770334e-01,2.296567206065189826e-01,5.203961027854929478e-02,2.615602302236940124e-01,1.518799559471041283e-01,2.416290465359479112e-01,1.725839725779468870e-01,1.511417414586041230e-01,1.717368033703506047e-01,3.789998544608320641e-01,5.643500765649314133e-01,8.225610855120615850e-02,2.781092988944282030e-01,3.194273819921883417e-02,1.928802193146887389e-01,4.833203372471861492e-02,7.102905125949499077e-01,1.013619335187257442e-01,4.724999195160837773e-01,1.097608968177285760e-01,7.387096450084229549e-03,1.814858285824671735e-01,4.101099792214537576e-01,4.193516934536009599e-02,2.523709733858725546e-01,6.004785706622278729e-02,5.301416048359701705e-01,4.718178708595740511e-01,9.604286047910642887e-02,3.562308904317843528e-01,2.653058190658145743e-01,1.286867620992077077e-01,2.440943981659101369e-01,2.167827451973229347e-01,2.874107907392255967e-01,2.838529260736359361e-01,1.534147707041332298e-01,5.382253851613699736e-02,1.400202534448972691e-01
2.757708097798771685e-01,4.681080828480330136e-01,8.162168937360422816e-02,1.511142914200185039e-02,8.622657772519212727e-02,1.554919132984134422e-01,2.404147391390237809e-01,1.883650728919809836e-01,6.308624968075715600e-02,0.000000000000000000e+00,1.038797601670046200e-01,4.525100980085759450e-01,4.599011927393238941e-01,1.170219066024906079e-01,3.338046123701678969e-01,6.198338161324186135e-01,7.629894081694457153e-01,4.468670392550839199e-01,1.797974635600174953e-01,4.150312793789492360e-01,4.045680654133900767e-01,4.557426943368242944e-01,8.138103943175967192e-02,2.252720374282168037e-01,5.418064158998832092e-01,6.563640204962918334e-01,8.831574377878162463e-02,6.822590329546676102e-01,4.763608871047986248e-01,2.940932007239559498e-01,6.624185250156031657e-01,1.507833205134917476e-01,2.369098530346222531e-02,1.584727299655257216e-01,1.129295644283543343e-01,3.201577488563178142e-01,4.115177238497266798e-02,6.294215468728618923e-01,2.354070955936712617e-01,7.157752574397327483e-02,1.999165283329657206e-01,4.748771032711346374e-03,2.272063447865887986e-01,3.049531620944421206e-01,4.423286719533928157e-02,5.910921925251555464e-02,4.044271758609996326e-03,2.184917335534687644e-01,1.808291985057067508e-01,3.010436892989283297e-01,1.392546728137678547e-01,2.997172883163948809e-01,2.711269995508011621e-02,7.538583485808547646e-02,6.523402667007057731e-01,2.365739236883010188e-01,5.135295107185393615e-01,4.126014516825854406e-02,1.842272548475140936e-01,3.353541903334130159e-01,2.492210873179517838e-02,2.288684884633233607e-01,2.431625296518088175e-01,2.279890744438625994e-01,3.516825071957446203e-01,2.994385866320873890e-01,1.650501601315588207e-01,1.317792149489097620e-01,1.050752370320819362e-01,9.264440053620370819e-03,5.530505679465796964e-02,5.877934619643152003e-02,1.908604920788065373e-01,8.737002873653668122e-02,2.933015980227593467e-01,1.296496448293130155e-01
1.367979487292480534e-01,1.393216287921747454e-01,6.702037551684140171e-01,1.586364380928795281e-01,4.196466574374103642e-01,3.185052083427503122e-02,2.510632621473335435e-02,1.518427824636577605e-01,6.695655012881768231e-01,1.038797601670046200e-01,0.000000000000000000e+00,3.198495406128915031e-02,7.069206738689129410e-02,8.679317785598930635e-02,3.331253987052351651e-01,1.147159067535205926e-02,5.660080681725492002e-02,1.938858849466295331e-01,5.465034092902095741e-01,3.054692650787192987e-01,3.935146551293602912e-02,2.954739898804535914e-01,2.318451735459694796e-01,3.111666463393145815e-02,1.412261933182862306e-02,1.623720038889469863e-01,4.056659773444853401e-01,1.648319141570984692e-01,5.505867851577334049e-03,1.383276494408148816e-01,3.722014067852516539e-02,1.053453079570531581e-01,1.550773925289382349e-01,3.925369628194280702e-02,8.881319290843792125e-03,1.405989729542694300e-01,3.620416826531885901e-02,1.529164993128090400e-01,9.368143516532680126e-02,2.698315100201016670e-02,8.552862876907817158e-02,5.783066937538283714e-02,1.895447530451609131e-01,1.972513674224004449e-02,9.474809698009160897e-02,4.834675863762713521e-02,1.895147597044113952e-01,7.052800141837244352e-01,5.324621177134650218e-02,8.298844856660059222e-02,5.638556830972474287e-06,5.073465558349715687e-02,1.658680046309801703e-02,5.101128475182128419e-01,2.376880097166439443e-03,5.181278348932881750e-01,1.568132207349767770e-02,1.559791568159000774e-01,5.331634176378144407e-02,2.416536276954869278e-01,8.635250750045252166e-03,4.538345499552731699e-03,1.055392222732281643e-01,5.064018512107613113e-01,2.582542144433241926e-01,1.465067951508159105e-01,2.418854539344307275e-01,1.990968425382991513e-01,8.850123053746351831e-02,1.528531219691066645e-01,3.527210577632752808e-02,2.340906984439201644e-01,1.004117420633238444e-01,1.348775713723933400e-01,8.383419656566309941e-02,6.758559514172074456e-02
1.639169598209835876e-01,4.716927039390322873e-02,1.789104067553094202e-01,9.057702462410507915e-02,9.635538267721388550e-02,7.848738613503397632e-02,2.490890375596814255e-01,3.674651342932487852e-01,2.320436007409140688e-02,4.525100980085759450e-01,3.198495406128915031e-02,0.000000000000000000e+00,3.904985453861357092e-01,4.877381762686101851e-02,1.384254426815202388e-01,2.423417396784529054e-01,4.197172209109784058e-01,3.154969309550847978e-01,1.269360355654047534e-01,2.551141815856673434e-01,1.389944483757629967e-01,1.293419269930908277e-01,2.245292685042413472e-01,5.356102855683988473e-01,8.165013031100856744e-02,6.343133863633021452e-01,1.354812162895927263e-01,4.472274123964710690e-01,1.295386453190327525e-01,1.978028888171620980e-01,4.281458928280837961e-01,2.289724805717913148e-01,9.068620717792889863e-02,6.527448251951087355e-02,7.799782553855405531e-02,3.613487978668342704e-01,2.381386283252914793e-02,5.651882447440306212e-01,2.892698359093848759e-01,1.292987230895120132e-01,2.277010691348209104e-01,1.042900451504925607e-01,1.958291023983376455e-01,1.464564308345829013e-01,7.769835712105087333e-02,1.585405447272508414e-02,2.363416724851442052e-01,9.736416151137095021e-02,4.004175384399163984e-01,2.088639036089325052e-01,3.749638025364834815e-02,1.436493512775341708e-01,1.229252319551989436e-01,6.767161945734972983e-02,3.812293980187312914e-01,2.651265765001378782e-02,7.693442011120719126e-01,3.028661583452742501e-01,3.137771039126395767e-01,2.031909860581792016e-01,2.286967052973650771e-01,2.003950666915963741e-01,1.423587492133604193e-01,1.677782621276879826e-01,1.982582237600665764e-01,6.880868261018449616e-02,1.078882705840533557e-01,1.156938769368054398e-02,3.404471328871361280e-01,3.432011136067633084e-01,4.937801374717404324e-02,2.997894700671653312e-01,3.161195209533693706e-01,2.810682477557587822e-01,8.897373332662394246e-03,2.577113970822360323e-02
6.277403476860772547e-02,4.082235660444912262e-01,1.720298842149923790e-01,1.007795096063312662e-01,9.639395316056775798e-02,4.031590122618533001e-01,1.956122531045546564e-01,3.433271727731077028e-01,2.553993729363714382e-01,4.599011927393238941e-01,7.069206738689129410e-02,3.904985453861357092e-01,0.000000000000000000e+00,3.682044147459939687e-02,2.666592886626806269e-01,5.108479218589994097e-01,5.785373983202874992e-01,6.242950257324264562e-01,7.052578220112565299e-02,2.768249822437938157e-01,3.086290405562757133e-01,2.034676302971072381e-01,3.453047265791946985e-01,2.140162545547146244e-01,2.014829581453160268e-01,6.412496008024426430e-01,7.642698547946338850e-02,7.026115470762144266e-01,2.118079187608526426e-01,2.149340927786195510e-01,3.621713000539603100e-01,8.807729351126132589e-02,3.805928313136915098e-02,2.227484085897309674e-01,1.534569010469727657e-01,3.153248419606078379e-01,1.414016466106049474e-01,5.251027287237527430e-01,1.200228299254037234e-01,8.162236831413652305e-02,9.703345113962337509e-02,7.703400859789262534e-02,1.748253792406985196e-01,2.309422697118881929e-01,1.640502078682260223e-01,2.158444224783564180e-01,4.172871581280454545e-02,4.030654726278626310e-02,1.631651634389338079e-01,2.328338657109142451e-01,1.262021289973238869e-01,1.857550355097523087e-01,5.818246160320433846e-02,1.825281898114439749e-01,2.381666632272543827e-01,2.193339415978149409e-01,3.741387672704308276e-01,3.516694062969404344e-01,9.015021766605581244e-02,2.609533321847171128e-01,7.626405850781578510e-02,9.952302307655572222e-02,2.367157519402590393e-01,5.858400938795343960e-02,1.134203278556836503e-01,1.215770862746990422e-01,3.474128654892216783e-02,2.112389682453256479e-01,5.010208660967899186e-02,2.733358494705672159e-01,1.166223838828220893e-01,1.670243608060539842e-01,1.204029898994765091e-01,2.552437588656445433e-01,1.881520889726057133e-01,2.867893215431828458e-03
4.483137950187614240e-03,5.943905055216441163e-02,3.094641256308276744e-02,1.760287569668291807e-01,1.055983944763712046e-01,2.980103694117514079e-01,1.171226981324573757e-01,3.415552939404454813e-01,2.541977357245223113e-02,1.170219066024906079e-01,8.679317785598930635e-02,4.877381762686101851e-02,3.682044147459939687e-02,0.000000000000000000e+00,5.817219729945153489e-02,1.736862341272905896e-01,1.992598519548065827e-01,1.306767173951211281e-01,2.077437306521388305e-01,6.611525333648554659e-02,9.667862316896146113e-02,1.925458125357635275e-01,3.953999012563479409e-01,3.372530834456523990e-02,5.212225767946193633e-02,3.858461860415011990e-02,5.298912226934587855e-02,1.756891904425866846e-02,1.819643557143301449e-01,1.345496658402939028e-01,2.133045187075047200e-02,1.677731902328414848e-01,1.393994630632642839e-01,1.185530089417518029e-01,1.017316250997740701e-02,1.230503249541155530e-01,4.727534843544875520e-02,3.370954866240596925e-02,2.345949145064366026e-01,2.100073182779991013e-02,2.260513911810979326e-01,1.475583118717284092e-01,5.062000525695828368e-02,4.839163035955261483e-02,1.570251179081952886e-01,1.757704744128103791e-01,2.669249289585812757e-01,1.167980601778493555e-01,1.380952950414432445e-02,9.042599915390478471e-02,2.133437670106334560e-01,1.764137375755798209e-01,3.346502530975338230e-01,2.467259073342477349e-02,8.834311252158603966e-03,2.678062956081735946e-01,3.258225498660574648e-02,1.527890491367004944e-01,4.423158675656685412e-02,7.503524639763702042e-02,1.024457751685872303e-01,1.191573872537961265e-01,5.886963269521352377e-02,1.368788140332241332e-01,1.173650400785216930e-01,1.967240321424864047e-01,6.764333550788351190e-02,4.287933844005593631e-01,1.393704013397574215e-01,2.522824407316441864e-01,3.543342910690792658e-01,9.488997531416215603e-02,3.449013366482869825e-02,1.894487082080357210e-01,1.491622594561120008e-01,3.204448099047195464e-02
4.833300879954981477e-01,4.139204307577151742e-01,3.746801659047451216e-01,1.017773436890554717e-01,2.772856695826301232e-01,8.412111121055559915e-02,3.168343169780957896e-02,1.212938476597921755e-01,3.930785805915219533e-01,3.338046123701678969e-01,3.331253987052351651e-01,1.384254426815202388e-01,2.666592886626806269e-01,5.817219729945153489e-02,0.000000000000000000e+00,3.289755451412526011e-01,4.228328394852319816e-01,2.457854540622458339e-01,3.149892000791987279e-02,7.140013937460706339e-01,5.506659733286286551e-01,6.770083221813768537e-01,2.311154357613133536e-01,2.137041352696908425e-01,3.420433245345803619e-01,5.090318508005119424e-01,4.724129157075422913e-01,5.924521321310352029e-01,3.317435687382760956e-01,2.569218495962806714e-01,3.758149183414403183e-01,4.984875115631635240e-02,8.062559248415146484e-04,1.705145916776572013e-01,3.229708151260730908e-02,3.221381310819916854e-01,1.959658067317282537e-01,4.549090878691095519e-01,5.175402619761225453e-02,1.636864817751087497e-01,1.437449491776131294e-02,2.244504990815518464e-02,3.175594245905775104e-01,1.365299919501882231e-01,2.202319926850180298e-01,2.305286071984775920e-01,5.963825361316249518e-02,2.792990104929067852e-01,5.339649949607142704e-02,1.806333251661268180e-01,1.100078006182417523e-01,1.879329515883419177e-01,2.182503879578812089e-02,4.144490308611770701e-01,2.034650452790571218e-01,3.531426589749536715e-02,1.843267838799251823e-01,7.395437774954757848e-02,2.065848322284854766e-01,6.728668201935581461e-01,1.307566094649473265e-01,1.756701424342425877e-02,2.107804372718222186e-01,7.698174622160491865e-02,6.241115756181760954e-01,3.460606682357221242e-01,5.070347610272905037e-01,1.920879837155961556e-01,1.884208943712861462e-01,8.480004844983046741e-02,5.523010682070189636e-02,3.949433063982029091e-01,2.783202288326835361e-01,1.656010727828808315e-01,3.642170650022269474e-01,1.239621809408245900e-01
3.192759510631337228e-01,6.925120053833891953e-01,1.052743837711565128e-01,1.022696655323192816e-01,1.923899010620011563e-01,3.070630213372647632e-01,3.679073608144444174e-01,9.301462164040284752e-02,3.425567921268630189e-01,6.198338161324186135e-01,1.147159067535205926e-02,2.423417396784529054e-01,5.108479218589994097e-01,1.736862341272905896e-01,3.289755451412526011e-01,0.000000000000000000e+00,6.987169923196859811e-01,5.986163517729066186e-01,9.208786280086353471e-03,4.247883850954612406e-01,3.272189707260628189e-01,6.057845237865502330e-01,8.624732905378164338e-02,9.255435238600483172e-02,6.121318912637240262e-01,5.710049767351312866e-01,3.241010180162516852e-01,5.965935523914848160e-01,6.037521738642801505e-01,3.994272054756604073e-01,5.610975245709978187e-01,9.601808189940561067e-02,5.007466065663004895e-02,3.405841887180717231e-01,3.045458007519057930e-01,1.250152227989893561e-01,4.465484272516045960e-02,5.633565558159789877e-01,1.639241823263636322e-01,1.844388424678308491e-01,1.671843748966148069e-01,1.429037967362303818e-01,1.741813985993664327e-01,2.308395923575994879e-01,1.677941195762611137e-02,1.751210191992169651e-02,1.210031846336911410e-01,7.468588716533652860e-02,2.158757570630257805e-01,2.790051917554009497e-01,8.153809519157609320e-02,3.654785845373521580e-01,2.108174899620979259e-02,2.218064590995566521e-01,4.720395692628026607e-01,2.575383373314764635e-01,2.916406453162510015e-01,8.776970568467548639e-02,5.677103854847562192e-02,4.224487493546192907e-01,1.030213274379292998e-01,4.348039644306767593e-01,3.558614193133685655e-01,1.153833713163722463e-02,4.454432028771095342e-01,6.163392867731193325e-02,3.076083255444335696e-01,6.398124695582280141e-02,2.136075015482094552e-02,4.240452983640458084e-02,1.809531695133293205e-01,2.070539351262884464e-01,2.999632143355872027e-01,1.164249144903382605e-01,2.947847979744750990e-01,9.182463335982621322e-02
3.095587290340672260e-01,3.671669400392264526e-01,1.785774586873870029e-02,8.822806152171097649e-02,9.073849411304259205e-02,3.289878575452459541e-02,3.138453408991342952e-01,1.524440291629950706e-01,1.275314994579541117e-01,7.629894081694457153e-01,5.660080681725492002e-02,4.197172209109784058e-01,5.785373983202874992e-01,1.992598519548065827e-01,4.228328394852319816e-01,6.987169923196859811e-01,0.000000000000000000e+00,5.764826328101494424e-01,1.900724269087032403e-01,5.691405725626375034e-01,4.595925098573309664e-01,5.366151785522951245e-01,1.952583943329971872e-02,2.420055007404364744e-01,3.868746659273791244e-01,6.505111553489356657e-01,5.133005884007785236e-02,7.188520899376612538e-01,4.942720438091523505e-01,3.506295465203548289e-01,7.636234747550032509e-01,6.450820079906502413e-02,6.403189538827119831e-02,2.935643154776068631e-01,2.234681314947487285e-01,2.034197312574403949e-01,1.207124777442773883e-01,6.432495896418441994e-01,1.460882590622324950e-01,1.203540810681964224e-01,6.710971478664534695e-02,1.228658550354395779e-01,2.123747622186754613e-01,3.091098946924568658e-01,1.378233467061718009e-01,1.103940887885484501e-01,1.200490196777541374e-01,1.105626988046183312e-01,2.414441723247912064e-01,3.655882637815474623e-01,1.720659153077473136e-01,3.430785560018924651e-01,8.915729296152780092e-02,6.424924999500963851e-02,3.913312228137300064e-01,2.709016123341196347e-01,3.582745116360391835e-01,1.516429149190701153e-02,2.972994977447967480e-01,4.000955061987040429e-01,1.099908544287292456e-01,8.901163930282607328e-02,3.550721773260170355e-01,1.881749567709738169e-01,4.179421533429810154e-01,3.163760698929791726e-01,2.171189722272001132e-01,1.350629761149939601e-01,2.585108643913779092e-02,1.601312380288145154e-01,1.512882386869585094e-03,2.170382235315010400e-02,1.542230702851630497e-01,1.093113568811540787e-01,3.695012234931914219e-01,2.169131167251449333e-01
4.288267429439862610e-02,4.618721300369625915e-01,3.237922783677266159e-03,2.155487274359498551e-01,3.742090474800488509e-02,2.808098261701614251e-01,8.707049596995114493e-02,7.328045531221680231e-02,1.577603303363566967e-01,4.468670392550839199e-01,1.938858849466295331e-01,3.154969309550847978e-01,6.242950257324264562e-01,1.306767173951211281e-01,2.457854540622458339e-01,5.986163517729066186e-01,5.764826328101494424e-01,0.000000000000000000e+00,6.257030008470135241e-02,3.750702030620056693e-01,1.938310609097053105e-01,3.258187245195759973e-01,3.070084651856860858e-02,2.624862724837925265e-01,4.410648816183092014e-01,5.377856328746885017e-01,2.352100390958083986e-02,5.125101584841699198e-01,3.658285423241594558e-01,2.176515219559750081e-01,4.767166017208873674e-01,2.027089905559387173e-02,1.200577890215274168e-01,1.538877519221560908e-01,1.842252092587107204e-02,2.699914971466303992e-01,2.254754896846341422e-02,4.621709907561328823e-01,2.081907633442451055e-01,2.506388268938964936e-01,9.539002747773142610e-02,5.559002317188901920e-02,3.413169980371694723e-01,2.717706068237527028e-01,1.631028166236460075e-01,1.624352668405819877e-01,9.544729221005071595e-02,2.434875738822704916e-01,2.981154132585185912e-01,1.956981791309930219e-01,1.593571862272781525e-01,3.000971305817025647e-01,1.078222360111948663e-01,2.361053844856279837e-01,2.632738529550658346e-01,2.494593627594396956e-01,3.145533672291497274e-01,3.935684908757772216e-01,1.214042808487750258e-01,2.615180805397908648e-01,8.237179010279582769e-02,2.175739859537385579e-01,4.640603647272383836e-01,5.741654494868125846e-02,2.937409041506588436e-01,1.594083534460877249e-02,2.076248381272793875e-03,1.263083775744313075e-01,9.867868683184821688e-02,1.459420107238751929e-01,3.070342637902312433e-02,6.858079239111120051e-02,4.413501048117453029e-01,8.469480721485583841e-02,1.671934323608876005e-01,3.968015274219577337e-02
1.111157461119008372e-02,2.332008432680829635e-01,5.618840233572776066e-01,7.841856837017424642e-02,2.565966308658194084e-01,1.970564327611806221e-01,1.405736138903903032e-01,2.644472317764415270e-01,5.698143670988008447e-01,1.797974635600174953e-01,5.465034092902095741e-01,1.269360355654047534e-01,7.052578220112565299e-02,2.077437306521388305e-01,3.149892000791987279e-02,9.208786280086353471e-03,1.900724269087032403e-01,6.257030008470135241e-02,0.000000000000000000e+00,1.614275386966116943e-01,4.072733942048850642e-03,1.383670917902381503e-01,3.609910223899256421e-01,2.883714916040214238e-02,4.576115056265211978e-02,1.384785911957447657e-01,3.034897050716544586e-01,4.089788311876929594e-02,6.477660501530962955e-02,6.326861643519648970e-02,2.196215348452323912e-02,1.877129913458758237e-02,1.017465048547974288e-01,1.193777285747514294e-01,6.178203674483899455e-03,1.742132139998688600e-01,8.998074070282341408e-02,1.971388353972651497e-02,1.597236758216988017e-01,1.000439817708877188e-01,4.607922225051908766e-02,7.556391309414610402e-02,7.906999221080940332e-02,3.658661757548199722e-02,3.666521614079641667e-02,1.257341539842237177e-01,7.476429567786221919e-02,3.888843146006062956e-01,9.020988477418818985e-02,9.223525383816544299e-02,1.736378819936690576e-01,1.040741166093924197e-01,2.097630648295641942e-01,3.971610211569607807e-01,1.628659362910567232e-02,5.529813356219731579e-01,1.261167440876664880e-02,7.303595410641178232e-02,4.467692527483184406e-02,8.080007286024371016e-02,9.194290045761192853e-02,1.379455421837617046e-01,1.000331128004701420e-01,8.591972395511866534e-01,1.032007180362203014e-01,1.558000731449256104e-01,1.314852797193815370e-01,2.819315681082208980e-01,1.742842549586719539e-02,1.043257097688283230e-01,3.592681560313146227e-02,1.908822543831805718e-01,9.150586456024875637e-02,1.647909049167308182e-01,6.259834275348655219e-02,1.578126852379203582e-01
4.876310420524237466e-01,3.892997186628617823e-01,4.288733860364237205e-01,1.104833037387996236e-01,1.166142490725542991e-01,1.706965223551748512e-02,3.914423991683360637e-02,1.183366487710224291e-01,3.648295693947356533e-01,4.150312793789492360e-01,3.054692650787192987e-01,2.551141815856673434e-01,2.768249822437938157e-01,6.611525333648554659e-02,7.140013937460706339e-01,4.247883850954612406e-01,5.691405725626375034e-01,3.750702030620056693e-01,1.614275386966116943e-01,0.000000000000000000e+00,4.781551489288533574e-01,8.499089078883913517e-01,9.017122093878898736e-02,2.291067681453385907e-01,4.909658105396030314e-01,5.711115840813398847e-01,5.306322985981092311e-01,6.669278283911235228e-01,3.891264633723102162e-01,2.911361214266969255e-01,4.666667620712041109e-01,5.689826790811988028e-02,5.394412858315351944e-02,8.387748302993526528e-02,1.335710183941823254e-02,2.541596568925643673e-01,1.870257847475979562e-01,5.103303498870894739e-01,7.010285319793252423e-02,9.452154422056735505e-02,1.311805138313577868e-01,1.016104384711354891e-01,3.294058811610450777e-01,2.314754106280889068e-01,3.127154247713476165e-01,2.219951010083635323e-01,7.546446244014443083e-02,3.644491089468603895e-01,5.549789390988315446e-02,1.376238642740008344e-01,1.409599735269029264e-02,9.976469737057763743e-02,1.441796674848933868e-01,4.189109126669726679e-01,2.927663641918241133e-01,4.512516643738179178e-02,2.639252693246370574e-01,1.436078928898145701e-01,1.365632419958357491e-01,6.511420191848169559e-01,4.035349670782076847e-01,1.357511122951873817e-02,3.449171904190483362e-01,2.392447214326994254e-01,8.045026390992920939e-01,3.057976901160542882e-01,7.009612515603226290e-01,9.005496706197824164e-03,1.747811928244623891e-01,6.504421374690910751e-02,9.978252321953906545e-02,4.224361495757739671e-01,3.653994696973272838e-01,3.181006934268154618e-01,4.030626961107756090e-01,2.717950677859329867e-01
5.675463698000694501e-01,4.526479312590265813e-01,2.717058293056267004e-01,1.529322170915741463e-01,1.230249238420094982e-01,2.953533365512110986e-01,7.486628619115662242e-02,4.223717799528186045e-01,1.486825683377163698e-01,4.045680654133900767e-01,3.935146551293602912e-02,1.389944483757629967e-01,3.086290405562757133e-01,9.667862316896146113e-02,5.506659733286286551e-01,3.272189707260628189e-01,4.595925098573309664e-01,1.938310609097053105e-01,4.072733942048850642e-03,4.781551489288533574e-01,0.000000000000000000e+00,4.147019720662504239e-01,3.906496104251375168e-01,2.892014501594660780e-01,3.627638402098266601e-01,5.458589005629088664e-01,3.742921248020728564e-01,5.283996578536132027e-01,3.820202636175384359e-01,2.339547049578949156e-01,4.544278702893414512e-01,7.857440261721217872e-03,1.323556703262079304e-01,3.141998388404562692e-01,1.094941263663767872e-02,2.312673299314608188e-01,6.171051289521392591e-02,4.489543049477773273e-01,1.594626457971632938e-01,2.461765673742241645e-01,8.238710812325597543e-02,4.182100217168082529e-02,1.712661381006023442e-01,1.309811181562699212e-01,1.014652160205785497e-01,3.202645495987545554e-01,5.257018177196146058e-02,1.447925618684752502e-01,1.301918264800282568e-02,1.504514681349565786e-01,1.421212948474537274e-02,8.901222404563444157e-02,2.810572591102000195e-01,1.790909691539231685e-01,2.207801159637781119e-01,1.133707457616036640e-01,6.313197042350837673e-02,8.100256794529595017e-02,1.281593226622423087e-01,6.138622855791397992e-01,2.911881351751985370e-02,1.317496585918036811e-01,2.042989872702908327e-01,5.659273156290460516e-02,4.709460043705512855e-01,6.811093412505925260e-01,3.845290668969092440e-01,3.107374062794122094e-01,1.845740995245897798e-01,1.505327981417647343e-01,2.092923539625875518e-01,2.781131279578462068e-01,1.656803931198516100e-01,4.891337936447898160e-02,3.063371333949111985e-01,1.276489059368970946e-01
