0.000000000000000000e+00,1.401630627383785022e-01,4.649112993254460591e-01,3.378524505686659185e-01,3.076880311952983060e-01,4.309060249122998454e-01,2.001624752982834321e-01,3.553773331666387203e-01,5.237852366067794474e-01,5.725173461698165878e-02,3.720304407020336157e-01,2.709537704180028372e-01,1.775921072268207279e-01,6.762689693065010443e-03,5.996755812634184668e-01,3.581854714308441712e-01,1.869957804571742432e-01,1.898620273685619475e-01,3.344196104961433269e-01,4.225827135852491256e-01,7.631403296715957296e-01,5.214778642378626872e-01,3.969964766160440361e-01,3.695040961528166523e-01,3.372256142436766968e-01,3.187036955699576457e-01,4.263539984060565891e-01,3.384362761472172743e-01,5.515383060560965500e-01,2.461869630168752598e-01,6.294432053799192683e-01,2.189343126248681215e-01,4.763410065605594435e-02,8.476650727137682861e-02,1.085278072654584786e-01,2.132178351372474023e-02,6.320423970102762024e-02,3.605027811928312453e-01,1.036588754664008183e-01,8.687572257082137872e-02,1.396990731220403292e-01,1.591741033409311001e-01,2.188090014253092075e-01,2.938759671636770321e-01,4.139007927175707424e-01,6.957663432552801952e-01,2.423265424071978646e-01,3.448991218142650195e-01,1.055177246451452500e-01,1.239315618446410472e-01,4.119672015026616396e-01,7.542814916176902862e-02,5.679894719222334798e-01,5.795614907449436748e-01,1.171701757970371460e-01,4.226016536119494016e-01,9.371718444763921241e-02,3.479206400384184938e-01,9.030128009352100804e-02,6.538380242732404479e-01,4.217096976453335588e-01,2.842423693634469339e-01,3.273267435061865682e-01,3.877793808426888145e-01,4.650207949877555036e-01,5.898729074234144720e-01,5.257711507550228980e-01,4.161898336059790537e-01,2.049362555935898556e-01,3.574054002226170756e-01,4.588722779995714762e-01,3.426807592625588095e-01,4.133911029142339211e-01,5.424818225769734159e-01,2.152217338716265471e-01,2.300379707560599174e-01
1.401630627383785022e-01,0.000000000000000000e+00,2.315232589408744435e-02,1.193512659265413139e-02,1.038727964283013422e-01,6.509423204809549057e-01,1.135708855723368826e-01,3.886652324471782660e-01,1.125549425912693025e-01,5.318607175850886826e-01,6.469626748335870203e-02,4.904312817070482500e-01,3.231469930635134657e-01,8.236268838477825427e-02,7.133246370858631336e-02,7.173785677523714099e-01,6.164461582007856322e-01,7.742730877922543442e-01,1.560248045520742921e-02,1.070801547180072477e-01,4.133775834548991668e-02,2.353478907026345102e-01,2.260166441778568569e-01,2.851074978020911588e-01,7.706422419363435639e-01,7.509053478430732786e-01,9.499516907433486201e-02,9.137032875267739329e-02,4.248282393514830058e-01,9.498496298803218996e-02,2.999642024684653907e-02,2.019711180879336654e-01,2.993755504267568979e-01,2.129979414079574140e-01,6.869735234282657588e-03,4.418710071785462989e-02,9.915172793304075083e-02,7.184898952034879382e-02,1.964863382133767433e-01,1.326952627162125697e-01,4.511837187878867117e-02,3.023660000533227032e-01,9.616289770126994207e-02,8.809817367372557717e-02,2.201670497041585683e-02,8.571342917752244883e-02,4.783569424969977835e-01,7.275944931388761416e-02,6.670659841072573704e-02,2.811381895305608003e-01,1.660949850886253021e-01,1.647758190990113170e-01,1.411831730251243699e-01,1.639650705651896634e-01,2.442640101842542544e-01,3.850135653792877144e-02,2.823402563829690015e-01,1.522885474209848544e-01,1.231623399089597781e-01,5.876754761687336126e-02,2.518248993719526263e-01,3.309759444887354629e-01,8.308383285247367134e-02,9.437078149719604903e-02,3.992774143367672224e-02,1.644855892587047119e-01,2.281923836104307324e-01,4.650939126062492157e-02,7.999224153253714498e-02,4.612141713970091539e-01,3.896924676892212225e-01,1.346771011616987312e-02,6.941365920099004660e-02,1.357035957889893285e-01,1.247179509461672081e-01,6.553945059951249430e-02
4.649112993254460591e-01,2.315232589408744435e-02,0.000000000000000000e+00,4.193056551474848570e-01,6.840428984598976303e-01,4.887374999555010868e-01,2.304827388478011552e-01,1.646439094470965037e-01,8.857724253825508542e-01,2.794016398553601510e-01,9.003453020170583132e-01,2.406554934445221117e-01,3.730128029415848978e-01,1.839254892462663382e-01,7.065863253247297582e-01,1.034914965897657385e-01,1.415785572745054399e-01,7.656280507532159385e-02,8.886534267753706251e-01,7.613542201705806312e-01,2.593598268106656612e-01,6.500370778949757788e-01,6.312737038359469421e-01,1.915578514356094941e-01,8.104717208157832808e-02,2.616051300552509340e-01,6.921907484602274341e-01,5.875742409534546740e-01,3.358073079444701681e-01,3.398552396684494936e-01,4.527639627071409767e-01,6.177523510139696361e-01,3.120106980851107270e-01,3.071601030113530473e-01,2.254317812709740743e-01,1.568192652618263239e-01,1.108679938682563260e-01,3.377348423985973014e-01,3.876737972350642325e-01,3.087518422897159165e-01,4.253585384761104371e-01,4.002851839962334735e-01,4.766021358311726686e-01,5.271579783629245369e-02,2.646377511767278312e-01,3.874739793970478630e-01,1.755531950726075263e-01,8.693083876293683510e-01,2.810505250910529940e-01,4.630677739138883697e-01,5.628682344339637211e-01,8.467910285300217499e-02,5.111713092595739916e-01,8.492555211600454346e-01,3.239174437450819122e-01,8.866438877708558985e-01,1.003639917402529558e-02,5.330627652348913781e-01,7.365501102960630986e-02,6.739370445140724364e-01,1.297967326901629526e-01,2.903904094218655307e-02,2.498527182916589484e-01,8.504145893057463157e-01,7.676648484911927639e-01,1.265162378081828298e-01,6.981591537257718638e-01,7.528571162020372132e-01,5.021501331894585862e-02,1.230331123761164991e-01,3.554297815971569352e-01,7.236865957516218639e-01,6.920002322834758468e-01,4.139634857894978759e-01,5.417236512445247065e-01,3.105246050031334470e-01
3.378524505686659185e-01,1.193512659265413139e-02,4.193056551474848570e-01,0.000000000000000000e+00,2.384912800954888945e-01,3.502162903296172081e-01,8.452769918174390940e-02,4.255266190000712295e-02,5.000701782351643088e-01,1.664508914700508213e-01,3.940067577642131780e-01,1.084478353292036013e-01,7.705005375810683454e-02,8.438372728347223739e-02,3.994735794959928254e-01,8.098244208301909330e-02,9.173429238219207860e-02,7.171077192182739868e-02,3.875252019850743967e-01,4.012795672192102092e-01,2.765391058402903446e-01,2.212326885169101920e-01,2.947231432103976645e-01,2.214973685775813439e-01,5.908723857075200148e-02,1.519181030023259993e-01,5.245468646684544600e-01,1.039674320010386399e-02,2.815583043307618438e-01,1.642549260009024681e-01,1.551687918548317335e-01,2.958901240928196175e-01,6.874666079964270038e-02,3.101637539073932026e-01,5.141909853569788524e-02,2.236076620850300234e-01,2.414251372574502397e-01,1.687362944003786835e-01,1.217572074539285953e-01,4.241613710781105828e-03,6.375725433934081865e-03,4.457985529177013739e-02,2.742419497218160362e-01,2.085244215238885729e-03,1.919594650238316547e-01,3.142783954283688841e-01,1.484244109612297136e-01,5.266410174609302830e-01,2.894303197340575284e-02,3.416793834662666396e-01,3.640696524250094379e-01,1.847210307121811557e-01,2.585716500568562282e-01,4.339331363681543929e-01,2.315557280814677099e-01,4.728599316850414791e-01,4.773264116275707791e-02,4.535799659093589509e-01,7.120061086904780345e-02,4.596236630635384679e-01,2.677962713286746177e-01,2.196408189645531472e-01,2.970260296313114723e-01,4.495298037619191445e-01,5.725626109189756452e-01,9.349936492439665792e-02,4.651336899378969436e-01,4.095224916648713687e-01,2.441454649566073276e-01,2.849843939881379073e-01,2.858828996614105611e-01,5.652897473694871167e-01,5.341046012414986111e-01,4.005574058345929833e-01,5.610475862517672052e-01,7.417814048627431323e-01
3.076880311952983060e-01,1.038727964283013422e-01,6.840428984598976303e-01,2.384912800954888945e-01,0.000000000000000000e+00,3.140399123480611676e-01,6.057229965320358733e-01,2.979452346531644147e-02,7.725181326560730533e-01,1.707147449271067541e-01,7.298051869846694517e-01,1.116014799678204938e-01,3.982690514266987170e-01,1.173937412469577557e-01,4.885023911581409806e-01,1.863068458785659964e-01,4.827441158107485808e-02,1.877174955915169585e-01,6.722573626018677473e-01,5.883692236767504857e-01,1.722459085143977775e-01,5.192407868026536200e-01,2.955291373732891191e-01,1.596840462718256831e-02,1.529339391013791183e-02,9.974850652544550722e-02,5.557903104967238939e-01,5.136545325830956799e-01,4.324051508162289892e-01,3.909114145895490333e-01,3.575405522190510665e-01,6.433442003244866925e-01,4.690349918995484479e-01,3.467100955219244440e-01,5.398951752084148181e-02,6.802066346168433864e-02,2.630215413097633514e-02,2.327159702332103342e-01,4.103131091467606129e-01,3.278135576078399227e-01,3.333927956979577667e-01,3.129653251446471440e-01,4.018224002653941751e-01,8.191897457783821335e-02,3.186651492660833029e-01,4.274696670177235425e-01,1.367017568982290543e-01,7.207926628330972862e-01,2.992507993321090742e-01,6.965593401429582832e-01,1.669637476963397316e-01,1.620067558491658510e-01,2.288542291244858307e-01,7.321028365275717986e-01,2.306895096989640959e-01,7.648108009719409850e-01,8.970935280211397855e-02,3.414233299399728194e-01,1.000504009933891880e-01,4.044276040280982976e-01,1.840468479430137916e-01,1.890572606002992595e-01,3.469660059556310960e-01,5.727165492728140128e-01,5.280866487419272337e-01,1.518636590522090546e-02,5.646033156924232799e-01,4.139597184066434732e-01,1.959328436111976712e-01,1.922036247336793846e-01,1.955681709017296765e-01,4.501777050356464693e-01,5.725912114789806218e-01,2.500447037764280123e-01,5.221947169702432223e-01,3.041060521893756974e-01
4.309060249122998454e-01,6.509423204809549057e-01,4.887374999555010868e-01,3.502162903296172081e-01,3.140399123480611676e-01,0.000000000000000000e+00,3.028490820013188256e-01,5.140875530868911358e-01,4.108219428261323247e-01,6.357205070458279983e-02,3.147445768175341496e-01,4.139626073123235384e-01,4.656384863340251035e-01,2.328975095648409821e-02,4.600892176696844693e-01,4.161417436500676192e-01,2.939785889439002209e-01,4.549803071337467641e-01,4.402247755508691407e-01,4.768023382021707723e-01,4.032057660522896936e-01,5.656802178431616923e-01,6.486429605079705452e-01,2.011192111149775474e-01,5.324889834084733931e-01,4.931853980262717596e-01,5.333219123801098416e-01,2.837440369902591852e-01,6.027454096893578583e-01,1.614026296282743411e-01,1.727912108726176177e-01,3.488295978465298930e-01,8.841078807993771327e-02,2.177122828590794257e-01,2.930611773504936957e-01,1.101240687171081561e-01,1.246768177137186698e-02,1.888637103089410019e-01,2.126152699905488608e-01,5.861413145358890242e-02,3.329551387510612526e-01,4.277721401221693531e-01,1.269432377021746661e-01,9.959415512633032486e-02,2.111690705653165856e-01,3.115922718206424191e-01,5.806591124823421435e-01,2.401593010893471325e-01,2.909918950559695627e-01,5.383871862725393004e-03,6.808008228551717389e-01,6.980957367918716461e-02,5.709676631121041179e-01,2.738960263501915571e-01,1.895951963703622623e-01,2.767935166627397692e-01,1.689673859031947667e-01,6.295037804872296583e-01,5.849101536377067367e-02,4.726850835779442539e-01,2.483160497252944743e-01,3.037155762636435385e-01,2.679587318999666623e-01,4.508304461356613113e-01,4.508552811358078616e-01,2.509051085509576562e-01,4.795694664966277387e-01,5.094761427575315027e-01,5.389421915641076644e-02,3.772852248140950993e-01,3.680475748338969955e-01,4.324652490550183193e-01,3.139751942177090305e-01,3.131309512412777663e-01,2.551041587162665158e-01,1.135747602332524975e-01
2.001624752982834321e-01,1.135708855723368826e-01,2.304827388478011552e-01,8.452769918174390940e-02,6.057229965320358733e-01,3.028490820013188256e-01,0.000000000000000000e+00,2.266766785563267828e-02,4.574662173163581147e-01,1.504463259310151457e-02,2.879919145199738018e-01,6.567543902931571864e-02,4.865077835828531261e-01,1.059214042391931343e-01,1.641122679229030656e-01,3.571634809971961366e-01,2.229082951472529384e-01,4.662294443588994586e-01,2.719294446368682450e-01,2.392765950107404727e-01,1.999239414862284125e-01,2.977096730108448885e-01,1.382128711848173985e-04,1.123281426780073644e-01,1.381926996147270492e-01,8.881009472269207894e-02,2.324249850936100925e-01,2.951921803385729737e-01,5.275852268382489330e-01,1.377757879449989509e-01,2.828908321178380536e-01,2.312863647011594859e-01,1.849692162818995789e-01,1.049478254010391132e-01,3.115252535051453442e-02,6.379135168739209771e-02,8.576291476246389323e-03,1.365403939574923453e-01,1.098791434805082567e-01,1.745606729789414557e-01,2.473692988242972013e-01,2.426247279240196786e-01,1.471020309214906840e-01,3.318867147892266833e-02,2.279713339826012763e-01,3.637074819466261655e-01,1.671931005406741000e-01,1.640415248427661565e-01,2.535524028736893531e-01,3.147332094387205736e-01,4.026019562421449816e-02,3.326196053068350977e-01,7.794243386008427310e-02,3.964165896755675877e-01,1.150220362218092873e-01,3.045906322679519662e-01,5.334227124336723969e-02,2.839245708747520913e-01,2.410522375202772682e-02,1.326320023224557276e-01,3.070380450341314571e-01,1.636527195884163177e-01,3.283265991448099941e-01,1.801800181224522956e-01,1.028367680278028939e-01,1.251782042749901847e-01,2.502712737512424734e-01,6.792814416800681265e-02,2.447094896932314190e-01,2.000917664529530959e-01,1.148668366799452112e-01,3.719327861336241270e-02,2.014464851217631636e-01,2.004908739980705845e-01,2.473496353539437198e-01,9.164266674440485483e-02
3.553773331666387203e-01,3.886652324471782660e-01,1.646439094470965037e-01,4.255266190000712295e-02,2.979452346531644147e-02,5.140875530868911358e-01,2.266766785563267828e-02,0.000000000000000000e+00,5.566701006612745362e-02,5.761774597788238417e-02,4.726696616833275799e-02,4.065233397383306024e-01,2.647773053392438181e-02,1.461795756601316776e-01,1.423780619921428126e-01,8.144731670110640087e-02,6.807992335802381945e-02,3.381381523960255708e-02,3.485783348865745257e-02,6.350257879428811147e-02,3.878080155805763707e-01,8.392015375620567874e-02,6.128533746017448269e-01,2.790173782081392106e-01,2.969189449759136457e-01,3.190216357808273728e-01,2.291245561068444569e-02,7.176730772340525477e-02,9.667225808310889179e-02,4.118516019269982675e-02,1.061960913795272909e-01,8.898356561494902284e-02,1.564077730871705207e-01,1.087017935305719663e-01,2.777711950140335229e-01,4.622595377679693252e-02,8.624203466883108293e-02,2.721494570036261940e-01,1.685682939784908518e-01,2.326002112995218807e-01,2.335570714652479840e-01,1.009763872578156307e-01,1.189154490159783639e-01,3.084041290985124473e-01,2.139745890788230520e-01,2.575616392394718956e-01,3.752671781197766121e-01,3.878833165717782139e-02,2.219934283932921693e-01,3.017278823841076929e-01,3.316056685256550951e-01,7.731353578077333755e-02,6.675780342495637454e-01,1.302706278480000868e-02,1.976184608051782809e-02,4.907040480143454175e-03,2.815580894762874653e-01,1.704031066217548962e-01,9.474192989139781917e-02,1.092788640785615495e-01,2.118186854585044632e-01,1.803478571447361678e-02,2.634645732387914108e-01,8.458121935824680637e-03,1.859589209250135655e-01,3.672662482589520438e-01,8.941920418111180824e-02,3.190806568062411475e-01,5.459908366556120995e-02,2.240013403005595635e-02,1.892187702359383328e-01,1.086052262729531037e-01,2.817726827694302383e-01,1.384863074579604225e-01,3.105378831446787280e-01,3.934879480752683789e-01
5.237852366067794474e-01,1.125549425912693025e-01,8.857724253825508542e-01,5.000701782351643088e-01,7.725181326560730533e-01,4.108219428261323247e-01,4.574662173163581147e-01,5.566701006612745362e-02,0.000000000000000000e+00,2.633625607545299063e-01,8.244796720764741016e-01,1.130553751331793005e-01,3.788801431095926153e-01,6.580107438933897879e-02,7.352630633046866038e-01,1.169922633182592792e-01,9.959727409714919100e-02,4.856446787179005686e-02,7.981754663956899254e-01,7.300116662521642930e-01,4.125497811750393762e-01,6.482805343563221578e-01,4.822127824248639838e-01,5.248201299586857660e-02,2.111237128840620647e-03,1.305406612243621700e-01,7.109211131814084927e-01,5.700804476490763939e-01,4.598772423505810281e-01,3.900652288809162704e-01,5.673070239501258882e-01,7.421347924249518391e-01,3.504920796794351867e-01,3.209357938933974363e-01,1.648723024313686614e-01,2.822717912550897629e-02,1.420137980261481081e-01,4.629291353426019384e-01,4.809908914152517534e-01,3.143455229132288142e-01,4.437236980472661907e-01,3.445656819311641028e-01,3.279322254628309063e-01,1.929959498459665745e-02,3.490429657983307177e-01,4.989090477251647560e-01,1.932242626148792941e-01,7.446795151404873581e-01,2.737271598612912027e-01,5.969871824973618235e-01,4.241453500781602881e-01,2.180015743122257765e-01,4.358200430913368728e-01,8.963514118353155258e-01,3.494615410595839911e-01,8.027055332386326958e-01,1.740129080206584411e-02,5.614801287436681498e-01,1.219706257336905242e-01,7.437953178606762084e-01,1.833012740350685732e-01,7.431903664244585150e-02,2.731329661608787873e-01,7.115910233940518914e-01,7.686707025791519321e-01,2.320902095396213394e-01,6.852672877262155904e-01,6.521777002985472693e-01,9.929551918937913613e-02,1.353126050973509076e-01,2.775297661836076957e-01,6.502600133227978141e-01,6.241567083429062635e-01,4.814340107308694994e-01,4.755124418732846192e-01,3.530226975215958185e-01
5.725173461698165878e-02,5.318607175850886826e-01,2.794016398553601510e-01,1.664508914700508213e-01,1.707147449271067541e-01,6.357205070458279983e-02,1.504463259310151457e-02,5.761774597788238417e-02,2.633625607545299063e-01,0.000000000000000000e+00,2.108334761055463136e-01,6.022259057618404299e-01,2.077604982093105845e-01,9.426883045032095898e-02,3.830519332943707056e-01,5.943725237206639589e-01,6.246042855181970221e-01,4.322881823114715916e-01,1.592743110929459582e-01,2.230996045373593029e-01,1.466005815664819800e-01,2.661556382741570026e-02,7.017808164073818800e-02,3.326846349570118377e-01,6.111030168502067372e-01,5.333603995878453130e-01,2.285108292589721479e-01,2.439779540418819948e-01,1.478857455951144428e-01,1.446734547235631330e-02,2.458388824548363716e-01,9.263432243983768521e-02,8.363556607104612184e-02,2.478352905827588548e-01,1.129719339343328299e-02,1.524188985557110576e-01,5.469955318103534303e-01,1.940934533824142660e-01,1.367875762970132136e-01,1.881314683090737627e-01,2.276003459145259367e-01,2.826306663030481170e-01,1.464420385709960248e-01,3.543863591715714634e-01,2.616139394151985043e-01,2.277350301842060998e-01,1.778485757584494231e-02,1.241825987800036224e-01,2.934544347269719688e-01,1.096876244722280458e-01,1.118317484489281116e-01,2.037030346746364073e-01,6.836474051968577381e-03,1.699745448373888856e-01,6.810430513215283144e-01,1.866640760902166241e-02,6.355637218066696459e-01,2.736225101300444607e-01,2.049051436928065739e-01,3.578122245549648639e-01,1.863874425725003392e-01,1.645794322233158358e-01,2.676689075706467635e-01,1.129486318197948369e-01,2.429861785655219597e-01,1.289691520337133412e-01,1.227681741441862262e-01,1.265540976021563013e-01,1.564459692548767489e-01,1.910521288005530560e-01,3.557974950735909858e-01,1.378057600110304537e-01,2.125354622810863015e-01,2.209899886112920431e-01,3.094005784449564422e-01,2.966226067144145939e-01
3.720304407020336157e-01,6.469626748335870203e-02,9.003453020170583132e-01,3.940067577642131780e-01,7.298051869846694517e-01,3.147445768175341496e-01,2.879919145199738018e-01,4.726696616833275799e-02,8.244796720764741016e-01,2.108334761055463136e-01,0.000000000000000000e+00,2.303265212444713383e-01,2.835232408197616016e-01,1.156673690548404299e-02,6.342914155110990215e-01,7.775565592176321428e-02,1.321500181098984039e-01,1.171604854255874073e-01,8.995655477057339366e-01,7.334277361935730433e-01,1.865454127154259623e-01,5.831794093434174986e-01,4.112594163596688390e-01,1.631367767160004367e-01,5.509684217913687898e-03,2.200148988819117524e-01,6.224168945367656303e-01,5.441384992472124704e-01,2.478759933999387932e-01,4.467556901326594776e-01,4.231746918127577972e-01,7.036010800672506393e-01,4.829897290498275098e-01,4.381378950015010765e-01,1.224167918472106875e-01,1.793347438404840621e-01,1.390475891070757503e-02,3.070225313269159262e-01,3.659076321050126479e-01,3.949272358152387530e-01,2.853006836661980405e-01,3.370100950900124515e-01,4.658020152661497271e-01,6.709354189624520959e-02,2.904860614205223568e-01,4.251380789577207109e-01,1.332728102497915679e-01,9.285496555441734579e-01,4.039695666190294410e-01,5.472916244504162364e-01,2.794446093741885795e-01,3.604206315364150148e-02,3.380353615770435027e-01,8.010776751762875847e-01,2.665906191756915455e-01,9.340131667839715046e-01,1.395892305346966011e-01,3.933698936387025613e-01,4.064299404454579934e-02,5.761040515820737840e-01,1.175655540776604363e-01,1.977437386825399435e-01,3.249724859983926795e-01,8.232323371168078774e-01,7.300701929593208517e-01,6.556121827848343520e-03,6.960588524164210700e-01,5.787197666083413461e-01,5.396513998231785431e-02,9.621349675090401510e-02,2.870472286258883843e-01,6.072437553509058006e-01,6.388123057269069482e-01,2.229852608767659838e-01,5.759509983938173594e-01,4.096377995479724698e-01
2.709537704180028372e-01,4.904312817070482500e-01,2.406554934445221117e-01,1.084478353292036013e-01,1.116014799678204938e-01,4.139626073123235384e-01,6.567543902931571864e-02,4.065233397383306024e-01,1.130553751331793005e-01,6.022259057618404299e-01,2.303265212444713383e-01,0.000000000000000000e+00,4.055802274100855920e-01,3.887438663338334266e-02,3.733957037838771253e-02,5.184522586682118739e-01,5.665261161293291270e-01,3.903687701378600328e-01,2.505029895005057572e-01,1.601411499734412269e-01,1.788340755994127784e-02,2.643270513511445374e-01,3.890065223503827996e-01,6.081299203107279894e-01,5.418890864463791202e-01,7.476076547002356021e-01,1.251213929676826264e-01,3.353061285267167069e-01,2.324153537801784686e-01,1.878668522524326034e-01,3.399379193394277410e-01,8.908603221546944340e-02,1.006890193152631674e-01,2.369531003183009965e-01,9.465684456793212881e-03,2.855123638389684970e-01,4.463709110610994957e-01,9.471417675729165708e-02,2.016533241859583825e-01,1.876065195562760524e-01,2.855661714829357822e-01,3.357957153660801053e-01,4.116574366209206914e-01,2.685791180375313725e-01,3.162074013175308895e-02,1.177723112663881834e-02,1.058484340367192855e-01,2.279176207834588408e-01,1.735756832386089465e-01,1.569826130383920881e-02,2.001915490321204139e-01,2.896773972416388787e-01,3.665055854456550355e-01,1.154822886065058340e-01,3.906790584486942719e-01,2.981144628077996850e-01,6.892169811584109018e-01,1.106601321505699398e-01,1.837109995988907563e-01,4.683422037999449700e-02,1.310621203181727701e-01,1.526268727748709975e-01,1.249177945398463468e-01,2.848574571454465243e-01,8.669389828935132603e-02,9.537034783167390450e-02,2.007403520346854875e-01,2.468532428213630059e-01,3.044459821833723212e-01,1.660922973949395531e-01,5.202116935189375901e-01,1.555228424865564840e-01,1.261724237727530062e-01,1.574478370497810198e-01,2.754496337841722334e-02,1.513648478045261092e-01
1.775921072268207279e-01,3.231469930635134657e-01,3.730128029415848978e-01,7.705005375810683454e-02,3.982690514266987170e-01,4.656384863340251035e-01,4.865077835828531261e-01,2.647773053392438181e-02,3.788801431095926153e-01,2.077604982093105845e-01,2.835232408197616016e-01,4.055802274100855920e-01,0.000000000000000000e+00,3.902544633701315879e-02,1.147593349813982588e-01,5.254261709076011311e-01,5.563475199897240930e-01,4.433630810065498640e-01,2.949059576969263463e-01,1.730408350131598383e-01,9.774973083329466239e-02,2.657641792328044872e-01,1.680845900443797558e-01,4.349369043348039199e-03,2.515379271645295511e-01,4.371560527066749025e-01,2.275542444136112730e-01,4.956127415909669098e-01,4.180957482152057869e-01,8.625696709846811250e-02,3.192011099880943670e-01,2.228770985188238685e-01,2.418256227338394515e-02,1.823056220778840331e-01,8.533675536638438142e-02,3.002820070554002019e-02,2.452567824992098189e-01,1.122565317980420418e-01,2.048991528517132288e-01,2.929103909727744370e-01,3.554327469230089687e-01,2.869248443237571999e-01,2.028584969259827342e-01,1.578935226294821415e-01,6.895054198849670524e-04,1.005515220439696933e-02,8.107479270050652054e-02,2.045507931261688617e-01,1.616295065719306756e-01,3.041362825201063269e-01,2.954726618012991635e-01,1.092689724827955455e-03,5.822406556520226539e-02,3.664570783761075257e-01,3.763419864576872387e-02,2.867996401893268543e-01,4.984222308987418248e-02,5.287895141484810768e-01,8.831278434943090616e-02,1.037723129927148880e-01,2.167846541666015592e-01,2.582894697211969848e-01,2.230870505393496572e-01,3.025988649469301683e-01,2.361062422413331696e-01,8.790897262192728934e-02,3.246905462223956818e-01,1.676394900999533533e-01,1.071378186488283757e-01,1.735465351216478325e-01,2.257924956845029918e-01,1.897624144772865340e-01,3.781918699700753117e-01,2.184391153136217012e-01,2.225797846357469856e-01,3.237848441111505771e-02
6.762689693065010443e-03,8.236268838477825427e-02,1.839254892462663382e-01,8.438372728347223739e-02,1.173937412469577557e-01,2.328975095648409821e-02,1.059214042391931343e-01,1.461795756601316776e-01,6.580107438933897879e-02,9.426883045032095898e-02,1.156673690548404299e-02,3.887438663338334266e-02,3.902544633701315879e-02,0.000000000000000000e+00,7.019442851177171150e-02,2.132587633389551596e-02,6.306815179040306529e-02,1.259483196227659529e-01,1.204013411828538660e-01,4.771602674876818800e-02,8.367308231707655530e-02,8.307028244438771636e-02,2.880070314234773887e-01,7.193453770485254417e-02,6.912170110533125134e-02,4.527442751441373980e-03,2.123459756207737859e-01,5.499543672147139128e-03,8.050124100498688706e-02,1.424061201454469572e-01,5.751777354990095237e-02,4.560018272635970454e-02,3.404325731967813157e-02,2.583153722293998200e-01,1.051004447073570769e-01,1.513938826207000266e-01,2.415646258381645706e-02,1.023044429857696003e-01,1.340852621020650060e-01,1.393618817235674559e-02,1.310248428030066914e-01,8.588280165383925524e-02,1.393608304849896506e-01,3.549882107670866704e-02,1.963541178579289448e-03,2.324031472009433635e-02,1.001899772109071662e-01,5.217550964935992186e-02,2.140957652035324066e-01,1.489335267237247018e-01,1.569366975116983642e-01,1.508138120390760117e-01,3.890620936179928213e-02,8.269792145990934040e-02,1.265939136458560099e-01,2.941314893572852252e-02,7.025540179296807519e-02,8.440888453261380375e-02,4.435442180673282442e-02,1.203411047968171860e-01,1.077908471538782248e-01,1.255249394127898044e-01,1.586922584847926809e-01,7.092902373412697525e-02,2.162009707607062681e-03,3.610865275199610230e-02,9.669266318074489636e-03,2.690629148662807557e-01,1.067023506106577757e-02,7.795290614347541447e-03,1.235267723172810139e-02,1.822477111016417295e-01,1.406915836085240179e-01,4.583026848728419256e-02,2.056088271995346051e-02,7.783681787802314289e-02
5.996755812634184668e-01,7.133246370858631336e-02,7.065863253247297582e-01,3.994735794959928254e-01,4.885023911581409806e-01,4.600892176696844693e-01,1.641122679229030656e-01,1.423780619921428126e-01,7.352630633046866038e-01,3.830519332943707056e-01,6.342914155110990215e-01,3.733957037838771253e-02,1.147593349813982588e-01,7.019442851177171150e-02,0.000000000000000000e+00,1.836747002968880382e-02,9.272722239368846875e-02,5.786948888301107763e-02,5.760489713792236177e-01,8.452218972504409455e-01,6.764464933893070686e-01,8.550491186432378488e-01,4.714939703892912504e-01,4.663337038560189107e-02,3.033138436035187624e-02,4.450061156754248071e-02,7.763554735234911020e-01,3.683249422717994603e-01,5.772610161326205969e-01,3.189130889851559125e-01,4.592388483335727578e-01,5.505654082038423658e-01,2.444612994824825747e-01,2.488711620609179165e-01,3.995517957433794565e-01,1.227973114874148647e-01,1.629380862682991427e-02,3.579484173211274767e-01,3.625549813800066912e-01,8.533365211739024625e-02,1.999011222012361255e-01,2.927125613216873257e-01,2.418573496096886044e-01,5.923486984905125541e-02,3.914756807926255133e-01,6.500123952775438418e-01,3.073539081033781484e-01,5.420162684459033375e-01,4.270657084963848660e-01,2.514543273687377400e-01,5.781789789837872284e-01,6.525362981359991710e-02,5.538885820060728271e-01,7.264714247803107927e-01,4.894042079470842244e-01,6.158778563688015462e-01,2.764189286408531010e-01,4.512694401076471351e-01,2.024573569205981305e-01,8.866528148709543755e-01,2.611956185744526704e-01,3.499045889197174852e-02,3.282330559617929744e-01,5.897401767381189597e-01,7.293905398229389991e-01,5.708499785598967202e-01,6.871563078567106686e-01,6.455137274284442617e-01,1.366210497239466748e-01,7.740413754637762156e-02,1.434595296936666542e-01,7.345759040557419128e-01,4.998789695922074006e-01,6.327449856473215117e-01,3.938113001706252669e-01,1.985163708218548595e-01
3.581854714308441712e-01,7.173785677523714099e-01,1.034914965897657385e-01,8.098244208301909330e-02,1.863068458785659964e-01,4.161417436500676192e-01,3.571634809971961366e-01,8.144731670110640087e-02,1.169922633182592792e-01,5.943725237206639589e-01,7.775565592176321428e-02,5.184522586682118739e-01,5.254261709076011311e-01,2.132587633389551596e-02,1.836747002968880382e-02,0.000000000000000000e+00,8.689583593172054421e-01,7.863875260252146671e-01,1.477717208269740401e-01,2.226575000482298172e-01,7.666461968245513736e-02,4.090895774054724710e-01,5.694374503804991439e-02,1.855616938182620412e-01,7.068884567765415516e-01,6.380595320555013661e-01,1.328605187815584121e-01,4.125058897485482379e-01,5.934561339192344631e-01,2.267481330942352769e-01,4.841291025257521419e-01,1.512060610094904251e-02,1.823473212930865062e-02,2.808516475599033280e-01,1.244164322391522193e-02,5.471808043884640593e-03,2.772276313408795767e-01,6.680099520599858121e-02,9.474896506346844327e-02,1.663791266490900755e-01,2.134309641702350491e-01,3.807458004014996344e-01,2.362905974076317528e-01,1.530498415416058355e-01,5.240068536780130570e-02,1.101359201512010499e-01,3.369720104168271724e-01,5.030643437403475859e-02,2.061070344347931127e-01,3.366401569082771994e-03,1.282063656961945908e-01,1.377193394355500089e-01,1.343025790398918833e-02,1.526080183002092583e-01,3.386629603188259230e-01,1.900620419413628082e-01,2.855114287886240110e-01,1.820464432389582721e-01,9.180619507007421742e-02,5.519543691260636598e-02,4.460858275078044555e-01,4.335034600263216187e-01,3.383280433618658933e-01,1.649486705445952495e-01,1.506453290081782026e-01,4.470529139289575182e-02,3.209616308108304561e-01,3.039399047287123096e-02,1.726644617709316432e-02,4.660806086542901294e-01,4.482316879496154316e-01,3.884136558938114381e-02,1.776814281561797104e-01,1.609901318131109760e-01,1.196445232578310924e-02,1.500118325081398196e-02
1.869957804571742432e-01,6.164461582007856322e-01,1.415785572745054399e-01,9.173429238219207860e-02,4.827441158107485808e-02,2.939785889439002209e-01,2.229082951472529384e-01,6.807992335802381945e-02,9.959727409714919100e-02,6.246042855181970221e-01,1.321500181098984039e-01,5.665261161293291270e-01,5.563475199897240930e-01,6.306815179040306529e-02,9.272722239368846875e-02,8.689583593172054421e-01,0.000000000000000000e+00,7.086746732222450884e-01,1.871148796996938146e-01,1.716433622223061117e-01,1.117930295828329368e-01,2.943309038860820182e-01,2.025316226448026224e-02,2.475608690883382423e-01,6.185114650419399895e-01,7.035749314655384001e-01,6.124682117177920881e-02,3.772502894010596464e-01,3.812122209398867700e-01,1.434046335666377958e-03,4.781327693318434546e-01,8.253849324927611808e-02,1.087285827476295041e-01,2.744086183801385248e-01,3.772493074285561410e-02,6.226228708142524104e-02,4.638772636777647174e-01,1.662458360598922935e-02,7.124744406846371392e-02,1.826255924338313907e-01,2.765176348810597373e-01,3.460763123385415807e-01,3.647005002514502880e-01,3.582638281758709908e-01,1.328607238354145292e-01,1.357231686573330542e-01,6.391341811378883908e-02,1.165195494244653796e-01,3.842867432799951244e-01,1.130743903663371658e-01,1.755699107269698689e-01,3.393946251913826373e-02,8.792862612739027472e-02,1.715033091590108250e-01,3.588270788416673129e-01,2.721825687725282217e-01,2.677832422330954087e-01,1.871006790132335729e-01,4.384720343723418068e-02,3.896798822305225229e-02,1.826876266005991734e-01,2.242327645665650460e-01,9.419826849961496218e-02,2.566581300935764087e-01,1.954440847125796799e-01,3.027313626018580672e-01,2.502002029789790472e-01,6.607367228363300593e-02,4.742589960330249876e-02,2.725307403785208193e-01,3.982962529666860818e-01,1.461329857185159897e-01,1.972908725839896682e-01,1.270204731483255411e-01,3.627047525037090103e-02,1.258408231369489982e-02
1.898620273685619475e-01,7.742730877922543442e-01,7.656280507532159385e-02,7.171077192182739868e-02,1.877174955915169585e-01,4.549803071337467641e-01,4.662294443588994586e-01,3.381381523960255708e-02,4.856446787179005686e-02,4.322881823114715916e-01,1.171604854255874073e-01,3.903687701378600328e-01,4.433630810065498640e-01,1.259483196227659529e-01,5.786948888301107763e-02,7.863875260252146671e-01,7.086746732222450884e-01,0.000000000000000000e+00,7.458867539658686763e-02,2.393697240598377241e-01,2.979739423297450562e-02,3.801317833371771759e-01,1.884968535405118217e-02,1.604748316439802425e-01,7.000187474067333104e-01,5.814904718793987293e-01,1.022990126288357282e-01,2.140435559558598877e-01,5.855917620357866671e-01,1.740951336772356139e-01,3.218139961724031939e-01,1.283483749408089458e-01,5.966129304326422966e-02,1.317146587419032733e-01,2.945400632551262166e-04,1.920344832465332996e-02,1.738011401896844554e-01,1.571411542479597689e-02,1.731955070124747698e-01,1.768661671629523369e-02,1.225805697314097664e-01,3.694391444650814149e-01,3.052127147659358108e-01,1.473354738581666157e-01,7.697347017847910866e-03,6.642776256005972213e-02,3.651501651585357666e-01,8.168843478315285234e-03,1.802761174675247269e-01,3.317334960378491571e-02,1.461791355485210775e-01,3.175971802168259250e-02,5.276447409488426582e-02,9.108688773822151696e-02,2.037294049245965133e-01,1.701852386807239381e-01,1.682259686995313530e-01,1.772687659553351947e-01,2.773332887786604528e-02,1.102027541833375535e-01,5.267578576944446089e-01,3.463321641076774204e-01,4.435514280582353308e-01,1.477653619497676651e-01,1.458288813468172074e-01,2.306580992784036943e-01,3.304569963769184437e-01,1.472911643927232728e-01,2.378549568381777002e-02,4.970942352984886736e-01,4.446802662164893727e-01,6.428358344825718662e-02,2.063764113351411189e-01,1.438853916396067856e-01,5.464417284000877562e-03,1.119621232860511240e-01
3.344196104961433269e-01,1.560248045520742921e-02,8.886534267753706251e-01,3.875252019850743967e-01,6.722573626018677473e-01,4.402247755508691407e-01,2.719294446368682450e-01,3.485783348865745257e-02,7.981754663956899254e-01,1.592743110929459582e-01,8.995655477057339366e-01,2.505029895005057572e-01,2.949059576969263463e-01,1.204013411828538660e-01,5.760489713792236177e-01,1.477717208269740401e-01,1.871148796996938146e-01,7.458867539658686763e-02,0.000000000000000000e+00,7.212126850369394715e-01,1.294404651461250888e-01,6.237740361805428346e-01,4.726212921219854479e-01,1.394971667200106125e-01,6.888660945820782033e-02,2.703175667166315410e-01,6.796531033389316967e-01,5.765662544565740566e-01,3.533949912757817780e-01,4.620835478708750776e-01,4.786144183491726767e-01,4.967217610340628475e-01,3.852172937537747810e-01,3.027768636574046379e-01,1.901333104126006479e-01,1.994806804707857928e-01,1.501212285102382915e-01,2.554255257642546462e-01,3.147639062979705749e-01,4.179907492988189088e-01,3.657382193087687638e-01,4.062387332647856564e-01,4.948560080182144993e-01,1.831237736913035041e-01,1.405013245301408586e-01,2.503210743714747721e-01,1.117491685412300706e-01,8.041222034875218361e-01,2.612062378344060520e-01,4.374920228602218741e-01,3.930337775056819138e-01,1.436346937908933308e-02,3.895087681187093254e-01,7.451691231964506779e-01,2.328107464314906339e-01,8.906514617043623794e-01,5.858006510575947123e-02,4.770178087828310654e-01,2.100396012717370420e-02,5.796641305895584573e-01,8.966630199613555285e-02,1.316868407115909800e-01,2.387207532109645591e-01,9.192160892959042595e-01,7.353403731525731679e-01,1.952116852736995867e-02,6.787819405555649555e-01,5.805681423675772557e-01,1.984402907673818786e-02,1.248822924235411802e-01,3.342162173215494914e-01,6.444662785679184935e-01,6.407100781499028841e-01,2.899201971999859073e-01,5.538498805254916668e-01,3.154191684898104975e-01
4.225827135852491256e-01,1.070801547180072477e-01,7.613542201705806312e-01,4.012795672192102092e-01,5.883692236767504857e-01,4.768023382021707723e-01,2.392765950107404727e-01,6.350257879428811147e-02,7.300116662521642930e-01,2.230996045373593029e-01,7.334277361935730433e-01,1.601411499734412269e-01,1.730408350131598383e-01,4.771602674876818800e-02,8.452218972504409455e-01,2.226575000482298172e-01,1.716433622223061117e-01,2.393697240598377241e-01,7.212126850369394715e-01,0.000000000000000000e+00,3.461390031434581349e-01,9.170867153586451659e-01,4.032008274398738434e-01,7.389989968700273748e-02,1.854149152256656663e-01,2.082361833760616177e-01,8.284331594912204277e-01,5.341762650331667306e-01,5.755302564797862841e-01,4.336064771697072939e-01,4.737045179766946057e-01,6.265405706976561184e-01,3.662438110080931675e-01,3.014941244058264580e-01,2.505169108037794690e-01,1.775767275472604212e-01,1.071326815557979983e-01,2.140603246736561271e-01,3.475714150363655719e-01,3.038229024443737103e-01,2.535095405349713227e-01,4.408840746627557539e-01,4.485241322516488882e-01,2.048531021455627932e-01,2.769973901468868460e-01,4.581899321246270529e-01,3.310747901196954279e-01,6.804215351548597024e-01,4.325007583555449120e-01,3.938625152632074800e-01,4.583144407646063123e-01,1.385323402632796796e-01,3.249569158043672523e-01,7.375719473821205074e-01,3.259365231647324279e-01,7.468811340454288850e-01,1.909461888853042355e-02,3.982533388990140422e-01,6.706133226999301533e-02,7.591368014182183765e-01,3.740913671910883753e-01,1.741775728376757648e-01,4.630268848680448857e-01,7.305402725365570671e-01,9.016654481696323442e-01,1.985984950923615766e-01,8.860468969385619786e-01,5.160475915195645857e-01,5.745120494615493789e-02,2.309942345759186944e-01,2.874923217152398069e-01,7.631839036026953904e-01,6.672099440460823594e-01,4.664956602220411419e-01,5.215749189988081458e-01,3.545575517696313295e-01
7.631403296715957296e-01,4.133775834548991668e-02,2.593598268106656612e-01,2.765391058402903446e-01,1.722459085143977775e-01,4.032057660522896936e-01,1.999239414862284125e-01,3.878080155805763707e-01,4.125497811750393762e-01,1.466005815664819800e-01,1.865454127154259623e-01,1.788340755994127784e-02,9.774973083329466239e-02,8.367308231707655530e-02,6.764464933893070686e-01,7.666461968245513736e-02,1.117930295828329368e-01,2.979739423297450562e-02,1.294404651461250888e-01,3.461390031434581349e-01,0.000000000000000000e+00,4.745880774881968134e-01,2.444584902737081955e-01,6.211409408246798547e-03,1.845717146103232342e-01,3.323162329895690270e-02,3.275026652171965091e-01,1.334590523759898728e-01,5.813361518464719158e-01,6.828462770287704875e-02,3.893413562357309066e-01,3.961410348150836147e-01,1.846861891094223052e-02,8.223088173963077896e-02,3.066469729417099499e-01,7.698836467449823862e-02,1.381100543417800308e-01,3.873342357031681615e-01,3.357722663487922032e-01,1.298846765189123897e-01,1.803717382863367080e-01,5.353050550406211056e-02,1.327928940516473200e-01,3.997082777618687355e-01,4.146537835940939942e-01,7.343368565725835184e-01,2.474363115227439236e-01,1.280313377968663457e-01,2.439686779440003728e-01,9.109402111065074970e-02,4.011027832917107849e-01,5.875396879311239884e-02,5.914581292625094022e-01,4.065686912266341935e-01,3.036487095731734143e-01,1.902236414109336748e-01,2.706477316298866453e-01,2.232715194187628038e-01,2.033169083916080144e-01,6.737738574815441694e-01,2.087403620108052027e-01,6.467929026590121810e-02,7.443173794863749970e-02,1.637478537883955976e-01,2.638112159216267072e-01,7.887114418916997272e-01,2.452958654819614726e-01,3.494231480240858057e-01,8.041261573728461509e-02,8.031928319067163646e-02,1.451353752499836558e-01,2.198109725643167534e-01,1.163891172896174830e-01,5.653677022631380389e-01,1.138213021590557539e-02,3.598869381451177962e-02
