0.000000000000000000e+00,5.364008742591019896e-01,4.144077217159420901e-01,6.805591570038402316e-02,1.730436447393599586e-01,4.577584194338904511e-01,3.674581094915464474e-01,3.301691946209367456e-01,3.294719562763899767e-01,5.331621498104794910e-01,3.333667602662195861e-01,3.846413980344751127e-01,2.594897287497348048e-01,3.720174872182907544e-01,5.480289949996142163e-01,1.407905771500722603e-02,1.401070196630233022e-01,2.200791788032732121e-01,3.116945881948038899e-01,5.878377517183189793e-01,7.276742888225808947e-01,6.618673723613366366e-01,4.457753342735214508e-01,1.219105042077637813e-01,3.216540559132717858e-01,5.669559725500182834e-01,5.436506012191150150e-01,3.584987241199973917e-01,6.156882483876116030e-01,2.971416635723777566e-01,2.158982721612318634e-01,4.273349023077084863e-01,2.216542405985905129e-01,9.270199943746509907e-02,1.598668025203943133e-01,6.709400729900408256e-02,2.480393369058960518e-01,7.860998964818216583e-02,2.372647616119697989e-01,2.766753347538508656e-02,2.345335436556268971e-01,5.130966518618640393e-01,3.325570297594815927e-01,1.193864309726365841e-01,4.538750201464020195e-02,6.789760782843018427e-01,4.381409228962129809e-01,3.983114830941036910e-01,9.900446051193403929e-03,3.627733841607414522e-01,5.679472857183397172e-02,1.713633235865088533e-01,5.691181951209636214e-01,4.273085752961077732e-01,1.472752557170711740e-01,4.212651710756161183e-01,1.474562258715548246e-01,4.782398443231783425e-02,4.465005372173479481e-01,3.887968348933852347e-01,2.000717235728928234e-01,1.855785133958084143e-01,3.726300897954532010e-02,2.879213770110477522e-01,3.967953237484279083e-01,4.575848636990436091e-01,2.051579907616601361e-01,3.575693477060238878e-01,2.306091348553322429e-01,3.757443375815039399e-01,4.474483674884896511e-01,3.482761131871381366e-01,2.406735468683629531e-02,4.082872039253227503e-01,2.711725246243361642e-01,2.574242005673232359e-01
5.364008742591019896e-01,0.000000000000000000e+00,2.603312700343685115e-01,1.475915990498277153e-01,8.427278804754391450e-02,8.507651763161276914e-01,1.447746266496941214e-01,4.518916481056334256e-01,3.224619050196246284e-01,2.163330070627863533e-01,8.221337480546724030e-02,1.777518228056499394e-01,3.934854592283983932e-01,5.178593537102305772e-03,3.845129798829589607e-01,2.022564143427713068e-02,4.577261654580550010e-02,1.686324004189651005e-01,2.513476788412954965e-01,3.229473325187139920e-01,5.321942805163180079e-01,4.579763508359943613e-01,4.722455206924303095e-01,1.284112323358700958e-01,8.372576011067258683e-01,7.909633926142197735e-01,4.802600793780353872e-01,2.664829012419072107e-01,4.626256544649464120e-01,1.311014434336885692e-01,1.061499162329110901e-01,8.091999255833914884e-02,1.771157820034235386e-01,3.456012028378568912e-02,2.792906639036948219e-02,1.432459050131265343e-01,1.387199707310140528e-01,1.153990154996394624e-01,3.015909709245912645e-02,3.529755515953549305e-01,2.045548569494595181e-01,2.693850282833514798e-01,2.396683394013636448e-02,1.220146013364545312e-01,9.515727274985606721e-02,3.378749770229495519e-01,5.127569945283813047e-01,4.625551356970601935e-01,9.399855110763200017e-02,6.817758622986347383e-02,6.353386722060319070e-01,1.388977880336513537e-01,5.106872842502742094e-01,2.742828471129616363e-01,1.674223843343842777e-01,9.679687704393120928e-02,1.125946277169176390e-01,3.863010104335922734e-01,7.156138256402275188e-02,3.231942738232105317e-01,2.330140547361378156e-01,1.545857211863616576e-01,2.707316702941846009e-01,3.299171781187302810e-01,4.376102583736010132e-01,3.588888301032107098e-01,4.851811787227844897e-01,3.808434579531585484e-01,1.138369752357509812e-01,5.999775012699651855e-01,5.143305505067283789e-01,5.205852018573591256e-01,2.364701523487548751e-01,3.801985563442238369e-01,5.066595689045107209e-02,9.250775698525558199e-02
4.144077217159420901e-01,2.603312700343685115e-01,0.000000000000000000e+00,9.037020253771874817e-03,2.248183176160159225e-01,3.038187221070109967e-01,2.944857556222832962e-01,5.607765553541038672e-01,5.582790653802184311e-01,3.574044621616427886e-01,7.373482674181263130e-01,5.108079452020499733e-01,3.756065930757234717e-01,4.460275722377325947e-01,2.111054200397052272e-01,1.755269241007574310e-01,1.488106044024431474e-01,1.750356422064731354e-01,7.065517696726431041e-01,5.165144876082177205e-01,2.242988444881473531e-01,4.270734171265057610e-01,5.496625294277290852e-01,1.417258616396591953e-01,1.371698515469276791e-01,4.082378143247945013e-01,3.129642526641581157e-01,4.235211050153915857e-01,3.566894611186201547e-01,3.849784492389325963e-01,2.368340141723002668e-01,2.837874730607359286e-02,2.026627214623948070e-01,1.093569392901126355e-02,1.514854562182331443e-01,4.299940076634053421e-01,3.662627295210580947e-01,3.849397142301060892e-01,3.130998354780536452e-01,1.891408525364646487e-01,4.342828244858026321e-01,6.304590411780990333e-01,5.952517831639621004e-01,3.413138260499114507e-01,1.246442134555092174e-01,2.172003151340998472e-01,4.025788983250404018e-01,4.770186000614346500e-01,1.056403916022273792e-01,4.794461828872959019e-01,1.183996677384123730e-01,3.841036482493674908e-01,5.512069835598530920e-01,6.144962060725458475e-01,3.224951878033763819e-01,6.414475856319055147e-01,3.624019588663056624e-01,9.823697059223562844e-02,5.372297534320167323e-01,1.441974945312012868e-01,3.161504206078914470e-01,3.310286653955720748e-01,8.683824921856951595e-02,5.954933759668102899e-01,1.963925084908026419e-01,7.848110295553736848e-02,7.040624626274200049e-02,3.460046373424285893e-01,2.276404479486442423e-01,2.740879260796749151e-01,4.299060897572812845e-01,1.775345644684638846e-01,1.039259482833994053e-01,6.035912773471201198e-02,3.141191127400114746e-01,4.269344535315371947e-01
6.805591570038402316e-02,1.475915990498277153e-01,9.037020253771874817e-03,0.000000000000000000e+00,7.127609745044668488e-01,1.880824853798803431e-01,5.377461144132740234e-01,4.497561754194676076e-02,2.368187136293966877e-01,9.748650384726217921e-02,2.494264427342799129e-01,2.847648139804497269e-01,3.318072022215038386e-01,2.029561776872552126e-01,1.392253497309714483e-01,5.797267536326907722e-01,3.021599424698604985e-01,5.382236467580417960e-01,1.137810083473456413e-01,1.228075966546392367e-01,9.740021779825300263e-02,2.199873502259845071e-01,3.786358249370286311e-02,3.952792477187706544e-01,2.827706287023643572e-01,1.116726423453635597e-01,2.842043421536436520e-01,5.072807127199177035e-01,2.206866363522429209e-01,4.995650153388958570e-01,1.263728171475507756e-01,2.355910706978135150e-01,6.938208790875143306e-01,1.251479395267000028e-01,1.965727613032303145e-01,5.204288161130502521e-01,3.544102808298960072e-01,1.015329684622556794e-02,6.873695560907383539e-02,6.715627627199922678e-01,5.386306863230655440e-01,2.247042014128106668e-01,1.884897842641405363e-01,6.541871681445973752e-02,2.899271316785166919e-01,1.598380944421520233e-01,1.424265812519989460e-01,2.704277146711547286e-01,6.416868187986655148e-01,3.151977910764434121e-01,3.954672697396400816e-01,8.261244754409155511e-02,7.450316163470817321e-02,1.658451479030801368e-01,6.820734694649752128e-02,1.424140880138694554e-01,3.534765225838240044e-01,1.860072153051420263e-01,9.551656170133673851e-02,3.228063822920982928e-01,5.292694854764454782e-01,3.145660481900055538e-01,1.281004627074904534e-01,2.649018118222756235e-01,2.910783454868303144e-01,3.228413257748131704e-01,4.491514222875264695e-01,6.332343793140912669e-02,4.963334817549053257e-01,1.735374284732781880e-01,7.854122494949364319e-02,3.442693423875614056e-01,2.081629760636451443e-01,1.985043437930723853e-01,5.731164227122373944e-01,6.212724607778967734e-01
1.730436447393599586e-01,8.427278804754391450e-02,2.248183176160159225e-01,7.127609745044668488e-01,0.000000000000000000e+00,7.805567860857251516e-02,5.195832945651992496e-01,1.531554802432024964e-01,8.755184818168604277e-02,2.034086388095331932e-01,3.788390494071373071e-01,2.457523561774764553e-01,4.162839330679811711e-01,2.903896850711172872e-01,2.696844728941096836e-01,4.318500500605015890e-01,2.033486796468808588e-02,3.413702531119652828e-01,1.872792807891799083e-01,1.050485531558322805e-01,5.916083362945828705e-03,2.169348818922492150e-01,3.195655955606602205e-01,1.034666572179256949e-01,2.056887349317045033e-02,3.870634088466506362e-01,1.028523142680485281e-01,7.502747669545208886e-01,1.123357503339974528e-01,4.618685729905790405e-01,2.514364060838061854e-01,2.858703577760127179e-01,7.234155853419643734e-01,2.700172847326103021e-02,4.267297164927218445e-01,3.947666235770620480e-01,2.208342856688916556e-01,3.909103878485182815e-01,9.793862684929094398e-02,6.835012880373735333e-01,5.379239846226737676e-01,4.498171740347028935e-01,2.489985198645863484e-01,6.033683238233514268e-03,2.053430869069176601e-01,3.118230552915943754e-01,1.831410129742611637e-01,1.469737416575442324e-01,7.030992151909196686e-01,5.701943508716691422e-01,2.464800584801613847e-01,4.470374510477293506e-01,1.649542095174597045e-01,4.628184216454050981e-02,1.010249782874897417e-02,2.495164618001330936e-01,3.651544365663854652e-01,1.191884248012253789e-02,8.677003150027329248e-02,3.103302945051616968e-01,3.708493978235485322e-01,4.271912131167548976e-01,1.378437468602590754e-01,1.019161387805125885e-01,3.170440739503438410e-02,1.860056781581152230e-01,1.118002392055830740e-01,2.637538607779701949e-01,4.420181682703751003e-01,2.982755486984682847e-01,3.015225876514997516e-01,5.039583420193088914e-03,1.510264853424496956e-01,8.269557695074578052e-02,4.617636596403549287e-01,5.710728399849361869e-01
4.577584194338904511e-01,8.507651763161276914e-01,3.038187221070109967e-01,1.880824853798803431e-01,7.805567860857251516e-02,0.000000000000000000e+00,5.799224350899156999e-02,3.566619430706391425e-01,5.420928922015361140e-02,6.351726382826077266e-01,1.802179062834292633e-01,4.898595012986479702e-01,4.440406156673191718e-01,1.192563978997117913e-01,2.444983611958408964e-01,1.283791875446119723e-01,4.063580962274241370e-01,1.531961189445407157e-01,3.492677719401646175e-01,4.646612337238534285e-01,5.179389067977211436e-01,4.706646360464247780e-01,6.915321551595392524e-01,5.004616588058835580e-01,7.303348019936682922e-01,8.951939495534025903e-01,6.330489900787745761e-01,4.710635407464357494e-01,5.383195191363403520e-01,2.169033988747104402e-01,3.986225690864205751e-01,2.426635951099832822e-02,6.989708042894227091e-03,2.312448211946892540e-01,2.396524676928591946e-01,2.095575939848590141e-03,5.309202310013989845e-02,3.381856222406293688e-01,9.755107805945087418e-03,2.850559395367388560e-02,1.679067282974436859e-01,4.755867514092346204e-01,1.280725551385687999e-01,2.180947202437878013e-02,4.068929825715629500e-02,3.013005553317822383e-01,7.690285324833210368e-01,5.600577172470632137e-01,4.035300120578837191e-02,1.692065500556201030e-01,5.854091689028216861e-01,3.595921371803909583e-01,5.826643785716560942e-01,1.706239417724544349e-01,3.806906822527920953e-02,1.542984635241610725e-01,3.373074004104653634e-01,4.717683459940921753e-01,1.841537938011915121e-01,3.540626531749757611e-01,3.025965847844309942e-02,4.532715608144355368e-02,3.855771337413823052e-01,3.683317830519022285e-01,6.894851788930639325e-01,4.695934387702812574e-01,5.713232606091381838e-01,5.648584657825348465e-01,1.615788382972415393e-01,7.157075329144161335e-01,7.598037920945299728e-01,6.577674115407492472e-01,1.327759205496937822e-01,4.466733926813122868e-01,3.187849546843032900e-02,1.750359731149268017e-01
3.674581094915464474e-01,1.447746266496941214e-01,2.944857556222832962e-01,5.377461144132740234e-01,5.195832945651992496e-01,5.799224350899156999e-02,0.000000000000000000e+00,6.361538284195333848e-03,1.266566759539560771e-01,4.318237735805178779e-01,2.864127214851399095e-01,4.323260976668625855e-01,6.322493022939023044e-01,3.140591782658623821e-01,7.040993409766849176e-02,1.057725717708107860e-01,2.134376735889330357e-01,4.065717443527017139e-02,9.260071347243287176e-02,2.101144614407911282e-01,1.891225802081770435e-01,1.901277104958681852e-01,1.236863364034783419e-01,3.309752037037634320e-01,1.486559869848304571e-01,4.028635348268949090e-01,2.337095442449638183e-01,4.881523702175611934e-01,4.127114429056835121e-01,3.181843125491616298e-01,2.109402053661435239e-01,2.635584937558591023e-01,3.359492892546577236e-01,1.151903581734903259e-02,3.680695162859389247e-01,4.777810917103890720e-01,6.527828771020741661e-01,3.777680499633632172e-01,1.037432466283435134e-01,5.774377878346608206e-01,6.422146253243566916e-01,5.275515578128811001e-01,4.800945471134681064e-01,1.309149928886391145e-01,1.493086970004449399e-02,4.099903896704352180e-01,2.101823543279191242e-01,1.144484237219849654e-01,5.222669493275742258e-01,5.168002388536345748e-01,3.238522142859551201e-01,4.569364141520673162e-01,1.356640643085209041e-01,1.003721148675731367e-01,4.687254705475262795e-01,2.646467455343508024e-01,5.243778549513411491e-01,1.131985243299314658e-01,1.607876016744816394e-01,1.388708096191050567e-01,3.548032141528033589e-01,3.252011480290746825e-01,4.180493834063600533e-02,8.775563547302803191e-02,6.951579706411684101e-02,1.512905568684211055e-01,2.067277385447218174e-01,2.858683552457294552e-02,6.697025677903571950e-01,2.819468783332292894e-01,2.905871636249059975e-01,1.862832142235065769e-03,2.160141655457075149e-01,2.075312045396442984e-01,5.661570334971410823e-01,5.638278559837083259e-01
3.301691946209367456e-01,4.518916481056334256e-01,5.607765553541038672e-01,4.497561754194676076e-02,1.531554802432024964e-01,3.566619430706391425e-01,6.361538284195333848e-03,0.000000000000000000e+00,3.533583811649104178e-01,1.210392934030209977e-01,3.477261452450059465e-01,5.775655148592642174e-01,3.678949134360084416e-01,7.352431225809659410e-02,3.352019220016200229e-01,7.396504130952827327e-02,2.558271802434715081e-01,7.790675672056585066e-02,4.056599514288664055e-01,2.155630953167108621e-01,2.304444697879139969e-01,2.490972914979683872e-01,4.445506824207064445e-01,1.016860988438749447e-01,1.963957445853636574e-01,4.601954996316537927e-01,1.527206666019071124e-01,6.621264650592836865e-02,3.082641318850743231e-02,1.492959005234257286e-01,2.148973898714954811e-01,2.056605801299710851e-02,3.381730381708779598e-01,1.304225925570480227e-01,9.690902763709108303e-02,1.174196421353743691e-01,9.833181200083256079e-02,8.799514609288486278e-02,1.402299891690252376e-01,2.107196584216065316e-01,1.163734328773704252e-01,1.841142543858731995e-01,4.125416223524567272e-01,8.043546909867727024e-02,5.909386510078355748e-02,1.999420318555820697e-01,1.893043440957768442e-01,2.281161108046799169e-01,3.908958179724827953e-02,1.910449687875296898e-01,1.478044966457872367e-01,2.036644611523489301e-01,6.194418970352894016e-01,1.477791383283847404e-01,1.151645824058186024e-01,2.788268824739689733e-01,4.750995598208099802e-01,1.191569454515360726e-01,3.794983649482786547e-01,1.133981419165026039e-01,2.964031326050806658e-01,6.768879997112473013e-02,1.693856319048981374e-01,3.490145119718605637e-01,1.791359280960905243e-02,6.592919856746107254e-02,2.026055259318096380e-02,1.842852889886463785e-01,6.957792894379632997e-02,7.616813803692977503e-02,2.684715271508498757e-01,1.029998850091892737e-02,9.736336965871475457e-02,1.837796696971100985e-01,1.872054102722140734e-01,2.366784698683421506e-01
3.294719562763899767e-01,3.224619050196246284e-01,5.582790653802184311e-01,2.368187136293966877e-01,8.755184818168604277e-02,5.420928922015361140e-02,1.266566759539560771e-01,3.533583811649104178e-01,0.000000000000000000e+00,2.587506054294834712e-01,3.502522287266298107e-01,2.062345143244025403e-01,5.367191361225431834e-02,5.262539269860498636e-02,4.348766031614136329e-01,2.353622562406343099e-01,3.899905886339488648e-02,2.115374333331908330e-01,6.291956461533162459e-01,4.442771893590817811e-01,1.324941580156740184e-01,5.218600870280992732e-01,6.765987968142028741e-02,1.928501781178394991e-01,2.756082789933274046e-01,1.971526096683955953e-01,3.099928738369752135e-01,4.258803639442931832e-02,4.010285808980209588e-01,2.192652431119988532e-01,1.013927588985042427e-01,3.509704747704265326e-01,4.348163405805481330e-01,3.038575086103551537e-01,1.570285696179828938e-01,1.693862239534503211e-01,1.736929761055098498e-01,9.681995262895315424e-03,3.828291859529632246e-01,2.875025458425982117e-01,8.472030893561899312e-02,2.825323967144786064e-01,4.230283323894212244e-01,2.492612642417806335e-01,4.267489653336742350e-02,1.876276192375978258e-01,3.253173191526612662e-01,4.574635931213367757e-01,1.798144562331171759e-01,3.654387575123235754e-01,8.183106791780858646e-03,2.912678237193631614e-01,1.117093848743371254e-01,6.124689196948380765e-01,4.009672627412221302e-01,3.936523797880311371e-01,1.376167620114267520e-01,9.487700940826343521e-02,6.917519762103053749e-01,2.027476098648058611e-01,2.246382684467498614e-01,3.031654526193734434e-01,1.213645060885945315e-01,4.729414260400651160e-01,2.282419918740464237e-01,4.834110488319545706e-02,3.748137869866632887e-01,4.020152360629392074e-02,8.963613542367086795e-02,3.152583420526405833e-01,3.591852547481934610e-01,1.456623825150131779e-01,2.578876968254976143e-01,1.477802699744387716e-01,6.253097396823845133e-02,2.488034395482864591e-02
5.331621498104794910e-01,2.163330070627863533e-01,3.574044621616427886e-01,9.748650384726217921e-02,2.034086388095331932e-01,6.351726382826077266e-01,4.318237735805178779e-01,1.210392934030209977e-01,2.587506054294834712e-01,0.000000000000000000e+00,4.895102661261044319e-01,3.693927693763229825e-01,4.135479745453238265e-01,3.257600861101915823e-01,2.251593537861226735e-01,1.507515378366587333e-01,7.015586978361569859e-01,7.639117434780340332e-02,3.909386242636337938e-01,5.518673884603768620e-01,6.290437214526225507e-01,4.059997253789369709e-01,5.271031580973198905e-01,2.943809263344652205e-01,2.171127649779192037e-01,4.498822425225336707e-01,6.944904963425199140e-01,4.396971718169390142e-01,7.450744376642531863e-01,3.052520498108460267e-01,7.191532020364471700e-01,2.195687729218669809e-02,8.657059624064035452e-02,5.725316539199482024e-01,1.725317502839114892e-01,4.879546273414477331e-01,5.337118907341817931e-01,5.728789890863357215e-01,1.587959312431842518e-01,3.071942349704513964e-01,5.730395151835213641e-01,8.786946898174999854e-01,3.818718050563977284e-01,2.719011244790034976e-01,5.492048891228931695e-02,3.916890019704215020e-01,4.003234647207055685e-01,3.938692496646500896e-01,9.557426083380125836e-02,4.441081016531708281e-01,7.881847072826496381e-02,4.635169406897116096e-01,4.483497091502483545e-01,5.119252742590763017e-01,2.374509313374212338e-01,5.130090809841104660e-01,2.733749910251252468e-01,1.233846171377628309e-02,1.680528039511687277e-01,1.234735029572718024e-01,4.470059777839049953e-01,4.958765049980933814e-01,1.244421663511529330e-01,1.884611391279798764e-01,3.112309311220066155e-01,3.899852555453623415e-01,9.245748080493629284e-02,3.736213568117632833e-01,5.319216702851423673e-01,3.312488032482939770e-01,3.886327749702668255e-01,4.726213546434441248e-01,3.778592867893866281e-01,2.531229452586242767e-01,4.595223023250930572e-01,7.418704685555165268e-01
3.333667602662195861e-01,8.221337480546724030e-02,7.373482674181263130e-01,2.494264427342799129e-01,3.788390494071373071e-01,1.802179062834292633e-01,2.864127214851399095e-01,3.477261452450059465e-01,3.502522287266298107e-01,4.895102661261044319e-01,0.000000000000000000e+00,6.249971830737481859e-01,4.286589220307996939e-01,3.876688019879388492e-01,1.564564811068505645e-01,3.674041367869528285e-01,3.396191877371445011e-01,3.497430950610308509e-01,7.697656161360001414e-01,3.509020510741869825e-01,2.365552574570644329e-01,1.308273385265023570e-01,5.080188633697373390e-01,8.319906399907064931e-02,2.454638101396856842e-02,3.503435477512942819e-01,3.298521121529261468e-01,4.935670438841295860e-01,1.207159861868271344e-01,3.556938010243899106e-01,3.309678329811953645e-01,2.562114770431905830e-01,1.629412197218905178e-01,6.356511594388111752e-02,4.961357970082039825e-01,5.675349535785183530e-01,5.011685204137757976e-01,6.361638761975680900e-01,3.171149693468111597e-02,5.228538117471728253e-01,6.582223953700305774e-01,6.091652115811289070e-01,6.549988220568010444e-01,2.482574728523281316e-01,1.057057032331528423e-01,3.721351552740420621e-01,4.298038905298454115e-01,3.960643635606130863e-01,3.356266440048424893e-01,5.954945955447159545e-01,1.543431417704460851e-01,3.885220729570648679e-01,4.914812088664375911e-01,4.330057427728822850e-01,3.329423914070919199e-01,8.490520821121227968e-01,5.893043458971105597e-01,1.024036616602656546e-01,3.316333672257592013e-01,1.732681234687212246e-01,5.301250059712410145e-01,4.215911638569726505e-01,1.540973130354670317e-01,3.882060010738516698e-01,5.980106717917454962e-02,1.354715151120587935e-01,9.953373283629879387e-02,3.679763098851344116e-01,4.796861997292959368e-01,2.559377723073881228e-01,4.460596828558897609e-01,1.629974849533583070e-01,1.372741767328064244e-01,2.739031441157870408e-02,5.721083405663776045e-01,6.500709715508692366e-01
3.846413980344751127e-01,1.777518228056499394e-01,5.108079452020499733e-01,2.847648139804497269e-01,2.457523561774764553e-01,4.898595012986479702e-01,4.323260976668625855e-01,5.775655148592642174e-01,2.062345143244025403e-01,3.693927693763229825e-01,6.249971830737481859e-01,0.000000000000000000e+00,5.407192093914046094e-01,4.813656664906519334e-01,3.955356935084282377e-02,2.673244627191530554e-01,1.274153780920247447e-01,4.660191443398550848e-01,3.421316196278189614e-01,2.864634556397332998e-01,2.406955686955180862e-01,1.930852576976423429e-01,5.656741134055296438e-01,1.675425004838017595e-01,1.550857798658193398e-01,4.803006027050299998e-01,2.779809379078577170e-01,3.914936018301556908e-01,2.872667680805857104e-01,4.447126036017310380e-01,3.081846942001405520e-01,2.044448775941987151e-01,2.325122998881977987e-01,4.995873516441728945e-01,5.714715598158245369e-01,6.103676426535332711e-01,5.777008124318734339e-01,6.077552980699592045e-01,3.239386440961669611e-01,2.828902979407550422e-01,5.467435546049376205e-01,6.224847595467805084e-01,5.023761149934785619e-01,2.323200650528622901e-01,1.251101959840886790e-01,1.937682470172515659e-01,2.858679050942547484e-02,2.119477918807094463e-01,3.587796371020471331e-01,3.976838869966931589e-01,9.797259602141045187e-02,2.349897501302562475e-01,6.302562538999936237e-01,2.112494404798438419e-01,4.483231334830917736e-01,4.413377618901385135e-01,8.143744792638085706e-01,1.638078702041658730e-01,3.451355495374750504e-01,3.556900444266470340e-01,8.079584492452727140e-01,6.439326407582233180e-01,5.411644365237000542e-01,1.935813525797897006e-01,1.771109060408189162e-01,8.991495509776084583e-02,3.858999483023580201e-01,2.061223213964414325e-01,4.508788409975045819e-01,1.818367802262243482e-01,1.766164649643863771e-01,6.083704502695631844e-02,4.741369091979484307e-01,3.360724450176777456e-01,6.108481408106850585e-01,8.211646448305836010e-01
2.594897287497348048e-01,3.934854592283983932e-01,3.756065930757234717e-01,3.318072022215038386e-01,4.162839330679811711e-01,4.440406156673191718e-01,6.322493022939023044e-01,3.678949134360084416e-01,5.367191361225431834e-02,4.135479745453238265e-01,4.286589220307996939e-01,5.407192093914046094e-01,0.000000000000000000e+00,2.047216458538455575e-01,3.528469820493790321e-03,1.389025794955993098e-01,2.121885574996135171e-01,2.070429006131501715e-01,1.651552854540146997e-01,1.208410686998312722e-01,3.240765935393576935e-01,1.087795784281986311e-01,4.113715228448646122e-01,4.565533771476748548e-02,1.336300493749418006e-01,6.562929338822238723e-01,1.244105637836995792e-01,7.517542793826624825e-01,3.200903966524888400e-01,4.420243572879746230e-01,3.525526958752545070e-01,1.141996933882386128e-01,3.463147899837384358e-01,3.224898035018208819e-01,5.378997972957888507e-01,3.930062833126165556e-01,4.775318046062856370e-01,4.827666520136689732e-01,9.318240834844318532e-02,5.827500003035034348e-01,5.603313530419002930e-01,4.508774425349278969e-01,2.981551060637746553e-01,1.130662384312486335e-02,1.099425036800716488e-01,2.029215415466563421e-01,2.631812015949330785e-01,1.013078063577509125e-01,4.879888502420042240e-01,4.942593953417085406e-01,5.342614442883017456e-02,4.890935286557439032e-01,5.148284717375499753e-01,7.389393571192626187e-02,1.222963599078610297e-01,3.253257590667425481e-01,5.397362492278714452e-01,2.509032471079944981e-01,2.365519170672739091e-02,3.386894514239169318e-02,4.851579939527656538e-01,3.214403399564317865e-01,5.223434181452490943e-03,5.064183845746544899e-02,7.024907756207923737e-02,5.989666061049830903e-02,1.397895719224848121e-01,1.662849385449655382e-01,4.087792201496594502e-01,2.177149202709638409e-01,3.518663799281130378e-01,3.149163027964488326e-03,1.033849667913208092e-01,6.004963329735973215e-02,4.333446662978571728e-01,5.896841635715569518e-01
3.720174872182907544e-01,5.178593537102305772e-03,4.460275722377325947e-01,2.029561776872552126e-01,2.903896850711172872e-01,1.192563978997117913e-01,3.140591782658623821e-01,7.352431225809659410e-02,5.262539269860498636e-02,3.257600861101915823e-01,3.876688019879388492e-01,4.813656664906519334e-01,2.047216458538455575e-01,0.000000000000000000e+00,1.193377808368128457e-01,3.811270043628282034e-01,7.118439348169772196e-02,4.491699704712239227e-01,2.365430192766779516e-01,3.955388677401303621e-01,9.410564008398716873e-02,2.239844480889910949e-01,2.704681601838685445e-01,3.386309692347141964e-03,1.231431039074397382e-01,2.064974297011713533e-01,3.277154049693406512e-01,4.076700255599073341e-01,2.343674591334216628e-01,4.935261843834670703e-01,2.679508827114051028e-01,4.528424209461774375e-01,2.094877021416574892e-01,7.345649677381529963e-02,3.544630701297611930e-01,4.847863885436365927e-01,6.554954960210896964e-01,4.247189368524587616e-01,7.868856028076336162e-02,4.460931182792616800e-01,4.826107307153930659e-01,3.883930349400155357e-01,5.022527186213543438e-01,3.254938148918817276e-01,3.324521486271281301e-02,4.872986975329893222e-01,1.752823733948782603e-01,8.184075345110881916e-02,2.258190495224889904e-01,2.619312562674534495e-01,3.054600237615311409e-01,4.196605274678030795e-02,1.543598144946130013e-01,1.126581255395081027e-01,4.309127329486748259e-01,1.640878476366516570e-01,5.142974348259551354e-01,3.597274383765647898e-01,2.797112801650422087e-01,2.485631749238379484e-01,4.325292711743033980e-01,3.807750600608980629e-01,1.576725695657564263e-01,1.113572028194800834e-01,1.469059433067599896e-01,1.931215794108991080e-01,2.263406079341779564e-01,7.553576372395653937e-02,4.413575224385801743e-01,1.509283514816211480e-01,2.798594784672602809e-01,1.566910859263860936e-02,3.334586218010994196e-01,1.007513716803445231e-01,5.548306668595776037e-01,5.590836317412359868e-01
5.480289949996142163e-01,3.845129798829589607e-01,2.111054200397052272e-01,1.392253497309714483e-01,2.696844728941096836e-01,2.444983611958408964e-01,7.040993409766849176e-02,3.352019220016200229e-01,4.348766031614136329e-01,2.251593537861226735e-01,1.564564811068505645e-01,3.955356935084282377e-02,3.528469820493790321e-03,1.193377808368128457e-01,0.000000000000000000e+00,4.671725313057514817e-02,1.172667443126574893e-01,1.929744976150304936e-02,5.297483018123011478e-02,6.854273311063394658e-01,5.689130742482461089e-01,7.489822917919904954e-01,1.739298299918263235e-01,1.519787272370133890e-01,3.398463233418381191e-01,2.169395129858832649e-01,4.527944475817188286e-01,3.499721730830213096e-02,3.677435061355761037e-01,8.023866279574254357e-02,8.256815574561310322e-02,1.423978955963557114e-01,3.053178274054326735e-01,1.231741902120544463e-01,4.508448266388383197e-02,8.429918128254082488e-03,2.092432798291756768e-01,4.172284778324147902e-02,9.876007556286535427e-02,2.293510671042892080e-01,7.021655420545165616e-02,1.999830764529654803e-01,3.946514829353989784e-01,1.622072820629347489e-01,5.653429266165069245e-02,3.753373035725429130e-01,3.994120596544387114e-01,2.689152434977645778e-01,2.967677839486591029e-01,1.393458891665872723e-01,2.696012529237095112e-01,2.397715903391115788e-01,4.038202355981340697e-01,4.237403956912381697e-01,1.776870128252189818e-01,3.970284556545432553e-01,5.231883415913478330e-02,2.384264604137606436e-02,4.299362508720072640e-01,5.707636939634675999e-01,4.968604869481141328e-03,6.819244976803545688e-02,3.359314872249918871e-02,1.496512371843548572e-01,3.098050124916342241e-01,3.872792842749772091e-01,2.547241313196174639e-01,2.429928235985606144e-01,1.622620844930972583e-01,2.127030307490487271e-01,1.756173702035749851e-01,4.275999325059115508e-01,2.131004466459806013e-01,2.997833602200964398e-01,1.441410257592287969e-01,1.429921577680850764e-01
1.407905771500722603e-02,2.022564143427713068e-02,1.755269241007574310e-01,5.797267536326907722e-01,4.318500500605015890e-01,1.283791875446119723e-01,1.057725717708107860e-01,7.396504130952827327e-02,2.353622562406343099e-01,1.507515378366587333e-01,3.674041367869528285e-01,2.673244627191530554e-01,1.389025794955993098e-01,3.811270043628282034e-01,4.671725313057514817e-02,0.000000000000000000e+00,2.586997955536083360e-01,7.048449260719383824e-01,3.962221201400688286e-02,8.228482235130196720e-02,5.226590064465685970e-03,3.167687559849498569e-01,8.748203193675165024e-02,1.085734532859274071e-02,2.630848497963283461e-01,2.161577837258773505e-01,1.137821233387259767e-01,3.536684246439965040e-01,3.373626124957684325e-01,4.056312181645354564e-01,1.287266943060147439e-01,6.000846651802084208e-01,3.054125700409759947e-01,2.904562655839533214e-01,2.937456401442435361e-01,7.460890184806251435e-01,3.285974116756033570e-01,2.358575568417340396e-01,1.094014768376655455e-01,3.675691010541356496e-01,5.189317584884654000e-01,3.978937304214475584e-02,1.704078480403689588e-01,2.964548650751045594e-02,2.799167994020104744e-02,1.708012869511336684e-01,3.454239440896111901e-02,1.484810721482455464e-01,3.619788418958146403e-01,1.971860073915180367e-01,2.869592171157516747e-01,4.253487841757500054e-02,1.979058968087385462e-01,2.257111458696367812e-01,3.188474025661007794e-01,2.208978513118981801e-01,4.386186707544076357e-01,2.170418967999057924e-01,1.983080430770512437e-01,3.915941130176417984e-01,5.872690951153884953e-01,4.169223758130046198e-01,2.963206074919750299e-01,6.744622666543528822e-02,2.526234080326854037e-01,1.875266361919292468e-01,5.435386106135331463e-01,1.646020361670399307e-02,1.554201648283585202e-01,1.612801467801537325e-01,8.895786494102883579e-02,2.039475931618306981e-01,2.817565176056613940e-01,4.091298732897911683e-01,5.112326779132352339e-01,4.167875577352805894e-01
1.401070196630233022e-01,4.577261654580550010e-02,1.488106044024431474e-01,3.021599424698604985e-01,2.033486796468808588e-02,4.063580962274241370e-01,2.134376735889330357e-01,2.558271802434715081e-01,3.899905886339488648e-02,7.015586978361569859e-01,3.396191877371445011e-01,1.274153780920247447e-01,2.121885574996135171e-01,7.118439348169772196e-02,1.172667443126574893e-01,2.586997955536083360e-01,0.000000000000000000e+00,1.013625849257451250e-01,3.086700936751280433e-01,3.255517239758279335e-01,3.062040464338269263e-01,1.286396851181090539e-01,2.412145867359110352e-01,3.996750596910116360e-01,9.919805361167322033e-02,1.519946278288321628e-01,4.022815866944818852e-01,2.283556697792077372e-01,5.737644916657929084e-01,1.112760053555492956e-01,6.834323971484489446e-01,1.482860351836235990e-01,1.280496127262721051e-01,6.105221465218898524e-01,1.677142747061285133e-01,1.515406084287582167e-01,3.107200511233375595e-01,5.834882006709393165e-01,9.918674242064165480e-02,2.647380143459040491e-01,2.106259641389518211e-01,6.351902780039762053e-01,2.898044692033379111e-01,3.373989745942814755e-01,4.779367304921910975e-02,1.278966107304813082e-01,2.337479391657511230e-01,2.680966244646624252e-01,8.919700323909850181e-02,2.532540803071294810e-01,1.496858462387862243e-01,3.824635732194384685e-01,1.324254388539859162e-01,4.217752578595038715e-01,1.190937192813050216e-01,3.807741814359942856e-01,2.837228077692749428e-02,1.709421997248498637e-01,5.588539426349892203e-02,5.132259734493327397e-03,1.952988230319146479e-01,3.161767871218990056e-01,7.977848137423565467e-02,7.104555454048763763e-02,2.829578340408182568e-01,1.627943820747432824e-01,1.711812614150373668e-01,2.361482094381400776e-01,3.618959206863153755e-01,2.105201662945438423e-01,2.347657573973178091e-01,3.377392858894459060e-01,1.712117077140188626e-01,3.319745767438296857e-01,2.858908352094819416e-01,3.873977302156453306e-01
2.200791788032732121e-01,1.686324004189651005e-01,1.750356422064731354e-01,5.382236467580417960e-01,3.413702531119652828e-01,1.531961189445407157e-01,4.065717443527017139e-02,7.790675672056585066e-02,2.115374333331908330e-01,7.639117434780340332e-02,3.497430950610308509e-01,4.660191443398550848e-01,2.070429006131501715e-01,4.491699704712239227e-01,1.929744976150304936e-02,7.048449260719383824e-01,1.013625849257451250e-01,0.000000000000000000e+00,4.732364519389226087e-02,7.880585655850813609e-03,9.423859035073645085e-02,2.592852815039662917e-01,1.458254687734683863e-01,1.933268184766412379e-02,4.550773502961208417e-01,1.962202110941623223e-01,1.593953972705580702e-02,5.178130539644335562e-01,2.914351449607842648e-01,4.755839590047969967e-01,2.000427496818049100e-01,4.112851974720859172e-01,3.232079781969984245e-01,5.162348396200522327e-02,5.844825772420820797e-01,7.230124002386031368e-01,5.035459387768590478e-01,4.264858232339792110e-01,9.283107036868322448e-02,6.653852617219671028e-01,7.878361038919219350e-01,2.131169707696914661e-01,1.420726433857957549e-01,1.333701579385984659e-02,1.745592772325038622e-02,3.040236466445559449e-01,2.006645061568926303e-01,1.294440613752499414e-01,3.942389801010421913e-01,1.587196177145142606e-01,5.191681211970549104e-01,8.508823938428616840e-02,2.211132378618726191e-01,2.447636841224056226e-01,4.870476315591371619e-01,2.042262687952067224e-01,6.098674578564967641e-01,4.691442499075744177e-01,1.413938250438266930e-01,2.484365205209757843e-01,8.132215066840620121e-01,5.391853480979926783e-01,6.204506014533118785e-01,1.382009332956357917e-01,3.220930859944367564e-01,1.400849943568979183e-01,7.033558085240785296e-01,8.147807390984736220e-02,3.537881697899787903e-01,2.664772542340539951e-01,1.089007636842437288e-02,2.133957448660055434e-01,5.509649584072440209e-01,4.885639752978815920e-01,6.127061238838571455e-01,6.097957803066711424e-01
3.116945881948038899e-01,2.513476788412954965e-01,7.065517696726431041e-01,1.137810083473456413e-01,1.872792807891799083e-01,3.492677719401646175e-01,9.260071347243287176e-02,4.056599514288664055e-01,6.291956461533162459e-01,3.909386242636337938e-01,7.697656161360001414e-01,3.421316196278189614e-01,1.651552854540146997e-01,2.365430192766779516e-01,5.297483018123011478e-02,3.962221201400688286e-02,3.086700936751280433e-01,4.732364519389226087e-02,0.000000000000000000e+00,3.615542457117827957e-01,1.424523555098868022e-01,3.154028172406935226e-01,4.301858406465559614e-01,2.256850714300101812e-01,2.789327671632264583e-01,3.566427880575553377e-01,3.340651505933001642e-01,2.647962731907375078e-01,3.063902183876215934e-01,1.533134622197826757e-01,2.373176954881983658e-01,1.783842889843633150e-01,1.764600171829121544e-01,3.634719591521369531e-02,9.359478409080948524e-02,1.884055436665299232e-01,1.719968061009156113e-01,2.393711433022263080e-01,2.515166478537550487e-01,2.820438355838245786e-02,2.764053932107005118e-01,5.386371639387158572e-01,5.326705014840067420e-01,2.642791344785717644e-01,4.503499664402974001e-02,2.075543287155917627e-01,4.764567836632276343e-01,6.075888132267387443e-01,1.053127170074911884e-01,4.832009606631962884e-01,1.694830337301223289e-01,3.571371693335109176e-01,4.286634533509507405e-01,6.626381154795307760e-01,1.667345794134973691e-01,7.512304189298232293e-01,2.016555631320356423e-01,2.690877674471315872e-01,5.444336706222270283e-01,8.790229828786216837e-02,1.323345537196828903e-01,5.183996108005473058e-02,1.444273896741727625e-01,8.062174846927593341e-01,2.364946473630940571e-01,1.023425416337211957e-01,2.225316255010614808e-01,3.020973977484546213e-01,1.189529429434833113e-01,4.213438619721873724e-01,5.261305540448545370e-01,2.453303121467744763e-01,1.994672237982839658e-01,1.694882528257692922e-01,1.513383129283949191e-01,2.861202368559617182e-01
5.878377517183189793e-01,3.229473325187139920e-01,5.165144876082177205e-01,1.228075966546392367e-01,1.050485531558322805e-01,4.646612337238534285e-01,2.101144614407911282e-01,2.155630953167108621e-01,4.442771893590817811e-01,5.518673884603768620e-01,3.509020510741869825e-01,2.864634556397332998e-01,1.208410686998312722e-01,3.955388677401303621e-01,6.854273311063394658e-01,8.228482235130196720e-02,3.255517239758279335e-01,7.880585655850813609e-03,3.615542457117827957e-01,0.000000000000000000e+00,4.744308092524862630e-01,9.064734819115735087e-01,4.785091460002313113e-01,2.609859173067159699e-02,3.107950403606983825e-01,3.415653092747996111e-01,7.656870738881135230e-01,2.895983285689742170e-01,7.254921943170161702e-01,2.092466409055149801e-01,4.944168009190878510e-01,2.181849196939962265e-01,1.808692790530732619e-01,9.088759589483796919e-02,2.224300058919345680e-01,2.092757776394582880e-01,5.238159249954594809e-01,3.157982220825630293e-01,1.427290058677700701e-02,1.717100337549957167e-01,4.472289138511406636e-01,6.907324440064992466e-01,6.521022065826606040e-01,3.668357362719905090e-01,1.130347344141455213e-02,4.950565537834943353e-01,6.720622715306430184e-01,3.693491999969794604e-01,4.368481111085435742e-02,3.172582949420660325e-01,2.395752796537008456e-01,4.043751365662326958e-01,3.550703337735947596e-01,4.930651394399174214e-01,3.653972674518058961e-01,4.242570433528690121e-01,2.183310342114045677e-01,4.961170923413082967e-03,5.281690383055550608e-01,3.141420642012996978e-01,3.985809181299410087e-02,2.595493343329447478e-01,1.126037429281815938e-01,2.565053795373489209e-01,5.442975992732635993e-01,2.093388988676010976e-01,3.833967217972787944e-01,3.440081064960706092e-01,4.144960969092191250e-01,4.850643314861885491e-01,4.644376577053655475e-01,5.915163727265223548e-01,3.745873861186516107e-02,4.928300712430574992e-01,3.524211863050983884e-01,4.173125366567864702e-01
7.276742888225808947e-01,5.321942805163180079e-01,2.242988444881473531e-01,9.740021779825300263e-02,5.916083362945828705e-03,5.179389067977211436e-01,1.891225802081770435e-01,2.304444697879139969e-01,1.324941580156740184e-01,6.290437214526225507e-01,2.365552574570644329e-01,2.406955686955180862e-01,3.240765935393576935e-01,9.410564008398716873e-02,5.689130742482461089e-01,5.226590064465685970e-03,3.062040464338269263e-01,9.423859035073645085e-02,1.424523555098868022e-01,4.744308092524862630e-01,0.000000000000000000e+00,4.169567146483937892e-01,3.903221541424293228e-01,1.833636115670773947e-01,4.894958648819854319e-01,5.308250484687333515e-01,5.238754599777615262e-01,3.804323386790487427e-01,4.894983195938470422e-01,7.524047053594848378e-02,2.910089746778714570e-01,1.845494153866231446e-01,2.739018529810244296e-02,1.696048967961885090e-01,2.221556006561902774e-01,9.100841023295395960e-02,9.517915719831987476e-02,2.468343046871936397e-01,1.943818482833277184e-01,5.403101195738777007e-02,1.985767484530701898e-01,3.009610148208135549e-01,1.503790543378812072e-01,4.634881591150893931e-02,1.356192311755510527e-01,6.541023289132189555e-01,5.233326454011868467e-01,3.633020159224391588e-01,2.708441958755867726e-02,1.978172883851911923e-01,2.206004916026134410e-01,2.588698706390916149e-01,6.305659122195013122e-01,3.384721489600813760e-01,1.438401059305245699e-01,3.971935398871043743e-01,2.737191709328906097e-01,9.982409415502283001e-02,1.386604628656988025e-01,6.263071364305454747e-01,1.101534002775260146e-01,1.476131437038379624e-01,9.746643071499483391e-02,2.133804407066114128e-01,4.909981139303813968e-01,6.287771524282536051e-01,2.649110716678963473e-01,4.941525640984849588e-01,5.760578110384625972e-02,4.867493480845473397e-01,4.459727693153676675e-01,5.669838361382774083e-01,4.951245000389031814e-02,4.808128102239548340e-01,2.358200277145904855e-01,2.085894610011337080e-01
