0.000000000000000000e+00,1.926451199360651456e-02,3.286749096203592235e-02,1.967456069360949966e-01,1.688860068667716319e-02,3.016005361333986001e-01,3.222433740672172586e-01,1.250538859566023009e-01,7.824782332896079717e-02,1.064171484900620634e-01,2.631065621863016846e-01,2.344331506720085390e-01,1.687308933106856923e-01,2.705566827793065565e-01,4.188490368427024713e-01,7.786056061386605887e-01,3.880394976536589158e-01,5.436197171693051278e-01,2.057338308608896160e-01,1.967760641402083732e-01,3.213616441025635151e-01,2.602958048344706787e-01,1.938517150061118133e-01,1.670169146884736555e-01,3.215735384197895841e-01,3.786711013129999137e-01,3.001029016540807115e-01,1.351669251330690213e-01,3.508653495299973168e-01,2.360433425950103636e-01,6.406883257019631017e-01,9.027231935102514315e-02,5.259422375588278520e-01,6.877865995409861988e-01,5.178695478700486854e-01,2.839752279871363694e-01,3.043830989610393778e-01,2.352990890074080910e-01,2.738192614738202968e-01,2.814038474754952945e-01,1.914136533641752069e-01,1.888111586698294486e-01,3.822213742035479034e-01,3.802836085003005184e-01,1.625297177877600974e-01,7.747391925297334447e-01,1.010468178093180125e-01,6.165575794679614696e-02,1.522835091759497939e-01,4.323140476032243384e-01,2.936586059271851235e-01,1.140231371464236337e-01,1.689045707610548064e-01,2.999455163438584648e-01,1.833664187735813411e-01,2.620801934339023198e-01,1.008695374821091534e-01,1.590624745845703736e-01,1.519698960392016629e-01,8.330222016659371009e-01,5.617543255579769967e-01,2.350705579000841594e-01,2.879384122741363017e-01,2.577362552574987697e-01,3.557976589760732389e-01,2.673768262998279521e-01,4.126035759623834509e-01,1.297094591190912083e-01,2.569980768858798337e-02,3.992712961017096385e-01,4.073920514259560255e-02,5.513052700602062428e-01,8.715572071794752684e-02,9.836071644455474106e-02,2.900528673091871124e-01,1.175042894825573114e-02
1.926451199360651456e-02,0.000000000000000000e+00,6.297456901778764049e-02,1.345846964084460029e-01,1.976885075067987829e-01,3.284651666426010586e-01,1.571566595494602037e-01,2.243787052336654320e-01,9.854316637499405118e-02,1.126073348454306178e-01,8.122193940451201410e-02,4.364458038604901446e-02,2.251188034420704698e-01,7.040792873127049711e-02,3.487777981157752505e-02,8.047281399264805124e-03,1.565279462160117929e-01,3.063894212431961250e-02,5.258791899460110719e-02,2.421860615958113527e-01,1.766620642330522517e-01,3.669271072673793710e-01,6.006977287739767579e-02,1.588138904789981876e-03,2.210353032491607639e-01,2.546700100333670891e-01,1.874054355940929506e-01,8.057568838486875440e-02,2.229951634831768559e-01,9.416626293021078398e-02,5.095038383784777913e-03,2.213814756942637102e-02,2.000405717182393017e-01,4.901882010099140041e-03,8.244348441474289024e-02,1.430731601387825735e-01,1.507103954238498029e-02,1.365408004538094522e-01,7.447574272414814178e-02,3.111090232513448739e-01,6.087564341022302927e-02,4.014023531641573994e-01,1.576809725943494889e-01,6.873927135441949832e-02,1.097399195953766005e-02,9.415962337947209049e-02,1.829441205222052669e-01,4.642645957694049863e-02,2.614862183994579592e-01,2.768210346525885601e-01,8.309291202341068105e-02,1.983225498542155740e-01,1.878751491151809117e-01,1.205126938037890394e-01,3.381565213000415904e-01,1.671506632235009171e-02,1.333574912891565822e-01,9.164653463529026656e-02,1.828007242534683552e-01,1.451171352100341649e-01,1.737130059058452636e-01,2.645056519950779172e-01,2.554831851743157856e-01,1.352476648932043335e-01,3.397848613130172168e-02,2.502185815164431615e-02,1.018006774907848078e-01,7.373413185526792035e-02,8.856901846057757544e-02,1.495067384785436770e-02,2.602008447595888230e-02,8.013294447080265837e-02,1.815293197635327871e-01,2.574549700999201329e-02,7.173039214532338226e-02,4.248911360589477382e-02
3.286749096203592235e-02,6.297456901778764049e-02,0.000000000000000000e+00,3.504379336403377065e-01,2.746097613469749010e-01,5.752288509656914295e-01,3.844043495806542809e-02,6.701566306596937750e-01,8.192568229490615472e-01,2.602837213763018465e-01,7.392624381250376686e-01,2.486507221229455056e-01,1.531039444331901700e-01,1.813258527734195047e-01,3.047426566903627121e-01,2.002634793974328864e-01,3.513630512764509550e-01,1.509321750025673647e-01,7.302873626918221506e-01,6.770382337363328729e-01,2.667946610144800168e-01,4.552745771656814822e-01,8.065162595707224824e-01,4.615876265434929460e-01,4.806174506264558888e-01,5.938376588757636743e-01,5.841359203808487166e-01,3.109486076886162631e-01,2.668213568981322448e-01,3.110130482252586037e-01,1.043136120642549070e-01,6.115922786978004178e-01,2.357900788408409387e-01,2.471631581021754565e-01,3.230611113495577280e-01,4.274861698439070823e-01,4.636182356337174015e-01,5.192293480270624428e-01,4.072420767552391574e-01,8.687813017712590902e-02,4.344406045386446646e-03,1.065705959620003584e-01,6.881198996367801635e-02,2.173697661610485277e-01,1.750443052985606041e-01,1.630139183409775039e-01,4.821343851097973920e-01,7.082015228289733066e-01,3.181764205831072445e-01,5.203697101101595335e-02,6.693890336642746020e-01,1.369214654716788271e-02,6.256361640967285087e-01,5.242370946517784791e-01,2.170216022132018530e-01,2.773502994814381895e-01,2.871865562881150691e-01,2.616094820045625768e-01,1.551482794199436355e-01,2.573194847053827949e-02,1.580232352329946632e-01,7.632448916105054326e-02,2.625213507687444991e-01,7.187158429249608238e-01,1.874776334946007261e-01,3.637428470228686872e-01,9.358689364237743336e-02,7.406304309386818607e-01,5.273510457654783101e-01,4.089646033043957685e-01,6.586164047394706955e-01,4.072919132829116995e-01,2.171598853047922439e-01,1.590927859901379859e-01,6.527020258194837776e-02,1.160975219973238159e-01
1.967456069360949966e-01,1.345846964084460029e-01,3.504379336403377065e-01,0.000000000000000000e+00,2.395423621686655069e-01,4.161203653007876646e-01,1.864558013632823530e-01,1.414154380960378765e-01,2.432039374959960309e-01,1.966841667413815886e-01,7.015045306281333937e-02,1.435857910785214853e-01,2.536015426902168413e-01,4.527814439479093123e-01,1.484589843236766016e-01,3.086390589758926106e-01,1.563408697714403772e-02,1.787741753664140176e-01,2.059644964946198697e-03,2.776104311334330887e-01,1.774443779549101374e-01,3.269301084837369920e-01,3.116687533871133620e-01,2.374590934658603880e-01,3.026410812396369554e-01,2.648676620316913755e-01,4.688807287653554701e-01,2.438798755971716137e-01,2.905658942870444905e-01,7.421017541906321791e-02,5.615133361221713582e-01,1.147267391313654683e-01,2.738401536947137060e-01,5.994913291245524967e-01,5.873081043674959201e-01,6.022309806200112359e-01,5.135042763057030557e-01,2.843281403290031095e-01,1.891261320140633084e-02,1.635188785754574381e-01,2.310641792701823571e-01,1.661363419696190724e-01,2.533993652829615861e-01,5.396074495872825449e-02,1.678729761919483532e-01,8.457796603100946331e-02,3.324589937945866547e-01,2.443097636398846029e-01,6.127609725182197042e-01,1.589035623681905596e-01,3.501132579263595002e-01,1.724630992227211834e-01,2.004868094134290291e-01,1.540003007766775900e-01,1.193080984997368088e-01,3.650052904669126019e-01,1.542379225686354161e-01,2.319978313747875914e-02,4.834761004792208494e-01,1.432437284195205995e-01,1.356805672883131808e-01,1.491160320822428054e-01,7.202662236220482017e-02,4.129439889189516211e-01,1.548446035656669828e-01,2.027433972151305719e-01,1.055779304585442308e-01,3.112975043999801628e-01,3.634185715655696147e-01,3.847436428399783614e-01,4.279180010540265533e-01,2.121255179700003990e-01,4.534498389906387733e-02,3.887779837896677138e-01,4.215783737191235447e-01,3.529537485018996446e-01
1.688860068667716319e-02,1.976885075067987829e-01,2.746097613469749010e-01,2.395423621686655069e-01,0.000000000000000000e+00,8.447919227556283106e-02,7.633404208923303402e-01,1.903815959903097099e-01,5.490814004848547647e-01,4.402240898897805121e-01,6.878625348709076492e-01,1.982259783847651335e-01,3.512853285672546400e-01,4.948298649984341768e-01,5.955103378680473569e-02,1.635171337626098453e-01,4.595292522363642607e-01,2.497497784750087324e-01,1.235715050154919115e-01,1.456603528577668505e-01,1.436243766059219773e-05,3.475830560592165774e-01,1.997281681716878143e-02,2.131899480079808284e-01,2.120303217647206417e-01,3.942201867294732598e-02,6.000757072509521617e-02,7.697190540145595339e-01,2.039631456842114221e-01,4.871458460272729551e-01,3.219260112056589462e-01,1.317516597873266415e-01,1.753675270420136656e-01,1.308663931260977131e-01,1.655204848653447636e-01,1.593339901042323259e-01,2.144214196878266310e-02,3.660922480560083181e-02,3.076438933559657030e-01,2.602318502488837337e-01,5.114808703181119437e-02,2.540748837290727341e-02,7.094705565765382360e-01,2.979432620396145204e-01,1.312329231852898959e-01,1.705295367403474871e-01,6.276577923059858954e-02,3.536505341437311545e-01,3.972981240123383273e-01,6.291756196760343034e-01,7.808009924764239273e-02,5.645065636079111826e-01,3.195952852248818421e-01,4.103869149546775508e-01,5.575746684479953030e-01,5.921766116183190265e-01,2.263202747793514880e-01,4.679182360163606225e-01,7.246709464796454725e-01,1.975943965896339860e-01,2.554701592544977862e-01,2.949782226838182919e-01,4.113396409008812094e-01,2.606117970610771772e-01,6.946066288569724412e-03,1.498886655286837677e-01,5.660230567817775560e-02,1.457026834268365101e-01,4.054054549384419892e-02,2.584943152521165799e-02,4.068941270103230978e-02,1.888175666214984283e-01,5.292042179707810989e-01,1.407055523573592232e-02,9.290721329470848222e-02,2.520898597488835900e-03
3.016005361333986001e-01,3.284651666426010586e-01,5.752288509656914295e-01,4.161203653007876646e-01,8.447919227556283106e-02,0.000000000000000000e+00,9.821352636188307450e-02,5.281242534254005916e-01,4.251953244799610565e-01,3.232453016580456029e-01,1.893735621608826913e-01,2.746148088317319491e-01,2.895478953121353727e-01,2.197852835439899621e-01,3.977446518214350912e-01,1.248521045553726561e-01,5.016202980525161781e-01,3.976311777069886366e-01,3.900215721792382184e-01,6.796034604863413486e-01,5.283514539428407764e-01,3.952515203638991559e-01,7.158284832435158895e-01,4.343927508367881885e-01,7.230198878950246932e-01,8.434996079340562058e-01,8.268430912931273857e-01,2.302224149308044754e-01,5.157008314599700327e-01,1.372761682426404950e-01,2.024771623797159970e-02,6.668325555488517908e-01,1.687333190038400876e-02,1.051165075077512834e-01,1.371900319162806248e-01,7.448261945106878779e-01,5.652241191782767515e-01,3.360504039229794127e-01,5.938401136684225978e-01,1.740964041718113808e-01,2.459044905848070672e-01,9.159781467176429659e-02,1.228346764227115501e-01,4.246502553579969419e-01,6.694468084784843676e-02,2.983155436551833128e-01,6.483686329325574205e-01,2.233184838836004826e-01,3.401509874274197820e-01,4.233665402517469145e-01,6.925840152434274977e-01,2.588741688996826218e-02,4.186495895158026670e-01,8.755474918854971866e-02,1.997859575276793587e-01,2.987205302391628958e-01,2.611326496933554231e-01,2.947508801927234967e-01,2.866404899818317253e-01,2.350420122714909077e-01,2.544843223302359347e-01,1.895182800856146099e-02,2.833056215627245966e-01,3.325621983699147410e-01,2.060518998471998764e-01,4.039657267057837342e-01,1.885507784592594938e-01,4.892070059937625448e-01,4.545722781163529236e-01,6.272377613259292328e-01,6.520535594421204006e-01,6.429034501548827052e-01,8.718411227121107554e-02,4.547566853682516452e-03,1.672315366800272707e-01,2.682478089249070718e-01
3.222433740672172586e-01,1.571566595494602037e-01,3.844043495806542809e-02,1.864558013632823530e-01,7.633404208923303402e-01,9.821352636188307450e-02,0.000000000000000000e+00,1.650510707940936739e-01,2.759726118916625004e-01,6.761081784297915398e-01,4.524745347881922175e-01,3.455800812095949359e-01,4.260964720569760944e-01,3.577623684990819397e-01,1.868779331137869204e-01,4.082861016102556917e-05,4.074502308510974946e-01,8.945237428565827598e-02,2.396711041809423959e-01,4.250850800921046613e-02,2.572000837633567349e-02,4.862967861864785912e-01,1.261199128474353170e-01,1.891457283355535424e-01,2.079077516366316658e-01,4.857543635887129341e-02,2.837014373234569842e-02,5.555688588636474856e-01,1.554609884188722091e-01,4.356629256985041221e-01,8.789544652571867900e-02,1.636924814778238091e-01,3.388755388583769568e-01,9.002292199448155841e-02,5.729195970933069482e-02,7.767185712546531562e-03,3.684955358866069397e-01,1.724165748017449096e-01,4.409816617665135441e-01,1.063756858651043191e-01,1.381360914427812864e-03,2.537084248790890673e-01,7.109623417798386358e-01,4.175134817663080922e-01,1.638995384359402951e-01,1.614555499736640143e-01,3.264575291372005805e-02,1.070061667045399401e-01,3.131719641076786131e-01,6.203336392927034648e-01,9.034926461052260327e-02,4.180572121701630062e-01,3.513341562673210627e-01,4.052333114864042907e-01,3.393232307387548108e-01,5.390039476835075671e-01,2.296019225388043206e-01,3.992271253076866699e-01,6.813099630669592344e-01,3.726427810185554690e-01,5.835687225047274385e-02,1.810145890933278490e-01,1.640183588912967616e-01,8.873496684341780627e-02,4.233563020430670953e-02,1.695824223291292066e-01,6.713655279703051315e-02,7.944034169629859976e-02,2.495280042903363915e-02,1.093811508758856521e-01,7.628358221017712826e-02,3.356356386515307877e-01,3.857513084324186714e-01,2.091997304065191798e-01,2.562294601371647440e-01,4.565577792656477785e-02
1.250538859566023009e-01,2.243787052336654320e-01,6.701566306596937750e-01,1.414154380960378765e-01,1.903815959903097099e-01,5.281242534254005916e-01,1.650510707940936739e-01,0.000000000000000000e+00,3.517124685647114446e-01,3.177857186357275765e-01,5.642545165451182676e-01,5.677288401465094836e-01,3.035622574633686233e-01,6.546398146916734828e-02,2.931638186311419370e-01,2.400633915415139874e-01,2.086810510323642565e-01,5.832286052433409418e-02,2.836857023298152702e-01,4.800236941105288091e-01,3.204844987600623529e-01,4.393347275045082490e-01,6.601966386221947980e-01,4.893774221373180522e-01,1.823587796288949625e-01,4.528763564561555932e-01,3.950557905989319218e-01,2.103912637178133316e-01,1.631953409136684408e-01,2.589255645174522447e-01,1.098308399414428260e-01,1.755337419289518808e-01,1.003138008270882814e-01,5.029893027558537955e-02,7.094158535912753472e-02,3.045653649077050273e-01,2.148052171157350809e-01,5.274133672824851127e-01,1.458958769124149568e-03,4.230800752309931134e-01,6.219103156780352026e-02,1.173960085627201305e-01,2.834411708750450565e-01,3.395262816646005266e-02,8.481299259314671601e-02,4.077321087622003126e-02,1.491356477232403110e-01,3.477458031029828645e-01,1.508621643487857711e-01,6.862316164883337788e-02,3.832222087361393803e-01,5.505179181549059442e-02,8.046836045747376431e-01,3.728713971331421573e-01,1.042480197821405302e-01,2.427091844882916516e-01,3.659581305275791951e-01,3.397905365212865458e-01,1.884093011089717495e-01,1.139043198425745695e-01,2.393810357743332284e-01,1.861394933735060764e-01,1.665207357046187830e-01,4.012256594521728670e-01,7.769243719552754168e-02,2.668428493436535431e-01,7.505706571740007604e-02,4.498575580409979735e-01,4.417655015581929967e-01,1.336795302242536065e-01,2.854027665738914088e-01,7.118166013499301059e-02,9.828374764942693353e-03,1.661319232687058500e-01,1.544716870210624815e-01,3.240728723389629251e-01
7.824782332896079717e-02,9.854316637499405118e-02,8.192568229490615472e-01,2.432039374959960309e-01,5.490814004848547647e-01,4.251953244799610565e-01,2.759726118916625004e-01,3.517124685647114446e-01,0.000000000000000000e+00,6.293419031011170395e-01,7.444207389709285305e-01,3.613207748911397843e-01,3.446436203452682978e-01,9.788583000663338141e-02,1.021011602922324291e-01,7.060672918987756508e-02,6.948978391947995270e-01,3.367089864838742619e-01,5.443776023696879074e-01,5.552946570335999255e-01,6.717535502110488776e-02,5.156654978394359379e-01,4.402368830950448286e-01,3.491142506915619892e-01,6.408064632117945747e-01,6.405551817677536119e-01,5.615971129094725622e-01,6.846003283477689605e-01,3.109098111434409617e-01,3.873187850392207365e-01,1.451098747299295055e-01,4.582157004997634564e-01,3.132425262525863063e-01,3.313173045572008479e-02,1.561422539178212998e-01,5.505360065513504875e-01,1.862229205432066048e-01,4.368340850789386165e-01,2.761258847774826219e-01,2.020868834504937345e-02,6.097339521134725882e-03,8.381252863635219041e-02,1.529080426454714203e-01,5.057890096631577348e-02,1.286689922039849776e-01,1.298150750506746054e-01,3.064901004318395517e-01,7.346719212249145370e-01,5.998556971514641678e-03,2.735957631546209190e-01,4.819243635362897016e-01,3.505970120825793179e-01,4.902764756382327893e-01,5.581548015293393838e-01,5.974071333385558846e-01,3.305864907211648607e-01,4.444911983895233898e-01,4.333927563336997801e-01,6.638207719268830742e-02,5.501691644000555881e-02,3.654932195923590865e-01,2.801683792200381773e-01,4.994806995289159390e-01,7.087233159856420883e-01,1.000302662831578093e-01,2.072510745124954146e-01,4.406546793121257632e-02,5.416670598664957703e-01,5.518935337763498650e-01,4.995769955317402866e-01,6.284542026194321895e-01,2.430582110733559009e-01,4.109202488104774509e-01,3.362981914791846050e-02,8.205508023182113420e-02,5.532445190036265614e-02
1.064171484900620634e-01,1.126073348454306178e-01,2.602837213763018465e-01,1.966841667413815886e-01,4.402240898897805121e-01,3.232453016580456029e-01,6.761081784297915398e-01,3.177857186357275765e-01,6.293419031011170395e-01,0.000000000000000000e+00,5.009167566858787612e-01,5.316669051936309121e-01,4.629701238345226288e-01,2.796904095566748460e-01,1.709514761720605514e-01,1.041407466650066116e-01,3.243002691998747022e-01,5.587306366093242049e-02,1.229460583106708471e-01,1.074638960229362394e-01,1.194675191379306889e-01,4.686039401232950374e-01,1.574896182471622053e-01,1.873577730931937635e-01,5.059330508022503725e-01,4.953487141233188229e-01,2.557500531223368401e-01,5.374836092434238655e-01,5.653979505461775856e-02,2.286382934075863460e-01,1.232498348647654285e-01,3.537390327220002462e-01,3.211510179096210837e-01,3.046425578239878584e-01,5.356321522166733740e-01,1.256750778950836422e-01,2.385733081288388679e-01,3.468793807194072709e-01,7.232911287452950533e-02,8.591673661975757215e-02,3.573662068331467934e-01,3.119390083315373152e-01,2.006741478135893875e-01,3.916501919706896206e-01,6.269527989876622076e-02,9.696898526981473365e-02,1.321201035224821296e-01,4.862592148736287756e-01,1.466430187528930118e-01,3.725837733875334568e-01,2.947711317707095713e-01,2.119699401140039408e-01,5.854163530365626977e-01,4.021030295033242163e-01,5.337970089599195500e-01,3.741931339343885776e-01,5.006363947048004803e-01,2.519900476442203940e-01,2.167607826011879457e-01,4.279147306489016200e-01,7.574059337646277257e-02,3.489030839730531963e-01,2.345662898676456332e-01,4.812135410153070003e-01,1.280840068085239980e-01,2.471901982204210702e-01,2.189889052506486800e-01,3.626876484357196562e-01,4.261817193969043571e-01,1.684606502861467070e-01,3.393326000113584540e-01,4.596889165809617261e-02,3.483111246096733948e-01,2.176926369228233127e-01,3.903394556489038769e-01,2.226391294520846387e-01
2.631065621863016846e-01,8.122193940451201410e-02,7.392624381250376686e-01,7.015045306281333937e-02,6.878625348709076492e-01,1.893735621608826913e-01,4.524745347881922175e-01,5.642545165451182676e-01,7.444207389709285305e-01,5.009167566858787612e-01,0.000000000000000000e+00,3.532383377593415474e-01,2.077672766824175676e-01,1.620636327358913886e-01,1.258472722529269117e-03,2.231104347061949600e-01,4.796645002515522727e-01,9.821883272229334216e-02,4.020763475319176217e-01,4.451214079493511777e-01,7.332680775140762441e-02,5.709673764316409716e-01,3.654122529456606538e-01,1.139236171802267272e-01,3.466275067427500023e-01,2.581610120261864094e-01,2.509250831554499239e-01,6.424018008043479444e-01,1.361149610177575797e-01,5.052959099066391957e-01,5.534867698197015740e-02,7.073389714993319477e-02,3.183728773710218229e-01,1.504666672675804007e-01,1.497719799287607068e-01,3.935152783607996918e-01,1.461003691908731861e-01,2.896505449142429134e-01,2.280071535261178617e-01,2.022893376302391522e-01,1.502899428889492572e-02,8.919581146635706392e-02,5.722974040178091526e-01,1.559433366974462554e-01,9.634001577575117270e-02,7.489097487097544359e-02,1.426272824454819510e-01,6.004828364327683410e-01,7.365423015729828660e-02,5.122096437416936432e-01,3.819420456477988779e-01,3.447663818240873645e-01,6.477524662314591009e-01,6.564203030773357872e-01,4.491762077851994550e-01,6.704042990635187271e-01,3.220588654177647392e-01,4.875784246075626771e-01,4.174790654415769797e-01,2.574170567350892447e-01,1.513243182286791444e-01,1.887601357390757961e-01,2.697093573542586054e-01,7.120174926500831836e-01,4.567192062078673231e-02,2.215179419791669657e-01,3.747358185457594359e-02,4.428576773702523894e-01,3.670297804255919782e-01,6.549517598680376640e-02,3.443271701854877520e-01,7.170411477263094469e-02,5.217260619041552694e-01,4.397403669472338406e-02,1.542973526685500751e-01,4.419939623878892110e-02
2.344331506720085390e-01,4.364458038604901446e-02,2.486507221229455056e-01,1.435857910785214853e-01,1.982259783847651335e-01,2.746148088317319491e-01,3.455800812095949359e-01,5.677288401465094836e-01,3.613207748911397843e-01,5.316669051936309121e-01,3.532383377593415474e-01,0.000000000000000000e+00,5.487245985648531166e-01,3.307923821106280027e-01,3.022093050951272786e-01,2.867907732664519149e-01,2.667896335549435616e-02,2.054215181339165697e-01,2.350196895723841162e-01,1.138634681519780367e-01,2.162072092210469421e-01,1.814855547472418729e-01,2.984838122476406452e-01,5.837264710967142722e-01,1.516850235683459558e-01,4.490522685208800935e-01,3.740096480319538008e-02,2.691489351255081375e-01,3.720162742491937014e-01,1.023570657186815835e-01,3.403690837531028190e-01,2.290816529289509407e-01,1.735612950459711201e-02,1.247721915747338206e-01,1.622769890634222500e-01,2.213424215832710817e-01,3.324370076486971026e-01,5.184092569072125123e-01,4.894312220627948518e-02,1.011648233360886995e-01,5.026102148435735995e-01,1.889830436814257664e-01,1.481159564688108166e-01,4.248359264400781710e-01,1.194332200830572899e-01,2.906763902479265194e-01,7.961865984317775813e-02,4.596595980724077490e-01,2.106192391425822097e-02,2.539562563144301399e-01,1.765558197660750950e-01,2.373675599517441337e-03,6.520662445372547023e-01,2.101151955174032637e-01,3.023968688544478867e-01,2.441953890176383757e-01,8.672341605441481471e-01,2.162291116889389631e-01,3.182082238552557674e-01,6.060141825354131706e-01,3.616607732970480438e-01,2.079478865732473369e-01,1.710598445097220519e-02,4.061697005909552516e-01,3.600274006552240946e-01,1.880435619021298133e-01,4.008361074895624432e-01,3.098708998799576952e-01,5.880794535823450353e-01,1.732245944328941190e-01,2.149393317033477246e-01,2.901248894454671601e-01,2.537665615883019088e-01,2.193466643667306148e-01,3.932853499756300830e-01,2.558136439879719060e-01
1.687308933106856923e-01,2.251188034420704698e-01,1.531039444331901700e-01,2.536015426902168413e-01,3.512853285672546400e-01,2.895478953121353727e-01,4.260964720569760944e-01,3.035622574633686233e-01,3.446436203452682978e-01,4.629701238345226288e-01,2.077672766824175676e-01,5.487245985648531166e-01,0.000000000000000000e+00,3.574583961343954508e-01,9.353973032576537450e-02,4.419778693135846814e-01,5.780708196236729046e-01,4.739130052446033914e-01,2.609398508186636656e-01,4.215385374817917641e-02,8.509915183959826379e-03,3.782364107920596630e-02,1.230827148199631904e-01,3.997753883293020949e-01,3.334615982238676724e-01,5.173712160312629038e-01,5.856949820411239127e-02,6.052260158168379922e-01,2.207363039714016484e-02,1.363479929029697557e-01,3.279049997569902231e-01,1.753597774351484118e-01,1.066274048075179365e-01,2.446556409581634728e-01,1.927060949810135426e-01,7.096878335302717056e-02,2.296520491005808462e-01,3.041419147807545853e-01,1.045101690017519458e-01,1.572651046198367542e-01,1.745502244948862747e-02,1.167605819779644893e-02,1.726496146821542288e-01,1.228210093797516833e-01,1.142985041858611550e-01,6.632750345911729573e-02,5.603328758693659761e-02,3.257888916784148492e-01,1.695593704499305243e-01,1.189515301920238965e-01,2.325336216417564772e-01,2.454135068052386015e-01,2.851660570470627154e-01,3.390866546949405924e-02,4.805615149425733201e-01,2.156298884719448639e-01,5.631012618944595260e-01,4.989503582704645779e-01,3.353878847136509966e-01,8.022969213259095733e-02,6.454948370610713582e-02,4.443106621937705225e-01,3.225529774041425712e-01,5.106302928288466991e-02,4.750394383367192996e-02,2.982186798949570949e-02,3.811430581478006396e-02,1.902353770773478059e-01,2.704239245755269416e-01,7.373171434509415145e-02,1.428952691439537293e-01,4.843138658575800448e-02,2.341882996805810246e-01,2.322120541341691213e-01,1.393563023368801085e-02,7.131632399599212302e-02
2.705566827793065565e-01,7.040792873127049711e-02,1.813258527734195047e-01,4.527814439479093123e-01,4.948298649984341768e-01,2.197852835439899621e-01,3.577623684990819397e-01,6.546398146916734828e-02,9.788583000663338141e-02,2.796904095566748460e-01,1.620636327358913886e-01,3.307923821106280027e-01,3.574583961343954508e-01,0.000000000000000000e+00,6.511121768362099216e-02,4.808868066227384719e-01,3.956463038650110953e-01,3.767131701033646363e-01,3.312818190829892179e-02,2.432172584729074549e-01,2.977711145123427272e-01,1.080792666101953736e-01,1.834623986193550105e-01,7.624989428568917926e-02,2.840201179625220784e-01,6.648916759169773427e-02,2.328664331868933735e-01,5.092478902894242987e-01,2.814195671780022057e-01,1.816685635350646921e-02,4.803586532382398966e-01,5.303325240052666478e-01,1.571527359626143372e-01,3.677242969865176514e-01,5.035182119107168841e-01,1.134284033009462511e-01,3.504548753939679129e-01,1.407420202812249832e-01,4.556662636923364817e-01,1.713449409891053266e-01,1.840502072222903185e-01,3.607903925001286760e-01,2.198921728420966115e-01,3.704890190999812760e-01,5.411765047876888890e-02,2.702211836539609724e-01,1.426615240219062664e-01,1.685403222991748162e-01,4.997625860667664899e-01,3.963971790345861002e-01,1.235030558569574777e-01,4.578410089301337416e-01,4.694661830824967130e-02,1.710240222243353259e-02,6.187631012501030314e-01,3.023908921189550902e-01,3.974711404033217654e-01,4.219225578560593659e-01,5.890648920866685678e-01,1.285357825925941833e-01,4.110453878353191315e-01,7.161383099432866439e-01,5.171330451884368351e-01,6.250988677276085592e-02,1.060867619978298620e-02,1.763035270402747434e-01,9.423230171395288735e-02,1.825838983746580491e-03,2.316842998411620669e-01,1.852633315758441257e-01,3.862478713572492506e-02,8.462049885776541658e-02,4.037211700684444349e-01,1.726009081238747134e-01,6.768858505131536418e-02,3.311722065557702877e-01
4.188490368427024713e-01,3.487777981157752505e-02,3.047426566903627121e-01,1.484589843236766016e-01,5.955103378680473569e-02,3.977446518214350912e-01,1.868779331137869204e-01,2.931638186311419370e-01,1.021011602922324291e-01,1.709514761720605514e-01,1.258472722529269117e-03,3.022093050951272786e-01,9.353973032576537450e-02,6.511121768362099216e-02,0.000000000000000000e+00,2.662629097751590401e-01,1.578586225974628054e-01,2.401486099780438255e-01,8.588102744396636234e-02,5.716369035778561258e-01,6.585523427457763423e-01,3.148560822804334913e-01,5.681959209179869852e-01,8.699180097071090856e-02,2.638646008450095670e-01,2.387310534357466041e-01,4.801419672825509299e-01,1.172603328036362358e-01,5.688596013410542884e-01,2.567907467668251176e-02,3.270416997588408980e-01,2.976978644251462303e-01,2.793667330375014801e-01,2.641279266675501392e-01,1.331178109913401797e-01,4.133740456298970467e-01,3.759765778686092741e-01,1.328341675447200221e-01,2.572138639831648144e-01,3.690579066525924157e-01,3.805373807156484101e-01,2.582093476242817986e-02,2.509816354116848336e-01,4.024665690271746477e-01,3.858858234375123208e-02,5.091771227896562113e-01,4.223642805189240512e-01,4.350823082645000062e-02,2.358252649048765692e-02,1.636564237510631237e-01,4.587361894975493515e-01,3.373077964185186017e-01,1.576815570114957210e-01,1.747707600800658123e-01,5.377806720033265209e-02,2.262175067022916819e-01,2.404360327712964929e-01,3.179302622971932335e-01,1.942305643632048218e-01,6.343754398720922172e-01,4.911413005458702963e-01,1.683405835437370990e-01,7.573884335410602242e-02,1.475751613757335656e-01,6.186201046303223539e-01,5.284695225914111116e-01,6.405372917056774140e-01,3.636839526043742499e-01,3.456223982365741465e-02,3.214393547221853220e-01,2.090783108217335595e-01,6.288871887891894774e-01,1.616279175380382349e-01,3.354896028369279137e-01,3.230615094885379568e-01,3.867719178795580026e-01
7.786056061386605887e-01,8.047281399264805124e-03,2.002634793974328864e-01,3.086390589758926106e-01,1.635171337626098453e-01,1.248521045553726561e-01,4.082861016102556917e-05,2.400633915415139874e-01,7.060672918987756508e-02,1.041407466650066116e-01,2.231104347061949600e-01,2.867907732664519149e-01,4.419778693135846814e-01,4.808868066227384719e-01,2.662629097751590401e-01,0.000000000000000000e+00,5.546950401407410025e-01,6.657435068984433046e-01,4.881722572053033560e-02,5.764856947837493362e-02,3.868987990249100895e-02,2.872736732336233501e-01,1.601172913202746351e-01,6.955375453937003016e-02,2.148904890400233914e-01,1.591353762415168294e-01,1.020750009370041678e-02,3.220214150965037825e-01,3.917535297408364925e-01,2.999415768436958230e-02,8.227804456270806366e-01,3.061893030784780534e-03,4.628812931757015914e-01,7.661399315305357227e-01,6.459665693510177054e-01,1.119105353826743837e-01,2.720668262800938347e-02,2.921789995220357983e-01,1.932832923167217831e-01,2.026567614602353962e-01,1.621368963301471622e-01,1.726170061125075483e-01,1.637760497874313770e-01,9.018072401147894657e-03,1.450292597163994890e-01,5.907393171033032964e-01,3.461506722711397699e-01,8.326651950447253037e-03,3.331280720411232688e-01,1.418099716531608379e-01,9.703729641935132655e-02,3.084108032937299404e-01,3.498419339980007869e-01,1.647628042601636533e-01,1.861635010139313373e-01,1.410061100529361455e-01,1.819876904524725114e-01,2.298796389297556308e-01,1.979482302260914539e-01,4.740000649532081223e-01,4.655930965367651164e-01,3.195486490054538220e-01,3.369851888852484212e-01,3.526699630100779137e-01,1.589109454865040294e-01,9.624255646261276054e-02,2.008422491307282898e-01,2.243421449687733049e-01,2.454046303138111007e-01,1.117106329329517200e-01,3.047454005966226953e-01,2.086872650282040609e-01,1.069157508985851823e-02,1.838092781564507616e-01,3.353031565593459495e-01,2.977188107048905907e-02
3.880394976536589158e-01,1.565279462160117929e-01,3.513630512764509550e-01,1.563408697714403772e-02,4.595292522363642607e-01,5.016202980525161781e-01,4.074502308510974946e-01,2.086810510323642565e-01,6.948978391947995270e-01,3.243002691998747022e-01,4.796645002515522727e-01,2.667896335549435616e-02,5.780708196236729046e-01,3.956463038650110953e-01,1.578586225974628054e-01,5.546950401407410025e-01,0.000000000000000000e+00,6.746287513465035746e-01,2.839715764214001403e-01,4.711581276517569083e-01,3.454084506426903234e-01,1.456618787835219919e-01,1.813889902136897325e-01,8.195119587910687509e-02,5.753018235521597523e-01,4.926795418190168530e-01,3.887485925907927520e-01,6.335135901482722431e-01,6.129241826743633270e-01,1.814413525675288019e-01,6.677823789659500520e-01,2.317859906244644774e-01,1.072489566285209500e-01,3.990310663067675456e-01,1.455222834065624249e-01,5.040112720218850040e-01,1.625104873050179644e-01,3.722053211995851596e-02,2.153222956999826798e-01,2.986296259962570865e-01,1.324869690083413654e-01,6.328867922153148806e-02,2.098251808823949072e-01,5.027802744113704647e-02,2.763878685099657728e-02,4.518980536424247463e-01,5.902034237809497541e-02,2.301454560023502016e-01,2.499050326761904084e-01,1.777569372108564194e-01,5.038904537852773036e-01,6.014387559026599384e-01,2.344397416283757474e-01,2.775463110928534927e-01,4.922018557809739736e-01,2.524009421613168103e-01,1.551831784315654827e-02,5.662139787073607877e-01,1.732836442406828215e-01,1.114601695950299676e-01,4.174190917654520550e-01,4.065558544706575628e-01,5.008865731361826779e-01,2.033141175881615637e-01,4.683645308327405443e-03,2.318588899782663137e-01,1.302494718591151734e-01,6.274408243796358864e-02,1.905841615570555425e-01,3.102039348841745814e-01,1.817719128889286329e-01,2.700920243438070800e-01,2.851924694617838929e-01,1.029657595630431022e-01,2.935489357961663104e-01,1.507647032865187531e-01
5.436197171693051278e-01,3.063894212431961250e-02,1.509321750025673647e-01,1.787741753664140176e-01,2.497497784750087324e-01,3.976311777069886366e-01,8.945237428565827598e-02,5.832286052433409418e-02,3.367089864838742619e-01,5.587306366093242049e-02,9.821883272229334216e-02,2.054215181339165697e-01,4.739130052446033914e-01,3.767131701033646363e-01,2.401486099780438255e-01,6.657435068984433046e-01,6.746287513465035746e-01,0.000000000000000000e+00,3.200381123395963368e-01,3.685116568425662043e-01,5.013887786478088415e-02,5.986637547967288420e-02,4.744318160159430309e-02,1.045842095518989545e-01,5.143903909447109513e-01,3.212293341770755539e-01,2.772277531280651908e-01,3.114342014619155274e-01,4.891979109416894622e-01,6.373767000261780502e-02,6.869787851299011816e-01,1.479867158973208197e-02,4.095227314813402186e-01,5.451225991600963106e-01,3.947625886879453372e-01,2.351246292303462160e-01,1.061310731524659628e-01,1.476566414132549632e-01,1.955006313586743205e-01,2.933270266122438019e-01,1.178544556102183727e-01,1.745522751469074374e-01,3.814492057209520337e-02,5.631105516681145229e-02,1.592526040293518741e-01,5.269230393769774867e-01,5.750783321219493649e-02,1.054832798979238317e-01,3.138164130388249040e-01,7.411263605860489434e-02,3.697174908813978256e-01,4.021878825702444038e-01,1.133943522273280768e-01,6.793641253164173222e-03,3.121759380007986806e-01,6.461137099790652261e-02,6.432555308394477533e-02,3.170114445139425308e-01,9.768878470670697145e-02,2.664231234164425866e-01,5.353596389416862555e-01,2.512724504677943393e-01,5.889970727839253239e-01,5.684340487381520091e-02,2.136075831911216083e-02,9.534458518556820916e-02,1.713240403472365836e-02,1.258105139949575735e-01,3.827918273406094585e-02,3.786338353172665760e-01,5.019302580530338176e-02,3.570628943285687473e-01,1.095991446121485080e-01,2.247888915062373760e-01,4.133092138122690384e-01,6.215909861347229670e-02
2.057338308608896160e-01,5.258791899460110719e-02,7.302873626918221506e-01,2.059644964946198697e-03,1.235715050154919115e-01,3.900215721792382184e-01,2.396711041809423959e-01,2.836857023298152702e-01,5.443776023696879074e-01,1.229460583106708471e-01,4.020763475319176217e-01,2.350196895723841162e-01,2.609398508186636656e-01,3.312818190829892179e-02,8.588102744396636234e-02,4.881722572053033560e-02,2.839715764214001403e-01,3.200381123395963368e-01,0.000000000000000000e+00,2.278445193402089952e-01,1.088971616223931849e-01,8.002242087885652611e-02,4.599068208286171133e-01,3.338518342096012947e-01,4.409654475503819726e-01,5.144485328482742981e-01,3.292089780495652263e-01,2.929738591224784749e-01,7.811106650229796000e-02,9.053646631097256314e-03,7.101220445551922889e-02,5.452350684417004434e-01,6.899728102233690374e-02,6.162055006966059290e-03,4.970016305848697080e-02,2.441253704881351377e-02,2.442781886371258038e-01,3.545981258971195871e-01,5.506849488531972980e-01,1.096646811152005851e-01,1.957706588190063213e-01,1.308035143227914421e-01,5.591545935264705114e-02,4.301035397432236007e-02,2.419708690471769619e-01,1.808208104114251702e-01,2.307129541380780469e-01,6.621300169539893199e-01,2.523946383242173241e-01,4.129579792507855340e-01,4.662254264489567035e-01,2.489559198132250684e-01,2.361256432373772252e-01,8.631940493700640538e-03,2.134742724526662583e-01,2.208532847179998648e-01,3.237412952828344626e-01,1.075075775041195447e-02,1.634225875433135688e-01,3.619786336365987678e-02,1.193011998358091408e-02,9.433798019246131261e-02,2.729882702307419584e-01,6.304249964952212126e-01,1.216781117939069734e-01,3.238994521856353170e-02,1.417042508519218424e-01,5.299616425916704454e-01,3.283412110877848566e-01,3.214872958801159863e-01,3.751659568913218723e-01,3.536246491056111441e-01,8.048286126454312628e-02,1.258765297419326412e-01,3.664134696114490497e-02,9.060236993026314634e-02
1.967760641402083732e-01,2.421860615958113527e-01,6.770382337363328729e-01,2.776104311334330887e-01,1.456603528577668505e-01,6.796034604863413486e-01,4.250850800921046613e-02,4.800236941105288091e-01,5.552946570335999255e-01,1.074638960229362394e-01,4.451214079493511777e-01,1.138634681519780367e-01,4.215385374817917641e-02,2.432172584729074549e-01,5.716369035778561258e-01,5.764856947837493362e-02,4.711581276517569083e-01,3.685116568425662043e-01,2.278445193402089952e-01,0.000000000000000000e+00,6.896890233202743747e-01,7.122221157324062357e-01,6.681849192706359464e-01,2.127116601958372599e-01,5.772868779688262730e-01,5.367985556513270584e-01,7.684263143232096249e-01,2.840277047186602344e-01,7.021706165890965190e-01,3.667713913890992550e-01,1.553790259590479839e-01,4.783513746755740370e-01,9.043204668688996362e-02,3.920804369430375136e-03,1.033623070310272646e-01,7.656854406813760061e-01,5.471379902860045163e-01,1.940701229463701605e-01,2.124772475439007935e-01,2.972743054506346017e-01,3.187758303778696067e-01,1.168434442230749659e-01,9.969175313860448306e-02,3.858151997360239616e-01,5.400193323485014130e-02,3.210756549298295348e-01,7.272364587696857896e-01,1.928088092230543782e-01,1.722350581175090545e-01,5.416991882603253150e-02,6.824366746855743404e-01,2.569709758372402675e-01,3.888377432143756973e-01,4.092436127141982904e-01,1.422457317862021176e-01,5.195014930586450141e-02,9.541380082759642889e-02,4.597735587191421613e-01,2.064130583724506085e-01,3.387677619404850793e-01,5.788815994744860305e-01,9.288591400957718625e-02,3.302600896454078727e-01,3.013485658219380858e-01,6.136318217416626419e-01,6.617983430169511738e-01,5.581484263611964369e-01,4.442213211915520543e-01,2.812056296047298898e-01,5.488293795841241440e-01,5.596036830936450546e-01,6.642796891824178651e-01,1.503449681946202876e-01,4.007628983264834299e-01,1.428661707985463547e-01,3.909878687244195961e-01
3.213616441025635151e-01,1.766620642330522517e-01,2.667946610144800168e-01,1.774443779549101374e-01,1.436243766059219773e-05,5.283514539428407764e-01,2.572000837633567349e-02,3.204844987600623529e-01,6.717535502110488776e-02,1.194675191379306889e-01,7.332680775140762441e-02,2.162072092210469421e-01,8.509915183959826379e-03,2.977711145123427272e-01,6.585523427457763423e-01,3.868987990249100895e-02,3.454084506426903234e-01,5.013887786478088415e-02,1.088971616223931849e-01,6.896890233202743747e-01,0.000000000000000000e+00,3.714430902123601053e-01,4.277578321850155074e-01,8.294878583510786885e-02,2.800324715274012388e-01,3.460582480048594589e-01,6.798708534685184990e-01,1.085294024619840869e-01,7.663386540254318868e-01,9.315653096509610154e-02,1.641088490511769249e-01,5.299569981023770637e-01,3.239115129767361489e-02,7.093751423732286288e-02,4.473080154305188877e-02,6.802542513005683800e-01,5.845591404822765291e-01,4.651577689485904277e-02,3.332612100971965030e-01,3.843424682223472444e-01,4.214980255269269449e-01,1.371895303510579089e-01,3.382982269945777193e-02,5.514370912983673767e-01,1.806645503800015373e-01,5.273684093565640385e-01,5.473211083967317592e-01,2.126289104007284270e-01,1.368573738407762586e-01,3.175310499317650081e-01,1.761317609993333366e-01,4.145657059782079101e-02,2.140589237327413241e-01,4.548839015255309870e-02,2.075234632902506204e-02,1.805459147546417120e-01,2.723519790752269576e-01,1.222689834450342017e-01,3.195905990068196312e-01,7.353305369129472524e-01,3.164783865483742353e-01,2.940737190899381792e-01,1.292832021489166983e-01,1.574853699339458235e-01,7.016924519816314376e-01,8.975766879428663803e-01,6.547488566049992631e-01,2.587475533089857449e-01,3.395618660339774775e-02,2.688611969418546743e-01,2.596644104658510921e-01,6.097058544286771964e-01,1.887119613857785039e-01,3.920971520879620309e-01,3.343005527232631446e-01,5.254596421690612695e-01
