0.000000000000000000e+00,2.826195957230939748e-01,2.361143864686819915e-01,6.012188231789034748e-02,1.463311273730647510e-01,2.681278124346615777e-02,1.305183428656157829e-02,9.211464812954181514e-02,3.209895574124739803e-01,1.127844995708477127e-01,1.735894301816680863e-01,1.502833601405321740e-01,3.012909090929277722e-02,1.738651814268204199e-01,7.777903033277250300e-02,5.409247633243461362e-01,1.010288655295491500e-01,6.398631599459622676e-02,2.856738688625374278e-01,1.419118714876442255e-01,2.831823202576399523e-01,4.118415845385146601e-01,4.869686813018034299e-02,1.888320201572370183e-01,2.158990245342561898e-01,3.424394674145070927e-01,2.572677869686545438e-01,1.500417021018699004e-01,1.138037615833276117e-02,1.012959441332113297e-01,3.026693556987639089e-01,3.207656056791122201e-01,6.506308980446678936e-02,2.943384584469175280e-01,2.251344571549804274e-01,6.471498256221819290e-02,2.452685416734008694e-01,1.937829973615746715e-01,1.094867981092212395e-01,3.863584841579950635e-01,1.610290152954897691e-01,2.649937470088355174e-02,2.030640518348540147e-01,1.510525448753446964e-01,2.024052621686827091e-01,6.454000377833708502e-01,5.525203953396048973e-02,2.898788064734588721e-01,1.858728781163969113e-01,3.093338440715110993e-01,1.368473150901734492e-01,2.486974087006947332e-01,1.425254814467034614e-01,3.342653898252001543e-01,2.643518889503682079e-01,3.512692766458924698e-01,4.473648401271983210e-02,2.006209213183353657e-01,2.428979605690468335e-01,3.947421716680835635e-01,1.965416580150636250e-01,2.847146422137779576e-01,2.689960704915499434e-01,2.199403620888131516e-01,4.136516929962216205e-01,3.570400896106056821e-01,1.518998514909093434e-01,2.369536319958373549e-02,2.454067220555567475e-01,8.140546692307076837e-02,2.267853312124972764e-01,3.199676804835943633e-01,1.947006284328252346e-01,4.634491454495995311e-01,2.220204602840306907e-01,3.251591631662293924e-01
2.826195957230939748e-01,0.000000000000000000e+00,4.280812468929122705e-01,6.977673785478233359e-02,5.028951970035973051e-01,8.524994216788273071e-01,6.189768633485080995e-01,6.534808958721188832e-01,5.191829853728733291e-01,6.834942353114039637e-01,2.802991381010975780e-01,4.263816802010342299e-01,5.588846385398454908e-01,4.107182285549719203e-01,6.183832740161470110e-01,2.821547322352371823e-01,3.690156268316731603e-01,5.533775107950111849e-01,2.952549184199867449e-01,6.370859654900231650e-01,6.500927774412809113e-01,5.860027682744191058e-01,6.759145215361002101e-01,4.728151938131033849e-01,8.156621404609384340e-01,6.483571639526929387e-01,7.823215804188536904e-01,4.196993850127112013e-01,7.297023943079892216e-01,7.426170476474923399e-02,4.726838702223572497e-01,4.114612136897727868e-01,2.090201111910416631e-01,4.532148321647392897e-01,4.635174741358547706e-02,3.720000125502412325e-02,1.653182139377858684e-01,1.653070739092745156e-01,1.617561646165159572e-01,4.802414396315377587e-01,1.381095775738278020e-01,3.461405445102822553e-01,2.677988097988946437e-01,1.090754460730618547e-01,2.544228271868647639e-01,3.522510209061647246e-01,7.630241523618915833e-01,5.284211218404699650e-01,2.027964158903888814e-01,3.632983163305401608e-01,7.077911526388175334e-01,4.265253392080523565e-01,6.520285709584934253e-01,4.891492525649841494e-01,4.975228179045729227e-01,4.524627319040198103e-01,4.767847305763615595e-01,5.200007811249799383e-01,5.469581459928880562e-01,4.447808075423969609e-01,4.499060615207127745e-01,3.851799480017714106e-01,4.787755444483351996e-01,1.608219654569240098e-01,4.769192575561556624e-01,4.585986957095732341e-01,5.090300302298920165e-01,5.684894924877121891e-01,4.699657667944714956e-01,7.008362238509571185e-01,6.075616910800802906e-01,5.452174813729948610e-01,3.011450862384383864e-01,2.283567972620283160e-01,4.763874283154727329e-02,1.076399177058550150e-01
2.361143864686819915e-01,4.280812468929122705e-01,0.000000000000000000e+00,3.473732464025822697e-01,6.413196790615462994e-01,5.839306758487212701e-01,5.326782596843792073e-01,6.743860419013035790e-01,8.940072545676025495e-01,5.612852889784742949e-01,8.519671838684015341e-01,2.139948174770164857e-01,5.899076473506421614e-01,2.959217883583906139e-02,7.191993649894552476e-01,1.064696283038521624e-01,3.166692117420461527e-01,2.043776224774051242e-01,7.971494670107192038e-01,6.997108020719310373e-01,6.556563241059942815e-01,6.341333471057607474e-01,8.021197007869179663e-01,4.186452974957336481e-01,3.756636377793458603e-01,5.410168286120189407e-01,5.506048917485386607e-01,6.983730253505258112e-01,5.440657301451925498e-01,3.630595100426088351e-01,5.300989586435402856e-01,3.017473249388668011e-01,4.605122930506418133e-02,4.512950213399423149e-01,2.006277341002212777e-01,1.876635998464546429e-01,1.708405560434924642e-01,3.297343175349017885e-01,8.784513491427181631e-02,6.018797152959370900e-01,2.651211140814150324e-01,5.373244870717879262e-01,3.592825505982888412e-01,5.725948077256252933e-02,4.213700663182696760e-01,4.695887588244594957e-01,7.022251142392905709e-01,9.594480860322170956e-01,3.959881276684469320e-01,6.439093865587004473e-01,5.212317041204594936e-01,6.578025624562509055e-01,7.206563954415162732e-01,8.356224882704486046e-01,5.664260341475063631e-01,9.219707803418745184e-01,4.891558180779805864e-01,6.806642993002476327e-01,5.381311947605658119e-01,7.408085649968608744e-01,6.039040725922160124e-01,5.921103485141130385e-01,5.315791295915697212e-01,6.710072849886781210e-01,6.879346108056496600e-01,6.733458486351037164e-01,7.910507135204178919e-01,8.292002533732747427e-01,5.072831896300703525e-01,6.360511751652753176e-01,6.755216917189048598e-01,5.923007427750754950e-01,7.021806015899398901e-01,1.014997350635939849e-01,8.665494525732930775e-02,4.553539812288353028e-01
6.012188231789034748e-02,6.977673785478233359e-02,3.473732464025822697e-01,0.000000000000000000e+00,5.451510235011317596e-01,1.981767413811259260e-01,4.744309656029766509e-01,3.206260095529271381e-01,4.058042416439646694e-01,2.137566069854649753e-01,5.323021248716041098e-01,1.387801804848093623e-01,4.705510211066027404e-01,6.224888341300197081e-02,3.250372786881193243e-01,3.092577357413071049e-01,4.252117813269506996e-03,1.244984323580369812e-01,2.535346543854184453e-01,3.775430467356659658e-01,2.796866910692115127e-01,2.130717438323516399e-01,3.032388740456422593e-01,1.267157140230792123e-01,1.019199928263645194e-01,1.017079904774802201e-01,8.729956650040307520e-02,4.809869688763570572e-01,2.335262981399849613e-01,4.203629377497117292e-01,4.005819228678438870e-01,4.080216916294722440e-02,3.690797988185836598e-01,5.307435413796839363e-01,1.797895530057946334e-01,3.199052422534290896e-01,1.405278113305969412e-01,4.882967291911811947e-02,2.338033212181540310e-01,2.402364442461155103e-02,1.080703907899634303e-01,4.010159704001539094e-01,8.169048316070504079e-02,8.455036679024749424e-02,6.161381711712789894e-02,1.830616373985669010e-01,3.736133810913356279e-01,2.453771665516755185e-01,5.722277816927534566e-01,5.135292218763414240e-01,1.172130214168201068e-01,5.250867424079390666e-01,3.713270092217894058e-01,4.427509824802883798e-01,2.273717036821480963e-01,4.575832866597097093e-01,3.167213486101282394e-01,4.235418520564201983e-01,3.716252565824485488e-01,3.687474204545024836e-01,2.241497964283712396e-01,3.460656101523157391e-01,1.592808503682818233e-01,2.257539179879791344e-02,3.923951594848782976e-01,3.372255650295540308e-01,4.177586862175802218e-01,3.165542860945099179e-01,1.174982151669348995e-01,2.134657892271095980e-01,2.624002648419005990e-01,1.835994740777955325e-01,3.212966044017831480e-01,1.201661333624539640e-01,3.333211450100844186e-01,6.962829657290836582e-02
1.463311273730647510e-01,5.028951970035973051e-01,6.413196790615462994e-01,5.451510235011317596e-01,0.000000000000000000e+00,5.478029463481632888e-01,7.829653946229078176e-01,5.301143320090980771e-01,7.809120778854491407e-01,6.077050665029859466e-01,5.977257853574734492e-01,3.590830638331224955e-01,6.780020137984595907e-01,3.006521779613430256e-01,5.467548546978027169e-01,1.179048037025466344e-01,2.267970770978113559e-01,1.470238272877249508e-01,5.333402621092541152e-01,6.524233669701003935e-01,5.073499629493303242e-01,5.181127831435848874e-01,6.208512103489237655e-01,3.498776702133767347e-01,3.083857217817835839e-01,4.583564664428017021e-01,5.354449551596469625e-01,6.612888563962885380e-01,5.372340773022148408e-01,4.567996764995793657e-01,5.868147247439392533e-01,2.742412577426949771e-01,1.885244114723683140e-01,5.716016619316459657e-01,1.270303027688411690e-01,3.127822525086295657e-01,2.557455070614990111e-01,1.688290484427455163e-01,8.497276283573632072e-02,3.210678458545904723e-01,1.903078279665769146e-01,4.314953586693565102e-01,4.392877854429682039e-01,7.174087547265060871e-02,3.145254689177809926e-01,4.618077583646659212e-01,6.419822166365362071e-01,7.140810094538255770e-01,6.394498529108304519e-01,8.240432179610716057e-01,4.522427158398751867e-01,7.461045459257190648e-01,6.037359277535923052e-01,7.299539490919044749e-01,6.103873931995013047e-01,7.704246702038106687e-01,5.866102049490009573e-01,7.020001620294603617e-01,7.212539095132174394e-01,5.037658253992127744e-01,4.922895144127619194e-01,5.843200656407039340e-01,4.630121454566311634e-01,2.029974281939955216e-01,5.381393062926100868e-01,5.455071933086388380e-01,5.859508736936001050e-01,6.583833368782798789e-01,3.720249752040580837e-01,5.616340222172820917e-01,6.031416433602390104e-01,4.884995859119106720e-01,5.847038854663366703e-01,8.627219520967961686e-03,3.104652910263114296e-02,2.339609932701284534e-01
2.681278124346615777e-02,8.524994216788273071e-01,5.839306758487212701e-01,1.981767413811259260e-01,5.478029463481632888e-01,0.000000000000000000e+00,6.034948220529440244e-01,7.740998434253897331e-01,6.189627712212510957e-01,6.825239299618151012e-01,4.472318693930696920e-01,5.126533819424171634e-01,6.370854466042894515e-01,2.960351696177040970e-01,5.555899443228181633e-01,5.810541128202567629e-02,4.067992348884777454e-01,3.289332455390455157e-01,4.457701635994864575e-01,6.084669393154774619e-01,6.432470306405340121e-01,5.380681529717801226e-01,7.313263641338266785e-01,4.318501101265123654e-01,6.984336471220260467e-01,7.250997897629591904e-01,5.929831904082817351e-01,5.593222797636235866e-01,6.776595069503714708e-01,1.986317455913538255e-01,4.623093332829469326e-01,3.466537401928637685e-01,1.157810151224548390e-01,4.073963816192988086e-01,3.932152480738236588e-02,1.601351320819284774e-01,2.568921796479168296e-01,1.629648370683117742e-01,6.293006394341772725e-02,4.512562050920531087e-01,9.930074558868094703e-02,4.447000611387528779e-01,2.571468921536420038e-01,1.318830527396617491e-01,2.322444728620206567e-01,2.053235310606789654e-01,6.272132823404200641e-01,6.390366935694504757e-01,2.690229131199379786e-01,4.719936241544179234e-01,6.920061553667742338e-01,4.530056047871753866e-01,7.052658450272810686e-01,5.366804520443579918e-01,4.506465240784971460e-01,6.182108388560203505e-01,5.918161293575057158e-01,5.884980291708599154e-01,6.020768826710425348e-01,5.400082077197851937e-01,3.637322063939756878e-01,3.987938625128675252e-01,3.442811060579488713e-01,3.211265596317566251e-01,4.973140085420073020e-01,5.349927566421295300e-01,5.552644730227405123e-01,6.462522452608229218e-01,3.813901683219877992e-01,6.366385464988616461e-01,5.777887163460400100e-01,5.170182572871704352e-01,3.128241889789702412e-01,2.487357206192195025e-02,2.014016437581763255e-02,7.561299348197032810e-02
1.305183428656157829e-02,6.189768633485080995e-01,5.326782596843792073e-01,4.744309656029766509e-01,7.829653946229078176e-01,6.034948220529440244e-01,0.000000000000000000e+00,5.628176666300624964e-01,6.615859611837113796e-01,7.084164360897168278e-01,5.250999285941435613e-01,3.012492109439496302e-01,8.232265640432812059e-01,3.021586932474847331e-01,5.503323842191165660e-01,1.457156842360807225e-03,3.944976532309152906e-01,3.842457712067809394e-01,3.751208392294230753e-01,6.120008438325071909e-01,5.536575896978455091e-01,4.757587770880110645e-01,6.263388769610330753e-01,3.154981137969938843e-01,4.265377391590704503e-01,4.786183917969510926e-01,4.956457539129813794e-01,6.161218207720795537e-01,6.987989514126276003e-01,3.690457429166741354e-01,5.877187825557236289e-01,3.396099202754871427e-01,1.530833806609687986e-01,6.231028399406780549e-01,1.282941008882841905e-01,3.189582937097015236e-01,2.114018004505019421e-01,2.098581449616847006e-01,1.177455040497976807e-01,2.890347592123612142e-01,1.907227108089655510e-01,4.656738905598257761e-01,4.063914087270006359e-01,9.589648702131868541e-02,3.335399368944319543e-01,3.202789622866480390e-01,6.565211859768480540e-01,5.642585451186387102e-01,6.093202616682531492e-01,7.304736386845421814e-01,4.455959506287220928e-01,6.959335948452376464e-01,6.054538426446963717e-01,6.409813279158355082e-01,6.091035713810377672e-01,6.739585478416054709e-01,5.670062301977880637e-01,6.766047245130639709e-01,6.496258281901787779e-01,4.496351085968089967e-01,5.210538750673689989e-01,5.233057581678874914e-01,4.158275935424227687e-01,1.280318033211132189e-01,4.374409424386958567e-01,5.123895441141221863e-01,5.776747929696146588e-01,6.434067292254149750e-01,3.315398678564238089e-01,6.224213213314924165e-01,5.623334882912522925e-01,4.051523367374268436e-01,4.626703326113864034e-01,2.106672791003212641e-02,1.069254238093845094e-01,1.731142972985849904e-01
9.211464812954181514e-02,6.534808958721188832e-01,6.743860419013035790e-01,3.206260095529271381e-01,5.301143320090980771e-01,7.740998434253897331e-01,5.628176666300624964e-01,0.000000000000000000e+00,6.212474696745479141e-01,6.163409380697503215e-01,5.625516942741883852e-01,5.485544940879931719e-01,6.702746278028727245e-01,2.788486598111786785e-01,5.595825586070384272e-01,1.517843707861651625e-01,2.459241848981142120e-01,2.007717322677964045e-01,4.284815205877450794e-01,4.959491172531716452e-01,6.929987026968484898e-01,3.667568991721229521e-01,8.539469037234592719e-01,5.640519882108598893e-01,5.083419241309844461e-01,6.242815868937752199e-01,4.387183924504990951e-01,5.409574677854734892e-01,5.088119816633287495e-01,2.277202903842245052e-01,3.703927304042861079e-01,2.641038378383361862e-01,1.009741512518041590e-01,4.201639380243618049e-01,1.485958691740681958e-01,2.825228851391972107e-01,1.789300991201179802e-01,2.359762763432985411e-01,4.290162109846141353e-02,4.358996100026200082e-01,7.587734070991095092e-02,4.827760693243184908e-01,3.078132497025820591e-01,1.810278741882661580e-01,2.375332266104686618e-01,2.482715932401595715e-01,5.370651596542365125e-01,6.649408673345311716e-01,3.246218191058360958e-01,5.185548243014985736e-01,5.824795210851432259e-01,5.488705367329936857e-01,8.520216945158647359e-01,5.976634978025424649e-01,5.066023390048217667e-01,6.268719132180409215e-01,6.468686047412470774e-01,6.054416007598895089e-01,5.131471938931838617e-01,5.240172834809168068e-01,2.243247168551458226e-01,4.308482986674503357e-01,2.534814783780475755e-01,2.698159771678300123e-01,4.827588402087369390e-01,5.579530316759725439e-01,5.593542523685868240e-01,6.890618822585380387e-01,5.074274496012098901e-01,5.279098046108924303e-01,5.624438442117629666e-01,3.836567627443809303e-01,4.008707239716925441e-01,1.108196915152041551e-01,4.757413301058582150e-02,3.557190952560798647e-02
3.209895574124739803e-01,5.191829853728733291e-01,8.940072545676025495e-01,4.058042416439646694e-01,7.809120778854491407e-01,6.189627712212510957e-01,6.615859611837113796e-01,6.212474696745479141e-01,0.000000000000000000e+00,6.601758049990604782e-01,8.089114390783940234e-01,3.578046617619056180e-01,6.902024415264316204e-01,2.030517993191841564e-01,6.413537203920702812e-01,5.715399214570637820e-02,3.920165924374213184e-01,2.088205438342800591e-01,7.797906758661619087e-01,7.629026083160708183e-01,6.533245312036949359e-01,7.488391593690920667e-01,6.831371423321046521e-01,3.976694789104942007e-01,4.456374886326708307e-01,6.273963374498430223e-01,6.206231025639195042e-01,7.935150038860050437e-01,6.038369667324843260e-01,4.831440148080999863e-01,6.805532737310109326e-01,2.786536347411756598e-01,2.736432562246313496e-02,6.371081629408619218e-01,7.093603403955858755e-04,1.909678517169266787e-01,3.802093151598520682e-01,3.509901469591047984e-01,2.476339034134569794e-02,5.299831234887165676e-01,3.293833494888798730e-01,4.633569530324952446e-01,4.297688013241057758e-01,4.210380318548807843e-02,4.316207853231893710e-01,5.837452286031072912e-01,6.741791813797820554e-01,9.182003523624766572e-01,5.847448738009951574e-01,8.653445669067778567e-01,5.571791428602737017e-01,7.689243477501681578e-01,6.858607990725651415e-01,8.953348023488121310e-01,7.045398001070897198e-01,9.785392837534391264e-01,5.928943193956722757e-01,7.944919365332141492e-01,6.518172351109166041e-01,7.267211484697966295e-01,6.096722637458309446e-01,7.162530468325689625e-01,5.440425855829928992e-01,4.929561605613422270e-01,7.642431073969880861e-01,7.265798931345340828e-01,7.900062341001286015e-01,7.347914782545033052e-01,4.723024112665971663e-01,6.337813883585111663e-01,7.336071667663766060e-01,6.406903598703735936e-01,6.849231571528002771e-01,1.573270513490078737e-01,1.230576319092846899e-01,4.361682300674942225e-01
1.127844995708477127e-01,6.834942353114039637e-01,5.612852889784742949e-01,2.137566069854649753e-01,6.077050665029859466e-01,6.825239299618151012e-01,7.084164360897168278e-01,6.163409380697503215e-01,6.601758049990604782e-01,0.000000000000000000e+00,5.698852713435931250e-01,4.745235954371613274e-01,7.255790324249316026e-01,3.399678527082771740e-01,6.688943596458062357e-01,1.101431692406416030e-01,6.073091535180877854e-01,5.102178658012070933e-01,3.779528306827352191e-01,6.600563076686292163e-01,6.375737576305997578e-01,6.060706523501812049e-01,6.150290932024153889e-01,5.743006136797367267e-01,7.230981645411413972e-01,7.148187309013107615e-01,5.111563343527519843e-01,6.993332920533208430e-01,7.187719136623055283e-01,3.591393994586133398e-01,6.597880057248886043e-01,4.467223209393181849e-01,1.805808454982447964e-01,6.345661051643468609e-01,1.672360903505634433e-01,2.041405198715746105e-01,3.215860791505342764e-01,2.862581502959459234e-01,1.591993685138798076e-01,6.199679598369037814e-01,2.636910051424903312e-01,4.619609476126710357e-01,3.672650441388847220e-01,8.779090970257252824e-03,3.792929054831741809e-01,4.120283109527073107e-01,6.486413649462312581e-01,6.484142858664189157e-01,3.501213865412959869e-01,5.313908835180197743e-01,5.098289645614999532e-01,5.175562609941071202e-01,5.823182066126667555e-01,6.358218420448702446e-01,7.663698422882576633e-01,6.999989967880859698e-01,6.688916637754793726e-01,5.874501846874854438e-01,4.822964821392994872e-01,5.532608276835069283e-01,5.415363674217876788e-01,6.370639664405981506e-01,5.259627332256960885e-01,2.564322386447719371e-01,5.203939065407969800e-01,5.544603933614369318e-01,6.061780134879514170e-01,5.799842670434727232e-01,5.463390826749480178e-01,7.210174006780075695e-01,7.068061868830948224e-01,4.275279781103845655e-01,4.835312540994530783e-01,5.367285703938154406e-02,6.564288197575661454e-02,1.941002403570162294e-01
1.735894301816680863e-01,2.802991381010975780e-01,8.519671838684015341e-01,5.323021248716041098e-01,5.977257853574734492e-01,4.472318693930696920e-01,5.250999285941435613e-01,5.625516942741883852e-01,8.089114390783940234e-01,5.698852713435931250e-01,0.000000000000000000e+00,1.690094296340903801e-01,6.093474036388129011e-01,1.412545309555590656e-02,6.417047585074874272e-01,2.070675923231604099e-01,2.842974878772276948e-01,1.610531975555982986e-01,7.084852242347572382e-01,6.315035787100993225e-01,5.852378782948424174e-01,5.374504292875184053e-01,6.582524385770136544e-01,3.424962041612004682e-01,2.896209028621966608e-01,4.522741527078260049e-01,4.443220596390898836e-01,7.011429910883675287e-01,5.251404098494741879e-01,3.721306017830421364e-01,5.201772724935280756e-01,1.540115029188100781e-01,2.605795223028051222e-02,5.541633263432856893e-01,2.812733561412643635e-01,1.785127669754864033e-01,1.028516294347735505e-01,2.429382981946102971e-01,1.547526451126671199e-02,5.466083034939780427e-01,2.744861446020750440e-01,5.617222519975638706e-01,2.787956089871835852e-01,4.214950784227256692e-02,2.791530500845034179e-01,4.739033770019458469e-01,6.312214828486129026e-01,8.283929289368880955e-01,5.158510675639857990e-01,6.180596445801296301e-01,3.979354849170106956e-01,6.740861067663588280e-01,6.182845811963959548e-01,7.524668632022571968e-01,5.649616069167855414e-01,8.251187626612873638e-01,4.629535285322977090e-01,6.224316904683303564e-01,4.459822947079025712e-01,6.314284307349746772e-01,5.548577021340139748e-01,6.392921744082660229e-01,4.759597738449649063e-01,5.475794758568856002e-01,5.913820713907013138e-01,5.513907010016638743e-01,7.172829065964179129e-01,7.073607674123095768e-01,3.954802837717018016e-01,5.840243707579837462e-01,6.273102893251309986e-01,4.617342959917557499e-01,6.230513732427647167e-01,2.352815850200523293e-02,3.271130042952869604e-02,3.111656518824792994e-01
1.502833601405321740e-01,4.263816802010342299e-01,2.139948174770164857e-01,1.387801804848093623e-01,3.590830638331224955e-01,5.126533819424171634e-01,3.012492109439496302e-01,5.485544940879931719e-01,3.578046617619056180e-01,4.745235954371613274e-01,1.690094296340903801e-01,0.000000000000000000e+00,3.451520101768810744e-01,5.040994370440179395e-01,1.197608349962235447e-01,1.216572357370267615e-01,3.317328894519182003e-01,4.008093877174956354e-02,2.188519209698792933e-01,2.414835095573067414e-01,1.794187943539189700e-01,3.078655195710532921e-01,3.593974541559059599e-01,6.717807286017314361e-01,4.309460133582481145e-01,6.716777748420637018e-01,1.123464493323344804e-01,2.761764410782216461e-01,6.022990477573723911e-02,1.692981300455626281e-01,2.297340372403277042e-01,2.638106201298450748e-01,2.536141505844872190e-01,3.646785321571512917e-01,2.699524727944338509e-01,3.498537116868420949e-01,4.362680085484800796e-01,1.801245072972132988e-01,7.317272033345195714e-02,2.458355106636371801e-01,5.171980516956298235e-02,1.055197486262044598e-01,4.126630409891129392e-01,2.051593567641207816e-02,1.667574056987462527e-01,2.063454297925065017e-01,1.087252490087468604e-01,2.740644384804719058e-01,1.965095408939295796e-01,3.079665861178925157e-01,3.189634150344201058e-01,1.631998175059813094e-01,4.009675233834230634e-01,3.135592948392984525e-01,3.524039047861237672e-01,3.732805680273244553e-01,7.130155451923868570e-01,2.562070714916943603e-01,4.787871340008674204e-01,1.246341841706183062e-01,1.408258797994163258e-01,2.214480140386985985e-01,5.645592822202261107e-02,7.778892402542769702e-02,1.317951112293387905e-01,1.537165450366733410e-01,6.414668620528267418e-02,1.691993904711404650e-01,3.958376844122241112e-01,8.825600914094725025e-02,3.507258299744421270e-01,7.701603513293801828e-02,6.917905165183624305e-02,2.815985460192356182e-01,9.875215290319860895e-02,2.557569761645753781e-01
3.012909090929277722e-02,5.588846385398454908e-01,5.899076473506421614e-01,4.705510211066027404e-01,6.780020137984595907e-01,6.370854466042894515e-01,8.232265640432812059e-01,6.702746278028727245e-01,6.902024415264316204e-01,7.255790324249316026e-01,6.093474036388129011e-01,3.451520101768810744e-01,0.000000000000000000e+00,1.826490349746910657e-01,6.301766015028544832e-01,1.867040076800940973e-02,4.608746590757876183e-01,3.597969381155766144e-01,4.172050816599091050e-01,6.059762128227554889e-01,6.783158625535237185e-01,5.045156551972025394e-01,6.326765552634725509e-01,4.804695308473247994e-01,5.166029749840488350e-01,5.474507986735070997e-01,4.272463321448112805e-01,7.787608548940619935e-01,7.088696580065085850e-01,3.489060500350393834e-01,6.392113040558871084e-01,3.511875549091844628e-01,5.386763111354424260e-02,6.677661648099333380e-01,1.498390011592407867e-01,3.202859928340140439e-01,2.126088096910583869e-01,2.339657418524458132e-01,1.158316981957586145e-01,4.021325819589948725e-01,2.522638188394064063e-01,5.215779195272315372e-01,2.989810285975951221e-01,1.192142550539616458e-01,3.084112084887636884e-01,3.037490935308479467e-01,6.259877610443049800e-01,5.985221974652272792e-01,5.589039347459967555e-01,6.433369411673214300e-01,4.164938977632653971e-01,6.713114852546331335e-01,6.264272658866116839e-01,6.319597860159125169e-01,5.830398813180042161e-01,6.396094478372114089e-01,5.467125191858392963e-01,7.134473246813143321e-01,4.657021669371917971e-01,4.925282547620137841e-01,4.644088557808900286e-01,5.899572234332044474e-01,4.297333372882489178e-01,1.699672067504448547e-01,4.675877299962576394e-01,5.654109193738191541e-01,6.324911704754863084e-01,5.983597965081215442e-01,3.875338539403594407e-01,6.305175746913567192e-01,5.818304178003552707e-01,2.842352932194003312e-01,5.233343966736222486e-01,1.010427822290411726e-01,9.234882275899888859e-02,2.157438538813222229e-01
1.738651814268204199e-01,4.107182285549719203e-01,2.959217883583906139e-02,6.224888341300197081e-02,3.006521779613430256e-01,2.960351696177040970e-01,3.021586932474847331e-01,2.788486598111786785e-01,2.030517993191841564e-01,3.399678527082771740e-01,1.412545309555590656e-02,5.040994370440179395e-01,1.826490349746910657e-01,0.000000000000000000e+00,3.921616193023164804e-02,1.274324224430877783e-01,1.938899417727565633e-01,1.650562877711674870e-01,7.030863450595788156e-03,5.740299866069991513e-02,1.061884907871524369e-01,1.629020178459696377e-01,2.556500889350292738e-01,3.626087461782017130e-01,3.808954880598459658e-01,3.209269345458858336e-01,7.475597355548709022e-02,1.617926855922082741e-01,4.788988830410039615e-02,1.857181062293916107e-01,1.681601335157843768e-01,2.898532748477950505e-01,2.539548088530629855e-03,1.361242552788903826e-01,1.494396723248888059e-01,2.976779983192305856e-01,2.506441522794868870e-01,2.279514785804256094e-01,6.666246153553750942e-02,1.757820783066075809e-01,1.622711968876572319e-02,5.140196668120045054e-03,3.943683407267663532e-01,1.227904141983097996e-02,2.387628158176430815e-01,2.596557552304282757e-01,1.431978038642245932e-01,1.883128172453710225e-01,1.815187757149459846e-02,2.009243699697763896e-01,2.779960839570174147e-01,6.953263198777401288e-02,2.999372760273188443e-01,1.716019192136886140e-01,3.554981826283087343e-01,2.166552018931796053e-01,4.455820707407592840e-01,1.883310419797678548e-01,4.391159674157991688e-01,6.720427562505797148e-02,5.146475985973373440e-02,2.293419932918833726e-01,1.427658571338181470e-01,1.038872903097342280e-02,4.175074659366270757e-02,1.640786832131636563e-01,4.744293719758208017e-03,2.246324206222873876e-01,2.931558144789089826e-01,2.601354087052916153e-01,2.986965406208034191e-01,5.796853803660688420e-02,1.808745753012454272e-02,2.772118511213865488e-02,7.726198423398822346e-02,1.400387541533784641e-01
7.777903033277250300e-02,6.183832740161470110e-01,7.191993649894552476e-01,3.250372786881193243e-01,5.467548546978027169e-01,5.555899443228181633e-01,5.503323842191165660e-01,5.595825586070384272e-01,6.413537203920702812e-01,6.688943596458062357e-01,6.417047585074874272e-01,1.197608349962235447e-01,6.301766015028544832e-01,3.921616193023164804e-02,0.000000000000000000e+00,1.067226074164695504e-01,3.454153631468244168e-01,4.107534386349724898e-01,4.674857765590096359e-01,8.172184991357132056e-01,7.816741405093753370e-01,7.244935176095299578e-01,7.279193863525977859e-01,4.571382433876592932e-01,5.629285585308668738e-01,4.723342743182150083e-01,6.052999817029866003e-01,6.695421733118257501e-01,7.450955030334636131e-01,3.997375090376623086e-01,5.865737644818769247e-01,3.974281748561719896e-01,2.297684305793949999e-01,5.943487756313418080e-01,2.502043980420663449e-01,9.032257351812565671e-02,5.276555926473727731e-02,1.928583305445071561e-01,3.118196461971187161e-01,6.749534522222031541e-01,4.881255493637717269e-01,4.641351793675961290e-01,2.843490056298967339e-01,3.711982789166969054e-02,3.639421878621674766e-01,4.184853385066724663e-01,8.664482619721629586e-01,6.902224386984330273e-01,4.050628737676726931e-01,4.948037600149409743e-01,5.001471119027499634e-01,6.277048001116194431e-01,5.990545256502040061e-01,6.677477022533002682e-01,6.401262259321192083e-01,6.426008423896829580e-01,4.099551676712339110e-01,6.583010373779949465e-01,3.934503022567676922e-01,6.820201801929859364e-01,7.077292779593200578e-01,6.125334812968092901e-01,5.781331956116877446e-01,3.571566133874279902e-01,6.338098116007488958e-01,6.812620860941605017e-01,8.332206662918101303e-01,7.441446819128425538e-01,6.037348013928549584e-01,8.091993566274776617e-01,6.960463368820166696e-01,5.570311975036692509e-01,7.332400063610353680e-01,1.905625795675359169e-01,5.781031500219060981e-02,5.180807718306779108e-01
5.409247633243461362e-01,2.821547322352371823e-01,1.064696283038521624e-01,3.092577357413071049e-01,1.179048037025466344e-01,5.810541128202567629e-02,1.457156842360807225e-03,1.517843707861651625e-01,5.715399214570637820e-02,1.101431692406416030e-01,2.070675923231604099e-01,1.216572357370267615e-01,1.867040076800940973e-02,1.274324224430877783e-01,1.067226074164695504e-01,0.000000000000000000e+00,4.004035699627079836e-01,5.006377956766544512e-01,1.040702295336123490e-01,3.471447267512600687e-02,4.556404584172668581e-02,3.124500326793526184e-01,1.799536583774608567e-01,4.094546215415732771e-02,4.084126007540875847e-01,3.090487408015921700e-01,1.778417132220960761e-01,7.057156787941443188e-03,8.858326625113177588e-02,1.496319687566971535e-02,3.151302891829011465e-01,3.059844623853117951e-01,2.683186707889677614e-01,1.902969144928394751e-01,5.222434481427966624e-01,3.117790159350838364e-01,2.327575543418828330e-01,1.881376045935047869e-01,2.223318336638437087e-01,2.578718187328557510e-01,2.237746252752266796e-01,3.699949977024403203e-01,1.421296783317410606e-01,9.528262908309849399e-02,1.521746077985073886e-01,2.883717137382931228e-01,1.229627784820278014e-01,2.006970481497441505e-02,1.966131875618716829e-01,5.873224728803407013e-02,2.473565002793155776e-02,1.137258815207999596e-01,1.730747439254948228e-01,2.650915272991558047e-02,5.796942308469257843e-02,3.599756195708525564e-02,1.115045461510833780e-01,8.598704414841121246e-02,2.402342658430695402e-02,8.567413217436897765e-02,1.127699350119376054e-01,4.167215511545602213e-02,2.355373632787534088e-01,9.466966717014124733e-02,7.181720998056284611e-02,4.223470945905893892e-02,1.924100482392864797e-01,2.443051864093120917e-01,5.299408833680518960e-03,3.927999665800802065e-02,4.044722213007809208e-02,6.054763140848035130e-02,1.616507954606907216e-01,2.078289492178893028e-01,2.172181047258308073e-01,1.457242500222801218e-01
1.010288655295491500e-01,3.690156268316731603e-01,3.166692117420461527e-01,4.252117813269506996e-03,2.267970770978113559e-01,4.067992348884777454e-01,3.944976532309152906e-01,2.459241848981142120e-01,3.920165924374213184e-01,6.073091535180877854e-01,2.842974878772276948e-01,3.317328894519182003e-01,4.608746590757876183e-01,1.938899417727565633e-01,3.454153631468244168e-01,4.004035699627079836e-01,0.000000000000000000e+00,6.276099878105223517e-01,2.818030398826673055e-01,4.200384848038279939e-01,2.899058055153534985e-01,4.958891968895823843e-01,1.946504713299913869e-01,4.834819935542213898e-01,6.343565142193828832e-01,7.421571169997579487e-01,8.677618521223104397e-02,4.794790987047771180e-01,4.498432059083870005e-01,3.050407925294754685e-01,5.105023510532811226e-01,4.658941453774445574e-01,4.291246902367371607e-01,4.593121359487876698e-01,1.344931827267133173e-01,2.180205616489504228e-02,1.925157525241910084e-01,1.984366208945830823e-01,1.665958606153313259e-01,4.478973140862091418e-01,2.494359332316448408e-01,1.218856435776257546e-01,2.606163856728290762e-01,7.357363505441910645e-02,3.107359413324336517e-01,3.050112684320988032e-01,2.576478541695932378e-01,3.579062567447882093e-01,8.057556965699018414e-02,1.805132859397320932e-01,2.295341887543609072e-01,1.780747775955024981e-01,1.596051849670012401e-01,3.777237804511344721e-01,3.480337749813928738e-01,4.425842170475181026e-01,3.670267821864084401e-01,2.621257807885744584e-01,2.487165217979196985e-01,1.939236668387541440e-01,2.971513405172603317e-01,4.750577483796253331e-01,2.607568184230573127e-01,2.794650952317491166e-01,2.266066885862621505e-01,1.766128514526880688e-01,3.012646087172132225e-01,1.484403129392888876e-01,2.955769832852506163e-01,3.855464413054853212e-01,4.295967791116847567e-01,1.403923938132073390e-03,2.468706501409007326e-01,1.836471089554148062e-01,8.980661380983710751e-02,1.255757631983952793e-01
6.398631599459622676e-02,5.533775107950111849e-01,2.043776224774051242e-01,1.244984323580369812e-01,1.470238272877249508e-01,3.289332455390455157e-01,3.842457712067809394e-01,2.007717322677964045e-01,2.088205438342800591e-01,5.102178658012070933e-01,1.610531975555982986e-01,4.008093877174956354e-02,3.597969381155766144e-01,1.650562877711674870e-01,4.107534386349724898e-01,5.006377956766544512e-01,6.276099878105223517e-01,0.000000000000000000e+00,1.107489144810995807e-01,4.302723968626907536e-01,2.909290497976911860e-01,5.035164900960491519e-01,2.150977648494440120e-01,1.954295853072391398e-01,7.641673408677833734e-01,4.307768278335710743e-01,4.016521515442539880e-01,2.839040738868390812e-01,5.773128331600483332e-01,1.823536979752113651e-01,4.473936849879741051e-01,5.157417155978496481e-01,3.905383228355234770e-01,3.168253304547218319e-01,1.437589247538388348e-01,1.826260867114269382e-01,1.331417624908762254e-02,2.272867981103293966e-01,3.914101919509612726e-01,4.667562748201168343e-01,3.097500351356122783e-01,2.496584582322516899e-02,1.262842716889293060e-01,6.014851572368687393e-02,3.343283840970541210e-01,2.633805253886249975e-01,4.163317983992309568e-01,2.309926840771063805e-01,2.698684965733522123e-02,3.158912620693758722e-02,2.545802304027459106e-01,1.146794228554763873e-01,1.217467998496911674e-01,2.345633141466853255e-01,3.153218077510327455e-01,2.479127821324913494e-01,4.685882961169768324e-02,1.681535496577346855e-01,2.076635887748436160e-01,1.480325020896157140e-01,5.208787229613258685e-01,2.360256476697940586e-01,5.302867376651770881e-01,1.533861149397489909e-01,1.817341686683833224e-01,1.142202204258510878e-01,2.778070094822309155e-01,1.469459925112636123e-01,2.597764213437259162e-01,4.892780532666822224e-01,2.890313745134589496e-01,2.118973998519320945e-01,2.323181875067358293e-01,8.744701245390890110e-02,1.099483649903795490e-01,2.604630414688132722e-01
2.856738688625374278e-01,2.952549184199867449e-01,7.971494670107192038e-01,2.535346543854184453e-01,5.333402621092541152e-01,4.457701635994864575e-01,3.751208392294230753e-01,4.284815205877450794e-01,7.797906758661619087e-01,3.779528306827352191e-01,7.084852242347572382e-01,2.188519209698792933e-01,4.172050816599091050e-01,7.030863450595788156e-03,4.674857765590096359e-01,1.040702295336123490e-01,2.818030398826673055e-01,1.107489144810995807e-01,0.000000000000000000e+00,5.748003763041105163e-01,4.735498776885037620e-01,6.399897616258218846e-01,5.152781450974480704e-01,2.603316135084936533e-01,3.058754834077302420e-01,5.032312882266901655e-01,5.149406137885930157e-01,6.045916362010572698e-01,3.842462926102390153e-01,2.565320228133310954e-01,5.583844724710462781e-01,3.377681337167138809e-01,1.711704241669886883e-01,4.846119505105308534e-01,1.135724707988760851e-01,1.248367005240102190e-01,2.889861947769939432e-01,2.285117531872001839e-01,1.509475112917866568e-01,5.055249589128396615e-01,4.139235133195140470e-01,2.704465118810420732e-01,4.279586223969232828e-01,7.454046376494700976e-02,3.133959594693724870e-01,4.549596816071155292e-01,4.799541149934370976e-01,7.935212084003253619e-01,4.118537451864026089e-01,6.228969643662268796e-01,4.639283042393366197e-01,5.374367727517729287e-01,4.954316361984626438e-01,7.265304188982939504e-01,4.273552997320039792e-01,8.179943331922584493e-01,3.242839069879042135e-01,5.462804618488424913e-01,4.309490179183764758e-01,5.261030069624335059e-01,3.856909345950454426e-01,4.721704663305240079e-01,3.958616329267276024e-01,6.940200233595300583e-01,5.506791161807360613e-01,5.690870317055032324e-01,5.532885416842890924e-01,5.485012994241054152e-01,3.652473794499726534e-01,4.010205513501511887e-01,5.339980322766173515e-01,5.379941937699408427e-01,5.608929850511725768e-01,1.470008320597768203e-01,1.955849716397935478e-01,4.453994077520234129e-01
1.419118714876442255e-01,6.370859654900231650e-01,6.997108020719310373e-01,3.775430467356659658e-01,6.524233669701003935e-01,6.084669393154774619e-01,6.120008438325071909e-01,4.959491172531716452e-01,7.629026083160708183e-01,6.600563076686292163e-01,6.315035787100993225e-01,2.414835095573067414e-01,6.059762128227554889e-01,5.740299866069991513e-02,8.172184991357132056e-01,3.471447267512600687e-02,4.200384848038279939e-01,4.302723968626907536e-01,5.748003763041105163e-01,0.000000000000000000e+00,7.241252873542258772e-01,8.798926322718715332e-01,6.250278147610344170e-01,4.095917857180389476e-01,6.045301778458993525e-01,5.290128597372062424e-01,6.554213350254517456e-01,7.129276472921326491e-01,7.125897051459141318e-01,4.873157874192312611e-01,6.894470952000776309e-01,3.576487179084443246e-01,2.060804413581843186e-01,6.890010020973473814e-01,5.607264545085935414e-02,8.034902148753579609e-02,2.349607568737614172e-01,2.527144513270961346e-01,2.233407711487137570e-01,6.295896625362202847e-01,5.278381967237866235e-01,4.711925985499611502e-01,3.222405060864617088e-01,1.945676717115402132e-03,4.053526102433068212e-01,5.467361946834616848e-01,9.091268176332920614e-01,6.894026168439968405e-01,4.616922339704187528e-01,6.087409797017329094e-01,5.946026797238606054e-01,6.623564241314590095e-01,5.659143278746452399e-01,7.819266466714136499e-01,6.574183217022112613e-01,7.045722373173706199e-01,4.762386922425674296e-01,7.136650022863495479e-01,5.292021614073573188e-01,6.463702047507629000e-01,7.858850674156991900e-01,6.378712764422427295e-01,6.660103331595743636e-01,3.713650310949077604e-01,7.907698283887855117e-01,6.915411665882605918e-01,8.801960310506551366e-01,6.615853469282841903e-01,5.580970245931602403e-01,8.057985351142115116e-01,7.222306443549695310e-01,6.576154288271135462e-01,7.218916689826340161e-01,1.863726308371529972e-01,4.651693761589412168e-02,4.934030963772272349e-01
2.831823202576399523e-01,6.500927774412809113e-01,6.556563241059942815e-01,2.796866910692115127e-01,5.073499629493303242e-01,6.432470306405340121e-01,5.536575896978455091e-01,6.929987026968484898e-01,6.533245312036949359e-01,6.375737576305997578e-01,5.852378782948424174e-01,1.794187943539189700e-01,6.783158625535237185e-01,1.061884907871524369e-01,7.816741405093753370e-01,4.556404584172668581e-02,2.899058055153534985e-01,2.909290497976911860e-01,4.735498776885037620e-01,7.241252873542258772e-01,0.000000000000000000e+00,6.199490285249568133e-01,6.455514384925943316e-01,4.342486165912591289e-01,5.473014881600959392e-01,5.279869235679406358e-01,5.473987558528365938e-01,7.217952418103703582e-01,7.052143253789757704e-01,4.015974964603219455e-01,6.333609024735742388e-01,3.318036275147601688e-01,8.974990375496430528e-02,6.530821654349024952e-01,2.257098906952589579e-01,1.312846843491418669e-01,2.170730019258635957e-01,1.636072442342413336e-01,1.418308630591771369e-01,6.238817864033540106e-01,3.614201382785241501e-01,5.170615796195441316e-01,2.425619936492156015e-01,6.818503846537643520e-02,3.492073496761236573e-01,5.038273973416672602e-01,6.905690096296133174e-01,6.689005838192657594e-01,5.088283211560958863e-01,5.790448654850025578e-01,5.466590949803409316e-01,6.545423299519079752e-01,7.240967624623120269e-01,6.750832443617429401e-01,6.107594875895776543e-01,6.427140310530856659e-01,4.161535062817366959e-01,6.457564901443503258e-01,4.510087385144631034e-01,8.107967667793487543e-01,5.774323897500565073e-01,5.990262061535970295e-01,5.063430600050609076e-01,3.022585354918534417e-01,7.604714799518061952e-01,8.643772175220058029e-01,8.141726027893245732e-01,6.712061053361481067e-01,5.568943751601209691e-01,7.305408243697413262e-01,6.772800733968942222e-01,5.350604102203392332e-01,6.431834726823364434e-01,2.854234160239960683e-01,4.843451906593147782e-02,4.323599599666133608e-01
