0.000000000000000000e+00,6.567949742875610619e-01,5.421218230495498114e-01,2.165711551495184684e-01,2.455920269024667313e-01,8.795647878825066379e-02,2.274491940103408050e-01,2.658477317431324760e-01,4.696820356794302875e-01,4.391115744567449797e-01,3.562511575294170507e-01,9.193336918180521067e-02,2.838647198421794249e-01,1.375563638481468731e-01,6.659693042138300489e-01,8.310230325527145911e-01,3.236604572906794375e-01,1.581305578179535709e-01,3.249222657361804378e-01,7.342396416030998463e-01,7.103094809217707084e-01,8.591038876313024097e-01,6.539217362654220489e-02,3.137888040913758281e-01,6.889587407894222082e-01,4.127994438887137574e-01,1.607066336375370941e-01,4.663702826476919805e-01,9.370783050468275976e-02,2.792902377854681317e-01,6.278307811449446163e-01,9.015751102929928096e-02,5.074979641365476857e-01,5.475498716347197981e-01,1.619522661124997431e-01,3.912698226349453634e-02,6.736825618546864874e-03,2.863940848992432286e-01,2.308779321243522864e-01,7.690855804732116274e-02,1.672275368602205159e-01,5.000521652017515806e-02,9.798864600703210970e-02,1.838480290659063598e-01,1.841594459330933853e-01,8.184045481918267306e-01,7.455547393910023912e-02,4.610476730674190060e-01,3.572807983532950982e-02,3.378561715896374329e-01,3.791116812090170596e-01,4.533852194459364604e-01,3.664261578800356300e-01,5.588622991002338836e-01,4.109775228576248440e-01,4.421086363094210991e-01,1.906989642794328088e-02,2.996064580833703861e-01,2.515498805752212075e-01,7.521432709565849528e-01,1.989606569956543503e-01,3.721039230310081436e-01,7.790742739852668519e-02,3.747769760134933570e-01,5.926058004250964739e-01,7.009232215878418160e-01,1.719149443426662149e-01,3.610447885109314692e-01,2.052139414816606944e-01,8.429330079634106410e-02,4.254257746633277604e-01,4.967244204628761262e-01,5.025062472284662629e-01,6.688034191904186354e-01,3.261642940809348912e-01,3.767356151066011960e-01
6.567949742875610619e-01,0.000000000000000000e+00,2.362099934675538360e-01,5.303769344733743063e-01,1.396463972913505047e-01,2.626602887082574167e-02,1.629678172711802320e-01,3.272017017737685607e-01,1.130756145620609998e-01,4.095410634345120204e-01,2.432107763151714064e-02,8.227867244313810668e-02,4.291223447637790289e-01,4.580160935810618367e-02,1.325323196389999181e-01,7.494802201924606333e-01,5.694181230502912694e-01,5.351534726110260820e-01,1.285257595163818711e-01,3.509657860905995852e-01,5.919139513143312215e-01,6.622527236883217761e-01,8.278846881973206395e-02,2.348516519093859500e-01,6.577376843229433279e-01,5.667633805191788499e-01,2.177615174128283981e-01,6.011894665807061555e-01,3.366821881369897462e-01,6.631490668895069496e-02,3.563949081088672033e-01,3.484180001892567824e-01,3.915644223263278212e-01,2.774786977080654360e-01,3.006636350836536936e-02,2.484638989023209843e-01,1.028809080311215117e-02,1.946171053385171712e-01,6.372361316045429547e-01,5.155112554472969233e-01,1.357609682778348204e-01,2.456526132606501323e-01,2.671469377237497556e-01,4.595800593523182570e-02,3.180730217359520329e-02,3.159820259503712814e-01,2.371456444699320265e-01,1.202201821093887291e-02,1.115485269065338847e-02,1.039607928272161530e-01,3.868551805106412722e-01,2.426398387081874775e-01,3.316345585925179473e-01,1.554675414802724753e-01,1.774667927483208896e-01,2.856360748283597040e-02,2.298638409055077103e-01,2.920405235160519197e-01,1.050157081459303643e-01,2.789287968305310672e-01,6.505615773032406013e-01,3.587654959623899353e-01,5.124258836548650775e-01,1.439682814332532423e-02,1.008796408107627829e-01,4.178833983742394897e-01,3.698178215592081153e-01,2.206638165626240711e-01,1.783438254955913571e-01,3.095854425063190862e-01,1.195419651622928181e-01,4.519882825525539105e-01,3.352296748244784630e-01,3.838260545919248701e-01,1.384507283172396463e-01,2.018155975407324443e-01
5.421218230495498114e-01,2.362099934675538360e-01,0.000000000000000000e+00,1.616202398703306398e-01,2.245191761294144661e-01,5.906712127702812287e-02,2.645796278351808528e-01,2.658078413503269788e-01,8.140011403450959637e-01,3.037508250503793139e-01,6.864948816318307001e-01,2.039573183328126926e-01,1.811317735456654809e-01,2.732067733194938342e-01,5.906618628760623713e-01,3.745554619815296693e-01,8.104067121904337534e-02,7.311615336486099181e-02,6.110761180258762471e-01,6.619904640572363830e-01,4.836196141266744242e-01,6.424223990727553346e-01,2.291611019366642243e-01,1.771027578825418447e-01,6.271089811937645697e-01,2.428665551361615105e-01,4.889102509194316881e-01,7.414441842234004154e-02,2.570835600425001033e-01,9.661041111905535606e-02,2.194413372090311398e-01,6.647740421220252327e-02,3.453045119220961023e-01,2.835073734202233631e-01,6.044484590181986583e-02,1.795132200209288986e-01,1.830325938395731544e-01,2.794190966094871609e-01,2.154266889942950403e-01,1.261914302967983570e-01,1.945755570808566925e-01,1.239297490986512179e-01,5.754615178965231947e-02,5.964820920139438098e-02,3.473922597177025451e-01,5.717941240466951625e-01,3.816591742383245722e-01,7.760024461569025034e-01,1.641780049161749855e-01,2.277122500632433599e-01,3.681559820625294188e-01,4.196344520822205548e-01,3.512701914197719488e-01,8.219537461018323610e-01,3.048493836031354043e-01,7.180532501675738200e-01,1.256565496392685610e-01,2.366462417218145875e-01,1.858172268396851567e-01,5.149818402187709143e-01,5.939569590279185352e-02,3.432757007523608295e-02,5.556926900774929179e-02,7.387260965829841597e-01,4.484272397666002052e-01,5.046790795645923478e-01,3.654655644316751051e-01,4.443357257177774633e-01,1.060687861899007184e-01,3.620014741022030691e-01,4.216045976113121929e-01,5.234749423197173623e-01,3.410636495634122300e-01,5.031034675259149491e-01,1.682686711966170090e-01,1.921590884236523689e-01
2.165711551495184684e-01,5.303769344733743063e-01,1.616202398703306398e-01,0.000000000000000000e+00,1.819338250007640767e-01,3.073881268014411194e-01,9.906519671514446568e-02,1.546453368255517047e-01,2.299377256479618048e-01,1.646839591468009234e-01,1.138907012245360950e-01,2.165823894263855243e-01,2.831380186014514910e-01,1.677330979723372917e-01,1.847286069007720022e-01,3.514031573264104757e-01,3.769438853202542461e-01,3.064054651149957231e-01,2.784056977449744230e-01,8.429021653928928104e-02,1.402900357994614489e-01,2.034648326626588011e-01,1.783619153004171454e-01,8.746630427991761159e-02,1.326786134767233838e-01,2.053987062964247878e-01,5.896602552113657802e-01,4.518435368660436158e-01,5.407747384845271732e-01,1.562135416307029456e-01,2.474996338294801757e-01,2.761212890340782877e-01,7.419822733998593378e-02,2.738326433220954481e-01,1.700703559336391724e-01,4.666972209927802151e-01,1.635523142124604978e-01,1.130611282738331475e-01,4.351075314584793019e-01,5.886834655789033866e-01,1.644938052142898566e-01,1.645285544697084323e-01,2.342754490047368188e-01,7.940278239397448312e-02,1.643549986452287615e-01,7.929032004193645178e-02,4.565333180558499571e-01,2.920828530280918378e-01,2.011289131071738456e-01,1.536764051014204990e-01,4.432230987140062251e-02,9.834575202001952232e-02,1.360222860881938889e-01,1.766949613013084064e-01,1.028900187362190022e-01,1.358314204091722044e-01,3.298802763658196802e-01,1.287957416915672948e-01,3.825867243672978479e-02,1.047548234801224804e-01,6.618245725077420705e-01,2.462927698653860353e-01,4.863396147555910098e-01,2.652887895869269208e-01,2.297988277191038153e-01,1.305835009332094732e-01,5.685239568857793913e-01,2.192562408762966514e-02,7.027191923470013646e-02,5.104729315819335200e-01,1.102762000569924711e-01,6.045477980767897941e-02,4.028554940587577432e-02,2.136625827274279965e-02,1.147733713096335817e-01,3.832645733615017147e-01
2.455920269024667313e-01,1.396463972913505047e-01,2.245191761294144661e-01,1.819338250007640767e-01,0.000000000000000000e+00,1.527967023124132961e-01,2.589553316525104454e-01,2.186822899453155500e-01,4.399103826171691933e-01,4.694339546878112390e-02,4.372461659318568894e-01,1.050767521859291564e-01,2.931311884181854177e-01,3.831290448768890355e-01,1.004378787223468295e-01,1.408348251835821185e-01,5.796228902884278944e-02,1.682368655340468755e-02,1.446657389296794605e-01,1.800375714069570865e-01,1.504429959610720791e-01,1.307291138122456398e-01,2.338852446490826964e-01,1.484347443077964901e-01,1.590039833959502880e-01,2.421935050883211038e-01,9.486832502384512367e-02,2.498006870084583109e-01,3.206242808486459150e-02,1.581356912674307114e-01,1.052160634715598175e-01,7.444632631121933519e-02,7.196581021964378044e-02,1.919006622265025108e-01,3.004648270393098786e-01,1.936345811726793709e-01,3.252596690306373828e-02,3.675457820902159334e-01,1.097242562772239305e-01,1.241492556481816056e-01,4.142819917005362979e-02,1.380905486308514618e-01,7.852762553878261942e-02,1.077347923854850703e-01,1.673196656048296926e-01,1.863891513588835092e-01,9.651862017234985602e-02,3.784810647444584175e-01,5.036462561759680323e-02,5.171345353757967889e-01,2.784283430723088482e-01,4.339247976722452882e-01,4.110121860366989233e-01,3.928799600418497184e-01,2.803866612995802310e-01,4.634702335636449178e-01,2.194439602223194619e-01,3.587241644690346565e-01,5.614358365643160043e-02,1.172922929477252796e-01,1.365784287381857087e-01,1.853160146774956440e-01,1.198857281783104051e-01,1.915089412384562428e-01,6.935667551418139842e-02,1.934138868249125343e-01,3.550828189044544225e-02,4.294186754491838842e-01,9.279231574678417638e-02,1.280629996295654105e-02,2.558428059109064678e-01,2.387665020588496112e-01,1.289326904925237050e-01,1.301367428596872100e-01,2.004452434838138453e-01,1.148316803035535072e-01
8.795647878825066379e-02,2.626602887082574167e-02,5.906712127702812287e-02,3.073881268014411194e-01,1.527967023124132961e-01,0.000000000000000000e+00,9.673368201042972792e-02,5.193173447152985567e-01,6.379342364582701874e-02,1.967106766902965154e-01,1.216128957477878580e-01,4.133173507341209030e-01,3.807659814360267458e-01,2.260622873969372337e-01,1.040502187604350481e-01,1.572205851051250991e-01,9.556472296357862439e-02,2.343911060436366656e-01,4.238979225848987786e-02,7.489555951588855454e-02,1.893101945914288098e-01,1.790765172235638247e-01,7.052038830238125389e-01,3.272244467571147064e-01,1.501312989535441011e-01,4.689139011939258417e-01,3.171052766702812109e-01,1.071135482348321566e-01,2.947314570342519091e-01,2.168942943726556716e-01,1.225835369862830621e-01,2.153214793539630634e-01,1.257143798970118964e-01,7.715345670151488311e-02,3.134447897012967998e-02,2.994828386766799078e-01,2.398785026974468160e-01,8.815862424716792989e-02,2.872245404025833282e-01,2.651776587121725814e-01,1.249705342851848908e-02,2.755190443396388078e-02,1.425483734960768245e-02,3.483316701935870036e-02,2.165491155598082973e-02,5.140542405190651892e-02,4.932525155754793333e-01,1.274993771332362802e-01,1.088107857795048844e-01,1.222444790145341825e-01,3.018711114086377045e-01,3.489436200963591528e-03,4.429656910947176729e-01,5.661623842198781897e-02,2.544975384737920010e-02,1.487014374768489133e-01,1.936126419863326564e-01,2.364050135940938269e-01,3.398870776150841322e-01,1.149207644540732320e-01,2.026400824302110326e-01,1.689659857141603827e-02,1.292805894433317615e-01,1.824738128204772547e-01,2.742708338067245677e-02,3.150519154099695740e-03,2.386743220626721396e-01,3.821624176442974807e-01,1.646364281330848778e-01,2.834838702258269949e-01,3.409225089536186970e-01,2.451009557284105078e-01,9.777111474859025153e-02,2.791488867531532470e-01,1.335557080869424415e-02,3.559082644711730747e-02
2.274491940103408050e-01,1.629678172711802320e-01,2.645796278351808528e-01,9.906519671514446568e-02,2.589553316525104454e-01,9.673368201042972792e-02,0.000000000000000000e+00,4.329212369659590776e-02,1.684594184674698125e-01,4.593197076264262102e-01,1.557564059897742492e-01,4.530984361459169940e-02,5.693731565504470682e-01,1.179285772926824127e-01,6.373531151877082079e-02,3.504392627001595706e-01,2.200824730827634912e-01,3.918067730268651738e-01,3.908737296495058688e-02,1.805896642741054159e-01,1.449954710773232736e-01,2.256133585639685801e-01,2.079639293923879473e-04,1.019860640738132207e-01,2.448875430026573596e-01,3.094190712349724759e-01,8.089086896734043464e-03,2.555804524987010384e-01,1.824583991637802605e-01,5.197318273926104792e-02,2.018271691944800161e-01,1.316519892059031249e-01,3.395609913540046376e-01,2.332423229690790689e-01,1.441897155885681348e-01,8.114589678445835452e-02,1.324170018943887084e-01,1.936553480566391705e-01,1.178752051773977044e-01,1.641405952419225378e-03,3.849507978609599534e-02,1.532376729974487539e-01,1.722599850683422251e-01,1.794791713359480401e-01,1.528921024117966265e-01,2.071045085702920008e-01,3.479397422689883834e-02,9.311682714820307405e-02,8.420921317523065441e-02,1.220973028441790231e-01,2.065387547906633037e-01,3.508862284332029957e-01,1.531282134912616000e-01,2.380018156610085867e-01,3.437406423690749779e-01,1.870312539347079306e-01,2.150148225670823476e-01,3.953283334888318956e-01,5.666292587031043770e-02,6.675662244982225046e-02,6.356523732786073522e-02,1.860290342846430134e-01,8.275318419835817063e-02,1.096175449127764490e-01,5.153377449034021729e-02,1.763138241646639293e-01,1.007143571354707917e-01,1.398280877311736670e-01,4.407387592748363003e-02,2.235038411925441282e-02,2.435906377579995785e-01,9.875571121183968071e-02,1.418540255124083327e-01,1.616028732222160036e-01,9.670621710533704174e-02,6.259639830684057826e-02
2.658477317431324760e-01,3.272017017737685607e-01,2.658078413503269788e-01,1.546453368255517047e-01,2.186822899453155500e-01,5.193173447152985567e-01,4.329212369659590776e-02,0.000000000000000000e+00,1.971633928304288019e-01,3.445971335851308881e-01,3.585093033553108932e-01,6.219534031683001674e-01,5.045446141163938414e-01,1.571280898664851877e-01,1.366791883047266398e-01,1.220087515058509570e-01,3.033520297191430459e-01,2.481219056642622878e-01,5.859309542303969831e-02,1.010919802946050050e-01,5.165252875493293594e-01,1.138616505033359094e-01,6.931010137489022060e-01,5.787867273295824733e-01,2.215314738802576788e-01,6.483111266164938158e-01,1.247738759907541239e-01,2.264631672285587205e-01,2.813446308777247662e-01,1.764114402383137881e-02,2.810873529170657137e-03,4.100171602363775897e-02,2.348393453364815975e-01,6.736369482293359801e-02,1.011082616326371697e-01,2.019384258842492619e-01,2.628808830797778051e-01,2.358423955568346442e-01,1.365021882467566394e-01,1.593165942553402825e-01,1.259731927939187757e-01,1.290832869527625271e-01,1.657567141209970452e-01,1.914650241090133653e-02,9.715946249805228196e-02,1.657518490873203798e-01,3.401092667752314558e-02,1.987163573407608186e-01,1.874060333687838434e-02,2.188676413396040132e-01,3.649458057550006851e-01,1.040965412110128191e-01,7.470214199619642503e-01,2.235723202870010806e-01,2.166746202073770444e-01,2.547767016853616506e-01,4.737250971814732647e-01,3.144011350482134315e-01,2.236475219135067027e-01,6.825928317048229887e-02,4.109329233963910921e-01,1.754508643580472427e-01,3.287314394799829009e-01,1.169864047648079830e-01,8.766340285932910925e-02,2.743755874919543425e-01,1.809904395395616761e-01,5.275741705381545854e-01,4.828776595260765858e-01,2.107100552282194228e-01,3.409472598912967056e-01,1.567486498895916958e-01,1.065673523352123064e-01,2.238064807149250379e-01,4.768213462256700591e-02,1.639458067272830388e-01
4.696820356794302875e-01,1.130756145620609998e-01,8.140011403450959637e-01,2.299377256479618048e-01,4.399103826171691933e-01,6.379342364582701874e-02,1.684594184674698125e-01,1.971633928304288019e-01,0.000000000000000000e+00,1.712602345093033884e-01,7.797359048733430997e-01,2.053472317383011336e-01,1.253639615982323208e-01,1.389236229046416637e-01,5.582033412495366331e-01,3.130552008243656648e-01,1.208618118508292816e-01,2.184506124933065785e-01,5.192732827239801008e-01,6.431918293347349547e-01,4.377060747401606555e-01,5.481889914864137570e-01,2.451392046523597212e-01,3.850122598333333146e-02,5.040991061370097004e-01,1.327512330201444657e-01,5.303223103631904412e-01,5.486583815357171101e-02,3.360402766339684599e-01,1.393597795832089703e-01,1.674447841003667559e-01,1.519457572568811421e-01,1.566796600028135256e-01,3.030903301242989789e-01,1.526852421971865714e-01,1.979584032005574645e-01,1.846614324097750615e-01,3.911782002127064395e-01,1.476533890518431369e-01,4.506129981967033765e-02,1.681480674492400462e-01,1.614621388323605189e-01,2.305825886245627121e-02,5.600379030364618926e-02,3.557584859360295448e-01,5.572398252959512854e-01,3.359512245533676777e-01,8.159734327239199780e-01,2.313065474154412937e-01,3.260468245520437569e-01,3.011759736795430742e-01,4.627717779379511009e-01,2.896371774479705730e-01,8.626004805385777408e-01,3.330493799928522791e-01,8.372475835590875715e-01,1.432540699339793500e-01,1.937520890633431803e-01,2.761626013287294956e-01,5.302786220879962542e-01,1.273774989261610424e-01,2.199263533704703955e-02,3.456423866033284109e-02,6.327591789355866414e-01,4.622430018462348467e-01,5.168370394988750505e-01,4.021672683805184167e-01,4.811807416423487527e-01,4.263477192731791876e-02,3.192406769186569848e-01,3.530628047810306924e-01,4.817714326560734728e-01,2.037334418159801319e-01,4.864679264550585969e-01,1.823834464973746461e-01,2.843997819018120321e-01
4.391115744567449797e-01,4.095410634345120204e-01,3.037508250503793139e-01,1.646839591468009234e-01,4.694339546878112390e-02,1.967106766902965154e-01,4.593197076264262102e-01,3.445971335851308881e-01,1.712602345093033884e-01,0.000000000000000000e+00,1.521140704918677589e-01,3.517814785688031520e-01,5.726098733177831246e-01,5.921751716203437627e-02,2.192168672530189488e-01,3.860122411987109703e-01,4.278092188770052928e-01,4.366318981641266195e-01,3.701926982125486321e-02,2.598887492125175891e-01,4.650259628071084506e-01,3.447753795202925242e-01,1.491106724261063166e-01,4.125829347671086111e-01,4.589822156073221082e-01,5.539876188354544428e-01,8.465237687793136789e-02,4.310140802299042839e-01,8.696062008988936221e-02,2.385070804476176198e-02,2.886592061747484395e-01,1.619575529525821844e-01,2.963075619652750792e-01,2.206850233047819021e-01,1.563525020484640704e-02,7.545363614302379174e-02,4.154589421033008101e-01,2.662904273322622695e-01,2.843553058607301565e-01,1.597711623690398486e-01,4.915572350030639193e-02,2.571919846907391727e-02,2.310575348079082769e-01,1.426541211648305607e-01,1.737031595269673268e-01,2.075860760198660060e-01,5.784205471907138962e-03,1.079455244728181051e-01,5.461651077091532469e-02,1.184709121450388813e-01,2.746805780622886273e-01,1.639344434671295425e-01,2.740523526130669296e-01,2.541456972567996964e-01,4.296587914405071151e-01,2.499958480523620519e-01,4.049707501937097609e-01,2.758132611089330055e-01,4.941463835182734882e-02,7.214504862101181470e-02,3.017181481417457456e-01,2.857897287328129421e-01,1.419817004739998001e-01,6.013868870100302910e-02,4.146240857308282346e-02,3.369201375106801732e-01,1.466268246651275531e-01,1.640657671463849332e-01,2.275596346193109465e-01,8.422576871122866571e-02,3.026735737678281635e-01,1.756803347784080538e-02,2.186328492451476702e-01,1.244052304021318056e-01,1.777804914798122304e-01,2.743273183860431286e-03
3.562511575294170507e-01,2.432107763151714064e-02,6.864948816318307001e-01,1.138907012245360950e-01,4.372461659318568894e-01,1.216128957477878580e-01,1.557564059897742492e-01,3.585093033553108932e-01,7.797359048733430997e-01,1.521140704918677589e-01,0.000000000000000000e+00,9.104346170395821725e-02,1.103605325774451307e-01,1.673715458835078884e-02,3.350887440344632040e-01,8.623542301782552433e-02,1.371735506199581178e-01,1.429178374391213147e-01,4.961533593042069534e-01,3.241271197034558127e-01,3.104024264757260232e-01,2.560755470254866273e-01,3.141949233410137876e-01,1.939136498634283501e-01,3.929523100693437798e-01,2.243650198988838274e-01,3.693233924022409909e-01,5.572012064038922574e-02,1.544860990022580982e-01,1.308019613316510621e-02,6.026231153684111219e-02,1.359116576764448914e-01,2.026517399339063663e-01,1.092412944540929048e-01,8.371745393877591535e-02,2.196302465564910211e-02,1.798104066618455010e-01,2.890954406988355818e-01,1.030897784237636006e-01,1.752564054824072848e-01,4.701762049934538057e-02,1.984345320916847677e-01,2.084339149478114939e-03,2.593450564381680895e-03,2.589591819597313327e-01,4.047858199585353534e-01,2.418023796746988363e-01,7.139435216410806584e-01,2.017164985860486204e-01,1.962974232998367374e-01,2.215612268319818445e-01,2.837632023853081664e-01,3.841245265300475831e-01,7.173463144256064794e-01,2.171795205022169217e-01,8.155905254592211717e-01,6.348343601011963155e-02,1.007458974561521170e-01,1.198422263177109648e-01,2.218629660159399108e-01,2.360820176645499202e-02,2.541130343735817365e-02,3.235124471883858710e-02,5.672544068819953544e-01,1.730477148280659405e-01,3.052650303483828709e-01,1.620733204735865240e-01,3.889725879120001784e-01,1.608247793455223618e-01,2.329529375310772921e-01,3.682836155183882298e-01,3.316335913196398200e-01,2.562663931608297196e-02,2.089553201690712292e-01,1.133199794315813830e-02,9.823864398083673177e-02
9.193336918180521067e-02,8.227867244313810668e-02,2.039573183328126926e-01,2.165823894263855243e-01,1.050767521859291564e-01,4.133173507341209030e-01,4.530984361459169940e-02,6.219534031683001674e-01,2.053472317383011336e-01,3.517814785688031520e-01,9.104346170395821725e-02,0.000000000000000000e+00,4.690557407962378522e-01,2.900586839147388796e-01,1.296770290371079271e-01,1.610930361607741390e-01,4.502636967112643163e-01,2.709513358697177576e-01,2.702104738371825521e-01,1.914410458160590023e-01,7.968111387758405884e-02,2.531561688288453404e-01,4.627709141585746311e-01,5.926504415683293558e-01,2.423295174760886628e-01,6.014532783791898263e-01,3.926556712450453013e-01,2.526736409068244815e-01,4.235341308598634669e-01,1.916579757693734343e-02,1.510701185235026056e-01,1.342662326526020133e-02,3.286123237201607483e-02,1.618011116735992849e-02,4.159552269854756290e-02,2.349651907064706502e-01,5.050320450007502737e-01,1.387391675530594837e-01,2.825666064461244964e-02,2.232658618790216432e-01,1.780287633064502606e-01,1.160629998387928963e-01,1.347441183956612221e-01,1.066050212842625800e-02,3.834084829056932930e-02,2.261741644575047949e-01,1.232399823190480359e-01,2.392289375530073370e-01,1.120485306901079642e-01,1.563731317020330136e-01,1.117590573530186926e-01,9.168024932106172420e-02,4.310403504200048808e-01,2.072220793661793681e-01,1.792283772431171873e-01,1.121448066794245857e-01,7.927595794940558438e-01,2.737793707244639552e-01,3.676108814227799781e-01,3.466192973318383275e-01,4.039965251765884058e-01,2.396934162777017707e-01,3.012130004036023267e-01,3.101316407393907015e-01,3.274424524344384801e-01,8.706954031214600431e-02,3.166157953655160950e-01,2.235198149631250630e-01,4.190421137265364915e-01,4.343760196427453590e-01,2.000481510605613411e-01,4.872430627389575108e-01,4.501359352675701753e-02,5.200798362187952772e-01,2.747730060828825968e-02,2.877290668604844392e-01
2.838647198421794249e-01,4.291223447637790289e-01,1.811317735456654809e-01,2.831380186014514910e-01,2.931311884181854177e-01,3.807659814360267458e-01,5.693731565504470682e-01,5.045446141163938414e-01,1.253639615982323208e-01,5.726098733177831246e-01,1.103605325774451307e-01,4.690557407962378522e-01,0.000000000000000000e+00,1.660158962091999313e-01,4.390405774459890664e-02,3.768125681045624287e-01,5.408066642801006019e-01,5.479099790444583729e-01,1.313722272523437651e-01,8.298166688158623017e-02,3.690475806318939123e-01,1.982462535908024459e-01,2.894289286459251764e-01,4.009913033831001838e-01,2.497501783331569358e-01,6.191379762494917394e-01,2.484203627588380536e-01,5.283510815375459524e-01,2.027044298423729130e-01,1.190767930818810993e-01,1.461345666592922810e-01,6.114260927480706653e-02,2.782903722283260328e-01,1.767681253584974799e-01,1.395561339622339650e-02,1.463862919493759129e-01,3.592100495195941767e-01,1.892437838528948646e-01,3.167368468393052527e-01,3.355470413031508836e-01,2.086497064715941152e-01,7.205607283947963737e-02,2.616416489156166980e-01,8.339018684862876951e-02,5.660220852081630089e-02,7.272394663049687458e-02,7.314101804365427673e-02,6.919052048285800893e-03,1.079810551647500116e-01,2.836056620070118717e-01,3.594049767284482888e-01,3.300257398902158301e-01,4.301389024714984410e-01,1.994316928446556170e-01,3.440149380375676080e-01,1.038022076220784795e-01,5.370278038922136066e-01,5.525448741846394896e-01,1.361130196888000188e-01,6.302892692304323807e-02,4.774686982331230456e-01,4.274590106417089919e-01,2.727573101627847052e-01,5.268843388165778130e-02,1.311497327030929083e-01,1.655800595132364550e-01,3.119761840170546252e-01,3.263533578853321515e-01,1.861819645059606398e-01,2.531499364573041033e-01,2.968221509572527839e-01,9.500834241978077521e-02,2.423798660317909026e-01,8.027240120442324933e-02,1.462675319007948060e-01,1.551815055884148697e-01
1.375563638481468731e-01,4.580160935810618367e-02,2.732067733194938342e-01,1.677330979723372917e-01,3.831290448768890355e-01,2.260622873969372337e-01,1.179285772926824127e-01,1.571280898664851877e-01,1.389236229046416637e-01,5.921751716203437627e-02,1.673715458835078884e-02,2.900586839147388796e-01,1.660158962091999313e-01,0.000000000000000000e+00,2.154411459607970813e-01,1.769577771142274158e-01,7.333850136612243831e-02,7.435501531074852066e-02,1.620577329806957012e-01,2.778263705543215223e-01,1.788339499350484474e-01,3.285800198409243311e-01,2.385501130919859547e-01,2.047187109423357909e-01,2.076040682221589884e-01,1.654743083032069462e-01,1.498918729689890927e-01,2.155154839959677604e-03,1.028621032238732358e-01,1.159136069265910562e-02,1.213469684787127634e-01,2.457017110365839752e-01,5.078267851338943289e-02,3.620637249295161064e-02,7.618647345169210494e-02,8.617660128230469896e-02,9.704942727143096859e-02,3.571610678926284699e-02,2.143215517746439591e-01,9.209863339332281795e-02,8.592980929981239302e-02,1.236013409269898222e-02,3.309522375723164545e-02,3.285177752831643094e-02,8.656031618750906209e-03,2.004853356364303119e-01,5.464561168816983727e-02,1.037189700961826250e-01,6.723899059150235946e-02,1.168293270526111205e-01,8.894224051950359866e-03,4.051125025034393867e-02,2.407639796910473473e-01,1.695302022491076976e-01,9.265861205567840764e-03,1.761636440790098623e-02,2.184103892184123819e-01,1.988305829324056306e-01,2.195570201358008622e-01,2.534478069150920554e-01,4.053931117894670616e-02,1.281555452566606190e-01,6.874994909642363761e-03,1.809158187480684465e-01,2.992559235830811182e-01,1.613940992728550849e-01,1.875051258079628302e-01,1.243307778651452367e-01,1.847510465625428200e-01,1.095299689820199845e-01,7.985067334558253183e-02,1.774947552112007276e-01,6.963371789005645685e-02,3.281994142910695245e-01,5.292475518864212664e-02,1.334614171256847948e-01
6.659693042138300489e-01,1.325323196389999181e-01,5.906618628760623713e-01,1.847286069007720022e-01,1.004378787223468295e-01,1.040502187604350481e-01,6.373531151877082079e-02,1.366791883047266398e-01,5.582033412495366331e-01,2.192168672530189488e-01,3.350887440344632040e-01,1.296770290371079271e-01,4.390405774459890664e-02,2.154411459607970813e-01,0.000000000000000000e+00,3.743730045381934990e-01,3.439308151647002543e-03,9.921861588089908590e-02,4.856062050998716795e-01,8.014154859843519718e-01,5.191117937728437770e-01,6.941734016709015798e-01,2.894722577674368469e-01,1.927845506251576468e-01,4.941313061546419028e-01,2.042989511528071345e-01,5.222185532936602925e-01,1.358067518852136835e-01,4.111254748462315756e-01,2.072173054964113748e-01,4.920341449643374498e-01,1.795495893034786405e-01,2.666546375269279179e-01,4.255461239760569558e-01,1.366021186661227627e-01,2.561773912320740587e-01,2.580617664764065650e-02,2.237132418397239919e-01,1.527519288621358162e-01,2.416247234229828567e-01,3.660970495849252271e-01,4.418389865619305745e-02,2.735655320071692792e-02,2.053917227363335207e-01,2.954397661254499763e-01,7.407448390907732660e-01,5.288265510003304914e-01,5.459142438743382897e-01,5.957648298523309655e-02,2.451009353687019499e-01,3.681375350062886520e-01,3.749776331964995713e-01,2.191492925331799957e-01,5.567183299078520831e-01,3.048376898088269171e-01,4.621520855863347488e-01,1.738939075461571893e-01,1.622623666717729340e-01,2.184576404070606992e-01,7.313697483747744199e-01,2.900362732327898541e-01,1.090087161652692482e-01,1.863852141209782209e-01,4.567290507410346478e-01,6.835290696576999947e-01,5.305858122232121055e-01,6.391659134645643059e-01,3.938654163238576311e-01,1.666844556811591382e-01,4.244877535839501892e-01,5.334641607488201931e-01,3.893005927053979076e-01,3.739375878449380242e-01,6.066724466535201588e-01,2.715698229110343753e-01,5.964904676411042495e-01
8.310230325527145911e-01,7.494802201924606333e-01,3.745554619815296693e-01,3.514031573264104757e-01,1.408348251835821185e-01,1.572205851051250991e-01,3.504392627001595706e-01,1.220087515058509570e-01,3.130552008243656648e-01,3.860122411987109703e-01,8.623542301782552433e-02,1.610930361607741390e-01,3.768125681045624287e-01,1.769577771142274158e-01,3.743730045381934990e-01,0.000000000000000000e+00,5.141808250062525065e-01,4.244661987708563955e-01,1.924112813545589273e-01,5.517534086383767411e-01,5.611126227239866537e-01,7.573794287998485419e-01,1.493318002902316310e-01,1.176042767642227344e-01,6.964421064095814851e-01,3.293245240694878118e-01,1.933805252140363695e-02,5.707591301555270391e-01,9.310135986615508674e-02,3.149995509367615187e-01,6.944898906607887001e-01,1.617584392528742254e-01,4.421599688329934663e-01,5.422284395845113902e-01,2.144941179460451708e-01,2.528152545261896922e-02,4.856151192531533989e-02,2.859257083526745014e-01,3.715492357581497429e-01,2.432960874518020622e-01,1.832430261105491009e-01,4.286375051870274649e-02,1.563800977394050329e-01,1.545853541205726156e-01,1.680475798933490084e-01,6.095833527784983996e-01,4.864646204857414613e-02,2.256406031610648788e-01,2.419894133147038745e-02,2.066773519349290045e-01,2.915194700091482405e-01,4.297104394472707201e-01,1.786624298901412500e-01,3.530196286405746231e-01,2.870393700796248782e-01,1.638467736971969402e-01,2.123582876819775367e-02,2.784734832362433243e-01,2.575468860171480356e-01,4.933509813830179724e-01,2.733034096381652400e-01,4.058600203367772608e-01,1.232938482932825486e-01,1.744645537559769144e-01,3.702007480329871369e-01,5.280905571661285158e-01,1.616945390993318465e-02,1.823827526685035949e-01,3.087389185439490258e-02,2.758021806784338725e-02,1.825991697802137603e-01,4.383685041503290747e-01,4.792700098184272117e-01,6.191148559703454346e-01,3.248457463942350243e-01,2.152303617672235714e-01
3.236604572906794375e-01,5.694181230502912694e-01,8.104067121904337534e-02,3.769438853202542461e-01,5.796228902884278944e-02,9.556472296357862439e-02,2.200824730827634912e-01,3.033520297191430459e-01,1.208618118508292816e-01,4.278092188770052928e-01,1.371735506199581178e-01,4.502636967112643163e-01,5.408066642801006019e-01,7.333850136612243831e-02,3.439308151647002543e-03,5.141808250062525065e-01,0.000000000000000000e+00,7.367452974696323542e-01,1.179276405516627158e-01,6.842598440306302265e-02,2.696605852497554467e-01,1.784075222169216324e-01,4.071327256432463737e-02,3.378999590921234475e-01,1.326231282840525938e-01,6.030392699775897203e-01,4.408922504090420080e-01,5.510113636204340137e-01,3.455508580327682489e-01,1.285582391208557052e-01,3.251929975562912745e-01,1.182310888076530953e-01,3.411116104502573410e-02,1.731534489896544571e-01,2.306475784032323978e-03,2.578078804351909281e-01,2.669730187834840063e-01,1.578059572196212346e-01,2.412646497319019256e-01,4.492966656132736381e-01,1.659056944533608691e-01,1.285483966051601534e-01,2.535942381239733034e-01,1.295339326239447197e-01,1.116773046912281769e-01,6.407345746327394731e-02,2.828794767267215349e-01,1.535113901793127011e-01,2.504819517505955107e-01,1.483500639437705382e-01,1.487761486749243356e-01,1.707623303637675061e-01,1.858724741162021132e-01,6.118602479390045090e-02,1.350630535024499035e-01,1.276805458976452701e-01,3.672208581445886577e-01,3.102144093679478076e-01,8.577038047834961709e-02,5.169524635132594081e-02,5.090017624740345026e-01,4.592130577327658836e-01,2.782665141649056095e-01,1.620424888590193124e-01,1.269955337668741691e-01,9.084555917787964785e-02,3.994433997285505300e-01,9.441482580366300503e-02,1.107030544033348746e-01,4.843402260842717966e-01,1.394075671656525295e-01,1.664479342079794033e-01,2.720132710012177490e-01,4.862976524862600014e-02,1.714564959019356793e-01,1.730962034093914137e-01
1.581305578179535709e-01,5.351534726110260820e-01,7.311615336486099181e-02,3.064054651149957231e-01,1.682368655340468755e-02,2.343911060436366656e-01,3.918067730268651738e-01,2.481219056642622878e-01,2.184506124933065785e-01,4.366318981641266195e-01,1.429178374391213147e-01,2.709513358697177576e-01,5.479099790444583729e-01,7.435501531074852066e-02,9.921861588089908590e-02,4.244661987708563955e-01,7.367452974696323542e-01,0.000000000000000000e+00,1.548454215433941461e-01,5.702767133586661430e-02,1.950780946782689484e-01,1.688189098055777326e-01,5.044459947397270105e-02,2.268930560109295169e-01,3.050104410356280216e-01,5.075370651764885555e-01,2.838531404167649597e-01,4.036270571204479407e-01,1.396065733050401159e-01,2.466917810915708609e-03,1.615070281319352097e-01,8.239578022552956904e-03,2.153657140449241059e-01,4.064459174256096485e-02,2.827381885008842244e-02,1.643730711471444450e-01,1.571225454268058153e-01,8.141856501912055066e-02,1.787391161432945463e-01,1.954944561754296262e-01,4.720042237402907737e-02,2.495156219693972499e-02,3.924846040056524377e-01,9.386405645878008464e-02,6.278904770621776543e-02,2.985037790532082957e-02,5.746446138334743159e-02,2.288521373092894384e-01,9.984028552263098100e-02,5.891838065897435361e-02,1.602981562382555514e-01,5.373853712581597164e-02,1.540766798011832250e-01,9.564690023032615396e-02,8.759518351528722269e-02,1.621940264991237890e-01,2.803516613463334362e-01,2.459279865782903474e-01,1.864082782338347399e-01,1.924200401857032727e-01,3.012057908373039217e-01,3.686256921799208608e-01,4.328339596406161061e-02,1.658613716362618284e-01,9.696351601561853384e-02,1.372602669344330506e-02,2.577775205868030883e-01,8.446769165164624837e-04,1.095634944073559658e-01,1.982243649156237297e-01,1.118656534851780460e-01,1.140099848462577947e-01,2.464008178112291891e-01,5.412540876308213900e-02,1.364406541097631653e-01,1.879329787415887631e-01
3.249222657361804378e-01,1.285257595163818711e-01,6.110761180258762471e-01,2.784056977449744230e-01,1.446657389296794605e-01,4.238979225848987786e-02,3.908737296495058688e-02,5.859309542303969831e-02,5.192732827239801008e-01,3.701926982125486321e-02,4.961533593042069534e-01,2.702104738371825521e-01,1.313722272523437651e-01,1.620577329806957012e-01,4.856062050998716795e-01,1.924112813545589273e-01,1.179276405516627158e-01,1.548454215433941461e-01,0.000000000000000000e+00,4.655812377507786981e-01,1.709046991630107371e-01,3.084458644065854460e-01,1.402487547414316138e-01,4.492032344382898557e-02,2.962006824183230913e-01,2.240610728820593978e-02,4.525063962636415860e-01,4.868613275130384555e-02,3.973950083966827362e-01,9.464474215104468069e-02,2.597092182864657595e-01,8.320723261041876317e-02,1.932340212388993783e-01,2.895868256105195160e-01,1.881818176208471527e-01,2.651813198001559679e-01,2.257986515308667008e-01,1.813470233136192933e-01,1.120492007088054742e-01,3.273028792197586467e-01,2.917571009006107441e-01,6.373466363836260973e-03,8.923296075462036625e-02,3.146162292509314257e-02,2.820308284429560164e-01,4.475149871645193733e-01,3.622826010818306353e-01,6.331937586998978018e-01,1.773683483073685008e-01,8.665612026521410383e-02,5.328454712392691195e-02,2.257475376981141202e-01,4.781289918239334247e-02,4.571608361369992601e-01,1.269271433973505336e-01,4.587606884386574158e-01,2.821663976920198991e-01,2.292795708347222794e-02,1.621489008500354712e-01,4.134475262858937628e-01,3.076057897114017892e-01,4.749774395955974615e-03,2.371601259911489401e-01,7.164022725231842248e-01,4.516757131923329061e-01,1.850030908403393348e-01,4.956925076948732189e-01,1.757073124052978552e-01,1.409987970543958788e-02,3.908454863253050804e-01,3.174628182618180472e-01,2.020144179118189554e-01,1.492102763988441549e-01,2.678839548374889468e-01,1.752204320939919069e-01,3.456305323899337978e-01
7.342396416030998463e-01,3.509657860905995852e-01,6.619904640572363830e-01,8.429021653928928104e-02,1.800375714069570865e-01,7.489555951588855454e-02,1.805896642741054159e-01,1.010919802946050050e-01,6.431918293347349547e-01,2.598887492125175891e-01,3.241271197034558127e-01,1.914410458160590023e-01,8.298166688158623017e-02,2.778263705543215223e-01,8.014154859843519718e-01,5.517534086383767411e-01,6.842598440306302265e-02,5.702767133586661430e-02,4.655812377507786981e-01,0.000000000000000000e+00,5.908928192976851124e-01,8.647510374569686853e-01,1.766376305576379813e-01,9.369203869183544142e-02,6.808387112811420394e-01,1.955370578599267273e-01,5.054495517830623896e-01,2.176123631444574769e-01,3.843587217664516387e-01,2.053097247122340763e-01,5.398544326550815953e-01,3.557951801176687662e-02,3.367419150121790383e-01,4.915088119665320110e-01,1.787354297758224075e-01,2.239175195974346944e-01,4.021209580567228214e-02,3.229998202031295063e-01,3.389333709784377729e-02,1.026677740194668342e-01,3.460292691872385307e-01,7.552625128865417259e-02,2.327528216731999944e-02,1.787076326101436630e-01,2.940494627986766085e-01,7.721616953898200464e-01,5.398965405255000682e-01,5.475542980370307067e-01,7.985778421758210621e-02,2.744043286391157910e-01,5.055104918298094496e-01,4.994936496872897091e-01,2.240985920977618673e-01,6.592274345848659900e-01,3.885435488463429010e-01,4.480947953625540325e-01,1.099053809538204640e-01,2.593880485247878065e-01,2.888979625899814607e-01,7.376028940878468498e-01,2.279977626810654467e-01,1.484361332434700753e-01,1.641881979705519801e-01,4.999607247758069417e-01,8.033497018024990943e-01,6.595508069019075936e-01,6.115717056111060757e-01,4.394785747290116951e-01,7.519328863079967340e-02,4.227520248542581682e-01,4.932989336698161975e-01,5.678217201107570444e-01,4.489867722515031301e-01,7.982656895876869552e-01,3.120571996885527222e-01,4.278329904160337316e-01
7.103094809217707084e-01,5.919139513143312215e-01,4.836196141266744242e-01,1.402900357994614489e-01,1.504429959610720791e-01,1.893101945914288098e-01,1.449954710773232736e-01,5.165252875493293594e-01,4.377060747401606555e-01,4.650259628071084506e-01,3.104024264757260232e-01,7.968111387758405884e-02,3.690475806318939123e-01,1.788339499350484474e-01,5.191117937728437770e-01,5.611126227239866537e-01,2.696605852497554467e-01,1.950780946782689484e-01,1.709046991630107371e-01,5.908928192976851124e-01,0.000000000000000000e+00,6.773948723503033786e-01,2.899187932481448460e-01,3.501169640309178543e-01,6.110590918765355095e-01,4.662837904586963345e-01,6.127462109306203164e-02,4.166357781717731079e-01,5.788973961268550905e-02,1.014293431288357250e-01,3.818146169459004091e-01,1.635316851271282901e-01,3.312038786221521702e-01,3.436422070978387144e-01,4.060150553678253116e-02,3.197569439137744329e-02,6.107460156587654621e-02,1.866554249825090883e-01,2.318920734668383776e-01,2.323011692253066085e-01,3.425410677827980810e-02,1.394684361170247799e-01,1.809115502374703810e-01,6.836174889920795805e-02,1.063930466624638249e-01,5.990129803862390689e-01,6.531806685366559062e-02,3.662282006555669378e-01,1.504823533523289361e-02,2.755998922076289825e-01,5.104800436113117179e-01,3.664271081495461546e-01,5.540663132552929859e-01,5.012497399819816346e-01,3.864721534793402191e-01,3.587565649794641764e-01,1.050767984231740781e-01,2.941665819878238608e-01,1.769642565344925200e-01,5.097489569239875840e-01,3.515639875106596479e-01,2.379040505524501470e-01,3.158812792131843739e-01,2.702460088352908185e-01,3.510315127814163660e-01,8.010269384037936868e-01,4.103634327963523454e-02,5.167820298742027418e-01,2.709242860917083773e-01,1.518812531126900733e-02,3.989019555990794830e-01,3.226834392628233350e-01,4.077782019985804474e-01,4.857821575869876729e-01,2.549351664037849408e-01,1.476699586251731255e-01
