0.000000000000000000e+00,6.208562993776245431e-01,2.217711764143061315e-01,3.014010326587910904e-01,3.316855103053489850e-01,4.248865377238249530e-01,1.685953361207375711e-01,1.538096182815078261e-01,3.969220988291276009e-01,4.673042121160120299e-01,3.048976952979277066e-01,5.960163963796587250e-02,3.625799300449594198e-01,2.249502700945886779e-01,6.675260001143430433e-01,6.800131996053879746e-01,5.967677740248675811e-01,5.204002241931255934e-01,4.263733750306616943e-02,5.518825107708063005e-01,7.274821882719949562e-01,7.076708866826127986e-01,4.510697229329281854e-01,5.510258473265645662e-01,6.382796973355666648e-01,6.806362138110364501e-01,7.211353904512602941e-01,4.733033047842187813e-01,5.390782348351026432e-01,1.311896264366476106e-01,6.252728755601113519e-01,2.613363688907538451e-01,6.029075676908184356e-01,5.595622877571488907e-01,8.983741858560830018e-02,5.985841611401948592e-03,1.799652408007925419e-01,2.851322196158947442e-01,3.382259858839462563e-01,6.814155401956477620e-01,4.445953227960532383e-01,3.490957592574304991e-03,2.405495525928580125e-01,1.582177245938843138e-02,1.923754063302056116e-01,7.457935363433850773e-01,4.243063847496572061e-01,3.256822943254458202e-01,2.750311110473479537e-01,3.311920921611757884e-01,1.541848181138424922e-01,1.873026354177868003e-01,2.326826840087653503e-01,3.243912564339080928e-01,2.748207445439102004e-01,4.096388616721464704e-01,2.452277997590518455e-01,3.367736635067802298e-01,9.667608439236731466e-02,7.445161113632801086e-01,5.694105272829037556e-01,4.811875245169218163e-01,5.680017887078090411e-01,5.835795635925628000e-02,5.315377614144313201e-01,7.156410174566416593e-01,6.990930122048304440e-01,2.975004302043806614e-01,5.012754168605697558e-01,5.935514883172090528e-01,5.964173971874950908e-01,3.508797963812401166e-01,5.328582846397610373e-01,4.888764826610134673e-01,2.185707857240434260e-01,4.391629793653295533e-01
6.208562993776245431e-01,0.000000000000000000e+00,2.703761133684022822e-01,3.472445210017783834e-01,1.600846657584338861e-01,9.484311917994511232e-01,8.925414452533914078e-02,3.700282592027186457e-01,2.528096509297112493e-01,4.416697013491420187e-01,1.614581017794688989e-01,8.623901121437094197e-02,5.700440227958438744e-01,3.577049211898509218e-01,6.767015769174011819e-01,7.737373402615335127e-01,7.823948971692855636e-01,7.970758737825411888e-01,1.846007354887956309e-01,7.354905100714792532e-01,6.239779256470745494e-01,7.930342704458525072e-01,5.685559105880917397e-01,5.225125238720496057e-01,9.508494066519267429e-01,9.346654902602713477e-01,9.187618635413674628e-01,5.421675635403344629e-01,6.586165522429798802e-01,1.324383131794452939e-01,5.240403829950626147e-01,2.600245250007615083e-01,5.956765472435802122e-01,5.223761956793201433e-01,3.299815328785280638e-02,2.004426639012380773e-01,3.147460191105637128e-01,2.737322887879993227e-01,4.480727384082216491e-01,7.069452249081951134e-01,5.710140967949145496e-01,1.558300621157892862e-01,3.674221123400726596e-01,1.411472665275398108e-01,2.830088223898862276e-01,6.509216336641051592e-01,9.209286685119044691e-01,1.578329721330272717e-01,3.458032342123749658e-01,6.425181153664322187e-02,4.726008759895950484e-01,1.683908956908907462e-01,3.061577661078750956e-01,1.102060458330102743e-01,3.325994906828067532e-01,1.321255037383408104e-01,4.418001453382002786e-01,5.402481092459809897e-01,2.768847782674870861e-01,5.878282150570550701e-01,8.654580864137587648e-01,7.668607370482014574e-01,7.953583253558857979e-01,1.815811303981341163e-01,6.467155727270692545e-01,5.515789285355547911e-01,9.001826180164156366e-01,2.899723629988810725e-01,5.633003768091411345e-01,9.968925874594540826e-01,8.390215302044634615e-01,5.111089348799506826e-01,6.309060629500353734e-01,4.091780839241070389e-01,3.481204317995656439e-01,5.184405554700594054e-01
2.217711764143061315e-01,2.703761133684022822e-01,0.000000000000000000e+00,2.554968491415083864e-01,4.315007444058931441e-01,1.371059770570300929e-01,2.630507550549034956e-01,2.301048270920413308e-01,7.800353460760115487e-01,2.547460878889535874e-01,7.692496563619274363e-01,1.629162926817664669e-01,2.761522015383110484e-01,1.101770240253727023e-01,5.393264069570199437e-01,2.261137683766210049e-01,2.944684110205674776e-01,2.065662666006643777e-01,6.066418562276956195e-01,4.760734300904648775e-01,2.350741188103601664e-01,4.815606538943837944e-01,4.068800478733703430e-01,2.612194062026340080e-01,3.702380636834395888e-01,4.286347573629478713e-01,4.542738628746301743e-01,4.579659004058210803e-01,1.211209621858423957e-01,1.365611910124724104e-01,3.882435022438376349e-01,2.874727536251994731e-02,2.203749162547112561e-01,4.938018812664948798e-02,2.037149426083605941e-01,1.403468764204350294e-01,1.911510968483089434e-01,3.297551021633715607e-01,1.426686255901454536e-01,2.972951345503080933e-01,6.639803970996942251e-03,2.378503848885758498e-01,2.717781794798507788e-01,7.995964440720046418e-02,1.690191800163138303e-01,2.647649693504176005e-01,3.737317954904676442e-01,9.182151666263744794e-01,1.738536720017187787e-01,5.399646180880138813e-01,2.074487987495988173e-01,3.226625700723810830e-01,2.298608045135276945e-01,7.445462083637478523e-01,2.487476199882824590e-01,9.008015889763333339e-01,3.261448997378371129e-01,3.679321298056289491e-01,1.955541111418626077e-01,4.968198837400701895e-01,3.236984295979102311e-01,2.263297302058143723e-01,3.591293433223747278e-01,6.761092267223400842e-01,5.661660884544952310e-01,2.968345139907935248e-01,6.148706122420222187e-01,4.428182885615194464e-01,2.509673038902597297e-01,3.780719774868398497e-01,5.014178775391588960e-01,4.230239708999520287e-01,5.365476799553774434e-01,2.549328292098255733e-01,1.107042249938670342e-01,1.459934620474268585e-01
3.014010326587910904e-01,3.472445210017783834e-01,2.554968491415083864e-01,0.000000000000000000e+00,4.739422200506095972e-01,4.965041176935255374e-01,4.294730812803248532e-01,5.327386906492787011e-01,3.378898487702279296e-01,3.239069694778886621e-01,3.367661514451149585e-01,3.886342307601045043e-01,5.578505738295167493e-01,3.513981427917221012e-01,3.548862571875819882e-01,3.203524295310160031e-01,3.975085361726429789e-01,3.808949595206911343e-01,3.937265902536363771e-01,2.836578750427950490e-01,3.397960272605736742e-01,3.091915976026766710e-01,6.199247735998655306e-01,1.501610022157799096e-01,3.171627052360374011e-01,4.066226663897976601e-01,3.852503207899145021e-01,5.914606767827634837e-01,2.855901185066381798e-01,4.046574641347986390e-01,5.283049561203536637e-01,1.053077839042371872e-02,1.586243953003997620e-01,4.551880804707256201e-01,1.265542913830017546e-01,5.040338686426057979e-01,4.875947086494654137e-01,2.054031598783228052e-01,8.590175731427787675e-02,1.281300524108310579e-01,1.505182490469729462e-02,1.182321863951556057e-01,1.471043727439028670e-01,8.245916810479121672e-02,4.230098024165596104e-02,3.424391825964335223e-01,4.189300019092251914e-01,2.066165438877534122e-01,3.395065393567596734e-01,2.842214346116542778e-01,3.139878790931440733e-01,1.254127331599163564e-01,4.219532808396796453e-01,3.150986440292867230e-01,4.424670321174701271e-01,3.286269871690740696e-01,6.299070361135941098e-01,2.455563591863282880e-01,2.915981246226296286e-01,2.253669841109302574e-01,3.153000026636531006e-01,5.074821885538547406e-01,4.843311126310680947e-01,2.400345830162779470e-01,2.065443415518469217e-01,4.353374208538896006e-01,3.904335178335829881e-01,4.436547792190277395e-01,6.658411365673178040e-02,4.591534176902133391e-01,4.190449351852565396e-01,3.137102765085697520e-01,2.792902580849570549e-01,2.097267378048223718e-01,1.005005756599685052e-01,1.642839123132333878e-01
3.316855103053489850e-01,1.600846657584338861e-01,4.315007444058931441e-01,4.739422200506095972e-01,0.000000000000000000e+00,3.404186953621995970e-01,7.994058107945548608e-01,4.733842205482948762e-01,7.355198931989259670e-01,3.623669778951595921e-01,7.249189425266397979e-01,2.769474349014270920e-01,5.511615224453856321e-01,4.627287487757124618e-01,2.057691218774593545e-01,1.530412179103532444e-01,2.361642089917654341e-01,2.555613105907741933e-01,4.406483001631192886e-01,1.785946559054313876e-01,4.019140139872510176e-01,2.003047443179410136e-01,5.318215131265014994e-01,1.424993953089858101e-01,1.133807414632328620e-01,2.456164190031821515e-01,4.403831397544290538e-01,6.248814705635343802e-01,5.760872328374280205e-01,6.253902540988161007e-01,4.614131189546011869e-01,2.114133950177240484e-01,2.719648832848314823e-01,4.055815863101449037e-01,2.426122999953184423e-01,3.692666398872720412e-01,2.434755446554011382e-01,2.449475197997649512e-01,9.461305969427821760e-02,2.365738834714532224e-01,3.395984783936192297e-01,2.895403545093556685e-01,1.849929716671908086e-02,3.388489859667893900e-02,2.293341156205670750e-02,4.870744575310196334e-01,8.954239730912608164e-02,5.227153601560952101e-01,2.407423453469037244e-01,4.176917413289253367e-01,2.849282506553792865e-02,2.385753160523340632e-02,2.673842439146046912e-01,4.453944689638020815e-01,5.167886492573169344e-01,6.598151633997872967e-01,4.650014705685865390e-01,1.246160721918845860e-02,8.099574659426672651e-02,1.627227346790190710e-01,3.361694425499677230e-01,2.965059256714789870e-01,3.815395506358351674e-01,2.785958070984677626e-01,1.082320449337600687e-01,3.029020508164586012e-01,3.970961165363345313e-01,3.716777193917818467e-01,2.800820067495753962e-01,4.885918072514477961e-01,2.947213714258767880e-01,1.912550884470915757e-01,2.784862351789494372e-01,1.104899730356207754e-01,3.387229188124294410e-01,2.751245057607308309e-01
4.248865377238249530e-01,9.484311917994511232e-01,1.371059770570300929e-01,4.965041176935255374e-01,3.404186953621995970e-01,0.000000000000000000e+00,2.463502015053481986e-01,6.871248850860192103e-01,1.439068657672210594e-01,2.861942882868659943e-01,2.075916331200984288e-01,1.608852353579563466e-01,6.478186712188418461e-01,5.504710696739347764e-01,4.354620446178765203e-01,5.393079598732740676e-01,4.839018766696327467e-01,5.815159760058079552e-01,1.610177772454863265e-01,4.489120410976945585e-01,5.696189845221287795e-01,5.596707999210961404e-01,6.325821333423768955e-01,3.215832954372014885e-01,7.094673130881944401e-01,7.657369861503466879e-01,6.415212802475458442e-01,5.404926071218076888e-01,5.056540515063985275e-01,1.092464628845775526e-01,3.840543601467509838e-01,1.396168394378243804e-01,6.676502693664224664e-01,4.322768958560097019e-01,1.007117649399696252e-01,3.499778628729970920e-01,3.394209044838176204e-01,1.882023723325131626e-01,2.923441611368269299e-01,6.289777322981233709e-01,1.523778562340873388e-01,1.030239171812862564e-01,1.280480612358115278e-01,1.420321817986837931e-01,1.143583708560085982e-01,4.604796729254576060e-01,7.830927055469761866e-01,2.872629836008799842e-02,3.558843008124202290e-01,1.314758863345363571e-01,3.370183442688468034e-01,1.182130035153218239e-01,4.666897603745005507e-01,1.572231102424603288e-01,2.920949509231268726e-01,1.217261639245189320e-01,5.075424102822514438e-01,3.172978744279266738e-01,2.113823145357174860e-01,3.191730134908007388e-01,6.092543539942302244e-01,5.996826307582118210e-01,5.659072363003623263e-01,1.696549256933344019e-01,3.441919035895281143e-01,5.537421283263550542e-01,6.633515708871620120e-01,2.928704923843430952e-01,2.730504635300662342e-01,8.294404754442377126e-01,6.325180639965253260e-01,2.576731428526461976e-01,3.790301204651264078e-01,6.588436027951187490e-02,1.625815445125536676e-02,2.354304298848212962e-02
1.685953361207375711e-01,8.925414452533914078e-02,2.630507550549034956e-01,4.294730812803248532e-01,7.994058107945548608e-01,2.463502015053481986e-01,0.000000000000000000e+00,2.493563312451186620e-01,6.258372142901952317e-01,5.408441300748554337e-01,5.272961561736295710e-01,3.522046920533312142e-01,3.954215530136460099e-01,2.319970165329109102e-01,6.607755883432465949e-03,1.678516357949086935e-01,3.206697974799980200e-01,2.936813547787208156e-01,2.782804019211734259e-01,2.782172316336453677e-02,2.022775742131151799e-01,1.614070491779195926e-03,3.816666073357735112e-01,2.344559118688969990e-01,9.904487152583682508e-02,1.418890151705816949e-01,2.969035200117051132e-01,4.112490318956756319e-01,4.896045495565605199e-01,5.018897641681212551e-01,4.524135584344123884e-01,1.321376316579535026e-01,7.426082998573849125e-02,5.387850290959875776e-01,3.829824021680772739e-01,5.984128609029061574e-02,2.581744479533825132e-01,4.211642649909963509e-01,7.513202109339153778e-02,5.370422964242732577e-02,3.631267434646739400e-01,3.323695878242303725e-01,3.553317416272211426e-02,1.466354667893102204e-01,1.276101221555075993e-02,2.301789801791941925e-01,5.039093551084086742e-02,4.419738631923212369e-01,3.897885082858754124e-02,4.397007315069839661e-01,1.605226861290760532e-01,5.041222735482497885e-02,9.996435519366787814e-02,4.770869871765660575e-01,5.513865704348217545e-01,5.164416790290374815e-01,3.422173264725790198e-01,1.851882097687870821e-02,9.608296690319612088e-02,6.798116466416542769e-02,2.693805697666354915e-01,1.005645495021787739e-01,3.008732005909648399e-01,2.604976137947950798e-01,1.891075466097077995e-02,5.647274703641524951e-02,2.968596855370392862e-01,3.560224155903214394e-01,4.331207997483242367e-01,3.709838148358592380e-01,1.681811095429844860e-01,3.313340770830360826e-01,4.395948271524427464e-02,2.705137841034641055e-01,2.970059594713312934e-01,2.185146941187959824e-01
1.538096182815078261e-01,3.700282592027186457e-01,2.301048270920413308e-01,5.327386906492787011e-01,4.733842205482948762e-01,6.871248850860192103e-01,2.493563312451186620e-01,0.000000000000000000e+00,2.821272408759760153e-01,2.552076396648836898e-01,3.884552651563208947e-01,5.406181510133258872e-01,3.384103929125341081e-01,4.845441554810421270e-01,1.078558372235103868e-01,5.518363018282104737e-02,1.271645262800040754e-01,7.342398572303365789e-02,3.745121858138369952e-01,5.166421331803391914e-02,2.085869172124111826e-01,6.023531364446246816e-02,7.477710545754967519e-01,1.725417697009349327e-01,1.186260384144896263e-01,3.713330523841359976e-01,3.472768544680926439e-01,3.523246312908179245e-01,5.307021408834289300e-02,1.805471853230259383e-01,1.285684467988240931e-01,4.223935855428379710e-02,4.383171686455922811e-01,3.447893228360290885e-01,2.610611432809167853e-01,2.221083764663423221e-01,2.008839649373394542e-01,2.110280204101541712e-01,3.337753581779609457e-03,3.568951915893563420e-01,2.003650142571901660e-01,2.196884193693532938e-01,1.279086248149565730e-01,3.123381358784130951e-02,1.413275092862878446e-01,2.043245184575787909e-01,3.174823227605092502e-01,2.215615468044874470e-01,2.160148012084777899e-02,5.584823762267303315e-02,3.048174192760900736e-01,8.297336051245916833e-02,7.464526003815196153e-01,9.868544257592332114e-02,3.186904408934443933e-01,2.873298802193834933e-01,6.395387152580637169e-01,1.860117341644918487e-01,1.983306553764843660e-01,3.580037532796093158e-02,3.078543738157157872e-02,3.257997483796279958e-01,1.142675264965012233e-01,2.740739230799372206e-01,1.635783795487370795e-02,1.680015045452577793e-01,2.751366096622865909e-01,5.475630892044448528e-01,7.705766778177172704e-02,2.873014588870327901e-01,3.020019415100683169e-01,2.374010640922507021e-01,1.035444932724131906e-01,2.082640797139909961e-01,2.558848122150224613e-01,2.992830433962241354e-01
3.969220988291276009e-01,2.528096509297112493e-01,7.800353460760115487e-01,3.378898487702279296e-01,7.355198931989259670e-01,1.439068657672210594e-01,6.258372142901952317e-01,2.821272408759760153e-01,0.000000000000000000e+00,4.569437295463896764e-01,8.906532012619837735e-01,2.585082394028600516e-01,4.091803881224341799e-01,1.675390687374766208e-01,4.526906673635036626e-01,2.718975563503385207e-01,3.245674516289411837e-01,2.176680060698183150e-01,4.550119445389519401e-01,4.124927187472516854e-01,4.975833146417351083e-01,4.246165937933873979e-01,4.792800206049926404e-01,1.696665899147695167e-02,2.633487332527981173e-01,3.142248501352683521e-01,6.092067333585385880e-01,6.684956043903360623e-01,5.279956081518537570e-01,5.265141370228265671e-01,6.786634543625433835e-01,2.291489572017728904e-01,2.614776759503798509e-01,4.370895655623723286e-01,1.205962395676096199e-01,1.309765172452379556e-01,2.682980213986985163e-01,4.335354855832896925e-01,1.299429174075112658e-01,2.574470214747834884e-01,2.571099280510046881e-01,3.925059093556345635e-01,1.001479300081654228e-01,2.011704566547092843e-02,8.565902685491827429e-02,3.983569758162375241e-01,2.029517940432252476e-01,8.536706348132023781e-01,1.881931298478017878e-01,6.579683768605855132e-01,1.132553660553827779e-01,2.732081564014234298e-01,2.394678327435924570e-01,7.260014918550299345e-01,5.224375577593871611e-01,8.994068200501805777e-01,4.301401660806177807e-01,2.361439154869771628e-01,1.223087503166274959e-01,5.328510561775856580e-01,3.466959638919413500e-01,2.104266278653180722e-01,3.657990539943852815e-01,4.132575870938731688e-01,4.885621594759033126e-01,4.277550787517513387e-01,6.442166779250829700e-01,5.031449439664490431e-01,1.041808431197841084e-01,4.689280004419903447e-01,4.184622847500126808e-01,4.387306236839985107e-01,3.672886156975254668e-01,3.997113482304430199e-01,2.012187249677215850e-01,5.195440611465980407e-02
4.673042121160120299e-01,4.416697013491420187e-01,2.547460878889535874e-01,3.239069694778886621e-01,3.623669778951595921e-01,2.861942882868659943e-01,5.408441300748554337e-01,2.552076396648836898e-01,4.569437295463896764e-01,0.000000000000000000e+00,2.989458524680008167e-01,6.370846071227782570e-01,2.041344019216518590e-01,8.212188843738471578e-02,3.347719066156761292e-01,4.433115769021265251e-01,5.423455508026405747e-01,2.505455512137275131e-01,1.337013353841278729e-01,1.004787746734203124e-01,2.250799273791655453e-01,3.316937868776786980e-01,3.961892859312716175e-01,2.108096224707735333e-01,3.787547790548886351e-01,4.983888281503858764e-01,3.819190353543558403e-01,2.468025344579362901e-01,2.645372118535909145e-01,9.820455498742798606e-02,6.785455858913171934e-01,2.420605397321967667e-01,3.222316070749784434e-01,6.284451620841017272e-01,2.747219587293469045e-01,1.719825001898047101e-01,3.206835599129592151e-01,5.779296529119071213e-01,1.261102368807157925e-01,3.430005343077994207e-01,4.834458863785912053e-02,4.777778972404466140e-01,4.900684484940170949e-01,1.395191501127889533e-01,2.585122862430144774e-01,2.186372376946412177e-01,2.354113456992018849e-01,4.655044444993915453e-01,8.863815385774938271e-02,6.659653468585434721e-01,4.921402812897183732e-01,6.652586735733840850e-01,2.969015315114668097e-01,6.689338729168435860e-01,8.083874562020749721e-01,5.733564768067336281e-01,6.184474453376345160e-01,6.155135558791881012e-01,3.093487857591967760e-01,4.443176424144998915e-01,2.318073619777895611e-01,3.040916201990681578e-01,2.622144106355851489e-01,2.703060946656470342e-01,3.562735688702971526e-01,2.425097683345288635e-01,5.500279788380713075e-01,4.661603715911782908e-01,1.152929606626005854e-01,3.495990549197414143e-01,4.864931697299240687e-01,7.225289647425521267e-01,1.956899032805557159e-01,6.309532762808731654e-01,9.420885045089222309e-02,1.937362211908117415e-01
3.048976952979277066e-01,1.614581017794688989e-01,7.692496563619274363e-01,3.367661514451149585e-01,7.249189425266397979e-01,2.075916331200984288e-01,5.272961561736295710e-01,3.884552651563208947e-01,8.906532012619837735e-01,2.989458524680008167e-01,0.000000000000000000e+00,2.940666327239040423e-01,3.540034524700729213e-01,2.370064281889320557e-01,3.987075052883075621e-01,1.501387349114052527e-01,1.943428074581322607e-01,1.859063715758445257e-01,5.815384682553080831e-01,3.330442968820767624e-01,3.985319356716295891e-01,3.210538115299619299e-01,5.657774157802824000e-01,6.256427085716692593e-02,1.951566290275428273e-01,2.727162289255837258e-01,4.984159098473466831e-01,5.658515904779009009e-01,3.384617985349817060e-01,4.371881753837031925e-01,4.620057544224857038e-01,2.229425487445801934e-01,3.084421569110993300e-01,2.259884958327172677e-01,3.298468581820268586e-02,2.494600475930444927e-01,1.896066618336521570e-01,2.792935283207553798e-01,5.789319742718114503e-02,3.047477601470018893e-01,2.123551484353060625e-01,2.706970326110375580e-01,1.227894649888178202e-01,5.225902424931495524e-03,5.405786333493016460e-02,3.835958291618334903e-01,1.977671290025785067e-01,8.259146074687776506e-01,2.184677421928129526e-01,5.823472280100483456e-01,1.847104982618385238e-01,1.721052408744164208e-01,3.217125574195369708e-01,6.616209173892058093e-01,4.007108051606297905e-01,8.744949696267524386e-01,4.496192899895691264e-01,1.890141042535304350e-01,5.057182135509008525e-02,3.824666515494344332e-01,2.808871916072858688e-01,2.350120506694419742e-01,3.631939869471409454e-01,5.319893501465722263e-01,3.811342820791290276e-01,3.273755922124914619e-01,5.076155593840172564e-01,5.413290773387005039e-01,7.276553172930955160e-02,4.018194831194893957e-01,3.955020676063667473e-01,3.816133095204576331e-01,3.968866366783651012e-01,2.614717933808464179e-01,1.603080461574419024e-01,7.788262948849787592e-02
5.960163963796587250e-02,8.623901121437094197e-02,1.629162926817664669e-01,3.886342307601045043e-01,2.769474349014270920e-01,1.608852353579563466e-01,3.522046920533312142e-01,5.406181510133258872e-01,2.585082394028600516e-01,6.370846071227782570e-01,2.940666327239040423e-01,0.000000000000000000e+00,5.227995803663615382e-02,1.039317378332238057e-01,8.317954851787683068e-02,5.796646088252048468e-02,1.683034008517638180e-01,1.375988594786068386e-01,2.009795378480122019e-01,2.916425067617766098e-01,2.142545140098570389e-01,1.017365690023171454e-01,4.130130432145220909e-01,2.118694356313824967e-01,6.000524303858822961e-02,1.977945774451220218e-01,2.392683752191589186e-02,9.245952584115563200e-02,2.545345272501364220e-01,3.312175485611218440e-03,2.606784096080610458e-01,3.369342340155528914e-01,3.412303374812093448e-01,5.446947361962944933e-01,5.256576540125892372e-01,3.156426867730759422e-01,1.020126573072052539e-01,5.675803869424809189e-01,1.290393373518308739e-01,1.988702479737016748e-01,7.875830287438871646e-04,3.772203193832697199e-01,4.588095199901834897e-01,1.960102749513004117e-01,1.686223171839580093e-01,1.134464268418953897e-01,7.843430475531970592e-02,3.323530207341995890e-01,2.770005185076003240e-01,5.062835210701290833e-01,5.477659049950673875e-01,5.090321780027203813e-01,5.236041669853179759e-01,4.767420602455152423e-01,6.514313940146125859e-01,4.059412799908895808e-01,7.748049878899546661e-01,6.175395581395590749e-01,5.504404555879380823e-01,2.815716582922791339e-02,1.387099477168400596e-01,1.244133234163083690e-01,7.589006404192998045e-02,2.956491852655069308e-01,4.767642586374191971e-02,1.749662731828787454e-01,1.570071598262007817e-01,5.445698208857987499e-01,1.036806193399532894e-01,8.430070589901708655e-02,2.210040188318458942e-01,4.971565203859609761e-01,5.050037688146821746e-02,2.675750687534399486e-01,4.653376748754733949e-02,2.337130890468545885e-02
3.625799300449594198e-01,5.700440227958438744e-01,2.761522015383110484e-01,5.578505738295167493e-01,5.511615224453856321e-01,6.478186712188418461e-01,3.954215530136460099e-01,3.384103929125341081e-01,4.091803881224341799e-01,2.041344019216518590e-01,3.540034524700729213e-01,5.227995803663615382e-02,0.000000000000000000e+00,5.793798467704113220e-01,4.746082898152301777e-01,6.118277083631336044e-01,6.366780033512838832e-01,6.939921097034227326e-01,2.466854078310686815e-01,5.593557367859067764e-01,5.602462587614680523e-01,5.565665323042765511e-01,3.679114734611456661e-01,2.406733419019482789e-01,5.848842615483016427e-01,6.465077106978363020e-01,6.166482481401553972e-01,8.623662873222869285e-01,7.103728922402456902e-01,2.522691783694854806e-01,4.473258313274740550e-01,1.959906666229420669e-01,4.008348668524061020e-01,4.177373949470035708e-01,9.633216030773288086e-02,6.016751657021410793e-01,4.103332435752308216e-01,1.804649166686565220e-01,9.251513415344556068e-02,3.769370623874764292e-01,6.063022981621435381e-02,7.655482955675280143e-03,1.025035585118497239e-02,3.582127294679889745e-02,3.623820679061873218e-02,5.486963963114448450e-01,4.351114571243845930e-01,2.118293216547854074e-01,6.287791349604494595e-01,7.071759108052122489e-02,1.357876058121261498e-01,2.306773653385376099e-01,3.381239961931212235e-02,2.017847777090270300e-02,1.817822163155289605e-01,2.202704544349542992e-01,3.531671154421233694e-01,1.323621719951505460e-01,1.082044318430139818e-01,3.420939604363331110e-01,6.465851874433057311e-01,6.193957371266316514e-01,6.958734792440078865e-01,9.580784743924661284e-02,2.914687638078480303e-01,5.215558347874873490e-01,5.417776914903026375e-01,2.977972525649252855e-02,1.019985961748099135e-01,7.088543953474135684e-01,5.170904551479320599e-01,8.221181061678613233e-02,5.894682700778455242e-01,7.588626891329980362e-02,4.962531263487120897e-02,4.457533858799199444e-02
2.249502700945886779e-01,3.577049211898509218e-01,1.101770240253727023e-01,3.513981427917221012e-01,4.627287487757124618e-01,5.504710696739347764e-01,2.319970165329109102e-01,4.845441554810421270e-01,1.675390687374766208e-01,8.212188843738471578e-02,2.370064281889320557e-01,1.039317378332238057e-01,5.793798467704113220e-01,0.000000000000000000e+00,2.743812139969353803e-01,2.254426349896453685e-01,2.231340145162329647e-01,3.595816827241648528e-01,1.579728842540983891e-01,3.265278596725342264e-01,3.066666402493549715e-01,2.984259344976109007e-01,4.420993490994642450e-01,2.435745297437633822e-02,2.907039598804685987e-01,2.939296928830160138e-01,3.178105024222349084e-01,5.780239648463395552e-01,4.206559994561432370e-01,4.692292037596397236e-01,2.188689571842442061e-01,7.893585443424214199e-02,2.281860581795114584e-01,2.339078146310803186e-01,7.496472862685130134e-02,4.664705533355635869e-01,3.142919432062875051e-01,7.342501146651982114e-02,9.943280667677596024e-03,2.652923698124324825e-01,3.805720409551287264e-02,2.228944808607259687e-02,3.103823777271516593e-02,9.587533760772831704e-02,3.091052267494973776e-02,3.830038493565958158e-01,2.779637598300829238e-01,6.114603060088252828e-02,2.771579902285166708e-01,6.063195627880965666e-02,8.458862272129857862e-03,3.167893235631807358e-01,2.497352959229796054e-01,7.547088568736401437e-02,9.487204494708800784e-02,1.329029118632405471e-01,3.220923177946953819e-01,7.744147769098161382e-02,1.165719431011069673e-02,1.710419886022077340e-01,3.142525434890239833e-01,3.205066901979854999e-01,3.944595383963557245e-01,2.182639036461191812e-02,6.425617030572626509e-02,3.596737393224362922e-01,2.995501503133233268e-01,1.926463338956783955e-01,1.673995868798700687e-02,4.652268785790600880e-01,3.064122688620046775e-01,6.009674569454611509e-02,2.296907912913139227e-01,1.952923232123776054e-01,1.934995611550553440e-01,1.510079298805895032e-01
6.675260001143430433e-01,6.767015769174011819e-01,5.393264069570199437e-01,3.548862571875819882e-01,2.057691218774593545e-01,4.354620446178765203e-01,6.607755883432465949e-03,1.078558372235103868e-01,4.526906673635036626e-01,3.347719066156761292e-01,3.987075052883075621e-01,8.317954851787683068e-02,4.746082898152301777e-01,2.743812139969353803e-01,0.000000000000000000e+00,6.474259712254788468e-01,6.469585685398425712e-01,6.999226068858475092e-01,2.253234924641368542e-01,8.425402158948419595e-01,7.870811706108234995e-01,9.215332400380654709e-01,5.079942787944237148e-01,5.480360859449957545e-01,9.065682694232607419e-01,7.937501556215256215e-01,8.266601988290900316e-01,6.934954004937327054e-01,4.785928563930174628e-01,1.811507346862389900e-03,6.650544665211159945e-01,2.061315174378686443e-01,4.699812264991030664e-01,2.743509003283349790e-01,3.751185132419249113e-01,4.065100259837052810e-01,3.573924503185172963e-01,2.479907501239200507e-01,4.677950706045129747e-01,6.724021240048960735e-01,5.274465676470558861e-01,4.114370693205167406e-02,3.462359124758093709e-01,1.707141398367204577e-01,2.990625514734598922e-01,6.906360975610027486e-01,7.307448892598414902e-01,4.476071604789711444e-01,4.941672345366209251e-01,3.814077497726797716e-01,3.184510358772723038e-01,3.081772032746750156e-01,1.837148761901341021e-01,4.340305891151449158e-01,2.517750497441425539e-01,5.231507578310721218e-01,3.227830326886133583e-01,4.791313713936352636e-01,1.306927845863961879e-01,8.534230979218244695e-01,7.904893483708969049e-01,6.155284779657999028e-01,7.747345149894730998e-01,2.947237423933523059e-01,8.221743197434806527e-01,8.469046357770081412e-01,9.290479110792970729e-01,3.638676328172783525e-01,6.349508171984997729e-01,7.948568658735630788e-01,7.665981484187693873e-01,5.403164397160862276e-01,8.632063393438818011e-01,5.590566813520904121e-01,3.206194383551479454e-01,5.108622477942921236e-01
6.800131996053879746e-01,7.737373402615335127e-01,2.261137683766210049e-01,3.203524295310160031e-01,1.530412179103532444e-01,5.393079598732740676e-01,1.678516357949086935e-01,5.518363018282104737e-02,2.718975563503385207e-01,4.433115769021265251e-01,1.501387349114052527e-01,5.796646088252048468e-02,6.118277083631336044e-01,2.254426349896453685e-01,6.474259712254788468e-01,0.000000000000000000e+00,9.339850377557187278e-01,8.212804197458403177e-01,1.163510640598619944e-01,6.413793953354997024e-01,5.743808135467798337e-01,7.572039262154748318e-01,2.701526801611355832e-01,4.971465499500674623e-01,8.518447511260164307e-01,8.002374432684778993e-01,7.030324223127140115e-01,6.144049077732579578e-01,5.591812665271960192e-01,5.517252402172029280e-02,6.609497628844176464e-01,2.481642311764104825e-01,3.798570604164857034e-01,4.752915151360629364e-01,1.067962780333086004e-01,1.603827613444200884e-01,3.859703251780422506e-01,3.278673874326928361e-01,4.097840316410550909e-01,5.120834683960261424e-01,6.825925690198464402e-01,4.392059845859878214e-02,4.370790781137034453e-01,2.139592165977194371e-01,3.132255062137990764e-01,6.030055373882250436e-01,5.686309168735959041e-01,1.557390104391027930e-01,4.570699036688652961e-01,3.603882258793826288e-01,1.968554674230703905e-01,3.679398535908168233e-01,6.047002732210441517e-02,2.512427989831997888e-01,3.009878912931778228e-01,2.426159439659694717e-01,4.014993869036363461e-01,5.350157950125873363e-01,3.115000682093924667e-01,6.453472915552693756e-01,8.144201545743878778e-01,7.529578956898566044e-01,8.259088523652158287e-01,9.070207585256767624e-02,6.242208144615593035e-01,5.929995647385096769e-01,7.739788041915753869e-01,7.652722124801544790e-02,5.526798007120828915e-01,7.175285536350695104e-01,6.542895344626570298e-01,3.560844935453332250e-01,7.031163408516442059e-01,5.104877694727625315e-01,4.343544691337747343e-01,5.948123697751732664e-01
5.967677740248675811e-01,7.823948971692855636e-01,2.944684110205674776e-01,3.975085361726429789e-01,2.361642089917654341e-01,4.839018766696327467e-01,3.206697974799980200e-01,1.271645262800040754e-01,3.245674516289411837e-01,5.423455508026405747e-01,1.943428074581322607e-01,1.683034008517638180e-01,6.366780033512838832e-01,2.231340145162329647e-01,6.469585685398425712e-01,9.339850377557187278e-01,0.000000000000000000e+00,8.338791020708655743e-01,1.692120692934724890e-01,6.245806960363553539e-01,5.197833951867358859e-01,7.500045010471505513e-01,2.607298619350160163e-01,4.556809393561674359e-01,7.806427010731866734e-01,8.142755122342328900e-01,5.935161844272787146e-01,5.084177234732791817e-01,5.486138935107912618e-01,1.574216788184736038e-02,7.354131193237998243e-01,3.104132125039179013e-01,3.997510068136106987e-01,5.383483710436657299e-01,4.210132937398312902e-02,1.762483827625497268e-01,4.593049861068448925e-01,4.227534423940612074e-01,3.745803988117500372e-01,4.986861185648087114e-01,5.324102879832454116e-01,6.654218817885504400e-02,5.354335628112042444e-01,2.057026493458643523e-01,2.918161105835002100e-01,5.714183935604407738e-01,5.530148450563461271e-01,2.523648907836540389e-01,4.237693263377804720e-01,4.596312872857743481e-01,3.323324721629097311e-01,4.846446319328238106e-01,1.121885258423385434e-01,4.166162823330821219e-01,4.226496389357946581e-01,3.315038378822718901e-01,4.170083579220197900e-01,6.373602186533759983e-01,3.671013289087433629e-01,6.256189276491955775e-01,6.706406569960632336e-01,7.231771988502440074e-01,7.206444989333262718e-01,1.637210603606613912e-01,6.033853488554236089e-01,5.236724161720384130e-01,7.107436561737786596e-01,1.324221613847483270e-01,4.025318554491422729e-01,6.367104996148238438e-01,7.393615080124745775e-01,4.212469085191170581e-01,6.498701769613043355e-01,5.709188414589148053e-01,2.984477005704542218e-01,5.703904940789323863e-01
5.204002241931255934e-01,7.970758737825411888e-01,2.065662666006643777e-01,3.808949595206911343e-01,2.555613105907741933e-01,5.815159760058079552e-01,2.936813547787208156e-01,7.342398572303365789e-02,2.176680060698183150e-01,2.505455512137275131e-01,1.859063715758445257e-01,1.375988594786068386e-01,6.939921097034227326e-01,3.595816827241648528e-01,6.999226068858475092e-01,8.212804197458403177e-01,8.338791020708655743e-01,0.000000000000000000e+00,8.358425705877858825e-02,8.365555152738324285e-01,5.986305120246803169e-01,8.543827338852254538e-01,2.565388664419141485e-01,4.217875474257204993e-01,8.783851739753690824e-01,7.279194534058026633e-01,7.679117196390379263e-01,5.628526421702371163e-01,6.736129876804309857e-01,8.012349107959444716e-02,5.613175852209154604e-01,3.493633643370691044e-01,4.298778165614784985e-01,3.643821274250042541e-01,2.121875791100936159e-01,3.933240699414592978e-01,4.175309772135777919e-01,2.687918872825746375e-01,5.107159547846371606e-01,5.771197029641688125e-01,6.158012139964103016e-01,1.049198923438269537e-01,4.871885455489378680e-01,2.773872700492133747e-01,2.699657660835643735e-01,5.908018419018797873e-01,6.919784016802359439e-01,5.852782112835702710e-02,6.427133285080539604e-01,2.769407999629528438e-01,1.160040196374422239e-01,2.561379288128866616e-01,3.431418001964251646e-02,1.476997318407544946e-01,1.931136597608299477e-01,1.886672234354610789e-01,2.240027843106960070e-01,4.132421016066961661e-01,2.640587812374927124e-01,5.918066718360144307e-01,8.697241040127248191e-01,6.650338895232743575e-01,9.117060373422434250e-01,4.450495373680299349e-02,6.127890832268005905e-01,5.869921928060697347e-01,7.630867325396467615e-01,3.185542727903172000e-02,4.634302904326059735e-01,7.601548285652497405e-01,6.671338945917801855e-01,2.761587611620335836e-01,7.845939539746800140e-01,4.076473485300953215e-01,3.350529474454346790e-01,5.238690722159106139e-01
4.263733750306616943e-02,1.846007354887956309e-01,6.066418562276956195e-01,3.937265902536363771e-01,4.406483001631192886e-01,1.610177772454863265e-01,2.782804019211734259e-01,3.745121858138369952e-01,4.550119445389519401e-01,1.337013353841278729e-01,5.815384682553080831e-01,2.009795378480122019e-01,2.466854078310686815e-01,1.579728842540983891e-01,2.253234924641368542e-01,1.163510640598619944e-01,1.692120692934724890e-01,8.358425705877858825e-02,0.000000000000000000e+00,2.228158568596226297e-01,1.312860359691245538e-01,2.394705763009652433e-01,3.395000861591971342e-01,1.366804113442914026e-02,1.634987998265196030e-01,2.724032743475843787e-01,2.161304782605245056e-01,3.302298552971512646e-01,2.156615024445551754e-02,1.944387723012663827e-01,2.135586191701172587e-01,4.418716567177023713e-02,2.201673112971595236e-01,1.325150477131343818e-01,7.425068382915137044e-02,1.461639372983382368e-01,5.420127216745244253e-02,1.699499218895166308e-01,4.347136597812664704e-02,2.217508210522708134e-01,2.795059672699191922e-02,3.682828338260475676e-02,2.374719577657086467e-01,7.456103146040524154e-02,1.792813612489199127e-01,8.626843317585757009e-02,1.742258620303462624e-01,4.658297335289862118e-01,2.136257784863974107e-01,2.255031048378846603e-01,2.875547621374441309e-02,4.960380589461677037e-02,2.605740633098138637e-01,3.403825535916908396e-01,1.533610223419425433e-01,5.542348522380378117e-01,3.430929089302791613e-01,1.967151643181616893e-01,2.008128542688416562e-01,1.706266532055111806e-01,8.350609053049019848e-02,2.623688650239398568e-01,1.471324103736834921e-01,6.926470426691355708e-01,1.991178665063328967e-01,1.188721187418814162e-01,3.195782824435449698e-01,2.726899716805328833e-01,1.357215915334508000e-03,1.941221363664974719e-01,2.709683907806832992e-01,1.627625187332384926e-01,3.598789094515267850e-01,4.809315270341399384e-02,2.901012322363516471e-02,4.783243556446528655e-02
5.518825107708063005e-01,7.354905100714792532e-01,4.760734300904648775e-01,2.836578750427950490e-01,1.785946559054313876e-01,4.489120410976945585e-01,2.782172316336453677e-02,5.166421331803391914e-02,4.124927187472516854e-01,1.004787746734203124e-01,3.330442968820767624e-01,2.916425067617766098e-01,5.593557367859067764e-01,3.265278596725342264e-01,8.425402158948419595e-01,6.413793953354997024e-01,6.245806960363553539e-01,8.365555152738324285e-01,2.228158568596226297e-01,0.000000000000000000e+00,7.196894849897510493e-01,9.948103255654261456e-01,3.001866938569765497e-01,3.549657231663000401e-01,9.506046964467474991e-01,7.527654431954807768e-01,7.602302312072386492e-01,7.652104414359621742e-01,6.235222645898428340e-01,4.302176963594256387e-02,5.092183168339760035e-01,7.334995156558402063e-02,2.823841471695439087e-01,9.584247522795180663e-02,4.603141309604590337e-01,5.049935681692719891e-01,3.846057918301590273e-01,8.690762827484649344e-02,3.179785460513315232e-01,4.628789761538188441e-01,4.019548176101047643e-01,6.741683545994414661e-03,1.620410893225891769e-01,1.552078535044798258e-01,1.821787018598152175e-01,6.641064672605949681e-01,7.381365388041101205e-01,3.848892672370606283e-01,5.887755575707080968e-01,1.086780129991892219e-01,6.968287435068881708e-02,6.055200581644878954e-02,8.358251066607561008e-02,2.192842630166986773e-01,1.136432076061206914e-01,3.700523720835492969e-01,2.052974501871981661e-01,2.522575525738921520e-01,7.389152921363502380e-02,7.499710636720533508e-01,9.796037122565928179e-01,6.452989831132178722e-01,9.027318154739820688e-01,1.777344398808685944e-01,9.538645149302442672e-01,7.546453027712413109e-01,9.933628328379583428e-01,6.694085804573596254e-02,4.272830758790272521e-01,9.069534686865420303e-01,6.798994564543958674e-01,2.864784766196770693e-01,8.893935977979465779e-01,3.920386182338635450e-01,2.196089730064436085e-01,3.908827702012579453e-01
7.274821882719949562e-01,6.239779256470745494e-01,2.350741188103601664e-01,3.397960272605736742e-01,4.019140139872510176e-01,5.696189845221287795e-01,2.022775742131151799e-01,2.085869172124111826e-01,4.975833146417351083e-01,2.250799273791655453e-01,3.985319356716295891e-01,2.142545140098570389e-01,5.602462587614680523e-01,3.066666402493549715e-01,7.870811706108234995e-01,5.743808135467798337e-01,5.197833951867358859e-01,5.986305120246803169e-01,1.312860359691245538e-01,7.196894849897510493e-01,0.000000000000000000e+00,7.146598626581041058e-01,4.091773635435310696e-01,2.449502892381396346e-01,6.617542232631296040e-01,5.951356756956995842e-01,8.223945754256947183e-01,7.508152253832529599e-01,7.651830086371910200e-01,2.473229399624613245e-01,5.989494497297387365e-01,2.470981287179880581e-01,4.706467752913532365e-01,3.799265981325389285e-01,2.280616163913393724e-01,4.083517723115002718e-01,2.279943929979802442e-01,7.191924819101490340e-02,4.366996020747693913e-02,5.492074556097950033e-01,1.464167871614730221e-01,8.194320238302045534e-02,4.973543439652460679e-02,1.020620530410569493e-01,7.940740333982293508e-02,7.727454276402460076e-01,4.107730178993242443e-01,3.107689638320301206e-01,4.783514679454156648e-01,1.129176097202588130e-01,1.984946348849433995e-02,1.079451189589584748e-01,1.428754614501792086e-01,2.164747464015004674e-01,1.230395687499669100e-01,3.833618236335484819e-01,1.326051886283826364e-01,1.288841572287405257e-02,2.018707837918723713e-01,7.607562929163804721e-01,6.000130370227944043e-01,4.531463699023668967e-01,5.606255117876992600e-01,6.716993775653792853e-02,6.071541206390541623e-01,8.715834652048839448e-01,7.463712716126633673e-01,1.777597233100183804e-01,2.097520940046228299e-01,7.429437804876030116e-01,4.853618143251191008e-01,2.542349115495293743e-01,5.494255535077265939e-01,2.496598880167018586e-01,4.202643689354394752e-02,1.161105910361190929e-01
