0.000000000000000000e+00,3.989172171014125357e-01,5.004074627780452644e-01,2.584325429719700473e-01,6.984764396813248899e-01,2.993948279636407528e-01,6.328884669758023662e-01,2.163232429452793815e-03,6.842146154621574494e-01,9.014826309436280161e-02,6.011407931917754910e-01,5.085131912611063898e-01,3.948905424924322172e-01,3.959084554992270966e-01,6.678743877933090989e-01,2.965551317192855474e-01,3.248460990166973095e-01,1.335666417452818777e-02,5.919367818626071198e-01,4.134475144903826949e-01,7.664138370806257150e-01,5.071453123324505263e-01,6.101177400741203405e-03,4.203310864902466970e-01,3.207408334525582161e-01,7.390668519099918843e-02,9.480429356345487779e-02,2.215798735570269351e-01,2.759900766737189981e-01,1.248469700468141375e-01,3.303323775758159608e-01,6.299068281877771014e-01,6.761079437763921618e-01,8.644439723445251911e-03,4.266507623634343549e-01,3.203248942756237172e-01,3.099847670052295889e-01,2.274075434349970282e-02,6.344780414298918370e-01,6.365436533825234999e-01,6.380212635011215383e-01,4.421015942287148115e-01,1.124332058289253256e-01,2.810224636784751095e-01,1.983729197934346045e-01,5.959911765139335182e-01,6.839614099325368457e-01,5.684083542100843989e-01,5.159004862004128444e-01,7.543958705756631522e-01,2.181687712268934320e-01,5.578754412262990625e-01,1.755617257073377180e-01,6.447489068853616834e-01,3.768452464623320286e-01,3.530490662878237318e-01,5.818281494112750307e-01,1.134685288195932396e-01,3.992736527729484619e-01,6.621153259311121086e-01,5.358065796177460260e-01,3.826725520837437333e-01,1.783818390208245785e-01,4.771071676405581607e-01,3.900947930732104330e-01,7.805217906591328525e-01,4.913173871986448171e-01,2.884846386636300553e-01,4.795196489356802205e-01,4.728289985675895313e-01,4.165235253853649677e-02,3.305090475088737767e-01,1.367379261760913178e-01,4.464168190199163666e-01,4.777091018984541693e-02,2.072918199921440219e-01
3.989172171014125357e-01,0.000000000000000000e+00,3.565595031265308412e-01,2.747724079454756385e-01,5.437422870141295217e-01,7.138112234314492044e-01,3.776363348365672223e-01,9.510947158388111111e-02,3.579195609190610750e-01,2.954997874464199703e-01,5.635074193250636521e-01,1.900804950030042795e-01,1.588971708082368983e-01,1.796740848461847728e-01,5.920831795940861841e-01,5.944082881686185704e-01,1.719431119361395921e-01,5.993530315712646273e-01,3.027495875348784615e-01,7.171804689500156371e-01,4.355529206796970865e-01,7.870527114560808002e-01,1.220060890653141550e-01,3.951651014039834209e-01,8.203121871929501818e-01,4.902317715070111381e-01,7.777415665679940915e-01,2.034108522911066974e-01,1.081183372842701162e-01,2.491695338579016927e-01,1.493821611941420491e-01,3.265845406854914756e-01,4.754627820838800423e-01,3.780670176633934010e-01,6.144577821172204635e-01,5.282639580089618647e-01,1.277748195747255566e-01,8.592049424353451204e-02,3.521975074443393638e-01,4.182436781446657870e-01,3.191226356487061322e-01,1.477813716454886017e-01,3.245931843437448172e-02,4.227951263700440582e-02,3.440692331876704646e-02,8.267527916754735529e-02,9.176451482471056353e-01,4.728764328427225161e-01,5.763159472702734654e-01,7.149230856516664012e-01,5.343393258032085313e-01,2.195490646581978733e-01,9.393220792633324989e-02,5.686560329249186196e-01,1.500162999298590427e-01,4.345950595396204097e-01,1.362495888931251065e-01,2.466257950533194410e-01,4.586994878179345148e-01,5.353945903952355145e-01,7.808860005442481711e-01,5.074064884293294497e-01,6.135353688655595938e-01,1.684656090139927120e-01,6.662798290389577716e-01,4.047192076274153116e-01,8.076114216002550084e-01,3.334640376742323831e-01,2.533070351635365314e-01,6.807899591001131956e-01,3.563726141206542963e-01,6.680850060939658164e-01,4.889166638481001748e-02,4.113519755933596755e-01,7.840761979534645321e-02,1.175257952344815060e-01
5.004074627780452644e-01,3.565595031265308412e-01,0.000000000000000000e+00,6.510383719197804231e-02,5.222732677242081234e-01,3.878656679700496213e-01,8.952447218761916403e-02,1.812703986172139459e-01,6.223955660352649133e-01,6.101944038688419947e-02,8.247168198259248184e-01,2.869324101123550408e-01,3.523028000586903019e-03,4.061764339530938295e-01,2.210762836360681272e-01,5.533494637873616062e-01,3.746325840142361585e-02,3.164249193870571908e-01,7.746980861711771915e-01,3.712393445570416617e-02,4.665097107203383664e-01,1.480779913298074790e-01,4.679770286808746516e-01,1.769534313742063270e-01,3.035828959046775744e-01,7.490047760826729073e-02,1.815414485089078545e-02,2.410798291626459200e-01,2.881058485034979078e-01,8.722395409676475531e-02,3.610143399497448002e-01,6.767500617117964135e-01,6.416045108984693712e-01,3.505088719530599639e-01,1.647365951563998510e-01,4.791993672523502112e-02,5.096401712747798685e-03,9.571490638985991062e-04,5.800406403093735230e-01,6.053353505801718493e-01,4.502966771140738400e-01,1.288616156969731308e-01,1.502730123532877715e-01,4.871418089499790494e-02,8.187675121853868476e-02,3.320113899107250965e-01,5.270864013875053988e-01,8.844829958909954382e-01,3.030431022896643012e-02,4.555566001747223814e-01,2.206742457665228918e-01,1.137544206806478386e-01,5.537064121669932337e-03,6.989417005130286187e-01,4.060242804665450955e-02,7.965707133067692070e-01,2.688898176014908881e-01,8.619443792548436845e-02,3.550439595696037731e-01,3.354785003473561011e-01,4.739725767724113359e-01,3.972020653803337575e-01,3.703828030036082630e-01,7.589085786147298229e-01,1.677283418175848362e-01,5.027794453808803743e-01,1.984924222013127459e-01,6.742075762097807790e-01,3.844686218002363320e-01,5.282338523243472750e-01,1.956145188257129020e-01,3.137921218565604686e-01,2.380368723740615144e-01,4.344616464316204962e-01,3.996753718682991008e-02,5.477012518693911980e-02
2.584325429719700473e-01,2.747724079454756385e-01,6.510383719197804231e-02,0.000000000000000000e+00,2.785706771009331950e-01,2.646912820032827351e-01,3.670936966545123026e-01,1.466498280955320643e-01,7.623572896592495374e-02,1.026388840590769513e-01,2.252338289646734770e-01,3.778074165241319671e-01,5.207974916137066979e-01,2.069260802163100932e-01,2.209150675477261350e-01,3.530082020428216283e-01,4.438969088932104984e-02,3.376107564561101615e-01,5.321024628831833719e-02,3.673416965115926525e-01,2.224295461136571450e-01,2.120180720149268672e-01,8.697506241404365235e-02,1.828441922522231200e-01,4.146008339787055630e-01,3.360904729500216459e-02,4.053910877840636307e-01,3.077783249102620244e-01,3.062501578239817945e-01,1.048159294084072962e-01,1.529344550563655480e-01,1.588180143881227913e-01,3.608146131798634082e-01,3.423731492621774897e-01,3.380336609740994258e-01,5.983701524830296048e-01,4.990237412734921940e-01,1.096029121733505113e-01,2.559353732847765572e-01,2.759489470728918037e-01,6.932724636802284346e-02,1.269759075104037738e-01,3.055695043258542798e-01,2.908492356376343180e-01,1.729001927066459166e-01,2.643955820009955548e-01,3.750545532515910940e-01,3.515420340892737305e-02,6.179606712877583341e-02,1.695873445400338797e-01,3.688097968531162119e-01,1.410024909529490333e-01,7.118469495849849560e-03,1.013192219787931864e-01,4.428281671792425739e-02,1.157345525689250920e-01,3.345821645530096533e-01,2.323057894646000099e-01,3.248570923802095445e-01,2.776876662919925964e-01,4.716360178594112829e-01,4.605314794071159179e-01,4.500011121679524106e-01,6.761112644149711026e-02,5.000066655535837512e-01,2.078541930030444185e-01,3.246930334696207510e-01,9.984537976349322497e-03,3.448698539932569807e-01,5.474109260157461465e-01,1.927561514533936426e-01,4.773180449752372767e-01,1.540465411846880239e-01,6.158133294020962101e-01,3.560596255957881873e-02,8.924733468848755624e-02
6.984764396813248899e-01,5.437422870141295217e-01,5.222732677242081234e-01,2.785706771009331950e-01,0.000000000000000000e+00,6.035364832035423621e-01,6.188386078240877275e-01,3.275041484022844784e-02,7.545340511433608066e-01,2.348622798585692228e-02,6.882581824908695634e-01,4.189432387399785740e-01,3.437599777496538334e-01,4.246992738014091495e-01,7.537574988613454652e-01,5.342967784013357146e-01,2.974062760646236647e-01,2.032938066652116849e-01,5.343575891078531370e-01,5.361635219514941930e-01,8.129495213049526825e-01,6.122502841077672731e-01,2.177939816466639700e-02,3.312324544074172761e-01,4.539444610412325942e-01,5.851953846951075955e-02,3.270149248074963877e-01,2.015158375778777766e-01,1.491048119870795330e-01,1.208995938402248060e-01,3.122062989518659681e-01,6.501175801664400566e-01,7.565377817359530965e-01,1.159084501109671900e-01,6.200180581092678000e-01,1.898069696493706049e-01,1.439550630665038522e-01,3.397449798235737672e-01,5.337657090973968455e-01,7.233015498323061010e-01,4.554375548489790759e-01,1.399898482012255918e-01,1.394038297008607652e-01,2.021269709120331326e-01,7.296590501651070704e-02,3.024010999757389961e-01,8.850028692799917218e-01,6.673979032159818026e-01,4.917977585322597101e-01,9.019916030455512601e-01,6.727843047324140180e-01,4.750381493743531247e-01,3.247919074730307165e-01,7.700609528433872697e-01,2.731658502956921808e-01,5.601468778056152287e-01,4.100045162308563196e-01,1.056874502967474483e-01,5.900328302459771912e-01,8.617860448050496114e-01,7.693601285945255164e-01,5.568784280786940322e-01,5.397986491766477712e-01,3.606683800473353130e-01,6.753493515010007275e-01,8.244283685499287362e-01,6.894624422078239334e-01,2.632825688351588811e-01,5.187323581407176087e-01,6.399617731177076330e-01,1.460612674842455549e-01,7.897165201720061090e-01,6.879421689276415952e-02,7.911255030629593676e-01,7.649853963360195297e-03,8.161648422660604946e-03
2.993948279636407528e-01,7.138112234314492044e-01,3.878656679700496213e-01,2.646912820032827351e-01,6.035364832035423621e-01,0.000000000000000000e+00,4.693015427264009554e-01,3.893599492074609758e-01,5.536687105210138515e-01,1.585231579010865088e-02,5.777094795270469874e-01,3.116280837757227640e-01,1.844500283668476515e-02,1.499056168136301270e-01,4.617462372223101186e-01,3.693488915024630281e-01,1.851127259082236409e-01,3.135329559364031793e-01,5.146713573997592217e-01,4.563036636748827868e-01,5.053552586383550649e-01,4.404907417529421720e-01,3.325823781420338410e-01,1.432871882594207169e-01,5.330591289283395096e-01,1.700475808579737791e-01,6.077720033161490010e-01,3.073916689135381963e-01,1.464357772279145653e-02,1.428531630102699568e-01,9.325776798549255397e-02,3.814378645217575969e-01,4.885655939686672777e-01,3.846471734000737053e-01,5.006880999808013266e-01,4.913946967618663675e-01,2.078067789581210523e-01,6.023844659021873604e-02,3.596508609206701124e-01,4.315815085141673224e-01,2.317288250657746906e-01,9.793582384840970878e-02,2.137641042665048841e-01,1.613305628584557339e-01,8.661822232476926176e-03,2.031459837624421949e-01,5.276726122809660691e-01,4.850810043711361041e-01,5.511311543506067778e-01,7.299398020259596498e-01,6.843137559680674276e-01,4.262730517943407182e-01,3.905696949379670602e-01,6.571890338401955578e-01,6.092129021327151728e-01,3.321440754021931507e-01,3.370893703188335144e-01,2.580443370713690343e-01,5.386985895812429481e-01,4.794813396169543829e-01,3.441122276391425649e-01,1.087746520348409074e-01,2.927538951684707791e-01,3.592265569131314895e-01,3.669469045665783580e-01,4.518302260547302218e-01,4.085549853904442696e-01,1.305769128215941155e-01,1.310815954818199125e-01,2.759994866848802797e-01,1.592187167197292030e-01,6.511665482349564549e-01,3.391511564235584197e-01,2.335723184033220434e-01,3.864137496425410490e-01,4.445842400648518655e-01
6.328884669758023662e-01,3.776363348365672223e-01,8.952447218761916403e-02,3.670936966545123026e-01,6.188386078240877275e-01,4.693015427264009554e-01,0.000000000000000000e+00,4.352490565570116265e-02,4.196684062351674904e-01,2.296339285180343248e-01,3.796814115489389740e-01,5.172877612275614823e-01,5.355230601920561995e-01,1.565388633387312656e-01,7.292953924884735262e-01,8.691577873284511702e-02,5.752058559211841171e-01,1.626889816959163348e-01,2.874697250529572590e-01,5.959060971175591526e-01,6.983888008354419696e-01,4.887743927689260359e-01,1.478357893393689448e-01,2.356526855240365370e-01,2.770753222198291121e-01,3.517741794076624795e-01,4.040404301485246430e-01,1.926565048685583426e-01,1.701678797039807289e-02,1.333252210316548947e-04,8.339987208517529726e-02,4.354344675947725007e-01,5.435120209656056911e-01,4.244030991485244764e-01,7.312036681796004745e-01,4.157193094017070933e-01,3.633422285039200617e-01,3.951023388157219318e-01,4.070888699126019583e-01,6.175771824586473446e-01,3.517278002980416818e-01,2.429343374810303546e-01,3.484794964358169378e-01,2.986190758092604480e-01,8.409613165387086475e-02,2.830153638050700859e-01,7.368732679667439056e-01,2.943569886187529239e-01,4.357036564718078653e-01,6.323794224728672697e-01,6.438321619190282563e-01,5.143675705754007232e-01,2.239159500715828255e-01,3.679953579669366093e-01,5.228436605891921829e-01,1.066871148642675182e-01,6.104334225220103827e-01,1.199720624991335305e-01,4.649715978370308478e-01,7.857612771206026192e-01,7.024738627763014165e-01,4.559730423533136512e-01,4.403467216619290636e-01,8.199007507385133731e-02,7.603911051727658688e-01,6.810612072838472253e-01,6.667955909454545971e-01,3.676165824839927598e-03,4.547057882523774519e-01,4.003905969359884409e-01,1.717926144988203008e-01,8.246998153423618083e-01,1.768566263142650197e-01,7.348417325014701129e-01,7.287889516499078402e-02,3.444541926759495110e-02
2.163232429452793815e-03,9.510947158388111111e-02,1.812703986172139459e-01,1.466498280955320643e-01,3.275041484022844784e-02,3.893599492074609758e-01,4.352490565570116265e-02,0.000000000000000000e+00,6.415276198131503183e-02,2.875058166640936941e-02,1.764167018452528213e-02,3.271830519757105704e-01,2.416857281399434898e-01,1.282409495453801507e-01,1.406327064209126620e-01,1.393422184056381519e-01,1.027066797665446285e-01,1.184741777142399033e-01,4.567409348118267598e-02,8.860039802253222296e-02,2.485933265046682550e-01,1.840208810999693911e-01,5.413182158292441093e-01,2.579662713642255079e-01,3.193494582417660821e-02,2.476657788019931972e-01,1.967068258901358835e-01,1.557898966334217428e-02,5.397215022549518848e-02,8.470379990475390697e-02,1.094133827098038581e-01,3.460949370717875812e-02,8.330763516075694042e-02,4.712830838325710037e-02,5.073461597477191276e-02,1.219860654069397365e-01,1.245446461610820593e-01,1.601248033267908544e-01,1.116580137921713289e-01,7.695106388680154896e-02,1.147416013136743351e-01,1.104093336626438548e-01,2.266266073305864548e-01,7.485374732736052583e-02,6.868063013203860867e-02,5.092154955959898865e-02,1.913249631197916079e-01,1.677681401073401191e-01,3.229845394550628357e-01,1.925376110614569480e-01,1.492756778269916373e-01,1.728237590467559537e-01,5.399123983906617408e-01,1.878144647857471483e-02,3.248948604362954518e-01,2.163961653015205600e-01,1.141756650331215983e-01,5.091670191799327339e-02,1.839126268230628636e-01,8.955595428893209364e-03,3.382844437224882261e-01,3.219464690753923719e-01,3.370634430037173224e-01,3.476203870799884910e-02,2.081964624994140090e-01,1.502584900113070887e-01,5.348804116344867132e-02,2.185526391351053643e-01,1.046598529170123526e-01,4.033103473260675753e-01,2.040451848379725985e-01,8.247140372201977598e-02,1.401286252242681107e-01,4.226359839154618658e-01,2.057802088669264673e-01,1.399732593295897609e-01
6.842146154621574494e-01,3.579195609190610750e-01,6.223955660352649133e-01,7.623572896592495374e-02,7.545340511433608066e-01,5.536687105210138515e-01,4.196684062351674904e-01,6.415276198131503183e-02,0.000000000000000000e+00,1.042341203868005217e-01,7.292176402302856797e-01,2.584797560661699078e-01,1.822103683181812150e-01,4.632706131697443275e-01,5.679109770218134789e-01,3.955962791082856533e-01,2.157116574813481014e-01,1.223241326929723483e-01,6.200510501020396470e-01,2.537179206261895303e-01,7.298949310947430158e-01,4.148865176964035562e-01,1.263785310959795183e-01,4.220516772889482682e-01,3.327238617969691115e-01,9.079829942999290138e-02,1.113654691569865296e-02,1.205517464682979156e-01,2.495452166003452321e-01,2.388360903303770044e-01,4.338074286230604870e-01,7.817505592849210982e-01,7.324628443772888131e-01,1.641495793905969891e-01,4.362670230477773137e-01,4.533729969408415578e-02,4.150927757839489862e-02,1.921365442140144930e-01,7.079684300257118590e-01,6.811161050906247016e-01,5.404836142907275542e-01,1.319257071207571852e-01,5.008591174887340458e-02,1.863241658431942782e-01,1.138765403233751583e-01,4.695828991374029204e-01,7.826603209849575249e-01,6.189785615889180637e-01,3.557739692570462964e-01,7.331257339864565292e-01,5.491599302131942029e-01,4.480674811592691431e-01,3.513267447936916921e-01,8.253525553329101871e-01,1.632266461381440825e-01,5.554661403621291571e-01,2.887386593911349664e-01,1.122296122810060304e-01,4.683009322751310322e-01,6.821977133613483790e-01,5.865192923518116608e-01,4.822155080532078975e-01,4.243496789268604852e-01,4.510144702628821611e-01,3.940338005809109756e-01,7.642172667186484247e-01,4.877631949618612683e-01,3.462763246333372402e-01,6.341861905326060533e-01,5.944333069830461946e-01,2.814800947071238735e-01,4.853391810543141727e-01,9.467203370941246199e-02,6.138022532091462757e-01,1.107621714170997501e-01,1.568452620485314974e-01
9.014826309436280161e-02,2.954997874464199703e-01,6.101944038688419947e-02,1.026388840590769513e-01,2.348622798585692228e-02,1.585231579010865088e-02,2.296339285180343248e-01,2.875058166640936941e-02,1.042341203868005217e-01,0.000000000000000000e+00,5.881152028326747105e-02,5.020716935089052368e-01,3.278601207364062464e-03,6.250487250583397492e-02,9.905227933011281904e-02,1.468033053574858415e-01,6.089317865744582337e-01,4.184415635485962959e-01,2.167870270205131400e-02,2.802362390390586433e-02,2.404930707730473238e-01,1.994312440490716432e-01,3.341720867600928013e-03,3.575872606434331580e-01,4.847664211169935289e-01,6.823515421944528203e-01,1.947134481359585889e-02,1.520521560717423837e-01,7.601715262358077485e-02,1.512805626850128871e-01,1.025679662039991613e-01,1.376788808219965854e-01,6.819963970633416417e-02,2.096445256199867269e-01,1.663380647083723129e-01,4.670492524157575376e-02,2.994244174602800346e-01,2.848604952833607706e-01,5.497315863780063289e-02,1.770027301559735367e-01,1.718640525913100181e-01,4.130507863692868264e-01,1.558484552975979709e-01,1.583485536570793939e-01,2.261440326579954307e-01,2.971564460843112987e-01,2.933033845292701280e-02,8.519650480793158898e-02,3.195854648994455038e-01,5.155006236846818024e-02,5.646832307337661117e-02,3.271212827957465930e-01,6.393052333623303052e-02,1.595548543762047022e-01,5.843864717716609203e-01,9.793792914089280432e-02,5.723133810171898705e-01,1.905028446184436064e-01,1.284168202845577256e-01,1.073348035101084896e-01,5.154022568936994508e-02,3.921755924266317472e-01,2.809336023961316320e-01,6.721162320462323314e-02,5.019645291640423279e-02,1.414693639385550261e-01,1.588274831215427396e-01,7.799166010173980146e-02,9.192383361157541177e-02,2.821438618205953652e-01,6.207026790655969517e-01,1.227744599637897727e-02,1.351657655898003130e-02,1.695261412207357821e-02,3.177714096182582826e-01,2.884457909736736769e-01
6.011407931917754910e-01,5.635074193250636521e-01,8.247168198259248184e-01,2.252338289646734770e-01,6.882581824908695634e-01,5.777094795270469874e-01,3.796814115489389740e-01,1.764167018452528213e-02,7.292176402302856797e-01,5.881152028326747105e-02,0.000000000000000000e+00,3.456879639166228202e-01,1.448365403964731735e-01,4.521175440560155634e-01,5.499113829742028337e-01,5.826079867642107724e-01,1.327327799652931462e-01,2.953969331979243718e-01,8.098637710612940355e-01,4.025323541341939149e-01,6.604522151674466768e-01,5.031143646612430409e-01,2.003753059303795270e-01,4.169482720589979263e-01,5.060137012115425437e-01,6.940805141223055363e-02,2.779909495110996498e-01,2.475780517326549024e-01,2.560541730522996051e-01,9.625543241254741478e-02,3.314999485089121789e-01,7.471376719935635125e-01,7.321618915957368579e-01,1.230479826292113152e-02,5.099686354790523568e-01,2.005323871277879810e-01,1.680230681145604421e-01,4.747111126181929874e-02,6.333154404439306218e-01,6.819340473469973629e-01,5.875196140076464069e-01,1.620659618084781539e-01,2.979215631076534421e-02,6.132723895357949234e-02,3.253569169667504257e-02,2.913392953822611098e-01,7.319677191957624229e-01,8.428813305511838605e-01,3.273615225620291613e-01,7.112883262648042049e-01,4.562400943616892190e-01,3.144511592360166863e-01,1.724019752481100176e-01,8.150059001379695856e-01,1.901561497766526554e-01,7.849148626759718805e-01,2.973941921256402776e-01,2.070905076894924979e-01,5.655302014573819758e-01,6.524322605710488610e-01,6.866739180620706762e-01,5.435753610293521110e-01,5.054952441137809949e-01,6.696747024934295300e-01,5.211479796568067036e-01,6.809345829203511391e-01,5.306841524509209318e-01,5.215593880737273702e-01,5.573766890105167349e-01,5.826297269564022496e-01,1.728154420739153041e-01,5.976290916127400266e-01,8.844925883387672050e-03,6.202919568535828487e-01,1.902675494576089033e-01,1.323204673090853101e-01
5.085131912611063898e-01,1.900804950030042795e-01,2.869324101123550408e-01,3.778074165241319671e-01,4.189432387399785740e-01,3.116280837757227640e-01,5.172877612275614823e-01,3.271830519757105704e-01,2.584797560661699078e-01,5.020716935089052368e-01,3.456879639166228202e-01,0.000000000000000000e+00,3.264096575578356307e-01,1.202226547621837727e-01,3.187480532883905648e-01,2.366629667079712118e-01,4.634136428261779739e-01,2.796616573061200262e-02,2.592388690219855629e-01,2.709141764998587165e-01,4.730194020596116822e-01,1.065522966421347806e-01,6.305573462993369072e-02,1.534122662951531990e-01,1.394117719862546512e-01,4.919775029619422035e-01,1.481858954841809295e-01,3.493149243236638446e-01,3.245719237558268300e-01,1.135330220258662370e-02,9.126184364832685969e-02,5.428984328937398463e-01,4.266793406294627777e-01,3.251315390034045794e-02,3.293641378191293767e-01,4.142132596913368214e-01,5.129824797344552101e-01,3.199036427943872107e-01,5.435539245650439222e-01,5.209958236697185274e-01,1.857925443550440259e-01,3.611852772634074338e-01,1.069746482467630044e-01,2.204037509447139553e-01,4.203500319591922663e-02,4.235866347028066081e-01,5.189215680242831308e-01,3.870614273117590209e-01,1.404230578399174867e-01,3.626188006219498439e-01,2.829935270476552356e-01,3.238823037238079405e-01,8.904485378202875445e-03,2.869176943793427248e-01,4.354382507431211469e-01,1.595009936621056279e-01,8.057371167206893725e-01,3.039795220872398840e-02,3.389939074847228562e-01,3.893699927075293665e-01,4.684374025621695359e-01,2.305308878513522564e-01,2.981164505390435648e-01,1.769828374493651046e-01,3.403623248038424864e-01,4.642154025395748285e-01,2.746991525686748314e-01,1.409852058787919860e-01,9.774224640875001091e-02,4.181426693186863219e-01,1.962561369033892777e-01,4.047425798334428615e-01,7.505744326213945050e-02,5.504697161550230478e-01,1.756015302423863111e-01,1.599102679309078456e-01
3.948905424924322172e-01,1.588971708082368983e-01,3.523028000586903019e-03,5.207974916137066979e-01,3.437599777496538334e-01,1.844500283668476515e-02,5.355230601920561995e-01,2.416857281399434898e-01,1.822103683181812150e-01,3.278601207364062464e-03,1.448365403964731735e-01,3.264096575578356307e-01,0.000000000000000000e+00,4.516079438003295365e-02,3.688589223511528070e-01,1.264275575713391664e-02,2.507667434434306952e-01,6.545365348275572481e-02,1.101820324340132551e-01,3.884147315852817250e-01,3.937479379524857492e-01,3.036612853643346210e-01,5.365918710729822294e-02,1.546246590102677287e-01,2.387231641116924208e-01,2.089785646313234713e-01,1.651192444824224892e-01,3.392214219843044942e-01,1.881433189214618551e-01,6.166468197166571907e-02,2.662061313256499084e-01,4.170700395547417005e-01,3.206493103624094565e-01,8.524925042710339296e-02,3.586838466093354993e-01,2.873760302941529288e-01,3.828696425346419518e-01,1.477727069449017994e-01,4.021037010769147324e-01,4.702976873329280938e-01,2.810182932877481887e-01,1.126778124089950345e-01,2.678200378048789521e-02,1.487847833238961082e-01,2.077457906220980810e-01,3.626637414848893903e-01,4.678453108556839268e-01,4.794970359927133718e-02,1.622217351622119441e-01,2.632000172603345955e-01,2.378287517425602127e-01,1.791272288456968731e-01,3.093925524863011534e-02,9.393480144524893327e-02,5.422696528130394045e-02,1.176185573057614286e-02,3.598775769406652447e-01,2.747770879035527081e-01,1.743722822668049566e-01,4.621048251814671159e-01,5.109132525678343750e-01,4.309377994028784076e-01,2.289385430034226732e-01,3.971266438408438404e-02,4.970298652837257247e-01,4.039086131587432682e-01,3.750082831475980427e-01,1.588014908880581444e-01,3.733088789698642551e-01,4.796792245724976755e-01,1.702276844273111212e-01,4.770711994114827936e-01,3.986120333077858291e-02,6.408173126061394997e-01,7.181088449632058723e-02,2.521278378091839634e-01
3.959084554992270966e-01,1.796740848461847728e-01,4.061764339530938295e-01,2.069260802163100932e-01,4.246992738014091495e-01,1.499056168136301270e-01,1.565388633387312656e-01,1.282409495453801507e-01,4.632706131697443275e-01,6.250487250583397492e-02,4.521175440560155634e-01,1.202226547621837727e-01,4.516079438003295365e-02,0.000000000000000000e+00,3.846750010330938219e-01,1.123455667231650218e-01,1.668908951072743119e-01,3.222750280854903490e-03,5.273038242155677624e-01,1.218308566360059852e-01,4.838778651533000019e-01,2.417620124115316127e-01,3.204739049007698792e-03,1.930298487352819781e-01,1.495490567970284845e-01,5.720397742602782720e-02,9.262650966517946283e-03,5.570111747516812151e-02,5.103315668188807691e-02,3.060147381170419401e-02,8.561684418843301669e-02,4.446356347247998331e-01,2.486287060741137200e-01,2.748059112007053550e-03,2.438896044175883349e-01,1.077212245149067049e-01,3.464310055601671490e-02,7.447148042526793854e-02,4.219051647683505490e-01,4.031703764120891931e-01,3.326638105007995172e-01,2.616480591740599770e-01,1.591004008126423175e-03,3.660734010692174856e-01,7.139498214037454105e-02,1.606605945837712712e-01,3.703910564408023909e-01,3.795185236093268077e-01,4.051164527465099252e-01,4.373840205523871205e-01,1.599965597882515023e-01,3.558146174085362046e-01,2.831078956591490670e-01,4.298653301642804125e-01,1.298110533234266561e-01,2.464424499484491327e-01,1.301876546891424236e-01,4.935228005939804041e-03,2.103028301313545345e-01,4.072815659612954997e-01,2.319385292467380510e-01,2.002680847948038467e-01,8.252320144822369863e-02,4.757637863596481664e-01,7.898532371986975720e-02,5.117561770510038466e-01,2.451639441534452513e-01,6.481458946083579198e-02,2.573105324789123349e-01,2.306689516592678735e-01,1.653657593823326666e-03,2.617500633424238443e-01,2.412659286256964020e-01,1.411810974643171179e-01,1.073791673497779264e-01,1.394087549948441473e-01
6.678743877933090989e-01,5.920831795940861841e-01,2.210762836360681272e-01,2.209150675477261350e-01,7.537574988613454652e-01,4.617462372223101186e-01,7.292953924884735262e-01,1.406327064209126620e-01,5.679109770218134789e-01,9.905227933011281904e-02,5.499113829742028337e-01,3.187480532883905648e-01,3.688589223511528070e-01,3.846750010330938219e-01,0.000000000000000000e+00,2.083233682058850955e-01,3.643225786727739557e-01,4.868971363530444352e-02,4.870797957174763937e-01,6.589498743169474038e-01,7.831389420379869515e-01,7.778147614719765901e-01,3.102197794002336528e-01,2.707482061558640352e-01,3.628961376143887696e-01,6.627357029020014556e-02,3.944043376282770352e-01,1.008052170623927601e-01,3.828645888035336897e-02,1.176632628033610073e-01,9.563913906533311193e-02,5.453247716244569165e-01,3.847642913039571178e-01,3.832421012862607945e-01,6.143484445569005192e-01,3.972466086524137907e-01,2.670451145335235310e-01,1.500544901261782471e-01,4.732632873246929162e-01,5.811654553318312821e-01,5.000796654985716350e-01,3.336997250123164283e-01,3.703453963313267372e-01,3.104703734708607610e-01,1.348532288856243988e-01,1.656145847096335277e-01,6.077390596135332501e-01,3.803241657219544325e-01,6.503830025579336871e-01,7.637400156717271127e-01,5.652594287949121998e-01,6.199951101138082565e-01,3.254680589839589744e-01,5.290737066094324259e-01,4.058661061280077198e-01,1.746318113351967849e-01,3.457523588591946972e-01,2.239396801260268299e-02,5.278038672378321250e-01,8.616646815558024475e-01,5.102744868453689131e-01,3.557482765478888753e-01,2.609718090594080886e-01,2.860811544235258852e-01,5.821896301005720087e-01,7.313659689140512565e-01,6.666851028640091714e-01,9.981187447439349159e-02,3.804031113504127148e-01,2.980863482000256082e-01,1.230327890528553070e-01,6.918338203996217128e-01,1.033316724490473959e-03,5.253061125327389558e-01,1.985672692893285796e-01,5.645965361190366516e-02
2.965551317192855474e-01,5.944082881686185704e-01,5.533494637873616062e-01,3.530082020428216283e-01,5.342967784013357146e-01,3.693488915024630281e-01,8.691577873284511702e-02,1.393422184056381519e-01,3.955962791082856533e-01,1.468033053574858415e-01,5.826079867642107724e-01,2.366629667079712118e-01,1.264275575713391664e-02,1.123455667231650218e-01,2.083233682058850955e-01,0.000000000000000000e+00,4.165649048706331348e-01,7.108352375098138110e-01,3.614428729533292750e-01,1.674986949614395704e-01,1.754778601711616814e-01,2.716265810619115095e-01,1.376752550377225437e-01,2.270789554417053657e-01,5.492674076374906011e-01,2.916538686530188440e-01,1.919116514974124610e-01,4.447400199523482422e-02,2.362313831318788027e-01,9.110912744117433126e-02,3.811405541795024332e-01,1.901594509420298784e-01,3.827425985302409517e-01,1.005790205358175760e-01,1.426298515150900836e-01,3.095379778402073123e-01,2.188366391019459789e-02,3.147115712712705848e-02,1.740211478977462256e-01,2.492693611704482892e-01,2.206754044470698728e-01,3.468023795206775367e-02,2.799542527003398007e-01,9.970774162263067175e-02,1.172016262905865025e-01,1.011876007135836253e-01,5.008940193819773068e-01,5.445230750644767248e-01,1.661865720605625873e-01,4.636774848430385565e-01,2.156210163068829899e-01,3.361540213347991024e-02,6.685266227974934194e-02,5.556148255084027987e-01,3.671237272411539965e-02,6.703653643722172761e-01,8.568786594983618388e-02,2.138174455019077325e-01,2.998592849800545412e-01,2.558602979075453865e-01,5.242008944180838181e-01,5.245476163549072091e-01,5.390588542704772834e-01,3.223116789387774350e-01,2.286662253153136093e-01,1.870944867236410403e-01,2.662450184569741807e-01,4.593622163907062905e-01,2.282761122535320597e-01,6.102252014331590591e-01,3.064938894614190890e-01,2.287865412673648069e-01,1.336468570179608628e-01,3.648569225310228648e-01,5.977224607364134412e-03,5.258417017298705476e-02
3.248460990166973095e-01,1.719431119361395921e-01,3.746325840142361585e-02,4.438969088932104984e-02,2.974062760646236647e-01,1.851127259082236409e-01,5.752058559211841171e-01,1.027066797665446285e-01,2.157116574813481014e-01,6.089317865744582337e-01,1.327327799652931462e-01,4.634136428261779739e-01,2.507667434434306952e-01,1.668908951072743119e-01,3.643225786727739557e-01,4.165649048706331348e-01,0.000000000000000000e+00,6.367838177542384237e-01,2.891044246343522084e-01,1.060574963133918969e-01,5.110182646523351302e-01,1.537120146997245085e-02,1.765232224296043040e-01,1.270954775756259203e-01,3.201141883733181204e-01,6.574868606048100972e-01,9.066858921884107803e-03,3.132128674650972444e-01,1.222555321807408113e-01,1.190939190256378177e-01,3.212410250467845341e-01,4.009909309171642011e-01,2.841116295413388393e-01,6.436715970243209184e-02,2.951691156386295201e-01,2.753114512149001936e-02,3.740227185569804380e-01,2.105366305511417180e-01,3.638777964169196411e-01,4.653285627774441657e-01,1.662157787504125184e-01,4.218818125614290926e-01,3.824316126675718630e-01,4.014284323433939261e-01,7.137560905393552924e-03,2.946213078431031418e-01,2.344633048941767994e-01,2.433046310702291215e-01,1.170251689336016809e-01,2.542610077717589734e-01,1.874630030492091814e-01,5.874982913871731327e-01,3.285033740341662956e-01,1.375035229538670301e-01,5.560744411555131883e-01,9.570754705131295781e-02,5.038210892663279594e-01,2.137885975803903160e-01,1.452184415930452832e-01,3.716341050540665769e-01,4.005696461259644625e-03,1.662384098357416740e-01,1.993088124329692179e-01,2.230166325538324168e-01,4.976591948973896340e-02,4.787392962504976035e-01,5.356442556827423207e-02,1.300657202029731896e-01,1.677633638990898568e-01,9.110382791361948396e-02,5.144113997287496076e-01,2.471056410349997401e-01,1.053124128060952402e-01,1.058226545290936182e-01,2.748924230446518346e-01,2.422341894983933985e-01
1.335666417452818777e-02,5.993530315712646273e-01,3.164249193870571908e-01,3.376107564561101615e-01,2.032938066652116849e-01,3.135329559364031793e-01,1.626889816959163348e-01,1.184741777142399033e-01,1.223241326929723483e-01,4.184415635485962959e-01,2.953969331979243718e-01,2.796616573061200262e-02,6.545365348275572481e-02,3.222750280854903490e-03,4.868971363530444352e-02,7.108352375098138110e-01,6.367838177542384237e-01,0.000000000000000000e+00,1.413794268383570807e-01,1.226084307485897917e-01,1.593356252150811558e-01,2.111628928383717518e-01,8.161024266613017830e-02,2.223649426276114172e-01,7.722922995237961885e-01,5.773488117261020847e-01,2.902397525455884253e-01,8.951423121284884932e-02,2.146064978184964445e-01,7.994292378234971186e-02,1.601291638014548657e-01,1.378021925911906975e-02,2.116233149842967343e-01,4.717674142062044940e-02,5.827500281910402702e-02,2.482844677146558432e-01,3.801473723899027879e-02,8.132071216019570725e-02,7.248292541630355079e-02,1.649689700365775114e-02,3.960112381816163762e-02,2.519642819699324798e-01,4.225500501548289378e-01,2.086880566179467045e-01,4.807877261525358992e-02,1.275535119854347144e-01,3.117656720305054807e-01,2.481511611815137019e-01,2.969851976507206087e-02,1.892185942534599374e-01,2.120659930797847981e-01,3.234513127146957379e-01,1.325687902959194475e-01,2.786594126716135378e-01,3.191153514514522560e-01,4.853624493085124114e-01,1.464626419304931870e-01,2.344375698339485337e-01,1.605006456327420505e-01,4.055626062773234897e-02,4.020613901873392737e-01,4.397230823807125044e-01,6.055181707900956223e-01,1.263231626787915951e-01,1.954098555341724497e-01,1.227800746633763151e-01,1.992049853672305249e-01,3.231319420870226722e-01,1.520758281288234204e-01,6.175073928895160602e-01,5.460292131889472600e-01,1.999249883241439874e-01,9.287040784661959592e-02,2.467720678945768964e-01,9.994668516208149445e-02,4.891199916773791845e-02
5.919367818626071198e-01,3.027495875348784615e-01,7.746980861711771915e-01,5.321024628831833719e-02,5.343575891078531370e-01,5.146713573997592217e-01,2.874697250529572590e-01,4.567409348118267598e-02,6.200510501020396470e-01,2.167870270205131400e-02,8.098637710612940355e-01,2.592388690219855629e-01,1.101820324340132551e-01,5.273038242155677624e-01,4.870797957174763937e-01,3.614428729533292750e-01,2.891044246343522084e-01,1.413794268383570807e-01,0.000000000000000000e+00,1.482962871653102921e-01,6.480541746086728727e-01,1.962957672357953376e-01,1.801509366215529040e-01,2.023772128853049412e-01,2.721241760384233710e-01,8.613606899313777654e-02,1.120678403535620427e-01,3.092890654625589097e-01,1.395949914738146835e-01,1.088472027584945767e-01,1.481504186092149067e-01,8.020603429719129762e-01,6.671807730582083318e-01,9.917675421578509010e-02,3.853172316403535858e-01,1.599520567316384256e-01,6.030159819693887285e-02,1.819999350593419496e-02,7.229703042801098878e-01,7.229915717732272595e-01,5.174554471808620049e-01,2.486225692337534210e-01,1.333772577310107788e-02,8.819987886740056349e-02,2.297865520342184942e-02,3.522040622305006585e-01,5.596449009145256781e-01,7.010546337104605064e-01,1.588871116691913110e-01,4.805670890041320864e-01,4.205964781421294152e-01,3.439587123632775190e-01,2.640567486272996089e-01,6.021158730999772724e-01,2.316822430087178697e-01,5.257387677273674953e-01,3.232572751668116862e-01,2.363102034252995143e-02,3.868524512826289063e-01,5.748356670047800598e-01,4.951623244772315191e-01,3.285363479343939574e-01,3.380203894662237030e-01,8.494590751592949740e-01,3.157632627175662177e-01,6.711181878941406831e-01,2.841686211821087271e-01,3.176939795223822638e-01,4.288171634633745621e-01,4.258900724390795589e-01,9.557164493914749315e-03,5.059951885343603184e-01,1.820083870355849176e-01,4.779055220864876219e-01,2.670284463925587382e-02,1.986101479234425593e-02
4.134475144903826949e-01,7.171804689500156371e-01,3.712393445570416617e-02,3.673416965115926525e-01,5.361635219514941930e-01,4.563036636748827868e-01,5.959060971175591526e-01,8.860039802253222296e-02,2.537179206261895303e-01,2.802362390390586433e-02,4.025323541341939149e-01,2.709141764998587165e-01,3.884147315852817250e-01,1.218308566360059852e-01,6.589498743169474038e-01,1.674986949614395704e-01,1.060574963133918969e-01,1.226084307485897917e-01,1.482962871653102921e-01,0.000000000000000000e+00,5.502871034657873528e-01,8.491217921064656560e-01,3.436011449588177724e-01,2.858123832111539864e-01,5.478428353395285999e-01,6.414431566146949759e-02,6.352084078815716239e-01,4.267085496437622583e-02,1.309774461996217054e-01,1.414553207287094772e-02,1.537761562018834238e-01,2.445085527746116982e-01,2.483341805199979491e-01,5.163304721314740942e-01,5.777040586627073537e-01,5.312104282095454488e-01,2.558030764537295165e-01,1.619646760517372830e-01,2.518292483892078937e-01,3.976258950814792192e-01,2.686602268599424526e-01,1.209301944786947969e-01,2.137440654305291787e-01,1.594064668102815052e-01,1.684848801292648524e-01,1.843668427784311836e-02,6.012176106631428318e-01,2.573201068612429032e-01,5.829289505647269332e-01,5.952551007752666656e-01,5.189163475428826278e-01,3.527340789497986906e-01,1.342795774239014528e-01,3.462121766094133912e-01,3.231173373195788123e-01,1.230863825092394226e-01,2.559997782252328435e-01,1.387352849406259803e-01,4.464928982788199940e-01,5.952913869614726572e-01,6.115801140769601130e-01,3.349017441082893787e-01,3.109714230160925408e-01,2.889806196948618844e-03,7.770965768851979538e-01,4.989501488888290481e-01,7.746887233575672216e-01,4.613012612046762939e-02,2.339588289972760193e-01,3.502436805031045597e-01,5.303615005118528236e-02,6.645152690353862690e-01,1.913203336610640459e-01,5.003359605769651663e-01,1.372537524885573679e-01,7.964362298627999937e-02
7.664138370806257150e-01,4.355529206796970865e-01,4.665097107203383664e-01,2.224295461136571450e-01,8.129495213049526825e-01,5.053552586383550649e-01,6.983888008354419696e-01,2.485933265046682550e-01,7.298949310947430158e-01,2.404930707730473238e-01,6.604522151674466768e-01,4.730194020596116822e-01,3.937479379524857492e-01,4.838778651533000019e-01,7.831389420379869515e-01,1.754778601711616814e-01,5.110182646523351302e-01,1.593356252150811558e-01,6.480541746086728727e-01,5.502871034657873528e-01,0.000000000000000000e+00,6.289574162400664026e-01,1.563279194115640425e-01,2.306932145673921963e-01,2.290888752541286322e-01,1.664608688824941174e-01,2.067081776166893037e-01,2.028590795243173650e-01,1.464294025102914065e-01,1.509220830448944894e-01,1.716885219358997017e-01,6.279031148287738118e-01,5.421921865707546306e-01,1.127239988352454203e-01,5.297840463991231319e-01,3.283350970792429102e-01,2.398524440601785823e-01,9.550328180881076379e-02,6.159316438275079797e-01,6.559947572643076708e-01,5.519025244617442594e-01,5.243186611403432007e-01,4.294373465925958033e-01,4.339322969718057421e-01,1.076309440771992532e-01,3.674596109980926562e-01,5.072650770248231522e-01,5.619170851417399914e-01,6.658238595146428462e-01,8.495504732293426287e-01,4.193083100034721289e-01,7.471002228456110617e-01,4.125696014596045846e-01,6.796378871328375704e-01,6.524007206284136995e-01,2.703501978291725227e-01,5.960154697147894698e-01,2.339344421176954569e-01,6.460507441435637821e-01,7.323792413916313526e-01,3.640393445377924642e-01,1.362239297777785574e-01,4.012458990906486722e-02,4.633755739611919999e-01,4.049374506451948741e-01,8.893974947828016120e-01,4.901184439905434953e-01,1.256870479782185579e-01,3.461669044023543140e-01,1.944824724877201039e-01,2.417486943144867007e-01,4.729726958588492680e-01,2.650876560850535246e-01,4.511591069813826183e-01,2.325579437820140538e-01,4.956364275506022765e-02
