0.000000000000000000e+00,7.513878282090187266e-01,2.668618704029241950e-01,3.065848401194323780e-01,4.038177369074644196e-01,4.320190197556427747e-01,4.333812086306707556e-01,4.738910434026739615e-01,4.775153624548099662e-01,5.865585058524431794e-01,6.214211166040772838e-02,3.829570154509548408e-01,5.338589227994734454e-01,4.513092635348803228e-01,5.418379135135570346e-01,7.847024203164707501e-01,7.518379664794425654e-01,5.575510011548397982e-01,4.376372947765660992e-01,5.858310029671410790e-01,8.322782595572407738e-01,7.549971875899351703e-01,5.791895620548126455e-01,6.955097942114056853e-01,6.961838650356848568e-01,8.204661440163225627e-01,6.510269567715941674e-01,5.364493256040283597e-01,5.529914002133395901e-01,5.944403786943066592e-01,5.876918398666075571e-01,1.210649222130271430e-01,5.740575440138189212e-01,5.959172151657219363e-01,2.285999684632744611e-01,3.042391115351085473e-02,3.768209849898180863e-01,6.456827997782270678e-01,3.395827996267956062e-01,4.809295379828891770e-01,6.085162950938325377e-01,5.225265017814677559e-01,6.561372344301169557e-02,7.483617955479160422e-02,5.356875371042320033e-01,8.872518384361836041e-01,6.827528660421414708e-01,5.255466832311626035e-01,3.776021166798954609e-01,4.790437534980343526e-02,3.092915855122331803e-01,6.684425166754202896e-02,5.227955072240704215e-01,4.344087190752273786e-01,3.639039377776666084e-01,6.006561272280951103e-02,3.171993454861911643e-01,4.680286439559283029e-01,1.312001281218044824e-01,6.600647161307837685e-01,6.008888777233136747e-01,3.085268591023729301e-02,4.674554698101534012e-01,4.845181456150106647e-01,6.366427233417805143e-01,8.123963339452977550e-01,7.198881410743818154e-01,6.632383312452226898e-01,7.227152513608072759e-01,5.981518847278162188e-01,7.121542975666108610e-01,5.216332386794473308e-01,5.410311118701878197e-01,4.756633526636475651e-01,4.521374802850643970e-01,3.802522853611353670e-01
7.513878282090187266e-01,0.000000000000000000e+00,4.866218154062209034e-01,4.575194831040764742e-01,1.770913967278159307e-01,9.147761794868517482e-01,3.486732685324579473e-01,5.285474381406739530e-01,6.798118898918363850e-01,4.370654984908178831e-01,1.243929972062308570e-01,2.121109433181267989e-01,6.612109275395157137e-01,3.521169269350987729e-01,7.658346019028980933e-01,7.733152185854879068e-01,7.217260755842163089e-01,8.116136889664224974e-01,5.111122158699478168e-01,9.178046050174424320e-01,7.726370968523534888e-01,9.018707305705765398e-01,7.275740441698351768e-01,6.658122189640147681e-01,1.000000000000000000e+00,9.170915355005592184e-01,1.000000000000000000e+00,7.161750391171741725e-01,9.172047454255870536e-01,4.219120574247146038e-01,3.741890206063324120e-01,3.450191248506643826e-01,3.444862029402113723e-01,2.838885791386793755e-01,4.003540914722839572e-01,2.319198249187673089e-01,5.371488982860134209e-01,6.114497300042560646e-01,5.254662439341728497e-01,5.364789500988209614e-01,5.667114762676453976e-01,3.957264872497005537e-01,2.622790906800626654e-01,4.084354741684123602e-01,5.223570865684974418e-01,6.753044358347863874e-01,8.163486692451376037e-01,6.020344222257841826e-01,1.748673735147814878e-01,5.415295077138628788e-01,6.215997510451662933e-01,3.164337864158353053e-01,3.070774066039486105e-01,4.276611433612927393e-01,1.205726213983819850e-01,1.345215297427322931e-01,1.650976775101192229e-01,3.118303499577467774e-01,2.503467289746946767e-01,8.401051956156617706e-01,6.387215940976096462e-01,2.676199713456175466e-01,4.084230566963751308e-01,4.750352294000950715e-01,7.330606751536542509e-01,6.652000070737716930e-01,8.347340476844109514e-01,6.756696520932466976e-01,6.521587185502641937e-01,6.098181082862226265e-01,6.860341284756497071e-01,8.500742394488733922e-01,3.878520785039258900e-01,5.160334364542022989e-01,9.670120026303476168e-02,1.910418161977107676e-01
2.668618704029241950e-01,4.866218154062209034e-01,0.000000000000000000e+00,3.862483116115575932e-01,2.852251833896590760e-01,5.466276653306194611e-01,1.501356716673213909e-01,5.765767297473891606e-01,7.909880196068972413e-01,8.155627155048991717e-02,6.271273961921803863e-01,2.659880833677037426e-01,4.715758979817738505e-01,4.453036282321140571e-02,7.310990857706399781e-01,4.680539350885678518e-01,2.247926457029799652e-01,5.324784157009788688e-01,6.397983038148007395e-01,5.907241633745554665e-01,4.324469031112333495e-01,5.958125725349944224e-01,7.667203637202206767e-01,3.850940567711291784e-01,4.669032011806621973e-01,4.643089737776799342e-01,6.091365619936572884e-01,5.975451206051557440e-01,4.488602622986296309e-01,3.961116350840070410e-01,2.365512711000248569e-01,3.957941353236207327e-01,1.349250212392252013e-01,1.438287355110577648e-01,2.321361749589243018e-01,3.105512592324054522e-01,1.449440666804596711e-01,3.011226313498280294e-01,3.864849105246555006e-01,3.196977518711675570e-01,2.548392934174734670e-01,1.088253111792024386e-01,3.133080203346746417e-01,2.199908355764367829e-01,1.922608241505789906e-01,2.471929750329638076e-01,5.519007086670718598e-01,9.285736488462594806e-01,1.089518080217471985e-02,5.206878319554686385e-04,6.337615505065306021e-01,2.365865681336498660e-02,1.896404631068814850e-01,8.207606330398576899e-01,1.108181838036166045e-01,2.471846681547668068e-01,2.630435936260642205e-01,4.460453152559811785e-01,3.602972001621609910e-02,5.375944496147300189e-01,4.537187061800560528e-01,4.735835837856305908e-04,3.710843199822445038e-01,6.413612235364342107e-01,5.499571218887149282e-01,4.123010071030093204e-01,6.385180013126667831e-01,6.510813887453757998e-01,3.179316725693502321e-01,3.983292577392314460e-01,4.577257982532669245e-01,5.696576038711768097e-01,5.211446618728765579e-01,5.083504694472409380e-01,1.994669472434150714e-01,2.118428183058963243e-01
3.065848401194323780e-01,4.575194831040764742e-01,3.862483116115575932e-01,0.000000000000000000e+00,2.126048923717052397e-01,4.291552703117528234e-01,3.904546388170297422e-01,5.018368371922452553e-01,4.338063809597693110e-01,9.481571882544434504e-02,2.852620033965979629e-01,1.995606113250790181e-01,5.992721331547530284e-01,3.965781319446397557e-01,3.749834682246339645e-01,3.723603396311355174e-01,3.157586320665878854e-01,3.888580363175428989e-01,4.146591416555193699e-01,4.591961785233789617e-01,3.533369766272253520e-01,4.135499090727168259e-01,5.240345356383085962e-01,3.728374582364063494e-01,4.289174098968268622e-01,4.404796035246347219e-01,3.826598389308739634e-01,5.680022334929718530e-01,3.569409114609541911e-01,5.016698101324053027e-01,2.080778756111843764e-01,3.045457583307820126e-01,2.422240886095514134e-02,1.419978895159308419e-01,2.569286941039112260e-01,5.285078537096903339e-01,4.599408284482008336e-01,2.198736447716029274e-01,3.885760052936003128e-01,2.147327681257001075e-01,2.867638278722881018e-01,6.909109255976601804e-02,3.162254254863518521e-01,8.968274597294093042e-02,2.388845636310529819e-01,2.889310133874427033e-01,3.343214485643915546e-01,4.163928096657865119e-01,2.120646422140222143e-01,1.699230076769315256e-01,4.478514054630843289e-01,1.512665340354949206e-01,2.407443265439963287e-01,3.886890456390122983e-01,7.565988272706808404e-02,1.680625019607538684e-01,2.142467463564414754e-01,2.055489461495904335e-01,5.747590338667929455e-02,3.666561160143148590e-01,2.061523270309893463e-01,1.998675031955841896e-01,1.372136673308664845e-01,3.742248485877928688e-01,2.934941114714017529e-01,3.772969284404240065e-01,2.742933018702084502e-01,4.575453654123871061e-01,2.765273661780062175e-01,1.479787996951893170e-01,2.832441153340659046e-01,4.197216812863471258e-01,2.193100660840799077e-01,2.184710432092876187e-01,4.762232336495020313e-02,4.782669613296397504e-02
4.038177369074644196e-01,1.770913967278159307e-01,2.852251833896590760e-01,2.126048923717052397e-01,0.000000000000000000e+00,3.955519518366595877e-02,7.632961656515330207e-01,2.544064617634828052e-01,4.123078338011831878e-01,4.222766854467178144e-01,5.478866800382061752e-01,2.377373468064037376e-01,4.392811117351450023e-01,6.482902454702381689e-01,1.773356437519161000e-01,3.586671895323910730e-01,4.526433019613469999e-01,2.350547253586138807e-01,4.756841487538211455e-01,1.011709273661011710e-01,3.009016135316368024e-01,3.929820331129031397e-01,1.954936638763517809e-01,3.868385925786243379e-02,2.167857577583499062e-01,3.397173549976627571e-01,2.265406778653082376e-01,2.545074079902861497e-01,1.467008687932062905e-01,3.995725717761752782e-01,4.350230629375715363e-01,1.407795428806474930e-02,4.120569266536418251e-02,1.978699334515710284e-01,6.548527605126414075e-02,1.538955998694422345e-01,1.640300820180982111e-01,3.692650287414974697e-01,6.720741145855213539e-02,8.340731492568562166e-02,6.860547215458670522e-02,4.033386153767626325e-01,2.136988642873448307e-01,3.715776307263278511e-02,1.796552921982617068e-01,3.453546958509688958e-01,3.036213309465339849e-01,4.521087792952237505e-01,2.621192953883967891e-01,4.403511691135720274e-01,5.718375663508206558e-02,3.690994256956287023e-01,5.095934995314466143e-01,4.573068341714773277e-01,2.711582026412298063e-01,5.662505479749749826e-01,2.435108432883607010e-01,3.309794118673021757e-01,4.563172411543793272e-01,2.520665387039925376e-01,2.941081594340159144e-01,4.756445134257427515e-02,1.038577111975504674e-01,4.010473930353058991e-01,2.519812874802180858e-01,3.624704477806074410e-01,3.840923482907507847e-01,3.811944395790786144e-01,1.325219011952528669e-01,2.699310342516838546e-01,2.968600484030426978e-01,2.352847175259500656e-01,2.911667329131986115e-01,2.519599282994016143e-01,4.395357834998160351e-01,1.732740341888239499e-01
4.320190197556427747e-01,9.147761794868517482e-01,5.466276653306194611e-01,4.291552703117528234e-01,3.955519518366595877e-02,0.000000000000000000e+00,5.770436967565342745e-02,5.554826263276113618e-01,6.226959274904486641e-01,7.693949405068750691e-02,1.252970314313736622e-01,1.894956794930194033e-01,5.850627848435216993e-01,1.575353771303968087e-02,6.654307314969569731e-01,6.741131873764821814e-01,3.439201978485762479e-01,7.733253374270048219e-01,4.678231233665486877e-01,7.675066223516524566e-01,6.428969954128002096e-01,6.846561077898687397e-01,7.403185608578339849e-01,5.510916686303896084e-01,8.300023004475640676e-01,6.669467850083585780e-01,8.303896295131748539e-01,6.684596129992101954e-01,8.260667425379770723e-01,4.101340949562673477e-01,1.332254022260009885e-01,5.108916019196487746e-01,2.377054842061941398e-01,2.006936917259013742e-01,2.616258865513717002e-01,2.950686510995036982e-01,4.348949687434340849e-01,4.005420778044089802e-01,5.729864409778164802e-01,5.668548789774171537e-01,4.924589321149528409e-01,1.299676898991342089e-02,3.388161126671035972e-01,5.258323939444231598e-01,3.577415360237249375e-01,3.684264800986373212e-01,5.757109345001133471e-01,5.363228742749759359e-01,2.676133346791433054e-02,6.441956016225228732e-01,7.671977396027803708e-01,4.386570266733723633e-01,4.487139212781027231e-02,3.879360358237296524e-01,9.128388407455025055e-02,3.300698974790113871e-01,1.168656661524412610e-01,2.702757171586522289e-01,3.435886039195944486e-01,7.001537674399511690e-01,5.357747315918488518e-01,3.363447967031366614e-01,3.301240838943364508e-01,4.628566379241494944e-01,6.140681761819979378e-01,5.497538085416826537e-01,6.665540146343063022e-01,5.718298475120958679e-01,4.187934161548366729e-01,3.736801961113382364e-01,3.936290009520791999e-01,7.965195836152769715e-01,3.226770041836106717e-01,5.366525984578899289e-01,5.819721171762164136e-02,1.134001974043425121e-01
4.333812086306707556e-01,3.486732685324579473e-01,1.501356716673213909e-01,3.904546388170297422e-01,7.632961656515330207e-01,5.770436967565342745e-02,0.000000000000000000e+00,3.202250813965595855e-01,2.582175697028220029e-01,6.230165866939558761e-01,3.923944386958049257e-01,3.578300153362828362e-01,6.393170835371977390e-01,6.669321881075991332e-01,1.057037150810592741e-01,5.629170171147526158e-01,7.510300342917612948e-01,4.831128788611597780e-01,3.236845689956506789e-01,1.331810479321434981e-01,3.460734012240659352e-01,4.334582538394713969e-01,1.863322209696690879e-01,1.057736238356684344e-01,4.277032606175113494e-01,5.067842911594580002e-01,2.337205756003973289e-01,2.783728123144469380e-01,2.351629140894775927e-01,3.839581247813705911e-01,4.855637828250911614e-01,3.983137836722473735e-03,1.736389601883951694e-01,2.449533080438622556e-01,1.830034627625583554e-01,7.775427678261087605e-03,2.688418469243193387e-01,5.814148639507938920e-01,1.912247014239365495e-01,2.314085064855421481e-02,1.966963683229355497e-01,4.643471784670412106e-01,2.816394331500159387e-01,3.240162137630993311e-02,3.559820166150226561e-01,3.424627711690494403e-01,3.976821959053884470e-01,3.011275539483689867e-01,4.135058963275815014e-01,3.481538974533875397e-01,9.413090293129251773e-02,3.604627728553495558e-01,5.167510970974790174e-01,2.896083003646579002e-01,3.838306497650850746e-01,4.904587206039788816e-01,3.468539536568856496e-01,4.316505303699781360e-01,3.877955789095924866e-01,2.812776901841470556e-01,3.688859875541734556e-01,8.585185704999806489e-02,1.971044062777203842e-01,2.737266751448785840e-01,2.097464013177745279e-01,4.254159698605387563e-01,3.721393899918707948e-01,3.581395785997961712e-01,2.346957557327440380e-01,4.206693555554559261e-01,4.069056696276022178e-01,2.226605268533143889e-01,2.926247247779955041e-01,2.428603035265127774e-01,4.220151834832242543e-01,1.755887123011543316e-01
4.738910434026739615e-01,5.285474381406739530e-01,5.765767297473891606e-01,5.018368371922452553e-01,2.544064617634828052e-01,5.554826263276113618e-01,3.202250813965595855e-01,0.000000000000000000e+00,4.102810797114122554e-01,2.248100350474029063e-01,3.373492571011066921e-01,4.637971889383625257e-01,5.547455014260109785e-01,2.575736514205647643e-01,4.388711285015218233e-01,5.263608720954514597e-01,3.081500878453236059e-01,3.869930253854374502e-01,3.866034283246723158e-01,4.167451361815491251e-01,5.526572823394981793e-01,4.644649308864394199e-01,7.429054993917225680e-01,4.245270111563969606e-01,4.617489933418869041e-01,5.942137844683839099e-01,5.417999928209404903e-01,4.095619918023422068e-01,3.056819583440272270e-01,4.147343439599120440e-01,2.803777395305019349e-01,2.201392869087070436e-01,4.802291693764803582e-01,3.746819324974375309e-01,1.713169420656240893e-01,2.056210133115017880e-01,8.026435244030089011e-02,4.444985677619993081e-01,3.273995300865096825e-01,5.137966044615580596e-01,4.156832442800539318e-01,2.841733703302679048e-01,1.853116530289673214e-01,6.293897481967741792e-02,3.219398024835634087e-01,4.092099950758141258e-01,5.624737000645122498e-01,5.941724547553681735e-01,2.772553285583037042e-01,4.659273714413519896e-03,5.843330939800399637e-01,1.018484879451638375e-01,5.848199106860466623e-01,4.179810831495118228e-01,1.906902516193326180e-01,2.157691168978939089e-01,3.620108421603419058e-01,4.994245146276955483e-01,1.617915997129851235e-02,3.553594203751537783e-01,2.566517304893475293e-01,7.550930594115753958e-03,2.774129159750035045e-01,4.351628794787436028e-01,4.422702708463150945e-01,5.114150864083365500e-01,5.074035516469335150e-01,6.472303513367613226e-01,4.833684921620434172e-01,3.742637335837462609e-01,4.955443292683741063e-01,5.117789100974337035e-01,3.388413722368628367e-01,2.803296058687688719e-01,2.310891698599388810e-01,7.530070895875456971e-02
4.775153624548099662e-01,6.798118898918363850e-01,7.909880196068972413e-01,4.338063809597693110e-01,4.123078338011831878e-01,6.226959274904486641e-01,2.582175697028220029e-01,4.102810797114122554e-01,0.000000000000000000e+00,1.840266122844735897e-01,4.369783228156541854e-01,1.987212388278521980e-01,6.344014842614456029e-01,2.424087424764150289e-01,7.065859445313382725e-01,6.359044305474659264e-01,4.626384997675102584e-01,6.513901998156707007e-01,7.205902626353093421e-01,7.369810918192940541e-01,5.540388590949375525e-01,7.405034676749193689e-01,6.983325100015697062e-01,4.472491130956406935e-01,6.756562492078853621e-01,6.158921008479711912e-01,7.846678062568837042e-01,7.321916103507948304e-01,7.168197739657999890e-01,5.607866998759658550e-01,2.826062355083396871e-01,3.677985886052904663e-01,5.052296779458038956e-02,2.158094747452152795e-01,2.630548018609129568e-01,3.017921031437713619e-01,4.980440152623289429e-01,5.016615353855214954e-01,4.315376056894557610e-01,3.001449322104848827e-01,3.662728209489198861e-01,9.673920942837080372e-02,3.296538122896315870e-01,3.810888936672605087e-01,3.574359556979066488e-01,4.633203877169167484e-01,5.385127397074647160e-01,8.157205211673629330e-01,1.607652679857094202e-01,2.169183229710721639e-01,5.480751284980868165e-01,1.330568244504717890e-01,7.184087699590882559e-02,7.804767376111528820e-01,1.321068825925572898e-01,4.358270134298769527e-02,2.439771565164542966e-01,3.509882697667027207e-01,1.106163088848585441e-01,7.023065272103781176e-01,5.827924199595367893e-01,1.645267585562218138e-01,3.269008908210382369e-01,6.466224321180729095e-01,6.686166630366560115e-01,5.380379636960888057e-01,7.631683681961212162e-01,6.608889432200668601e-01,3.614011599235936734e-01,3.876018893687199762e-01,4.772928574649303313e-01,7.331067065536475136e-01,4.701964502397442680e-01,5.489118032989904750e-01,1.153768043558173612e-01,2.217585593125159238e-01
5.865585058524431794e-01,4.370654984908178831e-01,8.155627155048991717e-02,9.481571882544434504e-02,4.222766854467178144e-01,7.693949405068750691e-02,6.230165866939558761e-01,2.248100350474029063e-01,1.840266122844735897e-01,0.000000000000000000e+00,9.998432783921351596e-02,6.436317965711428890e-01,4.764538883465184727e-01,4.153987701784382369e-01,2.220290408623683265e-01,4.727047397265665696e-01,7.676035937956215971e-01,3.380267350436398921e-01,2.330238811774889562e-01,1.291689288663979973e-01,3.879333367542077693e-01,4.294676589377769971e-01,1.706379947290652122e-01,2.467166192069209785e-01,4.861585358777847921e-01,6.813488739153423790e-01,2.242900293472050999e-01,3.078026240947844272e-01,1.987425043754306175e-01,2.207800112556822514e-01,5.554916407869212591e-01,1.264765059296288074e-01,3.639118799064527954e-01,3.435490994454368785e-01,2.455125329413859747e-01,2.248585590469518586e-02,3.498516606289665543e-01,6.454793427314885479e-01,7.863556472337572545e-03,3.622567447984377520e-02,2.818727209093231934e-01,6.410136129825243501e-01,7.135373249776744142e-02,2.398743197538355520e-02,3.699586791836839694e-01,4.028568276212241006e-01,4.799658901718907300e-01,2.577870235463791682e-01,4.516942332404929594e-01,2.199028202049480296e-01,7.614383972118103638e-02,2.922429730699849793e-01,3.408177276411584744e-01,1.179213261497769338e-01,7.134453446695595558e-01,2.535444744275028306e-01,6.293884983871740335e-01,4.166540268066505348e-01,1.815649874641059036e-01,2.817967135208674367e-01,3.214663550290095539e-01,3.093525229165060564e-01,2.992026064289503573e-01,2.308726950275648282e-01,2.903805880922584182e-01,4.588745916292007454e-01,4.504998387705003715e-01,2.600460840837144905e-01,4.310426487550704788e-01,5.447954323124406528e-01,6.133448200781648207e-01,1.661454257423427283e-01,3.179322977092777780e-01,1.670045191266842921e-01,3.211294726391182297e-01,2.262489362569777285e-01
6.214211166040772838e-02,1.243929972062308570e-01,6.271273961921803863e-01,2.852620033965979629e-01,5.478866800382061752e-01,1.252970314313736622e-01,3.923944386958049257e-01,3.373492571011066921e-01,4.369783228156541854e-01,9.998432783921351596e-02,0.000000000000000000e+00,1.414888245163674618e-01,3.733162553637475733e-01,4.289352900847120953e-01,2.513149347516623333e-01,1.551476464700843882e-01,1.863069550562918009e-01,2.205200440037349829e-01,6.673531396373816316e-01,1.297355797411690048e-01,1.406193126126302484e-01,2.528424831435523434e-01,3.127514167643674625e-01,1.595015457651264013e-01,1.725847915846457914e-01,1.831164522930036620e-01,2.220382493708654703e-01,3.409593644074120911e-01,7.398538981540839221e-02,2.146841498531631975e-01,2.049625492069448718e-01,2.382324016383437770e-01,5.392750112770522408e-02,1.819899652353098099e-02,1.027181340432222340e-01,3.273857130569879370e-04,1.701451075735381513e-01,2.398745597730914669e-01,2.597775956121439744e-01,7.824669030675585057e-02,2.973649779658088521e-02,1.580816364906462157e-01,3.181200895195920308e-01,6.395447515441433917e-02,2.102328573529494982e-01,3.052667757043145413e-02,2.506966101303805816e-01,5.759088427643163088e-01,1.058975100389776547e-01,1.539553286013540245e-01,2.702789874424400551e-01,9.452975676537231364e-02,3.536491134005774750e-01,5.312474060187284408e-01,2.260153219977836803e-02,6.419962645927101974e-01,1.675381887722207919e-01,2.833522974985748233e-01,3.701576394045490437e-01,2.205929960544134039e-01,1.223628527050086567e-01,5.631636275157878013e-02,2.127484848764014252e-02,4.760690995747298149e-01,1.456571661320978095e-01,1.832033089900255429e-01,2.442829634890444357e-01,3.502735298412072984e-01,1.117763110686235406e-01,7.574275036381430959e-02,1.291886280070551618e-01,2.375167223618098733e-01,3.175640409741324888e-01,1.581839089571858981e-01,2.668773600624534947e-01,1.375524791337193187e-01
3.829570154509548408e-01,2.121109433181267989e-01,2.659880833677037426e-01,1.995606113250790181e-01,2.377373468064037376e-01,1.894956794930194033e-01,3.578300153362828362e-01,4.637971889383625257e-01,1.987212388278521980e-01,6.436317965711428890e-01,1.414888245163674618e-01,0.000000000000000000e+00,4.645258775641827875e-01,1.762498970420843802e-01,1.820027645948357198e-01,3.435278955177817894e-01,4.259900326731254627e-01,2.586773982341835088e-01,2.805686756209759825e-01,1.082362020953053228e-01,2.773640448533112313e-01,2.564995979521380032e-01,4.015767444791562002e-01,3.774529836823801165e-01,2.646167201537744651e-01,5.039930531143166359e-01,1.724569171377773324e-01,2.804811340076046045e-01,7.462108965561405072e-02,2.258336084686618228e-01,3.092949570080893440e-01,4.654988995530671969e-02,4.381630383751577984e-01,4.202674398235490827e-01,1.540261682742062946e-02,1.628606950823263400e-01,5.928392018118933127e-02,4.812238383390762264e-01,7.400520301552375446e-02,1.931772249905049366e-01,4.418080745397034992e-01,3.623010837521613015e-01,1.877397747767835245e-01,1.563875548351639777e-02,3.265139967579137048e-01,3.360094404228312626e-01,4.752345019961277117e-01,3.412871732033335159e-01,4.896936343558397353e-01,2.275189751180118902e-01,1.966471819515250297e-01,3.135485794517385294e-01,2.767042578113297346e-01,8.758233698884157481e-02,7.245125569229932116e-01,1.302436645934273440e-01,9.285406786763817921e-01,6.338465455572396268e-01,1.772726781466611445e-01,5.916571218127184700e-02,4.105165612480523585e-01,5.061688856449662044e-01,5.431056277202096494e-01,2.904702466616050915e-01,2.636205221995728820e-01,2.820489196687171463e-01,4.159620561814549311e-01,3.239322220816646669e-01,5.531114973325995665e-01,5.397359569599472495e-01,5.717199955376534026e-01,1.526874499286523246e-01,5.097848273291137877e-01,1.582476801201028183e-01,3.551111849048194102e-01,3.666213922497685851e-01
5.338589227994734454e-01,6.612109275395157137e-01,4.715758979817738505e-01,5.992721331547530284e-01,4.392811117351450023e-01,5.850627848435216993e-01,6.393170835371977390e-01,5.547455014260109785e-01,6.344014842614456029e-01,4.764538883465184727e-01,3.733162553637475733e-01,4.645258775641827875e-01,0.000000000000000000e+00,4.188795458702160301e-01,4.481167999902821997e-01,7.953520144568240191e-01,7.521589493997451470e-01,7.126848410009380963e-01,6.350474859763031166e-01,5.478941140907854779e-01,5.653324906195953403e-01,6.631474053972676863e-01,5.952642167841424303e-01,5.978171927184265932e-01,6.730218466636996855e-01,7.364275315881863015e-01,6.021815175737674775e-01,8.179646166274661123e-01,6.295051445403379020e-01,5.998208180776719578e-01,4.569140315819504861e-01,3.102952368407820849e-01,2.198743166524205206e-01,3.125609794332278035e-01,3.197938757743905014e-01,3.259066302762060330e-01,5.659675922223682543e-01,7.155933339195319487e-01,4.752170934041972661e-01,2.612860269783064404e-01,4.561688867837816463e-01,2.973841502669747894e-01,4.243549482512962712e-01,3.071383158275384218e-01,5.281792075669319297e-01,5.061245583849431906e-01,5.422462076140120990e-01,6.262654196564634290e-01,4.418904315026532803e-01,1.297117101821760321e-01,4.948497867246043347e-01,4.385158064724947735e-03,3.392942777052689873e-01,4.215280656212577193e-01,3.350493300633573535e-01,8.830871642443463565e-02,4.758394910305113745e-01,5.890710409656844115e-01,6.477239819906188689e-02,5.395104400242527465e-01,5.531855492239076133e-01,2.266922331661258561e-02,4.642430379799747930e-01,5.626900313297189538e-01,5.246642772295785351e-01,5.192669689641759012e-01,6.553122456809622465e-01,5.982452912995466221e-01,5.156968740736700418e-01,4.568571553268455654e-01,5.488738922079865468e-01,5.456092142022481717e-01,6.064597779326907911e-01,4.273266595029467929e-01,3.201075772253331175e-01,3.006264722309602289e-01
4.513092635348803228e-01,3.521169269350987729e-01,4.453036282321140571e-02,3.965781319446397557e-01,6.482902454702381689e-01,1.575353771303968087e-02,6.669321881075991332e-01,2.575736514205647643e-01,2.424087424764150289e-01,4.153987701784382369e-01,4.289352900847120953e-01,1.762498970420843802e-01,4.188795458702160301e-01,0.000000000000000000e+00,1.686658968762188016e-01,2.669088417114720002e-01,4.669874878675543406e-01,1.960666437328172085e-01,2.511383042350781025e-01,1.488622172847157143e-01,2.774927659576497119e-01,4.048481417210395561e-01,1.196038741809550554e-01,2.069188395617045650e-01,3.649084867303085122e-01,4.062819052853321455e-01,2.136674795994219500e-01,3.213828700268782645e-01,7.688036464862196828e-02,3.612468549075708024e-01,3.981011068775228701e-01,1.214844900582256193e-01,8.260983706959157402e-02,4.756390999706673617e-02,1.725593680819733633e-01,1.516465710121880917e-02,3.890505635111740634e-01,4.518255538126655368e-01,2.125640662588358931e-01,1.465251401267637574e-02,5.009127352493664143e-02,4.419604763372295686e-01,1.884561047705845538e-01,2.557631093978936232e-02,2.862892893777815861e-01,3.597767285612810118e-01,3.618030351510891918e-01,2.333734611884534793e-01,2.558509328839286834e-01,1.469644042674483897e-01,3.662046229493046839e-02,1.228604507562628817e-01,5.229946386584853890e-01,2.258315324837098792e-01,2.294129232905981197e-01,4.951603679697925697e-01,1.967343513234546259e-01,2.452901641819054124e-01,3.245406911885511114e-01,3.232807294797734321e-01,1.130910429321834582e-01,2.649360121510989374e-02,5.804184190374227920e-02,1.894601631562177757e-01,1.702468236220116560e-01,3.980503875110625311e-01,2.857049571370070540e-01,3.066642263176955763e-01,3.179824197535991437e-01,2.793397909923732159e-01,3.665358434561553636e-01,2.088131318435536288e-01,1.943129826145300609e-01,3.477904607391509029e-02,2.624046100288373595e-01,1.885428706984861730e-02
5.418379135135570346e-01,7.658346019028980933e-01,7.310990857706399781e-01,3.749834682246339645e-01,1.773356437519161000e-01,6.654307314969569731e-01,1.057037150810592741e-01,4.388711285015218233e-01,7.065859445313382725e-01,2.220290408623683265e-01,2.513149347516623333e-01,1.820027645948357198e-01,4.481167999902821997e-01,1.686658968762188016e-01,0.000000000000000000e+00,5.385147927674193147e-01,3.698663496908637383e-01,6.063463665114383616e-01,4.409384917238163282e-01,8.398281173688679768e-01,7.452240326520263025e-01,8.714068120044843324e-01,7.443160444618259763e-01,5.076458472372060715e-01,7.380418968710942274e-01,6.566056885553461786e-01,8.420555427552086636e-01,6.726930935411886692e-01,6.587256336982572069e-01,3.985677628840396114e-01,2.819481418063109479e-01,5.197318553516343531e-01,1.230365987683494228e-01,1.806257172373351150e-01,3.926091385695848479e-01,3.714793997338687870e-01,4.341290033324366471e-01,3.369365216940714003e-01,5.973203167512269873e-01,4.282251324877798249e-01,4.399894030033951742e-01,1.135441833317737265e-01,3.050316775983460960e-01,3.764440160469580965e-01,3.160125570101623427e-01,4.610493017079284050e-01,6.771972295220616278e-01,7.919998418393972006e-01,6.056165398124289945e-02,2.294769231592272141e-01,7.065220234449784975e-01,1.212636794095304504e-01,1.715542300958134425e-01,6.628403309083898964e-01,1.581546848380042947e-01,5.839551946021981355e-03,1.976938909234013941e-01,3.722569268889389660e-01,1.848411067315275935e-01,8.492290792847447811e-01,6.500092538943323950e-01,1.132019935200994643e-01,4.171012632844908197e-01,5.348176350977033033e-01,8.336915498828358917e-01,6.929834426226373356e-01,8.664976376034018157e-01,7.235818802520570525e-01,4.926781440612268970e-01,5.015784201593277425e-01,5.610751624727492448e-01,8.914819915019537300e-01,5.284279628840000687e-01,7.177151221746289611e-01,1.548514386134578480e-01,3.226558403228173000e-01
7.847024203164707501e-01,7.733152185854879068e-01,4.680539350885678518e-01,3.723603396311355174e-01,3.586671895323910730e-01,6.741131873764821814e-01,5.629170171147526158e-01,5.263608720954514597e-01,6.359044305474659264e-01,4.727047397265665696e-01,1.551476464700843882e-01,3.435278955177817894e-01,7.953520144568240191e-01,2.669088417114720002e-01,5.385147927674193147e-01,0.000000000000000000e+00,8.198009949103672866e-01,7.842629626874093596e-01,5.351946991631884032e-01,6.493849007485357205e-01,7.261520862083572503e-01,7.124912002538879019e-01,6.323402630338270658e-01,5.227462065532323399e-01,7.138423381020806424e-01,7.221596140169117550e-01,7.191584160051495145e-01,7.867410027361803060e-01,7.759710938830609583e-01,7.487893760388062425e-01,7.265840706788546655e-01,9.301939349954357894e-02,3.393842590427883499e-01,6.248008528563560038e-01,1.388076953986300544e-01,1.337699337545827927e-01,3.782735801865023673e-01,6.028699804797834627e-01,2.718130702403745436e-01,4.197675606036141982e-01,5.615852572513546637e-01,3.726299634574857245e-01,1.601140561673250473e-01,2.031167770053426969e-01,4.269314503508628289e-01,7.331144949419934331e-01,6.622286408918443001e-01,5.936376683814132971e-01,2.795161454656103217e-01,4.270284094045187495e-02,5.245331873681390311e-01,1.705707674374880300e-01,3.618250171368108670e-01,5.590727855393616830e-01,3.497508675104388232e-01,6.035672311473880280e-03,2.961161019171261732e-01,5.576661482689221350e-01,2.039596229978474229e-01,5.785818819151817838e-01,7.179493671488962336e-01,1.277752313502570902e-01,6.283238080905060308e-01,4.863807289615075247e-01,6.497455975497397063e-01,6.517234224005499232e-01,7.278819388485124886e-01,5.681237257127100815e-01,5.529426233772699595e-01,6.342472110888570658e-01,6.014987465299266312e-01,6.240737313529101105e-01,5.987546447118792248e-01,6.525981910172504730e-01,3.637759703425251789e-01,3.260005162377049293e-01
7.518379664794425654e-01,7.217260755842163089e-01,2.247926457029799652e-01,3.157586320665878854e-01,4.526433019613469999e-01,3.439201978485762479e-01,7.510300342917612948e-01,3.081500878453236059e-01,4.626384997675102584e-01,7.676035937956215971e-01,1.863069550562918009e-01,4.259900326731254627e-01,7.521589493997451470e-01,4.669874878675543406e-01,3.698663496908637383e-01,8.198009949103672866e-01,0.000000000000000000e+00,7.034023220145138033e-01,4.922143691739991334e-01,4.608932763298281277e-01,5.986761803539522031e-01,6.629493204753064139e-01,3.300905078305672591e-01,5.202634246841566501e-01,7.418704937194846583e-01,8.101597173573173993e-01,4.708487536800448625e-01,5.450733997304872958e-01,5.699036448560115264e-01,4.753553485613810636e-01,6.870559976267073266e-01,8.135880054085287139e-02,3.836752697903590414e-01,4.120749728934591793e-01,3.197106785042422850e-01,1.639727216632191897e-03,5.400981749069226900e-01,7.920126281864856566e-01,2.541585382017602646e-01,2.405592902433348890e-01,4.609951854524080295e-01,5.596482665057375128e-01,2.270549491779190743e-01,1.504913585158366707e-01,5.826155311335033948e-01,7.010365118955022012e-01,5.747548907476041080e-01,4.203411822819302368e-01,5.111665806449012806e-01,8.856449456414061672e-03,2.287142614389562623e-01,2.065625599802016765e-01,3.694617890359839230e-01,3.524240192983374431e-01,4.791822047157944242e-01,1.499065593504157468e-01,3.744117976291450600e-01,5.262985828457978910e-01,3.547542614875564410e-02,5.031524901854566023e-01,4.923936225469011663e-01,6.605593138330584368e-02,4.253751036528672924e-01,4.382931336822496471e-01,4.593726434624622601e-01,6.053992172761785140e-01,5.731740516173797761e-01,4.663138029598893342e-01,5.570646179291449673e-01,5.068650354349035769e-01,6.736978746795729833e-01,4.264908442202975936e-01,4.761058341981829756e-01,4.282669260373394016e-01,3.001530848410819408e-01,3.139168028383395592e-01
5.575510011548397982e-01,8.116136889664224974e-01,5.324784157009788688e-01,3.888580363175428989e-01,2.350547253586138807e-01,7.733253374270048219e-01,4.831128788611597780e-01,3.869930253854374502e-01,6.513901998156707007e-01,3.380267350436398921e-01,2.205200440037349829e-01,2.586773982341835088e-01,7.126848410009380963e-01,1.960666437328172085e-01,6.063463665114383616e-01,7.842629626874093596e-01,7.034023220145138033e-01,0.000000000000000000e+00,5.690540585455399203e-01,8.068454230141521855e-01,6.334788390322741991e-01,7.684121792500074877e-01,5.942076010479989678e-01,5.887338478691026555e-01,8.541021400405686137e-01,6.524174018512642892e-01,7.762777483431587688e-01,7.050367160882456963e-01,8.744089630959902548e-01,6.033196555003539352e-01,4.012007761676530948e-01,4.647109922633828605e-01,3.024487116531615616e-01,3.388404958164681902e-01,3.622374891972124367e-01,2.042186132760591133e-01,5.252548786979123197e-01,5.625503818134961476e-01,5.800343327417600836e-01,4.953456982520333396e-01,6.513914731128970237e-01,1.511407570848060100e-01,3.901282742599719855e-01,4.819112283085632553e-01,5.148997786975078039e-01,5.784150241225096689e-01,6.074843497461863695e-01,5.251737471498503229e-01,2.761203425668360412e-01,2.672914563294346846e-01,5.943816833734870686e-01,8.554014355948930115e-02,1.394484924447798868e-01,5.401321996295359584e-01,1.619251207710736273e-01,1.476717616222574248e-01,1.682071489235737183e-01,3.908653838225540911e-01,2.171816000657417478e-01,6.350743779277889800e-01,7.391444198099146323e-01,1.757964324414537094e-01,6.058242208420820951e-01,5.164758288658206631e-01,6.373475401802761731e-01,5.568548875767589390e-01,7.201469342676458663e-01,5.303903890161920653e-01,5.319702000337258596e-01,4.902835201898004258e-01,4.971429512868171252e-01,7.258112237718737925e-01,5.866879799495081649e-01,6.610113666545718303e-01,1.340578499169062521e-01,3.493711427199744368e-01
4.376372947765660992e-01,5.111122158699478168e-01,6.397983038148007395e-01,4.146591416555193699e-01,4.756841487538211455e-01,4.678231233665486877e-01,3.236845689956506789e-01,3.866034283246723158e-01,7.205902626353093421e-01,2.330238811774889562e-01,6.673531396373816316e-01,2.805686756209759825e-01,6.350474859763031166e-01,2.511383042350781025e-01,4.409384917238163282e-01,5.351946991631884032e-01,4.922143691739991334e-01,5.690540585455399203e-01,0.000000000000000000e+00,5.485820410979294071e-01,5.041034120816834108e-01,5.809239256510601024e-01,5.928904917364798965e-01,5.932146757682502658e-01,5.614630798630790842e-01,5.725702920174964294e-01,5.524239498061986886e-01,6.810665112709641811e-01,4.812930665921202333e-01,5.631786546606889488e-01,3.586949428195792544e-01,3.824485695337617175e-01,2.569164923788367916e-01,2.655293026348584662e-01,2.738958638010119961e-01,1.504982050470316246e-01,3.860994145910668918e-01,4.028777443513870127e-01,4.289382436583236702e-01,3.680779308858490584e-01,4.265198544871714459e-01,1.966371409558805294e-01,4.954236738353201552e-01,3.029718863191444012e-01,4.692112477891117184e-01,4.632781737761796914e-01,4.928511350912382349e-01,7.480195417846267070e-01,3.969183940672604272e-01,1.304387192886451996e-01,4.466097988785207029e-01,5.240250710499960718e-02,2.335933927806155830e-01,5.616012991131316134e-01,1.833010759166365244e-01,2.712591963058223477e-01,3.181109895825192102e-01,4.628924989008926794e-01,7.923063830209584046e-02,4.710819912197176107e-01,5.193808614486391528e-01,1.417175363129855037e-02,3.979382523939689609e-01,8.671744974128381411e-01,4.840365061272094982e-01,4.874039709876141213e-01,6.081277992198912408e-01,6.088582460850124889e-01,4.858510721027436419e-01,3.278841014647250196e-01,5.044224273422446281e-01,5.289581474495264057e-01,6.775349258921349316e-01,4.209995409727746996e-01,4.033013289770489562e-01,4.406969431657226655e-01
5.858310029671410790e-01,9.178046050174424320e-01,5.907241633745554665e-01,4.591961785233789617e-01,1.011709273661011710e-01,7.675066223516524566e-01,1.331810479321434981e-01,4.167451361815491251e-01,7.369810918192940541e-01,1.291689288663979973e-01,1.297355797411690048e-01,1.082362020953053228e-01,5.478941140907854779e-01,1.488622172847157143e-01,8.398281173688679768e-01,6.493849007485357205e-01,4.608932763298281277e-01,8.068454230141521855e-01,5.485820410979294071e-01,0.000000000000000000e+00,7.114135486603357927e-01,9.656458991484782040e-01,7.351045524507153761e-01,5.834745901916513766e-01,9.330021962483225906e-01,7.249751217277683457e-01,8.598576610765689132e-01,7.696296993792699492e-01,8.291885071392586237e-01,5.423465108724705441e-01,2.556795899941682881e-01,5.368803469368880199e-01,1.082904190692960816e-01,1.600432702596008006e-01,3.829808089702267382e-01,3.634671430912869150e-01,6.109465999342746922e-01,4.422454824523754935e-01,6.752383643197081842e-01,4.757810962780499309e-01,5.460186326749097985e-01,4.731842578515021991e-02,3.899235860009771515e-01,5.537710252336235373e-01,3.914422107508715443e-01,5.226743943685947524e-01,6.509712672533888300e-01,6.763429057323415705e-01,1.072710770573255951e-01,5.199428157373979786e-01,7.767079635567706308e-01,3.350418228542304533e-01,7.209764881781000057e-02,5.798643062805188819e-01,5.208082903698732502e-02,1.870324120621065789e-01,1.291503573706833108e-01,2.882666724688660587e-01,2.894973924291798784e-01,8.555119394162274959e-01,7.858518315837645929e-01,2.420231651610558199e-01,4.980540611958589881e-01,5.932800008322469676e-01,9.078102290103853278e-01,6.483004711677722298e-01,9.419531106920827623e-01,7.286807553793583914e-01,4.954179108706525114e-01,4.757870101904709825e-01,5.369080036599808148e-01,9.714938115095244076e-01,5.333784989699572598e-01,7.754711411717961633e-01,5.425444040623392250e-02,2.533038638211517757e-01
8.322782595572407738e-01,7.726370968523534888e-01,4.324469031112333495e-01,3.533369766272253520e-01,3.009016135316368024e-01,6.428969954128002096e-01,3.460734012240659352e-01,5.526572823394981793e-01,5.540388590949375525e-01,3.879333367542077693e-01,1.406193126126302484e-01,2.773640448533112313e-01,5.653324906195953403e-01,2.774927659576497119e-01,7.452240326520263025e-01,7.261520862083572503e-01,5.986761803539522031e-01,6.334788390322741991e-01,5.041034120816834108e-01,7.114135486603357927e-01,0.000000000000000000e+00,8.212862401079941144e-01,6.495978757229630141e-01,5.579075842266740803e-01,7.402317652752951060e-01,7.325691517898044181e-01,7.737537915439538505e-01,6.310816160564274302e-01,7.097050745391544346e-01,5.986567462738653367e-01,4.822001542494763759e-01,2.875277790954729462e-01,4.497101065746423876e-01,4.732326472088553837e-01,3.505598078530406392e-01,8.610383553444629634e-02,3.894346762790926175e-01,4.860630059140603199e-01,4.659315575473821913e-01,4.962797502836341357e-01,6.305868042255534656e-01,3.123149467520012768e-01,1.904897061710070505e-01,2.029497169291767655e-01,4.815900643489812172e-01,7.345566689797783377e-01,6.047168438658701017e-01,6.578865636072442902e-01,2.926809893641146854e-01,1.890389830577310915e-01,5.885872123536194378e-01,3.622069101216368603e-02,4.795314816561787041e-01,5.547841103236801352e-01,1.784046566000117573e-01,4.265736466956232542e-02,2.425600242939967011e-01,3.860973687260534915e-01,1.829085238775755851e-01,8.243264982195344093e-01,6.518041597682509014e-01,9.973227875741427773e-02,3.991685759217970531e-01,6.474506821345927809e-01,8.133230957722148435e-01,9.039317649617862882e-01,8.645641062879884098e-01,7.646637156216995468e-01,5.588519367676686445e-01,5.213909692914042715e-01,5.699904612620461108e-01,7.907680549584950036e-01,5.540231375471574848e-01,7.075522086723580184e-01,4.640669816292664618e-01,4.491857185464356306e-01
