0.000000000000000000e+00,6.072530307799992588e-01,5.495772993244943394e-02,2.761410565450007071e-01,4.853798063338535806e-01,1.016134157527963933e-01,1.397270573818663320e-01,1.435341174064858338e-01,2.791334374675632501e-01,1.294657501407048272e-01,4.269148340133140929e-01,2.318559025400568907e-01,1.579294405053252581e-01,4.535278605203011959e-01,5.600573234153931601e-01,7.163498368790814919e-01,5.185925987872221921e-01,4.267516190495930228e-01,2.025815933446050987e-01,2.351813055256756213e-01,6.276725720721320068e-01,7.509818322789838518e-01,3.029933809624543173e-01,6.399983218981390998e-01,5.359751334817803858e-01,3.978588190034801908e-01,1.999280616806706212e-01,2.173610831706659918e-02,2.962298294861840375e-01,4.093218123207081893e-02,3.453756894386883491e-02,5.872242801480367369e-01,5.028317295437991774e-01,2.822975577946144621e-01,4.816992553602802429e-01,6.974502244024524122e-01,3.702495064644122924e-01,5.021009614446145797e-01,4.697689757232974550e-01,5.115243410117008560e-01,3.721306054125941287e-01,1.886140640171248828e-01,3.748012441374106163e-01,2.020367982135607421e-01,1.297259229606881059e-01,7.473663174312025204e-01,4.962990306709947896e-01,1.950768429256810321e-01,2.252890701968590648e-01,3.701821173857078318e-01,1.592270006466923182e-01,2.487501339106753528e-01,3.299845356106884120e-02,2.072066050434526463e-01,3.916680256606612232e-01,3.608148774715589369e-01,2.977138972299334108e-01,2.754600842350094503e-01,1.992129897704180697e-01,5.254353931279536205e-01,6.467745454293607477e-01,2.562569277068466045e-01,3.893634375932169545e-01,2.351931118386636488e-01,1.635769481225716193e-01,5.742534100266600827e-01,4.049486901834658537e-01,1.836425628552640354e-01,6.490754408018353239e-01,5.843373025809535104e-01,6.425525265525620089e-01,3.744485018841112178e-02,2.193922951702546031e-01,7.000543155472782608e-02,1.760313825366388585e-02,2.150499943362063071e-01
6.072530307799992588e-01,0.000000000000000000e+00,5.562061012208885380e-02,1.719316630146579816e-01,9.058921040537605274e-01,2.135317600467632748e-01,1.160478933784743483e-01,3.644737605346159981e-02,5.518396161047421922e-01,7.406272767727334339e-02,7.452196650394773414e-01,3.339025127087045242e-01,1.821612781292734629e-01,6.645949836882080186e-01,7.399783272858121430e-01,7.447251368859473253e-01,5.234210084074055747e-01,7.580745996678592835e-01,1.860459457689756235e-01,9.594590880272957367e-02,3.452081507096562141e-01,7.105185722342121091e-01,3.574798886074109783e-01,4.588913582506015110e-01,8.085328295932177056e-01,5.187256088311975599e-01,2.651082616139085468e-01,3.187013327991908840e-01,1.477411741434281334e-01,4.823268602062853738e-02,4.286525837456658938e-01,4.573482858822182640e-01,5.736843053416733618e-01,1.495245045098145820e-01,7.810999087226158100e-01,9.864813883712205689e-01,6.833936964331612796e-01,4.375711776047211954e-01,1.307761880714401470e-01,5.899396823053295602e-01,4.187670931902713889e-01,3.847798218314274488e-01,4.436414923073895289e-01,4.799233045460564728e-01,6.398292118772408443e-03,4.570514371510057128e-01,9.092345585403224240e-01,4.456667031313136240e-01,5.463319767962838691e-01,7.578613166924759170e-01,3.704397535147042619e-01,4.250855558525935551e-01,2.503169992765249541e-01,5.859392268203296172e-01,4.471951768249337045e-01,8.156795593765564512e-01,4.943338326605967725e-01,5.808636259424253545e-01,3.476775254123525283e-01,7.673157362475742094e-01,5.867003282067151382e-01,1.898292353234440344e-02,3.798506775872809160e-01,2.418488119038036399e-01,1.390000851865874076e-01,2.186782901276394242e-01,3.624564560215835507e-01,2.993602075421039621e-02,4.852336859528608159e-01,7.556183298648302404e-01,7.183452045105906958e-01,1.400584413744874746e-01,6.425792567310519843e-01,3.913344150312489389e-01,4.835845663170150188e-01,1.208367034350555647e-01
5.495772993244943394e-02,5.562061012208885380e-02,0.000000000000000000e+00,7.712423108470738142e-02,4.524427261613923612e-01,5.949561961053724257e-01,4.026659828515553041e-01,6.799512240479751446e-01,7.924394522789802719e-01,9.030215423916043704e-02,6.700098112861868627e-01,2.639390924049953568e-01,3.299594587734690498e-01,1.824707213625864632e-01,2.350266313296459630e-01,3.210103959728514700e-01,1.791475442566229370e-01,2.052041351046261231e-01,7.192941748737075036e-01,6.030741775599943733e-01,6.383614126264181010e-02,2.315152007696173186e-01,6.364290733676755130e-01,1.916881511851916131e-01,1.404805715994810189e-01,3.170393771654739234e-01,4.963082304315641902e-01,3.040643245503840686e-01,4.390293156658219842e-01,1.009698611426168013e-01,2.395499307216347462e-01,4.199080285106324695e-01,1.239431256354250020e-02,1.696740668611977643e-01,1.214971513250641261e-01,2.046469917474903477e-01,6.839596576949522055e-02,4.568730307791371570e-02,2.026279636580417542e-01,2.491371018746091348e-02,4.038772779613138408e-01,1.592317402843586860e-01,5.154172042600400072e-01,3.645815135264344198e-01,5.482037390824442968e-02,1.691256989921953446e-01,6.476889490179427167e-02,8.289638443252004274e-01,2.160101159857084202e-02,3.425353910434996707e-01,4.808993689691128393e-01,3.533818220588032522e-01,6.271877158357972437e-01,7.326391886283811772e-01,7.505720431925019809e-02,7.037129373898282081e-01,2.533071436811260568e-01,3.318417910633663648e-01,3.655466613770446127e-01,6.614874886654198427e-02,3.156562850400957410e-01,1.839098304275740281e-01,3.195349762371003655e-01,5.454675820566341482e-01,4.708731810260060047e-01,9.975438182326717973e-02,3.092261045774614692e-01,6.698520990727147018e-01,1.829797955165577417e-01,7.541980945247050983e-02,3.333472455164010473e-02,5.303993078186136634e-01,3.185814609864598967e-01,1.208595755379903575e-01,1.576109138534007303e-01,2.563402356595189668e-01
2.761410565450007071e-01,1.719316630146579816e-01,7.712423108470738142e-02,0.000000000000000000e+00,5.643901983574625691e-02,6.516721650840832936e-02,4.867245747092963648e-01,1.928704891754566553e-01,1.536045449991134126e-01,2.188350591946492951e-01,2.621333662164963552e-01,2.216352983774354246e-01,6.756415126284016637e-01,9.835977942801912843e-02,6.921038860962742956e-02,3.931427757885034846e-01,4.163231245794288826e-01,2.263879450428063211e-01,7.934112947033852836e-02,7.927440956710389564e-02,5.178917588080882428e-01,3.196429574799492523e-01,3.178307744601746587e-01,2.544399896162006236e-01,9.816719439741805608e-02,1.885729277956433025e-01,7.637410693418902885e-03,1.020246914734102006e-01,1.237333337811901551e-01,4.135710711528310934e-01,8.578586766180673617e-02,1.805103006777927510e-01,3.995914675975485997e-01,6.090525524334898799e-01,5.103090116407017485e-01,2.948632745077751083e-01,2.338668911193420019e-02,2.845294739864122624e-01,2.808086391469061249e-02,2.766948013823637975e-01,3.482034686787781608e-01,3.070283331349648592e-01,2.118930445886574032e-01,4.032652422859956953e-01,1.449418454708412685e-01,1.568534767449694667e-01,3.251806164391869980e-01,1.999369985970936292e-01,2.455345494912647142e-01,2.621252389308610375e-01,1.355052035286067880e-01,2.517312145676867119e-01,1.109348701657517089e-02,1.552456261558392003e-01,5.101318791485880411e-01,2.481721943596704449e-01,4.527230556369331027e-01,1.384794587592436121e-01,6.536909269404506118e-03,1.364980120402166375e-02,2.980790054783274412e-01,3.449599486390856340e-01,3.443417961513203784e-01,5.585237623500036164e-03,8.867549986548484142e-03,4.931888336287345576e-01,2.314713523011380225e-01,3.841365515174564038e-01,3.400348772476134984e-01,1.559097074515043702e-01,3.683864201592563781e-01,2.454915078860113453e-02,5.954435615004736310e-02,7.570728416730675148e-02,3.747008931371376139e-02,2.471919300349803006e-01
4.853798063338535806e-01,9.058921040537605274e-01,4.524427261613923612e-01,5.643901983574625691e-02,0.000000000000000000e+00,1.324828792954368673e-01,4.851976652475633589e-01,2.320090912249197224e-01,7.659350572654941569e-01,3.000030374793221100e-01,7.948171017635087265e-01,4.714132386184447521e-01,1.115654240039644085e-01,7.540982679849870252e-01,5.017247454922763028e-01,6.945193196038453864e-01,5.043422045912584473e-01,6.217363876185472149e-01,1.644342268605960278e-01,2.002338061000474845e-01,1.774989662967592918e-01,5.012709759168549883e-01,4.488277158092354724e-02,5.360750588749428891e-01,5.916215388652792395e-01,1.296915175808194820e-01,1.666270090954730110e-01,4.875920213605968168e-01,2.043193550760090682e-01,2.617739767585111621e-01,4.542310759371058215e-01,6.574415173903813692e-01,2.280998667378686395e-01,7.232939666437651627e-02,4.524859574368431669e-01,8.065609538643651044e-01,6.058976600675590740e-01,2.475039714247546374e-01,3.320061853461827583e-01,2.547953677843808329e-01,4.586116325900906343e-01,5.703327911650317716e-01,7.613256377263115660e-01,5.608752763372427674e-01,8.916856294070600597e-02,5.404037473290417282e-01,7.825649368008341655e-01,5.655831976313258069e-01,3.954653816712119241e-01,8.552824286527377362e-01,4.724716260368466703e-01,7.344095845662242938e-01,3.940533846221609404e-01,7.260410463540212245e-01,3.321421143510570051e-01,8.491773719363311379e-01,2.512526619408264050e-01,6.185442652912527262e-01,7.866360361982149829e-01,7.530897860074836636e-01,5.475171585568737731e-01,7.589538887468115502e-02,3.786068427184175467e-01,1.264060464053944344e-01,1.200713643702863986e-01,2.835880122760319200e-01,3.783943866963090930e-02,2.319237462776854164e-01,6.891713679934415859e-01,5.311452355266945702e-01,6.500376366909581538e-01,3.583004271417675746e-01,6.428968782850251751e-01,3.543568353003672677e-01,3.394767858689011764e-01,1.701006541963882013e-01
1.016134157527963933e-01,2.135317600467632748e-01,5.949561961053724257e-01,6.516721650840832936e-02,1.324828792954368673e-01,0.000000000000000000e+00,3.543337931279461062e-01,6.421192689043067059e-01,4.418091535748715493e-01,9.862626239982344445e-02,2.485008784175012919e-01,1.922644343321761595e-01,3.466313132929840779e-01,9.807870193192860797e-03,2.943159450728374815e-01,1.214118520904367005e-01,1.128718450462732337e-01,7.781449623791791836e-02,5.125621160872790849e-01,4.823739028912752413e-01,2.122294213535780849e-01,3.287594780197731215e-01,5.420607099233459847e-01,1.484087904040160277e-01,2.740807098732425118e-01,3.129679451056558426e-01,6.831911264371218762e-01,1.330164789493357980e-01,4.225232324665323946e-01,2.948743113254736481e-01,5.456727300721192497e-02,2.230696856156605401e-01,2.083040453943005577e-01,1.672824326424841024e-01,8.387592275357502736e-02,7.489584361398773926e-02,7.569242583916790251e-03,6.160814993074686940e-02,8.447539615843593919e-02,2.756948476132450310e-01,3.067697965067564536e-01,1.300182277991632496e-01,3.080555695382919401e-01,3.558263732856394301e-01,9.812705482462900919e-02,1.246889176958423939e-01,1.065864317532695393e-01,4.235106866490279121e-01,5.555137422073402192e-02,9.563871806964709121e-02,7.177154877457893045e-01,2.388093938554262663e-01,4.379727423250395213e-01,3.238246873430060124e-01,9.980228524573621363e-02,2.595366532107806767e-01,1.398758012392793681e-01,2.611736932715306159e-01,2.225058493466677279e-01,2.349734618519061513e-02,2.783111652349406495e-01,1.948617050028414732e-01,2.610165778126804503e-01,1.317162366345630553e-01,3.973097979111815947e-01,2.347458284896725145e-02,1.901479669384392446e-01,5.741180745954566067e-01,1.222186041504825238e-01,3.313964604951341597e-02,2.818070733063726685e-03,6.671098939679119821e-01,4.599324299806270555e-02,3.049820944109295218e-02,8.471135889416948894e-02,2.660618133431430499e-01
1.397270573818663320e-01,1.160478933784743483e-01,4.026659828515553041e-01,4.867245747092963648e-01,4.851976652475633589e-01,3.543337931279461062e-01,0.000000000000000000e+00,3.350195555924955215e-01,4.167970992967624522e-01,5.158534368703037165e-01,1.552782635357605190e-01,3.766196732573000583e-01,7.505085821429637871e-01,3.799419770414542707e-01,1.204580551793545812e-02,5.091913687959426227e-02,1.814570690732758285e-01,1.214573961266685043e-01,1.064473006453881820e-01,2.232233533083886334e-01,1.278465849300684798e-01,7.781323610203061403e-02,2.716219964674593257e-01,1.376143250137209784e-01,6.775139775967436995e-02,3.702855896151271420e-01,3.382067665510691268e-01,8.495843958310478339e-02,2.295463614327039048e-01,2.507881782728177411e-02,1.398890861907948480e-01,3.459766913571839519e-01,2.256679253213043079e-01,4.813758743463316669e-01,3.093078380128977400e-01,7.867589978262827521e-02,5.036695321324780039e-02,2.309298805880133365e-02,3.731848489598309504e-01,2.838467038877394155e-01,9.569151944833650253e-03,1.113233780820530559e-02,3.574222578759380098e-01,8.272561794649106737e-02,8.267955222756370737e-02,4.069029945699371709e-01,1.005211914329090517e-03,1.872155510593117300e-01,3.650161780859192961e-02,3.281726092083451229e-01,3.144723853327720531e-01,7.428468152257490242e-01,2.978606064261043462e-01,4.335831644284811048e-01,3.170520825952023447e-01,2.250114208007369387e-01,3.302960309703352193e-01,4.234284330169018062e-01,3.997111352285389607e-01,1.787686147823961680e-01,1.315274764922829132e-01,5.060890249439439770e-02,1.407855323747830845e-02,1.246181340566233919e-01,2.426567666472599361e-01,9.879217064368700507e-03,3.486217515360057195e-01,4.226786437654024287e-01,3.514977035763160451e-01,1.253439742274112256e-02,8.085362418885619351e-02,3.268998550414229376e-01,1.776586232446818459e-01,1.603469439934962493e-01,4.528215111382316582e-02,2.364459900256317970e-01
1.435341174064858338e-01,3.644737605346159981e-02,6.799512240479751446e-01,1.928704891754566553e-01,2.320090912249197224e-01,6.421192689043067059e-01,3.350195555924955215e-01,0.000000000000000000e+00,3.626945464352826498e-01,2.964720648202953113e-01,3.477808255185877440e-01,5.470427491101939044e-01,3.932920932256197544e-01,2.351151791945103042e-01,5.075437500340196362e-02,2.419279240373206352e-01,1.229838111152891378e-01,1.233917797667434535e-01,4.429356003533504449e-01,3.372740506077286926e-01,2.084135169898329587e-01,2.041674347906327625e-02,7.726269589275089889e-01,3.655552915619895704e-01,2.048253766201734993e-01,5.790288331287805068e-01,3.569785693038937668e-01,1.299616570348361422e-01,2.296719904210265395e-01,1.150666483792185391e-01,4.119391285707629108e-02,3.264353882726392930e-01,4.474571298432177824e-01,3.825761513072759579e-01,2.285829486195538329e-02,1.330481240329189352e-01,1.029661904001830525e-01,3.638679784491868907e-02,2.960207645486669925e-01,3.252076241354695529e-01,8.287643361376023643e-02,1.143806201040485915e-01,3.713127438960247551e-01,1.254488910235495858e-01,8.652816194214317524e-02,1.407141407102900643e-01,7.106314799731980325e-02,4.151096831777379981e-01,2.798423366135919729e-02,1.015879661060985623e-01,4.695086247744300056e-01,3.182258455517200102e-01,7.638473099279302625e-01,2.838022669466458980e-01,8.096239421280358728e-02,3.061336460961415207e-01,4.087950398102935257e-01,3.496629479811727559e-01,2.666862373528448016e-01,1.172301196593633077e-01,3.340587187927762103e-01,6.888705086343593909e-03,2.228787500009842826e-01,3.969847906159085227e-01,3.591645203787354745e-01,3.572751913543489866e-02,2.627016313848196116e-01,7.249060173963984832e-01,1.232197934340653611e-02,2.411284829359459578e-02,5.132075472829564222e-02,3.193637085273215437e-01,1.163451655972949361e-01,4.548560633464332481e-02,1.306005245767714318e-01,5.937446737365553728e-02
2.791334374675632501e-01,5.518396161047421922e-01,7.924394522789802719e-01,1.536045449991134126e-01,7.659350572654941569e-01,4.418091535748715493e-01,4.167970992967624522e-01,3.626945464352826498e-01,0.000000000000000000e+00,2.419460572240322571e-01,8.205103285103194644e-01,3.692000528886586475e-01,1.850118612068759050e-01,3.872697633207234369e-01,8.957838941817147793e-02,5.871997666662113202e-01,3.809850122642083892e-01,5.722528894471650140e-01,4.084858846635067153e-01,5.536383092575678511e-01,1.340841225413051674e-01,1.042045167527034244e-01,1.925246309381053456e-01,2.907997844343684357e-01,2.992221267361391268e-01,6.153928611371817237e-03,4.900876065007253590e-01,5.413863395585660765e-01,4.848205299612509123e-01,1.301190376594715259e-01,5.191089991621984367e-01,7.191264044764456020e-01,2.985386987492664179e-01,1.134132757455233315e-01,3.941266716363295286e-01,5.712599344388394895e-01,4.944631086212676885e-01,1.902062758778416685e-01,3.212372374957483401e-01,2.981031956835049068e-01,6.429277239968120838e-01,4.916997582347351625e-01,7.053393204067264222e-01,6.752307463842132096e-01,3.572760044193321050e-02,4.162947646351985442e-01,5.510683814851350393e-01,8.859338855622358455e-01,2.845195023742764784e-01,6.567638548978128599e-01,4.462183333675220909e-01,5.440681743359756517e-01,4.730380161430964292e-01,8.487459398065267946e-01,3.341999080322928806e-01,8.512230883889470023e-01,1.114424735662966348e-01,5.042415866952483228e-01,4.633200399169338235e-01,3.781102330216112306e-01,5.253619582436795943e-01,2.329615587262243992e-01,5.275541913909916891e-01,1.183415364765750266e-01,4.181619996741169909e-01,2.845781691154133930e-01,1.938578792958888797e-01,3.902312205206417417e-01,6.087226645506306211e-01,4.084845417465110540e-01,4.663271412047209630e-01,6.181710845017535094e-01,4.790996647686371346e-01,2.810173204205265174e-01,1.917348552889006630e-01,3.762809260878244300e-01
1.294657501407048272e-01,7.406272767727334339e-02,9.030215423916043704e-02,2.188350591946492951e-01,3.000030374793221100e-01,9.862626239982344445e-02,5.158534368703037165e-01,2.964720648202953113e-01,2.419460572240322571e-01,0.000000000000000000e+00,2.664053464651748859e-01,6.046095027733324745e-01,5.088492145487422125e-01,3.159459711129359305e-01,4.143338488550785126e-02,1.337241168318257234e-01,3.827390535068841970e-01,1.696333246941026107e-01,1.596541477372097340e-01,2.235421945495973672e-01,2.736599812560358558e-01,1.694766616463194708e-02,6.982056893145299759e-02,9.380062614165654566e-02,2.630366635964185851e-01,5.883883693330413944e-01,1.312745183541366156e-01,6.458940673624238293e-01,3.362153900282790486e-01,1.624210033670847597e-01,6.670815705335519930e-01,4.788825194248039763e-01,3.337465796947426400e-01,4.725774598612318966e-01,1.350560704680687230e-01,3.347113173623069149e-01,3.597476635620381891e-01,1.031357051552031778e-01,4.213032053698491097e-01,1.415732701484335165e-01,1.054085368804135725e-01,5.106200186083719172e-01,2.196340358418719663e-01,1.384287375917436780e-01,2.537671575716299310e-03,1.001758044639107226e-01,3.573647414951782730e-01,7.701207815041866134e-02,2.247921350057138432e-02,2.662601169117636557e-01,5.044349378017314034e-02,5.947201297902720007e-01,3.825681050413645701e-01,4.046952920464785830e-01,3.886843987869145201e-01,2.275843491057027990e-01,3.587634317235650072e-01,4.307609647015924192e-01,6.843367076665093918e-04,2.961607939884342011e-02,1.907821986113589219e-02,4.221512314796285747e-01,1.151650854712947536e-01,5.503205830991955705e-02,2.771950175789051896e-01,1.724571280113402216e-01,3.815710369124045709e-01,6.525264967066737865e-02,3.213165727074054900e-02,1.870076176153123160e-01,1.242175737184175732e-02,1.402407727513788616e-01,3.969502663580081192e-01,3.598721172758263531e-01,2.919977696975708525e-01,5.782523374214684764e-03
4.269148340133140929e-01,7.452196650394773414e-01,6.700098112861868627e-01,2.621333662164963552e-01,7.948171017635087265e-01,2.485008784175012919e-01,1.552782635357605190e-01,3.477808255185877440e-01,8.205103285103194644e-01,2.664053464651748859e-01,0.000000000000000000e+00,5.081486417027586411e-01,4.180717605399469905e-02,5.627903405290111127e-01,3.677957009537607402e-01,7.219032506143638894e-01,4.772159617146775057e-01,5.774015872143422046e-01,3.116229683653148896e-01,3.513608998696280405e-01,3.211076140779892674e-01,3.721802107127404891e-01,1.220800701136631750e-01,3.494850343930386294e-01,3.319616067714846741e-01,2.014441831888005852e-02,1.879380763132625920e-01,5.259224600592666832e-01,2.261772308511647289e-01,3.786906650878479885e-01,4.908256686175402894e-01,7.600888242929931815e-01,3.260155714007794137e-01,2.164004993789336515e-02,6.486342589682776438e-01,8.248742220655744806e-01,6.162791976496978519e-01,2.547037450350537746e-01,3.260170134238449258e-01,4.035054385086111473e-01,5.985682949438613232e-01,5.861681725958081124e-01,7.513921659653439722e-01,6.580660240321368759e-01,7.400643327301655028e-02,4.919896593919013128e-01,7.233299556414863885e-01,7.714189488830763830e-01,3.166544363568844500e-01,7.154779883781785532e-01,5.496789486274528125e-01,4.957645292514807900e-01,5.483838102352774913e-01,7.961537177575284119e-01,4.242998291896236673e-01,9.551734526387246627e-01,1.430807090912434854e-01,6.150699084614243972e-01,5.497218131342139769e-01,5.920896333635059516e-01,5.776666861820278775e-01,5.081859840841587705e-02,4.566439921592579942e-01,1.690856649513999832e-01,2.812696418691610356e-01,4.187701058602050219e-01,1.177653846714491470e-01,3.654155233665398739e-01,5.906392726885617561e-01,4.450850227360741429e-01,5.349829154954264254e-01,4.726044291619778126e-01,6.479532547839740309e-01,4.344689766995158964e-01,4.139389825049969995e-01,3.470074910584996508e-01
2.318559025400568907e-01,3.339025127087045242e-01,2.639390924049953568e-01,2.216352983774354246e-01,4.714132386184447521e-01,1.922644343321761595e-01,3.766196732573000583e-01,5.470427491101939044e-01,3.692000528886586475e-01,6.046095027733324745e-01,5.081486417027586411e-01,0.000000000000000000e+00,3.253143659971333701e-01,6.174043445592789503e-01,1.885516734951045437e-01,3.015110360400631850e-01,3.031127624334156723e-02,2.001177529582978676e-01,8.689695188764279266e-02,2.222358673676331497e-01,3.629437493706594298e-02,1.827697060515416916e-01,2.802673322796641608e-01,1.051400266958873453e-01,8.212634644369570802e-02,4.691073109663934648e-01,1.565565882682471155e-01,5.872483330687420233e-01,1.183092981235975838e-01,2.006799342486818849e-01,4.989550470809326899e-01,4.834436153039696760e-01,2.514358519457489116e-01,4.472767565477705487e-01,5.775193497919924035e-02,4.963821698188131126e-01,3.818414450759393675e-01,5.428782002263293771e-02,3.022174059402054080e-01,1.263864717581718311e-02,2.714986068685851239e-01,5.131020582324868906e-01,5.122888853473904769e-01,2.859781290159076894e-01,5.438246881506542119e-02,4.409885212480620376e-01,5.650504357767163199e-01,3.338870856706574464e-01,1.925049536398821814e-01,3.439738033241160897e-01,2.238585275892580606e-01,5.468398736750011979e-01,6.245361689762365387e-01,4.603377050516689883e-01,1.239461661631247047e-03,4.241968925366497167e-01,3.557875721641781119e-01,5.433847024821746308e-01,3.773071929182069129e-01,1.854969605648930375e-01,4.137875178231129047e-01,2.220713441285854239e-03,3.226748817279841974e-01,1.010739234131343423e-01,2.853818353794487228e-01,1.427655860879617489e-01,2.213661136608525704e-01,2.572679937837723529e-01,1.205353946459061798e-01,3.122179398372056380e-01,2.493958152632216874e-01,1.830019360917869709e-01,4.106590640873515885e-01,2.187678532385524122e-01,3.131321224367062395e-01,1.639564443629366042e-01
1.579294405053252581e-01,1.821612781292734629e-01,3.299594587734690498e-01,6.756415126284016637e-01,1.115654240039644085e-01,3.466313132929840779e-01,7.505085821429637871e-01,3.932920932256197544e-01,1.850118612068759050e-01,5.088492145487422125e-01,4.180717605399469905e-02,3.253143659971333701e-01,0.000000000000000000e+00,1.730673094850188054e-02,5.635874457516873437e-02,3.620744957844468925e-01,5.305988820754291568e-01,3.471474963911841405e-01,1.299931438716286913e-01,1.704183024541471581e-01,3.503847017564830635e-01,2.489798218024055210e-01,3.088871954093916905e-01,3.194756587586059515e-01,3.288790384131649036e-01,5.799353469430796881e-01,2.458571593603198213e-01,3.159047355386443989e-01,1.801595762105631660e-01,9.238387549992418957e-02,1.417661509978538625e-01,1.153777476430472432e-01,4.177092981848991582e-01,5.498051675409335592e-01,4.690604696465837109e-01,2.458346272626301676e-01,3.947407295698934782e-02,3.396404187861429280e-01,2.548547094225190879e-01,3.436456254740878347e-01,5.008767381850506850e-02,2.832721845081868917e-02,2.524694150158748873e-02,2.286376877891634907e-01,3.734850457049197769e-02,1.297032593450949678e-01,1.662719385314258835e-01,3.467614667511736970e-02,3.545418452503049100e-02,9.295718026830934733e-02,1.599115692239515829e-01,5.179455624322308882e-01,1.778196960657036363e-01,1.904545474144125894e-01,4.957591955773355541e-01,7.170999410965034349e-02,5.585576783709524928e-01,3.680619523103658697e-01,1.756811773295013923e-02,5.162087235327478263e-02,1.795148355379495853e-01,3.904441086958255203e-01,2.818662079917395591e-01,2.154834169765212915e-02,2.061815037741218382e-01,1.287868136835125799e-01,4.033084402747293407e-01,2.954711136038741248e-01,1.275442513627408347e-01,2.457815805611627547e-01,2.443290670267223574e-01,1.263567589155851212e-01,1.518249319786051932e-01,4.484648183875381694e-02,2.604088615121286782e-02,1.405830103591472757e-01
4.535278605203011959e-01,6.645949836882080186e-01,1.824707213625864632e-01,9.835977942801912843e-02,7.540982679849870252e-01,9.807870193192860797e-03,3.799419770414542707e-01,2.351151791945103042e-01,3.872697633207234369e-01,3.159459711129359305e-01,5.627903405290111127e-01,6.174043445592789503e-01,1.730673094850188054e-02,0.000000000000000000e+00,5.263579123759660749e-01,6.290225880650435197e-01,4.458919810145984819e-01,5.425690994216629814e-01,1.209936162694980610e-01,8.452131094683559831e-02,4.425740317875324903e-02,5.630387188529227815e-01,2.209789126412525784e-02,4.187685285447014794e-01,5.096585574215374281e-01,4.822534732044950201e-02,1.159159148060749656e-02,3.432845212624410225e-01,1.864146551368571492e-02,3.474574671110240709e-02,3.773944293042739151e-01,4.217752417292662259e-01,3.404969893908003920e-02,4.846976372441354208e-02,3.810321745676438776e-01,6.377926388578355477e-01,5.940131752972973578e-01,2.827890447174864486e-01,1.873816534383860311e-01,9.758439797031141782e-02,1.354090681102697868e-01,4.331338565948186226e-01,5.585257692076801561e-01,2.244801857981558735e-01,4.465175990793705807e-02,5.367049067483420366e-01,5.652615106506397868e-01,2.822858742005311949e-01,2.880022298266732839e-01,6.127906640286032713e-01,4.750483597493442289e-01,6.394084280809728682e-01,4.527850622729924224e-01,3.950211402240109138e-01,2.928734247564155346e-01,5.945228422956118086e-01,1.981000378648403448e-01,7.330190492877126651e-01,7.026575247266885205e-01,5.508032078892064476e-01,3.845604646288462436e-01,5.905693352061347490e-02,2.019031793330892666e-01,1.392454601212633480e-01,1.313531999271957407e-01,5.516191687249958481e-02,1.553193166554972804e-01,2.506194479305476341e-01,4.260059151552316181e-01,3.485762006718950978e-01,4.268041944383753061e-01,2.281869821685433009e-01,6.376140650262724918e-01,4.433313417289541092e-01,4.379837119797510558e-01,1.918102508880943913e-01
5.600573234153931601e-01,7.399783272858121430e-01,2.350266313296459630e-01,6.921038860962742956e-02,5.017247454922763028e-01,2.943159450728374815e-01,1.204580551793545812e-02,5.075437500340196362e-02,8.957838941817147793e-02,4.143338488550785126e-02,3.677957009537607402e-01,1.885516734951045437e-01,5.635874457516873437e-02,5.263579123759660749e-01,0.000000000000000000e+00,3.974912532311163371e-01,2.284895670158052783e-01,3.745759557875851242e-01,3.285571150463785783e-01,5.144097457615189883e-01,2.830801819073963665e-01,8.496456910168921350e-01,4.745923778960557948e-01,3.926104878206913007e-01,6.145615723303110567e-01,4.021161754508518205e-01,6.046678263706362078e-01,1.581083899229810408e-01,3.152282630942698227e-01,1.378164828283061638e-01,1.088517344516323204e-01,3.145381089425328680e-01,2.201742164078960839e-01,1.315089319586849187e-02,4.732400114896094245e-01,6.441096226322933216e-01,5.882031692737690332e-01,1.319307679978817816e-01,3.308395279970403058e-01,2.639631610619485036e-01,2.707462193819440421e-02,4.503118710478986597e-01,1.541583413790489354e-01,1.773589614911361967e-01,5.133464318436109508e-02,3.024031297988680200e-01,7.352347488569357381e-01,1.054824312844133694e-01,4.727417545443816649e-01,3.858733195059304011e-01,4.234733259986855902e-03,1.684282065629209291e-01,4.881759607208102647e-03,1.375470806531231549e-02,2.392034993201603288e-01,3.446205883424704464e-01,4.099400646200105358e-01,3.918397861774705060e-01,2.384978763291455972e-01,8.298602580535556772e-01,3.344002438275063271e-01,2.897287651222175131e-01,6.089106546559286404e-02,2.024510868675451492e-01,5.606422013137352112e-01,2.823152361400299570e-01,5.491662577787266297e-01,4.380647655365518811e-01,3.345396116359926619e-01,3.463621181998556287e-01,4.649201972233750757e-01,4.675479312099330986e-01,4.029069397312084466e-01,3.595700786873889943e-02,2.647798545298377659e-01,3.349856815444227087e-02
7.163498368790814919e-01,7.447251368859473253e-01,3.210103959728514700e-01,3.931427757885034846e-01,6.945193196038453864e-01,1.214118520904367005e-01,5.091913687959426227e-02,2.419279240373206352e-01,5.871997666662113202e-01,1.337241168318257234e-01,7.219032506143638894e-01,3.015110360400631850e-01,3.620744957844468925e-01,6.290225880650435197e-01,3.974912532311163371e-01,0.000000000000000000e+00,8.960981006632753321e-01,8.045753440288657687e-01,4.604815242811059750e-02,1.028258547595923833e-01,3.167629026910512291e-01,5.954420802123285839e-01,4.643994273524146288e-03,4.537001124811906316e-01,7.003115569059511492e-01,3.999527754562652859e-01,1.105946890156976337e-01,3.245409550753058925e-02,9.092865312111642062e-02,2.953078160648059391e-01,1.034733366382685205e-01,4.143482873109821663e-01,3.363138697040101155e-01,2.661082326305983514e-01,6.722036069899995914e-01,8.760180387302404226e-01,4.017261125783687659e-01,6.347652455880008482e-01,1.121718746193571536e-01,3.578678872443418202e-01,5.820189136937214958e-01,3.095260274587910421e-01,5.338210168954635737e-01,3.890783719514583905e-01,1.454969248544987770e-01,6.662959855857650826e-01,5.232571249303046290e-01,5.895408717973619206e-01,2.432993812387718724e-01,6.030247809776041468e-01,5.373988638060481771e-01,3.278553450894222676e-01,4.745908482103675663e-01,5.144320933322552580e-01,5.646888649531193183e-01,7.241225691715962309e-01,3.675099181421549455e-01,4.728290324543888978e-01,5.124265209913684282e-01,5.409234276418517506e-01,8.291889607355305003e-01,4.266730316613087104e-01,6.897786500208176186e-01,2.427432398004991665e-02,9.256455835089621997e-02,3.363606430396367530e-01,2.714623810829679407e-01,2.665838760349856229e-01,5.668449779430940749e-01,6.554209760149272146e-01,6.353863023268800925e-01,3.979522620696108182e-01,3.862339117404439692e-01,1.935593971269770064e-01,2.163484565384952429e-01,2.529012220098110775e-01
5.185925987872221921e-01,5.234210084074055747e-01,1.791475442566229370e-01,4.163231245794288826e-01,5.043422045912584473e-01,1.128718450462732337e-01,1.814570690732758285e-01,1.229838111152891378e-01,3.809850122642083892e-01,3.827390535068841970e-01,4.772159617146775057e-01,3.031127624334156723e-02,5.305988820754291568e-01,4.458919810145984819e-01,2.284895670158052783e-01,8.960981006632753321e-01,0.000000000000000000e+00,8.300064672558256085e-01,7.321058879056024926e-02,2.653187715742255648e-02,3.296618074555142663e-01,5.043647827115926852e-01,7.621439497431131693e-02,4.734677823339323299e-01,6.927941923281950576e-01,5.312013775529975668e-01,1.539806348644842393e-01,2.471457691361540476e-01,1.110284153805004559e-01,2.312997116640911344e-01,1.386981370020727300e-01,2.707951991543637860e-01,3.976216063279833790e-01,3.410748227971689417e-01,4.693033812776148950e-01,5.471510328208532004e-01,1.478182921935013161e-01,6.321385037804994056e-01,1.218241986678195166e-02,4.207148696024632928e-01,3.947404987715905644e-01,9.049964289111910032e-02,3.540635897038736379e-01,2.058692153007709580e-01,1.033941471565307940e-01,5.253273220165262103e-01,2.603706868661285201e-01,4.400833070868606645e-01,1.385593822005457831e-01,3.058257267406820357e-01,3.388470271679612233e-01,7.465238912183969067e-02,3.214307885812136556e-01,2.169623518475650714e-01,5.967921980336575727e-01,4.883032131806432363e-01,4.181352293413192478e-01,2.125384783401594313e-01,3.594150515941583190e-01,3.073302113140693459e-01,6.569928558699135168e-01,5.686935667083429236e-01,6.110695820806291145e-01,1.582910849894017535e-02,6.284202292930823885e-02,2.027533826805652251e-01,2.274234267917193963e-01,2.636867631895470909e-01,5.066100149740675462e-01,5.920529262070877152e-01,5.550143695365412633e-01,3.472122734095304253e-01,9.381508021441173351e-02,1.103806350815775827e-01,1.615563506909833413e-01,1.610636974200413962e-01
4.267516190495930228e-01,7.580745996678592835e-01,2.052041351046261231e-01,2.263879450428063211e-01,6.217363876185472149e-01,7.781449623791791836e-02,1.214573961266685043e-01,1.233917797667434535e-01,5.722528894471650140e-01,1.696333246941026107e-01,5.774015872143422046e-01,2.001177529582978676e-01,3.471474963911841405e-01,5.425690994216629814e-01,3.745759557875851242e-01,8.045753440288657687e-01,8.300064672558256085e-01,0.000000000000000000e+00,6.304591995432873297e-02,2.105804947932315985e-02,1.134484164317142996e-01,5.797006610346699951e-01,3.133419709593859848e-02,4.455858579961839427e-01,8.136875929588477385e-01,4.825521822920852966e-01,8.899375040416213078e-02,9.973299973477711688e-02,8.917603336062884800e-02,2.733683080310700952e-01,1.942680971425657654e-01,4.975740206861716253e-01,3.930994259941477109e-01,1.482237346141660472e-01,5.454926654408178699e-01,7.151817349274891544e-01,3.869666430198476226e-01,5.766405614922387457e-01,7.863467151025525792e-02,4.494012546656862561e-01,5.312400542740856046e-01,2.806928716314823768e-01,3.174500916272271489e-01,2.769261889772078877e-01,3.356256733931559100e-02,4.196471998496265066e-01,5.996290493968639002e-01,5.985255767388260040e-01,3.103679648015803538e-01,4.824247184495483176e-01,4.814603990924857801e-01,1.795297461856809051e-01,3.381207928094235315e-01,4.118759312709737719e-01,5.957944471718525925e-01,6.442523325814750734e-01,4.359974277316841507e-01,4.476223124393895469e-01,4.313659417853993316e-01,4.376496161126149920e-01,7.496544733581302911e-01,3.452359845893162582e-01,7.023904692330608102e-01,6.837375621405475390e-02,5.226197452713415847e-02,5.872344938289869587e-02,2.803510432063168190e-01,2.999953011319234641e-01,4.595260594976215418e-01,7.113348171295955646e-01,5.942203734659328163e-01,3.579627220497102469e-01,3.463112917339317698e-01,1.945719461101300674e-01,2.979987443796654478e-01,1.461796588617038095e-01
2.025815933446050987e-01,1.860459457689756235e-01,7.192941748737075036e-01,7.934112947033852836e-02,1.644342268605960278e-01,5.125621160872790849e-01,1.064473006453881820e-01,4.429356003533504449e-01,4.084858846635067153e-01,1.596541477372097340e-01,3.116229683653148896e-01,8.689695188764279266e-02,1.299931438716286913e-01,1.209936162694980610e-01,3.285571150463785783e-01,4.604815242811059750e-02,7.321058879056024926e-02,6.304591995432873297e-02,0.000000000000000000e+00,4.493568567002288461e-01,1.017536960716904082e-01,4.621858124903068799e-01,5.368641365564201795e-01,2.544113534336249760e-01,1.813218356774965456e-01,2.105233615864635921e-01,4.401673677501470316e-01,2.165746316941446481e-01,3.754815229350256800e-01,2.801198542146557391e-02,7.869215424055407693e-02,2.086881717241945156e-03,8.157488384059155551e-02,9.996644619289726807e-02,1.832189988051659002e-01,5.118378093880853602e-02,7.627334433145387116e-02,3.113836741414870157e-02,1.466503241510292710e-01,1.214163625678274794e-01,3.730752902078326994e-01,1.169549394707390527e-01,3.458464615341226844e-01,4.352785559474311450e-01,1.532407032698212546e-01,3.080347710027182828e-02,1.411407871988007989e-01,4.989846205488566167e-01,1.295072397505290518e-01,1.012778915370609045e-01,3.453263410640399211e-01,1.308362595428692043e-01,1.987507990445456785e-01,4.100670663707620678e-01,8.983160356317484996e-02,4.131795476747882612e-01,1.987936391237462019e-01,4.355185065144318024e-03,2.654153872357429833e-01,1.001203685178627123e-01,1.768578585873056830e-01,2.828703230223554299e-01,2.568298129962016674e-01,6.477539864590704521e-01,3.307300523452557095e-01,1.991876439947082300e-02,1.753293412750870084e-01,4.898257983659790593e-01,4.115278584661190286e-02,2.360048441803719310e-02,2.292763887137304613e-01,3.456663388081485100e-01,6.605642563396685318e-03,9.466705640938659350e-02,7.253582151076468088e-02,3.229881344148129996e-01
2.351813055256756213e-01,9.594590880272957367e-02,6.030741775599943733e-01,7.927440956710389564e-02,2.002338061000474845e-01,4.823739028912752413e-01,2.232233533083886334e-01,3.372740506077286926e-01,5.536383092575678511e-01,2.235421945495973672e-01,3.513608998696280405e-01,2.222358673676331497e-01,1.704183024541471581e-01,8.452131094683559831e-02,5.144097457615189883e-01,1.028258547595923833e-01,2.653187715742255648e-02,2.105804947932315985e-02,4.493568567002288461e-01,0.000000000000000000e+00,3.145474066417862091e-01,6.580839779535716527e-01,4.947497088298788981e-01,2.335969588139533148e-02,2.706992791917373076e-01,3.780399331239716609e-01,7.951479154145377759e-01,3.909382949465583512e-01,8.000228160355452589e-01,3.240163890513297895e-02,4.952360754190937020e-01,1.824517734357035126e-01,1.351066371610467054e-01,1.626909140607838145e-01,6.819840431084614463e-02,4.976806629897827933e-02,1.248017775607911523e-01,1.443034505412290336e-01,2.544124534974089302e-01,7.049356750406937655e-03,3.847199608164467710e-01,2.436482770873910630e-01,4.711920661089040729e-01,3.633302709803147845e-01,1.088370257041262890e-02,4.413533659386997821e-02,9.316313347618243590e-02,6.199049835394612185e-01,4.878672362647978877e-02,1.914542684225617741e-01,5.729794199569608892e-01,3.994326825072080922e-01,4.080439138917757447e-01,6.355610676756285882e-01,8.153154248421903838e-02,3.925458458480663992e-01,1.680253208157488354e-01,4.561811135804009765e-01,1.823624536594842249e-01,2.075010339854927999e-01,1.314859426588815272e-01,8.513263239484897271e-02,5.215453262286112723e-02,4.255138899927284335e-01,9.439363027062245282e-01,1.680920267807154422e-01,8.569115210866090626e-01,5.380120548002831349e-01,8.483020194359786048e-02,1.162492564646834259e-01,8.820415487180455205e-02,8.586491845861408123e-01,3.962212074210500479e-01,7.120846033328910307e-01,3.578649740733563789e-01,8.443914025874135754e-02
6.276725720721320068e-01,3.452081507096562141e-01,6.383614126264181010e-02,5.178917588080882428e-01,1.774989662967592918e-01,2.122294213535780849e-01,1.278465849300684798e-01,2.084135169898329587e-01,1.340841225413051674e-01,2.736599812560358558e-01,3.211076140779892674e-01,3.629437493706594298e-02,3.503847017564830635e-01,4.425740317875324903e-02,2.830801819073963665e-01,3.167629026910512291e-01,3.296618074555142663e-01,1.134484164317142996e-01,1.017536960716904082e-01,3.145474066417862091e-01,0.000000000000000000e+00,4.639822161165170211e-01,2.407250892516210605e-01,2.543973834407968759e-01,2.233687161246755981e-01,2.552316506939287799e-01,2.516052363512233381e-01,8.872083879881706436e-02,3.628738741254963207e-01,1.162546909872616274e-01,1.164074227190898814e-01,2.322142501949611415e-01,5.992355471085804020e-01,3.730870141925580752e-01,3.379678203586650720e-01,4.121011307937413881e-01,9.309594480212181333e-02,2.222059458740722748e-01,2.820955515906178879e-01,5.808320006784194467e-01,3.129685964701401923e-01,3.579019167917456973e-02,1.986841436403999628e-01,2.435226429233548207e-01,2.089818134560802176e-01,4.289814058914272477e-01,2.471237950853588661e-01,7.073250836511449369e-02,9.401259630886814322e-02,2.761407292602488517e-01,2.641241445709834323e-01,1.888549089694780136e-01,1.033495332485132034e-01,1.146484427096895187e-01,2.377626443481234975e-01,1.536795076380986780e-01,1.052915266220219720e-01,6.065008556671583340e-02,6.720146040571384205e-02,2.157668186486137452e-01,4.371268594197813551e-01,1.439004136962974967e-01,2.049357272321391532e-01,1.416663101873034403e-01,3.070788459369546142e-01,8.532713385243209103e-01,5.077897424887277689e-01,4.084816477656403322e-01,4.212027445756505450e-01,2.068128082401872181e-01,3.795979968920742964e-01,2.325502029384869107e-01,1.177147904091501163e-01,2.242700508438610629e-01,1.557712153309782077e-01,5.071383417336554622e-01
