0.000000000000000000e+00,3.775402054536434182e-01,2.364479110487702485e-01,2.970992235146869276e-01,3.732468474442796058e-01,5.284702729827089884e-03,2.849696479370682489e-01,2.443373052210976171e-01,3.003663961539644878e-01,3.116141143620141385e-01,2.293309526605089577e-01,7.999316383788991625e-02,1.805727020978374897e-01,4.080200244972317369e-01,2.743299293331944999e-01,4.409030596316050876e-01,3.160583519933251040e-01,1.141125365179362916e-01,2.077536086367528234e-01,5.289861110031157665e-03,3.333769538196876270e-01,2.579630169093691805e-01,2.354530873436011529e-04,3.644307267657690974e-01,9.817644170844685991e-03,4.170294707126993572e-01,2.135801517293656193e-02,1.313744052238421389e-01,2.209521807497261126e-02,8.818462024599627025e-02,3.619674696878184550e-01,1.723439633466074816e-01,9.564121998449459650e-02,3.160576557463471437e-01,1.997786476949761636e-02,9.031319834933951296e-02,3.977778837113808003e-02,1.847296295445860492e-03,9.421039965430949570e-03,2.905422810777006370e-01,1.067703873091931654e-01,5.587365462734644739e-01,1.379201576732693585e-02,1.775100509845520605e-02,4.093908037715884851e-02,7.192641226830480683e-01,2.918380810455313279e-01,2.718234311194001052e-01,1.248641172339599870e-02,1.579829156632357456e-01,2.851842009607095940e-02,1.313525020797469689e-01,1.103914573567781332e-01,2.806944871505389072e-01,1.319441772333251883e-02,2.965334941464139451e-01,3.955059417109312025e-02,3.343885220325977792e-01,2.058715096877742623e-01,4.721618271328450467e-01,1.410312800055546489e-03,7.090050200723194140e-02,5.663341433255425494e-02,3.367087323017485256e-01,2.541126282911177481e-01,2.983952562652242846e-01,3.962323182636455221e-01,2.842501858044633178e-01,2.088733007275146991e-01,2.188201824210971869e-01,3.002207947044254754e-01,5.126995807481937728e-03,2.101622873913604472e-01,6.662885341127089411e-02,1.658206806618489904e-01,2.265949158235309180e-01
3.775402054536434182e-01,0.000000000000000000e+00,3.618306407733163921e-01,5.256728260732462799e-01,8.262020138383079082e-02,6.256847118016635179e-01,3.056729923102404767e-01,3.466176987567041179e-01,1.914087801837820457e-01,3.965130182448026175e-01,1.671848021072872559e-01,4.364447759305966068e-01,3.833915108304893349e-01,3.576617287993358874e-01,5.620999587158476141e-01,1.931898517686522765e-01,2.001657184619757279e-01,3.623756507516585623e-01,3.484317385539408285e-01,6.918496291131837062e-01,7.117234669533648583e-01,7.886193173260345191e-01,5.013384052737797081e-01,8.836907853935660473e-02,5.502757876788351155e-01,4.910383253542455750e-01,7.733333318633353048e-01,1.204063271821712300e-01,5.905921125421512707e-01,2.861512018082744691e-01,1.329195072562561197e-02,8.053421944023508861e-02,2.436081703537447130e-01,9.421637605380134284e-02,2.324989210428491659e-01,2.648232584072432449e-01,9.172401311882977248e-02,1.661395344193303536e-01,1.576514931421859056e-01,1.724903448309310083e-01,1.459504574950705735e-01,3.537939513617714971e-01,2.247400354006552359e-01,4.529949705969730234e-01,8.978472446521018613e-02,5.928909858137038080e-02,8.679156991541792099e-02,3.280515437675067814e-01,5.250296956465134723e-01,2.560924318070591510e-01,3.287403716292795486e-01,3.596124788505853376e-01,1.186460611443274638e-01,2.273709121937889099e-03,1.020818746109208308e-01,6.438558241766857704e-02,1.005479805439246088e-01,6.164564233547389915e-02,4.047273745366159470e-01,6.248776920306313709e-01,3.165977823713287398e-01,3.751929666817527265e-01,1.304554002428327808e-01,2.616442765128569325e-01,6.155068675867593209e-01,5.047490954373993199e-01,6.673087595533886418e-01,4.217529841008433866e-01,1.129933842070878214e-01,4.033901040809109162e-01,2.725419772267034246e-01,5.467857859991647196e-01,7.441527559047778073e-02,5.071749538816363589e-01,2.205552702958049616e-01,6.500254196279459107e-02
2.364479110487702485e-01,3.618306407733163921e-01,0.000000000000000000e+00,3.721234807582826098e-01,2.458049164247732565e-01,3.608817129799204437e-01,2.149082651518513798e-01,5.611996571087053409e-01,4.665297533857853951e-01,1.357849660162477046e-01,5.561817967852816791e-01,2.508358957251011212e-01,3.149527834886572952e-01,3.674779784383927494e-01,6.269346500352721563e-01,2.788374975397480138e-01,2.849752670443352898e-01,3.391810120178956334e-02,5.818712671421799598e-01,4.979260012109327782e-01,4.577255917845329813e-01,5.738733264148021540e-01,8.656720673181428349e-01,4.272616212213117270e-01,8.837179359798666423e-02,2.642749628068852275e-02,5.630369407284792072e-01,1.010185919383876363e-01,1.927586997072447406e-01,3.428310312576764440e-01,4.223072316913219493e-01,8.951448230780298387e-02,3.517335299232777213e-01,3.021103765900202132e-01,5.267580376935018793e-02,1.368098106277366166e-01,2.918521335713855080e-01,1.984016533110014024e-02,2.275689826716958686e-01,3.004354732590968080e-01,2.416246064170942398e-01,3.233543564447703411e-01,3.957885344701613795e-01,5.739228298915910464e-01,1.310694919054936347e-01,4.882667788763950245e-01,4.846641969898402014e-02,6.914088740648077769e-01,2.383588001742093510e-01,5.158910861840465545e-02,4.574750436221960426e-01,2.180035846432070712e-01,2.551264324309751030e-01,4.659859128450394294e-01,1.561867960671861344e-01,5.877972584796984368e-01,3.434468478980293171e-02,5.534787856211753621e-02,4.417696498339676592e-02,2.454574783168131380e-01,3.200921430464224726e-01,4.472502092416492658e-01,1.427922089769355363e-02,2.733041241125171994e-01,4.479344202009162834e-01,4.473645922407771258e-01,4.884822402910957706e-01,7.003333705595495839e-01,3.382303305430874318e-01,1.689887269044118290e-01,4.698429480593036001e-02,6.403689918724633223e-01,1.996176360850599463e-01,3.721774307212798449e-01,1.272372577368453550e-01,3.164609314800244100e-01
2.970992235146869276e-01,5.256728260732462799e-01,3.721234807582826098e-01,0.000000000000000000e+00,2.759071076746242301e-01,3.659758817528427910e-01,5.069209975354521669e-01,2.494138031677813061e-01,1.571378515980646762e-01,1.087002038761005762e-01,3.432778758503344380e-02,2.383085708819072113e-01,1.623871881423141761e-02,7.836865060638169567e-01,2.359038321817247263e-01,3.899505972315400748e-01,3.161447819545636917e-01,1.866919115174153938e-03,7.406455551752724742e-02,5.171017299946936152e-01,5.224803371937548624e-01,4.360811324242778730e-01,3.776462867411664592e-01,1.473507966111044232e-01,2.033736355936827112e-01,1.262572496469231698e-01,4.940548261175702338e-01,3.908576743353863736e-01,5.243499615536892922e-01,4.728270502456250468e-01,3.985099924192853638e-01,9.795169060232752911e-02,5.649057035118001946e-02,4.098127272595926684e-01,3.955493657643844863e-01,6.578721008088914690e-01,1.083896228204847545e-01,4.006905308512948016e-01,2.662811868613703670e-01,1.000642635078624609e-02,2.336170845382512518e-01,3.796434483556203054e-01,9.975934272923842050e-03,3.732049097120923586e-01,2.709016825285173735e-01,4.209659178467298757e-01,5.098089565964911696e-01,3.600511769881362123e-02,7.115759843112887673e-01,2.925411137937912187e-01,1.064237108308752344e-01,6.291936281959976673e-01,1.318899825414573679e-01,2.178975901243238589e-01,2.850966717270155271e-01,1.151696683612647154e-01,6.120726502144317738e-02,4.444002043705223004e-01,5.969971834938786470e-01,2.469707921229657432e-01,7.295432855398985283e-02,4.481166044871277565e-01,2.681126717837602480e-01,1.728635268626468879e-01,2.071663581806691690e-01,4.682050392140276740e-01,4.619341947772788448e-02,2.049753116658394048e-01,7.576522523673520637e-02,5.679204892496400592e-02,1.802471718811690382e-01,2.714420620617576385e-01,3.213748186402657914e-01,2.731560588515260513e-01,4.324478446889137850e-02,3.645170097817941324e-01
3.732468474442796058e-01,8.262020138383079082e-02,2.458049164247732565e-01,2.759071076746242301e-01,0.000000000000000000e+00,4.244335976741012151e-02,5.414778184312928344e-01,3.507053198847998043e-01,6.092084055285440503e-01,1.897425441132324919e-02,6.548780666543727591e-01,4.953172191122134915e-02,5.466686555979797246e-01,4.642202820579494071e-01,2.942010195294384456e-01,4.829147104738275575e-01,1.018203347049020380e-01,3.541603826408998290e-02,4.606942932840745186e-01,1.393490345495601579e-02,7.214585349903071543e-02,2.759660534161662016e-01,2.513166185687655263e-01,1.475867644200503093e-01,2.742485953634672402e-01,8.226800300589010018e-02,1.001402208373853298e-01,2.287528802786406024e-01,2.089693622908920800e-01,1.447545328338796788e-01,3.433657800489844925e-01,2.765597762139902493e-01,3.286662240805955648e-02,4.739673430903112439e-01,4.303998024903095132e-01,5.951892508758483968e-01,2.950661231855146172e-01,9.203786836938843141e-02,2.822516807532311073e-02,2.053566318817239000e-01,3.797139080644150733e-01,1.277635201298311096e-01,4.663822033204253481e-01,5.040872483924794256e-01,5.372399384628009922e-03,2.434092460341638620e-01,1.733152306980404178e-01,6.219518763823841390e-01,4.021921308773287462e-01,7.317226351601252565e-01,7.032133568736195772e-02,6.151087593227015926e-01,1.249754234630806593e-01,4.809837493903992289e-01,2.679843839554552076e-02,6.732323715103961659e-01,1.027263429839484210e-01,6.291038061406597492e-01,5.229551317618350570e-01,3.572893490492623503e-01,1.776655817583159269e-01,2.397998778102864437e-01,1.659642927060304973e-02,4.413724446529569967e-01,1.123902130342009642e-01,1.513708776187498717e-01,3.979428155141121470e-01,4.551183021975092613e-01,3.695324854761453670e-01,6.971422573131760836e-02,8.680604362741195512e-02,1.277812441225195939e-01,4.769714442929873233e-01,1.071191781768063012e-01,9.440388014505528280e-02,2.779640816573240858e-02
5.284702729827089884e-03,6.256847118016635179e-01,3.608817129799204437e-01,3.659758817528427910e-01,4.244335976741012151e-02,0.000000000000000000e+00,6.746642923039630757e-02,3.527818110002146623e-01,2.227783812908524230e-01,1.651008140118481182e-01,4.949798532657551098e-02,2.104603761525521421e-01,5.598420708562696912e-01,1.563806564752905914e-01,3.588996077591002920e-01,7.069119579039495616e-03,1.049154688953113368e-02,1.589688592956729207e-01,1.244735922891692104e-01,5.001671085092047608e-01,3.735667541783577739e-01,5.355626784542508734e-01,4.217095070637314480e-01,1.701233005689758437e-01,3.244609950880161797e-01,1.278731693241909051e-01,5.765089782665108187e-01,1.361584888649442493e-01,5.337451965904267404e-01,1.970362992915614120e-01,1.795994565132577603e-01,1.925061922013796556e-01,1.562376060282594792e-01,3.113854968070452894e-02,1.279799661904010288e-01,1.705873364430000039e-01,2.066317367829500484e-01,2.858073633940402813e-02,8.798318202739109639e-03,8.927701876641881695e-02,7.621117462306122026e-02,6.640473876464686454e-02,1.241491074112983095e-01,2.356401497329747019e-01,1.065241403179630619e-01,1.916427372451089406e-01,3.921827862012816635e-02,3.093801138435490206e-01,3.912886272056638748e-01,1.744021014070048226e-01,4.440732642916974671e-01,2.172063225538886644e-01,2.652914813180949904e-01,1.618327025138239783e-01,8.351684184693496105e-02,2.343047869850701515e-01,4.254757237546058501e-02,1.896351245262121732e-01,2.040677425321703320e-02,2.167618296293339353e-01,1.559950276785408985e-01,1.175049742014114551e-01,5.088591773198100632e-02,6.714171912749555826e-02,2.003945263513046970e-01,3.405571800211785183e-01,3.022736193711084152e-01,3.723341299568014851e-01,2.910686639288648236e-02,1.742242603457760386e-01,1.184737687217668478e-01,3.720978689827895702e-01,4.299520282991282916e-02,1.295478367077576021e-01,3.206634266612473638e-02,6.058966700907686409e-02
2.849696479370682489e-01,3.056729923102404767e-01,2.149082651518513798e-01,5.069209975354521669e-01,5.414778184312928344e-01,6.746642923039630757e-02,0.000000000000000000e+00,1.378378600785730990e-01,1.943721407515543453e-01,6.479948489398923428e-02,1.439340230133424603e-01,3.546602167100805780e-01,2.778186028353972770e-01,8.279040027593520534e-01,6.592037022879229657e-02,4.063171343905860322e-01,8.210916469781581739e-02,1.845719450965985220e-01,3.257693352921262053e-02,2.445500823856166239e-01,2.355023304507816995e-01,1.921198792256774146e-01,2.031294901407805498e-01,1.173200889176464340e-02,4.467270264461320473e-01,2.331139242926111299e-01,2.202474183462024282e-01,4.690514655903049723e-02,1.741499401139737502e-01,2.066952076690664053e-01,5.673433763391930729e-01,1.229359843780963857e-01,3.295234475822285125e-01,7.386028744258475998e-01,4.467235262408494334e-01,7.412949662865161438e-01,4.221925281861392820e-01,1.250395671940934539e-01,5.218566763324180569e-01,3.628069132418293430e-01,4.022405298333981416e-01,8.725910186966819027e-02,4.027590805152717057e-01,1.851879439493370749e-01,2.419154603348265264e-01,2.993828547618027636e-01,1.106070167986048791e-01,9.807782342947884979e-02,4.802834603723936668e-01,5.608725988837499621e-01,2.000397353193221206e-01,5.334951085742416499e-01,1.151169455491750232e-01,2.596456609992760511e-01,1.186548352454544486e-01,3.227831284923586841e-01,2.510377779988587355e-02,4.913786109614929343e-01,8.585804864297661432e-01,5.438673389260441360e-03,8.517242877456865369e-03,5.224021430720822423e-02,9.307164937184989051e-02,9.313915613832546292e-03,3.744626457958964427e-01,6.845115111550162390e-02,8.044891531542812391e-02,4.795077929256300053e-02,1.225728478842972313e-01,2.472590806502306116e-03,1.765513626338951758e-01,2.184026921775518160e-01,5.602635623608473447e-02,3.324203402606850655e-01,2.716312782600904252e-01,2.518053571289470272e-01
2.443373052210976171e-01,3.466176987567041179e-01,5.611996571087053409e-01,2.494138031677813061e-01,3.507053198847998043e-01,3.527818110002146623e-01,1.378378600785730990e-01,0.000000000000000000e+00,2.980788800137562089e-01,1.221197446369270689e-01,5.405909739904637412e-01,5.473545038563729648e-01,3.117327023688855614e-01,6.463579277095427011e-03,5.438465209247538290e-01,9.735478524599489036e-02,3.504682991656312696e-01,4.421511477663738199e-01,4.872663886124199428e-01,4.724760689055820251e-01,5.870923306233200023e-01,5.114489891076173800e-01,6.996857730976606682e-01,4.496145852448374391e-02,3.441320048475738913e-01,8.443360138795275027e-02,5.417587458465773498e-01,3.359741266276727867e-01,3.922920230366470085e-01,4.070144490589963637e-01,1.999889217521717277e-01,2.606894703815282321e-01,2.899452492409144155e-01,4.283109785956252802e-01,1.753963089284901467e-01,6.380703153037448061e-02,3.900540040978540124e-01,1.219640414016604224e-01,3.698042803223955399e-01,3.640454620862826896e-01,5.813703316046303637e-01,5.690743713325563391e-02,2.852744733658649778e-01,4.087362611249325539e-01,1.127479466061254015e-01,2.194864460658253746e-02,6.480385313378098089e-02,4.183827559364602378e-01,3.278057868047103973e-01,2.407361155665617702e-01,2.536962306812456380e-01,1.073770494124279690e-01,7.036370385101143876e-01,3.381795410456349127e-01,4.410629838459023677e-03,3.901282301562400967e-01,3.702601378107936436e-01,2.188996597359952889e-01,3.150964333945598383e-01,5.024360925053167337e-01,2.087733710716452862e-01,4.746997489616898713e-01,4.125067704938062407e-01,2.324246537209378460e-01,2.975819722581544147e-01,6.920241150347367087e-01,3.291949652992666175e-01,6.485578611910304270e-01,1.946173540222723153e-02,4.528075166986691991e-02,7.953011771043946854e-02,5.367863300552317973e-01,1.410111284572230783e-01,2.421573834696122418e-02,3.180507347690513797e-01,1.769558219146538935e-01
3.003663961539644878e-01,1.914087801837820457e-01,4.665297533857853951e-01,1.571378515980646762e-01,6.092084055285440503e-01,2.227783812908524230e-01,1.943721407515543453e-01,2.980788800137562089e-01,0.000000000000000000e+00,2.428692407054632296e-01,7.173198747811380116e-01,6.622304357488204007e-02,5.667777089383712052e-01,1.450302794216546676e-01,5.045152475999712394e-01,2.357687575793793178e-01,8.146362645663834945e-02,1.378556683293599705e-02,6.717229976515767254e-01,8.635758522344066934e-02,3.127706992235281813e-01,4.068655870722342471e-01,4.058940600678075938e-01,2.873494590439263918e-01,6.642716989458222199e-02,2.185159105075757391e-01,1.812240241904985449e-01,5.865396941885105964e-01,1.868284640276466901e-01,1.167283456786365747e-01,2.101761129178647547e-03,2.950188341700782368e-02,2.514732070776411477e-01,6.797777991924079666e-02,9.143800969145213231e-02,1.986669409441650658e-01,4.085375848590270809e-01,2.097725440539597030e-01,7.376193566110522681e-03,3.814055940767870079e-03,3.165728178138323134e-03,1.989880804211060783e-01,1.876183472454234225e-01,2.019184263351841979e-01,8.525218383729613048e-02,2.419488999303820720e-01,4.463049225876721815e-01,6.824239172662398545e-01,3.046224895312885095e-01,4.742154033742808639e-01,4.747112535089613172e-01,5.505448587508328107e-01,9.125897911583347177e-02,8.103575660227894106e-01,9.222785459314036816e-02,6.920582261724985695e-01,2.440370243958597807e-02,5.754184898579679519e-01,2.123651836043090602e-01,1.614598842668467094e-01,4.728650357227364154e-01,1.217827586035830356e-01,1.841122547315012237e-01,5.591619864471242263e-01,5.272731520901303703e-01,2.663742404531483365e-01,7.978303435832274637e-01,5.384257477711763551e-01,4.172556826422318954e-01,9.353550634801005570e-03,1.888359976299919529e-01,3.648913088641568270e-01,5.165686671756002379e-01,4.040764320723697067e-01,3.598775797303360724e-01,2.945096785459044159e-02
3.116141143620141385e-01,3.965130182448026175e-01,1.357849660162477046e-01,1.087002038761005762e-01,1.897425441132324919e-02,1.651008140118481182e-01,6.479948489398923428e-02,1.221197446369270689e-01,2.428692407054632296e-01,0.000000000000000000e+00,3.013681942311585704e-01,4.733981633252496990e-01,1.467468993717120085e-01,9.143468742118716908e-02,9.405187645508675254e-02,3.389136711200090302e-01,4.737942770832619388e-01,3.025977978106456634e-01,4.614615288769916002e-02,3.572803930141587037e-01,6.495984685168981754e-02,2.249754861800620231e-01,6.859351919143291676e-02,4.536341961966724456e-01,4.213235014121956001e-01,4.797506919095383959e-01,3.634348819934180574e-01,1.740190724303536940e-01,3.001951204275591367e-01,6.250568924284424788e-03,4.334371969788482493e-01,9.337923736825173848e-02,2.699506632550073837e-01,4.082289359905517112e-01,8.100297566188333076e-02,1.236077901259698131e-01,2.592040635312521379e-01,2.244833476753329282e-01,2.166178389485433620e-01,8.365426879670431748e-02,9.672534582800967201e-03,4.039321178885271202e-01,1.689630961172008949e-02,2.337727535976297233e-01,5.415468720847935735e-01,1.183537231612685758e-01,1.560833853347271816e-01,7.498903891751274031e-02,2.015866752084019831e-01,2.823150457485060771e-01,2.780811381388935133e-01,2.656219990320197177e-01,3.829281771870971518e-01,3.600011059974267957e-01,5.356456914595094654e-01,2.424654989991622822e-01,5.732489416505588409e-01,1.738659864302047331e-02,1.776002184776987181e-01,4.324283097769469064e-01,4.375362880684252054e-01,2.542445596808451391e-02,2.801790533637354974e-01,2.938498005160322668e-02,1.012238733222634024e-01,8.649384222479242212e-02,1.683516285303071625e-01,1.442168953262421005e-02,4.216974134301574861e-01,3.709486246502007312e-01,2.803558649486362908e-01,4.374804012993002700e-02,1.738848757104287934e-01,2.303420008403595509e-01,3.213167653333946494e-01,4.189652572783265638e-01
2.293309526605089577e-01,1.671848021072872559e-01,5.561817967852816791e-01,3.432778758503344380e-02,6.548780666543727591e-01,4.949798532657551098e-02,1.439340230133424603e-01,5.405909739904637412e-01,7.173198747811380116e-01,3.013681942311585704e-01,0.000000000000000000e+00,1.142362861353944520e-01,4.275185644602081392e-01,1.025271840971930248e-01,5.232955833337313845e-01,1.221941273878389689e-01,1.840856521525985889e-01,1.336259662818170824e-01,7.636915932969166043e-01,6.132790923462477783e-02,2.896103495363806513e-01,3.968250058313489981e-01,4.808037621574000053e-01,2.414018762111616034e-01,1.988466176745036229e-01,3.854283919923254254e-02,1.160811960737371806e-01,1.607055305559247083e-01,1.383318729865811447e-01,1.763590886286864889e-01,6.027970796588308366e-02,6.087803504439562308e-02,2.112122815218212268e-01,1.324076406270209214e-02,4.045932025583695579e-02,1.691610522050440157e-01,3.146075360087324246e-01,1.211729078253845349e-01,5.113322550271504063e-02,4.844908643335563841e-02,1.525573347665021284e-01,1.135404539832371162e-01,1.631016516165612606e-01,2.992300321005000319e-01,3.786033767425583951e-01,1.442516720758760251e-01,2.764689756617197958e-01,7.170274551389973494e-01,9.022164455118952819e-02,5.719710843908469844e-01,3.548956765503534783e-01,4.145699967154882759e-01,9.052047437606206004e-02,5.597528300302305748e-01,2.538867711922811465e-01,8.138801198733150999e-01,9.372146279276657999e-02,3.909273639465162264e-01,2.317989882446101768e-01,2.656881262812937350e-01,2.787635756210293247e-01,3.449334912563405964e-01,4.333485004441084421e-03,6.853579833523738563e-01,3.539884557431084433e-01,2.535763557463200368e-01,5.946653598453344181e-01,6.085592374820789630e-01,4.912831833954297012e-01,3.668714604269174284e-02,5.045274557599857546e-02,2.912607245399636002e-01,3.658591711577300343e-01,3.027648279764851846e-01,1.816577706913914125e-01,9.229834320256113944e-02
7.999316383788991625e-02,4.364447759305966068e-01,2.508358957251011212e-01,2.383085708819072113e-01,4.953172191122134915e-02,2.104603761525521421e-01,3.546602167100805780e-01,5.473545038563729648e-01,6.622304357488204007e-02,4.733981633252496990e-01,1.142362861353944520e-01,0.000000000000000000e+00,1.644210235999888636e-01,3.063064379950486416e-01,5.849024672610252107e-02,1.543432899934932268e-01,4.033229442029512279e-02,3.247776421158021787e-02,2.983126491411267622e-01,4.323577979153772066e-01,3.321474767917202975e-01,3.540247083245759985e-01,4.158958599853805893e-01,3.873485700361349870e-01,1.583810336723696088e-01,3.522899988197048526e-01,4.640221542269032384e-01,3.257042279694984388e-01,3.149795818906234723e-01,3.786209051233109246e-01,5.698859054908876620e-02,2.330426802231800321e-01,1.806685243613943559e-01,2.695819334048155103e-01,1.566847152040536928e-01,2.925699976674192015e-01,9.870642075158522766e-02,4.081261694864035672e-02,1.265734344502966180e-01,3.922931613953600793e-02,6.565343078680833944e-02,1.999750961418040873e-01,1.254490052893240393e-01,2.222422606072954887e-01,7.066992408124966873e-02,3.838029763177210063e-02,3.085599691451601512e-01,4.806176701979236743e-02,4.817958070818680882e-01,3.191770767086851146e-01,2.270097087597094943e-02,5.431828122459697594e-01,4.707219757458444009e-01,2.459840934306665727e-01,2.306123147842445431e-01,1.482671882114107997e-01,8.194076533157274023e-01,1.639873494822853273e-01,3.480830262593475055e-01,3.037336521775987896e-01,4.216559401981210264e-01,3.511385890336067295e-01,4.078441158190796445e-01,8.212671249732395040e-02,4.478612934470581342e-02,3.114972988262283415e-01,5.906574142067676225e-02,2.566248654333274648e-01,2.931776512276619284e-01,1.930696484189065032e-01,2.232353125714240383e-01,1.587727891470598063e-01,3.067371741556034759e-01,6.209980226736755426e-02,2.735600854520319758e-01,4.441027806959877977e-01
1.805727020978374897e-01,3.833915108304893349e-01,3.149527834886572952e-01,1.623871881423141761e-02,5.466686555979797246e-01,5.598420708562696912e-01,2.778186028353972770e-01,3.117327023688855614e-01,5.667777089383712052e-01,1.467468993717120085e-01,4.275185644602081392e-01,1.644210235999888636e-01,0.000000000000000000e+00,1.048502020895744347e-01,3.344127476553802047e-01,3.631788882746489477e-01,2.215054265201857331e-01,1.253830227600342684e-01,3.128856211528705522e-01,2.535260984634758463e-01,2.130591773456649574e-01,4.593243178461650644e-01,3.129071961247657518e-01,1.147141341887182309e-01,5.010928097604117060e-02,9.652805156808302867e-02,2.589472364880067712e-01,3.863245723754430982e-01,4.305301715500307602e-01,2.506052252062570540e-01,7.322772369828808858e-02,2.638955373375410918e-02,1.477702261210108725e-01,1.825163857566828307e-01,1.860127287465982993e-01,2.626659793623891681e-01,3.389391846476196846e-01,6.855058023753135554e-03,2.473632593634370047e-02,7.687729158989203837e-02,9.371428621234012546e-02,1.124167228745749647e-01,2.414827902760200706e-01,3.978822073705117202e-01,3.195479355939527533e-02,7.772291953672195997e-02,3.952364476489925171e-02,5.982485896077860410e-01,5.148786001233604526e-02,3.419550795111014341e-01,2.760132518880762387e-01,1.629824140408994981e-01,1.118088881123489031e-01,3.954177396592214455e-01,6.854104306210467845e-02,5.074861975842059891e-01,6.138072644851477744e-02,5.662710114188402866e-01,4.043457610942376157e-02,3.543012644371554276e-01,1.813121572763290723e-01,2.561729791902384590e-01,7.150990940929473350e-02,2.543536431418083055e-01,2.150218964847556424e-01,2.461566644650498015e-01,4.092775225488490820e-01,4.777460245043684273e-01,2.742132112015547296e-01,1.275906290920886255e-02,4.226596907461258046e-02,1.356930105630712591e-01,3.015861046866433748e-01,2.006733702978722444e-01,1.984110144801811693e-01,2.425697600247924551e-02
4.080200244972317369e-01,3.576617287993358874e-01,3.674779784383927494e-01,7.836865060638169567e-01,4.642202820579494071e-01,1.563806564752905914e-01,8.279040027593520534e-01,6.463579277095427011e-03,1.450302794216546676e-01,9.143468742118716908e-02,1.025271840971930248e-01,3.063064379950486416e-01,1.048502020895744347e-01,0.000000000000000000e+00,1.045754638330305408e-01,4.307573741555270064e-01,1.423077837566777137e-01,1.366645020080599904e-01,1.975690047721041093e-02,3.374899084994319454e-01,3.560313470642114120e-01,2.894269739615071835e-01,2.751107546945027460e-01,2.263461977500318134e-01,2.678399655200372487e-01,7.608114854692997475e-02,2.972815335304851980e-01,3.645654006608943787e-01,1.819558530583847422e-01,2.641472574515663085e-01,6.495297509641532185e-01,2.803203023841828179e-01,3.720303139400534254e-01,6.045858698995950631e-01,4.998249803221595511e-01,7.681029689787942649e-01,1.345013802942576775e-01,3.491414837035177188e-01,2.445423047433648578e-01,4.607951082655016850e-01,2.522228464571167894e-01,2.356053952375253002e-01,2.689413150800341601e-01,3.877910408761052474e-02,3.125077261268521256e-01,5.020219616226914150e-01,3.790980576622303699e-01,1.086326283706482154e-01,6.207767444070013685e-01,4.391571123766346840e-01,1.651869342699421317e-01,5.971791250095557224e-01,1.275658119150637482e-01,1.692204806863714661e-01,2.281026836130198854e-01,2.180104172024830145e-01,1.742032001872298452e-02,5.628731751062139299e-01,7.061296986076924798e-01,4.147524994064631654e-02,8.355360076858552032e-02,3.537584227426180949e-01,1.684960027109444480e-01,6.109693211174919286e-02,2.937697369698243355e-01,1.778643159302391308e-01,2.478532328348211078e-02,8.800620719632934463e-02,1.842771843347052463e-01,1.508558429245027976e-01,1.120258595074164476e-01,2.227208234284870358e-01,2.981358668796903477e-01,3.517179405784517932e-01,1.282403666599318537e-01,1.985258902230044309e-01
2.743299293331944999e-01,5.620999587158476141e-01,6.269346500352721563e-01,2.359038321817247263e-01,2.942010195294384456e-01,3.588996077591002920e-01,6.592037022879229657e-02,5.438465209247538290e-01,5.045152475999712394e-01,9.405187645508675254e-02,5.232955833337313845e-01,5.849024672610252107e-02,3.344127476553802047e-01,1.045754638330305408e-01,0.000000000000000000e+00,1.036971131944236513e-02,2.809635408808490720e-01,1.180826778008350897e-01,4.157414927979229957e-01,4.684874395077087694e-01,8.541645969737492461e-01,7.762088260878882151e-01,8.015160029443810785e-01,4.600587890884865749e-01,1.715138537163629628e-02,3.849372458777983175e-02,5.147379570589323272e-01,2.009460247233646468e-02,3.019936041975914698e-01,2.363045153235979745e-01,1.256422483473534357e-01,7.302519167328061500e-02,2.859739933679559254e-01,6.324958359595408974e-02,1.001311569534986401e-02,6.080592105588590590e-02,4.133671084972125875e-01,5.719740121984762116e-02,2.820475839025263221e-01,8.358322492382191937e-03,4.287301852320589135e-01,1.895539349122735140e-01,4.326342149061107589e-01,5.803876869789255100e-01,1.542037631615851834e-01,4.465624881737989549e-02,3.062064930722508405e-01,5.742918879580853897e-01,1.177440297216479914e-01,3.280299549096090672e-01,7.404397755866303221e-01,1.556482659877849728e-01,1.875264218280358330e-01,5.952762951274390701e-01,6.540441578950609292e-02,5.908243021236345704e-01,1.174336259374760688e-01,3.758428955055792553e-01,6.088323847540229317e-02,5.651369733766926640e-01,6.105026799846080543e-01,3.490883267977828441e-01,1.693705128680202121e-01,3.099331664919686702e-01,7.532492217615746055e-01,8.041047864477650631e-01,8.547685719528224091e-01,8.080030530489966667e-01,4.281246076297817726e-01,3.420769110888305375e-02,2.951991793275821063e-03,8.210358441132094010e-01,3.661335495396668693e-01,7.625773727731424145e-01,2.431391723427306639e-01,2.861720095444368894e-01
4.409030596316050876e-01,1.931898517686522765e-01,2.788374975397480138e-01,3.899505972315400748e-01,4.829147104738275575e-01,7.069119579039495616e-03,4.063171343905860322e-01,9.735478524599489036e-02,2.357687575793793178e-01,3.389136711200090302e-01,1.221941273878389689e-01,1.543432899934932268e-01,3.631788882746489477e-01,4.307573741555270064e-01,1.036971131944236513e-02,0.000000000000000000e+00,7.804151726802126543e-01,4.535339379571562413e-01,2.011448181751251951e-01,1.493398860795003280e-02,8.182236719080998588e-02,1.516121205796586713e-01,1.519514901514073535e-01,8.439612096135722108e-02,3.301969893680221091e-01,3.906256899830568008e-01,4.059344231731432107e-03,4.153585585992234930e-01,3.592508425114138149e-02,1.443852820900294875e-01,4.885545547458853277e-01,4.555630770654024442e-01,1.997424742242749629e-01,3.140334611350059091e-01,3.028654477152178393e-01,3.057276893907052151e-01,3.755479111841536488e-01,3.277073743825594243e-01,2.007158697292233673e-01,5.142807606751054195e-02,2.382691189812582988e-02,6.219453909665192404e-01,1.855439781820127920e-01,2.506492991885020394e-01,2.617594909381287804e-01,3.206492790691850558e-01,3.969733014202818100e-01,3.606288004997951768e-01,4.211731761535698615e-01,1.726775623646259750e-01,5.101744677181607734e-02,4.834243086194852657e-01,7.752495074464184344e-02,3.876604203880318344e-02,9.806110108516757906e-03,1.102370317639501385e-01,1.634906869174747313e-01,5.960221559721589069e-01,4.903880181728099974e-02,3.071278115086038540e-01,2.417077581535113373e-01,1.252577674730285806e-01,3.313312827318479203e-01,3.712889143352421373e-01,2.324984729535934935e-01,1.557887468085372706e-01,3.848726741150375052e-01,7.812760651826866631e-02,1.573999228017008423e-01,2.640342514304717114e-01,1.996923348022694722e-01,1.982136320434485510e-02,6.310407472036769772e-01,1.776133077359413059e-01,3.434509021148005603e-01,7.554690479609826870e-03
3.160583519933251040e-01,2.001657184619757279e-01,2.849752670443352898e-01,3.161447819545636917e-01,1.018203347049020380e-01,1.049154688953113368e-02,8.210916469781581739e-02,3.504682991656312696e-01,8.146362645663834945e-02,4.737942770832619388e-01,1.840856521525985889e-01,4.033229442029512279e-02,2.215054265201857331e-01,1.423077837566777137e-01,2.809635408808490720e-01,7.804151726802126543e-01,0.000000000000000000e+00,7.380918005933825299e-01,8.534641963635647421e-02,4.222496041270867861e-02,2.488725195129337653e-01,4.158210847260618293e-02,3.472365275439031063e-01,3.271237956822763970e-01,5.929018754869944674e-01,5.887538417163103999e-01,2.703937858841931607e-02,3.130364705943067261e-01,1.670520825179355739e-02,3.452042446597191061e-01,3.343681395109282528e-01,3.669834098051842353e-01,1.537930944129000388e-01,9.846623263740056364e-02,1.066162615633591826e-01,6.980239508961084971e-02,5.309085614446353851e-01,3.317323297246444480e-01,1.790649718035374760e-01,1.987595831168389171e-01,3.450374576964926332e-01,6.413687251181797722e-01,5.290438595529145527e-02,1.170889029813113047e-02,4.272978227054640143e-01,3.174958893400084969e-01,2.317092984441029013e-01,1.839453951948359367e-01,1.757481538756104078e-01,2.350963285183255702e-01,1.007584501696431045e-01,1.903031557033701970e-01,1.601539916669350860e-01,1.183085643911370166e-01,8.019225141474572993e-04,1.374150307565444318e-01,7.648807154130826680e-02,2.859093145666194435e-01,2.810228478815512410e-01,1.015984196848698506e-01,7.359677833899669341e-02,9.362918071395015529e-02,1.470553707938800359e-01,3.131115186318528254e-01,6.465429695167204671e-02,3.638140721870535277e-01,9.176014840151916485e-02,1.162503590942169374e-01,1.464676388396613516e-01,2.120085875109730122e-01,3.253948224631469377e-01,7.063164052534576243e-02,3.469570771666424802e-01,6.460672818078108670e-02,1.719873481247377045e-01,2.004568705640373261e-01
1.141125365179362916e-01,3.623756507516585623e-01,3.391810120178956334e-02,1.866919115174153938e-03,3.541603826408998290e-02,1.589688592956729207e-01,1.845719450965985220e-01,4.421511477663738199e-01,1.378556683293599705e-02,3.025977978106456634e-01,1.336259662818170824e-01,3.247776421158021787e-02,1.253830227600342684e-01,1.366645020080599904e-01,1.180826778008350897e-01,4.535339379571562413e-01,7.380918005933825299e-01,0.000000000000000000e+00,1.259870864462503404e-01,1.970331580267518090e-01,1.494676180712289915e-01,2.257600706571735172e-01,1.046939676579391743e-01,2.542699265857889523e-02,8.349886401425044014e-01,5.554086616211437732e-01,2.309293078533647403e-01,2.181545452592276169e-01,7.738409372080379267e-02,1.451571495262971856e-01,1.665018419111397030e-01,5.637253066593091999e-01,5.380895754451763269e-01,4.310271658381991666e-01,3.196405895520766649e-02,1.012595738741405432e-01,6.021646142071048757e-01,3.704613926385753597e-01,6.545930791739111854e-01,4.975205145644637783e-01,4.084480299983063167e-01,4.386219304571361555e-01,1.245334366503212248e-01,1.769274218166741464e-01,3.220506794714973475e-01,6.441345412823065719e-02,2.595815985059922726e-01,1.627092706677993883e-01,1.267472123428227959e-01,3.750653850612886697e-01,4.442126951367639243e-02,1.121692098077864408e-02,3.111354290506506692e-01,2.133096871622799651e-01,8.863440358482910231e-02,1.794135463073017189e-01,2.660422182315262951e-01,9.968413043422844066e-02,5.074068676546905632e-01,3.168735348249751560e-02,2.877613546937605737e-01,2.250719652731070219e-02,4.630653765735299188e-01,2.259075071468413520e-01,2.895401199761005184e-01,3.525255886512349002e-01,3.579600808934970679e-01,7.411654098439270089e-02,1.260275474222340986e-01,2.340678751160304993e-01,3.008160482206074238e-01,1.451248820662674188e-01,5.304287110496130886e-01,3.363520282196377220e-01,4.676633902617653993e-01,8.595513291350034835e-02
2.077536086367528234e-01,3.484317385539408285e-01,5.818712671421799598e-01,7.406455551752724742e-02,4.606942932840745186e-01,1.244735922891692104e-01,3.257693352921262053e-02,4.872663886124199428e-01,6.717229976515767254e-01,4.614615288769916002e-02,7.636915932969166043e-01,2.983126491411267622e-01,3.128856211528705522e-01,1.975690047721041093e-02,4.157414927979229957e-01,2.011448181751251951e-01,8.534641963635647421e-02,1.259870864462503404e-01,0.000000000000000000e+00,2.361439298620044980e-01,3.617967854675085970e-01,4.766354939350266329e-01,4.863773888468962414e-01,7.689355135943240493e-02,1.501510666308454034e-01,4.163728501958321448e-01,3.529292136329950647e-01,1.907541722569350562e-01,4.520345385649113257e-02,8.301835713343422296e-02,3.016511486573551781e-02,1.026425144089725683e-01,2.042871287281053938e-01,1.074266837874123665e-02,1.314459112507548877e-02,6.340179923823371921e-02,3.401752615070902097e-02,8.747589210902013968e-02,9.953335754428052629e-02,2.388274869928471572e-02,5.031506688743152961e-02,2.544092204304919669e-01,1.541560857805658880e-01,2.580852934316095193e-01,6.215636794261164555e-02,1.327418564890071040e-01,3.962295539450885196e-01,6.311514442576570127e-01,9.960911943837817695e-02,1.053550024209443381e-01,4.518549839140186819e-01,1.734596926805709871e-01,1.701536315252906162e-01,5.579499573450296124e-01,9.045489516357974047e-03,5.205033329473605086e-01,1.375576760350495087e-01,4.198855163560054615e-01,2.453547278009982069e-02,2.232876221933255967e-01,1.894125926598796972e-01,1.504446190505768777e-01,1.361316261102021585e-01,7.881842018020328577e-01,5.539558671396949130e-01,3.003003529894701096e-01,6.395114136079669276e-01,5.045242699259120389e-01,1.629888868743644137e-01,2.195124064378168594e-01,3.596198078222914707e-01,5.285138711039294446e-01,4.650371679349520337e-01,4.208015865639690989e-01,2.991990486165188035e-01,2.274575661044599129e-02
5.289861110031157665e-03,6.918496291131837062e-01,4.979260012109327782e-01,5.171017299946936152e-01,1.393490345495601579e-02,5.001671085092047608e-01,2.445500823856166239e-01,4.724760689055820251e-01,8.635758522344066934e-02,3.572803930141587037e-01,6.132790923462477783e-02,4.323577979153772066e-01,2.535260984634758463e-01,3.374899084994319454e-01,4.684874395077087694e-01,1.493398860795003280e-02,4.222496041270867861e-02,1.970331580267518090e-01,2.361439298620044980e-01,0.000000000000000000e+00,5.151701961671752983e-01,9.214645409441654111e-01,5.996231853580653581e-01,7.128667930755776261e-02,3.678159913338984177e-01,1.075559969537420724e-02,7.788503842141302203e-01,2.380994956714250210e-01,6.718428430935744489e-01,4.795590943963519703e-01,1.254990318253344506e-01,7.751880869386618134e-02,8.542617486792151993e-02,1.376581514564568509e-01,8.333204756417612880e-02,1.868480031828502475e-01,9.143154308957511522e-02,1.236265198514382713e-01,7.461488810373974323e-02,4.378263875676662031e-02,4.864948663092100167e-01,8.328361145252208275e-02,2.384744145196165954e-01,5.320916951526115657e-01,1.464944319551770568e-01,3.036488004528385409e-01,9.955327517880158128e-02,4.278697886091303859e-01,5.958038038163215866e-01,1.775007173970315211e-01,3.833408861537269674e-01,4.175253888861194529e-01,4.855532440174903375e-01,1.278920990017970993e-01,1.146684071922039194e-01,1.449200782301455770e-01,2.620037694917539683e-01,5.794704765014668801e-02,2.518412151626957529e-01,6.947860561110962285e-01,1.579050399587928477e-01,3.148479731561849015e-01,1.123594282618933793e-01,1.348085048854494317e-01,5.482018172524929511e-01,6.091025505462157597e-01,4.902606266378327637e-01,6.368756904617906001e-01,6.355835258800550391e-02,2.016106407252329646e-01,7.585857136270801604e-03,7.483022158022892834e-01,1.146929898104498413e-03,4.616243766780325775e-01,1.508352088269878655e-01,7.683416729749070750e-02
3.333769538196876270e-01,7.117234669533648583e-01,4.577255917845329813e-01,5.224803371937548624e-01,7.214585349903071543e-02,3.735667541783577739e-01,2.355023304507816995e-01,5.870923306233200023e-01,3.127706992235281813e-01,6.495984685168981754e-02,2.896103495363806513e-01,3.321474767917202975e-01,2.130591773456649574e-01,3.560313470642114120e-01,8.541645969737492461e-01,8.182236719080998588e-02,2.488725195129337653e-01,1.494676180712289915e-01,3.617967854675085970e-01,5.151701961671752983e-01,0.000000000000000000e+00,7.562818080853214164e-01,6.284503696129200012e-01,3.715951848029336313e-01,3.308489320390073374e-03,9.038692924864641376e-02,6.247027670024334345e-01,2.842630316832650550e-01,4.049426783461325119e-01,3.855338943422906839e-01,6.037575230806202509e-02,1.463839946685658311e-01,2.887907902583378705e-01,7.937296826725143140e-03,1.045161023219018243e-01,2.043268573497123430e-01,3.744894849290393846e-01,2.644114055800691476e-01,4.713310707156593421e-02,4.217994892523066475e-02,4.572900511441420068e-01,1.216781505694680410e-01,2.911267276597327980e-01,5.216711489376816280e-01,2.851222877510113385e-01,3.984425920647927111e-02,5.801244698732654914e-02,2.990974679796214453e-01,4.067731948907608031e-01,3.348204209082088212e-02,4.874339774613040133e-01,3.165084968771665341e-01,2.260049667908268223e-01,3.730523742284946875e-01,1.917972627662382634e-01,2.149513131574943281e-01,6.234963844388605181e-02,4.471057865360436590e-02,1.223538778572778596e-01,7.138856165369238393e-01,2.791497967098139910e-01,5.569062509331076383e-01,2.055978639490614879e-01,2.025556888462010929e-01,7.486852821397099733e-01,9.303663531757603300e-01,7.642497854584704431e-01,6.023000273544626415e-01,3.351819333683110358e-01,4.612190579387959177e-02,1.028358993227439511e-01,7.617577544056024497e-01,7.030469374341513644e-03,6.084588301488338402e-01,1.284738541770964471e-01,1.188378456846468922e-01
