0.000000000000000000e+00,7.787340500658929132e-02,5.256887518603309273e-02,1.130973014970908103e-01,6.047044643419839660e-02,1.655664778175129359e-01,6.366985093012088315e-02,5.883809363228464928e-03,4.762848449584386468e-02,1.998796201929461946e-01,5.241381189124338924e-02,1.265439589369785622e-01,7.335208212934997418e-02,6.083521789650162687e-02,1.743568980140119962e-01,4.597327740435436239e-01,2.508281178315039384e-01,4.731040440663730751e-02,1.042914202907433974e-01,1.955859930626097087e-02,6.592896284981238919e-01,3.049697900778591819e-02,1.610179146743618284e-01,1.993074773446891490e-01,3.707369912919135091e-01,3.696429771369745820e-01,3.462175154816568567e-02,4.906507932319895127e-02,3.412464506989115742e-01,3.237285615375759540e-02,3.406767419971692967e-01,1.518575334758164586e-01,2.953249108850335980e-01,3.008473092807185667e-01,2.044624417031748465e-02,1.020416963368169921e-01,4.304996730920983283e-02,1.377009416465873048e-01,9.545041995845091054e-02,1.331430445992052847e-01,5.570836470447912414e-02,1.426669736540199240e-01,3.392954056169543153e-01,2.183094045933505201e-01,5.998805181900099259e-02,5.822453546955888015e-01,1.159067874629273465e-01,5.250433370840995595e-02,1.572027806104776132e-02,2.526186954926473369e-02,2.507262549931270623e-01,5.841186463153281994e-02,8.747574168265420669e-02,5.879601911690499061e-02,1.484275795775970297e-01,2.265365203382885273e-02,2.840277243706995636e-01,2.889823324983348818e-01,1.069350488774990504e-01,2.587636408404524468e-01,5.096565319170032193e-02,3.030241444485534674e-02,1.979500255376466789e-01,1.717518037208515258e-01,6.147014818602614117e-02,4.221294800162042060e-01,7.705185347847753885e-02,4.023842668807051104e-02,8.954826510443703036e-02,9.579624484202431400e-02,6.676609272780581472e-02,8.536745834817119349e-02,1.900709958660147247e-01,1.438861302082657945e-01,1.279521633884847243e-01,6.418650160357836087e-02
7.787340500658929132e-02,0.000000000000000000e+00,4.229144550844243788e-02,3.861987646137604036e-01,4.805672689996264291e-01,8.233558322240558391e-01,8.111728169030049118e-01,3.385162108624982791e-01,3.291019023244559083e-01,6.706962266030251918e-01,1.240672020849586527e-01,1.732341585264789985e-01,5.383440437533786316e-01,1.688653664464238591e-01,5.712444647964012301e-01,5.726777873622396209e-02,4.003175119723254016e-01,5.618019950407617813e-01,1.857345902260649217e-01,7.067109068060375421e-01,1.376935209556497952e-01,7.213327191001519534e-01,3.640045225205564838e-01,1.689719405396332697e-01,7.227908345451173888e-01,4.088742771982586399e-01,1.000000000000000000e+00,2.847539151102723709e-01,2.101758561546256121e-01,5.128265271348919629e-01,5.967285002227762369e-01,2.237979164507958030e-01,4.626622352504054514e-01,3.016388899123438327e-01,5.448256668287982940e-01,6.587050517753099133e-01,6.456864168625290334e-01,6.290311105308782347e-03,6.463779513696464862e-01,5.755632741886245185e-01,6.044894020251784239e-01,1.404073027320501543e-01,3.315508357528744732e-01,2.508296937797780957e-01,4.109084459103270470e-01,2.768860860274279245e-01,9.614231463866882432e-01,7.390008220104196668e-02,4.744441611920986457e-01,9.984086734787311901e-01,1.936691334876245729e-01,7.520124112091305379e-01,2.934200674843584489e-02,8.020395264404078794e-01,5.534464263517199223e-01,5.200553010334518778e-01,2.265250501642332437e-01,1.569380274450779544e-01,2.665069426008751657e-02,4.344686430711053315e-02,3.136253084295259619e-01,6.805521924989383908e-01,3.861238227776415122e-01,2.421844668277277624e-01,4.122702845821685225e-01,2.322803407587819002e-01,7.815405989450456836e-01,1.698609262088756622e-01,4.515862301258094513e-01,6.855118569653195770e-01,4.036225229533882408e-01,6.513299779550074664e-01,2.807470723715135286e-01,1.367961999829268027e-01,4.903650803533762814e-01,5.698144599669721089e-01
5.256887518603309273e-02,4.229144550844243788e-02,0.000000000000000000e+00,5.310646075249227938e-01,1.574068379559180331e-01,1.452327585746338579e-01,1.821550680529127331e-01,4.350035824189521505e-01,5.155715541705615523e-01,3.014921392830278712e-01,8.685222052582640684e-01,7.837747200176381490e-03,4.673135725492652548e-02,1.107111359187027688e-01,2.835993809463440152e-01,2.613431867564958155e-01,3.819595491670588761e-01,8.189086607542092611e-02,4.708519941665932906e-01,1.474779978456903229e-01,3.182608813696857775e-02,1.718719500979294379e-01,4.876032607476267211e-01,1.630148919568169541e-01,3.880316546416703871e-02,3.629860937514928221e-02,1.737793768699477659e-01,4.266161696712944540e-02,4.849425205080526435e-03,1.343769284757542481e-01,2.322509520516313763e-01,3.460394305694180495e-01,7.541016095598988833e-02,2.882742013069995446e-01,1.794438068576840184e-01,7.057938101815153242e-04,1.216283675195950487e-01,4.209740734492598557e-01,1.409637553402620924e-01,6.974478408611441138e-02,7.917393381022114207e-02,1.040707077116170554e-01,9.860723942630406080e-02,9.533054171530057352e-02,2.103352167624515934e-01,4.709110994415072193e-02,9.052251538084021831e-02,7.976513110306647780e-01,3.046257953950748387e-01,3.697954199337583070e-02,5.587693643319519010e-02,1.288220177385424603e-01,3.451383436283655959e-01,3.046018214764821819e-01,3.095044831971854871e-01,6.539069715094452118e-01,3.145035485050959312e-02,1.442108593657034643e-01,8.567376861133549348e-02,1.630998993785349183e-01,9.509397761538428140e-02,3.013569941520827800e-01,2.516667649752474811e-01,5.085526786140175393e-01,1.165453183518570524e-01,1.890215387943521841e-01,6.438960651101399701e-02,4.330356170327118170e-01,7.910138063065619285e-03,6.591071498914913285e-02,3.119186948332419718e-02,3.028950128541096909e-02,2.570556413571026266e-01,4.436420042163564947e-02,9.569015383208495651e-02,3.629493516882309478e-02
1.130973014970908103e-01,3.861987646137604036e-01,5.310646075249227938e-01,0.000000000000000000e+00,2.108614467534699888e-01,2.876843915435703947e-01,4.186459019805542914e-01,6.102933008557728800e-02,1.688597967197825456e-01,4.315007860277052520e-01,3.593711709719587533e-01,2.048045748272565025e-01,1.617716088992504353e-01,2.952340865746891363e-02,4.932206569843759492e-01,1.290035789927104770e-03,4.773333874893651574e-01,1.628732490200357208e-01,2.516409240119703572e-01,6.316024799144014379e-01,2.443789247523812103e-01,6.246488849440465785e-01,9.962121592623426891e-02,1.880674650244081869e-01,3.432539174700122708e-01,1.091710814428475604e-02,5.971863179728588156e-01,5.356659421857523640e-02,5.134805051148479960e-01,7.950263737043189449e-02,3.047181393083440715e-01,1.751310127226815005e-01,1.917188936739934735e-01,4.758551458595384753e-01,2.136886107079938868e-01,3.943327991815068212e-01,3.046669713886335784e-01,2.473012160580133623e-01,3.082962226265322792e-01,3.334552880486389981e-01,3.621418939386751301e-01,2.051141375903299535e-01,1.095908686496732953e-01,3.676532028081911513e-03,4.734530401627499163e-01,2.039398756615225516e-01,3.579298291360109019e-01,5.883069614906774047e-01,9.322476036927493381e-02,2.642506802869885596e-01,1.572390871897218489e-01,1.112279427236957940e-01,1.114572591176589134e-01,9.492703407181110609e-02,3.535301094089863261e-01,4.085836865578963001e-02,3.170129630387384934e-01,1.897077279471147682e-01,2.693807229856691743e-01,1.602837831430807269e-01,4.907641722002296092e-01,2.863426185726994921e-01,2.296268028132294470e-01,4.372798817034068142e-01,6.623624538461074795e-01,1.810215492617331390e-01,6.734067960564380506e-01,6.572287012887531588e-02,3.281377120608371944e-01,5.702627524333486742e-01,1.665347436510313806e-01,4.622381545114331858e-01,6.383964617129269659e-01,4.324989316849537357e-01,6.686515010926894487e-01,7.305358248471935934e-01
6.047044643419839660e-02,4.805672689996264291e-01,1.574068379559180331e-01,2.108614467534699888e-01,0.000000000000000000e+00,5.513366993568671326e-01,3.594874423198288205e-01,1.476028246001292177e-01,2.677057484944930787e-01,2.409962021501566298e-01,2.738661565276239163e-01,2.579403108943872369e-01,1.647605728735457020e-01,2.202202444813230187e-01,2.293319646306993531e-01,2.849341771562388659e-02,4.984261374050666382e-02,3.612129611614171010e-01,1.658167990469183173e-01,5.131213325658056101e-01,6.514574908597103864e-02,3.875931657215261339e-01,1.781796516423669874e-02,2.591216656589140910e-01,1.916568661789827543e-01,2.645087281845733274e-01,4.588345768704636951e-01,2.271672063539063868e-01,1.836115323873632188e-01,2.489521042616010260e-01,3.400060638275520519e-01,2.924931532892579567e-01,3.380461114108364584e-01,5.613785192354314724e-02,3.072104375669741927e-01,3.661337018674271082e-01,3.600558901597074035e-01,3.081326176560281738e-01,3.219495138436615500e-01,4.283995494631789303e-01,3.941993161529684375e-01,5.320383746691065979e-02,9.466613303974114046e-02,7.893283730910304052e-02,4.976175212412502213e-02,3.154921163584013810e-02,5.478428536771062785e-01,1.418839217106148687e-01,9.288276037840745292e-02,5.687121128839467410e-01,4.969279326362066040e-01,2.315707123233230469e-01,1.386131037353377504e-02,3.954503772887645874e-01,1.227593004051471537e-01,5.846126906227583353e-01,8.831370484495862372e-02,1.155756671298104055e-01,2.106724786577997832e-01,3.456298708897861394e-01,2.815748208529867957e-01,3.434372356744321009e-02,3.729830210955509817e-01,3.257640040556508687e-03,4.512693991298430962e-01,1.617184618778261251e-02,4.678593686779096150e-01,9.968283269592076445e-02,3.510774078855282143e-01,2.993921895628616214e-01,3.903206890838510357e-01,4.872866415858839728e-01,1.652643377879261799e-01,1.261517141001223807e-01,2.427207831935209448e-01,2.776338889532934395e-01
1.655664778175129359e-01,8.233558322240558391e-01,1.452327585746338579e-01,2.876843915435703947e-01,5.513366993568671326e-01,0.000000000000000000e+00,6.474617764330528047e-01,5.560594903070900097e-01,3.434469122505874883e-01,6.195638682166308975e-01,2.374913862539732023e-02,3.627041315615218697e-01,1.976698875023033541e-01,3.114649586307825790e-02,3.007895436027536729e-01,1.258474334261965866e-01,4.372795936264198269e-01,4.752466184547244898e-01,4.041590485311732928e-02,3.599971842920458021e-01,6.098367262281889634e-02,3.900320661008145895e-01,4.661900978011315200e-01,1.802859655082647006e-01,4.308336312908642718e-01,4.393233119843040768e-01,6.801847081083520763e-01,2.651646557241936764e-01,3.190873330156485110e-02,4.534648872586043433e-01,6.884861631278057503e-01,6.293906431017258496e-02,1.779389770242237323e-01,3.351448889864591107e-01,3.343211260840316945e-01,5.468114985274687978e-01,6.070048079998779933e-01,1.037667812432613301e-02,3.963432733524278051e-01,2.256621785353428999e-01,3.417308009708955874e-01,1.748536613966641950e-01,1.861805293059181077e-01,1.666961256714533934e-01,1.765124952441514128e-01,9.678769348560242736e-02,6.488999029590566403e-01,4.618062096125685745e-02,4.519855319444510133e-01,8.553948005607612259e-01,5.345193592792093495e-01,6.579535885494790515e-01,2.334755570726558815e-01,6.469059598458399840e-01,6.430154875380011958e-01,4.066180058859109048e-01,2.989329254226033572e-02,1.357855445510549597e-01,1.342134695130073330e-03,1.353384523834230135e-01,3.975698298911910233e-02,6.179014664836023352e-01,2.526562598093286538e-01,6.959159608469578373e-02,6.852668817978890825e-02,3.034560709512879595e-01,3.421095270149158707e-01,2.854197977324317015e-01,3.063591027852503035e-01,3.562456529688193818e-01,3.284585142879783426e-01,5.163440180424646586e-01,8.099613929660910705e-02,3.499212102271820335e-01,2.005175231305907357e-01,2.244439124756338610e-01
6.366985093012088315e-02,8.111728169030049118e-01,1.821550680529127331e-01,4.186459019805542914e-01,3.594874423198288205e-01,6.474617764330528047e-01,0.000000000000000000e+00,3.288818481033798369e-01,2.328156509772350002e-01,7.542194549147396287e-01,3.415471751908716325e-02,1.368726041998690746e-01,5.873738718926132529e-01,1.160881632505953165e-01,5.809062908560882477e-01,2.926624264237641659e-01,5.892820989434316425e-01,1.520636308626645561e-01,4.528057577221828445e-01,6.405232581645866619e-01,1.502164823538384153e-01,6.509779049530333150e-01,2.699760871954333119e-01,4.138226424340902265e-01,4.084182687405786272e-01,2.232014087146846348e-01,8.117125285614882335e-01,1.565555459548703954e-01,7.949927745335133578e-02,2.466076122469845477e-01,5.500987601074059929e-01,2.784814432146430208e-01,5.759879878689223576e-01,2.587196662525569346e-01,5.253081655106808245e-01,4.374421238114101218e-01,5.636974385411015476e-01,1.454223374605360386e-01,6.943784762449538572e-01,7.407214428216626345e-01,6.728850451921170039e-01,1.140894260262245996e-01,5.053829803194401782e-01,4.214239668558799612e-01,4.096681737236873566e-01,3.281113331622130258e-01,8.365925068920940788e-01,2.891526573852408744e-01,1.590510910736633865e-01,8.326772397713733120e-01,2.745130106364228051e-01,5.375491988184386560e-01,5.818029108711673947e-02,5.894994925252423634e-01,4.535939707717349667e-01,4.169339428218605814e-01,1.629007351738801512e-01,4.255346443193228079e-02,8.202982384412244032e-02,5.095642270639428456e-02,3.594273872492169120e-01,4.665501524410730072e-01,5.672822971878832554e-01,5.077645419086249667e-01,6.627765583624167789e-01,2.521590603674140896e-01,8.683178552203653089e-01,1.643882395145746245e-01,7.484590439426899167e-01,6.130249301715465782e-01,5.598757168217355362e-01,6.868164992158102278e-01,6.533541073313163805e-01,2.308608031398194649e-02,7.451774271465877453e-01,6.785844776893686925e-01
5.883809363228464928e-03,3.385162108624982791e-01,4.350035824189521505e-01,6.102933008557728800e-02,1.476028246001292177e-01,5.560594903070900097e-01,3.288818481033798369e-01,0.000000000000000000e+00,1.683967317568934585e-01,3.388624673897171480e-01,2.756776675247804009e-01,4.948478793215920213e-01,2.214159774233509514e-01,2.812803821637654966e-01,1.703445615068631402e-01,3.984336622205493228e-01,3.464090090316439552e-01,5.439717414985452415e-02,1.472845401552845823e-01,1.148434569633577373e-01,1.674092910225501440e-01,1.006152030853997570e-01,7.749783566536884161e-01,4.065908714450393591e-01,5.495046090583824427e-02,3.674063547152338627e-01,3.731428781347828072e-01,3.950007158206302327e-01,3.521530236922260637e-01,2.875898026796603890e-01,4.883396155689522788e-01,9.981361535479904568e-02,1.505677959764824547e-01,1.047686970659766903e-02,1.848619198935410463e-02,4.229703426608091843e-02,2.860627631605708321e-01,2.310762807533915386e-01,9.212999953106582041e-02,1.392242732667275662e-01,1.482491824900994404e-01,1.384064352989076985e-01,2.591770881823501904e-01,1.781885413838390358e-02,1.598819025077115596e-01,1.726620850949912578e-01,2.191487444195304446e-01,7.263295906435590643e-02,4.494942246003331143e-01,3.130257486243843701e-01,3.700006136049745487e-01,3.457780899450878520e-01,7.710310928125759800e-01,2.067385216213393773e-01,3.096248007339266750e-01,6.005642487700685317e-02,3.243552671955609035e-01,2.815215328558717811e-03,3.554863098367101459e-01,3.210770855342396368e-01,4.547640259868834800e-01,3.312802723405108285e-01,2.190420097833071789e-01,8.376908828885087921e-02,3.265981853297585946e-01,2.496225488103284706e-02,1.167117669972250332e-01,5.773480500057500686e-01,2.397501044354320432e-01,8.020091443619653537e-02,2.857095469732450210e-01,1.618586434523914264e-01,2.133526609325547829e-01,5.811755384373876732e-01,1.461195555356809561e-01,1.964218171846415228e-01
4.762848449584386468e-02,3.291019023244559083e-01,5.155715541705615523e-01,1.688597967197825456e-01,2.677057484944930787e-01,3.434469122505874883e-01,2.328156509772350002e-01,1.683967317568934585e-01,0.000000000000000000e+00,2.861443159925232682e-01,6.612816262451359783e-01,7.418087878240339772e-02,3.303512798227568603e-01,1.827931998253460866e-01,1.353820609383311613e-01,7.488638100896546912e-02,2.391816470702776143e-01,1.214741540326248204e-01,2.740459627830937883e-01,1.267534565497119292e-02,1.594167814963571572e-01,8.585065930592333805e-02,1.666899989137803351e-01,1.989220320915383033e-01,1.459033225769073294e-01,3.819267886507338172e-02,3.525716868992717634e-01,3.556529900220895546e-01,1.010799450794141463e-01,2.757878327213710290e-01,3.308011498283848217e-01,6.714276544983288630e-01,2.686235451916977324e-01,8.500643295631195306e-02,4.296100617640804531e-01,8.606625923655661370e-02,3.128709358088222481e-01,1.691669767641630906e-01,5.885440522127091123e-01,3.881171217742060420e-01,4.725907682172131308e-01,9.894742510168699767e-02,2.820649729638481928e-01,1.441689452720967268e-01,9.957349390522188259e-02,2.540722163180257898e-01,5.291931188826971555e-01,6.734187070949582132e-01,2.031515756504582437e-01,4.180272562341211806e-01,2.343244628661527162e-01,2.976885128635663458e-01,8.221295558398822312e-02,5.907379758235274947e-01,2.433600449263821353e-01,7.377191717031542639e-01,6.239144576573149581e-02,1.639416352611035299e-01,1.963627962913101765e-01,7.792301867307482865e-02,2.974611509608940385e-02,2.764092312658930073e-01,2.633989916479134719e-01,2.475743434805957044e-01,1.395702277192874541e-01,7.976357663260086328e-02,1.454221314965501444e-01,7.791607257203347903e-03,4.282197264945922788e-01,3.230297980480517639e-01,2.395818970082357335e-01,3.473470832756426763e-01,3.276376953347071019e-02,2.253740085591039721e-01,1.849657920749205320e-01,1.300590697053239375e-01
1.998796201929461946e-01,6.706962266030251918e-01,3.014921392830278712e-01,4.315007860277052520e-01,2.409962021501566298e-01,6.195638682166308975e-01,7.542194549147396287e-01,3.388624673897171480e-01,2.861443159925232682e-01,0.000000000000000000e+00,1.409544344063627386e-01,9.669259990057671450e-02,3.463651966319596376e-01,1.521143753890161487e-01,4.672265818198806375e-01,2.654019088468071996e-01,8.377286355979277621e-01,2.043776597555487795e-01,3.898667038204173263e-01,6.214063705567359763e-01,1.168832864909576941e-01,7.082964734246970373e-01,2.720068757758662414e-01,3.173048548594329388e-01,2.925553312396531602e-01,8.845611544886228250e-02,6.985016476946890318e-01,1.267187176533174364e-01,2.429023697334360410e-01,8.016452091172447669e-02,6.043675830999666321e-01,2.968232509678844222e-01,2.993869833288433924e-01,3.760386392110118825e-01,6.076820617138199987e-01,4.656328229685761655e-01,7.279144630861904552e-01,9.756951626722190629e-02,7.504778054529918085e-01,5.738973869349622836e-01,7.100130197733928172e-01,6.492625546010696858e-02,5.812359303186644954e-01,2.478515100750267319e-01,5.246175202441770713e-01,2.859154250477061177e-01,7.693906025677722527e-01,2.803781415762226503e-01,3.123683265548125032e-01,6.694956401050995431e-01,1.964508100820648862e-01,6.120964237318925472e-01,2.896276926100593840e-02,4.909089446614816055e-01,7.295364226211386027e-01,3.267150971356015399e-01,2.269685847314003302e-01,5.235858268954526884e-02,9.995611104217143328e-03,1.838622720211081085e-01,3.887248169222493055e-01,6.544675326103508439e-01,4.415189050759665834e-01,5.361579821833715176e-01,4.619907111063675242e-01,3.301205014316664910e-01,7.489409336222129232e-01,1.085111108118347323e-01,6.809123748045287083e-01,7.461975693936747644e-01,3.137445904390630536e-01,5.093422280318271600e-01,7.149657830642724976e-01,3.250503791909682694e-02,8.373984959597252642e-01,7.155718355315510149e-01
5.241381189124338924e-02,1.240672020849586527e-01,8.685222052582640684e-01,3.593711709719587533e-01,2.738661565276239163e-01,2.374913862539732023e-02,3.415471751908716325e-02,2.756776675247804009e-01,6.612816262451359783e-01,1.409544344063627386e-01,0.000000000000000000e+00,1.005819858508419928e-01,1.913480507199102343e-01,1.116655489629405917e-01,6.149561688966381778e-02,2.277613926170136693e-01,2.862815544041247273e-01,1.424110917343588689e-01,5.604198390820905873e-01,2.934881301164699030e-02,3.382149761554348322e-02,2.181092294677622334e-02,3.042312610587780686e-01,5.375694740437033520e-02,1.059810109408575590e-01,1.086039350305293416e-01,4.142845576842024702e-03,2.176302226610766222e-01,8.612457179349125580e-02,3.270815732092827166e-01,3.669781300634916699e-03,4.790203638863040903e-01,2.491357675286262341e-01,2.155291782274911805e-01,3.285591540732253346e-01,1.413175493826228368e-01,4.323291718123205285e-02,3.865570279826649469e-01,3.257356944477020066e-01,2.040604510671584493e-01,2.452222976988115977e-01,1.008431291590438234e-01,4.798250556940218681e-02,6.415843417102658208e-02,6.894739836425256563e-02,1.423507517827287683e-01,2.305311072957556551e-01,8.214806408922568082e-01,7.170217100273286459e-02,2.563221530988252783e-01,1.025138642500969532e-02,7.628949946526542014e-02,2.838358019496942664e-01,4.880165866968587118e-01,1.570191539628240096e-01,8.171026993702285024e-01,8.659614746832006160e-02,1.527789640945369787e-01,1.128721965341156069e-01,2.413510540097090762e-01,9.636256552591411506e-02,1.522102638945444508e-01,2.629756931435088818e-01,5.711632784201723378e-01,4.009808062537803530e-02,2.067441554127122383e-01,6.987710820338538520e-02,3.226776266258621351e-01,2.437359084698784428e-01,5.347093769074744152e-02,1.777463928073897415e-01,1.054328293751401469e-01,2.327900382107165600e-01,2.494692764366151713e-02,2.608476338643411080e-02,9.115791278775164930e-02
1.265439589369785622e-01,1.732341585264789985e-01,7.837747200176381490e-03,2.048045748272565025e-01,2.579403108943872369e-01,3.627041315615218697e-01,1.368726041998690746e-01,4.948478793215920213e-01,7.418087878240339772e-02,9.669259990057671450e-02,1.005819858508419928e-01,0.000000000000000000e+00,3.906931628427445791e-02,5.997954182984187310e-02,3.670589145840365275e-02,1.563779906131447794e-01,2.138594727366901482e-01,1.793492942934072909e-01,1.668009319071181440e-02,8.408954442363511528e-02,1.556135067729007282e-01,1.610973466828342082e-01,2.626903606115201795e-01,5.269337468256287682e-01,6.705100922933074359e-02,6.673684285557719420e-01,5.890593649973963064e-02,2.092763544936956377e-01,5.576552778701817648e-01,5.080254016073367795e-01,3.392821688778973055e-01,3.893445471895878862e-03,1.876906950365881954e-01,4.980155872990048305e-02,2.451720672070112697e-02,4.182585445590016049e-02,7.116387178620905973e-02,5.171612970951644517e-03,2.114976358196342388e-02,6.512074687462725275e-02,4.437067812944726908e-02,1.190620561034527458e-01,2.196710141415796902e-01,1.372056594636119342e-01,8.917525068766021801e-02,2.283722343777287445e-01,1.907740281375014946e-01,1.375216780572345310e-01,7.909687175371322987e-02,2.618607639086195649e-01,3.784796409540144846e-01,2.070571351695952023e-01,4.336160788257882870e-01,2.437930236028600928e-01,1.029565907898665755e-01,1.169321208613259000e-01,7.515921800391722751e-01,3.657175875026135725e-01,1.803803502735259190e-01,1.874659703405784639e-01,3.216102494596822514e-01,1.990504366995255181e-01,1.958202475138563770e-01,1.219695656733879585e-01,2.215434355237794195e-01,1.633385136327214215e-01,1.353670297301634018e-01,1.804738768840985774e-01,3.248821913224944624e-01,3.180216707112071828e-01,5.012389214091665934e-01,8.884540451736397393e-02,1.788948956748141472e-01,6.401245137780607886e-01,2.059292889227324896e-01,2.521337062673197904e-01
7.335208212934997418e-02,5.383440437533786316e-01,4.673135725492652548e-02,1.617716088992504353e-01,1.647605728735457020e-01,1.976698875023033541e-01,5.873738718926132529e-01,2.214159774233509514e-01,3.303512798227568603e-01,3.463651966319596376e-01,1.913480507199102343e-01,3.906931628427445791e-02,0.000000000000000000e+00,2.360595368981441289e-01,2.819587704191899302e-01,5.483562705363880241e-01,3.401858075336708920e-01,1.424300710734717756e-01,3.211160360714415685e-01,2.425899645912133196e-01,3.290686926932404610e-01,1.927005142801743176e-01,2.844342634462196373e-01,1.495062895071174736e-01,4.117572672205383477e-01,3.095106064297120652e-02,5.714309496472418370e-01,6.488890581442658956e-01,6.854718723581987305e-02,2.999847994784169414e-01,3.831882567108534920e-01,4.998925066851998555e-01,5.378929240544036983e-01,4.199822264201059918e-02,4.434263938233673485e-01,1.560550663981558339e-01,4.405796877177447501e-01,1.535824171418035122e-01,6.224671403349736343e-01,6.773170868241223941e-01,4.989307686418446020e-01,1.516573545544828150e-01,5.518908839748364326e-01,2.808595658039776399e-01,2.699067908432608021e-01,5.034901278724673857e-01,4.978448351487653190e-01,3.631719302383262793e-02,7.752280427281452169e-02,4.316972434664704816e-01,7.467910339767758199e-02,3.562866718601763183e-01,8.297034768434868868e-02,4.427504443269208445e-01,1.832523433537077695e-01,2.739452017538410722e-01,2.470740124666818693e-01,5.171440963306094263e-01,3.441307017192920537e-01,1.477517155457387654e-02,8.648047012885631823e-02,3.621038688584399257e-01,2.105087559129092956e-02,3.565267440225756701e-01,2.949770726582071623e-01,1.236338801207230720e-01,4.531681371490658972e-01,2.570912643908108697e-01,4.225326418725123268e-01,4.498729976467372715e-01,2.909903432099030796e-01,5.685457135011333651e-01,9.011274190214246804e-02,2.781644167600322987e-02,3.752468316488973832e-01,3.437181574679982199e-01
6.083521789650162687e-02,1.688653664464238591e-01,1.107111359187027688e-01,2.952340865746891363e-02,2.202202444813230187e-01,3.114649586307825790e-02,1.160881632505953165e-01,2.812803821637654966e-01,1.827931998253460866e-01,1.521143753890161487e-01,1.116655489629405917e-01,5.997954182984187310e-02,2.360595368981441289e-01,0.000000000000000000e+00,9.333582548119226385e-02,1.603478563313603389e-01,1.161591563014987560e-01,3.383807030396396298e-02,1.582875755421216946e-01,1.086470957803462867e-01,1.391759061364860883e-01,3.753912754890018078e-02,2.685712723660066414e-01,1.970722918627565989e-01,2.016648951428626768e-01,8.536324364845683521e-02,1.133328919854035693e-01,4.081665528465272530e-02,1.422334151388700285e-01,3.440650442614577587e-02,6.037035204953652978e-02,1.820555250221562726e-01,7.542390614258800974e-02,6.166522748629713058e-02,4.882036780746908111e-02,2.302255640696952710e-01,6.515399688839770831e-02,2.829451194761182231e-01,2.272155421185160229e-01,1.886360463137538301e-01,2.007134688170215675e-01,8.645142740365469036e-02,4.446043030816629882e-01,2.319425780793321623e-01,3.396461931127304212e-01,2.796226215650954305e-01,1.334806237523241401e-01,8.760940904739328294e-02,1.974742729084563719e-01,8.090072442394705132e-02,1.540470149498708863e-01,2.212738834202687133e-01,2.627805403794220007e-01,2.148416920709860511e-01,1.062490508696784797e-01,6.377702869997331492e-02,5.243474781505085003e-02,7.235680456726087395e-02,3.645859061006339608e-01,2.764061645116691612e-01,1.484248805863668530e-01,1.734360237621590528e-01,5.773621945189881532e-02,1.294101933157407458e-01,1.950237550531430109e-01,2.503576204533187674e-03,1.584048556205722158e-02,1.998851455634450547e-01,1.755701311018386390e-01,1.638898577017178781e-01,1.079872266052006174e-01,4.406601324770364342e-02,8.293448177355250417e-02,2.640807212010594096e-01,1.540003346663715578e-01,8.726582950375777470e-02
1.743568980140119962e-01,5.712444647964012301e-01,2.835993809463440152e-01,4.932206569843759492e-01,2.293319646306993531e-01,3.007895436027536729e-01,5.809062908560882477e-01,1.703445615068631402e-01,1.353820609383311613e-01,4.672265818198806375e-01,6.149561688966381778e-02,3.670589145840365275e-02,2.819587704191899302e-01,9.333582548119226385e-02,0.000000000000000000e+00,1.004388542812903462e-01,3.090567467133208401e-01,8.543806252420928227e-02,7.242734735057532180e-02,5.662000650613412400e-01,3.868746345200554937e-01,6.818774614485129115e-01,4.045330666378440521e-01,2.392396862171252692e-01,4.800825790103404045e-01,2.476764595511143918e-01,6.071878936526280413e-01,3.553819078123043873e-02,4.162120356115477926e-01,5.012033276200744680e-02,2.506821862636448017e-01,9.383341193804146940e-02,1.240726633659802319e-01,3.128296048647950522e-01,1.377442901565945621e-01,2.462662518760359021e-01,2.209593744755566913e-01,8.969072193682567362e-02,3.556093369360749934e-01,3.206157840464515241e-01,3.976938139726119981e-01,5.098228664817093525e-02,1.233379595999077039e-01,1.034655271959171174e-01,4.846572388689751043e-01,2.884115306793368361e-01,4.950677653191765115e-01,1.697181785642991048e-01,2.915582409628837968e-01,5.553928256126785534e-01,1.788032093804954314e-01,2.305421583994805290e-01,3.569333250857564810e-02,4.414323374258398158e-01,2.123923068772912703e-01,1.577414893920939809e-01,1.373704398591962250e-01,3.504265986032895075e-02,1.791486628574160966e-01,4.668648611014609706e-01,3.733726194584281455e-01,4.498041440444849326e-01,2.014861813453031614e-01,6.178432783658877048e-02,3.969377495076094609e-01,8.745005862359533921e-02,5.559330973720058022e-01,4.264891070383913796e-01,4.096799967611139404e-01,5.154493092003651356e-01,3.697328262662007980e-01,6.288609935076940882e-01,3.437790044855633109e-01,3.500143296394476744e-01,3.750920791094187745e-01,5.416975525199621000e-01
4.597327740435436239e-01,5.726777873622396209e-02,2.613431867564958155e-01,1.290035789927104770e-03,2.849341771562388659e-02,1.258474334261965866e-01,2.926624264237641659e-01,3.984336622205493228e-01,7.488638100896546912e-02,2.654019088468071996e-01,2.277613926170136693e-01,1.563779906131447794e-01,5.483562705363880241e-01,1.603478563313603389e-01,1.004388542812903462e-01,0.000000000000000000e+00,4.920990450701758778e-01,4.326613561598209867e-01,2.578273305178607200e-01,5.784058610172926329e-02,7.229164706773960614e-02,4.014924783048912094e-02,3.157561758396040807e-01,1.072503430951169817e-01,2.173496186145821296e-01,2.257314641045385373e-01,2.831983648724391012e-01,4.848878817684247333e-01,3.592785371882178391e-01,1.205276675353984250e-01,4.807851039820781325e-01,1.113363277544861252e-01,4.729844202646352191e-02,2.916204974032815533e-01,1.282067315750470837e-02,2.435474134153568504e-01,2.127610933334728172e-01,2.282252693460185000e-02,2.655057730904992197e-01,1.019051861554129135e-01,1.661646131665467374e-02,4.301172477381925291e-02,4.676235412125416824e-01,1.591402611359407637e-01,4.090533374499355501e-02,1.958959133616816617e-02,1.439718640088530344e-01,2.174777736525007610e-01,1.934813857537711485e-02,9.706519481483752432e-03,1.040253415635122580e-01,1.577288874537924324e-01,4.351009616076384479e-01,1.278501907080498712e-01,1.012390384590823311e-01,9.250682537898771707e-02,2.174411158917469999e-01,2.240137065477909306e-01,3.980627280300150783e-01,1.094307143615753652e-01,4.048130725037936695e-01,2.232885463277907157e-01,2.559807141175250433e-01,2.889638963810434724e-01,1.191784849781812872e-01,4.826635299015241687e-02,1.241933824155636579e-01,4.158048960276342076e-01,1.832102624941884805e-01,6.178829161022969529e-03,1.145142147195949700e-01,3.325709806513916234e-01,1.028258655612579453e-02,1.145909659390754731e-01,1.055874029046250662e-01,2.961525878690271507e-02
2.508281178315039384e-01,4.003175119723254016e-01,3.819595491670588761e-01,4.773333874893651574e-01,4.984261374050666382e-02,4.372795936264198269e-01,5.892820989434316425e-01,3.464090090316439552e-01,2.391816470702776143e-01,8.377286355979277621e-01,2.862815544041247273e-01,2.138594727366901482e-01,3.401858075336708920e-01,1.161591563014987560e-01,3.090567467133208401e-01,4.920990450701758778e-01,0.000000000000000000e+00,1.214712811063782816e-01,2.055129803687705814e-01,3.269725435481136699e-01,2.419614481970899789e-02,4.407613432886682836e-01,3.697245509465036939e-01,1.246156846358986714e-01,3.323144867290217519e-02,3.403603050577712064e-01,5.574132531350999287e-01,2.218093395470651652e-01,1.506575266252880296e-01,1.445155005061611875e-01,6.318766641760140690e-01,1.426370150399904058e-01,4.399557811852974898e-02,4.943610997204512802e-01,3.718103406372256226e-01,2.970449825808967881e-01,5.775195813678583034e-01,1.606164900916216554e-01,5.171887750210100165e-01,3.305773028510127221e-01,5.234109477238734209e-01,3.954418332855806628e-02,4.227995692453239140e-01,1.510836846373165843e-01,4.236198462702885914e-01,2.041239121582116012e-01,4.945977217096052536e-01,2.623221051534746495e-01,4.377165324877250185e-01,3.879877395438936505e-01,1.253899265010969544e-01,5.768971772861446468e-01,1.063590691636523700e-01,2.547522791446076296e-01,6.752016193602201621e-01,1.116177172703141235e-01,1.541685651548844738e-01,1.552189603827144604e-01,7.946983301921062282e-03,2.428805959574857065e-01,1.374466858213249654e-01,6.721564752990725200e-01,4.411259271008743932e-02,3.868192372198653306e-01,2.146449852530983859e-01,1.998541204456805165e-01,4.532283672925040974e-01,2.040641589671545741e-01,4.267696546138718405e-01,5.815020670970556527e-01,6.320463784362773119e-02,4.361341198268307018e-01,4.977487711300923046e-01,3.622377389406367110e-02,6.240405633908283622e-01,4.843165409078786232e-01
4.731040440663730751e-02,5.618019950407617813e-01,8.189086607542092611e-02,1.628732490200357208e-01,3.612129611614171010e-01,4.752466184547244898e-01,1.520636308626645561e-01,5.439717414985452415e-02,1.214741540326248204e-01,2.043776597555487795e-01,1.424110917343588689e-01,1.793492942934072909e-01,1.424300710734717756e-01,3.383807030396396298e-02,8.543806252420928227e-02,4.326613561598209867e-01,1.214712811063782816e-01,0.000000000000000000e+00,6.956340826935020205e-02,3.781788368836762060e-01,1.717907348910678311e-01,4.493683968426245845e-01,1.078874015753781279e-01,4.682480522785253951e-02,5.174063083656676998e-01,3.256631740599714164e-01,3.473222670766191733e-01,3.657828447524943960e-02,1.577474024276063203e-01,2.576072406487097677e-01,2.435818038918766693e-01,7.079396852866633172e-02,2.175637156394324423e-01,1.168273443067105177e-01,2.364086280479942292e-01,4.366779569387986282e-01,3.321130100872652369e-01,1.249339795104631445e-01,2.412592512666690558e-01,1.547254408729283881e-01,1.913229806346868622e-01,1.292217750514369212e-01,1.155584283056065864e-02,1.045866085589246264e-01,1.167048937120244434e-01,1.971989792572078348e-01,3.880136645302966203e-01,1.088713936153825335e-01,3.071957525068390593e-01,5.334899968786676050e-01,1.679558048147679339e-01,3.585356757506472092e-01,2.159568619612145801e-01,3.379706334702342607e-01,3.323644413219037363e-01,3.468938697503680113e-01,1.491569970384934440e-01,1.452160550821144647e-01,1.751888028997809488e-01,4.201681071968499381e-03,3.609617353978838428e-01,2.297592247391626596e-01,4.891061928318426455e-01,5.709950530431684435e-02,1.839197798537850759e-01,3.326349695402447959e-01,2.911598428435644426e-01,2.602424644832672107e-01,8.921402398977612558e-02,2.492953783474268215e-01,4.346578828408531603e-02,1.893885427416543699e-01,2.166680430523765244e-01,8.495192570818477229e-02,1.801381902383344669e-01,2.207729402840358235e-01
1.042914202907433974e-01,1.857345902260649217e-01,4.708519941665932906e-01,2.516409240119703572e-01,1.658167990469183173e-01,4.041590485311732928e-02,4.528057577221828445e-01,1.472845401552845823e-01,2.740459627830937883e-01,3.898667038204173263e-01,5.604198390820905873e-01,1.668009319071181440e-02,3.211160360714415685e-01,1.582875755421216946e-01,7.242734735057532180e-02,2.578273305178607200e-01,2.055129803687705814e-01,6.956340826935020205e-02,0.000000000000000000e+00,1.028423688526782787e-01,6.507744278277102778e-02,1.534398235769356411e-01,1.605099300780661320e-01,2.380608856088142766e-02,8.045575078848579698e-02,5.252431746867888829e-02,1.238353605686034475e-01,2.877977123385083713e-02,2.690720304002757191e-01,5.358213381128185127e-02,1.380182647356099634e-01,1.849143253384765428e-01,1.248587071456077613e-01,6.206449240570651588e-02,3.591293856875321655e-02,2.495700303161444561e-02,2.174883622788224835e-01,1.276565426217740606e-01,6.331683874245994104e-02,1.151921781090316788e-01,6.720459850957039016e-02,1.820563166975266156e-01,3.693239495187525812e-01,2.666147806623923033e-01,1.207505488788521708e-01,5.419347057658747968e-02,5.023024507555887141e-02,5.239782366434118099e-01,8.519084322378783769e-02,2.387899866988796860e-01,1.943409540458022333e-01,3.070477657664766880e-01,9.912367835785418357e-04,5.315280584708881317e-02,1.868244782821734673e-01,3.880030165272141396e-01,8.529767745828747971e-02,1.439073746147478960e-02,1.599805907846713893e-01,3.394504503366555515e-01,1.169389247800897841e-01,2.444688735858743245e-01,2.100670838926885220e-02,7.916184559300816215e-01,1.128655179024152244e-01,3.244584959245104816e-01,1.870513133448611920e-01,1.939716899521547744e-01,2.289308477390357074e-02,3.532923767641471535e-03,1.014624122082002367e-01,7.215273511331932177e-02,3.044941767366503016e-01,2.787197692527015880e-01,2.217571675052872615e-01,1.034019252060745381e-01
1.955859930626097087e-02,7.067109068060375421e-01,1.474779978456903229e-01,6.316024799144014379e-01,5.131213325658056101e-01,3.599971842920458021e-01,6.405232581645866619e-01,1.148434569633577373e-01,1.267534565497119292e-02,6.214063705567359763e-01,2.934881301164699030e-02,8.408954442363511528e-02,2.425899645912133196e-01,1.086470957803462867e-01,5.662000650613412400e-01,5.784058610172926329e-02,3.269725435481136699e-01,3.781788368836762060e-01,1.028423688526782787e-01,0.000000000000000000e+00,2.978133305591806890e-02,9.591837963292955127e-01,7.649198403774692956e-02,4.824833769195811806e-02,4.627010546363547472e-01,5.287734861469894909e-02,6.470328122540578430e-01,1.288428056545823375e-01,5.833815315179137206e-01,1.183179939459028107e-02,2.944796722376428755e-01,1.423943679383138650e-01,8.330591230743436548e-02,4.071321602288471841e-01,3.798209222731885881e-01,5.399632947232491098e-01,2.798998929656369428e-01,1.641337870363224205e-02,3.874871952904548889e-01,3.787042258470780798e-01,4.545700268621243323e-01,1.865780162432345568e-02,6.182707961154861043e-02,8.739103752782373391e-02,4.503412974972132998e-01,3.687222940397033577e-02,5.566137227069074545e-01,3.308218929068232339e-01,1.861230250675205977e-01,6.896199084432084181e-01,2.779284401183534925e-02,3.880380352850302250e-01,4.218744457156035077e-01,5.620358132122357242e-01,3.206653046140868213e-01,3.733667330210054813e-01,2.570228731701563740e-01,4.181596589540220732e-02,3.966523426971825250e-01,3.323845305355930813e-01,6.553847167459327938e-01,5.176966678201793126e-01,4.155809558203472087e-01,2.712072074048469394e-01,8.272933503305748282e-01,2.261699692753353363e-01,8.635127688904551402e-01,6.187154570455277725e-02,3.032772071375645084e-01,5.955857012967828990e-01,1.645805536763730592e-01,5.578076591782455962e-01,5.468616211058670018e-01,4.650440551982807369e-01,5.817860392100986378e-01,7.077774081459549116e-01
6.592896284981238919e-01,1.376935209556497952e-01,3.182608813696857775e-02,2.443789247523812103e-01,6.514574908597103864e-02,6.098367262281889634e-02,1.502164823538384153e-01,1.674092910225501440e-01,1.594167814963571572e-01,1.168832864909576941e-01,3.382149761554348322e-02,1.556135067729007282e-01,3.290686926932404610e-01,1.391759061364860883e-01,3.868746345200554937e-01,7.229164706773960614e-02,2.419614481970899789e-02,1.717907348910678311e-01,6.507744278277102778e-02,2.978133305591806890e-02,0.000000000000000000e+00,8.751629384517606303e-02,2.667950715982658760e-01,1.941802172337469823e-01,3.775103096106958711e-01,1.879915495712909668e-01,1.345915074591340077e-01,1.382697804179963685e-01,3.454910509527542306e-01,8.528741032149317336e-03,1.418815920768497496e-01,1.616776720578042559e-01,1.624980599871586606e-01,2.249109136904943185e-01,1.606869600738953380e-02,1.928393362933154831e-02,3.323878157626755647e-02,1.068543710281416592e-01,7.675650585701462858e-02,1.757455511020661609e-01,2.107586418134307360e-01,1.091215709729595473e-01,1.474968870515540320e-01,7.577022978743791493e-02,1.956980348714522644e-01,5.731991879905462550e-01,1.450541178211374738e-01,8.681504131221798315e-02,8.083726735068832991e-02,1.601198576154643227e-01,2.166367355502266945e-01,1.717846924093139049e-01,7.555520098803575335e-02,1.868125069124839388e-01,1.331265152677741925e-01,5.110948192118477951e-02,2.494096854907076888e-01,4.777582758376625049e-01,1.799078305770480946e-03,2.030169293936230357e-01,8.271275236326658398e-02,2.730143965743069279e-01,2.904648493031719569e-01,8.066444003091041703e-02,5.411687587911595543e-02,5.538537206984652794e-01,3.405816539260042575e-02,1.973985727092050779e-01,6.676951897440147610e-02,1.058988959911788541e-01,2.835961849043500127e-02,3.597469546570869481e-02,1.627630883671374873e-01,1.299037901967407260e-01,9.792710413202787567e-03,1.686994520109981188e-01
