0.000000000000000000e+00,4.052219322031543891e-01,0.000000000000000000e+00,0.000000000000000000e+00,0.000000000000000000e+00,3.179096412795104909e-01,0.000000000000000000e+00,5.039856774942186313e-01,0.000000000000000000e+00,3.499844550699158230e-01,0.000000000000000000e+00,3.562017175576270844e-01,3.160453090599357751e-01,0.000000000000000000e+00,3.404943888794860207e-01,3.527505630126456238e-01,2.981557509854552146e-01,3.211379658580009733e-01,0.000000000000000000e+00,4.449270421431325007e-01,4.559903099246083724e-01,4.067840404781314922e-01,4.732500456006196177e-01,3.978655518896722088e-01,3.317224813009665985e-01,3.579226752142929957e-01,4.593406242739805911e-01,0.000000000000000000e+00,3.829669668136885807e-01,0.000000000000000000e+00,3.811283477337402137e-01,4.627301864179900748e-01,3.559682188280189896e-01,3.907096206353891099e-01,4.565892918024335168e-01,0.000000000000000000e+00,0.000000000000000000e+00,3.497438771924514800e-01,4.782080226290157943e-01,4.085485199624853125e-01,4.217981835006244795e-01,0.000000000000000000e+00,0.000000000000000000e+00,0.000000000000000000e+00,0.000000000000000000e+00,4.230828475840516245e-01,4.573718852037375049e-01,0.000000000000000000e+00,0.000000000000000000e+00,0.000000000000000000e+00,0.000000000000000000e+00,0.000000000000000000e+00,0.000000000000000000e+00,0.000000000000000000e+00,4.214483280677994159e-01,0.000000000000000000e+00,0.000000000000000000e+00,0.000000000000000000e+00,0.000000000000000000e+00,0.000000000000000000e+00,4.387459010109397983e-01,0.000000000000000000e+00,3.869407732980741921e-01,0.000000000000000000e+00,0.000000000000000000e+00,0.000000000000000000e+00,4.496692224543357153e-01,0.000000000000000000e+00,0.000000000000000000e+00,4.093354996663569056e-01,4.595588609286430093e-01,0.000000000000000000e+00,0.000000000000000000e+00,0.000000000000000000e+00,0.000000000000000000e+00,3.854673370795058118e-01
4.052219322031543891e-01,0.000000000000000000e+00,0.000000000000000000e+00,0.000000000000000000e+00,3.985740803797093168e-01,4.048481429811172094e-01,4.380098500039120157e-01,4.359643733542469812e-01,4.361877368391505194e-01,0.000000000000000000e+00,0.000000000000000000e+00,0.000000000000000000e+00,4.277822938899026872e-01,0.000000000000000000e+00,4.025139095498695974e-01,3.623870778746958732e-01,2.965031460275430741e-01,3.428879809313509774e-01,0.000000000000000000e+00,4.090664852088463088e-01,4.093857507202036117e-01,3.818925866663067104e-01,4.196393350649219034e-01,0.000000000000000000e+00,3.306471483658547927e-01,3.876595709951540236e-01,4.124900097619180750e-01,4.245204884393775080e-01,4.037429411613727148e-01,0.000000000000000000e+00,3.894750383645326219e-01,4.482671188445455090e-01,3.510549201350762760e-01,3.843458267399532113e-01,4.487874495484351911e-01,0.000000000000000000e+00,0.000000000000000000e+00,0.000000000000000000e+00,4.645582490494498118e-01,4.232612363831436131e-01,4.477559275423366181e-01,5.035380873575776572e-01,0.000000000000000000e+00,0.000000000000000000e+00,0.000000000000000000e+00,4.544820041692168022e-01,4.656082444793827047e-01,0.000000000000000000e+00,0.000000000000000000e+00,0.000000000000000000e+00,4.487255749778167879e-01,0.000000000000000000e+00,0.000000000000000000e+00,0.000000000000000000e+00,0.000000000000000000e+00,0.000000000000000000e+00,0.000000000000000000e+00,0.000000000000000000e+00,0.000000000000000000e+00,4.737268332699359763e-01,4.416483132408807744e-01,0.000000000000000000e+00,4.013857681183941040e-01,0.000000000000000000e+00,4.847880272663452894e-01,4.764906472278614968e-01,4.809460875220665232e-01,4.882568902117919163e-01,0.000000000000000000e+00,4.259873124400246902e-01,4.847646844761014928e-01,5.313726834000713772e-01,0.000000000000000000e+00,4.498785252332562212e-01,0.000000000000000000e+00,4.643068164997479208e-01
0.000000000000000000e+00,0.000000000000000000e+00,0.000000000000000000e+00,3.956314543032147801e-01,3.461636680540594035e-01,3.448867681390064832e-01,3.778331342784465030e-01,4.328888764706876890e-01,2.829112947951762935e-01,3.622875859056403081e-01,2.904391414320471876e-01,2.857946071760449902e-01,3.856686719278801800e-01,4.171306843782180973e-01,0.000000000000000000e+00,0.000000000000000000e+00,0.000000000000000000e+00,0.000000000000000000e+00,2.873427952767871885e-01,0.000000000000000000e+00,0.000000000000000000e+00,0.000000000000000000e+00,3.500712304355387272e-01,0.000000000000000000e+00,0.000000000000000000e+00,0.000000000000000000e+00,3.136446092664358920e-01,4.025515641464073036e-01,0.000000000000000000e+00,0.000000000000000000e+00,3.949536881083136053e-01,3.675643270893632075e-01,0.000000000000000000e+00,3.971511876107561845e-01,4.018519626963015234e-01,3.768619243266814745e-01,3.849054321587567218e-01,0.000000000000000000e+00,5.551680627135419099e-01,0.000000000000000000e+00,4.666636138476599749e-01,0.000000000000000000e+00,4.698224063930955263e-01,0.000000000000000000e+00,0.000000000000000000e+00,0.000000000000000000e+00,0.000000000000000000e+00,3.824562716232806081e-01,0.000000000000000000e+00,5.436868865453290400e-01,5.408233276708851456e-01,5.489454078171788209e-01,5.381019776046459535e-01,5.397331279243328117e-01,0.000000000000000000e+00,5.141121063421698612e-01,0.000000000000000000e+00,5.011052946733225433e-01,5.412070773026153025e-01,0.000000000000000000e+00,0.000000000000000000e+00,0.000000000000000000e+00,0.000000000000000000e+00,2.298972382326185115e-01,0.000000000000000000e+00,0.000000000000000000e+00,0.000000000000000000e+00,5.466839035408362912e-01,0.000000000000000000e+00,0.000000000000000000e+00,0.000000000000000000e+00,5.058740440744597944e-01,4.218294745421354852e-01,0.000000000000000000e+00,0.000000000000000000e+00,0.000000000000000000e+00
0.000000000000000000e+00,0.000000000000000000e+00,3.956314543032147801e-01,0.000000000000000000e+00,2.607866600301573801e-01,4.678202151904906070e-01,3.125468290355518097e-01,3.392028421608075939e-01,3.781598061356141738e-01,0.000000000000000000e+00,3.525457990568606204e-01,0.000000000000000000e+00,2.824467952347068933e-01,2.330269464001011870e-01,0.000000000000000000e+00,0.000000000000000000e+00,0.000000000000000000e+00,0.000000000000000000e+00,3.905831087858337991e-01,0.000000000000000000e+00,0.000000000000000000e+00,0.000000000000000000e+00,4.203974025127196201e-01,0.000000000000000000e+00,0.000000000000000000e+00,0.000000000000000000e+00,4.736505295621624145e-01,2.579238183039200827e-01,0.000000000000000000e+00,0.000000000000000000e+00,3.319298842998316124e-01,2.997376055453793153e-01,0.000000000000000000e+00,2.608960660567286038e-01,2.615952742465217917e-01,1.834221093216436005e-01,1.940939342959107083e-01,0.000000000000000000e+00,0.000000000000000000e+00,0.000000000000000000e+00,0.000000000000000000e+00,0.000000000000000000e+00,0.000000000000000000e+00,0.000000000000000000e+00,0.000000000000000000e+00,0.000000000000000000e+00,0.000000000000000000e+00,0.000000000000000000e+00,0.000000000000000000e+00,0.000000000000000000e+00,0.000000000000000000e+00,0.000000000000000000e+00,0.000000000000000000e+00,0.000000000000000000e+00,0.000000000000000000e+00,0.000000000000000000e+00,0.000000000000000000e+00,0.000000000000000000e+00,0.000000000000000000e+00,0.000000000000000000e+00,0.000000000000000000e+00,0.000000000000000000e+00,0.000000000000000000e+00,0.000000000000000000e+00,0.000000000000000000e+00,0.000000000000000000e+00,0.000000000000000000e+00,0.000000000000000000e+00,0.000000000000000000e+00,0.000000000000000000e+00,0.000000000000000000e+00,0.000000000000000000e+00,0.000000000000000000e+00,0.000000000000000000e+00,0.000000000000000000e+00,0.000000000000000000e+00
0.000000000000000000e+00,3.985740803797093168e-01,3.461636680540594035e-01,2.607866600301573801e-01,0.000000000000000000e+00,3.909573567692257168e-01,3.533926736668924207e-01,4.160652052083271268e-01,3.425327343995909768e-01,3.918032933860285949e-01,3.321509714337583796e-01,4.067230947677821784e-01,3.797324049417579173e-01,2.568168993175958814e-01,0.000000000000000000e+00,4.219627650521419748e-01,0.000000000000000000e+00,0.000000000000000000e+00,3.534597728786169069e-01,4.288737761360171263e-01,0.000000000000000000e+00,4.296903423853825066e-01,3.914038136943910895e-01,0.000000000000000000e+00,4.067211557495368779e-01,3.979832047164154063e-01,3.895825881015076986e-01,3.822736147692081254e-01,4.253444493607406729e-01,0.000000000000000000e+00,4.197406906188069775e-01,3.793410179574536190e-01,0.000000000000000000e+00,4.141421246215200025e-01,4.100944583511705877e-01,2.024969797829770102e-01,3.108371845446241122e-01,0.000000000000000000e+00,4.309813464986094744e-01,0.000000000000000000e+00,0.000000000000000000e+00,0.000000000000000000e+00,3.884876750697178749e-01,0.000000000000000000e+00,0.000000000000000000e+00,0.000000000000000000e+00,0.000000000000000000e+00,5.480669599158622951e-01,0.000000000000000000e+00,3.871192755277448883e-01,4.898141828285003108e-01,0.000000000000000000e+00,5.414000931820853735e-01,5.568858727032515166e-01,0.000000000000000000e+00,0.000000000000000000e+00,0.000000000000000000e+00,0.000000000000000000e+00,0.000000000000000000e+00,0.000000000000000000e+00,0.000000000000000000e+00,0.000000000000000000e+00,0.000000000000000000e+00,0.000000000000000000e+00,0.000000000000000000e+00,0.000000000000000000e+00,0.000000000000000000e+00,5.052563260871207884e-01,0.000000000000000000e+00,0.000000000000000000e+00,0.000000000000000000e+00,5.471664139910056290e-01,0.000000000000000000e+00,0.000000000000000000e+00,0.000000000000000000e+00,0.000000000000000000e+00
3.179096412795104909e-01,4.048481429811172094e-01,3.448867681390064832e-01,4.678202151904906070e-01,3.909573567692257168e-01,0.000000000000000000e+00,4.002339870890642137e-01,4.216637987115602892e-01,3.319599882970832860e-01,4.500980462990845088e-01,3.567660806238042159e-01,3.429249586628583812e-01,3.588703151844360728e-01,4.339457132312358745e-01,4.118548184738213824e-01,3.977189748569925909e-01,2.454483786767706066e-01,3.464093411891239760e-01,3.370179438195017863e-01,3.853874619785119804e-01,4.070769809689194774e-01,4.034454139001740769e-01,3.958465085590069932e-01,0.000000000000000000e+00,3.748580175818487237e-01,3.960264069646510232e-01,3.539666327432406945e-01,3.506098351408152847e-01,3.158310195617896055e-01,4.116408360300963243e-01,4.108945009069919774e-01,4.329437307179110905e-01,3.703890466131491976e-01,4.247649841441403784e-01,4.467215988461303855e-01,4.023692685764306831e-01,4.322653815855539983e-01,0.000000000000000000e+00,4.846103465278108757e-01,0.000000000000000000e+00,5.011066047566524739e-01,0.000000000000000000e+00,4.306109002293930232e-01,0.000000000000000000e+00,0.000000000000000000e+00,0.000000000000000000e+00,3.316954433770771260e-01,5.427831064142798478e-01,0.000000000000000000e+00,4.856296980570636856e-01,5.071585442613575356e-01,4.918007740424774066e-01,5.082990161372473725e-01,5.167005875698251760e-01,0.000000000000000000e+00,4.656881257225423121e-01,0.000000000000000000e+00,4.534289410659118058e-01,0.000000000000000000e+00,5.125859265933530029e-01,0.000000000000000000e+00,0.000000000000000000e+00,0.000000000000000000e+00,5.747897970471714801e-01,5.478314326149724689e-01,4.139937441999320122e-01,4.945032202845998093e-01,5.161958561245978405e-01,0.000000000000000000e+00,0.000000000000000000e+00,4.179104262092933064e-01,5.069687600367405178e-01,5.027406853136415776e-01,4.699256976551648979e-01,0.000000000000000000e+00,5.161143793434055382e-01
0.000000000000000000e+00,4.380098500039120157e-01,3.778331342784465030e-01,3.125468290355518097e-01,3.533926736668924207e-01,4.002339870890642137e-01,0.000000000000000000e+00,4.470624171045565198e-01,3.760918575794635066e-01,4.152995190303607198e-01,3.958534836644196919e-01,4.178706661398942090e-01,3.339767671807853944e-01,3.210161059470925116e-01,0.000000000000000000e+00,4.039427361484230206e-01,4.199190738144710222e-01,3.761821633980765855e-01,3.866010259640400015e-01,4.115664684090089009e-01,0.000000000000000000e+00,4.340401263582150948e-01,4.154479164971929261e-01,4.504168120608997850e-01,3.947151533889222130e-01,4.328095680035224935e-01,4.172918887135407262e-01,3.614811471675021259e-01,4.099033082523332872e-01,0.000000000000000000e+00,3.929764303238845180e-01,3.920281354369585247e-01,0.000000000000000000e+00,4.081022201740692745e-01,4.057174772494102077e-01,2.901500146942447844e-01,3.388622995965073215e-01,3.798272453565185724e-01,4.082203623970507844e-01,0.000000000000000000e+00,3.869067133519223933e-01,0.000000000000000000e+00,3.494795689679424111e-01,0.000000000000000000e+00,0.000000000000000000e+00,0.000000000000000000e+00,0.000000000000000000e+00,4.258843130985471848e-01,0.000000000000000000e+00,0.000000000000000000e+00,4.807859778606263235e-01,0.000000000000000000e+00,4.121579503282797874e-01,4.389872595219381224e-01,0.000000000000000000e+00,0.000000000000000000e+00,0.000000000000000000e+00,0.000000000000000000e+00,0.000000000000000000e+00,0.000000000000000000e+00,0.000000000000000000e+00,0.000000000000000000e+00,0.000000000000000000e+00,0.000000000000000000e+00,0.000000000000000000e+00,0.000000000000000000e+00,0.000000000000000000e+00,5.030583028130634071e-01,0.000000000000000000e+00,0.000000000000000000e+00,0.000000000000000000e+00,5.308192953230401745e-01,0.000000000000000000e+00,0.000000000000000000e+00,0.000000000000000000e+00,0.000000000000000000e+00
5.039856774942186313e-01,4.359643733542469812e-01,4.328888764706876890e-01,3.392028421608075939e-01,4.160652052083271268e-01,4.216637987115602892e-01,4.470624171045565198e-01,0.000000000000000000e+00,4.442566882758258728e-01,0.000000000000000000e+00,3.323770783924073213e-01,0.000000000000000000e+00,4.633974110645099898e-01,3.566941455028385111e-01,4.011638874823347800e-01,4.054122713301059888e-01,0.000000000000000000e+00,4.407856371949462893e-01,4.310892891968122753e-01,3.833042596159971227e-01,4.094777649039234024e-01,4.102266406705635249e-01,3.523503686972198068e-01,4.880461581310404084e-01,4.374189906544709849e-01,4.669003902478925938e-01,4.319720212725953745e-01,4.647181588810327946e-01,4.108467286874922242e-01,4.748127083194200737e-01,4.658096823337238845e-01,4.403058268204204095e-01,4.332350812836691101e-01,4.789027739609457157e-01,4.804133348182563212e-01,2.705973889673097266e-01,4.585124156800460260e-01,0.000000000000000000e+00,4.845653987515144978e-01,0.000000000000000000e+00,5.518920365467565592e-01,0.000000000000000000e+00,4.143404966280853086e-01,0.000000000000000000e+00,0.000000000000000000e+00,0.000000000000000000e+00,0.000000000000000000e+00,5.176545924851883029e-01,0.000000000000000000e+00,4.813273763590634746e-01,4.806251754964941947e-01,4.648446606959917848e-01,4.536683930583603197e-01,5.044026504030264535e-01,0.000000000000000000e+00,4.413451180091900183e-01,0.000000000000000000e+00,4.753235215164133276e-01,4.657996774968520826e-01,5.002502652341722644e-01,0.000000000000000000e+00,0.000000000000000000e+00,0.000000000000000000e+00,4.700700988105950828e-01,4.953698406226291762e-01,0.000000000000000000e+00,0.000000000000000000e+00,4.846210842882491265e-01,0.000000000000000000e+00,0.000000000000000000e+00,0.000000000000000000e+00,5.002970426093229506e-01,4.965248860282950871e-01,5.042469110196238224e-01,0.000000000000000000e+00,5.549607578184378998e-01
0.000000000000000000e+00,4.361877368391505194e-01,2.829112947951762935e-01,3.781598061356141738e-01,3.425327343995909768e-01,3.319599882970832860e-01,3.760918575794635066e-01,4.442566882758258728e-01,0.000000000000000000e+00,4.035527960668838787e-01,3.093429580364018272e-01,3.648391775558090799e-01,3.488815188595776884e-01,4.278389042676096765e-01,0.000000000000000000e+00,3.548337428138330085e-01,0.000000000000000000e+00,0.000000000000000000e+00,2.842635111930270075e-01,4.007070756896137231e-01,0.000000000000000000e+00,3.893214905703812900e-01,3.894115534836912751e-01,3.122307136597448074e-01,3.434143598073016168e-01,3.129734189647432885e-01,3.282706979345096920e-01,4.095241538201552789e-01,3.509386280017309789e-01,4.044047756703845198e-01,4.188394349480185075e-01,3.873199464748002252e-01,0.000000000000000000e+00,4.179554250095854906e-01,3.994698299293081845e-01,3.717627456859476931e-01,3.818238104062737226e-01,3.745354695203080841e-01,5.085426489493247715e-01,0.000000000000000000e+00,3.591995435021788086e-01,0.000000000000000000e+00,4.897993374803700228e-01,0.000000000000000000e+00,0.000000000000000000e+00,0.000000000000000000e+00,0.000000000000000000e+00,5.508457707787817181e-01,0.000000000000000000e+00,4.881626579977563218e-01,5.477087075758709789e-01,4.872498207651486113e-01,5.218605572684772431e-01,5.546773408966018115e-01,0.000000000000000000e+00,4.936383302410631835e-01,0.000000000000000000e+00,4.225313439514298830e-01,5.679523847502334633e-01,0.000000000000000000e+00,0.000000000000000000e+00,0.000000000000000000e+00,0.000000000000000000e+00,5.374259649402057804e-01,0.000000000000000000e+00,0.000000000000000000e+00,0.000000000000000000e+00,5.451544240406642761e-01,0.000000000000000000e+00,0.000000000000000000e+00,0.000000000000000000e+00,5.351193437778651862e-01,3.783021847147496897e-01,0.000000000000000000e+00,0.000000000000000000e+00,0.000000000000000000e+00
3.499844550699158230e-01,0.000000000000000000e+00,3.622875859056403081e-01,0.000000000000000000e+00,3.918032933860285949e-01,4.500980462990845088e-01,4.152995190303607198e-01,0.000000000000000000e+00,4.035527960668838787e-01,0.000000000000000000e+00,4.019921053796259858e-01,2.997785677236535218e-01,4.180376284930891750e-01,0.000000000000000000e+00,0.000000000000000000e+00,3.353691602421157159e-01,3.424656249867080171e-01,3.345680589073615208e-01,4.329056499132785119e-01,0.000000000000000000e+00,0.000000000000000000e+00,3.228054488717554960e-01,4.553068342439510197e-01,3.129241153197669933e-01,3.389836314429479081e-01,3.227205821011789877e-01,4.427635371006484188e-01,3.727224846702790750e-01,3.234286148851668874e-01,0.000000000000000000e+00,3.256463426299844865e-01,3.432361398769924743e-01,3.210427954315043797e-01,3.171611245066766060e-01,3.093042247626969776e-01,3.219989562199930266e-01,2.768631145574820263e-01,2.771007489492052778e-01,4.037517882345670883e-01,3.402046937359228806e-01,3.609564632232626913e-01,4.560898878750088148e-01,0.000000000000000000e+00,0.000000000000000000e+00,0.000000000000000000e+00,0.000000000000000000e+00,0.000000000000000000e+00,0.000000000000000000e+00,0.000000000000000000e+00,0.000000000000000000e+00,0.000000000000000000e+00,0.000000000000000000e+00,0.000000000000000000e+00,0.000000000000000000e+00,4.348496227039376771e-01,0.000000000000000000e+00,4.370177317600266731e-01,0.000000000000000000e+00,0.000000000000000000e+00,0.000000000000000000e+00,0.000000000000000000e+00,3.807359295259016840e-01,3.327893254610740925e-01,0.000000000000000000e+00,0.000000000000000000e+00,0.000000000000000000e+00,0.000000000000000000e+00,0.000000000000000000e+00,4.193389771694773227e-01,3.885856035345270909e-01,4.170157744936066058e-01,0.000000000000000000e+00,0.000000000000000000e+00,0.000000000000000000e+00,0.000000000000000000e+00,3.992075451034213240e-01
0.000000000000000000e+00,0.000000000000000000e+00,2.904391414320471876e-01,3.525457990568606204e-01,3.321509714337583796e-01,3.567660806238042159e-01,3.958534836644196919e-01,3.323770783924073213e-01,3.093429580364018272e-01,4.019921053796259858e-01,0.000000000000000000e+00,3.998512085958602080e-01,3.917525559383526756e-01,2.673292029412160931e-01,0.000000000000000000e+00,0.000000000000000000e+00,3.573627808593828892e-01,0.000000000000000000e+00,2.438875856107250994e-01,0.000000000000000000e+00,0.000000000000000000e+00,0.000000000000000000e+00,2.039911355756021949e-01,3.737939887963676044e-01,0.000000000000000000e+00,2.704445984418045179e-01,3.324953890280195057e-01,3.969531681822949243e-01,0.000000000000000000e+00,0.000000000000000000e+00,4.103160935589327818e-01,3.572774621065106793e-01,0.000000000000000000e+00,4.046886425250302843e-01,3.865924726835296976e-01,2.820940171844670274e-01,3.703880749171931108e-01,3.663830796069815765e-01,4.710758392620849055e-01,0.000000000000000000e+00,0.000000000000000000e+00,0.000000000000000000e+00,3.757457979717134799e-01,0.000000000000000000e+00,0.000000000000000000e+00,0.000000000000000000e+00,0.000000000000000000e+00,4.826675412875354731e-01,0.000000000000000000e+00,4.926448455450536112e-01,4.828295344686455159e-01,4.921059546894678838e-01,5.259621366663116415e-01,4.963276539319724234e-01,0.000000000000000000e+00,2.790339683765726830e-01,0.000000000000000000e+00,0.000000000000000000e+00,0.000000000000000000e+00,0.000000000000000000e+00,0.000000000000000000e+00,0.000000000000000000e+00,0.000000000000000000e+00,4.127301342619840163e-01,0.000000000000000000e+00,0.000000000000000000e+00,0.000000000000000000e+00,5.006799188549448942e-01,0.000000000000000000e+00,0.000000000000000000e+00,0.000000000000000000e+00,5.117376915941977966e-01,4.108691238873548035e-01,0.000000000000000000e+00,0.000000000000000000e+00,0.000000000000000000e+00
3.562017175576270844e-01,0.000000000000000000e+00,2.857946071760449902e-01,0.000000000000000000e+00,4.067230947677821784e-01,3.429249586628583812e-01,4.178706661398942090e-01,0.000000000000000000e+00,3.648391775558090799e-01,2.997785677236535218e-01,3.998512085958602080e-01,0.000000000000000000e+00,4.367934940600219917e-01,0.000000000000000000e+00,0.000000000000000000e+00,0.000000000000000000e+00,3.663532969704130227e-01,2.750989631593723228e-01,3.407858130380561068e-01,0.000000000000000000e+00,0.000000000000000000e+00,0.000000000000000000e+00,4.142328813960926004e-01,2.883234994425705189e-01,3.414030696971200873e-01,2.864743673747827124e-01,3.889087450876393959e-01,3.488970448769099231e-01,0.000000000000000000e+00,0.000000000000000000e+00,3.446438454672505758e-01,2.873187407783329150e-01,2.796056310537773926e-01,2.971894819256680198e-01,2.749369549136834179e-01,3.405473059905129163e-01,3.464571889675542860e-01,2.307706819227086092e-01,4.306340195458456255e-01,3.367463085840036174e-01,3.655363856230459119e-01,0.000000000000000000e+00,0.000000000000000000e+00,0.000000000000000000e+00,3.450087846898735044e-01,0.000000000000000000e+00,0.000000000000000000e+00,0.000000000000000000e+00,0.000000000000000000e+00,0.000000000000000000e+00,0.000000000000000000e+00,0.000000000000000000e+00,0.000000000000000000e+00,0.000000000000000000e+00,4.419901910746070195e-01,0.000000000000000000e+00,4.494224344907132851e-01,0.000000000000000000e+00,0.000000000000000000e+00,0.000000000000000000e+00,0.000000000000000000e+00,3.786931131286481178e-01,0.000000000000000000e+00,0.000000000000000000e+00,0.000000000000000000e+00,0.000000000000000000e+00,0.000000000000000000e+00,0.000000000000000000e+00,4.466477885852278007e-01,3.906749156406659207e-01,4.254252039853299028e-01,0.000000000000000000e+00,0.000000000000000000e+00,0.000000000000000000e+00,0.000000000000000000e+00,4.047567046921585199e-01
3.160453090599357751e-01,4.277822938899026872e-01,3.856686719278801800e-01,2.824467952347068933e-01,3.797324049417579173e-01,3.588703151844360728e-01,3.339767671807853944e-01,4.633974110645099898e-01,3.488815188595776884e-01,4.180376284930891750e-01,3.917525559383526756e-01,4.367934940600219917e-01,0.000000000000000000e+00,4.259042749270017802e-01,0.000000000000000000e+00,4.344769348260039132e-01,4.126508402553605848e-01,4.001988135920532819e-01,3.811157284801012235e-01,4.144894158737192913e-01,4.344342628845848098e-01,4.464790547037444934e-01,4.315087375779214085e-01,4.273744736314569193e-01,4.044885609945512162e-01,4.168375776863563198e-01,4.291513352764981803e-01,3.438610286935855909e-01,4.005664303839415186e-01,3.827834996422970204e-01,4.011423188951495078e-01,4.120943150904772811e-01,3.743537980690330169e-01,4.184583837817673069e-01,4.095269183747252129e-01,3.233774182312869061e-01,3.783043561014560741e-01,3.675262735387407886e-01,5.568541985036241648e-01,0.000000000000000000e+00,4.844897351147823272e-01,0.000000000000000000e+00,4.091506655809102888e-01,0.000000000000000000e+00,0.000000000000000000e+00,0.000000000000000000e+00,0.000000000000000000e+00,4.791215574352754025e-01,0.000000000000000000e+00,0.000000000000000000e+00,5.163294570506120618e-01,3.658163297517078028e-01,5.267370976285826734e-01,0.000000000000000000e+00,0.000000000000000000e+00,0.000000000000000000e+00,0.000000000000000000e+00,0.000000000000000000e+00,0.000000000000000000e+00,0.000000000000000000e+00,0.000000000000000000e+00,0.000000000000000000e+00,0.000000000000000000e+00,0.000000000000000000e+00,5.261831997817855155e-01,0.000000000000000000e+00,0.000000000000000000e+00,5.133444509275653100e-01,0.000000000000000000e+00,0.000000000000000000e+00,3.211624092584561829e-01,5.207806553243985448e-01,0.000000000000000000e+00,5.144989864530595813e-01,0.000000000000000000e+00,0.000000000000000000e+00
0.000000000000000000e+00,0.000000000000000000e+00,4.171306843782180973e-01,2.330269464001011870e-01,2.568168993175958814e-01,4.339457132312358745e-01,3.210161059470925116e-01,3.566941455028385111e-01,4.278389042676096765e-01,0.000000000000000000e+00,2.673292029412160931e-01,0.000000000000000000e+00,4.259042749270017802e-01,0.000000000000000000e+00,0.000000000000000000e+00,0.000000000000000000e+00,0.000000000000000000e+00,0.000000000000000000e+00,3.911192804058273853e-01,0.000000000000000000e+00,0.000000000000000000e+00,0.000000000000000000e+00,3.915683661490382828e-01,0.000000000000000000e+00,0.000000000000000000e+00,0.000000000000000000e+00,4.417705539067300902e-01,2.555232792236237227e-01,0.000000000000000000e+00,0.000000000000000000e+00,4.262455406270466152e-01,2.600639156760999882e-01,0.000000000000000000e+00,3.959905862649729102e-01,0.000000000000000000e+00,1.991275996873063947e-01,1.624351029860501006e-01,0.000000000000000000e+00,0.000000000000000000e+00,0.000000000000000000e+00,0.000000000000000000e+00,0.000000000000000000e+00,4.175582505936630273e-01,0.000000000000000000e+00,0.000000000000000000e+00,0.000000000000000000e+00,0.000000000000000000e+00,5.318351561753870138e-01,0.000000000000000000e+00,0.000000000000000000e+00,0.000000000000000000e+00,0.000000000000000000e+00,0.000000000000000000e+00,4.880545492554586029e-01,0.000000000000000000e+00,4.480676804330077090e-01,0.000000000000000000e+00,0.000000000000000000e+00,0.000000000000000000e+00,0.000000000000000000e+00,0.000000000000000000e+00,0.000000000000000000e+00,0.000000000000000000e+00,0.000000000000000000e+00,0.000000000000000000e+00,0.000000000000000000e+00,0.000000000000000000e+00,5.150230239474508087e-01,0.000000000000000000e+00,0.000000000000000000e+00,0.000000000000000000e+00,4.503769223254204812e-01,0.000000000000000000e+00,0.000000000000000000e+00,0.000000000000000000e+00,0.000000000000000000e+00
3.404943888794860207e-01,4.025139095498695974e-01,0.000000000000000000e+00,0.000000000000000000e+00,0.000000000000000000e+00,4.118548184738213824e-01,0.000000000000000000e+00,4.011638874823347800e-01,0.000000000000000000e+00,0.000000000000000000e+00,0.000000000000000000e+00,0.000000000000000000e+00,0.000000000000000000e+00,0.000000000000000000e+00,0.000000000000000000e+00,4.021668757727530075e-01,0.000000000000000000e+00,3.816420831290108229e-01,0.000000000000000000e+00,2.810890417905428929e-01,3.379594610407632982e-01,3.305094612733294746e-01,3.379387455071772850e-01,4.104216789515948149e-01,3.795148405903553956e-01,3.754223677476251075e-01,3.815501598231363922e-01,0.000000000000000000e+00,4.030182163368348780e-01,0.000000000000000000e+00,4.118850815249904818e-01,4.476997337796875809e-01,3.834333635492643833e-01,4.159341521135784259e-01,4.686130219137538133e-01,0.000000000000000000e+00,0.000000000000000000e+00,0.000000000000000000e+00,5.166090559009535177e-01,4.941077380658062124e-01,5.249961118832920937e-01,5.335672709247655243e-01,0.000000000000000000e+00,0.000000000000000000e+00,0.000000000000000000e+00,0.000000000000000000e+00,5.107909984026450800e-01,0.000000000000000000e+00,0.000000000000000000e+00,0.000000000000000000e+00,0.000000000000000000e+00,0.000000000000000000e+00,5.659617186486030072e-01,0.000000000000000000e+00,0.000000000000000000e+00,0.000000000000000000e+00,0.000000000000000000e+00,0.000000000000000000e+00,0.000000000000000000e+00,4.158320062198765932e-01,4.230724697205817120e-01,0.000000000000000000e+00,0.000000000000000000e+00,0.000000000000000000e+00,4.637718437691271123e-01,4.750167243982432175e-01,5.087876519830633049e-01,4.755848351379968753e-01,0.000000000000000000e+00,3.589947905086806057e-01,4.834674505050310933e-01,4.733824277349342746e-01,6.331006522771378542e-01,0.000000000000000000e+00,0.000000000000000000e+00,5.288301877052719036e-01
3.527505630126456238e-01,3.623870778746958732e-01,0.000000000000000000e+00,0.000000000000000000e+00,4.219627650521419748e-01,3.977189748569925909e-01,4.039427361484230206e-01,4.054122713301059888e-01,3.548337428138330085e-01,3.353691602421157159e-01,0.000000000000000000e+00,0.000000000000000000e+00,4.344769348260039132e-01,0.000000000000000000e+00,4.021668757727530075e-01,0.000000000000000000e+00,3.253764638106845242e-01,2.864373791691434135e-01,0.000000000000000000e+00,3.930126091787390918e-01,3.948773299302784090e-01,3.582290739236871913e-01,4.228469366586067868e-01,2.802083120387596216e-01,3.323387892513375852e-01,3.717934410839219828e-01,4.108889574212323814e-01,3.985296445758054196e-01,3.913017204940849036e-01,3.965116947629173105e-01,3.442220479731090133e-01,4.434627741708028204e-01,3.495552070914216269e-01,3.681159774956361264e-01,4.387247755634925972e-01,0.000000000000000000e+00,0.000000000000000000e+00,0.000000000000000000e+00,4.405581227440221181e-01,3.798708131613697248e-01,4.132722259879141880e-01,4.376745370773955091e-01,0.000000000000000000e+00,0.000000000000000000e+00,0.000000000000000000e+00,4.052618761292919869e-01,4.309068337047998187e-01,0.000000000000000000e+00,0.000000000000000000e+00,0.000000000000000000e+00,0.000000000000000000e+00,0.000000000000000000e+00,0.000000000000000000e+00,0.000000000000000000e+00,0.000000000000000000e+00,0.000000000000000000e+00,0.000000000000000000e+00,0.000000000000000000e+00,0.000000000000000000e+00,4.514633197577115897e-01,4.116919081823560145e-01,0.000000000000000000e+00,3.603383882252125803e-01,0.000000000000000000e+00,5.042324520808980637e-01,4.481378847652739972e-01,4.666452182158893902e-01,3.529827978424279200e-01,0.000000000000000000e+00,3.886513809297437172e-01,4.220769393704055239e-01,4.678476500566600138e-01,0.000000000000000000e+00,0.000000000000000000e+00,0.000000000000000000e+00,3.870458354406283163e-01
2.981557509854552146e-01,2.965031460275430741e-01,0.000000000000000000e+00,0.000000000000000000e+00,0.000000000000000000e+00,2.454483786767706066e-01,4.199190738144710222e-01,0.000000000000000000e+00,0.000000000000000000e+00,3.424656249867080171e-01,3.573627808593828892e-01,3.663532969704130227e-01,4.126508402553605848e-01,0.000000000000000000e+00,0.000000000000000000e+00,3.253764638106845242e-01,0.000000000000000000e+00,3.107520681194019807e-01,0.000000000000000000e+00,3.499834801076884827e-01,0.000000000000000000e+00,3.740093422583880001e-01,0.000000000000000000e+00,3.168742425728410250e-01,3.175003693289383255e-01,3.155510289227949072e-01,0.000000000000000000e+00,4.116076544009770743e-01,3.081523164994333097e-01,0.000000000000000000e+00,3.458222001156732728e-01,4.252291645902043227e-01,3.332401673989360269e-01,3.635596907474786255e-01,3.508673542024817738e-01,0.000000000000000000e+00,0.000000000000000000e+00,3.654184550668860831e-01,0.000000000000000000e+00,3.536792532724413185e-01,0.000000000000000000e+00,0.000000000000000000e+00,0.000000000000000000e+00,0.000000000000000000e+00,0.000000000000000000e+00,0.000000000000000000e+00,0.000000000000000000e+00,0.000000000000000000e+00,0.000000000000000000e+00,0.000000000000000000e+00,0.000000000000000000e+00,0.000000000000000000e+00,0.000000000000000000e+00,0.000000000000000000e+00,4.399591993587150252e-01,0.000000000000000000e+00,4.380527153540069163e-01,0.000000000000000000e+00,0.000000000000000000e+00,0.000000000000000000e+00,0.000000000000000000e+00,4.081508212446854911e-01,3.622136845979799791e-01,0.000000000000000000e+00,0.000000000000000000e+00,0.000000000000000000e+00,0.000000000000000000e+00,0.000000000000000000e+00,3.739830490825762910e-01,4.115342744267023178e-01,4.211699924669122796e-01,0.000000000000000000e+00,0.000000000000000000e+00,0.000000000000000000e+00,0.000000000000000000e+00,0.000000000000000000e+00
3.211379658580009733e-01,3.428879809313509774e-01,0.000000000000000000e+00,0.000000000000000000e+00,0.000000000000000000e+00,3.464093411891239760e-01,3.761821633980765855e-01,4.407856371949462893e-01,0.000000000000000000e+00,3.345680589073615208e-01,0.000000000000000000e+00,2.750989631593723228e-01,4.001988135920532819e-01,0.000000000000000000e+00,3.816420831290108229e-01,2.864373791691434135e-01,3.107520681194019807e-01,0.000000000000000000e+00,0.000000000000000000e+00,3.775069816636663078e-01,3.822033231389935781e-01,3.582739954357924139e-01,4.054059418134728920e-01,3.048021904813713046e-01,2.958923196953143764e-01,3.333969857426472005e-01,3.658762736289423723e-01,3.804509591803050816e-01,3.702523851086128026e-01,0.000000000000000000e+00,3.493667301174748774e-01,4.247542170942332773e-01,3.277394928448392752e-01,3.612131001484956139e-01,3.448416994534378999e-01,0.000000000000000000e+00,0.000000000000000000e+00,0.000000000000000000e+00,4.249545202200767924e-01,3.712863125824982236e-01,3.914173465407578267e-01,4.324194777862305217e-01,0.000000000000000000e+00,0.000000000000000000e+00,0.000000000000000000e+00,3.579853667840701137e-01,3.973858922669685212e-01,0.000000000000000000e+00,0.000000000000000000e+00,0.000000000000000000e+00,0.000000000000000000e+00,0.000000000000000000e+00,0.000000000000000000e+00,0.000000000000000000e+00,4.163997301693906916e-01,0.000000000000000000e+00,3.986889625879050936e-01,0.000000000000000000e+00,0.000000000000000000e+00,0.000000000000000000e+00,3.805684025171294782e-01,3.545161096152794067e-01,3.769328076188646071e-01,0.000000000000000000e+00,0.000000000000000000e+00,0.000000000000000000e+00,4.295084908938119894e-01,0.000000000000000000e+00,3.570944849501039853e-01,3.903672264545978154e-01,4.032839362229481139e-01,0.000000000000000000e+00,0.000000000000000000e+00,0.000000000000000000e+00,0.000000000000000000e+00,3.832008316513972890e-01
0.000000000000000000e+00,0.000000000000000000e+00,2.873427952767871885e-01,3.905831087858337991e-01,3.534597728786169069e-01,3.370179438195017863e-01,3.866010259640400015e-01,4.310892891968122753e-01,2.842635111930270075e-01,4.329056499132785119e-01,2.438875856107250994e-01,3.407858130380561068e-01,3.811157284801012235e-01,3.911192804058273853e-01,0.000000000000000000e+00,0.000000000000000000e+00,0.000000000000000000e+00,0.000000000000000000e+00,0.000000000000000000e+00,0.000000000000000000e+00,0.000000000000000000e+00,0.000000000000000000e+00,3.137819109907644122e-01,0.000000000000000000e+00,0.000000000000000000e+00,0.000000000000000000e+00,3.424554870898368075e-01,4.025448479287532799e-01,0.000000000000000000e+00,0.000000000000000000e+00,3.909582557601887220e-01,3.526697860957558883e-01,0.000000000000000000e+00,3.731829318414554009e-01,4.053058296679444839e-01,3.703932439286852785e-01,3.559458529126707793e-01,0.000000000000000000e+00,5.316469362795783749e-01,0.000000000000000000e+00,0.000000000000000000e+00,0.000000000000000000e+00,4.341788742956249059e-01,0.000000000000000000e+00,0.000000000000000000e+00,0.000000000000000000e+00,0.000000000000000000e+00,5.129710392630015825e-01,0.000000000000000000e+00,5.141980132308009432e-01,5.497933306684184007e-01,5.032893457353991851e-01,5.337909098760301729e-01,5.413272095557254415e-01,0.000000000000000000e+00,5.043656159310544451e-01,0.000000000000000000e+00,3.868729886368936777e-01,5.149058863731524882e-01,0.000000000000000000e+00,0.000000000000000000e+00,0.000000000000000000e+00,0.000000000000000000e+00,4.959562995895792081e-01,0.000000000000000000e+00,0.000000000000000000e+00,0.000000000000000000e+00,5.278961691245973586e-01,0.000000000000000000e+00,0.000000000000000000e+00,0.000000000000000000e+00,5.392674493734663788e-01,0.000000000000000000e+00,0.000000000000000000e+00,0.000000000000000000e+00,0.000000000000000000e+00
4.449270421431325007e-01,4.090664852088463088e-01,0.000000000000000000e+00,0.000000000000000000e+00,4.288737761360171263e-01,3.853874619785119804e-01,4.115664684090089009e-01,3.833042596159971227e-01,4.007070756896137231e-01,0.000000000000000000e+00,0.000000000000000000e+00,0.000000000000000000e+00,4.144894158737192913e-01,0.000000000000000000e+00,2.810890417905428929e-01,3.930126091787390918e-01,3.499834801076884827e-01,3.775069816636663078e-01,0.000000000000000000e+00,0.000000000000000000e+00,4.258782789515456746e-01,3.424059498958377801e-01,2.960307131791851121e-01,0.000000000000000000e+00,3.801228384381927783e-01,4.344914659482602137e-01,3.394820517691669037e-01,3.760771434797293145e-01,3.138571009390693223e-01,3.609653933336243736e-01,3.665172849821667911e-01,4.758411778274829196e-01,4.461935340997659205e-01,4.334014597864915275e-01,4.818228772998606191e-01,5.637409735800293920e-01,0.000000000000000000e+00,0.000000000000000000e+00,5.303654566092962375e-01,5.040319375991799689e-01,5.825679689753088253e-01,5.658666674383087125e-01,0.000000000000000000e+00,0.000000000000000000e+00,0.000000000000000000e+00,0.000000000000000000e+00,5.516043605032193708e-01,0.000000000000000000e+00,0.000000000000000000e+00,0.000000000000000000e+00,0.000000000000000000e+00,0.000000000000000000e+00,5.630856277547809929e-01,0.000000000000000000e+00,0.000000000000000000e+00,0.000000000000000000e+00,0.000000000000000000e+00,4.281705947059670225e-01,0.000000000000000000e+00,5.242222706995758319e-01,3.440635268116826739e-01,0.000000000000000000e+00,0.000000000000000000e+00,0.000000000000000000e+00,5.399791508694128384e-01,5.116866257407730600e-01,5.024520425556284753e-01,5.274295596848641576e-01,0.000000000000000000e+00,2.772683678234735272e-01,5.046003148774713676e-01,5.398912337327079758e-01,5.728355314828901257e-01,5.636671087826589099e-01,0.000000000000000000e+00,5.655999159281377420e-01
4.559903099246083724e-01,4.093857507202036117e-01,0.000000000000000000e+00,0.000000000000000000e+00,0.000000000000000000e+00,4.070769809689194774e-01,0.000000000000000000e+00,4.094777649039234024e-01,0.000000000000000000e+00,0.000000000000000000e+00,0.000000000000000000e+00,0.000000000000000000e+00,4.344342628845848098e-01,0.000000000000000000e+00,3.379594610407632982e-01,3.948773299302784090e-01,0.000000000000000000e+00,3.822033231389935781e-01,0.000000000000000000e+00,4.258782789515456746e-01,0.000000000000000000e+00,4.002691678032753164e-01,3.852517096368677230e-01,4.602884253162237149e-01,3.811100683170404180e-01,3.983852881737455220e-01,4.272918744543097169e-01,4.852012409950984817e-01,4.216089256818074116e-01,0.000000000000000000e+00,4.116458565351818755e-01,4.626925963217579096e-01,3.912444357985613852e-01,4.208642743346788784e-01,4.840775896809186851e-01,0.000000000000000000e+00,0.000000000000000000e+00,0.000000000000000000e+00,5.122663523985381273e-01,4.831736377078343914e-01,5.069292305646616592e-01,5.474136010363535032e-01,0.000000000000000000e+00,0.000000000000000000e+00,0.000000000000000000e+00,4.831376832362047069e-01,4.946668953743575958e-01,0.000000000000000000e+00,0.000000000000000000e+00,0.000000000000000000e+00,0.000000000000000000e+00,0.000000000000000000e+00,4.321212286785808265e-01,0.000000000000000000e+00,0.000000000000000000e+00,0.000000000000000000e+00,0.000000000000000000e+00,0.000000000000000000e+00,0.000000000000000000e+00,4.832578800023146770e-01,4.928544554336256045e-01,0.000000000000000000e+00,0.000000000000000000e+00,0.000000000000000000e+00,4.904361270218792757e-01,4.226859454913243219e-01,5.058862425840467969e-01,4.520936887941645055e-01,0.000000000000000000e+00,3.852277844638988813e-01,5.187868216443038971e-01,4.748439906292160062e-01,4.890119796144604125e-01,4.918152306064345058e-01,0.000000000000000000e+00,4.822241715593453271e-01
