0.000000000000000000e+00,3.398952581191668765e-01,0.000000000000000000e+00,0.000000000000000000e+00,0.000000000000000000e+00,2.639690819695675872e-01,0.000000000000000000e+00,4.642449578741850158e-01,0.000000000000000000e+00,3.252494949932820956e-01,0.000000000000000000e+00,3.696922031859163904e-01,2.537744244642253233e-01,0.000000000000000000e+00,3.357839042111175898e-01,3.356136535517005859e-01,0.000000000000000000e+00,3.328502820832324183e-01,0.000000000000000000e+00,3.871934173763039166e-01,3.608680945166402032e-01,3.570763665227886241e-01,4.337597640053960091e-01,3.467888340124578028e-01,3.398210570064497116e-01,3.245335517235087841e-01,4.193466344734891882e-01,2.607107893970139756e-01,3.130277219895120089e-01,0.000000000000000000e+00,3.262115873597832838e-01,3.740249850987206193e-01,2.782735874457297753e-01,3.005264064529479806e-01,3.745164204156036791e-01,0.000000000000000000e+00,0.000000000000000000e+00,3.942521589859772080e-01,4.000901151326978211e-01,3.482745341064961142e-01,3.940932865335116109e-01,0.000000000000000000e+00,0.000000000000000000e+00,0.000000000000000000e+00,0.000000000000000000e+00,3.143079597210728937e-01,4.076780614802376079e-01,0.000000000000000000e+00,0.000000000000000000e+00,0.000000000000000000e+00,0.000000000000000000e+00,0.000000000000000000e+00,0.000000000000000000e+00,0.000000000000000000e+00,4.433218514202432736e-01,0.000000000000000000e+00,0.000000000000000000e+00,0.000000000000000000e+00,0.000000000000000000e+00,0.000000000000000000e+00,3.893985531838902170e-01,0.000000000000000000e+00,3.609030905435284819e-01,0.000000000000000000e+00,0.000000000000000000e+00,3.303739538423752231e-01,3.979447227578348234e-01,0.000000000000000000e+00,0.000000000000000000e+00,3.854134793885568011e-01,4.040184835432779065e-01,0.000000000000000000e+00,0.000000000000000000e+00,0.000000000000000000e+00,0.000000000000000000e+00,3.761327585376034732e-01
3.398952581191668765e-01,0.000000000000000000e+00,0.000000000000000000e+00,0.000000000000000000e+00,3.569465787363013121e-01,3.787517895061496276e-01,3.487247489373855869e-01,3.881540331316362114e-01,3.071922613172181071e-01,0.000000000000000000e+00,0.000000000000000000e+00,0.000000000000000000e+00,3.916419688590773163e-01,0.000000000000000000e+00,3.760059808996141228e-01,3.478057505576009900e-01,0.000000000000000000e+00,3.511219113134477765e-01,0.000000000000000000e+00,3.875274207881788113e-01,3.433965889336947908e-01,3.479173400180531894e-01,3.879130684307661725e-01,0.000000000000000000e+00,3.434495153126588263e-01,3.650924347764896161e-01,3.908304852074743208e-01,3.919596147732956060e-01,3.893501430077683234e-01,0.000000000000000000e+00,3.180627692063254242e-01,3.689782460708149747e-01,2.872580137855755833e-01,3.228186965991228785e-01,3.969081692035899001e-01,0.000000000000000000e+00,0.000000000000000000e+00,0.000000000000000000e+00,4.155321319199600794e-01,3.949646956650060270e-01,4.089183215632725132e-01,4.266925983840185732e-01,0.000000000000000000e+00,0.000000000000000000e+00,0.000000000000000000e+00,3.866524108056738074e-01,4.208602565096971060e-01,0.000000000000000000e+00,0.000000000000000000e+00,0.000000000000000000e+00,2.617254376595071763e-01,0.000000000000000000e+00,0.000000000000000000e+00,0.000000000000000000e+00,0.000000000000000000e+00,0.000000000000000000e+00,0.000000000000000000e+00,0.000000000000000000e+00,0.000000000000000000e+00,4.137011309708715223e-01,3.952103184783303802e-01,0.000000000000000000e+00,3.624570909165584220e-01,0.000000000000000000e+00,3.579077418078511208e-01,3.849407412943460782e-01,4.143752044644226085e-01,4.171771597623322725e-01,0.000000000000000000e+00,3.912584281863309976e-01,4.094385383598175832e-01,3.381717201584287236e-01,0.000000000000000000e+00,3.242148730724085937e-01,0.000000000000000000e+00,3.747473928330706805e-01
0.000000000000000000e+00,0.000000000000000000e+00,0.000000000000000000e+00,3.324633543784943912e-01,3.581190005613131833e-01,3.600092469391926175e-01,3.823890558055165201e-01,4.566309221923290917e-01,2.852184895535769260e-01,4.058207174165410214e-01,3.123809925003018240e-01,3.047725432408364132e-01,3.798634414098617795e-01,4.009106832589374170e-01,0.000000000000000000e+00,0.000000000000000000e+00,0.000000000000000000e+00,0.000000000000000000e+00,2.574332311982840960e-01,0.000000000000000000e+00,0.000000000000000000e+00,0.000000000000000000e+00,3.547850328556714783e-01,0.000000000000000000e+00,0.000000000000000000e+00,0.000000000000000000e+00,3.177124211768058148e-01,3.845614942772386802e-01,0.000000000000000000e+00,0.000000000000000000e+00,4.106995133536305853e-01,3.711332861020185114e-01,0.000000000000000000e+00,4.126806117258760009e-01,4.312743724087976238e-01,3.982559050259105171e-01,4.048001889035359180e-01,0.000000000000000000e+00,4.154047366263647900e-01,0.000000000000000000e+00,4.218963501078082934e-01,0.000000000000000000e+00,4.566802981090617997e-01,0.000000000000000000e+00,0.000000000000000000e+00,0.000000000000000000e+00,0.000000000000000000e+00,2.878578219753653022e-01,0.000000000000000000e+00,3.609588684484579812e-01,5.173422976119950167e-01,3.393370460145236911e-01,5.304902598384544365e-01,5.154286119057609472e-01,0.000000000000000000e+00,3.544513748220742833e-01,0.000000000000000000e+00,3.923008470447683083e-01,4.787472621116494742e-01,0.000000000000000000e+00,0.000000000000000000e+00,0.000000000000000000e+00,0.000000000000000000e+00,2.654254423311244171e-01,0.000000000000000000e+00,0.000000000000000000e+00,0.000000000000000000e+00,5.273436497971549786e-01,0.000000000000000000e+00,0.000000000000000000e+00,0.000000000000000000e+00,5.202170760568282093e-01,3.398062213131194942e-01,0.000000000000000000e+00,0.000000000000000000e+00,0.000000000000000000e+00
0.000000000000000000e+00,0.000000000000000000e+00,3.324633543784943912e-01,0.000000000000000000e+00,2.474004984597303891e-01,3.634936220413159114e-01,2.977600255614584746e-01,3.357831412011461070e-01,3.817105850131047862e-01,3.527795811823635219e-01,3.190218188152225132e-01,2.811410854593375253e-01,3.348077082792795256e-01,2.744932922515033735e-01,0.000000000000000000e+00,0.000000000000000000e+00,0.000000000000000000e+00,0.000000000000000000e+00,3.770118558022628186e-01,0.000000000000000000e+00,0.000000000000000000e+00,0.000000000000000000e+00,3.439690419326150161e-01,0.000000000000000000e+00,0.000000000000000000e+00,0.000000000000000000e+00,3.819705781342871975e-01,2.600929908034299021e-01,3.774220225550867780e-01,0.000000000000000000e+00,3.332201034912777859e-01,2.973482597570157870e-01,0.000000000000000000e+00,3.144464834895712158e-01,3.023559983208177204e-01,2.116621371454114053e-01,1.926407671662566101e-01,3.421315272259797813e-01,0.000000000000000000e+00,0.000000000000000000e+00,0.000000000000000000e+00,0.000000000000000000e+00,0.000000000000000000e+00,0.000000000000000000e+00,0.000000000000000000e+00,0.000000000000000000e+00,0.000000000000000000e+00,0.000000000000000000e+00,0.000000000000000000e+00,0.000000000000000000e+00,0.000000000000000000e+00,0.000000000000000000e+00,0.000000000000000000e+00,0.000000000000000000e+00,0.000000000000000000e+00,0.000000000000000000e+00,0.000000000000000000e+00,0.000000000000000000e+00,0.000000000000000000e+00,0.000000000000000000e+00,0.000000000000000000e+00,0.000000000000000000e+00,0.000000000000000000e+00,0.000000000000000000e+00,0.000000000000000000e+00,0.000000000000000000e+00,0.000000000000000000e+00,0.000000000000000000e+00,0.000000000000000000e+00,0.000000000000000000e+00,0.000000000000000000e+00,0.000000000000000000e+00,0.000000000000000000e+00,0.000000000000000000e+00,0.000000000000000000e+00,0.000000000000000000e+00
0.000000000000000000e+00,3.569465787363013121e-01,3.581190005613131833e-01,2.474004984597303891e-01,0.000000000000000000e+00,3.376884923160983765e-01,3.117691575031463769e-01,3.490314925343234731e-01,2.982824013339577252e-01,4.435471851515310204e-01,3.156672950149198020e-01,3.807129655534691182e-01,3.440694804090445036e-01,2.911235624878065753e-01,0.000000000000000000e+00,3.312547558836623773e-01,0.000000000000000000e+00,0.000000000000000000e+00,3.413971485669001216e-01,3.817168020355474201e-01,0.000000000000000000e+00,3.753174831569415781e-01,3.521711230226887146e-01,0.000000000000000000e+00,2.920622952889351809e-01,2.746491242942913913e-01,3.528614905690581893e-01,3.525585473797113734e-01,3.820458808628918734e-01,0.000000000000000000e+00,4.037274701041926872e-01,3.365023372382132116e-01,3.227414050105484877e-01,4.021068941199131275e-01,4.017100672136131867e-01,2.358605217991547875e-01,2.433611916464054892e-01,3.859013591894334128e-01,2.951365422278945938e-01,0.000000000000000000e+00,0.000000000000000000e+00,0.000000000000000000e+00,3.565435245723215241e-01,0.000000000000000000e+00,0.000000000000000000e+00,0.000000000000000000e+00,0.000000000000000000e+00,3.296816112638326079e-01,0.000000000000000000e+00,3.245740965363502206e-01,3.416061899562424786e-01,0.000000000000000000e+00,4.911482737347852012e-01,3.157845366604178916e-01,0.000000000000000000e+00,3.923031626412680217e-01,0.000000000000000000e+00,0.000000000000000000e+00,0.000000000000000000e+00,0.000000000000000000e+00,0.000000000000000000e+00,0.000000000000000000e+00,0.000000000000000000e+00,3.554042512358953076e-01,0.000000000000000000e+00,0.000000000000000000e+00,0.000000000000000000e+00,4.410585964085639854e-01,0.000000000000000000e+00,0.000000000000000000e+00,0.000000000000000000e+00,4.058979787704066755e-01,0.000000000000000000e+00,0.000000000000000000e+00,0.000000000000000000e+00,0.000000000000000000e+00
2.639690819695675872e-01,3.787517895061496276e-01,3.600092469391926175e-01,3.634936220413159114e-01,3.376884923160983765e-01,0.000000000000000000e+00,3.656749215140688847e-01,3.904026802759836823e-01,2.955154280538719869e-01,4.367155804802437258e-01,3.362626756994714916e-01,3.642821769583645120e-01,3.782784134541847809e-01,3.792857654351597940e-01,3.634001357626837070e-01,3.740760527839214755e-01,3.182269760810261805e-01,3.761902082582140872e-01,3.221413651790502874e-01,3.798900563755959747e-01,3.539079724054369214e-01,3.838910998001954789e-01,3.472651145586220234e-01,0.000000000000000000e+00,3.579186617148890082e-01,3.752667698452095135e-01,3.513853233268001142e-01,3.700500146997764972e-01,3.397718317270345123e-01,3.909989372567941879e-01,3.933971078760818973e-01,3.779657714742948871e-01,3.528268076734544789e-01,4.068683643201980171e-01,4.204941590958590214e-01,3.987202140587272070e-01,3.962663877046390115e-01,3.843748935671915112e-01,4.712311663402000139e-01,0.000000000000000000e+00,4.847823345184085198e-01,4.509825899122911763e-01,4.469921718639440766e-01,0.000000000000000000e+00,0.000000000000000000e+00,0.000000000000000000e+00,2.786568150064965277e-01,5.104237317621892478e-01,0.000000000000000000e+00,3.619725054824133870e-01,4.742827988152594210e-01,4.334002131997289897e-01,4.496660792044410160e-01,5.184871992091883985e-01,0.000000000000000000e+00,4.326773290488120094e-01,0.000000000000000000e+00,4.396563711698873167e-01,0.000000000000000000e+00,3.692095513355854730e-01,0.000000000000000000e+00,0.000000000000000000e+00,0.000000000000000000e+00,4.904394532435316090e-01,3.804252527531982175e-01,4.125378857724192883e-01,2.621435042154677264e-01,4.820872831059146990e-01,0.000000000000000000e+00,0.000000000000000000e+00,2.903494110660431726e-01,4.783225227003587987e-01,4.491031113548785147e-01,4.432661419247878043e-01,4.259375085368843905e-01,4.915646542460355151e-01
0.000000000000000000e+00,3.487247489373855869e-01,3.823890558055165201e-01,2.977600255614584746e-01,3.117691575031463769e-01,3.656749215140688847e-01,0.000000000000000000e+00,3.884806002417536264e-01,3.390304683920649098e-01,4.175281966431261260e-01,4.084412890528903994e-01,3.668877315195573918e-01,3.138859137702554869e-01,3.311580225205765782e-01,0.000000000000000000e+00,3.381883747835914833e-01,4.218146821445259986e-01,3.191071239541886095e-01,4.159495056836933213e-01,3.798406346752163931e-01,0.000000000000000000e+00,3.907397761202121012e-01,3.794456485014056080e-01,3.859986667402829918e-01,3.254163835031841923e-01,3.175231531615014813e-01,3.757125021350020133e-01,3.509069657100428730e-01,3.985041252879080731e-01,0.000000000000000000e+00,3.827995492950141965e-01,3.861373182285188221e-01,3.433988429931207897e-01,3.703869366214587733e-01,3.943489446243972907e-01,3.100585142673830119e-01,3.179779934812729247e-01,3.788414400660131132e-01,2.964869175589466277e-01,0.000000000000000000e+00,2.819757289299463232e-01,0.000000000000000000e+00,2.959870329094342889e-01,0.000000000000000000e+00,0.000000000000000000e+00,0.000000000000000000e+00,0.000000000000000000e+00,4.061441715095899241e-01,0.000000000000000000e+00,0.000000000000000000e+00,3.469073124595080104e-01,0.000000000000000000e+00,3.843434492330056740e-01,3.525091887678376001e-01,0.000000000000000000e+00,0.000000000000000000e+00,0.000000000000000000e+00,0.000000000000000000e+00,0.000000000000000000e+00,0.000000000000000000e+00,0.000000000000000000e+00,0.000000000000000000e+00,0.000000000000000000e+00,0.000000000000000000e+00,0.000000000000000000e+00,0.000000000000000000e+00,0.000000000000000000e+00,4.469795740501438241e-01,0.000000000000000000e+00,0.000000000000000000e+00,0.000000000000000000e+00,3.736424179475389962e-01,0.000000000000000000e+00,0.000000000000000000e+00,0.000000000000000000e+00,0.000000000000000000e+00
4.642449578741850158e-01,3.881540331316362114e-01,4.566309221923290917e-01,3.357831412011461070e-01,3.490314925343234731e-01,3.904026802759836823e-01,3.884806002417536264e-01,0.000000000000000000e+00,4.565802931570254186e-01,4.281050092774599247e-01,3.395271894645343069e-01,4.109828611007380061e-01,3.935592251336962888e-01,3.749177565354390729e-01,3.814679308870987939e-01,3.821482569756379788e-01,0.000000000000000000e+00,3.988347400269047771e-01,3.997928435764208088e-01,3.590468793367057043e-01,3.617609467123925060e-01,3.619688201420875884e-01,3.598659758090300143e-01,4.773013350859626747e-01,4.080051015558934790e-01,4.390346818837326248e-01,4.008439398655332941e-01,3.971828740546632930e-01,3.780500957726358746e-01,3.676552584818704728e-01,4.239581302827559184e-01,3.556856309787809201e-01,0.000000000000000000e+00,4.300381572164790889e-01,4.352546556427785984e-01,2.858924354598382789e-01,2.511968859630280826e-01,0.000000000000000000e+00,4.495356539927612971e-01,0.000000000000000000e+00,4.938849716119552147e-01,0.000000000000000000e+00,3.703286291729488977e-01,0.000000000000000000e+00,0.000000000000000000e+00,0.000000000000000000e+00,0.000000000000000000e+00,5.148463796715727625e-01,0.000000000000000000e+00,3.765289577940931220e-01,4.291414049202855741e-01,4.634122493272899157e-01,4.260484020058526999e-01,4.992287229233007273e-01,0.000000000000000000e+00,4.399608267401441952e-01,0.000000000000000000e+00,4.380883199529164163e-01,4.029641959276981100e-01,4.232869850697490999e-01,0.000000000000000000e+00,0.000000000000000000e+00,0.000000000000000000e+00,4.743645941154789880e-01,4.129262425977288098e-01,4.403220712518015056e-01,0.000000000000000000e+00,4.658355296063704798e-01,0.000000000000000000e+00,0.000000000000000000e+00,0.000000000000000000e+00,4.762771563646769901e-01,4.476358625518513934e-01,4.387829023570936071e-01,0.000000000000000000e+00,4.628988056104528792e-01
0.000000000000000000e+00,3.071922613172181071e-01,2.852184895535769260e-01,3.817105850131047862e-01,2.982824013339577252e-01,2.955154280538719869e-01,3.390304683920649098e-01,4.565802931570254186e-01,0.000000000000000000e+00,4.528960665647295825e-01,2.930739609109491162e-01,3.959923448512960853e-01,3.418867445075163269e-01,3.686678755812847763e-01,0.000000000000000000e+00,3.178639475114534152e-01,0.000000000000000000e+00,2.917757965684508181e-01,2.527798779618001812e-01,3.505701388060559198e-01,0.000000000000000000e+00,3.413838460859806023e-01,3.717736854286097792e-01,3.909711841817214983e-01,2.918911507553836882e-01,2.569895809411422150e-01,3.195278220943167935e-01,3.951369516308760876e-01,3.515954729283479741e-01,4.056565591779827118e-01,4.303659457224862095e-01,3.969046635298562054e-01,3.378911284158315764e-01,4.336662094349599816e-01,4.306025992213656228e-01,4.029169443695154729e-01,3.974195571383586922e-01,3.998816024343200271e-01,4.953269285576509806e-01,0.000000000000000000e+00,3.494274056441606935e-01,0.000000000000000000e+00,4.712221141880609809e-01,0.000000000000000000e+00,0.000000000000000000e+00,0.000000000000000000e+00,0.000000000000000000e+00,5.415433400726733515e-01,0.000000000000000000e+00,3.750576435117953245e-01,4.982947123918194943e-01,3.585221814213875868e-01,5.203644871381588599e-01,4.454086069995605857e-01,0.000000000000000000e+00,5.076572381096678965e-01,0.000000000000000000e+00,3.911518240328821783e-01,4.744935287862138140e-01,0.000000000000000000e+00,0.000000000000000000e+00,0.000000000000000000e+00,0.000000000000000000e+00,5.016143560175521099e-01,0.000000000000000000e+00,0.000000000000000000e+00,0.000000000000000000e+00,5.286769657553066493e-01,0.000000000000000000e+00,0.000000000000000000e+00,0.000000000000000000e+00,5.245120082974044085e-01,3.330995514855875084e-01,0.000000000000000000e+00,0.000000000000000000e+00,0.000000000000000000e+00
3.252494949932820956e-01,0.000000000000000000e+00,4.058207174165410214e-01,3.527795811823635219e-01,4.435471851515310204e-01,4.367155804802437258e-01,4.175281966431261260e-01,4.281050092774599247e-01,4.528960665647295825e-01,0.000000000000000000e+00,4.583156685841601741e-01,3.005506490296321886e-01,4.324020414974685811e-01,0.000000000000000000e+00,0.000000000000000000e+00,2.677793962824168150e-01,3.239367034874103823e-01,2.975187679472440783e-01,4.573958318847102245e-01,2.640392475538845263e-01,0.000000000000000000e+00,2.655969665200230145e-01,4.193481890706551862e-01,3.212747750635577826e-01,3.304446753434082118e-01,3.156684705974376892e-01,4.444587723977784788e-01,4.197061696603319181e-01,3.473138745018423124e-01,0.000000000000000000e+00,3.566678205502266108e-01,3.753786800559106851e-01,3.264628148326805257e-01,3.438827306233354086e-01,3.397317913159493830e-01,3.437603490369764980e-01,2.752007408839189928e-01,3.071549826283785922e-01,2.401355539913611059e-01,3.519073663471726787e-01,3.885649349582612766e-01,3.110646886858999816e-01,0.000000000000000000e+00,0.000000000000000000e+00,3.789801278568177834e-01,0.000000000000000000e+00,0.000000000000000000e+00,0.000000000000000000e+00,0.000000000000000000e+00,0.000000000000000000e+00,0.000000000000000000e+00,0.000000000000000000e+00,0.000000000000000000e+00,0.000000000000000000e+00,4.413281837408323249e-01,0.000000000000000000e+00,4.519109057631248150e-01,3.865092085334623229e-01,0.000000000000000000e+00,0.000000000000000000e+00,0.000000000000000000e+00,3.884346854484099221e-01,3.435421466641339072e-01,0.000000000000000000e+00,0.000000000000000000e+00,0.000000000000000000e+00,0.000000000000000000e+00,0.000000000000000000e+00,4.093057019919080219e-01,3.922417335301873753e-01,4.320859552894584787e-01,0.000000000000000000e+00,4.408059152528737146e-01,0.000000000000000000e+00,0.000000000000000000e+00,4.168184304561231013e-01
0.000000000000000000e+00,0.000000000000000000e+00,3.123809925003018240e-01,3.190218188152225132e-01,3.156672950149198020e-01,3.362626756994714916e-01,4.084412890528903994e-01,3.395271894645343069e-01,2.930739609109491162e-01,4.583156685841601741e-01,0.000000000000000000e+00,4.186504248807039752e-01,4.215983008443784930e-01,3.219077031504691266e-01,0.000000000000000000e+00,0.000000000000000000e+00,4.002514616267994763e-01,0.000000000000000000e+00,2.552938384347441803e-01,0.000000000000000000e+00,0.000000000000000000e+00,0.000000000000000000e+00,3.507442727929733217e-01,4.143754699671179931e-01,0.000000000000000000e+00,3.490768134667507905e-01,3.636266022927769903e-01,4.259518793444329043e-01,0.000000000000000000e+00,0.000000000000000000e+00,4.575211170785893899e-01,3.736697062966862215e-01,3.986343415853808025e-01,4.539405157915721856e-01,4.306844648557170974e-01,3.101269687754303894e-01,3.533610742513734193e-01,4.356302982040454741e-01,4.111625274640686167e-01,0.000000000000000000e+00,0.000000000000000000e+00,0.000000000000000000e+00,4.129470421521678758e-01,0.000000000000000000e+00,0.000000000000000000e+00,0.000000000000000000e+00,0.000000000000000000e+00,3.647773552149244924e-01,0.000000000000000000e+00,3.709033721045728038e-01,4.540151574810308843e-01,4.079303789199352215e-01,4.237837622920562208e-01,4.599882927994060067e-01,0.000000000000000000e+00,3.220681786642132782e-01,0.000000000000000000e+00,3.971384609153529865e-01,4.294716041960026098e-01,0.000000000000000000e+00,0.000000000000000000e+00,0.000000000000000000e+00,0.000000000000000000e+00,2.859851437540016916e-01,0.000000000000000000e+00,0.000000000000000000e+00,0.000000000000000000e+00,4.770903373819546101e-01,0.000000000000000000e+00,0.000000000000000000e+00,0.000000000000000000e+00,4.820939151376127940e-01,3.973094672838736185e-01,0.000000000000000000e+00,0.000000000000000000e+00,0.000000000000000000e+00
3.696922031859163904e-01,0.000000000000000000e+00,3.047725432408364132e-01,2.811410854593375253e-01,3.807129655534691182e-01,3.642821769583645120e-01,3.668877315195573918e-01,4.109828611007380061e-01,3.959923448512960853e-01,3.005506490296321886e-01,4.186504248807039752e-01,0.000000000000000000e+00,4.507140042028344173e-01,0.000000000000000000e+00,0.000000000000000000e+00,0.000000000000000000e+00,3.593255996739478930e-01,2.670439182568288827e-01,3.339594912531692050e-01,0.000000000000000000e+00,3.947445658692504966e-01,0.000000000000000000e+00,3.673065945424688894e-01,3.041887163310637021e-01,3.511973812630865832e-01,3.094436402788962037e-01,3.302162370031607730e-01,4.058101699992541223e-01,0.000000000000000000e+00,0.000000000000000000e+00,3.628588478149750163e-01,2.605537524800217164e-01,2.812023894852118122e-01,3.030450910312362245e-01,3.226177738091797753e-01,3.041643066960670883e-01,2.850599738701207753e-01,2.388365901286083892e-01,2.771509162070919796e-01,3.094825137987082253e-01,3.553037403232160996e-01,3.174044242805961202e-01,3.092091087849980213e-01,0.000000000000000000e+00,3.316561740100639755e-01,0.000000000000000000e+00,0.000000000000000000e+00,0.000000000000000000e+00,0.000000000000000000e+00,0.000000000000000000e+00,0.000000000000000000e+00,0.000000000000000000e+00,0.000000000000000000e+00,0.000000000000000000e+00,4.441345237709590221e-01,0.000000000000000000e+00,4.517330193971781926e-01,3.252388823865057788e-01,0.000000000000000000e+00,0.000000000000000000e+00,0.000000000000000000e+00,4.051585944014869933e-01,3.712983269066050251e-01,0.000000000000000000e+00,0.000000000000000000e+00,0.000000000000000000e+00,0.000000000000000000e+00,0.000000000000000000e+00,4.261261628846986782e-01,4.032442439082410957e-01,4.352096668560808124e-01,0.000000000000000000e+00,2.993427473617404910e-01,0.000000000000000000e+00,0.000000000000000000e+00,3.786695918307452779e-01
2.537744244642253233e-01,3.916419688590773163e-01,3.798634414098617795e-01,3.348077082792795256e-01,3.440694804090445036e-01,3.782784134541847809e-01,3.138859137702554869e-01,3.935592251336962888e-01,3.418867445075163269e-01,4.324020414974685811e-01,4.215983008443784930e-01,4.507140042028344173e-01,0.000000000000000000e+00,3.754962746602182877e-01,3.737477297547190935e-01,4.082487577654795863e-01,4.428810106948161129e-01,3.838016372010755184e-01,4.203371444950452784e-01,3.911451442021693925e-01,3.612632947306270159e-01,4.057314008767259894e-01,3.784139560840826810e-01,4.546668335041232911e-01,3.880473732977685053e-01,3.868748558667243764e-01,3.805778254415573270e-01,3.330168991924705169e-01,4.034168391667500853e-01,3.498790865248905813e-01,3.774814739039751843e-01,3.875871304030616971e-01,3.796253823117721193e-01,3.880209333616818079e-01,4.080788501799388901e-01,3.458288521876902166e-01,3.555673145435562787e-01,4.054259746801401887e-01,3.331813017012216771e-01,3.353825047683107186e-01,2.831797745862493776e-01,2.808084414501690884e-01,3.729104715052917740e-01,0.000000000000000000e+00,3.627422009437832884e-01,0.000000000000000000e+00,0.000000000000000000e+00,4.255163608226161798e-01,0.000000000000000000e+00,0.000000000000000000e+00,3.645760847377689240e-01,2.887096685970733101e-01,4.062444413481695049e-01,0.000000000000000000e+00,0.000000000000000000e+00,3.839527949076276814e-01,3.365292749628883140e-01,0.000000000000000000e+00,0.000000000000000000e+00,3.082835861637188146e-01,0.000000000000000000e+00,0.000000000000000000e+00,0.000000000000000000e+00,0.000000000000000000e+00,3.096362108519198908e-01,0.000000000000000000e+00,2.701511703361880734e-01,4.682226393710989809e-01,0.000000000000000000e+00,2.654968467312894265e-01,2.841103427066217768e-01,4.548321301640084746e-01,0.000000000000000000e+00,3.843102970299098753e-01,0.000000000000000000e+00,0.000000000000000000e+00
0.000000000000000000e+00,0.000000000000000000e+00,4.009106832589374170e-01,2.744932922515033735e-01,2.911235624878065753e-01,3.792857654351597940e-01,3.311580225205765782e-01,3.749177565354390729e-01,3.686678755812847763e-01,0.000000000000000000e+00,3.219077031504691266e-01,0.000000000000000000e+00,3.754962746602182877e-01,0.000000000000000000e+00,0.000000000000000000e+00,0.000000000000000000e+00,0.000000000000000000e+00,0.000000000000000000e+00,3.580105321070680136e-01,0.000000000000000000e+00,0.000000000000000000e+00,0.000000000000000000e+00,3.868247323840587892e-01,0.000000000000000000e+00,0.000000000000000000e+00,0.000000000000000000e+00,4.232081784874425212e-01,3.005936695306052897e-01,0.000000000000000000e+00,0.000000000000000000e+00,0.000000000000000000e+00,3.005909819272977734e-01,0.000000000000000000e+00,4.112040081835258154e-01,0.000000000000000000e+00,2.462967260210615905e-01,1.938177439853389084e-01,0.000000000000000000e+00,0.000000000000000000e+00,0.000000000000000000e+00,0.000000000000000000e+00,0.000000000000000000e+00,0.000000000000000000e+00,0.000000000000000000e+00,0.000000000000000000e+00,0.000000000000000000e+00,0.000000000000000000e+00,0.000000000000000000e+00,0.000000000000000000e+00,0.000000000000000000e+00,0.000000000000000000e+00,0.000000000000000000e+00,0.000000000000000000e+00,0.000000000000000000e+00,0.000000000000000000e+00,0.000000000000000000e+00,0.000000000000000000e+00,0.000000000000000000e+00,0.000000000000000000e+00,0.000000000000000000e+00,0.000000000000000000e+00,0.000000000000000000e+00,0.000000000000000000e+00,0.000000000000000000e+00,0.000000000000000000e+00,0.000000000000000000e+00,0.000000000000000000e+00,0.000000000000000000e+00,0.000000000000000000e+00,0.000000000000000000e+00,0.000000000000000000e+00,0.000000000000000000e+00,0.000000000000000000e+00,0.000000000000000000e+00,0.000000000000000000e+00,0.000000000000000000e+00
3.357839042111175898e-01,3.760059808996141228e-01,0.000000000000000000e+00,0.000000000000000000e+00,0.000000000000000000e+00,3.634001357626837070e-01,0.000000000000000000e+00,3.814679308870987939e-01,0.000000000000000000e+00,0.000000000000000000e+00,0.000000000000000000e+00,0.000000000000000000e+00,3.737477297547190935e-01,0.000000000000000000e+00,0.000000000000000000e+00,3.562705808307036204e-01,0.000000000000000000e+00,3.408602553088169174e-01,0.000000000000000000e+00,3.378241843311913795e-01,3.596697160493939061e-01,3.452524865277358801e-01,3.422672695389554764e-01,3.836514976613242256e-01,3.441194135985453095e-01,3.179226835232222270e-01,3.552819966582840827e-01,3.572849278164368925e-01,3.747650013457903828e-01,0.000000000000000000e+00,3.798921371924086077e-01,3.925084691656415270e-01,3.654925732030200880e-01,3.978374917536148248e-01,4.436603810447771190e-01,0.000000000000000000e+00,0.000000000000000000e+00,0.000000000000000000e+00,4.530589994503170792e-01,4.435551560903391866e-01,4.487597282127621101e-01,4.836093574623533953e-01,0.000000000000000000e+00,0.000000000000000000e+00,0.000000000000000000e+00,0.000000000000000000e+00,4.265611401807639091e-01,0.000000000000000000e+00,0.000000000000000000e+00,0.000000000000000000e+00,3.785161113968544266e-01,0.000000000000000000e+00,0.000000000000000000e+00,0.000000000000000000e+00,0.000000000000000000e+00,0.000000000000000000e+00,0.000000000000000000e+00,3.620642185783969902e-01,0.000000000000000000e+00,4.833490187224007140e-01,3.380527194908389821e-01,0.000000000000000000e+00,0.000000000000000000e+00,0.000000000000000000e+00,4.416601309702353761e-01,4.341924441983354144e-01,4.528526901651788172e-01,4.509649254774895089e-01,0.000000000000000000e+00,3.095632768523571832e-01,4.282383702404989889e-01,4.426835323102458197e-01,4.260038293039021262e-01,4.302570946856271727e-01,0.000000000000000000e+00,4.263808009880640237e-01
3.356136535517005859e-01,3.478057505576009900e-01,0.000000000000000000e+00,0.000000000000000000e+00,3.312547558836623773e-01,3.740760527839214755e-01,3.381883747835914833e-01,3.821482569756379788e-01,3.178639475114534152e-01,2.677793962824168150e-01,0.000000000000000000e+00,0.000000000000000000e+00,4.082487577654795863e-01,0.000000000000000000e+00,3.562705808307036204e-01,0.000000000000000000e+00,3.428269666237532265e-01,3.403282152046639975e-01,0.000000000000000000e+00,3.755135411634382137e-01,3.535245273031453750e-01,3.403358908714458897e-01,3.786849288037528738e-01,3.034113691323904738e-01,3.273195153756162101e-01,3.416750697154877781e-01,3.744556359362378184e-01,3.628213523467834212e-01,3.889811605951712936e-01,3.451514041965842994e-01,3.138237221274696176e-01,3.890845833656566000e-01,3.199925075635988159e-01,3.257325536797878729e-01,3.957555594769491814e-01,0.000000000000000000e+00,0.000000000000000000e+00,0.000000000000000000e+00,4.071038658694123846e-01,3.741254614062530792e-01,3.814269915922890997e-01,4.140219041735300753e-01,0.000000000000000000e+00,0.000000000000000000e+00,0.000000000000000000e+00,3.927244754902031176e-01,3.952564182100253842e-01,0.000000000000000000e+00,0.000000000000000000e+00,0.000000000000000000e+00,0.000000000000000000e+00,0.000000000000000000e+00,0.000000000000000000e+00,0.000000000000000000e+00,0.000000000000000000e+00,0.000000000000000000e+00,0.000000000000000000e+00,0.000000000000000000e+00,0.000000000000000000e+00,4.010753469546728955e-01,3.837010876502781054e-01,0.000000000000000000e+00,3.576417050334024239e-01,0.000000000000000000e+00,3.277604801308832139e-01,0.000000000000000000e+00,3.790390875910160107e-01,0.000000000000000000e+00,0.000000000000000000e+00,3.894371198699009273e-01,3.996379441413838163e-01,3.230199778105223851e-01,0.000000000000000000e+00,2.968245147731776168e-01,0.000000000000000000e+00,3.547537063351399178e-01
0.000000000000000000e+00,0.000000000000000000e+00,0.000000000000000000e+00,0.000000000000000000e+00,0.000000000000000000e+00,3.182269760810261805e-01,4.218146821445259986e-01,0.000000000000000000e+00,0.000000000000000000e+00,3.239367034874103823e-01,4.002514616267994763e-01,3.593255996739478930e-01,4.428810106948161129e-01,0.000000000000000000e+00,0.000000000000000000e+00,3.428269666237532265e-01,0.000000000000000000e+00,3.036051269980393763e-01,0.000000000000000000e+00,3.006467989200308222e-01,0.000000000000000000e+00,3.094043767286753788e-01,0.000000000000000000e+00,3.625390207724403235e-01,3.276066747690614123e-01,3.388915828812604225e-01,0.000000000000000000e+00,4.281038805152895255e-01,3.022585022833003121e-01,0.000000000000000000e+00,3.540108942902404077e-01,3.763300413122797061e-01,3.025291561154461739e-01,3.599404583452596729e-01,3.575139241101085164e-01,0.000000000000000000e+00,0.000000000000000000e+00,3.441908668666909810e-01,0.000000000000000000e+00,3.724136663677293790e-01,0.000000000000000000e+00,0.000000000000000000e+00,0.000000000000000000e+00,0.000000000000000000e+00,0.000000000000000000e+00,0.000000000000000000e+00,0.000000000000000000e+00,0.000000000000000000e+00,0.000000000000000000e+00,0.000000000000000000e+00,0.000000000000000000e+00,0.000000000000000000e+00,0.000000000000000000e+00,0.000000000000000000e+00,4.439308387983739723e-01,0.000000000000000000e+00,4.404762566373028876e-01,0.000000000000000000e+00,0.000000000000000000e+00,0.000000000000000000e+00,0.000000000000000000e+00,3.671709564357040767e-01,3.354813531608690225e-01,0.000000000000000000e+00,0.000000000000000000e+00,0.000000000000000000e+00,0.000000000000000000e+00,0.000000000000000000e+00,4.089158107549017984e-01,4.011497876327803080e-01,4.296725604652983921e-01,0.000000000000000000e+00,0.000000000000000000e+00,0.000000000000000000e+00,0.000000000000000000e+00,0.000000000000000000e+00
3.328502820832324183e-01,3.511219113134477765e-01,0.000000000000000000e+00,0.000000000000000000e+00,0.000000000000000000e+00,3.761902082582140872e-01,3.191071239541886095e-01,3.988347400269047771e-01,2.917757965684508181e-01,2.975187679472440783e-01,0.000000000000000000e+00,2.670439182568288827e-01,3.838016372010755184e-01,0.000000000000000000e+00,3.408602553088169174e-01,3.403282152046639975e-01,3.036051269980393763e-01,0.000000000000000000e+00,0.000000000000000000e+00,3.706914751076837988e-01,3.402712966295798891e-01,3.579990220713322180e-01,3.640522011652514989e-01,3.307141158025386218e-01,3.147481851644928774e-01,3.275029507610661139e-01,3.668064959588064888e-01,3.676896793723020140e-01,3.913891104104498808e-01,2.934441518918110003e-01,3.333348746242545957e-01,3.348111367359624113e-01,2.768191563519016851e-01,3.399369355689990102e-01,3.448251873086817798e-01,0.000000000000000000e+00,0.000000000000000000e+00,0.000000000000000000e+00,3.924768040033261851e-01,3.741584646690003790e-01,3.961692706265693142e-01,3.805500666639686225e-01,0.000000000000000000e+00,0.000000000000000000e+00,0.000000000000000000e+00,3.903630278894916206e-01,3.886420828517527237e-01,0.000000000000000000e+00,0.000000000000000000e+00,0.000000000000000000e+00,0.000000000000000000e+00,0.000000000000000000e+00,0.000000000000000000e+00,0.000000000000000000e+00,4.116941804791092729e-01,0.000000000000000000e+00,3.974384368947190826e-01,0.000000000000000000e+00,0.000000000000000000e+00,0.000000000000000000e+00,3.829888086869989161e-01,3.685295569579776220e-01,3.749074353157704209e-01,0.000000000000000000e+00,0.000000000000000000e+00,0.000000000000000000e+00,3.364519089074282099e-01,0.000000000000000000e+00,3.719316697440226971e-01,3.880161897088723055e-01,4.150869891710565196e-01,0.000000000000000000e+00,0.000000000000000000e+00,0.000000000000000000e+00,0.000000000000000000e+00,3.818096468194180915e-01
0.000000000000000000e+00,0.000000000000000000e+00,2.574332311982840960e-01,3.770118558022628186e-01,3.413971485669001216e-01,3.221413651790502874e-01,4.159495056836933213e-01,3.997928435764208088e-01,2.527798779618001812e-01,4.573958318847102245e-01,2.552938384347441803e-01,3.339594912531692050e-01,4.203371444950452784e-01,3.580105321070680136e-01,0.000000000000000000e+00,0.000000000000000000e+00,0.000000000000000000e+00,0.000000000000000000e+00,0.000000000000000000e+00,0.000000000000000000e+00,0.000000000000000000e+00,0.000000000000000000e+00,3.072418428359032783e-01,0.000000000000000000e+00,0.000000000000000000e+00,0.000000000000000000e+00,3.659237637552744116e-01,4.244030174501994268e-01,0.000000000000000000e+00,0.000000000000000000e+00,4.319845524698096018e-01,3.906032061094871222e-01,0.000000000000000000e+00,4.356374426836195912e-01,4.218592969325752895e-01,3.793002979040228095e-01,3.889584838990421956e-01,3.864085255788908824e-01,4.598389626145715781e-01,0.000000000000000000e+00,0.000000000000000000e+00,0.000000000000000000e+00,4.172540690959737897e-01,0.000000000000000000e+00,0.000000000000000000e+00,0.000000000000000000e+00,0.000000000000000000e+00,3.168351368481753805e-01,0.000000000000000000e+00,3.837287575616669111e-01,4.715013915966266844e-01,4.178051681314663979e-01,5.173933107385554342e-01,5.214733982604259355e-01,0.000000000000000000e+00,4.828367089379040911e-01,0.000000000000000000e+00,3.858798619222200132e-01,4.474516230253138271e-01,0.000000000000000000e+00,0.000000000000000000e+00,0.000000000000000000e+00,0.000000000000000000e+00,4.881593067784181228e-01,0.000000000000000000e+00,0.000000000000000000e+00,0.000000000000000000e+00,5.181650390801553208e-01,0.000000000000000000e+00,0.000000000000000000e+00,0.000000000000000000e+00,5.179641053934892492e-01,0.000000000000000000e+00,0.000000000000000000e+00,0.000000000000000000e+00,0.000000000000000000e+00
3.871934173763039166e-01,3.875274207881788113e-01,0.000000000000000000e+00,0.000000000000000000e+00,3.817168020355474201e-01,3.798900563755959747e-01,3.798406346752163931e-01,3.590468793367057043e-01,3.505701388060559198e-01,2.640392475538845263e-01,0.000000000000000000e+00,0.000000000000000000e+00,3.911451442021693925e-01,0.000000000000000000e+00,3.378241843311913795e-01,3.755135411634382137e-01,3.006467989200308222e-01,3.706914751076837988e-01,0.000000000000000000e+00,0.000000000000000000e+00,3.916327103057550829e-01,3.525258185336420103e-01,3.069172227243671114e-01,0.000000000000000000e+00,3.736835295540082980e-01,3.755819098000807155e-01,3.479561577792211757e-01,2.845869030662683263e-01,3.336933012109837837e-01,2.561323248447153200e-01,3.540653728413303836e-01,3.993982155606345952e-01,3.529092295616563790e-01,3.884885387295374248e-01,4.443654419708886749e-01,0.000000000000000000e+00,0.000000000000000000e+00,0.000000000000000000e+00,4.221594408692561085e-01,3.448824960848981824e-01,4.159626986690082018e-01,4.737896517983197220e-01,4.213369849075889739e-01,0.000000000000000000e+00,0.000000000000000000e+00,0.000000000000000000e+00,3.019033076674408900e-01,0.000000000000000000e+00,0.000000000000000000e+00,0.000000000000000000e+00,3.894819483416497863e-01,0.000000000000000000e+00,0.000000000000000000e+00,0.000000000000000000e+00,0.000000000000000000e+00,0.000000000000000000e+00,0.000000000000000000e+00,3.254934945967041804e-01,0.000000000000000000e+00,4.411995746589871814e-01,2.360067653124192089e-01,0.000000000000000000e+00,0.000000000000000000e+00,0.000000000000000000e+00,4.324781013565021093e-01,4.222789291227508901e-01,4.207725367262514227e-01,4.605856698728230114e-01,0.000000000000000000e+00,2.571772704546905763e-01,4.048360662538960097e-01,4.533702389389582255e-01,4.057061633784843080e-01,3.971186446057244912e-01,0.000000000000000000e+00,4.390938131829780211e-01
3.608680945166402032e-01,3.433965889336947908e-01,0.000000000000000000e+00,0.000000000000000000e+00,0.000000000000000000e+00,3.539079724054369214e-01,0.000000000000000000e+00,3.617609467123925060e-01,0.000000000000000000e+00,0.000000000000000000e+00,0.000000000000000000e+00,3.947445658692504966e-01,3.612632947306270159e-01,0.000000000000000000e+00,3.596697160493939061e-01,3.535245273031453750e-01,0.000000000000000000e+00,3.402712966295798891e-01,0.000000000000000000e+00,3.916327103057550829e-01,0.000000000000000000e+00,3.774742656731147061e-01,3.819402150265018836e-01,4.408278043026945259e-01,3.327018674529533815e-01,3.494560298692631073e-01,3.917640084940204881e-01,4.125681638513351013e-01,3.964331919780912927e-01,0.000000000000000000e+00,3.396043927152230246e-01,3.816323681810775970e-01,3.343504588655962784e-01,3.725112691243310237e-01,4.260892317855010103e-01,0.000000000000000000e+00,0.000000000000000000e+00,0.000000000000000000e+00,4.330619367171741896e-01,3.857563101513030723e-01,4.552226603222043200e-01,5.162330596754041157e-01,0.000000000000000000e+00,0.000000000000000000e+00,0.000000000000000000e+00,3.089816772433053860e-01,4.503227706685765108e-01,0.000000000000000000e+00,0.000000000000000000e+00,0.000000000000000000e+00,4.191183840152453155e-01,0.000000000000000000e+00,4.067586905104618733e-01,0.000000000000000000e+00,0.000000000000000000e+00,0.000000000000000000e+00,0.000000000000000000e+00,3.751328462974953259e-01,0.000000000000000000e+00,4.399872263310531939e-01,4.088031506047493102e-01,0.000000000000000000e+00,0.000000000000000000e+00,0.000000000000000000e+00,4.078954404586713767e-01,3.554425161031180003e-01,4.365320416477393994e-01,4.261180480725830222e-01,0.000000000000000000e+00,3.534141858511978818e-01,4.668537947936334809e-01,4.204209588532464847e-01,3.918866037454165063e-01,4.170428849195871868e-01,0.000000000000000000e+00,4.139895006910784270e-01
