0.000000000000000000e+00,3.754006800357421736e-01,0.000000000000000000e+00,0.000000000000000000e+00,0.000000000000000000e+00,3.671831998145959064e-01,0.000000000000000000e+00,4.866092347315145172e-01,0.000000000000000000e+00,2.843680420151820099e-01,0.000000000000000000e+00,3.346529693362946811e-01,3.815075818264512808e-01,0.000000000000000000e+00,4.178528397510453130e-01,3.982282808285095843e-01,0.000000000000000000e+00,3.697587924434668216e-01,0.000000000000000000e+00,4.116199891902500019e-01,3.884889530161512172e-01,3.966365081522003067e-01,4.584688483754305044e-01,3.713257119305772846e-01,3.717544741092254079e-01,3.537518982677940182e-01,4.459872899735178864e-01,4.241048153678432797e-01,4.346148541623363060e-01,0.000000000000000000e+00,3.497755102018501039e-01,4.127830824510674845e-01,3.641705826609881735e-01,3.604121379111709933e-01,4.283693150003320960e-01,0.000000000000000000e+00,0.000000000000000000e+00,0.000000000000000000e+00,4.261585527085052783e-01,3.846308280427588877e-01,4.135383759447863739e-01,0.000000000000000000e+00,0.000000000000000000e+00,0.000000000000000000e+00,0.000000000000000000e+00,2.573264130176020070e-01,4.466981205947777034e-01,0.000000000000000000e+00,0.000000000000000000e+00,0.000000000000000000e+00,0.000000000000000000e+00,0.000000000000000000e+00,0.000000000000000000e+00,0.000000000000000000e+00,0.000000000000000000e+00,0.000000000000000000e+00,0.000000000000000000e+00,0.000000000000000000e+00,0.000000000000000000e+00,0.000000000000000000e+00,4.430816188409499867e-01,0.000000000000000000e+00,4.320147047617299840e-01,0.000000000000000000e+00,0.000000000000000000e+00,2.740917970744530252e-01,4.450149652974290104e-01,0.000000000000000000e+00,4.052942124232152277e-01,4.155164090755728012e-01,4.204633889339515762e-01,0.000000000000000000e+00,0.000000000000000000e+00,0.000000000000000000e+00,0.000000000000000000e+00,4.126079917867627733e-01
3.754006800357421736e-01,0.000000000000000000e+00,0.000000000000000000e+00,0.000000000000000000e+00,0.000000000000000000e+00,3.898880018107230838e-01,3.369603614345034748e-01,4.457821772233028779e-01,3.187609359275732079e-01,0.000000000000000000e+00,0.000000000000000000e+00,0.000000000000000000e+00,3.853417477719580098e-01,0.000000000000000000e+00,4.240974560903730817e-01,4.176118850289198825e-01,0.000000000000000000e+00,3.876292219545954820e-01,0.000000000000000000e+00,4.208278777976964258e-01,3.840486815353250094e-01,4.173928527525541110e-01,4.233547308177968982e-01,0.000000000000000000e+00,3.832277869964134109e-01,4.026138348207982109e-01,4.255605521982321893e-01,3.886262299355757177e-01,4.003035503878216161e-01,0.000000000000000000e+00,3.744195722702096107e-01,4.165477526649065121e-01,3.294324939995640911e-01,3.778258752026550926e-01,4.372461957116419162e-01,0.000000000000000000e+00,0.000000000000000000e+00,0.000000000000000000e+00,4.619232391736056154e-01,4.400667898234930098e-01,4.526043144642132865e-01,4.799162969564748082e-01,0.000000000000000000e+00,0.000000000000000000e+00,0.000000000000000000e+00,3.958254854264440792e-01,4.640403549063802924e-01,0.000000000000000000e+00,0.000000000000000000e+00,0.000000000000000000e+00,3.603045244960518811e-01,0.000000000000000000e+00,0.000000000000000000e+00,0.000000000000000000e+00,0.000000000000000000e+00,0.000000000000000000e+00,0.000000000000000000e+00,0.000000000000000000e+00,0.000000000000000000e+00,5.016981646964927544e-01,4.580328082085718955e-01,0.000000000000000000e+00,4.499818204815576039e-01,0.000000000000000000e+00,4.274807828678932053e-01,4.487088971421540062e-01,4.830219386418823091e-01,3.621057743798927198e-01,0.000000000000000000e+00,4.301720566498922205e-01,4.745187683205899787e-01,4.201372822481935221e-01,0.000000000000000000e+00,4.256372319987318797e-01,0.000000000000000000e+00,4.158513644850588831e-01
0.000000000000000000e+00,0.000000000000000000e+00,0.000000000000000000e+00,3.107843634304693903e-01,3.915058114610033835e-01,3.319854015228170252e-01,4.194034201657985128e-01,4.876240818174136793e-01,2.875211643125182848e-01,3.129345612999737125e-01,3.464351330641449178e-01,2.750300671320445867e-01,4.214305678096337271e-01,4.422675960846408905e-01,0.000000000000000000e+00,0.000000000000000000e+00,0.000000000000000000e+00,0.000000000000000000e+00,2.584834302663888139e-01,0.000000000000000000e+00,0.000000000000000000e+00,0.000000000000000000e+00,3.020957993427749178e-01,0.000000000000000000e+00,0.000000000000000000e+00,0.000000000000000000e+00,3.065254489134243143e-01,4.294212051305185129e-01,0.000000000000000000e+00,0.000000000000000000e+00,4.434271164628497131e-01,4.597630554416232140e-01,0.000000000000000000e+00,4.247749583184908251e-01,4.515765389226895077e-01,4.260494864736896758e-01,3.455758199273805120e-01,0.000000000000000000e+00,5.035540767656799810e-01,0.000000000000000000e+00,0.000000000000000000e+00,0.000000000000000000e+00,5.256249880354145754e-01,0.000000000000000000e+00,0.000000000000000000e+00,0.000000000000000000e+00,0.000000000000000000e+00,3.210442380857344014e-01,0.000000000000000000e+00,4.886379328131936761e-01,5.608155943049888403e-01,4.918353874023457806e-01,6.000150043928900168e-01,5.876836402095451106e-01,0.000000000000000000e+00,4.036596629682827064e-01,0.000000000000000000e+00,4.902944923089999074e-01,5.261770425179628230e-01,0.000000000000000000e+00,0.000000000000000000e+00,0.000000000000000000e+00,0.000000000000000000e+00,3.647160586282433004e-01,0.000000000000000000e+00,0.000000000000000000e+00,0.000000000000000000e+00,4.479093814148046859e-01,0.000000000000000000e+00,0.000000000000000000e+00,0.000000000000000000e+00,5.354508967279468790e-01,4.121791281173159960e-01,0.000000000000000000e+00,0.000000000000000000e+00,0.000000000000000000e+00
0.000000000000000000e+00,0.000000000000000000e+00,3.107843634304693903e-01,0.000000000000000000e+00,2.065020964714673057e-01,3.347231765215744059e-01,1.906892668017239889e-01,3.091310828974256908e-01,3.734141948439321790e-01,2.372893662012099947e-01,3.474123831066517898e-01,3.175317665963879876e-01,2.565289341786295974e-01,2.643051103885933895e-01,0.000000000000000000e+00,0.000000000000000000e+00,0.000000000000000000e+00,0.000000000000000000e+00,3.330541442268040164e-01,0.000000000000000000e+00,0.000000000000000000e+00,0.000000000000000000e+00,3.752097725212035773e-01,0.000000000000000000e+00,0.000000000000000000e+00,0.000000000000000000e+00,3.334662469653091876e-01,2.273354480918390874e-01,0.000000000000000000e+00,0.000000000000000000e+00,2.736166544676050250e-01,2.757642057473365105e-01,0.000000000000000000e+00,2.665284363033504911e-01,3.081493540082528848e-01,1.955069504020935933e-01,1.684537297375398035e-01,0.000000000000000000e+00,0.000000000000000000e+00,0.000000000000000000e+00,0.000000000000000000e+00,0.000000000000000000e+00,0.000000000000000000e+00,0.000000000000000000e+00,0.000000000000000000e+00,0.000000000000000000e+00,0.000000000000000000e+00,0.000000000000000000e+00,0.000000000000000000e+00,0.000000000000000000e+00,0.000000000000000000e+00,0.000000000000000000e+00,0.000000000000000000e+00,0.000000000000000000e+00,0.000000000000000000e+00,0.000000000000000000e+00,0.000000000000000000e+00,0.000000000000000000e+00,0.000000000000000000e+00,0.000000000000000000e+00,0.000000000000000000e+00,0.000000000000000000e+00,0.000000000000000000e+00,0.000000000000000000e+00,0.000000000000000000e+00,0.000000000000000000e+00,0.000000000000000000e+00,0.000000000000000000e+00,0.000000000000000000e+00,0.000000000000000000e+00,0.000000000000000000e+00,0.000000000000000000e+00,0.000000000000000000e+00,0.000000000000000000e+00,0.000000000000000000e+00,0.000000000000000000e+00
0.000000000000000000e+00,0.000000000000000000e+00,3.915058114610033835e-01,2.065020964714673057e-01,0.000000000000000000e+00,4.004153006840592277e-01,3.376014215605280255e-01,4.072542374515932262e-01,3.677714033893397794e-01,3.554714730986057170e-01,3.554507380366579983e-01,3.195678326001147873e-01,3.679173780695325080e-01,2.740766543639345243e-01,0.000000000000000000e+00,0.000000000000000000e+00,0.000000000000000000e+00,0.000000000000000000e+00,4.024805397926177197e-01,0.000000000000000000e+00,0.000000000000000000e+00,0.000000000000000000e+00,3.697887683139233217e-01,0.000000000000000000e+00,2.870298520116322250e-01,0.000000000000000000e+00,4.057731504484731744e-01,3.519340635473636736e-01,0.000000000000000000e+00,0.000000000000000000e+00,4.380294185569252874e-01,3.733254392422609147e-01,3.437995373049277936e-01,4.246833583979531257e-01,3.432848181914763819e-01,2.266907649681758896e-01,2.663791244571979133e-01,3.064429680901729069e-01,3.938904810924895861e-01,0.000000000000000000e+00,0.000000000000000000e+00,0.000000000000000000e+00,3.940273408031181868e-01,0.000000000000000000e+00,0.000000000000000000e+00,0.000000000000000000e+00,0.000000000000000000e+00,4.611562159746894207e-01,0.000000000000000000e+00,0.000000000000000000e+00,4.748015527097730892e-01,0.000000000000000000e+00,4.803553349959112095e-01,4.215641250379946192e-01,0.000000000000000000e+00,4.444080984777291077e-01,0.000000000000000000e+00,0.000000000000000000e+00,0.000000000000000000e+00,0.000000000000000000e+00,0.000000000000000000e+00,0.000000000000000000e+00,0.000000000000000000e+00,4.304069110707566259e-01,0.000000000000000000e+00,0.000000000000000000e+00,0.000000000000000000e+00,5.197732544863763460e-01,0.000000000000000000e+00,0.000000000000000000e+00,0.000000000000000000e+00,4.368266768284018164e-01,0.000000000000000000e+00,0.000000000000000000e+00,0.000000000000000000e+00,0.000000000000000000e+00
3.671831998145959064e-01,3.898880018107230838e-01,3.319854015228170252e-01,3.347231765215744059e-01,4.004153006840592277e-01,0.000000000000000000e+00,3.919154781311550151e-01,4.092531676207655233e-01,3.663506075636102088e-01,3.195119780335272108e-01,3.986708839715671915e-01,2.342807582485799955e-01,3.670646181054607049e-01,4.025958101619698248e-01,4.112663948481901088e-01,4.401414652288114238e-01,2.628317994534897228e-01,3.872087979674841973e-01,3.432112752451718096e-01,4.038473009924432033e-01,3.974404494554316103e-01,4.256832613138898935e-01,3.854052907001248029e-01,0.000000000000000000e+00,3.830675923011426787e-01,3.949895335984551226e-01,3.394081288922565220e-01,3.708439796224338170e-01,3.719835836885412861e-01,4.017101613602024890e-01,4.081803998604017214e-01,3.969986769692145923e-01,3.817903123624932227e-01,4.117833844453607228e-01,4.349911811125533045e-01,3.690895382124873003e-01,3.920184012380931171e-01,3.055681551196042789e-01,5.211514510664045918e-01,0.000000000000000000e+00,5.050313212163506371e-01,3.634208889612087767e-01,4.270504829986018769e-01,0.000000000000000000e+00,0.000000000000000000e+00,0.000000000000000000e+00,2.774414165109025943e-01,5.512892987417901125e-01,0.000000000000000000e+00,4.469293792339765758e-01,5.219999938420751828e-01,5.076019499404812452e-01,5.228082760047966238e-01,5.559891237000391673e-01,0.000000000000000000e+00,5.092512727614115775e-01,0.000000000000000000e+00,5.286759328548849002e-01,0.000000000000000000e+00,4.153395637696445930e-01,0.000000000000000000e+00,0.000000000000000000e+00,0.000000000000000000e+00,5.206823608715506202e-01,4.093901957652800183e-01,4.078934955298859077e-01,4.090668506789771897e-01,5.246408761147793864e-01,0.000000000000000000e+00,0.000000000000000000e+00,3.271556639030392954e-01,5.201091011692824395e-01,5.183646878557079951e-01,4.994700490967398099e-01,4.547437705244660733e-01,5.106682742839817601e-01
0.000000000000000000e+00,3.369603614345034748e-01,4.194034201657985128e-01,1.906892668017239889e-01,3.376014215605280255e-01,3.919154781311550151e-01,0.000000000000000000e+00,4.212797260903395902e-01,4.088526517117533898e-01,3.337231437251897970e-01,4.347033446895012254e-01,3.497254632653110096e-01,3.553685241265053252e-01,3.327840956557964192e-01,0.000000000000000000e+00,4.882613174063010764e-01,3.727360300257995251e-01,4.249557021608488250e-01,4.384418611026154045e-01,4.327416345549592869e-01,0.000000000000000000e+00,4.721621244759753866e-01,4.027064003405496084e-01,3.730835368927777895e-01,4.125248864487969791e-01,3.758172993902130776e-01,4.093771433720558850e-01,3.706905612646063108e-01,4.100179804917751247e-01,0.000000000000000000e+00,4.322532078722133853e-01,3.776512312159536755e-01,3.925782426310612250e-01,4.317387850433757057e-01,4.477408931099958189e-01,2.537860414938731823e-01,2.040542712623769073e-01,3.367034642764961117e-01,3.547751731171843170e-01,0.000000000000000000e+00,3.727097045642809858e-01,0.000000000000000000e+00,3.301246586960722151e-01,0.000000000000000000e+00,0.000000000000000000e+00,0.000000000000000000e+00,0.000000000000000000e+00,4.440119078999240076e-01,0.000000000000000000e+00,0.000000000000000000e+00,4.506156949196162276e-01,0.000000000000000000e+00,4.734606570740719222e-01,4.051514410210466099e-01,0.000000000000000000e+00,3.855854868980093109e-01,0.000000000000000000e+00,0.000000000000000000e+00,0.000000000000000000e+00,0.000000000000000000e+00,0.000000000000000000e+00,0.000000000000000000e+00,0.000000000000000000e+00,3.956767686930959260e-01,0.000000000000000000e+00,0.000000000000000000e+00,0.000000000000000000e+00,5.194067784344535976e-01,0.000000000000000000e+00,0.000000000000000000e+00,0.000000000000000000e+00,4.717222983746461873e-01,0.000000000000000000e+00,0.000000000000000000e+00,0.000000000000000000e+00,0.000000000000000000e+00
4.866092347315145172e-01,4.457821772233028779e-01,4.876240818174136793e-01,3.091310828974256908e-01,4.072542374515932262e-01,4.092531676207655233e-01,4.212797260903395902e-01,0.000000000000000000e+00,4.999795497260611787e-01,3.608006530571026271e-01,4.061595148943863975e-01,3.844966294947104180e-01,4.176927297770924863e-01,3.602373016136953265e-01,0.000000000000000000e+00,4.436616211125242182e-01,0.000000000000000000e+00,4.467920448790719812e-01,5.271468726059036491e-01,0.000000000000000000e+00,3.578224010035138125e-01,4.535617274000465771e-01,3.429911937897218155e-01,5.126907233805363395e-01,4.624948088865923901e-01,4.643678341661928166e-01,4.449475868315231897e-01,4.236590322203184211e-01,3.700436854916470120e-01,4.158657168240487145e-01,4.429986645511800880e-01,4.001456947981354983e-01,4.330169644708136145e-01,4.496441143839536858e-01,4.732435480446661735e-01,3.083257790191055725e-01,3.944316098919641855e-01,0.000000000000000000e+00,5.076868618255934162e-01,0.000000000000000000e+00,4.845533832506436767e-01,0.000000000000000000e+00,4.561312847157212857e-01,0.000000000000000000e+00,0.000000000000000000e+00,0.000000000000000000e+00,0.000000000000000000e+00,5.643244335888452090e-01,0.000000000000000000e+00,0.000000000000000000e+00,5.094434370536758960e-01,5.236538761270341791e-01,5.178673271346644347e-01,5.681517744437486472e-01,0.000000000000000000e+00,5.172223231314080349e-01,0.000000000000000000e+00,5.095141271332565003e-01,5.276243288303632539e-01,0.000000000000000000e+00,0.000000000000000000e+00,0.000000000000000000e+00,0.000000000000000000e+00,5.479934118464113713e-01,4.734402591018900264e-01,4.619222970636043812e-01,0.000000000000000000e+00,5.041080677135174604e-01,0.000000000000000000e+00,0.000000000000000000e+00,0.000000000000000000e+00,5.279967676946158983e-01,4.909582268848233233e-01,4.792039399213933182e-01,0.000000000000000000e+00,4.991765887956262082e-01
0.000000000000000000e+00,3.187609359275732079e-01,2.875211643125182848e-01,3.734141948439321790e-01,3.677714033893397794e-01,3.663506075636102088e-01,4.088526517117533898e-01,4.999795497260611787e-01,0.000000000000000000e+00,4.040522933985333798e-01,3.556206400235853993e-01,2.965031902027485122e-01,3.835699838114089988e-01,4.187412272258220769e-01,0.000000000000000000e+00,3.928231878357371087e-01,0.000000000000000000e+00,2.522846445995787223e-01,2.749258268514577774e-01,3.924130643784302097e-01,0.000000000000000000e+00,4.036842088062200240e-01,3.908581163328087027e-01,2.979046724557712911e-01,2.345632197318978929e-01,2.878827464713906159e-01,3.406445870028698142e-01,4.292596107853561826e-01,3.790877734356103979e-01,3.869077638352568793e-01,4.439815319770604174e-01,4.257001424681288726e-01,3.357355487339959144e-01,4.397851094788178261e-01,4.322001263955834172e-01,3.989580740302866024e-01,4.091774185100848227e-01,3.256664332770023984e-01,4.958658926988592786e-01,0.000000000000000000e+00,3.873881099040468734e-01,0.000000000000000000e+00,4.879926793323018930e-01,0.000000000000000000e+00,0.000000000000000000e+00,0.000000000000000000e+00,0.000000000000000000e+00,5.433326968942998603e-01,0.000000000000000000e+00,4.278311388372473822e-01,5.380126324626565149e-01,4.460278450000509931e-01,5.673408154252285174e-01,5.448027220186442143e-01,0.000000000000000000e+00,5.460001612415623651e-01,0.000000000000000000e+00,4.429949338187406105e-01,4.379300964400715812e-01,0.000000000000000000e+00,0.000000000000000000e+00,0.000000000000000000e+00,0.000000000000000000e+00,5.415552914644427007e-01,0.000000000000000000e+00,0.000000000000000000e+00,0.000000000000000000e+00,5.501286361406869663e-01,0.000000000000000000e+00,0.000000000000000000e+00,0.000000000000000000e+00,5.484285356359561714e-01,4.028426345245538220e-01,0.000000000000000000e+00,0.000000000000000000e+00,0.000000000000000000e+00
2.843680420151820099e-01,0.000000000000000000e+00,3.129345612999737125e-01,2.372893662012099947e-01,3.554714730986057170e-01,3.195119780335272108e-01,3.337231437251897970e-01,3.608006530571026271e-01,4.040522933985333798e-01,0.000000000000000000e+00,4.167483868713082185e-01,2.977468368526612896e-01,3.777298662617250002e-01,0.000000000000000000e+00,0.000000000000000000e+00,3.398314551042411202e-01,3.233263516028525020e-01,3.829367679099199839e-01,3.703860444730525114e-01,3.317454379956075172e-01,0.000000000000000000e+00,3.144144423790967147e-01,3.427495550656519119e-01,3.015618979291809221e-01,2.913734759872060875e-01,3.046527550062753109e-01,3.056011871218052844e-01,3.565964312032049999e-01,2.998179016997121749e-01,0.000000000000000000e+00,3.025157295044205163e-01,3.206459286630176098e-01,2.688890835580117766e-01,3.017319235983694781e-01,2.660187143995688119e-01,3.308034022943943109e-01,2.494940839716227876e-01,2.472408045812184985e-01,2.957582341857252772e-01,3.334537014342978112e-01,3.589439561020987823e-01,3.529803714804821135e-01,0.000000000000000000e+00,0.000000000000000000e+00,2.839547408034225895e-01,0.000000000000000000e+00,0.000000000000000000e+00,0.000000000000000000e+00,0.000000000000000000e+00,0.000000000000000000e+00,0.000000000000000000e+00,0.000000000000000000e+00,0.000000000000000000e+00,0.000000000000000000e+00,4.349870773438374028e-01,0.000000000000000000e+00,4.502284146982596935e-01,0.000000000000000000e+00,0.000000000000000000e+00,0.000000000000000000e+00,0.000000000000000000e+00,4.279295555468713985e-01,3.690581394669812942e-01,0.000000000000000000e+00,0.000000000000000000e+00,0.000000000000000000e+00,0.000000000000000000e+00,0.000000000000000000e+00,4.657541050796958904e-01,4.253730995729332887e-01,4.470820644399072785e-01,0.000000000000000000e+00,0.000000000000000000e+00,0.000000000000000000e+00,0.000000000000000000e+00,4.120375228719527771e-01
0.000000000000000000e+00,0.000000000000000000e+00,3.464351330641449178e-01,3.474123831066517898e-01,3.554507380366579983e-01,3.986708839715671915e-01,4.347033446895012254e-01,4.061595148943863975e-01,3.556206400235853993e-01,4.167483868713082185e-01,0.000000000000000000e+00,3.493187780449091839e-01,4.467538161491723114e-01,2.714698369892155072e-01,0.000000000000000000e+00,0.000000000000000000e+00,3.284451003623973242e-01,0.000000000000000000e+00,3.069843286042294173e-01,0.000000000000000000e+00,0.000000000000000000e+00,0.000000000000000000e+00,2.966441978137729918e-01,3.532521420462360062e-01,0.000000000000000000e+00,2.894096207080946170e-01,3.961524713141840737e-01,4.373402208686325010e-01,0.000000000000000000e+00,0.000000000000000000e+00,4.652161117710910121e-01,4.188480658169749238e-01,3.080833229126279105e-01,4.559643357840281741e-01,4.372878832163997198e-01,3.750833213687964074e-01,4.213746977387735071e-01,3.592483769690296147e-01,4.702967867328988194e-01,0.000000000000000000e+00,0.000000000000000000e+00,0.000000000000000000e+00,4.488620675609499844e-01,0.000000000000000000e+00,0.000000000000000000e+00,0.000000000000000000e+00,0.000000000000000000e+00,5.924893549828545991e-01,0.000000000000000000e+00,2.842152365409024162e-01,5.266318449530066337e-01,4.278491497822429768e-01,5.264891735646735071e-01,5.881926578267661077e-01,0.000000000000000000e+00,3.192052096550865858e-01,0.000000000000000000e+00,4.102271170094036745e-01,4.377538940502602172e-01,0.000000000000000000e+00,0.000000000000000000e+00,0.000000000000000000e+00,0.000000000000000000e+00,3.069769859542483270e-01,0.000000000000000000e+00,0.000000000000000000e+00,0.000000000000000000e+00,5.467410925616917883e-01,0.000000000000000000e+00,0.000000000000000000e+00,0.000000000000000000e+00,5.501458032374380025e-01,3.324670323577665898e-01,0.000000000000000000e+00,0.000000000000000000e+00,0.000000000000000000e+00
3.346529693362946811e-01,0.000000000000000000e+00,2.750300671320445867e-01,3.175317665963879876e-01,3.195678326001147873e-01,2.342807582485799955e-01,3.497254632653110096e-01,3.844966294947104180e-01,2.965031902027485122e-01,2.977468368526612896e-01,3.493187780449091839e-01,0.000000000000000000e+00,3.335369367531357265e-01,0.000000000000000000e+00,0.000000000000000000e+00,0.000000000000000000e+00,3.703861717325728220e-01,3.756282326266425775e-01,3.124104069119795213e-01,0.000000000000000000e+00,0.000000000000000000e+00,0.000000000000000000e+00,2.912463372638273151e-01,3.100250035419601091e-01,3.105009159978320277e-01,2.815931050046084905e-01,2.768776126805769788e-01,3.542932510172814853e-01,0.000000000000000000e+00,0.000000000000000000e+00,3.239897711405874126e-01,2.675819849205798850e-01,2.578849765285701756e-01,2.650862686632862730e-01,2.637216834395366138e-01,3.158271534962381888e-01,2.397893809625961103e-01,2.378599101368900071e-01,2.640949454382933159e-01,3.651199903428434812e-01,3.881390128666277195e-01,0.000000000000000000e+00,2.556072832198693079e-01,0.000000000000000000e+00,3.140683423285258180e-01,0.000000000000000000e+00,0.000000000000000000e+00,0.000000000000000000e+00,0.000000000000000000e+00,0.000000000000000000e+00,0.000000000000000000e+00,0.000000000000000000e+00,0.000000000000000000e+00,0.000000000000000000e+00,4.446539027890433760e-01,0.000000000000000000e+00,3.986147819554244909e-01,0.000000000000000000e+00,0.000000000000000000e+00,0.000000000000000000e+00,0.000000000000000000e+00,4.196767980950371069e-01,3.910212003406985937e-01,0.000000000000000000e+00,0.000000000000000000e+00,0.000000000000000000e+00,0.000000000000000000e+00,0.000000000000000000e+00,4.470552091774744885e-01,4.358245464102075140e-01,4.403494022763476123e-01,0.000000000000000000e+00,0.000000000000000000e+00,0.000000000000000000e+00,0.000000000000000000e+00,4.146881791787840887e-01
3.815075818264512808e-01,3.853417477719580098e-01,4.214305678096337271e-01,2.565289341786295974e-01,3.679173780695325080e-01,3.670646181054607049e-01,3.553685241265053252e-01,4.176927297770924863e-01,3.835699838114089988e-01,3.777298662617250002e-01,4.467538161491723114e-01,3.335369367531357265e-01,0.000000000000000000e+00,3.896134374859792082e-01,4.547304875314192030e-01,4.769392693645571057e-01,3.641906883994068811e-01,4.247114660708499745e-01,4.430618265702526148e-01,4.185880509176403974e-01,4.417314254550909203e-01,4.681039236628127820e-01,4.078452536078654989e-01,3.147141515514483845e-01,4.208773423236655264e-01,4.097904292753993261e-01,4.087401797420718852e-01,3.311574036710475122e-01,3.812024952602102723e-01,3.278003523224395921e-01,4.088524408094715845e-01,3.749184384627924915e-01,3.317179037887499904e-01,4.023769861573743833e-01,4.139160147055495065e-01,2.986311979227838087e-01,2.828364226425856831e-01,3.407183221409338936e-01,4.517526517428100963e-01,0.000000000000000000e+00,4.550647858306409166e-01,4.014616617724843239e-01,3.451221888969697171e-01,0.000000000000000000e+00,0.000000000000000000e+00,0.000000000000000000e+00,0.000000000000000000e+00,4.240279224827919746e-01,0.000000000000000000e+00,0.000000000000000000e+00,4.887152278781348169e-01,3.853891395178877244e-01,4.820331796057389928e-01,0.000000000000000000e+00,0.000000000000000000e+00,4.038159641222462959e-01,2.890672598602843091e-01,0.000000000000000000e+00,0.000000000000000000e+00,3.684071965155256145e-01,0.000000000000000000e+00,0.000000000000000000e+00,0.000000000000000000e+00,0.000000000000000000e+00,3.705194443090488177e-01,0.000000000000000000e+00,3.287435670736708060e-01,5.154366642556342804e-01,0.000000000000000000e+00,2.951805607723220759e-01,3.026341207159037872e-01,5.032726506239336706e-01,0.000000000000000000e+00,4.295657430532630050e-01,0.000000000000000000e+00,0.000000000000000000e+00
0.000000000000000000e+00,0.000000000000000000e+00,4.422675960846408905e-01,2.643051103885933895e-01,2.740766543639345243e-01,4.025958101619698248e-01,3.327840956557964192e-01,3.602373016136953265e-01,4.187412272258220769e-01,0.000000000000000000e+00,2.714698369892155072e-01,0.000000000000000000e+00,3.896134374859792082e-01,0.000000000000000000e+00,0.000000000000000000e+00,0.000000000000000000e+00,0.000000000000000000e+00,0.000000000000000000e+00,4.237539736904250010e-01,0.000000000000000000e+00,4.335306987606856732e-01,0.000000000000000000e+00,3.754512847020715083e-01,0.000000000000000000e+00,0.000000000000000000e+00,0.000000000000000000e+00,4.159969513913706063e-01,4.101642814704209994e-01,0.000000000000000000e+00,0.000000000000000000e+00,0.000000000000000000e+00,3.295585914973804820e-01,0.000000000000000000e+00,0.000000000000000000e+00,0.000000000000000000e+00,2.487357024132736960e-01,1.633315085792876042e-01,0.000000000000000000e+00,4.660390320549082088e-01,0.000000000000000000e+00,0.000000000000000000e+00,0.000000000000000000e+00,0.000000000000000000e+00,0.000000000000000000e+00,0.000000000000000000e+00,0.000000000000000000e+00,0.000000000000000000e+00,4.618482868448429146e-01,0.000000000000000000e+00,0.000000000000000000e+00,0.000000000000000000e+00,0.000000000000000000e+00,0.000000000000000000e+00,4.998213033786109150e-01,0.000000000000000000e+00,4.755730682745494819e-01,0.000000000000000000e+00,0.000000000000000000e+00,0.000000000000000000e+00,0.000000000000000000e+00,0.000000000000000000e+00,0.000000000000000000e+00,0.000000000000000000e+00,0.000000000000000000e+00,0.000000000000000000e+00,0.000000000000000000e+00,0.000000000000000000e+00,0.000000000000000000e+00,0.000000000000000000e+00,0.000000000000000000e+00,0.000000000000000000e+00,5.163613299633736942e-01,0.000000000000000000e+00,0.000000000000000000e+00,0.000000000000000000e+00,0.000000000000000000e+00
4.178528397510453130e-01,4.240974560903730817e-01,0.000000000000000000e+00,0.000000000000000000e+00,0.000000000000000000e+00,4.112663948481901088e-01,0.000000000000000000e+00,0.000000000000000000e+00,0.000000000000000000e+00,0.000000000000000000e+00,0.000000000000000000e+00,0.000000000000000000e+00,4.547304875314192030e-01,0.000000000000000000e+00,0.000000000000000000e+00,4.385202314018106229e-01,0.000000000000000000e+00,4.303321526102514838e-01,0.000000000000000000e+00,3.897037425470893934e-01,4.039887358748697754e-01,4.395240353725131111e-01,3.759270442020167247e-01,4.608963207814463781e-01,4.061853873935494241e-01,4.537035013210826140e-01,4.101736502844591792e-01,4.316488952272546920e-01,4.172570268337156829e-01,0.000000000000000000e+00,4.292923356086659203e-01,4.618613337894493798e-01,4.214737043399717775e-01,4.691080603074890831e-01,5.102629227994637251e-01,0.000000000000000000e+00,0.000000000000000000e+00,0.000000000000000000e+00,5.161043942616230229e-01,4.896626806464761117e-01,5.257676250470743051e-01,5.500789167370185861e-01,4.802845419544419792e-01,0.000000000000000000e+00,0.000000000000000000e+00,0.000000000000000000e+00,5.133042571589359060e-01,0.000000000000000000e+00,0.000000000000000000e+00,0.000000000000000000e+00,4.485725690749863825e-01,0.000000000000000000e+00,4.929795071261761086e-01,0.000000000000000000e+00,0.000000000000000000e+00,0.000000000000000000e+00,0.000000000000000000e+00,4.081657726406860975e-01,0.000000000000000000e+00,5.151501856686009351e-01,4.849561508779280938e-01,0.000000000000000000e+00,0.000000000000000000e+00,0.000000000000000000e+00,5.116540973282327487e-01,4.770774657453832890e-01,5.263822185061846071e-01,4.922844501290434271e-01,0.000000000000000000e+00,3.283874763669146768e-01,5.359685960186680864e-01,5.045365969603834433e-01,4.221264558159936731e-01,4.900365407197868062e-01,0.000000000000000000e+00,4.892137589784176788e-01
3.982282808285095843e-01,4.176118850289198825e-01,0.000000000000000000e+00,0.000000000000000000e+00,0.000000000000000000e+00,4.401414652288114238e-01,4.882613174063010764e-01,4.436616211125242182e-01,3.928231878357371087e-01,3.398314551042411202e-01,0.000000000000000000e+00,0.000000000000000000e+00,4.769392693645571057e-01,0.000000000000000000e+00,4.385202314018106229e-01,0.000000000000000000e+00,3.798322609211490231e-01,3.692086931691311857e-01,0.000000000000000000e+00,4.601597893072961742e-01,4.124164516195458208e-01,4.433718096828712096e-01,4.290858043291280732e-01,3.366505924612956946e-01,3.577562630110462938e-01,4.177323062519299190e-01,4.573992600233999228e-01,4.926356642628653137e-01,4.657387276220096850e-01,4.292003934294246759e-01,3.609905829197327942e-01,4.392497265202019996e-01,3.950609764292731252e-01,3.985431145161931199e-01,4.252052030120856974e-01,0.000000000000000000e+00,0.000000000000000000e+00,0.000000000000000000e+00,4.590843656546700902e-01,4.196482975129057214e-01,4.449313263548442809e-01,4.789788570377290777e-01,0.000000000000000000e+00,0.000000000000000000e+00,0.000000000000000000e+00,4.249405853489967022e-01,4.706759668426446219e-01,0.000000000000000000e+00,0.000000000000000000e+00,0.000000000000000000e+00,0.000000000000000000e+00,0.000000000000000000e+00,0.000000000000000000e+00,0.000000000000000000e+00,0.000000000000000000e+00,0.000000000000000000e+00,0.000000000000000000e+00,0.000000000000000000e+00,0.000000000000000000e+00,4.991713663320223038e-01,4.564980151536516817e-01,0.000000000000000000e+00,4.298452093216091896e-01,0.000000000000000000e+00,3.993516189981485831e-01,4.375955255910857211e-01,4.844434113995055857e-01,3.249172701890479797e-01,0.000000000000000000e+00,4.364697229066791806e-01,4.684839525417652251e-01,3.315068414271271080e-01,0.000000000000000000e+00,3.662172639113338013e-01,0.000000000000000000e+00,4.353339139694448190e-01
0.000000000000000000e+00,0.000000000000000000e+00,0.000000000000000000e+00,0.000000000000000000e+00,0.000000000000000000e+00,2.628317994534897228e-01,3.727360300257995251e-01,0.000000000000000000e+00,0.000000000000000000e+00,3.233263516028525020e-01,3.284451003623973242e-01,3.703861717325728220e-01,3.641906883994068811e-01,0.000000000000000000e+00,0.000000000000000000e+00,3.798322609211490231e-01,0.000000000000000000e+00,3.503145873967907775e-01,0.000000000000000000e+00,3.579564409498799948e-01,0.000000000000000000e+00,3.930083755425223258e-01,0.000000000000000000e+00,3.699075575309063724e-01,3.544703815071457154e-01,3.507858520523756130e-01,0.000000000000000000e+00,3.979273584950336895e-01,3.398773694083762065e-01,0.000000000000000000e+00,3.566655490527244066e-01,4.197654073261257168e-01,3.398011111436640141e-01,3.751488097794248855e-01,3.754241016110971829e-01,0.000000000000000000e+00,0.000000000000000000e+00,3.111981249152723228e-01,0.000000000000000000e+00,3.861747569627985155e-01,0.000000000000000000e+00,0.000000000000000000e+00,0.000000000000000000e+00,0.000000000000000000e+00,0.000000000000000000e+00,0.000000000000000000e+00,0.000000000000000000e+00,0.000000000000000000e+00,0.000000000000000000e+00,0.000000000000000000e+00,0.000000000000000000e+00,0.000000000000000000e+00,0.000000000000000000e+00,0.000000000000000000e+00,4.503065108644995207e-01,0.000000000000000000e+00,4.571050975551221862e-01,0.000000000000000000e+00,0.000000000000000000e+00,0.000000000000000000e+00,0.000000000000000000e+00,3.972512506150868150e-01,4.070433855303695059e-01,0.000000000000000000e+00,0.000000000000000000e+00,0.000000000000000000e+00,0.000000000000000000e+00,0.000000000000000000e+00,4.585618775740287756e-01,4.408703530812513871e-01,4.559833684259703146e-01,0.000000000000000000e+00,0.000000000000000000e+00,0.000000000000000000e+00,0.000000000000000000e+00,0.000000000000000000e+00
3.697587924434668216e-01,3.876292219545954820e-01,0.000000000000000000e+00,0.000000000000000000e+00,0.000000000000000000e+00,3.872087979674841973e-01,4.249557021608488250e-01,4.467920448790719812e-01,2.522846445995787223e-01,3.829367679099199839e-01,0.000000000000000000e+00,3.756282326266425775e-01,4.247114660708499745e-01,0.000000000000000000e+00,4.303321526102514838e-01,3.692086931691311857e-01,3.503145873967907775e-01,0.000000000000000000e+00,0.000000000000000000e+00,4.359938175061792154e-01,4.154797626459851845e-01,4.179730989245968864e-01,4.301160831467883972e-01,3.418714333542414163e-01,3.561537127184062901e-01,3.553519317636240071e-01,4.217539370806459020e-01,4.506323175188641783e-01,4.298516804827682836e-01,3.407469378908686841e-01,3.723979257120478836e-01,4.041351166273476903e-01,3.223706404456528896e-01,3.812898117112202834e-01,3.831774240471966797e-01,0.000000000000000000e+00,0.000000000000000000e+00,0.000000000000000000e+00,4.294910601618173174e-01,3.869150567376438143e-01,4.181540745324868746e-01,4.512221584060864266e-01,0.000000000000000000e+00,0.000000000000000000e+00,0.000000000000000000e+00,4.096849837447428255e-01,4.486720954581727150e-01,0.000000000000000000e+00,0.000000000000000000e+00,0.000000000000000000e+00,0.000000000000000000e+00,0.000000000000000000e+00,0.000000000000000000e+00,0.000000000000000000e+00,4.399706875180567911e-01,0.000000000000000000e+00,4.620453834520386049e-01,0.000000000000000000e+00,0.000000000000000000e+00,0.000000000000000000e+00,4.265106274462598934e-01,4.370856075015985276e-01,4.236709717838925138e-01,0.000000000000000000e+00,0.000000000000000000e+00,0.000000000000000000e+00,4.363107294140198267e-01,0.000000000000000000e+00,4.392848984180744987e-01,4.351754430923659989e-01,4.425853595518379757e-01,0.000000000000000000e+00,0.000000000000000000e+00,0.000000000000000000e+00,0.000000000000000000e+00,4.205193134218023210e-01
0.000000000000000000e+00,0.000000000000000000e+00,2.584834302663888139e-01,3.330541442268040164e-01,4.024805397926177197e-01,3.432112752451718096e-01,4.384418611026154045e-01,5.271468726059036491e-01,2.749258268514577774e-01,3.703860444730525114e-01,3.069843286042294173e-01,3.124104069119795213e-01,4.430618265702526148e-01,4.237539736904250010e-01,0.000000000000000000e+00,0.000000000000000000e+00,0.000000000000000000e+00,0.000000000000000000e+00,0.000000000000000000e+00,0.000000000000000000e+00,0.000000000000000000e+00,0.000000000000000000e+00,2.697316831946477977e-01,0.000000000000000000e+00,0.000000000000000000e+00,0.000000000000000000e+00,3.365923183496015159e-01,4.353904406058121124e-01,0.000000000000000000e+00,0.000000000000000000e+00,4.499976897264054143e-01,4.643477195615994813e-01,0.000000000000000000e+00,4.452211619359610073e-01,4.672899688265377827e-01,4.216132545150932942e-01,3.909323365311945242e-01,3.201744773370713837e-01,4.501353437662112822e-01,0.000000000000000000e+00,0.000000000000000000e+00,0.000000000000000000e+00,5.040443807456926884e-01,0.000000000000000000e+00,0.000000000000000000e+00,0.000000000000000000e+00,0.000000000000000000e+00,4.286633914965962133e-01,0.000000000000000000e+00,4.843051349542347728e-01,5.355760927637802649e-01,4.425712258389539189e-01,5.924436478533376960e-01,5.692986539122897316e-01,0.000000000000000000e+00,5.786515199751043337e-01,0.000000000000000000e+00,4.725603338935651099e-01,5.168679877651125576e-01,0.000000000000000000e+00,0.000000000000000000e+00,0.000000000000000000e+00,0.000000000000000000e+00,5.813474876180375617e-01,0.000000000000000000e+00,0.000000000000000000e+00,0.000000000000000000e+00,5.669481411349934774e-01,0.000000000000000000e+00,0.000000000000000000e+00,0.000000000000000000e+00,5.559695361075720488e-01,0.000000000000000000e+00,0.000000000000000000e+00,0.000000000000000000e+00,0.000000000000000000e+00
4.116199891902500019e-01,4.208278777976964258e-01,0.000000000000000000e+00,0.000000000000000000e+00,0.000000000000000000e+00,4.038473009924432033e-01,4.327416345549592869e-01,0.000000000000000000e+00,3.924130643784302097e-01,3.317454379956075172e-01,0.000000000000000000e+00,0.000000000000000000e+00,4.185880509176403974e-01,0.000000000000000000e+00,3.897037425470893934e-01,4.601597893072961742e-01,3.579564409498799948e-01,4.359938175061792154e-01,0.000000000000000000e+00,0.000000000000000000e+00,4.392732566882254219e-01,4.087691171305186111e-01,3.202994680141810768e-01,0.000000000000000000e+00,4.360411208380511883e-01,4.514863411394490211e-01,3.452034087266739881e-01,3.747329606122413170e-01,3.340374819304127163e-01,3.336074273803950052e-01,4.001207050800937859e-01,4.718652881211548022e-01,4.417431462370813855e-01,4.630741415387725213e-01,5.087223781141362311e-01,0.000000000000000000e+00,4.214945993202899865e-01,0.000000000000000000e+00,5.146033662365996353e-01,4.682028529249601112e-01,4.982607122734049043e-01,4.851180123411196754e-01,0.000000000000000000e+00,0.000000000000000000e+00,0.000000000000000000e+00,0.000000000000000000e+00,3.991776378609491749e-01,0.000000000000000000e+00,0.000000000000000000e+00,0.000000000000000000e+00,4.289498560401264760e-01,0.000000000000000000e+00,4.603427429271422788e-01,0.000000000000000000e+00,0.000000000000000000e+00,0.000000000000000000e+00,0.000000000000000000e+00,3.863392872321834148e-01,0.000000000000000000e+00,5.172636309877227667e-01,3.054477012552948012e-01,0.000000000000000000e+00,0.000000000000000000e+00,0.000000000000000000e+00,4.947970851401103931e-01,4.703551764298449234e-01,5.211143099419263125e-01,4.916047628750693788e-01,0.000000000000000000e+00,2.918977079368111904e-01,4.620718310204772195e-01,4.902923975424811065e-01,4.799463421783429218e-01,5.017832914776979569e-01,4.017535610582603778e-01,4.723188234396442087e-01
3.884889530161512172e-01,3.840486815353250094e-01,0.000000000000000000e+00,0.000000000000000000e+00,0.000000000000000000e+00,3.974404494554316103e-01,0.000000000000000000e+00,3.578224010035138125e-01,0.000000000000000000e+00,0.000000000000000000e+00,0.000000000000000000e+00,0.000000000000000000e+00,4.417314254550909203e-01,4.335306987606856732e-01,4.039887358748697754e-01,4.124164516195458208e-01,0.000000000000000000e+00,4.154797626459851845e-01,0.000000000000000000e+00,4.392732566882254219e-01,0.000000000000000000e+00,4.320574747202007848e-01,3.665819761683006273e-01,4.726683723629646061e-01,4.003358513657387929e-01,3.992271161925678991e-01,4.065076782943108924e-01,4.346571337618367892e-01,4.058304943218308258e-01,0.000000000000000000e+00,4.062446247488276097e-01,4.301393151440850993e-01,3.290825569020318087e-01,4.220721774417818817e-01,4.884595175822534219e-01,0.000000000000000000e+00,0.000000000000000000e+00,0.000000000000000000e+00,4.644936323252020216e-01,3.367625954586386250e-01,4.477232002605535111e-01,5.156280487993685213e-01,0.000000000000000000e+00,0.000000000000000000e+00,0.000000000000000000e+00,3.334450584978290166e-01,4.941562327643074237e-01,0.000000000000000000e+00,0.000000000000000000e+00,0.000000000000000000e+00,4.533990820083766971e-01,0.000000000000000000e+00,3.865455090275334848e-01,0.000000000000000000e+00,0.000000000000000000e+00,0.000000000000000000e+00,0.000000000000000000e+00,4.247366365546398903e-01,0.000000000000000000e+00,4.494572573024425144e-01,4.390682350237840037e-01,0.000000000000000000e+00,0.000000000000000000e+00,0.000000000000000000e+00,4.844323036033529872e-01,2.890934786813799118e-01,4.892700426239868783e-01,4.399567655629286755e-01,0.000000000000000000e+00,3.503328258208179835e-01,4.797277562645714255e-01,4.767263704849059036e-01,4.718009076390218826e-01,4.772522395331593725e-01,0.000000000000000000e+00,4.254629561521748871e-01
