0.000000000000000000e+00,3.550951230653504043e-01,0.000000000000000000e+00,0.000000000000000000e+00,0.000000000000000000e+00,3.133178457335977218e-01,0.000000000000000000e+00,4.781509433626467964e-01,0.000000000000000000e+00,3.641534270593085876e-01,0.000000000000000000e+00,3.813263652019279193e-01,3.150293632748742967e-01,0.000000000000000000e+00,3.857953980519157056e-01,3.527904879954735229e-01,3.159972648921187122e-01,3.688355446815929084e-01,0.000000000000000000e+00,4.416331064796754080e-01,3.817895256158093109e-01,3.721950467062111190e-01,4.240170659071271220e-01,3.623246971589544896e-01,3.616472102434957758e-01,3.440731426067771270e-01,4.261945724560711746e-01,3.614128022162920728e-01,3.842568046185884101e-01,0.000000000000000000e+00,3.582386306783290064e-01,3.713071069275131197e-01,3.261496485741253171e-01,3.199348045782057226e-01,3.354508454725710909e-01,0.000000000000000000e+00,0.000000000000000000e+00,3.165760884378286955e-01,4.412877216161520955e-01,4.199790446644898201e-01,3.922693349576392152e-01,0.000000000000000000e+00,0.000000000000000000e+00,0.000000000000000000e+00,0.000000000000000000e+00,3.789657742663198881e-01,4.367800053494700907e-01,0.000000000000000000e+00,0.000000000000000000e+00,0.000000000000000000e+00,0.000000000000000000e+00,0.000000000000000000e+00,0.000000000000000000e+00,0.000000000000000000e+00,4.115518776644231935e-01,0.000000000000000000e+00,0.000000000000000000e+00,0.000000000000000000e+00,0.000000000000000000e+00,0.000000000000000000e+00,4.338537980197256227e-01,0.000000000000000000e+00,4.244340270797882786e-01,0.000000000000000000e+00,0.000000000000000000e+00,0.000000000000000000e+00,0.000000000000000000e+00,0.000000000000000000e+00,0.000000000000000000e+00,4.357204912779292783e-01,4.432886072429987889e-01,0.000000000000000000e+00,0.000000000000000000e+00,0.000000000000000000e+00,0.000000000000000000e+00,3.821199735939683206e-01
3.550951230653504043e-01,0.000000000000000000e+00,0.000000000000000000e+00,0.000000000000000000e+00,4.015026988986036272e-01,3.956370272970164970e-01,4.622490172700255973e-01,4.235950569817538147e-01,4.346110966278092791e-01,0.000000000000000000e+00,0.000000000000000000e+00,0.000000000000000000e+00,4.277456154325882109e-01,0.000000000000000000e+00,3.936709392524572193e-01,3.574574102810169074e-01,2.938210376686384850e-01,3.711705234707344814e-01,0.000000000000000000e+00,3.950970768956454937e-01,3.535015154605997134e-01,3.589614440199279111e-01,4.032135154734307059e-01,0.000000000000000000e+00,3.630431721667132794e-01,3.525174787112124175e-01,3.953742004055472159e-01,4.036886835508486926e-01,3.885593344095427115e-01,0.000000000000000000e+00,3.129268154241027222e-01,3.455185329484198875e-01,2.888503497014471844e-01,2.939844634017255154e-01,3.658314478378084100e-01,0.000000000000000000e+00,0.000000000000000000e+00,0.000000000000000000e+00,4.325926653365770869e-01,4.063447633575326123e-01,4.152716518649168242e-01,4.699404020113628899e-01,0.000000000000000000e+00,0.000000000000000000e+00,0.000000000000000000e+00,4.164799721059539994e-01,4.386941431363339250e-01,0.000000000000000000e+00,0.000000000000000000e+00,0.000000000000000000e+00,4.099824711842381952e-01,0.000000000000000000e+00,0.000000000000000000e+00,0.000000000000000000e+00,0.000000000000000000e+00,0.000000000000000000e+00,0.000000000000000000e+00,0.000000000000000000e+00,0.000000000000000000e+00,4.530481184989921806e-01,4.251883647479113848e-01,0.000000000000000000e+00,4.327914182863221160e-01,0.000000000000000000e+00,4.713693428169076771e-01,4.411911540135567966e-01,4.500453462067047217e-01,4.581025843502168904e-01,0.000000000000000000e+00,4.539351051748399812e-01,4.542816824702239908e-01,4.685300167173854224e-01,0.000000000000000000e+00,4.703528747944903943e-01,0.000000000000000000e+00,4.354002078566990841e-01
0.000000000000000000e+00,0.000000000000000000e+00,0.000000000000000000e+00,4.067791744217422178e-01,3.980285558010047131e-01,3.999602089829127904e-01,4.338077461198954765e-01,4.780359565636195240e-01,2.997513476766235918e-01,4.716691718004664136e-01,3.412401335920601242e-01,3.425717410739854141e-01,4.583081112518553879e-01,3.968700283909072923e-01,0.000000000000000000e+00,0.000000000000000000e+00,0.000000000000000000e+00,0.000000000000000000e+00,2.506792293658893778e-01,0.000000000000000000e+00,0.000000000000000000e+00,0.000000000000000000e+00,3.076442880131172730e-01,0.000000000000000000e+00,0.000000000000000000e+00,0.000000000000000000e+00,3.224821149233512152e-01,4.719446407870632743e-01,0.000000000000000000e+00,0.000000000000000000e+00,4.806646021953229764e-01,4.431542106262156833e-01,4.084445516289079148e-01,4.790374813988468872e-01,4.443954440029679875e-01,4.027252674047983039e-01,4.689062201561767784e-01,0.000000000000000000e+00,6.646952811976362119e-01,0.000000000000000000e+00,5.056242180667711583e-01,0.000000000000000000e+00,5.277973515936931204e-01,0.000000000000000000e+00,0.000000000000000000e+00,0.000000000000000000e+00,0.000000000000000000e+00,4.112657982205509266e-01,0.000000000000000000e+00,6.090072829863261150e-01,5.760579027151950804e-01,6.325767416646187469e-01,5.887045348109286591e-01,5.862041467618880342e-01,0.000000000000000000e+00,5.435262640548408353e-01,0.000000000000000000e+00,5.748639467388994007e-01,5.640024686165595602e-01,0.000000000000000000e+00,0.000000000000000000e+00,0.000000000000000000e+00,0.000000000000000000e+00,5.275824575908700798e-01,0.000000000000000000e+00,0.000000000000000000e+00,0.000000000000000000e+00,5.857583822204832646e-01,0.000000000000000000e+00,0.000000000000000000e+00,0.000000000000000000e+00,5.941748792706887938e-01,4.895371495074197221e-01,0.000000000000000000e+00,0.000000000000000000e+00,0.000000000000000000e+00
0.000000000000000000e+00,0.000000000000000000e+00,4.067791744217422178e-01,0.000000000000000000e+00,2.541540883483033864e-01,4.864156088191010086e-01,3.207024301112493814e-01,3.041350344175062226e-01,4.211693887550672089e-01,0.000000000000000000e+00,3.751468879240126841e-01,0.000000000000000000e+00,3.281567194487001737e-01,2.915852917760083929e-01,0.000000000000000000e+00,0.000000000000000000e+00,0.000000000000000000e+00,0.000000000000000000e+00,4.655067391549754241e-01,0.000000000000000000e+00,0.000000000000000000e+00,0.000000000000000000e+00,4.049359275024396188e-01,0.000000000000000000e+00,0.000000000000000000e+00,0.000000000000000000e+00,4.815487460823831833e-01,2.437552163694055030e-01,0.000000000000000000e+00,0.000000000000000000e+00,3.080285708215141915e-01,2.940200105109149753e-01,0.000000000000000000e+00,2.920905281351524052e-01,3.721908768137298096e-01,2.144787112681728891e-01,1.806224109637772079e-01,0.000000000000000000e+00,0.000000000000000000e+00,0.000000000000000000e+00,0.000000000000000000e+00,0.000000000000000000e+00,0.000000000000000000e+00,0.000000000000000000e+00,0.000000000000000000e+00,0.000000000000000000e+00,0.000000000000000000e+00,0.000000000000000000e+00,0.000000000000000000e+00,0.000000000000000000e+00,0.000000000000000000e+00,0.000000000000000000e+00,0.000000000000000000e+00,0.000000000000000000e+00,0.000000000000000000e+00,0.000000000000000000e+00,0.000000000000000000e+00,0.000000000000000000e+00,0.000000000000000000e+00,0.000000000000000000e+00,0.000000000000000000e+00,0.000000000000000000e+00,0.000000000000000000e+00,0.000000000000000000e+00,0.000000000000000000e+00,0.000000000000000000e+00,0.000000000000000000e+00,0.000000000000000000e+00,0.000000000000000000e+00,0.000000000000000000e+00,0.000000000000000000e+00,0.000000000000000000e+00,0.000000000000000000e+00,0.000000000000000000e+00,0.000000000000000000e+00,0.000000000000000000e+00
0.000000000000000000e+00,4.015026988986036272e-01,3.980285558010047131e-01,2.541540883483033864e-01,0.000000000000000000e+00,3.870185754955420276e-01,3.535428935307264875e-01,3.910939216288986109e-01,3.492736700362144009e-01,5.001248261887303315e-01,3.548956662862103872e-01,4.592406324027523135e-01,3.855027440355978108e-01,2.721001870475175943e-01,0.000000000000000000e+00,4.349645970079126789e-01,0.000000000000000000e+00,0.000000000000000000e+00,3.904867169973970098e-01,4.403323765404881240e-01,0.000000000000000000e+00,4.348983416129926782e-01,4.031464958313045743e-01,0.000000000000000000e+00,4.275416242021968238e-01,4.060614549938408868e-01,4.026920970293680901e-01,4.081915534351652775e-01,4.262438428047192751e-01,0.000000000000000000e+00,4.581091111131124771e-01,3.683625209050471194e-01,4.395033874969737075e-01,4.307781682288899794e-01,4.392140649334060898e-01,2.260578367720882109e-01,2.712756425672142035e-01,4.082422829074726089e-01,4.718616879726652003e-01,0.000000000000000000e+00,0.000000000000000000e+00,0.000000000000000000e+00,5.061986607824661144e-01,0.000000000000000000e+00,0.000000000000000000e+00,0.000000000000000000e+00,0.000000000000000000e+00,6.311337286336096142e-01,0.000000000000000000e+00,4.563297981757106214e-01,5.276338836418580369e-01,0.000000000000000000e+00,5.384037241580093003e-01,5.967760138070685727e-01,0.000000000000000000e+00,5.576345864864613588e-01,0.000000000000000000e+00,0.000000000000000000e+00,0.000000000000000000e+00,0.000000000000000000e+00,0.000000000000000000e+00,0.000000000000000000e+00,0.000000000000000000e+00,5.774342130167526843e-01,0.000000000000000000e+00,0.000000000000000000e+00,0.000000000000000000e+00,5.553927064554379234e-01,0.000000000000000000e+00,0.000000000000000000e+00,0.000000000000000000e+00,6.100453971848270873e-01,0.000000000000000000e+00,0.000000000000000000e+00,0.000000000000000000e+00,0.000000000000000000e+00
3.133178457335977218e-01,3.956370272970164970e-01,3.999602089829127904e-01,4.864156088191010086e-01,3.870185754955420276e-01,0.000000000000000000e+00,4.111276437400770978e-01,4.008601533969736175e-01,3.305114471356738748e-01,3.932789580253676087e-01,3.913128714139911257e-01,4.051911790835179827e-01,3.635782338965075078e-01,4.069046057551092832e-01,4.050292382027972926e-01,3.953578712744814094e-01,2.578372103836464868e-01,3.644950388668525276e-01,4.435816962783185047e-01,3.792817864915479231e-01,3.757788091528757035e-01,4.046388128821843955e-01,3.657679645631026766e-01,0.000000000000000000e+00,3.848074421221889252e-01,3.948468026246036988e-01,3.531604773158321109e-01,3.473291531912626739e-01,3.229924943555274042e-01,4.059252385620171766e-01,4.113776861668588802e-01,4.159208447431093081e-01,3.498371936552348016e-01,4.129585655618028261e-01,4.415681482705127725e-01,4.362227943876024194e-01,4.627834925567652080e-01,3.746983605133250017e-01,4.965653147885515928e-01,0.000000000000000000e+00,3.914577969839401761e-01,5.101686747049256621e-01,5.043581743299254683e-01,0.000000000000000000e+00,0.000000000000000000e+00,0.000000000000000000e+00,3.106798409497540936e-01,5.503468878059222247e-01,0.000000000000000000e+00,4.984212553485921071e-01,5.199689080362557281e-01,5.335153603456923577e-01,4.674445448626510236e-01,5.374848919654329205e-01,0.000000000000000000e+00,4.862931799646458830e-01,0.000000000000000000e+00,5.130407693670049341e-01,0.000000000000000000e+00,4.757831650413795743e-01,0.000000000000000000e+00,0.000000000000000000e+00,0.000000000000000000e+00,5.845030037939833445e-01,5.378411941788525663e-01,3.957518475163013805e-01,4.309757907957770251e-01,5.255899948681040934e-01,0.000000000000000000e+00,0.000000000000000000e+00,4.087670645341229814e-01,5.187127124912855880e-01,5.260124301596185159e-01,4.647733466718603212e-01,4.853189546101678853e-01,5.220485288511036437e-01
0.000000000000000000e+00,4.622490172700255973e-01,4.338077461198954765e-01,3.207024301112493814e-01,3.535428935307264875e-01,4.111276437400770978e-01,0.000000000000000000e+00,4.398711924863876743e-01,4.034484515333863763e-01,5.289960038476184678e-01,4.392304454178118100e-01,4.484163690735443741e-01,3.428488691333922977e-01,2.919298495868087873e-01,0.000000000000000000e+00,4.337793850173368160e-01,4.434050240834050971e-01,4.188719820395143123e-01,4.410153551546646122e-01,4.327377284675544833e-01,0.000000000000000000e+00,4.604491632194885886e-01,4.248101405289281818e-01,4.607953921908787831e-01,4.167641943036706764e-01,4.342137726671855269e-01,4.251873031522568902e-01,3.606389925353277182e-01,4.229246745751545911e-01,0.000000000000000000e+00,4.309554659504967189e-01,3.617556968189252764e-01,4.675132240841081144e-01,4.228835383169117779e-01,4.138714156792737131e-01,3.108471441468649843e-01,3.755259611673142928e-01,4.244913388690144118e-01,4.419384009763910881e-01,0.000000000000000000e+00,3.215155937071698111e-01,0.000000000000000000e+00,4.113913937319694791e-01,0.000000000000000000e+00,0.000000000000000000e+00,0.000000000000000000e+00,0.000000000000000000e+00,4.876150825018660817e-01,0.000000000000000000e+00,0.000000000000000000e+00,5.195273606117246645e-01,0.000000000000000000e+00,4.128519739288524226e-01,4.903383794451712241e-01,0.000000000000000000e+00,4.050396631527011237e-01,0.000000000000000000e+00,0.000000000000000000e+00,0.000000000000000000e+00,0.000000000000000000e+00,0.000000000000000000e+00,0.000000000000000000e+00,0.000000000000000000e+00,4.279562395624579851e-01,0.000000000000000000e+00,0.000000000000000000e+00,0.000000000000000000e+00,5.208206570262938762e-01,0.000000000000000000e+00,0.000000000000000000e+00,0.000000000000000000e+00,5.598184116826251389e-01,0.000000000000000000e+00,0.000000000000000000e+00,0.000000000000000000e+00,0.000000000000000000e+00
4.781509433626467964e-01,4.235950569817538147e-01,4.780359565636195240e-01,3.041350344175062226e-01,3.910939216288986109e-01,4.008601533969736175e-01,4.398711924863876743e-01,0.000000000000000000e+00,4.531611906529767198e-01,4.470662084044116913e-01,3.127189735908301738e-01,4.474161006963054965e-01,4.458001472832952006e-01,3.753793122897645107e-01,0.000000000000000000e+00,4.048741446786532916e-01,0.000000000000000000e+00,4.437638663325491062e-01,4.426972861742496934e-01,3.630502858426407076e-01,4.165337389740966234e-01,3.942976900416926833e-01,3.747256930028501909e-01,4.954830052728185219e-01,4.751873411655658241e-01,4.590947281929713131e-01,4.164541680443846206e-01,4.457276242959039014e-01,3.838461588677032910e-01,4.307114925283501150e-01,4.548643120837260190e-01,4.003647515923334788e-01,4.447519878844901076e-01,4.531109668761811871e-01,4.466186614303562785e-01,3.076047087836022986e-01,4.255605342417009829e-01,0.000000000000000000e+00,4.800567972252088866e-01,0.000000000000000000e+00,5.358651664511915325e-01,0.000000000000000000e+00,4.544547498435806965e-01,0.000000000000000000e+00,0.000000000000000000e+00,0.000000000000000000e+00,0.000000000000000000e+00,5.752139011007835201e-01,0.000000000000000000e+00,5.505788478437111388e-01,5.094265372168691464e-01,5.095320198503613396e-01,4.033080210444462965e-01,5.801773589951443322e-01,0.000000000000000000e+00,5.478542154694552302e-01,0.000000000000000000e+00,5.241132639115736458e-01,4.990239736378935809e-01,4.708865327717857152e-01,0.000000000000000000e+00,0.000000000000000000e+00,0.000000000000000000e+00,5.647758105139095708e-01,4.613208875161010081e-01,4.179394298991706003e-01,0.000000000000000000e+00,5.046653428020591026e-01,0.000000000000000000e+00,0.000000000000000000e+00,0.000000000000000000e+00,5.353718843375068204e-01,5.091623877153473865e-01,4.785276375289070905e-01,0.000000000000000000e+00,5.031993651647126420e-01
0.000000000000000000e+00,4.346110966278092791e-01,2.997513476766235918e-01,4.211693887550672089e-01,3.492736700362144009e-01,3.305114471356738748e-01,4.034484515333863763e-01,4.531611906529767198e-01,0.000000000000000000e+00,5.159443867214541513e-01,3.112374638723259812e-01,4.696181460044984157e-01,4.075226894878716810e-01,3.894343432385380943e-01,0.000000000000000000e+00,3.689077671414314752e-01,0.000000000000000000e+00,3.008289867012445273e-01,2.976389174700431739e-01,3.983415718368609748e-01,0.000000000000000000e+00,4.173678585735036140e-01,3.998878420200083772e-01,3.680105765673354901e-01,4.334834409414450862e-01,3.903211588809754051e-01,3.577693175080552956e-01,4.619953854819144889e-01,3.792374408604137770e-01,4.344411536553213216e-01,4.730461538941599930e-01,4.382721326351524116e-01,4.591541269027509808e-01,4.702902002107535728e-01,4.554063880596003200e-01,4.185950289123667734e-01,4.619039214383041103e-01,4.630506812705382225e-01,5.970906393172359383e-01,0.000000000000000000e+00,3.919211997409565162e-01,0.000000000000000000e+00,0.000000000000000000e+00,0.000000000000000000e+00,0.000000000000000000e+00,0.000000000000000000e+00,0.000000000000000000e+00,5.893030060522725933e-01,0.000000000000000000e+00,5.191230555942722980e-01,5.808389378189110497e-01,5.546567082649437319e-01,5.447721156127006692e-01,5.968988726131569944e-01,0.000000000000000000e+00,5.424950448093366351e-01,0.000000000000000000e+00,5.060284861375500265e-01,6.329799768371469071e-01,0.000000000000000000e+00,0.000000000000000000e+00,0.000000000000000000e+00,0.000000000000000000e+00,6.038365882135389162e-01,0.000000000000000000e+00,0.000000000000000000e+00,0.000000000000000000e+00,5.714076138336565691e-01,0.000000000000000000e+00,0.000000000000000000e+00,0.000000000000000000e+00,5.635928601246049663e-01,4.309074163636832933e-01,0.000000000000000000e+00,0.000000000000000000e+00,0.000000000000000000e+00
3.641534270593085876e-01,0.000000000000000000e+00,4.716691718004664136e-01,0.000000000000000000e+00,5.001248261887303315e-01,3.932789580253676087e-01,5.289960038476184678e-01,4.470662084044116913e-01,5.159443867214541513e-01,0.000000000000000000e+00,5.099130432576309824e-01,3.167244650707143894e-01,4.777485217661959771e-01,0.000000000000000000e+00,0.000000000000000000e+00,3.889861399919561924e-01,3.529960898057850072e-01,3.918390928847251264e-01,5.381430604349022317e-01,2.828279753527447871e-01,0.000000000000000000e+00,2.984939039200493749e-01,4.586336352698400232e-01,3.351584907540082758e-01,3.381893373541706160e-01,3.490326809094925209e-01,4.181799664204681743e-01,4.619545870898881801e-01,2.959407336963820190e-01,0.000000000000000000e+00,3.974817754540703740e-01,3.457782479857952063e-01,3.001696730277210734e-01,3.271994122306476904e-01,3.231272603934949861e-01,3.875411124728865842e-01,3.530169658049840953e-01,3.046728036031003950e-01,4.112723103894261878e-01,4.104766006700090730e-01,3.692947347317244167e-01,0.000000000000000000e+00,0.000000000000000000e+00,0.000000000000000000e+00,0.000000000000000000e+00,4.373558890312668201e-01,0.000000000000000000e+00,0.000000000000000000e+00,0.000000000000000000e+00,0.000000000000000000e+00,0.000000000000000000e+00,0.000000000000000000e+00,0.000000000000000000e+00,0.000000000000000000e+00,4.590277427481221917e-01,0.000000000000000000e+00,4.687898868425294241e-01,4.629562414192405218e-01,0.000000000000000000e+00,0.000000000000000000e+00,0.000000000000000000e+00,4.264896007814211187e-01,3.922317223807145203e-01,0.000000000000000000e+00,0.000000000000000000e+00,0.000000000000000000e+00,0.000000000000000000e+00,0.000000000000000000e+00,4.384738356997219255e-01,4.196303642083843988e-01,4.474165067603452783e-01,0.000000000000000000e+00,4.918133207629774017e-01,0.000000000000000000e+00,0.000000000000000000e+00,4.254448108765023773e-01
0.000000000000000000e+00,0.000000000000000000e+00,3.412401335920601242e-01,3.751468879240126841e-01,3.548956662862103872e-01,3.913128714139911257e-01,4.392304454178118100e-01,3.127189735908301738e-01,3.112374638723259812e-01,5.099130432576309824e-01,0.000000000000000000e+00,4.679989815391348840e-01,4.493670369283405130e-01,3.060211422602119868e-01,0.000000000000000000e+00,0.000000000000000000e+00,4.179028536678794925e-01,0.000000000000000000e+00,2.963405085367947778e-01,0.000000000000000000e+00,0.000000000000000000e+00,0.000000000000000000e+00,3.498211964788539019e-01,4.375577623409158123e-01,0.000000000000000000e+00,3.171166475655897155e-01,3.921067358422551941e-01,4.549330860716436775e-01,0.000000000000000000e+00,0.000000000000000000e+00,4.760766311516447247e-01,3.795993901058833941e-01,4.665053202183401804e-01,4.653670768454845064e-01,4.310863236840515866e-01,3.076782179818984830e-01,4.408658164720850037e-01,4.393160496015359739e-01,4.776186121269521134e-01,0.000000000000000000e+00,0.000000000000000000e+00,0.000000000000000000e+00,4.687856482584207840e-01,0.000000000000000000e+00,0.000000000000000000e+00,0.000000000000000000e+00,0.000000000000000000e+00,5.455901846036971259e-01,0.000000000000000000e+00,5.466330431673921408e-01,5.441343348436610272e-01,5.651936828427643889e-01,5.419501506391001255e-01,5.465901693610534240e-01,0.000000000000000000e+00,3.502840652287497192e-01,0.000000000000000000e+00,5.673734491141385616e-01,5.036928676279665007e-01,0.000000000000000000e+00,0.000000000000000000e+00,0.000000000000000000e+00,0.000000000000000000e+00,5.549708153401119448e-01,0.000000000000000000e+00,0.000000000000000000e+00,0.000000000000000000e+00,5.729088097353293163e-01,0.000000000000000000e+00,0.000000000000000000e+00,0.000000000000000000e+00,5.841755286381978829e-01,5.055214008439092854e-01,0.000000000000000000e+00,0.000000000000000000e+00,0.000000000000000000e+00
3.813263652019279193e-01,0.000000000000000000e+00,3.425717410739854141e-01,0.000000000000000000e+00,4.592406324027523135e-01,4.051911790835179827e-01,4.484163690735443741e-01,4.474161006963054965e-01,4.696181460044984157e-01,3.167244650707143894e-01,4.679989815391348840e-01,0.000000000000000000e+00,4.912058489971549147e-01,0.000000000000000000e+00,0.000000000000000000e+00,0.000000000000000000e+00,3.378405555448716902e-01,3.094026787210724105e-01,3.915801504433011893e-01,0.000000000000000000e+00,4.291831080192161085e-01,0.000000000000000000e+00,4.570702508096020078e-01,2.862163912572127100e-01,3.364621898381591758e-01,3.206257537168107907e-01,3.947003912551059757e-01,3.784755122370588865e-01,0.000000000000000000e+00,0.000000000000000000e+00,3.805191295797678008e-01,2.913846040310679175e-01,2.354603776595219078e-01,2.638102120406040085e-01,3.162922725402267932e-01,3.445548343113746248e-01,3.610324606391417945e-01,2.207293758111605886e-01,0.000000000000000000e+00,4.102571501724303071e-01,3.802814586099865779e-01,0.000000000000000000e+00,0.000000000000000000e+00,0.000000000000000000e+00,3.767350067295716087e-01,0.000000000000000000e+00,0.000000000000000000e+00,0.000000000000000000e+00,0.000000000000000000e+00,0.000000000000000000e+00,0.000000000000000000e+00,0.000000000000000000e+00,0.000000000000000000e+00,0.000000000000000000e+00,4.603344547304639156e-01,0.000000000000000000e+00,4.785533128252248969e-01,4.989525453043814895e-01,0.000000000000000000e+00,0.000000000000000000e+00,0.000000000000000000e+00,4.582854586874359759e-01,3.979918840796161095e-01,0.000000000000000000e+00,0.000000000000000000e+00,0.000000000000000000e+00,0.000000000000000000e+00,0.000000000000000000e+00,4.471808151639831141e-01,4.152248807703743938e-01,4.549673090259602204e-01,0.000000000000000000e+00,4.692957690367411949e-01,0.000000000000000000e+00,0.000000000000000000e+00,4.477995291763329777e-01
3.150293632748742967e-01,4.277456154325882109e-01,4.583081112518553879e-01,3.281567194487001737e-01,3.855027440355978108e-01,3.635782338965075078e-01,3.428488691333922977e-01,4.458001472832952006e-01,4.075226894878716810e-01,4.777485217661959771e-01,4.493670369283405130e-01,4.912058489971549147e-01,0.000000000000000000e+00,2.922781356875890912e-01,4.468551407372726159e-01,4.439200691206033889e-01,4.525016505226469032e-01,4.318583190709989750e-01,4.517073801354807849e-01,4.235524221742045237e-01,4.077825859697521982e-01,4.516692114208989972e-01,4.403917215627680126e-01,4.886727302108856974e-01,4.195045392412994900e-01,4.173438528507181222e-01,4.296124456301438910e-01,3.510673889950305937e-01,3.838401192835391162e-01,3.933550274395924973e-01,4.407181192666196901e-01,3.851386656988138868e-01,4.288904408491462927e-01,4.369098019834917745e-01,4.118168450454576801e-01,3.266061687317968754e-01,3.577925251956284858e-01,4.347735562825287836e-01,5.243838763902338718e-01,4.602050705617654058e-01,3.685769383541108168e-01,4.526115010255495896e-01,5.159675533878882447e-01,0.000000000000000000e+00,0.000000000000000000e+00,0.000000000000000000e+00,0.000000000000000000e+00,5.181845369640240007e-01,0.000000000000000000e+00,0.000000000000000000e+00,5.472519611739233847e-01,4.090406281427542146e-01,4.952628017108023917e-01,0.000000000000000000e+00,0.000000000000000000e+00,4.560325398758712789e-01,5.003649924859716602e-01,0.000000000000000000e+00,0.000000000000000000e+00,3.848065570245645106e-01,0.000000000000000000e+00,0.000000000000000000e+00,0.000000000000000000e+00,0.000000000000000000e+00,4.953206580313653795e-01,0.000000000000000000e+00,3.157177417685019805e-01,5.203719986972963341e-01,0.000000000000000000e+00,3.714824201304708917e-01,3.271560349683763080e-01,5.290855028175900365e-01,0.000000000000000000e+00,5.077950493247335162e-01,0.000000000000000000e+00,0.000000000000000000e+00
0.000000000000000000e+00,0.000000000000000000e+00,3.968700283909072923e-01,2.915852917760083929e-01,2.721001870475175943e-01,4.069046057551092832e-01,2.919298495868087873e-01,3.753793122897645107e-01,3.894343432385380943e-01,0.000000000000000000e+00,3.060211422602119868e-01,0.000000000000000000e+00,2.922781356875890912e-01,0.000000000000000000e+00,0.000000000000000000e+00,0.000000000000000000e+00,0.000000000000000000e+00,0.000000000000000000e+00,3.692941297939252854e-01,0.000000000000000000e+00,4.385795747435686232e-01,0.000000000000000000e+00,4.032764844097995738e-01,0.000000000000000000e+00,0.000000000000000000e+00,0.000000000000000000e+00,0.000000000000000000e+00,2.379194454728688901e-01,0.000000000000000000e+00,0.000000000000000000e+00,0.000000000000000000e+00,2.613720782874277004e-01,0.000000000000000000e+00,0.000000000000000000e+00,0.000000000000000000e+00,2.291113672153270997e-01,1.977587868525081116e-01,0.000000000000000000e+00,0.000000000000000000e+00,0.000000000000000000e+00,0.000000000000000000e+00,0.000000000000000000e+00,0.000000000000000000e+00,0.000000000000000000e+00,0.000000000000000000e+00,0.000000000000000000e+00,0.000000000000000000e+00,5.400327091144042635e-01,0.000000000000000000e+00,0.000000000000000000e+00,0.000000000000000000e+00,0.000000000000000000e+00,0.000000000000000000e+00,5.460141567544436469e-01,0.000000000000000000e+00,4.798241961548324053e-01,0.000000000000000000e+00,0.000000000000000000e+00,0.000000000000000000e+00,0.000000000000000000e+00,0.000000000000000000e+00,0.000000000000000000e+00,0.000000000000000000e+00,0.000000000000000000e+00,0.000000000000000000e+00,0.000000000000000000e+00,0.000000000000000000e+00,5.647924559612730322e-01,0.000000000000000000e+00,0.000000000000000000e+00,0.000000000000000000e+00,4.965955612883943271e-01,0.000000000000000000e+00,0.000000000000000000e+00,0.000000000000000000e+00,0.000000000000000000e+00
3.857953980519157056e-01,3.936709392524572193e-01,0.000000000000000000e+00,0.000000000000000000e+00,0.000000000000000000e+00,4.050292382027972926e-01,0.000000000000000000e+00,0.000000000000000000e+00,0.000000000000000000e+00,0.000000000000000000e+00,0.000000000000000000e+00,0.000000000000000000e+00,4.468551407372726159e-01,0.000000000000000000e+00,0.000000000000000000e+00,4.120963132540583773e-01,0.000000000000000000e+00,3.985468249264015883e-01,0.000000000000000000e+00,3.234737295730791273e-01,3.845901162259907080e-01,3.088559479210121750e-01,3.750986866126427843e-01,4.878996279241660239e-01,3.894810469615357928e-01,3.541662819533961115e-01,3.721456380142008080e-01,4.350618515878201809e-01,4.007034165737238252e-01,0.000000000000000000e+00,4.216201278089118931e-01,4.329862974623627236e-01,3.777718111162686743e-01,4.341086639420657090e-01,4.742072768564791208e-01,5.587907189361885907e-01,0.000000000000000000e+00,0.000000000000000000e+00,4.914841606553961850e-01,4.624137502437469793e-01,4.903938633704740258e-01,5.136040770179836068e-01,0.000000000000000000e+00,0.000000000000000000e+00,0.000000000000000000e+00,0.000000000000000000e+00,4.849504711342894070e-01,0.000000000000000000e+00,0.000000000000000000e+00,0.000000000000000000e+00,5.073736313791987751e-01,0.000000000000000000e+00,0.000000000000000000e+00,0.000000000000000000e+00,0.000000000000000000e+00,0.000000000000000000e+00,0.000000000000000000e+00,3.941115069882588084e-01,0.000000000000000000e+00,3.955800929935657795e-01,4.071163020060593052e-01,0.000000000000000000e+00,0.000000000000000000e+00,0.000000000000000000e+00,4.926281262304300079e-01,4.593733964280167226e-01,5.018656417731247599e-01,4.942693138209658943e-01,0.000000000000000000e+00,3.716714558002262025e-01,4.900763305658761837e-01,4.935276780290123733e-01,5.515781629460854152e-01,5.095794809484534005e-01,0.000000000000000000e+00,5.077448003475084626e-01
3.527904879954735229e-01,3.574574102810169074e-01,0.000000000000000000e+00,0.000000000000000000e+00,4.349645970079126789e-01,3.953578712744814094e-01,4.337793850173368160e-01,4.048741446786532916e-01,3.689077671414314752e-01,3.889861399919561924e-01,0.000000000000000000e+00,0.000000000000000000e+00,4.439200691206033889e-01,0.000000000000000000e+00,4.120963132540583773e-01,0.000000000000000000e+00,3.986704589546498090e-01,3.654990885313347815e-01,0.000000000000000000e+00,3.909287489439750019e-01,3.602921858423517865e-01,3.791752918852088206e-01,4.080551911116530039e-01,3.039647072922395110e-01,3.764539820343217880e-01,3.592406802620486950e-01,3.959126807027840145e-01,4.229375737287122128e-01,4.049572342622094756e-01,4.245399337564982889e-01,3.831522889197153114e-01,3.824524707376598109e-01,3.291926179880261261e-01,3.647937747123259911e-01,4.188075481440092784e-01,0.000000000000000000e+00,0.000000000000000000e+00,0.000000000000000000e+00,4.268824640301320250e-01,3.975885772891921133e-01,4.021327811943696817e-01,4.307530634482689136e-01,0.000000000000000000e+00,0.000000000000000000e+00,0.000000000000000000e+00,4.108345875261149027e-01,4.175573729675601808e-01,0.000000000000000000e+00,0.000000000000000000e+00,0.000000000000000000e+00,0.000000000000000000e+00,0.000000000000000000e+00,0.000000000000000000e+00,0.000000000000000000e+00,0.000000000000000000e+00,0.000000000000000000e+00,0.000000000000000000e+00,0.000000000000000000e+00,0.000000000000000000e+00,4.438936924206000056e-01,4.179584634921542086e-01,0.000000000000000000e+00,4.152839497555544934e-01,0.000000000000000000e+00,4.861136993767242731e-01,4.418850565282390064e-01,4.337728616710135876e-01,3.309645777274360934e-01,0.000000000000000000e+00,4.262031743857525035e-01,4.332424379823811011e-01,4.018248278556864062e-01,0.000000000000000000e+00,4.846384175971746866e-01,0.000000000000000000e+00,3.871874443347828043e-01
3.159972648921187122e-01,2.938210376686384850e-01,0.000000000000000000e+00,0.000000000000000000e+00,0.000000000000000000e+00,2.578372103836464868e-01,4.434050240834050971e-01,0.000000000000000000e+00,0.000000000000000000e+00,3.529960898057850072e-01,4.179028536678794925e-01,3.378405555448716902e-01,4.525016505226469032e-01,0.000000000000000000e+00,0.000000000000000000e+00,3.986704589546498090e-01,0.000000000000000000e+00,3.570817183866372146e-01,0.000000000000000000e+00,3.631664771103085831e-01,0.000000000000000000e+00,3.783635433697842276e-01,0.000000000000000000e+00,3.358153612436293733e-01,3.281202056994266258e-01,3.299989460796525775e-01,0.000000000000000000e+00,4.096031588848195182e-01,3.362949654771261176e-01,0.000000000000000000e+00,3.718516645803556786e-01,3.771790808328948086e-01,2.976524028173164749e-01,3.536050340609124820e-01,3.739307762568905846e-01,0.000000000000000000e+00,0.000000000000000000e+00,0.000000000000000000e+00,0.000000000000000000e+00,4.008267355242099983e-01,0.000000000000000000e+00,0.000000000000000000e+00,0.000000000000000000e+00,0.000000000000000000e+00,0.000000000000000000e+00,0.000000000000000000e+00,0.000000000000000000e+00,0.000000000000000000e+00,0.000000000000000000e+00,0.000000000000000000e+00,0.000000000000000000e+00,0.000000000000000000e+00,0.000000000000000000e+00,0.000000000000000000e+00,4.481806274525355072e-01,0.000000000000000000e+00,4.599649921887076776e-01,0.000000000000000000e+00,0.000000000000000000e+00,0.000000000000000000e+00,0.000000000000000000e+00,4.419605142800188124e-01,4.158847115201511069e-01,0.000000000000000000e+00,0.000000000000000000e+00,0.000000000000000000e+00,0.000000000000000000e+00,0.000000000000000000e+00,3.880551494965914228e-01,4.317387128820833753e-01,4.422647230503001237e-01,0.000000000000000000e+00,0.000000000000000000e+00,0.000000000000000000e+00,0.000000000000000000e+00,0.000000000000000000e+00
3.688355446815929084e-01,3.711705234707344814e-01,0.000000000000000000e+00,0.000000000000000000e+00,0.000000000000000000e+00,3.644950388668525276e-01,4.188719820395143123e-01,4.437638663325491062e-01,3.008289867012445273e-01,3.918390928847251264e-01,0.000000000000000000e+00,3.094026787210724105e-01,4.318583190709989750e-01,0.000000000000000000e+00,3.985468249264015883e-01,3.654990885313347815e-01,3.570817183866372146e-01,0.000000000000000000e+00,0.000000000000000000e+00,3.911640537888528835e-01,3.693184656292107793e-01,3.791532775535543243e-01,3.956251831811867237e-01,3.235560735146641997e-01,3.570357782404763869e-01,3.656278160769799168e-01,3.721588326407140879e-01,4.064762405938522893e-01,4.010298552065789113e-01,4.188544780683772784e-01,3.825105782140668098e-01,3.478714652612232006e-01,3.188817504944818082e-01,3.585287796058045928e-01,3.614692153349287063e-01,0.000000000000000000e+00,0.000000000000000000e+00,0.000000000000000000e+00,4.314024572457991757e-01,4.048293024175382837e-01,4.149866325009131107e-01,4.499803268021593250e-01,0.000000000000000000e+00,0.000000000000000000e+00,0.000000000000000000e+00,4.135714745952289162e-01,4.126710289064545178e-01,0.000000000000000000e+00,0.000000000000000000e+00,0.000000000000000000e+00,0.000000000000000000e+00,0.000000000000000000e+00,0.000000000000000000e+00,0.000000000000000000e+00,4.260576115608296077e-01,0.000000000000000000e+00,4.425513892741658184e-01,0.000000000000000000e+00,0.000000000000000000e+00,0.000000000000000000e+00,4.207678955934727738e-01,3.946425398649049954e-01,4.268958475662865126e-01,0.000000000000000000e+00,0.000000000000000000e+00,0.000000000000000000e+00,4.168946645117325156e-01,0.000000000000000000e+00,4.058361317090388165e-01,4.301192772319009094e-01,4.405639358256037141e-01,0.000000000000000000e+00,0.000000000000000000e+00,0.000000000000000000e+00,0.000000000000000000e+00,4.212869489028716052e-01
0.000000000000000000e+00,0.000000000000000000e+00,2.506792293658893778e-01,4.655067391549754241e-01,3.904867169973970098e-01,4.435816962783185047e-01,4.410153551546646122e-01,4.426972861742496934e-01,2.976389174700431739e-01,5.381430604349022317e-01,2.963405085367947778e-01,3.915801504433011893e-01,4.517073801354807849e-01,3.692941297939252854e-01,0.000000000000000000e+00,0.000000000000000000e+00,0.000000000000000000e+00,0.000000000000000000e+00,0.000000000000000000e+00,0.000000000000000000e+00,0.000000000000000000e+00,0.000000000000000000e+00,2.901043011322202991e-01,0.000000000000000000e+00,0.000000000000000000e+00,0.000000000000000000e+00,3.899244259973017046e-01,4.523366948759787176e-01,0.000000000000000000e+00,0.000000000000000000e+00,4.751777407595275116e-01,4.064995269212470230e-01,0.000000000000000000e+00,4.631842521454989092e-01,4.598218773705289864e-01,3.882958585160696807e-01,4.411069073291633003e-01,4.312694130415418159e-01,6.001663273785339259e-01,0.000000000000000000e+00,0.000000000000000000e+00,0.000000000000000000e+00,4.495411180812138863e-01,0.000000000000000000e+00,0.000000000000000000e+00,0.000000000000000000e+00,0.000000000000000000e+00,3.655136798611496873e-01,0.000000000000000000e+00,5.759585699593177122e-01,6.052181716746753981e-01,5.674809966261340488e-01,5.592733304894145219e-01,5.921866891665035215e-01,0.000000000000000000e+00,4.833953801133245021e-01,0.000000000000000000e+00,4.704966900675712216e-01,5.288202565006979716e-01,0.000000000000000000e+00,0.000000000000000000e+00,0.000000000000000000e+00,0.000000000000000000e+00,5.842922231978703307e-01,0.000000000000000000e+00,0.000000000000000000e+00,0.000000000000000000e+00,5.826173475383142897e-01,0.000000000000000000e+00,0.000000000000000000e+00,0.000000000000000000e+00,6.051254987938065044e-01,0.000000000000000000e+00,0.000000000000000000e+00,0.000000000000000000e+00,0.000000000000000000e+00
4.416331064796754080e-01,3.950970768956454937e-01,0.000000000000000000e+00,0.000000000000000000e+00,4.403323765404881240e-01,3.792817864915479231e-01,4.327377284675544833e-01,3.630502858426407076e-01,3.983415718368609748e-01,2.828279753527447871e-01,0.000000000000000000e+00,0.000000000000000000e+00,4.235524221742045237e-01,0.000000000000000000e+00,3.234737295730791273e-01,3.909287489439750019e-01,3.631664771103085831e-01,3.911640537888528835e-01,0.000000000000000000e+00,0.000000000000000000e+00,4.043447842285199934e-01,3.606315402206596854e-01,3.176699152465571885e-01,0.000000000000000000e+00,3.912321379175390246e-01,3.994715936345493157e-01,3.232094960314160770e-01,3.868666318316109076e-01,3.308791547212809880e-01,3.928719413088180845e-01,3.752122796635187774e-01,4.349557817538223792e-01,3.861039906708497726e-01,4.176661728906578275e-01,4.682642912312707795e-01,5.162923419969573935e-01,4.624443732907789761e-01,0.000000000000000000e+00,4.867453357441035022e-01,4.628001395198930168e-01,5.132435752679098684e-01,5.373466971840432649e-01,0.000000000000000000e+00,0.000000000000000000e+00,0.000000000000000000e+00,0.000000000000000000e+00,5.111355307502751799e-01,0.000000000000000000e+00,0.000000000000000000e+00,0.000000000000000000e+00,4.949696771217442226e-01,0.000000000000000000e+00,0.000000000000000000e+00,0.000000000000000000e+00,0.000000000000000000e+00,0.000000000000000000e+00,0.000000000000000000e+00,4.401876830754615222e-01,0.000000000000000000e+00,5.025763276400436741e-01,3.426602245912520051e-01,0.000000000000000000e+00,0.000000000000000000e+00,0.000000000000000000e+00,4.994198496365356843e-01,4.649972993071638805e-01,4.833879265565204086e-01,5.137275827573901665e-01,0.000000000000000000e+00,2.925471528228131834e-01,4.995115389060436062e-01,5.151290532821999335e-01,5.301505532172205992e-01,5.013818872632431756e-01,4.354372678319740064e-01,5.143102807121848752e-01
3.817895256158093109e-01,3.535015154605997134e-01,0.000000000000000000e+00,0.000000000000000000e+00,0.000000000000000000e+00,3.757788091528757035e-01,0.000000000000000000e+00,4.165337389740966234e-01,0.000000000000000000e+00,0.000000000000000000e+00,0.000000000000000000e+00,4.291831080192161085e-01,4.077825859697521982e-01,4.385795747435686232e-01,3.845901162259907080e-01,3.602921858423517865e-01,0.000000000000000000e+00,3.693184656292107793e-01,0.000000000000000000e+00,4.043447842285199934e-01,0.000000000000000000e+00,4.065829266293868871e-01,3.915561603704990068e-01,4.772724283897620823e-01,4.095861115230767235e-01,3.750169478542864088e-01,4.175625670823117086e-01,4.643239239585781886e-01,4.172667031582604213e-01,0.000000000000000000e+00,4.069483004903429735e-01,4.175739195743016219e-01,3.463313598713262942e-01,3.867295748531541788e-01,4.588314985499901133e-01,0.000000000000000000e+00,0.000000000000000000e+00,0.000000000000000000e+00,4.606150972860009740e-01,4.225903294344324213e-01,4.367812742388508251e-01,4.991796778388818967e-01,0.000000000000000000e+00,0.000000000000000000e+00,0.000000000000000000e+00,4.402613539227424044e-01,4.565840600164555729e-01,0.000000000000000000e+00,0.000000000000000000e+00,0.000000000000000000e+00,0.000000000000000000e+00,0.000000000000000000e+00,2.989889491513251230e-01,0.000000000000000000e+00,0.000000000000000000e+00,0.000000000000000000e+00,0.000000000000000000e+00,4.121843576405851972e-01,0.000000000000000000e+00,4.349725494470272902e-01,4.387722117870118121e-01,0.000000000000000000e+00,0.000000000000000000e+00,0.000000000000000000e+00,4.462817825330164245e-01,2.903942652237946898e-01,4.758118011929581836e-01,4.550252802872196134e-01,0.000000000000000000e+00,4.049958954043670900e-01,4.724003018654611141e-01,4.675002826904307018e-01,4.693016898623730837e-01,4.529801995390430047e-01,0.000000000000000000e+00,4.466343501818769157e-01
