0.000000000000000000e+00,3.720977290211613941e-01,0.000000000000000000e+00,0.000000000000000000e+00,0.000000000000000000e+00,3.063372671770374089e-01,0.000000000000000000e+00,4.663840820352759264e-01,0.000000000000000000e+00,3.869984786369126128e-01,0.000000000000000000e+00,4.120137948259168792e-01,3.196502038368549958e-01,0.000000000000000000e+00,3.477340441620659917e-01,3.737285391177179728e-01,4.044392961466062864e-01,3.965707621153671814e-01,0.000000000000000000e+00,3.703076322178803226e-01,3.944075169913501822e-01,3.719913000162132222e-01,4.186514491131261839e-01,3.961733144090565095e-01,3.812900310786320746e-01,3.723590472721978184e-01,3.673054643274399900e-01,3.468303543870567274e-01,3.610357292212182934e-01,0.000000000000000000e+00,3.363906630323992841e-01,3.974884223820560059e-01,3.427501196026058738e-01,3.399324843339439073e-01,4.038371253141487260e-01,0.000000000000000000e+00,0.000000000000000000e+00,4.007164512125445111e-01,3.920847349138578131e-01,4.007161292907459038e-01,3.954046480540809871e-01,0.000000000000000000e+00,0.000000000000000000e+00,0.000000000000000000e+00,0.000000000000000000e+00,3.865670082296810972e-01,4.335105912158586094e-01,0.000000000000000000e+00,0.000000000000000000e+00,0.000000000000000000e+00,0.000000000000000000e+00,0.000000000000000000e+00,0.000000000000000000e+00,0.000000000000000000e+00,4.180089076268965198e-01,0.000000000000000000e+00,0.000000000000000000e+00,0.000000000000000000e+00,0.000000000000000000e+00,0.000000000000000000e+00,4.228970875815223907e-01,0.000000000000000000e+00,4.197976080411690014e-01,0.000000000000000000e+00,0.000000000000000000e+00,3.801671143524580909e-01,4.077244354821669137e-01,0.000000000000000000e+00,3.648462599550784113e-01,4.114338350042178183e-01,4.289920413591344905e-01,0.000000000000000000e+00,0.000000000000000000e+00,0.000000000000000000e+00,0.000000000000000000e+00,0.000000000000000000e+00
3.720977290211613941e-01,0.000000000000000000e+00,0.000000000000000000e+00,0.000000000000000000e+00,3.046889185076662176e-01,3.496080943195803981e-01,3.081190129308208903e-01,4.364118631873056819e-01,2.420497992713936952e-01,0.000000000000000000e+00,0.000000000000000000e+00,0.000000000000000000e+00,3.810231923134497212e-01,0.000000000000000000e+00,3.877233712079752870e-01,3.771142998454158901e-01,0.000000000000000000e+00,3.906972634750537909e-01,0.000000000000000000e+00,3.943111703945446078e-01,3.732985369038467893e-01,3.857075315637872870e-01,3.742231452388259938e-01,0.000000000000000000e+00,3.719011583244741792e-01,3.991994777603471989e-01,3.804515271952800815e-01,3.779725265115956856e-01,3.816671722188830773e-01,0.000000000000000000e+00,3.301763943428627224e-01,3.945309689117730834e-01,3.416470969310538841e-01,3.370288160699577151e-01,4.032587463901762814e-01,0.000000000000000000e+00,0.000000000000000000e+00,0.000000000000000000e+00,4.126759679400546221e-01,4.193464477860626149e-01,4.103642223129175814e-01,4.249163628990915154e-01,0.000000000000000000e+00,0.000000000000000000e+00,0.000000000000000000e+00,4.192358086241427806e-01,4.212869734004325850e-01,0.000000000000000000e+00,0.000000000000000000e+00,0.000000000000000000e+00,2.555793054952169019e-01,0.000000000000000000e+00,0.000000000000000000e+00,0.000000000000000000e+00,0.000000000000000000e+00,0.000000000000000000e+00,0.000000000000000000e+00,0.000000000000000000e+00,0.000000000000000000e+00,4.169174952664521094e-01,4.104625777550383048e-01,0.000000000000000000e+00,4.313761395619291061e-01,0.000000000000000000e+00,3.686724170716151883e-01,4.114646272604359223e-01,4.180890322523759806e-01,3.308878918176297868e-01,0.000000000000000000e+00,4.158994626938118944e-01,4.302826502124215136e-01,3.192940101520315155e-01,0.000000000000000000e+00,3.538761496695788100e-01,0.000000000000000000e+00,3.772153795179032931e-01
0.000000000000000000e+00,0.000000000000000000e+00,0.000000000000000000e+00,2.838632936816787855e-01,4.011333221874123223e-01,3.783471044695154162e-01,3.636728720016593197e-01,4.474437175218211049e-01,3.500383055212846206e-01,3.034146521923851147e-01,3.304481768526563723e-01,0.000000000000000000e+00,3.585551198331259903e-01,4.070085336217502125e-01,0.000000000000000000e+00,0.000000000000000000e+00,0.000000000000000000e+00,0.000000000000000000e+00,2.981513522251982851e-01,0.000000000000000000e+00,0.000000000000000000e+00,0.000000000000000000e+00,2.993655387074128926e-01,0.000000000000000000e+00,0.000000000000000000e+00,0.000000000000000000e+00,3.473890395392406072e-01,3.586736352420836771e-01,0.000000000000000000e+00,0.000000000000000000e+00,3.764600097533983836e-01,3.489556502079997902e-01,0.000000000000000000e+00,3.807445763056837018e-01,4.063676310559811156e-01,3.522088300725059185e-01,3.039680167773758934e-01,0.000000000000000000e+00,2.858609135118014843e-01,0.000000000000000000e+00,3.772817847625112853e-01,0.000000000000000000e+00,5.080035053614911922e-01,0.000000000000000000e+00,0.000000000000000000e+00,0.000000000000000000e+00,0.000000000000000000e+00,3.872363576144461916e-01,0.000000000000000000e+00,4.154200573061702095e-01,5.209584456175635481e-01,3.649582207571188119e-01,5.465257441521763626e-01,5.601264237303622551e-01,0.000000000000000000e+00,3.977441307551707883e-01,0.000000000000000000e+00,3.899711868650774238e-01,4.915719988206094793e-01,0.000000000000000000e+00,0.000000000000000000e+00,0.000000000000000000e+00,0.000000000000000000e+00,2.971631279619462163e-01,0.000000000000000000e+00,0.000000000000000000e+00,0.000000000000000000e+00,5.386574468739917521e-01,0.000000000000000000e+00,0.000000000000000000e+00,0.000000000000000000e+00,5.323052489413738764e-01,3.466568118047426150e-01,0.000000000000000000e+00,0.000000000000000000e+00,0.000000000000000000e+00
0.000000000000000000e+00,0.000000000000000000e+00,2.838632936816787855e-01,0.000000000000000000e+00,2.244867388189523139e-01,3.098840543500532840e-01,3.061129858097886847e-01,3.612417203525011833e-01,3.141012855188360930e-01,2.562867603991754728e-01,3.310829969087623059e-01,0.000000000000000000e+00,3.322309062328104856e-01,2.529294644171309892e-01,0.000000000000000000e+00,0.000000000000000000e+00,0.000000000000000000e+00,0.000000000000000000e+00,2.633223789132375092e-01,0.000000000000000000e+00,0.000000000000000000e+00,0.000000000000000000e+00,3.401862378956911903e-01,0.000000000000000000e+00,0.000000000000000000e+00,0.000000000000000000e+00,3.139935082428607083e-01,3.067967216680558273e-01,3.040859490168105195e-01,0.000000000000000000e+00,2.995438628111785073e-01,2.854385443684653856e-01,0.000000000000000000e+00,3.074154726523283254e-01,2.976195152599708793e-01,1.789255025898175977e-01,2.081029426384612968e-01,2.393973077869293864e-01,0.000000000000000000e+00,0.000000000000000000e+00,0.000000000000000000e+00,0.000000000000000000e+00,0.000000000000000000e+00,0.000000000000000000e+00,0.000000000000000000e+00,0.000000000000000000e+00,0.000000000000000000e+00,0.000000000000000000e+00,0.000000000000000000e+00,0.000000000000000000e+00,0.000000000000000000e+00,0.000000000000000000e+00,0.000000000000000000e+00,0.000000000000000000e+00,0.000000000000000000e+00,0.000000000000000000e+00,0.000000000000000000e+00,0.000000000000000000e+00,0.000000000000000000e+00,0.000000000000000000e+00,0.000000000000000000e+00,0.000000000000000000e+00,0.000000000000000000e+00,0.000000000000000000e+00,0.000000000000000000e+00,0.000000000000000000e+00,0.000000000000000000e+00,0.000000000000000000e+00,0.000000000000000000e+00,0.000000000000000000e+00,0.000000000000000000e+00,0.000000000000000000e+00,0.000000000000000000e+00,0.000000000000000000e+00,0.000000000000000000e+00,0.000000000000000000e+00
0.000000000000000000e+00,3.046889185076662176e-01,4.011333221874123223e-01,2.244867388189523139e-01,0.000000000000000000e+00,3.909912515114065124e-01,3.371364280125528912e-01,3.378571497630812881e-01,3.416520654270508994e-01,2.874840745154855770e-01,3.135558405182478081e-01,3.131063059398915827e-01,3.551870641146525065e-01,2.420087716389718036e-01,0.000000000000000000e+00,3.251516963020807949e-01,0.000000000000000000e+00,0.000000000000000000e+00,3.499760140490398852e-01,3.890742497771118025e-01,0.000000000000000000e+00,4.047235010941441780e-01,3.372226093372143740e-01,0.000000000000000000e+00,2.672486502005743114e-01,2.736157357385783917e-01,3.952667869508603160e-01,3.459699489054067212e-01,3.522597930205405015e-01,0.000000000000000000e+00,3.731409296258487163e-01,2.982277489859188058e-01,3.031430173914950732e-01,3.786861149617578026e-01,3.695979859668206968e-01,2.129789262521608051e-01,1.974605514382014038e-01,2.823271598296273055e-01,2.990584505942618931e-01,0.000000000000000000e+00,0.000000000000000000e+00,0.000000000000000000e+00,3.659984432524220899e-01,0.000000000000000000e+00,0.000000000000000000e+00,0.000000000000000000e+00,0.000000000000000000e+00,4.083346728646006785e-01,0.000000000000000000e+00,3.441532371415830793e-01,3.827008711411982178e-01,0.000000000000000000e+00,3.775484590972277843e-01,3.720826515873197904e-01,0.000000000000000000e+00,3.196652743245583794e-01,0.000000000000000000e+00,0.000000000000000000e+00,0.000000000000000000e+00,0.000000000000000000e+00,0.000000000000000000e+00,0.000000000000000000e+00,0.000000000000000000e+00,3.814722183810316247e-01,0.000000000000000000e+00,0.000000000000000000e+00,0.000000000000000000e+00,4.520074122112318071e-01,0.000000000000000000e+00,0.000000000000000000e+00,0.000000000000000000e+00,3.444651522120178999e-01,0.000000000000000000e+00,0.000000000000000000e+00,0.000000000000000000e+00,0.000000000000000000e+00
3.063372671770374089e-01,3.496080943195803981e-01,3.783471044695154162e-01,3.098840543500532840e-01,3.909912515114065124e-01,0.000000000000000000e+00,3.805407605497285184e-01,3.583597915721353222e-01,3.854606266338976850e-01,2.970742640970410742e-01,3.847762162064520264e-01,1.573798625022984066e-01,3.397203140067918126e-01,3.994821459854402956e-01,3.824914800924585911e-01,3.848627618234244929e-01,0.000000000000000000e+00,3.729334750494999184e-01,3.545559186870819723e-01,3.672666617208736883e-01,3.522272591366609751e-01,4.001995692930482851e-01,3.608903003084562022e-01,0.000000000000000000e+00,3.512633317859962245e-01,3.658585698807024778e-01,3.435836299978762831e-01,3.159289527221194049e-01,3.484489742787115207e-01,3.585777436005416763e-01,3.661222107287542271e-01,3.689264241643356868e-01,3.460026131303954866e-01,3.873379764370988854e-01,4.080117199642029902e-01,3.596492428684416875e-01,3.629597978863606245e-01,2.726385245187309958e-01,4.179675606825616896e-01,0.000000000000000000e+00,4.296402601668964927e-01,3.725413825539011237e-01,4.093213602550805907e-01,0.000000000000000000e+00,0.000000000000000000e+00,0.000000000000000000e+00,2.510279185367366162e-01,5.115706827074283369e-01,0.000000000000000000e+00,3.508767056424019204e-01,4.591911674330578785e-01,3.536270337141012021e-01,4.121939712413976165e-01,5.219994773245157926e-01,0.000000000000000000e+00,4.596066028616941912e-01,0.000000000000000000e+00,3.747687609590122926e-01,0.000000000000000000e+00,3.000089662862713835e-01,0.000000000000000000e+00,0.000000000000000000e+00,0.000000000000000000e+00,4.779748745732623205e-01,3.075979830895869127e-01,3.038319188519538194e-01,2.765917750069644132e-01,4.638777149162620073e-01,0.000000000000000000e+00,0.000000000000000000e+00,2.952460347523497841e-01,4.532176274090328194e-01,4.130738122808960133e-01,4.137864004650250727e-01,3.837118917018080833e-01,4.265319104966415198e-01
0.000000000000000000e+00,3.081190129308208903e-01,3.636728720016593197e-01,3.061129858097886847e-01,3.371364280125528912e-01,3.805407605497285184e-01,0.000000000000000000e+00,3.589309966803960195e-01,3.720868804394457108e-01,3.298435504777242899e-01,3.768071761092903205e-01,3.063995222744426150e-01,3.321626609607997160e-01,2.888909384954918003e-01,0.000000000000000000e+00,3.799295881928191898e-01,0.000000000000000000e+00,3.780272785809483116e-01,3.722720848224860823e-01,3.877316414307671044e-01,0.000000000000000000e+00,4.172747921549562755e-01,3.418853923624006197e-01,0.000000000000000000e+00,3.574306401416221801e-01,3.417188186008501827e-01,3.663127719549504890e-01,3.438779481007502858e-01,3.712786167875253840e-01,0.000000000000000000e+00,3.877112681284549112e-01,3.806211722368847972e-01,3.401452845425959048e-01,3.975271328229298962e-01,4.138542135389887133e-01,3.092194068007427243e-01,3.107323995154421814e-01,3.537266401874575861e-01,2.665076463788325078e-01,0.000000000000000000e+00,3.216642774717098918e-01,0.000000000000000000e+00,3.241790701314691825e-01,0.000000000000000000e+00,0.000000000000000000e+00,0.000000000000000000e+00,0.000000000000000000e+00,3.306785567693136807e-01,0.000000000000000000e+00,0.000000000000000000e+00,3.111743863222254936e-01,0.000000000000000000e+00,3.482012283188676838e-01,3.440627975041226083e-01,0.000000000000000000e+00,2.613861447269326121e-01,0.000000000000000000e+00,0.000000000000000000e+00,0.000000000000000000e+00,0.000000000000000000e+00,0.000000000000000000e+00,0.000000000000000000e+00,0.000000000000000000e+00,3.550929168220843812e-01,0.000000000000000000e+00,0.000000000000000000e+00,0.000000000000000000e+00,4.351713409208942118e-01,0.000000000000000000e+00,0.000000000000000000e+00,0.000000000000000000e+00,3.431520817907074972e-01,0.000000000000000000e+00,0.000000000000000000e+00,0.000000000000000000e+00,0.000000000000000000e+00
4.663840820352759264e-01,4.364118631873056819e-01,4.474437175218211049e-01,3.612417203525011833e-01,3.378571497630812881e-01,3.583597915721353222e-01,3.589309966803960195e-01,0.000000000000000000e+00,4.448400652638919150e-01,3.330703492407365851e-01,3.487994617602285796e-01,0.000000000000000000e+00,3.504129948877540146e-01,3.681263530975190101e-01,0.000000000000000000e+00,4.084034856354689103e-01,0.000000000000000000e+00,4.280233010600922872e-01,4.200146039941803910e-01,3.858153010103512748e-01,3.920181111688397224e-01,3.985007503421353903e-01,3.351284812727349793e-01,4.925961267779361830e-01,4.626044541114324171e-01,4.599307769015316127e-01,3.918395800757630276e-01,3.571043926338284824e-01,3.548853118871713730e-01,3.541173314431343977e-01,3.832888326542573942e-01,3.591739277824190779e-01,4.163324762379663202e-01,4.005868220703228122e-01,4.097096739480066141e-01,2.773031108501378128e-01,3.392259018860626085e-01,0.000000000000000000e+00,4.162230163324194265e-01,0.000000000000000000e+00,4.467429260083742859e-01,0.000000000000000000e+00,4.550530376513705066e-01,0.000000000000000000e+00,0.000000000000000000e+00,0.000000000000000000e+00,0.000000000000000000e+00,5.366885254722714160e-01,0.000000000000000000e+00,4.010276626493750052e-01,4.459977465295438814e-01,4.176108625239706162e-01,4.439160612607581102e-01,5.358447551755408655e-01,0.000000000000000000e+00,4.399937277634011767e-01,0.000000000000000000e+00,3.880548442293419997e-01,4.494721280326580137e-01,4.310236651152675180e-01,0.000000000000000000e+00,0.000000000000000000e+00,0.000000000000000000e+00,5.280965769362659934e-01,4.382351278494643898e-01,4.758490480821698787e-01,0.000000000000000000e+00,4.902601767255080900e-01,0.000000000000000000e+00,0.000000000000000000e+00,0.000000000000000000e+00,4.616322343697886188e-01,3.941887296885693837e-01,3.642052070720300794e-01,0.000000000000000000e+00,4.018495403060293181e-01
0.000000000000000000e+00,2.420497992713936952e-01,3.500383055212846206e-01,3.141012855188360930e-01,3.416520654270508994e-01,3.854606266338976850e-01,3.720868804394457108e-01,4.448400652638919150e-01,0.000000000000000000e+00,3.171306688142344066e-01,2.944779774024671171e-01,2.468941592128924001e-01,3.603044709324175199e-01,4.080022664425128065e-01,0.000000000000000000e+00,3.076293885252713856e-01,0.000000000000000000e+00,2.246840916141737976e-01,2.814867351528205219e-01,3.402810569651690820e-01,0.000000000000000000e+00,3.510577033906462918e-01,3.846401284718550806e-01,0.000000000000000000e+00,2.091627422706832939e-01,1.941297170652485915e-01,3.856582726305348152e-01,3.687850386050088858e-01,3.384217358395444908e-01,3.410049719232375875e-01,3.835934382632543160e-01,3.674516430899640862e-01,2.960030104878350055e-01,3.819232163655557066e-01,3.797298617923807740e-01,3.454445660712057165e-01,3.304819366545774240e-01,2.601044641756318776e-01,2.710229721436361872e-01,0.000000000000000000e+00,3.277029520791823192e-01,0.000000000000000000e+00,4.712718492168085915e-01,0.000000000000000000e+00,0.000000000000000000e+00,0.000000000000000000e+00,0.000000000000000000e+00,5.420877125888214909e-01,0.000000000000000000e+00,3.759632915805463105e-01,4.913588071982095129e-01,3.191117141287970749e-01,5.291770630507460771e-01,4.924845601471892209e-01,0.000000000000000000e+00,4.652321324720573026e-01,0.000000000000000000e+00,3.229371985271645151e-01,4.522061695739125753e-01,0.000000000000000000e+00,0.000000000000000000e+00,0.000000000000000000e+00,0.000000000000000000e+00,5.136715020449595936e-01,0.000000000000000000e+00,0.000000000000000000e+00,0.000000000000000000e+00,5.242246254148058560e-01,0.000000000000000000e+00,0.000000000000000000e+00,0.000000000000000000e+00,5.129346154127933932e-01,3.184327033216117764e-01,0.000000000000000000e+00,0.000000000000000000e+00,0.000000000000000000e+00
3.869984786369126128e-01,0.000000000000000000e+00,3.034146521923851147e-01,2.562867603991754728e-01,2.874840745154855770e-01,2.970742640970410742e-01,3.298435504777242899e-01,3.330703492407365851e-01,3.171306688142344066e-01,0.000000000000000000e+00,3.292354671335724903e-01,2.927348225090086742e-01,3.753566931227502179e-01,0.000000000000000000e+00,0.000000000000000000e+00,3.389072486954112784e-01,3.104388062720653263e-01,3.359148454299548114e-01,2.826505994251060083e-01,2.831704792568736084e-01,0.000000000000000000e+00,2.898212938644110781e-01,2.926442890317916823e-01,3.194790807593719806e-01,3.598763321761082046e-01,3.526382879390678182e-01,2.939592658406183778e-01,3.617956514989080219e-01,2.814208066997924140e-01,0.000000000000000000e+00,3.159887276869556838e-01,3.555194156032905894e-01,3.085597828137690013e-01,3.134669493088642067e-01,3.140115420183752781e-01,3.388980960293385136e-01,2.904521886469025871e-01,2.705691318535545786e-01,3.128249150853559257e-01,3.710857858997733127e-01,3.643527064601804755e-01,0.000000000000000000e+00,0.000000000000000000e+00,0.000000000000000000e+00,3.569798834806257037e-01,3.805332063054949199e-01,0.000000000000000000e+00,0.000000000000000000e+00,0.000000000000000000e+00,0.000000000000000000e+00,0.000000000000000000e+00,0.000000000000000000e+00,0.000000000000000000e+00,0.000000000000000000e+00,4.296803326679590196e-01,0.000000000000000000e+00,4.330670422272793196e-01,0.000000000000000000e+00,0.000000000000000000e+00,0.000000000000000000e+00,0.000000000000000000e+00,4.086384962561718237e-01,3.565612397092485786e-01,0.000000000000000000e+00,0.000000000000000000e+00,0.000000000000000000e+00,0.000000000000000000e+00,0.000000000000000000e+00,4.334871453481660142e-01,4.039019373288397774e-01,4.380215893379604264e-01,0.000000000000000000e+00,0.000000000000000000e+00,0.000000000000000000e+00,0.000000000000000000e+00,4.050350689683259731e-01
0.000000000000000000e+00,0.000000000000000000e+00,3.304481768526563723e-01,3.310829969087623059e-01,3.135558405182478081e-01,3.847762162064520264e-01,3.768071761092903205e-01,3.487994617602285796e-01,2.944779774024671171e-01,3.292354671335724903e-01,0.000000000000000000e+00,2.887463246280451146e-01,3.725324501611316785e-01,2.785349364960335028e-01,0.000000000000000000e+00,0.000000000000000000e+00,0.000000000000000000e+00,0.000000000000000000e+00,2.713340924349728067e-01,0.000000000000000000e+00,0.000000000000000000e+00,0.000000000000000000e+00,2.929664119307224812e-01,2.752358469302825794e-01,0.000000000000000000e+00,0.000000000000000000e+00,3.826426060984496891e-01,3.680795557992871947e-01,0.000000000000000000e+00,0.000000000000000000e+00,3.781974855601181185e-01,3.316368183118036939e-01,0.000000000000000000e+00,3.701802805281205200e-01,3.763622435633525165e-01,2.896189718986628137e-01,3.071528825931028051e-01,2.878597388101720167e-01,2.850419671901904262e-01,0.000000000000000000e+00,0.000000000000000000e+00,0.000000000000000000e+00,4.600156394192124742e-01,0.000000000000000000e+00,0.000000000000000000e+00,0.000000000000000000e+00,0.000000000000000000e+00,5.192521977959737578e-01,0.000000000000000000e+00,3.582865023987000797e-01,4.136601118066314808e-01,3.437372499686536242e-01,4.592051901341365761e-01,5.199447472519292957e-01,0.000000000000000000e+00,2.697693814521719968e-01,0.000000000000000000e+00,3.133205534846513207e-01,3.585891920561932178e-01,0.000000000000000000e+00,0.000000000000000000e+00,0.000000000000000000e+00,0.000000000000000000e+00,4.654951295195304262e-01,0.000000000000000000e+00,0.000000000000000000e+00,0.000000000000000000e+00,4.821868474246472913e-01,0.000000000000000000e+00,0.000000000000000000e+00,0.000000000000000000e+00,4.633574927047066083e-01,2.928869808601088920e-01,0.000000000000000000e+00,0.000000000000000000e+00,0.000000000000000000e+00
4.120137948259168792e-01,0.000000000000000000e+00,0.000000000000000000e+00,0.000000000000000000e+00,3.131063059398915827e-01,1.573798625022984066e-01,3.063995222744426150e-01,0.000000000000000000e+00,2.468941592128924001e-01,2.927348225090086742e-01,2.887463246280451146e-01,0.000000000000000000e+00,3.544567569393107798e-01,0.000000000000000000e+00,0.000000000000000000e+00,0.000000000000000000e+00,3.657207966794809861e-01,3.684218831364697855e-01,0.000000000000000000e+00,0.000000000000000000e+00,4.054200256746635089e-01,0.000000000000000000e+00,3.283462415708903737e-01,3.249944596468096192e-01,3.750461480073770115e-01,3.342947305742510755e-01,2.700068897223381059e-01,3.731172815786493180e-01,0.000000000000000000e+00,0.000000000000000000e+00,3.415760530334273071e-01,3.140067914490672907e-01,3.161662668036315238e-01,2.817465833984115209e-01,2.776091112491367863e-01,3.760529243094932750e-01,3.879567115997670790e-01,2.226871949968146081e-01,0.000000000000000000e+00,3.884391609810000090e-01,3.800792871197937739e-01,0.000000000000000000e+00,0.000000000000000000e+00,0.000000000000000000e+00,3.625762038762190831e-01,0.000000000000000000e+00,0.000000000000000000e+00,0.000000000000000000e+00,0.000000000000000000e+00,0.000000000000000000e+00,0.000000000000000000e+00,0.000000000000000000e+00,0.000000000000000000e+00,0.000000000000000000e+00,4.408067897174621219e-01,0.000000000000000000e+00,4.446665907936622197e-01,0.000000000000000000e+00,0.000000000000000000e+00,0.000000000000000000e+00,0.000000000000000000e+00,3.953549679517461835e-01,3.600970314534063799e-01,0.000000000000000000e+00,0.000000000000000000e+00,0.000000000000000000e+00,0.000000000000000000e+00,0.000000000000000000e+00,4.418051984869763027e-01,4.205332349194654817e-01,4.493410601213254085e-01,0.000000000000000000e+00,0.000000000000000000e+00,0.000000000000000000e+00,0.000000000000000000e+00,3.978794541124018869e-01
3.196502038368549958e-01,3.810231923134497212e-01,3.585551198331259903e-01,3.322309062328104856e-01,3.551870641146525065e-01,3.397203140067918126e-01,3.321626609607997160e-01,3.504129948877540146e-01,3.603044709324175199e-01,3.753566931227502179e-01,3.725324501611316785e-01,3.544567569393107798e-01,0.000000000000000000e+00,2.811526294378601243e-01,3.920043088915933227e-01,4.083266854328125861e-01,3.281443328329218811e-01,3.746397466693264788e-01,3.628876007496916190e-01,3.824734951987489029e-01,3.635853064282831837e-01,4.171817087834340798e-01,3.488603227687842034e-01,3.142385872256749924e-01,3.898198663400616049e-01,3.915564303618789266e-01,3.642010856693363996e-01,3.298844972947904131e-01,3.548068101148327269e-01,3.407423309759898267e-01,3.574207406827936140e-01,3.767884369469622907e-01,3.556468291289887063e-01,3.816564440140778891e-01,3.922650281741356104e-01,3.389030055340924164e-01,3.412715658464697821e-01,3.472158785669097192e-01,3.418718951136328066e-01,0.000000000000000000e+00,3.548458549277213048e-01,3.323895563120158880e-01,3.099319246058008792e-01,0.000000000000000000e+00,0.000000000000000000e+00,0.000000000000000000e+00,0.000000000000000000e+00,3.038647842642718255e-01,0.000000000000000000e+00,0.000000000000000000e+00,3.134222068766656100e-01,2.339319474924513031e-01,3.598540987007073921e-01,0.000000000000000000e+00,0.000000000000000000e+00,2.547820007783055951e-01,3.235569492455402929e-01,0.000000000000000000e+00,0.000000000000000000e+00,2.903846339800159049e-01,0.000000000000000000e+00,0.000000000000000000e+00,0.000000000000000000e+00,0.000000000000000000e+00,2.939237005677474146e-01,0.000000000000000000e+00,2.643570360981806755e-01,4.294955663830533066e-01,0.000000000000000000e+00,2.634692222275313855e-01,2.762162183533267146e-01,3.965537631262641138e-01,0.000000000000000000e+00,3.017685243179805132e-01,0.000000000000000000e+00,0.000000000000000000e+00
0.000000000000000000e+00,0.000000000000000000e+00,4.070085336217502125e-01,2.529294644171309892e-01,2.420087716389718036e-01,3.994821459854402956e-01,2.888909384954918003e-01,3.681263530975190101e-01,4.080022664425128065e-01,0.000000000000000000e+00,2.785349364960335028e-01,0.000000000000000000e+00,2.811526294378601243e-01,0.000000000000000000e+00,0.000000000000000000e+00,0.000000000000000000e+00,0.000000000000000000e+00,0.000000000000000000e+00,3.432772589309430189e-01,0.000000000000000000e+00,4.185852807648002827e-01,0.000000000000000000e+00,3.579106007004306811e-01,0.000000000000000000e+00,0.000000000000000000e+00,0.000000000000000000e+00,4.149181625152217889e-01,2.468943418862475092e-01,0.000000000000000000e+00,0.000000000000000000e+00,0.000000000000000000e+00,2.045834194638359027e-01,0.000000000000000000e+00,0.000000000000000000e+00,0.000000000000000000e+00,2.030454259754372881e-01,1.619209091731703132e-01,0.000000000000000000e+00,0.000000000000000000e+00,0.000000000000000000e+00,0.000000000000000000e+00,0.000000000000000000e+00,4.024680167061003844e-01,0.000000000000000000e+00,0.000000000000000000e+00,0.000000000000000000e+00,0.000000000000000000e+00,4.481342336824366002e-01,0.000000000000000000e+00,0.000000000000000000e+00,0.000000000000000000e+00,0.000000000000000000e+00,0.000000000000000000e+00,4.726012159117565781e-01,0.000000000000000000e+00,3.802702357460459037e-01,0.000000000000000000e+00,0.000000000000000000e+00,0.000000000000000000e+00,0.000000000000000000e+00,0.000000000000000000e+00,0.000000000000000000e+00,0.000000000000000000e+00,0.000000000000000000e+00,0.000000000000000000e+00,0.000000000000000000e+00,0.000000000000000000e+00,4.334722063251857938e-01,0.000000000000000000e+00,0.000000000000000000e+00,0.000000000000000000e+00,4.147007955603486118e-01,0.000000000000000000e+00,0.000000000000000000e+00,0.000000000000000000e+00,0.000000000000000000e+00
3.477340441620659917e-01,3.877233712079752870e-01,0.000000000000000000e+00,0.000000000000000000e+00,0.000000000000000000e+00,3.824914800924585911e-01,0.000000000000000000e+00,0.000000000000000000e+00,0.000000000000000000e+00,0.000000000000000000e+00,0.000000000000000000e+00,0.000000000000000000e+00,3.920043088915933227e-01,0.000000000000000000e+00,0.000000000000000000e+00,3.761994645183289743e-01,0.000000000000000000e+00,3.630349743090928727e-01,0.000000000000000000e+00,3.668181614480051089e-01,3.540130783580496820e-01,3.272047844318007881e-01,2.916133363089826736e-01,3.652189235347059748e-01,3.642243165884552769e-01,3.764878740770858934e-01,3.967173861002252222e-01,3.631078204273068821e-01,3.818106073583116267e-01,0.000000000000000000e+00,3.783920479303803930e-01,4.038744283330704121e-01,3.582050986916193724e-01,4.078491041041297782e-01,4.462918882325346837e-01,0.000000000000000000e+00,0.000000000000000000e+00,0.000000000000000000e+00,4.141355312780897191e-01,4.269754829307713107e-01,4.080558071086554106e-01,4.672569609289111137e-01,0.000000000000000000e+00,0.000000000000000000e+00,0.000000000000000000e+00,0.000000000000000000e+00,4.327154445508408220e-01,0.000000000000000000e+00,0.000000000000000000e+00,0.000000000000000000e+00,3.750822000463274186e-01,0.000000000000000000e+00,3.962997133038613784e-01,0.000000000000000000e+00,0.000000000000000000e+00,0.000000000000000000e+00,0.000000000000000000e+00,3.236164764354583778e-01,0.000000000000000000e+00,4.418034682470338148e-01,3.440537471342731135e-01,0.000000000000000000e+00,0.000000000000000000e+00,0.000000000000000000e+00,4.177064392710049812e-01,3.925799394690578925e-01,4.553148129700851920e-01,4.124670971186091273e-01,0.000000000000000000e+00,3.026313600334141762e-01,4.712171723716104266e-01,4.319894066179523207e-01,3.303481500501920243e-01,3.824285196733318015e-01,0.000000000000000000e+00,3.309874676793415071e-01
3.737285391177179728e-01,3.771142998454158901e-01,0.000000000000000000e+00,0.000000000000000000e+00,3.251516963020807949e-01,3.848627618234244929e-01,3.799295881928191898e-01,4.084034856354689103e-01,3.076293885252713856e-01,3.389072486954112784e-01,0.000000000000000000e+00,0.000000000000000000e+00,4.083266854328125861e-01,0.000000000000000000e+00,3.761994645183289743e-01,0.000000000000000000e+00,3.761201132078090814e-01,3.760937603368639803e-01,0.000000000000000000e+00,4.110880145313851042e-01,3.657669444962433070e-01,3.855965279369341081e-01,3.874500822868907068e-01,3.580141485190482253e-01,3.798160199175367180e-01,3.845519440183515214e-01,3.949012204026343120e-01,3.823629930960776857e-01,4.189959217826879079e-01,3.721152988429418107e-01,3.683835020359317869e-01,4.197940714078216007e-01,3.652011850328248932e-01,3.717906174676979258e-01,4.251756460645482738e-01,0.000000000000000000e+00,0.000000000000000000e+00,0.000000000000000000e+00,4.189083119683836842e-01,4.288598619855634730e-01,4.199316945438550941e-01,4.290765522986532132e-01,0.000000000000000000e+00,0.000000000000000000e+00,0.000000000000000000e+00,4.384314387015533221e-01,4.264110414420391737e-01,0.000000000000000000e+00,0.000000000000000000e+00,0.000000000000000000e+00,0.000000000000000000e+00,0.000000000000000000e+00,0.000000000000000000e+00,0.000000000000000000e+00,0.000000000000000000e+00,0.000000000000000000e+00,0.000000000000000000e+00,0.000000000000000000e+00,0.000000000000000000e+00,4.211591331712641884e-01,4.250676567447673193e-01,0.000000000000000000e+00,4.458537721193507886e-01,0.000000000000000000e+00,3.333897378974687853e-01,3.734214340585712000e-01,4.193720939865404063e-01,0.000000000000000000e+00,0.000000000000000000e+00,4.344639780545663243e-01,4.483614906633268116e-01,3.063474184804527156e-01,0.000000000000000000e+00,2.925279692303197066e-01,0.000000000000000000e+00,4.219562565217886974e-01
4.044392961466062864e-01,0.000000000000000000e+00,0.000000000000000000e+00,0.000000000000000000e+00,0.000000000000000000e+00,0.000000000000000000e+00,0.000000000000000000e+00,0.000000000000000000e+00,0.000000000000000000e+00,3.104388062720653263e-01,0.000000000000000000e+00,3.657207966794809861e-01,3.281443328329218811e-01,0.000000000000000000e+00,0.000000000000000000e+00,3.761201132078090814e-01,0.000000000000000000e+00,3.137355027717951272e-01,0.000000000000000000e+00,2.915686178228096836e-01,0.000000000000000000e+00,3.353952541777864838e-01,0.000000000000000000e+00,3.739258579746044253e-01,3.564072306066415896e-01,3.607430437937171885e-01,0.000000000000000000e+00,3.056353271071248212e-01,2.978497745468294822e-01,0.000000000000000000e+00,3.383791436167388755e-01,3.810342723463759906e-01,3.181743749672943933e-01,3.381014224211685848e-01,3.520589285399174928e-01,0.000000000000000000e+00,0.000000000000000000e+00,2.699313586219175276e-01,0.000000000000000000e+00,3.762407796359458212e-01,0.000000000000000000e+00,0.000000000000000000e+00,0.000000000000000000e+00,0.000000000000000000e+00,0.000000000000000000e+00,0.000000000000000000e+00,0.000000000000000000e+00,0.000000000000000000e+00,0.000000000000000000e+00,0.000000000000000000e+00,0.000000000000000000e+00,0.000000000000000000e+00,0.000000000000000000e+00,0.000000000000000000e+00,4.316796625280053257e-01,0.000000000000000000e+00,4.247420860761640937e-01,0.000000000000000000e+00,0.000000000000000000e+00,0.000000000000000000e+00,0.000000000000000000e+00,3.890770389565285092e-01,3.789631839091107124e-01,0.000000000000000000e+00,0.000000000000000000e+00,0.000000000000000000e+00,0.000000000000000000e+00,0.000000000000000000e+00,4.188219051554769035e-01,4.197282622780527106e-01,4.364087186869625157e-01,0.000000000000000000e+00,0.000000000000000000e+00,0.000000000000000000e+00,0.000000000000000000e+00,0.000000000000000000e+00
3.965707621153671814e-01,3.906972634750537909e-01,0.000000000000000000e+00,0.000000000000000000e+00,0.000000000000000000e+00,3.729334750494999184e-01,3.780272785809483116e-01,4.280233010600922872e-01,2.246840916141737976e-01,3.359148454299548114e-01,0.000000000000000000e+00,3.684218831364697855e-01,3.746397466693264788e-01,0.000000000000000000e+00,3.630349743090928727e-01,3.760937603368639803e-01,3.137355027717951272e-01,0.000000000000000000e+00,0.000000000000000000e+00,4.037382328736230930e-01,3.860730502067579173e-01,4.083191148563075079e-01,4.070552150643768075e-01,3.666051751462980901e-01,3.715472804651341887e-01,3.798818117919274262e-01,3.881545599349893738e-01,3.765945587746373224e-01,4.100381376413151924e-01,3.339802704367917929e-01,3.457444785495337736e-01,3.927222683873166087e-01,3.411549699078115783e-01,3.511687131862484268e-01,3.701439090823566147e-01,0.000000000000000000e+00,0.000000000000000000e+00,0.000000000000000000e+00,4.025461147298334819e-01,4.147387524044727214e-01,4.141452233994667997e-01,0.000000000000000000e+00,0.000000000000000000e+00,0.000000000000000000e+00,0.000000000000000000e+00,4.284127661053636071e-01,4.222449599653109731e-01,0.000000000000000000e+00,0.000000000000000000e+00,0.000000000000000000e+00,0.000000000000000000e+00,0.000000000000000000e+00,0.000000000000000000e+00,0.000000000000000000e+00,4.273688693205078271e-01,0.000000000000000000e+00,4.252847612577576042e-01,0.000000000000000000e+00,0.000000000000000000e+00,0.000000000000000000e+00,4.333139929595541950e-01,4.271193770457514249e-01,4.321260077670698863e-01,0.000000000000000000e+00,0.000000000000000000e+00,0.000000000000000000e+00,3.824452435801620753e-01,0.000000000000000000e+00,4.272295205280300934e-01,4.330485923242575752e-01,4.466450267657128270e-01,0.000000000000000000e+00,0.000000000000000000e+00,0.000000000000000000e+00,0.000000000000000000e+00,4.074664119914894189e-01
0.000000000000000000e+00,0.000000000000000000e+00,2.981513522251982851e-01,2.633223789132375092e-01,3.499760140490398852e-01,3.545559186870819723e-01,3.722720848224860823e-01,4.200146039941803910e-01,2.814867351528205219e-01,2.826505994251060083e-01,2.713340924349728067e-01,0.000000000000000000e+00,3.628876007496916190e-01,3.432772589309430189e-01,0.000000000000000000e+00,0.000000000000000000e+00,0.000000000000000000e+00,0.000000000000000000e+00,0.000000000000000000e+00,0.000000000000000000e+00,0.000000000000000000e+00,0.000000000000000000e+00,2.589438763213303130e-01,0.000000000000000000e+00,0.000000000000000000e+00,0.000000000000000000e+00,3.755117340270365256e-01,3.719132619190081979e-01,0.000000000000000000e+00,0.000000000000000000e+00,3.385016112024610835e-01,3.350784468954310924e-01,0.000000000000000000e+00,3.192910327587111241e-01,3.563313601698345212e-01,3.298157518403764810e-01,2.773359454082611197e-01,2.753977087348227770e-01,2.866110895613162013e-01,0.000000000000000000e+00,0.000000000000000000e+00,0.000000000000000000e+00,4.715191807647697853e-01,0.000000000000000000e+00,0.000000000000000000e+00,0.000000000000000000e+00,0.000000000000000000e+00,5.430774772576423270e-01,0.000000000000000000e+00,3.663163192943352242e-01,4.630319317919444067e-01,3.415738509051028937e-01,5.266982245302144205e-01,5.173217567060536259e-01,0.000000000000000000e+00,3.126333143081789778e-01,0.000000000000000000e+00,3.189679448296071085e-01,4.303601699260977131e-01,0.000000000000000000e+00,0.000000000000000000e+00,0.000000000000000000e+00,0.000000000000000000e+00,5.238360589042385662e-01,0.000000000000000000e+00,0.000000000000000000e+00,0.000000000000000000e+00,5.254937437304840753e-01,0.000000000000000000e+00,0.000000000000000000e+00,0.000000000000000000e+00,4.886849028431350939e-01,0.000000000000000000e+00,0.000000000000000000e+00,0.000000000000000000e+00,0.000000000000000000e+00
3.703076322178803226e-01,3.943111703945446078e-01,0.000000000000000000e+00,0.000000000000000000e+00,3.890742497771118025e-01,3.672666617208736883e-01,3.877316414307671044e-01,3.858153010103512748e-01,3.402810569651690820e-01,2.831704792568736084e-01,0.000000000000000000e+00,0.000000000000000000e+00,3.824734951987489029e-01,0.000000000000000000e+00,3.668181614480051089e-01,4.110880145313851042e-01,2.915686178228096836e-01,4.037382328736230930e-01,0.000000000000000000e+00,0.000000000000000000e+00,3.750019920441747256e-01,3.684930549915085840e-01,2.795530291652352228e-01,0.000000000000000000e+00,3.822166817055794863e-01,4.117449952432872817e-01,3.208072271341246839e-01,3.668286605055023908e-01,3.502343457513885094e-01,3.472654455364007076e-01,3.580798327728383912e-01,4.197945254517855274e-01,3.756383044456154119e-01,4.139802473871549982e-01,4.583685849362916231e-01,4.476122145200553959e-01,4.317012073651125825e-01,0.000000000000000000e+00,4.075933780375036730e-01,3.240132135951682146e-01,3.408453852355626257e-01,4.125209685026564044e-01,0.000000000000000000e+00,0.000000000000000000e+00,0.000000000000000000e+00,0.000000000000000000e+00,3.360658918304442189e-01,0.000000000000000000e+00,0.000000000000000000e+00,0.000000000000000000e+00,3.283246967324222054e-01,0.000000000000000000e+00,3.867043735908589075e-01,0.000000000000000000e+00,0.000000000000000000e+00,0.000000000000000000e+00,0.000000000000000000e+00,2.853822300003295842e-01,0.000000000000000000e+00,3.907405618820217197e-01,2.365545062793625031e-01,0.000000000000000000e+00,0.000000000000000000e+00,0.000000000000000000e+00,3.952100719272715890e-01,3.240021644463014772e-01,4.288076711200630164e-01,3.869423727860846207e-01,0.000000000000000000e+00,2.621922229164413976e-01,4.264842040280221180e-01,4.236453433623154075e-01,3.400458734537140093e-01,3.585442145842003270e-01,0.000000000000000000e+00,3.221093768071309760e-01
3.944075169913501822e-01,3.732985369038467893e-01,0.000000000000000000e+00,0.000000000000000000e+00,0.000000000000000000e+00,3.522272591366609751e-01,0.000000000000000000e+00,3.920181111688397224e-01,0.000000000000000000e+00,0.000000000000000000e+00,0.000000000000000000e+00,4.054200256746635089e-01,3.635853064282831837e-01,4.185852807648002827e-01,3.540130783580496820e-01,3.657669444962433070e-01,0.000000000000000000e+00,3.860730502067579173e-01,0.000000000000000000e+00,3.750019920441747256e-01,0.000000000000000000e+00,4.063287590527988047e-01,3.399066403189877072e-01,4.871428114397484133e-01,4.187303506623749061e-01,3.962357473694119725e-01,3.764353513985616018e-01,3.428260405136632216e-01,3.515212280659453237e-01,0.000000000000000000e+00,3.482568332806070255e-01,3.903141480794367069e-01,3.305515694048846154e-01,3.826895603915739796e-01,4.388406491220558925e-01,0.000000000000000000e+00,0.000000000000000000e+00,0.000000000000000000e+00,4.230014719486860919e-01,3.556989906053421024e-01,3.939117171933830264e-01,4.735347389134880181e-01,0.000000000000000000e+00,0.000000000000000000e+00,0.000000000000000000e+00,4.221612377667646743e-01,4.188890602559823262e-01,0.000000000000000000e+00,0.000000000000000000e+00,0.000000000000000000e+00,3.882366907051538751e-01,0.000000000000000000e+00,4.080958542367080222e-01,0.000000000000000000e+00,0.000000000000000000e+00,0.000000000000000000e+00,0.000000000000000000e+00,3.632327938000652900e-01,0.000000000000000000e+00,4.520980420518059817e-01,3.336290957379994815e-01,0.000000000000000000e+00,0.000000000000000000e+00,0.000000000000000000e+00,4.105631596670574202e-01,3.821970019580481770e-01,4.375104537792802728e-01,4.135134909768506950e-01,0.000000000000000000e+00,3.403213480474330810e-01,4.523560274636099776e-01,4.320732020488232128e-01,3.986359782861528811e-01,4.194129543784144154e-01,0.000000000000000000e+00,3.666716539442025913e-01
