0.000000000000000000e+00,3.993501938471831769e-01,0.000000000000000000e+00,0.000000000000000000e+00,0.000000000000000000e+00,3.441550144991721849e-01,0.000000000000000000e+00,4.962431261828205153e-01,0.000000000000000000e+00,3.643342808297658775e-01,0.000000000000000000e+00,3.306584511689554251e-01,3.401908116108999236e-01,0.000000000000000000e+00,3.770026704958042152e-01,3.687807730321001065e-01,3.951417889097351144e-01,3.650821651853650152e-01,0.000000000000000000e+00,4.132987377005257756e-01,3.861018025149373090e-01,3.949880702547213240e-01,4.494636627589880806e-01,3.645995979209680771e-01,3.757436639790553978e-01,3.727981370452396748e-01,4.076256767645002888e-01,3.577284553378964893e-01,3.819635418026902096e-01,0.000000000000000000e+00,3.359288224242216181e-01,3.834879012868575021e-01,3.040281784690023192e-01,3.215757103311269183e-01,3.775036711919321220e-01,0.000000000000000000e+00,0.000000000000000000e+00,0.000000000000000000e+00,3.749196178694870207e-01,3.887777663159149855e-01,4.384079540275783726e-01,0.000000000000000000e+00,0.000000000000000000e+00,0.000000000000000000e+00,0.000000000000000000e+00,3.760408418814106257e-01,4.631089265063141891e-01,0.000000000000000000e+00,0.000000000000000000e+00,0.000000000000000000e+00,0.000000000000000000e+00,0.000000000000000000e+00,0.000000000000000000e+00,0.000000000000000000e+00,0.000000000000000000e+00,0.000000000000000000e+00,0.000000000000000000e+00,0.000000000000000000e+00,0.000000000000000000e+00,0.000000000000000000e+00,4.446263128969357159e-01,0.000000000000000000e+00,4.047789332574953103e-01,0.000000000000000000e+00,0.000000000000000000e+00,3.423512045591944886e-01,4.544873528951050012e-01,0.000000000000000000e+00,3.838897185229869224e-01,4.162670362177787742e-01,4.286076807343401907e-01,0.000000000000000000e+00,0.000000000000000000e+00,0.000000000000000000e+00,0.000000000000000000e+00,3.936382500327503253e-01
3.993501938471831769e-01,0.000000000000000000e+00,0.000000000000000000e+00,0.000000000000000000e+00,4.090754780726841844e-01,4.246440656567647132e-01,4.200347332171098791e-01,4.557923777906361940e-01,3.836483787310023819e-01,0.000000000000000000e+00,0.000000000000000000e+00,0.000000000000000000e+00,4.464732060063367203e-01,0.000000000000000000e+00,4.273512044311176816e-01,4.212810253001786909e-01,0.000000000000000000e+00,4.332974590519073077e-01,0.000000000000000000e+00,4.551246731106898813e-01,4.006379743704094887e-01,4.421649508757807823e-01,4.257617903051384989e-01,0.000000000000000000e+00,4.330318563449686020e-01,4.245360799487968850e-01,4.440381459512258155e-01,4.360550512260045752e-01,4.433446204973839899e-01,0.000000000000000000e+00,3.712949396932787027e-01,4.112546804135193135e-01,3.816856977915137894e-01,3.805158637265442234e-01,4.260439293148076123e-01,0.000000000000000000e+00,0.000000000000000000e+00,0.000000000000000000e+00,4.439046876924713225e-01,4.426523259309478875e-01,4.560670296725595207e-01,4.673940895699800757e-01,0.000000000000000000e+00,0.000000000000000000e+00,0.000000000000000000e+00,4.411004248549408868e-01,4.684366180279019853e-01,0.000000000000000000e+00,0.000000000000000000e+00,0.000000000000000000e+00,3.819626093586693250e-01,0.000000000000000000e+00,0.000000000000000000e+00,0.000000000000000000e+00,0.000000000000000000e+00,0.000000000000000000e+00,0.000000000000000000e+00,0.000000000000000000e+00,0.000000000000000000e+00,4.485068435889836835e-01,4.657084947989967860e-01,0.000000000000000000e+00,4.442524579975077881e-01,0.000000000000000000e+00,4.360023113512205839e-01,4.313704050708109805e-01,4.639623621649545115e-01,4.076406742210029743e-01,0.000000000000000000e+00,4.443809735521745963e-01,4.635274624248095776e-01,4.196540447456968970e-01,0.000000000000000000e+00,4.346212606828370739e-01,0.000000000000000000e+00,4.219749325412984198e-01
0.000000000000000000e+00,0.000000000000000000e+00,0.000000000000000000e+00,3.463600572260006061e-01,4.025821515883363233e-01,4.316538573584168814e-01,4.550714016680839080e-01,4.490225937319192728e-01,3.194158391166463939e-01,3.858879215282405850e-01,3.240483293102212059e-01,3.194339951277150869e-01,4.602613894712849762e-01,4.091932940166576049e-01,0.000000000000000000e+00,0.000000000000000000e+00,0.000000000000000000e+00,0.000000000000000000e+00,2.674100892065621737e-01,0.000000000000000000e+00,0.000000000000000000e+00,0.000000000000000000e+00,2.965860474213071751e-01,0.000000000000000000e+00,0.000000000000000000e+00,0.000000000000000000e+00,3.768078895380637117e-01,4.558805122222053252e-01,0.000000000000000000e+00,0.000000000000000000e+00,4.708662773790486811e-01,4.320500460283199229e-01,3.282951154721988063e-01,4.588040239152584854e-01,4.600529651520778862e-01,3.892640898514381775e-01,4.330335782216461760e-01,0.000000000000000000e+00,3.216483395742554818e-01,0.000000000000000000e+00,3.400431729392484059e-01,0.000000000000000000e+00,4.485447681203387771e-01,0.000000000000000000e+00,0.000000000000000000e+00,0.000000000000000000e+00,0.000000000000000000e+00,4.630478681307559907e-01,0.000000000000000000e+00,3.439543025378430929e-01,5.359366569335167751e-01,3.586945654641888193e-01,4.806437417169234227e-01,5.285513785401149134e-01,0.000000000000000000e+00,3.435101394361593230e-01,0.000000000000000000e+00,3.833213379605833193e-01,4.028750379308622120e-01,0.000000000000000000e+00,0.000000000000000000e+00,0.000000000000000000e+00,0.000000000000000000e+00,3.131019027253765796e-01,0.000000000000000000e+00,0.000000000000000000e+00,0.000000000000000000e+00,5.512998704804789041e-01,0.000000000000000000e+00,0.000000000000000000e+00,0.000000000000000000e+00,5.264001975434476899e-01,3.516434901846329231e-01,0.000000000000000000e+00,0.000000000000000000e+00,0.000000000000000000e+00
0.000000000000000000e+00,0.000000000000000000e+00,3.463600572260006061e-01,0.000000000000000000e+00,2.166010834120312978e-01,3.720630125177152858e-01,2.527279641325296256e-01,3.390374867985049834e-01,4.075380390873412084e-01,2.655451182988545766e-01,3.411906426136928072e-01,2.730576862262827920e-01,3.181750282040847200e-01,2.440053863356868025e-01,0.000000000000000000e+00,0.000000000000000000e+00,0.000000000000000000e+00,0.000000000000000000e+00,3.644294143610620207e-01,3.587052514122434088e-01,0.000000000000000000e+00,0.000000000000000000e+00,3.856649557555766883e-01,0.000000000000000000e+00,0.000000000000000000e+00,0.000000000000000000e+00,3.837275585945840173e-01,2.494719380113601115e-01,3.413416945947316816e-01,0.000000000000000000e+00,3.019589582268288885e-01,2.827130534766724157e-01,0.000000000000000000e+00,3.106506556296284027e-01,2.559530188140504148e-01,1.940681583874669103e-01,1.989176279729603092e-01,2.662203561116164852e-01,0.000000000000000000e+00,0.000000000000000000e+00,0.000000000000000000e+00,0.000000000000000000e+00,0.000000000000000000e+00,0.000000000000000000e+00,0.000000000000000000e+00,0.000000000000000000e+00,0.000000000000000000e+00,0.000000000000000000e+00,0.000000000000000000e+00,0.000000000000000000e+00,0.000000000000000000e+00,0.000000000000000000e+00,0.000000000000000000e+00,0.000000000000000000e+00,0.000000000000000000e+00,0.000000000000000000e+00,0.000000000000000000e+00,0.000000000000000000e+00,0.000000000000000000e+00,0.000000000000000000e+00,0.000000000000000000e+00,0.000000000000000000e+00,0.000000000000000000e+00,0.000000000000000000e+00,0.000000000000000000e+00,0.000000000000000000e+00,0.000000000000000000e+00,0.000000000000000000e+00,0.000000000000000000e+00,0.000000000000000000e+00,0.000000000000000000e+00,0.000000000000000000e+00,0.000000000000000000e+00,0.000000000000000000e+00,0.000000000000000000e+00,0.000000000000000000e+00
0.000000000000000000e+00,4.090754780726841844e-01,4.025821515883363233e-01,2.166010834120312978e-01,0.000000000000000000e+00,4.062345535149592957e-01,3.314627462731453145e-01,3.581390525939808778e-01,3.616773191569154222e-01,3.867321724983108777e-01,3.288765805801883157e-01,3.708466676232505255e-01,3.633999721059137933e-01,2.746149035832218810e-01,0.000000000000000000e+00,4.190467873555406841e-01,0.000000000000000000e+00,0.000000000000000000e+00,3.911974673945630143e-01,0.000000000000000000e+00,0.000000000000000000e+00,4.790541285087369094e-01,3.955961751854167874e-01,0.000000000000000000e+00,3.041079762993543212e-01,3.267502032451097826e-01,4.110642239798488196e-01,3.457920608155202746e-01,4.085358442485094166e-01,0.000000000000000000e+00,4.365700902666723726e-01,3.451620873625161900e-01,3.351432157477475804e-01,4.273649392331652086e-01,3.521216892165072165e-01,2.168325981888354070e-01,2.050314381456181112e-01,3.299497700199606753e-01,3.397934157485759110e-01,0.000000000000000000e+00,0.000000000000000000e+00,0.000000000000000000e+00,0.000000000000000000e+00,0.000000000000000000e+00,0.000000000000000000e+00,0.000000000000000000e+00,0.000000000000000000e+00,4.931477656714554070e-01,0.000000000000000000e+00,0.000000000000000000e+00,4.103776403489372004e-01,0.000000000000000000e+00,0.000000000000000000e+00,3.867998811413174143e-01,0.000000000000000000e+00,3.617371346199205751e-01,0.000000000000000000e+00,0.000000000000000000e+00,0.000000000000000000e+00,0.000000000000000000e+00,0.000000000000000000e+00,0.000000000000000000e+00,0.000000000000000000e+00,3.357822335457871232e-01,0.000000000000000000e+00,0.000000000000000000e+00,0.000000000000000000e+00,4.845950005467482002e-01,0.000000000000000000e+00,0.000000000000000000e+00,0.000000000000000000e+00,3.668456003065306836e-01,0.000000000000000000e+00,0.000000000000000000e+00,0.000000000000000000e+00,0.000000000000000000e+00
3.441550144991721849e-01,4.246440656567647132e-01,4.316538573584168814e-01,3.720630125177152858e-01,4.062345535149592957e-01,0.000000000000000000e+00,4.068386399982603097e-01,4.313585331242392740e-01,3.500059462587031822e-01,3.879673333359900944e-01,3.951088734531282842e-01,3.105136194759279822e-01,3.893067159170250924e-01,4.428501370494690725e-01,4.086328115367093838e-01,4.679783983220395238e-01,3.135085493724745209e-01,4.286609629461763937e-01,4.375581515547082856e-01,4.616736271354491827e-01,4.094575354147578783e-01,4.688246815347997254e-01,4.182194376413639891e-01,0.000000000000000000e+00,3.871053878915842184e-01,3.828039689570377213e-01,3.979561006165248105e-01,3.980205016911942950e-01,4.050662039873587084e-01,4.186833578062527095e-01,4.323815520264174816e-01,4.095787771216917728e-01,3.982049627056720165e-01,4.328729999802962136e-01,4.418198494658315822e-01,4.233401631335813042e-01,4.314958972449012831e-01,3.555561982671769927e-01,4.513307427501300761e-01,0.000000000000000000e+00,4.352636542971662914e-01,3.999071533101495879e-01,4.541422104705006846e-01,0.000000000000000000e+00,0.000000000000000000e+00,0.000000000000000000e+00,3.296375291494846871e-01,5.355911234098118534e-01,0.000000000000000000e+00,4.195541264164220907e-01,4.898255777083331819e-01,4.533439456281588842e-01,4.803216404285556851e-01,5.397439816797665602e-01,0.000000000000000000e+00,4.545608194044731820e-01,0.000000000000000000e+00,4.652035291145287244e-01,0.000000000000000000e+00,3.540429408412211765e-01,0.000000000000000000e+00,0.000000000000000000e+00,0.000000000000000000e+00,4.821203404528149883e-01,3.604813517968948888e-01,4.106318369697906090e-01,3.551459379274721773e-01,5.040649546606459364e-01,0.000000000000000000e+00,0.000000000000000000e+00,3.252731479193686215e-01,4.890932548741138142e-01,4.762910652817418100e-01,4.570373198042005924e-01,4.288184318612773827e-01,4.576455250413670184e-01
0.000000000000000000e+00,4.200347332171098791e-01,4.550714016680839080e-01,2.527279641325296256e-01,3.314627462731453145e-01,4.068386399982603097e-01,0.000000000000000000e+00,4.204788232594756092e-01,4.018869436418905927e-01,3.928360376055957115e-01,4.335879994815973193e-01,3.941437645419780811e-01,3.474737992715276058e-01,3.474299062702386198e-01,0.000000000000000000e+00,4.675651260119871866e-01,3.941602659203409798e-01,3.993723565285344779e-01,4.665656577483965894e-01,4.259832747805363806e-01,0.000000000000000000e+00,4.782029517616439018e-01,4.194155385107875000e-01,3.985201802997929144e-01,3.734910581468228741e-01,3.497940053796509963e-01,4.220122810814246894e-01,3.489098363457366903e-01,4.173864183572422726e-01,0.000000000000000000e+00,4.295163255006843039e-01,4.011695056874737264e-01,3.586553694505080214e-01,4.278011871720605042e-01,4.256292272858103187e-01,2.980621383794478940e-01,2.726561483154024135e-01,3.685175864939679857e-01,2.912118972262834893e-01,0.000000000000000000e+00,0.000000000000000000e+00,0.000000000000000000e+00,0.000000000000000000e+00,0.000000000000000000e+00,0.000000000000000000e+00,0.000000000000000000e+00,0.000000000000000000e+00,3.992071742231489972e-01,0.000000000000000000e+00,0.000000000000000000e+00,3.803757090208063074e-01,0.000000000000000000e+00,4.311507811699448744e-01,3.681870855730637881e-01,0.000000000000000000e+00,0.000000000000000000e+00,0.000000000000000000e+00,0.000000000000000000e+00,0.000000000000000000e+00,0.000000000000000000e+00,0.000000000000000000e+00,0.000000000000000000e+00,0.000000000000000000e+00,0.000000000000000000e+00,0.000000000000000000e+00,0.000000000000000000e+00,0.000000000000000000e+00,4.809565957939114234e-01,0.000000000000000000e+00,0.000000000000000000e+00,0.000000000000000000e+00,4.023479118391117826e-01,0.000000000000000000e+00,0.000000000000000000e+00,0.000000000000000000e+00,0.000000000000000000e+00
4.962431261828205153e-01,4.557923777906361940e-01,4.490225937319192728e-01,3.390374867985049834e-01,3.581390525939808778e-01,4.313585331242392740e-01,4.204788232594756092e-01,0.000000000000000000e+00,4.878662042292046253e-01,4.034151247529719209e-01,3.220655358285196002e-01,3.728008127070613908e-01,4.355865343141360202e-01,3.466753618367737211e-01,4.582527872162071025e-01,4.585493267284935226e-01,0.000000000000000000e+00,4.376554625845822111e-01,4.336584022373681235e-01,4.200278284839952803e-01,4.140084571141927072e-01,0.000000000000000000e+00,3.881943937103142228e-01,5.074754121754269098e-01,4.653865406807171090e-01,4.587212034045314857e-01,4.580073998634073829e-01,4.351593637221906063e-01,4.211645384765109190e-01,4.089250264555934766e-01,4.539250552667541960e-01,3.917771222447732904e-01,4.200243497552201832e-01,4.521834881249600091e-01,4.338951908425979775e-01,2.877400029360422939e-01,3.992658820512987039e-01,0.000000000000000000e+00,4.620664580866454263e-01,0.000000000000000000e+00,4.981996088574122128e-01,0.000000000000000000e+00,3.872966519695386078e-01,0.000000000000000000e+00,0.000000000000000000e+00,0.000000000000000000e+00,0.000000000000000000e+00,5.258123037199323724e-01,0.000000000000000000e+00,4.448080966199770003e-01,4.762851492784542229e-01,5.094531072224852686e-01,4.331873154174641916e-01,5.298538516801487575e-01,0.000000000000000000e+00,4.248456740739134929e-01,0.000000000000000000e+00,4.769088022134607141e-01,0.000000000000000000e+00,4.777895297320362000e-01,0.000000000000000000e+00,0.000000000000000000e+00,0.000000000000000000e+00,4.795160057910122786e-01,0.000000000000000000e+00,5.280873893102935313e-01,0.000000000000000000e+00,5.081682796414060954e-01,0.000000000000000000e+00,0.000000000000000000e+00,0.000000000000000000e+00,5.033173365417458189e-01,4.822546372171290230e-01,4.688979489614581997e-01,0.000000000000000000e+00,4.726769313088062252e-01
0.000000000000000000e+00,3.836483787310023819e-01,3.194158391166463939e-01,4.075380390873412084e-01,3.616773191569154222e-01,3.500059462587031822e-01,4.018869436418905927e-01,4.878662042292046253e-01,0.000000000000000000e+00,4.496614524120651213e-01,3.540540116268697801e-01,3.686740636073000954e-01,4.098247990224918036e-01,4.244016177525831157e-01,0.000000000000000000e+00,4.193549646346593218e-01,0.000000000000000000e+00,2.692271051830212869e-01,3.067991272884283971e-01,4.371368508843770928e-01,0.000000000000000000e+00,4.644685781480374920e-01,4.305827523851236127e-01,3.700464030175593111e-01,2.799481680370967118e-01,2.464840611943689974e-01,3.850102219012743188e-01,4.475369733887288870e-01,3.965442775473870807e-01,4.304583356187222098e-01,4.635108857285232808e-01,4.311664857418525121e-01,3.737921640364885167e-01,4.539649416739175991e-01,4.541187576126655134e-01,4.231809036660509893e-01,4.464693362484412065e-01,3.833916400329874241e-01,3.885335369508022274e-01,0.000000000000000000e+00,2.864360603953913786e-01,0.000000000000000000e+00,4.749649455683813137e-01,0.000000000000000000e+00,0.000000000000000000e+00,0.000000000000000000e+00,0.000000000000000000e+00,5.387889908469426503e-01,0.000000000000000000e+00,4.151794109932854249e-01,5.105400338241240510e-01,4.038016842151377905e-01,5.394040057029330093e-01,4.902883738130380253e-01,0.000000000000000000e+00,5.140064189210086232e-01,0.000000000000000000e+00,3.924941546113783208e-01,0.000000000000000000e+00,0.000000000000000000e+00,0.000000000000000000e+00,0.000000000000000000e+00,0.000000000000000000e+00,4.930927171358511774e-01,0.000000000000000000e+00,0.000000000000000000e+00,0.000000000000000000e+00,5.363423412668245627e-01,0.000000000000000000e+00,0.000000000000000000e+00,0.000000000000000000e+00,5.269729661070752247e-01,3.438676981379799047e-01,0.000000000000000000e+00,0.000000000000000000e+00,0.000000000000000000e+00
3.643342808297658775e-01,0.000000000000000000e+00,3.858879215282405850e-01,2.655451182988545766e-01,3.867321724983108777e-01,3.879673333359900944e-01,3.928360376055957115e-01,4.034151247529719209e-01,4.496614524120651213e-01,0.000000000000000000e+00,4.484971184339557881e-01,2.898179123633115029e-01,4.248268481124086171e-01,0.000000000000000000e+00,0.000000000000000000e+00,3.585780424477866823e-01,3.403974473392735178e-01,3.858491874130604016e-01,4.444135472340484116e-01,3.591673182682609267e-01,0.000000000000000000e+00,3.496038040065274077e-01,3.923256967005894769e-01,3.504128201990344138e-01,3.485869846049817200e-01,3.399362418190476909e-01,3.955588476526923913e-01,3.979566610249520853e-01,3.406879883545109178e-01,0.000000000000000000e+00,3.463105982171589270e-01,3.217281974996866190e-01,3.440587147742444896e-01,3.243583909435581725e-01,3.080338154942012796e-01,3.396355694320615237e-01,2.866269900468884080e-01,3.049429455905721120e-01,2.626005470723465907e-01,3.523160696635259104e-01,3.666481035582799808e-01,3.859516913452742948e-01,0.000000000000000000e+00,0.000000000000000000e+00,3.847132501118580850e-01,4.673196278382498181e-01,0.000000000000000000e+00,0.000000000000000000e+00,0.000000000000000000e+00,0.000000000000000000e+00,0.000000000000000000e+00,0.000000000000000000e+00,0.000000000000000000e+00,0.000000000000000000e+00,4.592313320627914863e-01,0.000000000000000000e+00,4.752235402893726923e-01,3.991908060792960788e-01,0.000000000000000000e+00,0.000000000000000000e+00,0.000000000000000000e+00,4.161294380286023054e-01,4.145454284395638789e-01,0.000000000000000000e+00,0.000000000000000000e+00,0.000000000000000000e+00,0.000000000000000000e+00,0.000000000000000000e+00,4.532120753675101255e-01,4.299205160384744762e-01,4.486203183555301788e-01,0.000000000000000000e+00,3.761092195277851991e-01,0.000000000000000000e+00,0.000000000000000000e+00,4.161302182933814819e-01
0.000000000000000000e+00,0.000000000000000000e+00,3.240483293102212059e-01,3.411906426136928072e-01,3.288765805801883157e-01,3.951088734531282842e-01,4.335879994815973193e-01,3.220655358285196002e-01,3.540540116268697801e-01,4.484971184339557881e-01,0.000000000000000000e+00,3.929290900713022783e-01,4.474067856583727743e-01,3.116639871234834769e-01,0.000000000000000000e+00,0.000000000000000000e+00,3.698495676766085927e-01,0.000000000000000000e+00,3.026684472567046091e-01,0.000000000000000000e+00,0.000000000000000000e+00,0.000000000000000000e+00,3.412168632848440741e-01,4.067152794302398844e-01,0.000000000000000000e+00,3.085295869464094176e-01,4.015924161100619116e-01,4.489836762235138723e-01,0.000000000000000000e+00,0.000000000000000000e+00,4.684429539959655830e-01,3.548660587116637122e-01,4.208350104232190247e-01,4.645226627174344203e-01,4.594287227944074958e-01,2.913079800146535225e-01,4.054608726796565255e-01,4.041745323576543814e-01,3.641673351967122940e-01,0.000000000000000000e+00,0.000000000000000000e+00,0.000000000000000000e+00,3.873123044021626882e-01,0.000000000000000000e+00,0.000000000000000000e+00,0.000000000000000000e+00,0.000000000000000000e+00,4.444713627654742760e-01,0.000000000000000000e+00,3.588074341572463077e-01,4.635632169414281023e-01,3.935788279471881257e-01,4.013879763699422787e-01,3.828786127596167099e-01,0.000000000000000000e+00,2.582960398389038126e-01,0.000000000000000000e+00,3.555641947176398920e-01,3.769034031322134881e-01,0.000000000000000000e+00,0.000000000000000000e+00,0.000000000000000000e+00,0.000000000000000000e+00,2.583234297183548134e-01,0.000000000000000000e+00,0.000000000000000000e+00,0.000000000000000000e+00,5.194281056427541010e-01,0.000000000000000000e+00,0.000000000000000000e+00,0.000000000000000000e+00,5.013881913302047355e-01,3.398626782356206077e-01,0.000000000000000000e+00,0.000000000000000000e+00,0.000000000000000000e+00
3.306584511689554251e-01,0.000000000000000000e+00,3.194339951277150869e-01,2.730576862262827920e-01,3.708466676232505255e-01,3.105136194759279822e-01,3.941437645419780811e-01,3.728008127070613908e-01,3.686740636073000954e-01,2.898179123633115029e-01,3.929290900713022783e-01,0.000000000000000000e+00,4.253663233529719756e-01,0.000000000000000000e+00,0.000000000000000000e+00,0.000000000000000000e+00,3.874206506486115864e-01,3.696530557765697056e-01,3.469370621275943978e-01,0.000000000000000000e+00,3.570433338384351174e-01,0.000000000000000000e+00,3.076018900811294254e-01,3.161671486325656200e-01,3.832740588758706823e-01,3.168324316588717049e-01,3.049919464482224174e-01,3.945629542449713978e-01,0.000000000000000000e+00,0.000000000000000000e+00,3.497981836791009824e-01,2.478409006449605045e-01,3.403731125481060937e-01,2.749997494154549083e-01,2.689598820282325109e-01,3.515393570873163176e-01,3.030374755356466943e-01,2.684279277328566193e-01,2.480954916323344084e-01,3.450506109129561905e-01,4.169657419987397029e-01,3.370846913270135192e-01,0.000000000000000000e+00,0.000000000000000000e+00,3.992730712684515737e-01,0.000000000000000000e+00,0.000000000000000000e+00,0.000000000000000000e+00,0.000000000000000000e+00,0.000000000000000000e+00,0.000000000000000000e+00,0.000000000000000000e+00,0.000000000000000000e+00,0.000000000000000000e+00,4.617870886681206266e-01,0.000000000000000000e+00,4.728006886538582143e-01,4.032971408844662209e-01,0.000000000000000000e+00,0.000000000000000000e+00,0.000000000000000000e+00,4.276532378463149264e-01,4.167087798323804160e-01,0.000000000000000000e+00,0.000000000000000000e+00,0.000000000000000000e+00,0.000000000000000000e+00,0.000000000000000000e+00,4.316842892387753872e-01,4.395672092810202214e-01,4.531956779116008138e-01,0.000000000000000000e+00,4.373156084712787051e-01,0.000000000000000000e+00,0.000000000000000000e+00,4.034142529625444062e-01
3.401908116108999236e-01,4.464732060063367203e-01,4.602613894712849762e-01,3.181750282040847200e-01,3.633999721059137933e-01,3.893067159170250924e-01,3.474737992715276058e-01,4.355865343141360202e-01,4.098247990224918036e-01,4.248268481124086171e-01,4.474067856583727743e-01,4.253663233529719756e-01,0.000000000000000000e+00,3.741616669296090048e-01,4.041083650647259162e-01,4.754949744038314274e-01,4.310400354833566205e-01,4.440338240818065829e-01,4.683235112450970794e-01,4.299381708593185136e-01,3.941822268366291238e-01,4.810606092586292015e-01,4.270239857509323111e-01,4.277208723378844724e-01,4.173890891789622248e-01,4.205322844246828784e-01,4.302342344786840855e-01,3.536774448473735122e-01,4.080999309140270759e-01,3.619285328011134228e-01,4.154980403007010881e-01,4.109563518348108846e-01,4.204259013684296109e-01,4.238700703001930248e-01,4.161638932125839019e-01,3.506147221529529734e-01,3.540652958333304068e-01,4.020667595747112744e-01,3.472546486344165739e-01,0.000000000000000000e+00,3.851626344702828164e-01,2.726374027951419809e-01,3.112849014092490818e-01,0.000000000000000000e+00,0.000000000000000000e+00,0.000000000000000000e+00,0.000000000000000000e+00,3.966285904868652734e-01,0.000000000000000000e+00,0.000000000000000000e+00,4.222140604803563124e-01,3.344127248860988000e-01,4.559083190961926157e-01,0.000000000000000000e+00,0.000000000000000000e+00,0.000000000000000000e+00,4.415841055812090854e-01,0.000000000000000000e+00,0.000000000000000000e+00,3.000697126459601072e-01,0.000000000000000000e+00,0.000000000000000000e+00,0.000000000000000000e+00,0.000000000000000000e+00,3.014745466810309082e-01,0.000000000000000000e+00,2.762186646444986238e-01,4.925045393847979902e-01,0.000000000000000000e+00,2.890183889514755244e-01,3.025723918855823258e-01,4.653460080420132039e-01,0.000000000000000000e+00,3.739183518100803183e-01,0.000000000000000000e+00,0.000000000000000000e+00
0.000000000000000000e+00,0.000000000000000000e+00,4.091932940166576049e-01,2.440053863356868025e-01,2.746149035832218810e-01,4.428501370494690725e-01,3.474299062702386198e-01,3.466753618367737211e-01,4.244016177525831157e-01,0.000000000000000000e+00,3.116639871234834769e-01,0.000000000000000000e+00,3.741616669296090048e-01,0.000000000000000000e+00,0.000000000000000000e+00,0.000000000000000000e+00,0.000000000000000000e+00,0.000000000000000000e+00,3.887952602015535830e-01,0.000000000000000000e+00,0.000000000000000000e+00,0.000000000000000000e+00,3.896668132416051811e-01,0.000000000000000000e+00,0.000000000000000000e+00,0.000000000000000000e+00,4.526138487434274160e-01,3.006173358853069799e-01,0.000000000000000000e+00,0.000000000000000000e+00,0.000000000000000000e+00,2.610613896672374090e-01,0.000000000000000000e+00,0.000000000000000000e+00,0.000000000000000000e+00,2.311026536288897093e-01,1.799463430149489951e-01,0.000000000000000000e+00,0.000000000000000000e+00,0.000000000000000000e+00,0.000000000000000000e+00,0.000000000000000000e+00,3.627777173401082744e-01,0.000000000000000000e+00,0.000000000000000000e+00,0.000000000000000000e+00,0.000000000000000000e+00,3.916410276797753220e-01,0.000000000000000000e+00,0.000000000000000000e+00,0.000000000000000000e+00,0.000000000000000000e+00,0.000000000000000000e+00,0.000000000000000000e+00,0.000000000000000000e+00,3.546743848426570089e-01,0.000000000000000000e+00,0.000000000000000000e+00,0.000000000000000000e+00,0.000000000000000000e+00,0.000000000000000000e+00,0.000000000000000000e+00,0.000000000000000000e+00,0.000000000000000000e+00,0.000000000000000000e+00,0.000000000000000000e+00,0.000000000000000000e+00,4.413613127100016187e-01,0.000000000000000000e+00,0.000000000000000000e+00,0.000000000000000000e+00,4.298485848449646873e-01,0.000000000000000000e+00,0.000000000000000000e+00,0.000000000000000000e+00,0.000000000000000000e+00
3.770026704958042152e-01,4.273512044311176816e-01,0.000000000000000000e+00,0.000000000000000000e+00,0.000000000000000000e+00,4.086328115367093838e-01,0.000000000000000000e+00,4.582527872162071025e-01,0.000000000000000000e+00,0.000000000000000000e+00,0.000000000000000000e+00,0.000000000000000000e+00,4.041083650647259162e-01,0.000000000000000000e+00,0.000000000000000000e+00,3.960201847258066898e-01,0.000000000000000000e+00,4.033706924562627805e-01,0.000000000000000000e+00,3.773043141808288259e-01,3.911178283115582799e-01,4.061810726288023754e-01,4.018210617220104863e-01,4.054644738424427741e-01,3.789479726854442787e-01,3.756676787588750788e-01,4.178459112078504734e-01,3.761723908167586838e-01,3.816959849197302801e-01,0.000000000000000000e+00,3.865294610769102746e-01,4.010766805460043161e-01,3.748940285140505146e-01,4.013182020774317960e-01,4.281843724821571273e-01,4.734741371662151144e-01,0.000000000000000000e+00,0.000000000000000000e+00,4.240476559075080920e-01,4.588147347541903232e-01,4.475414629532423749e-01,4.649095794025913109e-01,0.000000000000000000e+00,0.000000000000000000e+00,0.000000000000000000e+00,0.000000000000000000e+00,4.686138828819346736e-01,0.000000000000000000e+00,0.000000000000000000e+00,0.000000000000000000e+00,4.163846298935355850e-01,0.000000000000000000e+00,0.000000000000000000e+00,0.000000000000000000e+00,0.000000000000000000e+00,0.000000000000000000e+00,0.000000000000000000e+00,0.000000000000000000e+00,0.000000000000000000e+00,4.589439381487768754e-01,4.374107058840990825e-01,0.000000000000000000e+00,0.000000000000000000e+00,0.000000000000000000e+00,4.491606489047433870e-01,4.348935657981365943e-01,4.743274361237121983e-01,4.507889267060822269e-01,0.000000000000000000e+00,3.555555049599988249e-01,4.783322000342370983e-01,4.577134067807006046e-01,4.846283524957625821e-01,4.317778905768140940e-01,0.000000000000000000e+00,3.993610684748019057e-01
3.687807730321001065e-01,4.212810253001786909e-01,0.000000000000000000e+00,0.000000000000000000e+00,4.190467873555406841e-01,4.679783983220395238e-01,4.675651260119871866e-01,4.585493267284935226e-01,4.193549646346593218e-01,3.585780424477866823e-01,0.000000000000000000e+00,0.000000000000000000e+00,4.754949744038314274e-01,0.000000000000000000e+00,3.960201847258066898e-01,0.000000000000000000e+00,3.771005053581900079e-01,3.512250001269693889e-01,0.000000000000000000e+00,4.163394640100727129e-01,3.886757135874371882e-01,3.854655008544192740e-01,4.165383580910290151e-01,3.479832791614703158e-01,4.019898865841752267e-01,3.992893091672354844e-01,4.397325825107404884e-01,4.681277818465858220e-01,4.643148834064311226e-01,4.451708560630531775e-01,3.524087414700218246e-01,4.332052499180811256e-01,3.785289510714991978e-01,3.818870978167709929e-01,4.239383833552540226e-01,0.000000000000000000e+00,0.000000000000000000e+00,0.000000000000000000e+00,4.185214683238264177e-01,4.223772032210036942e-01,4.327939174970317771e-01,4.573810475463371827e-01,0.000000000000000000e+00,0.000000000000000000e+00,0.000000000000000000e+00,4.329917487163164047e-01,4.526884971202114194e-01,0.000000000000000000e+00,0.000000000000000000e+00,0.000000000000000000e+00,0.000000000000000000e+00,0.000000000000000000e+00,0.000000000000000000e+00,0.000000000000000000e+00,0.000000000000000000e+00,0.000000000000000000e+00,0.000000000000000000e+00,0.000000000000000000e+00,0.000000000000000000e+00,4.251137642064238276e-01,4.506450386110769091e-01,0.000000000000000000e+00,4.213383148611463125e-01,0.000000000000000000e+00,0.000000000000000000e+00,4.059567938516044916e-01,4.370556169936166135e-01,3.243938671602468182e-01,0.000000000000000000e+00,4.313712097854249250e-01,4.408661746242483748e-01,3.497573980176946762e-01,0.000000000000000000e+00,3.548963600239669058e-01,0.000000000000000000e+00,4.115647900559536998e-01
3.951417889097351144e-01,0.000000000000000000e+00,0.000000000000000000e+00,0.000000000000000000e+00,0.000000000000000000e+00,3.135085493724745209e-01,3.941602659203409798e-01,0.000000000000000000e+00,0.000000000000000000e+00,3.403974473392735178e-01,3.698495676766085927e-01,3.874206506486115864e-01,4.310400354833566205e-01,0.000000000000000000e+00,0.000000000000000000e+00,3.771005053581900079e-01,0.000000000000000000e+00,3.298497263391447221e-01,0.000000000000000000e+00,3.746952544636291127e-01,0.000000000000000000e+00,3.888627251102338978e-01,0.000000000000000000e+00,3.881437350654993179e-01,3.672027054301630900e-01,3.945360187135675267e-01,0.000000000000000000e+00,4.149770170367155786e-01,3.689958076599785808e-01,0.000000000000000000e+00,3.511145296095576906e-01,4.075376792356503741e-01,3.692121683327712067e-01,3.769935399319372937e-01,3.736999322934095868e-01,0.000000000000000000e+00,0.000000000000000000e+00,3.243205616804349933e-01,0.000000000000000000e+00,3.499242719513876998e-01,0.000000000000000000e+00,0.000000000000000000e+00,0.000000000000000000e+00,0.000000000000000000e+00,0.000000000000000000e+00,0.000000000000000000e+00,0.000000000000000000e+00,0.000000000000000000e+00,0.000000000000000000e+00,0.000000000000000000e+00,0.000000000000000000e+00,0.000000000000000000e+00,0.000000000000000000e+00,0.000000000000000000e+00,4.793776319342359926e-01,0.000000000000000000e+00,4.934866301057108107e-01,0.000000000000000000e+00,0.000000000000000000e+00,0.000000000000000000e+00,0.000000000000000000e+00,4.541232619463523856e-01,4.276603169659112802e-01,0.000000000000000000e+00,0.000000000000000000e+00,0.000000000000000000e+00,0.000000000000000000e+00,0.000000000000000000e+00,4.629104405658128196e-01,4.609127627229632207e-01,4.679502368256813205e-01,0.000000000000000000e+00,0.000000000000000000e+00,0.000000000000000000e+00,0.000000000000000000e+00,0.000000000000000000e+00
3.650821651853650152e-01,4.332974590519073077e-01,0.000000000000000000e+00,0.000000000000000000e+00,0.000000000000000000e+00,4.286609629461763937e-01,3.993723565285344779e-01,4.376554625845822111e-01,2.692271051830212869e-01,3.858491874130604016e-01,0.000000000000000000e+00,3.696530557765697056e-01,4.440338240818065829e-01,0.000000000000000000e+00,4.033706924562627805e-01,3.512250001269693889e-01,3.298497263391447221e-01,0.000000000000000000e+00,0.000000000000000000e+00,4.464016060484695125e-01,4.008685552590244838e-01,4.417691062909426258e-01,4.289857945194668898e-01,3.572737509371300968e-01,3.660209979242498024e-01,3.836354673762016887e-01,4.273020744763447176e-01,4.429056569730501769e-01,4.550148047923007200e-01,3.596168285408767873e-01,3.693164729575977856e-01,4.178918008953497187e-01,3.780585364157826866e-01,3.983990288134788837e-01,4.001168312432383245e-01,0.000000000000000000e+00,0.000000000000000000e+00,0.000000000000000000e+00,4.069568878807919843e-01,4.034044116219899223e-01,4.240563144744645130e-01,4.394122392984068926e-01,0.000000000000000000e+00,0.000000000000000000e+00,0.000000000000000000e+00,4.132706371644203069e-01,4.515905040989480201e-01,0.000000000000000000e+00,0.000000000000000000e+00,0.000000000000000000e+00,0.000000000000000000e+00,0.000000000000000000e+00,0.000000000000000000e+00,0.000000000000000000e+00,4.592648773456705080e-01,0.000000000000000000e+00,4.803009104901597159e-01,0.000000000000000000e+00,0.000000000000000000e+00,0.000000000000000000e+00,4.337629325496076271e-01,4.676516037964161820e-01,4.187237033729713231e-01,0.000000000000000000e+00,0.000000000000000000e+00,0.000000000000000000e+00,4.151814708408331223e-01,0.000000000000000000e+00,4.353247099180488910e-01,4.287624670713696129e-01,4.374152383358437812e-01,0.000000000000000000e+00,0.000000000000000000e+00,0.000000000000000000e+00,0.000000000000000000e+00,4.250404639577596844e-01
0.000000000000000000e+00,0.000000000000000000e+00,2.674100892065621737e-01,3.644294143610620207e-01,3.911974673945630143e-01,4.375581515547082856e-01,4.665656577483965894e-01,4.336584022373681235e-01,3.067991272884283971e-01,4.444135472340484116e-01,3.026684472567046091e-01,3.469370621275943978e-01,4.683235112450970794e-01,3.887952602015535830e-01,0.000000000000000000e+00,0.000000000000000000e+00,0.000000000000000000e+00,0.000000000000000000e+00,0.000000000000000000e+00,0.000000000000000000e+00,0.000000000000000000e+00,0.000000000000000000e+00,3.069262056463322175e-01,0.000000000000000000e+00,0.000000000000000000e+00,0.000000000000000000e+00,3.904137713504841067e-01,4.684120979128353901e-01,0.000000000000000000e+00,0.000000000000000000e+00,4.833650130788940125e-01,4.394254565407657021e-01,0.000000000000000000e+00,4.858370677635751034e-01,4.550056898597821253e-01,3.961323680811392745e-01,4.410472144732439093e-01,3.900827245174190994e-01,3.650586132167081277e-01,0.000000000000000000e+00,0.000000000000000000e+00,0.000000000000000000e+00,4.224614011034090733e-01,0.000000000000000000e+00,0.000000000000000000e+00,0.000000000000000000e+00,0.000000000000000000e+00,5.438595307871399998e-01,0.000000000000000000e+00,4.233892645918012065e-01,4.888855338385522109e-01,4.161206477449425067e-01,5.225356534404647091e-01,5.160637106385292938e-01,0.000000000000000000e+00,4.962792428871798944e-01,0.000000000000000000e+00,3.876965470625046151e-01,4.295118041924841923e-01,0.000000000000000000e+00,0.000000000000000000e+00,0.000000000000000000e+00,0.000000000000000000e+00,4.555607469322773273e-01,0.000000000000000000e+00,0.000000000000000000e+00,0.000000000000000000e+00,5.361807945588101809e-01,0.000000000000000000e+00,0.000000000000000000e+00,0.000000000000000000e+00,5.180920109173133836e-01,0.000000000000000000e+00,0.000000000000000000e+00,0.000000000000000000e+00,0.000000000000000000e+00
4.132987377005257756e-01,4.551246731106898813e-01,0.000000000000000000e+00,3.587052514122434088e-01,0.000000000000000000e+00,4.616736271354491827e-01,4.259832747805363806e-01,4.200278284839952803e-01,4.371368508843770928e-01,3.591673182682609267e-01,0.000000000000000000e+00,0.000000000000000000e+00,4.299381708593185136e-01,0.000000000000000000e+00,3.773043141808288259e-01,4.163394640100727129e-01,3.746952544636291127e-01,4.464016060484695125e-01,0.000000000000000000e+00,0.000000000000000000e+00,4.237854238818284935e-01,4.095402919525636953e-01,3.521002569758068801e-01,0.000000000000000000e+00,4.377626570617509927e-01,4.299485879394798205e-01,3.790338938261795798e-01,3.825072506437818820e-01,3.797578857692993082e-01,3.445068501247796067e-01,3.727251846251565803e-01,4.286957329934669159e-01,3.991837206221646173e-01,4.146609524298978111e-01,4.481443905929903271e-01,4.721940603564022121e-01,4.301703924084547825e-01,0.000000000000000000e+00,4.101341139545688907e-01,4.029319667833676788e-01,4.216553211659465061e-01,4.457220004021740789e-01,0.000000000000000000e+00,0.000000000000000000e+00,0.000000000000000000e+00,0.000000000000000000e+00,4.213782020253865057e-01,0.000000000000000000e+00,0.000000000000000000e+00,0.000000000000000000e+00,3.954967185372836869e-01,0.000000000000000000e+00,0.000000000000000000e+00,0.000000000000000000e+00,0.000000000000000000e+00,0.000000000000000000e+00,0.000000000000000000e+00,3.473653217204871746e-01,0.000000000000000000e+00,4.353880062097327808e-01,3.267287661016282097e-01,0.000000000000000000e+00,0.000000000000000000e+00,0.000000000000000000e+00,4.349583863296906938e-01,4.301081923113719840e-01,4.691034473966770868e-01,4.451284206898584173e-01,0.000000000000000000e+00,3.126626225948027082e-01,4.852496747503535213e-01,4.504632153296934116e-01,4.247225930267450877e-01,4.177800896899578897e-01,0.000000000000000000e+00,3.945884894854649882e-01
3.861018025149373090e-01,4.006379743704094887e-01,0.000000000000000000e+00,0.000000000000000000e+00,0.000000000000000000e+00,4.094575354147578783e-01,0.000000000000000000e+00,4.140084571141927072e-01,0.000000000000000000e+00,0.000000000000000000e+00,0.000000000000000000e+00,3.570433338384351174e-01,3.941822268366291238e-01,0.000000000000000000e+00,3.911178283115582799e-01,3.886757135874371882e-01,0.000000000000000000e+00,4.008685552590244838e-01,0.000000000000000000e+00,4.237854238818284935e-01,0.000000000000000000e+00,4.199530562001335121e-01,4.139381003328466146e-01,4.740415736785772993e-01,4.054630490141328258e-01,3.969813410373371210e-01,4.266707464395786964e-01,3.865392290238383044e-01,3.873116832997481884e-01,0.000000000000000000e+00,3.646845103080567085e-01,3.919539881284356819e-01,3.570874884284633843e-01,3.719945139715831184e-01,4.126925266313268836e-01,0.000000000000000000e+00,0.000000000000000000e+00,0.000000000000000000e+00,4.181329958323982132e-01,4.047532481631587742e-01,4.260088873771072926e-01,4.702930165766455728e-01,0.000000000000000000e+00,0.000000000000000000e+00,0.000000000000000000e+00,3.374742978554038930e-01,4.524637422713652102e-01,0.000000000000000000e+00,0.000000000000000000e+00,0.000000000000000000e+00,4.566164842390649792e-01,0.000000000000000000e+00,4.370657298778520827e-01,0.000000000000000000e+00,0.000000000000000000e+00,0.000000000000000000e+00,0.000000000000000000e+00,4.461785921895872753e-01,0.000000000000000000e+00,4.360088739411839276e-01,4.248296753290052852e-01,0.000000000000000000e+00,0.000000000000000000e+00,0.000000000000000000e+00,4.290288409985357210e-01,3.978552567315575272e-01,4.618310373583995876e-01,4.921674773074471987e-01,0.000000000000000000e+00,3.637464555497256224e-01,4.574671491045765870e-01,4.801339214660841903e-01,4.828518663724314930e-01,4.666888182072294056e-01,0.000000000000000000e+00,3.912121931053696988e-01
