0.000000000000000000e+00,4.159007437502912907e-01,0.000000000000000000e+00,0.000000000000000000e+00,0.000000000000000000e+00,4.731076264930483832e-01,0.000000000000000000e+00,5.354365751841462240e-01,0.000000000000000000e+00,4.462393272043311265e-01,0.000000000000000000e+00,0.000000000000000000e+00,4.147391396362085092e-01,0.000000000000000000e+00,4.117888450130601785e-01,4.085550159908488133e-01,4.408201200158827771e-01,4.148433169464197934e-01,0.000000000000000000e+00,4.465571997635068846e-01,4.661385741567458108e-01,4.195783109499228725e-01,4.949096174723093267e-01,4.139651779744166760e-01,4.104859167666266018e-01,3.753923948598060778e-01,4.868667186552563808e-01,4.517095396203679170e-01,4.705739563932105907e-01,0.000000000000000000e+00,4.027997020976837872e-01,4.424158097932178180e-01,3.705493220431135271e-01,4.028840826731918123e-01,4.598171595456128080e-01,0.000000000000000000e+00,0.000000000000000000e+00,3.953835990380419885e-01,4.663910010807817974e-01,4.081949955783172879e-01,4.492933795232110783e-01,0.000000000000000000e+00,0.000000000000000000e+00,0.000000000000000000e+00,0.000000000000000000e+00,3.987190937933761115e-01,4.656874158250369211e-01,0.000000000000000000e+00,0.000000000000000000e+00,0.000000000000000000e+00,0.000000000000000000e+00,0.000000000000000000e+00,0.000000000000000000e+00,0.000000000000000000e+00,0.000000000000000000e+00,0.000000000000000000e+00,0.000000000000000000e+00,0.000000000000000000e+00,0.000000000000000000e+00,0.000000000000000000e+00,4.549959440192509752e-01,0.000000000000000000e+00,4.259969269379071943e-01,0.000000000000000000e+00,0.000000000000000000e+00,4.604127660712729053e-01,4.821015064918877102e-01,0.000000000000000000e+00,4.349673474042755061e-01,4.397067114222567019e-01,4.561120021880341047e-01,0.000000000000000000e+00,0.000000000000000000e+00,0.000000000000000000e+00,0.000000000000000000e+00,4.156394632055389060e-01
4.159007437502912907e-01,0.000000000000000000e+00,0.000000000000000000e+00,0.000000000000000000e+00,4.104236761284287272e-01,4.369881754008090868e-01,4.434896788754089103e-01,4.301660811033120035e-01,3.793517259165419819e-01,0.000000000000000000e+00,0.000000000000000000e+00,0.000000000000000000e+00,4.626969471387977761e-01,0.000000000000000000e+00,4.460811660621072927e-01,3.998061523033726861e-01,3.782922105229780119e-01,4.005426532032153042e-01,0.000000000000000000e+00,4.550952598912644809e-01,4.479972086912508145e-01,4.137413262880202947e-01,4.603190167696223911e-01,0.000000000000000000e+00,3.810995053923378895e-01,4.160388009245958862e-01,4.471465550270490863e-01,4.558196448334594919e-01,4.378746385390974161e-01,0.000000000000000000e+00,3.857125366441485070e-01,4.314590219128419113e-01,3.686970054307089906e-01,3.922746440277610769e-01,4.446178657908971266e-01,0.000000000000000000e+00,0.000000000000000000e+00,0.000000000000000000e+00,4.797445668686103892e-01,4.699467665598455191e-01,4.708565395872216786e-01,4.986973926412915925e-01,0.000000000000000000e+00,0.000000000000000000e+00,0.000000000000000000e+00,4.570348498024072725e-01,4.786781259701172186e-01,0.000000000000000000e+00,0.000000000000000000e+00,0.000000000000000000e+00,3.819171051561883190e-01,0.000000000000000000e+00,0.000000000000000000e+00,0.000000000000000000e+00,0.000000000000000000e+00,0.000000000000000000e+00,0.000000000000000000e+00,0.000000000000000000e+00,0.000000000000000000e+00,4.949864511525495780e-01,4.644523595143060790e-01,0.000000000000000000e+00,4.426610347911668075e-01,0.000000000000000000e+00,4.429120511304823204e-01,4.700463069418319151e-01,4.831944262346268837e-01,4.326742145746252932e-01,0.000000000000000000e+00,4.542367991144852235e-01,5.005628332043514650e-01,4.208419564856324957e-01,0.000000000000000000e+00,4.348524518015172147e-01,0.000000000000000000e+00,4.452985174686671099e-01
0.000000000000000000e+00,0.000000000000000000e+00,0.000000000000000000e+00,3.392594827095842813e-01,4.104823601600233740e-01,4.247017320772301097e-01,4.455726642480570820e-01,4.571598321543693944e-01,3.445190744575856168e-01,3.609892946776540046e-01,3.766258512037833905e-01,3.132130382966041848e-01,4.595603478433171185e-01,4.263236190164920725e-01,0.000000000000000000e+00,0.000000000000000000e+00,0.000000000000000000e+00,0.000000000000000000e+00,3.235388236043850729e-01,0.000000000000000000e+00,0.000000000000000000e+00,0.000000000000000000e+00,3.591158726347553065e-01,0.000000000000000000e+00,0.000000000000000000e+00,0.000000000000000000e+00,3.577721010488876252e-01,4.667866311311428262e-01,0.000000000000000000e+00,0.000000000000000000e+00,4.847908751954563833e-01,4.609170055371226149e-01,3.073803181888131730e-01,4.687615924597501871e-01,4.578097154651051826e-01,4.306840277899853797e-01,3.915499346594977781e-01,0.000000000000000000e+00,4.504668059622838894e-01,0.000000000000000000e+00,4.423186406709059271e-01,0.000000000000000000e+00,4.731887915333354844e-01,0.000000000000000000e+00,0.000000000000000000e+00,0.000000000000000000e+00,0.000000000000000000e+00,5.835718054832258472e-01,0.000000000000000000e+00,4.643270836962801740e-01,5.570903677865403081e-01,4.929569954963938794e-01,5.472287117539322843e-01,5.673322208790982923e-01,0.000000000000000000e+00,5.201961926804197223e-01,0.000000000000000000e+00,4.933984833144025028e-01,4.863141982676865149e-01,0.000000000000000000e+00,0.000000000000000000e+00,0.000000000000000000e+00,0.000000000000000000e+00,6.094440373642493469e-01,0.000000000000000000e+00,0.000000000000000000e+00,0.000000000000000000e+00,5.642225520785547621e-01,0.000000000000000000e+00,0.000000000000000000e+00,0.000000000000000000e+00,5.676821935893671123e-01,4.423509692279424810e-01,0.000000000000000000e+00,0.000000000000000000e+00,0.000000000000000000e+00
0.000000000000000000e+00,0.000000000000000000e+00,3.392594827095842813e-01,0.000000000000000000e+00,2.670410146363029202e-01,3.570591528045420904e-01,2.981131006042819220e-01,3.087017771727367244e-01,3.943151969043687810e-01,2.212750745585037870e-01,3.236976685795859843e-01,0.000000000000000000e+00,2.914734484346759857e-01,2.666166337670566877e-01,0.000000000000000000e+00,0.000000000000000000e+00,0.000000000000000000e+00,0.000000000000000000e+00,3.080764589541479248e-01,0.000000000000000000e+00,0.000000000000000000e+00,0.000000000000000000e+00,3.968412759083830843e-01,0.000000000000000000e+00,0.000000000000000000e+00,0.000000000000000000e+00,3.582326196390677731e-01,2.583509191612087807e-01,0.000000000000000000e+00,0.000000000000000000e+00,4.128679278639937889e-01,2.739641588393653127e-01,0.000000000000000000e+00,2.978622992593775165e-01,2.955275768663451763e-01,1.937099571921148122e-01,1.875609955909451065e-01,0.000000000000000000e+00,0.000000000000000000e+00,0.000000000000000000e+00,0.000000000000000000e+00,0.000000000000000000e+00,0.000000000000000000e+00,0.000000000000000000e+00,0.000000000000000000e+00,0.000000000000000000e+00,0.000000000000000000e+00,0.000000000000000000e+00,0.000000000000000000e+00,0.000000000000000000e+00,0.000000000000000000e+00,0.000000000000000000e+00,0.000000000000000000e+00,0.000000000000000000e+00,0.000000000000000000e+00,0.000000000000000000e+00,0.000000000000000000e+00,0.000000000000000000e+00,0.000000000000000000e+00,0.000000000000000000e+00,0.000000000000000000e+00,0.000000000000000000e+00,0.000000000000000000e+00,0.000000000000000000e+00,0.000000000000000000e+00,0.000000000000000000e+00,0.000000000000000000e+00,0.000000000000000000e+00,0.000000000000000000e+00,0.000000000000000000e+00,0.000000000000000000e+00,0.000000000000000000e+00,0.000000000000000000e+00,0.000000000000000000e+00,0.000000000000000000e+00,0.000000000000000000e+00
0.000000000000000000e+00,4.104236761284287272e-01,4.104823601600233740e-01,2.670410146363029202e-01,0.000000000000000000e+00,4.050712085609555202e-01,3.384251864948277233e-01,3.526718059497296887e-01,3.770975219866996020e-01,3.568802059401197102e-01,3.507414919030498734e-01,3.355818939025217995e-01,3.654045088244824990e-01,2.816228584780210986e-01,0.000000000000000000e+00,0.000000000000000000e+00,0.000000000000000000e+00,0.000000000000000000e+00,3.845715113204932201e-01,0.000000000000000000e+00,0.000000000000000000e+00,0.000000000000000000e+00,4.349717654106377007e-01,0.000000000000000000e+00,0.000000000000000000e+00,3.809789991073135873e-01,4.065194906668367913e-01,3.750801141393552141e-01,4.326073483932169061e-01,0.000000000000000000e+00,4.553989414712019124e-01,3.494272218076098779e-01,2.924812282139327979e-01,4.346722806128882066e-01,3.926456526773680067e-01,2.231529739880047936e-01,2.386948451125243120e-01,3.196979275236775941e-01,3.865446189082039075e-01,0.000000000000000000e+00,0.000000000000000000e+00,0.000000000000000000e+00,2.883025076276807264e-01,0.000000000000000000e+00,0.000000000000000000e+00,0.000000000000000000e+00,0.000000000000000000e+00,4.140318254914758800e-01,0.000000000000000000e+00,3.706895622711279814e-01,4.526293510030688916e-01,0.000000000000000000e+00,4.339270502567897925e-01,3.786506913384389827e-01,0.000000000000000000e+00,3.602378329620686270e-01,0.000000000000000000e+00,0.000000000000000000e+00,0.000000000000000000e+00,0.000000000000000000e+00,0.000000000000000000e+00,0.000000000000000000e+00,0.000000000000000000e+00,3.622697344579345891e-01,0.000000000000000000e+00,0.000000000000000000e+00,0.000000000000000000e+00,5.222935888388974268e-01,0.000000000000000000e+00,0.000000000000000000e+00,0.000000000000000000e+00,4.283508371851442731e-01,0.000000000000000000e+00,0.000000000000000000e+00,0.000000000000000000e+00,0.000000000000000000e+00
4.731076264930483832e-01,4.369881754008090868e-01,4.247017320772301097e-01,3.570591528045420904e-01,4.050712085609555202e-01,0.000000000000000000e+00,4.255518715467396240e-01,4.416051185883955177e-01,3.684664734834403044e-01,4.330218544676910919e-01,4.113618930725601031e-01,3.272647802635548220e-01,4.157547892180539773e-01,4.257801148009545122e-01,4.307990765716445125e-01,4.571505264928417134e-01,3.127384293360138123e-01,4.317236298494753211e-01,3.978190988653373950e-01,4.482638230578462890e-01,4.453550146602314186e-01,4.539826790179757876e-01,4.183870832847281229e-01,0.000000000000000000e+00,4.127560269565976880e-01,4.459300558040047990e-01,3.953268229207098083e-01,3.982443441261506734e-01,3.433417022511242034e-01,4.264907654912076240e-01,4.456389674279063184e-01,4.345510151379327057e-01,4.148336675841646226e-01,4.444511505826926889e-01,4.619135731190415206e-01,4.507952395065468743e-01,4.208207418743047934e-01,3.506482345092912789e-01,5.132370468298877997e-01,0.000000000000000000e+00,5.455326210045403634e-01,4.646089519293715164e-01,5.111088392111572398e-01,0.000000000000000000e+00,0.000000000000000000e+00,0.000000000000000000e+00,3.306413413602669049e-01,5.455121091209600426e-01,0.000000000000000000e+00,4.439559607978568190e-01,5.263771102911137811e-01,5.212743817509124522e-01,4.834091709896248257e-01,5.523871253989592889e-01,0.000000000000000000e+00,5.044114436753894815e-01,0.000000000000000000e+00,5.293575739340712349e-01,0.000000000000000000e+00,4.302954364324366732e-01,0.000000000000000000e+00,0.000000000000000000e+00,0.000000000000000000e+00,5.227030853561930313e-01,4.395565202927202986e-01,4.634405311276960093e-01,4.341821731923992123e-01,5.298148390312407141e-01,0.000000000000000000e+00,0.000000000000000000e+00,3.939897843015335854e-01,5.231148512601454525e-01,5.335341605224968031e-01,5.067484377903385129e-01,4.784898463421861092e-01,5.296046872341596545e-01
0.000000000000000000e+00,4.434896788754089103e-01,4.455726642480570820e-01,2.981131006042819220e-01,3.384251864948277233e-01,4.255518715467396240e-01,0.000000000000000000e+00,4.437585724858313929e-01,4.030453868637796089e-01,3.695730484642901770e-01,4.008516032778762228e-01,3.529998877168529225e-01,3.276544662358453763e-01,3.185644539834521227e-01,0.000000000000000000e+00,4.765635799842524167e-01,3.890063310538979247e-01,4.465525159318807780e-01,4.276761118379964755e-01,4.569099289496065253e-01,0.000000000000000000e+00,4.673974582325367000e-01,4.511772766556911840e-01,3.820406274304867789e-01,4.399312074963042107e-01,4.222707375305049249e-01,4.404904832463332198e-01,3.794914825890546850e-01,4.548774429097414140e-01,0.000000000000000000e+00,4.222323683276255069e-01,3.848977971304333168e-01,3.206578835790702131e-01,4.081877910409439925e-01,3.914050734496999917e-01,2.779292736239126205e-01,2.621160267840911273e-01,3.513995369912040756e-01,3.522184176516389154e-01,0.000000000000000000e+00,2.787442687160872068e-01,0.000000000000000000e+00,3.975791442684328825e-01,0.000000000000000000e+00,0.000000000000000000e+00,0.000000000000000000e+00,0.000000000000000000e+00,4.474358938766879734e-01,0.000000000000000000e+00,0.000000000000000000e+00,4.670893808742204723e-01,0.000000000000000000e+00,4.562586254347366088e-01,4.197108000902540215e-01,0.000000000000000000e+00,3.740636870455106844e-01,0.000000000000000000e+00,0.000000000000000000e+00,0.000000000000000000e+00,0.000000000000000000e+00,0.000000000000000000e+00,0.000000000000000000e+00,0.000000000000000000e+00,4.166255838372514009e-01,0.000000000000000000e+00,0.000000000000000000e+00,0.000000000000000000e+00,5.329950949764447055e-01,0.000000000000000000e+00,0.000000000000000000e+00,0.000000000000000000e+00,4.845918528125296998e-01,0.000000000000000000e+00,0.000000000000000000e+00,0.000000000000000000e+00,0.000000000000000000e+00
5.354365751841462240e-01,4.301660811033120035e-01,4.571598321543693944e-01,3.087017771727367244e-01,3.526718059497296887e-01,4.416051185883955177e-01,4.437585724858313929e-01,0.000000000000000000e+00,4.795612916883766896e-01,4.099830468666298966e-01,3.105779769085181830e-01,4.039932896675664797e-01,4.573061519222191840e-01,3.386015334801167898e-01,4.263296918526833235e-01,4.754157442904708986e-01,0.000000000000000000e+00,4.789153871035448096e-01,4.216661174535155099e-01,4.499673121884272264e-01,4.181813757570784218e-01,4.628329128744108067e-01,4.053221919803083884e-01,5.322271404420021446e-01,4.885930011499954873e-01,5.017130918601053757e-01,4.730106604189652231e-01,4.579141863862498107e-01,4.400601736427809940e-01,4.438493244334236754e-01,4.679318975216604226e-01,4.223349072310749741e-01,4.715554634384793165e-01,4.664948929674503919e-01,4.895967370566278731e-01,2.570743394041863916e-01,3.416065050333639275e-01,0.000000000000000000e+00,4.731697015748536073e-01,0.000000000000000000e+00,4.741136600060493755e-01,0.000000000000000000e+00,3.566057814662932923e-01,0.000000000000000000e+00,0.000000000000000000e+00,0.000000000000000000e+00,0.000000000000000000e+00,5.218854110576258698e-01,0.000000000000000000e+00,4.159446521133590147e-01,4.672511428898116215e-01,4.912279344607839993e-01,3.537014930023750781e-01,5.247561393511259720e-01,0.000000000000000000e+00,4.151399728278389878e-01,0.000000000000000000e+00,4.744669564738143164e-01,4.160992775943804234e-01,0.000000000000000000e+00,0.000000000000000000e+00,0.000000000000000000e+00,0.000000000000000000e+00,5.210154462081993954e-01,5.069905976592461450e-01,0.000000000000000000e+00,0.000000000000000000e+00,4.715604241875506197e-01,0.000000000000000000e+00,0.000000000000000000e+00,0.000000000000000000e+00,4.810100767342558870e-01,4.805219682084377886e-01,4.415721686323186845e-01,0.000000000000000000e+00,4.848249275179147832e-01
0.000000000000000000e+00,3.793517259165419819e-01,3.445190744575856168e-01,3.943151969043687810e-01,3.770975219866996020e-01,3.684664734834403044e-01,4.030453868637796089e-01,4.795612916883766896e-01,0.000000000000000000e+00,4.417118610014417190e-01,3.559827060758791739e-01,3.665671687132440182e-01,4.103000924458830023e-01,4.029827133616988855e-01,0.000000000000000000e+00,0.000000000000000000e+00,0.000000000000000000e+00,3.152190793525824208e-01,3.196298409514354844e-01,0.000000000000000000e+00,0.000000000000000000e+00,4.146272728453118117e-01,4.292541873064305014e-01,3.529687643579437206e-01,3.555168927748301178e-01,4.089167365210473748e-01,3.934511219415706140e-01,4.567779746712337108e-01,4.252389581552731834e-01,4.208469967610706242e-01,4.762451339258412797e-01,4.503342253191264799e-01,3.689309840006790853e-01,4.654542769129089153e-01,4.654891676156573954e-01,4.386764282542504056e-01,4.443586300778002984e-01,3.794918036430323105e-01,4.811866227290079179e-01,0.000000000000000000e+00,3.363860948206006118e-01,0.000000000000000000e+00,4.695831765284856907e-01,0.000000000000000000e+00,0.000000000000000000e+00,0.000000000000000000e+00,0.000000000000000000e+00,5.527794213951796598e-01,0.000000000000000000e+00,4.421536216280194109e-01,5.374611504949124985e-01,4.625528582474732198e-01,5.413628061627240307e-01,5.301538840972328526e-01,0.000000000000000000e+00,5.103267528971734412e-01,0.000000000000000000e+00,4.509154866816780238e-01,4.720579544058107202e-01,0.000000000000000000e+00,0.000000000000000000e+00,0.000000000000000000e+00,0.000000000000000000e+00,5.174052190241547056e-01,0.000000000000000000e+00,0.000000000000000000e+00,0.000000000000000000e+00,5.593846331745969680e-01,0.000000000000000000e+00,0.000000000000000000e+00,0.000000000000000000e+00,5.523383567839665886e-01,4.540131463415987834e-01,0.000000000000000000e+00,0.000000000000000000e+00,0.000000000000000000e+00
4.462393272043311265e-01,0.000000000000000000e+00,3.609892946776540046e-01,2.212750745585037870e-01,3.568802059401197102e-01,4.330218544676910919e-01,3.695730484642901770e-01,4.099830468666298966e-01,4.417118610014417190e-01,0.000000000000000000e+00,3.961047293690220794e-01,3.100560276793333792e-01,4.082376818740400259e-01,0.000000000000000000e+00,0.000000000000000000e+00,3.867800550395710246e-01,3.452320482472501229e-01,3.701552963056923828e-01,3.694277472267166185e-01,3.364891715322921861e-01,0.000000000000000000e+00,3.471636602119522186e-01,4.038123013251568860e-01,3.512343893173772158e-01,3.485753027900250212e-01,3.549097231709770761e-01,3.719634569010981107e-01,4.011850194385555013e-01,0.000000000000000000e+00,0.000000000000000000e+00,3.449319859526707166e-01,3.381903611063035164e-01,3.354561901454657935e-01,3.324728291084372844e-01,3.213291194874562939e-01,2.482927319433362034e-01,2.430131879307992904e-01,2.964808657857488927e-01,4.795789768255321883e-01,3.476679803845719174e-01,4.027279839674662854e-01,5.003187923536582815e-01,0.000000000000000000e+00,0.000000000000000000e+00,2.913570453552286055e-01,4.177544023735748069e-01,0.000000000000000000e+00,0.000000000000000000e+00,0.000000000000000000e+00,0.000000000000000000e+00,0.000000000000000000e+00,0.000000000000000000e+00,0.000000000000000000e+00,0.000000000000000000e+00,4.355766004124824731e-01,0.000000000000000000e+00,4.211362182119490205e-01,4.195123869833636276e-01,0.000000000000000000e+00,0.000000000000000000e+00,0.000000000000000000e+00,4.589440958711397123e-01,4.359264968596471834e-01,0.000000000000000000e+00,0.000000000000000000e+00,0.000000000000000000e+00,0.000000000000000000e+00,0.000000000000000000e+00,4.322958315751276870e-01,4.683435867375134731e-01,4.683329640865843135e-01,0.000000000000000000e+00,4.406977492331667912e-01,0.000000000000000000e+00,0.000000000000000000e+00,4.471952892107531885e-01
0.000000000000000000e+00,0.000000000000000000e+00,3.766258512037833905e-01,3.236976685795859843e-01,3.507414919030498734e-01,4.113618930725601031e-01,4.008516032778762228e-01,3.105779769085181830e-01,3.559827060758791739e-01,3.961047293690220794e-01,0.000000000000000000e+00,3.366767898711239826e-01,4.156146746591183883e-01,2.951975483368997066e-01,0.000000000000000000e+00,0.000000000000000000e+00,3.317664850331688009e-01,0.000000000000000000e+00,3.046521648024059226e-01,0.000000000000000000e+00,0.000000000000000000e+00,0.000000000000000000e+00,3.544492229304663233e-01,0.000000000000000000e+00,0.000000000000000000e+00,3.043569436944008055e-01,4.326236284498868878e-01,4.207123854967185772e-01,0.000000000000000000e+00,0.000000000000000000e+00,4.616179395298825039e-01,4.022401223664904268e-01,3.235305542222767783e-01,4.483420974821217264e-01,4.346597499748152127e-01,2.795690027670852951e-01,3.813309908835015860e-01,3.293116367351640039e-01,4.160376138886732744e-01,0.000000000000000000e+00,0.000000000000000000e+00,0.000000000000000000e+00,3.306494347045553228e-01,0.000000000000000000e+00,0.000000000000000000e+00,0.000000000000000000e+00,0.000000000000000000e+00,5.227438536006034919e-01,0.000000000000000000e+00,3.402063869874268898e-01,4.691489396888990915e-01,3.819180520346723839e-01,4.390311581323156909e-01,5.291686598460833002e-01,0.000000000000000000e+00,3.705137307033506966e-01,0.000000000000000000e+00,3.896696699758124827e-01,3.817181401774347727e-01,0.000000000000000000e+00,0.000000000000000000e+00,0.000000000000000000e+00,0.000000000000000000e+00,3.863257903351747791e-01,0.000000000000000000e+00,0.000000000000000000e+00,0.000000000000000000e+00,5.099187179890765087e-01,0.000000000000000000e+00,0.000000000000000000e+00,0.000000000000000000e+00,4.907132668721800872e-01,3.562840988950842780e-01,0.000000000000000000e+00,0.000000000000000000e+00,0.000000000000000000e+00
0.000000000000000000e+00,0.000000000000000000e+00,3.132130382966041848e-01,0.000000000000000000e+00,3.355818939025217995e-01,3.272647802635548220e-01,3.529998877168529225e-01,4.039932896675664797e-01,3.665671687132440182e-01,3.100560276793333792e-01,3.366767898711239826e-01,0.000000000000000000e+00,3.809561604163648751e-01,0.000000000000000000e+00,0.000000000000000000e+00,0.000000000000000000e+00,3.749908960728354224e-01,3.920193963578609275e-01,3.209041915305709258e-01,0.000000000000000000e+00,0.000000000000000000e+00,0.000000000000000000e+00,3.524060094877131122e-01,3.025672599375163752e-01,3.551583913416430094e-01,3.061027448068576740e-01,3.226442110604338942e-01,4.054294736387584752e-01,0.000000000000000000e+00,0.000000000000000000e+00,3.635810253047576102e-01,2.637652942563589731e-01,2.850015816676387814e-01,2.515604160569703818e-01,2.798588724930546889e-01,2.952358155128134154e-01,2.777329374287029196e-01,2.092786176804994069e-01,2.512158972262474865e-01,3.784382984383519166e-01,3.867031894896790223e-01,0.000000000000000000e+00,0.000000000000000000e+00,0.000000000000000000e+00,3.129563682733554897e-01,0.000000000000000000e+00,0.000000000000000000e+00,0.000000000000000000e+00,0.000000000000000000e+00,0.000000000000000000e+00,0.000000000000000000e+00,0.000000000000000000e+00,0.000000000000000000e+00,0.000000000000000000e+00,4.481006605706959744e-01,0.000000000000000000e+00,4.359395172625458170e-01,3.981318431698592231e-01,0.000000000000000000e+00,0.000000000000000000e+00,0.000000000000000000e+00,4.471528635322867817e-01,4.311679885475229179e-01,0.000000000000000000e+00,0.000000000000000000e+00,0.000000000000000000e+00,0.000000000000000000e+00,0.000000000000000000e+00,4.476587815842690277e-01,4.669926281784200217e-01,4.640097295890668883e-01,0.000000000000000000e+00,4.335890798311368144e-01,0.000000000000000000e+00,0.000000000000000000e+00,4.533634959699129885e-01
4.147391396362085092e-01,4.626969471387977761e-01,4.595603478433171185e-01,2.914734484346759857e-01,3.654045088244824990e-01,4.157547892180539773e-01,3.276544662358453763e-01,4.573061519222191840e-01,4.103000924458830023e-01,4.082376818740400259e-01,4.156146746591183883e-01,3.809561604163648751e-01,0.000000000000000000e+00,3.347085850156160114e-01,4.618537957046954245e-01,4.785470682322854885e-01,3.995675324563744968e-01,4.471676973959702872e-01,4.441309780407627916e-01,4.572551649922351746e-01,4.695742824933478166e-01,4.785905072394632809e-01,4.518888201392581849e-01,3.737505000643062125e-01,4.454399021616812226e-01,4.429711176266762918e-01,4.464708421516451753e-01,3.621844708891990838e-01,4.356640399464413171e-01,4.071700235676142254e-01,4.043338633952325845e-01,3.878977116712226114e-01,3.610367629519389276e-01,4.127794107683656066e-01,4.142163023116722242e-01,3.182315345633147108e-01,3.178379945012976271e-01,3.681184774304038232e-01,5.046877456193280542e-01,2.982077590200595263e-01,2.977895046168986815e-01,2.785557480255297924e-01,3.947640863117558019e-01,0.000000000000000000e+00,2.869791137853914265e-01,0.000000000000000000e+00,0.000000000000000000e+00,4.174644963715917756e-01,0.000000000000000000e+00,0.000000000000000000e+00,5.068766185847550787e-01,4.073268961150743883e-01,4.755056594338837872e-01,0.000000000000000000e+00,0.000000000000000000e+00,4.131543902368086107e-01,3.805187155138147759e-01,0.000000000000000000e+00,0.000000000000000000e+00,3.627754233345741874e-01,0.000000000000000000e+00,0.000000000000000000e+00,0.000000000000000000e+00,0.000000000000000000e+00,3.858285437886412872e-01,0.000000000000000000e+00,3.214831943628955191e-01,5.266431191666888223e-01,0.000000000000000000e+00,3.013817717609583169e-01,3.443501150445983927e-01,5.150201313487954291e-01,0.000000000000000000e+00,4.240569778551711022e-01,0.000000000000000000e+00,0.000000000000000000e+00
0.000000000000000000e+00,0.000000000000000000e+00,4.263236190164920725e-01,2.666166337670566877e-01,2.816228584780210986e-01,4.257801148009545122e-01,3.185644539834521227e-01,3.386015334801167898e-01,4.029827133616988855e-01,0.000000000000000000e+00,2.951975483368997066e-01,0.000000000000000000e+00,3.347085850156160114e-01,0.000000000000000000e+00,0.000000000000000000e+00,0.000000000000000000e+00,0.000000000000000000e+00,0.000000000000000000e+00,3.710392921432739133e-01,0.000000000000000000e+00,4.718867118424027174e-01,0.000000000000000000e+00,4.116257410188255972e-01,0.000000000000000000e+00,0.000000000000000000e+00,0.000000000000000000e+00,4.506525833356757049e-01,2.844253999734220884e-01,0.000000000000000000e+00,0.000000000000000000e+00,0.000000000000000000e+00,1.819662826897228136e-01,0.000000000000000000e+00,3.695540879386224886e-01,0.000000000000000000e+00,2.112124473046534945e-01,1.900639518878310119e-01,0.000000000000000000e+00,0.000000000000000000e+00,0.000000000000000000e+00,0.000000000000000000e+00,0.000000000000000000e+00,3.236916440632974235e-01,0.000000000000000000e+00,0.000000000000000000e+00,0.000000000000000000e+00,0.000000000000000000e+00,4.025916908270357197e-01,0.000000000000000000e+00,0.000000000000000000e+00,0.000000000000000000e+00,0.000000000000000000e+00,0.000000000000000000e+00,4.380022904129309835e-01,0.000000000000000000e+00,3.394810841732054940e-01,0.000000000000000000e+00,0.000000000000000000e+00,0.000000000000000000e+00,0.000000000000000000e+00,0.000000000000000000e+00,0.000000000000000000e+00,0.000000000000000000e+00,0.000000000000000000e+00,0.000000000000000000e+00,0.000000000000000000e+00,0.000000000000000000e+00,3.718667799837274135e-01,0.000000000000000000e+00,0.000000000000000000e+00,0.000000000000000000e+00,4.386033938962052847e-01,0.000000000000000000e+00,0.000000000000000000e+00,0.000000000000000000e+00,0.000000000000000000e+00
4.117888450130601785e-01,4.460811660621072927e-01,0.000000000000000000e+00,0.000000000000000000e+00,0.000000000000000000e+00,4.307990765716445125e-01,0.000000000000000000e+00,4.263296918526833235e-01,0.000000000000000000e+00,0.000000000000000000e+00,0.000000000000000000e+00,0.000000000000000000e+00,4.618537957046954245e-01,0.000000000000000000e+00,0.000000000000000000e+00,4.430280181961617214e-01,0.000000000000000000e+00,4.368432616019867765e-01,0.000000000000000000e+00,3.358378161294049979e-01,3.711509324772860885e-01,4.347952882502382210e-01,3.968545042112043841e-01,4.387345049555539944e-01,4.339331792570317869e-01,4.145657578577123248e-01,4.504302098618506167e-01,4.316554406469250149e-01,4.190376558220760272e-01,0.000000000000000000e+00,4.394305023267586763e-01,4.670562350453589806e-01,4.275014789808567195e-01,4.689403624775135837e-01,5.099734986742905374e-01,0.000000000000000000e+00,0.000000000000000000e+00,0.000000000000000000e+00,4.814243056271312882e-01,4.819758552228441961e-01,4.935312145947355900e-01,5.282660988536531654e-01,4.588058154348563233e-01,0.000000000000000000e+00,0.000000000000000000e+00,0.000000000000000000e+00,5.015745424353479365e-01,0.000000000000000000e+00,0.000000000000000000e+00,0.000000000000000000e+00,4.519964175806420736e-01,0.000000000000000000e+00,5.167369739033447207e-01,0.000000000000000000e+00,0.000000000000000000e+00,0.000000000000000000e+00,0.000000000000000000e+00,4.046772433376654154e-01,0.000000000000000000e+00,4.641194372977580085e-01,4.660769573281041134e-01,0.000000000000000000e+00,0.000000000000000000e+00,0.000000000000000000e+00,3.910925706665582813e-01,4.723370475426029724e-01,4.956815115463096832e-01,4.924772467947888810e-01,0.000000000000000000e+00,3.620772454643050864e-01,5.397600543582442567e-01,4.871499521214616157e-01,4.276386466522520968e-01,4.761869854222703924e-01,0.000000000000000000e+00,4.321193574260713821e-01
4.085550159908488133e-01,3.998061523033726861e-01,0.000000000000000000e+00,0.000000000000000000e+00,0.000000000000000000e+00,4.571505264928417134e-01,4.765635799842524167e-01,4.754157442904708986e-01,0.000000000000000000e+00,3.867800550395710246e-01,0.000000000000000000e+00,0.000000000000000000e+00,4.785470682322854885e-01,0.000000000000000000e+00,4.430280181961617214e-01,0.000000000000000000e+00,3.881172288939874204e-01,3.631037607306991100e-01,0.000000000000000000e+00,4.149865023322291124e-01,4.400049016918801126e-01,3.840316698023014119e-01,4.536854557539545252e-01,4.085781767455721747e-01,4.027291629642203996e-01,4.221337857354152123e-01,4.521549317451816763e-01,4.599527693204447099e-01,4.457650651057871727e-01,3.801285109210735258e-01,3.740897699525546072e-01,4.502393621764451126e-01,3.955004384333580258e-01,3.942375695715201189e-01,4.340260310424192136e-01,0.000000000000000000e+00,0.000000000000000000e+00,0.000000000000000000e+00,4.665536252444001941e-01,4.360398242554163195e-01,4.484874156283781277e-01,4.911949245910661177e-01,0.000000000000000000e+00,0.000000000000000000e+00,0.000000000000000000e+00,4.494291218054173864e-01,4.690755574088200097e-01,0.000000000000000000e+00,0.000000000000000000e+00,0.000000000000000000e+00,0.000000000000000000e+00,0.000000000000000000e+00,0.000000000000000000e+00,0.000000000000000000e+00,0.000000000000000000e+00,0.000000000000000000e+00,0.000000000000000000e+00,0.000000000000000000e+00,0.000000000000000000e+00,4.763599622481454743e-01,4.451597524823476260e-01,0.000000000000000000e+00,4.155254948371858159e-01,0.000000000000000000e+00,3.790603145483282255e-01,4.432463924234493757e-01,4.747518673213864115e-01,3.341528518475461729e-01,0.000000000000000000e+00,4.453462725374898179e-01,4.748847827597981186e-01,3.496241403767358924e-01,0.000000000000000000e+00,3.389624285554381222e-01,0.000000000000000000e+00,4.461722436376067136e-01
4.408201200158827771e-01,3.782922105229780119e-01,0.000000000000000000e+00,0.000000000000000000e+00,0.000000000000000000e+00,3.127384293360138123e-01,3.890063310538979247e-01,0.000000000000000000e+00,0.000000000000000000e+00,3.452320482472501229e-01,3.317664850331688009e-01,3.749908960728354224e-01,3.995675324563744968e-01,0.000000000000000000e+00,0.000000000000000000e+00,3.881172288939874204e-01,0.000000000000000000e+00,3.573480934964738953e-01,0.000000000000000000e+00,3.750908816655414979e-01,0.000000000000000000e+00,3.940697258139053138e-01,0.000000000000000000e+00,3.926971500678673732e-01,3.050038172659368940e-01,3.841303337376972826e-01,0.000000000000000000e+00,4.156238328674141114e-01,3.686349015978925836e-01,0.000000000000000000e+00,3.702708731428933087e-01,4.207191957568299223e-01,3.536444081901333192e-01,3.833286968511723236e-01,3.882221593822450245e-01,0.000000000000000000e+00,0.000000000000000000e+00,3.094662031255837054e-01,0.000000000000000000e+00,4.208111589826266097e-01,0.000000000000000000e+00,0.000000000000000000e+00,0.000000000000000000e+00,0.000000000000000000e+00,0.000000000000000000e+00,0.000000000000000000e+00,0.000000000000000000e+00,0.000000000000000000e+00,0.000000000000000000e+00,0.000000000000000000e+00,0.000000000000000000e+00,0.000000000000000000e+00,0.000000000000000000e+00,0.000000000000000000e+00,4.326482857177016972e-01,0.000000000000000000e+00,4.279753628634777041e-01,0.000000000000000000e+00,0.000000000000000000e+00,0.000000000000000000e+00,0.000000000000000000e+00,3.988121133979535826e-01,4.327910306741706847e-01,0.000000000000000000e+00,0.000000000000000000e+00,0.000000000000000000e+00,0.000000000000000000e+00,0.000000000000000000e+00,4.517652386244475071e-01,4.452636612169533770e-01,4.582151134103505941e-01,0.000000000000000000e+00,0.000000000000000000e+00,0.000000000000000000e+00,0.000000000000000000e+00,0.000000000000000000e+00
4.148433169464197934e-01,4.005426532032153042e-01,0.000000000000000000e+00,0.000000000000000000e+00,0.000000000000000000e+00,4.317236298494753211e-01,4.465525159318807780e-01,4.789153871035448096e-01,3.152190793525824208e-01,3.701552963056923828e-01,0.000000000000000000e+00,3.920193963578609275e-01,4.471676973959702872e-01,0.000000000000000000e+00,4.368432616019867765e-01,3.631037607306991100e-01,3.573480934964738953e-01,0.000000000000000000e+00,0.000000000000000000e+00,4.420010580966520775e-01,4.623031574660412257e-01,4.150063485995343915e-01,4.624458943104396980e-01,3.934870787058105113e-01,3.579498558812577724e-01,4.010485670176380801e-01,4.509957769431515162e-01,4.590252353006729069e-01,4.454618141088685923e-01,3.870849480336325255e-01,3.887681116274001036e-01,4.383738921580950243e-01,3.665110688044794784e-01,4.016175615867006998e-01,4.041719316633236025e-01,0.000000000000000000e+00,0.000000000000000000e+00,0.000000000000000000e+00,4.386600722825927945e-01,4.171776590787891759e-01,4.223193752092949116e-01,4.611634956516029171e-01,0.000000000000000000e+00,0.000000000000000000e+00,0.000000000000000000e+00,4.422224565816216257e-01,4.514038637874596138e-01,0.000000000000000000e+00,0.000000000000000000e+00,0.000000000000000000e+00,0.000000000000000000e+00,0.000000000000000000e+00,0.000000000000000000e+00,0.000000000000000000e+00,4.176479382116398131e-01,0.000000000000000000e+00,4.176016563781626001e-01,0.000000000000000000e+00,0.000000000000000000e+00,0.000000000000000000e+00,4.293144334542682850e-01,3.938474858121122080e-01,4.123037966654589104e-01,0.000000000000000000e+00,0.000000000000000000e+00,0.000000000000000000e+00,4.407767431626750110e-01,0.000000000000000000e+00,4.485099826044636195e-01,4.294582927226147095e-01,4.471736251274947005e-01,0.000000000000000000e+00,0.000000000000000000e+00,0.000000000000000000e+00,0.000000000000000000e+00,4.389916844479336278e-01
0.000000000000000000e+00,0.000000000000000000e+00,3.235388236043850729e-01,3.080764589541479248e-01,3.845715113204932201e-01,3.978190988653373950e-01,4.276761118379964755e-01,4.216661174535155099e-01,3.196298409514354844e-01,3.694277472267166185e-01,3.046521648024059226e-01,3.209041915305709258e-01,4.441309780407627916e-01,3.710392921432739133e-01,0.000000000000000000e+00,0.000000000000000000e+00,0.000000000000000000e+00,0.000000000000000000e+00,0.000000000000000000e+00,0.000000000000000000e+00,0.000000000000000000e+00,0.000000000000000000e+00,3.411886963595894828e-01,0.000000000000000000e+00,0.000000000000000000e+00,0.000000000000000000e+00,3.894056843823660019e-01,4.505160956502183844e-01,0.000000000000000000e+00,0.000000000000000000e+00,4.844667531232518809e-01,4.546776738745891833e-01,0.000000000000000000e+00,4.725374184212726147e-01,4.442586629053806857e-01,3.801201046307580156e-01,4.087421233069246096e-01,3.405164850526117837e-01,4.208912015798733086e-01,0.000000000000000000e+00,0.000000000000000000e+00,0.000000000000000000e+00,4.081185711090571933e-01,0.000000000000000000e+00,0.000000000000000000e+00,0.000000000000000000e+00,0.000000000000000000e+00,5.717194471945007406e-01,0.000000000000000000e+00,4.113284393035914754e-01,5.272706935888349378e-01,4.227668784109874234e-01,5.250101284953195835e-01,5.367073819877121732e-01,0.000000000000000000e+00,4.915032094772820992e-01,0.000000000000000000e+00,4.395819664225855128e-01,4.329925028348843852e-01,0.000000000000000000e+00,0.000000000000000000e+00,0.000000000000000000e+00,0.000000000000000000e+00,5.256137853045228514e-01,0.000000000000000000e+00,0.000000000000000000e+00,0.000000000000000000e+00,5.557344303708353639e-01,0.000000000000000000e+00,0.000000000000000000e+00,0.000000000000000000e+00,5.342851061866850104e-01,0.000000000000000000e+00,0.000000000000000000e+00,0.000000000000000000e+00,0.000000000000000000e+00
4.465571997635068846e-01,4.550952598912644809e-01,0.000000000000000000e+00,0.000000000000000000e+00,0.000000000000000000e+00,4.482638230578462890e-01,4.569099289496065253e-01,4.499673121884272264e-01,0.000000000000000000e+00,3.364891715322921861e-01,0.000000000000000000e+00,0.000000000000000000e+00,4.572551649922351746e-01,0.000000000000000000e+00,3.358378161294049979e-01,4.149865023322291124e-01,3.750908816655414979e-01,4.420010580966520775e-01,0.000000000000000000e+00,0.000000000000000000e+00,4.455024515630959803e-01,4.060304709915115162e-01,3.228000001760034099e-01,0.000000000000000000e+00,4.369566571462403237e-01,4.554071717724251234e-01,4.049640675744520246e-01,4.166504573809842182e-01,3.970052375050632243e-01,3.969504000120516185e-01,4.081577980116858906e-01,4.788833735754304266e-01,4.117501217586779227e-01,4.570157381352671910e-01,4.999720339332278107e-01,5.359400787178673076e-01,0.000000000000000000e+00,0.000000000000000000e+00,4.895490439726619125e-01,4.369206521892894934e-01,4.848033287624298748e-01,4.935050663295694195e-01,3.914048708945815913e-01,0.000000000000000000e+00,0.000000000000000000e+00,0.000000000000000000e+00,4.336910353221846148e-01,0.000000000000000000e+00,0.000000000000000000e+00,0.000000000000000000e+00,4.497977027277700879e-01,0.000000000000000000e+00,4.451529524347149214e-01,0.000000000000000000e+00,0.000000000000000000e+00,0.000000000000000000e+00,0.000000000000000000e+00,3.813447125811043059e-01,0.000000000000000000e+00,4.774372455858709174e-01,3.190103198818973196e-01,0.000000000000000000e+00,0.000000000000000000e+00,0.000000000000000000e+00,4.607995199675625209e-01,4.678319589731881889e-01,4.921729088077598790e-01,5.043612106558267305e-01,0.000000000000000000e+00,3.140005624481613800e-01,5.120506639720177056e-01,4.967739747318781207e-01,4.768520211167895928e-01,4.939463724886423157e-01,4.056170951042444850e-01,4.525835342112550785e-01
4.661385741567458108e-01,4.479972086912508145e-01,0.000000000000000000e+00,0.000000000000000000e+00,0.000000000000000000e+00,4.453550146602314186e-01,0.000000000000000000e+00,4.181813757570784218e-01,0.000000000000000000e+00,0.000000000000000000e+00,0.000000000000000000e+00,0.000000000000000000e+00,4.695742824933478166e-01,4.718867118424027174e-01,3.711509324772860885e-01,4.400049016918801126e-01,0.000000000000000000e+00,4.623031574660412257e-01,0.000000000000000000e+00,4.455024515630959803e-01,0.000000000000000000e+00,4.350415831308891979e-01,4.203442747538028157e-01,5.230482460255040378e-01,4.545735875560902861e-01,4.276216216407431880e-01,4.556323873048028217e-01,4.641841735644131051e-01,4.356256090689810123e-01,0.000000000000000000e+00,4.416539728509064067e-01,4.463878548081559039e-01,4.246675731890782735e-01,4.576841645880366238e-01,5.004248453422467380e-01,0.000000000000000000e+00,0.000000000000000000e+00,0.000000000000000000e+00,4.724250995376519935e-01,3.590959285463473094e-01,4.800210670430770099e-01,5.174682164966420972e-01,0.000000000000000000e+00,0.000000000000000000e+00,0.000000000000000000e+00,3.750300942151755801e-01,4.871096842705249785e-01,0.000000000000000000e+00,0.000000000000000000e+00,0.000000000000000000e+00,4.802438211398807888e-01,0.000000000000000000e+00,3.682674164646618786e-01,0.000000000000000000e+00,0.000000000000000000e+00,0.000000000000000000e+00,0.000000000000000000e+00,4.352041116095450857e-01,0.000000000000000000e+00,4.585841167817583108e-01,4.704155302214049761e-01,0.000000000000000000e+00,0.000000000000000000e+00,0.000000000000000000e+00,4.457513032631590932e-01,3.831793425229705896e-01,4.980358719800653255e-01,4.697812957485472118e-01,0.000000000000000000e+00,4.188280414910370841e-01,5.126757787980328329e-01,4.910271826583534893e-01,4.641264603942020228e-01,4.672149208142863941e-01,0.000000000000000000e+00,4.390773548486396893e-01
