0.000000000000000000e+00,4.130768027268199027e-01,0.000000000000000000e+00,0.000000000000000000e+00,0.000000000000000000e+00,4.605233196185823941e-01,0.000000000000000000e+00,5.392488091963332231e-01,0.000000000000000000e+00,4.592129717961813129e-01,0.000000000000000000e+00,4.366833947044481135e-01,4.055575783964002201e-01,0.000000000000000000e+00,4.101596487354697840e-01,4.309762209306211012e-01,0.000000000000000000e+00,4.336892945389940746e-01,0.000000000000000000e+00,4.473377923890277108e-01,4.276098397999443801e-01,4.017897456344429741e-01,5.105020056096518655e-01,3.915905285023889015e-01,4.241425004516408137e-01,3.941134755664689182e-01,5.093820291274724354e-01,4.224454220492490086e-01,4.366918370342927069e-01,0.000000000000000000e+00,3.857778601388331952e-01,4.274855505354215879e-01,3.761820195482424856e-01,3.993453551604009832e-01,4.355801949322323230e-01,0.000000000000000000e+00,0.000000000000000000e+00,4.415259893726711238e-01,4.768787450953687057e-01,4.716755075773159112e-01,0.000000000000000000e+00,0.000000000000000000e+00,0.000000000000000000e+00,0.000000000000000000e+00,0.000000000000000000e+00,3.779805422903729228e-01,5.142868880302173817e-01,0.000000000000000000e+00,0.000000000000000000e+00,0.000000000000000000e+00,0.000000000000000000e+00,0.000000000000000000e+00,0.000000000000000000e+00,0.000000000000000000e+00,4.994063751169633969e-01,0.000000000000000000e+00,0.000000000000000000e+00,0.000000000000000000e+00,0.000000000000000000e+00,0.000000000000000000e+00,4.823971550445422807e-01,0.000000000000000000e+00,4.859657476962895850e-01,0.000000000000000000e+00,0.000000000000000000e+00,3.194716335527102991e-01,4.757306691601900783e-01,0.000000000000000000e+00,0.000000000000000000e+00,4.927809096319958893e-01,4.892583650055973843e-01,0.000000000000000000e+00,0.000000000000000000e+00,0.000000000000000000e+00,0.000000000000000000e+00,0.000000000000000000e+00
4.130768027268199027e-01,0.000000000000000000e+00,0.000000000000000000e+00,0.000000000000000000e+00,4.302592861893830833e-01,4.260896908666171878e-01,4.765799113894553796e-01,4.845822464138718200e-01,4.273554018429007173e-01,0.000000000000000000e+00,0.000000000000000000e+00,0.000000000000000000e+00,4.638097388499496931e-01,0.000000000000000000e+00,4.326125678212801029e-01,4.241013550115886876e-01,3.783087926162255199e-01,4.250017541199387905e-01,0.000000000000000000e+00,4.175769656185793210e-01,4.287699998805608037e-01,3.739810921728232151e-01,4.713813709516808115e-01,0.000000000000000000e+00,3.953704368018440829e-01,4.022153325862842244e-01,4.426735198431683838e-01,4.595860109208930733e-01,4.379597281245363183e-01,0.000000000000000000e+00,3.838403333557093844e-01,4.258972945297113122e-01,3.764612879957026093e-01,3.868250233582601894e-01,4.351598739910980118e-01,0.000000000000000000e+00,0.000000000000000000e+00,0.000000000000000000e+00,4.875994923929731217e-01,4.468286869455271870e-01,4.631767569009342944e-01,4.801950958870456754e-01,0.000000000000000000e+00,0.000000000000000000e+00,0.000000000000000000e+00,4.599586000805416797e-01,4.889807519543523107e-01,0.000000000000000000e+00,0.000000000000000000e+00,0.000000000000000000e+00,3.915736162409668153e-01,0.000000000000000000e+00,0.000000000000000000e+00,0.000000000000000000e+00,0.000000000000000000e+00,0.000000000000000000e+00,0.000000000000000000e+00,0.000000000000000000e+00,0.000000000000000000e+00,5.125070276807981440e-01,4.686735153741686255e-01,0.000000000000000000e+00,4.688536221869695209e-01,0.000000000000000000e+00,4.522728492411259849e-01,5.197021856079285795e-01,4.695480912590281886e-01,4.980457817363039275e-01,0.000000000000000000e+00,4.836864438398569832e-01,5.119252682834150026e-01,4.643802201016610787e-01,0.000000000000000000e+00,4.520269624154760746e-01,0.000000000000000000e+00,4.480222591685802946e-01
0.000000000000000000e+00,0.000000000000000000e+00,0.000000000000000000e+00,3.790577221600792135e-01,4.357337425689332133e-01,3.921710469107764219e-01,4.961642874013492133e-01,4.613980077613447084e-01,3.239305392660661864e-01,4.419709749356461881e-01,3.287594141132538783e-01,3.508447734845057120e-01,4.941648169160670068e-01,4.407063359265940838e-01,0.000000000000000000e+00,0.000000000000000000e+00,0.000000000000000000e+00,0.000000000000000000e+00,2.740623883176789843e-01,0.000000000000000000e+00,0.000000000000000000e+00,0.000000000000000000e+00,3.143889843307760001e-01,0.000000000000000000e+00,0.000000000000000000e+00,0.000000000000000000e+00,3.564259941076287075e-01,4.957708855343992971e-01,0.000000000000000000e+00,0.000000000000000000e+00,5.068005531024742938e-01,4.641486106560315794e-01,0.000000000000000000e+00,5.119079642200696778e-01,4.729908466767511754e-01,4.479553092021398841e-01,4.348611994966860017e-01,0.000000000000000000e+00,4.386673493366907151e-01,0.000000000000000000e+00,0.000000000000000000e+00,0.000000000000000000e+00,5.307561644330972550e-01,0.000000000000000000e+00,0.000000000000000000e+00,0.000000000000000000e+00,0.000000000000000000e+00,3.186578466232419804e-01,0.000000000000000000e+00,5.149894763517264273e-01,5.924480715423429134e-01,5.503985717866511918e-01,5.768635340373600151e-01,6.211450136770926278e-01,0.000000000000000000e+00,3.813182802617404166e-01,0.000000000000000000e+00,5.346028672495182210e-01,5.330003341594357069e-01,0.000000000000000000e+00,0.000000000000000000e+00,0.000000000000000000e+00,0.000000000000000000e+00,2.414189376323135905e-01,0.000000000000000000e+00,0.000000000000000000e+00,0.000000000000000000e+00,5.994590369726874313e-01,0.000000000000000000e+00,0.000000000000000000e+00,0.000000000000000000e+00,6.267265996707276354e-01,4.619315812005628241e-01,0.000000000000000000e+00,0.000000000000000000e+00,0.000000000000000000e+00
0.000000000000000000e+00,0.000000000000000000e+00,3.790577221600792135e-01,0.000000000000000000e+00,2.594651693565538930e-01,3.988781704943226147e-01,2.116987123960256123e-01,3.286615621680696875e-01,4.385177587838999802e-01,1.431548503443056952e-01,3.679585845146527978e-01,0.000000000000000000e+00,3.155442399745309046e-01,2.871728753134206169e-01,0.000000000000000000e+00,0.000000000000000000e+00,0.000000000000000000e+00,0.000000000000000000e+00,4.042489850795847883e-01,4.361136186648003066e-01,0.000000000000000000e+00,0.000000000000000000e+00,4.250436321949859209e-01,0.000000000000000000e+00,0.000000000000000000e+00,0.000000000000000000e+00,4.170638551579208819e-01,2.431116523915514138e-01,3.665588845895537129e-01,0.000000000000000000e+00,0.000000000000000000e+00,2.988802475721841212e-01,0.000000000000000000e+00,2.330146767774282923e-01,2.846645823702431133e-01,1.929747997933549952e-01,1.652992812180497095e-01,2.797029820938253808e-01,0.000000000000000000e+00,0.000000000000000000e+00,0.000000000000000000e+00,0.000000000000000000e+00,0.000000000000000000e+00,0.000000000000000000e+00,0.000000000000000000e+00,0.000000000000000000e+00,0.000000000000000000e+00,0.000000000000000000e+00,0.000000000000000000e+00,0.000000000000000000e+00,0.000000000000000000e+00,0.000000000000000000e+00,0.000000000000000000e+00,0.000000000000000000e+00,0.000000000000000000e+00,0.000000000000000000e+00,0.000000000000000000e+00,0.000000000000000000e+00,0.000000000000000000e+00,0.000000000000000000e+00,0.000000000000000000e+00,0.000000000000000000e+00,0.000000000000000000e+00,0.000000000000000000e+00,0.000000000000000000e+00,0.000000000000000000e+00,0.000000000000000000e+00,0.000000000000000000e+00,0.000000000000000000e+00,0.000000000000000000e+00,0.000000000000000000e+00,0.000000000000000000e+00,0.000000000000000000e+00,0.000000000000000000e+00,0.000000000000000000e+00,0.000000000000000000e+00
0.000000000000000000e+00,4.302592861893830833e-01,4.357337425689332133e-01,2.594651693565538930e-01,0.000000000000000000e+00,4.066003108663562848e-01,3.468376497532905112e-01,4.558358485947309191e-01,3.655021300437655274e-01,4.881420023639356232e-01,3.405779255524650773e-01,3.922439951371810007e-01,4.081734790559762849e-01,3.057244062166927789e-01,0.000000000000000000e+00,4.417798719997383938e-01,0.000000000000000000e+00,0.000000000000000000e+00,4.230659911589544908e-01,4.658975076550349037e-01,0.000000000000000000e+00,4.599812255641633207e-01,4.444104702910006144e-01,0.000000000000000000e+00,3.884800462342529181e-01,3.913859020012008250e-01,4.268798133145985108e-01,3.489313914254039140e-01,4.363037736686485868e-01,0.000000000000000000e+00,4.622406634055727936e-01,4.124502893917029733e-01,0.000000000000000000e+00,4.692154237020106922e-01,4.507020566363462155e-01,2.351431971183086111e-01,2.269620327407911031e-01,3.528652775214610737e-01,3.857189334483370757e-01,0.000000000000000000e+00,0.000000000000000000e+00,0.000000000000000000e+00,4.809215232782739213e-01,0.000000000000000000e+00,0.000000000000000000e+00,0.000000000000000000e+00,0.000000000000000000e+00,4.796943097382820875e-01,0.000000000000000000e+00,4.992840067620635258e-01,5.224006028952662417e-01,0.000000000000000000e+00,5.068933704841614984e-01,5.046961482514142894e-01,0.000000000000000000e+00,5.083420367868556333e-01,0.000000000000000000e+00,0.000000000000000000e+00,0.000000000000000000e+00,0.000000000000000000e+00,0.000000000000000000e+00,0.000000000000000000e+00,0.000000000000000000e+00,4.879531856601033724e-01,0.000000000000000000e+00,0.000000000000000000e+00,0.000000000000000000e+00,5.880490162224424333e-01,0.000000000000000000e+00,0.000000000000000000e+00,0.000000000000000000e+00,5.237855894724631201e-01,0.000000000000000000e+00,0.000000000000000000e+00,0.000000000000000000e+00,0.000000000000000000e+00
4.605233196185823941e-01,4.260896908666171878e-01,3.921710469107764219e-01,3.988781704943226147e-01,4.066003108663562848e-01,0.000000000000000000e+00,4.573541275790887761e-01,4.376119250217805901e-01,3.616223424712660117e-01,5.056534706645656740e-01,4.032441147585157926e-01,3.975740431660398921e-01,4.185615045862718930e-01,4.449634495589834260e-01,4.686999876744775140e-01,4.699408492347896815e-01,3.467466041083662187e-01,4.723535991073429252e-01,4.889356075979959804e-01,4.265383537156425264e-01,4.500897827005018170e-01,4.355891625093774033e-01,4.153431581344235735e-01,0.000000000000000000e+00,4.254422246313566136e-01,4.586902343866874898e-01,3.954317699144502818e-01,4.142665848476151935e-01,3.775529904397348924e-01,4.316776946778809187e-01,4.501995876335587177e-01,4.425368949130084051e-01,4.228580364883923748e-01,4.746789521746436202e-01,4.726928276735565815e-01,4.457077342121277819e-01,4.475562404830017993e-01,4.032727184568016265e-01,5.359581159877064849e-01,0.000000000000000000e+00,5.501185219039991248e-01,5.302066603143091861e-01,4.932083416619181815e-01,0.000000000000000000e+00,0.000000000000000000e+00,0.000000000000000000e+00,3.698158545453352208e-01,5.884023995214746616e-01,0.000000000000000000e+00,4.945363883426279750e-01,5.581017142343114301e-01,5.903321981287704689e-01,5.258246809166966518e-01,5.927084455036287780e-01,0.000000000000000000e+00,5.734170081136106267e-01,0.000000000000000000e+00,5.934483696187532464e-01,0.000000000000000000e+00,4.875290967922271124e-01,0.000000000000000000e+00,0.000000000000000000e+00,0.000000000000000000e+00,5.802247619001081880e-01,4.802795958040738111e-01,0.000000000000000000e+00,4.548897699301451825e-01,5.605916008557969565e-01,0.000000000000000000e+00,0.000000000000000000e+00,4.294975733607410140e-01,5.611226958630867179e-01,5.657395422524637008e-01,5.416877798228127983e-01,5.291460786167310193e-01,5.551408740749601556e-01
0.000000000000000000e+00,4.765799113894553796e-01,4.961642874013492133e-01,2.116987123960256123e-01,3.468376497532905112e-01,4.573541275790887761e-01,0.000000000000000000e+00,4.576732923856335900e-01,4.383635995404472907e-01,4.402460209616865239e-01,4.770704348858060828e-01,3.601202103664087883e-01,3.724395668498103884e-01,3.339882531656688247e-01,0.000000000000000000e+00,5.177598537831695769e-01,4.145710476462203808e-01,4.955583261596926969e-01,5.044234564962732925e-01,4.880115284879006921e-01,0.000000000000000000e+00,4.854606973236658130e-01,4.672653483735406121e-01,3.664299451260933926e-01,4.803543899131976214e-01,4.629368277782626162e-01,4.661562550829492224e-01,3.235048232038313931e-01,4.720911437171271818e-01,0.000000000000000000e+00,4.519945607243742169e-01,4.079237950792540257e-01,3.770373110840978814e-01,4.274849946085337860e-01,3.834590727069426830e-01,3.042815412354963889e-01,2.578051138193148129e-01,3.438393851508430021e-01,2.702881105180505172e-01,0.000000000000000000e+00,2.164833905004147907e-01,0.000000000000000000e+00,4.217441906203179269e-01,0.000000000000000000e+00,0.000000000000000000e+00,0.000000000000000000e+00,0.000000000000000000e+00,4.360123593148297894e-01,0.000000000000000000e+00,0.000000000000000000e+00,5.106627339620782857e-01,0.000000000000000000e+00,0.000000000000000000e+00,4.678986562023105811e-01,0.000000000000000000e+00,4.765369270489027143e-01,0.000000000000000000e+00,0.000000000000000000e+00,0.000000000000000000e+00,0.000000000000000000e+00,0.000000000000000000e+00,0.000000000000000000e+00,0.000000000000000000e+00,4.576515337410946849e-01,0.000000000000000000e+00,0.000000000000000000e+00,0.000000000000000000e+00,5.662551700640595653e-01,0.000000000000000000e+00,0.000000000000000000e+00,0.000000000000000000e+00,5.407761037421187078e-01,0.000000000000000000e+00,0.000000000000000000e+00,0.000000000000000000e+00,0.000000000000000000e+00
5.392488091963332231e-01,4.845822464138718200e-01,4.613980077613447084e-01,3.286615621680696875e-01,4.558358485947309191e-01,4.376119250217805901e-01,4.576732923856335900e-01,0.000000000000000000e+00,5.068200391276507233e-01,4.550892767189276267e-01,3.465881197346115106e-01,4.458419757776851955e-01,4.772963051347625107e-01,3.723731619529346837e-01,0.000000000000000000e+00,4.905313005009824256e-01,0.000000000000000000e+00,4.983403242420894053e-01,4.454282870156545115e-01,0.000000000000000000e+00,4.378217075804620162e-01,0.000000000000000000e+00,4.046880337750063950e-01,5.381568495740129965e-01,5.023759395489306723e-01,5.175655221474165790e-01,4.774653088003920076e-01,4.650844243511417786e-01,4.369981700930478108e-01,4.318552058224118806e-01,4.830047073226447774e-01,4.073565075478582931e-01,4.903184693450173270e-01,4.898184834451493885e-01,5.027636243928697013e-01,2.402777429733330972e-01,3.297719432494782832e-01,0.000000000000000000e+00,4.847679333864717832e-01,0.000000000000000000e+00,5.527738015876336730e-01,0.000000000000000000e+00,4.602640405197255258e-01,0.000000000000000000e+00,0.000000000000000000e+00,0.000000000000000000e+00,0.000000000000000000e+00,5.742097942781625441e-01,0.000000000000000000e+00,5.042547107170997078e-01,5.214364634741281979e-01,5.624366995198599728e-01,4.199499240968059266e-01,5.795819958917294290e-01,0.000000000000000000e+00,5.112764609406371674e-01,0.000000000000000000e+00,5.308492754484858134e-01,4.829472327656958996e-01,5.282647316566645435e-01,0.000000000000000000e+00,0.000000000000000000e+00,0.000000000000000000e+00,5.481940696626621534e-01,5.560561798183446536e-01,5.209253935404107860e-01,0.000000000000000000e+00,5.319770883039289799e-01,0.000000000000000000e+00,0.000000000000000000e+00,0.000000000000000000e+00,5.569223526067133001e-01,5.239144360804066647e-01,5.296772973171923748e-01,0.000000000000000000e+00,5.152866981543253733e-01
0.000000000000000000e+00,4.273554018429007173e-01,3.239305392660661864e-01,4.385177587838999802e-01,3.655021300437655274e-01,3.616223424712660117e-01,4.383635995404472907e-01,5.068200391276507233e-01,0.000000000000000000e+00,5.182922000939607088e-01,3.515845323105942222e-01,4.387072058338912783e-01,4.148250048572786897e-01,4.376984534558943096e-01,0.000000000000000000e+00,4.578442379504479853e-01,0.000000000000000000e+00,3.440165049076884252e-01,3.353906201549454180e-01,4.477178297876973079e-01,0.000000000000000000e+00,4.581014742024662190e-01,4.098725165690669248e-01,4.093095538771415187e-01,4.429441581885187884e-01,4.350834935206995824e-01,3.720093917498347169e-01,4.788011383115202135e-01,4.322680102159769944e-01,4.469668061673386927e-01,4.980714546128400255e-01,4.608027040096749904e-01,4.594148780312313773e-01,4.966008560178511999e-01,4.848445090521800172e-01,4.574713375748629129e-01,4.707628367133782077e-01,4.443605191182287140e-01,5.203126668455859694e-01,0.000000000000000000e+00,2.848736652321218199e-01,0.000000000000000000e+00,5.342427322681704283e-01,0.000000000000000000e+00,0.000000000000000000e+00,0.000000000000000000e+00,0.000000000000000000e+00,5.833817145687184569e-01,0.000000000000000000e+00,5.299595127195477762e-01,5.698875304340556003e-01,5.244408068332225836e-01,5.633679606710385590e-01,5.760923142890473914e-01,0.000000000000000000e+00,5.739768396168555276e-01,0.000000000000000000e+00,5.065563301583029254e-01,5.391132914308247592e-01,0.000000000000000000e+00,0.000000000000000000e+00,0.000000000000000000e+00,0.000000000000000000e+00,5.776377849091921535e-01,0.000000000000000000e+00,0.000000000000000000e+00,0.000000000000000000e+00,5.883085752997215812e-01,0.000000000000000000e+00,0.000000000000000000e+00,0.000000000000000000e+00,5.868589613296650853e-01,4.522152430771744780e-01,0.000000000000000000e+00,0.000000000000000000e+00,0.000000000000000000e+00
4.592129717961813129e-01,0.000000000000000000e+00,4.419709749356461881e-01,1.431548503443056952e-01,4.881420023639356232e-01,5.056534706645656740e-01,4.402460209616865239e-01,4.550892767189276267e-01,5.182922000939607088e-01,0.000000000000000000e+00,5.126716903639960687e-01,3.220089568025437110e-01,4.528405508714101746e-01,0.000000000000000000e+00,0.000000000000000000e+00,4.667766995413609177e-01,3.297273079211319735e-01,4.034036968775440157e-01,4.774585776479088883e-01,4.015465821218939801e-01,0.000000000000000000e+00,4.207624024924686013e-01,4.731920501493844800e-01,3.831242079160054881e-01,3.750732295181826159e-01,3.873568269531023067e-01,4.669842740452783136e-01,4.257862210941897874e-01,3.936531625816390156e-01,0.000000000000000000e+00,3.689772494465675123e-01,3.849487493809695127e-01,3.669642177234679892e-01,3.575116767033120202e-01,3.088478175401935810e-01,2.735469787318198231e-01,2.459802216471735081e-01,2.985077775318724091e-01,2.898924149556709740e-01,4.461623359738708938e-01,3.227250289754434731e-01,2.844856800947679898e-01,0.000000000000000000e+00,0.000000000000000000e+00,4.067402326086940190e-01,5.045973603358534509e-01,0.000000000000000000e+00,0.000000000000000000e+00,0.000000000000000000e+00,0.000000000000000000e+00,0.000000000000000000e+00,0.000000000000000000e+00,0.000000000000000000e+00,0.000000000000000000e+00,5.265064151489384781e-01,0.000000000000000000e+00,5.042495664560510127e-01,4.241224284796136224e-01,0.000000000000000000e+00,0.000000000000000000e+00,0.000000000000000000e+00,5.439776410450545274e-01,4.987020387838402846e-01,0.000000000000000000e+00,0.000000000000000000e+00,0.000000000000000000e+00,0.000000000000000000e+00,0.000000000000000000e+00,5.080627775040459371e-01,5.428619895747687218e-01,5.463684445489462860e-01,0.000000000000000000e+00,2.255145894681802876e-01,0.000000000000000000e+00,0.000000000000000000e+00,0.000000000000000000e+00
0.000000000000000000e+00,0.000000000000000000e+00,3.287594141132538783e-01,3.679585845146527978e-01,3.405779255524650773e-01,4.032441147585157926e-01,4.770704348858060828e-01,3.465881197346115106e-01,3.515845323105942222e-01,5.126716903639960687e-01,0.000000000000000000e+00,4.474134544253333123e-01,4.926650462279141274e-01,3.378365573338452110e-01,0.000000000000000000e+00,0.000000000000000000e+00,4.119565065909053803e-01,0.000000000000000000e+00,2.985517534006966178e-01,0.000000000000000000e+00,0.000000000000000000e+00,0.000000000000000000e+00,3.614878783947382823e-01,4.366065454829877179e-01,0.000000000000000000e+00,3.721404739486129931e-01,4.461756612634317776e-01,4.714988887323043887e-01,0.000000000000000000e+00,0.000000000000000000e+00,5.065309255783939646e-01,4.306461740329056154e-01,4.185676639732963111e-01,5.027193781431334996e-01,4.687865502485040747e-01,3.584897803180240872e-01,4.497561386423374885e-01,4.479482110363898206e-01,4.498440209458852146e-01,0.000000000000000000e+00,0.000000000000000000e+00,0.000000000000000000e+00,4.801592492016812930e-01,0.000000000000000000e+00,0.000000000000000000e+00,0.000000000000000000e+00,0.000000000000000000e+00,3.596460824182958205e-01,0.000000000000000000e+00,4.757458595301810034e-01,5.516830888564625557e-01,5.015082531597231386e-01,5.083164483005694345e-01,6.105851259542680598e-01,0.000000000000000000e+00,3.614753847254780772e-01,0.000000000000000000e+00,4.029783273560534895e-01,4.922871057364420766e-01,0.000000000000000000e+00,0.000000000000000000e+00,0.000000000000000000e+00,0.000000000000000000e+00,2.836783117562222123e-01,0.000000000000000000e+00,0.000000000000000000e+00,0.000000000000000000e+00,5.972138651057018466e-01,0.000000000000000000e+00,0.000000000000000000e+00,0.000000000000000000e+00,5.774831836982770028e-01,3.877807033081869248e-01,0.000000000000000000e+00,0.000000000000000000e+00,0.000000000000000000e+00
4.366833947044481135e-01,0.000000000000000000e+00,3.508447734845057120e-01,0.000000000000000000e+00,3.922439951371810007e-01,3.975740431660398921e-01,3.601202103664087883e-01,4.458419757776851955e-01,4.387072058338912783e-01,3.220089568025437110e-01,4.474134544253333123e-01,0.000000000000000000e+00,4.509284075030680072e-01,0.000000000000000000e+00,0.000000000000000000e+00,0.000000000000000000e+00,4.138106171251348941e-01,4.191806967313971843e-01,3.771017147224611787e-01,0.000000000000000000e+00,4.617591289107085273e-01,0.000000000000000000e+00,4.025184126192122847e-01,3.213417792271224815e-01,4.060422304265917104e-01,3.492188142634528036e-01,3.630479148235657982e-01,3.871434944566362057e-01,0.000000000000000000e+00,0.000000000000000000e+00,3.735211642664467147e-01,3.052032223504209107e-01,3.516449470105522113e-01,2.824471464660548992e-01,2.649856975798223213e-01,3.086635923664179937e-01,2.838790452810349141e-01,2.513625178330763932e-01,2.559508886755404999e-01,4.620421212082674867e-01,2.932891801562568790e-01,2.980361074849761094e-01,4.188362688381275234e-01,0.000000000000000000e+00,4.217722033661696068e-01,0.000000000000000000e+00,0.000000000000000000e+00,0.000000000000000000e+00,0.000000000000000000e+00,0.000000000000000000e+00,0.000000000000000000e+00,0.000000000000000000e+00,0.000000000000000000e+00,0.000000000000000000e+00,5.204628828933980378e-01,0.000000000000000000e+00,5.000565154252938349e-01,3.294037127729230741e-01,0.000000000000000000e+00,0.000000000000000000e+00,0.000000000000000000e+00,5.639757865876751097e-01,5.080647828177532466e-01,0.000000000000000000e+00,0.000000000000000000e+00,0.000000000000000000e+00,0.000000000000000000e+00,0.000000000000000000e+00,4.957607944619774054e-01,5.377748359692019475e-01,5.318636382449671851e-01,0.000000000000000000e+00,2.581881367993837939e-01,0.000000000000000000e+00,0.000000000000000000e+00,5.352545041393506065e-01
4.055575783964002201e-01,4.638097388499496931e-01,4.941648169160670068e-01,3.155442399745309046e-01,4.081734790559762849e-01,4.185615045862718930e-01,3.724395668498103884e-01,4.772963051347625107e-01,4.148250048572786897e-01,4.528405508714101746e-01,4.926650462279141274e-01,4.509284075030680072e-01,0.000000000000000000e+00,3.752031880707936140e-01,4.720224449880247031e-01,4.956019112527292880e-01,4.606072024231078199e-01,4.933496026534024970e-01,4.966421230086426886e-01,4.659654583295930741e-01,4.804418272620418207e-01,4.803158658279420012e-01,4.702893992481592123e-01,4.424000696917956832e-01,4.661975768940573861e-01,4.654666615310305011e-01,4.655351830302794092e-01,3.399819439634664264e-01,4.115600486182033890e-01,3.702008391375776197e-01,4.285587078098436198e-01,4.274733779505456854e-01,4.252004336590536893e-01,4.251029802317691786e-01,4.054068565690531201e-01,3.669711058447330809e-01,3.296880909467522214e-01,3.946153370263976168e-01,3.791375651110286960e-01,3.771854186176651913e-01,2.496763739966391116e-01,2.553940425641146872e-01,4.732314362448294953e-01,0.000000000000000000e+00,3.063989052518378275e-01,0.000000000000000000e+00,0.000000000000000000e+00,4.562352811369870254e-01,0.000000000000000000e+00,0.000000000000000000e+00,5.639604137302028919e-01,4.552111347682423759e-01,5.255297660211780686e-01,0.000000000000000000e+00,0.000000000000000000e+00,5.097429668142472448e-01,0.000000000000000000e+00,0.000000000000000000e+00,0.000000000000000000e+00,4.312735326326124219e-01,0.000000000000000000e+00,0.000000000000000000e+00,0.000000000000000000e+00,0.000000000000000000e+00,4.241962779259800254e-01,0.000000000000000000e+00,3.410478026577847821e-01,5.588077428114719414e-01,0.000000000000000000e+00,3.185346892885920211e-01,3.874944934092771076e-01,5.684389864755415855e-01,0.000000000000000000e+00,5.129194683948202771e-01,0.000000000000000000e+00,0.000000000000000000e+00
0.000000000000000000e+00,0.000000000000000000e+00,4.407063359265940838e-01,2.871728753134206169e-01,3.057244062166927789e-01,4.449634495589834260e-01,3.339882531656688247e-01,3.723731619529346837e-01,4.376984534558943096e-01,0.000000000000000000e+00,3.378365573338452110e-01,0.000000000000000000e+00,3.752031880707936140e-01,0.000000000000000000e+00,0.000000000000000000e+00,0.000000000000000000e+00,0.000000000000000000e+00,0.000000000000000000e+00,4.292634167410537271e-01,0.000000000000000000e+00,0.000000000000000000e+00,0.000000000000000000e+00,4.260466666514057810e-01,0.000000000000000000e+00,0.000000000000000000e+00,0.000000000000000000e+00,4.709133575167210872e-01,2.989905967225869876e-01,0.000000000000000000e+00,0.000000000000000000e+00,0.000000000000000000e+00,3.151021267907718193e-01,0.000000000000000000e+00,4.353088193100382863e-01,0.000000000000000000e+00,2.705440058303015816e-01,1.896038306438551924e-01,0.000000000000000000e+00,4.676866818287285232e-01,0.000000000000000000e+00,0.000000000000000000e+00,0.000000000000000000e+00,0.000000000000000000e+00,0.000000000000000000e+00,0.000000000000000000e+00,0.000000000000000000e+00,0.000000000000000000e+00,4.949677489546852049e-01,0.000000000000000000e+00,0.000000000000000000e+00,0.000000000000000000e+00,0.000000000000000000e+00,0.000000000000000000e+00,5.495166122817881638e-01,0.000000000000000000e+00,4.921503655958968104e-01,0.000000000000000000e+00,0.000000000000000000e+00,0.000000000000000000e+00,0.000000000000000000e+00,0.000000000000000000e+00,0.000000000000000000e+00,0.000000000000000000e+00,0.000000000000000000e+00,0.000000000000000000e+00,0.000000000000000000e+00,0.000000000000000000e+00,4.840326761945322742e-01,0.000000000000000000e+00,0.000000000000000000e+00,0.000000000000000000e+00,4.915319248039214939e-01,0.000000000000000000e+00,0.000000000000000000e+00,0.000000000000000000e+00,0.000000000000000000e+00
4.101596487354697840e-01,4.326125678212801029e-01,0.000000000000000000e+00,0.000000000000000000e+00,0.000000000000000000e+00,4.686999876744775140e-01,0.000000000000000000e+00,0.000000000000000000e+00,0.000000000000000000e+00,0.000000000000000000e+00,0.000000000000000000e+00,0.000000000000000000e+00,4.720224449880247031e-01,0.000000000000000000e+00,0.000000000000000000e+00,4.467247789143329872e-01,0.000000000000000000e+00,4.431990167960692117e-01,0.000000000000000000e+00,3.122130999039808841e-01,4.413720426971501909e-01,3.802474262224722068e-01,3.846348326606903734e-01,5.092612508406259009e-01,4.088399367243830129e-01,4.192741068569095786e-01,4.390056172569348214e-01,4.249557817985434860e-01,4.336835718351241264e-01,0.000000000000000000e+00,4.373583993319206109e-01,4.888678460277575133e-01,4.436521366908733888e-01,4.710428999713205944e-01,5.303049245239803700e-01,5.551661766248074947e-01,0.000000000000000000e+00,0.000000000000000000e+00,5.227715778964467930e-01,5.059493294067737290e-01,5.489001195608780304e-01,5.490219068179973405e-01,3.953592498800289068e-01,0.000000000000000000e+00,0.000000000000000000e+00,0.000000000000000000e+00,5.454775043666996170e-01,0.000000000000000000e+00,0.000000000000000000e+00,0.000000000000000000e+00,5.058535904148753204e-01,0.000000000000000000e+00,5.816123760403093534e-01,0.000000000000000000e+00,0.000000000000000000e+00,0.000000000000000000e+00,0.000000000000000000e+00,4.440475411344623757e-01,0.000000000000000000e+00,5.575838049838066635e-01,4.967718828904241768e-01,0.000000000000000000e+00,0.000000000000000000e+00,0.000000000000000000e+00,5.360013529712593927e-01,5.322768226991576590e-01,5.616617762077453779e-01,5.457505146786918448e-01,0.000000000000000000e+00,4.114015173163030892e-01,6.037557431079688675e-01,5.521994075142341307e-01,4.838122694263333745e-01,5.175300645344660389e-01,0.000000000000000000e+00,5.219911227517345376e-01
4.309762209306211012e-01,4.241013550115886876e-01,0.000000000000000000e+00,0.000000000000000000e+00,4.417798719997383938e-01,4.699408492347896815e-01,5.177598537831695769e-01,4.905313005009824256e-01,4.578442379504479853e-01,4.667766995413609177e-01,0.000000000000000000e+00,0.000000000000000000e+00,4.956019112527292880e-01,0.000000000000000000e+00,4.467247789143329872e-01,0.000000000000000000e+00,3.955114617908033203e-01,3.336761411834447966e-01,0.000000000000000000e+00,4.321210368264463142e-01,4.359190494312765174e-01,3.921953128276766121e-01,4.715888422513354050e-01,0.000000000000000000e+00,4.114982266709247272e-01,4.520341421082730848e-01,4.598578847484747767e-01,4.558067310663284077e-01,4.459552143299699845e-01,3.940608190531009747e-01,3.704908100058341147e-01,4.490357209658343840e-01,4.048963118785656179e-01,3.899996034573965931e-01,4.279619437060560028e-01,0.000000000000000000e+00,0.000000000000000000e+00,0.000000000000000000e+00,4.798490927607114154e-01,4.379564769951598824e-01,4.680115873308465235e-01,4.848169196529321101e-01,0.000000000000000000e+00,0.000000000000000000e+00,0.000000000000000000e+00,4.538961324975612777e-01,4.886720968211663019e-01,0.000000000000000000e+00,0.000000000000000000e+00,0.000000000000000000e+00,0.000000000000000000e+00,0.000000000000000000e+00,0.000000000000000000e+00,0.000000000000000000e+00,0.000000000000000000e+00,0.000000000000000000e+00,0.000000000000000000e+00,0.000000000000000000e+00,0.000000000000000000e+00,5.255197258547569250e-01,4.673479077990478903e-01,0.000000000000000000e+00,4.599723558461764061e-01,0.000000000000000000e+00,4.542560308327738827e-01,4.658931329315932901e-01,4.643689823119360738e-01,4.309004272016613846e-01,0.000000000000000000e+00,4.730595947601055062e-01,5.089943382580859321e-01,4.262542919276793851e-01,0.000000000000000000e+00,4.126265671629884002e-01,0.000000000000000000e+00,4.909667714984987108e-01
0.000000000000000000e+00,3.783087926162255199e-01,0.000000000000000000e+00,0.000000000000000000e+00,0.000000000000000000e+00,3.467466041083662187e-01,4.145710476462203808e-01,0.000000000000000000e+00,0.000000000000000000e+00,3.297273079211319735e-01,4.119565065909053803e-01,4.138106171251348941e-01,4.606072024231078199e-01,0.000000000000000000e+00,0.000000000000000000e+00,3.955114617908033203e-01,0.000000000000000000e+00,3.665276070525566032e-01,0.000000000000000000e+00,3.899767172604534093e-01,0.000000000000000000e+00,3.899339549719090803e-01,0.000000000000000000e+00,3.983520666856441017e-01,3.268710138002748899e-01,4.094716497561142199e-01,0.000000000000000000e+00,4.375512036455849740e-01,3.749140627703625994e-01,0.000000000000000000e+00,3.800283573348949839e-01,4.462942605988473033e-01,4.017662853501423048e-01,3.865516644498683263e-01,3.935038477220982878e-01,0.000000000000000000e+00,0.000000000000000000e+00,3.392544153155006015e-01,0.000000000000000000e+00,4.233950569262153185e-01,0.000000000000000000e+00,0.000000000000000000e+00,0.000000000000000000e+00,0.000000000000000000e+00,0.000000000000000000e+00,0.000000000000000000e+00,0.000000000000000000e+00,0.000000000000000000e+00,0.000000000000000000e+00,0.000000000000000000e+00,0.000000000000000000e+00,0.000000000000000000e+00,0.000000000000000000e+00,0.000000000000000000e+00,5.148149051280970223e-01,0.000000000000000000e+00,5.193500117898410817e-01,0.000000000000000000e+00,0.000000000000000000e+00,0.000000000000000000e+00,0.000000000000000000e+00,4.935310724450874265e-01,4.568734549149259805e-01,0.000000000000000000e+00,0.000000000000000000e+00,0.000000000000000000e+00,0.000000000000000000e+00,0.000000000000000000e+00,4.989837322910716799e-01,4.894339546231609162e-01,5.151099625320315623e-01,0.000000000000000000e+00,0.000000000000000000e+00,0.000000000000000000e+00,0.000000000000000000e+00,0.000000000000000000e+00
4.336892945389940746e-01,4.250017541199387905e-01,0.000000000000000000e+00,0.000000000000000000e+00,0.000000000000000000e+00,4.723535991073429252e-01,4.955583261596926969e-01,4.983403242420894053e-01,3.440165049076884252e-01,4.034036968775440157e-01,0.000000000000000000e+00,4.191806967313971843e-01,4.933496026534024970e-01,0.000000000000000000e+00,4.431990167960692117e-01,3.336761411834447966e-01,3.665276070525566032e-01,0.000000000000000000e+00,0.000000000000000000e+00,4.400286325804210752e-01,4.271376959954226726e-01,4.307787615447472018e-01,4.916565614982438825e-01,4.267033624602712960e-01,3.715362633073959198e-01,4.198430292607899794e-01,4.750444209972535803e-01,4.584763143882040759e-01,4.687438494396404254e-01,3.506091135995266783e-01,3.965523266805273117e-01,4.621496976137687840e-01,4.083922002040392130e-01,4.106202577191869763e-01,4.362169568807853781e-01,0.000000000000000000e+00,0.000000000000000000e+00,0.000000000000000000e+00,4.484507699784059942e-01,4.095036906070173011e-01,4.528571534088983164e-01,0.000000000000000000e+00,0.000000000000000000e+00,0.000000000000000000e+00,0.000000000000000000e+00,4.726214201491277800e-01,4.845218556372947183e-01,0.000000000000000000e+00,0.000000000000000000e+00,0.000000000000000000e+00,0.000000000000000000e+00,0.000000000000000000e+00,0.000000000000000000e+00,0.000000000000000000e+00,4.784869788599999119e-01,0.000000000000000000e+00,5.080037527133474118e-01,0.000000000000000000e+00,0.000000000000000000e+00,0.000000000000000000e+00,4.502372204864197869e-01,5.019250007946202130e-01,4.594726269541459240e-01,0.000000000000000000e+00,0.000000000000000000e+00,0.000000000000000000e+00,4.563553577969525765e-01,0.000000000000000000e+00,4.771607071207735751e-01,4.721974652744663214e-01,5.032624739510416223e-01,0.000000000000000000e+00,0.000000000000000000e+00,0.000000000000000000e+00,0.000000000000000000e+00,4.529746185077075937e-01
0.000000000000000000e+00,0.000000000000000000e+00,2.740623883176789843e-01,4.042489850795847883e-01,4.230659911589544908e-01,4.889356075979959804e-01,5.044234564962732925e-01,4.454282870156545115e-01,3.353906201549454180e-01,4.774585776479088883e-01,2.985517534006966178e-01,3.771017147224611787e-01,4.966421230086426886e-01,4.292634167410537271e-01,0.000000000000000000e+00,0.000000000000000000e+00,0.000000000000000000e+00,0.000000000000000000e+00,0.000000000000000000e+00,0.000000000000000000e+00,0.000000000000000000e+00,0.000000000000000000e+00,3.724840663169817767e-01,0.000000000000000000e+00,0.000000000000000000e+00,0.000000000000000000e+00,4.151277146077181901e-01,4.901342969963766172e-01,0.000000000000000000e+00,0.000000000000000000e+00,5.262364459340393985e-01,4.643079544547717985e-01,0.000000000000000000e+00,5.306573267825679396e-01,4.780316092952747176e-01,4.403601365241683885e-01,4.559790256424571253e-01,4.126521479746513843e-01,4.371139402345599057e-01,0.000000000000000000e+00,0.000000000000000000e+00,0.000000000000000000e+00,5.151273577833457296e-01,0.000000000000000000e+00,0.000000000000000000e+00,0.000000000000000000e+00,0.000000000000000000e+00,3.640472060631759210e-01,0.000000000000000000e+00,5.381886976304062209e-01,5.691239253699802436e-01,5.216709234064350609e-01,5.681632560103122564e-01,6.036696849899378936e-01,0.000000000000000000e+00,3.909463425175579987e-01,0.000000000000000000e+00,5.125831040451144238e-01,5.228041060331438672e-01,0.000000000000000000e+00,0.000000000000000000e+00,0.000000000000000000e+00,0.000000000000000000e+00,5.181326389820248846e-01,0.000000000000000000e+00,0.000000000000000000e+00,0.000000000000000000e+00,6.085546605358120864e-01,0.000000000000000000e+00,0.000000000000000000e+00,0.000000000000000000e+00,6.093956520794506782e-01,0.000000000000000000e+00,0.000000000000000000e+00,0.000000000000000000e+00,0.000000000000000000e+00
4.473377923890277108e-01,4.175769656185793210e-01,0.000000000000000000e+00,4.361136186648003066e-01,4.658975076550349037e-01,4.265383537156425264e-01,4.880115284879006921e-01,0.000000000000000000e+00,4.477178297876973079e-01,4.015465821218939801e-01,0.000000000000000000e+00,0.000000000000000000e+00,4.659654583295930741e-01,0.000000000000000000e+00,3.122130999039808841e-01,4.321210368264463142e-01,3.899767172604534093e-01,4.400286325804210752e-01,0.000000000000000000e+00,0.000000000000000000e+00,4.835849579039144253e-01,3.693309448528334094e-01,2.914238298833662921e-01,0.000000000000000000e+00,4.294524776455980741e-01,4.558312408725795906e-01,3.590589456425590797e-01,3.997186669207724030e-01,3.555325942300830988e-01,3.494328670959854222e-01,4.097140410804676058e-01,4.797246907428788232e-01,3.990620824421757806e-01,4.647915898050851147e-01,5.064789844219899084e-01,5.295756490751540868e-01,4.674427586420574765e-01,0.000000000000000000e+00,5.238977529225536944e-01,4.614777938344830077e-01,5.506175430791925285e-01,5.632332475305205088e-01,3.280808804508307253e-01,0.000000000000000000e+00,0.000000000000000000e+00,0.000000000000000000e+00,4.393242864258717906e-01,0.000000000000000000e+00,0.000000000000000000e+00,0.000000000000000000e+00,5.027100518235690929e-01,0.000000000000000000e+00,5.437709782483316490e-01,0.000000000000000000e+00,0.000000000000000000e+00,0.000000000000000000e+00,0.000000000000000000e+00,4.238612922290855844e-01,0.000000000000000000e+00,5.466813500858953567e-01,3.804727462486887091e-01,0.000000000000000000e+00,0.000000000000000000e+00,0.000000000000000000e+00,5.309637102083888394e-01,5.295766704957437510e-01,5.258659193796574316e-01,5.744527460222933479e-01,0.000000000000000000e+00,3.334415369781411065e-01,5.239828390844284423e-01,5.463630929814545789e-01,5.462190961109874010e-01,5.452490545368025021e-01,0.000000000000000000e+00,5.202798936776069638e-01
4.276098397999443801e-01,4.287699998805608037e-01,0.000000000000000000e+00,0.000000000000000000e+00,0.000000000000000000e+00,4.500897827005018170e-01,0.000000000000000000e+00,4.378217075804620162e-01,0.000000000000000000e+00,0.000000000000000000e+00,0.000000000000000000e+00,4.617591289107085273e-01,4.804418272620418207e-01,0.000000000000000000e+00,4.413720426971501909e-01,4.359190494312765174e-01,0.000000000000000000e+00,4.271376959954226726e-01,0.000000000000000000e+00,4.835849579039144253e-01,0.000000000000000000e+00,4.344755873389288259e-01,4.444494381582396736e-01,4.961314903228229989e-01,4.484520082304392918e-01,4.587221695032734914e-01,4.986937298414256259e-01,4.561839227388844176e-01,4.669729356051807168e-01,0.000000000000000000e+00,4.146956541062544743e-01,4.612530339389717127e-01,3.435635581954549767e-01,4.336232352860202033e-01,4.861600769847296277e-01,0.000000000000000000e+00,0.000000000000000000e+00,0.000000000000000000e+00,5.245072365178460316e-01,4.935493285697756805e-01,5.760519470551261900e-01,0.000000000000000000e+00,0.000000000000000000e+00,0.000000000000000000e+00,0.000000000000000000e+00,4.435258147484680835e-01,5.340963614342724153e-01,0.000000000000000000e+00,0.000000000000000000e+00,0.000000000000000000e+00,5.036862986668616538e-01,0.000000000000000000e+00,5.324106760915163772e-01,0.000000000000000000e+00,0.000000000000000000e+00,0.000000000000000000e+00,0.000000000000000000e+00,4.799367940362659901e-01,0.000000000000000000e+00,5.300383968883717323e-01,4.968955580250852266e-01,0.000000000000000000e+00,0.000000000000000000e+00,0.000000000000000000e+00,5.539522411936758095e-01,4.293832593569333889e-01,5.649286550230052661e-01,5.544674001823814979e-01,0.000000000000000000e+00,4.637594288264696996e-01,5.525022434635910029e-01,5.666116687492110948e-01,5.173485703914693090e-01,5.105830929689521014e-01,0.000000000000000000e+00,5.130279137569850878e-01
