0.000000000000000000e+00,4.031871716917238002e-01,0.000000000000000000e+00,0.000000000000000000e+00,0.000000000000000000e+00,4.315059400718477822e-01,0.000000000000000000e+00,5.147625875190015021e-01,0.000000000000000000e+00,3.715366491730441867e-01,0.000000000000000000e+00,3.538668507578437983e-01,4.106245026619155247e-01,0.000000000000000000e+00,4.037437789714852232e-01,3.927149437609013249e-01,4.320248261132800249e-01,3.773059441524609925e-01,0.000000000000000000e+00,4.987898091216391161e-01,4.514835884038718161e-01,4.061500525079093094e-01,4.965385198046011750e-01,3.774297930250840039e-01,3.777548355270254898e-01,3.667795612972056807e-01,5.098266963230665416e-01,4.370063207535357930e-01,4.473508835412530749e-01,0.000000000000000000e+00,3.868951612383936256e-01,4.353308004001890108e-01,3.523496476242597986e-01,3.769022648572967205e-01,3.755219858568222269e-01,0.000000000000000000e+00,0.000000000000000000e+00,4.337806126267251816e-01,4.773652870737580267e-01,4.631853903499549840e-01,4.971675041224751790e-01,0.000000000000000000e+00,0.000000000000000000e+00,0.000000000000000000e+00,0.000000000000000000e+00,4.492631781682989156e-01,5.047614970038990512e-01,0.000000000000000000e+00,0.000000000000000000e+00,0.000000000000000000e+00,0.000000000000000000e+00,0.000000000000000000e+00,0.000000000000000000e+00,0.000000000000000000e+00,5.010547987202298437e-01,0.000000000000000000e+00,0.000000000000000000e+00,0.000000000000000000e+00,0.000000000000000000e+00,0.000000000000000000e+00,4.868434882363928962e-01,0.000000000000000000e+00,4.863045831999555091e-01,0.000000000000000000e+00,0.000000000000000000e+00,4.325190725241975231e-01,4.799652080012635769e-01,0.000000000000000000e+00,4.415777398446540936e-01,4.879980592595326017e-01,4.884764889535270771e-01,0.000000000000000000e+00,0.000000000000000000e+00,0.000000000000000000e+00,0.000000000000000000e+00,0.000000000000000000e+00
4.031871716917238002e-01,0.000000000000000000e+00,0.000000000000000000e+00,0.000000000000000000e+00,4.686469941629027858e-01,4.535857655208063166e-01,5.126091393266026808e-01,4.055901377483578929e-01,4.543049877232058775e-01,0.000000000000000000e+00,0.000000000000000000e+00,0.000000000000000000e+00,4.848527629613216261e-01,0.000000000000000000e+00,4.651426942013829890e-01,3.997388425919813915e-01,4.167283268497005144e-01,4.061718511888908756e-01,0.000000000000000000e+00,4.570536773052045754e-01,4.386701272812658092e-01,3.923947817377654856e-01,4.702500797026619161e-01,0.000000000000000000e+00,3.661428365736145163e-01,3.902026677661215026e-01,4.603818864955966927e-01,4.844207754466047788e-01,4.575367718175505916e-01,0.000000000000000000e+00,3.902500012223447112e-01,4.361756653362173219e-01,3.653527008475392912e-01,3.958634569138432813e-01,4.405352535382632273e-01,0.000000000000000000e+00,0.000000000000000000e+00,0.000000000000000000e+00,4.750090675838065102e-01,4.487602920092362835e-01,4.539165552196305908e-01,4.510304157859051921e-01,0.000000000000000000e+00,0.000000000000000000e+00,0.000000000000000000e+00,4.707966814090340790e-01,4.817812785705883893e-01,0.000000000000000000e+00,0.000000000000000000e+00,0.000000000000000000e+00,3.787557336783023976e-01,0.000000000000000000e+00,0.000000000000000000e+00,0.000000000000000000e+00,0.000000000000000000e+00,0.000000000000000000e+00,0.000000000000000000e+00,0.000000000000000000e+00,0.000000000000000000e+00,5.167470274190060220e-01,4.553830766088173831e-01,0.000000000000000000e+00,4.425533992376575743e-01,0.000000000000000000e+00,4.604391772537331229e-01,5.145570595979193085e-01,4.759054514900105115e-01,5.172103390025152292e-01,0.000000000000000000e+00,4.614424165803637234e-01,4.976962754775032249e-01,4.712564157391220254e-01,0.000000000000000000e+00,4.331303035505132959e-01,0.000000000000000000e+00,4.470710164228253736e-01
0.000000000000000000e+00,0.000000000000000000e+00,0.000000000000000000e+00,4.311783305679022238e-01,4.327737948658533229e-01,4.290981783972698249e-01,5.051625015905848448e-01,4.860534104639728792e-01,3.308499414725635801e-01,4.510752916662283951e-01,3.478683188634265067e-01,3.298196552292894101e-01,5.007310041237477138e-01,4.244808363202390855e-01,0.000000000000000000e+00,0.000000000000000000e+00,0.000000000000000000e+00,0.000000000000000000e+00,2.864473208765371259e-01,0.000000000000000000e+00,0.000000000000000000e+00,0.000000000000000000e+00,3.672942497123972139e-01,0.000000000000000000e+00,0.000000000000000000e+00,0.000000000000000000e+00,3.385562331770224920e-01,4.923836938775357774e-01,0.000000000000000000e+00,0.000000000000000000e+00,4.958772895894124066e-01,4.617282894366457890e-01,3.515044813901476162e-01,5.080049048789899713e-01,4.669899171343854238e-01,4.312785774416569851e-01,4.740969062169940185e-01,0.000000000000000000e+00,4.904385337502368825e-01,0.000000000000000000e+00,4.462804384384275180e-01,0.000000000000000000e+00,5.533428669646208720e-01,0.000000000000000000e+00,0.000000000000000000e+00,0.000000000000000000e+00,0.000000000000000000e+00,5.932769387457351717e-01,0.000000000000000000e+00,5.188478511501612989e-01,5.852456249158103363e-01,4.993954475879792132e-01,6.195115206789979512e-01,6.106265316684916789e-01,0.000000000000000000e+00,5.912338876924443376e-01,0.000000000000000000e+00,5.105249159926291691e-01,0.000000000000000000e+00,0.000000000000000000e+00,0.000000000000000000e+00,0.000000000000000000e+00,0.000000000000000000e+00,5.376227640221962201e-01,0.000000000000000000e+00,0.000000000000000000e+00,0.000000000000000000e+00,5.908862984645250060e-01,0.000000000000000000e+00,0.000000000000000000e+00,0.000000000000000000e+00,6.006909615600413144e-01,4.430264413512137733e-01,0.000000000000000000e+00,0.000000000000000000e+00,0.000000000000000000e+00
0.000000000000000000e+00,0.000000000000000000e+00,4.311783305679022238e-01,0.000000000000000000e+00,2.690838301094902185e-01,4.023775261031284911e-01,2.309371425998069938e-01,3.757223236026394075e-01,4.447114066200665849e-01,2.031894904253218892e-01,3.912481875627110139e-01,2.159927476100839128e-01,3.335495851311104931e-01,2.803412857133150138e-01,0.000000000000000000e+00,0.000000000000000000e+00,0.000000000000000000e+00,0.000000000000000000e+00,4.209834596696881981e-01,0.000000000000000000e+00,0.000000000000000000e+00,0.000000000000000000e+00,3.985903711154509255e-01,0.000000000000000000e+00,0.000000000000000000e+00,0.000000000000000000e+00,4.268301473868815754e-01,2.544176888933639136e-01,3.871073543692735153e-01,0.000000000000000000e+00,0.000000000000000000e+00,2.920115783495704775e-01,0.000000000000000000e+00,2.372363665057498905e-01,2.617299848085655745e-01,2.134239254240681005e-01,1.766837409133560910e-01,2.218515071700163932e-01,0.000000000000000000e+00,0.000000000000000000e+00,0.000000000000000000e+00,0.000000000000000000e+00,0.000000000000000000e+00,0.000000000000000000e+00,0.000000000000000000e+00,0.000000000000000000e+00,0.000000000000000000e+00,0.000000000000000000e+00,0.000000000000000000e+00,0.000000000000000000e+00,0.000000000000000000e+00,0.000000000000000000e+00,0.000000000000000000e+00,0.000000000000000000e+00,0.000000000000000000e+00,0.000000000000000000e+00,0.000000000000000000e+00,0.000000000000000000e+00,0.000000000000000000e+00,0.000000000000000000e+00,0.000000000000000000e+00,0.000000000000000000e+00,0.000000000000000000e+00,0.000000000000000000e+00,0.000000000000000000e+00,0.000000000000000000e+00,0.000000000000000000e+00,0.000000000000000000e+00,0.000000000000000000e+00,0.000000000000000000e+00,0.000000000000000000e+00,0.000000000000000000e+00,0.000000000000000000e+00,0.000000000000000000e+00,0.000000000000000000e+00,0.000000000000000000e+00
0.000000000000000000e+00,4.686469941629027858e-01,4.327737948658533229e-01,2.690838301094902185e-01,0.000000000000000000e+00,4.061302475956514724e-01,3.880237237422394792e-01,4.636819915799232916e-01,3.765369154866954893e-01,5.198729493211367014e-01,3.419420981464523224e-01,3.943133529352922939e-01,4.409693275899838061e-01,2.955508985847478121e-01,0.000000000000000000e+00,4.683667991420328858e-01,0.000000000000000000e+00,0.000000000000000000e+00,4.272832356179033231e-01,4.845222957579585765e-01,0.000000000000000000e+00,4.889318203799533080e-01,4.578494308469627794e-01,0.000000000000000000e+00,3.997622809473466154e-01,3.624341829042173058e-01,4.237560141432172856e-01,4.369622181687589091e-01,4.434788643944881925e-01,0.000000000000000000e+00,4.838802214652466183e-01,4.097719321395181247e-01,3.821577610859314134e-01,4.689451687432498739e-01,4.443942872106639852e-01,2.552480544082422198e-01,2.356087227283129026e-01,3.850213572982629229e-01,3.324196816390063147e-01,0.000000000000000000e+00,0.000000000000000000e+00,0.000000000000000000e+00,4.428202400146044049e-01,0.000000000000000000e+00,0.000000000000000000e+00,0.000000000000000000e+00,0.000000000000000000e+00,5.021482240666169661e-01,0.000000000000000000e+00,4.767318877577209069e-01,4.764664455980410773e-01,0.000000000000000000e+00,4.626063483423423772e-01,4.511658908044318128e-01,0.000000000000000000e+00,4.956492000376100937e-01,0.000000000000000000e+00,0.000000000000000000e+00,0.000000000000000000e+00,0.000000000000000000e+00,0.000000000000000000e+00,0.000000000000000000e+00,0.000000000000000000e+00,4.773959509483183261e-01,0.000000000000000000e+00,0.000000000000000000e+00,0.000000000000000000e+00,5.655583268913347839e-01,0.000000000000000000e+00,0.000000000000000000e+00,0.000000000000000000e+00,5.007048333209324076e-01,0.000000000000000000e+00,0.000000000000000000e+00,0.000000000000000000e+00,0.000000000000000000e+00
4.315059400718477822e-01,4.535857655208063166e-01,4.290981783972698249e-01,4.023775261031284911e-01,4.061302475956514724e-01,0.000000000000000000e+00,4.389537563157190903e-01,4.467821522094352904e-01,3.740640471170927905e-01,4.206871289989010942e-01,3.867154562685273800e-01,3.854220524324559749e-01,3.977183048622874861e-01,4.441491691986589885e-01,4.546221275339039081e-01,4.549196226038215163e-01,3.240965728944467106e-01,4.395705837618589795e-01,4.097768747237857112e-01,4.319078674800159723e-01,4.874899889688055765e-01,4.646681296194163924e-01,4.273827456849326745e-01,0.000000000000000000e+00,4.262427003156000205e-01,4.552905213352714253e-01,3.970295330124081201e-01,4.189153930023273853e-01,3.563818230432660994e-01,4.469771640553734104e-01,4.683118946786841152e-01,4.386638968374120262e-01,4.552163312470726142e-01,4.654145024869995040e-01,4.695200883604055964e-01,4.568311982258890791e-01,4.483496169390184805e-01,4.132820797131656065e-01,4.938658983131252178e-01,0.000000000000000000e+00,5.444581962899295302e-01,5.307429462342035942e-01,4.775558589956828137e-01,0.000000000000000000e+00,0.000000000000000000e+00,0.000000000000000000e+00,3.968297851210144112e-01,5.816653669390947634e-01,0.000000000000000000e+00,4.782644090878350740e-01,5.374644657359045619e-01,5.320261496029994319e-01,5.309257447363829874e-01,5.743679030161057408e-01,0.000000000000000000e+00,5.276983927334467639e-01,0.000000000000000000e+00,5.449704275212036153e-01,0.000000000000000000e+00,4.852566204909635195e-01,0.000000000000000000e+00,0.000000000000000000e+00,0.000000000000000000e+00,5.619327433174229336e-01,4.488403509316536977e-01,4.771139699343939222e-01,4.080570188029277179e-01,5.522575031612065866e-01,0.000000000000000000e+00,0.000000000000000000e+00,4.379235561790524867e-01,5.439411077093516678e-01,5.381965099565699795e-01,5.241267334640010711e-01,5.148531060982270979e-01,5.397837741422757407e-01
0.000000000000000000e+00,5.126091393266026808e-01,5.051625015905848448e-01,2.309371425998069938e-01,3.880237237422394792e-01,4.389537563157190903e-01,0.000000000000000000e+00,4.710834343875062169e-01,4.385579945620183828e-01,4.374719658204315742e-01,5.021101887855664581e-01,3.560027812916858880e-01,3.750635719966983750e-01,3.475002701953739948e-01,0.000000000000000000e+00,5.059522204403952284e-01,4.406895847937777888e-01,4.642866663204974209e-01,5.148202717719072563e-01,4.807520354543755037e-01,0.000000000000000000e+00,5.065866246388779359e-01,4.693923586400854941e-01,4.123183716907540264e-01,4.611936588676797122e-01,4.379077173234460774e-01,4.662479037115470071e-01,4.036387648106654069e-01,4.633305340405762252e-01,0.000000000000000000e+00,4.550842774380146061e-01,4.113129946321114061e-01,3.746673044451893086e-01,4.248573851430815784e-01,3.789285395669291234e-01,2.908571038560099908e-01,2.799570505223993866e-01,3.498106876825313183e-01,3.682376202824982903e-01,0.000000000000000000e+00,4.287069697372762889e-01,0.000000000000000000e+00,4.174567987210249242e-01,0.000000000000000000e+00,0.000000000000000000e+00,0.000000000000000000e+00,0.000000000000000000e+00,4.957204429762909204e-01,0.000000000000000000e+00,0.000000000000000000e+00,4.736720636989966149e-01,0.000000000000000000e+00,5.045449565241286738e-01,4.367687604961578152e-01,0.000000000000000000e+00,4.289284590840761746e-01,0.000000000000000000e+00,0.000000000000000000e+00,0.000000000000000000e+00,0.000000000000000000e+00,0.000000000000000000e+00,0.000000000000000000e+00,0.000000000000000000e+00,4.582557976250778986e-01,0.000000000000000000e+00,0.000000000000000000e+00,0.000000000000000000e+00,5.409652149202004434e-01,0.000000000000000000e+00,0.000000000000000000e+00,0.000000000000000000e+00,5.065263049425431374e-01,0.000000000000000000e+00,0.000000000000000000e+00,0.000000000000000000e+00,0.000000000000000000e+00
5.147625875190015021e-01,4.055901377483578929e-01,4.860534104639728792e-01,3.757223236026394075e-01,4.636819915799232916e-01,4.467821522094352904e-01,4.710834343875062169e-01,0.000000000000000000e+00,5.124674405725734294e-01,4.436718012739280237e-01,3.702328003305868087e-01,3.975213365810876809e-01,4.664924020636337931e-01,3.753165821837555760e-01,0.000000000000000000e+00,4.545120531698080835e-01,0.000000000000000000e+00,4.483964730238199081e-01,4.863518529211673935e-01,4.144555617367253753e-01,4.094464469177130916e-01,4.291506812376650881e-01,3.861377773348667053e-01,5.138307115752668297e-01,4.746875629314116218e-01,4.740596050731181177e-01,4.692414398636866046e-01,4.586014592063792916e-01,4.155185108304477737e-01,4.463392250880628964e-01,4.634317443174947870e-01,3.738817244856140198e-01,4.152001172586846089e-01,4.737780499956337210e-01,4.506371371135484138e-01,2.891655257998994033e-01,3.371747869168715273e-01,0.000000000000000000e+00,4.780198220927671104e-01,0.000000000000000000e+00,5.244503508074319642e-01,0.000000000000000000e+00,4.357129645770919102e-01,0.000000000000000000e+00,0.000000000000000000e+00,0.000000000000000000e+00,0.000000000000000000e+00,5.863405627213272853e-01,0.000000000000000000e+00,5.292956162640337636e-01,5.330279336128449508e-01,5.389437934772504102e-01,4.723436141078736217e-01,5.791135701327378982e-01,0.000000000000000000e+00,5.153054109139982852e-01,0.000000000000000000e+00,5.298250766227527997e-01,0.000000000000000000e+00,4.749551019429680276e-01,0.000000000000000000e+00,0.000000000000000000e+00,0.000000000000000000e+00,5.755983137212306033e-01,4.832926570894616192e-01,4.928120687557018265e-01,0.000000000000000000e+00,5.377434766203172956e-01,0.000000000000000000e+00,0.000000000000000000e+00,0.000000000000000000e+00,5.550916432173425008e-01,5.327251689463016193e-01,5.266582606525327392e-01,0.000000000000000000e+00,5.093940025844134745e-01
0.000000000000000000e+00,4.543049877232058775e-01,3.308499414725635801e-01,4.447114066200665849e-01,3.765369154866954893e-01,3.740640471170927905e-01,4.385579945620183828e-01,5.124674405725734294e-01,0.000000000000000000e+00,5.276470003449522661e-01,3.422846124284448233e-01,4.535309958026738086e-01,4.485983159139755871e-01,4.369572744386249763e-01,0.000000000000000000e+00,4.403787227309253205e-01,0.000000000000000000e+00,3.063332100783646150e-01,3.022481650375934970e-01,4.441109837006768091e-01,0.000000000000000000e+00,4.869152010911971251e-01,4.567472773097023819e-01,4.189549411363248099e-01,4.051275406123481249e-01,3.778555759938322933e-01,3.741582304630692857e-01,4.827173443714002921e-01,4.172931197512637080e-01,4.901446585004867185e-01,4.916810473232107737e-01,4.538176199897749896e-01,4.344830006222369922e-01,4.888665957539313767e-01,4.729303082442419259e-01,4.542336279739677130e-01,4.409665654078138153e-01,4.313850120785007736e-01,5.347252960714425907e-01,0.000000000000000000e+00,3.867443091751440187e-01,0.000000000000000000e+00,5.255764112365264307e-01,0.000000000000000000e+00,0.000000000000000000e+00,0.000000000000000000e+00,0.000000000000000000e+00,5.963861059175561419e-01,0.000000000000000000e+00,0.000000000000000000e+00,5.468527263621334455e-01,4.539377252132046903e-01,5.647396138417638545e-01,5.162811090559246141e-01,0.000000000000000000e+00,5.593236748922653101e-01,0.000000000000000000e+00,4.567882062896275741e-01,0.000000000000000000e+00,0.000000000000000000e+00,0.000000000000000000e+00,0.000000000000000000e+00,0.000000000000000000e+00,5.685118288188832913e-01,0.000000000000000000e+00,0.000000000000000000e+00,0.000000000000000000e+00,5.687947819466272481e-01,0.000000000000000000e+00,0.000000000000000000e+00,0.000000000000000000e+00,5.590102856587555458e-01,4.016102320768161760e-01,0.000000000000000000e+00,0.000000000000000000e+00,0.000000000000000000e+00
3.715366491730441867e-01,0.000000000000000000e+00,4.510752916662283951e-01,2.031894904253218892e-01,5.198729493211367014e-01,4.206871289989010942e-01,4.374719658204315742e-01,4.436718012739280237e-01,5.276470003449522661e-01,0.000000000000000000e+00,5.043564471826614826e-01,3.053689140829214943e-01,4.380310461238994812e-01,0.000000000000000000e+00,0.000000000000000000e+00,3.693086466111343835e-01,3.746883893940193277e-01,3.866430139805530075e-01,5.147610786606373612e-01,3.844492104947629940e-01,0.000000000000000000e+00,3.780432795797871171e-01,4.555473813087317914e-01,3.588674329179744049e-01,3.745579124227927936e-01,3.742144601077799781e-01,4.764665267119728154e-01,4.134133111211424905e-01,3.834139487059656792e-01,0.000000000000000000e+00,3.598078127991659048e-01,3.604615308239085825e-01,3.684288785872733007e-01,3.467268793074583244e-01,2.900602197991223874e-01,2.897653408014265186e-01,2.352834684860765913e-01,2.769365829496536202e-01,2.198820052645193979e-01,4.624357926077474201e-01,4.115361310900774727e-01,0.000000000000000000e+00,0.000000000000000000e+00,0.000000000000000000e+00,3.825223070253623847e-01,4.825050789516303062e-01,0.000000000000000000e+00,0.000000000000000000e+00,0.000000000000000000e+00,0.000000000000000000e+00,0.000000000000000000e+00,0.000000000000000000e+00,0.000000000000000000e+00,0.000000000000000000e+00,5.255790481906325029e-01,0.000000000000000000e+00,4.987837221662901888e-01,0.000000000000000000e+00,0.000000000000000000e+00,0.000000000000000000e+00,0.000000000000000000e+00,5.272708028859072193e-01,4.865161464895301213e-01,0.000000000000000000e+00,0.000000000000000000e+00,0.000000000000000000e+00,0.000000000000000000e+00,0.000000000000000000e+00,4.725112475750360974e-01,4.994509743574935268e-01,5.155799069408371071e-01,0.000000000000000000e+00,2.920659923744168274e-01,0.000000000000000000e+00,0.000000000000000000e+00,4.836869289180495968e-01
0.000000000000000000e+00,0.000000000000000000e+00,3.478683188634265067e-01,3.912481875627110139e-01,3.419420981464523224e-01,3.867154562685273800e-01,5.021101887855664581e-01,3.702328003305868087e-01,3.422846124284448233e-01,5.043564471826614826e-01,0.000000000000000000e+00,4.285837966367085916e-01,4.947728770906514861e-01,3.158889142807447814e-01,0.000000000000000000e+00,0.000000000000000000e+00,4.273973756030935989e-01,0.000000000000000000e+00,2.945841776649927857e-01,0.000000000000000000e+00,0.000000000000000000e+00,0.000000000000000000e+00,3.418126977033404956e-01,4.553518644661904147e-01,0.000000000000000000e+00,3.701022204054508769e-01,3.826223542877593142e-01,4.868775838293041835e-01,0.000000000000000000e+00,0.000000000000000000e+00,5.044917202027797698e-01,4.073371600198896214e-01,4.240262917960099243e-01,4.900729711134313993e-01,4.679684619518388877e-01,3.111892714992698927e-01,4.417478468905706723e-01,4.493990142019120837e-01,4.322438090661882004e-01,0.000000000000000000e+00,0.000000000000000000e+00,0.000000000000000000e+00,4.513175730195331803e-01,0.000000000000000000e+00,0.000000000000000000e+00,0.000000000000000000e+00,0.000000000000000000e+00,5.796051465502777278e-01,0.000000000000000000e+00,4.034963074286360141e-01,5.066241089225300698e-01,4.718070694316208180e-01,4.731094390034376040e-01,5.114170361979091251e-01,0.000000000000000000e+00,2.148418118225484119e-01,0.000000000000000000e+00,4.395114170079921223e-01,0.000000000000000000e+00,0.000000000000000000e+00,0.000000000000000000e+00,0.000000000000000000e+00,0.000000000000000000e+00,2.460622249308226095e-01,0.000000000000000000e+00,0.000000000000000000e+00,0.000000000000000000e+00,5.455684570587437943e-01,0.000000000000000000e+00,0.000000000000000000e+00,0.000000000000000000e+00,5.343205269111759304e-01,4.113490401826209730e-01,0.000000000000000000e+00,0.000000000000000000e+00,0.000000000000000000e+00
3.538668507578437983e-01,0.000000000000000000e+00,3.298196552292894101e-01,2.159927476100839128e-01,3.943133529352922939e-01,3.854220524324559749e-01,3.560027812916858880e-01,3.975213365810876809e-01,4.535309958026738086e-01,3.053689140829214943e-01,4.285837966367085916e-01,0.000000000000000000e+00,3.965382961359881775e-01,0.000000000000000000e+00,0.000000000000000000e+00,0.000000000000000000e+00,4.248360293502356777e-01,3.614587999975423238e-01,3.517515124737021770e-01,0.000000000000000000e+00,3.986240852880046925e-01,0.000000000000000000e+00,3.708300138625229003e-01,2.922507692355144071e-01,3.801621612641987169e-01,3.144965644027353235e-01,3.419199373345094273e-01,3.636842973980596860e-01,0.000000000000000000e+00,0.000000000000000000e+00,3.494732246929523889e-01,2.534544257760065200e-01,2.920984166314450903e-01,2.529939843097829821e-01,2.382768584017503077e-01,2.634815624356209862e-01,2.300353410249650066e-01,2.101907324388296028e-01,2.425585276881752073e-01,4.574870642594843773e-01,2.743174026712357771e-01,2.572252400836215758e-01,3.169266621210559132e-01,0.000000000000000000e+00,2.998549259118765131e-01,0.000000000000000000e+00,0.000000000000000000e+00,0.000000000000000000e+00,0.000000000000000000e+00,0.000000000000000000e+00,0.000000000000000000e+00,0.000000000000000000e+00,0.000000000000000000e+00,0.000000000000000000e+00,5.128047722092997640e-01,0.000000000000000000e+00,4.845655679033364915e-01,0.000000000000000000e+00,0.000000000000000000e+00,0.000000000000000000e+00,0.000000000000000000e+00,5.511449047442336102e-01,4.841608467436558927e-01,0.000000000000000000e+00,0.000000000000000000e+00,0.000000000000000000e+00,0.000000000000000000e+00,0.000000000000000000e+00,4.452422797185813241e-01,5.164614711929514934e-01,5.050756659057795694e-01,0.000000000000000000e+00,2.382211205317006086e-01,0.000000000000000000e+00,0.000000000000000000e+00,4.962443867602456260e-01
4.106245026619155247e-01,4.848527629613216261e-01,5.007310041237477138e-01,3.335495851311104931e-01,4.409693275899838061e-01,3.977183048622874861e-01,3.750635719966983750e-01,4.664924020636337931e-01,4.485983159139755871e-01,4.380310461238994812e-01,4.947728770906514861e-01,3.965382961359881775e-01,0.000000000000000000e+00,4.178433881841979169e-01,0.000000000000000000e+00,4.977670214629805190e-01,4.774790435417454182e-01,5.021346558931730764e-01,5.043744754845961298e-01,4.588950012065128869e-01,4.604726021837048933e-01,4.974344513774193177e-01,4.640777370177313066e-01,4.445099984711882724e-01,4.626010375687182874e-01,4.485659763238312725e-01,4.675142017582054055e-01,3.674401263299582054e-01,4.242291918613351198e-01,4.227544115439347272e-01,4.243241207690702232e-01,4.041442234431308900e-01,4.129738268723263106e-01,4.196818404461841179e-01,3.823292866904282050e-01,3.433617907637320776e-01,3.591954652721536245e-01,3.574521142354730174e-01,3.799426526329596210e-01,0.000000000000000000e+00,4.918669564186892162e-01,3.821445550467498786e-01,0.000000000000000000e+00,0.000000000000000000e+00,3.034063758251864806e-01,0.000000000000000000e+00,0.000000000000000000e+00,5.060864641323785662e-01,0.000000000000000000e+00,0.000000000000000000e+00,4.870117290534021759e-01,4.001334810958522836e-01,5.025328710942716937e-01,0.000000000000000000e+00,0.000000000000000000e+00,4.610295231346349110e-01,3.935577020033741991e-01,0.000000000000000000e+00,0.000000000000000000e+00,3.883956054474713149e-01,0.000000000000000000e+00,0.000000000000000000e+00,0.000000000000000000e+00,0.000000000000000000e+00,3.897493153884287187e-01,0.000000000000000000e+00,3.617793558425760891e-01,5.382481211129466203e-01,0.000000000000000000e+00,3.322102650347326103e-01,3.920159392601684223e-01,5.438570347782195613e-01,0.000000000000000000e+00,4.840682776591959113e-01,0.000000000000000000e+00,0.000000000000000000e+00
0.000000000000000000e+00,0.000000000000000000e+00,4.244808363202390855e-01,2.803412857133150138e-01,2.955508985847478121e-01,4.441491691986589885e-01,3.475002701953739948e-01,3.753165821837555760e-01,4.369572744386249763e-01,0.000000000000000000e+00,3.158889142807447814e-01,0.000000000000000000e+00,4.178433881841979169e-01,0.000000000000000000e+00,0.000000000000000000e+00,0.000000000000000000e+00,0.000000000000000000e+00,0.000000000000000000e+00,3.955213275340851986e-01,0.000000000000000000e+00,0.000000000000000000e+00,0.000000000000000000e+00,3.721440641212699907e-01,0.000000000000000000e+00,0.000000000000000000e+00,0.000000000000000000e+00,4.391920849244974057e-01,2.747350727309650908e-01,0.000000000000000000e+00,0.000000000000000000e+00,0.000000000000000000e+00,2.820834067880200191e-01,0.000000000000000000e+00,4.209347506941868988e-01,0.000000000000000000e+00,2.160738483422670053e-01,1.796333504639210932e-01,0.000000000000000000e+00,0.000000000000000000e+00,0.000000000000000000e+00,0.000000000000000000e+00,0.000000000000000000e+00,0.000000000000000000e+00,0.000000000000000000e+00,0.000000000000000000e+00,0.000000000000000000e+00,0.000000000000000000e+00,4.849218735553463278e-01,0.000000000000000000e+00,0.000000000000000000e+00,0.000000000000000000e+00,0.000000000000000000e+00,0.000000000000000000e+00,4.933135725965884788e-01,0.000000000000000000e+00,0.000000000000000000e+00,0.000000000000000000e+00,0.000000000000000000e+00,0.000000000000000000e+00,0.000000000000000000e+00,0.000000000000000000e+00,0.000000000000000000e+00,0.000000000000000000e+00,0.000000000000000000e+00,0.000000000000000000e+00,0.000000000000000000e+00,0.000000000000000000e+00,4.889650729684318908e-01,0.000000000000000000e+00,0.000000000000000000e+00,0.000000000000000000e+00,0.000000000000000000e+00,0.000000000000000000e+00,0.000000000000000000e+00,0.000000000000000000e+00,0.000000000000000000e+00
4.037437789714852232e-01,4.651426942013829890e-01,0.000000000000000000e+00,0.000000000000000000e+00,0.000000000000000000e+00,4.546221275339039081e-01,0.000000000000000000e+00,0.000000000000000000e+00,0.000000000000000000e+00,0.000000000000000000e+00,0.000000000000000000e+00,0.000000000000000000e+00,0.000000000000000000e+00,0.000000000000000000e+00,0.000000000000000000e+00,4.532730450085871166e-01,0.000000000000000000e+00,4.399079266692910162e-01,0.000000000000000000e+00,3.000933631349079755e-01,4.382513988429643792e-01,3.953365587517279067e-01,3.647780013389647080e-01,4.193206022199104099e-01,4.389121294697110875e-01,4.495549656492280888e-01,4.063948945964424020e-01,4.217421843757552247e-01,4.231587638913710814e-01,0.000000000000000000e+00,4.461219411064659135e-01,4.743928303550459802e-01,4.681059988111845871e-01,4.791338589256016744e-01,5.207793503746331876e-01,4.063844211402233841e-01,0.000000000000000000e+00,0.000000000000000000e+00,5.215814925071020625e-01,5.126716260370046685e-01,5.304293446383130384e-01,5.369270547289831663e-01,4.129657050088746950e-01,0.000000000000000000e+00,0.000000000000000000e+00,0.000000000000000000e+00,5.296710158937869561e-01,0.000000000000000000e+00,0.000000000000000000e+00,0.000000000000000000e+00,4.877879924653290011e-01,0.000000000000000000e+00,5.434936302860238211e-01,0.000000000000000000e+00,0.000000000000000000e+00,0.000000000000000000e+00,0.000000000000000000e+00,0.000000000000000000e+00,0.000000000000000000e+00,5.468611521002506581e-01,4.890582949464022944e-01,0.000000000000000000e+00,0.000000000000000000e+00,0.000000000000000000e+00,5.215811503608833721e-01,5.356510762241902812e-01,5.338242985241488103e-01,5.193406085657885640e-01,0.000000000000000000e+00,4.107019689629428094e-01,5.916685404509486323e-01,5.275360241430857577e-01,4.978730609359445780e-01,5.030975422427610422e-01,0.000000000000000000e+00,5.180777204005067027e-01
3.927149437609013249e-01,3.997388425919813915e-01,0.000000000000000000e+00,0.000000000000000000e+00,4.683667991420328858e-01,4.549196226038215163e-01,5.059522204403952284e-01,4.545120531698080835e-01,4.403787227309253205e-01,3.693086466111343835e-01,0.000000000000000000e+00,0.000000000000000000e+00,4.977670214629805190e-01,0.000000000000000000e+00,4.532730450085871166e-01,0.000000000000000000e+00,4.062924155151838024e-01,3.426142609743936251e-01,0.000000000000000000e+00,4.146313126406476757e-01,4.295630460174014731e-01,3.772051133528562805e-01,4.624397120791267080e-01,3.573030511228446060e-01,3.723148501165323143e-01,4.340227517929322043e-01,4.588070883774246211e-01,4.886905991777000802e-01,4.526521448825718830e-01,4.575495050396226060e-01,3.939616162443653202e-01,4.596951416357196729e-01,3.739092247962728099e-01,4.147445941498644761e-01,4.501997443089881812e-01,0.000000000000000000e+00,0.000000000000000000e+00,0.000000000000000000e+00,4.586979843423351078e-01,4.367443405137305112e-01,4.340338647631574731e-01,4.922027664117387125e-01,0.000000000000000000e+00,0.000000000000000000e+00,0.000000000000000000e+00,4.669380916248552782e-01,4.694582287926489794e-01,0.000000000000000000e+00,0.000000000000000000e+00,0.000000000000000000e+00,0.000000000000000000e+00,0.000000000000000000e+00,0.000000000000000000e+00,0.000000000000000000e+00,0.000000000000000000e+00,0.000000000000000000e+00,0.000000000000000000e+00,0.000000000000000000e+00,0.000000000000000000e+00,5.062526776364105752e-01,4.416850765357525077e-01,0.000000000000000000e+00,4.465276435519400788e-01,0.000000000000000000e+00,4.646023899107312172e-01,4.778662338944930088e-01,4.675721504306337151e-01,4.273421766305844915e-01,0.000000000000000000e+00,4.469832844975982211e-01,4.855937631476900940e-01,4.283062623884059117e-01,0.000000000000000000e+00,4.066078181966655269e-01,0.000000000000000000e+00,4.321729207192093192e-01
4.320248261132800249e-01,4.167283268497005144e-01,0.000000000000000000e+00,0.000000000000000000e+00,0.000000000000000000e+00,3.240965728944467106e-01,4.406895847937777888e-01,0.000000000000000000e+00,0.000000000000000000e+00,3.746883893940193277e-01,4.273973756030935989e-01,4.248360293502356777e-01,4.774790435417454182e-01,0.000000000000000000e+00,0.000000000000000000e+00,4.062924155151838024e-01,0.000000000000000000e+00,3.554875452387086243e-01,0.000000000000000000e+00,3.999315088159923204e-01,0.000000000000000000e+00,4.016233367663752940e-01,0.000000000000000000e+00,3.997712676981807767e-01,3.645763973803008984e-01,3.973513334188791268e-01,0.000000000000000000e+00,4.578622003501688909e-01,3.617788950339100862e-01,0.000000000000000000e+00,3.920315248222769888e-01,4.612690063089823767e-01,3.994871473454009170e-01,4.007149747821270869e-01,3.813137276357259076e-01,0.000000000000000000e+00,0.000000000000000000e+00,3.887908748666787928e-01,0.000000000000000000e+00,4.082449805199462878e-01,0.000000000000000000e+00,0.000000000000000000e+00,0.000000000000000000e+00,0.000000000000000000e+00,0.000000000000000000e+00,0.000000000000000000e+00,0.000000000000000000e+00,0.000000000000000000e+00,0.000000000000000000e+00,0.000000000000000000e+00,0.000000000000000000e+00,0.000000000000000000e+00,0.000000000000000000e+00,0.000000000000000000e+00,5.077572281260902542e-01,0.000000000000000000e+00,5.127443550599035671e-01,0.000000000000000000e+00,0.000000000000000000e+00,0.000000000000000000e+00,0.000000000000000000e+00,4.875479131468409277e-01,4.579985865957071911e-01,0.000000000000000000e+00,0.000000000000000000e+00,0.000000000000000000e+00,0.000000000000000000e+00,0.000000000000000000e+00,4.942494705260839227e-01,4.757206983292183167e-01,4.904122235251511253e-01,0.000000000000000000e+00,0.000000000000000000e+00,0.000000000000000000e+00,0.000000000000000000e+00,0.000000000000000000e+00
3.773059441524609925e-01,4.061718511888908756e-01,0.000000000000000000e+00,0.000000000000000000e+00,0.000000000000000000e+00,4.395705837618589795e-01,4.642866663204974209e-01,4.483964730238199081e-01,3.063332100783646150e-01,3.866430139805530075e-01,0.000000000000000000e+00,3.614587999975423238e-01,5.021346558931730764e-01,0.000000000000000000e+00,4.399079266692910162e-01,3.426142609743936251e-01,3.554875452387086243e-01,0.000000000000000000e+00,0.000000000000000000e+00,4.337908906152647126e-01,4.406900358738822243e-01,4.216861114925239962e-01,4.637976510511018780e-01,3.811900130086027239e-01,3.245249772382213793e-01,4.017528168566328883e-01,4.427885340814711745e-01,4.830659347343925769e-01,4.430409702271764227e-01,4.063038827836865097e-01,3.959170358246337229e-01,4.787930845676557912e-01,3.843021855626803096e-01,4.074623129921052800e-01,4.087061837243750051e-01,0.000000000000000000e+00,0.000000000000000000e+00,0.000000000000000000e+00,4.596474892643958032e-01,4.156660303460322226e-01,4.404421959271263010e-01,0.000000000000000000e+00,0.000000000000000000e+00,0.000000000000000000e+00,0.000000000000000000e+00,4.702343547153803871e-01,4.560252297183713943e-01,0.000000000000000000e+00,0.000000000000000000e+00,0.000000000000000000e+00,0.000000000000000000e+00,0.000000000000000000e+00,0.000000000000000000e+00,0.000000000000000000e+00,4.807550995390820758e-01,0.000000000000000000e+00,4.545882177841579774e-01,0.000000000000000000e+00,0.000000000000000000e+00,0.000000000000000000e+00,4.323339809044604021e-01,4.968170099191067113e-01,4.445421933699186812e-01,0.000000000000000000e+00,0.000000000000000000e+00,0.000000000000000000e+00,4.419969875906850088e-01,0.000000000000000000e+00,4.759557518903618223e-01,4.523659054022001746e-01,4.768975774348713781e-01,0.000000000000000000e+00,0.000000000000000000e+00,0.000000000000000000e+00,0.000000000000000000e+00,4.510179852552935187e-01
0.000000000000000000e+00,0.000000000000000000e+00,2.864473208765371259e-01,4.209834596696881981e-01,4.272832356179033231e-01,4.097768747237857112e-01,5.148202717719072563e-01,4.863518529211673935e-01,3.022481650375934970e-01,5.147610786606373612e-01,2.945841776649927857e-01,3.517515124737021770e-01,5.043744754845961298e-01,3.955213275340851986e-01,0.000000000000000000e+00,0.000000000000000000e+00,0.000000000000000000e+00,0.000000000000000000e+00,0.000000000000000000e+00,0.000000000000000000e+00,0.000000000000000000e+00,0.000000000000000000e+00,4.013304852049934257e-01,0.000000000000000000e+00,0.000000000000000000e+00,0.000000000000000000e+00,3.604101876484107070e-01,4.845716718441641091e-01,0.000000000000000000e+00,0.000000000000000000e+00,4.982492742453873968e-01,4.507631097174594759e-01,0.000000000000000000e+00,4.902086563489910231e-01,4.580014364520816894e-01,4.087656946161353777e-01,4.398487928677277115e-01,4.067018436387739855e-01,5.152028488390193450e-01,0.000000000000000000e+00,0.000000000000000000e+00,0.000000000000000000e+00,4.985524711946797138e-01,0.000000000000000000e+00,0.000000000000000000e+00,0.000000000000000000e+00,0.000000000000000000e+00,6.170859577153043896e-01,0.000000000000000000e+00,5.218366458097204452e-01,5.423439516083674583e-01,5.217355078145393676e-01,5.774227081105213211e-01,5.754790162576378654e-01,0.000000000000000000e+00,4.886322761531947112e-01,0.000000000000000000e+00,4.756287017342151757e-01,0.000000000000000000e+00,0.000000000000000000e+00,0.000000000000000000e+00,0.000000000000000000e+00,0.000000000000000000e+00,5.822632841861097308e-01,0.000000000000000000e+00,0.000000000000000000e+00,0.000000000000000000e+00,5.866398657852858189e-01,0.000000000000000000e+00,0.000000000000000000e+00,0.000000000000000000e+00,5.758063390981554841e-01,0.000000000000000000e+00,0.000000000000000000e+00,0.000000000000000000e+00,0.000000000000000000e+00
4.987898091216391161e-01,4.570536773052045754e-01,0.000000000000000000e+00,0.000000000000000000e+00,4.845222957579585765e-01,4.319078674800159723e-01,4.807520354543755037e-01,4.144555617367253753e-01,4.441109837006768091e-01,3.844492104947629940e-01,0.000000000000000000e+00,0.000000000000000000e+00,4.588950012065128869e-01,0.000000000000000000e+00,3.000933631349079755e-01,4.146313126406476757e-01,3.999315088159923204e-01,4.337908906152647126e-01,0.000000000000000000e+00,0.000000000000000000e+00,4.398669286607165274e-01,3.335567787132666107e-01,2.502875086823783124e-01,0.000000000000000000e+00,4.354856082662683092e-01,4.662364247259767058e-01,3.717099591774564726e-01,4.113776665767124863e-01,3.582043395677573239e-01,3.442606924506039778e-01,4.051030379547699845e-01,4.624877224170518275e-01,4.181842949273619214e-01,4.694230655548385922e-01,4.953292185652530821e-01,5.227159296044071590e-01,4.823053945993909242e-01,0.000000000000000000e+00,4.975286564576930082e-01,3.702835620655264837e-01,5.262393902596433914e-01,5.170548827044079143e-01,3.403222545136667110e-01,0.000000000000000000e+00,0.000000000000000000e+00,0.000000000000000000e+00,4.075408254401258756e-01,0.000000000000000000e+00,0.000000000000000000e+00,0.000000000000000000e+00,4.647585682305687138e-01,0.000000000000000000e+00,5.228805328471155534e-01,0.000000000000000000e+00,0.000000000000000000e+00,0.000000000000000000e+00,0.000000000000000000e+00,4.178347074038373798e-01,0.000000000000000000e+00,5.253733966795217647e-01,3.691241616263102876e-01,0.000000000000000000e+00,0.000000000000000000e+00,0.000000000000000000e+00,5.009749283027146172e-01,5.060421328279206543e-01,4.998738585559612813e-01,5.238644302210386794e-01,0.000000000000000000e+00,3.240180269377592182e-01,5.111456939083436346e-01,5.117923289460211134e-01,5.185116629272836786e-01,5.062333564467863534e-01,4.429017207970120107e-01,5.267823474453680044e-01
4.514835884038718161e-01,4.386701272812658092e-01,0.000000000000000000e+00,0.000000000000000000e+00,0.000000000000000000e+00,4.874899889688055765e-01,0.000000000000000000e+00,4.094464469177130916e-01,0.000000000000000000e+00,0.000000000000000000e+00,0.000000000000000000e+00,3.986240852880046925e-01,4.604726021837048933e-01,0.000000000000000000e+00,4.382513988429643792e-01,4.295630460174014731e-01,0.000000000000000000e+00,4.406900358738822243e-01,0.000000000000000000e+00,4.398669286607165274e-01,0.000000000000000000e+00,4.875651359895509795e-01,4.192516345496775099e-01,4.879423231380042858e-01,4.468699141560720234e-01,4.345246175344397166e-01,4.533490255327147778e-01,4.622036815654039232e-01,4.424527973483383114e-01,0.000000000000000000e+00,4.378745406372642202e-01,4.502304583191116816e-01,3.844347760606532938e-01,4.290882082291809785e-01,4.554302538281390089e-01,0.000000000000000000e+00,0.000000000000000000e+00,0.000000000000000000e+00,4.930414157733721825e-01,4.587189492182833228e-01,5.220384127179027445e-01,5.784995808506804282e-01,0.000000000000000000e+00,0.000000000000000000e+00,0.000000000000000000e+00,3.573250099390122836e-01,5.262164353818844509e-01,0.000000000000000000e+00,0.000000000000000000e+00,0.000000000000000000e+00,4.882490724290005080e-01,0.000000000000000000e+00,4.575847136698403261e-01,0.000000000000000000e+00,0.000000000000000000e+00,0.000000000000000000e+00,0.000000000000000000e+00,4.809769370464230254e-01,0.000000000000000000e+00,5.131041522872982208e-01,4.977680198468060757e-01,0.000000000000000000e+00,0.000000000000000000e+00,0.000000000000000000e+00,4.819029935472862736e-01,4.505190493509729777e-01,5.197202087413277383e-01,5.049131422511572431e-01,0.000000000000000000e+00,4.557483792119397803e-01,5.498937784556917618e-01,5.149158548160266413e-01,4.930147413371858134e-01,4.990749149113116734e-01,0.000000000000000000e+00,5.086745415824408534e-01
