0.000000000000000000e+00,3.906770017534970107e-01,0.000000000000000000e+00,0.000000000000000000e+00,0.000000000000000000e+00,4.404627159482222831e-01,0.000000000000000000e+00,4.629591730523495152e-01,0.000000000000000000e+00,3.207885757265114268e-01,0.000000000000000000e+00,3.349837211328167141e-01,0.000000000000000000e+00,0.000000000000000000e+00,3.891541226277719923e-01,3.948884176610543140e-01,3.815424850013828806e-01,3.586818589994141826e-01,0.000000000000000000e+00,4.595964406152664994e-01,3.869917605907615132e-01,3.982146803134183899e-01,4.390782146883385195e-01,3.301782418939794850e-01,3.528073122601669276e-01,3.571324799931773764e-01,4.907755996711971047e-01,0.000000000000000000e+00,3.890801025987977169e-01,0.000000000000000000e+00,3.629633687683658239e-01,4.177768316411722971e-01,3.594688861350421871e-01,3.417160494776579904e-01,3.905889043547278727e-01,0.000000000000000000e+00,0.000000000000000000e+00,3.699655465466475945e-01,4.542212379790249166e-01,4.135221148256015833e-01,4.174722123723242917e-01,0.000000000000000000e+00,0.000000000000000000e+00,0.000000000000000000e+00,0.000000000000000000e+00,4.163734785910578884e-01,4.666538471721786152e-01,0.000000000000000000e+00,0.000000000000000000e+00,0.000000000000000000e+00,0.000000000000000000e+00,0.000000000000000000e+00,0.000000000000000000e+00,0.000000000000000000e+00,3.874152901252478909e-01,0.000000000000000000e+00,0.000000000000000000e+00,0.000000000000000000e+00,0.000000000000000000e+00,0.000000000000000000e+00,4.526976808961721277e-01,0.000000000000000000e+00,4.401172821539712232e-01,0.000000000000000000e+00,0.000000000000000000e+00,0.000000000000000000e+00,4.726280150325323226e-01,0.000000000000000000e+00,4.457965809232117271e-01,4.556976270542841823e-01,4.586719467836606889e-01,0.000000000000000000e+00,0.000000000000000000e+00,0.000000000000000000e+00,0.000000000000000000e+00,3.954415557536025139e-01
3.906770017534970107e-01,0.000000000000000000e+00,0.000000000000000000e+00,0.000000000000000000e+00,3.996162062838177764e-01,4.185058232364237130e-01,4.287944992102555863e-01,4.233393143200950837e-01,3.719102692396752952e-01,0.000000000000000000e+00,0.000000000000000000e+00,0.000000000000000000e+00,4.401509838973793887e-01,0.000000000000000000e+00,4.309767769337682908e-01,3.820358604549355941e-01,0.000000000000000000e+00,3.842566526836996843e-01,0.000000000000000000e+00,4.155419634195451906e-01,4.255929140153535961e-01,3.667452610104995903e-01,4.503004177783577755e-01,0.000000000000000000e+00,3.545784689825082769e-01,3.878800273416557753e-01,4.393224467494146745e-01,4.465582492887376076e-01,4.247671674160363176e-01,0.000000000000000000e+00,3.526562671479546163e-01,4.062397931602824142e-01,3.385301575345712743e-01,3.527792372705038093e-01,4.106327877241827129e-01,0.000000000000000000e+00,0.000000000000000000e+00,0.000000000000000000e+00,4.641238217393001131e-01,4.523851889064233189e-01,4.464662285007712228e-01,4.769000935709837852e-01,0.000000000000000000e+00,0.000000000000000000e+00,0.000000000000000000e+00,4.527617556789916842e-01,4.614085726836151813e-01,0.000000000000000000e+00,0.000000000000000000e+00,0.000000000000000000e+00,3.842746825691079060e-01,0.000000000000000000e+00,0.000000000000000000e+00,0.000000000000000000e+00,0.000000000000000000e+00,0.000000000000000000e+00,0.000000000000000000e+00,0.000000000000000000e+00,0.000000000000000000e+00,5.015954296485797270e-01,4.408808513420843789e-01,0.000000000000000000e+00,4.188323601048816736e-01,0.000000000000000000e+00,4.646909319948557826e-01,4.682477660920235096e-01,4.697745032833544054e-01,4.513025080317392135e-01,0.000000000000000000e+00,4.367052047214188826e-01,4.771176549953212165e-01,4.392660930738447878e-01,0.000000000000000000e+00,4.401267969872670882e-01,0.000000000000000000e+00,4.188424257135163753e-01
0.000000000000000000e+00,0.000000000000000000e+00,0.000000000000000000e+00,4.114568707395194758e-01,4.314627159041455884e-01,3.937792654144439131e-01,4.701850736900122785e-01,4.916104609089902988e-01,3.018018999829757965e-01,4.246001254722832075e-01,3.647735816815085852e-01,3.293862898329070754e-01,4.783830008329862937e-01,4.687972322709397233e-01,0.000000000000000000e+00,0.000000000000000000e+00,0.000000000000000000e+00,0.000000000000000000e+00,2.966634238493848774e-01,0.000000000000000000e+00,0.000000000000000000e+00,0.000000000000000000e+00,3.437239420682919877e-01,0.000000000000000000e+00,0.000000000000000000e+00,0.000000000000000000e+00,3.531225706776429107e-01,4.835740161158870731e-01,0.000000000000000000e+00,0.000000000000000000e+00,4.985541408621013137e-01,4.573374673242999733e-01,3.585041997280559167e-01,4.939591624013752180e-01,4.834070104574617055e-01,4.655750260123031059e-01,4.454436433559320063e-01,0.000000000000000000e+00,4.702841856893438810e-01,0.000000000000000000e+00,4.450610608402992829e-01,0.000000000000000000e+00,5.380661521230274413e-01,0.000000000000000000e+00,0.000000000000000000e+00,0.000000000000000000e+00,0.000000000000000000e+00,5.710627226018936131e-01,0.000000000000000000e+00,4.931281652836834728e-01,5.852754743004145999e-01,4.761739099029638211e-01,6.188492289716487349e-01,6.063223847290247770e-01,0.000000000000000000e+00,5.909226492512524853e-01,0.000000000000000000e+00,5.100907257301718900e-01,5.317276303474031129e-01,0.000000000000000000e+00,0.000000000000000000e+00,0.000000000000000000e+00,0.000000000000000000e+00,6.258356176821773253e-01,0.000000000000000000e+00,0.000000000000000000e+00,0.000000000000000000e+00,5.862436758285166638e-01,0.000000000000000000e+00,0.000000000000000000e+00,0.000000000000000000e+00,5.936601281382957174e-01,4.360189067578941757e-01,0.000000000000000000e+00,0.000000000000000000e+00,0.000000000000000000e+00
0.000000000000000000e+00,0.000000000000000000e+00,4.114568707395194758e-01,0.000000000000000000e+00,2.589752215178978134e-01,3.897386751059211951e-01,2.426210500272980020e-01,3.663923231568763095e-01,4.072526081550310040e-01,2.685814609866424840e-01,3.676043312238918004e-01,2.841407496504511077e-01,3.284178682485908163e-01,2.863686095694352174e-01,0.000000000000000000e+00,0.000000000000000000e+00,0.000000000000000000e+00,0.000000000000000000e+00,4.074461792821064132e-01,4.543510608387172911e-01,0.000000000000000000e+00,0.000000000000000000e+00,4.045972412699083143e-01,0.000000000000000000e+00,0.000000000000000000e+00,0.000000000000000000e+00,4.187516287421382821e-01,2.138550087727660864e-01,0.000000000000000000e+00,0.000000000000000000e+00,0.000000000000000000e+00,2.994540365119318093e-01,0.000000000000000000e+00,2.095130169723954106e-01,3.388114568535541826e-01,2.069367282961581123e-01,1.630215444671921088e-01,0.000000000000000000e+00,0.000000000000000000e+00,0.000000000000000000e+00,0.000000000000000000e+00,0.000000000000000000e+00,0.000000000000000000e+00,0.000000000000000000e+00,0.000000000000000000e+00,0.000000000000000000e+00,0.000000000000000000e+00,0.000000000000000000e+00,0.000000000000000000e+00,0.000000000000000000e+00,0.000000000000000000e+00,0.000000000000000000e+00,0.000000000000000000e+00,0.000000000000000000e+00,0.000000000000000000e+00,0.000000000000000000e+00,0.000000000000000000e+00,0.000000000000000000e+00,0.000000000000000000e+00,0.000000000000000000e+00,0.000000000000000000e+00,0.000000000000000000e+00,0.000000000000000000e+00,0.000000000000000000e+00,0.000000000000000000e+00,0.000000000000000000e+00,0.000000000000000000e+00,0.000000000000000000e+00,0.000000000000000000e+00,0.000000000000000000e+00,0.000000000000000000e+00,0.000000000000000000e+00,0.000000000000000000e+00,0.000000000000000000e+00,0.000000000000000000e+00,0.000000000000000000e+00
0.000000000000000000e+00,3.996162062838177764e-01,4.314627159041455884e-01,2.589752215178978134e-01,0.000000000000000000e+00,3.860545104023342944e-01,3.350374237801885813e-01,3.841290356939460193e-01,3.573377001830720934e-01,4.099448739969037137e-01,3.081782744904416060e-01,3.459961537357947869e-01,3.964032652740946960e-01,3.020368822770503892e-01,0.000000000000000000e+00,3.954936210029261212e-01,0.000000000000000000e+00,0.000000000000000000e+00,4.123279685139614181e-01,4.294059792565871891e-01,0.000000000000000000e+00,4.435947697731466022e-01,4.077577267540257733e-01,0.000000000000000000e+00,3.282109738948820743e-01,3.485529522531792268e-01,4.071144178492001053e-01,3.544027217268643226e-01,4.077696854343151878e-01,0.000000000000000000e+00,4.567623352633333744e-01,3.725359372345746767e-01,3.430196992164425973e-01,4.362452865217680276e-01,4.332893894668771173e-01,2.418958852771289914e-01,2.558209995305025242e-01,3.339737554411013054e-01,3.139058609678901934e-01,0.000000000000000000e+00,0.000000000000000000e+00,0.000000000000000000e+00,3.604184757596990973e-01,0.000000000000000000e+00,0.000000000000000000e+00,0.000000000000000000e+00,0.000000000000000000e+00,4.791341821698698045e-01,0.000000000000000000e+00,3.674692735410267086e-01,4.639419014353748927e-01,0.000000000000000000e+00,4.215970871685457144e-01,4.328796629856280775e-01,0.000000000000000000e+00,4.367702409800873209e-01,0.000000000000000000e+00,0.000000000000000000e+00,0.000000000000000000e+00,0.000000000000000000e+00,0.000000000000000000e+00,0.000000000000000000e+00,0.000000000000000000e+00,4.332836951276702875e-01,0.000000000000000000e+00,0.000000000000000000e+00,0.000000000000000000e+00,5.434333886875220010e-01,0.000000000000000000e+00,0.000000000000000000e+00,0.000000000000000000e+00,4.632234691646552882e-01,0.000000000000000000e+00,0.000000000000000000e+00,0.000000000000000000e+00,0.000000000000000000e+00
4.404627159482222831e-01,4.185058232364237130e-01,3.937792654144439131e-01,3.897386751059211951e-01,3.860545104023342944e-01,0.000000000000000000e+00,4.193196238189131897e-01,4.353030084648499831e-01,3.471224071446277204e-01,4.569297770532828040e-01,3.849467944546279830e-01,3.647928186061777933e-01,3.915599147212274200e-01,4.314452981499969919e-01,4.573628972808680970e-01,4.260155292737032862e-01,3.254669011719564242e-01,4.071708825244064189e-01,4.394235331925451238e-01,4.156695849320604097e-01,4.828175949516713139e-01,4.325563867985143807e-01,3.983628728350052106e-01,0.000000000000000000e+00,3.901518006173290143e-01,4.485557153155331767e-01,3.817462625359043793e-01,3.822967589732080840e-01,3.589125864252711851e-01,4.202583689964765057e-01,4.521556850602104771e-01,4.292995841850992256e-01,4.005710486378157853e-01,4.487806792023770197e-01,4.500863746861041848e-01,4.498410144332040117e-01,4.363746988474305755e-01,3.865890786921388211e-01,4.909995957378263109e-01,0.000000000000000000e+00,5.221301717551216637e-01,4.195958342103945915e-01,4.309251969278792838e-01,0.000000000000000000e+00,0.000000000000000000e+00,0.000000000000000000e+00,3.276537577827062231e-01,5.723594645282887861e-01,0.000000000000000000e+00,4.403997647900618762e-01,5.246465351458134974e-01,5.082341323273739109e-01,5.071301846359036469e-01,5.610327116606562692e-01,0.000000000000000000e+00,5.328549457111928511e-01,0.000000000000000000e+00,5.430209725391278441e-01,0.000000000000000000e+00,4.414394118739423112e-01,0.000000000000000000e+00,0.000000000000000000e+00,0.000000000000000000e+00,5.405285272180724299e-01,4.537321944109123928e-01,4.377736483873810869e-01,4.075434005435294993e-01,5.286946356228311439e-01,0.000000000000000000e+00,0.000000000000000000e+00,4.012926246190480772e-01,5.219253704459710930e-01,4.976288871309452189e-01,5.001334721568905239e-01,4.531137119701427185e-01,5.110449808390833404e-01
0.000000000000000000e+00,4.287944992102555863e-01,4.701850736900122785e-01,2.426210500272980020e-01,3.350374237801885813e-01,4.193196238189131897e-01,0.000000000000000000e+00,4.333780853479717865e-01,3.904751693778079069e-01,3.494549137530614247e-01,4.724638266492521277e-01,2.895125577631914027e-01,3.505062129317291220e-01,3.428027665155736203e-01,0.000000000000000000e+00,4.331855351697356249e-01,0.000000000000000000e+00,4.026069089195121187e-01,4.786121869489983749e-01,4.291621789135344756e-01,0.000000000000000000e+00,4.601771194558115785e-01,4.416444388127527820e-01,3.118818964458595078e-01,3.898340581565872265e-01,3.954451766483019215e-01,4.404212194253386836e-01,3.697650020056654774e-01,4.238695293569257894e-01,0.000000000000000000e+00,4.296755974382301946e-01,3.933046038888656226e-01,3.335085933982198103e-01,3.986648543628207864e-01,3.987244602062797738e-01,3.035464659513881780e-01,2.928577620863784814e-01,3.202781986756422783e-01,3.559456630531475096e-01,0.000000000000000000e+00,0.000000000000000000e+00,0.000000000000000000e+00,3.238192762880026110e-01,0.000000000000000000e+00,0.000000000000000000e+00,0.000000000000000000e+00,0.000000000000000000e+00,4.561176556591243769e-01,0.000000000000000000e+00,0.000000000000000000e+00,4.661867423069572247e-01,0.000000000000000000e+00,4.295099840243599143e-01,4.113696291452647036e-01,0.000000000000000000e+00,3.877862138872248954e-01,0.000000000000000000e+00,0.000000000000000000e+00,0.000000000000000000e+00,0.000000000000000000e+00,0.000000000000000000e+00,0.000000000000000000e+00,0.000000000000000000e+00,4.115860117184225175e-01,0.000000000000000000e+00,0.000000000000000000e+00,0.000000000000000000e+00,5.146421128186434713e-01,0.000000000000000000e+00,0.000000000000000000e+00,0.000000000000000000e+00,4.595390075748633230e-01,0.000000000000000000e+00,0.000000000000000000e+00,0.000000000000000000e+00,0.000000000000000000e+00
4.629591730523495152e-01,4.233393143200950837e-01,4.916104609089902988e-01,3.663923231568763095e-01,3.841290356939460193e-01,4.353030084648499831e-01,4.333780853479717865e-01,0.000000000000000000e+00,5.045358042739055415e-01,4.088225791963265854e-01,3.470729766569247143e-01,0.000000000000000000e+00,4.430840436257886261e-01,3.763199740590800202e-01,0.000000000000000000e+00,4.295211108989109849e-01,0.000000000000000000e+00,3.993914889319296058e-01,4.248964437629668134e-01,4.365970286294478808e-01,3.757975480854641170e-01,4.174842315425769113e-01,3.771621707498655773e-01,4.626424660431662783e-01,4.455685934630138068e-01,4.518912298192154786e-01,4.494396469098370095e-01,4.235639680601883117e-01,3.781703211149233246e-01,4.012704945442934767e-01,4.510330182496123941e-01,3.903772867090596899e-01,4.181208492586243053e-01,4.468900896994453253e-01,4.517215108567546045e-01,3.366720080761401168e-01,4.075705192475626015e-01,0.000000000000000000e+00,4.771769393485451038e-01,0.000000000000000000e+00,5.170169287168804306e-01,0.000000000000000000e+00,4.456207948702600175e-01,0.000000000000000000e+00,0.000000000000000000e+00,0.000000000000000000e+00,0.000000000000000000e+00,5.638385880690275354e-01,0.000000000000000000e+00,4.467882771264274910e-01,5.123739091539872836e-01,5.117082142738131889e-01,4.764809284013147850e-01,5.444110919756549594e-01,0.000000000000000000e+00,4.926193672293994186e-01,0.000000000000000000e+00,4.947218310221916937e-01,4.844484893268745096e-01,4.397924265115178977e-01,0.000000000000000000e+00,0.000000000000000000e+00,0.000000000000000000e+00,5.709536227513185569e-01,5.035805689990575651e-01,4.282279563281409795e-01,0.000000000000000000e+00,4.980865428633539094e-01,0.000000000000000000e+00,0.000000000000000000e+00,0.000000000000000000e+00,5.171716079748482908e-01,4.855481241979422991e-01,4.697514863025785137e-01,0.000000000000000000e+00,4.666733535823526791e-01
0.000000000000000000e+00,3.719102692396752952e-01,3.018018999829757965e-01,4.072526081550310040e-01,3.573377001830720934e-01,3.471224071446277204e-01,3.904751693778079069e-01,5.045358042739055415e-01,0.000000000000000000e+00,4.778733275288549742e-01,3.577166365124394010e-01,4.119554543622275244e-01,4.043030274264288737e-01,3.918977226282103765e-01,0.000000000000000000e+00,3.723436278177327252e-01,0.000000000000000000e+00,3.241848523645550761e-01,3.077305448912852071e-01,4.097080915678100732e-01,0.000000000000000000e+00,4.217065861551149153e-01,4.219220219320222731e-01,3.811067717635119867e-01,3.102390891220774827e-01,3.671959132864200948e-01,3.720082823377726111e-01,4.672557131131944153e-01,3.892833186602923101e-01,0.000000000000000000e+00,4.878069090898997096e-01,4.460654146780649865e-01,4.044087254255432917e-01,4.782570918583775033e-01,4.659025488506907120e-01,4.354526894794666925e-01,4.456711572281302769e-01,4.043195003631003259e-01,4.135281987801195935e-01,0.000000000000000000e+00,4.245683603716507992e-01,0.000000000000000000e+00,4.680324265861364741e-01,0.000000000000000000e+00,0.000000000000000000e+00,0.000000000000000000e+00,0.000000000000000000e+00,5.936541939660889833e-01,0.000000000000000000e+00,4.427482189732538931e-01,5.591421497320157030e-01,4.256558479893132185e-01,5.460994671459652450e-01,5.410548168364510691e-01,0.000000000000000000e+00,5.482427184500673345e-01,0.000000000000000000e+00,4.603717978507093078e-01,4.863899108743112154e-01,0.000000000000000000e+00,0.000000000000000000e+00,0.000000000000000000e+00,0.000000000000000000e+00,5.709845910058786167e-01,0.000000000000000000e+00,0.000000000000000000e+00,0.000000000000000000e+00,5.709382124404550618e-01,0.000000000000000000e+00,0.000000000000000000e+00,0.000000000000000000e+00,5.606451376475687365e-01,3.904620502806185889e-01,0.000000000000000000e+00,0.000000000000000000e+00,0.000000000000000000e+00
3.207885757265114268e-01,0.000000000000000000e+00,4.246001254722832075e-01,2.685814609866424840e-01,4.099448739969037137e-01,4.569297770532828040e-01,3.494549137530614247e-01,4.088225791963265854e-01,4.778733275288549742e-01,0.000000000000000000e+00,4.738398182630044753e-01,2.525685100902245184e-01,3.960173620330588173e-01,0.000000000000000000e+00,0.000000000000000000e+00,3.389073954026036173e-01,3.334378244702895788e-01,3.584105928574404798e-01,4.600506885969671833e-01,0.000000000000000000e+00,0.000000000000000000e+00,0.000000000000000000e+00,4.096843109091987123e-01,2.838765623299546181e-01,3.385590304002040196e-01,3.403335741950205273e-01,4.346623638022196756e-01,3.642705730228861238e-01,3.506213070539179189e-01,0.000000000000000000e+00,3.350932715201475065e-01,2.922289709779392064e-01,2.892889270129567203e-01,2.894472265852772175e-01,2.750357458915828057e-01,3.539148538708185021e-01,2.598923394664562903e-01,2.684839696072218174e-01,2.506197054997663098e-01,3.326862217083578765e-01,3.013662924620444938e-01,2.592180555977162126e-01,0.000000000000000000e+00,0.000000000000000000e+00,3.153651643111405889e-01,0.000000000000000000e+00,0.000000000000000000e+00,0.000000000000000000e+00,0.000000000000000000e+00,0.000000000000000000e+00,0.000000000000000000e+00,0.000000000000000000e+00,0.000000000000000000e+00,0.000000000000000000e+00,4.006532253809226840e-01,0.000000000000000000e+00,3.912646554494890738e-01,3.722432665837904220e-01,0.000000000000000000e+00,0.000000000000000000e+00,0.000000000000000000e+00,3.877067233382269773e-01,3.802255517876039770e-01,0.000000000000000000e+00,0.000000000000000000e+00,0.000000000000000000e+00,0.000000000000000000e+00,0.000000000000000000e+00,3.866345738655704856e-01,4.064917365952703809e-01,4.136567727319616083e-01,0.000000000000000000e+00,3.977962425079463182e-01,0.000000000000000000e+00,0.000000000000000000e+00,3.961065615020982755e-01
0.000000000000000000e+00,0.000000000000000000e+00,3.647735816815085852e-01,3.676043312238918004e-01,3.081782744904416060e-01,3.849467944546279830e-01,4.724638266492521277e-01,3.470729766569247143e-01,3.577166365124394010e-01,4.738398182630044753e-01,0.000000000000000000e+00,4.096860582666100870e-01,4.781956850090102185e-01,3.029847316392673129e-01,0.000000000000000000e+00,0.000000000000000000e+00,3.926131273846621972e-01,0.000000000000000000e+00,3.024800542153017191e-01,0.000000000000000000e+00,0.000000000000000000e+00,0.000000000000000000e+00,3.421294233788225725e-01,4.128714152218008748e-01,0.000000000000000000e+00,3.378745259065625839e-01,4.180796627604175253e-01,4.689208831532734045e-01,0.000000000000000000e+00,0.000000000000000000e+00,4.985955376472505085e-01,4.215260100036877233e-01,3.969973893506433260e-01,4.736195658262554176e-01,4.485149047325103222e-01,3.744990881300059860e-01,4.302337509313097219e-01,4.291285555157581810e-01,4.446497699846874152e-01,0.000000000000000000e+00,0.000000000000000000e+00,0.000000000000000000e+00,4.500543102399612860e-01,0.000000000000000000e+00,0.000000000000000000e+00,0.000000000000000000e+00,0.000000000000000000e+00,5.560706520927181096e-01,0.000000000000000000e+00,4.407942631151985924e-01,5.246962431285598916e-01,4.496281904013514907e-01,4.881316317358816992e-01,5.758769427888912329e-01,0.000000000000000000e+00,3.283648700539705256e-01,0.000000000000000000e+00,4.303787625761484881e-01,4.756977018547509095e-01,0.000000000000000000e+00,0.000000000000000000e+00,0.000000000000000000e+00,0.000000000000000000e+00,3.229630273927793227e-01,0.000000000000000000e+00,0.000000000000000000e+00,0.000000000000000000e+00,5.562124580100394899e-01,0.000000000000000000e+00,0.000000000000000000e+00,0.000000000000000000e+00,5.373682576906390063e-01,4.001092968147835216e-01,0.000000000000000000e+00,0.000000000000000000e+00,0.000000000000000000e+00
3.349837211328167141e-01,0.000000000000000000e+00,3.293862898329070754e-01,2.841407496504511077e-01,3.459961537357947869e-01,3.647928186061777933e-01,2.895125577631914027e-01,0.000000000000000000e+00,4.119554543622275244e-01,2.525685100902245184e-01,4.096860582666100870e-01,0.000000000000000000e+00,3.442005660242670739e-01,0.000000000000000000e+00,0.000000000000000000e+00,0.000000000000000000e+00,3.544026788402919736e-01,2.996895741575126837e-01,3.508958079180574119e-01,0.000000000000000000e+00,3.869442474093994777e-01,0.000000000000000000e+00,3.500184200582168170e-01,2.609967705508381974e-01,3.277218003963677240e-01,2.895533218075406756e-01,3.337065611067620008e-01,3.113052800523309904e-01,0.000000000000000000e+00,0.000000000000000000e+00,3.147549282303471752e-01,2.574887637186139000e-01,2.509811775528635880e-01,2.085193975846469094e-01,2.382035259205809996e-01,2.929653712653276787e-01,2.334086971584929115e-01,2.113630294589992908e-01,2.664300906707928185e-01,3.397782702532142762e-01,2.903026687435367181e-01,2.732812792787377987e-01,2.859765670207647936e-01,0.000000000000000000e+00,2.986838772845262779e-01,0.000000000000000000e+00,0.000000000000000000e+00,0.000000000000000000e+00,0.000000000000000000e+00,0.000000000000000000e+00,0.000000000000000000e+00,0.000000000000000000e+00,0.000000000000000000e+00,0.000000000000000000e+00,4.003395993206517733e-01,0.000000000000000000e+00,3.896693060700858191e-01,3.766820918495952242e-01,0.000000000000000000e+00,0.000000000000000000e+00,0.000000000000000000e+00,3.863793636371153917e-01,3.765139216281228052e-01,0.000000000000000000e+00,0.000000000000000000e+00,0.000000000000000000e+00,0.000000000000000000e+00,0.000000000000000000e+00,3.634495130297288878e-01,4.038529617808340189e-01,4.048364090886933941e-01,0.000000000000000000e+00,3.988157947646461254e-01,0.000000000000000000e+00,0.000000000000000000e+00,3.944954374820263121e-01
0.000000000000000000e+00,4.401509838973793887e-01,4.783830008329862937e-01,3.284178682485908163e-01,3.964032652740946960e-01,3.915599147212274200e-01,3.505062129317291220e-01,4.430840436257886261e-01,4.043030274264288737e-01,3.960173620330588173e-01,4.781956850090102185e-01,3.442005660242670739e-01,0.000000000000000000e+00,4.184620206940057874e-01,0.000000000000000000e+00,4.516650636233984217e-01,3.998854371142959163e-01,4.345285972854743273e-01,4.811052704067811936e-01,4.205931883199934829e-01,0.000000000000000000e+00,4.601669394964201798e-01,4.468430312557893913e-01,3.338739420844953898e-01,4.110684851435085219e-01,4.191543845790121070e-01,4.453433468557083108e-01,3.307887181905037055e-01,3.918466923393005841e-01,3.229977957137207256e-01,4.072319779322741140e-01,4.012365542232693150e-01,3.691867620622700241e-01,3.973961647274172893e-01,4.035165585950087896e-01,3.651565892028961202e-01,3.609296605781370237e-01,3.417539933687839260e-01,4.197683740218828841e-01,0.000000000000000000e+00,2.136864922869113059e-01,0.000000000000000000e+00,3.445812562404677037e-01,0.000000000000000000e+00,3.588326012454094993e-01,0.000000000000000000e+00,0.000000000000000000e+00,5.231426270000781864e-01,0.000000000000000000e+00,0.000000000000000000e+00,4.805424227680807903e-01,3.902294770555431169e-01,4.701233799764816257e-01,0.000000000000000000e+00,0.000000000000000000e+00,4.098651532035166856e-01,3.655683321755747173e-01,0.000000000000000000e+00,0.000000000000000000e+00,0.000000000000000000e+00,0.000000000000000000e+00,0.000000000000000000e+00,0.000000000000000000e+00,0.000000000000000000e+00,4.034679293369869968e-01,0.000000000000000000e+00,3.193482755887351865e-01,5.219171456317713842e-01,0.000000000000000000e+00,2.796631570162860791e-01,3.313047798201668170e-01,5.222466199826254485e-01,0.000000000000000000e+00,4.547294156223397055e-01,0.000000000000000000e+00,0.000000000000000000e+00
0.000000000000000000e+00,0.000000000000000000e+00,4.687972322709397233e-01,2.863686095694352174e-01,3.020368822770503892e-01,4.314452981499969919e-01,3.428027665155736203e-01,3.763199740590800202e-01,3.918977226282103765e-01,0.000000000000000000e+00,3.029847316392673129e-01,0.000000000000000000e+00,4.184620206940057874e-01,0.000000000000000000e+00,0.000000000000000000e+00,0.000000000000000000e+00,0.000000000000000000e+00,0.000000000000000000e+00,3.879090746543685797e-01,0.000000000000000000e+00,4.172501917555049844e-01,0.000000000000000000e+00,3.936196326132739842e-01,0.000000000000000000e+00,0.000000000000000000e+00,0.000000000000000000e+00,4.404462603762697159e-01,3.091493333749831818e-01,0.000000000000000000e+00,0.000000000000000000e+00,4.676481910434003852e-01,3.286430727235183924e-01,0.000000000000000000e+00,3.973385254076923778e-01,0.000000000000000000e+00,2.595242422566702012e-01,1.993307536770735910e-01,0.000000000000000000e+00,4.107368709801401119e-01,0.000000000000000000e+00,0.000000000000000000e+00,0.000000000000000000e+00,4.043021941944077158e-01,0.000000000000000000e+00,0.000000000000000000e+00,0.000000000000000000e+00,0.000000000000000000e+00,4.864150155079445814e-01,0.000000000000000000e+00,0.000000000000000000e+00,0.000000000000000000e+00,0.000000000000000000e+00,0.000000000000000000e+00,5.196689423532248053e-01,0.000000000000000000e+00,4.506078282452172790e-01,0.000000000000000000e+00,0.000000000000000000e+00,0.000000000000000000e+00,0.000000000000000000e+00,0.000000000000000000e+00,0.000000000000000000e+00,0.000000000000000000e+00,0.000000000000000000e+00,0.000000000000000000e+00,0.000000000000000000e+00,0.000000000000000000e+00,4.673743693379470154e-01,0.000000000000000000e+00,0.000000000000000000e+00,0.000000000000000000e+00,4.493534180619437879e-01,0.000000000000000000e+00,0.000000000000000000e+00,0.000000000000000000e+00,0.000000000000000000e+00
3.891541226277719923e-01,4.309767769337682908e-01,0.000000000000000000e+00,0.000000000000000000e+00,0.000000000000000000e+00,4.573628972808680970e-01,0.000000000000000000e+00,0.000000000000000000e+00,0.000000000000000000e+00,0.000000000000000000e+00,0.000000000000000000e+00,0.000000000000000000e+00,0.000000000000000000e+00,0.000000000000000000e+00,0.000000000000000000e+00,4.255614663828851119e-01,0.000000000000000000e+00,4.142863323560448952e-01,0.000000000000000000e+00,3.921069539259630088e-01,3.993961955087835247e-01,4.089343273838740855e-01,3.920612197518094089e-01,4.086639717793226212e-01,4.039673129361687764e-01,4.291395542088389248e-01,4.307860019133449847e-01,4.055890195338386905e-01,4.131369428648323239e-01,0.000000000000000000e+00,4.192127256744562769e-01,4.430517526269632245e-01,4.336238899775788913e-01,4.474958294661361968e-01,4.878045949575117168e-01,5.315616965360908663e-01,0.000000000000000000e+00,0.000000000000000000e+00,4.876559110885246850e-01,5.080903967553287437e-01,5.129467056980446804e-01,5.250143292661558769e-01,0.000000000000000000e+00,0.000000000000000000e+00,0.000000000000000000e+00,0.000000000000000000e+00,5.083806782173861949e-01,0.000000000000000000e+00,0.000000000000000000e+00,0.000000000000000000e+00,4.687606691328278785e-01,0.000000000000000000e+00,5.646407131902371201e-01,0.000000000000000000e+00,0.000000000000000000e+00,0.000000000000000000e+00,0.000000000000000000e+00,4.240024923165404136e-01,0.000000000000000000e+00,4.950664273134329219e-01,4.581042773348371067e-01,0.000000000000000000e+00,0.000000000000000000e+00,0.000000000000000000e+00,4.959114574527209163e-01,4.901493524255343126e-01,5.292599305230409890e-01,5.108429737674875515e-01,0.000000000000000000e+00,3.753931159385223149e-01,5.493945237524797687e-01,5.202325233196664067e-01,4.579816169229362077e-01,4.859131807095695144e-01,0.000000000000000000e+00,4.548294649892050123e-01
3.948884176610543140e-01,3.820358604549355941e-01,0.000000000000000000e+00,0.000000000000000000e+00,3.954936210029261212e-01,4.260155292737032862e-01,4.331855351697356249e-01,4.295211108989109849e-01,3.723436278177327252e-01,3.389073954026036173e-01,0.000000000000000000e+00,0.000000000000000000e+00,4.516650636233984217e-01,0.000000000000000000e+00,4.255614663828851119e-01,0.000000000000000000e+00,3.722850185892470076e-01,3.166274461805805851e-01,0.000000000000000000e+00,3.971895803499009836e-01,4.146292455095134111e-01,3.758257903462148275e-01,4.402448032251162768e-01,3.385535210772310788e-01,3.714586293806612094e-01,4.060065944581384145e-01,4.364507572743822061e-01,4.199903968705395174e-01,4.156597476410177072e-01,3.921195715867816789e-01,3.636529122870449937e-01,4.240714427127328934e-01,3.820167089665109095e-01,3.748790864875475859e-01,4.322063318258158038e-01,0.000000000000000000e+00,0.000000000000000000e+00,0.000000000000000000e+00,4.500671407288707182e-01,4.290940037075807179e-01,4.259142794879806071e-01,4.594249421321741078e-01,0.000000000000000000e+00,0.000000000000000000e+00,0.000000000000000000e+00,4.450948408112376242e-01,4.459259270112653772e-01,0.000000000000000000e+00,0.000000000000000000e+00,0.000000000000000000e+00,0.000000000000000000e+00,0.000000000000000000e+00,0.000000000000000000e+00,0.000000000000000000e+00,0.000000000000000000e+00,0.000000000000000000e+00,0.000000000000000000e+00,0.000000000000000000e+00,0.000000000000000000e+00,4.781591255751416192e-01,4.243829558254251788e-01,0.000000000000000000e+00,3.939440747373381124e-01,0.000000000000000000e+00,4.334464410989576910e-01,4.002584661135821231e-01,4.609349784022795937e-01,3.857474166647167912e-01,0.000000000000000000e+00,4.291352661087197151e-01,4.566447308813700867e-01,4.057619149973130113e-01,0.000000000000000000e+00,3.909476966121944730e-01,0.000000000000000000e+00,4.024817939299399905e-01
3.815424850013828806e-01,0.000000000000000000e+00,0.000000000000000000e+00,0.000000000000000000e+00,0.000000000000000000e+00,3.254669011719564242e-01,0.000000000000000000e+00,0.000000000000000000e+00,0.000000000000000000e+00,3.334378244702895788e-01,3.926131273846621972e-01,3.544026788402919736e-01,3.998854371142959163e-01,0.000000000000000000e+00,0.000000000000000000e+00,3.722850185892470076e-01,0.000000000000000000e+00,3.248670412074277092e-01,0.000000000000000000e+00,3.400515285391855769e-01,0.000000000000000000e+00,3.428636847971496260e-01,0.000000000000000000e+00,3.597588857453580258e-01,3.010323097800388092e-01,3.495318089167652187e-01,0.000000000000000000e+00,3.880336690856556192e-01,0.000000000000000000e+00,0.000000000000000000e+00,3.431857453088359988e-01,4.200189370528513155e-01,3.424105436670721869e-01,3.553236272949333863e-01,3.741145072676271277e-01,0.000000000000000000e+00,0.000000000000000000e+00,3.184935998621796771e-01,0.000000000000000000e+00,3.690171310142899008e-01,0.000000000000000000e+00,0.000000000000000000e+00,0.000000000000000000e+00,0.000000000000000000e+00,0.000000000000000000e+00,0.000000000000000000e+00,0.000000000000000000e+00,0.000000000000000000e+00,0.000000000000000000e+00,0.000000000000000000e+00,0.000000000000000000e+00,0.000000000000000000e+00,0.000000000000000000e+00,0.000000000000000000e+00,4.250930372016311076e-01,0.000000000000000000e+00,4.226444261824081061e-01,0.000000000000000000e+00,0.000000000000000000e+00,0.000000000000000000e+00,0.000000000000000000e+00,3.734996319363833028e-01,3.727748640196307250e-01,0.000000000000000000e+00,0.000000000000000000e+00,0.000000000000000000e+00,0.000000000000000000e+00,0.000000000000000000e+00,4.198766514710572939e-01,4.103231012696291202e-01,4.273691086854791155e-01,0.000000000000000000e+00,0.000000000000000000e+00,0.000000000000000000e+00,0.000000000000000000e+00,0.000000000000000000e+00
3.586818589994141826e-01,3.842566526836996843e-01,0.000000000000000000e+00,0.000000000000000000e+00,0.000000000000000000e+00,4.071708825244064189e-01,4.026069089195121187e-01,3.993914889319296058e-01,3.241848523645550761e-01,3.584105928574404798e-01,0.000000000000000000e+00,2.996895741575126837e-01,4.345285972854743273e-01,0.000000000000000000e+00,4.142863323560448952e-01,3.166274461805805851e-01,3.248670412074277092e-01,0.000000000000000000e+00,0.000000000000000000e+00,4.029878944826080223e-01,3.993588686510408103e-01,3.975804752317628199e-01,4.312970472770354946e-01,3.455772585531121099e-01,3.242246730769761109e-01,3.537638871439426902e-01,4.365807307348010258e-01,4.207929220323943231e-01,4.099434168874793172e-01,3.650036288044367083e-01,3.683560302965572797e-01,4.106681660231515929e-01,3.537475870459879101e-01,3.667090559326561250e-01,3.856583096304326830e-01,0.000000000000000000e+00,0.000000000000000000e+00,0.000000000000000000e+00,4.228253457880938870e-01,3.941150372711352268e-01,4.061876805991477268e-01,4.085864009986652223e-01,0.000000000000000000e+00,0.000000000000000000e+00,0.000000000000000000e+00,4.081759043948385846e-01,4.204724794603720839e-01,0.000000000000000000e+00,0.000000000000000000e+00,0.000000000000000000e+00,0.000000000000000000e+00,0.000000000000000000e+00,0.000000000000000000e+00,0.000000000000000000e+00,4.265592693774766242e-01,0.000000000000000000e+00,4.120281636888448173e-01,0.000000000000000000e+00,0.000000000000000000e+00,0.000000000000000000e+00,4.049870644952673904e-01,4.066175288057342074e-01,4.016742547148466902e-01,0.000000000000000000e+00,0.000000000000000000e+00,0.000000000000000000e+00,4.273330243178001808e-01,0.000000000000000000e+00,4.079853696057915147e-01,4.098136300429028878e-01,4.251764931560664817e-01,0.000000000000000000e+00,0.000000000000000000e+00,0.000000000000000000e+00,0.000000000000000000e+00,4.013798782675929155e-01
0.000000000000000000e+00,0.000000000000000000e+00,2.966634238493848774e-01,4.074461792821064132e-01,4.123279685139614181e-01,4.394235331925451238e-01,4.786121869489983749e-01,4.248964437629668134e-01,3.077305448912852071e-01,4.600506885969671833e-01,3.024800542153017191e-01,3.508958079180574119e-01,4.811052704067811936e-01,3.879090746543685797e-01,0.000000000000000000e+00,0.000000000000000000e+00,0.000000000000000000e+00,0.000000000000000000e+00,0.000000000000000000e+00,0.000000000000000000e+00,0.000000000000000000e+00,0.000000000000000000e+00,3.287540012098815190e-01,0.000000000000000000e+00,0.000000000000000000e+00,0.000000000000000000e+00,3.822703743432838142e-01,4.709568682102157067e-01,0.000000000000000000e+00,0.000000000000000000e+00,4.917235670998676977e-01,4.352310625542121225e-01,0.000000000000000000e+00,4.865744899571530779e-01,4.446564978998491791e-01,4.376080593778536865e-01,4.093037324851485081e-01,3.893905629809570890e-01,4.509777351214084851e-01,0.000000000000000000e+00,0.000000000000000000e+00,0.000000000000000000e+00,4.783725416682079734e-01,0.000000000000000000e+00,0.000000000000000000e+00,0.000000000000000000e+00,0.000000000000000000e+00,6.085592784426988588e-01,0.000000000000000000e+00,4.550843678211793919e-01,5.430540314312208849e-01,4.613558372204940028e-01,5.534505657785698807e-01,5.765461682873642690e-01,0.000000000000000000e+00,5.563902591709869450e-01,0.000000000000000000e+00,4.590447128862479853e-01,5.029364635200491707e-01,0.000000000000000000e+00,0.000000000000000000e+00,0.000000000000000000e+00,0.000000000000000000e+00,5.759577731679120793e-01,0.000000000000000000e+00,0.000000000000000000e+00,0.000000000000000000e+00,5.788750439037522177e-01,0.000000000000000000e+00,0.000000000000000000e+00,0.000000000000000000e+00,5.684719277962279049e-01,0.000000000000000000e+00,0.000000000000000000e+00,0.000000000000000000e+00,0.000000000000000000e+00
4.595964406152664994e-01,4.155419634195451906e-01,0.000000000000000000e+00,4.543510608387172911e-01,4.294059792565871891e-01,4.156695849320604097e-01,4.291621789135344756e-01,4.365970286294478808e-01,4.097080915678100732e-01,0.000000000000000000e+00,0.000000000000000000e+00,0.000000000000000000e+00,4.205931883199934829e-01,0.000000000000000000e+00,3.921069539259630088e-01,3.971895803499009836e-01,3.400515285391855769e-01,4.029878944826080223e-01,0.000000000000000000e+00,0.000000000000000000e+00,4.441783316409986804e-01,3.466512543776044120e-01,3.057825834805000809e-01,0.000000000000000000e+00,3.940388122147099881e-01,4.444242002564048888e-01,3.709106875534806114e-01,3.491106828233572767e-01,3.119407774987584814e-01,3.482432243161237007e-01,3.816484198141549267e-01,4.377441103461175986e-01,3.951344405437112739e-01,4.269548874286003826e-01,4.709066927060964192e-01,5.037953521682848601e-01,4.586150246954440179e-01,0.000000000000000000e+00,5.063238005037898892e-01,4.593553821103987245e-01,4.949831620746972249e-01,5.086011939811306837e-01,4.056077147822924056e-01,0.000000000000000000e+00,0.000000000000000000e+00,0.000000000000000000e+00,4.074591259986127811e-01,0.000000000000000000e+00,0.000000000000000000e+00,0.000000000000000000e+00,4.649622319665134840e-01,0.000000000000000000e+00,5.229015761232355120e-01,0.000000000000000000e+00,0.000000000000000000e+00,0.000000000000000000e+00,0.000000000000000000e+00,3.961500519252509900e-01,0.000000000000000000e+00,5.087548893838893527e-01,3.478917712724127198e-01,0.000000000000000000e+00,0.000000000000000000e+00,0.000000000000000000e+00,5.125361850223358884e-01,5.108479738689145622e-01,4.911372733478073793e-01,5.384803072591424211e-01,0.000000000000000000e+00,3.033886011471068067e-01,4.935215574972359187e-01,5.197028483252216224e-01,4.957920038787265726e-01,5.077979173496703913e-01,4.249343803548399912e-01,4.991358706332247874e-01
3.869917605907615132e-01,4.255929140153535961e-01,0.000000000000000000e+00,0.000000000000000000e+00,0.000000000000000000e+00,4.828175949516713139e-01,0.000000000000000000e+00,3.757975480854641170e-01,0.000000000000000000e+00,0.000000000000000000e+00,0.000000000000000000e+00,3.869442474093994777e-01,0.000000000000000000e+00,4.172501917555049844e-01,3.993961955087835247e-01,4.146292455095134111e-01,0.000000000000000000e+00,3.993588686510408103e-01,0.000000000000000000e+00,4.441783316409986804e-01,0.000000000000000000e+00,4.465677079512305747e-01,3.929228155191230032e-01,4.376313806382534088e-01,3.994090367241586725e-01,3.964911751313949795e-01,4.600266816637816891e-01,4.339517051417449145e-01,4.266900618150055169e-01,0.000000000000000000e+00,3.989828806193380095e-01,4.294182896909283786e-01,4.109760533501721769e-01,4.182478093444231826e-01,4.603632445242388238e-01,0.000000000000000000e+00,0.000000000000000000e+00,0.000000000000000000e+00,4.844883872913701151e-01,4.633545186539920757e-01,4.954136217922496810e-01,5.334814518240417192e-01,0.000000000000000000e+00,0.000000000000000000e+00,0.000000000000000000e+00,4.482785181081390125e-01,5.020090326570595396e-01,0.000000000000000000e+00,0.000000000000000000e+00,0.000000000000000000e+00,4.844335016723113063e-01,0.000000000000000000e+00,4.644851588043543145e-01,0.000000000000000000e+00,0.000000000000000000e+00,0.000000000000000000e+00,0.000000000000000000e+00,4.528774746021050901e-01,0.000000000000000000e+00,5.088794041014177427e-01,4.452779244678389814e-01,0.000000000000000000e+00,0.000000000000000000e+00,0.000000000000000000e+00,5.122812381835806228e-01,4.250653830894153828e-01,5.202148558000220246e-01,4.966926889947512747e-01,0.000000000000000000e+00,3.955298462888348077e-01,5.161895146104779064e-01,5.307258187983394659e-01,4.687757328172679760e-01,4.871334237583980764e-01,0.000000000000000000e+00,4.387178238089021742e-01
