0.000000000000000000e+00,3.982856827048829040e-01,0.000000000000000000e+00,0.000000000000000000e+00,0.000000000000000000e+00,3.772127715019221728e-01,0.000000000000000000e+00,5.033193691806482351e-01,0.000000000000000000e+00,3.578271828464689164e-01,0.000000000000000000e+00,3.803842136139192753e-01,3.517788828009092983e-01,0.000000000000000000e+00,3.982715357507918275e-01,4.262437928093151251e-01,0.000000000000000000e+00,4.219391268608476131e-01,0.000000000000000000e+00,4.624886627301402209e-01,3.956785117391344864e-01,4.153850082515828102e-01,4.622331343252178981e-01,3.818677249504660032e-01,4.005775412152121073e-01,3.776686613267868919e-01,5.096062315172007473e-01,4.022026759015626118e-01,4.122176548024922837e-01,0.000000000000000000e+00,3.689094307631813896e-01,4.128833436920398836e-01,3.979247452247344774e-01,3.548948989378358787e-01,3.726221013578471242e-01,0.000000000000000000e+00,0.000000000000000000e+00,2.943745523829420230e-01,4.698002469528531067e-01,4.532678405366761254e-01,4.281840818009319261e-01,0.000000000000000000e+00,0.000000000000000000e+00,0.000000000000000000e+00,0.000000000000000000e+00,4.096902898592046927e-01,4.902134929851362233e-01,0.000000000000000000e+00,0.000000000000000000e+00,0.000000000000000000e+00,0.000000000000000000e+00,0.000000000000000000e+00,0.000000000000000000e+00,0.000000000000000000e+00,4.477247848287135845e-01,0.000000000000000000e+00,0.000000000000000000e+00,0.000000000000000000e+00,0.000000000000000000e+00,0.000000000000000000e+00,4.851436998638750109e-01,0.000000000000000000e+00,4.794495346545850079e-01,0.000000000000000000e+00,0.000000000000000000e+00,4.497274893313369937e-01,4.928709566506451201e-01,0.000000000000000000e+00,4.497016197191485154e-01,4.705160234488887094e-01,4.697792409856624274e-01,0.000000000000000000e+00,0.000000000000000000e+00,0.000000000000000000e+00,0.000000000000000000e+00,4.186319580815489050e-01
3.982856827048829040e-01,0.000000000000000000e+00,0.000000000000000000e+00,0.000000000000000000e+00,0.000000000000000000e+00,4.090185798584891064e-01,4.693985641822068788e-01,4.583467960722105161e-01,4.599631880320033117e-01,0.000000000000000000e+00,0.000000000000000000e+00,0.000000000000000000e+00,4.504494594593286827e-01,0.000000000000000000e+00,4.183407881913827064e-01,4.087018124580046874e-01,0.000000000000000000e+00,4.141036152330070941e-01,0.000000000000000000e+00,4.293610852101346076e-01,4.260010290759356777e-01,4.019497638527593786e-01,4.269763682891677958e-01,0.000000000000000000e+00,3.748977143802931788e-01,3.830639340940937831e-01,4.134242375115257939e-01,4.413972859093827084e-01,4.280170618924473147e-01,0.000000000000000000e+00,3.625709643116981074e-01,4.031955900554667904e-01,3.618983778336148927e-01,3.687777874999271233e-01,0.000000000000000000e+00,0.000000000000000000e+00,0.000000000000000000e+00,0.000000000000000000e+00,4.783465415880794880e-01,4.483914513251204825e-01,4.744048274830904854e-01,5.125167421589164052e-01,0.000000000000000000e+00,0.000000000000000000e+00,0.000000000000000000e+00,4.687020268139668877e-01,5.002626533651575169e-01,0.000000000000000000e+00,0.000000000000000000e+00,0.000000000000000000e+00,4.934599944862719245e-01,0.000000000000000000e+00,0.000000000000000000e+00,0.000000000000000000e+00,0.000000000000000000e+00,0.000000000000000000e+00,0.000000000000000000e+00,0.000000000000000000e+00,0.000000000000000000e+00,5.222622134369078184e-01,4.802866641110576928e-01,0.000000000000000000e+00,4.758811821967287026e-01,0.000000000000000000e+00,5.404758230614862269e-01,4.886978313935176899e-01,4.966734669007468739e-01,5.629198559138878233e-01,0.000000000000000000e+00,5.007606443378311845e-01,5.219627331894854949e-01,5.616803304558450893e-01,0.000000000000000000e+00,5.259936577716293193e-01,0.000000000000000000e+00,4.907028360557816882e-01
0.000000000000000000e+00,0.000000000000000000e+00,0.000000000000000000e+00,4.493909015887007086e-01,4.309309510161968837e-01,4.180729255983994253e-01,4.382751086470105251e-01,5.096943161626926733e-01,3.132923620562869105e-01,4.701695836392231764e-01,4.005322748411778155e-01,3.544342889269654906e-01,4.686718039784891765e-01,4.730268095153700725e-01,0.000000000000000000e+00,0.000000000000000000e+00,0.000000000000000000e+00,0.000000000000000000e+00,3.327365075383577064e-01,0.000000000000000000e+00,0.000000000000000000e+00,0.000000000000000000e+00,3.577974304638159020e-01,0.000000000000000000e+00,0.000000000000000000e+00,0.000000000000000000e+00,3.231072717364906199e-01,4.793411148841660863e-01,0.000000000000000000e+00,0.000000000000000000e+00,4.943473087712705882e-01,4.752525936367570925e-01,3.983959508773187164e-01,5.042997589466042818e-01,4.775353525564178803e-01,4.707318856566636844e-01,5.167456264180355641e-01,0.000000000000000000e+00,6.587159519625389592e-01,0.000000000000000000e+00,4.890455437605092937e-01,0.000000000000000000e+00,5.348559357465295649e-01,0.000000000000000000e+00,0.000000000000000000e+00,0.000000000000000000e+00,0.000000000000000000e+00,5.075910105039763698e-01,0.000000000000000000e+00,6.645508549783295527e-01,6.035482531424885000e-01,7.137143604612651293e-01,6.229835709523519061e-01,6.246808977171344202e-01,0.000000000000000000e+00,5.190658360104150049e-01,0.000000000000000000e+00,6.332508246934641649e-01,5.946590332631737086e-01,0.000000000000000000e+00,0.000000000000000000e+00,0.000000000000000000e+00,0.000000000000000000e+00,3.914341202841508105e-01,0.000000000000000000e+00,0.000000000000000000e+00,0.000000000000000000e+00,6.106458463120382207e-01,0.000000000000000000e+00,0.000000000000000000e+00,0.000000000000000000e+00,6.288233767267989993e-01,5.182294677551125828e-01,0.000000000000000000e+00,0.000000000000000000e+00,0.000000000000000000e+00
0.000000000000000000e+00,0.000000000000000000e+00,4.493909015887007086e-01,0.000000000000000000e+00,3.373106585242793276e-01,5.357315565880589325e-01,3.218338964991472873e-01,3.624817434508518232e-01,4.550576112328176825e-01,0.000000000000000000e+00,4.081958321608116225e-01,0.000000000000000000e+00,3.003062483479692069e-01,2.853540677480865817e-01,0.000000000000000000e+00,0.000000000000000000e+00,0.000000000000000000e+00,0.000000000000000000e+00,5.102709413083216239e-01,5.375955229306875749e-01,0.000000000000000000e+00,0.000000000000000000e+00,4.535694837468344232e-01,0.000000000000000000e+00,0.000000000000000000e+00,0.000000000000000000e+00,5.061514991312214828e-01,2.688378002093009256e-01,4.651758615418046805e-01,0.000000000000000000e+00,3.697859135847619272e-01,3.236866889110556200e-01,0.000000000000000000e+00,3.053578866803062786e-01,3.732115152288206228e-01,2.255095298767534895e-01,1.949018347811329877e-01,3.583093197711297861e-01,0.000000000000000000e+00,0.000000000000000000e+00,0.000000000000000000e+00,0.000000000000000000e+00,0.000000000000000000e+00,0.000000000000000000e+00,0.000000000000000000e+00,0.000000000000000000e+00,0.000000000000000000e+00,0.000000000000000000e+00,0.000000000000000000e+00,0.000000000000000000e+00,0.000000000000000000e+00,0.000000000000000000e+00,0.000000000000000000e+00,0.000000000000000000e+00,0.000000000000000000e+00,0.000000000000000000e+00,0.000000000000000000e+00,0.000000000000000000e+00,0.000000000000000000e+00,0.000000000000000000e+00,0.000000000000000000e+00,0.000000000000000000e+00,0.000000000000000000e+00,0.000000000000000000e+00,0.000000000000000000e+00,0.000000000000000000e+00,0.000000000000000000e+00,0.000000000000000000e+00,0.000000000000000000e+00,0.000000000000000000e+00,0.000000000000000000e+00,0.000000000000000000e+00,0.000000000000000000e+00,0.000000000000000000e+00,0.000000000000000000e+00,0.000000000000000000e+00
0.000000000000000000e+00,0.000000000000000000e+00,4.309309510161968837e-01,3.373106585242793276e-01,0.000000000000000000e+00,4.179642566322405162e-01,3.557465205569663724e-01,4.352353367967827791e-01,3.845766133987991164e-01,5.019507047378102271e-01,3.684069360788370107e-01,4.511466773462797786e-01,4.213580853385194835e-01,3.565824620365394271e-01,0.000000000000000000e+00,4.848936963067725925e-01,0.000000000000000000e+00,0.000000000000000000e+00,4.228479210834242830e-01,0.000000000000000000e+00,0.000000000000000000e+00,4.602091841478122003e-01,4.288904786266676816e-01,0.000000000000000000e+00,4.468947894623855888e-01,0.000000000000000000e+00,4.216444294547174176e-01,4.110507961322560910e-01,0.000000000000000000e+00,0.000000000000000000e+00,4.918977765509306987e-01,4.066829682151246184e-01,4.740523367160863755e-01,4.767436897063329071e-01,4.714846135217012901e-01,3.336570235880897961e-01,3.159652695858780058e-01,4.765671033129956768e-01,4.580229030585787897e-01,0.000000000000000000e+00,0.000000000000000000e+00,0.000000000000000000e+00,5.063972728901281473e-01,0.000000000000000000e+00,0.000000000000000000e+00,0.000000000000000000e+00,0.000000000000000000e+00,6.958223093647916135e-01,0.000000000000000000e+00,4.643796980793890028e-01,5.716820201561089165e-01,0.000000000000000000e+00,5.829301168788106891e-01,6.450452288904027220e-01,0.000000000000000000e+00,5.534600195050132232e-01,0.000000000000000000e+00,0.000000000000000000e+00,0.000000000000000000e+00,0.000000000000000000e+00,0.000000000000000000e+00,0.000000000000000000e+00,0.000000000000000000e+00,6.622980847233921331e-01,0.000000000000000000e+00,0.000000000000000000e+00,0.000000000000000000e+00,5.978279220959314966e-01,0.000000000000000000e+00,0.000000000000000000e+00,0.000000000000000000e+00,6.536912190025866431e-01,0.000000000000000000e+00,0.000000000000000000e+00,0.000000000000000000e+00,0.000000000000000000e+00
3.772127715019221728e-01,4.090185798584891064e-01,4.180729255983994253e-01,5.357315565880589325e-01,4.179642566322405162e-01,0.000000000000000000e+00,4.365666146282221050e-01,4.554861543185900752e-01,3.731078414264719090e-01,5.260002352396528913e-01,4.175858162570668108e-01,4.233001383408340756e-01,4.179074743115592239e-01,4.603393111235308255e-01,4.209628323682739759e-01,4.549465872138824252e-01,3.417821027666014810e-01,4.534656870231513759e-01,4.463350086641049153e-01,4.259108373637353062e-01,4.144746328623544196e-01,4.437493219316009929e-01,4.055812378871683777e-01,0.000000000000000000e+00,3.960181825697074998e-01,3.962352340399404871e-01,3.858971897279103724e-01,4.088874072545420901e-01,3.769667487527724181e-01,4.428770175607910087e-01,4.711367798932892814e-01,4.434269978516272026e-01,3.714654920614980926e-01,4.600553804853769746e-01,4.576293968571875093e-01,4.657729167407614890e-01,4.892839940148744904e-01,4.225948758889325751e-01,5.250918563827147167e-01,0.000000000000000000e+00,5.403412314134071748e-01,4.416327177570035234e-01,4.781288142707990074e-01,0.000000000000000000e+00,0.000000000000000000e+00,0.000000000000000000e+00,3.525075335710148861e-01,6.153670075687011076e-01,0.000000000000000000e+00,5.909854284442189742e-01,5.575525160593423069e-01,6.402141654831708939e-01,5.344394872827579190e-01,5.953059339334555444e-01,0.000000000000000000e+00,5.789642628462985385e-01,0.000000000000000000e+00,5.882597888438731992e-01,0.000000000000000000e+00,5.121369192012262817e-01,0.000000000000000000e+00,0.000000000000000000e+00,0.000000000000000000e+00,6.483656292276114286e-01,5.503827662315210478e-01,4.441429374914682149e-01,4.590741361239015217e-01,5.687713804545055929e-01,0.000000000000000000e+00,0.000000000000000000e+00,4.555032107304182731e-01,5.484496051641504222e-01,5.634352975066959646e-01,5.090888648981484188e-01,4.982561462723887891e-01,5.767446706082635099e-01
0.000000000000000000e+00,4.693985641822068788e-01,4.382751086470105251e-01,3.218338964991472873e-01,3.557465205569663724e-01,4.365666146282221050e-01,0.000000000000000000e+00,4.806053630655786058e-01,4.051865498689758982e-01,4.747142955384220930e-01,4.595392817228911020e-01,4.366949204919038929e-01,3.377537488435324864e-01,4.060990523300883059e-01,0.000000000000000000e+00,4.746050643101610844e-01,4.609895622863772746e-01,4.782918021638732919e-01,4.462227911240290723e-01,4.555249842320094888e-01,0.000000000000000000e+00,4.796934800956400013e-01,4.522638954119176935e-01,0.000000000000000000e+00,4.439396230086634088e-01,4.585305861074711054e-01,4.442089744435320231e-01,3.721924172561626998e-01,4.506995298093061098e-01,0.000000000000000000e+00,4.458436717939633920e-01,4.326091675731055242e-01,4.850286782114562878e-01,4.351697693247357779e-01,4.264293003176867769e-01,3.901914274634862845e-01,3.470802467417283266e-01,4.137169524110914098e-01,4.580683114734315775e-01,0.000000000000000000e+00,3.600182007042492249e-01,0.000000000000000000e+00,4.260582397162668844e-01,0.000000000000000000e+00,0.000000000000000000e+00,0.000000000000000000e+00,0.000000000000000000e+00,5.692510298634194665e-01,0.000000000000000000e+00,0.000000000000000000e+00,5.948777513378172843e-01,0.000000000000000000e+00,4.626757204646270161e-01,5.507301982821548592e-01,0.000000000000000000e+00,4.010748354405939131e-01,0.000000000000000000e+00,0.000000000000000000e+00,0.000000000000000000e+00,0.000000000000000000e+00,0.000000000000000000e+00,0.000000000000000000e+00,0.000000000000000000e+00,4.857925615377329809e-01,0.000000000000000000e+00,0.000000000000000000e+00,0.000000000000000000e+00,5.724950497053939991e-01,0.000000000000000000e+00,0.000000000000000000e+00,0.000000000000000000e+00,6.176050580468432916e-01,0.000000000000000000e+00,0.000000000000000000e+00,0.000000000000000000e+00,0.000000000000000000e+00
5.033193691806482351e-01,4.583467960722105161e-01,5.096943161626926733e-01,3.624817434508518232e-01,4.352353367967827791e-01,4.554861543185900752e-01,4.806053630655786058e-01,0.000000000000000000e+00,5.214485018593997268e-01,0.000000000000000000e+00,4.018837342726991890e-01,4.502964300952960186e-01,4.884379067467822799e-01,3.938150721613726812e-01,5.019521180794372928e-01,4.596004660233337091e-01,0.000000000000000000e+00,4.878056478552351138e-01,4.691740620991943778e-01,3.831716035049043123e-01,4.736977495177558950e-01,4.125167274175436938e-01,3.997961728312373064e-01,4.959907982276616223e-01,4.669992534351419811e-01,4.741656387126653160e-01,4.525962706938544966e-01,4.608199598257067264e-01,4.211264222497507759e-01,4.362197508045911887e-01,4.696019611762473067e-01,4.181789452646019201e-01,4.091653672582608037e-01,4.751533186675788167e-01,4.386244526903514962e-01,3.273635610823237840e-01,2.851500135206971875e-01,0.000000000000000000e+00,5.088417835767831132e-01,0.000000000000000000e+00,5.674976585661131168e-01,0.000000000000000000e+00,5.081071008430125824e-01,0.000000000000000000e+00,0.000000000000000000e+00,0.000000000000000000e+00,0.000000000000000000e+00,6.190579801565878615e-01,0.000000000000000000e+00,5.736804827853592137e-01,5.493070548996151770e-01,5.612272198290209069e-01,5.154841197197266300e-01,6.134975914432850841e-01,0.000000000000000000e+00,5.538584342152386153e-01,0.000000000000000000e+00,5.714250732901159369e-01,5.647124573007462622e-01,5.253769872931541851e-01,0.000000000000000000e+00,0.000000000000000000e+00,0.000000000000000000e+00,5.849978783012280692e-01,5.424818998372863410e-01,5.989527772950731244e-01,0.000000000000000000e+00,5.563149345240312460e-01,0.000000000000000000e+00,0.000000000000000000e+00,0.000000000000000000e+00,5.672490723549217240e-01,5.493116338176238234e-01,5.606249440613618740e-01,0.000000000000000000e+00,5.450390821327207869e-01
0.000000000000000000e+00,4.599631880320033117e-01,3.132923620562869105e-01,4.550576112328176825e-01,3.845766133987991164e-01,3.731078414264719090e-01,4.051865498689758982e-01,5.214485018593997268e-01,0.000000000000000000e+00,5.418343957444604619e-01,3.706385128757845870e-01,5.157768170846326328e-01,4.184835861552452796e-01,4.504779609285141095e-01,0.000000000000000000e+00,4.245918108960912152e-01,0.000000000000000000e+00,3.525628066783458858e-01,3.258396545105646247e-01,4.437645211651906063e-01,0.000000000000000000e+00,4.643925716150957839e-01,4.193065457035228261e-01,3.947372010810267229e-01,3.995307881612724099e-01,3.658177398224627952e-01,3.818983518841547742e-01,4.764922503074732196e-01,4.259387181012744272e-01,4.496543148024794156e-01,5.013367523448222229e-01,4.771039530100457116e-01,4.787823327046971111e-01,5.039998615776377644e-01,5.040025060892187048e-01,4.711058463766796267e-01,5.140856486583406104e-01,5.342603690403417982e-01,6.225540756413654453e-01,0.000000000000000000e+00,3.701428724922937175e-01,0.000000000000000000e+00,5.801812689705283521e-01,0.000000000000000000e+00,0.000000000000000000e+00,0.000000000000000000e+00,0.000000000000000000e+00,6.523301943090406008e-01,0.000000000000000000e+00,5.752649687279650648e-01,6.243147228534622339e-01,6.600204471584655286e-01,5.766144240767304696e-01,6.738112126181683426e-01,0.000000000000000000e+00,4.140668420377621173e-01,0.000000000000000000e+00,5.851228847989697890e-01,0.000000000000000000e+00,0.000000000000000000e+00,0.000000000000000000e+00,0.000000000000000000e+00,0.000000000000000000e+00,6.464147068451977507e-01,0.000000000000000000e+00,0.000000000000000000e+00,0.000000000000000000e+00,6.141237283685857529e-01,0.000000000000000000e+00,0.000000000000000000e+00,0.000000000000000000e+00,5.961443993023938237e-01,4.576730668524042756e-01,0.000000000000000000e+00,0.000000000000000000e+00,0.000000000000000000e+00
3.578271828464689164e-01,0.000000000000000000e+00,4.701695836392231764e-01,0.000000000000000000e+00,5.019507047378102271e-01,5.260002352396528913e-01,4.747142955384220930e-01,0.000000000000000000e+00,5.418343957444604619e-01,0.000000000000000000e+00,5.284951784886832149e-01,2.734950154561572866e-01,4.311160156073027827e-01,0.000000000000000000e+00,0.000000000000000000e+00,3.858451879081037927e-01,3.260929659367173827e-01,3.686712649359186744e-01,5.574110632332943682e-01,3.105728145543525942e-01,0.000000000000000000e+00,3.258103285847054886e-01,4.884128474563358968e-01,3.241443553482635798e-01,3.508049695604854024e-01,3.288363108121274969e-01,4.955409150354542769e-01,3.989159729619655148e-01,3.567090863945497903e-01,0.000000000000000000e+00,3.399456367861269923e-01,3.273559527025095006e-01,3.661654654098783213e-01,3.296333715198644931e-01,3.089706662356974110e-01,3.877703663824019764e-01,3.172515695724700824e-01,3.029676306011241937e-01,2.712832514844468745e-01,4.073998514681860250e-01,3.227702118710570889e-01,3.505152792008299212e-01,0.000000000000000000e+00,0.000000000000000000e+00,3.881113091142686100e-01,4.200966981161308178e-01,0.000000000000000000e+00,0.000000000000000000e+00,0.000000000000000000e+00,0.000000000000000000e+00,0.000000000000000000e+00,0.000000000000000000e+00,0.000000000000000000e+00,0.000000000000000000e+00,5.113205663875060036e-01,0.000000000000000000e+00,4.945259865811689193e-01,3.666674133005041192e-01,0.000000000000000000e+00,0.000000000000000000e+00,0.000000000000000000e+00,5.385218330879411042e-01,5.130705408437908899e-01,0.000000000000000000e+00,0.000000000000000000e+00,0.000000000000000000e+00,0.000000000000000000e+00,0.000000000000000000e+00,4.837186049804128030e-01,5.160389852466146232e-01,5.173627741151518578e-01,0.000000000000000000e+00,3.798794403978579259e-01,0.000000000000000000e+00,0.000000000000000000e+00,4.654492684773003930e-01
0.000000000000000000e+00,0.000000000000000000e+00,4.005322748411778155e-01,4.081958321608116225e-01,3.684069360788370107e-01,4.175858162570668108e-01,4.595392817228911020e-01,4.018837342726991890e-01,3.706385128757845870e-01,5.284951784886832149e-01,0.000000000000000000e+00,5.244747452399468601e-01,4.996381514694119841e-01,3.458673917435263201e-01,0.000000000000000000e+00,0.000000000000000000e+00,4.463281422115629726e-01,0.000000000000000000e+00,3.298446533146616733e-01,0.000000000000000000e+00,0.000000000000000000e+00,0.000000000000000000e+00,3.701835851510599795e-01,4.987592031192195074e-01,0.000000000000000000e+00,3.422290927757921097e-01,4.195606423674452246e-01,4.923540607960316118e-01,0.000000000000000000e+00,0.000000000000000000e+00,5.273821759016250610e-01,4.490560609206145082e-01,5.061423213872108251e-01,5.258374367981629716e-01,4.860981171313665250e-01,4.075140199842557931e-01,5.238107242521365947e-01,5.303698407201424825e-01,5.183979064830966932e-01,0.000000000000000000e+00,0.000000000000000000e+00,0.000000000000000000e+00,5.007549758821390196e-01,0.000000000000000000e+00,0.000000000000000000e+00,0.000000000000000000e+00,0.000000000000000000e+00,5.072394093752279343e-01,0.000000000000000000e+00,5.239132849869613251e-01,5.840633647762940583e-01,5.922247473695145814e-01,5.819504962213647437e-01,5.235271009775614992e-01,0.000000000000000000e+00,3.574526513179607234e-01,0.000000000000000000e+00,5.579923847108176904e-01,5.253498604902274716e-01,0.000000000000000000e+00,0.000000000000000000e+00,0.000000000000000000e+00,0.000000000000000000e+00,3.617115063679000042e-01,0.000000000000000000e+00,0.000000000000000000e+00,0.000000000000000000e+00,6.089538603882151957e-01,0.000000000000000000e+00,0.000000000000000000e+00,0.000000000000000000e+00,6.034931769993439055e-01,4.825389630511801031e-01,0.000000000000000000e+00,0.000000000000000000e+00,0.000000000000000000e+00
3.803842136139192753e-01,0.000000000000000000e+00,3.544342889269654906e-01,0.000000000000000000e+00,4.511466773462797786e-01,4.233001383408340756e-01,4.366949204919038929e-01,4.502964300952960186e-01,5.157768170846326328e-01,2.734950154561572866e-01,5.244747452399468601e-01,0.000000000000000000e+00,4.134879480061651735e-01,0.000000000000000000e+00,0.000000000000000000e+00,0.000000000000000000e+00,3.643862717125178063e-01,3.381700674474604762e-01,4.191992103878288134e-01,0.000000000000000000e+00,4.467642974006186818e-01,0.000000000000000000e+00,4.456940206201460142e-01,2.945118304384489738e-01,3.481985379499885069e-01,2.965173135614251887e-01,4.289415319101145818e-01,3.326868887082771176e-01,0.000000000000000000e+00,0.000000000000000000e+00,3.451241484931572012e-01,2.945779664523658914e-01,3.354647936639579275e-01,2.381819530113780947e-01,2.989422831657045920e-01,3.724954508262207087e-01,3.199754479309324107e-01,2.457823065904062021e-01,3.011079452016556246e-01,4.109890654777552110e-01,2.971650220292063049e-01,3.783510304096313059e-01,3.747298370705324233e-01,0.000000000000000000e+00,3.097884436469218183e-01,0.000000000000000000e+00,0.000000000000000000e+00,0.000000000000000000e+00,0.000000000000000000e+00,0.000000000000000000e+00,0.000000000000000000e+00,0.000000000000000000e+00,0.000000000000000000e+00,0.000000000000000000e+00,5.100887928958155459e-01,0.000000000000000000e+00,5.048175959355508668e-01,3.930608291642084806e-01,0.000000000000000000e+00,0.000000000000000000e+00,0.000000000000000000e+00,5.751422363123320780e-01,5.324008558431359006e-01,0.000000000000000000e+00,0.000000000000000000e+00,0.000000000000000000e+00,0.000000000000000000e+00,0.000000000000000000e+00,4.757436820438533109e-01,5.208281871641556871e-01,5.126147667447976675e-01,0.000000000000000000e+00,3.353898831047699147e-01,0.000000000000000000e+00,0.000000000000000000e+00,4.949782762928133240e-01
3.517788828009092983e-01,4.504494594593286827e-01,4.686718039784891765e-01,3.003062483479692069e-01,4.213580853385194835e-01,4.179074743115592239e-01,3.377537488435324864e-01,4.884379067467822799e-01,4.184835861552452796e-01,4.311160156073027827e-01,4.996381514694119841e-01,4.134879480061651735e-01,0.000000000000000000e+00,4.308249330908764940e-01,0.000000000000000000e+00,4.769093020073688072e-01,4.705245958769673775e-01,5.049857411231485349e-01,4.823408588355551085e-01,4.524299315376891228e-01,4.342651976941563907e-01,4.883734852331602094e-01,4.572211380017974225e-01,4.374563814220008839e-01,4.479531835860224853e-01,4.332404390871545941e-01,4.525154591899903100e-01,3.486473599432325932e-01,4.290436020166015219e-01,3.889906108920199723e-01,4.460941260673371156e-01,4.417113786287689137e-01,4.652932572383081111e-01,4.400080639554221906e-01,4.186343610595710807e-01,3.744146190707737798e-01,3.294313803045397782e-01,4.181899881090206939e-01,4.856547694294092166e-01,4.307271714724311140e-01,3.244006665936400857e-01,3.329515917959187110e-01,4.906243638064187174e-01,0.000000000000000000e+00,3.840480588831536868e-01,0.000000000000000000e+00,0.000000000000000000e+00,6.235562943930661461e-01,0.000000000000000000e+00,0.000000000000000000e+00,6.279633141533729201e-01,4.669996716164733219e-01,5.520085602605718789e-01,0.000000000000000000e+00,0.000000000000000000e+00,4.569031685973293233e-01,3.912309106291756988e-01,0.000000000000000000e+00,0.000000000000000000e+00,3.581670491632991116e-01,0.000000000000000000e+00,0.000000000000000000e+00,0.000000000000000000e+00,0.000000000000000000e+00,4.686185602140278128e-01,0.000000000000000000e+00,3.113084128785524873e-01,5.685763958347824776e-01,0.000000000000000000e+00,3.996098078027521261e-01,3.848697995491249246e-01,5.753449037369072760e-01,0.000000000000000000e+00,5.613843148201318467e-01,0.000000000000000000e+00,0.000000000000000000e+00
0.000000000000000000e+00,0.000000000000000000e+00,4.730268095153700725e-01,2.853540677480865817e-01,3.565824620365394271e-01,4.603393111235308255e-01,4.060990523300883059e-01,3.938150721613726812e-01,4.504779609285141095e-01,0.000000000000000000e+00,3.458673917435263201e-01,0.000000000000000000e+00,4.308249330908764940e-01,0.000000000000000000e+00,0.000000000000000000e+00,0.000000000000000000e+00,0.000000000000000000e+00,0.000000000000000000e+00,4.104573550330504750e-01,0.000000000000000000e+00,4.990308490608202918e-01,0.000000000000000000e+00,4.402334993808507124e-01,0.000000000000000000e+00,0.000000000000000000e+00,0.000000000000000000e+00,4.759298461063690144e-01,3.374522957889971031e-01,0.000000000000000000e+00,0.000000000000000000e+00,5.378828091521641319e-01,3.888965094534893030e-01,0.000000000000000000e+00,0.000000000000000000e+00,0.000000000000000000e+00,3.106153675878363107e-01,2.565967026544627161e-01,0.000000000000000000e+00,0.000000000000000000e+00,0.000000000000000000e+00,0.000000000000000000e+00,0.000000000000000000e+00,5.039637917584738336e-01,0.000000000000000000e+00,0.000000000000000000e+00,0.000000000000000000e+00,0.000000000000000000e+00,5.955903208965354079e-01,0.000000000000000000e+00,0.000000000000000000e+00,0.000000000000000000e+00,0.000000000000000000e+00,0.000000000000000000e+00,5.702029786649137622e-01,0.000000000000000000e+00,5.216917810000123445e-01,0.000000000000000000e+00,0.000000000000000000e+00,0.000000000000000000e+00,0.000000000000000000e+00,0.000000000000000000e+00,0.000000000000000000e+00,0.000000000000000000e+00,0.000000000000000000e+00,0.000000000000000000e+00,0.000000000000000000e+00,0.000000000000000000e+00,6.256175568314538138e-01,0.000000000000000000e+00,0.000000000000000000e+00,0.000000000000000000e+00,5.450946174523859655e-01,0.000000000000000000e+00,0.000000000000000000e+00,0.000000000000000000e+00,0.000000000000000000e+00
3.982715357507918275e-01,4.183407881913827064e-01,0.000000000000000000e+00,0.000000000000000000e+00,0.000000000000000000e+00,4.209628323682739759e-01,0.000000000000000000e+00,5.019521180794372928e-01,0.000000000000000000e+00,0.000000000000000000e+00,0.000000000000000000e+00,0.000000000000000000e+00,0.000000000000000000e+00,0.000000000000000000e+00,0.000000000000000000e+00,4.282591025826317788e-01,0.000000000000000000e+00,4.200275745761419266e-01,0.000000000000000000e+00,3.291830959537960788e-01,4.226529202501879134e-01,3.607079385147323736e-01,3.572096173473672809e-01,4.810240749477264210e-01,4.012720851066983174e-01,4.050422905182243238e-01,3.470637009805239148e-01,4.510049230037003198e-01,4.108943165782368845e-01,0.000000000000000000e+00,4.143838850373235960e-01,4.329579911179011198e-01,4.127019801862190085e-01,4.228609144407807219e-01,4.645002465218314724e-01,5.664225504536648526e-01,0.000000000000000000e+00,0.000000000000000000e+00,4.907417021496092158e-01,4.775249378410859058e-01,4.995495973573226833e-01,4.838674126662527164e-01,4.642045598331386858e-01,0.000000000000000000e+00,0.000000000000000000e+00,0.000000000000000000e+00,5.070777603436484871e-01,0.000000000000000000e+00,0.000000000000000000e+00,0.000000000000000000e+00,5.318399223646270713e-01,0.000000000000000000e+00,0.000000000000000000e+00,0.000000000000000000e+00,0.000000000000000000e+00,0.000000000000000000e+00,0.000000000000000000e+00,4.393962699211396150e-01,0.000000000000000000e+00,5.445823585617101115e-01,4.404122222326206093e-01,0.000000000000000000e+00,0.000000000000000000e+00,0.000000000000000000e+00,5.127750852602394049e-01,5.097859019911361589e-01,5.364023401603220664e-01,5.262427350320774133e-01,0.000000000000000000e+00,4.058819058720621875e-01,5.460522202740730746e-01,5.148081646795454880e-01,5.787270375966677705e-01,5.398060416913227355e-01,0.000000000000000000e+00,5.624179843324140782e-01
4.262437928093151251e-01,4.087018124580046874e-01,0.000000000000000000e+00,0.000000000000000000e+00,4.848936963067725925e-01,4.549465872138824252e-01,4.746050643101610844e-01,4.596004660233337091e-01,4.245918108960912152e-01,3.858451879081037927e-01,0.000000000000000000e+00,0.000000000000000000e+00,4.769093020073688072e-01,0.000000000000000000e+00,4.282591025826317788e-01,0.000000000000000000e+00,3.745563311396601924e-01,3.494240575251589820e-01,0.000000000000000000e+00,4.230675489763626729e-01,4.231983839132749114e-01,4.105522525384222021e-01,4.427290203404328772e-01,3.866112827015640852e-01,3.906889758454281103e-01,4.109348734280053872e-01,4.414296572943682828e-01,4.505056526335585732e-01,4.553125909902814850e-01,4.526136190826959838e-01,3.780751816642796137e-01,4.378216351997982758e-01,4.052361441963944766e-01,3.908353054339442911e-01,4.241230424103374919e-01,0.000000000000000000e+00,0.000000000000000000e+00,0.000000000000000000e+00,4.506755699335898147e-01,4.169150580918580817e-01,4.619316473272430112e-01,4.686235460793344854e-01,0.000000000000000000e+00,0.000000000000000000e+00,0.000000000000000000e+00,4.661673842357973996e-01,4.827196141363355730e-01,0.000000000000000000e+00,0.000000000000000000e+00,0.000000000000000000e+00,0.000000000000000000e+00,0.000000000000000000e+00,0.000000000000000000e+00,0.000000000000000000e+00,0.000000000000000000e+00,0.000000000000000000e+00,0.000000000000000000e+00,0.000000000000000000e+00,0.000000000000000000e+00,4.802922798756100731e-01,4.637254000955537969e-01,0.000000000000000000e+00,4.504570705429755129e-01,0.000000000000000000e+00,5.229223255258729219e-01,5.073241337726568378e-01,4.767376293717777158e-01,4.121218630214448786e-01,0.000000000000000000e+00,4.528114146279691998e-01,5.008101571822485276e-01,4.874388475387873010e-01,0.000000000000000000e+00,4.839599117105329862e-01,0.000000000000000000e+00,4.316753665914729865e-01
0.000000000000000000e+00,0.000000000000000000e+00,0.000000000000000000e+00,0.000000000000000000e+00,0.000000000000000000e+00,3.417821027666014810e-01,4.609895622863772746e-01,0.000000000000000000e+00,0.000000000000000000e+00,3.260929659367173827e-01,4.463281422115629726e-01,3.643862717125178063e-01,4.705245958769673775e-01,0.000000000000000000e+00,0.000000000000000000e+00,3.745563311396601924e-01,0.000000000000000000e+00,3.338643368088266006e-01,0.000000000000000000e+00,3.394454711625958243e-01,0.000000000000000000e+00,3.705414400223164262e-01,0.000000000000000000e+00,4.034776722306063212e-01,3.453193574938426269e-01,3.809569446643051860e-01,0.000000000000000000e+00,4.470887690042971152e-01,3.575652915795642928e-01,0.000000000000000000e+00,3.579565589500082745e-01,4.085787262141502008e-01,3.852527940527741834e-01,3.537951306556905151e-01,3.494734191191288253e-01,0.000000000000000000e+00,0.000000000000000000e+00,3.623349200460966868e-01,0.000000000000000000e+00,3.597091581393692117e-01,0.000000000000000000e+00,0.000000000000000000e+00,0.000000000000000000e+00,0.000000000000000000e+00,0.000000000000000000e+00,0.000000000000000000e+00,0.000000000000000000e+00,0.000000000000000000e+00,0.000000000000000000e+00,0.000000000000000000e+00,0.000000000000000000e+00,0.000000000000000000e+00,0.000000000000000000e+00,0.000000000000000000e+00,4.825718197467830928e-01,0.000000000000000000e+00,5.059559729132313555e-01,0.000000000000000000e+00,0.000000000000000000e+00,0.000000000000000000e+00,0.000000000000000000e+00,5.293397854423624871e-01,4.767798574111816179e-01,0.000000000000000000e+00,0.000000000000000000e+00,0.000000000000000000e+00,0.000000000000000000e+00,0.000000000000000000e+00,4.879659347818076087e-01,4.812127287226796724e-01,4.869464659154514874e-01,0.000000000000000000e+00,0.000000000000000000e+00,0.000000000000000000e+00,0.000000000000000000e+00,0.000000000000000000e+00
4.219391268608476131e-01,4.141036152330070941e-01,0.000000000000000000e+00,0.000000000000000000e+00,0.000000000000000000e+00,4.534656870231513759e-01,4.782918021638732919e-01,4.878056478552351138e-01,3.525628066783458858e-01,3.686712649359186744e-01,0.000000000000000000e+00,3.381700674474604762e-01,5.049857411231485349e-01,0.000000000000000000e+00,4.200275745761419266e-01,3.494240575251589820e-01,3.338643368088266006e-01,0.000000000000000000e+00,0.000000000000000000e+00,4.132370118425878203e-01,4.350642128433521161e-01,4.182765075956870193e-01,4.396524607476288149e-01,4.009168509780348111e-01,3.702408464992371084e-01,3.831637224873172820e-01,4.452243017186072738e-01,4.512279089658008946e-01,4.534052550326170827e-01,4.533627397338197973e-01,3.729312181483387945e-01,4.288879897430055155e-01,3.922821504433158246e-01,3.758563469412142810e-01,3.810605756449821913e-01,0.000000000000000000e+00,0.000000000000000000e+00,0.000000000000000000e+00,4.375499389720514110e-01,4.028163237036394007e-01,4.471943037257883891e-01,4.648818162430788936e-01,0.000000000000000000e+00,0.000000000000000000e+00,0.000000000000000000e+00,4.730522595312812162e-01,4.792905048278093827e-01,0.000000000000000000e+00,0.000000000000000000e+00,0.000000000000000000e+00,0.000000000000000000e+00,0.000000000000000000e+00,0.000000000000000000e+00,0.000000000000000000e+00,4.323468366210594938e-01,0.000000000000000000e+00,4.490965963260514227e-01,0.000000000000000000e+00,0.000000000000000000e+00,0.000000000000000000e+00,4.570568398581889014e-01,4.339267559278333075e-01,4.407773008734439113e-01,0.000000000000000000e+00,0.000000000000000000e+00,0.000000000000000000e+00,4.716926755500345791e-01,0.000000000000000000e+00,5.020352868401077862e-01,4.536846713322664759e-01,4.687020294568545187e-01,0.000000000000000000e+00,0.000000000000000000e+00,0.000000000000000000e+00,0.000000000000000000e+00,4.396168699544649727e-01
0.000000000000000000e+00,0.000000000000000000e+00,3.327365075383577064e-01,5.102709413083216239e-01,4.228479210834242830e-01,4.463350086641049153e-01,4.462227911240290723e-01,4.691740620991943778e-01,3.258396545105646247e-01,5.574110632332943682e-01,3.298446533146616733e-01,4.191992103878288134e-01,4.823408588355551085e-01,4.104573550330504750e-01,0.000000000000000000e+00,0.000000000000000000e+00,0.000000000000000000e+00,0.000000000000000000e+00,0.000000000000000000e+00,0.000000000000000000e+00,0.000000000000000000e+00,0.000000000000000000e+00,3.736521042825031169e-01,0.000000000000000000e+00,0.000000000000000000e+00,0.000000000000000000e+00,3.767702916024707194e-01,4.787531434929657159e-01,0.000000000000000000e+00,0.000000000000000000e+00,5.227401485989890961e-01,4.620332008194460993e-01,0.000000000000000000e+00,5.323217953605492436e-01,5.152884326203847065e-01,4.268105920245590101e-01,5.091899996341083812e-01,4.682263917373825080e-01,5.877416258804961657e-01,0.000000000000000000e+00,0.000000000000000000e+00,0.000000000000000000e+00,5.333554378587390676e-01,0.000000000000000000e+00,0.000000000000000000e+00,0.000000000000000000e+00,0.000000000000000000e+00,5.721971836506120068e-01,0.000000000000000000e+00,6.004263562588326719e-01,6.495956118850008121e-01,6.283251348798558622e-01,5.760607215369130119e-01,6.441428662158730223e-01,0.000000000000000000e+00,5.133178620590588270e-01,0.000000000000000000e+00,4.975538289656610824e-01,6.370084064916540223e-01,0.000000000000000000e+00,0.000000000000000000e+00,0.000000000000000000e+00,0.000000000000000000e+00,6.180450702410121844e-01,0.000000000000000000e+00,0.000000000000000000e+00,0.000000000000000000e+00,6.099059447220667174e-01,0.000000000000000000e+00,0.000000000000000000e+00,0.000000000000000000e+00,6.451530312327811156e-01,0.000000000000000000e+00,0.000000000000000000e+00,0.000000000000000000e+00,0.000000000000000000e+00
4.624886627301402209e-01,4.293610852101346076e-01,0.000000000000000000e+00,5.375955229306875749e-01,0.000000000000000000e+00,4.259108373637353062e-01,4.555249842320094888e-01,3.831716035049043123e-01,4.437645211651906063e-01,3.105728145543525942e-01,0.000000000000000000e+00,0.000000000000000000e+00,4.524299315376891228e-01,0.000000000000000000e+00,3.291830959537960788e-01,4.230675489763626729e-01,3.394454711625958243e-01,4.132370118425878203e-01,0.000000000000000000e+00,0.000000000000000000e+00,4.315942490504096063e-01,3.652423149152704829e-01,3.053536510526547731e-01,0.000000000000000000e+00,4.069788772277522226e-01,4.119539316134419038e-01,3.525345730977267888e-01,3.872959040238238004e-01,3.459838146145485238e-01,3.461806268595841729e-01,3.804377461930247839e-01,4.298388266369478905e-01,3.887094647909594136e-01,3.997419332314314233e-01,4.450814199881341082e-01,5.136915495120404351e-01,4.802672454916073752e-01,0.000000000000000000e+00,4.539629878372674066e-01,3.994166547225628805e-01,5.129580580164846415e-01,4.774041400327226903e-01,4.290726952199389044e-01,0.000000000000000000e+00,0.000000000000000000e+00,0.000000000000000000e+00,5.366223057268508789e-01,0.000000000000000000e+00,0.000000000000000000e+00,0.000000000000000000e+00,5.188938054631181407e-01,0.000000000000000000e+00,5.657764032051608716e-01,0.000000000000000000e+00,0.000000000000000000e+00,0.000000000000000000e+00,0.000000000000000000e+00,4.311560096633342276e-01,0.000000000000000000e+00,5.271281790482034157e-01,3.589715538503880921e-01,0.000000000000000000e+00,0.000000000000000000e+00,0.000000000000000000e+00,5.196316536935895458e-01,5.272812479165012167e-01,4.887499207268891088e-01,5.396589762190273643e-01,0.000000000000000000e+00,3.094591261204763244e-01,5.281422901649317492e-01,5.353614586470372139e-01,5.288682604061529791e-01,5.254368144484381498e-01,4.450215946407368728e-01,5.474246061818476283e-01
3.956785117391344864e-01,4.260010290759356777e-01,0.000000000000000000e+00,0.000000000000000000e+00,0.000000000000000000e+00,4.144746328623544196e-01,0.000000000000000000e+00,4.736977495177558950e-01,0.000000000000000000e+00,0.000000000000000000e+00,0.000000000000000000e+00,4.467642974006186818e-01,4.342651976941563907e-01,4.990308490608202918e-01,4.226529202501879134e-01,4.231983839132749114e-01,0.000000000000000000e+00,4.350642128433521161e-01,0.000000000000000000e+00,4.315942490504096063e-01,0.000000000000000000e+00,4.611523451466568169e-01,4.087075684999347813e-01,4.778511255314696893e-01,4.167150378533712729e-01,4.150822396736771891e-01,4.389978774548241036e-01,4.643603805831431064e-01,4.303569915598233209e-01,0.000000000000000000e+00,4.078944794612850977e-01,4.360606437624833243e-01,4.309295999843040237e-01,4.135871519207338087e-01,4.870693948891327008e-01,0.000000000000000000e+00,0.000000000000000000e+00,0.000000000000000000e+00,4.850146478749933765e-01,5.081866118130649035e-01,5.034227666505234344e-01,0.000000000000000000e+00,0.000000000000000000e+00,0.000000000000000000e+00,0.000000000000000000e+00,3.550416772486434946e-01,5.106954483183809845e-01,0.000000000000000000e+00,0.000000000000000000e+00,0.000000000000000000e+00,5.005694248073150332e-01,0.000000000000000000e+00,5.403978110290393877e-01,0.000000000000000000e+00,0.000000000000000000e+00,0.000000000000000000e+00,0.000000000000000000e+00,4.508372315849946133e-01,0.000000000000000000e+00,4.993033838802877766e-01,5.028508771865959348e-01,0.000000000000000000e+00,0.000000000000000000e+00,0.000000000000000000e+00,4.965151803297431776e-01,4.495654300682965787e-01,5.281154269690878644e-01,5.185334431504277086e-01,0.000000000000000000e+00,4.415956373551501724e-01,5.158538134939660846e-01,5.122593548601810376e-01,5.001534118090271708e-01,5.051884905097951961e-01,0.000000000000000000e+00,5.265617982784004392e-01
