0.000000000000000000e+00,3.893598937027015761e-01,0.000000000000000000e+00,0.000000000000000000e+00,0.000000000000000000e+00,3.507289007011480941e-01,0.000000000000000000e+00,5.038585437880385154e-01,0.000000000000000000e+00,3.775408947926646164e-01,0.000000000000000000e+00,3.742846687187326160e-01,3.413409327199390941e-01,0.000000000000000000e+00,4.085444846817011810e-01,4.031150064907115249e-01,3.530863576265684256e-01,3.534800261132746146e-01,0.000000000000000000e+00,4.187941256564943759e-01,4.498280981134544776e-01,4.009260437805118871e-01,4.476880986455736844e-01,3.952675209366597886e-01,3.539979725042545211e-01,3.577489141710554765e-01,3.987788684038068854e-01,4.180647506213615028e-01,4.353162936316312126e-01,0.000000000000000000e+00,3.593072211772739277e-01,3.975689862818814757e-01,3.202444526914097200e-01,3.693571513124163097e-01,4.280859685290078209e-01,0.000000000000000000e+00,0.000000000000000000e+00,2.508703481513894773e-01,4.179701876361741064e-01,3.685489624624818106e-01,3.859654312154465750e-01,0.000000000000000000e+00,0.000000000000000000e+00,0.000000000000000000e+00,0.000000000000000000e+00,3.650519376813887162e-01,4.160503722290763151e-01,0.000000000000000000e+00,0.000000000000000000e+00,0.000000000000000000e+00,0.000000000000000000e+00,0.000000000000000000e+00,0.000000000000000000e+00,0.000000000000000000e+00,0.000000000000000000e+00,0.000000000000000000e+00,0.000000000000000000e+00,0.000000000000000000e+00,0.000000000000000000e+00,0.000000000000000000e+00,4.135777050553571810e-01,0.000000000000000000e+00,3.727092293205714890e-01,0.000000000000000000e+00,0.000000000000000000e+00,2.930563480173830060e-01,4.176320456347187848e-01,0.000000000000000000e+00,0.000000000000000000e+00,4.025681228413074964e-01,4.277659737024547826e-01,0.000000000000000000e+00,0.000000000000000000e+00,0.000000000000000000e+00,0.000000000000000000e+00,3.197450299770920878e-01
3.893598937027015761e-01,0.000000000000000000e+00,0.000000000000000000e+00,0.000000000000000000e+00,3.385462052130991939e-01,3.817912167297113912e-01,3.648920088221280777e-01,4.248716849669135209e-01,3.680222251603388894e-01,0.000000000000000000e+00,0.000000000000000000e+00,0.000000000000000000e+00,3.935963072212235736e-01,0.000000000000000000e+00,4.085192744011567068e-01,3.911869993249317834e-01,3.235353347382616818e-01,3.684578272967852786e-01,0.000000000000000000e+00,4.195909890458855984e-01,4.115764546989101880e-01,4.093122074946631828e-01,3.988271515849360904e-01,0.000000000000000000e+00,3.625048626769385995e-01,3.765808366961284070e-01,4.133171594061926801e-01,3.826765795746331911e-01,4.077566630791646940e-01,0.000000000000000000e+00,3.661840124146166775e-01,3.997131924213794818e-01,3.420725140037169099e-01,3.716413180423723261e-01,4.367621282766950830e-01,0.000000000000000000e+00,0.000000000000000000e+00,0.000000000000000000e+00,4.239406473833093880e-01,4.010887907965168253e-01,4.230414247078467804e-01,4.676050065278469225e-01,0.000000000000000000e+00,0.000000000000000000e+00,0.000000000000000000e+00,4.442033748485859079e-01,4.384469731008884263e-01,0.000000000000000000e+00,0.000000000000000000e+00,0.000000000000000000e+00,4.102872088695155850e-01,0.000000000000000000e+00,0.000000000000000000e+00,0.000000000000000000e+00,0.000000000000000000e+00,0.000000000000000000e+00,0.000000000000000000e+00,0.000000000000000000e+00,0.000000000000000000e+00,4.530329011379313764e-01,4.286494453638421964e-01,0.000000000000000000e+00,4.035533383458080881e-01,0.000000000000000000e+00,4.399847659203031114e-01,4.541590630129129780e-01,4.567920262118400077e-01,4.003675839469721942e-01,0.000000000000000000e+00,4.117627336295910934e-01,4.647505094537460191e-01,4.554634225353407229e-01,0.000000000000000000e+00,4.306619599270338772e-01,0.000000000000000000e+00,4.166284365189220074e-01
0.000000000000000000e+00,0.000000000000000000e+00,0.000000000000000000e+00,3.434153900843157081e-01,3.872756280022459086e-01,3.776012307000847779e-01,3.800976065805706794e-01,4.110711729275901005e-01,3.625420891285126013e-01,3.219108926964763806e-01,3.394261798481560954e-01,2.893500405934724129e-01,3.896271967163771888e-01,3.860907097382622055e-01,0.000000000000000000e+00,0.000000000000000000e+00,0.000000000000000000e+00,0.000000000000000000e+00,3.002932400346041142e-01,0.000000000000000000e+00,0.000000000000000000e+00,0.000000000000000000e+00,3.150543430532957156e-01,0.000000000000000000e+00,0.000000000000000000e+00,0.000000000000000000e+00,3.558771104622658887e-01,3.979355674605171145e-01,0.000000000000000000e+00,0.000000000000000000e+00,4.102042122422124848e-01,3.617782764708359911e-01,0.000000000000000000e+00,3.980190098129158249e-01,3.749444940947186944e-01,3.577791490599541158e-01,3.231016084538824162e-01,0.000000000000000000e+00,4.140590892676068724e-01,0.000000000000000000e+00,3.746902117361157747e-01,0.000000000000000000e+00,4.472616109728342892e-01,0.000000000000000000e+00,0.000000000000000000e+00,0.000000000000000000e+00,0.000000000000000000e+00,3.501295394624326929e-01,0.000000000000000000e+00,4.802380462233641900e-01,5.026409509981625279e-01,4.661106648625467086e-01,4.035595704163065234e-01,4.420304410323281918e-01,0.000000000000000000e+00,3.606363534157510098e-01,0.000000000000000000e+00,3.860319783816805739e-01,5.198166700495401304e-01,0.000000000000000000e+00,0.000000000000000000e+00,0.000000000000000000e+00,0.000000000000000000e+00,3.142334835964624151e-01,0.000000000000000000e+00,0.000000000000000000e+00,0.000000000000000000e+00,4.550557202990476169e-01,0.000000000000000000e+00,0.000000000000000000e+00,0.000000000000000000e+00,4.662880344683361100e-01,3.353577921344801926e-01,0.000000000000000000e+00,0.000000000000000000e+00,0.000000000000000000e+00
0.000000000000000000e+00,0.000000000000000000e+00,3.434153900843157081e-01,0.000000000000000000e+00,2.997350330336697177e-01,4.026762424459252032e-01,2.178782306674864888e-01,3.813813213101491240e-01,3.821804273791166162e-01,0.000000000000000000e+00,3.575919035625720888e-01,0.000000000000000000e+00,2.615496151663054269e-01,2.935479436349995863e-01,0.000000000000000000e+00,0.000000000000000000e+00,0.000000000000000000e+00,0.000000000000000000e+00,3.550787134413441182e-01,0.000000000000000000e+00,0.000000000000000000e+00,0.000000000000000000e+00,3.981469757155575162e-01,0.000000000000000000e+00,0.000000000000000000e+00,0.000000000000000000e+00,3.786273760742516203e-01,2.558019378990429860e-01,0.000000000000000000e+00,0.000000000000000000e+00,0.000000000000000000e+00,2.790483699587574251e-01,0.000000000000000000e+00,2.561166751592526269e-01,2.515586740477339101e-01,2.128521596198285903e-01,2.091155510143302976e-01,2.696885549445485752e-01,0.000000000000000000e+00,0.000000000000000000e+00,0.000000000000000000e+00,0.000000000000000000e+00,0.000000000000000000e+00,0.000000000000000000e+00,0.000000000000000000e+00,0.000000000000000000e+00,0.000000000000000000e+00,0.000000000000000000e+00,0.000000000000000000e+00,0.000000000000000000e+00,0.000000000000000000e+00,0.000000000000000000e+00,0.000000000000000000e+00,0.000000000000000000e+00,0.000000000000000000e+00,0.000000000000000000e+00,0.000000000000000000e+00,0.000000000000000000e+00,0.000000000000000000e+00,0.000000000000000000e+00,0.000000000000000000e+00,0.000000000000000000e+00,0.000000000000000000e+00,0.000000000000000000e+00,0.000000000000000000e+00,0.000000000000000000e+00,0.000000000000000000e+00,0.000000000000000000e+00,0.000000000000000000e+00,0.000000000000000000e+00,0.000000000000000000e+00,0.000000000000000000e+00,0.000000000000000000e+00,0.000000000000000000e+00,0.000000000000000000e+00,0.000000000000000000e+00
0.000000000000000000e+00,3.385462052130991939e-01,3.872756280022459086e-01,2.997350330336697177e-01,0.000000000000000000e+00,3.768713448578138170e-01,3.243784523330695002e-01,3.420608985753385012e-01,3.674582720942516922e-01,3.835164429408096098e-01,3.463874774038385729e-01,3.976598828646407124e-01,3.685376681825535128e-01,3.032168646514962762e-01,0.000000000000000000e+00,3.645681130122276903e-01,0.000000000000000000e+00,0.000000000000000000e+00,3.755232024919791245e-01,4.061355334499379133e-01,0.000000000000000000e+00,4.145631514322147826e-01,3.817235262074594182e-01,0.000000000000000000e+00,3.529418347305348092e-01,3.941964828431637202e-01,3.875101741780712095e-01,3.410035143386970224e-01,3.867774114688680154e-01,0.000000000000000000e+00,4.264999383207622174e-01,3.270123364419769141e-01,3.406236544741488848e-01,4.190595658884572750e-01,4.214515770419883789e-01,2.312674869753663098e-01,3.038778664747007197e-01,3.644269721735519107e-01,3.660859752965420766e-01,0.000000000000000000e+00,0.000000000000000000e+00,0.000000000000000000e+00,3.212616642307687953e-01,0.000000000000000000e+00,0.000000000000000000e+00,0.000000000000000000e+00,0.000000000000000000e+00,5.024982206425444575e-01,0.000000000000000000e+00,2.965031851179532052e-01,4.351939645595294115e-01,0.000000000000000000e+00,4.460410474693259908e-01,4.733049625685020745e-01,0.000000000000000000e+00,4.162881970347663274e-01,0.000000000000000000e+00,0.000000000000000000e+00,0.000000000000000000e+00,0.000000000000000000e+00,0.000000000000000000e+00,0.000000000000000000e+00,0.000000000000000000e+00,4.996057170037300765e-01,0.000000000000000000e+00,0.000000000000000000e+00,0.000000000000000000e+00,4.313421515550531216e-01,0.000000000000000000e+00,0.000000000000000000e+00,0.000000000000000000e+00,4.840502814284232125e-01,0.000000000000000000e+00,0.000000000000000000e+00,0.000000000000000000e+00,0.000000000000000000e+00
3.507289007011480941e-01,3.817912167297113912e-01,3.776012307000847779e-01,4.026762424459252032e-01,3.768713448578138170e-01,0.000000000000000000e+00,3.669211134289310228e-01,3.556508271317116998e-01,3.344785961529381235e-01,3.322705417409799189e-01,3.703306790075751032e-01,2.594143868838565958e-01,3.520347246140035913e-01,3.911923635213946926e-01,3.576665271403752788e-01,3.952604526722038880e-01,2.485396306486065132e-01,3.470413165654834264e-01,3.921469423869147208e-01,3.793130071462508801e-01,3.421700623712258804e-01,4.013035652307536116e-01,3.485583945321646948e-01,0.000000000000000000e+00,3.616802689175693253e-01,3.981996668537858275e-01,3.588975031881337929e-01,3.579131256449438747e-01,3.370357208305900798e-01,3.730579425331099763e-01,3.934973880167085269e-01,3.751578182047344834e-01,3.497116676063273810e-01,4.064786134888008218e-01,4.125231994710175099e-01,3.576809235686875810e-01,3.828188292414186900e-01,2.612410827398746749e-01,4.563570707791926861e-01,0.000000000000000000e+00,4.758312687011860276e-01,4.024933144754517800e-01,3.503846724806943258e-01,0.000000000000000000e+00,0.000000000000000000e+00,0.000000000000000000e+00,2.343209990501003981e-01,4.916243736131665210e-01,0.000000000000000000e+00,3.770169365756680935e-01,4.505275137639078165e-01,3.765353024850525143e-01,4.100705319201358723e-01,4.783123979562516892e-01,0.000000000000000000e+00,4.278175752582963898e-01,0.000000000000000000e+00,3.919153352863707918e-01,0.000000000000000000e+00,4.368713159891666198e-01,0.000000000000000000e+00,0.000000000000000000e+00,0.000000000000000000e+00,4.948253250004455150e-01,4.934518517373828739e-01,3.706939925513216272e-01,4.138252074866602959e-01,4.515433792006449121e-01,0.000000000000000000e+00,0.000000000000000000e+00,3.743511357513039095e-01,4.463093881624559112e-01,4.673191351796008863e-01,4.337980192925083855e-01,4.433711331674288214e-01,4.604582085800431046e-01
0.000000000000000000e+00,3.648920088221280777e-01,3.800976065805706794e-01,2.178782306674864888e-01,3.243784523330695002e-01,3.669211134289310228e-01,0.000000000000000000e+00,3.913897095293054074e-01,3.803650800319806069e-01,3.874072552456611085e-01,4.037016634930208903e-01,4.008773683971854074e-01,3.137749233877156207e-01,3.002397923055432072e-01,0.000000000000000000e+00,3.961235571414917778e-01,3.729523222964957752e-01,3.867675463709868144e-01,4.018129099602025245e-01,3.865309930189090859e-01,0.000000000000000000e+00,4.210667898457403080e-01,3.791924197326557167e-01,4.097951200362670021e-01,3.781509945155673846e-01,4.122057102828066144e-01,3.818174468010108180e-01,3.088973784687770174e-01,3.801251194655860810e-01,0.000000000000000000e+00,3.929788134451445147e-01,3.634440656433112204e-01,4.080951338987546251e-01,3.916439380669254899e-01,4.203083128096716248e-01,2.534016718842579952e-01,2.562324732875436162e-01,3.748012784946582743e-01,3.070739011330386181e-01,0.000000000000000000e+00,3.292033268800240164e-01,0.000000000000000000e+00,3.135575398822380011e-01,0.000000000000000000e+00,0.000000000000000000e+00,0.000000000000000000e+00,0.000000000000000000e+00,4.007669093725608755e-01,0.000000000000000000e+00,0.000000000000000000e+00,4.265620217811110226e-01,0.000000000000000000e+00,3.436036652796410906e-01,4.063500376952262072e-01,0.000000000000000000e+00,3.444627722764275757e-01,0.000000000000000000e+00,0.000000000000000000e+00,0.000000000000000000e+00,0.000000000000000000e+00,0.000000000000000000e+00,0.000000000000000000e+00,0.000000000000000000e+00,3.757418936219336092e-01,0.000000000000000000e+00,0.000000000000000000e+00,0.000000000000000000e+00,4.630655662971731035e-01,0.000000000000000000e+00,0.000000000000000000e+00,0.000000000000000000e+00,4.665988461507253882e-01,0.000000000000000000e+00,0.000000000000000000e+00,0.000000000000000000e+00,0.000000000000000000e+00
5.038585437880385154e-01,4.248716849669135209e-01,4.110711729275901005e-01,3.813813213101491240e-01,3.420608985753385012e-01,3.556508271317116998e-01,3.913897095293054074e-01,0.000000000000000000e+00,4.447192779579928201e-01,4.010853830809109066e-01,3.215438297801105905e-01,4.256307892797945858e-01,4.019380445150977921e-01,3.696981480021879762e-01,0.000000000000000000e+00,4.271685866020832889e-01,0.000000000000000000e+00,4.626778444370874266e-01,3.996548720655132003e-01,3.461552874525722912e-01,4.171526840679715131e-01,3.787806126050469180e-01,3.414975958612920248e-01,5.120356311978693231e-01,4.616705375679442946e-01,4.598939305203850192e-01,3.866772086473044823e-01,4.004340051655561061e-01,3.742456301486726256e-01,3.861800583432508094e-01,4.329695644922970099e-01,3.692257239291028004e-01,4.351495800432860772e-01,4.318881657723088741e-01,4.315101462106035179e-01,2.908008687804017889e-01,3.635894805910804273e-01,0.000000000000000000e+00,4.314702377998896887e-01,0.000000000000000000e+00,4.819468151568104819e-01,0.000000000000000000e+00,3.474762674195704948e-01,0.000000000000000000e+00,0.000000000000000000e+00,0.000000000000000000e+00,0.000000000000000000e+00,4.924207777217727844e-01,0.000000000000000000e+00,4.200620698975285894e-01,4.326181255306105200e-01,3.899084653682399759e-01,3.072934618954304975e-01,4.928362320998103119e-01,0.000000000000000000e+00,4.393798100970199849e-01,0.000000000000000000e+00,4.270593246991836178e-01,3.810564959459548096e-01,4.638039830137691832e-01,0.000000000000000000e+00,0.000000000000000000e+00,0.000000000000000000e+00,4.935908079102707124e-01,4.714876757577297073e-01,4.135493986874919092e-01,0.000000000000000000e+00,4.198502110566634804e-01,0.000000000000000000e+00,0.000000000000000000e+00,0.000000000000000000e+00,4.248347559834130260e-01,4.632751994015176789e-01,4.295830422166468932e-01,0.000000000000000000e+00,4.410346033775187080e-01
0.000000000000000000e+00,3.680222251603388894e-01,3.625420891285126013e-01,3.821804273791166162e-01,3.674582720942516922e-01,3.344785961529381235e-01,3.803650800319806069e-01,4.447192779579928201e-01,0.000000000000000000e+00,4.134436446184229230e-01,3.581479437630754048e-01,3.597981986556696987e-01,3.822896610135579909e-01,3.867017985117371937e-01,0.000000000000000000e+00,3.113430147432865169e-01,0.000000000000000000e+00,2.432328885564987997e-01,3.181624691187515119e-01,3.812376574692675768e-01,0.000000000000000000e+00,3.693771545341199003e-01,3.997924610312841853e-01,2.959413070327959749e-01,2.411966598932344108e-01,3.008362230741509769e-01,3.764935120367360888e-01,4.217414704766964118e-01,3.577685723256778805e-01,3.467702978749168108e-01,4.432196527187485802e-01,4.095457843606226112e-01,3.408147617715174826e-01,4.407563262098814216e-01,4.217324815122781012e-01,3.807810509098885077e-01,4.204981341026913233e-01,3.932446145210887756e-01,3.823672366683473767e-01,0.000000000000000000e+00,2.599905570489107198e-01,0.000000000000000000e+00,0.000000000000000000e+00,0.000000000000000000e+00,0.000000000000000000e+00,0.000000000000000000e+00,0.000000000000000000e+00,5.288114826016518943e-01,0.000000000000000000e+00,4.016039904819939110e-01,5.282942392760514583e-01,4.485390819853373734e-01,4.807559209160072178e-01,5.661443698390498103e-01,0.000000000000000000e+00,4.846563655261317272e-01,0.000000000000000000e+00,3.611581629296488072e-01,0.000000000000000000e+00,0.000000000000000000e+00,0.000000000000000000e+00,0.000000000000000000e+00,0.000000000000000000e+00,5.525396672741903492e-01,0.000000000000000000e+00,0.000000000000000000e+00,0.000000000000000000e+00,5.112364999218932393e-01,0.000000000000000000e+00,0.000000000000000000e+00,0.000000000000000000e+00,5.068766306932439569e-01,3.574656732477745069e-01,0.000000000000000000e+00,0.000000000000000000e+00,0.000000000000000000e+00
3.775408947926646164e-01,0.000000000000000000e+00,3.219108926964763806e-01,0.000000000000000000e+00,3.835164429408096098e-01,3.322705417409799189e-01,3.874072552456611085e-01,4.010853830809109066e-01,4.134436446184229230e-01,0.000000000000000000e+00,4.090822042804646008e-01,2.557494912748046745e-01,3.909040309108218203e-01,0.000000000000000000e+00,0.000000000000000000e+00,3.726941595844813770e-01,3.071274737400701005e-01,3.198802771255592758e-01,4.092500309223964239e-01,2.762029445878204093e-01,0.000000000000000000e+00,2.863285382717876137e-01,3.783038259320212204e-01,2.661787811949509752e-01,3.134691956760710108e-01,3.238961405886859879e-01,2.841702714067921853e-01,3.876157635880044250e-01,2.522687130033693936e-01,0.000000000000000000e+00,3.141943836775611953e-01,3.591717567710321912e-01,2.899968331174119784e-01,3.208022590508018967e-01,3.503703314516801726e-01,3.904016110270454032e-01,3.207819043416730853e-01,2.784619536547737195e-01,4.347934021446365205e-01,3.586850225320337149e-01,3.530932083739645733e-01,5.043592299893342457e-01,0.000000000000000000e+00,0.000000000000000000e+00,3.232768498462896822e-01,3.613871713092308147e-01,0.000000000000000000e+00,0.000000000000000000e+00,0.000000000000000000e+00,0.000000000000000000e+00,0.000000000000000000e+00,0.000000000000000000e+00,0.000000000000000000e+00,0.000000000000000000e+00,3.713435938448146900e-01,0.000000000000000000e+00,3.819484688257270832e-01,0.000000000000000000e+00,0.000000000000000000e+00,0.000000000000000000e+00,0.000000000000000000e+00,3.979512554082316744e-01,3.742182983497864268e-01,0.000000000000000000e+00,0.000000000000000000e+00,0.000000000000000000e+00,0.000000000000000000e+00,0.000000000000000000e+00,3.711253909028808251e-01,3.959678423308630180e-01,3.896559485139566847e-01,0.000000000000000000e+00,0.000000000000000000e+00,0.000000000000000000e+00,0.000000000000000000e+00,3.650685869527960925e-01
0.000000000000000000e+00,0.000000000000000000e+00,3.394261798481560954e-01,3.575919035625720888e-01,3.463874774038385729e-01,3.703306790075751032e-01,4.037016634930208903e-01,3.215438297801105905e-01,3.581479437630754048e-01,4.090822042804646008e-01,0.000000000000000000e+00,3.880352055364866271e-01,4.135506660245069077e-01,2.848368002135345245e-01,0.000000000000000000e+00,0.000000000000000000e+00,3.213226666299021095e-01,0.000000000000000000e+00,2.796933919576015115e-01,0.000000000000000000e+00,0.000000000000000000e+00,0.000000000000000000e+00,3.018463272803280084e-01,3.777744827439614150e-01,0.000000000000000000e+00,2.494454412641791963e-01,3.887433930455767017e-01,4.142098167165900735e-01,0.000000000000000000e+00,0.000000000000000000e+00,4.376786470897047754e-01,3.844359519674713233e-01,3.947516278273628942e-01,4.314042719405554727e-01,3.989213070141010009e-01,3.055136015706383934e-01,4.106916617205965125e-01,3.577383520235085101e-01,3.260927616865406109e-01,0.000000000000000000e+00,0.000000000000000000e+00,0.000000000000000000e+00,3.202868880740851742e-01,0.000000000000000000e+00,0.000000000000000000e+00,0.000000000000000000e+00,0.000000000000000000e+00,4.273224852660924000e-01,0.000000000000000000e+00,3.692816596249934857e-01,4.472241507248084780e-01,3.236205788944905848e-01,3.207377664859206723e-01,4.587961713771194772e-01,0.000000000000000000e+00,2.586833917625048218e-01,0.000000000000000000e+00,3.462307978745668979e-01,4.170363779323574827e-01,0.000000000000000000e+00,0.000000000000000000e+00,0.000000000000000000e+00,0.000000000000000000e+00,2.912163297740421042e-01,0.000000000000000000e+00,0.000000000000000000e+00,0.000000000000000000e+00,4.343497553987684112e-01,0.000000000000000000e+00,0.000000000000000000e+00,0.000000000000000000e+00,4.671264163990517249e-01,2.463462362299493058e-01,0.000000000000000000e+00,0.000000000000000000e+00,0.000000000000000000e+00
3.742846687187326160e-01,0.000000000000000000e+00,2.893500405934724129e-01,0.000000000000000000e+00,3.976598828646407124e-01,2.594143868838565958e-01,4.008773683971854074e-01,4.256307892797945858e-01,3.597981986556696987e-01,2.557494912748046745e-01,3.880352055364866271e-01,0.000000000000000000e+00,3.605406822872955774e-01,0.000000000000000000e+00,0.000000000000000000e+00,0.000000000000000000e+00,3.053804949520793066e-01,3.046135311381009125e-01,3.378944011613865261e-01,0.000000000000000000e+00,4.271744909785513133e-01,0.000000000000000000e+00,4.038551898323667899e-01,2.577357657239838784e-01,3.081267757277800223e-01,2.881735346622424920e-01,3.052664723720707185e-01,3.652096720774484773e-01,0.000000000000000000e+00,0.000000000000000000e+00,3.261454089909692766e-01,3.103932839335289962e-01,2.755877714234609144e-01,2.935280928641874065e-01,3.137919124066048115e-01,3.544572037565937861e-01,3.468500000009667183e-01,2.722686629775334932e-01,4.297225220256571943e-01,3.445335048634490804e-01,3.477987445580106862e-01,0.000000000000000000e+00,0.000000000000000000e+00,0.000000000000000000e+00,3.102196745056268745e-01,0.000000000000000000e+00,0.000000000000000000e+00,0.000000000000000000e+00,0.000000000000000000e+00,0.000000000000000000e+00,0.000000000000000000e+00,0.000000000000000000e+00,0.000000000000000000e+00,0.000000000000000000e+00,3.848602836850559816e-01,0.000000000000000000e+00,3.997218684836260083e-01,0.000000000000000000e+00,0.000000000000000000e+00,0.000000000000000000e+00,0.000000000000000000e+00,3.874159198145514793e-01,3.908229218726531062e-01,0.000000000000000000e+00,0.000000000000000000e+00,0.000000000000000000e+00,0.000000000000000000e+00,0.000000000000000000e+00,3.687887916408411071e-01,4.059473044852809909e-01,3.996136890801418873e-01,0.000000000000000000e+00,3.875014089746153245e-01,0.000000000000000000e+00,0.000000000000000000e+00,3.696433557459553043e-01
3.413409327199390941e-01,3.935963072212235736e-01,3.896271967163771888e-01,2.615496151663054269e-01,3.685376681825535128e-01,3.520347246140035913e-01,3.137749233877156207e-01,4.019380445150977921e-01,3.822896610135579909e-01,3.909040309108218203e-01,4.135506660245069077e-01,3.605406822872955774e-01,0.000000000000000000e+00,2.925535107725126815e-01,4.264776911799670889e-01,4.177264360220265260e-01,3.463951166379297120e-01,3.714696134196291966e-01,4.081456597734611225e-01,3.796925288096478779e-01,3.927231170053279152e-01,4.205002670727380765e-01,3.899595389639375909e-01,3.478287495688717756e-01,3.889848683714838273e-01,3.956678218974887251e-01,3.891740144539260204e-01,3.319024121291425100e-01,3.575235514398693026e-01,3.725288450801210738e-01,3.794295611758414233e-01,3.653416609897539025e-01,3.579783199303416263e-01,3.876513291515694126e-01,4.039977559899671222e-01,2.854384321049858730e-01,2.882067642833839871e-01,3.487493989340424982e-01,4.838908752534039071e-01,3.909263514174706744e-01,2.950466893143942060e-01,3.936895391074686223e-01,3.652949769789000101e-01,0.000000000000000000e+00,0.000000000000000000e+00,0.000000000000000000e+00,0.000000000000000000e+00,3.649547574592754140e-01,0.000000000000000000e+00,0.000000000000000000e+00,4.429747940686966090e-01,3.007932976755344767e-01,4.229471261524915815e-01,0.000000000000000000e+00,0.000000000000000000e+00,3.586133425289579901e-01,4.126285637971006115e-01,0.000000000000000000e+00,0.000000000000000000e+00,3.528680835341662103e-01,0.000000000000000000e+00,0.000000000000000000e+00,0.000000000000000000e+00,0.000000000000000000e+00,4.437576347576617231e-01,0.000000000000000000e+00,2.680830595755119838e-01,4.515499932343863820e-01,0.000000000000000000e+00,3.212128094709816861e-01,2.735885417211730841e-01,4.341382558651277757e-01,0.000000000000000000e+00,4.049500025550096804e-01,0.000000000000000000e+00,0.000000000000000000e+00
0.000000000000000000e+00,0.000000000000000000e+00,3.860907097382622055e-01,2.935479436349995863e-01,3.032168646514962762e-01,3.911923635213946926e-01,3.002397923055432072e-01,3.696981480021879762e-01,3.867017985117371937e-01,0.000000000000000000e+00,2.848368002135345245e-01,0.000000000000000000e+00,2.925535107725126815e-01,0.000000000000000000e+00,0.000000000000000000e+00,0.000000000000000000e+00,0.000000000000000000e+00,0.000000000000000000e+00,3.589461851195990816e-01,0.000000000000000000e+00,4.853271403643342197e-01,0.000000000000000000e+00,3.670982703083909837e-01,0.000000000000000000e+00,0.000000000000000000e+00,0.000000000000000000e+00,3.934196915446848131e-01,2.332357663030721895e-01,0.000000000000000000e+00,0.000000000000000000e+00,0.000000000000000000e+00,2.756442819184647952e-01,0.000000000000000000e+00,3.795183842611408731e-01,0.000000000000000000e+00,2.422660001288453047e-01,1.881314051928023867e-01,0.000000000000000000e+00,0.000000000000000000e+00,0.000000000000000000e+00,0.000000000000000000e+00,0.000000000000000000e+00,3.589401640724709797e-01,0.000000000000000000e+00,0.000000000000000000e+00,0.000000000000000000e+00,0.000000000000000000e+00,5.013275887212736981e-01,0.000000000000000000e+00,0.000000000000000000e+00,0.000000000000000000e+00,0.000000000000000000e+00,0.000000000000000000e+00,4.900474065699120807e-01,0.000000000000000000e+00,4.361480857686858004e-01,0.000000000000000000e+00,0.000000000000000000e+00,0.000000000000000000e+00,0.000000000000000000e+00,0.000000000000000000e+00,0.000000000000000000e+00,0.000000000000000000e+00,0.000000000000000000e+00,0.000000000000000000e+00,0.000000000000000000e+00,0.000000000000000000e+00,4.517591313030082101e-01,0.000000000000000000e+00,0.000000000000000000e+00,0.000000000000000000e+00,4.278471877376500143e-01,0.000000000000000000e+00,0.000000000000000000e+00,0.000000000000000000e+00,0.000000000000000000e+00
4.085444846817011810e-01,4.085192744011567068e-01,0.000000000000000000e+00,0.000000000000000000e+00,0.000000000000000000e+00,3.576665271403752788e-01,0.000000000000000000e+00,0.000000000000000000e+00,0.000000000000000000e+00,0.000000000000000000e+00,0.000000000000000000e+00,0.000000000000000000e+00,4.264776911799670889e-01,0.000000000000000000e+00,0.000000000000000000e+00,4.282563272367472806e-01,0.000000000000000000e+00,4.130478697837807189e-01,0.000000000000000000e+00,3.430605726959026214e-01,3.799459663495163841e-01,3.769277785092637889e-01,3.396839864816614818e-01,4.895934570689873810e-01,4.008525316632428059e-01,3.909108015715611062e-01,3.697212584359557130e-01,4.168946756587609825e-01,3.943625196570145208e-01,0.000000000000000000e+00,4.087699723041751110e-01,4.304509711686119733e-01,3.938697610975088192e-01,4.347596752221872252e-01,4.868221953972273197e-01,0.000000000000000000e+00,0.000000000000000000e+00,0.000000000000000000e+00,4.570862572163161275e-01,4.565153695864976879e-01,4.546225702505444222e-01,5.075071046292287669e-01,0.000000000000000000e+00,0.000000000000000000e+00,0.000000000000000000e+00,0.000000000000000000e+00,4.707752881212545759e-01,0.000000000000000000e+00,0.000000000000000000e+00,0.000000000000000000e+00,4.890813781874661093e-01,0.000000000000000000e+00,0.000000000000000000e+00,0.000000000000000000e+00,0.000000000000000000e+00,0.000000000000000000e+00,0.000000000000000000e+00,0.000000000000000000e+00,0.000000000000000000e+00,4.003120024983400915e-01,3.651474001355725085e-01,0.000000000000000000e+00,0.000000000000000000e+00,0.000000000000000000e+00,3.883570042432771818e-01,4.526286339898766831e-01,4.556102153525625753e-01,4.082738644184317200e-01,0.000000000000000000e+00,3.427606299523219269e-01,4.877222886475608976e-01,4.115062072627915235e-01,4.123298696530707796e-01,4.555133020213288919e-01,0.000000000000000000e+00,4.166875793065760725e-01
4.031150064907115249e-01,3.911869993249317834e-01,0.000000000000000000e+00,0.000000000000000000e+00,3.645681130122276903e-01,3.952604526722038880e-01,3.961235571414917778e-01,4.271685866020832889e-01,3.113430147432865169e-01,3.726941595844813770e-01,0.000000000000000000e+00,0.000000000000000000e+00,4.177264360220265260e-01,0.000000000000000000e+00,4.282563272367472806e-01,0.000000000000000000e+00,3.741737854471436919e-01,3.528433848852430832e-01,0.000000000000000000e+00,4.113224794623862035e-01,4.154932516043592927e-01,3.969399151637240108e-01,4.237312036731897269e-01,3.425826568861327082e-01,3.539648184508970008e-01,4.154446283972206277e-01,4.139813199307765257e-01,3.855889191173776931e-01,4.121297906492453755e-01,0.000000000000000000e+00,3.604882842922395025e-01,4.128158904399871765e-01,3.836397677221731195e-01,3.726100742459165227e-01,4.454169545683919762e-01,0.000000000000000000e+00,0.000000000000000000e+00,0.000000000000000000e+00,4.332667583194340089e-01,3.999531480526756222e-01,4.263927476317377896e-01,4.408116640493600080e-01,0.000000000000000000e+00,0.000000000000000000e+00,0.000000000000000000e+00,4.327089986584354842e-01,4.366494671910778891e-01,0.000000000000000000e+00,0.000000000000000000e+00,0.000000000000000000e+00,0.000000000000000000e+00,0.000000000000000000e+00,0.000000000000000000e+00,0.000000000000000000e+00,0.000000000000000000e+00,0.000000000000000000e+00,0.000000000000000000e+00,0.000000000000000000e+00,0.000000000000000000e+00,4.269803910189970964e-01,4.342653843779881728e-01,0.000000000000000000e+00,3.742213286447103049e-01,0.000000000000000000e+00,4.399079044510729175e-01,4.741892472999347241e-01,4.425474929681760261e-01,2.869326218530299233e-01,0.000000000000000000e+00,4.034630720364114076e-01,4.475678087114844939e-01,3.552675521688323790e-01,0.000000000000000000e+00,4.111282341592232825e-01,0.000000000000000000e+00,4.064145158074087827e-01
3.530863576265684256e-01,3.235353347382616818e-01,0.000000000000000000e+00,0.000000000000000000e+00,0.000000000000000000e+00,2.485396306486065132e-01,3.729523222964957752e-01,0.000000000000000000e+00,0.000000000000000000e+00,3.071274737400701005e-01,3.213226666299021095e-01,3.053804949520793066e-01,3.463951166379297120e-01,0.000000000000000000e+00,0.000000000000000000e+00,3.741737854471436919e-01,0.000000000000000000e+00,3.214305014905355917e-01,0.000000000000000000e+00,3.583630263073372957e-01,0.000000000000000000e+00,4.008820354073969749e-01,0.000000000000000000e+00,3.393648395185173139e-01,3.435272597041463261e-01,3.291053649964749139e-01,0.000000000000000000e+00,3.614883985044312076e-01,3.318439697655701792e-01,0.000000000000000000e+00,3.359172699061863110e-01,3.626789262793567170e-01,3.182934879425203256e-01,3.533354111988709079e-01,3.814906784367196879e-01,0.000000000000000000e+00,0.000000000000000000e+00,2.991721611534797765e-01,0.000000000000000000e+00,3.624125380721626155e-01,0.000000000000000000e+00,0.000000000000000000e+00,0.000000000000000000e+00,0.000000000000000000e+00,0.000000000000000000e+00,0.000000000000000000e+00,0.000000000000000000e+00,0.000000000000000000e+00,0.000000000000000000e+00,0.000000000000000000e+00,0.000000000000000000e+00,0.000000000000000000e+00,0.000000000000000000e+00,0.000000000000000000e+00,3.639356007045705943e-01,0.000000000000000000e+00,3.478769159898588148e-01,0.000000000000000000e+00,0.000000000000000000e+00,0.000000000000000000e+00,0.000000000000000000e+00,3.848399355727871174e-01,3.764203993182901886e-01,0.000000000000000000e+00,0.000000000000000000e+00,0.000000000000000000e+00,0.000000000000000000e+00,0.000000000000000000e+00,3.606330574710404080e-01,4.047627295483293142e-01,4.024089507371190755e-01,0.000000000000000000e+00,0.000000000000000000e+00,0.000000000000000000e+00,0.000000000000000000e+00,0.000000000000000000e+00
3.534800261132746146e-01,3.684578272967852786e-01,0.000000000000000000e+00,0.000000000000000000e+00,0.000000000000000000e+00,3.470413165654834264e-01,3.867675463709868144e-01,4.626778444370874266e-01,2.432328885564987997e-01,3.198802771255592758e-01,0.000000000000000000e+00,3.046135311381009125e-01,3.714696134196291966e-01,0.000000000000000000e+00,4.130478697837807189e-01,3.528433848852430832e-01,3.214305014905355917e-01,0.000000000000000000e+00,0.000000000000000000e+00,4.028313053348590023e-01,4.002358833779829927e-01,3.942027294099464951e-01,3.935542349236220150e-01,3.348489780153415252e-01,3.494911731890171236e-01,3.664971224186389098e-01,3.733874441083984141e-01,3.607906429710517893e-01,4.012770431387385206e-01,4.090185389144002093e-01,3.350992808523932109e-01,3.480220922939420980e-01,3.266962401410640204e-01,3.645661604831316738e-01,4.091377239220417850e-01,0.000000000000000000e+00,0.000000000000000000e+00,0.000000000000000000e+00,4.056086241990720098e-01,3.675596650657730891e-01,3.893917616101119084e-01,4.385729707712082148e-01,0.000000000000000000e+00,0.000000000000000000e+00,0.000000000000000000e+00,3.877812204458396805e-01,4.008916335083572147e-01,0.000000000000000000e+00,0.000000000000000000e+00,0.000000000000000000e+00,0.000000000000000000e+00,0.000000000000000000e+00,0.000000000000000000e+00,0.000000000000000000e+00,3.419342031884808897e-01,0.000000000000000000e+00,3.314210789660884116e-01,0.000000000000000000e+00,0.000000000000000000e+00,0.000000000000000000e+00,3.990648925122983748e-01,3.306374641780198131e-01,3.639490864102569168e-01,0.000000000000000000e+00,0.000000000000000000e+00,0.000000000000000000e+00,4.438892743318427203e-01,0.000000000000000000e+00,3.802535640509461801e-01,3.803234891762056757e-01,3.929397511625772887e-01,0.000000000000000000e+00,0.000000000000000000e+00,0.000000000000000000e+00,0.000000000000000000e+00,3.680898553201357726e-01
0.000000000000000000e+00,0.000000000000000000e+00,3.002932400346041142e-01,3.550787134413441182e-01,3.755232024919791245e-01,3.921469423869147208e-01,4.018129099602025245e-01,3.996548720655132003e-01,3.181624691187515119e-01,4.092500309223964239e-01,2.796933919576015115e-01,3.378944011613865261e-01,4.081456597734611225e-01,3.589461851195990816e-01,0.000000000000000000e+00,0.000000000000000000e+00,0.000000000000000000e+00,0.000000000000000000e+00,0.000000000000000000e+00,0.000000000000000000e+00,0.000000000000000000e+00,0.000000000000000000e+00,2.710560476518765749e-01,0.000000000000000000e+00,0.000000000000000000e+00,0.000000000000000000e+00,4.003008847285308147e-01,4.136554329078946934e-01,0.000000000000000000e+00,0.000000000000000000e+00,4.234269611514728804e-01,3.818767832487517944e-01,0.000000000000000000e+00,4.036693386912539872e-01,4.125726131745011127e-01,3.505539398139810858e-01,3.682402768308140062e-01,3.585487602273357277e-01,0.000000000000000000e+00,0.000000000000000000e+00,0.000000000000000000e+00,0.000000000000000000e+00,4.276561234311693771e-01,0.000000000000000000e+00,0.000000000000000000e+00,0.000000000000000000e+00,0.000000000000000000e+00,4.209918981266302929e-01,0.000000000000000000e+00,4.164931526345519996e-01,5.334044453558990373e-01,4.293219708007874891e-01,4.712507763381720838e-01,5.179479019402509765e-01,0.000000000000000000e+00,4.295588432810897861e-01,0.000000000000000000e+00,3.541864302512318097e-01,4.800969464553415111e-01,0.000000000000000000e+00,0.000000000000000000e+00,0.000000000000000000e+00,0.000000000000000000e+00,3.475409064879678156e-01,0.000000000000000000e+00,0.000000000000000000e+00,0.000000000000000000e+00,4.797012422189261827e-01,0.000000000000000000e+00,0.000000000000000000e+00,0.000000000000000000e+00,4.982181658044885220e-01,0.000000000000000000e+00,0.000000000000000000e+00,0.000000000000000000e+00,0.000000000000000000e+00
4.187941256564943759e-01,4.195909890458855984e-01,0.000000000000000000e+00,0.000000000000000000e+00,4.061355334499379133e-01,3.793130071462508801e-01,3.865309930189090859e-01,3.461552874525722912e-01,3.812376574692675768e-01,2.762029445878204093e-01,0.000000000000000000e+00,0.000000000000000000e+00,3.796925288096478779e-01,0.000000000000000000e+00,3.430605726959026214e-01,4.113224794623862035e-01,3.583630263073372957e-01,4.028313053348590023e-01,0.000000000000000000e+00,0.000000000000000000e+00,3.795386156884307804e-01,3.684894454091596216e-01,2.737765289794361068e-01,0.000000000000000000e+00,3.817980665934431750e-01,3.937854109244527945e-01,3.405677688649075829e-01,3.588944311236766938e-01,3.432918881717558768e-01,3.589095114375077111e-01,3.813401740463346901e-01,4.392423291379726202e-01,4.139550531235213771e-01,4.292314403646322885e-01,4.911100437443107203e-01,5.098817765830031545e-01,4.005795028551342174e-01,0.000000000000000000e+00,4.625919797397057831e-01,4.562665417366609799e-01,4.640522569533976904e-01,4.874258143082351169e-01,4.604041130758518841e-01,0.000000000000000000e+00,0.000000000000000000e+00,0.000000000000000000e+00,4.994279354965123763e-01,0.000000000000000000e+00,0.000000000000000000e+00,0.000000000000000000e+00,4.345741369421610156e-01,0.000000000000000000e+00,0.000000000000000000e+00,0.000000000000000000e+00,0.000000000000000000e+00,0.000000000000000000e+00,0.000000000000000000e+00,3.493793026198500073e-01,0.000000000000000000e+00,4.660048045266823036e-01,2.973986267732107169e-01,0.000000000000000000e+00,0.000000000000000000e+00,0.000000000000000000e+00,4.625184263472628121e-01,4.647401393598779018e-01,4.686301671987554984e-01,4.427040053426137267e-01,0.000000000000000000e+00,2.597768126759821272e-01,4.833546079712903176e-01,4.638246317404994823e-01,4.212433707817236916e-01,4.460347883396472146e-01,3.602733122313950820e-01,4.214652681228979736e-01
4.498280981134544776e-01,4.115764546989101880e-01,0.000000000000000000e+00,0.000000000000000000e+00,0.000000000000000000e+00,3.421700623712258804e-01,0.000000000000000000e+00,4.171526840679715131e-01,0.000000000000000000e+00,0.000000000000000000e+00,0.000000000000000000e+00,4.271744909785513133e-01,3.927231170053279152e-01,4.853271403643342197e-01,3.799459663495163841e-01,4.154932516043592927e-01,0.000000000000000000e+00,4.002358833779829927e-01,0.000000000000000000e+00,3.795386156884307804e-01,0.000000000000000000e+00,4.315479714280284207e-01,3.682037522522664807e-01,5.145794172393517441e-01,4.065252923935980811e-01,4.136392462551822802e-01,3.802991259801231094e-01,4.215430994911736895e-01,3.945172774866717025e-01,0.000000000000000000e+00,4.091550655203256004e-01,4.346315202511166764e-01,3.892437137874015241e-01,4.231609035902212934e-01,5.189248105950773349e-01,0.000000000000000000e+00,0.000000000000000000e+00,0.000000000000000000e+00,4.398049544368691222e-01,3.761626008434205137e-01,3.843203163105414211e-01,4.539928327108337935e-01,0.000000000000000000e+00,0.000000000000000000e+00,0.000000000000000000e+00,4.006433863315778110e-01,4.615797993787749132e-01,0.000000000000000000e+00,0.000000000000000000e+00,0.000000000000000000e+00,4.537515565199787826e-01,0.000000000000000000e+00,2.923893597483308016e-01,0.000000000000000000e+00,0.000000000000000000e+00,0.000000000000000000e+00,0.000000000000000000e+00,3.484097970834171276e-01,0.000000000000000000e+00,4.387809518304622847e-01,3.906578310651360186e-01,0.000000000000000000e+00,0.000000000000000000e+00,0.000000000000000000e+00,4.300242604920395117e-01,3.529093915516964275e-01,4.519030181499064103e-01,4.127374301326812156e-01,0.000000000000000000e+00,3.655516309983645740e-01,4.752891590666646904e-01,4.292824734379723783e-01,4.502189311784919878e-01,4.366355738863064162e-01,0.000000000000000000e+00,3.849699740500031053e-01
