0.000000000000000000e+00,4.152646616083993103e-01,0.000000000000000000e+00,0.000000000000000000e+00,0.000000000000000000e+00,4.413877089721912061e-01,0.000000000000000000e+00,5.345806359062968971e-01,0.000000000000000000e+00,4.366575619547066189e-01,0.000000000000000000e+00,4.200713162384636101e-01,3.423306490167081217e-01,0.000000000000000000e+00,4.291412939144765848e-01,4.127298120087630195e-01,3.859810300783597103e-01,3.792207194172448892e-01,0.000000000000000000e+00,4.657502405404113088e-01,4.425744412195338207e-01,4.204187593947317225e-01,5.075388815673508303e-01,4.266596043973326924e-01,4.008991399254203114e-01,3.988721477752564248e-01,4.606919977294203217e-01,4.016681911843039132e-01,4.409124585775868743e-01,0.000000000000000000e+00,3.738416711217629751e-01,4.117204315991100927e-01,3.270201914233263896e-01,3.687339989934643181e-01,4.254086990599950102e-01,0.000000000000000000e+00,0.000000000000000000e+00,4.083561015912083869e-01,4.487670687095317024e-01,4.337306540627128837e-01,4.593393946905440228e-01,0.000000000000000000e+00,0.000000000000000000e+00,0.000000000000000000e+00,0.000000000000000000e+00,4.018179131116966230e-01,4.760164225318305187e-01,0.000000000000000000e+00,0.000000000000000000e+00,0.000000000000000000e+00,0.000000000000000000e+00,0.000000000000000000e+00,0.000000000000000000e+00,0.000000000000000000e+00,4.681393786382779809e-01,0.000000000000000000e+00,0.000000000000000000e+00,0.000000000000000000e+00,0.000000000000000000e+00,0.000000000000000000e+00,4.717759666385288875e-01,0.000000000000000000e+00,4.400591972437934984e-01,0.000000000000000000e+00,0.000000000000000000e+00,2.529185645187532194e-01,4.593149665112111757e-01,0.000000000000000000e+00,0.000000000000000000e+00,4.480366586670992968e-01,4.758065444455623072e-01,0.000000000000000000e+00,0.000000000000000000e+00,0.000000000000000000e+00,0.000000000000000000e+00,4.378647240657678741e-01
4.152646616083993103e-01,0.000000000000000000e+00,0.000000000000000000e+00,0.000000000000000000e+00,0.000000000000000000e+00,4.239311168489696136e-01,4.536065275242937012e-01,4.493382685070506088e-01,3.890085027241840798e-01,0.000000000000000000e+00,0.000000000000000000e+00,0.000000000000000000e+00,4.496725843126919142e-01,0.000000000000000000e+00,4.454369847479701106e-01,4.463033406221281751e-01,4.066774678934382825e-01,4.386222867146424842e-01,0.000000000000000000e+00,4.420583027740703219e-01,4.413811349496518099e-01,4.296800269275283246e-01,4.252274986154925829e-01,0.000000000000000000e+00,4.196500216809826989e-01,4.317502700204305932e-01,4.250934232079419117e-01,4.397685099276444909e-01,4.425609733703582127e-01,0.000000000000000000e+00,3.916151111163296838e-01,4.318126516867130116e-01,3.856951336415673781e-01,3.970220127287414913e-01,4.541849098118849737e-01,0.000000000000000000e+00,0.000000000000000000e+00,0.000000000000000000e+00,4.554748238381752246e-01,4.589611275324826933e-01,4.601416022180330190e-01,4.878083573520626270e-01,0.000000000000000000e+00,0.000000000000000000e+00,0.000000000000000000e+00,4.714415752910215973e-01,4.744996336938616111e-01,0.000000000000000000e+00,0.000000000000000000e+00,0.000000000000000000e+00,3.332560858742428245e-01,0.000000000000000000e+00,0.000000000000000000e+00,0.000000000000000000e+00,0.000000000000000000e+00,0.000000000000000000e+00,0.000000000000000000e+00,0.000000000000000000e+00,0.000000000000000000e+00,5.022694230018561745e-01,4.726339454006027729e-01,0.000000000000000000e+00,4.408380999416379176e-01,0.000000000000000000e+00,4.418984640817680831e-01,4.828177072214244192e-01,4.764270991469927163e-01,4.346869841517259081e-01,0.000000000000000000e+00,4.472970664367513227e-01,4.973886640608022880e-01,4.132526919358466833e-01,0.000000000000000000e+00,4.319797029219258899e-01,0.000000000000000000e+00,4.425813489116646737e-01
0.000000000000000000e+00,0.000000000000000000e+00,0.000000000000000000e+00,4.007039544093031203e-01,4.115452473682741918e-01,4.460745774300998723e-01,4.492619471631852934e-01,5.243582786148190955e-01,3.401912529064933244e-01,4.068334813632791258e-01,3.601451714730403153e-01,3.251982070372955724e-01,4.597358049511025002e-01,4.861326367399623205e-01,0.000000000000000000e+00,0.000000000000000000e+00,0.000000000000000000e+00,0.000000000000000000e+00,3.582980565958995833e-01,0.000000000000000000e+00,0.000000000000000000e+00,0.000000000000000000e+00,3.513049116768751090e-01,0.000000000000000000e+00,0.000000000000000000e+00,0.000000000000000000e+00,3.710324563552784838e-01,4.721516049909316171e-01,0.000000000000000000e+00,0.000000000000000000e+00,4.935000653552529259e-01,4.465662978080642831e-01,0.000000000000000000e+00,4.873407917424593117e-01,0.000000000000000000e+00,4.704273640677180124e-01,4.343569976260647225e-01,0.000000000000000000e+00,4.976086714135766753e-01,0.000000000000000000e+00,4.424795204029867146e-01,0.000000000000000000e+00,5.304729869277063914e-01,0.000000000000000000e+00,0.000000000000000000e+00,0.000000000000000000e+00,0.000000000000000000e+00,3.870747123420723024e-01,0.000000000000000000e+00,4.725650648714622148e-01,5.946312741881669695e-01,4.993022151129788977e-01,5.974807951702589826e-01,6.055955113694196923e-01,0.000000000000000000e+00,3.884547134766503929e-01,0.000000000000000000e+00,4.973635730116657827e-01,5.168459172596735485e-01,0.000000000000000000e+00,0.000000000000000000e+00,0.000000000000000000e+00,0.000000000000000000e+00,4.916146148061901200e-01,0.000000000000000000e+00,0.000000000000000000e+00,0.000000000000000000e+00,5.734491015071742082e-01,0.000000000000000000e+00,0.000000000000000000e+00,0.000000000000000000e+00,6.183124077412719410e-01,4.120458581189754277e-01,0.000000000000000000e+00,0.000000000000000000e+00,0.000000000000000000e+00
0.000000000000000000e+00,0.000000000000000000e+00,4.007039544093031203e-01,0.000000000000000000e+00,2.449683139423667055e-01,3.925986780713124902e-01,3.155768258021460770e-01,3.450849665712095171e-01,4.260728797374158106e-01,2.700325534416250783e-01,3.927080093123843096e-01,0.000000000000000000e+00,3.360428890015980108e-01,2.492066762045908046e-01,0.000000000000000000e+00,0.000000000000000000e+00,0.000000000000000000e+00,0.000000000000000000e+00,3.809229662831062901e-01,0.000000000000000000e+00,0.000000000000000000e+00,0.000000000000000000e+00,3.955744939126358273e-01,0.000000000000000000e+00,0.000000000000000000e+00,0.000000000000000000e+00,4.280381716211825727e-01,2.610265868623077856e-01,3.690513627556117893e-01,0.000000000000000000e+00,3.462401821028771032e-01,2.963861439643816209e-01,0.000000000000000000e+00,3.167885633262936262e-01,3.263373251409527054e-01,1.929963688010229994e-01,2.062170441331349080e-01,0.000000000000000000e+00,0.000000000000000000e+00,0.000000000000000000e+00,0.000000000000000000e+00,0.000000000000000000e+00,0.000000000000000000e+00,0.000000000000000000e+00,0.000000000000000000e+00,0.000000000000000000e+00,0.000000000000000000e+00,0.000000000000000000e+00,0.000000000000000000e+00,0.000000000000000000e+00,0.000000000000000000e+00,0.000000000000000000e+00,0.000000000000000000e+00,0.000000000000000000e+00,0.000000000000000000e+00,0.000000000000000000e+00,0.000000000000000000e+00,0.000000000000000000e+00,0.000000000000000000e+00,0.000000000000000000e+00,0.000000000000000000e+00,0.000000000000000000e+00,0.000000000000000000e+00,0.000000000000000000e+00,0.000000000000000000e+00,0.000000000000000000e+00,0.000000000000000000e+00,0.000000000000000000e+00,0.000000000000000000e+00,0.000000000000000000e+00,0.000000000000000000e+00,0.000000000000000000e+00,0.000000000000000000e+00,0.000000000000000000e+00,0.000000000000000000e+00,0.000000000000000000e+00
0.000000000000000000e+00,0.000000000000000000e+00,4.115452473682741918e-01,2.449683139423667055e-01,0.000000000000000000e+00,3.732138649757285043e-01,3.433586928987343856e-01,3.784230924190994938e-01,3.456757162947829976e-01,4.396346260394229932e-01,3.565127315957002940e-01,3.790886925362039195e-01,3.625357196492844936e-01,2.830652804124965116e-01,0.000000000000000000e+00,0.000000000000000000e+00,0.000000000000000000e+00,0.000000000000000000e+00,3.964257868283815878e-01,0.000000000000000000e+00,0.000000000000000000e+00,0.000000000000000000e+00,4.074564173042005133e-01,0.000000000000000000e+00,3.915243703661023256e-01,3.911331019023878142e-01,4.038920291597717926e-01,3.788211998495871202e-01,4.317632306065771197e-01,0.000000000000000000e+00,4.526552951048422035e-01,3.252663301452117239e-01,0.000000000000000000e+00,4.507552061682832956e-01,0.000000000000000000e+00,2.257795495117747020e-01,2.486126570866143137e-01,3.579249431344349031e-01,3.667358106980546095e-01,0.000000000000000000e+00,0.000000000000000000e+00,0.000000000000000000e+00,4.153982302849589248e-01,0.000000000000000000e+00,0.000000000000000000e+00,0.000000000000000000e+00,0.000000000000000000e+00,4.803415830447728130e-01,0.000000000000000000e+00,4.121355447677065853e-01,5.071786796721744484e-01,0.000000000000000000e+00,4.467554736742633259e-01,4.516962956203854906e-01,0.000000000000000000e+00,4.566812502317176836e-01,0.000000000000000000e+00,0.000000000000000000e+00,0.000000000000000000e+00,0.000000000000000000e+00,0.000000000000000000e+00,0.000000000000000000e+00,0.000000000000000000e+00,4.322933067659823214e-01,0.000000000000000000e+00,0.000000000000000000e+00,0.000000000000000000e+00,5.511326931787826622e-01,0.000000000000000000e+00,0.000000000000000000e+00,0.000000000000000000e+00,5.058745291432147351e-01,0.000000000000000000e+00,0.000000000000000000e+00,0.000000000000000000e+00,0.000000000000000000e+00
4.413877089721912061e-01,4.239311168489696136e-01,4.460745774300998723e-01,3.925986780713124902e-01,3.732138649757285043e-01,0.000000000000000000e+00,4.210978553395700041e-01,4.336063111959669869e-01,3.803719651134095936e-01,4.583054071794647188e-01,3.872943418682571748e-01,3.652677133985163804e-01,4.030773246675876109e-01,4.396595983424758103e-01,4.275536963809797864e-01,4.272890105369109848e-01,3.082355964002609916e-01,4.474029053400532252e-01,4.016366144705306174e-01,4.404006378641671104e-01,4.323875248123146275e-01,4.568801589577236033e-01,4.422394455559622850e-01,0.000000000000000000e+00,4.070756670578827841e-01,4.214351476228537230e-01,4.152182919737469891e-01,4.250740890597295984e-01,3.669411016331571851e-01,4.181264432929058250e-01,4.452590453255073077e-01,4.139042508723367875e-01,3.874222243158990109e-01,4.435320218542512238e-01,4.465084087772414057e-01,4.352189331378490955e-01,4.341159604125415239e-01,3.851403210594395166e-01,4.932984044295877224e-01,0.000000000000000000e+00,5.142718684562443965e-01,4.924413254465658252e-01,4.870038224629081869e-01,0.000000000000000000e+00,0.000000000000000000e+00,0.000000000000000000e+00,3.227412280701889014e-01,5.689691900152621384e-01,0.000000000000000000e+00,4.244746872328636900e-01,5.215903048480580173e-01,5.081633064305772773e-01,4.899009783360621095e-01,5.649176736244937436e-01,0.000000000000000000e+00,5.083453891670196567e-01,0.000000000000000000e+00,5.120509798617567387e-01,0.000000000000000000e+00,4.600159840629579056e-01,0.000000000000000000e+00,0.000000000000000000e+00,0.000000000000000000e+00,5.373448654956028969e-01,4.379458285571823928e-01,4.367782998851303944e-01,3.842401551577762087e-01,5.246711874237701689e-01,0.000000000000000000e+00,0.000000000000000000e+00,3.671782524560919247e-01,5.198176681552900691e-01,5.044033223391238829e-01,5.034708803983076741e-01,4.595540979421344763e-01,5.057967208128514303e-01
0.000000000000000000e+00,4.536065275242937012e-01,4.492619471631852934e-01,3.155768258021460770e-01,3.433586928987343856e-01,4.210978553395700041e-01,0.000000000000000000e+00,4.460741204589990239e-01,4.097566288158864811e-01,3.896640100166793852e-01,4.372953525594380220e-01,3.615866618940877797e-01,3.510800542645465816e-01,3.273441035322783854e-01,0.000000000000000000e+00,4.640318411093030115e-01,3.863351599612719900e-01,4.200383018125241064e-01,4.436908802307080180e-01,4.437984363774448160e-01,0.000000000000000000e+00,4.766342315759520276e-01,4.435189010330444215e-01,3.620824670972664916e-01,4.221205855342445856e-01,3.894549331826022143e-01,4.448369454315119764e-01,3.578177941102457238e-01,4.366793714574637164e-01,0.000000000000000000e+00,4.094597651431958196e-01,3.801745789253939134e-01,3.844322011553262253e-01,4.059327523860639109e-01,4.315178867521942130e-01,2.789336603889979171e-01,3.129355539965107957e-01,3.634062133980255904e-01,3.567200138158356792e-01,0.000000000000000000e+00,3.794864117616801868e-01,0.000000000000000000e+00,4.059884404407752001e-01,0.000000000000000000e+00,0.000000000000000000e+00,0.000000000000000000e+00,0.000000000000000000e+00,4.588040705249656903e-01,0.000000000000000000e+00,0.000000000000000000e+00,4.513791162416178060e-01,0.000000000000000000e+00,4.539286639101355880e-01,4.288971993399475768e-01,0.000000000000000000e+00,4.119176908212162092e-01,0.000000000000000000e+00,0.000000000000000000e+00,0.000000000000000000e+00,0.000000000000000000e+00,0.000000000000000000e+00,0.000000000000000000e+00,0.000000000000000000e+00,4.290161082211971788e-01,0.000000000000000000e+00,0.000000000000000000e+00,0.000000000000000000e+00,5.108306644058988599e-01,0.000000000000000000e+00,0.000000000000000000e+00,0.000000000000000000e+00,4.633746598655966165e-01,0.000000000000000000e+00,0.000000000000000000e+00,0.000000000000000000e+00,0.000000000000000000e+00
5.345806359062968971e-01,4.493382685070506088e-01,5.243582786148190955e-01,3.450849665712095171e-01,3.784230924190994938e-01,4.336063111959669869e-01,4.460741204589990239e-01,0.000000000000000000e+00,5.208755632804854541e-01,4.681594070334985092e-01,3.240251795860585871e-01,4.611981816778050747e-01,4.570062614747653074e-01,3.538738025128627118e-01,3.140667627043888244e-01,4.564170687388720005e-01,0.000000000000000000e+00,4.459317545695244966e-01,4.388572326270092083e-01,0.000000000000000000e+00,4.119182375159388121e-01,4.606630190921746082e-01,3.923200615965986016e-01,5.546959636403887561e-01,4.790993965648062125e-01,5.189270483921263333e-01,4.763377714877831126e-01,4.466710650239453795e-01,4.333254861523018198e-01,4.102861887856512069e-01,4.523470734903062840e-01,3.879849986540527262e-01,4.134676289694559914e-01,4.618615763228022253e-01,4.502513590703388080e-01,2.516554168442132200e-01,3.729698792294923737e-01,0.000000000000000000e+00,4.558384288056980260e-01,0.000000000000000000e+00,4.865441437754433052e-01,0.000000000000000000e+00,4.198035742845138141e-01,0.000000000000000000e+00,0.000000000000000000e+00,0.000000000000000000e+00,0.000000000000000000e+00,5.634303727605323164e-01,0.000000000000000000e+00,4.852924256337936004e-01,5.080068162650456243e-01,5.019395177489345272e-01,3.581233438882753251e-01,5.668227416197263446e-01,0.000000000000000000e+00,4.858248866986971115e-01,0.000000000000000000e+00,4.763014714447281195e-01,4.355330730606177259e-01,4.341020738420878211e-01,0.000000000000000000e+00,0.000000000000000000e+00,0.000000000000000000e+00,5.474975003862486700e-01,0.000000000000000000e+00,4.644897928165537260e-01,0.000000000000000000e+00,4.996995626384537759e-01,0.000000000000000000e+00,0.000000000000000000e+00,0.000000000000000000e+00,5.210882089399861972e-01,4.736184735227059184e-01,4.435791379333989815e-01,0.000000000000000000e+00,4.765740621747294181e-01
0.000000000000000000e+00,3.890085027241840798e-01,3.401912529064933244e-01,4.260728797374158106e-01,3.456757162947829976e-01,3.803719651134095936e-01,4.097566288158864811e-01,5.208755632804854541e-01,0.000000000000000000e+00,4.568170375477940137e-01,3.503721942166260206e-01,3.899006137808234129e-01,4.191296075024725232e-01,4.484263098544610804e-01,0.000000000000000000e+00,3.836747797880736277e-01,0.000000000000000000e+00,3.167201659968100214e-01,3.166273674531150939e-01,4.266761120653890238e-01,0.000000000000000000e+00,4.515563818943998942e-01,4.513434935899554024e-01,3.780271781054552749e-01,3.828465087310635728e-01,3.773589856990167135e-01,3.893723068613473837e-01,4.496432533609523996e-01,4.140895118279629972e-01,4.252685849575438826e-01,4.721944835668214213e-01,4.269977152987083913e-01,3.884681212612512979e-01,4.677156639019168227e-01,4.307414402730783132e-01,4.456023576806826259e-01,4.320685912358417924e-01,4.026256461918101270e-01,5.085949471172279690e-01,0.000000000000000000e+00,3.446252390709276803e-01,0.000000000000000000e+00,5.040455021723042606e-01,0.000000000000000000e+00,0.000000000000000000e+00,0.000000000000000000e+00,0.000000000000000000e+00,5.862404761242618889e-01,0.000000000000000000e+00,4.573176822388446139e-01,5.628863033261733984e-01,4.516010976745514771e-01,5.583200382448715304e-01,5.316758169748345697e-01,0.000000000000000000e+00,5.525997421314654545e-01,0.000000000000000000e+00,4.453475113855153156e-01,4.944466536096057130e-01,0.000000000000000000e+00,0.000000000000000000e+00,0.000000000000000000e+00,0.000000000000000000e+00,5.472167610987008768e-01,0.000000000000000000e+00,0.000000000000000000e+00,0.000000000000000000e+00,5.677476187703082156e-01,0.000000000000000000e+00,0.000000000000000000e+00,0.000000000000000000e+00,5.733000575413715882e-01,3.753406417324812727e-01,0.000000000000000000e+00,0.000000000000000000e+00,0.000000000000000000e+00
4.366575619547066189e-01,0.000000000000000000e+00,4.068334813632791258e-01,2.700325534416250783e-01,4.396346260394229932e-01,4.583054071794647188e-01,3.896640100166793852e-01,4.681594070334985092e-01,4.568170375477940137e-01,0.000000000000000000e+00,4.521536090664298180e-01,3.085213571075379191e-01,4.212397089963947905e-01,0.000000000000000000e+00,0.000000000000000000e+00,3.619202278970201081e-01,3.570082792863010224e-01,3.580337517913935175e-01,4.225141523109893216e-01,3.374668560070129830e-01,0.000000000000000000e+00,3.430999388718596887e-01,4.911788666452066021e-01,2.845825517226194257e-01,3.874730774571221170e-01,3.984868954674432029e-01,4.207139735042341178e-01,4.067737435818594149e-01,3.615839212114714818e-01,0.000000000000000000e+00,3.553553389833196130e-01,3.378263274918101855e-01,3.512681617882145724e-01,3.509665663698139926e-01,3.929621153881940887e-01,3.412635909460324801e-01,2.839091356385791132e-01,2.923618356068709012e-01,2.586439093486835872e-01,3.118943657227780109e-01,3.777814340397941950e-01,4.941089724453007204e-01,0.000000000000000000e+00,0.000000000000000000e+00,2.986940591473228879e-01,5.069298593801688790e-01,0.000000000000000000e+00,0.000000000000000000e+00,0.000000000000000000e+00,0.000000000000000000e+00,0.000000000000000000e+00,0.000000000000000000e+00,0.000000000000000000e+00,0.000000000000000000e+00,4.484538097542585255e-01,0.000000000000000000e+00,4.551858513763613057e-01,4.281058596259221805e-01,0.000000000000000000e+00,0.000000000000000000e+00,0.000000000000000000e+00,4.521091691673019275e-01,4.277014075187515196e-01,0.000000000000000000e+00,0.000000000000000000e+00,0.000000000000000000e+00,0.000000000000000000e+00,0.000000000000000000e+00,4.319584498033325892e-01,4.767013666405636174e-01,4.865169439558503228e-01,0.000000000000000000e+00,3.894031121651336802e-01,0.000000000000000000e+00,0.000000000000000000e+00,4.330421139410702835e-01
0.000000000000000000e+00,0.000000000000000000e+00,3.601451714730403153e-01,3.927080093123843096e-01,3.565127315957002940e-01,3.872943418682571748e-01,4.372953525594380220e-01,3.240251795860585871e-01,3.503721942166260206e-01,4.521536090664298180e-01,0.000000000000000000e+00,3.923183970942007992e-01,4.422384787411087204e-01,3.140397810711061943e-01,0.000000000000000000e+00,0.000000000000000000e+00,3.930110059573158066e-01,0.000000000000000000e+00,3.083461522112795894e-01,0.000000000000000000e+00,0.000000000000000000e+00,0.000000000000000000e+00,2.845896865949886778e-01,4.011846580819727892e-01,0.000000000000000000e+00,3.431595386266416137e-01,4.345001474296392163e-01,4.444948063644176828e-01,0.000000000000000000e+00,0.000000000000000000e+00,4.686906625975795215e-01,3.816562376602278261e-01,0.000000000000000000e+00,4.684748455877176809e-01,4.348265422888393794e-01,3.387173465921781146e-01,4.261872999679275908e-01,4.164945757826711836e-01,3.837523285906762061e-01,0.000000000000000000e+00,0.000000000000000000e+00,0.000000000000000000e+00,3.882168798051661152e-01,0.000000000000000000e+00,0.000000000000000000e+00,0.000000000000000000e+00,0.000000000000000000e+00,4.740917052214597138e-01,0.000000000000000000e+00,2.392543692702301938e-01,5.286626978384854070e-01,4.125748021967500234e-01,4.349202971190385125e-01,4.520450652709748218e-01,0.000000000000000000e+00,2.622610123306449159e-01,0.000000000000000000e+00,3.753903579186678163e-01,3.819366815591436759e-01,0.000000000000000000e+00,0.000000000000000000e+00,0.000000000000000000e+00,0.000000000000000000e+00,2.390583874522710928e-01,0.000000000000000000e+00,0.000000000000000000e+00,0.000000000000000000e+00,5.318963199340774883e-01,0.000000000000000000e+00,0.000000000000000000e+00,0.000000000000000000e+00,5.474304512972834047e-01,3.272030553708777934e-01,0.000000000000000000e+00,0.000000000000000000e+00,0.000000000000000000e+00
4.200713162384636101e-01,0.000000000000000000e+00,3.251982070372955724e-01,0.000000000000000000e+00,3.790886925362039195e-01,3.652677133985163804e-01,3.615866618940877797e-01,4.611981816778050747e-01,3.899006137808234129e-01,3.085213571075379191e-01,3.923183970942007992e-01,0.000000000000000000e+00,4.012511010512346821e-01,0.000000000000000000e+00,0.000000000000000000e+00,0.000000000000000000e+00,4.137033377759417041e-01,3.922581483718062811e-01,3.189081624535879955e-01,0.000000000000000000e+00,4.476982532031756890e-01,0.000000000000000000e+00,4.324016378429949015e-01,2.888720978783747007e-01,4.193503138497727267e-01,3.260331457826151080e-01,3.382204249795330853e-01,3.915838796853102211e-01,0.000000000000000000e+00,0.000000000000000000e+00,3.309288428587324193e-01,2.944365714687274260e-01,2.628192287742727173e-01,2.659366834166442262e-01,2.431190219529527075e-01,3.094325800400363202e-01,3.152716974853778109e-01,2.208682849786189895e-01,2.859782489497257885e-01,3.688404423561186252e-01,3.894960995937110093e-01,2.447662457060608976e-01,0.000000000000000000e+00,0.000000000000000000e+00,3.217449613194344749e-01,0.000000000000000000e+00,0.000000000000000000e+00,0.000000000000000000e+00,0.000000000000000000e+00,0.000000000000000000e+00,0.000000000000000000e+00,0.000000000000000000e+00,0.000000000000000000e+00,0.000000000000000000e+00,4.540535408358595815e-01,0.000000000000000000e+00,4.572794402647387124e-01,4.139490927412606269e-01,0.000000000000000000e+00,0.000000000000000000e+00,0.000000000000000000e+00,4.465940610185757942e-01,4.373355746455602766e-01,0.000000000000000000e+00,0.000000000000000000e+00,0.000000000000000000e+00,0.000000000000000000e+00,0.000000000000000000e+00,4.277590407093109226e-01,4.810492370093855108e-01,4.808208879695011762e-01,0.000000000000000000e+00,4.593068883270641223e-01,0.000000000000000000e+00,0.000000000000000000e+00,4.468448620053431242e-01
3.423306490167081217e-01,4.496725843126919142e-01,4.597358049511025002e-01,3.360428890015980108e-01,3.625357196492844936e-01,4.030773246675876109e-01,3.510800542645465816e-01,4.570062614747653074e-01,4.191296075024725232e-01,4.212397089963947905e-01,4.422384787411087204e-01,4.012511010512346821e-01,0.000000000000000000e+00,3.913349816107407064e-01,4.535820165781874747e-01,4.746527223951554908e-01,4.243222585682980275e-01,4.479310774246283988e-01,4.442560080005891199e-01,4.415959894850319256e-01,4.459574029846090082e-01,4.776949776531543845e-01,4.508499984760049872e-01,3.892648565916155823e-01,4.384533106933803936e-01,4.381647437501811071e-01,4.483229845194304786e-01,3.721769019740218121e-01,4.210005208121342934e-01,4.220949602875901929e-01,4.097773279432254112e-01,3.960006523744478146e-01,4.323003092496163213e-01,4.280395171920028941e-01,4.399693412912317747e-01,3.391343206482597128e-01,3.539085150680664205e-01,3.944477295204453782e-01,3.616784534297763920e-01,0.000000000000000000e+00,3.407964301988781752e-01,3.231046361517181942e-01,4.240285358600485166e-01,0.000000000000000000e+00,0.000000000000000000e+00,0.000000000000000000e+00,0.000000000000000000e+00,5.075804548667557370e-01,0.000000000000000000e+00,0.000000000000000000e+00,5.100906531388254006e-01,4.009802455357006079e-01,4.701866829712478268e-01,0.000000000000000000e+00,0.000000000000000000e+00,4.414167433726126077e-01,3.805099547301998841e-01,0.000000000000000000e+00,0.000000000000000000e+00,3.718540281250178881e-01,0.000000000000000000e+00,0.000000000000000000e+00,0.000000000000000000e+00,0.000000000000000000e+00,3.710446373044182788e-01,0.000000000000000000e+00,3.138173301773706236e-01,5.294116316662421662e-01,0.000000000000000000e+00,3.035750909143690723e-01,3.440351779715734026e-01,5.273481737665675073e-01,0.000000000000000000e+00,4.362363652845789863e-01,0.000000000000000000e+00,0.000000000000000000e+00
0.000000000000000000e+00,0.000000000000000000e+00,4.861326367399623205e-01,2.492066762045908046e-01,2.830652804124965116e-01,4.396595983424758103e-01,3.273441035322783854e-01,3.538738025128627118e-01,4.484263098544610804e-01,0.000000000000000000e+00,3.140397810711061943e-01,0.000000000000000000e+00,3.913349816107407064e-01,0.000000000000000000e+00,0.000000000000000000e+00,0.000000000000000000e+00,0.000000000000000000e+00,0.000000000000000000e+00,4.149055914646035959e-01,0.000000000000000000e+00,0.000000000000000000e+00,0.000000000000000000e+00,4.095959110079597787e-01,0.000000000000000000e+00,0.000000000000000000e+00,0.000000000000000000e+00,4.744384510208771166e-01,2.650569167566403928e-01,0.000000000000000000e+00,0.000000000000000000e+00,0.000000000000000000e+00,2.347294806904949016e-01,0.000000000000000000e+00,4.069378369438018117e-01,0.000000000000000000e+00,2.078261129065450130e-01,1.631676767660411864e-01,0.000000000000000000e+00,3.719605985642582269e-01,0.000000000000000000e+00,0.000000000000000000e+00,0.000000000000000000e+00,3.866883956068948858e-01,0.000000000000000000e+00,0.000000000000000000e+00,0.000000000000000000e+00,0.000000000000000000e+00,4.500862767585573909e-01,0.000000000000000000e+00,0.000000000000000000e+00,0.000000000000000000e+00,0.000000000000000000e+00,0.000000000000000000e+00,0.000000000000000000e+00,0.000000000000000000e+00,3.758725710846207990e-01,0.000000000000000000e+00,0.000000000000000000e+00,0.000000000000000000e+00,0.000000000000000000e+00,0.000000000000000000e+00,0.000000000000000000e+00,0.000000000000000000e+00,0.000000000000000000e+00,0.000000000000000000e+00,0.000000000000000000e+00,0.000000000000000000e+00,4.756734456873932815e-01,0.000000000000000000e+00,0.000000000000000000e+00,0.000000000000000000e+00,4.877596789383218945e-01,0.000000000000000000e+00,0.000000000000000000e+00,0.000000000000000000e+00,0.000000000000000000e+00
4.291412939144765848e-01,4.454369847479701106e-01,0.000000000000000000e+00,0.000000000000000000e+00,0.000000000000000000e+00,4.275536963809797864e-01,0.000000000000000000e+00,3.140667627043888244e-01,0.000000000000000000e+00,0.000000000000000000e+00,0.000000000000000000e+00,0.000000000000000000e+00,4.535820165781874747e-01,0.000000000000000000e+00,0.000000000000000000e+00,4.360502485739422007e-01,0.000000000000000000e+00,4.236237372854333993e-01,0.000000000000000000e+00,3.262560333706249760e-01,3.741365510586914245e-01,3.555031959914856099e-01,3.655948327935277242e-01,4.483307601404580844e-01,4.098329099679010046e-01,3.810104404462685834e-01,3.883554309864710730e-01,3.913177355739893004e-01,4.023165795422581903e-01,0.000000000000000000e+00,4.064249596689761823e-01,4.241149303238387902e-01,4.074604563862070927e-01,4.376947044194076097e-01,4.760917340620586247e-01,5.181437942789020035e-01,0.000000000000000000e+00,0.000000000000000000e+00,4.693345732595202158e-01,4.653776036173715158e-01,4.883299292940713743e-01,4.952634541944669899e-01,0.000000000000000000e+00,0.000000000000000000e+00,0.000000000000000000e+00,0.000000000000000000e+00,4.959382154735190174e-01,0.000000000000000000e+00,0.000000000000000000e+00,0.000000000000000000e+00,4.459265922625997858e-01,0.000000000000000000e+00,0.000000000000000000e+00,0.000000000000000000e+00,0.000000000000000000e+00,0.000000000000000000e+00,0.000000000000000000e+00,4.040538276447521171e-01,0.000000000000000000e+00,3.988163700348519858e-01,4.664285752658299811e-01,0.000000000000000000e+00,0.000000000000000000e+00,0.000000000000000000e+00,4.627078222812353037e-01,4.610673937393701127e-01,4.966209548580278188e-01,4.940217490205556228e-01,0.000000000000000000e+00,3.535592663882854980e-01,5.240010502248905189e-01,4.805523460845607109e-01,4.509824646522960778e-01,4.723352108529306759e-01,0.000000000000000000e+00,4.401844985708441849e-01
4.127298120087630195e-01,4.463033406221281751e-01,0.000000000000000000e+00,0.000000000000000000e+00,0.000000000000000000e+00,4.272890105369109848e-01,4.640318411093030115e-01,4.564170687388720005e-01,3.836747797880736277e-01,3.619202278970201081e-01,0.000000000000000000e+00,0.000000000000000000e+00,4.746527223951554908e-01,0.000000000000000000e+00,4.360502485739422007e-01,0.000000000000000000e+00,4.278610428235615215e-01,4.083318597139368178e-01,0.000000000000000000e+00,4.386402049404076742e-01,4.245317172582198095e-01,4.037824441911169182e-01,4.315391848059464963e-01,3.637830893536853072e-01,4.257925395818232261e-01,4.462460760391211978e-01,4.168371848397385837e-01,4.789273564070570255e-01,4.561353386886027872e-01,4.508572637075304868e-01,4.024479701418336997e-01,4.404916736806083200e-01,4.005300547657812960e-01,4.002069931200625263e-01,4.605132373901574261e-01,0.000000000000000000e+00,0.000000000000000000e+00,0.000000000000000000e+00,4.363549834545318862e-01,4.334814486365999864e-01,4.426787729191271059e-01,4.902435920899900212e-01,0.000000000000000000e+00,0.000000000000000000e+00,0.000000000000000000e+00,4.695179538580924183e-01,4.660379578574511128e-01,0.000000000000000000e+00,0.000000000000000000e+00,0.000000000000000000e+00,0.000000000000000000e+00,0.000000000000000000e+00,0.000000000000000000e+00,0.000000000000000000e+00,0.000000000000000000e+00,0.000000000000000000e+00,0.000000000000000000e+00,0.000000000000000000e+00,0.000000000000000000e+00,4.855363418187623181e-01,4.578849553121343008e-01,0.000000000000000000e+00,4.217422015025992788e-01,0.000000000000000000e+00,4.150587593137847753e-01,4.265986194941661092e-01,4.700637892066374945e-01,3.651287947338692774e-01,0.000000000000000000e+00,4.366758649171699758e-01,4.802678868581802818e-01,3.783315832300175874e-01,0.000000000000000000e+00,3.845978937190869806e-01,0.000000000000000000e+00,4.212009166899883805e-01
3.859810300783597103e-01,4.066774678934382825e-01,0.000000000000000000e+00,0.000000000000000000e+00,0.000000000000000000e+00,3.082355964002609916e-01,3.863351599612719900e-01,0.000000000000000000e+00,0.000000000000000000e+00,3.570082792863010224e-01,3.930110059573158066e-01,4.137033377759417041e-01,4.243222585682980275e-01,0.000000000000000000e+00,0.000000000000000000e+00,4.278610428235615215e-01,0.000000000000000000e+00,3.669752308726372814e-01,0.000000000000000000e+00,3.903734780646634928e-01,0.000000000000000000e+00,3.905537124637640245e-01,0.000000000000000000e+00,4.194817296167748233e-01,3.812181327616739890e-01,4.188165766017938885e-01,0.000000000000000000e+00,4.219350921495356177e-01,3.770863815375504191e-01,0.000000000000000000e+00,3.821633572043587890e-01,4.143899393494254735e-01,3.560603556190358732e-01,4.072155118768783777e-01,4.261583833890518758e-01,0.000000000000000000e+00,0.000000000000000000e+00,3.604232976392225951e-01,0.000000000000000000e+00,4.285808396800124265e-01,0.000000000000000000e+00,0.000000000000000000e+00,0.000000000000000000e+00,0.000000000000000000e+00,0.000000000000000000e+00,0.000000000000000000e+00,0.000000000000000000e+00,0.000000000000000000e+00,0.000000000000000000e+00,0.000000000000000000e+00,0.000000000000000000e+00,0.000000000000000000e+00,0.000000000000000000e+00,0.000000000000000000e+00,4.728480335331597950e-01,0.000000000000000000e+00,4.724040042330401867e-01,0.000000000000000000e+00,0.000000000000000000e+00,0.000000000000000000e+00,0.000000000000000000e+00,3.999261144804502899e-01,3.938524609170476753e-01,0.000000000000000000e+00,0.000000000000000000e+00,0.000000000000000000e+00,0.000000000000000000e+00,0.000000000000000000e+00,4.710878614407709164e-01,4.457231316004376942e-01,4.721779929813241794e-01,0.000000000000000000e+00,0.000000000000000000e+00,0.000000000000000000e+00,0.000000000000000000e+00,0.000000000000000000e+00
3.792207194172448892e-01,4.386222867146424842e-01,0.000000000000000000e+00,0.000000000000000000e+00,0.000000000000000000e+00,4.474029053400532252e-01,4.200383018125241064e-01,4.459317545695244966e-01,3.167201659968100214e-01,3.580337517913935175e-01,0.000000000000000000e+00,3.922581483718062811e-01,4.479310774246283988e-01,0.000000000000000000e+00,4.236237372854333993e-01,4.083318597139368178e-01,3.669752308726372814e-01,0.000000000000000000e+00,0.000000000000000000e+00,4.611725330828749247e-01,4.045663255032532768e-01,4.393605305034318231e-01,4.355123565006334130e-01,3.701192813806479243e-01,3.927453313082148179e-01,4.177134258453449878e-01,4.235707109168063145e-01,4.472141015757004068e-01,4.637111862292506159e-01,3.529600372115507811e-01,3.929853369936028851e-01,4.316045388148538886e-01,3.711819505202916258e-01,4.171800647025679099e-01,4.549600806147551246e-01,0.000000000000000000e+00,0.000000000000000000e+00,0.000000000000000000e+00,4.436270786645408193e-01,4.087600807048378249e-01,4.190165182376673902e-01,4.460761103496003188e-01,0.000000000000000000e+00,0.000000000000000000e+00,0.000000000000000000e+00,4.289091935266926003e-01,4.546635326104253028e-01,0.000000000000000000e+00,0.000000000000000000e+00,0.000000000000000000e+00,0.000000000000000000e+00,0.000000000000000000e+00,0.000000000000000000e+00,0.000000000000000000e+00,4.232193664888314055e-01,0.000000000000000000e+00,4.471844612557795973e-01,0.000000000000000000e+00,0.000000000000000000e+00,0.000000000000000000e+00,4.333616442144754277e-01,3.840518214963776211e-01,4.040924433377880987e-01,0.000000000000000000e+00,0.000000000000000000e+00,0.000000000000000000e+00,4.460432497394236084e-01,0.000000000000000000e+00,4.352111558046989903e-01,4.171105376203427251e-01,4.435897759276988817e-01,0.000000000000000000e+00,0.000000000000000000e+00,0.000000000000000000e+00,0.000000000000000000e+00,4.113859446242297824e-01
0.000000000000000000e+00,0.000000000000000000e+00,3.582980565958995833e-01,3.809229662831062901e-01,3.964257868283815878e-01,4.016366144705306174e-01,4.436908802307080180e-01,4.388572326270092083e-01,3.166273674531150939e-01,4.225141523109893216e-01,3.083461522112795894e-01,3.189081624535879955e-01,4.442560080005891199e-01,4.149055914646035959e-01,0.000000000000000000e+00,0.000000000000000000e+00,0.000000000000000000e+00,0.000000000000000000e+00,0.000000000000000000e+00,0.000000000000000000e+00,0.000000000000000000e+00,0.000000000000000000e+00,3.137112738472490059e-01,0.000000000000000000e+00,0.000000000000000000e+00,0.000000000000000000e+00,4.237724744972398150e-01,4.485689171765054883e-01,0.000000000000000000e+00,0.000000000000000000e+00,4.628499619819845257e-01,4.167812111931525898e-01,0.000000000000000000e+00,4.630544722228179255e-01,4.072355939344953213e-01,4.248719730276627193e-01,4.168751530585778076e-01,3.781755536225205883e-01,4.325194520367628970e-01,0.000000000000000000e+00,0.000000000000000000e+00,0.000000000000000000e+00,4.595088549266895805e-01,0.000000000000000000e+00,0.000000000000000000e+00,0.000000000000000000e+00,0.000000000000000000e+00,4.456890399696211147e-01,0.000000000000000000e+00,4.517537493952014094e-01,5.544214534512788006e-01,4.791935106602128736e-01,5.659049645278941831e-01,5.683918272938730532e-01,0.000000000000000000e+00,5.142173839125666612e-01,0.000000000000000000e+00,4.334529622746067790e-01,4.901107999114114877e-01,0.000000000000000000e+00,0.000000000000000000e+00,0.000000000000000000e+00,0.000000000000000000e+00,5.379013586919519918e-01,0.000000000000000000e+00,0.000000000000000000e+00,0.000000000000000000e+00,5.733925645936344129e-01,0.000000000000000000e+00,0.000000000000000000e+00,0.000000000000000000e+00,5.878935177467153883e-01,0.000000000000000000e+00,0.000000000000000000e+00,0.000000000000000000e+00,0.000000000000000000e+00
4.657502405404113088e-01,4.420583027740703219e-01,0.000000000000000000e+00,0.000000000000000000e+00,0.000000000000000000e+00,4.404006378641671104e-01,4.437984363774448160e-01,0.000000000000000000e+00,4.266761120653890238e-01,3.374668560070129830e-01,0.000000000000000000e+00,0.000000000000000000e+00,4.415959894850319256e-01,0.000000000000000000e+00,3.262560333706249760e-01,4.386402049404076742e-01,3.903734780646634928e-01,4.611725330828749247e-01,0.000000000000000000e+00,0.000000000000000000e+00,4.060940935601384805e-01,3.729392514012548898e-01,3.059697040832093928e-01,0.000000000000000000e+00,4.354806642350875778e-01,4.439252559311241964e-01,3.401928561212432811e-01,4.112549167248464865e-01,3.732599162428040240e-01,3.889050904473311809e-01,3.840170053581621890e-01,4.358431336627267005e-01,3.987639668820848193e-01,4.270335201944372994e-01,4.762938352702412725e-01,5.104429959163910846e-01,4.512877441375818810e-01,0.000000000000000000e+00,4.612686737164745088e-01,3.819725969813727029e-01,4.838360251626339092e-01,4.548568821610871060e-01,3.755686422280807846e-01,0.000000000000000000e+00,0.000000000000000000e+00,0.000000000000000000e+00,4.185919806036035862e-01,0.000000000000000000e+00,0.000000000000000000e+00,0.000000000000000000e+00,4.549125978596720854e-01,0.000000000000000000e+00,0.000000000000000000e+00,0.000000000000000000e+00,0.000000000000000000e+00,0.000000000000000000e+00,0.000000000000000000e+00,4.048147693782248036e-01,0.000000000000000000e+00,4.863262203776742010e-01,3.478551998629255126e-01,0.000000000000000000e+00,0.000000000000000000e+00,0.000000000000000000e+00,4.681979351038390025e-01,4.366528358127387821e-01,4.741743547946136172e-01,5.085936531036577835e-01,0.000000000000000000e+00,3.060638706963029754e-01,4.813329652367214773e-01,5.011428542704113864e-01,4.956141018998548864e-01,4.913313322742304257e-01,4.111461089358102727e-01,4.600899706345125129e-01
4.425744412195338207e-01,4.413811349496518099e-01,0.000000000000000000e+00,0.000000000000000000e+00,0.000000000000000000e+00,4.323875248123146275e-01,0.000000000000000000e+00,4.119182375159388121e-01,0.000000000000000000e+00,0.000000000000000000e+00,0.000000000000000000e+00,4.476982532031756890e-01,4.459574029846090082e-01,0.000000000000000000e+00,3.741365510586914245e-01,4.245317172582198095e-01,0.000000000000000000e+00,4.045663255032532768e-01,0.000000000000000000e+00,4.060940935601384805e-01,0.000000000000000000e+00,4.479693125051336100e-01,4.273574753482897726e-01,5.112670262178744540e-01,4.366512029762507074e-01,4.196377313407317899e-01,4.327557905068276090e-01,4.660732060663307919e-01,4.492426382457206935e-01,0.000000000000000000e+00,4.010290105912492908e-01,4.262884057818758787e-01,3.727992864355760272e-01,4.173148395197434080e-01,4.605486227913396236e-01,0.000000000000000000e+00,0.000000000000000000e+00,0.000000000000000000e+00,4.588598896201053212e-01,4.710512587926488082e-01,4.843322056820382193e-01,5.217172023273621839e-01,0.000000000000000000e+00,0.000000000000000000e+00,0.000000000000000000e+00,3.765897483621217789e-01,4.970844287452014787e-01,0.000000000000000000e+00,0.000000000000000000e+00,0.000000000000000000e+00,4.462755258922441182e-01,0.000000000000000000e+00,3.397376946213310767e-01,0.000000000000000000e+00,0.000000000000000000e+00,0.000000000000000000e+00,0.000000000000000000e+00,4.352586181975092727e-01,0.000000000000000000e+00,4.687021343127427131e-01,4.844696199936083802e-01,0.000000000000000000e+00,0.000000000000000000e+00,0.000000000000000000e+00,4.453414246481868788e-01,3.865313376025035219e-01,4.914114864807733740e-01,4.635886133327223879e-01,0.000000000000000000e+00,3.976944562022112772e-01,5.255216208917805609e-01,4.848299416467735101e-01,4.825849483147834906e-01,4.755667617247086865e-01,0.000000000000000000e+00,4.318964633653655238e-01
