0.000000000000000000e+00,4.846323625517898193e-01,0.000000000000000000e+00,0.000000000000000000e+00,0.000000000000000000e+00,3.843542955068343092e-01,0.000000000000000000e+00,5.851675423959254996e-01,0.000000000000000000e+00,3.591188532646488740e-01,0.000000000000000000e+00,0.000000000000000000e+00,3.797454271637484835e-01,0.000000000000000000e+00,4.388166256640950724e-01,4.531793537694687179e-01,3.513307476504646254e-01,4.144735296515530965e-01,0.000000000000000000e+00,4.799587289900730247e-01,5.813754001281953299e-01,4.488241821355896111e-01,5.317038179613854387e-01,4.750663751509769939e-01,4.060764756092676842e-01,3.890469222088923096e-01,4.576426030757935748e-01,4.415263604090440275e-01,4.506578175703854217e-01,0.000000000000000000e+00,4.000557712090266893e-01,4.798160327811041848e-01,4.158439686270802849e-01,4.515553886593339783e-01,5.033448056558678108e-01,0.000000000000000000e+00,0.000000000000000000e+00,0.000000000000000000e+00,4.960399048865908878e-01,4.181062854885658209e-01,4.433369187606295836e-01,0.000000000000000000e+00,0.000000000000000000e+00,0.000000000000000000e+00,0.000000000000000000e+00,4.095294930563638247e-01,4.909058867684779059e-01,0.000000000000000000e+00,0.000000000000000000e+00,0.000000000000000000e+00,0.000000000000000000e+00,0.000000000000000000e+00,0.000000000000000000e+00,0.000000000000000000e+00,0.000000000000000000e+00,0.000000000000000000e+00,0.000000000000000000e+00,0.000000000000000000e+00,0.000000000000000000e+00,0.000000000000000000e+00,4.679673182950392918e-01,0.000000000000000000e+00,4.001549462832796888e-01,0.000000000000000000e+00,0.000000000000000000e+00,6.007287071377810372e-01,5.053209358652540617e-01,0.000000000000000000e+00,0.000000000000000000e+00,4.343909413538575848e-01,4.876801893616800054e-01,0.000000000000000000e+00,0.000000000000000000e+00,0.000000000000000000e+00,0.000000000000000000e+00,4.196878987098798253e-01
4.846323625517898193e-01,0.000000000000000000e+00,0.000000000000000000e+00,0.000000000000000000e+00,4.454201894722336075e-01,4.283517688000745838e-01,5.217443310962278646e-01,0.000000000000000000e+00,0.000000000000000000e+00,0.000000000000000000e+00,0.000000000000000000e+00,0.000000000000000000e+00,4.640883377592224246e-01,0.000000000000000000e+00,4.551188327311200266e-01,4.235546150300885104e-01,3.694961336373899785e-01,4.100632385193098139e-01,0.000000000000000000e+00,4.217954469668437900e-01,4.842841787816271060e-01,3.788726816857558855e-01,4.448663528989414973e-01,0.000000000000000000e+00,3.633234068036905740e-01,3.538358046618457209e-01,4.306718841398781139e-01,4.836760263710616070e-01,4.402322702419534939e-01,0.000000000000000000e+00,3.877244405744006972e-01,4.602224131056898981e-01,4.444607237676018729e-01,4.205038064607288795e-01,4.792962936473673108e-01,0.000000000000000000e+00,0.000000000000000000e+00,0.000000000000000000e+00,5.182262150849136217e-01,4.758451986989464255e-01,5.117528628749242747e-01,0.000000000000000000e+00,0.000000000000000000e+00,0.000000000000000000e+00,0.000000000000000000e+00,0.000000000000000000e+00,0.000000000000000000e+00,0.000000000000000000e+00,0.000000000000000000e+00,0.000000000000000000e+00,0.000000000000000000e+00,0.000000000000000000e+00,0.000000000000000000e+00,0.000000000000000000e+00,0.000000000000000000e+00,0.000000000000000000e+00,0.000000000000000000e+00,0.000000000000000000e+00,0.000000000000000000e+00,0.000000000000000000e+00,4.953580369059417121e-01,0.000000000000000000e+00,0.000000000000000000e+00,0.000000000000000000e+00,0.000000000000000000e+00,0.000000000000000000e+00,0.000000000000000000e+00,0.000000000000000000e+00,0.000000000000000000e+00,0.000000000000000000e+00,0.000000000000000000e+00,0.000000000000000000e+00,0.000000000000000000e+00,0.000000000000000000e+00,0.000000000000000000e+00,0.000000000000000000e+00
0.000000000000000000e+00,0.000000000000000000e+00,0.000000000000000000e+00,3.980963836792332233e-01,4.156190459260670766e-01,4.135609154082947048e-01,4.435745443621277873e-01,4.666493395007125233e-01,3.682842652689818919e-01,4.694130303331455201e-01,3.464520507674558880e-01,3.547314979210772212e-01,4.541888819150841083e-01,4.158502418241372123e-01,0.000000000000000000e+00,0.000000000000000000e+00,0.000000000000000000e+00,0.000000000000000000e+00,3.054054835686791924e-01,0.000000000000000000e+00,0.000000000000000000e+00,0.000000000000000000e+00,3.161677654747558908e-01,0.000000000000000000e+00,0.000000000000000000e+00,0.000000000000000000e+00,3.820390479991314092e-01,4.688422146210490249e-01,0.000000000000000000e+00,0.000000000000000000e+00,4.752135440423296830e-01,4.564368731813044922e-01,0.000000000000000000e+00,4.863597869735433177e-01,4.259947123318585938e-01,4.292659859107834097e-01,4.961762430518991129e-01,0.000000000000000000e+00,0.000000000000000000e+00,0.000000000000000000e+00,0.000000000000000000e+00,0.000000000000000000e+00,4.757948668544860760e-01,0.000000000000000000e+00,0.000000000000000000e+00,0.000000000000000000e+00,0.000000000000000000e+00,2.552097701809356023e-01,0.000000000000000000e+00,0.000000000000000000e+00,5.234294732864176458e-01,5.513478069009224436e-01,5.116850501189112999e-01,5.014705678376553122e-01,0.000000000000000000e+00,4.601851650190701970e-01,0.000000000000000000e+00,0.000000000000000000e+00,5.337408937801370046e-01,0.000000000000000000e+00,0.000000000000000000e+00,0.000000000000000000e+00,0.000000000000000000e+00,2.486480134322069102e-01,0.000000000000000000e+00,0.000000000000000000e+00,0.000000000000000000e+00,5.327958592431814022e-01,0.000000000000000000e+00,0.000000000000000000e+00,0.000000000000000000e+00,5.099881955138773071e-01,0.000000000000000000e+00,0.000000000000000000e+00,0.000000000000000000e+00,0.000000000000000000e+00
0.000000000000000000e+00,0.000000000000000000e+00,3.980963836792332233e-01,0.000000000000000000e+00,2.815970423248219112e-01,0.000000000000000000e+00,3.048251925325896061e-01,3.773544527986203989e-01,3.855302972314101906e-01,0.000000000000000000e+00,3.452809898884586781e-01,3.112346622960014964e-01,3.172827584580564242e-01,2.951568937430323891e-01,0.000000000000000000e+00,0.000000000000000000e+00,0.000000000000000000e+00,0.000000000000000000e+00,3.954981525073830162e-01,0.000000000000000000e+00,0.000000000000000000e+00,0.000000000000000000e+00,4.186376374595819905e-01,0.000000000000000000e+00,0.000000000000000000e+00,0.000000000000000000e+00,0.000000000000000000e+00,2.331623039396054919e-01,0.000000000000000000e+00,0.000000000000000000e+00,3.177290168118365732e-01,2.878017072739779136e-01,0.000000000000000000e+00,2.581363137346491810e-01,2.620307757496248002e-01,1.958805387868161052e-01,1.916869625362105090e-01,0.000000000000000000e+00,0.000000000000000000e+00,0.000000000000000000e+00,0.000000000000000000e+00,0.000000000000000000e+00,0.000000000000000000e+00,0.000000000000000000e+00,0.000000000000000000e+00,0.000000000000000000e+00,0.000000000000000000e+00,0.000000000000000000e+00,0.000000000000000000e+00,0.000000000000000000e+00,0.000000000000000000e+00,0.000000000000000000e+00,0.000000000000000000e+00,0.000000000000000000e+00,0.000000000000000000e+00,0.000000000000000000e+00,0.000000000000000000e+00,0.000000000000000000e+00,0.000000000000000000e+00,0.000000000000000000e+00,0.000000000000000000e+00,0.000000000000000000e+00,0.000000000000000000e+00,0.000000000000000000e+00,0.000000000000000000e+00,0.000000000000000000e+00,0.000000000000000000e+00,0.000000000000000000e+00,0.000000000000000000e+00,0.000000000000000000e+00,0.000000000000000000e+00,0.000000000000000000e+00,0.000000000000000000e+00,0.000000000000000000e+00,0.000000000000000000e+00,0.000000000000000000e+00
0.000000000000000000e+00,4.454201894722336075e-01,4.156190459260670766e-01,2.815970423248219112e-01,0.000000000000000000e+00,4.158639061996429187e-01,3.372685418261057166e-01,3.859403913596681224e-01,3.535501480306894040e-01,4.316689783179327167e-01,3.118078320425461958e-01,4.306021637800607760e-01,3.630560143554821262e-01,2.808130982602206061e-01,0.000000000000000000e+00,0.000000000000000000e+00,0.000000000000000000e+00,0.000000000000000000e+00,3.934341752184439267e-01,4.838298195066014218e-01,0.000000000000000000e+00,4.587860123222298747e-01,4.075205928504271879e-01,0.000000000000000000e+00,0.000000000000000000e+00,4.338113901648947834e-01,4.352692296428923857e-01,3.542977563099943272e-01,4.632558499066294910e-01,0.000000000000000000e+00,4.594640219942525139e-01,3.965745829042316983e-01,0.000000000000000000e+00,4.389648530584354114e-01,0.000000000000000000e+00,2.054786506385266887e-01,2.029255372169884997e-01,0.000000000000000000e+00,0.000000000000000000e+00,0.000000000000000000e+00,0.000000000000000000e+00,0.000000000000000000e+00,0.000000000000000000e+00,0.000000000000000000e+00,0.000000000000000000e+00,0.000000000000000000e+00,0.000000000000000000e+00,5.443381534398017418e-01,0.000000000000000000e+00,0.000000000000000000e+00,0.000000000000000000e+00,0.000000000000000000e+00,0.000000000000000000e+00,0.000000000000000000e+00,0.000000000000000000e+00,0.000000000000000000e+00,0.000000000000000000e+00,0.000000000000000000e+00,0.000000000000000000e+00,0.000000000000000000e+00,0.000000000000000000e+00,0.000000000000000000e+00,0.000000000000000000e+00,0.000000000000000000e+00,0.000000000000000000e+00,0.000000000000000000e+00,0.000000000000000000e+00,4.956230552722405980e-01,0.000000000000000000e+00,0.000000000000000000e+00,0.000000000000000000e+00,0.000000000000000000e+00,0.000000000000000000e+00,0.000000000000000000e+00,0.000000000000000000e+00,0.000000000000000000e+00
3.843542955068343092e-01,4.283517688000745838e-01,4.135609154082947048e-01,0.000000000000000000e+00,4.158639061996429187e-01,0.000000000000000000e+00,4.134970089090583834e-01,4.140665796998899140e-01,3.568765508734890735e-01,4.772353380601658812e-01,3.857011265824946133e-01,4.224437174085162727e-01,3.628643364182065900e-01,4.406971315117961807e-01,4.130297769773222938e-01,4.586326553748281132e-01,3.074371446268205910e-01,4.504628314435943914e-01,4.006200011004603101e-01,4.025295448648730789e-01,3.864015922277305171e-01,4.258674591709504242e-01,3.946081174804184077e-01,0.000000000000000000e+00,4.290151884928277148e-01,4.303058702676270109e-01,3.680593134877598871e-01,3.567526866955348930e-01,3.180869317335884849e-01,4.458047994963563188e-01,4.466143187323862729e-01,4.736072440363783276e-01,4.242410499123953072e-01,4.828632709814915103e-01,4.959528018233326785e-01,4.342053380810310115e-01,0.000000000000000000e+00,0.000000000000000000e+00,4.960702283749264252e-01,0.000000000000000000e+00,5.398675190322888007e-01,5.175549349596602067e-01,4.366760658877534840e-01,0.000000000000000000e+00,0.000000000000000000e+00,0.000000000000000000e+00,0.000000000000000000e+00,5.243503933893648439e-01,0.000000000000000000e+00,0.000000000000000000e+00,5.094313230465746800e-01,5.253132080964091344e-01,4.856890528697014875e-01,4.900680242548435817e-01,0.000000000000000000e+00,4.530591674182992135e-01,0.000000000000000000e+00,5.196903655202839145e-01,0.000000000000000000e+00,5.181187878469112329e-01,0.000000000000000000e+00,0.000000000000000000e+00,0.000000000000000000e+00,0.000000000000000000e+00,0.000000000000000000e+00,0.000000000000000000e+00,5.043184718693065616e-01,5.056643529062034847e-01,0.000000000000000000e+00,0.000000000000000000e+00,0.000000000000000000e+00,5.126871035042819269e-01,5.102575193181072555e-01,4.993418951787789162e-01,4.654494462123424103e-01,5.296343239395365776e-01
0.000000000000000000e+00,5.217443310962278646e-01,4.435745443621277873e-01,3.048251925325896061e-01,3.372685418261057166e-01,4.134970089090583834e-01,0.000000000000000000e+00,4.645882960209711809e-01,3.844967947991552171e-01,4.668772587410625063e-01,4.041250725250163933e-01,4.294234906977170141e-01,3.087168600494247239e-01,3.397191788530378176e-01,0.000000000000000000e+00,5.388197594875173690e-01,0.000000000000000000e+00,5.121395023873749341e-01,4.336856241604669093e-01,4.938977654744722834e-01,0.000000000000000000e+00,4.910721757928739883e-01,4.420661463994208784e-01,4.426825055260172892e-01,4.889779411241849116e-01,5.487608947847767427e-01,4.508200172561255825e-01,3.771340886424890959e-01,4.400811663234727167e-01,0.000000000000000000e+00,4.696074155835686104e-01,4.045993786408518256e-01,0.000000000000000000e+00,4.786370937069713838e-01,4.538312687401260814e-01,2.763303649142878071e-01,3.134635976385308220e-01,4.537295063924097760e-01,0.000000000000000000e+00,0.000000000000000000e+00,0.000000000000000000e+00,0.000000000000000000e+00,0.000000000000000000e+00,0.000000000000000000e+00,0.000000000000000000e+00,0.000000000000000000e+00,0.000000000000000000e+00,0.000000000000000000e+00,0.000000000000000000e+00,0.000000000000000000e+00,5.273086274890007585e-01,0.000000000000000000e+00,4.155400389551185958e-01,0.000000000000000000e+00,0.000000000000000000e+00,3.937945867606417183e-01,0.000000000000000000e+00,0.000000000000000000e+00,0.000000000000000000e+00,0.000000000000000000e+00,0.000000000000000000e+00,0.000000000000000000e+00,0.000000000000000000e+00,0.000000000000000000e+00,0.000000000000000000e+00,0.000000000000000000e+00,0.000000000000000000e+00,5.017732286319598334e-01,0.000000000000000000e+00,0.000000000000000000e+00,0.000000000000000000e+00,5.474386610962488353e-01,0.000000000000000000e+00,0.000000000000000000e+00,0.000000000000000000e+00,0.000000000000000000e+00
5.851675423959254996e-01,0.000000000000000000e+00,4.666493395007125233e-01,3.773544527986203989e-01,3.859403913596681224e-01,4.140665796998899140e-01,4.645882960209711809e-01,0.000000000000000000e+00,4.527091662907111735e-01,4.541418622266468752e-01,4.050864525640818781e-01,0.000000000000000000e+00,4.711043691497334152e-01,3.956903094628190232e-01,4.802503430161096931e-01,5.205455452341243294e-01,0.000000000000000000e+00,5.366083525703436719e-01,4.463130055358646153e-01,4.415574957208142082e-01,3.522355476641469973e-01,4.429961720830701832e-01,3.599738480810659169e-01,5.856317301621176696e-01,5.114601160888352371e-01,5.133655284505671546e-01,4.388328457904205893e-01,4.769233863928526995e-01,4.264653532678082115e-01,4.846172229438677204e-01,4.903270441932909840e-01,4.225945515731657220e-01,5.537756434979580478e-01,4.877704144559650845e-01,0.000000000000000000e+00,3.283643610381761779e-01,4.594701780566081140e-01,0.000000000000000000e+00,4.639002355394926114e-01,0.000000000000000000e+00,5.314799280791606684e-01,0.000000000000000000e+00,0.000000000000000000e+00,0.000000000000000000e+00,0.000000000000000000e+00,0.000000000000000000e+00,0.000000000000000000e+00,0.000000000000000000e+00,0.000000000000000000e+00,0.000000000000000000e+00,0.000000000000000000e+00,0.000000000000000000e+00,3.203340132847173893e-01,0.000000000000000000e+00,0.000000000000000000e+00,0.000000000000000000e+00,0.000000000000000000e+00,0.000000000000000000e+00,0.000000000000000000e+00,0.000000000000000000e+00,0.000000000000000000e+00,0.000000000000000000e+00,0.000000000000000000e+00,0.000000000000000000e+00,0.000000000000000000e+00,3.352584466605906810e-01,0.000000000000000000e+00,3.942111685143068756e-01,0.000000000000000000e+00,0.000000000000000000e+00,0.000000000000000000e+00,0.000000000000000000e+00,4.733016688143569795e-01,0.000000000000000000e+00,0.000000000000000000e+00,0.000000000000000000e+00
0.000000000000000000e+00,0.000000000000000000e+00,3.682842652689818919e-01,3.855302972314101906e-01,3.535501480306894040e-01,3.568765508734890735e-01,3.844967947991552171e-01,4.527091662907111735e-01,0.000000000000000000e+00,4.756965414172341089e-01,3.290496078651100054e-01,4.637578029891872844e-01,3.719692293693743212e-01,3.869165863882049194e-01,0.000000000000000000e+00,0.000000000000000000e+00,0.000000000000000000e+00,0.000000000000000000e+00,2.604555628229962005e-01,4.368348546053745229e-01,0.000000000000000000e+00,4.359205329055996225e-01,4.164771374996317777e-01,4.015526603044853871e-01,4.930645695585006982e-01,3.968179201446412896e-01,4.130198872195078863e-01,4.458543199957322178e-01,4.027706495713541113e-01,0.000000000000000000e+00,4.601176255350836186e-01,4.324308896611401276e-01,0.000000000000000000e+00,4.619335622342803926e-01,4.358186638487558939e-01,3.830096129115103110e-01,4.228151200725737135e-01,4.534142280725392826e-01,0.000000000000000000e+00,0.000000000000000000e+00,0.000000000000000000e+00,0.000000000000000000e+00,0.000000000000000000e+00,0.000000000000000000e+00,0.000000000000000000e+00,0.000000000000000000e+00,0.000000000000000000e+00,0.000000000000000000e+00,0.000000000000000000e+00,0.000000000000000000e+00,0.000000000000000000e+00,0.000000000000000000e+00,4.804228098397725910e-01,0.000000000000000000e+00,0.000000000000000000e+00,3.780485926616352077e-01,0.000000000000000000e+00,0.000000000000000000e+00,0.000000000000000000e+00,0.000000000000000000e+00,0.000000000000000000e+00,0.000000000000000000e+00,0.000000000000000000e+00,0.000000000000000000e+00,0.000000000000000000e+00,0.000000000000000000e+00,0.000000000000000000e+00,0.000000000000000000e+00,0.000000000000000000e+00,0.000000000000000000e+00,0.000000000000000000e+00,0.000000000000000000e+00,0.000000000000000000e+00,0.000000000000000000e+00,0.000000000000000000e+00,0.000000000000000000e+00
3.591188532646488740e-01,0.000000000000000000e+00,4.694130303331455201e-01,0.000000000000000000e+00,4.316689783179327167e-01,4.772353380601658812e-01,4.668772587410625063e-01,4.541418622266468752e-01,4.756965414172341089e-01,0.000000000000000000e+00,4.462406331543016802e-01,2.746484534345225992e-01,4.224668103701855748e-01,0.000000000000000000e+00,0.000000000000000000e+00,3.041263476763940155e-01,2.778768548709926733e-01,3.164004151811299903e-01,5.258085379680462745e-01,3.155556939337748057e-01,0.000000000000000000e+00,3.384176681203581727e-01,4.867940146804605739e-01,2.825366366464925894e-01,3.157605299504125940e-01,3.289346491074450207e-01,4.853330460298090898e-01,4.270974410747542804e-01,3.512298785620929786e-01,0.000000000000000000e+00,3.164181381512288782e-01,3.509189626193499056e-01,2.351577970113865879e-01,2.848026354290016937e-01,2.672150692820137730e-01,4.126958642823617129e-01,3.432377631652659966e-01,2.813897822753715916e-01,3.884878104953163880e-01,3.189804141520112823e-01,3.323763604808311900e-01,0.000000000000000000e+00,0.000000000000000000e+00,0.000000000000000000e+00,0.000000000000000000e+00,4.069477277489396139e-01,0.000000000000000000e+00,0.000000000000000000e+00,0.000000000000000000e+00,0.000000000000000000e+00,0.000000000000000000e+00,0.000000000000000000e+00,0.000000000000000000e+00,0.000000000000000000e+00,3.728128088306796872e-01,0.000000000000000000e+00,3.815536606720623114e-01,3.976672505770070254e-01,0.000000000000000000e+00,0.000000000000000000e+00,0.000000000000000000e+00,3.374118967682417924e-01,3.647233580544576026e-01,0.000000000000000000e+00,0.000000000000000000e+00,0.000000000000000000e+00,0.000000000000000000e+00,0.000000000000000000e+00,3.593652376039497831e-01,4.065063236168828253e-01,3.829313826751323813e-01,0.000000000000000000e+00,4.383272581478270258e-01,0.000000000000000000e+00,0.000000000000000000e+00,3.653587671947113868e-01
0.000000000000000000e+00,0.000000000000000000e+00,3.464520507674558880e-01,3.452809898884586781e-01,3.118078320425461958e-01,3.857011265824946133e-01,4.041250725250163933e-01,4.050864525640818781e-01,3.290496078651100054e-01,4.462406331543016802e-01,0.000000000000000000e+00,4.434519520828172912e-01,4.243829348933125800e-01,2.998076477210863122e-01,0.000000000000000000e+00,0.000000000000000000e+00,0.000000000000000000e+00,0.000000000000000000e+00,3.102073334095958868e-01,0.000000000000000000e+00,0.000000000000000000e+00,0.000000000000000000e+00,3.441120327004303925e-01,4.513594786090280864e-01,0.000000000000000000e+00,3.023054740351859837e-01,4.022794354514820925e-01,4.171148953239101065e-01,0.000000000000000000e+00,0.000000000000000000e+00,4.498105053190686875e-01,4.071198066686567141e-01,0.000000000000000000e+00,4.416656349866853182e-01,4.098580470664103248e-01,3.110200480722538074e-01,3.976184086959880237e-01,4.573509078334752065e-01,0.000000000000000000e+00,0.000000000000000000e+00,0.000000000000000000e+00,0.000000000000000000e+00,0.000000000000000000e+00,0.000000000000000000e+00,0.000000000000000000e+00,0.000000000000000000e+00,0.000000000000000000e+00,3.312683407201996166e-01,0.000000000000000000e+00,0.000000000000000000e+00,0.000000000000000000e+00,0.000000000000000000e+00,5.556102396844905256e-01,3.528596645179193914e-01,0.000000000000000000e+00,3.332365844368159746e-01,0.000000000000000000e+00,0.000000000000000000e+00,0.000000000000000000e+00,0.000000000000000000e+00,0.000000000000000000e+00,0.000000000000000000e+00,0.000000000000000000e+00,2.188468778835153949e-01,0.000000000000000000e+00,0.000000000000000000e+00,0.000000000000000000e+00,4.986729261242722755e-01,0.000000000000000000e+00,0.000000000000000000e+00,0.000000000000000000e+00,0.000000000000000000e+00,0.000000000000000000e+00,0.000000000000000000e+00,0.000000000000000000e+00,0.000000000000000000e+00
0.000000000000000000e+00,0.000000000000000000e+00,3.547314979210772212e-01,3.112346622960014964e-01,4.306021637800607760e-01,4.224437174085162727e-01,4.294234906977170141e-01,0.000000000000000000e+00,4.637578029891872844e-01,2.746484534345225992e-01,4.434519520828172912e-01,0.000000000000000000e+00,4.259891433144576967e-01,0.000000000000000000e+00,0.000000000000000000e+00,0.000000000000000000e+00,2.618734239507354844e-01,2.672077322715969983e-01,3.909738003219542235e-01,0.000000000000000000e+00,5.033699619721790919e-01,0.000000000000000000e+00,4.347956981271082766e-01,2.976312735881656013e-01,3.391351870324035844e-01,3.293922094926302058e-01,0.000000000000000000e+00,4.046699247686477152e-01,0.000000000000000000e+00,0.000000000000000000e+00,3.347005042533415242e-01,2.954713519000087274e-01,2.609624725434148140e-01,2.983917713525475190e-01,3.848006656240126055e-01,0.000000000000000000e+00,3.907314491653312016e-01,2.484092068444213042e-01,4.048969142072499916e-01,3.216842231801371743e-01,3.402337272389462930e-01,4.508602142666885970e-01,0.000000000000000000e+00,0.000000000000000000e+00,0.000000000000000000e+00,0.000000000000000000e+00,0.000000000000000000e+00,0.000000000000000000e+00,0.000000000000000000e+00,0.000000000000000000e+00,0.000000000000000000e+00,0.000000000000000000e+00,0.000000000000000000e+00,0.000000000000000000e+00,3.956303128444069173e-01,0.000000000000000000e+00,3.418285655160018810e-01,4.341541266915078801e-01,0.000000000000000000e+00,0.000000000000000000e+00,0.000000000000000000e+00,3.735427214639366889e-01,3.983313733008055912e-01,0.000000000000000000e+00,0.000000000000000000e+00,0.000000000000000000e+00,0.000000000000000000e+00,0.000000000000000000e+00,3.969961026313086894e-01,4.317796731118773157e-01,3.890761982451285128e-01,0.000000000000000000e+00,4.240145994889081837e-01,0.000000000000000000e+00,0.000000000000000000e+00,3.714561644559826736e-01
3.797454271637484835e-01,4.640883377592224246e-01,4.541888819150841083e-01,3.172827584580564242e-01,3.630560143554821262e-01,3.628643364182065900e-01,3.087168600494247239e-01,4.711043691497334152e-01,3.719692293693743212e-01,4.224668103701855748e-01,4.243829348933125800e-01,4.259891433144576967e-01,0.000000000000000000e+00,4.118152670426590833e-01,4.714252870525670880e-01,5.048866824840279044e-01,4.881243462717483883e-01,5.253738259350041462e-01,4.385345615355862869e-01,4.702991443497158142e-01,4.233841963661431063e-01,4.929195489099378880e-01,4.422826093939877246e-01,4.529465823010170866e-01,4.605388774697835030e-01,4.676904437592029895e-01,4.415141425595812130e-01,3.174214828029776059e-01,4.098819461797110764e-01,0.000000000000000000e+00,4.489971209364040927e-01,3.994316644911429237e-01,0.000000000000000000e+00,4.367035601156624147e-01,4.273112905793390870e-01,3.474141426013777068e-01,3.451647268389427259e-01,4.046654195997477221e-01,5.747663985734856595e-01,0.000000000000000000e+00,0.000000000000000000e+00,0.000000000000000000e+00,0.000000000000000000e+00,0.000000000000000000e+00,0.000000000000000000e+00,0.000000000000000000e+00,0.000000000000000000e+00,5.108240447847550714e-01,0.000000000000000000e+00,0.000000000000000000e+00,5.556373394500421226e-01,4.095379623022752935e-01,5.003933549913643919e-01,0.000000000000000000e+00,0.000000000000000000e+00,4.219598189463207860e-01,0.000000000000000000e+00,0.000000000000000000e+00,0.000000000000000000e+00,0.000000000000000000e+00,0.000000000000000000e+00,0.000000000000000000e+00,0.000000000000000000e+00,0.000000000000000000e+00,0.000000000000000000e+00,0.000000000000000000e+00,0.000000000000000000e+00,5.175999968492972503e-01,0.000000000000000000e+00,0.000000000000000000e+00,0.000000000000000000e+00,5.558453877019183809e-01,0.000000000000000000e+00,5.684008240704047088e-01,0.000000000000000000e+00,0.000000000000000000e+00
0.000000000000000000e+00,0.000000000000000000e+00,4.158502418241372123e-01,2.951568937430323891e-01,2.808130982602206061e-01,4.406971315117961807e-01,3.397191788530378176e-01,3.956903094628190232e-01,3.869165863882049194e-01,0.000000000000000000e+00,2.998076477210863122e-01,0.000000000000000000e+00,4.118152670426590833e-01,0.000000000000000000e+00,0.000000000000000000e+00,0.000000000000000000e+00,0.000000000000000000e+00,0.000000000000000000e+00,3.845470899999591241e-01,0.000000000000000000e+00,4.589141574333581164e-01,0.000000000000000000e+00,3.836014356605407793e-01,0.000000000000000000e+00,0.000000000000000000e+00,0.000000000000000000e+00,4.422712189194996091e-01,3.186079762255685788e-01,0.000000000000000000e+00,0.000000000000000000e+00,0.000000000000000000e+00,0.000000000000000000e+00,0.000000000000000000e+00,4.119730454738971259e-01,0.000000000000000000e+00,2.411239017808521068e-01,1.698799387895391921e-01,0.000000000000000000e+00,0.000000000000000000e+00,0.000000000000000000e+00,0.000000000000000000e+00,0.000000000000000000e+00,0.000000000000000000e+00,0.000000000000000000e+00,0.000000000000000000e+00,0.000000000000000000e+00,0.000000000000000000e+00,0.000000000000000000e+00,0.000000000000000000e+00,0.000000000000000000e+00,0.000000000000000000e+00,0.000000000000000000e+00,0.000000000000000000e+00,0.000000000000000000e+00,0.000000000000000000e+00,0.000000000000000000e+00,0.000000000000000000e+00,0.000000000000000000e+00,0.000000000000000000e+00,0.000000000000000000e+00,0.000000000000000000e+00,0.000000000000000000e+00,0.000000000000000000e+00,0.000000000000000000e+00,0.000000000000000000e+00,0.000000000000000000e+00,0.000000000000000000e+00,0.000000000000000000e+00,0.000000000000000000e+00,0.000000000000000000e+00,0.000000000000000000e+00,0.000000000000000000e+00,0.000000000000000000e+00,0.000000000000000000e+00,0.000000000000000000e+00,0.000000000000000000e+00
4.388166256640950724e-01,4.551188327311200266e-01,0.000000000000000000e+00,0.000000000000000000e+00,0.000000000000000000e+00,4.130297769773222938e-01,0.000000000000000000e+00,4.802503430161096931e-01,0.000000000000000000e+00,0.000000000000000000e+00,0.000000000000000000e+00,0.000000000000000000e+00,4.714252870525670880e-01,0.000000000000000000e+00,0.000000000000000000e+00,4.592994960703205010e-01,0.000000000000000000e+00,4.410552044890974077e-01,0.000000000000000000e+00,3.720103963228156840e-01,3.954479166658603217e-01,3.543833326183722932e-01,3.642990158193500916e-01,5.937397684578621382e-01,4.361482099206019925e-01,3.628419569829716140e-01,3.809328938038791801e-01,4.794833458106312896e-01,4.192823134104349259e-01,0.000000000000000000e+00,4.720942479963436966e-01,5.089689537763819605e-01,4.634311350608887881e-01,5.226075029753376455e-01,5.529101986644111566e-01,0.000000000000000000e+00,0.000000000000000000e+00,0.000000000000000000e+00,5.427611115495636351e-01,5.144113779317300850e-01,5.812878283247092659e-01,5.734280855058777604e-01,0.000000000000000000e+00,0.000000000000000000e+00,0.000000000000000000e+00,0.000000000000000000e+00,0.000000000000000000e+00,0.000000000000000000e+00,0.000000000000000000e+00,0.000000000000000000e+00,5.734172539705276739e-01,0.000000000000000000e+00,4.987989422969891784e-01,0.000000000000000000e+00,0.000000000000000000e+00,0.000000000000000000e+00,0.000000000000000000e+00,0.000000000000000000e+00,0.000000000000000000e+00,3.202022034986163890e-01,5.118495926055903755e-01,0.000000000000000000e+00,0.000000000000000000e+00,0.000000000000000000e+00,3.170215205569301142e-01,4.940542988649995193e-01,3.243725142058093147e-01,4.917300612898631851e-01,0.000000000000000000e+00,0.000000000000000000e+00,4.507818813303198224e-01,5.009420920913320030e-01,0.000000000000000000e+00,0.000000000000000000e+00,0.000000000000000000e+00,5.236638759286850187e-01
4.531793537694687179e-01,4.235546150300885104e-01,0.000000000000000000e+00,0.000000000000000000e+00,0.000000000000000000e+00,4.586326553748281132e-01,5.388197594875173690e-01,5.205455452341243294e-01,0.000000000000000000e+00,3.041263476763940155e-01,0.000000000000000000e+00,0.000000000000000000e+00,5.048866824840279044e-01,0.000000000000000000e+00,4.592994960703205010e-01,0.000000000000000000e+00,3.498733141566015004e-01,3.329326443604596064e-01,0.000000000000000000e+00,4.177939971501479222e-01,4.632692543294116838e-01,3.850643359241330832e-01,4.701797083422116774e-01,3.334926749501672116e-01,3.795556519340662072e-01,4.521931911963446016e-01,4.458212529346788910e-01,5.184325837849075302e-01,4.737283758896320141e-01,5.563735709862921430e-01,3.378292245558621176e-01,4.689979501403647166e-01,3.806770834343918275e-01,3.836896279938801224e-01,4.471234697533557068e-01,0.000000000000000000e+00,0.000000000000000000e+00,0.000000000000000000e+00,4.838984295308728090e-01,4.396588988479063764e-01,4.886895569328122968e-01,5.107681325185772225e-01,0.000000000000000000e+00,0.000000000000000000e+00,0.000000000000000000e+00,4.475573546102106226e-01,5.079616684488245104e-01,0.000000000000000000e+00,0.000000000000000000e+00,0.000000000000000000e+00,0.000000000000000000e+00,0.000000000000000000e+00,0.000000000000000000e+00,0.000000000000000000e+00,0.000000000000000000e+00,0.000000000000000000e+00,0.000000000000000000e+00,0.000000000000000000e+00,0.000000000000000000e+00,5.105481394333309941e-01,4.781236542027749170e-01,0.000000000000000000e+00,4.096164074657124843e-01,0.000000000000000000e+00,0.000000000000000000e+00,0.000000000000000000e+00,5.066607730585197533e-01,4.174340785624179873e-01,0.000000000000000000e+00,4.455332392889950754e-01,4.961566042615637162e-01,0.000000000000000000e+00,0.000000000000000000e+00,0.000000000000000000e+00,0.000000000000000000e+00,4.415105495252183987e-01
3.513307476504646254e-01,3.694961336373899785e-01,0.000000000000000000e+00,0.000000000000000000e+00,0.000000000000000000e+00,3.074371446268205910e-01,0.000000000000000000e+00,0.000000000000000000e+00,0.000000000000000000e+00,2.778768548709926733e-01,0.000000000000000000e+00,2.618734239507354844e-01,4.881243462717483883e-01,0.000000000000000000e+00,0.000000000000000000e+00,3.498733141566015004e-01,0.000000000000000000e+00,3.295178102518437901e-01,0.000000000000000000e+00,4.044108753176198778e-01,0.000000000000000000e+00,3.928930583079360273e-01,0.000000000000000000e+00,3.132893132900689825e-01,3.169343946032910919e-01,3.387237404140184260e-01,0.000000000000000000e+00,5.033917737776206769e-01,3.862245901748794785e-01,0.000000000000000000e+00,3.073168968517417943e-01,3.898031927141317743e-01,2.651194215919461805e-01,3.324565428071782902e-01,3.120143761353780798e-01,0.000000000000000000e+00,0.000000000000000000e+00,2.532464476800834752e-01,0.000000000000000000e+00,3.371558104194902206e-01,0.000000000000000000e+00,0.000000000000000000e+00,0.000000000000000000e+00,0.000000000000000000e+00,0.000000000000000000e+00,0.000000000000000000e+00,0.000000000000000000e+00,0.000000000000000000e+00,0.000000000000000000e+00,0.000000000000000000e+00,0.000000000000000000e+00,0.000000000000000000e+00,0.000000000000000000e+00,0.000000000000000000e+00,3.945734013204217905e-01,0.000000000000000000e+00,3.670704059656906826e-01,0.000000000000000000e+00,0.000000000000000000e+00,0.000000000000000000e+00,0.000000000000000000e+00,4.094720876378190044e-01,4.063616649203575792e-01,0.000000000000000000e+00,0.000000000000000000e+00,0.000000000000000000e+00,0.000000000000000000e+00,0.000000000000000000e+00,4.048519907230506143e-01,4.334876755325111075e-01,4.265515237117418756e-01,0.000000000000000000e+00,0.000000000000000000e+00,0.000000000000000000e+00,0.000000000000000000e+00,0.000000000000000000e+00
4.144735296515530965e-01,4.100632385193098139e-01,0.000000000000000000e+00,0.000000000000000000e+00,0.000000000000000000e+00,4.504628314435943914e-01,5.121395023873749341e-01,5.366083525703436719e-01,0.000000000000000000e+00,3.164004151811299903e-01,0.000000000000000000e+00,2.672077322715969983e-01,5.253738259350041462e-01,0.000000000000000000e+00,4.410552044890974077e-01,3.329326443604596064e-01,3.295178102518437901e-01,0.000000000000000000e+00,0.000000000000000000e+00,4.365381352192101994e-01,4.721452407297070941e-01,4.196191214081528842e-01,4.739838488493057778e-01,3.891505533951962192e-01,3.415243130478881062e-01,3.941903444882486895e-01,4.378609954106316149e-01,5.018507305738100222e-01,4.650171118721341257e-01,0.000000000000000000e+00,3.534625967246898814e-01,4.314965194288403194e-01,3.332466326803443235e-01,3.703968237866223090e-01,3.068499065794689784e-01,0.000000000000000000e+00,0.000000000000000000e+00,0.000000000000000000e+00,4.387639719838388186e-01,4.017692747568895051e-01,4.210844718007458742e-01,4.418668022552236785e-01,0.000000000000000000e+00,0.000000000000000000e+00,0.000000000000000000e+00,4.380203538688268727e-01,4.594426812965948237e-01,0.000000000000000000e+00,0.000000000000000000e+00,0.000000000000000000e+00,0.000000000000000000e+00,0.000000000000000000e+00,0.000000000000000000e+00,0.000000000000000000e+00,4.322659616588429010e-01,0.000000000000000000e+00,3.909197879524214936e-01,0.000000000000000000e+00,0.000000000000000000e+00,0.000000000000000000e+00,4.326966239176402995e-01,4.047518300385778978e-01,4.145537605817540272e-01,0.000000000000000000e+00,0.000000000000000000e+00,0.000000000000000000e+00,4.480727111332070134e-01,0.000000000000000000e+00,4.737597300574066250e-01,4.438201559211403802e-01,4.558965950378566778e-01,0.000000000000000000e+00,0.000000000000000000e+00,0.000000000000000000e+00,0.000000000000000000e+00,4.201664956085223168e-01
0.000000000000000000e+00,0.000000000000000000e+00,3.054054835686791924e-01,3.954981525073830162e-01,3.934341752184439267e-01,4.006200011004603101e-01,4.336856241604669093e-01,4.463130055358646153e-01,2.604555628229962005e-01,5.258085379680462745e-01,3.102073334095958868e-01,3.909738003219542235e-01,4.385345615355862869e-01,3.845470899999591241e-01,0.000000000000000000e+00,0.000000000000000000e+00,0.000000000000000000e+00,0.000000000000000000e+00,0.000000000000000000e+00,0.000000000000000000e+00,0.000000000000000000e+00,0.000000000000000000e+00,2.960937668545725043e-01,0.000000000000000000e+00,0.000000000000000000e+00,0.000000000000000000e+00,3.739604185988951168e-01,4.488256545499568761e-01,0.000000000000000000e+00,0.000000000000000000e+00,4.489992563585772922e-01,4.255323424697807222e-01,0.000000000000000000e+00,4.611842332357827257e-01,0.000000000000000000e+00,3.886343559448628970e-01,4.539281971448764219e-01,0.000000000000000000e+00,0.000000000000000000e+00,0.000000000000000000e+00,0.000000000000000000e+00,0.000000000000000000e+00,5.271194497380320421e-01,0.000000000000000000e+00,0.000000000000000000e+00,0.000000000000000000e+00,0.000000000000000000e+00,5.181383197173720090e-01,0.000000000000000000e+00,0.000000000000000000e+00,0.000000000000000000e+00,0.000000000000000000e+00,0.000000000000000000e+00,0.000000000000000000e+00,0.000000000000000000e+00,3.350435740147111874e-01,0.000000000000000000e+00,0.000000000000000000e+00,5.080859952962040182e-01,0.000000000000000000e+00,0.000000000000000000e+00,0.000000000000000000e+00,0.000000000000000000e+00,0.000000000000000000e+00,0.000000000000000000e+00,0.000000000000000000e+00,0.000000000000000000e+00,4.764064938005483918e-01,0.000000000000000000e+00,0.000000000000000000e+00,0.000000000000000000e+00,0.000000000000000000e+00,0.000000000000000000e+00,0.000000000000000000e+00,0.000000000000000000e+00,0.000000000000000000e+00
4.799587289900730247e-01,4.217954469668437900e-01,0.000000000000000000e+00,0.000000000000000000e+00,4.838298195066014218e-01,4.025295448648730789e-01,4.938977654744722834e-01,4.415574957208142082e-01,4.368348546053745229e-01,3.155556939337748057e-01,0.000000000000000000e+00,0.000000000000000000e+00,4.702991443497158142e-01,0.000000000000000000e+00,3.720103963228156840e-01,4.177939971501479222e-01,4.044108753176198778e-01,4.365381352192101994e-01,0.000000000000000000e+00,0.000000000000000000e+00,4.290247876350228862e-01,3.519345627214449101e-01,3.065185771069555143e-01,0.000000000000000000e+00,4.264425760294628942e-01,4.421546537363025275e-01,3.520065774388421165e-01,4.463300052922862249e-01,3.505823989761677195e-01,2.628683387509758163e-01,4.093332063554410150e-01,4.963573378465898078e-01,4.701679328228249855e-01,4.785492860079554878e-01,5.162253584223506220e-01,0.000000000000000000e+00,0.000000000000000000e+00,0.000000000000000000e+00,5.209088779429396077e-01,4.794232070526264766e-01,6.039700782609115359e-01,0.000000000000000000e+00,0.000000000000000000e+00,0.000000000000000000e+00,0.000000000000000000e+00,0.000000000000000000e+00,0.000000000000000000e+00,0.000000000000000000e+00,0.000000000000000000e+00,0.000000000000000000e+00,0.000000000000000000e+00,0.000000000000000000e+00,5.890302283697790298e-01,0.000000000000000000e+00,0.000000000000000000e+00,0.000000000000000000e+00,0.000000000000000000e+00,0.000000000000000000e+00,0.000000000000000000e+00,5.053302668374837214e-01,4.270107605366819103e-01,0.000000000000000000e+00,0.000000000000000000e+00,0.000000000000000000e+00,0.000000000000000000e+00,4.651195705563677119e-01,5.247543802027642146e-01,5.429088497307118510e-01,0.000000000000000000e+00,0.000000000000000000e+00,0.000000000000000000e+00,0.000000000000000000e+00,5.363235503961489847e-01,5.953405620723524194e-01,0.000000000000000000e+00,6.030321588634512953e-01
5.813754001281953299e-01,4.842841787816271060e-01,0.000000000000000000e+00,0.000000000000000000e+00,0.000000000000000000e+00,3.864015922277305171e-01,0.000000000000000000e+00,3.522355476641469973e-01,0.000000000000000000e+00,0.000000000000000000e+00,0.000000000000000000e+00,5.033699619721790919e-01,4.233841963661431063e-01,4.589141574333581164e-01,3.954479166658603217e-01,4.632692543294116838e-01,0.000000000000000000e+00,4.721452407297070941e-01,0.000000000000000000e+00,4.290247876350228862e-01,0.000000000000000000e+00,4.718041503766540745e-01,4.297533876904309214e-01,6.051145941369094894e-01,4.747014037910681772e-01,3.946868194230234161e-01,4.087059367068994753e-01,4.613822417485379246e-01,4.498889278665210156e-01,0.000000000000000000e+00,4.812655042079083123e-01,4.946587152209476757e-01,4.711446270443290230e-01,5.140499505895054222e-01,5.555915602769395667e-01,0.000000000000000000e+00,0.000000000000000000e+00,0.000000000000000000e+00,5.299346938135265361e-01,5.658042942270491427e-01,6.027709902595360658e-01,6.139393572938548482e-01,0.000000000000000000e+00,0.000000000000000000e+00,0.000000000000000000e+00,4.839628091783538255e-01,5.357315537312703491e-01,0.000000000000000000e+00,0.000000000000000000e+00,0.000000000000000000e+00,5.171601246840846766e-01,0.000000000000000000e+00,3.890625536348967239e-01,0.000000000000000000e+00,0.000000000000000000e+00,0.000000000000000000e+00,0.000000000000000000e+00,0.000000000000000000e+00,0.000000000000000000e+00,5.109051841427588725e-01,5.833259646947644983e-01,0.000000000000000000e+00,0.000000000000000000e+00,0.000000000000000000e+00,5.166268261952690066e-01,3.953131092686821835e-01,5.331760804562406530e-01,4.658674436701181754e-01,0.000000000000000000e+00,0.000000000000000000e+00,5.376258424673889813e-01,5.090157737014124884e-01,4.755131917198339164e-01,0.000000000000000000e+00,0.000000000000000000e+00,5.375715860862544382e-01
