0.000000000000000000e+00,3.800264379338100795e-01,0.000000000000000000e+00,0.000000000000000000e+00,0.000000000000000000e+00,3.255725430054767222e-01,0.000000000000000000e+00,4.741732018670584137e-01,0.000000000000000000e+00,3.350726155923013927e-01,0.000000000000000000e+00,3.818671675511315922e-01,3.202024093504632907e-01,0.000000000000000000e+00,4.151861663061726104e-01,3.908261494825295834e-01,3.757133434628842084e-01,3.914045737953120163e-01,0.000000000000000000e+00,4.157670971900532253e-01,4.167589574062633972e-01,3.967199171197040020e-01,4.306898956064891260e-01,3.855032314963939277e-01,3.819785813673510777e-01,3.703634348047158964e-01,4.182420994790583268e-01,3.290269765633780930e-01,3.517130168231655807e-01,0.000000000000000000e+00,3.624996536306607786e-01,4.097992605987912929e-01,3.350512722831631152e-01,3.295160325370061760e-01,3.750958284809616794e-01,0.000000000000000000e+00,0.000000000000000000e+00,5.000111742085422417e-01,4.466026500719865178e-01,3.905379928164304792e-01,4.262312658791858055e-01,0.000000000000000000e+00,0.000000000000000000e+00,0.000000000000000000e+00,0.000000000000000000e+00,4.096472000660011936e-01,4.282030283225368161e-01,0.000000000000000000e+00,0.000000000000000000e+00,0.000000000000000000e+00,0.000000000000000000e+00,0.000000000000000000e+00,0.000000000000000000e+00,0.000000000000000000e+00,4.339350177338376913e-01,0.000000000000000000e+00,0.000000000000000000e+00,0.000000000000000000e+00,0.000000000000000000e+00,0.000000000000000000e+00,4.497520529318376759e-01,0.000000000000000000e+00,3.979713900178263875e-01,0.000000000000000000e+00,0.000000000000000000e+00,3.553208662378379845e-01,4.643401964556985728e-01,0.000000000000000000e+00,0.000000000000000000e+00,3.944018557910174971e-01,4.322365031133376112e-01,0.000000000000000000e+00,0.000000000000000000e+00,0.000000000000000000e+00,0.000000000000000000e+00,4.249789981071183109e-01
3.800264379338100795e-01,0.000000000000000000e+00,0.000000000000000000e+00,0.000000000000000000e+00,4.290337398013073233e-01,4.101118930988946198e-01,4.765050186563271062e-01,4.336582452680514121e-01,3.996593488732876898e-01,0.000000000000000000e+00,0.000000000000000000e+00,0.000000000000000000e+00,4.515531723444127232e-01,0.000000000000000000e+00,4.253764017236488226e-01,4.120030633791392227e-01,4.057916223228922870e-01,4.099718046289799189e-01,0.000000000000000000e+00,4.329940932053115143e-01,4.329153430282551840e-01,4.027483747302709749e-01,4.169796533124595084e-01,0.000000000000000000e+00,3.746003659456568213e-01,3.791761286456619140e-01,4.249504911689765962e-01,4.485839404302885969e-01,4.225021950993169129e-01,0.000000000000000000e+00,3.828630729274474787e-01,4.295723645434916804e-01,3.622412810832119079e-01,3.736423435894433154e-01,4.408739095125042140e-01,0.000000000000000000e+00,0.000000000000000000e+00,0.000000000000000000e+00,4.560431976514611185e-01,4.349977820273696061e-01,4.442115270192931731e-01,4.711229684613680857e-01,0.000000000000000000e+00,0.000000000000000000e+00,0.000000000000000000e+00,4.210133622571681777e-01,4.453611028866579780e-01,0.000000000000000000e+00,0.000000000000000000e+00,0.000000000000000000e+00,3.559361636249487870e-01,0.000000000000000000e+00,0.000000000000000000e+00,0.000000000000000000e+00,0.000000000000000000e+00,0.000000000000000000e+00,0.000000000000000000e+00,0.000000000000000000e+00,0.000000000000000000e+00,4.801165174477680098e-01,4.591156167910266928e-01,0.000000000000000000e+00,4.209975035855118008e-01,0.000000000000000000e+00,4.287241668939680839e-01,4.963108430604596943e-01,4.734151713235519865e-01,4.471890916377035952e-01,0.000000000000000000e+00,4.054904335353715084e-01,4.500207117535586776e-01,4.146364649245440903e-01,0.000000000000000000e+00,4.142148390610875253e-01,0.000000000000000000e+00,4.424121344198287953e-01
0.000000000000000000e+00,0.000000000000000000e+00,0.000000000000000000e+00,0.000000000000000000e+00,4.196091500479047220e-01,4.129975188643593143e-01,4.410861119510999795e-01,4.775103668548569824e-01,2.771797172741283788e-01,0.000000000000000000e+00,3.585360415593241146e-01,3.151056637975243047e-01,4.304498106128217261e-01,4.223669923099058199e-01,0.000000000000000000e+00,0.000000000000000000e+00,0.000000000000000000e+00,0.000000000000000000e+00,2.855745133584485784e-01,0.000000000000000000e+00,0.000000000000000000e+00,0.000000000000000000e+00,3.822187805940683858e-01,0.000000000000000000e+00,0.000000000000000000e+00,0.000000000000000000e+00,2.997609949389948847e-01,4.363795078110563885e-01,0.000000000000000000e+00,0.000000000000000000e+00,4.384004289071546934e-01,4.346127551091846231e-01,0.000000000000000000e+00,4.209689380890194732e-01,4.194861614127580185e-01,4.509366432993998086e-01,4.407342721531012919e-01,0.000000000000000000e+00,4.487080618708483848e-01,0.000000000000000000e+00,4.146999978456974989e-01,0.000000000000000000e+00,5.000706433350879943e-01,0.000000000000000000e+00,0.000000000000000000e+00,0.000000000000000000e+00,0.000000000000000000e+00,5.645650715606590486e-01,0.000000000000000000e+00,4.156846140919601140e-01,5.341470930471620138e-01,4.160894691490650277e-01,5.548853290965682916e-01,5.652168501924700328e-01,0.000000000000000000e+00,5.510896723092011396e-01,0.000000000000000000e+00,4.637129064754805796e-01,5.089396427787297172e-01,0.000000000000000000e+00,0.000000000000000000e+00,0.000000000000000000e+00,0.000000000000000000e+00,5.843831086804718300e-01,0.000000000000000000e+00,0.000000000000000000e+00,0.000000000000000000e+00,5.598505380720506519e-01,0.000000000000000000e+00,0.000000000000000000e+00,0.000000000000000000e+00,5.586509432376609574e-01,3.686457099501140866e-01,0.000000000000000000e+00,0.000000000000000000e+00,0.000000000000000000e+00
0.000000000000000000e+00,0.000000000000000000e+00,0.000000000000000000e+00,0.000000000000000000e+00,2.276883036214749079e-01,3.779320997592580111e-01,2.738478396806536264e-01,3.723621704700553758e-01,3.520700177571611800e-01,0.000000000000000000e+00,3.168857192880332185e-01,2.545464207330825901e-01,3.069846727797884145e-01,2.531284377528166818e-01,0.000000000000000000e+00,0.000000000000000000e+00,0.000000000000000000e+00,0.000000000000000000e+00,3.756675409182678727e-01,0.000000000000000000e+00,0.000000000000000000e+00,0.000000000000000000e+00,3.861157296252946125e-01,0.000000000000000000e+00,0.000000000000000000e+00,0.000000000000000000e+00,3.975194326817226842e-01,2.612561257772502143e-01,0.000000000000000000e+00,0.000000000000000000e+00,2.583519977672658063e-01,2.910841627631243766e-01,0.000000000000000000e+00,2.373220969293760030e-01,2.336804073062900000e-01,1.921375600682276030e-01,1.881943470582496114e-01,2.541920416203151123e-01,0.000000000000000000e+00,0.000000000000000000e+00,0.000000000000000000e+00,0.000000000000000000e+00,0.000000000000000000e+00,0.000000000000000000e+00,0.000000000000000000e+00,0.000000000000000000e+00,0.000000000000000000e+00,0.000000000000000000e+00,0.000000000000000000e+00,0.000000000000000000e+00,0.000000000000000000e+00,0.000000000000000000e+00,0.000000000000000000e+00,0.000000000000000000e+00,0.000000000000000000e+00,0.000000000000000000e+00,0.000000000000000000e+00,0.000000000000000000e+00,0.000000000000000000e+00,0.000000000000000000e+00,0.000000000000000000e+00,0.000000000000000000e+00,0.000000000000000000e+00,0.000000000000000000e+00,0.000000000000000000e+00,0.000000000000000000e+00,0.000000000000000000e+00,0.000000000000000000e+00,0.000000000000000000e+00,0.000000000000000000e+00,0.000000000000000000e+00,0.000000000000000000e+00,0.000000000000000000e+00,0.000000000000000000e+00,0.000000000000000000e+00,0.000000000000000000e+00
0.000000000000000000e+00,4.290337398013073233e-01,4.196091500479047220e-01,2.276883036214749079e-01,0.000000000000000000e+00,4.001525696162155921e-01,3.580671428447743110e-01,4.267976681880973899e-01,3.607801557367774081e-01,4.507497846768688254e-01,3.434109798183052065e-01,3.607853964618086273e-01,3.748652104164890142e-01,2.834255145044701774e-01,0.000000000000000000e+00,0.000000000000000000e+00,0.000000000000000000e+00,0.000000000000000000e+00,3.932528891806756910e-01,4.398906679700493871e-01,0.000000000000000000e+00,4.451210809426057180e-01,4.148057347287215091e-01,0.000000000000000000e+00,3.923393946863131809e-01,3.552206497543040076e-01,4.192922419630311093e-01,3.556113816542517125e-01,4.251207799352023087e-01,0.000000000000000000e+00,4.298912295193494937e-01,3.754604002807271912e-01,3.575640503372817802e-01,4.204117009387697834e-01,4.139016497827099905e-01,2.366620157667566893e-01,2.365228508638715921e-01,3.484794583032603810e-01,3.656938169825719731e-01,0.000000000000000000e+00,0.000000000000000000e+00,0.000000000000000000e+00,3.832994532719111724e-01,0.000000000000000000e+00,0.000000000000000000e+00,0.000000000000000000e+00,0.000000000000000000e+00,4.343849288209438164e-01,0.000000000000000000e+00,3.949223641242450844e-01,4.286260927745748073e-01,0.000000000000000000e+00,4.075257889564510849e-01,4.059460020499258137e-01,0.000000000000000000e+00,4.478623281472315920e-01,0.000000000000000000e+00,0.000000000000000000e+00,0.000000000000000000e+00,0.000000000000000000e+00,0.000000000000000000e+00,0.000000000000000000e+00,0.000000000000000000e+00,4.405620250007312166e-01,0.000000000000000000e+00,0.000000000000000000e+00,0.000000000000000000e+00,5.157987875221299312e-01,0.000000000000000000e+00,0.000000000000000000e+00,0.000000000000000000e+00,4.422136927317529831e-01,0.000000000000000000e+00,0.000000000000000000e+00,0.000000000000000000e+00,0.000000000000000000e+00
3.255725430054767222e-01,4.101118930988946198e-01,4.129975188643593143e-01,3.779320997592580111e-01,4.001525696162155921e-01,0.000000000000000000e+00,4.295725851150877239e-01,4.204281594366012231e-01,3.358989478300852816e-01,4.048763925352306114e-01,3.856335674199414254e-01,3.118261159605243971e-01,4.039858646098906103e-01,4.033624261294712077e-01,3.880410538547243160e-01,4.155565118339005215e-01,0.000000000000000000e+00,4.193797308380747824e-01,3.794702788911807900e-01,4.119412243781593874e-01,3.696348055623717155e-01,4.289950296945688191e-01,3.856070676020715848e-01,0.000000000000000000e+00,4.031449868085100752e-01,4.123028154868144113e-01,3.626687797974141869e-01,3.710030460023057142e-01,3.334433573034553122e-01,3.951592407665899254e-01,4.184937997789586750e-01,4.185293867328163109e-01,3.805807225709521013e-01,4.186514850194221204e-01,4.368835795813025835e-01,4.209994321193011868e-01,4.142132587009236810e-01,3.718767527200244061e-01,4.776613662074611910e-01,0.000000000000000000e+00,4.558202043451828889e-01,4.511910596623567860e-01,4.575324736476146792e-01,0.000000000000000000e+00,0.000000000000000000e+00,0.000000000000000000e+00,3.153190524871243849e-01,5.367458360599166589e-01,0.000000000000000000e+00,3.888647311666172945e-01,4.780288810292170898e-01,4.414156744525137843e-01,4.568632497744942178e-01,5.275801062729276181e-01,0.000000000000000000e+00,4.827013081125355876e-01,0.000000000000000000e+00,4.426173026927094911e-01,0.000000000000000000e+00,3.856741719854404060e-01,0.000000000000000000e+00,0.000000000000000000e+00,0.000000000000000000e+00,5.184970302586759949e-01,3.735867335287175739e-01,3.852407581524636138e-01,3.401663420698936013e-01,4.821102631547048989e-01,0.000000000000000000e+00,0.000000000000000000e+00,3.150683532118089270e-01,4.860661181327167735e-01,4.544750170302264136e-01,4.562467707986930243e-01,4.219719741884139230e-01,4.760543245366321008e-01
0.000000000000000000e+00,4.765050186563271062e-01,4.410861119510999795e-01,2.738478396806536264e-01,3.580671428447743110e-01,4.295725851150877239e-01,0.000000000000000000e+00,4.448310348914069068e-01,4.087107105236549853e-01,4.656638788224711778e-01,4.363301250992415725e-01,3.560546389538051248e-01,3.394957564329089128e-01,3.444689614891143781e-01,0.000000000000000000e+00,4.858618139276624226e-01,4.167585786560482064e-01,4.438600266508723746e-01,4.379320167685831766e-01,4.510839699936691760e-01,0.000000000000000000e+00,4.692087697130224999e-01,4.192523817051156954e-01,4.132060891507655098e-01,4.496056633153294735e-01,4.198464467373376752e-01,4.357690204375792020e-01,3.601266282976062216e-01,4.383702628640349097e-01,0.000000000000000000e+00,4.174739106703305169e-01,3.836224558859309131e-01,3.590625874548656893e-01,3.999229346415497099e-01,3.898771317586420815e-01,2.979415123311812130e-01,3.030935596674577126e-01,3.607543198275873220e-01,4.091166610167006890e-01,0.000000000000000000e+00,3.871438106009459923e-01,0.000000000000000000e+00,3.900092522074761203e-01,0.000000000000000000e+00,0.000000000000000000e+00,0.000000000000000000e+00,0.000000000000000000e+00,4.248493936034358209e-01,0.000000000000000000e+00,0.000000000000000000e+00,3.949364881081852130e-01,0.000000000000000000e+00,4.340270882139006248e-01,4.022300869018021197e-01,0.000000000000000000e+00,3.917125548774770816e-01,0.000000000000000000e+00,0.000000000000000000e+00,0.000000000000000000e+00,0.000000000000000000e+00,0.000000000000000000e+00,0.000000000000000000e+00,0.000000000000000000e+00,4.256793483295108205e-01,0.000000000000000000e+00,0.000000000000000000e+00,0.000000000000000000e+00,4.787028737058997008e-01,0.000000000000000000e+00,0.000000000000000000e+00,0.000000000000000000e+00,4.314978298771163789e-01,0.000000000000000000e+00,0.000000000000000000e+00,0.000000000000000000e+00,0.000000000000000000e+00
4.741732018670584137e-01,4.336582452680514121e-01,4.775103668548569824e-01,3.723621704700553758e-01,4.267976681880973899e-01,4.204281594366012231e-01,4.448310348914069068e-01,0.000000000000000000e+00,4.873607821690593145e-01,4.425927588122597900e-01,3.413589953528614052e-01,4.136503378078054127e-01,4.323988374977156823e-01,4.008574604279548925e-01,3.870305569910594268e-01,4.393358226606087213e-01,0.000000000000000000e+00,4.330897580407382930e-01,4.626866379721671918e-01,3.802671770297718079e-01,3.784013897191200182e-01,4.035940394078714188e-01,3.618182920651550893e-01,5.069302120059262506e-01,4.725615601601502735e-01,4.637692502004486239e-01,4.177467216159598817e-01,4.220973586236569930e-01,4.017708972432942893e-01,3.984866407850400916e-01,4.230870210950917754e-01,3.766803228861326236e-01,4.962479810639843225e-01,4.345923163575328152e-01,4.399567701467506087e-01,3.165106505493022748e-01,3.840490427518059025e-01,0.000000000000000000e+00,4.719738495681732871e-01,0.000000000000000000e+00,4.859420420684533726e-01,0.000000000000000000e+00,4.420840535669037230e-01,0.000000000000000000e+00,0.000000000000000000e+00,0.000000000000000000e+00,0.000000000000000000e+00,5.253589857616624004e-01,0.000000000000000000e+00,4.444786659480398083e-01,4.731816390084478963e-01,4.840607265709607754e-01,4.266192407011092924e-01,5.241098489382448600e-01,0.000000000000000000e+00,4.757162569170365063e-01,0.000000000000000000e+00,4.645558399210962253e-01,4.573227761669216851e-01,0.000000000000000000e+00,0.000000000000000000e+00,0.000000000000000000e+00,0.000000000000000000e+00,5.149311548458642696e-01,4.242356161011883176e-01,0.000000000000000000e+00,0.000000000000000000e+00,4.773065650138917926e-01,0.000000000000000000e+00,0.000000000000000000e+00,0.000000000000000000e+00,4.962413968498021188e-01,4.697588842368214945e-01,4.525943735247474065e-01,0.000000000000000000e+00,4.623694061357189744e-01
0.000000000000000000e+00,3.996593488732876898e-01,2.771797172741283788e-01,3.520700177571611800e-01,3.607801557367774081e-01,3.358989478300852816e-01,4.087107105236549853e-01,4.873607821690593145e-01,0.000000000000000000e+00,4.502810597457880259e-01,3.257567013567846947e-01,3.633593257431004253e-01,4.035364065214074869e-01,4.180055849352071196e-01,0.000000000000000000e+00,0.000000000000000000e+00,0.000000000000000000e+00,0.000000000000000000e+00,2.814494278425757057e-01,4.177872271946909133e-01,0.000000000000000000e+00,4.331045377777215100e-01,4.235876584133780876e-01,3.988560549688475732e-01,4.144788283618461855e-01,3.501707191331832059e-01,3.470509177723252736e-01,4.260575972679833123e-01,3.886346562434049856e-01,4.640922910423918024e-01,4.343699210265626887e-01,4.159729905139675776e-01,0.000000000000000000e+00,4.234153314389558220e-01,4.237768374507445146e-01,4.269298594079051767e-01,3.841927586586361132e-01,3.589629335834049750e-01,5.033788042112263827e-01,0.000000000000000000e+00,3.803831892874096066e-01,0.000000000000000000e+00,5.018681650529860372e-01,0.000000000000000000e+00,0.000000000000000000e+00,0.000000000000000000e+00,0.000000000000000000e+00,5.593400171862733528e-01,0.000000000000000000e+00,4.181675806195835898e-01,5.134923706655422082e-01,3.842895690298512856e-01,5.421389336135659098e-01,4.581184677659909110e-01,0.000000000000000000e+00,5.361038017699504277e-01,0.000000000000000000e+00,4.052642102656527912e-01,4.893720321943983986e-01,0.000000000000000000e+00,0.000000000000000000e+00,0.000000000000000000e+00,0.000000000000000000e+00,5.296139591186938000e-01,0.000000000000000000e+00,0.000000000000000000e+00,0.000000000000000000e+00,5.406882982067717780e-01,0.000000000000000000e+00,0.000000000000000000e+00,0.000000000000000000e+00,5.417910055810710723e-01,3.254116361612159891e-01,0.000000000000000000e+00,0.000000000000000000e+00,0.000000000000000000e+00
3.350726155923013927e-01,0.000000000000000000e+00,0.000000000000000000e+00,0.000000000000000000e+00,4.507497846768688254e-01,4.048763925352306114e-01,4.656638788224711778e-01,4.425927588122597900e-01,4.502810597457880259e-01,0.000000000000000000e+00,4.327863815533979919e-01,3.001486021912718183e-01,4.371486565303389082e-01,0.000000000000000000e+00,0.000000000000000000e+00,3.406055800553907109e-01,3.298907074577941967e-01,3.627438628256975939e-01,4.467906233545562156e-01,3.828830293073505753e-01,0.000000000000000000e+00,3.755899117308157953e-01,3.965708107549908989e-01,3.340141892421175096e-01,3.295290221028107092e-01,3.233531435935133036e-01,4.446902987724363210e-01,4.396156059558283258e-01,3.685235397213306174e-01,0.000000000000000000e+00,3.570266082930277918e-01,3.100306742661090853e-01,3.124604861580216886e-01,3.062361571757841183e-01,3.213378428431012956e-01,3.922559495937000262e-01,2.828552950785893083e-01,2.793067068849651724e-01,4.014735033278630794e-01,3.401918333420791973e-01,3.572858100836592832e-01,3.902479237016580060e-01,0.000000000000000000e+00,0.000000000000000000e+00,3.362560593245965124e-01,4.556093816133128804e-01,0.000000000000000000e+00,0.000000000000000000e+00,0.000000000000000000e+00,0.000000000000000000e+00,0.000000000000000000e+00,0.000000000000000000e+00,0.000000000000000000e+00,0.000000000000000000e+00,4.202413856584363838e-01,0.000000000000000000e+00,4.209628167968897938e-01,0.000000000000000000e+00,0.000000000000000000e+00,0.000000000000000000e+00,0.000000000000000000e+00,4.218850746141160069e-01,4.042871839161378267e-01,0.000000000000000000e+00,0.000000000000000000e+00,0.000000000000000000e+00,0.000000000000000000e+00,0.000000000000000000e+00,4.290880308826072187e-01,4.455554692835266839e-01,4.486597708393417205e-01,0.000000000000000000e+00,0.000000000000000000e+00,0.000000000000000000e+00,0.000000000000000000e+00,4.068008828458327120e-01
0.000000000000000000e+00,0.000000000000000000e+00,3.585360415593241146e-01,3.168857192880332185e-01,3.434109798183052065e-01,3.856335674199414254e-01,4.363301250992415725e-01,3.413589953528614052e-01,3.257567013567846947e-01,4.327863815533979919e-01,0.000000000000000000e+00,3.704973429103927129e-01,4.230224011909857196e-01,2.855046559856014854e-01,0.000000000000000000e+00,0.000000000000000000e+00,3.863133733352445143e-01,0.000000000000000000e+00,3.088781041193394139e-01,0.000000000000000000e+00,0.000000000000000000e+00,0.000000000000000000e+00,3.046111718167059945e-01,4.071452569033460200e-01,0.000000000000000000e+00,3.424251448642168794e-01,3.935452637579355817e-01,4.239921028508504275e-01,0.000000000000000000e+00,0.000000000000000000e+00,4.414631282006151736e-01,3.886568147565477860e-01,4.111309777489549067e-01,4.248633683888312085e-01,4.290288633098444104e-01,3.038081633499021272e-01,3.823688348223204247e-01,3.895452743275137908e-01,3.945960121471980275e-01,0.000000000000000000e+00,0.000000000000000000e+00,0.000000000000000000e+00,4.077633263467019820e-01,0.000000000000000000e+00,0.000000000000000000e+00,0.000000000000000000e+00,0.000000000000000000e+00,5.141736365302028711e-01,0.000000000000000000e+00,4.063025922666321232e-01,4.647780976736219927e-01,4.532713480977609843e-01,4.176524703628106128e-01,4.830843032061473141e-01,0.000000000000000000e+00,4.229903750765663939e-01,0.000000000000000000e+00,4.099748331262966228e-01,4.329369996661797115e-01,0.000000000000000000e+00,0.000000000000000000e+00,0.000000000000000000e+00,0.000000000000000000e+00,5.207037574364397070e-01,0.000000000000000000e+00,0.000000000000000000e+00,0.000000000000000000e+00,4.628679439247708194e-01,0.000000000000000000e+00,0.000000000000000000e+00,0.000000000000000000e+00,4.810505283284183808e-01,4.278528368113929115e-01,0.000000000000000000e+00,0.000000000000000000e+00,0.000000000000000000e+00
3.818671675511315922e-01,0.000000000000000000e+00,3.151056637975243047e-01,2.545464207330825901e-01,3.607853964618086273e-01,3.118261159605243971e-01,3.560546389538051248e-01,4.136503378078054127e-01,3.633593257431004253e-01,3.001486021912718183e-01,3.704973429103927129e-01,0.000000000000000000e+00,3.989436395967028148e-01,0.000000000000000000e+00,0.000000000000000000e+00,0.000000000000000000e+00,3.725550730346188777e-01,3.393291235491954216e-01,2.949932130779603923e-01,0.000000000000000000e+00,4.038451402682514124e-01,0.000000000000000000e+00,3.384864995474315963e-01,2.932285586447094805e-01,3.590709552230474944e-01,3.091246971733869198e-01,3.220574644016946930e-01,3.688909399755794793e-01,0.000000000000000000e+00,0.000000000000000000e+00,3.651757469103040221e-01,2.754440149228188917e-01,2.592386436593823729e-01,2.603373284179614777e-01,2.803203518150945150e-01,3.118290622378303012e-01,2.790356529031479127e-01,2.191936896559714965e-01,2.939812133239683156e-01,3.134664016279760101e-01,3.419324401764646804e-01,4.094992333372213800e-01,0.000000000000000000e+00,0.000000000000000000e+00,3.088280763027351772e-01,0.000000000000000000e+00,0.000000000000000000e+00,0.000000000000000000e+00,0.000000000000000000e+00,0.000000000000000000e+00,0.000000000000000000e+00,0.000000000000000000e+00,0.000000000000000000e+00,0.000000000000000000e+00,4.210859947160807137e-01,0.000000000000000000e+00,4.126180204679618102e-01,0.000000000000000000e+00,0.000000000000000000e+00,0.000000000000000000e+00,0.000000000000000000e+00,4.315835512493331749e-01,4.163646890387869837e-01,0.000000000000000000e+00,0.000000000000000000e+00,0.000000000000000000e+00,0.000000000000000000e+00,0.000000000000000000e+00,4.213207301999382093e-01,4.535157619181656163e-01,4.528925718022263069e-01,0.000000000000000000e+00,0.000000000000000000e+00,0.000000000000000000e+00,0.000000000000000000e+00,3.949021448873105133e-01
3.202024093504632907e-01,4.515531723444127232e-01,4.304498106128217261e-01,3.069846727797884145e-01,3.748652104164890142e-01,4.039858646098906103e-01,3.394957564329089128e-01,4.323988374977156823e-01,4.035364065214074869e-01,4.371486565303389082e-01,4.230224011909857196e-01,3.989436395967028148e-01,0.000000000000000000e+00,4.196218067018994136e-01,4.145472997814390048e-01,4.718966032388484111e-01,4.532919088570884769e-01,4.710521070786750086e-01,4.249515080423439950e-01,4.444678640914094814e-01,4.150404773569383865e-01,4.641583525907098107e-01,4.107045945933865960e-01,4.292756685333524724e-01,4.470051767699549927e-01,4.283142231629638030e-01,4.289903096074837996e-01,3.492284265905624130e-01,4.094611400116994759e-01,4.080782898353689792e-01,4.001963692758114255e-01,3.966905234255462265e-01,4.306026217729029826e-01,3.935263493329226869e-01,3.908256223750016245e-01,3.367724578451433137e-01,3.297096760433854135e-01,3.699437073669640808e-01,4.522955871735627187e-01,4.078880764223201116e-01,4.097995442365421903e-01,3.017143702201837141e-01,3.120923935784999936e-01,0.000000000000000000e+00,0.000000000000000000e+00,0.000000000000000000e+00,0.000000000000000000e+00,4.724218002078174883e-01,0.000000000000000000e+00,0.000000000000000000e+00,3.980869501032249236e-01,3.307262817275288258e-01,4.402564874650229942e-01,0.000000000000000000e+00,0.000000000000000000e+00,4.084978226092553788e-01,0.000000000000000000e+00,0.000000000000000000e+00,0.000000000000000000e+00,0.000000000000000000e+00,0.000000000000000000e+00,0.000000000000000000e+00,0.000000000000000000e+00,0.000000000000000000e+00,3.548526266717241251e-01,0.000000000000000000e+00,3.378324261525498806e-01,4.872354011822760955e-01,0.000000000000000000e+00,3.180074664366597248e-01,3.451141048049063964e-01,4.930678893788638106e-01,0.000000000000000000e+00,4.237143733334197138e-01,0.000000000000000000e+00,0.000000000000000000e+00
0.000000000000000000e+00,0.000000000000000000e+00,4.223669923099058199e-01,2.531284377528166818e-01,2.834255145044701774e-01,4.033624261294712077e-01,3.444689614891143781e-01,4.008574604279548925e-01,4.180055849352071196e-01,0.000000000000000000e+00,2.855046559856014854e-01,0.000000000000000000e+00,4.196218067018994136e-01,0.000000000000000000e+00,0.000000000000000000e+00,0.000000000000000000e+00,0.000000000000000000e+00,0.000000000000000000e+00,3.932313018702778828e-01,0.000000000000000000e+00,0.000000000000000000e+00,0.000000000000000000e+00,3.838271874204656764e-01,0.000000000000000000e+00,0.000000000000000000e+00,0.000000000000000000e+00,4.642442205363794816e-01,2.758615297437125857e-01,0.000000000000000000e+00,0.000000000000000000e+00,0.000000000000000000e+00,2.583204574045914192e-01,0.000000000000000000e+00,0.000000000000000000e+00,0.000000000000000000e+00,2.149439482144021862e-01,1.514258011345445132e-01,0.000000000000000000e+00,3.856365798705633230e-01,0.000000000000000000e+00,0.000000000000000000e+00,0.000000000000000000e+00,4.199073430650572814e-01,0.000000000000000000e+00,0.000000000000000000e+00,0.000000000000000000e+00,0.000000000000000000e+00,4.428477441384924829e-01,0.000000000000000000e+00,0.000000000000000000e+00,0.000000000000000000e+00,0.000000000000000000e+00,0.000000000000000000e+00,4.587746532100160923e-01,0.000000000000000000e+00,4.179857369619088825e-01,0.000000000000000000e+00,0.000000000000000000e+00,0.000000000000000000e+00,0.000000000000000000e+00,0.000000000000000000e+00,0.000000000000000000e+00,0.000000000000000000e+00,0.000000000000000000e+00,0.000000000000000000e+00,0.000000000000000000e+00,0.000000000000000000e+00,4.507491152224988862e-01,0.000000000000000000e+00,0.000000000000000000e+00,0.000000000000000000e+00,4.498366592118850926e-01,0.000000000000000000e+00,0.000000000000000000e+00,0.000000000000000000e+00,0.000000000000000000e+00
4.151861663061726104e-01,4.253764017236488226e-01,0.000000000000000000e+00,0.000000000000000000e+00,0.000000000000000000e+00,3.880410538547243160e-01,0.000000000000000000e+00,3.870305569910594268e-01,0.000000000000000000e+00,0.000000000000000000e+00,0.000000000000000000e+00,0.000000000000000000e+00,4.145472997814390048e-01,0.000000000000000000e+00,0.000000000000000000e+00,4.241596166738130780e-01,0.000000000000000000e+00,4.164079011914679773e-01,0.000000000000000000e+00,3.008737039589294837e-01,3.922854136322391772e-01,3.207077574700589184e-01,3.261343958391000886e-01,4.371167118917466121e-01,4.196557742864971963e-01,3.609393551602663730e-01,3.872802102344861108e-01,3.860488472840049035e-01,3.861967526141587004e-01,0.000000000000000000e+00,3.957719907442429075e-01,4.415955789973112222e-01,3.826359178837441810e-01,4.099372246593213087e-01,4.732658785440547189e-01,0.000000000000000000e+00,0.000000000000000000e+00,0.000000000000000000e+00,4.854979336247954858e-01,4.698018489728308933e-01,4.651483007077230059e-01,4.873593944011996859e-01,0.000000000000000000e+00,0.000000000000000000e+00,0.000000000000000000e+00,0.000000000000000000e+00,4.692650032050830755e-01,0.000000000000000000e+00,0.000000000000000000e+00,0.000000000000000000e+00,4.144935042936849778e-01,0.000000000000000000e+00,0.000000000000000000e+00,0.000000000000000000e+00,0.000000000000000000e+00,0.000000000000000000e+00,0.000000000000000000e+00,4.014335145872184873e-01,0.000000000000000000e+00,3.606493062220024193e-01,4.490711685012849785e-01,0.000000000000000000e+00,0.000000000000000000e+00,0.000000000000000000e+00,4.625671170804899757e-01,4.732021505828927777e-01,4.777853113633306892e-01,4.641830602149146778e-01,0.000000000000000000e+00,3.884372652428363937e-01,5.107128162086097545e-01,4.673938570263739822e-01,4.475810444499319085e-01,4.620936035045207224e-01,0.000000000000000000e+00,4.504445290836355809e-01
3.908261494825295834e-01,4.120030633791392227e-01,0.000000000000000000e+00,0.000000000000000000e+00,0.000000000000000000e+00,4.155565118339005215e-01,4.858618139276624226e-01,4.393358226606087213e-01,0.000000000000000000e+00,3.406055800553907109e-01,0.000000000000000000e+00,0.000000000000000000e+00,4.718966032388484111e-01,0.000000000000000000e+00,4.241596166738130780e-01,0.000000000000000000e+00,3.846172872738035098e-01,3.265248008835164861e-01,0.000000000000000000e+00,4.052130118858737751e-01,4.267481320550198798e-01,3.888129895888752241e-01,4.274065600151129019e-01,3.468374329372799214e-01,3.826168424248030941e-01,4.191428779135493166e-01,4.220813326772647200e-01,4.586090223582072190e-01,4.313325557291746160e-01,4.433187089000322212e-01,4.002536320886018184e-01,4.537926878190791102e-01,3.808751991404492054e-01,3.844504646906277134e-01,4.343320016363786951e-01,0.000000000000000000e+00,0.000000000000000000e+00,0.000000000000000000e+00,4.495089002554087942e-01,4.225987074723918102e-01,4.357106547593347923e-01,4.690244445839084064e-01,0.000000000000000000e+00,0.000000000000000000e+00,0.000000000000000000e+00,4.380634552272373861e-01,4.338441333514703180e-01,0.000000000000000000e+00,0.000000000000000000e+00,0.000000000000000000e+00,0.000000000000000000e+00,0.000000000000000000e+00,0.000000000000000000e+00,0.000000000000000000e+00,0.000000000000000000e+00,0.000000000000000000e+00,0.000000000000000000e+00,0.000000000000000000e+00,0.000000000000000000e+00,4.876882588171584931e-01,4.506551131625546880e-01,0.000000000000000000e+00,4.094067234120228882e-01,0.000000000000000000e+00,4.159094063970857902e-01,4.281027601253495907e-01,4.663319538890556837e-01,3.756860289456038782e-01,0.000000000000000000e+00,4.089255960224992270e-01,4.431000314460605827e-01,0.000000000000000000e+00,0.000000000000000000e+00,3.884080885083102119e-01,0.000000000000000000e+00,4.210256986381805122e-01
3.757133434628842084e-01,4.057916223228922870e-01,0.000000000000000000e+00,0.000000000000000000e+00,0.000000000000000000e+00,0.000000000000000000e+00,4.167585786560482064e-01,0.000000000000000000e+00,0.000000000000000000e+00,3.298907074577941967e-01,3.863133733352445143e-01,3.725550730346188777e-01,4.532919088570884769e-01,0.000000000000000000e+00,0.000000000000000000e+00,3.846172872738035098e-01,0.000000000000000000e+00,3.174073015097836903e-01,0.000000000000000000e+00,3.681160786391481921e-01,0.000000000000000000e+00,3.942152214608545258e-01,0.000000000000000000e+00,3.763765208189656097e-01,3.193312047441065893e-01,3.647824185819555920e-01,0.000000000000000000e+00,4.489945570918503215e-01,3.774483619246583044e-01,0.000000000000000000e+00,3.607136873758072237e-01,4.089676049323255902e-01,3.534492181221421947e-01,3.547457027512844197e-01,3.666582725937697074e-01,0.000000000000000000e+00,0.000000000000000000e+00,3.452162313436288876e-01,0.000000000000000000e+00,3.937215235012201942e-01,0.000000000000000000e+00,0.000000000000000000e+00,0.000000000000000000e+00,0.000000000000000000e+00,0.000000000000000000e+00,0.000000000000000000e+00,0.000000000000000000e+00,0.000000000000000000e+00,0.000000000000000000e+00,0.000000000000000000e+00,0.000000000000000000e+00,0.000000000000000000e+00,0.000000000000000000e+00,0.000000000000000000e+00,4.417784664568812913e-01,0.000000000000000000e+00,4.253988168250765756e-01,0.000000000000000000e+00,0.000000000000000000e+00,0.000000000000000000e+00,0.000000000000000000e+00,4.103721173754157903e-01,4.097865659096878166e-01,0.000000000000000000e+00,0.000000000000000000e+00,0.000000000000000000e+00,0.000000000000000000e+00,0.000000000000000000e+00,4.290328762707841248e-01,4.375219130966538916e-01,4.505821345095742947e-01,0.000000000000000000e+00,0.000000000000000000e+00,0.000000000000000000e+00,0.000000000000000000e+00,0.000000000000000000e+00
3.914045737953120163e-01,4.099718046289799189e-01,0.000000000000000000e+00,0.000000000000000000e+00,0.000000000000000000e+00,4.193797308380747824e-01,4.438600266508723746e-01,4.330897580407382930e-01,0.000000000000000000e+00,3.627438628256975939e-01,0.000000000000000000e+00,3.393291235491954216e-01,4.710521070786750086e-01,0.000000000000000000e+00,4.164079011914679773e-01,3.265248008835164861e-01,3.174073015097836903e-01,0.000000000000000000e+00,0.000000000000000000e+00,4.196539431048467161e-01,4.197427085163841776e-01,4.166526014617321083e-01,4.234394977800535753e-01,3.802426707578788756e-01,3.458574166186196841e-01,3.852555771126425777e-01,4.318736156889130262e-01,4.542692721286250013e-01,4.435973428062197077e-01,3.802502748895593143e-01,3.869528929997524958e-01,4.370428532793281251e-01,3.643834354548405874e-01,3.821423413817301995e-01,3.898065368358392124e-01,0.000000000000000000e+00,0.000000000000000000e+00,0.000000000000000000e+00,4.307861081341556875e-01,3.963345249274332072e-01,4.123445814731663828e-01,4.000303221389219233e-01,0.000000000000000000e+00,0.000000000000000000e+00,0.000000000000000000e+00,4.301911445300929948e-01,4.097411736358589907e-01,0.000000000000000000e+00,0.000000000000000000e+00,0.000000000000000000e+00,0.000000000000000000e+00,0.000000000000000000e+00,0.000000000000000000e+00,0.000000000000000000e+00,4.280213488638119901e-01,0.000000000000000000e+00,4.194267941115124021e-01,0.000000000000000000e+00,0.000000000000000000e+00,0.000000000000000000e+00,4.201195609464192238e-01,4.312625812563077865e-01,4.167192043455625883e-01,0.000000000000000000e+00,0.000000000000000000e+00,0.000000000000000000e+00,4.382816043222453883e-01,0.000000000000000000e+00,4.238956273272063147e-01,4.192974009712179817e-01,4.391409649333821164e-01,0.000000000000000000e+00,0.000000000000000000e+00,0.000000000000000000e+00,0.000000000000000000e+00,4.048250302055561023e-01
0.000000000000000000e+00,0.000000000000000000e+00,2.855745133584485784e-01,3.756675409182678727e-01,3.932528891806756910e-01,3.794702788911807900e-01,4.379320167685831766e-01,4.626866379721671918e-01,2.814494278425757057e-01,4.467906233545562156e-01,3.088781041193394139e-01,2.949932130779603923e-01,4.249515080423439950e-01,3.932313018702778828e-01,0.000000000000000000e+00,0.000000000000000000e+00,0.000000000000000000e+00,0.000000000000000000e+00,0.000000000000000000e+00,0.000000000000000000e+00,0.000000000000000000e+00,0.000000000000000000e+00,4.011037511240900799e-01,0.000000000000000000e+00,0.000000000000000000e+00,0.000000000000000000e+00,3.439736112470230811e-01,4.299550136051880078e-01,0.000000000000000000e+00,0.000000000000000000e+00,4.255653290564346825e-01,4.190287996098687184e-01,0.000000000000000000e+00,3.992363569272243118e-01,4.258148897721443782e-01,4.294897227726857114e-01,4.060543051204155152e-01,3.718971721306121858e-01,4.834560688911844206e-01,0.000000000000000000e+00,0.000000000000000000e+00,0.000000000000000000e+00,4.801982226766278172e-01,0.000000000000000000e+00,0.000000000000000000e+00,0.000000000000000000e+00,0.000000000000000000e+00,5.842456341243527085e-01,0.000000000000000000e+00,4.644232111897215742e-01,5.210019645086056972e-01,4.737781717999596798e-01,5.503360791071794100e-01,5.492509428774247082e-01,0.000000000000000000e+00,3.749094167289415136e-01,0.000000000000000000e+00,4.315647416852398943e-01,4.997191507852317138e-01,0.000000000000000000e+00,0.000000000000000000e+00,0.000000000000000000e+00,0.000000000000000000e+00,5.465568991497211648e-01,0.000000000000000000e+00,0.000000000000000000e+00,0.000000000000000000e+00,5.636390712060113106e-01,0.000000000000000000e+00,0.000000000000000000e+00,0.000000000000000000e+00,5.724443932395978374e-01,0.000000000000000000e+00,0.000000000000000000e+00,0.000000000000000000e+00,0.000000000000000000e+00
4.157670971900532253e-01,4.329940932053115143e-01,0.000000000000000000e+00,0.000000000000000000e+00,4.398906679700493871e-01,4.119412243781593874e-01,4.510839699936691760e-01,3.802671770297718079e-01,4.177872271946909133e-01,3.828830293073505753e-01,0.000000000000000000e+00,0.000000000000000000e+00,4.444678640914094814e-01,0.000000000000000000e+00,3.008737039589294837e-01,4.052130118858737751e-01,3.681160786391481921e-01,4.196539431048467161e-01,0.000000000000000000e+00,0.000000000000000000e+00,4.108859442003646167e-01,3.430324924872060754e-01,2.946384550497566090e-01,0.000000000000000000e+00,4.300128421237571219e-01,4.238388245122710063e-01,3.185453568624307952e-01,3.967968405865774928e-01,3.255801821155697162e-01,2.840189451686849775e-01,3.760143603970875770e-01,4.496223336046196173e-01,3.806631698133253749e-01,4.099806379043345883e-01,4.749978508664117749e-01,4.811206251724843841e-01,0.000000000000000000e+00,0.000000000000000000e+00,4.728580332468548808e-01,3.920378957071601889e-01,4.398938187996214166e-01,4.821100330834319214e-01,0.000000000000000000e+00,0.000000000000000000e+00,0.000000000000000000e+00,0.000000000000000000e+00,3.380985851269933118e-01,0.000000000000000000e+00,0.000000000000000000e+00,0.000000000000000000e+00,3.985704888734695750e-01,0.000000000000000000e+00,4.461882188040702801e-01,0.000000000000000000e+00,0.000000000000000000e+00,0.000000000000000000e+00,0.000000000000000000e+00,3.656300705227469861e-01,0.000000000000000000e+00,4.012961082528712087e-01,3.315255193588854121e-01,0.000000000000000000e+00,0.000000000000000000e+00,0.000000000000000000e+00,4.528781566197028763e-01,4.278344644823592891e-01,4.407953430130139849e-01,4.548586659537490751e-01,0.000000000000000000e+00,2.909241677141494176e-01,4.364520509204662946e-01,4.690208666666682014e-01,4.391787584917513088e-01,4.442562214835112933e-01,0.000000000000000000e+00,4.536935603591312760e-01
4.167589574062633972e-01,4.329153430282551840e-01,0.000000000000000000e+00,0.000000000000000000e+00,0.000000000000000000e+00,3.696348055623717155e-01,0.000000000000000000e+00,3.784013897191200182e-01,0.000000000000000000e+00,0.000000000000000000e+00,0.000000000000000000e+00,4.038451402682514124e-01,4.150404773569383865e-01,0.000000000000000000e+00,3.922854136322391772e-01,4.267481320550198798e-01,0.000000000000000000e+00,4.197427085163841776e-01,0.000000000000000000e+00,4.108859442003646167e-01,0.000000000000000000e+00,4.327062461393634818e-01,3.761195476425048256e-01,4.823344138847843743e-01,4.177371771178972071e-01,4.079788860101857817e-01,3.993031950988942813e-01,4.166480557934281737e-01,3.967310714707020236e-01,0.000000000000000000e+00,3.970737527679233936e-01,4.501636236872368912e-01,3.891533195382667065e-01,4.098416119028150950e-01,4.845941128255322750e-01,0.000000000000000000e+00,0.000000000000000000e+00,0.000000000000000000e+00,4.747547383303860058e-01,4.576767267368200276e-01,4.687402269040322200e-01,5.210403246758934515e-01,0.000000000000000000e+00,0.000000000000000000e+00,0.000000000000000000e+00,3.380373462427163078e-01,4.499136450556265876e-01,0.000000000000000000e+00,0.000000000000000000e+00,0.000000000000000000e+00,4.244969281280595030e-01,0.000000000000000000e+00,3.715813180724781839e-01,0.000000000000000000e+00,0.000000000000000000e+00,0.000000000000000000e+00,0.000000000000000000e+00,4.252289834803901214e-01,0.000000000000000000e+00,4.630080579922694062e-01,4.858577645394556166e-01,0.000000000000000000e+00,0.000000000000000000e+00,0.000000000000000000e+00,4.280948073327596748e-01,3.996086761397488751e-01,4.508871270871657733e-01,4.330318155081588904e-01,0.000000000000000000e+00,3.869451609240984191e-01,5.083775861072133972e-01,4.433942324975593263e-01,4.261524083133930163e-01,4.472574032350700168e-01,0.000000000000000000e+00,4.263685241855281749e-01
