0.000000000000000000e+00,4.217824627645980762e-01,0.000000000000000000e+00,0.000000000000000000e+00,0.000000000000000000e+00,4.012578441640611837e-01,0.000000000000000000e+00,5.232441796033689974e-01,0.000000000000000000e+00,3.914788503100760098e-01,0.000000000000000000e+00,3.964059047554903126e-01,3.522014730545683925e-01,0.000000000000000000e+00,4.091444675727821112e-01,4.183482980410466734e-01,3.752264180225399759e-01,4.165772612417997234e-01,0.000000000000000000e+00,4.433067325650321133e-01,4.071207052128871240e-01,4.077456780288348237e-01,4.730875624854016248e-01,3.835363552457186076e-01,4.077555250915507745e-01,3.825651969742249192e-01,4.611239781966922080e-01,3.600725499622176029e-01,4.023784524339831803e-01,0.000000000000000000e+00,3.858543626772231172e-01,4.096721447245437742e-01,3.231759339665405961e-01,3.784625948244147997e-01,4.358187707872798189e-01,0.000000000000000000e+00,0.000000000000000000e+00,0.000000000000000000e+00,4.439294308095210750e-01,4.050096657581274129e-01,4.404857468598606940e-01,0.000000000000000000e+00,0.000000000000000000e+00,0.000000000000000000e+00,0.000000000000000000e+00,4.221015044532607230e-01,4.566429770617143058e-01,0.000000000000000000e+00,0.000000000000000000e+00,0.000000000000000000e+00,0.000000000000000000e+00,0.000000000000000000e+00,0.000000000000000000e+00,0.000000000000000000e+00,0.000000000000000000e+00,0.000000000000000000e+00,0.000000000000000000e+00,0.000000000000000000e+00,0.000000000000000000e+00,0.000000000000000000e+00,4.507142932381603129e-01,0.000000000000000000e+00,4.382974666867672786e-01,0.000000000000000000e+00,0.000000000000000000e+00,4.643963262031626238e-01,4.512157828427307837e-01,0.000000000000000000e+00,0.000000000000000000e+00,4.464589030730067853e-01,4.643374263996675189e-01,0.000000000000000000e+00,0.000000000000000000e+00,0.000000000000000000e+00,0.000000000000000000e+00,4.254536285504739168e-01
4.217824627645980762e-01,0.000000000000000000e+00,0.000000000000000000e+00,0.000000000000000000e+00,4.365948755120638847e-01,4.421025468850645068e-01,4.668479577131928182e-01,5.004661527211951011e-01,4.123630156396932978e-01,0.000000000000000000e+00,0.000000000000000000e+00,0.000000000000000000e+00,4.669739518366682884e-01,0.000000000000000000e+00,4.321635537284931883e-01,4.233453865040467945e-01,4.213249433964493251e-01,4.401924055999623109e-01,0.000000000000000000e+00,4.208085245740704194e-01,4.197737295736148067e-01,3.931031788742599953e-01,4.554012446608063924e-01,0.000000000000000000e+00,4.125095251884631220e-01,3.947157348361092777e-01,4.467382555096494068e-01,4.569369095749523102e-01,4.505053692679946153e-01,0.000000000000000000e+00,3.779261963935253155e-01,4.194732679442841894e-01,3.660525091254773766e-01,3.926265551384456876e-01,4.536304441579290248e-01,0.000000000000000000e+00,0.000000000000000000e+00,0.000000000000000000e+00,4.563567653510938182e-01,4.484622639063798877e-01,4.430717947436781934e-01,4.667591517039538784e-01,0.000000000000000000e+00,0.000000000000000000e+00,0.000000000000000000e+00,4.739764759422331886e-01,4.600725736355533724e-01,0.000000000000000000e+00,0.000000000000000000e+00,0.000000000000000000e+00,3.743507225561831797e-01,0.000000000000000000e+00,0.000000000000000000e+00,0.000000000000000000e+00,0.000000000000000000e+00,0.000000000000000000e+00,0.000000000000000000e+00,0.000000000000000000e+00,0.000000000000000000e+00,4.722875423970180897e-01,4.574018263000494966e-01,0.000000000000000000e+00,4.477064280278049146e-01,0.000000000000000000e+00,4.173958324728775926e-01,4.836929001203292833e-01,4.608546359123367742e-01,4.563194725681595787e-01,0.000000000000000000e+00,4.449151696212758078e-01,4.730761260357991826e-01,4.291205412820041087e-01,0.000000000000000000e+00,4.420542048344290875e-01,0.000000000000000000e+00,4.306327459689328063e-01
0.000000000000000000e+00,0.000000000000000000e+00,0.000000000000000000e+00,3.625760831801296269e-01,4.166178771720583929e-01,4.079472386546582063e-01,4.323934243251904008e-01,3.803033754937316102e-01,3.207156974438621910e-01,4.043161298281852112e-01,3.048793410804105930e-01,3.578649838497527935e-01,4.372174194330274988e-01,4.365698663966223747e-01,0.000000000000000000e+00,0.000000000000000000e+00,0.000000000000000000e+00,0.000000000000000000e+00,2.803855536954201200e-01,0.000000000000000000e+00,0.000000000000000000e+00,0.000000000000000000e+00,3.053208604066979803e-01,0.000000000000000000e+00,0.000000000000000000e+00,0.000000000000000000e+00,3.428164751805035104e-01,4.483133385868289800e-01,0.000000000000000000e+00,0.000000000000000000e+00,4.668814374704182146e-01,4.139734166472145982e-01,3.069344390741647888e-01,4.657716194284967082e-01,4.183639657115962862e-01,3.975844766699421773e-01,4.221299303653359147e-01,0.000000000000000000e+00,4.278832496657453133e-01,0.000000000000000000e+00,0.000000000000000000e+00,0.000000000000000000e+00,0.000000000000000000e+00,0.000000000000000000e+00,0.000000000000000000e+00,0.000000000000000000e+00,0.000000000000000000e+00,2.758240495310417262e-01,0.000000000000000000e+00,4.040512556758087959e-01,5.465375026369126976e-01,4.220887027127167013e-01,5.312307814826761065e-01,3.826301516590778773e-01,0.000000000000000000e+00,3.171269686289691081e-01,0.000000000000000000e+00,2.906362367256026813e-01,4.817680827289090861e-01,0.000000000000000000e+00,0.000000000000000000e+00,0.000000000000000000e+00,0.000000000000000000e+00,2.024390093332751051e-01,0.000000000000000000e+00,0.000000000000000000e+00,0.000000000000000000e+00,5.183832308410503131e-01,0.000000000000000000e+00,0.000000000000000000e+00,0.000000000000000000e+00,5.317131846802747308e-01,3.022149596495040114e-01,0.000000000000000000e+00,0.000000000000000000e+00,0.000000000000000000e+00
0.000000000000000000e+00,0.000000000000000000e+00,3.625760831801296269e-01,0.000000000000000000e+00,3.360604067659683225e-01,4.108266939188299216e-01,2.796895113855789039e-01,3.735167800980632724e-01,3.829710010033504086e-01,1.996091758019827023e-01,3.323087456742011003e-01,2.768462913363867184e-01,3.323911968608975753e-01,2.690977948753133231e-01,0.000000000000000000e+00,0.000000000000000000e+00,0.000000000000000000e+00,0.000000000000000000e+00,3.329041156696065928e-01,3.911760210406124982e-01,0.000000000000000000e+00,0.000000000000000000e+00,3.739803169022153928e-01,0.000000000000000000e+00,0.000000000000000000e+00,0.000000000000000000e+00,4.366662657113393187e-01,2.767563133683546006e-01,3.718741492437270257e-01,0.000000000000000000e+00,2.956051106636000125e-01,2.919406532311649149e-01,0.000000000000000000e+00,2.667111139546051723e-01,3.317002095514425264e-01,2.160118321421496956e-01,1.778939565215837126e-01,0.000000000000000000e+00,0.000000000000000000e+00,0.000000000000000000e+00,0.000000000000000000e+00,0.000000000000000000e+00,0.000000000000000000e+00,0.000000000000000000e+00,0.000000000000000000e+00,0.000000000000000000e+00,0.000000000000000000e+00,0.000000000000000000e+00,0.000000000000000000e+00,0.000000000000000000e+00,0.000000000000000000e+00,0.000000000000000000e+00,0.000000000000000000e+00,0.000000000000000000e+00,0.000000000000000000e+00,0.000000000000000000e+00,0.000000000000000000e+00,0.000000000000000000e+00,0.000000000000000000e+00,0.000000000000000000e+00,0.000000000000000000e+00,0.000000000000000000e+00,0.000000000000000000e+00,0.000000000000000000e+00,0.000000000000000000e+00,0.000000000000000000e+00,0.000000000000000000e+00,0.000000000000000000e+00,0.000000000000000000e+00,0.000000000000000000e+00,0.000000000000000000e+00,0.000000000000000000e+00,0.000000000000000000e+00,0.000000000000000000e+00,0.000000000000000000e+00,0.000000000000000000e+00
0.000000000000000000e+00,4.365948755120638847e-01,4.166178771720583929e-01,3.360604067659683225e-01,0.000000000000000000e+00,4.222808113491622883e-01,3.597784060103638160e-01,4.238222130399105225e-01,3.590479755297378839e-01,4.942100523047673888e-01,3.555051218212860187e-01,4.146057260527267196e-01,3.926629201003801750e-01,3.367617166358907732e-01,0.000000000000000000e+00,4.601677758808340180e-01,0.000000000000000000e+00,0.000000000000000000e+00,3.605479597426369809e-01,0.000000000000000000e+00,0.000000000000000000e+00,4.537373574232971829e-01,4.187344203923459851e-01,0.000000000000000000e+00,3.914167889870068806e-01,3.809868322526085982e-01,4.189857176283964812e-01,4.185069328233386732e-01,4.711209312622526846e-01,0.000000000000000000e+00,4.624294282451122950e-01,4.081161108402581172e-01,3.482318348619746207e-01,4.495782408495221927e-01,4.131986268073356006e-01,2.814204767064075741e-01,3.576769917605043814e-01,4.074395850116854234e-01,4.132663800874077920e-01,0.000000000000000000e+00,0.000000000000000000e+00,0.000000000000000000e+00,0.000000000000000000e+00,0.000000000000000000e+00,0.000000000000000000e+00,0.000000000000000000e+00,0.000000000000000000e+00,4.953791289687793920e-01,0.000000000000000000e+00,0.000000000000000000e+00,4.349868160144885199e-01,0.000000000000000000e+00,4.165706830132004934e-01,4.060452719052012882e-01,0.000000000000000000e+00,4.484239664073165210e-01,0.000000000000000000e+00,0.000000000000000000e+00,0.000000000000000000e+00,0.000000000000000000e+00,0.000000000000000000e+00,0.000000000000000000e+00,0.000000000000000000e+00,4.523208219004303809e-01,0.000000000000000000e+00,0.000000000000000000e+00,0.000000000000000000e+00,5.305067479068857894e-01,0.000000000000000000e+00,0.000000000000000000e+00,0.000000000000000000e+00,4.432332300405192882e-01,0.000000000000000000e+00,0.000000000000000000e+00,0.000000000000000000e+00,0.000000000000000000e+00
4.012578441640611837e-01,4.421025468850645068e-01,4.079472386546582063e-01,4.108266939188299216e-01,4.222808113491622883e-01,0.000000000000000000e+00,4.492935069550095251e-01,4.316561058459197908e-01,3.729376320948669110e-01,4.561382680998776196e-01,3.961465708829731147e-01,4.105773619963584142e-01,4.219280885637459733e-01,4.372397977812865211e-01,4.232821359219696156e-01,4.783316452891919202e-01,3.576886039852403276e-01,4.908660216247465735e-01,4.211218073401277184e-01,4.314821882723183788e-01,4.350008340701386755e-01,4.560735880145366794e-01,4.339053971626594119e-01,0.000000000000000000e+00,4.337341911841868236e-01,4.472752103614994756e-01,3.848980144003690818e-01,4.271070319568576190e-01,3.578969529938189065e-01,4.610564999879138148e-01,4.610115956437372819e-01,4.351849749610499085e-01,4.122551289119156248e-01,4.610589199760203871e-01,4.764315864573870907e-01,4.215950350381265088e-01,4.548654872991824138e-01,4.351898964979670215e-01,4.911299940988448909e-01,0.000000000000000000e+00,4.847817801196909193e-01,4.353238603985571942e-01,4.693041386243690938e-01,0.000000000000000000e+00,0.000000000000000000e+00,0.000000000000000000e+00,3.649362208252013851e-01,5.252847245177085789e-01,0.000000000000000000e+00,4.076757457231197090e-01,5.203450868487041747e-01,4.896846315971684072e-01,4.951306779726740159e-01,5.277874868015340892e-01,0.000000000000000000e+00,4.528070508604523092e-01,0.000000000000000000e+00,5.146107295399174886e-01,0.000000000000000000e+00,4.175988747307070037e-01,0.000000000000000000e+00,0.000000000000000000e+00,0.000000000000000000e+00,5.173379950098413449e-01,4.466672881405919782e-01,4.236793044154408272e-01,4.001763416057789180e-01,5.261570990764466993e-01,0.000000000000000000e+00,0.000000000000000000e+00,3.893401996607183113e-01,5.276234763964400276e-01,5.131713144941761895e-01,5.069448947768738778e-01,4.789147018475555795e-01,4.951682773718584230e-01
0.000000000000000000e+00,4.668479577131928182e-01,4.323934243251904008e-01,2.796895113855789039e-01,3.597784060103638160e-01,4.492935069550095251e-01,0.000000000000000000e+00,4.443414568318965197e-01,4.142721483445098163e-01,4.689799082003061059e-01,4.138755325895415726e-01,4.121121557265249868e-01,3.694438792755387890e-01,3.787961078620499800e-01,0.000000000000000000e+00,4.988214822758634814e-01,4.589711464883570180e-01,4.653262268683424074e-01,4.310034171867205277e-01,4.719959191133594745e-01,0.000000000000000000e+00,4.769285412832581228e-01,4.335194588605912891e-01,4.385921871622955881e-01,4.375025933919682863e-01,4.469719071432408097e-01,4.410547000354432257e-01,3.909682847723978116e-01,4.707332782823862027e-01,0.000000000000000000e+00,4.464942903770792171e-01,4.047403108777599123e-01,3.851917595027323227e-01,4.376016361924365272e-01,4.217469471355316801e-01,2.753104832149733117e-01,2.358372377978794066e-01,4.241911502905956199e-01,4.380371975813707741e-01,0.000000000000000000e+00,4.082299286663568783e-01,0.000000000000000000e+00,3.622304171958858898e-01,0.000000000000000000e+00,0.000000000000000000e+00,0.000000000000000000e+00,0.000000000000000000e+00,3.995284764575069980e-01,0.000000000000000000e+00,0.000000000000000000e+00,4.309142295610581264e-01,0.000000000000000000e+00,4.493182485820095828e-01,3.977225953956011195e-01,0.000000000000000000e+00,3.843983242058793270e-01,0.000000000000000000e+00,0.000000000000000000e+00,0.000000000000000000e+00,0.000000000000000000e+00,0.000000000000000000e+00,0.000000000000000000e+00,0.000000000000000000e+00,0.000000000000000000e+00,0.000000000000000000e+00,0.000000000000000000e+00,0.000000000000000000e+00,5.027890725409973616e-01,0.000000000000000000e+00,0.000000000000000000e+00,0.000000000000000000e+00,4.642340438305229133e-01,0.000000000000000000e+00,0.000000000000000000e+00,0.000000000000000000e+00,0.000000000000000000e+00
5.232441796033689974e-01,5.004661527211951011e-01,3.803033754937316102e-01,3.735167800980632724e-01,4.238222130399105225e-01,4.316561058459197908e-01,4.443414568318965197e-01,0.000000000000000000e+00,4.255548663983297897e-01,5.149204266235986038e-01,2.564688319130726812e-01,4.731778328359851904e-01,4.698117913859894967e-01,3.641726174940472793e-01,3.752394438974174240e-01,5.239357216733125933e-01,0.000000000000000000e+00,5.026064022406122600e-01,3.096477108950960178e-01,4.032779449054775811e-01,4.287772355786322875e-01,0.000000000000000000e+00,3.711086187840341166e-01,5.401892194892288224e-01,5.162500167621839609e-01,5.102187734375787098e-01,4.410476625203402778e-01,4.499914571657900875e-01,4.231573506766331816e-01,4.710720164060784865e-01,4.593491137957114168e-01,4.028715255235035819e-01,5.367633330891793397e-01,4.758461199089527027e-01,0.000000000000000000e+00,2.933654281782664963e-01,0.000000000000000000e+00,0.000000000000000000e+00,4.857842023033296930e-01,0.000000000000000000e+00,0.000000000000000000e+00,0.000000000000000000e+00,3.916888270923822857e-01,0.000000000000000000e+00,0.000000000000000000e+00,0.000000000000000000e+00,0.000000000000000000e+00,5.225795559277668367e-01,0.000000000000000000e+00,4.838091366584431063e-01,5.137927548154582746e-01,5.103392974351784739e-01,4.430542027875364886e-01,5.128465917073748992e-01,0.000000000000000000e+00,4.517421767409123268e-01,0.000000000000000000e+00,5.051891164243738075e-01,4.871645338678520232e-01,4.221555625350209007e-01,0.000000000000000000e+00,0.000000000000000000e+00,0.000000000000000000e+00,4.957030598840451163e-01,0.000000000000000000e+00,4.401878156834264089e-01,0.000000000000000000e+00,5.106292122433446767e-01,0.000000000000000000e+00,0.000000000000000000e+00,0.000000000000000000e+00,5.246655293100286332e-01,5.212486354163523572e-01,4.791258102914852102e-01,0.000000000000000000e+00,0.000000000000000000e+00
0.000000000000000000e+00,4.123630156396932978e-01,3.207156974438621910e-01,3.829710010033504086e-01,3.590479755297378839e-01,3.729376320948669110e-01,4.142721483445098163e-01,4.255548663983297897e-01,0.000000000000000000e+00,4.653588230654668867e-01,3.446029891830975078e-01,4.229154927355633919e-01,3.971612685680024901e-01,4.250091729757364822e-01,0.000000000000000000e+00,4.270882794869375054e-01,0.000000000000000000e+00,3.429508515468088770e-01,3.039479720050838885e-01,0.000000000000000000e+00,0.000000000000000000e+00,4.490418111033900872e-01,4.227889443269762237e-01,4.202498413546986167e-01,4.285017007399595235e-01,4.080373405155364730e-01,3.826863118012436837e-01,4.462640925080511023e-01,4.228453151191439163e-01,5.038518038452379777e-01,4.600237320601798796e-01,4.110416175332480826e-01,3.855494855694213130e-01,4.516414681935190245e-01,4.482069366522298259e-01,3.965899994373818793e-01,4.036186312827232947e-01,4.038259463028450180e-01,0.000000000000000000e+00,0.000000000000000000e+00,2.646955643149683235e-01,0.000000000000000000e+00,0.000000000000000000e+00,0.000000000000000000e+00,0.000000000000000000e+00,0.000000000000000000e+00,0.000000000000000000e+00,5.336370134544781152e-01,0.000000000000000000e+00,4.361895240854717914e-01,5.144757904526029435e-01,3.982980274998513259e-01,5.293097489191853633e-01,4.439055548463908818e-01,0.000000000000000000e+00,5.238771602454981302e-01,0.000000000000000000e+00,4.081866205060599162e-01,0.000000000000000000e+00,0.000000000000000000e+00,0.000000000000000000e+00,0.000000000000000000e+00,0.000000000000000000e+00,5.110741161002599897e-01,0.000000000000000000e+00,0.000000000000000000e+00,0.000000000000000000e+00,5.384825123998117080e-01,0.000000000000000000e+00,0.000000000000000000e+00,0.000000000000000000e+00,5.308635046867853369e-01,3.465012138439820810e-01,0.000000000000000000e+00,0.000000000000000000e+00,0.000000000000000000e+00
3.914788503100760098e-01,0.000000000000000000e+00,4.043161298281852112e-01,1.996091758019827023e-01,4.942100523047673888e-01,4.561382680998776196e-01,4.689799082003061059e-01,5.149204266235986038e-01,4.653588230654668867e-01,0.000000000000000000e+00,4.444686560779920748e-01,3.237662870615354849e-01,4.647104142957301232e-01,0.000000000000000000e+00,0.000000000000000000e+00,4.061249143131457906e-01,3.559861643908209250e-01,4.050992487692757216e-01,4.335145079853178762e-01,3.375991891828745151e-01,0.000000000000000000e+00,3.523862062031766218e-01,4.881093317685927246e-01,3.352800967391151854e-01,3.671642594869610199e-01,3.699378695255440830e-01,4.628747831594018924e-01,4.282201161527890987e-01,3.945437328454706738e-01,0.000000000000000000e+00,3.756868470564134754e-01,3.874161199887243834e-01,3.583624304328764110e-01,3.465242552536617060e-01,3.366817861169048021e-01,3.350138521620121268e-01,2.535553828999618786e-01,3.003250661123929022e-01,2.626675491188593115e-01,3.419343309719434787e-01,3.408567792339096125e-01,0.000000000000000000e+00,0.000000000000000000e+00,0.000000000000000000e+00,3.530971748432475965e-01,0.000000000000000000e+00,0.000000000000000000e+00,0.000000000000000000e+00,0.000000000000000000e+00,0.000000000000000000e+00,0.000000000000000000e+00,0.000000000000000000e+00,0.000000000000000000e+00,0.000000000000000000e+00,4.716308724565563826e-01,0.000000000000000000e+00,4.745607150482135106e-01,3.998326532513559184e-01,0.000000000000000000e+00,0.000000000000000000e+00,0.000000000000000000e+00,4.629822133557668917e-01,4.368071075454256769e-01,0.000000000000000000e+00,0.000000000000000000e+00,0.000000000000000000e+00,0.000000000000000000e+00,0.000000000000000000e+00,4.785122223303509004e-01,4.729965354420799795e-01,4.959955603727755902e-01,0.000000000000000000e+00,0.000000000000000000e+00,0.000000000000000000e+00,0.000000000000000000e+00,4.176124099617701813e-01
0.000000000000000000e+00,0.000000000000000000e+00,3.048793410804105930e-01,3.323087456742011003e-01,3.555051218212860187e-01,3.961465708829731147e-01,4.138755325895415726e-01,2.564688319130726812e-01,3.446029891830975078e-01,4.444686560779920748e-01,0.000000000000000000e+00,4.029217783040762169e-01,4.259921811020649929e-01,3.105923070322290092e-01,0.000000000000000000e+00,0.000000000000000000e+00,4.039947425290585925e-01,0.000000000000000000e+00,2.576095292727942909e-01,0.000000000000000000e+00,0.000000000000000000e+00,0.000000000000000000e+00,2.340155318424236019e-01,4.254106523932554840e-01,0.000000000000000000e+00,3.437573137219427921e-01,3.931312583053229170e-01,4.255515945650534260e-01,0.000000000000000000e+00,0.000000000000000000e+00,4.600569999821383926e-01,3.407654269104753997e-01,4.001452864503484141e-01,4.362044055265765774e-01,4.283546726573995156e-01,2.751846259897710034e-01,3.510416109709902921e-01,4.009488150514912141e-01,3.239762021352030064e-01,0.000000000000000000e+00,0.000000000000000000e+00,0.000000000000000000e+00,3.069297117776982886e-01,0.000000000000000000e+00,0.000000000000000000e+00,0.000000000000000000e+00,0.000000000000000000e+00,3.661469928432908860e-01,0.000000000000000000e+00,2.767346085188209792e-01,4.085102163763866256e-01,3.106480782895438275e-01,0.000000000000000000e+00,2.866299824229062154e-01,0.000000000000000000e+00,1.970402861970844965e-01,0.000000000000000000e+00,3.090022857434400749e-01,2.807631040480477180e-01,0.000000000000000000e+00,0.000000000000000000e+00,0.000000000000000000e+00,0.000000000000000000e+00,2.029970545386199920e-01,0.000000000000000000e+00,0.000000000000000000e+00,0.000000000000000000e+00,4.150883967163757071e-01,0.000000000000000000e+00,0.000000000000000000e+00,0.000000000000000000e+00,4.281644793698929918e-01,2.819419222676626258e-01,0.000000000000000000e+00,0.000000000000000000e+00,0.000000000000000000e+00
3.964059047554903126e-01,0.000000000000000000e+00,3.578649838497527935e-01,2.768462913363867184e-01,4.146057260527267196e-01,4.105773619963584142e-01,4.121121557265249868e-01,4.731778328359851904e-01,4.229154927355633919e-01,3.237662870615354849e-01,4.029217783040762169e-01,0.000000000000000000e+00,4.953949517109900724e-01,0.000000000000000000e+00,0.000000000000000000e+00,0.000000000000000000e+00,4.055894527652497139e-01,3.718198812512782947e-01,3.306809904359926944e-01,0.000000000000000000e+00,4.551240295125376090e-01,0.000000000000000000e+00,4.510811240320237725e-01,3.155977955549240099e-01,3.735114388679106057e-01,3.169502130366819159e-01,3.638770570672172910e-01,4.272373649259024742e-01,0.000000000000000000e+00,0.000000000000000000e+00,3.954962024409380827e-01,2.788313626048333216e-01,3.216730757453474254e-01,2.996191326143006206e-01,3.924128942828242206e-01,3.736009162970498898e-01,3.366615868388880273e-01,2.481536701823192914e-01,2.684618985708874250e-01,3.515226751933017146e-01,3.680849395625533926e-01,3.058449638729576758e-01,0.000000000000000000e+00,0.000000000000000000e+00,3.351271430808557827e-01,0.000000000000000000e+00,0.000000000000000000e+00,0.000000000000000000e+00,0.000000000000000000e+00,0.000000000000000000e+00,0.000000000000000000e+00,0.000000000000000000e+00,0.000000000000000000e+00,0.000000000000000000e+00,4.696081423823523227e-01,0.000000000000000000e+00,4.588544194040578006e-01,4.168671623586183150e-01,0.000000000000000000e+00,0.000000000000000000e+00,0.000000000000000000e+00,4.731885433600018787e-01,4.430745160570833119e-01,0.000000000000000000e+00,0.000000000000000000e+00,0.000000000000000000e+00,0.000000000000000000e+00,0.000000000000000000e+00,4.724934120641984814e-01,4.700447327321413127e-01,4.904922680031653104e-01,0.000000000000000000e+00,4.304577096068811781e-01,0.000000000000000000e+00,0.000000000000000000e+00,4.232624841661711823e-01
3.522014730545683925e-01,4.669739518366682884e-01,4.372174194330274988e-01,3.323911968608975753e-01,3.926629201003801750e-01,4.219280885637459733e-01,3.694438792755387890e-01,4.698117913859894967e-01,3.971612685680024901e-01,4.647104142957301232e-01,4.259921811020649929e-01,4.953949517109900724e-01,0.000000000000000000e+00,3.746789698758166143e-01,4.232410752116925190e-01,4.989454344951794185e-01,5.287212533783165469e-01,5.013340306046463191e-01,4.328730084062396011e-01,4.697174470248197120e-01,4.468972681315609985e-01,4.977784559736619929e-01,4.529378749803356086e-01,5.071540377893254403e-01,4.611726898303876165e-01,4.568839640917999878e-01,4.491276078839646080e-01,3.707029825515245069e-01,4.352180793703402939e-01,3.702168474563263811e-01,4.416314477192601062e-01,4.169794122353803201e-01,4.415975298325204856e-01,4.493101715193075218e-01,4.271870944690295824e-01,3.360284372628253857e-01,3.218575651160253126e-01,4.551320582340216969e-01,4.269888214081823952e-01,3.142782152180296218e-01,3.527019730337122017e-01,3.026867444633369875e-01,0.000000000000000000e+00,0.000000000000000000e+00,0.000000000000000000e+00,0.000000000000000000e+00,0.000000000000000000e+00,4.532976678188209152e-01,0.000000000000000000e+00,0.000000000000000000e+00,4.663289314887826276e-01,3.663388336664247791e-01,4.739538172107385927e-01,0.000000000000000000e+00,0.000000000000000000e+00,0.000000000000000000e+00,4.192391964741922217e-01,0.000000000000000000e+00,0.000000000000000000e+00,3.690863260055171069e-01,0.000000000000000000e+00,0.000000000000000000e+00,0.000000000000000000e+00,0.000000000000000000e+00,4.081468719423915759e-01,0.000000000000000000e+00,3.323166112558231244e-01,5.194787254951855893e-01,0.000000000000000000e+00,3.369506680729663084e-01,3.640547070137488128e-01,5.335768900536409509e-01,0.000000000000000000e+00,4.738137563895324922e-01,0.000000000000000000e+00,0.000000000000000000e+00
0.000000000000000000e+00,0.000000000000000000e+00,4.365698663966223747e-01,2.690977948753133231e-01,3.367617166358907732e-01,4.372397977812865211e-01,3.787961078620499800e-01,3.641726174940472793e-01,4.250091729757364822e-01,0.000000000000000000e+00,3.105923070322290092e-01,0.000000000000000000e+00,3.746789698758166143e-01,0.000000000000000000e+00,0.000000000000000000e+00,0.000000000000000000e+00,0.000000000000000000e+00,0.000000000000000000e+00,3.456887404987312729e-01,0.000000000000000000e+00,4.472449252501571881e-01,0.000000000000000000e+00,4.101581553028548210e-01,0.000000000000000000e+00,0.000000000000000000e+00,0.000000000000000000e+00,4.745720774375600803e-01,3.567704034793424128e-01,0.000000000000000000e+00,0.000000000000000000e+00,0.000000000000000000e+00,1.879885607629623034e-01,0.000000000000000000e+00,0.000000000000000000e+00,0.000000000000000000e+00,2.194966244014207035e-01,1.879859914880472882e-01,0.000000000000000000e+00,0.000000000000000000e+00,0.000000000000000000e+00,0.000000000000000000e+00,0.000000000000000000e+00,0.000000000000000000e+00,0.000000000000000000e+00,0.000000000000000000e+00,0.000000000000000000e+00,0.000000000000000000e+00,4.188113151295473902e-01,0.000000000000000000e+00,0.000000000000000000e+00,0.000000000000000000e+00,0.000000000000000000e+00,0.000000000000000000e+00,0.000000000000000000e+00,0.000000000000000000e+00,0.000000000000000000e+00,0.000000000000000000e+00,0.000000000000000000e+00,0.000000000000000000e+00,0.000000000000000000e+00,0.000000000000000000e+00,0.000000000000000000e+00,0.000000000000000000e+00,0.000000000000000000e+00,0.000000000000000000e+00,0.000000000000000000e+00,0.000000000000000000e+00,4.535225240363057186e-01,0.000000000000000000e+00,0.000000000000000000e+00,0.000000000000000000e+00,0.000000000000000000e+00,0.000000000000000000e+00,0.000000000000000000e+00,0.000000000000000000e+00,0.000000000000000000e+00
4.091444675727821112e-01,4.321635537284931883e-01,0.000000000000000000e+00,0.000000000000000000e+00,0.000000000000000000e+00,4.232821359219696156e-01,0.000000000000000000e+00,3.752394438974174240e-01,0.000000000000000000e+00,0.000000000000000000e+00,0.000000000000000000e+00,0.000000000000000000e+00,4.232410752116925190e-01,0.000000000000000000e+00,0.000000000000000000e+00,4.465758603549803141e-01,0.000000000000000000e+00,4.534277243708599858e-01,0.000000000000000000e+00,3.459962567788962828e-01,3.677774188331143779e-01,3.717855401283416961e-01,3.304637771866906770e-01,4.847834609004380013e-01,4.338793711732292779e-01,4.117803306563782018e-01,3.888927804982881264e-01,3.956553415532980122e-01,4.190610565164836765e-01,0.000000000000000000e+00,4.178253588559590059e-01,4.474702294809024816e-01,4.225448738611899957e-01,4.503048546198570867e-01,5.026675171143557552e-01,0.000000000000000000e+00,0.000000000000000000e+00,0.000000000000000000e+00,4.820330014293631726e-01,4.810329531069251208e-01,4.857160399246214788e-01,4.932385540508690269e-01,4.434598532001515769e-01,0.000000000000000000e+00,0.000000000000000000e+00,0.000000000000000000e+00,4.649080266020451102e-01,0.000000000000000000e+00,0.000000000000000000e+00,0.000000000000000000e+00,4.508783734842072843e-01,0.000000000000000000e+00,5.262444770742953359e-01,0.000000000000000000e+00,0.000000000000000000e+00,0.000000000000000000e+00,0.000000000000000000e+00,4.108889359303771749e-01,0.000000000000000000e+00,4.903198105584227195e-01,4.291100284626919725e-01,0.000000000000000000e+00,0.000000000000000000e+00,0.000000000000000000e+00,4.596354667364039859e-01,4.833277114764741866e-01,5.024171525012658401e-01,4.716308849431046779e-01,0.000000000000000000e+00,3.746109347872544904e-01,5.017399460675480150e-01,4.911780347306062833e-01,4.571507278681911091e-01,4.546307366803037930e-01,0.000000000000000000e+00,4.305544807686271236e-01
4.183482980410466734e-01,4.233453865040467945e-01,0.000000000000000000e+00,0.000000000000000000e+00,4.601677758808340180e-01,4.783316452891919202e-01,4.988214822758634814e-01,5.239357216733125933e-01,4.270882794869375054e-01,4.061249143131457906e-01,0.000000000000000000e+00,0.000000000000000000e+00,4.989454344951794185e-01,0.000000000000000000e+00,4.465758603549803141e-01,0.000000000000000000e+00,4.159237869394943887e-01,3.894498730322705216e-01,0.000000000000000000e+00,4.311026835811805902e-01,4.307550328036008902e-01,4.087445592756401846e-01,4.486290714115139244e-01,3.896983839943202188e-01,4.333696558060465276e-01,4.341651982245324226e-01,4.668332407339038093e-01,4.961155844594318798e-01,4.759555989975459145e-01,4.712544620177711030e-01,4.178861588695348961e-01,4.443818135524362223e-01,4.287816223942876870e-01,4.199150764555784066e-01,4.701640380967430088e-01,0.000000000000000000e+00,0.000000000000000000e+00,0.000000000000000000e+00,4.515637615031266039e-01,4.408702170758417860e-01,4.424104040458393117e-01,4.657151084476863212e-01,0.000000000000000000e+00,0.000000000000000000e+00,0.000000000000000000e+00,4.645539692319127223e-01,4.560186896094277076e-01,0.000000000000000000e+00,0.000000000000000000e+00,0.000000000000000000e+00,0.000000000000000000e+00,0.000000000000000000e+00,0.000000000000000000e+00,0.000000000000000000e+00,0.000000000000000000e+00,0.000000000000000000e+00,0.000000000000000000e+00,0.000000000000000000e+00,0.000000000000000000e+00,0.000000000000000000e+00,4.510572351989816098e-01,0.000000000000000000e+00,4.702231818467884072e-01,0.000000000000000000e+00,0.000000000000000000e+00,4.547435208837717902e-01,4.623501411756674728e-01,4.007454979348781809e-01,0.000000000000000000e+00,4.555067030694223140e-01,4.691266917737079156e-01,0.000000000000000000e+00,0.000000000000000000e+00,4.087038222376749852e-01,0.000000000000000000e+00,4.289697254545182248e-01
3.752264180225399759e-01,4.213249433964493251e-01,0.000000000000000000e+00,0.000000000000000000e+00,0.000000000000000000e+00,3.576886039852403276e-01,4.589711464883570180e-01,0.000000000000000000e+00,0.000000000000000000e+00,3.559861643908209250e-01,4.039947425290585925e-01,4.055894527652497139e-01,5.287212533783165469e-01,0.000000000000000000e+00,0.000000000000000000e+00,4.159237869394943887e-01,0.000000000000000000e+00,3.457308299076096159e-01,0.000000000000000000e+00,4.055484242307700882e-01,0.000000000000000000e+00,4.230117780202796163e-01,0.000000000000000000e+00,4.250106276845422859e-01,3.776705834907638226e-01,3.974954947544322992e-01,0.000000000000000000e+00,4.881096916273447994e-01,4.075967085731544981e-01,0.000000000000000000e+00,4.145485627018241082e-01,4.403256986241546045e-01,3.825273057479761096e-01,3.940073782615903242e-01,4.113489161996238264e-01,0.000000000000000000e+00,0.000000000000000000e+00,3.905957951104125914e-01,0.000000000000000000e+00,4.059099162713226128e-01,0.000000000000000000e+00,0.000000000000000000e+00,0.000000000000000000e+00,0.000000000000000000e+00,0.000000000000000000e+00,0.000000000000000000e+00,0.000000000000000000e+00,0.000000000000000000e+00,0.000000000000000000e+00,0.000000000000000000e+00,0.000000000000000000e+00,0.000000000000000000e+00,0.000000000000000000e+00,0.000000000000000000e+00,4.880535445318953114e-01,0.000000000000000000e+00,4.985506473549894957e-01,0.000000000000000000e+00,0.000000000000000000e+00,0.000000000000000000e+00,0.000000000000000000e+00,4.573408704788022860e-01,4.384014623648613274e-01,0.000000000000000000e+00,0.000000000000000000e+00,0.000000000000000000e+00,0.000000000000000000e+00,0.000000000000000000e+00,4.771730120410156983e-01,4.643555381013155792e-01,4.891504025066811256e-01,0.000000000000000000e+00,0.000000000000000000e+00,0.000000000000000000e+00,0.000000000000000000e+00,0.000000000000000000e+00
4.165772612417997234e-01,4.401924055999623109e-01,0.000000000000000000e+00,0.000000000000000000e+00,0.000000000000000000e+00,4.908660216247465735e-01,4.653262268683424074e-01,5.026064022406122600e-01,3.429508515468088770e-01,4.050992487692757216e-01,0.000000000000000000e+00,3.718198812512782947e-01,5.013340306046463191e-01,0.000000000000000000e+00,4.534277243708599858e-01,3.894498730322705216e-01,3.457308299076096159e-01,0.000000000000000000e+00,0.000000000000000000e+00,4.411919526010775194e-01,4.687919371419684844e-01,4.417140128843469737e-01,4.942045342195484081e-01,4.038779783529362066e-01,3.922933506797415815e-01,4.121203627230208277e-01,4.747557458724127044e-01,4.784081211105892795e-01,4.745315303727455913e-01,4.149949019124866134e-01,4.261429411208105811e-01,4.369896283425446226e-01,3.805696592225064068e-01,4.098568913080676834e-01,4.564309876029363222e-01,0.000000000000000000e+00,0.000000000000000000e+00,0.000000000000000000e+00,4.526369400723709857e-01,4.256103688976468069e-01,4.412568064942778978e-01,4.565190091496321156e-01,0.000000000000000000e+00,0.000000000000000000e+00,0.000000000000000000e+00,4.588665548811514117e-01,4.483171294429080800e-01,0.000000000000000000e+00,0.000000000000000000e+00,0.000000000000000000e+00,0.000000000000000000e+00,0.000000000000000000e+00,0.000000000000000000e+00,0.000000000000000000e+00,4.836204289052806193e-01,0.000000000000000000e+00,4.924343050677342237e-01,0.000000000000000000e+00,0.000000000000000000e+00,0.000000000000000000e+00,4.524656028937394936e-01,4.869787040683439261e-01,4.576981870694591947e-01,0.000000000000000000e+00,0.000000000000000000e+00,0.000000000000000000e+00,4.255539740466097176e-01,0.000000000000000000e+00,4.691830601298538905e-01,4.662422589495098246e-01,4.802275086486706979e-01,0.000000000000000000e+00,0.000000000000000000e+00,0.000000000000000000e+00,0.000000000000000000e+00,4.429421299783741772e-01
0.000000000000000000e+00,0.000000000000000000e+00,2.803855536954201200e-01,3.329041156696065928e-01,3.605479597426369809e-01,4.211218073401277184e-01,4.310034171867205277e-01,3.096477108950960178e-01,3.039479720050838885e-01,4.335145079853178762e-01,2.576095292727942909e-01,3.306809904359926944e-01,4.328730084062396011e-01,3.456887404987312729e-01,0.000000000000000000e+00,0.000000000000000000e+00,0.000000000000000000e+00,0.000000000000000000e+00,0.000000000000000000e+00,0.000000000000000000e+00,0.000000000000000000e+00,0.000000000000000000e+00,2.746496221461703913e-01,0.000000000000000000e+00,0.000000000000000000e+00,0.000000000000000000e+00,3.908605282670690184e-01,4.348448097787001032e-01,0.000000000000000000e+00,0.000000000000000000e+00,4.444349097337657040e-01,3.668025788203387871e-01,0.000000000000000000e+00,4.194285639859384740e-01,3.737797808721898818e-01,3.545547883425871905e-01,3.768934365378693863e-01,3.659096025275558883e-01,0.000000000000000000e+00,0.000000000000000000e+00,0.000000000000000000e+00,0.000000000000000000e+00,0.000000000000000000e+00,0.000000000000000000e+00,0.000000000000000000e+00,0.000000000000000000e+00,0.000000000000000000e+00,0.000000000000000000e+00,0.000000000000000000e+00,3.842365167639615886e-01,0.000000000000000000e+00,0.000000000000000000e+00,0.000000000000000000e+00,4.134324569793835225e-01,0.000000000000000000e+00,2.300147079076581003e-01,0.000000000000000000e+00,0.000000000000000000e+00,0.000000000000000000e+00,0.000000000000000000e+00,0.000000000000000000e+00,0.000000000000000000e+00,0.000000000000000000e+00,0.000000000000000000e+00,0.000000000000000000e+00,0.000000000000000000e+00,0.000000000000000000e+00,5.134880886729875638e-01,0.000000000000000000e+00,0.000000000000000000e+00,0.000000000000000000e+00,4.673261023269809078e-01,0.000000000000000000e+00,0.000000000000000000e+00,0.000000000000000000e+00,0.000000000000000000e+00
4.433067325650321133e-01,4.208085245740704194e-01,0.000000000000000000e+00,3.911760210406124982e-01,0.000000000000000000e+00,4.314821882723183788e-01,4.719959191133594745e-01,4.032779449054775811e-01,0.000000000000000000e+00,3.375991891828745151e-01,0.000000000000000000e+00,0.000000000000000000e+00,4.697174470248197120e-01,0.000000000000000000e+00,3.459962567788962828e-01,4.311026835811805902e-01,4.055484242307700882e-01,4.411919526010775194e-01,0.000000000000000000e+00,0.000000000000000000e+00,4.077834532001302081e-01,3.757920972576855867e-01,3.292192353483617273e-01,0.000000000000000000e+00,4.285114841830692245e-01,4.487162630491793869e-01,3.801983955299855777e-01,4.235362737530122268e-01,3.516403800313898098e-01,4.302744084843920791e-01,3.853752482730293250e-01,4.407470935906621090e-01,3.873135921231558032e-01,4.270966425595835170e-01,4.826547705947468736e-01,5.098286460335414993e-01,4.533676279307131129e-01,0.000000000000000000e+00,4.702293875292805070e-01,4.229986063662236062e-01,4.656359915722291243e-01,4.826906475364136084e-01,4.318591933289419038e-01,0.000000000000000000e+00,0.000000000000000000e+00,0.000000000000000000e+00,3.958337431394777228e-01,0.000000000000000000e+00,0.000000000000000000e+00,0.000000000000000000e+00,4.671189597075566802e-01,0.000000000000000000e+00,4.945358052551920847e-01,0.000000000000000000e+00,0.000000000000000000e+00,0.000000000000000000e+00,0.000000000000000000e+00,4.083272120984999254e-01,0.000000000000000000e+00,4.564429535285723927e-01,3.267731586369196917e-01,0.000000000000000000e+00,0.000000000000000000e+00,0.000000000000000000e+00,4.710719140906244884e-01,4.446859751897129787e-01,4.720127529379619102e-01,4.885896603595463739e-01,0.000000000000000000e+00,3.298700477232707762e-01,4.959216988325932940e-01,5.063493855860786708e-01,5.001228088807052607e-01,4.618356565894748966e-01,4.189698660658283114e-01,4.731328157086975850e-01
4.071207052128871240e-01,4.197737295736148067e-01,0.000000000000000000e+00,0.000000000000000000e+00,0.000000000000000000e+00,4.350008340701386755e-01,0.000000000000000000e+00,4.287772355786322875e-01,0.000000000000000000e+00,0.000000000000000000e+00,0.000000000000000000e+00,4.551240295125376090e-01,4.468972681315609985e-01,4.472449252501571881e-01,3.677774188331143779e-01,4.307550328036008902e-01,0.000000000000000000e+00,4.687919371419684844e-01,0.000000000000000000e+00,4.077834532001302081e-01,0.000000000000000000e+00,4.382250863785666084e-01,4.111020646549178870e-01,4.878608904316639183e-01,4.510641975656835001e-01,4.266535992306801917e-01,4.363599126528575067e-01,4.316603073745233776e-01,4.262846379924061235e-01,0.000000000000000000e+00,3.972805337928020930e-01,4.177135354397267797e-01,4.157102175352717088e-01,4.163305741468126819e-01,4.678760291932910209e-01,0.000000000000000000e+00,0.000000000000000000e+00,0.000000000000000000e+00,4.775699320371257772e-01,4.265632976135658727e-01,4.762767556972671845e-01,5.261564703928663933e-01,0.000000000000000000e+00,0.000000000000000000e+00,0.000000000000000000e+00,4.249732922321878825e-01,4.709880805593643083e-01,0.000000000000000000e+00,0.000000000000000000e+00,0.000000000000000000e+00,4.946065540848040842e-01,0.000000000000000000e+00,3.238734708293459219e-01,0.000000000000000000e+00,0.000000000000000000e+00,0.000000000000000000e+00,0.000000000000000000e+00,4.334455672196774190e-01,0.000000000000000000e+00,5.017569265188498440e-01,4.693528532420429000e-01,0.000000000000000000e+00,0.000000000000000000e+00,0.000000000000000000e+00,4.657103812769923801e-01,4.718520213586835932e-01,4.890767548581747004e-01,4.842489547692749863e-01,0.000000000000000000e+00,4.077830228997622042e-01,5.221232482710460587e-01,5.127267790065204167e-01,4.722893711777015890e-01,4.618092038679061928e-01,0.000000000000000000e+00,4.124173099180674096e-01
