0.000000000000000000e+00,3.904950395658773887e-01,0.000000000000000000e+00,0.000000000000000000e+00,0.000000000000000000e+00,3.424811505442624804e-01,0.000000000000000000e+00,4.480547124119854119e-01,0.000000000000000000e+00,3.263684678665197958e-01,0.000000000000000000e+00,3.203989195606062879e-01,3.306642906474556165e-01,0.000000000000000000e+00,3.730533934610428259e-01,3.856723349088023167e-01,3.450661117950796219e-01,3.383061410186624096e-01,0.000000000000000000e+00,3.945177635422880136e-01,3.730165831495885764e-01,4.017713344684101795e-01,4.209232338139001217e-01,3.058029290713594195e-01,3.303906404647916073e-01,3.427263105544616772e-01,3.992988663389412940e-01,3.672607697975652230e-01,3.721653612330235172e-01,0.000000000000000000e+00,3.568942941692074267e-01,3.930608682353655126e-01,3.180479880438613072e-01,3.464708562157706173e-01,3.307048589995874033e-01,0.000000000000000000e+00,0.000000000000000000e+00,4.620648701214338239e-01,4.257074146815459925e-01,4.071511057952852952e-01,4.090875657582668801e-01,0.000000000000000000e+00,0.000000000000000000e+00,0.000000000000000000e+00,0.000000000000000000e+00,3.561957525530354274e-01,4.628575830061610885e-01,0.000000000000000000e+00,0.000000000000000000e+00,0.000000000000000000e+00,0.000000000000000000e+00,0.000000000000000000e+00,0.000000000000000000e+00,0.000000000000000000e+00,3.784815584980711911e-01,0.000000000000000000e+00,0.000000000000000000e+00,0.000000000000000000e+00,0.000000000000000000e+00,0.000000000000000000e+00,4.277897725976256837e-01,0.000000000000000000e+00,3.959819303870206753e-01,0.000000000000000000e+00,0.000000000000000000e+00,2.680185222071528872e-01,4.558938482890412813e-01,0.000000000000000000e+00,3.520485209438811158e-01,4.172471672890263883e-01,4.354325525233823102e-01,0.000000000000000000e+00,0.000000000000000000e+00,0.000000000000000000e+00,0.000000000000000000e+00,3.819074907457741808e-01
3.904950395658773887e-01,0.000000000000000000e+00,0.000000000000000000e+00,0.000000000000000000e+00,3.626411666537066036e-01,3.815947615488117228e-01,3.679024536343051266e-01,4.343819549522264234e-01,3.247597398401890767e-01,0.000000000000000000e+00,0.000000000000000000e+00,0.000000000000000000e+00,4.030901264287681252e-01,0.000000000000000000e+00,3.979325414829492091e-01,3.841944614670000924e-01,0.000000000000000000e+00,3.750524021803269825e-01,0.000000000000000000e+00,3.979405285741722809e-01,4.151554558829010921e-01,3.609468354550501856e-01,3.797715776173382074e-01,0.000000000000000000e+00,3.788253765392963213e-01,3.849451215649380975e-01,3.823937160369315080e-01,3.844565822394163113e-01,3.813700025740560107e-01,0.000000000000000000e+00,3.630518657526706217e-01,4.049743191259673747e-01,3.625796626002523726e-01,3.743929244512009813e-01,4.405201590994172745e-01,0.000000000000000000e+00,0.000000000000000000e+00,0.000000000000000000e+00,4.441940374501585076e-01,4.213169523310725251e-01,4.345736191068976795e-01,4.634980051667471068e-01,0.000000000000000000e+00,0.000000000000000000e+00,0.000000000000000000e+00,4.258144890384648051e-01,4.528930190856160776e-01,0.000000000000000000e+00,0.000000000000000000e+00,0.000000000000000000e+00,3.054247961880480200e-01,0.000000000000000000e+00,0.000000000000000000e+00,0.000000000000000000e+00,0.000000000000000000e+00,0.000000000000000000e+00,0.000000000000000000e+00,0.000000000000000000e+00,0.000000000000000000e+00,4.560395087571054162e-01,4.392592497663134199e-01,0.000000000000000000e+00,4.141391811630079078e-01,0.000000000000000000e+00,3.941508833686533930e-01,4.397844848810579799e-01,4.628351423850083912e-01,3.530903707047071127e-01,0.000000000000000000e+00,4.250084064155312813e-01,4.664773392519498962e-01,3.544827039488194775e-01,0.000000000000000000e+00,3.675310991185998244e-01,0.000000000000000000e+00,4.077558887060309112e-01
0.000000000000000000e+00,0.000000000000000000e+00,0.000000000000000000e+00,3.017380089832741863e-01,3.287865505481096240e-01,3.421301979291120898e-01,3.674133673667390187e-01,3.815712014376286265e-01,2.588677967067378183e-01,3.221897007476853259e-01,2.698821838099864090e-01,2.841659099008799205e-01,3.671146728819478788e-01,3.866818393948082133e-01,0.000000000000000000e+00,0.000000000000000000e+00,0.000000000000000000e+00,0.000000000000000000e+00,2.404947738674045876e-01,0.000000000000000000e+00,0.000000000000000000e+00,0.000000000000000000e+00,2.798234642832472807e-01,0.000000000000000000e+00,0.000000000000000000e+00,0.000000000000000000e+00,2.785894071336527111e-01,3.671862462827032991e-01,0.000000000000000000e+00,0.000000000000000000e+00,3.987522328908695846e-01,3.535924727774542031e-01,2.885874275188287097e-01,3.728688445475957236e-01,3.721788912200342803e-01,3.361811956099297061e-01,3.187678592953250845e-01,0.000000000000000000e+00,3.379753880326520910e-01,0.000000000000000000e+00,3.589366880230335233e-01,0.000000000000000000e+00,4.753085857290749172e-01,0.000000000000000000e+00,0.000000000000000000e+00,0.000000000000000000e+00,0.000000000000000000e+00,2.739209438205086888e-01,0.000000000000000000e+00,4.037112635779824266e-01,4.825104269117362898e-01,3.334990245902316741e-01,4.933964609860034267e-01,5.074119449783730529e-01,0.000000000000000000e+00,3.197492741457086951e-01,0.000000000000000000e+00,3.553126005814200017e-01,4.515279170558942901e-01,0.000000000000000000e+00,0.000000000000000000e+00,0.000000000000000000e+00,0.000000000000000000e+00,2.121161603854113953e-01,0.000000000000000000e+00,0.000000000000000000e+00,0.000000000000000000e+00,5.109896337173195358e-01,0.000000000000000000e+00,0.000000000000000000e+00,0.000000000000000000e+00,4.233821814348179835e-01,3.259503116029862091e-01,0.000000000000000000e+00,0.000000000000000000e+00,0.000000000000000000e+00
0.000000000000000000e+00,0.000000000000000000e+00,3.017380089832741863e-01,0.000000000000000000e+00,2.196536093678196910e-01,3.327571076994668142e-01,2.336831564845137932e-01,2.625560128686739159e-01,3.419070494072106725e-01,3.512332878916675227e-01,2.983366495151820730e-01,0.000000000000000000e+00,2.469025101426242930e-01,2.499871450081211088e-01,0.000000000000000000e+00,0.000000000000000000e+00,0.000000000000000000e+00,0.000000000000000000e+00,2.863003527667283277e-01,3.434914080344799170e-01,0.000000000000000000e+00,0.000000000000000000e+00,3.508194447990645726e-01,0.000000000000000000e+00,0.000000000000000000e+00,0.000000000000000000e+00,3.190161426373124831e-01,2.354233515117014064e-01,2.779405690394453066e-01,0.000000000000000000e+00,3.064644653808618058e-01,2.739802996928498158e-01,0.000000000000000000e+00,3.022366016978774161e-01,2.891334960935548204e-01,1.905209472270253113e-01,1.811558687351650931e-01,2.879415846822396263e-01,0.000000000000000000e+00,0.000000000000000000e+00,0.000000000000000000e+00,0.000000000000000000e+00,0.000000000000000000e+00,0.000000000000000000e+00,0.000000000000000000e+00,0.000000000000000000e+00,0.000000000000000000e+00,0.000000000000000000e+00,0.000000000000000000e+00,0.000000000000000000e+00,0.000000000000000000e+00,0.000000000000000000e+00,0.000000000000000000e+00,0.000000000000000000e+00,0.000000000000000000e+00,0.000000000000000000e+00,0.000000000000000000e+00,0.000000000000000000e+00,0.000000000000000000e+00,0.000000000000000000e+00,0.000000000000000000e+00,0.000000000000000000e+00,0.000000000000000000e+00,0.000000000000000000e+00,0.000000000000000000e+00,0.000000000000000000e+00,0.000000000000000000e+00,0.000000000000000000e+00,0.000000000000000000e+00,0.000000000000000000e+00,0.000000000000000000e+00,0.000000000000000000e+00,0.000000000000000000e+00,0.000000000000000000e+00,0.000000000000000000e+00,0.000000000000000000e+00
0.000000000000000000e+00,3.626411666537066036e-01,3.287865505481096240e-01,2.196536093678196910e-01,0.000000000000000000e+00,3.463364267983177758e-01,2.962179916235124777e-01,3.655590620608942798e-01,2.999737256131707053e-01,3.633090734309725178e-01,3.075765463229728769e-01,3.334881893144678866e-01,3.345566321290793232e-01,2.623834121197068936e-01,0.000000000000000000e+00,3.577400781853183886e-01,0.000000000000000000e+00,0.000000000000000000e+00,3.362296341196293059e-01,4.031007309636823743e-01,0.000000000000000000e+00,4.082205903604368968e-01,3.649474372477051753e-01,0.000000000000000000e+00,3.067611543745137892e-01,3.200641133808034833e-01,3.474366940246140234e-01,3.184271443147635994e-01,3.599331705170453199e-01,0.000000000000000000e+00,4.038148414114078877e-01,3.346221965595336800e-01,3.153603737732650902e-01,3.918755677506812751e-01,3.728900230190854148e-01,2.129355920197678054e-01,1.817709771140602892e-01,3.041772256189638757e-01,2.971345397283458034e-01,0.000000000000000000e+00,0.000000000000000000e+00,0.000000000000000000e+00,3.881956132576263041e-01,0.000000000000000000e+00,0.000000000000000000e+00,0.000000000000000000e+00,0.000000000000000000e+00,3.814726643365770054e-01,0.000000000000000000e+00,3.745232393307724172e-01,3.697003142368027184e-01,0.000000000000000000e+00,4.193089702957841225e-01,3.638175169703112277e-01,0.000000000000000000e+00,4.033002451529211774e-01,0.000000000000000000e+00,0.000000000000000000e+00,0.000000000000000000e+00,0.000000000000000000e+00,0.000000000000000000e+00,0.000000000000000000e+00,0.000000000000000000e+00,3.969913924707064723e-01,0.000000000000000000e+00,0.000000000000000000e+00,0.000000000000000000e+00,4.560528901288897763e-01,0.000000000000000000e+00,0.000000000000000000e+00,0.000000000000000000e+00,3.601630857940116837e-01,0.000000000000000000e+00,0.000000000000000000e+00,0.000000000000000000e+00,0.000000000000000000e+00
3.424811505442624804e-01,3.815947615488117228e-01,3.421301979291120898e-01,3.327571076994668142e-01,3.463364267983177758e-01,0.000000000000000000e+00,3.579817466803241754e-01,3.844727928040829745e-01,2.859539226810505208e-01,3.845283107105205156e-01,3.420602631924407055e-01,2.987067774853000013e-01,3.216062557099274022e-01,3.800688701158714267e-01,3.802770807373676010e-01,4.021083003314402937e-01,2.842870490821201024e-01,3.737191562445221216e-01,3.460929397680139741e-01,3.771214801855017895e-01,3.619014933124610200e-01,3.963571819323724044e-01,3.868241622964749271e-01,0.000000000000000000e+00,3.646403578784596089e-01,3.843274855712047189e-01,3.755163167217259179e-01,3.003590570184154762e-01,3.043379491703728790e-01,3.513311744175269813e-01,4.022857999106426163e-01,3.742428610136411815e-01,3.342598524562149787e-01,3.990602726766954156e-01,3.987231412436810785e-01,3.973026036125221205e-01,3.821278249618296208e-01,3.129988206379591964e-01,4.386487786073189898e-01,0.000000000000000000e+00,4.520654324154412262e-01,4.017011758033449120e-01,4.187054220481741251e-01,0.000000000000000000e+00,0.000000000000000000e+00,0.000000000000000000e+00,2.773471577276775957e-01,4.856015769297619133e-01,0.000000000000000000e+00,3.373559635745720930e-01,4.450018628659426212e-01,3.474355434971054257e-01,4.552747430736968082e-01,4.900615123058778000e-01,0.000000000000000000e+00,4.228884302320826127e-01,0.000000000000000000e+00,3.846339838979628833e-01,0.000000000000000000e+00,3.622198643489513148e-01,0.000000000000000000e+00,0.000000000000000000e+00,0.000000000000000000e+00,4.568883454110377884e-01,3.670298793732091891e-01,3.988793684774188941e-01,3.174518328981721926e-01,4.627555718470818258e-01,0.000000000000000000e+00,0.000000000000000000e+00,3.145217189721006834e-01,4.542011260502287762e-01,4.332694892422825905e-01,4.322265918385823080e-01,4.069642949849526792e-01,4.236601137456190158e-01
0.000000000000000000e+00,3.679024536343051266e-01,3.674133673667390187e-01,2.336831564845137932e-01,2.962179916235124777e-01,3.579817466803241754e-01,0.000000000000000000e+00,3.901455823062673911e-01,3.444713614822768055e-01,3.426672075689704000e-01,3.896144159103934745e-01,3.338098193296115124e-01,2.800304181244150925e-01,2.740982042544105046e-01,0.000000000000000000e+00,3.796330377014572877e-01,3.449839495996198102e-01,3.640119769464246202e-01,4.057319517380620910e-01,3.884034884644049779e-01,0.000000000000000000e+00,4.081191589812896980e-01,3.782854807736102942e-01,3.790863208165223264e-01,3.718855230205482254e-01,3.543333720212640259e-01,3.795457194066116924e-01,3.129576796756131096e-01,3.639360992952948015e-01,0.000000000000000000e+00,3.788713446055915757e-01,3.584558597642095723e-01,3.065062798382421905e-01,3.607653228065165751e-01,3.535553826464135074e-01,2.641620428767735840e-01,2.614926300193158859e-01,3.161563978118335227e-01,2.235162125386107035e-01,0.000000000000000000e+00,3.314700926820792204e-01,0.000000000000000000e+00,3.452947336630695085e-01,0.000000000000000000e+00,0.000000000000000000e+00,0.000000000000000000e+00,0.000000000000000000e+00,3.372978354682724111e-01,0.000000000000000000e+00,0.000000000000000000e+00,3.291716739356236876e-01,0.000000000000000000e+00,3.984633963589918060e-01,3.289066007838034045e-01,0.000000000000000000e+00,3.523664272444008150e-01,0.000000000000000000e+00,0.000000000000000000e+00,0.000000000000000000e+00,0.000000000000000000e+00,0.000000000000000000e+00,0.000000000000000000e+00,0.000000000000000000e+00,3.773432495465308123e-01,0.000000000000000000e+00,0.000000000000000000e+00,0.000000000000000000e+00,4.545217986394349263e-01,0.000000000000000000e+00,0.000000000000000000e+00,0.000000000000000000e+00,3.703583749962067184e-01,0.000000000000000000e+00,0.000000000000000000e+00,0.000000000000000000e+00,0.000000000000000000e+00
4.480547124119854119e-01,4.343819549522264234e-01,3.815712014376286265e-01,2.625560128686739159e-01,3.655590620608942798e-01,3.844727928040829745e-01,3.901455823062673911e-01,0.000000000000000000e+00,3.970294227676409160e-01,3.828473372100029137e-01,3.163650319033138869e-01,0.000000000000000000e+00,3.810484060541721174e-01,3.515211337167100103e-01,4.253765517126361084e-01,4.268160603407207820e-01,0.000000000000000000e+00,4.018059433904047073e-01,3.895598030110876131e-01,3.939466364739476201e-01,3.656878408593216001e-01,4.317247506155902914e-01,3.353390697850601176e-01,4.588553183634981880e-01,4.340947503769391203e-01,4.498973900488008049e-01,3.838424899035363103e-01,3.697085422076427097e-01,3.528039229602628057e-01,3.382363763092224862e-01,4.003539249959601198e-01,3.370805889358233220e-01,4.231375667617587877e-01,4.101939069874868116e-01,3.971413657820405119e-01,2.447123918790695962e-01,2.086610229087947077e-01,0.000000000000000000e+00,4.156293363649293249e-01,0.000000000000000000e+00,4.168980289190277189e-01,0.000000000000000000e+00,3.996083879853445930e-01,0.000000000000000000e+00,0.000000000000000000e+00,0.000000000000000000e+00,0.000000000000000000e+00,4.904770323621754913e-01,0.000000000000000000e+00,4.110680891381114921e-01,3.891049508947327928e-01,4.002821820675891984e-01,3.387453628955726104e-01,4.713407758878913056e-01,0.000000000000000000e+00,4.507097687909417116e-01,0.000000000000000000e+00,3.847156516717374908e-01,0.000000000000000000e+00,4.034098148243592252e-01,0.000000000000000000e+00,0.000000000000000000e+00,0.000000000000000000e+00,5.004561419064855743e-01,4.127166490950240907e-01,3.720136792705120987e-01,0.000000000000000000e+00,4.251878307758992781e-01,0.000000000000000000e+00,0.000000000000000000e+00,0.000000000000000000e+00,4.452673743969877140e-01,3.894158470751977741e-01,3.519209969753208100e-01,0.000000000000000000e+00,4.009354300062977217e-01
0.000000000000000000e+00,3.247597398401890767e-01,2.588677967067378183e-01,3.419070494072106725e-01,2.999737256131707053e-01,2.859539226810505208e-01,3.444713614822768055e-01,3.970294227676409160e-01,0.000000000000000000e+00,3.967651150017860173e-01,2.825686455683549814e-01,3.011515281495649177e-01,3.208076906808595141e-01,3.876063573624601855e-01,0.000000000000000000e+00,3.631419403904357912e-01,0.000000000000000000e+00,2.565991035038402979e-01,2.446695541096005899e-01,3.802182009637447013e-01,0.000000000000000000e+00,3.812573339128652039e-01,3.543182811073311012e-01,3.357718479996654737e-01,2.794888655523818932e-01,2.923071181196533752e-01,3.028217097405543901e-01,3.912901082659810958e-01,3.458022560396943890e-01,3.642213988356984844e-01,4.184832048430017215e-01,3.861315141110828741e-01,3.352552970358457785e-01,4.045290591607761943e-01,3.865270281129354890e-01,3.610173802436361101e-01,3.653518976376385896e-01,2.959260921900765950e-01,3.020535883972049751e-01,0.000000000000000000e+00,2.756846582264155798e-01,0.000000000000000000e+00,4.526278591985241073e-01,0.000000000000000000e+00,0.000000000000000000e+00,0.000000000000000000e+00,0.000000000000000000e+00,4.997788505727244757e-01,0.000000000000000000e+00,3.772687427706684082e-01,4.617842140570707077e-01,3.103525876744637202e-01,4.981944473017919095e-01,4.293230029165738260e-01,0.000000000000000000e+00,4.898717356126003897e-01,0.000000000000000000e+00,3.140838910675403106e-01,4.423796964456475078e-01,0.000000000000000000e+00,0.000000000000000000e+00,0.000000000000000000e+00,0.000000000000000000e+00,4.818377605997338220e-01,0.000000000000000000e+00,0.000000000000000000e+00,0.000000000000000000e+00,4.969745520938728123e-01,0.000000000000000000e+00,0.000000000000000000e+00,0.000000000000000000e+00,4.960403080374298779e-01,3.089075640731869243e-01,0.000000000000000000e+00,0.000000000000000000e+00,0.000000000000000000e+00
3.263684678665197958e-01,0.000000000000000000e+00,3.221897007476853259e-01,3.512332878916675227e-01,3.633090734309725178e-01,3.845283107105205156e-01,3.426672075689704000e-01,3.828473372100029137e-01,3.967651150017860173e-01,0.000000000000000000e+00,4.026146640586397152e-01,2.707148713401129059e-01,3.858000390220808762e-01,0.000000000000000000e+00,0.000000000000000000e+00,3.303090824739352005e-01,2.900188320956926247e-01,3.152320766023867793e-01,3.588902719763533145e-01,2.758562702590525162e-01,0.000000000000000000e+00,2.931806623187611094e-01,3.471080423202337895e-01,2.791772590261353826e-01,2.761519324420628196e-01,3.284559715545163905e-01,3.342229704709288041e-01,3.794692161665431107e-01,2.841061276049289264e-01,0.000000000000000000e+00,3.281198603869068253e-01,3.398847792365874976e-01,2.682278448163143980e-01,3.034985276346200966e-01,3.031751888107531157e-01,3.457822675196788875e-01,3.126380973286594922e-01,2.506126798498302111e-01,3.315004705148277275e-01,3.363086517102962802e-01,3.857032809021138098e-01,0.000000000000000000e+00,0.000000000000000000e+00,0.000000000000000000e+00,2.719241127912117029e-01,0.000000000000000000e+00,0.000000000000000000e+00,0.000000000000000000e+00,0.000000000000000000e+00,0.000000000000000000e+00,0.000000000000000000e+00,0.000000000000000000e+00,0.000000000000000000e+00,0.000000000000000000e+00,3.831371071314725874e-01,0.000000000000000000e+00,3.940139988721333975e-01,3.553161708866903190e-01,0.000000000000000000e+00,0.000000000000000000e+00,0.000000000000000000e+00,3.808608968477008028e-01,3.593172147119229054e-01,0.000000000000000000e+00,0.000000000000000000e+00,0.000000000000000000e+00,0.000000000000000000e+00,0.000000000000000000e+00,3.748449882951305212e-01,3.836749118827503802e-01,3.912884325652170037e-01,0.000000000000000000e+00,3.769999510170847223e-01,0.000000000000000000e+00,0.000000000000000000e+00,4.014988404228617136e-01
0.000000000000000000e+00,0.000000000000000000e+00,2.698821838099864090e-01,2.983366495151820730e-01,3.075765463229728769e-01,3.420602631924407055e-01,3.896144159103934745e-01,3.163650319033138869e-01,2.825686455683549814e-01,4.026146640586397152e-01,0.000000000000000000e+00,3.361315101392819971e-01,3.997186191594910842e-01,2.734030350482455907e-01,0.000000000000000000e+00,0.000000000000000000e+00,3.321123453098190903e-01,0.000000000000000000e+00,2.534779974430140803e-01,0.000000000000000000e+00,0.000000000000000000e+00,0.000000000000000000e+00,3.047831167816683062e-01,3.653421028741993259e-01,0.000000000000000000e+00,2.900779599575464274e-01,3.096369795531420110e-01,3.938721371244285896e-01,0.000000000000000000e+00,0.000000000000000000e+00,4.355089981069359961e-01,3.231970950542427112e-01,3.282592255688355776e-01,4.204128034310257167e-01,4.018984063862394152e-01,2.577666528814365754e-01,3.134587113502756983e-01,3.321539343232436936e-01,3.080084290749107723e-01,0.000000000000000000e+00,0.000000000000000000e+00,0.000000000000000000e+00,3.868006795603659009e-01,0.000000000000000000e+00,0.000000000000000000e+00,0.000000000000000000e+00,0.000000000000000000e+00,3.116921462795346209e-01,0.000000000000000000e+00,4.169209966044298832e-01,4.128080803230986806e-01,3.701134616460506899e-01,4.250249248098175725e-01,3.793873426326360154e-01,0.000000000000000000e+00,2.553682158250115131e-01,0.000000000000000000e+00,3.378607875122917048e-01,0.000000000000000000e+00,0.000000000000000000e+00,0.000000000000000000e+00,0.000000000000000000e+00,0.000000000000000000e+00,2.470387972889057926e-01,0.000000000000000000e+00,0.000000000000000000e+00,0.000000000000000000e+00,4.528864756387723234e-01,0.000000000000000000e+00,0.000000000000000000e+00,0.000000000000000000e+00,3.993603528190572960e-01,3.318404410727042730e-01,0.000000000000000000e+00,0.000000000000000000e+00,0.000000000000000000e+00
3.203989195606062879e-01,0.000000000000000000e+00,2.841659099008799205e-01,0.000000000000000000e+00,3.334881893144678866e-01,2.987067774853000013e-01,3.338098193296115124e-01,0.000000000000000000e+00,3.011515281495649177e-01,2.707148713401129059e-01,3.361315101392819971e-01,0.000000000000000000e+00,3.642376975034524178e-01,0.000000000000000000e+00,0.000000000000000000e+00,0.000000000000000000e+00,3.300024240856759272e-01,3.171612445214486153e-01,3.380641820889456750e-01,0.000000000000000000e+00,3.572546006503405924e-01,0.000000000000000000e+00,3.156067270529809843e-01,2.587001397150178184e-01,3.321128593848786115e-01,3.139350035213605006e-01,2.778902748042746951e-01,3.779114507911390808e-01,0.000000000000000000e+00,0.000000000000000000e+00,3.362902832522006169e-01,3.042265148588482737e-01,2.479568766288904880e-01,2.437659398442685865e-01,2.608817740985108768e-01,3.029233994415688191e-01,2.625517540351220980e-01,2.307524149657163015e-01,3.932460867015484252e-01,3.544716797495017224e-01,4.100811607511464785e-01,0.000000000000000000e+00,0.000000000000000000e+00,0.000000000000000000e+00,2.649233338075436817e-01,0.000000000000000000e+00,0.000000000000000000e+00,0.000000000000000000e+00,0.000000000000000000e+00,0.000000000000000000e+00,0.000000000000000000e+00,0.000000000000000000e+00,0.000000000000000000e+00,0.000000000000000000e+00,3.962935487496854203e-01,0.000000000000000000e+00,4.021338296179898242e-01,3.495919525372879200e-01,0.000000000000000000e+00,0.000000000000000000e+00,0.000000000000000000e+00,3.666705470291103941e-01,3.571750329769454169e-01,0.000000000000000000e+00,0.000000000000000000e+00,0.000000000000000000e+00,0.000000000000000000e+00,0.000000000000000000e+00,3.715232823086421221e-01,3.908708832946169998e-01,3.944016280172312205e-01,0.000000000000000000e+00,4.015944845137309760e-01,0.000000000000000000e+00,0.000000000000000000e+00,3.854764264841428201e-01
3.306642906474556165e-01,4.030901264287681252e-01,3.671146728819478788e-01,2.469025101426242930e-01,3.345566321290793232e-01,3.216062557099274022e-01,2.800304181244150925e-01,3.810484060541721174e-01,3.208076906808595141e-01,3.858000390220808762e-01,3.997186191594910842e-01,3.642376975034524178e-01,0.000000000000000000e+00,2.811843125674258759e-01,4.030034497183073161e-01,4.077063987549430224e-01,3.442749000124071812e-01,3.706351422401900075e-01,4.064348795970609274e-01,3.756565315597463206e-01,3.929911496970771023e-01,4.002948590761393199e-01,3.822857960405027233e-01,3.532836205625021209e-01,3.943644429502864979e-01,3.989996577856907978e-01,3.825152148363923921e-01,2.778353076884065853e-01,3.362751237536854010e-01,3.193033501748133163e-01,3.535618749930993787e-01,3.583588412399523748e-01,3.449082026680740931e-01,3.654584252016899182e-01,3.471697022460529802e-01,2.976048295803910837e-01,2.997427215689639768e-01,3.254961582517684748e-01,2.905687807346957197e-01,3.314147944419206238e-01,3.518091320284731927e-01,3.399587706596978731e-01,3.091319951711459790e-01,0.000000000000000000e+00,0.000000000000000000e+00,0.000000000000000000e+00,0.000000000000000000e+00,3.219429843293408200e-01,0.000000000000000000e+00,0.000000000000000000e+00,3.412050266281332900e-01,2.691409836402732791e-01,4.092612845644565955e-01,0.000000000000000000e+00,0.000000000000000000e+00,3.583301710842227150e-01,2.920045778158100735e-01,0.000000000000000000e+00,0.000000000000000000e+00,3.146077821913328965e-01,0.000000000000000000e+00,0.000000000000000000e+00,0.000000000000000000e+00,0.000000000000000000e+00,3.004434652497778857e-01,0.000000000000000000e+00,2.834912302125812134e-01,4.476988945188659086e-01,0.000000000000000000e+00,2.606622284287450908e-01,2.813745224017836777e-01,4.213665439585400074e-01,0.000000000000000000e+00,3.301999473512787220e-01,0.000000000000000000e+00,0.000000000000000000e+00
0.000000000000000000e+00,0.000000000000000000e+00,3.866818393948082133e-01,2.499871450081211088e-01,2.623834121197068936e-01,3.800688701158714267e-01,2.740982042544105046e-01,3.515211337167100103e-01,3.876063573624601855e-01,0.000000000000000000e+00,2.734030350482455907e-01,0.000000000000000000e+00,2.811843125674258759e-01,0.000000000000000000e+00,0.000000000000000000e+00,0.000000000000000000e+00,0.000000000000000000e+00,0.000000000000000000e+00,3.446589058904814817e-01,0.000000000000000000e+00,4.159908613420608137e-01,0.000000000000000000e+00,3.712653403414967190e-01,0.000000000000000000e+00,0.000000000000000000e+00,0.000000000000000000e+00,3.946343303908372846e-01,2.422864104192589130e-01,0.000000000000000000e+00,0.000000000000000000e+00,0.000000000000000000e+00,2.454284238447252964e-01,0.000000000000000000e+00,0.000000000000000000e+00,0.000000000000000000e+00,2.021309628276981019e-01,1.678782305118426132e-01,0.000000000000000000e+00,0.000000000000000000e+00,0.000000000000000000e+00,0.000000000000000000e+00,0.000000000000000000e+00,3.837917646699682273e-01,0.000000000000000000e+00,0.000000000000000000e+00,0.000000000000000000e+00,0.000000000000000000e+00,3.951498684358528135e-01,0.000000000000000000e+00,0.000000000000000000e+00,0.000000000000000000e+00,0.000000000000000000e+00,0.000000000000000000e+00,4.175836982190015978e-01,0.000000000000000000e+00,3.756931548595103809e-01,0.000000000000000000e+00,0.000000000000000000e+00,0.000000000000000000e+00,0.000000000000000000e+00,0.000000000000000000e+00,0.000000000000000000e+00,0.000000000000000000e+00,0.000000000000000000e+00,0.000000000000000000e+00,0.000000000000000000e+00,0.000000000000000000e+00,4.038786191917327906e-01,0.000000000000000000e+00,0.000000000000000000e+00,0.000000000000000000e+00,4.124639906270630152e-01,0.000000000000000000e+00,0.000000000000000000e+00,0.000000000000000000e+00,0.000000000000000000e+00
3.730533934610428259e-01,3.979325414829492091e-01,0.000000000000000000e+00,0.000000000000000000e+00,0.000000000000000000e+00,3.802770807373676010e-01,0.000000000000000000e+00,4.253765517126361084e-01,0.000000000000000000e+00,0.000000000000000000e+00,0.000000000000000000e+00,0.000000000000000000e+00,4.030034497183073161e-01,0.000000000000000000e+00,0.000000000000000000e+00,4.026535114209536803e-01,0.000000000000000000e+00,3.914494589099937194e-01,0.000000000000000000e+00,3.362525990216079785e-01,3.688720111589727790e-01,3.467298133499908119e-01,3.883064622655688081e-01,3.785962561837580842e-01,3.733166961873948253e-01,3.355544969576926828e-01,4.061069005465884896e-01,3.672446129311339735e-01,3.702479760573260115e-01,0.000000000000000000e+00,3.790464269703863187e-01,4.051106552538150107e-01,3.798492082979531004e-01,3.850336932336819173e-01,4.348721047398623751e-01,4.581640858861902865e-01,0.000000000000000000e+00,0.000000000000000000e+00,4.392089914294999842e-01,4.413890459427073920e-01,4.373707532264072273e-01,4.803081052558100250e-01,0.000000000000000000e+00,0.000000000000000000e+00,0.000000000000000000e+00,0.000000000000000000e+00,4.860911930359078093e-01,0.000000000000000000e+00,0.000000000000000000e+00,0.000000000000000000e+00,4.008803705817052254e-01,0.000000000000000000e+00,3.821431529297303897e-01,0.000000000000000000e+00,0.000000000000000000e+00,0.000000000000000000e+00,0.000000000000000000e+00,3.656962464196141238e-01,0.000000000000000000e+00,3.843592616599886824e-01,4.134203372631444218e-01,0.000000000000000000e+00,0.000000000000000000e+00,0.000000000000000000e+00,3.994097262564417772e-01,4.249073695918648141e-01,4.376826027027895805e-01,4.587144415545126863e-01,0.000000000000000000e+00,3.065416368055636775e-01,4.277425426945216103e-01,4.530612332654961882e-01,3.681794411366812736e-01,4.134075223153744205e-01,0.000000000000000000e+00,3.778804468508862868e-01
3.856723349088023167e-01,3.841944614670000924e-01,0.000000000000000000e+00,0.000000000000000000e+00,3.577400781853183886e-01,4.021083003314402937e-01,3.796330377014572877e-01,4.268160603407207820e-01,3.631419403904357912e-01,3.303090824739352005e-01,0.000000000000000000e+00,0.000000000000000000e+00,4.077063987549430224e-01,0.000000000000000000e+00,4.026535114209536803e-01,0.000000000000000000e+00,3.444138261045329164e-01,3.379612801190858273e-01,0.000000000000000000e+00,3.782845608994124809e-01,4.084595613667824088e-01,3.573890526749087804e-01,4.030835624422779984e-01,3.433154816023132883e-01,3.616748149895733788e-01,4.004278526882110167e-01,3.846274987840613835e-01,3.690268989266837774e-01,3.831811669031343071e-01,3.776648496961214074e-01,3.661807406164843126e-01,4.216434523226121889e-01,3.573005737860652786e-01,3.732183434458558047e-01,4.273657348633337905e-01,0.000000000000000000e+00,0.000000000000000000e+00,0.000000000000000000e+00,4.275288558473374079e-01,4.042094905885488809e-01,4.032392462472700889e-01,4.629163088048579011e-01,0.000000000000000000e+00,0.000000000000000000e+00,0.000000000000000000e+00,4.226830666679584070e-01,4.482398944161372079e-01,0.000000000000000000e+00,0.000000000000000000e+00,0.000000000000000000e+00,0.000000000000000000e+00,0.000000000000000000e+00,0.000000000000000000e+00,0.000000000000000000e+00,0.000000000000000000e+00,0.000000000000000000e+00,0.000000000000000000e+00,0.000000000000000000e+00,0.000000000000000000e+00,4.375499943504860823e-01,4.327367247667042727e-01,0.000000000000000000e+00,3.974318950511557258e-01,0.000000000000000000e+00,3.520965820459143747e-01,4.207945597659040193e-01,4.407515618021091153e-01,3.312484271659463242e-01,0.000000000000000000e+00,4.251602763983028943e-01,4.499328218734747753e-01,3.175417294264852863e-01,0.000000000000000000e+00,3.013457879056460897e-01,0.000000000000000000e+00,4.037850669773406231e-01
3.450661117950796219e-01,0.000000000000000000e+00,0.000000000000000000e+00,0.000000000000000000e+00,0.000000000000000000e+00,2.842870490821201024e-01,3.449839495996198102e-01,0.000000000000000000e+00,0.000000000000000000e+00,2.900188320956926247e-01,3.321123453098190903e-01,3.300024240856759272e-01,3.442749000124071812e-01,0.000000000000000000e+00,0.000000000000000000e+00,3.444138261045329164e-01,0.000000000000000000e+00,3.094659810144438916e-01,0.000000000000000000e+00,2.877165952298074147e-01,0.000000000000000000e+00,3.215457705344483830e-01,0.000000000000000000e+00,3.344943883745473134e-01,3.239209055321811137e-01,3.437986265061013236e-01,0.000000000000000000e+00,3.389250196668707193e-01,3.018696637706417274e-01,0.000000000000000000e+00,3.388283725944306046e-01,3.858662506674997994e-01,3.036672847091826943e-01,3.449369977087478056e-01,3.594382680313196743e-01,0.000000000000000000e+00,0.000000000000000000e+00,2.858658501809865915e-01,0.000000000000000000e+00,3.451309718512700075e-01,0.000000000000000000e+00,0.000000000000000000e+00,0.000000000000000000e+00,0.000000000000000000e+00,0.000000000000000000e+00,0.000000000000000000e+00,0.000000000000000000e+00,0.000000000000000000e+00,0.000000000000000000e+00,0.000000000000000000e+00,0.000000000000000000e+00,0.000000000000000000e+00,0.000000000000000000e+00,0.000000000000000000e+00,3.840188765316031039e-01,0.000000000000000000e+00,3.514403884563037095e-01,0.000000000000000000e+00,0.000000000000000000e+00,0.000000000000000000e+00,0.000000000000000000e+00,3.292493985373053933e-01,3.551732426395401987e-01,0.000000000000000000e+00,0.000000000000000000e+00,0.000000000000000000e+00,0.000000000000000000e+00,0.000000000000000000e+00,3.536872401101346930e-01,3.907335015179413951e-01,3.966307855877974076e-01,0.000000000000000000e+00,0.000000000000000000e+00,0.000000000000000000e+00,0.000000000000000000e+00,0.000000000000000000e+00
3.383061410186624096e-01,3.750524021803269825e-01,0.000000000000000000e+00,0.000000000000000000e+00,0.000000000000000000e+00,3.737191562445221216e-01,3.640119769464246202e-01,4.018059433904047073e-01,2.565991035038402979e-01,3.152320766023867793e-01,0.000000000000000000e+00,3.171612445214486153e-01,3.706351422401900075e-01,0.000000000000000000e+00,3.914494589099937194e-01,3.379612801190858273e-01,3.094659810144438916e-01,0.000000000000000000e+00,0.000000000000000000e+00,3.933243661336611741e-01,3.831536552725854916e-01,3.864244553309663099e-01,3.940430672715385940e-01,3.311687327909215162e-01,3.020650807374489211e-01,3.634816872991066261e-01,3.655652562742491840e-01,3.764013710471125762e-01,3.896166754678034860e-01,3.555273026586329155e-01,3.651145320698568897e-01,3.856675407516241827e-01,3.228119679530682129e-01,3.711614793051064010e-01,3.672353332833918071e-01,0.000000000000000000e+00,0.000000000000000000e+00,0.000000000000000000e+00,3.939758538018808265e-01,3.698675109521710747e-01,3.770501632445656948e-01,4.066838496355387189e-01,0.000000000000000000e+00,0.000000000000000000e+00,0.000000000000000000e+00,3.794342210971841101e-01,4.281257564035388929e-01,0.000000000000000000e+00,0.000000000000000000e+00,0.000000000000000000e+00,0.000000000000000000e+00,0.000000000000000000e+00,0.000000000000000000e+00,0.000000000000000000e+00,3.559815983489221791e-01,0.000000000000000000e+00,3.173112533066110852e-01,0.000000000000000000e+00,0.000000000000000000e+00,0.000000000000000000e+00,4.001849591619534019e-01,3.452577198669207204e-01,3.853386660436974864e-01,0.000000000000000000e+00,0.000000000000000000e+00,0.000000000000000000e+00,3.976743607476285747e-01,0.000000000000000000e+00,3.364852199966988922e-01,3.901521058218094806e-01,4.028223943390609185e-01,0.000000000000000000e+00,0.000000000000000000e+00,0.000000000000000000e+00,0.000000000000000000e+00,3.680887761536619784e-01
0.000000000000000000e+00,0.000000000000000000e+00,2.404947738674045876e-01,2.863003527667283277e-01,3.362296341196293059e-01,3.460929397680139741e-01,4.057319517380620910e-01,3.895598030110876131e-01,2.446695541096005899e-01,3.588902719763533145e-01,2.534779974430140803e-01,3.380641820889456750e-01,4.064348795970609274e-01,3.446589058904814817e-01,0.000000000000000000e+00,0.000000000000000000e+00,0.000000000000000000e+00,0.000000000000000000e+00,0.000000000000000000e+00,0.000000000000000000e+00,0.000000000000000000e+00,0.000000000000000000e+00,3.204946039940310132e-01,0.000000000000000000e+00,0.000000000000000000e+00,0.000000000000000000e+00,3.305612355117484857e-01,4.068341999401026143e-01,0.000000000000000000e+00,0.000000000000000000e+00,4.228820088317852277e-01,3.640749662499753736e-01,0.000000000000000000e+00,4.086168403512802083e-01,3.969886814567967215e-01,3.392257127247236270e-01,3.626321175067864777e-01,3.243077938875683075e-01,3.331361637725380187e-01,0.000000000000000000e+00,0.000000000000000000e+00,0.000000000000000000e+00,4.231124116395917900e-01,0.000000000000000000e+00,0.000000000000000000e+00,0.000000000000000000e+00,0.000000000000000000e+00,3.026696121733702949e-01,0.000000000000000000e+00,3.871564258657759217e-01,4.374932884473703987e-01,3.611597665137901148e-01,4.881484240143391107e-01,4.742670933438474790e-01,0.000000000000000000e+00,5.062976410090581636e-01,0.000000000000000000e+00,3.200228487474233163e-01,0.000000000000000000e+00,0.000000000000000000e+00,0.000000000000000000e+00,0.000000000000000000e+00,0.000000000000000000e+00,5.148983696969443580e-01,0.000000000000000000e+00,0.000000000000000000e+00,0.000000000000000000e+00,5.051988175586010765e-01,0.000000000000000000e+00,0.000000000000000000e+00,0.000000000000000000e+00,4.805854401853937863e-01,0.000000000000000000e+00,0.000000000000000000e+00,0.000000000000000000e+00,0.000000000000000000e+00
3.945177635422880136e-01,3.979405285741722809e-01,0.000000000000000000e+00,3.434914080344799170e-01,4.031007309636823743e-01,3.771214801855017895e-01,3.884034884644049779e-01,3.939466364739476201e-01,3.802182009637447013e-01,2.758562702590525162e-01,0.000000000000000000e+00,0.000000000000000000e+00,3.756565315597463206e-01,0.000000000000000000e+00,3.362525990216079785e-01,3.782845608994124809e-01,2.877165952298074147e-01,3.933243661336611741e-01,0.000000000000000000e+00,0.000000000000000000e+00,3.970390137989732726e-01,3.127307643597360132e-01,3.107827126536232276e-01,0.000000000000000000e+00,3.689145969186982121e-01,3.952212875918655888e-01,3.197945495992408071e-01,3.335549038046511927e-01,2.854437420891516863e-01,3.500946395553085067e-01,3.360557437980531970e-01,3.942264059621187755e-01,3.583540056219365888e-01,3.607486982655904173e-01,4.126372129175310266e-01,4.082299388570215237e-01,3.694315271089608776e-01,0.000000000000000000e+00,4.262895708377250070e-01,3.494722591102921161e-01,3.942391798125334801e-01,4.410942845132937995e-01,3.485382925982071778e-01,0.000000000000000000e+00,0.000000000000000000e+00,0.000000000000000000e+00,3.733489096853923050e-01,0.000000000000000000e+00,0.000000000000000000e+00,0.000000000000000000e+00,3.705352925426116939e-01,0.000000000000000000e+00,3.866721805191826733e-01,0.000000000000000000e+00,0.000000000000000000e+00,0.000000000000000000e+00,0.000000000000000000e+00,3.070330981586678054e-01,0.000000000000000000e+00,4.135794193349763836e-01,2.794531628488158836e-01,0.000000000000000000e+00,0.000000000000000000e+00,0.000000000000000000e+00,4.179961121070688845e-01,3.964156551797253791e-01,4.356438147179880205e-01,4.325954051942125789e-01,0.000000000000000000e+00,2.605393739868803737e-01,4.414250838406227895e-01,4.440569521803369724e-01,3.704511705908261066e-01,3.940008239164716208e-01,3.473866327766618189e-01,3.663813241032408130e-01
3.730165831495885764e-01,4.151554558829010921e-01,0.000000000000000000e+00,0.000000000000000000e+00,0.000000000000000000e+00,3.619014933124610200e-01,0.000000000000000000e+00,3.656878408593216001e-01,0.000000000000000000e+00,0.000000000000000000e+00,0.000000000000000000e+00,3.572546006503405924e-01,3.929911496970771023e-01,4.159908613420608137e-01,3.688720111589727790e-01,4.084595613667824088e-01,0.000000000000000000e+00,3.831536552725854916e-01,0.000000000000000000e+00,3.970390137989732726e-01,0.000000000000000000e+00,4.075891810296897733e-01,3.682245805658341808e-01,4.212437564475788876e-01,3.802976432229950854e-01,3.857641300309886945e-01,4.083619673229847979e-01,3.753947356343402819e-01,3.591352239398116764e-01,0.000000000000000000e+00,3.767259945253240150e-01,4.082097671336766820e-01,3.779915369495129851e-01,3.868088552742894870e-01,4.489091178738304766e-01,0.000000000000000000e+00,0.000000000000000000e+00,0.000000000000000000e+00,4.485127164834425972e-01,4.581579836367420944e-01,4.374026988885995060e-01,0.000000000000000000e+00,0.000000000000000000e+00,0.000000000000000000e+00,0.000000000000000000e+00,4.024582527109091812e-01,4.920838060786228985e-01,0.000000000000000000e+00,0.000000000000000000e+00,0.000000000000000000e+00,0.000000000000000000e+00,0.000000000000000000e+00,3.095253119846533840e-01,0.000000000000000000e+00,0.000000000000000000e+00,0.000000000000000000e+00,0.000000000000000000e+00,3.671703666158733226e-01,0.000000000000000000e+00,4.165648372886939232e-01,4.391913266850717146e-01,0.000000000000000000e+00,0.000000000000000000e+00,0.000000000000000000e+00,4.098595352357515265e-01,3.843058183144468232e-01,4.496398768983845273e-01,4.081482254222447148e-01,0.000000000000000000e+00,3.502116020164042220e-01,4.971975205279012267e-01,4.250416347431779096e-01,3.710053211477221113e-01,3.981223312758779831e-01,0.000000000000000000e+00,3.667690295107500775e-01
