0.000000000000000000e+00,4.251456981877064223e-01,0.000000000000000000e+00,0.000000000000000000e+00,0.000000000000000000e+00,4.467147634069126849e-01,0.000000000000000000e+00,4.610821490300154868e-01,0.000000000000000000e+00,4.643490580501852261e-01,0.000000000000000000e+00,4.166355740473660085e-01,4.241260496793530232e-01,0.000000000000000000e+00,3.708461862271317799e-01,4.260953588385044122e-01,0.000000000000000000e+00,4.305595946362061888e-01,0.000000000000000000e+00,4.112714117818481729e-01,3.665462825605749209e-01,4.092659561188288220e-01,4.172577484546455273e-01,3.672032114077681264e-01,4.116941159365121727e-01,3.819166725134581775e-01,3.941484757763101809e-01,4.713404972549615213e-01,4.498902031704061222e-01,0.000000000000000000e+00,3.784113394358303850e-01,4.198103602976722137e-01,3.802982331572338226e-01,4.051571020482929164e-01,4.134435678253500224e-01,0.000000000000000000e+00,0.000000000000000000e+00,3.915563303766090852e-01,4.467059069942930782e-01,4.311085408202982028e-01,3.980661075962795836e-01,0.000000000000000000e+00,0.000000000000000000e+00,0.000000000000000000e+00,0.000000000000000000e+00,3.923190268776242107e-01,4.780069347431458171e-01,0.000000000000000000e+00,0.000000000000000000e+00,0.000000000000000000e+00,0.000000000000000000e+00,0.000000000000000000e+00,0.000000000000000000e+00,0.000000000000000000e+00,4.430265393019938158e-01,0.000000000000000000e+00,0.000000000000000000e+00,0.000000000000000000e+00,0.000000000000000000e+00,0.000000000000000000e+00,4.539740002124502127e-01,0.000000000000000000e+00,4.163712569931046770e-01,0.000000000000000000e+00,0.000000000000000000e+00,3.859614639600816854e-01,4.571576193853819081e-01,0.000000000000000000e+00,4.171545015405824786e-01,4.350811155179583056e-01,4.658790089889657815e-01,0.000000000000000000e+00,0.000000000000000000e+00,0.000000000000000000e+00,0.000000000000000000e+00,3.685242069656710084e-01
4.251456981877064223e-01,0.000000000000000000e+00,0.000000000000000000e+00,0.000000000000000000e+00,3.158832460148767174e-01,3.851619678729553131e-01,3.378723918715377250e-01,4.485855010415080724e-01,3.108403127837394142e-01,0.000000000000000000e+00,0.000000000000000000e+00,0.000000000000000000e+00,4.158893948938953145e-01,0.000000000000000000e+00,4.080038116374092860e-01,4.389426959853782728e-01,0.000000000000000000e+00,4.373692582940307272e-01,0.000000000000000000e+00,4.002235955476720064e-01,3.982352926171048857e-01,3.803866436756320746e-01,4.132512667714706156e-01,0.000000000000000000e+00,4.100237992741351256e-01,4.189641921115462853e-01,4.054033256015597830e-01,4.180881483482927763e-01,3.990767087054093998e-01,0.000000000000000000e+00,3.661365663349492872e-01,4.121244856665072231e-01,3.692967430895168213e-01,3.713090641710549145e-01,4.168040164600229081e-01,0.000000000000000000e+00,0.000000000000000000e+00,0.000000000000000000e+00,4.737010973819352766e-01,4.553644061649889108e-01,4.544822689364653723e-01,4.724855215477862247e-01,0.000000000000000000e+00,0.000000000000000000e+00,0.000000000000000000e+00,4.704217750956349864e-01,4.710531711675894906e-01,0.000000000000000000e+00,0.000000000000000000e+00,0.000000000000000000e+00,3.547418592198881004e-01,0.000000000000000000e+00,0.000000000000000000e+00,0.000000000000000000e+00,0.000000000000000000e+00,0.000000000000000000e+00,0.000000000000000000e+00,0.000000000000000000e+00,0.000000000000000000e+00,4.887731597656059246e-01,4.700288511253629120e-01,0.000000000000000000e+00,4.658438588218309917e-01,0.000000000000000000e+00,4.155566177126461258e-01,4.413728377822004889e-01,4.616001241621250917e-01,3.484039966850531744e-01,0.000000000000000000e+00,4.558818141809590219e-01,4.908477462909731082e-01,3.666656824816095783e-01,0.000000000000000000e+00,4.081449231973772185e-01,0.000000000000000000e+00,4.107462820750483190e-01
0.000000000000000000e+00,0.000000000000000000e+00,0.000000000000000000e+00,2.685648005540158256e-01,3.896400359784629175e-01,4.382277846053879156e-01,4.203319189674801226e-01,4.717229099876724119e-01,3.015934189044747193e-01,2.976203561644352180e-01,3.301094810146518732e-01,2.753439308184895129e-01,4.423091768329299178e-01,4.362695362128850007e-01,0.000000000000000000e+00,0.000000000000000000e+00,0.000000000000000000e+00,0.000000000000000000e+00,2.715042782276447797e-01,0.000000000000000000e+00,0.000000000000000000e+00,0.000000000000000000e+00,3.039470661422579156e-01,0.000000000000000000e+00,0.000000000000000000e+00,0.000000000000000000e+00,3.328569225435942247e-01,4.622598583031147790e-01,0.000000000000000000e+00,0.000000000000000000e+00,4.715971933254540782e-01,4.317089235782908818e-01,2.999645940065845950e-01,4.597534998919379223e-01,4.562222891732944929e-01,4.136945824474759781e-01,3.431256326176636007e-01,0.000000000000000000e+00,3.826364471113046228e-01,0.000000000000000000e+00,4.095209723205656127e-01,0.000000000000000000e+00,5.070702684791097425e-01,0.000000000000000000e+00,0.000000000000000000e+00,0.000000000000000000e+00,0.000000000000000000e+00,5.072187374693201134e-01,0.000000000000000000e+00,4.567095544852484146e-01,5.237947784503445003e-01,4.076281429158020164e-01,5.308406418092355139e-01,5.555509927041627494e-01,0.000000000000000000e+00,4.830054779649726737e-01,0.000000000000000000e+00,3.980443709328317925e-01,5.212273920129938398e-01,0.000000000000000000e+00,0.000000000000000000e+00,0.000000000000000000e+00,0.000000000000000000e+00,3.404479967363921999e-01,0.000000000000000000e+00,0.000000000000000000e+00,0.000000000000000000e+00,5.456288177672903306e-01,0.000000000000000000e+00,0.000000000000000000e+00,0.000000000000000000e+00,5.439923097413335018e-01,4.136905350020170236e-01,0.000000000000000000e+00,0.000000000000000000e+00,0.000000000000000000e+00
0.000000000000000000e+00,0.000000000000000000e+00,2.685648005540158256e-01,0.000000000000000000e+00,2.941939470732304884e-01,3.412443519958930915e-01,2.870117763977436121e-01,2.783818427469819112e-01,3.771796684052665105e-01,1.718783309522481928e-01,3.422875514640519867e-01,1.943760338571645929e-01,2.723719046399741273e-01,2.433148886439716052e-01,0.000000000000000000e+00,0.000000000000000000e+00,0.000000000000000000e+00,0.000000000000000000e+00,2.897392072811301178e-01,0.000000000000000000e+00,0.000000000000000000e+00,0.000000000000000000e+00,3.628609990457001278e-01,0.000000000000000000e+00,0.000000000000000000e+00,0.000000000000000000e+00,3.117599473790784725e-01,2.331291681540947069e-01,2.531926539886715788e-01,0.000000000000000000e+00,0.000000000000000000e+00,2.777809449277380827e-01,0.000000000000000000e+00,2.442220497357736053e-01,2.824403379732313146e-01,1.877599196604441134e-01,1.874110944870849005e-01,0.000000000000000000e+00,0.000000000000000000e+00,0.000000000000000000e+00,0.000000000000000000e+00,0.000000000000000000e+00,0.000000000000000000e+00,0.000000000000000000e+00,0.000000000000000000e+00,0.000000000000000000e+00,0.000000000000000000e+00,0.000000000000000000e+00,0.000000000000000000e+00,0.000000000000000000e+00,0.000000000000000000e+00,0.000000000000000000e+00,0.000000000000000000e+00,0.000000000000000000e+00,0.000000000000000000e+00,0.000000000000000000e+00,0.000000000000000000e+00,0.000000000000000000e+00,0.000000000000000000e+00,0.000000000000000000e+00,0.000000000000000000e+00,0.000000000000000000e+00,0.000000000000000000e+00,0.000000000000000000e+00,0.000000000000000000e+00,0.000000000000000000e+00,0.000000000000000000e+00,0.000000000000000000e+00,0.000000000000000000e+00,0.000000000000000000e+00,0.000000000000000000e+00,0.000000000000000000e+00,0.000000000000000000e+00,0.000000000000000000e+00,0.000000000000000000e+00,0.000000000000000000e+00
0.000000000000000000e+00,3.158832460148767174e-01,3.896400359784629175e-01,2.941939470732304884e-01,0.000000000000000000e+00,3.990873820877722244e-01,3.407983163284514228e-01,4.016567466333619274e-01,3.567688464592692066e-01,3.622085851924374267e-01,3.315790163591278983e-01,3.025664532702643239e-01,3.623632298266937779e-01,2.876575776155190778e-01,0.000000000000000000e+00,0.000000000000000000e+00,0.000000000000000000e+00,0.000000000000000000e+00,3.490126360233908875e-01,4.051039129868190813e-01,0.000000000000000000e+00,4.030713535316203799e-01,4.050102619054237740e-01,0.000000000000000000e+00,3.346249986062067028e-01,3.645762548307687201e-01,4.112010596973008081e-01,3.588968754945314754e-01,0.000000000000000000e+00,0.000000000000000000e+00,4.383360610712834782e-01,3.558397974101206729e-01,2.961219064871509765e-01,4.098798762178987865e-01,3.952840474391082770e-01,2.455154675382935914e-01,2.496214058020700954e-01,2.754762788167035015e-01,3.456000451675956264e-01,0.000000000000000000e+00,0.000000000000000000e+00,0.000000000000000000e+00,3.542183964311477196e-01,0.000000000000000000e+00,0.000000000000000000e+00,0.000000000000000000e+00,0.000000000000000000e+00,4.220908105598020210e-01,0.000000000000000000e+00,3.658573092067746724e-01,4.346069113017083096e-01,0.000000000000000000e+00,4.465424373239991751e-01,3.814473679009224849e-01,0.000000000000000000e+00,3.745325602889247874e-01,0.000000000000000000e+00,0.000000000000000000e+00,0.000000000000000000e+00,0.000000000000000000e+00,0.000000000000000000e+00,0.000000000000000000e+00,0.000000000000000000e+00,3.790248994515095782e-01,0.000000000000000000e+00,0.000000000000000000e+00,0.000000000000000000e+00,4.744378227229447131e-01,0.000000000000000000e+00,0.000000000000000000e+00,0.000000000000000000e+00,3.752308936293594077e-01,0.000000000000000000e+00,0.000000000000000000e+00,0.000000000000000000e+00,0.000000000000000000e+00
4.467147634069126849e-01,3.851619678729553131e-01,4.382277846053879156e-01,3.412443519958930915e-01,3.990873820877722244e-01,0.000000000000000000e+00,4.295973498664257817e-01,4.198558005152844275e-01,3.397067036982929222e-01,4.288504410518916843e-01,3.824383111279709979e-01,2.707385735707811270e-01,4.163271644448822140e-01,4.271720461075195208e-01,4.240359823724073052e-01,4.215697988461306056e-01,3.155036959752368086e-01,4.882937368458151184e-01,4.371065437136091858e-01,4.038213778183072922e-01,4.101008921604598068e-01,4.121474147041693792e-01,4.255529996526252745e-01,0.000000000000000000e+00,4.267662429281203762e-01,4.306252806372385944e-01,4.162099640663314837e-01,4.242271227222165764e-01,3.544944671098306244e-01,4.406578236480886979e-01,4.646439263957163890e-01,4.216352382620354167e-01,3.696301472978594793e-01,4.547253888492980844e-01,4.613828852546653092e-01,4.116160421088649879e-01,4.078918163630074201e-01,3.154412168539129091e-01,4.589660658231969892e-01,0.000000000000000000e+00,4.723799234541645742e-01,3.654519424104946124e-01,3.946755285024314830e-01,0.000000000000000000e+00,0.000000000000000000e+00,0.000000000000000000e+00,2.656512713809622839e-01,5.201724966940628470e-01,0.000000000000000000e+00,3.761083824533628106e-01,4.858879406139661739e-01,4.212174588594819746e-01,4.791746885316707227e-01,5.284074020800146876e-01,0.000000000000000000e+00,4.826583023147182905e-01,0.000000000000000000e+00,4.477125103043084198e-01,0.000000000000000000e+00,3.774297125921868834e-01,0.000000000000000000e+00,0.000000000000000000e+00,0.000000000000000000e+00,4.955062943386636110e-01,3.858543131717763197e-01,4.361391850429847117e-01,3.895397480086609243e-01,4.951988967808271247e-01,0.000000000000000000e+00,0.000000000000000000e+00,3.432764201173496010e-01,4.846915310701149782e-01,4.802288922469398758e-01,4.552622395555114831e-01,4.379190143786266254e-01,4.637497251585656066e-01
0.000000000000000000e+00,3.378723918715377250e-01,4.203319189674801226e-01,2.870117763977436121e-01,3.407983163284514228e-01,4.295973498664257817e-01,0.000000000000000000e+00,4.217503460207370769e-01,3.850352052220731847e-01,3.792719518182998129e-01,3.964885972124128077e-01,3.203736800181057887e-01,3.542185855587863252e-01,3.200854333551904074e-01,0.000000000000000000e+00,4.333936728015360118e-01,3.511957740076969148e-01,4.275854622471919053e-01,3.999574557431718747e-01,4.149617757025511056e-01,0.000000000000000000e+00,4.296797482277865954e-01,4.254801880591431162e-01,3.589136375335050255e-01,4.196832157433880162e-01,3.701943971953021162e-01,4.298501120980505186e-01,3.644909479596523116e-01,4.129203634606917750e-01,0.000000000000000000e+00,4.178136643246366799e-01,3.796315467581647951e-01,2.880820172963544090e-01,3.957846070999286869e-01,3.875470101453271088e-01,3.131401379954387165e-01,2.906101466393490873e-01,3.517010256645212163e-01,2.641880184607185988e-01,0.000000000000000000e+00,3.575170694505667157e-01,0.000000000000000000e+00,3.514761334808170212e-01,0.000000000000000000e+00,0.000000000000000000e+00,0.000000000000000000e+00,0.000000000000000000e+00,3.889143274038313058e-01,0.000000000000000000e+00,0.000000000000000000e+00,4.147521135427744143e-01,0.000000000000000000e+00,4.304000314394624827e-01,3.634290546452331183e-01,0.000000000000000000e+00,3.393910204894748928e-01,0.000000000000000000e+00,0.000000000000000000e+00,0.000000000000000000e+00,0.000000000000000000e+00,0.000000000000000000e+00,0.000000000000000000e+00,0.000000000000000000e+00,3.569902601121586194e-01,0.000000000000000000e+00,0.000000000000000000e+00,0.000000000000000000e+00,5.059184709311748129e-01,0.000000000000000000e+00,0.000000000000000000e+00,0.000000000000000000e+00,4.386896779222412834e-01,0.000000000000000000e+00,0.000000000000000000e+00,0.000000000000000000e+00,0.000000000000000000e+00
4.610821490300154868e-01,4.485855010415080724e-01,4.717229099876724119e-01,2.783818427469819112e-01,4.016567466333619274e-01,4.198558005152844275e-01,4.217503460207370769e-01,0.000000000000000000e+00,5.104215758342000031e-01,3.846736836245815971e-01,3.694059138301943879e-01,3.934132950176205124e-01,4.208150455754930963e-01,3.243671772023882238e-01,4.052151094452391966e-01,4.277037797084343729e-01,0.000000000000000000e+00,4.642904867953385750e-01,4.754282793733389800e-01,4.113355610119607264e-01,3.675593641705555137e-01,3.960705880492240150e-01,3.637173630261171797e-01,4.985169500324440062e-01,4.774365535193791921e-01,4.862566830210796054e-01,4.468071979997885745e-01,4.229844240939469868e-01,3.728407796238714100e-01,3.969239749883405888e-01,4.445770253768175917e-01,3.653016908077307834e-01,4.397881051743001146e-01,4.468587036338799723e-01,0.000000000000000000e+00,2.824574604083707752e-01,2.284218803846856105e-01,0.000000000000000000e+00,4.447489307428538763e-01,0.000000000000000000e+00,4.557903886621100797e-01,0.000000000000000000e+00,0.000000000000000000e+00,0.000000000000000000e+00,0.000000000000000000e+00,0.000000000000000000e+00,0.000000000000000000e+00,4.729869010397840245e-01,0.000000000000000000e+00,3.874610852604125077e-01,4.355302838635455864e-01,4.143782480715635930e-01,3.149949942492463184e-01,4.860489227678341795e-01,0.000000000000000000e+00,4.318839441439177862e-01,0.000000000000000000e+00,4.255147149574536880e-01,0.000000000000000000e+00,4.220266115542061214e-01,0.000000000000000000e+00,0.000000000000000000e+00,0.000000000000000000e+00,4.948849911054999939e-01,0.000000000000000000e+00,0.000000000000000000e+00,0.000000000000000000e+00,4.404862168431161185e-01,0.000000000000000000e+00,0.000000000000000000e+00,0.000000000000000000e+00,4.316079727840427260e-01,4.448313153001992037e-01,4.217325923984718838e-01,0.000000000000000000e+00,4.485376816557847257e-01
0.000000000000000000e+00,3.108403127837394142e-01,3.015934189044747193e-01,3.771796684052665105e-01,3.567688464592692066e-01,3.397067036982929222e-01,3.850352052220731847e-01,5.104215758342000031e-01,0.000000000000000000e+00,4.173918333684338844e-01,3.464055128388709992e-01,2.717485518174063142e-01,3.527886166179031169e-01,4.456242931272935137e-01,0.000000000000000000e+00,0.000000000000000000e+00,0.000000000000000000e+00,3.073538143167096059e-01,2.915244023161847053e-01,0.000000000000000000e+00,0.000000000000000000e+00,3.816244855602067276e-01,4.305506007587642237e-01,3.039564958679628059e-01,3.630822580665626909e-01,4.015119378233735215e-01,3.945321207280559905e-01,4.468986395592460248e-01,4.326500332968188922e-01,3.961887166462086940e-01,4.646061465928951750e-01,4.285695827873797770e-01,3.417338559530119224e-01,4.518088022478887189e-01,4.438604282421542147e-01,4.124567488336903232e-01,4.150896538803561242e-01,3.346546075975133094e-01,2.872663924119270851e-01,0.000000000000000000e+00,3.291579207253919059e-01,0.000000000000000000e+00,4.814367432308727102e-01,0.000000000000000000e+00,0.000000000000000000e+00,0.000000000000000000e+00,0.000000000000000000e+00,5.401902776291926944e-01,0.000000000000000000e+00,3.986821963614805009e-01,5.057813575959463348e-01,3.808720357032878145e-01,5.466740194083116178e-01,5.346565299621102163e-01,0.000000000000000000e+00,5.219720009584184472e-01,0.000000000000000000e+00,3.659150574143574253e-01,4.632664967321857841e-01,0.000000000000000000e+00,0.000000000000000000e+00,0.000000000000000000e+00,0.000000000000000000e+00,5.214488076435788155e-01,0.000000000000000000e+00,0.000000000000000000e+00,0.000000000000000000e+00,5.365186139129454190e-01,0.000000000000000000e+00,0.000000000000000000e+00,0.000000000000000000e+00,5.240755065019793157e-01,4.015047636080079085e-01,0.000000000000000000e+00,0.000000000000000000e+00,0.000000000000000000e+00
4.643490580501852261e-01,0.000000000000000000e+00,2.976203561644352180e-01,1.718783309522481928e-01,3.622085851924374267e-01,4.288504410518916843e-01,3.792719518182998129e-01,3.846736836245815971e-01,4.173918333684338844e-01,0.000000000000000000e+00,3.958262660106637854e-01,2.960600144606236883e-01,4.136293087167162152e-01,0.000000000000000000e+00,0.000000000000000000e+00,0.000000000000000000e+00,3.209328079320156180e-01,3.584844450677097116e-01,3.294908883050159942e-01,0.000000000000000000e+00,0.000000000000000000e+00,4.021709108038795111e-01,3.357728492863087943e-01,3.405108571720293908e-01,3.533744142247309816e-01,3.454001653911488168e-01,3.046948186330277752e-01,4.082363724402572891e-01,3.104123430401721784e-01,0.000000000000000000e+00,3.363865691053251061e-01,3.449245733074786102e-01,3.106143756720952109e-01,3.448803390030328875e-01,3.206914359140143889e-01,3.031106331370214124e-01,2.877339100554667239e-01,2.856489947327908729e-01,3.230955357010181772e-01,3.830488100397256845e-01,3.880539574842309936e-01,5.536990657907796543e-01,0.000000000000000000e+00,0.000000000000000000e+00,3.389852696093378914e-01,4.180287415265622752e-01,0.000000000000000000e+00,0.000000000000000000e+00,0.000000000000000000e+00,0.000000000000000000e+00,0.000000000000000000e+00,0.000000000000000000e+00,0.000000000000000000e+00,0.000000000000000000e+00,4.637261195286738191e-01,0.000000000000000000e+00,4.582840597655746251e-01,3.937331727963123140e-01,0.000000000000000000e+00,0.000000000000000000e+00,0.000000000000000000e+00,4.585116954185993743e-01,4.114284710284856761e-01,0.000000000000000000e+00,0.000000000000000000e+00,0.000000000000000000e+00,0.000000000000000000e+00,0.000000000000000000e+00,4.467031067362413066e-01,4.522937008003555803e-01,4.732646424489305725e-01,0.000000000000000000e+00,4.053957516524793747e-01,0.000000000000000000e+00,0.000000000000000000e+00,4.327973061353688755e-01
0.000000000000000000e+00,0.000000000000000000e+00,3.301094810146518732e-01,3.422875514640519867e-01,3.315790163591278983e-01,3.824383111279709979e-01,3.964885972124128077e-01,3.694059138301943879e-01,3.464055128388709992e-01,3.958262660106637854e-01,0.000000000000000000e+00,3.003671464183920725e-01,4.048337962026832826e-01,2.999342341234672027e-01,0.000000000000000000e+00,0.000000000000000000e+00,3.072468511401206803e-01,0.000000000000000000e+00,2.748496373867506115e-01,0.000000000000000000e+00,0.000000000000000000e+00,0.000000000000000000e+00,2.890473248634723991e-01,3.269391176057124260e-01,0.000000000000000000e+00,2.860358877613707884e-01,3.858113448224609887e-01,4.188501516056368779e-01,0.000000000000000000e+00,0.000000000000000000e+00,4.478688107180529010e-01,3.705927489484976967e-01,2.707135609837794110e-01,4.258243668988260788e-01,4.149950317734892868e-01,2.631780109833193881e-01,3.738324856547132202e-01,2.920217863736738195e-01,3.097906702829609227e-01,0.000000000000000000e+00,0.000000000000000000e+00,0.000000000000000000e+00,3.916906133240710131e-01,0.000000000000000000e+00,0.000000000000000000e+00,0.000000000000000000e+00,0.000000000000000000e+00,3.226933073677917263e-01,0.000000000000000000e+00,3.732913950850462181e-01,4.346634004682410901e-01,3.388234463367569838e-01,4.465738211150034886e-01,5.279468832986544680e-01,0.000000000000000000e+00,2.608859689113480762e-01,0.000000000000000000e+00,2.990608323520356771e-01,0.000000000000000000e+00,0.000000000000000000e+00,0.000000000000000000e+00,0.000000000000000000e+00,0.000000000000000000e+00,2.356855589164482956e-01,0.000000000000000000e+00,0.000000000000000000e+00,0.000000000000000000e+00,4.887483206431058047e-01,0.000000000000000000e+00,0.000000000000000000e+00,0.000000000000000000e+00,4.558227996086832157e-01,2.842629414769682894e-01,0.000000000000000000e+00,0.000000000000000000e+00,0.000000000000000000e+00
4.166355740473660085e-01,0.000000000000000000e+00,2.753439308184895129e-01,1.943760338571645929e-01,3.025664532702643239e-01,2.707385735707811270e-01,3.203736800181057887e-01,3.934132950176205124e-01,2.717485518174063142e-01,2.960600144606236883e-01,3.003671464183920725e-01,0.000000000000000000e+00,3.263564342953823028e-01,0.000000000000000000e+00,0.000000000000000000e+00,0.000000000000000000e+00,3.437182332864858192e-01,4.173680210178611905e-01,2.705195853454772092e-01,0.000000000000000000e+00,4.191279901711316147e-01,0.000000000000000000e+00,2.826340975411119061e-01,2.946260833763270082e-01,3.547627210544634924e-01,3.549737129016882764e-01,2.457030346534135878e-01,3.444202534010655792e-01,0.000000000000000000e+00,0.000000000000000000e+00,3.384518383077715908e-01,2.270150968169251104e-01,2.907803739088214989e-01,2.320647310562972965e-01,2.743635345501180267e-01,2.337526558148587952e-01,2.562205933829586058e-01,2.143127128651433899e-01,2.007394251366552973e-01,3.282378686666835854e-01,2.455739072630294950e-01,2.801677205651805225e-01,1.817779544200605890e-01,0.000000000000000000e+00,3.731120254015339865e-01,0.000000000000000000e+00,0.000000000000000000e+00,0.000000000000000000e+00,0.000000000000000000e+00,0.000000000000000000e+00,0.000000000000000000e+00,0.000000000000000000e+00,0.000000000000000000e+00,0.000000000000000000e+00,4.672541040932928769e-01,0.000000000000000000e+00,4.571325673302014114e-01,2.486032127596103924e-01,0.000000000000000000e+00,0.000000000000000000e+00,0.000000000000000000e+00,4.151744940549623175e-01,4.180759398619460776e-01,0.000000000000000000e+00,0.000000000000000000e+00,0.000000000000000000e+00,0.000000000000000000e+00,0.000000000000000000e+00,4.475013439436449914e-01,4.526408654900552220e-01,4.671898525662960266e-01,0.000000000000000000e+00,2.668651380577837240e-01,0.000000000000000000e+00,0.000000000000000000e+00,4.078195681209368928e-01
4.241260496793530232e-01,4.158893948938953145e-01,4.423091768329299178e-01,2.723719046399741273e-01,3.623632298266937779e-01,4.163271644448822140e-01,3.542185855587863252e-01,4.208150455754930963e-01,3.527886166179031169e-01,4.136293087167162152e-01,4.048337962026832826e-01,3.263564342953823028e-01,0.000000000000000000e+00,2.944903449380433802e-01,4.501975346078074813e-01,4.477626930546363959e-01,3.761968043598725164e-01,4.318292027368952901e-01,4.233426873563078119e-01,4.275589963441066010e-01,4.474295574397402220e-01,4.432447926949075190e-01,4.282619536850302833e-01,3.367009916725939855e-01,4.415132941264862110e-01,4.418159692970188845e-01,4.288766574251787200e-01,3.460667084543688210e-01,3.934741923303913813e-01,4.097512658667462060e-01,4.024202595220213174e-01,3.851453643877261190e-01,3.422695403556467730e-01,3.928353031463626133e-01,3.759820413411951168e-01,3.179638090053645838e-01,3.074924400942669056e-01,3.457907499645803129e-01,3.269199782895289008e-01,2.797223868452575757e-01,2.749716754516561834e-01,2.686798390382191815e-01,2.479158880136058118e-01,0.000000000000000000e+00,0.000000000000000000e+00,0.000000000000000000e+00,0.000000000000000000e+00,3.302063355228940789e-01,0.000000000000000000e+00,0.000000000000000000e+00,4.355439780040292752e-01,3.200520747602496052e-01,4.391303666791929738e-01,0.000000000000000000e+00,0.000000000000000000e+00,3.402162807908797881e-01,3.174527747409530143e-01,0.000000000000000000e+00,0.000000000000000000e+00,3.422619426019465894e-01,0.000000000000000000e+00,0.000000000000000000e+00,0.000000000000000000e+00,0.000000000000000000e+00,3.365709363951596145e-01,0.000000000000000000e+00,2.784556117323956914e-01,4.860662474035047920e-01,0.000000000000000000e+00,3.010320828517514258e-01,3.025822495832943271e-01,4.572063669330209135e-01,0.000000000000000000e+00,3.461398027731870108e-01,0.000000000000000000e+00,0.000000000000000000e+00
0.000000000000000000e+00,0.000000000000000000e+00,4.362695362128850007e-01,2.433148886439716052e-01,2.876575776155190778e-01,4.271720461075195208e-01,3.200854333551904074e-01,3.243671772023882238e-01,4.456242931272935137e-01,0.000000000000000000e+00,2.999342341234672027e-01,0.000000000000000000e+00,2.944903449380433802e-01,0.000000000000000000e+00,0.000000000000000000e+00,0.000000000000000000e+00,0.000000000000000000e+00,0.000000000000000000e+00,4.080992747250691277e-01,0.000000000000000000e+00,4.467342178064170888e-01,0.000000000000000000e+00,3.792836841564032890e-01,0.000000000000000000e+00,0.000000000000000000e+00,0.000000000000000000e+00,4.450286687142306907e-01,2.647134165226849856e-01,0.000000000000000000e+00,0.000000000000000000e+00,3.799519066228150277e-01,2.093573352518793007e-01,0.000000000000000000e+00,3.602231648609470205e-01,0.000000000000000000e+00,1.820971457590757903e-01,1.830356276285567130e-01,0.000000000000000000e+00,0.000000000000000000e+00,0.000000000000000000e+00,0.000000000000000000e+00,0.000000000000000000e+00,0.000000000000000000e+00,0.000000000000000000e+00,0.000000000000000000e+00,0.000000000000000000e+00,0.000000000000000000e+00,3.770843268842496987e-01,0.000000000000000000e+00,0.000000000000000000e+00,0.000000000000000000e+00,0.000000000000000000e+00,0.000000000000000000e+00,4.317966274367268098e-01,0.000000000000000000e+00,3.938049199063363148e-01,0.000000000000000000e+00,0.000000000000000000e+00,0.000000000000000000e+00,0.000000000000000000e+00,0.000000000000000000e+00,0.000000000000000000e+00,0.000000000000000000e+00,0.000000000000000000e+00,0.000000000000000000e+00,0.000000000000000000e+00,0.000000000000000000e+00,3.937129632966303028e-01,0.000000000000000000e+00,0.000000000000000000e+00,0.000000000000000000e+00,4.196547554956430170e-01,0.000000000000000000e+00,0.000000000000000000e+00,0.000000000000000000e+00,0.000000000000000000e+00
3.708461862271317799e-01,4.080038116374092860e-01,0.000000000000000000e+00,0.000000000000000000e+00,0.000000000000000000e+00,4.240359823724073052e-01,0.000000000000000000e+00,4.052151094452391966e-01,0.000000000000000000e+00,0.000000000000000000e+00,0.000000000000000000e+00,0.000000000000000000e+00,4.501975346078074813e-01,0.000000000000000000e+00,0.000000000000000000e+00,4.238612294865538033e-01,0.000000000000000000e+00,4.225167403704678803e-01,0.000000000000000000e+00,3.693140856466626265e-01,3.851459187121304972e-01,3.689385442210219024e-01,3.880211031097997032e-01,4.119410882740294211e-01,3.973395292983974980e-01,3.369341079520690729e-01,4.171610046423573914e-01,4.272221551774150194e-01,3.959125212326564114e-01,0.000000000000000000e+00,4.053478905023957801e-01,4.258073260470782162e-01,3.928897239817079057e-01,4.166358245159946794e-01,4.501141827660916084e-01,4.258941002767817063e-01,0.000000000000000000e+00,0.000000000000000000e+00,4.659723854172890811e-01,5.041458799832319038e-01,4.971000798587559832e-01,5.309151554843708487e-01,0.000000000000000000e+00,0.000000000000000000e+00,0.000000000000000000e+00,0.000000000000000000e+00,5.151362928323258705e-01,0.000000000000000000e+00,0.000000000000000000e+00,0.000000000000000000e+00,4.359248826200921023e-01,0.000000000000000000e+00,4.699754438245349886e-01,0.000000000000000000e+00,0.000000000000000000e+00,0.000000000000000000e+00,0.000000000000000000e+00,3.527112528236480138e-01,0.000000000000000000e+00,4.598452316531421724e-01,4.355923178759676939e-01,0.000000000000000000e+00,0.000000000000000000e+00,0.000000000000000000e+00,4.765003811478982221e-01,4.623963402307637027e-01,4.970879592216959075e-01,4.756269756888972244e-01,0.000000000000000000e+00,3.234758174534249076e-01,5.312796647180342280e-01,4.920175406136890195e-01,3.428957943332097136e-01,4.484783783885966102e-01,0.000000000000000000e+00,4.167355134448815779e-01
4.260953588385044122e-01,4.389426959853782728e-01,0.000000000000000000e+00,0.000000000000000000e+00,0.000000000000000000e+00,4.215697988461306056e-01,4.333936728015360118e-01,4.277037797084343729e-01,0.000000000000000000e+00,0.000000000000000000e+00,0.000000000000000000e+00,0.000000000000000000e+00,4.477626930546363959e-01,0.000000000000000000e+00,4.238612294865538033e-01,0.000000000000000000e+00,3.721203820286401176e-01,3.693238931195692021e-01,0.000000000000000000e+00,4.130995144120960805e-01,4.151249161687418088e-01,4.154592427502721841e-01,4.122512924916760801e-01,0.000000000000000000e+00,4.626837652801398804e-01,4.315467755172687214e-01,4.215186584520749791e-01,4.301546971105800199e-01,4.205915891091184244e-01,3.770353323543105262e-01,3.773869210287938980e-01,4.381307882348822180e-01,3.991436042614076030e-01,3.915445695984962060e-01,4.294184923099448881e-01,0.000000000000000000e+00,0.000000000000000000e+00,0.000000000000000000e+00,4.548051213443430885e-01,4.252392418031403221e-01,4.207980888331441238e-01,0.000000000000000000e+00,0.000000000000000000e+00,0.000000000000000000e+00,0.000000000000000000e+00,4.645202895682933875e-01,4.646603585496585920e-01,0.000000000000000000e+00,0.000000000000000000e+00,0.000000000000000000e+00,0.000000000000000000e+00,0.000000000000000000e+00,0.000000000000000000e+00,0.000000000000000000e+00,0.000000000000000000e+00,0.000000000000000000e+00,0.000000000000000000e+00,0.000000000000000000e+00,0.000000000000000000e+00,4.661375435801060063e-01,4.521757254186946073e-01,0.000000000000000000e+00,4.373006043270314946e-01,0.000000000000000000e+00,3.411970911728349209e-01,4.438550087430728208e-01,4.513753020363057145e-01,3.120215643549136275e-01,0.000000000000000000e+00,4.502091628840229065e-01,4.822656749920317121e-01,2.853151086348694188e-01,0.000000000000000000e+00,3.169352488748762853e-01,0.000000000000000000e+00,4.233489229988243729e-01
0.000000000000000000e+00,0.000000000000000000e+00,0.000000000000000000e+00,0.000000000000000000e+00,0.000000000000000000e+00,3.155036959752368086e-01,3.511957740076969148e-01,0.000000000000000000e+00,0.000000000000000000e+00,3.209328079320156180e-01,3.072468511401206803e-01,3.437182332864858192e-01,3.761968043598725164e-01,0.000000000000000000e+00,0.000000000000000000e+00,3.721203820286401176e-01,0.000000000000000000e+00,3.018962487839927933e-01,0.000000000000000000e+00,0.000000000000000000e+00,0.000000000000000000e+00,2.999934028012852250e-01,0.000000000000000000e+00,3.593917738115157134e-01,3.578231165569317751e-01,3.704864399296308175e-01,0.000000000000000000e+00,3.940986921987936209e-01,0.000000000000000000e+00,0.000000000000000000e+00,3.469151865824974257e-01,4.374789569498712116e-01,3.607302779957221039e-01,3.728250504675447163e-01,3.888199901188525986e-01,0.000000000000000000e+00,0.000000000000000000e+00,2.734344575727525872e-01,0.000000000000000000e+00,4.059561901760455060e-01,0.000000000000000000e+00,0.000000000000000000e+00,0.000000000000000000e+00,0.000000000000000000e+00,0.000000000000000000e+00,0.000000000000000000e+00,0.000000000000000000e+00,0.000000000000000000e+00,0.000000000000000000e+00,0.000000000000000000e+00,0.000000000000000000e+00,0.000000000000000000e+00,0.000000000000000000e+00,0.000000000000000000e+00,4.654770020765884864e-01,0.000000000000000000e+00,4.862861243563533775e-01,0.000000000000000000e+00,0.000000000000000000e+00,0.000000000000000000e+00,0.000000000000000000e+00,3.921978318949805864e-01,4.206460817877543112e-01,0.000000000000000000e+00,0.000000000000000000e+00,0.000000000000000000e+00,0.000000000000000000e+00,0.000000000000000000e+00,0.000000000000000000e+00,4.309135373498966803e-01,4.540059063029773800e-01,0.000000000000000000e+00,0.000000000000000000e+00,0.000000000000000000e+00,0.000000000000000000e+00,0.000000000000000000e+00
4.305595946362061888e-01,4.373692582940307272e-01,0.000000000000000000e+00,0.000000000000000000e+00,0.000000000000000000e+00,4.882937368458151184e-01,4.275854622471919053e-01,4.642904867953385750e-01,3.073538143167096059e-01,3.584844450677097116e-01,0.000000000000000000e+00,4.173680210178611905e-01,4.318292027368952901e-01,0.000000000000000000e+00,4.225167403704678803e-01,3.693238931195692021e-01,3.018962487839927933e-01,0.000000000000000000e+00,0.000000000000000000e+00,4.105889661111387090e-01,4.170721678207406913e-01,4.169353089663058176e-01,4.346815172217374235e-01,3.995891129179928170e-01,4.038385351510749843e-01,4.176061259771721157e-01,4.400985971829903254e-01,4.457762248365034208e-01,4.169948081747307245e-01,3.811468424569789959e-01,3.943599550554544031e-01,4.524860709951953885e-01,3.897164111746975745e-01,4.010703355103931167e-01,4.325017243106665799e-01,0.000000000000000000e+00,0.000000000000000000e+00,0.000000000000000000e+00,4.394935782232379240e-01,4.207385924467226257e-01,4.292960766831778185e-01,4.839403485750267131e-01,0.000000000000000000e+00,0.000000000000000000e+00,0.000000000000000000e+00,4.702988338568275806e-01,4.535689335725193172e-01,0.000000000000000000e+00,0.000000000000000000e+00,0.000000000000000000e+00,0.000000000000000000e+00,0.000000000000000000e+00,0.000000000000000000e+00,0.000000000000000000e+00,4.395123645721302763e-01,0.000000000000000000e+00,4.559884257641019789e-01,0.000000000000000000e+00,0.000000000000000000e+00,0.000000000000000000e+00,4.472162234511264933e-01,4.393872852554929209e-01,4.265917804272844061e-01,0.000000000000000000e+00,0.000000000000000000e+00,0.000000000000000000e+00,4.333195205009617856e-01,0.000000000000000000e+00,4.603622267945021163e-01,4.382724368462400100e-01,4.614639042680089842e-01,0.000000000000000000e+00,0.000000000000000000e+00,0.000000000000000000e+00,0.000000000000000000e+00,4.315433122577800873e-01
0.000000000000000000e+00,0.000000000000000000e+00,2.715042782276447797e-01,2.897392072811301178e-01,3.490126360233908875e-01,4.371065437136091858e-01,3.999574557431718747e-01,4.754282793733389800e-01,2.915244023161847053e-01,3.294908883050159942e-01,2.748496373867506115e-01,2.705195853454772092e-01,4.233426873563078119e-01,4.080992747250691277e-01,0.000000000000000000e+00,0.000000000000000000e+00,0.000000000000000000e+00,0.000000000000000000e+00,0.000000000000000000e+00,0.000000000000000000e+00,0.000000000000000000e+00,0.000000000000000000e+00,2.892843986892429942e-01,0.000000000000000000e+00,0.000000000000000000e+00,0.000000000000000000e+00,3.835696830889558928e-01,4.349694784980377982e-01,0.000000000000000000e+00,0.000000000000000000e+00,4.574987878583708922e-01,4.127831157436576137e-01,0.000000000000000000e+00,4.425331451576515196e-01,4.244829616689683727e-01,3.748432854229252764e-01,3.910709994459473093e-01,0.000000000000000000e+00,3.089775947745875828e-01,0.000000000000000000e+00,0.000000000000000000e+00,0.000000000000000000e+00,4.869831259156930936e-01,0.000000000000000000e+00,0.000000000000000000e+00,0.000000000000000000e+00,0.000000000000000000e+00,5.398853880289327112e-01,0.000000000000000000e+00,3.876310266755034206e-01,4.759452734892717918e-01,3.617221609386003234e-01,5.256747952619800213e-01,5.280571002025550298e-01,0.000000000000000000e+00,5.389081994229077965e-01,0.000000000000000000e+00,3.508694523294055845e-01,4.849567506808213913e-01,0.000000000000000000e+00,0.000000000000000000e+00,0.000000000000000000e+00,0.000000000000000000e+00,3.069910765203570091e-01,0.000000000000000000e+00,0.000000000000000000e+00,0.000000000000000000e+00,5.246364395229774491e-01,0.000000000000000000e+00,0.000000000000000000e+00,0.000000000000000000e+00,4.961047740892741142e-01,0.000000000000000000e+00,0.000000000000000000e+00,0.000000000000000000e+00,0.000000000000000000e+00
4.112714117818481729e-01,4.002235955476720064e-01,0.000000000000000000e+00,0.000000000000000000e+00,4.051039129868190813e-01,4.038213778183072922e-01,4.149617757025511056e-01,4.113355610119607264e-01,0.000000000000000000e+00,0.000000000000000000e+00,0.000000000000000000e+00,0.000000000000000000e+00,4.275589963441066010e-01,0.000000000000000000e+00,3.693140856466626265e-01,4.130995144120960805e-01,0.000000000000000000e+00,4.105889661111387090e-01,0.000000000000000000e+00,0.000000000000000000e+00,4.277572168968339916e-01,3.791711953269407132e-01,3.410791762539867045e-01,0.000000000000000000e+00,3.912543399954493961e-01,4.240781627267897758e-01,3.484329644219685274e-01,4.048809920485209046e-01,3.503242949203794199e-01,2.959532119118162830e-01,3.813946914408005151e-01,4.333540616206966734e-01,3.852219490658165824e-01,4.176383651666322749e-01,4.495915808558091920e-01,4.338165027309451860e-01,3.809282191245996763e-01,0.000000000000000000e+00,4.359966007111629738e-01,3.981121925024594943e-01,4.183940399157731194e-01,4.461556767219462261e-01,2.136400851930363998e-01,0.000000000000000000e+00,0.000000000000000000e+00,0.000000000000000000e+00,3.923762059870887220e-01,0.000000000000000000e+00,0.000000000000000000e+00,0.000000000000000000e+00,3.901226224994773784e-01,0.000000000000000000e+00,4.119620525759747909e-01,0.000000000000000000e+00,0.000000000000000000e+00,0.000000000000000000e+00,0.000000000000000000e+00,3.039602405278383213e-01,0.000000000000000000e+00,4.486578134725529021e-01,2.950253301792841176e-01,0.000000000000000000e+00,0.000000000000000000e+00,0.000000000000000000e+00,4.457771054358490859e-01,4.494610441791255240e-01,4.679807585212502063e-01,4.627143636788935144e-01,0.000000000000000000e+00,2.767067178252394233e-01,4.468103433400003044e-01,4.672099747023727989e-01,3.963794062023567877e-01,4.343472880812093151e-01,3.421723543498109144e-01,3.632165665561534196e-01
3.665462825605749209e-01,3.982352926171048857e-01,0.000000000000000000e+00,0.000000000000000000e+00,0.000000000000000000e+00,4.101008921604598068e-01,0.000000000000000000e+00,3.675593641705555137e-01,0.000000000000000000e+00,0.000000000000000000e+00,0.000000000000000000e+00,4.191279901711316147e-01,4.474295574397402220e-01,4.467342178064170888e-01,3.851459187121304972e-01,4.151249161687418088e-01,0.000000000000000000e+00,4.170721678207406913e-01,0.000000000000000000e+00,4.277572168968339916e-01,0.000000000000000000e+00,4.198021066831810755e-01,3.558264491970629106e-01,4.775882823050249248e-01,4.101473039323506042e-01,4.253191802616665962e-01,4.157228095633955234e-01,4.395956639952792733e-01,3.915417706191102742e-01,0.000000000000000000e+00,3.756401428832237266e-01,3.974820007555782131e-01,3.764799005006513877e-01,3.825222542765269740e-01,4.414331945480631791e-01,0.000000000000000000e+00,0.000000000000000000e+00,0.000000000000000000e+00,4.796387164141450166e-01,4.659025571054787873e-01,4.695647701405792906e-01,0.000000000000000000e+00,0.000000000000000000e+00,0.000000000000000000e+00,0.000000000000000000e+00,4.305277058806464274e-01,4.929114070456043772e-01,0.000000000000000000e+00,0.000000000000000000e+00,0.000000000000000000e+00,4.559774587962420189e-01,0.000000000000000000e+00,4.047456777269283212e-01,0.000000000000000000e+00,0.000000000000000000e+00,0.000000000000000000e+00,0.000000000000000000e+00,0.000000000000000000e+00,0.000000000000000000e+00,4.434890443776007274e-01,4.147603848446154151e-01,0.000000000000000000e+00,0.000000000000000000e+00,0.000000000000000000e+00,4.682116885720761790e-01,4.180478384945979231e-01,4.835438418935267268e-01,4.589895511111468096e-01,0.000000000000000000e+00,3.481661758951988817e-01,4.947613628552584020e-01,4.878372929615868991e-01,4.658938561587883109e-01,4.605116191317711882e-01,0.000000000000000000e+00,4.085591019813729075e-01
