0.000000000000000000e+00,3.681917490943001914e-01,0.000000000000000000e+00,0.000000000000000000e+00,0.000000000000000000e+00,3.682987614284148892e-01,0.000000000000000000e+00,4.899864562331425755e-01,0.000000000000000000e+00,3.485700966397636269e-01,0.000000000000000000e+00,3.663453655953627930e-01,3.856648280390276851e-01,0.000000000000000000e+00,3.678240405810996871e-01,3.679116799446837116e-01,0.000000000000000000e+00,3.682036059813771911e-01,0.000000000000000000e+00,3.902464547749046053e-01,3.916369615824001893e-01,3.636541280682162869e-01,4.523623429990221156e-01,3.468542189833555001e-01,3.719257036927687277e-01,3.352713507084446043e-01,4.028326729179684262e-01,4.512300715902636816e-01,4.260711490533913848e-01,0.000000000000000000e+00,3.249463342630384277e-01,3.865469042820693923e-01,3.061672877206934040e-01,3.148447843447724215e-01,3.877252914163237807e-01,0.000000000000000000e+00,0.000000000000000000e+00,4.460121587054607928e-01,4.143988347478044232e-01,4.070118447897281277e-01,4.542811520546681803e-01,0.000000000000000000e+00,0.000000000000000000e+00,0.000000000000000000e+00,0.000000000000000000e+00,3.114605959082962783e-01,4.559378122465184147e-01,0.000000000000000000e+00,0.000000000000000000e+00,0.000000000000000000e+00,0.000000000000000000e+00,0.000000000000000000e+00,0.000000000000000000e+00,0.000000000000000000e+00,3.744457003398560246e-01,0.000000000000000000e+00,0.000000000000000000e+00,0.000000000000000000e+00,0.000000000000000000e+00,0.000000000000000000e+00,4.432397458134840207e-01,0.000000000000000000e+00,4.179372031186602277e-01,0.000000000000000000e+00,0.000000000000000000e+00,2.738214235452179901e-01,4.516479446902227912e-01,0.000000000000000000e+00,3.818105449403351725e-01,4.153459195291764883e-01,4.177972042837648781e-01,0.000000000000000000e+00,0.000000000000000000e+00,0.000000000000000000e+00,0.000000000000000000e+00,4.089333399788799839e-01
3.681917490943001914e-01,0.000000000000000000e+00,0.000000000000000000e+00,0.000000000000000000e+00,3.848955265371351020e-01,4.130790053521072869e-01,4.110354522627087115e-01,4.239959518077491274e-01,3.665439804753837238e-01,0.000000000000000000e+00,0.000000000000000000e+00,0.000000000000000000e+00,4.388758022506247802e-01,0.000000000000000000e+00,3.973074001555751966e-01,3.943226627650199267e-01,3.996542278208390919e-01,3.804351001910051822e-01,0.000000000000000000e+00,3.865835294140225198e-01,3.892380434035591086e-01,3.651516415402739080e-01,4.115417033375324829e-01,0.000000000000000000e+00,3.649800406555869237e-01,3.742349950795801905e-01,4.000798931553917193e-01,4.394226204445870754e-01,4.045339382193666178e-01,0.000000000000000000e+00,3.448669826027946916e-01,4.004938473112066855e-01,3.468702905367290756e-01,3.587719618744170114e-01,4.121446538582450025e-01,0.000000000000000000e+00,0.000000000000000000e+00,0.000000000000000000e+00,4.358845221722922880e-01,4.329875154848437102e-01,4.441479659493279830e-01,4.505901770507941828e-01,0.000000000000000000e+00,0.000000000000000000e+00,0.000000000000000000e+00,4.105773860823563881e-01,4.551721875222233260e-01,0.000000000000000000e+00,0.000000000000000000e+00,0.000000000000000000e+00,3.489731267367920942e-01,0.000000000000000000e+00,0.000000000000000000e+00,0.000000000000000000e+00,0.000000000000000000e+00,0.000000000000000000e+00,0.000000000000000000e+00,0.000000000000000000e+00,0.000000000000000000e+00,4.430244856340276871e-01,4.490545600534667225e-01,0.000000000000000000e+00,4.431483628799475771e-01,0.000000000000000000e+00,4.140429851460529220e-01,4.408253214375587037e-01,4.559746387199429263e-01,3.650393015982313916e-01,0.000000000000000000e+00,4.326710133610330855e-01,4.458316705328342899e-01,3.738279495010615738e-01,0.000000000000000000e+00,4.068161751173172136e-01,0.000000000000000000e+00,4.045483004169773134e-01
0.000000000000000000e+00,0.000000000000000000e+00,0.000000000000000000e+00,2.883564782555462225e-01,3.220057751375646204e-01,3.740493198208577064e-01,3.736163114793333850e-01,3.705776193564729870e-01,2.463289597243940032e-01,3.033941745389324152e-01,2.365140133939322986e-01,2.843574388627120864e-01,3.996858458524800151e-01,3.512207427786475100e-01,0.000000000000000000e+00,0.000000000000000000e+00,0.000000000000000000e+00,0.000000000000000000e+00,1.927895035673823088e-01,0.000000000000000000e+00,0.000000000000000000e+00,0.000000000000000000e+00,2.472221014517591020e-01,0.000000000000000000e+00,0.000000000000000000e+00,0.000000000000000000e+00,3.296746264467956822e-01,4.070172302141268905e-01,0.000000000000000000e+00,0.000000000000000000e+00,4.173490439993466916e-01,3.972103788542616920e-01,3.238909184124060814e-01,4.278056467490541914e-01,4.686096797512903089e-01,3.246244201403616914e-01,3.398599113062258925e-01,0.000000000000000000e+00,3.486701370039009262e-01,0.000000000000000000e+00,0.000000000000000000e+00,0.000000000000000000e+00,4.493801272393185831e-01,0.000000000000000000e+00,0.000000000000000000e+00,0.000000000000000000e+00,0.000000000000000000e+00,3.381615557272624195e-01,0.000000000000000000e+00,4.099270498333906221e-01,5.019550855974255210e-01,3.966944650586046728e-01,4.665589557704041268e-01,5.190938078242551823e-01,0.000000000000000000e+00,2.830105419518265109e-01,0.000000000000000000e+00,4.097052176400415857e-01,4.467344855761372080e-01,0.000000000000000000e+00,0.000000000000000000e+00,0.000000000000000000e+00,0.000000000000000000e+00,2.258706944286185125e-01,0.000000000000000000e+00,0.000000000000000000e+00,0.000000000000000000e+00,5.154889020182733539e-01,0.000000000000000000e+00,0.000000000000000000e+00,0.000000000000000000e+00,4.912938488459255848e-01,3.542103276917855093e-01,0.000000000000000000e+00,0.000000000000000000e+00,0.000000000000000000e+00
0.000000000000000000e+00,0.000000000000000000e+00,2.883564782555462225e-01,0.000000000000000000e+00,2.952281602247212033e-01,3.587653309168934990e-01,3.546907911358899157e-01,3.341595036105777239e-01,3.622778685957552813e-01,2.870575340596144276e-01,3.019493629025429837e-01,2.536345533477765146e-01,3.241001649740716251e-01,2.330716099405764075e-01,0.000000000000000000e+00,0.000000000000000000e+00,0.000000000000000000e+00,0.000000000000000000e+00,2.859844772903891164e-01,3.824643518915363249e-01,0.000000000000000000e+00,0.000000000000000000e+00,3.680090008450004890e-01,0.000000000000000000e+00,0.000000000000000000e+00,0.000000000000000000e+00,3.445777751665661803e-01,2.501361257271714766e-01,3.139115424411824118e-01,0.000000000000000000e+00,2.689215587753113201e-01,3.066830884062364260e-01,0.000000000000000000e+00,3.035991085542117940e-01,3.455234921412712046e-01,2.106307913193551928e-01,2.048419236846643898e-01,2.519065483455908971e-01,0.000000000000000000e+00,0.000000000000000000e+00,0.000000000000000000e+00,0.000000000000000000e+00,0.000000000000000000e+00,0.000000000000000000e+00,0.000000000000000000e+00,0.000000000000000000e+00,0.000000000000000000e+00,0.000000000000000000e+00,0.000000000000000000e+00,0.000000000000000000e+00,0.000000000000000000e+00,0.000000000000000000e+00,0.000000000000000000e+00,0.000000000000000000e+00,0.000000000000000000e+00,0.000000000000000000e+00,0.000000000000000000e+00,0.000000000000000000e+00,0.000000000000000000e+00,0.000000000000000000e+00,0.000000000000000000e+00,0.000000000000000000e+00,0.000000000000000000e+00,0.000000000000000000e+00,0.000000000000000000e+00,0.000000000000000000e+00,0.000000000000000000e+00,0.000000000000000000e+00,0.000000000000000000e+00,0.000000000000000000e+00,0.000000000000000000e+00,0.000000000000000000e+00,0.000000000000000000e+00,0.000000000000000000e+00,0.000000000000000000e+00,0.000000000000000000e+00
0.000000000000000000e+00,3.848955265371351020e-01,3.220057751375646204e-01,2.952281602247212033e-01,0.000000000000000000e+00,3.628782157758034810e-01,3.242349317078396242e-01,3.606034849403728093e-01,3.033517826321058264e-01,3.418107577527226271e-01,2.839562887719763173e-01,3.249166473082227835e-01,3.400966541797910137e-01,3.030532310729978085e-01,0.000000000000000000e+00,3.912832138825358963e-01,0.000000000000000000e+00,0.000000000000000000e+00,3.217058033256017802e-01,4.012837025261956070e-01,0.000000000000000000e+00,4.191784990284697088e-01,3.677569434674604065e-01,0.000000000000000000e+00,3.054911600092348190e-01,3.232828804593019245e-01,3.772941859349249749e-01,3.622949639764084795e-01,3.930063094900879128e-01,0.000000000000000000e+00,4.131250636843323831e-01,3.821698090572516748e-01,3.174813741512503840e-01,4.117429229852357930e-01,4.315393307680902013e-01,2.815140519904775762e-01,2.809535154794514100e-01,0.000000000000000000e+00,3.506529617879540206e-01,0.000000000000000000e+00,0.000000000000000000e+00,0.000000000000000000e+00,3.836081710454729010e-01,0.000000000000000000e+00,0.000000000000000000e+00,0.000000000000000000e+00,0.000000000000000000e+00,3.759964527651162847e-01,0.000000000000000000e+00,3.855168513546289866e-01,4.095482518875425137e-01,0.000000000000000000e+00,3.984143978221609261e-01,3.762294798851342215e-01,0.000000000000000000e+00,3.693023039918845729e-01,0.000000000000000000e+00,0.000000000000000000e+00,0.000000000000000000e+00,0.000000000000000000e+00,0.000000000000000000e+00,0.000000000000000000e+00,0.000000000000000000e+00,3.726955110628151213e-01,0.000000000000000000e+00,0.000000000000000000e+00,0.000000000000000000e+00,4.739671470987448787e-01,0.000000000000000000e+00,0.000000000000000000e+00,0.000000000000000000e+00,3.885739990374432185e-01,0.000000000000000000e+00,0.000000000000000000e+00,0.000000000000000000e+00,0.000000000000000000e+00
3.682987614284148892e-01,4.130790053521072869e-01,3.740493198208577064e-01,3.587653309168934990e-01,3.628782157758034810e-01,0.000000000000000000e+00,3.870923737379183827e-01,3.917147346340231762e-01,3.224832352215110109e-01,3.514663462855662779e-01,3.451094396773282114e-01,3.112250643553093887e-01,3.690674541731623903e-01,4.034679375145003855e-01,3.689128002457702782e-01,4.292718638758579175e-01,2.778398098237094271e-01,3.928255807997085847e-01,3.174289786395461110e-01,3.927679181737712133e-01,4.087270869103571957e-01,4.070947320638392264e-01,3.625091741080709862e-01,0.000000000000000000e+00,3.934690102189514760e-01,4.139446497314253071e-01,3.574084878492220785e-01,3.717042118474869206e-01,3.391422490918695742e-01,3.870240341006235818e-01,4.066925091409662740e-01,4.095482464786521781e-01,3.877769242841623276e-01,4.190305002375552812e-01,4.380069235084385060e-01,4.046633896299585142e-01,4.093194572802719144e-01,3.248336262850184952e-01,4.677801403115712797e-01,0.000000000000000000e+00,4.528304173535490085e-01,4.212389731469982079e-01,4.279002672749543934e-01,0.000000000000000000e+00,0.000000000000000000e+00,0.000000000000000000e+00,3.228333183938880135e-01,5.003802765275450204e-01,0.000000000000000000e+00,3.940847161008705912e-01,4.799056101637689808e-01,4.500391649445192876e-01,4.529549969607284954e-01,5.151425063787868908e-01,0.000000000000000000e+00,4.360962899752939825e-01,0.000000000000000000e+00,4.781638261013549940e-01,0.000000000000000000e+00,3.746852241990766275e-01,0.000000000000000000e+00,0.000000000000000000e+00,0.000000000000000000e+00,4.568532275101068185e-01,3.799580924252142222e-01,3.852075682479402241e-01,3.504118751002900933e-01,4.933391566091325231e-01,0.000000000000000000e+00,0.000000000000000000e+00,3.610381352030556101e-01,4.935480303395863855e-01,4.822771405934402900e-01,4.738503066918017814e-01,4.482784874734215830e-01,4.502846885665856003e-01
0.000000000000000000e+00,4.110354522627087115e-01,3.736163114793333850e-01,3.546907911358899157e-01,3.242349317078396242e-01,3.870923737379183827e-01,0.000000000000000000e+00,3.961362729818038164e-01,3.465858331034982198e-01,3.709790866108180762e-01,3.721084716756873911e-01,3.512816166138791885e-01,3.290747521093281835e-01,3.221175810226645231e-01,0.000000000000000000e+00,4.637250405299345735e-01,3.418471265586267016e-01,4.010521210231637879e-01,3.860684942564118205e-01,4.058054333603919872e-01,0.000000000000000000e+00,4.392961482321651179e-01,3.810870251504616113e-01,3.637715124422932766e-01,3.931156183523952241e-01,3.711053598214124061e-01,3.971490250616948048e-01,3.756883883501253019e-01,4.165515345707475059e-01,0.000000000000000000e+00,4.042083985719492900e-01,3.983788845778450938e-01,3.688487340547144111e-01,4.105192778690022748e-01,4.415812379667575227e-01,3.149581370162337079e-01,2.725389720184194786e-01,3.457710261476759084e-01,3.196408151261033725e-01,0.000000000000000000e+00,3.426553517527063941e-01,0.000000000000000000e+00,3.467307139322841070e-01,0.000000000000000000e+00,0.000000000000000000e+00,0.000000000000000000e+00,0.000000000000000000e+00,3.713742149238319912e-01,0.000000000000000000e+00,0.000000000000000000e+00,3.811178462608358908e-01,0.000000000000000000e+00,4.003358163987706941e-01,3.685320321581352920e-01,0.000000000000000000e+00,3.346463604886569798e-01,0.000000000000000000e+00,0.000000000000000000e+00,0.000000000000000000e+00,0.000000000000000000e+00,0.000000000000000000e+00,0.000000000000000000e+00,0.000000000000000000e+00,3.710276159501150195e-01,0.000000000000000000e+00,0.000000000000000000e+00,0.000000000000000000e+00,4.799253534628383777e-01,0.000000000000000000e+00,0.000000000000000000e+00,0.000000000000000000e+00,4.238888875897410258e-01,0.000000000000000000e+00,0.000000000000000000e+00,0.000000000000000000e+00,0.000000000000000000e+00
4.899864562331425755e-01,4.239959518077491274e-01,3.705776193564729870e-01,3.341595036105777239e-01,3.606034849403728093e-01,3.917147346340231762e-01,3.961362729818038164e-01,0.000000000000000000e+00,4.214002843728607006e-01,3.710828456054651725e-01,2.777199957672641939e-01,3.973450520739809089e-01,3.889077440926835272e-01,3.434621828287265921e-01,0.000000000000000000e+00,4.107965429396158163e-01,0.000000000000000000e+00,4.219713132295482838e-01,3.843427667678711024e-01,3.969428571047852183e-01,3.892293627778178888e-01,0.000000000000000000e+00,3.394324871982615788e-01,4.975416334552625885e-01,4.566966242899733186e-01,4.551285578042851832e-01,3.959453161564657209e-01,4.000481267906493832e-01,3.754577655562625904e-01,3.866097567730619744e-01,4.171958927396787198e-01,3.875636419247152076e-01,4.219338268989479834e-01,4.365491247197997859e-01,4.641012772241402962e-01,2.645777368653661199e-01,4.215985064314968223e-01,0.000000000000000000e+00,4.566699632859366198e-01,0.000000000000000000e+00,4.634195177130064902e-01,0.000000000000000000e+00,4.162292942683539776e-01,0.000000000000000000e+00,0.000000000000000000e+00,0.000000000000000000e+00,0.000000000000000000e+00,4.784276666568014202e-01,0.000000000000000000e+00,4.189858569167339009e-01,4.336877640064307204e-01,4.734296327615984956e-01,3.148797440497577149e-01,5.098166219098795304e-01,0.000000000000000000e+00,3.997258602010443918e-01,0.000000000000000000e+00,4.542692650669731824e-01,0.000000000000000000e+00,4.329730819623224258e-01,0.000000000000000000e+00,0.000000000000000000e+00,0.000000000000000000e+00,4.943107275456585792e-01,0.000000000000000000e+00,3.138849785958766070e-01,0.000000000000000000e+00,4.430827985487773013e-01,0.000000000000000000e+00,0.000000000000000000e+00,0.000000000000000000e+00,4.602771830696203992e-01,4.397924611580871224e-01,3.990862765633023113e-01,0.000000000000000000e+00,4.365521607879537802e-01
0.000000000000000000e+00,3.665439804753837238e-01,2.463289597243940032e-01,3.622778685957552813e-01,3.033517826321058264e-01,3.224832352215110109e-01,3.465858331034982198e-01,4.214002843728607006e-01,0.000000000000000000e+00,3.763034135094268096e-01,2.550671925211936975e-01,2.988712081400167753e-01,3.568819878623983866e-01,3.667971115322293807e-01,0.000000000000000000e+00,3.681405797130924973e-01,0.000000000000000000e+00,2.488387140722622126e-01,2.183758885058283972e-01,3.896669091717462896e-01,0.000000000000000000e+00,3.875644259662655022e-01,3.709146707717180802e-01,3.266151708895423944e-01,2.655899095622383799e-01,3.143088385872530033e-01,3.408780874249349724e-01,4.150722150277034728e-01,3.800787892975612814e-01,3.827616740095878267e-01,4.321415810926492740e-01,4.123709157841836115e-01,3.464808830001133155e-01,4.307062799525626096e-01,4.309703629581708162e-01,3.599232728026586225e-01,3.859000160672356183e-01,3.036807902213011223e-01,3.425533251379405120e-01,0.000000000000000000e+00,3.367691609212113968e-01,0.000000000000000000e+00,4.560895284772356062e-01,0.000000000000000000e+00,0.000000000000000000e+00,0.000000000000000000e+00,0.000000000000000000e+00,4.966063463990271765e-01,0.000000000000000000e+00,4.065092993427431023e-01,4.945721349138251788e-01,3.860947787582754143e-01,5.026188063833786357e-01,4.777860789417108234e-01,0.000000000000000000e+00,4.886563276272321010e-01,0.000000000000000000e+00,3.897827140246608035e-01,4.518194068987950174e-01,0.000000000000000000e+00,0.000000000000000000e+00,0.000000000000000000e+00,0.000000000000000000e+00,4.795014026935843776e-01,0.000000000000000000e+00,0.000000000000000000e+00,0.000000000000000000e+00,5.160138679999973776e-01,0.000000000000000000e+00,0.000000000000000000e+00,0.000000000000000000e+00,5.105842786528442812e-01,3.631723018865198882e-01,0.000000000000000000e+00,0.000000000000000000e+00,0.000000000000000000e+00
3.485700966397636269e-01,0.000000000000000000e+00,3.033941745389324152e-01,2.870575340596144276e-01,3.418107577527226271e-01,3.514663462855662779e-01,3.709790866108180762e-01,3.710828456054651725e-01,3.763034135094268096e-01,0.000000000000000000e+00,3.693569127974196120e-01,2.980698764155564895e-01,3.954729989410746827e-01,0.000000000000000000e+00,0.000000000000000000e+00,3.361931656386331069e-01,2.985716243312979135e-01,3.160234470757306013e-01,3.289471902587379759e-01,3.057376117787553027e-01,0.000000000000000000e+00,2.611809731875331941e-01,2.797370074079297275e-01,3.053874263672131106e-01,3.105937359897548156e-01,2.973265030805958276e-01,3.196206511081244872e-01,3.666965810971927198e-01,3.312598882694562930e-01,0.000000000000000000e+00,3.158251572230201809e-01,3.604789149518929925e-01,2.862357939147638919e-01,2.914932948204361218e-01,2.698710172861324974e-01,3.596095267136314999e-01,2.693190459278811955e-01,2.865332772484309176e-01,3.230606171197342724e-01,3.803031731113987735e-01,3.947135982948928867e-01,0.000000000000000000e+00,0.000000000000000000e+00,0.000000000000000000e+00,3.363088289559305055e-01,4.141532309071094264e-01,0.000000000000000000e+00,0.000000000000000000e+00,0.000000000000000000e+00,0.000000000000000000e+00,0.000000000000000000e+00,0.000000000000000000e+00,0.000000000000000000e+00,0.000000000000000000e+00,4.335802636236825158e-01,0.000000000000000000e+00,4.369162625164472180e-01,3.872553693338702252e-01,0.000000000000000000e+00,0.000000000000000000e+00,0.000000000000000000e+00,3.890888838858878040e-01,3.629417021031732249e-01,0.000000000000000000e+00,0.000000000000000000e+00,0.000000000000000000e+00,0.000000000000000000e+00,0.000000000000000000e+00,4.068734000602696188e-01,3.892802958517967982e-01,4.141527580413926768e-01,0.000000000000000000e+00,4.134423967004687839e-01,0.000000000000000000e+00,0.000000000000000000e+00,4.203317058867966916e-01
0.000000000000000000e+00,0.000000000000000000e+00,2.365140133939322986e-01,3.019493629025429837e-01,2.839562887719763173e-01,3.451094396773282114e-01,3.721084716756873911e-01,2.777199957672641939e-01,2.550671925211936975e-01,3.693569127974196120e-01,0.000000000000000000e+00,3.198197753984389213e-01,3.829549689902105869e-01,2.721823664787638153e-01,0.000000000000000000e+00,0.000000000000000000e+00,3.049098311150760243e-01,0.000000000000000000e+00,1.951850836193690930e-01,0.000000000000000000e+00,0.000000000000000000e+00,0.000000000000000000e+00,2.505762910481676986e-01,3.422941890785237140e-01,0.000000000000000000e+00,2.761643092906662100e-01,3.623740744740794884e-01,3.913344637675553184e-01,0.000000000000000000e+00,0.000000000000000000e+00,4.077517985527541744e-01,3.602078147643881789e-01,3.247739389121258036e-01,4.054113672836909821e-01,4.215415413069625861e-01,2.468683382402480919e-01,3.307124836348802055e-01,3.015518839162780185e-01,3.184785746342549961e-01,0.000000000000000000e+00,0.000000000000000000e+00,0.000000000000000000e+00,3.742686208728966957e-01,0.000000000000000000e+00,0.000000000000000000e+00,0.000000000000000000e+00,0.000000000000000000e+00,3.845452793016710946e-01,0.000000000000000000e+00,2.964305562947692763e-01,4.309746777994302169e-01,3.690562854701830986e-01,4.058073361675871848e-01,4.648542167568769923e-01,0.000000000000000000e+00,2.136503898229057119e-01,0.000000000000000000e+00,3.071490064196257808e-01,0.000000000000000000e+00,0.000000000000000000e+00,0.000000000000000000e+00,0.000000000000000000e+00,0.000000000000000000e+00,2.123923163078161869e-01,0.000000000000000000e+00,0.000000000000000000e+00,0.000000000000000000e+00,4.667933956187724776e-01,0.000000000000000000e+00,0.000000000000000000e+00,0.000000000000000000e+00,4.224141278315203252e-01,2.784627579491192884e-01,0.000000000000000000e+00,0.000000000000000000e+00,0.000000000000000000e+00
3.663453655953627930e-01,0.000000000000000000e+00,2.843574388627120864e-01,2.536345533477765146e-01,3.249166473082227835e-01,3.112250643553093887e-01,3.512816166138791885e-01,3.973450520739809089e-01,2.988712081400167753e-01,2.980698764155564895e-01,3.198197753984389213e-01,0.000000000000000000e+00,3.676365356034582144e-01,0.000000000000000000e+00,0.000000000000000000e+00,0.000000000000000000e+00,3.109762243143858185e-01,3.203222399280151733e-01,2.754098475416412728e-01,0.000000000000000000e+00,3.947486694879838165e-01,0.000000000000000000e+00,3.362270798166159258e-01,2.835631082866599262e-01,3.276304797098928967e-01,2.937667609560096760e-01,2.972808446026591889e-01,3.517887130586667133e-01,0.000000000000000000e+00,0.000000000000000000e+00,3.186487973156554854e-01,2.554943369761836780e-01,2.910446285231219066e-01,2.544922436898047757e-01,2.634729079520670147e-01,3.425084538389822075e-01,3.035135163943203929e-01,2.429895698963802919e-01,2.211238359677681897e-01,3.900715905138849027e-01,3.834126031918441146e-01,2.788581342719853029e-01,2.801040458068618233e-01,0.000000000000000000e+00,3.279743884740212723e-01,0.000000000000000000e+00,0.000000000000000000e+00,0.000000000000000000e+00,0.000000000000000000e+00,0.000000000000000000e+00,0.000000000000000000e+00,0.000000000000000000e+00,0.000000000000000000e+00,0.000000000000000000e+00,4.423202815308621139e-01,0.000000000000000000e+00,4.454528089982661143e-01,3.513835345761169848e-01,0.000000000000000000e+00,0.000000000000000000e+00,0.000000000000000000e+00,3.913794309073707067e-01,3.819867113786428736e-01,0.000000000000000000e+00,0.000000000000000000e+00,0.000000000000000000e+00,0.000000000000000000e+00,0.000000000000000000e+00,4.221391355464754191e-01,4.142038857452929879e-01,4.319189522129683878e-01,0.000000000000000000e+00,3.764617689452272042e-01,0.000000000000000000e+00,0.000000000000000000e+00,4.161128592784297808e-01
3.856648280390276851e-01,4.388758022506247802e-01,3.996858458524800151e-01,3.241001649740716251e-01,3.400966541797910137e-01,3.690674541731623903e-01,3.290747521093281835e-01,3.889077440926835272e-01,3.568819878623983866e-01,3.954729989410746827e-01,3.829549689902105869e-01,3.676365356034582144e-01,0.000000000000000000e+00,3.477240005285119895e-01,4.089245174830407059e-01,4.695144804618449075e-01,3.414979554680713791e-01,4.113818014000634737e-01,4.011285517741364215e-01,4.111548405845464882e-01,4.210263119529543130e-01,4.409704348476123914e-01,3.868714926186164749e-01,3.659401737828211210e-01,4.160254267421198970e-01,4.116909694591516788e-01,4.092125259126853098e-01,3.469366487385137088e-01,4.064351071319450837e-01,3.611748001703473099e-01,3.716244654317045204e-01,3.966560909124463019e-01,3.820585308020784110e-01,4.013679889067490736e-01,4.225044508764199125e-01,3.345673485302804728e-01,3.221980016119389001e-01,3.518004040084207196e-01,3.804345901210223757e-01,0.000000000000000000e+00,3.963336280408272239e-01,3.453336093711957266e-01,3.212416895341055900e-01,0.000000000000000000e+00,0.000000000000000000e+00,0.000000000000000000e+00,0.000000000000000000e+00,3.459460851320110275e-01,0.000000000000000000e+00,0.000000000000000000e+00,4.238174358871241165e-01,3.432859053904538937e-01,4.135544709914603101e-01,0.000000000000000000e+00,0.000000000000000000e+00,3.306214988348588069e-01,0.000000000000000000e+00,0.000000000000000000e+00,0.000000000000000000e+00,3.348232201837694766e-01,0.000000000000000000e+00,0.000000000000000000e+00,0.000000000000000000e+00,0.000000000000000000e+00,3.476820725962169178e-01,0.000000000000000000e+00,2.961112797535813135e-01,4.825803248635063269e-01,0.000000000000000000e+00,2.880722159395275872e-01,3.226422642990983136e-01,4.688598703934335754e-01,0.000000000000000000e+00,3.742761440054687139e-01,0.000000000000000000e+00,0.000000000000000000e+00
0.000000000000000000e+00,0.000000000000000000e+00,3.512207427786475100e-01,2.330716099405764075e-01,3.030532310729978085e-01,4.034679375145003855e-01,3.221175810226645231e-01,3.434621828287265921e-01,3.667971115322293807e-01,0.000000000000000000e+00,2.721823664787638153e-01,0.000000000000000000e+00,3.477240005285119895e-01,0.000000000000000000e+00,0.000000000000000000e+00,0.000000000000000000e+00,0.000000000000000000e+00,0.000000000000000000e+00,3.232324781288147264e-01,0.000000000000000000e+00,4.458368214170942978e-01,0.000000000000000000e+00,3.698009999850002116e-01,0.000000000000000000e+00,0.000000000000000000e+00,0.000000000000000000e+00,3.975001860248605912e-01,2.815494768442873830e-01,0.000000000000000000e+00,0.000000000000000000e+00,0.000000000000000000e+00,3.496955507878102831e-01,0.000000000000000000e+00,0.000000000000000000e+00,0.000000000000000000e+00,2.111351548197573091e-01,1.895346258261907946e-01,0.000000000000000000e+00,0.000000000000000000e+00,0.000000000000000000e+00,0.000000000000000000e+00,0.000000000000000000e+00,4.036662668413659727e-01,0.000000000000000000e+00,0.000000000000000000e+00,0.000000000000000000e+00,0.000000000000000000e+00,3.919585155621893025e-01,0.000000000000000000e+00,0.000000000000000000e+00,0.000000000000000000e+00,0.000000000000000000e+00,0.000000000000000000e+00,4.559364628759284277e-01,0.000000000000000000e+00,2.612453683749086930e-01,0.000000000000000000e+00,0.000000000000000000e+00,0.000000000000000000e+00,0.000000000000000000e+00,0.000000000000000000e+00,0.000000000000000000e+00,0.000000000000000000e+00,0.000000000000000000e+00,0.000000000000000000e+00,0.000000000000000000e+00,0.000000000000000000e+00,0.000000000000000000e+00,0.000000000000000000e+00,0.000000000000000000e+00,0.000000000000000000e+00,0.000000000000000000e+00,0.000000000000000000e+00,0.000000000000000000e+00,0.000000000000000000e+00,0.000000000000000000e+00
3.678240405810996871e-01,3.973074001555751966e-01,0.000000000000000000e+00,0.000000000000000000e+00,0.000000000000000000e+00,3.689128002457702782e-01,0.000000000000000000e+00,0.000000000000000000e+00,0.000000000000000000e+00,0.000000000000000000e+00,0.000000000000000000e+00,0.000000000000000000e+00,4.089245174830407059e-01,0.000000000000000000e+00,0.000000000000000000e+00,3.990628139211795933e-01,0.000000000000000000e+00,3.956135715928287278e-01,0.000000000000000000e+00,3.135675311867813231e-01,3.826435803276748149e-01,3.343142013759349829e-01,3.037977309014395222e-01,3.616263923932753199e-01,3.734009680041651125e-01,3.201152525843833918e-01,3.594626673161310793e-01,3.946284961154373772e-01,4.005156221607253930e-01,0.000000000000000000e+00,3.948149033364036775e-01,4.277650441295702266e-01,3.883013899900911725e-01,4.279246911262111208e-01,4.653197884009990792e-01,3.286563537433678794e-01,0.000000000000000000e+00,0.000000000000000000e+00,4.740454616254622944e-01,4.457849112110703893e-01,4.942044596134282930e-01,5.105600515877185552e-01,3.831372092339216939e-01,0.000000000000000000e+00,0.000000000000000000e+00,0.000000000000000000e+00,4.799214817415480838e-01,0.000000000000000000e+00,0.000000000000000000e+00,0.000000000000000000e+00,4.364352963029294874e-01,0.000000000000000000e+00,0.000000000000000000e+00,0.000000000000000000e+00,0.000000000000000000e+00,0.000000000000000000e+00,0.000000000000000000e+00,3.792659502639830205e-01,0.000000000000000000e+00,4.383783987415318939e-01,4.395821300386065222e-01,0.000000000000000000e+00,0.000000000000000000e+00,0.000000000000000000e+00,4.724552434992381200e-01,4.642557842655328781e-01,4.757316359867100886e-01,4.630926260704755215e-01,0.000000000000000000e+00,3.234126438538829085e-01,4.576787932189236852e-01,4.675397472918383923e-01,3.706519998966170126e-01,4.391911154826481090e-01,0.000000000000000000e+00,3.956136071920586250e-01
3.679116799446837116e-01,3.943226627650199267e-01,0.000000000000000000e+00,0.000000000000000000e+00,3.912832138825358963e-01,4.292718638758579175e-01,4.637250405299345735e-01,4.107965429396158163e-01,3.681405797130924973e-01,3.361931656386331069e-01,0.000000000000000000e+00,0.000000000000000000e+00,4.695144804618449075e-01,0.000000000000000000e+00,3.990628139211795933e-01,0.000000000000000000e+00,3.465938900348888851e-01,3.384204508306293269e-01,0.000000000000000000e+00,3.921068785694686865e-01,3.980399034254946122e-01,3.629655601124034958e-01,4.144677435079521244e-01,3.649479975899673212e-01,3.762333329585794139e-01,3.748045337489274154e-01,4.071512187025718155e-01,4.470413765226777247e-01,4.237292408886184081e-01,4.070522964903537932e-01,3.626420401357682843e-01,4.221629973103365185e-01,3.731950867860656107e-01,3.834481897062120836e-01,4.278625581432931035e-01,0.000000000000000000e+00,0.000000000000000000e+00,0.000000000000000000e+00,4.180359938051503854e-01,4.236917729176051250e-01,4.243274338530766965e-01,4.429756882975879884e-01,0.000000000000000000e+00,0.000000000000000000e+00,0.000000000000000000e+00,4.212916192109187885e-01,4.440444421910582085e-01,0.000000000000000000e+00,0.000000000000000000e+00,0.000000000000000000e+00,0.000000000000000000e+00,0.000000000000000000e+00,0.000000000000000000e+00,0.000000000000000000e+00,0.000000000000000000e+00,0.000000000000000000e+00,0.000000000000000000e+00,0.000000000000000000e+00,0.000000000000000000e+00,4.595184973115173932e-01,4.377041543773954047e-01,0.000000000000000000e+00,4.302651761597147129e-01,0.000000000000000000e+00,3.490453626999026060e-01,3.804036734373609230e-01,4.325200137249817223e-01,3.257893917694775210e-01,0.000000000000000000e+00,4.327141798373638215e-01,4.379736094987570771e-01,3.202625588657347921e-01,0.000000000000000000e+00,3.395505216506379265e-01,0.000000000000000000e+00,4.178879892579894784e-01
0.000000000000000000e+00,3.996542278208390919e-01,0.000000000000000000e+00,0.000000000000000000e+00,0.000000000000000000e+00,2.778398098237094271e-01,3.418471265586267016e-01,0.000000000000000000e+00,0.000000000000000000e+00,2.985716243312979135e-01,3.049098311150760243e-01,3.109762243143858185e-01,3.414979554680713791e-01,0.000000000000000000e+00,0.000000000000000000e+00,3.465938900348888851e-01,0.000000000000000000e+00,2.843085062903595861e-01,0.000000000000000000e+00,2.979316954611245238e-01,0.000000000000000000e+00,3.273433465788178065e-01,0.000000000000000000e+00,3.322423042347794064e-01,2.935553045817786977e-01,3.228375370027751767e-01,0.000000000000000000e+00,3.269860527077259049e-01,3.062137641425062839e-01,0.000000000000000000e+00,3.185912418399037827e-01,4.042818627894935180e-01,3.093721259915456212e-01,3.311447604449950788e-01,3.463396315226556221e-01,0.000000000000000000e+00,0.000000000000000000e+00,2.405707819278926907e-01,0.000000000000000000e+00,3.604750604427889860e-01,0.000000000000000000e+00,0.000000000000000000e+00,0.000000000000000000e+00,0.000000000000000000e+00,0.000000000000000000e+00,0.000000000000000000e+00,0.000000000000000000e+00,0.000000000000000000e+00,0.000000000000000000e+00,0.000000000000000000e+00,0.000000000000000000e+00,0.000000000000000000e+00,0.000000000000000000e+00,0.000000000000000000e+00,4.390403085933028970e-01,0.000000000000000000e+00,4.205749181177029228e-01,0.000000000000000000e+00,0.000000000000000000e+00,0.000000000000000000e+00,0.000000000000000000e+00,3.807033782921701026e-01,3.842590194621881006e-01,0.000000000000000000e+00,0.000000000000000000e+00,0.000000000000000000e+00,0.000000000000000000e+00,0.000000000000000000e+00,4.271438298021519864e-01,4.147317000323408887e-01,4.261174274086165226e-01,0.000000000000000000e+00,0.000000000000000000e+00,0.000000000000000000e+00,0.000000000000000000e+00,0.000000000000000000e+00
3.682036059813771911e-01,3.804351001910051822e-01,0.000000000000000000e+00,0.000000000000000000e+00,0.000000000000000000e+00,3.928255807997085847e-01,4.010521210231637879e-01,4.219713132295482838e-01,2.488387140722622126e-01,3.160234470757306013e-01,0.000000000000000000e+00,3.203222399280151733e-01,4.113818014000634737e-01,0.000000000000000000e+00,3.956135715928287278e-01,3.384204508306293269e-01,2.843085062903595861e-01,0.000000000000000000e+00,0.000000000000000000e+00,3.953401449824557878e-01,3.923010131772515785e-01,3.823363205119181263e-01,4.011745021766691122e-01,3.613441725493348189e-01,3.419457366539548904e-01,3.540764234715392256e-01,4.009765924844154172e-01,4.059854457106754078e-01,4.177998706681975150e-01,3.506606412474583823e-01,3.542765121855420141e-01,3.932310212305881181e-01,3.394098625495570176e-01,3.716800073960335737e-01,3.868307574632687817e-01,0.000000000000000000e+00,0.000000000000000000e+00,0.000000000000000000e+00,3.972041659477372200e-01,3.999462623176424092e-01,4.116823033565449874e-01,4.285606404380121748e-01,0.000000000000000000e+00,0.000000000000000000e+00,0.000000000000000000e+00,4.209160303973392137e-01,4.259665906696495918e-01,0.000000000000000000e+00,0.000000000000000000e+00,0.000000000000000000e+00,0.000000000000000000e+00,0.000000000000000000e+00,0.000000000000000000e+00,0.000000000000000000e+00,4.503633406164572750e-01,0.000000000000000000e+00,4.549682330875254865e-01,0.000000000000000000e+00,0.000000000000000000e+00,0.000000000000000000e+00,4.227876611151700770e-01,4.356676448522375233e-01,4.161931736324113729e-01,0.000000000000000000e+00,0.000000000000000000e+00,0.000000000000000000e+00,4.036633748729662186e-01,0.000000000000000000e+00,4.408772999247383972e-01,4.228331271969912875e-01,4.304017475786368063e-01,0.000000000000000000e+00,0.000000000000000000e+00,0.000000000000000000e+00,0.000000000000000000e+00,4.087915936094598246e-01
0.000000000000000000e+00,0.000000000000000000e+00,1.927895035673823088e-01,2.859844772903891164e-01,3.217058033256017802e-01,3.174289786395461110e-01,3.860684942564118205e-01,3.843427667678711024e-01,2.183758885058283972e-01,3.289471902587379759e-01,1.951850836193690930e-01,2.754098475416412728e-01,4.011285517741364215e-01,3.232324781288147264e-01,0.000000000000000000e+00,0.000000000000000000e+00,0.000000000000000000e+00,0.000000000000000000e+00,0.000000000000000000e+00,0.000000000000000000e+00,0.000000000000000000e+00,0.000000000000000000e+00,2.088596328681047998e-01,0.000000000000000000e+00,0.000000000000000000e+00,0.000000000000000000e+00,3.529512476579562130e-01,4.092135346047420796e-01,0.000000000000000000e+00,0.000000000000000000e+00,4.116914064881500024e-01,3.953877943029380226e-01,0.000000000000000000e+00,3.959010363826597212e-01,4.354900060792962213e-01,3.402203854119614790e-01,3.483501474951107846e-01,0.000000000000000000e+00,3.899718693339438991e-01,0.000000000000000000e+00,0.000000000000000000e+00,0.000000000000000000e+00,4.312463356661753733e-01,0.000000000000000000e+00,0.000000000000000000e+00,0.000000000000000000e+00,0.000000000000000000e+00,5.171944492407197780e-01,0.000000000000000000e+00,4.071294878407166751e-01,4.647292034228017732e-01,3.901429385344261092e-01,4.749790559786480904e-01,4.991263253732918237e-01,0.000000000000000000e+00,3.123333143119207955e-01,0.000000000000000000e+00,3.707089796814929117e-01,0.000000000000000000e+00,0.000000000000000000e+00,0.000000000000000000e+00,0.000000000000000000e+00,0.000000000000000000e+00,5.012235727149905173e-01,0.000000000000000000e+00,0.000000000000000000e+00,0.000000000000000000e+00,5.050553461391669163e-01,0.000000000000000000e+00,0.000000000000000000e+00,0.000000000000000000e+00,4.828146151944088804e-01,0.000000000000000000e+00,0.000000000000000000e+00,0.000000000000000000e+00,0.000000000000000000e+00
3.902464547749046053e-01,3.865835294140225198e-01,0.000000000000000000e+00,3.824643518915363249e-01,4.012837025261956070e-01,3.927679181737712133e-01,4.058054333603919872e-01,3.969428571047852183e-01,3.896669091717462896e-01,3.057376117787553027e-01,0.000000000000000000e+00,0.000000000000000000e+00,4.111548405845464882e-01,0.000000000000000000e+00,3.135675311867813231e-01,3.921068785694686865e-01,2.979316954611245238e-01,3.953401449824557878e-01,0.000000000000000000e+00,0.000000000000000000e+00,3.936937643310693957e-01,3.245472611699644072e-01,2.483068146289212075e-01,0.000000000000000000e+00,3.899936120443961984e-01,3.976476355923893036e-01,2.988223838673250143e-01,3.665702333154997050e-01,3.078098217710286133e-01,3.662849353277750075e-01,3.461241167064503799e-01,4.219913782972172789e-01,3.662918778192658098e-01,4.053371277193936195e-01,4.540245263000636800e-01,4.707806314744030218e-01,3.975482345097248738e-01,0.000000000000000000e+00,4.508521631244528094e-01,3.969519833641810824e-01,4.278487589239511890e-01,4.675780795200770723e-01,3.499666312636460774e-01,0.000000000000000000e+00,0.000000000000000000e+00,0.000000000000000000e+00,3.821755737195908220e-01,0.000000000000000000e+00,0.000000000000000000e+00,0.000000000000000000e+00,3.983137581159698071e-01,0.000000000000000000e+00,4.044413741379278004e-01,0.000000000000000000e+00,0.000000000000000000e+00,0.000000000000000000e+00,0.000000000000000000e+00,3.516371432115004136e-01,0.000000000000000000e+00,4.462291619055612224e-01,2.976784832579961737e-01,0.000000000000000000e+00,0.000000000000000000e+00,0.000000000000000000e+00,4.366777684917149127e-01,4.180880752483164264e-01,4.695861925859363128e-01,4.449514174426252855e-01,0.000000000000000000e+00,2.778022556544946231e-01,4.614842035875871828e-01,4.487931178150592060e-01,4.023688123318036047e-01,4.217043427948513057e-01,3.505681611423124844e-01,3.775331443114082197e-01
3.916369615824001893e-01,3.892380434035591086e-01,0.000000000000000000e+00,0.000000000000000000e+00,0.000000000000000000e+00,4.087270869103571957e-01,0.000000000000000000e+00,3.892293627778178888e-01,0.000000000000000000e+00,0.000000000000000000e+00,0.000000000000000000e+00,3.947486694879838165e-01,4.210263119529543130e-01,4.458368214170942978e-01,3.826435803276748149e-01,3.980399034254946122e-01,0.000000000000000000e+00,3.923010131772515785e-01,0.000000000000000000e+00,3.936937643310693957e-01,0.000000000000000000e+00,4.150517396619450849e-01,3.863185821429473976e-01,4.488814920528340080e-01,3.946392401118414828e-01,3.872654166017496791e-01,3.928520937528989232e-01,4.086425766922838210e-01,3.897082126884405806e-01,0.000000000000000000e+00,3.734786049208961844e-01,4.238216325966185916e-01,3.594490911643173914e-01,4.084013257887632031e-01,4.658762298833796223e-01,0.000000000000000000e+00,0.000000000000000000e+00,0.000000000000000000e+00,4.604139358490543232e-01,4.410840835529505899e-01,4.447940726044457005e-01,5.223457620788791722e-01,0.000000000000000000e+00,0.000000000000000000e+00,0.000000000000000000e+00,2.866880137223289937e-01,4.752211609461023945e-01,0.000000000000000000e+00,0.000000000000000000e+00,0.000000000000000000e+00,4.532594705794349976e-01,0.000000000000000000e+00,2.779378113261569139e-01,0.000000000000000000e+00,0.000000000000000000e+00,0.000000000000000000e+00,0.000000000000000000e+00,4.031398718090936084e-01,0.000000000000000000e+00,4.520670965291259114e-01,4.246274430546844725e-01,0.000000000000000000e+00,0.000000000000000000e+00,0.000000000000000000e+00,4.420560085818033835e-01,3.951589926529014973e-01,4.686323096935445243e-01,4.426012934037301116e-01,0.000000000000000000e+00,3.569261061577723160e-01,4.856112149155225044e-01,4.539623865371428812e-01,4.193288230228786051e-01,4.380669628706750918e-01,0.000000000000000000e+00,3.550063743886333056e-01
