0.000000000000000000e+00,4.251456365787043001e-01,0.000000000000000000e+00,0.000000000000000000e+00,0.000000000000000000e+00,4.192653763762821950e-01,0.000000000000000000e+00,5.452767832815933469e-01,0.000000000000000000e+00,3.935827352794242784e-01,0.000000000000000000e+00,4.179495388313975157e-01,3.676566974239102725e-01,0.000000000000000000e+00,3.718423768975340771e-01,4.241225969188551770e-01,3.504438391429007260e-01,3.810729662218244052e-01,0.000000000000000000e+00,4.231933507531949745e-01,3.819454864060579102e-01,4.123140151150321842e-01,4.893737061931187071e-01,4.004385891456618274e-01,3.809905345191639814e-01,3.517887280205003742e-01,4.659262996818673841e-01,4.521624402361519857e-01,4.757739595126542209e-01,0.000000000000000000e+00,3.806075273631885914e-01,4.388439956896816874e-01,3.709168002332723924e-01,3.898400324776705173e-01,4.564142915609329942e-01,0.000000000000000000e+00,0.000000000000000000e+00,3.584775403599915755e-01,4.598648819058985260e-01,4.301934012288978204e-01,4.051750688693910862e-01,0.000000000000000000e+00,0.000000000000000000e+00,0.000000000000000000e+00,0.000000000000000000e+00,3.024634054212004264e-01,4.609690591759910139e-01,0.000000000000000000e+00,0.000000000000000000e+00,0.000000000000000000e+00,0.000000000000000000e+00,0.000000000000000000e+00,0.000000000000000000e+00,0.000000000000000000e+00,3.729815926692577888e-01,0.000000000000000000e+00,0.000000000000000000e+00,0.000000000000000000e+00,0.000000000000000000e+00,0.000000000000000000e+00,4.620503613725783221e-01,0.000000000000000000e+00,4.323108101897299993e-01,0.000000000000000000e+00,0.000000000000000000e+00,3.376778258758253992e-01,4.625476505271514105e-01,0.000000000000000000e+00,4.398878988832021775e-01,4.314360343103634809e-01,4.649697583900235798e-01,0.000000000000000000e+00,0.000000000000000000e+00,0.000000000000000000e+00,0.000000000000000000e+00,3.601852498176630890e-01
4.251456365787043001e-01,0.000000000000000000e+00,0.000000000000000000e+00,0.000000000000000000e+00,4.047649529529903090e-01,4.232193698708396901e-01,4.678522495158521921e-01,4.865143837610559907e-01,4.465646841343349216e-01,0.000000000000000000e+00,0.000000000000000000e+00,0.000000000000000000e+00,4.576526605871690245e-01,0.000000000000000000e+00,4.348901857741794830e-01,4.088011773711294206e-01,0.000000000000000000e+00,4.052793317366938930e-01,0.000000000000000000e+00,4.441565173247579157e-01,4.244728965460705106e-01,4.133474869248920935e-01,4.641260461423941108e-01,0.000000000000000000e+00,3.969326559902788265e-01,4.218722349297727159e-01,4.608374067923668993e-01,4.839351063438186995e-01,4.528734604879977033e-01,0.000000000000000000e+00,3.877945515880527050e-01,4.268799723401953128e-01,3.637515709414543275e-01,4.041922524967649921e-01,4.570177943185886882e-01,0.000000000000000000e+00,0.000000000000000000e+00,0.000000000000000000e+00,4.899167640209873831e-01,4.733691446497277910e-01,4.710219296310708126e-01,5.146810125857200768e-01,0.000000000000000000e+00,0.000000000000000000e+00,0.000000000000000000e+00,4.780591469206427746e-01,4.913775675791047792e-01,0.000000000000000000e+00,0.000000000000000000e+00,0.000000000000000000e+00,5.006791148937230762e-01,0.000000000000000000e+00,0.000000000000000000e+00,0.000000000000000000e+00,0.000000000000000000e+00,0.000000000000000000e+00,0.000000000000000000e+00,0.000000000000000000e+00,0.000000000000000000e+00,5.184148644798751704e-01,4.882307805851017757e-01,0.000000000000000000e+00,4.847068869042546746e-01,0.000000000000000000e+00,5.235541572600148630e-01,5.063041099941075762e-01,4.871248341028592832e-01,5.576808492801925699e-01,0.000000000000000000e+00,5.084834724231257486e-01,5.257315563391717905e-01,5.594262080139562610e-01,0.000000000000000000e+00,5.428806025585958261e-01,0.000000000000000000e+00,4.863703615665342928e-01
0.000000000000000000e+00,0.000000000000000000e+00,0.000000000000000000e+00,4.103279249860221078e-01,3.842743551674012159e-01,4.006754834230640272e-01,4.915347057639533057e-01,4.936193099185547939e-01,2.715321805706101266e-01,4.402658903223715114e-01,3.036514575918144998e-01,3.610467168768369817e-01,4.895386502943351870e-01,4.635164570873738787e-01,0.000000000000000000e+00,0.000000000000000000e+00,0.000000000000000000e+00,0.000000000000000000e+00,2.515605866728634066e-01,0.000000000000000000e+00,0.000000000000000000e+00,0.000000000000000000e+00,3.170954393554165085e-01,0.000000000000000000e+00,0.000000000000000000e+00,0.000000000000000000e+00,3.365483390229335736e-01,4.837373269282410071e-01,0.000000000000000000e+00,0.000000000000000000e+00,4.914491428828816066e-01,4.785281955151601818e-01,4.003962266891455957e-01,5.094686970662297698e-01,4.626594644682123780e-01,4.549649377431346231e-01,4.859108285200309241e-01,0.000000000000000000e+00,5.141227464237545508e-01,0.000000000000000000e+00,4.464901076067034902e-01,0.000000000000000000e+00,4.422347891163689870e-01,0.000000000000000000e+00,0.000000000000000000e+00,0.000000000000000000e+00,0.000000000000000000e+00,4.150998468520387119e-01,0.000000000000000000e+00,5.855126374545942536e-01,5.634962089614455882e-01,6.259930859118479907e-01,5.281333534422327780e-01,5.818032822065768439e-01,0.000000000000000000e+00,4.719514933278006752e-01,0.000000000000000000e+00,5.366483604742486868e-01,5.423386780693638665e-01,0.000000000000000000e+00,0.000000000000000000e+00,0.000000000000000000e+00,0.000000000000000000e+00,3.615787836204227834e-01,0.000000000000000000e+00,0.000000000000000000e+00,0.000000000000000000e+00,5.821962215809609598e-01,0.000000000000000000e+00,0.000000000000000000e+00,0.000000000000000000e+00,5.434011295180886103e-01,4.712843723813688879e-01,0.000000000000000000e+00,0.000000000000000000e+00,0.000000000000000000e+00
0.000000000000000000e+00,0.000000000000000000e+00,4.103279249860221078e-01,0.000000000000000000e+00,3.123734498413600069e-01,4.940539658266857037e-01,3.453362295613391919e-01,3.239907173046425726e-01,4.750616867024763934e-01,0.000000000000000000e+00,4.326878406816875855e-01,2.916020646419664741e-01,3.751917559712099060e-01,3.017420771342584906e-01,0.000000000000000000e+00,0.000000000000000000e+00,0.000000000000000000e+00,0.000000000000000000e+00,5.052764779353524638e-01,0.000000000000000000e+00,0.000000000000000000e+00,0.000000000000000000e+00,4.254374037684127141e-01,0.000000000000000000e+00,0.000000000000000000e+00,0.000000000000000000e+00,4.722800877171046130e-01,2.574470764069011208e-01,0.000000000000000000e+00,0.000000000000000000e+00,2.804423149293102102e-01,3.091058462870734935e-01,0.000000000000000000e+00,3.172050360042573125e-01,3.364846455924175861e-01,2.058223545134509058e-01,1.925770277816236109e-01,0.000000000000000000e+00,0.000000000000000000e+00,0.000000000000000000e+00,0.000000000000000000e+00,0.000000000000000000e+00,0.000000000000000000e+00,0.000000000000000000e+00,0.000000000000000000e+00,0.000000000000000000e+00,0.000000000000000000e+00,0.000000000000000000e+00,0.000000000000000000e+00,0.000000000000000000e+00,0.000000000000000000e+00,0.000000000000000000e+00,0.000000000000000000e+00,0.000000000000000000e+00,0.000000000000000000e+00,0.000000000000000000e+00,0.000000000000000000e+00,0.000000000000000000e+00,0.000000000000000000e+00,0.000000000000000000e+00,0.000000000000000000e+00,0.000000000000000000e+00,0.000000000000000000e+00,0.000000000000000000e+00,0.000000000000000000e+00,0.000000000000000000e+00,0.000000000000000000e+00,0.000000000000000000e+00,0.000000000000000000e+00,0.000000000000000000e+00,0.000000000000000000e+00,0.000000000000000000e+00,0.000000000000000000e+00,0.000000000000000000e+00,0.000000000000000000e+00,0.000000000000000000e+00
0.000000000000000000e+00,4.047649529529903090e-01,3.842743551674012159e-01,3.123734498413600069e-01,0.000000000000000000e+00,3.919860590733508787e-01,3.957993972123077797e-01,4.077959092494242155e-01,3.557127923763673261e-01,5.032772989608571557e-01,3.382268577241189234e-01,4.722556227028674170e-01,4.116190376501526194e-01,3.663821126148856799e-01,0.000000000000000000e+00,4.511020653597327956e-01,0.000000000000000000e+00,0.000000000000000000e+00,3.688535634131330787e-01,0.000000000000000000e+00,0.000000000000000000e+00,4.729937548218686172e-01,4.236772600391767174e-01,0.000000000000000000e+00,4.188397021621093064e-01,4.049044269685612152e-01,4.038102359178534773e-01,3.873158011797703804e-01,4.421267298888613140e-01,0.000000000000000000e+00,4.792315327219641152e-01,4.093435466771661035e-01,4.340291443310660968e-01,4.605728029229396170e-01,4.584793209010997739e-01,3.028822362014891856e-01,4.123639349862112113e-01,4.605701825568652152e-01,4.183563725477004169e-01,0.000000000000000000e+00,0.000000000000000000e+00,0.000000000000000000e+00,4.088448178758455898e-01,0.000000000000000000e+00,0.000000000000000000e+00,0.000000000000000000e+00,0.000000000000000000e+00,6.331871416642469441e-01,0.000000000000000000e+00,3.840347212748548844e-01,5.266801901678140885e-01,0.000000000000000000e+00,5.179920508784641164e-01,5.961190427109881451e-01,0.000000000000000000e+00,4.994717363457618076e-01,0.000000000000000000e+00,0.000000000000000000e+00,0.000000000000000000e+00,0.000000000000000000e+00,0.000000000000000000e+00,0.000000000000000000e+00,0.000000000000000000e+00,5.799294342078438191e-01,0.000000000000000000e+00,0.000000000000000000e+00,0.000000000000000000e+00,5.371573798095782282e-01,0.000000000000000000e+00,0.000000000000000000e+00,0.000000000000000000e+00,6.198686035066318656e-01,0.000000000000000000e+00,0.000000000000000000e+00,0.000000000000000000e+00,0.000000000000000000e+00
4.192653763762821950e-01,4.232193698708396901e-01,4.006754834230640272e-01,4.940539658266857037e-01,3.919860590733508787e-01,0.000000000000000000e+00,4.210937332483200013e-01,4.615627741549777063e-01,3.268437501072082862e-01,4.347424459251166828e-01,4.016714404733621180e-01,4.126111495091304149e-01,4.142920086444022987e-01,4.438896084615674975e-01,4.743386473728424257e-01,4.578649395189129945e-01,3.323685752014053918e-01,4.686567907117472065e-01,3.416056961789297186e-01,4.513359542882456887e-01,4.755943120745875774e-01,4.540062523312006770e-01,4.180336964096521002e-01,0.000000000000000000e+00,3.978886201702990233e-01,4.317944052470443772e-01,3.993355490659367124e-01,4.204791832817904029e-01,3.892661189593967785e-01,4.411475439104802776e-01,4.595005072082266051e-01,4.477298622500212044e-01,4.205943091768951092e-01,4.637126994816945236e-01,4.679630643768342146e-01,4.598870520784339999e-01,4.803662223987527069e-01,3.852383817851968151e-01,5.188006561373732506e-01,0.000000000000000000e+00,5.704838896865715991e-01,5.160858300023940526e-01,4.908548256313945979e-01,0.000000000000000000e+00,0.000000000000000000e+00,0.000000000000000000e+00,3.554850130499331851e-01,5.922462884254240389e-01,0.000000000000000000e+00,5.509039829371841224e-01,5.292324702595040398e-01,5.828517232628263045e-01,5.023611421204094984e-01,5.707394116576944842e-01,0.000000000000000000e+00,5.217022403267522757e-01,0.000000000000000000e+00,5.396507052992896014e-01,0.000000000000000000e+00,5.361899495547272076e-01,0.000000000000000000e+00,0.000000000000000000e+00,0.000000000000000000e+00,6.163751724739413573e-01,5.693882922288979742e-01,0.000000000000000000e+00,5.135628753450270922e-01,5.422311665089220023e-01,0.000000000000000000e+00,0.000000000000000000e+00,4.820717269675914851e-01,5.356092517058145264e-01,5.518961512583855367e-01,4.984244867393303191e-01,4.962798851249841103e-01,5.617637966354583900e-01
0.000000000000000000e+00,4.678522495158521921e-01,4.915347057639533057e-01,3.453362295613391919e-01,3.957993972123077797e-01,4.210937332483200013e-01,0.000000000000000000e+00,4.625258442797388070e-01,4.407639352647499953e-01,4.225197091691323958e-01,4.944668669930862848e-01,4.156196509178365917e-01,3.890635499374269779e-01,3.743363880320644821e-01,0.000000000000000000e+00,5.070252033972250105e-01,4.728518341934280778e-01,5.008285902727862560e-01,4.980088036228462745e-01,4.645804193162094142e-01,0.000000000000000000e+00,5.027542104214514085e-01,4.540776495622818043e-01,4.352771107949413021e-01,4.362051517629623731e-01,4.502748892825511051e-01,4.565591859801734764e-01,3.916248211567848747e-01,4.523858470323647851e-01,0.000000000000000000e+00,4.442346412774353936e-01,4.320318182026657849e-01,4.673962065937932175e-01,4.311434380527309762e-01,4.209691823547452860e-01,3.640475538964179081e-01,3.832637127303151203e-01,4.395892409145675805e-01,4.045271995482314087e-01,0.000000000000000000e+00,2.809304749511734034e-01,0.000000000000000000e+00,3.679265056766292119e-01,0.000000000000000000e+00,0.000000000000000000e+00,0.000000000000000000e+00,0.000000000000000000e+00,5.357891043873019843e-01,0.000000000000000000e+00,0.000000000000000000e+00,5.406155322836662114e-01,0.000000000000000000e+00,4.106164151070995083e-01,4.984823489364221816e-01,0.000000000000000000e+00,3.686445570699372065e-01,0.000000000000000000e+00,0.000000000000000000e+00,0.000000000000000000e+00,0.000000000000000000e+00,0.000000000000000000e+00,0.000000000000000000e+00,0.000000000000000000e+00,3.962262127608002782e-01,0.000000000000000000e+00,0.000000000000000000e+00,0.000000000000000000e+00,5.433099071409078773e-01,0.000000000000000000e+00,0.000000000000000000e+00,0.000000000000000000e+00,5.829742182062885858e-01,0.000000000000000000e+00,0.000000000000000000e+00,0.000000000000000000e+00,0.000000000000000000e+00
5.452767832815933469e-01,4.865143837610559907e-01,4.936193099185547939e-01,3.239907173046425726e-01,4.077959092494242155e-01,4.615627741549777063e-01,4.625258442797388070e-01,0.000000000000000000e+00,5.106061992471306876e-01,4.351832316130357925e-01,3.922316957381247193e-01,4.812718988883306070e-01,4.722934786610514801e-01,3.968808289798361755e-01,0.000000000000000000e+00,5.089169724511557469e-01,0.000000000000000000e+00,5.466895344636149012e-01,4.612183189956060025e-01,0.000000000000000000e+00,4.642080466183928222e-01,5.007398823480321282e-01,4.271392157764670738e-01,5.692336586008294175e-01,5.203271051802556002e-01,5.252766611994470480e-01,5.020357806936478484e-01,4.679391916050140154e-01,4.483574294473429145e-01,4.603970123520231827e-01,4.777814365644252881e-01,3.929775569559111892e-01,5.252800990415292803e-01,4.921226668320998199e-01,5.004980827938031451e-01,2.462834557637849919e-01,2.227439906735393105e-01,0.000000000000000000e+00,4.543321444002094145e-01,0.000000000000000000e+00,5.181970990611369787e-01,0.000000000000000000e+00,3.574136798505456736e-01,0.000000000000000000e+00,0.000000000000000000e+00,0.000000000000000000e+00,0.000000000000000000e+00,5.672847770253692801e-01,0.000000000000000000e+00,4.852293588787799927e-01,4.687774136095503863e-01,4.759868644477164845e-01,3.637553508115973222e-01,5.751830836065218167e-01,0.000000000000000000e+00,4.998309294371907074e-01,0.000000000000000000e+00,5.045699279111754976e-01,4.852452436587719187e-01,0.000000000000000000e+00,0.000000000000000000e+00,0.000000000000000000e+00,0.000000000000000000e+00,5.479550121512181127e-01,4.744932064969035190e-01,2.531908698377747791e-01,0.000000000000000000e+00,4.871388551357903052e-01,0.000000000000000000e+00,0.000000000000000000e+00,0.000000000000000000e+00,5.169548349124249986e-01,4.824169544969474921e-01,4.673536379269426222e-01,0.000000000000000000e+00,4.922095456452298956e-01
0.000000000000000000e+00,4.465646841343349216e-01,2.715321805706101266e-01,4.750616867024763934e-01,3.557127923763673261e-01,3.268437501072082862e-01,4.407639352647499953e-01,5.106061992471306876e-01,0.000000000000000000e+00,5.310517133248003896e-01,2.952440121573883247e-01,4.991429024729032160e-01,4.266113648121018787e-01,4.659212525505460056e-01,0.000000000000000000e+00,4.146327722336184962e-01,0.000000000000000000e+00,3.725542043452620966e-01,2.461668188659507928e-01,4.450224676996415996e-01,0.000000000000000000e+00,4.578230821483075808e-01,4.244081757281816247e-01,3.915949988594071840e-01,3.510882309358128173e-01,3.553175838341173232e-01,3.341466372872879953e-01,4.865280440150734909e-01,4.539797301154344100e-01,4.436672187903776265e-01,4.994430165882566830e-01,4.821185463812536764e-01,4.707764321835776200e-01,5.037608085180463879e-01,5.010011371953349002e-01,4.890556576864221183e-01,5.244275378324838588e-01,5.069966763869003801e-01,5.400064343236326003e-01,0.000000000000000000e+00,3.704668729678580186e-01,0.000000000000000000e+00,4.772167152229538911e-01,0.000000000000000000e+00,0.000000000000000000e+00,0.000000000000000000e+00,0.000000000000000000e+00,5.967286693725105673e-01,0.000000000000000000e+00,5.312591212753283720e-01,5.893089434535204729e-01,5.976576145720856603e-01,5.413069499572727983e-01,6.605772082926665290e-01,0.000000000000000000e+00,5.497221318272672574e-01,0.000000000000000000e+00,5.103765511053894866e-01,5.838314833812905391e-01,0.000000000000000000e+00,0.000000000000000000e+00,0.000000000000000000e+00,0.000000000000000000e+00,6.308868971819834304e-01,0.000000000000000000e+00,0.000000000000000000e+00,0.000000000000000000e+00,5.885774992851493526e-01,0.000000000000000000e+00,0.000000000000000000e+00,0.000000000000000000e+00,5.896800384619931279e-01,5.048557277312929470e-01,0.000000000000000000e+00,0.000000000000000000e+00,0.000000000000000000e+00
3.935827352794242784e-01,0.000000000000000000e+00,4.402658903223715114e-01,0.000000000000000000e+00,5.032772989608571557e-01,4.347424459251166828e-01,4.225197091691323958e-01,4.351832316130357925e-01,5.310517133248003896e-01,0.000000000000000000e+00,5.223140908562292628e-01,3.066743798025726164e-01,4.457756222977639071e-01,0.000000000000000000e+00,0.000000000000000000e+00,3.883383299333411087e-01,3.597525061958288251e-01,3.942976431277360194e-01,5.493239800360389946e-01,3.147469116569374115e-01,0.000000000000000000e+00,3.117180729756433011e-01,4.721700095463615132e-01,3.427680843450884862e-01,3.550975685911932911e-01,3.640226335181832029e-01,4.416261535587118758e-01,3.834870864651909739e-01,3.274015784955677244e-01,0.000000000000000000e+00,3.429776853632228728e-01,3.174294375073442032e-01,3.175440950113381233e-01,3.089593694166237747e-01,3.293753481847085940e-01,4.037801758016247855e-01,3.118829665264964968e-01,2.779529120301503786e-01,3.010535850004785741e-01,3.164180235466307889e-01,2.960470333875330207e-01,0.000000000000000000e+00,0.000000000000000000e+00,0.000000000000000000e+00,3.333680596510844030e-01,0.000000000000000000e+00,0.000000000000000000e+00,0.000000000000000000e+00,0.000000000000000000e+00,0.000000000000000000e+00,0.000000000000000000e+00,0.000000000000000000e+00,0.000000000000000000e+00,0.000000000000000000e+00,4.196643369168872040e-01,0.000000000000000000e+00,4.351666307147962764e-01,4.050666441972188836e-01,0.000000000000000000e+00,0.000000000000000000e+00,0.000000000000000000e+00,4.361364189674453162e-01,4.202250873492431871e-01,0.000000000000000000e+00,0.000000000000000000e+00,0.000000000000000000e+00,0.000000000000000000e+00,0.000000000000000000e+00,3.879832294723026265e-01,4.426195102695524852e-01,4.418555141268423192e-01,0.000000000000000000e+00,4.191689225505613736e-01,0.000000000000000000e+00,0.000000000000000000e+00,3.969030320434591141e-01
0.000000000000000000e+00,0.000000000000000000e+00,3.036514575918144998e-01,4.326878406816875855e-01,3.382268577241189234e-01,4.016714404733621180e-01,4.944668669930862848e-01,3.922316957381247193e-01,2.952440121573883247e-01,5.223140908562292628e-01,0.000000000000000000e+00,4.957170503677464923e-01,4.996182239520259860e-01,3.789248992059006116e-01,0.000000000000000000e+00,0.000000000000000000e+00,4.233119179304640767e-01,0.000000000000000000e+00,2.460519256001902910e-01,0.000000000000000000e+00,0.000000000000000000e+00,0.000000000000000000e+00,3.680408814690596109e-01,4.526355484594782874e-01,0.000000000000000000e+00,3.236295339159263040e-01,3.813205159480417827e-01,4.968428053997793747e-01,0.000000000000000000e+00,0.000000000000000000e+00,5.241686218828983668e-01,4.562395456501548985e-01,4.893441023842026172e-01,5.143870729714664636e-01,4.746287071779056732e-01,3.761267660574318938e-01,4.981600665279881102e-01,5.009797496919637938e-01,4.128812495220313128e-01,0.000000000000000000e+00,0.000000000000000000e+00,0.000000000000000000e+00,4.196356052255003077e-01,0.000000000000000000e+00,0.000000000000000000e+00,0.000000000000000000e+00,0.000000000000000000e+00,3.843989773031646906e-01,0.000000000000000000e+00,4.726675033229694178e-01,4.947470177852201223e-01,5.052330636215890403e-01,4.926883105017068054e-01,4.519811898844304787e-01,0.000000000000000000e+00,3.729960019343626088e-01,0.000000000000000000e+00,5.000641976476823958e-01,5.148330404190961662e-01,0.000000000000000000e+00,0.000000000000000000e+00,0.000000000000000000e+00,0.000000000000000000e+00,3.020255696238786092e-01,0.000000000000000000e+00,0.000000000000000000e+00,0.000000000000000000e+00,5.645970362979667589e-01,0.000000000000000000e+00,0.000000000000000000e+00,0.000000000000000000e+00,5.179895756665695572e-01,4.175682733173028960e-01,0.000000000000000000e+00,0.000000000000000000e+00,0.000000000000000000e+00
4.179495388313975157e-01,0.000000000000000000e+00,3.610467168768369817e-01,2.916020646419664741e-01,4.722556227028674170e-01,4.126111495091304149e-01,4.156196509178365917e-01,4.812718988883306070e-01,4.991429024729032160e-01,3.066743798025726164e-01,4.957170503677464923e-01,0.000000000000000000e+00,4.363692700469036234e-01,0.000000000000000000e+00,0.000000000000000000e+00,0.000000000000000000e+00,3.770522668840203262e-01,3.726330826866289248e-01,4.453673197765318781e-01,0.000000000000000000e+00,4.420804339337061073e-01,0.000000000000000000e+00,4.751640077126291217e-01,3.086487454910412098e-01,3.841898342584119108e-01,3.422241050762883097e-01,3.993706706437928911e-01,3.133404206538425996e-01,0.000000000000000000e+00,0.000000000000000000e+00,3.524647547940152892e-01,2.751555980123154277e-01,2.615289308237890853e-01,2.467236761126271882e-01,2.812388708711249796e-01,3.592037471090547829e-01,3.399670199836837270e-01,2.278108183443003920e-01,2.885955143712906068e-01,3.049652103904337275e-01,2.720162937955936111e-01,3.503638838707313075e-01,2.969459273684699752e-01,0.000000000000000000e+00,2.774365989068829919e-01,0.000000000000000000e+00,0.000000000000000000e+00,0.000000000000000000e+00,0.000000000000000000e+00,0.000000000000000000e+00,0.000000000000000000e+00,0.000000000000000000e+00,0.000000000000000000e+00,0.000000000000000000e+00,4.310662326261622823e-01,0.000000000000000000e+00,4.514623699932833745e-01,4.046021065981337261e-01,0.000000000000000000e+00,0.000000000000000000e+00,0.000000000000000000e+00,4.314558134109516274e-01,4.439407209766448870e-01,0.000000000000000000e+00,0.000000000000000000e+00,0.000000000000000000e+00,0.000000000000000000e+00,0.000000000000000000e+00,3.994953995715995743e-01,4.484306161490123066e-01,4.439309713671782953e-01,0.000000000000000000e+00,3.863666627013329080e-01,0.000000000000000000e+00,0.000000000000000000e+00,4.086560343992546862e-01
3.676566974239102725e-01,4.576526605871690245e-01,4.895386502943351870e-01,3.751917559712099060e-01,4.116190376501526194e-01,4.142920086444022987e-01,3.890635499374269779e-01,4.722934786610514801e-01,4.266113648121018787e-01,4.457756222977639071e-01,4.996182239520259860e-01,4.363692700469036234e-01,0.000000000000000000e+00,4.240690172982418127e-01,0.000000000000000000e+00,5.008718716325936127e-01,4.947823889538802145e-01,5.142591703696366423e-01,5.009733190145281290e-01,4.741734966580534172e-01,5.000436745397767169e-01,5.083368334610922634e-01,4.644610804894068190e-01,4.651907001930697949e-01,4.441816618365440061e-01,4.428757636126489095e-01,4.657324410528861924e-01,3.777633197851835156e-01,4.462472922339479897e-01,4.296319511828585180e-01,4.514167381828002035e-01,4.425466174897180194e-01,4.406055836605751730e-01,4.479840882094550114e-01,4.509954124599149239e-01,3.824000241446030013e-01,4.028189759694175143e-01,4.037758820376530777e-01,5.067066748402874188e-01,3.490486072347320223e-01,3.583734492168654806e-01,4.708029511034299008e-01,4.026099037410553194e-01,0.000000000000000000e+00,3.641160943439443742e-01,0.000000000000000000e+00,0.000000000000000000e+00,4.972724343790473900e-01,0.000000000000000000e+00,0.000000000000000000e+00,5.660960064549596105e-01,4.176067628876554139e-01,5.246055970376748423e-01,0.000000000000000000e+00,0.000000000000000000e+00,4.028634301403479778e-01,4.482729183999711875e-01,0.000000000000000000e+00,0.000000000000000000e+00,3.965738931862072825e-01,0.000000000000000000e+00,0.000000000000000000e+00,0.000000000000000000e+00,0.000000000000000000e+00,5.076175845829431488e-01,0.000000000000000000e+00,3.206974815839814252e-01,5.368625960091896188e-01,0.000000000000000000e+00,3.864060292718877743e-01,3.655490757864464091e-01,5.420774361249899309e-01,0.000000000000000000e+00,5.272578081279636342e-01,0.000000000000000000e+00,0.000000000000000000e+00
0.000000000000000000e+00,0.000000000000000000e+00,4.635164570873738787e-01,3.017420771342584906e-01,3.663821126148856799e-01,4.438896084615674975e-01,3.743363880320644821e-01,3.968808289798361755e-01,4.659212525505460056e-01,0.000000000000000000e+00,3.789248992059006116e-01,0.000000000000000000e+00,4.240690172982418127e-01,0.000000000000000000e+00,0.000000000000000000e+00,0.000000000000000000e+00,0.000000000000000000e+00,0.000000000000000000e+00,4.477158958902607844e-01,0.000000000000000000e+00,5.290111929952142633e-01,0.000000000000000000e+00,4.382167646801444771e-01,0.000000000000000000e+00,0.000000000000000000e+00,0.000000000000000000e+00,5.083551931507536148e-01,3.137429420870483932e-01,0.000000000000000000e+00,0.000000000000000000e+00,0.000000000000000000e+00,2.564206307891344072e-01,0.000000000000000000e+00,0.000000000000000000e+00,0.000000000000000000e+00,2.604890839144498038e-01,1.979308189034159893e-01,0.000000000000000000e+00,0.000000000000000000e+00,0.000000000000000000e+00,0.000000000000000000e+00,0.000000000000000000e+00,4.043347023995301770e-01,0.000000000000000000e+00,0.000000000000000000e+00,0.000000000000000000e+00,0.000000000000000000e+00,5.124573247868530190e-01,0.000000000000000000e+00,0.000000000000000000e+00,0.000000000000000000e+00,0.000000000000000000e+00,0.000000000000000000e+00,5.543785890067071120e-01,0.000000000000000000e+00,4.948514134791112129e-01,0.000000000000000000e+00,0.000000000000000000e+00,0.000000000000000000e+00,0.000000000000000000e+00,0.000000000000000000e+00,0.000000000000000000e+00,0.000000000000000000e+00,0.000000000000000000e+00,0.000000000000000000e+00,0.000000000000000000e+00,0.000000000000000000e+00,0.000000000000000000e+00,0.000000000000000000e+00,0.000000000000000000e+00,0.000000000000000000e+00,0.000000000000000000e+00,0.000000000000000000e+00,0.000000000000000000e+00,0.000000000000000000e+00,0.000000000000000000e+00
3.718423768975340771e-01,4.348901857741794830e-01,0.000000000000000000e+00,0.000000000000000000e+00,0.000000000000000000e+00,4.743386473728424257e-01,0.000000000000000000e+00,0.000000000000000000e+00,0.000000000000000000e+00,0.000000000000000000e+00,0.000000000000000000e+00,0.000000000000000000e+00,0.000000000000000000e+00,0.000000000000000000e+00,0.000000000000000000e+00,4.433938637905959212e-01,0.000000000000000000e+00,4.305313193064094213e-01,0.000000000000000000e+00,3.156976755767865739e-01,3.873259918476810726e-01,3.613715668325919173e-01,4.300016040184684862e-01,4.621233578634337813e-01,4.212750983885449885e-01,3.900254709905153772e-01,4.478298543797413211e-01,4.796123342142654122e-01,4.484971842905907113e-01,0.000000000000000000e+00,4.215839327617434962e-01,4.451082528284773798e-01,4.137693488120661733e-01,4.523234278631674821e-01,4.950047824287120979e-01,5.624451532945204946e-01,0.000000000000000000e+00,0.000000000000000000e+00,4.956099472989903831e-01,4.855091760663444167e-01,5.126887842846334919e-01,5.258096835073872155e-01,0.000000000000000000e+00,0.000000000000000000e+00,0.000000000000000000e+00,0.000000000000000000e+00,5.130774536889453064e-01,0.000000000000000000e+00,0.000000000000000000e+00,0.000000000000000000e+00,5.190532170185999661e-01,0.000000000000000000e+00,0.000000000000000000e+00,0.000000000000000000e+00,0.000000000000000000e+00,0.000000000000000000e+00,0.000000000000000000e+00,0.000000000000000000e+00,0.000000000000000000e+00,5.254135928028607072e-01,4.342011040939888211e-01,0.000000000000000000e+00,0.000000000000000000e+00,0.000000000000000000e+00,4.979065422261660934e-01,4.923091143367184230e-01,5.144146377241058943e-01,5.370164845131948361e-01,0.000000000000000000e+00,3.975194038254070139e-01,5.569870166996305771e-01,5.265974262256618577e-01,5.483082019466787305e-01,5.277590946597924271e-01,0.000000000000000000e+00,5.194794727378000410e-01
4.241225969188551770e-01,4.088011773711294206e-01,0.000000000000000000e+00,0.000000000000000000e+00,4.511020653597327956e-01,4.578649395189129945e-01,5.070252033972250105e-01,5.089169724511557469e-01,4.146327722336184962e-01,3.883383299333411087e-01,0.000000000000000000e+00,0.000000000000000000e+00,5.008718716325936127e-01,0.000000000000000000e+00,4.433938637905959212e-01,0.000000000000000000e+00,4.198461071042641768e-01,3.775908277447341255e-01,0.000000000000000000e+00,4.524329389908102739e-01,4.244537628074990243e-01,4.049872700301377915e-01,4.808595929501529032e-01,3.396103999989691924e-01,4.039834024151311986e-01,4.269666539421089202e-01,4.779531690520161247e-01,5.124965865791090147e-01,4.851358126967418860e-01,4.770329174051732846e-01,3.930295554263860125e-01,4.690646252490189849e-01,4.374522479265898767e-01,4.315438313845563201e-01,4.759107606489377251e-01,0.000000000000000000e+00,0.000000000000000000e+00,0.000000000000000000e+00,4.653538474420684246e-01,4.522560629161060941e-01,4.628233515414484911e-01,4.823696493618170877e-01,0.000000000000000000e+00,0.000000000000000000e+00,0.000000000000000000e+00,4.402578046494244890e-01,4.817787980845986140e-01,0.000000000000000000e+00,0.000000000000000000e+00,0.000000000000000000e+00,0.000000000000000000e+00,0.000000000000000000e+00,0.000000000000000000e+00,0.000000000000000000e+00,0.000000000000000000e+00,0.000000000000000000e+00,0.000000000000000000e+00,0.000000000000000000e+00,0.000000000000000000e+00,4.858923845686837217e-01,4.806338147057496735e-01,0.000000000000000000e+00,4.458730170355572064e-01,0.000000000000000000e+00,5.008579219774318414e-01,0.000000000000000000e+00,4.767845263036543102e-01,4.101202657748744818e-01,0.000000000000000000e+00,4.702329510087637776e-01,4.920703351183217111e-01,4.562079613661224053e-01,0.000000000000000000e+00,4.596668965418876929e-01,0.000000000000000000e+00,4.463825953861781937e-01
3.504438391429007260e-01,0.000000000000000000e+00,0.000000000000000000e+00,0.000000000000000000e+00,0.000000000000000000e+00,3.323685752014053918e-01,4.728518341934280778e-01,0.000000000000000000e+00,0.000000000000000000e+00,3.597525061958288251e-01,4.233119179304640767e-01,3.770522668840203262e-01,4.947823889538802145e-01,0.000000000000000000e+00,0.000000000000000000e+00,4.198461071042641768e-01,0.000000000000000000e+00,3.737655903068169971e-01,0.000000000000000000e+00,4.127674135891514773e-01,0.000000000000000000e+00,4.363570704716505100e-01,0.000000000000000000e+00,3.874708291712269936e-01,3.664969985554917264e-01,3.844212789473542835e-01,0.000000000000000000e+00,4.762374879451525267e-01,4.091904361706690252e-01,0.000000000000000000e+00,3.630995960540955858e-01,4.431465751770353179e-01,3.705865827347172847e-01,3.813343016502941940e-01,3.941345973275031112e-01,0.000000000000000000e+00,0.000000000000000000e+00,3.124188212856934821e-01,0.000000000000000000e+00,4.023584478907079043e-01,0.000000000000000000e+00,0.000000000000000000e+00,0.000000000000000000e+00,0.000000000000000000e+00,0.000000000000000000e+00,0.000000000000000000e+00,0.000000000000000000e+00,0.000000000000000000e+00,0.000000000000000000e+00,0.000000000000000000e+00,0.000000000000000000e+00,0.000000000000000000e+00,0.000000000000000000e+00,0.000000000000000000e+00,4.469865856361732170e-01,0.000000000000000000e+00,4.652921811030614752e-01,0.000000000000000000e+00,0.000000000000000000e+00,0.000000000000000000e+00,0.000000000000000000e+00,4.706152654540171065e-01,4.586150771905628254e-01,0.000000000000000000e+00,0.000000000000000000e+00,0.000000000000000000e+00,0.000000000000000000e+00,0.000000000000000000e+00,4.511115681860419224e-01,4.537089855102368063e-01,4.559030094558064738e-01,0.000000000000000000e+00,0.000000000000000000e+00,0.000000000000000000e+00,0.000000000000000000e+00,0.000000000000000000e+00
3.810729662218244052e-01,4.052793317366938930e-01,0.000000000000000000e+00,0.000000000000000000e+00,0.000000000000000000e+00,4.686567907117472065e-01,5.008285902727862560e-01,5.466895344636149012e-01,3.725542043452620966e-01,3.942976431277360194e-01,0.000000000000000000e+00,3.726330826866289248e-01,5.142591703696366423e-01,0.000000000000000000e+00,4.305313193064094213e-01,3.775908277447341255e-01,3.737655903068169971e-01,0.000000000000000000e+00,0.000000000000000000e+00,4.475631462653877901e-01,4.216680544671085884e-01,4.391286379449654831e-01,4.724941928898638843e-01,3.694946327973869238e-01,3.695736848433651134e-01,3.818191230676243886e-01,4.761986569133878078e-01,5.017770005577415482e-01,4.920069342282311076e-01,4.581888476029459256e-01,3.967191992198239037e-01,4.908805923489639178e-01,3.973905058037414117e-01,4.078166026661654842e-01,4.609501391792755198e-01,0.000000000000000000e+00,0.000000000000000000e+00,0.000000000000000000e+00,4.512829179743372277e-01,4.192273295865540095e-01,4.272648276302927206e-01,4.708339412533031898e-01,0.000000000000000000e+00,0.000000000000000000e+00,0.000000000000000000e+00,4.056429210658789031e-01,4.704489773411816844e-01,0.000000000000000000e+00,0.000000000000000000e+00,0.000000000000000000e+00,0.000000000000000000e+00,0.000000000000000000e+00,0.000000000000000000e+00,0.000000000000000000e+00,4.221688108075136725e-01,0.000000000000000000e+00,4.282548757267032880e-01,0.000000000000000000e+00,0.000000000000000000e+00,0.000000000000000000e+00,4.640497617551371801e-01,3.993222728546731992e-01,4.176141271609882244e-01,0.000000000000000000e+00,0.000000000000000000e+00,0.000000000000000000e+00,4.886049129381869194e-01,0.000000000000000000e+00,4.660576780929672203e-01,4.288170706650553110e-01,4.374831214938831869e-01,0.000000000000000000e+00,0.000000000000000000e+00,0.000000000000000000e+00,0.000000000000000000e+00,4.291526104001575082e-01
0.000000000000000000e+00,0.000000000000000000e+00,2.515605866728634066e-01,5.052764779353524638e-01,3.688535634131330787e-01,3.416056961789297186e-01,4.980088036228462745e-01,4.612183189956060025e-01,2.461668188659507928e-01,5.493239800360389946e-01,2.460519256001902910e-01,4.453673197765318781e-01,5.009733190145281290e-01,4.477158958902607844e-01,0.000000000000000000e+00,0.000000000000000000e+00,0.000000000000000000e+00,0.000000000000000000e+00,0.000000000000000000e+00,0.000000000000000000e+00,0.000000000000000000e+00,0.000000000000000000e+00,3.120079807951636197e-01,0.000000000000000000e+00,0.000000000000000000e+00,0.000000000000000000e+00,3.750721755802867152e-01,4.928604598767603040e-01,0.000000000000000000e+00,0.000000000000000000e+00,5.276513179763010486e-01,4.956412792618273278e-01,0.000000000000000000e+00,5.364625024126312702e-01,5.383431649732782764e-01,4.599915869727044804e-01,5.277994136497873301e-01,4.958424028002458850e-01,4.982153083652213765e-01,0.000000000000000000e+00,0.000000000000000000e+00,0.000000000000000000e+00,4.457610083690546898e-01,0.000000000000000000e+00,0.000000000000000000e+00,0.000000000000000000e+00,0.000000000000000000e+00,4.289580501595213202e-01,0.000000000000000000e+00,5.051187527069276317e-01,5.892321932928143990e-01,5.454596637466866405e-01,5.324910422538341459e-01,6.094474112006207367e-01,0.000000000000000000e+00,5.223913154771142597e-01,0.000000000000000000e+00,4.391498262543094278e-01,5.198230134326154994e-01,0.000000000000000000e+00,0.000000000000000000e+00,0.000000000000000000e+00,0.000000000000000000e+00,4.358853941625592254e-01,0.000000000000000000e+00,0.000000000000000000e+00,0.000000000000000000e+00,5.752105313827196031e-01,0.000000000000000000e+00,0.000000000000000000e+00,0.000000000000000000e+00,6.185246511116969659e-01,0.000000000000000000e+00,0.000000000000000000e+00,0.000000000000000000e+00,0.000000000000000000e+00
4.231933507531949745e-01,4.441565173247579157e-01,0.000000000000000000e+00,0.000000000000000000e+00,0.000000000000000000e+00,4.513359542882456887e-01,4.645804193162094142e-01,0.000000000000000000e+00,4.450224676996415996e-01,3.147469116569374115e-01,0.000000000000000000e+00,0.000000000000000000e+00,4.741734966580534172e-01,0.000000000000000000e+00,3.156976755767865739e-01,4.524329389908102739e-01,4.127674135891514773e-01,4.475631462653877901e-01,0.000000000000000000e+00,0.000000000000000000e+00,4.598186205434339202e-01,3.677747169869525767e-01,2.901503962024422068e-01,0.000000000000000000e+00,4.290312523306645254e-01,4.355152694239874944e-01,4.075774508188774181e-01,4.248572055255249169e-01,3.715401460618595886e-01,2.552969363994377905e-01,4.151688075894726104e-01,4.560158462382347122e-01,4.132485471836487845e-01,4.734060838745848820e-01,5.126375747944292849e-01,5.462023113176471822e-01,0.000000000000000000e+00,0.000000000000000000e+00,4.940189617722471893e-01,4.820467165668441134e-01,5.297895990906597019e-01,5.272940785729841595e-01,0.000000000000000000e+00,0.000000000000000000e+00,0.000000000000000000e+00,0.000000000000000000e+00,5.440145196923374948e-01,0.000000000000000000e+00,0.000000000000000000e+00,0.000000000000000000e+00,5.342535175949510995e-01,0.000000000000000000e+00,0.000000000000000000e+00,0.000000000000000000e+00,0.000000000000000000e+00,0.000000000000000000e+00,0.000000000000000000e+00,4.207500593565010050e-01,0.000000000000000000e+00,5.111878025415623750e-01,3.685474519084828149e-01,0.000000000000000000e+00,0.000000000000000000e+00,0.000000000000000000e+00,5.057895599509484308e-01,5.144722225929928561e-01,4.816975832491550147e-01,5.450562026788260406e-01,0.000000000000000000e+00,3.189351097076784103e-01,5.194269498064076895e-01,5.399262877329111809e-01,5.168294758612441697e-01,5.273362603356553935e-01,4.580190296857630794e-01,4.982911550117170019e-01
3.819454864060579102e-01,4.244728965460705106e-01,0.000000000000000000e+00,0.000000000000000000e+00,0.000000000000000000e+00,4.755943120745875774e-01,0.000000000000000000e+00,4.642080466183928222e-01,0.000000000000000000e+00,0.000000000000000000e+00,0.000000000000000000e+00,4.420804339337061073e-01,5.000436745397767169e-01,5.290111929952142633e-01,3.873259918476810726e-01,4.244537628074990243e-01,0.000000000000000000e+00,4.216680544671085884e-01,0.000000000000000000e+00,4.598186205434339202e-01,0.000000000000000000e+00,4.323189431655151127e-01,4.445363782332810154e-01,5.070126335293707598e-01,4.191533739350205012e-01,4.158931867492771106e-01,4.793338951719950947e-01,4.908037269055717799e-01,4.657997811315225944e-01,0.000000000000000000e+00,4.131618391273805257e-01,4.408836609062030121e-01,4.113760463889595265e-01,4.303414962863825188e-01,4.884391938377484754e-01,0.000000000000000000e+00,0.000000000000000000e+00,0.000000000000000000e+00,4.609172295916090789e-01,4.139497540458776936e-01,4.351178610909803846e-01,4.851655346145308800e-01,0.000000000000000000e+00,0.000000000000000000e+00,0.000000000000000000e+00,0.000000000000000000e+00,4.820925655639481944e-01,0.000000000000000000e+00,0.000000000000000000e+00,0.000000000000000000e+00,4.603486545420559795e-01,0.000000000000000000e+00,2.639903252622418095e-01,0.000000000000000000e+00,0.000000000000000000e+00,0.000000000000000000e+00,0.000000000000000000e+00,0.000000000000000000e+00,0.000000000000000000e+00,4.958396551987652168e-01,4.740942042341220186e-01,0.000000000000000000e+00,0.000000000000000000e+00,0.000000000000000000e+00,4.634504955381135161e-01,4.315390080732737776e-01,4.841729079808412273e-01,4.833830451350509816e-01,0.000000000000000000e+00,4.309847098304894764e-01,5.168525804260906131e-01,4.997563569161633246e-01,4.653380517985266085e-01,4.608572315807095143e-01,0.000000000000000000e+00,4.045596128988028228e-01
