0.000000000000000000e+00,4.038716477047433195e-01,0.000000000000000000e+00,0.000000000000000000e+00,0.000000000000000000e+00,3.722461493399029098e-01,0.000000000000000000e+00,5.188101324292438976e-01,0.000000000000000000e+00,3.303980644844590753e-01,0.000000000000000000e+00,3.607515652118998828e-01,3.374317175100067789e-01,0.000000000000000000e+00,3.909256179695699274e-01,3.839402758352946088e-01,3.724454056651724243e-01,3.756664613009728093e-01,0.000000000000000000e+00,4.441628629214017798e-01,3.999385316462051865e-01,4.129507434755743112e-01,4.727350578659126890e-01,3.610730784889192857e-01,3.900861903956788224e-01,3.634694630146967920e-01,4.349624177774142897e-01,3.384049786248711222e-01,3.985460028988512260e-01,0.000000000000000000e+00,3.668722790076038853e-01,3.954113880366267875e-01,3.401851525614010829e-01,3.427745844356389071e-01,3.877803345133158941e-01,0.000000000000000000e+00,0.000000000000000000e+00,3.760199795632139241e-01,4.293348284290445238e-01,4.130060076576094197e-01,4.271535530204289000e-01,0.000000000000000000e+00,0.000000000000000000e+00,0.000000000000000000e+00,0.000000000000000000e+00,3.599699114989213244e-01,4.427680304048238202e-01,0.000000000000000000e+00,0.000000000000000000e+00,0.000000000000000000e+00,0.000000000000000000e+00,0.000000000000000000e+00,0.000000000000000000e+00,0.000000000000000000e+00,4.199524527424841058e-01,0.000000000000000000e+00,0.000000000000000000e+00,0.000000000000000000e+00,0.000000000000000000e+00,0.000000000000000000e+00,4.451998218430381904e-01,0.000000000000000000e+00,4.223505448162073184e-01,0.000000000000000000e+00,0.000000000000000000e+00,3.333000341262031818e-01,4.496502310158965732e-01,0.000000000000000000e+00,0.000000000000000000e+00,4.313548975264230867e-01,4.502006880271732236e-01,0.000000000000000000e+00,0.000000000000000000e+00,0.000000000000000000e+00,0.000000000000000000e+00,4.129256371236139089e-01
4.038716477047433195e-01,0.000000000000000000e+00,0.000000000000000000e+00,0.000000000000000000e+00,4.155364502457886133e-01,4.122091738036116060e-01,4.705027635997832136e-01,4.460465346624962746e-01,3.822073634840775780e-01,0.000000000000000000e+00,0.000000000000000000e+00,0.000000000000000000e+00,4.675840489484364149e-01,0.000000000000000000e+00,4.134930368784335841e-01,3.938732997771569044e-01,3.848967678157059757e-01,3.935170418325469877e-01,0.000000000000000000e+00,4.155365040315808778e-01,4.146012760921035101e-01,3.977660702888710098e-01,4.311136004280394229e-01,0.000000000000000000e+00,3.893530370803847118e-01,3.893697359660163171e-01,4.025580166812176008e-01,4.669156753287099781e-01,4.283457985484838138e-01,0.000000000000000000e+00,3.730690918397032152e-01,3.956467574369075257e-01,3.571034390775864042e-01,3.718210247572980021e-01,4.192466128325821884e-01,0.000000000000000000e+00,0.000000000000000000e+00,0.000000000000000000e+00,4.358368341108365129e-01,4.356574919297566129e-01,4.391678374769555915e-01,4.631293123267162803e-01,0.000000000000000000e+00,0.000000000000000000e+00,0.000000000000000000e+00,4.301084981321660061e-01,4.468504769551845945e-01,0.000000000000000000e+00,0.000000000000000000e+00,0.000000000000000000e+00,3.642476402943903846e-01,0.000000000000000000e+00,0.000000000000000000e+00,0.000000000000000000e+00,0.000000000000000000e+00,0.000000000000000000e+00,0.000000000000000000e+00,0.000000000000000000e+00,0.000000000000000000e+00,4.486894876432185875e-01,4.459878575574228177e-01,0.000000000000000000e+00,4.244607699227195829e-01,0.000000000000000000e+00,4.315181698572779778e-01,4.425084220942198110e-01,4.561964625037138177e-01,4.417774954896456219e-01,0.000000000000000000e+00,4.312543459742005925e-01,4.618751102011480758e-01,4.087091285235335825e-01,0.000000000000000000e+00,4.195498597930312212e-01,0.000000000000000000e+00,4.172097905863241807e-01
0.000000000000000000e+00,0.000000000000000000e+00,0.000000000000000000e+00,3.778378764410342261e-01,3.785359449608972082e-01,4.079755097741010750e-01,4.185699166843916963e-01,4.758445255492920190e-01,3.182504897388523935e-01,4.193516868941825071e-01,3.070628868315983251e-01,3.300238039837659065e-01,4.588389673533032065e-01,4.253002518811638266e-01,0.000000000000000000e+00,0.000000000000000000e+00,0.000000000000000000e+00,0.000000000000000000e+00,2.771070410449891774e-01,0.000000000000000000e+00,0.000000000000000000e+00,0.000000000000000000e+00,3.302273915554650996e-01,0.000000000000000000e+00,0.000000000000000000e+00,0.000000000000000000e+00,3.573030752896922957e-01,4.674662341595147153e-01,0.000000000000000000e+00,0.000000000000000000e+00,4.765892893282601128e-01,4.461020843208958753e-01,0.000000000000000000e+00,4.779045408517830218e-01,4.896009635531516913e-01,4.084594656384444855e-01,4.784109607573824863e-01,0.000000000000000000e+00,5.048131781552250841e-01,0.000000000000000000e+00,3.850363192279476765e-01,0.000000000000000000e+00,5.130600390731375748e-01,0.000000000000000000e+00,0.000000000000000000e+00,0.000000000000000000e+00,0.000000000000000000e+00,2.885130200718192262e-01,0.000000000000000000e+00,3.024081769309086010e-01,5.589458684970893820e-01,3.536676214780946070e-01,5.674802571138697349e-01,4.947152167027993874e-01,0.000000000000000000e+00,2.836892856689676723e-01,0.000000000000000000e+00,3.930643428538275197e-01,4.431002955121389753e-01,0.000000000000000000e+00,0.000000000000000000e+00,0.000000000000000000e+00,0.000000000000000000e+00,2.258280504543531131e-01,0.000000000000000000e+00,0.000000000000000000e+00,0.000000000000000000e+00,5.613924101726263105e-01,0.000000000000000000e+00,0.000000000000000000e+00,0.000000000000000000e+00,5.753365951666534750e-01,3.514572249457527109e-01,0.000000000000000000e+00,0.000000000000000000e+00,0.000000000000000000e+00
0.000000000000000000e+00,0.000000000000000000e+00,3.778378764410342261e-01,0.000000000000000000e+00,2.347462683718309073e-01,4.110444692397259847e-01,2.491303776139202897e-01,3.083840347994937781e-01,4.334695861840811015e-01,2.213664900422498139e-01,3.603152375010695851e-01,0.000000000000000000e+00,3.267197202651526133e-01,2.268428171291692885e-01,0.000000000000000000e+00,0.000000000000000000e+00,0.000000000000000000e+00,0.000000000000000000e+00,4.003196384042718159e-01,4.535001818408407881e-01,0.000000000000000000e+00,0.000000000000000000e+00,3.810263938948926232e-01,0.000000000000000000e+00,0.000000000000000000e+00,0.000000000000000000e+00,4.258269755057754735e-01,2.664733207547385074e-01,3.961477532852528127e-01,0.000000000000000000e+00,3.392537025426690112e-01,3.074049578470883226e-01,0.000000000000000000e+00,3.870044170621039781e-01,3.901322839488932104e-01,2.076654494192085032e-01,1.877501849853331906e-01,0.000000000000000000e+00,0.000000000000000000e+00,0.000000000000000000e+00,0.000000000000000000e+00,0.000000000000000000e+00,0.000000000000000000e+00,0.000000000000000000e+00,0.000000000000000000e+00,0.000000000000000000e+00,0.000000000000000000e+00,0.000000000000000000e+00,0.000000000000000000e+00,0.000000000000000000e+00,0.000000000000000000e+00,0.000000000000000000e+00,0.000000000000000000e+00,0.000000000000000000e+00,0.000000000000000000e+00,0.000000000000000000e+00,0.000000000000000000e+00,0.000000000000000000e+00,0.000000000000000000e+00,0.000000000000000000e+00,0.000000000000000000e+00,0.000000000000000000e+00,0.000000000000000000e+00,0.000000000000000000e+00,0.000000000000000000e+00,0.000000000000000000e+00,0.000000000000000000e+00,0.000000000000000000e+00,0.000000000000000000e+00,0.000000000000000000e+00,0.000000000000000000e+00,0.000000000000000000e+00,0.000000000000000000e+00,0.000000000000000000e+00,0.000000000000000000e+00,0.000000000000000000e+00
0.000000000000000000e+00,4.155364502457886133e-01,3.785359449608972082e-01,2.347462683718309073e-01,0.000000000000000000e+00,3.823568312311800277e-01,3.487755101381508904e-01,3.907899623195882910e-01,3.372664140764010110e-01,4.352899532680257755e-01,3.018573202559785007e-01,4.116767913096975873e-01,3.669310693017791003e-01,2.768486583883346119e-01,0.000000000000000000e+00,4.354091943385675068e-01,0.000000000000000000e+00,0.000000000000000000e+00,3.603112310972276244e-01,0.000000000000000000e+00,0.000000000000000000e+00,4.547620376503336836e-01,3.696348672381944978e-01,0.000000000000000000e+00,3.646287966956934801e-01,3.352336031212472811e-01,3.777196402320927016e-01,4.156906363037741192e-01,4.509152310945958031e-01,0.000000000000000000e+00,4.539799136981513827e-01,4.119265278478855818e-01,3.571450314195278031e-01,4.252147012070555121e-01,4.542986380272732161e-01,2.412122161937582110e-01,2.732561475839631049e-01,4.077889203512515826e-01,4.124613139981712084e-01,0.000000000000000000e+00,0.000000000000000000e+00,0.000000000000000000e+00,0.000000000000000000e+00,0.000000000000000000e+00,0.000000000000000000e+00,0.000000000000000000e+00,0.000000000000000000e+00,4.454831630819192090e-01,0.000000000000000000e+00,0.000000000000000000e+00,4.487436477929664935e-01,0.000000000000000000e+00,4.312376198985385933e-01,4.201711160587475735e-01,0.000000000000000000e+00,0.000000000000000000e+00,0.000000000000000000e+00,0.000000000000000000e+00,0.000000000000000000e+00,0.000000000000000000e+00,0.000000000000000000e+00,0.000000000000000000e+00,0.000000000000000000e+00,4.558014326684844963e-01,0.000000000000000000e+00,0.000000000000000000e+00,0.000000000000000000e+00,5.332609712334144270e-01,0.000000000000000000e+00,0.000000000000000000e+00,0.000000000000000000e+00,4.637881359818181171e-01,0.000000000000000000e+00,0.000000000000000000e+00,0.000000000000000000e+00,0.000000000000000000e+00
3.722461493399029098e-01,4.122091738036116060e-01,4.079755097741010750e-01,4.110444692397259847e-01,3.823568312311800277e-01,0.000000000000000000e+00,4.192720587503483975e-01,4.187812715792850748e-01,3.432557904076508071e-01,4.485760433948065007e-01,4.088443641676531848e-01,3.805497123783669888e-01,4.017687046115864802e-01,4.305430051880336784e-01,3.963328532736872245e-01,4.238234019256998941e-01,3.248991132441764740e-01,4.228036528320009979e-01,4.003244235205971058e-01,3.947815250179598223e-01,4.048624480865217756e-01,4.108368701483274266e-01,3.949689517517496196e-01,0.000000000000000000e+00,3.970663699270118863e-01,4.102530983330606729e-01,3.730859566653109138e-01,4.083932451767605110e-01,3.264280395759183162e-01,4.281236960502566857e-01,4.462738422675818217e-01,4.237895727965214077e-01,3.854797155459879776e-01,4.202591350940705905e-01,4.531829028484684052e-01,4.424828490561312777e-01,4.616713857882359107e-01,4.276786810977400988e-01,5.024493886845766699e-01,0.000000000000000000e+00,4.462453973246621186e-01,4.018717314220026093e-01,4.845419412127691117e-01,0.000000000000000000e+00,0.000000000000000000e+00,0.000000000000000000e+00,3.320727553345976801e-01,5.422119212808010902e-01,0.000000000000000000e+00,4.027712123699169200e-01,5.245013667501373655e-01,4.961493907602885223e-01,5.200055867339710147e-01,5.408874687866425113e-01,0.000000000000000000e+00,4.947642371260103089e-01,0.000000000000000000e+00,5.067118921930009456e-01,0.000000000000000000e+00,3.941832316196510200e-01,0.000000000000000000e+00,0.000000000000000000e+00,0.000000000000000000e+00,5.144917108170981024e-01,3.947473613191038178e-01,3.872301303498517089e-01,3.471941917724398197e-01,5.305235713514407925e-01,0.000000000000000000e+00,0.000000000000000000e+00,3.601732470790091067e-01,5.282531376926080657e-01,5.033713917076498845e-01,4.868098430907960017e-01,0.000000000000000000e+00,5.098125744906263357e-01
0.000000000000000000e+00,4.705027635997832136e-01,4.185699166843916963e-01,2.491303776139202897e-01,3.487755101381508904e-01,4.192720587503483975e-01,0.000000000000000000e+00,4.199988805128385128e-01,4.085494165339506045e-01,4.061952877610915946e-01,4.149750709475922839e-01,3.850343713868155104e-01,3.512522547903029757e-01,3.414417051555064808e-01,0.000000000000000000e+00,4.717750571352555267e-01,4.104610264102734885e-01,4.409135853075896727e-01,4.387649230869046235e-01,4.691914371313753995e-01,0.000000000000000000e+00,4.823280479691182121e-01,4.162631745127137184e-01,3.930719287937708972e-01,4.396203584022623789e-01,4.185713747212013169e-01,4.290404809977350076e-01,3.731028449203667163e-01,4.580216540667106928e-01,0.000000000000000000e+00,4.301533338134926887e-01,4.091769679114634073e-01,4.102797942773999118e-01,4.259628731652442823e-01,4.212848193207258118e-01,2.927684387926822729e-01,3.216318531159130800e-01,3.943986756398322191e-01,4.200423349223009195e-01,0.000000000000000000e+00,3.021433370332849977e-01,0.000000000000000000e+00,0.000000000000000000e+00,0.000000000000000000e+00,0.000000000000000000e+00,0.000000000000000000e+00,0.000000000000000000e+00,4.187632295304899999e-01,0.000000000000000000e+00,0.000000000000000000e+00,4.333579807818284113e-01,0.000000000000000000e+00,4.390573684539101906e-01,3.999608492243041935e-01,0.000000000000000000e+00,0.000000000000000000e+00,0.000000000000000000e+00,0.000000000000000000e+00,0.000000000000000000e+00,0.000000000000000000e+00,0.000000000000000000e+00,0.000000000000000000e+00,0.000000000000000000e+00,4.260075876426848152e-01,0.000000000000000000e+00,0.000000000000000000e+00,0.000000000000000000e+00,5.065421554463205300e-01,0.000000000000000000e+00,0.000000000000000000e+00,0.000000000000000000e+00,4.582131592181977187e-01,0.000000000000000000e+00,0.000000000000000000e+00,0.000000000000000000e+00,0.000000000000000000e+00
5.188101324292438976e-01,4.460465346624962746e-01,4.758445255492920190e-01,3.083840347994937781e-01,3.907899623195882910e-01,4.187812715792850748e-01,4.199988805128385128e-01,0.000000000000000000e+00,5.028506833411726662e-01,4.169570943039805910e-01,3.195618990399731185e-01,4.407887328243573766e-01,4.357028740667888145e-01,3.376539482134748860e-01,3.925652580873550956e-01,4.471101464792830993e-01,0.000000000000000000e+00,4.627329670528095851e-01,4.338086849578605131e-01,3.719482509779343249e-01,4.207840522345392964e-01,3.863220825528949076e-01,3.497809125105125205e-01,5.296865782066622064e-01,5.000792256556096937e-01,5.023000726103461488e-01,4.305092966604874838e-01,4.206802709821703123e-01,3.902776237308295260e-01,3.738786755436420139e-01,4.335942917066987201e-01,3.811872801685606271e-01,3.659724465105085867e-01,4.350195925099131777e-01,4.640466785349673939e-01,2.624935967511167756e-01,4.007197544020997815e-01,0.000000000000000000e+00,4.813627911468200127e-01,0.000000000000000000e+00,5.271588841400507430e-01,0.000000000000000000e+00,4.478319358052555987e-01,0.000000000000000000e+00,0.000000000000000000e+00,0.000000000000000000e+00,0.000000000000000000e+00,5.462187656700528970e-01,0.000000000000000000e+00,5.136394548888185696e-01,4.954640738381831944e-01,5.004872730998694008e-01,4.138085529693656950e-01,5.219841465573938910e-01,0.000000000000000000e+00,5.104569873399620317e-01,0.000000000000000000e+00,4.931050774332910724e-01,0.000000000000000000e+00,4.565695331040557914e-01,0.000000000000000000e+00,0.000000000000000000e+00,0.000000000000000000e+00,5.287518202576657611e-01,4.802069158062911014e-01,4.548684916945803236e-01,0.000000000000000000e+00,5.005060725260036536e-01,0.000000000000000000e+00,0.000000000000000000e+00,0.000000000000000000e+00,5.192067267053634971e-01,5.057008226314876342e-01,5.061520039018042594e-01,0.000000000000000000e+00,4.922898802388148143e-01
0.000000000000000000e+00,3.822073634840775780e-01,3.182504897388523935e-01,4.334695861840811015e-01,3.372664140764010110e-01,3.432557904076508071e-01,4.085494165339506045e-01,5.028506833411726662e-01,0.000000000000000000e+00,4.893977796114419854e-01,3.217152555300176187e-01,4.528928238369097081e-01,3.961487120088693081e-01,4.584313295760157891e-01,0.000000000000000000e+00,4.572136167981992738e-01,0.000000000000000000e+00,3.498945580621856122e-01,3.015542137604357853e-01,0.000000000000000000e+00,0.000000000000000000e+00,4.563783608891592847e-01,3.948596595871441961e-01,4.139389191102629817e-01,4.090870313802411062e-01,3.591175202658181131e-01,3.630266980022230916e-01,4.706548238224431135e-01,4.750253522924621219e-01,4.586007409756108211e-01,4.905785053676138263e-01,4.390502997706471899e-01,4.211003277441773274e-01,4.762060765015607156e-01,4.863250693019959270e-01,4.573288508021108867e-01,4.630211976966637777e-01,4.513177622873628114e-01,5.552432258491097894e-01,0.000000000000000000e+00,3.214817812625458959e-01,0.000000000000000000e+00,5.101860008676625258e-01,0.000000000000000000e+00,0.000000000000000000e+00,0.000000000000000000e+00,0.000000000000000000e+00,5.567539791193145682e-01,0.000000000000000000e+00,4.614048235627186134e-01,5.362075989206165350e-01,4.238801184483604878e-01,5.493639337886692120e-01,4.712197373434380832e-01,0.000000000000000000e+00,5.410157699086076688e-01,0.000000000000000000e+00,4.532196373354651087e-01,4.799539982556769169e-01,0.000000000000000000e+00,0.000000000000000000e+00,0.000000000000000000e+00,0.000000000000000000e+00,5.269122699748322036e-01,0.000000000000000000e+00,0.000000000000000000e+00,0.000000000000000000e+00,5.548076356399767040e-01,0.000000000000000000e+00,0.000000000000000000e+00,0.000000000000000000e+00,5.539274861177523324e-01,3.799122979323242277e-01,0.000000000000000000e+00,0.000000000000000000e+00,0.000000000000000000e+00
3.303980644844590753e-01,0.000000000000000000e+00,4.193516868941825071e-01,2.213664900422498139e-01,4.352899532680257755e-01,4.485760433948065007e-01,4.061952877610915946e-01,4.169570943039805910e-01,4.893977796114419854e-01,0.000000000000000000e+00,4.579980751749821999e-01,2.726818640156217777e-01,4.172978133849877258e-01,0.000000000000000000e+00,0.000000000000000000e+00,3.376985770407928134e-01,3.145862438196644906e-01,3.460516541397187784e-01,4.661414064266395929e-01,3.193153628684923251e-01,0.000000000000000000e+00,3.307774515830699813e-01,4.220856671004927230e-01,2.969996920273703100e-01,3.446704568219454146e-01,3.558791463263427102e-01,4.382162016153474116e-01,4.163717790543097208e-01,3.525466658037669232e-01,0.000000000000000000e+00,3.448513997195610803e-01,3.401493172169405277e-01,2.961333609018927948e-01,2.860187237654556180e-01,2.630119494310231842e-01,2.979708471587796947e-01,3.136312514226550774e-01,2.472231116722763966e-01,3.629635477533629806e-01,3.535683005014148006e-01,3.439548683602415835e-01,0.000000000000000000e+00,0.000000000000000000e+00,0.000000000000000000e+00,3.000395010277522867e-01,4.088355198976393878e-01,0.000000000000000000e+00,0.000000000000000000e+00,0.000000000000000000e+00,0.000000000000000000e+00,0.000000000000000000e+00,0.000000000000000000e+00,0.000000000000000000e+00,0.000000000000000000e+00,4.222101959629798729e-01,0.000000000000000000e+00,4.113282726958121249e-01,3.713018780604822044e-01,0.000000000000000000e+00,0.000000000000000000e+00,0.000000000000000000e+00,4.378021007107091855e-01,4.054185243301601238e-01,0.000000000000000000e+00,0.000000000000000000e+00,0.000000000000000000e+00,0.000000000000000000e+00,0.000000000000000000e+00,4.197636654371085241e-01,4.533948069891092780e-01,4.600192569152687927e-01,0.000000000000000000e+00,3.861475727319260143e-01,0.000000000000000000e+00,0.000000000000000000e+00,3.953586153196911868e-01
0.000000000000000000e+00,0.000000000000000000e+00,3.070628868315983251e-01,3.603152375010695851e-01,3.018573202559785007e-01,4.088443641676531848e-01,4.149750709475922839e-01,3.195618990399731185e-01,3.217152555300176187e-01,4.579980751749821999e-01,0.000000000000000000e+00,4.015813783483042076e-01,4.407760797201992209e-01,2.936701637187841829e-01,0.000000000000000000e+00,0.000000000000000000e+00,3.932854122015748133e-01,0.000000000000000000e+00,2.612574380925006823e-01,0.000000000000000000e+00,0.000000000000000000e+00,0.000000000000000000e+00,2.799887290846452825e-01,4.205961278623083777e-01,0.000000000000000000e+00,3.426129336216979238e-01,3.816634980164694824e-01,4.519129604268958822e-01,0.000000000000000000e+00,0.000000000000000000e+00,4.810573795962206911e-01,3.828440780775868024e-01,4.309212463929141812e-01,4.580522448959704063e-01,4.399651662324198798e-01,3.152312768226330220e-01,4.439240859906685155e-01,4.489623296670161023e-01,0.000000000000000000e+00,0.000000000000000000e+00,0.000000000000000000e+00,0.000000000000000000e+00,3.650751218044198110e-01,0.000000000000000000e+00,0.000000000000000000e+00,0.000000000000000000e+00,0.000000000000000000e+00,3.147271769276798747e-01,0.000000000000000000e+00,4.283413789822115847e-01,4.674351725723823736e-01,4.445365211876401990e-01,4.271100631029868255e-01,4.112976085661398939e-01,0.000000000000000000e+00,2.481296603878098972e-01,0.000000000000000000e+00,3.507579616886288276e-01,0.000000000000000000e+00,0.000000000000000000e+00,0.000000000000000000e+00,0.000000000000000000e+00,0.000000000000000000e+00,1.990995207598534045e-01,0.000000000000000000e+00,0.000000000000000000e+00,0.000000000000000000e+00,4.761076850282847106e-01,0.000000000000000000e+00,0.000000000000000000e+00,0.000000000000000000e+00,4.475412232141312008e-01,3.640690856389883212e-01,0.000000000000000000e+00,0.000000000000000000e+00,0.000000000000000000e+00
3.607515652118998828e-01,0.000000000000000000e+00,3.300238039837659065e-01,0.000000000000000000e+00,4.116767913096975873e-01,3.805497123783669888e-01,3.850343713868155104e-01,4.407887328243573766e-01,4.528928238369097081e-01,2.726818640156217777e-01,4.015813783483042076e-01,0.000000000000000000e+00,4.128734178937039090e-01,0.000000000000000000e+00,0.000000000000000000e+00,0.000000000000000000e+00,3.387775651082892137e-01,3.095188100481108817e-01,3.465901578079905176e-01,0.000000000000000000e+00,4.148198860297562796e-01,0.000000000000000000e+00,0.000000000000000000e+00,2.879636043950510871e-01,3.629161053912863810e-01,3.122984885597063776e-01,3.554227212473591857e-01,4.026232895222859876e-01,0.000000000000000000e+00,0.000000000000000000e+00,3.327635941524195173e-01,2.424758627695997037e-01,2.600100932377231167e-01,2.395745502169581986e-01,2.948603197895650063e-01,3.549881382069037250e-01,3.420521942292299999e-01,1.986973753056376080e-01,4.449366024412805820e-01,3.738502532848401172e-01,3.556024550594745204e-01,0.000000000000000000e+00,0.000000000000000000e+00,0.000000000000000000e+00,3.141695599164429087e-01,0.000000000000000000e+00,0.000000000000000000e+00,0.000000000000000000e+00,0.000000000000000000e+00,0.000000000000000000e+00,0.000000000000000000e+00,0.000000000000000000e+00,0.000000000000000000e+00,0.000000000000000000e+00,4.317865757229928936e-01,0.000000000000000000e+00,4.264810455772062858e-01,3.902444505773369765e-01,0.000000000000000000e+00,0.000000000000000000e+00,0.000000000000000000e+00,4.454783761010663867e-01,4.186082842694194839e-01,0.000000000000000000e+00,0.000000000000000000e+00,0.000000000000000000e+00,0.000000000000000000e+00,0.000000000000000000e+00,4.110933876989814051e-01,4.437673665441286830e-01,4.616256379085136863e-01,0.000000000000000000e+00,3.995309946490475106e-01,0.000000000000000000e+00,0.000000000000000000e+00,3.902764072363086867e-01
3.374317175100067789e-01,4.675840489484364149e-01,4.588389673533032065e-01,3.267197202651526133e-01,3.669310693017791003e-01,4.017687046115864802e-01,3.512522547903029757e-01,4.357028740667888145e-01,3.961487120088693081e-01,4.172978133849877258e-01,4.407760797201992209e-01,4.128734178937039090e-01,0.000000000000000000e+00,3.761073921292716893e-01,4.229396492804456953e-01,4.850689494399624824e-01,4.459294322199247040e-01,4.820770981295438018e-01,4.575677887269329891e-01,4.680491280557798062e-01,4.322755149525482898e-01,4.882553757255845839e-01,4.291101669999002888e-01,4.141512132457395023e-01,4.542844517079204225e-01,4.395463168009022259e-01,4.472312481578317178e-01,3.722429956981254118e-01,4.396319765376621169e-01,4.078735053235268970e-01,4.266053549165814140e-01,4.111290465391492233e-01,4.492101314682084845e-01,4.311126013445383820e-01,4.322425106988586063e-01,3.493866602606178207e-01,3.716945738907431185e-01,4.237372109058509806e-01,3.684104991853729971e-01,3.958485597294693070e-01,3.160902183572503188e-01,2.923625872178354235e-01,4.465423666440350159e-01,0.000000000000000000e+00,3.441021320927021843e-01,0.000000000000000000e+00,0.000000000000000000e+00,4.512717378562823844e-01,0.000000000000000000e+00,0.000000000000000000e+00,4.616105243704421990e-01,3.167541213014409829e-01,4.637276661019437141e-01,0.000000000000000000e+00,0.000000000000000000e+00,0.000000000000000000e+00,3.347132463676760206e-01,0.000000000000000000e+00,0.000000000000000000e+00,3.441234230196270061e-01,0.000000000000000000e+00,0.000000000000000000e+00,0.000000000000000000e+00,0.000000000000000000e+00,3.448675768005188824e-01,0.000000000000000000e+00,3.207111274760974240e-01,5.191460954242574921e-01,0.000000000000000000e+00,3.152989023577976169e-01,3.585637511365999952e-01,5.284512167829431561e-01,0.000000000000000000e+00,4.574617760946121936e-01,0.000000000000000000e+00,0.000000000000000000e+00
0.000000000000000000e+00,0.000000000000000000e+00,4.253002518811638266e-01,2.268428171291692885e-01,2.768486583883346119e-01,4.305430051880336784e-01,3.414417051555064808e-01,3.376539482134748860e-01,4.584313295760157891e-01,0.000000000000000000e+00,2.936701637187841829e-01,0.000000000000000000e+00,3.761073921292716893e-01,0.000000000000000000e+00,0.000000000000000000e+00,0.000000000000000000e+00,0.000000000000000000e+00,0.000000000000000000e+00,3.622357551743071169e-01,0.000000000000000000e+00,0.000000000000000000e+00,0.000000000000000000e+00,3.724953885183989732e-01,0.000000000000000000e+00,0.000000000000000000e+00,0.000000000000000000e+00,4.458127301666672260e-01,2.594540148553636238e-01,0.000000000000000000e+00,0.000000000000000000e+00,4.904535427944745063e-01,2.848154640906040980e-01,0.000000000000000000e+00,0.000000000000000000e+00,0.000000000000000000e+00,2.284274601643377922e-01,1.769467566073270048e-01,0.000000000000000000e+00,0.000000000000000000e+00,0.000000000000000000e+00,0.000000000000000000e+00,0.000000000000000000e+00,0.000000000000000000e+00,0.000000000000000000e+00,0.000000000000000000e+00,0.000000000000000000e+00,0.000000000000000000e+00,4.401828359913972921e-01,0.000000000000000000e+00,0.000000000000000000e+00,0.000000000000000000e+00,0.000000000000000000e+00,0.000000000000000000e+00,4.784250190038630834e-01,0.000000000000000000e+00,4.715744220504173856e-01,0.000000000000000000e+00,0.000000000000000000e+00,0.000000000000000000e+00,0.000000000000000000e+00,0.000000000000000000e+00,0.000000000000000000e+00,0.000000000000000000e+00,0.000000000000000000e+00,0.000000000000000000e+00,0.000000000000000000e+00,0.000000000000000000e+00,4.754854143502320052e-01,0.000000000000000000e+00,0.000000000000000000e+00,0.000000000000000000e+00,4.426967343140825739e-01,0.000000000000000000e+00,0.000000000000000000e+00,0.000000000000000000e+00,0.000000000000000000e+00
3.909256179695699274e-01,4.134930368784335841e-01,0.000000000000000000e+00,0.000000000000000000e+00,0.000000000000000000e+00,3.963328532736872245e-01,0.000000000000000000e+00,3.925652580873550956e-01,0.000000000000000000e+00,0.000000000000000000e+00,0.000000000000000000e+00,0.000000000000000000e+00,4.229396492804456953e-01,0.000000000000000000e+00,0.000000000000000000e+00,4.149774473226918725e-01,0.000000000000000000e+00,4.002234973690669828e-01,0.000000000000000000e+00,3.350950041869644180e-01,3.644617347380417760e-01,3.631233094315112764e-01,3.354844726034261204e-01,4.209348443601375056e-01,3.952016768643273892e-01,3.505647950060946094e-01,3.877607220459268755e-01,3.952417583024038228e-01,3.996531759989990773e-01,0.000000000000000000e+00,4.114418825638352928e-01,4.189314493190928190e-01,3.799568508426379165e-01,4.330502299766703089e-01,4.807388843331212858e-01,5.357853082267727274e-01,0.000000000000000000e+00,0.000000000000000000e+00,4.829346413274336891e-01,4.697785667902685258e-01,5.053333919797159401e-01,5.092625427578402197e-01,4.981639394828317191e-01,0.000000000000000000e+00,0.000000000000000000e+00,0.000000000000000000e+00,4.471080175724361228e-01,0.000000000000000000e+00,0.000000000000000000e+00,0.000000000000000000e+00,4.461416338790272218e-01,0.000000000000000000e+00,5.220991766067037965e-01,0.000000000000000000e+00,0.000000000000000000e+00,0.000000000000000000e+00,0.000000000000000000e+00,4.159995724663124173e-01,0.000000000000000000e+00,4.952042188292503089e-01,4.418506770337710110e-01,0.000000000000000000e+00,0.000000000000000000e+00,0.000000000000000000e+00,4.825561249413696796e-01,4.518592302056623766e-01,4.998911804432020767e-01,4.816566906810105242e-01,0.000000000000000000e+00,3.813160634943382754e-01,4.881946403909208088e-01,4.849217838645762946e-01,4.698577302355879115e-01,4.777130218230755121e-01,0.000000000000000000e+00,4.786387962352953163e-01
3.839402758352946088e-01,3.938732997771569044e-01,0.000000000000000000e+00,0.000000000000000000e+00,4.354091943385675068e-01,4.238234019256998941e-01,4.717750571352555267e-01,4.471101464792830993e-01,4.572136167981992738e-01,3.376985770407928134e-01,0.000000000000000000e+00,0.000000000000000000e+00,4.850689494399624824e-01,0.000000000000000000e+00,4.149774473226918725e-01,0.000000000000000000e+00,3.836064347071342917e-01,3.649355230595098254e-01,0.000000000000000000e+00,4.195281622375894859e-01,4.153341416113698892e-01,3.822205028284617057e-01,4.225836273168426804e-01,3.447999231421701172e-01,3.925058479701262204e-01,4.008777753337465222e-01,4.209436841863669065e-01,4.829417976790272848e-01,4.514143423140500877e-01,4.464115688246734215e-01,3.815233053811539210e-01,4.161736155363375822e-01,3.738043669205118880e-01,3.870694952587592774e-01,4.431405208052707767e-01,0.000000000000000000e+00,0.000000000000000000e+00,0.000000000000000000e+00,4.322820420559029819e-01,4.202256814228038095e-01,4.249054683130342180e-01,4.670501739096321048e-01,0.000000000000000000e+00,0.000000000000000000e+00,0.000000000000000000e+00,4.334805546689389777e-01,4.460412792658319248e-01,0.000000000000000000e+00,0.000000000000000000e+00,0.000000000000000000e+00,0.000000000000000000e+00,0.000000000000000000e+00,0.000000000000000000e+00,0.000000000000000000e+00,0.000000000000000000e+00,0.000000000000000000e+00,0.000000000000000000e+00,0.000000000000000000e+00,0.000000000000000000e+00,4.577684459069856771e-01,4.399358825354108271e-01,0.000000000000000000e+00,4.212119826778710219e-01,0.000000000000000000e+00,4.162838555409986152e-01,4.125367842002867769e-01,4.564565307693693730e-01,3.885882388069111237e-01,0.000000000000000000e+00,4.310860376309957886e-01,4.579995252960796792e-01,3.896117509753784236e-01,0.000000000000000000e+00,4.088378388897878080e-01,0.000000000000000000e+00,3.976343485864379801e-01
3.724454056651724243e-01,3.848967678157059757e-01,0.000000000000000000e+00,0.000000000000000000e+00,0.000000000000000000e+00,3.248991132441764740e-01,4.104610264102734885e-01,0.000000000000000000e+00,0.000000000000000000e+00,3.145862438196644906e-01,3.932854122015748133e-01,3.387775651082892137e-01,4.459294322199247040e-01,0.000000000000000000e+00,0.000000000000000000e+00,3.836064347071342917e-01,0.000000000000000000e+00,3.400366859348519233e-01,0.000000000000000000e+00,3.529848811246804052e-01,0.000000000000000000e+00,3.584374060117658245e-01,0.000000000000000000e+00,3.413631289311219730e-01,3.501824094995338865e-01,3.717466284167703083e-01,0.000000000000000000e+00,4.349662828939119819e-01,3.468985534444947727e-01,0.000000000000000000e+00,3.505272843015456163e-01,3.825015623529232078e-01,3.474736388087253935e-01,3.427061923342107908e-01,3.709404819778213125e-01,0.000000000000000000e+00,0.000000000000000000e+00,2.997804816038557862e-01,0.000000000000000000e+00,3.658752712441192267e-01,0.000000000000000000e+00,0.000000000000000000e+00,0.000000000000000000e+00,0.000000000000000000e+00,0.000000000000000000e+00,0.000000000000000000e+00,0.000000000000000000e+00,0.000000000000000000e+00,0.000000000000000000e+00,0.000000000000000000e+00,0.000000000000000000e+00,0.000000000000000000e+00,0.000000000000000000e+00,0.000000000000000000e+00,4.235805100528726164e-01,0.000000000000000000e+00,3.914474495175608859e-01,0.000000000000000000e+00,0.000000000000000000e+00,0.000000000000000000e+00,0.000000000000000000e+00,3.954596291962507171e-01,3.883007936271080096e-01,0.000000000000000000e+00,0.000000000000000000e+00,0.000000000000000000e+00,0.000000000000000000e+00,0.000000000000000000e+00,4.125665402656755187e-01,4.251953611745930006e-01,4.477343850432919936e-01,0.000000000000000000e+00,0.000000000000000000e+00,0.000000000000000000e+00,0.000000000000000000e+00,0.000000000000000000e+00
3.756664613009728093e-01,3.935170418325469877e-01,0.000000000000000000e+00,0.000000000000000000e+00,0.000000000000000000e+00,4.228036528320009979e-01,4.409135853075896727e-01,4.627329670528095851e-01,3.498945580621856122e-01,3.460516541397187784e-01,0.000000000000000000e+00,3.095188100481108817e-01,4.820770981295438018e-01,0.000000000000000000e+00,4.002234973690669828e-01,3.649355230595098254e-01,3.400366859348519233e-01,0.000000000000000000e+00,0.000000000000000000e+00,4.119218040425471905e-01,4.072309577298415806e-01,4.003522594034965021e-01,4.671026989177095023e-01,3.576603291187899769e-01,3.666961279646496208e-01,3.764132926301496096e-01,4.194643442214285867e-01,4.682437972649772240e-01,4.449609829165214192e-01,3.872848793595849992e-01,3.690005937360510968e-01,3.815889780112590168e-01,3.572985001016257822e-01,3.597721850451057191e-01,3.988496738547285814e-01,0.000000000000000000e+00,0.000000000000000000e+00,0.000000000000000000e+00,4.253908940011578155e-01,4.065628328751637044e-01,4.088216222007809986e-01,4.265511384492903790e-01,0.000000000000000000e+00,0.000000000000000000e+00,0.000000000000000000e+00,4.326073348365325200e-01,4.330081657397700790e-01,0.000000000000000000e+00,0.000000000000000000e+00,0.000000000000000000e+00,0.000000000000000000e+00,0.000000000000000000e+00,0.000000000000000000e+00,0.000000000000000000e+00,4.007885634459014135e-01,0.000000000000000000e+00,3.725281506026625888e-01,0.000000000000000000e+00,0.000000000000000000e+00,0.000000000000000000e+00,4.249971372317022933e-01,4.199440175095380257e-01,4.098002722917047924e-01,0.000000000000000000e+00,0.000000000000000000e+00,0.000000000000000000e+00,4.159389813320645835e-01,0.000000000000000000e+00,4.154553840015942079e-01,4.181566481957738057e-01,4.411864895653744845e-01,0.000000000000000000e+00,0.000000000000000000e+00,0.000000000000000000e+00,0.000000000000000000e+00,3.901580090368758080e-01
0.000000000000000000e+00,0.000000000000000000e+00,2.771070410449891774e-01,4.003196384042718159e-01,3.603112310972276244e-01,4.003244235205971058e-01,4.387649230869046235e-01,4.338086849578605131e-01,3.015542137604357853e-01,4.661414064266395929e-01,2.612574380925006823e-01,3.465901578079905176e-01,4.575677887269329891e-01,3.622357551743071169e-01,0.000000000000000000e+00,0.000000000000000000e+00,0.000000000000000000e+00,0.000000000000000000e+00,0.000000000000000000e+00,0.000000000000000000e+00,0.000000000000000000e+00,0.000000000000000000e+00,3.048075176560340882e-01,0.000000000000000000e+00,0.000000000000000000e+00,0.000000000000000000e+00,3.677254293142492858e-01,4.647590595656729828e-01,0.000000000000000000e+00,0.000000000000000000e+00,4.973051999500017750e-01,4.088316293514150934e-01,0.000000000000000000e+00,4.814115958684889729e-01,4.739503424144310140e-01,3.713971282771277860e-01,4.590708674127952915e-01,4.111247820376563999e-01,4.686826035812629021e-01,0.000000000000000000e+00,0.000000000000000000e+00,0.000000000000000000e+00,4.439087109060932956e-01,0.000000000000000000e+00,0.000000000000000000e+00,0.000000000000000000e+00,0.000000000000000000e+00,5.122584460592181088e-01,0.000000000000000000e+00,4.904442502830014261e-01,5.060685717546031803e-01,4.797937480976696145e-01,5.633809987692518506e-01,5.181475572789461248e-01,0.000000000000000000e+00,3.150739856593482990e-01,0.000000000000000000e+00,4.313329458124525173e-01,5.253717294594789644e-01,0.000000000000000000e+00,0.000000000000000000e+00,0.000000000000000000e+00,0.000000000000000000e+00,3.566829541758921862e-01,0.000000000000000000e+00,0.000000000000000000e+00,0.000000000000000000e+00,5.482303432841550972e-01,0.000000000000000000e+00,0.000000000000000000e+00,0.000000000000000000e+00,5.563694630511575312e-01,0.000000000000000000e+00,0.000000000000000000e+00,0.000000000000000000e+00,0.000000000000000000e+00
4.441628629214017798e-01,4.155365040315808778e-01,0.000000000000000000e+00,4.535001818408407881e-01,0.000000000000000000e+00,3.947815250179598223e-01,4.691914371313753995e-01,3.719482509779343249e-01,0.000000000000000000e+00,3.193153628684923251e-01,0.000000000000000000e+00,0.000000000000000000e+00,4.680491280557798062e-01,0.000000000000000000e+00,3.350950041869644180e-01,4.195281622375894859e-01,3.529848811246804052e-01,4.119218040425471905e-01,0.000000000000000000e+00,0.000000000000000000e+00,4.109692251532809926e-01,3.708870482503571209e-01,2.971546434412751791e-01,0.000000000000000000e+00,4.074276478592633866e-01,4.195622678810799200e-01,3.390706676583932766e-01,4.122631993862678201e-01,3.302057165957245077e-01,3.704168117121374171e-01,3.735841741325153231e-01,4.278176925175806167e-01,3.813384735981247831e-01,4.276419309966725257e-01,4.823296918192964133e-01,5.100570181011850890e-01,4.614356908398122847e-01,0.000000000000000000e+00,4.682476752459263092e-01,4.135107322666475849e-01,4.856887844561975087e-01,4.467537566894695944e-01,4.091037214450338189e-01,0.000000000000000000e+00,0.000000000000000000e+00,0.000000000000000000e+00,3.675267519392567128e-01,0.000000000000000000e+00,0.000000000000000000e+00,0.000000000000000000e+00,4.407826079418418752e-01,0.000000000000000000e+00,4.964530047491003129e-01,0.000000000000000000e+00,0.000000000000000000e+00,0.000000000000000000e+00,0.000000000000000000e+00,3.907082326886515133e-01,0.000000000000000000e+00,4.631071297367495010e-01,3.486807874164031262e-01,0.000000000000000000e+00,0.000000000000000000e+00,0.000000000000000000e+00,4.679050752240823119e-01,4.365696877323597125e-01,4.662721284830478874e-01,4.851917868299461811e-01,0.000000000000000000e+00,3.199153277654330774e-01,4.527381700003987874e-01,4.893162361886362888e-01,4.749283448555796094e-01,4.687694876220611095e-01,0.000000000000000000e+00,4.800164105730002073e-01
3.999385316462051865e-01,4.146012760921035101e-01,0.000000000000000000e+00,0.000000000000000000e+00,0.000000000000000000e+00,4.048624480865217756e-01,0.000000000000000000e+00,4.207840522345392964e-01,0.000000000000000000e+00,0.000000000000000000e+00,0.000000000000000000e+00,4.148198860297562796e-01,4.322755149525482898e-01,0.000000000000000000e+00,3.644617347380417760e-01,4.153341416113698892e-01,0.000000000000000000e+00,4.072309577298415806e-01,0.000000000000000000e+00,4.109692251532809926e-01,0.000000000000000000e+00,4.225590445074157153e-01,4.073686153537672827e-01,4.653181209128455786e-01,4.206607995103014974e-01,3.948274412927078036e-01,4.135853783410637918e-01,4.241439546529570115e-01,4.014540883971740026e-01,0.000000000000000000e+00,3.972331243396601819e-01,4.166149007801747128e-01,3.739437454404466177e-01,4.074908825805108048e-01,4.652825550900304141e-01,0.000000000000000000e+00,0.000000000000000000e+00,0.000000000000000000e+00,4.507561320846226183e-01,4.499328435623204947e-01,4.862165944468723189e-01,5.196970626542587457e-01,0.000000000000000000e+00,0.000000000000000000e+00,0.000000000000000000e+00,2.992203840188373820e-01,4.516953364804057180e-01,0.000000000000000000e+00,0.000000000000000000e+00,0.000000000000000000e+00,4.617739357265420730e-01,0.000000000000000000e+00,4.264474431708136226e-01,0.000000000000000000e+00,0.000000000000000000e+00,0.000000000000000000e+00,0.000000000000000000e+00,4.482221829577774930e-01,0.000000000000000000e+00,4.598800899009485854e-01,4.347335509204551807e-01,0.000000000000000000e+00,0.000000000000000000e+00,0.000000000000000000e+00,4.584200040420683964e-01,3.577535712697165193e-01,4.689102836300206856e-01,4.535280697838814934e-01,0.000000000000000000e+00,3.908967038689448170e-01,4.813691006633640246e-01,4.720813351626241827e-01,4.592028566011409074e-01,4.655047328930114192e-01,0.000000000000000000e+00,4.351370661528444761e-01
