0.000000000000000000e+00,4.204550968149576851e-01,0.000000000000000000e+00,0.000000000000000000e+00,0.000000000000000000e+00,4.297595307123179831e-01,0.000000000000000000e+00,5.333385892919461080e-01,0.000000000000000000e+00,4.161639157301553760e-01,0.000000000000000000e+00,4.167200686239563856e-01,3.664441581584473862e-01,0.000000000000000000e+00,3.791064346386310846e-01,4.151244874433129839e-01,0.000000000000000000e+00,4.101046962309817245e-01,0.000000000000000000e+00,4.413075799834094148e-01,4.200848952656832114e-01,4.141311067429755965e-01,4.786163243751265783e-01,3.916488349663925228e-01,3.843416799981040910e-01,3.735240557176784937e-01,4.674060670392904959e-01,3.940017947903816098e-01,3.999661931105322754e-01,0.000000000000000000e+00,3.729164142139206883e-01,4.231575773911953053e-01,3.803372432610337972e-01,3.574462123441112249e-01,4.049064671340096844e-01,0.000000000000000000e+00,0.000000000000000000e+00,4.246313421449153247e-01,4.266811338106203944e-01,3.928552924550027803e-01,4.282726381293330276e-01,0.000000000000000000e+00,0.000000000000000000e+00,0.000000000000000000e+00,0.000000000000000000e+00,3.593672793870433813e-01,4.646801231717513914e-01,0.000000000000000000e+00,0.000000000000000000e+00,0.000000000000000000e+00,0.000000000000000000e+00,0.000000000000000000e+00,0.000000000000000000e+00,0.000000000000000000e+00,0.000000000000000000e+00,0.000000000000000000e+00,0.000000000000000000e+00,0.000000000000000000e+00,0.000000000000000000e+00,0.000000000000000000e+00,4.443689353643455187e-01,0.000000000000000000e+00,4.266512981159258922e-01,0.000000000000000000e+00,0.000000000000000000e+00,3.871270553523962210e-01,4.586345863124428046e-01,0.000000000000000000e+00,3.696482927468132118e-01,4.394067802532543032e-01,4.720215338279626915e-01,0.000000000000000000e+00,0.000000000000000000e+00,0.000000000000000000e+00,0.000000000000000000e+00,3.996531802432273239e-01
4.204550968149576851e-01,0.000000000000000000e+00,0.000000000000000000e+00,0.000000000000000000e+00,4.193847945574292191e-01,4.164693375250200780e-01,4.531321562437353734e-01,4.451935349440486744e-01,3.850782684925648791e-01,0.000000000000000000e+00,0.000000000000000000e+00,0.000000000000000000e+00,4.544861778939334185e-01,0.000000000000000000e+00,4.262440306722420913e-01,4.101135148451883206e-01,4.191210626068048173e-01,4.119218590358597054e-01,0.000000000000000000e+00,4.310238062231570022e-01,4.277896397528405115e-01,4.062185026620859229e-01,4.111738333563640935e-01,0.000000000000000000e+00,3.840936904424421261e-01,3.940518745948665136e-01,4.271081361531207099e-01,4.623389826057484053e-01,4.326478953219102253e-01,0.000000000000000000e+00,3.764940731290986053e-01,4.271295421212045751e-01,3.777054193203591148e-01,3.830448722546679896e-01,4.269217015305293850e-01,0.000000000000000000e+00,0.000000000000000000e+00,0.000000000000000000e+00,4.581057494530262897e-01,4.445688369608927770e-01,4.567068306572051872e-01,4.687234117325220217e-01,0.000000000000000000e+00,0.000000000000000000e+00,0.000000000000000000e+00,4.549827129346770138e-01,4.683392426655750840e-01,0.000000000000000000e+00,0.000000000000000000e+00,0.000000000000000000e+00,3.609957286493603035e-01,0.000000000000000000e+00,0.000000000000000000e+00,0.000000000000000000e+00,0.000000000000000000e+00,0.000000000000000000e+00,0.000000000000000000e+00,0.000000000000000000e+00,0.000000000000000000e+00,4.973828640260871126e-01,4.596104361046013942e-01,0.000000000000000000e+00,4.393167163809378883e-01,0.000000000000000000e+00,4.397612427651815259e-01,4.787128622662346067e-01,4.679966609086181895e-01,4.421372135777473789e-01,0.000000000000000000e+00,4.484520034852541026e-01,4.893470814934512969e-01,4.049507934309838908e-01,0.000000000000000000e+00,4.117841066865343125e-01,0.000000000000000000e+00,4.278535016344934272e-01
0.000000000000000000e+00,0.000000000000000000e+00,0.000000000000000000e+00,3.823954213723695927e-01,4.186612422878976947e-01,4.114810378755470732e-01,4.936842778292582778e-01,4.470353902196845808e-01,3.460951826827793898e-01,4.311782116852195812e-01,4.151015275152025730e-01,3.540784451139694089e-01,5.096528800341624255e-01,4.375786272944918176e-01,0.000000000000000000e+00,0.000000000000000000e+00,0.000000000000000000e+00,0.000000000000000000e+00,3.034802235497566225e-01,0.000000000000000000e+00,0.000000000000000000e+00,0.000000000000000000e+00,3.434672301355318758e-01,0.000000000000000000e+00,0.000000000000000000e+00,0.000000000000000000e+00,3.727921313535698111e-01,4.950093275569079077e-01,0.000000000000000000e+00,0.000000000000000000e+00,5.004680522559162847e-01,4.445463062362102202e-01,3.809150175014652251e-01,5.035978754091022802e-01,4.789383365747982846e-01,4.501778993248731764e-01,4.446987349425565172e-01,0.000000000000000000e+00,4.330664806387732879e-01,0.000000000000000000e+00,3.610539226262969859e-01,0.000000000000000000e+00,4.747176015362857826e-01,0.000000000000000000e+00,0.000000000000000000e+00,0.000000000000000000e+00,0.000000000000000000e+00,5.387560967906150911e-01,0.000000000000000000e+00,4.312592009651872726e-01,5.580702671155033379e-01,4.777439808574123203e-01,5.525420119382071782e-01,5.916393237439090402e-01,0.000000000000000000e+00,5.062453745763015878e-01,0.000000000000000000e+00,5.026247412596021036e-01,5.263990931782064342e-01,0.000000000000000000e+00,0.000000000000000000e+00,0.000000000000000000e+00,0.000000000000000000e+00,4.035088602286249770e-01,0.000000000000000000e+00,0.000000000000000000e+00,0.000000000000000000e+00,5.633149256173037855e-01,0.000000000000000000e+00,0.000000000000000000e+00,0.000000000000000000e+00,5.800473114235189520e-01,4.252144803735203871e-01,0.000000000000000000e+00,0.000000000000000000e+00,0.000000000000000000e+00
0.000000000000000000e+00,0.000000000000000000e+00,3.823954213723695927e-01,0.000000000000000000e+00,2.474310344491003066e-01,4.093311578944586193e-01,2.896774647701786942e-01,3.974085692264658909e-01,4.260803375527493220e-01,1.742096939807236955e-01,3.735759219810855236e-01,3.958030230532740834e-01,3.415356257187943112e-01,2.564649040510955103e-01,0.000000000000000000e+00,0.000000000000000000e+00,0.000000000000000000e+00,0.000000000000000000e+00,3.778173628550551832e-01,4.394218704580715729e-01,0.000000000000000000e+00,0.000000000000000000e+00,4.354324815388782022e-01,0.000000000000000000e+00,0.000000000000000000e+00,0.000000000000000000e+00,4.304855817320499822e-01,2.242951614730488985e-01,3.792680713921354752e-01,0.000000000000000000e+00,0.000000000000000000e+00,3.056868244561489756e-01,0.000000000000000000e+00,2.528349787185888986e-01,3.293748631363848101e-01,1.828485174112725042e-01,1.671041656029078892e-01,0.000000000000000000e+00,0.000000000000000000e+00,0.000000000000000000e+00,0.000000000000000000e+00,0.000000000000000000e+00,0.000000000000000000e+00,0.000000000000000000e+00,0.000000000000000000e+00,0.000000000000000000e+00,0.000000000000000000e+00,0.000000000000000000e+00,0.000000000000000000e+00,0.000000000000000000e+00,0.000000000000000000e+00,0.000000000000000000e+00,0.000000000000000000e+00,0.000000000000000000e+00,0.000000000000000000e+00,0.000000000000000000e+00,0.000000000000000000e+00,0.000000000000000000e+00,0.000000000000000000e+00,0.000000000000000000e+00,0.000000000000000000e+00,0.000000000000000000e+00,0.000000000000000000e+00,0.000000000000000000e+00,0.000000000000000000e+00,0.000000000000000000e+00,0.000000000000000000e+00,0.000000000000000000e+00,0.000000000000000000e+00,0.000000000000000000e+00,0.000000000000000000e+00,0.000000000000000000e+00,0.000000000000000000e+00,0.000000000000000000e+00,0.000000000000000000e+00,0.000000000000000000e+00
0.000000000000000000e+00,4.193847945574292191e-01,4.186612422878976947e-01,2.474310344491003066e-01,0.000000000000000000e+00,3.907796122418594198e-01,3.401456535693103134e-01,4.143333963405733122e-01,3.507461796754863248e-01,4.190924081113532873e-01,3.424817476296173058e-01,4.388344420205699259e-01,4.039925169108070091e-01,2.970758168761638007e-01,0.000000000000000000e+00,4.425446159618381947e-01,0.000000000000000000e+00,0.000000000000000000e+00,3.635821254354759113e-01,0.000000000000000000e+00,0.000000000000000000e+00,4.828902494982381111e-01,4.176104014810562148e-01,0.000000000000000000e+00,3.474720464426112043e-01,3.441216694946246935e-01,4.102918418287718749e-01,3.833385909642355038e-01,4.248251208306674243e-01,0.000000000000000000e+00,4.561011766454569072e-01,4.006083510061876907e-01,3.655393738617315202e-01,4.575815566276693058e-01,4.467714263992901835e-01,2.497841242002754036e-01,2.309214303639481880e-01,3.836086863401989011e-01,3.651937809834602255e-01,0.000000000000000000e+00,0.000000000000000000e+00,0.000000000000000000e+00,3.517652787183748186e-01,0.000000000000000000e+00,0.000000000000000000e+00,0.000000000000000000e+00,0.000000000000000000e+00,4.617509357444761764e-01,0.000000000000000000e+00,3.862631561445554751e-01,4.486793110132568096e-01,0.000000000000000000e+00,4.529378433694049022e-01,4.330278435776778734e-01,0.000000000000000000e+00,3.812077196049787897e-01,0.000000000000000000e+00,0.000000000000000000e+00,0.000000000000000000e+00,0.000000000000000000e+00,0.000000000000000000e+00,0.000000000000000000e+00,0.000000000000000000e+00,4.599447631147360882e-01,0.000000000000000000e+00,0.000000000000000000e+00,0.000000000000000000e+00,5.336152032035311743e-01,0.000000000000000000e+00,0.000000000000000000e+00,0.000000000000000000e+00,4.594264056526540796e-01,0.000000000000000000e+00,0.000000000000000000e+00,0.000000000000000000e+00,0.000000000000000000e+00
4.297595307123179831e-01,4.164693375250200780e-01,4.114810378755470732e-01,4.093311578944586193e-01,3.907796122418594198e-01,0.000000000000000000e+00,4.256017874954702851e-01,4.466525257833279805e-01,3.654257473538590761e-01,2.675536462482631106e-01,4.338667578176932937e-01,2.364718901292763020e-01,4.065055860169825008e-01,4.467742051007668747e-01,4.614105624322787924e-01,4.004187169550140757e-01,3.281783873076801750e-01,3.924139745651475941e-01,4.780291047307929087e-01,4.261920426783343818e-01,4.750692572865217733e-01,4.350045944973855994e-01,4.116363830263496948e-01,0.000000000000000000e+00,3.823188274712083778e-01,4.089391468033551913e-01,3.901380246785252082e-01,4.035019539957007129e-01,3.712657690062695082e-01,4.274493537460272163e-01,4.345925704561239833e-01,4.264383305702322269e-01,3.897475230724875006e-01,4.404546182538361943e-01,4.547097213908382063e-01,4.739214547722535031e-01,4.433641710599636188e-01,4.190020986755053078e-01,4.930522406702781968e-01,0.000000000000000000e+00,4.494289253450519106e-01,4.316800070474847151e-01,5.044111361876925104e-01,0.000000000000000000e+00,0.000000000000000000e+00,0.000000000000000000e+00,3.130388480894006897e-01,5.598047796669264331e-01,0.000000000000000000e+00,4.202425729236284879e-01,5.105362688247889746e-01,5.079465115108935391e-01,4.937965640104042819e-01,5.691680282803069924e-01,0.000000000000000000e+00,5.344285041804147651e-01,0.000000000000000000e+00,5.251935498701729710e-01,0.000000000000000000e+00,4.376196154485351153e-01,0.000000000000000000e+00,0.000000000000000000e+00,0.000000000000000000e+00,5.576713377834591201e-01,4.314547151421180837e-01,4.245698188390131245e-01,4.043272884681494150e-01,5.268214493281676569e-01,0.000000000000000000e+00,0.000000000000000000e+00,3.448859961784058736e-01,5.268998415194183771e-01,5.133695708178237505e-01,4.851378266139190765e-01,4.655012212080127942e-01,4.993162146365697773e-01
0.000000000000000000e+00,4.531321562437353734e-01,4.936842778292582778e-01,2.896774647701786942e-01,3.401456535693103134e-01,4.256017874954702851e-01,0.000000000000000000e+00,4.575125389089655936e-01,4.241932924176982089e-01,3.951181575366267129e-01,4.641705625274795133e-01,3.877767831933495168e-01,3.446631257468502074e-01,3.185549761201424968e-01,0.000000000000000000e+00,4.794915948499586245e-01,3.928920690077563060e-01,4.490397140466304005e-01,4.836246668984066077e-01,4.468642119335577978e-01,0.000000000000000000e+00,4.884349360061603917e-01,4.512468650600067743e-01,0.000000000000000000e+00,4.180631470663910276e-01,4.073711018280042895e-01,4.428652248326839791e-01,3.777614771143055217e-01,4.552354362999098125e-01,0.000000000000000000e+00,4.229033758370772111e-01,4.131060058772363930e-01,3.824471967269857942e-01,4.169326835826572264e-01,4.159174045345367943e-01,3.221484824885464948e-01,3.130317646113771057e-01,3.879673061930123956e-01,3.446993875467214141e-01,0.000000000000000000e+00,2.805059650182720188e-01,0.000000000000000000e+00,4.357137206765802073e-01,0.000000000000000000e+00,0.000000000000000000e+00,0.000000000000000000e+00,0.000000000000000000e+00,4.382949537616748215e-01,0.000000000000000000e+00,0.000000000000000000e+00,4.311068021299903075e-01,0.000000000000000000e+00,4.484949978574340190e-01,4.288614327493925904e-01,0.000000000000000000e+00,3.903165722420220973e-01,0.000000000000000000e+00,0.000000000000000000e+00,0.000000000000000000e+00,0.000000000000000000e+00,0.000000000000000000e+00,0.000000000000000000e+00,0.000000000000000000e+00,4.306725388062607185e-01,0.000000000000000000e+00,0.000000000000000000e+00,0.000000000000000000e+00,5.136284640724956274e-01,0.000000000000000000e+00,0.000000000000000000e+00,0.000000000000000000e+00,4.681887598464331002e-01,0.000000000000000000e+00,0.000000000000000000e+00,0.000000000000000000e+00,0.000000000000000000e+00
5.333385892919461080e-01,4.451935349440486744e-01,4.470353902196845808e-01,3.974085692264658909e-01,4.143333963405733122e-01,4.466525257833279805e-01,4.575125389089655936e-01,0.000000000000000000e+00,5.034478618732538546e-01,4.907780023711799111e-01,3.256872691157481903e-01,4.547638433403545233e-01,4.753896172397136244e-01,3.789555079739094223e-01,4.539597453137794170e-01,4.543861611550186752e-01,0.000000000000000000e+00,4.730751162567862211e-01,4.109732025530944965e-01,4.135601491250622264e-01,4.329287577168466905e-01,4.279508226924306213e-01,3.770072539005844270e-01,5.404167245776615447e-01,4.963454521827334043e-01,4.996230318079362132e-01,4.694470618866455891e-01,4.547992402117292943e-01,4.199478396274741177e-01,4.335973979314696192e-01,4.526383727925403222e-01,4.185955764437204740e-01,4.400420818699469772e-01,4.635470644565187204e-01,4.698307651694259013e-01,3.405639064538616978e-01,4.380752542352887025e-01,0.000000000000000000e+00,4.780801846564717850e-01,0.000000000000000000e+00,4.711306588174807852e-01,0.000000000000000000e+00,3.809429625228508143e-01,0.000000000000000000e+00,0.000000000000000000e+00,0.000000000000000000e+00,0.000000000000000000e+00,5.274949064140117549e-01,0.000000000000000000e+00,3.971530711388370771e-01,4.753706055201017966e-01,5.018361464113526571e-01,3.392785470178671936e-01,5.477085913102197612e-01,0.000000000000000000e+00,4.405804794472765740e-01,0.000000000000000000e+00,4.975969831250295905e-01,4.267114874918426226e-01,0.000000000000000000e+00,0.000000000000000000e+00,0.000000000000000000e+00,0.000000000000000000e+00,5.351462354413669686e-01,5.063880633189842273e-01,2.365917637262678896e-01,0.000000000000000000e+00,4.788955238703260786e-01,0.000000000000000000e+00,0.000000000000000000e+00,0.000000000000000000e+00,5.133119930956051569e-01,5.056193191535682807e-01,4.648833945592589223e-01,0.000000000000000000e+00,4.716372147701310968e-01
0.000000000000000000e+00,3.850782684925648791e-01,3.460951826827793898e-01,4.260803375527493220e-01,3.507461796754863248e-01,3.654257473538590761e-01,4.241932924176982089e-01,5.034478618732538546e-01,0.000000000000000000e+00,4.946935165824368763e-01,3.251700025398157057e-01,4.576137893471324269e-01,4.542355558177654240e-01,4.431556863253051093e-01,0.000000000000000000e+00,0.000000000000000000e+00,0.000000000000000000e+00,3.486638596807544177e-01,2.929833005642072941e-01,0.000000000000000000e+00,0.000000000000000000e+00,4.751013035038049726e-01,4.327513925999179056e-01,4.044639235723384019e-01,4.321002832048759235e-01,3.832177721617401889e-01,3.801730312256174082e-01,4.836899306551468158e-01,4.362933561733597920e-01,4.633515889779989960e-01,4.970313452976736768e-01,4.524452994328970190e-01,4.271812154088118207e-01,4.890182460998843128e-01,4.941834489662486063e-01,4.678739677368227157e-01,4.767397633816364833e-01,4.697222471723693782e-01,4.842254215376927129e-01,0.000000000000000000e+00,3.187311315643882037e-01,0.000000000000000000e+00,4.870674346986769154e-01,0.000000000000000000e+00,0.000000000000000000e+00,0.000000000000000000e+00,0.000000000000000000e+00,5.912437986742812290e-01,0.000000000000000000e+00,4.405249972417674131e-01,5.507234281809418874e-01,4.573228354964550268e-01,5.602670103317435313e-01,5.402305755560730116e-01,0.000000000000000000e+00,5.483294739591061395e-01,0.000000000000000000e+00,4.829137327274333202e-01,4.869849936943977942e-01,0.000000000000000000e+00,0.000000000000000000e+00,0.000000000000000000e+00,0.000000000000000000e+00,5.717043168351774174e-01,0.000000000000000000e+00,0.000000000000000000e+00,0.000000000000000000e+00,5.689524602063127379e-01,0.000000000000000000e+00,0.000000000000000000e+00,0.000000000000000000e+00,5.668853720154283238e-01,4.378479001838965212e-01,0.000000000000000000e+00,0.000000000000000000e+00,0.000000000000000000e+00
4.161639157301553760e-01,0.000000000000000000e+00,4.311782116852195812e-01,1.742096939807236955e-01,4.190924081113532873e-01,2.675536462482631106e-01,3.951181575366267129e-01,4.907780023711799111e-01,4.946935165824368763e-01,0.000000000000000000e+00,4.688845621567250266e-01,2.894622710546315147e-01,4.247268712818886849e-01,0.000000000000000000e+00,0.000000000000000000e+00,3.293813061900938144e-01,3.444930721708038823e-01,4.065659604406547944e-01,4.729596573150289252e-01,3.132528725912671064e-01,0.000000000000000000e+00,3.204973545220899944e-01,5.027461977369181989e-01,3.116469413377500053e-01,3.351164653943278782e-01,3.400036271981939917e-01,3.935033352275060237e-01,3.868478967002114133e-01,3.090739685488407273e-01,0.000000000000000000e+00,3.287181439297836016e-01,3.046057220153666756e-01,3.369908981370446921e-01,3.228003217414974757e-01,3.265301535694576929e-01,2.666178590058220776e-01,2.801469989300685026e-01,2.778173873720827247e-01,2.870271892505116273e-01,4.023320560914790955e-01,3.324183633486010869e-01,3.320016249408002107e-01,0.000000000000000000e+00,0.000000000000000000e+00,3.592529063793302724e-01,4.587705233175162212e-01,0.000000000000000000e+00,0.000000000000000000e+00,0.000000000000000000e+00,0.000000000000000000e+00,0.000000000000000000e+00,0.000000000000000000e+00,0.000000000000000000e+00,0.000000000000000000e+00,4.757414447218393794e-01,0.000000000000000000e+00,4.681327021510731101e-01,3.603270263335903723e-01,0.000000000000000000e+00,0.000000000000000000e+00,0.000000000000000000e+00,4.921083022654235140e-01,4.757818361086921244e-01,0.000000000000000000e+00,0.000000000000000000e+00,0.000000000000000000e+00,0.000000000000000000e+00,0.000000000000000000e+00,4.265343951048952142e-01,4.901990294789644875e-01,4.906477054605810073e-01,0.000000000000000000e+00,3.570065662943824880e-01,0.000000000000000000e+00,0.000000000000000000e+00,4.442450132701096233e-01
0.000000000000000000e+00,0.000000000000000000e+00,4.151015275152025730e-01,3.735759219810855236e-01,3.424817476296173058e-01,4.338667578176932937e-01,4.641705625274795133e-01,3.256872691157481903e-01,3.251700025398157057e-01,4.688845621567250266e-01,0.000000000000000000e+00,4.299390574656755115e-01,4.767887046275692264e-01,3.185511417570935921e-01,0.000000000000000000e+00,0.000000000000000000e+00,4.033425223398501847e-01,0.000000000000000000e+00,3.070116487597295829e-01,0.000000000000000000e+00,0.000000000000000000e+00,0.000000000000000000e+00,3.772655445671507790e-01,0.000000000000000000e+00,0.000000000000000000e+00,0.000000000000000000e+00,4.401878623743455954e-01,4.630677007264870082e-01,0.000000000000000000e+00,0.000000000000000000e+00,4.968079040424602799e-01,4.098195732479099074e-01,4.102080434518248775e-01,4.826188898678355210e-01,4.714221966573869937e-01,3.410974501464487108e-01,4.361523348585676918e-01,4.403944338642021838e-01,3.965751860854194177e-01,0.000000000000000000e+00,0.000000000000000000e+00,0.000000000000000000e+00,3.883300883733515896e-01,0.000000000000000000e+00,0.000000000000000000e+00,0.000000000000000000e+00,0.000000000000000000e+00,4.438565138260086029e-01,0.000000000000000000e+00,3.522757870477519204e-01,4.948389744486527131e-01,3.848316929407051834e-01,4.109468837146905140e-01,5.399335433149373698e-01,0.000000000000000000e+00,2.557893334124842211e-01,0.000000000000000000e+00,3.851642738556719237e-01,4.004605682407387790e-01,0.000000000000000000e+00,0.000000000000000000e+00,0.000000000000000000e+00,0.000000000000000000e+00,2.504029387085683900e-01,0.000000000000000000e+00,0.000000000000000000e+00,0.000000000000000000e+00,4.992221168120216102e-01,0.000000000000000000e+00,0.000000000000000000e+00,0.000000000000000000e+00,5.013697216165179382e-01,3.657003205164058857e-01,0.000000000000000000e+00,0.000000000000000000e+00,0.000000000000000000e+00
4.167200686239563856e-01,0.000000000000000000e+00,3.540784451139694089e-01,3.958030230532740834e-01,4.388344420205699259e-01,2.364718901292763020e-01,3.877767831933495168e-01,4.547638433403545233e-01,4.576137893471324269e-01,2.894622710546315147e-01,4.299390574656755115e-01,0.000000000000000000e+00,4.486834545995648238e-01,0.000000000000000000e+00,0.000000000000000000e+00,0.000000000000000000e+00,3.688772288771631769e-01,3.887621327083750078e-01,3.758758125116036242e-01,0.000000000000000000e+00,0.000000000000000000e+00,0.000000000000000000e+00,4.087031852963273759e-01,2.870332297843957159e-01,3.567809437896484193e-01,3.262849413281800892e-01,3.367355007232049058e-01,4.091084661464414185e-01,0.000000000000000000e+00,0.000000000000000000e+00,3.476625947121831928e-01,2.740560716637812089e-01,3.487274891209682925e-01,3.065720448497550876e-01,2.993296372229948266e-01,2.858618551068249913e-01,2.797205767227711193e-01,2.225176736212096107e-01,0.000000000000000000e+00,4.421378505955372851e-01,3.672444561085674852e-01,2.574778521409152865e-01,0.000000000000000000e+00,0.000000000000000000e+00,3.979235484902534092e-01,0.000000000000000000e+00,0.000000000000000000e+00,0.000000000000000000e+00,0.000000000000000000e+00,0.000000000000000000e+00,0.000000000000000000e+00,0.000000000000000000e+00,0.000000000000000000e+00,0.000000000000000000e+00,4.980797675604253238e-01,0.000000000000000000e+00,4.973340687819545192e-01,4.334231006839688871e-01,0.000000000000000000e+00,0.000000000000000000e+00,0.000000000000000000e+00,5.145292677116772850e-01,4.838010202158600226e-01,0.000000000000000000e+00,0.000000000000000000e+00,0.000000000000000000e+00,0.000000000000000000e+00,0.000000000000000000e+00,4.805323181028903212e-01,4.995938244354847235e-01,5.062365925254493915e-01,0.000000000000000000e+00,4.458392971288815954e-01,0.000000000000000000e+00,0.000000000000000000e+00,4.560375426847949054e-01
3.664441581584473862e-01,4.544861778939334185e-01,5.096528800341624255e-01,3.415356257187943112e-01,4.039925169108070091e-01,4.065055860169825008e-01,3.446631257468502074e-01,4.753896172397136244e-01,4.542355558177654240e-01,4.247268712818886849e-01,4.767887046275692264e-01,4.486834545995648238e-01,0.000000000000000000e+00,4.193563811075520786e-01,4.485021825078451818e-01,4.841874828247567097e-01,4.241246939846876063e-01,4.835591244620440210e-01,4.925244636727025838e-01,4.531425464020463756e-01,4.610591296646510129e-01,4.914130765059077088e-01,4.647494896607881065e-01,4.176131314234713954e-01,4.376471971646572201e-01,4.353050490964838759e-01,4.607084212428669834e-01,3.709244112147656036e-01,4.173132956699421858e-01,3.841115192736638262e-01,4.192862053909184872e-01,4.224812582944714179e-01,4.347699356291104267e-01,4.228753765224262939e-01,4.096364752996771164e-01,3.802590030132589893e-01,3.849655473240095049e-01,4.125655152636900080e-01,3.657280980628945244e-01,3.393625088556038172e-01,2.570981121060934016e-01,2.936595854042772791e-01,3.661572720922133817e-01,0.000000000000000000e+00,3.495538485292856157e-01,0.000000000000000000e+00,0.000000000000000000e+00,4.697137189144777736e-01,0.000000000000000000e+00,0.000000000000000000e+00,4.598632110449550892e-01,3.397213124681578988e-01,4.811987452565705814e-01,0.000000000000000000e+00,0.000000000000000000e+00,4.001668212541263925e-01,3.353399910086363733e-01,0.000000000000000000e+00,0.000000000000000000e+00,3.676370975229925064e-01,0.000000000000000000e+00,0.000000000000000000e+00,0.000000000000000000e+00,0.000000000000000000e+00,3.828447049721300788e-01,0.000000000000000000e+00,3.216952742695299849e-01,5.239949574671641797e-01,0.000000000000000000e+00,3.157021592159887091e-01,3.629073946759935887e-01,5.322371695317771323e-01,0.000000000000000000e+00,4.551503101520648076e-01,0.000000000000000000e+00,0.000000000000000000e+00
0.000000000000000000e+00,0.000000000000000000e+00,4.375786272944918176e-01,2.564649040510955103e-01,2.970758168761638007e-01,4.467742051007668747e-01,3.185549761201424968e-01,3.789555079739094223e-01,4.431556863253051093e-01,0.000000000000000000e+00,3.185511417570935921e-01,0.000000000000000000e+00,4.193563811075520786e-01,0.000000000000000000e+00,0.000000000000000000e+00,0.000000000000000000e+00,0.000000000000000000e+00,0.000000000000000000e+00,3.831717043299375236e-01,0.000000000000000000e+00,4.675752703363961205e-01,0.000000000000000000e+00,4.222195053211377780e-01,0.000000000000000000e+00,0.000000000000000000e+00,0.000000000000000000e+00,4.755704528785497098e-01,3.074252240672050163e-01,0.000000000000000000e+00,0.000000000000000000e+00,0.000000000000000000e+00,2.997911952333643937e-01,0.000000000000000000e+00,0.000000000000000000e+00,0.000000000000000000e+00,2.252920446842656133e-01,1.822390948771379915e-01,0.000000000000000000e+00,0.000000000000000000e+00,0.000000000000000000e+00,0.000000000000000000e+00,0.000000000000000000e+00,4.037903052410530269e-01,0.000000000000000000e+00,0.000000000000000000e+00,0.000000000000000000e+00,0.000000000000000000e+00,4.686738479914563937e-01,0.000000000000000000e+00,0.000000000000000000e+00,0.000000000000000000e+00,0.000000000000000000e+00,0.000000000000000000e+00,0.000000000000000000e+00,0.000000000000000000e+00,4.149086831297247868e-01,0.000000000000000000e+00,0.000000000000000000e+00,0.000000000000000000e+00,0.000000000000000000e+00,0.000000000000000000e+00,0.000000000000000000e+00,0.000000000000000000e+00,0.000000000000000000e+00,0.000000000000000000e+00,0.000000000000000000e+00,0.000000000000000000e+00,4.752913096100360724e-01,0.000000000000000000e+00,0.000000000000000000e+00,0.000000000000000000e+00,4.746302334179461901e-01,0.000000000000000000e+00,0.000000000000000000e+00,0.000000000000000000e+00,0.000000000000000000e+00
3.791064346386310846e-01,4.262440306722420913e-01,0.000000000000000000e+00,0.000000000000000000e+00,0.000000000000000000e+00,4.614105624322787924e-01,0.000000000000000000e+00,4.539597453137794170e-01,0.000000000000000000e+00,0.000000000000000000e+00,0.000000000000000000e+00,0.000000000000000000e+00,4.485021825078451818e-01,0.000000000000000000e+00,0.000000000000000000e+00,4.342465237801694800e-01,0.000000000000000000e+00,4.157103998472682083e-01,0.000000000000000000e+00,3.401689153160473156e-01,4.064504254658016236e-01,3.321679748021307832e-01,3.556720690665389761e-01,4.127193194930571796e-01,4.058584890972745107e-01,3.974986488600649182e-01,4.101878290196501742e-01,4.153769528363898123e-01,4.156917149569187009e-01,0.000000000000000000e+00,4.092132981764354249e-01,4.421676602955734725e-01,4.291686764074303939e-01,4.307563797074355771e-01,4.741882858513952193e-01,5.234853451266796576e-01,0.000000000000000000e+00,0.000000000000000000e+00,4.903136426229686151e-01,4.936865039952921808e-01,5.195957794764068938e-01,5.313179624837156556e-01,4.878427079202575789e-01,0.000000000000000000e+00,0.000000000000000000e+00,0.000000000000000000e+00,4.849085507556915031e-01,0.000000000000000000e+00,0.000000000000000000e+00,0.000000000000000000e+00,4.520045161030556979e-01,0.000000000000000000e+00,5.359414469280556759e-01,0.000000000000000000e+00,0.000000000000000000e+00,0.000000000000000000e+00,0.000000000000000000e+00,4.190422454057852186e-01,0.000000000000000000e+00,4.986190881450723866e-01,4.450952939064142244e-01,0.000000000000000000e+00,0.000000000000000000e+00,0.000000000000000000e+00,4.718664442457696229e-01,4.797815314213025872e-01,5.068281571001820307e-01,5.009387486224562425e-01,0.000000000000000000e+00,3.656085985737381749e-01,5.428748517415812325e-01,4.995696015833301917e-01,4.676555540559824142e-01,4.832898451160527187e-01,0.000000000000000000e+00,4.636889785806387887e-01
4.151244874433129839e-01,4.101135148451883206e-01,0.000000000000000000e+00,0.000000000000000000e+00,4.425446159618381947e-01,4.004187169550140757e-01,4.794915948499586245e-01,4.543861611550186752e-01,0.000000000000000000e+00,3.293813061900938144e-01,0.000000000000000000e+00,0.000000000000000000e+00,4.841874828247567097e-01,0.000000000000000000e+00,4.342465237801694800e-01,0.000000000000000000e+00,3.629011767306822844e-01,3.360407157505579945e-01,0.000000000000000000e+00,4.346281321822575983e-01,4.311286159302800125e-01,3.895008493074885170e-01,4.272357090656382916e-01,0.000000000000000000e+00,3.903964939670234724e-01,4.278253819601179897e-01,4.343506080578192763e-01,4.701884457014263163e-01,4.506675215990640915e-01,4.284658436782273205e-01,3.550425950851475165e-01,4.407891200128833953e-01,3.719424779330214870e-01,3.813296545866042275e-01,4.097549162899296049e-01,0.000000000000000000e+00,0.000000000000000000e+00,0.000000000000000000e+00,4.429810518110419149e-01,4.336949521871580893e-01,4.347226114684696885e-01,4.553878335725571880e-01,0.000000000000000000e+00,0.000000000000000000e+00,0.000000000000000000e+00,4.391335668700447892e-01,4.550357505433825778e-01,0.000000000000000000e+00,0.000000000000000000e+00,0.000000000000000000e+00,0.000000000000000000e+00,0.000000000000000000e+00,0.000000000000000000e+00,0.000000000000000000e+00,0.000000000000000000e+00,0.000000000000000000e+00,0.000000000000000000e+00,0.000000000000000000e+00,0.000000000000000000e+00,4.804696658604019066e-01,4.434950864261127945e-01,0.000000000000000000e+00,4.336352175863488201e-01,0.000000000000000000e+00,4.370791144585505772e-01,4.310694887480153725e-01,4.593203242158708233e-01,3.763967137252600126e-01,0.000000000000000000e+00,4.409714100802102910e-01,4.721606563491366759e-01,3.872243121510752784e-01,0.000000000000000000e+00,0.000000000000000000e+00,0.000000000000000000e+00,4.116656868261465152e-01
0.000000000000000000e+00,4.191210626068048173e-01,0.000000000000000000e+00,0.000000000000000000e+00,0.000000000000000000e+00,3.281783873076801750e-01,3.928920690077563060e-01,0.000000000000000000e+00,0.000000000000000000e+00,3.444930721708038823e-01,4.033425223398501847e-01,3.688772288771631769e-01,4.241246939846876063e-01,0.000000000000000000e+00,0.000000000000000000e+00,3.629011767306822844e-01,0.000000000000000000e+00,3.797320251227164212e-01,0.000000000000000000e+00,3.383582625885193096e-01,0.000000000000000000e+00,3.466616400685688104e-01,0.000000000000000000e+00,3.915563173997456126e-01,3.470236843181834785e-01,3.901696094538257276e-01,0.000000000000000000e+00,3.939162378526083752e-01,3.461408521500560220e-01,0.000000000000000000e+00,3.412245022623031088e-01,4.347184752944127095e-01,3.795931639638706057e-01,3.612563997202993815e-01,3.859099811271097802e-01,0.000000000000000000e+00,0.000000000000000000e+00,3.244381309273490777e-01,0.000000000000000000e+00,4.049500017826527243e-01,0.000000000000000000e+00,0.000000000000000000e+00,0.000000000000000000e+00,0.000000000000000000e+00,0.000000000000000000e+00,0.000000000000000000e+00,0.000000000000000000e+00,0.000000000000000000e+00,0.000000000000000000e+00,0.000000000000000000e+00,0.000000000000000000e+00,0.000000000000000000e+00,0.000000000000000000e+00,0.000000000000000000e+00,4.598184165507960275e-01,0.000000000000000000e+00,4.610036465131657213e-01,0.000000000000000000e+00,0.000000000000000000e+00,0.000000000000000000e+00,0.000000000000000000e+00,4.607474914736626737e-01,4.559780629649444750e-01,0.000000000000000000e+00,0.000000000000000000e+00,0.000000000000000000e+00,0.000000000000000000e+00,0.000000000000000000e+00,4.966038896692950844e-01,4.638757752416473035e-01,4.754932027508113057e-01,0.000000000000000000e+00,0.000000000000000000e+00,0.000000000000000000e+00,0.000000000000000000e+00,0.000000000000000000e+00
4.101046962309817245e-01,4.119218590358597054e-01,0.000000000000000000e+00,0.000000000000000000e+00,0.000000000000000000e+00,3.924139745651475941e-01,4.490397140466304005e-01,4.730751162567862211e-01,3.486638596807544177e-01,4.065659604406547944e-01,0.000000000000000000e+00,3.887621327083750078e-01,4.835591244620440210e-01,0.000000000000000000e+00,4.157103998472682083e-01,3.360407157505579945e-01,3.797320251227164212e-01,0.000000000000000000e+00,0.000000000000000000e+00,4.414508636731652169e-01,4.319274852075309923e-01,4.244078705877790125e-01,4.707394921016667122e-01,3.835503380935609274e-01,3.659168546029872848e-01,4.018747694318496877e-01,4.226700107394313899e-01,4.568552911576860831e-01,4.591749121785551058e-01,3.887563212428876147e-01,3.758001826866602113e-01,4.304400067417923914e-01,3.894508860493123836e-01,3.908984496911723228e-01,3.975178795472386062e-01,0.000000000000000000e+00,0.000000000000000000e+00,0.000000000000000000e+00,4.360605692698861779e-01,4.205945693156720733e-01,4.258870236575852952e-01,4.325890659818806272e-01,0.000000000000000000e+00,0.000000000000000000e+00,0.000000000000000000e+00,4.458498241246732774e-01,4.482416118088051737e-01,0.000000000000000000e+00,0.000000000000000000e+00,0.000000000000000000e+00,0.000000000000000000e+00,0.000000000000000000e+00,0.000000000000000000e+00,0.000000000000000000e+00,4.257109325950659273e-01,0.000000000000000000e+00,4.280822968344364932e-01,0.000000000000000000e+00,0.000000000000000000e+00,0.000000000000000000e+00,4.403980845066948202e-01,4.634327240221525757e-01,4.416689310882185859e-01,0.000000000000000000e+00,0.000000000000000000e+00,0.000000000000000000e+00,4.372477585432014147e-01,0.000000000000000000e+00,5.032792286840217511e-01,4.509231557726914863e-01,4.578799914774329127e-01,0.000000000000000000e+00,0.000000000000000000e+00,0.000000000000000000e+00,0.000000000000000000e+00,4.224374796111997066e-01
0.000000000000000000e+00,0.000000000000000000e+00,3.034802235497566225e-01,3.778173628550551832e-01,3.635821254354759113e-01,4.780291047307929087e-01,4.836246668984066077e-01,4.109732025530944965e-01,2.929833005642072941e-01,4.729596573150289252e-01,3.070116487597295829e-01,3.758758125116036242e-01,4.925244636727025838e-01,3.831717043299375236e-01,0.000000000000000000e+00,0.000000000000000000e+00,0.000000000000000000e+00,0.000000000000000000e+00,0.000000000000000000e+00,0.000000000000000000e+00,0.000000000000000000e+00,0.000000000000000000e+00,3.288189978758275234e-01,0.000000000000000000e+00,0.000000000000000000e+00,0.000000000000000000e+00,3.991428647778226257e-01,4.803223602071671205e-01,0.000000000000000000e+00,0.000000000000000000e+00,4.939680696099835733e-01,4.489298786274936170e-01,0.000000000000000000e+00,4.990964923703484768e-01,4.803674635846200136e-01,4.127823834675561909e-01,4.601488397366566008e-01,4.166198788945263964e-01,4.291278626728047829e-01,0.000000000000000000e+00,0.000000000000000000e+00,0.000000000000000000e+00,4.129324237939023812e-01,0.000000000000000000e+00,0.000000000000000000e+00,0.000000000000000000e+00,0.000000000000000000e+00,5.355914994266338658e-01,0.000000000000000000e+00,4.034338997246648129e-01,5.074253276753468711e-01,4.685688129451122119e-01,5.239708838502977750e-01,5.577495966010680428e-01,0.000000000000000000e+00,3.013014487258431906e-01,0.000000000000000000e+00,4.443843745667526157e-01,4.466140015076546788e-01,0.000000000000000000e+00,0.000000000000000000e+00,0.000000000000000000e+00,0.000000000000000000e+00,5.386816816605052294e-01,0.000000000000000000e+00,0.000000000000000000e+00,0.000000000000000000e+00,5.490732939418836445e-01,0.000000000000000000e+00,0.000000000000000000e+00,0.000000000000000000e+00,5.602750251604983189e-01,0.000000000000000000e+00,0.000000000000000000e+00,0.000000000000000000e+00,0.000000000000000000e+00
4.413075799834094148e-01,4.310238062231570022e-01,0.000000000000000000e+00,4.394218704580715729e-01,0.000000000000000000e+00,4.261920426783343818e-01,4.468642119335577978e-01,4.135601491250622264e-01,0.000000000000000000e+00,3.132528725912671064e-01,0.000000000000000000e+00,0.000000000000000000e+00,4.531425464020463756e-01,0.000000000000000000e+00,3.401689153160473156e-01,4.346281321822575983e-01,3.383582625885193096e-01,4.414508636731652169e-01,0.000000000000000000e+00,0.000000000000000000e+00,4.299069360122855232e-01,3.911106357566621061e-01,3.166665590694305865e-01,0.000000000000000000e+00,4.057549991985420212e-01,4.366101326323255094e-01,3.568266074955597777e-01,4.070213487742557201e-01,3.719119065754907805e-01,3.647259026355232914e-01,3.732066994467921894e-01,4.443509562074943187e-01,4.115287559663474148e-01,4.230864591312827883e-01,4.641681266612429080e-01,4.951970582470899829e-01,4.531946700833083819e-01,0.000000000000000000e+00,4.872121691067274885e-01,4.295218966766564117e-01,5.186900390693273133e-01,5.123178554756024905e-01,4.169776499038372886e-01,0.000000000000000000e+00,0.000000000000000000e+00,0.000000000000000000e+00,3.916720612571530924e-01,0.000000000000000000e+00,0.000000000000000000e+00,0.000000000000000000e+00,4.580682124463246185e-01,0.000000000000000000e+00,5.016684708078859023e-01,0.000000000000000000e+00,0.000000000000000000e+00,0.000000000000000000e+00,0.000000000000000000e+00,4.043310547047954118e-01,0.000000000000000000e+00,4.975541050841615909e-01,3.317380005588093095e-01,0.000000000000000000e+00,0.000000000000000000e+00,0.000000000000000000e+00,4.955615404592932927e-01,4.591876902827289886e-01,4.822273777157429220e-01,5.101316597414500276e-01,0.000000000000000000e+00,2.951006959465367063e-01,4.699759712416973212e-01,4.975650324542866820e-01,5.009964367862766998e-01,4.907290829004403165e-01,4.209114056409047899e-01,4.841121512829701934e-01
4.200848952656832114e-01,4.277896397528405115e-01,0.000000000000000000e+00,0.000000000000000000e+00,0.000000000000000000e+00,4.750692572865217733e-01,0.000000000000000000e+00,4.329287577168466905e-01,0.000000000000000000e+00,0.000000000000000000e+00,0.000000000000000000e+00,0.000000000000000000e+00,4.610591296646510129e-01,4.675752703363961205e-01,4.064504254658016236e-01,4.311286159302800125e-01,0.000000000000000000e+00,4.319274852075309923e-01,0.000000000000000000e+00,4.299069360122855232e-01,0.000000000000000000e+00,4.360472859099995269e-01,4.053607037517690803e-01,5.026083949914985638e-01,4.486706213301718260e-01,4.203281936229434912e-01,4.439313421134998827e-01,4.328408378781157251e-01,4.166757521831768729e-01,0.000000000000000000e+00,3.906072009924044242e-01,4.335726050125385256e-01,3.966811685482696803e-01,4.120299807126078795e-01,4.637022321517629830e-01,0.000000000000000000e+00,0.000000000000000000e+00,0.000000000000000000e+00,4.584044022805902063e-01,4.492751555764918914e-01,4.801752943128024809e-01,5.201052634984206779e-01,0.000000000000000000e+00,0.000000000000000000e+00,0.000000000000000000e+00,3.057896700884525920e-01,4.725743802612775157e-01,0.000000000000000000e+00,0.000000000000000000e+00,0.000000000000000000e+00,4.663743082420893082e-01,0.000000000000000000e+00,3.920032939827006735e-01,0.000000000000000000e+00,0.000000000000000000e+00,0.000000000000000000e+00,0.000000000000000000e+00,4.552597732732028835e-01,0.000000000000000000e+00,4.996239554598970178e-01,4.445804050538758045e-01,0.000000000000000000e+00,0.000000000000000000e+00,0.000000000000000000e+00,4.586732874419706119e-01,3.553935676347562134e-01,4.836369779729720042e-01,4.777435791722350888e-01,0.000000000000000000e+00,4.205247824427830738e-01,5.106389355193765578e-01,5.110709041051266777e-01,4.894015472376410103e-01,4.625619255527190776e-01,0.000000000000000000e+00,4.248215224350236907e-01
