0.000000000000000000e+00,4.198011172579638739e-01,0.000000000000000000e+00,0.000000000000000000e+00,0.000000000000000000e+00,4.103301398615957218e-01,0.000000000000000000e+00,4.776599498957814216e-01,0.000000000000000000e+00,0.000000000000000000e+00,0.000000000000000000e+00,3.834080447441384210e-01,3.976785538457234814e-01,0.000000000000000000e+00,3.918881053772129142e-01,4.122437945197836018e-01,0.000000000000000000e+00,4.277763759658452791e-01,0.000000000000000000e+00,4.043892174625763891e-01,3.829525163478090799e-01,4.039959726878121216e-01,4.408469604025402888e-01,3.449667022816211848e-01,4.351093889779000246e-01,3.580464931552483909e-01,4.353853964582002911e-01,4.517116428740016176e-01,4.326191750900693078e-01,0.000000000000000000e+00,3.733081093838446773e-01,4.389792448504388211e-01,3.467291501902032835e-01,3.753851086264926029e-01,4.541116832208075826e-01,0.000000000000000000e+00,0.000000000000000000e+00,3.638219533284730023e-01,4.333660736755772791e-01,4.044090062254815932e-01,4.030854483083153861e-01,0.000000000000000000e+00,0.000000000000000000e+00,0.000000000000000000e+00,0.000000000000000000e+00,3.378544310359831160e-01,4.427546597940094086e-01,0.000000000000000000e+00,0.000000000000000000e+00,0.000000000000000000e+00,0.000000000000000000e+00,0.000000000000000000e+00,0.000000000000000000e+00,0.000000000000000000e+00,0.000000000000000000e+00,0.000000000000000000e+00,0.000000000000000000e+00,0.000000000000000000e+00,0.000000000000000000e+00,0.000000000000000000e+00,4.511766047975330762e-01,0.000000000000000000e+00,4.575801748978148842e-01,0.000000000000000000e+00,0.000000000000000000e+00,0.000000000000000000e+00,4.540418443563982165e-01,0.000000000000000000e+00,0.000000000000000000e+00,4.524544254806190935e-01,4.704660285162409195e-01,0.000000000000000000e+00,0.000000000000000000e+00,0.000000000000000000e+00,0.000000000000000000e+00,3.858045044044726146e-01
4.198011172579638739e-01,0.000000000000000000e+00,0.000000000000000000e+00,0.000000000000000000e+00,3.681145647045721003e-01,4.126872088812171269e-01,4.041742854148719921e-01,4.325669033711405098e-01,3.584996766111587241e-01,0.000000000000000000e+00,0.000000000000000000e+00,0.000000000000000000e+00,4.396079793102535826e-01,0.000000000000000000e+00,4.211168888889221251e-01,4.401566625060561733e-01,0.000000000000000000e+00,4.432727894361951915e-01,0.000000000000000000e+00,4.399483106673249821e-01,4.190228785477786988e-01,4.054925013164067948e-01,4.330636148513187234e-01,0.000000000000000000e+00,4.185572920215768211e-01,4.174412874736759260e-01,4.221400687911400218e-01,4.477020461276702834e-01,4.299283894537382911e-01,0.000000000000000000e+00,3.841656165625305097e-01,4.257836278166812760e-01,3.826944183639687802e-01,3.891188429041316788e-01,4.547829504590633065e-01,0.000000000000000000e+00,0.000000000000000000e+00,0.000000000000000000e+00,4.681359178674848187e-01,4.667257572556479106e-01,4.531956495019435205e-01,4.922441176395436213e-01,0.000000000000000000e+00,0.000000000000000000e+00,0.000000000000000000e+00,4.575601000501904880e-01,4.737064354744308092e-01,0.000000000000000000e+00,0.000000000000000000e+00,0.000000000000000000e+00,3.791671870189772808e-01,0.000000000000000000e+00,0.000000000000000000e+00,0.000000000000000000e+00,0.000000000000000000e+00,0.000000000000000000e+00,0.000000000000000000e+00,0.000000000000000000e+00,0.000000000000000000e+00,4.901773363992684152e-01,4.748326005335596900e-01,0.000000000000000000e+00,4.808233826932005739e-01,0.000000000000000000e+00,4.478254387878504161e-01,4.663266676837757863e-01,4.663861380534736756e-01,4.233332645461300725e-01,0.000000000000000000e+00,4.767126667326677114e-01,5.002208073766605256e-01,4.070766034847211889e-01,0.000000000000000000e+00,4.510170666497438918e-01,0.000000000000000000e+00,4.326618435500961812e-01
0.000000000000000000e+00,0.000000000000000000e+00,0.000000000000000000e+00,3.516974472078254199e-01,3.903205954370519981e-01,4.089337646590042730e-01,4.469343035690340749e-01,4.899360954916450184e-01,3.315520376644118805e-01,3.836484581497668911e-01,3.191824218890088050e-01,3.363248578661495181e-01,4.537461871092747234e-01,4.345095973885519935e-01,0.000000000000000000e+00,0.000000000000000000e+00,0.000000000000000000e+00,0.000000000000000000e+00,2.760269177157851916e-01,0.000000000000000000e+00,0.000000000000000000e+00,0.000000000000000000e+00,3.377238269545472793e-01,0.000000000000000000e+00,0.000000000000000000e+00,0.000000000000000000e+00,3.271223671999374250e-01,4.653790988129786199e-01,0.000000000000000000e+00,0.000000000000000000e+00,4.679233207788774940e-01,4.673822589681060902e-01,0.000000000000000000e+00,4.828944293238405794e-01,4.856915092151696256e-01,4.604918943056695024e-01,4.265813069815336256e-01,0.000000000000000000e+00,3.778676039373675133e-01,0.000000000000000000e+00,4.063944473119949219e-01,0.000000000000000000e+00,4.734682804701946801e-01,0.000000000000000000e+00,0.000000000000000000e+00,0.000000000000000000e+00,0.000000000000000000e+00,3.711620950527825813e-01,0.000000000000000000e+00,4.635986020596989943e-01,5.454225814822785123e-01,4.587668318680264146e-01,5.480448005789592125e-01,4.461395701988781770e-01,0.000000000000000000e+00,3.577877794617029816e-01,0.000000000000000000e+00,4.641035812054709053e-01,5.388391744714151610e-01,0.000000000000000000e+00,0.000000000000000000e+00,0.000000000000000000e+00,0.000000000000000000e+00,2.781438673267890849e-01,0.000000000000000000e+00,0.000000000000000000e+00,0.000000000000000000e+00,5.209223991654510222e-01,0.000000000000000000e+00,0.000000000000000000e+00,0.000000000000000000e+00,5.659152430200001804e-01,4.202169423131916770e-01,0.000000000000000000e+00,0.000000000000000000e+00,0.000000000000000000e+00
0.000000000000000000e+00,0.000000000000000000e+00,3.516974472078254199e-01,0.000000000000000000e+00,2.453020462731924922e-01,3.803660304882385268e-01,2.857832519742453115e-01,3.033091813789667857e-01,4.206061655013035860e-01,0.000000000000000000e+00,3.910515767980862756e-01,0.000000000000000000e+00,3.021229889303149174e-01,2.376501863662874026e-01,0.000000000000000000e+00,0.000000000000000000e+00,0.000000000000000000e+00,0.000000000000000000e+00,3.643938025565811034e-01,4.332666266946013089e-01,0.000000000000000000e+00,0.000000000000000000e+00,4.273097266553432250e-01,0.000000000000000000e+00,0.000000000000000000e+00,0.000000000000000000e+00,3.899449950675384913e-01,2.599756061870833745e-01,3.579104929887044206e-01,0.000000000000000000e+00,2.690617987062176031e-01,2.703485550827783856e-01,0.000000000000000000e+00,3.646379424661206903e-01,3.901184922848677239e-01,1.864972720470920997e-01,2.008813460595250955e-01,0.000000000000000000e+00,0.000000000000000000e+00,0.000000000000000000e+00,0.000000000000000000e+00,0.000000000000000000e+00,0.000000000000000000e+00,0.000000000000000000e+00,0.000000000000000000e+00,0.000000000000000000e+00,0.000000000000000000e+00,0.000000000000000000e+00,0.000000000000000000e+00,0.000000000000000000e+00,0.000000000000000000e+00,0.000000000000000000e+00,0.000000000000000000e+00,0.000000000000000000e+00,0.000000000000000000e+00,0.000000000000000000e+00,0.000000000000000000e+00,0.000000000000000000e+00,0.000000000000000000e+00,0.000000000000000000e+00,0.000000000000000000e+00,0.000000000000000000e+00,0.000000000000000000e+00,0.000000000000000000e+00,0.000000000000000000e+00,0.000000000000000000e+00,0.000000000000000000e+00,0.000000000000000000e+00,0.000000000000000000e+00,0.000000000000000000e+00,0.000000000000000000e+00,0.000000000000000000e+00,0.000000000000000000e+00,0.000000000000000000e+00,0.000000000000000000e+00,0.000000000000000000e+00
0.000000000000000000e+00,3.681145647045721003e-01,3.903205954370519981e-01,2.453020462731924922e-01,0.000000000000000000e+00,3.693782660387390226e-01,3.400113670297236768e-01,4.141571224358492898e-01,3.577951286491665162e-01,4.828095505593821835e-01,3.426326585734684738e-01,4.141463991954109081e-01,3.663043172072530940e-01,3.154309086096354076e-01,0.000000000000000000e+00,3.676684483260698744e-01,0.000000000000000000e+00,0.000000000000000000e+00,3.772024110632318239e-01,4.071149577938883990e-01,0.000000000000000000e+00,4.154515331180335114e-01,3.715218687676922760e-01,0.000000000000000000e+00,3.207834334039729174e-01,3.617894149754264932e-01,3.766878865949627175e-01,3.679743178054272756e-01,3.874566573704429917e-01,0.000000000000000000e+00,4.556688425445780122e-01,3.790112361935372154e-01,3.669461192086874157e-01,4.393957071541340076e-01,4.345109999794379840e-01,2.455307352440790902e-01,2.635277318091233112e-01,3.842522533227560877e-01,2.762229529388218752e-01,0.000000000000000000e+00,0.000000000000000000e+00,0.000000000000000000e+00,3.427431001790016141e-01,0.000000000000000000e+00,0.000000000000000000e+00,0.000000000000000000e+00,0.000000000000000000e+00,4.154726821484924226e-01,0.000000000000000000e+00,3.535114013576218239e-01,4.599939265767631902e-01,0.000000000000000000e+00,3.901476550238138219e-01,3.742142238332570869e-01,0.000000000000000000e+00,3.891793854064605207e-01,0.000000000000000000e+00,0.000000000000000000e+00,0.000000000000000000e+00,0.000000000000000000e+00,0.000000000000000000e+00,0.000000000000000000e+00,0.000000000000000000e+00,3.759331345468905905e-01,0.000000000000000000e+00,0.000000000000000000e+00,0.000000000000000000e+00,4.881833253290677743e-01,0.000000000000000000e+00,0.000000000000000000e+00,0.000000000000000000e+00,3.985610086436460198e-01,0.000000000000000000e+00,0.000000000000000000e+00,0.000000000000000000e+00,0.000000000000000000e+00
4.103301398615957218e-01,4.126872088812171269e-01,4.089337646590042730e-01,3.803660304882385268e-01,3.693782660387390226e-01,0.000000000000000000e+00,4.161121859726604755e-01,4.433325937088846147e-01,3.612260963729190810e-01,4.710686602955748148e-01,3.755091469225573797e-01,3.780887087149548131e-01,3.873070723280194194e-01,4.454519959358227976e-01,4.355458931862234984e-01,4.368771366935855771e-01,3.237646905768010175e-01,4.722800395783652849e-01,4.097877807309253106e-01,4.134817568038964830e-01,4.525936939504610068e-01,4.229329578443428161e-01,4.037037334456833881e-01,0.000000000000000000e+00,4.070459988488436820e-01,4.350834464430379245e-01,3.832042492132263778e-01,4.065964785725594277e-01,3.464349805236305868e-01,4.155324273953865943e-01,4.464641523952201929e-01,4.336972154429282189e-01,4.139361543810681221e-01,4.642867183019532273e-01,4.754053152263579274e-01,4.445755551788572180e-01,4.442101101697811805e-01,3.898473173415726856e-01,4.740061008044180735e-01,0.000000000000000000e+00,4.829135417336595792e-01,3.651512961024189208e-01,4.109185264923690961e-01,0.000000000000000000e+00,0.000000000000000000e+00,0.000000000000000000e+00,3.211940552671200821e-01,5.404301010498653302e-01,0.000000000000000000e+00,4.040061478527859906e-01,4.875998530680132892e-01,4.875640552406924066e-01,4.917096697250726844e-01,5.414094265422171315e-01,0.000000000000000000e+00,4.813241362108697796e-01,0.000000000000000000e+00,5.089273672606404730e-01,0.000000000000000000e+00,3.953050109931494083e-01,0.000000000000000000e+00,0.000000000000000000e+00,0.000000000000000000e+00,5.019498510870639141e-01,3.964820798494452236e-01,4.301545432252489864e-01,3.710936670378521818e-01,5.090095773476929208e-01,0.000000000000000000e+00,0.000000000000000000e+00,3.801478023443928822e-01,5.078007326628848350e-01,5.048621018839671848e-01,4.715525975566455807e-01,4.713798006636599203e-01,4.847760464826397220e-01
0.000000000000000000e+00,4.041742854148719921e-01,4.469343035690340749e-01,2.857832519742453115e-01,3.400113670297236768e-01,4.161121859726604755e-01,0.000000000000000000e+00,4.515415615627403900e-01,3.961779600615922825e-01,4.360539629757845814e-01,4.467592700883014079e-01,3.957373385643250807e-01,3.357081569910190799e-01,3.765513278477484183e-01,0.000000000000000000e+00,4.463268500547070139e-01,4.032819552717940015e-01,4.407928966496506007e-01,4.491625464059817996e-01,4.448336974975921065e-01,0.000000000000000000e+00,4.587379409945709918e-01,4.391337795354883222e-01,4.033768752845227068e-01,4.168561512346933839e-01,4.056044512423547244e-01,4.319369050903942853e-01,3.477642962533513127e-01,4.332585810238132051e-01,0.000000000000000000e+00,4.062136362375213805e-01,4.083273979527812236e-01,3.726331462315560783e-01,4.143040402119194110e-01,4.038229118451581168e-01,3.186615361901685151e-01,3.224947903019261264e-01,4.043851045821432177e-01,3.338116234308142749e-01,0.000000000000000000e+00,3.418157793528994182e-01,0.000000000000000000e+00,3.166153803324839866e-01,0.000000000000000000e+00,0.000000000000000000e+00,0.000000000000000000e+00,0.000000000000000000e+00,3.956081082352063127e-01,0.000000000000000000e+00,0.000000000000000000e+00,4.210416081383874798e-01,0.000000000000000000e+00,4.635472817107644805e-01,3.627600946346786204e-01,0.000000000000000000e+00,3.375459857882596726e-01,0.000000000000000000e+00,0.000000000000000000e+00,0.000000000000000000e+00,0.000000000000000000e+00,0.000000000000000000e+00,0.000000000000000000e+00,0.000000000000000000e+00,3.633711904525512848e-01,0.000000000000000000e+00,0.000000000000000000e+00,0.000000000000000000e+00,5.151660465495345731e-01,0.000000000000000000e+00,0.000000000000000000e+00,0.000000000000000000e+00,4.562255002955936112e-01,0.000000000000000000e+00,0.000000000000000000e+00,0.000000000000000000e+00,0.000000000000000000e+00
4.776599498957814216e-01,4.325669033711405098e-01,4.899360954916450184e-01,3.033091813789667857e-01,4.141571224358492898e-01,4.433325937088846147e-01,4.515415615627403900e-01,0.000000000000000000e+00,4.926131421782715125e-01,4.172486706041365068e-01,4.044562043083863023e-01,4.092465187292709250e-01,4.569589005570631746e-01,4.054557575313620932e-01,4.596139394661286071e-01,4.404558644903974751e-01,0.000000000000000000e+00,4.607674281008157791e-01,4.803986616070691773e-01,4.016668670988606249e-01,3.895353398561703928e-01,4.234728235740133906e-01,3.792470947505897083e-01,4.939450162950910217e-01,4.836526833161254868e-01,4.787045018495227899e-01,4.509277026878000805e-01,4.542449624674494979e-01,4.125171452400823724e-01,4.189059476070908228e-01,4.614015297828710227e-01,3.860662803096365225e-01,4.388648672297165154e-01,4.660830790679588165e-01,4.947420555079564131e-01,2.606045156922170980e-01,3.766247866353253926e-01,0.000000000000000000e+00,4.653031869884404204e-01,0.000000000000000000e+00,4.689236325392706073e-01,0.000000000000000000e+00,4.182219937029899026e-01,0.000000000000000000e+00,0.000000000000000000e+00,0.000000000000000000e+00,0.000000000000000000e+00,5.307010509084166827e-01,0.000000000000000000e+00,4.605911621783966847e-01,4.308055002055362070e-01,4.948304430960769884e-01,3.893340356562383087e-01,5.390768518894333283e-01,0.000000000000000000e+00,4.718384973747076772e-01,0.000000000000000000e+00,4.926701087694734804e-01,0.000000000000000000e+00,4.745451104279562737e-01,0.000000000000000000e+00,0.000000000000000000e+00,0.000000000000000000e+00,5.183256162374400011e-01,4.841419617835506783e-01,4.989711235450948745e-01,0.000000000000000000e+00,4.735581160082357743e-01,0.000000000000000000e+00,0.000000000000000000e+00,0.000000000000000000e+00,4.759980312358039201e-01,4.864405243989344818e-01,4.187039723457102736e-01,0.000000000000000000e+00,4.626848941413176930e-01
0.000000000000000000e+00,3.584996766111587241e-01,3.315520376644118805e-01,4.206061655013035860e-01,3.577951286491665162e-01,3.612260963729190810e-01,3.961779600615922825e-01,4.926131421782715125e-01,0.000000000000000000e+00,4.739949179012852842e-01,3.477276988232573252e-01,3.997510096371214017e-01,3.954521675840566020e-01,4.461943903840872028e-01,0.000000000000000000e+00,3.946066749757842773e-01,0.000000000000000000e+00,3.267904998471174993e-01,3.086170936864737202e-01,3.909857480413950204e-01,0.000000000000000000e+00,4.033681547045935845e-01,4.064226600775561749e-01,3.774070318982907790e-01,3.157970478196813202e-01,3.745059348934309251e-01,3.882906609178257140e-01,4.563262705164071176e-01,4.033202932629043058e-01,4.196737519858491083e-01,4.665408520717276852e-01,4.556213874353505222e-01,4.048042151581378034e-01,4.725342054520474955e-01,4.763922269458690795e-01,4.731092706678807769e-01,4.590820905075139180e-01,4.196513921901510180e-01,3.932017921742129163e-01,0.000000000000000000e+00,3.307680350800571989e-01,0.000000000000000000e+00,4.449241845312599808e-01,0.000000000000000000e+00,0.000000000000000000e+00,0.000000000000000000e+00,0.000000000000000000e+00,5.357932671130068991e-01,0.000000000000000000e+00,4.224278546998642137e-01,5.194287407611193341e-01,4.280238659902825815e-01,5.404663688262191235e-01,5.136796382059477528e-01,0.000000000000000000e+00,5.187227890444747747e-01,0.000000000000000000e+00,4.225883552112285058e-01,4.587331784303880222e-01,0.000000000000000000e+00,0.000000000000000000e+00,0.000000000000000000e+00,0.000000000000000000e+00,5.135901523006293212e-01,0.000000000000000000e+00,0.000000000000000000e+00,0.000000000000000000e+00,5.454033644038885909e-01,0.000000000000000000e+00,0.000000000000000000e+00,0.000000000000000000e+00,5.419971314289107056e-01,4.147168926390765731e-01,0.000000000000000000e+00,0.000000000000000000e+00,0.000000000000000000e+00
0.000000000000000000e+00,0.000000000000000000e+00,3.836484581497668911e-01,0.000000000000000000e+00,4.828095505593821835e-01,4.710686602955748148e-01,4.360539629757845814e-01,4.172486706041365068e-01,4.739949179012852842e-01,0.000000000000000000e+00,4.784594837139001799e-01,3.258453540543808091e-01,4.447352048108008105e-01,0.000000000000000000e+00,0.000000000000000000e+00,3.690755777850334152e-01,3.365691977776348875e-01,3.790978927552485223e-01,4.298822508866422809e-01,3.098773184393535107e-01,0.000000000000000000e+00,3.238152927019735117e-01,4.285065869822670126e-01,3.705272951220944799e-01,3.501728689796678728e-01,3.597300935407862776e-01,4.025958075156632066e-01,4.195477226216273725e-01,3.609894846285179870e-01,0.000000000000000000e+00,3.506751904828999122e-01,3.984998196376717816e-01,3.161588823371916934e-01,3.310551174852375267e-01,3.684435553991788903e-01,4.537254017274520157e-01,3.921895140267053770e-01,2.989856675390420992e-01,4.353253991116987076e-01,3.921148447051371888e-01,3.780242556658983122e-01,0.000000000000000000e+00,0.000000000000000000e+00,0.000000000000000000e+00,3.653791016193528862e-01,0.000000000000000000e+00,0.000000000000000000e+00,0.000000000000000000e+00,0.000000000000000000e+00,0.000000000000000000e+00,0.000000000000000000e+00,0.000000000000000000e+00,0.000000000000000000e+00,0.000000000000000000e+00,4.571265486298800029e-01,0.000000000000000000e+00,4.590428956538267213e-01,4.048090753809117093e-01,0.000000000000000000e+00,0.000000000000000000e+00,0.000000000000000000e+00,4.606885687081004876e-01,4.265381327301345227e-01,0.000000000000000000e+00,0.000000000000000000e+00,0.000000000000000000e+00,0.000000000000000000e+00,0.000000000000000000e+00,4.683394310555334950e-01,4.406525962753343184e-01,4.610223088094644872e-01,0.000000000000000000e+00,4.105003617085299927e-01,0.000000000000000000e+00,0.000000000000000000e+00,4.391889733332334234e-01
0.000000000000000000e+00,0.000000000000000000e+00,3.191824218890088050e-01,3.910515767980862756e-01,3.426326585734684738e-01,3.755091469225573797e-01,4.467592700883014079e-01,4.044562043083863023e-01,3.477276988232573252e-01,4.784594837139001799e-01,0.000000000000000000e+00,4.132038090081138759e-01,4.493916945608794067e-01,3.719129516403191782e-01,0.000000000000000000e+00,0.000000000000000000e+00,3.701557479059334743e-01,0.000000000000000000e+00,2.486456878021700012e-01,0.000000000000000000e+00,0.000000000000000000e+00,0.000000000000000000e+00,3.279227724738629779e-01,4.083910193728392257e-01,0.000000000000000000e+00,3.211267612641706126e-01,3.860715745021153222e-01,4.576933381824738745e-01,0.000000000000000000e+00,0.000000000000000000e+00,4.703210569960140086e-01,4.011235529545558176e-01,3.928103781582544807e-01,4.682124922871714889e-01,4.603293739695298870e-01,3.162639122318304796e-01,4.436372697597720793e-01,4.131939398811055875e-01,3.664491847276784009e-01,0.000000000000000000e+00,0.000000000000000000e+00,0.000000000000000000e+00,4.022420003181286785e-01,0.000000000000000000e+00,0.000000000000000000e+00,0.000000000000000000e+00,0.000000000000000000e+00,3.816785806826952787e-01,0.000000000000000000e+00,4.293221589372406277e-01,4.997212000739296167e-01,4.149467315556362168e-01,4.752472608909842910e-01,4.295926295135666928e-01,0.000000000000000000e+00,3.606517371635433733e-01,0.000000000000000000e+00,3.754780927934892043e-01,4.481481004374550103e-01,0.000000000000000000e+00,0.000000000000000000e+00,0.000000000000000000e+00,0.000000000000000000e+00,2.889697078870845925e-01,0.000000000000000000e+00,0.000000000000000000e+00,0.000000000000000000e+00,5.355362214559872269e-01,0.000000000000000000e+00,0.000000000000000000e+00,0.000000000000000000e+00,5.115355888423749331e-01,3.497299464259278068e-01,0.000000000000000000e+00,0.000000000000000000e+00,0.000000000000000000e+00
3.834080447441384210e-01,0.000000000000000000e+00,3.363248578661495181e-01,0.000000000000000000e+00,4.141463991954109081e-01,3.780887087149548131e-01,3.957373385643250807e-01,4.092465187292709250e-01,3.997510096371214017e-01,3.258453540543808091e-01,4.132038090081138759e-01,0.000000000000000000e+00,4.424102014574015085e-01,0.000000000000000000e+00,0.000000000000000000e+00,0.000000000000000000e+00,3.787240332542022858e-01,3.747275094768913184e-01,3.479832367225504930e-01,0.000000000000000000e+00,4.083759178905537190e-01,0.000000000000000000e+00,3.479142228761072930e-01,3.308047011476369925e-01,3.685530930879535871e-01,3.217673871034781863e-01,3.462583946865634976e-01,4.039113959011517152e-01,0.000000000000000000e+00,0.000000000000000000e+00,3.530444320600090724e-01,2.821099948581011208e-01,3.164697082669393202e-01,2.433673008882419886e-01,3.748033872033202929e-01,3.893785217016694777e-01,3.101259643317738068e-01,2.316746382049567066e-01,2.280743557562115997e-01,4.046954663782312833e-01,4.076782998972168226e-01,2.752446923492116726e-01,0.000000000000000000e+00,0.000000000000000000e+00,3.826486485280657934e-01,0.000000000000000000e+00,0.000000000000000000e+00,0.000000000000000000e+00,0.000000000000000000e+00,0.000000000000000000e+00,0.000000000000000000e+00,0.000000000000000000e+00,0.000000000000000000e+00,0.000000000000000000e+00,4.694523679986160047e-01,0.000000000000000000e+00,4.652088835763459884e-01,4.019038939465304772e-01,0.000000000000000000e+00,0.000000000000000000e+00,0.000000000000000000e+00,4.607394096846665899e-01,4.234684075227378997e-01,0.000000000000000000e+00,0.000000000000000000e+00,0.000000000000000000e+00,0.000000000000000000e+00,0.000000000000000000e+00,4.813122141124027142e-01,4.501409868258022251e-01,4.659501069233045190e-01,0.000000000000000000e+00,4.277295414895979087e-01,0.000000000000000000e+00,0.000000000000000000e+00,4.328236825058296988e-01
3.976785538457234814e-01,4.396079793102535826e-01,4.537461871092747234e-01,3.021229889303149174e-01,3.663043172072530940e-01,3.873070723280194194e-01,3.357081569910190799e-01,4.569589005570631746e-01,3.954521675840566020e-01,4.447352048108008105e-01,4.493916945608794067e-01,4.424102014574015085e-01,0.000000000000000000e+00,3.801962799373395097e-01,0.000000000000000000e+00,4.664471835285409762e-01,4.394779607421266943e-01,4.613179401730703177e-01,4.502081291985661760e-01,4.432790806602159850e-01,0.000000000000000000e+00,4.656414935523187082e-01,4.404572817110555816e-01,4.415216316485388037e-01,4.402279974905992099e-01,4.462887982368800022e-01,4.346909086544025747e-01,3.515653537999208766e-01,4.064213390901634249e-01,4.073797477892416863e-01,4.203261014017503072e-01,4.067406227445696243e-01,4.319792956823769181e-01,4.251799965553909044e-01,4.414588520719047171e-01,3.435723910915560730e-01,3.430423646120960846e-01,4.367742023942037810e-01,4.264791593018157911e-01,3.675978723359172862e-01,3.483677148920225064e-01,2.975902806937095191e-01,3.245712640852426167e-01,0.000000000000000000e+00,0.000000000000000000e+00,0.000000000000000000e+00,0.000000000000000000e+00,4.049244132735637103e-01,0.000000000000000000e+00,0.000000000000000000e+00,4.499972724332372831e-01,3.670499844754355201e-01,4.855939437362887245e-01,0.000000000000000000e+00,0.000000000000000000e+00,3.623272538628408146e-01,3.453649041651168927e-01,0.000000000000000000e+00,0.000000000000000000e+00,3.539415299792912917e-01,0.000000000000000000e+00,0.000000000000000000e+00,0.000000000000000000e+00,0.000000000000000000e+00,3.553540003315988072e-01,0.000000000000000000e+00,3.041041083587627258e-01,5.122013403767391448e-01,0.000000000000000000e+00,3.250942121844341837e-01,3.381930552541630997e-01,5.009960211424607790e-01,0.000000000000000000e+00,4.148205206441372139e-01,0.000000000000000000e+00,0.000000000000000000e+00
0.000000000000000000e+00,0.000000000000000000e+00,4.345095973885519935e-01,2.376501863662874026e-01,3.154309086096354076e-01,4.454519959358227976e-01,3.765513278477484183e-01,4.054557575313620932e-01,4.461943903840872028e-01,0.000000000000000000e+00,3.719129516403191782e-01,0.000000000000000000e+00,3.801962799373395097e-01,0.000000000000000000e+00,0.000000000000000000e+00,0.000000000000000000e+00,0.000000000000000000e+00,0.000000000000000000e+00,3.919252165460095916e-01,0.000000000000000000e+00,4.688264304063040067e-01,0.000000000000000000e+00,4.188511068674385940e-01,0.000000000000000000e+00,0.000000000000000000e+00,0.000000000000000000e+00,4.376291401574943229e-01,2.629366265240514200e-01,0.000000000000000000e+00,0.000000000000000000e+00,4.689357460500354069e-01,2.467138626572130955e-01,0.000000000000000000e+00,4.281996117757931875e-01,0.000000000000000000e+00,2.232842760690471051e-01,2.156056889822444977e-01,0.000000000000000000e+00,0.000000000000000000e+00,0.000000000000000000e+00,0.000000000000000000e+00,0.000000000000000000e+00,0.000000000000000000e+00,0.000000000000000000e+00,0.000000000000000000e+00,0.000000000000000000e+00,0.000000000000000000e+00,3.796538832327038260e-01,0.000000000000000000e+00,0.000000000000000000e+00,0.000000000000000000e+00,0.000000000000000000e+00,0.000000000000000000e+00,4.650517740822420754e-01,0.000000000000000000e+00,4.227553171571469814e-01,0.000000000000000000e+00,0.000000000000000000e+00,0.000000000000000000e+00,0.000000000000000000e+00,0.000000000000000000e+00,0.000000000000000000e+00,0.000000000000000000e+00,0.000000000000000000e+00,0.000000000000000000e+00,0.000000000000000000e+00,0.000000000000000000e+00,4.305137570963151195e-01,0.000000000000000000e+00,0.000000000000000000e+00,0.000000000000000000e+00,0.000000000000000000e+00,0.000000000000000000e+00,0.000000000000000000e+00,0.000000000000000000e+00,0.000000000000000000e+00
3.918881053772129142e-01,4.211168888889221251e-01,0.000000000000000000e+00,0.000000000000000000e+00,0.000000000000000000e+00,4.355458931862234984e-01,0.000000000000000000e+00,4.596139394661286071e-01,0.000000000000000000e+00,0.000000000000000000e+00,0.000000000000000000e+00,0.000000000000000000e+00,0.000000000000000000e+00,0.000000000000000000e+00,0.000000000000000000e+00,4.157270157395551169e-01,0.000000000000000000e+00,4.057112718606435964e-01,0.000000000000000000e+00,2.973703638453332743e-01,3.710397450825935195e-01,3.121811381702145893e-01,3.328610227127006271e-01,3.470793006034664785e-01,4.036884188795660799e-01,4.028404959497506876e-01,3.606672460093068855e-01,0.000000000000000000e+00,4.251523033553271103e-01,0.000000000000000000e+00,3.914565562915948149e-01,4.388845212986233202e-01,3.887883797094929261e-01,4.248586119569758845e-01,4.962709903320621230e-01,5.299037116305619355e-01,0.000000000000000000e+00,0.000000000000000000e+00,4.619743843103462089e-01,4.606324004991386722e-01,4.636884776289962873e-01,5.124390528822420077e-01,4.784107516482741795e-01,0.000000000000000000e+00,0.000000000000000000e+00,0.000000000000000000e+00,4.952545882332026750e-01,0.000000000000000000e+00,0.000000000000000000e+00,0.000000000000000000e+00,4.451619538995725267e-01,0.000000000000000000e+00,5.154750548566693347e-01,0.000000000000000000e+00,0.000000000000000000e+00,0.000000000000000000e+00,0.000000000000000000e+00,0.000000000000000000e+00,0.000000000000000000e+00,3.883024059157296759e-01,4.356150092143690200e-01,0.000000000000000000e+00,0.000000000000000000e+00,0.000000000000000000e+00,3.812154761925379831e-01,4.508599398110729184e-01,4.592574474459074074e-01,4.672189588234105795e-01,0.000000000000000000e+00,3.346063216724212142e-01,4.676963133330969136e-01,3.660777474844332247e-01,4.507702047415950153e-01,4.417852630256249857e-01,0.000000000000000000e+00,3.946171701149527866e-01
4.122437945197836018e-01,4.401566625060561733e-01,0.000000000000000000e+00,0.000000000000000000e+00,3.676684483260698744e-01,4.368771366935855771e-01,4.463268500547070139e-01,4.404558644903974751e-01,3.946066749757842773e-01,3.690755777850334152e-01,0.000000000000000000e+00,0.000000000000000000e+00,4.664471835285409762e-01,0.000000000000000000e+00,4.157270157395551169e-01,0.000000000000000000e+00,3.821430084372071101e-01,3.383023584139033813e-01,0.000000000000000000e+00,4.129174804712261726e-01,4.151255458916692231e-01,3.937195902256532265e-01,4.266863944100826034e-01,3.861810547755599732e-01,4.420875239493520237e-01,4.071085373761988979e-01,4.339926437979351737e-01,4.621172974600791794e-01,4.356470915487442030e-01,4.098743504417605155e-01,3.744554190722492182e-01,4.561266200354440192e-01,3.889205985603146898e-01,3.960023834150083188e-01,4.716400822646131807e-01,0.000000000000000000e+00,0.000000000000000000e+00,0.000000000000000000e+00,4.455770986102385867e-01,4.290383018586204078e-01,4.369187778577673931e-01,4.840813950485097217e-01,0.000000000000000000e+00,0.000000000000000000e+00,0.000000000000000000e+00,4.430017690546900200e-01,4.595146346871131771e-01,0.000000000000000000e+00,0.000000000000000000e+00,0.000000000000000000e+00,0.000000000000000000e+00,0.000000000000000000e+00,0.000000000000000000e+00,0.000000000000000000e+00,0.000000000000000000e+00,0.000000000000000000e+00,0.000000000000000000e+00,0.000000000000000000e+00,0.000000000000000000e+00,4.677136475819361205e-01,4.605570458010581070e-01,0.000000000000000000e+00,4.525724717323896806e-01,0.000000000000000000e+00,3.928194443815721804e-01,0.000000000000000000e+00,4.528668517765385149e-01,3.600352514327904152e-01,0.000000000000000000e+00,4.657580645299878030e-01,4.849127235922998103e-01,3.541381020999023188e-01,0.000000000000000000e+00,3.764644693150058230e-01,0.000000000000000000e+00,4.357313335965433132e-01
0.000000000000000000e+00,0.000000000000000000e+00,0.000000000000000000e+00,0.000000000000000000e+00,0.000000000000000000e+00,3.237646905768010175e-01,4.032819552717940015e-01,0.000000000000000000e+00,0.000000000000000000e+00,3.365691977776348875e-01,3.701557479059334743e-01,3.787240332542022858e-01,4.394779607421266943e-01,0.000000000000000000e+00,0.000000000000000000e+00,3.821430084372071101e-01,0.000000000000000000e+00,3.437941458279862861e-01,0.000000000000000000e+00,3.312842063831680228e-01,0.000000000000000000e+00,3.569345459826219202e-01,0.000000000000000000e+00,3.918096478480401768e-01,3.433247880454288747e-01,3.624484766989716777e-01,0.000000000000000000e+00,4.120687682300724908e-01,3.386259486210039249e-01,0.000000000000000000e+00,3.559595094689966821e-01,4.231675565824101204e-01,3.452772214141234808e-01,3.506273590990475753e-01,4.003016099703414765e-01,0.000000000000000000e+00,0.000000000000000000e+00,2.975336332866579947e-01,0.000000000000000000e+00,3.887865422363431245e-01,0.000000000000000000e+00,0.000000000000000000e+00,0.000000000000000000e+00,0.000000000000000000e+00,0.000000000000000000e+00,0.000000000000000000e+00,0.000000000000000000e+00,0.000000000000000000e+00,0.000000000000000000e+00,0.000000000000000000e+00,0.000000000000000000e+00,0.000000000000000000e+00,0.000000000000000000e+00,0.000000000000000000e+00,4.723035732138509135e-01,0.000000000000000000e+00,4.727339384400752187e-01,0.000000000000000000e+00,0.000000000000000000e+00,0.000000000000000000e+00,0.000000000000000000e+00,4.527488802089887909e-01,4.328597039159334803e-01,0.000000000000000000e+00,0.000000000000000000e+00,0.000000000000000000e+00,0.000000000000000000e+00,0.000000000000000000e+00,4.925118167717478235e-01,4.538654423157584827e-01,4.660097817237043860e-01,0.000000000000000000e+00,0.000000000000000000e+00,0.000000000000000000e+00,0.000000000000000000e+00,0.000000000000000000e+00
4.277763759658452791e-01,4.432727894361951915e-01,0.000000000000000000e+00,0.000000000000000000e+00,0.000000000000000000e+00,4.722800395783652849e-01,4.407928966496506007e-01,4.607674281008157791e-01,3.267904998471174993e-01,3.790978927552485223e-01,0.000000000000000000e+00,3.747275094768913184e-01,4.613179401730703177e-01,0.000000000000000000e+00,4.057112718606435964e-01,3.383023584139033813e-01,3.437941458279862861e-01,0.000000000000000000e+00,0.000000000000000000e+00,4.167519563192955134e-01,4.421478269137609773e-01,4.016229292572897069e-01,4.510922973917871892e-01,3.823460512145633872e-01,3.803643325902222871e-01,3.928916415522782923e-01,4.632598872688543090e-01,4.543355065740061760e-01,4.332849882386275997e-01,3.175321792395737197e-01,3.891846306482418250e-01,4.607903613488367744e-01,3.749363655968477871e-01,3.869425168123197811e-01,4.518184097982361758e-01,0.000000000000000000e+00,0.000000000000000000e+00,0.000000000000000000e+00,4.420236079287808151e-01,3.986916068107281830e-01,4.339058238151610181e-01,4.781276166484850210e-01,0.000000000000000000e+00,0.000000000000000000e+00,0.000000000000000000e+00,4.719558532095666226e-01,4.525020474278618754e-01,0.000000000000000000e+00,0.000000000000000000e+00,0.000000000000000000e+00,0.000000000000000000e+00,0.000000000000000000e+00,0.000000000000000000e+00,0.000000000000000000e+00,4.630208705773090072e-01,0.000000000000000000e+00,4.900676064710421942e-01,0.000000000000000000e+00,0.000000000000000000e+00,0.000000000000000000e+00,4.511950261314531807e-01,4.773876050590251108e-01,4.525273540950813800e-01,0.000000000000000000e+00,0.000000000000000000e+00,0.000000000000000000e+00,4.385210925407513893e-01,0.000000000000000000e+00,4.879053729897567804e-01,4.618358063529270918e-01,4.756625490940176726e-01,0.000000000000000000e+00,0.000000000000000000e+00,0.000000000000000000e+00,0.000000000000000000e+00,4.402389920206836726e-01
0.000000000000000000e+00,0.000000000000000000e+00,2.760269177157851916e-01,3.643938025565811034e-01,3.772024110632318239e-01,4.097877807309253106e-01,4.491625464059817996e-01,4.803986616070691773e-01,3.086170936864737202e-01,4.298822508866422809e-01,2.486456878021700012e-01,3.479832367225504930e-01,4.502081291985661760e-01,3.919252165460095916e-01,0.000000000000000000e+00,0.000000000000000000e+00,0.000000000000000000e+00,0.000000000000000000e+00,0.000000000000000000e+00,0.000000000000000000e+00,0.000000000000000000e+00,0.000000000000000000e+00,3.222119982400400984e-01,0.000000000000000000e+00,0.000000000000000000e+00,0.000000000000000000e+00,3.737253087431098852e-01,4.566536284624025943e-01,0.000000000000000000e+00,0.000000000000000000e+00,4.705051298549188243e-01,4.565427732055081234e-01,0.000000000000000000e+00,4.749479924787978757e-01,4.583318606940023909e-01,4.242684847368511925e-01,4.351086394597318829e-01,3.746937332256882192e-01,3.535228633211316973e-01,0.000000000000000000e+00,0.000000000000000000e+00,0.000000000000000000e+00,4.354722620361671792e-01,0.000000000000000000e+00,0.000000000000000000e+00,0.000000000000000000e+00,0.000000000000000000e+00,5.287984585455307585e-01,0.000000000000000000e+00,4.306033939552489920e-01,5.174050600189796789e-01,4.254325042165583159e-01,5.319344372061358683e-01,5.439445362843533527e-01,0.000000000000000000e+00,5.401603161519858975e-01,0.000000000000000000e+00,4.092298431877490761e-01,4.786872259614602942e-01,0.000000000000000000e+00,0.000000000000000000e+00,0.000000000000000000e+00,0.000000000000000000e+00,5.508292511814593118e-01,0.000000000000000000e+00,0.000000000000000000e+00,0.000000000000000000e+00,5.635059804788276061e-01,0.000000000000000000e+00,0.000000000000000000e+00,0.000000000000000000e+00,5.500166324395664441e-01,0.000000000000000000e+00,0.000000000000000000e+00,0.000000000000000000e+00,0.000000000000000000e+00
4.043892174625763891e-01,4.399483106673249821e-01,0.000000000000000000e+00,4.332666266946013089e-01,4.071149577938883990e-01,4.134817568038964830e-01,4.448336974975921065e-01,4.016668670988606249e-01,3.909857480413950204e-01,3.098773184393535107e-01,0.000000000000000000e+00,0.000000000000000000e+00,4.432790806602159850e-01,0.000000000000000000e+00,2.973703638453332743e-01,4.129174804712261726e-01,3.312842063831680228e-01,4.167519563192955134e-01,0.000000000000000000e+00,0.000000000000000000e+00,4.062288544215684749e-01,3.814957041255693238e-01,2.608581183482159838e-01,0.000000000000000000e+00,4.400252115546421927e-01,4.227391079974531229e-01,3.584384482685106232e-01,4.074996351324244870e-01,3.393316060334902740e-01,3.677902776257838124e-01,3.679303479977432123e-01,4.499288426241663252e-01,4.068239795073715914e-01,4.262380498705007903e-01,4.995120892372366117e-01,5.199168277156875906e-01,4.638663455182394091e-01,0.000000000000000000e+00,4.712333471523186823e-01,4.245904409279688263e-01,4.510154621016104204e-01,4.843845366673885100e-01,3.639620352844504247e-01,0.000000000000000000e+00,0.000000000000000000e+00,0.000000000000000000e+00,4.118134917235926062e-01,0.000000000000000000e+00,0.000000000000000000e+00,0.000000000000000000e+00,4.242028895130635080e-01,0.000000000000000000e+00,4.570911170563515258e-01,0.000000000000000000e+00,0.000000000000000000e+00,0.000000000000000000e+00,0.000000000000000000e+00,3.954344916929707909e-01,0.000000000000000000e+00,4.615865279822037870e-01,3.208669415448964779e-01,0.000000000000000000e+00,0.000000000000000000e+00,0.000000000000000000e+00,4.597663427918544099e-01,4.650895246888944179e-01,4.731274777430076184e-01,4.774808665416824249e-01,0.000000000000000000e+00,3.062318674004643193e-01,4.770439034509446063e-01,4.631972461197000901e-01,4.740311310114367904e-01,4.731652881582615877e-01,3.757431733400493079e-01,4.231773509016313883e-01
3.829525163478090799e-01,4.190228785477786988e-01,0.000000000000000000e+00,0.000000000000000000e+00,0.000000000000000000e+00,4.525936939504610068e-01,0.000000000000000000e+00,3.895353398561703928e-01,0.000000000000000000e+00,0.000000000000000000e+00,0.000000000000000000e+00,4.083759178905537190e-01,0.000000000000000000e+00,4.688264304063040067e-01,3.710397450825935195e-01,4.151255458916692231e-01,0.000000000000000000e+00,4.421478269137609773e-01,0.000000000000000000e+00,4.062288544215684749e-01,0.000000000000000000e+00,4.046718512316169747e-01,3.899374584489003759e-01,4.352898622517841210e-01,4.409089280900976848e-01,4.002300101249974817e-01,4.417537697324488977e-01,4.740979732653555767e-01,4.183918085499592210e-01,0.000000000000000000e+00,3.783584475850836903e-01,4.388046449323743103e-01,3.658719567558100794e-01,4.159071220077554254e-01,5.075035805504494180e-01,0.000000000000000000e+00,0.000000000000000000e+00,0.000000000000000000e+00,4.675003897742630032e-01,4.253090735902114172e-01,4.519308912764888886e-01,5.253544054551594344e-01,0.000000000000000000e+00,0.000000000000000000e+00,0.000000000000000000e+00,3.088048032438944213e-01,4.915957734151404912e-01,0.000000000000000000e+00,0.000000000000000000e+00,0.000000000000000000e+00,4.685173625781203222e-01,0.000000000000000000e+00,4.249883249340946079e-01,0.000000000000000000e+00,0.000000000000000000e+00,0.000000000000000000e+00,0.000000000000000000e+00,4.743734817908897838e-01,0.000000000000000000e+00,4.468850067041710838e-01,4.256020743066610823e-01,0.000000000000000000e+00,0.000000000000000000e+00,0.000000000000000000e+00,4.589047979086139928e-01,3.536674152666717252e-01,4.826627440251088919e-01,4.811947423015914826e-01,0.000000000000000000e+00,4.121386844236590852e-01,5.071546336730209381e-01,4.693289396119836865e-01,4.949009829782469727e-01,4.726779318030038257e-01,0.000000000000000000e+00,3.952718719962204919e-01
