0.000000000000000000e+00,3.961228062736437128e-01,0.000000000000000000e+00,0.000000000000000000e+00,0.000000000000000000e+00,4.633849776714222823e-01,0.000000000000000000e+00,4.936957787518724272e-01,0.000000000000000000e+00,4.040117906791457214e-01,0.000000000000000000e+00,3.942785314356762050e-01,4.772412741989376928e-01,0.000000000000000000e+00,4.070113751099579957e-01,4.222390073824692225e-01,3.852240084805932940e-01,4.048895217108198219e-01,0.000000000000000000e+00,4.476984183180138244e-01,4.162331779029936896e-01,3.889304507554492973e-01,4.765592861505258959e-01,3.815706830709582054e-01,3.790916741809943757e-01,4.124475852147709842e-01,5.168558808019704243e-01,5.211573879392074060e-01,4.823968161165623214e-01,0.000000000000000000e+00,3.920803544147836162e-01,4.150542213759956800e-01,3.109922802735530789e-01,4.034117743297925829e-01,4.567985894144002135e-01,0.000000000000000000e+00,0.000000000000000000e+00,2.662841157973435124e-01,4.715532396400040072e-01,3.694230196205053884e-01,4.227791130174932133e-01,0.000000000000000000e+00,0.000000000000000000e+00,0.000000000000000000e+00,0.000000000000000000e+00,3.841371744437154789e-01,4.942314514717204843e-01,0.000000000000000000e+00,0.000000000000000000e+00,0.000000000000000000e+00,0.000000000000000000e+00,0.000000000000000000e+00,0.000000000000000000e+00,0.000000000000000000e+00,3.526241806381840149e-01,0.000000000000000000e+00,0.000000000000000000e+00,0.000000000000000000e+00,0.000000000000000000e+00,0.000000000000000000e+00,4.571276561253467818e-01,0.000000000000000000e+00,4.324109253573785727e-01,0.000000000000000000e+00,0.000000000000000000e+00,4.145823070442907210e-01,4.882298203950640736e-01,0.000000000000000000e+00,3.670915306402128819e-01,4.578137370382722726e-01,4.766325258125519992e-01,0.000000000000000000e+00,0.000000000000000000e+00,0.000000000000000000e+00,0.000000000000000000e+00,3.848575699723034149e-01
3.961228062736437128e-01,0.000000000000000000e+00,0.000000000000000000e+00,0.000000000000000000e+00,3.794503387291994767e-01,4.220973592830601917e-01,4.513122982749067091e-01,4.670620793449352104e-01,4.165608876295732732e-01,0.000000000000000000e+00,0.000000000000000000e+00,0.000000000000000000e+00,4.657102397735130017e-01,0.000000000000000000e+00,4.702206321858343196e-01,4.454286560477022094e-01,3.321131611274512063e-01,4.364301403026848991e-01,0.000000000000000000e+00,4.574436554960217838e-01,4.348790889950042149e-01,4.521369522734697277e-01,4.798071718404887109e-01,0.000000000000000000e+00,4.207551839216365219e-01,4.300061586740893116e-01,4.583925977984656952e-01,4.621363225423231191e-01,4.373897315549689080e-01,0.000000000000000000e+00,4.108650314753389265e-01,4.357118016506564273e-01,3.748744093432612723e-01,4.169937970046546094e-01,4.806307491302649892e-01,0.000000000000000000e+00,0.000000000000000000e+00,0.000000000000000000e+00,4.704308123472404901e-01,4.700080627121984156e-01,4.575725031486215788e-01,5.199031528641054889e-01,0.000000000000000000e+00,0.000000000000000000e+00,0.000000000000000000e+00,4.992231585414281803e-01,4.991746816188071256e-01,0.000000000000000000e+00,0.000000000000000000e+00,0.000000000000000000e+00,5.065089311285124740e-01,0.000000000000000000e+00,0.000000000000000000e+00,0.000000000000000000e+00,0.000000000000000000e+00,0.000000000000000000e+00,0.000000000000000000e+00,0.000000000000000000e+00,0.000000000000000000e+00,5.448686392164145964e-01,4.607761425754404172e-01,0.000000000000000000e+00,4.496593991703868864e-01,0.000000000000000000e+00,4.950337625940918751e-01,5.315108320360996119e-01,4.980009810280118798e-01,5.000908438500458741e-01,0.000000000000000000e+00,4.688385137319965867e-01,5.362439462568552306e-01,5.244043203217653160e-01,0.000000000000000000e+00,4.987297609728905123e-01,0.000000000000000000e+00,4.577382080028903899e-01
0.000000000000000000e+00,0.000000000000000000e+00,0.000000000000000000e+00,0.000000000000000000e+00,4.612799028856702788e-01,4.338472729163069253e-01,4.543769942202536827e-01,4.269254142542711072e-01,3.508794930068339091e-01,0.000000000000000000e+00,3.251030370358334864e-01,0.000000000000000000e+00,4.694364979832277851e-01,4.507507747324113190e-01,0.000000000000000000e+00,0.000000000000000000e+00,0.000000000000000000e+00,0.000000000000000000e+00,2.584253878042455099e-01,0.000000000000000000e+00,0.000000000000000000e+00,0.000000000000000000e+00,3.171110830424619942e-01,0.000000000000000000e+00,0.000000000000000000e+00,0.000000000000000000e+00,3.555751506542906837e-01,4.844023921391277243e-01,0.000000000000000000e+00,0.000000000000000000e+00,4.602994495063225111e-01,4.239014738548401162e-01,3.409908716682319985e-01,4.710667173122490836e-01,4.553666655917589789e-01,4.315659667373809016e-01,4.077056607778989927e-01,0.000000000000000000e+00,3.695940051665648762e-01,0.000000000000000000e+00,3.738731230448777976e-01,0.000000000000000000e+00,4.515869658436381107e-01,0.000000000000000000e+00,0.000000000000000000e+00,0.000000000000000000e+00,0.000000000000000000e+00,2.678439524469746758e-01,0.000000000000000000e+00,4.191080419560284098e-01,5.184853774634335943e-01,4.699900151615002963e-01,4.312457143543755866e-01,3.878001616848840150e-01,0.000000000000000000e+00,2.989257408923768899e-01,0.000000000000000000e+00,4.242708138723468858e-01,4.015165123715668249e-01,0.000000000000000000e+00,0.000000000000000000e+00,0.000000000000000000e+00,0.000000000000000000e+00,2.662814010353334870e-01,0.000000000000000000e+00,0.000000000000000000e+00,0.000000000000000000e+00,4.298008607444845919e-01,0.000000000000000000e+00,0.000000000000000000e+00,0.000000000000000000e+00,4.535375966803579240e-01,3.858874942660673879e-01,0.000000000000000000e+00,0.000000000000000000e+00,0.000000000000000000e+00
0.000000000000000000e+00,0.000000000000000000e+00,0.000000000000000000e+00,0.000000000000000000e+00,2.716749917420177018e-01,4.587584036400098042e-01,2.494385662528703917e-01,3.444125309057735063e-01,4.123372110527820933e-01,0.000000000000000000e+00,3.998824949985312904e-01,2.243132407767647885e-01,2.589102150172558070e-01,3.036133732150751996e-01,0.000000000000000000e+00,0.000000000000000000e+00,0.000000000000000000e+00,0.000000000000000000e+00,3.912331369131942238e-01,0.000000000000000000e+00,0.000000000000000000e+00,0.000000000000000000e+00,4.221998469501357931e-01,0.000000000000000000e+00,0.000000000000000000e+00,0.000000000000000000e+00,4.140189711584589261e-01,2.327315387279645098e-01,3.076942177884725016e-01,0.000000000000000000e+00,0.000000000000000000e+00,2.677367862303562940e-01,0.000000000000000000e+00,3.823114960044384225e-01,3.467510055167432048e-01,2.171707509399992131e-01,1.890516190715688105e-01,0.000000000000000000e+00,0.000000000000000000e+00,0.000000000000000000e+00,0.000000000000000000e+00,0.000000000000000000e+00,0.000000000000000000e+00,0.000000000000000000e+00,0.000000000000000000e+00,0.000000000000000000e+00,0.000000000000000000e+00,0.000000000000000000e+00,0.000000000000000000e+00,0.000000000000000000e+00,0.000000000000000000e+00,0.000000000000000000e+00,0.000000000000000000e+00,0.000000000000000000e+00,0.000000000000000000e+00,0.000000000000000000e+00,0.000000000000000000e+00,0.000000000000000000e+00,0.000000000000000000e+00,0.000000000000000000e+00,0.000000000000000000e+00,0.000000000000000000e+00,0.000000000000000000e+00,0.000000000000000000e+00,0.000000000000000000e+00,0.000000000000000000e+00,0.000000000000000000e+00,0.000000000000000000e+00,0.000000000000000000e+00,0.000000000000000000e+00,0.000000000000000000e+00,0.000000000000000000e+00,0.000000000000000000e+00,0.000000000000000000e+00,0.000000000000000000e+00,0.000000000000000000e+00
0.000000000000000000e+00,3.794503387291994767e-01,4.612799028856702788e-01,2.716749917420177018e-01,0.000000000000000000e+00,4.444399516039866938e-01,3.803457022366883988e-01,4.417736112015915872e-01,3.926387718352912226e-01,4.749902502669314242e-01,3.690335346815443729e-01,3.888568872245948826e-01,4.183175577339289797e-01,2.745726755629642746e-01,0.000000000000000000e+00,3.994369854209056103e-01,0.000000000000000000e+00,0.000000000000000000e+00,4.141687697080508879e-01,4.635636244833259978e-01,0.000000000000000000e+00,4.660015524728232106e-01,4.367556953017225907e-01,0.000000000000000000e+00,3.923442015138898231e-01,4.634289266119461792e-01,4.510273726313964726e-01,4.143532332091173220e-01,4.626765001309254277e-01,0.000000000000000000e+00,4.718360131757036169e-01,3.810368886039505187e-01,4.433325648956841780e-01,4.490956369482316801e-01,4.373554100290968916e-01,2.884739750208816789e-01,2.846486328461891868e-01,3.606102125587046792e-01,4.139555353928504045e-01,0.000000000000000000e+00,0.000000000000000000e+00,0.000000000000000000e+00,3.879691047759329936e-01,0.000000000000000000e+00,0.000000000000000000e+00,0.000000000000000000e+00,0.000000000000000000e+00,5.979857516663700245e-01,0.000000000000000000e+00,4.217040034895285228e-01,5.234737562664502075e-01,0.000000000000000000e+00,5.464925534111410022e-01,5.692814949011568704e-01,0.000000000000000000e+00,4.517703384425030277e-01,0.000000000000000000e+00,0.000000000000000000e+00,0.000000000000000000e+00,0.000000000000000000e+00,0.000000000000000000e+00,0.000000000000000000e+00,0.000000000000000000e+00,5.241614690082472272e-01,0.000000000000000000e+00,0.000000000000000000e+00,0.000000000000000000e+00,5.053083411633224609e-01,0.000000000000000000e+00,0.000000000000000000e+00,0.000000000000000000e+00,5.864582589538898105e-01,0.000000000000000000e+00,0.000000000000000000e+00,0.000000000000000000e+00,0.000000000000000000e+00
4.633849776714222823e-01,4.220973592830601917e-01,4.338472729163069253e-01,4.587584036400098042e-01,4.444399516039866938e-01,0.000000000000000000e+00,4.584644515018894140e-01,4.287972959527863170e-01,3.979504678881767843e-01,4.603638468201703970e-01,4.065849797337017790e-01,3.399495786055383162e-01,4.598141218774012828e-01,4.268982624903244205e-01,4.832370889635558830e-01,4.284920676360106095e-01,3.061151978354021974e-01,4.017376448630439745e-01,3.337777030013118762e-01,4.415670866621673740e-01,4.377572093958997934e-01,4.608031093702453229e-01,4.432684538811095254e-01,0.000000000000000000e+00,3.876938371582170917e-01,4.617174889692137740e-01,4.335965321916582238e-01,4.366190150672811798e-01,3.858528136562220934e-01,4.463858741047618262e-01,4.619099279921093926e-01,4.355479432571869869e-01,3.544335645403746127e-01,4.647961632095936046e-01,4.731475314957264144e-01,4.632546997380472265e-01,4.515335973196226149e-01,3.196175531205384113e-01,4.683570739437076802e-01,0.000000000000000000e+00,5.055935668080562273e-01,4.325450753485077238e-01,4.356121335322560850e-01,0.000000000000000000e+00,0.000000000000000000e+00,0.000000000000000000e+00,3.196532955677556798e-01,5.626078366724893698e-01,0.000000000000000000e+00,4.827329176796653076e-01,5.071409943370445150e-01,5.162927658730990244e-01,4.779430971122746175e-01,5.412195781839035380e-01,0.000000000000000000e+00,4.834819225252118269e-01,0.000000000000000000e+00,5.048358220621150805e-01,0.000000000000000000e+00,5.049936365789107207e-01,0.000000000000000000e+00,0.000000000000000000e+00,0.000000000000000000e+00,5.425925348769075063e-01,5.137470384274389623e-01,4.185731840305673135e-01,5.390572927332820674e-01,5.088607166024537998e-01,0.000000000000000000e+00,0.000000000000000000e+00,4.613128026155862149e-01,5.084309685257836220e-01,5.216745337584670628e-01,4.569112599045070944e-01,0.000000000000000000e+00,4.954821060520386844e-01
0.000000000000000000e+00,4.513122982749067091e-01,4.543769942202536827e-01,2.494385662528703917e-01,3.803457022366883988e-01,4.584644515018894140e-01,0.000000000000000000e+00,4.648635013897428059e-01,4.538870855159646833e-01,4.783060979137945812e-01,4.417071358501968859e-01,4.232337185686391168e-01,3.737414629819175160e-01,3.585858872364752759e-01,0.000000000000000000e+00,4.974094039418371915e-01,4.506366553470251834e-01,5.113271063194432253e-01,4.634963979653826116e-01,4.556658697027261007e-01,0.000000000000000000e+00,4.917267331122743834e-01,4.492850537666235877e-01,0.000000000000000000e+00,4.500065137555873118e-01,5.058952720398228742e-01,4.586240664182391069e-01,4.186902404661739241e-01,4.853220330569449903e-01,0.000000000000000000e+00,4.544451772743223761e-01,4.090765525184920093e-01,4.296698178001928103e-01,4.470410394052771741e-01,4.234627738746600811e-01,3.798674788029020033e-01,3.400311042185524268e-01,3.932969285530201198e-01,3.340419425250492069e-01,0.000000000000000000e+00,3.618354720097157196e-01,0.000000000000000000e+00,3.716786235730353827e-01,0.000000000000000000e+00,0.000000000000000000e+00,0.000000000000000000e+00,0.000000000000000000e+00,4.839402412438011947e-01,0.000000000000000000e+00,0.000000000000000000e+00,5.367591468678375444e-01,0.000000000000000000e+00,4.269626955762311771e-01,4.755536769924477158e-01,0.000000000000000000e+00,3.648443182924558936e-01,0.000000000000000000e+00,0.000000000000000000e+00,0.000000000000000000e+00,0.000000000000000000e+00,0.000000000000000000e+00,0.000000000000000000e+00,0.000000000000000000e+00,3.761553358417105142e-01,0.000000000000000000e+00,0.000000000000000000e+00,0.000000000000000000e+00,5.428859178851146439e-01,0.000000000000000000e+00,0.000000000000000000e+00,0.000000000000000000e+00,5.844109637972382254e-01,0.000000000000000000e+00,0.000000000000000000e+00,0.000000000000000000e+00,0.000000000000000000e+00
4.936957787518724272e-01,4.670620793449352104e-01,4.269254142542711072e-01,3.444125309057735063e-01,4.417736112015915872e-01,4.287972959527863170e-01,4.648635013897428059e-01,0.000000000000000000e+00,4.813503842526913878e-01,4.147939057112787764e-01,2.583684191555564169e-01,0.000000000000000000e+00,4.659754019737994968e-01,3.434430224524046005e-01,0.000000000000000000e+00,4.719665391998468795e-01,0.000000000000000000e+00,5.138829444461661122e-01,4.184801237790776174e-01,0.000000000000000000e+00,3.211005262841967189e-01,0.000000000000000000e+00,3.175786297896894261e-01,5.124262770036072112e-01,4.922653144129279790e-01,5.056610242159124136e-01,4.632906082266131098e-01,4.514928076575184246e-01,4.061002242946604723e-01,4.112521436456961776e-01,4.538585592089153797e-01,3.633432256574855024e-01,4.474495506482257245e-01,4.620378408772919943e-01,4.605620296791009260e-01,2.687022513080020159e-01,2.210230391981601872e-01,0.000000000000000000e+00,4.130957663009179881e-01,0.000000000000000000e+00,4.634555673175912993e-01,0.000000000000000000e+00,3.537393743201450724e-01,0.000000000000000000e+00,0.000000000000000000e+00,0.000000000000000000e+00,0.000000000000000000e+00,5.233948128698560076e-01,0.000000000000000000e+00,4.685688176851761089e-01,4.495007258504449821e-01,4.572683125561329276e-01,3.015468993996384128e-01,5.243335423102041259e-01,0.000000000000000000e+00,4.331126179329303771e-01,0.000000000000000000e+00,4.779485527850508841e-01,0.000000000000000000e+00,4.385806029613342205e-01,0.000000000000000000e+00,0.000000000000000000e+00,0.000000000000000000e+00,4.888318435083955915e-01,4.641724177692018727e-01,2.277086226221834986e-01,0.000000000000000000e+00,4.565901140427683913e-01,0.000000000000000000e+00,0.000000000000000000e+00,0.000000000000000000e+00,4.883143373298174938e-01,4.577324760728653796e-01,4.196223226409022122e-01,0.000000000000000000e+00,4.456996638530871802e-01
0.000000000000000000e+00,4.165608876295732732e-01,3.508794930068339091e-01,4.123372110527820933e-01,3.926387718352912226e-01,3.979504678881767843e-01,4.538870855159646833e-01,4.813503842526913878e-01,0.000000000000000000e+00,4.838569850080637891e-01,3.672800370508472745e-01,3.820058875089830108e-01,4.271662988800283833e-01,4.462856071824314874e-01,0.000000000000000000e+00,4.127386279204867114e-01,0.000000000000000000e+00,3.558181591530307220e-01,3.027745276403387975e-01,4.561529330950704897e-01,0.000000000000000000e+00,4.333771717612027174e-01,4.316381588082895959e-01,0.000000000000000000e+00,3.721643230006130842e-01,4.319889694352208043e-01,4.090795637450336808e-01,4.830914657515429922e-01,4.596115064323738064e-01,4.180771400497222956e-01,4.834692533290038119e-01,4.447600595485257102e-01,4.041796261681501745e-01,4.807070229562481756e-01,4.949165901714250859e-01,4.411792802284671966e-01,4.777600462855347008e-01,4.418858565827383789e-01,3.843199827763417731e-01,0.000000000000000000e+00,3.485578721388450929e-01,0.000000000000000000e+00,4.369263653434474759e-01,0.000000000000000000e+00,0.000000000000000000e+00,0.000000000000000000e+00,0.000000000000000000e+00,5.554485089787085661e-01,0.000000000000000000e+00,5.047045469220774461e-01,5.629548601739555735e-01,5.469315567921960719e-01,5.281823845058301048e-01,6.360430903945880621e-01,0.000000000000000000e+00,4.902736289503623057e-01,0.000000000000000000e+00,4.553033942156941016e-01,5.594668982422621450e-01,0.000000000000000000e+00,0.000000000000000000e+00,0.000000000000000000e+00,0.000000000000000000e+00,5.646438341289222729e-01,0.000000000000000000e+00,0.000000000000000000e+00,0.000000000000000000e+00,5.460475957752978227e-01,0.000000000000000000e+00,0.000000000000000000e+00,0.000000000000000000e+00,5.573783180430398332e-01,4.541982246188189243e-01,0.000000000000000000e+00,0.000000000000000000e+00,0.000000000000000000e+00
4.040117906791457214e-01,0.000000000000000000e+00,0.000000000000000000e+00,0.000000000000000000e+00,4.749902502669314242e-01,4.603638468201703970e-01,4.783060979137945812e-01,4.147939057112787764e-01,4.838569850080637891e-01,0.000000000000000000e+00,4.559779165030232728e-01,2.961621314417117179e-01,4.500689149680547896e-01,0.000000000000000000e+00,0.000000000000000000e+00,4.463517330159830765e-01,3.564605676061113892e-01,4.130278171069585724e-01,4.451431301730938150e-01,3.161452176913401857e-01,0.000000000000000000e+00,3.327349173921851921e-01,4.273637534670097216e-01,2.886231259183170139e-01,3.997390871540799084e-01,4.091492781388130218e-01,3.612808258838147157e-01,4.331702421418858751e-01,2.652596189553306227e-01,0.000000000000000000e+00,3.006034107623133944e-01,3.456274549248156136e-01,3.304422290284050878e-01,3.191284136105632108e-01,3.825272875720571730e-01,3.836618469360433825e-01,2.958187556138681118e-01,2.496113519365731892e-01,5.093144276478250854e-01,3.299318682908702893e-01,3.693360220932294102e-01,0.000000000000000000e+00,0.000000000000000000e+00,0.000000000000000000e+00,3.187113016141615018e-01,3.868893357262097044e-01,0.000000000000000000e+00,0.000000000000000000e+00,0.000000000000000000e+00,0.000000000000000000e+00,0.000000000000000000e+00,0.000000000000000000e+00,0.000000000000000000e+00,0.000000000000000000e+00,4.451008232257627206e-01,0.000000000000000000e+00,4.506899996822779086e-01,4.616946578897543896e-01,0.000000000000000000e+00,0.000000000000000000e+00,0.000000000000000000e+00,4.638175679378949146e-01,4.578465593826623881e-01,0.000000000000000000e+00,0.000000000000000000e+00,0.000000000000000000e+00,0.000000000000000000e+00,0.000000000000000000e+00,4.159034427906763143e-01,4.605283662409968004e-01,4.779612170158146212e-01,0.000000000000000000e+00,4.769726509382800073e-01,0.000000000000000000e+00,0.000000000000000000e+00,4.227300903231949181e-01
0.000000000000000000e+00,0.000000000000000000e+00,3.251030370358334864e-01,3.998824949985312904e-01,3.690335346815443729e-01,4.065849797337017790e-01,4.417071358501968859e-01,2.583684191555564169e-01,3.672800370508472745e-01,4.559779165030232728e-01,0.000000000000000000e+00,3.807313615625700920e-01,4.538075164495007918e-01,1.940118554147448049e-01,0.000000000000000000e+00,0.000000000000000000e+00,3.635168417539038077e-01,0.000000000000000000e+00,2.660807816591458930e-01,0.000000000000000000e+00,0.000000000000000000e+00,0.000000000000000000e+00,2.737502594828161162e-01,0.000000000000000000e+00,0.000000000000000000e+00,3.128356686561559741e-01,3.888120219270950195e-01,4.531524560399896040e-01,0.000000000000000000e+00,0.000000000000000000e+00,4.565710240381989915e-01,3.895104417498547189e-01,3.956552286057617995e-01,4.545707664704367046e-01,4.252687279815637877e-01,2.937221078546625730e-01,4.003386871338701081e-01,3.501597469244637773e-01,3.204901924053115136e-01,0.000000000000000000e+00,0.000000000000000000e+00,0.000000000000000000e+00,3.822438468070342155e-01,0.000000000000000000e+00,0.000000000000000000e+00,0.000000000000000000e+00,0.000000000000000000e+00,3.467764714824200789e-01,0.000000000000000000e+00,3.958562199747465149e-01,4.790249349451353167e-01,4.145356333717781783e-01,4.708275326765954949e-01,4.889333749084853742e-01,0.000000000000000000e+00,3.060885507404572103e-01,0.000000000000000000e+00,4.150933403270858912e-01,4.376864550464659165e-01,0.000000000000000000e+00,0.000000000000000000e+00,0.000000000000000000e+00,0.000000000000000000e+00,2.423568871717176887e-01,0.000000000000000000e+00,0.000000000000000000e+00,0.000000000000000000e+00,4.594401483375273876e-01,0.000000000000000000e+00,0.000000000000000000e+00,0.000000000000000000e+00,5.331535906386162260e-01,3.128611702921736959e-01,0.000000000000000000e+00,0.000000000000000000e+00,0.000000000000000000e+00
3.942785314356762050e-01,0.000000000000000000e+00,0.000000000000000000e+00,2.243132407767647885e-01,3.888568872245948826e-01,3.399495786055383162e-01,4.232337185686391168e-01,0.000000000000000000e+00,3.820058875089830108e-01,2.961621314417117179e-01,3.807313615625700920e-01,0.000000000000000000e+00,3.984170024797982768e-01,0.000000000000000000e+00,0.000000000000000000e+00,0.000000000000000000e+00,3.802555370027899118e-01,4.475675832526248010e-01,3.904992890333623956e-01,0.000000000000000000e+00,0.000000000000000000e+00,0.000000000000000000e+00,3.788061607801687103e-01,2.821771214973797237e-01,4.092934602496485219e-01,3.392255653875638766e-01,3.303358193037150836e-01,3.415480829615971103e-01,0.000000000000000000e+00,0.000000000000000000e+00,3.241284773916371931e-01,2.668360542415887937e-01,2.945628709236822185e-01,2.751374674917376195e-01,2.614360487386142018e-01,2.845633950629952724e-01,3.023428860902013793e-01,2.277027651355920113e-01,2.785075216217268723e-01,3.097224920815315752e-01,4.007702187879714217e-01,0.000000000000000000e+00,0.000000000000000000e+00,0.000000000000000000e+00,3.005889984418084748e-01,0.000000000000000000e+00,0.000000000000000000e+00,0.000000000000000000e+00,0.000000000000000000e+00,0.000000000000000000e+00,0.000000000000000000e+00,0.000000000000000000e+00,0.000000000000000000e+00,0.000000000000000000e+00,4.480389557662645128e-01,0.000000000000000000e+00,4.502203976867846791e-01,4.354337095576913952e-01,0.000000000000000000e+00,0.000000000000000000e+00,0.000000000000000000e+00,4.382477979923318778e-01,4.637999981641391933e-01,0.000000000000000000e+00,0.000000000000000000e+00,0.000000000000000000e+00,0.000000000000000000e+00,0.000000000000000000e+00,4.084787266171351905e-01,4.697422463493677869e-01,4.757230532320985139e-01,0.000000000000000000e+00,4.300870666040679802e-01,0.000000000000000000e+00,0.000000000000000000e+00,4.352200412244727756e-01
4.772412741989376928e-01,4.657102397735130017e-01,4.694364979832277851e-01,2.589102150172558070e-01,4.183175577339289797e-01,4.598141218774012828e-01,3.737414629819175160e-01,4.659754019737994968e-01,4.271662988800283833e-01,4.500689149680547896e-01,4.538075164495007918e-01,3.984170024797982768e-01,0.000000000000000000e+00,3.244408518683422060e-01,5.195473939985518763e-01,4.921461358072545256e-01,4.812449150415121779e-01,4.913462412151740066e-01,4.683220730859616876e-01,4.703524395575084949e-01,4.889711575371645247e-01,4.997585029870570961e-01,4.596487745035773842e-01,4.729833011493027040e-01,4.496929531173410877e-01,4.697788250792637732e-01,4.676861791926348877e-01,4.049704635000356823e-01,4.689123274418455778e-01,4.082712739293906101e-01,4.544351593257632271e-01,4.075141961047852868e-01,4.078342714182437989e-01,4.532253687747729853e-01,4.044129190739954027e-01,3.532941536553890205e-01,3.220416160667540773e-01,3.699428707238395786e-01,5.440918386838438092e-01,0.000000000000000000e+00,4.497229449470052098e-01,4.401891660668140194e-01,4.178241544191645951e-01,0.000000000000000000e+00,0.000000000000000000e+00,0.000000000000000000e+00,0.000000000000000000e+00,4.438399568969487174e-01,0.000000000000000000e+00,0.000000000000000000e+00,5.634572753455792116e-01,4.116028923857307786e-01,5.176139591710243737e-01,0.000000000000000000e+00,0.000000000000000000e+00,3.857548763703365080e-01,0.000000000000000000e+00,0.000000000000000000e+00,0.000000000000000000e+00,3.784750985930682154e-01,0.000000000000000000e+00,0.000000000000000000e+00,0.000000000000000000e+00,0.000000000000000000e+00,5.090848867858058791e-01,0.000000000000000000e+00,3.176452556175858866e-01,5.177577153990450265e-01,0.000000000000000000e+00,3.724978821199093071e-01,3.383899909567916198e-01,5.162944307878538641e-01,0.000000000000000000e+00,4.561020873641433160e-01,0.000000000000000000e+00,0.000000000000000000e+00
0.000000000000000000e+00,0.000000000000000000e+00,4.507507747324113190e-01,3.036133732150751996e-01,2.745726755629642746e-01,4.268982624903244205e-01,3.585858872364752759e-01,3.434430224524046005e-01,4.462856071824314874e-01,0.000000000000000000e+00,1.940118554147448049e-01,0.000000000000000000e+00,3.244408518683422060e-01,0.000000000000000000e+00,0.000000000000000000e+00,0.000000000000000000e+00,0.000000000000000000e+00,0.000000000000000000e+00,4.005461598887484764e-01,0.000000000000000000e+00,4.877490374957577091e-01,0.000000000000000000e+00,3.895338104392889189e-01,0.000000000000000000e+00,0.000000000000000000e+00,0.000000000000000000e+00,4.656449982091446782e-01,2.650547037987981969e-01,0.000000000000000000e+00,0.000000000000000000e+00,0.000000000000000000e+00,2.708866206360293072e-01,0.000000000000000000e+00,0.000000000000000000e+00,0.000000000000000000e+00,2.289374069654445121e-01,1.880448775532236050e-01,0.000000000000000000e+00,3.638893868356989914e-01,0.000000000000000000e+00,0.000000000000000000e+00,0.000000000000000000e+00,3.764694643821300257e-01,0.000000000000000000e+00,0.000000000000000000e+00,0.000000000000000000e+00,0.000000000000000000e+00,5.007268789794542263e-01,0.000000000000000000e+00,0.000000000000000000e+00,0.000000000000000000e+00,0.000000000000000000e+00,0.000000000000000000e+00,5.078146484490281276e-01,0.000000000000000000e+00,4.386391798235599881e-01,0.000000000000000000e+00,0.000000000000000000e+00,0.000000000000000000e+00,0.000000000000000000e+00,0.000000000000000000e+00,0.000000000000000000e+00,0.000000000000000000e+00,0.000000000000000000e+00,0.000000000000000000e+00,0.000000000000000000e+00,0.000000000000000000e+00,4.479358172741895738e-01,0.000000000000000000e+00,0.000000000000000000e+00,0.000000000000000000e+00,5.059357835300614115e-01,0.000000000000000000e+00,0.000000000000000000e+00,0.000000000000000000e+00,0.000000000000000000e+00
4.070113751099579957e-01,4.702206321858343196e-01,0.000000000000000000e+00,0.000000000000000000e+00,0.000000000000000000e+00,4.832370889635558830e-01,0.000000000000000000e+00,0.000000000000000000e+00,0.000000000000000000e+00,0.000000000000000000e+00,0.000000000000000000e+00,0.000000000000000000e+00,5.195473939985518763e-01,0.000000000000000000e+00,0.000000000000000000e+00,4.650013566791463271e-01,0.000000000000000000e+00,4.430217161064882725e-01,0.000000000000000000e+00,3.995679428184423232e-01,3.679025929094495995e-01,4.084653806428075740e-01,3.969688764910618839e-01,4.553053530071931032e-01,4.302714695081398255e-01,4.535081750628138231e-01,4.421351280467570866e-01,4.763935295464948871e-01,4.207763735010868200e-01,0.000000000000000000e+00,4.575952126499847061e-01,4.779238559801943786e-01,4.516998496654522910e-01,4.901552913245004750e-01,5.409383173673452117e-01,5.302232230991432704e-01,0.000000000000000000e+00,0.000000000000000000e+00,4.905676722163854198e-01,4.643069648316602849e-01,5.212610565712545441e-01,5.551942661202509122e-01,0.000000000000000000e+00,0.000000000000000000e+00,0.000000000000000000e+00,0.000000000000000000e+00,5.564256309006309076e-01,0.000000000000000000e+00,0.000000000000000000e+00,0.000000000000000000e+00,0.000000000000000000e+00,0.000000000000000000e+00,0.000000000000000000e+00,0.000000000000000000e+00,0.000000000000000000e+00,0.000000000000000000e+00,0.000000000000000000e+00,3.982403305937203264e-01,0.000000000000000000e+00,4.937287495314078845e-01,4.625242468521683081e-01,0.000000000000000000e+00,0.000000000000000000e+00,0.000000000000000000e+00,4.679941221481415115e-01,4.711741013259532762e-01,5.295552759988757519e-01,4.913045146332972735e-01,0.000000000000000000e+00,3.808159424405900273e-01,5.901352218894898582e-01,4.855269264960160869e-01,4.630101047843666051e-01,4.763953989017510882e-01,0.000000000000000000e+00,4.668186330622525748e-01
4.222390073824692225e-01,4.454286560477022094e-01,0.000000000000000000e+00,0.000000000000000000e+00,3.994369854209056103e-01,4.284920676360106095e-01,4.974094039418371915e-01,4.719665391998468795e-01,4.127386279204867114e-01,4.463517330159830765e-01,0.000000000000000000e+00,0.000000000000000000e+00,4.921461358072545256e-01,0.000000000000000000e+00,4.650013566791463271e-01,0.000000000000000000e+00,4.317476416293167252e-01,4.214411486194296064e-01,0.000000000000000000e+00,4.497148158843111143e-01,4.315763489316603030e-01,4.407955172678252875e-01,4.648924227542733933e-01,4.377632643523722833e-01,4.211631263165080963e-01,4.619167721370622814e-01,4.625423009263943119e-01,4.884335384060917162e-01,4.639756291325773940e-01,4.120049908192034982e-01,4.206705758929287775e-01,4.571058869896273968e-01,4.063447164285742819e-01,4.487158421684083187e-01,5.084108066105627044e-01,0.000000000000000000e+00,0.000000000000000000e+00,0.000000000000000000e+00,4.577287305231321213e-01,4.393333248743583885e-01,4.464446028809592182e-01,4.626687053085756229e-01,0.000000000000000000e+00,0.000000000000000000e+00,0.000000000000000000e+00,4.540344843126021823e-01,4.899162869458811853e-01,0.000000000000000000e+00,0.000000000000000000e+00,0.000000000000000000e+00,0.000000000000000000e+00,0.000000000000000000e+00,0.000000000000000000e+00,0.000000000000000000e+00,0.000000000000000000e+00,0.000000000000000000e+00,0.000000000000000000e+00,0.000000000000000000e+00,0.000000000000000000e+00,4.806223837562845769e-01,4.518915186356929903e-01,0.000000000000000000e+00,4.078917636082503018e-01,0.000000000000000000e+00,4.539628147894743115e-01,4.877986133030676741e-01,4.839734251829824196e-01,3.343152471365345990e-01,0.000000000000000000e+00,4.429239683154700957e-01,4.977345839497853142e-01,3.931273016576293244e-01,0.000000000000000000e+00,4.102042049955741954e-01,0.000000000000000000e+00,4.342096356730110740e-01
3.852240084805932940e-01,3.321131611274512063e-01,0.000000000000000000e+00,0.000000000000000000e+00,0.000000000000000000e+00,3.061151978354021974e-01,4.506366553470251834e-01,0.000000000000000000e+00,0.000000000000000000e+00,3.564605676061113892e-01,3.635168417539038077e-01,3.802555370027899118e-01,4.812449150415121779e-01,0.000000000000000000e+00,0.000000000000000000e+00,4.317476416293167252e-01,0.000000000000000000e+00,3.897696208080270730e-01,0.000000000000000000e+00,3.934557007269575135e-01,0.000000000000000000e+00,4.354896175374715073e-01,0.000000000000000000e+00,3.782849391077480750e-01,4.039941191374439855e-01,4.315819982801237797e-01,0.000000000000000000e+00,4.625496319233182163e-01,3.728948688914699994e-01,0.000000000000000000e+00,3.889449837934603749e-01,4.267508905309613243e-01,3.671785465099365875e-01,3.991723077919372975e-01,4.321609601040194981e-01,0.000000000000000000e+00,0.000000000000000000e+00,0.000000000000000000e+00,0.000000000000000000e+00,4.193819563824716101e-01,0.000000000000000000e+00,0.000000000000000000e+00,0.000000000000000000e+00,0.000000000000000000e+00,0.000000000000000000e+00,0.000000000000000000e+00,0.000000000000000000e+00,0.000000000000000000e+00,0.000000000000000000e+00,0.000000000000000000e+00,0.000000000000000000e+00,0.000000000000000000e+00,0.000000000000000000e+00,0.000000000000000000e+00,4.433908911788447815e-01,0.000000000000000000e+00,4.647785627482716730e-01,0.000000000000000000e+00,0.000000000000000000e+00,0.000000000000000000e+00,0.000000000000000000e+00,4.560891958452075734e-01,4.502383572442170134e-01,0.000000000000000000e+00,0.000000000000000000e+00,0.000000000000000000e+00,0.000000000000000000e+00,0.000000000000000000e+00,4.588722900461905119e-01,4.393364699453217170e-01,4.608335954256780886e-01,0.000000000000000000e+00,0.000000000000000000e+00,0.000000000000000000e+00,0.000000000000000000e+00,0.000000000000000000e+00
4.048895217108198219e-01,4.364301403026848991e-01,0.000000000000000000e+00,0.000000000000000000e+00,0.000000000000000000e+00,4.017376448630439745e-01,5.113271063194432253e-01,5.138829444461661122e-01,3.558181591530307220e-01,4.130278171069585724e-01,0.000000000000000000e+00,4.475675832526248010e-01,4.913462412151740066e-01,0.000000000000000000e+00,4.430217161064882725e-01,4.214411486194296064e-01,3.897696208080270730e-01,0.000000000000000000e+00,0.000000000000000000e+00,4.475217742237779794e-01,4.497965292930635184e-01,4.439842956643818006e-01,4.673013946829949750e-01,4.029411363219038145e-01,4.107099156453912214e-01,4.317775934407874217e-01,4.648544213819841842e-01,4.666458264499689923e-01,4.495788753225801737e-01,4.085917643782214781e-01,4.148235620614678099e-01,4.209781547968368121e-01,3.700280799107826257e-01,4.199410564404250090e-01,4.542353001261479895e-01,0.000000000000000000e+00,0.000000000000000000e+00,0.000000000000000000e+00,4.279134278371888866e-01,4.153887511915327901e-01,4.199300138992418940e-01,4.777489964515705956e-01,0.000000000000000000e+00,0.000000000000000000e+00,0.000000000000000000e+00,4.395122779185787754e-01,4.650235157881150161e-01,0.000000000000000000e+00,0.000000000000000000e+00,0.000000000000000000e+00,0.000000000000000000e+00,0.000000000000000000e+00,0.000000000000000000e+00,0.000000000000000000e+00,4.190858307933870153e-01,0.000000000000000000e+00,4.562228108452258124e-01,0.000000000000000000e+00,0.000000000000000000e+00,0.000000000000000000e+00,4.118837586152876984e-01,4.068015630026919904e-01,4.111624423260935024e-01,0.000000000000000000e+00,0.000000000000000000e+00,0.000000000000000000e+00,4.691967210381959852e-01,0.000000000000000000e+00,4.818975358490810157e-01,4.221132783819497858e-01,4.503536092811941116e-01,0.000000000000000000e+00,0.000000000000000000e+00,0.000000000000000000e+00,0.000000000000000000e+00,4.182902776643150911e-01
0.000000000000000000e+00,0.000000000000000000e+00,2.584253878042455099e-01,3.912331369131942238e-01,4.141687697080508879e-01,3.337777030013118762e-01,4.634963979653826116e-01,4.184801237790776174e-01,3.027745276403387975e-01,4.451431301730938150e-01,2.660807816591458930e-01,3.904992890333623956e-01,4.683220730859616876e-01,4.005461598887484764e-01,0.000000000000000000e+00,0.000000000000000000e+00,0.000000000000000000e+00,0.000000000000000000e+00,0.000000000000000000e+00,0.000000000000000000e+00,0.000000000000000000e+00,0.000000000000000000e+00,2.767183984686734100e-01,0.000000000000000000e+00,0.000000000000000000e+00,0.000000000000000000e+00,3.728435413669933252e-01,4.612817360333766881e-01,0.000000000000000000e+00,0.000000000000000000e+00,4.765030268159913263e-01,4.138779021313684914e-01,0.000000000000000000e+00,4.728396437095704896e-01,4.618183193176140788e-01,4.004283632140180904e-01,4.315933639564237256e-01,0.000000000000000000e+00,3.989376371440198077e-01,0.000000000000000000e+00,0.000000000000000000e+00,0.000000000000000000e+00,4.212362560895178132e-01,0.000000000000000000e+00,0.000000000000000000e+00,0.000000000000000000e+00,0.000000000000000000e+00,4.634173146605540250e-01,0.000000000000000000e+00,5.036630424302690479e-01,5.609484060721621201e-01,4.839951851270853922e-01,4.966754678195566264e-01,5.504672288757088694e-01,0.000000000000000000e+00,3.830571106207413257e-01,0.000000000000000000e+00,3.943929556801721859e-01,4.726747993414813220e-01,0.000000000000000000e+00,0.000000000000000000e+00,0.000000000000000000e+00,0.000000000000000000e+00,3.844822857374701197e-01,0.000000000000000000e+00,0.000000000000000000e+00,0.000000000000000000e+00,5.114652634078278304e-01,0.000000000000000000e+00,0.000000000000000000e+00,0.000000000000000000e+00,5.535212011334720295e-01,0.000000000000000000e+00,0.000000000000000000e+00,0.000000000000000000e+00,0.000000000000000000e+00
4.476984183180138244e-01,4.574436554960217838e-01,0.000000000000000000e+00,0.000000000000000000e+00,4.635636244833259978e-01,4.415670866621673740e-01,4.556658697027261007e-01,0.000000000000000000e+00,4.561529330950704897e-01,3.161452176913401857e-01,0.000000000000000000e+00,0.000000000000000000e+00,4.703524395575084949e-01,0.000000000000000000e+00,3.995679428184423232e-01,4.497148158843111143e-01,3.934557007269575135e-01,4.475217742237779794e-01,0.000000000000000000e+00,0.000000000000000000e+00,4.164065740225201817e-01,4.204298106750414266e-01,3.744857694915150748e-01,0.000000000000000000e+00,4.295881467745166771e-01,4.854894915315414172e-01,3.919770333289581132e-01,3.949089680832231775e-01,3.596863127331649812e-01,2.470208263177522956e-01,4.054109507457223094e-01,4.722835036061168168e-01,4.009372252343840759e-01,4.720704660373288841e-01,5.244542988530657146e-01,5.219940536095520889e-01,4.368569540957256137e-01,0.000000000000000000e+00,4.782942308808534881e-01,4.441443868137923134e-01,5.179217645306383178e-01,4.961412959070882756e-01,4.256735651716637148e-01,0.000000000000000000e+00,0.000000000000000000e+00,0.000000000000000000e+00,5.460917000135461219e-01,0.000000000000000000e+00,0.000000000000000000e+00,0.000000000000000000e+00,5.096376653620581232e-01,0.000000000000000000e+00,0.000000000000000000e+00,0.000000000000000000e+00,0.000000000000000000e+00,0.000000000000000000e+00,0.000000000000000000e+00,4.133489643524024260e-01,0.000000000000000000e+00,4.800210521533945229e-01,3.306404650332309125e-01,0.000000000000000000e+00,0.000000000000000000e+00,0.000000000000000000e+00,4.822146726781643133e-01,4.601482956982440031e-01,4.826552014504119081e-01,5.017353243164516252e-01,0.000000000000000000e+00,2.791899572434685117e-01,5.114653029978151189e-01,5.033085956806586658e-01,4.852774161681210896e-01,4.872693676735724844e-01,3.885242203908855219e-01,4.457363129711228167e-01
4.162331779029936896e-01,4.348790889950042149e-01,0.000000000000000000e+00,0.000000000000000000e+00,0.000000000000000000e+00,4.377572093958997934e-01,0.000000000000000000e+00,3.211005262841967189e-01,0.000000000000000000e+00,0.000000000000000000e+00,0.000000000000000000e+00,0.000000000000000000e+00,4.889711575371645247e-01,4.877490374957577091e-01,3.679025929094495995e-01,4.315763489316603030e-01,0.000000000000000000e+00,4.497965292930635184e-01,0.000000000000000000e+00,4.164065740225201817e-01,0.000000000000000000e+00,4.263825581317843838e-01,4.003854310187999754e-01,5.014518986090011898e-01,4.363607207094812868e-01,4.358793577603254921e-01,4.518088222655359254e-01,5.073764774532623090e-01,4.221684850036032111e-01,0.000000000000000000e+00,4.487866403650883074e-01,4.395577949619737801e-01,3.920179332733252919e-01,4.456395114858515139e-01,0.000000000000000000e+00,0.000000000000000000e+00,0.000000000000000000e+00,0.000000000000000000e+00,4.321514302183693812e-01,3.360354719936616275e-01,3.985719915600567931e-01,5.070983532642228120e-01,0.000000000000000000e+00,0.000000000000000000e+00,0.000000000000000000e+00,5.186708759149628589e-01,5.264744763252485749e-01,0.000000000000000000e+00,0.000000000000000000e+00,0.000000000000000000e+00,3.988661483201543789e-01,0.000000000000000000e+00,2.098088431368212992e-01,0.000000000000000000e+00,0.000000000000000000e+00,0.000000000000000000e+00,0.000000000000000000e+00,3.437657837849593112e-01,0.000000000000000000e+00,4.575448212503648859e-01,4.699744876761768886e-01,0.000000000000000000e+00,0.000000000000000000e+00,0.000000000000000000e+00,4.479128332370572729e-01,3.096910338291857245e-01,5.121516472722729141e-01,4.396695403121317902e-01,0.000000000000000000e+00,3.958939884741319859e-01,5.314521482379598316e-01,4.513389637949927757e-01,4.259530639562488230e-01,4.262337810032759133e-01,0.000000000000000000e+00,3.763970077337031039e-01
