0.000000000000000000e+00,3.960932955616511819e-01,0.000000000000000000e+00,0.000000000000000000e+00,0.000000000000000000e+00,2.774968441780206740e-01,0.000000000000000000e+00,4.617537230420039052e-01,0.000000000000000000e+00,2.908027295644465826e-01,0.000000000000000000e+00,3.659101814668970776e-01,2.663623170528910955e-01,0.000000000000000000e+00,3.817263123994419916e-01,3.721026831338449248e-01,3.255382047548827096e-01,3.567801578672186169e-01,0.000000000000000000e+00,0.000000000000000000e+00,3.646290087339181807e-01,3.742621257850843874e-01,4.471669544921603179e-01,3.302364388965363107e-01,3.574387061953239741e-01,3.654477985601848888e-01,4.250767190290031805e-01,3.069513740210991770e-01,3.094458790253061808e-01,0.000000000000000000e+00,3.618313974377220799e-01,4.087019767340968057e-01,3.560849479030960829e-01,3.358135124371480762e-01,3.977845261393768150e-01,0.000000000000000000e+00,0.000000000000000000e+00,3.710862654154695184e-01,4.526494903255990909e-01,4.310492901102189744e-01,4.469835536710585200e-01,0.000000000000000000e+00,0.000000000000000000e+00,0.000000000000000000e+00,0.000000000000000000e+00,4.377951474119389230e-01,4.635632274845252199e-01,0.000000000000000000e+00,0.000000000000000000e+00,0.000000000000000000e+00,0.000000000000000000e+00,0.000000000000000000e+00,0.000000000000000000e+00,0.000000000000000000e+00,4.562657729406235929e-01,0.000000000000000000e+00,0.000000000000000000e+00,0.000000000000000000e+00,0.000000000000000000e+00,0.000000000000000000e+00,4.492746087253450815e-01,0.000000000000000000e+00,4.477509401898452923e-01,0.000000000000000000e+00,0.000000000000000000e+00,0.000000000000000000e+00,4.381830901002163881e-01,0.000000000000000000e+00,4.835471886218691839e-01,4.416774273584274102e-01,4.498661420351267037e-01,0.000000000000000000e+00,0.000000000000000000e+00,0.000000000000000000e+00,0.000000000000000000e+00,4.345347921309312134e-01
3.960932955616511819e-01,0.000000000000000000e+00,0.000000000000000000e+00,0.000000000000000000e+00,3.640448149067005978e-01,3.802114849169617727e-01,3.281976584714311751e-01,3.792741460738711101e-01,3.278580671079002751e-01,0.000000000000000000e+00,0.000000000000000000e+00,0.000000000000000000e+00,3.759379905190077809e-01,0.000000000000000000e+00,4.179763210568194776e-01,3.667720244676040964e-01,0.000000000000000000e+00,3.742665241146820865e-01,0.000000000000000000e+00,3.946474134858484195e-01,3.853195099486406150e-01,3.774432637538677193e-01,4.028478915631044099e-01,0.000000000000000000e+00,3.606511921706451740e-01,4.161386590954346820e-01,4.093986811856750174e-01,3.823194625609804831e-01,3.711993314321478943e-01,0.000000000000000000e+00,3.570401376944932204e-01,4.031184544969962924e-01,3.417246212561265151e-01,3.652129355091682794e-01,4.262055061036018055e-01,0.000000000000000000e+00,0.000000000000000000e+00,0.000000000000000000e+00,4.483202052621392264e-01,4.302821183740307975e-01,4.354036741758673945e-01,4.553517424047565099e-01,0.000000000000000000e+00,0.000000000000000000e+00,0.000000000000000000e+00,4.563983656767828245e-01,4.615228160204105090e-01,0.000000000000000000e+00,0.000000000000000000e+00,0.000000000000000000e+00,3.232604854751858214e-01,0.000000000000000000e+00,0.000000000000000000e+00,0.000000000000000000e+00,0.000000000000000000e+00,0.000000000000000000e+00,0.000000000000000000e+00,0.000000000000000000e+00,0.000000000000000000e+00,4.480362842057575845e-01,4.319311399122183759e-01,0.000000000000000000e+00,4.162289088205062826e-01,0.000000000000000000e+00,4.226554475761358787e-01,4.740152275793760861e-01,4.497944047424866088e-01,4.512224937525876056e-01,0.000000000000000000e+00,4.288119338985915130e-01,4.549287716360144174e-01,3.929025646536155048e-01,0.000000000000000000e+00,3.724254526279779931e-01,0.000000000000000000e+00,4.218904307468709924e-01
0.000000000000000000e+00,0.000000000000000000e+00,0.000000000000000000e+00,4.087732246206220998e-01,3.773457891981633061e-01,3.823089616989103212e-01,4.240517148085685140e-01,4.373423896580312942e-01,2.793657448746141858e-01,4.451026160789051112e-01,2.792934508961403273e-01,0.000000000000000000e+00,4.214524015977100801e-01,4.093982606963673110e-01,0.000000000000000000e+00,0.000000000000000000e+00,0.000000000000000000e+00,0.000000000000000000e+00,2.517392209247524826e-01,0.000000000000000000e+00,0.000000000000000000e+00,0.000000000000000000e+00,3.168236667301589926e-01,0.000000000000000000e+00,0.000000000000000000e+00,0.000000000000000000e+00,3.175374326967053129e-01,4.080285670667617159e-01,0.000000000000000000e+00,0.000000000000000000e+00,4.407317925876901854e-01,4.207664436662134078e-01,3.507730795871711882e-01,4.415579975376655031e-01,4.291033454251388934e-01,3.992515078773020143e-01,4.529480786983551277e-01,0.000000000000000000e+00,4.727016852882081066e-01,0.000000000000000000e+00,4.566125719668939209e-01,0.000000000000000000e+00,5.252757067349190789e-01,0.000000000000000000e+00,0.000000000000000000e+00,0.000000000000000000e+00,0.000000000000000000e+00,3.372336690843690810e-01,0.000000000000000000e+00,3.968705279857946966e-01,5.433404120073905830e-01,4.305985616914302927e-01,5.624972305011093354e-01,5.912004120209051194e-01,0.000000000000000000e+00,4.007426572097296247e-01,0.000000000000000000e+00,4.593214347463842051e-01,5.006545741803738458e-01,0.000000000000000000e+00,0.000000000000000000e+00,0.000000000000000000e+00,0.000000000000000000e+00,1.563713766646364078e-01,0.000000000000000000e+00,0.000000000000000000e+00,0.000000000000000000e+00,5.408033370542135732e-01,0.000000000000000000e+00,0.000000000000000000e+00,0.000000000000000000e+00,5.491327487624310111e-01,3.654030962486380929e-01,0.000000000000000000e+00,0.000000000000000000e+00,0.000000000000000000e+00
0.000000000000000000e+00,0.000000000000000000e+00,4.087732246206220998e-01,0.000000000000000000e+00,2.695364170947928129e-01,3.931254950082215815e-01,3.100876181209338833e-01,3.179102304129912127e-01,4.069198539945135806e-01,2.314390357717650004e-01,3.381693804905007150e-01,0.000000000000000000e+00,3.202760982866240114e-01,2.625503838943087920e-01,0.000000000000000000e+00,0.000000000000000000e+00,0.000000000000000000e+00,0.000000000000000000e+00,4.161911107037383206e-01,0.000000000000000000e+00,0.000000000000000000e+00,0.000000000000000000e+00,3.704330451961592163e-01,0.000000000000000000e+00,0.000000000000000000e+00,0.000000000000000000e+00,4.277570095809423156e-01,2.826814490790066081e-01,3.861087745839987262e-01,0.000000000000000000e+00,0.000000000000000000e+00,3.036833607334177842e-01,0.000000000000000000e+00,3.293193796444470189e-01,3.495674899472949737e-01,2.114493508768423013e-01,2.044265276048128077e-01,2.852013416789339062e-01,0.000000000000000000e+00,0.000000000000000000e+00,0.000000000000000000e+00,0.000000000000000000e+00,0.000000000000000000e+00,0.000000000000000000e+00,0.000000000000000000e+00,0.000000000000000000e+00,0.000000000000000000e+00,0.000000000000000000e+00,0.000000000000000000e+00,0.000000000000000000e+00,0.000000000000000000e+00,0.000000000000000000e+00,0.000000000000000000e+00,0.000000000000000000e+00,0.000000000000000000e+00,0.000000000000000000e+00,0.000000000000000000e+00,0.000000000000000000e+00,0.000000000000000000e+00,0.000000000000000000e+00,0.000000000000000000e+00,0.000000000000000000e+00,0.000000000000000000e+00,0.000000000000000000e+00,0.000000000000000000e+00,0.000000000000000000e+00,0.000000000000000000e+00,0.000000000000000000e+00,0.000000000000000000e+00,0.000000000000000000e+00,0.000000000000000000e+00,0.000000000000000000e+00,0.000000000000000000e+00,0.000000000000000000e+00,0.000000000000000000e+00,0.000000000000000000e+00
0.000000000000000000e+00,3.640448149067005978e-01,3.773457891981633061e-01,2.695364170947928129e-01,0.000000000000000000e+00,3.613262048693339223e-01,3.113644269258575847e-01,3.764983917047344808e-01,3.323168222416582052e-01,4.327573546803383797e-01,3.251787754368670180e-01,3.763433134938203861e-01,3.506905168262173245e-01,2.774168718016372104e-01,0.000000000000000000e+00,3.770401241234437872e-01,0.000000000000000000e+00,0.000000000000000000e+00,4.022926056593630895e-01,0.000000000000000000e+00,0.000000000000000000e+00,3.936035744373502787e-01,3.939680100158997056e-01,0.000000000000000000e+00,3.273960258735216233e-01,3.237164295231139133e-01,3.535204901515526799e-01,3.689838867558742908e-01,4.045675475029376078e-01,0.000000000000000000e+00,4.491746256011709959e-01,4.008101577572412144e-01,3.302747250508524246e-01,4.331385507902262844e-01,4.259878369852397872e-01,2.641164709548942113e-01,2.727508429895001973e-01,3.825812233662760908e-01,0.000000000000000000e+00,0.000000000000000000e+00,0.000000000000000000e+00,0.000000000000000000e+00,0.000000000000000000e+00,0.000000000000000000e+00,0.000000000000000000e+00,0.000000000000000000e+00,0.000000000000000000e+00,4.614853408137297164e-01,0.000000000000000000e+00,0.000000000000000000e+00,4.208761716616680748e-01,0.000000000000000000e+00,3.300258548537182146e-01,4.179542378429009775e-01,0.000000000000000000e+00,4.045428228211909172e-01,0.000000000000000000e+00,0.000000000000000000e+00,0.000000000000000000e+00,0.000000000000000000e+00,0.000000000000000000e+00,0.000000000000000000e+00,0.000000000000000000e+00,0.000000000000000000e+00,0.000000000000000000e+00,0.000000000000000000e+00,0.000000000000000000e+00,5.316352675725394272e-01,0.000000000000000000e+00,0.000000000000000000e+00,0.000000000000000000e+00,4.226336747817647232e-01,0.000000000000000000e+00,0.000000000000000000e+00,0.000000000000000000e+00,0.000000000000000000e+00
2.774968441780206740e-01,3.802114849169617727e-01,3.823089616989103212e-01,3.931254950082215815e-01,3.613262048693339223e-01,0.000000000000000000e+00,4.030079612773059816e-01,4.138608912213254110e-01,3.230979498228900848e-01,4.751929161748745245e-01,3.629065206590472159e-01,4.093910708278343802e-01,3.870382787866759045e-01,4.056274129611647239e-01,3.909178527894515143e-01,3.963738166491209136e-01,3.243122190848903852e-01,3.684786586951441234e-01,3.781100436749467164e-01,4.192046971563990199e-01,3.849974578987199747e-01,4.121995769291776912e-01,3.907456125629887866e-01,0.000000000000000000e+00,3.690636614622577749e-01,4.055022380896737277e-01,3.837406485995906169e-01,3.795441339101168765e-01,3.477961393830146797e-01,3.990202185349199238e-01,4.275655982728279736e-01,4.024618982231339959e-01,3.679987774801732892e-01,4.383178466549976227e-01,4.529976146908935020e-01,4.245011380127519107e-01,4.288710240090025105e-01,4.120986724496665810e-01,4.894446608740541937e-01,0.000000000000000000e+00,5.109674815154288119e-01,5.106009189920471814e-01,4.634401153407196050e-01,0.000000000000000000e+00,0.000000000000000000e+00,0.000000000000000000e+00,3.176378739193853051e-01,5.550791738143378007e-01,0.000000000000000000e+00,3.931723171154162810e-01,5.193564411124046432e-01,5.017889757188860322e-01,4.959861501853932153e-01,5.670263762780934913e-01,0.000000000000000000e+00,5.076628200823951609e-01,0.000000000000000000e+00,5.147708625331006704e-01,0.000000000000000000e+00,4.235795885219882928e-01,0.000000000000000000e+00,0.000000000000000000e+00,0.000000000000000000e+00,5.336686137923787321e-01,4.426296383405529111e-01,4.520169634328807251e-01,3.350544534564122157e-01,5.285973238282402065e-01,0.000000000000000000e+00,0.000000000000000000e+00,3.076321862433176735e-01,5.175541305990766228e-01,4.829677118978510930e-01,4.797348787536038772e-01,4.521026651549530095e-01,5.330282873996186055e-01
0.000000000000000000e+00,3.281976584714311751e-01,4.240517148085685140e-01,3.100876181209338833e-01,3.113644269258575847e-01,4.030079612773059816e-01,0.000000000000000000e+00,4.375118429017256227e-01,3.698392925076581239e-01,4.041752744835244160e-01,4.450710922138618741e-01,3.726193313866598134e-01,3.256064079303865877e-01,3.420250793639467157e-01,0.000000000000000000e+00,3.450813951536744195e-01,4.213669180250075863e-01,3.604903252689564130e-01,4.361359848232180259e-01,4.135759136462454078e-01,0.000000000000000000e+00,4.057007396750680894e-01,4.286022599061163896e-01,3.832153534453032750e-01,3.402710501397461784e-01,3.915275668322106273e-01,4.292816135454607940e-01,3.726924833053331110e-01,4.145609388486271030e-01,0.000000000000000000e+00,4.179765903814480210e-01,4.163561831835104199e-01,3.479354440269972204e-01,3.999713761450789939e-01,3.879512108681356097e-01,3.326014457078904085e-01,3.206372480162394956e-01,3.613761985538953003e-01,4.329926574897637881e-01,0.000000000000000000e+00,0.000000000000000000e+00,0.000000000000000000e+00,3.942768469877485082e-01,0.000000000000000000e+00,0.000000000000000000e+00,0.000000000000000000e+00,0.000000000000000000e+00,4.448335060994327850e-01,0.000000000000000000e+00,0.000000000000000000e+00,4.320099244263893024e-01,0.000000000000000000e+00,4.454769283063292895e-01,4.188719487745634074e-01,0.000000000000000000e+00,3.627848705265149243e-01,0.000000000000000000e+00,0.000000000000000000e+00,0.000000000000000000e+00,0.000000000000000000e+00,0.000000000000000000e+00,0.000000000000000000e+00,0.000000000000000000e+00,4.303559656936584155e-01,0.000000000000000000e+00,0.000000000000000000e+00,0.000000000000000000e+00,5.020920437598883623e-01,0.000000000000000000e+00,0.000000000000000000e+00,0.000000000000000000e+00,4.485957241763379733e-01,0.000000000000000000e+00,0.000000000000000000e+00,0.000000000000000000e+00,0.000000000000000000e+00
4.617537230420039052e-01,3.792741460738711101e-01,4.373423896580312942e-01,3.179102304129912127e-01,3.764983917047344808e-01,4.138608912213254110e-01,4.375118429017256227e-01,0.000000000000000000e+00,5.005015653667120867e-01,4.516174806150585197e-01,2.890931941969112073e-01,4.093644726722137084e-01,4.305665561786770068e-01,3.539469017637045800e-01,4.111198906906808892e-01,3.941439164206567147e-01,0.000000000000000000e+00,3.774257033092587865e-01,4.279326766385155856e-01,4.157700837407340977e-01,3.704628981006636845e-01,3.676534779246521945e-01,3.523290031800467847e-01,4.681027212873141163e-01,4.172013417720131234e-01,4.516221031106906758e-01,4.331073698186201915e-01,4.141786404159337187e-01,3.994741073139969068e-01,3.880787943462281064e-01,4.467744818288966191e-01,3.674519901039804970e-01,4.374181797417392992e-01,4.452448341938919918e-01,4.406043847767344146e-01,2.862981972519931251e-01,3.796421630762548127e-01,0.000000000000000000e+00,4.727088855519778754e-01,0.000000000000000000e+00,5.170517989798474323e-01,0.000000000000000000e+00,4.311943877481694831e-01,0.000000000000000000e+00,0.000000000000000000e+00,0.000000000000000000e+00,0.000000000000000000e+00,5.568055368360423918e-01,0.000000000000000000e+00,0.000000000000000000e+00,4.761822689970168776e-01,5.029442871502300960e-01,3.847088037678754735e-01,5.708168140271516755e-01,0.000000000000000000e+00,4.350012574055840964e-01,0.000000000000000000e+00,4.817168036042470125e-01,0.000000000000000000e+00,4.113968838979861209e-01,0.000000000000000000e+00,0.000000000000000000e+00,0.000000000000000000e+00,5.358946413203118375e-01,4.475853721268053254e-01,4.848827930487433213e-01,0.000000000000000000e+00,4.859757291417782787e-01,0.000000000000000000e+00,0.000000000000000000e+00,0.000000000000000000e+00,4.967353181008938856e-01,4.703970779705947125e-01,4.681273137005458884e-01,0.000000000000000000e+00,4.887138521619128761e-01
0.000000000000000000e+00,3.278580671079002751e-01,2.793657448746141858e-01,4.069198539945135806e-01,3.323168222416582052e-01,3.230979498228900848e-01,3.698392925076581239e-01,5.005015653667120867e-01,0.000000000000000000e+00,4.798164904021061106e-01,3.141431874230766197e-01,4.542923969781756943e-01,3.819949936650202105e-01,4.399031223330701068e-01,0.000000000000000000e+00,3.766128563959373898e-01,0.000000000000000000e+00,3.151254894108190263e-01,2.574813346068801079e-01,4.041984342648053952e-01,0.000000000000000000e+00,3.946642977210058079e-01,4.032835484039664076e-01,4.174074754570161749e-01,3.732886612591317932e-01,4.053325481589167834e-01,3.330382113692679225e-01,4.270895713185413056e-01,3.836009626946015882e-01,4.538934519918119137e-01,4.611779751971258889e-01,4.382432000559554064e-01,3.949065402115750079e-01,4.566403106435610870e-01,4.567452835067233874e-01,4.534972441225880169e-01,4.315491863736352074e-01,4.247040423655806252e-01,5.692713880681405936e-01,0.000000000000000000e+00,4.299241687369873000e-01,0.000000000000000000e+00,5.241538472259463788e-01,0.000000000000000000e+00,0.000000000000000000e+00,0.000000000000000000e+00,0.000000000000000000e+00,5.804689771477634652e-01,0.000000000000000000e+00,4.145851316145456877e-01,5.350460500424784049e-01,4.202128037785646253e-01,5.554956856445310009e-01,4.822678095213336902e-01,0.000000000000000000e+00,5.092430360356611230e-01,0.000000000000000000e+00,4.503156087942074004e-01,4.425648157080874778e-01,0.000000000000000000e+00,0.000000000000000000e+00,0.000000000000000000e+00,0.000000000000000000e+00,5.455681629604890448e-01,0.000000000000000000e+00,0.000000000000000000e+00,0.000000000000000000e+00,5.693663456009330215e-01,0.000000000000000000e+00,0.000000000000000000e+00,0.000000000000000000e+00,5.556804905749306300e-01,3.504628671505382043e-01,0.000000000000000000e+00,0.000000000000000000e+00,0.000000000000000000e+00
2.908027295644465826e-01,0.000000000000000000e+00,4.451026160789051112e-01,2.314390357717650004e-01,4.327573546803383797e-01,4.751929161748745245e-01,4.041752744835244160e-01,4.516174806150585197e-01,4.798164904021061106e-01,0.000000000000000000e+00,4.962663628667464133e-01,3.054155057310363741e-01,4.318487087100044142e-01,0.000000000000000000e+00,0.000000000000000000e+00,2.848089715501688213e-01,3.226295071941132075e-01,3.280966742896181954e-01,4.681249927530258259e-01,3.764735845982101203e-01,0.000000000000000000e+00,3.078310800388104895e-01,4.595110904173100863e-01,3.165419998187801176e-01,3.429108011167608105e-01,3.064681484321716276e-01,4.985908455115120042e-01,4.174213845827990932e-01,3.936975616413074808e-01,0.000000000000000000e+00,3.320014756478416040e-01,3.693711457784120133e-01,3.132803754996412726e-01,3.222561233837082928e-01,3.273015429644938190e-01,3.175785569042298140e-01,2.805773185726748165e-01,2.643154597718834209e-01,0.000000000000000000e+00,3.214444370338139234e-01,3.172267078330954782e-01,0.000000000000000000e+00,0.000000000000000000e+00,0.000000000000000000e+00,3.139300112310036139e-01,4.422446626690632043e-01,0.000000000000000000e+00,0.000000000000000000e+00,0.000000000000000000e+00,0.000000000000000000e+00,0.000000000000000000e+00,0.000000000000000000e+00,0.000000000000000000e+00,0.000000000000000000e+00,4.168875991137134807e-01,0.000000000000000000e+00,4.165447197772050858e-01,3.902152091431557168e-01,0.000000000000000000e+00,0.000000000000000000e+00,0.000000000000000000e+00,4.079284892209600888e-01,4.169466625581860764e-01,0.000000000000000000e+00,0.000000000000000000e+00,0.000000000000000000e+00,0.000000000000000000e+00,0.000000000000000000e+00,4.078409414217931128e-01,4.386271785997691852e-01,4.444997343341732243e-01,0.000000000000000000e+00,3.795927988928640140e-01,0.000000000000000000e+00,0.000000000000000000e+00,3.831911005386157143e-01
0.000000000000000000e+00,0.000000000000000000e+00,2.792934508961403273e-01,3.381693804905007150e-01,3.251787754368670180e-01,3.629065206590472159e-01,4.450710922138618741e-01,2.890931941969112073e-01,3.141431874230766197e-01,4.962663628667464133e-01,0.000000000000000000e+00,4.424532251945167971e-01,4.649296345681260267e-01,3.155955351302497935e-01,0.000000000000000000e+00,0.000000000000000000e+00,4.306676104468221133e-01,0.000000000000000000e+00,2.438798853352366069e-01,0.000000000000000000e+00,0.000000000000000000e+00,0.000000000000000000e+00,2.479834867899254058e-01,4.394620308085336879e-01,0.000000000000000000e+00,3.703687845134461809e-01,3.569234152933876136e-01,4.643019356149514776e-01,0.000000000000000000e+00,0.000000000000000000e+00,4.933806701892033963e-01,4.232004433440739177e-01,4.192601327208950179e-01,4.819296858098657821e-01,4.557468883296801887e-01,2.847057053932802728e-01,4.155047135690381199e-01,4.749981286434686867e-01,4.449945023977737169e-01,0.000000000000000000e+00,0.000000000000000000e+00,0.000000000000000000e+00,4.269401199261571023e-01,0.000000000000000000e+00,0.000000000000000000e+00,0.000000000000000000e+00,0.000000000000000000e+00,3.671926017210535020e-01,0.000000000000000000e+00,3.416009026589010844e-01,4.682514670036935223e-01,4.442371665411021242e-01,4.792186259280493132e-01,5.082850970761939591e-01,0.000000000000000000e+00,2.147237603158524966e-01,0.000000000000000000e+00,4.225543834433663215e-01,4.233266756521872898e-01,0.000000000000000000e+00,0.000000000000000000e+00,0.000000000000000000e+00,0.000000000000000000e+00,1.518236863170361883e-01,0.000000000000000000e+00,0.000000000000000000e+00,0.000000000000000000e+00,5.287322927398635519e-01,0.000000000000000000e+00,0.000000000000000000e+00,0.000000000000000000e+00,4.954835834793743232e-01,3.943702469345277128e-01,0.000000000000000000e+00,0.000000000000000000e+00,0.000000000000000000e+00
3.659101814668970776e-01,0.000000000000000000e+00,0.000000000000000000e+00,0.000000000000000000e+00,3.763433134938203861e-01,4.093910708278343802e-01,3.726193313866598134e-01,4.093644726722137084e-01,4.542923969781756943e-01,3.054155057310363741e-01,4.424532251945167971e-01,0.000000000000000000e+00,4.475830672486296735e-01,0.000000000000000000e+00,0.000000000000000000e+00,0.000000000000000000e+00,3.526056764916528086e-01,2.565179508332162128e-01,3.538947163683754948e-01,0.000000000000000000e+00,3.454965505807929271e-01,0.000000000000000000e+00,3.813830421977406071e-01,2.993413809765350098e-01,3.417056015775402078e-01,2.769563958583319274e-01,3.690877005471511763e-01,4.151245200295820004e-01,0.000000000000000000e+00,0.000000000000000000e+00,3.584341010029382102e-01,3.100315724804862949e-01,2.711496041568722259e-01,2.567980478821683121e-01,2.717634818812845743e-01,3.610541091609705266e-01,2.883716984586334742e-01,2.289184927779986944e-01,0.000000000000000000e+00,3.394929206043754144e-01,3.175724109078880142e-01,0.000000000000000000e+00,0.000000000000000000e+00,0.000000000000000000e+00,3.104304571753560005e-01,0.000000000000000000e+00,0.000000000000000000e+00,0.000000000000000000e+00,0.000000000000000000e+00,0.000000000000000000e+00,0.000000000000000000e+00,0.000000000000000000e+00,0.000000000000000000e+00,0.000000000000000000e+00,4.302223286832029259e-01,0.000000000000000000e+00,4.323592624537245244e-01,3.872151753527003915e-01,0.000000000000000000e+00,0.000000000000000000e+00,0.000000000000000000e+00,4.459506220810954824e-01,4.272230030060252259e-01,0.000000000000000000e+00,0.000000000000000000e+00,0.000000000000000000e+00,0.000000000000000000e+00,0.000000000000000000e+00,4.279055400595245251e-01,4.475000950257249088e-01,4.527656445874678748e-01,0.000000000000000000e+00,4.035338872955657186e-01,0.000000000000000000e+00,0.000000000000000000e+00,3.703315739447832766e-01
2.663623170528910955e-01,3.759379905190077809e-01,4.214524015977100801e-01,3.202760982866240114e-01,3.506905168262173245e-01,3.870382787866759045e-01,3.256064079303865877e-01,4.305665561786770068e-01,3.819949936650202105e-01,4.318487087100044142e-01,4.649296345681260267e-01,4.475830672486296735e-01,0.000000000000000000e+00,3.973720290682928868e-01,0.000000000000000000e+00,4.039838323293111211e-01,4.467685587351947207e-01,4.211972082971012776e-01,4.434432383575970249e-01,4.059938200211409276e-01,3.626170177325647170e-01,4.163166458303276252e-01,4.224691736432388267e-01,4.325960636883293131e-01,4.145163061661791271e-01,4.248637397652936798e-01,4.226553918824286771e-01,3.256076164705333786e-01,4.012763001779867111e-01,4.089563080036974219e-01,4.095690148236045824e-01,4.092139101605338780e-01,3.855405814542561260e-01,4.074003163965186913e-01,3.950949722759578009e-01,3.485785514947811192e-01,3.368762625426016122e-01,3.904044192201733265e-01,4.430429737669568935e-01,0.000000000000000000e+00,4.358205179620476821e-01,3.785411558651328168e-01,4.125788065782030056e-01,0.000000000000000000e+00,0.000000000000000000e+00,0.000000000000000000e+00,0.000000000000000000e+00,5.088730721486826036e-01,0.000000000000000000e+00,0.000000000000000000e+00,4.443858226965766156e-01,3.598481514778870127e-01,4.731945722741304761e-01,0.000000000000000000e+00,0.000000000000000000e+00,3.845932204588076164e-01,0.000000000000000000e+00,0.000000000000000000e+00,0.000000000000000000e+00,3.444907743533893174e-01,0.000000000000000000e+00,0.000000000000000000e+00,0.000000000000000000e+00,0.000000000000000000e+00,3.617510487312519118e-01,0.000000000000000000e+00,3.013707919451498185e-01,5.171689037095001940e-01,0.000000000000000000e+00,3.056525679917674876e-01,3.348671917220737981e-01,5.119664752580467271e-01,0.000000000000000000e+00,4.311034705127529953e-01,0.000000000000000000e+00,0.000000000000000000e+00
0.000000000000000000e+00,0.000000000000000000e+00,4.093982606963673110e-01,2.625503838943087920e-01,2.774168718016372104e-01,4.056274129611647239e-01,3.420250793639467157e-01,3.539469017637045800e-01,4.399031223330701068e-01,0.000000000000000000e+00,3.155955351302497935e-01,0.000000000000000000e+00,3.973720290682928868e-01,0.000000000000000000e+00,0.000000000000000000e+00,0.000000000000000000e+00,0.000000000000000000e+00,0.000000000000000000e+00,3.849490582306248077e-01,0.000000000000000000e+00,0.000000000000000000e+00,0.000000000000000000e+00,3.824052360135943851e-01,0.000000000000000000e+00,0.000000000000000000e+00,0.000000000000000000e+00,4.163886622914261815e-01,2.994141630006953991e-01,0.000000000000000000e+00,0.000000000000000000e+00,0.000000000000000000e+00,2.818914735858014109e-01,0.000000000000000000e+00,0.000000000000000000e+00,0.000000000000000000e+00,2.641146953717035117e-01,2.107907659549926038e-01,0.000000000000000000e+00,0.000000000000000000e+00,0.000000000000000000e+00,0.000000000000000000e+00,0.000000000000000000e+00,0.000000000000000000e+00,0.000000000000000000e+00,0.000000000000000000e+00,0.000000000000000000e+00,0.000000000000000000e+00,4.959103281722134215e-01,0.000000000000000000e+00,0.000000000000000000e+00,0.000000000000000000e+00,0.000000000000000000e+00,0.000000000000000000e+00,0.000000000000000000e+00,0.000000000000000000e+00,3.514663128272910164e-01,0.000000000000000000e+00,0.000000000000000000e+00,0.000000000000000000e+00,0.000000000000000000e+00,0.000000000000000000e+00,0.000000000000000000e+00,0.000000000000000000e+00,0.000000000000000000e+00,0.000000000000000000e+00,0.000000000000000000e+00,0.000000000000000000e+00,0.000000000000000000e+00,0.000000000000000000e+00,0.000000000000000000e+00,0.000000000000000000e+00,0.000000000000000000e+00,0.000000000000000000e+00,0.000000000000000000e+00,0.000000000000000000e+00,0.000000000000000000e+00
3.817263123994419916e-01,4.179763210568194776e-01,0.000000000000000000e+00,0.000000000000000000e+00,0.000000000000000000e+00,3.909178527894515143e-01,0.000000000000000000e+00,4.111198906906808892e-01,0.000000000000000000e+00,0.000000000000000000e+00,0.000000000000000000e+00,0.000000000000000000e+00,0.000000000000000000e+00,0.000000000000000000e+00,0.000000000000000000e+00,3.942680663636162763e-01,0.000000000000000000e+00,3.684252280290433168e-01,0.000000000000000000e+00,3.594344807837149269e-01,4.104799682739416200e-01,4.048381221819263853e-01,3.325554690066845898e-01,0.000000000000000000e+00,3.773876930243477146e-01,3.920568720295343201e-01,4.203785954538207803e-01,3.563452964593374905e-01,3.756662609131207753e-01,0.000000000000000000e+00,4.153545773156271936e-01,4.242185065055151250e-01,4.078014085787786125e-01,4.372098627737682763e-01,4.723418106559835183e-01,5.579672544647096277e-01,0.000000000000000000e+00,0.000000000000000000e+00,4.754286095058037898e-01,4.799958974242780063e-01,4.829607223481198197e-01,5.010104159134067814e-01,3.939541562389147211e-01,0.000000000000000000e+00,0.000000000000000000e+00,0.000000000000000000e+00,4.994914246882075082e-01,0.000000000000000000e+00,0.000000000000000000e+00,0.000000000000000000e+00,4.507398025964421961e-01,0.000000000000000000e+00,0.000000000000000000e+00,0.000000000000000000e+00,0.000000000000000000e+00,0.000000000000000000e+00,0.000000000000000000e+00,4.058339441629030264e-01,0.000000000000000000e+00,4.659488887595399920e-01,4.009724754226863808e-01,0.000000000000000000e+00,0.000000000000000000e+00,0.000000000000000000e+00,4.791427372193238221e-01,4.682295990025822086e-01,4.985654263872251191e-01,4.639874055740910164e-01,0.000000000000000000e+00,3.364926845685153878e-01,5.069024842534638475e-01,4.744655134020275833e-01,4.690113418022751057e-01,4.444395017455566865e-01,0.000000000000000000e+00,4.713629870401659927e-01
3.721026831338449248e-01,3.667720244676040964e-01,0.000000000000000000e+00,0.000000000000000000e+00,3.770401241234437872e-01,3.963738166491209136e-01,3.450813951536744195e-01,3.941439164206567147e-01,3.766128563959373898e-01,2.848089715501688213e-01,0.000000000000000000e+00,0.000000000000000000e+00,4.039838323293111211e-01,0.000000000000000000e+00,3.942680663636162763e-01,0.000000000000000000e+00,3.591948646849041915e-01,3.292747051549806958e-01,0.000000000000000000e+00,3.967452362452604797e-01,3.722478954342963164e-01,3.375083549996156229e-01,3.930156962309995228e-01,3.284530500719629043e-01,3.593961457470867815e-01,3.903881359866555045e-01,3.993924794519390087e-01,3.654189816654159206e-01,3.969448995301532723e-01,3.876814046240512068e-01,3.382356605014432138e-01,4.209602157712064030e-01,3.616278808870367900e-01,3.590928150111720174e-01,4.219933219128884083e-01,0.000000000000000000e+00,0.000000000000000000e+00,0.000000000000000000e+00,4.244899975195455810e-01,4.020761825070112150e-01,3.994858471340392847e-01,0.000000000000000000e+00,0.000000000000000000e+00,0.000000000000000000e+00,0.000000000000000000e+00,4.330692915009012878e-01,4.274671802916895080e-01,0.000000000000000000e+00,0.000000000000000000e+00,0.000000000000000000e+00,0.000000000000000000e+00,0.000000000000000000e+00,0.000000000000000000e+00,0.000000000000000000e+00,0.000000000000000000e+00,0.000000000000000000e+00,0.000000000000000000e+00,0.000000000000000000e+00,0.000000000000000000e+00,0.000000000000000000e+00,4.051320237060533902e-01,0.000000000000000000e+00,4.095639329941894724e-01,0.000000000000000000e+00,3.870943587093886862e-01,0.000000000000000000e+00,4.224922653029691832e-01,4.310486505577574845e-01,0.000000000000000000e+00,4.146946370020531125e-01,4.333649735686935789e-01,4.117330123996426061e-01,0.000000000000000000e+00,3.310603282224535149e-01,0.000000000000000000e+00,3.902008344802719852e-01
3.255382047548827096e-01,0.000000000000000000e+00,0.000000000000000000e+00,0.000000000000000000e+00,0.000000000000000000e+00,3.243122190848903852e-01,4.213669180250075863e-01,0.000000000000000000e+00,0.000000000000000000e+00,3.226295071941132075e-01,4.306676104468221133e-01,3.526056764916528086e-01,4.467685587351947207e-01,0.000000000000000000e+00,0.000000000000000000e+00,3.591948646849041915e-01,0.000000000000000000e+00,3.096355319469660250e-01,0.000000000000000000e+00,3.525798912074940006e-01,0.000000000000000000e+00,3.257981454484218942e-01,0.000000000000000000e+00,3.533072665893132736e-01,3.371367741173412202e-01,3.346813125211985929e-01,0.000000000000000000e+00,4.296357090675043122e-01,3.161855482789546201e-01,0.000000000000000000e+00,3.395185531588357231e-01,4.195447646342098103e-01,3.521712817025977049e-01,3.673678314550878898e-01,4.036901306805105172e-01,0.000000000000000000e+00,0.000000000000000000e+00,3.243181992709189831e-01,0.000000000000000000e+00,3.454786256989121895e-01,0.000000000000000000e+00,0.000000000000000000e+00,0.000000000000000000e+00,0.000000000000000000e+00,0.000000000000000000e+00,0.000000000000000000e+00,0.000000000000000000e+00,0.000000000000000000e+00,0.000000000000000000e+00,0.000000000000000000e+00,0.000000000000000000e+00,0.000000000000000000e+00,0.000000000000000000e+00,0.000000000000000000e+00,4.312309579889530009e-01,0.000000000000000000e+00,4.180730223628377762e-01,0.000000000000000000e+00,0.000000000000000000e+00,0.000000000000000000e+00,0.000000000000000000e+00,3.839987501755788846e-01,3.936630069375438024e-01,0.000000000000000000e+00,0.000000000000000000e+00,0.000000000000000000e+00,0.000000000000000000e+00,0.000000000000000000e+00,4.054858964571519953e-01,4.269524097159140275e-01,4.312281304053042219e-01,0.000000000000000000e+00,0.000000000000000000e+00,0.000000000000000000e+00,0.000000000000000000e+00,0.000000000000000000e+00
3.567801578672186169e-01,3.742665241146820865e-01,0.000000000000000000e+00,0.000000000000000000e+00,0.000000000000000000e+00,3.684786586951441234e-01,3.604903252689564130e-01,3.774257033092587865e-01,3.151254894108190263e-01,3.280966742896181954e-01,0.000000000000000000e+00,2.565179508332162128e-01,4.211972082971012776e-01,0.000000000000000000e+00,3.684252280290433168e-01,3.292747051549806958e-01,3.096355319469660250e-01,0.000000000000000000e+00,0.000000000000000000e+00,3.889311388840118178e-01,3.662115131847364924e-01,3.687669856058390927e-01,3.873076884815064846e-01,3.305960946416459101e-01,3.308265835936544108e-01,3.457691270641621850e-01,3.737022203637663242e-01,4.119288204202760095e-01,3.853352590459345750e-01,0.000000000000000000e+00,3.515366845074702207e-01,4.071411022591555073e-01,3.558757322367802067e-01,3.699845856672164257e-01,4.087099053735817056e-01,0.000000000000000000e+00,0.000000000000000000e+00,0.000000000000000000e+00,3.907655367070045904e-01,3.923282200843841161e-01,4.180278170059212872e-01,0.000000000000000000e+00,0.000000000000000000e+00,0.000000000000000000e+00,0.000000000000000000e+00,4.194118106286566783e-01,3.967818415622754724e-01,0.000000000000000000e+00,0.000000000000000000e+00,0.000000000000000000e+00,0.000000000000000000e+00,0.000000000000000000e+00,0.000000000000000000e+00,0.000000000000000000e+00,4.091151258039347760e-01,0.000000000000000000e+00,3.760893294701013745e-01,0.000000000000000000e+00,0.000000000000000000e+00,0.000000000000000000e+00,3.919692968110570774e-01,3.971616806734644123e-01,4.108257814613828773e-01,0.000000000000000000e+00,0.000000000000000000e+00,0.000000000000000000e+00,3.528413009223487773e-01,0.000000000000000000e+00,3.994971772267916776e-01,4.193388295970856827e-01,4.249066456795886904e-01,0.000000000000000000e+00,0.000000000000000000e+00,0.000000000000000000e+00,0.000000000000000000e+00,4.275673496620079894e-01
0.000000000000000000e+00,0.000000000000000000e+00,2.517392209247524826e-01,4.161911107037383206e-01,4.022926056593630895e-01,3.781100436749467164e-01,4.361359848232180259e-01,4.279326766385155856e-01,2.574813346068801079e-01,4.681249927530258259e-01,2.438798853352366069e-01,3.538947163683754948e-01,4.434432383575970249e-01,3.849490582306248077e-01,0.000000000000000000e+00,0.000000000000000000e+00,0.000000000000000000e+00,0.000000000000000000e+00,0.000000000000000000e+00,0.000000000000000000e+00,0.000000000000000000e+00,0.000000000000000000e+00,2.955943550353539728e-01,0.000000000000000000e+00,0.000000000000000000e+00,0.000000000000000000e+00,3.616109466313197074e-01,4.412667153571179779e-01,0.000000000000000000e+00,0.000000000000000000e+00,4.638060113331490264e-01,4.367104789558021172e-01,0.000000000000000000e+00,4.689553986819117171e-01,4.699784307543871109e-01,3.646644620327618158e-01,4.482182453263818811e-01,4.122215233315659200e-01,5.244492506271745125e-01,0.000000000000000000e+00,0.000000000000000000e+00,0.000000000000000000e+00,5.242368483059323125e-01,0.000000000000000000e+00,0.000000000000000000e+00,0.000000000000000000e+00,0.000000000000000000e+00,3.154443257417391955e-01,0.000000000000000000e+00,4.836626579398528025e-01,5.263130738926391494e-01,5.048113924541486330e-01,5.859351692964577252e-01,5.860748824018988667e-01,0.000000000000000000e+00,2.561830211583113748e-01,0.000000000000000000e+00,4.742563170379164861e-01,5.102048035197237486e-01,0.000000000000000000e+00,0.000000000000000000e+00,0.000000000000000000e+00,0.000000000000000000e+00,5.577552225972707278e-01,0.000000000000000000e+00,0.000000000000000000e+00,0.000000000000000000e+00,5.864510268960174688e-01,0.000000000000000000e+00,0.000000000000000000e+00,0.000000000000000000e+00,5.583352550623925659e-01,0.000000000000000000e+00,0.000000000000000000e+00,0.000000000000000000e+00,0.000000000000000000e+00
0.000000000000000000e+00,3.946474134858484195e-01,0.000000000000000000e+00,0.000000000000000000e+00,0.000000000000000000e+00,4.192046971563990199e-01,4.135759136462454078e-01,4.157700837407340977e-01,4.041984342648053952e-01,3.764735845982101203e-01,0.000000000000000000e+00,0.000000000000000000e+00,4.059938200211409276e-01,0.000000000000000000e+00,3.594344807837149269e-01,3.967452362452604797e-01,3.525798912074940006e-01,3.889311388840118178e-01,0.000000000000000000e+00,0.000000000000000000e+00,4.075834529684004837e-01,3.528832916545576737e-01,3.313831133224948156e-01,0.000000000000000000e+00,3.680644692217804881e-01,4.127591836778752854e-01,3.576787141885249266e-01,3.675482803632967865e-01,3.238173421190218004e-01,3.646319529678834215e-01,3.920862759634450856e-01,4.251685437277243906e-01,3.627896399505320946e-01,4.321946571414125859e-01,4.695084301161132068e-01,5.138362818911758056e-01,4.445211050620108129e-01,0.000000000000000000e+00,4.534036147773867209e-01,3.887480080764740276e-01,4.380706902370651856e-01,4.902538228291237754e-01,3.453143571483603957e-01,0.000000000000000000e+00,0.000000000000000000e+00,0.000000000000000000e+00,3.896170778161728854e-01,0.000000000000000000e+00,0.000000000000000000e+00,0.000000000000000000e+00,4.257801204384287219e-01,0.000000000000000000e+00,0.000000000000000000e+00,0.000000000000000000e+00,0.000000000000000000e+00,0.000000000000000000e+00,0.000000000000000000e+00,3.721829832584698239e-01,0.000000000000000000e+00,4.715914189124988942e-01,2.978169040767004727e-01,0.000000000000000000e+00,0.000000000000000000e+00,0.000000000000000000e+00,4.660842879894293023e-01,4.395691458044191924e-01,4.613701512703122232e-01,4.829076930050641980e-01,0.000000000000000000e+00,2.960128475430410799e-01,4.684642048826759275e-01,4.776692553966817023e-01,4.511257475119193061e-01,4.334571701825126189e-01,4.326408964736361829e-01,4.810897604035784814e-01
3.646290087339181807e-01,3.853195099486406150e-01,0.000000000000000000e+00,0.000000000000000000e+00,0.000000000000000000e+00,3.849974578987199747e-01,0.000000000000000000e+00,3.704628981006636845e-01,0.000000000000000000e+00,0.000000000000000000e+00,0.000000000000000000e+00,3.454965505807929271e-01,3.626170177325647170e-01,0.000000000000000000e+00,4.104799682739416200e-01,3.722478954342963164e-01,0.000000000000000000e+00,3.662115131847364924e-01,0.000000000000000000e+00,4.075834529684004837e-01,0.000000000000000000e+00,4.064166615122621895e-01,3.886399892241175213e-01,4.288473886298522220e-01,3.684674891822672937e-01,4.156526162204151054e-01,4.132718054563838117e-01,3.666138820636481999e-01,3.655422231525329857e-01,0.000000000000000000e+00,3.580245589765652103e-01,3.913738066432241869e-01,3.589587946944620134e-01,3.777164253247489167e-01,4.214995659262745775e-01,0.000000000000000000e+00,0.000000000000000000e+00,0.000000000000000000e+00,4.685613381855708859e-01,4.417508265749489071e-01,5.113682009092193059e-01,5.616028966480290929e-01,0.000000000000000000e+00,0.000000000000000000e+00,0.000000000000000000e+00,3.945798354663084817e-01,4.855301140000912175e-01,0.000000000000000000e+00,0.000000000000000000e+00,0.000000000000000000e+00,4.498165846953383062e-01,0.000000000000000000e+00,4.284232955539351018e-01,0.000000000000000000e+00,0.000000000000000000e+00,0.000000000000000000e+00,0.000000000000000000e+00,0.000000000000000000e+00,0.000000000000000000e+00,4.661596608517212803e-01,4.324651884855482131e-01,0.000000000000000000e+00,0.000000000000000000e+00,0.000000000000000000e+00,4.739525062837973146e-01,4.234482988817591109e-01,4.812953554653524035e-01,4.335935643642521153e-01,0.000000000000000000e+00,3.964696642365809764e-01,4.892938273068280219e-01,4.664339123463411840e-01,4.170658220993411214e-01,4.391962605986721724e-01,0.000000000000000000e+00,5.015252291355658532e-01
