0.000000000000000000e+00,3.821204663052338857e-01,0.000000000000000000e+00,0.000000000000000000e+00,0.000000000000000000e+00,3.563944829729570052e-01,0.000000000000000000e+00,5.207606129445091492e-01,0.000000000000000000e+00,3.918275002317386790e-01,0.000000000000000000e+00,4.132622392540659106e-01,3.253850133202562112e-01,0.000000000000000000e+00,3.694725514208099248e-01,3.904050265613481230e-01,3.505486274236965794e-01,3.507738478559140893e-01,0.000000000000000000e+00,4.102083282440647793e-01,4.424705816163572725e-01,3.809881610708306110e-01,4.581715860291741826e-01,4.223995838101745059e-01,3.506292880995163230e-01,3.573000661365169917e-01,4.213449257893119859e-01,3.334127031798236884e-01,3.724374589357147269e-01,0.000000000000000000e+00,3.616199559404604802e-01,3.975000455878677785e-01,3.083270617841272210e-01,3.513423117823409880e-01,3.814733325018080934e-01,0.000000000000000000e+00,0.000000000000000000e+00,0.000000000000000000e+00,4.317550558045746834e-01,3.806123488029540258e-01,4.053149338301564875e-01,0.000000000000000000e+00,0.000000000000000000e+00,0.000000000000000000e+00,0.000000000000000000e+00,3.712994715902566134e-01,4.533464619590976130e-01,0.000000000000000000e+00,0.000000000000000000e+00,0.000000000000000000e+00,0.000000000000000000e+00,0.000000000000000000e+00,0.000000000000000000e+00,0.000000000000000000e+00,0.000000000000000000e+00,0.000000000000000000e+00,0.000000000000000000e+00,0.000000000000000000e+00,0.000000000000000000e+00,0.000000000000000000e+00,4.272858309422293277e-01,0.000000000000000000e+00,4.087220382938376861e-01,0.000000000000000000e+00,0.000000000000000000e+00,0.000000000000000000e+00,4.426183812403514106e-01,0.000000000000000000e+00,0.000000000000000000e+00,4.224485530339667227e-01,4.275853455770086131e-01,0.000000000000000000e+00,0.000000000000000000e+00,0.000000000000000000e+00,0.000000000000000000e+00,4.057019957698634882e-01
3.821204663052338857e-01,0.000000000000000000e+00,0.000000000000000000e+00,0.000000000000000000e+00,3.789198424156560163e-01,3.922196686130935972e-01,4.142281917599849872e-01,4.562678314650578937e-01,3.470968247112034000e-01,0.000000000000000000e+00,0.000000000000000000e+00,0.000000000000000000e+00,4.362261165999321011e-01,0.000000000000000000e+00,3.936303284615247922e-01,3.835961598237971892e-01,0.000000000000000000e+00,3.852531687404970873e-01,0.000000000000000000e+00,4.282732254814601847e-01,3.812134120564448780e-01,3.962840903231539813e-01,3.975025768342603794e-01,0.000000000000000000e+00,3.381133541690602984e-01,3.920280583209483916e-01,3.981211982026415797e-01,4.454849851769239200e-01,4.219252569282795906e-01,0.000000000000000000e+00,3.677974244811855198e-01,4.052111311825933870e-01,3.306829869341622041e-01,3.728549199432500960e-01,4.156884813351158781e-01,0.000000000000000000e+00,0.000000000000000000e+00,0.000000000000000000e+00,4.430504156096615742e-01,4.279330842127553880e-01,4.289080256405202185e-01,4.610311913201756151e-01,0.000000000000000000e+00,0.000000000000000000e+00,0.000000000000000000e+00,4.225852051211669846e-01,4.565856178850717928e-01,0.000000000000000000e+00,0.000000000000000000e+00,0.000000000000000000e+00,3.428390410545431033e-01,0.000000000000000000e+00,0.000000000000000000e+00,0.000000000000000000e+00,0.000000000000000000e+00,0.000000000000000000e+00,0.000000000000000000e+00,0.000000000000000000e+00,0.000000000000000000e+00,4.673087862172630724e-01,4.425135906083936255e-01,0.000000000000000000e+00,4.225207538745072156e-01,0.000000000000000000e+00,4.124683287154716771e-01,4.293983393833031847e-01,4.552985791211949795e-01,4.006378423125863120e-01,0.000000000000000000e+00,4.372316801315723755e-01,4.570076660776041244e-01,3.819386842954408112e-01,0.000000000000000000e+00,4.102835780816698752e-01,0.000000000000000000e+00,4.127603703940567748e-01
0.000000000000000000e+00,0.000000000000000000e+00,0.000000000000000000e+00,3.120320865852491132e-01,3.859744285181028745e-01,3.765292261345994929e-01,4.211882276826123817e-01,4.291603278163320101e-01,3.261700587222199910e-01,4.005632798696378005e-01,3.180746028281533078e-01,3.261935395265301851e-01,4.376900914397635067e-01,3.574597491737379062e-01,0.000000000000000000e+00,0.000000000000000000e+00,0.000000000000000000e+00,0.000000000000000000e+00,3.089731315215369922e-01,0.000000000000000000e+00,0.000000000000000000e+00,0.000000000000000000e+00,3.252443428197839825e-01,0.000000000000000000e+00,0.000000000000000000e+00,0.000000000000000000e+00,3.307703453270122163e-01,4.541664076869640909e-01,0.000000000000000000e+00,0.000000000000000000e+00,4.679486760305313076e-01,4.185749146770547102e-01,3.177985801057093274e-01,4.589364715997608091e-01,4.365919300694747207e-01,3.734944637863248929e-01,4.283254839766019728e-01,0.000000000000000000e+00,4.304523827888578902e-01,0.000000000000000000e+00,3.905913876903153170e-01,0.000000000000000000e+00,4.941122400955034188e-01,0.000000000000000000e+00,0.000000000000000000e+00,0.000000000000000000e+00,0.000000000000000000e+00,4.194000694486184067e-01,0.000000000000000000e+00,3.959255233576889910e-01,5.226949568867504947e-01,4.067752405099802071e-01,5.295032037100745326e-01,5.500105158634818192e-01,0.000000000000000000e+00,3.959662897206677745e-01,0.000000000000000000e+00,4.028180072978674864e-01,4.744778615523643772e-01,0.000000000000000000e+00,0.000000000000000000e+00,0.000000000000000000e+00,0.000000000000000000e+00,3.915348684775826205e-01,0.000000000000000000e+00,0.000000000000000000e+00,0.000000000000000000e+00,5.372120150828670893e-01,0.000000000000000000e+00,0.000000000000000000e+00,0.000000000000000000e+00,5.242939371722128428e-01,3.720413582683287923e-01,0.000000000000000000e+00,0.000000000000000000e+00,0.000000000000000000e+00
0.000000000000000000e+00,0.000000000000000000e+00,3.120320865852491132e-01,0.000000000000000000e+00,2.107474960765090000e-01,3.633216752990168774e-01,2.761918029907715066e-01,3.167777202768939926e-01,3.861480755343105198e-01,0.000000000000000000e+00,2.970813074787752028e-01,2.775573177290612814e-01,3.098609517737855867e-01,2.353444914671506127e-01,0.000000000000000000e+00,0.000000000000000000e+00,0.000000000000000000e+00,0.000000000000000000e+00,3.106620644684380816e-01,4.064169067611014818e-01,0.000000000000000000e+00,0.000000000000000000e+00,3.484163422813784106e-01,0.000000000000000000e+00,0.000000000000000000e+00,0.000000000000000000e+00,3.872272774685738272e-01,2.248357007189200896e-01,0.000000000000000000e+00,0.000000000000000000e+00,0.000000000000000000e+00,2.612611757069275842e-01,0.000000000000000000e+00,2.541897007781154794e-01,2.668320437012041135e-01,1.923943674690322958e-01,1.803304664141623936e-01,0.000000000000000000e+00,0.000000000000000000e+00,0.000000000000000000e+00,0.000000000000000000e+00,0.000000000000000000e+00,0.000000000000000000e+00,0.000000000000000000e+00,0.000000000000000000e+00,0.000000000000000000e+00,0.000000000000000000e+00,0.000000000000000000e+00,0.000000000000000000e+00,0.000000000000000000e+00,0.000000000000000000e+00,0.000000000000000000e+00,0.000000000000000000e+00,0.000000000000000000e+00,0.000000000000000000e+00,0.000000000000000000e+00,0.000000000000000000e+00,0.000000000000000000e+00,0.000000000000000000e+00,0.000000000000000000e+00,0.000000000000000000e+00,0.000000000000000000e+00,0.000000000000000000e+00,0.000000000000000000e+00,0.000000000000000000e+00,0.000000000000000000e+00,0.000000000000000000e+00,0.000000000000000000e+00,0.000000000000000000e+00,0.000000000000000000e+00,0.000000000000000000e+00,0.000000000000000000e+00,0.000000000000000000e+00,0.000000000000000000e+00,0.000000000000000000e+00,0.000000000000000000e+00
0.000000000000000000e+00,3.789198424156560163e-01,3.859744285181028745e-01,2.107474960765090000e-01,0.000000000000000000e+00,3.759688271233359025e-01,3.243421497022555000e-01,3.655364830298695744e-01,3.511969109279283741e-01,4.243805378539136086e-01,3.250547804079151892e-01,3.856618484326670981e-01,3.889815743205924936e-01,2.302445066690564091e-01,0.000000000000000000e+00,4.020009676669277776e-01,0.000000000000000000e+00,0.000000000000000000e+00,3.737798021685533878e-01,4.197035069815793218e-01,0.000000000000000000e+00,4.262098181869989899e-01,3.825290720919234944e-01,0.000000000000000000e+00,3.133645528325866847e-01,3.305700175691890230e-01,3.827016314638453931e-01,3.953197479946936044e-01,4.021329711697149145e-01,0.000000000000000000e+00,4.442630201370951770e-01,3.420760820870120122e-01,3.355769370836684251e-01,4.340661761365904869e-01,3.857831055837311895e-01,2.364679735258664872e-01,3.170442201669366189e-01,3.629401736236667064e-01,3.742842890953138046e-01,0.000000000000000000e+00,0.000000000000000000e+00,0.000000000000000000e+00,0.000000000000000000e+00,0.000000000000000000e+00,0.000000000000000000e+00,0.000000000000000000e+00,0.000000000000000000e+00,4.447911943229311271e-01,0.000000000000000000e+00,0.000000000000000000e+00,4.137942807780813914e-01,0.000000000000000000e+00,0.000000000000000000e+00,4.113666263694735203e-01,0.000000000000000000e+00,3.844923436478998036e-01,0.000000000000000000e+00,0.000000000000000000e+00,0.000000000000000000e+00,0.000000000000000000e+00,0.000000000000000000e+00,0.000000000000000000e+00,0.000000000000000000e+00,4.131248211999213882e-01,0.000000000000000000e+00,0.000000000000000000e+00,0.000000000000000000e+00,5.030868609693911475e-01,0.000000000000000000e+00,0.000000000000000000e+00,0.000000000000000000e+00,4.158356602384624123e-01,0.000000000000000000e+00,0.000000000000000000e+00,0.000000000000000000e+00,0.000000000000000000e+00
3.563944829729570052e-01,3.922196686130935972e-01,3.765292261345994929e-01,3.633216752990168774e-01,3.759688271233359025e-01,0.000000000000000000e+00,3.950696186256982823e-01,3.712346258387699827e-01,3.333285264765268874e-01,4.373666179338633886e-01,3.834431241118869127e-01,3.541387035724203880e-01,3.629072538637694856e-01,3.763017997295938777e-01,4.016620731304068048e-01,4.291539235349500214e-01,3.033849986005076049e-01,4.066911983603830882e-01,4.181536383515643829e-01,3.998523110320124085e-01,3.709818062136842065e-01,4.168357454567164222e-01,3.740969740797904231e-01,0.000000000000000000e+00,3.626967923128168736e-01,3.991017207044533222e-01,3.730458848035111963e-01,3.788235197145841116e-01,3.511995110674043241e-01,4.077068915317231812e-01,4.053201627228035231e-01,3.921856429600281135e-01,3.697995859763876791e-01,4.192312401822906875e-01,4.060937880021929791e-01,4.227672100350414186e-01,4.148472700006842206e-01,3.713199893302597809e-01,4.621582696330768791e-01,0.000000000000000000e+00,4.325818997622140061e-01,3.771463456092065125e-01,4.336968674843543758e-01,0.000000000000000000e+00,0.000000000000000000e+00,0.000000000000000000e+00,3.068002361705912118e-01,5.041379596110595607e-01,0.000000000000000000e+00,3.740784243128554842e-01,4.737053999466929732e-01,4.102827921717630000e-01,4.295083589734581819e-01,5.186758230984656048e-01,0.000000000000000000e+00,4.010203272719706225e-01,0.000000000000000000e+00,4.194400337734200956e-01,0.000000000000000000e+00,3.579384495213296935e-01,0.000000000000000000e+00,0.000000000000000000e+00,0.000000000000000000e+00,4.701048156824136903e-01,3.681585450032487938e-01,3.791491207286540877e-01,3.156919092659571935e-01,4.813819698487679100e-01,0.000000000000000000e+00,0.000000000000000000e+00,3.233733311556389878e-01,4.744514751129673136e-01,4.477138389434098253e-01,4.593079589941190810e-01,4.373270854703416033e-01,4.632935201437705097e-01
0.000000000000000000e+00,4.142281917599849872e-01,4.211882276826123817e-01,2.761918029907715066e-01,3.243421497022555000e-01,3.950696186256982823e-01,0.000000000000000000e+00,4.088256154565919065e-01,3.923169368010400171e-01,4.101047129892008147e-01,4.091426588577531942e-01,3.825495539509123910e-01,3.418540764716734848e-01,3.310006498008187803e-01,0.000000000000000000e+00,4.493066302050480187e-01,3.724515633943132897e-01,4.079147045553738749e-01,4.277988412055730993e-01,4.327714924503496263e-01,0.000000000000000000e+00,4.507165810568362074e-01,3.994218524104011236e-01,4.074621869434549848e-01,3.762190989521252971e-01,3.905332406934902134e-01,4.029465642967081096e-01,3.926644099433936885e-01,4.191153008990968210e-01,0.000000000000000000e+00,4.302531071569130061e-01,3.711630880169570212e-01,3.768258496395087143e-01,4.039154207199400215e-01,3.787863368597019775e-01,2.991545129270830050e-01,3.563263269281671808e-01,3.755669677181677768e-01,3.645460689018908962e-01,0.000000000000000000e+00,3.769927360383918957e-01,0.000000000000000000e+00,0.000000000000000000e+00,0.000000000000000000e+00,0.000000000000000000e+00,0.000000000000000000e+00,0.000000000000000000e+00,3.996192936138576179e-01,0.000000000000000000e+00,0.000000000000000000e+00,3.833503529680349908e-01,0.000000000000000000e+00,4.090429780400480775e-01,3.800388929427300777e-01,0.000000000000000000e+00,0.000000000000000000e+00,0.000000000000000000e+00,0.000000000000000000e+00,0.000000000000000000e+00,0.000000000000000000e+00,0.000000000000000000e+00,0.000000000000000000e+00,0.000000000000000000e+00,3.900176420390488730e-01,0.000000000000000000e+00,0.000000000000000000e+00,0.000000000000000000e+00,4.716591447834243001e-01,0.000000000000000000e+00,0.000000000000000000e+00,0.000000000000000000e+00,4.066265962607837903e-01,0.000000000000000000e+00,0.000000000000000000e+00,0.000000000000000000e+00,0.000000000000000000e+00
5.207606129445091492e-01,4.562678314650578937e-01,4.291603278163320101e-01,3.167777202768939926e-01,3.655364830298695744e-01,3.712346258387699827e-01,4.088256154565919065e-01,0.000000000000000000e+00,4.648983092327458877e-01,4.405427849504502946e-01,3.167247464321866213e-01,4.391199246258591926e-01,4.066739501913336219e-01,3.290675878407822164e-01,0.000000000000000000e+00,4.520942038320581724e-01,0.000000000000000000e+00,4.479069058990222119e-01,3.970408430657990095e-01,3.918068708085228891e-01,4.299464521664055905e-01,3.944751144640892271e-01,3.354514240977646833e-01,5.282884669186191928e-01,4.858044478520340270e-01,4.880395664585651105e-01,4.082111979539008728e-01,4.132022272682325248e-01,3.843190824219497870e-01,4.035562919112006264e-01,4.344124423075824137e-01,3.706975443801147074e-01,4.304441411103622217e-01,4.331047091616976874e-01,4.163162369385752237e-01,2.961155204207889247e-01,3.982124224984309180e-01,0.000000000000000000e+00,4.425481835850160195e-01,0.000000000000000000e+00,4.794549938149709756e-01,0.000000000000000000e+00,4.155149220715136926e-01,0.000000000000000000e+00,0.000000000000000000e+00,0.000000000000000000e+00,0.000000000000000000e+00,5.261367968854749888e-01,0.000000000000000000e+00,4.553459605333142202e-01,4.530532937363189738e-01,4.431970907143095162e-01,4.020523669373117781e-01,5.270410701552447064e-01,0.000000000000000000e+00,4.323471744530167915e-01,0.000000000000000000e+00,4.161991822490438975e-01,4.549954545020841734e-01,0.000000000000000000e+00,0.000000000000000000e+00,0.000000000000000000e+00,0.000000000000000000e+00,4.819531920440189854e-01,0.000000000000000000e+00,4.077648042611152768e-01,0.000000000000000000e+00,4.657975769120223930e-01,0.000000000000000000e+00,0.000000000000000000e+00,0.000000000000000000e+00,4.864862324807162075e-01,4.354913575117264068e-01,4.087003776922720211e-01,0.000000000000000000e+00,4.450737529262360770e-01
0.000000000000000000e+00,3.470968247112034000e-01,3.261700587222199910e-01,3.861480755343105198e-01,3.511969109279283741e-01,3.333285264765268874e-01,3.923169368010400171e-01,4.648983092327458877e-01,0.000000000000000000e+00,4.513624406839020775e-01,3.428656028578498938e-01,3.899031641501687906e-01,4.074804857151290149e-01,3.744063679784491172e-01,0.000000000000000000e+00,4.239225933771916810e-01,0.000000000000000000e+00,3.279903964755632173e-01,3.010180241532570133e-01,4.035333117429770744e-01,0.000000000000000000e+00,4.036319169939940887e-01,3.966252004135640274e-01,3.883102503546759787e-01,2.894832156714616800e-01,3.543962671923515106e-01,3.516542998558997990e-01,4.418267272379127752e-01,3.743176464660339930e-01,4.522106826356462883e-01,4.614863620124131094e-01,4.167968786558506888e-01,3.833596361925740159e-01,4.552707030199535931e-01,4.390451373982379724e-01,4.014815887389207028e-01,4.163356152543882249e-01,4.003465946087215177e-01,3.968228409591703088e-01,0.000000000000000000e+00,2.958706053920320822e-01,0.000000000000000000e+00,5.025460946058095679e-01,0.000000000000000000e+00,0.000000000000000000e+00,0.000000000000000000e+00,0.000000000000000000e+00,5.424759090353769020e-01,0.000000000000000000e+00,4.351151947912412776e-01,5.112993231720285303e-01,3.857456631231087063e-01,5.419524176961477702e-01,4.826389947977757222e-01,0.000000000000000000e+00,5.059955896967217592e-01,0.000000000000000000e+00,3.669379476525587158e-01,4.778358582890624984e-01,0.000000000000000000e+00,0.000000000000000000e+00,0.000000000000000000e+00,0.000000000000000000e+00,4.966363255009101918e-01,0.000000000000000000e+00,0.000000000000000000e+00,0.000000000000000000e+00,5.387563521425730029e-01,0.000000000000000000e+00,0.000000000000000000e+00,0.000000000000000000e+00,5.313771901697277311e-01,3.375942612221904948e-01,0.000000000000000000e+00,0.000000000000000000e+00,0.000000000000000000e+00
3.918275002317386790e-01,0.000000000000000000e+00,4.005632798696378005e-01,0.000000000000000000e+00,4.243805378539136086e-01,4.373666179338633886e-01,4.101047129892008147e-01,4.405427849504502946e-01,4.513624406839020775e-01,0.000000000000000000e+00,4.347369995532633924e-01,2.810173332055003192e-01,4.218625149308736777e-01,0.000000000000000000e+00,0.000000000000000000e+00,2.804674167072718771e-01,3.212988407276490266e-01,3.198054932933714900e-01,4.133095790333763953e-01,0.000000000000000000e+00,0.000000000000000000e+00,3.205440209105804850e-01,4.295435164741445155e-01,3.053935508808717780e-01,3.210479551159646228e-01,3.471132413270248129e-01,4.094117742268515991e-01,4.160865390169992128e-01,0.000000000000000000e+00,0.000000000000000000e+00,3.318421607854870059e-01,3.633067212296198778e-01,2.890106432921791813e-01,3.172224214885320803e-01,3.353438806685806184e-01,3.806811521437449275e-01,3.107017861918693891e-01,2.730406346448900901e-01,3.071815986342941174e-01,3.105872924498089271e-01,3.509819348880194867e-01,4.000816124442944099e-01,0.000000000000000000e+00,0.000000000000000000e+00,3.036229462175865090e-01,3.962058377417014832e-01,0.000000000000000000e+00,0.000000000000000000e+00,0.000000000000000000e+00,0.000000000000000000e+00,0.000000000000000000e+00,0.000000000000000000e+00,0.000000000000000000e+00,0.000000000000000000e+00,3.835044627308424880e-01,0.000000000000000000e+00,3.837823752920245246e-01,3.741903487216751145e-01,0.000000000000000000e+00,0.000000000000000000e+00,0.000000000000000000e+00,3.641063615599831049e-01,3.658580757316565180e-01,0.000000000000000000e+00,0.000000000000000000e+00,0.000000000000000000e+00,0.000000000000000000e+00,0.000000000000000000e+00,3.659986298756094936e-01,3.818207263915530114e-01,3.996770758785929134e-01,0.000000000000000000e+00,3.863972272344877723e-01,0.000000000000000000e+00,0.000000000000000000e+00,3.857367102694403971e-01
0.000000000000000000e+00,0.000000000000000000e+00,3.180746028281533078e-01,2.970813074787752028e-01,3.250547804079151892e-01,3.834431241118869127e-01,4.091426588577531942e-01,3.167247464321866213e-01,3.428656028578498938e-01,4.347369995532633924e-01,0.000000000000000000e+00,3.708261450221626010e-01,4.264283892697759981e-01,2.720005085792072119e-01,0.000000000000000000e+00,0.000000000000000000e+00,3.713667829503065065e-01,0.000000000000000000e+00,2.626343985424631766e-01,0.000000000000000000e+00,0.000000000000000000e+00,0.000000000000000000e+00,2.751443735002855884e-01,4.004912238466015184e-01,0.000000000000000000e+00,3.164135866857986090e-01,3.900720579321205195e-01,4.212360467941889119e-01,0.000000000000000000e+00,0.000000000000000000e+00,4.553387278569365759e-01,3.498003907475412122e-01,3.628526084399893992e-01,4.356222831931997885e-01,4.119393856523224096e-01,2.886935312821682920e-01,3.621676037362421829e-01,3.858099105577921795e-01,0.000000000000000000e+00,0.000000000000000000e+00,0.000000000000000000e+00,0.000000000000000000e+00,0.000000000000000000e+00,0.000000000000000000e+00,0.000000000000000000e+00,0.000000000000000000e+00,0.000000000000000000e+00,4.093210069308710897e-01,0.000000000000000000e+00,0.000000000000000000e+00,4.323694254788286173e-01,3.218937568575537811e-01,4.121345253272927778e-01,5.000731108458875696e-01,0.000000000000000000e+00,2.808448491597205776e-01,0.000000000000000000e+00,2.879471701957755925e-01,3.895396165408218092e-01,0.000000000000000000e+00,0.000000000000000000e+00,0.000000000000000000e+00,0.000000000000000000e+00,2.414550719887958996e-01,0.000000000000000000e+00,0.000000000000000000e+00,0.000000000000000000e+00,4.021773004593806045e-01,0.000000000000000000e+00,0.000000000000000000e+00,0.000000000000000000e+00,4.225369172243633176e-01,2.866916215017171754e-01,0.000000000000000000e+00,0.000000000000000000e+00,0.000000000000000000e+00
4.132622392540659106e-01,0.000000000000000000e+00,3.261935395265301851e-01,2.775573177290612814e-01,3.856618484326670981e-01,3.541387035724203880e-01,3.825495539509123910e-01,4.391199246258591926e-01,3.899031641501687906e-01,2.810173332055003192e-01,3.708261450221626010e-01,0.000000000000000000e+00,4.298182297278044794e-01,0.000000000000000000e+00,0.000000000000000000e+00,0.000000000000000000e+00,3.515428449525526133e-01,2.963500931399534188e-01,3.303893535337962817e-01,0.000000000000000000e+00,4.393714543704131947e-01,0.000000000000000000e+00,4.020725473474641154e-01,2.929204477940114959e-01,3.445512821988269136e-01,3.235205596344079004e-01,3.215204748935315271e-01,4.133774124741089739e-01,0.000000000000000000e+00,0.000000000000000000e+00,3.627332638366090878e-01,2.737153530373909738e-01,2.730384525452763111e-01,2.847902526566449821e-01,3.132400953956001044e-01,3.085653671670742226e-01,3.276916400418153907e-01,2.382351713601273124e-01,4.384253291903337790e-01,3.261560209875855043e-01,3.710652428932649793e-01,3.758505342102486102e-01,0.000000000000000000e+00,0.000000000000000000e+00,3.062107145226308780e-01,0.000000000000000000e+00,0.000000000000000000e+00,0.000000000000000000e+00,0.000000000000000000e+00,0.000000000000000000e+00,0.000000000000000000e+00,0.000000000000000000e+00,0.000000000000000000e+00,0.000000000000000000e+00,3.969615940000151832e-01,0.000000000000000000e+00,3.896042848286623839e-01,3.742758936924429070e-01,0.000000000000000000e+00,0.000000000000000000e+00,0.000000000000000000e+00,3.623331197954594018e-01,3.688055072277410806e-01,0.000000000000000000e+00,0.000000000000000000e+00,0.000000000000000000e+00,0.000000000000000000e+00,0.000000000000000000e+00,3.647873847523031010e-01,3.891558213784748199e-01,4.063966582006112160e-01,0.000000000000000000e+00,4.044525977634186864e-01,0.000000000000000000e+00,0.000000000000000000e+00,3.738987025660707730e-01
3.253850133202562112e-01,4.362261165999321011e-01,4.376900914397635067e-01,3.098609517737855867e-01,3.889815743205924936e-01,3.629072538637694856e-01,3.418540764716734848e-01,4.066739501913336219e-01,4.074804857151290149e-01,4.218625149308736777e-01,4.264283892697759981e-01,4.298182297278044794e-01,0.000000000000000000e+00,3.484081162103401796e-01,4.183190861908386848e-01,4.576555884799248797e-01,4.108173247049949905e-01,4.299582688893109905e-01,4.391412249974990245e-01,4.302568197824052088e-01,4.063839276715158211e-01,4.559396231033857050e-01,4.032816569951124253e-01,4.337029739050266008e-01,4.094285923989440246e-01,4.227497953271597830e-01,4.104046902787535922e-01,3.358643637017931782e-01,3.848863273304941046e-01,3.506594387028332815e-01,4.108094218443055223e-01,3.744145029824335058e-01,3.910918159434589869e-01,4.031616691176598821e-01,3.929294260218252899e-01,3.148736793019812907e-01,3.429408842563754778e-01,3.929773292290428266e-01,4.139554698538240873e-01,3.538981496078715816e-01,3.313626906825301033e-01,3.890004482881119219e-01,3.986509017859405923e-01,0.000000000000000000e+00,0.000000000000000000e+00,0.000000000000000000e+00,0.000000000000000000e+00,4.122686448687843952e-01,0.000000000000000000e+00,0.000000000000000000e+00,3.991876353555557921e-01,3.151246532368079944e-01,4.310419330706127816e-01,0.000000000000000000e+00,0.000000000000000000e+00,3.749625075831923837e-01,3.682799311179643098e-01,0.000000000000000000e+00,0.000000000000000000e+00,3.237801351431948138e-01,0.000000000000000000e+00,0.000000000000000000e+00,0.000000000000000000e+00,0.000000000000000000e+00,3.407938866236744913e-01,0.000000000000000000e+00,3.104099003756897179e-01,4.833007484321547031e-01,0.000000000000000000e+00,2.943407750379373744e-01,3.310061752426127768e-01,4.701709137328838883e-01,0.000000000000000000e+00,4.116836291356710809e-01,0.000000000000000000e+00,0.000000000000000000e+00
0.000000000000000000e+00,0.000000000000000000e+00,3.574597491737379062e-01,2.353444914671506127e-01,2.302445066690564091e-01,3.763017997295938777e-01,3.310006498008187803e-01,3.290675878407822164e-01,3.744063679784491172e-01,0.000000000000000000e+00,2.720005085792072119e-01,0.000000000000000000e+00,3.484081162103401796e-01,0.000000000000000000e+00,0.000000000000000000e+00,0.000000000000000000e+00,0.000000000000000000e+00,0.000000000000000000e+00,3.304481717452493750e-01,0.000000000000000000e+00,4.025513474108237122e-01,0.000000000000000000e+00,3.310442054409082902e-01,0.000000000000000000e+00,0.000000000000000000e+00,0.000000000000000000e+00,3.884099040746334941e-01,2.160209674674294089e-01,0.000000000000000000e+00,0.000000000000000000e+00,0.000000000000000000e+00,1.669983537096544068e-01,0.000000000000000000e+00,3.584708792510031827e-01,0.000000000000000000e+00,1.597804394433746944e-01,1.773894397360646080e-01,0.000000000000000000e+00,0.000000000000000000e+00,0.000000000000000000e+00,0.000000000000000000e+00,0.000000000000000000e+00,4.162259041122676195e-01,0.000000000000000000e+00,0.000000000000000000e+00,0.000000000000000000e+00,0.000000000000000000e+00,4.390769330468948239e-01,0.000000000000000000e+00,0.000000000000000000e+00,0.000000000000000000e+00,0.000000000000000000e+00,0.000000000000000000e+00,0.000000000000000000e+00,0.000000000000000000e+00,3.769151273568467908e-01,0.000000000000000000e+00,0.000000000000000000e+00,0.000000000000000000e+00,0.000000000000000000e+00,0.000000000000000000e+00,0.000000000000000000e+00,0.000000000000000000e+00,0.000000000000000000e+00,0.000000000000000000e+00,0.000000000000000000e+00,0.000000000000000000e+00,4.538689826857871812e-01,0.000000000000000000e+00,0.000000000000000000e+00,0.000000000000000000e+00,4.284244505395369829e-01,0.000000000000000000e+00,0.000000000000000000e+00,0.000000000000000000e+00,0.000000000000000000e+00
3.694725514208099248e-01,3.936303284615247922e-01,0.000000000000000000e+00,0.000000000000000000e+00,0.000000000000000000e+00,4.016620731304068048e-01,0.000000000000000000e+00,0.000000000000000000e+00,0.000000000000000000e+00,0.000000000000000000e+00,0.000000000000000000e+00,0.000000000000000000e+00,4.183190861908386848e-01,0.000000000000000000e+00,0.000000000000000000e+00,4.053061420117622937e-01,0.000000000000000000e+00,3.791042782768981878e-01,0.000000000000000000e+00,3.896487804857199921e-01,3.940780287888245859e-01,3.794066777326273177e-01,3.890201300507101223e-01,4.424346831172629724e-01,3.603117002090995835e-01,3.850796049431424173e-01,4.298741435150866819e-01,3.962898108999958202e-01,3.921259867678686950e-01,0.000000000000000000e+00,3.902845830006366756e-01,4.079486182034011144e-01,3.699369779769575151e-01,4.055134447129101205e-01,4.421948128766117758e-01,5.008447226849446210e-01,0.000000000000000000e+00,0.000000000000000000e+00,4.650895893243525148e-01,4.592558611635301768e-01,4.731974141690545865e-01,5.053989793723346891e-01,4.810825629362310840e-01,0.000000000000000000e+00,0.000000000000000000e+00,0.000000000000000000e+00,4.824701933543751875e-01,0.000000000000000000e+00,0.000000000000000000e+00,0.000000000000000000e+00,4.149735571329211115e-01,0.000000000000000000e+00,0.000000000000000000e+00,0.000000000000000000e+00,0.000000000000000000e+00,0.000000000000000000e+00,0.000000000000000000e+00,3.760260161649586763e-01,0.000000000000000000e+00,4.630611972702117773e-01,4.157706024188010940e-01,0.000000000000000000e+00,0.000000000000000000e+00,0.000000000000000000e+00,4.155870466538664765e-01,4.574861445794712878e-01,4.965216812197630891e-01,4.589436044949796734e-01,0.000000000000000000e+00,3.371719088702496148e-01,4.870028134057559077e-01,4.426687629602399920e-01,4.364200235189891197e-01,4.505931939851667845e-01,0.000000000000000000e+00,4.234999098592646116e-01
3.904050265613481230e-01,3.835961598237971892e-01,0.000000000000000000e+00,0.000000000000000000e+00,4.020009676669277776e-01,4.291539235349500214e-01,4.493066302050480187e-01,4.520942038320581724e-01,4.239225933771916810e-01,2.804674167072718771e-01,0.000000000000000000e+00,0.000000000000000000e+00,4.576555884799248797e-01,0.000000000000000000e+00,4.053061420117622937e-01,0.000000000000000000e+00,3.478997532806478166e-01,3.245341856360355881e-01,0.000000000000000000e+00,3.922291244185727166e-01,3.935277287430423154e-01,3.912866614370654750e-01,4.236152506991872069e-01,3.306172800748887752e-01,3.525936000759202771e-01,3.988277366276657965e-01,4.247571177754070892e-01,4.492457704147557185e-01,4.328276506095143916e-01,3.988694871429129818e-01,3.796542729567942143e-01,4.241309623205343216e-01,3.567110954193695171e-01,3.805869742879892104e-01,4.186801213746083050e-01,0.000000000000000000e+00,0.000000000000000000e+00,0.000000000000000000e+00,4.375002574248638143e-01,4.016125358327758965e-01,4.125152889063806727e-01,4.672325541685463102e-01,0.000000000000000000e+00,0.000000000000000000e+00,0.000000000000000000e+00,4.133962309176933969e-01,4.532121185903789096e-01,0.000000000000000000e+00,0.000000000000000000e+00,0.000000000000000000e+00,0.000000000000000000e+00,0.000000000000000000e+00,0.000000000000000000e+00,0.000000000000000000e+00,0.000000000000000000e+00,0.000000000000000000e+00,0.000000000000000000e+00,0.000000000000000000e+00,0.000000000000000000e+00,4.420879509365613913e-01,4.269632081774015209e-01,0.000000000000000000e+00,3.856761593696789725e-01,0.000000000000000000e+00,3.783970617440182149e-01,3.985826611396329766e-01,4.458385629253847071e-01,3.862293650782219201e-01,0.000000000000000000e+00,4.150436203344703978e-01,4.388372118085210882e-01,3.806537666609018933e-01,0.000000000000000000e+00,3.552353520894889205e-01,0.000000000000000000e+00,4.039621907030361836e-01
3.505486274236965794e-01,0.000000000000000000e+00,0.000000000000000000e+00,0.000000000000000000e+00,0.000000000000000000e+00,3.033849986005076049e-01,3.724515633943132897e-01,0.000000000000000000e+00,0.000000000000000000e+00,3.212988407276490266e-01,3.713667829503065065e-01,3.515428449525526133e-01,4.108173247049949905e-01,0.000000000000000000e+00,0.000000000000000000e+00,3.478997532806478166e-01,0.000000000000000000e+00,3.275431919501797795e-01,0.000000000000000000e+00,2.872055085346064129e-01,0.000000000000000000e+00,3.198999055113700973e-01,0.000000000000000000e+00,3.481271414400841091e-01,3.343509790164281847e-01,3.364683181180885274e-01,0.000000000000000000e+00,3.952156194613026807e-01,3.269279256101059739e-01,0.000000000000000000e+00,3.623197345488228804e-01,4.190795789763044898e-01,3.350376503940338813e-01,3.749516725700255959e-01,3.964214606873843194e-01,0.000000000000000000e+00,0.000000000000000000e+00,3.232786603368849043e-01,0.000000000000000000e+00,3.688039943315398195e-01,0.000000000000000000e+00,0.000000000000000000e+00,0.000000000000000000e+00,0.000000000000000000e+00,0.000000000000000000e+00,0.000000000000000000e+00,0.000000000000000000e+00,0.000000000000000000e+00,0.000000000000000000e+00,0.000000000000000000e+00,0.000000000000000000e+00,0.000000000000000000e+00,0.000000000000000000e+00,0.000000000000000000e+00,3.985839241595522942e-01,0.000000000000000000e+00,3.819511751827052159e-01,0.000000000000000000e+00,0.000000000000000000e+00,0.000000000000000000e+00,0.000000000000000000e+00,3.380354581034364925e-01,3.454568014786820740e-01,0.000000000000000000e+00,0.000000000000000000e+00,0.000000000000000000e+00,0.000000000000000000e+00,0.000000000000000000e+00,3.820925646663982933e-01,3.919730271257749754e-01,4.036788471186655847e-01,0.000000000000000000e+00,0.000000000000000000e+00,0.000000000000000000e+00,0.000000000000000000e+00,0.000000000000000000e+00
3.507738478559140893e-01,3.852531687404970873e-01,0.000000000000000000e+00,0.000000000000000000e+00,0.000000000000000000e+00,4.066911983603830882e-01,4.079147045553738749e-01,4.479069058990222119e-01,3.279903964755632173e-01,3.198054932933714900e-01,0.000000000000000000e+00,2.963500931399534188e-01,4.299582688893109905e-01,0.000000000000000000e+00,3.791042782768981878e-01,3.245341856360355881e-01,3.275431919501797795e-01,0.000000000000000000e+00,0.000000000000000000e+00,3.967694617089496112e-01,4.047021329742446216e-01,4.011171164938681089e-01,4.224859408477482092e-01,3.317738529282143745e-01,3.235444848446586974e-01,3.549978027743291853e-01,4.109540663896337209e-01,4.240146974532069124e-01,4.263767646224912999e-01,3.555431053711046729e-01,3.707889116816057151e-01,4.093112763511507213e-01,3.287050059099089760e-01,3.758811162184356736e-01,3.947227926602890902e-01,0.000000000000000000e+00,0.000000000000000000e+00,0.000000000000000000e+00,4.157722289927158199e-01,3.747380068490360205e-01,3.908929037159840081e-01,4.119331603650132068e-01,0.000000000000000000e+00,0.000000000000000000e+00,0.000000000000000000e+00,3.787200909600432763e-01,4.243555678905948092e-01,0.000000000000000000e+00,0.000000000000000000e+00,0.000000000000000000e+00,0.000000000000000000e+00,0.000000000000000000e+00,0.000000000000000000e+00,0.000000000000000000e+00,3.625930950167702838e-01,0.000000000000000000e+00,3.433009510012184906e-01,0.000000000000000000e+00,0.000000000000000000e+00,0.000000000000000000e+00,3.943804503100680203e-01,3.578364462615121755e-01,3.808512440521115150e-01,0.000000000000000000e+00,0.000000000000000000e+00,0.000000000000000000e+00,3.853099879608358203e-01,0.000000000000000000e+00,3.208494818089783207e-01,3.886313035733245935e-01,3.946414722405278130e-01,0.000000000000000000e+00,0.000000000000000000e+00,0.000000000000000000e+00,0.000000000000000000e+00,3.820449399225220866e-01
0.000000000000000000e+00,0.000000000000000000e+00,3.089731315215369922e-01,3.106620644684380816e-01,3.737798021685533878e-01,4.181536383515643829e-01,4.277988412055730993e-01,3.970408430657990095e-01,3.010180241532570133e-01,4.133095790333763953e-01,2.626343985424631766e-01,3.303893535337962817e-01,4.391412249974990245e-01,3.304481717452493750e-01,0.000000000000000000e+00,0.000000000000000000e+00,0.000000000000000000e+00,0.000000000000000000e+00,0.000000000000000000e+00,0.000000000000000000e+00,0.000000000000000000e+00,0.000000000000000000e+00,2.429328068545680008e-01,0.000000000000000000e+00,0.000000000000000000e+00,0.000000000000000000e+00,4.016865148739827140e-01,4.418894669590242019e-01,0.000000000000000000e+00,0.000000000000000000e+00,4.528333689697693898e-01,3.968101075899571062e-01,0.000000000000000000e+00,4.407843313640977256e-01,4.261921668775380256e-01,3.403742139299835157e-01,3.845854393391807124e-01,3.639320272815125823e-01,0.000000000000000000e+00,0.000000000000000000e+00,0.000000000000000000e+00,0.000000000000000000e+00,4.341416184238575116e-01,0.000000000000000000e+00,0.000000000000000000e+00,0.000000000000000000e+00,0.000000000000000000e+00,3.981329708829807190e-01,0.000000000000000000e+00,3.911656355325547896e-01,4.840772201831504140e-01,4.280581116926012175e-01,5.023326220829766875e-01,5.330383793959062588e-01,0.000000000000000000e+00,4.763096545318171171e-01,0.000000000000000000e+00,4.384671243556693132e-01,4.438628412332151219e-01,0.000000000000000000e+00,0.000000000000000000e+00,0.000000000000000000e+00,0.000000000000000000e+00,4.804094783903601895e-01,0.000000000000000000e+00,0.000000000000000000e+00,0.000000000000000000e+00,5.304067587688243712e-01,0.000000000000000000e+00,0.000000000000000000e+00,0.000000000000000000e+00,5.076777711100988189e-01,0.000000000000000000e+00,0.000000000000000000e+00,0.000000000000000000e+00,0.000000000000000000e+00
4.102083282440647793e-01,4.282732254814601847e-01,0.000000000000000000e+00,4.064169067611014818e-01,4.197035069815793218e-01,3.998523110320124085e-01,4.327714924503496263e-01,3.918068708085228891e-01,4.035333117429770744e-01,0.000000000000000000e+00,0.000000000000000000e+00,0.000000000000000000e+00,4.302568197824052088e-01,0.000000000000000000e+00,3.896487804857199921e-01,3.922291244185727166e-01,2.872055085346064129e-01,3.967694617089496112e-01,0.000000000000000000e+00,0.000000000000000000e+00,4.175308196576181241e-01,3.895790837425298081e-01,3.331169427213859779e-01,0.000000000000000000e+00,3.786425463694919058e-01,4.351029520407810880e-01,3.623988191544724735e-01,4.059552293970065118e-01,3.272204557435907102e-01,3.655184410328242151e-01,3.687345476750170103e-01,4.251663925715816195e-01,3.640187976831305017e-01,4.098170922669198135e-01,4.536888511359576936e-01,4.801031453852819819e-01,4.745968485694093131e-01,0.000000000000000000e+00,4.672539363383497180e-01,4.091673693785187194e-01,4.483989008325285908e-01,4.579035892988457257e-01,4.025277424874311727e-01,0.000000000000000000e+00,0.000000000000000000e+00,0.000000000000000000e+00,4.063566498591997811e-01,0.000000000000000000e+00,0.000000000000000000e+00,0.000000000000000000e+00,3.937784421380258748e-01,0.000000000000000000e+00,4.812031309921689926e-01,0.000000000000000000e+00,0.000000000000000000e+00,0.000000000000000000e+00,0.000000000000000000e+00,3.432385640866050247e-01,0.000000000000000000e+00,4.607790186101025087e-01,2.927585144992408961e-01,0.000000000000000000e+00,0.000000000000000000e+00,0.000000000000000000e+00,4.491296580028111274e-01,4.354617123294042824e-01,4.797753629695373778e-01,4.642544789190916066e-01,0.000000000000000000e+00,2.573286573152200885e-01,4.793128590843135917e-01,4.682870753802352848e-01,4.271114100714872852e-01,4.357110991928300758e-01,3.947717240972341002e-01,4.222422309326712142e-01
4.424705816163572725e-01,3.812134120564448780e-01,0.000000000000000000e+00,0.000000000000000000e+00,0.000000000000000000e+00,3.709818062136842065e-01,0.000000000000000000e+00,4.299464521664055905e-01,0.000000000000000000e+00,0.000000000000000000e+00,0.000000000000000000e+00,4.393714543704131947e-01,4.063839276715158211e-01,4.025513474108237122e-01,3.940780287888245859e-01,3.935277287430423154e-01,0.000000000000000000e+00,4.047021329742446216e-01,0.000000000000000000e+00,4.175308196576181241e-01,0.000000000000000000e+00,4.050673636267442812e-01,3.745904109233624268e-01,5.017510722879779950e-01,4.122341617752063869e-01,4.134291576116284062e-01,4.062153043179834166e-01,4.122432335870451769e-01,3.850956248980401120e-01,0.000000000000000000e+00,3.757975905098602798e-01,4.009682929433133203e-01,3.595972457039243175e-01,3.960256791900467199e-01,4.234406085407367848e-01,0.000000000000000000e+00,0.000000000000000000e+00,0.000000000000000000e+00,4.458174809545147887e-01,3.709559956514167922e-01,4.649214907405455066e-01,5.091272780100447592e-01,0.000000000000000000e+00,0.000000000000000000e+00,0.000000000000000000e+00,4.250347736466427162e-01,4.631374245562869807e-01,0.000000000000000000e+00,0.000000000000000000e+00,0.000000000000000000e+00,4.230181694560034011e-01,0.000000000000000000e+00,3.857174763748038027e-01,0.000000000000000000e+00,0.000000000000000000e+00,0.000000000000000000e+00,0.000000000000000000e+00,3.859841751412246835e-01,0.000000000000000000e+00,4.368273112438265104e-01,4.341135443029233154e-01,0.000000000000000000e+00,0.000000000000000000e+00,0.000000000000000000e+00,4.240686710427118977e-01,3.476984784069762080e-01,4.693616833696018786e-01,4.261352744772948786e-01,0.000000000000000000e+00,0.000000000000000000e+00,4.630219925938152126e-01,4.476374316024652744e-01,4.310419341575498220e-01,4.336355990923695947e-01,0.000000000000000000e+00,4.023118945925802104e-01
