0.000000000000000000e+00,3.951849016306012152e-01,0.000000000000000000e+00,0.000000000000000000e+00,0.000000000000000000e+00,4.607663023936540148e-01,0.000000000000000000e+00,4.817734805893246208e-01,0.000000000000000000e+00,4.249227829219507924e-01,0.000000000000000000e+00,3.679678467610240089e-01,3.914211245441315823e-01,0.000000000000000000e+00,3.854434582119493080e-01,3.873261910869029157e-01,4.082459215451931800e-01,3.948435387935173013e-01,0.000000000000000000e+00,4.030166961715828111e-01,3.940780206085153226e-01,3.925895103700652866e-01,4.517227705330704723e-01,3.679695874840709924e-01,3.958004034630254186e-01,3.772889529745235837e-01,4.349017215211670728e-01,4.455724669124312975e-01,4.538542627689114983e-01,0.000000000000000000e+00,3.536946624357519275e-01,4.316261327584676732e-01,3.412354431244049024e-01,3.434194565234313101e-01,4.303750586860420890e-01,0.000000000000000000e+00,0.000000000000000000e+00,3.882409659223096110e-01,4.512056056168857188e-01,4.046683409059119163e-01,4.227405143687504863e-01,0.000000000000000000e+00,0.000000000000000000e+00,0.000000000000000000e+00,0.000000000000000000e+00,3.787440753705870189e-01,4.572734643174061198e-01,0.000000000000000000e+00,0.000000000000000000e+00,0.000000000000000000e+00,0.000000000000000000e+00,0.000000000000000000e+00,0.000000000000000000e+00,0.000000000000000000e+00,3.831361234995551146e-01,0.000000000000000000e+00,0.000000000000000000e+00,0.000000000000000000e+00,0.000000000000000000e+00,0.000000000000000000e+00,4.426191847500215992e-01,0.000000000000000000e+00,4.154987895329305125e-01,0.000000000000000000e+00,0.000000000000000000e+00,3.720762306687839249e-01,4.502993518589251121e-01,0.000000000000000000e+00,0.000000000000000000e+00,4.261865355394853228e-01,4.535414736523398216e-01,0.000000000000000000e+00,0.000000000000000000e+00,0.000000000000000000e+00,0.000000000000000000e+00,3.780056555943289154e-01
3.951849016306012152e-01,0.000000000000000000e+00,0.000000000000000000e+00,0.000000000000000000e+00,3.336625988908529239e-01,4.207763726033755813e-01,3.910692217779097035e-01,4.635825638614969879e-01,3.266584893420195201e-01,0.000000000000000000e+00,0.000000000000000000e+00,0.000000000000000000e+00,4.400018490478361244e-01,0.000000000000000000e+00,4.109206081258527932e-01,4.127942553350972266e-01,0.000000000000000000e+00,4.167281834940660956e-01,0.000000000000000000e+00,4.302985664040406832e-01,4.196936668792907166e-01,4.116252815495011763e-01,4.258879648523097861e-01,0.000000000000000000e+00,3.948954757211660116e-01,4.031982467367598022e-01,4.241127909152268005e-01,4.416074728089611767e-01,4.384988801120066060e-01,0.000000000000000000e+00,3.644755855097742137e-01,4.090927072531090891e-01,3.260486476447965742e-01,3.561743274810463822e-01,4.173800783803682246e-01,0.000000000000000000e+00,0.000000000000000000e+00,0.000000000000000000e+00,4.561115371170936794e-01,4.323286680986718200e-01,4.379808256604172945e-01,4.678731545212779785e-01,0.000000000000000000e+00,0.000000000000000000e+00,0.000000000000000000e+00,4.219383729310214881e-01,4.498046417213756865e-01,0.000000000000000000e+00,0.000000000000000000e+00,0.000000000000000000e+00,3.407616401250004867e-01,0.000000000000000000e+00,0.000000000000000000e+00,0.000000000000000000e+00,0.000000000000000000e+00,0.000000000000000000e+00,0.000000000000000000e+00,0.000000000000000000e+00,0.000000000000000000e+00,4.783388724810279102e-01,4.434441648507457812e-01,0.000000000000000000e+00,4.370347530435855221e-01,0.000000000000000000e+00,4.165160748066931151e-01,4.680056367966822228e-01,4.651834139852683014e-01,3.955313191485123059e-01,0.000000000000000000e+00,4.101556600870893132e-01,4.645547064980855012e-01,3.781134527781530030e-01,0.000000000000000000e+00,4.239824635412081100e-01,0.000000000000000000e+00,3.963775322736965978e-01
0.000000000000000000e+00,0.000000000000000000e+00,0.000000000000000000e+00,2.865512063860711778e-01,4.159467955862550803e-01,3.987124396930193937e-01,4.389624838189357114e-01,4.525803728210580079e-01,2.909216066642372756e-01,2.656698973877332226e-01,3.507375955221542219e-01,0.000000000000000000e+00,4.290067349115244122e-01,4.021034883882643185e-01,0.000000000000000000e+00,0.000000000000000000e+00,0.000000000000000000e+00,0.000000000000000000e+00,3.232299707655748033e-01,0.000000000000000000e+00,0.000000000000000000e+00,0.000000000000000000e+00,3.073469607934936065e-01,0.000000000000000000e+00,0.000000000000000000e+00,0.000000000000000000e+00,3.560003464533300077e-01,4.134236549770554103e-01,0.000000000000000000e+00,0.000000000000000000e+00,4.313493866181629111e-01,3.822420365334632253e-01,2.609915692499237827e-01,4.217830230993188101e-01,4.201633091043089907e-01,3.762992761865264768e-01,3.016636482241246142e-01,0.000000000000000000e+00,4.276879870006388140e-01,0.000000000000000000e+00,2.764611320245752846e-01,0.000000000000000000e+00,4.700822907334276102e-01,0.000000000000000000e+00,0.000000000000000000e+00,0.000000000000000000e+00,0.000000000000000000e+00,3.612316667821046101e-01,0.000000000000000000e+00,4.729085343192596103e-01,5.125551442565007276e-01,4.288423639942666177e-01,5.227647781147686246e-01,5.373862801495636887e-01,0.000000000000000000e+00,3.750611741765467189e-01,0.000000000000000000e+00,4.153890392703558088e-01,0.000000000000000000e+00,0.000000000000000000e+00,0.000000000000000000e+00,0.000000000000000000e+00,0.000000000000000000e+00,3.484402056206947762e-01,0.000000000000000000e+00,0.000000000000000000e+00,0.000000000000000000e+00,5.315643660710875906e-01,0.000000000000000000e+00,0.000000000000000000e+00,0.000000000000000000e+00,5.133125796811593977e-01,3.950106683636830929e-01,0.000000000000000000e+00,0.000000000000000000e+00,0.000000000000000000e+00
0.000000000000000000e+00,0.000000000000000000e+00,2.865512063860711778e-01,0.000000000000000000e+00,2.805254683199778221e-01,3.377471461285139198e-01,2.836823332656235874e-01,3.327007950255547741e-01,3.811892159229706145e-01,0.000000000000000000e+00,3.437665373039576755e-01,0.000000000000000000e+00,2.798374857450814934e-01,2.598031092327092728e-01,0.000000000000000000e+00,0.000000000000000000e+00,0.000000000000000000e+00,0.000000000000000000e+00,2.765400546251616243e-01,3.899186753036142927e-01,0.000000000000000000e+00,0.000000000000000000e+00,3.688618651511825774e-01,0.000000000000000000e+00,0.000000000000000000e+00,0.000000000000000000e+00,2.976242972411832777e-01,2.565541640771145104e-01,2.840197328405960064e-01,0.000000000000000000e+00,2.893098664195901115e-01,2.808765713522037855e-01,0.000000000000000000e+00,2.105979358321652117e-01,3.515128055400092988e-01,1.927125440103218956e-01,1.832378301932225118e-01,0.000000000000000000e+00,0.000000000000000000e+00,0.000000000000000000e+00,0.000000000000000000e+00,0.000000000000000000e+00,0.000000000000000000e+00,0.000000000000000000e+00,0.000000000000000000e+00,0.000000000000000000e+00,0.000000000000000000e+00,0.000000000000000000e+00,0.000000000000000000e+00,0.000000000000000000e+00,0.000000000000000000e+00,0.000000000000000000e+00,0.000000000000000000e+00,0.000000000000000000e+00,0.000000000000000000e+00,0.000000000000000000e+00,0.000000000000000000e+00,0.000000000000000000e+00,0.000000000000000000e+00,0.000000000000000000e+00,0.000000000000000000e+00,0.000000000000000000e+00,0.000000000000000000e+00,0.000000000000000000e+00,0.000000000000000000e+00,0.000000000000000000e+00,0.000000000000000000e+00,0.000000000000000000e+00,0.000000000000000000e+00,0.000000000000000000e+00,0.000000000000000000e+00,0.000000000000000000e+00,0.000000000000000000e+00,0.000000000000000000e+00,0.000000000000000000e+00,0.000000000000000000e+00
0.000000000000000000e+00,3.336625988908529239e-01,4.159467955862550803e-01,2.805254683199778221e-01,0.000000000000000000e+00,4.072620386045863738e-01,3.553521104283380860e-01,4.233681861234042110e-01,3.672728850316231974e-01,4.092689889966518724e-01,3.732993662798306800e-01,3.467099284174127161e-01,3.857837350360159845e-01,3.120826627908357964e-01,0.000000000000000000e+00,3.287568743217729739e-01,0.000000000000000000e+00,0.000000000000000000e+00,4.010655930169492178e-01,4.125305300158195188e-01,0.000000000000000000e+00,4.479651287334812104e-01,3.933521351837496183e-01,0.000000000000000000e+00,2.659085753411822850e-01,3.197963371363605756e-01,4.072428400191601128e-01,3.730685736747519909e-01,3.981361113549891084e-01,0.000000000000000000e+00,4.395045352304117192e-01,4.091747692064396924e-01,2.771583230585967228e-01,4.356329720687993068e-01,4.371261628455352932e-01,2.452444657606019096e-01,3.756781268514424177e-01,3.252908491476811936e-01,3.807540556864890124e-01,0.000000000000000000e+00,0.000000000000000000e+00,0.000000000000000000e+00,4.272877215713941079e-01,0.000000000000000000e+00,0.000000000000000000e+00,0.000000000000000000e+00,0.000000000000000000e+00,4.538562636326795019e-01,0.000000000000000000e+00,0.000000000000000000e+00,0.000000000000000000e+00,0.000000000000000000e+00,4.915231899910094127e-01,4.065434409432354124e-01,0.000000000000000000e+00,4.171739115781710194e-01,0.000000000000000000e+00,0.000000000000000000e+00,0.000000000000000000e+00,0.000000000000000000e+00,0.000000000000000000e+00,0.000000000000000000e+00,0.000000000000000000e+00,4.047480828687662902e-01,0.000000000000000000e+00,0.000000000000000000e+00,0.000000000000000000e+00,4.913122790016855035e-01,0.000000000000000000e+00,0.000000000000000000e+00,0.000000000000000000e+00,3.686118328374557995e-01,0.000000000000000000e+00,0.000000000000000000e+00,0.000000000000000000e+00,0.000000000000000000e+00
4.607663023936540148e-01,4.207763726033755813e-01,3.987124396930193937e-01,3.377471461285139198e-01,4.072620386045863738e-01,0.000000000000000000e+00,4.308996408668938072e-01,4.091082966904737162e-01,3.722501763677936726e-01,4.198587370560549203e-01,3.905932454110065954e-01,2.624409378129892723e-01,4.194103418857442755e-01,4.316565120144140733e-01,3.997172138204925784e-01,4.470277314917627809e-01,2.958807837448186873e-01,4.152748969301819915e-01,3.563087288497088223e-01,4.362752797281240214e-01,4.185573257061053765e-01,4.505686864691768045e-01,4.189458598412107992e-01,0.000000000000000000e+00,3.934373462568946933e-01,4.365819297860928927e-01,3.697391206919700135e-01,4.058248512919193085e-01,3.295700052347629860e-01,4.236612129891090817e-01,4.376853242362446217e-01,4.277330286691327088e-01,3.884936690377430724e-01,4.435981019573874140e-01,4.511093366206754274e-01,4.204297236231160917e-01,3.994418871754185085e-01,3.044782068949811182e-01,4.846083720245222826e-01,0.000000000000000000e+00,4.658076972418365158e-01,3.262193190627288852e-01,4.251942825686709226e-01,0.000000000000000000e+00,0.000000000000000000e+00,0.000000000000000000e+00,2.871777536451189938e-01,5.155502105849326666e-01,0.000000000000000000e+00,3.925125126786340179e-01,4.811769940828867220e-01,4.617060687250666984e-01,4.781702927573344142e-01,5.208923346849453351e-01,0.000000000000000000e+00,4.389523779998382724e-01,0.000000000000000000e+00,4.815223155255701215e-01,0.000000000000000000e+00,4.168676671165120751e-01,0.000000000000000000e+00,0.000000000000000000e+00,0.000000000000000000e+00,4.580644337969502211e-01,4.157489122116910796e-01,4.495493010042360127e-01,4.155100131642415762e-01,4.989074952985375067e-01,0.000000000000000000e+00,0.000000000000000000e+00,3.601392993274399879e-01,4.867903594968430725e-01,5.024239925468829693e-01,4.885743390289702948e-01,0.000000000000000000e+00,4.885857648596376168e-01
0.000000000000000000e+00,3.910692217779097035e-01,4.389624838189357114e-01,2.836823332656235874e-01,3.553521104283380860e-01,4.308996408668938072e-01,0.000000000000000000e+00,4.291438601264738750e-01,4.093453895228814088e-01,3.968671305194678145e-01,4.608443406796317032e-01,3.532139786292842198e-01,3.371991277964718758e-01,4.265796432401072757e-01,0.000000000000000000e+00,4.452321968204939195e-01,3.346940680011645242e-01,4.096443826027477142e-01,4.554698538158459820e-01,4.421034903594430188e-01,0.000000000000000000e+00,4.715671170389152955e-01,4.264533118100207743e-01,3.627887313709625139e-01,3.986847238758033929e-01,3.661732246118348799e-01,4.287462356927285168e-01,3.755694154329418111e-01,4.475271747176702841e-01,0.000000000000000000e+00,4.211071643851356239e-01,4.046666040380171858e-01,3.164518363851537841e-01,4.125682348732747085e-01,4.382575564237771171e-01,2.836329845554246276e-01,3.183230483067824856e-01,0.000000000000000000e+00,3.356404384181839728e-01,0.000000000000000000e+00,0.000000000000000000e+00,0.000000000000000000e+00,3.530025790660624163e-01,0.000000000000000000e+00,0.000000000000000000e+00,0.000000000000000000e+00,0.000000000000000000e+00,4.029805657702965060e-01,0.000000000000000000e+00,0.000000000000000000e+00,4.183559439768408938e-01,0.000000000000000000e+00,0.000000000000000000e+00,3.673962003051717828e-01,0.000000000000000000e+00,3.622854803681477276e-01,0.000000000000000000e+00,0.000000000000000000e+00,0.000000000000000000e+00,0.000000000000000000e+00,0.000000000000000000e+00,0.000000000000000000e+00,0.000000000000000000e+00,0.000000000000000000e+00,0.000000000000000000e+00,0.000000000000000000e+00,0.000000000000000000e+00,5.145541771758248561e-01,0.000000000000000000e+00,0.000000000000000000e+00,0.000000000000000000e+00,4.446154878763876050e-01,0.000000000000000000e+00,0.000000000000000000e+00,0.000000000000000000e+00,0.000000000000000000e+00
4.817734805893246208e-01,4.635825638614969879e-01,4.525803728210580079e-01,3.327007950255547741e-01,4.233681861234042110e-01,4.091082966904737162e-01,4.291438601264738750e-01,0.000000000000000000e+00,4.626663616078218189e-01,0.000000000000000000e+00,3.197953864107657140e-01,3.852273467837291077e-01,4.338648238343952857e-01,3.730885041371658217e-01,4.129850804732391745e-01,4.168874411692222171e-01,0.000000000000000000e+00,4.294872836309834851e-01,4.327750959756141991e-01,4.238912198536964882e-01,3.702504865955438818e-01,4.579919876125932987e-01,3.714329432907738093e-01,5.023782798130653759e-01,4.594430124139612936e-01,4.723258810034435817e-01,4.260191340477808009e-01,4.263184599956508225e-01,3.980640695679827923e-01,4.062132050726829924e-01,4.350861480922733060e-01,3.947040642699499169e-01,4.337426649854496108e-01,4.369968377138921944e-01,4.681165912905874138e-01,2.910713157714823751e-01,3.780259514191423031e-01,0.000000000000000000e+00,4.892653651608119270e-01,0.000000000000000000e+00,4.895413926857176135e-01,0.000000000000000000e+00,4.484267553624058933e-01,0.000000000000000000e+00,0.000000000000000000e+00,0.000000000000000000e+00,0.000000000000000000e+00,5.164914247688134896e-01,0.000000000000000000e+00,4.447186343086388938e-01,4.588113239904910157e-01,4.785690804605109983e-01,3.457527313155530080e-01,5.211322715626859337e-01,0.000000000000000000e+00,4.523543168800430725e-01,0.000000000000000000e+00,4.757489596566414902e-01,0.000000000000000000e+00,5.097242638060368591e-01,0.000000000000000000e+00,0.000000000000000000e+00,0.000000000000000000e+00,5.108269858684778564e-01,5.006159421921212438e-01,3.378589767130075749e-01,0.000000000000000000e+00,4.870195190322699763e-01,0.000000000000000000e+00,0.000000000000000000e+00,0.000000000000000000e+00,4.605045311931376117e-01,4.774936008036341217e-01,4.577440783232580856e-01,0.000000000000000000e+00,4.951623720264428097e-01
0.000000000000000000e+00,3.266584893420195201e-01,2.909216066642372756e-01,3.811892159229706145e-01,3.672728850316231974e-01,3.722501763677936726e-01,4.093453895228814088e-01,4.626663616078218189e-01,0.000000000000000000e+00,4.250053806438828796e-01,3.430865020284968869e-01,2.880265160166237126e-01,4.029871805896506065e-01,4.210444436511582844e-01,0.000000000000000000e+00,3.251008553544256219e-01,0.000000000000000000e+00,2.628482429597402970e-01,2.813592488947044834e-01,4.058966472345251764e-01,0.000000000000000000e+00,4.081622390458490846e-01,3.870890540690719028e-01,3.186505720097542738e-01,2.416560596054015131e-01,3.065295141554856828e-01,3.546889424666980761e-01,4.403606283040933933e-01,4.217132631717668834e-01,3.620299330168130769e-01,4.541662300107813799e-01,4.273042374609600236e-01,3.356389272327823803e-01,4.434882861982811786e-01,4.325115741973484806e-01,4.248564244502792131e-01,4.016631144792208730e-01,3.326693520999967069e-01,3.850057635909420184e-01,0.000000000000000000e+00,2.640232954132034071e-01,0.000000000000000000e+00,4.484589571928107032e-01,0.000000000000000000e+00,0.000000000000000000e+00,0.000000000000000000e+00,0.000000000000000000e+00,5.136661960665277471e-01,0.000000000000000000e+00,4.109446934700226040e-01,4.927035304765690071e-01,3.920364563325908769e-01,5.317831383619412433e-01,5.061908267307906328e-01,0.000000000000000000e+00,4.932538503195211255e-01,0.000000000000000000e+00,3.797875951310690779e-01,4.463112247077050121e-01,0.000000000000000000e+00,0.000000000000000000e+00,0.000000000000000000e+00,0.000000000000000000e+00,4.821323749435156847e-01,0.000000000000000000e+00,0.000000000000000000e+00,0.000000000000000000e+00,5.201890023726064571e-01,0.000000000000000000e+00,0.000000000000000000e+00,0.000000000000000000e+00,5.100277014736553927e-01,4.182616597895396082e-01,0.000000000000000000e+00,0.000000000000000000e+00,0.000000000000000000e+00
4.249227829219507924e-01,0.000000000000000000e+00,2.656698973877332226e-01,0.000000000000000000e+00,4.092689889966518724e-01,4.198587370560549203e-01,3.968671305194678145e-01,0.000000000000000000e+00,4.250053806438828796e-01,0.000000000000000000e+00,4.161849742735005964e-01,2.989244081880396142e-01,3.951139087725841770e-01,0.000000000000000000e+00,0.000000000000000000e+00,3.834369404447866003e-01,3.455992274828210142e-01,3.814395244474835245e-01,3.479450886129938914e-01,3.129810791705712747e-01,0.000000000000000000e+00,3.202574869920601919e-01,3.302885443894461037e-01,3.379538563437902154e-01,3.658853607302469113e-01,3.439672965183149800e-01,2.978748124819988741e-01,3.899493913799235156e-01,3.417237564888109258e-01,0.000000000000000000e+00,3.416250120036081750e-01,3.437798569782755109e-01,3.155900566482762182e-01,3.437541946052609099e-01,3.133233382917378074e-01,3.764602800159069229e-01,3.325733751767367963e-01,3.091863402849542863e-01,2.641141760577611075e-01,3.289891442648201214e-01,3.686055961977466877e-01,0.000000000000000000e+00,0.000000000000000000e+00,0.000000000000000000e+00,2.989403551127459147e-01,4.201412888942515078e-01,0.000000000000000000e+00,0.000000000000000000e+00,0.000000000000000000e+00,0.000000000000000000e+00,0.000000000000000000e+00,0.000000000000000000e+00,0.000000000000000000e+00,0.000000000000000000e+00,4.263106346893870136e-01,0.000000000000000000e+00,4.611841211023224862e-01,3.713405878247826863e-01,0.000000000000000000e+00,0.000000000000000000e+00,0.000000000000000000e+00,4.409967943912803112e-01,4.028576610887312226e-01,0.000000000000000000e+00,0.000000000000000000e+00,0.000000000000000000e+00,0.000000000000000000e+00,0.000000000000000000e+00,4.463218340400421091e-01,4.272159655353596208e-01,4.623694696685382022e-01,0.000000000000000000e+00,3.862727881759275839e-01,0.000000000000000000e+00,0.000000000000000000e+00,4.186740741317139802e-01
0.000000000000000000e+00,0.000000000000000000e+00,3.507375955221542219e-01,3.437665373039576755e-01,3.732993662798306800e-01,3.905932454110065954e-01,4.608443406796317032e-01,3.197953864107657140e-01,3.430865020284968869e-01,4.161849742735005964e-01,0.000000000000000000e+00,3.184488069228756935e-01,4.480135526234350074e-01,3.012716413123525117e-01,0.000000000000000000e+00,0.000000000000000000e+00,3.162775507561070842e-01,0.000000000000000000e+00,2.938236436064738943e-01,0.000000000000000000e+00,0.000000000000000000e+00,0.000000000000000000e+00,2.988160673268592249e-01,3.493381068846868054e-01,0.000000000000000000e+00,0.000000000000000000e+00,3.807520853658152848e-01,4.404996930883813833e-01,0.000000000000000000e+00,0.000000000000000000e+00,4.634655207533355803e-01,3.471613902453883904e-01,2.899641349884117814e-01,4.372876777117528091e-01,4.210657529124119947e-01,2.595486873192361932e-01,4.099051958379290039e-01,3.045181037312275074e-01,2.924856238495190941e-01,0.000000000000000000e+00,0.000000000000000000e+00,0.000000000000000000e+00,3.572799569333198200e-01,0.000000000000000000e+00,0.000000000000000000e+00,0.000000000000000000e+00,0.000000000000000000e+00,5.168426594759275572e-01,0.000000000000000000e+00,0.000000000000000000e+00,4.576963603292342198e-01,3.744855537308007798e-01,4.317589800245115739e-01,5.179052634976811786e-01,0.000000000000000000e+00,2.934737573771197261e-01,0.000000000000000000e+00,3.257133812611527901e-01,0.000000000000000000e+00,0.000000000000000000e+00,0.000000000000000000e+00,0.000000000000000000e+00,0.000000000000000000e+00,4.379356561586915109e-01,0.000000000000000000e+00,0.000000000000000000e+00,0.000000000000000000e+00,4.581464555889098178e-01,0.000000000000000000e+00,0.000000000000000000e+00,0.000000000000000000e+00,4.367651333696169202e-01,2.862626181319262164e-01,0.000000000000000000e+00,0.000000000000000000e+00,0.000000000000000000e+00
3.679678467610240089e-01,0.000000000000000000e+00,0.000000000000000000e+00,0.000000000000000000e+00,3.467099284174127161e-01,2.624409378129892723e-01,3.532139786292842198e-01,3.852273467837291077e-01,2.880265160166237126e-01,2.989244081880396142e-01,3.184488069228756935e-01,0.000000000000000000e+00,3.305928560853257925e-01,0.000000000000000000e+00,0.000000000000000000e+00,0.000000000000000000e+00,3.909828440679398165e-01,3.858463222464060260e-01,2.764473413904077748e-01,0.000000000000000000e+00,4.345780451491791929e-01,0.000000000000000000e+00,2.873535724769247235e-01,2.909421003142633189e-01,3.689825492630326997e-01,3.056962382863582794e-01,2.519507521346727175e-01,2.873471840225650942e-01,0.000000000000000000e+00,0.000000000000000000e+00,3.217587063275892945e-01,2.469667766568235945e-01,2.788483104780064004e-01,2.271835602158782941e-01,2.353085577599098033e-01,2.701905828002771903e-01,2.068142022031891902e-01,2.080388160814284904e-01,2.355973024461288923e-01,3.452438419229543753e-01,4.025284687461188060e-01,0.000000000000000000e+00,0.000000000000000000e+00,0.000000000000000000e+00,3.134362308879913850e-01,0.000000000000000000e+00,0.000000000000000000e+00,0.000000000000000000e+00,0.000000000000000000e+00,0.000000000000000000e+00,0.000000000000000000e+00,0.000000000000000000e+00,0.000000000000000000e+00,0.000000000000000000e+00,4.339102796562948061e-01,0.000000000000000000e+00,4.595918414069974922e-01,3.601833686974412196e-01,0.000000000000000000e+00,0.000000000000000000e+00,0.000000000000000000e+00,4.094065344073796187e-01,4.088554980722123866e-01,0.000000000000000000e+00,0.000000000000000000e+00,0.000000000000000000e+00,0.000000000000000000e+00,0.000000000000000000e+00,4.345852713381391230e-01,4.296627414986162741e-01,4.594113134196434189e-01,0.000000000000000000e+00,3.990178489269375905e-01,0.000000000000000000e+00,0.000000000000000000e+00,4.075708187002973770e-01
3.914211245441315823e-01,4.400018490478361244e-01,4.290067349115244122e-01,2.798374857450814934e-01,3.857837350360159845e-01,4.194103418857442755e-01,3.371991277964718758e-01,4.338648238343952857e-01,4.029871805896506065e-01,3.951139087725841770e-01,4.480135526234350074e-01,3.305928560853257925e-01,0.000000000000000000e+00,3.588319011193842889e-01,0.000000000000000000e+00,4.657241113232439833e-01,3.514728169728695839e-01,4.114895466161123116e-01,4.474525563720102017e-01,4.470641020710295899e-01,0.000000000000000000e+00,4.800045694513861982e-01,4.261104588703725771e-01,3.235436560770101888e-01,4.217719068322384190e-01,4.142535824556158874e-01,4.355249786965513792e-01,3.391365317947109825e-01,4.350705459937124209e-01,4.517821282249828152e-01,3.928052669602178915e-01,3.969423503054447799e-01,3.107012656417775798e-01,3.912599748710147152e-01,4.191827775916123211e-01,3.220712842240359142e-01,3.233168088530640194e-01,3.249912441261005869e-01,3.496906276978177242e-01,0.000000000000000000e+00,3.941107321128848873e-01,2.589797937140794759e-01,3.203413656937481035e-01,0.000000000000000000e+00,0.000000000000000000e+00,0.000000000000000000e+00,0.000000000000000000e+00,3.738260462814346763e-01,0.000000000000000000e+00,0.000000000000000000e+00,4.498622430894798074e-01,3.638687462861218136e-01,4.612720651258496729e-01,0.000000000000000000e+00,0.000000000000000000e+00,3.057364532612781849e-01,0.000000000000000000e+00,0.000000000000000000e+00,0.000000000000000000e+00,3.585028879793465961e-01,0.000000000000000000e+00,0.000000000000000000e+00,0.000000000000000000e+00,0.000000000000000000e+00,3.697729494482820956e-01,0.000000000000000000e+00,3.019257880666226801e-01,5.021868468947511266e-01,0.000000000000000000e+00,2.787428529983351777e-01,2.925794145508194832e-01,4.725491435272956009e-01,0.000000000000000000e+00,3.929810868867121831e-01,0.000000000000000000e+00,0.000000000000000000e+00
0.000000000000000000e+00,0.000000000000000000e+00,4.021034883882643185e-01,2.598031092327092728e-01,3.120826627908357964e-01,4.316565120144140733e-01,4.265796432401072757e-01,3.730885041371658217e-01,4.210444436511582844e-01,0.000000000000000000e+00,3.012716413123525117e-01,0.000000000000000000e+00,3.588319011193842889e-01,0.000000000000000000e+00,0.000000000000000000e+00,0.000000000000000000e+00,0.000000000000000000e+00,0.000000000000000000e+00,3.568244275138579003e-01,0.000000000000000000e+00,4.506912249319959818e-01,0.000000000000000000e+00,3.859525277912997931e-01,0.000000000000000000e+00,0.000000000000000000e+00,0.000000000000000000e+00,4.176101850149824823e-01,2.925137608867818817e-01,0.000000000000000000e+00,0.000000000000000000e+00,0.000000000000000000e+00,2.416521120838641956e-01,0.000000000000000000e+00,0.000000000000000000e+00,0.000000000000000000e+00,2.222773874107561998e-01,1.926094267159849105e-01,0.000000000000000000e+00,0.000000000000000000e+00,0.000000000000000000e+00,0.000000000000000000e+00,0.000000000000000000e+00,3.584817637970479920e-01,0.000000000000000000e+00,0.000000000000000000e+00,0.000000000000000000e+00,0.000000000000000000e+00,0.000000000000000000e+00,0.000000000000000000e+00,0.000000000000000000e+00,0.000000000000000000e+00,0.000000000000000000e+00,0.000000000000000000e+00,4.572765376482353927e-01,0.000000000000000000e+00,3.866252108966887757e-01,0.000000000000000000e+00,0.000000000000000000e+00,0.000000000000000000e+00,0.000000000000000000e+00,0.000000000000000000e+00,0.000000000000000000e+00,0.000000000000000000e+00,0.000000000000000000e+00,0.000000000000000000e+00,0.000000000000000000e+00,0.000000000000000000e+00,0.000000000000000000e+00,0.000000000000000000e+00,0.000000000000000000e+00,0.000000000000000000e+00,0.000000000000000000e+00,0.000000000000000000e+00,0.000000000000000000e+00,0.000000000000000000e+00,0.000000000000000000e+00
3.854434582119493080e-01,4.109206081258527932e-01,0.000000000000000000e+00,0.000000000000000000e+00,0.000000000000000000e+00,3.997172138204925784e-01,0.000000000000000000e+00,4.129850804732391745e-01,0.000000000000000000e+00,0.000000000000000000e+00,0.000000000000000000e+00,0.000000000000000000e+00,0.000000000000000000e+00,0.000000000000000000e+00,0.000000000000000000e+00,4.224082484051049913e-01,0.000000000000000000e+00,4.127175070481611252e-01,0.000000000000000000e+00,3.044179328033023157e-01,3.919423028481937021e-01,3.429478458409261910e-01,3.472575461205705261e-01,4.609004120629628942e-01,3.922820079336268861e-01,4.518975684995685804e-01,3.973067243077426092e-01,4.491897181300070763e-01,4.082262277755940860e-01,0.000000000000000000e+00,4.259409940568573139e-01,4.629965800401457110e-01,4.098891097502576075e-01,4.488383636238886254e-01,5.055653210665644881e-01,4.786679826939326809e-01,0.000000000000000000e+00,0.000000000000000000e+00,5.197611620558981738e-01,4.916654739040113853e-01,5.305276127834025468e-01,5.338316030610228413e-01,0.000000000000000000e+00,0.000000000000000000e+00,0.000000000000000000e+00,0.000000000000000000e+00,5.127820470791816243e-01,0.000000000000000000e+00,0.000000000000000000e+00,0.000000000000000000e+00,4.680694343984849182e-01,0.000000000000000000e+00,0.000000000000000000e+00,0.000000000000000000e+00,0.000000000000000000e+00,0.000000000000000000e+00,0.000000000000000000e+00,0.000000000000000000e+00,0.000000000000000000e+00,5.035352830535061441e-01,4.949496314863149893e-01,0.000000000000000000e+00,0.000000000000000000e+00,0.000000000000000000e+00,4.811299107470460856e-01,5.084913082439275200e-01,5.147048046954509903e-01,4.821791751861526087e-01,0.000000000000000000e+00,0.000000000000000000e+00,5.692456624458654968e-01,4.995973942942906754e-01,3.761825452601266218e-01,4.535159373615338940e-01,0.000000000000000000e+00,4.672908584495181761e-01
3.873261910869029157e-01,4.127942553350972266e-01,0.000000000000000000e+00,0.000000000000000000e+00,3.287568743217729739e-01,4.470277314917627809e-01,4.452321968204939195e-01,4.168874411692222171e-01,3.251008553544256219e-01,3.834369404447866003e-01,0.000000000000000000e+00,0.000000000000000000e+00,4.657241113232439833e-01,0.000000000000000000e+00,4.224082484051049913e-01,0.000000000000000000e+00,4.049419005706567098e-01,3.837038391407294746e-01,0.000000000000000000e+00,4.327942892325831736e-01,4.012138644103145912e-01,3.863091256726127742e-01,4.138063658804098099e-01,0.000000000000000000e+00,4.020579168804405135e-01,4.047760354639621805e-01,4.330002199908130067e-01,4.496682496151204189e-01,4.638288306454464993e-01,3.871054589889619812e-01,3.828505141519313870e-01,4.566827010610922111e-01,3.767419558986688788e-01,3.855656199134335216e-01,4.427408094767253943e-01,0.000000000000000000e+00,0.000000000000000000e+00,0.000000000000000000e+00,4.489825093350476859e-01,4.284774042413416195e-01,4.300704859068477104e-01,4.513481895251608145e-01,0.000000000000000000e+00,0.000000000000000000e+00,0.000000000000000000e+00,4.265961662309559199e-01,4.437916451919032834e-01,0.000000000000000000e+00,0.000000000000000000e+00,0.000000000000000000e+00,0.000000000000000000e+00,0.000000000000000000e+00,0.000000000000000000e+00,0.000000000000000000e+00,0.000000000000000000e+00,0.000000000000000000e+00,0.000000000000000000e+00,0.000000000000000000e+00,0.000000000000000000e+00,4.818594510391838170e-01,4.353533437923080007e-01,0.000000000000000000e+00,4.237827185847302114e-01,0.000000000000000000e+00,3.425076820328669114e-01,4.608189712900824242e-01,4.574241089856571074e-01,3.542183918466513814e-01,0.000000000000000000e+00,4.185325922077403060e-01,4.520248020818514734e-01,3.091192760174161225e-01,0.000000000000000000e+00,3.190105317650031025e-01,0.000000000000000000e+00,4.231997607063519018e-01
4.082459215451931800e-01,0.000000000000000000e+00,0.000000000000000000e+00,0.000000000000000000e+00,0.000000000000000000e+00,2.958807837448186873e-01,3.346940680011645242e-01,0.000000000000000000e+00,0.000000000000000000e+00,3.455992274828210142e-01,3.162775507561070842e-01,3.909828440679398165e-01,3.514728169728695839e-01,0.000000000000000000e+00,0.000000000000000000e+00,4.049419005706567098e-01,0.000000000000000000e+00,3.800604987211448904e-01,0.000000000000000000e+00,3.332307274842041811e-01,0.000000000000000000e+00,3.660522870284004249e-01,0.000000000000000000e+00,3.603115102499241940e-01,3.760896443688194202e-01,3.683161131383145825e-01,0.000000000000000000e+00,3.628816426787294103e-01,3.283104811954790092e-01,0.000000000000000000e+00,3.534364746756096798e-01,4.294244035341316934e-01,3.497329638457220002e-01,3.782449869004663179e-01,3.868192896299789130e-01,0.000000000000000000e+00,0.000000000000000000e+00,2.932584989059863756e-01,0.000000000000000000e+00,4.024184348595545857e-01,0.000000000000000000e+00,0.000000000000000000e+00,0.000000000000000000e+00,0.000000000000000000e+00,0.000000000000000000e+00,0.000000000000000000e+00,0.000000000000000000e+00,0.000000000000000000e+00,0.000000000000000000e+00,0.000000000000000000e+00,0.000000000000000000e+00,0.000000000000000000e+00,0.000000000000000000e+00,0.000000000000000000e+00,4.315038526900132898e-01,0.000000000000000000e+00,4.612005350017912009e-01,0.000000000000000000e+00,0.000000000000000000e+00,0.000000000000000000e+00,0.000000000000000000e+00,3.903693939039314942e-01,4.017702370148215074e-01,0.000000000000000000e+00,0.000000000000000000e+00,0.000000000000000000e+00,0.000000000000000000e+00,0.000000000000000000e+00,4.566891103328005741e-01,4.234845991753726779e-01,4.445843862732881124e-01,0.000000000000000000e+00,0.000000000000000000e+00,0.000000000000000000e+00,0.000000000000000000e+00,0.000000000000000000e+00
3.948435387935173013e-01,4.167281834940660956e-01,0.000000000000000000e+00,0.000000000000000000e+00,0.000000000000000000e+00,4.152748969301819915e-01,4.096443826027477142e-01,4.294872836309834851e-01,2.628482429597402970e-01,3.814395244474835245e-01,0.000000000000000000e+00,3.858463222464060260e-01,4.114895466161123116e-01,0.000000000000000000e+00,4.127175070481611252e-01,3.837038391407294746e-01,3.800604987211448904e-01,0.000000000000000000e+00,0.000000000000000000e+00,4.105234827660581010e-01,4.083410804797520943e-01,4.070831334437041149e-01,4.002615699887340228e-01,3.697693721904958819e-01,3.795204113784350075e-01,3.812490144906475753e-01,3.731102568597765012e-01,4.360267030442073755e-01,4.179311822665484066e-01,3.987400900447317098e-01,3.851127097239503971e-01,4.346657343550685004e-01,3.641378721344368241e-01,3.958956743903632725e-01,4.178717073913140734e-01,0.000000000000000000e+00,0.000000000000000000e+00,0.000000000000000000e+00,4.313143931894157790e-01,4.027153167354828867e-01,4.176312785450160825e-01,4.352521711337560828e-01,0.000000000000000000e+00,0.000000000000000000e+00,0.000000000000000000e+00,4.294838634671576116e-01,4.271277608967727901e-01,0.000000000000000000e+00,0.000000000000000000e+00,0.000000000000000000e+00,0.000000000000000000e+00,0.000000000000000000e+00,0.000000000000000000e+00,0.000000000000000000e+00,4.113250152504863144e-01,0.000000000000000000e+00,4.324148325612288124e-01,0.000000000000000000e+00,0.000000000000000000e+00,0.000000000000000000e+00,4.256921053398827204e-01,4.128316551382427146e-01,4.086020979356035920e-01,0.000000000000000000e+00,0.000000000000000000e+00,0.000000000000000000e+00,4.288626564576782929e-01,0.000000000000000000e+00,4.735017910375006744e-01,4.093922728152588064e-01,4.290839240417482214e-01,0.000000000000000000e+00,0.000000000000000000e+00,0.000000000000000000e+00,0.000000000000000000e+00,4.095636153800676915e-01
0.000000000000000000e+00,0.000000000000000000e+00,3.232299707655748033e-01,2.765400546251616243e-01,4.010655930169492178e-01,3.563087288497088223e-01,4.554698538158459820e-01,4.327750959756141991e-01,2.813592488947044834e-01,3.479450886129938914e-01,2.938236436064738943e-01,2.764473413904077748e-01,4.474525563720102017e-01,3.568244275138579003e-01,0.000000000000000000e+00,0.000000000000000000e+00,0.000000000000000000e+00,0.000000000000000000e+00,0.000000000000000000e+00,0.000000000000000000e+00,0.000000000000000000e+00,0.000000000000000000e+00,3.139321051027889053e-01,0.000000000000000000e+00,0.000000000000000000e+00,0.000000000000000000e+00,3.812710520392745273e-01,4.352140261607488902e-01,0.000000000000000000e+00,0.000000000000000000e+00,4.442916978422057905e-01,3.734295935653523246e-01,0.000000000000000000e+00,4.299575410548712728e-01,4.100153392643759998e-01,3.364724218798043065e-01,3.609215870348966848e-01,2.879094881890064128e-01,2.826021772273243915e-01,0.000000000000000000e+00,0.000000000000000000e+00,0.000000000000000000e+00,4.405951593419142887e-01,0.000000000000000000e+00,0.000000000000000000e+00,0.000000000000000000e+00,0.000000000000000000e+00,3.950428658286315176e-01,0.000000000000000000e+00,3.735622807146475877e-01,4.529629244897596108e-01,3.581688183180354867e-01,5.244794414225086854e-01,4.936043396172667963e-01,0.000000000000000000e+00,3.715393998370180029e-01,0.000000000000000000e+00,3.595852924126163863e-01,0.000000000000000000e+00,0.000000000000000000e+00,0.000000000000000000e+00,0.000000000000000000e+00,0.000000000000000000e+00,4.884859204084082140e-01,0.000000000000000000e+00,0.000000000000000000e+00,0.000000000000000000e+00,4.982166165708846739e-01,0.000000000000000000e+00,0.000000000000000000e+00,0.000000000000000000e+00,4.674488532368654137e-01,0.000000000000000000e+00,0.000000000000000000e+00,0.000000000000000000e+00,0.000000000000000000e+00
4.030166961715828111e-01,4.302985664040406832e-01,0.000000000000000000e+00,3.899186753036142927e-01,4.125305300158195188e-01,4.362752797281240214e-01,4.421034903594430188e-01,4.238912198536964882e-01,4.058966472345251764e-01,3.129810791705712747e-01,0.000000000000000000e+00,0.000000000000000000e+00,4.470641020710295899e-01,0.000000000000000000e+00,3.044179328033023157e-01,4.327942892325831736e-01,3.332307274842041811e-01,4.105234827660581010e-01,0.000000000000000000e+00,0.000000000000000000e+00,4.479505967170130942e-01,3.855519722903473778e-01,3.286266214131328134e-01,0.000000000000000000e+00,4.163838064053239085e-01,4.521578372982554272e-01,3.548647707005447849e-01,3.573254570375732908e-01,3.527194552214469869e-01,2.979263594670905069e-01,4.067314461920171209e-01,4.723802749017407265e-01,4.010599934723029780e-01,4.389968587430126967e-01,4.996713729229401157e-01,4.816710918946718878e-01,4.301053129030961153e-01,0.000000000000000000e+00,4.960804596976666758e-01,3.993738271730821743e-01,4.535386586144986021e-01,4.324696235900574171e-01,0.000000000000000000e+00,0.000000000000000000e+00,0.000000000000000000e+00,0.000000000000000000e+00,3.826926770911309172e-01,0.000000000000000000e+00,0.000000000000000000e+00,0.000000000000000000e+00,4.301260172028932849e-01,0.000000000000000000e+00,4.467060090281220752e-01,0.000000000000000000e+00,0.000000000000000000e+00,0.000000000000000000e+00,0.000000000000000000e+00,3.855651337989661753e-01,0.000000000000000000e+00,4.776477185159255789e-01,3.037635812943930147e-01,0.000000000000000000e+00,0.000000000000000000e+00,0.000000000000000000e+00,4.600885425815833818e-01,4.602376163435420997e-01,4.936311913566336917e-01,4.746072790970536914e-01,0.000000000000000000e+00,2.604914088261887084e-01,4.765981793806156053e-01,4.790273665250184276e-01,4.457425237082147107e-01,4.636073092604011125e-01,3.632056701326807913e-01,4.114136869848131761e-01
3.940780206085153226e-01,4.196936668792907166e-01,0.000000000000000000e+00,0.000000000000000000e+00,0.000000000000000000e+00,4.185573257061053765e-01,0.000000000000000000e+00,3.702504865955438818e-01,0.000000000000000000e+00,0.000000000000000000e+00,0.000000000000000000e+00,4.345780451491791929e-01,0.000000000000000000e+00,4.506912249319959818e-01,3.919423028481937021e-01,4.012138644103145912e-01,0.000000000000000000e+00,4.083410804797520943e-01,0.000000000000000000e+00,4.479505967170130942e-01,0.000000000000000000e+00,4.437220240115908876e-01,3.950757308696408177e-01,4.837448780884979205e-01,4.006503489548268182e-01,4.242109043430710158e-01,4.338004180035832102e-01,4.477090999226545076e-01,4.344566111976357892e-01,0.000000000000000000e+00,4.002015993357492807e-01,4.550246150536126910e-01,3.860534264648703973e-01,4.153024919416609118e-01,5.103304026727791820e-01,0.000000000000000000e+00,0.000000000000000000e+00,0.000000000000000000e+00,4.982264337422127043e-01,4.060703701731804838e-01,4.767918591789058191e-01,5.639960358669711127e-01,0.000000000000000000e+00,0.000000000000000000e+00,0.000000000000000000e+00,4.484941321413838944e-01,4.936277639594580102e-01,0.000000000000000000e+00,0.000000000000000000e+00,0.000000000000000000e+00,4.589338420337664148e-01,0.000000000000000000e+00,3.389186390908042745e-01,0.000000000000000000e+00,0.000000000000000000e+00,0.000000000000000000e+00,0.000000000000000000e+00,4.127809073814895924e-01,0.000000000000000000e+00,5.064309355938669821e-01,4.700915468406453024e-01,0.000000000000000000e+00,0.000000000000000000e+00,0.000000000000000000e+00,4.660502529895070856e-01,4.313332328105993763e-01,5.054286067494240253e-01,4.537168492021221855e-01,0.000000000000000000e+00,0.000000000000000000e+00,5.318536429257307852e-01,4.795293417562013771e-01,4.626579647258708960e-01,4.583348506067688732e-01,0.000000000000000000e+00,3.951581709748244187e-01
