0.000000000000000000e+00,4.059918290975467192e-01,0.000000000000000000e+00,0.000000000000000000e+00,0.000000000000000000e+00,3.646213196091722120e-01,0.000000000000000000e+00,4.988950306379814070e-01,0.000000000000000000e+00,3.215157817300586252e-01,0.000000000000000000e+00,3.869092702320935939e-01,3.305201926241516097e-01,0.000000000000000000e+00,3.836976616080052804e-01,3.803837570473284080e-01,0.000000000000000000e+00,3.874766161757005056e-01,0.000000000000000000e+00,4.315968692000182183e-01,4.012566106605360838e-01,3.941849762566033144e-01,4.732640795873486184e-01,3.741940031957767254e-01,3.927167809266117748e-01,3.699176902172762738e-01,4.683447270090597137e-01,3.613718441192154129e-01,3.775213877496871873e-01,0.000000000000000000e+00,3.616030036734310116e-01,3.933925584470188141e-01,3.294272503841301214e-01,3.277595791327186925e-01,3.660773934733719814e-01,0.000000000000000000e+00,0.000000000000000000e+00,4.102534603907366240e-01,4.705249509258860874e-01,4.498142374768450136e-01,4.696997958518859817e-01,0.000000000000000000e+00,0.000000000000000000e+00,0.000000000000000000e+00,0.000000000000000000e+00,3.485578870571763854e-01,4.828894561115186224e-01,0.000000000000000000e+00,0.000000000000000000e+00,0.000000000000000000e+00,0.000000000000000000e+00,0.000000000000000000e+00,0.000000000000000000e+00,0.000000000000000000e+00,0.000000000000000000e+00,0.000000000000000000e+00,0.000000000000000000e+00,0.000000000000000000e+00,0.000000000000000000e+00,0.000000000000000000e+00,4.727719950213151168e-01,0.000000000000000000e+00,4.884732374544348277e-01,0.000000000000000000e+00,0.000000000000000000e+00,3.025460865303586933e-01,4.860674055406157268e-01,0.000000000000000000e+00,4.331827611354612251e-01,4.599088754973332804e-01,4.551238895498488923e-01,0.000000000000000000e+00,0.000000000000000000e+00,0.000000000000000000e+00,0.000000000000000000e+00,4.471847369792317228e-01
4.059918290975467192e-01,0.000000000000000000e+00,0.000000000000000000e+00,0.000000000000000000e+00,0.000000000000000000e+00,4.391693203658296740e-01,4.652037102910098199e-01,4.550548571139054199e-01,4.406531021004683191e-01,0.000000000000000000e+00,0.000000000000000000e+00,0.000000000000000000e+00,4.546264457566837058e-01,0.000000000000000000e+00,4.327527339062154921e-01,3.873725856248879107e-01,0.000000000000000000e+00,3.969255360582866210e-01,0.000000000000000000e+00,4.386136129929412153e-01,4.256523900072469169e-01,4.218718083729799950e-01,4.506277977797507051e-01,0.000000000000000000e+00,3.778960334916435793e-01,4.029973898448890868e-01,4.467374392733863275e-01,4.540626303807610009e-01,4.368749536975465864e-01,0.000000000000000000e+00,3.559729842736616967e-01,3.997946830263263140e-01,3.595130547647784058e-01,3.584516302932483911e-01,4.223217732817071135e-01,0.000000000000000000e+00,0.000000000000000000e+00,0.000000000000000000e+00,4.864705681395715131e-01,4.706834704097002109e-01,4.739875912140458225e-01,4.892424847360599127e-01,0.000000000000000000e+00,0.000000000000000000e+00,0.000000000000000000e+00,4.531598279011823105e-01,5.039870718713083120e-01,0.000000000000000000e+00,0.000000000000000000e+00,0.000000000000000000e+00,4.132012656454233102e-01,0.000000000000000000e+00,0.000000000000000000e+00,0.000000000000000000e+00,0.000000000000000000e+00,0.000000000000000000e+00,0.000000000000000000e+00,0.000000000000000000e+00,0.000000000000000000e+00,4.813621620429611170e-01,4.841583100085123936e-01,0.000000000000000000e+00,4.638830100858425953e-01,0.000000000000000000e+00,4.580526809302761237e-01,5.209614384817496946e-01,4.935026649455500070e-01,4.950521696297270902e-01,0.000000000000000000e+00,4.801495732108361225e-01,4.997081523819014159e-01,4.602503010321691845e-01,0.000000000000000000e+00,4.465931910725622900e-01,0.000000000000000000e+00,4.764916659318085834e-01
0.000000000000000000e+00,0.000000000000000000e+00,0.000000000000000000e+00,4.193129924636058159e-01,3.958755124200051267e-01,3.934846410424099883e-01,4.332262921206396777e-01,4.619573427365933904e-01,2.996754428581203111e-01,4.594621306130440841e-01,3.464908418649467747e-01,3.238677775597066932e-01,4.588161894014181064e-01,4.305225175227848089e-01,0.000000000000000000e+00,0.000000000000000000e+00,0.000000000000000000e+00,0.000000000000000000e+00,2.608652092453382920e-01,0.000000000000000000e+00,0.000000000000000000e+00,0.000000000000000000e+00,3.619745540136692918e-01,0.000000000000000000e+00,0.000000000000000000e+00,0.000000000000000000e+00,2.979122743309295940e-01,4.613502062947579807e-01,0.000000000000000000e+00,0.000000000000000000e+00,4.783544927060470742e-01,4.540205929439569132e-01,3.975323118914683151e-01,4.870123928371816735e-01,4.470933542062138777e-01,4.223338662273993238e-01,4.668461434502341190e-01,0.000000000000000000e+00,4.760843683297332207e-01,0.000000000000000000e+00,4.231079046751635153e-01,0.000000000000000000e+00,4.813181642265568216e-01,0.000000000000000000e+00,0.000000000000000000e+00,0.000000000000000000e+00,0.000000000000000000e+00,3.835437867922383837e-01,0.000000000000000000e+00,4.477542191933923110e-01,5.443886967428787083e-01,4.205461392841449153e-01,5.324484873779852245e-01,4.828726650552627730e-01,0.000000000000000000e+00,5.304497531055811788e-01,0.000000000000000000e+00,4.770613837926374057e-01,4.591519237483929761e-01,0.000000000000000000e+00,0.000000000000000000e+00,0.000000000000000000e+00,0.000000000000000000e+00,5.207163767941820343e-01,0.000000000000000000e+00,0.000000000000000000e+00,0.000000000000000000e+00,5.593542623171146033e-01,0.000000000000000000e+00,0.000000000000000000e+00,0.000000000000000000e+00,5.327983813298773352e-01,3.677738948045157774e-01,0.000000000000000000e+00,0.000000000000000000e+00,0.000000000000000000e+00
0.000000000000000000e+00,0.000000000000000000e+00,4.193129924636058159e-01,0.000000000000000000e+00,2.363595043908766902e-01,4.352610784090085727e-01,2.845353629450967925e-01,4.014430766298929809e-01,4.129280960216009100e-01,2.716018346997342015e-01,3.518233241502379816e-01,2.321595611002053028e-01,3.305065480596022787e-01,2.740967302464913935e-01,0.000000000000000000e+00,0.000000000000000000e+00,0.000000000000000000e+00,0.000000000000000000e+00,4.169691200340834847e-01,4.733592097803122067e-01,0.000000000000000000e+00,0.000000000000000000e+00,4.119250745367650790e-01,0.000000000000000000e+00,0.000000000000000000e+00,0.000000000000000000e+00,4.772748936624381932e-01,2.468300638003992076e-01,0.000000000000000000e+00,0.000000000000000000e+00,3.022017687502536187e-01,2.920376297922466224e-01,0.000000000000000000e+00,3.247173649236971826e-01,2.869915594630113032e-01,1.909430322008139058e-01,1.746210526706520882e-01,2.784952172954952010e-01,0.000000000000000000e+00,0.000000000000000000e+00,0.000000000000000000e+00,0.000000000000000000e+00,0.000000000000000000e+00,0.000000000000000000e+00,0.000000000000000000e+00,0.000000000000000000e+00,0.000000000000000000e+00,0.000000000000000000e+00,0.000000000000000000e+00,0.000000000000000000e+00,0.000000000000000000e+00,0.000000000000000000e+00,0.000000000000000000e+00,0.000000000000000000e+00,0.000000000000000000e+00,0.000000000000000000e+00,0.000000000000000000e+00,0.000000000000000000e+00,0.000000000000000000e+00,0.000000000000000000e+00,0.000000000000000000e+00,0.000000000000000000e+00,0.000000000000000000e+00,0.000000000000000000e+00,0.000000000000000000e+00,0.000000000000000000e+00,0.000000000000000000e+00,0.000000000000000000e+00,0.000000000000000000e+00,0.000000000000000000e+00,0.000000000000000000e+00,0.000000000000000000e+00,0.000000000000000000e+00,0.000000000000000000e+00,0.000000000000000000e+00,0.000000000000000000e+00
0.000000000000000000e+00,0.000000000000000000e+00,3.958755124200051267e-01,2.363595043908766902e-01,0.000000000000000000e+00,3.916270120070082239e-01,3.138094377790981993e-01,3.611302540153605856e-01,3.691258490481997834e-01,4.323663367754270737e-01,3.235156706010471894e-01,3.017381054595049128e-01,3.845321844692797253e-01,2.833251597407588918e-01,0.000000000000000000e+00,0.000000000000000000e+00,0.000000000000000000e+00,0.000000000000000000e+00,3.874733736413645824e-01,0.000000000000000000e+00,0.000000000000000000e+00,0.000000000000000000e+00,3.954784047919195911e-01,0.000000000000000000e+00,0.000000000000000000e+00,0.000000000000000000e+00,4.099031544259557069e-01,3.525068593821854002e-01,0.000000000000000000e+00,0.000000000000000000e+00,4.602597565092150234e-01,3.607222136007394164e-01,3.680343870651784921e-01,4.352156132470784144e-01,4.267360589042484831e-01,2.151690241195624020e-01,1.979484916136106110e-01,3.920234627416374074e-01,2.931301538794582884e-01,0.000000000000000000e+00,0.000000000000000000e+00,0.000000000000000000e+00,3.505917103783477984e-01,0.000000000000000000e+00,0.000000000000000000e+00,0.000000000000000000e+00,0.000000000000000000e+00,3.361364245705751874e-01,0.000000000000000000e+00,3.031734603039730191e-01,0.000000000000000000e+00,0.000000000000000000e+00,0.000000000000000000e+00,3.158326674993394145e-01,0.000000000000000000e+00,3.724488675781857938e-01,0.000000000000000000e+00,0.000000000000000000e+00,0.000000000000000000e+00,0.000000000000000000e+00,0.000000000000000000e+00,0.000000000000000000e+00,0.000000000000000000e+00,3.663257020373715256e-01,0.000000000000000000e+00,0.000000000000000000e+00,0.000000000000000000e+00,5.123733765341863533e-01,0.000000000000000000e+00,0.000000000000000000e+00,0.000000000000000000e+00,3.999350668802332254e-01,0.000000000000000000e+00,0.000000000000000000e+00,0.000000000000000000e+00,0.000000000000000000e+00
3.646213196091722120e-01,4.391693203658296740e-01,3.934846410424099883e-01,4.352610784090085727e-01,3.916270120070082239e-01,0.000000000000000000e+00,4.162081212057373025e-01,4.601271911725046126e-01,3.626884565097657775e-01,4.844187744636773152e-01,4.135342766323726882e-01,4.465765796000871757e-01,4.079711970356637019e-01,4.316649747645716073e-01,4.526261539876854090e-01,4.407914495405778066e-01,3.052961721364029213e-01,4.276165414127496844e-01,4.460454624366749221e-01,4.291303576688471066e-01,4.483345452271311760e-01,4.463369005754161956e-01,4.388803212432952905e-01,0.000000000000000000e+00,4.177155923549842886e-01,4.315202495998555765e-01,4.168889249168746258e-01,4.176370212447165775e-01,3.667518883403115826e-01,4.594690358090959270e-01,4.483155586244267909e-01,4.351586454884284749e-01,4.099342057910189130e-01,4.470161289410388150e-01,4.481101407070811060e-01,4.676622736505124944e-01,4.497897577047185735e-01,4.539807016254133742e-01,5.010701575655003293e-01,0.000000000000000000e+00,5.034376381336719275e-01,5.439555379242163591e-01,4.455300865351625172e-01,0.000000000000000000e+00,0.000000000000000000e+00,0.000000000000000000e+00,4.021560753660635146e-01,5.384938737885270887e-01,0.000000000000000000e+00,4.150364554171370735e-01,5.357721697733450750e-01,5.135723280084992792e-01,5.248757292793553297e-01,5.450674164728670501e-01,0.000000000000000000e+00,4.640087789089186732e-01,0.000000000000000000e+00,5.339676827646940849e-01,0.000000000000000000e+00,4.407796204560672226e-01,0.000000000000000000e+00,0.000000000000000000e+00,0.000000000000000000e+00,5.449757107835047076e-01,4.344011035265082921e-01,4.467125403411489892e-01,4.034311306650412154e-01,5.485728709604749120e-01,0.000000000000000000e+00,0.000000000000000000e+00,3.823772392026157929e-01,5.448382617390635785e-01,4.889061631951786002e-01,4.927991541390241981e-01,4.615068622577310209e-01,5.143783893011522057e-01
0.000000000000000000e+00,4.652037102910098199e-01,4.332262921206396777e-01,2.845353629450967925e-01,3.138094377790981993e-01,4.162081212057373025e-01,0.000000000000000000e+00,4.279704873495898121e-01,4.072808945765272193e-01,4.371231283997129013e-01,4.351845544179657743e-01,3.771197833867163118e-01,3.792117548277176842e-01,3.063477561029426255e-01,0.000000000000000000e+00,4.550961045705013142e-01,4.200923684255420953e-01,4.209874783594533820e-01,4.503587614877799239e-01,4.436805435575886802e-01,0.000000000000000000e+00,4.679121854259468138e-01,4.364549199176904759e-01,4.149812370622337765e-01,4.185575544616040866e-01,4.168332882581735066e-01,4.404090352895547178e-01,3.929588731883814079e-01,4.313064529144253201e-01,0.000000000000000000e+00,4.349926057606282037e-01,3.972684600389180809e-01,4.102746785632099824e-01,4.233556073067356040e-01,4.050688028815990771e-01,2.869790478347822860e-01,3.298165724418287148e-01,3.987134905923743755e-01,4.489141245735506214e-01,0.000000000000000000e+00,3.894629927655434143e-01,0.000000000000000000e+00,3.711724500821266814e-01,0.000000000000000000e+00,0.000000000000000000e+00,0.000000000000000000e+00,0.000000000000000000e+00,3.982173332334744131e-01,0.000000000000000000e+00,0.000000000000000000e+00,4.336384953076353743e-01,0.000000000000000000e+00,4.449134698762753914e-01,3.876844868795426002e-01,0.000000000000000000e+00,3.850018371215667146e-01,0.000000000000000000e+00,0.000000000000000000e+00,0.000000000000000000e+00,0.000000000000000000e+00,0.000000000000000000e+00,0.000000000000000000e+00,0.000000000000000000e+00,4.237888008844297727e-01,0.000000000000000000e+00,0.000000000000000000e+00,0.000000000000000000e+00,5.078455011303005806e-01,0.000000000000000000e+00,0.000000000000000000e+00,0.000000000000000000e+00,4.700036696463428254e-01,0.000000000000000000e+00,0.000000000000000000e+00,0.000000000000000000e+00,0.000000000000000000e+00
4.988950306379814070e-01,4.550548571139054199e-01,4.619573427365933904e-01,4.014430766298929809e-01,3.611302540153605856e-01,4.601271911725046126e-01,4.279704873495898121e-01,0.000000000000000000e+00,4.819903634350635735e-01,0.000000000000000000e+00,3.384253644354485169e-01,0.000000000000000000e+00,4.451964273991613763e-01,3.968704920373162803e-01,4.807168913735517246e-01,4.693799036939310110e-01,0.000000000000000000e+00,3.959502577855398275e-01,4.251219445968822952e-01,0.000000000000000000e+00,4.032609857562383104e-01,4.348223946314360155e-01,3.442320787634506885e-01,5.165553146442862786e-01,4.930259962329215928e-01,4.857997446914010253e-01,4.469653833825694145e-01,4.408478009345970228e-01,4.164501423263763935e-01,4.356059157130217074e-01,4.571608898988943070e-01,3.861004028409720790e-01,0.000000000000000000e+00,4.605506183146134136e-01,4.435584900226645089e-01,3.032231083929967097e-01,2.773624046143192134e-01,0.000000000000000000e+00,4.836385133520986757e-01,0.000000000000000000e+00,5.236908548056239399e-01,0.000000000000000000e+00,4.307149531009489274e-01,0.000000000000000000e+00,0.000000000000000000e+00,0.000000000000000000e+00,0.000000000000000000e+00,5.472646217855882123e-01,0.000000000000000000e+00,4.880832258772926924e-01,5.246928129056936951e-01,5.221007130195840507e-01,4.901569477413728060e-01,5.422828696013551886e-01,0.000000000000000000e+00,4.886322394537970792e-01,0.000000000000000000e+00,4.987818340712674159e-01,4.622746440585139838e-01,4.139951909192464141e-01,0.000000000000000000e+00,0.000000000000000000e+00,0.000000000000000000e+00,5.594038543992647661e-01,4.210772123962790991e-01,4.593474330654208071e-01,0.000000000000000000e+00,5.219532793225133416e-01,0.000000000000000000e+00,0.000000000000000000e+00,0.000000000000000000e+00,5.460999543272313517e-01,4.946019475763774875e-01,4.804221463479225740e-01,0.000000000000000000e+00,4.916719399485706132e-01
0.000000000000000000e+00,4.406531021004683191e-01,2.996754428581203111e-01,4.129280960216009100e-01,3.691258490481997834e-01,3.626884565097657775e-01,4.072808945765272193e-01,4.819903634350635735e-01,0.000000000000000000e+00,4.911085408696154175e-01,3.469994628508535905e-01,4.732070953029706151e-01,4.102829376749480006e-01,4.254355009281203803e-01,0.000000000000000000e+00,4.502554367332288199e-01,0.000000000000000000e+00,3.250603017831629749e-01,2.991250606465253870e-01,4.313617327034883764e-01,0.000000000000000000e+00,4.669572162948115168e-01,4.418857737834451793e-01,4.544138531275517812e-01,4.470763249117151727e-01,3.796374373736254859e-01,3.491915591631012949e-01,4.652353591426148793e-01,4.055880913709116742e-01,5.156452673482068150e-01,4.834364884184905176e-01,4.595593876101490838e-01,4.436547450617348010e-01,4.829726396067781091e-01,4.898679620458136763e-01,4.189888731532280253e-01,4.422997990046018124e-01,4.658120724310929051e-01,5.734265618599247993e-01,0.000000000000000000e+00,4.155416744540357255e-01,0.000000000000000000e+00,4.935569750003858114e-01,0.000000000000000000e+00,0.000000000000000000e+00,0.000000000000000000e+00,0.000000000000000000e+00,5.663816554968612582e-01,0.000000000000000000e+00,4.524534308017335027e-01,5.281723208644977241e-01,4.051422841238540018e-01,5.248701662835639770e-01,4.413211743073223170e-01,0.000000000000000000e+00,5.170108044343449949e-01,0.000000000000000000e+00,4.453684124038375103e-01,4.872600506749205085e-01,0.000000000000000000e+00,0.000000000000000000e+00,0.000000000000000000e+00,0.000000000000000000e+00,5.352272264978052974e-01,0.000000000000000000e+00,0.000000000000000000e+00,0.000000000000000000e+00,5.571614819205350511e-01,0.000000000000000000e+00,0.000000000000000000e+00,0.000000000000000000e+00,5.482568086080203962e-01,3.321471876765638154e-01,0.000000000000000000e+00,0.000000000000000000e+00,0.000000000000000000e+00
3.215157817300586252e-01,0.000000000000000000e+00,4.594621306130440841e-01,2.716018346997342015e-01,4.323663367754270737e-01,4.844187744636773152e-01,4.371231283997129013e-01,0.000000000000000000e+00,4.911085408696154175e-01,0.000000000000000000e+00,4.510821501007891143e-01,2.740654994777825815e-01,4.220304195676137793e-01,0.000000000000000000e+00,0.000000000000000000e+00,3.239683976245321118e-01,3.159906008976736125e-01,3.520035324985268943e-01,4.709025805981422730e-01,2.738714282339900219e-01,0.000000000000000000e+00,3.314906714648236941e-01,4.668824754131626897e-01,3.025705758525105149e-01,3.457309368366944802e-01,3.599941881269175803e-01,5.116848687171483556e-01,3.967181215498647995e-01,4.052417719918238737e-01,0.000000000000000000e+00,3.166286553310160845e-01,3.234770478995612208e-01,2.980570455095861160e-01,3.072638511149434204e-01,3.136389166648361204e-01,3.268849906049031140e-01,2.916581695550045095e-01,2.754022296907628897e-01,2.801049483583276101e-01,3.685961851235481923e-01,3.879131617514479102e-01,3.585724820303666793e-01,0.000000000000000000e+00,0.000000000000000000e+00,3.433202086170129008e-01,0.000000000000000000e+00,0.000000000000000000e+00,0.000000000000000000e+00,0.000000000000000000e+00,0.000000000000000000e+00,0.000000000000000000e+00,0.000000000000000000e+00,0.000000000000000000e+00,0.000000000000000000e+00,4.544677984050812247e-01,0.000000000000000000e+00,4.479000200413439936e-01,4.068323733067726877e-01,0.000000000000000000e+00,0.000000000000000000e+00,0.000000000000000000e+00,4.327834248964815833e-01,4.183694308592392774e-01,0.000000000000000000e+00,0.000000000000000000e+00,0.000000000000000000e+00,0.000000000000000000e+00,0.000000000000000000e+00,4.189186066913406226e-01,4.578389473416346056e-01,4.582587487681341054e-01,0.000000000000000000e+00,3.929286163440525170e-01,0.000000000000000000e+00,0.000000000000000000e+00,4.192536720535914863e-01
0.000000000000000000e+00,0.000000000000000000e+00,3.464908418649467747e-01,3.518233241502379816e-01,3.235156706010471894e-01,4.135342766323726882e-01,4.351845544179657743e-01,3.384253644354485169e-01,3.469994628508535905e-01,4.510821501007891143e-01,0.000000000000000000e+00,4.055101528988555026e-01,4.519544709507076208e-01,3.172695278022303889e-01,0.000000000000000000e+00,0.000000000000000000e+00,0.000000000000000000e+00,0.000000000000000000e+00,2.744801296465297913e-01,0.000000000000000000e+00,0.000000000000000000e+00,0.000000000000000000e+00,2.871124038996635819e-01,4.428691308536276128e-01,0.000000000000000000e+00,3.621890253012117755e-01,3.971799564669922233e-01,4.480498349741470765e-01,0.000000000000000000e+00,0.000000000000000000e+00,4.704865979064167814e-01,4.150653630079071954e-01,4.334099812874553925e-01,4.575777885929783184e-01,4.509699892407567079e-01,3.058157957644018765e-01,3.615397717130743871e-01,4.588651939643413891e-01,4.871532270826960942e-01,0.000000000000000000e+00,0.000000000000000000e+00,0.000000000000000000e+00,3.876129869058347888e-01,0.000000000000000000e+00,0.000000000000000000e+00,0.000000000000000000e+00,0.000000000000000000e+00,5.027299423698532443e-01,0.000000000000000000e+00,4.638297293070280936e-01,4.894539951027401803e-01,4.944529572412105223e-01,4.652281675406761963e-01,4.916344016883846257e-01,0.000000000000000000e+00,3.544087555431369996e-01,0.000000000000000000e+00,4.757323431713421091e-01,4.207573146233106187e-01,0.000000000000000000e+00,0.000000000000000000e+00,0.000000000000000000e+00,0.000000000000000000e+00,3.653715409019013816e-01,0.000000000000000000e+00,0.000000000000000000e+00,0.000000000000000000e+00,5.252461850709031488e-01,0.000000000000000000e+00,0.000000000000000000e+00,0.000000000000000000e+00,5.028317932728039175e-01,4.430128373038010881e-01,0.000000000000000000e+00,0.000000000000000000e+00,0.000000000000000000e+00
3.869092702320935939e-01,0.000000000000000000e+00,3.238677775597066932e-01,2.321595611002053028e-01,3.017381054595049128e-01,4.465765796000871757e-01,3.771197833867163118e-01,0.000000000000000000e+00,4.732070953029706151e-01,2.740654994777825815e-01,4.055101528988555026e-01,0.000000000000000000e+00,4.308857151313694178e-01,0.000000000000000000e+00,0.000000000000000000e+00,0.000000000000000000e+00,3.807942777376575050e-01,3.171444286150065794e-01,3.439773978840087176e-01,0.000000000000000000e+00,0.000000000000000000e+00,0.000000000000000000e+00,4.115212814631192817e-01,2.523957636452472952e-01,3.457919553244210853e-01,3.178527873745101151e-01,3.859126538065333900e-01,3.719640116992707912e-01,0.000000000000000000e+00,0.000000000000000000e+00,3.158176234752166911e-01,2.782920056685201926e-01,2.857796127044415768e-01,2.365055838313682990e-01,2.881082613152805005e-01,2.611317671136991758e-01,2.633474283528018933e-01,1.968204669820776964e-01,3.687096714533196207e-01,3.664217659782794123e-01,3.862895495279439761e-01,0.000000000000000000e+00,0.000000000000000000e+00,0.000000000000000000e+00,3.168264286615806169e-01,0.000000000000000000e+00,0.000000000000000000e+00,0.000000000000000000e+00,0.000000000000000000e+00,0.000000000000000000e+00,0.000000000000000000e+00,0.000000000000000000e+00,0.000000000000000000e+00,0.000000000000000000e+00,4.641328694024691726e-01,0.000000000000000000e+00,4.470767356922321079e-01,4.070185856067197738e-01,0.000000000000000000e+00,0.000000000000000000e+00,0.000000000000000000e+00,4.923586175499594098e-01,4.488289056045334235e-01,0.000000000000000000e+00,0.000000000000000000e+00,0.000000000000000000e+00,0.000000000000000000e+00,0.000000000000000000e+00,4.189865318002963246e-01,4.684602764964537203e-01,4.640370099556880845e-01,0.000000000000000000e+00,0.000000000000000000e+00,0.000000000000000000e+00,0.000000000000000000e+00,4.252525559872337158e-01
3.305201926241516097e-01,4.546264457566837058e-01,4.588161894014181064e-01,3.305065480596022787e-01,3.845321844692797253e-01,4.079711970356637019e-01,3.792117548277176842e-01,4.451964273991613763e-01,4.102829376749480006e-01,4.220304195676137793e-01,4.519544709507076208e-01,4.308857151313694178e-01,0.000000000000000000e+00,3.880082882882084916e-01,4.067862130798283182e-01,4.777899222641602828e-01,4.491225407489127242e-01,4.829490116337186723e-01,4.642213420815102243e-01,4.465841115371007031e-01,4.248895802840834124e-01,4.780503796116624127e-01,4.465402894708898063e-01,4.661764407573331104e-01,4.447606912616434149e-01,4.310223906424752172e-01,4.542254179750804810e-01,3.768342182742187019e-01,4.254308287022433022e-01,4.152845031272329734e-01,4.281400266939597854e-01,4.164193204563838013e-01,4.453601671055498201e-01,4.258771904549075171e-01,4.223625876916948241e-01,3.408281751102619772e-01,3.805905522519031914e-01,4.336102504980108852e-01,4.599103279869881100e-01,3.817900381063343840e-01,3.709494687567707061e-01,3.301669908083005867e-01,4.336380475133406742e-01,0.000000000000000000e+00,0.000000000000000000e+00,0.000000000000000000e+00,0.000000000000000000e+00,4.753289745058447147e-01,0.000000000000000000e+00,0.000000000000000000e+00,4.567281210325255802e-01,3.570436178186778275e-01,4.833982017492099992e-01,0.000000000000000000e+00,0.000000000000000000e+00,3.946251398388213039e-01,3.767465160996825158e-01,0.000000000000000000e+00,0.000000000000000000e+00,3.328541930372946878e-01,0.000000000000000000e+00,0.000000000000000000e+00,0.000000000000000000e+00,0.000000000000000000e+00,3.677913519852434865e-01,0.000000000000000000e+00,3.598815660316428966e-01,5.270135610862289877e-01,0.000000000000000000e+00,3.296952609206004747e-01,3.962096439435895956e-01,5.433015605782223201e-01,0.000000000000000000e+00,4.659614351642731855e-01,0.000000000000000000e+00,0.000000000000000000e+00
0.000000000000000000e+00,0.000000000000000000e+00,4.305225175227848089e-01,2.740967302464913935e-01,2.833251597407588918e-01,4.316649747645716073e-01,3.063477561029426255e-01,3.968704920373162803e-01,4.254355009281203803e-01,0.000000000000000000e+00,3.172695278022303889e-01,0.000000000000000000e+00,3.880082882882084916e-01,0.000000000000000000e+00,0.000000000000000000e+00,0.000000000000000000e+00,0.000000000000000000e+00,0.000000000000000000e+00,3.863989565240603108e-01,0.000000000000000000e+00,3.966743095541824249e-01,0.000000000000000000e+00,3.937294908782866809e-01,0.000000000000000000e+00,0.000000000000000000e+00,0.000000000000000000e+00,4.495458629746629242e-01,2.990304606992726932e-01,0.000000000000000000e+00,0.000000000000000000e+00,0.000000000000000000e+00,2.780490059871159048e-01,0.000000000000000000e+00,4.298834039456329026e-01,0.000000000000000000e+00,2.312001002996083021e-01,1.872370028210673942e-01,0.000000000000000000e+00,4.495894145493166127e-01,0.000000000000000000e+00,0.000000000000000000e+00,0.000000000000000000e+00,4.256531971397740088e-01,0.000000000000000000e+00,0.000000000000000000e+00,0.000000000000000000e+00,0.000000000000000000e+00,4.191392146112600803e-01,0.000000000000000000e+00,0.000000000000000000e+00,0.000000000000000000e+00,0.000000000000000000e+00,0.000000000000000000e+00,4.655739260343392805e-01,0.000000000000000000e+00,3.743494690928595992e-01,0.000000000000000000e+00,0.000000000000000000e+00,0.000000000000000000e+00,0.000000000000000000e+00,0.000000000000000000e+00,0.000000000000000000e+00,0.000000000000000000e+00,0.000000000000000000e+00,0.000000000000000000e+00,0.000000000000000000e+00,0.000000000000000000e+00,4.977162058291643154e-01,0.000000000000000000e+00,0.000000000000000000e+00,0.000000000000000000e+00,4.231723094084253178e-01,0.000000000000000000e+00,0.000000000000000000e+00,0.000000000000000000e+00,0.000000000000000000e+00
3.836976616080052804e-01,4.327527339062154921e-01,0.000000000000000000e+00,0.000000000000000000e+00,0.000000000000000000e+00,4.526261539876854090e-01,0.000000000000000000e+00,4.807168913735517246e-01,0.000000000000000000e+00,0.000000000000000000e+00,0.000000000000000000e+00,0.000000000000000000e+00,4.067862130798283182e-01,0.000000000000000000e+00,0.000000000000000000e+00,4.162226025033112231e-01,0.000000000000000000e+00,3.973791909599052041e-01,0.000000000000000000e+00,3.466202378285607177e-01,4.136632832208723132e-01,4.043388421052834802e-01,3.891862270512472799e-01,4.930952852711374956e-01,3.920449531444872848e-01,3.841111652660499920e-01,4.089882834705682035e-01,3.892205540209038861e-01,4.043585589556882853e-01,0.000000000000000000e+00,4.106170111452668858e-01,4.281474698663962908e-01,3.814721906213445757e-01,4.197933070760522245e-01,4.569357276383145816e-01,5.544057720879916884e-01,0.000000000000000000e+00,0.000000000000000000e+00,4.814148365364044890e-01,4.676585742841684046e-01,4.736913955803395138e-01,4.840552108353823879e-01,0.000000000000000000e+00,0.000000000000000000e+00,0.000000000000000000e+00,0.000000000000000000e+00,5.073234584592428709e-01,0.000000000000000000e+00,0.000000000000000000e+00,0.000000000000000000e+00,4.318094547621184054e-01,0.000000000000000000e+00,5.253631466403900774e-01,0.000000000000000000e+00,0.000000000000000000e+00,0.000000000000000000e+00,0.000000000000000000e+00,3.843258598997010833e-01,0.000000000000000000e+00,5.231573938705290638e-01,4.261301275701476210e-01,0.000000000000000000e+00,0.000000000000000000e+00,0.000000000000000000e+00,4.758065731103717222e-01,5.006253438716449233e-01,5.253285351091604438e-01,4.625728245623457191e-01,0.000000000000000000e+00,3.744210601850216924e-01,4.967575904775640150e-01,4.623773728776925940e-01,4.610577541145697844e-01,4.275023652236842886e-01,0.000000000000000000e+00,4.500800319659639115e-01
3.803837570473284080e-01,3.873725856248879107e-01,0.000000000000000000e+00,0.000000000000000000e+00,0.000000000000000000e+00,4.407914495405778066e-01,4.550961045705013142e-01,4.693799036939310110e-01,4.502554367332288199e-01,3.239683976245321118e-01,0.000000000000000000e+00,0.000000000000000000e+00,4.777899222641602828e-01,0.000000000000000000e+00,4.162226025033112231e-01,0.000000000000000000e+00,4.095699386239785023e-01,3.489119247584790973e-01,0.000000000000000000e+00,4.250062539062994249e-01,4.192249109567566245e-01,3.960671696089060889e-01,4.294952077201186769e-01,3.178471152345591078e-01,3.784252013504956769e-01,3.864826803336540162e-01,4.315060507655686939e-01,4.779350680516453176e-01,4.514699841857328089e-01,4.775922538196655243e-01,3.780099091017822821e-01,4.287102047374000136e-01,3.686228390067818883e-01,3.781323069029526862e-01,4.379725238085280803e-01,0.000000000000000000e+00,0.000000000000000000e+00,0.000000000000000000e+00,4.562702264721033019e-01,4.324539343879598152e-01,4.504529539179056852e-01,4.889864564478486053e-01,0.000000000000000000e+00,0.000000000000000000e+00,0.000000000000000000e+00,4.464984076432960136e-01,4.796036893436764204e-01,0.000000000000000000e+00,0.000000000000000000e+00,0.000000000000000000e+00,0.000000000000000000e+00,0.000000000000000000e+00,0.000000000000000000e+00,0.000000000000000000e+00,0.000000000000000000e+00,0.000000000000000000e+00,0.000000000000000000e+00,0.000000000000000000e+00,0.000000000000000000e+00,4.746880638343849990e-01,4.545262595679184225e-01,0.000000000000000000e+00,4.564187179189326260e-01,0.000000000000000000e+00,4.394611978230492100e-01,4.567169141765808904e-01,4.702289752747205731e-01,4.150851662648197826e-01,0.000000000000000000e+00,4.522611389345881916e-01,4.805855823152163087e-01,4.442035749668720168e-01,0.000000000000000000e+00,4.111820495223075245e-01,0.000000000000000000e+00,4.209877237548936835e-01
0.000000000000000000e+00,0.000000000000000000e+00,0.000000000000000000e+00,0.000000000000000000e+00,0.000000000000000000e+00,3.052961721364029213e-01,4.200923684255420953e-01,0.000000000000000000e+00,0.000000000000000000e+00,3.159906008976736125e-01,0.000000000000000000e+00,3.807942777376575050e-01,4.491225407489127242e-01,0.000000000000000000e+00,0.000000000000000000e+00,4.095699386239785023e-01,0.000000000000000000e+00,3.154369612525437239e-01,0.000000000000000000e+00,3.955936326752311771e-01,0.000000000000000000e+00,3.779640011153230783e-01,0.000000000000000000e+00,3.853436360470733901e-01,3.669420951591301217e-01,3.780919582959967884e-01,0.000000000000000000e+00,4.224619044505283916e-01,3.666219186605336189e-01,0.000000000000000000e+00,3.617702409604037772e-01,4.418427540261776754e-01,3.605627790488226125e-01,3.747264323166100142e-01,3.983681095976553954e-01,0.000000000000000000e+00,0.000000000000000000e+00,3.735726658728680261e-01,0.000000000000000000e+00,4.150191112100085067e-01,0.000000000000000000e+00,0.000000000000000000e+00,0.000000000000000000e+00,0.000000000000000000e+00,0.000000000000000000e+00,0.000000000000000000e+00,0.000000000000000000e+00,0.000000000000000000e+00,0.000000000000000000e+00,0.000000000000000000e+00,0.000000000000000000e+00,0.000000000000000000e+00,0.000000000000000000e+00,0.000000000000000000e+00,4.640844941966280057e-01,0.000000000000000000e+00,4.497709795644798114e-01,0.000000000000000000e+00,0.000000000000000000e+00,0.000000000000000000e+00,0.000000000000000000e+00,4.317867053188207960e-01,4.137960120025799826e-01,0.000000000000000000e+00,0.000000000000000000e+00,0.000000000000000000e+00,0.000000000000000000e+00,0.000000000000000000e+00,4.281064365107379865e-01,4.444569121861294270e-01,4.560559556181357221e-01,0.000000000000000000e+00,0.000000000000000000e+00,0.000000000000000000e+00,0.000000000000000000e+00,0.000000000000000000e+00
3.874766161757005056e-01,3.969255360582866210e-01,0.000000000000000000e+00,0.000000000000000000e+00,0.000000000000000000e+00,4.276165414127496844e-01,4.209874783594533820e-01,3.959502577855398275e-01,3.250603017831629749e-01,3.520035324985268943e-01,0.000000000000000000e+00,3.171444286150065794e-01,4.829490116337186723e-01,0.000000000000000000e+00,3.973791909599052041e-01,3.489119247584790973e-01,3.154369612525437239e-01,0.000000000000000000e+00,0.000000000000000000e+00,4.162908864075233195e-01,4.158590106843516043e-01,4.049470297668296137e-01,4.106072093658377220e-01,3.696552763453757051e-01,3.599857088377936831e-01,3.849008567584895069e-01,4.099534808179283174e-01,4.586207573352846234e-01,4.407471237394599006e-01,4.236678559746788753e-01,3.810030870861195740e-01,4.413344080910894252e-01,3.652515782675579969e-01,3.921440036427478737e-01,4.272086408096458787e-01,0.000000000000000000e+00,0.000000000000000000e+00,0.000000000000000000e+00,4.389466527772383220e-01,4.124894983997323128e-01,4.251891139702255740e-01,4.192825872312420099e-01,0.000000000000000000e+00,0.000000000000000000e+00,0.000000000000000000e+00,4.423279649390224888e-01,4.624677544536677787e-01,0.000000000000000000e+00,0.000000000000000000e+00,0.000000000000000000e+00,0.000000000000000000e+00,0.000000000000000000e+00,0.000000000000000000e+00,0.000000000000000000e+00,4.465113871005998991e-01,0.000000000000000000e+00,4.120390505609736742e-01,0.000000000000000000e+00,0.000000000000000000e+00,0.000000000000000000e+00,4.394329692516831809e-01,4.392775227856983156e-01,4.473337447822566260e-01,0.000000000000000000e+00,0.000000000000000000e+00,0.000000000000000000e+00,4.129945848650938833e-01,0.000000000000000000e+00,4.030133216426881049e-01,4.487754244936605907e-01,4.566155841960505835e-01,0.000000000000000000e+00,0.000000000000000000e+00,0.000000000000000000e+00,0.000000000000000000e+00,4.205487642229898126e-01
0.000000000000000000e+00,0.000000000000000000e+00,2.608652092453382920e-01,4.169691200340834847e-01,3.874733736413645824e-01,4.460454624366749221e-01,4.503587614877799239e-01,4.251219445968822952e-01,2.991250606465253870e-01,4.709025805981422730e-01,2.744801296465297913e-01,3.439773978840087176e-01,4.642213420815102243e-01,3.863989565240603108e-01,0.000000000000000000e+00,0.000000000000000000e+00,0.000000000000000000e+00,0.000000000000000000e+00,0.000000000000000000e+00,0.000000000000000000e+00,0.000000000000000000e+00,0.000000000000000000e+00,3.864492329095243761e-01,0.000000000000000000e+00,0.000000000000000000e+00,0.000000000000000000e+00,3.248386025884609229e-01,4.649803310699063830e-01,0.000000000000000000e+00,0.000000000000000000e+00,4.830073673896839170e-01,4.523927771537620823e-01,0.000000000000000000e+00,4.720688025991935932e-01,4.688994124958760223e-01,3.918983960590066151e-01,4.047947725658920248e-01,4.198364902731142045e-01,5.173766609719750997e-01,0.000000000000000000e+00,0.000000000000000000e+00,0.000000000000000000e+00,4.230850070800705742e-01,0.000000000000000000e+00,0.000000000000000000e+00,0.000000000000000000e+00,0.000000000000000000e+00,5.610025613476888884e-01,0.000000000000000000e+00,4.563232411581014114e-01,5.038440646332889017e-01,4.945223686371507110e-01,5.369483927238579701e-01,5.328826584639002606e-01,0.000000000000000000e+00,4.868779679770484092e-01,0.000000000000000000e+00,4.444447255647190897e-01,4.498865309659416112e-01,0.000000000000000000e+00,0.000000000000000000e+00,0.000000000000000000e+00,0.000000000000000000e+00,5.032673436966480507e-01,0.000000000000000000e+00,0.000000000000000000e+00,0.000000000000000000e+00,5.705818960493584946e-01,0.000000000000000000e+00,0.000000000000000000e+00,0.000000000000000000e+00,5.477476780305626791e-01,0.000000000000000000e+00,0.000000000000000000e+00,0.000000000000000000e+00,0.000000000000000000e+00
4.315968692000182183e-01,4.386136129929412153e-01,0.000000000000000000e+00,4.733592097803122067e-01,0.000000000000000000e+00,4.291303576688471066e-01,4.436805435575886802e-01,0.000000000000000000e+00,4.313617327034883764e-01,2.738714282339900219e-01,0.000000000000000000e+00,0.000000000000000000e+00,4.465841115371007031e-01,0.000000000000000000e+00,3.466202378285607177e-01,4.250062539062994249e-01,3.955936326752311771e-01,4.162908864075233195e-01,0.000000000000000000e+00,0.000000000000000000e+00,4.267125683312911200e-01,3.814911921476328849e-01,3.432603695958377776e-01,0.000000000000000000e+00,4.008804301206154164e-01,4.300895780189165074e-01,3.838938810089869147e-01,4.163913868800532825e-01,3.493160582428280758e-01,2.971751371065021186e-01,3.952083276183049887e-01,4.300820609350943236e-01,3.548244580198893217e-01,4.139493726347441838e-01,4.457535995989366229e-01,4.965644629766495788e-01,5.285071544872624871e-01,0.000000000000000000e+00,4.311061776352769770e-01,3.645874464472300125e-01,4.061582252208623123e-01,4.607016786339542258e-01,0.000000000000000000e+00,0.000000000000000000e+00,0.000000000000000000e+00,0.000000000000000000e+00,3.916978021770818885e-01,0.000000000000000000e+00,0.000000000000000000e+00,0.000000000000000000e+00,3.957686818766109060e-01,0.000000000000000000e+00,5.131074700752307205e-01,0.000000000000000000e+00,0.000000000000000000e+00,0.000000000000000000e+00,0.000000000000000000e+00,3.470099133264820113e-01,0.000000000000000000e+00,4.670456256449168064e-01,3.072103820217617076e-01,0.000000000000000000e+00,0.000000000000000000e+00,0.000000000000000000e+00,4.538941104752867162e-01,4.544903683793916072e-01,4.817026067397031097e-01,4.573387006625653228e-01,0.000000000000000000e+00,3.192508323272422732e-01,4.460519247999241155e-01,4.642436890086059087e-01,4.173613504852731748e-01,3.705823355588280243e-01,0.000000000000000000e+00,4.371239872060669884e-01
4.012566106605360838e-01,4.256523900072469169e-01,0.000000000000000000e+00,0.000000000000000000e+00,0.000000000000000000e+00,4.483345452271311760e-01,0.000000000000000000e+00,4.032609857562383104e-01,0.000000000000000000e+00,0.000000000000000000e+00,0.000000000000000000e+00,0.000000000000000000e+00,4.248895802840834124e-01,3.966743095541824249e-01,4.136632832208723132e-01,4.192249109567566245e-01,0.000000000000000000e+00,4.158590106843516043e-01,0.000000000000000000e+00,4.267125683312911200e-01,0.000000000000000000e+00,4.589580284906158991e-01,4.176230884002732902e-01,4.821536595230431765e-01,4.232421667263490117e-01,3.968593827993419088e-01,4.382375888642945916e-01,4.439137957397610856e-01,4.190234259849837106e-01,0.000000000000000000e+00,3.729734975430852861e-01,4.135084154559758862e-01,3.816132100892483114e-01,3.894190477930364880e-01,4.205543510741959201e-01,0.000000000000000000e+00,0.000000000000000000e+00,0.000000000000000000e+00,4.663573797734066884e-01,4.644415290497834192e-01,4.914538356157799881e-01,5.252520959624589203e-01,0.000000000000000000e+00,0.000000000000000000e+00,0.000000000000000000e+00,2.722625614085589230e-01,5.013041991502084072e-01,0.000000000000000000e+00,0.000000000000000000e+00,0.000000000000000000e+00,4.673060204235703896e-01,0.000000000000000000e+00,4.730061577030957864e-01,0.000000000000000000e+00,0.000000000000000000e+00,0.000000000000000000e+00,0.000000000000000000e+00,4.357123847297512120e-01,0.000000000000000000e+00,4.893797189200088105e-01,4.753455164314823178e-01,0.000000000000000000e+00,0.000000000000000000e+00,0.000000000000000000e+00,4.583060107802240934e-01,4.846835929744310878e-01,5.090777513044014713e-01,4.866883494192575932e-01,0.000000000000000000e+00,4.212560091387274053e-01,4.848893773571623100e-01,4.754000403072071168e-01,4.262202148928186940e-01,4.406564105340329829e-01,0.000000000000000000e+00,3.570929406670684259e-01
