0.000000000000000000e+00,3.722098266004312817e-01,0.000000000000000000e+00,0.000000000000000000e+00,0.000000000000000000e+00,3.120399826825555056e-01,0.000000000000000000e+00,4.929135921624904770e-01,0.000000000000000000e+00,3.604510367654338854e-01,0.000000000000000000e+00,3.489039432129230067e-01,3.401941313375126952e-01,0.000000000000000000e+00,3.710875858466448074e-01,3.784655790357203120e-01,4.085736181533458078e-01,3.672297670107925183e-01,0.000000000000000000e+00,3.966503516857112221e-01,4.091249182213206881e-01,3.703147664665223937e-01,4.469159314842537922e-01,3.693544572220294198e-01,3.594271237032765076e-01,3.581670156833051122e-01,4.224967333233005107e-01,3.569774461939291821e-01,4.072501332030887267e-01,0.000000000000000000e+00,3.443138918379183844e-01,4.108156848077871848e-01,3.292713304634592997e-01,3.437402408016900779e-01,4.203602265099243840e-01,0.000000000000000000e+00,0.000000000000000000e+00,3.910944798864234850e-01,4.238532362860957248e-01,3.864134154992158732e-01,4.111578594245077767e-01,0.000000000000000000e+00,0.000000000000000000e+00,0.000000000000000000e+00,0.000000000000000000e+00,3.406153027658668786e-01,4.131923591990669942e-01,0.000000000000000000e+00,0.000000000000000000e+00,0.000000000000000000e+00,0.000000000000000000e+00,0.000000000000000000e+00,0.000000000000000000e+00,0.000000000000000000e+00,3.875680925444366931e-01,0.000000000000000000e+00,0.000000000000000000e+00,0.000000000000000000e+00,0.000000000000000000e+00,0.000000000000000000e+00,4.099478302515244255e-01,0.000000000000000000e+00,3.856598590067286114e-01,0.000000000000000000e+00,0.000000000000000000e+00,3.236178659001935909e-01,4.302970520869254245e-01,0.000000000000000000e+00,0.000000000000000000e+00,4.017062762856544733e-01,4.087926752094164784e-01,0.000000000000000000e+00,0.000000000000000000e+00,0.000000000000000000e+00,0.000000000000000000e+00,3.570275092356868796e-01
3.722098266004312817e-01,0.000000000000000000e+00,0.000000000000000000e+00,0.000000000000000000e+00,3.588090297555199815e-01,3.763708183745828051e-01,3.784499228393244930e-01,4.495754825598842763e-01,2.861935097243303860e-01,0.000000000000000000e+00,0.000000000000000000e+00,0.000000000000000000e+00,4.259345409457945264e-01,0.000000000000000000e+00,4.083256962977124260e-01,3.792848283744043036e-01,3.906062237149298122e-01,3.770344773401220206e-01,0.000000000000000000e+00,3.994629310482258888e-01,3.894404100951778802e-01,3.638414435730771834e-01,4.077769243784397091e-01,0.000000000000000000e+00,3.547294534105229769e-01,3.669937319481039184e-01,3.912671111463016937e-01,4.321840307542240134e-01,4.018325244889623948e-01,0.000000000000000000e+00,3.566122028854440962e-01,4.081727677298034873e-01,3.390937525172892930e-01,3.644383646733306836e-01,4.207289020256628764e-01,0.000000000000000000e+00,0.000000000000000000e+00,0.000000000000000000e+00,4.312989612857808241e-01,4.146779925202300765e-01,4.221840065730145253e-01,4.447631487503663217e-01,0.000000000000000000e+00,0.000000000000000000e+00,0.000000000000000000e+00,3.994447131768827930e-01,4.242597711010512862e-01,0.000000000000000000e+00,0.000000000000000000e+00,0.000000000000000000e+00,3.117879778644531141e-01,0.000000000000000000e+00,0.000000000000000000e+00,0.000000000000000000e+00,0.000000000000000000e+00,0.000000000000000000e+00,0.000000000000000000e+00,0.000000000000000000e+00,0.000000000000000000e+00,4.706125253136765885e-01,4.199583245624824990e-01,0.000000000000000000e+00,4.061607097596037219e-01,0.000000000000000000e+00,3.873118699924240071e-01,4.457071743694818178e-01,4.373721720108674771e-01,3.517963944202320836e-01,0.000000000000000000e+00,3.996506374023980901e-01,4.379325040694828086e-01,3.429431576729540798e-01,0.000000000000000000e+00,3.745005225757452871e-01,0.000000000000000000e+00,3.791572335658849879e-01
0.000000000000000000e+00,0.000000000000000000e+00,0.000000000000000000e+00,3.149420425229063070e-01,3.754214998993142816e-01,3.476475714576944265e-01,3.854003001862201794e-01,4.171019341239053935e-01,2.878001885549920091e-01,3.123119526450935934e-01,2.935270836782172266e-01,2.799581390840910067e-01,4.138386253041059226e-01,3.870573155685614886e-01,0.000000000000000000e+00,0.000000000000000000e+00,0.000000000000000000e+00,0.000000000000000000e+00,2.457600354254290131e-01,0.000000000000000000e+00,0.000000000000000000e+00,0.000000000000000000e+00,3.000471888886985239e-01,0.000000000000000000e+00,0.000000000000000000e+00,0.000000000000000000e+00,3.250189207203398878e-01,4.298720372287944125e-01,0.000000000000000000e+00,0.000000000000000000e+00,4.551861760842209059e-01,3.697423710036306099e-01,3.001244845195146227e-01,4.336300448238359917e-01,4.287842175698530212e-01,3.664644340317925186e-01,3.365150186120257070e-01,0.000000000000000000e+00,3.496427106887888825e-01,0.000000000000000000e+00,4.009112492124926042e-01,0.000000000000000000e+00,4.765011841625477751e-01,0.000000000000000000e+00,0.000000000000000000e+00,0.000000000000000000e+00,0.000000000000000000e+00,2.997257628708849264e-01,0.000000000000000000e+00,4.138279410308036144e-01,5.072759424516699589e-01,3.879365310360722852e-01,5.255692111686388612e-01,5.429245657793130286e-01,0.000000000000000000e+00,3.158643987561107758e-01,0.000000000000000000e+00,3.485819935163698147e-01,4.205767758943225187e-01,0.000000000000000000e+00,0.000000000000000000e+00,0.000000000000000000e+00,0.000000000000000000e+00,2.489567692774710961e-01,0.000000000000000000e+00,0.000000000000000000e+00,0.000000000000000000e+00,5.192694261224233276e-01,0.000000000000000000e+00,0.000000000000000000e+00,0.000000000000000000e+00,5.192533944286430447e-01,3.306867395068530113e-01,0.000000000000000000e+00,0.000000000000000000e+00,0.000000000000000000e+00
0.000000000000000000e+00,0.000000000000000000e+00,3.149420425229063070e-01,0.000000000000000000e+00,2.025735253459932106e-01,3.281112884734154744e-01,1.954465675917158862e-01,2.901700030759141180e-01,3.636579260235028865e-01,2.040929022193440079e-01,3.240913042640271025e-01,2.071490732729656947e-01,2.540742648086474209e-01,2.616967209829919039e-01,0.000000000000000000e+00,0.000000000000000000e+00,0.000000000000000000e+00,0.000000000000000000e+00,3.244922714134760855e-01,3.666451973957945976e-01,0.000000000000000000e+00,0.000000000000000000e+00,3.408096824268896929e-01,0.000000000000000000e+00,0.000000000000000000e+00,0.000000000000000000e+00,3.277699382692321750e-01,2.196027208303756029e-01,2.936823879726270792e-01,0.000000000000000000e+00,0.000000000000000000e+00,2.656951259927832210e-01,0.000000000000000000e+00,2.759229839979076004e-01,2.880193562768648130e-01,1.909153262790974082e-01,1.454635695802662942e-01,2.551575167777033193e-01,0.000000000000000000e+00,0.000000000000000000e+00,0.000000000000000000e+00,0.000000000000000000e+00,0.000000000000000000e+00,0.000000000000000000e+00,0.000000000000000000e+00,0.000000000000000000e+00,0.000000000000000000e+00,0.000000000000000000e+00,0.000000000000000000e+00,0.000000000000000000e+00,0.000000000000000000e+00,0.000000000000000000e+00,0.000000000000000000e+00,0.000000000000000000e+00,0.000000000000000000e+00,0.000000000000000000e+00,0.000000000000000000e+00,0.000000000000000000e+00,0.000000000000000000e+00,0.000000000000000000e+00,0.000000000000000000e+00,0.000000000000000000e+00,0.000000000000000000e+00,0.000000000000000000e+00,0.000000000000000000e+00,0.000000000000000000e+00,0.000000000000000000e+00,0.000000000000000000e+00,0.000000000000000000e+00,0.000000000000000000e+00,0.000000000000000000e+00,0.000000000000000000e+00,0.000000000000000000e+00,0.000000000000000000e+00,0.000000000000000000e+00,0.000000000000000000e+00
0.000000000000000000e+00,3.588090297555199815e-01,3.754214998993142816e-01,2.025735253459932106e-01,0.000000000000000000e+00,3.552429725454637754e-01,2.938777846246503067e-01,3.103870169829969217e-01,3.517627523678614754e-01,3.062699646242140195e-01,2.999986935389470921e-01,2.779231257913398756e-01,3.466260206267768873e-01,2.474161707779262975e-01,0.000000000000000000e+00,3.633575194279662912e-01,0.000000000000000000e+00,0.000000000000000000e+00,3.881779463271587960e-01,4.020898264700388802e-01,0.000000000000000000e+00,4.196948351013520817e-01,3.380401787432200100e-01,0.000000000000000000e+00,2.834257995130847751e-01,2.908193932410926275e-01,3.731668323789967823e-01,3.002439044077365171e-01,3.823286462935766017e-01,0.000000000000000000e+00,4.150685066204755080e-01,3.229848083994962815e-01,2.905736055074644164e-01,3.905752900380242143e-01,3.727886803276472261e-01,1.929457877984316894e-01,2.109876354323325098e-01,2.781638269652677020e-01,2.124092205828334023e-01,0.000000000000000000e+00,0.000000000000000000e+00,0.000000000000000000e+00,3.260111321096991754e-01,0.000000000000000000e+00,0.000000000000000000e+00,0.000000000000000000e+00,0.000000000000000000e+00,3.731746521460119759e-01,0.000000000000000000e+00,3.197270195293083761e-01,3.580923309006318056e-01,0.000000000000000000e+00,4.233015984725739811e-01,3.586729022147018831e-01,0.000000000000000000e+00,3.558009041308747844e-01,0.000000000000000000e+00,0.000000000000000000e+00,0.000000000000000000e+00,0.000000000000000000e+00,0.000000000000000000e+00,0.000000000000000000e+00,0.000000000000000000e+00,3.386059841382684232e-01,0.000000000000000000e+00,0.000000000000000000e+00,0.000000000000000000e+00,4.428994078089171227e-01,0.000000000000000000e+00,0.000000000000000000e+00,0.000000000000000000e+00,3.564171328280399953e-01,0.000000000000000000e+00,0.000000000000000000e+00,0.000000000000000000e+00,0.000000000000000000e+00
3.120399826825555056e-01,3.763708183745828051e-01,3.476475714576944265e-01,3.281112884734154744e-01,3.552429725454637754e-01,0.000000000000000000e+00,3.690304004031058072e-01,3.532594618774129724e-01,3.357576020791053217e-01,3.659084603910486844e-01,3.576041471669971217e-01,2.660658726715552924e-01,3.513943857943170879e-01,3.627146359580321056e-01,3.531002826816089235e-01,4.025895768616752912e-01,2.889627292013897120e-01,3.913268496032399901e-01,2.887451470965547995e-01,3.717032546767423118e-01,3.532712008725865105e-01,3.881643897720276071e-01,3.598398054528362811e-01,0.000000000000000000e+00,3.463268515904260880e-01,3.649249587578431986e-01,3.387320186156925761e-01,3.587865616222324916e-01,3.212022601089394858e-01,3.955212206069194103e-01,4.071230790612260786e-01,3.680412920762117790e-01,3.572973399642803138e-01,4.012362693222064070e-01,3.806324179379063088e-01,3.576081072042993081e-01,3.783007827582939853e-01,3.154263937209496049e-01,4.086194236266050273e-01,0.000000000000000000e+00,4.123357703499698768e-01,0.000000000000000000e+00,3.956090751495787150e-01,0.000000000000000000e+00,0.000000000000000000e+00,0.000000000000000000e+00,2.369733018749949904e-01,4.862805670541829883e-01,0.000000000000000000e+00,3.432339385158071909e-01,4.416342485849957811e-01,3.667326249864141241e-01,4.315079719264524050e-01,5.045525746027750280e-01,0.000000000000000000e+00,3.986204853891793798e-01,0.000000000000000000e+00,3.742482154829399055e-01,0.000000000000000000e+00,3.303122072546820220e-01,0.000000000000000000e+00,0.000000000000000000e+00,0.000000000000000000e+00,4.483338487473111922e-01,3.442662761013027817e-01,3.482421726316390909e-01,2.777909428056747898e-01,4.507044594795732162e-01,0.000000000000000000e+00,0.000000000000000000e+00,2.807559273515510823e-01,4.523242080630707762e-01,4.144325517403770198e-01,4.175025975744732221e-01,0.000000000000000000e+00,4.210157586835632793e-01
0.000000000000000000e+00,3.784499228393244930e-01,3.854003001862201794e-01,1.954465675917158862e-01,2.938777846246503067e-01,3.690304004031058072e-01,0.000000000000000000e+00,3.700198095213769744e-01,3.832121713107956018e-01,2.928112676822702265e-01,3.842973512966060268e-01,2.813203561019623766e-01,3.165156037903956165e-01,3.073691549552882152e-01,0.000000000000000000e+00,4.283836731651139984e-01,3.323311025278427033e-01,4.100814634429965078e-01,4.138821886915882153e-01,4.164698509481152833e-01,0.000000000000000000e+00,4.381936922618879793e-01,3.754011976714857757e-01,3.320983644784041844e-01,3.781028604622577727e-01,3.478580137475761891e-01,3.887148010627515249e-01,3.462231041440029800e-01,4.002841497426437023e-01,0.000000000000000000e+00,3.909748732567028817e-01,3.402296675013165017e-01,2.980753682080047873e-01,3.713661361538804773e-01,3.573726466382369793e-01,2.221505690914024056e-01,2.027296174491380054e-01,3.017478460842283883e-01,1.383890747655736053e-01,0.000000000000000000e+00,2.128816863706836926e-01,0.000000000000000000e+00,0.000000000000000000e+00,0.000000000000000000e+00,0.000000000000000000e+00,0.000000000000000000e+00,0.000000000000000000e+00,3.306671928364577906e-01,0.000000000000000000e+00,0.000000000000000000e+00,3.333003988548656760e-01,0.000000000000000000e+00,0.000000000000000000e+00,3.308038243304706749e-01,0.000000000000000000e+00,2.659592319496458246e-01,0.000000000000000000e+00,0.000000000000000000e+00,0.000000000000000000e+00,0.000000000000000000e+00,0.000000000000000000e+00,0.000000000000000000e+00,0.000000000000000000e+00,0.000000000000000000e+00,0.000000000000000000e+00,0.000000000000000000e+00,0.000000000000000000e+00,4.512746684983912071e-01,0.000000000000000000e+00,0.000000000000000000e+00,0.000000000000000000e+00,3.744256586649925000e-01,0.000000000000000000e+00,0.000000000000000000e+00,0.000000000000000000e+00,0.000000000000000000e+00
4.929135921624904770e-01,4.495754825598842763e-01,4.171019341239053935e-01,2.901700030759141180e-01,3.103870169829969217e-01,3.532594618774129724e-01,3.700198095213769744e-01,0.000000000000000000e+00,4.495046698641779748e-01,3.495595710997158045e-01,2.881503364950325774e-01,3.550030956257466119e-01,3.945415842341418178e-01,3.138574370700955019e-01,4.088227488603877746e-01,4.363803832955099882e-01,0.000000000000000000e+00,4.357593075211165234e-01,3.878761760225115096e-01,3.742155730791347779e-01,3.474873596308161727e-01,4.356263619898094186e-01,3.247120502607125925e-01,5.038425526160007495e-01,4.446704016523372882e-01,4.712290994018292212e-01,4.130577994809064846e-01,4.026760981196398914e-01,3.528676469879469813e-01,3.910806171056955272e-01,4.252173046157791125e-01,3.610754544011922085e-01,4.290202203349132160e-01,4.293015847219027181e-01,4.330307926644559879e-01,2.695984759924889840e-01,3.499240885257682843e-01,0.000000000000000000e+00,4.247966425227229781e-01,0.000000000000000000e+00,4.246477695559088827e-01,0.000000000000000000e+00,4.131793029980209142e-01,0.000000000000000000e+00,0.000000000000000000e+00,0.000000000000000000e+00,0.000000000000000000e+00,5.009976865087304443e-01,0.000000000000000000e+00,0.000000000000000000e+00,3.991175318975176967e-01,4.109715492784424828e-01,3.723761930816243959e-01,5.052576607384207108e-01,0.000000000000000000e+00,4.438953330014850929e-01,0.000000000000000000e+00,3.977006576021417938e-01,0.000000000000000000e+00,4.156406811951176006e-01,0.000000000000000000e+00,0.000000000000000000e+00,0.000000000000000000e+00,5.040185347799949200e-01,4.795071015169256046e-01,0.000000000000000000e+00,0.000000000000000000e+00,4.309494069085543777e-01,0.000000000000000000e+00,0.000000000000000000e+00,0.000000000000000000e+00,4.315052974134219177e-01,3.970634616175738874e-01,3.820596364186675808e-01,0.000000000000000000e+00,4.035839979487569895e-01
0.000000000000000000e+00,2.861935097243303860e-01,2.878001885549920091e-01,3.636579260235028865e-01,3.517627523678614754e-01,3.357576020791053217e-01,3.832121713107956018e-01,4.495046698641779748e-01,0.000000000000000000e+00,4.031763894981403862e-01,3.416324677194598203e-01,3.050884289748747036e-01,4.117332900608269841e-01,3.913297905717844083e-01,0.000000000000000000e+00,3.233459501959609073e-01,0.000000000000000000e+00,2.773064860483516747e-01,2.855095694707723841e-01,3.556755898176601205e-01,0.000000000000000000e+00,3.462648986206525725e-01,3.779430228023090144e-01,3.278565463761202725e-01,2.146561419399528881e-01,2.018865449568146009e-01,3.521111927234644723e-01,4.302186200835330099e-01,3.716867451730999083e-01,4.000745454763974807e-01,4.534396423103109752e-01,4.123447446659078142e-01,3.545671427829151789e-01,4.389474203833906851e-01,4.076783944862362730e-01,3.881553773267604757e-01,3.881820844295119088e-01,3.354847713677390764e-01,2.946104669696799072e-01,0.000000000000000000e+00,2.732717472306849249e-01,0.000000000000000000e+00,4.614901220245938851e-01,0.000000000000000000e+00,0.000000000000000000e+00,0.000000000000000000e+00,0.000000000000000000e+00,5.250112403772889680e-01,0.000000000000000000e+00,3.943563019458400931e-01,4.799141763270802774e-01,3.481824832345796761e-01,5.377146292929650961e-01,4.780438984891275944e-01,0.000000000000000000e+00,4.594355766370876726e-01,0.000000000000000000e+00,3.286017943790084939e-01,4.580879438997094155e-01,0.000000000000000000e+00,0.000000000000000000e+00,0.000000000000000000e+00,0.000000000000000000e+00,4.863233720000728066e-01,0.000000000000000000e+00,0.000000000000000000e+00,0.000000000000000000e+00,5.213218172772466907e-01,0.000000000000000000e+00,0.000000000000000000e+00,0.000000000000000000e+00,5.120694637264859850e-01,3.345045871249235914e-01,0.000000000000000000e+00,0.000000000000000000e+00,0.000000000000000000e+00
3.604510367654338854e-01,0.000000000000000000e+00,3.123119526450935934e-01,2.040929022193440079e-01,3.062699646242140195e-01,3.659084603910486844e-01,2.928112676822702265e-01,3.495595710997158045e-01,4.031763894981403862e-01,0.000000000000000000e+00,3.875289771226800850e-01,2.663083002640413977e-01,3.644172256397105181e-01,0.000000000000000000e+00,0.000000000000000000e+00,3.276992104260578187e-01,2.966181862142849845e-01,3.070717884856942193e-01,3.428223940575991224e-01,3.229045112315859223e-01,0.000000000000000000e+00,0.000000000000000000e+00,3.217754635675177943e-01,2.866085539415028083e-01,2.824650001623297824e-01,3.129225979381026201e-01,3.268507371011931117e-01,3.531451859061384146e-01,3.171666330874117756e-01,0.000000000000000000e+00,2.975080010061256219e-01,3.173039369276534072e-01,3.004348075508289084e-01,2.962940681845616098e-01,3.106199766531603235e-01,2.937712135199814223e-01,2.357596281852422093e-01,2.579635542402223813e-01,2.639963931350750026e-01,3.313822635085643120e-01,3.287926281022909847e-01,2.716793853818467164e-01,0.000000000000000000e+00,0.000000000000000000e+00,2.788779178732758157e-01,0.000000000000000000e+00,0.000000000000000000e+00,0.000000000000000000e+00,0.000000000000000000e+00,0.000000000000000000e+00,0.000000000000000000e+00,0.000000000000000000e+00,0.000000000000000000e+00,0.000000000000000000e+00,3.909017979591600245e-01,0.000000000000000000e+00,4.098414419894573224e-01,3.398103127387773759e-01,0.000000000000000000e+00,0.000000000000000000e+00,0.000000000000000000e+00,3.728979689633231120e-01,3.648974794838074076e-01,0.000000000000000000e+00,0.000000000000000000e+00,0.000000000000000000e+00,0.000000000000000000e+00,0.000000000000000000e+00,3.346317113835954871e-01,3.959733659497136071e-01,4.004345321315316841e-01,0.000000000000000000e+00,3.506074732640457881e-01,0.000000000000000000e+00,0.000000000000000000e+00,4.051881405710601736e-01
0.000000000000000000e+00,0.000000000000000000e+00,2.935270836782172266e-01,3.240913042640271025e-01,2.999986935389470921e-01,3.576041471669971217e-01,3.842973512966060268e-01,2.881503364950325774e-01,3.416324677194598203e-01,3.875289771226800850e-01,0.000000000000000000e+00,3.142409358592175850e-01,4.110007372377713075e-01,2.781569055421945769e-01,0.000000000000000000e+00,0.000000000000000000e+00,3.184412962499629796e-01,0.000000000000000000e+00,2.418675290937118139e-01,0.000000000000000000e+00,0.000000000000000000e+00,0.000000000000000000e+00,2.722570515359826193e-01,3.358249902733553838e-01,0.000000000000000000e+00,0.000000000000000000e+00,3.828603029171748218e-01,4.167762361759019263e-01,0.000000000000000000e+00,0.000000000000000000e+00,4.376065345977848131e-01,3.547789142371973181e-01,3.131510277013330179e-01,4.168987576458297872e-01,4.050770772068414960e-01,2.938117749850154836e-01,3.533589079038976233e-01,3.241922138764973260e-01,3.028481907327036926e-01,0.000000000000000000e+00,0.000000000000000000e+00,0.000000000000000000e+00,3.645818070991793114e-01,0.000000000000000000e+00,0.000000000000000000e+00,0.000000000000000000e+00,0.000000000000000000e+00,3.113100545736203761e-01,0.000000000000000000e+00,2.949648989699483748e-01,4.102954934060166203e-01,3.104709892437773067e-01,4.048835479284785266e-01,4.507086125007047084e-01,0.000000000000000000e+00,2.305690038303560008e-01,0.000000000000000000e+00,2.586507319407463923e-01,3.278618896042763131e-01,0.000000000000000000e+00,0.000000000000000000e+00,0.000000000000000000e+00,0.000000000000000000e+00,2.407440306743696135e-01,0.000000000000000000e+00,0.000000000000000000e+00,0.000000000000000000e+00,4.464838687423597907e-01,0.000000000000000000e+00,0.000000000000000000e+00,0.000000000000000000e+00,4.477038783058577276e-01,2.844103029331753185e-01,0.000000000000000000e+00,0.000000000000000000e+00,0.000000000000000000e+00
3.489039432129230067e-01,0.000000000000000000e+00,2.799581390840910067e-01,2.071490732729656947e-01,2.779231257913398756e-01,2.660658726715552924e-01,2.813203561019623766e-01,3.550030956257466119e-01,3.050884289748747036e-01,2.663083002640413977e-01,3.142409358592175850e-01,0.000000000000000000e+00,2.990880314693872832e-01,0.000000000000000000e+00,0.000000000000000000e+00,0.000000000000000000e+00,3.216617162918087858e-01,2.875013713108813262e-01,2.761018476920596987e-01,0.000000000000000000e+00,4.033485328486611232e-01,0.000000000000000000e+00,2.770880293995445220e-01,2.568282963183826095e-01,2.870880069652754218e-01,2.922585474687260931e-01,2.721102242786809788e-01,3.104897095001523111e-01,0.000000000000000000e+00,0.000000000000000000e+00,2.983962575717052923e-01,2.528787461997639152e-01,2.642354499506497922e-01,2.362810637799198088e-01,2.902560705907835104e-01,2.888148913857456201e-01,2.422437821145486947e-01,2.080126343989575077e-01,2.336141615704072083e-01,2.629159545874156234e-01,3.244333408771947203e-01,2.775850829736872249e-01,2.381745041273957975e-01,0.000000000000000000e+00,2.741534991420114253e-01,0.000000000000000000e+00,0.000000000000000000e+00,0.000000000000000000e+00,0.000000000000000000e+00,0.000000000000000000e+00,0.000000000000000000e+00,0.000000000000000000e+00,0.000000000000000000e+00,0.000000000000000000e+00,4.014519796577942223e-01,0.000000000000000000e+00,4.133403677138117738e-01,3.116945311128280771e-01,0.000000000000000000e+00,0.000000000000000000e+00,0.000000000000000000e+00,3.689178840939271731e-01,3.545113799225875773e-01,0.000000000000000000e+00,0.000000000000000000e+00,0.000000000000000000e+00,0.000000000000000000e+00,0.000000000000000000e+00,3.438441637461118194e-01,3.992346928826809860e-01,4.071902391649557806e-01,0.000000000000000000e+00,3.013647130409011221e-01,0.000000000000000000e+00,0.000000000000000000e+00,3.707044113659447859e-01
3.401941313375126952e-01,4.259345409457945264e-01,4.138386253041059226e-01,2.540742648086474209e-01,3.466260206267768873e-01,3.513943857943170879e-01,3.165156037903956165e-01,3.945415842341418178e-01,4.117332900608269841e-01,3.644172256397105181e-01,4.110007372377713075e-01,2.990880314693872832e-01,0.000000000000000000e+00,3.539917562090387770e-01,4.310286357390076262e-01,4.482813540295721988e-01,3.180514555430318246e-01,3.893609848986462896e-01,4.271530300620208220e-01,4.192719403626580799e-01,4.113408160710037009e-01,4.479934831612121249e-01,4.037390060690628779e-01,3.121085287393713936e-01,4.085826865933748220e-01,4.044114534994482923e-01,4.158978054471735852e-01,3.401078157891481157e-01,3.789470159605534128e-01,3.577706083193827880e-01,3.714342609124948180e-01,3.572622283022904854e-01,3.567374203070748928e-01,3.630553799753605260e-01,3.639981830398573148e-01,2.939422870835146084e-01,2.888645625028949948e-01,3.083411163440170077e-01,2.871335593151053134e-01,0.000000000000000000e+00,2.399979019135647096e-01,2.313600368892818893e-01,3.553139952718052941e-01,0.000000000000000000e+00,0.000000000000000000e+00,0.000000000000000000e+00,0.000000000000000000e+00,3.302720719084059064e-01,0.000000000000000000e+00,0.000000000000000000e+00,3.744839889007208766e-01,2.988642337622665068e-01,4.217589144737101114e-01,0.000000000000000000e+00,0.000000000000000000e+00,3.185184801476472205e-01,2.582976295852933979e-01,0.000000000000000000e+00,0.000000000000000000e+00,0.000000000000000000e+00,0.000000000000000000e+00,0.000000000000000000e+00,0.000000000000000000e+00,0.000000000000000000e+00,3.417442858940115125e-01,0.000000000000000000e+00,2.709474965867477159e-01,4.621627196467226750e-01,0.000000000000000000e+00,2.618043736267280930e-01,2.917391822281346081e-01,4.412969437343486900e-01,0.000000000000000000e+00,3.649358227037564073e-01,0.000000000000000000e+00,0.000000000000000000e+00
0.000000000000000000e+00,0.000000000000000000e+00,3.870573155685614886e-01,2.616967209829919039e-01,2.474161707779262975e-01,3.627146359580321056e-01,3.073691549552882152e-01,3.138574370700955019e-01,3.913297905717844083e-01,0.000000000000000000e+00,2.781569055421945769e-01,0.000000000000000000e+00,3.539917562090387770e-01,0.000000000000000000e+00,0.000000000000000000e+00,0.000000000000000000e+00,0.000000000000000000e+00,0.000000000000000000e+00,3.369596833715580164e-01,0.000000000000000000e+00,4.143196602525819894e-01,0.000000000000000000e+00,3.590296234216321936e-01,0.000000000000000000e+00,0.000000000000000000e+00,0.000000000000000000e+00,4.161597885975680255e-01,2.923131193757527724e-01,0.000000000000000000e+00,0.000000000000000000e+00,4.525407246581453768e-01,2.619946908702345811e-01,0.000000000000000000e+00,3.920027100456207059e-01,0.000000000000000000e+00,2.273470900956265084e-01,1.617824563028449902e-01,0.000000000000000000e+00,0.000000000000000000e+00,0.000000000000000000e+00,0.000000000000000000e+00,0.000000000000000000e+00,0.000000000000000000e+00,0.000000000000000000e+00,0.000000000000000000e+00,0.000000000000000000e+00,0.000000000000000000e+00,4.164978973030822873e-01,0.000000000000000000e+00,0.000000000000000000e+00,0.000000000000000000e+00,0.000000000000000000e+00,0.000000000000000000e+00,0.000000000000000000e+00,0.000000000000000000e+00,3.690609994390616211e-01,0.000000000000000000e+00,0.000000000000000000e+00,0.000000000000000000e+00,0.000000000000000000e+00,0.000000000000000000e+00,0.000000000000000000e+00,0.000000000000000000e+00,0.000000000000000000e+00,0.000000000000000000e+00,0.000000000000000000e+00,0.000000000000000000e+00,4.530841097921369798e-01,0.000000000000000000e+00,0.000000000000000000e+00,0.000000000000000000e+00,0.000000000000000000e+00,0.000000000000000000e+00,0.000000000000000000e+00,0.000000000000000000e+00,0.000000000000000000e+00
3.710875858466448074e-01,4.083256962977124260e-01,0.000000000000000000e+00,0.000000000000000000e+00,0.000000000000000000e+00,3.531002826816089235e-01,0.000000000000000000e+00,4.088227488603877746e-01,0.000000000000000000e+00,0.000000000000000000e+00,0.000000000000000000e+00,0.000000000000000000e+00,4.310286357390076262e-01,0.000000000000000000e+00,0.000000000000000000e+00,4.174634821510814775e-01,0.000000000000000000e+00,4.032387684486413160e-01,0.000000000000000000e+00,3.590439141630725750e-01,3.604543487164463267e-01,3.381095432653331012e-01,3.629232462075596133e-01,4.057295966041102875e-01,3.845752509797596974e-01,4.104439443449696134e-01,3.980024337190954942e-01,3.784521459425114753e-01,3.886539279370085920e-01,0.000000000000000000e+00,4.164608106541546895e-01,4.341652399147036823e-01,3.980932685225053724e-01,4.510424251994260003e-01,4.842644783786668183e-01,4.966579934514103178e-01,0.000000000000000000e+00,0.000000000000000000e+00,4.824186859885323253e-01,4.717755789189509996e-01,4.855525771423052084e-01,5.085066981416038745e-01,0.000000000000000000e+00,0.000000000000000000e+00,0.000000000000000000e+00,0.000000000000000000e+00,4.520098913745019265e-01,0.000000000000000000e+00,0.000000000000000000e+00,0.000000000000000000e+00,4.117974544895243727e-01,0.000000000000000000e+00,4.504229846443300045e-01,0.000000000000000000e+00,0.000000000000000000e+00,0.000000000000000000e+00,0.000000000000000000e+00,3.544303513469236888e-01,0.000000000000000000e+00,4.745028449193239850e-01,4.057219094805544213e-01,0.000000000000000000e+00,0.000000000000000000e+00,0.000000000000000000e+00,4.554428623724883218e-01,4.425610006146887265e-01,4.977266224731973776e-01,4.518285297223418873e-01,0.000000000000000000e+00,3.031686304658601228e-01,4.831986641867448973e-01,4.617923234317258263e-01,3.695981237296883104e-01,4.386702405872683896e-01,0.000000000000000000e+00,4.241141092458619033e-01
3.784655790357203120e-01,3.792848283744043036e-01,0.000000000000000000e+00,0.000000000000000000e+00,3.633575194279662912e-01,4.025895768616752912e-01,4.283836731651139984e-01,4.363803832955099882e-01,3.233459501959609073e-01,3.276992104260578187e-01,0.000000000000000000e+00,0.000000000000000000e+00,4.482813540295721988e-01,0.000000000000000000e+00,4.174634821510814775e-01,0.000000000000000000e+00,3.421889778466001841e-01,3.237533859719561868e-01,0.000000000000000000e+00,3.851643511639684103e-01,3.897928158221867778e-01,3.653702447082787241e-01,4.125570311931784917e-01,3.508741598129436201e-01,3.491361884186222064e-01,3.877336733665640023e-01,4.170721186209883080e-01,4.340962956085762103e-01,4.161625466779770854e-01,3.958068583895743009e-01,3.495971786996331931e-01,4.364854023055382837e-01,3.777925605797111119e-01,3.717517962216906890e-01,4.376053747758549828e-01,0.000000000000000000e+00,0.000000000000000000e+00,0.000000000000000000e+00,4.332055506702088277e-01,4.107540032561162735e-01,4.095848657578773921e-01,4.497667445955160215e-01,0.000000000000000000e+00,0.000000000000000000e+00,0.000000000000000000e+00,4.102740465419252858e-01,4.192073874056467808e-01,0.000000000000000000e+00,0.000000000000000000e+00,0.000000000000000000e+00,0.000000000000000000e+00,0.000000000000000000e+00,0.000000000000000000e+00,0.000000000000000000e+00,0.000000000000000000e+00,0.000000000000000000e+00,0.000000000000000000e+00,0.000000000000000000e+00,0.000000000000000000e+00,4.509553066297531942e-01,4.117866949685164979e-01,0.000000000000000000e+00,3.798792912429295732e-01,0.000000000000000000e+00,3.573859731909930781e-01,3.975526750830398193e-01,4.248660934828876745e-01,3.300304624985331836e-01,0.000000000000000000e+00,3.948556141431768807e-01,4.266516966921037879e-01,3.100315133142970137e-01,0.000000000000000000e+00,3.266229459364549115e-01,0.000000000000000000e+00,3.859985810178687138e-01
4.085736181533458078e-01,3.906062237149298122e-01,0.000000000000000000e+00,0.000000000000000000e+00,0.000000000000000000e+00,2.889627292013897120e-01,3.323311025278427033e-01,0.000000000000000000e+00,0.000000000000000000e+00,2.966181862142849845e-01,3.184412962499629796e-01,3.216617162918087858e-01,3.180514555430318246e-01,0.000000000000000000e+00,0.000000000000000000e+00,3.421889778466001841e-01,0.000000000000000000e+00,2.922331156746684200e-01,0.000000000000000000e+00,3.194245850999876124e-01,0.000000000000000000e+00,3.441234155811632167e-01,0.000000000000000000e+00,3.196084803174988886e-01,2.992416276510740936e-01,3.242221982151546888e-01,0.000000000000000000e+00,3.393049953507701888e-01,0.000000000000000000e+00,0.000000000000000000e+00,3.228631538930117895e-01,4.084159337813118018e-01,3.270491735044592230e-01,3.324981329357435955e-01,3.491740760273133182e-01,0.000000000000000000e+00,0.000000000000000000e+00,2.513595911996356902e-01,0.000000000000000000e+00,3.632547538848994173e-01,0.000000000000000000e+00,0.000000000000000000e+00,0.000000000000000000e+00,0.000000000000000000e+00,0.000000000000000000e+00,0.000000000000000000e+00,0.000000000000000000e+00,0.000000000000000000e+00,0.000000000000000000e+00,0.000000000000000000e+00,0.000000000000000000e+00,0.000000000000000000e+00,0.000000000000000000e+00,0.000000000000000000e+00,4.077805899482258023e-01,0.000000000000000000e+00,3.988171277133202852e-01,0.000000000000000000e+00,0.000000000000000000e+00,0.000000000000000000e+00,0.000000000000000000e+00,3.184451335337247779e-01,3.456414731990101741e-01,0.000000000000000000e+00,0.000000000000000000e+00,0.000000000000000000e+00,0.000000000000000000e+00,0.000000000000000000e+00,3.975217457628694162e-01,3.954302378926773942e-01,4.072252672836069731e-01,0.000000000000000000e+00,0.000000000000000000e+00,0.000000000000000000e+00,0.000000000000000000e+00,0.000000000000000000e+00
3.672297670107925183e-01,3.770344773401220206e-01,0.000000000000000000e+00,0.000000000000000000e+00,0.000000000000000000e+00,3.913268496032399901e-01,4.100814634429965078e-01,4.357593075211165234e-01,2.773064860483516747e-01,3.070717884856942193e-01,0.000000000000000000e+00,2.875013713108813262e-01,3.893609848986462896e-01,0.000000000000000000e+00,4.032387684486413160e-01,3.237533859719561868e-01,2.922331156746684200e-01,0.000000000000000000e+00,0.000000000000000000e+00,3.936511448162143822e-01,4.065216212798777873e-01,3.860595684737825883e-01,4.060801509144634780e-01,3.074804988548652807e-01,3.109456027775577835e-01,3.475302444656975798e-01,4.106694880441795759e-01,3.948798384693861241e-01,4.201167901600534882e-01,3.912447757264883030e-01,3.262132247296987142e-01,4.080389095405987931e-01,3.275834415096685048e-01,3.344063273511543866e-01,3.438315069704976912e-01,0.000000000000000000e+00,0.000000000000000000e+00,0.000000000000000000e+00,4.174707632391714274e-01,3.762123427115318108e-01,3.915781876506870818e-01,4.074231112604095872e-01,0.000000000000000000e+00,0.000000000000000000e+00,0.000000000000000000e+00,3.785288387165197110e-01,3.926732846473061089e-01,0.000000000000000000e+00,0.000000000000000000e+00,0.000000000000000000e+00,0.000000000000000000e+00,0.000000000000000000e+00,0.000000000000000000e+00,0.000000000000000000e+00,3.901881801096577784e-01,0.000000000000000000e+00,3.726626010324511906e-01,0.000000000000000000e+00,0.000000000000000000e+00,0.000000000000000000e+00,3.852463678497590749e-01,3.492536967199109110e-01,3.741957502576652161e-01,0.000000000000000000e+00,0.000000000000000000e+00,0.000000000000000000e+00,3.849794991842540037e-01,0.000000000000000000e+00,3.278128494780512270e-01,3.750150347691542096e-01,3.919370517377862018e-01,0.000000000000000000e+00,0.000000000000000000e+00,0.000000000000000000e+00,0.000000000000000000e+00,3.770466933696922096e-01
0.000000000000000000e+00,0.000000000000000000e+00,2.457600354254290131e-01,3.244922714134760855e-01,3.881779463271587960e-01,2.887451470965547995e-01,4.138821886915882153e-01,3.878761760225115096e-01,2.855095694707723841e-01,3.428223940575991224e-01,2.418675290937118139e-01,2.761018476920596987e-01,4.271530300620208220e-01,3.369596833715580164e-01,0.000000000000000000e+00,0.000000000000000000e+00,0.000000000000000000e+00,0.000000000000000000e+00,0.000000000000000000e+00,0.000000000000000000e+00,0.000000000000000000e+00,0.000000000000000000e+00,2.610590062196732064e-01,0.000000000000000000e+00,0.000000000000000000e+00,0.000000000000000000e+00,3.598731637272410966e-01,4.338186137327986747e-01,0.000000000000000000e+00,0.000000000000000000e+00,4.480764788096207041e-01,3.846334211883531973e-01,0.000000000000000000e+00,4.205488017489151797e-01,4.147252632058586186e-01,3.539696922537078905e-01,3.710158395271379028e-01,3.284740235572524147e-01,2.878676941884253937e-01,0.000000000000000000e+00,0.000000000000000000e+00,0.000000000000000000e+00,4.259816152870367079e-01,0.000000000000000000e+00,0.000000000000000000e+00,0.000000000000000000e+00,0.000000000000000000e+00,4.854441683000800811e-01,0.000000000000000000e+00,3.728757693549363816e-01,4.417714338408963992e-01,3.686404187312306013e-01,4.968368688511061171e-01,5.020060114955766650e-01,0.000000000000000000e+00,3.560506561314136786e-01,0.000000000000000000e+00,3.567665480094515118e-01,4.986669196585549191e-01,0.000000000000000000e+00,0.000000000000000000e+00,0.000000000000000000e+00,0.000000000000000000e+00,4.304361035990402762e-01,0.000000000000000000e+00,0.000000000000000000e+00,0.000000000000000000e+00,5.038252981858597490e-01,0.000000000000000000e+00,0.000000000000000000e+00,0.000000000000000000e+00,4.838935292155486234e-01,0.000000000000000000e+00,0.000000000000000000e+00,0.000000000000000000e+00,0.000000000000000000e+00
3.966503516857112221e-01,3.994629310482258888e-01,0.000000000000000000e+00,3.666451973957945976e-01,4.020898264700388802e-01,3.717032546767423118e-01,4.164698509481152833e-01,3.742155730791347779e-01,3.556755898176601205e-01,3.229045112315859223e-01,0.000000000000000000e+00,0.000000000000000000e+00,4.192719403626580799e-01,0.000000000000000000e+00,3.590439141630725750e-01,3.851643511639684103e-01,3.194245850999876124e-01,3.936511448162143822e-01,0.000000000000000000e+00,0.000000000000000000e+00,3.989460689053029863e-01,3.509684082183711085e-01,3.821954822172031196e-01,0.000000000000000000e+00,3.792984135617605834e-01,4.173614917980786876e-01,3.477971684390618878e-01,3.869271030588590787e-01,3.416031295173975746e-01,3.612876038773590870e-01,3.722794496815101106e-01,4.180284569893500946e-01,3.961243712905822001e-01,4.284725114931706158e-01,4.656772674049842187e-01,4.605514008335673259e-01,4.143198582060051982e-01,0.000000000000000000e+00,4.594596944363065760e-01,3.956833911494189726e-01,4.408917594571383214e-01,4.178768444738856780e-01,3.488874989991899156e-01,0.000000000000000000e+00,0.000000000000000000e+00,0.000000000000000000e+00,3.444832192792536274e-01,0.000000000000000000e+00,0.000000000000000000e+00,0.000000000000000000e+00,3.762533155765940829e-01,0.000000000000000000e+00,3.779441833735928125e-01,0.000000000000000000e+00,0.000000000000000000e+00,0.000000000000000000e+00,0.000000000000000000e+00,3.154919034735110817e-01,0.000000000000000000e+00,4.342528094765081836e-01,2.773582808561468882e-01,0.000000000000000000e+00,0.000000000000000000e+00,0.000000000000000000e+00,4.476393491703226091e-01,3.987092169121910223e-01,4.668682391510792784e-01,4.293090488824128914e-01,0.000000000000000000e+00,2.579070527476461927e-01,4.418991578518208230e-01,4.426155154954115045e-01,3.737350680782320911e-01,4.126023663325847912e-01,3.509279391279994109e-01,3.920305812104223908e-01
4.091249182213206881e-01,3.894404100951778802e-01,0.000000000000000000e+00,0.000000000000000000e+00,0.000000000000000000e+00,3.532712008725865105e-01,0.000000000000000000e+00,3.474873596308161727e-01,0.000000000000000000e+00,0.000000000000000000e+00,0.000000000000000000e+00,4.033485328486611232e-01,4.113408160710037009e-01,4.143196602525819894e-01,3.604543487164463267e-01,3.897928158221867778e-01,0.000000000000000000e+00,4.065216212798777873e-01,0.000000000000000000e+00,3.989460689053029863e-01,0.000000000000000000e+00,3.998435109323851822e-01,3.634676079020989214e-01,4.815503737100402248e-01,3.810797471309472773e-01,3.972507051295616765e-01,3.982239997048089841e-01,3.863727367064216933e-01,3.920055729906103958e-01,0.000000000000000000e+00,3.851652217717628224e-01,4.027686912375514905e-01,3.493411614224770090e-01,4.037370194753979735e-01,4.425856115826952153e-01,0.000000000000000000e+00,0.000000000000000000e+00,0.000000000000000000e+00,4.548355684606448790e-01,3.738724888033669869e-01,4.557018444902922183e-01,4.950339776200534114e-01,0.000000000000000000e+00,0.000000000000000000e+00,0.000000000000000000e+00,3.851303627356902903e-01,4.479111032180929097e-01,0.000000000000000000e+00,0.000000000000000000e+00,0.000000000000000000e+00,4.202844782249017808e-01,0.000000000000000000e+00,2.635231790289607745e-01,0.000000000000000000e+00,0.000000000000000000e+00,0.000000000000000000e+00,0.000000000000000000e+00,3.771209554045911738e-01,0.000000000000000000e+00,4.404867277936890257e-01,4.020172619605402176e-01,0.000000000000000000e+00,0.000000000000000000e+00,0.000000000000000000e+00,4.482163642878470022e-01,3.800827982955435891e-01,4.733284010645694151e-01,4.150329374397416782e-01,0.000000000000000000e+00,3.347652570118027082e-01,4.825036870730000094e-01,4.334011058332629118e-01,4.016539726744816075e-01,4.328447742110397845e-01,0.000000000000000000e+00,3.805125064878500107e-01
