0.000000000000000000e+00,3.693682345978662740e-01,0.000000000000000000e+00,0.000000000000000000e+00,0.000000000000000000e+00,3.780411242420945173e-01,0.000000000000000000e+00,5.108519178570126718e-01,0.000000000000000000e+00,4.829651641364641201e-01,0.000000000000000000e+00,4.096572114375888196e-01,3.743053072581321028e-01,0.000000000000000000e+00,3.665256223833008864e-01,3.648177243653557000e-01,3.834962959014734940e-01,3.552874329899747829e-01,0.000000000000000000e+00,4.157495294369856209e-01,3.913021989910632770e-01,3.983840523986270088e-01,4.558712699685881775e-01,3.945663473955098866e-01,3.522177560145806074e-01,3.557274823034830002e-01,4.149694499921754987e-01,4.266487928857364276e-01,4.309421640043010759e-01,0.000000000000000000e+00,3.380631237100840125e-01,3.814732714306470762e-01,3.014045908393844786e-01,3.019671637765721228e-01,3.746232609072118747e-01,0.000000000000000000e+00,0.000000000000000000e+00,0.000000000000000000e+00,0.000000000000000000e+00,3.904742873846597795e-01,0.000000000000000000e+00,0.000000000000000000e+00,0.000000000000000000e+00,0.000000000000000000e+00,0.000000000000000000e+00,3.861668391187457750e-01,4.358418441503060237e-01,0.000000000000000000e+00,0.000000000000000000e+00,0.000000000000000000e+00,0.000000000000000000e+00,0.000000000000000000e+00,0.000000000000000000e+00,0.000000000000000000e+00,3.883830599585473831e-01,0.000000000000000000e+00,0.000000000000000000e+00,0.000000000000000000e+00,0.000000000000000000e+00,0.000000000000000000e+00,4.176021621011912766e-01,0.000000000000000000e+00,3.990346608505545012e-01,0.000000000000000000e+00,0.000000000000000000e+00,1.563205052762713099e-01,4.382082531289540062e-01,0.000000000000000000e+00,0.000000000000000000e+00,4.050504352918189999e-01,4.385146492916250915e-01,0.000000000000000000e+00,0.000000000000000000e+00,0.000000000000000000e+00,0.000000000000000000e+00,0.000000000000000000e+00
3.693682345978662740e-01,0.000000000000000000e+00,0.000000000000000000e+00,0.000000000000000000e+00,3.795688936227356036e-01,4.113088275067844912e-01,4.194133108905713780e-01,4.438389637335740101e-01,3.581182795610117764e-01,0.000000000000000000e+00,0.000000000000000000e+00,0.000000000000000000e+00,4.428099299506613740e-01,0.000000000000000000e+00,3.999061670660433165e-01,4.058735000074034094e-01,3.638667843231820909e-01,4.078525471481909137e-01,0.000000000000000000e+00,4.327598302543511077e-01,3.919782699507555201e-01,4.184765766407387844e-01,4.038104239758776859e-01,0.000000000000000000e+00,4.038583028880314840e-01,4.096338312148460892e-01,4.234957163003029157e-01,4.576475683550849105e-01,4.308548576752603276e-01,0.000000000000000000e+00,3.620836528961616230e-01,4.034216682034247881e-01,3.513360783470049209e-01,3.547144285129483210e-01,4.079591087515220260e-01,0.000000000000000000e+00,0.000000000000000000e+00,0.000000000000000000e+00,4.196675037003763098e-01,3.988003627746222191e-01,4.161310894142040140e-01,4.384551241287059087e-01,0.000000000000000000e+00,0.000000000000000000e+00,0.000000000000000000e+00,4.181705832391826028e-01,4.392908760985789751e-01,0.000000000000000000e+00,0.000000000000000000e+00,0.000000000000000000e+00,3.407824979914325092e-01,0.000000000000000000e+00,0.000000000000000000e+00,0.000000000000000000e+00,0.000000000000000000e+00,0.000000000000000000e+00,0.000000000000000000e+00,0.000000000000000000e+00,0.000000000000000000e+00,4.394894140722858111e-01,4.201527724809722142e-01,0.000000000000000000e+00,3.855027104175153263e-01,0.000000000000000000e+00,4.144436708280064274e-01,4.348294793214773080e-01,4.423989172706929152e-01,3.672023575748014079e-01,0.000000000000000000e+00,3.814235954633498071e-01,4.447230721427662958e-01,3.755227169220586858e-01,0.000000000000000000e+00,4.082456555669790044e-01,0.000000000000000000e+00,3.731569383020985065e-01
0.000000000000000000e+00,0.000000000000000000e+00,0.000000000000000000e+00,3.407347811957707751e-01,3.648007402333430238e-01,3.839807373074645147e-01,4.029684748811946937e-01,4.488286781702949257e-01,3.584112460366081221e-01,3.249061494681066975e-01,3.397383541957175179e-01,3.054931019228824818e-01,4.200420962486067777e-01,4.145181134915574273e-01,0.000000000000000000e+00,0.000000000000000000e+00,0.000000000000000000e+00,0.000000000000000000e+00,2.876637437471601944e-01,0.000000000000000000e+00,0.000000000000000000e+00,0.000000000000000000e+00,3.439717147513117745e-01,0.000000000000000000e+00,0.000000000000000000e+00,0.000000000000000000e+00,3.421881553805486975e-01,4.316532793222567777e-01,0.000000000000000000e+00,0.000000000000000000e+00,4.423932926295995882e-01,4.104418253673389749e-01,0.000000000000000000e+00,4.531297778114258823e-01,4.622902852851323852e-01,3.939167874600909003e-01,3.735083874592491915e-01,0.000000000000000000e+00,4.158234428200098809e-01,0.000000000000000000e+00,0.000000000000000000e+00,0.000000000000000000e+00,4.659201332372692184e-01,0.000000000000000000e+00,0.000000000000000000e+00,0.000000000000000000e+00,0.000000000000000000e+00,3.231826614224583838e-01,0.000000000000000000e+00,4.154690647584273755e-01,5.375839698463666938e-01,3.942366563479414165e-01,5.205061182355112948e-01,5.514518457207460145e-01,0.000000000000000000e+00,3.791168211034895985e-01,0.000000000000000000e+00,4.188866879253129727e-01,4.832932851036110256e-01,0.000000000000000000e+00,0.000000000000000000e+00,0.000000000000000000e+00,0.000000000000000000e+00,3.110669239338813008e-01,0.000000000000000000e+00,0.000000000000000000e+00,0.000000000000000000e+00,5.452044590811488955e-01,0.000000000000000000e+00,0.000000000000000000e+00,0.000000000000000000e+00,5.466848479440762354e-01,3.888742538964137796e-01,0.000000000000000000e+00,0.000000000000000000e+00,0.000000000000000000e+00
0.000000000000000000e+00,0.000000000000000000e+00,3.407347811957707751e-01,0.000000000000000000e+00,2.383499196841487866e-01,3.846261991310696016e-01,2.485390991210129907e-01,2.861535803049348181e-01,3.910932398847651870e-01,0.000000000000000000e+00,3.718706944551151139e-01,0.000000000000000000e+00,3.052404357094040122e-01,2.569535302682333100e-01,0.000000000000000000e+00,0.000000000000000000e+00,0.000000000000000000e+00,0.000000000000000000e+00,3.315700868188967143e-01,4.070294558637500004e-01,0.000000000000000000e+00,0.000000000000000000e+00,4.033235871699126784e-01,0.000000000000000000e+00,0.000000000000000000e+00,0.000000000000000000e+00,3.833796665559344730e-01,3.318625340399540269e-01,3.337608624836327920e-01,0.000000000000000000e+00,3.473191100132234088e-01,3.106019246464440942e-01,0.000000000000000000e+00,3.505909044328026081e-01,3.878572121568057973e-01,2.082695462828255129e-01,2.071582522862178977e-01,3.585647126773888194e-01,0.000000000000000000e+00,0.000000000000000000e+00,0.000000000000000000e+00,0.000000000000000000e+00,0.000000000000000000e+00,0.000000000000000000e+00,0.000000000000000000e+00,0.000000000000000000e+00,0.000000000000000000e+00,0.000000000000000000e+00,0.000000000000000000e+00,0.000000000000000000e+00,0.000000000000000000e+00,0.000000000000000000e+00,0.000000000000000000e+00,0.000000000000000000e+00,0.000000000000000000e+00,0.000000000000000000e+00,0.000000000000000000e+00,0.000000000000000000e+00,0.000000000000000000e+00,0.000000000000000000e+00,0.000000000000000000e+00,0.000000000000000000e+00,0.000000000000000000e+00,0.000000000000000000e+00,0.000000000000000000e+00,0.000000000000000000e+00,0.000000000000000000e+00,0.000000000000000000e+00,0.000000000000000000e+00,0.000000000000000000e+00,0.000000000000000000e+00,0.000000000000000000e+00,0.000000000000000000e+00,0.000000000000000000e+00,0.000000000000000000e+00,0.000000000000000000e+00
0.000000000000000000e+00,3.795688936227356036e-01,3.648007402333430238e-01,2.383499196841487866e-01,0.000000000000000000e+00,3.461873024169733748e-01,3.330468144355084870e-01,3.871362926903132995e-01,3.283253706413111761e-01,3.947199283605091202e-01,3.212251229963107857e-01,3.350625752817527059e-01,3.412831641512866221e-01,2.778773974417227954e-01,0.000000000000000000e+00,3.587811385761229821e-01,0.000000000000000000e+00,0.000000000000000000e+00,3.400563343276932216e-01,4.192504829656287235e-01,0.000000000000000000e+00,4.397818108171956952e-01,3.710925388722557949e-01,0.000000000000000000e+00,3.100708077587068234e-01,3.188943176737655261e-01,3.842504946737517191e-01,3.986558490256630893e-01,3.534987795688394052e-01,0.000000000000000000e+00,4.268431081963298124e-01,3.475149394432701100e-01,3.227440052198750076e-01,4.195971993232784913e-01,4.172630985765126144e-01,2.471021880964998085e-01,2.739402746867879990e-01,3.340225408566782073e-01,3.632466489335853255e-01,0.000000000000000000e+00,0.000000000000000000e+00,0.000000000000000000e+00,3.403391002354033135e-01,0.000000000000000000e+00,0.000000000000000000e+00,0.000000000000000000e+00,0.000000000000000000e+00,4.087326079119044109e-01,0.000000000000000000e+00,3.426323299760831165e-01,4.307353065834558237e-01,0.000000000000000000e+00,3.945647808874527818e-01,3.960294151604185076e-01,0.000000000000000000e+00,3.697988048318676113e-01,0.000000000000000000e+00,0.000000000000000000e+00,0.000000000000000000e+00,0.000000000000000000e+00,0.000000000000000000e+00,0.000000000000000000e+00,0.000000000000000000e+00,3.762289897726285859e-01,0.000000000000000000e+00,0.000000000000000000e+00,0.000000000000000000e+00,4.864003959048456838e-01,0.000000000000000000e+00,0.000000000000000000e+00,0.000000000000000000e+00,4.096228102029711993e-01,0.000000000000000000e+00,0.000000000000000000e+00,0.000000000000000000e+00,0.000000000000000000e+00
3.780411242420945173e-01,4.113088275067844912e-01,3.839807373074645147e-01,3.846261991310696016e-01,3.461873024169733748e-01,0.000000000000000000e+00,3.742453610957982013e-01,4.080738848707491928e-01,3.376115202805031190e-01,3.929956439764751841e-01,3.643483795504147138e-01,2.985684463702197866e-01,3.616975019108902845e-01,4.247058369164337099e-01,4.125452344785913161e-01,4.032651835186213951e-01,2.888131816609579849e-01,3.631203951690856746e-01,3.389839168489481858e-01,3.868387208855801895e-01,3.943694679044241758e-01,4.146036473607340733e-01,3.766860376196594085e-01,0.000000000000000000e+00,3.831160563333783076e-01,4.003327495236007061e-01,3.719276406732059947e-01,3.606006639764274269e-01,3.343742069822197016e-01,4.049816328090998230e-01,4.188405913538850167e-01,4.142537497671329727e-01,3.586776186159758018e-01,4.204858327902805115e-01,4.205883442685853235e-01,4.156968471264702036e-01,4.291404194766770819e-01,3.555147016394583082e-01,4.860867340278828275e-01,0.000000000000000000e+00,4.480261686514860897e-01,4.268162153091630828e-01,4.627686547663166783e-01,0.000000000000000000e+00,0.000000000000000000e+00,0.000000000000000000e+00,2.734511280210413231e-01,5.191874600019652508e-01,0.000000000000000000e+00,3.738382283678211015e-01,4.864258521528281864e-01,4.163530499229077253e-01,4.362383695058981159e-01,5.259631949104622839e-01,0.000000000000000000e+00,4.477265964446698887e-01,0.000000000000000000e+00,4.526057397027939966e-01,0.000000000000000000e+00,3.606730061665688880e-01,0.000000000000000000e+00,0.000000000000000000e+00,0.000000000000000000e+00,4.729994773127563223e-01,3.838743311097778110e-01,3.818125059766204754e-01,3.175066454362677759e-01,4.914692907507032804e-01,0.000000000000000000e+00,0.000000000000000000e+00,3.154487189082770815e-01,4.904896435521107212e-01,4.770936523328546119e-01,4.604580318995982191e-01,4.415485576931882927e-01,4.655694188687077850e-01
0.000000000000000000e+00,4.194133108905713780e-01,4.029684748811946937e-01,2.485390991210129907e-01,3.330468144355084870e-01,3.742453610957982013e-01,0.000000000000000000e+00,4.074539896069920841e-01,3.675277629193646201e-01,3.840551722441605254e-01,4.011823797526481994e-01,3.689382458475414794e-01,3.188750968982440037e-01,3.232701963712881765e-01,0.000000000000000000e+00,4.505095880221228200e-01,3.530669077756635188e-01,4.083846917243142971e-01,4.011476726563342754e-01,4.197298655779069243e-01,0.000000000000000000e+00,4.651022540516112080e-01,3.812310598423641061e-01,0.000000000000000000e+00,4.045868566027654989e-01,3.908162203708451243e-01,4.062493466337199766e-01,3.848608174537194726e-01,3.944570211298608076e-01,0.000000000000000000e+00,4.175679645227267089e-01,4.076272455978594000e-01,3.507047267922904776e-01,4.107089082619770903e-01,4.210405935451795867e-01,3.127858058469770164e-01,2.906083887805213095e-01,3.871356121515940885e-01,3.403204241134762942e-01,0.000000000000000000e+00,3.466599106297285071e-01,0.000000000000000000e+00,3.802567277744952068e-01,0.000000000000000000e+00,0.000000000000000000e+00,0.000000000000000000e+00,0.000000000000000000e+00,3.649024315857585243e-01,0.000000000000000000e+00,0.000000000000000000e+00,3.879144824823432813e-01,0.000000000000000000e+00,3.772447251386868983e-01,3.582690654642465833e-01,0.000000000000000000e+00,0.000000000000000000e+00,0.000000000000000000e+00,0.000000000000000000e+00,0.000000000000000000e+00,0.000000000000000000e+00,0.000000000000000000e+00,0.000000000000000000e+00,0.000000000000000000e+00,3.683080886799405262e-01,0.000000000000000000e+00,0.000000000000000000e+00,0.000000000000000000e+00,4.759500103149281736e-01,0.000000000000000000e+00,0.000000000000000000e+00,0.000000000000000000e+00,4.172570009769757116e-01,0.000000000000000000e+00,0.000000000000000000e+00,0.000000000000000000e+00,0.000000000000000000e+00
5.108519178570126718e-01,4.438389637335740101e-01,4.488286781702949257e-01,2.861535803049348181e-01,3.871362926903132995e-01,4.080738848707491928e-01,4.074539896069920841e-01,0.000000000000000000e+00,4.524808855799298812e-01,0.000000000000000000e+00,4.039838714869138925e-01,3.977250164455065073e-01,4.210940004502887746e-01,3.203059180753212165e-01,0.000000000000000000e+00,4.417021560843782946e-01,0.000000000000000000e+00,4.504052152434310785e-01,4.406639103088912934e-01,3.931673544432361944e-01,4.383496645678385817e-01,3.974507705599448215e-01,3.760712487909945168e-01,5.281537476971480682e-01,4.808534572870959978e-01,4.882433016414203797e-01,4.205841600604316999e-01,4.283571282801674207e-01,3.556079115004281976e-01,3.896026708122596882e-01,4.403593179688138903e-01,4.175509979164904739e-01,4.480680412040005112e-01,4.430822214507207923e-01,4.641305221790313906e-01,2.523098340400510842e-01,3.904851637562496980e-01,0.000000000000000000e+00,4.530989068766759775e-01,0.000000000000000000e+00,4.490699901388091053e-01,0.000000000000000000e+00,3.383457332991302025e-01,0.000000000000000000e+00,0.000000000000000000e+00,0.000000000000000000e+00,0.000000000000000000e+00,4.994979535421151251e-01,0.000000000000000000e+00,3.431256381565849223e-01,4.508044371655430815e-01,4.154156758073088151e-01,3.743831441948671235e-01,5.131646969269177960e-01,0.000000000000000000e+00,3.990983260051603199e-01,0.000000000000000000e+00,4.322546421358405833e-01,4.544853427027342740e-01,4.417338253538906079e-01,0.000000000000000000e+00,0.000000000000000000e+00,0.000000000000000000e+00,4.708916313252540231e-01,4.754510663434691753e-01,0.000000000000000000e+00,0.000000000000000000e+00,4.898877621290542161e-01,0.000000000000000000e+00,0.000000000000000000e+00,0.000000000000000000e+00,4.983724756302433945e-01,4.412140457124795190e-01,4.162980415945666812e-01,0.000000000000000000e+00,4.189362293380641256e-01
0.000000000000000000e+00,3.581182795610117764e-01,3.584112460366081221e-01,3.910932398847651870e-01,3.283253706413111761e-01,3.376115202805031190e-01,3.675277629193646201e-01,4.524808855799298812e-01,0.000000000000000000e+00,4.001104082247092797e-01,3.346448459306112788e-01,3.133571900964040036e-01,3.891281599567658067e-01,3.761937718133511743e-01,0.000000000000000000e+00,3.543969588159827100e-01,0.000000000000000000e+00,2.907683485444376159e-01,3.239787611680026158e-01,3.880847183782618059e-01,0.000000000000000000e+00,3.982595943996011245e-01,4.053981361376037817e-01,3.302845847317877892e-01,2.923675166579789986e-01,2.840093317567634057e-01,3.820675372236213008e-01,4.306102899484254842e-01,3.569809453448151149e-01,3.936875677362268178e-01,4.483410853481336056e-01,4.164179936653690239e-01,3.534452069112705153e-01,4.423987624383716732e-01,4.369494369173020920e-01,3.826245346791897206e-01,4.167774690255445225e-01,3.632598327546165962e-01,4.263626930531314030e-01,0.000000000000000000e+00,2.758456959132711273e-01,0.000000000000000000e+00,4.298075177388964163e-01,0.000000000000000000e+00,0.000000000000000000e+00,0.000000000000000000e+00,0.000000000000000000e+00,5.099096907260816103e-01,0.000000000000000000e+00,3.700383039168563815e-01,5.060177748467831194e-01,3.606400050467258867e-01,5.186451017080073722e-01,4.988270186725630162e-01,0.000000000000000000e+00,4.857548647509158934e-01,0.000000000000000000e+00,3.784627131705474157e-01,4.412022135480916929e-01,0.000000000000000000e+00,0.000000000000000000e+00,0.000000000000000000e+00,0.000000000000000000e+00,4.916303457775024754e-01,0.000000000000000000e+00,0.000000000000000000e+00,0.000000000000000000e+00,5.299428801329650884e-01,0.000000000000000000e+00,0.000000000000000000e+00,0.000000000000000000e+00,5.274277890131013891e-01,3.725211276845631914e-01,0.000000000000000000e+00,0.000000000000000000e+00,0.000000000000000000e+00
4.829651641364641201e-01,0.000000000000000000e+00,3.249061494681066975e-01,0.000000000000000000e+00,3.947199283605091202e-01,3.929956439764751841e-01,3.840551722441605254e-01,0.000000000000000000e+00,4.001104082247092797e-01,0.000000000000000000e+00,4.037539885350325819e-01,2.850801745527027919e-01,4.110013559128681271e-01,0.000000000000000000e+00,0.000000000000000000e+00,3.266797421470549190e-01,3.252569246122208879e-01,3.205325818543364180e-01,3.586807916525706075e-01,3.065372128968721910e-01,0.000000000000000000e+00,3.019377763751794896e-01,4.267239269642459920e-01,2.903410683753053778e-01,3.010519810033234767e-01,3.168707092592629726e-01,3.340976967037221912e-01,3.945293596219039967e-01,2.881884969360414828e-01,0.000000000000000000e+00,3.350283904833479265e-01,3.323957467734006133e-01,2.937035243511866844e-01,2.955307018426687748e-01,2.949897629709072877e-01,3.947610168405581987e-01,3.184902974179535939e-01,2.738878376624735989e-01,3.368752404666633948e-01,3.074977971687539724e-01,3.184320708870457262e-01,3.144677751530580156e-01,0.000000000000000000e+00,0.000000000000000000e+00,3.095460617569477102e-01,4.031543197811929269e-01,0.000000000000000000e+00,0.000000000000000000e+00,0.000000000000000000e+00,0.000000000000000000e+00,0.000000000000000000e+00,0.000000000000000000e+00,0.000000000000000000e+00,0.000000000000000000e+00,4.118717936724061723e-01,0.000000000000000000e+00,4.163903627987771139e-01,0.000000000000000000e+00,0.000000000000000000e+00,0.000000000000000000e+00,0.000000000000000000e+00,4.075768232349369913e-01,3.851817068744706751e-01,0.000000000000000000e+00,0.000000000000000000e+00,0.000000000000000000e+00,0.000000000000000000e+00,0.000000000000000000e+00,3.757893561992746156e-01,4.234003118713459135e-01,4.305559926826845185e-01,0.000000000000000000e+00,3.308339298429527897e-01,0.000000000000000000e+00,0.000000000000000000e+00,3.735699580503180073e-01
0.000000000000000000e+00,0.000000000000000000e+00,3.397383541957175179e-01,3.718706944551151139e-01,3.212251229963107857e-01,3.643483795504147138e-01,4.011823797526481994e-01,4.039838714869138925e-01,3.346448459306112788e-01,4.037539885350325819e-01,0.000000000000000000e+00,3.397816539020971915e-01,4.168611973278250060e-01,3.350672759783062116e-01,0.000000000000000000e+00,0.000000000000000000e+00,3.310299934076028072e-01,0.000000000000000000e+00,2.950179950119187211e-01,0.000000000000000000e+00,0.000000000000000000e+00,0.000000000000000000e+00,3.623481115564750055e-01,3.577697425837044198e-01,0.000000000000000000e+00,2.826694797231495970e-01,3.635527379732245157e-01,4.249974335902683142e-01,0.000000000000000000e+00,0.000000000000000000e+00,4.404491969739887103e-01,3.927111947450871998e-01,3.304746466902626079e-01,4.293540966815930227e-01,4.350283323021699178e-01,3.426965583168369855e-01,3.798890209542493124e-01,3.675732547627292846e-01,3.682385689195009082e-01,0.000000000000000000e+00,0.000000000000000000e+00,0.000000000000000000e+00,3.796225252983688181e-01,0.000000000000000000e+00,0.000000000000000000e+00,0.000000000000000000e+00,0.000000000000000000e+00,4.057211037016200117e-01,0.000000000000000000e+00,3.309164243983647169e-01,4.770426028069115754e-01,3.126968909988204204e-01,4.358643482790616197e-01,4.948069887833552172e-01,0.000000000000000000e+00,2.951503454059112852e-01,0.000000000000000000e+00,2.835720112951973793e-01,4.013091116745469145e-01,0.000000000000000000e+00,0.000000000000000000e+00,0.000000000000000000e+00,0.000000000000000000e+00,2.994005869892907845e-01,0.000000000000000000e+00,0.000000000000000000e+00,0.000000000000000000e+00,5.112831695503038398e-01,0.000000000000000000e+00,0.000000000000000000e+00,0.000000000000000000e+00,5.004783109082147075e-01,2.906092471717128256e-01,0.000000000000000000e+00,0.000000000000000000e+00,0.000000000000000000e+00
4.096572114375888196e-01,0.000000000000000000e+00,3.054931019228824818e-01,0.000000000000000000e+00,3.350625752817527059e-01,2.985684463702197866e-01,3.689382458475414794e-01,3.977250164455065073e-01,3.133571900964040036e-01,2.850801745527027919e-01,3.397816539020971915e-01,0.000000000000000000e+00,3.815162143780944093e-01,0.000000000000000000e+00,0.000000000000000000e+00,0.000000000000000000e+00,3.516917719616939886e-01,3.179913182924573034e-01,2.943521038020788794e-01,0.000000000000000000e+00,4.280742963269040247e-01,0.000000000000000000e+00,3.724159579594870095e-01,2.705789633900697044e-01,2.941657750814823946e-01,2.967249996220059916e-01,3.429923367587541794e-01,3.679045189854414089e-01,0.000000000000000000e+00,0.000000000000000000e+00,3.297478383171706939e-01,2.847092458570750217e-01,2.431232180510561058e-01,2.611346385146551263e-01,3.350223395711773855e-01,3.494002674450423784e-01,2.924997993779506755e-01,2.219267504669500957e-01,2.775603069622177843e-01,3.150052694978052181e-01,2.892475976353406919e-01,2.574868300236203833e-01,2.880167093593867245e-01,0.000000000000000000e+00,2.787962603416339058e-01,0.000000000000000000e+00,0.000000000000000000e+00,0.000000000000000000e+00,0.000000000000000000e+00,0.000000000000000000e+00,0.000000000000000000e+00,0.000000000000000000e+00,0.000000000000000000e+00,0.000000000000000000e+00,4.251589050254466207e-01,0.000000000000000000e+00,4.281382093862016180e-01,0.000000000000000000e+00,0.000000000000000000e+00,0.000000000000000000e+00,0.000000000000000000e+00,3.921798135655840123e-01,3.897406895629165202e-01,0.000000000000000000e+00,0.000000000000000000e+00,0.000000000000000000e+00,0.000000000000000000e+00,0.000000000000000000e+00,3.912845534398298741e-01,4.209664058270525255e-01,4.404552157941851176e-01,0.000000000000000000e+00,2.928197282694445791e-01,0.000000000000000000e+00,0.000000000000000000e+00,3.383543332237233803e-01
3.743053072581321028e-01,4.428099299506613740e-01,4.200420962486067777e-01,3.052404357094040122e-01,3.412831641512866221e-01,3.616975019108902845e-01,3.188750968982440037e-01,4.210940004502887746e-01,3.891281599567658067e-01,4.110013559128681271e-01,4.168611973278250060e-01,3.815162143780944093e-01,0.000000000000000000e+00,3.391798578551252774e-01,4.109027755763124956e-01,4.627574996946358099e-01,3.803633252137550991e-01,4.198753464352797948e-01,4.154147452379519101e-01,4.246840580974404200e-01,4.619469536281127775e-01,4.686100802053019820e-01,3.987571745469936091e-01,3.644535390115878903e-01,4.215099359315330196e-01,4.279715698723434159e-01,4.162483250630251153e-01,3.444436522153053737e-01,3.778795359627886152e-01,4.106357788386812979e-01,4.239704893418965725e-01,4.153186069194346186e-01,3.842557943705601775e-01,4.170728313892946848e-01,4.248448774707423992e-01,3.545703179507455061e-01,3.491196029668597878e-01,4.059479935096880210e-01,4.409675161597448878e-01,2.730155631007559758e-01,2.960703561144156226e-01,3.892000971520123143e-01,3.811600887827328865e-01,0.000000000000000000e+00,3.425777904576456923e-01,0.000000000000000000e+00,0.000000000000000000e+00,3.667987969252505809e-01,0.000000000000000000e+00,0.000000000000000000e+00,4.225540991057772922e-01,3.229025705811207070e-01,4.066196455098591844e-01,0.000000000000000000e+00,0.000000000000000000e+00,0.000000000000000000e+00,3.194383502661237162e-01,0.000000000000000000e+00,0.000000000000000000e+00,3.409705293133488135e-01,0.000000000000000000e+00,0.000000000000000000e+00,0.000000000000000000e+00,0.000000000000000000e+00,3.568877787191429007e-01,0.000000000000000000e+00,2.963261077912668906e-01,4.841847590002095192e-01,0.000000000000000000e+00,2.706534549880533769e-01,3.048514479462560156e-01,4.708878029596302861e-01,0.000000000000000000e+00,3.873069230234646998e-01,0.000000000000000000e+00,0.000000000000000000e+00
0.000000000000000000e+00,0.000000000000000000e+00,4.145181134915574273e-01,2.569535302682333100e-01,2.778773974417227954e-01,4.247058369164337099e-01,3.232701963712881765e-01,3.203059180753212165e-01,3.761937718133511743e-01,0.000000000000000000e+00,3.350672759783062116e-01,0.000000000000000000e+00,3.391798578551252774e-01,0.000000000000000000e+00,0.000000000000000000e+00,0.000000000000000000e+00,0.000000000000000000e+00,0.000000000000000000e+00,4.010095936578659814e-01,0.000000000000000000e+00,4.510377633460955216e-01,0.000000000000000000e+00,3.861684580686050028e-01,0.000000000000000000e+00,0.000000000000000000e+00,0.000000000000000000e+00,4.273929667562488821e-01,3.249063615998182275e-01,0.000000000000000000e+00,0.000000000000000000e+00,4.116547735859666934e-01,2.497670114635766048e-01,0.000000000000000000e+00,3.649415103906635260e-01,0.000000000000000000e+00,2.358037252669354100e-01,2.110598605729497035e-01,0.000000000000000000e+00,0.000000000000000000e+00,0.000000000000000000e+00,0.000000000000000000e+00,0.000000000000000000e+00,0.000000000000000000e+00,0.000000000000000000e+00,0.000000000000000000e+00,0.000000000000000000e+00,0.000000000000000000e+00,3.902536820732159240e-01,0.000000000000000000e+00,0.000000000000000000e+00,0.000000000000000000e+00,0.000000000000000000e+00,0.000000000000000000e+00,4.353976732534423078e-01,0.000000000000000000e+00,3.728974029368319898e-01,0.000000000000000000e+00,0.000000000000000000e+00,0.000000000000000000e+00,0.000000000000000000e+00,0.000000000000000000e+00,0.000000000000000000e+00,0.000000000000000000e+00,0.000000000000000000e+00,0.000000000000000000e+00,0.000000000000000000e+00,0.000000000000000000e+00,4.298644218050564070e-01,0.000000000000000000e+00,0.000000000000000000e+00,0.000000000000000000e+00,4.465325532102912276e-01,0.000000000000000000e+00,0.000000000000000000e+00,0.000000000000000000e+00,0.000000000000000000e+00
3.665256223833008864e-01,3.999061670660433165e-01,0.000000000000000000e+00,0.000000000000000000e+00,0.000000000000000000e+00,4.125452344785913161e-01,0.000000000000000000e+00,0.000000000000000000e+00,0.000000000000000000e+00,0.000000000000000000e+00,0.000000000000000000e+00,0.000000000000000000e+00,4.109027755763124956e-01,0.000000000000000000e+00,0.000000000000000000e+00,4.094050778520272882e-01,0.000000000000000000e+00,3.843981705819212724e-01,0.000000000000000000e+00,3.740025967156586084e-01,3.584398294761078074e-01,3.575795685382772149e-01,3.900523065363654118e-01,4.303858204542108101e-01,3.769985259292715218e-01,3.710902762923485865e-01,4.200252626004569168e-01,0.000000000000000000e+00,3.896241862695782876e-01,0.000000000000000000e+00,3.906916630612866093e-01,4.155079694816400937e-01,3.702805729795914935e-01,4.095855090248575747e-01,4.472282142256361892e-01,4.384972541388039158e-01,0.000000000000000000e+00,0.000000000000000000e+00,4.544784822136798130e-01,4.476841697064208869e-01,4.538627020784050115e-01,4.842384526525975175e-01,0.000000000000000000e+00,0.000000000000000000e+00,0.000000000000000000e+00,0.000000000000000000e+00,4.424140864561291187e-01,0.000000000000000000e+00,0.000000000000000000e+00,0.000000000000000000e+00,4.023904520865498879e-01,0.000000000000000000e+00,0.000000000000000000e+00,0.000000000000000000e+00,0.000000000000000000e+00,0.000000000000000000e+00,0.000000000000000000e+00,0.000000000000000000e+00,0.000000000000000000e+00,4.631725691086904240e-01,3.977065365165454169e-01,0.000000000000000000e+00,0.000000000000000000e+00,0.000000000000000000e+00,4.551932064520998744e-01,4.439960661518632112e-01,4.686391619284357990e-01,4.543270706900836009e-01,0.000000000000000000e+00,2.930766577669016160e-01,4.557837148634655833e-01,4.638286904979347924e-01,3.992002644926733179e-01,4.433976884334687174e-01,0.000000000000000000e+00,3.829953653245476985e-01
3.648177243653557000e-01,4.058735000074034094e-01,0.000000000000000000e+00,0.000000000000000000e+00,3.587811385761229821e-01,4.032651835186213951e-01,4.505095880221228200e-01,4.417021560843782946e-01,3.543969588159827100e-01,3.266797421470549190e-01,0.000000000000000000e+00,0.000000000000000000e+00,4.627574996946358099e-01,0.000000000000000000e+00,4.094050778520272882e-01,0.000000000000000000e+00,3.667698264377248218e-01,3.473185747946295754e-01,0.000000000000000000e+00,4.087943682508503040e-01,3.932311030057822898e-01,3.939572634840998733e-01,4.112226832168541235e-01,4.453813890502688055e-01,3.780844276408498739e-01,4.013216549861198801e-01,4.236762479556562266e-01,4.662483582798884196e-01,4.262094591507417096e-01,4.098409726795055885e-01,3.770818724020760793e-01,4.187451204948017813e-01,3.621440012197397196e-01,3.918915718128069270e-01,4.306939882767523153e-01,0.000000000000000000e+00,0.000000000000000000e+00,0.000000000000000000e+00,4.179173028496029896e-01,3.743562088915545760e-01,3.915462999906471064e-01,4.224737049671791200e-01,0.000000000000000000e+00,0.000000000000000000e+00,0.000000000000000000e+00,4.127010508372870867e-01,4.238786824091396732e-01,0.000000000000000000e+00,0.000000000000000000e+00,0.000000000000000000e+00,0.000000000000000000e+00,0.000000000000000000e+00,0.000000000000000000e+00,0.000000000000000000e+00,0.000000000000000000e+00,0.000000000000000000e+00,0.000000000000000000e+00,0.000000000000000000e+00,0.000000000000000000e+00,4.467587414438229931e-01,4.035428246406145836e-01,0.000000000000000000e+00,3.696659714456799750e-01,0.000000000000000000e+00,3.797723675532850840e-01,4.113985989654717068e-01,4.398903989452708774e-01,3.203102281204949775e-01,0.000000000000000000e+00,3.859261012346362207e-01,4.300289644989666038e-01,3.481183360771167856e-01,0.000000000000000000e+00,3.618312000152015262e-01,0.000000000000000000e+00,3.772461326898078893e-01
3.834962959014734940e-01,3.638667843231820909e-01,0.000000000000000000e+00,0.000000000000000000e+00,0.000000000000000000e+00,2.888131816609579849e-01,3.530669077756635188e-01,0.000000000000000000e+00,0.000000000000000000e+00,3.252569246122208879e-01,3.310299934076028072e-01,3.516917719616939886e-01,3.803633252137550991e-01,0.000000000000000000e+00,0.000000000000000000e+00,3.667698264377248218e-01,0.000000000000000000e+00,2.887164628914929976e-01,0.000000000000000000e+00,3.109699692370659907e-01,0.000000000000000000e+00,3.522264230778193728e-01,0.000000000000000000e+00,3.674012807106596945e-01,3.466723108897943884e-01,3.339447706121287940e-01,0.000000000000000000e+00,3.790473000636971901e-01,2.967874349633333186e-01,0.000000000000000000e+00,3.501115537929426758e-01,4.044965465181972197e-01,3.388428866487385727e-01,3.403128883859226073e-01,3.778632662244031937e-01,0.000000000000000000e+00,0.000000000000000000e+00,2.841285735963949843e-01,0.000000000000000000e+00,3.688110660910655092e-01,0.000000000000000000e+00,0.000000000000000000e+00,0.000000000000000000e+00,0.000000000000000000e+00,0.000000000000000000e+00,0.000000000000000000e+00,0.000000000000000000e+00,0.000000000000000000e+00,0.000000000000000000e+00,0.000000000000000000e+00,0.000000000000000000e+00,0.000000000000000000e+00,0.000000000000000000e+00,0.000000000000000000e+00,4.309492851595541074e-01,0.000000000000000000e+00,4.227260490551825733e-01,0.000000000000000000e+00,0.000000000000000000e+00,0.000000000000000000e+00,0.000000000000000000e+00,3.857465381121782944e-01,3.959726085709581178e-01,0.000000000000000000e+00,0.000000000000000000e+00,0.000000000000000000e+00,0.000000000000000000e+00,0.000000000000000000e+00,4.125893393851631785e-01,4.235437142943713762e-01,4.332428727758835807e-01,0.000000000000000000e+00,0.000000000000000000e+00,0.000000000000000000e+00,0.000000000000000000e+00,0.000000000000000000e+00
3.552874329899747829e-01,4.078525471481909137e-01,0.000000000000000000e+00,0.000000000000000000e+00,0.000000000000000000e+00,3.631203951690856746e-01,4.083846917243142971e-01,4.504052152434310785e-01,2.907683485444376159e-01,3.205325818543364180e-01,0.000000000000000000e+00,3.179913182924573034e-01,4.198753464352797948e-01,0.000000000000000000e+00,3.843981705819212724e-01,3.473185747946295754e-01,2.887164628914929976e-01,0.000000000000000000e+00,0.000000000000000000e+00,3.948277294118999747e-01,4.058687791079240159e-01,4.062195097385217224e-01,4.419943226335247832e-01,3.530926027091765840e-01,3.697080733806827890e-01,3.797332806516914849e-01,4.128920542138400096e-01,4.358071629643923139e-01,4.206256106197621136e-01,3.416552899596829729e-01,3.621785196193492151e-01,3.851365377613191754e-01,3.533063498634820276e-01,3.553522962870974133e-01,3.682817155965487088e-01,0.000000000000000000e+00,0.000000000000000000e+00,0.000000000000000000e+00,3.986946277633411917e-01,3.773202310429825124e-01,3.980256804524495151e-01,0.000000000000000000e+00,0.000000000000000000e+00,0.000000000000000000e+00,0.000000000000000000e+00,4.053831780803022200e-01,4.097672297800549202e-01,0.000000000000000000e+00,0.000000000000000000e+00,0.000000000000000000e+00,0.000000000000000000e+00,0.000000000000000000e+00,0.000000000000000000e+00,0.000000000000000000e+00,4.075115466270856079e-01,0.000000000000000000e+00,3.969943208599384099e-01,0.000000000000000000e+00,0.000000000000000000e+00,0.000000000000000000e+00,3.990716161197889189e-01,3.937942277632189847e-01,3.969380148190326252e-01,0.000000000000000000e+00,0.000000000000000000e+00,0.000000000000000000e+00,3.998015608546064970e-01,0.000000000000000000e+00,3.928409523725964192e-01,3.997064957863412094e-01,4.202832144023903038e-01,0.000000000000000000e+00,0.000000000000000000e+00,0.000000000000000000e+00,0.000000000000000000e+00,3.990571290859962206e-01
0.000000000000000000e+00,0.000000000000000000e+00,2.876637437471601944e-01,3.315700868188967143e-01,3.400563343276932216e-01,3.389839168489481858e-01,4.011476726563342754e-01,4.406639103088912934e-01,3.239787611680026158e-01,3.586807916525706075e-01,2.950179950119187211e-01,2.943521038020788794e-01,4.154147452379519101e-01,4.010095936578659814e-01,0.000000000000000000e+00,0.000000000000000000e+00,0.000000000000000000e+00,0.000000000000000000e+00,0.000000000000000000e+00,0.000000000000000000e+00,0.000000000000000000e+00,0.000000000000000000e+00,3.646836137731361838e-01,0.000000000000000000e+00,0.000000000000000000e+00,0.000000000000000000e+00,3.687366185517941819e-01,4.294901093392701763e-01,0.000000000000000000e+00,0.000000000000000000e+00,4.359703258457350850e-01,3.923570824717059202e-01,0.000000000000000000e+00,4.242314067954391921e-01,4.227855812307039773e-01,3.832570798371365273e-01,3.865401920300550742e-01,3.432523200827409804e-01,4.089683197054677088e-01,0.000000000000000000e+00,0.000000000000000000e+00,0.000000000000000000e+00,4.201457337353399768e-01,0.000000000000000000e+00,0.000000000000000000e+00,0.000000000000000000e+00,0.000000000000000000e+00,3.851897442809711913e-01,0.000000000000000000e+00,3.595681127155885837e-01,5.001538700813823457e-01,3.782514937904514207e-01,5.054694787930170685e-01,5.254217392633210304e-01,0.000000000000000000e+00,4.408489019110632956e-01,0.000000000000000000e+00,3.630388482458857813e-01,4.454210883033272173e-01,0.000000000000000000e+00,0.000000000000000000e+00,0.000000000000000000e+00,0.000000000000000000e+00,5.124337803559930737e-01,0.000000000000000000e+00,0.000000000000000000e+00,0.000000000000000000e+00,5.333245663096584099e-01,0.000000000000000000e+00,0.000000000000000000e+00,0.000000000000000000e+00,5.171541555728089712e-01,0.000000000000000000e+00,0.000000000000000000e+00,0.000000000000000000e+00,0.000000000000000000e+00
4.157495294369856209e-01,4.327598302543511077e-01,0.000000000000000000e+00,4.070294558637500004e-01,4.192504829656287235e-01,3.868387208855801895e-01,4.197298655779069243e-01,3.931673544432361944e-01,3.880847183782618059e-01,3.065372128968721910e-01,0.000000000000000000e+00,0.000000000000000000e+00,4.246840580974404200e-01,0.000000000000000000e+00,3.740025967156586084e-01,4.087943682508503040e-01,3.109699692370659907e-01,3.948277294118999747e-01,0.000000000000000000e+00,0.000000000000000000e+00,4.080309345951861899e-01,3.829929339902961027e-01,2.909685020779019804e-01,0.000000000000000000e+00,3.918292601927363950e-01,4.203056173949402119e-01,3.552695383243649752e-01,3.929427341820467823e-01,3.302064722065244928e-01,3.135446053946128186e-01,3.654496703317445805e-01,4.384955706484012228e-01,3.896626686550981877e-01,4.146519266035070816e-01,4.572998853905813066e-01,4.592279367054882266e-01,4.388139284091399084e-01,0.000000000000000000e+00,4.556985002652707006e-01,3.809959639336479853e-01,4.516996524526856183e-01,4.614756667077202223e-01,0.000000000000000000e+00,0.000000000000000000e+00,0.000000000000000000e+00,0.000000000000000000e+00,3.728497596728603813e-01,0.000000000000000000e+00,0.000000000000000000e+00,0.000000000000000000e+00,4.017768238406930204e-01,0.000000000000000000e+00,4.326583973108900083e-01,0.000000000000000000e+00,0.000000000000000000e+00,0.000000000000000000e+00,0.000000000000000000e+00,3.610502750804249761e-01,0.000000000000000000e+00,4.303161754283473250e-01,3.200460291895254050e-01,0.000000000000000000e+00,0.000000000000000000e+00,0.000000000000000000e+00,4.442835295647367122e-01,4.159229119434668109e-01,4.546323333105548037e-01,4.602474977888756924e-01,0.000000000000000000e+00,2.597333220037789103e-01,4.399048278651622734e-01,4.638284495028979215e-01,4.369471612837668162e-01,4.416708407394476232e-01,0.000000000000000000e+00,4.063444347275286250e-01
3.913021989910632770e-01,3.919782699507555201e-01,0.000000000000000000e+00,0.000000000000000000e+00,0.000000000000000000e+00,3.943694679044241758e-01,0.000000000000000000e+00,4.383496645678385817e-01,0.000000000000000000e+00,0.000000000000000000e+00,0.000000000000000000e+00,4.280742963269040247e-01,4.619469536281127775e-01,4.510377633460955216e-01,3.584398294761078074e-01,3.932311030057822898e-01,0.000000000000000000e+00,4.058687791079240159e-01,0.000000000000000000e+00,4.080309345951861899e-01,0.000000000000000000e+00,4.144247735040446079e-01,3.947365367747238118e-01,4.948388928819338894e-01,4.070730480090348213e-01,3.952761051755516175e-01,4.209117552595076917e-01,4.490290628847323773e-01,3.996622205673133754e-01,0.000000000000000000e+00,3.626849283213319786e-01,4.145619981441385216e-01,3.504261951389847085e-01,3.812722833917581156e-01,4.306440722477287153e-01,0.000000000000000000e+00,0.000000000000000000e+00,0.000000000000000000e+00,4.555379688491560941e-01,3.706735840973365836e-01,4.010079778290969732e-01,4.757787759260135863e-01,0.000000000000000000e+00,0.000000000000000000e+00,0.000000000000000000e+00,3.645656264683568848e-01,4.492055957142632172e-01,0.000000000000000000e+00,0.000000000000000000e+00,0.000000000000000000e+00,4.246766113231085771e-01,0.000000000000000000e+00,4.162725469110901133e-01,0.000000000000000000e+00,0.000000000000000000e+00,0.000000000000000000e+00,0.000000000000000000e+00,4.067195927862093940e-01,0.000000000000000000e+00,4.362385117518817190e-01,3.969802228704010227e-01,0.000000000000000000e+00,0.000000000000000000e+00,0.000000000000000000e+00,4.506537686530920905e-01,3.841378863983451741e-01,4.494198362848441097e-01,4.391872009801984222e-01,0.000000000000000000e+00,3.159446140649901924e-01,4.709646745978566806e-01,4.524460276094038891e-01,4.316502915278530028e-01,4.371377005949571015e-01,0.000000000000000000e+00,3.587292789343842214e-01
