0.000000000000000000e+00,3.213166322813532094e-01,0.000000000000000000e+00,0.000000000000000000e+00,0.000000000000000000e+00,1.956203064462863905e-01,0.000000000000000000e+00,4.175982747789163119e-01,0.000000000000000000e+00,2.752462802261764208e-01,0.000000000000000000e+00,3.369020444936188796e-01,1.893340802867768125e-01,0.000000000000000000e+00,3.126216609496809129e-01,3.069161227223233257e-01,3.114209782984265207e-01,3.256182470635249904e-01,0.000000000000000000e+00,3.641398718811603152e-01,3.482758732856617856e-01,3.054688837210112751e-01,3.818843898247993862e-01,3.315522384615541829e-01,3.073414498162113095e-01,2.861243945873311878e-01,3.136474996296820805e-01,2.199630914819765970e-01,2.943600662636460807e-01,0.000000000000000000e+00,2.739428036963608148e-01,3.504747138910503934e-01,2.434808072264874057e-01,2.590451413570937222e-01,3.087107081887489057e-01,0.000000000000000000e+00,0.000000000000000000e+00,0.000000000000000000e+00,4.129842784294333047e-01,3.814803789845714888e-01,3.859442570995649247e-01,0.000000000000000000e+00,0.000000000000000000e+00,0.000000000000000000e+00,0.000000000000000000e+00,4.052429440393218729e-01,4.173759813523790774e-01,0.000000000000000000e+00,0.000000000000000000e+00,0.000000000000000000e+00,0.000000000000000000e+00,0.000000000000000000e+00,0.000000000000000000e+00,0.000000000000000000e+00,4.256621486277392119e-01,0.000000000000000000e+00,0.000000000000000000e+00,0.000000000000000000e+00,0.000000000000000000e+00,0.000000000000000000e+00,3.980873576919206069e-01,0.000000000000000000e+00,3.560092207407339893e-01,0.000000000000000000e+00,0.000000000000000000e+00,3.953325827139078097e-01,3.952708687170998214e-01,0.000000000000000000e+00,4.739228634337511736e-01,3.866556266462404801e-01,4.109707632670155930e-01,0.000000000000000000e+00,0.000000000000000000e+00,0.000000000000000000e+00,0.000000000000000000e+00,3.725149868574426093e-01
3.213166322813532094e-01,0.000000000000000000e+00,0.000000000000000000e+00,0.000000000000000000e+00,2.742156031722932097e-01,3.113333663427060860e-01,2.475306905552109027e-01,2.749511387078519276e-01,2.182602365321723026e-01,0.000000000000000000e+00,0.000000000000000000e+00,0.000000000000000000e+00,3.264268849220758884e-01,0.000000000000000000e+00,3.237389218420552162e-01,3.150114465712336997e-01,0.000000000000000000e+00,3.368848611545056104e-01,0.000000000000000000e+00,3.635714117060119821e-01,2.976879691230314151e-01,3.337660617708799182e-01,3.085357714826078013e-01,0.000000000000000000e+00,3.470450238890334105e-01,3.310255511652145932e-01,3.393282443271219972e-01,3.314061238352384864e-01,3.503316210151519172e-01,0.000000000000000000e+00,2.583556656571763810e-01,3.726058716959247952e-01,2.860298800388603735e-01,2.804546414382835251e-01,3.370885000996636793e-01,0.000000000000000000e+00,0.000000000000000000e+00,0.000000000000000000e+00,3.890988810591842206e-01,3.743134124258644113e-01,3.744500973974037028e-01,3.931286268041637166e-01,0.000000000000000000e+00,0.000000000000000000e+00,0.000000000000000000e+00,3.672480078359348088e-01,4.065852855724547132e-01,0.000000000000000000e+00,0.000000000000000000e+00,0.000000000000000000e+00,2.272409568193552998e-01,0.000000000000000000e+00,0.000000000000000000e+00,0.000000000000000000e+00,0.000000000000000000e+00,0.000000000000000000e+00,0.000000000000000000e+00,0.000000000000000000e+00,0.000000000000000000e+00,3.664490815866965900e-01,3.893585874112011069e-01,0.000000000000000000e+00,3.502302072549274836e-01,0.000000000000000000e+00,3.338276448316188083e-01,3.064143292471729896e-01,3.935303738395539153e-01,3.046349002219809754e-01,0.000000000000000000e+00,3.714347539768816930e-01,3.880221219133875854e-01,2.823145973653435892e-01,0.000000000000000000e+00,2.834876249357706768e-01,0.000000000000000000e+00,3.455720234911067723e-01
0.000000000000000000e+00,0.000000000000000000e+00,0.000000000000000000e+00,2.956630059158603108e-01,3.010910416143401935e-01,3.313868399394033770e-01,3.088213185952609074e-01,3.784232182241913933e-01,2.483766909276355073e-01,0.000000000000000000e+00,2.489688607486849892e-01,0.000000000000000000e+00,2.975350717612115781e-01,3.714741238445983251e-01,0.000000000000000000e+00,0.000000000000000000e+00,0.000000000000000000e+00,0.000000000000000000e+00,2.607566965177970930e-01,0.000000000000000000e+00,0.000000000000000000e+00,0.000000000000000000e+00,3.061499434315267942e-01,0.000000000000000000e+00,0.000000000000000000e+00,0.000000000000000000e+00,3.348774686449447202e-01,3.082421460813830061e-01,0.000000000000000000e+00,0.000000000000000000e+00,3.224568185476979210e-01,2.978930747053232242e-01,0.000000000000000000e+00,3.132383104642411098e-01,3.625775807339807755e-01,2.999343437635761944e-01,3.001852257899300103e-01,0.000000000000000000e+00,3.058870453220088881e-01,0.000000000000000000e+00,3.319103859782664978e-01,0.000000000000000000e+00,4.659828969900023932e-01,0.000000000000000000e+00,0.000000000000000000e+00,0.000000000000000000e+00,0.000000000000000000e+00,3.421600608532522902e-01,0.000000000000000000e+00,2.737523094782923216e-01,4.440444227856933934e-01,2.690339539725802864e-01,4.621135304257055765e-01,4.707503383786333928e-01,0.000000000000000000e+00,4.611104110599101857e-01,0.000000000000000000e+00,3.155469489384918891e-01,4.185859087910324128e-01,0.000000000000000000e+00,0.000000000000000000e+00,0.000000000000000000e+00,0.000000000000000000e+00,4.592608448311017999e-01,0.000000000000000000e+00,0.000000000000000000e+00,0.000000000000000000e+00,4.819159458229291815e-01,0.000000000000000000e+00,0.000000000000000000e+00,0.000000000000000000e+00,4.487473170166120240e-01,2.248902123202637104e-01,0.000000000000000000e+00,0.000000000000000000e+00,0.000000000000000000e+00
0.000000000000000000e+00,0.000000000000000000e+00,2.956630059158603108e-01,0.000000000000000000e+00,2.990994411904157047e-01,3.147183668130213996e-01,3.119768892100355795e-01,3.073271319283257808e-01,2.549618494982858197e-01,0.000000000000000000e+00,2.729121517550375797e-01,2.651088420448444172e-01,2.986306343198917856e-01,2.339832034281837114e-01,0.000000000000000000e+00,0.000000000000000000e+00,0.000000000000000000e+00,0.000000000000000000e+00,2.419821792439577068e-01,0.000000000000000000e+00,0.000000000000000000e+00,0.000000000000000000e+00,3.244365685346198847e-01,0.000000000000000000e+00,0.000000000000000000e+00,0.000000000000000000e+00,3.611295830470780954e-01,2.929651620357859865e-01,3.356453293037747754e-01,0.000000000000000000e+00,3.108985072359276014e-01,2.543939260382035994e-01,0.000000000000000000e+00,2.808075115060338911e-01,2.693960494726935773e-01,1.948754170422550003e-01,1.860818028075655051e-01,0.000000000000000000e+00,0.000000000000000000e+00,0.000000000000000000e+00,0.000000000000000000e+00,0.000000000000000000e+00,0.000000000000000000e+00,0.000000000000000000e+00,0.000000000000000000e+00,0.000000000000000000e+00,0.000000000000000000e+00,0.000000000000000000e+00,0.000000000000000000e+00,0.000000000000000000e+00,0.000000000000000000e+00,0.000000000000000000e+00,0.000000000000000000e+00,0.000000000000000000e+00,0.000000000000000000e+00,0.000000000000000000e+00,0.000000000000000000e+00,0.000000000000000000e+00,0.000000000000000000e+00,0.000000000000000000e+00,0.000000000000000000e+00,0.000000000000000000e+00,0.000000000000000000e+00,0.000000000000000000e+00,0.000000000000000000e+00,0.000000000000000000e+00,0.000000000000000000e+00,0.000000000000000000e+00,0.000000000000000000e+00,0.000000000000000000e+00,0.000000000000000000e+00,0.000000000000000000e+00,0.000000000000000000e+00,0.000000000000000000e+00,0.000000000000000000e+00,0.000000000000000000e+00
0.000000000000000000e+00,2.742156031722932097e-01,3.010910416143401935e-01,2.990994411904157047e-01,0.000000000000000000e+00,3.342538875296974799e-01,3.228729040754262924e-01,3.637557763601834138e-01,3.065165231602990925e-01,3.154471701906663150e-01,2.726268314827612893e-01,0.000000000000000000e+00,3.536535006527480873e-01,2.914986522455895179e-01,0.000000000000000000e+00,2.738015846000891873e-01,0.000000000000000000e+00,0.000000000000000000e+00,2.941764789416052017e-01,3.573695610256208965e-01,0.000000000000000000e+00,3.377854856876373879e-01,3.363532786709734768e-01,0.000000000000000000e+00,2.134568543195282109e-01,0.000000000000000000e+00,3.381194760580562009e-01,3.412554694853087156e-01,3.396410349802451156e-01,0.000000000000000000e+00,3.465969377744831936e-01,3.284387279682813854e-01,0.000000000000000000e+00,3.522951926758072227e-01,3.661025407615928762e-01,2.140342458284457128e-01,3.190388957899489841e-01,0.000000000000000000e+00,2.777823172347189118e-01,0.000000000000000000e+00,0.000000000000000000e+00,0.000000000000000000e+00,0.000000000000000000e+00,0.000000000000000000e+00,0.000000000000000000e+00,0.000000000000000000e+00,0.000000000000000000e+00,3.130176913720716936e-01,0.000000000000000000e+00,3.534111856341788926e-01,3.123475302488735172e-01,0.000000000000000000e+00,3.741969559887398100e-01,3.082635360090488219e-01,0.000000000000000000e+00,0.000000000000000000e+00,0.000000000000000000e+00,0.000000000000000000e+00,0.000000000000000000e+00,0.000000000000000000e+00,0.000000000000000000e+00,0.000000000000000000e+00,0.000000000000000000e+00,3.426187171955151212e-01,0.000000000000000000e+00,0.000000000000000000e+00,0.000000000000000000e+00,4.467181515085789090e-01,0.000000000000000000e+00,0.000000000000000000e+00,0.000000000000000000e+00,3.436402538440161969e-01,0.000000000000000000e+00,0.000000000000000000e+00,0.000000000000000000e+00,0.000000000000000000e+00
1.956203064462863905e-01,3.113333663427060860e-01,3.313868399394033770e-01,3.147183668130213996e-01,3.342538875296974799e-01,0.000000000000000000e+00,3.353839915939372252e-01,2.939640532772522796e-01,2.760333077913231237e-01,3.046493451584316725e-01,3.127180405794777740e-01,2.662898604308260864e-01,3.048591707136827922e-01,0.000000000000000000e+00,2.703013582987983110e-01,3.090117313156509060e-01,0.000000000000000000e+00,2.510931227037719871e-01,2.330979892581112878e-01,3.309367594141328084e-01,2.502042259180484729e-01,3.375649312321005735e-01,3.023492973040476928e-01,0.000000000000000000e+00,2.902750557437754897e-01,2.816317675953943223e-01,2.995711937066677932e-01,3.009651869151537817e-01,2.602912078625795878e-01,3.087570332168403930e-01,3.179232275552650866e-01,3.295820783572052104e-01,2.548895715525544836e-01,3.287107924018051186e-01,3.312931112764034847e-01,3.230534665015681872e-01,3.516259796161774753e-01,3.048405999176196923e-01,4.074656104583126992e-01,0.000000000000000000e+00,3.707251187279638205e-01,3.681355749717302728e-01,3.271105653041679884e-01,0.000000000000000000e+00,0.000000000000000000e+00,0.000000000000000000e+00,1.899621143753427999e-01,4.165198588036034266e-01,0.000000000000000000e+00,2.865709374694264122e-01,3.947386252867532974e-01,2.797913863492949016e-01,3.866801170650657760e-01,4.339968598550945078e-01,0.000000000000000000e+00,2.692152013408845024e-01,0.000000000000000000e+00,2.872001355601978001e-01,0.000000000000000000e+00,2.715427753147841017e-01,0.000000000000000000e+00,0.000000000000000000e+00,0.000000000000000000e+00,3.657464091185981259e-01,2.984749731346710844e-01,2.874176284445049134e-01,1.433125202341382909e-01,4.154510263477699250e-01,0.000000000000000000e+00,0.000000000000000000e+00,1.814843028387113921e-01,4.076845865721713258e-01,3.216733050256860849e-01,3.651874346171978258e-01,3.202284384022842101e-01,3.677276407790197044e-01
0.000000000000000000e+00,2.475306905552109027e-01,3.088213185952609074e-01,3.119768892100355795e-01,3.228729040754262924e-01,3.353839915939372252e-01,0.000000000000000000e+00,3.470032866261664739e-01,3.056423957718826245e-01,3.398332757606836729e-01,3.465321051964803112e-01,0.000000000000000000e+00,3.295283087430191937e-01,3.187334814609190103e-01,0.000000000000000000e+00,2.555697636009593987e-01,0.000000000000000000e+00,2.386571726914042124e-01,3.358698831016579955e-01,3.517012401936636112e-01,0.000000000000000000e+00,3.496114763611313792e-01,3.274975179057030839e-01,0.000000000000000000e+00,2.395905664103089028e-01,2.032396194366898889e-01,3.423564627040333042e-01,3.465511161239350768e-01,3.470608563026599813e-01,0.000000000000000000e+00,3.646810490626897772e-01,3.521530169380239772e-01,2.672911824411680071e-01,3.529205968608329913e-01,3.576106508904234871e-01,3.100967937148286224e-01,3.527514851915655725e-01,0.000000000000000000e+00,2.819439809573234257e-01,0.000000000000000000e+00,0.000000000000000000e+00,0.000000000000000000e+00,0.000000000000000000e+00,0.000000000000000000e+00,0.000000000000000000e+00,0.000000000000000000e+00,0.000000000000000000e+00,2.583790468904944015e-01,0.000000000000000000e+00,0.000000000000000000e+00,2.531687809783512155e-01,0.000000000000000000e+00,3.324724211049180922e-01,0.000000000000000000e+00,0.000000000000000000e+00,0.000000000000000000e+00,0.000000000000000000e+00,0.000000000000000000e+00,0.000000000000000000e+00,0.000000000000000000e+00,0.000000000000000000e+00,0.000000000000000000e+00,0.000000000000000000e+00,0.000000000000000000e+00,0.000000000000000000e+00,0.000000000000000000e+00,0.000000000000000000e+00,3.993048004379696758e-01,0.000000000000000000e+00,0.000000000000000000e+00,0.000000000000000000e+00,2.953240070651925175e-01,0.000000000000000000e+00,0.000000000000000000e+00,0.000000000000000000e+00,0.000000000000000000e+00
4.175982747789163119e-01,2.749511387078519276e-01,3.784232182241913933e-01,3.073271319283257808e-01,3.637557763601834138e-01,2.939640532772522796e-01,3.470032866261664739e-01,0.000000000000000000e+00,3.642482809717664805e-01,0.000000000000000000e+00,2.883876369778922144e-01,0.000000000000000000e+00,3.161128039736160189e-01,3.519744456788698739e-01,3.573426134830974821e-01,2.702139066801558798e-01,0.000000000000000000e+00,2.512662895775102934e-01,3.377227642758345860e-01,3.031093476957479882e-01,3.261495011546479139e-01,2.850077667191477926e-01,2.942902834702291748e-01,4.474077788259894772e-01,3.550653323939282902e-01,3.623458829408320869e-01,3.535015404791643223e-01,3.300084856262360256e-01,2.879871316172897266e-01,0.000000000000000000e+00,3.429845323204346874e-01,3.317452398009053116e-01,3.027941106729851728e-01,3.618663406982478015e-01,3.572244039684521200e-01,2.561805495339338212e-01,0.000000000000000000e+00,0.000000000000000000e+00,4.207227432612729023e-01,0.000000000000000000e+00,0.000000000000000000e+00,0.000000000000000000e+00,3.864497867692779920e-01,0.000000000000000000e+00,0.000000000000000000e+00,0.000000000000000000e+00,0.000000000000000000e+00,4.714972560883907149e-01,0.000000000000000000e+00,0.000000000000000000e+00,4.076677047112858276e-01,4.590588442875759845e-01,3.688676320111083928e-01,4.925325435869746804e-01,0.000000000000000000e+00,4.024394735473744156e-01,0.000000000000000000e+00,3.956838436625707001e-01,4.348849310096788989e-01,3.454264459876564275e-01,0.000000000000000000e+00,0.000000000000000000e+00,0.000000000000000000e+00,4.292947882597619169e-01,3.657680803292788774e-01,3.818019632501101768e-01,0.000000000000000000e+00,4.918102749283992936e-01,0.000000000000000000e+00,0.000000000000000000e+00,0.000000000000000000e+00,4.507016692191176954e-01,3.658031657557215266e-01,3.705945558359168834e-01,0.000000000000000000e+00,3.427354905998561962e-01
0.000000000000000000e+00,2.182602365321723026e-01,2.483766909276355073e-01,2.549618494982858197e-01,3.065165231602990925e-01,2.760333077913231237e-01,3.056423957718826245e-01,3.642482809717664805e-01,0.000000000000000000e+00,2.854428845121361746e-01,2.651776571531879734e-01,2.156794932384157037e-01,2.807603789132078753e-01,3.355417637341264747e-01,0.000000000000000000e+00,2.620263379729542152e-01,0.000000000000000000e+00,0.000000000000000000e+00,2.561836845558583264e-01,3.228182342628467261e-01,0.000000000000000000e+00,2.907456664538773938e-01,3.332046855658444828e-01,2.955091262675776931e-01,1.820779450393675003e-01,1.111747145038222973e-01,3.150747345281518230e-01,3.250354962244175194e-01,2.903061618536673105e-01,3.173184719820303923e-01,3.491808820095150256e-01,3.151989971171603178e-01,2.381892417231153136e-01,3.385078711108068239e-01,3.076986787270746815e-01,2.786822928200625160e-01,2.692584671353714931e-01,2.116181805662732118e-01,3.621085779437820951e-01,0.000000000000000000e+00,0.000000000000000000e+00,0.000000000000000000e+00,3.859882991074046754e-01,0.000000000000000000e+00,0.000000000000000000e+00,0.000000000000000000e+00,0.000000000000000000e+00,4.290040083091382073e-01,0.000000000000000000e+00,2.948801660881051889e-01,4.146902300872308267e-01,2.402511284333221087e-01,4.561898962902227739e-01,3.285155598765890916e-01,0.000000000000000000e+00,4.104164984066466237e-01,0.000000000000000000e+00,2.561983808620407199e-01,0.000000000000000000e+00,0.000000000000000000e+00,0.000000000000000000e+00,0.000000000000000000e+00,0.000000000000000000e+00,3.681388347429382923e-01,0.000000000000000000e+00,0.000000000000000000e+00,0.000000000000000000e+00,4.656053947203612209e-01,0.000000000000000000e+00,0.000000000000000000e+00,0.000000000000000000e+00,4.572368100492830156e-01,1.629116497260285068e-01,0.000000000000000000e+00,0.000000000000000000e+00,0.000000000000000000e+00
2.752462802261764208e-01,0.000000000000000000e+00,0.000000000000000000e+00,0.000000000000000000e+00,3.154471701906663150e-01,3.046493451584316725e-01,3.398332757606836729e-01,0.000000000000000000e+00,2.854428845121361746e-01,0.000000000000000000e+00,2.926630870120786043e-01,2.598696881195867725e-01,3.654237128179285143e-01,0.000000000000000000e+00,0.000000000000000000e+00,2.468234964282562116e-01,2.970428148289513959e-01,2.989377128220728763e-01,3.045668295355437039e-01,0.000000000000000000e+00,0.000000000000000000e+00,2.009948618476611881e-01,3.045427866048333043e-01,2.826006329015152141e-01,3.030757774502589874e-01,3.089571999514302836e-01,3.267144699217621739e-01,3.558127903468267239e-01,2.832014574033144272e-01,0.000000000000000000e+00,2.961124338845456117e-01,3.182093721345792825e-01,2.635365613233788817e-01,2.816961919556840166e-01,2.856583768859035088e-01,3.443024498297312941e-01,0.000000000000000000e+00,2.528982407536851107e-01,3.870228809084653165e-01,3.041919329059418753e-01,3.208179927777646823e-01,3.547853124507064915e-01,0.000000000000000000e+00,0.000000000000000000e+00,2.841103363152028827e-01,3.562767078709266899e-01,0.000000000000000000e+00,0.000000000000000000e+00,0.000000000000000000e+00,0.000000000000000000e+00,0.000000000000000000e+00,0.000000000000000000e+00,0.000000000000000000e+00,0.000000000000000000e+00,3.611098455288316855e-01,0.000000000000000000e+00,3.583172645434111181e-01,2.980922739075289041e-01,0.000000000000000000e+00,0.000000000000000000e+00,0.000000000000000000e+00,3.613976378262191980e-01,3.494503479654910150e-01,0.000000000000000000e+00,0.000000000000000000e+00,0.000000000000000000e+00,0.000000000000000000e+00,0.000000000000000000e+00,3.786045153370184990e-01,4.007569754692029140e-01,3.990039866403384816e-01,0.000000000000000000e+00,3.299967689491152822e-01,0.000000000000000000e+00,0.000000000000000000e+00,3.692714979951906007e-01
0.000000000000000000e+00,0.000000000000000000e+00,2.489688607486849892e-01,2.729121517550375797e-01,2.726268314827612893e-01,3.127180405794777740e-01,3.465321051964803112e-01,2.883876369778922144e-01,2.651776571531879734e-01,2.926630870120786043e-01,0.000000000000000000e+00,0.000000000000000000e+00,3.367091824442364767e-01,2.741622599855552123e-01,0.000000000000000000e+00,0.000000000000000000e+00,0.000000000000000000e+00,0.000000000000000000e+00,2.509615720261342831e-01,0.000000000000000000e+00,0.000000000000000000e+00,0.000000000000000000e+00,2.827174499282735232e-01,0.000000000000000000e+00,0.000000000000000000e+00,0.000000000000000000e+00,3.507052571307958111e-01,3.285384151077987980e-01,0.000000000000000000e+00,0.000000000000000000e+00,3.528075319840419111e-01,2.892504772137012847e-01,0.000000000000000000e+00,3.416670189674628766e-01,0.000000000000000000e+00,2.385638182929880891e-01,2.784869144295600840e-01,0.000000000000000000e+00,3.490217395956706770e-01,0.000000000000000000e+00,0.000000000000000000e+00,0.000000000000000000e+00,0.000000000000000000e+00,0.000000000000000000e+00,0.000000000000000000e+00,0.000000000000000000e+00,0.000000000000000000e+00,4.007677063077678126e-01,0.000000000000000000e+00,3.209789141554851843e-01,3.500925616020605924e-01,0.000000000000000000e+00,3.674618516140502056e-01,0.000000000000000000e+00,0.000000000000000000e+00,1.736095368001568939e-01,0.000000000000000000e+00,0.000000000000000000e+00,0.000000000000000000e+00,0.000000000000000000e+00,0.000000000000000000e+00,0.000000000000000000e+00,0.000000000000000000e+00,0.000000000000000000e+00,0.000000000000000000e+00,0.000000000000000000e+00,0.000000000000000000e+00,3.453455698286643782e-01,0.000000000000000000e+00,0.000000000000000000e+00,0.000000000000000000e+00,3.734519429432672788e-01,0.000000000000000000e+00,0.000000000000000000e+00,0.000000000000000000e+00,0.000000000000000000e+00
3.369020444936188796e-01,0.000000000000000000e+00,0.000000000000000000e+00,2.651088420448444172e-01,0.000000000000000000e+00,2.662898604308260864e-01,0.000000000000000000e+00,0.000000000000000000e+00,2.156794932384157037e-01,2.598696881195867725e-01,0.000000000000000000e+00,0.000000000000000000e+00,3.305942977981997100e-01,0.000000000000000000e+00,0.000000000000000000e+00,0.000000000000000000e+00,3.149939887195191135e-01,2.621784219442738206e-01,0.000000000000000000e+00,0.000000000000000000e+00,4.013464537768257068e-01,0.000000000000000000e+00,3.038681679860201212e-01,2.704228256733520741e-01,3.260063071198947005e-01,2.967700456141024734e-01,2.906048422683190080e-01,3.370524214373811778e-01,0.000000000000000000e+00,0.000000000000000000e+00,3.178886104843053895e-01,2.797501775074416885e-01,2.651384985080532108e-01,2.692923505789405203e-01,2.793231489887282870e-01,3.000888581088119733e-01,2.916513331694167155e-01,2.149053852884398874e-01,3.243544420991710808e-01,3.304674417549536836e-01,3.485187306543757191e-01,3.945516820973475891e-01,0.000000000000000000e+00,0.000000000000000000e+00,0.000000000000000000e+00,0.000000000000000000e+00,0.000000000000000000e+00,0.000000000000000000e+00,0.000000000000000000e+00,0.000000000000000000e+00,0.000000000000000000e+00,0.000000000000000000e+00,0.000000000000000000e+00,0.000000000000000000e+00,3.821100037596967258e-01,0.000000000000000000e+00,3.858057790186015801e-01,0.000000000000000000e+00,0.000000000000000000e+00,0.000000000000000000e+00,0.000000000000000000e+00,3.880383891306202759e-01,3.665943284312752071e-01,0.000000000000000000e+00,0.000000000000000000e+00,0.000000000000000000e+00,0.000000000000000000e+00,0.000000000000000000e+00,4.124279000964107822e-01,4.196418205981736205e-01,4.309468236994207224e-01,0.000000000000000000e+00,0.000000000000000000e+00,0.000000000000000000e+00,0.000000000000000000e+00,3.604782756630460216e-01
1.893340802867768125e-01,3.264268849220758884e-01,2.975350717612115781e-01,2.986306343198917856e-01,3.536535006527480873e-01,3.048591707136827922e-01,3.295283087430191937e-01,3.161128039736160189e-01,2.807603789132078753e-01,3.654237128179285143e-01,3.367091824442364767e-01,3.305942977981997100e-01,0.000000000000000000e+00,3.148581517318149725e-01,3.143083851716160226e-01,3.330293746651549758e-01,3.073659426095408098e-01,2.745500080425449796e-01,3.272858814700856933e-01,3.440186822962323920e-01,2.977259872428741905e-01,3.470806378023564842e-01,3.181701286128839068e-01,3.302932027201359033e-01,3.139250865578940841e-01,3.106921650366207821e-01,3.306727450508114008e-01,3.001106258356187051e-01,3.240857413029719081e-01,3.359292241229144826e-01,3.421084420927690828e-01,3.562752046631402214e-01,3.184967859784936794e-01,3.512406496079750751e-01,3.522916793762133070e-01,3.230577896582553232e-01,3.217669989147993737e-01,3.374726116194027847e-01,3.170205296435968934e-01,0.000000000000000000e+00,3.023064003142202916e-01,0.000000000000000000e+00,0.000000000000000000e+00,0.000000000000000000e+00,0.000000000000000000e+00,0.000000000000000000e+00,0.000000000000000000e+00,2.742055781103088230e-01,0.000000000000000000e+00,0.000000000000000000e+00,2.334121660531552900e-01,1.979384399443959996e-01,3.278399873748105153e-01,0.000000000000000000e+00,0.000000000000000000e+00,0.000000000000000000e+00,0.000000000000000000e+00,0.000000000000000000e+00,0.000000000000000000e+00,2.484119496509546998e-01,0.000000000000000000e+00,0.000000000000000000e+00,0.000000000000000000e+00,0.000000000000000000e+00,2.434754377633910061e-01,0.000000000000000000e+00,2.170000099044933073e-01,4.026955304814580083e-01,0.000000000000000000e+00,0.000000000000000000e+00,0.000000000000000000e+00,3.715754532410699973e-01,0.000000000000000000e+00,2.899130262770037159e-01,0.000000000000000000e+00,0.000000000000000000e+00
0.000000000000000000e+00,0.000000000000000000e+00,3.714741238445983251e-01,2.339832034281837114e-01,2.914986522455895179e-01,0.000000000000000000e+00,3.187334814609190103e-01,3.519744456788698739e-01,3.355417637341264747e-01,0.000000000000000000e+00,2.741622599855552123e-01,0.000000000000000000e+00,3.148581517318149725e-01,0.000000000000000000e+00,0.000000000000000000e+00,0.000000000000000000e+00,0.000000000000000000e+00,0.000000000000000000e+00,3.187030416232640162e-01,0.000000000000000000e+00,3.621862529507686168e-01,0.000000000000000000e+00,3.452827931135490913e-01,0.000000000000000000e+00,0.000000000000000000e+00,0.000000000000000000e+00,0.000000000000000000e+00,2.313740386794800874e-01,0.000000000000000000e+00,0.000000000000000000e+00,0.000000000000000000e+00,2.099362069600952119e-01,0.000000000000000000e+00,0.000000000000000000e+00,0.000000000000000000e+00,1.900151537074935004e-01,1.532483291752519960e-01,0.000000000000000000e+00,0.000000000000000000e+00,0.000000000000000000e+00,0.000000000000000000e+00,0.000000000000000000e+00,0.000000000000000000e+00,0.000000000000000000e+00,0.000000000000000000e+00,0.000000000000000000e+00,0.000000000000000000e+00,0.000000000000000000e+00,0.000000000000000000e+00,0.000000000000000000e+00,0.000000000000000000e+00,0.000000000000000000e+00,0.000000000000000000e+00,0.000000000000000000e+00,0.000000000000000000e+00,0.000000000000000000e+00,0.000000000000000000e+00,0.000000000000000000e+00,0.000000000000000000e+00,0.000000000000000000e+00,0.000000000000000000e+00,0.000000000000000000e+00,0.000000000000000000e+00,0.000000000000000000e+00,0.000000000000000000e+00,0.000000000000000000e+00,0.000000000000000000e+00,0.000000000000000000e+00,0.000000000000000000e+00,0.000000000000000000e+00,0.000000000000000000e+00,0.000000000000000000e+00,0.000000000000000000e+00,0.000000000000000000e+00,0.000000000000000000e+00,0.000000000000000000e+00
3.126216609496809129e-01,3.237389218420552162e-01,0.000000000000000000e+00,0.000000000000000000e+00,0.000000000000000000e+00,2.703013582987983110e-01,0.000000000000000000e+00,3.573426134830974821e-01,0.000000000000000000e+00,0.000000000000000000e+00,0.000000000000000000e+00,0.000000000000000000e+00,3.143083851716160226e-01,0.000000000000000000e+00,0.000000000000000000e+00,3.255805810117137211e-01,0.000000000000000000e+00,3.192327796322063094e-01,0.000000000000000000e+00,3.107394890648085828e-01,3.375169977464920201e-01,3.406001902552058258e-01,2.928698437655414266e-01,3.226588657985002273e-01,3.020663583127035090e-01,2.892735863367789095e-01,3.561425722286113982e-01,3.221611585990101778e-01,3.371198638889429944e-01,0.000000000000000000e+00,3.337330453420885856e-01,3.713539501211828853e-01,3.054816318325143110e-01,3.437616598799185796e-01,3.709241371489017114e-01,0.000000000000000000e+00,0.000000000000000000e+00,0.000000000000000000e+00,4.109611837705077209e-01,4.060755721793805062e-01,3.660592486422695746e-01,4.121944676423379139e-01,0.000000000000000000e+00,0.000000000000000000e+00,0.000000000000000000e+00,0.000000000000000000e+00,3.566527460991730791e-01,0.000000000000000000e+00,0.000000000000000000e+00,0.000000000000000000e+00,3.403712092841881254e-01,0.000000000000000000e+00,4.409888148337616220e-01,0.000000000000000000e+00,0.000000000000000000e+00,0.000000000000000000e+00,0.000000000000000000e+00,3.116017296724297725e-01,0.000000000000000000e+00,4.135276232519944917e-01,2.530538022571284240e-01,0.000000000000000000e+00,0.000000000000000000e+00,0.000000000000000000e+00,4.062784668897830853e-01,4.270549208119879814e-01,4.332614402681437826e-01,4.082702190420561816e-01,0.000000000000000000e+00,2.244546792401199975e-01,3.853550518689449200e-01,4.228954942023548935e-01,3.618026704912121194e-01,3.763726185192627915e-01,0.000000000000000000e+00,3.388519278595176210e-01
3.069161227223233257e-01,3.150114465712336997e-01,0.000000000000000000e+00,0.000000000000000000e+00,2.738015846000891873e-01,3.090117313156509060e-01,2.555697636009593987e-01,2.702139066801558798e-01,2.620263379729542152e-01,2.468234964282562116e-01,0.000000000000000000e+00,0.000000000000000000e+00,3.330293746651549758e-01,0.000000000000000000e+00,3.255805810117137211e-01,0.000000000000000000e+00,2.989660892293358740e-01,3.098140589820093105e-01,0.000000000000000000e+00,3.331320724817095069e-01,3.099604263779974778e-01,3.133327220150123882e-01,3.124659912392470096e-01,2.643220648996796873e-01,3.162149176716710919e-01,3.094978443468239804e-01,3.231203492245343090e-01,3.079722990641636793e-01,3.462253902914950165e-01,3.009258692089438192e-01,3.081316409328944128e-01,3.882665553829894867e-01,3.169241484954464227e-01,3.196384243440715256e-01,3.591903486901814047e-01,0.000000000000000000e+00,0.000000000000000000e+00,0.000000000000000000e+00,4.004112987282428260e-01,3.721566828883747236e-01,3.613959341089966748e-01,4.061838954273387925e-01,0.000000000000000000e+00,0.000000000000000000e+00,0.000000000000000000e+00,3.849465682283423895e-01,3.918305799673419965e-01,0.000000000000000000e+00,0.000000000000000000e+00,0.000000000000000000e+00,0.000000000000000000e+00,0.000000000000000000e+00,0.000000000000000000e+00,0.000000000000000000e+00,0.000000000000000000e+00,0.000000000000000000e+00,0.000000000000000000e+00,0.000000000000000000e+00,0.000000000000000000e+00,3.299310835051316171e-01,3.843738096821923134e-01,0.000000000000000000e+00,3.586916221286660100e-01,0.000000000000000000e+00,3.045542499402579817e-01,3.103081684324281997e-01,3.708670280327038826e-01,2.687371608247164922e-01,0.000000000000000000e+00,3.822062924249942095e-01,3.920880405981226891e-01,2.756246298880610790e-01,0.000000000000000000e+00,2.660050079050660932e-01,0.000000000000000000e+00,3.439265681699905097e-01
3.114209782984265207e-01,0.000000000000000000e+00,0.000000000000000000e+00,0.000000000000000000e+00,0.000000000000000000e+00,0.000000000000000000e+00,0.000000000000000000e+00,0.000000000000000000e+00,0.000000000000000000e+00,2.970428148289513959e-01,0.000000000000000000e+00,3.149939887195191135e-01,3.073659426095408098e-01,0.000000000000000000e+00,0.000000000000000000e+00,2.989660892293358740e-01,0.000000000000000000e+00,2.583270066813289079e-01,0.000000000000000000e+00,0.000000000000000000e+00,0.000000000000000000e+00,2.078017154140975875e-01,0.000000000000000000e+00,3.064187819435730264e-01,3.038804261272469165e-01,3.007705582207674810e-01,0.000000000000000000e+00,3.188440740944332163e-01,0.000000000000000000e+00,0.000000000000000000e+00,2.924353008718507119e-01,3.294256568117234218e-01,2.775209871798881012e-01,3.036999990422344919e-01,3.053273150686340864e-01,0.000000000000000000e+00,0.000000000000000000e+00,2.940966818022714979e-01,0.000000000000000000e+00,3.475726966816103936e-01,0.000000000000000000e+00,0.000000000000000000e+00,0.000000000000000000e+00,0.000000000000000000e+00,0.000000000000000000e+00,0.000000000000000000e+00,0.000000000000000000e+00,0.000000000000000000e+00,0.000000000000000000e+00,0.000000000000000000e+00,0.000000000000000000e+00,0.000000000000000000e+00,0.000000000000000000e+00,0.000000000000000000e+00,3.828423909719180229e-01,0.000000000000000000e+00,3.453703137372575727e-01,0.000000000000000000e+00,0.000000000000000000e+00,0.000000000000000000e+00,0.000000000000000000e+00,3.377840484348025862e-01,3.429891557440298833e-01,0.000000000000000000e+00,0.000000000000000000e+00,0.000000000000000000e+00,0.000000000000000000e+00,0.000000000000000000e+00,3.497801435219561883e-01,4.001538235717899128e-01,4.072868039789306893e-01,0.000000000000000000e+00,0.000000000000000000e+00,0.000000000000000000e+00,0.000000000000000000e+00,0.000000000000000000e+00
3.256182470635249904e-01,3.368848611545056104e-01,0.000000000000000000e+00,0.000000000000000000e+00,0.000000000000000000e+00,2.510931227037719871e-01,2.386571726914042124e-01,2.512662895775102934e-01,0.000000000000000000e+00,2.989377128220728763e-01,0.000000000000000000e+00,2.621784219442738206e-01,2.745500080425449796e-01,0.000000000000000000e+00,3.192327796322063094e-01,3.098140589820093105e-01,2.583270066813289079e-01,0.000000000000000000e+00,0.000000000000000000e+00,3.320659057341113218e-01,3.124665651597838267e-01,3.319513925949276190e-01,2.746029099990017763e-01,2.984018322704802828e-01,3.194850779598797930e-01,3.228289343357019781e-01,2.782951971909435884e-01,3.167610479086432895e-01,3.463183936040867827e-01,0.000000000000000000e+00,2.923683964853345252e-01,3.385349435013215724e-01,2.897788238136487782e-01,3.103612522314175837e-01,3.126331783363445749e-01,0.000000000000000000e+00,0.000000000000000000e+00,0.000000000000000000e+00,4.123128107507531004e-01,3.720241207907757919e-01,3.785607871409704117e-01,3.895807677369201860e-01,0.000000000000000000e+00,0.000000000000000000e+00,0.000000000000000000e+00,3.890358403816969735e-01,3.964312132172584935e-01,0.000000000000000000e+00,0.000000000000000000e+00,0.000000000000000000e+00,0.000000000000000000e+00,0.000000000000000000e+00,0.000000000000000000e+00,0.000000000000000000e+00,3.785011496954062138e-01,0.000000000000000000e+00,3.305402675447938199e-01,0.000000000000000000e+00,0.000000000000000000e+00,0.000000000000000000e+00,3.929850550179008195e-01,3.596625743860806801e-01,3.766057526899975749e-01,0.000000000000000000e+00,0.000000000000000000e+00,0.000000000000000000e+00,3.491738294832001932e-01,0.000000000000000000e+00,3.279165000953275233e-01,3.886953351256323130e-01,4.022469613675404010e-01,0.000000000000000000e+00,0.000000000000000000e+00,0.000000000000000000e+00,0.000000000000000000e+00,3.671613544108309202e-01
0.000000000000000000e+00,0.000000000000000000e+00,2.607566965177970930e-01,2.419821792439577068e-01,2.941764789416052017e-01,2.330979892581112878e-01,3.358698831016579955e-01,3.377227642758345860e-01,2.561836845558583264e-01,3.045668295355437039e-01,2.509615720261342831e-01,0.000000000000000000e+00,3.272858814700856933e-01,3.187030416232640162e-01,0.000000000000000000e+00,0.000000000000000000e+00,0.000000000000000000e+00,0.000000000000000000e+00,0.000000000000000000e+00,0.000000000000000000e+00,0.000000000000000000e+00,0.000000000000000000e+00,3.233241561254545093e-01,0.000000000000000000e+00,0.000000000000000000e+00,0.000000000000000000e+00,3.888544141171295099e-01,3.432942159886895883e-01,0.000000000000000000e+00,0.000000000000000000e+00,3.070678927749249110e-01,2.986277775155483094e-01,0.000000000000000000e+00,2.763665932178425155e-01,0.000000000000000000e+00,2.984234063102585988e-01,2.680558112947106775e-01,0.000000000000000000e+00,3.594663261950952204e-01,0.000000000000000000e+00,0.000000000000000000e+00,0.000000000000000000e+00,3.373032906895946925e-01,0.000000000000000000e+00,0.000000000000000000e+00,0.000000000000000000e+00,0.000000000000000000e+00,2.311812979802128076e-01,0.000000000000000000e+00,2.521280996428346133e-01,3.202311715550957838e-01,3.362761291783079032e-01,4.367432177525342740e-01,0.000000000000000000e+00,0.000000000000000000e+00,1.951009121482963071e-01,0.000000000000000000e+00,0.000000000000000000e+00,0.000000000000000000e+00,0.000000000000000000e+00,0.000000000000000000e+00,0.000000000000000000e+00,0.000000000000000000e+00,3.632664249981418236e-01,0.000000000000000000e+00,0.000000000000000000e+00,0.000000000000000000e+00,4.286950059855069162e-01,0.000000000000000000e+00,0.000000000000000000e+00,0.000000000000000000e+00,4.209001653793770781e-01,0.000000000000000000e+00,0.000000000000000000e+00,0.000000000000000000e+00,0.000000000000000000e+00
3.641398718811603152e-01,3.635714117060119821e-01,0.000000000000000000e+00,0.000000000000000000e+00,3.573695610256208965e-01,3.309367594141328084e-01,3.517012401936636112e-01,3.031093476957479882e-01,3.228182342628467261e-01,0.000000000000000000e+00,0.000000000000000000e+00,0.000000000000000000e+00,3.440186822962323920e-01,0.000000000000000000e+00,3.107394890648085828e-01,3.331320724817095069e-01,0.000000000000000000e+00,3.320659057341113218e-01,0.000000000000000000e+00,0.000000000000000000e+00,3.548329825293102813e-01,3.312290026202702187e-01,2.805160230392140241e-01,0.000000000000000000e+00,3.190754154170090118e-01,3.366162077464314728e-01,3.341895722684273262e-01,3.220418438278448980e-01,2.997598591449863736e-01,2.590758538365057206e-01,3.177229758397724924e-01,3.798916853117492165e-01,3.193421771454523772e-01,3.485858568230081889e-01,3.719836303425130275e-01,3.926992244191078729e-01,3.835614948690210801e-01,0.000000000000000000e+00,3.993312253754803809e-01,2.728449602000838081e-01,2.951340006032434071e-01,3.930452112057266079e-01,0.000000000000000000e+00,0.000000000000000000e+00,0.000000000000000000e+00,0.000000000000000000e+00,2.670598015609597087e-01,0.000000000000000000e+00,0.000000000000000000e+00,0.000000000000000000e+00,3.081087551757705212e-01,0.000000000000000000e+00,4.042122536912179931e-01,0.000000000000000000e+00,0.000000000000000000e+00,0.000000000000000000e+00,0.000000000000000000e+00,2.498668963329319925e-01,0.000000000000000000e+00,3.516740636107746898e-01,2.082969535221420865e-01,0.000000000000000000e+00,0.000000000000000000e+00,0.000000000000000000e+00,3.775689832037646965e-01,3.514907745828069752e-01,4.067605206665642070e-01,3.735952378370490101e-01,0.000000000000000000e+00,2.333385177956205092e-01,3.979568647485636768e-01,4.155170379917531021e-01,2.964141982818238041e-01,3.050061526156991887e-01,0.000000000000000000e+00,3.178399406907557179e-01
3.482758732856617856e-01,2.976879691230314151e-01,0.000000000000000000e+00,0.000000000000000000e+00,0.000000000000000000e+00,2.502042259180484729e-01,0.000000000000000000e+00,3.261495011546479139e-01,0.000000000000000000e+00,0.000000000000000000e+00,0.000000000000000000e+00,4.013464537768257068e-01,2.977259872428741905e-01,3.621862529507686168e-01,3.375169977464920201e-01,3.099604263779974778e-01,0.000000000000000000e+00,3.124665651597838267e-01,0.000000000000000000e+00,3.548329825293102813e-01,0.000000000000000000e+00,3.405248935328754056e-01,3.294342126147499772e-01,4.539136050750046114e-01,2.971909849401357939e-01,3.111543591542116904e-01,3.614884798041754221e-01,3.169828861014633015e-01,3.215144367950446003e-01,0.000000000000000000e+00,3.001892186208401925e-01,3.550527715713375221e-01,2.908476361520074827e-01,3.180970359770919909e-01,3.208004124743903951e-01,0.000000000000000000e+00,0.000000000000000000e+00,0.000000000000000000e+00,4.198967868024304217e-01,3.394968103264384141e-01,3.689671701796641834e-01,4.572657298543367776e-01,0.000000000000000000e+00,0.000000000000000000e+00,0.000000000000000000e+00,3.624865984184444945e-01,3.910872180575595269e-01,0.000000000000000000e+00,0.000000000000000000e+00,0.000000000000000000e+00,3.592436919791768268e-01,0.000000000000000000e+00,3.521018483902890184e-01,0.000000000000000000e+00,0.000000000000000000e+00,0.000000000000000000e+00,0.000000000000000000e+00,3.248141974263457077e-01,0.000000000000000000e+00,3.819033148214012185e-01,2.990660488430991193e-01,0.000000000000000000e+00,0.000000000000000000e+00,0.000000000000000000e+00,3.834178495181356783e-01,4.027001305196893921e-01,4.146541053159125134e-01,3.755509874313079921e-01,0.000000000000000000e+00,3.202980394216212723e-01,4.085430559289718877e-01,3.898512560275477767e-01,3.449140324961865178e-01,3.833548994638162899e-01,0.000000000000000000e+00,3.489253898128462095e-01
