0.000000000000000000e+00,4.365030096746617128e-01,0.000000000000000000e+00,0.000000000000000000e+00,0.000000000000000000e+00,4.560620119248329773e-01,0.000000000000000000e+00,5.291825051730623120e-01,0.000000000000000000e+00,4.820206885386814077e-01,0.000000000000000000e+00,4.446885517149237188e-01,4.521486645894879919e-01,0.000000000000000000e+00,4.122835376150020270e-01,4.406789799999518142e-01,4.406112055284371887e-01,4.219585875901731842e-01,0.000000000000000000e+00,4.073924735485833226e-01,4.257912840119504883e-01,4.248132280271372796e-01,4.859793680491554246e-01,3.938187257137613084e-01,4.089846778453544163e-01,4.109690006351031100e-01,4.625377324532183865e-01,4.797762047893827098e-01,4.492760968544626810e-01,0.000000000000000000e+00,4.010122159414682974e-01,4.425965166316663812e-01,3.621267845818246234e-01,4.283750033359938758e-01,4.944396356229394107e-01,0.000000000000000000e+00,0.000000000000000000e+00,0.000000000000000000e+00,4.604677708791202195e-01,4.366527476815140196e-01,4.657882639292286742e-01,0.000000000000000000e+00,0.000000000000000000e+00,0.000000000000000000e+00,0.000000000000000000e+00,4.241121068426594864e-01,4.850743218428115733e-01,0.000000000000000000e+00,0.000000000000000000e+00,0.000000000000000000e+00,0.000000000000000000e+00,0.000000000000000000e+00,0.000000000000000000e+00,0.000000000000000000e+00,4.296760553365447932e-01,0.000000000000000000e+00,0.000000000000000000e+00,0.000000000000000000e+00,0.000000000000000000e+00,0.000000000000000000e+00,4.847426234494258135e-01,0.000000000000000000e+00,4.898857175664240171e-01,0.000000000000000000e+00,0.000000000000000000e+00,3.300898533657525835e-01,4.640456911771829729e-01,0.000000000000000000e+00,0.000000000000000000e+00,4.727826744555619909e-01,4.999885437405168220e-01,0.000000000000000000e+00,0.000000000000000000e+00,0.000000000000000000e+00,0.000000000000000000e+00,4.140227458823232953e-01
4.365030096746617128e-01,0.000000000000000000e+00,0.000000000000000000e+00,0.000000000000000000e+00,3.476403250549451873e-01,4.123431631548338805e-01,3.817197324784677992e-01,4.873660844257483027e-01,3.394432132160645210e-01,0.000000000000000000e+00,0.000000000000000000e+00,0.000000000000000000e+00,4.329232396764020052e-01,0.000000000000000000e+00,4.286009279517877246e-01,4.296446374407715263e-01,4.043959829073949797e-01,4.411653705031898798e-01,0.000000000000000000e+00,4.156523780075863095e-01,4.381020054873808744e-01,4.323764780574737010e-01,4.343383207588377148e-01,0.000000000000000000e+00,4.157302020793438024e-01,4.167846006928571101e-01,4.238874492446583209e-01,4.435770262975360922e-01,4.107823218411247868e-01,0.000000000000000000e+00,3.900667802269128792e-01,4.484618406578744776e-01,3.896059957218888092e-01,4.078606539392797270e-01,4.680444858743885161e-01,0.000000000000000000e+00,0.000000000000000000e+00,0.000000000000000000e+00,4.786813071775148920e-01,4.755512244223010221e-01,4.836557651005827796e-01,5.120022592913163750e-01,0.000000000000000000e+00,0.000000000000000000e+00,0.000000000000000000e+00,4.831377331358466809e-01,4.815947979440297066e-01,0.000000000000000000e+00,0.000000000000000000e+00,0.000000000000000000e+00,3.614404694421776143e-01,0.000000000000000000e+00,0.000000000000000000e+00,0.000000000000000000e+00,0.000000000000000000e+00,0.000000000000000000e+00,0.000000000000000000e+00,0.000000000000000000e+00,0.000000000000000000e+00,5.038742116066868837e-01,4.887332173865057139e-01,0.000000000000000000e+00,5.027371301595625619e-01,0.000000000000000000e+00,4.388815215747076115e-01,4.931963881653365078e-01,4.768265533865482242e-01,4.120219752566727789e-01,0.000000000000000000e+00,4.767060857900407012e-01,5.112187444167530792e-01,3.997223463360146112e-01,0.000000000000000000e+00,4.532710430203745755e-01,0.000000000000000000e+00,4.431299075655059094e-01
0.000000000000000000e+00,0.000000000000000000e+00,0.000000000000000000e+00,3.021204469051503860e-01,3.864645871509412856e-01,4.470956637440965942e-01,4.398255466973665095e-01,4.581738502755934861e-01,3.395535589138350963e-01,3.184796858806375752e-01,3.332701181192915807e-01,2.912797528319592266e-01,4.503074638376318162e-01,4.348896697335520867e-01,0.000000000000000000e+00,0.000000000000000000e+00,0.000000000000000000e+00,0.000000000000000000e+00,3.178664363434419160e-01,0.000000000000000000e+00,0.000000000000000000e+00,0.000000000000000000e+00,3.460283899633060933e-01,0.000000000000000000e+00,0.000000000000000000e+00,0.000000000000000000e+00,4.185897404219114937e-01,4.604884412181725062e-01,0.000000000000000000e+00,0.000000000000000000e+00,4.756422296683904261e-01,4.499891004029579755e-01,0.000000000000000000e+00,4.629165914118236191e-01,4.406726785395900792e-01,4.170436897725651182e-01,3.640901361911981216e-01,0.000000000000000000e+00,4.322978509276321213e-01,0.000000000000000000e+00,4.450501922021261048e-01,0.000000000000000000e+00,4.892409189943061065e-01,0.000000000000000000e+00,0.000000000000000000e+00,0.000000000000000000e+00,0.000000000000000000e+00,3.752489092217141109e-01,0.000000000000000000e+00,4.528779784639230810e-01,5.623716683762260971e-01,4.260688387827105128e-01,5.831430473973503448e-01,5.632738547657983874e-01,0.000000000000000000e+00,3.934420430993125772e-01,0.000000000000000000e+00,4.555930484898382260e-01,5.225487137523040504e-01,0.000000000000000000e+00,0.000000000000000000e+00,0.000000000000000000e+00,0.000000000000000000e+00,3.378222890437718728e-01,0.000000000000000000e+00,0.000000000000000000e+00,0.000000000000000000e+00,5.762090856202682909e-01,0.000000000000000000e+00,0.000000000000000000e+00,0.000000000000000000e+00,5.827607450664524791e-01,4.522749795998107780e-01,0.000000000000000000e+00,0.000000000000000000e+00,0.000000000000000000e+00
0.000000000000000000e+00,0.000000000000000000e+00,3.021204469051503860e-01,0.000000000000000000e+00,2.293841591924042911e-01,3.502428113179649194e-01,2.275966071207612129e-01,4.258010868722051923e-01,3.832913706705260992e-01,0.000000000000000000e+00,3.700181782828000920e-01,2.518191719278451979e-01,3.299314556489987837e-01,2.961794859501912791e-01,0.000000000000000000e+00,0.000000000000000000e+00,0.000000000000000000e+00,0.000000000000000000e+00,3.036918631004936753e-01,0.000000000000000000e+00,0.000000000000000000e+00,0.000000000000000000e+00,4.062166345515321186e-01,0.000000000000000000e+00,0.000000000000000000e+00,0.000000000000000000e+00,3.370306560560973885e-01,2.554006441185605047e-01,0.000000000000000000e+00,0.000000000000000000e+00,0.000000000000000000e+00,2.732595080614326211e-01,0.000000000000000000e+00,2.193069610164347094e-01,2.679883047523123896e-01,1.961675218430397050e-01,1.827823736830289925e-01,0.000000000000000000e+00,0.000000000000000000e+00,0.000000000000000000e+00,0.000000000000000000e+00,0.000000000000000000e+00,0.000000000000000000e+00,0.000000000000000000e+00,0.000000000000000000e+00,0.000000000000000000e+00,0.000000000000000000e+00,0.000000000000000000e+00,0.000000000000000000e+00,0.000000000000000000e+00,0.000000000000000000e+00,0.000000000000000000e+00,0.000000000000000000e+00,0.000000000000000000e+00,0.000000000000000000e+00,0.000000000000000000e+00,0.000000000000000000e+00,0.000000000000000000e+00,0.000000000000000000e+00,0.000000000000000000e+00,0.000000000000000000e+00,0.000000000000000000e+00,0.000000000000000000e+00,0.000000000000000000e+00,0.000000000000000000e+00,0.000000000000000000e+00,0.000000000000000000e+00,0.000000000000000000e+00,0.000000000000000000e+00,0.000000000000000000e+00,0.000000000000000000e+00,0.000000000000000000e+00,0.000000000000000000e+00,0.000000000000000000e+00,0.000000000000000000e+00,0.000000000000000000e+00
0.000000000000000000e+00,3.476403250549451873e-01,3.864645871509412856e-01,2.293841591924042911e-01,0.000000000000000000e+00,3.764960994754564250e-01,3.482135888676697877e-01,3.670838355545081866e-01,3.404096884263376199e-01,3.861695256063257808e-01,3.276005259512639878e-01,2.794345761022696828e-01,3.706599331874241843e-01,2.932790247733246813e-01,0.000000000000000000e+00,3.531586543217312135e-01,0.000000000000000000e+00,0.000000000000000000e+00,3.450886917393680142e-01,0.000000000000000000e+00,0.000000000000000000e+00,4.484770765164435846e-01,4.012667685323392797e-01,0.000000000000000000e+00,2.968151795782910107e-01,3.330809374695613001e-01,3.949496301111534158e-01,3.726236309309814976e-01,4.331771771458696185e-01,0.000000000000000000e+00,4.304207558370142239e-01,3.477538368926710866e-01,0.000000000000000000e+00,4.157212060919914243e-01,3.879925621122495838e-01,2.324313011712356991e-01,2.155096557367753018e-01,2.983876777092487886e-01,3.343888315341754236e-01,0.000000000000000000e+00,0.000000000000000000e+00,0.000000000000000000e+00,3.181206458635568168e-01,0.000000000000000000e+00,0.000000000000000000e+00,0.000000000000000000e+00,0.000000000000000000e+00,3.580745325885091868e-01,0.000000000000000000e+00,3.073850745163196896e-01,4.540971032898064030e-01,0.000000000000000000e+00,0.000000000000000000e+00,3.432936136595837184e-01,0.000000000000000000e+00,3.392410658073081176e-01,0.000000000000000000e+00,0.000000000000000000e+00,0.000000000000000000e+00,0.000000000000000000e+00,0.000000000000000000e+00,0.000000000000000000e+00,0.000000000000000000e+00,3.166755872503627112e-01,0.000000000000000000e+00,0.000000000000000000e+00,0.000000000000000000e+00,4.888346585425514812e-01,0.000000000000000000e+00,0.000000000000000000e+00,0.000000000000000000e+00,4.246443645537690825e-01,0.000000000000000000e+00,0.000000000000000000e+00,0.000000000000000000e+00,0.000000000000000000e+00
4.560620119248329773e-01,4.123431631548338805e-01,4.470956637440965942e-01,3.502428113179649194e-01,3.764960994754564250e-01,0.000000000000000000e+00,4.288060371617717914e-01,4.377718478940986757e-01,3.715471245021451097e-01,4.251972863277241887e-01,3.693620169284004828e-01,3.089066115850319094e-01,4.257219051799098763e-01,4.379989610688103108e-01,4.366051658893128073e-01,4.459832107892048869e-01,2.901984227583950804e-01,4.254666050351709194e-01,3.931528149923779192e-01,4.116941235538382760e-01,4.486879671084110233e-01,4.408176105316916060e-01,4.364398570270054956e-01,0.000000000000000000e+00,4.124927364950554121e-01,4.333236488123856089e-01,3.993039961608564892e-01,4.265323114566135221e-01,3.831984494825186882e-01,4.251384487610753160e-01,4.519978390413889047e-01,4.218410635425273725e-01,3.747989450951034196e-01,4.381456602368841158e-01,4.517730776691200045e-01,4.374778939331652738e-01,4.323947154603791088e-01,3.223804385024843788e-01,5.175940452921035106e-01,0.000000000000000000e+00,5.203987419141594684e-01,3.552925397797018769e-01,5.019034297840244685e-01,0.000000000000000000e+00,0.000000000000000000e+00,0.000000000000000000e+00,3.101786961120689967e-01,5.645851627972968689e-01,0.000000000000000000e+00,4.219979041535992237e-01,5.331771336822643814e-01,5.033850670570743091e-01,5.199471282242255077e-01,5.548220377353723087e-01,0.000000000000000000e+00,5.082517825107611964e-01,0.000000000000000000e+00,5.433841596035822175e-01,0.000000000000000000e+00,4.299409885188782976e-01,0.000000000000000000e+00,0.000000000000000000e+00,0.000000000000000000e+00,4.995475987898375103e-01,4.538873477897192865e-01,4.453275590941994100e-01,4.112684171208971784e-01,5.371760817847717195e-01,0.000000000000000000e+00,0.000000000000000000e+00,3.827072113478660054e-01,5.402619015692868842e-01,5.505665589890772482e-01,5.051158650030063146e-01,4.970175080514286914e-01,5.210469684077715380e-01
0.000000000000000000e+00,3.817197324784677992e-01,4.398255466973665095e-01,2.275966071207612129e-01,3.482135888676697877e-01,4.288060371617717914e-01,0.000000000000000000e+00,4.319159656815210746e-01,3.839933123125757186e-01,3.581121970770347884e-01,4.053001430158985063e-01,3.253670300494261869e-01,3.703931027151579070e-01,3.243787379809884852e-01,0.000000000000000000e+00,4.848262742146914883e-01,3.561899889518774787e-01,4.588475344444991055e-01,4.183718956118738785e-01,4.467021980809693926e-01,0.000000000000000000e+00,4.698129292207052776e-01,4.388897714623746782e-01,3.442805063667770948e-01,4.360673719243107760e-01,3.867780328857163274e-01,4.396095733775032821e-01,4.050999885518130061e-01,4.614796097413991216e-01,0.000000000000000000e+00,4.317504752028457071e-01,3.872001808772295162e-01,3.021565991305337207e-01,4.121605112829915263e-01,3.648325258027935725e-01,2.962104754235306836e-01,2.319801954075123018e-01,3.257443643357281204e-01,3.448128751955685800e-01,0.000000000000000000e+00,0.000000000000000000e+00,0.000000000000000000e+00,3.153856722606602214e-01,0.000000000000000000e+00,0.000000000000000000e+00,0.000000000000000000e+00,0.000000000000000000e+00,4.092497787533945774e-01,0.000000000000000000e+00,0.000000000000000000e+00,4.580030127887577129e-01,0.000000000000000000e+00,4.711463295666528106e-01,3.794467340607315942e-01,0.000000000000000000e+00,2.702992220588458228e-01,0.000000000000000000e+00,0.000000000000000000e+00,0.000000000000000000e+00,0.000000000000000000e+00,0.000000000000000000e+00,0.000000000000000000e+00,0.000000000000000000e+00,2.795407896941100034e-01,0.000000000000000000e+00,0.000000000000000000e+00,0.000000000000000000e+00,5.306383939234581293e-01,0.000000000000000000e+00,0.000000000000000000e+00,0.000000000000000000e+00,4.864959444050310222e-01,0.000000000000000000e+00,0.000000000000000000e+00,0.000000000000000000e+00,0.000000000000000000e+00
5.291825051730623120e-01,4.873660844257483027e-01,4.581738502755934861e-01,4.258010868722051923e-01,3.670838355545081866e-01,4.377718478940986757e-01,4.319159656815210746e-01,0.000000000000000000e+00,4.516499057194612865e-01,4.135108832615712049e-01,3.614499869890108186e-01,4.386567276181860264e-01,4.430820586233438774e-01,3.871176672755264891e-01,4.418278054352576256e-01,4.719658237010416757e-01,0.000000000000000000e+00,5.042926579334932047e-01,4.179879517071239947e-01,4.323717539707995772e-01,4.531024133076564930e-01,4.292278643132446114e-01,4.098552200741434892e-01,5.525230171462467421e-01,5.173240720478493593e-01,5.254184919932068931e-01,4.748851034433930751e-01,4.568842720135450897e-01,4.036784814290588219e-01,4.333973850289196128e-01,4.598710916047801245e-01,4.337639838332861819e-01,5.014228332564391044e-01,4.585658855851890148e-01,4.857447326551235234e-01,2.647217256921500228e-01,4.513112772830554786e-01,0.000000000000000000e+00,4.918646786507763213e-01,0.000000000000000000e+00,0.000000000000000000e+00,0.000000000000000000e+00,4.709014275356426804e-01,0.000000000000000000e+00,0.000000000000000000e+00,0.000000000000000000e+00,0.000000000000000000e+00,5.155700899713678842e-01,0.000000000000000000e+00,4.228369750067447752e-01,4.999203116830300275e-01,4.600768942776660153e-01,4.693860659197939822e-01,5.237302089949510409e-01,0.000000000000000000e+00,4.598087630943865078e-01,0.000000000000000000e+00,4.887719399213477089e-01,5.279760580915007218e-01,5.104777668444823169e-01,0.000000000000000000e+00,0.000000000000000000e+00,0.000000000000000000e+00,4.995160660093094229e-01,5.318074142437682061e-01,3.969307206745811833e-01,0.000000000000000000e+00,5.158571807571393775e-01,0.000000000000000000e+00,0.000000000000000000e+00,0.000000000000000000e+00,5.276201448956575613e-01,5.092121660963365715e-01,4.734061440696685774e-01,0.000000000000000000e+00,5.118150343734882979e-01
0.000000000000000000e+00,3.394432132160645210e-01,3.395535589138350963e-01,3.832913706705260992e-01,3.404096884263376199e-01,3.715471245021451097e-01,3.839933123125757186e-01,4.516499057194612865e-01,0.000000000000000000e+00,4.226559547286308782e-01,3.292856882610620262e-01,2.888060595922423146e-01,3.769356114611142061e-01,3.855089586977828997e-01,0.000000000000000000e+00,3.679144541854847961e-01,0.000000000000000000e+00,2.662028282074541119e-01,3.142826559641280215e-01,4.048073873203609785e-01,0.000000000000000000e+00,4.229011512326115163e-01,4.268122257254494123e-01,3.145682281380735024e-01,2.452794350706571092e-01,2.752290675120082075e-01,3.970099925687011755e-01,4.411388882093458252e-01,4.222677058880109913e-01,0.000000000000000000e+00,4.597103191184874205e-01,4.242834816353230898e-01,3.008062017573167046e-01,4.488565602524909881e-01,4.351730986951036773e-01,3.882406893741648934e-01,4.244021493141595935e-01,3.553921721727962835e-01,3.424164975034095781e-01,0.000000000000000000e+00,2.243521089883873942e-01,0.000000000000000000e+00,4.395198508108261737e-01,0.000000000000000000e+00,0.000000000000000000e+00,0.000000000000000000e+00,0.000000000000000000e+00,5.287743188910405401e-01,0.000000000000000000e+00,3.690827351084253194e-01,5.290459903385288376e-01,3.868979202579281851e-01,5.377525786560803933e-01,5.312702069292772888e-01,0.000000000000000000e+00,3.965585348163824242e-01,0.000000000000000000e+00,3.943753395684935215e-01,4.608348857088508943e-01,0.000000000000000000e+00,0.000000000000000000e+00,0.000000000000000000e+00,0.000000000000000000e+00,4.852733527067608077e-01,0.000000000000000000e+00,0.000000000000000000e+00,0.000000000000000000e+00,5.409243614230682118e-01,0.000000000000000000e+00,0.000000000000000000e+00,0.000000000000000000e+00,5.444937700020842097e-01,4.004458175676494092e-01,0.000000000000000000e+00,0.000000000000000000e+00,0.000000000000000000e+00
4.820206885386814077e-01,0.000000000000000000e+00,3.184796858806375752e-01,0.000000000000000000e+00,3.861695256063257808e-01,4.251972863277241887e-01,3.581121970770347884e-01,4.135108832615712049e-01,4.226559547286308782e-01,0.000000000000000000e+00,3.885793891894168128e-01,3.244092952331559809e-01,4.298236403821342755e-01,0.000000000000000000e+00,0.000000000000000000e+00,4.042098964302011099e-01,3.450860682285287195e-01,3.703020267578615021e-01,3.342633150110880247e-01,3.616058340243989977e-01,0.000000000000000000e+00,3.420476328322945014e-01,3.848791252892593828e-01,3.539107362834373882e-01,4.060244582270163272e-01,4.072946472438397914e-01,3.157321533740305997e-01,4.257048401486409062e-01,3.408672639902409762e-01,0.000000000000000000e+00,3.550369794555360836e-01,3.509598580679689217e-01,3.687687300466728213e-01,3.695704505547086072e-01,3.873059920007292933e-01,3.161844094769851177e-01,2.952886963787356156e-01,3.458549091896188088e-01,4.708270812266742156e-01,4.111240786320605745e-01,4.229001460914253996e-01,0.000000000000000000e+00,0.000000000000000000e+00,0.000000000000000000e+00,3.573929393950955880e-01,4.207070956210212098e-01,0.000000000000000000e+00,0.000000000000000000e+00,0.000000000000000000e+00,0.000000000000000000e+00,0.000000000000000000e+00,0.000000000000000000e+00,0.000000000000000000e+00,0.000000000000000000e+00,4.634383210985497104e-01,0.000000000000000000e+00,4.700128853853628996e-01,4.186792717615113180e-01,0.000000000000000000e+00,0.000000000000000000e+00,0.000000000000000000e+00,4.485531348838410204e-01,4.719030279751875168e-01,0.000000000000000000e+00,0.000000000000000000e+00,0.000000000000000000e+00,0.000000000000000000e+00,0.000000000000000000e+00,4.723262164307300837e-01,4.742725691940097854e-01,5.021024040547105161e-01,0.000000000000000000e+00,4.171789845532167251e-01,0.000000000000000000e+00,0.000000000000000000e+00,4.586424879708584923e-01
0.000000000000000000e+00,0.000000000000000000e+00,3.332701181192915807e-01,3.700181782828000920e-01,3.276005259512639878e-01,3.693620169284004828e-01,4.053001430158985063e-01,3.614499869890108186e-01,3.292856882610620262e-01,3.885793891894168128e-01,0.000000000000000000e+00,3.006891743429507269e-01,3.992231472264454184e-01,3.349105266644871737e-01,0.000000000000000000e+00,0.000000000000000000e+00,0.000000000000000000e+00,0.000000000000000000e+00,2.624345429905157734e-01,0.000000000000000000e+00,0.000000000000000000e+00,0.000000000000000000e+00,2.702671666421322949e-01,0.000000000000000000e+00,0.000000000000000000e+00,0.000000000000000000e+00,4.298435296841364162e-01,4.111723432061005212e-01,0.000000000000000000e+00,0.000000000000000000e+00,4.373966631357382173e-01,3.982911689099976060e-01,2.475387829896195102e-01,4.217634108924471215e-01,4.038404371901351819e-01,3.243409051617522909e-01,3.697504330186632271e-01,2.914440913890448126e-01,3.123051007061022899e-01,0.000000000000000000e+00,0.000000000000000000e+00,0.000000000000000000e+00,3.937487273301186752e-01,0.000000000000000000e+00,0.000000000000000000e+00,0.000000000000000000e+00,0.000000000000000000e+00,4.673100531236549782e-01,0.000000000000000000e+00,2.555245698400255838e-01,4.793520113329048926e-01,2.984645771362572919e-01,4.377916702361174806e-01,4.052228365271272059e-01,0.000000000000000000e+00,2.603993730658136219e-01,0.000000000000000000e+00,2.877109353751357013e-01,4.374016567644469777e-01,0.000000000000000000e+00,0.000000000000000000e+00,0.000000000000000000e+00,0.000000000000000000e+00,2.300703235441126093e-01,0.000000000000000000e+00,0.000000000000000000e+00,0.000000000000000000e+00,5.315065497036537412e-01,0.000000000000000000e+00,0.000000000000000000e+00,0.000000000000000000e+00,5.137684480151090138e-01,2.664023439870483734e-01,0.000000000000000000e+00,0.000000000000000000e+00,0.000000000000000000e+00
4.446885517149237188e-01,0.000000000000000000e+00,2.912797528319592266e-01,2.518191719278451979e-01,2.794345761022696828e-01,3.089066115850319094e-01,3.253670300494261869e-01,4.386567276181860264e-01,2.888060595922423146e-01,3.244092952331559809e-01,3.006891743429507269e-01,0.000000000000000000e+00,3.511027664076297183e-01,0.000000000000000000e+00,0.000000000000000000e+00,0.000000000000000000e+00,3.947479599550358098e-01,4.058887384149539868e-01,2.795392423342826227e-01,0.000000000000000000e+00,4.524576162994953243e-01,0.000000000000000000e+00,3.771146559946317867e-01,3.341390640753277852e-01,4.300441993783519212e-01,3.776018474817335879e-01,3.088027482453236106e-01,3.846570419289970233e-01,0.000000000000000000e+00,0.000000000000000000e+00,3.437212487570048824e-01,2.558252084519276881e-01,2.873589815942517167e-01,2.875201538555934855e-01,3.495590967721480813e-01,3.000103709907976923e-01,2.952691593407846260e-01,2.601188711308213275e-01,2.222586786376332113e-01,4.371520341392278741e-01,4.553637891384663128e-01,3.258775816423454819e-01,0.000000000000000000e+00,0.000000000000000000e+00,3.732119587596212096e-01,0.000000000000000000e+00,0.000000000000000000e+00,0.000000000000000000e+00,0.000000000000000000e+00,0.000000000000000000e+00,0.000000000000000000e+00,0.000000000000000000e+00,0.000000000000000000e+00,0.000000000000000000e+00,4.757943817485886795e-01,0.000000000000000000e+00,4.591582756523853726e-01,4.091640268891528209e-01,0.000000000000000000e+00,0.000000000000000000e+00,0.000000000000000000e+00,4.501770366442860993e-01,4.757295335357190069e-01,0.000000000000000000e+00,0.000000000000000000e+00,0.000000000000000000e+00,0.000000000000000000e+00,0.000000000000000000e+00,4.760259882581491242e-01,4.941481628354357225e-01,5.193210813021713612e-01,0.000000000000000000e+00,4.349118015288288008e-01,0.000000000000000000e+00,0.000000000000000000e+00,4.694513179205089815e-01
4.521486645894879919e-01,4.329232396764020052e-01,4.503074638376318162e-01,3.299314556489987837e-01,3.706599331874241843e-01,4.257219051799098763e-01,3.703931027151579070e-01,4.430820586233438774e-01,3.769356114611142061e-01,4.298236403821342755e-01,3.992231472264454184e-01,3.511027664076297183e-01,0.000000000000000000e+00,3.402226138621616269e-01,4.798124122267674041e-01,4.818166134800028755e-01,3.884905511111825804e-01,4.501888496061928202e-01,4.195109819951056140e-01,4.524021464435865059e-01,4.854192094521257994e-01,4.772913657994131142e-01,4.491279272560553815e-01,3.323388282691182027e-01,4.473266837418373165e-01,4.388029855252498779e-01,4.491747920029721119e-01,3.786921862962402963e-01,4.523825861322843256e-01,4.383238584227561740e-01,4.246166838310282965e-01,4.022100552754567793e-01,3.468684820926242751e-01,4.148664202984855831e-01,4.174274708106053833e-01,3.650367393676238748e-01,3.530732326314501845e-01,3.596209720953568167e-01,4.647587590628958210e-01,0.000000000000000000e+00,3.808319359152163019e-01,2.729891594859293891e-01,3.329124227094040767e-01,0.000000000000000000e+00,0.000000000000000000e+00,0.000000000000000000e+00,0.000000000000000000e+00,3.819487037630103221e-01,0.000000000000000000e+00,0.000000000000000000e+00,5.029260297763125109e-01,3.636936523369335150e-01,4.856601010353279180e-01,0.000000000000000000e+00,0.000000000000000000e+00,2.646271058937134102e-01,3.155650229137934026e-01,0.000000000000000000e+00,0.000000000000000000e+00,3.914515618497568239e-01,0.000000000000000000e+00,0.000000000000000000e+00,0.000000000000000000e+00,0.000000000000000000e+00,4.184246816854781947e-01,0.000000000000000000e+00,3.342344276769448896e-01,5.216418043180526265e-01,0.000000000000000000e+00,3.090479219755657980e-01,3.277863092423777824e-01,5.131138852233039227e-01,0.000000000000000000e+00,4.277159333967822108e-01,0.000000000000000000e+00,0.000000000000000000e+00
0.000000000000000000e+00,0.000000000000000000e+00,4.348896697335520867e-01,2.961794859501912791e-01,2.932790247733246813e-01,4.379989610688103108e-01,3.243787379809884852e-01,3.871176672755264891e-01,3.855089586977828997e-01,0.000000000000000000e+00,3.349105266644871737e-01,0.000000000000000000e+00,3.402226138621616269e-01,0.000000000000000000e+00,0.000000000000000000e+00,0.000000000000000000e+00,0.000000000000000000e+00,0.000000000000000000e+00,3.829622625565137772e-01,0.000000000000000000e+00,4.919778000029925158e-01,0.000000000000000000e+00,4.231364617129638739e-01,0.000000000000000000e+00,0.000000000000000000e+00,0.000000000000000000e+00,4.676677616190125231e-01,2.512404374107641836e-01,0.000000000000000000e+00,0.000000000000000000e+00,3.812101833025415831e-01,2.191247977077405984e-01,0.000000000000000000e+00,4.160336776006561821e-01,0.000000000000000000e+00,2.116464507968645881e-01,1.782467320691726864e-01,0.000000000000000000e+00,0.000000000000000000e+00,0.000000000000000000e+00,0.000000000000000000e+00,0.000000000000000000e+00,3.714258797599159223e-01,0.000000000000000000e+00,0.000000000000000000e+00,0.000000000000000000e+00,0.000000000000000000e+00,4.723537223296851995e-01,0.000000000000000000e+00,0.000000000000000000e+00,0.000000000000000000e+00,0.000000000000000000e+00,0.000000000000000000e+00,4.983783786237792057e-01,0.000000000000000000e+00,3.886849378875358862e-01,0.000000000000000000e+00,0.000000000000000000e+00,0.000000000000000000e+00,0.000000000000000000e+00,0.000000000000000000e+00,0.000000000000000000e+00,0.000000000000000000e+00,0.000000000000000000e+00,0.000000000000000000e+00,0.000000000000000000e+00,0.000000000000000000e+00,4.184287532442670932e-01,0.000000000000000000e+00,0.000000000000000000e+00,0.000000000000000000e+00,3.495188474974412207e-01,0.000000000000000000e+00,0.000000000000000000e+00,0.000000000000000000e+00,0.000000000000000000e+00
4.122835376150020270e-01,4.286009279517877246e-01,0.000000000000000000e+00,0.000000000000000000e+00,0.000000000000000000e+00,4.366051658893128073e-01,0.000000000000000000e+00,4.418278054352576256e-01,0.000000000000000000e+00,0.000000000000000000e+00,0.000000000000000000e+00,0.000000000000000000e+00,4.798124122267674041e-01,0.000000000000000000e+00,0.000000000000000000e+00,4.291515138016411268e-01,0.000000000000000000e+00,4.301819754750682012e-01,0.000000000000000000e+00,3.625746085205914238e-01,3.939842238806925967e-01,3.586236437561666768e-01,3.786346062996667761e-01,4.525044076452118813e-01,4.074659733572966736e-01,3.974304914482830187e-01,3.852125700888390791e-01,4.387641154978085267e-01,3.993343479383216765e-01,0.000000000000000000e+00,4.098132069701416191e-01,4.351224951385748163e-01,4.039893480776862167e-01,4.283475399358037117e-01,4.829307603205194033e-01,4.698304662846716773e-01,0.000000000000000000e+00,0.000000000000000000e+00,4.957148937663140020e-01,4.882838551371848079e-01,4.998491636850846964e-01,5.136186700891511858e-01,4.416341516289690738e-01,0.000000000000000000e+00,0.000000000000000000e+00,0.000000000000000000e+00,4.840615423952341900e-01,0.000000000000000000e+00,0.000000000000000000e+00,0.000000000000000000e+00,4.607922400048763967e-01,0.000000000000000000e+00,4.863538779189148786e-01,0.000000000000000000e+00,0.000000000000000000e+00,0.000000000000000000e+00,0.000000000000000000e+00,4.065930262334764844e-01,0.000000000000000000e+00,4.870869138125534792e-01,4.660256572979685208e-01,0.000000000000000000e+00,0.000000000000000000e+00,0.000000000000000000e+00,4.782810410502467136e-01,4.890452454588771758e-01,4.961956061568473797e-01,5.056457169244749084e-01,0.000000000000000000e+00,3.552739559121332880e-01,5.309044237700565327e-01,5.027958458764614225e-01,3.457568980411352966e-01,4.757884843666406738e-01,0.000000000000000000e+00,4.306295940575182168e-01
4.406789799999518142e-01,4.296446374407715263e-01,0.000000000000000000e+00,0.000000000000000000e+00,3.531586543217312135e-01,4.459832107892048869e-01,4.848262742146914883e-01,4.719658237010416757e-01,3.679144541854847961e-01,4.042098964302011099e-01,0.000000000000000000e+00,0.000000000000000000e+00,4.818166134800028755e-01,0.000000000000000000e+00,4.291515138016411268e-01,0.000000000000000000e+00,4.003280537998146760e-01,3.501476727982563153e-01,0.000000000000000000e+00,4.145804337816629825e-01,4.266713845732432175e-01,3.976916002649498183e-01,4.386014705853423234e-01,4.184173801019244188e-01,4.368459417223695129e-01,4.511216812902398843e-01,4.458523488806354074e-01,4.785434096563784268e-01,4.499702129868188849e-01,4.148088025091389852e-01,3.915484411830116862e-01,4.516350641095958074e-01,4.021566752255438804e-01,4.004268706849479775e-01,4.692584351763057771e-01,0.000000000000000000e+00,0.000000000000000000e+00,0.000000000000000000e+00,4.764995214943226198e-01,4.737907068421661760e-01,4.818965165181032795e-01,5.090087371477483025e-01,0.000000000000000000e+00,0.000000000000000000e+00,0.000000000000000000e+00,4.724537067100466059e-01,4.894167315615107205e-01,0.000000000000000000e+00,0.000000000000000000e+00,0.000000000000000000e+00,0.000000000000000000e+00,0.000000000000000000e+00,0.000000000000000000e+00,0.000000000000000000e+00,0.000000000000000000e+00,0.000000000000000000e+00,0.000000000000000000e+00,0.000000000000000000e+00,0.000000000000000000e+00,4.952706687094320936e-01,4.900961221756480191e-01,0.000000000000000000e+00,4.986540814569180857e-01,0.000000000000000000e+00,3.772218970976826125e-01,4.460341849914020163e-01,4.783597009300649128e-01,3.588709621054140264e-01,0.000000000000000000e+00,4.834583600418236871e-01,5.056198379995120451e-01,3.483912606853173943e-01,0.000000000000000000e+00,3.779107385637648919e-01,0.000000000000000000e+00,4.757474361572794908e-01
4.406112055284371887e-01,4.043959829073949797e-01,0.000000000000000000e+00,0.000000000000000000e+00,0.000000000000000000e+00,2.901984227583950804e-01,3.561899889518774787e-01,0.000000000000000000e+00,0.000000000000000000e+00,3.450860682285287195e-01,0.000000000000000000e+00,3.947479599550358098e-01,3.884905511111825804e-01,0.000000000000000000e+00,0.000000000000000000e+00,4.003280537998146760e-01,0.000000000000000000e+00,3.502735114858762100e-01,0.000000000000000000e+00,3.325119396568944063e-01,0.000000000000000000e+00,4.067971287631824140e-01,0.000000000000000000e+00,4.007002897139583797e-01,3.551589717566084881e-01,4.229352146820484215e-01,0.000000000000000000e+00,4.093609157347924965e-01,3.565948403581081227e-01,0.000000000000000000e+00,3.585079648526077190e-01,4.101027391083563733e-01,3.638820390679807781e-01,3.930306637994696040e-01,4.337670143660034006e-01,0.000000000000000000e+00,0.000000000000000000e+00,3.137577956258835732e-01,0.000000000000000000e+00,4.408390276419558163e-01,0.000000000000000000e+00,0.000000000000000000e+00,0.000000000000000000e+00,0.000000000000000000e+00,0.000000000000000000e+00,0.000000000000000000e+00,0.000000000000000000e+00,0.000000000000000000e+00,0.000000000000000000e+00,0.000000000000000000e+00,0.000000000000000000e+00,0.000000000000000000e+00,0.000000000000000000e+00,0.000000000000000000e+00,4.829584901183162082e-01,0.000000000000000000e+00,5.006785944332508009e-01,0.000000000000000000e+00,0.000000000000000000e+00,0.000000000000000000e+00,0.000000000000000000e+00,4.472191554129067992e-01,4.773639816759360777e-01,0.000000000000000000e+00,0.000000000000000000e+00,0.000000000000000000e+00,0.000000000000000000e+00,0.000000000000000000e+00,4.941022603840680150e-01,4.729523691835801902e-01,4.993003445726799105e-01,0.000000000000000000e+00,0.000000000000000000e+00,0.000000000000000000e+00,0.000000000000000000e+00,0.000000000000000000e+00
4.219585875901731842e-01,4.411653705031898798e-01,0.000000000000000000e+00,0.000000000000000000e+00,0.000000000000000000e+00,4.254666050351709194e-01,4.588475344444991055e-01,5.042926579334932047e-01,2.662028282074541119e-01,3.703020267578615021e-01,0.000000000000000000e+00,4.058887384149539868e-01,4.501888496061928202e-01,0.000000000000000000e+00,4.301819754750682012e-01,3.501476727982563153e-01,3.502735114858762100e-01,0.000000000000000000e+00,0.000000000000000000e+00,4.293079343922536206e-01,4.558005525546400261e-01,4.411308916310249795e-01,4.965933465020522797e-01,3.905945789349979935e-01,3.959307103457516130e-01,4.018272959751718054e-01,4.488676056387463920e-01,4.682626069046262884e-01,4.473369590727124256e-01,3.728759796343480981e-01,4.002034149644999039e-01,4.320058723798119171e-01,3.643867774764891210e-01,4.046661777320443854e-01,4.661637847196433149e-01,0.000000000000000000e+00,0.000000000000000000e+00,0.000000000000000000e+00,4.519850476324466237e-01,4.477155282751977272e-01,4.605858357282570092e-01,5.044591084543315063e-01,0.000000000000000000e+00,0.000000000000000000e+00,0.000000000000000000e+00,4.726385754492801738e-01,4.751079364142397066e-01,0.000000000000000000e+00,0.000000000000000000e+00,0.000000000000000000e+00,0.000000000000000000e+00,0.000000000000000000e+00,0.000000000000000000e+00,0.000000000000000000e+00,4.886225516170550898e-01,0.000000000000000000e+00,5.392710447476181113e-01,0.000000000000000000e+00,0.000000000000000000e+00,0.000000000000000000e+00,4.813160166329628065e-01,4.987226302879866902e-01,4.659131350712351072e-01,0.000000000000000000e+00,0.000000000000000000e+00,0.000000000000000000e+00,4.615247640120442862e-01,0.000000000000000000e+00,5.026577731023581519e-01,4.738583875361889186e-01,4.911702419292245936e-01,0.000000000000000000e+00,0.000000000000000000e+00,0.000000000000000000e+00,0.000000000000000000e+00,4.641761576345317941e-01
0.000000000000000000e+00,0.000000000000000000e+00,3.178664363434419160e-01,3.036918631004936753e-01,3.450886917393680142e-01,3.931528149923779192e-01,4.183718956118738785e-01,4.179879517071239947e-01,3.142826559641280215e-01,3.342633150110880247e-01,2.624345429905157734e-01,2.795392423342826227e-01,4.195109819951056140e-01,3.829622625565137772e-01,0.000000000000000000e+00,0.000000000000000000e+00,0.000000000000000000e+00,0.000000000000000000e+00,0.000000000000000000e+00,0.000000000000000000e+00,0.000000000000000000e+00,0.000000000000000000e+00,2.469415139392804881e-01,0.000000000000000000e+00,0.000000000000000000e+00,0.000000000000000000e+00,4.372219268700330841e-01,4.302964600501860137e-01,0.000000000000000000e+00,0.000000000000000000e+00,4.526852693003405870e-01,4.142750618391021766e-01,0.000000000000000000e+00,4.288998698875308158e-01,3.968661309397535919e-01,3.743361150085607880e-01,3.766367616889566006e-01,2.982929652717777880e-01,3.394485195375797071e-01,0.000000000000000000e+00,0.000000000000000000e+00,0.000000000000000000e+00,4.220537000682307860e-01,0.000000000000000000e+00,0.000000000000000000e+00,0.000000000000000000e+00,0.000000000000000000e+00,5.268744599810694096e-01,0.000000000000000000e+00,3.555679221315879990e-01,5.263236179041694829e-01,3.460600294132222254e-01,5.233528814653372052e-01,5.219940241772476064e-01,0.000000000000000000e+00,2.604507668964936018e-01,0.000000000000000000e+00,3.918633931422640937e-01,4.642171478916911065e-01,0.000000000000000000e+00,0.000000000000000000e+00,0.000000000000000000e+00,0.000000000000000000e+00,5.272549831116134511e-01,0.000000000000000000e+00,0.000000000000000000e+00,0.000000000000000000e+00,5.509638614983736193e-01,0.000000000000000000e+00,0.000000000000000000e+00,0.000000000000000000e+00,5.345589761576523546e-01,0.000000000000000000e+00,0.000000000000000000e+00,0.000000000000000000e+00,0.000000000000000000e+00
4.073924735485833226e-01,4.156523780075863095e-01,0.000000000000000000e+00,0.000000000000000000e+00,0.000000000000000000e+00,4.116941235538382760e-01,4.467021980809693926e-01,4.323717539707995772e-01,4.048073873203609785e-01,3.616058340243989977e-01,0.000000000000000000e+00,0.000000000000000000e+00,4.524021464435865059e-01,0.000000000000000000e+00,3.625746085205914238e-01,4.145804337816629825e-01,3.325119396568944063e-01,4.293079343922536206e-01,0.000000000000000000e+00,0.000000000000000000e+00,4.158419323103650922e-01,3.719333914923412254e-01,2.871327258023084195e-01,0.000000000000000000e+00,4.215628786707463771e-01,4.378496487929149916e-01,3.601541517488575095e-01,3.847860111206348743e-01,3.538525565837087883e-01,4.199796248020284950e-01,3.697856042939163812e-01,4.404787214964470121e-01,3.955679433219421171e-01,4.133076918769785224e-01,4.671113427172062238e-01,4.767936851303409829e-01,4.028351711476655939e-01,0.000000000000000000e+00,4.844317559561444053e-01,4.180984853348457264e-01,4.514226330712852175e-01,4.386198767248546959e-01,3.209140104685975770e-01,0.000000000000000000e+00,0.000000000000000000e+00,0.000000000000000000e+00,4.149735160695585123e-01,0.000000000000000000e+00,0.000000000000000000e+00,0.000000000000000000e+00,4.312331377177563985e-01,0.000000000000000000e+00,4.152045387551969724e-01,0.000000000000000000e+00,0.000000000000000000e+00,0.000000000000000000e+00,0.000000000000000000e+00,3.846786540502167839e-01,0.000000000000000000e+00,4.757701775108231224e-01,3.274461686970527863e-01,0.000000000000000000e+00,0.000000000000000000e+00,0.000000000000000000e+00,4.523798222136747871e-01,4.219371687268695936e-01,4.797479788198422135e-01,5.088113563558177566e-01,0.000000000000000000e+00,3.202936593261965781e-01,4.702981925208423175e-01,4.890391302678877006e-01,4.822539714445859826e-01,4.894953538388354120e-01,0.000000000000000000e+00,4.006877055583675240e-01
4.257912840119504883e-01,4.381020054873808744e-01,0.000000000000000000e+00,0.000000000000000000e+00,0.000000000000000000e+00,4.486879671084110233e-01,0.000000000000000000e+00,4.531024133076564930e-01,0.000000000000000000e+00,0.000000000000000000e+00,0.000000000000000000e+00,4.524576162994953243e-01,4.854192094521257994e-01,4.919778000029925158e-01,3.939842238806925967e-01,4.266713845732432175e-01,0.000000000000000000e+00,4.558005525546400261e-01,0.000000000000000000e+00,4.158419323103650922e-01,0.000000000000000000e+00,4.264819472913770060e-01,4.207048843618408918e-01,5.052625901053666713e-01,4.566826927220756782e-01,4.068466052232004859e-01,4.356134033527572225e-01,4.684546502831798964e-01,4.171868901899706272e-01,0.000000000000000000e+00,3.934647763470434101e-01,4.380223113086825215e-01,3.937542536194000853e-01,4.092873425454676140e-01,4.954993912192410255e-01,0.000000000000000000e+00,0.000000000000000000e+00,0.000000000000000000e+00,4.783930448938126245e-01,4.282780697097283151e-01,4.642422667839634087e-01,5.270703619853857047e-01,0.000000000000000000e+00,0.000000000000000000e+00,0.000000000000000000e+00,4.365891726301713849e-01,4.919953408532899974e-01,0.000000000000000000e+00,0.000000000000000000e+00,0.000000000000000000e+00,4.699047238910504798e-01,0.000000000000000000e+00,3.906041148306232946e-01,0.000000000000000000e+00,0.000000000000000000e+00,0.000000000000000000e+00,0.000000000000000000e+00,4.570766595386793196e-01,0.000000000000000000e+00,4.928077617722487203e-01,4.604664109038109077e-01,0.000000000000000000e+00,0.000000000000000000e+00,0.000000000000000000e+00,4.732777655992130850e-01,4.511358132727151804e-01,4.801384351132476080e-01,5.064490717654611673e-01,0.000000000000000000e+00,4.063816521821363992e-01,5.208321295929467798e-01,5.092576055853654804e-01,5.051615506507369791e-01,4.880965105328182174e-01,0.000000000000000000e+00,3.830818280094139827e-01
