0.000000000000000000e+00,3.723977032522496899e-01,0.000000000000000000e+00,0.000000000000000000e+00,0.000000000000000000e+00,3.031544483753477182e-01,0.000000000000000000e+00,4.810671858783924226e-01,0.000000000000000000e+00,3.247929378251344090e-01,0.000000000000000000e+00,3.712349333301641074e-01,3.004842182441058163e-01,0.000000000000000000e+00,3.785137109118367760e-01,3.793285120804065769e-01,3.406879659368153845e-01,3.716668801724000160e-01,0.000000000000000000e+00,3.867375215585058257e-01,3.709442210406007079e-01,3.912931461143652756e-01,4.297434620769429725e-01,3.571848619494438215e-01,3.546713120431663202e-01,3.631358904430169177e-01,4.021019489518214973e-01,3.063926834374601227e-01,3.577249482425102767e-01,0.000000000000000000e+00,3.540131694528270145e-01,4.018114564032019276e-01,3.038499971840781244e-01,3.360358362947719058e-01,4.141944962038879852e-01,0.000000000000000000e+00,0.000000000000000000e+00,3.799485504892051169e-01,4.332409723495411757e-01,3.915918693284832219e-01,4.224001569982300808e-01,0.000000000000000000e+00,0.000000000000000000e+00,0.000000000000000000e+00,0.000000000000000000e+00,3.467370742001311124e-01,4.339185147614911253e-01,0.000000000000000000e+00,0.000000000000000000e+00,0.000000000000000000e+00,0.000000000000000000e+00,0.000000000000000000e+00,0.000000000000000000e+00,0.000000000000000000e+00,0.000000000000000000e+00,0.000000000000000000e+00,0.000000000000000000e+00,0.000000000000000000e+00,0.000000000000000000e+00,0.000000000000000000e+00,4.320160391155741242e-01,0.000000000000000000e+00,4.100127088741359893e-01,0.000000000000000000e+00,0.000000000000000000e+00,2.733057952226575216e-01,4.362485474192713819e-01,0.000000000000000000e+00,0.000000000000000000e+00,4.207852489631900839e-01,4.464472622906590082e-01,0.000000000000000000e+00,0.000000000000000000e+00,0.000000000000000000e+00,0.000000000000000000e+00,3.924128491068911151e-01
3.723977032522496899e-01,0.000000000000000000e+00,0.000000000000000000e+00,0.000000000000000000e+00,4.300700799103689964e-01,4.207226713363794168e-01,4.608710213629125807e-01,4.135833180612891180e-01,3.995027251572784155e-01,0.000000000000000000e+00,0.000000000000000000e+00,0.000000000000000000e+00,4.554347336415157099e-01,0.000000000000000000e+00,3.991886214752434214e-01,4.083263752260770096e-01,3.595766651581693840e-01,3.957475690683036063e-01,0.000000000000000000e+00,4.232962265840726768e-01,3.947164496932433764e-01,4.068413220414764941e-01,4.053616697677551728e-01,0.000000000000000000e+00,3.804442262873024005e-01,3.889415494120073147e-01,4.155229018679159059e-01,4.370720835993903153e-01,4.423107930277889177e-01,0.000000000000000000e+00,3.555813317608287893e-01,4.195105420185368250e-01,3.102347144139488977e-01,3.685235810109496746e-01,4.493118793088768936e-01,0.000000000000000000e+00,0.000000000000000000e+00,0.000000000000000000e+00,4.381696374355854018e-01,4.189490290646865067e-01,4.280058017474717147e-01,4.555105407768859083e-01,0.000000000000000000e+00,0.000000000000000000e+00,0.000000000000000000e+00,4.065730915322066097e-01,4.429745744570969812e-01,0.000000000000000000e+00,0.000000000000000000e+00,0.000000000000000000e+00,3.592274072466790091e-01,0.000000000000000000e+00,0.000000000000000000e+00,0.000000000000000000e+00,0.000000000000000000e+00,0.000000000000000000e+00,0.000000000000000000e+00,0.000000000000000000e+00,0.000000000000000000e+00,4.363739630278714032e-01,4.338834962720297117e-01,0.000000000000000000e+00,4.083689373292901936e-01,0.000000000000000000e+00,4.269074211715229161e-01,4.437026118336173108e-01,4.578095063701523859e-01,4.219271792561937739e-01,0.000000000000000000e+00,4.114961503056370207e-01,4.601127608012354209e-01,4.005799950375653062e-01,0.000000000000000000e+00,4.206230453397479252e-01,0.000000000000000000e+00,4.042757786148992172e-01
0.000000000000000000e+00,0.000000000000000000e+00,0.000000000000000000e+00,3.643191641423882965e-01,3.751475652795199234e-01,3.803451922930726203e-01,4.121256105598067876e-01,4.464162587599245779e-01,3.126170429646826232e-01,4.203626110517432735e-01,3.196763846485122240e-01,3.290898248628515987e-01,4.144593343280160158e-01,3.757867705399057234e-01,0.000000000000000000e+00,0.000000000000000000e+00,0.000000000000000000e+00,0.000000000000000000e+00,2.934282897789973199e-01,0.000000000000000000e+00,0.000000000000000000e+00,0.000000000000000000e+00,3.191720659363964097e-01,0.000000000000000000e+00,0.000000000000000000e+00,0.000000000000000000e+00,3.166698103514037910e-01,4.212236733265483091e-01,0.000000000000000000e+00,0.000000000000000000e+00,4.574524577193723740e-01,4.087694490593504759e-01,0.000000000000000000e+00,4.621498218874693920e-01,4.582953127844296981e-01,4.055599727028282864e-01,4.209989877903508870e-01,0.000000000000000000e+00,4.374259222011462889e-01,0.000000000000000000e+00,0.000000000000000000e+00,0.000000000000000000e+00,4.177034558285945276e-01,0.000000000000000000e+00,0.000000000000000000e+00,0.000000000000000000e+00,0.000000000000000000e+00,3.448917437293221866e-01,0.000000000000000000e+00,4.286643560521973262e-01,5.249248574955980295e-01,3.904509330991542959e-01,5.032668845410396274e-01,5.203557018530052813e-01,0.000000000000000000e+00,3.379949117212279752e-01,0.000000000000000000e+00,4.193875552133243811e-01,4.040413437535670949e-01,0.000000000000000000e+00,0.000000000000000000e+00,0.000000000000000000e+00,0.000000000000000000e+00,3.088039225676941779e-01,0.000000000000000000e+00,0.000000000000000000e+00,0.000000000000000000e+00,5.299412474079893132e-01,0.000000000000000000e+00,0.000000000000000000e+00,0.000000000000000000e+00,5.153399999492127570e-01,3.466022962089416737e-01,0.000000000000000000e+00,0.000000000000000000e+00,0.000000000000000000e+00
0.000000000000000000e+00,0.000000000000000000e+00,3.643191641423882965e-01,0.000000000000000000e+00,2.680122209249348186e-01,3.947554224436035097e-01,3.338084610172694089e-01,2.701121560264436727e-01,3.890491656990496261e-01,0.000000000000000000e+00,3.337791472064978171e-01,0.000000000000000000e+00,3.231081263108797064e-01,2.197784425729749913e-01,0.000000000000000000e+00,0.000000000000000000e+00,0.000000000000000000e+00,0.000000000000000000e+00,3.953010786664755138e-01,4.752687749359388869e-01,0.000000000000000000e+00,0.000000000000000000e+00,3.867216322061750033e-01,0.000000000000000000e+00,0.000000000000000000e+00,0.000000000000000000e+00,4.231207316783712757e-01,2.719108781016543741e-01,3.959219361217067856e-01,0.000000000000000000e+00,2.432187550186266090e-01,2.717002332659437247e-01,0.000000000000000000e+00,2.814124655547363130e-01,3.146015034906973762e-01,1.694012514758919119e-01,1.698583277589034990e-01,2.613392388217625206e-01,0.000000000000000000e+00,0.000000000000000000e+00,0.000000000000000000e+00,0.000000000000000000e+00,0.000000000000000000e+00,0.000000000000000000e+00,0.000000000000000000e+00,0.000000000000000000e+00,0.000000000000000000e+00,0.000000000000000000e+00,0.000000000000000000e+00,0.000000000000000000e+00,0.000000000000000000e+00,0.000000000000000000e+00,0.000000000000000000e+00,0.000000000000000000e+00,0.000000000000000000e+00,0.000000000000000000e+00,0.000000000000000000e+00,0.000000000000000000e+00,0.000000000000000000e+00,0.000000000000000000e+00,0.000000000000000000e+00,0.000000000000000000e+00,0.000000000000000000e+00,0.000000000000000000e+00,0.000000000000000000e+00,0.000000000000000000e+00,0.000000000000000000e+00,0.000000000000000000e+00,0.000000000000000000e+00,0.000000000000000000e+00,0.000000000000000000e+00,0.000000000000000000e+00,0.000000000000000000e+00,0.000000000000000000e+00,0.000000000000000000e+00,0.000000000000000000e+00
0.000000000000000000e+00,4.300700799103689964e-01,3.751475652795199234e-01,2.680122209249348186e-01,0.000000000000000000e+00,3.631620764389109079e-01,3.364326760148679818e-01,3.908422343229193130e-01,3.469652954912814113e-01,4.515242042851079218e-01,3.251351710053713151e-01,3.835237467570707937e-01,3.665294646651773847e-01,2.879644261339783795e-01,0.000000000000000000e+00,4.371122092507592760e-01,0.000000000000000000e+00,0.000000000000000000e+00,3.473218560029189272e-01,4.467535727148239100e-01,0.000000000000000000e+00,4.466191443120512972e-01,3.829627905727225889e-01,0.000000000000000000e+00,3.741412032743918203e-01,3.355236710478951001e-01,3.666188426538010137e-01,3.608281183688822891e-01,4.014942269241921213e-01,0.000000000000000000e+00,4.429177696056962876e-01,3.751026996300195759e-01,3.481525766295425761e-01,4.388402771627925025e-01,4.199298362509373272e-01,2.678790213459287251e-01,2.957004964239420830e-01,3.812320804794517848e-01,3.862283684980988840e-01,0.000000000000000000e+00,0.000000000000000000e+00,0.000000000000000000e+00,0.000000000000000000e+00,0.000000000000000000e+00,0.000000000000000000e+00,0.000000000000000000e+00,0.000000000000000000e+00,4.160560929293684040e-01,0.000000000000000000e+00,4.317133057188675127e-01,4.267362594416918009e-01,0.000000000000000000e+00,4.052077153235089102e-01,4.033628689471632223e-01,0.000000000000000000e+00,3.150626662336825090e-01,0.000000000000000000e+00,0.000000000000000000e+00,0.000000000000000000e+00,0.000000000000000000e+00,0.000000000000000000e+00,0.000000000000000000e+00,0.000000000000000000e+00,0.000000000000000000e+00,0.000000000000000000e+00,0.000000000000000000e+00,0.000000000000000000e+00,5.176068659137315064e-01,0.000000000000000000e+00,0.000000000000000000e+00,0.000000000000000000e+00,4.373875114686173737e-01,0.000000000000000000e+00,0.000000000000000000e+00,0.000000000000000000e+00,0.000000000000000000e+00
3.031544483753477182e-01,4.207226713363794168e-01,3.803451922930726203e-01,3.947554224436035097e-01,3.631620764389109079e-01,0.000000000000000000e+00,4.048613887594380012e-01,4.318001744338861858e-01,3.458073983445387189e-01,4.545773272967468803e-01,3.565606392094570198e-01,3.729635700031527223e-01,3.876954357157815778e-01,4.137669406611220735e-01,3.707415015683324100e-01,4.506408997555971241e-01,3.050307553922824155e-01,4.491071965183399128e-01,3.602696336624078843e-01,4.034116537443885875e-01,3.715361234616749164e-01,4.374096053536716822e-01,3.891845432347343925e-01,0.000000000000000000e+00,3.939024460720911835e-01,3.997759658839292185e-01,3.664481494155780172e-01,3.815390810684590739e-01,3.666421123620178801e-01,4.118243554635692139e-01,4.467667381992941888e-01,4.158003898111167773e-01,3.671978017395260974e-01,4.475533582567388091e-01,4.531771926898738867e-01,4.462828711776373747e-01,4.217768378762845050e-01,3.897705546887271222e-01,4.923359828403390259e-01,0.000000000000000000e+00,5.060871522508960663e-01,4.975160990843326969e-01,4.753789763950522773e-01,0.000000000000000000e+00,0.000000000000000000e+00,0.000000000000000000e+00,3.241807160959462863e-01,5.035097068606582127e-01,0.000000000000000000e+00,4.085221340243990751e-01,5.009274945033692639e-01,4.585256125769077151e-01,4.982574631182130065e-01,5.217218567993711087e-01,0.000000000000000000e+00,4.266095660705224168e-01,0.000000000000000000e+00,4.721825643605728207e-01,0.000000000000000000e+00,3.761687501659644051e-01,0.000000000000000000e+00,0.000000000000000000e+00,0.000000000000000000e+00,4.808270117494939933e-01,4.043640807471828857e-01,3.997559375629561873e-01,3.117234089884934889e-01,5.009479198023510937e-01,0.000000000000000000e+00,0.000000000000000000e+00,3.357981579369129221e-01,4.932258899258720186e-01,4.735986686516288069e-01,4.860506282131796252e-01,4.646975475944793987e-01,5.104623392312140906e-01
0.000000000000000000e+00,4.608710213629125807e-01,4.121256105598067876e-01,3.338084610172694089e-01,3.364326760148679818e-01,4.048613887594380012e-01,0.000000000000000000e+00,4.175379434808280110e-01,3.964007185491971175e-01,4.092166665065786191e-01,4.141978219533146155e-01,3.825168686093093906e-01,3.524406038508413053e-01,3.198190484620315743e-01,0.000000000000000000e+00,4.318025689578094961e-01,3.988674397230890234e-01,3.915048532249497115e-01,4.360242883564998118e-01,4.302937014149548212e-01,0.000000000000000000e+00,4.603097323449014122e-01,4.074477253554382172e-01,4.139302436243776917e-01,3.994328239545725800e-01,4.051777479263836135e-01,4.009395506327279035e-01,3.610205076639805277e-01,4.196717312642769260e-01,0.000000000000000000e+00,4.161516225996352847e-01,3.740003003659810865e-01,3.706590529418724023e-01,4.038844035613712857e-01,3.834956334517848897e-01,3.081976202868185744e-01,3.183248490402159070e-01,3.319120145328118832e-01,4.153693188270267123e-01,0.000000000000000000e+00,4.152610629525126940e-01,0.000000000000000000e+00,0.000000000000000000e+00,0.000000000000000000e+00,0.000000000000000000e+00,0.000000000000000000e+00,0.000000000000000000e+00,3.793951239304352852e-01,0.000000000000000000e+00,0.000000000000000000e+00,4.135141055657127751e-01,0.000000000000000000e+00,4.501000550763532004e-01,3.755109881401754723e-01,0.000000000000000000e+00,3.291815180830404142e-01,0.000000000000000000e+00,0.000000000000000000e+00,0.000000000000000000e+00,0.000000000000000000e+00,0.000000000000000000e+00,0.000000000000000000e+00,0.000000000000000000e+00,0.000000000000000000e+00,0.000000000000000000e+00,0.000000000000000000e+00,0.000000000000000000e+00,4.825129985645491004e-01,0.000000000000000000e+00,0.000000000000000000e+00,0.000000000000000000e+00,4.077799738978539201e-01,0.000000000000000000e+00,0.000000000000000000e+00,0.000000000000000000e+00,0.000000000000000000e+00
4.810671858783924226e-01,4.135833180612891180e-01,4.464162587599245779e-01,2.701121560264436727e-01,3.908422343229193130e-01,4.318001744338861858e-01,4.175379434808280110e-01,0.000000000000000000e+00,4.569046135775404194e-01,4.252488891571140073e-01,3.748234914143594998e-01,4.309251113774669184e-01,4.304481383765900171e-01,3.467551269664370106e-01,4.204614551732975269e-01,4.407676788697393877e-01,0.000000000000000000e+00,4.322903577734155123e-01,4.226999213446572257e-01,3.846797195124007085e-01,4.024027952569956823e-01,3.832405240975231830e-01,3.912270502653856230e-01,4.975573085425434861e-01,4.695384696538402181e-01,4.744761173062289061e-01,4.280685234011857854e-01,4.246964001285016277e-01,4.127971238635195772e-01,4.288961587859507762e-01,4.492228417695712794e-01,3.987060544743813995e-01,4.059819400516518906e-01,4.667977531148287951e-01,4.608777049510228152e-01,2.711042564205459193e-01,2.108311746237966910e-01,0.000000000000000000e+00,4.653828033483418114e-01,0.000000000000000000e+00,5.026391606920534993e-01,0.000000000000000000e+00,3.568870012177237094e-01,0.000000000000000000e+00,0.000000000000000000e+00,0.000000000000000000e+00,0.000000000000000000e+00,4.813116653354662100e-01,0.000000000000000000e+00,4.733171277991585768e-01,4.870579872824490897e-01,4.838125302373703085e-01,4.378769739617943135e-01,5.071170056721783226e-01,0.000000000000000000e+00,3.966737117591420114e-01,0.000000000000000000e+00,4.676292860186154199e-01,0.000000000000000000e+00,3.804766168179746222e-01,0.000000000000000000e+00,0.000000000000000000e+00,0.000000000000000000e+00,4.446105634211903745e-01,4.541541176919967060e-01,3.895985184397838808e-01,0.000000000000000000e+00,4.565457451034429237e-01,0.000000000000000000e+00,0.000000000000000000e+00,0.000000000000000000e+00,4.788288213286243100e-01,4.600236609504049778e-01,4.465538754827758083e-01,0.000000000000000000e+00,4.692372678670558850e-01
0.000000000000000000e+00,3.995027251572784155e-01,3.126170429646826232e-01,3.890491656990496261e-01,3.469652954912814113e-01,3.458073983445387189e-01,3.964007185491971175e-01,4.569046135775404194e-01,0.000000000000000000e+00,4.618760239247914900e-01,3.122701266107030804e-01,4.190145868957885766e-01,3.880181096463541923e-01,3.835365539571847782e-01,0.000000000000000000e+00,4.336552926817706100e-01,0.000000000000000000e+00,3.390754111501799728e-01,3.160957382821253936e-01,4.087191703406206078e-01,0.000000000000000000e+00,4.378981529428476738e-01,3.825838236965272143e-01,4.203517898973749833e-01,3.937303441976061080e-01,3.123857489273068055e-01,3.437634832963823994e-01,4.295703728995068915e-01,3.670991192433183947e-01,4.361009675743138247e-01,4.638891221167206202e-01,4.146991411431200092e-01,3.914503383432477168e-01,4.577137802137524192e-01,4.505220942868036760e-01,4.429439481888362007e-01,4.029777340704561728e-01,3.826238568232768200e-01,4.517411559533506260e-01,0.000000000000000000e+00,3.642573110987615270e-01,0.000000000000000000e+00,4.314137520669523163e-01,0.000000000000000000e+00,0.000000000000000000e+00,0.000000000000000000e+00,0.000000000000000000e+00,4.650990094260011865e-01,0.000000000000000000e+00,4.241831092426615046e-01,5.014989585509758152e-01,3.727754132167832024e-01,5.012097514593952807e-01,4.175083082207909912e-01,0.000000000000000000e+00,3.672959639320165226e-01,0.000000000000000000e+00,4.001803174831309873e-01,4.176933781747795837e-01,0.000000000000000000e+00,0.000000000000000000e+00,0.000000000000000000e+00,0.000000000000000000e+00,4.852102982161348166e-01,0.000000000000000000e+00,0.000000000000000000e+00,0.000000000000000000e+00,5.244187443973329366e-01,0.000000000000000000e+00,0.000000000000000000e+00,0.000000000000000000e+00,5.153454705934736868e-01,3.206730608557797901e-01,0.000000000000000000e+00,0.000000000000000000e+00,0.000000000000000000e+00
3.247929378251344090e-01,0.000000000000000000e+00,4.203626110517432735e-01,0.000000000000000000e+00,4.515242042851079218e-01,4.545773272967468803e-01,4.092166665065786191e-01,4.252488891571140073e-01,4.618760239247914900e-01,0.000000000000000000e+00,4.374752011006929897e-01,3.023193325131314224e-01,4.186264705244578943e-01,0.000000000000000000e+00,0.000000000000000000e+00,3.256328396230998012e-01,3.145098463360447849e-01,3.377180843461788928e-01,4.451801152479569756e-01,3.136814615293639918e-01,0.000000000000000000e+00,3.330715957019418916e-01,4.214719579841579855e-01,3.291624281250279949e-01,3.365948909370681252e-01,3.565344087982925125e-01,4.440644412579020095e-01,4.127799120103928798e-01,3.657466566892024762e-01,0.000000000000000000e+00,3.417131975252549747e-01,3.478073105797790943e-01,2.740722023441606869e-01,3.136834590054892735e-01,3.147896151355423222e-01,3.913328095346845781e-01,2.616578744764342934e-01,2.613732046255327068e-01,2.454465517757339066e-01,3.319964187612340911e-01,3.253305317887750792e-01,0.000000000000000000e+00,0.000000000000000000e+00,0.000000000000000000e+00,3.148111538431289103e-01,0.000000000000000000e+00,0.000000000000000000e+00,0.000000000000000000e+00,0.000000000000000000e+00,0.000000000000000000e+00,0.000000000000000000e+00,0.000000000000000000e+00,0.000000000000000000e+00,0.000000000000000000e+00,4.040843468275939210e-01,0.000000000000000000e+00,4.105288612403424908e-01,0.000000000000000000e+00,0.000000000000000000e+00,0.000000000000000000e+00,0.000000000000000000e+00,3.944900239206183823e-01,3.839633271208570120e-01,0.000000000000000000e+00,0.000000000000000000e+00,0.000000000000000000e+00,0.000000000000000000e+00,0.000000000000000000e+00,4.166842496597444878e-01,4.153671807213019096e-01,4.226541395779310761e-01,0.000000000000000000e+00,0.000000000000000000e+00,0.000000000000000000e+00,0.000000000000000000e+00,3.811797417121862153e-01
0.000000000000000000e+00,0.000000000000000000e+00,3.196763846485122240e-01,3.337791472064978171e-01,3.251351710053713151e-01,3.565606392094570198e-01,4.141978219533146155e-01,3.748234914143594998e-01,3.122701266107030804e-01,4.374752011006929897e-01,0.000000000000000000e+00,4.018169507085780912e-01,4.196239202626961262e-01,2.941229334758834746e-01,0.000000000000000000e+00,0.000000000000000000e+00,3.773903039759279876e-01,0.000000000000000000e+00,2.652595244236015115e-01,0.000000000000000000e+00,0.000000000000000000e+00,0.000000000000000000e+00,3.552982409087899196e-01,4.498706455079584110e-01,0.000000000000000000e+00,3.371211030224054994e-01,3.756570301235402920e-01,4.224446982777598780e-01,0.000000000000000000e+00,0.000000000000000000e+00,4.566255741793133205e-01,3.338295624941621242e-01,3.684243784444081182e-01,4.483927475683952002e-01,4.274267828357444232e-01,2.728862738473725735e-01,3.788021276386205893e-01,3.972567153574663168e-01,0.000000000000000000e+00,0.000000000000000000e+00,0.000000000000000000e+00,0.000000000000000000e+00,3.244931295373481017e-01,0.000000000000000000e+00,0.000000000000000000e+00,0.000000000000000000e+00,0.000000000000000000e+00,2.963525853875703109e-01,0.000000000000000000e+00,0.000000000000000000e+00,4.578453602032773184e-01,4.258403675062453209e-01,4.022925734459371072e-01,4.617651168738218792e-01,0.000000000000000000e+00,2.263432914890431136e-01,0.000000000000000000e+00,4.009429372912304834e-01,3.593135259663605141e-01,0.000000000000000000e+00,0.000000000000000000e+00,0.000000000000000000e+00,0.000000000000000000e+00,2.560173344976854892e-01,0.000000000000000000e+00,0.000000000000000000e+00,0.000000000000000000e+00,4.652895150960713044e-01,0.000000000000000000e+00,0.000000000000000000e+00,0.000000000000000000e+00,4.605933062335079153e-01,4.053705660730516080e-01,0.000000000000000000e+00,0.000000000000000000e+00,0.000000000000000000e+00
3.712349333301641074e-01,0.000000000000000000e+00,3.290898248628515987e-01,0.000000000000000000e+00,3.835237467570707937e-01,3.729635700031527223e-01,3.825168686093093906e-01,4.309251113774669184e-01,4.190145868957885766e-01,3.023193325131314224e-01,4.018169507085780912e-01,0.000000000000000000e+00,4.268461901281919157e-01,0.000000000000000000e+00,0.000000000000000000e+00,0.000000000000000000e+00,3.403337225972882796e-01,2.964468128166026228e-01,3.162320330824218151e-01,0.000000000000000000e+00,4.118696275955168740e-01,0.000000000000000000e+00,3.954458075037918241e-01,3.155811030880514845e-01,3.543045369957552038e-01,3.307121538334591992e-01,3.404465728202342167e-01,3.885113179629262059e-01,0.000000000000000000e+00,0.000000000000000000e+00,3.487017603646537789e-01,3.184559361038796221e-01,2.630942612815588832e-01,2.834096281372945891e-01,3.272276517713806898e-01,3.373113904416280007e-01,2.555481821553088895e-01,2.536969030246101209e-01,3.970456346461987973e-01,3.481759664517092845e-01,3.458807803339440934e-01,4.297880324957423226e-01,0.000000000000000000e+00,0.000000000000000000e+00,3.238078061771538230e-01,0.000000000000000000e+00,0.000000000000000000e+00,0.000000000000000000e+00,0.000000000000000000e+00,0.000000000000000000e+00,0.000000000000000000e+00,0.000000000000000000e+00,0.000000000000000000e+00,0.000000000000000000e+00,4.144138905098530001e-01,0.000000000000000000e+00,4.215375847226401906e-01,0.000000000000000000e+00,0.000000000000000000e+00,0.000000000000000000e+00,0.000000000000000000e+00,4.244528693852506196e-01,4.122952967005131253e-01,0.000000000000000000e+00,0.000000000000000000e+00,0.000000000000000000e+00,0.000000000000000000e+00,0.000000000000000000e+00,4.236747977787898023e-01,4.315107350037996059e-01,4.313819618825768809e-01,0.000000000000000000e+00,0.000000000000000000e+00,0.000000000000000000e+00,0.000000000000000000e+00,3.723825811548883147e-01
3.004842182441058163e-01,4.554347336415157099e-01,4.144593343280160158e-01,3.231081263108797064e-01,3.665294646651773847e-01,3.876954357157815778e-01,3.524406038508413053e-01,4.304481383765900171e-01,3.880181096463541923e-01,4.186264705244578943e-01,4.196239202626961262e-01,4.268461901281919157e-01,0.000000000000000000e+00,3.429296162184414798e-01,3.855986116257157925e-01,4.531229630119690821e-01,4.125876776958358194e-01,4.350499323912024874e-01,4.374425792888029796e-01,4.213825458569266935e-01,4.001968625889433806e-01,4.648767968447569121e-01,4.119885501820427787e-01,4.288799520449929070e-01,4.246479804774099809e-01,4.251157276044305044e-01,4.079663917516316851e-01,3.519974011306385986e-01,4.011463520490373136e-01,3.837411630079052838e-01,4.025597663815699834e-01,3.833117391583035771e-01,4.004534835113904845e-01,4.011568041541305196e-01,3.731329820441036116e-01,3.279705014244886918e-01,3.350266933750363774e-01,3.599217452986336885e-01,4.459064289188606200e-01,0.000000000000000000e+00,3.953994343070392770e-01,3.209581539258917204e-01,4.288493669780040207e-01,0.000000000000000000e+00,0.000000000000000000e+00,0.000000000000000000e+00,0.000000000000000000e+00,4.258405810045522988e-01,0.000000000000000000e+00,0.000000000000000000e+00,4.260744429637158825e-01,3.523713873081997239e-01,4.491584759915145941e-01,0.000000000000000000e+00,0.000000000000000000e+00,3.502149541262873922e-01,2.897651214505889139e-01,0.000000000000000000e+00,0.000000000000000000e+00,3.786590900166398876e-01,0.000000000000000000e+00,0.000000000000000000e+00,0.000000000000000000e+00,0.000000000000000000e+00,3.446888928638254801e-01,0.000000000000000000e+00,3.194708359160725042e-01,4.941145882003640244e-01,0.000000000000000000e+00,3.013721228757376136e-01,3.455051753145035875e-01,4.839108334648372090e-01,0.000000000000000000e+00,4.359285454347056055e-01,0.000000000000000000e+00,0.000000000000000000e+00
0.000000000000000000e+00,0.000000000000000000e+00,3.757867705399057234e-01,2.197784425729749913e-01,2.879644261339783795e-01,4.137669406611220735e-01,3.198190484620315743e-01,3.467551269664370106e-01,3.835365539571847782e-01,0.000000000000000000e+00,2.941229334758834746e-01,0.000000000000000000e+00,3.429296162184414798e-01,0.000000000000000000e+00,0.000000000000000000e+00,0.000000000000000000e+00,0.000000000000000000e+00,0.000000000000000000e+00,3.389969299596303776e-01,0.000000000000000000e+00,4.185633305881352184e-01,0.000000000000000000e+00,3.873297558671695007e-01,0.000000000000000000e+00,0.000000000000000000e+00,0.000000000000000000e+00,4.090487736990995882e-01,2.411102233261122885e-01,0.000000000000000000e+00,0.000000000000000000e+00,4.427070544820999043e-01,1.601981512525240958e-01,0.000000000000000000e+00,2.032438578851832878e-01,0.000000000000000000e+00,1.707015601696272034e-01,1.643916595157786098e-01,0.000000000000000000e+00,0.000000000000000000e+00,0.000000000000000000e+00,0.000000000000000000e+00,0.000000000000000000e+00,0.000000000000000000e+00,0.000000000000000000e+00,0.000000000000000000e+00,0.000000000000000000e+00,0.000000000000000000e+00,3.854413815707519730e-01,0.000000000000000000e+00,0.000000000000000000e+00,0.000000000000000000e+00,0.000000000000000000e+00,0.000000000000000000e+00,4.221942913131638275e-01,0.000000000000000000e+00,2.916474258626854943e-01,0.000000000000000000e+00,0.000000000000000000e+00,0.000000000000000000e+00,0.000000000000000000e+00,0.000000000000000000e+00,0.000000000000000000e+00,0.000000000000000000e+00,0.000000000000000000e+00,0.000000000000000000e+00,0.000000000000000000e+00,0.000000000000000000e+00,0.000000000000000000e+00,0.000000000000000000e+00,0.000000000000000000e+00,0.000000000000000000e+00,0.000000000000000000e+00,0.000000000000000000e+00,0.000000000000000000e+00,0.000000000000000000e+00,0.000000000000000000e+00
3.785137109118367760e-01,3.991886214752434214e-01,0.000000000000000000e+00,0.000000000000000000e+00,0.000000000000000000e+00,3.707415015683324100e-01,0.000000000000000000e+00,4.204614551732975269e-01,0.000000000000000000e+00,0.000000000000000000e+00,0.000000000000000000e+00,0.000000000000000000e+00,3.855986116257157925e-01,0.000000000000000000e+00,0.000000000000000000e+00,4.119094149613851119e-01,0.000000000000000000e+00,3.950294445490680206e-01,0.000000000000000000e+00,3.662305998957534059e-01,3.628340346618820766e-01,3.853882488469175249e-01,3.509874096958149892e-01,4.025336881878062156e-01,3.553002226744285119e-01,3.450907686650884210e-01,3.422370078642986146e-01,3.533494433309111171e-01,3.795235351138476765e-01,0.000000000000000000e+00,3.907528342139344191e-01,4.249999387181562227e-01,3.530173516222073760e-01,4.144678052869961160e-01,4.681903286368472861e-01,5.583167749745545638e-01,0.000000000000000000e+00,0.000000000000000000e+00,4.559722705992902969e-01,4.414001089211033180e-01,4.373997574806847144e-01,4.646018504040410058e-01,3.651660885242378751e-01,0.000000000000000000e+00,0.000000000000000000e+00,0.000000000000000000e+00,4.296327052394141033e-01,0.000000000000000000e+00,0.000000000000000000e+00,0.000000000000000000e+00,4.181113727192902751e-01,0.000000000000000000e+00,0.000000000000000000e+00,0.000000000000000000e+00,0.000000000000000000e+00,0.000000000000000000e+00,0.000000000000000000e+00,3.945869919901142109e-01,0.000000000000000000e+00,4.677163977903898151e-01,4.056568185938905224e-01,0.000000000000000000e+00,0.000000000000000000e+00,0.000000000000000000e+00,4.512408959115580265e-01,4.308809373444347779e-01,4.665660813866400192e-01,4.730944306503251928e-01,0.000000000000000000e+00,3.249780675672385155e-01,4.289119630720397147e-01,4.582804525035015231e-01,4.591081362299416213e-01,4.609589855311949091e-01,0.000000000000000000e+00,4.231533015643419993e-01
3.793285120804065769e-01,4.083263752260770096e-01,0.000000000000000000e+00,0.000000000000000000e+00,4.371122092507592760e-01,4.506408997555971241e-01,4.318025689578094961e-01,4.407676788697393877e-01,4.336552926817706100e-01,3.256328396230998012e-01,0.000000000000000000e+00,0.000000000000000000e+00,4.531229630119690821e-01,0.000000000000000000e+00,4.119094149613851119e-01,0.000000000000000000e+00,3.777285469747261870e-01,3.800195020245297206e-01,0.000000000000000000e+00,4.205166214369722155e-01,4.098923122188903867e-01,4.049107509930993110e-01,4.135107257271876113e-01,3.343355195272871838e-01,3.776070056785941209e-01,4.009491075726190901e-01,4.220528531213451062e-01,4.177893362353548024e-01,4.310849952154702791e-01,4.235707837431518241e-01,3.592059887737131807e-01,4.390980703572484045e-01,3.665925042886752916e-01,3.732834735516570857e-01,4.610663521511030871e-01,0.000000000000000000e+00,0.000000000000000000e+00,0.000000000000000000e+00,4.311832581590488989e-01,4.071934489412881164e-01,4.191250639497642871e-01,4.668589048717199930e-01,0.000000000000000000e+00,0.000000000000000000e+00,0.000000000000000000e+00,4.234399839585266112e-01,4.369272728889372903e-01,0.000000000000000000e+00,0.000000000000000000e+00,0.000000000000000000e+00,0.000000000000000000e+00,0.000000000000000000e+00,0.000000000000000000e+00,0.000000000000000000e+00,0.000000000000000000e+00,0.000000000000000000e+00,0.000000000000000000e+00,0.000000000000000000e+00,0.000000000000000000e+00,4.298097460650864843e-01,4.267463903149559257e-01,0.000000000000000000e+00,4.060015707049320910e-01,0.000000000000000000e+00,4.112342415796240158e-01,4.224507570879940110e-01,4.504794151119235757e-01,3.656948162565133997e-01,0.000000000000000000e+00,4.154956587193385786e-01,4.465464879601481196e-01,4.270744743954201228e-01,0.000000000000000000e+00,3.879095883028987890e-01,0.000000000000000000e+00,3.873196981025801011e-01
3.406879659368153845e-01,3.595766651581693840e-01,0.000000000000000000e+00,0.000000000000000000e+00,0.000000000000000000e+00,3.050307553922824155e-01,3.988674397230890234e-01,0.000000000000000000e+00,0.000000000000000000e+00,3.145098463360447849e-01,3.773903039759279876e-01,3.403337225972882796e-01,4.125876776958358194e-01,0.000000000000000000e+00,0.000000000000000000e+00,3.777285469747261870e-01,0.000000000000000000e+00,3.330126717462345010e-01,0.000000000000000000e+00,3.318550801032574826e-01,0.000000000000000000e+00,3.545267071805422998e-01,0.000000000000000000e+00,3.407104191676276206e-01,3.168976839465937889e-01,3.431243992443844260e-01,0.000000000000000000e+00,4.037452935951442168e-01,3.487443445503015105e-01,0.000000000000000000e+00,3.390318032580897922e-01,3.797085479793865792e-01,2.981923796786007941e-01,3.397363303750691732e-01,3.631681754703532938e-01,0.000000000000000000e+00,0.000000000000000000e+00,3.087259027302459158e-01,0.000000000000000000e+00,3.242458522035164825e-01,0.000000000000000000e+00,0.000000000000000000e+00,0.000000000000000000e+00,0.000000000000000000e+00,0.000000000000000000e+00,0.000000000000000000e+00,0.000000000000000000e+00,0.000000000000000000e+00,0.000000000000000000e+00,0.000000000000000000e+00,0.000000000000000000e+00,0.000000000000000000e+00,0.000000000000000000e+00,0.000000000000000000e+00,4.039661222782905958e-01,0.000000000000000000e+00,3.785821072199694881e-01,0.000000000000000000e+00,0.000000000000000000e+00,0.000000000000000000e+00,0.000000000000000000e+00,3.734736516049664834e-01,3.833831008715701261e-01,0.000000000000000000e+00,0.000000000000000000e+00,0.000000000000000000e+00,0.000000000000000000e+00,0.000000000000000000e+00,3.982372936676543129e-01,4.166205071291153028e-01,4.250696945871981214e-01,0.000000000000000000e+00,0.000000000000000000e+00,0.000000000000000000e+00,0.000000000000000000e+00,0.000000000000000000e+00
3.716668801724000160e-01,3.957475690683036063e-01,0.000000000000000000e+00,0.000000000000000000e+00,0.000000000000000000e+00,4.491071965183399128e-01,3.915048532249497115e-01,4.322903577734155123e-01,3.390754111501799728e-01,3.377180843461788928e-01,0.000000000000000000e+00,2.964468128166026228e-01,4.350499323912024874e-01,0.000000000000000000e+00,3.950294445490680206e-01,3.800195020245297206e-01,3.330126717462345010e-01,0.000000000000000000e+00,0.000000000000000000e+00,3.994808415885126029e-01,4.022339355144203266e-01,4.175107289907488139e-01,4.278732880034357144e-01,3.563650730467652905e-01,3.593246793734929945e-01,3.642873562112948771e-01,4.188089017543610848e-01,4.063121865939046118e-01,4.315125852530505846e-01,3.706850416028614759e-01,3.579198223682529267e-01,4.031111482424962755e-01,3.202461985761467789e-01,3.631160067769615973e-01,4.051294649488680899e-01,0.000000000000000000e+00,0.000000000000000000e+00,0.000000000000000000e+00,4.071894584017368146e-01,3.713143541030238803e-01,3.966426614949492002e-01,4.115621465703501736e-01,0.000000000000000000e+00,0.000000000000000000e+00,0.000000000000000000e+00,4.035342215766188900e-01,4.213208554663048777e-01,0.000000000000000000e+00,0.000000000000000000e+00,0.000000000000000000e+00,0.000000000000000000e+00,0.000000000000000000e+00,0.000000000000000000e+00,0.000000000000000000e+00,4.013304697834645940e-01,0.000000000000000000e+00,3.724713728794076806e-01,0.000000000000000000e+00,0.000000000000000000e+00,0.000000000000000000e+00,4.105052031840830118e-01,4.090450254098967897e-01,4.011450220230807773e-01,0.000000000000000000e+00,0.000000000000000000e+00,0.000000000000000000e+00,4.032857544745283018e-01,0.000000000000000000e+00,3.831583356300503063e-01,4.090316533979678204e-01,4.260443165357041262e-01,0.000000000000000000e+00,0.000000000000000000e+00,0.000000000000000000e+00,0.000000000000000000e+00,3.762004527951461896e-01
0.000000000000000000e+00,0.000000000000000000e+00,2.934282897789973199e-01,3.953010786664755138e-01,3.473218560029189272e-01,3.602696336624078843e-01,4.360242883564998118e-01,4.226999213446572257e-01,3.160957382821253936e-01,4.451801152479569756e-01,2.652595244236015115e-01,3.162320330824218151e-01,4.374425792888029796e-01,3.389969299596303776e-01,0.000000000000000000e+00,0.000000000000000000e+00,0.000000000000000000e+00,0.000000000000000000e+00,0.000000000000000000e+00,0.000000000000000000e+00,0.000000000000000000e+00,0.000000000000000000e+00,3.565890693522961175e-01,0.000000000000000000e+00,0.000000000000000000e+00,0.000000000000000000e+00,3.842644408449636950e-01,4.435351317266765792e-01,0.000000000000000000e+00,0.000000000000000000e+00,4.632962510141176993e-01,4.121782860120055125e-01,0.000000000000000000e+00,4.522212985249893791e-01,4.420207852842774066e-01,3.931909228320200067e-01,4.063789598067302777e-01,3.743670501170607845e-01,3.981267644986035137e-01,0.000000000000000000e+00,0.000000000000000000e+00,0.000000000000000000e+00,2.955901837406055277e-01,0.000000000000000000e+00,0.000000000000000000e+00,0.000000000000000000e+00,0.000000000000000000e+00,3.380299477411193854e-01,0.000000000000000000e+00,4.458187381834256002e-01,4.805248309739914014e-01,4.562223144127933172e-01,4.791685372627416117e-01,4.923879896678812207e-01,0.000000000000000000e+00,2.695657433740967779e-01,0.000000000000000000e+00,4.291182743646814179e-01,4.475337613353502775e-01,0.000000000000000000e+00,0.000000000000000000e+00,0.000000000000000000e+00,0.000000000000000000e+00,3.891921188227169259e-01,0.000000000000000000e+00,0.000000000000000000e+00,0.000000000000000000e+00,5.146838547105301309e-01,0.000000000000000000e+00,0.000000000000000000e+00,0.000000000000000000e+00,4.957991943553132219e-01,0.000000000000000000e+00,0.000000000000000000e+00,0.000000000000000000e+00,0.000000000000000000e+00
3.867375215585058257e-01,4.232962265840726768e-01,0.000000000000000000e+00,4.752687749359388869e-01,4.467535727148239100e-01,4.034116537443885875e-01,4.302937014149548212e-01,3.846797195124007085e-01,4.087191703406206078e-01,3.136814615293639918e-01,0.000000000000000000e+00,0.000000000000000000e+00,4.213825458569266935e-01,0.000000000000000000e+00,3.662305998957534059e-01,4.205166214369722155e-01,3.318550801032574826e-01,3.994808415885126029e-01,0.000000000000000000e+00,0.000000000000000000e+00,3.965187990904344151e-01,3.685026701720764963e-01,3.358476124099000759e-01,0.000000000000000000e+00,3.707186155507897762e-01,4.036795019243996085e-01,3.333355613182413801e-01,3.311464702249911074e-01,3.456988548915745918e-01,3.057451807909544739e-01,3.633316044749099749e-01,4.410249922335096051e-01,3.612189535990233957e-01,4.090180291383034850e-01,4.762571011229020934e-01,5.321122235430049141e-01,4.580351619795827167e-01,0.000000000000000000e+00,4.475046313005622833e-01,3.483052985773301136e-01,4.252320299337505882e-01,4.518548639594494043e-01,4.068456233119696064e-01,0.000000000000000000e+00,0.000000000000000000e+00,0.000000000000000000e+00,3.555953692312581738e-01,0.000000000000000000e+00,0.000000000000000000e+00,0.000000000000000000e+00,4.255168437876570842e-01,0.000000000000000000e+00,0.000000000000000000e+00,0.000000000000000000e+00,0.000000000000000000e+00,0.000000000000000000e+00,0.000000000000000000e+00,3.590242022862437099e-01,0.000000000000000000e+00,4.291359630576350725e-01,3.286675751257330247e-01,0.000000000000000000e+00,0.000000000000000000e+00,0.000000000000000000e+00,4.386609243740962061e-01,4.025176894671966266e-01,4.401980683654654891e-01,4.585223029563809116e-01,0.000000000000000000e+00,2.970344885169549087e-01,4.350843391390311066e-01,4.651497712844865906e-01,4.467058137370483739e-01,4.482001204112074921e-01,3.993623656321120263e-01,4.443619852739705833e-01
3.709442210406007079e-01,3.947164496932433764e-01,0.000000000000000000e+00,0.000000000000000000e+00,0.000000000000000000e+00,3.715361234616749164e-01,0.000000000000000000e+00,4.024027952569956823e-01,0.000000000000000000e+00,0.000000000000000000e+00,0.000000000000000000e+00,4.118696275955168740e-01,4.001968625889433806e-01,4.185633305881352184e-01,3.628340346618820766e-01,4.098923122188903867e-01,0.000000000000000000e+00,4.022339355144203266e-01,0.000000000000000000e+00,3.965187990904344151e-01,0.000000000000000000e+00,4.062322253440857067e-01,3.805980495533661800e-01,4.505736899369229276e-01,3.956950008276133857e-01,3.941343390889084919e-01,3.928461101900573849e-01,3.949768180393983807e-01,3.989855629340934851e-01,0.000000000000000000e+00,3.756696338028946980e-01,4.196967270985125231e-01,3.488006122890033867e-01,3.898362274605852162e-01,4.519018517592978124e-01,0.000000000000000000e+00,0.000000000000000000e+00,0.000000000000000000e+00,4.500383337686906238e-01,3.993961994330001986e-01,4.436883324561020081e-01,5.040427646556031593e-01,0.000000000000000000e+00,0.000000000000000000e+00,0.000000000000000000e+00,2.927111388719125240e-01,4.493989626524361736e-01,0.000000000000000000e+00,0.000000000000000000e+00,0.000000000000000000e+00,4.462297545135409105e-01,0.000000000000000000e+00,3.227172541309070164e-01,0.000000000000000000e+00,0.000000000000000000e+00,0.000000000000000000e+00,0.000000000000000000e+00,4.263253882101452064e-01,0.000000000000000000e+00,4.282071638343729059e-01,4.412822571103591218e-01,0.000000000000000000e+00,0.000000000000000000e+00,0.000000000000000000e+00,4.241554796017590889e-01,3.569170845811482917e-01,4.535487859923167941e-01,4.597224005048474726e-01,0.000000000000000000e+00,3.849883184114258894e-01,4.703004224459201854e-01,4.378819825003260058e-01,4.435728384396170898e-01,4.619906561000898804e-01,0.000000000000000000e+00,4.226538235930977216e-01
