0.000000000000000000e+00,4.393877587831780951e-01,0.000000000000000000e+00,0.000000000000000000e+00,0.000000000000000000e+00,4.422728046312898176e-01,0.000000000000000000e+00,5.255686563487742546e-01,0.000000000000000000e+00,4.367580405263092880e-01,0.000000000000000000e+00,4.093747475504078137e-01,4.266576877864992068e-01,0.000000000000000000e+00,3.981735694399061165e-01,4.243177747433232727e-01,4.999362691272378201e-01,3.937795518396645100e-01,0.000000000000000000e+00,4.167392757222304067e-01,4.090395682503935038e-01,4.107446228451301917e-01,4.820618667112352984e-01,3.950395492300924905e-01,4.011782416632082016e-01,3.816553750654522736e-01,4.625647378126762077e-01,4.960311820476263067e-01,5.292235878890868550e-01,0.000000000000000000e+00,3.929065329286243746e-01,4.496773262912975855e-01,3.747901269952064740e-01,4.088288441594196132e-01,4.617241602652296106e-01,0.000000000000000000e+00,0.000000000000000000e+00,3.946215231243314081e-01,4.479095861105424903e-01,4.048565165025910240e-01,4.489810337434925747e-01,0.000000000000000000e+00,0.000000000000000000e+00,0.000000000000000000e+00,0.000000000000000000e+00,3.880148738918843265e-01,4.598150195721749101e-01,0.000000000000000000e+00,0.000000000000000000e+00,0.000000000000000000e+00,0.000000000000000000e+00,0.000000000000000000e+00,0.000000000000000000e+00,0.000000000000000000e+00,4.094458727626126837e-01,0.000000000000000000e+00,0.000000000000000000e+00,0.000000000000000000e+00,0.000000000000000000e+00,0.000000000000000000e+00,4.545147319674229802e-01,0.000000000000000000e+00,4.503937418542656168e-01,0.000000000000000000e+00,0.000000000000000000e+00,3.693471873033198905e-01,4.689354221005219148e-01,0.000000000000000000e+00,4.327829821556145040e-01,4.586579048541620240e-01,4.591239511389825778e-01,0.000000000000000000e+00,0.000000000000000000e+00,0.000000000000000000e+00,0.000000000000000000e+00,4.206214475992477997e-01
4.393877587831780951e-01,0.000000000000000000e+00,0.000000000000000000e+00,0.000000000000000000e+00,3.415820945283576937e-01,4.226026846879438192e-01,3.841519486769924274e-01,5.257221507170226626e-01,3.254616568257733822e-01,0.000000000000000000e+00,0.000000000000000000e+00,0.000000000000000000e+00,4.407693427408693188e-01,0.000000000000000000e+00,4.194084399993727175e-01,4.040539635128970186e-01,3.014175357794364185e-01,3.994332616309798079e-01,0.000000000000000000e+00,4.226361313719007029e-01,4.349862940995937177e-01,3.824944814696559225e-01,4.482453843670550775e-01,0.000000000000000000e+00,3.852922642287550103e-01,3.963543152751258236e-01,4.291940732700004757e-01,4.359890973242119827e-01,4.374785589258144980e-01,0.000000000000000000e+00,3.740047027681666081e-01,4.150587366567579095e-01,3.486701272004015806e-01,3.748941549763101788e-01,4.363768631230450223e-01,0.000000000000000000e+00,0.000000000000000000e+00,0.000000000000000000e+00,4.671313622375661834e-01,4.426231153817967168e-01,4.547151074231052248e-01,4.737903607561559927e-01,0.000000000000000000e+00,0.000000000000000000e+00,0.000000000000000000e+00,4.550425191202617237e-01,4.582451593073901819e-01,0.000000000000000000e+00,0.000000000000000000e+00,0.000000000000000000e+00,3.529746445611399164e-01,0.000000000000000000e+00,0.000000000000000000e+00,0.000000000000000000e+00,0.000000000000000000e+00,0.000000000000000000e+00,0.000000000000000000e+00,0.000000000000000000e+00,0.000000000000000000e+00,4.947230407758768100e-01,4.583461639579112790e-01,0.000000000000000000e+00,4.560923688835152867e-01,0.000000000000000000e+00,4.186159085198202789e-01,4.486614711861121041e-01,4.501171698184744940e-01,3.574256313856857825e-01,0.000000000000000000e+00,4.555215535284384831e-01,4.814459195468577257e-01,3.797600704317997122e-01,0.000000000000000000e+00,4.326122634111543852e-01,0.000000000000000000e+00,4.049304214682337144e-01
0.000000000000000000e+00,0.000000000000000000e+00,0.000000000000000000e+00,2.840722840559289919e-01,3.825089005586688740e-01,3.960244458455812189e-01,4.127283203082667828e-01,4.698582685171032169e-01,3.005964005410207140e-01,2.682432025110699780e-01,3.176081185200884116e-01,3.077796023125906055e-01,4.397838533658974813e-01,4.386932975126238143e-01,0.000000000000000000e+00,0.000000000000000000e+00,0.000000000000000000e+00,0.000000000000000000e+00,3.082841776032039238e-01,0.000000000000000000e+00,0.000000000000000000e+00,0.000000000000000000e+00,3.192382358176263923e-01,0.000000000000000000e+00,0.000000000000000000e+00,0.000000000000000000e+00,3.580386655282145059e-01,4.513818964307900194e-01,0.000000000000000000e+00,0.000000000000000000e+00,4.545499411408259749e-01,4.213016694669510231e-01,2.791701942246219148e-01,4.569799918642445946e-01,4.666882464751069270e-01,4.341749196107035913e-01,3.205868365484255134e-01,0.000000000000000000e+00,3.243667021669159878e-01,0.000000000000000000e+00,0.000000000000000000e+00,0.000000000000000000e+00,4.668343754439043813e-01,0.000000000000000000e+00,0.000000000000000000e+00,0.000000000000000000e+00,0.000000000000000000e+00,5.989491294111836117e-01,0.000000000000000000e+00,4.721458355589643885e-01,5.523890314117834155e-01,4.409650659310623833e-01,5.207039885570610149e-01,5.706240283681421888e-01,0.000000000000000000e+00,5.025805157534835033e-01,0.000000000000000000e+00,4.168284295595061084e-01,5.052034969725663904e-01,0.000000000000000000e+00,0.000000000000000000e+00,0.000000000000000000e+00,0.000000000000000000e+00,6.098016758095738954e-01,0.000000000000000000e+00,0.000000000000000000e+00,0.000000000000000000e+00,5.628417870068130879e-01,0.000000000000000000e+00,0.000000000000000000e+00,0.000000000000000000e+00,5.770843380044603510e-01,4.563242503642546133e-01,0.000000000000000000e+00,0.000000000000000000e+00,0.000000000000000000e+00
0.000000000000000000e+00,0.000000000000000000e+00,2.840722840559289919e-01,0.000000000000000000e+00,2.481159130678232960e-01,3.283731986372391831e-01,2.368525126097305866e-01,2.831632561294217254e-01,4.018778284424848191e-01,1.950514281295513963e-01,4.117631767294492873e-01,0.000000000000000000e+00,3.437653640056592130e-01,2.439263959501168089e-01,0.000000000000000000e+00,0.000000000000000000e+00,0.000000000000000000e+00,0.000000000000000000e+00,2.875438973086996142e-01,2.615187368489135800e-01,0.000000000000000000e+00,0.000000000000000000e+00,3.844416488614422756e-01,0.000000000000000000e+00,0.000000000000000000e+00,0.000000000000000000e+00,2.751157442625062899e-01,2.896888534135839133e-01,2.251411664995641992e-01,0.000000000000000000e+00,2.670281275175737101e-01,2.833128938590961932e-01,0.000000000000000000e+00,2.277084448730535005e-01,2.706157411228766185e-01,1.767698292058292042e-01,1.859817728516819091e-01,2.403400182852185873e-01,0.000000000000000000e+00,0.000000000000000000e+00,0.000000000000000000e+00,0.000000000000000000e+00,0.000000000000000000e+00,0.000000000000000000e+00,0.000000000000000000e+00,0.000000000000000000e+00,0.000000000000000000e+00,0.000000000000000000e+00,0.000000000000000000e+00,0.000000000000000000e+00,0.000000000000000000e+00,0.000000000000000000e+00,0.000000000000000000e+00,0.000000000000000000e+00,0.000000000000000000e+00,0.000000000000000000e+00,0.000000000000000000e+00,0.000000000000000000e+00,0.000000000000000000e+00,0.000000000000000000e+00,0.000000000000000000e+00,0.000000000000000000e+00,0.000000000000000000e+00,0.000000000000000000e+00,0.000000000000000000e+00,0.000000000000000000e+00,0.000000000000000000e+00,0.000000000000000000e+00,0.000000000000000000e+00,0.000000000000000000e+00,0.000000000000000000e+00,0.000000000000000000e+00,0.000000000000000000e+00,0.000000000000000000e+00,0.000000000000000000e+00,0.000000000000000000e+00
0.000000000000000000e+00,3.415820945283576937e-01,3.825089005586688740e-01,2.481159130678232960e-01,0.000000000000000000e+00,3.716352314034391258e-01,3.379242222602936163e-01,3.580942319520715178e-01,3.603128715457886155e-01,3.662107404537296995e-01,2.929703929570782184e-01,3.631699099297324151e-01,3.643959888737887121e-01,2.803474837644002737e-01,0.000000000000000000e+00,3.114009601794863746e-01,0.000000000000000000e+00,0.000000000000000000e+00,3.369381266730451241e-01,4.049469184338341243e-01,0.000000000000000000e+00,4.350073223229217190e-01,3.980997729583570233e-01,0.000000000000000000e+00,2.631159611168760737e-01,3.061465465976265232e-01,3.892144260563091818e-01,3.872876048367165924e-01,4.013297728896689232e-01,0.000000000000000000e+00,4.496302676372976870e-01,3.322114625477832761e-01,3.050284901666641124e-01,4.312429486906442233e-01,3.930903369731922892e-01,2.329685790081617025e-01,3.427232812056009159e-01,2.921139008869603759e-01,3.261725327007690134e-01,0.000000000000000000e+00,0.000000000000000000e+00,0.000000000000000000e+00,2.826398585568472011e-01,0.000000000000000000e+00,0.000000000000000000e+00,0.000000000000000000e+00,0.000000000000000000e+00,3.863689991861964934e-01,0.000000000000000000e+00,0.000000000000000000e+00,4.407514311905478266e-01,0.000000000000000000e+00,4.103172487008482916e-01,3.571311555735102727e-01,0.000000000000000000e+00,2.758581276530769899e-01,0.000000000000000000e+00,0.000000000000000000e+00,0.000000000000000000e+00,0.000000000000000000e+00,0.000000000000000000e+00,0.000000000000000000e+00,0.000000000000000000e+00,2.607689802598530115e-01,0.000000000000000000e+00,0.000000000000000000e+00,0.000000000000000000e+00,4.715597147960812752e-01,0.000000000000000000e+00,0.000000000000000000e+00,0.000000000000000000e+00,3.946424740344551818e-01,0.000000000000000000e+00,0.000000000000000000e+00,0.000000000000000000e+00,0.000000000000000000e+00
4.422728046312898176e-01,4.226026846879438192e-01,3.960244458455812189e-01,3.283731986372391831e-01,3.716352314034391258e-01,0.000000000000000000e+00,4.158759064140553074e-01,4.484085001032188100e-01,3.559402923070579816e-01,3.966490621505672776e-01,3.653401581073386084e-01,2.790818023328417996e-01,3.995837326974546744e-01,4.132615233823556111e-01,4.254358986041236745e-01,4.380557049156276750e-01,2.834749163034036012e-01,4.460477124792757153e-01,3.212931752601472790e-01,4.180221364944253226e-01,4.378664682795497254e-01,4.396706371838383087e-01,3.980779703144300963e-01,0.000000000000000000e+00,4.035001414835829858e-01,4.125515245777550133e-01,3.746452861623765784e-01,4.170223788112428775e-01,3.507236780733076764e-01,4.275050030388067857e-01,4.370071004497034228e-01,4.127545412578714767e-01,3.878202899593217734e-01,4.353786921161388879e-01,4.278384937031199931e-01,4.108585210532891829e-01,4.150639762338141914e-01,2.968025117309113781e-01,4.833610810019092208e-01,0.000000000000000000e+00,3.828738284098460176e-01,3.836643297414022991e-01,4.353151621223477763e-01,0.000000000000000000e+00,0.000000000000000000e+00,0.000000000000000000e+00,2.703988597571950203e-01,5.560957662901518939e-01,0.000000000000000000e+00,4.354065403801763989e-01,5.209134246150436409e-01,4.801392376280793073e-01,4.941557485387075843e-01,5.454157222560176432e-01,0.000000000000000000e+00,4.624544546841334869e-01,0.000000000000000000e+00,5.258279664386398267e-01,0.000000000000000000e+00,3.817951546262157159e-01,0.000000000000000000e+00,0.000000000000000000e+00,0.000000000000000000e+00,4.770421185564555078e-01,4.340063103265994759e-01,3.950943945546396829e-01,3.897342811510309257e-01,5.344760739921479153e-01,0.000000000000000000e+00,0.000000000000000000e+00,3.514278536381574836e-01,5.314899912907333768e-01,5.467252272382545630e-01,4.973415366375841251e-01,4.839459609584905175e-01,4.910459718523377814e-01
0.000000000000000000e+00,3.841519486769924274e-01,4.127283203082667828e-01,2.368525126097305866e-01,3.379242222602936163e-01,4.158759064140553074e-01,0.000000000000000000e+00,4.390640657642351785e-01,4.055481840609048150e-01,3.437928463680212099e-01,4.263904245448573160e-01,0.000000000000000000e+00,3.421808213295409740e-01,3.611820514975738194e-01,0.000000000000000000e+00,4.563050533065933778e-01,3.152249216469992787e-01,4.503283605671480894e-01,4.374222967489270197e-01,4.191728634322864910e-01,0.000000000000000000e+00,4.588357882999531956e-01,4.208634662030711904e-01,0.000000000000000000e+00,4.151677259796814901e-01,3.077491377654060778e-01,4.107678979305152134e-01,3.937714579113191782e-01,4.452956084669060233e-01,0.000000000000000000e+00,4.389595494100890227e-01,3.687595060942694958e-01,3.083851421406992865e-01,3.867880498481033880e-01,3.653116078884280915e-01,2.900581073893249151e-01,2.763149385296814198e-01,0.000000000000000000e+00,2.717308580084720204e-01,0.000000000000000000e+00,4.052005930036037262e-01,0.000000000000000000e+00,2.801070495431259855e-01,0.000000000000000000e+00,0.000000000000000000e+00,0.000000000000000000e+00,0.000000000000000000e+00,4.520272999764686217e-01,0.000000000000000000e+00,0.000000000000000000e+00,4.508623000330089226e-01,0.000000000000000000e+00,4.668128898672483929e-01,3.816511274640740914e-01,0.000000000000000000e+00,2.978423821149525086e-01,0.000000000000000000e+00,0.000000000000000000e+00,0.000000000000000000e+00,0.000000000000000000e+00,0.000000000000000000e+00,0.000000000000000000e+00,0.000000000000000000e+00,3.417182974510741822e-01,0.000000000000000000e+00,0.000000000000000000e+00,0.000000000000000000e+00,5.408714685520854548e-01,0.000000000000000000e+00,0.000000000000000000e+00,0.000000000000000000e+00,5.001171872091909609e-01,0.000000000000000000e+00,0.000000000000000000e+00,0.000000000000000000e+00,0.000000000000000000e+00
5.255686563487742546e-01,5.257221507170226626e-01,4.698582685171032169e-01,2.831632561294217254e-01,3.580942319520715178e-01,4.484085001032188100e-01,4.390640657642351785e-01,0.000000000000000000e+00,4.664339927578651790e-01,3.588842085316988895e-01,3.309755624778483174e-01,4.040716588582585755e-01,4.552830312275280011e-01,3.043512498246929154e-01,5.161150561634058054e-01,4.786072982613127080e-01,0.000000000000000000e+00,4.839021487361587215e-01,4.074740866179208942e-01,4.780140739924719773e-01,3.950680663941161797e-01,4.944069005379476134e-01,3.768105496044665270e-01,5.358037893381216721e-01,5.004498796163490137e-01,5.182800456893479346e-01,4.575897993077053805e-01,4.486143849033347730e-01,4.322704447542271011e-01,4.137926888151751137e-01,4.493250767510040822e-01,4.221051237277910206e-01,4.506583632014155016e-01,4.554177401263849734e-01,4.952192468353214250e-01,2.681117175506380068e-01,4.270151313215482247e-01,0.000000000000000000e+00,4.600420553005941104e-01,0.000000000000000000e+00,4.530684682084252790e-01,0.000000000000000000e+00,3.644831695972782226e-01,0.000000000000000000e+00,0.000000000000000000e+00,0.000000000000000000e+00,0.000000000000000000e+00,4.882023945143599275e-01,0.000000000000000000e+00,3.219047668815084862e-01,4.459217645939405061e-01,4.345476780080883006e-01,3.511736584536239159e-01,4.977858508603392185e-01,0.000000000000000000e+00,3.778812576708753257e-01,0.000000000000000000e+00,4.591820283372148870e-01,0.000000000000000000e+00,4.820457012726143131e-01,0.000000000000000000e+00,0.000000000000000000e+00,0.000000000000000000e+00,4.661817862846486249e-01,5.189018791027801836e-01,4.217477381495932098e-01,0.000000000000000000e+00,4.614372542049028914e-01,0.000000000000000000e+00,0.000000000000000000e+00,0.000000000000000000e+00,4.698187437566109792e-01,4.775398902353443775e-01,4.061261410930552818e-01,0.000000000000000000e+00,4.554026378348609017e-01
0.000000000000000000e+00,3.254616568257733822e-01,3.005964005410207140e-01,4.018778284424848191e-01,3.603128715457886155e-01,3.559402923070579816e-01,4.055481840609048150e-01,4.664339927578651790e-01,0.000000000000000000e+00,4.139906875285985222e-01,3.348960149834210864e-01,2.884647738034666897e-01,3.920185111411100265e-01,4.015017472416823052e-01,0.000000000000000000e+00,3.194843890583083934e-01,0.000000000000000000e+00,2.807392915371996756e-01,2.759039668586276139e-01,4.011048957117129277e-01,0.000000000000000000e+00,3.934276347490009984e-01,3.957124261547029231e-01,3.084689941116214862e-01,2.084714550847555914e-01,2.879816895880170091e-01,3.683642335178760052e-01,4.438438485928803967e-01,4.306836415598688794e-01,3.879442034798517014e-01,4.547308134314915762e-01,4.086613009796620233e-01,3.197613888266717108e-01,4.472022377489209277e-01,4.333164625401044745e-01,4.276013591424974725e-01,4.318672373912315066e-01,3.413193980826593754e-01,2.370428812866635093e-01,0.000000000000000000e+00,2.121410129231983133e-01,0.000000000000000000e+00,4.109266603960046171e-01,0.000000000000000000e+00,0.000000000000000000e+00,0.000000000000000000e+00,0.000000000000000000e+00,5.381512666291399238e-01,0.000000000000000000e+00,3.829783081341462947e-01,5.266235890269802544e-01,4.133348850140519115e-01,5.232176440169966636e-01,5.704143433282754527e-01,0.000000000000000000e+00,4.738959821141406903e-01,0.000000000000000000e+00,3.988552489063741935e-01,0.000000000000000000e+00,0.000000000000000000e+00,0.000000000000000000e+00,0.000000000000000000e+00,0.000000000000000000e+00,4.860846898249028825e-01,0.000000000000000000e+00,0.000000000000000000e+00,0.000000000000000000e+00,5.402302778604400890e-01,0.000000000000000000e+00,0.000000000000000000e+00,0.000000000000000000e+00,5.374600659608224085e-01,4.667960409798680987e-01,0.000000000000000000e+00,0.000000000000000000e+00,0.000000000000000000e+00
4.367580405263092880e-01,0.000000000000000000e+00,2.682432025110699780e-01,1.950514281295513963e-01,3.662107404537296995e-01,3.966490621505672776e-01,3.437928463680212099e-01,3.588842085316988895e-01,4.139906875285985222e-01,0.000000000000000000e+00,3.987257555282670007e-01,2.842127695884970051e-01,4.191251788742791917e-01,0.000000000000000000e+00,0.000000000000000000e+00,4.057408348838136836e-01,3.503899133720765890e-01,4.010443643688568205e-01,3.204422367757943091e-01,3.265563715771255815e-01,0.000000000000000000e+00,3.345238338374649789e-01,3.308914701909294043e-01,3.060836558397158069e-01,3.705687286037053219e-01,3.925555143668211788e-01,2.563749881283333143e-01,4.093401258295181755e-01,3.031597618914361747e-01,0.000000000000000000e+00,3.418355629580112076e-01,3.451622157619539943e-01,3.207359398559770924e-01,3.158637551213235861e-01,3.045382601987436932e-01,3.324458215699064856e-01,2.919606686820965247e-01,2.558419476258976810e-01,3.348613391039655940e-01,3.665582699577673020e-01,3.953809801383728062e-01,0.000000000000000000e+00,0.000000000000000000e+00,0.000000000000000000e+00,2.929947976412586863e-01,3.905759596831345770e-01,0.000000000000000000e+00,0.000000000000000000e+00,0.000000000000000000e+00,0.000000000000000000e+00,0.000000000000000000e+00,0.000000000000000000e+00,0.000000000000000000e+00,0.000000000000000000e+00,4.680864746381808161e-01,0.000000000000000000e+00,4.470102991395564773e-01,0.000000000000000000e+00,0.000000000000000000e+00,0.000000000000000000e+00,0.000000000000000000e+00,4.889992859778912182e-01,4.772811699584724732e-01,0.000000000000000000e+00,0.000000000000000000e+00,0.000000000000000000e+00,0.000000000000000000e+00,0.000000000000000000e+00,4.186363262515365169e-01,4.807373815777354897e-01,4.898767709188500130e-01,0.000000000000000000e+00,4.788494229936747781e-01,0.000000000000000000e+00,0.000000000000000000e+00,4.362263947264118924e-01
0.000000000000000000e+00,0.000000000000000000e+00,3.176081185200884116e-01,4.117631767294492873e-01,2.929703929570782184e-01,3.653401581073386084e-01,4.263904245448573160e-01,3.309755624778483174e-01,3.348960149834210864e-01,3.987257555282670007e-01,0.000000000000000000e+00,3.273563127030644782e-01,4.373891036526362797e-01,2.768227266000470865e-01,0.000000000000000000e+00,0.000000000000000000e+00,2.908975336482209073e-01,0.000000000000000000e+00,2.825151737328358004e-01,0.000000000000000000e+00,0.000000000000000000e+00,0.000000000000000000e+00,2.602702762124863844e-01,3.571363115263265220e-01,0.000000000000000000e+00,2.614209367816682783e-01,3.421427591030223869e-01,4.198970044930213086e-01,0.000000000000000000e+00,0.000000000000000000e+00,4.526854429671121061e-01,3.733789055046026206e-01,3.044098471438337894e-01,4.343170055600524271e-01,4.228333962731600781e-01,2.695558184449182160e-01,3.966774781508496939e-01,3.024422977274500157e-01,2.394902584565608006e-01,0.000000000000000000e+00,0.000000000000000000e+00,0.000000000000000000e+00,3.459993414223468955e-01,0.000000000000000000e+00,0.000000000000000000e+00,0.000000000000000000e+00,0.000000000000000000e+00,5.413997219559678609e-01,0.000000000000000000e+00,2.790460352656747856e-01,4.286576420268202736e-01,0.000000000000000000e+00,3.720189657814819140e-01,5.302607865237396467e-01,0.000000000000000000e+00,4.842008145375547024e-01,0.000000000000000000e+00,2.613983314351542853e-01,4.035902167687123177e-01,0.000000000000000000e+00,0.000000000000000000e+00,0.000000000000000000e+00,0.000000000000000000e+00,4.963142418908392250e-01,0.000000000000000000e+00,0.000000000000000000e+00,0.000000000000000000e+00,4.798639123330932232e-01,0.000000000000000000e+00,0.000000000000000000e+00,0.000000000000000000e+00,4.728036871567258270e-01,2.044763997446819026e-01,0.000000000000000000e+00,0.000000000000000000e+00,0.000000000000000000e+00
4.093747475504078137e-01,0.000000000000000000e+00,3.077796023125906055e-01,0.000000000000000000e+00,3.631699099297324151e-01,2.790818023328417996e-01,0.000000000000000000e+00,4.040716588582585755e-01,2.884647738034666897e-01,2.842127695884970051e-01,3.273563127030644782e-01,0.000000000000000000e+00,3.687645214579776121e-01,0.000000000000000000e+00,0.000000000000000000e+00,0.000000000000000000e+00,3.911135633061491035e-01,4.080137498404228791e-01,3.158101849873805045e-01,0.000000000000000000e+00,4.202746038427920272e-01,0.000000000000000000e+00,3.236730371436948861e-01,2.960684285762544832e-01,3.823879597527595209e-01,3.466065837585082243e-01,2.747687854517679162e-01,4.103158353952677806e-01,0.000000000000000000e+00,0.000000000000000000e+00,3.603575755673720793e-01,3.252342024126482767e-01,2.868927848898045752e-01,2.773674124866721269e-01,2.796420461838675098e-01,3.170322397883236221e-01,2.590449595436530861e-01,2.250919237448668064e-01,2.858111922031559837e-01,3.899622898192748877e-01,4.381776074557572898e-01,0.000000000000000000e+00,0.000000000000000000e+00,0.000000000000000000e+00,2.958525560556398148e-01,0.000000000000000000e+00,0.000000000000000000e+00,0.000000000000000000e+00,0.000000000000000000e+00,0.000000000000000000e+00,0.000000000000000000e+00,0.000000000000000000e+00,0.000000000000000000e+00,0.000000000000000000e+00,4.801469297623510157e-01,0.000000000000000000e+00,4.636196469860444092e-01,0.000000000000000000e+00,0.000000000000000000e+00,0.000000000000000000e+00,0.000000000000000000e+00,4.534019623005455801e-01,4.662318470086517230e-01,0.000000000000000000e+00,0.000000000000000000e+00,0.000000000000000000e+00,0.000000000000000000e+00,0.000000000000000000e+00,4.361299463940124799e-01,4.932890352790976207e-01,5.000724548352349919e-01,0.000000000000000000e+00,0.000000000000000000e+00,0.000000000000000000e+00,0.000000000000000000e+00,4.856354743631922100e-01
4.266576877864992068e-01,4.407693427408693188e-01,4.397838533658974813e-01,3.437653640056592130e-01,3.643959888737887121e-01,3.995837326974546744e-01,3.421808213295409740e-01,4.552830312275280011e-01,3.920185111411100265e-01,4.191251788742791917e-01,4.373891036526362797e-01,3.687645214579776121e-01,0.000000000000000000e+00,3.410974633952513768e-01,0.000000000000000000e+00,4.600088723776257216e-01,3.611832324717821896e-01,4.266702415829128903e-01,4.433456532679362905e-01,4.282185283321763847e-01,5.088398703560953473e-01,4.627302725703497099e-01,4.291802889262540943e-01,3.528522297602278979e-01,4.259311442960082017e-01,3.921382302056881097e-01,4.285633801239954188e-01,4.001639222583073252e-01,4.369545817964851087e-01,4.266337912794356813e-01,4.121994816779768755e-01,3.840652164517828759e-01,3.361664556566871798e-01,4.132577893368704069e-01,4.150091353143524064e-01,3.699711813509037883e-01,3.654102706160233249e-01,3.717413745605878117e-01,5.030477877769353734e-01,3.046248713427159860e-01,3.244370095336082116e-01,0.000000000000000000e+00,3.200424405443160758e-01,0.000000000000000000e+00,0.000000000000000000e+00,0.000000000000000000e+00,0.000000000000000000e+00,3.646807567030734276e-01,0.000000000000000000e+00,0.000000000000000000e+00,5.079074359567268271e-01,3.897890484295081226e-01,4.747699918325716251e-01,0.000000000000000000e+00,0.000000000000000000e+00,3.182528432568467180e-01,3.940598858835264728e-01,0.000000000000000000e+00,0.000000000000000000e+00,3.831862515671107250e-01,0.000000000000000000e+00,0.000000000000000000e+00,0.000000000000000000e+00,0.000000000000000000e+00,4.087165121291581049e-01,0.000000000000000000e+00,2.808146137442182888e-01,5.222389904438671238e-01,0.000000000000000000e+00,2.598995505960812746e-01,2.768295781275643130e-01,5.000121235506271855e-01,0.000000000000000000e+00,3.899971989420141782e-01,0.000000000000000000e+00,0.000000000000000000e+00
0.000000000000000000e+00,0.000000000000000000e+00,4.386932975126238143e-01,2.439263959501168089e-01,2.803474837644002737e-01,4.132615233823556111e-01,3.611820514975738194e-01,3.043512498246929154e-01,4.015017472416823052e-01,0.000000000000000000e+00,2.768227266000470865e-01,0.000000000000000000e+00,3.410974633952513768e-01,0.000000000000000000e+00,0.000000000000000000e+00,0.000000000000000000e+00,0.000000000000000000e+00,0.000000000000000000e+00,3.621160694778334799e-01,0.000000000000000000e+00,0.000000000000000000e+00,0.000000000000000000e+00,3.708764665658884074e-01,0.000000000000000000e+00,0.000000000000000000e+00,0.000000000000000000e+00,4.200249943808856967e-01,3.252273019579930979e-01,0.000000000000000000e+00,0.000000000000000000e+00,3.769247260157321255e-01,1.925759723536600021e-01,0.000000000000000000e+00,3.680762758266410972e-01,0.000000000000000000e+00,2.098104169865792068e-01,1.984034927080302879e-01,0.000000000000000000e+00,0.000000000000000000e+00,0.000000000000000000e+00,0.000000000000000000e+00,0.000000000000000000e+00,3.244374018859504938e-01,0.000000000000000000e+00,0.000000000000000000e+00,0.000000000000000000e+00,0.000000000000000000e+00,3.998934062556062097e-01,0.000000000000000000e+00,0.000000000000000000e+00,0.000000000000000000e+00,0.000000000000000000e+00,0.000000000000000000e+00,4.331942080666100203e-01,0.000000000000000000e+00,3.458364964674527919e-01,0.000000000000000000e+00,0.000000000000000000e+00,0.000000000000000000e+00,0.000000000000000000e+00,0.000000000000000000e+00,0.000000000000000000e+00,0.000000000000000000e+00,0.000000000000000000e+00,0.000000000000000000e+00,0.000000000000000000e+00,0.000000000000000000e+00,3.825789811127019990e-01,0.000000000000000000e+00,0.000000000000000000e+00,0.000000000000000000e+00,0.000000000000000000e+00,0.000000000000000000e+00,0.000000000000000000e+00,0.000000000000000000e+00,0.000000000000000000e+00
3.981735694399061165e-01,4.194084399993727175e-01,0.000000000000000000e+00,0.000000000000000000e+00,0.000000000000000000e+00,4.254358986041236745e-01,0.000000000000000000e+00,5.161150561634058054e-01,0.000000000000000000e+00,0.000000000000000000e+00,0.000000000000000000e+00,0.000000000000000000e+00,0.000000000000000000e+00,0.000000000000000000e+00,0.000000000000000000e+00,4.259611911996031841e-01,0.000000000000000000e+00,4.229014311002338156e-01,0.000000000000000000e+00,3.506131967206880806e-01,3.853034706115952002e-01,3.736862685045809762e-01,4.088628632901880056e-01,4.492595196416961922e-01,4.052148814755309747e-01,4.227822253077910819e-01,4.489345988184227920e-01,4.305222975936203733e-01,3.958324365804601896e-01,0.000000000000000000e+00,4.167556759156941237e-01,4.420672292632817912e-01,4.115519420860537791e-01,4.465756251081862138e-01,5.035724732278354931e-01,0.000000000000000000e+00,0.000000000000000000e+00,0.000000000000000000e+00,4.960968976490213178e-01,4.882243883435745113e-01,5.382361643515979344e-01,5.688962677937419166e-01,4.047745611785377728e-01,0.000000000000000000e+00,0.000000000000000000e+00,0.000000000000000000e+00,4.797673786373489180e-01,0.000000000000000000e+00,0.000000000000000000e+00,0.000000000000000000e+00,4.417790804711493879e-01,0.000000000000000000e+00,4.163240065960305269e-01,0.000000000000000000e+00,0.000000000000000000e+00,0.000000000000000000e+00,0.000000000000000000e+00,3.706744647995067199e-01,0.000000000000000000e+00,4.828678010528933973e-01,4.620660676507002962e-01,0.000000000000000000e+00,0.000000000000000000e+00,0.000000000000000000e+00,4.656519006722353859e-01,4.734875225734491155e-01,5.126085916033802370e-01,4.761527556142827744e-01,0.000000000000000000e+00,3.291953672469319914e-01,5.728575890038399843e-01,4.903948012159566883e-01,3.115231758715685806e-01,4.466233015051003785e-01,0.000000000000000000e+00,4.193604263918019881e-01
4.243177747433232727e-01,4.040539635128970186e-01,0.000000000000000000e+00,0.000000000000000000e+00,3.114009601794863746e-01,4.380557049156276750e-01,4.563050533065933778e-01,4.786072982613127080e-01,3.194843890583083934e-01,4.057408348838136836e-01,0.000000000000000000e+00,0.000000000000000000e+00,4.600088723776257216e-01,0.000000000000000000e+00,4.259611911996031841e-01,0.000000000000000000e+00,4.031848783289276872e-01,3.711764014134804057e-01,0.000000000000000000e+00,4.157595878137135270e-01,4.366657696308944847e-01,4.013706823147689118e-01,4.474571761021656768e-01,4.422254620855358143e-01,4.028967497916056129e-01,4.124003304192727093e-01,4.422086498360617846e-01,4.401371792979493769e-01,4.436239747305291137e-01,3.313064040059203186e-01,3.716572927645689917e-01,4.567650525320391952e-01,3.635023502055236833e-01,3.836713521457598142e-01,4.338857727423012789e-01,0.000000000000000000e+00,0.000000000000000000e+00,0.000000000000000000e+00,4.703085334442436150e-01,4.236110991842360063e-01,4.472925003065842953e-01,4.786555677740451098e-01,0.000000000000000000e+00,0.000000000000000000e+00,0.000000000000000000e+00,4.463071761044308805e-01,4.705196109265977755e-01,0.000000000000000000e+00,0.000000000000000000e+00,0.000000000000000000e+00,0.000000000000000000e+00,0.000000000000000000e+00,0.000000000000000000e+00,0.000000000000000000e+00,0.000000000000000000e+00,0.000000000000000000e+00,0.000000000000000000e+00,0.000000000000000000e+00,0.000000000000000000e+00,4.876539851239318213e-01,4.506970392685524796e-01,0.000000000000000000e+00,4.395135986248526749e-01,0.000000000000000000e+00,3.331877488134928900e-01,4.282988366439395844e-01,4.639155655471088879e-01,2.970773638151206208e-01,0.000000000000000000e+00,4.556836514659833859e-01,4.817926469109137244e-01,2.869130381957856191e-01,0.000000000000000000e+00,3.161068873269037849e-01,0.000000000000000000e+00,4.524670656230256882e-01
4.999362691272378201e-01,3.014175357794364185e-01,0.000000000000000000e+00,0.000000000000000000e+00,0.000000000000000000e+00,2.834749163034036012e-01,3.152249216469992787e-01,0.000000000000000000e+00,0.000000000000000000e+00,3.503899133720765890e-01,2.908975336482209073e-01,3.911135633061491035e-01,3.611832324717821896e-01,0.000000000000000000e+00,0.000000000000000000e+00,4.031848783289276872e-01,0.000000000000000000e+00,3.872479475756471223e-01,0.000000000000000000e+00,3.158932460014359234e-01,0.000000000000000000e+00,3.900379397352778943e-01,0.000000000000000000e+00,3.919191181726666140e-01,3.671952410372150144e-01,3.887397779505886164e-01,0.000000000000000000e+00,3.605844322529346835e-01,3.524069199863201218e-01,0.000000000000000000e+00,3.514329628915061066e-01,4.318000650085215830e-01,3.480870471142630262e-01,3.709499001067103063e-01,3.807082295591289189e-01,0.000000000000000000e+00,0.000000000000000000e+00,2.587221585767980891e-01,0.000000000000000000e+00,3.824880949881198089e-01,0.000000000000000000e+00,0.000000000000000000e+00,0.000000000000000000e+00,0.000000000000000000e+00,0.000000000000000000e+00,0.000000000000000000e+00,0.000000000000000000e+00,0.000000000000000000e+00,0.000000000000000000e+00,0.000000000000000000e+00,0.000000000000000000e+00,0.000000000000000000e+00,0.000000000000000000e+00,0.000000000000000000e+00,4.545074325436493923e-01,0.000000000000000000e+00,4.605319508511729887e-01,0.000000000000000000e+00,0.000000000000000000e+00,0.000000000000000000e+00,0.000000000000000000e+00,4.260743632188309094e-01,4.429047054111978077e-01,0.000000000000000000e+00,0.000000000000000000e+00,0.000000000000000000e+00,0.000000000000000000e+00,0.000000000000000000e+00,4.785455928442743923e-01,4.601838663083038794e-01,4.808641995934320179e-01,0.000000000000000000e+00,0.000000000000000000e+00,0.000000000000000000e+00,0.000000000000000000e+00,0.000000000000000000e+00
3.937795518396645100e-01,3.994332616309798079e-01,0.000000000000000000e+00,0.000000000000000000e+00,0.000000000000000000e+00,4.460477124792757153e-01,4.503283605671480894e-01,4.839021487361587215e-01,2.807392915371996756e-01,4.010443643688568205e-01,0.000000000000000000e+00,4.080137498404228791e-01,4.266702415829128903e-01,0.000000000000000000e+00,4.229014311002338156e-01,3.711764014134804057e-01,3.872479475756471223e-01,0.000000000000000000e+00,0.000000000000000000e+00,4.246175806619514881e-01,4.494495304355496934e-01,4.263607903332848892e-01,4.609134347708567780e-01,3.789505876494370096e-01,3.707557773654793776e-01,3.892255079670282059e-01,4.531152478707142772e-01,4.411398136598195796e-01,4.508670328348520773e-01,3.365547281440374183e-01,3.744876875383795767e-01,4.591941671908981726e-01,3.602532988634096212e-01,3.783443241550512037e-01,3.953448641863072099e-01,0.000000000000000000e+00,0.000000000000000000e+00,0.000000000000000000e+00,4.335104843902852778e-01,3.789871988232743072e-01,4.301493879269506215e-01,4.837816225522886260e-01,0.000000000000000000e+00,0.000000000000000000e+00,0.000000000000000000e+00,4.407550261258135205e-01,4.613586663922262243e-01,0.000000000000000000e+00,0.000000000000000000e+00,0.000000000000000000e+00,0.000000000000000000e+00,0.000000000000000000e+00,0.000000000000000000e+00,0.000000000000000000e+00,4.047645063411384747e-01,0.000000000000000000e+00,4.624245688144815181e-01,0.000000000000000000e+00,0.000000000000000000e+00,0.000000000000000000e+00,4.330617651519519939e-01,4.023280623752357177e-01,4.227674700823675913e-01,0.000000000000000000e+00,0.000000000000000000e+00,0.000000000000000000e+00,4.447138826624660868e-01,0.000000000000000000e+00,5.231260588763637642e-01,4.369611044989332727e-01,4.599395378764957187e-01,0.000000000000000000e+00,0.000000000000000000e+00,0.000000000000000000e+00,0.000000000000000000e+00,4.400364568418319022e-01
0.000000000000000000e+00,0.000000000000000000e+00,3.082841776032039238e-01,2.875438973086996142e-01,3.369381266730451241e-01,3.212931752601472790e-01,4.374222967489270197e-01,4.074740866179208942e-01,2.759039668586276139e-01,3.204422367757943091e-01,2.825151737328358004e-01,3.158101849873805045e-01,4.433456532679362905e-01,3.621160694778334799e-01,0.000000000000000000e+00,0.000000000000000000e+00,0.000000000000000000e+00,0.000000000000000000e+00,0.000000000000000000e+00,0.000000000000000000e+00,0.000000000000000000e+00,0.000000000000000000e+00,3.047734124428234104e-01,0.000000000000000000e+00,0.000000000000000000e+00,0.000000000000000000e+00,3.571972304531910725e-01,4.356998924237234228e-01,0.000000000000000000e+00,0.000000000000000000e+00,4.519221126115038900e-01,4.142625672424291028e-01,0.000000000000000000e+00,4.451989139492156244e-01,4.212496997442878865e-01,4.075364046524728168e-01,3.719239065729033067e-01,2.993184061411671149e-01,2.340704444547898055e-01,0.000000000000000000e+00,0.000000000000000000e+00,0.000000000000000000e+00,3.814629979021434969e-01,0.000000000000000000e+00,0.000000000000000000e+00,0.000000000000000000e+00,0.000000000000000000e+00,5.333591414508612738e-01,0.000000000000000000e+00,2.625446855080750264e-01,4.928979841070946777e-01,2.981591016157094098e-01,4.510304262410841925e-01,5.127720195452183383e-01,0.000000000000000000e+00,4.709761154012109263e-01,0.000000000000000000e+00,3.306925148580893148e-01,4.135841145071516012e-01,0.000000000000000000e+00,0.000000000000000000e+00,0.000000000000000000e+00,0.000000000000000000e+00,5.079700710892035564e-01,0.000000000000000000e+00,0.000000000000000000e+00,0.000000000000000000e+00,5.202449581526913391e-01,0.000000000000000000e+00,0.000000000000000000e+00,0.000000000000000000e+00,5.020926580339454270e-01,0.000000000000000000e+00,0.000000000000000000e+00,0.000000000000000000e+00,0.000000000000000000e+00
4.167392757222304067e-01,4.226361313719007029e-01,0.000000000000000000e+00,2.615187368489135800e-01,4.049469184338341243e-01,4.180221364944253226e-01,4.191728634322864910e-01,4.780140739924719773e-01,4.011048957117129277e-01,3.265563715771255815e-01,0.000000000000000000e+00,0.000000000000000000e+00,4.282185283321763847e-01,0.000000000000000000e+00,3.506131967206880806e-01,4.157595878137135270e-01,3.158932460014359234e-01,4.246175806619514881e-01,0.000000000000000000e+00,0.000000000000000000e+00,4.276685203205142782e-01,3.658608604147101095e-01,3.201038405583420121e-01,0.000000000000000000e+00,4.183996199632081248e-01,4.519666658612535026e-01,3.732054788822111724e-01,3.934368888764439021e-01,3.489122472377608752e-01,3.849144794558206906e-01,3.696809587455167079e-01,4.408527153572734947e-01,3.813338278044117180e-01,4.160392749861929751e-01,4.773876282928549153e-01,4.544792264191597764e-01,3.632844236413783068e-01,0.000000000000000000e+00,4.675648965104716726e-01,3.960659530023614150e-01,4.441694773769648275e-01,4.561640620190031137e-01,3.131329033241199156e-01,0.000000000000000000e+00,0.000000000000000000e+00,0.000000000000000000e+00,3.919686414215498016e-01,0.000000000000000000e+00,0.000000000000000000e+00,0.000000000000000000e+00,4.229872883141060913e-01,0.000000000000000000e+00,3.750941699979464805e-01,0.000000000000000000e+00,0.000000000000000000e+00,0.000000000000000000e+00,0.000000000000000000e+00,3.616082518731574824e-01,0.000000000000000000e+00,4.396882408298066203e-01,2.672150671698779179e-01,0.000000000000000000e+00,0.000000000000000000e+00,0.000000000000000000e+00,4.300850431426905818e-01,4.298556164012685143e-01,4.724040338419971952e-01,4.772560417832841240e-01,0.000000000000000000e+00,2.569261228394503216e-01,4.431074876486145175e-01,4.783701907885347104e-01,4.167012997721911138e-01,4.592125577729910257e-01,3.410757259369395777e-01,3.563688408274748864e-01
4.090395682503935038e-01,4.349862940995937177e-01,0.000000000000000000e+00,0.000000000000000000e+00,0.000000000000000000e+00,4.378664682795497254e-01,0.000000000000000000e+00,3.950680663941161797e-01,0.000000000000000000e+00,0.000000000000000000e+00,0.000000000000000000e+00,4.202746038427920272e-01,5.088398703560953473e-01,0.000000000000000000e+00,3.853034706115952002e-01,4.366657696308944847e-01,0.000000000000000000e+00,4.494495304355496934e-01,0.000000000000000000e+00,4.276685203205142782e-01,0.000000000000000000e+00,4.483898749920681159e-01,4.118629371114181925e-01,4.927336260408738955e-01,4.609372059707291802e-01,4.361279401442382797e-01,4.503087259652885921e-01,4.588224356155766737e-01,4.402890066697425220e-01,0.000000000000000000e+00,4.220983631088351951e-01,4.470081112177025084e-01,4.085240563651832968e-01,4.354621852142251948e-01,5.025008676236403238e-01,0.000000000000000000e+00,0.000000000000000000e+00,0.000000000000000000e+00,4.702058992581422125e-01,4.259636755547445142e-01,4.475305085373457170e-01,5.271213032056629721e-01,0.000000000000000000e+00,0.000000000000000000e+00,0.000000000000000000e+00,3.454302871139552922e-01,4.529044604807734853e-01,0.000000000000000000e+00,0.000000000000000000e+00,0.000000000000000000e+00,4.469238568250195054e-01,0.000000000000000000e+00,4.359110399008763181e-01,0.000000000000000000e+00,0.000000000000000000e+00,0.000000000000000000e+00,0.000000000000000000e+00,3.783897205612841153e-01,0.000000000000000000e+00,5.072825884251683792e-01,4.085322627713904864e-01,0.000000000000000000e+00,0.000000000000000000e+00,0.000000000000000000e+00,4.555577757680679962e-01,4.228905309195212792e-01,5.024818023984990445e-01,4.607696237046136067e-01,0.000000000000000000e+00,3.686501349777828729e-01,5.161986205433422015e-01,4.982982843821102126e-01,4.514507054227144267e-01,4.587366177998096761e-01,0.000000000000000000e+00,3.478113836488985200e-01
