0.000000000000000000e+00,4.307564916154016932e-01,0.000000000000000000e+00,0.000000000000000000e+00,0.000000000000000000e+00,4.926065378501393033e-01,0.000000000000000000e+00,4.932762013198014883e-01,0.000000000000000000e+00,4.635772799973447156e-01,0.000000000000000000e+00,0.000000000000000000e+00,4.131597523397723126e-01,0.000000000000000000e+00,3.649443236272086888e-01,3.700750078921047903e-01,3.549333639291447073e-01,3.701888009986694095e-01,0.000000000000000000e+00,3.996881661032142818e-01,4.138719533513274818e-01,3.913164793406814224e-01,4.728223730946650161e-01,4.243526679185510853e-01,4.279478575452301814e-01,4.522885192697332912e-01,4.300704469215634873e-01,0.000000000000000000e+00,4.339332042894171182e-01,0.000000000000000000e+00,4.381807405811948275e-01,4.560811803330480085e-01,3.825851590725128926e-01,4.312361272212362207e-01,4.313388984482641741e-01,0.000000000000000000e+00,0.000000000000000000e+00,0.000000000000000000e+00,0.000000000000000000e+00,0.000000000000000000e+00,3.412611655032491975e-01,0.000000000000000000e+00,0.000000000000000000e+00,0.000000000000000000e+00,0.000000000000000000e+00,3.072480043928850213e-01,3.695729898380463729e-01,0.000000000000000000e+00,0.000000000000000000e+00,0.000000000000000000e+00,0.000000000000000000e+00,0.000000000000000000e+00,0.000000000000000000e+00,0.000000000000000000e+00,0.000000000000000000e+00,0.000000000000000000e+00,0.000000000000000000e+00,0.000000000000000000e+00,0.000000000000000000e+00,0.000000000000000000e+00,3.617247400802223734e-01,0.000000000000000000e+00,3.621878744178341769e-01,0.000000000000000000e+00,0.000000000000000000e+00,3.982175452679748151e-01,3.977131877705769036e-01,0.000000000000000000e+00,0.000000000000000000e+00,3.508504242439228760e-01,4.034850796741227819e-01,0.000000000000000000e+00,0.000000000000000000e+00,0.000000000000000000e+00,0.000000000000000000e+00,3.093657047620477774e-01
4.307564916154016932e-01,0.000000000000000000e+00,0.000000000000000000e+00,0.000000000000000000e+00,5.388651637447241516e-01,5.199159465787736023e-01,6.473447108432697217e-01,4.213741536590274728e-01,6.587035125314489870e-01,0.000000000000000000e+00,0.000000000000000000e+00,0.000000000000000000e+00,5.542148428069000321e-01,0.000000000000000000e+00,3.766471311184860782e-01,4.260391727155913855e-01,0.000000000000000000e+00,3.914590236481392815e-01,0.000000000000000000e+00,5.102022299902601032e-01,4.359086614272386084e-01,4.844896045520388217e-01,4.359146982623000044e-01,0.000000000000000000e+00,5.023092388088004068e-01,5.278668659514216266e-01,4.834250524399312798e-01,4.959968926411610912e-01,5.309864537599011669e-01,0.000000000000000000e+00,4.631137769173442886e-01,4.828182130968002861e-01,3.999450463576560977e-01,4.458501882144748074e-01,4.571360765851528174e-01,0.000000000000000000e+00,0.000000000000000000e+00,0.000000000000000000e+00,4.588221633461149196e-01,3.955114734442963798e-01,4.062663255304910792e-01,4.635496125075017071e-01,0.000000000000000000e+00,0.000000000000000000e+00,0.000000000000000000e+00,4.574351417000692144e-01,4.394021190034432811e-01,0.000000000000000000e+00,0.000000000000000000e+00,0.000000000000000000e+00,4.457015674488610246e-01,0.000000000000000000e+00,0.000000000000000000e+00,0.000000000000000000e+00,0.000000000000000000e+00,0.000000000000000000e+00,0.000000000000000000e+00,0.000000000000000000e+00,0.000000000000000000e+00,4.407180909526809964e-01,4.038817896235851190e-01,0.000000000000000000e+00,3.991217253726769831e-01,0.000000000000000000e+00,4.308331195347683273e-01,4.495418024755690745e-01,4.255170659799767940e-01,4.834065808797847752e-01,0.000000000000000000e+00,4.104652217458525931e-01,4.603780986729463787e-01,4.889029792551352060e-01,0.000000000000000000e+00,4.447666842553111843e-01,0.000000000000000000e+00,4.155182432264112879e-01
0.000000000000000000e+00,0.000000000000000000e+00,0.000000000000000000e+00,4.052097217946306063e-01,4.828896938000077910e-01,4.749654542368769161e-01,4.772130189843319936e-01,5.260420301327765058e-01,4.207531671284104879e-01,4.157009452349804124e-01,3.775773096734308942e-01,3.439636383851341073e-01,4.824662339245506248e-01,4.788741826439196214e-01,0.000000000000000000e+00,0.000000000000000000e+00,0.000000000000000000e+00,0.000000000000000000e+00,3.912425803271044056e-01,0.000000000000000000e+00,0.000000000000000000e+00,0.000000000000000000e+00,4.739800820127125780e-01,0.000000000000000000e+00,0.000000000000000000e+00,0.000000000000000000e+00,4.674553563301225845e-01,4.734779811411566897e-01,0.000000000000000000e+00,0.000000000000000000e+00,4.580465765555898905e-01,4.280946964859497772e-01,3.483789973337447221e-01,4.547727534317734799e-01,4.324712952211394734e-01,4.486203178712228068e-01,4.499406466561163831e-01,0.000000000000000000e+00,4.712175821865223768e-01,0.000000000000000000e+00,3.757616385041659957e-01,0.000000000000000000e+00,5.093757109429986052e-01,0.000000000000000000e+00,0.000000000000000000e+00,0.000000000000000000e+00,0.000000000000000000e+00,4.623086083813152114e-01,0.000000000000000000e+00,5.783492965144350073e-01,5.472021761405720941e-01,5.684451997982228333e-01,5.727030235918578738e-01,5.635941367636414512e-01,0.000000000000000000e+00,3.643367216312757839e-01,0.000000000000000000e+00,5.529057107641338620e-01,5.935617982140566351e-01,0.000000000000000000e+00,0.000000000000000000e+00,0.000000000000000000e+00,0.000000000000000000e+00,3.971487335876813241e-01,0.000000000000000000e+00,0.000000000000000000e+00,0.000000000000000000e+00,5.406777887243312541e-01,0.000000000000000000e+00,0.000000000000000000e+00,0.000000000000000000e+00,5.634449197869790815e-01,3.858247687518550073e-01,0.000000000000000000e+00,0.000000000000000000e+00,0.000000000000000000e+00
0.000000000000000000e+00,0.000000000000000000e+00,4.052097217946306063e-01,0.000000000000000000e+00,4.545109870793637152e-01,5.053592279870023907e-01,4.530178194255111146e-01,3.780638393830068056e-01,4.845641638071619961e-01,3.399724021747009828e-01,4.468943050175773202e-01,3.305108603369901754e-01,4.324141145908034778e-01,3.650581039193828148e-01,0.000000000000000000e+00,0.000000000000000000e+00,0.000000000000000000e+00,0.000000000000000000e+00,5.206458196936170069e-01,4.107006232883824159e-01,0.000000000000000000e+00,0.000000000000000000e+00,4.087619534581881098e-01,0.000000000000000000e+00,0.000000000000000000e+00,0.000000000000000000e+00,4.460824439966816768e-01,4.113834395023829860e-01,3.981218908434617232e-01,0.000000000000000000e+00,3.867790429566008159e-01,3.048021532145980816e-01,0.000000000000000000e+00,2.865482829555158761e-01,3.683417864520088791e-01,3.099172743591547818e-01,2.995463404322579182e-01,2.681867214729755089e-01,0.000000000000000000e+00,0.000000000000000000e+00,0.000000000000000000e+00,0.000000000000000000e+00,0.000000000000000000e+00,0.000000000000000000e+00,0.000000000000000000e+00,0.000000000000000000e+00,0.000000000000000000e+00,0.000000000000000000e+00,0.000000000000000000e+00,0.000000000000000000e+00,0.000000000000000000e+00,0.000000000000000000e+00,0.000000000000000000e+00,0.000000000000000000e+00,0.000000000000000000e+00,0.000000000000000000e+00,0.000000000000000000e+00,0.000000000000000000e+00,0.000000000000000000e+00,0.000000000000000000e+00,0.000000000000000000e+00,0.000000000000000000e+00,0.000000000000000000e+00,0.000000000000000000e+00,0.000000000000000000e+00,0.000000000000000000e+00,0.000000000000000000e+00,0.000000000000000000e+00,0.000000000000000000e+00,0.000000000000000000e+00,0.000000000000000000e+00,0.000000000000000000e+00,0.000000000000000000e+00,0.000000000000000000e+00,0.000000000000000000e+00,0.000000000000000000e+00
0.000000000000000000e+00,5.388651637447241516e-01,4.828896938000077910e-01,4.545109870793637152e-01,0.000000000000000000e+00,4.776447204281000780e-01,4.652044748067237223e-01,4.286407132286200183e-01,4.978100895480073729e-01,5.147114389299031201e-01,4.812389383563028811e-01,4.679581358016434156e-01,4.562452114219017751e-01,4.710822850064557143e-01,0.000000000000000000e+00,5.126893555189262486e-01,0.000000000000000000e+00,0.000000000000000000e+00,5.079149125961976985e-01,5.383823076678955211e-01,0.000000000000000000e+00,5.182822436243308406e-01,4.199785843426375176e-01,0.000000000000000000e+00,5.383475071647484400e-01,4.844842141211910813e-01,4.317386215817892170e-01,4.521596656135349890e-01,5.156385190218131243e-01,0.000000000000000000e+00,4.768554078053114931e-01,4.817826757320730069e-01,4.729405706716082181e-01,4.821553214544100907e-01,4.896017750199355145e-01,4.138352896411612858e-01,3.894393359278324751e-01,4.293757589584522028e-01,3.645077803766786917e-01,0.000000000000000000e+00,0.000000000000000000e+00,0.000000000000000000e+00,4.520179516072774795e-01,0.000000000000000000e+00,0.000000000000000000e+00,0.000000000000000000e+00,0.000000000000000000e+00,0.000000000000000000e+00,0.000000000000000000e+00,0.000000000000000000e+00,4.627766114413965903e-01,0.000000000000000000e+00,0.000000000000000000e+00,0.000000000000000000e+00,0.000000000000000000e+00,0.000000000000000000e+00,0.000000000000000000e+00,0.000000000000000000e+00,0.000000000000000000e+00,0.000000000000000000e+00,0.000000000000000000e+00,0.000000000000000000e+00,0.000000000000000000e+00,0.000000000000000000e+00,0.000000000000000000e+00,0.000000000000000000e+00,0.000000000000000000e+00,4.710164541721473808e-01,0.000000000000000000e+00,0.000000000000000000e+00,0.000000000000000000e+00,5.144324932296565622e-01,0.000000000000000000e+00,0.000000000000000000e+00,0.000000000000000000e+00,0.000000000000000000e+00
4.926065378501393033e-01,5.199159465787736023e-01,4.749654542368769161e-01,5.053592279870023907e-01,4.776447204281000780e-01,0.000000000000000000e+00,4.746828517289646276e-01,4.753446724674338930e-01,5.192779775120497376e-01,5.159917199149107736e-01,4.634048423263708028e-01,3.834032524072574777e-01,4.759559194953124073e-01,4.336794095932124948e-01,4.329485108735111054e-01,4.993021478116040912e-01,0.000000000000000000e+00,5.107762962249611238e-01,5.344728555073917642e-01,5.147935963121710312e-01,4.861821749714337892e-01,5.101671946377255296e-01,4.722055814049834210e-01,0.000000000000000000e+00,4.962175245355229802e-01,4.296864739298089098e-01,4.761341077181965864e-01,4.849576723924206023e-01,5.063882930661746107e-01,4.582404057938010977e-01,4.703477402045114220e-01,4.569032301033235099e-01,4.353416079124580729e-01,4.887055596732122198e-01,4.827464378694095171e-01,4.476079168624285121e-01,4.723913507420848257e-01,3.622741317165105723e-01,4.442318354197977159e-01,0.000000000000000000e+00,4.034096951210924265e-01,3.569541913248113763e-01,4.266479165371704907e-01,0.000000000000000000e+00,0.000000000000000000e+00,0.000000000000000000e+00,3.547760651972476920e-01,0.000000000000000000e+00,0.000000000000000000e+00,4.466182477238799242e-01,5.008441959495647522e-01,4.506183154202190733e-01,5.217414590059753499e-01,5.418866911779660622e-01,0.000000000000000000e+00,5.896128337521963081e-01,0.000000000000000000e+00,4.648382469578721810e-01,0.000000000000000000e+00,4.746801405033959087e-01,0.000000000000000000e+00,0.000000000000000000e+00,0.000000000000000000e+00,0.000000000000000000e+00,5.085562228009876673e-01,4.605115569168523049e-01,4.461209120578140119e-01,4.948007074375547765e-01,0.000000000000000000e+00,0.000000000000000000e+00,4.720185655503731925e-01,4.869646128181339129e-01,4.462416517833512897e-01,4.403976795560751722e-01,4.254337610526239266e-01,4.261055824848343776e-01
0.000000000000000000e+00,6.473447108432697217e-01,4.772130189843319936e-01,4.530178194255111146e-01,4.652044748067237223e-01,4.746828517289646276e-01,0.000000000000000000e+00,0.000000000000000000e+00,4.864047774956017922e-01,5.145699812078181612e-01,4.995873082769636264e-01,4.936446431440694727e-01,4.211816099554482884e-01,5.472446988721320071e-01,0.000000000000000000e+00,5.458133149673610740e-01,0.000000000000000000e+00,5.082444144673174957e-01,4.887433113248068062e-01,5.237975921212011388e-01,0.000000000000000000e+00,5.438099078484782689e-01,3.912731399966521972e-01,4.884449672249578933e-01,5.333552271299430991e-01,5.737101112460371022e-01,4.473539612028966106e-01,4.201635815401584262e-01,4.974879635326289740e-01,0.000000000000000000e+00,4.603861926590990250e-01,3.949847378369336082e-01,5.534376181983734488e-01,4.880336202594379169e-01,4.901238436173180890e-01,3.682748869811813819e-01,4.704008605721042846e-01,4.269170492629317248e-01,1.748661886445065095e-01,0.000000000000000000e+00,2.256618882774276968e-01,0.000000000000000000e+00,0.000000000000000000e+00,0.000000000000000000e+00,0.000000000000000000e+00,0.000000000000000000e+00,0.000000000000000000e+00,0.000000000000000000e+00,0.000000000000000000e+00,0.000000000000000000e+00,0.000000000000000000e+00,0.000000000000000000e+00,0.000000000000000000e+00,0.000000000000000000e+00,0.000000000000000000e+00,0.000000000000000000e+00,0.000000000000000000e+00,0.000000000000000000e+00,0.000000000000000000e+00,0.000000000000000000e+00,0.000000000000000000e+00,0.000000000000000000e+00,0.000000000000000000e+00,0.000000000000000000e+00,0.000000000000000000e+00,0.000000000000000000e+00,0.000000000000000000e+00,0.000000000000000000e+00,0.000000000000000000e+00,0.000000000000000000e+00,0.000000000000000000e+00,0.000000000000000000e+00,0.000000000000000000e+00,0.000000000000000000e+00,0.000000000000000000e+00,0.000000000000000000e+00
4.932762013198014883e-01,4.213741536590274728e-01,5.260420301327765058e-01,3.780638393830068056e-01,4.286407132286200183e-01,4.753446724674338930e-01,0.000000000000000000e+00,0.000000000000000000e+00,5.224378980630136615e-01,3.460964145407203207e-01,4.827290733441004233e-01,0.000000000000000000e+00,4.193329621096141269e-01,3.842587459144014006e-01,4.762525800266521059e-01,0.000000000000000000e+00,0.000000000000000000e+00,0.000000000000000000e+00,5.554651107525299114e-01,4.228727695059054104e-01,4.219885412780330913e-01,4.369359199152726969e-01,4.385615110733154798e-01,5.097548227974062485e-01,5.019554970348836243e-01,4.941561583077306863e-01,4.731355769047678184e-01,4.266668496137220878e-01,4.522774584806049103e-01,4.073876655841732197e-01,4.174849718966591183e-01,3.922577947762455053e-01,3.526448622883929795e-01,4.214849415057416171e-01,4.316729694729700140e-01,3.250940707344845970e-01,4.024092295773203931e-01,0.000000000000000000e+00,4.285544735059482191e-01,0.000000000000000000e+00,4.219170199771399843e-01,0.000000000000000000e+00,4.065046400698837936e-01,0.000000000000000000e+00,0.000000000000000000e+00,0.000000000000000000e+00,0.000000000000000000e+00,0.000000000000000000e+00,0.000000000000000000e+00,4.282099799537387730e-01,4.398223711022771210e-01,4.183512816301077075e-01,4.280126046146642826e-01,4.947952925882938002e-01,0.000000000000000000e+00,5.270968559280185817e-01,0.000000000000000000e+00,4.679596036230195266e-01,0.000000000000000000e+00,4.667714023529406786e-01,0.000000000000000000e+00,0.000000000000000000e+00,0.000000000000000000e+00,4.293554932211365860e-01,4.547477258295882785e-01,5.285421942473869095e-01,0.000000000000000000e+00,4.589692395212439102e-01,0.000000000000000000e+00,0.000000000000000000e+00,0.000000000000000000e+00,4.818526298214106940e-01,4.345643112330123126e-01,4.513947565618858793e-01,0.000000000000000000e+00,0.000000000000000000e+00
0.000000000000000000e+00,6.587035125314489870e-01,4.207531671284104879e-01,4.845641638071619961e-01,4.978100895480073729e-01,5.192779775120497376e-01,4.864047774956017922e-01,5.224378980630136615e-01,0.000000000000000000e+00,5.174204985776923449e-01,4.890880793804470161e-01,4.779354800694710081e-01,4.918483475091199875e-01,4.791332742623142238e-01,0.000000000000000000e+00,4.975431135566282248e-01,0.000000000000000000e+00,3.818459210085130007e-01,4.783799781186859890e-01,5.247444357480640642e-01,0.000000000000000000e+00,5.454988784724863482e-01,4.903915461770493867e-01,3.917103285850325189e-01,5.152910568390389745e-01,4.603222682370448071e-01,4.840169278510276785e-01,4.980659880172690901e-01,5.404298097794076883e-01,4.635184382377970924e-01,4.985724371583333259e-01,4.699271357375499059e-01,4.618813044721025163e-01,5.053536928725029798e-01,5.118327277859512359e-01,4.822113617145245001e-01,5.090795709775941535e-01,4.988909416808670061e-01,4.248729943910022899e-01,0.000000000000000000e+00,2.758483793885818103e-01,0.000000000000000000e+00,5.018614574698672115e-01,0.000000000000000000e+00,0.000000000000000000e+00,0.000000000000000000e+00,0.000000000000000000e+00,5.454110837305955473e-01,0.000000000000000000e+00,4.869535904013637118e-01,5.624848154314558979e-01,5.081493634073760424e-01,5.604130578807025032e-01,6.009376386105230727e-01,0.000000000000000000e+00,5.907874677585630563e-01,0.000000000000000000e+00,4.813399047093954164e-01,6.077705868953826585e-01,0.000000000000000000e+00,0.000000000000000000e+00,0.000000000000000000e+00,0.000000000000000000e+00,0.000000000000000000e+00,0.000000000000000000e+00,0.000000000000000000e+00,0.000000000000000000e+00,5.340190047410207086e-01,0.000000000000000000e+00,0.000000000000000000e+00,0.000000000000000000e+00,5.457297772886897658e-01,3.767135719563812768e-01,0.000000000000000000e+00,0.000000000000000000e+00,0.000000000000000000e+00
4.635772799973447156e-01,0.000000000000000000e+00,4.157009452349804124e-01,3.399724021747009828e-01,5.147114389299031201e-01,5.159917199149107736e-01,5.145699812078181612e-01,3.460964145407203207e-01,5.174204985776923449e-01,0.000000000000000000e+00,4.919381754892456771e-01,4.004496567332037071e-01,4.598583129564645100e-01,0.000000000000000000e+00,0.000000000000000000e+00,3.860775231982435107e-01,3.842459406982716152e-01,3.831655657838218265e-01,5.224808407488156226e-01,3.200594101957078830e-01,0.000000000000000000e+00,3.649103029917922236e-01,3.821804770858361899e-01,4.256590535303558243e-01,4.784958037438216127e-01,5.197816542702629050e-01,3.861544692502655862e-01,4.458649622946591062e-01,3.414379790897781874e-01,0.000000000000000000e+00,4.195624371007246056e-01,3.762011131763536853e-01,3.742315457851245752e-01,3.737109053091932087e-01,3.516376655804162032e-01,3.240823696195269110e-01,3.514372512833787154e-01,3.493692653027197226e-01,2.289046903341658001e-01,3.567626794389284206e-01,3.298705780406340216e-01,3.453138090599096044e-01,0.000000000000000000e+00,0.000000000000000000e+00,3.864730198046739118e-01,0.000000000000000000e+00,0.000000000000000000e+00,0.000000000000000000e+00,0.000000000000000000e+00,0.000000000000000000e+00,0.000000000000000000e+00,0.000000000000000000e+00,0.000000000000000000e+00,0.000000000000000000e+00,4.410489484473605892e-01,0.000000000000000000e+00,4.210728075160958261e-01,3.142759330593191125e-01,0.000000000000000000e+00,0.000000000000000000e+00,0.000000000000000000e+00,4.371525072218709895e-01,4.224398879904789905e-01,0.000000000000000000e+00,0.000000000000000000e+00,0.000000000000000000e+00,0.000000000000000000e+00,0.000000000000000000e+00,4.234883332610582807e-01,4.070589188942855263e-01,4.787061380672236743e-01,0.000000000000000000e+00,3.946181242309627080e-01,0.000000000000000000e+00,0.000000000000000000e+00,4.095853269803921837e-01
0.000000000000000000e+00,0.000000000000000000e+00,3.775773096734308942e-01,4.468943050175773202e-01,4.812389383563028811e-01,4.634048423263708028e-01,4.995873082769636264e-01,4.827290733441004233e-01,4.890880793804470161e-01,4.919381754892456771e-01,0.000000000000000000e+00,4.697269920194053205e-01,4.872939241796435117e-01,4.549357621152338993e-01,0.000000000000000000e+00,0.000000000000000000e+00,0.000000000000000000e+00,0.000000000000000000e+00,4.133293524290567733e-01,0.000000000000000000e+00,0.000000000000000000e+00,0.000000000000000000e+00,3.482608245157732263e-01,4.712141088936485089e-01,0.000000000000000000e+00,2.625051535764906241e-01,4.905807391844744236e-01,4.895560128838472025e-01,0.000000000000000000e+00,0.000000000000000000e+00,4.919906416310477204e-01,4.368084172221803896e-01,3.688289528724189026e-01,4.762455283136936002e-01,4.556383981938915140e-01,3.964322136671931118e-01,4.594071348979517078e-01,4.329964073645227174e-01,4.232405119407605110e-01,0.000000000000000000e+00,0.000000000000000000e+00,0.000000000000000000e+00,4.861087113150672767e-01,0.000000000000000000e+00,0.000000000000000000e+00,0.000000000000000000e+00,0.000000000000000000e+00,4.919975119795231833e-01,0.000000000000000000e+00,5.255902009136997899e-01,5.055812172302374119e-01,4.955808758510589773e-01,5.725787780749480582e-01,4.966555767997719029e-01,0.000000000000000000e+00,3.717371769238316248e-01,0.000000000000000000e+00,5.142644819075741225e-01,5.295082641282309321e-01,0.000000000000000000e+00,0.000000000000000000e+00,0.000000000000000000e+00,0.000000000000000000e+00,4.822605783345766950e-01,0.000000000000000000e+00,0.000000000000000000e+00,0.000000000000000000e+00,5.097925456485193907e-01,0.000000000000000000e+00,0.000000000000000000e+00,0.000000000000000000e+00,5.413333935902607807e-01,3.847519372292410034e-01,0.000000000000000000e+00,0.000000000000000000e+00,0.000000000000000000e+00
0.000000000000000000e+00,0.000000000000000000e+00,3.439636383851341073e-01,3.305108603369901754e-01,4.679581358016434156e-01,3.834032524072574777e-01,4.936446431440694727e-01,0.000000000000000000e+00,4.779354800694710081e-01,4.004496567332037071e-01,4.697269920194053205e-01,0.000000000000000000e+00,4.693618908588679250e-01,0.000000000000000000e+00,0.000000000000000000e+00,0.000000000000000000e+00,4.369928347898087151e-01,3.962398502994846083e-01,0.000000000000000000e+00,0.000000000000000000e+00,4.742994747718305981e-01,0.000000000000000000e+00,0.000000000000000000e+00,4.254998026862469862e-01,4.409687773204489791e-01,5.189440585218977331e-01,3.663851261946949878e-01,4.373305261834107838e-01,0.000000000000000000e+00,0.000000000000000000e+00,3.824171601618885918e-01,3.049153464921505741e-01,3.358896298266946245e-01,3.255399339324659969e-01,3.283855518294553910e-01,3.588651426498822850e-01,3.837384919000573213e-01,3.494484202455039878e-01,2.399497555827420081e-01,3.371770345328272134e-01,2.899528963181732255e-01,3.235613814240476116e-01,3.195305260315687845e-01,0.000000000000000000e+00,3.058677913624991973e-01,0.000000000000000000e+00,0.000000000000000000e+00,0.000000000000000000e+00,0.000000000000000000e+00,0.000000000000000000e+00,0.000000000000000000e+00,0.000000000000000000e+00,0.000000000000000000e+00,0.000000000000000000e+00,4.240122845713352739e-01,0.000000000000000000e+00,3.874788954319872136e-01,3.528805159435817185e-01,0.000000000000000000e+00,0.000000000000000000e+00,0.000000000000000000e+00,4.295144812311185167e-01,4.336354995781653843e-01,0.000000000000000000e+00,0.000000000000000000e+00,0.000000000000000000e+00,0.000000000000000000e+00,0.000000000000000000e+00,3.919058237547037860e-01,4.200084468668811022e-01,4.771423673960977219e-01,0.000000000000000000e+00,3.390677349132464879e-01,0.000000000000000000e+00,0.000000000000000000e+00,3.976048243540071803e-01
4.131597523397723126e-01,5.542148428069000321e-01,4.824662339245506248e-01,4.324141145908034778e-01,4.562452114219017751e-01,4.759559194953124073e-01,4.211816099554482884e-01,4.193329621096141269e-01,4.918483475091199875e-01,4.598583129564645100e-01,4.872939241796435117e-01,4.693618908588679250e-01,0.000000000000000000e+00,5.060025782481952783e-01,0.000000000000000000e+00,5.239098730566985607e-01,4.773903719080425101e-01,4.823171231375865120e-01,4.923051743662161250e-01,5.155037331363907516e-01,5.033771595036201640e-01,5.068537240711240566e-01,4.276653779115897058e-01,4.975431092246475062e-01,4.854865936413438887e-01,4.880577087666905789e-01,4.594018156624031235e-01,4.359564057343007781e-01,4.909759080283062072e-01,4.583356290003945954e-01,4.438034202228023917e-01,4.045655834966194742e-01,4.154484608191976736e-01,4.769127539406671223e-01,4.652871804600415273e-01,4.343545940935806815e-01,4.381265393740637060e-01,4.146506158507712869e-01,3.223040525007824231e-01,0.000000000000000000e+00,2.471097362592279134e-01,3.074774656280325758e-01,3.197646623778774844e-01,0.000000000000000000e+00,0.000000000000000000e+00,0.000000000000000000e+00,0.000000000000000000e+00,0.000000000000000000e+00,0.000000000000000000e+00,0.000000000000000000e+00,4.623007428292594256e-01,0.000000000000000000e+00,0.000000000000000000e+00,0.000000000000000000e+00,0.000000000000000000e+00,0.000000000000000000e+00,0.000000000000000000e+00,0.000000000000000000e+00,0.000000000000000000e+00,0.000000000000000000e+00,0.000000000000000000e+00,0.000000000000000000e+00,0.000000000000000000e+00,0.000000000000000000e+00,0.000000000000000000e+00,0.000000000000000000e+00,3.045983613076920227e-01,4.734629111455698758e-01,0.000000000000000000e+00,0.000000000000000000e+00,0.000000000000000000e+00,4.460189987709938797e-01,0.000000000000000000e+00,4.044443510078917225e-01,0.000000000000000000e+00,0.000000000000000000e+00
0.000000000000000000e+00,0.000000000000000000e+00,4.788741826439196214e-01,3.650581039193828148e-01,4.710822850064557143e-01,4.336794095932124948e-01,5.472446988721320071e-01,3.842587459144014006e-01,4.791332742623142238e-01,0.000000000000000000e+00,4.549357621152338993e-01,0.000000000000000000e+00,5.060025782481952783e-01,0.000000000000000000e+00,0.000000000000000000e+00,0.000000000000000000e+00,0.000000000000000000e+00,0.000000000000000000e+00,4.955158585460340825e-01,0.000000000000000000e+00,0.000000000000000000e+00,0.000000000000000000e+00,4.229974806168789736e-01,0.000000000000000000e+00,0.000000000000000000e+00,0.000000000000000000e+00,4.638514435491152277e-01,3.396679890930067724e-01,0.000000000000000000e+00,0.000000000000000000e+00,4.157838894166673849e-01,2.974939459557929267e-01,0.000000000000000000e+00,3.221686210876402723e-01,0.000000000000000000e+00,3.180485762630745894e-01,2.962599119387814839e-01,0.000000000000000000e+00,0.000000000000000000e+00,0.000000000000000000e+00,0.000000000000000000e+00,0.000000000000000000e+00,0.000000000000000000e+00,0.000000000000000000e+00,0.000000000000000000e+00,0.000000000000000000e+00,0.000000000000000000e+00,0.000000000000000000e+00,0.000000000000000000e+00,0.000000000000000000e+00,0.000000000000000000e+00,0.000000000000000000e+00,0.000000000000000000e+00,0.000000000000000000e+00,0.000000000000000000e+00,0.000000000000000000e+00,0.000000000000000000e+00,0.000000000000000000e+00,0.000000000000000000e+00,0.000000000000000000e+00,0.000000000000000000e+00,0.000000000000000000e+00,0.000000000000000000e+00,0.000000000000000000e+00,0.000000000000000000e+00,0.000000000000000000e+00,0.000000000000000000e+00,0.000000000000000000e+00,0.000000000000000000e+00,0.000000000000000000e+00,0.000000000000000000e+00,0.000000000000000000e+00,0.000000000000000000e+00,0.000000000000000000e+00,0.000000000000000000e+00,0.000000000000000000e+00
3.649443236272086888e-01,3.766471311184860782e-01,0.000000000000000000e+00,0.000000000000000000e+00,0.000000000000000000e+00,4.329485108735111054e-01,0.000000000000000000e+00,4.762525800266521059e-01,0.000000000000000000e+00,0.000000000000000000e+00,0.000000000000000000e+00,0.000000000000000000e+00,0.000000000000000000e+00,0.000000000000000000e+00,0.000000000000000000e+00,0.000000000000000000e+00,0.000000000000000000e+00,0.000000000000000000e+00,0.000000000000000000e+00,4.158135110063210793e-01,4.014871035488624118e-01,4.047519718941919864e-01,4.367817655016859035e-01,4.523657672375965277e-01,4.236345544889371095e-01,4.052843407898207850e-01,4.399466003731504204e-01,0.000000000000000000e+00,0.000000000000000000e+00,0.000000000000000000e+00,0.000000000000000000e+00,4.186713179830962028e-01,3.514014959776364244e-01,4.238007835030023207e-01,4.607116768732962830e-01,3.746426941022212853e-01,0.000000000000000000e+00,0.000000000000000000e+00,4.308820743805489850e-01,4.343134960617017204e-01,3.625239763652929881e-01,4.246532862203187264e-01,0.000000000000000000e+00,0.000000000000000000e+00,0.000000000000000000e+00,0.000000000000000000e+00,4.204996159701038239e-01,0.000000000000000000e+00,0.000000000000000000e+00,0.000000000000000000e+00,4.677024851786582005e-01,0.000000000000000000e+00,5.472279860904170068e-01,0.000000000000000000e+00,0.000000000000000000e+00,0.000000000000000000e+00,0.000000000000000000e+00,0.000000000000000000e+00,0.000000000000000000e+00,4.561856467401517734e-01,2.854322392945828901e-01,0.000000000000000000e+00,0.000000000000000000e+00,0.000000000000000000e+00,4.303878924191765765e-01,4.370961465326413942e-01,4.387584512371620060e-01,4.699016642056406123e-01,0.000000000000000000e+00,0.000000000000000000e+00,4.202554351820914080e-01,4.574780131092899826e-01,4.270772836332321076e-01,4.312967482725392765e-01,0.000000000000000000e+00,3.738473079871694749e-01
3.700750078921047903e-01,4.260391727155913855e-01,0.000000000000000000e+00,0.000000000000000000e+00,5.126893555189262486e-01,4.993021478116040912e-01,5.458133149673610740e-01,0.000000000000000000e+00,4.975431135566282248e-01,3.860775231982435107e-01,0.000000000000000000e+00,0.000000000000000000e+00,5.239098730566985607e-01,0.000000000000000000e+00,0.000000000000000000e+00,0.000000000000000000e+00,3.156957544697152063e-01,3.257800074377126265e-01,0.000000000000000000e+00,3.542520762062246198e-01,3.797426215700948071e-01,3.784762318832783912e-01,0.000000000000000000e+00,3.727177411946597796e-01,4.003261863307939206e-01,4.230827225585663265e-01,4.182980928307198920e-01,4.745786561338303788e-01,4.453064067245577906e-01,4.236575340608021989e-01,3.500536091993526888e-01,4.542097296249738014e-01,3.529824813690966012e-01,3.797926617321845111e-01,3.807603347596287824e-01,0.000000000000000000e+00,0.000000000000000000e+00,0.000000000000000000e+00,3.944480349828344834e-01,3.555458945151632189e-01,3.628049528688382930e-01,3.744115523418932723e-01,0.000000000000000000e+00,0.000000000000000000e+00,0.000000000000000000e+00,3.790824349232420065e-01,3.819385939184968271e-01,0.000000000000000000e+00,0.000000000000000000e+00,0.000000000000000000e+00,0.000000000000000000e+00,0.000000000000000000e+00,0.000000000000000000e+00,0.000000000000000000e+00,0.000000000000000000e+00,0.000000000000000000e+00,0.000000000000000000e+00,0.000000000000000000e+00,0.000000000000000000e+00,3.902167532240244929e-01,3.646049596145902738e-01,0.000000000000000000e+00,3.638753472250774723e-01,0.000000000000000000e+00,3.541133427336999873e-01,4.126247589296542229e-01,3.732715725066512724e-01,3.188929663678183868e-01,0.000000000000000000e+00,3.666169025865956832e-01,4.094482984187511887e-01,0.000000000000000000e+00,0.000000000000000000e+00,3.698694785592038237e-01,0.000000000000000000e+00,3.456287160863674157e-01
3.549333639291447073e-01,0.000000000000000000e+00,0.000000000000000000e+00,0.000000000000000000e+00,0.000000000000000000e+00,0.000000000000000000e+00,0.000000000000000000e+00,0.000000000000000000e+00,0.000000000000000000e+00,3.842459406982716152e-01,0.000000000000000000e+00,4.369928347898087151e-01,4.773903719080425101e-01,0.000000000000000000e+00,0.000000000000000000e+00,3.156957544697152063e-01,0.000000000000000000e+00,3.180865079065343104e-01,0.000000000000000000e+00,4.515623071573907077e-01,0.000000000000000000e+00,4.265639058391357819e-01,0.000000000000000000e+00,3.919175263594033010e-01,4.053702378908208837e-01,4.773096372932427167e-01,0.000000000000000000e+00,4.925803821315357101e-01,0.000000000000000000e+00,0.000000000000000000e+00,3.808187365681591774e-01,4.468722800304432141e-01,3.571616803023620057e-01,4.317881184153909979e-01,4.171367757116665187e-01,0.000000000000000000e+00,0.000000000000000000e+00,3.385482517376692813e-01,0.000000000000000000e+00,0.000000000000000000e+00,0.000000000000000000e+00,0.000000000000000000e+00,0.000000000000000000e+00,0.000000000000000000e+00,0.000000000000000000e+00,0.000000000000000000e+00,0.000000000000000000e+00,0.000000000000000000e+00,0.000000000000000000e+00,0.000000000000000000e+00,0.000000000000000000e+00,0.000000000000000000e+00,0.000000000000000000e+00,0.000000000000000000e+00,4.188442152717782863e-01,0.000000000000000000e+00,4.144441818722808257e-01,0.000000000000000000e+00,0.000000000000000000e+00,0.000000000000000000e+00,0.000000000000000000e+00,4.114272741175240000e-01,4.059586926331779089e-01,0.000000000000000000e+00,0.000000000000000000e+00,0.000000000000000000e+00,0.000000000000000000e+00,0.000000000000000000e+00,3.825364504010285160e-01,0.000000000000000000e+00,4.544305307516671166e-01,0.000000000000000000e+00,0.000000000000000000e+00,0.000000000000000000e+00,0.000000000000000000e+00,0.000000000000000000e+00
3.701888009986694095e-01,3.914590236481392815e-01,0.000000000000000000e+00,0.000000000000000000e+00,0.000000000000000000e+00,5.107762962249611238e-01,5.082444144673174957e-01,0.000000000000000000e+00,3.818459210085130007e-01,3.831655657838218265e-01,0.000000000000000000e+00,3.962398502994846083e-01,4.823171231375865120e-01,0.000000000000000000e+00,0.000000000000000000e+00,3.257800074377126265e-01,3.180865079065343104e-01,0.000000000000000000e+00,0.000000000000000000e+00,3.865451944388977878e-01,0.000000000000000000e+00,3.795652274761093792e-01,0.000000000000000000e+00,3.828492439856309160e-01,3.991262404122736807e-01,4.504250358094524231e-01,4.022753137849067184e-01,4.727322769899838795e-01,4.414101051021728228e-01,0.000000000000000000e+00,3.798060406984882231e-01,5.029181065426425734e-01,3.508345485006583164e-01,4.188388389505892095e-01,4.071051045691140846e-01,0.000000000000000000e+00,0.000000000000000000e+00,0.000000000000000000e+00,0.000000000000000000e+00,0.000000000000000000e+00,0.000000000000000000e+00,0.000000000000000000e+00,0.000000000000000000e+00,0.000000000000000000e+00,0.000000000000000000e+00,3.765830167347898882e-01,3.510443018082549105e-01,0.000000000000000000e+00,0.000000000000000000e+00,0.000000000000000000e+00,0.000000000000000000e+00,0.000000000000000000e+00,0.000000000000000000e+00,0.000000000000000000e+00,3.980573643227249825e-01,0.000000000000000000e+00,3.956078801353321017e-01,0.000000000000000000e+00,0.000000000000000000e+00,0.000000000000000000e+00,3.771461479889404167e-01,3.760434604507876810e-01,3.938999412607185890e-01,0.000000000000000000e+00,0.000000000000000000e+00,0.000000000000000000e+00,3.428879109649510815e-01,0.000000000000000000e+00,3.780473698487208933e-01,3.825043693994938931e-01,4.381945115538234958e-01,0.000000000000000000e+00,0.000000000000000000e+00,0.000000000000000000e+00,0.000000000000000000e+00,3.763733979255236006e-01
0.000000000000000000e+00,0.000000000000000000e+00,3.912425803271044056e-01,5.206458196936170069e-01,5.079149125961976985e-01,5.344728555073917642e-01,4.887433113248068062e-01,5.554651107525299114e-01,4.783799781186859890e-01,5.224808407488156226e-01,4.133293524290567733e-01,0.000000000000000000e+00,4.923051743662161250e-01,4.955158585460340825e-01,0.000000000000000000e+00,0.000000000000000000e+00,0.000000000000000000e+00,0.000000000000000000e+00,0.000000000000000000e+00,0.000000000000000000e+00,0.000000000000000000e+00,0.000000000000000000e+00,4.627393483081269077e-01,0.000000000000000000e+00,0.000000000000000000e+00,0.000000000000000000e+00,4.901789008700516148e-01,4.921699248723045983e-01,0.000000000000000000e+00,0.000000000000000000e+00,5.100849934423244969e-01,4.693612466710583853e-01,0.000000000000000000e+00,5.107192818509127541e-01,5.023450262953844669e-01,4.640641682008940228e-01,4.925875861765118824e-01,4.433166346987669759e-01,4.849387533734397238e-01,0.000000000000000000e+00,0.000000000000000000e+00,0.000000000000000000e+00,5.372061904354419326e-01,0.000000000000000000e+00,0.000000000000000000e+00,0.000000000000000000e+00,0.000000000000000000e+00,3.797002802367380192e-01,0.000000000000000000e+00,5.312093675816398353e-01,5.920216778796323354e-01,5.191553569602282980e-01,5.955239179871157917e-01,5.952237909249824543e-01,0.000000000000000000e+00,3.570661556704955997e-01,0.000000000000000000e+00,4.512080907622205150e-01,5.777709043881770201e-01,0.000000000000000000e+00,0.000000000000000000e+00,0.000000000000000000e+00,0.000000000000000000e+00,6.048807350514738834e-01,0.000000000000000000e+00,0.000000000000000000e+00,0.000000000000000000e+00,5.447412131994742168e-01,0.000000000000000000e+00,0.000000000000000000e+00,0.000000000000000000e+00,5.789564125492668856e-01,0.000000000000000000e+00,0.000000000000000000e+00,0.000000000000000000e+00,0.000000000000000000e+00
3.996881661032142818e-01,5.102022299902601032e-01,0.000000000000000000e+00,4.107006232883824159e-01,5.383823076678955211e-01,5.147935963121710312e-01,5.237975921212011388e-01,4.228727695059054104e-01,5.247444357480640642e-01,3.200594101957078830e-01,0.000000000000000000e+00,0.000000000000000000e+00,5.155037331363907516e-01,0.000000000000000000e+00,4.158135110063210793e-01,3.542520762062246198e-01,4.515623071573907077e-01,3.865451944388977878e-01,0.000000000000000000e+00,0.000000000000000000e+00,4.268394891332594199e-01,4.237968353136805089e-01,4.433573127625206056e-01,0.000000000000000000e+00,4.163976865425513818e-01,4.445976067602541160e-01,4.423847553215338735e-01,4.460144765989447757e-01,4.151463823659520824e-01,4.512455014950650933e-01,3.913983154836995215e-01,4.628532653073172964e-01,3.770159706245432840e-01,4.305749448463073725e-01,4.648466333910686865e-01,3.578147771831450830e-01,3.968003023916750194e-01,0.000000000000000000e+00,4.449860257075736181e-01,3.347385513416528124e-01,2.906527159341156796e-01,4.211121412001845865e-01,3.951566712460429787e-01,0.000000000000000000e+00,0.000000000000000000e+00,0.000000000000000000e+00,4.426595075764979126e-01,0.000000000000000000e+00,0.000000000000000000e+00,0.000000000000000000e+00,4.592744682504852904e-01,0.000000000000000000e+00,0.000000000000000000e+00,0.000000000000000000e+00,0.000000000000000000e+00,0.000000000000000000e+00,0.000000000000000000e+00,3.609157867711739187e-01,0.000000000000000000e+00,4.470681573991038271e-01,2.072881593737065098e-01,0.000000000000000000e+00,0.000000000000000000e+00,0.000000000000000000e+00,4.331169184233599756e-01,4.571520600681642787e-01,4.039490506668080849e-01,4.719818303921400893e-01,0.000000000000000000e+00,2.210310643338034009e-01,4.367788051169860242e-01,4.785156128289819177e-01,3.874648103397044796e-01,4.137707205809303956e-01,3.442144327561829087e-01,3.373720723816500122e-01
4.138719533513274818e-01,4.359086614272386084e-01,0.000000000000000000e+00,0.000000000000000000e+00,0.000000000000000000e+00,4.861821749714337892e-01,0.000000000000000000e+00,4.219885412780330913e-01,0.000000000000000000e+00,0.000000000000000000e+00,0.000000000000000000e+00,4.742994747718305981e-01,5.033771595036201640e-01,0.000000000000000000e+00,4.014871035488624118e-01,3.797426215700948071e-01,0.000000000000000000e+00,0.000000000000000000e+00,0.000000000000000000e+00,4.268394891332594199e-01,0.000000000000000000e+00,4.151855564736199877e-01,3.739158568011999861e-01,4.848969195010555122e-01,4.188123268914428210e-01,4.253498463275505737e-01,4.473391350147545853e-01,0.000000000000000000e+00,4.234413358939280170e-01,0.000000000000000000e+00,0.000000000000000000e+00,4.386472215804099184e-01,3.719187144600786810e-01,4.097186654300237207e-01,4.479255415075193980e-01,0.000000000000000000e+00,0.000000000000000000e+00,0.000000000000000000e+00,4.275857366580029240e-01,0.000000000000000000e+00,3.496827680699375884e-01,4.186088780838915224e-01,0.000000000000000000e+00,0.000000000000000000e+00,0.000000000000000000e+00,4.579068263588685905e-01,4.358606566707285968e-01,0.000000000000000000e+00,0.000000000000000000e+00,0.000000000000000000e+00,4.449262007694944066e-01,0.000000000000000000e+00,4.143821909299024164e-01,0.000000000000000000e+00,0.000000000000000000e+00,0.000000000000000000e+00,0.000000000000000000e+00,3.530144824323003805e-01,0.000000000000000000e+00,4.346032728861988215e-01,3.681733748650178883e-01,0.000000000000000000e+00,0.000000000000000000e+00,0.000000000000000000e+00,4.164960951973876169e-01,4.105222345779315773e-01,4.170294962781820880e-01,4.571542118158838930e-01,0.000000000000000000e+00,0.000000000000000000e+00,4.394312459096090251e-01,4.411484753732433095e-01,3.925922656919190734e-01,4.232268691489766144e-01,0.000000000000000000e+00,3.591742300308051195e-01
