0.000000000000000000e+00,4.256232911717682255e-01,0.000000000000000000e+00,0.000000000000000000e+00,0.000000000000000000e+00,4.745570742897410876e-01,0.000000000000000000e+00,5.411341925149057985e-01,0.000000000000000000e+00,4.214148783998635794e-01,0.000000000000000000e+00,4.058952386509973032e-01,4.257729624039249261e-01,0.000000000000000000e+00,4.193728244945025274e-01,4.127709887649799181e-01,3.491296219624414054e-01,3.678116495051653168e-01,0.000000000000000000e+00,4.578294204586739191e-01,4.269408755152176993e-01,4.061621315099018803e-01,4.830183292454485189e-01,3.862892011716766993e-01,3.574702452194138957e-01,3.846190710619856734e-01,5.247914030465360424e-01,4.827890602708385104e-01,4.917762340309588254e-01,0.000000000000000000e+00,4.008228069579262143e-01,4.643557494231707050e-01,3.485212653216844814e-01,4.201627283601229168e-01,4.627005143850657087e-01,0.000000000000000000e+00,0.000000000000000000e+00,3.209901804182135887e-01,4.846700170182354772e-01,3.976449335165070931e-01,4.525257957917043217e-01,0.000000000000000000e+00,0.000000000000000000e+00,0.000000000000000000e+00,0.000000000000000000e+00,4.161126829127729243e-01,4.843535679746481803e-01,0.000000000000000000e+00,0.000000000000000000e+00,0.000000000000000000e+00,0.000000000000000000e+00,0.000000000000000000e+00,0.000000000000000000e+00,0.000000000000000000e+00,0.000000000000000000e+00,0.000000000000000000e+00,0.000000000000000000e+00,0.000000000000000000e+00,0.000000000000000000e+00,0.000000000000000000e+00,4.731165231228435242e-01,0.000000000000000000e+00,4.462594629533835899e-01,0.000000000000000000e+00,0.000000000000000000e+00,3.008443868411053157e-01,4.760346827018078764e-01,0.000000000000000000e+00,2.619141413211403813e-01,4.592351332902638861e-01,4.859979438717337841e-01,0.000000000000000000e+00,0.000000000000000000e+00,0.000000000000000000e+00,0.000000000000000000e+00,3.834350947450010927e-01
4.256232911717682255e-01,0.000000000000000000e+00,0.000000000000000000e+00,0.000000000000000000e+00,3.418858667366210802e-01,4.181696040593244068e-01,4.379436669057383824e-01,5.018134765791406604e-01,3.727136641372004178e-01,0.000000000000000000e+00,0.000000000000000000e+00,0.000000000000000000e+00,4.383645130292299075e-01,0.000000000000000000e+00,4.595302828945305729e-01,4.297369825132065224e-01,3.534697214091708783e-01,4.111911120797077102e-01,0.000000000000000000e+00,4.303747831405079771e-01,4.311902129611516754e-01,4.076200420420624804e-01,4.491550127058038799e-01,0.000000000000000000e+00,3.874496970441181909e-01,4.210863358178862925e-01,4.407100483967303917e-01,4.577544807902778068e-01,4.463655049452108781e-01,0.000000000000000000e+00,3.936690019134627128e-01,4.507775725768167208e-01,3.652876814518126736e-01,4.042042038656702974e-01,4.650647110599296918e-01,0.000000000000000000e+00,0.000000000000000000e+00,0.000000000000000000e+00,4.808119108206991843e-01,4.616158086898479174e-01,4.662382901851515049e-01,5.147319666689967876e-01,0.000000000000000000e+00,0.000000000000000000e+00,0.000000000000000000e+00,4.720433887110457860e-01,4.767386366845374202e-01,0.000000000000000000e+00,0.000000000000000000e+00,0.000000000000000000e+00,5.065380470073683750e-01,0.000000000000000000e+00,0.000000000000000000e+00,0.000000000000000000e+00,0.000000000000000000e+00,0.000000000000000000e+00,0.000000000000000000e+00,0.000000000000000000e+00,0.000000000000000000e+00,5.084545658429877601e-01,4.672740328185093772e-01,0.000000000000000000e+00,4.834969482923487938e-01,0.000000000000000000e+00,5.105493991755120087e-01,5.236508998718151231e-01,4.714639085818924102e-01,5.094671524753231484e-01,0.000000000000000000e+00,4.944144097429258866e-01,5.198882288110283634e-01,5.356243035075458625e-01,0.000000000000000000e+00,5.144988673963095671e-01,0.000000000000000000e+00,4.685482863526507225e-01
0.000000000000000000e+00,0.000000000000000000e+00,0.000000000000000000e+00,3.640825855924368915e-01,3.935221084147341730e-01,4.317814553520523124e-01,4.371251527498830058e-01,4.829039906024830131e-01,3.483359490353358234e-01,3.463870079629329246e-01,3.402675536261576261e-01,3.247512775100440119e-01,4.276956454426529830e-01,4.193825263154324912e-01,0.000000000000000000e+00,0.000000000000000000e+00,0.000000000000000000e+00,0.000000000000000000e+00,2.942165604310122973e-01,0.000000000000000000e+00,0.000000000000000000e+00,0.000000000000000000e+00,3.714185798670450733e-01,0.000000000000000000e+00,0.000000000000000000e+00,0.000000000000000000e+00,3.559672104009783955e-01,4.362080494306614931e-01,0.000000000000000000e+00,0.000000000000000000e+00,4.238170938072771121e-01,3.984492349768546937e-01,0.000000000000000000e+00,4.314476459066066139e-01,0.000000000000000000e+00,4.004940520585809072e-01,3.930492795558864216e-01,0.000000000000000000e+00,5.804629920362973650e-01,0.000000000000000000e+00,5.044507634508146321e-01,0.000000000000000000e+00,5.145815881144111259e-01,0.000000000000000000e+00,0.000000000000000000e+00,0.000000000000000000e+00,0.000000000000000000e+00,4.579937490956114132e-01,0.000000000000000000e+00,6.349778016973751660e-01,5.809288908657304074e-01,6.565997178801986633e-01,6.003578571913430473e-01,5.860468056436013429e-01,0.000000000000000000e+00,3.991240694880510143e-01,0.000000000000000000e+00,5.843042730292991038e-01,0.000000000000000000e+00,0.000000000000000000e+00,0.000000000000000000e+00,0.000000000000000000e+00,0.000000000000000000e+00,3.539707714444699227e-01,0.000000000000000000e+00,0.000000000000000000e+00,0.000000000000000000e+00,5.883335890463704532e-01,0.000000000000000000e+00,0.000000000000000000e+00,0.000000000000000000e+00,5.449453025481902912e-01,4.860743883640954999e-01,0.000000000000000000e+00,0.000000000000000000e+00,0.000000000000000000e+00
0.000000000000000000e+00,0.000000000000000000e+00,3.640825855924368915e-01,0.000000000000000000e+00,2.965623507740878795e-01,4.679600786705874760e-01,3.112838995359955008e-01,4.272975635599627897e-01,3.964465501289269889e-01,3.977683820371629153e-01,3.898629513980094163e-01,2.355049578558336965e-01,3.548422327121720787e-01,3.076210162791245817e-01,0.000000000000000000e+00,0.000000000000000000e+00,0.000000000000000000e+00,0.000000000000000000e+00,4.015941639867350865e-01,0.000000000000000000e+00,0.000000000000000000e+00,0.000000000000000000e+00,4.459548667190055826e-01,0.000000000000000000e+00,0.000000000000000000e+00,0.000000000000000000e+00,4.384001165051569227e-01,2.862676931770267164e-01,3.581020361313784206e-01,0.000000000000000000e+00,3.546233248248588099e-01,3.067155278414153141e-01,0.000000000000000000e+00,3.025732174279426867e-01,2.647259819802897929e-01,2.124858756596320897e-01,1.988895735597240033e-01,0.000000000000000000e+00,0.000000000000000000e+00,0.000000000000000000e+00,0.000000000000000000e+00,0.000000000000000000e+00,0.000000000000000000e+00,0.000000000000000000e+00,0.000000000000000000e+00,0.000000000000000000e+00,0.000000000000000000e+00,0.000000000000000000e+00,0.000000000000000000e+00,0.000000000000000000e+00,0.000000000000000000e+00,0.000000000000000000e+00,0.000000000000000000e+00,0.000000000000000000e+00,0.000000000000000000e+00,0.000000000000000000e+00,0.000000000000000000e+00,0.000000000000000000e+00,0.000000000000000000e+00,0.000000000000000000e+00,0.000000000000000000e+00,0.000000000000000000e+00,0.000000000000000000e+00,0.000000000000000000e+00,0.000000000000000000e+00,0.000000000000000000e+00,0.000000000000000000e+00,0.000000000000000000e+00,0.000000000000000000e+00,0.000000000000000000e+00,0.000000000000000000e+00,0.000000000000000000e+00,0.000000000000000000e+00,0.000000000000000000e+00,0.000000000000000000e+00,0.000000000000000000e+00
0.000000000000000000e+00,3.418858667366210802e-01,3.935221084147341730e-01,2.965623507740878795e-01,0.000000000000000000e+00,3.829787342078789791e-01,3.373947711733171206e-01,4.348279300962650806e-01,3.566281464816218882e-01,4.703031657660067810e-01,3.291181419877298175e-01,4.786656312373134270e-01,3.767129764581744200e-01,3.129633509109254197e-01,0.000000000000000000e+00,3.853604165865106013e-01,0.000000000000000000e+00,0.000000000000000000e+00,3.824131381311642874e-01,0.000000000000000000e+00,0.000000000000000000e+00,4.402095092460023840e-01,3.833182359282877871e-01,0.000000000000000000e+00,4.245359072886609741e-01,3.684493138385043776e-01,3.877044870606239924e-01,3.521284816241587179e-01,4.728756050716210191e-01,0.000000000000000000e+00,4.276332766372031857e-01,3.683857866440397033e-01,0.000000000000000000e+00,4.180198383658241257e-01,0.000000000000000000e+00,2.546250168985412232e-01,3.341980336238359883e-01,3.547639727506333163e-01,4.597675489861465792e-01,0.000000000000000000e+00,0.000000000000000000e+00,0.000000000000000000e+00,3.713815933252028190e-01,0.000000000000000000e+00,0.000000000000000000e+00,0.000000000000000000e+00,0.000000000000000000e+00,6.440522527604294334e-01,0.000000000000000000e+00,4.384969180191851112e-01,5.866049759238578520e-01,0.000000000000000000e+00,5.746171316788388772e-01,5.931927174149592696e-01,0.000000000000000000e+00,5.197972961128574099e-01,0.000000000000000000e+00,0.000000000000000000e+00,0.000000000000000000e+00,0.000000000000000000e+00,0.000000000000000000e+00,0.000000000000000000e+00,0.000000000000000000e+00,5.722409722555987788e-01,0.000000000000000000e+00,0.000000000000000000e+00,0.000000000000000000e+00,5.258849901663019688e-01,0.000000000000000000e+00,0.000000000000000000e+00,0.000000000000000000e+00,5.767025167704360467e-01,0.000000000000000000e+00,0.000000000000000000e+00,0.000000000000000000e+00,0.000000000000000000e+00
4.745570742897410876e-01,4.181696040593244068e-01,4.317814553520523124e-01,4.679600786705874760e-01,3.829787342078789791e-01,0.000000000000000000e+00,4.323875225851266935e-01,4.393287129424939819e-01,3.563370286573050993e-01,4.448123977722706068e-01,4.015533140157319103e-01,3.367707276408685724e-01,4.047912578693759755e-01,4.546372192641234822e-01,4.891645696738330940e-01,4.344245204742748778e-01,2.635282726990962887e-01,3.757759496367910068e-01,4.259011584158943764e-01,4.343253053428179911e-01,4.406602680191925026e-01,4.551518777369414903e-01,4.405113327142539115e-01,0.000000000000000000e+00,3.779103282045712109e-01,4.350856014298198904e-01,4.269106256016783063e-01,4.043854558923404841e-01,3.536112292026314941e-01,4.470590489413105995e-01,4.372080415416170762e-01,4.298048470854032854e-01,4.126677279167431101e-01,4.283067430764864736e-01,4.447655126426026118e-01,4.554874336813580782e-01,4.354603428456697012e-01,3.129344784674041868e-01,5.179255454606671583e-01,0.000000000000000000e+00,5.133101146194616327e-01,4.690461807030147923e-01,5.327041306196708126e-01,0.000000000000000000e+00,0.000000000000000000e+00,0.000000000000000000e+00,2.971257232015837024e-01,5.962324328382238026e-01,0.000000000000000000e+00,5.469208775177292203e-01,5.215117117087432197e-01,5.657780148599403924e-01,5.100146006645600583e-01,5.639794520542524836e-01,0.000000000000000000e+00,5.239439668565588626e-01,0.000000000000000000e+00,5.480284693988027866e-01,0.000000000000000000e+00,5.113947635672851932e-01,0.000000000000000000e+00,0.000000000000000000e+00,0.000000000000000000e+00,5.991261410970966095e-01,5.595719964680911929e-01,4.405831459146096196e-01,5.062444648010658854e-01,5.406399871649346656e-01,0.000000000000000000e+00,0.000000000000000000e+00,4.608924540117145252e-01,5.308305802060614420e-01,5.479738910175744326e-01,4.937328959209579815e-01,4.877139238360155837e-01,5.414024989502810303e-01
0.000000000000000000e+00,4.379436669057383824e-01,4.371251527498830058e-01,3.112838995359955008e-01,3.373947711733171206e-01,4.323875225851266935e-01,0.000000000000000000e+00,4.579627944753982827e-01,4.015711368841646256e-01,3.816272425253838807e-01,4.421123717374508821e-01,3.814626989700006798e-01,3.670882963979695268e-01,3.595314966730279171e-01,0.000000000000000000e+00,4.866762512856470102e-01,4.005197735808012083e-01,4.508359274379618031e-01,4.534655331337125173e-01,4.619388685255225169e-01,0.000000000000000000e+00,4.789560934659395919e-01,4.264957331983341149e-01,3.892548744640629277e-01,4.040892491596869140e-01,4.162723668352406037e-01,4.354387579456555080e-01,3.708104686029787822e-01,4.810230629192486229e-01,0.000000000000000000e+00,4.095322385086260231e-01,4.030748932485869740e-01,4.571945065951376064e-01,4.014008110204104751e-01,0.000000000000000000e+00,3.298254714625973860e-01,2.757251983302672071e-01,3.443836582124580881e-01,4.018254925169945091e-01,0.000000000000000000e+00,3.814958763964680921e-01,0.000000000000000000e+00,3.917324786498221911e-01,0.000000000000000000e+00,0.000000000000000000e+00,0.000000000000000000e+00,0.000000000000000000e+00,5.385781247215850609e-01,0.000000000000000000e+00,0.000000000000000000e+00,5.536333605468223285e-01,0.000000000000000000e+00,4.368553312185471937e-01,4.938167496917407751e-01,0.000000000000000000e+00,3.721686468156638061e-01,0.000000000000000000e+00,0.000000000000000000e+00,0.000000000000000000e+00,0.000000000000000000e+00,0.000000000000000000e+00,0.000000000000000000e+00,0.000000000000000000e+00,4.168323474211710900e-01,0.000000000000000000e+00,0.000000000000000000e+00,0.000000000000000000e+00,5.580892932414297514e-01,0.000000000000000000e+00,0.000000000000000000e+00,0.000000000000000000e+00,6.010895366294203290e-01,0.000000000000000000e+00,0.000000000000000000e+00,0.000000000000000000e+00,0.000000000000000000e+00
5.411341925149057985e-01,5.018134765791406604e-01,4.829039906024830131e-01,4.272975635599627897e-01,4.348279300962650806e-01,4.393287129424939819e-01,4.579627944753982827e-01,0.000000000000000000e+00,5.010447116471657969e-01,4.332577138976491105e-01,3.311251613831667773e-01,4.904900980294735202e-01,4.582854094563448832e-01,4.247931177664394098e-01,0.000000000000000000e+00,4.660943331800749823e-01,0.000000000000000000e+00,5.171017976082661338e-01,3.880966418480181757e-01,4.275469769745753879e-01,4.226833627556351169e-01,4.542344213968684818e-01,3.800511661066586777e-01,5.578064201317736170e-01,5.029159902559822148e-01,5.196188592569020992e-01,4.772379924206580082e-01,4.570021389389953836e-01,4.221312001308831774e-01,4.432851285925391016e-01,4.524691273293686145e-01,4.223247313529960856e-01,4.785339383440160854e-01,4.711257992443185216e-01,4.737024080749425159e-01,3.392581460151568029e-01,4.327602890650580902e-01,0.000000000000000000e+00,5.019063876747772435e-01,0.000000000000000000e+00,5.256833046576055990e-01,0.000000000000000000e+00,4.588401633349256104e-01,0.000000000000000000e+00,0.000000000000000000e+00,0.000000000000000000e+00,0.000000000000000000e+00,5.863621359837970504e-01,0.000000000000000000e+00,5.458081882075853652e-01,5.130626280013838025e-01,5.195549748245599231e-01,4.783765655348404811e-01,5.715817785501238202e-01,0.000000000000000000e+00,5.091258541971774854e-01,0.000000000000000000e+00,5.479064746325569280e-01,0.000000000000000000e+00,0.000000000000000000e+00,0.000000000000000000e+00,0.000000000000000000e+00,0.000000000000000000e+00,5.675887822754751566e-01,0.000000000000000000e+00,0.000000000000000000e+00,0.000000000000000000e+00,5.316362404221522953e-01,0.000000000000000000e+00,0.000000000000000000e+00,0.000000000000000000e+00,5.486652068325841292e-01,5.123413479076259769e-01,5.008651681321786286e-01,0.000000000000000000e+00,5.389753516216280183e-01
0.000000000000000000e+00,3.727136641372004178e-01,3.483359490353358234e-01,3.964465501289269889e-01,3.566281464816218882e-01,3.563370286573050993e-01,4.015711368841646256e-01,5.010447116471657969e-01,0.000000000000000000e+00,4.216461609154302792e-01,3.288289555436549882e-01,3.695649539900243141e-01,3.615603519769894914e-01,4.529002633740691897e-01,0.000000000000000000e+00,3.088840020908982242e-01,0.000000000000000000e+00,0.000000000000000000e+00,3.138937243126082022e-01,0.000000000000000000e+00,0.000000000000000000e+00,4.165332368919077988e-01,4.232048327732039761e-01,2.670251296851333112e-01,2.111664056078980944e-01,2.709965934346761918e-01,3.719182966927376266e-01,4.206409034015368142e-01,4.201962534881598099e-01,3.601697807370384807e-01,4.172848948031929184e-01,3.943336178912819068e-01,4.179976510976549098e-01,4.118067629678656139e-01,3.791844801418118860e-01,3.976181661444712079e-01,3.916653446489516965e-01,3.848991702454356845e-01,4.942705765991737832e-01,0.000000000000000000e+00,2.531119931175582205e-01,0.000000000000000000e+00,5.171524905127996563e-01,0.000000000000000000e+00,0.000000000000000000e+00,0.000000000000000000e+00,0.000000000000000000e+00,6.008491641847432119e-01,0.000000000000000000e+00,5.450972616029300388e-01,5.763794187446918960e-01,5.713116202018186929e-01,5.651866825293158092e-01,6.587722273134499762e-01,0.000000000000000000e+00,5.414960755480346943e-01,0.000000000000000000e+00,4.967532860246052229e-01,0.000000000000000000e+00,0.000000000000000000e+00,0.000000000000000000e+00,0.000000000000000000e+00,0.000000000000000000e+00,6.091041360567869267e-01,0.000000000000000000e+00,0.000000000000000000e+00,0.000000000000000000e+00,5.678530938243980808e-01,0.000000000000000000e+00,0.000000000000000000e+00,0.000000000000000000e+00,5.652884441914158842e-01,4.779338599421241174e-01,0.000000000000000000e+00,0.000000000000000000e+00,0.000000000000000000e+00
4.214148783998635794e-01,0.000000000000000000e+00,3.463870079629329246e-01,3.977683820371629153e-01,4.703031657660067810e-01,4.448123977722706068e-01,3.816272425253838807e-01,4.332577138976491105e-01,4.216461609154302792e-01,0.000000000000000000e+00,4.309039297342691088e-01,3.171043017758854998e-01,4.246737249963097871e-01,0.000000000000000000e+00,0.000000000000000000e+00,4.600133023686642231e-01,3.333510134905700029e-01,3.627532213913338133e-01,4.531614769576318147e-01,3.357708003269219144e-01,0.000000000000000000e+00,4.118571484509648273e-01,4.745759748416398249e-01,3.524440953949180000e-01,3.476359046139814168e-01,3.602969330878255105e-01,3.950529461617771076e-01,4.081811281825661886e-01,3.315087539206951761e-01,0.000000000000000000e+00,3.355564903747569883e-01,3.706198462666038251e-01,3.608894420121560032e-01,3.559754054585744232e-01,2.925296197841429913e-01,2.489523786400167915e-01,2.539160233942878153e-01,3.121995182885172748e-01,3.095150785852063269e-01,3.772462574947479941e-01,3.974776519964686172e-01,0.000000000000000000e+00,0.000000000000000000e+00,0.000000000000000000e+00,0.000000000000000000e+00,4.265406501962343278e-01,0.000000000000000000e+00,0.000000000000000000e+00,0.000000000000000000e+00,0.000000000000000000e+00,0.000000000000000000e+00,0.000000000000000000e+00,0.000000000000000000e+00,0.000000000000000000e+00,4.890631667835497742e-01,0.000000000000000000e+00,4.708299463028058907e-01,0.000000000000000000e+00,0.000000000000000000e+00,0.000000000000000000e+00,0.000000000000000000e+00,5.003174047894642928e-01,4.262434985805940157e-01,0.000000000000000000e+00,0.000000000000000000e+00,0.000000000000000000e+00,0.000000000000000000e+00,0.000000000000000000e+00,5.013899309357198186e-01,4.841171361372458848e-01,4.903597887784226783e-01,0.000000000000000000e+00,0.000000000000000000e+00,0.000000000000000000e+00,0.000000000000000000e+00,4.575547696008480103e-01
0.000000000000000000e+00,0.000000000000000000e+00,3.402675536261576261e-01,3.898629513980094163e-01,3.291181419877298175e-01,4.015533140157319103e-01,4.421123717374508821e-01,3.311251613831667773e-01,3.288289555436549882e-01,4.309039297342691088e-01,0.000000000000000000e+00,4.059669024715794050e-01,4.476897686120026032e-01,3.111203699379880838e-01,0.000000000000000000e+00,0.000000000000000000e+00,3.299390766046050860e-01,0.000000000000000000e+00,2.425734755828432010e-01,0.000000000000000000e+00,0.000000000000000000e+00,0.000000000000000000e+00,3.089462373440913234e-01,4.065444096781853922e-01,0.000000000000000000e+00,2.924442182113389244e-01,4.011668034072338740e-01,4.411668657011842964e-01,0.000000000000000000e+00,0.000000000000000000e+00,4.452354992349950025e-01,3.579747629979361245e-01,3.802595652582734242e-01,4.303471705042675177e-01,4.013516936923919864e-01,2.476386241226564977e-01,4.211227474398929194e-01,3.564384296043854872e-01,3.726168508092125853e-01,0.000000000000000000e+00,0.000000000000000000e+00,0.000000000000000000e+00,3.729715389978198181e-01,0.000000000000000000e+00,0.000000000000000000e+00,0.000000000000000000e+00,0.000000000000000000e+00,4.767966124411526230e-01,0.000000000000000000e+00,3.392799980952609928e-01,4.776207695856424795e-01,3.794156646197073268e-01,4.871312128140419806e-01,4.430896192099751940e-01,0.000000000000000000e+00,2.049877555967782039e-01,0.000000000000000000e+00,3.839920650908161814e-01,4.040919901453232099e-01,0.000000000000000000e+00,0.000000000000000000e+00,0.000000000000000000e+00,0.000000000000000000e+00,3.204816991603350873e-01,0.000000000000000000e+00,0.000000000000000000e+00,0.000000000000000000e+00,5.104074653055723498e-01,0.000000000000000000e+00,0.000000000000000000e+00,0.000000000000000000e+00,5.566109630983071543e-01,2.931926490980745204e-01,0.000000000000000000e+00,0.000000000000000000e+00,0.000000000000000000e+00
4.058952386509973032e-01,0.000000000000000000e+00,3.247512775100440119e-01,2.355049578558336965e-01,4.786656312373134270e-01,3.367707276408685724e-01,3.814626989700006798e-01,4.904900980294735202e-01,3.695649539900243141e-01,3.171043017758854998e-01,4.059669024715794050e-01,0.000000000000000000e+00,3.801812912364379016e-01,0.000000000000000000e+00,0.000000000000000000e+00,0.000000000000000000e+00,3.681934119720640108e-01,3.661111067311124123e-01,3.851180221308461160e-01,0.000000000000000000e+00,4.557214190261035247e-01,0.000000000000000000e+00,4.691971001346397774e-01,3.214978145360677941e-01,3.722539715875124999e-01,3.628357213254551072e-01,3.609277791514439171e-01,3.819615280962176951e-01,0.000000000000000000e+00,0.000000000000000000e+00,3.637549215231378197e-01,2.813560566060570034e-01,3.105433162531855973e-01,2.801913250202365813e-01,3.103267346558680195e-01,3.300467464104532844e-01,3.539886446081781934e-01,2.549196420814354158e-01,3.298064405880383188e-01,3.755346316894647152e-01,3.954271194447808724e-01,0.000000000000000000e+00,0.000000000000000000e+00,0.000000000000000000e+00,1.773099811281712013e-01,0.000000000000000000e+00,0.000000000000000000e+00,0.000000000000000000e+00,0.000000000000000000e+00,0.000000000000000000e+00,0.000000000000000000e+00,0.000000000000000000e+00,0.000000000000000000e+00,0.000000000000000000e+00,4.779239536878021055e-01,0.000000000000000000e+00,4.653693782793378864e-01,0.000000000000000000e+00,0.000000000000000000e+00,0.000000000000000000e+00,0.000000000000000000e+00,4.715895970950710892e-01,4.380316446425823185e-01,0.000000000000000000e+00,0.000000000000000000e+00,0.000000000000000000e+00,0.000000000000000000e+00,0.000000000000000000e+00,4.681107627391147830e-01,4.896847442580875009e-01,4.947707116090008794e-01,0.000000000000000000e+00,0.000000000000000000e+00,0.000000000000000000e+00,0.000000000000000000e+00,4.572861447405701107e-01
4.257729624039249261e-01,4.383645130292299075e-01,4.276956454426529830e-01,3.548422327121720787e-01,3.767129764581744200e-01,4.047912578693759755e-01,3.670882963979695268e-01,4.582854094563448832e-01,3.615603519769894914e-01,4.246737249963097871e-01,4.476897686120026032e-01,3.801812912364379016e-01,0.000000000000000000e+00,3.853446473642632153e-01,0.000000000000000000e+00,4.824942331037904153e-01,4.279328675482391153e-01,4.477938710109585774e-01,4.428194068710065157e-01,4.654588960244481766e-01,4.442803792794318141e-01,4.882581224583190105e-01,4.377546439666695766e-01,3.582334036602228267e-01,4.125434501740095072e-01,4.214445831326454894e-01,4.395005642260945145e-01,3.782136089837537241e-01,4.763334324649690088e-01,4.415835485164812946e-01,4.397270907909395232e-01,4.221812885008022209e-01,4.236747540861561245e-01,4.230430329958699831e-01,4.097784438022823994e-01,3.598775100389823844e-01,3.602544726751413240e-01,3.618008922365542057e-01,6.066125058683516924e-01,0.000000000000000000e+00,3.188429214003750123e-01,4.765686012180239128e-01,4.537742764043332100e-01,0.000000000000000000e+00,0.000000000000000000e+00,0.000000000000000000e+00,0.000000000000000000e+00,5.110462397167792048e-01,0.000000000000000000e+00,0.000000000000000000e+00,5.878613919781203734e-01,4.345013086695214133e-01,5.252483237998523125e-01,0.000000000000000000e+00,0.000000000000000000e+00,4.098187148102035993e-01,0.000000000000000000e+00,0.000000000000000000e+00,0.000000000000000000e+00,0.000000000000000000e+00,0.000000000000000000e+00,0.000000000000000000e+00,0.000000000000000000e+00,0.000000000000000000e+00,5.098381538105858368e-01,0.000000000000000000e+00,2.781135799735278136e-01,5.429943328688493498e-01,0.000000000000000000e+00,3.476508381558642835e-01,3.340924712576145983e-01,5.473004746816878541e-01,0.000000000000000000e+00,4.956426567604029221e-01,0.000000000000000000e+00,0.000000000000000000e+00
0.000000000000000000e+00,0.000000000000000000e+00,4.193825263154324912e-01,3.076210162791245817e-01,3.129633509109254197e-01,4.546372192641234822e-01,3.595314966730279171e-01,4.247931177664394098e-01,4.529002633740691897e-01,0.000000000000000000e+00,3.111203699379880838e-01,0.000000000000000000e+00,3.853446473642632153e-01,0.000000000000000000e+00,0.000000000000000000e+00,0.000000000000000000e+00,0.000000000000000000e+00,0.000000000000000000e+00,3.433047299289284093e-01,0.000000000000000000e+00,5.354693617790627913e-01,0.000000000000000000e+00,4.309077596549035771e-01,0.000000000000000000e+00,0.000000000000000000e+00,0.000000000000000000e+00,4.671177519983044091e-01,3.369212781134380830e-01,0.000000000000000000e+00,0.000000000000000000e+00,4.205941622163021920e-01,3.019008675162199729e-01,0.000000000000000000e+00,5.049287560314699164e-01,0.000000000000000000e+00,2.089484743396438915e-01,1.979437461673571041e-01,0.000000000000000000e+00,0.000000000000000000e+00,0.000000000000000000e+00,0.000000000000000000e+00,0.000000000000000000e+00,4.175188833878145100e-01,0.000000000000000000e+00,0.000000000000000000e+00,0.000000000000000000e+00,0.000000000000000000e+00,5.751928776349021222e-01,0.000000000000000000e+00,0.000000000000000000e+00,0.000000000000000000e+00,0.000000000000000000e+00,0.000000000000000000e+00,5.433316612918608346e-01,0.000000000000000000e+00,4.892378651062694872e-01,0.000000000000000000e+00,0.000000000000000000e+00,0.000000000000000000e+00,0.000000000000000000e+00,0.000000000000000000e+00,0.000000000000000000e+00,0.000000000000000000e+00,0.000000000000000000e+00,0.000000000000000000e+00,0.000000000000000000e+00,0.000000000000000000e+00,5.278893604180132648e-01,0.000000000000000000e+00,0.000000000000000000e+00,0.000000000000000000e+00,5.200131961280523019e-01,0.000000000000000000e+00,0.000000000000000000e+00,0.000000000000000000e+00,0.000000000000000000e+00
4.193728244945025274e-01,4.595302828945305729e-01,0.000000000000000000e+00,0.000000000000000000e+00,0.000000000000000000e+00,4.891645696738330940e-01,0.000000000000000000e+00,0.000000000000000000e+00,0.000000000000000000e+00,0.000000000000000000e+00,0.000000000000000000e+00,0.000000000000000000e+00,0.000000000000000000e+00,0.000000000000000000e+00,0.000000000000000000e+00,4.469337549585021274e-01,0.000000000000000000e+00,4.321728605449197125e-01,0.000000000000000000e+00,4.066805533853674048e-01,4.336197226657433901e-01,4.635179749157760098e-01,4.098265815206036944e-01,4.909131655370226888e-01,4.224370795731340889e-01,4.378061230264552184e-01,4.583590383744124974e-01,0.000000000000000000e+00,4.429562890130033237e-01,0.000000000000000000e+00,4.448948630136825844e-01,4.740542840324500906e-01,4.438591370161142913e-01,4.705988005942087771e-01,5.178704356277172849e-01,5.324210197644795306e-01,0.000000000000000000e+00,0.000000000000000000e+00,5.242311391368390527e-01,5.177819337201607919e-01,5.421825611104755804e-01,5.691182226709319281e-01,0.000000000000000000e+00,0.000000000000000000e+00,0.000000000000000000e+00,0.000000000000000000e+00,5.417886464955790071e-01,0.000000000000000000e+00,0.000000000000000000e+00,0.000000000000000000e+00,5.336586781897184606e-01,0.000000000000000000e+00,0.000000000000000000e+00,0.000000000000000000e+00,0.000000000000000000e+00,0.000000000000000000e+00,0.000000000000000000e+00,0.000000000000000000e+00,0.000000000000000000e+00,5.244634332735186311e-01,4.678677147194322261e-01,0.000000000000000000e+00,0.000000000000000000e+00,0.000000000000000000e+00,4.958956075867225755e-01,5.009704017201074278e-01,5.315369360191053438e-01,5.154202249965617044e-01,0.000000000000000000e+00,4.044966468175124064e-01,6.034881654448668309e-01,5.153197108487391764e-01,4.853695490940065915e-01,5.048286254926254157e-01,0.000000000000000000e+00,5.056917367289092136e-01
4.127709887649799181e-01,4.297369825132065224e-01,0.000000000000000000e+00,0.000000000000000000e+00,3.853604165865106013e-01,4.344245204742748778e-01,4.866762512856470102e-01,4.660943331800749823e-01,3.088840020908982242e-01,4.600133023686642231e-01,0.000000000000000000e+00,0.000000000000000000e+00,4.824942331037904153e-01,0.000000000000000000e+00,4.469337549585021274e-01,0.000000000000000000e+00,4.208080638503020054e-01,3.280006568719410209e-01,0.000000000000000000e+00,4.212817600069860835e-01,4.211969407808153765e-01,3.958824785602375051e-01,4.577971106001451074e-01,3.884866135725598135e-01,3.851744773638651753e-01,4.420718006387525101e-01,4.538814785085361070e-01,4.685080842363945064e-01,4.581940563441128100e-01,4.175983549641256731e-01,3.865986733990309232e-01,4.664221973934082888e-01,3.983358489828753846e-01,4.084502964972355210e-01,4.538812960192754042e-01,0.000000000000000000e+00,0.000000000000000000e+00,0.000000000000000000e+00,4.682046649809480932e-01,4.458482591934028183e-01,4.642913570684507052e-01,4.828541606760464733e-01,0.000000000000000000e+00,0.000000000000000000e+00,0.000000000000000000e+00,4.433466806334556143e-01,4.656556988667691077e-01,0.000000000000000000e+00,0.000000000000000000e+00,0.000000000000000000e+00,0.000000000000000000e+00,0.000000000000000000e+00,0.000000000000000000e+00,0.000000000000000000e+00,0.000000000000000000e+00,0.000000000000000000e+00,0.000000000000000000e+00,0.000000000000000000e+00,0.000000000000000000e+00,4.775764354143948176e-01,4.612400881052178270e-01,0.000000000000000000e+00,4.491051365627117264e-01,0.000000000000000000e+00,4.849511684763058161e-01,0.000000000000000000e+00,4.572311974993025774e-01,3.807644075938537154e-01,0.000000000000000000e+00,4.565533021051951246e-01,4.864351296384427092e-01,4.199707574770973895e-01,0.000000000000000000e+00,4.324372172594558861e-01,0.000000000000000000e+00,4.445486441340136818e-01
3.491296219624414054e-01,3.534697214091708783e-01,0.000000000000000000e+00,0.000000000000000000e+00,0.000000000000000000e+00,2.635282726990962887e-01,4.005197735808012083e-01,0.000000000000000000e+00,0.000000000000000000e+00,3.333510134905700029e-01,3.299390766046050860e-01,3.681934119720640108e-01,4.279328675482391153e-01,0.000000000000000000e+00,0.000000000000000000e+00,4.208080638503020054e-01,0.000000000000000000e+00,3.403282279779015762e-01,0.000000000000000000e+00,3.977510038036478068e-01,0.000000000000000000e+00,4.494482332937423941e-01,0.000000000000000000e+00,3.750581014836598115e-01,3.171267314181350216e-01,3.501861518563368914e-01,0.000000000000000000e+00,4.241996663003925194e-01,3.712885179749467746e-01,0.000000000000000000e+00,3.497808882944274944e-01,4.492914580415889869e-01,3.755960593998621255e-01,3.772325346350142161e-01,3.977138827239360963e-01,0.000000000000000000e+00,0.000000000000000000e+00,3.530081666503285809e-01,0.000000000000000000e+00,4.099267679222928784e-01,0.000000000000000000e+00,0.000000000000000000e+00,0.000000000000000000e+00,0.000000000000000000e+00,0.000000000000000000e+00,0.000000000000000000e+00,0.000000000000000000e+00,0.000000000000000000e+00,0.000000000000000000e+00,0.000000000000000000e+00,0.000000000000000000e+00,0.000000000000000000e+00,0.000000000000000000e+00,0.000000000000000000e+00,4.786479963794472159e-01,0.000000000000000000e+00,4.756663915804251186e-01,0.000000000000000000e+00,0.000000000000000000e+00,0.000000000000000000e+00,0.000000000000000000e+00,4.758211021184354794e-01,4.206551872092246791e-01,0.000000000000000000e+00,0.000000000000000000e+00,0.000000000000000000e+00,0.000000000000000000e+00,0.000000000000000000e+00,4.504040163753219028e-01,4.463121317361162799e-01,4.494745954277771238e-01,0.000000000000000000e+00,0.000000000000000000e+00,0.000000000000000000e+00,0.000000000000000000e+00,0.000000000000000000e+00
3.678116495051653168e-01,4.111911120797077102e-01,0.000000000000000000e+00,0.000000000000000000e+00,0.000000000000000000e+00,3.757759496367910068e-01,4.508359274379618031e-01,5.171017976082661338e-01,0.000000000000000000e+00,3.627532213913338133e-01,0.000000000000000000e+00,3.661111067311124123e-01,4.477938710109585774e-01,0.000000000000000000e+00,4.321728605449197125e-01,3.280006568719410209e-01,3.403282279779015762e-01,0.000000000000000000e+00,0.000000000000000000e+00,4.269512055934063244e-01,4.311227982914361267e-01,4.172816009759824918e-01,4.644239960501613806e-01,3.416691487480993938e-01,3.341259798202380060e-01,3.770015035425102190e-01,4.382390816897209773e-01,4.398558554004585730e-01,4.486240300446230900e-01,4.154229933413712827e-01,3.677281439213407888e-01,4.630236852357321742e-01,3.508504456847157948e-01,3.860779554730727758e-01,4.176552956288244189e-01,0.000000000000000000e+00,0.000000000000000000e+00,0.000000000000000000e+00,4.480546306492407815e-01,4.066723071803661216e-01,4.315489501137221851e-01,4.799910987636840098e-01,0.000000000000000000e+00,0.000000000000000000e+00,0.000000000000000000e+00,4.191049068749804762e-01,4.456488899091229916e-01,0.000000000000000000e+00,0.000000000000000000e+00,0.000000000000000000e+00,0.000000000000000000e+00,0.000000000000000000e+00,0.000000000000000000e+00,0.000000000000000000e+00,4.346040291023655078e-01,0.000000000000000000e+00,4.258508297884032734e-01,0.000000000000000000e+00,0.000000000000000000e+00,0.000000000000000000e+00,4.373297137966061787e-01,3.946956663041221169e-01,4.100245316241060145e-01,0.000000000000000000e+00,0.000000000000000000e+00,0.000000000000000000e+00,4.330663786523469838e-01,0.000000000000000000e+00,4.410690961382889852e-01,4.181422947331281947e-01,4.253586489464212805e-01,0.000000000000000000e+00,0.000000000000000000e+00,0.000000000000000000e+00,0.000000000000000000e+00,4.258317714776085894e-01
0.000000000000000000e+00,0.000000000000000000e+00,2.942165604310122973e-01,4.015941639867350865e-01,3.824131381311642874e-01,4.259011584158943764e-01,4.534655331337125173e-01,3.880966418480181757e-01,3.138937243126082022e-01,4.531614769576318147e-01,2.425734755828432010e-01,3.851180221308461160e-01,4.428194068710065157e-01,3.433047299289284093e-01,0.000000000000000000e+00,0.000000000000000000e+00,0.000000000000000000e+00,0.000000000000000000e+00,0.000000000000000000e+00,0.000000000000000000e+00,0.000000000000000000e+00,0.000000000000000000e+00,2.541180378422138730e-01,0.000000000000000000e+00,0.000000000000000000e+00,0.000000000000000000e+00,4.160723707077497169e-01,4.387109124297077778e-01,0.000000000000000000e+00,0.000000000000000000e+00,4.335815989757864086e-01,3.764001839243901748e-01,0.000000000000000000e+00,4.242180767780642792e-01,0.000000000000000000e+00,3.476054924575271987e-01,4.226174994410494268e-01,3.750363628765663870e-01,5.039243712277302611e-01,0.000000000000000000e+00,0.000000000000000000e+00,0.000000000000000000e+00,4.246347796996894908e-01,0.000000000000000000e+00,0.000000000000000000e+00,0.000000000000000000e+00,0.000000000000000000e+00,4.212300566312334738e-01,0.000000000000000000e+00,5.295487194912631423e-01,5.816780723963705935e-01,4.949118253698768788e-01,5.236420082014363597e-01,5.594155867446770625e-01,0.000000000000000000e+00,3.278908796124431757e-01,0.000000000000000000e+00,4.244963937704022139e-01,0.000000000000000000e+00,0.000000000000000000e+00,0.000000000000000000e+00,0.000000000000000000e+00,0.000000000000000000e+00,3.103266562274323848e-01,0.000000000000000000e+00,0.000000000000000000e+00,0.000000000000000000e+00,5.378844455764484334e-01,0.000000000000000000e+00,0.000000000000000000e+00,0.000000000000000000e+00,5.620919377015346496e-01,0.000000000000000000e+00,0.000000000000000000e+00,0.000000000000000000e+00,0.000000000000000000e+00
4.578294204586739191e-01,4.303747831405079771e-01,0.000000000000000000e+00,0.000000000000000000e+00,0.000000000000000000e+00,4.343253053428179911e-01,4.619388685255225169e-01,4.275469769745753879e-01,0.000000000000000000e+00,3.357708003269219144e-01,0.000000000000000000e+00,0.000000000000000000e+00,4.654588960244481766e-01,0.000000000000000000e+00,4.066805533853674048e-01,4.212817600069860835e-01,3.977510038036478068e-01,4.269512055934063244e-01,0.000000000000000000e+00,0.000000000000000000e+00,4.589685880723998745e-01,4.002256713494966034e-01,3.103367665195184144e-01,0.000000000000000000e+00,4.072803095884279245e-01,4.678857247827423183e-01,3.749241194372545105e-01,4.101195954720383008e-01,3.684486904085336190e-01,3.109708072066041940e-01,3.907083268721219804e-01,4.684133893204103227e-01,4.147489816004956142e-01,4.513637305976940239e-01,4.868094456586555263e-01,5.196373342370075310e-01,4.634148128029806912e-01,0.000000000000000000e+00,5.144827559703828435e-01,4.824369574870219779e-01,5.366917703901402659e-01,5.306312827797827758e-01,4.710437562304384262e-01,0.000000000000000000e+00,0.000000000000000000e+00,0.000000000000000000e+00,5.501461746949355414e-01,0.000000000000000000e+00,0.000000000000000000e+00,0.000000000000000000e+00,5.332633997761775380e-01,0.000000000000000000e+00,4.750640849668381072e-01,0.000000000000000000e+00,0.000000000000000000e+00,0.000000000000000000e+00,0.000000000000000000e+00,4.390624758856013776e-01,0.000000000000000000e+00,5.034590975310697658e-01,3.637450621974335774e-01,0.000000000000000000e+00,0.000000000000000000e+00,0.000000000000000000e+00,5.058773893679360256e-01,5.263033048554049964e-01,4.986475755034991963e-01,5.452125575364628052e-01,0.000000000000000000e+00,3.226028682603327979e-01,5.212288997065189777e-01,5.412568936185141455e-01,5.165987129346198969e-01,5.235305974281189156e-01,4.255324605424221085e-01,4.869182174738153068e-01
4.269408755152176993e-01,4.311902129611516754e-01,0.000000000000000000e+00,0.000000000000000000e+00,0.000000000000000000e+00,4.406602680191925026e-01,0.000000000000000000e+00,4.226833627556351169e-01,0.000000000000000000e+00,0.000000000000000000e+00,0.000000000000000000e+00,4.557214190261035247e-01,4.442803792794318141e-01,5.354693617790627913e-01,4.336197226657433901e-01,4.211969407808153765e-01,0.000000000000000000e+00,4.311227982914361267e-01,0.000000000000000000e+00,4.589685880723998745e-01,0.000000000000000000e+00,4.607426852903533931e-01,4.040173984206770208e-01,5.249298664686588012e-01,4.326955699905146169e-01,4.472406286737746761e-01,4.760594160508480055e-01,4.900912330481612122e-01,4.519106806198158188e-01,0.000000000000000000e+00,4.329377262256305925e-01,4.707248392610158261e-01,3.938832455469163940e-01,4.361147936561379779e-01,5.246380330573716666e-01,0.000000000000000000e+00,0.000000000000000000e+00,0.000000000000000000e+00,5.094421332174485784e-01,4.381375829044562020e-01,4.669598604712407730e-01,5.362745558814722147e-01,0.000000000000000000e+00,0.000000000000000000e+00,0.000000000000000000e+00,0.000000000000000000e+00,5.039107521273845647e-01,0.000000000000000000e+00,0.000000000000000000e+00,0.000000000000000000e+00,4.708503361481479188e-01,0.000000000000000000e+00,2.768037626233623150e-01,0.000000000000000000e+00,0.000000000000000000e+00,0.000000000000000000e+00,0.000000000000000000e+00,0.000000000000000000e+00,0.000000000000000000e+00,5.071586060398025619e-01,4.799659781023822847e-01,0.000000000000000000e+00,0.000000000000000000e+00,0.000000000000000000e+00,4.809614085751777735e-01,3.870502706894373146e-01,5.059143050117337337e-01,5.027854711911303731e-01,0.000000000000000000e+00,4.074898888329078761e-01,5.487639373913513197e-01,5.149609229130880372e-01,4.685146755458211021e-01,4.778702708488892781e-01,0.000000000000000000e+00,0.000000000000000000e+00
