0.000000000000000000e+00,3.815237215111649260e-01,0.000000000000000000e+00,0.000000000000000000e+00,0.000000000000000000e+00,3.832326840965121217e-01,0.000000000000000000e+00,4.831881762905562150e-01,0.000000000000000000e+00,3.364157889368554755e-01,0.000000000000000000e+00,3.357069650612112266e-01,3.648839596114434869e-01,0.000000000000000000e+00,3.700002019248920804e-01,3.627619171637682105e-01,0.000000000000000000e+00,3.300849525712721277e-01,0.000000000000000000e+00,3.813095187416136733e-01,3.900451955309556795e-01,3.702231363280589771e-01,4.324324268926499903e-01,3.363707678375130183e-01,3.491068782979003249e-01,3.367332342635184772e-01,3.851969624254383828e-01,3.916294722883453261e-01,4.446712612222812888e-01,0.000000000000000000e+00,3.405725210710703887e-01,4.017622722015096182e-01,3.099048472719506120e-01,3.211161017960836861e-01,4.131378360458872745e-01,0.000000000000000000e+00,0.000000000000000000e+00,3.406583525411288060e-01,4.255352553732659193e-01,3.965260413604215772e-01,4.188320703379925791e-01,0.000000000000000000e+00,0.000000000000000000e+00,0.000000000000000000e+00,0.000000000000000000e+00,3.568703630221339851e-01,4.116344432076001758e-01,0.000000000000000000e+00,0.000000000000000000e+00,0.000000000000000000e+00,0.000000000000000000e+00,0.000000000000000000e+00,0.000000000000000000e+00,0.000000000000000000e+00,3.545823706425961230e-01,0.000000000000000000e+00,0.000000000000000000e+00,0.000000000000000000e+00,0.000000000000000000e+00,0.000000000000000000e+00,4.355176233806675734e-01,0.000000000000000000e+00,3.890488315300293931e-01,0.000000000000000000e+00,0.000000000000000000e+00,3.447072851863267062e-01,4.152841569303628022e-01,0.000000000000000000e+00,0.000000000000000000e+00,4.012019686549774256e-01,4.341364038250554169e-01,0.000000000000000000e+00,0.000000000000000000e+00,0.000000000000000000e+00,0.000000000000000000e+00,3.919127288137678744e-01
3.815237215111649260e-01,0.000000000000000000e+00,0.000000000000000000e+00,0.000000000000000000e+00,3.648381156871824960e-01,3.987332043311158092e-01,3.965448477441668174e-01,4.567177484775014062e-01,3.412792554367619080e-01,0.000000000000000000e+00,0.000000000000000000e+00,0.000000000000000000e+00,4.409003804637838253e-01,0.000000000000000000e+00,4.056088049562279751e-01,3.874888789148968060e-01,3.662918400874888847e-01,3.777389968752529747e-01,0.000000000000000000e+00,4.305896008556855947e-01,3.907961067443072034e-01,4.037369043271533120e-01,4.021282990289837822e-01,0.000000000000000000e+00,3.544002787837924884e-01,3.887098376359698904e-01,4.131780969317340180e-01,4.521748057880831118e-01,4.266443837592442945e-01,0.000000000000000000e+00,3.581531116990500085e-01,4.153153001300495806e-01,3.436575839631356155e-01,3.594284148015122193e-01,4.134610572081987012e-01,0.000000000000000000e+00,0.000000000000000000e+00,0.000000000000000000e+00,4.413239524679943848e-01,4.435908010740540752e-01,4.409116271013662214e-01,4.530311162207408260e-01,0.000000000000000000e+00,0.000000000000000000e+00,0.000000000000000000e+00,4.201439685222355114e-01,4.415377709816443730e-01,0.000000000000000000e+00,0.000000000000000000e+00,0.000000000000000000e+00,3.382673372692662217e-01,0.000000000000000000e+00,0.000000000000000000e+00,0.000000000000000000e+00,0.000000000000000000e+00,0.000000000000000000e+00,0.000000000000000000e+00,0.000000000000000000e+00,0.000000000000000000e+00,4.884900311182627797e-01,4.475872703144789799e-01,0.000000000000000000e+00,4.288114788915308173e-01,0.000000000000000000e+00,4.256596235844541942e-01,4.489530748499451218e-01,4.512867425881620931e-01,3.773940403871314242e-01,0.000000000000000000e+00,4.054240726334631950e-01,4.628419064820604722e-01,3.700129394791011883e-01,0.000000000000000000e+00,4.122483863523718761e-01,0.000000000000000000e+00,4.090354019418678821e-01
0.000000000000000000e+00,0.000000000000000000e+00,0.000000000000000000e+00,2.887900790458591271e-01,3.588792785685450126e-01,3.374114003744406176e-01,4.112849158810057970e-01,4.284914883339426828e-01,2.726101225105875825e-01,3.036531848587757931e-01,3.075733913454503088e-01,2.834523335984374115e-01,4.265291310569905847e-01,3.827724150849524110e-01,0.000000000000000000e+00,0.000000000000000000e+00,0.000000000000000000e+00,0.000000000000000000e+00,2.358622795337002864e-01,0.000000000000000000e+00,0.000000000000000000e+00,0.000000000000000000e+00,2.701693012838020103e-01,0.000000000000000000e+00,0.000000000000000000e+00,0.000000000000000000e+00,2.848155809994719068e-01,4.248455868333025909e-01,0.000000000000000000e+00,0.000000000000000000e+00,4.362133155683058927e-01,3.857642291247782018e-01,2.599718766849469787e-01,4.169258052876632092e-01,4.205032456425997767e-01,3.728879806062712077e-01,3.358112675303840944e-01,0.000000000000000000e+00,3.957523908025311066e-01,0.000000000000000000e+00,3.755120479918305776e-01,0.000000000000000000e+00,4.820179466691092984e-01,0.000000000000000000e+00,0.000000000000000000e+00,0.000000000000000000e+00,0.000000000000000000e+00,4.577151936508173091e-01,0.000000000000000000e+00,4.217068742303183848e-01,4.989710507804744899e-01,4.112274012145885060e-01,4.920579669663330269e-01,5.308003522266037111e-01,0.000000000000000000e+00,4.440642087041278274e-01,0.000000000000000000e+00,4.058026815206995930e-01,0.000000000000000000e+00,0.000000000000000000e+00,0.000000000000000000e+00,0.000000000000000000e+00,0.000000000000000000e+00,4.024777709493959077e-01,0.000000000000000000e+00,0.000000000000000000e+00,0.000000000000000000e+00,5.325515864416864309e-01,0.000000000000000000e+00,0.000000000000000000e+00,0.000000000000000000e+00,5.102066332309490582e-01,3.751294169978048876e-01,0.000000000000000000e+00,0.000000000000000000e+00,0.000000000000000000e+00
0.000000000000000000e+00,0.000000000000000000e+00,2.887900790458591271e-01,0.000000000000000000e+00,2.746789169267067066e-01,3.169273889881897843e-01,2.756176330329532242e-01,3.256186895222417110e-01,3.502448417512046275e-01,1.918835023162910047e-01,3.219472228367802891e-01,3.874468779060787904e-01,3.155868230231053118e-01,2.634955957930598114e-01,0.000000000000000000e+00,0.000000000000000000e+00,0.000000000000000000e+00,0.000000000000000000e+00,2.754013374662306890e-01,3.864104703338346880e-01,0.000000000000000000e+00,0.000000000000000000e+00,3.479010068006964107e-01,0.000000000000000000e+00,0.000000000000000000e+00,0.000000000000000000e+00,3.153773907917464259e-01,2.408527971682133118e-01,2.543513230922599955e-01,0.000000000000000000e+00,3.523995624458717835e-01,2.879241832290008185e-01,0.000000000000000000e+00,3.169620889583620871e-01,3.556697346871309229e-01,1.947065171931741112e-01,1.704305136409544896e-01,0.000000000000000000e+00,0.000000000000000000e+00,0.000000000000000000e+00,0.000000000000000000e+00,0.000000000000000000e+00,0.000000000000000000e+00,0.000000000000000000e+00,0.000000000000000000e+00,0.000000000000000000e+00,0.000000000000000000e+00,0.000000000000000000e+00,0.000000000000000000e+00,0.000000000000000000e+00,0.000000000000000000e+00,0.000000000000000000e+00,0.000000000000000000e+00,0.000000000000000000e+00,0.000000000000000000e+00,0.000000000000000000e+00,0.000000000000000000e+00,0.000000000000000000e+00,0.000000000000000000e+00,0.000000000000000000e+00,0.000000000000000000e+00,0.000000000000000000e+00,0.000000000000000000e+00,0.000000000000000000e+00,0.000000000000000000e+00,0.000000000000000000e+00,0.000000000000000000e+00,0.000000000000000000e+00,0.000000000000000000e+00,0.000000000000000000e+00,0.000000000000000000e+00,0.000000000000000000e+00,0.000000000000000000e+00,0.000000000000000000e+00,0.000000000000000000e+00,0.000000000000000000e+00
0.000000000000000000e+00,3.648381156871824960e-01,3.588792785685450126e-01,2.746789169267067066e-01,0.000000000000000000e+00,3.492745329119629760e-01,3.140624698317798780e-01,3.756216898263826098e-01,3.284865424510832743e-01,3.634500260505569846e-01,3.209640808300965875e-01,3.442828478494258104e-01,3.472877876443413725e-01,2.761985807740833243e-01,0.000000000000000000e+00,3.759858300575262269e-01,0.000000000000000000e+00,0.000000000000000000e+00,3.506237956927309996e-01,4.045934703383871067e-01,0.000000000000000000e+00,4.166531689564720864e-01,3.585826658845948089e-01,0.000000000000000000e+00,2.934213304126571109e-01,3.346510517605920110e-01,3.587716532653382195e-01,3.586576039340286237e-01,3.875686413155485233e-01,0.000000000000000000e+00,4.273203187695516769e-01,3.670837928551232143e-01,2.924266238180773803e-01,3.985619114633023874e-01,3.938505878515006775e-01,2.182448912670562902e-01,3.072145326195441783e-01,0.000000000000000000e+00,3.071054039026356874e-01,0.000000000000000000e+00,0.000000000000000000e+00,0.000000000000000000e+00,4.235732217633199070e-01,0.000000000000000000e+00,0.000000000000000000e+00,0.000000000000000000e+00,0.000000000000000000e+00,3.995578996177510112e-01,0.000000000000000000e+00,3.598724872598035862e-01,0.000000000000000000e+00,0.000000000000000000e+00,0.000000000000000000e+00,3.703032589289534937e-01,0.000000000000000000e+00,2.549712987715023194e-01,0.000000000000000000e+00,0.000000000000000000e+00,0.000000000000000000e+00,0.000000000000000000e+00,0.000000000000000000e+00,0.000000000000000000e+00,0.000000000000000000e+00,0.000000000000000000e+00,0.000000000000000000e+00,0.000000000000000000e+00,0.000000000000000000e+00,4.748973011539868172e-01,0.000000000000000000e+00,0.000000000000000000e+00,0.000000000000000000e+00,3.864753028762423770e-01,0.000000000000000000e+00,0.000000000000000000e+00,0.000000000000000000e+00,0.000000000000000000e+00
3.832326840965121217e-01,3.987332043311158092e-01,3.374114003744406176e-01,3.169273889881897843e-01,3.492745329119629760e-01,0.000000000000000000e+00,3.841055965888938162e-01,3.740301469692682845e-01,3.034586731855792863e-01,3.688064095614180249e-01,3.645804551673861860e-01,2.615806851281851086e-01,3.765671461366683070e-01,3.833483768962955840e-01,3.793410881746490104e-01,4.323715412523047030e-01,2.912145650104239758e-01,4.147555595825693775e-01,3.283570456572297847e-01,3.853205381855491773e-01,4.030891244651785832e-01,4.025554899784433149e-01,3.587849372326070152e-01,0.000000000000000000e+00,3.813329254804708746e-01,3.987495132072411130e-01,3.483660412393234096e-01,3.598728110179044148e-01,3.119446968443652102e-01,3.846362059673772982e-01,4.081048089442712024e-01,3.863562143396490067e-01,3.493916601781916209e-01,3.972288091004452792e-01,4.029181287215788942e-01,3.629277263594936076e-01,3.854068991261012100e-01,2.880513656920398180e-01,4.356963011350680759e-01,0.000000000000000000e+00,4.550280538699150723e-01,4.317757779115303229e-01,3.846154987427847782e-01,0.000000000000000000e+00,0.000000000000000000e+00,0.000000000000000000e+00,2.714328919890307001e-01,4.923975221244831779e-01,0.000000000000000000e+00,3.791031852407040770e-01,4.754518717625668134e-01,4.484036934742571812e-01,4.591147152642601204e-01,5.037386644685623027e-01,0.000000000000000000e+00,4.200758905096860230e-01,0.000000000000000000e+00,4.678715440978402085e-01,0.000000000000000000e+00,3.730690285583012078e-01,0.000000000000000000e+00,0.000000000000000000e+00,0.000000000000000000e+00,4.627428824692337850e-01,3.822049173733260141e-01,0.000000000000000000e+00,3.574971359507864155e-01,4.909425249112672196e-01,0.000000000000000000e+00,0.000000000000000000e+00,3.765731292506642180e-01,4.822289380620661814e-01,4.940230425045296081e-01,4.706353794824940096e-01,4.458692425561556205e-01,4.779051768370218833e-01
0.000000000000000000e+00,3.965448477441668174e-01,4.112849158810057970e-01,2.756176330329532242e-01,3.140624698317798780e-01,3.841055965888938162e-01,0.000000000000000000e+00,4.092424599246016204e-01,3.384262274792043113e-01,3.274881534177679909e-01,3.989780656371941792e-01,3.165161552321483218e-01,2.837947366567963869e-01,2.997307674135240019e-01,0.000000000000000000e+00,4.437105033900707873e-01,3.429133414635939792e-01,4.023050668269019248e-01,4.129717412813186939e-01,4.164416797722861885e-01,0.000000000000000000e+00,4.430323121498215277e-01,3.798810324218698242e-01,3.510588830751226741e-01,3.948033769307683905e-01,3.645681205366537170e-01,3.889158235614105230e-01,3.475304498151676746e-01,4.100518103906685141e-01,0.000000000000000000e+00,4.050579813011532249e-01,3.753624678919645907e-01,3.233666005812627087e-01,3.847434717368053980e-01,4.134542018099959804e-01,2.661234158280016970e-01,2.814198463147377094e-01,3.073392542195079735e-01,3.193497436802669176e-01,0.000000000000000000e+00,3.568386730971433995e-01,0.000000000000000000e+00,3.317556029981734156e-01,0.000000000000000000e+00,0.000000000000000000e+00,0.000000000000000000e+00,0.000000000000000000e+00,3.926838523846127860e-01,0.000000000000000000e+00,0.000000000000000000e+00,3.875585545842766821e-01,0.000000000000000000e+00,0.000000000000000000e+00,0.000000000000000000e+00,0.000000000000000000e+00,2.571309281983151229e-01,0.000000000000000000e+00,0.000000000000000000e+00,0.000000000000000000e+00,0.000000000000000000e+00,0.000000000000000000e+00,0.000000000000000000e+00,0.000000000000000000e+00,0.000000000000000000e+00,0.000000000000000000e+00,0.000000000000000000e+00,0.000000000000000000e+00,4.967824612385057792e-01,0.000000000000000000e+00,0.000000000000000000e+00,0.000000000000000000e+00,4.257624940429434179e-01,0.000000000000000000e+00,0.000000000000000000e+00,0.000000000000000000e+00,0.000000000000000000e+00
4.831881762905562150e-01,4.567177484775014062e-01,4.284914883339426828e-01,3.256186895222417110e-01,3.756216898263826098e-01,3.740301469692682845e-01,4.092424599246016204e-01,0.000000000000000000e+00,4.509409822723874917e-01,3.358250964774108782e-01,3.540833174488023927e-01,3.706660987464592272e-01,4.131134842156660159e-01,3.374429586577407103e-01,4.111950166362480785e-01,4.216745217009030822e-01,0.000000000000000000e+00,4.118426986225580122e-01,4.346952455543175997e-01,3.974285850405114839e-01,3.757582858524698977e-01,4.187288604138518777e-01,3.360851105093122237e-01,4.753870774526148257e-01,4.409217494460014874e-01,4.436314376596444120e-01,3.975158168150583760e-01,4.086246195043622964e-01,3.819628364317886882e-01,3.900642603807791264e-01,4.286279350742249195e-01,3.927959566701971217e-01,3.390107746522804111e-01,4.300833644334656758e-01,4.566826955328490145e-01,3.189421473492597969e-01,3.862280723976219132e-01,0.000000000000000000e+00,4.505734973620459938e-01,0.000000000000000000e+00,4.714920473380658228e-01,0.000000000000000000e+00,4.424741006115087139e-01,0.000000000000000000e+00,0.000000000000000000e+00,0.000000000000000000e+00,0.000000000000000000e+00,5.086669813167304932e-01,0.000000000000000000e+00,4.527050241114283224e-01,4.336308028034883133e-01,4.682120433397004011e-01,4.246990021940111881e-01,5.056928870488361927e-01,0.000000000000000000e+00,4.485293800814755816e-01,0.000000000000000000e+00,4.633904194221762918e-01,0.000000000000000000e+00,4.775139818467161179e-01,0.000000000000000000e+00,0.000000000000000000e+00,0.000000000000000000e+00,5.153535514929898920e-01,0.000000000000000000e+00,4.224440680252660729e-01,0.000000000000000000e+00,4.825654041403141803e-01,0.000000000000000000e+00,0.000000000000000000e+00,0.000000000000000000e+00,4.636036830737175762e-01,4.537394141924788182e-01,4.195100930838517872e-01,0.000000000000000000e+00,4.444324896894670807e-01
0.000000000000000000e+00,3.412792554367619080e-01,2.726101225105875825e-01,3.502448417512046275e-01,3.284865424510832743e-01,3.034586731855792863e-01,3.384262274792043113e-01,4.509409822723874917e-01,0.000000000000000000e+00,3.930804548283338140e-01,3.129036033495468105e-01,2.803685683533342909e-01,3.830397343961731149e-01,3.563697540132539920e-01,0.000000000000000000e+00,3.531372846002502897e-01,0.000000000000000000e+00,2.911233792762171757e-01,2.587748361320780788e-01,3.851484602714482786e-01,0.000000000000000000e+00,3.702054210117828870e-01,3.638646782233851962e-01,3.110973658955640264e-01,2.909069658693705929e-01,3.043963005610195172e-01,3.260362495904848834e-01,4.267088923467289852e-01,3.862619700992839800e-01,3.808759825637810237e-01,4.466579850403322172e-01,4.071773295369024992e-01,3.131744282006317937e-01,4.251381003629203237e-01,3.813599217595807778e-01,3.675089226397065811e-01,3.994802626898681930e-01,3.026219561379511758e-01,4.131126991592324882e-01,0.000000000000000000e+00,2.894651206570403867e-01,0.000000000000000000e+00,4.635034170074525117e-01,0.000000000000000000e+00,0.000000000000000000e+00,0.000000000000000000e+00,0.000000000000000000e+00,5.134684952386500134e-01,0.000000000000000000e+00,4.103800247211090158e-01,4.840844804741836760e-01,3.938880805768408266e-01,5.068804705763424456e-01,4.807717562573931014e-01,0.000000000000000000e+00,4.849070771767535759e-01,0.000000000000000000e+00,3.740474197040420945e-01,4.717716780760493056e-01,0.000000000000000000e+00,0.000000000000000000e+00,0.000000000000000000e+00,0.000000000000000000e+00,4.941969133335822884e-01,0.000000000000000000e+00,0.000000000000000000e+00,0.000000000000000000e+00,5.236525274390507745e-01,0.000000000000000000e+00,0.000000000000000000e+00,0.000000000000000000e+00,5.124921846282231019e-01,3.978934612527044723e-01,0.000000000000000000e+00,0.000000000000000000e+00,0.000000000000000000e+00
3.364157889368554755e-01,0.000000000000000000e+00,3.036531848587757931e-01,1.918835023162910047e-01,3.634500260505569846e-01,3.688064095614180249e-01,3.274881534177679909e-01,3.358250964774108782e-01,3.930804548283338140e-01,0.000000000000000000e+00,3.935112359897722789e-01,2.956410618644585986e-01,3.907582313663136020e-01,0.000000000000000000e+00,0.000000000000000000e+00,3.445042747872570921e-01,3.254160249991170928e-01,3.480754333719304205e-01,3.409097684821589813e-01,3.067281187531126774e-01,0.000000000000000000e+00,3.180108118776970860e-01,3.050184890769693236e-01,2.928269003897451817e-01,3.170603658472864739e-01,3.497288116680203895e-01,2.762343060846266796e-01,3.700682491984814138e-01,3.120569625821565940e-01,0.000000000000000000e+00,3.288587814296446976e-01,3.468266391468223242e-01,3.007208640449953729e-01,3.008239151436800096e-01,3.141439299229296100e-01,2.702643607310826757e-01,2.520815727656576244e-01,2.577732874194449963e-01,2.516390912154573001e-01,3.167591669273250865e-01,3.062624488319419802e-01,0.000000000000000000e+00,0.000000000000000000e+00,0.000000000000000000e+00,2.755307630519217010e-01,3.597436645714968129e-01,0.000000000000000000e+00,0.000000000000000000e+00,0.000000000000000000e+00,0.000000000000000000e+00,0.000000000000000000e+00,0.000000000000000000e+00,0.000000000000000000e+00,0.000000000000000000e+00,3.880923187511384764e-01,0.000000000000000000e+00,4.011092342131585831e-01,3.443086914533913800e-01,0.000000000000000000e+00,0.000000000000000000e+00,0.000000000000000000e+00,4.120083047267554810e-01,3.896398652683604191e-01,0.000000000000000000e+00,0.000000000000000000e+00,0.000000000000000000e+00,0.000000000000000000e+00,0.000000000000000000e+00,4.029973323147745257e-01,3.866472801026691886e-01,3.992407408385101886e-01,0.000000000000000000e+00,3.452089547352690246e-01,0.000000000000000000e+00,0.000000000000000000e+00,3.731243676823454147e-01
0.000000000000000000e+00,0.000000000000000000e+00,3.075733913454503088e-01,3.219472228367802891e-01,3.209640808300965875e-01,3.645804551673861860e-01,3.989780656371941792e-01,3.540833174488023927e-01,3.129036033495468105e-01,3.935112359897722789e-01,0.000000000000000000e+00,3.208684619174229091e-01,4.240837169638033144e-01,2.837654462078090245e-01,0.000000000000000000e+00,0.000000000000000000e+00,3.277346628056411748e-01,0.000000000000000000e+00,2.562066375298057141e-01,0.000000000000000000e+00,0.000000000000000000e+00,0.000000000000000000e+00,2.626657822016201238e-01,3.391317565785770816e-01,0.000000000000000000e+00,2.858459354188163104e-01,3.334502274050039072e-01,4.164898085081413237e-01,0.000000000000000000e+00,0.000000000000000000e+00,4.458827307686669128e-01,3.596865439702364164e-01,2.674889015952863769e-01,4.218368181516667925e-01,4.236099299245130734e-01,2.713019328156625054e-01,3.829205585624714248e-01,3.043394817986024847e-01,3.645396381920226192e-01,0.000000000000000000e+00,0.000000000000000000e+00,0.000000000000000000e+00,4.150050195154055266e-01,0.000000000000000000e+00,0.000000000000000000e+00,0.000000000000000000e+00,0.000000000000000000e+00,3.752925475026155921e-01,0.000000000000000000e+00,2.931275951722064899e-01,4.543622151064156123e-01,3.712376917096708029e-01,4.521138376627238942e-01,4.687584673704460192e-01,0.000000000000000000e+00,2.345095044647307891e-01,0.000000000000000000e+00,3.122786926225475934e-01,4.258194954804384036e-01,0.000000000000000000e+00,0.000000000000000000e+00,0.000000000000000000e+00,0.000000000000000000e+00,2.386973152652041019e-01,0.000000000000000000e+00,0.000000000000000000e+00,0.000000000000000000e+00,5.050826515277364592e-01,0.000000000000000000e+00,0.000000000000000000e+00,0.000000000000000000e+00,4.635678802252202191e-01,2.844013025957878860e-01,0.000000000000000000e+00,0.000000000000000000e+00,0.000000000000000000e+00
3.357069650612112266e-01,0.000000000000000000e+00,2.834523335984374115e-01,3.874468779060787904e-01,3.442828478494258104e-01,2.615806851281851086e-01,3.165161552321483218e-01,3.706660987464592272e-01,2.803685683533342909e-01,2.956410618644585986e-01,3.208684619174229091e-01,0.000000000000000000e+00,3.489728930853037148e-01,0.000000000000000000e+00,0.000000000000000000e+00,0.000000000000000000e+00,3.564880755377183852e-01,3.270084813320298101e-01,2.792065527365641953e-01,0.000000000000000000e+00,3.801131828284979863e-01,0.000000000000000000e+00,2.680593550992729224e-01,2.728595503415751078e-01,3.366003365797929914e-01,3.429700954249578215e-01,2.528603817748545923e-01,3.614010215450915164e-01,0.000000000000000000e+00,0.000000000000000000e+00,3.329105496836446965e-01,2.637075098778414173e-01,2.208255537788118006e-01,2.349176258585443933e-01,2.840673244894166838e-01,2.832510120291367728e-01,2.397460789589128116e-01,2.029921175567560021e-01,2.350115219848818993e-01,3.093806295773893211e-01,2.854060062050827185e-01,0.000000000000000000e+00,2.097855785483263014e-01,0.000000000000000000e+00,2.492090920614090099e-01,0.000000000000000000e+00,0.000000000000000000e+00,0.000000000000000000e+00,0.000000000000000000e+00,0.000000000000000000e+00,0.000000000000000000e+00,0.000000000000000000e+00,0.000000000000000000e+00,0.000000000000000000e+00,3.957345455679708857e-01,0.000000000000000000e+00,3.938469511021334135e-01,3.182767983511327059e-01,0.000000000000000000e+00,0.000000000000000000e+00,0.000000000000000000e+00,4.058716120586869924e-01,4.211398064590374246e-01,0.000000000000000000e+00,0.000000000000000000e+00,0.000000000000000000e+00,0.000000000000000000e+00,0.000000000000000000e+00,4.050111246875691129e-01,4.146636666239957858e-01,4.185795063571807750e-01,0.000000000000000000e+00,3.405780436563721203e-01,0.000000000000000000e+00,0.000000000000000000e+00,3.320066929826083202e-01
3.648839596114434869e-01,4.409003804637838253e-01,4.265291310569905847e-01,3.155868230231053118e-01,3.472877876443413725e-01,3.765671461366683070e-01,2.837947366567963869e-01,4.131134842156660159e-01,3.830397343961731149e-01,3.907582313663136020e-01,4.240837169638033144e-01,3.489728930853037148e-01,0.000000000000000000e+00,3.136940966162626854e-01,0.000000000000000000e+00,4.549980230589735775e-01,3.720473670317491210e-01,4.115139333934071941e-01,4.315997881467583119e-01,4.186951569954526775e-01,4.426519296340424847e-01,4.526031952654884227e-01,3.973051112720368816e-01,3.430828915853305072e-01,4.168783708447422187e-01,4.162445790466621220e-01,4.029201212366623763e-01,3.242536351260426053e-01,3.738147989451069964e-01,3.724493828350555202e-01,4.020730816918026140e-01,3.805374802755617236e-01,3.630923490043784785e-01,3.967809300363115965e-01,4.125825060350279960e-01,3.284192637706495055e-01,3.255586491500070956e-01,2.877950668921033239e-01,3.859570100075194743e-01,0.000000000000000000e+00,3.968611939348024031e-01,3.821312823174540241e-01,3.235838791911715973e-01,0.000000000000000000e+00,0.000000000000000000e+00,0.000000000000000000e+00,0.000000000000000000e+00,3.679939498527912134e-01,0.000000000000000000e+00,0.000000000000000000e+00,4.258269078430849119e-01,3.438192264073203219e-01,4.429250273598915877e-01,0.000000000000000000e+00,0.000000000000000000e+00,2.984430732225475946e-01,0.000000000000000000e+00,0.000000000000000000e+00,0.000000000000000000e+00,3.412184930424217999e-01,0.000000000000000000e+00,0.000000000000000000e+00,0.000000000000000000e+00,0.000000000000000000e+00,0.000000000000000000e+00,0.000000000000000000e+00,2.838993118798155968e-01,4.917095389234591996e-01,0.000000000000000000e+00,2.698653517882992903e-01,2.910543814269367924e-01,4.563512141601235861e-01,0.000000000000000000e+00,3.838658371097998789e-01,0.000000000000000000e+00,0.000000000000000000e+00
0.000000000000000000e+00,0.000000000000000000e+00,3.827724150849524110e-01,2.634955957930598114e-01,2.761985807740833243e-01,3.833483768962955840e-01,2.997307674135240019e-01,3.374429586577407103e-01,3.563697540132539920e-01,0.000000000000000000e+00,2.837654462078090245e-01,0.000000000000000000e+00,3.136940966162626854e-01,0.000000000000000000e+00,0.000000000000000000e+00,0.000000000000000000e+00,0.000000000000000000e+00,0.000000000000000000e+00,3.670506540312388766e-01,0.000000000000000000e+00,0.000000000000000000e+00,0.000000000000000000e+00,3.573192051063979191e-01,0.000000000000000000e+00,0.000000000000000000e+00,0.000000000000000000e+00,3.809992272916590816e-01,2.491889640199634881e-01,0.000000000000000000e+00,0.000000000000000000e+00,4.228342247637409956e-01,2.910464337613439811e-01,0.000000000000000000e+00,0.000000000000000000e+00,0.000000000000000000e+00,1.997035309311606111e-01,1.972320693023207894e-01,0.000000000000000000e+00,3.853487624920103882e-01,0.000000000000000000e+00,0.000000000000000000e+00,0.000000000000000000e+00,3.793660953190569063e-01,0.000000000000000000e+00,0.000000000000000000e+00,0.000000000000000000e+00,0.000000000000000000e+00,4.209057269416490166e-01,0.000000000000000000e+00,0.000000000000000000e+00,0.000000000000000000e+00,0.000000000000000000e+00,0.000000000000000000e+00,4.453968707891661771e-01,0.000000000000000000e+00,4.067932370100689199e-01,0.000000000000000000e+00,0.000000000000000000e+00,0.000000000000000000e+00,0.000000000000000000e+00,0.000000000000000000e+00,0.000000000000000000e+00,0.000000000000000000e+00,0.000000000000000000e+00,0.000000000000000000e+00,0.000000000000000000e+00,0.000000000000000000e+00,4.235538813757668275e-01,0.000000000000000000e+00,0.000000000000000000e+00,0.000000000000000000e+00,4.295343489215336930e-01,0.000000000000000000e+00,0.000000000000000000e+00,0.000000000000000000e+00,0.000000000000000000e+00
3.700002019248920804e-01,4.056088049562279751e-01,0.000000000000000000e+00,0.000000000000000000e+00,0.000000000000000000e+00,3.793410881746490104e-01,0.000000000000000000e+00,4.111950166362480785e-01,0.000000000000000000e+00,0.000000000000000000e+00,0.000000000000000000e+00,0.000000000000000000e+00,0.000000000000000000e+00,0.000000000000000000e+00,0.000000000000000000e+00,4.104988141616862096e-01,0.000000000000000000e+00,3.746210998458119890e-01,0.000000000000000000e+00,2.854157351372023088e-01,3.623014648608747224e-01,3.215173593174152078e-01,3.232170453869194215e-01,3.277300478351822810e-01,3.615209891720653768e-01,3.292687452685513216e-01,3.349070928089932786e-01,0.000000000000000000e+00,3.821902669834448263e-01,0.000000000000000000e+00,3.790925464659717914e-01,4.120341977894643737e-01,3.594064785737873247e-01,3.999044482429188196e-01,4.537813186746468275e-01,4.734524639697468840e-01,0.000000000000000000e+00,0.000000000000000000e+00,4.502626920200217819e-01,4.241554745541519789e-01,4.499925388893523115e-01,4.893624049380463914e-01,4.185406575506462890e-01,0.000000000000000000e+00,0.000000000000000000e+00,0.000000000000000000e+00,4.611412875752096130e-01,0.000000000000000000e+00,0.000000000000000000e+00,0.000000000000000000e+00,0.000000000000000000e+00,0.000000000000000000e+00,0.000000000000000000e+00,0.000000000000000000e+00,0.000000000000000000e+00,0.000000000000000000e+00,0.000000000000000000e+00,0.000000000000000000e+00,0.000000000000000000e+00,4.115070071888620729e-01,4.262718017239155999e-01,0.000000000000000000e+00,0.000000000000000000e+00,0.000000000000000000e+00,3.452586453858489945e-01,4.401751618287405021e-01,4.582524761350710851e-01,4.562487089741502078e-01,0.000000000000000000e+00,3.096623025507059257e-01,5.055413525690254373e-01,4.233751546042879843e-01,3.630980106610905978e-01,4.419341570201091862e-01,0.000000000000000000e+00,3.739868605712672878e-01
3.627619171637682105e-01,3.874888789148968060e-01,0.000000000000000000e+00,0.000000000000000000e+00,3.759858300575262269e-01,4.323715412523047030e-01,4.437105033900707873e-01,4.216745217009030822e-01,3.531372846002502897e-01,3.445042747872570921e-01,0.000000000000000000e+00,0.000000000000000000e+00,4.549980230589735775e-01,0.000000000000000000e+00,4.104988141616862096e-01,0.000000000000000000e+00,3.754652363624090827e-01,3.364950656849549082e-01,0.000000000000000000e+00,3.865996068352032244e-01,3.935239766439331821e-01,3.699126251174221225e-01,4.129815566449865916e-01,3.615086370613729838e-01,3.662786823255491098e-01,3.848553085049806199e-01,4.169015119465093733e-01,4.360131405393287141e-01,4.109319263690864865e-01,3.670000572017271256e-01,3.552995248060745181e-01,4.359651240686099882e-01,3.468872946631725851e-01,3.671496270950255769e-01,4.285759494376136791e-01,0.000000000000000000e+00,0.000000000000000000e+00,0.000000000000000000e+00,4.373974398756199089e-01,4.250768942487982982e-01,4.259663934301934907e-01,4.479381624661920025e-01,0.000000000000000000e+00,0.000000000000000000e+00,0.000000000000000000e+00,4.119107721161417990e-01,4.240236386003353175e-01,0.000000000000000000e+00,0.000000000000000000e+00,0.000000000000000000e+00,0.000000000000000000e+00,0.000000000000000000e+00,0.000000000000000000e+00,0.000000000000000000e+00,0.000000000000000000e+00,0.000000000000000000e+00,0.000000000000000000e+00,0.000000000000000000e+00,0.000000000000000000e+00,4.628933535055285153e-01,4.317809631254352909e-01,0.000000000000000000e+00,3.926999122878305215e-01,0.000000000000000000e+00,3.818402289148548068e-01,4.426940020194217729e-01,4.411068479333348225e-01,3.356520643426001982e-01,0.000000000000000000e+00,4.107732486811465078e-01,4.367685489897518147e-01,3.329507710768612183e-01,0.000000000000000000e+00,3.542487495223645144e-01,0.000000000000000000e+00,4.255724979394563956e-01
0.000000000000000000e+00,3.662918400874888847e-01,0.000000000000000000e+00,0.000000000000000000e+00,0.000000000000000000e+00,2.912145650104239758e-01,3.429133414635939792e-01,0.000000000000000000e+00,0.000000000000000000e+00,3.254160249991170928e-01,3.277346628056411748e-01,3.564880755377183852e-01,3.720473670317491210e-01,0.000000000000000000e+00,0.000000000000000000e+00,3.754652363624090827e-01,0.000000000000000000e+00,3.453319022650738201e-01,0.000000000000000000e+00,3.191028099885095948e-01,0.000000000000000000e+00,3.640383865114985018e-01,0.000000000000000000e+00,3.434013794891903060e-01,3.079757395789394780e-01,3.459543923371063978e-01,0.000000000000000000e+00,3.762664551818926117e-01,3.357392037141707086e-01,0.000000000000000000e+00,3.500784180041294769e-01,4.360984423319402836e-01,3.304587089300634051e-01,3.556211749575832193e-01,4.038262418069331061e-01,0.000000000000000000e+00,0.000000000000000000e+00,2.619398390846057745e-01,0.000000000000000000e+00,3.751125265237824080e-01,0.000000000000000000e+00,0.000000000000000000e+00,0.000000000000000000e+00,0.000000000000000000e+00,0.000000000000000000e+00,0.000000000000000000e+00,0.000000000000000000e+00,0.000000000000000000e+00,0.000000000000000000e+00,0.000000000000000000e+00,0.000000000000000000e+00,0.000000000000000000e+00,0.000000000000000000e+00,0.000000000000000000e+00,4.080970971108555112e-01,0.000000000000000000e+00,4.052095975272870243e-01,0.000000000000000000e+00,0.000000000000000000e+00,0.000000000000000000e+00,0.000000000000000000e+00,3.676195945689915145e-01,3.874078119357510785e-01,0.000000000000000000e+00,0.000000000000000000e+00,0.000000000000000000e+00,0.000000000000000000e+00,0.000000000000000000e+00,4.112647761519045986e-01,4.045803564258418916e-01,4.125566159150323986e-01,0.000000000000000000e+00,0.000000000000000000e+00,0.000000000000000000e+00,0.000000000000000000e+00,0.000000000000000000e+00
3.300849525712721277e-01,3.777389968752529747e-01,0.000000000000000000e+00,0.000000000000000000e+00,0.000000000000000000e+00,4.147555595825693775e-01,4.023050668269019248e-01,4.118426986225580122e-01,2.911233792762171757e-01,3.480754333719304205e-01,0.000000000000000000e+00,3.270084813320298101e-01,4.115139333934071941e-01,0.000000000000000000e+00,3.746210998458119890e-01,3.364950656849549082e-01,3.453319022650738201e-01,0.000000000000000000e+00,0.000000000000000000e+00,3.988340004639273073e-01,3.982958681247769084e-01,3.919818463929343744e-01,4.083156715577431206e-01,3.045979759283080068e-01,3.166481251971056121e-01,3.430475017183811093e-01,4.098367859576598216e-01,4.166072822199348158e-01,4.285119762174812164e-01,3.490638581917295258e-01,3.531891404222520237e-01,4.182199674830293090e-01,3.240019685263442195e-01,3.567670609268038251e-01,3.990226663764738224e-01,0.000000000000000000e+00,0.000000000000000000e+00,0.000000000000000000e+00,4.221949729470659274e-01,3.907283899240647784e-01,3.942457147524701111e-01,4.331820196119314237e-01,0.000000000000000000e+00,0.000000000000000000e+00,0.000000000000000000e+00,3.777969662157231734e-01,4.037237707075406745e-01,0.000000000000000000e+00,0.000000000000000000e+00,0.000000000000000000e+00,0.000000000000000000e+00,0.000000000000000000e+00,0.000000000000000000e+00,0.000000000000000000e+00,3.943550357856416277e-01,0.000000000000000000e+00,3.815325214342539240e-01,0.000000000000000000e+00,0.000000000000000000e+00,0.000000000000000000e+00,4.046245448510322751e-01,3.830159217364815238e-01,3.862845788581927842e-01,0.000000000000000000e+00,0.000000000000000000e+00,0.000000000000000000e+00,4.101030297198430263e-01,0.000000000000000000e+00,3.768906325448931893e-01,3.911787259058587263e-01,4.006468583566126784e-01,0.000000000000000000e+00,0.000000000000000000e+00,0.000000000000000000e+00,0.000000000000000000e+00,3.868708331459441152e-01
0.000000000000000000e+00,0.000000000000000000e+00,2.358622795337002864e-01,2.754013374662306890e-01,3.506237956927309996e-01,3.283570456572297847e-01,4.129717412813186939e-01,4.346952455543175997e-01,2.587748361320780788e-01,3.409097684821589813e-01,2.562066375298057141e-01,2.792065527365641953e-01,4.315997881467583119e-01,3.670506540312388766e-01,0.000000000000000000e+00,0.000000000000000000e+00,0.000000000000000000e+00,0.000000000000000000e+00,0.000000000000000000e+00,0.000000000000000000e+00,0.000000000000000000e+00,0.000000000000000000e+00,2.354211336448900072e-01,0.000000000000000000e+00,0.000000000000000000e+00,0.000000000000000000e+00,3.258882840621951105e-01,4.324389429842814270e-01,0.000000000000000000e+00,0.000000000000000000e+00,4.444882912506343819e-01,3.859998597621598915e-01,0.000000000000000000e+00,4.228519846805474103e-01,4.194035694326709862e-01,3.622869820686098197e-01,3.709346093824457125e-01,3.021621268398719251e-01,4.011167350233362239e-01,0.000000000000000000e+00,0.000000000000000000e+00,0.000000000000000000e+00,4.742873995059527226e-01,0.000000000000000000e+00,0.000000000000000000e+00,0.000000000000000000e+00,0.000000000000000000e+00,5.155716819955037389e-01,0.000000000000000000e+00,3.155389969385529181e-01,4.657686963211111753e-01,3.829414394816311740e-01,5.236821179212737265e-01,5.221831915353066789e-01,0.000000000000000000e+00,2.571008466274889992e-01,0.000000000000000000e+00,3.406083189381842735e-01,4.424996077873403211e-01,0.000000000000000000e+00,0.000000000000000000e+00,0.000000000000000000e+00,0.000000000000000000e+00,3.370657501751844753e-01,0.000000000000000000e+00,0.000000000000000000e+00,0.000000000000000000e+00,5.412775222186410051e-01,0.000000000000000000e+00,0.000000000000000000e+00,0.000000000000000000e+00,5.009951163044999989e-01,0.000000000000000000e+00,0.000000000000000000e+00,0.000000000000000000e+00,0.000000000000000000e+00
3.813095187416136733e-01,4.305896008556855947e-01,0.000000000000000000e+00,3.864104703338346880e-01,4.045934703383871067e-01,3.853205381855491773e-01,4.164416797722861885e-01,3.974285850405114839e-01,3.851484602714482786e-01,3.067281187531126774e-01,0.000000000000000000e+00,0.000000000000000000e+00,4.186951569954526775e-01,0.000000000000000000e+00,2.854157351372023088e-01,3.865996068352032244e-01,3.191028099885095948e-01,3.988340004639273073e-01,0.000000000000000000e+00,0.000000000000000000e+00,3.862825151898893195e-01,3.472472088702729942e-01,2.319944863434497129e-01,0.000000000000000000e+00,3.944113342162743896e-01,4.031490874168501826e-01,3.263484542687676848e-01,3.834940589737437233e-01,3.046320061000118984e-01,3.567591003583845954e-01,3.655156602928413268e-01,4.320216047750454202e-01,3.767114827933457089e-01,4.091255796003435141e-01,4.641387332005373900e-01,4.765288509209100742e-01,4.020132805115176899e-01,0.000000000000000000e+00,4.498655583345060882e-01,3.850283503674249985e-01,4.263519038447153853e-01,4.493914670388736154e-01,3.645812007628380091e-01,0.000000000000000000e+00,0.000000000000000000e+00,0.000000000000000000e+00,3.840235572628103999e-01,0.000000000000000000e+00,0.000000000000000000e+00,0.000000000000000000e+00,4.029290245639368107e-01,0.000000000000000000e+00,4.112999431671894857e-01,0.000000000000000000e+00,0.000000000000000000e+00,0.000000000000000000e+00,0.000000000000000000e+00,3.617692956941804261e-01,0.000000000000000000e+00,4.302693393055200821e-01,3.129013215336852172e-01,0.000000000000000000e+00,0.000000000000000000e+00,0.000000000000000000e+00,4.400488448504865091e-01,4.154749471217736856e-01,4.626927995743865263e-01,4.483915823751943863e-01,0.000000000000000000e+00,2.615104057841773910e-01,4.389369731765526139e-01,4.572240676230199252e-01,4.204311966909722864e-01,4.401125741293062110e-01,3.646881662839255855e-01,3.860379635673005239e-01
3.900451955309556795e-01,3.907961067443072034e-01,0.000000000000000000e+00,0.000000000000000000e+00,0.000000000000000000e+00,4.030891244651785832e-01,0.000000000000000000e+00,3.757582858524698977e-01,0.000000000000000000e+00,0.000000000000000000e+00,0.000000000000000000e+00,3.801131828284979863e-01,4.426519296340424847e-01,0.000000000000000000e+00,3.623014648608747224e-01,3.935239766439331821e-01,0.000000000000000000e+00,3.982958681247769084e-01,0.000000000000000000e+00,3.862825151898893195e-01,0.000000000000000000e+00,4.083701468452550221e-01,3.475545345483119219e-01,4.373454337304931161e-01,3.870295358687239062e-01,3.717366304043371872e-01,3.849616549133377252e-01,4.025411437223593847e-01,4.003453922787846841e-01,0.000000000000000000e+00,3.686247785889598116e-01,3.936553625773814846e-01,3.503737931144527140e-01,3.770462660250570863e-01,4.361188746844165132e-01,0.000000000000000000e+00,0.000000000000000000e+00,0.000000000000000000e+00,4.313768000250481904e-01,3.747559842158296739e-01,3.939663556006240963e-01,4.697868682724176126e-01,0.000000000000000000e+00,0.000000000000000000e+00,0.000000000000000000e+00,3.425189000143107898e-01,4.283916725822650151e-01,0.000000000000000000e+00,0.000000000000000000e+00,0.000000000000000000e+00,0.000000000000000000e+00,0.000000000000000000e+00,3.831879431858725149e-01,0.000000000000000000e+00,0.000000000000000000e+00,0.000000000000000000e+00,0.000000000000000000e+00,4.202227305141552072e-01,0.000000000000000000e+00,4.460065811552973991e-01,3.786727919480106785e-01,0.000000000000000000e+00,0.000000000000000000e+00,0.000000000000000000e+00,4.319062662765302263e-01,3.305640026075513105e-01,4.484677716548535198e-01,4.274887915559628104e-01,0.000000000000000000e+00,3.270688792856877858e-01,4.834974521546778758e-01,4.534550242517175755e-01,4.208220426700843841e-01,4.349082964915105820e-01,0.000000000000000000e+00,3.288453689301423233e-01
