0.000000000000000000e+00,3.843109435694013754e-01,0.000000000000000000e+00,0.000000000000000000e+00,0.000000000000000000e+00,3.551737279147680892e-01,0.000000000000000000e+00,5.043076749524806335e-01,0.000000000000000000e+00,3.718633194071688797e-01,0.000000000000000000e+00,3.719699620284515063e-01,3.644326227141481134e-01,0.000000000000000000e+00,4.108893891881735816e-01,4.002261111573436891e-01,3.695903312862544032e-01,3.971488661519844143e-01,0.000000000000000000e+00,4.493118739472787837e-01,4.091928803558925742e-01,3.996285088726365120e-01,4.560225325142279740e-01,3.834401386339679196e-01,3.862970063646394836e-01,3.586254300135400808e-01,4.473280297396584060e-01,4.101728632983975831e-01,4.321004287357271267e-01,0.000000000000000000e+00,3.675850349014951890e-01,3.940551699050554024e-01,3.595558229377964210e-01,3.634302364893967074e-01,3.879129063979859793e-01,0.000000000000000000e+00,0.000000000000000000e+00,3.341154598325928871e-01,4.475077982093286222e-01,4.028820266234646730e-01,4.110567033943385851e-01,0.000000000000000000e+00,0.000000000000000000e+00,0.000000000000000000e+00,0.000000000000000000e+00,4.311174447295024748e-01,4.721776482175286116e-01,0.000000000000000000e+00,0.000000000000000000e+00,0.000000000000000000e+00,0.000000000000000000e+00,0.000000000000000000e+00,0.000000000000000000e+00,0.000000000000000000e+00,3.392961564046200196e-01,0.000000000000000000e+00,0.000000000000000000e+00,0.000000000000000000e+00,0.000000000000000000e+00,0.000000000000000000e+00,4.520518476993620194e-01,0.000000000000000000e+00,4.205998466871950225e-01,0.000000000000000000e+00,0.000000000000000000e+00,0.000000000000000000e+00,4.627673942646519101e-01,0.000000000000000000e+00,4.431690051672396158e-01,4.360409783776147963e-01,4.397541722411985043e-01,0.000000000000000000e+00,0.000000000000000000e+00,0.000000000000000000e+00,0.000000000000000000e+00,3.815444964037150166e-01
3.843109435694013754e-01,0.000000000000000000e+00,0.000000000000000000e+00,0.000000000000000000e+00,3.985154677603223727e-01,3.894699409647082167e-01,4.510434136143853245e-01,4.487743082491462143e-01,4.101321872565947269e-01,0.000000000000000000e+00,0.000000000000000000e+00,0.000000000000000000e+00,4.422843869723397936e-01,0.000000000000000000e+00,4.017374488841085056e-01,3.720289222456432121e-01,0.000000000000000000e+00,3.941849122463474964e-01,0.000000000000000000e+00,4.130664070142274213e-01,3.834670330320619769e-01,3.872114698046614789e-01,4.155931598520821724e-01,0.000000000000000000e+00,3.581311170709626235e-01,3.724538758809262107e-01,3.964552297586270146e-01,4.283784937569765083e-01,4.136016171566718747e-01,0.000000000000000000e+00,3.378390435532154235e-01,3.709475724694524801e-01,3.353127733066089133e-01,3.415751924062834233e-01,3.943733488693659250e-01,0.000000000000000000e+00,0.000000000000000000e+00,0.000000000000000000e+00,4.388610280394903973e-01,4.303580773020402872e-01,4.353555868691620923e-01,4.590445501223643920e-01,0.000000000000000000e+00,0.000000000000000000e+00,0.000000000000000000e+00,4.586622783422921179e-01,4.671019300929526996e-01,0.000000000000000000e+00,0.000000000000000000e+00,0.000000000000000000e+00,4.743129839066830833e-01,0.000000000000000000e+00,0.000000000000000000e+00,0.000000000000000000e+00,0.000000000000000000e+00,0.000000000000000000e+00,0.000000000000000000e+00,0.000000000000000000e+00,0.000000000000000000e+00,4.584444947918039914e-01,4.445644260816943860e-01,0.000000000000000000e+00,4.479904694052234126e-01,0.000000000000000000e+00,4.864094090823232186e-01,4.592163850384199941e-01,4.654435319305970098e-01,4.656564663900218948e-01,0.000000000000000000e+00,4.683202736913875119e-01,4.703052901050859269e-01,4.971169294044580078e-01,0.000000000000000000e+00,4.806418704550742271e-01,0.000000000000000000e+00,4.442262164117606882e-01
0.000000000000000000e+00,0.000000000000000000e+00,0.000000000000000000e+00,3.823617225784594065e-01,3.686429734755318766e-01,4.018277961096619055e-01,4.160429060818178204e-01,4.451300756464631747e-01,2.981605260738801055e-01,3.848978349828847123e-01,2.800918639608853122e-01,3.297321751700750814e-01,4.341837817754802820e-01,4.159279819721575233e-01,0.000000000000000000e+00,0.000000000000000000e+00,0.000000000000000000e+00,0.000000000000000000e+00,2.569056296911276793e-01,0.000000000000000000e+00,0.000000000000000000e+00,0.000000000000000000e+00,2.914445213342515273e-01,0.000000000000000000e+00,0.000000000000000000e+00,0.000000000000000000e+00,3.065783762261349854e-01,4.476765102906731242e-01,0.000000000000000000e+00,0.000000000000000000e+00,4.532015481446542982e-01,3.913362439081615185e-01,0.000000000000000000e+00,4.342809114754557220e-01,4.071944539470568891e-01,3.913138210432502984e-01,4.333531123508360117e-01,0.000000000000000000e+00,5.845182761595439924e-01,0.000000000000000000e+00,0.000000000000000000e+00,0.000000000000000000e+00,4.871817393066437130e-01,0.000000000000000000e+00,0.000000000000000000e+00,0.000000000000000000e+00,0.000000000000000000e+00,3.145580152735862889e-01,0.000000000000000000e+00,5.313537925856898214e-01,5.490252622850274600e-01,5.650143123596697015e-01,5.413483363465062537e-01,5.411303292281123278e-01,0.000000000000000000e+00,3.891410641495580136e-01,0.000000000000000000e+00,5.229649188366105594e-01,0.000000000000000000e+00,0.000000000000000000e+00,0.000000000000000000e+00,0.000000000000000000e+00,0.000000000000000000e+00,2.293476778467020138e-01,0.000000000000000000e+00,0.000000000000000000e+00,0.000000000000000000e+00,5.462323560444017900e-01,0.000000000000000000e+00,0.000000000000000000e+00,0.000000000000000000e+00,5.542674817210148097e-01,4.602275670236056215e-01,0.000000000000000000e+00,0.000000000000000000e+00,0.000000000000000000e+00
0.000000000000000000e+00,0.000000000000000000e+00,3.823617225784594065e-01,0.000000000000000000e+00,3.149630635665923162e-01,4.740972972973555022e-01,3.098411894135958966e-01,3.583194000797486067e-01,4.032078055102957248e-01,0.000000000000000000e+00,4.024932916763119817e-01,0.000000000000000000e+00,3.271515416514156893e-01,2.766342440554195869e-01,0.000000000000000000e+00,0.000000000000000000e+00,0.000000000000000000e+00,0.000000000000000000e+00,0.000000000000000000e+00,4.542737530024518189e-01,0.000000000000000000e+00,0.000000000000000000e+00,4.062120772613462827e-01,0.000000000000000000e+00,0.000000000000000000e+00,0.000000000000000000e+00,4.487141265212782892e-01,2.842859978155772849e-01,3.934200477081045144e-01,0.000000000000000000e+00,3.372583216155732866e-01,3.118856745471927927e-01,0.000000000000000000e+00,3.009271653918236256e-01,2.959962446957618010e-01,2.080737637565956977e-01,1.996096620661169940e-01,0.000000000000000000e+00,0.000000000000000000e+00,0.000000000000000000e+00,0.000000000000000000e+00,0.000000000000000000e+00,0.000000000000000000e+00,0.000000000000000000e+00,0.000000000000000000e+00,0.000000000000000000e+00,0.000000000000000000e+00,0.000000000000000000e+00,0.000000000000000000e+00,0.000000000000000000e+00,0.000000000000000000e+00,0.000000000000000000e+00,0.000000000000000000e+00,0.000000000000000000e+00,0.000000000000000000e+00,0.000000000000000000e+00,0.000000000000000000e+00,0.000000000000000000e+00,0.000000000000000000e+00,0.000000000000000000e+00,0.000000000000000000e+00,0.000000000000000000e+00,0.000000000000000000e+00,0.000000000000000000e+00,0.000000000000000000e+00,0.000000000000000000e+00,0.000000000000000000e+00,0.000000000000000000e+00,0.000000000000000000e+00,0.000000000000000000e+00,0.000000000000000000e+00,0.000000000000000000e+00,0.000000000000000000e+00,0.000000000000000000e+00,0.000000000000000000e+00,0.000000000000000000e+00
0.000000000000000000e+00,3.985154677603223727e-01,3.686429734755318766e-01,3.149630635665923162e-01,0.000000000000000000e+00,3.784465140503774916e-01,3.478912408191611183e-01,3.839680581688950101e-01,3.061908163111914938e-01,4.207324830759677781e-01,3.200284849269088849e-01,0.000000000000000000e+00,3.930366029657348936e-01,2.997860908679567116e-01,0.000000000000000000e+00,4.399221821635900809e-01,0.000000000000000000e+00,0.000000000000000000e+00,3.476278565489390182e-01,4.502749393580853798e-01,0.000000000000000000e+00,4.331246878242787091e-01,3.806983105844353177e-01,0.000000000000000000e+00,4.161640540755003892e-01,3.944140855490215203e-01,3.940856543221785135e-01,4.075446269667454824e-01,4.391542008300041156e-01,0.000000000000000000e+00,4.394903524454732979e-01,3.784202864231260843e-01,4.351562227193557231e-01,4.208760781552856045e-01,4.270705723882903260e-01,3.110689375675941837e-01,3.673684771369640223e-01,0.000000000000000000e+00,0.000000000000000000e+00,0.000000000000000000e+00,0.000000000000000000e+00,0.000000000000000000e+00,4.933985701355845244e-01,0.000000000000000000e+00,0.000000000000000000e+00,0.000000000000000000e+00,0.000000000000000000e+00,6.287635807591358539e-01,0.000000000000000000e+00,0.000000000000000000e+00,5.134361066379985461e-01,0.000000000000000000e+00,5.267629870558335758e-01,5.464937709514370301e-01,0.000000000000000000e+00,5.571091244957582234e-01,0.000000000000000000e+00,0.000000000000000000e+00,0.000000000000000000e+00,0.000000000000000000e+00,0.000000000000000000e+00,0.000000000000000000e+00,0.000000000000000000e+00,0.000000000000000000e+00,0.000000000000000000e+00,0.000000000000000000e+00,0.000000000000000000e+00,5.270651671703567853e-01,0.000000000000000000e+00,0.000000000000000000e+00,0.000000000000000000e+00,5.806941301028075708e-01,0.000000000000000000e+00,0.000000000000000000e+00,0.000000000000000000e+00,0.000000000000000000e+00
3.551737279147680892e-01,3.894699409647082167e-01,4.018277961096619055e-01,4.740972972973555022e-01,3.784465140503774916e-01,0.000000000000000000e+00,4.169175395506348192e-01,4.160666907425830119e-01,3.114791636323139268e-01,4.337938681266774177e-01,3.744042672292530738e-01,3.653027812092468074e-01,3.975503212410045895e-01,4.274994453418419216e-01,4.021675099012531063e-01,4.072570196195385850e-01,0.000000000000000000e+00,3.825095641637794031e-01,4.003813495730150773e-01,3.986272137953079109e-01,3.933098051321839983e-01,4.134671754223627205e-01,3.938825192478169201e-01,0.000000000000000000e+00,3.853888913595808208e-01,3.946989351069157270e-01,3.659268547947817085e-01,4.005540687377862064e-01,3.437699551093839068e-01,4.014488756073326114e-01,4.337876001880440757e-01,3.905407404262611903e-01,3.306333099676134202e-01,4.162132509908060274e-01,4.214218003148014757e-01,4.100833418733588198e-01,4.358957806038282201e-01,3.627501823328321273e-01,4.707261803621415885e-01,0.000000000000000000e+00,4.741809943032619934e-01,3.861017330149725257e-01,4.995330110329369022e-01,0.000000000000000000e+00,0.000000000000000000e+00,0.000000000000000000e+00,3.237564823652783752e-01,5.624746788996700664e-01,0.000000000000000000e+00,4.879080170767081115e-01,5.354674623917945464e-01,5.480625561565912740e-01,5.219070124217553008e-01,5.334848299121810467e-01,0.000000000000000000e+00,4.468228335490235792e-01,0.000000000000000000e+00,5.106923408806969267e-01,0.000000000000000000e+00,4.683450711869084904e-01,0.000000000000000000e+00,0.000000000000000000e+00,0.000000000000000000e+00,5.702547464703561220e-01,5.057421006012843279e-01,4.209644608701251234e-01,4.436803339420594128e-01,5.331817613728755401e-01,0.000000000000000000e+00,0.000000000000000000e+00,4.083690962998042795e-01,5.272934835707386858e-01,5.184231670042955820e-01,4.690690918915876861e-01,4.724463792354197111e-01,5.026606767887521476e-01
0.000000000000000000e+00,4.510434136143853245e-01,4.160429060818178204e-01,3.098411894135958966e-01,3.478912408191611183e-01,4.169175395506348192e-01,0.000000000000000000e+00,4.282633487781670745e-01,3.961914296115099932e-01,4.658494645844084014e-01,4.098459532491249835e-01,0.000000000000000000e+00,3.593023060234475929e-01,3.899861153622883880e-01,0.000000000000000000e+00,4.448255631921869124e-01,4.463849691936350172e-01,4.482213919487879061e-01,4.120910982426637115e-01,4.397228484524586811e-01,0.000000000000000000e+00,4.447158631813463159e-01,4.186881865231282807e-01,0.000000000000000000e+00,4.303067524251766862e-01,4.780681608148418804e-01,4.149085206331203923e-01,3.748807168740841966e-01,4.375085375145681965e-01,0.000000000000000000e+00,4.363519910856045736e-01,4.123921078542402974e-01,4.865140598119955251e-01,4.271371767068588010e-01,4.238329916949746257e-01,2.638755880643089968e-01,2.716937849191063958e-01,0.000000000000000000e+00,4.277825390393488192e-01,0.000000000000000000e+00,3.496040768174061841e-01,0.000000000000000000e+00,4.303133046743742862e-01,0.000000000000000000e+00,0.000000000000000000e+00,0.000000000000000000e+00,0.000000000000000000e+00,4.717812103139483737e-01,0.000000000000000000e+00,0.000000000000000000e+00,5.417704839681237727e-01,0.000000000000000000e+00,4.312631770772520912e-01,4.670600821470118902e-01,0.000000000000000000e+00,0.000000000000000000e+00,0.000000000000000000e+00,0.000000000000000000e+00,0.000000000000000000e+00,0.000000000000000000e+00,0.000000000000000000e+00,0.000000000000000000e+00,0.000000000000000000e+00,0.000000000000000000e+00,0.000000000000000000e+00,0.000000000000000000e+00,0.000000000000000000e+00,5.317056950331759957e-01,0.000000000000000000e+00,0.000000000000000000e+00,0.000000000000000000e+00,5.736695226452130925e-01,0.000000000000000000e+00,0.000000000000000000e+00,0.000000000000000000e+00,0.000000000000000000e+00
5.043076749524806335e-01,4.487743082491462143e-01,4.451300756464631747e-01,3.583194000797486067e-01,3.839680581688950101e-01,4.160666907425830119e-01,4.282633487781670745e-01,0.000000000000000000e+00,4.413133107165240765e-01,4.632651548985636247e-01,2.606553659893984798e-01,0.000000000000000000e+00,4.347046659624494991e-01,3.598368658497215766e-01,0.000000000000000000e+00,0.000000000000000000e+00,0.000000000000000000e+00,5.230330889314613874e-01,3.548652486364050063e-01,0.000000000000000000e+00,4.000958566064770072e-01,4.076550911336566108e-01,3.606184868476309813e-01,5.190108120747645160e-01,5.030274493193535035e-01,4.839456989801099729e-01,4.296067987688840795e-01,4.380088566522282179e-01,4.075199798728201261e-01,4.302432127535583128e-01,4.567781314421899830e-01,3.646722359221262755e-01,5.177761413002756052e-01,4.409557898664651088e-01,4.171761662930488224e-01,2.688371400165850966e-01,4.097050439415063083e-01,0.000000000000000000e+00,4.786472663333222743e-01,0.000000000000000000e+00,0.000000000000000000e+00,0.000000000000000000e+00,4.431660020416007817e-01,0.000000000000000000e+00,0.000000000000000000e+00,0.000000000000000000e+00,0.000000000000000000e+00,5.548999918000152576e-01,0.000000000000000000e+00,5.071407533207670237e-01,5.479325123959882804e-01,5.150841469535794026e-01,4.757193277610987092e-01,5.282849506424954766e-01,0.000000000000000000e+00,4.671243274154501246e-01,0.000000000000000000e+00,5.208372757177731627e-01,4.724871721562693971e-01,4.849473982269497108e-01,0.000000000000000000e+00,0.000000000000000000e+00,0.000000000000000000e+00,5.074041875323155315e-01,4.720536283270475031e-01,4.971356322551617191e-01,0.000000000000000000e+00,5.255350572852867108e-01,0.000000000000000000e+00,0.000000000000000000e+00,0.000000000000000000e+00,5.600301653681891700e-01,5.180701214850281788e-01,4.919958001749938914e-01,0.000000000000000000e+00,5.159874859482178611e-01
0.000000000000000000e+00,4.101321872565947269e-01,2.981605260738801055e-01,4.032078055102957248e-01,3.061908163111914938e-01,3.114791636323139268e-01,3.961914296115099932e-01,4.413133107165240765e-01,0.000000000000000000e+00,4.489821809967590172e-01,3.126574947051717901e-01,4.081728508823185830e-01,4.108638619799016012e-01,4.154920656913075883e-01,0.000000000000000000e+00,3.524738761374580087e-01,0.000000000000000000e+00,3.279026675961085879e-01,2.515091933286329184e-01,0.000000000000000000e+00,0.000000000000000000e+00,4.052508305542277256e-01,3.775431776271289119e-01,3.357283154828132887e-01,3.504806565863243795e-01,0.000000000000000000e+00,3.666085581126400927e-01,4.374546608031336103e-01,4.257023920291224117e-01,4.159819015684810273e-01,4.500864552868606983e-01,4.007246112502741986e-01,4.408328101991160208e-01,4.359062628757078839e-01,4.218731520364568111e-01,3.988907244735971913e-01,4.243870663026343970e-01,4.298638726239176755e-01,4.630820003444170996e-01,0.000000000000000000e+00,0.000000000000000000e+00,0.000000000000000000e+00,5.079617415770336653e-01,0.000000000000000000e+00,0.000000000000000000e+00,0.000000000000000000e+00,0.000000000000000000e+00,5.135038892487560069e-01,0.000000000000000000e+00,4.788276386608216750e-01,5.656881712419397079e-01,5.139515392889645318e-01,5.176787345927171824e-01,5.592603112227483297e-01,0.000000000000000000e+00,5.291584451321306171e-01,0.000000000000000000e+00,4.526833955841362833e-01,5.588270294873064481e-01,0.000000000000000000e+00,0.000000000000000000e+00,0.000000000000000000e+00,0.000000000000000000e+00,5.460601095056630827e-01,0.000000000000000000e+00,0.000000000000000000e+00,0.000000000000000000e+00,5.515086281477687979e-01,0.000000000000000000e+00,0.000000000000000000e+00,0.000000000000000000e+00,5.527948889481246741e-01,4.306845670094794909e-01,0.000000000000000000e+00,0.000000000000000000e+00,0.000000000000000000e+00
3.718633194071688797e-01,0.000000000000000000e+00,3.848978349828847123e-01,0.000000000000000000e+00,4.207324830759677781e-01,4.337938681266774177e-01,4.658494645844084014e-01,4.632651548985636247e-01,4.489821809967590172e-01,0.000000000000000000e+00,4.757034137788295758e-01,2.656208097865642159e-01,4.316555075163484023e-01,0.000000000000000000e+00,0.000000000000000000e+00,3.589161047211472111e-01,2.973355710052397183e-01,3.381784749597380180e-01,0.000000000000000000e+00,0.000000000000000000e+00,0.000000000000000000e+00,3.344785815819589780e-01,4.828786820944723779e-01,3.110046861888282055e-01,3.552756382749694963e-01,3.348624424095644758e-01,4.465484410990849251e-01,4.240365130810677119e-01,3.248783194063371016e-01,0.000000000000000000e+00,3.464259385298452121e-01,3.276998235783978863e-01,2.895144910533573035e-01,3.105555303145519086e-01,3.457139422759001879e-01,4.310221732506459014e-01,3.538812530650862209e-01,2.687769460327297799e-01,3.963377085381745157e-01,3.229406438322445783e-01,3.486030620590209184e-01,0.000000000000000000e+00,0.000000000000000000e+00,0.000000000000000000e+00,0.000000000000000000e+00,3.831760710705210959e-01,0.000000000000000000e+00,0.000000000000000000e+00,0.000000000000000000e+00,0.000000000000000000e+00,0.000000000000000000e+00,0.000000000000000000e+00,0.000000000000000000e+00,0.000000000000000000e+00,3.923244342224722070e-01,0.000000000000000000e+00,3.975479852141973747e-01,0.000000000000000000e+00,0.000000000000000000e+00,0.000000000000000000e+00,0.000000000000000000e+00,3.669592751075740900e-01,3.982869842558411921e-01,0.000000000000000000e+00,0.000000000000000000e+00,0.000000000000000000e+00,0.000000000000000000e+00,0.000000000000000000e+00,3.942053225850389864e-01,3.907141806269351925e-01,3.971324692633558251e-01,0.000000000000000000e+00,4.115893199287479209e-01,0.000000000000000000e+00,0.000000000000000000e+00,3.779083509330600776e-01
0.000000000000000000e+00,0.000000000000000000e+00,2.800918639608853122e-01,4.024932916763119817e-01,3.200284849269088849e-01,3.744042672292530738e-01,4.098459532491249835e-01,2.606553659893984798e-01,3.126574947051717901e-01,4.757034137788295758e-01,0.000000000000000000e+00,0.000000000000000000e+00,4.363576333805896934e-01,3.295379414877003810e-01,0.000000000000000000e+00,0.000000000000000000e+00,0.000000000000000000e+00,0.000000000000000000e+00,2.569269297376554073e-01,0.000000000000000000e+00,0.000000000000000000e+00,0.000000000000000000e+00,2.802577346312705164e-01,0.000000000000000000e+00,0.000000000000000000e+00,2.257330441349786887e-01,3.551079764240345216e-01,4.341277969503832268e-01,0.000000000000000000e+00,0.000000000000000000e+00,4.510803646562666080e-01,3.587093244638586143e-01,0.000000000000000000e+00,4.463412499331668726e-01,4.222581881847953800e-01,2.632615916578657234e-01,4.405212037255141766e-01,0.000000000000000000e+00,0.000000000000000000e+00,0.000000000000000000e+00,0.000000000000000000e+00,0.000000000000000000e+00,4.397741250632918875e-01,0.000000000000000000e+00,0.000000000000000000e+00,0.000000000000000000e+00,0.000000000000000000e+00,3.651509738321221943e-01,0.000000000000000000e+00,5.075349212509032704e-01,0.000000000000000000e+00,4.813807494076892124e-01,0.000000000000000000e+00,5.140819801408124112e-01,0.000000000000000000e+00,3.338757856850281258e-01,0.000000000000000000e+00,0.000000000000000000e+00,0.000000000000000000e+00,0.000000000000000000e+00,0.000000000000000000e+00,0.000000000000000000e+00,0.000000000000000000e+00,1.424074435345497880e-01,0.000000000000000000e+00,0.000000000000000000e+00,0.000000000000000000e+00,4.985823889447644763e-01,0.000000000000000000e+00,0.000000000000000000e+00,0.000000000000000000e+00,5.381839653749423968e-01,4.406688596067528940e-01,0.000000000000000000e+00,0.000000000000000000e+00,0.000000000000000000e+00
3.719699620284515063e-01,0.000000000000000000e+00,3.297321751700750814e-01,0.000000000000000000e+00,0.000000000000000000e+00,3.653027812092468074e-01,0.000000000000000000e+00,0.000000000000000000e+00,4.081728508823185830e-01,2.656208097865642159e-01,0.000000000000000000e+00,0.000000000000000000e+00,4.279721678826369780e-01,0.000000000000000000e+00,0.000000000000000000e+00,0.000000000000000000e+00,3.284540101314409877e-01,2.908582889562612017e-01,0.000000000000000000e+00,0.000000000000000000e+00,4.223368809148593250e-01,0.000000000000000000e+00,4.691188261824041916e-01,2.873337965958733253e-01,3.442560607152038155e-01,2.906875567880217726e-01,3.935700495213161898e-01,3.909126787339787801e-01,0.000000000000000000e+00,0.000000000000000000e+00,3.498375156900637162e-01,2.673511720378495826e-01,2.654427249159482249e-01,2.709409765989232999e-01,2.932917974761208857e-01,3.762779184991946746e-01,3.913845994367969872e-01,2.274248177562379070e-01,4.332845477644268750e-01,3.065667323581556247e-01,3.279561094421518108e-01,0.000000000000000000e+00,0.000000000000000000e+00,0.000000000000000000e+00,0.000000000000000000e+00,0.000000000000000000e+00,0.000000000000000000e+00,0.000000000000000000e+00,0.000000000000000000e+00,0.000000000000000000e+00,0.000000000000000000e+00,0.000000000000000000e+00,0.000000000000000000e+00,0.000000000000000000e+00,3.913917069866706955e-01,0.000000000000000000e+00,4.016579152987820867e-01,0.000000000000000000e+00,0.000000000000000000e+00,0.000000000000000000e+00,0.000000000000000000e+00,3.512446366390867269e-01,3.946810116495597098e-01,0.000000000000000000e+00,0.000000000000000000e+00,0.000000000000000000e+00,0.000000000000000000e+00,0.000000000000000000e+00,3.849651712340563248e-01,3.848593951531958934e-01,3.898645109949608889e-01,0.000000000000000000e+00,0.000000000000000000e+00,0.000000000000000000e+00,0.000000000000000000e+00,3.658795824312960909e-01
3.644326227141481134e-01,4.422843869723397936e-01,4.341837817754802820e-01,3.271515416514156893e-01,3.930366029657348936e-01,3.975503212410045895e-01,3.593023060234475929e-01,4.347046659624494991e-01,4.108638619799016012e-01,4.316555075163484023e-01,4.363576333805896934e-01,4.279721678826369780e-01,0.000000000000000000e+00,3.628834254149684857e-01,4.752335263350543904e-01,4.577665554720241059e-01,4.416565751342753088e-01,4.596576686683412905e-01,4.295519693846679976e-01,4.414637979565396164e-01,4.310162624895059191e-01,4.527294186847043989e-01,4.294434542041479785e-01,4.375706734245736196e-01,4.365323430989663245e-01,4.418992584749463770e-01,4.271166108829880237e-01,3.707951318904191274e-01,4.271904627436091118e-01,4.407735580798263775e-01,4.287940554002905857e-01,4.167776690108995763e-01,4.405728512689379150e-01,4.135356721411131975e-01,4.018743632174129887e-01,3.599316760139166238e-01,3.272198503475168274e-01,4.061007738402662159e-01,5.007744128205819933e-01,0.000000000000000000e+00,4.143106830715472255e-01,0.000000000000000000e+00,4.902094528316194855e-01,0.000000000000000000e+00,0.000000000000000000e+00,0.000000000000000000e+00,0.000000000000000000e+00,4.973654369878108272e-01,0.000000000000000000e+00,0.000000000000000000e+00,5.636426185277991774e-01,4.045382724349019798e-01,5.153192549357966668e-01,0.000000000000000000e+00,0.000000000000000000e+00,3.879487175550780931e-01,0.000000000000000000e+00,0.000000000000000000e+00,0.000000000000000000e+00,3.725493875089027074e-01,0.000000000000000000e+00,0.000000000000000000e+00,0.000000000000000000e+00,0.000000000000000000e+00,4.797024909975837748e-01,0.000000000000000000e+00,3.138900766809422094e-01,5.256445310842156049e-01,0.000000000000000000e+00,3.724682145705235925e-01,3.516342988988772067e-01,5.382971300787409152e-01,0.000000000000000000e+00,4.996253547129583250e-01,0.000000000000000000e+00,0.000000000000000000e+00
0.000000000000000000e+00,0.000000000000000000e+00,4.159279819721575233e-01,2.766342440554195869e-01,2.997860908679567116e-01,4.274994453418419216e-01,3.899861153622883880e-01,3.598368658497215766e-01,4.154920656913075883e-01,0.000000000000000000e+00,3.295379414877003810e-01,0.000000000000000000e+00,3.628834254149684857e-01,0.000000000000000000e+00,0.000000000000000000e+00,0.000000000000000000e+00,0.000000000000000000e+00,0.000000000000000000e+00,3.722912550120839881e-01,0.000000000000000000e+00,0.000000000000000000e+00,0.000000000000000000e+00,3.701269593357113807e-01,0.000000000000000000e+00,0.000000000000000000e+00,0.000000000000000000e+00,4.208586136587025850e-01,3.148402925570655264e-01,0.000000000000000000e+00,0.000000000000000000e+00,4.916508880895574252e-01,3.403865954261379723e-01,0.000000000000000000e+00,4.119475294627337747e-01,0.000000000000000000e+00,2.223808845099307097e-01,2.108182634127400978e-01,0.000000000000000000e+00,0.000000000000000000e+00,0.000000000000000000e+00,0.000000000000000000e+00,0.000000000000000000e+00,0.000000000000000000e+00,0.000000000000000000e+00,0.000000000000000000e+00,0.000000000000000000e+00,0.000000000000000000e+00,5.481231807315196658e-01,0.000000000000000000e+00,0.000000000000000000e+00,0.000000000000000000e+00,0.000000000000000000e+00,0.000000000000000000e+00,5.217997149503675880e-01,0.000000000000000000e+00,0.000000000000000000e+00,0.000000000000000000e+00,0.000000000000000000e+00,0.000000000000000000e+00,0.000000000000000000e+00,0.000000000000000000e+00,0.000000000000000000e+00,0.000000000000000000e+00,0.000000000000000000e+00,0.000000000000000000e+00,0.000000000000000000e+00,0.000000000000000000e+00,5.576442742270442121e-01,0.000000000000000000e+00,0.000000000000000000e+00,0.000000000000000000e+00,5.091560789325215719e-01,0.000000000000000000e+00,0.000000000000000000e+00,0.000000000000000000e+00,0.000000000000000000e+00
4.108893891881735816e-01,4.017374488841085056e-01,0.000000000000000000e+00,0.000000000000000000e+00,0.000000000000000000e+00,4.021675099012531063e-01,0.000000000000000000e+00,0.000000000000000000e+00,0.000000000000000000e+00,0.000000000000000000e+00,0.000000000000000000e+00,0.000000000000000000e+00,4.752335263350543904e-01,0.000000000000000000e+00,0.000000000000000000e+00,4.079235682151349240e-01,0.000000000000000000e+00,4.097954967783891123e-01,0.000000000000000000e+00,3.491704901547770801e-01,3.797978621845267133e-01,3.925983953582489194e-01,3.877272660532193882e-01,5.156502114955715532e-01,3.940451641906522195e-01,4.020982800273998903e-01,3.894129129745160234e-01,4.517534571971841828e-01,3.923791187871344954e-01,0.000000000000000000e+00,4.101971638274461984e-01,4.071497502597055118e-01,3.766213869876673948e-01,4.165785027680595221e-01,4.340819400434396957e-01,5.066026855409785368e-01,0.000000000000000000e+00,0.000000000000000000e+00,4.359118288714288747e-01,4.280233125353716805e-01,4.379752538334690248e-01,4.586010712071086903e-01,5.116690497039484420e-01,0.000000000000000000e+00,0.000000000000000000e+00,0.000000000000000000e+00,4.868053632338131265e-01,0.000000000000000000e+00,0.000000000000000000e+00,0.000000000000000000e+00,5.158408950260261472e-01,0.000000000000000000e+00,5.341578590069799848e-01,0.000000000000000000e+00,0.000000000000000000e+00,0.000000000000000000e+00,0.000000000000000000e+00,3.865321916656366263e-01,0.000000000000000000e+00,4.391494915689111989e-01,3.782330157348460231e-01,0.000000000000000000e+00,0.000000000000000000e+00,0.000000000000000000e+00,4.413919424776865941e-01,4.619893171953969868e-01,4.745236217745676943e-01,4.755758237675967726e-01,0.000000000000000000e+00,3.707166971119393861e-01,5.032115302411334090e-01,4.681916595316301111e-01,5.003013241034472980e-01,4.611557746075223840e-01,0.000000000000000000e+00,4.451013057450550758e-01
4.002261111573436891e-01,3.720289222456432121e-01,0.000000000000000000e+00,0.000000000000000000e+00,4.399221821635900809e-01,4.072570196195385850e-01,4.448255631921869124e-01,0.000000000000000000e+00,3.524738761374580087e-01,3.589161047211472111e-01,0.000000000000000000e+00,0.000000000000000000e+00,4.577665554720241059e-01,0.000000000000000000e+00,4.079235682151349240e-01,0.000000000000000000e+00,3.816763760802774907e-01,3.407429017795016724e-01,0.000000000000000000e+00,3.965856771633928801e-01,3.806395044494420010e-01,3.758857524426976182e-01,4.255361646086517902e-01,3.248692568464406905e-01,3.830769802670728752e-01,3.815307900812255903e-01,4.157437743918794837e-01,4.259790595352516140e-01,4.241973151004901910e-01,4.202158008430942893e-01,3.453245881745384827e-01,4.048697699539485217e-01,3.696597523665579033e-01,3.780423909247005998e-01,4.116442350540481798e-01,0.000000000000000000e+00,0.000000000000000000e+00,0.000000000000000000e+00,4.412803627308297116e-01,4.217833027128012890e-01,4.328088883026789957e-01,4.286112174322290747e-01,0.000000000000000000e+00,0.000000000000000000e+00,0.000000000000000000e+00,4.492938197236964193e-01,4.577516834400358059e-01,0.000000000000000000e+00,0.000000000000000000e+00,0.000000000000000000e+00,0.000000000000000000e+00,0.000000000000000000e+00,0.000000000000000000e+00,0.000000000000000000e+00,0.000000000000000000e+00,0.000000000000000000e+00,0.000000000000000000e+00,0.000000000000000000e+00,0.000000000000000000e+00,4.374534897966023128e-01,4.452144867833643938e-01,0.000000000000000000e+00,4.292798364499437747e-01,0.000000000000000000e+00,4.599812296429806047e-01,4.694512075580066779e-01,4.482468459940288086e-01,3.683681425831468736e-01,0.000000000000000000e+00,4.447802992943237776e-01,4.471345760661082913e-01,4.260652520184122216e-01,0.000000000000000000e+00,4.280347925985077961e-01,0.000000000000000000e+00,4.100211595584064006e-01
3.695903312862544032e-01,0.000000000000000000e+00,0.000000000000000000e+00,0.000000000000000000e+00,0.000000000000000000e+00,0.000000000000000000e+00,4.463849691936350172e-01,0.000000000000000000e+00,0.000000000000000000e+00,2.973355710052397183e-01,0.000000000000000000e+00,3.284540101314409877e-01,4.416565751342753088e-01,0.000000000000000000e+00,0.000000000000000000e+00,3.816763760802774907e-01,0.000000000000000000e+00,3.162876904929179944e-01,0.000000000000000000e+00,3.419776867841328172e-01,0.000000000000000000e+00,3.984044583209023216e-01,0.000000000000000000e+00,3.438628395216576927e-01,3.431903967982555259e-01,3.397039435541006069e-01,0.000000000000000000e+00,4.108097427329651108e-01,3.515115707984345916e-01,0.000000000000000000e+00,3.663600257895798240e-01,3.999379396607655179e-01,3.302620784534380793e-01,3.492925536299800182e-01,3.619513179208866949e-01,0.000000000000000000e+00,0.000000000000000000e+00,3.070633176598525083e-01,0.000000000000000000e+00,3.808490456107330724e-01,0.000000000000000000e+00,0.000000000000000000e+00,0.000000000000000000e+00,0.000000000000000000e+00,0.000000000000000000e+00,0.000000000000000000e+00,0.000000000000000000e+00,0.000000000000000000e+00,0.000000000000000000e+00,0.000000000000000000e+00,0.000000000000000000e+00,0.000000000000000000e+00,0.000000000000000000e+00,0.000000000000000000e+00,4.098836934989730785e-01,0.000000000000000000e+00,4.050015528958796907e-01,0.000000000000000000e+00,0.000000000000000000e+00,0.000000000000000000e+00,0.000000000000000000e+00,4.118339440231381099e-01,4.150355353228434852e-01,0.000000000000000000e+00,0.000000000000000000e+00,0.000000000000000000e+00,0.000000000000000000e+00,0.000000000000000000e+00,3.935452676815736073e-01,4.173284631596663186e-01,4.227504563833193729e-01,0.000000000000000000e+00,0.000000000000000000e+00,0.000000000000000000e+00,0.000000000000000000e+00,0.000000000000000000e+00
3.971488661519844143e-01,3.941849122463474964e-01,0.000000000000000000e+00,0.000000000000000000e+00,0.000000000000000000e+00,3.825095641637794031e-01,4.482213919487879061e-01,5.230330889314613874e-01,3.279026675961085879e-01,3.381784749597380180e-01,0.000000000000000000e+00,2.908582889562612017e-01,4.596576686683412905e-01,0.000000000000000000e+00,4.097954967783891123e-01,3.407429017795016724e-01,3.162876904929179944e-01,0.000000000000000000e+00,0.000000000000000000e+00,4.064184493971683132e-01,4.152201392766660115e-01,4.115614967705206739e-01,4.352901503945316164e-01,3.381565145071643852e-01,3.702711610055927083e-01,3.574152366077361087e-01,4.197350273048381930e-01,4.192534072403560907e-01,4.269191080480480016e-01,3.972695936228590741e-01,3.833649465945814794e-01,3.848926632244347723e-01,3.446692411585289828e-01,3.670230149620212767e-01,3.666351638768429733e-01,0.000000000000000000e+00,0.000000000000000000e+00,0.000000000000000000e+00,4.387760100524256135e-01,4.044798940956101929e-01,4.181913030363674788e-01,4.349603330716187988e-01,0.000000000000000000e+00,0.000000000000000000e+00,0.000000000000000000e+00,4.411167224731323278e-01,4.568767686088597846e-01,0.000000000000000000e+00,0.000000000000000000e+00,0.000000000000000000e+00,0.000000000000000000e+00,0.000000000000000000e+00,0.000000000000000000e+00,0.000000000000000000e+00,4.042265366742440191e-01,0.000000000000000000e+00,3.911628630032267240e-01,0.000000000000000000e+00,0.000000000000000000e+00,0.000000000000000000e+00,4.415670361007187905e-01,3.743334998002463831e-01,4.162642817235310266e-01,0.000000000000000000e+00,0.000000000000000000e+00,0.000000000000000000e+00,4.371366499116925985e-01,0.000000000000000000e+00,4.231382115324789916e-01,4.253398763490601198e-01,4.316051395062591167e-01,0.000000000000000000e+00,0.000000000000000000e+00,0.000000000000000000e+00,0.000000000000000000e+00,4.083032533741671188e-01
0.000000000000000000e+00,0.000000000000000000e+00,2.569056296911276793e-01,0.000000000000000000e+00,3.476278565489390182e-01,4.003813495730150773e-01,4.120910982426637115e-01,3.548652486364050063e-01,2.515091933286329184e-01,0.000000000000000000e+00,2.569269297376554073e-01,0.000000000000000000e+00,4.295519693846679976e-01,3.722912550120839881e-01,0.000000000000000000e+00,0.000000000000000000e+00,0.000000000000000000e+00,0.000000000000000000e+00,0.000000000000000000e+00,0.000000000000000000e+00,0.000000000000000000e+00,0.000000000000000000e+00,2.782481484550746176e-01,0.000000000000000000e+00,0.000000000000000000e+00,0.000000000000000000e+00,3.500305965286341081e-01,4.296747040758677194e-01,0.000000000000000000e+00,0.000000000000000000e+00,4.455779864138152968e-01,3.685505588560378798e-01,0.000000000000000000e+00,4.125742127277772231e-01,4.490938146703906120e-01,3.393049143387972255e-01,4.356333339022607776e-01,0.000000000000000000e+00,0.000000000000000000e+00,0.000000000000000000e+00,0.000000000000000000e+00,0.000000000000000000e+00,4.647054042250847172e-01,0.000000000000000000e+00,0.000000000000000000e+00,0.000000000000000000e+00,0.000000000000000000e+00,2.540903687286535928e-01,0.000000000000000000e+00,0.000000000000000000e+00,5.702868390655060349e-01,5.292468770065659189e-01,5.545728561853539018e-01,5.439681981918861320e-01,0.000000000000000000e+00,2.924664652719414781e-01,0.000000000000000000e+00,4.408722317261287160e-01,0.000000000000000000e+00,0.000000000000000000e+00,0.000000000000000000e+00,0.000000000000000000e+00,0.000000000000000000e+00,5.479760518175177397e-01,0.000000000000000000e+00,0.000000000000000000e+00,0.000000000000000000e+00,5.521644334119579778e-01,0.000000000000000000e+00,0.000000000000000000e+00,0.000000000000000000e+00,5.718587579979419466e-01,0.000000000000000000e+00,0.000000000000000000e+00,0.000000000000000000e+00,0.000000000000000000e+00
4.493118739472787837e-01,4.130664070142274213e-01,0.000000000000000000e+00,4.542737530024518189e-01,4.502749393580853798e-01,3.986272137953079109e-01,4.397228484524586811e-01,0.000000000000000000e+00,0.000000000000000000e+00,0.000000000000000000e+00,0.000000000000000000e+00,0.000000000000000000e+00,4.414637979565396164e-01,0.000000000000000000e+00,3.491704901547770801e-01,3.965856771633928801e-01,3.419776867841328172e-01,4.064184493971683132e-01,0.000000000000000000e+00,0.000000000000000000e+00,3.938539030556564846e-01,3.671974949819921119e-01,3.387025062870258063e-01,0.000000000000000000e+00,4.125817543026373269e-01,4.087556331671609033e-01,3.496083429848150237e-01,3.912513778503221018e-01,3.388902978424698786e-01,3.034791734407983888e-01,3.773801104267950901e-01,4.010462777432364789e-01,3.495458632563472889e-01,4.093877082929959776e-01,4.248439455070319726e-01,4.536634418060688234e-01,4.378869860829416871e-01,0.000000000000000000e+00,4.495078915310437018e-01,4.458175988732870909e-01,4.312111760088275236e-01,4.293053279772214847e-01,3.944983890183840214e-01,0.000000000000000000e+00,0.000000000000000000e+00,0.000000000000000000e+00,4.898686811505730820e-01,0.000000000000000000e+00,0.000000000000000000e+00,0.000000000000000000e+00,4.929126198688195126e-01,0.000000000000000000e+00,5.009791307716436881e-01,0.000000000000000000e+00,0.000000000000000000e+00,0.000000000000000000e+00,0.000000000000000000e+00,3.744207225330102862e-01,0.000000000000000000e+00,4.589318879851040922e-01,2.986063571550934270e-01,0.000000000000000000e+00,0.000000000000000000e+00,0.000000000000000000e+00,4.641971766988279846e-01,4.408434627546394813e-01,4.568346438192704140e-01,4.802204582711658842e-01,0.000000000000000000e+00,2.991571248401743155e-01,4.878348974069938726e-01,4.901717620351809801e-01,4.608447542543863129e-01,4.403243866169052056e-01,3.950161859683218868e-01,4.416884482241730248e-01
4.091928803558925742e-01,3.834670330320619769e-01,0.000000000000000000e+00,0.000000000000000000e+00,0.000000000000000000e+00,3.933098051321839983e-01,0.000000000000000000e+00,4.000958566064770072e-01,0.000000000000000000e+00,0.000000000000000000e+00,0.000000000000000000e+00,4.223368809148593250e-01,4.310162624895059191e-01,0.000000000000000000e+00,3.797978621845267133e-01,3.806395044494420010e-01,0.000000000000000000e+00,4.152201392766660115e-01,0.000000000000000000e+00,3.938539030556564846e-01,0.000000000000000000e+00,4.279578260164544901e-01,3.994141338753103843e-01,4.857881206969085208e-01,4.074061390562616070e-01,3.961484457764449241e-01,4.099647073698038935e-01,4.565818015784905981e-01,3.964952928574214108e-01,0.000000000000000000e+00,4.096982210661638257e-01,4.033263467370681865e-01,3.777802638534941138e-01,4.128340633102310919e-01,4.347878301519481070e-01,0.000000000000000000e+00,0.000000000000000000e+00,0.000000000000000000e+00,4.618464112794141152e-01,4.320689220268847941e-01,4.426911302106473212e-01,4.553179145125372806e-01,0.000000000000000000e+00,0.000000000000000000e+00,0.000000000000000000e+00,4.817895974860588182e-01,4.767009212416741248e-01,0.000000000000000000e+00,0.000000000000000000e+00,0.000000000000000000e+00,4.893890240278219728e-01,0.000000000000000000e+00,4.995130957455293230e-01,0.000000000000000000e+00,0.000000000000000000e+00,0.000000000000000000e+00,0.000000000000000000e+00,3.933700290762310869e-01,0.000000000000000000e+00,4.751240813737966917e-01,4.547568441722453780e-01,0.000000000000000000e+00,0.000000000000000000e+00,0.000000000000000000e+00,4.544785682380499958e-01,4.413018643679821884e-01,4.840770592000527839e-01,4.932248812154387818e-01,0.000000000000000000e+00,3.923683373159250198e-01,4.954595378134288852e-01,4.931252095818268177e-01,4.903162956428537833e-01,4.720824332745828245e-01,0.000000000000000000e+00,4.681454868211966103e-01
