0.000000000000000000e+00,3.390533403013525904e-01,0.000000000000000000e+00,0.000000000000000000e+00,0.000000000000000000e+00,3.062207042875150220e-01,0.000000000000000000e+00,4.260791757403663005e-01,0.000000000000000000e+00,2.962574064113371874e-01,0.000000000000000000e+00,3.106452065820307085e-01,0.000000000000000000e+00,0.000000000000000000e+00,3.120995520397639167e-01,3.508075142402823920e-01,3.063743482123276740e-01,3.366217179262572246e-01,0.000000000000000000e+00,4.351394589125401891e-01,3.505988321329471802e-01,3.701285263476943865e-01,3.970806157282769089e-01,3.227143577328350776e-01,3.288608115423511946e-01,3.149006119000755111e-01,3.838675933369645188e-01,0.000000000000000000e+00,0.000000000000000000e+00,0.000000000000000000e+00,3.154990314505327076e-01,3.651519244238439210e-01,2.801324565463388927e-01,2.803083393924024058e-01,3.622027275144749092e-01,0.000000000000000000e+00,0.000000000000000000e+00,2.666537705701833016e-01,4.175645058526266107e-01,3.682966738124393014e-01,3.611395247466607228e-01,0.000000000000000000e+00,0.000000000000000000e+00,0.000000000000000000e+00,0.000000000000000000e+00,3.705589243626619123e-01,4.197810424568382270e-01,0.000000000000000000e+00,0.000000000000000000e+00,0.000000000000000000e+00,0.000000000000000000e+00,0.000000000000000000e+00,0.000000000000000000e+00,0.000000000000000000e+00,3.415582040264005248e-01,0.000000000000000000e+00,0.000000000000000000e+00,0.000000000000000000e+00,0.000000000000000000e+00,0.000000000000000000e+00,4.101896462765501905e-01,0.000000000000000000e+00,3.607153334384112786e-01,0.000000000000000000e+00,0.000000000000000000e+00,0.000000000000000000e+00,4.211305094377443270e-01,0.000000000000000000e+00,0.000000000000000000e+00,4.038766053340882012e-01,4.025693184495868215e-01,0.000000000000000000e+00,0.000000000000000000e+00,0.000000000000000000e+00,0.000000000000000000e+00,3.397341634214091077e-01
3.390533403013525904e-01,0.000000000000000000e+00,0.000000000000000000e+00,0.000000000000000000e+00,3.362956387497488819e-01,3.799279703676239905e-01,3.966848095523929918e-01,4.034828332579658006e-01,3.616133676443701872e-01,0.000000000000000000e+00,0.000000000000000000e+00,0.000000000000000000e+00,4.074298658147683105e-01,0.000000000000000000e+00,3.767569568226596943e-01,3.774424618670356169e-01,0.000000000000000000e+00,3.580519327078621750e-01,0.000000000000000000e+00,3.883986532292604266e-01,3.632017382681034245e-01,3.560977529027288258e-01,3.751104646306970825e-01,0.000000000000000000e+00,3.522238171276930174e-01,3.523276371330471002e-01,3.933460044465404981e-01,4.027336848520923773e-01,3.923158401534114215e-01,0.000000000000000000e+00,3.174506319703325197e-01,3.699470389684160199e-01,2.990846520637153727e-01,3.141872783977169847e-01,3.878265949725092088e-01,0.000000000000000000e+00,0.000000000000000000e+00,0.000000000000000000e+00,4.243770017743502820e-01,3.969355164659614799e-01,4.083330195262260265e-01,4.537631338284837113e-01,0.000000000000000000e+00,0.000000000000000000e+00,0.000000000000000000e+00,4.113468944210824096e-01,4.485886095231200188e-01,0.000000000000000000e+00,0.000000000000000000e+00,0.000000000000000000e+00,4.049686231976794004e-01,0.000000000000000000e+00,0.000000000000000000e+00,0.000000000000000000e+00,0.000000000000000000e+00,0.000000000000000000e+00,0.000000000000000000e+00,0.000000000000000000e+00,0.000000000000000000e+00,4.554267063416159167e-01,4.249991682793646253e-01,0.000000000000000000e+00,3.847186845334735206e-01,0.000000000000000000e+00,4.632950065466662770e-01,4.799641992410969005e-01,4.502369430650587923e-01,4.086191924790824048e-01,0.000000000000000000e+00,4.278178439115009057e-01,4.529660757185977049e-01,4.454032093555519989e-01,0.000000000000000000e+00,4.306826208148968882e-01,0.000000000000000000e+00,4.167702687737117051e-01
0.000000000000000000e+00,0.000000000000000000e+00,0.000000000000000000e+00,0.000000000000000000e+00,3.162190117156620794e-01,3.096823909855386248e-01,3.711515186398504085e-01,4.119901168732270080e-01,2.916924380202743916e-01,3.576466377148315168e-01,2.281378021558072011e-01,0.000000000000000000e+00,3.832494095286930191e-01,3.934136512186076073e-01,0.000000000000000000e+00,0.000000000000000000e+00,0.000000000000000000e+00,0.000000000000000000e+00,2.383369297659508890e-01,0.000000000000000000e+00,0.000000000000000000e+00,0.000000000000000000e+00,2.729854240606913729e-01,0.000000000000000000e+00,0.000000000000000000e+00,0.000000000000000000e+00,2.500291122512602882e-01,3.823434786342773117e-01,0.000000000000000000e+00,0.000000000000000000e+00,3.842766308644741113e-01,3.610993460841350755e-01,0.000000000000000000e+00,3.879919173828553780e-01,3.749477350931336161e-01,3.528396135397270927e-01,3.604073899349479193e-01,0.000000000000000000e+00,5.026739256281611556e-01,0.000000000000000000e+00,4.214190257950681806e-01,0.000000000000000000e+00,4.452374291204537204e-01,0.000000000000000000e+00,0.000000000000000000e+00,0.000000000000000000e+00,0.000000000000000000e+00,3.635300242125157899e-01,0.000000000000000000e+00,5.111652259476732185e-01,5.047304370702533349e-01,4.790569015392179830e-01,4.876387559960206897e-01,5.285143105551878273e-01,0.000000000000000000e+00,3.023175808371854068e-01,0.000000000000000000e+00,4.438050767694338150e-01,5.113459216895829273e-01,0.000000000000000000e+00,0.000000000000000000e+00,0.000000000000000000e+00,0.000000000000000000e+00,3.106568104664444996e-01,0.000000000000000000e+00,0.000000000000000000e+00,0.000000000000000000e+00,4.281879245573981252e-01,0.000000000000000000e+00,0.000000000000000000e+00,0.000000000000000000e+00,4.777008426157913212e-01,3.705374228437693929e-01,0.000000000000000000e+00,0.000000000000000000e+00,0.000000000000000000e+00
0.000000000000000000e+00,0.000000000000000000e+00,0.000000000000000000e+00,0.000000000000000000e+00,2.004036759354619890e-01,0.000000000000000000e+00,2.345771244443783099e-01,3.062294409273932927e-01,3.529959620294186862e-01,0.000000000000000000e+00,3.161208122995010084e-01,0.000000000000000000e+00,2.468927749292811058e-01,2.071830021435462910e-01,0.000000000000000000e+00,0.000000000000000000e+00,0.000000000000000000e+00,0.000000000000000000e+00,0.000000000000000000e+00,4.567115986392044080e-01,0.000000000000000000e+00,0.000000000000000000e+00,0.000000000000000000e+00,0.000000000000000000e+00,0.000000000000000000e+00,0.000000000000000000e+00,4.319253033025303723e-01,2.278087605290156081e-01,0.000000000000000000e+00,0.000000000000000000e+00,0.000000000000000000e+00,3.133059645016845196e-01,0.000000000000000000e+00,2.574532326928946069e-01,2.627658244565502232e-01,1.760980915749315034e-01,1.808168085169095940e-01,0.000000000000000000e+00,0.000000000000000000e+00,0.000000000000000000e+00,0.000000000000000000e+00,0.000000000000000000e+00,0.000000000000000000e+00,0.000000000000000000e+00,0.000000000000000000e+00,0.000000000000000000e+00,0.000000000000000000e+00,0.000000000000000000e+00,0.000000000000000000e+00,0.000000000000000000e+00,0.000000000000000000e+00,0.000000000000000000e+00,0.000000000000000000e+00,0.000000000000000000e+00,0.000000000000000000e+00,0.000000000000000000e+00,0.000000000000000000e+00,0.000000000000000000e+00,0.000000000000000000e+00,0.000000000000000000e+00,0.000000000000000000e+00,0.000000000000000000e+00,0.000000000000000000e+00,0.000000000000000000e+00,0.000000000000000000e+00,0.000000000000000000e+00,0.000000000000000000e+00,0.000000000000000000e+00,0.000000000000000000e+00,0.000000000000000000e+00,0.000000000000000000e+00,0.000000000000000000e+00,0.000000000000000000e+00,0.000000000000000000e+00,0.000000000000000000e+00,0.000000000000000000e+00
0.000000000000000000e+00,3.362956387497488819e-01,3.162190117156620794e-01,2.004036759354619890e-01,0.000000000000000000e+00,3.410961935410261048e-01,3.172653395962959921e-01,3.589923318909585825e-01,3.096531880330067876e-01,3.703847891535397840e-01,2.892697306358181786e-01,3.615289681134705169e-01,3.503715053299674143e-01,2.484371343126144105e-01,0.000000000000000000e+00,4.146579794639964067e-01,0.000000000000000000e+00,0.000000000000000000e+00,3.203802295317080273e-01,4.177029942430248166e-01,0.000000000000000000e+00,4.164137020098547248e-01,3.451217624018196872e-01,0.000000000000000000e+00,3.790437477588509130e-01,3.603179223991663238e-01,3.319208488763368825e-01,3.306282137479796823e-01,3.955032052469193982e-01,0.000000000000000000e+00,4.047710287159760889e-01,3.566852178818132879e-01,0.000000000000000000e+00,3.905872529800961113e-01,3.906070022082602788e-01,1.784131129915131064e-01,1.885938604628474013e-01,3.797295034901336241e-01,4.035125071447325240e-01,0.000000000000000000e+00,0.000000000000000000e+00,0.000000000000000000e+00,3.868960704339665102e-01,0.000000000000000000e+00,0.000000000000000000e+00,0.000000000000000000e+00,0.000000000000000000e+00,5.494963828524725979e-01,0.000000000000000000e+00,3.538059721791648737e-01,4.516127504555311201e-01,0.000000000000000000e+00,4.937711755152220938e-01,5.141859453254238321e-01,0.000000000000000000e+00,3.670633016571210883e-01,0.000000000000000000e+00,0.000000000000000000e+00,0.000000000000000000e+00,0.000000000000000000e+00,0.000000000000000000e+00,0.000000000000000000e+00,0.000000000000000000e+00,5.178232748133484442e-01,0.000000000000000000e+00,0.000000000000000000e+00,0.000000000000000000e+00,4.620631355947958929e-01,0.000000000000000000e+00,0.000000000000000000e+00,0.000000000000000000e+00,4.934294008263135911e-01,0.000000000000000000e+00,0.000000000000000000e+00,0.000000000000000000e+00,0.000000000000000000e+00
3.062207042875150220e-01,3.799279703676239905e-01,3.096823909855386248e-01,0.000000000000000000e+00,3.410961935410261048e-01,0.000000000000000000e+00,3.780013269128457143e-01,3.455887483087268786e-01,2.970562591354964921e-01,4.091801105031536157e-01,3.316611146639766861e-01,2.974889107361599061e-01,3.516369812630624203e-01,3.741134690348115743e-01,3.872232654227665272e-01,4.123917793528710241e-01,0.000000000000000000e+00,3.562002294327913932e-01,3.272552084510648163e-01,3.690169931846902784e-01,3.111733263547252770e-01,3.921483737495077837e-01,3.227600117738966823e-01,0.000000000000000000e+00,3.767495148448806175e-01,3.836665835975571759e-01,3.075973615451499943e-01,3.289239303339950848e-01,3.063583017069054226e-01,3.576876143533314067e-01,3.858519475863648185e-01,3.756749470062200058e-01,2.795936293047190935e-01,3.973065862150482186e-01,4.092283730738262015e-01,4.194049596466533081e-01,4.207450782347875728e-01,0.000000000000000000e+00,4.590819123654586997e-01,0.000000000000000000e+00,4.798790616761802186e-01,4.112776051842321756e-01,4.177788712492602752e-01,0.000000000000000000e+00,0.000000000000000000e+00,0.000000000000000000e+00,2.943004511264145084e-01,5.043995036168216206e-01,0.000000000000000000e+00,4.382244362619573952e-01,4.654521347250653029e-01,4.293232902227593906e-01,4.314611644754279274e-01,4.936461732385569734e-01,0.000000000000000000e+00,3.856207007159123124e-01,0.000000000000000000e+00,4.003175043788337883e-01,0.000000000000000000e+00,4.271074839483370855e-01,0.000000000000000000e+00,0.000000000000000000e+00,0.000000000000000000e+00,5.249618311693678985e-01,4.709022546291639078e-01,3.831445995290723161e-01,4.030859990166797968e-01,4.596959377973530159e-01,0.000000000000000000e+00,0.000000000000000000e+00,3.939709244395507848e-01,4.524184050865420192e-01,4.356737859910839172e-01,4.121697041434652098e-01,4.111078998000629037e-01,4.694096149927217132e-01
0.000000000000000000e+00,3.966848095523929918e-01,3.711515186398504085e-01,2.345771244443783099e-01,3.172653395962959921e-01,3.780013269128457143e-01,0.000000000000000000e+00,4.092096738194461181e-01,3.704956776091656856e-01,3.681313821055853253e-01,3.810970794380075244e-01,3.716126690636504248e-01,3.227158754719305911e-01,2.990908609320573897e-01,0.000000000000000000e+00,4.340899767251458208e-01,3.588185970424017102e-01,4.106915554491771814e-01,3.902620843333777789e-01,4.130565519792537277e-01,0.000000000000000000e+00,4.362718802777095228e-01,3.828288393097035169e-01,4.059110651539317161e-01,3.944352380909130762e-01,3.861679203364712931e-01,3.827165856481842265e-01,3.459249032142596159e-01,3.889995754873334932e-01,0.000000000000000000e+00,3.982078316347967828e-01,3.536594043891794770e-01,0.000000000000000000e+00,3.636848888792412748e-01,3.652534577139197047e-01,2.561122597049665939e-01,2.573503428781889202e-01,3.859485255022331862e-01,3.293154256851283934e-01,0.000000000000000000e+00,3.516270012456155780e-01,0.000000000000000000e+00,3.384963654019196855e-01,0.000000000000000000e+00,0.000000000000000000e+00,0.000000000000000000e+00,0.000000000000000000e+00,4.177525468050380941e-01,0.000000000000000000e+00,0.000000000000000000e+00,4.614984395235082193e-01,0.000000000000000000e+00,3.743044735559873937e-01,0.000000000000000000e+00,0.000000000000000000e+00,2.884196958407074241e-01,0.000000000000000000e+00,0.000000000000000000e+00,0.000000000000000000e+00,0.000000000000000000e+00,0.000000000000000000e+00,0.000000000000000000e+00,0.000000000000000000e+00,0.000000000000000000e+00,0.000000000000000000e+00,0.000000000000000000e+00,0.000000000000000000e+00,4.796460512669252774e-01,0.000000000000000000e+00,0.000000000000000000e+00,0.000000000000000000e+00,4.927521260362073829e-01,0.000000000000000000e+00,0.000000000000000000e+00,0.000000000000000000e+00,0.000000000000000000e+00
4.260791757403663005e-01,4.034828332579658006e-01,4.119901168732270080e-01,3.062294409273932927e-01,3.589923318909585825e-01,3.455887483087268786e-01,4.092096738194461181e-01,0.000000000000000000e+00,4.415483176970322887e-01,3.533570013234936247e-01,3.154127071645793090e-01,3.827374166170828818e-01,4.041204616559698759e-01,3.240009402949757256e-01,4.406799282174472254e-01,3.785843216515871190e-01,0.000000000000000000e+00,4.025011804396854131e-01,4.209040198088204732e-01,3.803200780920785729e-01,3.386994691462247853e-01,3.859097606218583887e-01,3.217919165161153838e-01,4.409816919300850735e-01,4.020759525598132100e-01,4.112432526145637923e-01,3.734007366675131112e-01,3.945160559094070263e-01,3.473948659642899228e-01,3.760135792944657163e-01,4.184829542630821853e-01,3.677126201436629049e-01,3.825669769617828231e-01,4.256906486492739172e-01,4.172124032849721109e-01,2.316465091236238061e-01,4.019504102067226747e-01,0.000000000000000000e+00,4.509517133241527920e-01,0.000000000000000000e+00,5.087966626486291055e-01,0.000000000000000000e+00,3.534135336298153129e-01,0.000000000000000000e+00,0.000000000000000000e+00,0.000000000000000000e+00,0.000000000000000000e+00,5.017184346766321301e-01,0.000000000000000000e+00,4.343320150063578189e-01,4.668046101499608858e-01,4.365547639314825146e-01,3.786834353525271868e-01,4.986639806705142064e-01,0.000000000000000000e+00,4.167586293879350090e-01,0.000000000000000000e+00,4.572043338723769113e-01,4.163577110458954178e-01,0.000000000000000000e+00,0.000000000000000000e+00,0.000000000000000000e+00,0.000000000000000000e+00,4.789436233981981816e-01,5.321333929012922459e-01,4.085543731400250733e-01,0.000000000000000000e+00,4.530294612639305107e-01,0.000000000000000000e+00,0.000000000000000000e+00,0.000000000000000000e+00,4.726789369124728135e-01,4.460546382833660006e-01,4.482270041878836930e-01,0.000000000000000000e+00,4.943466971255954800e-01
0.000000000000000000e+00,3.616133676443701872e-01,2.916924380202743916e-01,3.529959620294186862e-01,3.096531880330067876e-01,2.970562591354964921e-01,3.704956776091656856e-01,4.415483176970322887e-01,0.000000000000000000e+00,3.861010766362488744e-01,2.935375128372835762e-01,3.309153237811677806e-01,3.614513812285193861e-01,3.521706262831643119e-01,0.000000000000000000e+00,3.339456600341316195e-01,0.000000000000000000e+00,2.565086311484113812e-01,2.761392265216545128e-01,3.791547534589886914e-01,0.000000000000000000e+00,3.509990990268629929e-01,3.434603384475898857e-01,2.864213465276250759e-01,2.746166034621979057e-01,2.724617847659401848e-01,3.075045996885775734e-01,4.069613977367259050e-01,3.462198747641285768e-01,3.718957029176471196e-01,4.197074062258612237e-01,3.873583872660326111e-01,3.053404314505548944e-01,4.116269560430225183e-01,3.783603823381629927e-01,3.210143264119352802e-01,3.997607369562078961e-01,3.664502362906238986e-01,4.549128311767500210e-01,0.000000000000000000e+00,3.314553839463402207e-01,0.000000000000000000e+00,4.605874729820281788e-01,0.000000000000000000e+00,0.000000000000000000e+00,0.000000000000000000e+00,0.000000000000000000e+00,5.325187523458970729e-01,0.000000000000000000e+00,4.469663624929763879e-01,5.233103641903104064e-01,4.506279933427528861e-01,5.027262200569005968e-01,5.540271766401898557e-01,0.000000000000000000e+00,3.480349946371708025e-01,0.000000000000000000e+00,3.859438314540724058e-01,5.294242858180968625e-01,0.000000000000000000e+00,0.000000000000000000e+00,0.000000000000000000e+00,0.000000000000000000e+00,5.468173709846279040e-01,0.000000000000000000e+00,0.000000000000000000e+00,0.000000000000000000e+00,5.136919207099617246e-01,0.000000000000000000e+00,0.000000000000000000e+00,0.000000000000000000e+00,5.104919787137236487e-01,3.652496626961659887e-01,0.000000000000000000e+00,0.000000000000000000e+00,0.000000000000000000e+00
2.962574064113371874e-01,0.000000000000000000e+00,3.576466377148315168e-01,0.000000000000000000e+00,3.703847891535397840e-01,4.091801105031536157e-01,3.681313821055853253e-01,3.533570013234936247e-01,3.861010766362488744e-01,0.000000000000000000e+00,3.740877402368130156e-01,2.768260391187212788e-01,3.804025331655133124e-01,0.000000000000000000e+00,0.000000000000000000e+00,3.276918750664448154e-01,2.937877533905601801e-01,2.937767814721001791e-01,4.182846385906441866e-01,0.000000000000000000e+00,0.000000000000000000e+00,2.918235915111179191e-01,3.506888448220943921e-01,2.817288886231443801e-01,3.073251156350738089e-01,3.001444904898303845e-01,3.676916725715018153e-01,3.660849684542650251e-01,0.000000000000000000e+00,0.000000000000000000e+00,2.942776954347490759e-01,3.506180533384393172e-01,2.832814334112166987e-01,2.778200022505252220e-01,3.286366556838524744e-01,3.688595870892654172e-01,0.000000000000000000e+00,2.438631828977368132e-01,3.911692560825368870e-01,3.295215359912969100e-01,3.191996236076045101e-01,4.657173827311856806e-01,0.000000000000000000e+00,0.000000000000000000e+00,3.240877271646300795e-01,3.307625029957875773e-01,0.000000000000000000e+00,0.000000000000000000e+00,0.000000000000000000e+00,0.000000000000000000e+00,0.000000000000000000e+00,0.000000000000000000e+00,0.000000000000000000e+00,0.000000000000000000e+00,3.943065781307997231e-01,0.000000000000000000e+00,4.084153533317845253e-01,3.856757765377614167e-01,0.000000000000000000e+00,0.000000000000000000e+00,0.000000000000000000e+00,3.881451228981693813e-01,3.775313935261130904e-01,0.000000000000000000e+00,0.000000000000000000e+00,0.000000000000000000e+00,0.000000000000000000e+00,0.000000000000000000e+00,3.649508330873327822e-01,3.945123687637382970e-01,4.072909337105827254e-01,0.000000000000000000e+00,4.213206903293280070e-01,0.000000000000000000e+00,0.000000000000000000e+00,3.749061699421369909e-01
0.000000000000000000e+00,0.000000000000000000e+00,2.281378021558072011e-01,3.161208122995010084e-01,2.892697306358181786e-01,3.316611146639766861e-01,3.810970794380075244e-01,3.154127071645793090e-01,2.935375128372835762e-01,3.740877402368130156e-01,0.000000000000000000e+00,3.576062340019108277e-01,3.889886123286033781e-01,2.895700621020468879e-01,0.000000000000000000e+00,0.000000000000000000e+00,0.000000000000000000e+00,0.000000000000000000e+00,2.099695949766970104e-01,0.000000000000000000e+00,0.000000000000000000e+00,0.000000000000000000e+00,2.920867031105375822e-01,3.648228001717929159e-01,0.000000000000000000e+00,2.357321177212912122e-01,3.168598953856023859e-01,3.927523856243245182e-01,0.000000000000000000e+00,0.000000000000000000e+00,4.111756898057017939e-01,3.708825050515764943e-01,0.000000000000000000e+00,4.029377855961833177e-01,3.829198452638191141e-01,2.438890347525808078e-01,3.819661394387102726e-01,3.395632225270492910e-01,4.112775495298601758e-01,0.000000000000000000e+00,0.000000000000000000e+00,0.000000000000000000e+00,3.229221129886805097e-01,0.000000000000000000e+00,0.000000000000000000e+00,0.000000000000000000e+00,0.000000000000000000e+00,4.332195469018855216e-01,0.000000000000000000e+00,3.947260773641592113e-01,4.517061428504027809e-01,3.818403984298636145e-01,4.690295919815102854e-01,4.777806374630158004e-01,0.000000000000000000e+00,2.527373903377473918e-01,0.000000000000000000e+00,4.027644136452819823e-01,3.895787441661608952e-01,0.000000000000000000e+00,0.000000000000000000e+00,0.000000000000000000e+00,0.000000000000000000e+00,2.643585081030618844e-01,0.000000000000000000e+00,0.000000000000000000e+00,0.000000000000000000e+00,4.479690791687218065e-01,0.000000000000000000e+00,0.000000000000000000e+00,0.000000000000000000e+00,4.878164100913511825e-01,3.124477268276963926e-01,0.000000000000000000e+00,0.000000000000000000e+00,0.000000000000000000e+00
3.106452065820307085e-01,0.000000000000000000e+00,0.000000000000000000e+00,0.000000000000000000e+00,3.615289681134705169e-01,2.974889107361599061e-01,3.716126690636504248e-01,3.827374166170828818e-01,3.309153237811677806e-01,2.768260391187212788e-01,3.576062340019108277e-01,0.000000000000000000e+00,3.323408299653288211e-01,0.000000000000000000e+00,0.000000000000000000e+00,0.000000000000000000e+00,3.085270489108188907e-01,2.444360606299960936e-01,0.000000000000000000e+00,0.000000000000000000e+00,3.617054620366331186e-01,0.000000000000000000e+00,3.510240922164465927e-01,2.666867170552265076e-01,3.046371874534831159e-01,2.839093056113887736e-01,2.996700135261632925e-01,3.198842474283422055e-01,0.000000000000000000e+00,0.000000000000000000e+00,2.864215398163850179e-01,2.805193373623163233e-01,2.505873467013214895e-01,2.337483095957572921e-01,2.788808946685085166e-01,3.210941973637608249e-01,3.162573452851258904e-01,2.006593812663637066e-01,3.924788140857057850e-01,3.300678582822116902e-01,3.256020350278117093e-01,4.305329162014289723e-01,0.000000000000000000e+00,0.000000000000000000e+00,3.309836769209282825e-01,0.000000000000000000e+00,0.000000000000000000e+00,0.000000000000000000e+00,0.000000000000000000e+00,0.000000000000000000e+00,0.000000000000000000e+00,0.000000000000000000e+00,0.000000000000000000e+00,0.000000000000000000e+00,3.994982664112102788e-01,0.000000000000000000e+00,2.962312696851999161e-01,3.942996079057574099e-01,0.000000000000000000e+00,0.000000000000000000e+00,0.000000000000000000e+00,3.786083251172540076e-01,3.828781427754900935e-01,0.000000000000000000e+00,0.000000000000000000e+00,0.000000000000000000e+00,0.000000000000000000e+00,0.000000000000000000e+00,3.805873560597904937e-01,3.943408235281266050e-01,4.059876977345269755e-01,0.000000000000000000e+00,3.947034763416248926e-01,0.000000000000000000e+00,0.000000000000000000e+00,3.685325273050540917e-01
0.000000000000000000e+00,4.074298658147683105e-01,3.832494095286930191e-01,2.468927749292811058e-01,3.503715053299674143e-01,3.516369812630624203e-01,3.227158754719305911e-01,4.041204616559698759e-01,3.614513812285193861e-01,3.804025331655133124e-01,3.889886123286033781e-01,3.323408299653288211e-01,0.000000000000000000e+00,2.833259227730459129e-01,4.635600367063609784e-01,4.444450934569506018e-01,3.512955899199249887e-01,4.103467674522043862e-01,3.975896616052135846e-01,4.071912787109733811e-01,3.811218464741534806e-01,4.403817184648906036e-01,3.900834775423414058e-01,3.414566349303281845e-01,4.037048725161790919e-01,3.871278291998990206e-01,3.925892293928476828e-01,2.991300593448186773e-01,3.588357567490200184e-01,3.383352896768807017e-01,3.827372383136660727e-01,3.666991471675742909e-01,3.531612843849047945e-01,3.788746193477460777e-01,3.671878930206852742e-01,2.844533772860565746e-01,3.180589225255702202e-01,3.543903257608226887e-01,5.049453645600450180e-01,0.000000000000000000e+00,3.652987788016764936e-01,0.000000000000000000e+00,4.268187548178218882e-01,0.000000000000000000e+00,0.000000000000000000e+00,0.000000000000000000e+00,0.000000000000000000e+00,4.160052081031709870e-01,0.000000000000000000e+00,0.000000000000000000e+00,4.779805631357276208e-01,3.430684690102840939e-01,4.551782428032506989e-01,0.000000000000000000e+00,0.000000000000000000e+00,3.053590791657249115e-01,0.000000000000000000e+00,0.000000000000000000e+00,0.000000000000000000e+00,0.000000000000000000e+00,0.000000000000000000e+00,0.000000000000000000e+00,0.000000000000000000e+00,0.000000000000000000e+00,4.428669005875101039e-01,0.000000000000000000e+00,2.847910961997601742e-01,4.728162079931751971e-01,0.000000000000000000e+00,0.000000000000000000e+00,3.275257168202074243e-01,4.669304324537538742e-01,0.000000000000000000e+00,4.293333716466182226e-01,0.000000000000000000e+00,0.000000000000000000e+00
0.000000000000000000e+00,0.000000000000000000e+00,3.934136512186076073e-01,2.071830021435462910e-01,2.484371343126144105e-01,3.741134690348115743e-01,2.990908609320573897e-01,3.240009402949757256e-01,3.521706262831643119e-01,0.000000000000000000e+00,2.895700621020468879e-01,0.000000000000000000e+00,2.833259227730459129e-01,0.000000000000000000e+00,0.000000000000000000e+00,0.000000000000000000e+00,0.000000000000000000e+00,0.000000000000000000e+00,3.410034929509074830e-01,0.000000000000000000e+00,4.316262465577843099e-01,0.000000000000000000e+00,3.620975983794315067e-01,0.000000000000000000e+00,0.000000000000000000e+00,0.000000000000000000e+00,3.882716782531364097e-01,2.131162451508200883e-01,0.000000000000000000e+00,0.000000000000000000e+00,3.347513401764538044e-01,2.586608917700443100e-01,0.000000000000000000e+00,0.000000000000000000e+00,0.000000000000000000e+00,1.795487331114807017e-01,1.673927879716075873e-01,0.000000000000000000e+00,0.000000000000000000e+00,0.000000000000000000e+00,0.000000000000000000e+00,0.000000000000000000e+00,3.527738359616408026e-01,0.000000000000000000e+00,0.000000000000000000e+00,0.000000000000000000e+00,0.000000000000000000e+00,4.585562775285916826e-01,0.000000000000000000e+00,0.000000000000000000e+00,0.000000000000000000e+00,0.000000000000000000e+00,0.000000000000000000e+00,4.697052419140175239e-01,0.000000000000000000e+00,3.748031929298034082e-01,0.000000000000000000e+00,0.000000000000000000e+00,0.000000000000000000e+00,0.000000000000000000e+00,0.000000000000000000e+00,0.000000000000000000e+00,0.000000000000000000e+00,0.000000000000000000e+00,0.000000000000000000e+00,0.000000000000000000e+00,0.000000000000000000e+00,4.566520967366037853e-01,0.000000000000000000e+00,0.000000000000000000e+00,0.000000000000000000e+00,4.195995173906725273e-01,0.000000000000000000e+00,0.000000000000000000e+00,0.000000000000000000e+00,0.000000000000000000e+00
3.120995520397639167e-01,3.767569568226596943e-01,0.000000000000000000e+00,0.000000000000000000e+00,0.000000000000000000e+00,3.872232654227665272e-01,0.000000000000000000e+00,4.406799282174472254e-01,0.000000000000000000e+00,0.000000000000000000e+00,0.000000000000000000e+00,0.000000000000000000e+00,4.635600367063609784e-01,0.000000000000000000e+00,0.000000000000000000e+00,3.925673294049635276e-01,0.000000000000000000e+00,3.743580606840796743e-01,0.000000000000000000e+00,3.195647986075320079e-01,3.542565676572225208e-01,3.282187672939397838e-01,2.999603853252739150e-01,0.000000000000000000e+00,3.543290202951144274e-01,3.201731108306742901e-01,3.795512343703307256e-01,3.982080261339209226e-01,3.640735978675616047e-01,0.000000000000000000e+00,3.860622251524531978e-01,3.958275178293521046e-01,3.264424711069314200e-01,3.820017822089654125e-01,4.393092670294334035e-01,5.166166382637945587e-01,0.000000000000000000e+00,0.000000000000000000e+00,4.600061347076567220e-01,4.437878465266710815e-01,4.390940388298099073e-01,5.096304920719071374e-01,0.000000000000000000e+00,0.000000000000000000e+00,0.000000000000000000e+00,0.000000000000000000e+00,4.378474402373577767e-01,0.000000000000000000e+00,0.000000000000000000e+00,0.000000000000000000e+00,4.620849020292658871e-01,0.000000000000000000e+00,0.000000000000000000e+00,0.000000000000000000e+00,0.000000000000000000e+00,0.000000000000000000e+00,0.000000000000000000e+00,0.000000000000000000e+00,0.000000000000000000e+00,4.334863699801588810e-01,3.322558160855227927e-01,0.000000000000000000e+00,0.000000000000000000e+00,0.000000000000000000e+00,4.610882068722688132e-01,4.580454593537507946e-01,4.772909064511818844e-01,4.004006680117417893e-01,0.000000000000000000e+00,3.129724104714504129e-01,4.606036457913790794e-01,4.377678575621857249e-01,4.427076727376937915e-01,4.512173545610205783e-01,0.000000000000000000e+00,4.718340758447707173e-01
3.508075142402823920e-01,3.774424618670356169e-01,0.000000000000000000e+00,0.000000000000000000e+00,4.146579794639964067e-01,4.123917793528710241e-01,4.340899767251458208e-01,3.785843216515871190e-01,3.339456600341316195e-01,3.276918750664448154e-01,0.000000000000000000e+00,0.000000000000000000e+00,4.444450934569506018e-01,0.000000000000000000e+00,3.925673294049635276e-01,0.000000000000000000e+00,3.400868996554788914e-01,3.468283516289131230e-01,0.000000000000000000e+00,3.960111092555549939e-01,3.827717725200683874e-01,3.632238808496606741e-01,3.890102307113670888e-01,3.035040476230377871e-01,3.642205930223250121e-01,3.666725027702001927e-01,4.131632018323234123e-01,4.234501397520454846e-01,4.087557320077753742e-01,3.943110327792164749e-01,3.503576006424565237e-01,4.070507312156835811e-01,3.340777075568189258e-01,3.464235312392128230e-01,4.297179556714226800e-01,0.000000000000000000e+00,0.000000000000000000e+00,0.000000000000000000e+00,4.250080921450263838e-01,3.964323547965177275e-01,4.067831138451358797e-01,4.273494188240560820e-01,0.000000000000000000e+00,0.000000000000000000e+00,0.000000000000000000e+00,4.203479256440745826e-01,4.403587373524128767e-01,0.000000000000000000e+00,0.000000000000000000e+00,0.000000000000000000e+00,0.000000000000000000e+00,0.000000000000000000e+00,0.000000000000000000e+00,0.000000000000000000e+00,0.000000000000000000e+00,0.000000000000000000e+00,0.000000000000000000e+00,0.000000000000000000e+00,0.000000000000000000e+00,4.343827986140189057e-01,4.239349454356204916e-01,0.000000000000000000e+00,3.705967411263854094e-01,0.000000000000000000e+00,4.396904531706014030e-01,4.670094056415661221e-01,4.409184526693740169e-01,3.029688143234152142e-01,0.000000000000000000e+00,4.137286314840792900e-01,4.355668286252329935e-01,3.761907273872138746e-01,0.000000000000000000e+00,3.736880959745053077e-01,0.000000000000000000e+00,3.888569532547581087e-01
3.063743482123276740e-01,0.000000000000000000e+00,0.000000000000000000e+00,0.000000000000000000e+00,0.000000000000000000e+00,0.000000000000000000e+00,3.588185970424017102e-01,0.000000000000000000e+00,0.000000000000000000e+00,2.937877533905601801e-01,0.000000000000000000e+00,3.085270489108188907e-01,3.512955899199249887e-01,0.000000000000000000e+00,0.000000000000000000e+00,3.400868996554788914e-01,0.000000000000000000e+00,2.854641798848305823e-01,0.000000000000000000e+00,3.344698807514486782e-01,0.000000000000000000e+00,3.669752400139263959e-01,0.000000000000000000e+00,3.256755439193578794e-01,3.226803362938487907e-01,2.974204805053207168e-01,0.000000000000000000e+00,3.425622340142103761e-01,3.195771588008248787e-01,0.000000000000000000e+00,3.120906265224988041e-01,3.672301569066498961e-01,3.108335528334396081e-01,3.095170320812503095e-01,3.512729945077860960e-01,0.000000000000000000e+00,0.000000000000000000e+00,2.853039117041086259e-01,0.000000000000000000e+00,3.721244621499065763e-01,0.000000000000000000e+00,0.000000000000000000e+00,0.000000000000000000e+00,0.000000000000000000e+00,0.000000000000000000e+00,0.000000000000000000e+00,0.000000000000000000e+00,0.000000000000000000e+00,0.000000000000000000e+00,0.000000000000000000e+00,0.000000000000000000e+00,0.000000000000000000e+00,0.000000000000000000e+00,0.000000000000000000e+00,4.044907390821299020e-01,0.000000000000000000e+00,3.967394268562596804e-01,0.000000000000000000e+00,0.000000000000000000e+00,0.000000000000000000e+00,0.000000000000000000e+00,4.066612822434518826e-01,3.980239682088854147e-01,0.000000000000000000e+00,0.000000000000000000e+00,0.000000000000000000e+00,0.000000000000000000e+00,0.000000000000000000e+00,3.645727945252481006e-01,4.163452758429400102e-01,4.177090011429384075e-01,0.000000000000000000e+00,0.000000000000000000e+00,0.000000000000000000e+00,0.000000000000000000e+00,0.000000000000000000e+00
3.366217179262572246e-01,3.580519327078621750e-01,0.000000000000000000e+00,0.000000000000000000e+00,0.000000000000000000e+00,3.562002294327913932e-01,4.106915554491771814e-01,4.025011804396854131e-01,2.565086311484113812e-01,2.937767814721001791e-01,0.000000000000000000e+00,2.444360606299960936e-01,4.103467674522043862e-01,0.000000000000000000e+00,3.743580606840796743e-01,3.468283516289131230e-01,2.854641798848305823e-01,0.000000000000000000e+00,0.000000000000000000e+00,3.964342205633398786e-01,3.587577320727354802e-01,3.816442630723168028e-01,3.447904495317162810e-01,3.162085366078732918e-01,3.296160474032909793e-01,3.313795773822577062e-01,3.743944916104768872e-01,4.157841365610017159e-01,3.936595323662629986e-01,4.595602394070730790e-01,3.159734053668762921e-01,3.323987037816599210e-01,3.000583705631514886e-01,3.139838280843699203e-01,3.320725071374264203e-01,0.000000000000000000e+00,0.000000000000000000e+00,0.000000000000000000e+00,4.125254005599197082e-01,3.917070990980516809e-01,3.975049055834868894e-01,4.217778041031219893e-01,0.000000000000000000e+00,0.000000000000000000e+00,0.000000000000000000e+00,3.910878230136092260e-01,4.196550394776636939e-01,0.000000000000000000e+00,0.000000000000000000e+00,0.000000000000000000e+00,0.000000000000000000e+00,0.000000000000000000e+00,0.000000000000000000e+00,0.000000000000000000e+00,3.908828292691645112e-01,0.000000000000000000e+00,3.791945290295428150e-01,0.000000000000000000e+00,0.000000000000000000e+00,0.000000000000000000e+00,4.067900090965143045e-01,3.661987934656842913e-01,3.924795918790501270e-01,0.000000000000000000e+00,0.000000000000000000e+00,0.000000000000000000e+00,4.145065204817919846e-01,0.000000000000000000e+00,4.057437289538188829e-01,4.041904268633942920e-01,4.107203056695806764e-01,0.000000000000000000e+00,0.000000000000000000e+00,0.000000000000000000e+00,0.000000000000000000e+00,3.895608818586623889e-01
0.000000000000000000e+00,0.000000000000000000e+00,2.383369297659508890e-01,0.000000000000000000e+00,3.203802295317080273e-01,3.272552084510648163e-01,3.902620843333777789e-01,4.209040198088204732e-01,2.761392265216545128e-01,4.182846385906441866e-01,2.099695949766970104e-01,0.000000000000000000e+00,3.975896616052135846e-01,3.410034929509074830e-01,0.000000000000000000e+00,0.000000000000000000e+00,0.000000000000000000e+00,0.000000000000000000e+00,0.000000000000000000e+00,0.000000000000000000e+00,0.000000000000000000e+00,0.000000000000000000e+00,2.657527853780204952e-01,0.000000000000000000e+00,0.000000000000000000e+00,0.000000000000000000e+00,3.243368180384504917e-01,4.070484751423659175e-01,0.000000000000000000e+00,0.000000000000000000e+00,4.099468887413275087e-01,3.710376855376251726e-01,0.000000000000000000e+00,3.828570980778859267e-01,4.058903111715946865e-01,3.187891444146164766e-01,3.660433847451778910e-01,0.000000000000000000e+00,4.977003722598793978e-01,0.000000000000000000e+00,0.000000000000000000e+00,0.000000000000000000e+00,4.051219093926233250e-01,0.000000000000000000e+00,0.000000000000000000e+00,0.000000000000000000e+00,0.000000000000000000e+00,5.341201501371173332e-01,0.000000000000000000e+00,4.202255370925270794e-01,5.304451393383424751e-01,4.531919479749262902e-01,5.118218180881912716e-01,5.317899259935978673e-01,0.000000000000000000e+00,2.793237819016530787e-01,0.000000000000000000e+00,3.652017259267453242e-01,4.665732750897680914e-01,0.000000000000000000e+00,0.000000000000000000e+00,0.000000000000000000e+00,0.000000000000000000e+00,5.420281836550360222e-01,0.000000000000000000e+00,0.000000000000000000e+00,0.000000000000000000e+00,5.055743807516794863e-01,0.000000000000000000e+00,0.000000000000000000e+00,0.000000000000000000e+00,5.278507260276640300e-01,0.000000000000000000e+00,0.000000000000000000e+00,0.000000000000000000e+00,0.000000000000000000e+00
4.351394589125401891e-01,3.883986532292604266e-01,0.000000000000000000e+00,4.567115986392044080e-01,4.177029942430248166e-01,3.690169931846902784e-01,4.130565519792537277e-01,3.803200780920785729e-01,3.791547534589886914e-01,0.000000000000000000e+00,0.000000000000000000e+00,0.000000000000000000e+00,4.071912787109733811e-01,0.000000000000000000e+00,3.195647986075320079e-01,3.960111092555549939e-01,3.344698807514486782e-01,3.964342205633398786e-01,0.000000000000000000e+00,0.000000000000000000e+00,3.748950964543253939e-01,3.284326342807670218e-01,3.240528002131659036e-01,0.000000000000000000e+00,3.872699114879081805e-01,3.771157377913540998e-01,3.356149894870216199e-01,3.666629313568638970e-01,2.997427004830682806e-01,3.422394792090553972e-01,3.712314503956706813e-01,4.299059427086032170e-01,3.727394547306219774e-01,4.069153621068136162e-01,4.720775168671104138e-01,5.048651067608048715e-01,4.574572280380244105e-01,0.000000000000000000e+00,4.455071366018797940e-01,4.032126908050541192e-01,4.302074769262280163e-01,4.863301570188229839e-01,0.000000000000000000e+00,0.000000000000000000e+00,0.000000000000000000e+00,0.000000000000000000e+00,5.081295322349700383e-01,0.000000000000000000e+00,0.000000000000000000e+00,0.000000000000000000e+00,4.389570859326918928e-01,0.000000000000000000e+00,0.000000000000000000e+00,0.000000000000000000e+00,0.000000000000000000e+00,0.000000000000000000e+00,0.000000000000000000e+00,3.682323551536154094e-01,0.000000000000000000e+00,4.214331585885643938e-01,2.878525713348050186e-01,0.000000000000000000e+00,0.000000000000000000e+00,0.000000000000000000e+00,4.505324546065280211e-01,4.392265230649095020e-01,4.448976356663595921e-01,4.321806868644401112e-01,0.000000000000000000e+00,2.577860720702548902e-01,4.643487768810828920e-01,4.730665668336905272e-01,4.304830733252855146e-01,4.314614502267535845e-01,3.816697819724902963e-01,4.283751468404499163e-01
3.505988321329471802e-01,3.632017382681034245e-01,0.000000000000000000e+00,0.000000000000000000e+00,0.000000000000000000e+00,3.111733263547252770e-01,0.000000000000000000e+00,3.386994691462247853e-01,0.000000000000000000e+00,0.000000000000000000e+00,0.000000000000000000e+00,3.617054620366331186e-01,3.811218464741534806e-01,4.316262465577843099e-01,3.542565676572225208e-01,3.827717725200683874e-01,0.000000000000000000e+00,3.587577320727354802e-01,0.000000000000000000e+00,3.748950964543253939e-01,0.000000000000000000e+00,3.858030967159625790e-01,3.393943259792923106e-01,4.257102954953062013e-01,3.457703575923810058e-01,3.566039245353547771e-01,3.854550766011380913e-01,3.857161642023890225e-01,3.526300482620157162e-01,0.000000000000000000e+00,3.625570290455634170e-01,3.848116670573141218e-01,3.118873668648262099e-01,3.636640686858865767e-01,4.510303953121446163e-01,0.000000000000000000e+00,0.000000000000000000e+00,0.000000000000000000e+00,4.509983373213498070e-01,3.670923782005561797e-01,3.953350251241586899e-01,4.937091703518722841e-01,0.000000000000000000e+00,0.000000000000000000e+00,0.000000000000000000e+00,3.592576288578925858e-01,4.442558606512166941e-01,0.000000000000000000e+00,0.000000000000000000e+00,0.000000000000000000e+00,4.265035697973200146e-01,0.000000000000000000e+00,4.041174318448604863e-01,0.000000000000000000e+00,0.000000000000000000e+00,0.000000000000000000e+00,0.000000000000000000e+00,3.678177501692858065e-01,0.000000000000000000e+00,4.174537783064394825e-01,3.936772393540372006e-01,0.000000000000000000e+00,0.000000000000000000e+00,0.000000000000000000e+00,4.364923319311320160e-01,4.089269640023608932e-01,4.584643567283283039e-01,4.140186480230930166e-01,0.000000000000000000e+00,3.524664824715140199e-01,4.548995004788474183e-01,4.358844461033313800e-01,4.304007020461054212e-01,4.416431440762583205e-01,0.000000000000000000e+00,4.232351087278640733e-01
