0.000000000000000000e+00,4.073136502370006129e-01,0.000000000000000000e+00,0.000000000000000000e+00,0.000000000000000000e+00,3.398797902013135919e-01,0.000000000000000000e+00,5.100580150886505626e-01,0.000000000000000000e+00,4.401583824311586790e-01,0.000000000000000000e+00,3.611659592274413799e-01,0.000000000000000000e+00,0.000000000000000000e+00,4.010630084888238134e-01,3.914678809928188175e-01,3.558349885393247147e-01,3.650369240053347730e-01,0.000000000000000000e+00,4.336415464312737833e-01,4.191751499567303862e-01,4.056867136979961930e-01,4.576355473143738917e-01,3.980560512942797891e-01,3.724315076873760955e-01,3.745225338317191843e-01,4.616884586439938265e-01,4.773091989746446884e-01,4.670430485209849936e-01,0.000000000000000000e+00,3.597696051273436835e-01,4.297646452933355232e-01,3.113082771761491174e-01,3.588915642342208057e-01,4.205251550358051205e-01,0.000000000000000000e+00,0.000000000000000000e+00,0.000000000000000000e+00,4.674830831863220904e-01,4.267693798503642277e-01,4.226882131997041769e-01,0.000000000000000000e+00,0.000000000000000000e+00,0.000000000000000000e+00,0.000000000000000000e+00,3.712497152053568228e-01,4.697156570907901063e-01,0.000000000000000000e+00,0.000000000000000000e+00,0.000000000000000000e+00,0.000000000000000000e+00,0.000000000000000000e+00,0.000000000000000000e+00,0.000000000000000000e+00,3.627895124710849850e-01,0.000000000000000000e+00,0.000000000000000000e+00,0.000000000000000000e+00,0.000000000000000000e+00,0.000000000000000000e+00,4.634497942693706074e-01,0.000000000000000000e+00,4.528923398047576820e-01,0.000000000000000000e+00,0.000000000000000000e+00,3.590602444872322829e-01,4.602634345714853858e-01,0.000000000000000000e+00,0.000000000000000000e+00,4.649202387664103098e-01,4.831089288871242005e-01,0.000000000000000000e+00,0.000000000000000000e+00,0.000000000000000000e+00,0.000000000000000000e+00,3.507731565077509273e-01
4.073136502370006129e-01,0.000000000000000000e+00,0.000000000000000000e+00,0.000000000000000000e+00,3.519058575324119920e-01,4.024905928715645786e-01,4.040087517133192918e-01,4.481531212547604781e-01,4.015774596093847904e-01,0.000000000000000000e+00,0.000000000000000000e+00,0.000000000000000000e+00,4.100829408938598264e-01,0.000000000000000000e+00,4.558956465341936215e-01,4.187797256052434025e-01,0.000000000000000000e+00,3.992477490683684072e-01,0.000000000000000000e+00,4.282194903819470100e-01,4.096836053010514123e-01,4.026164371340333892e-01,4.430730474453629109e-01,0.000000000000000000e+00,3.940972979255534248e-01,4.093226711135274920e-01,4.282689450431779732e-01,4.123240658603444242e-01,4.009491821444456927e-01,0.000000000000000000e+00,3.688562050644286772e-01,4.264245625683822927e-01,3.605104554136607797e-01,3.711116775722012040e-01,4.369167697827763264e-01,0.000000000000000000e+00,0.000000000000000000e+00,0.000000000000000000e+00,4.835699662495638873e-01,4.709397814782864122e-01,4.622989174374276256e-01,5.155887564550198920e-01,0.000000000000000000e+00,0.000000000000000000e+00,0.000000000000000000e+00,4.885970718519583866e-01,4.853798050042125167e-01,0.000000000000000000e+00,0.000000000000000000e+00,0.000000000000000000e+00,5.110455596445242499e-01,0.000000000000000000e+00,0.000000000000000000e+00,0.000000000000000000e+00,0.000000000000000000e+00,0.000000000000000000e+00,0.000000000000000000e+00,0.000000000000000000e+00,0.000000000000000000e+00,5.079408906034226234e-01,4.679817666877356119e-01,0.000000000000000000e+00,4.627750321734280248e-01,0.000000000000000000e+00,5.133349032982307270e-01,5.027365740401654737e-01,4.838076118116991786e-01,4.740827908975601135e-01,0.000000000000000000e+00,4.919172177538301827e-01,5.225893149274958294e-01,5.371998056511492203e-01,0.000000000000000000e+00,5.207920051790957405e-01,0.000000000000000000e+00,4.738494733845873830e-01
0.000000000000000000e+00,0.000000000000000000e+00,0.000000000000000000e+00,3.706497646069604746e-01,4.106405121220157994e-01,3.862856348090827896e-01,4.672420066282509943e-01,4.859609861059053237e-01,2.921693758942379149e-01,3.988658343809908802e-01,2.876501811425737909e-01,3.471376163922488267e-01,4.757930021450572089e-01,4.485033597822259965e-01,0.000000000000000000e+00,0.000000000000000000e+00,0.000000000000000000e+00,0.000000000000000000e+00,2.723513701016435085e-01,0.000000000000000000e+00,0.000000000000000000e+00,0.000000000000000000e+00,3.235640229772916987e-01,0.000000000000000000e+00,0.000000000000000000e+00,0.000000000000000000e+00,3.180023917585664828e-01,4.957325839767942055e-01,0.000000000000000000e+00,0.000000000000000000e+00,4.946340620463022253e-01,4.611900669525991203e-01,3.430388076792337260e-01,5.154032006403502786e-01,4.697140499611698883e-01,4.573592446439075920e-01,4.268436235791361888e-01,0.000000000000000000e+00,5.924245887955700285e-01,0.000000000000000000e+00,4.848114925785272922e-01,0.000000000000000000e+00,5.088821978997574158e-01,0.000000000000000000e+00,0.000000000000000000e+00,0.000000000000000000e+00,0.000000000000000000e+00,4.119031511678428736e-01,0.000000000000000000e+00,5.755458106031878796e-01,5.630728374165305805e-01,6.536555107252927099e-01,5.830280897905846249e-01,4.972788117588911039e-01,0.000000000000000000e+00,3.758855587593514791e-01,0.000000000000000000e+00,5.579313160994215925e-01,6.272228643893962285e-01,0.000000000000000000e+00,0.000000000000000000e+00,0.000000000000000000e+00,0.000000000000000000e+00,2.965854536659555118e-01,0.000000000000000000e+00,0.000000000000000000e+00,0.000000000000000000e+00,5.770667593065299528e-01,0.000000000000000000e+00,0.000000000000000000e+00,0.000000000000000000e+00,5.800109855044179863e-01,5.094119285037566058e-01,0.000000000000000000e+00,0.000000000000000000e+00,0.000000000000000000e+00
0.000000000000000000e+00,0.000000000000000000e+00,3.706497646069604746e-01,0.000000000000000000e+00,2.267576595399206085e-01,4.499110776546054735e-01,2.521872122198985933e-01,4.001840095963911104e-01,4.476197286057351787e-01,1.797149290433636970e-01,4.335146073956657742e-01,0.000000000000000000e+00,2.792288987543043999e-01,2.336434127439054875e-01,0.000000000000000000e+00,0.000000000000000000e+00,0.000000000000000000e+00,0.000000000000000000e+00,4.420183157771874760e-01,4.615266140412180862e-01,0.000000000000000000e+00,0.000000000000000000e+00,4.390067714653210773e-01,0.000000000000000000e+00,0.000000000000000000e+00,0.000000000000000000e+00,4.215955578282687966e-01,2.417178040302399022e-01,3.484415968680351083e-01,0.000000000000000000e+00,3.395899176500559169e-01,2.917959638865746941e-01,0.000000000000000000e+00,3.110915150904233761e-01,2.686507192046109771e-01,1.545095355904936019e-01,1.695678215089420071e-01,2.393212997905342088e-01,0.000000000000000000e+00,0.000000000000000000e+00,0.000000000000000000e+00,0.000000000000000000e+00,0.000000000000000000e+00,0.000000000000000000e+00,0.000000000000000000e+00,0.000000000000000000e+00,0.000000000000000000e+00,0.000000000000000000e+00,0.000000000000000000e+00,0.000000000000000000e+00,0.000000000000000000e+00,0.000000000000000000e+00,0.000000000000000000e+00,0.000000000000000000e+00,0.000000000000000000e+00,0.000000000000000000e+00,0.000000000000000000e+00,0.000000000000000000e+00,0.000000000000000000e+00,0.000000000000000000e+00,0.000000000000000000e+00,0.000000000000000000e+00,0.000000000000000000e+00,0.000000000000000000e+00,0.000000000000000000e+00,0.000000000000000000e+00,0.000000000000000000e+00,0.000000000000000000e+00,0.000000000000000000e+00,0.000000000000000000e+00,0.000000000000000000e+00,0.000000000000000000e+00,0.000000000000000000e+00,0.000000000000000000e+00,0.000000000000000000e+00,0.000000000000000000e+00
0.000000000000000000e+00,3.519058575324119920e-01,4.106405121220157994e-01,2.267576595399206085e-01,0.000000000000000000e+00,3.805130945833068989e-01,3.441751550594205900e-01,4.023183150542177233e-01,3.488638239570732158e-01,3.688461577627952237e-01,3.393868070313538210e-01,3.467601337260851069e-01,3.839821947038872252e-01,2.635562195236449967e-01,0.000000000000000000e+00,3.857043229108698124e-01,0.000000000000000000e+00,0.000000000000000000e+00,3.979470717728915141e-01,4.299451167142784858e-01,0.000000000000000000e+00,4.241716173576227100e-01,4.127223890924540117e-01,0.000000000000000000e+00,3.713762855327887857e-01,4.138278632711335780e-01,3.824096228100486994e-01,3.780699437330243828e-01,4.184403944039581935e-01,0.000000000000000000e+00,4.373360944532072025e-01,3.545560396570849870e-01,3.484642807352187899e-01,4.130971549107879115e-01,3.743571688553753996e-01,2.162469574703886899e-01,2.090365724082469956e-01,3.283654006389216118e-01,3.665919629436433791e-01,0.000000000000000000e+00,0.000000000000000000e+00,0.000000000000000000e+00,4.284073233368280165e-01,0.000000000000000000e+00,0.000000000000000000e+00,0.000000000000000000e+00,0.000000000000000000e+00,6.148126956225418160e-01,0.000000000000000000e+00,0.000000000000000000e+00,5.089607290420127272e-01,0.000000000000000000e+00,5.551017041833712362e-01,5.573280376478492171e-01,0.000000000000000000e+00,4.694397277814369995e-01,0.000000000000000000e+00,0.000000000000000000e+00,0.000000000000000000e+00,0.000000000000000000e+00,0.000000000000000000e+00,0.000000000000000000e+00,0.000000000000000000e+00,5.279322079175532423e-01,0.000000000000000000e+00,0.000000000000000000e+00,0.000000000000000000e+00,5.078103593404548199e-01,0.000000000000000000e+00,0.000000000000000000e+00,0.000000000000000000e+00,5.484461828506107528e-01,0.000000000000000000e+00,0.000000000000000000e+00,0.000000000000000000e+00,0.000000000000000000e+00
3.398797902013135919e-01,4.024905928715645786e-01,3.862856348090827896e-01,4.499110776546054735e-01,3.805130945833068989e-01,0.000000000000000000e+00,4.210278441959953155e-01,4.377748967949355863e-01,3.322969445562483082e-01,4.385819651259313945e-01,4.176694564476198246e-01,3.189634582628647075e-01,3.957195499013724249e-01,4.455980193248322840e-01,4.536572528699940876e-01,4.165220477052182235e-01,2.396119622324680010e-01,3.612982938076709782e-01,4.514299729767906055e-01,4.193832128476978061e-01,4.217782367863318060e-01,4.148505715472666777e-01,3.972541615244022939e-01,0.000000000000000000e+00,3.849530725177631174e-01,4.277590891763944914e-01,3.708895730317183781e-01,4.050394610413020069e-01,3.655045231967551933e-01,4.365534937276505101e-01,4.414475431577125075e-01,4.347564876483894780e-01,3.886484962185148828e-01,4.487326092922391818e-01,4.568800034298254875e-01,4.554967307150288858e-01,4.451874400915082908e-01,3.196107116745552923e-01,5.148832957087603468e-01,0.000000000000000000e+00,5.241208043195657584e-01,4.137928464401219864e-01,5.019173275764881037e-01,0.000000000000000000e+00,0.000000000000000000e+00,0.000000000000000000e+00,3.063389540782346931e-01,5.774243586763599945e-01,0.000000000000000000e+00,5.230263922691154033e-01,5.301396614557856157e-01,5.656188607854255590e-01,5.106533767328110818e-01,5.472252092032866555e-01,0.000000000000000000e+00,5.456093211528780795e-01,0.000000000000000000e+00,5.448056513507074650e-01,0.000000000000000000e+00,5.028634383401728858e-01,0.000000000000000000e+00,0.000000000000000000e+00,0.000000000000000000e+00,5.927414754788583595e-01,5.491363078424096322e-01,4.413757640651759795e-01,5.049788813690953004e-01,5.342499555721490490e-01,0.000000000000000000e+00,0.000000000000000000e+00,4.801406782724185751e-01,5.229973204433305822e-01,5.648956133072071673e-01,5.044603230661526272e-01,5.055978816413029264e-01,5.499951410294915410e-01
0.000000000000000000e+00,4.040087517133192918e-01,4.672420066282509943e-01,2.521872122198985933e-01,3.441751550594205900e-01,4.210278441959953155e-01,0.000000000000000000e+00,4.507293307289035877e-01,4.122703564753585903e-01,3.605587917248770924e-01,4.606841582909996791e-01,3.534902833368043784e-01,3.396088523240605728e-01,3.552888634507184173e-01,0.000000000000000000e+00,4.344840200627053117e-01,0.000000000000000000e+00,4.111569656031460185e-01,4.747941816801261039e-01,4.174557237358478834e-01,0.000000000000000000e+00,4.251839317368009130e-01,4.483460899083044904e-01,3.505709685319544078e-01,4.095353306207120125e-01,4.424437570289799782e-01,4.248810940963512750e-01,3.776035599333770199e-01,4.298122831640486807e-01,0.000000000000000000e+00,4.274389851774335058e-01,3.800336466884857156e-01,3.624872182498374840e-01,3.943788912282085724e-01,3.753783797014920154e-01,2.968267928429317859e-01,2.436751444394575083e-01,3.660409057128877208e-01,2.564197345100723835e-01,0.000000000000000000e+00,2.161575098360102032e-01,0.000000000000000000e+00,3.980756071471637236e-01,0.000000000000000000e+00,0.000000000000000000e+00,0.000000000000000000e+00,0.000000000000000000e+00,4.956343411447767799e-01,0.000000000000000000e+00,0.000000000000000000e+00,5.443281534003573396e-01,0.000000000000000000e+00,0.000000000000000000e+00,4.413648366975705950e-01,0.000000000000000000e+00,3.501636746382453813e-01,0.000000000000000000e+00,0.000000000000000000e+00,0.000000000000000000e+00,0.000000000000000000e+00,0.000000000000000000e+00,0.000000000000000000e+00,0.000000000000000000e+00,0.000000000000000000e+00,0.000000000000000000e+00,0.000000000000000000e+00,0.000000000000000000e+00,5.540059674484284491e-01,0.000000000000000000e+00,0.000000000000000000e+00,0.000000000000000000e+00,5.802289780518206097e-01,0.000000000000000000e+00,0.000000000000000000e+00,0.000000000000000000e+00,0.000000000000000000e+00
5.100580150886505626e-01,4.481531212547604781e-01,4.859609861059053237e-01,4.001840095963911104e-01,4.023183150542177233e-01,4.377748967949355863e-01,4.507293307289035877e-01,0.000000000000000000e+00,4.838840304570202755e-01,3.231168596853650765e-01,3.793196107445392928e-01,0.000000000000000000e+00,4.633360310670427973e-01,3.932879202951685138e-01,4.642865961661967189e-01,4.356327228189302847e-01,0.000000000000000000e+00,4.818762790075404867e-01,4.649375630423078221e-01,4.031958982304417183e-01,4.303374150314642210e-01,4.225291603717802880e-01,3.935812674013295931e-01,5.281635321465336652e-01,4.561105441442512842e-01,4.775935248246860887e-01,4.570650235696275265e-01,4.577978985996721262e-01,4.031332322524586731e-01,4.399091049174688739e-01,4.625585503592877790e-01,3.975345818777755169e-01,4.153339140550448838e-01,4.631120187143782929e-01,4.544139923170374962e-01,2.728761011740615805e-01,4.356382869335436725e-01,0.000000000000000000e+00,4.887051434457849730e-01,0.000000000000000000e+00,0.000000000000000000e+00,0.000000000000000000e+00,4.421571199900394267e-01,0.000000000000000000e+00,0.000000000000000000e+00,0.000000000000000000e+00,0.000000000000000000e+00,5.706170636270131435e-01,0.000000000000000000e+00,5.297980951756695589e-01,4.999780135162706918e-01,4.967450204326183116e-01,4.547106519568486771e-01,5.562871178460864208e-01,0.000000000000000000e+00,5.176559727040006553e-01,0.000000000000000000e+00,5.178941170493227553e-01,5.436937057697939224e-01,5.754165969082933874e-01,0.000000000000000000e+00,0.000000000000000000e+00,0.000000000000000000e+00,5.767148311416546713e-01,5.774330258137202465e-01,0.000000000000000000e+00,0.000000000000000000e+00,5.075581915930260646e-01,0.000000000000000000e+00,0.000000000000000000e+00,0.000000000000000000e+00,5.028387287322380050e-01,5.306525707979954376e-01,5.133538238417314492e-01,0.000000000000000000e+00,5.538749450857898271e-01
0.000000000000000000e+00,4.015774596093847904e-01,2.921693758942379149e-01,4.476197286057351787e-01,3.488638239570732158e-01,3.322969445562483082e-01,4.122703564753585903e-01,4.838840304570202755e-01,0.000000000000000000e+00,5.056414113361125118e-01,2.999870342438284987e-01,4.234394777101779805e-01,3.879713515096466225e-01,4.495822175364306839e-01,0.000000000000000000e+00,3.522460043291800180e-01,0.000000000000000000e+00,2.994530087966227883e-01,2.762678602443600084e-01,4.323767930794458203e-01,0.000000000000000000e+00,3.962405589058510813e-01,4.031293637828218257e-01,3.312442566201480032e-01,3.167650929486108269e-01,3.756307619034999767e-01,3.484679759626144180e-01,4.779903059556265821e-01,4.075266556697090814e-01,4.155473382491853829e-01,4.933243461435313781e-01,4.615353698004457939e-01,4.396401137535119741e-01,4.975165931740618275e-01,4.851923872187027253e-01,4.698971938151734751e-01,4.955048606048568227e-01,4.860209208698753058e-01,4.576375746036466796e-01,0.000000000000000000e+00,3.546850338149751813e-01,0.000000000000000000e+00,5.228449721126525729e-01,0.000000000000000000e+00,0.000000000000000000e+00,0.000000000000000000e+00,0.000000000000000000e+00,5.877926298745886902e-01,0.000000000000000000e+00,5.372682110768869368e-01,5.714292581953493988e-01,5.889312725644145763e-01,5.585917622560955254e-01,6.519362657149904150e-01,0.000000000000000000e+00,5.480772390673038785e-01,0.000000000000000000e+00,4.883472510262643063e-01,5.922759948746506575e-01,0.000000000000000000e+00,0.000000000000000000e+00,0.000000000000000000e+00,0.000000000000000000e+00,6.151554093622176866e-01,0.000000000000000000e+00,0.000000000000000000e+00,0.000000000000000000e+00,5.627570030017923219e-01,0.000000000000000000e+00,0.000000000000000000e+00,0.000000000000000000e+00,5.534483596976635944e-01,4.802081630211196828e-01,0.000000000000000000e+00,0.000000000000000000e+00,0.000000000000000000e+00
4.401583824311586790e-01,0.000000000000000000e+00,3.988658343809908802e-01,1.797149290433636970e-01,3.688461577627952237e-01,4.385819651259313945e-01,3.605587917248770924e-01,3.231168596853650765e-01,5.056414113361125118e-01,0.000000000000000000e+00,4.878014719389178744e-01,2.998595292426813885e-01,4.074445861028994087e-01,0.000000000000000000e+00,0.000000000000000000e+00,4.159513620506057885e-01,3.347514854110126836e-01,3.672559195094114992e-01,4.904007805959774147e-01,3.055446518327671890e-01,0.000000000000000000e+00,3.273819654078979902e-01,4.083214087344287924e-01,3.143210939593443221e-01,3.523455132409181734e-01,3.763970810185783833e-01,3.747157471327027811e-01,3.617070555542751809e-01,3.198555576987309190e-01,0.000000000000000000e+00,3.541999769287452748e-01,3.099702216735075733e-01,3.279118072600101796e-01,3.322622301922054100e-01,3.164806595926015764e-01,2.363580979008330085e-01,2.470664132402934088e-01,2.839721606294108858e-01,2.900496024027657271e-01,3.393805425411117738e-01,3.522013165647143729e-01,0.000000000000000000e+00,0.000000000000000000e+00,0.000000000000000000e+00,3.264483414331815214e-01,4.225058326224893079e-01,0.000000000000000000e+00,0.000000000000000000e+00,0.000000000000000000e+00,0.000000000000000000e+00,0.000000000000000000e+00,0.000000000000000000e+00,0.000000000000000000e+00,0.000000000000000000e+00,4.344561628713813906e-01,0.000000000000000000e+00,4.428030858974725814e-01,4.307009977032993930e-01,0.000000000000000000e+00,0.000000000000000000e+00,0.000000000000000000e+00,4.816112162232364935e-01,4.607188575891816851e-01,0.000000000000000000e+00,0.000000000000000000e+00,0.000000000000000000e+00,0.000000000000000000e+00,0.000000000000000000e+00,4.182450315301801114e-01,4.551326852946505075e-01,4.694447853783800251e-01,0.000000000000000000e+00,4.589105405289645168e-01,0.000000000000000000e+00,0.000000000000000000e+00,4.118910601394795146e-01
0.000000000000000000e+00,0.000000000000000000e+00,2.876501811425737909e-01,4.335146073956657742e-01,3.393868070313538210e-01,4.176694564476198246e-01,4.606841582909996791e-01,3.793196107445392928e-01,2.999870342438284987e-01,4.878014719389178744e-01,0.000000000000000000e+00,4.314480076669994224e-01,4.821434391156004806e-01,3.158950772972439758e-01,0.000000000000000000e+00,0.000000000000000000e+00,3.595537483630644182e-01,0.000000000000000000e+00,2.458646752937342916e-01,0.000000000000000000e+00,0.000000000000000000e+00,0.000000000000000000e+00,3.033675255291073958e-01,4.138882754205461256e-01,0.000000000000000000e+00,2.828041694108098247e-01,3.563736131302129850e-01,4.794615277939103803e-01,0.000000000000000000e+00,0.000000000000000000e+00,4.906341212710751964e-01,4.015375690109029838e-01,3.987993376223145092e-01,4.813209006806182244e-01,4.472646044116250774e-01,3.022154077098910818e-01,4.790844368907378192e-01,4.077911481969965224e-01,4.240235031245501163e-01,0.000000000000000000e+00,0.000000000000000000e+00,0.000000000000000000e+00,4.613528942804651090e-01,0.000000000000000000e+00,0.000000000000000000e+00,0.000000000000000000e+00,0.000000000000000000e+00,5.452110659113675872e-01,0.000000000000000000e+00,3.775765288214311122e-01,5.052862970277335330e-01,4.527150376729103809e-01,5.355705123320360084e-01,5.092676604836198218e-01,0.000000000000000000e+00,2.515720716526287926e-01,0.000000000000000000e+00,4.475404493580302789e-01,5.843282541197682978e-01,0.000000000000000000e+00,0.000000000000000000e+00,0.000000000000000000e+00,0.000000000000000000e+00,2.524105363934859847e-01,0.000000000000000000e+00,0.000000000000000000e+00,0.000000000000000000e+00,5.550442555893272401e-01,0.000000000000000000e+00,0.000000000000000000e+00,0.000000000000000000e+00,5.599282908919545054e-01,3.742035036742049070e-01,0.000000000000000000e+00,0.000000000000000000e+00,0.000000000000000000e+00
3.611659592274413799e-01,0.000000000000000000e+00,3.471376163922488267e-01,0.000000000000000000e+00,3.467601337260851069e-01,3.189634582628647075e-01,3.534902833368043784e-01,0.000000000000000000e+00,4.234394777101779805e-01,2.998595292426813885e-01,4.314480076669994224e-01,0.000000000000000000e+00,3.452850945335901867e-01,0.000000000000000000e+00,0.000000000000000000e+00,0.000000000000000000e+00,3.591541954855179131e-01,3.464493620553736886e-01,4.124902595253810977e-01,0.000000000000000000e+00,3.966315349579737082e-01,0.000000000000000000e+00,4.223937595187405858e-01,2.812127475063458948e-01,3.531023126057473149e-01,3.192516168310894908e-01,3.782184607762092976e-01,2.994388834800659205e-01,0.000000000000000000e+00,0.000000000000000000e+00,3.409539459255189198e-01,2.511623120948087151e-01,2.583546149131304981e-01,2.349638108175221007e-01,2.113584072450711004e-01,2.656490961816290741e-01,2.592622779598655058e-01,2.169885066225683001e-01,2.514924628511506777e-01,3.209142187472771024e-01,3.341365730566605019e-01,0.000000000000000000e+00,0.000000000000000000e+00,0.000000000000000000e+00,2.823857841030477100e-01,0.000000000000000000e+00,0.000000000000000000e+00,0.000000000000000000e+00,0.000000000000000000e+00,0.000000000000000000e+00,0.000000000000000000e+00,0.000000000000000000e+00,0.000000000000000000e+00,0.000000000000000000e+00,4.424822263950414225e-01,0.000000000000000000e+00,4.512390940730138800e-01,4.282468835557272091e-01,0.000000000000000000e+00,0.000000000000000000e+00,0.000000000000000000e+00,4.520721345985974082e-01,4.465279550607240133e-01,0.000000000000000000e+00,0.000000000000000000e+00,0.000000000000000000e+00,0.000000000000000000e+00,0.000000000000000000e+00,3.957995274017118148e-01,4.584214973487287237e-01,4.690767309779680927e-01,0.000000000000000000e+00,4.313131790314668756e-01,0.000000000000000000e+00,0.000000000000000000e+00,4.203294429338720883e-01
0.000000000000000000e+00,4.100829408938598264e-01,4.757930021450572089e-01,2.792288987543043999e-01,3.839821947038872252e-01,3.957195499013724249e-01,3.396088523240605728e-01,4.633360310670427973e-01,3.879713515096466225e-01,4.074445861028994087e-01,4.821434391156004806e-01,3.452850945335901867e-01,0.000000000000000000e+00,3.799469428809453819e-01,4.878736334534931052e-01,4.332694321416388772e-01,3.665342692188702234e-01,3.874975887822260101e-01,4.831265731098142169e-01,4.136341142379008073e-01,4.405763926708585743e-01,4.206493799314067195e-01,4.549245909737679172e-01,3.216647156844218980e-01,3.993359791129171277e-01,4.297425623853000087e-01,4.355861760254848836e-01,3.736629532667656850e-01,4.113579650855113123e-01,3.999026432521118890e-01,4.247674282972149773e-01,4.112819581995971752e-01,3.392646335218643117e-01,4.186204177237632940e-01,4.045369308780146222e-01,3.242551855433565833e-01,3.003849237961189189e-01,3.432650638120743891e-01,4.590304434824453161e-01,3.403357072099100211e-01,2.886227780428073930e-01,0.000000000000000000e+00,4.342736039581521212e-01,0.000000000000000000e+00,0.000000000000000000e+00,0.000000000000000000e+00,0.000000000000000000e+00,4.869588614967860773e-01,0.000000000000000000e+00,0.000000000000000000e+00,5.938814595587744716e-01,4.417441372215192841e-01,5.414719546870191413e-01,0.000000000000000000e+00,0.000000000000000000e+00,4.047193748358433041e-01,0.000000000000000000e+00,0.000000000000000000e+00,0.000000000000000000e+00,4.217893383731832202e-01,0.000000000000000000e+00,0.000000000000000000e+00,0.000000000000000000e+00,0.000000000000000000e+00,5.135714065240762904e-01,0.000000000000000000e+00,3.096864785672677201e-01,5.374697426387493593e-01,0.000000000000000000e+00,0.000000000000000000e+00,3.346578884282199740e-01,5.371113225359062104e-01,0.000000000000000000e+00,5.091965286539517077e-01,0.000000000000000000e+00,0.000000000000000000e+00
0.000000000000000000e+00,0.000000000000000000e+00,4.485033597822259965e-01,2.336434127439054875e-01,2.635562195236449967e-01,4.455980193248322840e-01,3.552888634507184173e-01,3.932879202951685138e-01,4.495822175364306839e-01,0.000000000000000000e+00,3.158950772972439758e-01,0.000000000000000000e+00,3.799469428809453819e-01,0.000000000000000000e+00,0.000000000000000000e+00,0.000000000000000000e+00,0.000000000000000000e+00,0.000000000000000000e+00,4.352179358533158071e-01,0.000000000000000000e+00,5.269822649988081809e-01,0.000000000000000000e+00,4.332168613889552100e-01,0.000000000000000000e+00,0.000000000000000000e+00,0.000000000000000000e+00,4.546245196783865739e-01,2.410718346546547042e-01,0.000000000000000000e+00,0.000000000000000000e+00,4.222336884033984217e-01,2.274027947967230956e-01,0.000000000000000000e+00,4.377177600551954151e-01,0.000000000000000000e+00,1.830277155646357068e-01,1.547438421144136100e-01,0.000000000000000000e+00,3.191659834937581874e-01,0.000000000000000000e+00,0.000000000000000000e+00,0.000000000000000000e+00,4.749892976992637905e-01,0.000000000000000000e+00,0.000000000000000000e+00,0.000000000000000000e+00,0.000000000000000000e+00,5.793636457008277674e-01,0.000000000000000000e+00,0.000000000000000000e+00,0.000000000000000000e+00,0.000000000000000000e+00,0.000000000000000000e+00,0.000000000000000000e+00,0.000000000000000000e+00,5.230393073854742170e-01,0.000000000000000000e+00,0.000000000000000000e+00,0.000000000000000000e+00,0.000000000000000000e+00,0.000000000000000000e+00,0.000000000000000000e+00,0.000000000000000000e+00,0.000000000000000000e+00,0.000000000000000000e+00,0.000000000000000000e+00,0.000000000000000000e+00,5.238742001003785509e-01,0.000000000000000000e+00,0.000000000000000000e+00,0.000000000000000000e+00,4.835989209669396272e-01,0.000000000000000000e+00,0.000000000000000000e+00,0.000000000000000000e+00,0.000000000000000000e+00
4.010630084888238134e-01,4.558956465341936215e-01,0.000000000000000000e+00,0.000000000000000000e+00,0.000000000000000000e+00,4.536572528699940876e-01,0.000000000000000000e+00,4.642865961661967189e-01,0.000000000000000000e+00,0.000000000000000000e+00,0.000000000000000000e+00,0.000000000000000000e+00,4.878736334534931052e-01,0.000000000000000000e+00,0.000000000000000000e+00,4.423821377016685097e-01,0.000000000000000000e+00,4.189783837254192900e-01,0.000000000000000000e+00,3.675181828582376742e-01,4.208552281971408848e-01,4.104956055529527248e-01,4.109938328753635073e-01,4.536427102346859974e-01,4.144662348139119268e-01,4.550920992320651171e-01,4.557837872329660867e-01,4.723326930015963043e-01,4.323184203837969197e-01,0.000000000000000000e+00,4.559493532926633952e-01,4.808213019492100782e-01,4.321135091795516026e-01,4.775043123538919021e-01,5.230879198988345191e-01,5.489429566348736911e-01,0.000000000000000000e+00,0.000000000000000000e+00,5.039527510283965395e-01,5.090276228538285208e-01,5.295884810038552493e-01,5.640817013620849085e-01,5.284186403532289411e-01,0.000000000000000000e+00,0.000000000000000000e+00,0.000000000000000000e+00,5.261368367701904081e-01,0.000000000000000000e+00,0.000000000000000000e+00,0.000000000000000000e+00,5.208516403831637831e-01,0.000000000000000000e+00,5.661905565672163965e-01,0.000000000000000000e+00,0.000000000000000000e+00,0.000000000000000000e+00,0.000000000000000000e+00,3.989114071085014257e-01,0.000000000000000000e+00,4.757968160746404163e-01,4.404818611677139839e-01,0.000000000000000000e+00,0.000000000000000000e+00,0.000000000000000000e+00,4.576302260039166736e-01,5.094049935537185991e-01,5.211230203971882746e-01,3.488528296738724888e-01,0.000000000000000000e+00,3.928001747624200735e-01,5.896443219377252021e-01,5.092344524186291910e-01,5.159041406291937637e-01,4.978142510097290918e-01,0.000000000000000000e+00,5.004264928441908289e-01
3.914678809928188175e-01,4.187797256052434025e-01,0.000000000000000000e+00,0.000000000000000000e+00,3.857043229108698124e-01,4.165220477052182235e-01,4.344840200627053117e-01,4.356327228189302847e-01,3.522460043291800180e-01,4.159513620506057885e-01,0.000000000000000000e+00,0.000000000000000000e+00,4.332694321416388772e-01,0.000000000000000000e+00,4.423821377016685097e-01,0.000000000000000000e+00,4.007522449381131224e-01,3.573339886675526156e-01,0.000000000000000000e+00,4.457737065621821815e-01,4.232467413864078876e-01,4.120644855737594092e-01,4.487787463235233809e-01,3.589636054115831754e-01,3.693728509172193863e-01,4.307232152275072834e-01,4.375725871312634019e-01,4.211245930827537953e-01,4.203131269767282907e-01,4.055337277985550104e-01,3.751230134732138066e-01,4.594904134010689978e-01,4.108995151253848066e-01,3.847604672712438001e-01,4.285524031867462003e-01,0.000000000000000000e+00,0.000000000000000000e+00,0.000000000000000000e+00,4.699782998118106070e-01,4.516987716753378956e-01,4.596769423984987113e-01,4.829987417665663196e-01,0.000000000000000000e+00,0.000000000000000000e+00,0.000000000000000000e+00,4.559713832037530223e-01,4.828446576298582871e-01,0.000000000000000000e+00,0.000000000000000000e+00,0.000000000000000000e+00,0.000000000000000000e+00,0.000000000000000000e+00,0.000000000000000000e+00,0.000000000000000000e+00,0.000000000000000000e+00,0.000000000000000000e+00,0.000000000000000000e+00,0.000000000000000000e+00,0.000000000000000000e+00,4.840808871972330230e-01,4.618541443038310934e-01,0.000000000000000000e+00,4.268809790280486127e-01,0.000000000000000000e+00,4.663662116914543132e-01,5.074569723677015975e-01,4.804107238894835263e-01,3.407539944155599243e-01,0.000000000000000000e+00,4.506246374639037988e-01,4.916462322012091213e-01,4.116533184140480084e-01,0.000000000000000000e+00,4.145789020733264829e-01,0.000000000000000000e+00,4.414040743278275225e-01
3.558349885393247147e-01,0.000000000000000000e+00,0.000000000000000000e+00,0.000000000000000000e+00,0.000000000000000000e+00,2.396119622324680010e-01,0.000000000000000000e+00,0.000000000000000000e+00,0.000000000000000000e+00,3.347514854110126836e-01,3.595537483630644182e-01,3.591541954855179131e-01,3.665342692188702234e-01,0.000000000000000000e+00,0.000000000000000000e+00,4.007522449381131224e-01,0.000000000000000000e+00,3.207145306495166048e-01,0.000000000000000000e+00,3.692498488779726862e-01,0.000000000000000000e+00,4.206087959915789098e-01,0.000000000000000000e+00,3.361933174053278184e-01,3.474106744836136795e-01,3.512871483392149830e-01,0.000000000000000000e+00,3.840299488383627780e-01,0.000000000000000000e+00,0.000000000000000000e+00,3.817145238778769101e-01,4.254075791698426201e-01,3.671832204889742823e-01,3.778784293316327925e-01,3.725421005885716785e-01,0.000000000000000000e+00,0.000000000000000000e+00,3.411981271183007203e-01,0.000000000000000000e+00,4.155519836636644149e-01,0.000000000000000000e+00,0.000000000000000000e+00,0.000000000000000000e+00,0.000000000000000000e+00,0.000000000000000000e+00,0.000000000000000000e+00,0.000000000000000000e+00,0.000000000000000000e+00,0.000000000000000000e+00,0.000000000000000000e+00,0.000000000000000000e+00,0.000000000000000000e+00,0.000000000000000000e+00,0.000000000000000000e+00,4.373578133891439790e-01,0.000000000000000000e+00,4.751117221064927731e-01,0.000000000000000000e+00,0.000000000000000000e+00,0.000000000000000000e+00,0.000000000000000000e+00,4.679956930632073187e-01,4.803652892765211124e-01,0.000000000000000000e+00,0.000000000000000000e+00,0.000000000000000000e+00,0.000000000000000000e+00,0.000000000000000000e+00,4.317013573854994735e-01,4.527607593050971824e-01,4.671227853369068761e-01,0.000000000000000000e+00,0.000000000000000000e+00,0.000000000000000000e+00,0.000000000000000000e+00,0.000000000000000000e+00
3.650369240053347730e-01,3.992477490683684072e-01,0.000000000000000000e+00,0.000000000000000000e+00,0.000000000000000000e+00,3.612982938076709782e-01,4.111569656031460185e-01,4.818762790075404867e-01,2.994530087966227883e-01,3.672559195094114992e-01,0.000000000000000000e+00,3.464493620553736886e-01,3.874975887822260101e-01,0.000000000000000000e+00,4.189783837254192900e-01,3.573339886675526156e-01,3.207145306495166048e-01,0.000000000000000000e+00,0.000000000000000000e+00,4.132827158593337935e-01,4.125797521472350238e-01,4.112608855543651853e-01,4.199522008439782739e-01,3.397061964631755138e-01,3.615475122052296264e-01,3.686736407795067061e-01,3.939052556187258025e-01,3.940535342995343804e-01,3.952619876565298118e-01,4.032460916868639833e-01,3.873005299709924021e-01,4.304128634088966732e-01,3.509168344931378747e-01,3.800746131687797735e-01,3.884488620942108117e-01,0.000000000000000000e+00,0.000000000000000000e+00,0.000000000000000000e+00,4.338738851370463889e-01,4.238163387941528137e-01,4.253083350101328763e-01,4.781510697220934247e-01,0.000000000000000000e+00,0.000000000000000000e+00,0.000000000000000000e+00,4.305465462520707276e-01,4.530073257662909914e-01,0.000000000000000000e+00,0.000000000000000000e+00,0.000000000000000000e+00,0.000000000000000000e+00,0.000000000000000000e+00,0.000000000000000000e+00,0.000000000000000000e+00,4.252135893694717894e-01,0.000000000000000000e+00,4.465531203124151194e-01,0.000000000000000000e+00,0.000000000000000000e+00,0.000000000000000000e+00,4.339021235615552752e-01,4.170159215677151088e-01,4.336836193263288175e-01,0.000000000000000000e+00,0.000000000000000000e+00,0.000000000000000000e+00,4.753524867707326074e-01,0.000000000000000000e+00,4.648243119281180724e-01,4.320519785315917738e-01,4.512720191266116898e-01,0.000000000000000000e+00,0.000000000000000000e+00,0.000000000000000000e+00,0.000000000000000000e+00,4.299276607992563171e-01
0.000000000000000000e+00,0.000000000000000000e+00,2.723513701016435085e-01,4.420183157771874760e-01,3.979470717728915141e-01,4.514299729767906055e-01,4.747941816801261039e-01,4.649375630423078221e-01,2.762678602443600084e-01,4.904007805959774147e-01,2.458646752937342916e-01,4.124902595253810977e-01,4.831265731098142169e-01,4.352179358533158071e-01,0.000000000000000000e+00,0.000000000000000000e+00,0.000000000000000000e+00,0.000000000000000000e+00,0.000000000000000000e+00,0.000000000000000000e+00,0.000000000000000000e+00,0.000000000000000000e+00,3.192649798838849140e-01,0.000000000000000000e+00,0.000000000000000000e+00,0.000000000000000000e+00,3.594742962124878871e-01,4.808102715430251917e-01,0.000000000000000000e+00,0.000000000000000000e+00,5.143709112921018844e-01,4.349555145809514967e-01,0.000000000000000000e+00,5.329931307074238234e-01,4.748637820159749001e-01,4.341157816850790274e-01,4.608672811473221165e-01,4.103627481252338227e-01,4.789375388262753219e-01,0.000000000000000000e+00,0.000000000000000000e+00,0.000000000000000000e+00,4.993973197329140135e-01,0.000000000000000000e+00,0.000000000000000000e+00,0.000000000000000000e+00,0.000000000000000000e+00,4.665753063060054107e-01,0.000000000000000000e+00,5.487661111734239983e-01,5.900588158656279170e-01,5.361223785708345568e-01,5.455731851791439935e-01,5.891637845525441453e-01,0.000000000000000000e+00,3.285559956515622937e-01,0.000000000000000000e+00,4.427041547427655876e-01,5.512580253540716457e-01,0.000000000000000000e+00,0.000000000000000000e+00,0.000000000000000000e+00,0.000000000000000000e+00,5.844070933915074262e-01,0.000000000000000000e+00,0.000000000000000000e+00,0.000000000000000000e+00,5.620926684524603090e-01,0.000000000000000000e+00,0.000000000000000000e+00,0.000000000000000000e+00,5.718471690038433586e-01,0.000000000000000000e+00,0.000000000000000000e+00,0.000000000000000000e+00,0.000000000000000000e+00
4.336415464312737833e-01,4.282194903819470100e-01,0.000000000000000000e+00,4.615266140412180862e-01,4.299451167142784858e-01,4.193832128476978061e-01,4.174557237358478834e-01,4.031958982304417183e-01,4.323767930794458203e-01,3.055446518327671890e-01,0.000000000000000000e+00,0.000000000000000000e+00,4.136341142379008073e-01,0.000000000000000000e+00,3.675181828582376742e-01,4.457737065621821815e-01,3.692498488779726862e-01,4.132827158593337935e-01,0.000000000000000000e+00,0.000000000000000000e+00,4.417369560163356135e-01,4.069644193072465277e-01,3.795977848995970017e-01,0.000000000000000000e+00,4.066879778030699777e-01,4.604015904274723070e-01,3.989541026835902726e-01,3.856739640046342177e-01,3.791129089838783939e-01,3.601714913707554921e-01,4.198080229370700911e-01,4.915424050521641219e-01,4.175389062872151835e-01,4.651297808016898183e-01,5.097148143756966565e-01,5.428256937505366864e-01,4.627023634811586739e-01,0.000000000000000000e+00,5.193882917281053002e-01,5.369444197701368493e-01,5.478059780558576231e-01,5.450964497342705162e-01,5.012689783258190701e-01,0.000000000000000000e+00,0.000000000000000000e+00,0.000000000000000000e+00,5.501949518729164490e-01,0.000000000000000000e+00,0.000000000000000000e+00,0.000000000000000000e+00,5.036873248706396078e-01,0.000000000000000000e+00,4.764871443664233097e-01,0.000000000000000000e+00,0.000000000000000000e+00,0.000000000000000000e+00,0.000000000000000000e+00,4.240657269009682762e-01,0.000000000000000000e+00,5.359936944039265239e-01,3.190013190332062765e-01,0.000000000000000000e+00,0.000000000000000000e+00,0.000000000000000000e+00,5.222645061986346260e-01,5.342188024068645902e-01,5.229456172950386339e-01,5.262399896483906936e-01,0.000000000000000000e+00,2.845848005574256878e-01,5.261685503792294938e-01,5.362936289659735456e-01,5.230028286070858012e-01,5.406853108260580854e-01,4.256649526576549158e-01,5.159969877170520469e-01
4.191751499567303862e-01,4.096836053010514123e-01,0.000000000000000000e+00,0.000000000000000000e+00,0.000000000000000000e+00,4.217782367863318060e-01,0.000000000000000000e+00,4.303374150314642210e-01,0.000000000000000000e+00,0.000000000000000000e+00,0.000000000000000000e+00,3.966315349579737082e-01,4.405763926708585743e-01,5.269822649988081809e-01,4.208552281971408848e-01,4.232467413864078876e-01,0.000000000000000000e+00,4.125797521472350238e-01,0.000000000000000000e+00,4.417369560163356135e-01,0.000000000000000000e+00,4.372773687212950233e-01,3.955458013826474994e-01,4.899898135084505002e-01,4.027398293298131149e-01,4.211643427406763784e-01,4.498154410446387752e-01,4.715357649517060157e-01,4.105074163898190243e-01,0.000000000000000000e+00,4.315849630953693117e-01,4.545718976825763868e-01,3.441573872614395180e-01,4.299281162890746244e-01,5.049295729511521502e-01,0.000000000000000000e+00,0.000000000000000000e+00,0.000000000000000000e+00,5.041558062497837334e-01,4.535725620470850150e-01,4.520141830332823907e-01,5.299134921513518615e-01,0.000000000000000000e+00,0.000000000000000000e+00,0.000000000000000000e+00,4.368868640452259200e-01,5.049706673616320973e-01,0.000000000000000000e+00,0.000000000000000000e+00,0.000000000000000000e+00,4.642474221948504898e-01,0.000000000000000000e+00,4.314821736085541759e-01,0.000000000000000000e+00,0.000000000000000000e+00,0.000000000000000000e+00,0.000000000000000000e+00,4.050422719880668043e-01,0.000000000000000000e+00,4.992589518514988778e-01,4.656925639815369111e-01,0.000000000000000000e+00,0.000000000000000000e+00,0.000000000000000000e+00,5.067969761045058030e-01,4.245916967635803840e-01,5.031697684034807105e-01,4.823511737968950164e-01,0.000000000000000000e+00,4.093435538033123877e-01,5.389039435090695607e-01,4.996255901959882895e-01,5.022281301242106366e-01,4.831741851685623090e-01,0.000000000000000000e+00,4.488879225653433225e-01
