0.000000000000000000e+00,3.290696323200926199e-01,0.000000000000000000e+00,0.000000000000000000e+00,0.000000000000000000e+00,3.124546023566958097e-01,0.000000000000000000e+00,4.721263919813584176e-01,0.000000000000000000e+00,3.738190903845358126e-01,0.000000000000000000e+00,3.804857924009519277e-01,3.207085034966141723e-01,0.000000000000000000e+00,3.504090786086617171e-01,3.419025959994104191e-01,0.000000000000000000e+00,3.312084251565172166e-01,0.000000000000000000e+00,4.002041963036890859e-01,3.919433053444250081e-01,3.489922416848165176e-01,4.467934650906286165e-01,3.724145979163470122e-01,2.891843467290746150e-01,3.384478087999014950e-01,4.067522402652344882e-01,3.657381986627192272e-01,3.856442587689751234e-01,0.000000000000000000e+00,3.393973812271093848e-01,3.918946141010700157e-01,3.187735157272763020e-01,3.207212728513232913e-01,3.654747970394939260e-01,0.000000000000000000e+00,0.000000000000000000e+00,0.000000000000000000e+00,4.113196851561106149e-01,3.540147778379640897e-01,3.964939570625264920e-01,0.000000000000000000e+00,0.000000000000000000e+00,0.000000000000000000e+00,0.000000000000000000e+00,3.633074086887013165e-01,4.350095086376328801e-01,0.000000000000000000e+00,0.000000000000000000e+00,0.000000000000000000e+00,0.000000000000000000e+00,0.000000000000000000e+00,0.000000000000000000e+00,0.000000000000000000e+00,0.000000000000000000e+00,0.000000000000000000e+00,0.000000000000000000e+00,0.000000000000000000e+00,0.000000000000000000e+00,0.000000000000000000e+00,4.130550467048391128e-01,0.000000000000000000e+00,3.655864797327592064e-01,0.000000000000000000e+00,0.000000000000000000e+00,3.401330245299564736e-01,4.328714331376856128e-01,0.000000000000000000e+00,4.127108421616945133e-01,3.796339061438747109e-01,3.882792298034927203e-01,0.000000000000000000e+00,0.000000000000000000e+00,0.000000000000000000e+00,0.000000000000000000e+00,4.236066933777710153e-01
3.290696323200926199e-01,0.000000000000000000e+00,0.000000000000000000e+00,0.000000000000000000e+00,3.467074823976519782e-01,3.494924255425241877e-01,3.695740958966656220e-01,3.961519994320866767e-01,2.675520606468413942e-01,0.000000000000000000e+00,0.000000000000000000e+00,0.000000000000000000e+00,4.085753110370113905e-01,0.000000000000000000e+00,3.725959692981080096e-01,3.461913114439517103e-01,2.764043224440217994e-01,2.997189368363882833e-01,0.000000000000000000e+00,4.239883113560576899e-01,3.892942563734532180e-01,3.924454016702251802e-01,3.788735135081954253e-01,0.000000000000000000e+00,3.075188691462800161e-01,3.825067453103688231e-01,3.821043149351939228e-01,4.010590265316368863e-01,3.974991433939791818e-01,0.000000000000000000e+00,3.085443863550976218e-01,3.762926490993501738e-01,3.149564322869242150e-01,3.138681099668069185e-01,3.742052917664491773e-01,0.000000000000000000e+00,0.000000000000000000e+00,0.000000000000000000e+00,4.167117355245590904e-01,3.960083115347325933e-01,4.134695768908043245e-01,4.246197840041219251e-01,0.000000000000000000e+00,0.000000000000000000e+00,0.000000000000000000e+00,3.756491668642988890e-01,4.329757485092878277e-01,0.000000000000000000e+00,0.000000000000000000e+00,0.000000000000000000e+00,3.010647784635175905e-01,0.000000000000000000e+00,0.000000000000000000e+00,0.000000000000000000e+00,0.000000000000000000e+00,0.000000000000000000e+00,0.000000000000000000e+00,0.000000000000000000e+00,0.000000000000000000e+00,4.305972241515484966e-01,3.971820648071616167e-01,0.000000000000000000e+00,3.491342884073008190e-01,0.000000000000000000e+00,3.963991732242977961e-01,4.080747824068028939e-01,4.407199237487998134e-01,3.701014657954332931e-01,0.000000000000000000e+00,3.533957652307758157e-01,4.294666817648675750e-01,3.616568887968660273e-01,0.000000000000000000e+00,3.729802185496404743e-01,0.000000000000000000e+00,3.780712941162008844e-01
0.000000000000000000e+00,0.000000000000000000e+00,0.000000000000000000e+00,3.744274283303022921e-01,3.993651768266603952e-01,3.567497229316369811e-01,4.614240498236709120e-01,4.429758059284366056e-01,3.370167170105006216e-01,3.983424943508562799e-01,3.677894784355986157e-01,3.138154688515857882e-01,4.728175092420632275e-01,4.159599577892975075e-01,0.000000000000000000e+00,0.000000000000000000e+00,0.000000000000000000e+00,0.000000000000000000e+00,2.907745413528250999e-01,0.000000000000000000e+00,0.000000000000000000e+00,0.000000000000000000e+00,3.346791379261452870e-01,0.000000000000000000e+00,0.000000000000000000e+00,0.000000000000000000e+00,3.681094649299733734e-01,4.496810516631450927e-01,0.000000000000000000e+00,0.000000000000000000e+00,4.693578717047192095e-01,4.171329651538254746e-01,3.548123294289016183e-01,4.624479406655495062e-01,4.675776795628344140e-01,4.122147461589288908e-01,4.357342948263210891e-01,0.000000000000000000e+00,4.125082513882207258e-01,0.000000000000000000e+00,3.787365400384408165e-01,0.000000000000000000e+00,4.891483272110048741e-01,0.000000000000000000e+00,0.000000000000000000e+00,0.000000000000000000e+00,0.000000000000000000e+00,3.656244763683427212e-01,0.000000000000000000e+00,3.987919724857434955e-01,5.199277673550254386e-01,3.873902135344383102e-01,5.089532460322547802e-01,4.726286017823659868e-01,0.000000000000000000e+00,4.027563754677719876e-01,0.000000000000000000e+00,4.327865228307529177e-01,0.000000000000000000e+00,0.000000000000000000e+00,0.000000000000000000e+00,0.000000000000000000e+00,0.000000000000000000e+00,3.318432798922764104e-01,0.000000000000000000e+00,0.000000000000000000e+00,0.000000000000000000e+00,5.416486424973615543e-01,0.000000000000000000e+00,0.000000000000000000e+00,0.000000000000000000e+00,4.438249540607367982e-01,3.499467302742085839e-01,0.000000000000000000e+00,0.000000000000000000e+00,0.000000000000000000e+00
0.000000000000000000e+00,0.000000000000000000e+00,3.744274283303022921e-01,0.000000000000000000e+00,2.481371264337103866e-01,3.837611887815274847e-01,2.571477473662762137e-01,2.269420065897733985e-01,4.074747606542082901e-01,0.000000000000000000e+00,3.566369746420097742e-01,0.000000000000000000e+00,2.972157946604225276e-01,3.385039385258776790e-01,0.000000000000000000e+00,0.000000000000000000e+00,0.000000000000000000e+00,0.000000000000000000e+00,3.908388662907422151e-01,4.426493648223835953e-01,0.000000000000000000e+00,0.000000000000000000e+00,3.792917301067462166e-01,0.000000000000000000e+00,0.000000000000000000e+00,0.000000000000000000e+00,4.058972892778450747e-01,3.105546893123479757e-01,3.966717630636408809e-01,0.000000000000000000e+00,3.316564415671682808e-01,3.427337635278621120e-01,0.000000000000000000e+00,3.835794691991795125e-01,3.520498236402371806e-01,2.237090940076743029e-01,2.065035837040528066e-01,0.000000000000000000e+00,0.000000000000000000e+00,0.000000000000000000e+00,0.000000000000000000e+00,0.000000000000000000e+00,0.000000000000000000e+00,0.000000000000000000e+00,0.000000000000000000e+00,0.000000000000000000e+00,0.000000000000000000e+00,0.000000000000000000e+00,0.000000000000000000e+00,0.000000000000000000e+00,0.000000000000000000e+00,0.000000000000000000e+00,0.000000000000000000e+00,0.000000000000000000e+00,0.000000000000000000e+00,0.000000000000000000e+00,0.000000000000000000e+00,0.000000000000000000e+00,0.000000000000000000e+00,0.000000000000000000e+00,0.000000000000000000e+00,0.000000000000000000e+00,0.000000000000000000e+00,0.000000000000000000e+00,0.000000000000000000e+00,0.000000000000000000e+00,0.000000000000000000e+00,0.000000000000000000e+00,0.000000000000000000e+00,0.000000000000000000e+00,0.000000000000000000e+00,0.000000000000000000e+00,0.000000000000000000e+00,0.000000000000000000e+00,0.000000000000000000e+00,0.000000000000000000e+00
0.000000000000000000e+00,3.467074823976519782e-01,3.993651768266603952e-01,2.481371264337103866e-01,0.000000000000000000e+00,3.959333296378939049e-01,3.463968881359418828e-01,4.042849121026135251e-01,3.574813831991147106e-01,4.180059357993435865e-01,3.483538002483990148e-01,3.669118762839653769e-01,4.266191902340399911e-01,3.050654784185551915e-01,0.000000000000000000e+00,3.686199529512750872e-01,0.000000000000000000e+00,0.000000000000000000e+00,3.736374952944153116e-01,4.099527844863508075e-01,0.000000000000000000e+00,4.250901939654723183e-01,3.765802845153388145e-01,0.000000000000000000e+00,2.653480076871297944e-01,0.000000000000000000e+00,4.084275168161993208e-01,3.958984564786787730e-01,3.848484044443182261e-01,0.000000000000000000e+00,4.610818228362140725e-01,3.621865834200582723e-01,3.633479110211345064e-01,4.373162252258516736e-01,4.117982081379757964e-01,2.546049023020302005e-01,3.076050770087968012e-01,3.449028278924735069e-01,0.000000000000000000e+00,0.000000000000000000e+00,0.000000000000000000e+00,0.000000000000000000e+00,3.066415083499752781e-01,0.000000000000000000e+00,0.000000000000000000e+00,0.000000000000000000e+00,0.000000000000000000e+00,4.074791811152204124e-01,0.000000000000000000e+00,0.000000000000000000e+00,3.794995206397125953e-01,0.000000000000000000e+00,0.000000000000000000e+00,0.000000000000000000e+00,0.000000000000000000e+00,3.680198921568654247e-01,0.000000000000000000e+00,0.000000000000000000e+00,0.000000000000000000e+00,0.000000000000000000e+00,0.000000000000000000e+00,0.000000000000000000e+00,0.000000000000000000e+00,0.000000000000000000e+00,0.000000000000000000e+00,0.000000000000000000e+00,0.000000000000000000e+00,4.827506833159496136e-01,0.000000000000000000e+00,0.000000000000000000e+00,0.000000000000000000e+00,4.557992947322452859e-01,0.000000000000000000e+00,0.000000000000000000e+00,0.000000000000000000e+00,0.000000000000000000e+00
3.124546023566958097e-01,3.494924255425241877e-01,3.567497229316369811e-01,3.837611887815274847e-01,3.959333296378939049e-01,0.000000000000000000e+00,4.034070956441251909e-01,3.574873887147754226e-01,3.396420210882086232e-01,4.039589018278916810e-01,3.967978839252169765e-01,3.115803017630396909e-01,3.837740516003831925e-01,3.888805039735057090e-01,2.935299652519354763e-01,3.970607281591786997e-01,0.000000000000000000e+00,3.124267396787764883e-01,3.677948198993690743e-01,4.030488233446021251e-01,3.162406476439995062e-01,4.005403478676066165e-01,3.458981845897716734e-01,0.000000000000000000e+00,3.073229269576521205e-01,3.357675152710016819e-01,3.678345113260199084e-01,3.868839910410246108e-01,3.732442358381158898e-01,3.847183178609190901e-01,3.996647753363490874e-01,3.889307941959747050e-01,3.299418032556120095e-01,4.094191780783568158e-01,4.248375133649648916e-01,3.964702071179865839e-01,4.235661516233449886e-01,3.699714507366339000e-01,4.671784577683517070e-01,0.000000000000000000e+00,4.215505593725252242e-01,3.899283935439855076e-01,4.227702915837959763e-01,0.000000000000000000e+00,0.000000000000000000e+00,0.000000000000000000e+00,2.524711436948683940e-01,4.948033325301974261e-01,0.000000000000000000e+00,3.545775376257319089e-01,4.638217086043773252e-01,4.135453340174449766e-01,4.539272507155118763e-01,4.944489796649175206e-01,0.000000000000000000e+00,4.729731204622205087e-01,0.000000000000000000e+00,4.304864357214940873e-01,0.000000000000000000e+00,3.242248311106826208e-01,0.000000000000000000e+00,0.000000000000000000e+00,0.000000000000000000e+00,4.628094330592699146e-01,3.580981627664824862e-01,3.672307027136654800e-01,2.513340728466260110e-01,4.799166712012293834e-01,0.000000000000000000e+00,0.000000000000000000e+00,2.473765365833041907e-01,4.798345269727347095e-01,4.361795890535118958e-01,4.368066285928948189e-01,4.181303787972571739e-01,4.529845123272183138e-01
0.000000000000000000e+00,3.695740958966656220e-01,4.614240498236709120e-01,2.571477473662762137e-01,3.463968881359418828e-01,4.034070956441251909e-01,0.000000000000000000e+00,4.057999449246588175e-01,3.809978701977703164e-01,3.693717756537078789e-01,4.538001332022454926e-01,3.458579673327394910e-01,3.439628937399317743e-01,3.494662067824136908e-01,0.000000000000000000e+00,4.283390220968122941e-01,0.000000000000000000e+00,3.544189871775980105e-01,4.566482297847069272e-01,4.343520966370452152e-01,0.000000000000000000e+00,4.518891517158097892e-01,3.881131642833887119e-01,0.000000000000000000e+00,3.311827364214106062e-01,3.360781885894035814e-01,4.149829162735795274e-01,3.928425829642885891e-01,4.211184120955496213e-01,0.000000000000000000e+00,4.125628538150176161e-01,4.072128403200369062e-01,3.540910433921761191e-01,4.066276583739182882e-01,4.142163012411280154e-01,3.267410637747273916e-01,3.132565132936983021e-01,3.606477787174677263e-01,2.439447950652212926e-01,0.000000000000000000e+00,2.472425754964666933e-01,0.000000000000000000e+00,3.050740671626789857e-01,0.000000000000000000e+00,0.000000000000000000e+00,0.000000000000000000e+00,0.000000000000000000e+00,3.553049537200769770e-01,0.000000000000000000e+00,0.000000000000000000e+00,3.615054838090783762e-01,0.000000000000000000e+00,4.259486675879364803e-01,3.291266069047752985e-01,0.000000000000000000e+00,3.510801000214894829e-01,0.000000000000000000e+00,0.000000000000000000e+00,0.000000000000000000e+00,0.000000000000000000e+00,0.000000000000000000e+00,0.000000000000000000e+00,0.000000000000000000e+00,0.000000000000000000e+00,0.000000000000000000e+00,0.000000000000000000e+00,0.000000000000000000e+00,4.714967350113902222e-01,0.000000000000000000e+00,0.000000000000000000e+00,0.000000000000000000e+00,4.060003284904359910e-01,0.000000000000000000e+00,0.000000000000000000e+00,0.000000000000000000e+00,0.000000000000000000e+00
4.721263919813584176e-01,3.961519994320866767e-01,4.429758059284366056e-01,2.269420065897733985e-01,4.042849121026135251e-01,3.574873887147754226e-01,4.057999449246588175e-01,0.000000000000000000e+00,4.534443919906325227e-01,4.104339043512318930e-01,2.823944767015437729e-01,3.992848588407642008e-01,3.958993879375894975e-01,2.650482944273679919e-01,0.000000000000000000e+00,4.193016414630650890e-01,0.000000000000000000e+00,3.941518343857136064e-01,3.845949470060986974e-01,3.390553774600418846e-01,3.885291745201663871e-01,3.909293874857668882e-01,3.369720490684228187e-01,4.814114028757923158e-01,4.227658829357918147e-01,4.423906033719395836e-01,4.130050815614552118e-01,4.144408090515614984e-01,3.812029413546217937e-01,3.851480333632298914e-01,4.267318498028475071e-01,3.305448340808729846e-01,0.000000000000000000e+00,4.359515842901700022e-01,4.586068737239406001e-01,2.811710567428288843e-01,3.400658299081856240e-01,0.000000000000000000e+00,4.481651152258874227e-01,0.000000000000000000e+00,4.545233932755115003e-01,0.000000000000000000e+00,4.243283589906313158e-01,0.000000000000000000e+00,0.000000000000000000e+00,0.000000000000000000e+00,0.000000000000000000e+00,4.958642281033450727e-01,0.000000000000000000e+00,4.410071686206413211e-01,4.213076572600734093e-01,4.415233861148996075e-01,3.502536249676017066e-01,4.796431580253632809e-01,0.000000000000000000e+00,4.525249259578296157e-01,0.000000000000000000e+00,4.305522985347051135e-01,0.000000000000000000e+00,0.000000000000000000e+00,0.000000000000000000e+00,0.000000000000000000e+00,0.000000000000000000e+00,4.752842160537067984e-01,4.516737921899501851e-01,4.564031743728190205e-01,0.000000000000000000e+00,4.678823117541950904e-01,0.000000000000000000e+00,0.000000000000000000e+00,0.000000000000000000e+00,4.862215107733329766e-01,4.320925935148847152e-01,4.205402495735673929e-01,0.000000000000000000e+00,4.214868723164956199e-01
0.000000000000000000e+00,2.675520606468413942e-01,3.370167170105006216e-01,4.074747606542082901e-01,3.574813831991147106e-01,3.396420210882086232e-01,3.809978701977703164e-01,4.534443919906325227e-01,0.000000000000000000e+00,4.640209989658876100e-01,3.419113455940662183e-01,3.847291603034873053e-01,4.245692487350324895e-01,3.988433760931892058e-01,0.000000000000000000e+00,3.457295263586412926e-01,0.000000000000000000e+00,2.770345078165246111e-01,2.929975703161544209e-01,3.850286360372103811e-01,0.000000000000000000e+00,3.859559195856265834e-01,3.815530842093737274e-01,3.779323568769344943e-01,1.769251331355415902e-01,1.808633198373257867e-01,3.893509506791523744e-01,4.594609224817924886e-01,4.086368530657826237e-01,4.484807056552391757e-01,4.733173745422977197e-01,4.371378625617756142e-01,3.820333117348235774e-01,4.732877026717797753e-01,5.058334898585534756e-01,4.117948760549061116e-01,4.525994470279706139e-01,4.061543532919590915e-01,3.851654550255322884e-01,0.000000000000000000e+00,2.930968253034240134e-01,0.000000000000000000e+00,4.753043121815698213e-01,0.000000000000000000e+00,0.000000000000000000e+00,0.000000000000000000e+00,0.000000000000000000e+00,5.177109729785693837e-01,0.000000000000000000e+00,0.000000000000000000e+00,4.936351319708905949e-01,3.591087390568695747e-01,5.201216769274036311e-01,4.264907721781183159e-01,0.000000000000000000e+00,5.013468999484236299e-01,0.000000000000000000e+00,3.802206381044320738e-01,0.000000000000000000e+00,0.000000000000000000e+00,0.000000000000000000e+00,0.000000000000000000e+00,0.000000000000000000e+00,4.699833813417004791e-01,0.000000000000000000e+00,0.000000000000000000e+00,0.000000000000000000e+00,5.208626214237266350e-01,0.000000000000000000e+00,0.000000000000000000e+00,0.000000000000000000e+00,5.241076619205848885e-01,3.430566368964413915e-01,0.000000000000000000e+00,0.000000000000000000e+00,0.000000000000000000e+00
3.738190903845358126e-01,0.000000000000000000e+00,3.983424943508562799e-01,0.000000000000000000e+00,4.180059357993435865e-01,4.039589018278916810e-01,3.693717756537078789e-01,4.104339043512318930e-01,4.640209989658876100e-01,0.000000000000000000e+00,4.461961339966187268e-01,2.825779672989152114e-01,3.860250204851158884e-01,0.000000000000000000e+00,0.000000000000000000e+00,3.221790100005578195e-01,3.036599069210227930e-01,3.288606042628159920e-01,4.125898529656977232e-01,2.920800001694366932e-01,0.000000000000000000e+00,2.466694462584539116e-01,3.739319831957427231e-01,2.753483244414695053e-01,3.279897956596726782e-01,3.307030097566089899e-01,3.863329715854976198e-01,3.775502739837333088e-01,3.266769186658953217e-01,0.000000000000000000e+00,3.267115940098159199e-01,3.063369745479784245e-01,3.002144356001624215e-01,3.086029087027520879e-01,3.082939785936700816e-01,3.700437492530375128e-01,2.925282257056298074e-01,2.630504923932445727e-01,3.597271730578259774e-01,3.387245195618174276e-01,3.427846446139650727e-01,2.957389934421225108e-01,0.000000000000000000e+00,0.000000000000000000e+00,3.284175220518428806e-01,0.000000000000000000e+00,0.000000000000000000e+00,0.000000000000000000e+00,0.000000000000000000e+00,0.000000000000000000e+00,0.000000000000000000e+00,0.000000000000000000e+00,0.000000000000000000e+00,0.000000000000000000e+00,4.209673855693705224e-01,0.000000000000000000e+00,4.136317397621053771e-01,3.436736232416918724e-01,0.000000000000000000e+00,0.000000000000000000e+00,0.000000000000000000e+00,3.897781475286035135e-01,3.702904557749697179e-01,0.000000000000000000e+00,0.000000000000000000e+00,0.000000000000000000e+00,0.000000000000000000e+00,0.000000000000000000e+00,3.905167419742047730e-01,4.233902371017522759e-01,4.392469347589705864e-01,0.000000000000000000e+00,3.603875696149331787e-01,0.000000000000000000e+00,0.000000000000000000e+00,3.866490139714887087e-01
0.000000000000000000e+00,0.000000000000000000e+00,3.677894784355986157e-01,3.566369746420097742e-01,3.483538002483990148e-01,3.967978839252169765e-01,4.538001332022454926e-01,2.823944767015437729e-01,3.419113455940662183e-01,4.461961339966187268e-01,0.000000000000000000e+00,3.768046192681823170e-01,4.661757605174972063e-01,3.079446881875820274e-01,0.000000000000000000e+00,0.000000000000000000e+00,3.565343213656382848e-01,0.000000000000000000e+00,2.816195859841286731e-01,0.000000000000000000e+00,0.000000000000000000e+00,0.000000000000000000e+00,3.511079878629823070e-01,3.677971706161375920e-01,0.000000000000000000e+00,0.000000000000000000e+00,4.003351804556128934e-01,4.514125653103752134e-01,0.000000000000000000e+00,0.000000000000000000e+00,4.720146868166941734e-01,3.707502358159396882e-01,3.795043787188577822e-01,4.616379142700741123e-01,4.613591150191426737e-01,3.235387901088144225e-01,4.111807248818726834e-01,4.048572786054824846e-01,3.641274813526743093e-01,0.000000000000000000e+00,0.000000000000000000e+00,0.000000000000000000e+00,3.948777043880438153e-01,0.000000000000000000e+00,0.000000000000000000e+00,0.000000000000000000e+00,0.000000000000000000e+00,4.616936439702640227e-01,0.000000000000000000e+00,3.322073804145865838e-01,4.529854791878062947e-01,3.671281076359769746e-01,3.725439596415365817e-01,4.687100404050041913e-01,0.000000000000000000e+00,2.381726390513083103e-01,0.000000000000000000e+00,3.520002329123935181e-01,3.491141302334220820e-01,0.000000000000000000e+00,0.000000000000000000e+00,0.000000000000000000e+00,0.000000000000000000e+00,2.406996698385930888e-01,0.000000000000000000e+00,0.000000000000000000e+00,0.000000000000000000e+00,4.814865056829739087e-01,0.000000000000000000e+00,0.000000000000000000e+00,0.000000000000000000e+00,4.892346636820387729e-01,3.319447458301386100e-01,0.000000000000000000e+00,0.000000000000000000e+00,0.000000000000000000e+00
3.804857924009519277e-01,0.000000000000000000e+00,3.138154688515857882e-01,0.000000000000000000e+00,3.669118762839653769e-01,3.115803017630396909e-01,3.458579673327394910e-01,3.992848588407642008e-01,3.847291603034873053e-01,2.825779672989152114e-01,3.768046192681823170e-01,0.000000000000000000e+00,3.511094085847982771e-01,0.000000000000000000e+00,0.000000000000000000e+00,0.000000000000000000e+00,3.315393692370707801e-01,3.050761378529022738e-01,3.233859806964162753e-01,0.000000000000000000e+00,4.029581326461176838e-01,0.000000000000000000e+00,3.233709339913912739e-01,2.796552618345145014e-01,3.487150076047808023e-01,3.130237508842925731e-01,3.118303954682449808e-01,3.540814827821254229e-01,0.000000000000000000e+00,0.000000000000000000e+00,3.243786359427779931e-01,2.702153222102524066e-01,2.942629013306640173e-01,2.425840554794043979e-01,3.015254495442795113e-01,3.287418399225530141e-01,2.749241417125146136e-01,2.181697507237138900e-01,3.856676912519442224e-01,3.628487373458521015e-01,3.491010184634569247e-01,0.000000000000000000e+00,0.000000000000000000e+00,0.000000000000000000e+00,3.584073572793882168e-01,0.000000000000000000e+00,0.000000000000000000e+00,0.000000000000000000e+00,0.000000000000000000e+00,0.000000000000000000e+00,0.000000000000000000e+00,0.000000000000000000e+00,0.000000000000000000e+00,0.000000000000000000e+00,4.458830382953550830e-01,0.000000000000000000e+00,4.371563649738948176e-01,3.322059472070457153e-01,0.000000000000000000e+00,0.000000000000000000e+00,0.000000000000000000e+00,4.159273792574483819e-01,3.981148117995482183e-01,0.000000000000000000e+00,0.000000000000000000e+00,0.000000000000000000e+00,0.000000000000000000e+00,0.000000000000000000e+00,4.220289332947765870e-01,4.485089085973620882e-01,4.595168410653754920e-01,0.000000000000000000e+00,3.981585280775060132e-01,0.000000000000000000e+00,0.000000000000000000e+00,3.900041093842699924e-01
3.207085034966141723e-01,4.085753110370113905e-01,4.728175092420632275e-01,2.972157946604225276e-01,4.266191902340399911e-01,3.837740516003831925e-01,3.439628937399317743e-01,3.958993879375894975e-01,4.245692487350324895e-01,3.860250204851158884e-01,4.661757605174972063e-01,3.511094085847982771e-01,0.000000000000000000e+00,4.108066638968920770e-01,0.000000000000000000e+00,4.487303941882785918e-01,3.546851008879138845e-01,3.834311552510588084e-01,4.637508543127223937e-01,4.262858566392240256e-01,4.028607464148181161e-01,4.520373051789379759e-01,3.850391989772862789e-01,3.350048402019283889e-01,3.736248971648654105e-01,3.933375465863153120e-01,4.258825646935597842e-01,3.636173534527751827e-01,4.052545791133895237e-01,4.069957310914841808e-01,4.032837251086365815e-01,4.120495215211628093e-01,4.008420788822593117e-01,4.047356998857508104e-01,4.249672568476173251e-01,3.843642732966893183e-01,3.546758500526048241e-01,3.672731425133898275e-01,3.675216390429167923e-01,0.000000000000000000e+00,2.548394884753770739e-01,2.716183978127809096e-01,3.708672069976576835e-01,0.000000000000000000e+00,0.000000000000000000e+00,0.000000000000000000e+00,0.000000000000000000e+00,3.632121483437958931e-01,0.000000000000000000e+00,0.000000000000000000e+00,3.887282399765847885e-01,2.927576639247603252e-01,4.562258897716034989e-01,0.000000000000000000e+00,0.000000000000000000e+00,3.776727728705880915e-01,3.507004942137473269e-01,0.000000000000000000e+00,0.000000000000000000e+00,3.207173268207247907e-01,0.000000000000000000e+00,0.000000000000000000e+00,0.000000000000000000e+00,0.000000000000000000e+00,3.261793231602648224e-01,0.000000000000000000e+00,2.836872635608941873e-01,4.839842800713267112e-01,0.000000000000000000e+00,2.536951510390532127e-01,3.070665562852413766e-01,4.673824913292671246e-01,0.000000000000000000e+00,3.736566338985692903e-01,0.000000000000000000e+00,0.000000000000000000e+00
0.000000000000000000e+00,0.000000000000000000e+00,4.159599577892975075e-01,3.385039385258776790e-01,3.050654784185551915e-01,3.888805039735057090e-01,3.494662067824136908e-01,2.650482944273679919e-01,3.988433760931892058e-01,0.000000000000000000e+00,3.079446881875820274e-01,0.000000000000000000e+00,4.108066638968920770e-01,0.000000000000000000e+00,0.000000000000000000e+00,0.000000000000000000e+00,0.000000000000000000e+00,0.000000000000000000e+00,3.912001198819994863e-01,0.000000000000000000e+00,0.000000000000000000e+00,0.000000000000000000e+00,3.277784343635684050e-01,0.000000000000000000e+00,0.000000000000000000e+00,0.000000000000000000e+00,4.197166515005386067e-01,3.084743812331022794e-01,0.000000000000000000e+00,0.000000000000000000e+00,0.000000000000000000e+00,2.840332647717384029e-01,0.000000000000000000e+00,0.000000000000000000e+00,0.000000000000000000e+00,2.437398845007210102e-01,2.162884416346501082e-01,0.000000000000000000e+00,0.000000000000000000e+00,0.000000000000000000e+00,0.000000000000000000e+00,0.000000000000000000e+00,0.000000000000000000e+00,0.000000000000000000e+00,0.000000000000000000e+00,0.000000000000000000e+00,0.000000000000000000e+00,0.000000000000000000e+00,0.000000000000000000e+00,0.000000000000000000e+00,0.000000000000000000e+00,0.000000000000000000e+00,0.000000000000000000e+00,0.000000000000000000e+00,0.000000000000000000e+00,3.686945794248481789e-01,0.000000000000000000e+00,0.000000000000000000e+00,0.000000000000000000e+00,0.000000000000000000e+00,0.000000000000000000e+00,0.000000000000000000e+00,0.000000000000000000e+00,0.000000000000000000e+00,0.000000000000000000e+00,0.000000000000000000e+00,0.000000000000000000e+00,0.000000000000000000e+00,0.000000000000000000e+00,0.000000000000000000e+00,0.000000000000000000e+00,0.000000000000000000e+00,0.000000000000000000e+00,0.000000000000000000e+00,0.000000000000000000e+00,0.000000000000000000e+00
3.504090786086617171e-01,3.725959692981080096e-01,0.000000000000000000e+00,0.000000000000000000e+00,0.000000000000000000e+00,2.935299652519354763e-01,0.000000000000000000e+00,0.000000000000000000e+00,0.000000000000000000e+00,0.000000000000000000e+00,0.000000000000000000e+00,0.000000000000000000e+00,0.000000000000000000e+00,0.000000000000000000e+00,0.000000000000000000e+00,3.706097678882233071e-01,0.000000000000000000e+00,3.437946410373050043e-01,0.000000000000000000e+00,3.474101193564301249e-01,3.419551130433847175e-01,3.551952538965522099e-01,3.717368972928423165e-01,3.647148467742782896e-01,3.346765334038682149e-01,3.868376605629145759e-01,3.460545862796242100e-01,0.000000000000000000e+00,3.609741323689940051e-01,0.000000000000000000e+00,3.702002914486560159e-01,3.738241138053530754e-01,3.058397474432449914e-01,3.792987503879455824e-01,4.130093819174482928e-01,4.712235175685959843e-01,0.000000000000000000e+00,0.000000000000000000e+00,4.382098293345759177e-01,4.302506763709865178e-01,4.254541605517918046e-01,4.562573857424819246e-01,0.000000000000000000e+00,0.000000000000000000e+00,0.000000000000000000e+00,0.000000000000000000e+00,4.313035269204744115e-01,0.000000000000000000e+00,0.000000000000000000e+00,0.000000000000000000e+00,3.670552547862134807e-01,0.000000000000000000e+00,0.000000000000000000e+00,0.000000000000000000e+00,0.000000000000000000e+00,0.000000000000000000e+00,0.000000000000000000e+00,0.000000000000000000e+00,0.000000000000000000e+00,4.424778668344558907e-01,3.621897015439636824e-01,0.000000000000000000e+00,0.000000000000000000e+00,0.000000000000000000e+00,4.365645769863625847e-01,4.010764313658877200e-01,4.582677840219688825e-01,4.392140109866711217e-01,0.000000000000000000e+00,2.868587166261676868e-01,4.324223161077975774e-01,4.353836093332427160e-01,3.777466364968019019e-01,4.114889876245020894e-01,0.000000000000000000e+00,3.734125404110746893e-01
3.419025959994104191e-01,3.461913114439517103e-01,0.000000000000000000e+00,0.000000000000000000e+00,3.686199529512750872e-01,3.970607281591786997e-01,4.283390220968122941e-01,4.193016414630650890e-01,3.457295263586412926e-01,3.221790100005578195e-01,0.000000000000000000e+00,0.000000000000000000e+00,4.487303941882785918e-01,0.000000000000000000e+00,3.706097678882233071e-01,0.000000000000000000e+00,3.505280141635905844e-01,3.365227602184944766e-01,0.000000000000000000e+00,4.180689727040746151e-01,3.752087476851024839e-01,3.993472293913344906e-01,3.973265140280928809e-01,3.305377931713703865e-01,3.138418771340604763e-01,3.484347494068735229e-01,4.007075913636193865e-01,4.550808810452514064e-01,4.403231573488888273e-01,4.242519609389536761e-01,3.570330672143414152e-01,4.161145257642764883e-01,3.869067326391490980e-01,3.772687432167705079e-01,4.123368241111983745e-01,0.000000000000000000e+00,0.000000000000000000e+00,0.000000000000000000e+00,4.118050910732016234e-01,3.799486381603522922e-01,3.904179913071517127e-01,4.183055962056096977e-01,0.000000000000000000e+00,0.000000000000000000e+00,0.000000000000000000e+00,4.000450288317660141e-01,4.168466722918890977e-01,0.000000000000000000e+00,0.000000000000000000e+00,0.000000000000000000e+00,0.000000000000000000e+00,0.000000000000000000e+00,0.000000000000000000e+00,0.000000000000000000e+00,0.000000000000000000e+00,0.000000000000000000e+00,0.000000000000000000e+00,0.000000000000000000e+00,0.000000000000000000e+00,4.309752011383646830e-01,3.980568934948698900e-01,0.000000000000000000e+00,3.681637988195645139e-01,0.000000000000000000e+00,3.708718746983585834e-01,3.673262786114023792e-01,4.119135078401645056e-01,3.261540280718183138e-01,0.000000000000000000e+00,3.837712934707427914e-01,4.085254005916231779e-01,3.279947067044883813e-01,0.000000000000000000e+00,3.373340293348006114e-01,0.000000000000000000e+00,3.687233007408912133e-01
0.000000000000000000e+00,2.764043224440217994e-01,0.000000000000000000e+00,0.000000000000000000e+00,0.000000000000000000e+00,0.000000000000000000e+00,0.000000000000000000e+00,0.000000000000000000e+00,0.000000000000000000e+00,3.036599069210227930e-01,3.565343213656382848e-01,3.315393692370707801e-01,3.546851008879138845e-01,0.000000000000000000e+00,0.000000000000000000e+00,3.505280141635905844e-01,0.000000000000000000e+00,2.917017691883215802e-01,0.000000000000000000e+00,3.039780362203957087e-01,0.000000000000000000e+00,3.245163308743436170e-01,0.000000000000000000e+00,3.290886568580254079e-01,2.758379566114049775e-01,3.253754497572137749e-01,0.000000000000000000e+00,3.575714598691260848e-01,0.000000000000000000e+00,0.000000000000000000e+00,3.374296466553030061e-01,3.899190864959585778e-01,3.302808037656835838e-01,3.495521057394618825e-01,3.730390202596168825e-01,0.000000000000000000e+00,0.000000000000000000e+00,2.946197192691191180e-01,0.000000000000000000e+00,3.548737656966828857e-01,0.000000000000000000e+00,0.000000000000000000e+00,0.000000000000000000e+00,0.000000000000000000e+00,0.000000000000000000e+00,0.000000000000000000e+00,0.000000000000000000e+00,0.000000000000000000e+00,0.000000000000000000e+00,0.000000000000000000e+00,0.000000000000000000e+00,0.000000000000000000e+00,0.000000000000000000e+00,0.000000000000000000e+00,4.031785943489308854e-01,0.000000000000000000e+00,3.665112478874361090e-01,0.000000000000000000e+00,0.000000000000000000e+00,0.000000000000000000e+00,0.000000000000000000e+00,3.572955437938050149e-01,3.705117459454040918e-01,0.000000000000000000e+00,0.000000000000000000e+00,0.000000000000000000e+00,0.000000000000000000e+00,0.000000000000000000e+00,3.950433256532359105e-01,4.173658863213646764e-01,4.356218565231255169e-01,0.000000000000000000e+00,0.000000000000000000e+00,0.000000000000000000e+00,0.000000000000000000e+00,0.000000000000000000e+00
3.312084251565172166e-01,2.997189368363882833e-01,0.000000000000000000e+00,0.000000000000000000e+00,0.000000000000000000e+00,3.124267396787764883e-01,3.544189871775980105e-01,3.941518343857136064e-01,2.770345078165246111e-01,3.288606042628159920e-01,0.000000000000000000e+00,3.050761378529022738e-01,3.834311552510588084e-01,0.000000000000000000e+00,3.437946410373050043e-01,3.365227602184944766e-01,2.917017691883215802e-01,0.000000000000000000e+00,0.000000000000000000e+00,3.630893624618722892e-01,3.602819715601653927e-01,3.529153224078889761e-01,3.796950822961693839e-01,3.178825529409777806e-01,3.167573613554359180e-01,3.224635694140999820e-01,3.301339007503777956e-01,3.903545408782991832e-01,3.919362154393539743e-01,3.399541009489052135e-01,3.494617316424927234e-01,3.898071759910048950e-01,3.302062059044325038e-01,3.622790691669579011e-01,3.879472950028505229e-01,0.000000000000000000e+00,0.000000000000000000e+00,0.000000000000000000e+00,3.979999443332237208e-01,3.617126552304518183e-01,3.770667064738371099e-01,3.866567975623780851e-01,0.000000000000000000e+00,0.000000000000000000e+00,0.000000000000000000e+00,3.702907070330894168e-01,3.840303863107678017e-01,0.000000000000000000e+00,0.000000000000000000e+00,0.000000000000000000e+00,0.000000000000000000e+00,0.000000000000000000e+00,0.000000000000000000e+00,0.000000000000000000e+00,3.514420186940310220e-01,0.000000000000000000e+00,3.168975033456605250e-01,0.000000000000000000e+00,0.000000000000000000e+00,0.000000000000000000e+00,3.796858519284118105e-01,3.413771208299016813e-01,3.706953834850368890e-01,0.000000000000000000e+00,0.000000000000000000e+00,0.000000000000000000e+00,3.531133450692700015e-01,0.000000000000000000e+00,3.618833854541463890e-01,3.767886694849151841e-01,3.821805408741560939e-01,0.000000000000000000e+00,0.000000000000000000e+00,0.000000000000000000e+00,0.000000000000000000e+00,3.592399591869480102e-01
0.000000000000000000e+00,0.000000000000000000e+00,2.907745413528250999e-01,3.908388662907422151e-01,3.736374952944153116e-01,3.677948198993690743e-01,4.566482297847069272e-01,3.845949470060986974e-01,2.929975703161544209e-01,4.125898529656977232e-01,2.816195859841286731e-01,3.233859806964162753e-01,4.637508543127223937e-01,3.912001198819994863e-01,0.000000000000000000e+00,0.000000000000000000e+00,0.000000000000000000e+00,0.000000000000000000e+00,0.000000000000000000e+00,0.000000000000000000e+00,0.000000000000000000e+00,0.000000000000000000e+00,3.340920245664332766e-01,0.000000000000000000e+00,0.000000000000000000e+00,0.000000000000000000e+00,3.765226220733748907e-01,4.514689112519941760e-01,0.000000000000000000e+00,0.000000000000000000e+00,4.643964548997169262e-01,4.063576641129525990e-01,0.000000000000000000e+00,4.561511660064805906e-01,4.585616309611971197e-01,3.923686887080755081e-01,4.232214298348657144e-01,3.741889520609628095e-01,3.935830129402569932e-01,0.000000000000000000e+00,0.000000000000000000e+00,0.000000000000000000e+00,4.227263834913552176e-01,0.000000000000000000e+00,0.000000000000000000e+00,0.000000000000000000e+00,0.000000000000000000e+00,5.293486176513314545e-01,0.000000000000000000e+00,4.123859078116915988e-01,4.637765065929166930e-01,3.893574991183290090e-01,5.187255908629888612e-01,4.822546498647837243e-01,0.000000000000000000e+00,1.986598372956581982e-01,0.000000000000000000e+00,3.615209530899373136e-01,4.508977387226112965e-01,0.000000000000000000e+00,0.000000000000000000e+00,0.000000000000000000e+00,0.000000000000000000e+00,4.730516422108967944e-01,0.000000000000000000e+00,0.000000000000000000e+00,0.000000000000000000e+00,5.098374170749553347e-01,0.000000000000000000e+00,0.000000000000000000e+00,0.000000000000000000e+00,5.065726218814599058e-01,0.000000000000000000e+00,0.000000000000000000e+00,0.000000000000000000e+00,0.000000000000000000e+00
4.002041963036890859e-01,4.239883113560576899e-01,0.000000000000000000e+00,4.426493648223835953e-01,4.099527844863508075e-01,4.030488233446021251e-01,4.343520966370452152e-01,3.390553774600418846e-01,3.850286360372103811e-01,2.920800001694366932e-01,0.000000000000000000e+00,0.000000000000000000e+00,4.262858566392240256e-01,0.000000000000000000e+00,3.474101193564301249e-01,4.180689727040746151e-01,3.039780362203957087e-01,3.630893624618722892e-01,0.000000000000000000e+00,0.000000000000000000e+00,3.692157447857987163e-01,3.810247158631929199e-01,3.089750365296903833e-01,0.000000000000000000e+00,3.480710220853087122e-01,3.781261107334265015e-01,3.584894113558251827e-01,3.989910822610102104e-01,3.371324952512558260e-01,3.329087363833164726e-01,3.578945462811535250e-01,4.190325552152043276e-01,3.821397788421435071e-01,4.023432698685556752e-01,4.519946268036992842e-01,4.883531514398732898e-01,4.444873182569802905e-01,0.000000000000000000e+00,4.444139277113490216e-01,3.750762792303368176e-01,4.105271367403198757e-01,4.574311850990027128e-01,3.857772689337125027e-01,0.000000000000000000e+00,0.000000000000000000e+00,0.000000000000000000e+00,3.483105489951119904e-01,0.000000000000000000e+00,0.000000000000000000e+00,0.000000000000000000e+00,3.473726286160416787e-01,0.000000000000000000e+00,4.363271825748539223e-01,0.000000000000000000e+00,0.000000000000000000e+00,0.000000000000000000e+00,0.000000000000000000e+00,3.000550250697618937e-01,0.000000000000000000e+00,4.284694585500171127e-01,2.663385330650716032e-01,0.000000000000000000e+00,0.000000000000000000e+00,0.000000000000000000e+00,4.295330404905294275e-01,3.739377607757153887e-01,4.526115423444502794e-01,4.193353992879821912e-01,0.000000000000000000e+00,2.370697327304762958e-01,4.149183501027747800e-01,4.272126952542869005e-01,3.550016696928264270e-01,3.761297532467628990e-01,3.390550583037713062e-01,3.814329416700920072e-01
3.919433053444250081e-01,3.892942563734532180e-01,0.000000000000000000e+00,0.000000000000000000e+00,0.000000000000000000e+00,3.162406476439995062e-01,0.000000000000000000e+00,3.885291745201663871e-01,0.000000000000000000e+00,0.000000000000000000e+00,0.000000000000000000e+00,4.029581326461176838e-01,4.028607464148181161e-01,0.000000000000000000e+00,3.419551130433847175e-01,3.752087476851024839e-01,0.000000000000000000e+00,3.602819715601653927e-01,0.000000000000000000e+00,3.692157447857987163e-01,0.000000000000000000e+00,3.768040459240495910e-01,3.745715859965060845e-01,4.703742355172497724e-01,3.451435724131913796e-01,3.923846543148106214e-01,3.686551126906462139e-01,4.082206407196071751e-01,3.630916269143539266e-01,0.000000000000000000e+00,3.449863276193778083e-01,3.834513496055517723e-01,3.246233595504526837e-01,3.680715956968679814e-01,4.089392060754079017e-01,0.000000000000000000e+00,0.000000000000000000e+00,0.000000000000000000e+00,4.377347395091604754e-01,3.896744608468983850e-01,4.333530118016428734e-01,4.937241476807083251e-01,0.000000000000000000e+00,0.000000000000000000e+00,0.000000000000000000e+00,3.757289472622332149e-01,4.463898050600711986e-01,0.000000000000000000e+00,0.000000000000000000e+00,0.000000000000000000e+00,4.130365193399684887e-01,0.000000000000000000e+00,4.237190392440982056e-01,0.000000000000000000e+00,0.000000000000000000e+00,0.000000000000000000e+00,0.000000000000000000e+00,4.026221404795269909e-01,0.000000000000000000e+00,4.303592964143810873e-01,3.763986842780376874e-01,0.000000000000000000e+00,0.000000000000000000e+00,0.000000000000000000e+00,4.300565737903873087e-01,3.526639551397753869e-01,4.535982070455210069e-01,4.640223438228421871e-01,0.000000000000000000e+00,3.443925455565067240e-01,4.448587666544666086e-01,4.523390538231524260e-01,4.274553658814086998e-01,4.300611394930077824e-01,0.000000000000000000e+00,3.874863202951007723e-01
