0.000000000000000000e+00,4.168367077097684947e-01,0.000000000000000000e+00,0.000000000000000000e+00,0.000000000000000000e+00,3.230272475870186177e-01,0.000000000000000000e+00,5.556373082039712807e-01,0.000000000000000000e+00,3.833424218307053266e-01,0.000000000000000000e+00,4.097795432785207859e-01,2.912426100811689178e-01,0.000000000000000000e+00,3.865065693031186078e-01,4.046731020045540861e-01,3.452144765924156089e-01,3.997042070382315071e-01,0.000000000000000000e+00,4.491966915334293931e-01,4.279466278560897230e-01,4.080121078216841224e-01,4.855946249790202840e-01,4.023276747948004162e-01,4.060457126438414277e-01,4.013922428024495059e-01,4.750499524585227173e-01,3.751096695681918058e-01,4.212044989106543125e-01,0.000000000000000000e+00,3.894545732205362820e-01,4.248773386419502085e-01,3.145310238517757262e-01,3.669769380431953110e-01,3.944233169119950033e-01,0.000000000000000000e+00,0.000000000000000000e+00,3.118575083947979776e-01,4.645421802255634836e-01,4.405542686400470975e-01,4.162766743684462867e-01,0.000000000000000000e+00,0.000000000000000000e+00,0.000000000000000000e+00,0.000000000000000000e+00,4.129581350544911933e-01,4.740939025746119806e-01,0.000000000000000000e+00,0.000000000000000000e+00,0.000000000000000000e+00,0.000000000000000000e+00,0.000000000000000000e+00,0.000000000000000000e+00,0.000000000000000000e+00,4.478937569841535127e-01,0.000000000000000000e+00,0.000000000000000000e+00,0.000000000000000000e+00,0.000000000000000000e+00,0.000000000000000000e+00,4.724044309873292047e-01,0.000000000000000000e+00,4.555140645917781783e-01,0.000000000000000000e+00,0.000000000000000000e+00,4.874836947925145769e-01,4.710517256420891918e-01,0.000000000000000000e+00,0.000000000000000000e+00,4.643627350725034741e-01,4.891635769745176221e-01,0.000000000000000000e+00,0.000000000000000000e+00,0.000000000000000000e+00,0.000000000000000000e+00,4.327683387986979158e-01
4.168367077097684947e-01,0.000000000000000000e+00,0.000000000000000000e+00,0.000000000000000000e+00,4.201260950557205165e-01,3.979202105319135097e-01,4.616678516864465842e-01,5.211302691772135010e-01,4.438171708725929809e-01,0.000000000000000000e+00,0.000000000000000000e+00,0.000000000000000000e+00,4.256967059655670238e-01,0.000000000000000000e+00,4.166789828551866748e-01,4.147840384969483929e-01,3.861814881020073087e-01,4.073672611455552151e-01,0.000000000000000000e+00,4.188463039909867125e-01,4.005041608046088220e-01,4.116766532631360165e-01,4.341444302110072928e-01,0.000000000000000000e+00,3.949243229573620173e-01,4.092387806453897103e-01,4.125540087311417858e-01,4.145413777056293214e-01,4.139142719124703218e-01,0.000000000000000000e+00,3.821944420400342213e-01,4.205304939032734057e-01,3.379083413471425934e-01,3.811216323811287277e-01,4.316677296688564147e-01,0.000000000000000000e+00,0.000000000000000000e+00,0.000000000000000000e+00,4.632606908368712140e-01,4.531948328775345924e-01,4.436407900090020839e-01,4.901722689446141867e-01,0.000000000000000000e+00,0.000000000000000000e+00,0.000000000000000000e+00,4.657776825381713115e-01,4.846605081796497849e-01,0.000000000000000000e+00,0.000000000000000000e+00,0.000000000000000000e+00,4.718430719845517207e-01,0.000000000000000000e+00,0.000000000000000000e+00,0.000000000000000000e+00,0.000000000000000000e+00,0.000000000000000000e+00,0.000000000000000000e+00,0.000000000000000000e+00,0.000000000000000000e+00,4.423571007591461934e-01,4.684324680509658889e-01,0.000000000000000000e+00,4.501384016509705210e-01,0.000000000000000000e+00,5.131461779711093962e-01,5.001951885670243847e-01,4.766238640784998259e-01,5.538236467182239275e-01,0.000000000000000000e+00,4.931221552602805813e-01,5.021698726085467301e-01,5.701737406369898897e-01,0.000000000000000000e+00,4.745279764157696034e-01,0.000000000000000000e+00,4.948436348857062073e-01
0.000000000000000000e+00,0.000000000000000000e+00,0.000000000000000000e+00,4.756972576086628268e-01,3.901905959700713855e-01,4.182024284909918732e-01,4.074776734903879927e-01,4.506621603408730858e-01,3.338029038778286273e-01,4.598614048599554138e-01,3.482282045520427860e-01,3.288841880602629275e-01,4.083323406520206200e-01,4.275629780030483773e-01,0.000000000000000000e+00,0.000000000000000000e+00,0.000000000000000000e+00,0.000000000000000000e+00,2.787315672106713271e-01,0.000000000000000000e+00,0.000000000000000000e+00,0.000000000000000000e+00,3.245057211156969768e-01,0.000000000000000000e+00,0.000000000000000000e+00,0.000000000000000000e+00,3.691453882975371803e-01,4.190061768913542206e-01,0.000000000000000000e+00,0.000000000000000000e+00,4.211422752340878151e-01,4.333038855674588019e-01,0.000000000000000000e+00,4.131724965609129829e-01,4.093355385249051182e-01,4.066139828895026231e-01,4.627562932288972752e-01,0.000000000000000000e+00,4.487404275702401857e-01,0.000000000000000000e+00,3.890587305545122887e-01,0.000000000000000000e+00,5.046895443645568191e-01,0.000000000000000000e+00,0.000000000000000000e+00,0.000000000000000000e+00,0.000000000000000000e+00,4.686881880931635935e-01,0.000000000000000000e+00,3.924949089703473892e-01,5.340485667581360563e-01,3.373535730215915240e-01,4.941471745586205055e-01,5.389041806554949465e-01,0.000000000000000000e+00,3.359959146164500088e-01,0.000000000000000000e+00,4.621146757195330745e-01,4.891250918575832940e-01,0.000000000000000000e+00,0.000000000000000000e+00,0.000000000000000000e+00,0.000000000000000000e+00,2.191093872625718975e-01,0.000000000000000000e+00,0.000000000000000000e+00,0.000000000000000000e+00,5.566714197893029015e-01,0.000000000000000000e+00,0.000000000000000000e+00,0.000000000000000000e+00,5.809079624581477974e-01,3.320191354192065791e-01,0.000000000000000000e+00,0.000000000000000000e+00,0.000000000000000000e+00
0.000000000000000000e+00,0.000000000000000000e+00,4.756972576086628268e-01,0.000000000000000000e+00,2.335280477406181110e-01,0.000000000000000000e+00,2.872888500635376041e-01,3.945237683483397984e-01,3.781757161416591240e-01,2.465375940699157109e-01,3.632201220154039900e-01,3.183529189971409101e-01,3.162322063971830244e-01,2.735377758589154218e-01,0.000000000000000000e+00,0.000000000000000000e+00,0.000000000000000000e+00,0.000000000000000000e+00,4.911405176264109773e-01,1.156338756264936041e-01,0.000000000000000000e+00,0.000000000000000000e+00,4.299626844159092909e-01,0.000000000000000000e+00,0.000000000000000000e+00,0.000000000000000000e+00,0.000000000000000000e+00,2.782398444534944226e-01,0.000000000000000000e+00,0.000000000000000000e+00,0.000000000000000000e+00,3.005317407944212982e-01,0.000000000000000000e+00,2.598060270886641265e-01,2.612803323395688215e-01,2.168093914791245080e-01,1.640291717842619901e-01,2.975537355479139223e-01,0.000000000000000000e+00,0.000000000000000000e+00,0.000000000000000000e+00,0.000000000000000000e+00,0.000000000000000000e+00,0.000000000000000000e+00,0.000000000000000000e+00,0.000000000000000000e+00,0.000000000000000000e+00,0.000000000000000000e+00,0.000000000000000000e+00,0.000000000000000000e+00,0.000000000000000000e+00,0.000000000000000000e+00,0.000000000000000000e+00,0.000000000000000000e+00,0.000000000000000000e+00,0.000000000000000000e+00,0.000000000000000000e+00,0.000000000000000000e+00,0.000000000000000000e+00,0.000000000000000000e+00,0.000000000000000000e+00,0.000000000000000000e+00,0.000000000000000000e+00,0.000000000000000000e+00,0.000000000000000000e+00,0.000000000000000000e+00,0.000000000000000000e+00,0.000000000000000000e+00,0.000000000000000000e+00,0.000000000000000000e+00,0.000000000000000000e+00,0.000000000000000000e+00,0.000000000000000000e+00,0.000000000000000000e+00,0.000000000000000000e+00,0.000000000000000000e+00
0.000000000000000000e+00,4.201260950557205165e-01,3.901905959700713855e-01,2.335280477406181110e-01,0.000000000000000000e+00,3.997541659477640841e-01,3.339531731358414968e-01,3.871108174697550086e-01,3.504714476883696861e-01,4.261469677184108185e-01,3.391051152609466102e-01,4.195323308234805149e-01,3.682032380978754738e-01,2.695260478485764222e-01,0.000000000000000000e+00,4.961388001984218254e-01,0.000000000000000000e+00,0.000000000000000000e+00,3.838770675726335124e-01,4.520354485959390267e-01,0.000000000000000000e+00,4.377163793410984161e-01,3.904711491284312830e-01,0.000000000000000000e+00,4.662965570902933843e-01,4.099992150915677258e-01,4.154695327915651770e-01,3.668282175208020246e-01,4.459175296937236133e-01,0.000000000000000000e+00,4.183942894086299935e-01,3.734422251829612183e-01,0.000000000000000000e+00,4.158075005730043072e-01,4.408595284753648036e-01,1.966030243419203960e-01,1.827732141723709958e-01,4.353508502675377256e-01,4.338933610214372183e-01,0.000000000000000000e+00,0.000000000000000000e+00,0.000000000000000000e+00,5.162162927771096754e-01,0.000000000000000000e+00,0.000000000000000000e+00,0.000000000000000000e+00,0.000000000000000000e+00,5.669296050303328505e-01,0.000000000000000000e+00,0.000000000000000000e+00,4.531558006029660080e-01,0.000000000000000000e+00,0.000000000000000000e+00,0.000000000000000000e+00,0.000000000000000000e+00,0.000000000000000000e+00,0.000000000000000000e+00,0.000000000000000000e+00,0.000000000000000000e+00,0.000000000000000000e+00,0.000000000000000000e+00,0.000000000000000000e+00,0.000000000000000000e+00,0.000000000000000000e+00,0.000000000000000000e+00,0.000000000000000000e+00,0.000000000000000000e+00,5.320786478025562038e-01,0.000000000000000000e+00,0.000000000000000000e+00,0.000000000000000000e+00,5.878396250627951902e-01,0.000000000000000000e+00,0.000000000000000000e+00,0.000000000000000000e+00,0.000000000000000000e+00
3.230272475870186177e-01,3.979202105319135097e-01,4.182024284909918732e-01,0.000000000000000000e+00,3.997541659477640841e-01,0.000000000000000000e+00,4.158205158128830958e-01,3.900636104092283785e-01,3.575549675811520167e-01,4.367619476669695744e-01,3.958666604893540941e-01,4.145115047296213939e-01,3.860631575618778122e-01,4.144975216924685069e-01,4.090822941551117142e-01,4.044631698392803232e-01,3.053979934113025263e-01,3.889062813528246232e-01,4.157607199289822808e-01,3.992518776576788886e-01,3.670972726270789188e-01,4.137720297722458085e-01,4.072912868315767820e-01,0.000000000000000000e+00,3.829208001985880960e-01,3.987091883860868213e-01,4.006477632877010198e-01,3.756632870530712265e-01,3.447948261735918063e-01,4.015476563449820180e-01,4.047122937058094116e-01,4.245792966251464851e-01,3.416671004552012114e-01,4.176070861051616179e-01,4.506520372718718082e-01,4.556556538342210194e-01,4.419636817122121197e-01,3.867337264072092107e-01,4.829881974082554930e-01,0.000000000000000000e+00,4.938152381155522797e-01,4.932863352010031233e-01,4.874499603817932791e-01,0.000000000000000000e+00,0.000000000000000000e+00,0.000000000000000000e+00,3.500056849272739079e-01,5.490486472363332870e-01,0.000000000000000000e+00,4.464418160261244273e-01,4.831094569444687736e-01,4.735810162848371196e-01,4.924463621036795913e-01,5.271465329187021709e-01,0.000000000000000000e+00,4.587395823047794030e-01,0.000000000000000000e+00,4.581393878257851160e-01,0.000000000000000000e+00,4.996666165742533749e-01,0.000000000000000000e+00,0.000000000000000000e+00,0.000000000000000000e+00,5.679639176365776088e-01,5.205531232282520904e-01,3.979106207074700752e-01,4.308540187293353196e-01,5.088752476204299047e-01,0.000000000000000000e+00,0.000000000000000000e+00,4.344227131583657253e-01,4.982960582803653837e-01,4.700762006944079197e-01,4.526846553606612145e-01,4.550858406805577960e-01,5.028914425946734434e-01
0.000000000000000000e+00,4.616678516864465842e-01,4.074776734903879927e-01,2.872888500635376041e-01,3.339531731358414968e-01,4.158205158128830958e-01,0.000000000000000000e+00,4.197942473005176200e-01,3.757151127200407115e-01,4.560611716413396910e-01,4.148103137221765269e-01,4.170034458749365958e-01,3.498592202139964025e-01,4.119094514083884162e-01,0.000000000000000000e+00,4.271577813611757146e-01,4.812158820463530162e-01,4.065688212581569094e-01,4.136736824046621797e-01,4.220585742773492188e-01,0.000000000000000000e+00,4.390439749036991191e-01,4.046958427789100199e-01,0.000000000000000000e+00,4.134308111104860739e-01,4.749774371973767839e-01,4.172707002810274179e-01,3.721636310550198723e-01,4.134137082115975081e-01,0.000000000000000000e+00,4.108717909688939240e-01,3.994673285723798761e-01,5.012125441319869035e-01,4.055195551795626185e-01,4.180534195764217253e-01,2.989712111519458038e-01,2.733325809672494944e-01,3.933081293706046089e-01,4.634824417995166979e-01,0.000000000000000000e+00,0.000000000000000000e+00,0.000000000000000000e+00,4.350357946483452976e-01,0.000000000000000000e+00,0.000000000000000000e+00,0.000000000000000000e+00,0.000000000000000000e+00,5.016706170809526188e-01,0.000000000000000000e+00,0.000000000000000000e+00,4.599429601146701740e-01,0.000000000000000000e+00,0.000000000000000000e+00,4.938917486277494828e-01,0.000000000000000000e+00,4.209562354710386090e-01,0.000000000000000000e+00,0.000000000000000000e+00,0.000000000000000000e+00,0.000000000000000000e+00,0.000000000000000000e+00,0.000000000000000000e+00,0.000000000000000000e+00,4.265543700044335251e-01,0.000000000000000000e+00,0.000000000000000000e+00,0.000000000000000000e+00,4.974169924408715082e-01,0.000000000000000000e+00,0.000000000000000000e+00,0.000000000000000000e+00,5.358555145760597327e-01,0.000000000000000000e+00,0.000000000000000000e+00,0.000000000000000000e+00,0.000000000000000000e+00
5.556373082039712807e-01,5.211302691772135010e-01,4.506621603408730858e-01,3.945237683483397984e-01,3.871108174697550086e-01,3.900636104092283785e-01,4.197942473005176200e-01,0.000000000000000000e+00,4.626832724652015227e-01,4.907643258715729262e-01,3.525244777898238202e-01,5.250434004874391380e-01,4.126172336045105249e-01,3.866179839824360198e-01,0.000000000000000000e+00,4.975843657489921190e-01,0.000000000000000000e+00,5.401243155825635744e-01,4.136917693798313755e-01,3.490440921374933780e-01,4.271962245453448936e-01,0.000000000000000000e+00,3.793867120023999839e-01,5.646455505695943122e-01,5.136279948714056465e-01,5.305768001960222691e-01,4.384592348123770855e-01,4.143680739150898962e-01,3.832759913309731203e-01,4.276435996489069136e-01,4.311034782567849111e-01,3.833428558460362789e-01,5.255827515230959701e-01,4.453521981289587095e-01,4.363521014552189103e-01,2.557560092369967064e-01,4.206246023625457853e-01,0.000000000000000000e+00,4.658277062999239826e-01,0.000000000000000000e+00,5.328411432987852914e-01,0.000000000000000000e+00,4.328768390478714978e-01,0.000000000000000000e+00,0.000000000000000000e+00,0.000000000000000000e+00,0.000000000000000000e+00,5.932194713172874723e-01,0.000000000000000000e+00,0.000000000000000000e+00,4.701155978985331885e-01,0.000000000000000000e+00,4.424756363666987879e-01,5.712581059031940356e-01,0.000000000000000000e+00,5.065693004756310902e-01,0.000000000000000000e+00,4.750096422182003009e-01,4.845080676018199139e-01,4.074601067328996740e-01,0.000000000000000000e+00,0.000000000000000000e+00,0.000000000000000000e+00,5.415975036730058534e-01,4.146328072682868848e-01,3.267671273473565230e-01,0.000000000000000000e+00,5.253244107520629314e-01,0.000000000000000000e+00,0.000000000000000000e+00,0.000000000000000000e+00,5.641058629497842647e-01,4.712762120504920271e-01,4.974783833819165779e-01,0.000000000000000000e+00,4.840328896773503087e-01
0.000000000000000000e+00,4.438171708725929809e-01,3.338029038778286273e-01,3.781757161416591240e-01,3.504714476883696861e-01,3.575549675811520167e-01,3.757151127200407115e-01,4.626832724652015227e-01,0.000000000000000000e+00,4.292600502454009814e-01,3.222607922442288220e-01,4.443603893028226781e-01,3.504904541987193256e-01,4.508114017851270749e-01,0.000000000000000000e+00,4.027587051667327889e-01,0.000000000000000000e+00,3.450091443966125104e-01,3.069476209751839102e-01,4.143481172134564905e-01,0.000000000000000000e+00,4.200613987316422770e-01,4.085703106172474119e-01,3.685369496804137834e-01,4.441539593776183126e-01,3.688422746717596179e-01,4.075617339591062205e-01,4.134419607944337938e-01,3.573557871512951234e-01,4.470587604149464100e-01,4.229810989473530847e-01,4.156761648451778868e-01,4.289774789250097031e-01,4.182285006020026175e-01,4.111566988977762849e-01,4.113135282645052904e-01,4.007258753237494253e-01,4.131051130882307243e-01,5.846390582005602798e-01,0.000000000000000000e+00,0.000000000000000000e+00,0.000000000000000000e+00,5.477797477807833104e-01,0.000000000000000000e+00,0.000000000000000000e+00,0.000000000000000000e+00,0.000000000000000000e+00,6.066437324714000212e-01,0.000000000000000000e+00,4.804655635670460057e-01,5.509183551836402959e-01,4.886391584969342894e-01,5.290218156561833363e-01,5.507849005135841969e-01,0.000000000000000000e+00,5.386529458850983776e-01,0.000000000000000000e+00,5.026827369680009205e-01,5.946074244262501418e-01,0.000000000000000000e+00,0.000000000000000000e+00,0.000000000000000000e+00,0.000000000000000000e+00,5.893599792714587782e-01,0.000000000000000000e+00,0.000000000000000000e+00,0.000000000000000000e+00,5.674444447799809055e-01,0.000000000000000000e+00,0.000000000000000000e+00,0.000000000000000000e+00,5.784682665746514463e-01,3.534542880231897888e-01,0.000000000000000000e+00,0.000000000000000000e+00,0.000000000000000000e+00
3.833424218307053266e-01,0.000000000000000000e+00,4.598614048599554138e-01,2.465375940699157109e-01,4.261469677184108185e-01,4.367619476669695744e-01,4.560611716413396910e-01,4.907643258715729262e-01,4.292600502454009814e-01,0.000000000000000000e+00,4.409753862941626079e-01,2.947237151203159766e-01,4.252495660083870921e-01,0.000000000000000000e+00,0.000000000000000000e+00,3.439661039036562840e-01,3.270972154765032225e-01,3.604577896769680101e-01,5.144772356568527716e-01,3.089455086356627800e-01,0.000000000000000000e+00,3.461704802190658237e-01,5.544601068087666729e-01,3.495350169098245807e-01,3.350905366181036182e-01,3.682371878026766132e-01,4.934913850718039008e-01,4.197144810563352979e-01,3.430173820460872269e-01,0.000000000000000000e+00,3.459998042032969012e-01,3.703884022512047847e-01,3.401161982102989256e-01,3.306976872782854127e-01,3.243593559309027041e-01,3.009727446247906779e-01,2.875619462158998108e-01,2.732340166274129234e-01,3.883918830875345840e-01,3.963241087674908014e-01,3.736648614957978065e-01,0.000000000000000000e+00,0.000000000000000000e+00,0.000000000000000000e+00,4.032527450505571931e-01,4.932011140906519819e-01,0.000000000000000000e+00,0.000000000000000000e+00,0.000000000000000000e+00,0.000000000000000000e+00,0.000000000000000000e+00,0.000000000000000000e+00,0.000000000000000000e+00,0.000000000000000000e+00,4.679083673218545902e-01,0.000000000000000000e+00,4.842022643481158073e-01,0.000000000000000000e+00,0.000000000000000000e+00,0.000000000000000000e+00,0.000000000000000000e+00,4.656350862445617911e-01,4.486787861138040179e-01,0.000000000000000000e+00,0.000000000000000000e+00,0.000000000000000000e+00,0.000000000000000000e+00,0.000000000000000000e+00,4.633466007280908072e-01,4.569857816215676105e-01,4.810028699136529862e-01,0.000000000000000000e+00,5.038356493242723833e-01,0.000000000000000000e+00,0.000000000000000000e+00,4.310156055505043882e-01
0.000000000000000000e+00,0.000000000000000000e+00,3.482282045520427860e-01,3.632201220154039900e-01,3.391051152609466102e-01,3.958666604893540941e-01,4.148103137221765269e-01,3.525244777898238202e-01,3.222607922442288220e-01,4.409753862941626079e-01,0.000000000000000000e+00,4.454039341277621911e-01,4.173012506214022199e-01,3.020462900951865204e-01,0.000000000000000000e+00,0.000000000000000000e+00,4.159530809575258115e-01,0.000000000000000000e+00,2.737700868921271180e-01,0.000000000000000000e+00,0.000000000000000000e+00,0.000000000000000000e+00,2.819132926836023234e-01,4.234836873668043067e-01,0.000000000000000000e+00,0.000000000000000000e+00,3.932628747824156723e-01,4.185026932694094759e-01,0.000000000000000000e+00,0.000000000000000000e+00,4.333886113811855068e-01,3.808068764803563822e-01,4.481525219208439270e-01,4.287849828403191843e-01,4.033397324007622076e-01,3.241871140598414081e-01,3.888729048107669728e-01,4.496702082120830890e-01,0.000000000000000000e+00,0.000000000000000000e+00,0.000000000000000000e+00,0.000000000000000000e+00,4.736700138276134786e-01,0.000000000000000000e+00,0.000000000000000000e+00,0.000000000000000000e+00,0.000000000000000000e+00,4.513569216880666257e-01,0.000000000000000000e+00,4.805144779775646913e-01,4.508043373161801926e-01,4.839772529916825938e-01,5.170369396134993911e-01,4.518850298542583244e-01,0.000000000000000000e+00,2.567320590159555826e-01,0.000000000000000000e+00,4.925402495854093732e-01,5.055732691934514689e-01,0.000000000000000000e+00,0.000000000000000000e+00,0.000000000000000000e+00,0.000000000000000000e+00,2.209302779390298066e-01,0.000000000000000000e+00,0.000000000000000000e+00,0.000000000000000000e+00,5.137384150962801543e-01,0.000000000000000000e+00,0.000000000000000000e+00,0.000000000000000000e+00,5.967270292117282660e-01,4.235142165464000907e-01,0.000000000000000000e+00,0.000000000000000000e+00,0.000000000000000000e+00
4.097795432785207859e-01,0.000000000000000000e+00,3.288841880602629275e-01,3.183529189971409101e-01,4.195323308234805149e-01,4.145115047296213939e-01,4.170034458749365958e-01,5.250434004874391380e-01,4.443603893028226781e-01,2.947237151203159766e-01,4.454039341277621911e-01,0.000000000000000000e+00,4.287689716941441853e-01,0.000000000000000000e+00,0.000000000000000000e+00,0.000000000000000000e+00,3.511729132755453953e-01,3.015986874016164943e-01,3.636603026433024022e-01,0.000000000000000000e+00,4.697548909068409162e-01,0.000000000000000000e+00,5.602222222226369563e-01,2.902185211316523072e-01,3.669819900271357738e-01,3.067066045928000251e-01,4.341676123126658737e-01,3.825294341673773912e-01,0.000000000000000000e+00,0.000000000000000000e+00,3.547258929322095744e-01,2.682350710363349267e-01,2.895335498123984830e-01,2.397320779394087886e-01,2.835947065580748938e-01,3.403017762212464103e-01,3.569114595613375740e-01,2.068304439719393928e-01,3.447355589445599833e-01,3.778424636723711205e-01,3.636838636683482062e-01,3.854557464693412205e-01,0.000000000000000000e+00,0.000000000000000000e+00,3.950474819904479240e-01,0.000000000000000000e+00,0.000000000000000000e+00,0.000000000000000000e+00,0.000000000000000000e+00,0.000000000000000000e+00,0.000000000000000000e+00,0.000000000000000000e+00,0.000000000000000000e+00,0.000000000000000000e+00,4.631013102601507780e-01,0.000000000000000000e+00,4.848854675678441195e-01,0.000000000000000000e+00,0.000000000000000000e+00,0.000000000000000000e+00,0.000000000000000000e+00,4.984585035663430252e-01,4.605791850797015252e-01,0.000000000000000000e+00,0.000000000000000000e+00,0.000000000000000000e+00,0.000000000000000000e+00,0.000000000000000000e+00,4.347186201594325228e-01,4.600379643941142072e-01,4.789707645427975780e-01,0.000000000000000000e+00,0.000000000000000000e+00,0.000000000000000000e+00,0.000000000000000000e+00,4.440721106640447835e-01
2.912426100811689178e-01,4.256967059655670238e-01,4.083323406520206200e-01,3.162322063971830244e-01,3.682032380978754738e-01,3.860631575618778122e-01,3.498592202139964025e-01,4.126172336045105249e-01,3.504904541987193256e-01,4.252495660083870921e-01,4.173012506214022199e-01,4.287689716941441853e-01,0.000000000000000000e+00,4.513932820989601802e-01,4.178762512881462055e-01,4.405768906908406057e-01,4.739193364956991172e-01,4.496625878787888220e-01,4.168425975661280147e-01,4.170955727679371838e-01,3.819650097649762155e-01,4.388538089168764200e-01,4.111358059119313846e-01,4.229181479323195214e-01,4.229921220719977115e-01,4.261176166794719000e-01,4.175865550496732914e-01,3.371719913144459735e-01,3.931165168752889794e-01,3.651838625337315847e-01,4.042270740247241867e-01,4.010830791216978275e-01,4.272445389472622757e-01,4.083313396395943928e-01,4.021626445851849141e-01,3.432505285709775977e-01,3.152083825035705833e-01,3.912353452833756129e-01,3.979896685975408133e-01,0.000000000000000000e+00,4.303541794376262164e-01,0.000000000000000000e+00,3.871136813422528244e-01,0.000000000000000000e+00,0.000000000000000000e+00,0.000000000000000000e+00,0.000000000000000000e+00,5.712797064770258615e-01,0.000000000000000000e+00,0.000000000000000000e+00,4.490019212747918820e-01,3.434877264208283099e-01,4.529680728945730817e-01,0.000000000000000000e+00,0.000000000000000000e+00,4.113681528511902163e-01,0.000000000000000000e+00,0.000000000000000000e+00,0.000000000000000000e+00,3.455628946204141183e-01,0.000000000000000000e+00,0.000000000000000000e+00,0.000000000000000000e+00,0.000000000000000000e+00,4.556699490978683986e-01,0.000000000000000000e+00,3.294531218759841895e-01,4.997333908384989920e-01,0.000000000000000000e+00,3.969531480719740157e-01,3.749238554362864795e-01,5.165807186089097502e-01,0.000000000000000000e+00,4.968110297955420918e-01,0.000000000000000000e+00,0.000000000000000000e+00
0.000000000000000000e+00,0.000000000000000000e+00,4.275629780030483773e-01,2.735377758589154218e-01,2.695260478485764222e-01,4.144975216924685069e-01,4.119094514083884162e-01,3.866179839824360198e-01,4.508114017851270749e-01,0.000000000000000000e+00,3.020462900951865204e-01,0.000000000000000000e+00,4.513932820989601802e-01,0.000000000000000000e+00,0.000000000000000000e+00,0.000000000000000000e+00,0.000000000000000000e+00,0.000000000000000000e+00,4.027443642335136742e-01,0.000000000000000000e+00,4.326340035575619858e-01,0.000000000000000000e+00,3.915222763508897086e-01,0.000000000000000000e+00,0.000000000000000000e+00,0.000000000000000000e+00,4.478434130815127090e-01,3.976775439035217796e-01,0.000000000000000000e+00,0.000000000000000000e+00,0.000000000000000000e+00,3.733937747299082011e-01,0.000000000000000000e+00,4.359277883550312094e-01,0.000000000000000000e+00,2.163092308727508906e-01,1.644751895289361943e-01,0.000000000000000000e+00,1.108996363044371936e-01,0.000000000000000000e+00,0.000000000000000000e+00,0.000000000000000000e+00,0.000000000000000000e+00,0.000000000000000000e+00,0.000000000000000000e+00,0.000000000000000000e+00,0.000000000000000000e+00,5.633129133540295541e-01,0.000000000000000000e+00,0.000000000000000000e+00,0.000000000000000000e+00,0.000000000000000000e+00,0.000000000000000000e+00,5.445459825141062415e-01,0.000000000000000000e+00,4.868787259708726167e-01,0.000000000000000000e+00,0.000000000000000000e+00,0.000000000000000000e+00,0.000000000000000000e+00,0.000000000000000000e+00,0.000000000000000000e+00,0.000000000000000000e+00,0.000000000000000000e+00,0.000000000000000000e+00,0.000000000000000000e+00,0.000000000000000000e+00,5.967167649185108891e-01,0.000000000000000000e+00,0.000000000000000000e+00,0.000000000000000000e+00,5.409218645695680339e-01,0.000000000000000000e+00,0.000000000000000000e+00,0.000000000000000000e+00,0.000000000000000000e+00
3.865065693031186078e-01,4.166789828551866748e-01,0.000000000000000000e+00,0.000000000000000000e+00,0.000000000000000000e+00,4.090822941551117142e-01,0.000000000000000000e+00,0.000000000000000000e+00,0.000000000000000000e+00,0.000000000000000000e+00,0.000000000000000000e+00,0.000000000000000000e+00,4.178762512881462055e-01,0.000000000000000000e+00,0.000000000000000000e+00,4.346715517503572102e-01,0.000000000000000000e+00,4.133367383342930745e-01,0.000000000000000000e+00,3.448920708677865044e-01,3.954913224495156809e-01,3.823455773210232000e-01,3.566984348561326734e-01,4.327144929800055828e-01,3.996040345088197054e-01,4.298622454583861940e-01,4.095242826266526914e-01,4.094064246485142888e-01,3.940102803204049153e-01,0.000000000000000000e+00,4.155241305520120942e-01,4.507270774718317163e-01,3.848467027373524973e-01,4.173501261566381904e-01,4.746662311780687205e-01,1.282991690224503933e-01,0.000000000000000000e+00,0.000000000000000000e+00,4.993608397426156920e-01,4.726994558653719869e-01,4.751064568696287127e-01,4.903518661433665105e-01,6.102409342740107157e-01,0.000000000000000000e+00,0.000000000000000000e+00,0.000000000000000000e+00,4.932279512546416944e-01,0.000000000000000000e+00,0.000000000000000000e+00,0.000000000000000000e+00,5.083740573607510305e-01,0.000000000000000000e+00,0.000000000000000000e+00,0.000000000000000000e+00,0.000000000000000000e+00,0.000000000000000000e+00,0.000000000000000000e+00,3.887070430033702229e-01,0.000000000000000000e+00,4.895356709768021175e-01,4.220448552942345777e-01,0.000000000000000000e+00,0.000000000000000000e+00,0.000000000000000000e+00,4.871623587961919077e-01,5.009755464912745149e-01,5.156190099111127578e-01,5.060134333302204190e-01,0.000000000000000000e+00,4.053586696493464148e-01,5.493677473914744258e-01,5.028574993259042891e-01,0.000000000000000000e+00,4.905156185808787206e-01,0.000000000000000000e+00,5.378312305463006648e-01
4.046731020045540861e-01,4.147840384969483929e-01,0.000000000000000000e+00,0.000000000000000000e+00,4.961388001984218254e-01,4.044631698392803232e-01,4.271577813611757146e-01,4.975843657489921190e-01,4.027587051667327889e-01,3.439661039036562840e-01,0.000000000000000000e+00,0.000000000000000000e+00,4.405768906908406057e-01,0.000000000000000000e+00,4.346715517503572102e-01,0.000000000000000000e+00,3.432738372882576106e-01,3.368729481197825226e-01,0.000000000000000000e+00,4.310693748467752107e-01,4.198310455128329011e-01,4.081071170642482926e-01,4.336876767141533140e-01,3.086775114427773858e-01,4.026280854305416823e-01,4.198481637443590153e-01,4.246315611270817802e-01,4.169898879020745852e-01,4.392937985211339269e-01,4.170798445714845037e-01,3.707987573618163890e-01,4.302782960868590800e-01,3.853288650465211962e-01,3.911531618512525954e-01,4.240612890354206743e-01,0.000000000000000000e+00,0.000000000000000000e+00,0.000000000000000000e+00,4.508457081914444275e-01,4.286476918851436779e-01,4.357283149312659032e-01,4.565776476426162134e-01,0.000000000000000000e+00,0.000000000000000000e+00,0.000000000000000000e+00,4.469857285083889131e-01,4.639795563771502152e-01,0.000000000000000000e+00,0.000000000000000000e+00,0.000000000000000000e+00,0.000000000000000000e+00,0.000000000000000000e+00,0.000000000000000000e+00,0.000000000000000000e+00,0.000000000000000000e+00,0.000000000000000000e+00,0.000000000000000000e+00,0.000000000000000000e+00,0.000000000000000000e+00,4.602692294839844100e-01,4.607679970801735192e-01,0.000000000000000000e+00,4.242901001088933977e-01,0.000000000000000000e+00,5.280424999010113751e-01,4.977007047328603218e-01,4.596132505875539787e-01,4.290310328653088034e-01,0.000000000000000000e+00,4.455396523123830166e-01,4.760254580074597119e-01,5.219013019368606843e-01,0.000000000000000000e+00,4.557247348546860088e-01,0.000000000000000000e+00,4.141691532879381854e-01
3.452144765924156089e-01,3.861814881020073087e-01,0.000000000000000000e+00,0.000000000000000000e+00,0.000000000000000000e+00,3.053979934113025263e-01,4.812158820463530162e-01,0.000000000000000000e+00,0.000000000000000000e+00,3.270972154765032225e-01,4.159530809575258115e-01,3.511729132755453953e-01,4.739193364956991172e-01,0.000000000000000000e+00,0.000000000000000000e+00,3.432738372882576106e-01,0.000000000000000000e+00,3.058191820985577958e-01,0.000000000000000000e+00,4.208628874500399131e-01,0.000000000000000000e+00,4.016857276243965824e-01,0.000000000000000000e+00,3.625748697336402260e-01,3.460657967886531794e-01,3.745444464842888066e-01,0.000000000000000000e+00,4.646502260956952846e-01,3.690747705490973196e-01,0.000000000000000000e+00,3.447126622399097062e-01,4.233500619097672057e-01,3.513710906121180755e-01,3.718603377282386768e-01,3.958790755911956172e-01,0.000000000000000000e+00,0.000000000000000000e+00,3.817369562927849236e-01,0.000000000000000000e+00,3.942203900155913932e-01,0.000000000000000000e+00,0.000000000000000000e+00,0.000000000000000000e+00,0.000000000000000000e+00,0.000000000000000000e+00,0.000000000000000000e+00,0.000000000000000000e+00,0.000000000000000000e+00,0.000000000000000000e+00,0.000000000000000000e+00,0.000000000000000000e+00,0.000000000000000000e+00,0.000000000000000000e+00,0.000000000000000000e+00,4.612670859067817264e-01,0.000000000000000000e+00,4.760884075440924845e-01,0.000000000000000000e+00,0.000000000000000000e+00,0.000000000000000000e+00,0.000000000000000000e+00,5.015229776754982494e-01,4.319185553101592134e-01,0.000000000000000000e+00,0.000000000000000000e+00,0.000000000000000000e+00,0.000000000000000000e+00,0.000000000000000000e+00,3.898361051757098794e-01,4.439019401746266968e-01,4.657044965692022087e-01,0.000000000000000000e+00,0.000000000000000000e+00,0.000000000000000000e+00,0.000000000000000000e+00,0.000000000000000000e+00
3.997042070382315071e-01,4.073672611455552151e-01,0.000000000000000000e+00,0.000000000000000000e+00,0.000000000000000000e+00,3.889062813528246232e-01,4.065688212581569094e-01,5.401243155825635744e-01,3.450091443966125104e-01,3.604577896769680101e-01,0.000000000000000000e+00,3.015986874016164943e-01,4.496625878787888220e-01,0.000000000000000000e+00,4.133367383342930745e-01,3.368729481197825226e-01,3.058191820985577958e-01,0.000000000000000000e+00,0.000000000000000000e+00,4.198477738062850739e-01,4.454039754783172267e-01,4.131859953066969737e-01,4.711221589195289106e-01,3.577475038399038909e-01,3.668791929378866778e-01,3.881885168344461068e-01,4.105616625001096143e-01,4.094409980814133765e-01,4.248397574104486041e-01,0.000000000000000000e+00,3.709676381830873115e-01,4.253713586205645769e-01,3.551974222753557786e-01,3.870856077297994968e-01,4.009679766945640766e-01,0.000000000000000000e+00,0.000000000000000000e+00,0.000000000000000000e+00,4.398317114363468061e-01,4.065018366879251110e-01,4.236899929828618072e-01,4.331065606441422133e-01,0.000000000000000000e+00,0.000000000000000000e+00,0.000000000000000000e+00,4.414411076733515960e-01,4.542169935565996131e-01,0.000000000000000000e+00,0.000000000000000000e+00,0.000000000000000000e+00,0.000000000000000000e+00,0.000000000000000000e+00,0.000000000000000000e+00,0.000000000000000000e+00,4.160046459010853237e-01,0.000000000000000000e+00,4.134037663613764901e-01,0.000000000000000000e+00,0.000000000000000000e+00,0.000000000000000000e+00,4.390524994259825120e-01,3.986351387362108145e-01,4.174563541958573043e-01,0.000000000000000000e+00,0.000000000000000000e+00,0.000000000000000000e+00,4.253029600364535145e-01,0.000000000000000000e+00,3.913631804720685836e-01,4.251448203461596909e-01,4.506658400127849240e-01,0.000000000000000000e+00,0.000000000000000000e+00,0.000000000000000000e+00,0.000000000000000000e+00,4.182305405782186236e-01
0.000000000000000000e+00,0.000000000000000000e+00,2.787315672106713271e-01,4.911405176264109773e-01,3.838770675726335124e-01,4.157607199289822808e-01,4.136736824046621797e-01,4.136917693798313755e-01,3.069476209751839102e-01,5.144772356568527716e-01,2.737700868921271180e-01,3.636603026433024022e-01,4.168425975661280147e-01,4.027443642335136742e-01,0.000000000000000000e+00,0.000000000000000000e+00,0.000000000000000000e+00,0.000000000000000000e+00,0.000000000000000000e+00,0.000000000000000000e+00,0.000000000000000000e+00,0.000000000000000000e+00,2.890187059609412024e-01,0.000000000000000000e+00,0.000000000000000000e+00,0.000000000000000000e+00,3.743455819137531115e-01,4.237557787913975860e-01,0.000000000000000000e+00,0.000000000000000000e+00,4.119607230487284943e-01,4.064315787775413802e-01,0.000000000000000000e+00,3.990017204594185074e-01,4.441556503511328025e-01,3.865450827186031058e-01,4.076870177341059831e-01,4.282692870243849925e-01,1.115764048384739054e-01,0.000000000000000000e+00,0.000000000000000000e+00,0.000000000000000000e+00,5.630044487162606526e-01,0.000000000000000000e+00,0.000000000000000000e+00,0.000000000000000000e+00,0.000000000000000000e+00,5.822580381670451333e-01,0.000000000000000000e+00,5.159165653484263370e-01,5.592494934858678324e-01,0.000000000000000000e+00,5.731848486111218444e-01,5.900935056652764077e-01,0.000000000000000000e+00,2.426566342366779094e-01,0.000000000000000000e+00,4.573677958531945920e-01,5.382989747462294527e-01,0.000000000000000000e+00,0.000000000000000000e+00,0.000000000000000000e+00,0.000000000000000000e+00,5.106696137273509795e-01,0.000000000000000000e+00,0.000000000000000000e+00,0.000000000000000000e+00,5.654153870694011985e-01,0.000000000000000000e+00,0.000000000000000000e+00,0.000000000000000000e+00,5.953780171869378357e-01,0.000000000000000000e+00,0.000000000000000000e+00,0.000000000000000000e+00,0.000000000000000000e+00
4.491966915334293931e-01,4.188463039909867125e-01,0.000000000000000000e+00,1.156338756264936041e-01,4.520354485959390267e-01,3.992518776576788886e-01,4.220585742773492188e-01,3.490440921374933780e-01,4.143481172134564905e-01,3.089455086356627800e-01,0.000000000000000000e+00,0.000000000000000000e+00,4.170955727679371838e-01,0.000000000000000000e+00,3.448920708677865044e-01,4.310693748467752107e-01,4.208628874500399131e-01,4.198477738062850739e-01,0.000000000000000000e+00,0.000000000000000000e+00,4.189839384697338076e-01,3.868439227175148876e-01,2.548792787391260806e-01,0.000000000000000000e+00,4.136524594900535257e-01,4.329011076198756025e-01,3.494765619300301274e-01,3.833566967736520836e-01,3.530748441677434846e-01,3.369928538836574061e-01,3.833366730757544194e-01,4.510670808009251131e-01,3.706408743732111932e-01,4.062092737529591768e-01,4.653974920303073914e-01,5.183211253310187061e-01,0.000000000000000000e+00,0.000000000000000000e+00,4.844256992358709213e-01,4.650973144452876795e-01,5.083093876706844538e-01,5.359425457519110259e-01,0.000000000000000000e+00,0.000000000000000000e+00,0.000000000000000000e+00,0.000000000000000000e+00,5.109459246263071686e-01,0.000000000000000000e+00,0.000000000000000000e+00,0.000000000000000000e+00,5.010036733057925407e-01,0.000000000000000000e+00,1.063313789773241980e-01,0.000000000000000000e+00,0.000000000000000000e+00,0.000000000000000000e+00,0.000000000000000000e+00,3.725699627733515262e-01,0.000000000000000000e+00,5.189801004149399155e-01,3.586024753606170123e-01,0.000000000000000000e+00,0.000000000000000000e+00,0.000000000000000000e+00,5.001846538627561234e-01,4.904156947109558073e-01,4.797448850848096136e-01,5.055104387519328002e-01,0.000000000000000000e+00,3.255281668026471786e-01,5.219662286564366038e-01,5.158241752631280708e-01,4.724935411567386945e-01,4.625441936793520115e-01,0.000000000000000000e+00,5.405629565692982030e-01
4.279466278560897230e-01,4.005041608046088220e-01,0.000000000000000000e+00,0.000000000000000000e+00,0.000000000000000000e+00,3.670972726270789188e-01,0.000000000000000000e+00,4.271962245453448936e-01,0.000000000000000000e+00,0.000000000000000000e+00,0.000000000000000000e+00,4.697548909068409162e-01,3.819650097649762155e-01,4.326340035575619858e-01,3.954913224495156809e-01,4.198310455128329011e-01,0.000000000000000000e+00,4.454039754783172267e-01,0.000000000000000000e+00,4.189839384697338076e-01,0.000000000000000000e+00,4.320982946884566189e-01,4.030466539355905820e-01,5.190604608403711628e-01,4.578821917719215207e-01,4.445598803918404118e-01,4.261298323587108805e-01,4.360103739916861842e-01,4.114098643830008117e-01,0.000000000000000000e+00,4.190272298480687829e-01,4.513292545711006798e-01,4.012957858847979731e-01,4.108344114557310189e-01,4.534114880712469264e-01,0.000000000000000000e+00,0.000000000000000000e+00,0.000000000000000000e+00,4.900702140114466254e-01,5.146426089687630157e-01,4.774134890818746979e-01,0.000000000000000000e+00,0.000000000000000000e+00,0.000000000000000000e+00,0.000000000000000000e+00,0.000000000000000000e+00,4.959322071499536744e-01,0.000000000000000000e+00,0.000000000000000000e+00,0.000000000000000000e+00,4.444440600713370770e-01,0.000000000000000000e+00,4.500173355313836221e-01,0.000000000000000000e+00,0.000000000000000000e+00,0.000000000000000000e+00,0.000000000000000000e+00,3.839911581660415130e-01,0.000000000000000000e+00,4.869247074540489217e-01,5.145256257332020411e-01,0.000000000000000000e+00,0.000000000000000000e+00,0.000000000000000000e+00,4.711109182471057144e-01,4.216763048353370791e-01,5.027723732469592255e-01,5.120952279079682423e-01,0.000000000000000000e+00,4.698353306739067037e-01,5.327428821583324314e-01,4.891080118770596008e-01,4.627043464444822174e-01,4.613621432406004863e-01,0.000000000000000000e+00,5.263644086879563089e-01
