0.000000000000000000e+00,3.788456398000988878e-01,0.000000000000000000e+00,0.000000000000000000e+00,0.000000000000000000e+00,3.547174376595412792e-01,0.000000000000000000e+00,4.725589361957837076e-01,0.000000000000000000e+00,3.437723214300090757e-01,0.000000000000000000e+00,3.204448727513836137e-01,3.692312692927323114e-01,0.000000000000000000e+00,3.712886063648134227e-01,3.902203899864715164e-01,3.793661269052882035e-01,3.723944171976020234e-01,0.000000000000000000e+00,3.977882514860450747e-01,3.851029055934168110e-01,3.928767990562233026e-01,4.354771400323256825e-01,3.303178417258180177e-01,3.569404454909270163e-01,3.506483551860107850e-01,3.816740001038154140e-01,4.080600158762208163e-01,4.107884020653680968e-01,0.000000000000000000e+00,3.513070008256620747e-01,4.178898695358614912e-01,3.311824339424385144e-01,3.547075469457752206e-01,4.224814101254962262e-01,0.000000000000000000e+00,0.000000000000000000e+00,3.552506579601675263e-01,4.608846924506803111e-01,4.122147559145564188e-01,4.270379224969810816e-01,0.000000000000000000e+00,0.000000000000000000e+00,0.000000000000000000e+00,0.000000000000000000e+00,4.260865638052049875e-01,4.560129095112945841e-01,0.000000000000000000e+00,0.000000000000000000e+00,0.000000000000000000e+00,0.000000000000000000e+00,0.000000000000000000e+00,0.000000000000000000e+00,0.000000000000000000e+00,3.651425744236299065e-01,0.000000000000000000e+00,0.000000000000000000e+00,0.000000000000000000e+00,0.000000000000000000e+00,0.000000000000000000e+00,4.480881663051178854e-01,0.000000000000000000e+00,4.186996756249046769e-01,0.000000000000000000e+00,0.000000000000000000e+00,0.000000000000000000e+00,4.248324099307334012e-01,0.000000000000000000e+00,3.812114620997620884e-01,4.347279882857262856e-01,4.308794550248418176e-01,0.000000000000000000e+00,0.000000000000000000e+00,0.000000000000000000e+00,0.000000000000000000e+00,4.051637418522865963e-01
3.788456398000988878e-01,0.000000000000000000e+00,0.000000000000000000e+00,0.000000000000000000e+00,0.000000000000000000e+00,3.852355139858884003e-01,4.055766885548233169e-01,4.300344322609048753e-01,3.082333370383921189e-01,0.000000000000000000e+00,0.000000000000000000e+00,0.000000000000000000e+00,4.235693554413185735e-01,0.000000000000000000e+00,3.815205437428069724e-01,3.799819979508600176e-01,3.908712960128075120e-01,3.608586445830940237e-01,0.000000000000000000e+00,3.833431066207693139e-01,3.840628015214304081e-01,3.591106099347626257e-01,3.891725374793291725e-01,0.000000000000000000e+00,3.460022373371828830e-01,3.547390603856886981e-01,3.853524213359028061e-01,4.215615009766452981e-01,3.902884527847388929e-01,0.000000000000000000e+00,3.530026204625528741e-01,4.105507255775149855e-01,3.508175135836775205e-01,3.605454752309412148e-01,4.243106440811887925e-01,0.000000000000000000e+00,0.000000000000000000e+00,0.000000000000000000e+00,4.598016956868499205e-01,4.327946568591479748e-01,4.377229716772185752e-01,4.669561514372914113e-01,0.000000000000000000e+00,0.000000000000000000e+00,0.000000000000000000e+00,4.304294444474889847e-01,4.528001065506149225e-01,0.000000000000000000e+00,0.000000000000000000e+00,0.000000000000000000e+00,3.009910522907420782e-01,0.000000000000000000e+00,0.000000000000000000e+00,0.000000000000000000e+00,0.000000000000000000e+00,0.000000000000000000e+00,0.000000000000000000e+00,0.000000000000000000e+00,0.000000000000000000e+00,4.261031016279255845e-01,4.481023452206905899e-01,0.000000000000000000e+00,4.197043835607657258e-01,0.000000000000000000e+00,3.817066475303573236e-01,4.302782540464992200e-01,4.482004953517704227e-01,3.378732175116956893e-01,0.000000000000000000e+00,4.238656385961320217e-01,4.391373768510454245e-01,3.295528248112439829e-01,0.000000000000000000e+00,3.822995017631320991e-01,0.000000000000000000e+00,4.153860422077584880e-01
0.000000000000000000e+00,0.000000000000000000e+00,0.000000000000000000e+00,2.543857799137508868e-01,2.844011502063116814e-01,3.106123445145074768e-01,3.399301604103163732e-01,3.798153621129297108e-01,2.655514419759288924e-01,0.000000000000000000e+00,2.731940891062515919e-01,0.000000000000000000e+00,3.417341727982414756e-01,3.319490249383688085e-01,0.000000000000000000e+00,0.000000000000000000e+00,0.000000000000000000e+00,0.000000000000000000e+00,2.496126266330624954e-01,0.000000000000000000e+00,0.000000000000000000e+00,0.000000000000000000e+00,2.917398404615422769e-01,0.000000000000000000e+00,0.000000000000000000e+00,0.000000000000000000e+00,2.902337774142225157e-01,3.547196284595353077e-01,0.000000000000000000e+00,0.000000000000000000e+00,3.674778316169364789e-01,3.285878294155590851e-01,0.000000000000000000e+00,3.388945864270075936e-01,3.700069066686620944e-01,2.590288866212521746e-01,2.594298901899326215e-01,0.000000000000000000e+00,3.326252978556070161e-01,0.000000000000000000e+00,3.531353135268993082e-01,0.000000000000000000e+00,4.149338926943316186e-01,0.000000000000000000e+00,0.000000000000000000e+00,0.000000000000000000e+00,0.000000000000000000e+00,3.335768496740095790e-01,0.000000000000000000e+00,3.344000284869904083e-01,4.750487803556124877e-01,3.121542554996142860e-01,4.147988342282625251e-01,4.832771869400339093e-01,0.000000000000000000e+00,2.884751079573019128e-01,0.000000000000000000e+00,3.438544608051877227e-01,4.288459264403463034e-01,0.000000000000000000e+00,0.000000000000000000e+00,0.000000000000000000e+00,0.000000000000000000e+00,3.241864813418535163e-01,0.000000000000000000e+00,0.000000000000000000e+00,0.000000000000000000e+00,4.882516849806919912e-01,0.000000000000000000e+00,0.000000000000000000e+00,0.000000000000000000e+00,4.414689128121440098e-01,3.294656770383542210e-01,0.000000000000000000e+00,0.000000000000000000e+00,0.000000000000000000e+00
0.000000000000000000e+00,0.000000000000000000e+00,2.543857799137508868e-01,0.000000000000000000e+00,3.055529129622676088e-01,3.240720220481013158e-01,2.660392504581461925e-01,3.212235198320217977e-01,3.261819519837598214e-01,3.901066457515027786e-01,3.131355816779837209e-01,2.396209662357927928e-01,2.979656443622978879e-01,2.419366947948032032e-01,0.000000000000000000e+00,0.000000000000000000e+00,0.000000000000000000e+00,0.000000000000000000e+00,2.453992732656329057e-01,3.631505135973778220e-01,0.000000000000000000e+00,0.000000000000000000e+00,3.553162966363551112e-01,0.000000000000000000e+00,0.000000000000000000e+00,0.000000000000000000e+00,3.024718018144829101e-01,3.118776151913444927e-01,2.794665831274438239e-01,0.000000000000000000e+00,3.231190437915205105e-01,3.104211155417763157e-01,0.000000000000000000e+00,2.739831744679119274e-01,2.516557684680170159e-01,1.886147319150663915e-01,1.888100452898101023e-01,2.987466459533040242e-01,0.000000000000000000e+00,0.000000000000000000e+00,0.000000000000000000e+00,0.000000000000000000e+00,0.000000000000000000e+00,0.000000000000000000e+00,0.000000000000000000e+00,0.000000000000000000e+00,0.000000000000000000e+00,0.000000000000000000e+00,0.000000000000000000e+00,0.000000000000000000e+00,0.000000000000000000e+00,0.000000000000000000e+00,0.000000000000000000e+00,0.000000000000000000e+00,0.000000000000000000e+00,0.000000000000000000e+00,0.000000000000000000e+00,0.000000000000000000e+00,0.000000000000000000e+00,0.000000000000000000e+00,0.000000000000000000e+00,0.000000000000000000e+00,0.000000000000000000e+00,0.000000000000000000e+00,0.000000000000000000e+00,0.000000000000000000e+00,0.000000000000000000e+00,0.000000000000000000e+00,0.000000000000000000e+00,0.000000000000000000e+00,0.000000000000000000e+00,0.000000000000000000e+00,0.000000000000000000e+00,0.000000000000000000e+00,0.000000000000000000e+00,0.000000000000000000e+00
0.000000000000000000e+00,0.000000000000000000e+00,2.844011502063116814e-01,3.055529129622676088e-01,0.000000000000000000e+00,3.504153125818078029e-01,3.315597041724018257e-01,3.263108012876602126e-01,3.032411177567332916e-01,3.570185669355542268e-01,2.728107623125627934e-01,3.405711558532749095e-01,3.442468993710158243e-01,2.823437059555635176e-01,0.000000000000000000e+00,3.786191283307392963e-01,0.000000000000000000e+00,0.000000000000000000e+00,3.164545291469905153e-01,4.287107466787590804e-01,0.000000000000000000e+00,4.362344160551996919e-01,3.253813944412697889e-01,0.000000000000000000e+00,0.000000000000000000e+00,0.000000000000000000e+00,3.234791329506294111e-01,3.681658749229497207e-01,3.800982197963138076e-01,0.000000000000000000e+00,4.044447443824766841e-01,3.819387385790031231e-01,0.000000000000000000e+00,3.845801624300144161e-01,3.858460898341410927e-01,2.412690611340486957e-01,3.281468746704215844e-01,2.648868743897089262e-01,0.000000000000000000e+00,0.000000000000000000e+00,0.000000000000000000e+00,0.000000000000000000e+00,2.570279960500302940e-01,0.000000000000000000e+00,0.000000000000000000e+00,0.000000000000000000e+00,0.000000000000000000e+00,2.774561599699795766e-01,0.000000000000000000e+00,2.327693020489911002e-01,3.547370884106427757e-01,0.000000000000000000e+00,2.699810098519940249e-01,2.594966346815896219e-01,0.000000000000000000e+00,2.433196204244514882e-01,0.000000000000000000e+00,0.000000000000000000e+00,0.000000000000000000e+00,0.000000000000000000e+00,0.000000000000000000e+00,0.000000000000000000e+00,0.000000000000000000e+00,2.251411187168859129e-01,0.000000000000000000e+00,0.000000000000000000e+00,0.000000000000000000e+00,4.165371726787847062e-01,0.000000000000000000e+00,0.000000000000000000e+00,0.000000000000000000e+00,3.139001990426353861e-01,0.000000000000000000e+00,0.000000000000000000e+00,0.000000000000000000e+00,0.000000000000000000e+00
3.547174376595412792e-01,3.852355139858884003e-01,3.106123445145074768e-01,3.240720220481013158e-01,3.504153125818078029e-01,0.000000000000000000e+00,3.826459254326531889e-01,3.129365929365888199e-01,2.854515983277950975e-01,3.467402127085733032e-01,3.094986627455080241e-01,2.654478449477294943e-01,3.243812108519427140e-01,3.505111318372360896e-01,3.432597887957742899e-01,4.123600422454541947e-01,2.634381405589729108e-01,3.814164271249840810e-01,2.407235603335166063e-01,3.735749266569797777e-01,3.097594069559143071e-01,3.998350920153012078e-01,3.097038387890153066e-01,0.000000000000000000e+00,3.926510195679259740e-01,3.726782764755796062e-01,2.840218041283347206e-01,3.306799361783540059e-01,2.792960554706868104e-01,3.554667665280815125e-01,3.693045184825609062e-01,3.688441966761492052e-01,3.343456071021385090e-01,3.855371494169099744e-01,3.966954185050586834e-01,3.563024355393389908e-01,3.678079985941121732e-01,2.882102664195749231e-01,4.564714296819902817e-01,0.000000000000000000e+00,4.598581460814267774e-01,4.139778179313741147e-01,3.776268341656123240e-01,0.000000000000000000e+00,0.000000000000000000e+00,0.000000000000000000e+00,2.815651344677669865e-01,4.425896758829290789e-01,0.000000000000000000e+00,2.983210552561089135e-01,4.403758681424070898e-01,3.481507450365032841e-01,4.063397884050818920e-01,4.688266589625864067e-01,0.000000000000000000e+00,3.044772923480644211e-01,0.000000000000000000e+00,3.791764385836132734e-01,0.000000000000000000e+00,3.177687792468720795e-01,0.000000000000000000e+00,0.000000000000000000e+00,0.000000000000000000e+00,4.069024212381001093e-01,3.367501651468993162e-01,3.430120781916342065e-01,2.910412544542074764e-01,4.464449644274167128e-01,0.000000000000000000e+00,0.000000000000000000e+00,2.993902253849924922e-01,4.472420057276054739e-01,4.217041059036106265e-01,4.191997803436174896e-01,4.116944667859729901e-01,4.250359777679411089e-01
0.000000000000000000e+00,4.055766885548233169e-01,3.399301604103163732e-01,2.660392504581461925e-01,3.315597041724018257e-01,3.826459254326531889e-01,0.000000000000000000e+00,3.910936189688460907e-01,3.347453865427236774e-01,3.552145067218818730e-01,3.531109413458535240e-01,3.405664838675280248e-01,3.383051815489807046e-01,3.260527027930020805e-01,0.000000000000000000e+00,4.334964545059283858e-01,3.288760433093125823e-01,4.223409739552549946e-01,3.636803453630618188e-01,4.143504730236887146e-01,0.000000000000000000e+00,4.379963699338654259e-01,3.561892594746263740e-01,3.494086476646733885e-01,4.098227571421830251e-01,3.682849735242015865e-01,3.638188336293791125e-01,3.574146064385335109e-01,3.926579058119937793e-01,0.000000000000000000e+00,4.038469320350516201e-01,3.671392393839194024e-01,3.040066989560071820e-01,3.669254521341728803e-01,3.667070633549557868e-01,2.990532647043652736e-01,2.352034225039542903e-01,3.329204214730863143e-01,2.991646540005262755e-01,0.000000000000000000e+00,3.474378183945578957e-01,0.000000000000000000e+00,3.319687039486439173e-01,0.000000000000000000e+00,0.000000000000000000e+00,0.000000000000000000e+00,0.000000000000000000e+00,2.970355156662269902e-01,0.000000000000000000e+00,0.000000000000000000e+00,3.499839265085475937e-01,0.000000000000000000e+00,4.052220805796052927e-01,3.116182716497805094e-01,0.000000000000000000e+00,0.000000000000000000e+00,0.000000000000000000e+00,0.000000000000000000e+00,0.000000000000000000e+00,0.000000000000000000e+00,0.000000000000000000e+00,0.000000000000000000e+00,0.000000000000000000e+00,3.203158596536190839e-01,0.000000000000000000e+00,0.000000000000000000e+00,0.000000000000000000e+00,4.603211284578814233e-01,0.000000000000000000e+00,0.000000000000000000e+00,0.000000000000000000e+00,3.894164591123016050e-01,0.000000000000000000e+00,0.000000000000000000e+00,0.000000000000000000e+00,0.000000000000000000e+00
4.725589361957837076e-01,4.300344322609048753e-01,3.798153621129297108e-01,3.212235198320217977e-01,3.263108012876602126e-01,3.129365929365888199e-01,3.910936189688460907e-01,0.000000000000000000e+00,3.731537351795389812e-01,0.000000000000000000e+00,2.615883293228962736e-01,0.000000000000000000e+00,3.837479163318682218e-01,3.510279874931880872e-01,0.000000000000000000e+00,4.189720111634716027e-01,0.000000000000000000e+00,4.354494394244913247e-01,3.461206363799971819e-01,3.739547472801710848e-01,3.837454668767705801e-01,3.797668714760031872e-01,2.982264587649304244e-01,4.668594971674345784e-01,4.595991865402557774e-01,4.550531060438973152e-01,3.535975838633116930e-01,3.993313872391572872e-01,3.384055429244959834e-01,3.820259255479829252e-01,4.135661989245663084e-01,3.932156898976187920e-01,4.250532053973751778e-01,4.141761679093396986e-01,4.268581615721360190e-01,2.745000309628404245e-01,0.000000000000000000e+00,0.000000000000000000e+00,4.490832535364350231e-01,0.000000000000000000e+00,4.598668307748863815e-01,0.000000000000000000e+00,3.645731983890875827e-01,0.000000000000000000e+00,0.000000000000000000e+00,0.000000000000000000e+00,0.000000000000000000e+00,4.513490585058163029e-01,0.000000000000000000e+00,3.735065702607985871e-01,4.329913022059154737e-01,4.402806173492461173e-01,3.894304440978494930e-01,4.576555998369333245e-01,0.000000000000000000e+00,3.665797729512096925e-01,0.000000000000000000e+00,4.128840007004824786e-01,4.237948482626183178e-01,0.000000000000000000e+00,0.000000000000000000e+00,0.000000000000000000e+00,0.000000000000000000e+00,4.424251250921136802e-01,0.000000000000000000e+00,4.180193753599639184e-01,0.000000000000000000e+00,4.432146644891877263e-01,0.000000000000000000e+00,0.000000000000000000e+00,0.000000000000000000e+00,4.292975572850504795e-01,4.221652751722468899e-01,3.857137938482261830e-01,0.000000000000000000e+00,4.292026841373047796e-01
0.000000000000000000e+00,3.082333370383921189e-01,2.655514419759288924e-01,3.261819519837598214e-01,3.032411177567332916e-01,2.854515983277950975e-01,3.347453865427236774e-01,3.731537351795389812e-01,0.000000000000000000e+00,3.422325842190795941e-01,2.781152392963711084e-01,2.305900537278837981e-01,3.124520723760452201e-01,3.315751475920850067e-01,0.000000000000000000e+00,3.448759871330772109e-01,0.000000000000000000e+00,2.483416149312165089e-01,2.604614472567888250e-01,3.681346962635256848e-01,0.000000000000000000e+00,3.719089568847865901e-01,3.128373461940681111e-01,3.007820111057563084e-01,2.574266926662484023e-01,2.416339737679898125e-01,2.760373592278811961e-01,3.457556386917977065e-01,3.302307328718606105e-01,3.106540746367755235e-01,3.866949114426700973e-01,3.498495263340509753e-01,2.950716997946928877e-01,3.719569915026306739e-01,3.445855764072273120e-01,3.061124640985635192e-01,3.222021915850659113e-01,2.513362572623306090e-01,3.364770593924190090e-01,0.000000000000000000e+00,3.044797192167251754e-01,0.000000000000000000e+00,3.799722770812613004e-01,0.000000000000000000e+00,0.000000000000000000e+00,0.000000000000000000e+00,0.000000000000000000e+00,4.372441446851456082e-01,0.000000000000000000e+00,3.001569790521905201e-01,4.494622929606422734e-01,2.766788822572867068e-01,4.496788150861649735e-01,4.042038673996172227e-01,0.000000000000000000e+00,4.061623281240330785e-01,0.000000000000000000e+00,2.871580609058531075e-01,3.999003439281991201e-01,0.000000000000000000e+00,0.000000000000000000e+00,0.000000000000000000e+00,0.000000000000000000e+00,4.010306291906672871e-01,0.000000000000000000e+00,0.000000000000000000e+00,0.000000000000000000e+00,4.665308127544594008e-01,0.000000000000000000e+00,0.000000000000000000e+00,0.000000000000000000e+00,4.566424155339265933e-01,2.918948414817771897e-01,0.000000000000000000e+00,0.000000000000000000e+00,0.000000000000000000e+00
3.437723214300090757e-01,0.000000000000000000e+00,0.000000000000000000e+00,3.901066457515027786e-01,3.570185669355542268e-01,3.467402127085733032e-01,3.552145067218818730e-01,0.000000000000000000e+00,3.422325842190795941e-01,0.000000000000000000e+00,3.479540635846625207e-01,2.356459395869602014e-01,3.958710585730743081e-01,0.000000000000000000e+00,0.000000000000000000e+00,3.393240438286170835e-01,3.049054820676739275e-01,2.988113933592099203e-01,2.928074511514944800e-01,0.000000000000000000e+00,0.000000000000000000e+00,0.000000000000000000e+00,3.271044491587232206e-01,3.033271006707127238e-01,3.166439802055657227e-01,2.921726957645077172e-01,2.834389793992048157e-01,3.888171670383954170e-01,0.000000000000000000e+00,0.000000000000000000e+00,3.322373913386508226e-01,3.247786132359680167e-01,2.832183909962204815e-01,3.056803874489710804e-01,3.081221473148508250e-01,3.664412287495992238e-01,2.851752091562976821e-01,2.629428227251525141e-01,4.573422644182840724e-01,3.154860165154503848e-01,3.507552254029904781e-01,3.925285694588053764e-01,0.000000000000000000e+00,0.000000000000000000e+00,2.916473207241628840e-01,3.699455984944189924e-01,0.000000000000000000e+00,0.000000000000000000e+00,0.000000000000000000e+00,0.000000000000000000e+00,0.000000000000000000e+00,0.000000000000000000e+00,0.000000000000000000e+00,0.000000000000000000e+00,3.735305419072674771e-01,0.000000000000000000e+00,3.740436023235879093e-01,0.000000000000000000e+00,0.000000000000000000e+00,0.000000000000000000e+00,0.000000000000000000e+00,3.664711927990056961e-01,3.584868782222935257e-01,0.000000000000000000e+00,0.000000000000000000e+00,0.000000000000000000e+00,0.000000000000000000e+00,0.000000000000000000e+00,3.462529031637455179e-01,3.721494143663480192e-01,3.879483711394258183e-01,0.000000000000000000e+00,0.000000000000000000e+00,0.000000000000000000e+00,0.000000000000000000e+00,3.795889358029335137e-01
0.000000000000000000e+00,0.000000000000000000e+00,2.731940891062515919e-01,3.131355816779837209e-01,2.728107623125627934e-01,3.094986627455080241e-01,3.531109413458535240e-01,2.615883293228962736e-01,2.781152392963711084e-01,3.479540635846625207e-01,0.000000000000000000e+00,2.891504048952008854e-01,3.651346110957774949e-01,2.872329418981706128e-01,0.000000000000000000e+00,0.000000000000000000e+00,0.000000000000000000e+00,0.000000000000000000e+00,2.580917634203943045e-01,0.000000000000000000e+00,0.000000000000000000e+00,0.000000000000000000e+00,2.762761221222159169e-01,3.142294863585858855e-01,0.000000000000000000e+00,2.762990511129063131e-01,2.764978337554943044e-01,3.716369642606345836e-01,0.000000000000000000e+00,0.000000000000000000e+00,3.976202948199991094e-01,3.763663968472035770e-01,2.760280272268980095e-01,3.788857910152030883e-01,3.824513241510916206e-01,2.414889090868589105e-01,3.130226215159542247e-01,2.771720772241542119e-01,2.960721694070844734e-01,0.000000000000000000e+00,0.000000000000000000e+00,0.000000000000000000e+00,2.791931001617041219e-01,0.000000000000000000e+00,0.000000000000000000e+00,0.000000000000000000e+00,0.000000000000000000e+00,3.463335221884257242e-01,0.000000000000000000e+00,2.037939108062417071e-01,3.720345029188710240e-01,2.725357278761639801e-01,3.074819645783116173e-01,4.241777205300614195e-01,0.000000000000000000e+00,2.820443917831935154e-01,0.000000000000000000e+00,2.552316175360672124e-01,3.405412793426583207e-01,0.000000000000000000e+00,0.000000000000000000e+00,0.000000000000000000e+00,0.000000000000000000e+00,2.221802460080624098e-01,0.000000000000000000e+00,0.000000000000000000e+00,0.000000000000000000e+00,3.664108946004887013e-01,0.000000000000000000e+00,0.000000000000000000e+00,0.000000000000000000e+00,3.661987799686248213e-01,2.241325264063619982e-01,0.000000000000000000e+00,0.000000000000000000e+00,0.000000000000000000e+00
3.204448727513836137e-01,0.000000000000000000e+00,0.000000000000000000e+00,2.396209662357927928e-01,3.405711558532749095e-01,2.654478449477294943e-01,3.405664838675280248e-01,0.000000000000000000e+00,2.305900537278837981e-01,2.356459395869602014e-01,2.891504048952008854e-01,0.000000000000000000e+00,3.539451033383448908e-01,0.000000000000000000e+00,0.000000000000000000e+00,0.000000000000000000e+00,3.149683722693801258e-01,3.019761988583158918e-01,2.537398476399849168e-01,0.000000000000000000e+00,3.572179115167504193e-01,0.000000000000000000e+00,2.555349380258035152e-01,2.643643135967296276e-01,3.041865508855219891e-01,2.584793290530835730e-01,2.617261654321950126e-01,3.715754299339463218e-01,0.000000000000000000e+00,0.000000000000000000e+00,3.451036471175314979e-01,2.684726290369072732e-01,2.729564258359132856e-01,2.640033520676600132e-01,3.125076426458446854e-01,2.907718523684783007e-01,3.306984229225716776e-01,2.128521592489182879e-01,2.672260403388205252e-01,2.974749079535469742e-01,3.585637404609108847e-01,0.000000000000000000e+00,0.000000000000000000e+00,0.000000000000000000e+00,2.799044155028360126e-01,0.000000000000000000e+00,0.000000000000000000e+00,0.000000000000000000e+00,0.000000000000000000e+00,0.000000000000000000e+00,0.000000000000000000e+00,0.000000000000000000e+00,0.000000000000000000e+00,0.000000000000000000e+00,3.723469123157980842e-01,0.000000000000000000e+00,3.746625367401987816e-01,0.000000000000000000e+00,0.000000000000000000e+00,0.000000000000000000e+00,0.000000000000000000e+00,3.250194722805446190e-01,3.445256391224342796e-01,0.000000000000000000e+00,0.000000000000000000e+00,0.000000000000000000e+00,0.000000000000000000e+00,0.000000000000000000e+00,3.388844479089730966e-01,3.692818786397855102e-01,3.818523326605244850e-01,0.000000000000000000e+00,0.000000000000000000e+00,0.000000000000000000e+00,0.000000000000000000e+00,3.440701415262599205e-01
3.692312692927323114e-01,4.235693554413185735e-01,3.417341727982414756e-01,2.979656443622978879e-01,3.442468993710158243e-01,3.243812108519427140e-01,3.383051815489807046e-01,3.837479163318682218e-01,3.124520723760452201e-01,3.958710585730743081e-01,3.651346110957774949e-01,3.539451033383448908e-01,0.000000000000000000e+00,3.212796305699345822e-01,4.140942510302483837e-01,4.339736963821734239e-01,3.595282223334316796e-01,4.089950502630277929e-01,3.658381639856769785e-01,4.000518441817915161e-01,4.108012835638030769e-01,4.266312902521380845e-01,3.630163215013105793e-01,3.448310447988495731e-01,4.135437719512902177e-01,4.068926288522379808e-01,3.643195667280348937e-01,3.201148754976678168e-01,3.682348269405312791e-01,3.622137248111281238e-01,3.870449661199290015e-01,3.826237149419988159e-01,3.630767563352279015e-01,3.789424295484479233e-01,3.754282799267301129e-01,3.368810218934580880e-01,3.156578693397987800e-01,3.505002605928647097e-01,4.432170467446717166e-01,0.000000000000000000e+00,3.310010191034035154e-01,3.202889969453704966e-01,3.329126019211243737e-01,0.000000000000000000e+00,0.000000000000000000e+00,0.000000000000000000e+00,0.000000000000000000e+00,2.773492249263536102e-01,0.000000000000000000e+00,0.000000000000000000e+00,3.759572654957853977e-01,2.797138802383947742e-01,4.218971331806268266e-01,0.000000000000000000e+00,0.000000000000000000e+00,2.658909196412103104e-01,0.000000000000000000e+00,0.000000000000000000e+00,0.000000000000000000e+00,3.404570457832091779e-01,0.000000000000000000e+00,0.000000000000000000e+00,0.000000000000000000e+00,0.000000000000000000e+00,3.034049637091419949e-01,0.000000000000000000e+00,2.822694174647966125e-01,4.609343738297719262e-01,0.000000000000000000e+00,2.778421240176425222e-01,2.896061728697241766e-01,4.400281699971054783e-01,0.000000000000000000e+00,3.484343663047513862e-01,0.000000000000000000e+00,0.000000000000000000e+00
0.000000000000000000e+00,0.000000000000000000e+00,3.319490249383688085e-01,2.419366947948032032e-01,2.823437059555635176e-01,3.505111318372360896e-01,3.260527027930020805e-01,3.510279874931880872e-01,3.315751475920850067e-01,0.000000000000000000e+00,2.872329418981706128e-01,0.000000000000000000e+00,3.212796305699345822e-01,0.000000000000000000e+00,0.000000000000000000e+00,0.000000000000000000e+00,0.000000000000000000e+00,0.000000000000000000e+00,3.031207244759890895e-01,0.000000000000000000e+00,3.999401300056640851e-01,0.000000000000000000e+00,3.262000224683557215e-01,0.000000000000000000e+00,0.000000000000000000e+00,0.000000000000000000e+00,3.383219896746116895e-01,3.040571944379039104e-01,0.000000000000000000e+00,0.000000000000000000e+00,0.000000000000000000e+00,3.646154639583130130e-01,0.000000000000000000e+00,0.000000000000000000e+00,0.000000000000000000e+00,1.995367338322087958e-01,1.509394362477184115e-01,0.000000000000000000e+00,0.000000000000000000e+00,0.000000000000000000e+00,0.000000000000000000e+00,0.000000000000000000e+00,3.056410020597868926e-01,0.000000000000000000e+00,0.000000000000000000e+00,0.000000000000000000e+00,0.000000000000000000e+00,3.581430248599852817e-01,0.000000000000000000e+00,0.000000000000000000e+00,0.000000000000000000e+00,0.000000000000000000e+00,0.000000000000000000e+00,0.000000000000000000e+00,0.000000000000000000e+00,3.396360515810062930e-01,0.000000000000000000e+00,0.000000000000000000e+00,0.000000000000000000e+00,0.000000000000000000e+00,0.000000000000000000e+00,0.000000000000000000e+00,0.000000000000000000e+00,0.000000000000000000e+00,0.000000000000000000e+00,0.000000000000000000e+00,0.000000000000000000e+00,3.443017399833864789e-01,0.000000000000000000e+00,0.000000000000000000e+00,0.000000000000000000e+00,3.762964723235101006e-01,0.000000000000000000e+00,0.000000000000000000e+00,0.000000000000000000e+00,0.000000000000000000e+00
3.712886063648134227e-01,3.815205437428069724e-01,0.000000000000000000e+00,0.000000000000000000e+00,0.000000000000000000e+00,3.432597887957742899e-01,0.000000000000000000e+00,0.000000000000000000e+00,0.000000000000000000e+00,0.000000000000000000e+00,0.000000000000000000e+00,0.000000000000000000e+00,4.140942510302483837e-01,0.000000000000000000e+00,0.000000000000000000e+00,4.134411058522434179e-01,0.000000000000000000e+00,4.001559850626936754e-01,0.000000000000000000e+00,3.661989032052289095e-01,3.441176019613894077e-01,3.398535443873477724e-01,3.631096330156561858e-01,3.940880866309167119e-01,3.840040495378980734e-01,3.399228939654527215e-01,3.963819147704136236e-01,3.875474574809392170e-01,3.826977855449809063e-01,0.000000000000000000e+00,3.911783163848205902e-01,4.133094184554920725e-01,3.518373814709960801e-01,4.103983360239993883e-01,4.580087647141183882e-01,4.524786010070097064e-01,0.000000000000000000e+00,0.000000000000000000e+00,4.524058209428107880e-01,4.577544231668391750e-01,4.376206227125115089e-01,4.886951064894403118e-01,0.000000000000000000e+00,0.000000000000000000e+00,0.000000000000000000e+00,0.000000000000000000e+00,4.498428990087937063e-01,0.000000000000000000e+00,0.000000000000000000e+00,0.000000000000000000e+00,4.000244084552913026e-01,0.000000000000000000e+00,0.000000000000000000e+00,0.000000000000000000e+00,0.000000000000000000e+00,0.000000000000000000e+00,0.000000000000000000e+00,3.318676879175688765e-01,0.000000000000000000e+00,4.441318097999774062e-01,4.083558652699730840e-01,0.000000000000000000e+00,0.000000000000000000e+00,0.000000000000000000e+00,4.152219796194039914e-01,4.446719197616288977e-01,4.587896748425622784e-01,4.416811725545727874e-01,0.000000000000000000e+00,3.070835066848959793e-01,4.388764883050563226e-01,4.507064378682508199e-01,3.310631608562242811e-01,4.048318888549061745e-01,0.000000000000000000e+00,3.713042784084680248e-01
3.902203899864715164e-01,3.799819979508600176e-01,0.000000000000000000e+00,0.000000000000000000e+00,3.786191283307392963e-01,4.123600422454541947e-01,4.334964545059283858e-01,4.189720111634716027e-01,3.448759871330772109e-01,3.393240438286170835e-01,0.000000000000000000e+00,0.000000000000000000e+00,4.339736963821734239e-01,0.000000000000000000e+00,4.134411058522434179e-01,0.000000000000000000e+00,3.473737474272374226e-01,3.574370203115374012e-01,0.000000000000000000e+00,3.994424987091497736e-01,4.033434299200442941e-01,3.609187326846552968e-01,4.041479803449302133e-01,3.717939252387437166e-01,3.758942185244522061e-01,3.876835850521067051e-01,4.096959737847253868e-01,4.145787431957638769e-01,4.118108214870443984e-01,3.592640239392653201e-01,3.767259425510918192e-01,4.387515974661259088e-01,3.989205566266478264e-01,3.764385359396577035e-01,4.449851513463223274e-01,0.000000000000000000e+00,0.000000000000000000e+00,0.000000000000000000e+00,4.632758438981056104e-01,4.442476947478140037e-01,4.407381262086494944e-01,4.906606944015238780e-01,0.000000000000000000e+00,0.000000000000000000e+00,0.000000000000000000e+00,4.473575042597894846e-01,4.546198520545610133e-01,0.000000000000000000e+00,0.000000000000000000e+00,0.000000000000000000e+00,0.000000000000000000e+00,0.000000000000000000e+00,0.000000000000000000e+00,0.000000000000000000e+00,0.000000000000000000e+00,0.000000000000000000e+00,0.000000000000000000e+00,0.000000000000000000e+00,0.000000000000000000e+00,4.409476498387919774e-01,4.495225554288878045e-01,0.000000000000000000e+00,4.412195107638738900e-01,0.000000000000000000e+00,3.302441991528342058e-01,4.290477255855542071e-01,4.461369625997039234e-01,3.071991362917748103e-01,0.000000000000000000e+00,4.464924170109241808e-01,4.494296370592769096e-01,2.917309498922913136e-01,0.000000000000000000e+00,3.239004252272955076e-01,0.000000000000000000e+00,4.401930705452014037e-01
3.793661269052882035e-01,3.908712960128075120e-01,0.000000000000000000e+00,0.000000000000000000e+00,0.000000000000000000e+00,2.634381405589729108e-01,3.288760433093125823e-01,0.000000000000000000e+00,0.000000000000000000e+00,3.049054820676739275e-01,0.000000000000000000e+00,3.149683722693801258e-01,3.595282223334316796e-01,0.000000000000000000e+00,0.000000000000000000e+00,3.473737474272374226e-01,0.000000000000000000e+00,2.796307320905170868e-01,0.000000000000000000e+00,3.374715336800622190e-01,0.000000000000000000e+00,3.617933118839374851e-01,0.000000000000000000e+00,3.375902661949550243e-01,3.257685358314825752e-01,3.277762468020561926e-01,0.000000000000000000e+00,3.782071688752519090e-01,3.439844468222568730e-01,0.000000000000000000e+00,3.274929324653025886e-01,4.167962009051758843e-01,3.345649611932363099e-01,3.487928482352682935e-01,3.437341933545393080e-01,0.000000000000000000e+00,0.000000000000000000e+00,2.693180377380658963e-01,0.000000000000000000e+00,3.821466212433675125e-01,0.000000000000000000e+00,0.000000000000000000e+00,0.000000000000000000e+00,0.000000000000000000e+00,0.000000000000000000e+00,0.000000000000000000e+00,0.000000000000000000e+00,0.000000000000000000e+00,0.000000000000000000e+00,0.000000000000000000e+00,0.000000000000000000e+00,0.000000000000000000e+00,0.000000000000000000e+00,0.000000000000000000e+00,3.977381329487906236e-01,0.000000000000000000e+00,3.813487870511710898e-01,0.000000000000000000e+00,0.000000000000000000e+00,0.000000000000000000e+00,0.000000000000000000e+00,3.515667252785061869e-01,3.831517160436139213e-01,0.000000000000000000e+00,0.000000000000000000e+00,0.000000000000000000e+00,0.000000000000000000e+00,0.000000000000000000e+00,3.926154654614589790e-01,4.020656443580297723e-01,4.153901879581690104e-01,0.000000000000000000e+00,0.000000000000000000e+00,0.000000000000000000e+00,0.000000000000000000e+00,0.000000000000000000e+00
3.723944171976020234e-01,3.608586445830940237e-01,0.000000000000000000e+00,0.000000000000000000e+00,0.000000000000000000e+00,3.814164271249840810e-01,4.223409739552549946e-01,4.354494394244913247e-01,2.483416149312165089e-01,2.988113933592099203e-01,0.000000000000000000e+00,3.019761988583158918e-01,4.089950502630277929e-01,0.000000000000000000e+00,4.001559850626936754e-01,3.574370203115374012e-01,2.796307320905170868e-01,0.000000000000000000e+00,0.000000000000000000e+00,4.095166511495428874e-01,3.967098371112187105e-01,3.893935094424456067e-01,4.052562698530288166e-01,3.375208750397404867e-01,3.297930148301069231e-01,3.536488995326121931e-01,3.861498410650994195e-01,4.198700239987803173e-01,4.138352446757401215e-01,0.000000000000000000e+00,3.415173692205922262e-01,4.223816682209203810e-01,3.396003878918221752e-01,3.543449509606956815e-01,3.659838324880965166e-01,0.000000000000000000e+00,0.000000000000000000e+00,0.000000000000000000e+00,4.428915154427480738e-01,3.985243507703138954e-01,4.149676938719282782e-01,4.323460356675231098e-01,0.000000000000000000e+00,0.000000000000000000e+00,0.000000000000000000e+00,4.227960034227806752e-01,4.325509933692955888e-01,0.000000000000000000e+00,0.000000000000000000e+00,0.000000000000000000e+00,0.000000000000000000e+00,0.000000000000000000e+00,0.000000000000000000e+00,0.000000000000000000e+00,3.990422878306550958e-01,0.000000000000000000e+00,3.790814129635223795e-01,0.000000000000000000e+00,0.000000000000000000e+00,0.000000000000000000e+00,4.365594289476378842e-01,3.950269717285381232e-01,4.128916920220311870e-01,0.000000000000000000e+00,0.000000000000000000e+00,0.000000000000000000e+00,4.262762688113527765e-01,0.000000000000000000e+00,3.834534687754811988e-01,4.133374504491343915e-01,4.213493456305952845e-01,0.000000000000000000e+00,0.000000000000000000e+00,0.000000000000000000e+00,0.000000000000000000e+00,4.133707058286054115e-01
0.000000000000000000e+00,0.000000000000000000e+00,2.496126266330624954e-01,2.453992732656329057e-01,3.164545291469905153e-01,2.407235603335166063e-01,3.636803453630618188e-01,3.461206363799971819e-01,2.604614472567888250e-01,2.928074511514944800e-01,2.580917634203943045e-01,2.537398476399849168e-01,3.658381639856769785e-01,3.031207244759890895e-01,0.000000000000000000e+00,0.000000000000000000e+00,0.000000000000000000e+00,0.000000000000000000e+00,0.000000000000000000e+00,0.000000000000000000e+00,0.000000000000000000e+00,0.000000000000000000e+00,2.368445835845384984e-01,0.000000000000000000e+00,0.000000000000000000e+00,0.000000000000000000e+00,3.104696134622572101e-01,3.853416410143052917e-01,0.000000000000000000e+00,0.000000000000000000e+00,3.760690719031273277e-01,3.615278233877389780e-01,0.000000000000000000e+00,3.380374961724256777e-01,3.460122560351521770e-01,2.859063458774939170e-01,3.147017676512631201e-01,2.601838233974457237e-01,0.000000000000000000e+00,0.000000000000000000e+00,0.000000000000000000e+00,0.000000000000000000e+00,3.108271546573764255e-01,0.000000000000000000e+00,0.000000000000000000e+00,0.000000000000000000e+00,0.000000000000000000e+00,2.954848039465243770e-01,0.000000000000000000e+00,2.579776569400514807e-01,4.044108238202644978e-01,2.850408156559983142e-01,4.045767558730267166e-01,4.384394800042550888e-01,0.000000000000000000e+00,3.680641633030162230e-01,0.000000000000000000e+00,3.093606889797880788e-01,3.671961147414606885e-01,0.000000000000000000e+00,0.000000000000000000e+00,0.000000000000000000e+00,0.000000000000000000e+00,4.215610934277123079e-01,0.000000000000000000e+00,0.000000000000000000e+00,0.000000000000000000e+00,4.530054979036878815e-01,0.000000000000000000e+00,0.000000000000000000e+00,0.000000000000000000e+00,4.057573315874535846e-01,0.000000000000000000e+00,0.000000000000000000e+00,0.000000000000000000e+00,0.000000000000000000e+00
3.977882514860450747e-01,3.833431066207693139e-01,0.000000000000000000e+00,3.631505135973778220e-01,4.287107466787590804e-01,3.735749266569797777e-01,4.143504730236887146e-01,3.739547472801710848e-01,3.681346962635256848e-01,0.000000000000000000e+00,0.000000000000000000e+00,0.000000000000000000e+00,4.000518441817915161e-01,0.000000000000000000e+00,3.661989032052289095e-01,3.994424987091497736e-01,3.374715336800622190e-01,4.095166511495428874e-01,0.000000000000000000e+00,0.000000000000000000e+00,3.958078725740261095e-01,3.495117550379822080e-01,3.613639787049724994e-01,0.000000000000000000e+00,4.001464103857713117e-01,4.046040110229007780e-01,3.315765763305553171e-01,3.638392558899958273e-01,3.290620051984786132e-01,2.771079858000413121e-01,3.744414987555342855e-01,4.297258602086488910e-01,3.725865830050619776e-01,4.178136239314991229e-01,4.722820732394176213e-01,4.486719606267174920e-01,4.167903853049356178e-01,0.000000000000000000e+00,4.415008490916967898e-01,3.534241441815071938e-01,3.690228127477099274e-01,4.289649402862079075e-01,0.000000000000000000e+00,0.000000000000000000e+00,0.000000000000000000e+00,0.000000000000000000e+00,3.656238824127830966e-01,0.000000000000000000e+00,0.000000000000000000e+00,0.000000000000000000e+00,3.710288281938157740e-01,0.000000000000000000e+00,3.949593053261207243e-01,0.000000000000000000e+00,0.000000000000000000e+00,0.000000000000000000e+00,0.000000000000000000e+00,2.934583326762720268e-01,0.000000000000000000e+00,3.925244306414699125e-01,2.548861765221053788e-01,0.000000000000000000e+00,0.000000000000000000e+00,0.000000000000000000e+00,3.947944284891333200e-01,3.841216305483903803e-01,4.311310354985725124e-01,4.291125112242130113e-01,0.000000000000000000e+00,2.671482951773995751e-01,4.229970460574755120e-01,4.366997769693614084e-01,3.567370140123793942e-01,3.941212261071935785e-01,3.029469294268214985e-01,3.395658408241529203e-01
3.851029055934168110e-01,3.840628015214304081e-01,0.000000000000000000e+00,0.000000000000000000e+00,0.000000000000000000e+00,3.097594069559143071e-01,0.000000000000000000e+00,3.837454668767705801e-01,0.000000000000000000e+00,0.000000000000000000e+00,0.000000000000000000e+00,3.572179115167504193e-01,4.108012835638030769e-01,3.999401300056640851e-01,3.441176019613894077e-01,4.033434299200442941e-01,0.000000000000000000e+00,3.967098371112187105e-01,0.000000000000000000e+00,3.958078725740261095e-01,0.000000000000000000e+00,4.003803032494407943e-01,3.527792289268407155e-01,4.347358573853237762e-01,3.967009923662120907e-01,3.614670284608917927e-01,3.762347481803283156e-01,3.855900850424355819e-01,3.804488226871095002e-01,0.000000000000000000e+00,3.852901920564831828e-01,4.088245940373457232e-01,3.534973291579006083e-01,3.995333477884465134e-01,4.608733026464352234e-01,0.000000000000000000e+00,0.000000000000000000e+00,0.000000000000000000e+00,4.633045585921459764e-01,4.173981798158655221e-01,4.318834397950139792e-01,5.141578912829113390e-01,0.000000000000000000e+00,0.000000000000000000e+00,0.000000000000000000e+00,4.391197795238407919e-01,4.672266261248467223e-01,0.000000000000000000e+00,0.000000000000000000e+00,0.000000000000000000e+00,4.251686681839962900e-01,0.000000000000000000e+00,4.092744832062252258e-01,0.000000000000000000e+00,0.000000000000000000e+00,0.000000000000000000e+00,0.000000000000000000e+00,3.582028790592102219e-01,0.000000000000000000e+00,4.255878106120434823e-01,4.069289591723240784e-01,0.000000000000000000e+00,0.000000000000000000e+00,0.000000000000000000e+00,3.981353455601545077e-01,4.273909476264465823e-01,4.445259047986265810e-01,4.452454657277363781e-01,0.000000000000000000e+00,3.641803896923211936e-01,4.753173105069987137e-01,4.484473040477758854e-01,4.101335599786081199e-01,4.344648563008173814e-01,0.000000000000000000e+00,3.562405952655580132e-01
