0.000000000000000000e+00,4.305083921640580069e-01,0.000000000000000000e+00,0.000000000000000000e+00,0.000000000000000000e+00,3.744998549975914193e-01,0.000000000000000000e+00,5.246031247225998451e-01,0.000000000000000000e+00,4.442424687622805179e-01,0.000000000000000000e+00,4.283987385287771898e-01,3.708479031921542157e-01,0.000000000000000000e+00,3.952863340658611113e-01,4.223100290515922062e-01,4.018863081440897100e-01,4.125083972418132072e-01,0.000000000000000000e+00,4.215349476489357872e-01,4.256535212439807037e-01,4.251065030028290948e-01,4.728649715402313825e-01,4.084535022300743723e-01,3.994240386599390846e-01,4.037709230236934954e-01,4.245941495745210181e-01,4.761760249555205271e-01,4.787684398584486911e-01,0.000000000000000000e+00,3.860937047806374811e-01,4.219255471507278865e-01,3.730639826184141139e-01,3.840422211757303916e-01,4.115443634836050135e-01,0.000000000000000000e+00,0.000000000000000000e+00,3.159095989771281143e-01,4.707488077357864231e-01,4.547294551047236233e-01,4.339263752039184130e-01,0.000000000000000000e+00,0.000000000000000000e+00,0.000000000000000000e+00,0.000000000000000000e+00,4.083875614537226251e-01,4.936514787434330143e-01,0.000000000000000000e+00,0.000000000000000000e+00,0.000000000000000000e+00,0.000000000000000000e+00,0.000000000000000000e+00,0.000000000000000000e+00,0.000000000000000000e+00,4.149367212745223021e-01,0.000000000000000000e+00,0.000000000000000000e+00,0.000000000000000000e+00,0.000000000000000000e+00,0.000000000000000000e+00,4.711081696603731106e-01,0.000000000000000000e+00,4.580348920614029096e-01,0.000000000000000000e+00,0.000000000000000000e+00,0.000000000000000000e+00,4.894180020541301079e-01,0.000000000000000000e+00,0.000000000000000000e+00,4.795911311731895776e-01,4.919880532961906083e-01,0.000000000000000000e+00,0.000000000000000000e+00,0.000000000000000000e+00,0.000000000000000000e+00,4.066728353653729089e-01
4.305083921640580069e-01,0.000000000000000000e+00,0.000000000000000000e+00,0.000000000000000000e+00,3.544816144266834113e-01,3.951724175361598923e-01,4.038655491106912798e-01,4.776805105547268782e-01,3.933742202399844179e-01,0.000000000000000000e+00,0.000000000000000000e+00,0.000000000000000000e+00,4.136186291805263870e-01,0.000000000000000000e+00,4.287131079047110105e-01,4.267616261430264846e-01,3.832349104304338949e-01,4.269773117813527863e-01,0.000000000000000000e+00,4.232824861020054175e-01,4.379462703465132889e-01,4.240258493850594945e-01,4.409637744584539165e-01,0.000000000000000000e+00,4.073579681180138912e-01,3.989652447680939185e-01,4.212713515593913272e-01,4.304389651539187178e-01,4.152676957393336976e-01,0.000000000000000000e+00,3.895114740094227090e-01,4.237902205728221738e-01,3.828465044996803845e-01,3.967256711216528009e-01,4.493270247424486219e-01,0.000000000000000000e+00,0.000000000000000000e+00,0.000000000000000000e+00,4.714588956214720850e-01,4.527218864862566083e-01,4.606305277002236132e-01,5.212747095427189281e-01,0.000000000000000000e+00,0.000000000000000000e+00,0.000000000000000000e+00,4.885727179478441817e-01,4.881482959826835000e-01,0.000000000000000000e+00,0.000000000000000000e+00,0.000000000000000000e+00,5.179948899347399660e-01,0.000000000000000000e+00,0.000000000000000000e+00,0.000000000000000000e+00,0.000000000000000000e+00,0.000000000000000000e+00,0.000000000000000000e+00,0.000000000000000000e+00,0.000000000000000000e+00,5.142921741635541055e-01,4.746550611297212785e-01,0.000000000000000000e+00,4.773588469807519274e-01,0.000000000000000000e+00,5.103585582571705803e-01,5.070332406696828054e-01,4.987660575355556958e-01,4.899265083160661005e-01,0.000000000000000000e+00,4.895410562850017189e-01,5.212571303150891344e-01,5.372588728454237295e-01,0.000000000000000000e+00,5.007093691857147366e-01,0.000000000000000000e+00,4.748859560852036199e-01
0.000000000000000000e+00,0.000000000000000000e+00,0.000000000000000000e+00,3.441991763027624218e-01,4.317523131103231937e-01,4.588739865973465726e-01,4.570510072005007918e-01,5.281180823457027884e-01,3.378290076719214774e-01,0.000000000000000000e+00,4.125666061928218165e-01,0.000000000000000000e+00,4.637503894657418191e-01,4.578243950706474275e-01,0.000000000000000000e+00,0.000000000000000000e+00,0.000000000000000000e+00,0.000000000000000000e+00,3.651524687396243141e-01,0.000000000000000000e+00,0.000000000000000000e+00,0.000000000000000000e+00,3.954012913768876203e-01,0.000000000000000000e+00,0.000000000000000000e+00,0.000000000000000000e+00,3.993683297921983844e-01,4.819349570725541820e-01,0.000000000000000000e+00,0.000000000000000000e+00,4.764360166537064956e-01,4.640161209303316214e-01,0.000000000000000000e+00,4.851769890152762277e-01,4.767407555018539078e-01,4.428891522503998202e-01,4.447196082909897208e-01,0.000000000000000000e+00,6.487770555968943587e-01,0.000000000000000000e+00,0.000000000000000000e+00,0.000000000000000000e+00,5.447994451927482551e-01,0.000000000000000000e+00,0.000000000000000000e+00,0.000000000000000000e+00,0.000000000000000000e+00,5.046510527363184950e-01,0.000000000000000000e+00,6.583278821996479957e-01,5.994210510247299784e-01,6.695850738662111334e-01,5.863949152896945627e-01,6.034783755406520900e-01,0.000000000000000000e+00,5.916941855097861414e-01,0.000000000000000000e+00,5.687269406671379146e-01,6.229724359273672851e-01,0.000000000000000000e+00,0.000000000000000000e+00,0.000000000000000000e+00,0.000000000000000000e+00,5.451808671917881544e-01,0.000000000000000000e+00,0.000000000000000000e+00,0.000000000000000000e+00,6.007497057907130733e-01,0.000000000000000000e+00,0.000000000000000000e+00,0.000000000000000000e+00,6.409441786448734080e-01,5.075957555472311311e-01,0.000000000000000000e+00,0.000000000000000000e+00,0.000000000000000000e+00
0.000000000000000000e+00,0.000000000000000000e+00,3.441991763027624218e-01,0.000000000000000000e+00,2.645607746333640820e-01,4.606475052046724028e-01,2.828357897890136918e-01,3.020782183617050087e-01,4.313136447683625918e-01,0.000000000000000000e+00,3.893716503892795111e-01,2.596809669836622203e-01,3.276815321120902791e-01,2.692228334677179147e-01,0.000000000000000000e+00,0.000000000000000000e+00,0.000000000000000000e+00,0.000000000000000000e+00,4.592502081840794115e-01,0.000000000000000000e+00,0.000000000000000000e+00,0.000000000000000000e+00,4.100704382760316236e-01,0.000000000000000000e+00,0.000000000000000000e+00,0.000000000000000000e+00,4.336760915686516116e-01,2.685616269043532012e-01,0.000000000000000000e+00,0.000000000000000000e+00,0.000000000000000000e+00,2.787164572289613784e-01,0.000000000000000000e+00,2.943570480085941909e-01,2.838021196930629042e-01,2.105226169831883043e-01,2.057204371128625864e-01,0.000000000000000000e+00,0.000000000000000000e+00,0.000000000000000000e+00,0.000000000000000000e+00,0.000000000000000000e+00,0.000000000000000000e+00,0.000000000000000000e+00,0.000000000000000000e+00,0.000000000000000000e+00,0.000000000000000000e+00,0.000000000000000000e+00,0.000000000000000000e+00,0.000000000000000000e+00,0.000000000000000000e+00,0.000000000000000000e+00,0.000000000000000000e+00,0.000000000000000000e+00,0.000000000000000000e+00,0.000000000000000000e+00,0.000000000000000000e+00,0.000000000000000000e+00,0.000000000000000000e+00,0.000000000000000000e+00,0.000000000000000000e+00,0.000000000000000000e+00,0.000000000000000000e+00,0.000000000000000000e+00,0.000000000000000000e+00,0.000000000000000000e+00,0.000000000000000000e+00,0.000000000000000000e+00,0.000000000000000000e+00,0.000000000000000000e+00,0.000000000000000000e+00,0.000000000000000000e+00,0.000000000000000000e+00,0.000000000000000000e+00,0.000000000000000000e+00,0.000000000000000000e+00
0.000000000000000000e+00,3.544816144266834113e-01,4.317523131103231937e-01,2.645607746333640820e-01,0.000000000000000000e+00,4.092283081786122767e-01,3.554688642759021855e-01,4.298094803563525801e-01,3.632384718292883119e-01,4.667709936107665158e-01,3.715015195298579931e-01,4.461385585680220922e-01,3.966283826762910247e-01,2.973124328639250025e-01,0.000000000000000000e+00,4.215702901247462275e-01,0.000000000000000000e+00,0.000000000000000000e+00,3.991340704066230760e-01,4.512646056309220777e-01,0.000000000000000000e+00,4.570507197434108826e-01,4.273580206886193888e-01,0.000000000000000000e+00,3.913674617802089251e-01,3.699745687071411826e-01,4.266042619295222771e-01,3.843676780146091931e-01,4.584182151095955171e-01,0.000000000000000000e+00,4.592272765256664724e-01,3.747431968931704827e-01,4.136164096725900019e-01,4.417353897932336237e-01,4.202524756549838036e-01,2.139771282505520122e-01,2.176902856831182120e-01,4.012182533742952861e-01,4.622055781658163109e-01,0.000000000000000000e+00,0.000000000000000000e+00,0.000000000000000000e+00,4.853452081074294266e-01,0.000000000000000000e+00,0.000000000000000000e+00,0.000000000000000000e+00,0.000000000000000000e+00,6.830305955915686456e-01,0.000000000000000000e+00,4.426116922574140911e-01,5.529499298889245518e-01,0.000000000000000000e+00,5.680188323712638265e-01,6.089533388821495308e-01,0.000000000000000000e+00,5.283276470095764621e-01,0.000000000000000000e+00,0.000000000000000000e+00,0.000000000000000000e+00,0.000000000000000000e+00,0.000000000000000000e+00,0.000000000000000000e+00,0.000000000000000000e+00,6.189510071155346349e-01,0.000000000000000000e+00,0.000000000000000000e+00,0.000000000000000000e+00,5.425277396716186029e-01,0.000000000000000000e+00,0.000000000000000000e+00,0.000000000000000000e+00,6.414976775582943436e-01,0.000000000000000000e+00,0.000000000000000000e+00,0.000000000000000000e+00,0.000000000000000000e+00
3.744998549975914193e-01,3.951724175361598923e-01,4.588739865973465726e-01,4.606475052046724028e-01,4.092283081786122767e-01,0.000000000000000000e+00,4.391255959947046872e-01,4.681267046261795017e-01,3.766979560917287917e-01,5.252254290114659607e-01,4.049777563649550882e-01,3.569774016233254188e-01,4.086560330841854105e-01,4.573866029951598744e-01,4.459505717680795067e-01,4.219227250256000761e-01,3.310855485112034202e-01,4.408977055283452851e-01,4.457861555926774799e-01,4.145293100765067851e-01,3.985933254518381763e-01,4.304772331110751082e-01,4.415475665983211173e-01,0.000000000000000000e+00,3.819614983189669744e-01,4.179198328147462060e-01,4.312431703979001107e-01,3.974894933777626815e-01,3.520706957620010069e-01,4.271054047954329080e-01,4.562922408610551872e-01,4.128486987872458935e-01,3.679280250137644814e-01,4.611611486515801994e-01,4.604470681268260090e-01,4.521816206550858808e-01,4.558349059244313217e-01,3.604082494933082970e-01,4.776610416315781871e-01,0.000000000000000000e+00,5.201186426236313887e-01,3.681360774016063098e-01,4.656391592860892881e-01,0.000000000000000000e+00,0.000000000000000000e+00,0.000000000000000000e+00,3.226374649749988999e-01,6.053874273478698775e-01,0.000000000000000000e+00,5.339396691113263982e-01,5.488588176828085308e-01,5.700088995680847592e-01,5.238008513736281957e-01,5.673530868800580329e-01,0.000000000000000000e+00,5.562106448634673850e-01,0.000000000000000000e+00,5.262487968507110203e-01,0.000000000000000000e+00,5.036731298596376361e-01,0.000000000000000000e+00,0.000000000000000000e+00,0.000000000000000000e+00,6.272626611302802857e-01,5.249520855328013713e-01,4.240474264762206236e-01,5.112162702135488734e-01,5.481826375139225993e-01,0.000000000000000000e+00,0.000000000000000000e+00,4.531578485872080897e-01,5.660137909198256212e-01,5.499061972922306696e-01,4.760165495528289048e-01,0.000000000000000000e+00,5.346455704219569283e-01
0.000000000000000000e+00,4.038655491106912798e-01,4.570510072005007918e-01,2.828357897890136918e-01,3.554688642759021855e-01,4.391255959947046872e-01,0.000000000000000000e+00,4.644363966155922174e-01,4.166505921796359035e-01,4.906484019055977752e-01,4.328662795406961195e-01,4.577173699379625815e-01,3.661325158029590798e-01,3.022574050165637849e-01,0.000000000000000000e+00,4.942358550045267140e-01,4.544375682134271788e-01,4.986732016539354162e-01,4.527787272856310108e-01,4.488144740282962175e-01,0.000000000000000000e+00,4.698054970022801924e-01,4.488285983906952215e-01,4.432636340698183908e-01,4.015603224437908070e-01,4.237220421035161055e-01,4.553871791618369080e-01,3.600286346432450268e-01,4.573241228462396890e-01,0.000000000000000000e+00,4.007747709813601067e-01,4.022652452188223982e-01,4.342387945077881839e-01,4.102503712678033931e-01,4.159105385505901809e-01,2.892239451144599793e-01,3.251528014733315874e-01,4.217203032686738795e-01,3.985309263304733229e-01,0.000000000000000000e+00,3.621124648832149129e-01,0.000000000000000000e+00,4.170027492903223831e-01,0.000000000000000000e+00,0.000000000000000000e+00,0.000000000000000000e+00,0.000000000000000000e+00,5.512237771745629455e-01,0.000000000000000000e+00,0.000000000000000000e+00,5.659577147210027581e-01,0.000000000000000000e+00,4.482942908800994219e-01,5.006482378028396241e-01,0.000000000000000000e+00,3.825694944401820119e-01,0.000000000000000000e+00,0.000000000000000000e+00,0.000000000000000000e+00,0.000000000000000000e+00,0.000000000000000000e+00,0.000000000000000000e+00,0.000000000000000000e+00,4.391745939491512041e-01,0.000000000000000000e+00,0.000000000000000000e+00,0.000000000000000000e+00,5.529894133396324740e-01,0.000000000000000000e+00,0.000000000000000000e+00,0.000000000000000000e+00,6.318410148927582348e-01,0.000000000000000000e+00,0.000000000000000000e+00,0.000000000000000000e+00,0.000000000000000000e+00
5.246031247225998451e-01,4.776805105547268782e-01,5.281180823457027884e-01,3.020782183617050087e-01,4.298094803563525801e-01,4.681267046261795017e-01,4.644363966155922174e-01,0.000000000000000000e+00,5.167365595495255759e-01,4.433193478718633895e-01,3.708158777602810763e-01,4.592436922307545077e-01,4.627164931946782800e-01,3.597106327821881777e-01,0.000000000000000000e+00,4.708658873876813145e-01,0.000000000000000000e+00,5.177493572651276077e-01,5.221875121283853227e-01,4.002030666243400203e-01,4.103166420565402261e-01,4.275042240198688726e-01,4.082684765787324976e-01,5.372153459239598083e-01,4.982428061489940774e-01,5.052801548389358466e-01,4.915797964655712060e-01,4.515039879607363194e-01,3.967234355285759739e-01,4.009586893348590086e-01,4.469829588831955025e-01,3.876830562888365916e-01,4.714429545965940216e-01,4.506437759575330215e-01,4.529943047978973181e-01,2.746956378513926156e-01,4.355618939036459136e-01,0.000000000000000000e+00,4.853320058607379917e-01,0.000000000000000000e+00,5.277260518358780628e-01,0.000000000000000000e+00,4.536396526533790774e-01,0.000000000000000000e+00,0.000000000000000000e+00,0.000000000000000000e+00,0.000000000000000000e+00,5.818191757769201056e-01,0.000000000000000000e+00,4.925151104292059268e-01,5.206873495924062567e-01,4.827438107712995197e-01,4.113588639601974961e-01,5.559699502985244735e-01,0.000000000000000000e+00,4.882861247137231797e-01,0.000000000000000000e+00,5.162311515030176823e-01,0.000000000000000000e+00,5.287365943889092978e-01,0.000000000000000000e+00,0.000000000000000000e+00,0.000000000000000000e+00,5.878534898487470794e-01,5.315491494465023337e-01,5.108902733454603329e-01,0.000000000000000000e+00,5.207590103281152238e-01,0.000000000000000000e+00,0.000000000000000000e+00,0.000000000000000000e+00,5.698116889400017815e-01,5.078821867451009942e-01,5.179567751808945575e-01,0.000000000000000000e+00,4.952374452145826833e-01
0.000000000000000000e+00,3.933742202399844179e-01,3.378290076719214774e-01,4.313136447683625918e-01,3.632384718292883119e-01,3.766979560917287917e-01,4.166505921796359035e-01,5.167365595495255759e-01,0.000000000000000000e+00,4.980736993665809131e-01,3.790814957880769276e-01,4.218762751902243036e-01,4.241541640032591154e-01,4.353304975395663190e-01,0.000000000000000000e+00,0.000000000000000000e+00,0.000000000000000000e+00,3.610467878981756251e-01,3.287781053692218070e-01,4.216241274944462214e-01,0.000000000000000000e+00,4.492084965864069912e-01,4.455743918970195838e-01,3.881756349554533192e-01,3.767378537435731034e-01,4.306695369373448878e-01,3.988071476582579766e-01,4.614641897698522066e-01,4.572340557889164048e-01,4.133040322294693758e-01,4.751046107555695897e-01,4.363023637319283776e-01,4.151114605568890781e-01,4.749235011102905801e-01,4.542636041066034913e-01,4.305963598819240179e-01,4.768095550043299768e-01,4.572452589378814825e-01,5.401571134253839723e-01,0.000000000000000000e+00,3.482178291478361110e-01,0.000000000000000000e+00,5.152356054458292478e-01,0.000000000000000000e+00,0.000000000000000000e+00,0.000000000000000000e+00,0.000000000000000000e+00,6.137507232935051071e-01,0.000000000000000000e+00,5.344460199608627171e-01,5.898379292781393834e-01,5.797371713649939196e-01,5.426073043245693839e-01,6.641226339818125934e-01,0.000000000000000000e+00,5.345856842191251124e-01,0.000000000000000000e+00,4.953960261473075999e-01,0.000000000000000000e+00,0.000000000000000000e+00,0.000000000000000000e+00,0.000000000000000000e+00,0.000000000000000000e+00,6.380360882401471256e-01,0.000000000000000000e+00,0.000000000000000000e+00,0.000000000000000000e+00,5.808547910821225679e-01,0.000000000000000000e+00,0.000000000000000000e+00,0.000000000000000000e+00,5.891785314432405052e-01,4.922071625386041926e-01,0.000000000000000000e+00,0.000000000000000000e+00,0.000000000000000000e+00
4.442424687622805179e-01,0.000000000000000000e+00,0.000000000000000000e+00,0.000000000000000000e+00,4.667709936107665158e-01,5.252254290114659607e-01,4.906484019055977752e-01,4.433193478718633895e-01,4.980736993665809131e-01,0.000000000000000000e+00,4.730251744168493255e-01,3.446946225920746176e-01,4.566738023061031049e-01,0.000000000000000000e+00,0.000000000000000000e+00,4.282853291181443200e-01,3.814058905172925118e-01,4.156726070407745777e-01,5.009577079022238255e-01,2.919211816848598096e-01,0.000000000000000000e+00,3.366021124672342046e-01,4.754570409156427258e-01,3.721808483071409879e-01,3.850722738307529869e-01,3.959830035089241806e-01,3.951243777751599073e-01,4.513047532951092733e-01,2.964340565815877238e-01,0.000000000000000000e+00,3.789047911184362238e-01,4.154791966750380761e-01,3.444974002731385765e-01,3.447122414124855205e-01,3.864512600424089839e-01,4.568073822651199101e-01,0.000000000000000000e+00,2.972129287959092148e-01,4.987417774534527726e-01,3.999391940556116798e-01,4.236264379507111988e-01,0.000000000000000000e+00,0.000000000000000000e+00,0.000000000000000000e+00,3.999480716196129881e-01,4.413715240378118798e-01,0.000000000000000000e+00,0.000000000000000000e+00,0.000000000000000000e+00,0.000000000000000000e+00,0.000000000000000000e+00,0.000000000000000000e+00,0.000000000000000000e+00,0.000000000000000000e+00,4.991822461069888028e-01,0.000000000000000000e+00,5.137292077190520612e-01,4.842857967095945959e-01,0.000000000000000000e+00,0.000000000000000000e+00,0.000000000000000000e+00,5.031501241586171513e-01,4.523807368072840784e-01,0.000000000000000000e+00,0.000000000000000000e+00,0.000000000000000000e+00,0.000000000000000000e+00,0.000000000000000000e+00,5.005174601685732361e-01,4.726772547130274060e-01,5.053309454117198563e-01,0.000000000000000000e+00,5.046620650435997835e-01,0.000000000000000000e+00,0.000000000000000000e+00,4.426536989862214777e-01
0.000000000000000000e+00,0.000000000000000000e+00,4.125666061928218165e-01,3.893716503892795111e-01,3.715015195298579931e-01,4.049777563649550882e-01,4.328662795406961195e-01,3.708158777602810763e-01,3.790814957880769276e-01,4.730251744168493255e-01,0.000000000000000000e+00,4.424818461354846910e-01,4.434779214955220095e-01,3.336345539892768275e-01,0.000000000000000000e+00,0.000000000000000000e+00,3.868207089441053070e-01,0.000000000000000000e+00,3.465082955992412894e-01,0.000000000000000000e+00,0.000000000000000000e+00,0.000000000000000000e+00,3.964041120918426198e-01,4.238846485805636832e-01,0.000000000000000000e+00,2.982394199321695138e-01,4.463372699010461075e-01,4.441292799441958206e-01,0.000000000000000000e+00,0.000000000000000000e+00,4.757593307075242972e-01,3.825490985294848767e-01,4.239355922201515914e-01,4.675017611737121159e-01,4.250597799688434764e-01,3.301195792085970249e-01,4.534821745517084168e-01,4.128458271273091063e-01,4.503562129364747091e-01,0.000000000000000000e+00,0.000000000000000000e+00,0.000000000000000000e+00,4.613469503182249243e-01,0.000000000000000000e+00,0.000000000000000000e+00,0.000000000000000000e+00,0.000000000000000000e+00,5.851398275602235355e-01,0.000000000000000000e+00,5.613275276827465188e-01,5.574280885661405671e-01,5.277073369645511880e-01,5.459848498636843406e-01,5.847726038254351666e-01,0.000000000000000000e+00,3.641007109189519086e-01,0.000000000000000000e+00,4.774493345945716172e-01,0.000000000000000000e+00,0.000000000000000000e+00,0.000000000000000000e+00,0.000000000000000000e+00,0.000000000000000000e+00,6.273940519596854504e-01,0.000000000000000000e+00,0.000000000000000000e+00,0.000000000000000000e+00,5.622418761086216410e-01,0.000000000000000000e+00,0.000000000000000000e+00,0.000000000000000000e+00,6.007038701973901329e-01,4.183596165409818046e-01,0.000000000000000000e+00,0.000000000000000000e+00,0.000000000000000000e+00
4.283987385287771898e-01,0.000000000000000000e+00,0.000000000000000000e+00,2.596809669836622203e-01,4.461385585680220922e-01,3.569774016233254188e-01,4.577173699379625815e-01,4.592436922307545077e-01,4.218762751902243036e-01,3.446946225920746176e-01,4.424818461354846910e-01,0.000000000000000000e+00,4.582085426183507004e-01,0.000000000000000000e+00,0.000000000000000000e+00,0.000000000000000000e+00,4.021542533160549771e-01,4.351885932258586775e-01,4.041682451720173819e-01,0.000000000000000000e+00,4.504506337510377767e-01,0.000000000000000000e+00,4.555973127821252855e-01,3.349404390289050237e-01,3.999691084085821857e-01,3.498885417162859723e-01,0.000000000000000000e+00,4.403762932217243908e-01,0.000000000000000000e+00,0.000000000000000000e+00,3.779324407349060055e-01,2.565487395684596938e-01,3.289146726051401792e-01,2.904881892088809758e-01,3.568160394694889215e-01,3.282990954854563825e-01,3.401339365546998117e-01,2.537278450129850094e-01,2.571790609409180806e-01,4.108846643537356069e-01,3.593979855495614273e-01,3.969157331835354019e-01,2.866053253314780891e-01,0.000000000000000000e+00,4.149095833143495171e-01,0.000000000000000000e+00,0.000000000000000000e+00,0.000000000000000000e+00,0.000000000000000000e+00,0.000000000000000000e+00,0.000000000000000000e+00,0.000000000000000000e+00,0.000000000000000000e+00,0.000000000000000000e+00,5.014688132014625266e-01,0.000000000000000000e+00,5.189006277406356116e-01,4.175429846638932796e-01,0.000000000000000000e+00,0.000000000000000000e+00,0.000000000000000000e+00,4.854325284499618753e-01,4.423019038333789177e-01,0.000000000000000000e+00,0.000000000000000000e+00,0.000000000000000000e+00,0.000000000000000000e+00,0.000000000000000000e+00,5.040837273449171319e-01,4.820650283067819952e-01,5.115233478855907290e-01,0.000000000000000000e+00,2.982320805849733025e-01,0.000000000000000000e+00,0.000000000000000000e+00,4.760520273432182758e-01
3.708479031921542157e-01,4.136186291805263870e-01,4.637503894657418191e-01,3.276815321120902791e-01,3.966283826762910247e-01,4.086560330841854105e-01,3.661325158029590798e-01,4.627164931946782800e-01,4.241541640032591154e-01,4.566738023061031049e-01,4.434779214955220095e-01,4.582085426183507004e-01,0.000000000000000000e+00,3.305621524588602256e-01,4.595096587741380745e-01,4.827760077625415924e-01,4.883759505796995137e-01,4.881536918368519773e-01,4.656705271035266880e-01,4.462536023827978204e-01,4.475208354785927822e-01,4.735418230439463749e-01,4.476492022376720170e-01,4.480638423104805756e-01,4.312641015826407243e-01,4.429563949430196934e-01,4.482019785580426130e-01,3.597370643481280217e-01,4.186949610761386276e-01,3.700324316243400191e-01,4.118061012307522861e-01,3.951129195821637130e-01,4.189800578900603201e-01,4.173031080344116184e-01,3.855699968547773859e-01,3.429266351889930231e-01,3.550171985948549769e-01,4.111826836193239743e-01,4.904022472445431768e-01,3.742752603148762902e-01,3.279052334335179064e-01,3.226058516830884737e-01,4.405005302334477069e-01,0.000000000000000000e+00,0.000000000000000000e+00,0.000000000000000000e+00,0.000000000000000000e+00,5.280401364455626911e-01,0.000000000000000000e+00,0.000000000000000000e+00,5.924107042585103899e-01,4.342514630727952185e-01,5.303632370570008359e-01,0.000000000000000000e+00,0.000000000000000000e+00,4.417595455593680831e-01,4.448191386089899724e-01,0.000000000000000000e+00,0.000000000000000000e+00,3.808895005515350873e-01,0.000000000000000000e+00,0.000000000000000000e+00,0.000000000000000000e+00,0.000000000000000000e+00,5.131959795466541907e-01,0.000000000000000000e+00,2.968135377941383268e-01,5.290417607309931824e-01,0.000000000000000000e+00,3.985209810136182140e-01,3.436904859290709768e-01,5.468307496938016321e-01,0.000000000000000000e+00,4.973696422304070830e-01,0.000000000000000000e+00,0.000000000000000000e+00
0.000000000000000000e+00,0.000000000000000000e+00,4.578243950706474275e-01,2.692228334677179147e-01,2.973124328639250025e-01,4.573866029951598744e-01,3.022574050165637849e-01,3.597106327821881777e-01,4.353304975395663190e-01,0.000000000000000000e+00,3.336345539892768275e-01,0.000000000000000000e+00,3.305621524588602256e-01,0.000000000000000000e+00,0.000000000000000000e+00,0.000000000000000000e+00,0.000000000000000000e+00,0.000000000000000000e+00,4.233146344123805971e-01,0.000000000000000000e+00,0.000000000000000000e+00,0.000000000000000000e+00,3.980129668314847935e-01,0.000000000000000000e+00,0.000000000000000000e+00,0.000000000000000000e+00,4.791182388104304746e-01,2.530457807126677006e-01,0.000000000000000000e+00,0.000000000000000000e+00,0.000000000000000000e+00,2.990273960148467913e-01,0.000000000000000000e+00,0.000000000000000000e+00,0.000000000000000000e+00,2.190217144492349055e-01,1.803087387552632925e-01,0.000000000000000000e+00,0.000000000000000000e+00,0.000000000000000000e+00,0.000000000000000000e+00,0.000000000000000000e+00,0.000000000000000000e+00,0.000000000000000000e+00,0.000000000000000000e+00,0.000000000000000000e+00,0.000000000000000000e+00,6.478954281331725795e-01,0.000000000000000000e+00,0.000000000000000000e+00,0.000000000000000000e+00,0.000000000000000000e+00,0.000000000000000000e+00,5.661235507866234640e-01,0.000000000000000000e+00,5.088152789854062386e-01,0.000000000000000000e+00,0.000000000000000000e+00,0.000000000000000000e+00,0.000000000000000000e+00,0.000000000000000000e+00,0.000000000000000000e+00,0.000000000000000000e+00,0.000000000000000000e+00,0.000000000000000000e+00,0.000000000000000000e+00,0.000000000000000000e+00,5.469983006587967322e-01,0.000000000000000000e+00,0.000000000000000000e+00,0.000000000000000000e+00,5.472424447477653997e-01,0.000000000000000000e+00,0.000000000000000000e+00,0.000000000000000000e+00,0.000000000000000000e+00
3.952863340658611113e-01,4.287131079047110105e-01,0.000000000000000000e+00,0.000000000000000000e+00,0.000000000000000000e+00,4.459505717680795067e-01,0.000000000000000000e+00,0.000000000000000000e+00,0.000000000000000000e+00,0.000000000000000000e+00,0.000000000000000000e+00,0.000000000000000000e+00,4.595096587741380745e-01,0.000000000000000000e+00,0.000000000000000000e+00,4.259367381520802187e-01,0.000000000000000000e+00,4.283364413811184823e-01,0.000000000000000000e+00,3.643675952134881046e-01,3.711058792239180781e-01,3.706785089309538872e-01,3.478879272621620000e-01,4.978065117283596019e-01,4.140206543538904049e-01,4.059726749776532140e-01,4.028281447584244890e-01,4.520762482045642128e-01,4.101336403949247811e-01,0.000000000000000000e+00,4.093092175896537732e-01,4.271373272761739837e-01,3.806642924935542127e-01,4.208936366650642968e-01,4.698935711961417239e-01,5.465181325053185546e-01,0.000000000000000000e+00,0.000000000000000000e+00,4.881445602123071770e-01,4.913295640397956077e-01,4.836841403977196197e-01,5.161069480362195927e-01,0.000000000000000000e+00,0.000000000000000000e+00,0.000000000000000000e+00,0.000000000000000000e+00,5.269669144446227360e-01,0.000000000000000000e+00,0.000000000000000000e+00,0.000000000000000000e+00,5.234918965371647692e-01,0.000000000000000000e+00,5.093676953555521525e-01,0.000000000000000000e+00,0.000000000000000000e+00,0.000000000000000000e+00,0.000000000000000000e+00,3.936181415889001833e-01,0.000000000000000000e+00,4.957541098688099113e-01,4.296476762523108173e-01,0.000000000000000000e+00,0.000000000000000000e+00,0.000000000000000000e+00,4.874805332219235843e-01,4.685306658013823067e-01,5.052260928403676798e-01,5.006223007900552080e-01,0.000000000000000000e+00,0.000000000000000000e+00,5.659402694373169007e-01,5.002601545644160819e-01,4.846551093177111080e-01,4.989663055877843756e-01,0.000000000000000000e+00,4.706970484341811978e-01
4.223100290515922062e-01,4.267616261430264846e-01,0.000000000000000000e+00,0.000000000000000000e+00,4.215702901247462275e-01,4.219227250256000761e-01,4.942358550045267140e-01,4.708658873876813145e-01,0.000000000000000000e+00,4.282853291181443200e-01,0.000000000000000000e+00,0.000000000000000000e+00,4.827760077625415924e-01,0.000000000000000000e+00,4.259367381520802187e-01,0.000000000000000000e+00,4.260849220334483878e-01,3.571169872024708147e-01,0.000000000000000000e+00,4.399161188281355273e-01,4.281961012112067144e-01,4.272446353607188274e-01,4.551988211078270008e-01,0.000000000000000000e+00,4.243028558484617796e-01,4.415689862283235789e-01,4.401298527680764794e-01,4.691274922540131787e-01,4.501777088251719960e-01,4.018823678949913214e-01,4.030900216225734023e-01,4.409523058874587065e-01,4.027453693638139987e-01,4.066145890860388135e-01,4.548732439040483189e-01,0.000000000000000000e+00,0.000000000000000000e+00,0.000000000000000000e+00,4.640086918409055960e-01,4.401930971567334927e-01,4.509171385385105091e-01,4.773001309792482827e-01,0.000000000000000000e+00,0.000000000000000000e+00,0.000000000000000000e+00,4.596789837798325173e-01,4.794632989337518914e-01,0.000000000000000000e+00,0.000000000000000000e+00,0.000000000000000000e+00,0.000000000000000000e+00,0.000000000000000000e+00,0.000000000000000000e+00,0.000000000000000000e+00,0.000000000000000000e+00,0.000000000000000000e+00,0.000000000000000000e+00,0.000000000000000000e+00,0.000000000000000000e+00,4.810870408491905725e-01,4.658467996288482849e-01,0.000000000000000000e+00,4.507298779218221196e-01,0.000000000000000000e+00,4.941183653644433127e-01,0.000000000000000000e+00,4.833471357993754935e-01,3.521835898297777101e-01,0.000000000000000000e+00,4.628895287402968739e-01,4.935248567041347068e-01,0.000000000000000000e+00,0.000000000000000000e+00,4.476237338341804151e-01,0.000000000000000000e+00,4.445791695648310116e-01
4.018863081440897100e-01,3.832349104304338949e-01,0.000000000000000000e+00,0.000000000000000000e+00,0.000000000000000000e+00,3.310855485112034202e-01,4.544375682134271788e-01,0.000000000000000000e+00,0.000000000000000000e+00,3.814058905172925118e-01,3.868207089441053070e-01,4.021542533160549771e-01,4.883759505796995137e-01,0.000000000000000000e+00,0.000000000000000000e+00,4.260849220334483878e-01,0.000000000000000000e+00,3.993980616508510106e-01,0.000000000000000000e+00,3.626430887309133877e-01,0.000000000000000000e+00,4.317037834440576871e-01,0.000000000000000000e+00,4.332773450768102053e-01,3.969730210429540107e-01,4.308744608645769247e-01,0.000000000000000000e+00,4.672115081751457843e-01,3.592957606087882061e-01,0.000000000000000000e+00,3.963023818054924874e-01,4.329493718538141023e-01,3.811191446294556195e-01,4.094325628017539964e-01,4.231163820898891093e-01,0.000000000000000000e+00,0.000000000000000000e+00,3.719435088971264070e-01,0.000000000000000000e+00,4.141100826431434734e-01,0.000000000000000000e+00,0.000000000000000000e+00,0.000000000000000000e+00,0.000000000000000000e+00,0.000000000000000000e+00,0.000000000000000000e+00,0.000000000000000000e+00,0.000000000000000000e+00,0.000000000000000000e+00,0.000000000000000000e+00,0.000000000000000000e+00,0.000000000000000000e+00,0.000000000000000000e+00,0.000000000000000000e+00,4.957850356105942824e-01,0.000000000000000000e+00,5.351348207803254819e-01,0.000000000000000000e+00,0.000000000000000000e+00,0.000000000000000000e+00,0.000000000000000000e+00,5.112961121921784091e-01,4.760972186074080015e-01,0.000000000000000000e+00,0.000000000000000000e+00,0.000000000000000000e+00,0.000000000000000000e+00,0.000000000000000000e+00,4.997534486074453053e-01,4.727380412422741984e-01,4.909018758975622898e-01,0.000000000000000000e+00,0.000000000000000000e+00,0.000000000000000000e+00,0.000000000000000000e+00,0.000000000000000000e+00
4.125083972418132072e-01,4.269773117813527863e-01,0.000000000000000000e+00,0.000000000000000000e+00,0.000000000000000000e+00,4.408977055283452851e-01,4.986732016539354162e-01,5.177493572651276077e-01,3.610467878981756251e-01,4.156726070407745777e-01,0.000000000000000000e+00,4.351885932258586775e-01,4.881536918368519773e-01,0.000000000000000000e+00,4.283364413811184823e-01,3.571169872024708147e-01,3.993980616508510106e-01,0.000000000000000000e+00,0.000000000000000000e+00,4.386472026488426046e-01,4.411367510613610210e-01,4.432269752467166146e-01,4.715679416897173848e-01,4.307883077408342087e-01,3.864820424888151251e-01,4.264031710480074011e-01,4.415388051942668035e-01,4.747130876134906807e-01,4.645712148821634080e-01,4.377623897744609138e-01,4.247804147796980234e-01,4.410378625629907123e-01,3.867211468534946794e-01,4.155122053169290064e-01,4.671756883056670251e-01,0.000000000000000000e+00,0.000000000000000000e+00,0.000000000000000000e+00,4.547722948735871129e-01,4.265309043300771208e-01,4.430242871057945009e-01,5.061271002692440124e-01,0.000000000000000000e+00,0.000000000000000000e+00,0.000000000000000000e+00,4.535641973192314214e-01,4.595034388027717243e-01,0.000000000000000000e+00,0.000000000000000000e+00,0.000000000000000000e+00,0.000000000000000000e+00,0.000000000000000000e+00,0.000000000000000000e+00,0.000000000000000000e+00,4.512012845883027756e-01,0.000000000000000000e+00,4.790188470418382249e-01,0.000000000000000000e+00,0.000000000000000000e+00,0.000000000000000000e+00,4.411114037454110792e-01,4.467969538849009270e-01,4.389792388446384086e-01,0.000000000000000000e+00,0.000000000000000000e+00,0.000000000000000000e+00,4.918813585966089197e-01,0.000000000000000000e+00,5.267233581854237068e-01,4.549196432582983118e-01,4.724789720612276867e-01,0.000000000000000000e+00,0.000000000000000000e+00,0.000000000000000000e+00,0.000000000000000000e+00,4.539043030189514050e-01
0.000000000000000000e+00,0.000000000000000000e+00,3.651524687396243141e-01,4.592502081840794115e-01,3.991340704066230760e-01,4.457861555926774799e-01,4.527787272856310108e-01,5.221875121283853227e-01,3.287781053692218070e-01,5.009577079022238255e-01,3.465082955992412894e-01,4.041682451720173819e-01,4.656705271035266880e-01,4.233146344123805971e-01,0.000000000000000000e+00,0.000000000000000000e+00,0.000000000000000000e+00,0.000000000000000000e+00,0.000000000000000000e+00,0.000000000000000000e+00,0.000000000000000000e+00,0.000000000000000000e+00,4.027753984735327752e-01,0.000000000000000000e+00,0.000000000000000000e+00,0.000000000000000000e+00,4.255359791303525152e-01,4.618462568758082143e-01,0.000000000000000000e+00,0.000000000000000000e+00,4.974390203255135146e-01,4.252311735539037740e-01,0.000000000000000000e+00,5.021585006220479208e-01,4.579323683193294858e-01,4.150955374056610747e-01,4.666778289442405914e-01,4.137670118848078005e-01,5.391417330823590204e-01,0.000000000000000000e+00,0.000000000000000000e+00,0.000000000000000000e+00,5.666282270588109959e-01,0.000000000000000000e+00,0.000000000000000000e+00,0.000000000000000000e+00,0.000000000000000000e+00,6.470593688489260087e-01,0.000000000000000000e+00,5.684774302712658489e-01,6.409218007575159248e-01,5.556437472768809283e-01,5.853549915198594800e-01,6.176708193836670802e-01,0.000000000000000000e+00,4.786451660078163139e-01,0.000000000000000000e+00,4.575689658464167087e-01,0.000000000000000000e+00,0.000000000000000000e+00,0.000000000000000000e+00,0.000000000000000000e+00,0.000000000000000000e+00,6.602208626658822022e-01,0.000000000000000000e+00,0.000000000000000000e+00,0.000000000000000000e+00,5.992988636710758765e-01,0.000000000000000000e+00,0.000000000000000000e+00,0.000000000000000000e+00,6.430962336237168175e-01,0.000000000000000000e+00,0.000000000000000000e+00,0.000000000000000000e+00,0.000000000000000000e+00
4.215349476489357872e-01,4.232824861020054175e-01,0.000000000000000000e+00,0.000000000000000000e+00,4.512646056309220777e-01,4.145293100765067851e-01,4.488144740282962175e-01,4.002030666243400203e-01,4.216241274944462214e-01,2.919211816848598096e-01,0.000000000000000000e+00,0.000000000000000000e+00,4.462536023827978204e-01,0.000000000000000000e+00,3.643675952134881046e-01,4.399161188281355273e-01,3.626430887309133877e-01,4.386472026488426046e-01,0.000000000000000000e+00,0.000000000000000000e+00,4.165209633238228237e-01,3.889842494650728733e-01,3.285223672130742067e-01,0.000000000000000000e+00,4.057316302064398750e-01,4.353836807181092894e-01,3.538055195526179086e-01,4.177569521774395778e-01,3.587810909946890225e-01,3.590308346839266029e-01,3.828745314537068123e-01,4.425676170343124105e-01,3.851753341761950944e-01,4.191914499212939238e-01,4.779258634082170776e-01,4.922566469558110058e-01,4.349587408890915885e-01,0.000000000000000000e+00,4.881948137334182758e-01,4.858848586757200105e-01,5.016261483384216735e-01,5.163849663162043413e-01,0.000000000000000000e+00,0.000000000000000000e+00,0.000000000000000000e+00,0.000000000000000000e+00,5.392066567820184009e-01,0.000000000000000000e+00,0.000000000000000000e+00,0.000000000000000000e+00,5.152742146678345181e-01,0.000000000000000000e+00,4.820287812050692011e-01,0.000000000000000000e+00,0.000000000000000000e+00,0.000000000000000000e+00,0.000000000000000000e+00,4.172605173630685726e-01,0.000000000000000000e+00,5.003770986005051657e-01,3.434586785183357804e-01,0.000000000000000000e+00,0.000000000000000000e+00,0.000000000000000000e+00,5.014824928858259145e-01,5.030337336140300319e-01,4.788491109531662904e-01,5.117838491887632957e-01,0.000000000000000000e+00,0.000000000000000000e+00,5.201752653187758924e-01,5.144072069644830547e-01,4.973927068605060176e-01,5.112501938669331558e-01,3.963629917145609083e-01,4.598767737749511753e-01
4.256535212439807037e-01,4.379462703465132889e-01,0.000000000000000000e+00,0.000000000000000000e+00,0.000000000000000000e+00,3.985933254518381763e-01,0.000000000000000000e+00,4.103166420565402261e-01,0.000000000000000000e+00,0.000000000000000000e+00,0.000000000000000000e+00,4.504506337510377767e-01,4.475208354785927822e-01,0.000000000000000000e+00,3.711058792239180781e-01,4.281961012112067144e-01,0.000000000000000000e+00,4.411367510613610210e-01,0.000000000000000000e+00,4.165209633238228237e-01,0.000000000000000000e+00,4.335861143899396031e-01,4.059683171248532063e-01,4.950340136583645800e-01,4.319941752455450090e-01,4.193596493679155879e-01,4.163552550598437763e-01,4.636371475650077900e-01,4.161494146604631794e-01,0.000000000000000000e+00,4.152232745132982128e-01,4.251809804937600190e-01,4.092000152362256227e-01,4.160232230428906885e-01,4.694918918956749732e-01,0.000000000000000000e+00,0.000000000000000000e+00,0.000000000000000000e+00,4.700372763468769199e-01,5.041719417408989656e-01,4.541189727060633841e-01,0.000000000000000000e+00,0.000000000000000000e+00,0.000000000000000000e+00,0.000000000000000000e+00,0.000000000000000000e+00,5.167460409532155241e-01,0.000000000000000000e+00,0.000000000000000000e+00,0.000000000000000000e+00,0.000000000000000000e+00,0.000000000000000000e+00,4.384879014551638088e-01,0.000000000000000000e+00,0.000000000000000000e+00,0.000000000000000000e+00,0.000000000000000000e+00,4.095973911195108230e-01,0.000000000000000000e+00,5.050267032189573735e-01,4.941801684250897164e-01,0.000000000000000000e+00,0.000000000000000000e+00,0.000000000000000000e+00,4.547693879231798908e-01,3.870719190667343823e-01,5.166178138191165337e-01,4.854754877126463142e-01,0.000000000000000000e+00,4.201627587317376955e-01,5.293006471567585081e-01,4.885580677932234162e-01,4.928367442145489274e-01,4.728658906939948170e-01,0.000000000000000000e+00,4.051356211188708034e-01
