0.000000000000000000e+00,4.038011420840170174e-01,0.000000000000000000e+00,0.000000000000000000e+00,0.000000000000000000e+00,4.752267559575557021e-01,0.000000000000000000e+00,5.379784522351508391e-01,0.000000000000000000e+00,4.635230928828520947e-01,0.000000000000000000e+00,4.123498719757897057e-01,4.415267197825228918e-01,0.000000000000000000e+00,4.059052916127212085e-01,4.175990611644262995e-01,0.000000000000000000e+00,4.189324175171528775e-01,0.000000000000000000e+00,4.254175445902603214e-01,4.279057342524827945e-01,3.976197825474077074e-01,5.054569321406816584e-01,3.830227286770093165e-01,4.121765460163063222e-01,3.839931950450758968e-01,4.720142461518814780e-01,4.735462047538617769e-01,4.787051016763880784e-01,0.000000000000000000e+00,3.782504024400121789e-01,4.260827720727118906e-01,3.649377619732884215e-01,4.035101998971720727e-01,4.548542395515148273e-01,0.000000000000000000e+00,0.000000000000000000e+00,4.229061119728977913e-01,4.753729532339364128e-01,4.663598188672465894e-01,0.000000000000000000e+00,0.000000000000000000e+00,0.000000000000000000e+00,0.000000000000000000e+00,0.000000000000000000e+00,3.724949570838974044e-01,5.053615958911958916e-01,0.000000000000000000e+00,0.000000000000000000e+00,0.000000000000000000e+00,0.000000000000000000e+00,0.000000000000000000e+00,0.000000000000000000e+00,0.000000000000000000e+00,4.509414068121804231e-01,0.000000000000000000e+00,0.000000000000000000e+00,0.000000000000000000e+00,0.000000000000000000e+00,0.000000000000000000e+00,4.710643541623221742e-01,0.000000000000000000e+00,4.596876539272954920e-01,0.000000000000000000e+00,0.000000000000000000e+00,3.206629190001517027e-01,4.734629635252318169e-01,0.000000000000000000e+00,0.000000000000000000e+00,4.799098634694086152e-01,4.758891618719072736e-01,0.000000000000000000e+00,0.000000000000000000e+00,0.000000000000000000e+00,0.000000000000000000e+00,0.000000000000000000e+00
4.038011420840170174e-01,0.000000000000000000e+00,0.000000000000000000e+00,0.000000000000000000e+00,3.991212113005668249e-01,4.220926794085547162e-01,4.344252647637443232e-01,4.866495272696452767e-01,3.744469138650823870e-01,0.000000000000000000e+00,0.000000000000000000e+00,0.000000000000000000e+00,4.577312558448137780e-01,0.000000000000000000e+00,4.271131476590717124e-01,4.144524438431714808e-01,3.584601826093186117e-01,4.157214180476472842e-01,0.000000000000000000e+00,4.140064708364982748e-01,4.220010086056972254e-01,3.701131028405654222e-01,4.618200657684485844e-01,0.000000000000000000e+00,3.895346296630288196e-01,3.959807150557038136e-01,4.362210130619137982e-01,4.501755595605980154e-01,4.308085831377326258e-01,0.000000000000000000e+00,3.803668273490333207e-01,4.284602215218706878e-01,3.732284418872112153e-01,3.877210454832130115e-01,4.314150555282105226e-01,0.000000000000000000e+00,0.000000000000000000e+00,0.000000000000000000e+00,4.852784650880663797e-01,4.438879216730037824e-01,4.650003158324442221e-01,4.802997550855637177e-01,0.000000000000000000e+00,0.000000000000000000e+00,0.000000000000000000e+00,4.510178930740116887e-01,4.825509744258841272e-01,0.000000000000000000e+00,0.000000000000000000e+00,0.000000000000000000e+00,3.698247055226918101e-01,0.000000000000000000e+00,0.000000000000000000e+00,0.000000000000000000e+00,0.000000000000000000e+00,0.000000000000000000e+00,0.000000000000000000e+00,0.000000000000000000e+00,0.000000000000000000e+00,5.025070762166973237e-01,4.621172159727067186e-01,0.000000000000000000e+00,4.564395417643953845e-01,0.000000000000000000e+00,4.307807088821424824e-01,5.004243380978579125e-01,4.649498420336343196e-01,4.018370991295535100e-01,0.000000000000000000e+00,4.607758569024681949e-01,5.036243188852247421e-01,4.034529282195560840e-01,0.000000000000000000e+00,4.237273485705898013e-01,0.000000000000000000e+00,4.253766642837306100e-01
0.000000000000000000e+00,0.000000000000000000e+00,0.000000000000000000e+00,3.092347822112572198e-01,4.165521175096382200e-01,3.924554526247203134e-01,4.705070535126046893e-01,4.482573335429467787e-01,3.248402354374744228e-01,3.587053643895830035e-01,3.213705703140826153e-01,3.313305238635397276e-01,4.661189680192783236e-01,4.363565925118386146e-01,0.000000000000000000e+00,0.000000000000000000e+00,0.000000000000000000e+00,0.000000000000000000e+00,2.771915805871387750e-01,0.000000000000000000e+00,0.000000000000000000e+00,0.000000000000000000e+00,3.120647300615196906e-01,0.000000000000000000e+00,0.000000000000000000e+00,0.000000000000000000e+00,3.575087227088584174e-01,4.688095835030562930e-01,0.000000000000000000e+00,0.000000000000000000e+00,4.816665351935290884e-01,4.269251352487540840e-01,0.000000000000000000e+00,4.732803689165425154e-01,4.467773290005556119e-01,4.213808865072999899e-01,3.362426392657356100e-01,0.000000000000000000e+00,3.672433575123881244e-01,0.000000000000000000e+00,0.000000000000000000e+00,0.000000000000000000e+00,5.211873028378706252e-01,0.000000000000000000e+00,0.000000000000000000e+00,0.000000000000000000e+00,0.000000000000000000e+00,3.256387808673841255e-01,0.000000000000000000e+00,5.060726231598664526e-01,5.841073641345591039e-01,5.656216258747390757e-01,5.376612900175230525e-01,6.105175508890603453e-01,0.000000000000000000e+00,3.686630549258895773e-01,0.000000000000000000e+00,5.185068590645349751e-01,5.324249188776537522e-01,0.000000000000000000e+00,0.000000000000000000e+00,0.000000000000000000e+00,0.000000000000000000e+00,2.530804718766223038e-01,0.000000000000000000e+00,0.000000000000000000e+00,0.000000000000000000e+00,5.974062047778784246e-01,0.000000000000000000e+00,0.000000000000000000e+00,0.000000000000000000e+00,6.016443885122166879e-01,4.833508368164303737e-01,0.000000000000000000e+00,0.000000000000000000e+00,0.000000000000000000e+00
0.000000000000000000e+00,0.000000000000000000e+00,3.092347822112572198e-01,0.000000000000000000e+00,2.578181990531296930e-01,3.631698143592503869e-01,1.930072717887321987e-01,3.164137669950506937e-01,3.972814387482691001e-01,1.159360824479550994e-01,3.513832741071957200e-01,0.000000000000000000e+00,3.043056884652646787e-01,2.852758193718790136e-01,0.000000000000000000e+00,0.000000000000000000e+00,0.000000000000000000e+00,0.000000000000000000e+00,3.270781264784879960e-01,3.825276453342166261e-01,0.000000000000000000e+00,0.000000000000000000e+00,4.102200988360262257e-01,0.000000000000000000e+00,0.000000000000000000e+00,0.000000000000000000e+00,3.535508652670197871e-01,2.401583568617167985e-01,3.123478659414021252e-01,0.000000000000000000e+00,0.000000000000000000e+00,2.985100387325778093e-01,0.000000000000000000e+00,2.327635415143675113e-01,2.747853061662365870e-01,1.898443797063572025e-01,1.647370149787772964e-01,2.705664998492309792e-01,0.000000000000000000e+00,0.000000000000000000e+00,0.000000000000000000e+00,0.000000000000000000e+00,0.000000000000000000e+00,0.000000000000000000e+00,0.000000000000000000e+00,0.000000000000000000e+00,0.000000000000000000e+00,0.000000000000000000e+00,0.000000000000000000e+00,0.000000000000000000e+00,0.000000000000000000e+00,0.000000000000000000e+00,0.000000000000000000e+00,0.000000000000000000e+00,0.000000000000000000e+00,0.000000000000000000e+00,0.000000000000000000e+00,0.000000000000000000e+00,0.000000000000000000e+00,0.000000000000000000e+00,0.000000000000000000e+00,0.000000000000000000e+00,0.000000000000000000e+00,0.000000000000000000e+00,0.000000000000000000e+00,0.000000000000000000e+00,0.000000000000000000e+00,0.000000000000000000e+00,0.000000000000000000e+00,0.000000000000000000e+00,0.000000000000000000e+00,0.000000000000000000e+00,0.000000000000000000e+00,0.000000000000000000e+00,0.000000000000000000e+00,0.000000000000000000e+00
0.000000000000000000e+00,3.991212113005668249e-01,4.165521175096382200e-01,2.578181990531296930e-01,0.000000000000000000e+00,3.976885383642427274e-01,3.444319542544905799e-01,4.566518649194029056e-01,3.609945942039787248e-01,4.277907067698478727e-01,3.316937766629948214e-01,3.706240930047445814e-01,4.014910434349230894e-01,2.993741424816758201e-01,0.000000000000000000e+00,3.901950809289779776e-01,0.000000000000000000e+00,0.000000000000000000e+00,4.105840428567170131e-01,4.559732646302496750e-01,0.000000000000000000e+00,4.594040714987870921e-01,4.353407837479597031e-01,0.000000000000000000e+00,3.368787885001632842e-01,3.838657567508049206e-01,4.196132031761289904e-01,3.416857667047866198e-01,4.104441861278553816e-01,0.000000000000000000e+00,4.556561164024606203e-01,4.142911707670958177e-01,0.000000000000000000e+00,4.650467129775007757e-01,4.476115085306902053e-01,2.250515730271931136e-01,2.150718131537074918e-01,3.050488773309931179e-01,3.627999945451169106e-01,0.000000000000000000e+00,0.000000000000000000e+00,0.000000000000000000e+00,4.486720195177668069e-01,0.000000000000000000e+00,0.000000000000000000e+00,0.000000000000000000e+00,0.000000000000000000e+00,4.527345941264642737e-01,0.000000000000000000e+00,4.782462575261722804e-01,5.051675700623429188e-01,0.000000000000000000e+00,5.185138465685819043e-01,4.759338819131230802e-01,0.000000000000000000e+00,4.586116011960726935e-01,0.000000000000000000e+00,0.000000000000000000e+00,0.000000000000000000e+00,0.000000000000000000e+00,0.000000000000000000e+00,0.000000000000000000e+00,0.000000000000000000e+00,4.479133459358942138e-01,0.000000000000000000e+00,0.000000000000000000e+00,0.000000000000000000e+00,5.540544037309451664e-01,0.000000000000000000e+00,0.000000000000000000e+00,0.000000000000000000e+00,4.675122737158691200e-01,0.000000000000000000e+00,0.000000000000000000e+00,0.000000000000000000e+00,0.000000000000000000e+00
4.752267559575557021e-01,4.220926794085547162e-01,3.924554526247203134e-01,3.631698143592503869e-01,3.976885383642427274e-01,0.000000000000000000e+00,4.472285176190006206e-01,4.215489375116189819e-01,3.553113635362780132e-01,4.660351144417371194e-01,3.942595550984465125e-01,3.075055652497097891e-01,4.060516858982540223e-01,4.417468326162992120e-01,4.565161052847800938e-01,4.616518264443563724e-01,3.315478587292239876e-01,4.612576506760708850e-01,4.601350565676193272e-01,4.200948401419052902e-01,4.383992548405447054e-01,4.306510441986542981e-01,4.056794464593840854e-01,0.000000000000000000e+00,4.200839785988154107e-01,4.535337075152178210e-01,3.873628754904280269e-01,4.020012609751468791e-01,3.674679804439838215e-01,4.192969993871887846e-01,4.377765528657779903e-01,4.348808143885031230e-01,3.989587581533677874e-01,4.633851989466916121e-01,4.652773358161206851e-01,4.322026440102417766e-01,4.310860192345544739e-01,3.571834639070988193e-01,5.343719844999045288e-01,0.000000000000000000e+00,5.310368962654584690e-01,4.885081364266212200e-01,4.415375700834925921e-01,0.000000000000000000e+00,0.000000000000000000e+00,0.000000000000000000e+00,3.051236027844200227e-01,5.766192498491824470e-01,0.000000000000000000e+00,4.778876523097171924e-01,5.446794844195272933e-01,5.239575762291669436e-01,5.119290437711225827e-01,5.860411823647390106e-01,0.000000000000000000e+00,5.212614975552453123e-01,0.000000000000000000e+00,5.516353900850881065e-01,0.000000000000000000e+00,4.088858969350068762e-01,0.000000000000000000e+00,0.000000000000000000e+00,0.000000000000000000e+00,5.417294564289633074e-01,4.397679130755208776e-01,0.000000000000000000e+00,3.991700727036884833e-01,5.463078188014141023e-01,0.000000000000000000e+00,0.000000000000000000e+00,3.981766329413150007e-01,5.492669735447467394e-01,5.395775378747581508e-01,5.150371823436158403e-01,5.321997690391817581e-01,5.420609645436071933e-01
0.000000000000000000e+00,4.344252647637443232e-01,4.705070535126046893e-01,1.930072717887321987e-01,3.444319542544905799e-01,4.472285176190006206e-01,0.000000000000000000e+00,4.567445163774523920e-01,4.293602064380779848e-01,4.001374074187291074e-01,4.610360363764098857e-01,3.306530444865096174e-01,3.671953762851729031e-01,3.215601792486896815e-01,0.000000000000000000e+00,4.947103295201170092e-01,3.679575949090145848e-01,4.642841976955777161e-01,4.901751913505463243e-01,4.806437417060240858e-01,0.000000000000000000e+00,4.797557575870585178e-01,4.558789921297521919e-01,3.471377004077764172e-01,4.596103612188214838e-01,4.187496656490147240e-01,4.571443298762223884e-01,3.198501800883121193e-01,4.586001268619201987e-01,0.000000000000000000e+00,4.487285164007229765e-01,4.029442310122068882e-01,3.311639008136287865e-01,4.241727549724543800e-01,3.873384413545696847e-01,2.917315297281941056e-01,2.389592402011183891e-01,3.325870522695454912e-01,2.005191274026814907e-01,0.000000000000000000e+00,1.986245364117457946e-01,0.000000000000000000e+00,3.923710094209196808e-01,0.000000000000000000e+00,0.000000000000000000e+00,0.000000000000000000e+00,0.000000000000000000e+00,4.158332425941337895e-01,0.000000000000000000e+00,0.000000000000000000e+00,4.867211410764490931e-01,0.000000000000000000e+00,0.000000000000000000e+00,4.375738974864554209e-01,0.000000000000000000e+00,4.495064837351793186e-01,0.000000000000000000e+00,0.000000000000000000e+00,0.000000000000000000e+00,0.000000000000000000e+00,0.000000000000000000e+00,0.000000000000000000e+00,0.000000000000000000e+00,4.354508180253041094e-01,0.000000000000000000e+00,0.000000000000000000e+00,0.000000000000000000e+00,5.680539078343264103e-01,0.000000000000000000e+00,0.000000000000000000e+00,0.000000000000000000e+00,5.351884692334241134e-01,0.000000000000000000e+00,0.000000000000000000e+00,0.000000000000000000e+00,0.000000000000000000e+00
5.379784522351508391e-01,4.866495272696452767e-01,4.482573335429467787e-01,3.164137669950506937e-01,4.566518649194029056e-01,4.215489375116189819e-01,4.567445163774523920e-01,0.000000000000000000e+00,4.933472264244910810e-01,4.110467530146512116e-01,3.373229037865468904e-01,4.172197166688011993e-01,4.688017325316036210e-01,3.679140254876304139e-01,0.000000000000000000e+00,4.834558083962697261e-01,0.000000000000000000e+00,4.953937333492626771e-01,4.396991056114241125e-01,0.000000000000000000e+00,4.313742244710300766e-01,0.000000000000000000e+00,3.914698886697586255e-01,5.354526483316416341e-01,5.001692874727331484e-01,5.102366896493242265e-01,4.687987441273072098e-01,4.576824904690375839e-01,4.249487338921236201e-01,4.192581842783589807e-01,4.787248827631129244e-01,4.195589181291033976e-01,4.646353830305358090e-01,4.909163556324849798e-01,5.121225021527200383e-01,2.467891391408215951e-01,3.266175533612966086e-01,0.000000000000000000e+00,4.881792330917947842e-01,0.000000000000000000e+00,5.250045973281004530e-01,0.000000000000000000e+00,4.537689431001258877e-01,0.000000000000000000e+00,0.000000000000000000e+00,0.000000000000000000e+00,0.000000000000000000e+00,5.602912655373353257e-01,0.000000000000000000e+00,4.831720300436627147e-01,4.970382276895273788e-01,5.338146957466224363e-01,4.236994892711751781e-01,5.662671934159592135e-01,0.000000000000000000e+00,4.811393799818576844e-01,0.000000000000000000e+00,5.005422746269181378e-01,4.925229600376571093e-01,5.409832087116193122e-01,0.000000000000000000e+00,0.000000000000000000e+00,0.000000000000000000e+00,5.356069742568795311e-01,5.721864205794526814e-01,5.174570441059691550e-01,0.000000000000000000e+00,5.248629443317229804e-01,0.000000000000000000e+00,0.000000000000000000e+00,0.000000000000000000e+00,5.376614194473089414e-01,4.956077602775800228e-01,4.879886465414949859e-01,0.000000000000000000e+00,4.843127113908046733e-01
0.000000000000000000e+00,3.744469138650823870e-01,3.248402354374744228e-01,3.972814387482691001e-01,3.609945942039787248e-01,3.553113635362780132e-01,4.293602064380779848e-01,4.933472264244910810e-01,0.000000000000000000e+00,4.588559053724987069e-01,3.484090492529129945e-01,3.454698878169324971e-01,4.067651414418211875e-01,4.267928913423307269e-01,0.000000000000000000e+00,4.119759548822405915e-01,0.000000000000000000e+00,3.097531202097181247e-01,3.352275487010586974e-01,4.426091684678178928e-01,0.000000000000000000e+00,4.286781987549835859e-01,3.994524851772335849e-01,3.438879581455370205e-01,3.344052402886348863e-01,3.495083295076074070e-01,3.687487733316707761e-01,4.656791079924553212e-01,4.197505076639103105e-01,3.929336740797805261e-01,4.882798755341500874e-01,4.469124351315085786e-01,4.046317451599779069e-01,4.822131910287337231e-01,4.579396854930201100e-01,4.279178910568154914e-01,4.401284056333389927e-01,3.630904157880933125e-01,4.051890515005983073e-01,0.000000000000000000e+00,2.575043039691404800e-01,0.000000000000000000e+00,5.086940509151185452e-01,0.000000000000000000e+00,0.000000000000000000e+00,0.000000000000000000e+00,0.000000000000000000e+00,5.628568855737434706e-01,0.000000000000000000e+00,5.211902119103609676e-01,5.604889302673030649e-01,5.194827369413037577e-01,5.637576877162433497e-01,5.848823335264508039e-01,0.000000000000000000e+00,5.472905451999097171e-01,0.000000000000000000e+00,4.667964945085483208e-01,5.245350970606701413e-01,0.000000000000000000e+00,0.000000000000000000e+00,0.000000000000000000e+00,0.000000000000000000e+00,5.524736384172143078e-01,0.000000000000000000e+00,0.000000000000000000e+00,0.000000000000000000e+00,5.806587537389169551e-01,0.000000000000000000e+00,0.000000000000000000e+00,0.000000000000000000e+00,5.814544186723322738e-01,4.629339877852238216e-01,0.000000000000000000e+00,0.000000000000000000e+00,0.000000000000000000e+00
4.635230928828520947e-01,0.000000000000000000e+00,3.587053643895830035e-01,1.159360824479550994e-01,4.277907067698478727e-01,4.660351144417371194e-01,4.001374074187291074e-01,4.110467530146512116e-01,4.588559053724987069e-01,0.000000000000000000e+00,4.614278369607390240e-01,3.139989408627821277e-01,4.434910445276232238e-01,0.000000000000000000e+00,0.000000000000000000e+00,4.723532340129832918e-01,3.159437771459818745e-01,3.848161004527423934e-01,3.895268718721388024e-01,3.903462516719469200e-01,0.000000000000000000e+00,3.879430964878948229e-01,4.201719775124488909e-01,3.721849919972990972e-01,3.631047941511706956e-01,3.741684847930213942e-01,3.566807892746631792e-01,4.184029948334215820e-01,3.501354822338638151e-01,0.000000000000000000e+00,3.556838744665621888e-01,3.819199245650363173e-01,3.595042206277834773e-01,3.563338143016873127e-01,3.089781365210251818e-01,2.652102805395366025e-01,2.499361316052950976e-01,2.965540439170816223e-01,3.218113426266726029e-01,4.386621995769560134e-01,3.215347552752791938e-01,3.213105402502661190e-01,0.000000000000000000e+00,0.000000000000000000e+00,3.872858769190838935e-01,4.733692507615592793e-01,0.000000000000000000e+00,0.000000000000000000e+00,0.000000000000000000e+00,0.000000000000000000e+00,0.000000000000000000e+00,0.000000000000000000e+00,0.000000000000000000e+00,0.000000000000000000e+00,5.105936219217298566e-01,0.000000000000000000e+00,4.878378913156695140e-01,4.062488259153385073e-01,0.000000000000000000e+00,0.000000000000000000e+00,0.000000000000000000e+00,5.126444784081456429e-01,4.681463540303861803e-01,0.000000000000000000e+00,0.000000000000000000e+00,0.000000000000000000e+00,0.000000000000000000e+00,0.000000000000000000e+00,4.810085486873654226e-01,5.126639944151419881e-01,5.149686011167015076e-01,0.000000000000000000e+00,2.053515183539839917e-01,0.000000000000000000e+00,0.000000000000000000e+00,0.000000000000000000e+00
0.000000000000000000e+00,0.000000000000000000e+00,3.213705703140826153e-01,3.513832741071957200e-01,3.316937766629948214e-01,3.942595550984465125e-01,4.610360363764098857e-01,3.373229037865468904e-01,3.484090492529129945e-01,4.614278369607390240e-01,0.000000000000000000e+00,3.881202244423089254e-01,4.774694550231111112e-01,3.267400393829993921e-01,0.000000000000000000e+00,0.000000000000000000e+00,3.634890668079097109e-01,0.000000000000000000e+00,2.929139051505353919e-01,0.000000000000000000e+00,0.000000000000000000e+00,0.000000000000000000e+00,3.523992823006922848e-01,3.893691455533778156e-01,0.000000000000000000e+00,3.429757543999911729e-01,4.336886798009264021e-01,4.556701686445978061e-01,0.000000000000000000e+00,0.000000000000000000e+00,4.957800809114842888e-01,4.274423283110910798e-01,3.604534379052615756e-01,4.879511266458936847e-01,4.623928231962610158e-01,3.418828937381889754e-01,4.131806151720454068e-01,3.689243846495118828e-01,3.814743115575234267e-01,0.000000000000000000e+00,0.000000000000000000e+00,0.000000000000000000e+00,4.470229671081875078e-01,0.000000000000000000e+00,0.000000000000000000e+00,0.000000000000000000e+00,0.000000000000000000e+00,3.586199069407834950e-01,0.000000000000000000e+00,4.083090133818124134e-01,5.064670913229941673e-01,4.381431879823445841e-01,4.830367707692821977e-01,6.011061319919333013e-01,0.000000000000000000e+00,3.590912855740597820e-01,0.000000000000000000e+00,3.313181146305296809e-01,4.813574644175349082e-01,0.000000000000000000e+00,0.000000000000000000e+00,0.000000000000000000e+00,0.000000000000000000e+00,2.874040094117941146e-01,0.000000000000000000e+00,0.000000000000000000e+00,0.000000000000000000e+00,5.550743003617433224e-01,0.000000000000000000e+00,0.000000000000000000e+00,0.000000000000000000e+00,5.413361983266492539e-01,2.840199610083739001e-01,0.000000000000000000e+00,0.000000000000000000e+00,0.000000000000000000e+00
4.123498719757897057e-01,0.000000000000000000e+00,3.313305238635397276e-01,0.000000000000000000e+00,3.706240930047445814e-01,3.075055652497097891e-01,3.306530444865096174e-01,4.172197166688011993e-01,3.454698878169324971e-01,3.139989408627821277e-01,3.881202244423089254e-01,0.000000000000000000e+00,4.092145648581935746e-01,0.000000000000000000e+00,0.000000000000000000e+00,0.000000000000000000e+00,3.874618230567569155e-01,4.324400812695737839e-01,3.570765645920642162e-01,0.000000000000000000e+00,4.431785278078835266e-01,0.000000000000000000e+00,3.304184975320675899e-01,3.121738601194730123e-01,3.895679337816211896e-01,3.422411586556671215e-01,3.167305080573946108e-01,3.764485211228332240e-01,0.000000000000000000e+00,0.000000000000000000e+00,3.645863782295802880e-01,3.063283395008373211e-01,3.504853181344443902e-01,2.907032016695859089e-01,2.677983581560954840e-01,2.944823471299455875e-01,2.796949915013731136e-01,2.545110949761201780e-01,2.407842394083359039e-01,4.473297024792790011e-01,2.967916171771228795e-01,2.939034927380723139e-01,3.843864195395725880e-01,0.000000000000000000e+00,3.950247068705812215e-01,0.000000000000000000e+00,0.000000000000000000e+00,0.000000000000000000e+00,0.000000000000000000e+00,0.000000000000000000e+00,0.000000000000000000e+00,0.000000000000000000e+00,0.000000000000000000e+00,0.000000000000000000e+00,5.033060123292614207e-01,0.000000000000000000e+00,4.830333892056434264e-01,3.006097038130993160e-01,0.000000000000000000e+00,0.000000000000000000e+00,0.000000000000000000e+00,4.925351152189961779e-01,4.695961833048477030e-01,0.000000000000000000e+00,0.000000000000000000e+00,0.000000000000000000e+00,0.000000000000000000e+00,0.000000000000000000e+00,4.670967102293225870e-01,5.055616299639673628e-01,4.996457008726474802e-01,0.000000000000000000e+00,2.299108977727370995e-01,0.000000000000000000e+00,0.000000000000000000e+00,5.079757417128025754e-01
4.415267197825228918e-01,4.577312558448137780e-01,4.661189680192783236e-01,3.043056884652646787e-01,4.014910434349230894e-01,4.060516858982540223e-01,3.671953762851729031e-01,4.688017325316036210e-01,4.067651414418211875e-01,4.434910445276232238e-01,4.774694550231111112e-01,4.092145648581935746e-01,0.000000000000000000e+00,3.414014671113959065e-01,4.908587920045345832e-01,4.865671712472394161e-01,3.898479300216360910e-01,4.591512334388084260e-01,4.832948744023173870e-01,4.576295690171535147e-01,4.886605957324707816e-01,4.729684139738071225e-01,4.590378052559214161e-01,3.826231825349378779e-01,4.595708321520656225e-01,4.605893644001369247e-01,4.548387336390302127e-01,3.350362908094309256e-01,3.972308024909714796e-01,3.635038989183648761e-01,4.195173802211862868e-01,4.209872080376276804e-01,3.880231816428150737e-01,4.205779110013769251e-01,4.041876424096658149e-01,3.628613770839160813e-01,3.234487504316702067e-01,3.697194470073257855e-01,3.912007884036585170e-01,3.538185929504322758e-01,2.388328801380422972e-01,2.584755468025227154e-01,4.202684200472566745e-01,0.000000000000000000e+00,2.841030269505254169e-01,0.000000000000000000e+00,0.000000000000000000e+00,3.596179654712128859e-01,0.000000000000000000e+00,0.000000000000000000e+00,5.251979918903035838e-01,4.455854616300298776e-01,5.009012068148795960e-01,0.000000000000000000e+00,0.000000000000000000e+00,4.705745280435674749e-01,0.000000000000000000e+00,0.000000000000000000e+00,0.000000000000000000e+00,4.200589271842614103e-01,0.000000000000000000e+00,0.000000000000000000e+00,0.000000000000000000e+00,0.000000000000000000e+00,3.973048579816153003e-01,0.000000000000000000e+00,3.180688860735961243e-01,5.484868945042596922e-01,0.000000000000000000e+00,3.009268367867791172e-01,3.399854056890234122e-01,5.370997770129479765e-01,0.000000000000000000e+00,4.447397396871908826e-01,0.000000000000000000e+00,0.000000000000000000e+00
0.000000000000000000e+00,0.000000000000000000e+00,4.363565925118386146e-01,2.852758193718790136e-01,2.993741424816758201e-01,4.417468326162992120e-01,3.215601792486896815e-01,3.679140254876304139e-01,4.267928913423307269e-01,0.000000000000000000e+00,3.267400393829993921e-01,0.000000000000000000e+00,3.414014671113959065e-01,0.000000000000000000e+00,0.000000000000000000e+00,0.000000000000000000e+00,0.000000000000000000e+00,0.000000000000000000e+00,4.186551535314838035e-01,0.000000000000000000e+00,0.000000000000000000e+00,0.000000000000000000e+00,4.217466692278004081e-01,0.000000000000000000e+00,0.000000000000000000e+00,0.000000000000000000e+00,4.604658487237133224e-01,2.942761042683685879e-01,0.000000000000000000e+00,0.000000000000000000e+00,0.000000000000000000e+00,3.047916966694202978e-01,0.000000000000000000e+00,4.255780893346067795e-01,0.000000000000000000e+00,2.670774225590659134e-01,1.874918446494112101e-01,0.000000000000000000e+00,4.445860694954227865e-01,0.000000000000000000e+00,0.000000000000000000e+00,0.000000000000000000e+00,0.000000000000000000e+00,0.000000000000000000e+00,0.000000000000000000e+00,0.000000000000000000e+00,0.000000000000000000e+00,4.758538428023937894e-01,0.000000000000000000e+00,0.000000000000000000e+00,0.000000000000000000e+00,0.000000000000000000e+00,0.000000000000000000e+00,5.313580218102982311e-01,0.000000000000000000e+00,4.763612901181634163e-01,0.000000000000000000e+00,0.000000000000000000e+00,0.000000000000000000e+00,0.000000000000000000e+00,0.000000000000000000e+00,0.000000000000000000e+00,0.000000000000000000e+00,0.000000000000000000e+00,0.000000000000000000e+00,0.000000000000000000e+00,0.000000000000000000e+00,4.401544730736576261e-01,0.000000000000000000e+00,0.000000000000000000e+00,0.000000000000000000e+00,4.810479266607664006e-01,0.000000000000000000e+00,0.000000000000000000e+00,0.000000000000000000e+00,0.000000000000000000e+00
4.059052916127212085e-01,4.271131476590717124e-01,0.000000000000000000e+00,0.000000000000000000e+00,0.000000000000000000e+00,4.565161052847800938e-01,0.000000000000000000e+00,0.000000000000000000e+00,0.000000000000000000e+00,0.000000000000000000e+00,0.000000000000000000e+00,0.000000000000000000e+00,4.908587920045345832e-01,0.000000000000000000e+00,0.000000000000000000e+00,4.461314595734615085e-01,0.000000000000000000e+00,4.462848619845207754e-01,0.000000000000000000e+00,3.156487024421639753e-01,4.298262947514693844e-01,3.805853455161162802e-01,3.822602836706386897e-01,4.894546855255567097e-01,4.070516404726073900e-01,4.149115048593025046e-01,4.394708091186507182e-01,4.366651946073704105e-01,4.336364503491093036e-01,0.000000000000000000e+00,4.366395422659964942e-01,4.870712484138706166e-01,4.351362668899836916e-01,4.702117807955382145e-01,5.279847988025099248e-01,5.109053502640533706e-01,0.000000000000000000e+00,0.000000000000000000e+00,5.194826986295345561e-01,5.099881924996053639e-01,5.328890570782418568e-01,5.564969263299421876e-01,3.555749682422348901e-01,0.000000000000000000e+00,0.000000000000000000e+00,0.000000000000000000e+00,5.388406209532055069e-01,0.000000000000000000e+00,0.000000000000000000e+00,0.000000000000000000e+00,4.841968729166247765e-01,0.000000000000000000e+00,5.469179208145666937e-01,0.000000000000000000e+00,0.000000000000000000e+00,0.000000000000000000e+00,0.000000000000000000e+00,4.236177221338642829e-01,0.000000000000000000e+00,5.369851523623762057e-01,4.832083299471637838e-01,0.000000000000000000e+00,0.000000000000000000e+00,0.000000000000000000e+00,5.295837232920672655e-01,5.237818066976518416e-01,5.561372646804635389e-01,5.361380743614627686e-01,0.000000000000000000e+00,3.653083435162893799e-01,5.801929017223058649e-01,5.452403037902738836e-01,3.861455004790372847e-01,4.962872284747358864e-01,0.000000000000000000e+00,4.719189587510254080e-01
4.175990611644262995e-01,4.144524438431714808e-01,0.000000000000000000e+00,0.000000000000000000e+00,3.901950809289779776e-01,4.616518264443563724e-01,4.947103295201170092e-01,4.834558083962697261e-01,4.119759548822405915e-01,4.723532340129832918e-01,0.000000000000000000e+00,0.000000000000000000e+00,4.865671712472394161e-01,0.000000000000000000e+00,4.461314595734615085e-01,0.000000000000000000e+00,3.700805430710861210e-01,3.260839685213122729e-01,0.000000000000000000e+00,4.263703506086269912e-01,4.321142251997723838e-01,3.865172799938608184e-01,4.671575300262176822e-01,0.000000000000000000e+00,4.006747652679145122e-01,4.425839154239918916e-01,4.529939272385510862e-01,4.346414091384485090e-01,4.384793604360721075e-01,3.417947832215957882e-01,3.581051847910005081e-01,4.496007292505964092e-01,4.000918770066950181e-01,3.864038961948670914e-01,4.281721387025200776e-01,0.000000000000000000e+00,0.000000000000000000e+00,0.000000000000000000e+00,4.802670422384556215e-01,4.359520346690505255e-01,4.650180902878292000e-01,4.816118823229800783e-01,0.000000000000000000e+00,0.000000000000000000e+00,0.000000000000000000e+00,4.467619310155919177e-01,4.823588998906624958e-01,0.000000000000000000e+00,0.000000000000000000e+00,0.000000000000000000e+00,0.000000000000000000e+00,0.000000000000000000e+00,0.000000000000000000e+00,0.000000000000000000e+00,0.000000000000000000e+00,0.000000000000000000e+00,0.000000000000000000e+00,0.000000000000000000e+00,0.000000000000000000e+00,5.103418750167133533e-01,4.596562873646594105e-01,0.000000000000000000e+00,4.425049427176582784e-01,0.000000000000000000e+00,3.998715232065938041e-01,4.631330384646500931e-01,4.600337312358377950e-01,3.799099391782101987e-01,0.000000000000000000e+00,4.632458175231078945e-01,4.992193372403109231e-01,3.471724510819643172e-01,0.000000000000000000e+00,3.717610759789818919e-01,0.000000000000000000e+00,4.929512527322221782e-01
0.000000000000000000e+00,3.584601826093186117e-01,0.000000000000000000e+00,0.000000000000000000e+00,0.000000000000000000e+00,3.315478587292239876e-01,3.679575949090145848e-01,0.000000000000000000e+00,0.000000000000000000e+00,3.159437771459818745e-01,3.634890668079097109e-01,3.874618230567569155e-01,3.898479300216360910e-01,0.000000000000000000e+00,0.000000000000000000e+00,3.700805430710861210e-01,0.000000000000000000e+00,3.562604645314090823e-01,0.000000000000000000e+00,3.212184999677559771e-01,0.000000000000000000e+00,3.623459750743961982e-01,0.000000000000000000e+00,3.811503345737763948e-01,3.171112167195844211e-01,3.891541542739708204e-01,0.000000000000000000e+00,3.898521190431318839e-01,3.539447110841600908e-01,0.000000000000000000e+00,3.661746624048066723e-01,4.415283454609085223e-01,3.922480976100243266e-01,3.820001591561291154e-01,3.901228086675311846e-01,0.000000000000000000e+00,0.000000000000000000e+00,2.894218293981383749e-01,0.000000000000000000e+00,4.238782725314637068e-01,0.000000000000000000e+00,0.000000000000000000e+00,0.000000000000000000e+00,0.000000000000000000e+00,0.000000000000000000e+00,0.000000000000000000e+00,0.000000000000000000e+00,0.000000000000000000e+00,0.000000000000000000e+00,0.000000000000000000e+00,0.000000000000000000e+00,0.000000000000000000e+00,0.000000000000000000e+00,0.000000000000000000e+00,4.965381010957419794e-01,0.000000000000000000e+00,4.854751988525515261e-01,0.000000000000000000e+00,0.000000000000000000e+00,0.000000000000000000e+00,0.000000000000000000e+00,4.482217180136108814e-01,4.418585161395549021e-01,0.000000000000000000e+00,0.000000000000000000e+00,0.000000000000000000e+00,0.000000000000000000e+00,0.000000000000000000e+00,4.919687946340712825e-01,4.834584571202946157e-01,5.007312862442243606e-01,0.000000000000000000e+00,0.000000000000000000e+00,0.000000000000000000e+00,0.000000000000000000e+00,0.000000000000000000e+00
4.189324175171528775e-01,4.157214180476472842e-01,0.000000000000000000e+00,0.000000000000000000e+00,0.000000000000000000e+00,4.612576506760708850e-01,4.642841976955777161e-01,4.953937333492626771e-01,3.097531202097181247e-01,3.848161004527423934e-01,0.000000000000000000e+00,4.324400812695737839e-01,4.591512334388084260e-01,0.000000000000000000e+00,4.462848619845207754e-01,3.260839685213122729e-01,3.562604645314090823e-01,0.000000000000000000e+00,0.000000000000000000e+00,4.343090803914277931e-01,4.237340404184226084e-01,4.233035115035264084e-01,4.768700645519027836e-01,4.106426344187673050e-01,3.626023088122887206e-01,4.083931045841321938e-01,4.576688854568712883e-01,4.382891789034155106e-01,4.617667258077108872e-01,3.267742728514169137e-01,3.839367929029067761e-01,4.503418176851141097e-01,4.000922895397612811e-01,4.064881793800486087e-01,4.296149837564222085e-01,0.000000000000000000e+00,0.000000000000000000e+00,0.000000000000000000e+00,4.485745851146292762e-01,4.077127699887226897e-01,4.529951607046669992e-01,0.000000000000000000e+00,0.000000000000000000e+00,0.000000000000000000e+00,0.000000000000000000e+00,4.587279647051903941e-01,4.750614492744086870e-01,0.000000000000000000e+00,0.000000000000000000e+00,0.000000000000000000e+00,0.000000000000000000e+00,0.000000000000000000e+00,0.000000000000000000e+00,0.000000000000000000e+00,4.655389609995151945e-01,0.000000000000000000e+00,4.993262587388547780e-01,0.000000000000000000e+00,0.000000000000000000e+00,0.000000000000000000e+00,4.410238209554763755e-01,4.764232265659493204e-01,4.503896641590667271e-01,0.000000000000000000e+00,0.000000000000000000e+00,0.000000000000000000e+00,4.564565916625482056e-01,0.000000000000000000e+00,4.600814360908013767e-01,4.628688961791774803e-01,4.898688249722034094e-01,0.000000000000000000e+00,0.000000000000000000e+00,0.000000000000000000e+00,0.000000000000000000e+00,4.456648296767177220e-01
0.000000000000000000e+00,0.000000000000000000e+00,2.771915805871387750e-01,3.270781264784879960e-01,4.105840428567170131e-01,4.601350565676193272e-01,4.901751913505463243e-01,4.396991056114241125e-01,3.352275487010586974e-01,3.895268718721388024e-01,2.929139051505353919e-01,3.570765645920642162e-01,4.832948744023173870e-01,4.186551535314838035e-01,0.000000000000000000e+00,0.000000000000000000e+00,0.000000000000000000e+00,0.000000000000000000e+00,0.000000000000000000e+00,0.000000000000000000e+00,0.000000000000000000e+00,0.000000000000000000e+00,3.682177481792209828e-01,0.000000000000000000e+00,0.000000000000000000e+00,0.000000000000000000e+00,4.177773589798821074e-01,4.821190346574981134e-01,0.000000000000000000e+00,0.000000000000000000e+00,5.042096824642887665e-01,4.448425532672400928e-01,0.000000000000000000e+00,4.871805094887263765e-01,4.530980597258416065e-01,4.255183538169322044e-01,3.972175374088264821e-01,3.646466382237296133e-01,3.549023447128765163e-01,0.000000000000000000e+00,0.000000000000000000e+00,0.000000000000000000e+00,4.880490875590032251e-01,0.000000000000000000e+00,0.000000000000000000e+00,0.000000000000000000e+00,0.000000000000000000e+00,3.573817681225497922e-01,0.000000000000000000e+00,4.914955533470887761e-01,5.423580360457549432e-01,4.650891315158546258e-01,5.530448835903022387e-01,5.828191466266003928e-01,0.000000000000000000e+00,3.863526723619910008e-01,0.000000000000000000e+00,4.707267528145464008e-01,5.060850171662580887e-01,0.000000000000000000e+00,0.000000000000000000e+00,0.000000000000000000e+00,0.000000000000000000e+00,5.195068940389825363e-01,0.000000000000000000e+00,0.000000000000000000e+00,0.000000000000000000e+00,5.860462232093430757e-01,0.000000000000000000e+00,0.000000000000000000e+00,0.000000000000000000e+00,5.797854637325328131e-01,0.000000000000000000e+00,0.000000000000000000e+00,0.000000000000000000e+00,0.000000000000000000e+00
4.254175445902603214e-01,4.140064708364982748e-01,0.000000000000000000e+00,3.825276453342166261e-01,4.559732646302496750e-01,4.200948401419052902e-01,4.806437417060240858e-01,0.000000000000000000e+00,4.426091684678178928e-01,3.903462516719469200e-01,0.000000000000000000e+00,0.000000000000000000e+00,4.576295690171535147e-01,0.000000000000000000e+00,3.156487024421639753e-01,4.263703506086269912e-01,3.212184999677559771e-01,4.343090803914277931e-01,0.000000000000000000e+00,0.000000000000000000e+00,4.783839157826578203e-01,3.721176047222696237e-01,2.961752241395126939e-01,0.000000000000000000e+00,4.231638945282849007e-01,4.518073100329286773e-01,3.532837677229910822e-01,3.912209815507570743e-01,3.511384497962897755e-01,3.383388939162543241e-01,4.027001053395790064e-01,4.832885981096781136e-01,3.993649861704136050e-01,4.656552311856713144e-01,5.077331600348028440e-01,5.042708156805321140e-01,4.312856221688883829e-01,0.000000000000000000e+00,5.242071564656135552e-01,4.195544180789547162e-01,4.969477530118325825e-01,5.292691156828186472e-01,2.929295339553342203e-01,0.000000000000000000e+00,0.000000000000000000e+00,0.000000000000000000e+00,4.057076426962881732e-01,0.000000000000000000e+00,0.000000000000000000e+00,0.000000000000000000e+00,4.527183025832783869e-01,0.000000000000000000e+00,4.793411815865338821e-01,0.000000000000000000e+00,0.000000000000000000e+00,0.000000000000000000e+00,0.000000000000000000e+00,3.688266235115835179e-01,0.000000000000000000e+00,5.163125671718001852e-01,3.518506223296619106e-01,0.000000000000000000e+00,0.000000000000000000e+00,0.000000000000000000e+00,5.116882075206298230e-01,4.981154125760671736e-01,5.232858095084939043e-01,5.408634269223665525e-01,0.000000000000000000e+00,3.011467452057647876e-01,5.054601432237738612e-01,5.293994038733336183e-01,4.401387264375494768e-01,5.079362304394646754e-01,0.000000000000000000e+00,4.265015253800181205e-01
4.279057342524827945e-01,4.220010086056972254e-01,0.000000000000000000e+00,0.000000000000000000e+00,0.000000000000000000e+00,4.383992548405447054e-01,0.000000000000000000e+00,4.313742244710300766e-01,0.000000000000000000e+00,0.000000000000000000e+00,0.000000000000000000e+00,4.431785278078835266e-01,4.886605957324707816e-01,0.000000000000000000e+00,4.298262947514693844e-01,4.321142251997723838e-01,0.000000000000000000e+00,4.237340404184226084e-01,0.000000000000000000e+00,4.783839157826578203e-01,0.000000000000000000e+00,4.281414545438647079e-01,4.320921335015386888e-01,4.958313251216515116e-01,4.400823762679821893e-01,4.505347788599577963e-01,4.879407960225856100e-01,4.431044128990092035e-01,4.597163056232340117e-01,0.000000000000000000e+00,4.105441170143104834e-01,4.599721714967098807e-01,3.350076860801938228e-01,4.318623917484334940e-01,4.956475712531108746e-01,0.000000000000000000e+00,0.000000000000000000e+00,0.000000000000000000e+00,5.302533346933653302e-01,4.627297308905471973e-01,5.581164146292794115e-01,0.000000000000000000e+00,0.000000000000000000e+00,0.000000000000000000e+00,0.000000000000000000e+00,4.685833256182186934e-01,5.273060326856177094e-01,0.000000000000000000e+00,0.000000000000000000e+00,0.000000000000000000e+00,4.931859632187913234e-01,0.000000000000000000e+00,5.149031146576745765e-01,0.000000000000000000e+00,0.000000000000000000e+00,0.000000000000000000e+00,0.000000000000000000e+00,4.522411516780386886e-01,0.000000000000000000e+00,5.179386030811419239e-01,4.566809567431884820e-01,0.000000000000000000e+00,0.000000000000000000e+00,0.000000000000000000e+00,5.437755460317278411e-01,4.240241252815993844e-01,5.581427618183995021e-01,5.430691391860557049e-01,0.000000000000000000e+00,4.114404765457280733e-01,5.447342282330884800e-01,5.558307419222840995e-01,4.812939769194917727e-01,5.080298770956196419e-01,0.000000000000000000e+00,4.360673831348815255e-01
