0.000000000000000000e+00,3.860836868771649888e-01,0.000000000000000000e+00,0.000000000000000000e+00,0.000000000000000000e+00,3.937827786757986948e-01,0.000000000000000000e+00,4.988017547369175131e-01,0.000000000000000000e+00,3.465372398490403905e-01,0.000000000000000000e+00,3.496769092064033746e-01,3.765596334890017882e-01,0.000000000000000000e+00,3.902469501766900883e-01,4.027016731206061739e-01,0.000000000000000000e+00,3.992291981415513891e-01,0.000000000000000000e+00,4.392521320942441854e-01,3.962828377405002156e-01,4.094924570940436936e-01,4.531627228938867047e-01,3.647000500688927227e-01,3.900593707803989840e-01,3.630286420289203786e-01,4.545383042089701786e-01,4.059491827334673064e-01,4.335094365240200198e-01,0.000000000000000000e+00,3.580008108047965099e-01,4.138720767945996970e-01,3.798739926893078822e-01,3.587733996591773167e-01,3.957847651101578101e-01,0.000000000000000000e+00,0.000000000000000000e+00,3.660119894815547781e-01,4.543584435328668070e-01,4.381558694371509022e-01,4.494630252246947788e-01,0.000000000000000000e+00,0.000000000000000000e+00,0.000000000000000000e+00,0.000000000000000000e+00,4.048627875299142809e-01,4.719677159294751179e-01,0.000000000000000000e+00,0.000000000000000000e+00,0.000000000000000000e+00,0.000000000000000000e+00,0.000000000000000000e+00,0.000000000000000000e+00,0.000000000000000000e+00,4.410374274746364232e-01,0.000000000000000000e+00,0.000000000000000000e+00,0.000000000000000000e+00,0.000000000000000000e+00,0.000000000000000000e+00,4.657137074570706914e-01,0.000000000000000000e+00,4.557725827845255928e-01,0.000000000000000000e+00,0.000000000000000000e+00,4.264487712473827852e-01,4.764575144716031163e-01,0.000000000000000000e+00,4.195406361388233085e-01,4.536096211148202828e-01,4.492722219927254845e-01,0.000000000000000000e+00,0.000000000000000000e+00,0.000000000000000000e+00,0.000000000000000000e+00,4.292743354330951222e-01
3.860836868771649888e-01,0.000000000000000000e+00,0.000000000000000000e+00,0.000000000000000000e+00,0.000000000000000000e+00,4.013430902370265785e-01,3.884170738520248967e-01,4.436062015444263151e-01,3.304474012613867751e-01,0.000000000000000000e+00,0.000000000000000000e+00,0.000000000000000000e+00,4.376646594770529086e-01,0.000000000000000000e+00,4.069365001713902141e-01,3.945220911042964795e-01,0.000000000000000000e+00,3.996083358909732208e-01,0.000000000000000000e+00,4.257498597133539953e-01,4.179157940542959082e-01,3.996086734114334127e-01,4.074362863436555848e-01,0.000000000000000000e+00,3.735262678222701083e-01,3.750271572152477084e-01,4.033119389432193169e-01,4.263399825342253924e-01,4.136466827869019758e-01,0.000000000000000000e+00,3.533490605894586967e-01,4.081415216256660816e-01,3.558348024072878202e-01,3.673447466261782757e-01,0.000000000000000000e+00,0.000000000000000000e+00,0.000000000000000000e+00,0.000000000000000000e+00,4.684005153952863210e-01,4.368290027170306788e-01,4.749451999846517891e-01,4.891404305465690272e-01,0.000000000000000000e+00,0.000000000000000000e+00,0.000000000000000000e+00,4.325364686808634840e-01,4.771418764248515076e-01,0.000000000000000000e+00,0.000000000000000000e+00,0.000000000000000000e+00,3.349884503801047186e-01,0.000000000000000000e+00,0.000000000000000000e+00,0.000000000000000000e+00,0.000000000000000000e+00,0.000000000000000000e+00,0.000000000000000000e+00,0.000000000000000000e+00,0.000000000000000000e+00,4.966426767675027887e-01,4.655232429265988014e-01,0.000000000000000000e+00,4.449710724745942203e-01,0.000000000000000000e+00,4.434673622936988191e-01,4.474038899046279272e-01,4.761798885242574109e-01,3.885628884665709992e-01,0.000000000000000000e+00,4.408461155450935087e-01,4.832562372349524238e-01,3.772924245402939913e-01,0.000000000000000000e+00,4.126647080722267158e-01,0.000000000000000000e+00,4.250966905763203241e-01
0.000000000000000000e+00,0.000000000000000000e+00,0.000000000000000000e+00,3.442692704839894757e-01,4.036074717896567243e-01,4.162258098523138883e-01,4.011404058740138945e-01,4.852999946400584075e-01,3.199420834718699203e-01,3.460504145282990995e-01,3.947349255316651151e-01,3.081534591075342777e-01,4.265633039336477750e-01,4.584981540391178112e-01,0.000000000000000000e+00,0.000000000000000000e+00,0.000000000000000000e+00,0.000000000000000000e+00,3.381566124258207906e-01,0.000000000000000000e+00,0.000000000000000000e+00,0.000000000000000000e+00,3.371808801389801769e-01,0.000000000000000000e+00,0.000000000000000000e+00,0.000000000000000000e+00,3.185286756697606192e-01,4.366381123114750906e-01,0.000000000000000000e+00,0.000000000000000000e+00,4.615075053660734894e-01,4.294339948386385886e-01,3.211246373256664843e-01,4.516268225220820276e-01,4.608398369752015888e-01,4.321806509239545790e-01,3.755410642588647985e-01,0.000000000000000000e+00,4.301900127981910793e-01,0.000000000000000000e+00,4.097974527217280727e-01,0.000000000000000000e+00,5.154035692923805145e-01,0.000000000000000000e+00,0.000000000000000000e+00,0.000000000000000000e+00,0.000000000000000000e+00,4.841653995279088241e-01,0.000000000000000000e+00,4.950586966852073001e-01,5.714843392233803776e-01,5.375446716651928192e-01,5.629253359453101346e-01,5.939909511067817949e-01,0.000000000000000000e+00,4.775557335963723227e-01,0.000000000000000000e+00,5.089787121128461767e-01,5.156997966132754740e-01,0.000000000000000000e+00,0.000000000000000000e+00,0.000000000000000000e+00,0.000000000000000000e+00,3.773645146056633926e-01,0.000000000000000000e+00,0.000000000000000000e+00,0.000000000000000000e+00,5.891610647780499699e-01,0.000000000000000000e+00,0.000000000000000000e+00,0.000000000000000000e+00,5.699688299927945234e-01,4.677286218023449793e-01,0.000000000000000000e+00,0.000000000000000000e+00,0.000000000000000000e+00
0.000000000000000000e+00,0.000000000000000000e+00,3.442692704839894757e-01,0.000000000000000000e+00,3.083783041710502770e-01,3.930872446456740166e-01,2.491508097417247103e-01,3.389796576682729823e-01,3.804811051492478780e-01,0.000000000000000000e+00,3.594879900042929899e-01,0.000000000000000000e+00,2.637362972885319845e-01,2.733931923036314049e-01,0.000000000000000000e+00,0.000000000000000000e+00,0.000000000000000000e+00,0.000000000000000000e+00,3.339982090468003872e-01,4.109832738664742080e-01,0.000000000000000000e+00,0.000000000000000000e+00,4.006844031500738090e-01,0.000000000000000000e+00,0.000000000000000000e+00,0.000000000000000000e+00,3.689002583126603230e-01,2.504268799735314133e-01,3.624513045036494852e-01,0.000000000000000000e+00,3.392964738366928135e-01,3.163854819178720801e-01,0.000000000000000000e+00,2.909883946002694843e-01,3.518590946789624807e-01,2.088991834971707096e-01,1.865550820386321085e-01,3.346930651304464988e-01,0.000000000000000000e+00,0.000000000000000000e+00,0.000000000000000000e+00,0.000000000000000000e+00,0.000000000000000000e+00,0.000000000000000000e+00,0.000000000000000000e+00,0.000000000000000000e+00,0.000000000000000000e+00,0.000000000000000000e+00,0.000000000000000000e+00,0.000000000000000000e+00,0.000000000000000000e+00,0.000000000000000000e+00,0.000000000000000000e+00,0.000000000000000000e+00,0.000000000000000000e+00,0.000000000000000000e+00,0.000000000000000000e+00,0.000000000000000000e+00,0.000000000000000000e+00,0.000000000000000000e+00,0.000000000000000000e+00,0.000000000000000000e+00,0.000000000000000000e+00,0.000000000000000000e+00,0.000000000000000000e+00,0.000000000000000000e+00,0.000000000000000000e+00,0.000000000000000000e+00,0.000000000000000000e+00,0.000000000000000000e+00,0.000000000000000000e+00,0.000000000000000000e+00,0.000000000000000000e+00,0.000000000000000000e+00,0.000000000000000000e+00,0.000000000000000000e+00
0.000000000000000000e+00,0.000000000000000000e+00,4.036074717896567243e-01,3.083783041710502770e-01,0.000000000000000000e+00,4.015128702644666925e-01,3.471703736525402206e-01,4.292378844742575916e-01,3.789338267312615249e-01,3.954176717069219915e-01,3.483720658609736898e-01,3.487900350006347128e-01,3.990217850510995867e-01,3.343248777842149910e-01,0.000000000000000000e+00,3.878393513759764155e-01,0.000000000000000000e+00,0.000000000000000000e+00,3.992717439256748824e-01,0.000000000000000000e+00,0.000000000000000000e+00,4.472208127898351093e-01,4.063394185554276006e-01,0.000000000000000000e+00,3.195597887416580241e-01,0.000000000000000000e+00,4.063629753550511148e-01,3.873600596280580843e-01,0.000000000000000000e+00,0.000000000000000000e+00,4.699329091210902032e-01,4.088384077610582867e-01,3.550518244381812849e-01,4.602499495689019171e-01,4.530118401125567962e-01,3.160796342624497823e-01,3.011155793460559837e-01,3.617582113806258048e-01,3.627014833879584899e-01,0.000000000000000000e+00,0.000000000000000000e+00,0.000000000000000000e+00,3.976437580368482050e-01,0.000000000000000000e+00,0.000000000000000000e+00,0.000000000000000000e+00,0.000000000000000000e+00,4.770312915669702725e-01,0.000000000000000000e+00,4.215276805785980740e-01,4.736230086862602273e-01,0.000000000000000000e+00,4.776071502855822049e-01,4.401337479778382744e-01,0.000000000000000000e+00,3.975440785170338276e-01,0.000000000000000000e+00,0.000000000000000000e+00,0.000000000000000000e+00,0.000000000000000000e+00,0.000000000000000000e+00,0.000000000000000000e+00,0.000000000000000000e+00,4.498553903537859111e-01,0.000000000000000000e+00,0.000000000000000000e+00,0.000000000000000000e+00,5.430541810063366226e-01,0.000000000000000000e+00,0.000000000000000000e+00,0.000000000000000000e+00,4.386489407916726035e-01,0.000000000000000000e+00,0.000000000000000000e+00,0.000000000000000000e+00,0.000000000000000000e+00
3.937827786757986948e-01,4.013430902370265785e-01,4.162258098523138883e-01,3.930872446456740166e-01,4.015128702644666925e-01,0.000000000000000000e+00,4.164431621757306856e-01,4.218001990342716834e-01,3.697908308460822746e-01,4.245352704523959742e-01,4.021664583695421791e-01,3.063864510076886871e-01,3.987474592025380127e-01,4.478868308475706939e-01,3.758853452858075261e-01,4.357698872367600229e-01,3.251380194603323837e-01,4.371090829023490110e-01,3.897682591838885768e-01,4.112520912338997747e-01,3.957091285386887258e-01,4.309143317754839941e-01,3.907657660842394076e-01,0.000000000000000000e+00,3.898065287169165116e-01,3.831429240630662147e-01,3.742933542131374192e-01,3.841510927942056730e-01,3.604711063462291976e-01,4.222435256649608171e-01,4.478234170561318228e-01,4.253439971890157212e-01,3.487317346156906250e-01,4.365729887962784272e-01,4.425614489369680826e-01,4.308287732996289865e-01,4.375679659554200240e-01,3.871921635792389127e-01,5.138671735675893748e-01,0.000000000000000000e+00,4.922013513932289031e-01,3.825750097646681835e-01,3.885344415070757784e-01,0.000000000000000000e+00,0.000000000000000000e+00,0.000000000000000000e+00,2.784386782700125074e-01,5.622438726120239094e-01,0.000000000000000000e+00,4.657242333348792784e-01,5.236330556205617270e-01,4.953636331598575970e-01,4.984446706387415937e-01,5.729947430711280765e-01,0.000000000000000000e+00,4.751694419215571896e-01,0.000000000000000000e+00,5.154682097675740149e-01,0.000000000000000000e+00,3.271722796457859905e-01,0.000000000000000000e+00,0.000000000000000000e+00,0.000000000000000000e+00,5.144455209906050319e-01,3.667495244423423784e-01,4.155487439578844922e-01,2.806859124887653989e-01,5.335101342908764588e-01,0.000000000000000000e+00,0.000000000000000000e+00,3.285968183959233069e-01,5.186056030020846919e-01,5.005248298651503447e-01,4.817039142491271742e-01,4.715577247698616858e-01,5.262782975415511988e-01
0.000000000000000000e+00,3.884170738520248967e-01,4.011404058740138945e-01,2.491508097417247103e-01,3.471703736525402206e-01,4.164431621757306856e-01,0.000000000000000000e+00,4.612874361903033793e-01,3.898498053597774793e-01,3.839338560499098163e-01,4.266779709599068937e-01,3.351601567505205215e-01,3.277684040653844888e-01,3.727857865608911192e-01,0.000000000000000000e+00,4.295862315575392776e-01,3.565643519049360166e-01,4.040278919508041855e-01,4.159798654358873859e-01,4.437332575484032038e-01,0.000000000000000000e+00,4.675046668626163249e-01,4.231934516730455065e-01,0.000000000000000000e+00,3.987030057384973736e-01,3.518700281746298120e-01,4.234851038106279830e-01,3.525861795966279133e-01,4.264468568167085194e-01,0.000000000000000000e+00,4.333428472337855775e-01,4.103852402040025771e-01,3.508262735121376874e-01,4.193548779773684232e-01,4.165690914797082200e-01,3.350623257326357241e-01,2.826461909079512891e-01,3.613066819431570154e-01,3.512858372846844879e-01,0.000000000000000000e+00,3.390772246593874995e-01,0.000000000000000000e+00,3.574861676894747209e-01,0.000000000000000000e+00,0.000000000000000000e+00,0.000000000000000000e+00,0.000000000000000000e+00,4.574010943836562815e-01,0.000000000000000000e+00,0.000000000000000000e+00,4.584187298201284899e-01,0.000000000000000000e+00,4.901054438061211993e-01,4.209072901237170816e-01,0.000000000000000000e+00,3.451098146316953774e-01,0.000000000000000000e+00,0.000000000000000000e+00,0.000000000000000000e+00,0.000000000000000000e+00,0.000000000000000000e+00,0.000000000000000000e+00,0.000000000000000000e+00,4.401261894845363010e-01,0.000000000000000000e+00,0.000000000000000000e+00,0.000000000000000000e+00,5.384310885277934222e-01,0.000000000000000000e+00,0.000000000000000000e+00,0.000000000000000000e+00,4.820869758148644824e-01,0.000000000000000000e+00,0.000000000000000000e+00,0.000000000000000000e+00,0.000000000000000000e+00
4.988017547369175131e-01,4.436062015444263151e-01,4.852999946400584075e-01,3.389796576682729823e-01,4.292378844742575916e-01,4.218001990342716834e-01,4.612874361903033793e-01,0.000000000000000000e+00,4.986380086631342912e-01,0.000000000000000000e+00,3.771146347617811978e-01,3.919736636538921903e-01,4.606388752130443076e-01,3.687903792375927248e-01,4.448749618913119819e-01,4.483788372167117897e-01,0.000000000000000000e+00,4.345640918094971217e-01,4.648220475985647138e-01,3.922739221781518792e-01,4.473314269465785142e-01,4.061023073424170904e-01,3.702851359038835111e-01,4.903911654173054857e-01,4.558828950557368143e-01,4.658769487278219823e-01,4.328152063537394900e-01,4.370829712866244887e-01,3.925946891365729163e-01,4.009557211166244750e-01,4.527587407508790185e-01,4.341365157768796168e-01,3.825874782842613731e-01,4.684486764966998007e-01,4.523264494528135837e-01,3.326860070240004186e-01,2.687243194570986815e-01,0.000000000000000000e+00,5.058306289121490273e-01,0.000000000000000000e+00,5.021926242907491789e-01,0.000000000000000000e+00,4.871038155341431142e-01,0.000000000000000000e+00,0.000000000000000000e+00,0.000000000000000000e+00,0.000000000000000000e+00,5.704119759889846319e-01,0.000000000000000000e+00,4.903523920370851941e-01,4.945579241505311807e-01,5.184433428070704952e-01,5.000518202629538056e-01,5.691388138576688460e-01,0.000000000000000000e+00,4.748674253862670835e-01,0.000000000000000000e+00,4.994825395078014152e-01,5.326009031951535189e-01,4.701405387119764745e-01,0.000000000000000000e+00,0.000000000000000000e+00,0.000000000000000000e+00,5.437932159640297414e-01,5.086019782767029485e-01,5.297787764053292214e-01,0.000000000000000000e+00,5.287371456858768193e-01,0.000000000000000000e+00,0.000000000000000000e+00,0.000000000000000000e+00,5.129730763735168564e-01,4.924009290602487932e-01,4.683293842564756893e-01,0.000000000000000000e+00,4.676013097710303157e-01
0.000000000000000000e+00,3.304474012613867751e-01,3.199420834718699203e-01,3.804811051492478780e-01,3.789338267312615249e-01,3.697908308460822746e-01,3.898498053597774793e-01,4.986380086631342912e-01,0.000000000000000000e+00,4.364803599658974020e-01,3.633320394469560788e-01,3.440642865299408104e-01,3.980359742045946891e-01,4.321995203860068968e-01,0.000000000000000000e+00,3.786636197093796730e-01,0.000000000000000000e+00,2.807305425695301726e-01,3.370598142732199043e-01,4.161022894025666052e-01,0.000000000000000000e+00,4.186629944900862044e-01,4.004462242603681887e-01,3.387278525725261891e-01,2.553783781408476838e-01,2.398895630491169051e-01,3.767601151849320207e-01,4.471368248429891112e-01,3.986400123401223072e-01,4.081117561389642767e-01,4.789294329789792748e-01,4.504412056259303188e-01,3.695911010025084154e-01,4.723746278475096094e-01,4.634786917817987906e-01,4.284157142471965996e-01,4.334745307397169789e-01,3.637921386851236116e-01,4.432247365308435993e-01,0.000000000000000000e+00,3.419991535928991189e-01,0.000000000000000000e+00,5.157208778978040753e-01,0.000000000000000000e+00,0.000000000000000000e+00,0.000000000000000000e+00,0.000000000000000000e+00,5.866804673689104410e-01,0.000000000000000000e+00,4.719361684781689936e-01,5.558751434464295205e-01,4.977189240043868868e-01,5.658129770329018982e-01,5.501945363880118567e-01,0.000000000000000000e+00,3.618725931501775017e-01,0.000000000000000000e+00,4.657249440870657176e-01,0.000000000000000000e+00,0.000000000000000000e+00,0.000000000000000000e+00,0.000000000000000000e+00,0.000000000000000000e+00,5.315994965525500104e-01,0.000000000000000000e+00,0.000000000000000000e+00,0.000000000000000000e+00,5.798345629033867521e-01,0.000000000000000000e+00,0.000000000000000000e+00,0.000000000000000000e+00,5.622953442722463668e-01,3.969095641242185168e-01,0.000000000000000000e+00,0.000000000000000000e+00,0.000000000000000000e+00
3.465372398490403905e-01,0.000000000000000000e+00,3.460504145282990995e-01,0.000000000000000000e+00,3.954176717069219915e-01,4.245352704523959742e-01,3.839338560499098163e-01,0.000000000000000000e+00,4.364803599658974020e-01,0.000000000000000000e+00,4.346091911313956779e-01,2.638844430187705092e-01,4.028563083407983858e-01,0.000000000000000000e+00,0.000000000000000000e+00,3.434608428178141937e-01,3.083835789774633795e-01,3.522648071546591875e-01,3.709018336652942782e-01,3.079968288903415230e-01,0.000000000000000000e+00,2.838375308701219790e-01,3.838930975669155865e-01,3.045605030301455907e-01,3.379090258172225969e-01,3.157290855145523101e-01,3.437628140610645144e-01,3.771280717655484116e-01,3.261286062803817054e-01,0.000000000000000000e+00,3.164468225961030168e-01,3.223419530911104114e-01,3.595771249410321113e-01,3.249659595083254082e-01,3.099059187381276725e-01,3.611259473766603167e-01,3.011626634597612817e-01,2.960257366804990853e-01,2.830067503077323132e-01,3.993819556151230743e-01,3.305681013696937232e-01,3.341223846017070120e-01,0.000000000000000000e+00,0.000000000000000000e+00,3.387641019820641919e-01,4.107022054902573216e-01,0.000000000000000000e+00,0.000000000000000000e+00,0.000000000000000000e+00,0.000000000000000000e+00,0.000000000000000000e+00,0.000000000000000000e+00,0.000000000000000000e+00,0.000000000000000000e+00,4.837178471599273277e-01,0.000000000000000000e+00,4.648801262121258215e-01,2.985338066902064047e-01,0.000000000000000000e+00,0.000000000000000000e+00,0.000000000000000000e+00,4.850523866095530212e-01,4.649014453700950900e-01,0.000000000000000000e+00,0.000000000000000000e+00,0.000000000000000000e+00,0.000000000000000000e+00,0.000000000000000000e+00,4.451440780518647888e-01,4.766090002540246950e-01,4.757272509660688820e-01,0.000000000000000000e+00,3.000914580381581764e-01,0.000000000000000000e+00,0.000000000000000000e+00,4.665163059611767138e-01
0.000000000000000000e+00,0.000000000000000000e+00,3.947349255316651151e-01,3.594879900042929899e-01,3.483720658609736898e-01,4.021664583695421791e-01,4.266779709599068937e-01,3.771146347617811978e-01,3.633320394469560788e-01,4.346091911313956779e-01,0.000000000000000000e+00,3.844235928197559105e-01,4.625546085074220826e-01,3.110772709913359746e-01,0.000000000000000000e+00,0.000000000000000000e+00,3.716753151223992080e-01,0.000000000000000000e+00,3.233687408349675274e-01,0.000000000000000000e+00,0.000000000000000000e+00,0.000000000000000000e+00,3.492692929967031179e-01,4.000459058251258915e-01,0.000000000000000000e+00,3.276519415435719118e-01,4.006830173807556794e-01,4.530374577921900126e-01,0.000000000000000000e+00,0.000000000000000000e+00,4.995675484439826008e-01,4.352332996968010792e-01,3.752245678454612099e-01,4.890410414653352800e-01,4.771984619187231158e-01,3.722887648700120011e-01,4.366262581617009197e-01,4.037767935121803764e-01,3.982725399274192890e-01,0.000000000000000000e+00,0.000000000000000000e+00,0.000000000000000000e+00,4.263632232711879189e-01,0.000000000000000000e+00,0.000000000000000000e+00,0.000000000000000000e+00,0.000000000000000000e+00,4.948527543876036772e-01,0.000000000000000000e+00,3.478166736611427168e-01,4.850920370540028892e-01,4.328957844641891928e-01,4.712175932082879881e-01,4.907254102023789755e-01,0.000000000000000000e+00,3.359350425921588945e-01,0.000000000000000000e+00,3.665069938412386930e-01,4.384872698937058999e-01,0.000000000000000000e+00,0.000000000000000000e+00,0.000000000000000000e+00,0.000000000000000000e+00,3.706368971056376860e-01,0.000000000000000000e+00,0.000000000000000000e+00,0.000000000000000000e+00,5.234652304984174220e-01,0.000000000000000000e+00,0.000000000000000000e+00,0.000000000000000000e+00,4.908431173963355154e-01,3.260828852402188893e-01,0.000000000000000000e+00,0.000000000000000000e+00,0.000000000000000000e+00
3.496769092064033746e-01,0.000000000000000000e+00,3.081534591075342777e-01,0.000000000000000000e+00,3.487900350006347128e-01,3.063864510076886871e-01,3.351601567505205215e-01,3.919736636538921903e-01,3.440642865299408104e-01,2.638844430187705092e-01,3.844235928197559105e-01,0.000000000000000000e+00,3.422058100733513242e-01,0.000000000000000000e+00,0.000000000000000000e+00,0.000000000000000000e+00,3.369320357353640105e-01,3.506443522999780904e-01,3.196064853621933821e-01,0.000000000000000000e+00,4.192009444434405818e-01,0.000000000000000000e+00,3.025166401958255813e-01,2.808216523812340215e-01,3.330125703145968008e-01,2.852980299410933784e-01,3.259682856499929171e-01,3.146023102780531877e-01,0.000000000000000000e+00,0.000000000000000000e+00,3.322461369182876934e-01,2.888458236679504187e-01,3.353967208068884820e-01,2.476625211359866907e-01,3.007471176156368275e-01,3.317652899541035927e-01,2.689318778017741884e-01,2.511366402976848988e-01,2.701781694571985248e-01,4.066237679856072873e-01,3.178550640491443202e-01,3.163647212987946156e-01,3.067798120191870814e-01,0.000000000000000000e+00,2.692324348818740942e-01,0.000000000000000000e+00,0.000000000000000000e+00,0.000000000000000000e+00,0.000000000000000000e+00,0.000000000000000000e+00,0.000000000000000000e+00,0.000000000000000000e+00,0.000000000000000000e+00,0.000000000000000000e+00,4.803250258372729897e-01,0.000000000000000000e+00,4.691615250822018246e-01,3.005494873975586012e-01,0.000000000000000000e+00,0.000000000000000000e+00,0.000000000000000000e+00,4.773282994758166753e-01,4.649610029882366158e-01,0.000000000000000000e+00,0.000000000000000000e+00,0.000000000000000000e+00,0.000000000000000000e+00,0.000000000000000000e+00,4.359240983531839086e-01,4.794600078518578834e-01,4.693062168525590772e-01,0.000000000000000000e+00,2.814944709720105798e-01,0.000000000000000000e+00,0.000000000000000000e+00,4.566305278135491252e-01
3.765596334890017882e-01,4.376646594770529086e-01,4.265633039336477750e-01,2.637362972885319845e-01,3.990217850510995867e-01,3.987474592025380127e-01,3.277684040653844888e-01,4.606388752130443076e-01,3.980359742045946891e-01,4.028563083407983858e-01,4.625546085074220826e-01,3.422058100733513242e-01,0.000000000000000000e+00,3.820554031433209818e-01,0.000000000000000000e+00,4.589044480210580090e-01,3.638933477076624068e-01,4.451964790098023039e-01,4.502175139066174059e-01,4.382051189291156224e-01,4.388478802558433145e-01,4.724510179272556898e-01,4.287607294204253128e-01,3.429451258316110751e-01,4.346589473109576107e-01,4.218449052090811890e-01,4.283870009105619214e-01,3.382203339368772821e-01,4.048434529484564726e-01,3.616711751118921736e-01,4.221213905387879994e-01,4.159790929141041760e-01,4.111775625167595205e-01,4.202358633739642912e-01,4.088691275055925112e-01,3.513445651354401011e-01,3.044733527845034926e-01,3.758222937992066748e-01,4.161190631745034785e-01,3.506449556874438045e-01,2.984327089004680800e-01,2.842959091454713150e-01,3.461434417813271103e-01,0.000000000000000000e+00,3.086240646036138013e-01,0.000000000000000000e+00,0.000000000000000000e+00,4.338912567582233759e-01,0.000000000000000000e+00,0.000000000000000000e+00,4.777233554883407729e-01,3.989827759972665033e-01,4.763154419093965086e-01,0.000000000000000000e+00,0.000000000000000000e+00,3.745424166673713140e-01,3.168754829218395908e-01,0.000000000000000000e+00,0.000000000000000000e+00,3.113162383487627083e-01,0.000000000000000000e+00,0.000000000000000000e+00,0.000000000000000000e+00,0.000000000000000000e+00,3.133466043434666726e-01,0.000000000000000000e+00,2.869294340808152821e-01,5.357620020350147838e-01,0.000000000000000000e+00,3.093850551166192897e-01,3.220038738044336268e-01,5.057526722829844834e-01,0.000000000000000000e+00,4.137597270326269228e-01,0.000000000000000000e+00,0.000000000000000000e+00
0.000000000000000000e+00,0.000000000000000000e+00,4.584981540391178112e-01,2.733931923036314049e-01,3.343248777842149910e-01,4.478868308475706939e-01,3.727857865608911192e-01,3.687903792375927248e-01,4.321995203860068968e-01,0.000000000000000000e+00,3.110772709913359746e-01,0.000000000000000000e+00,3.820554031433209818e-01,0.000000000000000000e+00,0.000000000000000000e+00,0.000000000000000000e+00,0.000000000000000000e+00,0.000000000000000000e+00,3.923262672045090271e-01,0.000000000000000000e+00,4.719588721862311154e-01,0.000000000000000000e+00,4.148425370310149241e-01,0.000000000000000000e+00,0.000000000000000000e+00,0.000000000000000000e+00,4.572136735449460754e-01,3.247063953503309119e-01,0.000000000000000000e+00,0.000000000000000000e+00,4.768205368762010177e-01,3.432907532739368772e-01,0.000000000000000000e+00,0.000000000000000000e+00,0.000000000000000000e+00,2.936342691367148094e-01,2.428019720920115976e-01,0.000000000000000000e+00,0.000000000000000000e+00,0.000000000000000000e+00,0.000000000000000000e+00,0.000000000000000000e+00,4.271595868836562948e-01,0.000000000000000000e+00,0.000000000000000000e+00,0.000000000000000000e+00,0.000000000000000000e+00,4.595302342992907962e-01,0.000000000000000000e+00,0.000000000000000000e+00,0.000000000000000000e+00,0.000000000000000000e+00,0.000000000000000000e+00,4.791099837490200852e-01,0.000000000000000000e+00,4.142750641751091756e-01,0.000000000000000000e+00,0.000000000000000000e+00,0.000000000000000000e+00,0.000000000000000000e+00,0.000000000000000000e+00,0.000000000000000000e+00,0.000000000000000000e+00,0.000000000000000000e+00,0.000000000000000000e+00,0.000000000000000000e+00,0.000000000000000000e+00,4.838649683497269205e-01,0.000000000000000000e+00,0.000000000000000000e+00,0.000000000000000000e+00,4.776968559674744097e-01,0.000000000000000000e+00,0.000000000000000000e+00,0.000000000000000000e+00,0.000000000000000000e+00
3.902469501766900883e-01,4.069365001713902141e-01,0.000000000000000000e+00,0.000000000000000000e+00,0.000000000000000000e+00,3.758853452858075261e-01,0.000000000000000000e+00,4.448749618913119819e-01,0.000000000000000000e+00,0.000000000000000000e+00,0.000000000000000000e+00,0.000000000000000000e+00,0.000000000000000000e+00,0.000000000000000000e+00,0.000000000000000000e+00,4.164549110584082059e-01,0.000000000000000000e+00,4.070397749496131867e-01,0.000000000000000000e+00,3.279041010466816064e-01,3.991067339424633764e-01,3.651593834353057955e-01,3.457345022468266138e-01,4.172265454845573984e-01,3.893446279286627010e-01,3.922415305392175089e-01,3.433755975778783887e-01,4.131706579726063255e-01,3.920015713032796723e-01,0.000000000000000000e+00,3.981414138915205791e-01,4.217643589222245248e-01,3.914820630253877942e-01,4.154676373153818880e-01,4.551895288097522752e-01,4.893496453345927977e-01,0.000000000000000000e+00,0.000000000000000000e+00,4.732052388864492753e-01,4.696048789550930080e-01,4.706149318075280030e-01,4.779545320234173111e-01,3.446762322918772159e-01,0.000000000000000000e+00,0.000000000000000000e+00,0.000000000000000000e+00,4.764492821598415029e-01,0.000000000000000000e+00,0.000000000000000000e+00,0.000000000000000000e+00,4.205121603644709771e-01,0.000000000000000000e+00,0.000000000000000000e+00,0.000000000000000000e+00,0.000000000000000000e+00,0.000000000000000000e+00,0.000000000000000000e+00,4.049182263531789783e-01,0.000000000000000000e+00,5.021829354235186615e-01,4.469276673571492831e-01,0.000000000000000000e+00,0.000000000000000000e+00,0.000000000000000000e+00,4.887567953173299062e-01,4.881402322116752956e-01,5.109892415276745536e-01,4.918065064444139822e-01,0.000000000000000000e+00,3.196134676842767863e-01,4.919525197109018144e-01,4.885139209584347109e-01,3.865962468804898244e-01,4.715424631171011849e-01,0.000000000000000000e+00,4.458553887553649009e-01
4.027016731206061739e-01,3.945220911042964795e-01,0.000000000000000000e+00,0.000000000000000000e+00,3.878393513759764155e-01,4.357698872367600229e-01,4.295862315575392776e-01,4.483788372167117897e-01,3.786636197093796730e-01,3.434608428178141937e-01,0.000000000000000000e+00,0.000000000000000000e+00,4.589044480210580090e-01,0.000000000000000000e+00,4.164549110584082059e-01,0.000000000000000000e+00,3.427337206844809914e-01,3.432259538736509019e-01,0.000000000000000000e+00,4.060870386999829162e-01,4.145506492701577228e-01,3.960356054025799821e-01,4.223189451981957943e-01,4.122374511406908248e-01,3.774459450538047989e-01,3.948157365475676861e-01,4.264669501228018911e-01,4.244989750636278258e-01,4.374035227933000258e-01,3.881631068175717125e-01,3.535602501258310881e-01,4.378247217497351906e-01,3.947673907861861120e-01,3.760655594831691095e-01,4.213022521439032109e-01,0.000000000000000000e+00,0.000000000000000000e+00,0.000000000000000000e+00,4.459022220517682156e-01,4.086717056253392211e-01,4.514995424339852126e-01,4.781120057372885146e-01,0.000000000000000000e+00,0.000000000000000000e+00,0.000000000000000000e+00,4.506785841808925164e-01,4.649887827093954207e-01,0.000000000000000000e+00,0.000000000000000000e+00,0.000000000000000000e+00,0.000000000000000000e+00,0.000000000000000000e+00,0.000000000000000000e+00,0.000000000000000000e+00,0.000000000000000000e+00,0.000000000000000000e+00,0.000000000000000000e+00,0.000000000000000000e+00,0.000000000000000000e+00,4.650210640586346922e-01,4.466828758443466829e-01,0.000000000000000000e+00,4.350173873189310259e-01,0.000000000000000000e+00,3.830370002030608068e-01,4.426909251966524850e-01,4.611772327641778801e-01,3.525482499600939845e-01,0.000000000000000000e+00,4.373562187673938895e-01,4.782923140822735175e-01,3.354320091909027135e-01,0.000000000000000000e+00,3.741419958446304816e-01,0.000000000000000000e+00,4.294119967839559737e-01
0.000000000000000000e+00,0.000000000000000000e+00,0.000000000000000000e+00,0.000000000000000000e+00,0.000000000000000000e+00,3.251380194603323837e-01,3.565643519049360166e-01,0.000000000000000000e+00,0.000000000000000000e+00,3.083835789774633795e-01,3.716753151223992080e-01,3.369320357353640105e-01,3.638933477076624068e-01,0.000000000000000000e+00,0.000000000000000000e+00,3.427337206844809914e-01,0.000000000000000000e+00,3.267323658282351162e-01,0.000000000000000000e+00,2.330443521477882918e-01,0.000000000000000000e+00,2.923675086869714224e-01,0.000000000000000000e+00,3.758666420741054726e-01,3.371386012627519135e-01,3.600128581803873073e-01,0.000000000000000000e+00,3.662828721103054130e-01,3.152482623893380076e-01,0.000000000000000000e+00,3.378016239412748867e-01,4.104842086038393845e-01,3.724089085487856110e-01,3.448219708435348863e-01,3.519293485724039883e-01,0.000000000000000000e+00,0.000000000000000000e+00,2.850095571450617093e-01,0.000000000000000000e+00,3.631627894664595790e-01,0.000000000000000000e+00,0.000000000000000000e+00,0.000000000000000000e+00,0.000000000000000000e+00,0.000000000000000000e+00,0.000000000000000000e+00,0.000000000000000000e+00,0.000000000000000000e+00,0.000000000000000000e+00,0.000000000000000000e+00,0.000000000000000000e+00,0.000000000000000000e+00,0.000000000000000000e+00,0.000000000000000000e+00,4.603331434879908146e-01,0.000000000000000000e+00,4.528601718513001195e-01,0.000000000000000000e+00,0.000000000000000000e+00,0.000000000000000000e+00,0.000000000000000000e+00,4.199948651185895776e-01,4.281053126213931193e-01,0.000000000000000000e+00,0.000000000000000000e+00,0.000000000000000000e+00,0.000000000000000000e+00,0.000000000000000000e+00,4.775903002977321954e-01,4.636405086998224845e-01,4.640996178186029830e-01,0.000000000000000000e+00,0.000000000000000000e+00,0.000000000000000000e+00,0.000000000000000000e+00,0.000000000000000000e+00
3.992291981415513891e-01,3.996083358909732208e-01,0.000000000000000000e+00,0.000000000000000000e+00,0.000000000000000000e+00,4.371090829023490110e-01,4.040278919508041855e-01,4.345640918094971217e-01,2.807305425695301726e-01,3.522648071546591875e-01,0.000000000000000000e+00,3.506443522999780904e-01,4.451964790098023039e-01,0.000000000000000000e+00,4.070397749496131867e-01,3.432259538736509019e-01,3.267323658282351162e-01,0.000000000000000000e+00,0.000000000000000000e+00,3.991166516850160884e-01,4.224489047402927855e-01,4.006941845204649022e-01,4.133875406784798812e-01,3.770202767476432126e-01,3.637365563820864067e-01,3.699425614993270828e-01,4.227557936428643082e-01,4.274435595384801778e-01,4.352929462090173174e-01,3.796166862008881759e-01,3.523273366163551246e-01,4.260913732008114740e-01,3.849680458404234895e-01,3.663609987973802107e-01,3.798228251323376159e-01,0.000000000000000000e+00,0.000000000000000000e+00,0.000000000000000000e+00,4.302298840886454867e-01,3.911888140110159062e-01,4.396375884835533876e-01,4.509434630668073263e-01,0.000000000000000000e+00,0.000000000000000000e+00,0.000000000000000000e+00,4.524871861332253054e-01,4.578323736643620245e-01,0.000000000000000000e+00,0.000000000000000000e+00,0.000000000000000000e+00,0.000000000000000000e+00,0.000000000000000000e+00,0.000000000000000000e+00,0.000000000000000000e+00,4.178797362829573814e-01,0.000000000000000000e+00,4.291625647708732227e-01,0.000000000000000000e+00,0.000000000000000000e+00,0.000000000000000000e+00,4.401946891198482148e-01,4.161645957863341905e-01,4.288406501564970275e-01,0.000000000000000000e+00,0.000000000000000000e+00,0.000000000000000000e+00,4.378520134203899850e-01,0.000000000000000000e+00,4.482353311720844724e-01,4.404789449071344065e-01,4.485070603594961125e-01,0.000000000000000000e+00,0.000000000000000000e+00,0.000000000000000000e+00,0.000000000000000000e+00,4.191442439601243963e-01
0.000000000000000000e+00,0.000000000000000000e+00,3.381566124258207906e-01,3.339982090468003872e-01,3.992717439256748824e-01,3.897682591838885768e-01,4.159798654358873859e-01,4.648220475985647138e-01,3.370598142732199043e-01,3.709018336652942782e-01,3.233687408349675274e-01,3.196064853621933821e-01,4.502175139066174059e-01,3.923262672045090271e-01,0.000000000000000000e+00,0.000000000000000000e+00,0.000000000000000000e+00,0.000000000000000000e+00,0.000000000000000000e+00,0.000000000000000000e+00,0.000000000000000000e+00,0.000000000000000000e+00,3.632891841420441970e-01,0.000000000000000000e+00,0.000000000000000000e+00,0.000000000000000000e+00,3.738406399465150076e-01,4.561610590903869000e-01,0.000000000000000000e+00,0.000000000000000000e+00,4.762071142753496744e-01,4.388914049495710179e-01,0.000000000000000000e+00,4.557667276977582782e-01,4.554961613909437879e-01,3.973676727779644202e-01,3.972639356420468171e-01,3.605000272211643098e-01,3.956718284423891840e-01,0.000000000000000000e+00,0.000000000000000000e+00,0.000000000000000000e+00,4.729683047200266000e-01,0.000000000000000000e+00,0.000000000000000000e+00,0.000000000000000000e+00,0.000000000000000000e+00,5.353198057812641464e-01,0.000000000000000000e+00,4.537232557186067217e-01,5.309760199964930205e-01,4.627177360712463883e-01,5.463869707698602030e-01,5.759585364152368658e-01,0.000000000000000000e+00,4.618379189550819164e-01,0.000000000000000000e+00,4.207860017434231770e-01,5.581517929138719580e-01,0.000000000000000000e+00,0.000000000000000000e+00,0.000000000000000000e+00,0.000000000000000000e+00,5.732475891841271043e-01,0.000000000000000000e+00,0.000000000000000000e+00,0.000000000000000000e+00,5.727853374080802418e-01,0.000000000000000000e+00,0.000000000000000000e+00,0.000000000000000000e+00,5.581565614459462754e-01,0.000000000000000000e+00,0.000000000000000000e+00,0.000000000000000000e+00,0.000000000000000000e+00
4.392521320942441854e-01,4.257498597133539953e-01,0.000000000000000000e+00,4.109832738664742080e-01,0.000000000000000000e+00,4.112520912338997747e-01,4.437332575484032038e-01,3.922739221781518792e-01,4.161022894025666052e-01,3.079968288903415230e-01,0.000000000000000000e+00,0.000000000000000000e+00,4.382051189291156224e-01,0.000000000000000000e+00,3.279041010466816064e-01,4.060870386999829162e-01,2.330443521477882918e-01,3.991166516850160884e-01,0.000000000000000000e+00,0.000000000000000000e+00,4.215450589944790827e-01,3.656163423894177034e-01,3.124814136143037047e-01,0.000000000000000000e+00,4.004835967571682143e-01,4.071048165764559745e-01,3.470310907253494892e-01,3.768495073169613740e-01,3.376198799399220962e-01,3.247509971195866041e-01,3.661295586422476100e-01,4.312544972871424909e-01,3.905995348821881819e-01,3.979615624656481776e-01,4.423258914195145053e-01,4.718783325981312782e-01,4.304614702111438929e-01,0.000000000000000000e+00,4.408520387210924096e-01,2.912546242043249078e-01,4.148505574938112783e-01,4.122274630845845778e-01,3.193483499563901096e-01,0.000000000000000000e+00,0.000000000000000000e+00,0.000000000000000000e+00,3.640746425338842740e-01,0.000000000000000000e+00,0.000000000000000000e+00,0.000000000000000000e+00,3.742141044508581760e-01,0.000000000000000000e+00,4.487234660949001031e-01,0.000000000000000000e+00,0.000000000000000000e+00,0.000000000000000000e+00,0.000000000000000000e+00,3.265641291775528976e-01,0.000000000000000000e+00,4.593397337258396940e-01,3.116038080357130813e-01,0.000000000000000000e+00,0.000000000000000000e+00,0.000000000000000000e+00,4.639068477995264006e-01,4.443363960814445957e-01,4.736399695560555845e-01,4.673254803860155127e-01,0.000000000000000000e+00,2.774349731063774915e-01,4.622865637610711897e-01,4.740962232886454797e-01,3.667856278248092794e-01,4.396037671675007141e-01,3.823640214410949922e-01,4.023630601216954816e-01
3.962828377405002156e-01,4.179157940542959082e-01,0.000000000000000000e+00,0.000000000000000000e+00,0.000000000000000000e+00,3.957091285386887258e-01,0.000000000000000000e+00,4.473314269465785142e-01,0.000000000000000000e+00,0.000000000000000000e+00,0.000000000000000000e+00,4.192009444434405818e-01,4.388478802558433145e-01,4.719588721862311154e-01,3.991067339424633764e-01,4.145506492701577228e-01,0.000000000000000000e+00,4.224489047402927855e-01,0.000000000000000000e+00,4.215450589944790827e-01,0.000000000000000000e+00,4.528154704909271855e-01,3.835520768729013819e-01,4.731599140289917127e-01,4.084793318294885900e-01,3.996110904927955843e-01,4.156599039663779749e-01,4.197257545683403812e-01,4.129495354775508109e-01,0.000000000000000000e+00,3.827763629788266120e-01,4.312414240493380735e-01,4.134878460337919059e-01,4.074275568010551907e-01,4.903980444870598143e-01,0.000000000000000000e+00,0.000000000000000000e+00,0.000000000000000000e+00,4.794475610482952233e-01,4.615176554212020998e-01,5.024368809536098324e-01,0.000000000000000000e+00,0.000000000000000000e+00,0.000000000000000000e+00,0.000000000000000000e+00,3.447555273773170725e-01,4.915511935283892742e-01,0.000000000000000000e+00,0.000000000000000000e+00,0.000000000000000000e+00,4.586242975884105011e-01,0.000000000000000000e+00,4.617600168681704753e-01,0.000000000000000000e+00,0.000000000000000000e+00,0.000000000000000000e+00,0.000000000000000000e+00,4.447342586651676921e-01,0.000000000000000000e+00,4.727243235555035894e-01,4.335538002470279983e-01,0.000000000000000000e+00,0.000000000000000000e+00,0.000000000000000000e+00,4.640188058668734961e-01,4.204906143423480791e-01,5.058106370879300595e-01,4.828175424864057930e-01,0.000000000000000000e+00,3.691599674264903763e-01,4.960784394455420854e-01,4.808400091269314225e-01,4.330890104155810105e-01,4.816464642951741038e-01,0.000000000000000000e+00,3.942511322202462143e-01
