0.000000000000000000e+00,4.316800413609613862e-01,0.000000000000000000e+00,0.000000000000000000e+00,0.000000000000000000e+00,4.974670278062622852e-01,0.000000000000000000e+00,5.267047966036925155e-01,0.000000000000000000e+00,0.000000000000000000e+00,0.000000000000000000e+00,3.513398699733916164e-01,3.384232578323871921e-01,0.000000000000000000e+00,3.457035846157404113e-01,4.003237165402802056e-01,3.634307846544591047e-01,3.876225047702844262e-01,0.000000000000000000e+00,3.802833743807115252e-01,4.213131682865082772e-01,3.928373161510316791e-01,4.756652814770614968e-01,3.744133274480456186e-01,4.055415228512543879e-01,3.563751109238498804e-01,4.328630537712231940e-01,4.370459873790831784e-01,4.673305340219794934e-01,0.000000000000000000e+00,3.623419214794206811e-01,4.496182046922699849e-01,3.651390273150926791e-01,3.791891818467257869e-01,4.204445478499972966e-01,0.000000000000000000e+00,0.000000000000000000e+00,0.000000000000000000e+00,4.768467931672840110e-01,4.325635169795504775e-01,4.715553156083371888e-01,0.000000000000000000e+00,0.000000000000000000e+00,0.000000000000000000e+00,0.000000000000000000e+00,4.091541500551307831e-01,4.774209362463073814e-01,0.000000000000000000e+00,0.000000000000000000e+00,0.000000000000000000e+00,0.000000000000000000e+00,0.000000000000000000e+00,0.000000000000000000e+00,0.000000000000000000e+00,0.000000000000000000e+00,0.000000000000000000e+00,0.000000000000000000e+00,0.000000000000000000e+00,0.000000000000000000e+00,0.000000000000000000e+00,4.778278920695108734e-01,0.000000000000000000e+00,4.682811360819875146e-01,0.000000000000000000e+00,0.000000000000000000e+00,3.944843835901559181e-01,4.746776352935566101e-01,0.000000000000000000e+00,0.000000000000000000e+00,4.698392442069593833e-01,4.831418492811518917e-01,0.000000000000000000e+00,0.000000000000000000e+00,0.000000000000000000e+00,0.000000000000000000e+00,4.491668762492462830e-01
4.316800413609613862e-01,0.000000000000000000e+00,0.000000000000000000e+00,0.000000000000000000e+00,4.131672210790565125e-01,4.295680790472027888e-01,4.515996655910006763e-01,5.036400145302728504e-01,4.174892636288954906e-01,0.000000000000000000e+00,0.000000000000000000e+00,0.000000000000000000e+00,4.649317607009375020e-01,0.000000000000000000e+00,4.287309413389899793e-01,4.132394871777755885e-01,3.506823016835138862e-01,3.931103751219752751e-01,0.000000000000000000e+00,4.482232399559037961e-01,4.358096435414832159e-01,4.039561111881387889e-01,4.447292515206464070e-01,0.000000000000000000e+00,3.866817343726139944e-01,4.076816895162100884e-01,4.263087687727650787e-01,4.333523838961065855e-01,4.293419026544347261e-01,0.000000000000000000e+00,3.797584063478425809e-01,4.473145164726681222e-01,3.867565246022153236e-01,3.930846618677240056e-01,4.596738036187490994e-01,0.000000000000000000e+00,0.000000000000000000e+00,0.000000000000000000e+00,4.787534720425284940e-01,4.820032769693319841e-01,4.852438831132079855e-01,5.132632734436685107e-01,0.000000000000000000e+00,0.000000000000000000e+00,0.000000000000000000e+00,4.700602493611332200e-01,4.780046676770692837e-01,0.000000000000000000e+00,0.000000000000000000e+00,0.000000000000000000e+00,3.999790810105748884e-01,0.000000000000000000e+00,0.000000000000000000e+00,0.000000000000000000e+00,0.000000000000000000e+00,0.000000000000000000e+00,0.000000000000000000e+00,0.000000000000000000e+00,0.000000000000000000e+00,5.032525145364927788e-01,4.826731595688947829e-01,0.000000000000000000e+00,4.460780809357819954e-01,0.000000000000000000e+00,4.539517532528655197e-01,4.749809325334795052e-01,4.805550282501204751e-01,4.445470379430481733e-01,0.000000000000000000e+00,4.540377899388455263e-01,5.016174614476570648e-01,4.347309678321423232e-01,0.000000000000000000e+00,4.481212113078077985e-01,0.000000000000000000e+00,4.607487426066029235e-01
0.000000000000000000e+00,0.000000000000000000e+00,0.000000000000000000e+00,3.461590215026734141e-01,3.944572853032450865e-01,3.792794466813034782e-01,4.273567652927569016e-01,4.766421844737547819e-01,2.893388898881101845e-01,3.629774668517459224e-01,3.065901822770635277e-01,3.107707507160676896e-01,4.316640839511414751e-01,4.006618414721114796e-01,0.000000000000000000e+00,0.000000000000000000e+00,0.000000000000000000e+00,0.000000000000000000e+00,2.489498191621349887e-01,0.000000000000000000e+00,0.000000000000000000e+00,0.000000000000000000e+00,2.740104580309148941e-01,0.000000000000000000e+00,0.000000000000000000e+00,0.000000000000000000e+00,3.281108457652703869e-01,4.347551064023856826e-01,0.000000000000000000e+00,0.000000000000000000e+00,4.603074376587423244e-01,4.429464405834455110e-01,3.021633489227377733e-01,4.591481649190646275e-01,4.588968862856694919e-01,4.175587613375201235e-01,3.980915929446651180e-01,0.000000000000000000e+00,4.598878956571910148e-01,0.000000000000000000e+00,3.837002232050414907e-01,0.000000000000000000e+00,4.971407291231569880e-01,0.000000000000000000e+00,0.000000000000000000e+00,0.000000000000000000e+00,0.000000000000000000e+00,3.898503969558015925e-01,0.000000000000000000e+00,5.143935049313717034e-01,5.738836782045840801e-01,5.083589552721354821e-01,5.601564842796408206e-01,5.848222839346300939e-01,0.000000000000000000e+00,2.804341553462105785e-01,0.000000000000000000e+00,4.877474299328311003e-01,5.020124210630193540e-01,0.000000000000000000e+00,0.000000000000000000e+00,0.000000000000000000e+00,0.000000000000000000e+00,2.413274110579876897e-01,0.000000000000000000e+00,0.000000000000000000e+00,0.000000000000000000e+00,5.477438939625134395e-01,0.000000000000000000e+00,0.000000000000000000e+00,0.000000000000000000e+00,5.701801630971021773e-01,4.478360635012357260e-01,0.000000000000000000e+00,0.000000000000000000e+00,0.000000000000000000e+00
0.000000000000000000e+00,0.000000000000000000e+00,3.461590215026734141e-01,0.000000000000000000e+00,2.320477910301183000e-01,3.679638139071709224e-01,2.699650012404660182e-01,2.847385377577867915e-01,3.930478654853594156e-01,3.360358813336405959e-01,3.951547628837938086e-01,3.549303786515757841e-01,3.028018328453587205e-01,2.299469653937364078e-01,0.000000000000000000e+00,0.000000000000000000e+00,0.000000000000000000e+00,0.000000000000000000e+00,3.447862462629658897e-01,0.000000000000000000e+00,0.000000000000000000e+00,0.000000000000000000e+00,3.788195803759191738e-01,0.000000000000000000e+00,0.000000000000000000e+00,0.000000000000000000e+00,3.632837745513988192e-01,2.860368701720976126e-01,3.317846529443133075e-01,0.000000000000000000e+00,0.000000000000000000e+00,3.034055487796333272e-01,0.000000000000000000e+00,2.329199477983525113e-01,2.806420321219020853e-01,1.990413937876978068e-01,1.988874236802422868e-01,2.917344969218170769e-01,0.000000000000000000e+00,0.000000000000000000e+00,0.000000000000000000e+00,0.000000000000000000e+00,0.000000000000000000e+00,0.000000000000000000e+00,0.000000000000000000e+00,0.000000000000000000e+00,0.000000000000000000e+00,0.000000000000000000e+00,0.000000000000000000e+00,0.000000000000000000e+00,0.000000000000000000e+00,0.000000000000000000e+00,0.000000000000000000e+00,0.000000000000000000e+00,0.000000000000000000e+00,0.000000000000000000e+00,0.000000000000000000e+00,0.000000000000000000e+00,0.000000000000000000e+00,0.000000000000000000e+00,0.000000000000000000e+00,0.000000000000000000e+00,0.000000000000000000e+00,0.000000000000000000e+00,0.000000000000000000e+00,0.000000000000000000e+00,0.000000000000000000e+00,0.000000000000000000e+00,0.000000000000000000e+00,0.000000000000000000e+00,0.000000000000000000e+00,0.000000000000000000e+00,0.000000000000000000e+00,0.000000000000000000e+00,0.000000000000000000e+00,0.000000000000000000e+00
0.000000000000000000e+00,4.131672210790565125e-01,3.944572853032450865e-01,2.320477910301183000e-01,0.000000000000000000e+00,3.796038665637748166e-01,3.191563053109279235e-01,3.872392620696559207e-01,3.357779071625970890e-01,3.739628171891478114e-01,3.544921548382364840e-01,3.184802233023358853e-01,3.325716616893932276e-01,2.999598389423253075e-01,0.000000000000000000e+00,4.212870353241791044e-01,0.000000000000000000e+00,0.000000000000000000e+00,3.918597995868656758e-01,4.422887590415466863e-01,0.000000000000000000e+00,4.531043102754616081e-01,4.196670248406981218e-01,0.000000000000000000e+00,3.501254534143219965e-01,3.480320998519392806e-01,4.095799879094688123e-01,3.881915408131300094e-01,4.241542319399210781e-01,0.000000000000000000e+00,4.322679431553768103e-01,3.621462382079325137e-01,3.409601408218007057e-01,4.104032885373132267e-01,3.830942459820108059e-01,2.552132476742193790e-01,3.093804028096914238e-01,2.953361206177069764e-01,3.975980976085707885e-01,0.000000000000000000e+00,0.000000000000000000e+00,0.000000000000000000e+00,2.954328334243482845e-01,0.000000000000000000e+00,0.000000000000000000e+00,0.000000000000000000e+00,0.000000000000000000e+00,4.259255556525722852e-01,0.000000000000000000e+00,4.166225320619563188e-01,4.731492094649548119e-01,0.000000000000000000e+00,4.243311534144686981e-01,4.166184213728661989e-01,0.000000000000000000e+00,4.054467597340520868e-01,0.000000000000000000e+00,0.000000000000000000e+00,0.000000000000000000e+00,0.000000000000000000e+00,0.000000000000000000e+00,0.000000000000000000e+00,0.000000000000000000e+00,3.721173072614565869e-01,0.000000000000000000e+00,0.000000000000000000e+00,0.000000000000000000e+00,5.379169287077320005e-01,0.000000000000000000e+00,0.000000000000000000e+00,0.000000000000000000e+00,4.734576096237608778e-01,0.000000000000000000e+00,0.000000000000000000e+00,0.000000000000000000e+00,0.000000000000000000e+00
4.974670278062622852e-01,4.295680790472027888e-01,3.792794466813034782e-01,3.679638139071709224e-01,3.796038665637748166e-01,0.000000000000000000e+00,3.794729778967815825e-01,4.251307199000349257e-01,3.334638666417292785e-01,4.247159633155183078e-01,3.583057134217398909e-01,3.350963973138815777e-01,3.737402885317290813e-01,4.191323515602276006e-01,4.047678040334315996e-01,4.510168234067004067e-01,3.114535156106014169e-01,4.556471425979423118e-01,4.093336529412068270e-01,4.193709565465040812e-01,4.173617385756404063e-01,4.449897108026061865e-01,4.312896180694150150e-01,0.000000000000000000e+00,4.099667089218327898e-01,3.996161426176558784e-01,4.183022198366372901e-01,4.082754987744726116e-01,3.377103211075739853e-01,4.383996817163722803e-01,4.482534864867477875e-01,4.296072958657349838e-01,4.068546177638874273e-01,4.606670220219704071e-01,4.699883538092374247e-01,4.337327804668962838e-01,4.240950376155036006e-01,3.626517551010399742e-01,5.221232312602815950e-01,0.000000000000000000e+00,5.394348321562690840e-01,4.422996354446439016e-01,4.124015054618477838e-01,0.000000000000000000e+00,0.000000000000000000e+00,0.000000000000000000e+00,3.468921461474595014e-01,5.635145564900811976e-01,0.000000000000000000e+00,4.644234201601961098e-01,5.385420692407327792e-01,5.386933518154476408e-01,4.733446884160725787e-01,5.674805429752025621e-01,0.000000000000000000e+00,4.255474412290141117e-01,0.000000000000000000e+00,5.343555579426660929e-01,0.000000000000000000e+00,4.259741098366262024e-01,0.000000000000000000e+00,0.000000000000000000e+00,0.000000000000000000e+00,4.937346468180320858e-01,4.210873393415534016e-01,3.927056976026184199e-01,3.873826600982053781e-01,5.455586381230198567e-01,0.000000000000000000e+00,0.000000000000000000e+00,3.762274657002441791e-01,5.443009141643048165e-01,5.321336172482670213e-01,5.253905305979261753e-01,4.729404274460848878e-01,5.343366277932035668e-01
0.000000000000000000e+00,4.515996655910006763e-01,4.273567652927569016e-01,2.699650012404660182e-01,3.191563053109279235e-01,3.794729778967815825e-01,0.000000000000000000e+00,4.313465968148649243e-01,3.587817828886527005e-01,3.640189824209388858e-01,4.283937928984051791e-01,3.473568732102079726e-01,3.017693132828431213e-01,3.532888333483107934e-01,0.000000000000000000e+00,4.767375974600864263e-01,3.708618536551688272e-01,4.201714206795443274e-01,4.350803693005276251e-01,4.371600704244367197e-01,0.000000000000000000e+00,4.721771424710575760e-01,4.264921439342608811e-01,3.222962569756707141e-01,4.215700439660581833e-01,3.795459867646708840e-01,4.285682276727725837e-01,3.530699699066929265e-01,4.295648960724220977e-01,0.000000000000000000e+00,3.977144725757185140e-01,3.745786830098751796e-01,3.740558871639383942e-01,3.796033507913739724e-01,3.683196028915369236e-01,3.015726384430963969e-01,3.182461312644161988e-01,3.318220746344694994e-01,4.042871713580176163e-01,0.000000000000000000e+00,2.803838878221233122e-01,0.000000000000000000e+00,3.697551079233825089e-01,0.000000000000000000e+00,0.000000000000000000e+00,0.000000000000000000e+00,0.000000000000000000e+00,4.191001866433051171e-01,0.000000000000000000e+00,0.000000000000000000e+00,4.601254227446657241e-01,0.000000000000000000e+00,4.309650391865343932e-01,4.054730630756495091e-01,0.000000000000000000e+00,3.382787149248492886e-01,0.000000000000000000e+00,0.000000000000000000e+00,0.000000000000000000e+00,0.000000000000000000e+00,0.000000000000000000e+00,0.000000000000000000e+00,0.000000000000000000e+00,0.000000000000000000e+00,0.000000000000000000e+00,0.000000000000000000e+00,0.000000000000000000e+00,5.296624503281224250e-01,0.000000000000000000e+00,0.000000000000000000e+00,0.000000000000000000e+00,4.826432167242489801e-01,0.000000000000000000e+00,0.000000000000000000e+00,0.000000000000000000e+00,0.000000000000000000e+00
5.267047966036925155e-01,5.036400145302728504e-01,4.766421844737547819e-01,2.847385377577867915e-01,3.872392620696559207e-01,4.251307199000349257e-01,4.313465968148649243e-01,0.000000000000000000e+00,5.014225566763101938e-01,0.000000000000000000e+00,4.297949256834402987e-01,0.000000000000000000e+00,4.193109409887441075e-01,3.138115165715488764e-01,0.000000000000000000e+00,0.000000000000000000e+00,0.000000000000000000e+00,4.812015600149681105e-01,4.711743419946464728e-01,3.696360323680888960e-01,3.874769325528156783e-01,0.000000000000000000e+00,3.717035170090419172e-01,5.491586308970002328e-01,5.133103891158276033e-01,5.072014436528383685e-01,4.276111709410144179e-01,4.105849940835756828e-01,3.626073770863603163e-01,4.072351080825921121e-01,4.419204591312652086e-01,3.548525135760720040e-01,5.036371502113540233e-01,4.425520687500987260e-01,0.000000000000000000e+00,2.476578779638987093e-01,2.878047619007751967e-01,0.000000000000000000e+00,4.847520713186119767e-01,0.000000000000000000e+00,4.882742698027279782e-01,0.000000000000000000e+00,4.307786639908470772e-01,0.000000000000000000e+00,0.000000000000000000e+00,0.000000000000000000e+00,0.000000000000000000e+00,5.410054694267449893e-01,0.000000000000000000e+00,4.871009386899882165e-01,5.212961476976128994e-01,5.145484381369856974e-01,4.427205792191025169e-01,5.392916959820722722e-01,0.000000000000000000e+00,4.771034660138330219e-01,0.000000000000000000e+00,4.661765091514715742e-01,4.790693683754915222e-01,4.394747051842470831e-01,0.000000000000000000e+00,0.000000000000000000e+00,0.000000000000000000e+00,4.989405781979103782e-01,0.000000000000000000e+00,4.050639739704451903e-01,0.000000000000000000e+00,5.136219062804474600e-01,0.000000000000000000e+00,0.000000000000000000e+00,0.000000000000000000e+00,5.407884494578029111e-01,4.658645271656822739e-01,4.525160514573269843e-01,0.000000000000000000e+00,4.718694626298842731e-01
0.000000000000000000e+00,4.174892636288954906e-01,2.893388898881101845e-01,3.930478654853594156e-01,3.357779071625970890e-01,3.334638666417292785e-01,3.587817828886527005e-01,5.014225566763101938e-01,0.000000000000000000e+00,4.292832610879497857e-01,3.271195866016938791e-01,3.513032661435490089e-01,3.761325252819460729e-01,4.237238481746510854e-01,0.000000000000000000e+00,4.428586551129756188e-01,0.000000000000000000e+00,3.123700107290175998e-01,2.779069692772800915e-01,4.202516439626671763e-01,0.000000000000000000e+00,4.597175727059242267e-01,4.429588505842562141e-01,3.409759402811169959e-01,3.750474086439765098e-01,3.876963542228494264e-01,3.593358073397056041e-01,4.256977301833481109e-01,4.120731618986969158e-01,4.250916657801401821e-01,4.519080321691946178e-01,4.298616954565924742e-01,3.526497057502118171e-01,4.459394213603807833e-01,4.495420936121398148e-01,4.344223312702423234e-01,4.124710512724873990e-01,3.660374031429453057e-01,5.119574795764638697e-01,0.000000000000000000e+00,3.104369760701903846e-01,0.000000000000000000e+00,4.939730615274037229e-01,0.000000000000000000e+00,0.000000000000000000e+00,0.000000000000000000e+00,0.000000000000000000e+00,5.783155044471715023e-01,0.000000000000000000e+00,4.935827148677390253e-01,5.613093177574487447e-01,4.873682578055318904e-01,5.550216745519968020e-01,5.532633211250211902e-01,0.000000000000000000e+00,5.365532271563595579e-01,0.000000000000000000e+00,4.602606678827551034e-01,5.120513064460054942e-01,0.000000000000000000e+00,0.000000000000000000e+00,0.000000000000000000e+00,0.000000000000000000e+00,5.276732445126669502e-01,0.000000000000000000e+00,0.000000000000000000e+00,0.000000000000000000e+00,5.798577472577470804e-01,0.000000000000000000e+00,0.000000000000000000e+00,0.000000000000000000e+00,5.754931959675055886e-01,4.413817234069257189e-01,0.000000000000000000e+00,0.000000000000000000e+00,0.000000000000000000e+00
0.000000000000000000e+00,0.000000000000000000e+00,3.629774668517459224e-01,3.360358813336405959e-01,3.739628171891478114e-01,4.247159633155183078e-01,3.640189824209388858e-01,0.000000000000000000e+00,4.292832610879497857e-01,0.000000000000000000e+00,4.313322985562508260e-01,2.955922367951290819e-01,4.031330852867274217e-01,0.000000000000000000e+00,0.000000000000000000e+00,3.262969830824529738e-01,2.639377693529936231e-01,2.987661250032592752e-01,3.871532804996254962e-01,3.128639960549572940e-01,0.000000000000000000e+00,3.038310329028335866e-01,3.753724460938471230e-01,3.438099394466873071e-01,3.111813971439417736e-01,3.244153928810424858e-01,3.666343108441278975e-01,3.742265997734092742e-01,3.142525293208314197e-01,0.000000000000000000e+00,3.154507656077560895e-01,3.717722928330459142e-01,3.306353809109982000e-01,3.326593470675118236e-01,3.374026553587453070e-01,3.337520423688338234e-01,1.703362809362853891e-01,3.030003246773060877e-01,4.951281528848883728e-01,3.962082223296323757e-01,3.909568724016513896e-01,0.000000000000000000e+00,0.000000000000000000e+00,0.000000000000000000e+00,3.457940500645274029e-01,0.000000000000000000e+00,0.000000000000000000e+00,0.000000000000000000e+00,0.000000000000000000e+00,0.000000000000000000e+00,0.000000000000000000e+00,0.000000000000000000e+00,0.000000000000000000e+00,0.000000000000000000e+00,4.788314036930190754e-01,0.000000000000000000e+00,4.798075179911794885e-01,4.173349785801522271e-01,0.000000000000000000e+00,0.000000000000000000e+00,0.000000000000000000e+00,4.342171693183535797e-01,4.508373275355396226e-01,0.000000000000000000e+00,0.000000000000000000e+00,0.000000000000000000e+00,0.000000000000000000e+00,0.000000000000000000e+00,4.381769777687798961e-01,4.729446056451396818e-01,4.670482041680413254e-01,0.000000000000000000e+00,4.548252935021573906e-01,0.000000000000000000e+00,0.000000000000000000e+00,4.718290905461589024e-01
0.000000000000000000e+00,0.000000000000000000e+00,3.065901822770635277e-01,3.951547628837938086e-01,3.544921548382364840e-01,3.583057134217398909e-01,4.283937928984051791e-01,4.297949256834402987e-01,3.271195866016938791e-01,4.313322985562508260e-01,0.000000000000000000e+00,3.731198424732489749e-01,4.332479030947293253e-01,3.073136148631929188e-01,0.000000000000000000e+00,0.000000000000000000e+00,3.536656486008433742e-01,0.000000000000000000e+00,2.474550107290930945e-01,0.000000000000000000e+00,0.000000000000000000e+00,0.000000000000000000e+00,3.165711959095113825e-01,3.536741349514890831e-01,0.000000000000000000e+00,3.119453403646849088e-01,3.933909197979035821e-01,4.335247863897548903e-01,0.000000000000000000e+00,0.000000000000000000e+00,4.585100335996221133e-01,4.160584269641878774e-01,3.313847872725946275e-01,4.466349404759186736e-01,4.286195459554282272e-01,3.621862878112291906e-01,4.000790524326224840e-01,3.698495538851371833e-01,4.440822699375058247e-01,0.000000000000000000e+00,0.000000000000000000e+00,0.000000000000000000e+00,4.554039787383197257e-01,0.000000000000000000e+00,0.000000000000000000e+00,0.000000000000000000e+00,0.000000000000000000e+00,4.605477850744231216e-01,0.000000000000000000e+00,4.800153645401101787e-01,5.255402534701111295e-01,4.688658614958808868e-01,4.948733232249037939e-01,5.649699922796385110e-01,0.000000000000000000e+00,3.418409994726848145e-01,0.000000000000000000e+00,4.244122376723437062e-01,4.580932848160377269e-01,0.000000000000000000e+00,0.000000000000000000e+00,0.000000000000000000e+00,0.000000000000000000e+00,3.186029175292479088e-01,0.000000000000000000e+00,0.000000000000000000e+00,0.000000000000000000e+00,5.628011264829828608e-01,0.000000000000000000e+00,0.000000000000000000e+00,0.000000000000000000e+00,5.383230582804843234e-01,3.741488533204925249e-01,0.000000000000000000e+00,0.000000000000000000e+00,0.000000000000000000e+00
3.513398699733916164e-01,0.000000000000000000e+00,3.107707507160676896e-01,3.549303786515757841e-01,3.184802233023358853e-01,3.350963973138815777e-01,3.473568732102079726e-01,0.000000000000000000e+00,3.513032661435490089e-01,2.955922367951290819e-01,3.731198424732489749e-01,0.000000000000000000e+00,3.741376823591742729e-01,0.000000000000000000e+00,0.000000000000000000e+00,0.000000000000000000e+00,3.316397003334485838e-01,3.452719100291419818e-01,3.038643569673710743e-01,0.000000000000000000e+00,4.843149474897797124e-01,0.000000000000000000e+00,3.203341931044353941e-01,2.982907455053643853e-01,3.581997930187971746e-01,3.270828453877688835e-01,3.030071171978325206e-01,3.244847338366517175e-01,0.000000000000000000e+00,0.000000000000000000e+00,3.325493217103959731e-01,2.490561761012743125e-01,2.799019778256239266e-01,2.593493565115229105e-01,3.105064586935015192e-01,2.980243345515610209e-01,2.347799507069495972e-01,2.072848667882339901e-01,2.441275628880288928e-01,4.002419245050377050e-01,3.229812250703892884e-01,0.000000000000000000e+00,0.000000000000000000e+00,0.000000000000000000e+00,3.283095386641293190e-01,0.000000000000000000e+00,0.000000000000000000e+00,0.000000000000000000e+00,0.000000000000000000e+00,0.000000000000000000e+00,0.000000000000000000e+00,0.000000000000000000e+00,0.000000000000000000e+00,0.000000000000000000e+00,4.683649418103245088e-01,0.000000000000000000e+00,4.647332416925074039e-01,3.637194388127863998e-01,0.000000000000000000e+00,0.000000000000000000e+00,0.000000000000000000e+00,4.261623735577679262e-01,4.458864054795944054e-01,0.000000000000000000e+00,0.000000000000000000e+00,0.000000000000000000e+00,0.000000000000000000e+00,0.000000000000000000e+00,3.911491562495458263e-01,4.698704866990566220e-01,4.608911916310963752e-01,0.000000000000000000e+00,4.397923659313970890e-01,0.000000000000000000e+00,0.000000000000000000e+00,4.344404963980271761e-01
3.384232578323871921e-01,4.649317607009375020e-01,4.316640839511414751e-01,3.028018328453587205e-01,3.325716616893932276e-01,3.737402885317290813e-01,3.017693132828431213e-01,4.193109409887441075e-01,3.761325252819460729e-01,4.031330852867274217e-01,4.332479030947293253e-01,3.741376823591742729e-01,0.000000000000000000e+00,3.583270173954565263e-01,0.000000000000000000e+00,4.688078338791071831e-01,4.051097419917207842e-01,4.343129097885097822e-01,4.380865749649365259e-01,4.174029984543229932e-01,4.028153305271152118e-01,4.734064754205898895e-01,4.173860274961476158e-01,3.259008447562934951e-01,4.316605923166345060e-01,4.172642966047522273e-01,4.183497700101018180e-01,3.515319838129957741e-01,3.867680793348671209e-01,0.000000000000000000e+00,3.836274172966323004e-01,3.795558406293688125e-01,3.611328431064962929e-01,3.986217221178696146e-01,3.755397852324670049e-01,3.185571976959534202e-01,3.342327266374687800e-01,3.569567750255637772e-01,4.942352072856099898e-01,0.000000000000000000e+00,3.078049509003064066e-01,3.098744559370971152e-01,3.125799211423577750e-01,0.000000000000000000e+00,0.000000000000000000e+00,0.000000000000000000e+00,0.000000000000000000e+00,4.087250273451156768e-01,0.000000000000000000e+00,0.000000000000000000e+00,4.688453517859543229e-01,3.662080182832331832e-01,4.182462825152151731e-01,0.000000000000000000e+00,0.000000000000000000e+00,0.000000000000000000e+00,0.000000000000000000e+00,0.000000000000000000e+00,0.000000000000000000e+00,3.402431522010443965e-01,0.000000000000000000e+00,0.000000000000000000e+00,0.000000000000000000e+00,0.000000000000000000e+00,3.554634836498123951e-01,0.000000000000000000e+00,0.000000000000000000e+00,5.076637916578919940e-01,0.000000000000000000e+00,3.089936054061767079e-01,3.401836554371411858e-01,4.907838788504406136e-01,0.000000000000000000e+00,4.202663304853793136e-01,0.000000000000000000e+00,0.000000000000000000e+00
0.000000000000000000e+00,0.000000000000000000e+00,4.006618414721114796e-01,2.299469653937364078e-01,2.999598389423253075e-01,4.191323515602276006e-01,3.532888333483107934e-01,3.138115165715488764e-01,4.237238481746510854e-01,0.000000000000000000e+00,3.073136148631929188e-01,0.000000000000000000e+00,3.583270173954565263e-01,0.000000000000000000e+00,0.000000000000000000e+00,0.000000000000000000e+00,0.000000000000000000e+00,0.000000000000000000e+00,3.845353869614379083e-01,0.000000000000000000e+00,4.319796444020915782e-01,0.000000000000000000e+00,3.775370544617712154e-01,0.000000000000000000e+00,0.000000000000000000e+00,0.000000000000000000e+00,4.238483181667249133e-01,2.971041423686606175e-01,0.000000000000000000e+00,0.000000000000000000e+00,4.302096276951946074e-01,2.611195157792913779e-01,0.000000000000000000e+00,3.688787367399302131e-01,0.000000000000000000e+00,2.094765724261186124e-01,1.579992499960798935e-01,0.000000000000000000e+00,0.000000000000000000e+00,0.000000000000000000e+00,0.000000000000000000e+00,0.000000000000000000e+00,0.000000000000000000e+00,0.000000000000000000e+00,0.000000000000000000e+00,0.000000000000000000e+00,0.000000000000000000e+00,4.256852770336604919e-01,0.000000000000000000e+00,0.000000000000000000e+00,0.000000000000000000e+00,0.000000000000000000e+00,0.000000000000000000e+00,0.000000000000000000e+00,0.000000000000000000e+00,4.363221001478260752e-01,0.000000000000000000e+00,0.000000000000000000e+00,0.000000000000000000e+00,0.000000000000000000e+00,0.000000000000000000e+00,0.000000000000000000e+00,0.000000000000000000e+00,0.000000000000000000e+00,0.000000000000000000e+00,0.000000000000000000e+00,0.000000000000000000e+00,0.000000000000000000e+00,0.000000000000000000e+00,0.000000000000000000e+00,0.000000000000000000e+00,5.040693137983061067e-01,0.000000000000000000e+00,0.000000000000000000e+00,0.000000000000000000e+00,0.000000000000000000e+00
3.457035846157404113e-01,4.287309413389899793e-01,0.000000000000000000e+00,0.000000000000000000e+00,0.000000000000000000e+00,4.047678040334315996e-01,0.000000000000000000e+00,0.000000000000000000e+00,0.000000000000000000e+00,0.000000000000000000e+00,0.000000000000000000e+00,0.000000000000000000e+00,0.000000000000000000e+00,0.000000000000000000e+00,0.000000000000000000e+00,0.000000000000000000e+00,0.000000000000000000e+00,0.000000000000000000e+00,0.000000000000000000e+00,2.983342285074914169e-01,3.781384567218549209e-01,3.535783395101850246e-01,3.526217394061286203e-01,4.141320467200995115e-01,3.631701321355110257e-01,3.418217181019739259e-01,3.899263550518874966e-01,0.000000000000000000e+00,3.788665490972217831e-01,0.000000000000000000e+00,3.932969196085595032e-01,4.210886553717769210e-01,3.853442636970045854e-01,4.191316272613552774e-01,4.753025657140743099e-01,0.000000000000000000e+00,0.000000000000000000e+00,0.000000000000000000e+00,4.851989179857332801e-01,4.747982158618667126e-01,4.897256399838650909e-01,5.199258081927992103e-01,0.000000000000000000e+00,0.000000000000000000e+00,0.000000000000000000e+00,0.000000000000000000e+00,4.924462953422408251e-01,0.000000000000000000e+00,0.000000000000000000e+00,0.000000000000000000e+00,4.318847193278679830e-01,0.000000000000000000e+00,0.000000000000000000e+00,0.000000000000000000e+00,0.000000000000000000e+00,0.000000000000000000e+00,0.000000000000000000e+00,3.928587255890014784e-01,0.000000000000000000e+00,4.800483085061905131e-01,4.412962552590840026e-01,0.000000000000000000e+00,0.000000000000000000e+00,0.000000000000000000e+00,4.667416268650881883e-01,4.440803036392627079e-01,4.885126972267960221e-01,4.751150190307272814e-01,0.000000000000000000e+00,3.695657346680121802e-01,5.025681537891993900e-01,4.854118343325017904e-01,4.473689884784223803e-01,4.566668175899443738e-01,0.000000000000000000e+00,4.204056376900495162e-01
4.003237165402802056e-01,4.132394871777755885e-01,0.000000000000000000e+00,0.000000000000000000e+00,4.212870353241791044e-01,4.510168234067004067e-01,4.767375974600864263e-01,0.000000000000000000e+00,4.428586551129756188e-01,3.262969830824529738e-01,0.000000000000000000e+00,0.000000000000000000e+00,4.688078338791071831e-01,0.000000000000000000e+00,0.000000000000000000e+00,0.000000000000000000e+00,3.316082494130329072e-01,3.413205971153774887e-01,0.000000000000000000e+00,3.715666579134440095e-01,0.000000000000000000e+00,3.467581657900297154e-01,4.309464876113505150e-01,0.000000000000000000e+00,3.986949110865063983e-01,4.003233774352943919e-01,4.247756430198066924e-01,4.235832922540750944e-01,4.137426150093633792e-01,3.896054055855299181e-01,3.493887089114692812e-01,4.492521306188386743e-01,3.669010981742116817e-01,3.742906459855689927e-01,4.243437133785126214e-01,0.000000000000000000e+00,0.000000000000000000e+00,0.000000000000000000e+00,4.685802328563027919e-01,4.249027880886909747e-01,4.618886174667002908e-01,5.033311679946482764e-01,0.000000000000000000e+00,0.000000000000000000e+00,0.000000000000000000e+00,4.619067211520169192e-01,4.580793003387306772e-01,0.000000000000000000e+00,0.000000000000000000e+00,0.000000000000000000e+00,0.000000000000000000e+00,0.000000000000000000e+00,0.000000000000000000e+00,0.000000000000000000e+00,0.000000000000000000e+00,0.000000000000000000e+00,0.000000000000000000e+00,0.000000000000000000e+00,0.000000000000000000e+00,4.162007725487502086e-01,4.626602312824429908e-01,0.000000000000000000e+00,4.308993602984382276e-01,0.000000000000000000e+00,3.901581740886431726e-01,0.000000000000000000e+00,4.372458366917894024e-01,3.709519187251275052e-01,0.000000000000000000e+00,4.420583377804717107e-01,4.721151985732174872e-01,3.525173173040542229e-01,0.000000000000000000e+00,3.524679976671784010e-01,0.000000000000000000e+00,4.527769281971444904e-01
3.634307846544591047e-01,3.506823016835138862e-01,0.000000000000000000e+00,0.000000000000000000e+00,0.000000000000000000e+00,3.114535156106014169e-01,3.708618536551688272e-01,0.000000000000000000e+00,0.000000000000000000e+00,2.639377693529936231e-01,3.536656486008433742e-01,3.316397003334485838e-01,4.051097419917207842e-01,0.000000000000000000e+00,0.000000000000000000e+00,3.316082494130329072e-01,0.000000000000000000e+00,2.874514317864341750e-01,0.000000000000000000e+00,3.410505260603894917e-01,0.000000000000000000e+00,3.990783460049461273e-01,0.000000000000000000e+00,4.017786437114966858e-01,3.063334766080335059e-01,3.633110178855721850e-01,0.000000000000000000e+00,3.842418982845732800e-01,3.444537925662534139e-01,0.000000000000000000e+00,3.328774816619837207e-01,4.442991675047476274e-01,3.464423650187761772e-01,3.671869441030636838e-01,3.930857875933401746e-01,0.000000000000000000e+00,0.000000000000000000e+00,2.941177859939479999e-01,0.000000000000000000e+00,4.138274274895771265e-01,0.000000000000000000e+00,0.000000000000000000e+00,0.000000000000000000e+00,0.000000000000000000e+00,0.000000000000000000e+00,0.000000000000000000e+00,0.000000000000000000e+00,0.000000000000000000e+00,0.000000000000000000e+00,0.000000000000000000e+00,0.000000000000000000e+00,0.000000000000000000e+00,0.000000000000000000e+00,0.000000000000000000e+00,4.940057337234903811e-01,0.000000000000000000e+00,4.876673507058412738e-01,0.000000000000000000e+00,0.000000000000000000e+00,0.000000000000000000e+00,0.000000000000000000e+00,4.683929478743590891e-01,4.847612949431021057e-01,0.000000000000000000e+00,0.000000000000000000e+00,0.000000000000000000e+00,0.000000000000000000e+00,0.000000000000000000e+00,4.705662290684631821e-01,4.759391469649217887e-01,4.770082137243876197e-01,0.000000000000000000e+00,0.000000000000000000e+00,0.000000000000000000e+00,0.000000000000000000e+00,0.000000000000000000e+00
3.876225047702844262e-01,3.931103751219752751e-01,0.000000000000000000e+00,0.000000000000000000e+00,0.000000000000000000e+00,4.556471425979423118e-01,4.201714206795443274e-01,4.812015600149681105e-01,3.123700107290175998e-01,2.987661250032592752e-01,0.000000000000000000e+00,3.452719100291419818e-01,4.343129097885097822e-01,0.000000000000000000e+00,0.000000000000000000e+00,3.413205971153774887e-01,2.874514317864341750e-01,0.000000000000000000e+00,0.000000000000000000e+00,4.014298945877303182e-01,4.702470795577881058e-01,4.010866406906974935e-01,4.536914727537036951e-01,3.844160337762170254e-01,3.465658752934355213e-01,3.489407810670878129e-01,4.310261314087289741e-01,4.201907307118966095e-01,4.047774607404330260e-01,3.683221308905649249e-01,3.696491311399450197e-01,4.514950623717173261e-01,3.433271635460964921e-01,3.790838113868915116e-01,4.164637689966069201e-01,0.000000000000000000e+00,0.000000000000000000e+00,0.000000000000000000e+00,4.571422306773056943e-01,4.302508093376730125e-01,4.494128929979334108e-01,5.008271090035567585e-01,0.000000000000000000e+00,0.000000000000000000e+00,0.000000000000000000e+00,4.582051300007524142e-01,4.169583942282986122e-01,0.000000000000000000e+00,0.000000000000000000e+00,0.000000000000000000e+00,0.000000000000000000e+00,0.000000000000000000e+00,0.000000000000000000e+00,0.000000000000000000e+00,4.485487243984033201e-01,0.000000000000000000e+00,4.728014178351234165e-01,0.000000000000000000e+00,0.000000000000000000e+00,0.000000000000000000e+00,4.586566883340921219e-01,4.755934580857277272e-01,4.551269982419632876e-01,0.000000000000000000e+00,0.000000000000000000e+00,0.000000000000000000e+00,0.000000000000000000e+00,0.000000000000000000e+00,4.676431337087197937e-01,4.669122483679927216e-01,4.749364377684229255e-01,0.000000000000000000e+00,0.000000000000000000e+00,0.000000000000000000e+00,0.000000000000000000e+00,4.663913034751469011e-01
0.000000000000000000e+00,0.000000000000000000e+00,2.489498191621349887e-01,3.447862462629658897e-01,3.918597995868656758e-01,4.093336529412068270e-01,4.350803693005276251e-01,4.711743419946464728e-01,2.779069692772800915e-01,3.871532804996254962e-01,2.474550107290930945e-01,3.038643569673710743e-01,4.380865749649365259e-01,3.845353869614379083e-01,0.000000000000000000e+00,0.000000000000000000e+00,0.000000000000000000e+00,0.000000000000000000e+00,0.000000000000000000e+00,0.000000000000000000e+00,0.000000000000000000e+00,0.000000000000000000e+00,2.411965563608703123e-01,0.000000000000000000e+00,0.000000000000000000e+00,0.000000000000000000e+00,3.563796770422977822e-01,4.386682080788361082e-01,0.000000000000000000e+00,0.000000000000000000e+00,4.547970337286156850e-01,4.293892770546146043e-01,0.000000000000000000e+00,4.348091510758242961e-01,4.347517069435913872e-01,4.031688013019187888e-01,3.897393657209851092e-01,3.433437831928792261e-01,4.158359398629000170e-01,0.000000000000000000e+00,0.000000000000000000e+00,0.000000000000000000e+00,4.630494165479748236e-01,0.000000000000000000e+00,0.000000000000000000e+00,0.000000000000000000e+00,0.000000000000000000e+00,3.560415563772800218e-01,0.000000000000000000e+00,4.615936444969132024e-01,5.462477496786248832e-01,4.695653331096474870e-01,5.450153173066831780e-01,5.555067675224717449e-01,0.000000000000000000e+00,5.289329231253746544e-01,0.000000000000000000e+00,4.273849096320371799e-01,4.861620868848460231e-01,0.000000000000000000e+00,0.000000000000000000e+00,0.000000000000000000e+00,0.000000000000000000e+00,4.134163560838418072e-01,0.000000000000000000e+00,0.000000000000000000e+00,0.000000000000000000e+00,5.851273604774160919e-01,0.000000000000000000e+00,0.000000000000000000e+00,0.000000000000000000e+00,5.636886593546980295e-01,0.000000000000000000e+00,0.000000000000000000e+00,0.000000000000000000e+00,0.000000000000000000e+00
3.802833743807115252e-01,4.482232399559037961e-01,0.000000000000000000e+00,0.000000000000000000e+00,4.422887590415466863e-01,4.193709565465040812e-01,4.371600704244367197e-01,3.696360323680888960e-01,4.202516439626671763e-01,3.128639960549572940e-01,0.000000000000000000e+00,0.000000000000000000e+00,4.174029984543229932e-01,0.000000000000000000e+00,2.983342285074914169e-01,3.715666579134440095e-01,3.410505260603894917e-01,4.014298945877303182e-01,0.000000000000000000e+00,0.000000000000000000e+00,4.024561485389980264e-01,3.578825943251219277e-01,2.040435914136755069e-01,0.000000000000000000e+00,4.027153412705187230e-01,3.956302168177180945e-01,3.363408342435872944e-01,3.532770707327347881e-01,3.094842867877524162e-01,3.502032134636660077e-01,3.533245901220831153e-01,4.392776080987145226e-01,4.071007495287807809e-01,4.122972374681386776e-01,4.772601337731179894e-01,4.843801918232041870e-01,4.104127600534249742e-01,0.000000000000000000e+00,4.694983588635697758e-01,4.169093637353654125e-01,4.862995688642295922e-01,4.976587833411921791e-01,2.986002283583196193e-01,0.000000000000000000e+00,0.000000000000000000e+00,0.000000000000000000e+00,4.116099892334311172e-01,0.000000000000000000e+00,0.000000000000000000e+00,0.000000000000000000e+00,4.205760941182670187e-01,0.000000000000000000e+00,0.000000000000000000e+00,0.000000000000000000e+00,0.000000000000000000e+00,0.000000000000000000e+00,0.000000000000000000e+00,3.764186068264088747e-01,0.000000000000000000e+00,4.827476426960741196e-01,3.348829233075076850e-01,0.000000000000000000e+00,0.000000000000000000e+00,0.000000000000000000e+00,4.623874910517321024e-01,4.204947855421274916e-01,4.791917497657965930e-01,4.748811587000998924e-01,0.000000000000000000e+00,3.094578041125137235e-01,4.761708558816636905e-01,4.739117384458518267e-01,4.434009378017672032e-01,4.724891762128166084e-01,4.007063580679022796e-01,4.342618218889011117e-01
4.213131682865082772e-01,4.358096435414832159e-01,0.000000000000000000e+00,0.000000000000000000e+00,0.000000000000000000e+00,4.173617385756404063e-01,0.000000000000000000e+00,3.874769325528156783e-01,0.000000000000000000e+00,0.000000000000000000e+00,0.000000000000000000e+00,4.843149474897797124e-01,4.028153305271152118e-01,4.319796444020915782e-01,3.781384567218549209e-01,0.000000000000000000e+00,0.000000000000000000e+00,4.702470795577881058e-01,0.000000000000000000e+00,4.024561485389980264e-01,0.000000000000000000e+00,4.197396112468849139e-01,3.593328940591304921e-01,5.303901055555039212e-01,4.643487961393256147e-01,4.006111411300186109e-01,3.972067256381858757e-01,3.906980749929687136e-01,3.996788469765645835e-01,0.000000000000000000e+00,4.098563291515662232e-01,4.411834471950187853e-01,4.004042854685981867e-01,4.173705378604953276e-01,4.788811403917291876e-01,0.000000000000000000e+00,0.000000000000000000e+00,0.000000000000000000e+00,4.669418247550711221e-01,3.758707688032804084e-01,4.636727301483040131e-01,5.213163223771322130e-01,0.000000000000000000e+00,0.000000000000000000e+00,0.000000000000000000e+00,4.533545658957749969e-01,4.953876591725426826e-01,0.000000000000000000e+00,0.000000000000000000e+00,0.000000000000000000e+00,4.510648870927929099e-01,0.000000000000000000e+00,2.258398001797921884e-01,0.000000000000000000e+00,0.000000000000000000e+00,0.000000000000000000e+00,0.000000000000000000e+00,4.107249006821114268e-01,0.000000000000000000e+00,4.531294927095965153e-01,4.873290234859232739e-01,0.000000000000000000e+00,0.000000000000000000e+00,0.000000000000000000e+00,4.298057131012668064e-01,2.796003512525059853e-01,4.607973422443155109e-01,4.586966375916270988e-01,0.000000000000000000e+00,4.118618704547454268e-01,5.011511626744955539e-01,4.563755439465638775e-01,4.449203146948689236e-01,4.565337973218400736e-01,0.000000000000000000e+00,3.804487712525060905e-01
