0.000000000000000000e+00,3.909676422207714053e-01,0.000000000000000000e+00,0.000000000000000000e+00,0.000000000000000000e+00,3.977782724132070125e-01,0.000000000000000000e+00,5.249908775898568525e-01,0.000000000000000000e+00,3.908407884051153247e-01,0.000000000000000000e+00,3.847551032373344171e-01,3.655908060163898798e-01,0.000000000000000000e+00,3.759388140440161896e-01,4.131307089072907002e-01,3.539891258193647028e-01,3.797135908094443901e-01,0.000000000000000000e+00,4.052435802216148852e-01,4.134278468213328783e-01,3.960022009132029841e-01,4.745522936521849866e-01,3.904168098953372801e-01,3.604700223778088963e-01,3.672481498148369994e-01,4.555646117322533217e-01,3.834074110440813810e-01,0.000000000000000000e+00,0.000000000000000000e+00,3.747862166667703110e-01,4.227165166576791200e-01,3.667283802777108748e-01,3.816205428932685773e-01,4.301226969611097184e-01,0.000000000000000000e+00,0.000000000000000000e+00,4.052111458235758135e-01,4.457112547956524895e-01,4.237998274318436898e-01,4.309683677575223970e-01,0.000000000000000000e+00,0.000000000000000000e+00,0.000000000000000000e+00,0.000000000000000000e+00,2.696338440565528849e-01,4.736546510283042855e-01,0.000000000000000000e+00,0.000000000000000000e+00,0.000000000000000000e+00,0.000000000000000000e+00,0.000000000000000000e+00,0.000000000000000000e+00,0.000000000000000000e+00,4.600040634771043746e-01,0.000000000000000000e+00,0.000000000000000000e+00,0.000000000000000000e+00,0.000000000000000000e+00,0.000000000000000000e+00,4.549018397845310813e-01,0.000000000000000000e+00,4.499071212141447784e-01,0.000000000000000000e+00,0.000000000000000000e+00,2.815109123535575186e-01,4.619830503658947096e-01,0.000000000000000000e+00,0.000000000000000000e+00,4.647243660023431255e-01,4.713323757619117260e-01,0.000000000000000000e+00,0.000000000000000000e+00,0.000000000000000000e+00,0.000000000000000000e+00,4.582949398046063938e-01
3.909676422207714053e-01,0.000000000000000000e+00,0.000000000000000000e+00,0.000000000000000000e+00,3.969476610491067814e-01,4.168046480016407984e-01,4.302367539938660723e-01,4.539721983657796223e-01,3.617615629623778251e-01,0.000000000000000000e+00,0.000000000000000000e+00,0.000000000000000000e+00,4.477430311457111234e-01,0.000000000000000000e+00,4.021273419051685227e-01,3.721403699819016975e-01,3.454857450030677790e-01,3.857197208709748915e-01,0.000000000000000000e+00,4.110418021889005180e-01,3.979803616074638062e-01,3.682954024694296002e-01,4.312992655002181874e-01,0.000000000000000000e+00,3.537907479300478886e-01,3.726251985256958110e-01,4.171023492680390743e-01,4.616272261620100736e-01,4.217243902251118781e-01,0.000000000000000000e+00,3.637575150099343069e-01,4.134403245324240195e-01,3.544307209243294787e-01,3.842132276104934241e-01,4.318833608670311075e-01,0.000000000000000000e+00,0.000000000000000000e+00,0.000000000000000000e+00,4.721354735886764131e-01,4.603784429276701062e-01,4.655775630182177882e-01,4.839913171036562267e-01,0.000000000000000000e+00,0.000000000000000000e+00,0.000000000000000000e+00,4.337232552686273723e-01,4.733049575111136220e-01,0.000000000000000000e+00,0.000000000000000000e+00,0.000000000000000000e+00,3.718713607435459867e-01,0.000000000000000000e+00,0.000000000000000000e+00,0.000000000000000000e+00,0.000000000000000000e+00,0.000000000000000000e+00,0.000000000000000000e+00,0.000000000000000000e+00,0.000000000000000000e+00,4.702632761608789846e-01,4.678629742733680930e-01,0.000000000000000000e+00,4.429716957140767963e-01,0.000000000000000000e+00,4.465608623738633876e-01,4.622183855619328985e-01,4.717710433878566922e-01,4.436517483820096031e-01,0.000000000000000000e+00,4.565674822256072241e-01,4.903831977922190055e-01,4.234106835049795126e-01,0.000000000000000000e+00,4.491593155102345802e-01,0.000000000000000000e+00,4.462362624236315134e-01
0.000000000000000000e+00,0.000000000000000000e+00,0.000000000000000000e+00,3.656446982461968864e-01,4.184371468211843248e-01,4.010822851781278842e-01,4.530258834479479746e-01,4.727401525856375075e-01,2.653885037885296838e-01,3.932121622388609072e-01,3.331051448791252922e-01,3.016348220983027795e-01,4.638784810224568789e-01,4.367615803126144169e-01,0.000000000000000000e+00,0.000000000000000000e+00,0.000000000000000000e+00,0.000000000000000000e+00,2.576300586055924047e-01,0.000000000000000000e+00,0.000000000000000000e+00,0.000000000000000000e+00,3.546052762032845806e-01,0.000000000000000000e+00,0.000000000000000000e+00,0.000000000000000000e+00,3.233069315137511168e-01,4.729909243163449850e-01,0.000000000000000000e+00,0.000000000000000000e+00,4.867910515031256269e-01,4.532493102261819784e-01,3.239872254508764926e-01,4.937785965176885172e-01,4.692192084304575017e-01,4.156811013849868175e-01,4.390025209395707062e-01,0.000000000000000000e+00,4.557856879477559797e-01,0.000000000000000000e+00,4.396985822576499059e-01,0.000000000000000000e+00,5.353938858752321783e-01,0.000000000000000000e+00,0.000000000000000000e+00,0.000000000000000000e+00,0.000000000000000000e+00,4.464903809306575155e-01,0.000000000000000000e+00,4.898614963563057145e-01,5.542812025577155133e-01,4.927681630953957836e-01,5.389244019527295038e-01,5.132846033095953553e-01,0.000000000000000000e+00,4.708279428813761935e-01,0.000000000000000000e+00,4.874741418609874755e-01,5.273736728473389368e-01,0.000000000000000000e+00,0.000000000000000000e+00,0.000000000000000000e+00,0.000000000000000000e+00,3.662003383643325782e-01,0.000000000000000000e+00,0.000000000000000000e+00,0.000000000000000000e+00,5.679248150581750476e-01,0.000000000000000000e+00,0.000000000000000000e+00,0.000000000000000000e+00,5.828797687084624757e-01,4.188978820884163845e-01,0.000000000000000000e+00,0.000000000000000000e+00,0.000000000000000000e+00
0.000000000000000000e+00,0.000000000000000000e+00,3.656446982461968864e-01,0.000000000000000000e+00,3.173762158601666772e-01,4.014990310119095906e-01,4.056630393509154109e-01,3.234097351636084916e-01,4.219803018756652091e-01,1.716711480646100074e-01,3.883105094872911778e-01,0.000000000000000000e+00,2.846009664809360795e-01,2.699697160616478797e-01,0.000000000000000000e+00,0.000000000000000000e+00,0.000000000000000000e+00,0.000000000000000000e+00,3.886641693650941254e-01,3.943129327967743736e-01,0.000000000000000000e+00,0.000000000000000000e+00,3.889038869947031851e-01,0.000000000000000000e+00,0.000000000000000000e+00,0.000000000000000000e+00,3.927967554580675258e-01,2.583127096542869872e-01,3.460687468336020034e-01,0.000000000000000000e+00,0.000000000000000000e+00,3.073735962213440254e-01,0.000000000000000000e+00,2.301116730330881044e-01,2.646226965124282016e-01,1.884224219841030001e-01,1.738111385659152908e-01,0.000000000000000000e+00,0.000000000000000000e+00,0.000000000000000000e+00,0.000000000000000000e+00,0.000000000000000000e+00,0.000000000000000000e+00,0.000000000000000000e+00,0.000000000000000000e+00,0.000000000000000000e+00,0.000000000000000000e+00,0.000000000000000000e+00,0.000000000000000000e+00,0.000000000000000000e+00,0.000000000000000000e+00,0.000000000000000000e+00,0.000000000000000000e+00,0.000000000000000000e+00,0.000000000000000000e+00,0.000000000000000000e+00,0.000000000000000000e+00,0.000000000000000000e+00,0.000000000000000000e+00,0.000000000000000000e+00,0.000000000000000000e+00,0.000000000000000000e+00,0.000000000000000000e+00,0.000000000000000000e+00,0.000000000000000000e+00,0.000000000000000000e+00,0.000000000000000000e+00,0.000000000000000000e+00,0.000000000000000000e+00,0.000000000000000000e+00,0.000000000000000000e+00,0.000000000000000000e+00,0.000000000000000000e+00,0.000000000000000000e+00,0.000000000000000000e+00,0.000000000000000000e+00
0.000000000000000000e+00,3.969476610491067814e-01,4.184371468211843248e-01,3.173762158601666772e-01,0.000000000000000000e+00,3.917705496859120728e-01,3.457442857303018036e-01,3.801776490279478171e-01,3.406706165495070882e-01,4.380392962591119765e-01,3.333460185745353854e-01,4.308827883817847870e-01,3.894857892123476106e-01,3.161912342288706879e-01,0.000000000000000000e+00,3.883656792829799920e-01,0.000000000000000000e+00,0.000000000000000000e+00,4.117833891450142780e-01,4.282377900703300821e-01,0.000000000000000000e+00,4.472703549115418231e-01,4.146588373542903772e-01,0.000000000000000000e+00,3.171076218366034039e-01,3.654043252609099901e-01,4.043024746744172115e-01,4.176661604699782870e-01,4.159509602639380743e-01,0.000000000000000000e+00,4.695807362907153948e-01,3.881081670364355807e-01,3.537661717545376727e-01,4.675710165029222098e-01,0.000000000000000000e+00,2.586418472942643154e-01,3.012667539752816870e-01,0.000000000000000000e+00,3.685503153134984111e-01,0.000000000000000000e+00,0.000000000000000000e+00,0.000000000000000000e+00,4.141529374076373116e-01,0.000000000000000000e+00,0.000000000000000000e+00,0.000000000000000000e+00,0.000000000000000000e+00,4.586370555404479243e-01,0.000000000000000000e+00,4.166808297850839171e-01,4.795370574089066196e-01,0.000000000000000000e+00,4.001150975930852782e-01,4.292091665859668059e-01,0.000000000000000000e+00,4.403969958823273911e-01,0.000000000000000000e+00,0.000000000000000000e+00,0.000000000000000000e+00,0.000000000000000000e+00,0.000000000000000000e+00,0.000000000000000000e+00,0.000000000000000000e+00,4.025676195926711221e-01,0.000000000000000000e+00,0.000000000000000000e+00,0.000000000000000000e+00,5.377462162293037418e-01,0.000000000000000000e+00,0.000000000000000000e+00,0.000000000000000000e+00,4.715843880596912729e-01,0.000000000000000000e+00,0.000000000000000000e+00,0.000000000000000000e+00,0.000000000000000000e+00
3.977782724132070125e-01,4.168046480016407984e-01,4.010822851781278842e-01,4.014990310119095906e-01,3.917705496859120728e-01,0.000000000000000000e+00,4.333828466028192272e-01,4.475305771306594127e-01,3.683127488719799003e-01,3.776836182200328240e-01,3.860888615251815148e-01,2.447436251803875862e-01,4.163199237715510259e-01,4.436589029725940270e-01,4.361714621845040885e-01,4.389551416985659760e-01,3.037221751002716075e-01,4.422636847623622747e-01,4.728124392929811126e-01,4.251583130088606999e-01,4.418469511998863730e-01,4.371121490116623987e-01,3.997269823005928924e-01,0.000000000000000000e+00,3.863440527963741822e-01,4.018913953743514789e-01,3.847699351626134856e-01,4.179443424614533997e-01,3.691117555163391240e-01,4.164869943726394741e-01,4.484868282190347943e-01,4.269950016856545183e-01,3.897111506007996939e-01,4.584059416355155125e-01,4.409314655872262900e-01,4.605709144209331196e-01,4.476927894602150126e-01,0.000000000000000000e+00,5.172392838519206393e-01,0.000000000000000000e+00,5.372972412856190649e-01,0.000000000000000000e+00,5.133731464387044641e-01,0.000000000000000000e+00,0.000000000000000000e+00,0.000000000000000000e+00,3.285690322524170148e-01,5.694584955244608171e-01,0.000000000000000000e+00,4.528667119501176841e-01,5.349409646624042614e-01,5.532057764282486412e-01,4.803206582172102057e-01,5.652966467912359239e-01,0.000000000000000000e+00,5.269852461320254644e-01,0.000000000000000000e+00,5.625522147854806754e-01,0.000000000000000000e+00,4.351483194131445797e-01,0.000000000000000000e+00,0.000000000000000000e+00,0.000000000000000000e+00,5.204058254664827299e-01,4.425249675727767062e-01,4.256142549311470735e-01,4.037824868904961173e-01,5.378333966567486746e-01,0.000000000000000000e+00,0.000000000000000000e+00,3.623733128455040031e-01,5.345673707006982633e-01,5.392610521827539971e-01,5.240598771716840076e-01,4.770171960695546165e-01,5.627082463465371553e-01
0.000000000000000000e+00,4.302367539938660723e-01,4.530258834479479746e-01,4.056630393509154109e-01,3.457442857303018036e-01,4.333828466028192272e-01,0.000000000000000000e+00,4.625519377486552175e-01,4.054644251355543072e-01,3.878317627349289753e-01,4.591362543775326932e-01,4.201292655931598841e-01,3.511466484940705124e-01,3.764715195499865885e-01,0.000000000000000000e+00,4.470756213237739862e-01,3.945722878173560932e-01,4.389384828995205878e-01,4.681050737433746778e-01,4.317218794181466035e-01,0.000000000000000000e+00,4.687866074218163259e-01,4.440560220248245815e-01,0.000000000000000000e+00,3.991567753810675856e-01,3.823045395784689937e-01,4.456358406395733995e-01,4.162639404925795872e-01,4.364432609988015965e-01,0.000000000000000000e+00,4.483178282861359221e-01,4.082753585442627786e-01,3.797583344197261179e-01,4.395170977789475963e-01,0.000000000000000000e+00,3.647299903614070749e-01,3.674807986824815131e-01,0.000000000000000000e+00,4.145806662839546797e-01,0.000000000000000000e+00,4.129458077466726107e-01,0.000000000000000000e+00,4.157383649356570232e-01,0.000000000000000000e+00,0.000000000000000000e+00,0.000000000000000000e+00,0.000000000000000000e+00,4.793091321088974177e-01,0.000000000000000000e+00,0.000000000000000000e+00,4.830090034767651197e-01,0.000000000000000000e+00,4.558316477492702079e-01,4.338406134973118999e-01,0.000000000000000000e+00,4.320176156164434178e-01,0.000000000000000000e+00,0.000000000000000000e+00,0.000000000000000000e+00,0.000000000000000000e+00,0.000000000000000000e+00,0.000000000000000000e+00,0.000000000000000000e+00,4.242519943527615078e-01,0.000000000000000000e+00,0.000000000000000000e+00,0.000000000000000000e+00,5.376528432468011820e-01,0.000000000000000000e+00,0.000000000000000000e+00,0.000000000000000000e+00,4.979572431690569845e-01,0.000000000000000000e+00,0.000000000000000000e+00,0.000000000000000000e+00,0.000000000000000000e+00
5.249908775898568525e-01,4.539721983657796223e-01,4.727401525856375075e-01,3.234097351636084916e-01,3.801776490279478171e-01,4.475305771306594127e-01,4.625519377486552175e-01,0.000000000000000000e+00,4.868664330718137090e-01,4.340334049265729965e-01,4.211125352501807195e-01,4.231787816751801934e-01,4.661075597146828176e-01,3.693505562340871906e-01,0.000000000000000000e+00,4.685907800615852214e-01,0.000000000000000000e+00,4.459032669780130798e-01,4.770667447925904248e-01,4.038649885425957820e-01,4.435424479589600844e-01,4.126890776395332749e-01,3.714478384935979149e-01,5.359529522705903659e-01,4.776842870602308055e-01,4.818097815390097738e-01,4.667193602031193822e-01,4.294816014885627919e-01,3.931475031126036024e-01,3.741163338555801854e-01,4.502425923894561866e-01,3.532938937547809855e-01,4.736374315476277186e-01,4.628022864546049164e-01,4.756754393247761836e-01,2.241852035135205035e-01,3.319168776879012905e-01,0.000000000000000000e+00,4.767000317423580880e-01,0.000000000000000000e+00,4.998649348439183071e-01,0.000000000000000000e+00,4.694872556236406869e-01,0.000000000000000000e+00,0.000000000000000000e+00,0.000000000000000000e+00,0.000000000000000000e+00,5.420237162374614837e-01,0.000000000000000000e+00,0.000000000000000000e+00,4.802957633388162950e-01,5.067480019619281517e-01,3.268813070761019124e-01,5.361083582111900725e-01,0.000000000000000000e+00,4.413034635026811259e-01,0.000000000000000000e+00,5.104214477549710027e-01,0.000000000000000000e+00,4.916975795940239924e-01,0.000000000000000000e+00,0.000000000000000000e+00,0.000000000000000000e+00,0.000000000000000000e+00,5.078714102827616150e-01,3.303252222700274743e-01,0.000000000000000000e+00,4.823050922391277084e-01,0.000000000000000000e+00,0.000000000000000000e+00,0.000000000000000000e+00,4.929160579058249891e-01,5.033315420869521883e-01,4.818440286372470127e-01,0.000000000000000000e+00,4.897730830177978723e-01
0.000000000000000000e+00,3.617615629623778251e-01,2.653885037885296838e-01,4.219803018756652091e-01,3.406706165495070882e-01,3.683127488719799003e-01,4.054644251355543072e-01,4.868664330718137090e-01,0.000000000000000000e+00,4.759880695996466238e-01,3.062197603475426133e-01,4.279744981099400936e-01,4.279936142754904860e-01,4.364060453564633790e-01,0.000000000000000000e+00,3.583486137808680194e-01,0.000000000000000000e+00,3.708950872497355777e-01,2.750743793825511929e-01,4.063976277835227857e-01,0.000000000000000000e+00,4.073349535728201243e-01,4.264275777258865752e-01,3.999450317086283846e-01,3.187568459229175866e-01,3.931534316320696165e-01,3.823973715930765738e-01,4.747838591368431782e-01,4.262800012602552258e-01,4.130353244281029790e-01,4.896874139083058908e-01,4.599805731611054105e-01,4.039827737418271725e-01,4.905484264941147865e-01,4.914811988205546878e-01,4.292472555139342782e-01,4.684032608525702801e-01,4.269520788947053225e-01,4.990860036618023909e-01,0.000000000000000000e+00,3.687556324294707921e-01,0.000000000000000000e+00,5.339140916058678910e-01,0.000000000000000000e+00,0.000000000000000000e+00,0.000000000000000000e+00,0.000000000000000000e+00,5.826250411955238295e-01,0.000000000000000000e+00,4.777568864896574174e-01,5.465681709264037513e-01,4.736219200216811864e-01,5.476916428062510445e-01,5.446349928244440530e-01,0.000000000000000000e+00,5.649501123826953242e-01,0.000000000000000000e+00,4.706002336921342177e-01,5.113473532559956736e-01,0.000000000000000000e+00,0.000000000000000000e+00,0.000000000000000000e+00,0.000000000000000000e+00,5.457083140552854150e-01,0.000000000000000000e+00,0.000000000000000000e+00,0.000000000000000000e+00,5.664021439288504656e-01,0.000000000000000000e+00,0.000000000000000000e+00,0.000000000000000000e+00,5.637962618422969197e-01,4.407926883038105759e-01,0.000000000000000000e+00,0.000000000000000000e+00,0.000000000000000000e+00
3.908407884051153247e-01,0.000000000000000000e+00,3.932121622388609072e-01,1.716711480646100074e-01,4.380392962591119765e-01,3.776836182200328240e-01,3.878317627349289753e-01,4.340334049265729965e-01,4.759880695996466238e-01,0.000000000000000000e+00,4.854380770034016912e-01,3.181153281320833748e-01,4.126259122200867102e-01,0.000000000000000000e+00,0.000000000000000000e+00,3.644809041330935862e-01,3.300532153189493223e-01,3.539539253314286094e-01,4.584556200145443183e-01,3.608085359766052269e-01,0.000000000000000000e+00,2.862036359314215073e-01,4.088168476406275897e-01,3.358098507948932832e-01,3.314433145335793918e-01,3.431593569119104070e-01,3.957548883153332864e-01,4.006324353910736824e-01,3.803845263415385758e-01,0.000000000000000000e+00,3.580673393018459771e-01,3.280446919042526166e-01,2.850493553268871882e-01,3.180966540552603861e-01,3.335849948629441841e-01,2.697088291906216129e-01,2.909031801472171108e-01,2.768900672334946855e-01,2.968268217256095909e-01,3.642506008864512812e-01,3.400516491843302846e-01,3.352477874829897231e-01,0.000000000000000000e+00,0.000000000000000000e+00,3.448664973106503884e-01,0.000000000000000000e+00,0.000000000000000000e+00,0.000000000000000000e+00,0.000000000000000000e+00,0.000000000000000000e+00,0.000000000000000000e+00,0.000000000000000000e+00,0.000000000000000000e+00,0.000000000000000000e+00,4.522666870923864879e-01,0.000000000000000000e+00,4.671372967561968070e-01,4.338295195869711907e-01,0.000000000000000000e+00,0.000000000000000000e+00,0.000000000000000000e+00,4.251790492974686919e-01,4.047275961344440898e-01,0.000000000000000000e+00,0.000000000000000000e+00,0.000000000000000000e+00,0.000000000000000000e+00,0.000000000000000000e+00,4.241114813944514839e-01,4.270221331921739139e-01,4.515304891708653012e-01,0.000000000000000000e+00,3.811121230910021751e-01,0.000000000000000000e+00,0.000000000000000000e+00,4.541896599576765170e-01
0.000000000000000000e+00,0.000000000000000000e+00,3.331051448791252922e-01,3.883105094872911778e-01,3.333460185745353854e-01,3.860888615251815148e-01,4.591362543775326932e-01,4.211125352501807195e-01,3.062197603475426133e-01,4.854380770034016912e-01,0.000000000000000000e+00,4.251155398005175834e-01,4.696956680792919170e-01,3.365363565038256843e-01,0.000000000000000000e+00,0.000000000000000000e+00,0.000000000000000000e+00,0.000000000000000000e+00,2.583235979703177865e-01,0.000000000000000000e+00,0.000000000000000000e+00,0.000000000000000000e+00,3.871100610034560741e-01,0.000000000000000000e+00,0.000000000000000000e+00,3.267417337416332890e-01,4.126261626443579744e-01,4.771016544039708984e-01,0.000000000000000000e+00,0.000000000000000000e+00,5.059838898589131828e-01,4.291722629431228841e-01,4.197464368297522119e-01,5.005967182130436344e-01,4.619390495727532242e-01,3.337917076192544186e-01,4.759595828431347764e-01,4.451609610059301114e-01,4.295016710014826766e-01,0.000000000000000000e+00,0.000000000000000000e+00,0.000000000000000000e+00,4.664041690422208730e-01,0.000000000000000000e+00,0.000000000000000000e+00,0.000000000000000000e+00,0.000000000000000000e+00,4.992508921428229218e-01,0.000000000000000000e+00,3.603490687562231898e-01,5.209952022774199110e-01,4.404518250942877078e-01,4.746277848823354240e-01,5.574872591759855167e-01,0.000000000000000000e+00,3.207066635076403216e-01,0.000000000000000000e+00,3.924294446210577214e-01,3.841797820262803920e-01,0.000000000000000000e+00,0.000000000000000000e+00,0.000000000000000000e+00,0.000000000000000000e+00,3.384377797855134262e-01,0.000000000000000000e+00,0.000000000000000000e+00,0.000000000000000000e+00,5.514333396051129821e-01,0.000000000000000000e+00,0.000000000000000000e+00,0.000000000000000000e+00,5.457798821515199572e-01,3.956065348035395224e-01,0.000000000000000000e+00,0.000000000000000000e+00,0.000000000000000000e+00
3.847551032373344171e-01,0.000000000000000000e+00,3.016348220983027795e-01,0.000000000000000000e+00,4.308827883817847870e-01,2.447436251803875862e-01,4.201292655931598841e-01,4.231787816751801934e-01,4.279744981099400936e-01,3.181153281320833748e-01,4.251155398005175834e-01,0.000000000000000000e+00,4.298601938703814906e-01,0.000000000000000000e+00,0.000000000000000000e+00,0.000000000000000000e+00,3.459771688765204134e-01,3.285135613877976923e-01,3.677045899535091866e-01,0.000000000000000000e+00,4.180777419868441092e-01,0.000000000000000000e+00,3.567550474872239197e-01,2.949322826152768751e-01,3.121696622504626095e-01,3.249953086008823822e-01,2.432559593201845116e-01,4.266188902635764113e-01,0.000000000000000000e+00,0.000000000000000000e+00,3.845976502740646730e-01,2.256694638425323085e-01,2.457199958865901035e-01,2.387911277925983122e-01,2.612340474823768854e-01,0.000000000000000000e+00,2.745343182361745238e-01,1.955200144975454135e-01,2.805150121566238886e-01,3.891083886297292960e-01,3.432207231848964923e-01,2.352013092263257887e-01,2.979612247872784891e-01,0.000000000000000000e+00,3.403367565683356744e-01,0.000000000000000000e+00,0.000000000000000000e+00,0.000000000000000000e+00,0.000000000000000000e+00,0.000000000000000000e+00,0.000000000000000000e+00,0.000000000000000000e+00,0.000000000000000000e+00,0.000000000000000000e+00,4.508610128979551046e-01,0.000000000000000000e+00,4.630202286328480854e-01,4.232314883177710207e-01,0.000000000000000000e+00,0.000000000000000000e+00,0.000000000000000000e+00,4.315516673189460084e-01,4.078718708854159880e-01,0.000000000000000000e+00,0.000000000000000000e+00,0.000000000000000000e+00,0.000000000000000000e+00,0.000000000000000000e+00,4.302947986176360873e-01,4.329371477221485853e-01,4.530739372336102244e-01,0.000000000000000000e+00,4.652875361793022968e-01,0.000000000000000000e+00,0.000000000000000000e+00,4.592890611605774942e-01
3.655908060163898798e-01,4.477430311457111234e-01,4.638784810224568789e-01,2.846009664809360795e-01,3.894857892123476106e-01,4.163199237715510259e-01,3.511466484940705124e-01,4.661075597146828176e-01,4.279936142754904860e-01,4.126259122200867102e-01,4.696956680792919170e-01,4.298601938703814906e-01,0.000000000000000000e+00,3.979206270433702231e-01,0.000000000000000000e+00,4.693178431902523262e-01,4.435816676798672864e-01,4.671397782735253190e-01,4.778692625440849051e-01,4.425335240794880942e-01,4.777482154250176083e-01,4.751988290304733908e-01,4.523148840460662901e-01,4.249532613010261195e-01,4.248479473326471911e-01,4.276058022670166103e-01,4.578184807471845086e-01,3.797959221137808261e-01,4.269060972171406787e-01,4.105529929617230955e-01,4.364114188986780163e-01,4.086464310423633117e-01,4.025404991737107085e-01,4.243504569156433814e-01,4.064866281365315803e-01,3.158894001281444264e-01,3.096747845685182132e-01,4.393653791112928086e-01,5.034902685934651290e-01,3.822263223254251940e-01,5.026703457657349938e-01,0.000000000000000000e+00,4.387109219947020744e-01,0.000000000000000000e+00,0.000000000000000000e+00,0.000000000000000000e+00,0.000000000000000000e+00,5.112298653366402768e-01,0.000000000000000000e+00,0.000000000000000000e+00,5.357565377470596690e-01,4.349818068723899089e-01,4.862292414873448099e-01,0.000000000000000000e+00,0.000000000000000000e+00,4.401085131746949042e-01,0.000000000000000000e+00,0.000000000000000000e+00,0.000000000000000000e+00,3.902843988188823832e-01,0.000000000000000000e+00,0.000000000000000000e+00,0.000000000000000000e+00,0.000000000000000000e+00,4.077217824288725256e-01,0.000000000000000000e+00,3.230804586701466197e-01,5.457683648832168943e-01,0.000000000000000000e+00,3.138777712888631277e-01,3.401179617025739121e-01,5.475569156462233300e-01,0.000000000000000000e+00,4.797905468981195076e-01,0.000000000000000000e+00,0.000000000000000000e+00
0.000000000000000000e+00,0.000000000000000000e+00,4.367615803126144169e-01,2.699697160616478797e-01,3.161912342288706879e-01,4.436589029725940270e-01,3.764715195499865885e-01,3.693505562340871906e-01,4.364060453564633790e-01,0.000000000000000000e+00,3.365363565038256843e-01,0.000000000000000000e+00,3.979206270433702231e-01,0.000000000000000000e+00,0.000000000000000000e+00,0.000000000000000000e+00,0.000000000000000000e+00,0.000000000000000000e+00,4.390597450870967200e-01,0.000000000000000000e+00,0.000000000000000000e+00,0.000000000000000000e+00,3.847113201326963217e-01,0.000000000000000000e+00,0.000000000000000000e+00,0.000000000000000000e+00,4.764874097164404909e-01,3.596848074865113820e-01,0.000000000000000000e+00,0.000000000000000000e+00,4.879436326693605275e-01,3.324635642306220107e-01,0.000000000000000000e+00,4.555301405716234986e-01,0.000000000000000000e+00,2.292660495483359873e-01,1.873862500288417943e-01,0.000000000000000000e+00,0.000000000000000000e+00,0.000000000000000000e+00,0.000000000000000000e+00,0.000000000000000000e+00,4.138738144304718869e-01,0.000000000000000000e+00,0.000000000000000000e+00,0.000000000000000000e+00,0.000000000000000000e+00,4.534555164189740251e-01,0.000000000000000000e+00,0.000000000000000000e+00,0.000000000000000000e+00,0.000000000000000000e+00,0.000000000000000000e+00,0.000000000000000000e+00,0.000000000000000000e+00,0.000000000000000000e+00,0.000000000000000000e+00,0.000000000000000000e+00,0.000000000000000000e+00,0.000000000000000000e+00,0.000000000000000000e+00,0.000000000000000000e+00,0.000000000000000000e+00,0.000000000000000000e+00,0.000000000000000000e+00,0.000000000000000000e+00,0.000000000000000000e+00,4.623419292718523033e-01,0.000000000000000000e+00,0.000000000000000000e+00,0.000000000000000000e+00,0.000000000000000000e+00,0.000000000000000000e+00,0.000000000000000000e+00,0.000000000000000000e+00,0.000000000000000000e+00
3.759388140440161896e-01,4.021273419051685227e-01,0.000000000000000000e+00,0.000000000000000000e+00,0.000000000000000000e+00,4.361714621845040885e-01,0.000000000000000000e+00,0.000000000000000000e+00,0.000000000000000000e+00,0.000000000000000000e+00,0.000000000000000000e+00,0.000000000000000000e+00,0.000000000000000000e+00,0.000000000000000000e+00,0.000000000000000000e+00,4.252913327167924806e-01,0.000000000000000000e+00,4.093944941694874773e-01,0.000000000000000000e+00,3.224927486980377900e-01,3.879455749469845061e-01,3.451130495760146855e-01,3.966222033784896905e-01,2.876430925817026196e-01,3.938148934504290821e-01,3.307674130253985267e-01,3.954949765734001033e-01,4.215449781537807250e-01,4.141893852554421884e-01,0.000000000000000000e+00,4.147876146447994072e-01,4.291793231480017790e-01,4.065334239441338871e-01,4.409055873200968811e-01,4.876854860305547823e-01,0.000000000000000000e+00,0.000000000000000000e+00,0.000000000000000000e+00,4.995427029103610139e-01,4.829382292318544212e-01,5.173815860468740091e-01,5.402005546102277567e-01,0.000000000000000000e+00,0.000000000000000000e+00,0.000000000000000000e+00,0.000000000000000000e+00,5.051492874826601920e-01,0.000000000000000000e+00,0.000000000000000000e+00,0.000000000000000000e+00,4.416952349178214221e-01,0.000000000000000000e+00,0.000000000000000000e+00,0.000000000000000000e+00,0.000000000000000000e+00,0.000000000000000000e+00,0.000000000000000000e+00,0.000000000000000000e+00,0.000000000000000000e+00,5.052095077915300658e-01,4.661712926552075142e-01,0.000000000000000000e+00,0.000000000000000000e+00,0.000000000000000000e+00,4.905203130490726204e-01,4.786265954179889093e-01,5.172348171251494042e-01,4.936355724288447044e-01,0.000000000000000000e+00,3.755066082732316235e-01,5.244211973616375033e-01,4.953648592295422093e-01,4.305609321176819271e-01,4.791750604852105244e-01,0.000000000000000000e+00,4.653997331517716884e-01
4.131307089072907002e-01,3.721403699819016975e-01,0.000000000000000000e+00,0.000000000000000000e+00,3.883656792829799920e-01,4.389551416985659760e-01,4.470756213237739862e-01,4.685907800615852214e-01,3.583486137808680194e-01,3.644809041330935862e-01,0.000000000000000000e+00,0.000000000000000000e+00,4.693178431902523262e-01,0.000000000000000000e+00,4.252913327167924806e-01,0.000000000000000000e+00,3.733032541595738829e-01,3.089139035251239895e-01,0.000000000000000000e+00,4.224816194685319104e-01,4.185897041921987083e-01,3.859422108840642185e-01,4.406672162254984260e-01,0.000000000000000000e+00,3.645010451532192941e-01,4.140893158586405054e-01,4.385917462342804884e-01,4.737796077913772885e-01,4.384238136858645274e-01,4.369872501103079787e-01,3.840076868743226846e-01,4.420033301258138869e-01,3.801082564162410193e-01,4.072488386583060227e-01,4.678235250804282930e-01,0.000000000000000000e+00,0.000000000000000000e+00,0.000000000000000000e+00,4.665783086480532749e-01,4.504299029516594111e-01,4.564027883570626054e-01,4.913357170216852143e-01,0.000000000000000000e+00,0.000000000000000000e+00,0.000000000000000000e+00,4.426116153451096769e-01,4.727337497332249061e-01,0.000000000000000000e+00,0.000000000000000000e+00,0.000000000000000000e+00,0.000000000000000000e+00,0.000000000000000000e+00,0.000000000000000000e+00,0.000000000000000000e+00,0.000000000000000000e+00,0.000000000000000000e+00,0.000000000000000000e+00,0.000000000000000000e+00,0.000000000000000000e+00,4.863385405949077755e-01,4.621031515868522788e-01,0.000000000000000000e+00,4.460371120210777085e-01,0.000000000000000000e+00,4.392213075013219892e-01,4.176151335687677268e-01,4.665591707203480265e-01,3.811390737907293103e-01,0.000000000000000000e+00,4.616965787678081190e-01,4.876993584212125921e-01,3.834671439543901883e-01,0.000000000000000000e+00,4.088746971959443810e-01,0.000000000000000000e+00,4.460234971285277905e-01
3.539891258193647028e-01,3.454857450030677790e-01,0.000000000000000000e+00,0.000000000000000000e+00,0.000000000000000000e+00,3.037221751002716075e-01,3.945722878173560932e-01,0.000000000000000000e+00,0.000000000000000000e+00,3.300532153189493223e-01,0.000000000000000000e+00,3.459771688765204134e-01,4.435816676798672864e-01,0.000000000000000000e+00,0.000000000000000000e+00,3.733032541595738829e-01,0.000000000000000000e+00,3.423609341015099172e-01,0.000000000000000000e+00,3.549977389527699256e-01,0.000000000000000000e+00,3.822810499859147781e-01,0.000000000000000000e+00,3.499257577764771088e-01,3.269760622613764878e-01,3.300253671769913244e-01,0.000000000000000000e+00,4.441655064463775893e-01,3.700549242684086915e-01,0.000000000000000000e+00,3.635627387659953746e-01,4.157365039823521236e-01,3.417308471682635740e-01,3.621006496229395855e-01,3.983714363360805200e-01,0.000000000000000000e+00,0.000000000000000000e+00,3.219949663793698069e-01,0.000000000000000000e+00,3.587337472733038157e-01,0.000000000000000000e+00,0.000000000000000000e+00,0.000000000000000000e+00,0.000000000000000000e+00,0.000000000000000000e+00,0.000000000000000000e+00,0.000000000000000000e+00,0.000000000000000000e+00,0.000000000000000000e+00,0.000000000000000000e+00,0.000000000000000000e+00,0.000000000000000000e+00,0.000000000000000000e+00,0.000000000000000000e+00,4.521612613828512872e-01,0.000000000000000000e+00,4.704714639681911725e-01,0.000000000000000000e+00,0.000000000000000000e+00,0.000000000000000000e+00,0.000000000000000000e+00,4.219308778498360168e-01,4.166853764803806204e-01,0.000000000000000000e+00,0.000000000000000000e+00,0.000000000000000000e+00,0.000000000000000000e+00,0.000000000000000000e+00,4.611490035573347912e-01,4.338511777942715142e-01,4.548901585598578157e-01,0.000000000000000000e+00,0.000000000000000000e+00,0.000000000000000000e+00,0.000000000000000000e+00,0.000000000000000000e+00
3.797135908094443901e-01,3.857197208709748915e-01,0.000000000000000000e+00,0.000000000000000000e+00,0.000000000000000000e+00,4.422636847623622747e-01,4.389384828995205878e-01,4.459032669780130798e-01,3.708950872497355777e-01,3.539539253314286094e-01,0.000000000000000000e+00,3.285135613877976923e-01,4.671397782735253190e-01,0.000000000000000000e+00,4.093944941694874773e-01,3.089139035251239895e-01,3.423609341015099172e-01,0.000000000000000000e+00,0.000000000000000000e+00,4.148250333325947947e-01,4.078093473705490246e-01,4.065893332808842020e-01,4.368592635745802144e-01,3.298014144635069145e-01,3.479990065733236104e-01,3.513212217432494788e-01,4.442806909447674091e-01,4.637182168221661849e-01,4.492522740728490116e-01,3.900181745870603955e-01,3.893749393878467857e-01,4.278871485856722834e-01,3.485056110362302895e-01,3.891591062328584871e-01,4.200126823470062831e-01,0.000000000000000000e+00,0.000000000000000000e+00,0.000000000000000000e+00,4.406334964457466752e-01,4.004696430553575937e-01,4.253338859404102168e-01,4.485040220864074945e-01,0.000000000000000000e+00,0.000000000000000000e+00,0.000000000000000000e+00,4.200285534535256882e-01,4.533236142218475817e-01,0.000000000000000000e+00,0.000000000000000000e+00,0.000000000000000000e+00,0.000000000000000000e+00,0.000000000000000000e+00,0.000000000000000000e+00,0.000000000000000000e+00,4.285513822026386088e-01,0.000000000000000000e+00,4.441741190620169810e-01,0.000000000000000000e+00,0.000000000000000000e+00,0.000000000000000000e+00,4.403250809336213822e-01,4.321507272199335836e-01,4.252748307889900881e-01,0.000000000000000000e+00,0.000000000000000000e+00,0.000000000000000000e+00,4.359293852982796258e-01,0.000000000000000000e+00,4.375634377770588057e-01,4.315225926114040766e-01,4.521994906582313956e-01,0.000000000000000000e+00,0.000000000000000000e+00,0.000000000000000000e+00,0.000000000000000000e+00,4.367573224817209998e-01
0.000000000000000000e+00,0.000000000000000000e+00,2.576300586055924047e-01,3.886641693650941254e-01,4.117833891450142780e-01,4.728124392929811126e-01,4.681050737433746778e-01,4.770667447925904248e-01,2.750743793825511929e-01,4.584556200145443183e-01,2.583235979703177865e-01,3.677045899535091866e-01,4.778692625440849051e-01,4.390597450870967200e-01,0.000000000000000000e+00,0.000000000000000000e+00,0.000000000000000000e+00,0.000000000000000000e+00,0.000000000000000000e+00,0.000000000000000000e+00,0.000000000000000000e+00,0.000000000000000000e+00,4.360385408527652773e-01,0.000000000000000000e+00,0.000000000000000000e+00,0.000000000000000000e+00,3.885069900604445903e-01,4.806098813092873900e-01,0.000000000000000000e+00,0.000000000000000000e+00,5.127026079673357994e-01,4.732731434423815275e-01,0.000000000000000000e+00,5.192852730513572990e-01,4.565732209335646163e-01,4.208365496490623081e-01,4.708428126588594109e-01,3.624747037262591176e-01,4.422403311309555107e-01,0.000000000000000000e+00,0.000000000000000000e+00,0.000000000000000000e+00,5.186632982436135686e-01,0.000000000000000000e+00,0.000000000000000000e+00,0.000000000000000000e+00,0.000000000000000000e+00,5.973349094698563455e-01,0.000000000000000000e+00,4.600048459063164064e-01,5.430068976048441076e-01,4.765296476114254109e-01,5.297532983032550158e-01,5.695683357070615571e-01,0.000000000000000000e+00,4.237237103724986187e-01,0.000000000000000000e+00,4.530259018539595783e-01,4.758273720705064047e-01,0.000000000000000000e+00,0.000000000000000000e+00,0.000000000000000000e+00,0.000000000000000000e+00,5.496124090653952132e-01,0.000000000000000000e+00,0.000000000000000000e+00,0.000000000000000000e+00,5.704661705542724004e-01,0.000000000000000000e+00,0.000000000000000000e+00,0.000000000000000000e+00,5.636726622769546724e-01,0.000000000000000000e+00,0.000000000000000000e+00,0.000000000000000000e+00,0.000000000000000000e+00
4.052435802216148852e-01,4.110418021889005180e-01,0.000000000000000000e+00,3.943129327967743736e-01,4.282377900703300821e-01,4.251583130088606999e-01,4.317218794181466035e-01,4.038649885425957820e-01,4.063976277835227857e-01,3.608085359766052269e-01,0.000000000000000000e+00,0.000000000000000000e+00,4.425335240794880942e-01,0.000000000000000000e+00,3.224927486980377900e-01,4.224816194685319104e-01,3.549977389527699256e-01,4.148250333325947947e-01,0.000000000000000000e+00,0.000000000000000000e+00,4.391870160341467266e-01,3.789881957252601019e-01,3.215898550690731161e-01,0.000000000000000000e+00,4.042759661688373751e-01,4.225466850789060813e-01,3.755087264040237183e-01,4.118797554392237270e-01,3.352151328460948876e-01,3.724898063561333794e-01,3.963297331682084090e-01,4.429013842752684837e-01,4.069066934697639915e-01,4.480759053785863255e-01,4.975708308355384912e-01,5.198013394625162764e-01,4.272223273959058210e-01,0.000000000000000000e+00,4.961216046291405113e-01,4.697263489420466231e-01,5.072107025277419190e-01,5.132968355341741562e-01,0.000000000000000000e+00,0.000000000000000000e+00,0.000000000000000000e+00,0.000000000000000000e+00,4.248544386504048975e-01,0.000000000000000000e+00,0.000000000000000000e+00,0.000000000000000000e+00,4.275251979478745801e-01,0.000000000000000000e+00,4.725443568026516106e-01,0.000000000000000000e+00,0.000000000000000000e+00,0.000000000000000000e+00,0.000000000000000000e+00,3.814673033989905981e-01,0.000000000000000000e+00,4.966480826303891760e-01,3.474628764629427158e-01,0.000000000000000000e+00,0.000000000000000000e+00,0.000000000000000000e+00,4.887895720494541130e-01,4.836761161630669936e-01,4.876631007992173750e-01,5.123563944193615383e-01,0.000000000000000000e+00,3.282762484827028149e-01,4.707673110545713135e-01,4.939174207846220854e-01,4.732361426548202243e-01,4.931001239030006755e-01,3.980343350313934048e-01,4.725192062901357182e-01
4.134278468213328783e-01,3.979803616074638062e-01,0.000000000000000000e+00,0.000000000000000000e+00,0.000000000000000000e+00,4.418469511998863730e-01,0.000000000000000000e+00,4.435424479589600844e-01,0.000000000000000000e+00,0.000000000000000000e+00,0.000000000000000000e+00,4.180777419868441092e-01,4.777482154250176083e-01,0.000000000000000000e+00,3.879455749469845061e-01,4.185897041921987083e-01,0.000000000000000000e+00,4.078093473705490246e-01,0.000000000000000000e+00,4.391870160341467266e-01,0.000000000000000000e+00,4.152573321252748806e-01,4.354591366677285080e-01,5.044121052626838742e-01,4.019286713018533908e-01,3.995242608549877117e-01,4.550246282790489927e-01,4.624838888774661094e-01,4.387722810974531984e-01,0.000000000000000000e+00,3.926584423408506219e-01,4.202045151720220084e-01,3.863284235710798264e-01,4.112528275239136222e-01,4.588162110936664928e-01,0.000000000000000000e+00,0.000000000000000000e+00,0.000000000000000000e+00,4.628070390723740268e-01,4.325996770841649131e-01,4.681072670233032973e-01,5.213848337428464985e-01,0.000000000000000000e+00,0.000000000000000000e+00,0.000000000000000000e+00,2.886201729097951918e-01,5.008156007380618613e-01,0.000000000000000000e+00,0.000000000000000000e+00,0.000000000000000000e+00,4.618118846777540809e-01,0.000000000000000000e+00,3.012599473276941775e-01,0.000000000000000000e+00,0.000000000000000000e+00,0.000000000000000000e+00,0.000000000000000000e+00,0.000000000000000000e+00,0.000000000000000000e+00,4.759103713858882090e-01,4.503145326653482106e-01,0.000000000000000000e+00,0.000000000000000000e+00,0.000000000000000000e+00,4.889433910788283932e-01,3.797072402631361254e-01,4.891147638574527834e-01,4.881716947675834861e-01,0.000000000000000000e+00,4.079880048991350039e-01,5.129259995729380517e-01,4.955970939948208809e-01,4.755783590048114906e-01,4.766491456831735141e-01,0.000000000000000000e+00,3.773420701755036966e-01
