0.000000000000000000e+00,4.295496328738140912e-01,0.000000000000000000e+00,0.000000000000000000e+00,0.000000000000000000e+00,4.407153992590662761e-01,0.000000000000000000e+00,5.668071709731989927e-01,0.000000000000000000e+00,4.283016429370635203e-01,0.000000000000000000e+00,4.424633425695838063e-01,3.805315822022803940e-01,0.000000000000000000e+00,4.260721257354986857e-01,4.280107697720947901e-01,4.169789804780412723e-01,4.184779926812969841e-01,0.000000000000000000e+00,4.940213726232007274e-01,4.381948877277691001e-01,4.370565470159725741e-01,5.187162900164521417e-01,4.148830851802609021e-01,4.208932980387550815e-01,3.894963461408305072e-01,5.451198584649609158e-01,3.929252979218069153e-01,4.554071357510592888e-01,0.000000000000000000e+00,4.055453988474896909e-01,4.445868649306973786e-01,3.727888333611871219e-01,3.946699091161284811e-01,4.112445542744568860e-01,0.000000000000000000e+00,0.000000000000000000e+00,4.836762244144248157e-01,4.651381651520943850e-01,4.307463981510277762e-01,4.544968633602131103e-01,0.000000000000000000e+00,0.000000000000000000e+00,0.000000000000000000e+00,0.000000000000000000e+00,4.290661830751227868e-01,5.254142940805318629e-01,0.000000000000000000e+00,0.000000000000000000e+00,0.000000000000000000e+00,0.000000000000000000e+00,0.000000000000000000e+00,0.000000000000000000e+00,0.000000000000000000e+00,5.045800553641782704e-01,0.000000000000000000e+00,0.000000000000000000e+00,0.000000000000000000e+00,0.000000000000000000e+00,0.000000000000000000e+00,5.045721807922080027e-01,0.000000000000000000e+00,4.913737780434634939e-01,0.000000000000000000e+00,0.000000000000000000e+00,4.317131587096397771e-01,5.045493867268718846e-01,0.000000000000000000e+00,2.953947682673196962e-01,4.812308103096353262e-01,5.135620295295957316e-01,0.000000000000000000e+00,0.000000000000000000e+00,0.000000000000000000e+00,0.000000000000000000e+00,4.713492157090071188e-01
4.295496328738140912e-01,0.000000000000000000e+00,0.000000000000000000e+00,0.000000000000000000e+00,4.980598918570319777e-01,4.681255301246108891e-01,5.493168073167943311e-01,5.135679302978988225e-01,4.750996757599031950e-01,0.000000000000000000e+00,0.000000000000000000e+00,0.000000000000000000e+00,5.105659049393075355e-01,0.000000000000000000e+00,4.689638164908058182e-01,4.205053329039734056e-01,0.000000000000000000e+00,4.239568763360249126e-01,0.000000000000000000e+00,4.759693217847358881e-01,4.496636636900426809e-01,4.153854090696276202e-01,4.857672422292819148e-01,0.000000000000000000e+00,4.185080176592229084e-01,4.411513450290924232e-01,4.665735827089226850e-01,5.020729938494775668e-01,4.824220047576682213e-01,0.000000000000000000e+00,4.062325213891341824e-01,4.273302841458390122e-01,3.664676041741665169e-01,3.796443733954237842e-01,4.298403081713543794e-01,0.000000000000000000e+00,0.000000000000000000e+00,0.000000000000000000e+00,4.998247785168676849e-01,4.898140513100048277e-01,4.832414317398168180e-01,5.109217714228588836e-01,0.000000000000000000e+00,0.000000000000000000e+00,0.000000000000000000e+00,4.905369118986641075e-01,5.144296843940309172e-01,0.000000000000000000e+00,0.000000000000000000e+00,0.000000000000000000e+00,4.550808391783925932e-01,0.000000000000000000e+00,0.000000000000000000e+00,0.000000000000000000e+00,0.000000000000000000e+00,0.000000000000000000e+00,0.000000000000000000e+00,0.000000000000000000e+00,0.000000000000000000e+00,5.215370668887038264e-01,5.084845265582406126e-01,0.000000000000000000e+00,5.057307649922293535e-01,0.000000000000000000e+00,5.001482773202167165e-01,5.032350326425765186e-01,5.098634988321073536e-01,5.407069425318160594e-01,0.000000000000000000e+00,5.161727340245186868e-01,5.366828297711421225e-01,4.975044763124008007e-01,0.000000000000000000e+00,5.005537800505825974e-01,0.000000000000000000e+00,4.861435354103612050e-01
0.000000000000000000e+00,0.000000000000000000e+00,0.000000000000000000e+00,4.646877676286749193e-01,4.707650045574259257e-01,4.463963541713956151e-01,5.128445677351777254e-01,5.154807514134840396e-01,3.607475246535974955e-01,5.063640760894196902e-01,4.265970898264528910e-01,3.935588225345498792e-01,5.297469676127370963e-01,4.608674270018047747e-01,0.000000000000000000e+00,0.000000000000000000e+00,0.000000000000000000e+00,0.000000000000000000e+00,3.338542764496312820e-01,0.000000000000000000e+00,0.000000000000000000e+00,0.000000000000000000e+00,4.057977683792257095e-01,0.000000000000000000e+00,0.000000000000000000e+00,0.000000000000000000e+00,3.856487088002140129e-01,5.485180812764369751e-01,0.000000000000000000e+00,0.000000000000000000e+00,5.606087834631807709e-01,5.500771878224530731e-01,4.096448541493541984e-01,5.883194861443206136e-01,5.151895299475044432e-01,4.761588447651979861e-01,5.836120474949894055e-01,0.000000000000000000e+00,5.256716471261331236e-01,0.000000000000000000e+00,5.210425756713519263e-01,0.000000000000000000e+00,5.553706502539932366e-01,0.000000000000000000e+00,0.000000000000000000e+00,0.000000000000000000e+00,0.000000000000000000e+00,5.736233792795746300e-01,0.000000000000000000e+00,5.056989245226706231e-01,6.002899479546958128e-01,5.292892513345320848e-01,6.338937089324774288e-01,6.206269140256976957e-01,0.000000000000000000e+00,5.502653493211799862e-01,0.000000000000000000e+00,5.338263431005974002e-01,5.411308804242044301e-01,0.000000000000000000e+00,0.000000000000000000e+00,0.000000000000000000e+00,0.000000000000000000e+00,5.194033786094858218e-01,0.000000000000000000e+00,0.000000000000000000e+00,0.000000000000000000e+00,6.159595527597486742e-01,0.000000000000000000e+00,0.000000000000000000e+00,0.000000000000000000e+00,6.419848519334540038e-01,4.683827526456599832e-01,0.000000000000000000e+00,0.000000000000000000e+00,0.000000000000000000e+00
0.000000000000000000e+00,0.000000000000000000e+00,4.646877676286749193e-01,0.000000000000000000e+00,2.858200148639380989e-01,4.385503782229507874e-01,2.782013978431356893e-01,0.000000000000000000e+00,4.742403326404114883e-01,2.807017288773792085e-01,4.316593050884249827e-01,0.000000000000000000e+00,3.395165220478995050e-01,3.568132851910627013e-01,0.000000000000000000e+00,0.000000000000000000e+00,0.000000000000000000e+00,0.000000000000000000e+00,5.039421212429442409e-01,4.864277145018063853e-01,0.000000000000000000e+00,0.000000000000000000e+00,4.582345574623289952e-01,0.000000000000000000e+00,0.000000000000000000e+00,0.000000000000000000e+00,4.901194713147370985e-01,2.854286499881460992e-01,0.000000000000000000e+00,0.000000000000000000e+00,0.000000000000000000e+00,3.044943991889588752e-01,0.000000000000000000e+00,2.673267825623548144e-01,2.906047819674317800e-01,2.315063576360230913e-01,2.267908003129822936e-01,0.000000000000000000e+00,0.000000000000000000e+00,0.000000000000000000e+00,0.000000000000000000e+00,0.000000000000000000e+00,0.000000000000000000e+00,0.000000000000000000e+00,0.000000000000000000e+00,0.000000000000000000e+00,0.000000000000000000e+00,0.000000000000000000e+00,0.000000000000000000e+00,0.000000000000000000e+00,0.000000000000000000e+00,0.000000000000000000e+00,0.000000000000000000e+00,0.000000000000000000e+00,0.000000000000000000e+00,0.000000000000000000e+00,0.000000000000000000e+00,0.000000000000000000e+00,0.000000000000000000e+00,0.000000000000000000e+00,0.000000000000000000e+00,0.000000000000000000e+00,0.000000000000000000e+00,0.000000000000000000e+00,0.000000000000000000e+00,0.000000000000000000e+00,0.000000000000000000e+00,0.000000000000000000e+00,0.000000000000000000e+00,0.000000000000000000e+00,0.000000000000000000e+00,0.000000000000000000e+00,0.000000000000000000e+00,0.000000000000000000e+00,0.000000000000000000e+00,0.000000000000000000e+00
0.000000000000000000e+00,4.980598918570319777e-01,4.707650045574259257e-01,2.858200148639380989e-01,0.000000000000000000e+00,4.376710529900884050e-01,3.500829782057163220e-01,4.547264111749210191e-01,3.859805131549781110e-01,4.884122717395741886e-01,3.772434731486372095e-01,4.106273332726294023e-01,4.053749902284067841e-01,2.988450318506423176e-01,0.000000000000000000e+00,4.922270476795613803e-01,0.000000000000000000e+00,0.000000000000000000e+00,4.299254145485725265e-01,0.000000000000000000e+00,0.000000000000000000e+00,5.027163108637502376e-01,4.558715916122204059e-01,0.000000000000000000e+00,4.321592687791789844e-01,4.021309414181931108e-01,4.520881884490574043e-01,4.501718711108946835e-01,4.595715124504323179e-01,0.000000000000000000e+00,4.867726265136306241e-01,3.831727641338916190e-01,0.000000000000000000e+00,4.721067458272111272e-01,4.369385265683919939e-01,2.776129714038936824e-01,4.160582461477786986e-01,3.824774033063754186e-01,4.259118433182805252e-01,0.000000000000000000e+00,0.000000000000000000e+00,0.000000000000000000e+00,4.160741663545990954e-01,0.000000000000000000e+00,0.000000000000000000e+00,0.000000000000000000e+00,0.000000000000000000e+00,5.172933716939380755e-01,0.000000000000000000e+00,4.772584459437537729e-01,4.979893223984149242e-01,0.000000000000000000e+00,4.749104497059720154e-01,4.745976618286698034e-01,0.000000000000000000e+00,4.910254835298131226e-01,0.000000000000000000e+00,0.000000000000000000e+00,0.000000000000000000e+00,0.000000000000000000e+00,0.000000000000000000e+00,0.000000000000000000e+00,0.000000000000000000e+00,5.040944270594843735e-01,0.000000000000000000e+00,0.000000000000000000e+00,0.000000000000000000e+00,5.974327649214304925e-01,0.000000000000000000e+00,0.000000000000000000e+00,0.000000000000000000e+00,5.148599146398701309e-01,0.000000000000000000e+00,0.000000000000000000e+00,0.000000000000000000e+00,0.000000000000000000e+00
4.407153992590662761e-01,4.681255301246108891e-01,4.463963541713956151e-01,4.385503782229507874e-01,4.376710529900884050e-01,0.000000000000000000e+00,4.592429470790628243e-01,4.679826039445201258e-01,3.726144948111391741e-01,4.851926849621205906e-01,4.598179878760025874e-01,4.215457777403960882e-01,4.285145999715865850e-01,4.569013598208013782e-01,4.668848223775419193e-01,4.974074663613077263e-01,3.526058746457735871e-01,5.114424431853948905e-01,5.010560234189770368e-01,4.607940572850813266e-01,5.031430399169599665e-01,4.916577237599530914e-01,4.481895982534678247e-01,0.000000000000000000e+00,4.553823326785493841e-01,4.507351744817121864e-01,4.179319401063030792e-01,4.246657979729568932e-01,4.026693862803090163e-01,4.581728872462679236e-01,4.694561672453649859e-01,4.731666984025175160e-01,4.603966150880072772e-01,4.906185177704491807e-01,4.943481823701127986e-01,4.890062974784791794e-01,4.852911310371567088e-01,4.687597316958627136e-01,5.382358272470691984e-01,0.000000000000000000e+00,5.666768763392145969e-01,5.330014844719369593e-01,5.755158107840562254e-01,0.000000000000000000e+00,0.000000000000000000e+00,0.000000000000000000e+00,4.378624374326645086e-01,5.909630623013131245e-01,0.000000000000000000e+00,4.767202429260889995e-01,5.564050307906736048e-01,5.758502274847732139e-01,5.389856355614991434e-01,5.834053193694260786e-01,0.000000000000000000e+00,5.528938720253769867e-01,0.000000000000000000e+00,5.951777832954860958e-01,0.000000000000000000e+00,5.148942495753048298e-01,0.000000000000000000e+00,0.000000000000000000e+00,0.000000000000000000e+00,5.714246205775029841e-01,5.209664877513897618e-01,5.111430351740378075e-01,4.498930662092880950e-01,5.743519488694469599e-01,0.000000000000000000e+00,0.000000000000000000e+00,4.434683053090173188e-01,5.588106393384977277e-01,5.712150567195032336e-01,5.678024720000295344e-01,5.258813850902610554e-01,5.637152535357222716e-01
0.000000000000000000e+00,5.493168073167943311e-01,5.128445677351777254e-01,2.782013978431356893e-01,3.500829782057163220e-01,4.592429470790628243e-01,0.000000000000000000e+00,4.837363449630786016e-01,4.395159737237526731e-01,4.647006940356606108e-01,4.856015274191421982e-01,4.144837101765672105e-01,3.600843520792844088e-01,4.182806519747377938e-01,0.000000000000000000e+00,5.320344352475834260e-01,0.000000000000000000e+00,4.868506756237159228e-01,5.077926247110710056e-01,4.849755812356068008e-01,0.000000000000000000e+00,5.232759168056878574e-01,4.868924963514184023e-01,4.035854348343476117e-01,4.744471904437819743e-01,4.854438830468453814e-01,4.834462678822523118e-01,3.995496774026864872e-01,4.764770233415583922e-01,0.000000000000000000e+00,4.536622954612745118e-01,3.995494268450244246e-01,4.205372305187674020e-01,4.220055398665651936e-01,4.197821851011824812e-01,3.799167841964540826e-01,3.600905886721125215e-01,4.207980026135806906e-01,4.988990484479721155e-01,0.000000000000000000e+00,3.447304933498979151e-01,0.000000000000000000e+00,4.004993759467522785e-01,0.000000000000000000e+00,0.000000000000000000e+00,0.000000000000000000e+00,0.000000000000000000e+00,5.144004852355100743e-01,0.000000000000000000e+00,0.000000000000000000e+00,5.032845102006883176e-01,0.000000000000000000e+00,5.113039928622463703e-01,4.587992474005754273e-01,0.000000000000000000e+00,4.353659301847425112e-01,0.000000000000000000e+00,0.000000000000000000e+00,0.000000000000000000e+00,0.000000000000000000e+00,0.000000000000000000e+00,0.000000000000000000e+00,0.000000000000000000e+00,4.641541946549290754e-01,0.000000000000000000e+00,0.000000000000000000e+00,0.000000000000000000e+00,5.530069100791360492e-01,0.000000000000000000e+00,0.000000000000000000e+00,0.000000000000000000e+00,5.147660158503607475e-01,0.000000000000000000e+00,0.000000000000000000e+00,0.000000000000000000e+00,0.000000000000000000e+00
5.668071709731989927e-01,5.135679302978988225e-01,5.154807514134840396e-01,0.000000000000000000e+00,4.547264111749210191e-01,4.679826039445201258e-01,4.837363449630786016e-01,0.000000000000000000e+00,5.301008960325382935e-01,5.178267161473806279e-01,3.898492238726727899e-01,4.988394026243246904e-01,5.082938862003345548e-01,3.752162719783049827e-01,0.000000000000000000e+00,5.282346531450896610e-01,0.000000000000000000e+00,5.058668507817288829e-01,4.805725229035244239e-01,4.629387559506247252e-01,4.658836824578173053e-01,4.918603768193750003e-01,4.181146774392023868e-01,5.858627629771996359e-01,5.185052226694050193e-01,5.429949564308627075e-01,4.900746634971440141e-01,5.062064007389854847e-01,4.764522731294428270e-01,4.835855446066589236e-01,5.116206197699598723e-01,4.498074587554186099e-01,5.517576316746131138e-01,5.173279852799292922e-01,5.029749055118851730e-01,3.332849075595554766e-01,4.869310510509952117e-01,0.000000000000000000e+00,5.335220900947096334e-01,0.000000000000000000e+00,5.891518368758467128e-01,0.000000000000000000e+00,4.697575168688489233e-01,0.000000000000000000e+00,0.000000000000000000e+00,0.000000000000000000e+00,0.000000000000000000e+00,5.917297984212538386e-01,0.000000000000000000e+00,4.929991574073501193e-01,5.166820882692001460e-01,5.271504904632856592e-01,4.701981427900223109e-01,5.769883365878775150e-01,0.000000000000000000e+00,5.339260485474782714e-01,0.000000000000000000e+00,5.394415226844923028e-01,4.808088800527289819e-01,5.306261287364278934e-01,0.000000000000000000e+00,0.000000000000000000e+00,0.000000000000000000e+00,5.634549326627682486e-01,5.449664535405978061e-01,5.487453700617253016e-01,0.000000000000000000e+00,5.407246698409509111e-01,0.000000000000000000e+00,0.000000000000000000e+00,0.000000000000000000e+00,5.543313057386922704e-01,5.544726823228485202e-01,5.605762188833010029e-01,0.000000000000000000e+00,5.511930418207725557e-01
0.000000000000000000e+00,4.750996757599031950e-01,3.607475246535974955e-01,4.742403326404114883e-01,3.859805131549781110e-01,3.726144948111391741e-01,4.395159737237526731e-01,5.301008960325382935e-01,0.000000000000000000e+00,5.410157126790666737e-01,3.853377034211752927e-01,5.164425794096794142e-01,4.482864027072234747e-01,4.498647452529708768e-01,0.000000000000000000e+00,4.742945582480743161e-01,0.000000000000000000e+00,3.431444224823217981e-01,3.478841851838072041e-01,4.628045741634472243e-01,0.000000000000000000e+00,5.136625910018725039e-01,4.645499693698700860e-01,4.601476376144579272e-01,4.495182409902196974e-01,4.150424090220397044e-01,4.113372789253603723e-01,5.070567540646025995e-01,4.511826237514496851e-01,5.225497858537311302e-01,5.195413278488151265e-01,4.903450953666527723e-01,4.514567329647348193e-01,5.226718721699638026e-01,5.196842668140266852e-01,4.943141670597329118e-01,5.085044984688043002e-01,4.899576131902472209e-01,5.983109890959454891e-01,0.000000000000000000e+00,4.075420012069838060e-01,0.000000000000000000e+00,5.520946710890471953e-01,0.000000000000000000e+00,0.000000000000000000e+00,0.000000000000000000e+00,0.000000000000000000e+00,6.159463527882768075e-01,0.000000000000000000e+00,4.860363365555532833e-01,5.682165834020934669e-01,4.727919314161000974e-01,5.873528890966811522e-01,5.311876851423199541e-01,0.000000000000000000e+00,5.807430769395250936e-01,0.000000000000000000e+00,4.889298669119955254e-01,5.358787042655027699e-01,0.000000000000000000e+00,0.000000000000000000e+00,0.000000000000000000e+00,0.000000000000000000e+00,5.862175837948270241e-01,0.000000000000000000e+00,0.000000000000000000e+00,0.000000000000000000e+00,5.976174701571113079e-01,0.000000000000000000e+00,0.000000000000000000e+00,0.000000000000000000e+00,5.806264720377154465e-01,4.318048184132500245e-01,0.000000000000000000e+00,0.000000000000000000e+00,0.000000000000000000e+00
4.283016429370635203e-01,0.000000000000000000e+00,5.063640760894196902e-01,2.807017288773792085e-01,4.884122717395741886e-01,4.851926849621205906e-01,4.647006940356606108e-01,5.178267161473806279e-01,5.410157126790666737e-01,0.000000000000000000e+00,5.150859414797214209e-01,3.257623452325729141e-01,4.637959420835046087e-01,0.000000000000000000e+00,0.000000000000000000e+00,3.530053208474582815e-01,3.398896381380233089e-01,3.945037856504370888e-01,5.204145613776882673e-01,3.626202120114294103e-01,0.000000000000000000e+00,3.649956478284008821e-01,5.600943393538609927e-01,3.339399745471937075e-01,3.780214492329679876e-01,3.508548911525434244e-01,5.288064179724031311e-01,4.409670743136351878e-01,4.109306595442124843e-01,0.000000000000000000e+00,3.760546863962279107e-01,3.988902500530595030e-01,3.341644043641087136e-01,3.471260915387772150e-01,3.517822912860550932e-01,4.397034504147482870e-01,3.276081420053860160e-01,2.950843357508738940e-01,3.473182648484999802e-01,4.072131471282282034e-01,3.936803277477549101e-01,4.738552884341535876e-01,0.000000000000000000e+00,0.000000000000000000e+00,4.025768302333522786e-01,0.000000000000000000e+00,0.000000000000000000e+00,0.000000000000000000e+00,0.000000000000000000e+00,0.000000000000000000e+00,0.000000000000000000e+00,0.000000000000000000e+00,0.000000000000000000e+00,0.000000000000000000e+00,4.761853648371611736e-01,0.000000000000000000e+00,4.895359196262915047e-01,4.206740283636122846e-01,0.000000000000000000e+00,0.000000000000000000e+00,0.000000000000000000e+00,4.684063358864605786e-01,4.475179480846943059e-01,0.000000000000000000e+00,0.000000000000000000e+00,0.000000000000000000e+00,0.000000000000000000e+00,0.000000000000000000e+00,4.801917236055147087e-01,4.926168185865414939e-01,5.021598537871133638e-01,0.000000000000000000e+00,5.553725186500468869e-01,0.000000000000000000e+00,0.000000000000000000e+00,4.529020232622747999e-01
0.000000000000000000e+00,0.000000000000000000e+00,4.265970898264528910e-01,4.316593050884249827e-01,3.772434731486372095e-01,4.598179878760025874e-01,4.856015274191421982e-01,3.898492238726727899e-01,3.853377034211752927e-01,5.150859414797214209e-01,0.000000000000000000e+00,4.576913359397041803e-01,4.874774221307031086e-01,3.224062879244012914e-01,0.000000000000000000e+00,0.000000000000000000e+00,4.308725092270491164e-01,0.000000000000000000e+00,3.266550515308205838e-01,0.000000000000000000e+00,0.000000000000000000e+00,0.000000000000000000e+00,4.482389741900597024e-01,4.588300101767336936e-01,0.000000000000000000e+00,3.665119725476171930e-01,4.954644288354145276e-01,4.887333044422734751e-01,0.000000000000000000e+00,0.000000000000000000e+00,5.076305314867202156e-01,3.914901564326935812e-01,4.362554749943660104e-01,4.937226681011485097e-01,4.706348440451242898e-01,3.184176195856885938e-01,4.745482687743887151e-01,4.612687633878186921e-01,4.785883222416871252e-01,0.000000000000000000e+00,0.000000000000000000e+00,0.000000000000000000e+00,4.715163864972908847e-01,0.000000000000000000e+00,0.000000000000000000e+00,0.000000000000000000e+00,0.000000000000000000e+00,5.389208232289890432e-01,0.000000000000000000e+00,4.625041889307779930e-01,5.456147368606492076e-01,4.705075363551448064e-01,4.925644554908946149e-01,5.530386251937319253e-01,0.000000000000000000e+00,4.083314942114186774e-01,0.000000000000000000e+00,4.431009466299968835e-01,4.722626864441271111e-01,0.000000000000000000e+00,0.000000000000000000e+00,0.000000000000000000e+00,0.000000000000000000e+00,3.850954068297932076e-01,0.000000000000000000e+00,0.000000000000000000e+00,0.000000000000000000e+00,5.855442023778909544e-01,0.000000000000000000e+00,0.000000000000000000e+00,0.000000000000000000e+00,5.764586086345041549e-01,4.220979600666635023e-01,0.000000000000000000e+00,0.000000000000000000e+00,0.000000000000000000e+00
4.424633425695838063e-01,0.000000000000000000e+00,3.935588225345498792e-01,0.000000000000000000e+00,4.106273332726294023e-01,4.215457777403960882e-01,4.144837101765672105e-01,4.988394026243246904e-01,5.164425794096794142e-01,3.257623452325729141e-01,4.576913359397041803e-01,0.000000000000000000e+00,4.783799078640367797e-01,0.000000000000000000e+00,0.000000000000000000e+00,0.000000000000000000e+00,4.068473376665194263e-01,3.795720141210022214e-01,4.033038960399588091e-01,0.000000000000000000e+00,4.956042460601216004e-01,0.000000000000000000e+00,4.862191899585532884e-01,3.093019022622862102e-01,3.984080818406465774e-01,3.021412572884724090e-01,4.051325558604462196e-01,4.335626365247713943e-01,0.000000000000000000e+00,0.000000000000000000e+00,3.858137751687780725e-01,3.234625809798953866e-01,3.079627203522184997e-01,2.794317031374545235e-01,3.354620173447616094e-01,3.792339786255918277e-01,3.519408323999008159e-01,2.541617784403139013e-01,0.000000000000000000e+00,4.402288637939141269e-01,4.049898672708907021e-01,0.000000000000000000e+00,0.000000000000000000e+00,0.000000000000000000e+00,4.439618698703796107e-01,0.000000000000000000e+00,0.000000000000000000e+00,0.000000000000000000e+00,0.000000000000000000e+00,0.000000000000000000e+00,0.000000000000000000e+00,0.000000000000000000e+00,0.000000000000000000e+00,0.000000000000000000e+00,4.908424594445868205e-01,0.000000000000000000e+00,4.945054934270554092e-01,4.411559292957741851e-01,0.000000000000000000e+00,0.000000000000000000e+00,0.000000000000000000e+00,5.006706217730300112e-01,4.506045784413468258e-01,0.000000000000000000e+00,0.000000000000000000e+00,0.000000000000000000e+00,0.000000000000000000e+00,0.000000000000000000e+00,4.814002939790020252e-01,4.863544768063016166e-01,5.043203918035467082e-01,0.000000000000000000e+00,4.586337951966498183e-01,0.000000000000000000e+00,0.000000000000000000e+00,4.684584610044416064e-01
3.805315822022803940e-01,5.105659049393075355e-01,5.297469676127370963e-01,3.395165220478995050e-01,4.053749902284067841e-01,4.285145999715865850e-01,3.600843520792844088e-01,5.082938862003345548e-01,4.482864027072234747e-01,4.637959420835046087e-01,4.874774221307031086e-01,4.783799078640367797e-01,0.000000000000000000e+00,4.488956424273615187e-01,4.588799515341280832e-01,5.162167258434323669e-01,5.111398648683651569e-01,5.442199766947823925e-01,5.059339193736532847e-01,4.778712498202501990e-01,4.870771124850047928e-01,5.285708137924560734e-01,4.975283617144629078e-01,4.768957333508743179e-01,4.808835473685865725e-01,4.705309063474339970e-01,4.971589264276474740e-01,4.061961642697887176e-01,4.427352018033302028e-01,4.313922564045150065e-01,4.587229162996580012e-01,4.120519317970797735e-01,4.675969010796113268e-01,4.445255517224516728e-01,4.236210310430532089e-01,3.898131904987737761e-01,3.891197055764769042e-01,4.347972611710578250e-01,5.218827559547036810e-01,3.687179320734060850e-01,3.932366558420671843e-01,3.576399254063734046e-01,4.046893690161865176e-01,0.000000000000000000e+00,4.232291798533481253e-01,0.000000000000000000e+00,0.000000000000000000e+00,5.415599197324931779e-01,0.000000000000000000e+00,0.000000000000000000e+00,5.411909925887286033e-01,4.310334383181952944e-01,5.283965041127541840e-01,0.000000000000000000e+00,0.000000000000000000e+00,4.536167490254446877e-01,4.312093976768670012e-01,0.000000000000000000e+00,0.000000000000000000e+00,4.345421195903004796e-01,0.000000000000000000e+00,0.000000000000000000e+00,0.000000000000000000e+00,0.000000000000000000e+00,4.562107881273373966e-01,0.000000000000000000e+00,3.772778041640603153e-01,5.659732784515575377e-01,0.000000000000000000e+00,3.487471511490488063e-01,4.303480515038198839e-01,5.745385546077796945e-01,0.000000000000000000e+00,5.436751934045139789e-01,0.000000000000000000e+00,0.000000000000000000e+00
0.000000000000000000e+00,0.000000000000000000e+00,4.608674270018047747e-01,3.568132851910627013e-01,2.988450318506423176e-01,4.569013598208013782e-01,4.182806519747377938e-01,3.752162719783049827e-01,4.498647452529708768e-01,0.000000000000000000e+00,3.224062879244012914e-01,0.000000000000000000e+00,4.488956424273615187e-01,0.000000000000000000e+00,0.000000000000000000e+00,0.000000000000000000e+00,0.000000000000000000e+00,0.000000000000000000e+00,4.172662287389843905e-01,0.000000000000000000e+00,4.698500403114507784e-01,0.000000000000000000e+00,4.058464959647479775e-01,0.000000000000000000e+00,0.000000000000000000e+00,0.000000000000000000e+00,4.805589490640644890e-01,4.320524938103145751e-01,0.000000000000000000e+00,0.000000000000000000e+00,5.104751088183181462e-01,2.329030594223633066e-01,0.000000000000000000e+00,4.356301505520033812e-01,0.000000000000000000e+00,1.977639861126697929e-01,1.765230392303691054e-01,0.000000000000000000e+00,0.000000000000000000e+00,0.000000000000000000e+00,0.000000000000000000e+00,0.000000000000000000e+00,0.000000000000000000e+00,0.000000000000000000e+00,0.000000000000000000e+00,0.000000000000000000e+00,0.000000000000000000e+00,0.000000000000000000e+00,0.000000000000000000e+00,0.000000000000000000e+00,0.000000000000000000e+00,0.000000000000000000e+00,0.000000000000000000e+00,0.000000000000000000e+00,0.000000000000000000e+00,0.000000000000000000e+00,0.000000000000000000e+00,0.000000000000000000e+00,0.000000000000000000e+00,0.000000000000000000e+00,0.000000000000000000e+00,0.000000000000000000e+00,0.000000000000000000e+00,0.000000000000000000e+00,0.000000000000000000e+00,0.000000000000000000e+00,0.000000000000000000e+00,5.205766169292033174e-01,0.000000000000000000e+00,0.000000000000000000e+00,0.000000000000000000e+00,0.000000000000000000e+00,0.000000000000000000e+00,0.000000000000000000e+00,0.000000000000000000e+00,0.000000000000000000e+00
4.260721257354986857e-01,4.689638164908058182e-01,0.000000000000000000e+00,0.000000000000000000e+00,0.000000000000000000e+00,4.668848223775419193e-01,0.000000000000000000e+00,0.000000000000000000e+00,0.000000000000000000e+00,0.000000000000000000e+00,0.000000000000000000e+00,0.000000000000000000e+00,4.588799515341280832e-01,0.000000000000000000e+00,0.000000000000000000e+00,4.520022866371051773e-01,0.000000000000000000e+00,4.389454449149329252e-01,0.000000000000000000e+00,3.699603811664561870e-01,4.317521980699758899e-01,4.189946929076956983e-01,4.153113388113309212e-01,5.422478256192363455e-01,4.439443202792113241e-01,4.269465874965002739e-01,4.752816043441098759e-01,4.650563390441392886e-01,4.403108328294593754e-01,0.000000000000000000e+00,4.391150520839754989e-01,4.710009852240251149e-01,4.204759099161097802e-01,4.725873866051988892e-01,5.076559318217666039e-01,5.685111914250478016e-01,0.000000000000000000e+00,0.000000000000000000e+00,5.324933454893616691e-01,5.081801619197002795e-01,5.521492886788693655e-01,5.537659931766792942e-01,0.000000000000000000e+00,0.000000000000000000e+00,0.000000000000000000e+00,0.000000000000000000e+00,5.536814375869595350e-01,0.000000000000000000e+00,0.000000000000000000e+00,0.000000000000000000e+00,5.026493324829176546e-01,0.000000000000000000e+00,0.000000000000000000e+00,0.000000000000000000e+00,0.000000000000000000e+00,0.000000000000000000e+00,0.000000000000000000e+00,4.618595741976452840e-01,0.000000000000000000e+00,4.588541231065106918e-01,5.370276865191112581e-01,0.000000000000000000e+00,0.000000000000000000e+00,0.000000000000000000e+00,4.866803476727054045e-01,5.336461133138168389e-01,5.158898286239252950e-01,5.440367211740486653e-01,0.000000000000000000e+00,3.928238796040652847e-01,5.741528954674735008e-01,5.311196523590321350e-01,5.127704925855061102e-01,5.176195660866110826e-01,0.000000000000000000e+00,5.303933347804062892e-01
4.280107697720947901e-01,4.205053329039734056e-01,0.000000000000000000e+00,0.000000000000000000e+00,4.922270476795613803e-01,4.974074663613077263e-01,5.320344352475834260e-01,5.282346531450896610e-01,4.742945582480743161e-01,3.530053208474582815e-01,0.000000000000000000e+00,0.000000000000000000e+00,5.162167258434323669e-01,0.000000000000000000e+00,4.520022866371051773e-01,0.000000000000000000e+00,3.536317493240110910e-01,3.681679704999945013e-01,0.000000000000000000e+00,4.579407694922886241e-01,4.437015851833513991e-01,4.265402836307286005e-01,4.828088446226486141e-01,3.650355816313652912e-01,4.305127981817851723e-01,4.411505245265702757e-01,4.881395273021135184e-01,5.181766785423553845e-01,4.801168905935717102e-01,4.768782963155870913e-01,4.029964097186783945e-01,4.612096046554647888e-01,3.882154465008194055e-01,4.057346607515396886e-01,4.526637902086003140e-01,0.000000000000000000e+00,0.000000000000000000e+00,0.000000000000000000e+00,4.841219928455416932e-01,4.568296150564777891e-01,4.706168063319285944e-01,4.981506710205255151e-01,0.000000000000000000e+00,0.000000000000000000e+00,0.000000000000000000e+00,4.666137591161437226e-01,5.102973454072242676e-01,0.000000000000000000e+00,0.000000000000000000e+00,0.000000000000000000e+00,0.000000000000000000e+00,0.000000000000000000e+00,0.000000000000000000e+00,0.000000000000000000e+00,0.000000000000000000e+00,0.000000000000000000e+00,0.000000000000000000e+00,0.000000000000000000e+00,0.000000000000000000e+00,5.374504844315363128e-01,4.989055802807240148e-01,0.000000000000000000e+00,4.983940612557284933e-01,0.000000000000000000e+00,4.834882938371301009e-01,4.540182325429875099e-01,5.072204257302509456e-01,4.396791522988527934e-01,0.000000000000000000e+00,4.874191836707271186e-01,5.129473515417579677e-01,4.691543778646458107e-01,0.000000000000000000e+00,4.489047928997316195e-01,0.000000000000000000e+00,4.642011659641935850e-01
4.169789804780412723e-01,0.000000000000000000e+00,0.000000000000000000e+00,0.000000000000000000e+00,0.000000000000000000e+00,3.526058746457735871e-01,0.000000000000000000e+00,0.000000000000000000e+00,0.000000000000000000e+00,3.398896381380233089e-01,4.308725092270491164e-01,4.068473376665194263e-01,5.111398648683651569e-01,0.000000000000000000e+00,0.000000000000000000e+00,3.536317493240110910e-01,0.000000000000000000e+00,3.428367996992331967e-01,0.000000000000000000e+00,4.129898515511308821e-01,0.000000000000000000e+00,4.004479976086806059e-01,0.000000000000000000e+00,3.804706313693269060e-01,3.779525251950924813e-01,3.854293123099666873e-01,0.000000000000000000e+00,4.876765289309448193e-01,3.922535679078458237e-01,0.000000000000000000e+00,3.596740149094915240e-01,4.430721686634110923e-01,3.744499350684006855e-01,3.869668230546536858e-01,3.992582814337741759e-01,0.000000000000000000e+00,0.000000000000000000e+00,3.602462350459966212e-01,0.000000000000000000e+00,4.194870796251609080e-01,0.000000000000000000e+00,0.000000000000000000e+00,0.000000000000000000e+00,0.000000000000000000e+00,0.000000000000000000e+00,0.000000000000000000e+00,0.000000000000000000e+00,0.000000000000000000e+00,0.000000000000000000e+00,0.000000000000000000e+00,0.000000000000000000e+00,0.000000000000000000e+00,0.000000000000000000e+00,0.000000000000000000e+00,4.832187739871154908e-01,0.000000000000000000e+00,4.937064409814583277e-01,0.000000000000000000e+00,0.000000000000000000e+00,0.000000000000000000e+00,0.000000000000000000e+00,4.705456292836551757e-01,4.520221781748199885e-01,0.000000000000000000e+00,0.000000000000000000e+00,0.000000000000000000e+00,0.000000000000000000e+00,0.000000000000000000e+00,4.681860173961913119e-01,4.669793060309193056e-01,4.901045096900242259e-01,0.000000000000000000e+00,0.000000000000000000e+00,0.000000000000000000e+00,0.000000000000000000e+00,0.000000000000000000e+00
4.184779926812969841e-01,4.239568763360249126e-01,0.000000000000000000e+00,0.000000000000000000e+00,0.000000000000000000e+00,5.114424431853948905e-01,4.868506756237159228e-01,5.058668507817288829e-01,3.431444224823217981e-01,3.945037856504370888e-01,0.000000000000000000e+00,3.795720141210022214e-01,5.442199766947823925e-01,0.000000000000000000e+00,4.389454449149329252e-01,3.681679704999945013e-01,3.428367996992331967e-01,0.000000000000000000e+00,0.000000000000000000e+00,4.671357822979347874e-01,4.657651419574834750e-01,4.359618202252227848e-01,5.060985878368786661e-01,3.891428990294398260e-01,3.959445337606498083e-01,4.167803506598025121e-01,4.928035372911422907e-01,5.216660495278414578e-01,4.892380778602791191e-01,4.349702058064922050e-01,3.845882483196598201e-01,4.461881253314288198e-01,3.622112719248586910e-01,3.917085922838102197e-01,4.203705167793498898e-01,0.000000000000000000e+00,0.000000000000000000e+00,0.000000000000000000e+00,4.673527963488179893e-01,4.286559184572972248e-01,4.447472781580489865e-01,4.406061275184465775e-01,0.000000000000000000e+00,0.000000000000000000e+00,0.000000000000000000e+00,4.506066692334594892e-01,5.001663260850028880e-01,0.000000000000000000e+00,0.000000000000000000e+00,0.000000000000000000e+00,0.000000000000000000e+00,0.000000000000000000e+00,0.000000000000000000e+00,0.000000000000000000e+00,4.593912287274514172e-01,0.000000000000000000e+00,4.656638770633306779e-01,0.000000000000000000e+00,0.000000000000000000e+00,0.000000000000000000e+00,4.858013413583188167e-01,4.705760146673109157e-01,4.614997512832744175e-01,0.000000000000000000e+00,0.000000000000000000e+00,0.000000000000000000e+00,4.766694769206564208e-01,0.000000000000000000e+00,4.473709013072105223e-01,4.670520057674372172e-01,4.827513631305668240e-01,0.000000000000000000e+00,0.000000000000000000e+00,0.000000000000000000e+00,0.000000000000000000e+00,4.601684466573376930e-01
0.000000000000000000e+00,0.000000000000000000e+00,3.338542764496312820e-01,5.039421212429442409e-01,4.299254145485725265e-01,5.010560234189770368e-01,5.077926247110710056e-01,4.805725229035244239e-01,3.478841851838072041e-01,5.204145613776882673e-01,3.266550515308205838e-01,4.033038960399588091e-01,5.059339193736532847e-01,4.172662287389843905e-01,0.000000000000000000e+00,0.000000000000000000e+00,0.000000000000000000e+00,0.000000000000000000e+00,0.000000000000000000e+00,0.000000000000000000e+00,0.000000000000000000e+00,0.000000000000000000e+00,4.521039982965566195e-01,0.000000000000000000e+00,0.000000000000000000e+00,0.000000000000000000e+00,4.543032030489099760e-01,5.063790105409113895e-01,0.000000000000000000e+00,0.000000000000000000e+00,5.306723138262960937e-01,4.903210729789698741e-01,0.000000000000000000e+00,5.476165352610737891e-01,5.022808665578532006e-01,4.284628092712314817e-01,5.015026942661509057e-01,0.000000000000000000e+00,4.756830199589933139e-01,0.000000000000000000e+00,0.000000000000000000e+00,0.000000000000000000e+00,5.337695512026158218e-01,0.000000000000000000e+00,0.000000000000000000e+00,0.000000000000000000e+00,0.000000000000000000e+00,6.174504469944405161e-01,0.000000000000000000e+00,4.793412288486612050e-01,5.549725351664878126e-01,5.032404386110275185e-01,5.813171394090344002e-01,5.855846972093625702e-01,0.000000000000000000e+00,5.128203921977469992e-01,0.000000000000000000e+00,4.817887070789105275e-01,4.965127043597314938e-01,0.000000000000000000e+00,0.000000000000000000e+00,0.000000000000000000e+00,0.000000000000000000e+00,5.624146952491644313e-01,0.000000000000000000e+00,0.000000000000000000e+00,0.000000000000000000e+00,6.218454709252285717e-01,0.000000000000000000e+00,0.000000000000000000e+00,0.000000000000000000e+00,5.985244646337607444e-01,0.000000000000000000e+00,0.000000000000000000e+00,0.000000000000000000e+00,0.000000000000000000e+00
4.940213726232007274e-01,4.759693217847358881e-01,0.000000000000000000e+00,4.864277145018063853e-01,0.000000000000000000e+00,4.607940572850813266e-01,4.849755812356068008e-01,4.629387559506247252e-01,4.628045741634472243e-01,3.626202120114294103e-01,0.000000000000000000e+00,0.000000000000000000e+00,4.778712498202501990e-01,0.000000000000000000e+00,3.699603811664561870e-01,4.579407694922886241e-01,4.129898515511308821e-01,4.671357822979347874e-01,0.000000000000000000e+00,0.000000000000000000e+00,4.921693507217346220e-01,4.144116722693602095e-01,3.733976464445493137e-01,0.000000000000000000e+00,4.687845795156599937e-01,4.775933450324663099e-01,4.222434589732398935e-01,4.242230234857624072e-01,3.936514274851983797e-01,4.502754268608015753e-01,4.197486319720831194e-01,4.896769224451293923e-01,4.403033268719914739e-01,4.772318366626572828e-01,5.200264826752039049e-01,5.557205673998968365e-01,5.260186365797479002e-01,0.000000000000000000e+00,5.417591374846845165e-01,5.570572883684971055e-01,6.080227795641833799e-01,5.861535460116605867e-01,4.880115826069624796e-01,0.000000000000000000e+00,0.000000000000000000e+00,0.000000000000000000e+00,4.871635063208846761e-01,0.000000000000000000e+00,0.000000000000000000e+00,0.000000000000000000e+00,5.225845365324491842e-01,0.000000000000000000e+00,5.972559507814713120e-01,0.000000000000000000e+00,0.000000000000000000e+00,0.000000000000000000e+00,0.000000000000000000e+00,4.752818611008216010e-01,0.000000000000000000e+00,5.774219827806026384e-01,4.201619885516383879e-01,0.000000000000000000e+00,0.000000000000000000e+00,0.000000000000000000e+00,5.464049400603997464e-01,5.855276128847227701e-01,5.256891170171953398e-01,6.045335109539637930e-01,0.000000000000000000e+00,3.667225450725488112e-01,5.550285596965270907e-01,5.647781855997811018e-01,5.948249746141731631e-01,5.802520933193119346e-01,4.945207555013717005e-01,6.039618303561141710e-01
4.381948877277691001e-01,4.496636636900426809e-01,0.000000000000000000e+00,0.000000000000000000e+00,0.000000000000000000e+00,5.031430399169599665e-01,0.000000000000000000e+00,4.658836824578173053e-01,0.000000000000000000e+00,0.000000000000000000e+00,0.000000000000000000e+00,4.956042460601216004e-01,4.870771124850047928e-01,4.698500403114507784e-01,4.317521980699758899e-01,4.437015851833513991e-01,0.000000000000000000e+00,4.657651419574834750e-01,0.000000000000000000e+00,4.921693507217346220e-01,0.000000000000000000e+00,4.681094889732265174e-01,4.473691325019411025e-01,5.488005278413771171e-01,4.762219125603486258e-01,4.499414833352424203e-01,5.013466022628143559e-01,5.142998801328516612e-01,5.128063624151183442e-01,0.000000000000000000e+00,4.330411310958692250e-01,4.736494361383133955e-01,4.381428854836705855e-01,4.576159816164934724e-01,5.097137609765888255e-01,0.000000000000000000e+00,0.000000000000000000e+00,0.000000000000000000e+00,5.078478755091203611e-01,5.297394251462760328e-01,5.627189441689827154e-01,5.789525611627268642e-01,0.000000000000000000e+00,0.000000000000000000e+00,0.000000000000000000e+00,4.440318870891845071e-01,5.507016802533203359e-01,0.000000000000000000e+00,0.000000000000000000e+00,0.000000000000000000e+00,5.110215255997544448e-01,0.000000000000000000e+00,3.486844656017034083e-01,0.000000000000000000e+00,0.000000000000000000e+00,0.000000000000000000e+00,0.000000000000000000e+00,4.911292034608524815e-01,0.000000000000000000e+00,5.324533494252958743e-01,5.632095028809884774e-01,0.000000000000000000e+00,0.000000000000000000e+00,0.000000000000000000e+00,5.178940612529659981e-01,4.870536441005339223e-01,5.258257199526890080e-01,5.328958045603650051e-01,0.000000000000000000e+00,4.787762727920026884e-01,5.788393587375605387e-01,5.356069580760371984e-01,5.197388396458237914e-01,5.038441692282978890e-01,0.000000000000000000e+00,5.296055061861884017e-01
