0.000000000000000000e+00,3.876723366045924934e-01,0.000000000000000000e+00,0.000000000000000000e+00,0.000000000000000000e+00,4.384263132094812776e-01,0.000000000000000000e+00,4.618431339654303081e-01,0.000000000000000000e+00,3.156254897763984268e-01,0.000000000000000000e+00,3.209016140860717070e-01,0.000000000000000000e+00,0.000000000000000000e+00,3.867764539150100878e-01,3.896720627387845748e-01,3.861248948565095263e-01,3.532872646671750827e-01,0.000000000000000000e+00,4.513408745361953134e-01,3.868927828886484233e-01,3.990484304989381781e-01,4.361889800345017942e-01,3.272495674241840957e-01,3.490568700497512222e-01,3.533984217209861223e-01,4.657060995062975994e-01,0.000000000000000000e+00,4.082299841742766944e-01,0.000000000000000000e+00,3.619706296701247772e-01,4.174424121187704784e-01,3.561390707157445212e-01,3.436833244559118206e-01,4.006478645554650275e-01,0.000000000000000000e+00,0.000000000000000000e+00,3.588481400483807260e-01,4.553509692851266943e-01,4.126875558630320739e-01,4.149109209638724982e-01,0.000000000000000000e+00,0.000000000000000000e+00,0.000000000000000000e+00,0.000000000000000000e+00,4.126259988383957911e-01,4.640331877584913944e-01,0.000000000000000000e+00,0.000000000000000000e+00,0.000000000000000000e+00,0.000000000000000000e+00,0.000000000000000000e+00,0.000000000000000000e+00,0.000000000000000000e+00,3.667329466268227089e-01,0.000000000000000000e+00,0.000000000000000000e+00,0.000000000000000000e+00,0.000000000000000000e+00,0.000000000000000000e+00,4.490021493444982248e-01,0.000000000000000000e+00,4.252171207582863821e-01,0.000000000000000000e+00,0.000000000000000000e+00,0.000000000000000000e+00,4.758396780720798858e-01,0.000000000000000000e+00,4.343551238258501201e-01,4.504426970693197751e-01,4.528025836800517734e-01,0.000000000000000000e+00,0.000000000000000000e+00,0.000000000000000000e+00,0.000000000000000000e+00,3.939499891309773960e-01
3.876723366045924934e-01,0.000000000000000000e+00,0.000000000000000000e+00,0.000000000000000000e+00,3.881490080118911723e-01,4.175964587531286187e-01,4.048333178941654897e-01,4.225720598819123208e-01,3.356709852069404976e-01,0.000000000000000000e+00,0.000000000000000000e+00,0.000000000000000000e+00,4.382415583481656940e-01,0.000000000000000000e+00,4.296465547386261741e-01,3.790186797574994770e-01,0.000000000000000000e+00,3.811684438413012188e-01,0.000000000000000000e+00,4.142311645231617767e-01,4.237691808993527820e-01,3.654080490317150876e-01,4.472484990663599946e-01,0.000000000000000000e+00,3.529081237168815166e-01,3.860950863019191881e-01,4.373049748193463260e-01,4.433674108127468871e-01,4.221060450017289911e-01,0.000000000000000000e+00,3.514681164266141855e-01,4.078134073005617033e-01,3.373796160449041848e-01,3.531598675159511869e-01,4.077518964089539844e-01,0.000000000000000000e+00,0.000000000000000000e+00,0.000000000000000000e+00,4.639240790595368091e-01,4.518558464680673126e-01,4.495089079386508923e-01,4.777698024836274926e-01,0.000000000000000000e+00,0.000000000000000000e+00,0.000000000000000000e+00,4.493870881263679062e-01,4.617006451602059802e-01,0.000000000000000000e+00,0.000000000000000000e+00,0.000000000000000000e+00,3.696629932072331148e-01,0.000000000000000000e+00,0.000000000000000000e+00,0.000000000000000000e+00,0.000000000000000000e+00,0.000000000000000000e+00,0.000000000000000000e+00,0.000000000000000000e+00,0.000000000000000000e+00,4.911119518949966789e-01,4.393829389628082782e-01,0.000000000000000000e+00,4.112574367768768169e-01,0.000000000000000000e+00,4.532759362287996918e-01,4.596770398949397984e-01,4.703951507986248171e-01,3.934062249843873760e-01,0.000000000000000000e+00,4.256977782740791749e-01,4.741675478611311889e-01,4.012170304863572068e-01,0.000000000000000000e+00,4.162186337751406784e-01,0.000000000000000000e+00,4.096226685520170108e-01
0.000000000000000000e+00,0.000000000000000000e+00,0.000000000000000000e+00,3.753455244574275262e-01,4.177342411767909214e-01,3.936090654804476063e-01,4.527977565350639888e-01,4.859412824053448987e-01,3.013064685983855018e-01,3.907195758608232872e-01,3.590917170578302176e-01,3.263513145657896963e-01,4.605457264170920162e-01,4.690644133669746862e-01,0.000000000000000000e+00,0.000000000000000000e+00,0.000000000000000000e+00,0.000000000000000000e+00,2.958651479810295859e-01,0.000000000000000000e+00,0.000000000000000000e+00,0.000000000000000000e+00,3.409485471844236892e-01,0.000000000000000000e+00,0.000000000000000000e+00,0.000000000000000000e+00,3.533188797547827109e-01,4.661574702275504967e-01,0.000000000000000000e+00,0.000000000000000000e+00,4.849218499501486979e-01,4.310661429434159975e-01,3.558437357942855206e-01,4.670262516875978154e-01,4.614057226643499821e-01,4.489303623151044143e-01,3.907819483507649072e-01,0.000000000000000000e+00,4.257527510947770044e-01,0.000000000000000000e+00,4.397862947177926252e-01,0.000000000000000000e+00,5.365004386632343802e-01,0.000000000000000000e+00,0.000000000000000000e+00,0.000000000000000000e+00,0.000000000000000000e+00,5.719049866478727040e-01,0.000000000000000000e+00,4.800043677323005964e-01,5.837814694862426546e-01,4.945771270953842058e-01,5.878299098040175030e-01,6.025082488650816970e-01,0.000000000000000000e+00,5.855071515822963812e-01,0.000000000000000000e+00,5.121967559251178193e-01,5.298303380454157940e-01,0.000000000000000000e+00,0.000000000000000000e+00,0.000000000000000000e+00,0.000000000000000000e+00,6.251847026978593069e-01,0.000000000000000000e+00,0.000000000000000000e+00,0.000000000000000000e+00,5.895415481879735520e-01,0.000000000000000000e+00,0.000000000000000000e+00,0.000000000000000000e+00,5.741453462844738898e-01,4.520652268800369189e-01,0.000000000000000000e+00,0.000000000000000000e+00,0.000000000000000000e+00
0.000000000000000000e+00,0.000000000000000000e+00,3.753455244574275262e-01,0.000000000000000000e+00,2.564738063874987817e-01,3.774913266004744083e-01,2.392013505610748880e-01,3.584109379334273759e-01,3.770997316770302032e-01,2.599162815893806822e-01,3.555990727545639274e-01,2.771690307681413112e-01,3.234649627558756069e-01,2.852004677606951866e-01,0.000000000000000000e+00,0.000000000000000000e+00,0.000000000000000000e+00,0.000000000000000000e+00,3.698806878298872003e-01,4.383216039651197105e-01,0.000000000000000000e+00,0.000000000000000000e+00,3.956492847052938133e-01,0.000000000000000000e+00,0.000000000000000000e+00,0.000000000000000000e+00,3.959285302447220212e-01,2.127855985305147080e-01,0.000000000000000000e+00,0.000000000000000000e+00,0.000000000000000000e+00,3.005712572681841221e-01,0.000000000000000000e+00,2.097849140253220113e-01,3.364383559822388126e-01,2.060239644250385083e-01,1.628637280904103868e-01,0.000000000000000000e+00,0.000000000000000000e+00,0.000000000000000000e+00,0.000000000000000000e+00,0.000000000000000000e+00,0.000000000000000000e+00,0.000000000000000000e+00,0.000000000000000000e+00,0.000000000000000000e+00,0.000000000000000000e+00,0.000000000000000000e+00,0.000000000000000000e+00,0.000000000000000000e+00,0.000000000000000000e+00,0.000000000000000000e+00,0.000000000000000000e+00,0.000000000000000000e+00,0.000000000000000000e+00,0.000000000000000000e+00,0.000000000000000000e+00,0.000000000000000000e+00,0.000000000000000000e+00,0.000000000000000000e+00,0.000000000000000000e+00,0.000000000000000000e+00,0.000000000000000000e+00,0.000000000000000000e+00,0.000000000000000000e+00,0.000000000000000000e+00,0.000000000000000000e+00,0.000000000000000000e+00,0.000000000000000000e+00,0.000000000000000000e+00,0.000000000000000000e+00,0.000000000000000000e+00,0.000000000000000000e+00,0.000000000000000000e+00,0.000000000000000000e+00,0.000000000000000000e+00
0.000000000000000000e+00,3.881490080118911723e-01,4.177342411767909214e-01,2.564738063874987817e-01,0.000000000000000000e+00,3.827209510498477130e-01,3.341960608489453755e-01,3.864409479719301821e-01,3.564047509506199085e-01,3.722437916802899260e-01,3.044068507146220903e-01,3.395607318425742926e-01,3.943735465038012977e-01,2.992217928876323985e-01,0.000000000000000000e+00,3.788863809362097990e-01,0.000000000000000000e+00,0.000000000000000000e+00,4.074286121391333948e-01,4.279829143889402054e-01,0.000000000000000000e+00,4.443741494619213861e-01,4.050322513522596757e-01,0.000000000000000000e+00,3.025737190169702773e-01,3.458141312850012139e-01,4.043902912473070765e-01,3.521301435677202107e-01,4.005386510389875032e-01,0.000000000000000000e+00,4.574749916708893971e-01,3.753603541911708086e-01,3.326296094906096013e-01,4.377413649059889167e-01,4.373976314244643060e-01,2.389614223758801115e-01,2.530304952208953795e-01,3.146564277960797740e-01,3.007513648739931766e-01,0.000000000000000000e+00,0.000000000000000000e+00,0.000000000000000000e+00,3.482330769349945010e-01,0.000000000000000000e+00,0.000000000000000000e+00,0.000000000000000000e+00,0.000000000000000000e+00,4.602700395316782767e-01,0.000000000000000000e+00,3.622624383401623072e-01,4.462832927188897791e-01,0.000000000000000000e+00,4.218784097701056002e-01,4.140380687160736817e-01,0.000000000000000000e+00,4.177477531167880231e-01,0.000000000000000000e+00,0.000000000000000000e+00,0.000000000000000000e+00,0.000000000000000000e+00,0.000000000000000000e+00,0.000000000000000000e+00,0.000000000000000000e+00,4.171040480314556764e-01,0.000000000000000000e+00,0.000000000000000000e+00,0.000000000000000000e+00,5.263505445273641836e-01,0.000000000000000000e+00,0.000000000000000000e+00,0.000000000000000000e+00,4.221299410186243883e-01,0.000000000000000000e+00,0.000000000000000000e+00,0.000000000000000000e+00,0.000000000000000000e+00
4.384263132094812776e-01,4.175964587531286187e-01,3.936090654804476063e-01,3.774913266004744083e-01,3.827209510498477130e-01,0.000000000000000000e+00,4.150101557972636912e-01,4.291890016034710098e-01,3.449553743184181065e-01,4.425665209503732989e-01,3.813940103087934963e-01,3.174840307627567193e-01,3.867544357547750833e-01,4.330794204008667214e-01,4.457822337076031149e-01,4.236904279759747816e-01,3.268881397827764768e-01,4.075827565591316204e-01,4.195120802617098854e-01,4.131553913673455813e-01,4.720477911477342081e-01,4.304933036239899091e-01,3.945343387357084231e-01,0.000000000000000000e+00,3.886604303123115112e-01,4.472649985681043106e-01,3.778463489390899155e-01,3.782611319293603946e-01,3.551413718750219828e-01,4.151844323336701947e-01,4.475177530325512021e-01,4.259768024920179141e-01,3.849058181066409845e-01,4.442609056644366006e-01,4.467133831168266789e-01,4.452263842686025042e-01,4.307980163975632104e-01,3.746457661041555087e-01,4.927215146021656778e-01,0.000000000000000000e+00,5.088726325826036234e-01,4.060720704761321964e-01,3.923506062903998060e-01,0.000000000000000000e+00,0.000000000000000000e+00,0.000000000000000000e+00,2.890861836420712261e-01,5.667242213149622510e-01,0.000000000000000000e+00,4.337520794167460947e-01,5.190331314367666593e-01,4.568427463973657177e-01,4.994800230051448242e-01,5.615405031285221060e-01,0.000000000000000000e+00,4.936342179436136735e-01,0.000000000000000000e+00,5.108453038872837748e-01,0.000000000000000000e+00,3.819698901265842772e-01,0.000000000000000000e+00,0.000000000000000000e+00,0.000000000000000000e+00,5.209069257256925267e-01,4.284332154647997881e-01,4.438879718258533780e-01,3.495287077859622893e-01,5.219786208806348471e-01,0.000000000000000000e+00,0.000000000000000000e+00,3.777103633543166805e-01,5.166797830020639637e-01,4.693082353821543817e-01,4.828507509445568169e-01,4.586150345757786795e-01,5.122633398664220294e-01
0.000000000000000000e+00,4.048333178941654897e-01,4.527977565350639888e-01,2.392013505610748880e-01,3.341960608489453755e-01,4.150101557972636912e-01,0.000000000000000000e+00,4.364920001661983240e-01,3.869415901923702883e-01,3.273798122739220995e-01,4.663988493580359940e-01,2.712008335247121926e-01,3.489336082844674003e-01,3.375768639933391935e-01,0.000000000000000000e+00,4.131099405501709732e-01,0.000000000000000000e+00,3.707445135837658112e-01,4.732968109886738772e-01,4.272395667487626780e-01,0.000000000000000000e+00,4.580632003960459220e-01,4.374201805496293893e-01,3.030138343278959145e-01,3.702468023204646963e-01,3.660800850832536812e-01,4.364901103241072833e-01,3.686781483173151019e-01,4.190498938346153834e-01,0.000000000000000000e+00,4.307174684581012158e-01,3.911384555700762045e-01,3.136002588050655904e-01,3.974988500547991799e-01,4.018873126158358788e-01,2.986200353469635749e-01,2.870234308875219131e-01,3.172359984122751775e-01,3.276420130943004105e-01,0.000000000000000000e+00,0.000000000000000000e+00,0.000000000000000000e+00,3.103615065270838858e-01,0.000000000000000000e+00,0.000000000000000000e+00,0.000000000000000000e+00,0.000000000000000000e+00,4.444372518107124748e-01,0.000000000000000000e+00,0.000000000000000000e+00,4.462722912220679072e-01,0.000000000000000000e+00,4.354568423822263723e-01,3.940178148512685219e-01,0.000000000000000000e+00,3.797727461331850130e-01,0.000000000000000000e+00,0.000000000000000000e+00,0.000000000000000000e+00,0.000000000000000000e+00,0.000000000000000000e+00,0.000000000000000000e+00,0.000000000000000000e+00,4.088599224716262803e-01,0.000000000000000000e+00,0.000000000000000000e+00,0.000000000000000000e+00,5.134527173870495620e-01,0.000000000000000000e+00,0.000000000000000000e+00,0.000000000000000000e+00,4.530975107626983855e-01,0.000000000000000000e+00,0.000000000000000000e+00,0.000000000000000000e+00,0.000000000000000000e+00
4.618431339654303081e-01,4.225720598819123208e-01,4.859412824053448987e-01,3.584109379334273759e-01,3.864409479719301821e-01,4.291890016034710098e-01,4.364920001661983240e-01,0.000000000000000000e+00,4.987432811298990742e-01,3.948107798996123852e-01,3.422503649834788275e-01,0.000000000000000000e+00,4.397419790869304124e-01,3.736261039958272967e-01,0.000000000000000000e+00,4.293746165493719791e-01,0.000000000000000000e+00,3.958624928246676777e-01,4.224238689559796089e-01,4.375687219204724143e-01,3.713491552367338966e-01,4.275747356200775839e-01,3.714626994158330975e-01,4.613962476005539215e-01,4.460832512215456847e-01,4.495595874703656736e-01,4.455500151515495166e-01,4.204514490977063201e-01,3.730099086508172901e-01,3.938674302388003867e-01,4.517225014912449876e-01,3.939468708090554938e-01,4.106352055102288068e-01,4.504989240586316779e-01,4.538208301675539791e-01,3.379576537579733198e-01,4.070889300811509903e-01,0.000000000000000000e+00,4.811837296432521782e-01,0.000000000000000000e+00,5.053262943395051554e-01,0.000000000000000000e+00,4.446824761642811930e-01,0.000000000000000000e+00,0.000000000000000000e+00,0.000000000000000000e+00,0.000000000000000000e+00,5.619442469124794615e-01,0.000000000000000000e+00,4.402088628662639835e-01,5.005627862841199871e-01,4.994737562502543082e-01,4.786514905914314166e-01,5.412683309629049422e-01,0.000000000000000000e+00,4.805941151132411271e-01,0.000000000000000000e+00,4.749272932398209135e-01,4.888646800048426222e-01,4.395169693721556192e-01,0.000000000000000000e+00,0.000000000000000000e+00,0.000000000000000000e+00,5.673604764826837288e-01,5.043079423520432369e-01,4.248908844629589177e-01,0.000000000000000000e+00,4.956750827453689223e-01,0.000000000000000000e+00,0.000000000000000000e+00,0.000000000000000000e+00,5.103795191052361568e-01,4.648786366588331109e-01,4.482544569453438821e-01,0.000000000000000000e+00,4.431081717055059266e-01
0.000000000000000000e+00,3.356709852069404976e-01,3.013064685983855018e-01,3.770997316770302032e-01,3.564047509506199085e-01,3.449553743184181065e-01,3.869415901923702883e-01,4.987432811298990742e-01,0.000000000000000000e+00,4.424253164192142873e-01,3.561540969311134952e-01,3.689583837481283934e-01,4.016000372690735065e-01,3.881424872772331058e-01,0.000000000000000000e+00,3.521488780565877885e-01,0.000000000000000000e+00,3.129795414832182154e-01,3.078953246661514931e-01,4.085013813838241914e-01,0.000000000000000000e+00,4.027321616731012743e-01,4.170538735024074128e-01,3.534427167139381210e-01,2.578716789278983068e-01,3.084568304192956134e-01,3.706387184134194990e-01,4.626783478870302724e-01,3.816903750019416952e-01,0.000000000000000000e+00,4.878586589731235823e-01,4.407136143484405855e-01,3.791120076239368197e-01,4.731939472450861772e-01,4.488977962278319911e-01,4.188768489982225840e-01,4.231076630522673243e-01,3.526343708062479876e-01,3.527560981664780160e-01,0.000000000000000000e+00,4.176993212405835099e-01,0.000000000000000000e+00,4.591546239461812839e-01,0.000000000000000000e+00,0.000000000000000000e+00,0.000000000000000000e+00,0.000000000000000000e+00,5.859091307629575862e-01,0.000000000000000000e+00,4.476614933840987187e-01,5.566926022409369734e-01,4.265973263670225779e-01,5.494888914678385250e-01,5.325430122224426022e-01,0.000000000000000000e+00,5.336048463394846841e-01,0.000000000000000000e+00,4.409511723476245981e-01,4.811063071138894087e-01,0.000000000000000000e+00,0.000000000000000000e+00,0.000000000000000000e+00,0.000000000000000000e+00,5.575011876371478436e-01,0.000000000000000000e+00,0.000000000000000000e+00,0.000000000000000000e+00,5.720457057049378458e-01,0.000000000000000000e+00,0.000000000000000000e+00,0.000000000000000000e+00,5.623331081940972087e-01,3.867879808306546874e-01,0.000000000000000000e+00,0.000000000000000000e+00,0.000000000000000000e+00
3.156254897763984268e-01,0.000000000000000000e+00,3.907195758608232872e-01,2.599162815893806822e-01,3.722437916802899260e-01,4.425665209503732989e-01,3.273798122739220995e-01,3.948107798996123852e-01,4.424253164192142873e-01,0.000000000000000000e+00,4.433339468314079768e-01,2.501796276007788866e-01,3.917288467906923088e-01,0.000000000000000000e+00,0.000000000000000000e+00,3.423583871703906878e-01,3.290697819837903881e-01,3.489389169054932238e-01,4.138151624384507898e-01,0.000000000000000000e+00,0.000000000000000000e+00,0.000000000000000000e+00,3.973046228219467846e-01,2.798447825246264120e-01,3.333193897765325264e-01,3.353962227164539733e-01,3.848031649159062151e-01,3.603526330132840183e-01,3.323323689801949143e-01,0.000000000000000000e+00,3.300634304446827261e-01,2.895081444623199829e-01,2.868388663967285090e-01,2.885467643005186766e-01,2.747143644964818998e-01,3.481862994371239250e-01,2.608793493024461063e-01,2.678624666693386058e-01,2.613333646943303834e-01,3.316344582565990962e-01,3.014533564460277759e-01,2.692785732990012892e-01,0.000000000000000000e+00,0.000000000000000000e+00,3.108952923549280212e-01,0.000000000000000000e+00,0.000000000000000000e+00,0.000000000000000000e+00,0.000000000000000000e+00,0.000000000000000000e+00,0.000000000000000000e+00,0.000000000000000000e+00,0.000000000000000000e+00,0.000000000000000000e+00,3.963764903947961105e-01,0.000000000000000000e+00,3.862381266289893200e-01,3.635039329764260807e-01,0.000000000000000000e+00,0.000000000000000000e+00,0.000000000000000000e+00,3.649261332477483077e-01,3.563910910075850924e-01,0.000000000000000000e+00,0.000000000000000000e+00,0.000000000000000000e+00,0.000000000000000000e+00,0.000000000000000000e+00,3.703766805845770116e-01,3.893884523890233096e-01,3.959879261829231112e-01,0.000000000000000000e+00,3.904640588092184172e-01,0.000000000000000000e+00,0.000000000000000000e+00,3.962729624818098761e-01
0.000000000000000000e+00,0.000000000000000000e+00,3.590917170578302176e-01,3.555990727545639274e-01,3.044068507146220903e-01,3.813940103087934963e-01,4.663988493580359940e-01,3.422503649834788275e-01,3.561540969311134952e-01,4.433339468314079768e-01,0.000000000000000000e+00,3.812744425398885140e-01,4.732172646019072726e-01,2.982528162617136269e-01,0.000000000000000000e+00,0.000000000000000000e+00,3.789174777825979890e-01,0.000000000000000000e+00,2.980362409209075802e-01,0.000000000000000000e+00,0.000000000000000000e+00,0.000000000000000000e+00,3.379967945952840891e-01,3.944959516295892255e-01,0.000000000000000000e+00,3.367015922918824011e-01,4.072842148004554019e-01,4.630360912268283724e-01,0.000000000000000000e+00,0.000000000000000000e+00,4.983136349541620880e-01,4.215564924209477260e-01,3.757904217005201830e-01,4.684790131203390162e-01,4.498102896964792929e-01,3.661783290927259071e-01,4.043587168824426814e-01,3.915399736458404223e-01,4.155530532156618828e-01,0.000000000000000000e+00,0.000000000000000000e+00,0.000000000000000000e+00,4.338377557883382196e-01,0.000000000000000000e+00,0.000000000000000000e+00,0.000000000000000000e+00,0.000000000000000000e+00,5.558510552007530636e-01,0.000000000000000000e+00,4.074219671005511745e-01,4.968581213156739174e-01,4.237506359062583883e-01,4.746202567624994151e-01,5.666017365091851055e-01,0.000000000000000000e+00,3.237673051520045253e-01,0.000000000000000000e+00,3.998111965967318104e-01,4.731819776131077071e-01,0.000000000000000000e+00,0.000000000000000000e+00,0.000000000000000000e+00,0.000000000000000000e+00,3.212619675414232212e-01,0.000000000000000000e+00,0.000000000000000000e+00,0.000000000000000000e+00,5.263778507789131922e-01,0.000000000000000000e+00,0.000000000000000000e+00,0.000000000000000000e+00,5.156929390524892520e-01,3.470035974418492764e-01,0.000000000000000000e+00,0.000000000000000000e+00,0.000000000000000000e+00
3.209016140860717070e-01,0.000000000000000000e+00,3.263513145657896963e-01,2.771690307681413112e-01,3.395607318425742926e-01,3.174840307627567193e-01,2.712008335247121926e-01,0.000000000000000000e+00,3.689583837481283934e-01,2.501796276007788866e-01,3.812744425398885140e-01,0.000000000000000000e+00,3.274237735089468027e-01,0.000000000000000000e+00,0.000000000000000000e+00,0.000000000000000000e+00,3.412302416697968188e-01,3.062334869576582852e-01,3.458607149870530084e-01,0.000000000000000000e+00,3.801601243312093814e-01,0.000000000000000000e+00,3.160512512295463039e-01,2.575121755783065236e-01,3.194163782262979812e-01,2.870790167332553100e-01,3.154132000608346753e-01,3.071344788272600823e-01,0.000000000000000000e+00,0.000000000000000000e+00,3.109264814291209933e-01,2.560030152821147764e-01,2.504207331083814214e-01,2.107791485270895937e-01,2.387137447840314008e-01,2.857781855545302729e-01,2.340306209978537111e-01,2.124608467450981864e-01,2.628423663679718136e-01,3.322593272359590788e-01,2.914247757056652732e-01,2.711664436697998060e-01,2.759739769654324104e-01,0.000000000000000000e+00,2.892054531084615188e-01,0.000000000000000000e+00,0.000000000000000000e+00,0.000000000000000000e+00,0.000000000000000000e+00,0.000000000000000000e+00,0.000000000000000000e+00,0.000000000000000000e+00,0.000000000000000000e+00,0.000000000000000000e+00,3.951583004087185769e-01,0.000000000000000000e+00,3.845579017638546260e-01,3.666469650237418887e-01,0.000000000000000000e+00,0.000000000000000000e+00,0.000000000000000000e+00,3.466978660405002910e-01,3.518630223346980168e-01,0.000000000000000000e+00,0.000000000000000000e+00,0.000000000000000000e+00,0.000000000000000000e+00,0.000000000000000000e+00,3.460256078291635840e-01,3.862721255371535101e-01,3.864167831400585063e-01,0.000000000000000000e+00,3.872777705181645880e-01,0.000000000000000000e+00,0.000000000000000000e+00,3.777864420081277763e-01
0.000000000000000000e+00,4.382415583481656940e-01,4.605457264170920162e-01,3.234649627558756069e-01,3.943735465038012977e-01,3.867544357547750833e-01,3.489336082844674003e-01,4.397419790869304124e-01,4.016000372690735065e-01,3.917288467906923088e-01,4.732172646019072726e-01,3.274237735089468027e-01,0.000000000000000000e+00,4.054538529921559165e-01,0.000000000000000000e+00,4.483785705416851730e-01,3.587028031311426113e-01,4.175503473465759230e-01,4.772077460155129125e-01,4.180117557947832241e-01,0.000000000000000000e+00,4.572363917372688769e-01,4.428654389725328877e-01,3.024197762148869151e-01,4.089525880297597005e-01,4.177657064787084207e-01,4.409386077922423097e-01,3.295201967207154192e-01,3.867784771031569924e-01,3.210172111182689747e-01,4.035961638886206848e-01,3.986618864962129249e-01,3.564972066241091087e-01,3.956569980433081168e-01,4.042017813350922140e-01,3.644147249489145257e-01,3.590350047952411972e-01,3.298779901341851728e-01,4.261177424840337791e-01,0.000000000000000000e+00,2.090625191149050877e-01,0.000000000000000000e+00,3.235084638744293861e-01,0.000000000000000000e+00,3.527037598556543863e-01,0.000000000000000000e+00,0.000000000000000000e+00,4.695073890683704732e-01,0.000000000000000000e+00,0.000000000000000000e+00,4.379867409152872204e-01,3.843704283194592231e-01,4.473261502117273913e-01,0.000000000000000000e+00,0.000000000000000000e+00,3.952812197407714057e-01,3.631585815027049136e-01,0.000000000000000000e+00,0.000000000000000000e+00,0.000000000000000000e+00,0.000000000000000000e+00,0.000000000000000000e+00,0.000000000000000000e+00,0.000000000000000000e+00,3.826149444634378005e-01,0.000000000000000000e+00,3.113387763048336976e-01,5.172495493482586193e-01,0.000000000000000000e+00,2.774163297858970867e-01,3.066084779955877138e-01,5.046368838522029554e-01,0.000000000000000000e+00,4.185513400800828232e-01,0.000000000000000000e+00,0.000000000000000000e+00
0.000000000000000000e+00,0.000000000000000000e+00,4.690644133669746862e-01,2.852004677606951866e-01,2.992217928876323985e-01,4.330794204008667214e-01,3.375768639933391935e-01,3.736261039958272967e-01,3.881424872772331058e-01,0.000000000000000000e+00,2.982528162617136269e-01,0.000000000000000000e+00,4.054538529921559165e-01,0.000000000000000000e+00,0.000000000000000000e+00,0.000000000000000000e+00,0.000000000000000000e+00,0.000000000000000000e+00,3.827915034084971024e-01,0.000000000000000000e+00,4.238181410470773236e-01,0.000000000000000000e+00,3.933750250015656258e-01,0.000000000000000000e+00,0.000000000000000000e+00,0.000000000000000000e+00,4.369181449209019741e-01,3.075583694440248150e-01,0.000000000000000000e+00,0.000000000000000000e+00,4.555092815939660866e-01,3.229364387345174947e-01,0.000000000000000000e+00,3.957640413139866808e-01,0.000000000000000000e+00,2.598463955574735751e-01,1.990123282757098877e-01,0.000000000000000000e+00,4.030947730466543089e-01,0.000000000000000000e+00,0.000000000000000000e+00,0.000000000000000000e+00,3.986124834999474897e-01,0.000000000000000000e+00,0.000000000000000000e+00,0.000000000000000000e+00,0.000000000000000000e+00,4.779643003387312183e-01,0.000000000000000000e+00,0.000000000000000000e+00,0.000000000000000000e+00,0.000000000000000000e+00,0.000000000000000000e+00,5.125982714263508377e-01,0.000000000000000000e+00,4.458927555779571006e-01,0.000000000000000000e+00,0.000000000000000000e+00,0.000000000000000000e+00,0.000000000000000000e+00,0.000000000000000000e+00,0.000000000000000000e+00,0.000000000000000000e+00,0.000000000000000000e+00,0.000000000000000000e+00,0.000000000000000000e+00,0.000000000000000000e+00,4.538213084798481955e-01,0.000000000000000000e+00,0.000000000000000000e+00,0.000000000000000000e+00,4.442790327077223989e-01,0.000000000000000000e+00,0.000000000000000000e+00,0.000000000000000000e+00,0.000000000000000000e+00
3.867764539150100878e-01,4.296465547386261741e-01,0.000000000000000000e+00,0.000000000000000000e+00,0.000000000000000000e+00,4.457822337076031149e-01,0.000000000000000000e+00,0.000000000000000000e+00,0.000000000000000000e+00,0.000000000000000000e+00,0.000000000000000000e+00,0.000000000000000000e+00,0.000000000000000000e+00,0.000000000000000000e+00,0.000000000000000000e+00,4.283614949465943122e-01,0.000000000000000000e+00,4.176027277568757912e-01,0.000000000000000000e+00,3.918711604973891816e-01,3.932091958329235748e-01,4.089073128537759061e-01,3.901997266468045233e-01,4.026269617809521972e-01,4.056244623035630270e-01,4.214483732668818927e-01,4.302929015535471025e-01,4.097202909022814032e-01,4.158291619676053874e-01,0.000000000000000000e+00,4.211904757692406798e-01,4.422821836965967202e-01,4.313237609714650755e-01,4.476331825587884783e-01,4.870167927495808180e-01,5.197936714536993685e-01,0.000000000000000000e+00,0.000000000000000000e+00,4.857872381367583925e-01,5.126591265853933654e-01,4.972915730343187013e-01,5.244409832657991322e-01,0.000000000000000000e+00,0.000000000000000000e+00,0.000000000000000000e+00,0.000000000000000000e+00,5.015851204144660125e-01,0.000000000000000000e+00,0.000000000000000000e+00,0.000000000000000000e+00,4.540791228348574071e-01,0.000000000000000000e+00,5.554228762557927856e-01,0.000000000000000000e+00,0.000000000000000000e+00,0.000000000000000000e+00,0.000000000000000000e+00,4.170540376751937228e-01,0.000000000000000000e+00,4.894685175947323108e-01,4.496361035525702765e-01,0.000000000000000000e+00,0.000000000000000000e+00,0.000000000000000000e+00,4.965168513857415866e-01,4.852351622799704889e-01,5.288619108138795655e-01,5.088752668287453984e-01,0.000000000000000000e+00,3.468079529248356829e-01,5.233967070378932052e-01,5.195618424567102211e-01,4.070470650830292914e-01,4.781510315915665776e-01,0.000000000000000000e+00,4.277701348725154729e-01
3.896720627387845748e-01,3.790186797574994770e-01,0.000000000000000000e+00,0.000000000000000000e+00,3.788863809362097990e-01,4.236904279759747816e-01,4.131099405501709732e-01,4.293746165493719791e-01,3.521488780565877885e-01,3.423583871703906878e-01,0.000000000000000000e+00,0.000000000000000000e+00,4.483785705416851730e-01,0.000000000000000000e+00,4.283614949465943122e-01,0.000000000000000000e+00,3.593869917313242124e-01,3.144749387106280936e-01,0.000000000000000000e+00,3.951265714805983764e-01,4.157162139318614780e-01,3.735915037542029138e-01,4.417156802841081809e-01,3.453756387423548846e-01,3.678784241402229815e-01,4.028199613358606213e-01,4.344038144100889065e-01,4.077258930464525144e-01,4.128979072405583040e-01,3.668344379248831832e-01,3.591492047639843199e-01,4.250671211248019943e-01,3.802958602647262265e-01,3.738589001351249053e-01,4.332155052104865733e-01,0.000000000000000000e+00,0.000000000000000000e+00,0.000000000000000000e+00,4.518890390553970127e-01,4.284797134563680943e-01,4.250516569972568881e-01,4.582339564054562220e-01,0.000000000000000000e+00,0.000000000000000000e+00,0.000000000000000000e+00,4.450793003250564928e-01,4.443246163525875758e-01,0.000000000000000000e+00,0.000000000000000000e+00,0.000000000000000000e+00,0.000000000000000000e+00,0.000000000000000000e+00,0.000000000000000000e+00,0.000000000000000000e+00,0.000000000000000000e+00,0.000000000000000000e+00,0.000000000000000000e+00,0.000000000000000000e+00,0.000000000000000000e+00,4.658071164493124972e-01,4.219862800700456829e-01,0.000000000000000000e+00,3.852579885743869226e-01,0.000000000000000000e+00,4.084770652351992770e-01,4.002578889417948149e-01,4.596753046850667879e-01,3.699642204476074059e-01,0.000000000000000000e+00,4.255670717284916194e-01,4.528142963447431835e-01,3.734930185681984982e-01,0.000000000000000000e+00,3.783244632528617868e-01,0.000000000000000000e+00,4.009184994114837197e-01
3.861248948565095263e-01,0.000000000000000000e+00,0.000000000000000000e+00,0.000000000000000000e+00,0.000000000000000000e+00,3.268881397827764768e-01,0.000000000000000000e+00,0.000000000000000000e+00,0.000000000000000000e+00,3.290697819837903881e-01,3.789174777825979890e-01,3.412302416697968188e-01,3.587028031311426113e-01,0.000000000000000000e+00,0.000000000000000000e+00,3.593869917313242124e-01,0.000000000000000000e+00,3.213617489650407166e-01,0.000000000000000000e+00,2.924232382237221262e-01,0.000000000000000000e+00,3.190009331030230766e-01,0.000000000000000000e+00,3.531682471720193894e-01,2.981599917252457099e-01,3.400520909934872105e-01,0.000000000000000000e+00,3.647994389478432797e-01,0.000000000000000000e+00,0.000000000000000000e+00,3.382313341259541861e-01,4.174302660196377857e-01,3.399500936700329823e-01,3.540821615047651250e-01,3.727431033708468733e-01,0.000000000000000000e+00,0.000000000000000000e+00,2.998544266883569898e-01,0.000000000000000000e+00,3.685439065170703077e-01,0.000000000000000000e+00,0.000000000000000000e+00,0.000000000000000000e+00,0.000000000000000000e+00,0.000000000000000000e+00,0.000000000000000000e+00,0.000000000000000000e+00,0.000000000000000000e+00,0.000000000000000000e+00,0.000000000000000000e+00,0.000000000000000000e+00,0.000000000000000000e+00,0.000000000000000000e+00,0.000000000000000000e+00,4.192020795282753176e-01,0.000000000000000000e+00,4.000423725819263754e-01,0.000000000000000000e+00,0.000000000000000000e+00,0.000000000000000000e+00,0.000000000000000000e+00,3.444019154873840804e-01,3.595534254674341845e-01,0.000000000000000000e+00,0.000000000000000000e+00,0.000000000000000000e+00,0.000000000000000000e+00,0.000000000000000000e+00,4.163083173953164851e-01,4.113509960167107127e-01,4.230042772731740786e-01,0.000000000000000000e+00,0.000000000000000000e+00,0.000000000000000000e+00,0.000000000000000000e+00,0.000000000000000000e+00
3.532872646671750827e-01,3.811684438413012188e-01,0.000000000000000000e+00,0.000000000000000000e+00,0.000000000000000000e+00,4.075827565591316204e-01,3.707445135837658112e-01,3.958624928246676777e-01,3.129795414832182154e-01,3.489389169054932238e-01,0.000000000000000000e+00,3.062334869576582852e-01,4.175503473465759230e-01,0.000000000000000000e+00,4.176027277568757912e-01,3.144749387106280936e-01,3.213617489650407166e-01,0.000000000000000000e+00,0.000000000000000000e+00,4.005166856028379851e-01,3.983555650098871137e-01,3.945865505284658070e-01,4.235769715878274222e-01,3.398081196696899897e-01,3.214923043889036935e-01,3.494989469344724764e-01,4.265465816209325078e-01,4.081188940417636024e-01,4.073843581063669728e-01,3.578440938950472883e-01,3.635347653623411945e-01,4.019025089989630151e-01,3.513089199704357846e-01,3.653282396400747145e-01,3.823784003651696239e-01,0.000000000000000000e+00,0.000000000000000000e+00,0.000000000000000000e+00,4.248535585539868764e-01,3.939487216141462911e-01,4.085033807073695233e-01,4.120756983625339931e-01,0.000000000000000000e+00,0.000000000000000000e+00,0.000000000000000000e+00,4.029689993069450749e-01,4.176825966251737077e-01,0.000000000000000000e+00,0.000000000000000000e+00,0.000000000000000000e+00,0.000000000000000000e+00,0.000000000000000000e+00,0.000000000000000000e+00,0.000000000000000000e+00,4.223606123048377903e-01,0.000000000000000000e+00,4.070885771786807994e-01,0.000000000000000000e+00,0.000000000000000000e+00,0.000000000000000000e+00,4.020879342960392844e-01,3.917094122283549251e-01,3.989900232781403155e-01,0.000000000000000000e+00,0.000000000000000000e+00,0.000000000000000000e+00,4.256615204996321844e-01,0.000000000000000000e+00,3.907110758839097975e-01,4.070161281939140840e-01,4.204132895021596150e-01,0.000000000000000000e+00,0.000000000000000000e+00,0.000000000000000000e+00,0.000000000000000000e+00,3.960575311512521957e-01
0.000000000000000000e+00,0.000000000000000000e+00,2.958651479810295859e-01,3.698806878298872003e-01,4.074286121391333948e-01,4.195120802617098854e-01,4.732968109886738772e-01,4.224238689559796089e-01,3.078953246661514931e-01,4.138151624384507898e-01,2.980362409209075802e-01,3.458607149870530084e-01,4.772077460155129125e-01,3.827915034084971024e-01,0.000000000000000000e+00,0.000000000000000000e+00,0.000000000000000000e+00,0.000000000000000000e+00,0.000000000000000000e+00,0.000000000000000000e+00,0.000000000000000000e+00,0.000000000000000000e+00,3.244697778351849915e-01,0.000000000000000000e+00,0.000000000000000000e+00,0.000000000000000000e+00,3.828788760281935932e-01,4.717563543589676778e-01,0.000000000000000000e+00,0.000000000000000000e+00,4.789858159938414905e-01,4.238989418572582935e-01,0.000000000000000000e+00,4.528683407156670060e-01,4.341564350773354786e-01,4.323479292268090912e-01,3.683491505256630827e-01,3.699848537459610731e-01,4.197185484371009911e-01,0.000000000000000000e+00,0.000000000000000000e+00,0.000000000000000000e+00,4.620131439808988216e-01,0.000000000000000000e+00,0.000000000000000000e+00,0.000000000000000000e+00,0.000000000000000000e+00,6.049152875267844731e-01,0.000000000000000000e+00,4.363954755644122163e-01,5.247204185597583725e-01,4.421432139508171266e-01,5.488215165084152636e-01,5.670224571577451300e-01,0.000000000000000000e+00,5.549824341793887506e-01,0.000000000000000000e+00,4.403337950736231909e-01,4.966147233627816737e-01,0.000000000000000000e+00,0.000000000000000000e+00,0.000000000000000000e+00,0.000000000000000000e+00,5.740622925347844685e-01,0.000000000000000000e+00,0.000000000000000000e+00,0.000000000000000000e+00,5.699621095077485045e-01,0.000000000000000000e+00,0.000000000000000000e+00,0.000000000000000000e+00,5.531271513015376673e-01,0.000000000000000000e+00,0.000000000000000000e+00,0.000000000000000000e+00,0.000000000000000000e+00
4.513408745361953134e-01,4.142311645231617767e-01,0.000000000000000000e+00,4.383216039651197105e-01,4.279829143889402054e-01,4.131553913673455813e-01,4.272395667487626780e-01,4.375687219204724143e-01,4.085013813838241914e-01,0.000000000000000000e+00,0.000000000000000000e+00,0.000000000000000000e+00,4.180117557947832241e-01,0.000000000000000000e+00,3.918711604973891816e-01,3.951265714805983764e-01,2.924232382237221262e-01,4.005166856028379851e-01,0.000000000000000000e+00,0.000000000000000000e+00,4.413219710777108729e-01,3.470989360019263725e-01,3.069693951122470232e-01,0.000000000000000000e+00,3.919880315258768011e-01,4.429380603226735769e-01,3.679470001803878954e-01,3.464196444264350805e-01,3.103307125415821766e-01,3.428586024373148078e-01,3.794879246294334263e-01,4.385630810131019852e-01,3.948966115523397935e-01,4.274147618247274849e-01,4.710607788914424887e-01,4.939840641507136088e-01,4.459612335282975848e-01,0.000000000000000000e+00,5.067495047236412198e-01,4.223035756865947121e-01,4.517404821559186101e-01,4.866310106543069169e-01,3.996903229540965108e-01,0.000000000000000000e+00,0.000000000000000000e+00,0.000000000000000000e+00,3.734420524149922871e-01,0.000000000000000000e+00,0.000000000000000000e+00,0.000000000000000000e+00,4.327100593382988136e-01,0.000000000000000000e+00,4.996020247293889160e-01,0.000000000000000000e+00,0.000000000000000000e+00,0.000000000000000000e+00,0.000000000000000000e+00,3.542238914468550104e-01,0.000000000000000000e+00,4.906881189012969879e-01,3.399702448460306115e-01,0.000000000000000000e+00,0.000000000000000000e+00,0.000000000000000000e+00,5.056418705923449997e-01,4.861153109624913871e-01,4.898590133046071826e-01,5.201493125869169898e-01,0.000000000000000000e+00,2.896073105748964149e-01,4.812797948775591195e-01,5.157042803219786808e-01,4.174059706743586950e-01,4.810524478227498069e-01,4.155331293130650194e-01,4.415789223115724749e-01
3.868927828886484233e-01,4.237691808993527820e-01,0.000000000000000000e+00,0.000000000000000000e+00,0.000000000000000000e+00,4.720477911477342081e-01,0.000000000000000000e+00,3.713491552367338966e-01,0.000000000000000000e+00,0.000000000000000000e+00,0.000000000000000000e+00,3.801601243312093814e-01,0.000000000000000000e+00,4.238181410470773236e-01,3.932091958329235748e-01,4.157162139318614780e-01,0.000000000000000000e+00,3.983555650098871137e-01,0.000000000000000000e+00,4.413219710777108729e-01,0.000000000000000000e+00,4.431030112553954736e-01,3.861409015388829191e-01,4.375327251238911863e-01,3.971684980839061962e-01,3.937642167179579156e-01,4.534257250047353804e-01,4.257871629688539938e-01,4.239045710671431877e-01,0.000000000000000000e+00,3.983933125135112885e-01,4.282681232115785885e-01,4.083235977571120223e-01,4.176505394277971184e-01,4.623642785518635168e-01,0.000000000000000000e+00,0.000000000000000000e+00,0.000000000000000000e+00,4.887069174307012154e-01,4.474906328890950191e-01,4.917697068925866999e-01,5.333164962076133442e-01,0.000000000000000000e+00,0.000000000000000000e+00,0.000000000000000000e+00,4.549964540526523216e-01,5.001336603167261252e-01,0.000000000000000000e+00,0.000000000000000000e+00,0.000000000000000000e+00,4.825287926915263759e-01,0.000000000000000000e+00,4.583195805854919924e-01,0.000000000000000000e+00,0.000000000000000000e+00,0.000000000000000000e+00,0.000000000000000000e+00,4.395431643359317131e-01,0.000000000000000000e+00,5.024869394436839443e-01,4.258612656324556878e-01,0.000000000000000000e+00,0.000000000000000000e+00,0.000000000000000000e+00,5.076393673893587755e-01,4.208559265778669123e-01,5.170945392608281566e-01,4.907960504038373917e-01,0.000000000000000000e+00,3.709479989260909272e-01,5.123761675471741883e-01,5.258571842743365865e-01,4.363792790767613838e-01,4.912401655991842087e-01,0.000000000000000000e+00,3.922100793310863143e-01
