0.000000000000000000e+00,4.138406062121520179e-01,0.000000000000000000e+00,0.000000000000000000e+00,0.000000000000000000e+00,4.357930349746365062e-01,0.000000000000000000e+00,5.071878073056128589e-01,0.000000000000000000e+00,3.938642170516200025e-01,0.000000000000000000e+00,3.742470426623166757e-01,3.878999655204650177e-01,0.000000000000000000e+00,3.847336149010172068e-01,4.191141352033734835e-01,4.143849279068935743e-01,3.915272634152919262e-01,0.000000000000000000e+00,4.306456646150637058e-01,3.971742292221889237e-01,4.162858846970743931e-01,4.529218281877233077e-01,3.743651674383440264e-01,3.900347231572420803e-01,3.821750549596302227e-01,4.303434498897750760e-01,4.182334016272701849e-01,4.523419192432506786e-01,0.000000000000000000e+00,3.797896628528795171e-01,4.341287514485350774e-01,3.584982632248583934e-01,3.701526599503777160e-01,4.108161481861756781e-01,0.000000000000000000e+00,0.000000000000000000e+00,4.154747496421780095e-01,4.553273574454443917e-01,4.475750145058913221e-01,4.597672377816527933e-01,0.000000000000000000e+00,0.000000000000000000e+00,0.000000000000000000e+00,0.000000000000000000e+00,4.140181359606380229e-01,4.832468754146386214e-01,0.000000000000000000e+00,0.000000000000000000e+00,0.000000000000000000e+00,0.000000000000000000e+00,0.000000000000000000e+00,0.000000000000000000e+00,0.000000000000000000e+00,4.696472502421709105e-01,0.000000000000000000e+00,0.000000000000000000e+00,0.000000000000000000e+00,0.000000000000000000e+00,0.000000000000000000e+00,4.654258195671299170e-01,0.000000000000000000e+00,4.443936624325882101e-01,0.000000000000000000e+00,0.000000000000000000e+00,3.214291351139885178e-01,4.860376540218496189e-01,0.000000000000000000e+00,4.566806066911316964e-01,4.558507290598827200e-01,4.797613480968155875e-01,0.000000000000000000e+00,0.000000000000000000e+00,0.000000000000000000e+00,0.000000000000000000e+00,4.251734366929894038e-01
4.138406062121520179e-01,0.000000000000000000e+00,0.000000000000000000e+00,0.000000000000000000e+00,3.544214524873204875e-01,3.743767000231327247e-01,3.778404881348021993e-01,4.847273721250016099e-01,2.866043678868775979e-01,0.000000000000000000e+00,0.000000000000000000e+00,0.000000000000000000e+00,4.250845538732065942e-01,0.000000000000000000e+00,4.183928337215188087e-01,4.067160513620738937e-01,3.904148410737309782e-01,3.934802501669104058e-01,0.000000000000000000e+00,4.050615090228237847e-01,4.248024316472954753e-01,3.733795293981320151e-01,4.237742360015261944e-01,0.000000000000000000e+00,3.615829648819329223e-01,3.995216131586125097e-01,4.166007792334607274e-01,4.375029391476049079e-01,4.078235900425308258e-01,0.000000000000000000e+00,3.539080778448545073e-01,4.203429016306388100e-01,3.439391843193890796e-01,3.640417488373460242e-01,4.159150301304628816e-01,0.000000000000000000e+00,0.000000000000000000e+00,0.000000000000000000e+00,4.615057651155429208e-01,4.569385107709296734e-01,4.637537060468083228e-01,4.805595811467763268e-01,0.000000000000000000e+00,0.000000000000000000e+00,0.000000000000000000e+00,4.469197468933728823e-01,4.745499570834533221e-01,0.000000000000000000e+00,0.000000000000000000e+00,0.000000000000000000e+00,3.397878454460840913e-01,0.000000000000000000e+00,0.000000000000000000e+00,0.000000000000000000e+00,0.000000000000000000e+00,0.000000000000000000e+00,0.000000000000000000e+00,0.000000000000000000e+00,0.000000000000000000e+00,4.725503792727698271e-01,4.574051649596663771e-01,0.000000000000000000e+00,3.892929889700135204e-01,0.000000000000000000e+00,4.426770065944207744e-01,4.985984040713897780e-01,4.748967189856562188e-01,3.876714067544166920e-01,0.000000000000000000e+00,4.186157648814505250e-01,4.828082665969785081e-01,3.909089786666741784e-01,0.000000000000000000e+00,4.047947650597916724e-01,0.000000000000000000e+00,4.172446671384755223e-01
0.000000000000000000e+00,0.000000000000000000e+00,0.000000000000000000e+00,3.170926756530489943e-01,3.561081083120108959e-01,3.968811073954356949e-01,4.301216465196707750e-01,4.554968584854300895e-01,3.238155983187044895e-01,3.946433262357839089e-01,2.847288755731133270e-01,3.327338104660089724e-01,4.482570803852898855e-01,4.097982514032748047e-01,0.000000000000000000e+00,0.000000000000000000e+00,0.000000000000000000e+00,0.000000000000000000e+00,2.497379102272846985e-01,0.000000000000000000e+00,0.000000000000000000e+00,0.000000000000000000e+00,3.173100291781695836e-01,0.000000000000000000e+00,0.000000000000000000e+00,0.000000000000000000e+00,3.313064495591758751e-01,4.464107207862199056e-01,0.000000000000000000e+00,0.000000000000000000e+00,4.667700217251242734e-01,4.169067234989273785e-01,3.595364008868706107e-01,4.433848751461043070e-01,4.311674284304283788e-01,4.034128524528746151e-01,3.714782266060884797e-01,0.000000000000000000e+00,4.087337355584614862e-01,0.000000000000000000e+00,4.330061754670415097e-01,0.000000000000000000e+00,5.257330133736384248e-01,0.000000000000000000e+00,0.000000000000000000e+00,0.000000000000000000e+00,0.000000000000000000e+00,4.425388084424524138e-01,0.000000000000000000e+00,4.311810295648246805e-01,5.316076601768877641e-01,4.882838786649842944e-01,5.500049089535802294e-01,5.513543687987059183e-01,0.000000000000000000e+00,4.263959071260979838e-01,0.000000000000000000e+00,4.710533463752127892e-01,5.345325800625889689e-01,0.000000000000000000e+00,0.000000000000000000e+00,0.000000000000000000e+00,0.000000000000000000e+00,3.331395218103687106e-01,0.000000000000000000e+00,0.000000000000000000e+00,0.000000000000000000e+00,5.599143281028537977e-01,0.000000000000000000e+00,0.000000000000000000e+00,0.000000000000000000e+00,5.247116371847265759e-01,4.278881900037623254e-01,0.000000000000000000e+00,0.000000000000000000e+00,0.000000000000000000e+00
0.000000000000000000e+00,0.000000000000000000e+00,3.170926756530489943e-01,0.000000000000000000e+00,2.161225016788264064e-01,3.646816688753610203e-01,2.332114362196925084e-01,3.930338068709454125e-01,3.960833068157785797e-01,3.487467224238209873e-01,3.620537567175982074e-01,2.466726000732772095e-01,3.354962908405075828e-01,2.559956645368565153e-01,0.000000000000000000e+00,0.000000000000000000e+00,0.000000000000000000e+00,0.000000000000000000e+00,3.163060678756680066e-01,0.000000000000000000e+00,0.000000000000000000e+00,0.000000000000000000e+00,3.669614685070041737e-01,0.000000000000000000e+00,0.000000000000000000e+00,0.000000000000000000e+00,3.715375866613581102e-01,2.688510970607264072e-01,0.000000000000000000e+00,0.000000000000000000e+00,2.730104427880967188e-01,3.230437679964530129e-01,0.000000000000000000e+00,2.961100654348071126e-01,3.335698004193746180e-01,2.004283860679587081e-01,1.906688007268506069e-01,0.000000000000000000e+00,0.000000000000000000e+00,0.000000000000000000e+00,0.000000000000000000e+00,0.000000000000000000e+00,0.000000000000000000e+00,0.000000000000000000e+00,0.000000000000000000e+00,0.000000000000000000e+00,0.000000000000000000e+00,0.000000000000000000e+00,0.000000000000000000e+00,0.000000000000000000e+00,0.000000000000000000e+00,0.000000000000000000e+00,0.000000000000000000e+00,0.000000000000000000e+00,0.000000000000000000e+00,0.000000000000000000e+00,0.000000000000000000e+00,0.000000000000000000e+00,0.000000000000000000e+00,0.000000000000000000e+00,0.000000000000000000e+00,0.000000000000000000e+00,0.000000000000000000e+00,0.000000000000000000e+00,0.000000000000000000e+00,0.000000000000000000e+00,0.000000000000000000e+00,0.000000000000000000e+00,0.000000000000000000e+00,0.000000000000000000e+00,0.000000000000000000e+00,0.000000000000000000e+00,0.000000000000000000e+00,0.000000000000000000e+00,0.000000000000000000e+00,0.000000000000000000e+00
0.000000000000000000e+00,3.544214524873204875e-01,3.561081083120108959e-01,2.161225016788264064e-01,0.000000000000000000e+00,3.811538654099771994e-01,3.227249123397066821e-01,3.905636597139345856e-01,3.586001209822232139e-01,4.472728446400063840e-01,3.080797204868422901e-01,4.026406389496349769e-01,3.960656839862646827e-01,2.859923483675337885e-01,0.000000000000000000e+00,3.724818575586368863e-01,0.000000000000000000e+00,0.000000000000000000e+00,3.459806732245980232e-01,4.249703075842654054e-01,0.000000000000000000e+00,4.143704231884228206e-01,3.823003109970152802e-01,0.000000000000000000e+00,2.959822613289885829e-01,3.157009672349945228e-01,3.901079707816910158e-01,3.337385940372074034e-01,4.163389529482610096e-01,0.000000000000000000e+00,4.491142131896944112e-01,3.868536830471108745e-01,3.262543135397149019e-01,4.401258346495642848e-01,4.511815797473667788e-01,2.648346097578775926e-01,2.006738880400874003e-01,3.923633085399149123e-01,3.112873754259459780e-01,0.000000000000000000e+00,0.000000000000000000e+00,0.000000000000000000e+00,3.964231185013621928e-01,0.000000000000000000e+00,0.000000000000000000e+00,0.000000000000000000e+00,0.000000000000000000e+00,4.087693198029230257e-01,0.000000000000000000e+00,3.848995088101296869e-01,3.764942092130568740e-01,0.000000000000000000e+00,3.968494893888276920e-01,3.805011983498862160e-01,0.000000000000000000e+00,3.009836085316117127e-01,0.000000000000000000e+00,0.000000000000000000e+00,0.000000000000000000e+00,0.000000000000000000e+00,0.000000000000000000e+00,0.000000000000000000e+00,0.000000000000000000e+00,4.063785760748233056e-01,0.000000000000000000e+00,0.000000000000000000e+00,0.000000000000000000e+00,4.825320641334365779e-01,0.000000000000000000e+00,0.000000000000000000e+00,0.000000000000000000e+00,3.405442751770222931e-01,0.000000000000000000e+00,0.000000000000000000e+00,0.000000000000000000e+00,0.000000000000000000e+00
4.357930349746365062e-01,3.743767000231327247e-01,3.968811073954356949e-01,3.646816688753610203e-01,3.811538654099771994e-01,0.000000000000000000e+00,4.171673298783821759e-01,3.967317833227356760e-01,3.349542049133371058e-01,4.569657980981193246e-01,3.680245514308074783e-01,3.306664233928213181e-01,3.906195730032510083e-01,4.100772832838227022e-01,4.122189105376207752e-01,3.908490243272306763e-01,3.406463300407345240e-01,4.137742232114927088e-01,3.625488895844541926e-01,3.908304917240518206e-01,3.981145398443047823e-01,3.968557530266136890e-01,3.878151710699854759e-01,0.000000000000000000e+00,3.619549910964124928e-01,4.005177263959975864e-01,3.877714905260000178e-01,3.877802605998174057e-01,3.599428213140892230e-01,3.999161278573207245e-01,4.403809487078916840e-01,4.027018052547546856e-01,3.489133625650743808e-01,4.414650635510020127e-01,4.358442584526140973e-01,3.922519488083783257e-01,4.081235761422258856e-01,3.543341645467238954e-01,4.879928767538481149e-01,0.000000000000000000e+00,4.994774507465689073e-01,3.759129442034317981e-01,4.517735759450107191e-01,0.000000000000000000e+00,0.000000000000000000e+00,0.000000000000000000e+00,3.008641023512799162e-01,5.427383901818159107e-01,0.000000000000000000e+00,3.853807633549385936e-01,4.851196831289794065e-01,4.264745387700848989e-01,4.709373338629868067e-01,5.669926741434869744e-01,0.000000000000000000e+00,4.827241599505280867e-01,0.000000000000000000e+00,4.622905794917298028e-01,0.000000000000000000e+00,3.568510677410722254e-01,0.000000000000000000e+00,0.000000000000000000e+00,0.000000000000000000e+00,5.350991100223186914e-01,4.014011722868122134e-01,4.613661520719952169e-01,2.995217849377618813e-01,5.030097905639285827e-01,0.000000000000000000e+00,0.000000000000000000e+00,3.335002316325437755e-01,4.968707011885513114e-01,4.658164389531028182e-01,4.657920405315488233e-01,4.577452761227847056e-01,5.153620576615871585e-01
0.000000000000000000e+00,3.778404881348021993e-01,4.301216465196707750e-01,2.332114362196925084e-01,3.227249123397066821e-01,4.171673298783821759e-01,0.000000000000000000e+00,4.348071485240563860e-01,4.301419357650269060e-01,3.876642893941564250e-01,4.340037675289888930e-01,3.406792056506144917e-01,3.576201547709798034e-01,3.192627518805981057e-01,0.000000000000000000e+00,4.511242406819094830e-01,4.066429169387101861e-01,3.752562940473843089e-01,4.492027891510574911e-01,4.434301510840993887e-01,0.000000000000000000e+00,4.508961463257984970e-01,4.250261732275205095e-01,3.591655911428613956e-01,3.944737424783124058e-01,3.644039271589549767e-01,4.270157011516018120e-01,3.599716035329482144e-01,4.458633446369266728e-01,0.000000000000000000e+00,4.430653464757418059e-01,4.150386654838992273e-01,3.350965971535261878e-01,4.071283702042786112e-01,3.922370606375712998e-01,2.993270512466285060e-01,2.963656788142213783e-01,3.697292967375271910e-01,2.778314500804436871e-01,0.000000000000000000e+00,2.778447258823210086e-01,0.000000000000000000e+00,3.920317958103590184e-01,0.000000000000000000e+00,0.000000000000000000e+00,0.000000000000000000e+00,0.000000000000000000e+00,4.295584215151760921e-01,0.000000000000000000e+00,0.000000000000000000e+00,3.996580232953870215e-01,0.000000000000000000e+00,0.000000000000000000e+00,4.152655956693550032e-01,0.000000000000000000e+00,3.727878444962822169e-01,0.000000000000000000e+00,0.000000000000000000e+00,0.000000000000000000e+00,0.000000000000000000e+00,0.000000000000000000e+00,0.000000000000000000e+00,0.000000000000000000e+00,4.235334543490134052e-01,0.000000000000000000e+00,0.000000000000000000e+00,0.000000000000000000e+00,5.058843768157318399e-01,0.000000000000000000e+00,0.000000000000000000e+00,0.000000000000000000e+00,4.438712784749175855e-01,0.000000000000000000e+00,0.000000000000000000e+00,0.000000000000000000e+00,0.000000000000000000e+00
5.071878073056128589e-01,4.847273721250016099e-01,4.554968584854300895e-01,3.930338068709454125e-01,3.905636597139345856e-01,3.967317833227356760e-01,4.348071485240563860e-01,0.000000000000000000e+00,5.055851982774212106e-01,4.136524264056102851e-01,3.892704415715251831e-01,4.231593379470198202e-01,4.403651457918889012e-01,3.859177591260682938e-01,0.000000000000000000e+00,4.742026558718976936e-01,0.000000000000000000e+00,4.554472790465305954e-01,4.533128780117839929e-01,4.429854485705753131e-01,3.846652310803870822e-01,0.000000000000000000e+00,3.432519266572159888e-01,5.221519207683440467e-01,4.862857467540994127e-01,5.020989164102331870e-01,4.337984414069261940e-01,4.248249057881277047e-01,3.893578959302754217e-01,3.975882248547307207e-01,4.576597113981408782e-01,3.802325703049571071e-01,4.768055310013831760e-01,4.638627210147140967e-01,4.475488209488941993e-01,2.910999277344756275e-01,2.959702773471076243e-01,0.000000000000000000e+00,4.653374728477602806e-01,0.000000000000000000e+00,4.852968981639064205e-01,0.000000000000000000e+00,4.597980450899081806e-01,0.000000000000000000e+00,0.000000000000000000e+00,0.000000000000000000e+00,0.000000000000000000e+00,5.397156267335982971e-01,0.000000000000000000e+00,0.000000000000000000e+00,4.647702785279089199e-01,4.794394449163449923e-01,3.961925777087232925e-01,5.529561777876562667e-01,0.000000000000000000e+00,4.818468693657588786e-01,0.000000000000000000e+00,4.596569194687029070e-01,5.110573409911786102e-01,4.258118002821866255e-01,0.000000000000000000e+00,0.000000000000000000e+00,0.000000000000000000e+00,5.398129054125074822e-01,4.707539393535907779e-01,4.793366291592220940e-01,0.000000000000000000e+00,4.762564989127850978e-01,0.000000000000000000e+00,0.000000000000000000e+00,0.000000000000000000e+00,4.816105204093362735e-01,4.532227467944479060e-01,4.241462703058376249e-01,0.000000000000000000e+00,4.667008634197676864e-01
0.000000000000000000e+00,2.866043678868775979e-01,3.238155983187044895e-01,3.960833068157785797e-01,3.586001209822232139e-01,3.349542049133371058e-01,4.301419357650269060e-01,5.055851982774212106e-01,0.000000000000000000e+00,4.707067751987187854e-01,3.152324869985799194e-01,4.057024243524018914e-01,4.411871457392714246e-01,4.347250100947960272e-01,0.000000000000000000e+00,3.547030808246955935e-01,0.000000000000000000e+00,3.306459679652725137e-01,2.885839958008812878e-01,3.982441714822873013e-01,0.000000000000000000e+00,3.594691322264936817e-01,3.838100681107473044e-01,3.860144725293089829e-01,3.232641895970049806e-01,3.505327552919628165e-01,3.325874871683269229e-01,4.707842085007364896e-01,4.133187097627620821e-01,0.000000000000000000e+00,4.922334537329181026e-01,4.446742082944126206e-01,3.903908623386679877e-01,4.780562982090824087e-01,4.646659796410879117e-01,4.319652041607847104e-01,4.288146648437499153e-01,4.051188511650258839e-01,4.698299421946435239e-01,0.000000000000000000e+00,3.336070220816487186e-01,0.000000000000000000e+00,5.231923218186536051e-01,0.000000000000000000e+00,0.000000000000000000e+00,0.000000000000000000e+00,0.000000000000000000e+00,5.767292518168412041e-01,0.000000000000000000e+00,4.542128750425009076e-01,5.215938110830086183e-01,4.434207555226469810e-01,5.796235333526644773e-01,5.184353674797944622e-01,0.000000000000000000e+00,5.376680921878009833e-01,0.000000000000000000e+00,4.331292461648951209e-01,5.119512554454384023e-01,0.000000000000000000e+00,0.000000000000000000e+00,0.000000000000000000e+00,0.000000000000000000e+00,5.452027940484421853e-01,0.000000000000000000e+00,0.000000000000000000e+00,0.000000000000000000e+00,5.657118592450512962e-01,0.000000000000000000e+00,0.000000000000000000e+00,0.000000000000000000e+00,5.533786253271509858e-01,4.123341097773787212e-01,0.000000000000000000e+00,0.000000000000000000e+00,0.000000000000000000e+00
3.938642170516200025e-01,0.000000000000000000e+00,3.946433262357839089e-01,3.487467224238209873e-01,4.472728446400063840e-01,4.569657980981193246e-01,3.876642893941564250e-01,4.136524264056102851e-01,4.707067751987187854e-01,0.000000000000000000e+00,4.589508746768501957e-01,2.890474072115988835e-01,4.284957293467772099e-01,0.000000000000000000e+00,0.000000000000000000e+00,3.586466020932642107e-01,3.271905121616295875e-01,3.455533605070901237e-01,4.201187189064866101e-01,4.088772223300534137e-01,0.000000000000000000e+00,2.967119122209941895e-01,4.075658867332199176e-01,3.415989415255589190e-01,3.302255460123906805e-01,3.461874725867621905e-01,3.803032289335441241e-01,4.039821922527617737e-01,3.905136455010034258e-01,0.000000000000000000e+00,3.200166981539355193e-01,3.767934948399276895e-01,3.174413505137108071e-01,3.336724139316349924e-01,3.401247837144211195e-01,3.480040352369170864e-01,2.501577814284368095e-01,2.697547308417693190e-01,2.774354601594832270e-01,4.021593720055706145e-01,3.718047944310386987e-01,3.304492458059372084e-01,0.000000000000000000e+00,0.000000000000000000e+00,2.934498274751712876e-01,4.765740983808163245e-01,0.000000000000000000e+00,0.000000000000000000e+00,0.000000000000000000e+00,0.000000000000000000e+00,0.000000000000000000e+00,0.000000000000000000e+00,0.000000000000000000e+00,0.000000000000000000e+00,4.904288573561262909e-01,0.000000000000000000e+00,4.952179744166895770e-01,3.638943567448417182e-01,0.000000000000000000e+00,0.000000000000000000e+00,0.000000000000000000e+00,4.809078905866260856e-01,4.582080090050755783e-01,0.000000000000000000e+00,0.000000000000000000e+00,0.000000000000000000e+00,0.000000000000000000e+00,0.000000000000000000e+00,4.806794855925782262e-01,4.731571274596624854e-01,4.847958601956542934e-01,0.000000000000000000e+00,4.069744231643596111e-01,0.000000000000000000e+00,0.000000000000000000e+00,4.444954739957930889e-01
0.000000000000000000e+00,0.000000000000000000e+00,2.847288755731133270e-01,3.620537567175982074e-01,3.080797204868422901e-01,3.680245514308074783e-01,4.340037675289888930e-01,3.892704415715251831e-01,3.152324869985799194e-01,4.589508746768501957e-01,0.000000000000000000e+00,3.979796728803697836e-01,4.612046946765351874e-01,3.100100908803825051e-01,0.000000000000000000e+00,0.000000000000000000e+00,3.949666044862786274e-01,0.000000000000000000e+00,2.496187721863885878e-01,0.000000000000000000e+00,0.000000000000000000e+00,0.000000000000000000e+00,3.136202598508081030e-01,4.013589085490069097e-01,0.000000000000000000e+00,3.612404007173647957e-01,3.606272897528355892e-01,4.434348504550882919e-01,0.000000000000000000e+00,0.000000000000000000e+00,4.905626106089340244e-01,4.193361220182457161e-01,3.983100757291033744e-01,4.744013521090362229e-01,4.608362315350766902e-01,3.580323563303293155e-01,3.976748809279874730e-01,4.134245954295693859e-01,4.086518961603117783e-01,0.000000000000000000e+00,0.000000000000000000e+00,0.000000000000000000e+00,4.565970164028522738e-01,0.000000000000000000e+00,0.000000000000000000e+00,0.000000000000000000e+00,0.000000000000000000e+00,4.328784429447111171e-01,0.000000000000000000e+00,2.502053349088215750e-01,4.479749187073118755e-01,3.667718374561380057e-01,4.391509682361434130e-01,5.150548473842835318e-01,0.000000000000000000e+00,2.438189936428775961e-01,0.000000000000000000e+00,3.503296495573535174e-01,4.087250071740008983e-01,0.000000000000000000e+00,0.000000000000000000e+00,0.000000000000000000e+00,0.000000000000000000e+00,2.534625555877894065e-01,0.000000000000000000e+00,0.000000000000000000e+00,0.000000000000000000e+00,5.152020504624856834e-01,0.000000000000000000e+00,0.000000000000000000e+00,0.000000000000000000e+00,4.796660523478943894e-01,3.186977270436425758e-01,0.000000000000000000e+00,0.000000000000000000e+00,0.000000000000000000e+00
3.742470426623166757e-01,0.000000000000000000e+00,3.327338104660089724e-01,2.466726000732772095e-01,4.026406389496349769e-01,3.306664233928213181e-01,3.406792056506144917e-01,4.231593379470198202e-01,4.057024243524018914e-01,2.890474072115988835e-01,3.979796728803697836e-01,0.000000000000000000e+00,4.027013180122865910e-01,0.000000000000000000e+00,0.000000000000000000e+00,0.000000000000000000e+00,3.565240995416690262e-01,3.554538144007989842e-01,3.386477744687445002e-01,0.000000000000000000e+00,4.241197574710500739e-01,0.000000000000000000e+00,3.359270269206455772e-01,2.922548657034150787e-01,3.551988737959361764e-01,3.510544085701923223e-01,3.070784465415308806e-01,3.629301126234794062e-01,0.000000000000000000e+00,0.000000000000000000e+00,3.283444710449656134e-01,2.815762097910378126e-01,2.845799818445626794e-01,2.740705979098473910e-01,3.227311648515563958e-01,2.964794156281073123e-01,2.935237956776480805e-01,2.223035247913280887e-01,2.611664703959549749e-01,4.121147771519744762e-01,3.461665223745413189e-01,3.111677117943016935e-01,2.756007265421219765e-01,0.000000000000000000e+00,2.240398971291288899e-01,0.000000000000000000e+00,0.000000000000000000e+00,0.000000000000000000e+00,0.000000000000000000e+00,0.000000000000000000e+00,0.000000000000000000e+00,0.000000000000000000e+00,0.000000000000000000e+00,0.000000000000000000e+00,5.008826771250293186e-01,0.000000000000000000e+00,5.027139689158881541e-01,3.573738924553641061e-01,0.000000000000000000e+00,0.000000000000000000e+00,0.000000000000000000e+00,4.959199152900655161e-01,4.667604643109592999e-01,0.000000000000000000e+00,0.000000000000000000e+00,0.000000000000000000e+00,0.000000000000000000e+00,0.000000000000000000e+00,4.909787671938253828e-01,4.838670527126199272e-01,4.945536244162231920e-01,0.000000000000000000e+00,4.005664161031307069e-01,0.000000000000000000e+00,0.000000000000000000e+00,4.412566897156171009e-01
3.878999655204650177e-01,4.250845538732065942e-01,4.482570803852898855e-01,3.354962908405075828e-01,3.960656839862646827e-01,3.906195730032510083e-01,3.576201547709798034e-01,4.403651457918889012e-01,4.411871457392714246e-01,4.284957293467772099e-01,4.612046946765351874e-01,4.027013180122865910e-01,0.000000000000000000e+00,3.942598646104811255e-01,4.403763468510645818e-01,4.743082965480354130e-01,4.305415275597123115e-01,4.414962412677939096e-01,4.691138163636229819e-01,4.494220766839920889e-01,4.416834038689548825e-01,4.581284800147498171e-01,4.246609238519998275e-01,3.917065450309890062e-01,4.414133054453229787e-01,4.429959366112293795e-01,4.280687369265671061e-01,3.580876374025839248e-01,4.211882392133242115e-01,4.508118972328497009e-01,4.237102596876090033e-01,4.227931620474317254e-01,3.901269706202529219e-01,4.244722554616380261e-01,4.010413233955094081e-01,3.680730316491436782e-01,3.575875264559448263e-01,4.008421993993223076e-01,3.536332559170430878e-01,3.296186131986630907e-01,3.201227203978240232e-01,2.820724627083955882e-01,3.336757182435862168e-01,0.000000000000000000e+00,3.369816960037669840e-01,0.000000000000000000e+00,0.000000000000000000e+00,4.150746873675035808e-01,0.000000000000000000e+00,0.000000000000000000e+00,4.096144984682469903e-01,3.408115573798317088e-01,4.652199009991039858e-01,0.000000000000000000e+00,0.000000000000000000e+00,3.693750267133736886e-01,3.642019938626495090e-01,0.000000000000000000e+00,0.000000000000000000e+00,3.672326749802815038e-01,0.000000000000000000e+00,0.000000000000000000e+00,0.000000000000000000e+00,0.000000000000000000e+00,3.821935913162708975e-01,0.000000000000000000e+00,3.111772683270824236e-01,5.130944966617640990e-01,0.000000000000000000e+00,3.351095931021185748e-01,3.337647619295827095e-01,4.942913987119986752e-01,0.000000000000000000e+00,4.239357623243342754e-01,0.000000000000000000e+00,0.000000000000000000e+00
0.000000000000000000e+00,0.000000000000000000e+00,4.097982514032748047e-01,2.559956645368565153e-01,2.859923483675337885e-01,4.100772832838227022e-01,3.192627518805981057e-01,3.859177591260682938e-01,4.347250100947960272e-01,0.000000000000000000e+00,3.100100908803825051e-01,0.000000000000000000e+00,3.942598646104811255e-01,0.000000000000000000e+00,0.000000000000000000e+00,0.000000000000000000e+00,0.000000000000000000e+00,0.000000000000000000e+00,3.899316026080411057e-01,0.000000000000000000e+00,4.334104597087736765e-01,0.000000000000000000e+00,3.786724078602266008e-01,0.000000000000000000e+00,0.000000000000000000e+00,0.000000000000000000e+00,4.275407809152296790e-01,2.961530920804144040e-01,0.000000000000000000e+00,0.000000000000000000e+00,4.753540654406562260e-01,3.183427529046550797e-01,0.000000000000000000e+00,4.181596618448013003e-01,0.000000000000000000e+00,2.291354917103231026e-01,1.760669103652854894e-01,0.000000000000000000e+00,0.000000000000000000e+00,0.000000000000000000e+00,0.000000000000000000e+00,0.000000000000000000e+00,4.279810530882742770e-01,0.000000000000000000e+00,0.000000000000000000e+00,0.000000000000000000e+00,0.000000000000000000e+00,4.602647133232398158e-01,0.000000000000000000e+00,0.000000000000000000e+00,0.000000000000000000e+00,0.000000000000000000e+00,0.000000000000000000e+00,0.000000000000000000e+00,0.000000000000000000e+00,4.287589432235184850e-01,0.000000000000000000e+00,0.000000000000000000e+00,0.000000000000000000e+00,0.000000000000000000e+00,0.000000000000000000e+00,0.000000000000000000e+00,0.000000000000000000e+00,0.000000000000000000e+00,0.000000000000000000e+00,0.000000000000000000e+00,0.000000000000000000e+00,4.545560986881743148e-01,0.000000000000000000e+00,0.000000000000000000e+00,0.000000000000000000e+00,4.459267952209675090e-01,0.000000000000000000e+00,0.000000000000000000e+00,0.000000000000000000e+00,0.000000000000000000e+00
3.847336149010172068e-01,4.183928337215188087e-01,0.000000000000000000e+00,0.000000000000000000e+00,0.000000000000000000e+00,4.122189105376207752e-01,0.000000000000000000e+00,0.000000000000000000e+00,0.000000000000000000e+00,0.000000000000000000e+00,0.000000000000000000e+00,0.000000000000000000e+00,4.403763468510645818e-01,0.000000000000000000e+00,0.000000000000000000e+00,4.280232277891927173e-01,0.000000000000000000e+00,4.117084774143074943e-01,0.000000000000000000e+00,3.714442916822867091e-01,4.077610268306647856e-01,3.626267457107820724e-01,3.964639110207254791e-01,3.911316572264799118e-01,3.947036654447121928e-01,3.553589861974266184e-01,4.275885379901340766e-01,4.104731596181245834e-01,4.113397873902572832e-01,0.000000000000000000e+00,4.109718981749702071e-01,4.263733768650965206e-01,4.025842111534483903e-01,4.240886494348004021e-01,4.597017795407281060e-01,4.911146800364423748e-01,0.000000000000000000e+00,0.000000000000000000e+00,4.806600558253443789e-01,5.089913156624863433e-01,5.054254048920997500e-01,5.148486198438112504e-01,0.000000000000000000e+00,0.000000000000000000e+00,0.000000000000000000e+00,0.000000000000000000e+00,5.201074263712721635e-01,0.000000000000000000e+00,0.000000000000000000e+00,0.000000000000000000e+00,4.445917899819000763e-01,0.000000000000000000e+00,0.000000000000000000e+00,0.000000000000000000e+00,0.000000000000000000e+00,0.000000000000000000e+00,0.000000000000000000e+00,4.033379513575470199e-01,0.000000000000000000e+00,4.866945997327317142e-01,4.564916263595490964e-01,0.000000000000000000e+00,0.000000000000000000e+00,0.000000000000000000e+00,4.671514296192519899e-01,4.901377710218837169e-01,5.160755572560186133e-01,4.865437786416980104e-01,0.000000000000000000e+00,3.374812181155378843e-01,5.280453808235433533e-01,4.847051174004421981e-01,4.366480229987025896e-01,4.819706643685817138e-01,0.000000000000000000e+00,4.595432537400129247e-01
4.191141352033734835e-01,4.067160513620738937e-01,0.000000000000000000e+00,0.000000000000000000e+00,3.724818575586368863e-01,3.908490243272306763e-01,4.511242406819094830e-01,4.742026558718976936e-01,3.547030808246955935e-01,3.586466020932642107e-01,0.000000000000000000e+00,0.000000000000000000e+00,4.743082965480354130e-01,0.000000000000000000e+00,4.280232277891927173e-01,0.000000000000000000e+00,3.908928767053763131e-01,3.601379715327199249e-01,0.000000000000000000e+00,4.094410699372323936e-01,4.270762581113977108e-01,3.794799634305193181e-01,4.305308940237618232e-01,3.845044502603034986e-01,4.035397118603292754e-01,4.233572916435250910e-01,4.334766499866470890e-01,4.502116298514082238e-01,4.255682660301521869e-01,3.970757261146485861e-01,3.541634245317292207e-01,4.384288938093843790e-01,3.768529014185361126e-01,3.852003181186556269e-01,4.341120659524551062e-01,0.000000000000000000e+00,0.000000000000000000e+00,0.000000000000000000e+00,4.638855841927883028e-01,4.475705978641387195e-01,4.533254428496821253e-01,4.766308145773248128e-01,0.000000000000000000e+00,0.000000000000000000e+00,0.000000000000000000e+00,4.644039222466159189e-01,4.679242855002108126e-01,0.000000000000000000e+00,0.000000000000000000e+00,0.000000000000000000e+00,0.000000000000000000e+00,0.000000000000000000e+00,0.000000000000000000e+00,0.000000000000000000e+00,0.000000000000000000e+00,0.000000000000000000e+00,0.000000000000000000e+00,0.000000000000000000e+00,0.000000000000000000e+00,4.812326330825582033e-01,4.513133608522573170e-01,0.000000000000000000e+00,4.199942069974407777e-01,0.000000000000000000e+00,4.113212042861938977e-01,4.650433236859131125e-01,4.745305359408821810e-01,3.748976962167914206e-01,0.000000000000000000e+00,4.401920194227770256e-01,4.777561731758067087e-01,3.761067206967195209e-01,0.000000000000000000e+00,3.991010320338280182e-01,0.000000000000000000e+00,4.204952100695544814e-01
4.143849279068935743e-01,3.904148410737309782e-01,0.000000000000000000e+00,0.000000000000000000e+00,0.000000000000000000e+00,3.406463300407345240e-01,4.066429169387101861e-01,0.000000000000000000e+00,0.000000000000000000e+00,3.271905121616295875e-01,3.949666044862786274e-01,3.565240995416690262e-01,4.305415275597123115e-01,0.000000000000000000e+00,0.000000000000000000e+00,3.908928767053763131e-01,0.000000000000000000e+00,3.619178774821201761e-01,0.000000000000000000e+00,2.798415542621495167e-01,0.000000000000000000e+00,3.222756851977952031e-01,0.000000000000000000e+00,4.020600619723648239e-01,3.319628812800359818e-01,3.670627115129457829e-01,0.000000000000000000e+00,4.181320102993080767e-01,3.766236451537556262e-01,0.000000000000000000e+00,3.503830027007140968e-01,4.377406029688685196e-01,3.419807170912207983e-01,3.770214642800502891e-01,3.892475279462677129e-01,0.000000000000000000e+00,0.000000000000000000e+00,3.051990632304242834e-01,0.000000000000000000e+00,4.118465038614665952e-01,0.000000000000000000e+00,0.000000000000000000e+00,0.000000000000000000e+00,0.000000000000000000e+00,0.000000000000000000e+00,0.000000000000000000e+00,0.000000000000000000e+00,0.000000000000000000e+00,0.000000000000000000e+00,0.000000000000000000e+00,0.000000000000000000e+00,0.000000000000000000e+00,0.000000000000000000e+00,0.000000000000000000e+00,4.892021821525249226e-01,0.000000000000000000e+00,4.789501626856855210e-01,0.000000000000000000e+00,0.000000000000000000e+00,0.000000000000000000e+00,0.000000000000000000e+00,4.517228008288537988e-01,4.447051463493615908e-01,0.000000000000000000e+00,0.000000000000000000e+00,0.000000000000000000e+00,0.000000000000000000e+00,0.000000000000000000e+00,4.783357412926367846e-01,4.672591262887870189e-01,4.808471922351448269e-01,0.000000000000000000e+00,0.000000000000000000e+00,0.000000000000000000e+00,0.000000000000000000e+00,0.000000000000000000e+00
3.915272634152919262e-01,3.934802501669104058e-01,0.000000000000000000e+00,0.000000000000000000e+00,0.000000000000000000e+00,4.137742232114927088e-01,3.752562940473843089e-01,4.554472790465305954e-01,3.306459679652725137e-01,3.455533605070901237e-01,0.000000000000000000e+00,3.554538144007989842e-01,4.414962412677939096e-01,0.000000000000000000e+00,4.117084774143074943e-01,3.601379715327199249e-01,3.619178774821201761e-01,0.000000000000000000e+00,0.000000000000000000e+00,4.096320008192516071e-01,4.171305549467008156e-01,4.084256917351843930e-01,4.334818887165327039e-01,3.674883016134660729e-01,3.377215131565400874e-01,3.707776343864128132e-01,4.158761607115789016e-01,4.426573052198398139e-01,4.302499608651966234e-01,3.793107618953435178e-01,3.701408528156219790e-01,4.242370404075789803e-01,3.420976459246171109e-01,3.791590111696860887e-01,3.950433009482399171e-01,0.000000000000000000e+00,0.000000000000000000e+00,0.000000000000000000e+00,4.487680877593768769e-01,4.235797494664335083e-01,4.381966058434024758e-01,4.672571214226773906e-01,0.000000000000000000e+00,0.000000000000000000e+00,0.000000000000000000e+00,4.570836324470508027e-01,4.566565336774430217e-01,0.000000000000000000e+00,0.000000000000000000e+00,0.000000000000000000e+00,0.000000000000000000e+00,0.000000000000000000e+00,0.000000000000000000e+00,0.000000000000000000e+00,4.339482811514128180e-01,0.000000000000000000e+00,4.444927941499781099e-01,0.000000000000000000e+00,0.000000000000000000e+00,0.000000000000000000e+00,4.502168120869176060e-01,4.629433687196987113e-01,4.438928193427684743e-01,0.000000000000000000e+00,0.000000000000000000e+00,0.000000000000000000e+00,4.519923156486341798e-01,0.000000000000000000e+00,4.708370809486441821e-01,4.535282066100774778e-01,4.661026292864183795e-01,0.000000000000000000e+00,0.000000000000000000e+00,0.000000000000000000e+00,0.000000000000000000e+00,4.299007835697153945e-01
0.000000000000000000e+00,0.000000000000000000e+00,2.497379102272846985e-01,3.163060678756680066e-01,3.459806732245980232e-01,3.625488895844541926e-01,4.492027891510574911e-01,4.533128780117839929e-01,2.885839958008812878e-01,4.201187189064866101e-01,2.496187721863885878e-01,3.386477744687445002e-01,4.691138163636229819e-01,3.899316026080411057e-01,0.000000000000000000e+00,0.000000000000000000e+00,0.000000000000000000e+00,0.000000000000000000e+00,0.000000000000000000e+00,0.000000000000000000e+00,0.000000000000000000e+00,0.000000000000000000e+00,2.527206895919145158e-01,0.000000000000000000e+00,0.000000000000000000e+00,0.000000000000000000e+00,3.578097982193885196e-01,4.726211511001879861e-01,0.000000000000000000e+00,0.000000000000000000e+00,4.824371806851966982e-01,4.378368750292310208e-01,0.000000000000000000e+00,4.525303966132062095e-01,4.583075244354947175e-01,4.090485259925923933e-01,3.767693884430283191e-01,3.785961905683603024e-01,4.311047965436344276e-01,0.000000000000000000e+00,0.000000000000000000e+00,0.000000000000000000e+00,4.873880107728524869e-01,0.000000000000000000e+00,0.000000000000000000e+00,0.000000000000000000e+00,0.000000000000000000e+00,5.938647082271636402e-01,0.000000000000000000e+00,4.185250346312894831e-01,4.849896753512806247e-01,4.329818293986638089e-01,5.574502778415262316e-01,5.588620408096170999e-01,0.000000000000000000e+00,3.465437576279252196e-01,0.000000000000000000e+00,4.131994159057474914e-01,5.210237506103490013e-01,0.000000000000000000e+00,0.000000000000000000e+00,0.000000000000000000e+00,0.000000000000000000e+00,5.665171018903885081e-01,0.000000000000000000e+00,0.000000000000000000e+00,0.000000000000000000e+00,5.590567437504311288e-01,0.000000000000000000e+00,0.000000000000000000e+00,0.000000000000000000e+00,5.246618089686454489e-01,0.000000000000000000e+00,0.000000000000000000e+00,0.000000000000000000e+00,0.000000000000000000e+00
4.306456646150637058e-01,4.050615090228237847e-01,0.000000000000000000e+00,0.000000000000000000e+00,4.249703075842654054e-01,3.908304917240518206e-01,4.434301510840993887e-01,4.429854485705753131e-01,3.982441714822873013e-01,4.088772223300534137e-01,0.000000000000000000e+00,0.000000000000000000e+00,4.494220766839920889e-01,0.000000000000000000e+00,3.714442916822867091e-01,4.094410699372323936e-01,2.798415542621495167e-01,4.096320008192516071e-01,0.000000000000000000e+00,0.000000000000000000e+00,4.323047691941859227e-01,3.811310430188131759e-01,3.363050669672786874e-01,0.000000000000000000e+00,3.956334407524623731e-01,4.350286359096440791e-01,3.621307531173045824e-01,3.702624322864349060e-01,3.520662768912010132e-01,3.072779952172376983e-01,3.797996817896788779e-01,4.292628954685356879e-01,3.858713411116583836e-01,4.191668798815350039e-01,4.447184024070889863e-01,4.532155945932194174e-01,4.168137625362717258e-01,0.000000000000000000e+00,4.838335832612887244e-01,4.421971012637879173e-01,4.742715781999469193e-01,4.592854823474403769e-01,0.000000000000000000e+00,0.000000000000000000e+00,0.000000000000000000e+00,0.000000000000000000e+00,3.844143993272388093e-01,0.000000000000000000e+00,0.000000000000000000e+00,0.000000000000000000e+00,4.298944606795153112e-01,0.000000000000000000e+00,4.785509280485399919e-01,0.000000000000000000e+00,0.000000000000000000e+00,0.000000000000000000e+00,0.000000000000000000e+00,3.746907259302517113e-01,0.000000000000000000e+00,4.757677934301525191e-01,3.489185303284094153e-01,0.000000000000000000e+00,0.000000000000000000e+00,0.000000000000000000e+00,4.840302197819824070e-01,4.793967917537380052e-01,4.880304627450883781e-01,4.984171013540307782e-01,0.000000000000000000e+00,3.215165828688006933e-01,4.720748226134577896e-01,4.992450967942009821e-01,4.395419666350052768e-01,4.673305558554139982e-01,4.264782691927215819e-01,4.164850566447385050e-01
3.971742292221889237e-01,4.248024316472954753e-01,0.000000000000000000e+00,0.000000000000000000e+00,0.000000000000000000e+00,3.981145398443047823e-01,0.000000000000000000e+00,3.846652310803870822e-01,0.000000000000000000e+00,0.000000000000000000e+00,0.000000000000000000e+00,4.241197574710500739e-01,4.416834038689548825e-01,4.334104597087736765e-01,4.077610268306647856e-01,4.270762581113977108e-01,0.000000000000000000e+00,4.171305549467008156e-01,0.000000000000000000e+00,4.323047691941859227e-01,0.000000000000000000e+00,4.305807234577460063e-01,3.797297531922985137e-01,4.843131212137202213e-01,4.153378132171571258e-01,4.240802167207645135e-01,4.518588863349651263e-01,4.252012075118222767e-01,4.288058566017620143e-01,0.000000000000000000e+00,3.979245016522184875e-01,4.342818503853588807e-01,3.948940274954877983e-01,3.988673822463558172e-01,4.500587334519596250e-01,0.000000000000000000e+00,0.000000000000000000e+00,0.000000000000000000e+00,4.744241692973478752e-01,4.623847461941467119e-01,5.065845559279326116e-01,5.298467585285120407e-01,0.000000000000000000e+00,0.000000000000000000e+00,0.000000000000000000e+00,4.152787247446131924e-01,5.090309215723195502e-01,0.000000000000000000e+00,0.000000000000000000e+00,0.000000000000000000e+00,4.634147928955469897e-01,0.000000000000000000e+00,4.316563673340951812e-01,0.000000000000000000e+00,0.000000000000000000e+00,0.000000000000000000e+00,0.000000000000000000e+00,4.774720139789144224e-01,0.000000000000000000e+00,4.767423342851184187e-01,4.557689485534304752e-01,0.000000000000000000e+00,0.000000000000000000e+00,0.000000000000000000e+00,4.811194627236490273e-01,4.629095685508362035e-01,5.046978059277688056e-01,4.793426243711895740e-01,0.000000000000000000e+00,3.865879881697171783e-01,5.171046476289763438e-01,4.991025651035941868e-01,4.545698009845465237e-01,4.866338562475021057e-01,0.000000000000000000e+00,3.927288247814951783e-01
