0.000000000000000000e+00,4.427888588202045228e-01,0.000000000000000000e+00,0.000000000000000000e+00,0.000000000000000000e+00,4.327090469003048168e-01,0.000000000000000000e+00,5.349879962823262947e-01,0.000000000000000000e+00,4.040959147691611797e-01,0.000000000000000000e+00,3.680845344839602240e-01,4.241684894927624794e-01,0.000000000000000000e+00,4.503283307902732902e-01,4.508570330397427828e-01,0.000000000000000000e+00,4.287942591348051780e-01,0.000000000000000000e+00,4.814951470982147264e-01,4.486869408649147850e-01,4.497397981561999103e-01,5.130664973551756214e-01,3.844939634965048869e-01,4.080956260124352086e-01,3.927281188564323844e-01,4.908057649723936988e-01,4.831643467214589149e-01,4.818775404299648901e-01,0.000000000000000000e+00,3.994595630235482919e-01,4.495982623897085140e-01,3.779952118677630812e-01,4.133896949612901883e-01,4.831043311179279987e-01,0.000000000000000000e+00,0.000000000000000000e+00,4.153249114185407209e-01,4.922583459225853830e-01,4.591255837669407924e-01,4.705198839256107268e-01,0.000000000000000000e+00,0.000000000000000000e+00,0.000000000000000000e+00,0.000000000000000000e+00,4.073411277148366039e-01,5.139986507299502128e-01,0.000000000000000000e+00,0.000000000000000000e+00,0.000000000000000000e+00,0.000000000000000000e+00,0.000000000000000000e+00,0.000000000000000000e+00,0.000000000000000000e+00,0.000000000000000000e+00,0.000000000000000000e+00,0.000000000000000000e+00,0.000000000000000000e+00,0.000000000000000000e+00,0.000000000000000000e+00,4.885055876886412185e-01,0.000000000000000000e+00,4.725739003395206250e-01,0.000000000000000000e+00,0.000000000000000000e+00,3.750431204279656150e-01,4.906376965176376115e-01,0.000000000000000000e+00,4.411562097949797145e-01,4.833423842056009945e-01,5.004222675193928938e-01,0.000000000000000000e+00,0.000000000000000000e+00,0.000000000000000000e+00,0.000000000000000000e+00,4.558922459197237154e-01
4.427888588202045228e-01,0.000000000000000000e+00,0.000000000000000000e+00,0.000000000000000000e+00,4.455491260020392197e-01,4.385434704318724175e-01,4.714250599868076153e-01,4.683415524693996801e-01,3.718804907546919836e-01,0.000000000000000000e+00,0.000000000000000000e+00,0.000000000000000000e+00,4.719833785828458916e-01,0.000000000000000000e+00,4.583183028428423067e-01,4.334786348889724805e-01,3.796043413511672182e-01,4.146076185054923258e-01,0.000000000000000000e+00,4.632515611271140754e-01,4.403709325457068058e-01,4.310002047817971804e-01,4.717854268102932846e-01,0.000000000000000000e+00,3.930519862433443090e-01,4.060352352814782240e-01,4.627519263276169137e-01,4.470680738929264098e-01,4.405189727052514770e-01,0.000000000000000000e+00,3.835836838183753206e-01,4.309750303006181227e-01,3.745275512428826170e-01,3.874124617196543774e-01,4.478989731661334184e-01,0.000000000000000000e+00,0.000000000000000000e+00,0.000000000000000000e+00,4.938561322338170800e-01,4.844088759571664737e-01,4.781785601962927901e-01,5.158580365379703547e-01,0.000000000000000000e+00,0.000000000000000000e+00,0.000000000000000000e+00,4.745392938343778177e-01,4.997210848255353999e-01,0.000000000000000000e+00,0.000000000000000000e+00,0.000000000000000000e+00,3.776003478602054098e-01,0.000000000000000000e+00,0.000000000000000000e+00,0.000000000000000000e+00,0.000000000000000000e+00,0.000000000000000000e+00,0.000000000000000000e+00,0.000000000000000000e+00,0.000000000000000000e+00,5.103843824634926030e-01,4.834373236795780904e-01,0.000000000000000000e+00,4.587495806953095778e-01,0.000000000000000000e+00,4.830263648106841723e-01,4.905615099027528236e-01,4.977867200228909828e-01,4.421546031157012058e-01,0.000000000000000000e+00,4.724004118996302237e-01,5.146280888763326011e-01,4.304518554900084726e-01,0.000000000000000000e+00,4.418100949489788265e-01,0.000000000000000000e+00,4.498768066416625744e-01
0.000000000000000000e+00,0.000000000000000000e+00,0.000000000000000000e+00,3.733097123412015828e-01,4.273526756351930800e-01,4.508483462021027899e-01,5.036755178299782143e-01,5.003610146884843735e-01,3.365782687915054860e-01,4.292858365285983080e-01,3.978747487346556144e-01,3.599616569629611740e-01,5.226986136988248655e-01,4.601437807270438163e-01,0.000000000000000000e+00,0.000000000000000000e+00,0.000000000000000000e+00,0.000000000000000000e+00,3.202613409302452196e-01,0.000000000000000000e+00,0.000000000000000000e+00,0.000000000000000000e+00,3.928039365503472879e-01,0.000000000000000000e+00,0.000000000000000000e+00,0.000000000000000000e+00,3.776405011914065191e-01,5.257834499836071540e-01,0.000000000000000000e+00,0.000000000000000000e+00,5.276494787242402840e-01,4.988262832491690002e-01,3.777851869368344939e-01,5.226683266602358824e-01,4.840210413082995933e-01,4.778133606888830265e-01,4.581356761645494213e-01,0.000000000000000000e+00,4.519844603991040044e-01,0.000000000000000000e+00,3.241473586098020943e-01,0.000000000000000000e+00,5.296749023363729325e-01,0.000000000000000000e+00,0.000000000000000000e+00,0.000000000000000000e+00,0.000000000000000000e+00,5.985877625916036227e-01,0.000000000000000000e+00,4.695666613301611725e-01,5.976427191622861734e-01,5.432361365991579261e-01,5.920706702082362272e-01,6.125164830614595601e-01,0.000000000000000000e+00,5.710784503501380449e-01,0.000000000000000000e+00,5.277542606454694862e-01,5.346380217348191133e-01,0.000000000000000000e+00,0.000000000000000000e+00,0.000000000000000000e+00,0.000000000000000000e+00,6.237360585055149453e-01,0.000000000000000000e+00,0.000000000000000000e+00,0.000000000000000000e+00,6.013271510904826256e-01,0.000000000000000000e+00,0.000000000000000000e+00,0.000000000000000000e+00,6.195983132937143978e-01,4.783395721200274231e-01,0.000000000000000000e+00,0.000000000000000000e+00,0.000000000000000000e+00
0.000000000000000000e+00,0.000000000000000000e+00,3.733097123412015828e-01,0.000000000000000000e+00,2.712948428409058810e-01,4.233016975392248082e-01,3.156746223496106896e-01,3.939593918609208267e-01,4.170814412710742158e-01,2.503104069236624096e-01,3.708741704363637259e-01,2.482448028347155888e-01,3.310095488615755199e-01,2.897645856934910058e-01,0.000000000000000000e+00,0.000000000000000000e+00,0.000000000000000000e+00,0.000000000000000000e+00,3.354873480010318043e-01,4.128599446917696758e-01,0.000000000000000000e+00,0.000000000000000000e+00,4.193013675863181966e-01,0.000000000000000000e+00,0.000000000000000000e+00,0.000000000000000000e+00,4.262493375185950062e-01,2.858048118782565150e-01,3.383316026146206967e-01,0.000000000000000000e+00,3.950335230448401846e-01,3.159958669512710761e-01,0.000000000000000000e+00,3.094555788755107839e-01,2.993068571648098142e-01,2.451147448183544075e-01,1.919336263019122135e-01,2.823810258112477989e-01,0.000000000000000000e+00,0.000000000000000000e+00,0.000000000000000000e+00,0.000000000000000000e+00,0.000000000000000000e+00,0.000000000000000000e+00,0.000000000000000000e+00,0.000000000000000000e+00,0.000000000000000000e+00,0.000000000000000000e+00,0.000000000000000000e+00,0.000000000000000000e+00,0.000000000000000000e+00,0.000000000000000000e+00,0.000000000000000000e+00,0.000000000000000000e+00,0.000000000000000000e+00,0.000000000000000000e+00,0.000000000000000000e+00,0.000000000000000000e+00,0.000000000000000000e+00,0.000000000000000000e+00,0.000000000000000000e+00,0.000000000000000000e+00,0.000000000000000000e+00,0.000000000000000000e+00,0.000000000000000000e+00,0.000000000000000000e+00,0.000000000000000000e+00,0.000000000000000000e+00,0.000000000000000000e+00,0.000000000000000000e+00,0.000000000000000000e+00,0.000000000000000000e+00,0.000000000000000000e+00,0.000000000000000000e+00,0.000000000000000000e+00,0.000000000000000000e+00
0.000000000000000000e+00,4.455491260020392197e-01,4.273526756351930800e-01,2.712948428409058810e-01,0.000000000000000000e+00,4.439153487858227831e-01,3.475964391924104002e-01,4.337288340622126870e-01,3.939340937932144238e-01,4.429252100124377867e-01,3.676035357585282770e-01,3.129606703601913176e-01,4.363656362797584953e-01,3.291034273302724245e-01,0.000000000000000000e+00,4.460323223286611904e-01,0.000000000000000000e+00,0.000000000000000000e+00,4.066401856451757890e-01,4.867663636829350216e-01,0.000000000000000000e+00,4.885987540432953913e-01,4.588903536268174044e-01,0.000000000000000000e+00,3.752460850786896174e-01,3.931451008092001209e-01,4.524902648892574764e-01,3.520324259143409185e-01,4.645428778773241230e-01,0.000000000000000000e+00,5.048757856531833621e-01,4.246728814417370934e-01,3.762420216852642163e-01,4.863149959362115249e-01,4.614772073130387064e-01,2.708464203762324107e-01,1.945342790771182051e-01,3.912496683563105870e-01,3.969103201698641059e-01,0.000000000000000000e+00,0.000000000000000000e+00,0.000000000000000000e+00,4.327416156584932838e-01,0.000000000000000000e+00,0.000000000000000000e+00,0.000000000000000000e+00,0.000000000000000000e+00,4.874413821681480852e-01,0.000000000000000000e+00,4.076059729444846957e-01,4.992442177822711824e-01,0.000000000000000000e+00,4.889839150951046931e-01,4.581829611253482870e-01,0.000000000000000000e+00,4.738116749008309814e-01,0.000000000000000000e+00,0.000000000000000000e+00,0.000000000000000000e+00,0.000000000000000000e+00,0.000000000000000000e+00,0.000000000000000000e+00,0.000000000000000000e+00,4.502380456692504085e-01,0.000000000000000000e+00,0.000000000000000000e+00,0.000000000000000000e+00,5.604964744959098910e-01,0.000000000000000000e+00,0.000000000000000000e+00,0.000000000000000000e+00,4.809109902498855948e-01,0.000000000000000000e+00,0.000000000000000000e+00,0.000000000000000000e+00,0.000000000000000000e+00
4.327090469003048168e-01,4.385434704318724175e-01,4.508483462021027899e-01,4.233016975392248082e-01,4.439153487858227831e-01,0.000000000000000000e+00,4.587470253366097150e-01,4.628508245580151836e-01,3.835831488362512198e-01,5.056890701895226936e-01,4.604030846555868806e-01,3.653747769373834053e-01,4.130082944497713848e-01,4.589662906530804776e-01,4.692033748857112885e-01,4.588942476440029949e-01,3.341736420158045728e-01,4.476612061754589034e-01,4.947863329944646726e-01,4.504359249945463772e-01,4.605969407441650731e-01,4.525559185630684822e-01,4.515165541673109018e-01,0.000000000000000000e+00,4.230786506828927984e-01,4.379239574382429168e-01,4.277104893661318186e-01,4.318075976773826929e-01,3.818734992831441799e-01,4.543501192109252185e-01,4.524821594753339893e-01,4.656513731220258134e-01,4.307777558130386208e-01,4.719942955261237083e-01,4.653277214769006020e-01,4.601086265162430133e-01,4.613136590442731833e-01,4.253143295125790813e-01,5.241271254230280841e-01,0.000000000000000000e+00,5.448703383578631376e-01,0.000000000000000000e+00,5.038247996416677088e-01,0.000000000000000000e+00,0.000000000000000000e+00,0.000000000000000000e+00,3.373163222199447864e-01,5.982750426298527602e-01,0.000000000000000000e+00,4.705785242628888199e-01,5.768064648882782475e-01,5.431047215119129135e-01,5.486426136204571868e-01,5.981718857922303512e-01,0.000000000000000000e+00,5.570043460361912002e-01,0.000000000000000000e+00,5.754237464380526079e-01,0.000000000000000000e+00,4.304393142231408009e-01,0.000000000000000000e+00,0.000000000000000000e+00,0.000000000000000000e+00,5.622319517758070928e-01,4.665073489260143091e-01,0.000000000000000000e+00,3.961011748982101177e-01,5.634821670248929548e-01,0.000000000000000000e+00,0.000000000000000000e+00,3.823878605908663797e-01,5.737603063919236579e-01,5.579762051066805562e-01,5.355086856556651176e-01,0.000000000000000000e+00,5.956414044921320983e-01
0.000000000000000000e+00,4.714250599868076153e-01,5.036755178299782143e-01,3.156746223496106896e-01,3.475964391924104002e-01,4.587470253366097150e-01,0.000000000000000000e+00,4.795533852595493252e-01,4.623078092937096262e-01,3.796920780962683151e-01,4.883438366006129794e-01,3.271660305693238069e-01,3.868438322576547850e-01,3.747213805890671767e-01,0.000000000000000000e+00,5.025594163180803209e-01,4.009302799786922944e-01,4.506864643637917833e-01,5.008475183616997173e-01,4.814910371655974908e-01,0.000000000000000000e+00,4.936197318446939875e-01,4.773745067673835774e-01,3.360680674575062254e-01,4.449793868170768274e-01,4.430846346547603898e-01,4.815012988480377176e-01,3.989369972537876730e-01,4.785124371157800094e-01,0.000000000000000000e+00,4.544579635758583258e-01,4.228252889905120271e-01,3.267698958410165111e-01,4.046359286504320196e-01,3.917843270751689144e-01,3.268697180961485094e-01,2.680174183670628874e-01,3.561409382118562728e-01,3.356483914733057183e-01,0.000000000000000000e+00,3.073885455992325100e-01,0.000000000000000000e+00,4.174838741704727241e-01,0.000000000000000000e+00,0.000000000000000000e+00,0.000000000000000000e+00,0.000000000000000000e+00,5.068495742658968295e-01,0.000000000000000000e+00,0.000000000000000000e+00,5.104816259857912764e-01,0.000000000000000000e+00,5.216451016124745710e-01,4.509997467584814790e-01,0.000000000000000000e+00,4.340742454970599185e-01,0.000000000000000000e+00,0.000000000000000000e+00,0.000000000000000000e+00,0.000000000000000000e+00,0.000000000000000000e+00,0.000000000000000000e+00,0.000000000000000000e+00,4.470211971826477115e-01,0.000000000000000000e+00,0.000000000000000000e+00,0.000000000000000000e+00,5.624348719091039062e-01,0.000000000000000000e+00,0.000000000000000000e+00,0.000000000000000000e+00,5.416128063361674849e-01,0.000000000000000000e+00,0.000000000000000000e+00,0.000000000000000000e+00,0.000000000000000000e+00
5.349879962823262947e-01,4.683415524693996801e-01,5.003610146884843735e-01,3.939593918609208267e-01,4.337288340622126870e-01,4.628508245580151836e-01,4.795533852595493252e-01,0.000000000000000000e+00,5.153242340160284485e-01,4.662381671063399735e-01,3.507076503181622007e-01,4.357346996108816262e-01,4.928217818790244231e-01,3.387840706340277119e-01,4.646755044296302928e-01,4.980264407166782870e-01,0.000000000000000000e+00,4.776783313342085058e-01,4.470152184394787231e-01,4.607805396540849974e-01,4.135658006482513249e-01,4.494087438247040267e-01,3.761416802776119117e-01,5.303583448066874206e-01,4.911146055245980135e-01,5.062146016369886148e-01,5.129514405792411358e-01,4.783691465344402927e-01,4.218482529799760794e-01,4.811762513157694099e-01,4.908769561083117794e-01,4.032348093043985893e-01,0.000000000000000000e+00,4.922191594177574014e-01,4.739687496776783804e-01,3.210512167699727804e-01,3.183352509965423072e-01,0.000000000000000000e+00,5.187569391321416035e-01,0.000000000000000000e+00,5.325259919285139087e-01,0.000000000000000000e+00,4.046692685367441200e-01,0.000000000000000000e+00,0.000000000000000000e+00,0.000000000000000000e+00,0.000000000000000000e+00,5.700055491374818040e-01,0.000000000000000000e+00,4.392196717317455867e-01,5.328063283109080173e-01,5.272927702912297843e-01,4.253513991495797009e-01,5.837574130634295422e-01,0.000000000000000000e+00,4.960033311555346880e-01,0.000000000000000000e+00,5.209511151532820739e-01,4.990183836160462238e-01,5.118430649388561182e-01,0.000000000000000000e+00,0.000000000000000000e+00,0.000000000000000000e+00,5.409753471962341909e-01,5.464476995191216435e-01,4.101821170168488129e-01,0.000000000000000000e+00,5.078739382435462080e-01,0.000000000000000000e+00,0.000000000000000000e+00,0.000000000000000000e+00,5.489784293379540436e-01,5.348601435693214334e-01,5.102258402259631787e-01,0.000000000000000000e+00,5.319396602345072278e-01
0.000000000000000000e+00,3.718804907546919836e-01,3.365782687915054860e-01,4.170814412710742158e-01,3.939340937932144238e-01,3.835831488362512198e-01,4.623078092937096262e-01,5.153242340160284485e-01,0.000000000000000000e+00,5.116446910681465843e-01,3.589792550768410861e-01,4.307810755704981065e-01,4.546288044584003152e-01,4.407919943191617174e-01,0.000000000000000000e+00,4.189191311887994207e-01,0.000000000000000000e+00,3.524351841437398103e-01,2.876721145182157824e-01,4.618341856471849249e-01,0.000000000000000000e+00,4.334820078378275876e-01,4.716539411134508808e-01,3.920745063279051923e-01,3.922992295394724938e-01,4.046848958501856885e-01,4.060360511040175813e-01,5.152643835832325658e-01,4.256824819643941771e-01,4.840398623764459174e-01,5.324114931704602149e-01,4.958950092898254947e-01,4.232983369736557089e-01,5.183070230625277386e-01,5.128704314784214846e-01,4.503912758452568998e-01,4.747764806954071770e-01,4.439819403659334140e-01,4.782220667096869215e-01,0.000000000000000000e+00,3.463876857815463839e-01,0.000000000000000000e+00,5.172447047761140615e-01,0.000000000000000000e+00,0.000000000000000000e+00,0.000000000000000000e+00,0.000000000000000000e+00,6.047943000944959735e-01,0.000000000000000000e+00,4.772789594899207177e-01,5.893286889707418652e-01,5.028606610801410470e-01,6.119141700069181677e-01,5.654454415479932550e-01,0.000000000000000000e+00,5.779659222789572670e-01,0.000000000000000000e+00,5.027468991795489561e-01,4.918787725995740212e-01,0.000000000000000000e+00,0.000000000000000000e+00,0.000000000000000000e+00,0.000000000000000000e+00,5.685696135976764376e-01,0.000000000000000000e+00,0.000000000000000000e+00,0.000000000000000000e+00,5.957374119021776604e-01,0.000000000000000000e+00,0.000000000000000000e+00,0.000000000000000000e+00,5.991775559987008171e-01,4.789132840254677892e-01,0.000000000000000000e+00,0.000000000000000000e+00,0.000000000000000000e+00
4.040959147691611797e-01,0.000000000000000000e+00,4.292858365285983080e-01,2.503104069236624096e-01,4.429252100124377867e-01,5.056890701895226936e-01,3.796920780962683151e-01,4.662381671063399735e-01,5.116446910681465843e-01,0.000000000000000000e+00,4.800460096370576801e-01,3.152480126967653895e-01,4.217350649377877847e-01,0.000000000000000000e+00,0.000000000000000000e+00,4.498551970562011948e-01,3.678965181149982944e-01,3.773784121732253194e-01,4.494039198820787839e-01,3.498551631349506863e-01,0.000000000000000000e+00,3.601107808225467166e-01,4.876289821550818804e-01,3.720519885215330946e-01,3.579383121677668922e-01,3.517372423921221736e-01,4.439764589506340897e-01,4.140821653085365872e-01,0.000000000000000000e+00,0.000000000000000000e+00,3.693436462740329884e-01,4.078926311076503941e-01,3.485236267335172777e-01,3.812510374259314161e-01,3.815330781491175216e-01,3.235236502236087941e-01,2.152809640097476940e-01,3.469090305835639820e-01,3.969762265746846763e-01,4.156222610115358762e-01,4.417522893791943073e-01,0.000000000000000000e+00,0.000000000000000000e+00,0.000000000000000000e+00,4.251652297587132923e-01,0.000000000000000000e+00,0.000000000000000000e+00,0.000000000000000000e+00,0.000000000000000000e+00,0.000000000000000000e+00,0.000000000000000000e+00,0.000000000000000000e+00,0.000000000000000000e+00,0.000000000000000000e+00,4.919257173471704991e-01,0.000000000000000000e+00,4.862678170128932886e-01,0.000000000000000000e+00,0.000000000000000000e+00,0.000000000000000000e+00,0.000000000000000000e+00,4.882321247688540256e-01,4.967426246012032198e-01,0.000000000000000000e+00,0.000000000000000000e+00,0.000000000000000000e+00,0.000000000000000000e+00,0.000000000000000000e+00,4.666136327035209086e-01,4.894772039358066817e-01,5.039791982006716076e-01,0.000000000000000000e+00,4.427224697088852912e-01,0.000000000000000000e+00,0.000000000000000000e+00,4.711999868963169802e-01
0.000000000000000000e+00,0.000000000000000000e+00,3.978747487346556144e-01,3.708741704363637259e-01,3.676035357585282770e-01,4.604030846555868806e-01,4.883438366006129794e-01,3.507076503181622007e-01,3.589792550768410861e-01,4.800460096370576801e-01,0.000000000000000000e+00,4.180945209989941902e-01,5.065233176188015385e-01,3.235526511621000800e-01,0.000000000000000000e+00,0.000000000000000000e+00,0.000000000000000000e+00,0.000000000000000000e+00,3.189900266458998157e-01,0.000000000000000000e+00,0.000000000000000000e+00,0.000000000000000000e+00,3.743222653333839189e-01,4.162196503295051975e-01,0.000000000000000000e+00,3.634059669051045161e-01,4.417113189393110928e-01,5.011031330378279414e-01,0.000000000000000000e+00,0.000000000000000000e+00,5.203065476732182670e-01,4.321938640953608135e-01,3.938272009478531732e-01,5.042966813850664476e-01,4.907560132895770200e-01,3.591736832016905190e-01,4.488690234879548768e-01,4.324717025883609844e-01,4.765830069721783135e-01,0.000000000000000000e+00,0.000000000000000000e+00,0.000000000000000000e+00,4.887297688274754859e-01,0.000000000000000000e+00,0.000000000000000000e+00,0.000000000000000000e+00,0.000000000000000000e+00,5.930701528081806506e-01,0.000000000000000000e+00,4.186510523191162014e-01,5.465036904989882816e-01,4.791722854459494751e-01,5.090376485001638640e-01,5.675495318388579236e-01,0.000000000000000000e+00,3.833226038299826222e-01,0.000000000000000000e+00,4.417941420242165185e-01,5.214611230512616880e-01,0.000000000000000000e+00,0.000000000000000000e+00,0.000000000000000000e+00,0.000000000000000000e+00,4.177595504469325260e-01,0.000000000000000000e+00,0.000000000000000000e+00,0.000000000000000000e+00,5.748282000560067662e-01,0.000000000000000000e+00,0.000000000000000000e+00,0.000000000000000000e+00,5.704793543338617656e-01,3.897227454254938994e-01,0.000000000000000000e+00,0.000000000000000000e+00,0.000000000000000000e+00
3.680845344839602240e-01,0.000000000000000000e+00,3.599616569629611740e-01,2.482448028347155888e-01,3.129606703601913176e-01,3.653747769373834053e-01,3.271660305693238069e-01,4.357346996108816262e-01,4.307810755704981065e-01,3.152480126967653895e-01,4.180945209989941902e-01,0.000000000000000000e+00,3.734816083013359767e-01,0.000000000000000000e+00,0.000000000000000000e+00,0.000000000000000000e+00,3.895573491347936734e-01,4.193500266888661177e-01,3.738526853199775069e-01,0.000000000000000000e+00,4.829558431534536900e-01,0.000000000000000000e+00,3.745607186772170749e-01,3.126547328819129778e-01,3.502256701284350848e-01,3.329566895791897796e-01,3.582166990942026175e-01,3.725944804741228022e-01,0.000000000000000000e+00,0.000000000000000000e+00,3.841842662370820727e-01,3.221269925732144213e-01,3.298092739039253929e-01,2.915512991288348732e-01,3.493717453633722880e-01,3.190807482269281126e-01,2.601536618732829265e-01,2.907531677971080253e-01,2.808794248430199203e-01,4.282269143625174190e-01,3.773161946609697726e-01,0.000000000000000000e+00,0.000000000000000000e+00,0.000000000000000000e+00,4.198915532285559804e-01,0.000000000000000000e+00,0.000000000000000000e+00,0.000000000000000000e+00,0.000000000000000000e+00,0.000000000000000000e+00,0.000000000000000000e+00,0.000000000000000000e+00,0.000000000000000000e+00,0.000000000000000000e+00,4.928877308026228810e-01,0.000000000000000000e+00,4.785316066255692058e-01,4.387214167780392193e-01,0.000000000000000000e+00,0.000000000000000000e+00,0.000000000000000000e+00,4.844886419851247017e-01,4.750089061013100800e-01,0.000000000000000000e+00,0.000000000000000000e+00,0.000000000000000000e+00,0.000000000000000000e+00,0.000000000000000000e+00,4.693124309665435145e-01,4.811169220533393909e-01,5.025115278895226911e-01,0.000000000000000000e+00,3.652396262659354242e-01,0.000000000000000000e+00,0.000000000000000000e+00,4.746497034186020203e-01
4.241684894927624794e-01,4.719833785828458916e-01,5.226986136988248655e-01,3.310095488615755199e-01,4.363656362797584953e-01,4.130082944497713848e-01,3.868438322576547850e-01,4.928217818790244231e-01,4.546288044584003152e-01,4.217350649377877847e-01,5.065233176188015385e-01,3.734816083013359767e-01,0.000000000000000000e+00,3.838143460624475201e-01,4.796851352491747211e-01,5.022551767751712859e-01,4.192652384139957111e-01,4.825394830525477907e-01,5.118683998725972462e-01,4.659363111624367226e-01,4.951614870020272785e-01,4.870734232824113774e-01,4.885088025780092158e-01,3.584713365196570134e-01,4.546931094813251861e-01,4.643928935710084915e-01,5.000793088014391374e-01,3.645381792501694029e-01,4.289942621438905812e-01,4.397299632497702060e-01,4.455400490531898905e-01,4.324371455255843766e-01,3.868784435979655822e-01,4.163540614838558973e-01,3.999517309356955819e-01,3.615401276653417151e-01,3.267927987264119816e-01,3.713375612903855871e-01,4.487658155038484198e-01,2.979546756388873896e-01,3.659760408584928904e-01,2.854992053868173896e-01,4.423902789566401816e-01,0.000000000000000000e+00,3.283055401263624828e-01,0.000000000000000000e+00,0.000000000000000000e+00,4.904905821336064120e-01,0.000000000000000000e+00,0.000000000000000000e+00,5.418949025192744129e-01,4.550050110176572238e-01,5.270495273595462438e-01,0.000000000000000000e+00,0.000000000000000000e+00,4.545299802873685735e-01,3.230803306526726093e-01,0.000000000000000000e+00,0.000000000000000000e+00,4.254068351004263726e-01,0.000000000000000000e+00,0.000000000000000000e+00,0.000000000000000000e+00,0.000000000000000000e+00,4.432305217601135161e-01,0.000000000000000000e+00,3.515868296972631812e-01,5.668552053788570300e-01,0.000000000000000000e+00,3.318055985344188774e-01,3.476213747631248241e-01,5.753719977930659146e-01,0.000000000000000000e+00,4.813342923378535199e-01,0.000000000000000000e+00,0.000000000000000000e+00
0.000000000000000000e+00,0.000000000000000000e+00,4.601437807270438163e-01,2.897645856934910058e-01,3.291034273302724245e-01,4.589662906530804776e-01,3.747213805890671767e-01,3.387840706340277119e-01,4.407919943191617174e-01,0.000000000000000000e+00,3.235526511621000800e-01,0.000000000000000000e+00,3.838143460624475201e-01,0.000000000000000000e+00,0.000000000000000000e+00,0.000000000000000000e+00,0.000000000000000000e+00,0.000000000000000000e+00,4.037187654346929833e-01,0.000000000000000000e+00,4.688463676214835174e-01,0.000000000000000000e+00,4.179373858427067878e-01,0.000000000000000000e+00,0.000000000000000000e+00,0.000000000000000000e+00,4.809962820492528213e-01,3.084089751146328884e-01,0.000000000000000000e+00,0.000000000000000000e+00,5.256194818433114202e-01,2.718044128805143789e-01,0.000000000000000000e+00,4.568756229581696915e-01,0.000000000000000000e+00,2.774129174469037729e-01,2.263814501420997882e-01,0.000000000000000000e+00,4.705146454408182799e-01,0.000000000000000000e+00,0.000000000000000000e+00,0.000000000000000000e+00,4.473944747864864180e-01,0.000000000000000000e+00,0.000000000000000000e+00,0.000000000000000000e+00,0.000000000000000000e+00,5.018196465953156382e-01,0.000000000000000000e+00,0.000000000000000000e+00,0.000000000000000000e+00,0.000000000000000000e+00,0.000000000000000000e+00,5.314594518951050173e-01,0.000000000000000000e+00,4.552762303961396251e-01,0.000000000000000000e+00,0.000000000000000000e+00,0.000000000000000000e+00,0.000000000000000000e+00,0.000000000000000000e+00,0.000000000000000000e+00,0.000000000000000000e+00,0.000000000000000000e+00,0.000000000000000000e+00,0.000000000000000000e+00,0.000000000000000000e+00,4.862376241221011974e-01,0.000000000000000000e+00,0.000000000000000000e+00,0.000000000000000000e+00,5.287100455683807487e-01,0.000000000000000000e+00,0.000000000000000000e+00,0.000000000000000000e+00,0.000000000000000000e+00
4.503283307902732902e-01,4.583183028428423067e-01,0.000000000000000000e+00,0.000000000000000000e+00,0.000000000000000000e+00,4.692033748857112885e-01,0.000000000000000000e+00,4.646755044296302928e-01,0.000000000000000000e+00,0.000000000000000000e+00,0.000000000000000000e+00,0.000000000000000000e+00,4.796851352491747211e-01,0.000000000000000000e+00,0.000000000000000000e+00,4.669179751456337124e-01,0.000000000000000000e+00,4.450591792977283134e-01,0.000000000000000000e+00,4.166077015363395253e-01,4.294889669223337925e-01,3.719141081982955122e-01,3.852125300516264783e-01,4.837725902450730198e-01,4.369834317797106071e-01,4.165335637764526755e-01,4.545351321509440989e-01,4.653116456099237741e-01,4.445016692697166261e-01,0.000000000000000000e+00,4.527676085571433751e-01,4.728473561250347013e-01,4.509782503235870155e-01,4.762025378000678821e-01,5.076380956100976505e-01,5.208059354976511957e-01,0.000000000000000000e+00,0.000000000000000000e+00,5.058510144945765896e-01,4.854820135697333061e-01,5.056860102812799074e-01,5.544978030303934213e-01,4.894307679480319195e-01,0.000000000000000000e+00,0.000000000000000000e+00,0.000000000000000000e+00,5.366355684053133457e-01,0.000000000000000000e+00,0.000000000000000000e+00,0.000000000000000000e+00,5.146992511203386522e-01,0.000000000000000000e+00,5.688106334442954992e-01,0.000000000000000000e+00,0.000000000000000000e+00,0.000000000000000000e+00,0.000000000000000000e+00,4.582463752990583172e-01,0.000000000000000000e+00,4.666257265380843733e-01,5.026964729490830397e-01,0.000000000000000000e+00,0.000000000000000000e+00,0.000000000000000000e+00,4.998757363734133152e-01,5.072740594858351493e-01,5.180431044288480447e-01,5.401705605449877989e-01,0.000000000000000000e+00,3.799288844457651138e-01,5.065580949045600523e-01,5.596607994591320523e-01,4.828860546568113921e-01,5.260636770824027586e-01,0.000000000000000000e+00,4.698076823335354812e-01
4.508570330397427828e-01,4.334786348889724805e-01,0.000000000000000000e+00,0.000000000000000000e+00,4.460323223286611904e-01,4.588942476440029949e-01,5.025594163180803209e-01,4.980264407166782870e-01,4.189191311887994207e-01,4.498551970562011948e-01,0.000000000000000000e+00,0.000000000000000000e+00,5.022551767751712859e-01,0.000000000000000000e+00,4.669179751456337124e-01,0.000000000000000000e+00,4.371048649831540955e-01,4.121867719970964128e-01,0.000000000000000000e+00,4.729831460942703902e-01,4.581268986001132970e-01,4.274405180672021243e-01,4.848969696836625820e-01,4.099732552230260785e-01,4.197471694442485024e-01,4.620061265965466069e-01,4.805991277105655102e-01,5.024725647083976288e-01,4.776592636744073084e-01,4.199454279687203084e-01,3.768541656738328971e-01,4.624998722563589126e-01,4.360481621564433197e-01,4.268535441596049140e-01,4.907701471687849759e-01,0.000000000000000000e+00,0.000000000000000000e+00,0.000000000000000000e+00,4.969771671240243993e-01,4.911187155386603775e-01,4.787291967676018944e-01,5.273529270318456641e-01,0.000000000000000000e+00,0.000000000000000000e+00,0.000000000000000000e+00,4.889771086922277132e-01,5.105106235089681421e-01,0.000000000000000000e+00,0.000000000000000000e+00,0.000000000000000000e+00,0.000000000000000000e+00,0.000000000000000000e+00,0.000000000000000000e+00,0.000000000000000000e+00,0.000000000000000000e+00,0.000000000000000000e+00,0.000000000000000000e+00,0.000000000000000000e+00,0.000000000000000000e+00,5.188057953285644119e-01,4.878806040562940760e-01,0.000000000000000000e+00,4.834438404005351742e-01,0.000000000000000000e+00,4.524477808010828883e-01,0.000000000000000000e+00,4.998631339713253130e-01,4.285352102006627084e-01,0.000000000000000000e+00,4.852224191278207144e-01,5.133178008206170650e-01,4.036722469892898846e-01,0.000000000000000000e+00,4.075785542546380147e-01,0.000000000000000000e+00,4.658275883987508803e-01
0.000000000000000000e+00,3.796043413511672182e-01,0.000000000000000000e+00,0.000000000000000000e+00,0.000000000000000000e+00,3.341736420158045728e-01,4.009302799786922944e-01,0.000000000000000000e+00,0.000000000000000000e+00,3.678965181149982944e-01,0.000000000000000000e+00,3.895573491347936734e-01,4.192652384139957111e-01,0.000000000000000000e+00,0.000000000000000000e+00,4.371048649831540955e-01,0.000000000000000000e+00,3.710695169050028941e-01,0.000000000000000000e+00,2.909626966262555126e-01,0.000000000000000000e+00,3.680819904784158880e-01,0.000000000000000000e+00,3.998390845167835161e-01,3.672091656470589105e-01,4.165378798302182273e-01,0.000000000000000000e+00,4.091598031845821160e-01,0.000000000000000000e+00,0.000000000000000000e+00,3.913918219650202035e-01,4.508802134838900133e-01,3.684745352506043070e-01,4.115738598256762915e-01,4.287415526662824994e-01,0.000000000000000000e+00,0.000000000000000000e+00,3.661729315859698075e-01,0.000000000000000000e+00,4.343885982596655260e-01,0.000000000000000000e+00,0.000000000000000000e+00,0.000000000000000000e+00,0.000000000000000000e+00,0.000000000000000000e+00,0.000000000000000000e+00,0.000000000000000000e+00,0.000000000000000000e+00,0.000000000000000000e+00,0.000000000000000000e+00,0.000000000000000000e+00,0.000000000000000000e+00,0.000000000000000000e+00,0.000000000000000000e+00,4.860899029318693221e-01,0.000000000000000000e+00,4.790965870596964882e-01,0.000000000000000000e+00,0.000000000000000000e+00,0.000000000000000000e+00,0.000000000000000000e+00,4.565105095953410075e-01,4.839501632744623860e-01,0.000000000000000000e+00,0.000000000000000000e+00,0.000000000000000000e+00,0.000000000000000000e+00,0.000000000000000000e+00,5.239919211958051770e-01,4.803295283403962723e-01,5.008513845011069998e-01,0.000000000000000000e+00,0.000000000000000000e+00,0.000000000000000000e+00,0.000000000000000000e+00,0.000000000000000000e+00
4.287942591348051780e-01,4.146076185054923258e-01,0.000000000000000000e+00,0.000000000000000000e+00,0.000000000000000000e+00,4.476612061754589034e-01,4.506864643637917833e-01,4.776783313342085058e-01,3.524351841437398103e-01,3.773784121732253194e-01,0.000000000000000000e+00,4.193500266888661177e-01,4.825394830525477907e-01,0.000000000000000000e+00,4.450591792977283134e-01,4.121867719970964128e-01,3.710695169050028941e-01,0.000000000000000000e+00,0.000000000000000000e+00,4.391697915625469850e-01,4.316309276037996190e-01,4.340490953985559064e-01,4.717788282059597882e-01,3.915954321643755898e-01,3.870651107318323070e-01,4.134324530774949880e-01,4.688104359957201983e-01,4.596947373919976765e-01,4.588935935221589157e-01,4.375718172986757803e-01,3.939579762927080120e-01,4.715853071328625079e-01,3.925902337548551890e-01,4.176304561145501859e-01,4.674755778014612062e-01,0.000000000000000000e+00,0.000000000000000000e+00,0.000000000000000000e+00,4.697165113272627202e-01,4.330441154495716094e-01,4.597127597762066253e-01,4.930162890833669209e-01,0.000000000000000000e+00,0.000000000000000000e+00,0.000000000000000000e+00,4.662093389182115910e-01,4.849876051819149159e-01,0.000000000000000000e+00,0.000000000000000000e+00,0.000000000000000000e+00,0.000000000000000000e+00,0.000000000000000000e+00,0.000000000000000000e+00,0.000000000000000000e+00,4.714955216415617767e-01,0.000000000000000000e+00,4.815156288563848253e-01,0.000000000000000000e+00,0.000000000000000000e+00,0.000000000000000000e+00,4.704660663650441221e-01,4.873773631198398126e-01,4.775299973842666024e-01,0.000000000000000000e+00,0.000000000000000000e+00,0.000000000000000000e+00,4.782515444974814733e-01,0.000000000000000000e+00,4.774780696550340875e-01,4.775867554691315964e-01,4.930442623851066242e-01,0.000000000000000000e+00,0.000000000000000000e+00,0.000000000000000000e+00,0.000000000000000000e+00,4.669444260075258923e-01
0.000000000000000000e+00,0.000000000000000000e+00,3.202613409302452196e-01,3.354873480010318043e-01,4.066401856451757890e-01,4.947863329944646726e-01,5.008475183616997173e-01,4.470152184394787231e-01,2.876721145182157824e-01,4.494039198820787839e-01,3.189900266458998157e-01,3.738526853199775069e-01,5.118683998725972462e-01,4.037187654346929833e-01,0.000000000000000000e+00,0.000000000000000000e+00,0.000000000000000000e+00,0.000000000000000000e+00,0.000000000000000000e+00,0.000000000000000000e+00,0.000000000000000000e+00,0.000000000000000000e+00,4.076384556297659723e-01,0.000000000000000000e+00,0.000000000000000000e+00,0.000000000000000000e+00,4.041384874573279995e-01,5.040966256718041327e-01,0.000000000000000000e+00,0.000000000000000000e+00,5.226781162293762106e-01,4.921344612863313150e-01,0.000000000000000000e+00,4.950419811089019073e-01,4.734819876246029735e-01,4.317459347188956076e-01,4.945217229371450807e-01,3.864255347996561896e-01,4.527447074006860084e-01,0.000000000000000000e+00,0.000000000000000000e+00,0.000000000000000000e+00,5.127635940238787216e-01,0.000000000000000000e+00,0.000000000000000000e+00,0.000000000000000000e+00,0.000000000000000000e+00,5.989045470355103262e-01,0.000000000000000000e+00,4.113434952308219206e-01,5.466468651065929940e-01,4.680411865459854215e-01,5.790116877018726127e-01,5.876908775831851672e-01,0.000000000000000000e+00,3.843310268049776046e-01,0.000000000000000000e+00,4.732968496048202134e-01,5.254647746003401343e-01,0.000000000000000000e+00,0.000000000000000000e+00,0.000000000000000000e+00,0.000000000000000000e+00,5.675585668226502678e-01,0.000000000000000000e+00,0.000000000000000000e+00,0.000000000000000000e+00,5.921305904349336569e-01,0.000000000000000000e+00,0.000000000000000000e+00,0.000000000000000000e+00,5.987776210182635950e-01,0.000000000000000000e+00,0.000000000000000000e+00,0.000000000000000000e+00,0.000000000000000000e+00
4.814951470982147264e-01,4.632515611271140754e-01,0.000000000000000000e+00,4.128599446917696758e-01,4.867663636829350216e-01,4.504359249945463772e-01,4.814910371655974908e-01,4.607805396540849974e-01,4.618341856471849249e-01,3.498551631349506863e-01,0.000000000000000000e+00,0.000000000000000000e+00,4.659363111624367226e-01,0.000000000000000000e+00,4.166077015363395253e-01,4.729831460942703902e-01,2.909626966262555126e-01,4.391697915625469850e-01,0.000000000000000000e+00,0.000000000000000000e+00,4.810799831381871172e-01,4.074653111541283179e-01,3.819185117877104130e-01,0.000000000000000000e+00,4.332299420119878897e-01,4.758370682286300890e-01,4.478146464709402141e-01,4.010718792584361814e-01,3.722131906208582253e-01,3.720605521973829877e-01,4.399260110542240754e-01,4.803436653501870768e-01,4.297179654900896151e-01,4.848612258217513959e-01,5.035631586000561821e-01,5.135240143157480119e-01,4.497877222169077149e-01,0.000000000000000000e+00,5.476523712184111492e-01,4.850104264320209135e-01,5.519323264946291996e-01,5.322589839612968943e-01,4.253933221567509082e-01,0.000000000000000000e+00,0.000000000000000000e+00,0.000000000000000000e+00,4.409790915965852154e-01,0.000000000000000000e+00,0.000000000000000000e+00,0.000000000000000000e+00,4.921415417647750923e-01,0.000000000000000000e+00,5.301098754749512532e-01,0.000000000000000000e+00,0.000000000000000000e+00,0.000000000000000000e+00,0.000000000000000000e+00,4.258207005194371009e-01,0.000000000000000000e+00,5.409627661629639039e-01,3.883917085693349147e-01,0.000000000000000000e+00,0.000000000000000000e+00,0.000000000000000000e+00,5.456931948974301783e-01,5.325032709912331796e-01,5.216133547284461658e-01,5.700780734696213603e-01,0.000000000000000000e+00,3.341300981227632860e-01,5.029417618911334875e-01,5.620601876567685729e-01,5.278353943261364645e-01,5.488785066331420825e-01,4.602298803965265139e-01,5.072319013709990498e-01
4.486869408649147850e-01,4.403709325457068058e-01,0.000000000000000000e+00,0.000000000000000000e+00,0.000000000000000000e+00,4.605969407441650731e-01,0.000000000000000000e+00,4.135658006482513249e-01,0.000000000000000000e+00,0.000000000000000000e+00,0.000000000000000000e+00,4.829558431534536900e-01,4.951614870020272785e-01,4.688463676214835174e-01,4.294889669223337925e-01,4.581268986001132970e-01,0.000000000000000000e+00,4.316309276037996190e-01,0.000000000000000000e+00,4.810799831381871172e-01,0.000000000000000000e+00,4.687504114693403223e-01,4.371224993690692173e-01,4.871146756821068124e-01,4.293328527982864240e-01,4.366244180795659791e-01,4.617583320423864768e-01,4.686914877845905214e-01,4.406723358164071902e-01,0.000000000000000000e+00,4.094148761028599259e-01,4.535323897039710839e-01,3.985803630987703738e-01,4.344951711958340845e-01,4.953968998314319805e-01,0.000000000000000000e+00,0.000000000000000000e+00,0.000000000000000000e+00,5.107686100629985626e-01,4.952586692553881953e-01,5.335569637074678573e-01,5.657259716299584129e-01,0.000000000000000000e+00,0.000000000000000000e+00,0.000000000000000000e+00,3.804915535560062789e-01,5.254013653669898920e-01,0.000000000000000000e+00,0.000000000000000000e+00,0.000000000000000000e+00,0.000000000000000000e+00,0.000000000000000000e+00,4.792409776207255945e-01,0.000000000000000000e+00,0.000000000000000000e+00,0.000000000000000000e+00,0.000000000000000000e+00,4.538691337758057887e-01,0.000000000000000000e+00,4.939107567088472095e-01,4.884704435330508021e-01,0.000000000000000000e+00,0.000000000000000000e+00,0.000000000000000000e+00,5.158667358850389517e-01,4.099679165299904837e-01,5.297669079947230353e-01,4.969247074768209926e-01,0.000000000000000000e+00,4.121224683308182812e-01,5.385436046636862262e-01,5.384669356996620859e-01,4.897253582867853727e-01,4.989728865311188200e-01,0.000000000000000000e+00,4.422691595861910074e-01
