0.000000000000000000e+00,4.154075768799803114e-01,0.000000000000000000e+00,0.000000000000000000e+00,0.000000000000000000e+00,4.817067127829621764e-01,0.000000000000000000e+00,5.216469301212433018e-01,0.000000000000000000e+00,4.734554226627382123e-01,0.000000000000000000e+00,4.507006688530139082e-01,1.289189709994993938e-01,0.000000000000000000e+00,4.232599856008668060e-01,4.187069557268213171e-01,3.694381542187574197e-01,4.068837822722896069e-01,0.000000000000000000e+00,4.699587216824380187e-01,4.553980442133758744e-01,4.158095293110727897e-01,4.812600299343904875e-01,4.061487668382567917e-01,3.925832888602738824e-01,3.866610320420137969e-01,4.738594052349652808e-01,0.000000000000000000e+00,0.000000000000000000e+00,0.000000000000000000e+00,3.839238820814740993e-01,4.119460127406183725e-01,3.666374260512024752e-01,3.700375865943831277e-01,0.000000000000000000e+00,0.000000000000000000e+00,0.000000000000000000e+00,4.505495482086481207e-01,4.563744745642057121e-01,4.360642266435352798e-01,4.051784278604078082e-01,0.000000000000000000e+00,0.000000000000000000e+00,0.000000000000000000e+00,0.000000000000000000e+00,4.006226606405144941e-01,4.844680350328864904e-01,0.000000000000000000e+00,0.000000000000000000e+00,0.000000000000000000e+00,0.000000000000000000e+00,0.000000000000000000e+00,0.000000000000000000e+00,0.000000000000000000e+00,0.000000000000000000e+00,0.000000000000000000e+00,0.000000000000000000e+00,0.000000000000000000e+00,0.000000000000000000e+00,0.000000000000000000e+00,4.679693937588336183e-01,0.000000000000000000e+00,4.407500797760450784e-01,0.000000000000000000e+00,0.000000000000000000e+00,3.223212398161292014e-01,4.520306541564125258e-01,0.000000000000000000e+00,3.708292589861514887e-01,4.586056393407051957e-01,4.715938442628612726e-01,0.000000000000000000e+00,0.000000000000000000e+00,0.000000000000000000e+00,0.000000000000000000e+00,0.000000000000000000e+00
4.154075768799803114e-01,0.000000000000000000e+00,0.000000000000000000e+00,0.000000000000000000e+00,3.985288463806764825e-01,4.153378763457332146e-01,4.315049964272226202e-01,0.000000000000000000e+00,4.201689844318948763e-01,0.000000000000000000e+00,0.000000000000000000e+00,0.000000000000000000e+00,4.308624926231101049e-01,0.000000000000000000e+00,4.218496790717661815e-01,4.137406949241967946e-01,3.891962035346751003e-01,3.971286074860773119e-01,0.000000000000000000e+00,4.185122365287274881e-01,4.091586618788214946e-01,4.074502792185076272e-01,3.925811053362616154e-01,0.000000000000000000e+00,3.846284044964048965e-01,4.103881391718632865e-01,4.214719217262530848e-01,4.390807927129519728e-01,4.334935000932236271e-01,0.000000000000000000e+00,3.579043986542908007e-01,3.753517059117135735e-01,3.561533520145431786e-01,3.507053742767108906e-01,3.987905988422167924e-01,0.000000000000000000e+00,0.000000000000000000e+00,0.000000000000000000e+00,4.566328050539673056e-01,4.484836355504606131e-01,4.459755119470010243e-01,4.777811790859088914e-01,0.000000000000000000e+00,0.000000000000000000e+00,0.000000000000000000e+00,4.653672605394170159e-01,4.847232158425521797e-01,0.000000000000000000e+00,0.000000000000000000e+00,0.000000000000000000e+00,5.240604497816288010e-01,0.000000000000000000e+00,0.000000000000000000e+00,0.000000000000000000e+00,0.000000000000000000e+00,0.000000000000000000e+00,0.000000000000000000e+00,0.000000000000000000e+00,0.000000000000000000e+00,5.049443162989191158e-01,4.577206949784192180e-01,0.000000000000000000e+00,4.626302334669313843e-01,0.000000000000000000e+00,4.818514772153192904e-01,4.738345517225561188e-01,4.531254897568415263e-01,5.107893679050171665e-01,0.000000000000000000e+00,4.663999996940089154e-01,5.101669995347971609e-01,5.087203055235000049e-01,0.000000000000000000e+00,4.821245712756355162e-01,0.000000000000000000e+00,4.488856791313685091e-01
0.000000000000000000e+00,0.000000000000000000e+00,0.000000000000000000e+00,1.084974605659149022e-01,3.862435948286925269e-01,4.311911185672632763e-01,4.308073252526976038e-01,4.574952548461416191e-01,3.193364034481565028e-01,5.024922845004466954e-01,3.443731426619590086e-01,1.446661517501139915e-01,4.429939670581037880e-01,3.968375489445385984e-01,0.000000000000000000e+00,0.000000000000000000e+00,0.000000000000000000e+00,0.000000000000000000e+00,3.046278455558685816e-01,0.000000000000000000e+00,0.000000000000000000e+00,0.000000000000000000e+00,3.354581701315784148e-01,0.000000000000000000e+00,0.000000000000000000e+00,0.000000000000000000e+00,3.294805169508495113e-01,4.498962218415036851e-01,0.000000000000000000e+00,0.000000000000000000e+00,4.645736724982891253e-01,4.170495857072150092e-01,5.550981193779400691e-01,4.628507363523287066e-01,4.513448538484799988e-01,4.125184070311638806e-01,4.567165834763933230e-01,0.000000000000000000e+00,5.659661589490049272e-01,0.000000000000000000e+00,1.357753081291697972e-01,0.000000000000000000e+00,4.903897787098103200e-01,0.000000000000000000e+00,0.000000000000000000e+00,0.000000000000000000e+00,0.000000000000000000e+00,4.287161146445532256e-01,0.000000000000000000e+00,6.199924017125646447e-01,5.500841453061711128e-01,1.812099264912565011e-01,5.404099054456981133e-01,5.782250915824933557e-01,0.000000000000000000e+00,4.032346142586525906e-01,0.000000000000000000e+00,1.620068532629561908e-01,5.357775706405308869e-01,0.000000000000000000e+00,0.000000000000000000e+00,0.000000000000000000e+00,0.000000000000000000e+00,4.172727011846609213e-01,0.000000000000000000e+00,0.000000000000000000e+00,0.000000000000000000e+00,5.644443388751534396e-01,0.000000000000000000e+00,0.000000000000000000e+00,0.000000000000000000e+00,5.686143698472378993e-01,1.895566312354675098e-01,0.000000000000000000e+00,0.000000000000000000e+00,0.000000000000000000e+00
0.000000000000000000e+00,0.000000000000000000e+00,1.084974605659149022e-01,0.000000000000000000e+00,2.423976709246402905e-01,4.494243630355593266e-01,2.952637950319165761e-01,3.583516900674819095e-01,4.227198516185335930e-01,0.000000000000000000e+00,3.528370223220653745e-01,0.000000000000000000e+00,3.103247801749479118e-01,2.707073897408447949e-01,0.000000000000000000e+00,0.000000000000000000e+00,0.000000000000000000e+00,0.000000000000000000e+00,0.000000000000000000e+00,4.599105672901536157e-01,0.000000000000000000e+00,0.000000000000000000e+00,4.063821182503714047e-01,0.000000000000000000e+00,0.000000000000000000e+00,0.000000000000000000e+00,4.316266414373606253e-01,2.651434481031771928e-01,0.000000000000000000e+00,0.000000000000000000e+00,0.000000000000000000e+00,2.629337500357933899e-01,0.000000000000000000e+00,2.446649412698982118e-01,2.748715385527857880e-01,1.956103018570047036e-01,1.943372038353267939e-01,0.000000000000000000e+00,0.000000000000000000e+00,0.000000000000000000e+00,0.000000000000000000e+00,0.000000000000000000e+00,0.000000000000000000e+00,0.000000000000000000e+00,0.000000000000000000e+00,0.000000000000000000e+00,0.000000000000000000e+00,0.000000000000000000e+00,0.000000000000000000e+00,0.000000000000000000e+00,0.000000000000000000e+00,0.000000000000000000e+00,0.000000000000000000e+00,0.000000000000000000e+00,0.000000000000000000e+00,0.000000000000000000e+00,0.000000000000000000e+00,0.000000000000000000e+00,0.000000000000000000e+00,0.000000000000000000e+00,0.000000000000000000e+00,0.000000000000000000e+00,0.000000000000000000e+00,0.000000000000000000e+00,0.000000000000000000e+00,0.000000000000000000e+00,0.000000000000000000e+00,0.000000000000000000e+00,0.000000000000000000e+00,0.000000000000000000e+00,0.000000000000000000e+00,0.000000000000000000e+00,0.000000000000000000e+00,0.000000000000000000e+00,0.000000000000000000e+00,0.000000000000000000e+00
0.000000000000000000e+00,3.985288463806764825e-01,3.862435948286925269e-01,2.423976709246402905e-01,0.000000000000000000e+00,3.754460678631184045e-01,3.276663620872694027e-01,4.021118974029984083e-01,3.636172524184700938e-01,4.501573540160174192e-01,3.407330845551657106e-01,4.691181774729610843e-01,3.913848107662281084e-01,2.959714806656353892e-01,0.000000000000000000e+00,4.518107634603351075e-01,0.000000000000000000e+00,0.000000000000000000e+00,3.836289894709438153e-01,3.732056766407267911e-01,0.000000000000000000e+00,4.227482328756771990e-01,4.014880804501234079e-01,0.000000000000000000e+00,4.468340162989711262e-01,0.000000000000000000e+00,3.904096035596735792e-01,3.724917920241748170e-01,4.300807928927338208e-01,0.000000000000000000e+00,4.456264561384994938e-01,2.814127811265452750e-01,5.195327405646019692e-01,4.416339999108149228e-01,4.286642207415315986e-01,2.249859328768603894e-01,2.322408203820210126e-01,4.625294818266305064e-01,1.449016219380533932e-01,0.000000000000000000e+00,0.000000000000000000e+00,0.000000000000000000e+00,4.847744029375852248e-01,0.000000000000000000e+00,0.000000000000000000e+00,0.000000000000000000e+00,0.000000000000000000e+00,6.241289422884117588e-01,0.000000000000000000e+00,5.638242703628171260e-01,5.779907777998788410e-01,0.000000000000000000e+00,5.776036178950350042e-01,6.500978027798727243e-01,0.000000000000000000e+00,5.258775879548417409e-01,0.000000000000000000e+00,0.000000000000000000e+00,0.000000000000000000e+00,0.000000000000000000e+00,0.000000000000000000e+00,0.000000000000000000e+00,0.000000000000000000e+00,6.194481753287580661e-01,0.000000000000000000e+00,0.000000000000000000e+00,0.000000000000000000e+00,5.194832070244992384e-01,0.000000000000000000e+00,0.000000000000000000e+00,0.000000000000000000e+00,5.979482695576991969e-01,0.000000000000000000e+00,0.000000000000000000e+00,0.000000000000000000e+00,0.000000000000000000e+00
4.817067127829621764e-01,4.153378763457332146e-01,4.311911185672632763e-01,4.494243630355593266e-01,3.754460678631184045e-01,0.000000000000000000e+00,4.092757115161917980e-01,4.265759637664339743e-01,3.568378200598141814e-01,4.595220988280754870e-01,3.779978856122214181e-01,4.908148547593000899e-01,3.938554205444382839e-01,3.940366888467278783e-01,4.592104599293012068e-01,4.319932048930695823e-01,1.577053824631629020e-01,4.121726558030406884e-01,4.290359893420611082e-01,4.227230573500895816e-01,4.272411595593711975e-01,4.442187498346666930e-01,4.138476512544398966e-01,0.000000000000000000e+00,3.901085006536326727e-01,4.137475798961027795e-01,4.019690458553389911e-01,4.020119585316970223e-01,3.785869434833903924e-01,4.166193437253721266e-01,4.360797758781965738e-01,3.906400600419693836e-01,3.802674053352724792e-01,4.364372123299016804e-01,4.367171848923550037e-01,4.289758184566854204e-01,4.295640832693040090e-01,4.673829453937448086e-01,4.781914944315109883e-01,0.000000000000000000e+00,5.152236690470937130e-01,1.337139184359505129e-01,4.947736982559978736e-01,0.000000000000000000e+00,0.000000000000000000e+00,0.000000000000000000e+00,4.885740068447786966e-01,5.708871661009042864e-01,0.000000000000000000e+00,6.023122613464729769e-01,5.104465281913931340e-01,5.381673042600221279e-01,4.778100191482960168e-01,5.520424248839895798e-01,0.000000000000000000e+00,5.257283935472120140e-01,0.000000000000000000e+00,5.202541787046811583e-01,0.000000000000000000e+00,5.502713125219810264e-01,0.000000000000000000e+00,0.000000000000000000e+00,0.000000000000000000e+00,5.698870561333662099e-01,5.374214540163424481e-01,4.862108082832573008e-01,5.444270936469691735e-01,5.134260953991964804e-01,0.000000000000000000e+00,0.000000000000000000e+00,5.525629892385331976e-01,5.137460628515897465e-01,5.185236924538624281e-01,4.792327057864799733e-01,5.787615554098561876e-01,5.268793547207681893e-01
0.000000000000000000e+00,4.315049964272226202e-01,4.308073252526976038e-01,2.952637950319165761e-01,3.276663620872694027e-01,4.092757115161917980e-01,0.000000000000000000e+00,4.374943805429543087e-01,4.000158205593919991e-01,3.924761689633970985e-01,4.435969504819353149e-01,4.117614416516903186e-01,3.475288275086773071e-01,3.567080691519688984e-01,0.000000000000000000e+00,4.553904428243327751e-01,0.000000000000000000e+00,4.497228840464305155e-01,4.402739564902640179e-01,4.227805821735231007e-01,0.000000000000000000e+00,4.529404346922242808e-01,4.366533579973767010e-01,4.491424290222337246e-01,4.178540373443357936e-01,4.430423106112271747e-01,4.286506076395821818e-01,3.696312024014248854e-01,4.409431271625753879e-01,0.000000000000000000e+00,4.084036713239392880e-01,3.707246891977988845e-01,4.146032060672538155e-01,3.880925634765093890e-01,3.637027456223899113e-01,3.153956321441070965e-01,3.016883640080618156e-01,3.753596616586005741e-01,5.720144769708979116e-01,0.000000000000000000e+00,5.222596405956071441e-01,0.000000000000000000e+00,5.183907225073235425e-01,0.000000000000000000e+00,0.000000000000000000e+00,0.000000000000000000e+00,0.000000000000000000e+00,6.049527368541769423e-01,0.000000000000000000e+00,0.000000000000000000e+00,5.707230418294667595e-01,0.000000000000000000e+00,4.801850663054245127e-01,6.655560733354246583e-01,0.000000000000000000e+00,6.004467769535484223e-01,0.000000000000000000e+00,0.000000000000000000e+00,0.000000000000000000e+00,0.000000000000000000e+00,0.000000000000000000e+00,0.000000000000000000e+00,0.000000000000000000e+00,6.535081455009207341e-01,0.000000000000000000e+00,0.000000000000000000e+00,0.000000000000000000e+00,5.293979146344970355e-01,0.000000000000000000e+00,0.000000000000000000e+00,0.000000000000000000e+00,5.727166933070652055e-01,0.000000000000000000e+00,0.000000000000000000e+00,0.000000000000000000e+00,0.000000000000000000e+00
5.216469301212433018e-01,0.000000000000000000e+00,4.574952548461416191e-01,3.583516900674819095e-01,4.021118974029984083e-01,4.265759637664339743e-01,4.374943805429543087e-01,0.000000000000000000e+00,4.689303456277754134e-01,4.533546425024689852e-01,3.980202137347559899e-01,0.000000000000000000e+00,4.393982318287141253e-01,3.364930899510518159e-01,0.000000000000000000e+00,5.025161045727198905e-01,0.000000000000000000e+00,0.000000000000000000e+00,4.166184357972154140e-01,0.000000000000000000e+00,4.119532988219644087e-01,0.000000000000000000e+00,3.792278467761038274e-01,5.361372797216382713e-01,4.814936869747165060e-01,4.943277512351126890e-01,4.484230588629644076e-01,4.304659975216070245e-01,4.194228470555292909e-01,0.000000000000000000e+00,4.503463417767746835e-01,3.103151369990024833e-01,0.000000000000000000e+00,4.384396056374982864e-01,4.302751117904300981e-01,2.537083539027947254e-01,2.827987321128088150e-01,0.000000000000000000e+00,4.755667919606794136e-01,0.000000000000000000e+00,0.000000000000000000e+00,0.000000000000000000e+00,3.522735183700860251e-01,0.000000000000000000e+00,0.000000000000000000e+00,0.000000000000000000e+00,0.000000000000000000e+00,5.615390249383538368e-01,0.000000000000000000e+00,0.000000000000000000e+00,4.786371257818766156e-01,0.000000000000000000e+00,4.292584311205936975e-01,5.807016884194345918e-01,0.000000000000000000e+00,5.057661189488885656e-01,0.000000000000000000e+00,0.000000000000000000e+00,0.000000000000000000e+00,0.000000000000000000e+00,0.000000000000000000e+00,0.000000000000000000e+00,0.000000000000000000e+00,5.089402253780865859e-01,5.288610460966990390e-01,4.860261898994048813e-01,0.000000000000000000e+00,4.800375045375521732e-01,0.000000000000000000e+00,0.000000000000000000e+00,0.000000000000000000e+00,4.984069696358636725e-01,4.833415079756958055e-01,5.104999344136246231e-01,0.000000000000000000e+00,1.067701148290253060e-01
0.000000000000000000e+00,4.201689844318948763e-01,3.193364034481565028e-01,4.227198516185335930e-01,3.636172524184700938e-01,3.568378200598141814e-01,4.000158205593919991e-01,4.689303456277754134e-01,0.000000000000000000e+00,4.765947977760868204e-01,3.528152816551988202e-01,4.917459186268863247e-01,4.280923900817650840e-01,3.952273329515941791e-01,0.000000000000000000e+00,4.095979905042578251e-01,0.000000000000000000e+00,1.723180217420489102e-01,3.085624314273273106e-01,4.119389624078477752e-01,0.000000000000000000e+00,4.316412789792912763e-01,4.328743488569232745e-01,5.257305616579943663e-01,4.097560204546588092e-01,4.247054134403887016e-01,3.743728688178853958e-01,4.537849193825880811e-01,4.291523349676694132e-01,4.363016848770656098e-01,4.785331952129315836e-01,4.291256605180511219e-01,4.564133246124347232e-01,4.740469571307082131e-01,4.575890555138740767e-01,4.257645236678441747e-01,4.496072859441779812e-01,4.782881032779098818e-01,4.904806616904774930e-01,0.000000000000000000e+00,6.295736841328786193e-01,0.000000000000000000e+00,4.964950982514785838e-01,0.000000000000000000e+00,0.000000000000000000e+00,0.000000000000000000e+00,0.000000000000000000e+00,5.906501340999961158e-01,0.000000000000000000e+00,6.242467096016938166e-01,5.717065885055765406e-01,6.382624825805244262e-01,5.316508809182928230e-01,6.462704488794538404e-01,0.000000000000000000e+00,5.220415591330208605e-01,0.000000000000000000e+00,6.195642601730857457e-01,5.664650339251693367e-01,0.000000000000000000e+00,0.000000000000000000e+00,0.000000000000000000e+00,0.000000000000000000e+00,5.926028222464686523e-01,0.000000000000000000e+00,0.000000000000000000e+00,0.000000000000000000e+00,5.535119285062295447e-01,0.000000000000000000e+00,0.000000000000000000e+00,0.000000000000000000e+00,5.564713260272491357e-01,6.324969484139888465e-01,0.000000000000000000e+00,0.000000000000000000e+00,0.000000000000000000e+00
4.734554226627382123e-01,0.000000000000000000e+00,5.024922845004466954e-01,0.000000000000000000e+00,4.501573540160174192e-01,4.595220988280754870e-01,3.924761689633970985e-01,4.533546425024689852e-01,4.765947977760868204e-01,0.000000000000000000e+00,4.725957643055113122e-01,3.174089983841100748e-01,4.086759368481757138e-01,0.000000000000000000e+00,0.000000000000000000e+00,1.043442276996341955e-01,3.405247067711065778e-01,3.731911059158385946e-01,5.027986897417877632e-01,1.064357389920402991e-01,0.000000000000000000e+00,1.131478320326588932e-01,4.671711867027797949e-01,3.696847591595888161e-01,3.579975777174608798e-01,3.737495042158802128e-01,4.680335435113929243e-01,3.882144499052658793e-01,5.041708415689826195e-01,0.000000000000000000e+00,3.512048502405719086e-01,3.584613558938855027e-01,3.441660568883719851e-01,3.382667368694107224e-01,3.252415484507549803e-01,3.458313486015798799e-01,2.579642533566909868e-01,2.979859971697800813e-01,4.315515828657062736e-01,4.076827273307863098e-01,3.772090733449102173e-01,4.670186897571317886e-01,0.000000000000000000e+00,0.000000000000000000e+00,4.163924448777486798e-01,0.000000000000000000e+00,0.000000000000000000e+00,0.000000000000000000e+00,0.000000000000000000e+00,0.000000000000000000e+00,0.000000000000000000e+00,0.000000000000000000e+00,0.000000000000000000e+00,0.000000000000000000e+00,5.096318926731140397e-01,0.000000000000000000e+00,4.988007962036050125e-01,0.000000000000000000e+00,0.000000000000000000e+00,0.000000000000000000e+00,0.000000000000000000e+00,4.703375385988878832e-01,4.573674521642678847e-01,0.000000000000000000e+00,0.000000000000000000e+00,0.000000000000000000e+00,0.000000000000000000e+00,0.000000000000000000e+00,4.601336764350406061e-01,4.785585863209754764e-01,4.986104289512751087e-01,0.000000000000000000e+00,0.000000000000000000e+00,0.000000000000000000e+00,0.000000000000000000e+00,4.098740250505409910e-01
0.000000000000000000e+00,0.000000000000000000e+00,3.443731426619590086e-01,3.528370223220653745e-01,3.407330845551657106e-01,3.779978856122214181e-01,4.435969504819353149e-01,3.980202137347559899e-01,3.528152816551988202e-01,4.725957643055113122e-01,0.000000000000000000e+00,4.946406349567912808e-01,4.553276515662769142e-01,3.131016097514318086e-01,0.000000000000000000e+00,0.000000000000000000e+00,1.129603659847957936e-01,0.000000000000000000e+00,2.981856615156073254e-01,0.000000000000000000e+00,0.000000000000000000e+00,0.000000000000000000e+00,3.595339092916435275e-01,5.270562105322273982e-01,0.000000000000000000e+00,1.680492079956459883e-01,3.883717372511468757e-01,4.516570091369908058e-01,0.000000000000000000e+00,0.000000000000000000e+00,4.804263832876994877e-01,3.134836937098453014e-01,5.130408592357283970e-01,4.701127129906305102e-01,4.454486720354097207e-01,2.956433347746419971e-01,4.189978670353893264e-01,5.046042765136937724e-01,4.687963323734595233e-01,0.000000000000000000e+00,0.000000000000000000e+00,0.000000000000000000e+00,4.569767984332698818e-01,0.000000000000000000e+00,0.000000000000000000e+00,0.000000000000000000e+00,0.000000000000000000e+00,5.024790623190795724e-01,0.000000000000000000e+00,5.128183859480435203e-01,5.839138750511356779e-01,1.325156429244102874e-01,5.226608303706586911e-01,5.394289808920080809e-01,0.000000000000000000e+00,4.405594911055953911e-01,0.000000000000000000e+00,1.411573169783089110e-01,4.885151561111302221e-01,0.000000000000000000e+00,0.000000000000000000e+00,0.000000000000000000e+00,0.000000000000000000e+00,4.115940934887427072e-01,0.000000000000000000e+00,0.000000000000000000e+00,0.000000000000000000e+00,5.300139029917175781e-01,0.000000000000000000e+00,0.000000000000000000e+00,0.000000000000000000e+00,5.705886535535381610e-01,1.700380183479761886e-01,0.000000000000000000e+00,0.000000000000000000e+00,0.000000000000000000e+00
4.507006688530139082e-01,0.000000000000000000e+00,1.446661517501139915e-01,0.000000000000000000e+00,4.691181774729610843e-01,4.908148547593000899e-01,4.117614416516903186e-01,0.000000000000000000e+00,4.917459186268863247e-01,3.174089983841100748e-01,4.946406349567912808e-01,0.000000000000000000e+00,4.025574840756028783e-01,0.000000000000000000e+00,0.000000000000000000e+00,0.000000000000000000e+00,3.749108800176800815e-01,1.076615035360117961e-01,1.541655912504223125e-01,0.000000000000000000e+00,0.000000000000000000e+00,0.000000000000000000e+00,1.457153629566030062e-01,3.254582220867129894e-01,3.703798477371593734e-01,3.276155190685119956e-01,1.478126499661331916e-01,3.861044139292534871e-01,0.000000000000000000e+00,0.000000000000000000e+00,3.679080031775970872e-01,2.610164537877994184e-01,3.255957930706137038e-01,2.429100388711092906e-01,3.062440102502037020e-01,3.711204258669302258e-01,0.000000000000000000e+00,2.266492418964994870e-01,3.513399693045013983e-01,4.001186146180156777e-01,3.315071650624993871e-01,3.222575143847360990e-01,0.000000000000000000e+00,0.000000000000000000e+00,3.122810072746948773e-01,0.000000000000000000e+00,0.000000000000000000e+00,0.000000000000000000e+00,0.000000000000000000e+00,0.000000000000000000e+00,0.000000000000000000e+00,0.000000000000000000e+00,0.000000000000000000e+00,0.000000000000000000e+00,5.137529789806851710e-01,0.000000000000000000e+00,5.069696358378948942e-01,4.249829260988375879e-01,0.000000000000000000e+00,0.000000000000000000e+00,0.000000000000000000e+00,4.794237865042474955e-01,4.692543916852878194e-01,0.000000000000000000e+00,0.000000000000000000e+00,0.000000000000000000e+00,0.000000000000000000e+00,0.000000000000000000e+00,4.760168711887062809e-01,4.789250849558970846e-01,4.987662511729700210e-01,0.000000000000000000e+00,0.000000000000000000e+00,0.000000000000000000e+00,0.000000000000000000e+00,4.359980382266682164e-01
1.289189709994993938e-01,4.308624926231101049e-01,4.429939670581037880e-01,3.103247801749479118e-01,3.913848107662281084e-01,3.938554205444382839e-01,3.475288275086773071e-01,4.393982318287141253e-01,4.280923900817650840e-01,4.086759368481757138e-01,4.553276515662769142e-01,4.025574840756028783e-01,0.000000000000000000e+00,3.972890763503474920e-01,0.000000000000000000e+00,4.577772704909766066e-01,4.378985910947866822e-01,4.442147203343848050e-01,4.520441659903864928e-01,4.304745343293849835e-01,4.488728578282065174e-01,4.615418434031451911e-01,4.341352337663950123e-01,4.238747129466727270e-01,4.158229177830961021e-01,4.268337953280396113e-01,4.332394971650099236e-01,3.618857389717131112e-01,4.246799904896991773e-01,4.083837574103300061e-01,4.101967968124951014e-01,3.807951708734841900e-01,3.709423699940930796e-01,4.110907298197067905e-01,3.903754826754909923e-01,3.388088959141962175e-01,3.306980363103074749e-01,3.879474100708372730e-01,4.861082781122659235e-01,5.203958676089199820e-01,4.579097915889969173e-01,5.699620205439375198e-01,5.371603310863191094e-01,0.000000000000000000e+00,4.687793232383741793e-01,0.000000000000000000e+00,0.000000000000000000e+00,6.098827235641398614e-01,0.000000000000000000e+00,0.000000000000000000e+00,5.453008068670649466e-01,2.127971987323727110e-01,5.148374124367527394e-01,0.000000000000000000e+00,0.000000000000000000e+00,5.680613152080475903e-01,5.232460442240225440e-01,0.000000000000000000e+00,0.000000000000000000e+00,1.660466628282462886e-01,0.000000000000000000e+00,0.000000000000000000e+00,0.000000000000000000e+00,0.000000000000000000e+00,6.036481482311180091e-01,0.000000000000000000e+00,2.033799240140601039e-01,5.148760612509896140e-01,0.000000000000000000e+00,1.644983550037110998e-01,5.819743231907213987e-01,5.184001058658040950e-01,0.000000000000000000e+00,5.302681278524022934e-01,0.000000000000000000e+00,0.000000000000000000e+00
0.000000000000000000e+00,0.000000000000000000e+00,3.968375489445385984e-01,2.707073897408447949e-01,2.959714806656353892e-01,3.940366888467278783e-01,3.567080691519688984e-01,3.364930899510518159e-01,3.952273329515941791e-01,0.000000000000000000e+00,3.131016097514318086e-01,0.000000000000000000e+00,3.972890763503474920e-01,0.000000000000000000e+00,0.000000000000000000e+00,0.000000000000000000e+00,0.000000000000000000e+00,0.000000000000000000e+00,3.662779322085638056e-01,0.000000000000000000e+00,0.000000000000000000e+00,0.000000000000000000e+00,3.726454656635811991e-01,0.000000000000000000e+00,0.000000000000000000e+00,0.000000000000000000e+00,4.112745005294439760e-01,2.490277785375626940e-01,0.000000000000000000e+00,0.000000000000000000e+00,3.698787900802991135e-01,2.258985363920250067e-01,0.000000000000000000e+00,4.313514149640854112e-01,0.000000000000000000e+00,1.999214049407166960e-01,1.884073699580252059e-01,0.000000000000000000e+00,0.000000000000000000e+00,0.000000000000000000e+00,0.000000000000000000e+00,0.000000000000000000e+00,3.890363555923160854e-01,0.000000000000000000e+00,0.000000000000000000e+00,0.000000000000000000e+00,0.000000000000000000e+00,5.940455176437903217e-01,0.000000000000000000e+00,0.000000000000000000e+00,0.000000000000000000e+00,0.000000000000000000e+00,0.000000000000000000e+00,5.667213622953714003e-01,0.000000000000000000e+00,5.118339764006436532e-01,0.000000000000000000e+00,0.000000000000000000e+00,0.000000000000000000e+00,0.000000000000000000e+00,0.000000000000000000e+00,0.000000000000000000e+00,0.000000000000000000e+00,0.000000000000000000e+00,0.000000000000000000e+00,0.000000000000000000e+00,0.000000000000000000e+00,5.539656456292593179e-01,0.000000000000000000e+00,0.000000000000000000e+00,0.000000000000000000e+00,0.000000000000000000e+00,0.000000000000000000e+00,0.000000000000000000e+00,0.000000000000000000e+00,0.000000000000000000e+00
4.232599856008668060e-01,4.218496790717661815e-01,0.000000000000000000e+00,0.000000000000000000e+00,0.000000000000000000e+00,4.592104599293012068e-01,0.000000000000000000e+00,0.000000000000000000e+00,0.000000000000000000e+00,0.000000000000000000e+00,0.000000000000000000e+00,0.000000000000000000e+00,0.000000000000000000e+00,0.000000000000000000e+00,0.000000000000000000e+00,4.346868914878190826e-01,0.000000000000000000e+00,4.041674451639499233e-01,0.000000000000000000e+00,3.500828365157334088e-01,4.144974966870116906e-01,3.949343274469471754e-01,4.029199846352711223e-01,5.062725892235974134e-01,3.829424349798755123e-01,4.157802520016006254e-01,4.222765742217118867e-01,4.579086727699592241e-01,4.266438797481310052e-01,0.000000000000000000e+00,4.331914064461200864e-01,4.406202426381110038e-01,4.264825679691349181e-01,4.329385713608269737e-01,4.713006406414900207e-01,4.802830346858716903e-01,0.000000000000000000e+00,0.000000000000000000e+00,4.897157442272284111e-01,5.130917242769710285e-01,4.963269369738197989e-01,5.371570766563699140e-01,0.000000000000000000e+00,0.000000000000000000e+00,0.000000000000000000e+00,0.000000000000000000e+00,5.124397973596552802e-01,0.000000000000000000e+00,0.000000000000000000e+00,0.000000000000000000e+00,5.205779727728304662e-01,0.000000000000000000e+00,4.653138000913976113e-01,0.000000000000000000e+00,0.000000000000000000e+00,0.000000000000000000e+00,0.000000000000000000e+00,5.709065301654149271e-01,0.000000000000000000e+00,5.161773386752723791e-01,4.904716896716549979e-01,0.000000000000000000e+00,0.000000000000000000e+00,0.000000000000000000e+00,4.965277418695148159e-01,4.961923844643117976e-01,5.424715882891780749e-01,5.034833113956089790e-01,0.000000000000000000e+00,1.582739178132742119e-01,5.426143338278469619e-01,4.921321817620398220e-01,5.233182928630981667e-01,4.924362829382382123e-01,0.000000000000000000e+00,5.075448454481094052e-01
4.187069557268213171e-01,4.137406949241967946e-01,0.000000000000000000e+00,0.000000000000000000e+00,4.518107634603351075e-01,4.319932048930695823e-01,4.553904428243327751e-01,5.025161045727198905e-01,4.095979905042578251e-01,1.043442276996341955e-01,0.000000000000000000e+00,0.000000000000000000e+00,4.577772704909766066e-01,0.000000000000000000e+00,4.346868914878190826e-01,0.000000000000000000e+00,4.126174744633195890e-01,3.840985919920347214e-01,0.000000000000000000e+00,4.142216730291503057e-01,4.222070500071062882e-01,4.038030195734947925e-01,4.549312422958661783e-01,4.213520186674555856e-01,4.104977012412422965e-01,4.215101702141558770e-01,4.360052209085569785e-01,4.495019128429508792e-01,4.478485106866070820e-01,4.342447765252562819e-01,3.888583729358549013e-01,4.132235760086799270e-01,3.898515986021707791e-01,3.768285273397566915e-01,4.266696282941533913e-01,0.000000000000000000e+00,0.000000000000000000e+00,0.000000000000000000e+00,4.488590104288242011e-01,4.317613492599169933e-01,4.370517266345085861e-01,0.000000000000000000e+00,0.000000000000000000e+00,0.000000000000000000e+00,0.000000000000000000e+00,4.659816019671583209e-01,4.673421272196742193e-01,0.000000000000000000e+00,0.000000000000000000e+00,0.000000000000000000e+00,0.000000000000000000e+00,0.000000000000000000e+00,0.000000000000000000e+00,0.000000000000000000e+00,0.000000000000000000e+00,0.000000000000000000e+00,0.000000000000000000e+00,0.000000000000000000e+00,0.000000000000000000e+00,4.919952515523857151e-01,4.560578758068676852e-01,0.000000000000000000e+00,4.409900725643381980e-01,0.000000000000000000e+00,5.003344169104199102e-01,0.000000000000000000e+00,4.414993784810450905e-01,5.887484264364415409e-01,0.000000000000000000e+00,4.565369418108849997e-01,4.801651794679059893e-01,5.743977466953119615e-01,0.000000000000000000e+00,5.250817549704068776e-01,0.000000000000000000e+00,4.271972064057356078e-01
3.694381542187574197e-01,3.891962035346751003e-01,0.000000000000000000e+00,0.000000000000000000e+00,0.000000000000000000e+00,1.577053824631629020e-01,0.000000000000000000e+00,0.000000000000000000e+00,0.000000000000000000e+00,3.405247067711065778e-01,1.129603659847957936e-01,3.749108800176800815e-01,4.378985910947866822e-01,0.000000000000000000e+00,0.000000000000000000e+00,4.126174744633195890e-01,0.000000000000000000e+00,3.523334803013266070e-01,0.000000000000000000e+00,4.430798864428591166e-01,0.000000000000000000e+00,4.135017782050238733e-01,0.000000000000000000e+00,3.986178497384610941e-01,3.721508059538550239e-01,3.826632482177518835e-01,0.000000000000000000e+00,4.228570240694776161e-01,4.902421064801155137e-01,0.000000000000000000e+00,3.866030542193905073e-01,4.303071921650425957e-01,3.637454965325699896e-01,3.632114269406478968e-01,3.699775255428585097e-01,0.000000000000000000e+00,0.000000000000000000e+00,3.569191447053727262e-01,0.000000000000000000e+00,3.956931721358613041e-01,0.000000000000000000e+00,0.000000000000000000e+00,0.000000000000000000e+00,0.000000000000000000e+00,0.000000000000000000e+00,0.000000000000000000e+00,0.000000000000000000e+00,0.000000000000000000e+00,0.000000000000000000e+00,0.000000000000000000e+00,0.000000000000000000e+00,0.000000000000000000e+00,0.000000000000000000e+00,0.000000000000000000e+00,4.695420697873923799e-01,0.000000000000000000e+00,4.732715856747006788e-01,0.000000000000000000e+00,0.000000000000000000e+00,0.000000000000000000e+00,0.000000000000000000e+00,4.898285099327083225e-01,4.689836040781729110e-01,0.000000000000000000e+00,0.000000000000000000e+00,0.000000000000000000e+00,0.000000000000000000e+00,0.000000000000000000e+00,4.842722845888945971e-01,4.871622404045136134e-01,4.879126467792436195e-01,0.000000000000000000e+00,0.000000000000000000e+00,0.000000000000000000e+00,0.000000000000000000e+00,0.000000000000000000e+00
4.068837822722896069e-01,3.971286074860773119e-01,0.000000000000000000e+00,0.000000000000000000e+00,0.000000000000000000e+00,4.121726558030406884e-01,4.497228840464305155e-01,0.000000000000000000e+00,1.723180217420489102e-01,3.731911059158385946e-01,0.000000000000000000e+00,1.076615035360117961e-01,4.442147203343848050e-01,0.000000000000000000e+00,4.041674451639499233e-01,3.840985919920347214e-01,3.523334803013266070e-01,0.000000000000000000e+00,0.000000000000000000e+00,4.062483550499856877e-01,4.381746770891303266e-01,4.042664984421053265e-01,4.341322079582801141e-01,3.866738118498854737e-01,3.731049147196343063e-01,3.973675795045599202e-01,4.184817847255142276e-01,4.273933912305737937e-01,4.318179022908492093e-01,4.787091423621515074e-01,3.985012550946844812e-01,4.277453887010753131e-01,3.786430560373026943e-01,3.801239790953219733e-01,3.978926117335789825e-01,0.000000000000000000e+00,0.000000000000000000e+00,0.000000000000000000e+00,4.449586738929076080e-01,4.198501973619501726e-01,4.299943804360861210e-01,4.568651495504458815e-01,0.000000000000000000e+00,0.000000000000000000e+00,0.000000000000000000e+00,4.530439773012285842e-01,4.539031999501790815e-01,0.000000000000000000e+00,0.000000000000000000e+00,0.000000000000000000e+00,0.000000000000000000e+00,0.000000000000000000e+00,0.000000000000000000e+00,0.000000000000000000e+00,4.554082151962783875e-01,0.000000000000000000e+00,4.592537664074674009e-01,0.000000000000000000e+00,0.000000000000000000e+00,0.000000000000000000e+00,4.425068987704269263e-01,4.468202503124747982e-01,4.425980341203935020e-01,0.000000000000000000e+00,0.000000000000000000e+00,0.000000000000000000e+00,4.391342478230335078e-01,0.000000000000000000e+00,4.571294078698008856e-01,4.462899279600910929e-01,4.645513207838877778e-01,0.000000000000000000e+00,0.000000000000000000e+00,0.000000000000000000e+00,0.000000000000000000e+00,4.091761558967360046e-01
0.000000000000000000e+00,0.000000000000000000e+00,3.046278455558685816e-01,0.000000000000000000e+00,3.836289894709438153e-01,4.290359893420611082e-01,4.402739564902640179e-01,4.166184357972154140e-01,3.085624314273273106e-01,5.027986897417877632e-01,2.981856615156073254e-01,1.541655912504223125e-01,4.520441659903864928e-01,3.662779322085638056e-01,0.000000000000000000e+00,0.000000000000000000e+00,0.000000000000000000e+00,0.000000000000000000e+00,0.000000000000000000e+00,0.000000000000000000e+00,0.000000000000000000e+00,0.000000000000000000e+00,3.315119736384434801e-01,0.000000000000000000e+00,0.000000000000000000e+00,0.000000000000000000e+00,3.663522379738606838e-01,4.490707349402380255e-01,0.000000000000000000e+00,0.000000000000000000e+00,4.803522565456074811e-01,4.102623946067134875e-01,0.000000000000000000e+00,4.705327599311510123e-01,4.846352354409603214e-01,3.948867525319498251e-01,1.075275400890906979e-01,1.031902039238388052e-01,5.259670435462981963e-01,0.000000000000000000e+00,0.000000000000000000e+00,0.000000000000000000e+00,4.772884361936806097e-01,0.000000000000000000e+00,0.000000000000000000e+00,0.000000000000000000e+00,0.000000000000000000e+00,5.423104994623165753e-01,0.000000000000000000e+00,5.899234117709403202e-01,5.811482810584434056e-01,1.548222465146527060e-01,4.869802579076766835e-01,5.837353124316548847e-01,0.000000000000000000e+00,5.007592174001314067e-01,0.000000000000000000e+00,1.847620863620250131e-01,5.178542879551644162e-01,0.000000000000000000e+00,0.000000000000000000e+00,0.000000000000000000e+00,0.000000000000000000e+00,5.419066871546748265e-01,0.000000000000000000e+00,0.000000000000000000e+00,0.000000000000000000e+00,5.353680232524751226e-01,0.000000000000000000e+00,0.000000000000000000e+00,0.000000000000000000e+00,5.610898026794972626e-01,0.000000000000000000e+00,0.000000000000000000e+00,0.000000000000000000e+00,0.000000000000000000e+00
4.699587216824380187e-01,4.185122365287274881e-01,0.000000000000000000e+00,4.599105672901536157e-01,3.732056766407267911e-01,4.227230573500895816e-01,4.227805821735231007e-01,0.000000000000000000e+00,4.119389624078477752e-01,1.064357389920402991e-01,0.000000000000000000e+00,0.000000000000000000e+00,4.304745343293849835e-01,0.000000000000000000e+00,3.500828365157334088e-01,4.142216730291503057e-01,4.430798864428591166e-01,4.062483550499856877e-01,0.000000000000000000e+00,0.000000000000000000e+00,4.425300156393227047e-01,3.752608699006829140e-01,3.284588631418149940e-01,0.000000000000000000e+00,4.001460346883113917e-01,4.338138011275375905e-01,3.466502549811293910e-01,3.879663783115925857e-01,3.455846506082020930e-01,3.553227188311460782e-01,3.920376803261784726e-01,4.332327244301680813e-01,4.006559106603274079e-01,4.220902088157943988e-01,4.612029546701527094e-01,5.139747265844881730e-01,4.755210968780070879e-01,0.000000000000000000e+00,4.610184746866610728e-01,4.933642196316199158e-01,4.848693905558624229e-01,0.000000000000000000e+00,1.085571697441179012e-01,0.000000000000000000e+00,0.000000000000000000e+00,0.000000000000000000e+00,5.087462796423335432e-01,0.000000000000000000e+00,0.000000000000000000e+00,0.000000000000000000e+00,5.206388516681969003e-01,0.000000000000000000e+00,5.279095977477633594e-01,0.000000000000000000e+00,0.000000000000000000e+00,0.000000000000000000e+00,0.000000000000000000e+00,5.604357249998411783e-01,0.000000000000000000e+00,4.929951956446522177e-01,1.948112228092699905e-01,0.000000000000000000e+00,0.000000000000000000e+00,0.000000000000000000e+00,4.907437046073230835e-01,4.990530659643684919e-01,4.845456478516044219e-01,5.000631840036560138e-01,0.000000000000000000e+00,1.902737318307902992e-01,4.997229192407642850e-01,4.957910752502103224e-01,4.872284168752847866e-01,4.847880227118753771e-01,5.847572698075784725e-01,4.855084117954094891e-01
4.553980442133758744e-01,4.091586618788214946e-01,0.000000000000000000e+00,0.000000000000000000e+00,0.000000000000000000e+00,4.272411595593711975e-01,0.000000000000000000e+00,4.119532988219644087e-01,0.000000000000000000e+00,0.000000000000000000e+00,0.000000000000000000e+00,0.000000000000000000e+00,4.488728578282065174e-01,0.000000000000000000e+00,4.144974966870116906e-01,4.222070500071062882e-01,0.000000000000000000e+00,4.381746770891303266e-01,0.000000000000000000e+00,4.425300156393227047e-01,0.000000000000000000e+00,4.629741232563863162e-01,4.071046334414166190e-01,5.130328637028831462e-01,4.222214761220391965e-01,4.283645329349695108e-01,4.440883747486181754e-01,4.521981168161953724e-01,4.279249781706375155e-01,0.000000000000000000e+00,4.142256600030975178e-01,4.264509764673807823e-01,3.787831738844364970e-01,4.143933335983979172e-01,4.695557655042449929e-01,0.000000000000000000e+00,0.000000000000000000e+00,0.000000000000000000e+00,4.627500945210372141e-01,0.000000000000000000e+00,1.079860939070485942e-01,0.000000000000000000e+00,0.000000000000000000e+00,0.000000000000000000e+00,0.000000000000000000e+00,0.000000000000000000e+00,5.066088814283620234e-01,0.000000000000000000e+00,0.000000000000000000e+00,0.000000000000000000e+00,5.026829123791536347e-01,0.000000000000000000e+00,4.800729554031178958e-01,0.000000000000000000e+00,0.000000000000000000e+00,0.000000000000000000e+00,0.000000000000000000e+00,1.023915041070437987e-01,0.000000000000000000e+00,5.146647802799075855e-01,1.251528873586232049e-01,0.000000000000000000e+00,0.000000000000000000e+00,0.000000000000000000e+00,4.829526698973007903e-01,4.283044446554173934e-01,5.444833476358519331e-01,4.775118018137222142e-01,0.000000000000000000e+00,1.266680572697488905e-01,5.279731745202914661e-01,4.931075678157672004e-01,1.004892191760233949e-01,5.048482729583577688e-01,0.000000000000000000e+00,1.291941237833089950e-01
