0.000000000000000000e+00,4.150182930912584833e-01,0.000000000000000000e+00,0.000000000000000000e+00,0.000000000000000000e+00,4.546566133920572073e-01,0.000000000000000000e+00,5.248349398776184227e-01,0.000000000000000000e+00,4.118523703575204253e-01,0.000000000000000000e+00,3.926146441930675191e-01,3.954173587534172141e-01,0.000000000000000000e+00,4.017374942887431133e-01,4.041493819863823944e-01,3.928688723938353888e-01,3.991793759994635149e-01,0.000000000000000000e+00,4.117199278427394193e-01,4.439910097700743852e-01,4.133953848413994825e-01,4.857941582675390779e-01,4.155558382592848821e-01,3.870132784409585081e-01,3.956745699252721127e-01,4.283638464932650880e-01,4.181649536362094799e-01,4.501745330562619829e-01,0.000000000000000000e+00,3.942299516474894183e-01,4.278142748316279276e-01,3.740730546979065263e-01,4.047865780611628050e-01,4.630412728381557153e-01,0.000000000000000000e+00,0.000000000000000000e+00,3.864671352057720277e-01,4.385664861429096062e-01,4.296470598481829106e-01,4.276040866029057197e-01,0.000000000000000000e+00,0.000000000000000000e+00,0.000000000000000000e+00,0.000000000000000000e+00,4.344007539663571893e-01,4.751241094290721834e-01,0.000000000000000000e+00,0.000000000000000000e+00,0.000000000000000000e+00,0.000000000000000000e+00,0.000000000000000000e+00,0.000000000000000000e+00,0.000000000000000000e+00,4.293916593966125017e-01,0.000000000000000000e+00,0.000000000000000000e+00,0.000000000000000000e+00,0.000000000000000000e+00,0.000000000000000000e+00,4.375522800277935054e-01,0.000000000000000000e+00,4.216604800286398724e-01,0.000000000000000000e+00,0.000000000000000000e+00,4.658867959912523782e-01,4.574019517040621152e-01,0.000000000000000000e+00,0.000000000000000000e+00,4.552408604912344114e-01,4.751305905206801850e-01,0.000000000000000000e+00,0.000000000000000000e+00,0.000000000000000000e+00,0.000000000000000000e+00,3.896275714583685157e-01
4.150182930912584833e-01,0.000000000000000000e+00,0.000000000000000000e+00,0.000000000000000000e+00,3.879098139011374902e-01,4.172171495855903078e-01,3.882092579110116848e-01,4.731702720201659829e-01,3.334171834190028938e-01,0.000000000000000000e+00,0.000000000000000000e+00,0.000000000000000000e+00,4.421038725340046271e-01,0.000000000000000000e+00,4.125940541980180898e-01,3.877927662109844076e-01,0.000000000000000000e+00,3.782108849383247207e-01,0.000000000000000000e+00,4.161087952635185161e-01,4.183447034641633033e-01,3.676147773744857794e-01,4.264991145130274108e-01,0.000000000000000000e+00,3.500442223910515960e-01,3.841704978947860782e-01,4.182651756668944731e-01,4.396011701725824894e-01,4.284674102546511820e-01,0.000000000000000000e+00,3.597165269010698108e-01,4.037718473168451228e-01,3.418465264922285196e-01,3.668829178160730176e-01,4.211551971620883239e-01,0.000000000000000000e+00,0.000000000000000000e+00,0.000000000000000000e+00,4.571864002536232818e-01,4.485271088886039759e-01,4.487548585812242141e-01,4.802148032109367914e-01,0.000000000000000000e+00,0.000000000000000000e+00,0.000000000000000000e+00,4.645386241562111107e-01,4.595732380663862804e-01,0.000000000000000000e+00,0.000000000000000000e+00,0.000000000000000000e+00,3.432462499687899959e-01,0.000000000000000000e+00,0.000000000000000000e+00,0.000000000000000000e+00,0.000000000000000000e+00,0.000000000000000000e+00,0.000000000000000000e+00,0.000000000000000000e+00,0.000000000000000000e+00,4.659019642353989243e-01,4.514706514206351939e-01,0.000000000000000000e+00,3.651058277818918230e-01,0.000000000000000000e+00,4.214989901122794258e-01,4.737458837889433894e-01,4.628479740772630802e-01,3.612116539096130174e-01,0.000000000000000000e+00,4.150961370574128839e-01,4.785197275118304172e-01,3.532881779221271890e-01,0.000000000000000000e+00,3.978159809554919768e-01,0.000000000000000000e+00,4.129653753509620051e-01
0.000000000000000000e+00,0.000000000000000000e+00,0.000000000000000000e+00,3.170141777114405257e-01,4.134534956763502023e-01,3.722218880306624178e-01,4.436048635213422076e-01,4.634500463295521122e-01,3.249568202511097792e-01,3.494058700245296079e-01,3.337204595539501883e-01,3.231450859774729900e-01,4.513281305337573102e-01,4.413120546421908097e-01,0.000000000000000000e+00,0.000000000000000000e+00,0.000000000000000000e+00,0.000000000000000000e+00,2.881454839466037199e-01,0.000000000000000000e+00,0.000000000000000000e+00,0.000000000000000000e+00,3.340150254102937089e-01,0.000000000000000000e+00,0.000000000000000000e+00,0.000000000000000000e+00,3.431575888064198887e-01,4.606473578272642921e-01,0.000000000000000000e+00,0.000000000000000000e+00,4.883461997177929170e-01,4.297379311730581963e-01,3.210887071812628113e-01,4.670256719502581810e-01,4.405101219747831753e-01,4.185586661218018145e-01,3.768959164703354903e-01,0.000000000000000000e+00,3.720587681162618177e-01,0.000000000000000000e+00,3.476285139229524090e-01,0.000000000000000000e+00,5.089832527147717389e-01,0.000000000000000000e+00,0.000000000000000000e+00,0.000000000000000000e+00,0.000000000000000000e+00,3.548019408743299241e-01,0.000000000000000000e+00,3.878800013392170176e-01,5.369632344306084493e-01,4.860554308616826247e-01,4.628986747308557193e-01,4.964269191731743858e-01,0.000000000000000000e+00,3.602954651777232065e-01,0.000000000000000000e+00,4.694205488454912256e-01,4.642347282429242217e-01,0.000000000000000000e+00,0.000000000000000000e+00,0.000000000000000000e+00,0.000000000000000000e+00,3.197322498862921747e-01,0.000000000000000000e+00,0.000000000000000000e+00,0.000000000000000000e+00,5.572603803499024400e-01,0.000000000000000000e+00,0.000000000000000000e+00,0.000000000000000000e+00,5.292818717898475356e-01,3.997798184926055209e-01,0.000000000000000000e+00,0.000000000000000000e+00,0.000000000000000000e+00
0.000000000000000000e+00,0.000000000000000000e+00,3.170141777114405257e-01,0.000000000000000000e+00,2.525845134096414979e-01,3.639500076379559856e-01,2.164803699365689116e-01,3.308446286235249834e-01,4.144495556404347858e-01,1.890614657773297125e-01,3.967789752674230064e-01,1.905229843651481125e-01,3.348986644745434171e-01,3.284515519446825071e-01,0.000000000000000000e+00,0.000000000000000000e+00,0.000000000000000000e+00,0.000000000000000000e+00,3.568034513054845203e-01,3.564534061582835256e-01,0.000000000000000000e+00,0.000000000000000000e+00,3.916445117011503885e-01,0.000000000000000000e+00,0.000000000000000000e+00,0.000000000000000000e+00,3.362467786435253125e-01,2.405479215763451084e-01,0.000000000000000000e+00,0.000000000000000000e+00,3.626537699233285950e-01,3.003333768395509140e-01,0.000000000000000000e+00,2.522298165670112113e-01,3.449829413532036759e-01,2.356307279116539033e-01,1.712508772883420960e-01,1.841070039076349862e-01,0.000000000000000000e+00,0.000000000000000000e+00,0.000000000000000000e+00,0.000000000000000000e+00,0.000000000000000000e+00,0.000000000000000000e+00,0.000000000000000000e+00,0.000000000000000000e+00,0.000000000000000000e+00,0.000000000000000000e+00,0.000000000000000000e+00,0.000000000000000000e+00,0.000000000000000000e+00,0.000000000000000000e+00,0.000000000000000000e+00,0.000000000000000000e+00,0.000000000000000000e+00,0.000000000000000000e+00,0.000000000000000000e+00,0.000000000000000000e+00,0.000000000000000000e+00,0.000000000000000000e+00,0.000000000000000000e+00,0.000000000000000000e+00,0.000000000000000000e+00,0.000000000000000000e+00,0.000000000000000000e+00,0.000000000000000000e+00,0.000000000000000000e+00,0.000000000000000000e+00,0.000000000000000000e+00,0.000000000000000000e+00,0.000000000000000000e+00,0.000000000000000000e+00,0.000000000000000000e+00,0.000000000000000000e+00,0.000000000000000000e+00,0.000000000000000000e+00
0.000000000000000000e+00,3.879098139011374902e-01,4.134534956763502023e-01,2.525845134096414979e-01,0.000000000000000000e+00,3.793523255313753229e-01,3.384279879812011060e-01,4.135765568017035210e-01,3.561946514620690785e-01,3.607798744786637757e-01,3.476035174634045100e-01,3.294362863307584988e-01,3.584899828723531745e-01,2.684749581467040236e-01,0.000000000000000000e+00,3.917580084209825730e-01,0.000000000000000000e+00,0.000000000000000000e+00,4.419447085720416002e-01,4.789236283987302056e-01,0.000000000000000000e+00,4.675279876627805864e-01,4.072840465253210196e-01,0.000000000000000000e+00,2.963438034317146252e-01,3.536459307972448785e-01,3.849276293973434848e-01,3.664202218849558212e-01,4.135441596018513133e-01,0.000000000000000000e+00,4.653646876123547216e-01,3.785420314130293895e-01,2.863202666028369925e-01,4.447710584975808068e-01,3.942422943969908222e-01,2.422117170033591949e-01,2.795126916486849189e-01,3.019091405144808116e-01,3.424316338559614259e-01,0.000000000000000000e+00,0.000000000000000000e+00,0.000000000000000000e+00,3.900023555547695864e-01,0.000000000000000000e+00,0.000000000000000000e+00,0.000000000000000000e+00,0.000000000000000000e+00,4.399218423076938222e-01,0.000000000000000000e+00,0.000000000000000000e+00,4.383738402207397189e-01,0.000000000000000000e+00,0.000000000000000000e+00,4.033188926599529101e-01,0.000000000000000000e+00,3.930206353792852769e-01,0.000000000000000000e+00,0.000000000000000000e+00,0.000000000000000000e+00,0.000000000000000000e+00,0.000000000000000000e+00,0.000000000000000000e+00,0.000000000000000000e+00,4.093265679856659123e-01,0.000000000000000000e+00,0.000000000000000000e+00,0.000000000000000000e+00,4.894739303795668794e-01,0.000000000000000000e+00,0.000000000000000000e+00,0.000000000000000000e+00,3.706499018350952745e-01,0.000000000000000000e+00,0.000000000000000000e+00,0.000000000000000000e+00,0.000000000000000000e+00
4.546566133920572073e-01,4.172171495855903078e-01,3.722218880306624178e-01,3.639500076379559856e-01,3.793523255313753229e-01,0.000000000000000000e+00,4.043260495194064830e-01,3.776847221082070827e-01,3.170907432215713806e-01,4.290667145351251266e-01,3.396135208454496013e-01,2.902851845436800193e-01,3.833673804190648182e-01,4.249819334597568221e-01,4.033360117670306000e-01,4.483781988607971059e-01,3.170520735833639026e-01,4.214496561067895275e-01,3.062224610058724150e-01,4.127258565968682791e-01,4.052841207743315133e-01,4.348563414625278845e-01,3.776299218049503081e-01,0.000000000000000000e+00,3.872943522653837789e-01,4.157525087728978774e-01,3.557729784788832839e-01,3.741867025307166750e-01,3.004292773792919258e-01,4.168240109725678266e-01,4.587952703411002919e-01,4.153128529603131169e-01,3.637355549936830967e-01,4.570359970292642848e-01,4.452679667785114925e-01,4.183418275424107269e-01,4.297690415324266211e-01,3.457479462235152901e-01,4.731582712586128725e-01,0.000000000000000000e+00,4.304059806784610864e-01,3.597657369049223064e-01,3.660541048690332255e-01,0.000000000000000000e+00,0.000000000000000000e+00,0.000000000000000000e+00,2.867613643430362846e-01,5.050087428295602088e-01,0.000000000000000000e+00,3.741383403067531921e-01,4.906362093380354783e-01,4.134646266334772724e-01,4.693333149967990892e-01,5.210016171391713691e-01,0.000000000000000000e+00,4.016243492034033968e-01,0.000000000000000000e+00,4.566794695813714000e-01,0.000000000000000000e+00,3.460865774565957120e-01,0.000000000000000000e+00,0.000000000000000000e+00,0.000000000000000000e+00,4.609519977497785193e-01,4.072851429351880825e-01,4.247303545201521757e-01,3.347962820285059760e-01,4.940374787246105126e-01,0.000000000000000000e+00,0.000000000000000000e+00,3.522871185226669755e-01,4.916475065614315798e-01,4.779775612959878961e-01,4.795556799451992092e-01,4.690483109460644173e-01,5.114057176921773529e-01
0.000000000000000000e+00,3.882092579110116848e-01,4.436048635213422076e-01,2.164803699365689116e-01,3.384279879812011060e-01,4.043260495194064830e-01,0.000000000000000000e+00,4.524046152109814090e-01,3.941144816151054830e-01,3.597324623410094180e-01,4.522712801105137070e-01,3.439668736327942122e-01,3.447281556192052232e-01,3.401024298945207192e-01,0.000000000000000000e+00,4.581054398912798864e-01,3.643122894359995811e-01,3.933909573355807154e-01,4.757214696542140242e-01,4.471088568554936193e-01,0.000000000000000000e+00,4.615438434157804193e-01,4.366033754375254206e-01,3.838533016710328760e-01,3.850641350652628803e-01,3.481572150380349839e-01,4.201035496190123064e-01,3.699467607230679245e-01,4.193580159184339129e-01,0.000000000000000000e+00,4.459849083314155194e-01,4.036578159220350903e-01,3.166978774083625825e-01,4.206356129454439929e-01,4.109666716617569882e-01,2.752835654662489917e-01,2.582227147279373969e-01,3.596252258748119934e-01,2.639482082782078076e-01,0.000000000000000000e+00,2.281871372357570094e-01,0.000000000000000000e+00,3.484659487129245781e-01,0.000000000000000000e+00,0.000000000000000000e+00,0.000000000000000000e+00,0.000000000000000000e+00,4.180348277602877749e-01,0.000000000000000000e+00,0.000000000000000000e+00,4.342650698692688827e-01,0.000000000000000000e+00,4.768699102151722213e-01,3.882040803237331028e-01,0.000000000000000000e+00,3.790387774399606169e-01,0.000000000000000000e+00,0.000000000000000000e+00,0.000000000000000000e+00,0.000000000000000000e+00,0.000000000000000000e+00,0.000000000000000000e+00,0.000000000000000000e+00,4.058865703909539935e-01,0.000000000000000000e+00,0.000000000000000000e+00,0.000000000000000000e+00,5.168649689719323481e-01,0.000000000000000000e+00,0.000000000000000000e+00,0.000000000000000000e+00,4.670160416756690136e-01,0.000000000000000000e+00,0.000000000000000000e+00,0.000000000000000000e+00,0.000000000000000000e+00
5.248349398776184227e-01,4.731702720201659829e-01,4.634500463295521122e-01,3.308446286235249834e-01,4.135765568017035210e-01,3.776847221082070827e-01,4.524046152109814090e-01,0.000000000000000000e+00,4.631334573646427866e-01,4.117024244201956118e-01,3.849182672218748880e-01,4.036736051357879829e-01,4.464353452988688020e-01,4.086246405995178077e-01,4.102661951511077931e-01,4.642191937169741767e-01,0.000000000000000000e+00,4.579511810469418243e-01,4.724320943931143990e-01,4.047413695474750273e-01,4.084551431149934797e-01,4.677254336696133885e-01,3.642069495641506172e-01,5.175946304246291652e-01,4.781118017067165216e-01,4.922405961573719235e-01,4.195920215330816161e-01,4.406735225067923145e-01,3.823341357639793991e-01,4.142275304685537063e-01,4.681306745123692270e-01,4.026019044772232158e-01,4.642899081803434913e-01,4.705909036825797753e-01,4.779375514977811101e-01,3.057545876481918001e-01,3.159262845897575778e-01,0.000000000000000000e+00,4.782990519421100872e-01,0.000000000000000000e+00,4.841508649783681228e-01,0.000000000000000000e+00,4.359047126803125005e-01,0.000000000000000000e+00,0.000000000000000000e+00,0.000000000000000000e+00,0.000000000000000000e+00,5.188210836924198599e-01,0.000000000000000000e+00,4.454821619709375957e-01,4.804865881179944953e-01,4.960655156473522953e-01,4.037756472130898944e-01,5.269974322485864171e-01,0.000000000000000000e+00,4.564336293435771186e-01,0.000000000000000000e+00,4.798229902236350042e-01,5.678399307526328377e-01,5.042370089223736640e-01,0.000000000000000000e+00,0.000000000000000000e+00,0.000000000000000000e+00,5.314541338151346217e-01,5.288684672998896774e-01,5.031387015542170271e-01,0.000000000000000000e+00,4.945994840177481144e-01,0.000000000000000000e+00,0.000000000000000000e+00,0.000000000000000000e+00,4.936189572915035129e-01,4.799486256692155894e-01,4.769906887755895886e-01,0.000000000000000000e+00,4.723889531406224029e-01
0.000000000000000000e+00,3.334171834190028938e-01,3.249568202511097792e-01,4.144495556404347858e-01,3.561946514620690785e-01,3.170907432215713806e-01,3.941144816151054830e-01,4.631334573646427866e-01,0.000000000000000000e+00,4.465618794808580150e-01,3.478161792061452151e-01,3.426217048874398152e-01,3.487324034768297110e-01,4.457755432110053762e-01,0.000000000000000000e+00,3.882041212250872952e-01,0.000000000000000000e+00,2.963474366193811216e-01,3.032723075235265742e-01,4.186403710443430959e-01,0.000000000000000000e+00,4.146608794550383781e-01,3.822962732170361866e-01,3.608644867700239733e-01,2.292821410308991115e-01,2.948121059585879777e-01,3.343313288449005771e-01,4.609418791408004257e-01,3.733074110465052220e-01,3.743220482396998894e-01,4.907495510402771211e-01,4.428059858405177240e-01,3.822074257586686175e-01,4.760951554412453102e-01,4.500175129193010881e-01,4.427443813503246228e-01,4.531764311932202083e-01,3.857764383392406904e-01,3.727299582941857037e-01,0.000000000000000000e+00,2.877519126442381059e-01,0.000000000000000000e+00,4.813705719831224972e-01,0.000000000000000000e+00,0.000000000000000000e+00,0.000000000000000000e+00,0.000000000000000000e+00,5.422880358221807695e-01,0.000000000000000000e+00,4.319841553590784144e-01,5.165879147067677923e-01,4.458328647321985194e-01,5.249941930259758305e-01,5.183914209660303030e-01,0.000000000000000000e+00,5.242484758662712130e-01,0.000000000000000000e+00,4.171178531245648968e-01,5.101015871891413367e-01,0.000000000000000000e+00,0.000000000000000000e+00,0.000000000000000000e+00,0.000000000000000000e+00,5.118444706312572645e-01,0.000000000000000000e+00,0.000000000000000000e+00,0.000000000000000000e+00,5.366026144413127419e-01,0.000000000000000000e+00,0.000000000000000000e+00,0.000000000000000000e+00,5.321821152338808147e-01,3.829903411622316844e-01,0.000000000000000000e+00,0.000000000000000000e+00,0.000000000000000000e+00
4.118523703575204253e-01,0.000000000000000000e+00,3.494058700245296079e-01,1.890614657773297125e-01,3.607798744786637757e-01,4.290667145351251266e-01,3.597324623410094180e-01,4.117024244201956118e-01,4.465618794808580150e-01,0.000000000000000000e+00,4.292718693807234809e-01,2.622382254652030897e-01,4.283532556444132888e-01,0.000000000000000000e+00,0.000000000000000000e+00,3.283889283235568168e-01,3.397337433644903038e-01,3.513612185865829796e-01,4.007893505416648128e-01,3.043219067189991134e-01,0.000000000000000000e+00,2.823584624277025723e-01,4.027664212589133208e-01,3.209479330048630730e-01,3.449907014990177823e-01,3.545765935106213740e-01,3.370099955549781812e-01,4.056641712303661884e-01,3.207840650993544762e-01,0.000000000000000000e+00,3.561724918321937938e-01,3.501255656707892849e-01,3.331901875741898889e-01,3.262904746999287231e-01,3.697233490706081094e-01,3.295601087340527258e-01,2.553373684731499726e-01,2.772631779767570914e-01,3.342194613100086253e-01,3.741892728562242754e-01,3.307383123600315944e-01,3.471173219052821057e-01,0.000000000000000000e+00,0.000000000000000000e+00,3.301902946560044128e-01,4.142543934655200100e-01,0.000000000000000000e+00,0.000000000000000000e+00,0.000000000000000000e+00,0.000000000000000000e+00,0.000000000000000000e+00,0.000000000000000000e+00,0.000000000000000000e+00,0.000000000000000000e+00,4.661471796558844805e-01,0.000000000000000000e+00,4.639205049497729938e-01,3.025879100821405876e-01,0.000000000000000000e+00,0.000000000000000000e+00,0.000000000000000000e+00,4.355519348035262750e-01,4.266975023141150181e-01,0.000000000000000000e+00,0.000000000000000000e+00,0.000000000000000000e+00,0.000000000000000000e+00,0.000000000000000000e+00,4.179772991939282867e-01,4.467912998382038148e-01,4.575100665661049892e-01,0.000000000000000000e+00,2.952693901719702918e-01,0.000000000000000000e+00,0.000000000000000000e+00,4.282140137335270214e-01
0.000000000000000000e+00,0.000000000000000000e+00,3.337204595539501883e-01,3.967789752674230064e-01,3.476035174634045100e-01,3.396135208454496013e-01,4.522712801105137070e-01,3.849182672218748880e-01,3.478161792061452151e-01,4.292718693807234809e-01,0.000000000000000000e+00,3.570962675772277883e-01,4.558719933700546845e-01,3.402806105429898031e-01,0.000000000000000000e+00,0.000000000000000000e+00,3.618688331471932029e-01,0.000000000000000000e+00,2.812226366502170172e-01,0.000000000000000000e+00,0.000000000000000000e+00,0.000000000000000000e+00,2.719881646369589068e-01,3.868045703127575008e-01,0.000000000000000000e+00,3.259196919182423824e-01,3.579780363531495091e-01,4.582143239657465172e-01,0.000000000000000000e+00,0.000000000000000000e+00,4.925710476226842216e-01,3.937389198746463204e-01,3.469232268271987274e-01,4.667719791258816975e-01,4.380658431786808027e-01,3.273068963796781916e-01,4.192532958914481078e-01,3.516239286673383257e-01,3.742286557380888889e-01,0.000000000000000000e+00,0.000000000000000000e+00,0.000000000000000000e+00,4.187028223715700270e-01,0.000000000000000000e+00,0.000000000000000000e+00,0.000000000000000000e+00,0.000000000000000000e+00,3.561842952915988958e-01,0.000000000000000000e+00,3.421600418083359241e-01,4.449215492625204771e-01,3.786849875842824842e-01,4.174881306797991187e-01,4.691078465641262962e-01,0.000000000000000000e+00,3.842725885012571174e-01,0.000000000000000000e+00,3.455665460778236109e-01,4.308633821277639275e-01,0.000000000000000000e+00,0.000000000000000000e+00,0.000000000000000000e+00,0.000000000000000000e+00,3.389677152926373060e-01,0.000000000000000000e+00,0.000000000000000000e+00,0.000000000000000000e+00,4.987931670698704800e-01,0.000000000000000000e+00,0.000000000000000000e+00,0.000000000000000000e+00,4.733949004877878175e-01,2.877265363940398890e-01,0.000000000000000000e+00,0.000000000000000000e+00,0.000000000000000000e+00
3.926146441930675191e-01,0.000000000000000000e+00,3.231450859774729900e-01,1.905229843651481125e-01,3.294362863307584988e-01,2.902851845436800193e-01,3.439668736327942122e-01,4.036736051357879829e-01,3.426217048874398152e-01,2.622382254652030897e-01,3.570962675772277883e-01,0.000000000000000000e+00,3.810731533973614749e-01,0.000000000000000000e+00,0.000000000000000000e+00,0.000000000000000000e+00,3.537588623488872042e-01,3.750991381746094921e-01,3.459619541894897732e-01,0.000000000000000000e+00,4.205364636825528746e-01,0.000000000000000000e+00,3.180703527753360182e-01,2.899519879934889799e-01,3.635765094939638065e-01,3.172505912344029122e-01,2.892728537979271097e-01,3.618953592017530863e-01,0.000000000000000000e+00,0.000000000000000000e+00,3.467984240610608171e-01,3.210403793379820181e-01,2.904051763869198166e-01,2.643905201698785179e-01,3.383136035948229869e-01,3.234447582590755932e-01,2.603473610147589157e-01,2.191388820294307982e-01,3.344365647869826930e-01,3.729929141006342874e-01,3.138650843172168803e-01,0.000000000000000000e+00,3.253523352677091807e-01,0.000000000000000000e+00,3.340623506360321238e-01,0.000000000000000000e+00,0.000000000000000000e+00,0.000000000000000000e+00,0.000000000000000000e+00,0.000000000000000000e+00,0.000000000000000000e+00,0.000000000000000000e+00,0.000000000000000000e+00,0.000000000000000000e+00,4.701476955224487275e-01,0.000000000000000000e+00,4.691653997185621927e-01,2.784076623640078241e-01,0.000000000000000000e+00,0.000000000000000000e+00,0.000000000000000000e+00,4.095726230595230222e-01,4.126977405309251168e-01,0.000000000000000000e+00,0.000000000000000000e+00,0.000000000000000000e+00,0.000000000000000000e+00,0.000000000000000000e+00,4.229181023489870239e-01,4.459445324094312157e-01,4.558999586018729899e-01,0.000000000000000000e+00,2.492062935136236113e-01,0.000000000000000000e+00,0.000000000000000000e+00,4.172198577328208868e-01
3.954173587534172141e-01,4.421038725340046271e-01,4.513281305337573102e-01,3.348986644745434171e-01,3.584899828723531745e-01,3.833673804190648182e-01,3.447281556192052232e-01,4.464353452988688020e-01,3.487324034768297110e-01,4.283532556444132888e-01,4.558719933700546845e-01,3.810731533973614749e-01,0.000000000000000000e+00,3.613134319964917962e-01,0.000000000000000000e+00,4.693812994056164034e-01,3.952645117246983975e-01,4.242834133921782880e-01,4.777096635537368963e-01,4.450272695234582798e-01,4.683749012144264867e-01,4.665982040450372126e-01,4.418501351245798792e-01,3.888149126332174910e-01,4.291536279185690916e-01,4.408440954478211049e-01,4.312374266791557109e-01,3.476421852452613037e-01,3.889590151896086812e-01,4.341723933447851902e-01,4.254214903189940111e-01,4.103286236075601723e-01,3.774924710078854106e-01,4.337956792161766773e-01,4.164408775192666723e-01,3.418201152633734141e-01,3.670104851904008036e-01,3.825143232714676156e-01,3.808902736738937200e-01,3.274906093600905010e-01,2.533743627856558933e-01,2.726760457491230194e-01,3.247713330249192842e-01,0.000000000000000000e+00,3.454436574220706158e-01,0.000000000000000000e+00,0.000000000000000000e+00,3.588212960027553078e-01,0.000000000000000000e+00,0.000000000000000000e+00,4.424520100356620911e-01,3.972089396043365084e-01,4.554092662123471191e-01,0.000000000000000000e+00,0.000000000000000000e+00,3.915762579901824192e-01,3.888433498995795823e-01,0.000000000000000000e+00,0.000000000000000000e+00,3.816657870017222121e-01,0.000000000000000000e+00,0.000000000000000000e+00,0.000000000000000000e+00,0.000000000000000000e+00,3.809292205109076068e-01,0.000000000000000000e+00,3.075654976085084868e-01,5.160988256735508095e-01,0.000000000000000000e+00,3.006799029598368200e-01,3.024716642318027726e-01,4.935182037937627109e-01,0.000000000000000000e+00,3.999801467118352938e-01,0.000000000000000000e+00,0.000000000000000000e+00
0.000000000000000000e+00,0.000000000000000000e+00,4.413120546421908097e-01,3.284515519446825071e-01,2.684749581467040236e-01,4.249819334597568221e-01,3.401024298945207192e-01,4.086246405995178077e-01,4.457755432110053762e-01,0.000000000000000000e+00,3.402806105429898031e-01,0.000000000000000000e+00,3.613134319964917962e-01,0.000000000000000000e+00,0.000000000000000000e+00,0.000000000000000000e+00,0.000000000000000000e+00,0.000000000000000000e+00,4.165399194682236073e-01,0.000000000000000000e+00,4.718828696995283067e-01,0.000000000000000000e+00,4.003922323547723927e-01,0.000000000000000000e+00,0.000000000000000000e+00,0.000000000000000000e+00,4.354300090163046866e-01,2.730219043502746246e-01,0.000000000000000000e+00,0.000000000000000000e+00,4.751872030251860779e-01,2.828374836520218261e-01,0.000000000000000000e+00,4.492421907383548074e-01,0.000000000000000000e+00,2.572093545647716750e-01,2.265405261057356900e-01,0.000000000000000000e+00,3.134482631099538841e-01,0.000000000000000000e+00,0.000000000000000000e+00,0.000000000000000000e+00,0.000000000000000000e+00,0.000000000000000000e+00,0.000000000000000000e+00,0.000000000000000000e+00,0.000000000000000000e+00,3.922168066734950109e-01,0.000000000000000000e+00,0.000000000000000000e+00,0.000000000000000000e+00,0.000000000000000000e+00,0.000000000000000000e+00,4.670022381021732838e-01,0.000000000000000000e+00,4.158692332271474168e-01,0.000000000000000000e+00,0.000000000000000000e+00,0.000000000000000000e+00,0.000000000000000000e+00,0.000000000000000000e+00,0.000000000000000000e+00,0.000000000000000000e+00,0.000000000000000000e+00,0.000000000000000000e+00,0.000000000000000000e+00,0.000000000000000000e+00,4.307374938109044815e-01,0.000000000000000000e+00,0.000000000000000000e+00,0.000000000000000000e+00,4.331811561103496855e-01,0.000000000000000000e+00,0.000000000000000000e+00,0.000000000000000000e+00,0.000000000000000000e+00
4.017374942887431133e-01,4.125940541980180898e-01,0.000000000000000000e+00,0.000000000000000000e+00,0.000000000000000000e+00,4.033360117670306000e-01,0.000000000000000000e+00,4.102661951511077931e-01,0.000000000000000000e+00,0.000000000000000000e+00,0.000000000000000000e+00,0.000000000000000000e+00,0.000000000000000000e+00,0.000000000000000000e+00,0.000000000000000000e+00,4.228165288911496789e-01,0.000000000000000000e+00,4.112624486266345802e-01,0.000000000000000000e+00,3.235528110681751834e-01,3.900668658978255210e-01,3.201432976834018840e-01,3.495074538797520169e-01,3.997503663079113867e-01,4.077024706559351785e-01,3.697531635117858873e-01,3.553174991879450850e-01,4.146456755679738815e-01,4.002426865339274165e-01,0.000000000000000000e+00,4.074680602392993234e-01,4.092757951724996235e-01,3.783284707043476081e-01,4.209160867569510245e-01,4.529192734118649977e-01,4.531263926430793010e-01,0.000000000000000000e+00,0.000000000000000000e+00,4.716214784095482115e-01,4.877118738018981769e-01,4.664094015171498797e-01,5.127077716958929887e-01,3.230051508323508180e-01,0.000000000000000000e+00,0.000000000000000000e+00,0.000000000000000000e+00,4.923300624830317940e-01,0.000000000000000000e+00,0.000000000000000000e+00,0.000000000000000000e+00,4.213303523608202261e-01,0.000000000000000000e+00,5.012104580330536407e-01,0.000000000000000000e+00,0.000000000000000000e+00,0.000000000000000000e+00,0.000000000000000000e+00,3.810475010426426778e-01,0.000000000000000000e+00,4.898536933619945799e-01,4.211463946336266861e-01,0.000000000000000000e+00,0.000000000000000000e+00,0.000000000000000000e+00,4.763187566915367821e-01,4.786230893513601092e-01,4.992893780463790177e-01,4.848770250738038134e-01,0.000000000000000000e+00,3.050152950050434852e-01,5.030539246049370306e-01,4.908808810334949202e-01,3.641098300301093826e-01,4.563915145977445187e-01,0.000000000000000000e+00,4.012079015885652855e-01
4.041493819863823944e-01,3.877927662109844076e-01,0.000000000000000000e+00,0.000000000000000000e+00,3.917580084209825730e-01,4.483781988607971059e-01,4.581054398912798864e-01,4.642191937169741767e-01,3.882041212250872952e-01,3.283889283235568168e-01,0.000000000000000000e+00,0.000000000000000000e+00,4.693812994056164034e-01,0.000000000000000000e+00,4.228165288911496789e-01,0.000000000000000000e+00,3.671362277381490791e-01,3.549967955627710836e-01,0.000000000000000000e+00,3.869022320890133093e-01,4.324621995940706176e-01,3.580411602551730743e-01,4.461290034985658237e-01,4.164984687356200754e-01,3.790838919684069164e-01,4.103850100386227107e-01,4.281595138891244878e-01,4.337774733951398898e-01,4.193237377028495860e-01,3.751869242021634854e-01,3.611095642115246251e-01,4.282071470609272734e-01,3.501440744844204200e-01,3.813109369311800112e-01,4.410726617638592861e-01,0.000000000000000000e+00,0.000000000000000000e+00,0.000000000000000000e+00,4.559214493291928183e-01,4.364442596042050204e-01,4.380838777814249907e-01,4.779582735759315137e-01,0.000000000000000000e+00,0.000000000000000000e+00,0.000000000000000000e+00,4.519536644222144073e-01,4.551088149751221223e-01,0.000000000000000000e+00,0.000000000000000000e+00,0.000000000000000000e+00,0.000000000000000000e+00,0.000000000000000000e+00,0.000000000000000000e+00,0.000000000000000000e+00,0.000000000000000000e+00,0.000000000000000000e+00,0.000000000000000000e+00,0.000000000000000000e+00,0.000000000000000000e+00,4.591355944279535972e-01,4.466229199770150871e-01,0.000000000000000000e+00,4.004274730255267811e-01,0.000000000000000000e+00,3.737449366500533166e-01,0.000000000000000000e+00,4.560036457877246208e-01,3.446481162387828867e-01,0.000000000000000000e+00,4.319335129563707798e-01,4.611238441769818786e-01,2.987143875592876974e-01,0.000000000000000000e+00,3.334088344728494135e-01,0.000000000000000000e+00,4.290787463939442770e-01
3.928688723938353888e-01,0.000000000000000000e+00,0.000000000000000000e+00,0.000000000000000000e+00,0.000000000000000000e+00,3.170520735833639026e-01,3.643122894359995811e-01,0.000000000000000000e+00,0.000000000000000000e+00,3.397337433644903038e-01,3.618688331471932029e-01,3.537588623488872042e-01,3.952645117246983975e-01,0.000000000000000000e+00,0.000000000000000000e+00,3.671362277381490791e-01,0.000000000000000000e+00,3.440922021896253846e-01,0.000000000000000000e+00,2.896000646790976019e-01,0.000000000000000000e+00,3.365483722992352877e-01,0.000000000000000000e+00,3.705799980873422106e-01,3.277411557598385872e-01,3.485469630674566943e-01,0.000000000000000000e+00,4.094303169088209793e-01,3.430843930091848071e-01,0.000000000000000000e+00,3.753634968956526818e-01,4.266500383229773208e-01,3.464405161838707836e-01,3.850213255095795151e-01,4.190319754825799770e-01,0.000000000000000000e+00,0.000000000000000000e+00,2.733568934602927936e-01,0.000000000000000000e+00,4.174850022120342175e-01,0.000000000000000000e+00,0.000000000000000000e+00,0.000000000000000000e+00,0.000000000000000000e+00,0.000000000000000000e+00,0.000000000000000000e+00,0.000000000000000000e+00,0.000000000000000000e+00,0.000000000000000000e+00,0.000000000000000000e+00,0.000000000000000000e+00,0.000000000000000000e+00,0.000000000000000000e+00,0.000000000000000000e+00,4.621800740539847019e-01,0.000000000000000000e+00,4.594265206094049203e-01,0.000000000000000000e+00,0.000000000000000000e+00,0.000000000000000000e+00,0.000000000000000000e+00,3.904959974330695083e-01,4.345490051508544838e-01,0.000000000000000000e+00,0.000000000000000000e+00,0.000000000000000000e+00,0.000000000000000000e+00,0.000000000000000000e+00,4.613969386423171781e-01,4.470370388215523239e-01,4.577713261493194241e-01,0.000000000000000000e+00,0.000000000000000000e+00,0.000000000000000000e+00,0.000000000000000000e+00,0.000000000000000000e+00
3.991793759994635149e-01,3.782108849383247207e-01,0.000000000000000000e+00,0.000000000000000000e+00,0.000000000000000000e+00,4.214496561067895275e-01,3.933909573355807154e-01,4.579511810469418243e-01,2.963474366193811216e-01,3.513612185865829796e-01,0.000000000000000000e+00,3.750991381746094921e-01,4.242834133921782880e-01,0.000000000000000000e+00,4.112624486266345802e-01,3.549967955627710836e-01,3.440922021896253846e-01,0.000000000000000000e+00,0.000000000000000000e+00,4.006838192482051753e-01,4.464449439187216928e-01,3.819528820199453722e-01,4.590631426479903077e-01,3.737530074534530788e-01,3.560604383407693918e-01,3.901407925016022737e-01,4.235362089986521861e-01,4.349799080159640896e-01,4.331026725833730939e-01,0.000000000000000000e+00,3.962929690845846120e-01,4.287623602495849728e-01,3.547511721600440926e-01,3.900249278396257790e-01,4.325636849226958125e-01,0.000000000000000000e+00,0.000000000000000000e+00,0.000000000000000000e+00,4.468708136878195014e-01,4.230728068614402204e-01,4.354611591789098179e-01,4.609898781494858877e-01,0.000000000000000000e+00,0.000000000000000000e+00,0.000000000000000000e+00,4.377174185265774731e-01,4.421591661512632165e-01,0.000000000000000000e+00,0.000000000000000000e+00,0.000000000000000000e+00,0.000000000000000000e+00,0.000000000000000000e+00,0.000000000000000000e+00,0.000000000000000000e+00,4.238103778853217207e-01,0.000000000000000000e+00,4.408811353463005234e-01,0.000000000000000000e+00,0.000000000000000000e+00,0.000000000000000000e+00,4.363735211087136912e-01,3.900404699268377184e-01,4.260391605275157811e-01,0.000000000000000000e+00,0.000000000000000000e+00,0.000000000000000000e+00,4.362875911217152236e-01,0.000000000000000000e+00,4.258886076224678852e-01,4.332974391693656946e-01,4.450601539052158051e-01,0.000000000000000000e+00,0.000000000000000000e+00,0.000000000000000000e+00,0.000000000000000000e+00,4.259636361551772943e-01
0.000000000000000000e+00,0.000000000000000000e+00,2.881454839466037199e-01,3.568034513054845203e-01,4.419447085720416002e-01,3.062224610058724150e-01,4.757214696542140242e-01,4.724320943931143990e-01,3.032723075235265742e-01,4.007893505416648128e-01,2.812226366502170172e-01,3.459619541894897732e-01,4.777096635537368963e-01,4.165399194682236073e-01,0.000000000000000000e+00,0.000000000000000000e+00,0.000000000000000000e+00,0.000000000000000000e+00,0.000000000000000000e+00,0.000000000000000000e+00,0.000000000000000000e+00,0.000000000000000000e+00,3.176643776802386965e-01,0.000000000000000000e+00,0.000000000000000000e+00,0.000000000000000000e+00,3.672002472979352117e-01,4.852752010205099165e-01,0.000000000000000000e+00,0.000000000000000000e+00,5.059643598065388659e-01,4.410799599067247168e-01,0.000000000000000000e+00,4.754375621050648815e-01,4.499383599840832137e-01,4.190993508606792872e-01,4.184308805417824018e-01,3.689988202165904729e-01,3.666465879371271219e-01,0.000000000000000000e+00,0.000000000000000000e+00,0.000000000000000000e+00,4.427387112531442903e-01,0.000000000000000000e+00,0.000000000000000000e+00,0.000000000000000000e+00,0.000000000000000000e+00,5.701000195705033802e-01,0.000000000000000000e+00,3.929506675073691779e-01,4.789330834036926166e-01,3.982144147790329103e-01,5.299636340610355267e-01,5.291637248608730415e-01,0.000000000000000000e+00,5.189213528481231297e-01,0.000000000000000000e+00,3.870565495887939855e-01,4.689954647954575062e-01,0.000000000000000000e+00,0.000000000000000000e+00,0.000000000000000000e+00,0.000000000000000000e+00,5.454524155387964202e-01,0.000000000000000000e+00,0.000000000000000000e+00,0.000000000000000000e+00,5.282969584192201973e-01,0.000000000000000000e+00,0.000000000000000000e+00,0.000000000000000000e+00,5.033403349672258553e-01,0.000000000000000000e+00,0.000000000000000000e+00,0.000000000000000000e+00,0.000000000000000000e+00
4.117199278427394193e-01,4.161087952635185161e-01,0.000000000000000000e+00,3.564534061582835256e-01,4.789236283987302056e-01,4.127258565968682791e-01,4.471088568554936193e-01,4.047413695474750273e-01,4.186403710443430959e-01,3.043219067189991134e-01,0.000000000000000000e+00,0.000000000000000000e+00,4.450272695234582798e-01,0.000000000000000000e+00,3.235528110681751834e-01,3.869022320890133093e-01,2.896000646790976019e-01,4.006838192482051753e-01,0.000000000000000000e+00,0.000000000000000000e+00,4.332018420219900245e-01,3.441384872509861137e-01,3.122993609240972135e-01,0.000000000000000000e+00,3.963486363188983841e-01,4.130865931227213905e-01,2.992069293725893031e-01,3.870273295115665979e-01,3.290478532186028038e-01,3.552107679379200023e-01,3.866241032389334253e-01,4.167026020587564217e-01,3.655803034311483901e-01,4.210613395003631187e-01,4.562202447947203976e-01,4.378162926908087949e-01,4.234655065219019021e-01,0.000000000000000000e+00,4.417668655520278209e-01,3.541435049193851214e-01,3.605208231662805907e-01,4.423061545746763135e-01,3.157915982769615160e-01,0.000000000000000000e+00,0.000000000000000000e+00,0.000000000000000000e+00,3.468233298109691942e-01,0.000000000000000000e+00,0.000000000000000000e+00,0.000000000000000000e+00,3.685738910916150912e-01,0.000000000000000000e+00,4.459744918525047064e-01,0.000000000000000000e+00,0.000000000000000000e+00,0.000000000000000000e+00,0.000000000000000000e+00,3.102796128350983063e-01,0.000000000000000000e+00,4.480726258352177860e-01,2.705816099511311745e-01,0.000000000000000000e+00,0.000000000000000000e+00,0.000000000000000000e+00,4.612673977795901936e-01,4.193809430465755828e-01,4.665979547387770765e-01,4.697811667047874784e-01,0.000000000000000000e+00,2.627936671260969748e-01,4.469107927823758875e-01,4.792094508050919743e-01,3.580324593407199774e-01,4.411015704200835219e-01,0.000000000000000000e+00,3.385600910094926919e-01
4.439910097700743852e-01,4.183447034641633033e-01,0.000000000000000000e+00,0.000000000000000000e+00,0.000000000000000000e+00,4.052841207743315133e-01,0.000000000000000000e+00,4.084551431149934797e-01,0.000000000000000000e+00,0.000000000000000000e+00,0.000000000000000000e+00,4.205364636825528746e-01,4.683749012144264867e-01,4.718828696995283067e-01,3.900668658978255210e-01,4.324621995940706176e-01,0.000000000000000000e+00,4.464449439187216928e-01,0.000000000000000000e+00,4.332018420219900245e-01,0.000000000000000000e+00,4.180977305579962056e-01,4.080907317122883238e-01,5.023148604432605691e-01,4.415329017360272723e-01,4.136548287068871899e-01,4.297519808691274146e-01,4.295379914828256762e-01,4.130382510194509083e-01,0.000000000000000000e+00,4.100994846869639998e-01,4.253113694393508837e-01,4.016781370839417886e-01,4.186962328029538161e-01,4.771530709087323796e-01,0.000000000000000000e+00,0.000000000000000000e+00,0.000000000000000000e+00,4.532588077070238142e-01,4.120748028134145202e-01,4.085481877510783733e-01,4.955878422765794822e-01,0.000000000000000000e+00,0.000000000000000000e+00,0.000000000000000000e+00,4.512629752381923098e-01,4.941640888458533887e-01,0.000000000000000000e+00,0.000000000000000000e+00,0.000000000000000000e+00,4.558576591069463113e-01,0.000000000000000000e+00,3.874671245125522745e-01,0.000000000000000000e+00,0.000000000000000000e+00,0.000000000000000000e+00,0.000000000000000000e+00,0.000000000000000000e+00,0.000000000000000000e+00,4.729790315792897215e-01,3.948610783867347873e-01,0.000000000000000000e+00,0.000000000000000000e+00,0.000000000000000000e+00,4.887281275204872766e-01,4.092339869631824723e-01,4.737334425937785864e-01,4.826722653960117126e-01,0.000000000000000000e+00,3.703511776521277166e-01,5.017151722042717532e-01,4.892192761898179199e-01,4.289701585502899150e-01,4.721530971890354755e-01,0.000000000000000000e+00,2.985713516823034208e-01
