0.000000000000000000e+00,3.885833771013699756e-01,0.000000000000000000e+00,0.000000000000000000e+00,0.000000000000000000e+00,4.309553392158351759e-01,0.000000000000000000e+00,4.819769069494566072e-01,0.000000000000000000e+00,3.966166346523740116e-01,0.000000000000000000e+00,3.788194811192213129e-01,5.005227174344208940e-01,0.000000000000000000e+00,3.853461838186302835e-01,3.699664242554943083e-01,3.700982242547035117e-01,3.726983931123992733e-01,0.000000000000000000e+00,4.103921902259163867e-01,4.122449057942887962e-01,3.472624510761704864e-01,4.433575219815317769e-01,3.690501373964104048e-01,3.681739261380835848e-01,3.518504040381232878e-01,4.326958653624572992e-01,4.517736096651263078e-01,4.356506583513485853e-01,0.000000000000000000e+00,3.682997173669012025e-01,4.256069355377650187e-01,3.488375963465075169e-01,3.692575504327373914e-01,4.121183373675081918e-01,0.000000000000000000e+00,0.000000000000000000e+00,4.475177294727227806e-01,4.465659898373355863e-01,4.165699350341310891e-01,4.380760237815822244e-01,0.000000000000000000e+00,0.000000000000000000e+00,0.000000000000000000e+00,0.000000000000000000e+00,4.046473954384526839e-01,4.476293035195688108e-01,0.000000000000000000e+00,0.000000000000000000e+00,0.000000000000000000e+00,0.000000000000000000e+00,0.000000000000000000e+00,0.000000000000000000e+00,0.000000000000000000e+00,4.735743882817330941e-01,0.000000000000000000e+00,0.000000000000000000e+00,0.000000000000000000e+00,0.000000000000000000e+00,0.000000000000000000e+00,4.540574638931189067e-01,0.000000000000000000e+00,4.264296109086492259e-01,0.000000000000000000e+00,0.000000000000000000e+00,4.226842397374085958e-01,4.355170117683426212e-01,0.000000000000000000e+00,0.000000000000000000e+00,4.393726634952175858e-01,4.698361449620382935e-01,0.000000000000000000e+00,0.000000000000000000e+00,0.000000000000000000e+00,0.000000000000000000e+00,4.449347163341115796e-01
3.885833771013699756e-01,0.000000000000000000e+00,0.000000000000000000e+00,0.000000000000000000e+00,4.441752912873145887e-01,3.968276895207104027e-01,4.408857966711787202e-01,4.413159317658129077e-01,3.911042119858217925e-01,0.000000000000000000e+00,0.000000000000000000e+00,0.000000000000000000e+00,4.364341400738098176e-01,0.000000000000000000e+00,4.169282366665837958e-01,3.811367426876908215e-01,3.906655391664898835e-01,3.839316763115412923e-01,0.000000000000000000e+00,4.021561387605421811e-01,4.048843624419714016e-01,3.806265971548490890e-01,4.059156174776401005e-01,0.000000000000000000e+00,3.619962188777290923e-01,3.588966748166487197e-01,4.056480932109490234e-01,4.362950487629408958e-01,4.158429732871535833e-01,0.000000000000000000e+00,3.692507021049962201e-01,4.243572760623651186e-01,3.644580620827984063e-01,3.614966649102572260e-01,3.898998561008437114e-01,0.000000000000000000e+00,0.000000000000000000e+00,0.000000000000000000e+00,4.665017631567979772e-01,4.304032949267412866e-01,4.531903331395900070e-01,4.667101410284323904e-01,0.000000000000000000e+00,0.000000000000000000e+00,0.000000000000000000e+00,4.351595215411793727e-01,4.409889811750504207e-01,0.000000000000000000e+00,0.000000000000000000e+00,0.000000000000000000e+00,1.380189878409228132e-01,0.000000000000000000e+00,0.000000000000000000e+00,0.000000000000000000e+00,0.000000000000000000e+00,0.000000000000000000e+00,0.000000000000000000e+00,0.000000000000000000e+00,0.000000000000000000e+00,4.959360628434936746e-01,4.526036599126829207e-01,0.000000000000000000e+00,4.172418796522255890e-01,0.000000000000000000e+00,4.601663330279716080e-01,4.843570453016681765e-01,4.766689721905402188e-01,4.808370888364665863e-01,0.000000000000000000e+00,4.363748603232867063e-01,4.754362168349274276e-01,1.228112163798806972e-01,0.000000000000000000e+00,1.088002021669951941e-01,0.000000000000000000e+00,4.255638748560112150e-01
0.000000000000000000e+00,0.000000000000000000e+00,0.000000000000000000e+00,1.084974605659149022e-01,3.736337404082972213e-01,3.496576247148873162e-01,4.199193597602878802e-01,3.929437109061246769e-01,2.838910770045022236e-01,1.366818454632532931e-01,2.945002387437993252e-01,1.446661517501139915e-01,4.159363656459780234e-01,3.410522580099383805e-01,0.000000000000000000e+00,0.000000000000000000e+00,0.000000000000000000e+00,0.000000000000000000e+00,2.590450378459341896e-01,0.000000000000000000e+00,0.000000000000000000e+00,0.000000000000000000e+00,2.388626886396096050e-01,0.000000000000000000e+00,0.000000000000000000e+00,0.000000000000000000e+00,3.151113118022846882e-01,4.242127254387618174e-01,0.000000000000000000e+00,0.000000000000000000e+00,4.308313735571360215e-01,4.293032839422181723e-01,0.000000000000000000e+00,4.350425822102698126e-01,0.000000000000000000e+00,3.694859726287166857e-01,3.808956341995313744e-01,0.000000000000000000e+00,1.477498084837118031e-01,0.000000000000000000e+00,1.357753081291697972e-01,0.000000000000000000e+00,4.034422381121541834e-01,0.000000000000000000e+00,0.000000000000000000e+00,0.000000000000000000e+00,0.000000000000000000e+00,3.488088468342404047e-01,0.000000000000000000e+00,4.925860689323057207e-01,4.538650635492839092e-01,5.086773942488655997e-01,4.805692950250018969e-01,4.509208222483089834e-01,0.000000000000000000e+00,2.390952953199788067e-01,0.000000000000000000e+00,4.736861471478375774e-01,0.000000000000000000e+00,0.000000000000000000e+00,0.000000000000000000e+00,0.000000000000000000e+00,0.000000000000000000e+00,2.867213696571208059e-01,0.000000000000000000e+00,0.000000000000000000e+00,0.000000000000000000e+00,4.926963189648349006e-01,0.000000000000000000e+00,0.000000000000000000e+00,0.000000000000000000e+00,4.898250776112612059e-01,5.630633168548374590e-01,0.000000000000000000e+00,0.000000000000000000e+00,0.000000000000000000e+00
0.000000000000000000e+00,0.000000000000000000e+00,1.084974605659149022e-01,0.000000000000000000e+00,2.857117817980298069e-01,3.738609278210314191e-01,3.293531811111676810e-01,3.150864682548534801e-01,3.928824853127341754e-01,0.000000000000000000e+00,3.586330053108328086e-01,3.353339006770357789e-01,2.944926330115898994e-01,1.945363499839095900e-01,0.000000000000000000e+00,0.000000000000000000e+00,0.000000000000000000e+00,0.000000000000000000e+00,4.241130724397542129e-01,4.756598695762064843e-01,0.000000000000000000e+00,0.000000000000000000e+00,3.976837261675247870e-01,0.000000000000000000e+00,0.000000000000000000e+00,0.000000000000000000e+00,4.125081761505995925e-01,2.629553878231454256e-01,0.000000000000000000e+00,0.000000000000000000e+00,2.716127489319952737e-01,3.012516869689192966e-01,0.000000000000000000e+00,2.490052837687977971e-01,2.706678160965262925e-01,1.766721416918146936e-01,2.028033631342082976e-01,2.153984866499958073e-01,0.000000000000000000e+00,0.000000000000000000e+00,0.000000000000000000e+00,0.000000000000000000e+00,0.000000000000000000e+00,0.000000000000000000e+00,0.000000000000000000e+00,0.000000000000000000e+00,0.000000000000000000e+00,0.000000000000000000e+00,0.000000000000000000e+00,0.000000000000000000e+00,0.000000000000000000e+00,0.000000000000000000e+00,0.000000000000000000e+00,0.000000000000000000e+00,0.000000000000000000e+00,0.000000000000000000e+00,0.000000000000000000e+00,0.000000000000000000e+00,0.000000000000000000e+00,0.000000000000000000e+00,0.000000000000000000e+00,0.000000000000000000e+00,0.000000000000000000e+00,0.000000000000000000e+00,0.000000000000000000e+00,0.000000000000000000e+00,0.000000000000000000e+00,0.000000000000000000e+00,0.000000000000000000e+00,0.000000000000000000e+00,0.000000000000000000e+00,0.000000000000000000e+00,0.000000000000000000e+00,0.000000000000000000e+00,0.000000000000000000e+00,0.000000000000000000e+00
0.000000000000000000e+00,4.441752912873145887e-01,3.736337404082972213e-01,2.857117817980298069e-01,0.000000000000000000e+00,3.660910971287741900e-01,3.569297976237613135e-01,3.571497336726698890e-01,3.430773720355040912e-01,4.322369129134677190e-01,3.338895496982742794e-01,4.165073154551720003e-01,3.725669153813622181e-01,2.644697091710823122e-01,0.000000000000000000e+00,4.712461581301424229e-01,0.000000000000000000e+00,0.000000000000000000e+00,3.856921565392780749e-01,3.950210423356115830e-01,0.000000000000000000e+00,4.557431773076970893e-01,3.860859439267956827e-01,0.000000000000000000e+00,1.026512181678926050e-01,4.552749152109942798e-01,3.822104604270152861e-01,3.707586012058295966e-01,4.265554067488608880e-01,0.000000000000000000e+00,4.183114391429723078e-01,3.704813973435758245e-01,3.592739938628211060e-01,3.939044853261591261e-01,3.404367068041271871e-01,2.589859799238559135e-01,3.285838724668380117e-01,3.816294161808269081e-01,1.449016219380533932e-01,0.000000000000000000e+00,0.000000000000000000e+00,0.000000000000000000e+00,3.432413588192629872e-01,0.000000000000000000e+00,0.000000000000000000e+00,0.000000000000000000e+00,0.000000000000000000e+00,4.597620651475474163e-01,0.000000000000000000e+00,5.874418219004009512e-01,5.034975710630910095e-01,0.000000000000000000e+00,4.527188957506684819e-01,5.156169854890655380e-01,0.000000000000000000e+00,4.010678200149723205e-01,0.000000000000000000e+00,0.000000000000000000e+00,0.000000000000000000e+00,0.000000000000000000e+00,0.000000000000000000e+00,0.000000000000000000e+00,0.000000000000000000e+00,4.608021501110556861e-01,0.000000000000000000e+00,0.000000000000000000e+00,0.000000000000000000e+00,4.815004626681748112e-01,0.000000000000000000e+00,0.000000000000000000e+00,0.000000000000000000e+00,5.023795130354380412e-01,0.000000000000000000e+00,0.000000000000000000e+00,0.000000000000000000e+00,0.000000000000000000e+00
4.309553392158351759e-01,3.968276895207104027e-01,3.496576247148873162e-01,3.738609278210314191e-01,3.660910971287741900e-01,0.000000000000000000e+00,3.915139687409984748e-01,3.591948319513394994e-01,3.031584690713657881e-01,4.322565012158818831e-01,3.460500922596254081e-01,1.587953379915570951e-01,3.497623360581115226e-01,3.756241767553655242e-01,3.999710619451348204e-01,4.180582433747150883e-01,1.577053824631629020e-01,4.169252548297244232e-01,3.682661485688561998e-01,3.929894123198883760e-01,4.003535783509319934e-01,4.127363257838538857e-01,3.698851532366008166e-01,0.000000000000000000e+00,3.884525897259241134e-01,3.991728438199441120e-01,3.372066364093880275e-01,3.362481818946818080e-01,3.236537229931585880e-01,3.987278114614766777e-01,4.024157038133627795e-01,4.190270482174798805e-01,4.032292984912208000e-01,4.186899176369132114e-01,4.447210506767235727e-01,4.484484164407304130e-01,4.155126531302426041e-01,1.323406039125313016e-01,4.134673442481400785e-01,0.000000000000000000e+00,4.542160035419516850e-01,1.337139184359505129e-01,3.843736883325992726e-01,0.000000000000000000e+00,0.000000000000000000e+00,0.000000000000000000e+00,1.837371231652606962e-01,4.848781907011486259e-01,0.000000000000000000e+00,5.329186613044435417e-01,4.446536761194478937e-01,5.031369564240777414e-01,4.156978543206339971e-01,4.606808101126951271e-01,0.000000000000000000e+00,1.476943059108785927e-01,0.000000000000000000e+00,4.827579739310688955e-01,0.000000000000000000e+00,1.403968170182710029e-01,0.000000000000000000e+00,0.000000000000000000e+00,0.000000000000000000e+00,5.291745532264436891e-01,1.233254195764424965e-01,0.000000000000000000e+00,1.635458232680565005e-01,4.507598928392808069e-01,0.000000000000000000e+00,0.000000000000000000e+00,1.638433464803079054e-01,4.400866762083812112e-01,4.540955390898185895e-01,4.369672818388800062e-01,1.011516926898475971e-01,4.510903290164253177e-01
0.000000000000000000e+00,4.408857966711787202e-01,4.199193597602878802e-01,3.293531811111676810e-01,3.569297976237613135e-01,3.915139687409984748e-01,0.000000000000000000e+00,4.184289836777617122e-01,3.654262355989494893e-01,4.055976242951683797e-01,4.245879070619046902e-01,3.814762694574168056e-01,3.554117752194860258e-01,3.322912264527387860e-01,0.000000000000000000e+00,4.691396632891212115e-01,0.000000000000000000e+00,4.545526144064153118e-01,4.367471128081237830e-01,4.442291026323132996e-01,0.000000000000000000e+00,4.746136222005261085e-01,4.162649505916614090e-01,4.056695330679830902e-01,4.316209707909507975e-01,4.317193630173217223e-01,4.118404398458280213e-01,3.715954226463926147e-01,4.553587891490635808e-01,0.000000000000000000e+00,4.012118268046542813e-01,3.612638674037180198e-01,3.556659107591029212e-01,3.913003293413622186e-01,4.164701499513729921e-01,3.035464671851383911e-01,3.258467300025121860e-01,3.544146805307348824e-01,1.841832463700056044e-01,0.000000000000000000e+00,1.637731516271186127e-01,0.000000000000000000e+00,4.714166330649551262e-01,0.000000000000000000e+00,0.000000000000000000e+00,0.000000000000000000e+00,0.000000000000000000e+00,5.570704540578879094e-01,0.000000000000000000e+00,0.000000000000000000e+00,5.026190276346955699e-01,0.000000000000000000e+00,5.296943177085281507e-01,5.897395067151594006e-01,0.000000000000000000e+00,5.577204371059828469e-01,0.000000000000000000e+00,0.000000000000000000e+00,0.000000000000000000e+00,0.000000000000000000e+00,0.000000000000000000e+00,0.000000000000000000e+00,0.000000000000000000e+00,6.451499727882348267e-01,0.000000000000000000e+00,0.000000000000000000e+00,0.000000000000000000e+00,4.908839818134823063e-01,0.000000000000000000e+00,0.000000000000000000e+00,0.000000000000000000e+00,4.770864148431763208e-01,0.000000000000000000e+00,0.000000000000000000e+00,0.000000000000000000e+00,0.000000000000000000e+00
4.819769069494566072e-01,4.413159317658129077e-01,3.929437109061246769e-01,3.150864682548534801e-01,3.571497336726698890e-01,3.591948319513394994e-01,4.184289836777617122e-01,0.000000000000000000e+00,4.182875296732684878e-01,4.826649970462265071e-01,3.216454922290825080e-01,0.000000000000000000e+00,4.264678396261624149e-01,3.038147736359879114e-01,3.288014037824730229e-01,4.557603555212840774e-01,0.000000000000000000e+00,4.481138945408891239e-01,4.017123533748624964e-01,4.065505351111918242e-01,3.557382279661995828e-01,4.380826084293639733e-01,3.418800020378882087e-01,4.789125418716644877e-01,4.372377784475566243e-01,4.466803445677289264e-01,4.010757815222359968e-01,4.298815220216946065e-01,3.947994920304179201e-01,4.281812504651286155e-01,4.231096370735831225e-01,4.184360714828337935e-01,4.308606201908619093e-01,4.446142056767983242e-01,4.555023958755646252e-01,2.426304397359212994e-01,4.389465227316827201e-01,0.000000000000000000e+00,3.900318324522217828e-01,0.000000000000000000e+00,4.255740242077937774e-01,0.000000000000000000e+00,0.000000000000000000e+00,0.000000000000000000e+00,0.000000000000000000e+00,0.000000000000000000e+00,0.000000000000000000e+00,4.771512855247833085e-01,0.000000000000000000e+00,5.307848420731752226e-01,4.137176561391822105e-01,5.005642789019915107e-01,2.768123309224331807e-01,4.806525223197675722e-01,0.000000000000000000e+00,4.559096670600089052e-01,0.000000000000000000e+00,4.487041833611635777e-01,4.430196271487865101e-01,3.596211430416488830e-01,0.000000000000000000e+00,0.000000000000000000e+00,0.000000000000000000e+00,4.950480561794293188e-01,0.000000000000000000e+00,2.339351020574788886e-01,0.000000000000000000e+00,4.093011237584087136e-01,0.000000000000000000e+00,0.000000000000000000e+00,0.000000000000000000e+00,4.121542716183069777e-01,4.305522475089633150e-01,3.964086926518012866e-01,0.000000000000000000e+00,4.451071835155560041e-01
0.000000000000000000e+00,3.911042119858217925e-01,2.838910770045022236e-01,3.928824853127341754e-01,3.430773720355040912e-01,3.031584690713657881e-01,3.654262355989494893e-01,4.182875296732684878e-01,0.000000000000000000e+00,4.369809575414261849e-01,3.265902652148168217e-01,4.226252885157991135e-01,3.329625433782205102e-01,3.857251412817708780e-01,0.000000000000000000e+00,4.545237890787058865e-01,0.000000000000000000e+00,1.723180217420489102e-01,3.001681324090483272e-01,3.711926177118848869e-01,0.000000000000000000e+00,4.093686705339719123e-01,3.627357450892467750e-01,1.348241689002374066e-01,1.381552569281528919e-01,4.306664000179400986e-01,3.237020630368125929e-01,4.045053336384925036e-01,3.871397179611505979e-01,0.000000000000000000e+00,4.058979887145510723e-01,4.105225423145675845e-01,0.000000000000000000e+00,4.230742835153272763e-01,4.263571423467862886e-01,4.197531737859729883e-01,3.978382759260564172e-01,4.042526389132922171e-01,1.371550272575474128e-01,0.000000000000000000e+00,1.944270713845958065e-01,0.000000000000000000e+00,0.000000000000000000e+00,0.000000000000000000e+00,0.000000000000000000e+00,0.000000000000000000e+00,0.000000000000000000e+00,4.987887545463420835e-01,0.000000000000000000e+00,5.601127063288177110e-01,4.634892480272964077e-01,5.512078526575758808e-01,4.685565855939973212e-01,5.100809665786898428e-01,0.000000000000000000e+00,4.638449591334751210e-01,0.000000000000000000e+00,5.520381173647149753e-01,0.000000000000000000e+00,0.000000000000000000e+00,0.000000000000000000e+00,0.000000000000000000e+00,0.000000000000000000e+00,5.394875460433816716e-01,0.000000000000000000e+00,0.000000000000000000e+00,0.000000000000000000e+00,4.886822059749543201e-01,0.000000000000000000e+00,0.000000000000000000e+00,0.000000000000000000e+00,4.890300205459184868e-01,5.278566541490214981e-01,0.000000000000000000e+00,0.000000000000000000e+00,0.000000000000000000e+00
3.966166346523740116e-01,0.000000000000000000e+00,1.366818454632532931e-01,0.000000000000000000e+00,4.322369129134677190e-01,4.322565012158818831e-01,4.055976242951683797e-01,4.826649970462265071e-01,4.369809575414261849e-01,0.000000000000000000e+00,4.370821126161871240e-01,3.273122278750252856e-01,4.092465347603105874e-01,0.000000000000000000e+00,0.000000000000000000e+00,3.796793108134762229e-01,3.270971985920316238e-01,3.536372913422504149e-01,4.641848585466387123e-01,1.064357389920402991e-01,0.000000000000000000e+00,4.074079818947072829e-01,4.506614834053888075e-01,3.268174077043025094e-01,3.370099046728349257e-01,3.538775684440657043e-01,4.503731869445061764e-01,3.813552983529244766e-01,1.329312264403890997e-01,0.000000000000000000e+00,3.278661461813506817e-01,3.633171056274296928e-01,3.129285295284994217e-01,3.387779083197940966e-01,2.749569904267274989e-01,3.280173014998913894e-01,2.701167617119609732e-01,2.941270940276941026e-01,3.565952256101955209e-01,3.359825396896722882e-01,3.532115266457774849e-01,0.000000000000000000e+00,0.000000000000000000e+00,0.000000000000000000e+00,3.312015312060276884e-01,0.000000000000000000e+00,0.000000000000000000e+00,0.000000000000000000e+00,0.000000000000000000e+00,0.000000000000000000e+00,0.000000000000000000e+00,0.000000000000000000e+00,0.000000000000000000e+00,0.000000000000000000e+00,4.157956054757446784e-01,0.000000000000000000e+00,4.249500363885094778e-01,4.052447121703767197e-01,0.000000000000000000e+00,0.000000000000000000e+00,0.000000000000000000e+00,4.072160324776726847e-01,4.074036061946686993e-01,0.000000000000000000e+00,0.000000000000000000e+00,0.000000000000000000e+00,0.000000000000000000e+00,0.000000000000000000e+00,4.118474157995157814e-01,4.285428952576739725e-01,4.401136378091839996e-01,0.000000000000000000e+00,3.635630781861817762e-01,0.000000000000000000e+00,0.000000000000000000e+00,3.768752658685216028e-01
0.000000000000000000e+00,0.000000000000000000e+00,2.945002387437993252e-01,3.586330053108328086e-01,3.338895496982742794e-01,3.460500922596254081e-01,4.245879070619046902e-01,3.216454922290825080e-01,3.265902652148168217e-01,4.370821126161871240e-01,0.000000000000000000e+00,4.352639560957942133e-01,4.195451795857335076e-01,2.675912897195548146e-01,0.000000000000000000e+00,0.000000000000000000e+00,1.129603659847957936e-01,0.000000000000000000e+00,2.665594020824605948e-01,0.000000000000000000e+00,0.000000000000000000e+00,0.000000000000000000e+00,2.749460675952298816e-01,4.784734443175062135e-01,0.000000000000000000e+00,1.680492079956459883e-01,3.523533554273113877e-01,4.059782783800587880e-01,0.000000000000000000e+00,0.000000000000000000e+00,4.375103895299112255e-01,4.129253288056609072e-01,4.405063991794140876e-01,4.274754755508762827e-01,3.999854219581405190e-01,2.861645828070015218e-01,3.960329296182126257e-01,4.254096419296716225e-01,0.000000000000000000e+00,0.000000000000000000e+00,0.000000000000000000e+00,0.000000000000000000e+00,3.503551886610863919e-01,0.000000000000000000e+00,0.000000000000000000e+00,0.000000000000000000e+00,0.000000000000000000e+00,3.085830796831632861e-01,0.000000000000000000e+00,4.128009886355458735e-01,4.512757722839839114e-01,4.774630618510503077e-01,4.327985586773537841e-01,4.282590067656945054e-01,0.000000000000000000e+00,2.819966760559610153e-01,0.000000000000000000e+00,4.687427505911094805e-01,3.672564398042830747e-01,0.000000000000000000e+00,0.000000000000000000e+00,0.000000000000000000e+00,0.000000000000000000e+00,2.521961695422046956e-01,0.000000000000000000e+00,0.000000000000000000e+00,0.000000000000000000e+00,4.700316583154853234e-01,0.000000000000000000e+00,0.000000000000000000e+00,0.000000000000000000e+00,4.646209417797961816e-01,4.777803547084694125e-01,0.000000000000000000e+00,0.000000000000000000e+00,0.000000000000000000e+00
3.788194811192213129e-01,0.000000000000000000e+00,1.446661517501139915e-01,3.353339006770357789e-01,4.165073154551720003e-01,1.587953379915570951e-01,3.814762694574168056e-01,0.000000000000000000e+00,4.226252885157991135e-01,3.273122278750252856e-01,4.352639560957942133e-01,0.000000000000000000e+00,3.933615758528816175e-01,0.000000000000000000e+00,0.000000000000000000e+00,0.000000000000000000e+00,3.746010556065685893e-01,3.821379495854073105e-01,4.913779837301449072e-01,0.000000000000000000e+00,0.000000000000000000e+00,0.000000000000000000e+00,1.457153629566030062e-01,3.092748565134081917e-01,3.660975541377470277e-01,3.340528774465267858e-01,1.478126499661331916e-01,3.754205437254126143e-01,0.000000000000000000e+00,0.000000000000000000e+00,3.684524501130990171e-01,2.578563912147555093e-01,2.875854623439773050e-01,3.043395702563300165e-01,2.484198881331035891e-01,2.967607210519705996e-01,2.918796660236336882e-01,2.451155896005088874e-01,3.350040205890105205e-01,3.461367722629973831e-01,3.499399851831270780e-01,2.998142179195731893e-01,0.000000000000000000e+00,0.000000000000000000e+00,3.211290350531562088e-01,0.000000000000000000e+00,0.000000000000000000e+00,0.000000000000000000e+00,0.000000000000000000e+00,0.000000000000000000e+00,0.000000000000000000e+00,0.000000000000000000e+00,0.000000000000000000e+00,0.000000000000000000e+00,4.330610359358695871e-01,0.000000000000000000e+00,4.281523031606763730e-01,4.261893107614446174e-01,0.000000000000000000e+00,0.000000000000000000e+00,0.000000000000000000e+00,4.331266213430672862e-01,4.262894200031431824e-01,0.000000000000000000e+00,0.000000000000000000e+00,0.000000000000000000e+00,0.000000000000000000e+00,0.000000000000000000e+00,4.045047805890052972e-01,4.410374143700350746e-01,4.490622984625344261e-01,0.000000000000000000e+00,4.013633976614354171e-01,0.000000000000000000e+00,0.000000000000000000e+00,4.063677299016058009e-01
5.005227174344208940e-01,4.364341400738098176e-01,4.159363656459780234e-01,2.944926330115898994e-01,3.725669153813622181e-01,3.497623360581115226e-01,3.554117752194860258e-01,4.264678396261624149e-01,3.329625433782205102e-01,4.092465347603105874e-01,4.195451795857335076e-01,3.933615758528816175e-01,0.000000000000000000e+00,3.635609323785555791e-01,3.714511106284502095e-01,4.675946174648781817e-01,4.253990653066461181e-01,4.392562692466159269e-01,4.223528783639052264e-01,4.351563532996381989e-01,4.392998631129905740e-01,4.659596400596414112e-01,4.105675520185549932e-01,4.177651145463511240e-01,4.203474251994278044e-01,4.323697363068672028e-01,4.030153062484881921e-01,3.283867266817955821e-01,4.207812512010546957e-01,3.648343065224780024e-01,3.872363222781752268e-01,3.764721752693275247e-01,3.730637261522775083e-01,3.967964910283247049e-01,3.836810824269770159e-01,3.184016021979367839e-01,3.172476988996810743e-01,3.668288944597186130e-01,3.702853154562835147e-01,0.000000000000000000e+00,4.029700800450746745e-01,1.298068953631462130e-01,4.500031932251050137e-01,0.000000000000000000e+00,0.000000000000000000e+00,0.000000000000000000e+00,0.000000000000000000e+00,5.538984432058053908e-01,0.000000000000000000e+00,0.000000000000000000e+00,4.881052913780480895e-01,5.897310008915435109e-01,4.703799004874726908e-01,0.000000000000000000e+00,0.000000000000000000e+00,5.148754615202508766e-01,0.000000000000000000e+00,0.000000000000000000e+00,0.000000000000000000e+00,1.660466628282462886e-01,0.000000000000000000e+00,0.000000000000000000e+00,0.000000000000000000e+00,0.000000000000000000e+00,1.543003688465809098e-01,0.000000000000000000e+00,2.033799240140601039e-01,4.827480011036303087e-01,0.000000000000000000e+00,1.644983550037110998e-01,1.881866019945158952e-01,4.749374631463720853e-01,0.000000000000000000e+00,4.825891734630711194e-01,0.000000000000000000e+00,0.000000000000000000e+00
0.000000000000000000e+00,0.000000000000000000e+00,3.410522580099383805e-01,1.945363499839095900e-01,2.644697091710823122e-01,3.756241767553655242e-01,3.322912264527387860e-01,3.038147736359879114e-01,3.857251412817708780e-01,0.000000000000000000e+00,2.675912897195548146e-01,0.000000000000000000e+00,3.635609323785555791e-01,0.000000000000000000e+00,0.000000000000000000e+00,0.000000000000000000e+00,0.000000000000000000e+00,0.000000000000000000e+00,3.474262851288251741e-01,0.000000000000000000e+00,4.115995952064402941e-01,0.000000000000000000e+00,3.690444159507714206e-01,0.000000000000000000e+00,0.000000000000000000e+00,0.000000000000000000e+00,4.015116549536075219e-01,2.730022382976475259e-01,0.000000000000000000e+00,0.000000000000000000e+00,3.548677079408958934e-01,1.839171447551765093e-01,0.000000000000000000e+00,3.086487150391821199e-01,0.000000000000000000e+00,1.582725585979604943e-01,1.518252896243547090e-01,0.000000000000000000e+00,0.000000000000000000e+00,0.000000000000000000e+00,0.000000000000000000e+00,0.000000000000000000e+00,3.099414001323292922e-01,0.000000000000000000e+00,0.000000000000000000e+00,0.000000000000000000e+00,0.000000000000000000e+00,4.637667758534212981e-01,0.000000000000000000e+00,0.000000000000000000e+00,0.000000000000000000e+00,0.000000000000000000e+00,0.000000000000000000e+00,4.576401069266038957e-01,0.000000000000000000e+00,4.098876731081265157e-01,0.000000000000000000e+00,0.000000000000000000e+00,0.000000000000000000e+00,0.000000000000000000e+00,0.000000000000000000e+00,0.000000000000000000e+00,0.000000000000000000e+00,0.000000000000000000e+00,0.000000000000000000e+00,0.000000000000000000e+00,0.000000000000000000e+00,4.799538438203038160e-01,0.000000000000000000e+00,0.000000000000000000e+00,0.000000000000000000e+00,5.030558233260632450e-01,0.000000000000000000e+00,0.000000000000000000e+00,0.000000000000000000e+00,0.000000000000000000e+00
3.853461838186302835e-01,4.169282366665837958e-01,0.000000000000000000e+00,0.000000000000000000e+00,0.000000000000000000e+00,3.999710619451348204e-01,0.000000000000000000e+00,3.288014037824730229e-01,0.000000000000000000e+00,0.000000000000000000e+00,0.000000000000000000e+00,0.000000000000000000e+00,3.714511106284502095e-01,0.000000000000000000e+00,0.000000000000000000e+00,3.982221790582344267e-01,0.000000000000000000e+00,3.827437997084490728e-01,0.000000000000000000e+00,3.278619844192074972e-01,3.578409332734077131e-01,3.561907127447235810e-01,3.263681181893869909e-01,4.389453899780462187e-01,3.982843264608347256e-01,3.880277127958445260e-01,3.592454519479251207e-01,3.979289458652173761e-01,3.920369535437315256e-01,0.000000000000000000e+00,4.346702335247056848e-01,4.608239267152645091e-01,3.949189831021219232e-01,4.649697725032775897e-01,5.173415448570113373e-01,5.124556525966299514e-01,0.000000000000000000e+00,0.000000000000000000e+00,4.693625274977505923e-01,4.694718095528224167e-01,4.860189855268520209e-01,5.089673060563606466e-01,5.249926350593105973e-01,0.000000000000000000e+00,0.000000000000000000e+00,0.000000000000000000e+00,4.958084889633834758e-01,0.000000000000000000e+00,0.000000000000000000e+00,0.000000000000000000e+00,4.419967926877725883e-01,0.000000000000000000e+00,3.346785525704676911e-01,0.000000000000000000e+00,0.000000000000000000e+00,0.000000000000000000e+00,0.000000000000000000e+00,1.182723303665556003e-01,0.000000000000000000e+00,4.668228567829478814e-01,1.452970067518689068e-01,0.000000000000000000e+00,0.000000000000000000e+00,0.000000000000000000e+00,4.450885811794816904e-01,4.596243596933664022e-01,4.912675465629809946e-01,4.183428041661927943e-01,0.000000000000000000e+00,1.582739178132742119e-01,5.215719688930191555e-01,4.317689514151504260e-01,1.241303353465886966e-01,4.105683325057427058e-01,0.000000000000000000e+00,4.613777959392799111e-01
3.699664242554943083e-01,3.811367426876908215e-01,0.000000000000000000e+00,0.000000000000000000e+00,4.712461581301424229e-01,4.180582433747150883e-01,4.691396632891212115e-01,4.557603555212840774e-01,4.545237890787058865e-01,3.796793108134762229e-01,0.000000000000000000e+00,0.000000000000000000e+00,4.675946174648781817e-01,0.000000000000000000e+00,3.982221790582344267e-01,0.000000000000000000e+00,3.691395129916479889e-01,3.347086926472899737e-01,0.000000000000000000e+00,3.586861317580192221e-01,3.613347231890153277e-01,3.211192111789092918e-01,3.898249241553626843e-01,3.824421224275655895e-01,3.519595987265899950e-01,3.788745504769749917e-01,4.121831672201178853e-01,4.394922060984868817e-01,3.993060311000030116e-01,4.157490720104805026e-01,3.588012854398536788e-01,4.432534875436500155e-01,3.595905727979958888e-01,3.837819873885718880e-01,4.141877678040841171e-01,0.000000000000000000e+00,0.000000000000000000e+00,0.000000000000000000e+00,4.374270060371170943e-01,4.145882416676709981e-01,4.315924643552290774e-01,4.585709400002218050e-01,0.000000000000000000e+00,0.000000000000000000e+00,0.000000000000000000e+00,4.162673263415915259e-01,4.350510767202330764e-01,0.000000000000000000e+00,0.000000000000000000e+00,0.000000000000000000e+00,0.000000000000000000e+00,0.000000000000000000e+00,0.000000000000000000e+00,0.000000000000000000e+00,0.000000000000000000e+00,0.000000000000000000e+00,0.000000000000000000e+00,0.000000000000000000e+00,0.000000000000000000e+00,4.880475006833738250e-01,4.364763816612681202e-01,0.000000000000000000e+00,4.103242764300342182e-01,0.000000000000000000e+00,1.142567791173294961e-01,4.559600299629213982e-01,4.431026518111100820e-01,1.718447103613205129e-01,0.000000000000000000e+00,4.314915761761334845e-01,4.561707807137734827e-01,1.510972486137522885e-01,0.000000000000000000e+00,1.420226505012320006e-01,0.000000000000000000e+00,4.255393956130473776e-01
3.700982242547035117e-01,3.906655391664898835e-01,0.000000000000000000e+00,0.000000000000000000e+00,0.000000000000000000e+00,1.577053824631629020e-01,0.000000000000000000e+00,0.000000000000000000e+00,0.000000000000000000e+00,3.270971985920316238e-01,1.129603659847957936e-01,3.746010556065685893e-01,4.253990653066461181e-01,0.000000000000000000e+00,0.000000000000000000e+00,3.691395129916479889e-01,0.000000000000000000e+00,3.058977026772237151e-01,0.000000000000000000e+00,1.128976963617454032e-01,0.000000000000000000e+00,3.815782588632659067e-01,0.000000000000000000e+00,3.591611529092070820e-01,3.266032412669795937e-01,3.644941901705239795e-01,0.000000000000000000e+00,3.573671045453293837e-01,1.054474693937562935e-01,0.000000000000000000e+00,3.204493696822506843e-01,4.233842567664977130e-01,3.389117942929338878e-01,3.737126010382109120e-01,3.888874080813252143e-01,0.000000000000000000e+00,0.000000000000000000e+00,3.389721926652659034e-01,0.000000000000000000e+00,3.840397940362295093e-01,0.000000000000000000e+00,0.000000000000000000e+00,0.000000000000000000e+00,0.000000000000000000e+00,0.000000000000000000e+00,0.000000000000000000e+00,0.000000000000000000e+00,0.000000000000000000e+00,0.000000000000000000e+00,0.000000000000000000e+00,0.000000000000000000e+00,0.000000000000000000e+00,0.000000000000000000e+00,0.000000000000000000e+00,4.213554850814950070e-01,0.000000000000000000e+00,4.325392936465168869e-01,0.000000000000000000e+00,0.000000000000000000e+00,0.000000000000000000e+00,0.000000000000000000e+00,4.066057175936289014e-01,4.070045986929388127e-01,0.000000000000000000e+00,0.000000000000000000e+00,0.000000000000000000e+00,0.000000000000000000e+00,0.000000000000000000e+00,4.303515606221354206e-01,4.086642453226794203e-01,4.317185712506330098e-01,0.000000000000000000e+00,0.000000000000000000e+00,0.000000000000000000e+00,0.000000000000000000e+00,0.000000000000000000e+00
3.726983931123992733e-01,3.839316763115412923e-01,0.000000000000000000e+00,0.000000000000000000e+00,0.000000000000000000e+00,4.169252548297244232e-01,4.545526144064153118e-01,4.481138945408891239e-01,1.723180217420489102e-01,3.536372913422504149e-01,0.000000000000000000e+00,3.821379495854073105e-01,4.392562692466159269e-01,0.000000000000000000e+00,3.827437997084490728e-01,3.347086926472899737e-01,3.058977026772237151e-01,0.000000000000000000e+00,0.000000000000000000e+00,3.965165911689252920e-01,3.739120557575585924e-01,3.887775018727741005e-01,4.084393367500648853e-01,3.456107404778027137e-01,3.404569402027438074e-01,3.596671257491086959e-01,4.084752738616265200e-01,4.142750120287325144e-01,4.064900643786598100e-01,0.000000000000000000e+00,3.648827942308813799e-01,4.335043126441557870e-01,3.521572773422771974e-01,3.914005546221436815e-01,4.032142817874623253e-01,0.000000000000000000e+00,0.000000000000000000e+00,0.000000000000000000e+00,4.059256581669243857e-01,3.809533143706647085e-01,3.850891699134930124e-01,4.000937112944398244e-01,0.000000000000000000e+00,0.000000000000000000e+00,0.000000000000000000e+00,4.188829630189586095e-01,4.312497750426281251e-01,0.000000000000000000e+00,0.000000000000000000e+00,0.000000000000000000e+00,0.000000000000000000e+00,0.000000000000000000e+00,0.000000000000000000e+00,0.000000000000000000e+00,3.969118732412839079e-01,0.000000000000000000e+00,4.261795808927634210e-01,0.000000000000000000e+00,0.000000000000000000e+00,0.000000000000000000e+00,4.217665923224974134e-01,3.985987402060264251e-01,4.043136579958133137e-01,0.000000000000000000e+00,0.000000000000000000e+00,0.000000000000000000e+00,4.254954747492812883e-01,0.000000000000000000e+00,4.194017265093102909e-01,4.190108552583508006e-01,4.242480137360499781e-01,0.000000000000000000e+00,0.000000000000000000e+00,0.000000000000000000e+00,0.000000000000000000e+00,3.939246196160606783e-01
0.000000000000000000e+00,0.000000000000000000e+00,2.590450378459341896e-01,4.241130724397542129e-01,3.856921565392780749e-01,3.682661485688561998e-01,4.367471128081237830e-01,4.017123533748624964e-01,3.001681324090483272e-01,4.641848585466387123e-01,2.665594020824605948e-01,4.913779837301449072e-01,4.223528783639052264e-01,3.474262851288251741e-01,0.000000000000000000e+00,0.000000000000000000e+00,0.000000000000000000e+00,0.000000000000000000e+00,0.000000000000000000e+00,0.000000000000000000e+00,0.000000000000000000e+00,0.000000000000000000e+00,2.681542643251120794e-01,0.000000000000000000e+00,0.000000000000000000e+00,0.000000000000000000e+00,3.449380288431406205e-01,4.095506360827891879e-01,0.000000000000000000e+00,0.000000000000000000e+00,4.355750610188824923e-01,4.174341550265944223e-01,0.000000000000000000e+00,4.407462880883927792e-01,4.399990658971149049e-01,3.749010564622355934e-01,4.228887454975623905e-01,4.617804153942363099e-01,0.000000000000000000e+00,0.000000000000000000e+00,0.000000000000000000e+00,0.000000000000000000e+00,3.925822694856879735e-01,0.000000000000000000e+00,0.000000000000000000e+00,0.000000000000000000e+00,0.000000000000000000e+00,4.483762828661110866e-01,0.000000000000000000e+00,5.285965860707985131e-01,4.793664371261779911e-01,5.467940166029831017e-01,4.505401066474252758e-01,4.591655680381592775e-01,0.000000000000000000e+00,3.923738590398629933e-01,0.000000000000000000e+00,5.300219215250852045e-01,4.240527834384216210e-01,0.000000000000000000e+00,0.000000000000000000e+00,0.000000000000000000e+00,0.000000000000000000e+00,4.440568846662231728e-01,0.000000000000000000e+00,0.000000000000000000e+00,0.000000000000000000e+00,4.686233548794638826e-01,0.000000000000000000e+00,0.000000000000000000e+00,0.000000000000000000e+00,4.959303456619281181e-01,0.000000000000000000e+00,0.000000000000000000e+00,0.000000000000000000e+00,0.000000000000000000e+00
4.103921902259163867e-01,4.021561387605421811e-01,0.000000000000000000e+00,4.756598695762064843e-01,3.950210423356115830e-01,3.929894123198883760e-01,4.442291026323132996e-01,4.065505351111918242e-01,3.711926177118848869e-01,1.064357389920402991e-01,0.000000000000000000e+00,0.000000000000000000e+00,4.351563532996381989e-01,0.000000000000000000e+00,3.278619844192074972e-01,3.586861317580192221e-01,1.128976963617454032e-01,3.965165911689252920e-01,0.000000000000000000e+00,0.000000000000000000e+00,3.965122095363389776e-01,3.534684968048648068e-01,3.165494789809497056e-01,0.000000000000000000e+00,3.885547248486573846e-01,4.095402926505968821e-01,3.197434928662339915e-01,3.914076714083030151e-01,3.133523699659910844e-01,3.712147969595597785e-01,3.742993562755078107e-01,4.896916563367016972e-01,4.054337780098676847e-01,4.530241738458858913e-01,5.051148517987844588e-01,5.406391595953007334e-01,5.048968174215623383e-01,0.000000000000000000e+00,4.460021936748219118e-01,4.760959786345693723e-01,4.756794224691086037e-01,4.711982554315122806e-01,1.085571697441179012e-01,0.000000000000000000e+00,0.000000000000000000e+00,0.000000000000000000e+00,1.257483820530219121e-01,0.000000000000000000e+00,0.000000000000000000e+00,0.000000000000000000e+00,1.166765226894813934e-01,0.000000000000000000e+00,4.017659034102741833e-01,0.000000000000000000e+00,0.000000000000000000e+00,0.000000000000000000e+00,0.000000000000000000e+00,1.728164616310444990e-01,0.000000000000000000e+00,4.643720001690161969e-01,1.948112228092699905e-01,0.000000000000000000e+00,0.000000000000000000e+00,0.000000000000000000e+00,4.206720761235587802e-01,4.512139334353247877e-01,4.763947576644332882e-01,4.375994762204363231e-01,0.000000000000000000e+00,1.902737318307902992e-01,4.983908952145458815e-01,4.175709859104851929e-01,1.481917054000936873e-01,4.416022588625932999e-01,1.118076663368391954e-01,4.991853956341372744e-01
4.122449057942887962e-01,4.048843624419714016e-01,0.000000000000000000e+00,0.000000000000000000e+00,0.000000000000000000e+00,4.003535783509319934e-01,0.000000000000000000e+00,3.557382279661995828e-01,0.000000000000000000e+00,0.000000000000000000e+00,0.000000000000000000e+00,0.000000000000000000e+00,4.392998631129905740e-01,4.115995952064402941e-01,3.578409332734077131e-01,3.613347231890153277e-01,0.000000000000000000e+00,3.739120557575585924e-01,0.000000000000000000e+00,3.965122095363389776e-01,0.000000000000000000e+00,4.306830295293813116e-01,3.491860450021341822e-01,4.405705821493092200e-01,3.903100208274455918e-01,3.759633611822020272e-01,3.889320991154199270e-01,4.307048550989766023e-01,4.130133114136373962e-01,0.000000000000000000e+00,3.891786465767537173e-01,4.483640250530521176e-01,3.793799635495256894e-01,4.054301203207231197e-01,4.702670392605675098e-01,0.000000000000000000e+00,0.000000000000000000e+00,0.000000000000000000e+00,4.610641641923537981e-01,4.617572220652660930e-01,4.817899324055793242e-01,5.299865073649793201e-01,0.000000000000000000e+00,0.000000000000000000e+00,0.000000000000000000e+00,4.816059794909653968e-01,4.840503449086782095e-01,0.000000000000000000e+00,0.000000000000000000e+00,0.000000000000000000e+00,4.513025524361191088e-01,0.000000000000000000e+00,2.307533468740217975e-01,0.000000000000000000e+00,0.000000000000000000e+00,0.000000000000000000e+00,0.000000000000000000e+00,5.498548362918390664e-01,0.000000000000000000e+00,4.584230849418390874e-01,4.671575504732395911e-01,0.000000000000000000e+00,0.000000000000000000e+00,0.000000000000000000e+00,4.330832562170296995e-01,3.821075980342604761e-01,4.833810464912697835e-01,3.975853646703564892e-01,0.000000000000000000e+00,4.597420290174863977e-01,5.301124117888522669e-01,4.023792799269977905e-01,4.345666377224187138e-01,3.697963348410547857e-01,0.000000000000000000e+00,4.639388935040810180e-01
