0.000000000000000000e+00,4.270559828610295816e-01,0.000000000000000000e+00,0.000000000000000000e+00,0.000000000000000000e+00,1.279640476161693075e-01,0.000000000000000000e+00,4.845181167412658252e-01,0.000000000000000000e+00,4.293073268448575064e-01,0.000000000000000000e+00,4.132626793569387780e-01,1.289189709994993938e-01,0.000000000000000000e+00,4.178065150827697249e-01,4.265369373571468170e-01,0.000000000000000000e+00,4.217663169925962019e-01,0.000000000000000000e+00,4.575687948485485101e-01,4.296698573564023960e-01,4.446449012663241107e-01,4.665613064876881766e-01,4.311213617813867138e-01,4.078369602380060854e-01,4.133522214537231898e-01,4.882168671582237107e-01,0.000000000000000000e+00,0.000000000000000000e+00,0.000000000000000000e+00,4.288797444568411277e-01,4.371929123148319274e-01,4.010093799186112973e-01,3.921514935934348189e-01,4.398523036146771981e-01,0.000000000000000000e+00,0.000000000000000000e+00,5.465690559599634124e-01,4.533615789558518849e-01,0.000000000000000000e+00,0.000000000000000000e+00,0.000000000000000000e+00,0.000000000000000000e+00,0.000000000000000000e+00,0.000000000000000000e+00,4.036407511844459228e-01,5.002061908119337375e-01,0.000000000000000000e+00,0.000000000000000000e+00,0.000000000000000000e+00,0.000000000000000000e+00,0.000000000000000000e+00,0.000000000000000000e+00,0.000000000000000000e+00,0.000000000000000000e+00,0.000000000000000000e+00,0.000000000000000000e+00,0.000000000000000000e+00,0.000000000000000000e+00,0.000000000000000000e+00,4.862230432921976764e-01,0.000000000000000000e+00,4.771321008335828728e-01,0.000000000000000000e+00,0.000000000000000000e+00,2.513798756449620031e-01,4.714490568663192160e-01,0.000000000000000000e+00,4.595739618217506983e-01,4.815143200562143067e-01,4.923079991262043209e-01,0.000000000000000000e+00,0.000000000000000000e+00,0.000000000000000000e+00,0.000000000000000000e+00,0.000000000000000000e+00
4.270559828610295816e-01,0.000000000000000000e+00,0.000000000000000000e+00,0.000000000000000000e+00,4.276929864264065739e-01,4.114519349490399769e-01,4.298436386773427098e-01,4.781717895076186275e-01,4.062679890676136885e-01,0.000000000000000000e+00,0.000000000000000000e+00,0.000000000000000000e+00,4.395948584752417121e-01,0.000000000000000000e+00,4.404251716707313080e-01,4.157281826996713225e-01,0.000000000000000000e+00,4.181466130009047766e-01,0.000000000000000000e+00,4.350480989191780057e-01,4.241675564897031125e-01,4.148150790599189897e-01,4.747313566515031780e-01,0.000000000000000000e+00,4.063735718173184797e-01,4.190956092610453876e-01,4.511304016696557895e-01,4.468555060941429846e-01,4.327328181944751218e-01,0.000000000000000000e+00,3.801525590465408833e-01,4.223477887114439056e-01,3.754597113843328726e-01,3.647881823043838123e-01,3.855955209397207151e-01,0.000000000000000000e+00,0.000000000000000000e+00,0.000000000000000000e+00,4.687701660432970208e-01,4.731899999354565733e-01,4.623285638774101147e-01,4.760019634132530153e-01,0.000000000000000000e+00,0.000000000000000000e+00,0.000000000000000000e+00,4.784283008474243815e-01,4.955434719250130238e-01,0.000000000000000000e+00,0.000000000000000000e+00,0.000000000000000000e+00,4.755563241152548914e-01,0.000000000000000000e+00,0.000000000000000000e+00,0.000000000000000000e+00,0.000000000000000000e+00,0.000000000000000000e+00,0.000000000000000000e+00,0.000000000000000000e+00,0.000000000000000000e+00,4.996762786959580982e-01,4.781863901571676845e-01,0.000000000000000000e+00,4.652978978521876141e-01,0.000000000000000000e+00,4.573634390611415745e-01,4.680209031425984767e-01,4.689866703861534925e-01,5.129950938065480637e-01,0.000000000000000000e+00,4.702399343087729777e-01,5.050477864302612696e-01,4.781658771496186122e-01,0.000000000000000000e+00,4.644121482019331060e-01,0.000000000000000000e+00,4.425497495053036245e-01
0.000000000000000000e+00,0.000000000000000000e+00,0.000000000000000000e+00,5.491225664670230655e-01,4.199677398009237228e-01,4.255829782221899893e-01,4.611423299008821086e-01,5.127719137570891927e-01,3.244908814347964854e-01,5.467398246754117119e-01,3.417286479222628182e-01,6.055855994375782814e-01,4.707598707353640166e-01,4.716507680063957153e-01,0.000000000000000000e+00,0.000000000000000000e+00,0.000000000000000000e+00,0.000000000000000000e+00,3.125283500152588045e-01,0.000000000000000000e+00,0.000000000000000000e+00,0.000000000000000000e+00,3.662231920461648249e-01,0.000000000000000000e+00,0.000000000000000000e+00,0.000000000000000000e+00,3.637018812104094168e-01,4.792621206994313043e-01,0.000000000000000000e+00,0.000000000000000000e+00,4.908353076091452882e-01,4.538024080531136151e-01,0.000000000000000000e+00,4.833811950162654192e-01,4.811475704595817859e-01,4.566723840965978276e-01,4.670307724664894966e-01,0.000000000000000000e+00,5.760775067671602967e-01,0.000000000000000000e+00,6.814120351995436309e-01,0.000000000000000000e+00,5.414321742491634559e-01,0.000000000000000000e+00,0.000000000000000000e+00,0.000000000000000000e+00,0.000000000000000000e+00,5.590641647180268903e-01,0.000000000000000000e+00,5.784372168372627909e-01,5.872546466551226141e-01,5.910750737488267292e-01,5.630620907870593772e-01,5.906688215659421370e-01,0.000000000000000000e+00,5.455122301163628507e-01,0.000000000000000000e+00,6.039766891003373050e-01,5.366652273739481727e-01,0.000000000000000000e+00,0.000000000000000000e+00,0.000000000000000000e+00,0.000000000000000000e+00,5.354220363452646403e-01,0.000000000000000000e+00,0.000000000000000000e+00,0.000000000000000000e+00,5.830854638446291149e-01,0.000000000000000000e+00,0.000000000000000000e+00,0.000000000000000000e+00,5.784943570433473958e-01,6.115891776977412375e-01,0.000000000000000000e+00,0.000000000000000000e+00,0.000000000000000000e+00
0.000000000000000000e+00,0.000000000000000000e+00,5.491225664670230655e-01,0.000000000000000000e+00,2.986911501725654228e-01,4.337031413312866790e-01,2.967072595510651944e-01,3.011209260154031897e-01,4.459369643407363748e-01,2.376759035632373951e-01,4.321243247255107112e-01,2.979996717206945256e-01,3.107240354635790180e-01,2.654343551910869903e-01,0.000000000000000000e+00,0.000000000000000000e+00,0.000000000000000000e+00,0.000000000000000000e+00,4.612897326581413826e-01,4.716704493799188103e-01,0.000000000000000000e+00,0.000000000000000000e+00,4.249434613639306857e-01,0.000000000000000000e+00,0.000000000000000000e+00,0.000000000000000000e+00,4.418307339957006086e-01,2.770311738036900229e-01,0.000000000000000000e+00,0.000000000000000000e+00,0.000000000000000000e+00,3.024738890064285757e-01,0.000000000000000000e+00,2.348570212277507063e-01,2.891798782572131965e-01,2.174602590724823981e-01,1.881565038019406000e-01,2.767547423545337892e-01,0.000000000000000000e+00,0.000000000000000000e+00,0.000000000000000000e+00,0.000000000000000000e+00,0.000000000000000000e+00,0.000000000000000000e+00,0.000000000000000000e+00,0.000000000000000000e+00,0.000000000000000000e+00,0.000000000000000000e+00,0.000000000000000000e+00,0.000000000000000000e+00,0.000000000000000000e+00,0.000000000000000000e+00,0.000000000000000000e+00,0.000000000000000000e+00,0.000000000000000000e+00,0.000000000000000000e+00,0.000000000000000000e+00,0.000000000000000000e+00,0.000000000000000000e+00,0.000000000000000000e+00,0.000000000000000000e+00,0.000000000000000000e+00,0.000000000000000000e+00,0.000000000000000000e+00,0.000000000000000000e+00,0.000000000000000000e+00,0.000000000000000000e+00,0.000000000000000000e+00,0.000000000000000000e+00,0.000000000000000000e+00,0.000000000000000000e+00,0.000000000000000000e+00,0.000000000000000000e+00,0.000000000000000000e+00,0.000000000000000000e+00,0.000000000000000000e+00
0.000000000000000000e+00,4.276929864264065739e-01,4.199677398009237228e-01,2.986911501725654228e-01,0.000000000000000000e+00,3.996898421914205080e-01,3.640250074064613761e-01,3.823138225425201098e-01,3.895023652820727156e-01,4.754677103834680785e-01,3.526716775486505862e-01,4.877777188932299057e-01,3.930181544597279863e-01,3.614046777956305134e-01,0.000000000000000000e+00,0.000000000000000000e+00,0.000000000000000000e+00,0.000000000000000000e+00,4.108938394154332818e-01,3.883521688570483743e-01,0.000000000000000000e+00,4.262990312221424105e-01,4.247187400537221214e-01,0.000000000000000000e+00,4.187865337076719929e-01,0.000000000000000000e+00,4.158688153203355942e-01,4.013707646465529133e-01,0.000000000000000000e+00,0.000000000000000000e+00,5.111703773083559055e-01,3.694341528953209997e-01,0.000000000000000000e+00,5.064560346504953792e-01,4.568727037722375983e-01,2.879777375220604063e-01,2.423810731662555118e-01,0.000000000000000000e+00,1.449016219380533932e-01,0.000000000000000000e+00,0.000000000000000000e+00,0.000000000000000000e+00,4.648215163095616997e-01,0.000000000000000000e+00,0.000000000000000000e+00,0.000000000000000000e+00,0.000000000000000000e+00,5.599402333140787169e-01,0.000000000000000000e+00,6.146209553895027877e-01,5.413879925786125868e-01,0.000000000000000000e+00,0.000000000000000000e+00,5.555153890631415736e-01,0.000000000000000000e+00,5.093422837701169215e-01,0.000000000000000000e+00,0.000000000000000000e+00,0.000000000000000000e+00,0.000000000000000000e+00,0.000000000000000000e+00,0.000000000000000000e+00,0.000000000000000000e+00,5.361071007997622040e-01,0.000000000000000000e+00,0.000000000000000000e+00,0.000000000000000000e+00,5.322571831756389704e-01,0.000000000000000000e+00,0.000000000000000000e+00,0.000000000000000000e+00,5.653314384003231829e-01,0.000000000000000000e+00,0.000000000000000000e+00,0.000000000000000000e+00,0.000000000000000000e+00
1.279640476161693075e-01,4.114519349490399769e-01,4.255829782221899893e-01,4.337031413312866790e-01,3.996898421914205080e-01,0.000000000000000000e+00,4.496756061777256175e-01,4.354833208074028739e-01,3.817398429388021985e-01,4.848662809289234210e-01,4.020192733769308857e-01,4.899584382748499167e-01,4.301821864400838802e-01,4.399875375040688263e-01,4.151468117630057186e-01,4.000996983421636899e-01,1.577053824631629020e-01,3.906240527797079087e-01,4.289833337593981222e-01,4.268624990804256725e-01,4.320752567404704814e-01,4.319755011243998077e-01,4.370234053268575725e-01,0.000000000000000000e+00,3.806497030949820837e-01,4.004259820242522805e-01,4.316190268879169234e-01,4.455257479798098164e-01,3.699674527252194145e-01,4.616878458535407237e-01,4.692729815243396052e-01,4.397972204043922861e-01,4.133730582762241146e-01,4.738763267097552134e-01,4.577033222257325118e-01,4.563836021178815927e-01,4.469849490857574770e-01,5.020456147449664508e-01,5.058371203045306519e-01,0.000000000000000000e+00,5.235307026885474002e-01,1.337139184359505129e-01,5.145878176396272430e-01,0.000000000000000000e+00,0.000000000000000000e+00,0.000000000000000000e+00,1.837371231652606962e-01,5.749110653102872392e-01,0.000000000000000000e+00,5.946239648217167550e-01,5.332002133734776717e-01,5.552179057480869373e-01,5.123212414754828581e-01,5.777958706469689121e-01,0.000000000000000000e+00,5.478028776558580004e-01,0.000000000000000000e+00,5.380256609055352746e-01,0.000000000000000000e+00,5.096526630481287290e-01,0.000000000000000000e+00,0.000000000000000000e+00,0.000000000000000000e+00,5.482303392003136100e-01,5.033823530386409839e-01,0.000000000000000000e+00,4.873566129722647911e-01,5.308110505264856949e-01,0.000000000000000000e+00,0.000000000000000000e+00,5.015759383297661023e-01,5.338850359288096481e-01,5.163478346005526687e-01,4.984252568056721233e-01,1.011516926898475971e-01,5.313826593902520878e-01
0.000000000000000000e+00,4.298436386773427098e-01,4.611423299008821086e-01,2.967072595510651944e-01,3.640250074064613761e-01,4.496756061777256175e-01,0.000000000000000000e+00,4.717853731144406870e-01,4.460566012667412927e-01,4.407676242739859140e-01,4.699647064131142193e-01,4.127676534114085860e-01,3.774028452247302767e-01,3.722151075198560921e-01,0.000000000000000000e+00,4.511189944985768974e-01,4.991611113825077939e-01,4.528185800565400765e-01,4.742518533538430114e-01,4.613179196238845203e-01,0.000000000000000000e+00,4.681951966913855956e-01,4.758144967851730134e-01,4.482466481253564727e-01,4.095094488969662216e-01,4.356969074339261949e-01,4.643798215407087260e-01,3.664503877808675814e-01,4.743361771535213878e-01,0.000000000000000000e+00,4.780938980999975829e-01,4.265801528035587098e-01,4.597888480192829919e-01,4.468019100158153178e-01,3.706327088677427994e-01,3.252994247944059891e-01,2.922734161482576920e-01,3.881230554962877832e-01,6.059248639201944009e-01,0.000000000000000000e+00,1.637731516271186127e-01,0.000000000000000000e+00,5.358376051188620259e-01,0.000000000000000000e+00,0.000000000000000000e+00,0.000000000000000000e+00,0.000000000000000000e+00,6.074612930274373435e-01,0.000000000000000000e+00,0.000000000000000000e+00,5.601147021989899555e-01,0.000000000000000000e+00,5.811188763915293709e-01,6.376664431530028043e-01,0.000000000000000000e+00,6.070802048863778166e-01,0.000000000000000000e+00,0.000000000000000000e+00,0.000000000000000000e+00,0.000000000000000000e+00,0.000000000000000000e+00,0.000000000000000000e+00,0.000000000000000000e+00,6.894598272887924040e-01,0.000000000000000000e+00,0.000000000000000000e+00,0.000000000000000000e+00,5.364947493673463130e-01,0.000000000000000000e+00,0.000000000000000000e+00,0.000000000000000000e+00,5.373238058189975241e-01,0.000000000000000000e+00,0.000000000000000000e+00,0.000000000000000000e+00,0.000000000000000000e+00
4.845181167412658252e-01,4.781717895076186275e-01,5.127719137570891927e-01,3.011209260154031897e-01,3.823138225425201098e-01,4.354833208074028739e-01,4.717853731144406870e-01,0.000000000000000000e+00,5.144001225220217188e-01,0.000000000000000000e+00,4.205874013483080209e-01,0.000000000000000000e+00,4.686514384876488970e-01,3.669288379826585733e-01,4.109480398786165001e-01,4.780861481842589855e-01,0.000000000000000000e+00,4.894825781156750821e-01,4.849823473941692886e-01,5.038377566227401072e-01,3.953908876745689249e-01,4.296063390843349872e-01,3.822596121934995761e-01,5.229413432680142249e-01,4.831581577260498084e-01,4.940249122451226271e-01,4.654493226523774840e-01,4.681351076493093788e-01,4.012859906722485159e-01,4.325327840609615171e-01,4.755397380803267904e-01,4.135829273580297061e-01,5.033497417132531959e-01,4.875478031341329843e-01,4.634255275365160021e-01,2.843260794086807097e-01,2.995658977262836142e-01,0.000000000000000000e+00,5.014868586596636924e-01,0.000000000000000000e+00,5.008540574650343080e-01,0.000000000000000000e+00,3.995676318228040813e-01,0.000000000000000000e+00,0.000000000000000000e+00,0.000000000000000000e+00,0.000000000000000000e+00,5.736303636772717152e-01,0.000000000000000000e+00,5.074671175310317972e-01,5.021282843037494503e-01,5.412598849718953664e-01,4.092632237624236891e-01,5.716236592942008921e-01,0.000000000000000000e+00,5.064018511917894871e-01,0.000000000000000000e+00,5.105613264260319140e-01,4.647461913937230849e-01,5.253030558021298813e-01,0.000000000000000000e+00,0.000000000000000000e+00,0.000000000000000000e+00,5.308896434542685894e-01,5.198474869384493990e-01,4.468945282880111836e-01,0.000000000000000000e+00,5.039699570161385589e-01,0.000000000000000000e+00,0.000000000000000000e+00,0.000000000000000000e+00,5.278108675060109167e-01,4.995283651061235841e-01,5.100942978343979695e-01,0.000000000000000000e+00,5.272564689324874543e-01
0.000000000000000000e+00,4.062679890676136885e-01,3.244908814347964854e-01,4.459369643407363748e-01,3.895023652820727156e-01,3.817398429388021985e-01,4.460566012667412927e-01,5.144001225220217188e-01,0.000000000000000000e+00,4.934942466876233724e-01,3.668186727500983846e-01,4.611883766351733138e-01,4.221905656323439171e-01,4.604138643308143819e-01,0.000000000000000000e+00,4.243848431619505757e-01,0.000000000000000000e+00,1.723180217420489102e-01,3.274217193952506100e-01,4.142612133836174881e-01,0.000000000000000000e+00,4.261112384117097807e-01,4.365979480294041037e-01,5.564971196924907160e-01,4.299379766253277890e-01,4.123014504454898810e-01,3.636008736570912059e-01,4.799590713887749160e-01,4.473240117286659823e-01,4.931263703955672262e-01,5.055316157109535080e-01,4.604732360808843072e-01,4.949383934032731136e-01,4.913911111965110767e-01,4.619361912968807937e-01,4.572008130246140167e-01,4.435812135358749853e-01,4.615204055824274065e-01,5.450461699388027270e-01,0.000000000000000000e+00,1.944270713845958065e-01,0.000000000000000000e+00,4.916311352138569846e-01,0.000000000000000000e+00,0.000000000000000000e+00,0.000000000000000000e+00,0.000000000000000000e+00,5.938605284457572075e-01,0.000000000000000000e+00,5.987477261220709446e-01,5.541260785258267374e-01,5.958020733812358083e-01,5.731657906690640347e-01,5.770420482387391692e-01,0.000000000000000000e+00,5.424032253711540408e-01,0.000000000000000000e+00,6.083513016105925875e-01,5.005818986430017326e-01,0.000000000000000000e+00,0.000000000000000000e+00,0.000000000000000000e+00,0.000000000000000000e+00,5.629317533888802405e-01,0.000000000000000000e+00,0.000000000000000000e+00,0.000000000000000000e+00,5.679406888508483631e-01,0.000000000000000000e+00,0.000000000000000000e+00,0.000000000000000000e+00,5.833693161224910995e-01,6.202697980152256374e-01,0.000000000000000000e+00,0.000000000000000000e+00,0.000000000000000000e+00
4.293073268448575064e-01,0.000000000000000000e+00,5.467398246754117119e-01,2.376759035632373951e-01,4.754677103834680785e-01,4.848662809289234210e-01,4.407676242739859140e-01,0.000000000000000000e+00,4.934942466876233724e-01,0.000000000000000000e+00,4.935003433384573812e-01,3.087627481432583254e-01,4.489135665852724277e-01,0.000000000000000000e+00,0.000000000000000000e+00,4.473803776418481259e-01,3.803719294019435870e-01,3.909043862173752770e-01,5.111190609061658785e-01,1.064357389920402991e-01,0.000000000000000000e+00,1.131478320326588932e-01,5.043859044695957472e-01,3.432228121951875210e-01,3.730591137328299056e-01,3.700865435421676897e-01,5.121050057330277516e-01,4.340220198103321159e-01,5.719969407008645979e-01,0.000000000000000000e+00,3.380878942486262861e-01,3.577152652599582816e-01,3.388366325069072094e-01,3.164423711920762994e-01,3.081032787343083168e-01,3.502456304323419145e-01,2.513815183246463913e-01,2.894946820383718089e-01,3.707719343351402741e-01,3.863043492042976257e-01,3.641189302775028058e-01,0.000000000000000000e+00,0.000000000000000000e+00,0.000000000000000000e+00,3.495379537374517231e-01,0.000000000000000000e+00,0.000000000000000000e+00,0.000000000000000000e+00,0.000000000000000000e+00,0.000000000000000000e+00,0.000000000000000000e+00,0.000000000000000000e+00,0.000000000000000000e+00,0.000000000000000000e+00,4.967238827363438802e-01,0.000000000000000000e+00,4.986212148439955749e-01,4.795020445025640066e-01,0.000000000000000000e+00,0.000000000000000000e+00,0.000000000000000000e+00,4.801412907811630215e-01,4.218217161418266747e-01,0.000000000000000000e+00,0.000000000000000000e+00,0.000000000000000000e+00,0.000000000000000000e+00,0.000000000000000000e+00,4.411254061948680083e-01,4.610979951809097144e-01,4.850665163254315737e-01,0.000000000000000000e+00,4.278471450012736876e-01,0.000000000000000000e+00,0.000000000000000000e+00,4.578486496979257137e-01
0.000000000000000000e+00,0.000000000000000000e+00,3.417286479222628182e-01,4.321243247255107112e-01,3.526716775486505862e-01,4.020192733769308857e-01,4.699647064131142193e-01,4.205874013483080209e-01,3.668186727500983846e-01,4.935003433384573812e-01,0.000000000000000000e+00,4.855807302218088095e-01,4.747832821199657882e-01,3.679603781742580848e-01,0.000000000000000000e+00,0.000000000000000000e+00,1.129603659847957936e-01,0.000000000000000000e+00,2.624366604572859751e-01,0.000000000000000000e+00,0.000000000000000000e+00,0.000000000000000000e+00,2.687518184665297905e-01,5.076827746367494898e-01,0.000000000000000000e+00,1.680492079956459883e-01,4.063174928216202741e-01,4.728480183118430880e-01,0.000000000000000000e+00,0.000000000000000000e+00,5.255218660595560864e-01,4.546168110121752148e-01,4.890757635521025271e-01,5.013214891205880486e-01,4.747776778200011871e-01,3.907037963440915807e-01,3.812132664778347113e-01,4.833768276155638866e-01,5.348677731025528459e-01,0.000000000000000000e+00,0.000000000000000000e+00,0.000000000000000000e+00,4.768902057560868157e-01,0.000000000000000000e+00,0.000000000000000000e+00,0.000000000000000000e+00,0.000000000000000000e+00,5.591081539392807054e-01,0.000000000000000000e+00,4.977687168374818061e-01,5.612971547981163711e-01,5.387978910398332211e-01,5.123742736987616508e-01,5.469732484224606450e-01,0.000000000000000000e+00,3.130344061194370031e-01,0.000000000000000000e+00,5.381838917613493978e-01,4.875720864777576824e-01,0.000000000000000000e+00,0.000000000000000000e+00,0.000000000000000000e+00,0.000000000000000000e+00,3.283794325688236815e-01,0.000000000000000000e+00,0.000000000000000000e+00,0.000000000000000000e+00,5.465040796631698283e-01,0.000000000000000000e+00,0.000000000000000000e+00,0.000000000000000000e+00,5.655781384052680494e-01,1.700380183479761886e-01,0.000000000000000000e+00,0.000000000000000000e+00,0.000000000000000000e+00
4.132626793569387780e-01,0.000000000000000000e+00,6.055855994375782814e-01,2.979996717206945256e-01,4.877777188932299057e-01,4.899584382748499167e-01,4.127676534114085860e-01,0.000000000000000000e+00,4.611883766351733138e-01,3.087627481432583254e-01,4.855807302218088095e-01,0.000000000000000000e+00,4.137410264356365941e-01,0.000000000000000000e+00,0.000000000000000000e+00,0.000000000000000000e+00,3.901595532527700749e-01,3.930295024417019834e-01,5.399266779927077708e-01,0.000000000000000000e+00,0.000000000000000000e+00,0.000000000000000000e+00,5.116223590260899901e-01,2.811230367788202233e-01,3.750407931341678824e-01,3.292488266994185730e-01,5.247767780445787844e-01,3.795110673129070133e-01,0.000000000000000000e+00,0.000000000000000000e+00,3.426866246584334141e-01,2.817502006376247925e-01,2.905901788408192243e-01,2.476380719600397018e-01,2.866836677271846212e-01,3.400694069607537173e-01,3.163158845597657809e-01,2.235769772586367055e-01,3.000988225157096845e-01,3.800885453229222999e-01,3.598915793028938936e-01,0.000000000000000000e+00,0.000000000000000000e+00,0.000000000000000000e+00,3.227710660405861964e-01,0.000000000000000000e+00,0.000000000000000000e+00,0.000000000000000000e+00,0.000000000000000000e+00,0.000000000000000000e+00,0.000000000000000000e+00,0.000000000000000000e+00,0.000000000000000000e+00,0.000000000000000000e+00,5.028435498526502290e-01,0.000000000000000000e+00,4.971330119775130840e-01,4.807328285452229233e-01,0.000000000000000000e+00,0.000000000000000000e+00,0.000000000000000000e+00,4.796037162025464928e-01,4.453813568638461118e-01,0.000000000000000000e+00,0.000000000000000000e+00,0.000000000000000000e+00,0.000000000000000000e+00,0.000000000000000000e+00,4.503775208936431906e-01,4.719362460441424156e-01,4.879111852167762886e-01,0.000000000000000000e+00,4.550579284020014881e-01,0.000000000000000000e+00,0.000000000000000000e+00,4.556844547781249144e-01
1.289189709994993938e-01,4.395948584752417121e-01,4.707598707353640166e-01,3.107240354635790180e-01,3.930181544597279863e-01,4.301821864400838802e-01,3.774028452247302767e-01,4.686514384876488970e-01,4.221905656323439171e-01,4.489135665852724277e-01,4.747832821199657882e-01,4.137410264356365941e-01,0.000000000000000000e+00,3.965878383488498082e-01,4.216108858149181238e-01,4.748547270527233022e-01,4.769863970281756904e-01,4.737801976844914775e-01,4.794859500527506868e-01,4.677470147112474108e-01,4.444043854362402235e-01,4.822556232514745855e-01,4.779262711264640751e-01,4.219379676047367855e-01,4.337277367015763829e-01,4.623163773248931130e-01,4.683002170407581932e-01,3.682597238760300096e-01,4.609865913019470240e-01,4.492849281530695849e-01,4.542074177968792870e-01,4.308876441392266998e-01,4.117633393318799184e-01,4.381393303923021842e-01,3.686680902914006852e-01,3.605228757905957204e-01,3.219665962752064070e-01,3.943445674100902187e-01,4.238646393836940085e-01,4.057147095348405119e-01,4.125755398476456115e-01,1.298068953631462130e-01,5.207549033210829847e-01,0.000000000000000000e+00,0.000000000000000000e+00,0.000000000000000000e+00,0.000000000000000000e+00,6.165074770216459887e-01,0.000000000000000000e+00,0.000000000000000000e+00,5.388167129673343547e-01,6.476197054706516187e-01,5.126866952685092960e-01,0.000000000000000000e+00,0.000000000000000000e+00,5.952549018503190403e-01,0.000000000000000000e+00,0.000000000000000000e+00,0.000000000000000000e+00,1.660466628282462886e-01,0.000000000000000000e+00,0.000000000000000000e+00,0.000000000000000000e+00,0.000000000000000000e+00,1.543003688465809098e-01,0.000000000000000000e+00,2.033799240140601039e-01,5.403357359047306074e-01,0.000000000000000000e+00,1.644983550037110998e-01,1.881866019945158952e-01,5.357217839142630611e-01,0.000000000000000000e+00,5.408584048570495018e-01,0.000000000000000000e+00,0.000000000000000000e+00
0.000000000000000000e+00,0.000000000000000000e+00,4.716507680063957153e-01,2.654343551910869903e-01,3.614046777956305134e-01,4.399875375040688263e-01,3.722151075198560921e-01,3.669288379826585733e-01,4.604138643308143819e-01,0.000000000000000000e+00,3.679603781742580848e-01,0.000000000000000000e+00,3.965878383488498082e-01,0.000000000000000000e+00,0.000000000000000000e+00,0.000000000000000000e+00,0.000000000000000000e+00,0.000000000000000000e+00,4.270383869015363931e-01,0.000000000000000000e+00,4.309654662199288166e-01,0.000000000000000000e+00,4.051672447267054000e-01,0.000000000000000000e+00,0.000000000000000000e+00,0.000000000000000000e+00,4.463848911622652071e-01,3.265005032580176048e-01,0.000000000000000000e+00,0.000000000000000000e+00,4.780859749973894179e-01,2.966687822722620105e-01,0.000000000000000000e+00,4.817146833566304243e-01,0.000000000000000000e+00,2.546967797973372916e-01,1.801628382881138024e-01,0.000000000000000000e+00,0.000000000000000000e+00,0.000000000000000000e+00,0.000000000000000000e+00,0.000000000000000000e+00,3.410300360023343913e-01,0.000000000000000000e+00,0.000000000000000000e+00,0.000000000000000000e+00,0.000000000000000000e+00,5.391020082813267056e-01,0.000000000000000000e+00,0.000000000000000000e+00,0.000000000000000000e+00,0.000000000000000000e+00,0.000000000000000000e+00,0.000000000000000000e+00,0.000000000000000000e+00,4.594250193209494793e-01,0.000000000000000000e+00,0.000000000000000000e+00,0.000000000000000000e+00,0.000000000000000000e+00,0.000000000000000000e+00,0.000000000000000000e+00,0.000000000000000000e+00,0.000000000000000000e+00,0.000000000000000000e+00,0.000000000000000000e+00,0.000000000000000000e+00,0.000000000000000000e+00,0.000000000000000000e+00,0.000000000000000000e+00,0.000000000000000000e+00,5.175838636903120626e-01,0.000000000000000000e+00,0.000000000000000000e+00,0.000000000000000000e+00,0.000000000000000000e+00
4.178065150827697249e-01,4.404251716707313080e-01,0.000000000000000000e+00,0.000000000000000000e+00,0.000000000000000000e+00,4.151468117630057186e-01,0.000000000000000000e+00,4.109480398786165001e-01,0.000000000000000000e+00,0.000000000000000000e+00,0.000000000000000000e+00,0.000000000000000000e+00,4.216108858149181238e-01,0.000000000000000000e+00,0.000000000000000000e+00,4.518000338416330863e-01,0.000000000000000000e+00,4.318746446164982156e-01,0.000000000000000000e+00,4.314354669085362914e-01,4.114579593169976901e-01,4.099574330088371910e-01,4.291877983450305134e-01,5.028716490815298146e-01,4.253297451604126089e-01,3.994061161916970248e-01,4.685290754783784095e-01,4.331938401739288125e-01,4.374558057341416117e-01,0.000000000000000000e+00,4.223802685481388153e-01,4.407437178637931274e-01,4.235810434510444145e-01,4.310268497473915827e-01,4.626243672341101010e-01,4.963307587703018053e-01,0.000000000000000000e+00,0.000000000000000000e+00,5.030037102175175523e-01,4.994252186386657910e-01,5.047147836562114742e-01,5.212465966704956655e-01,0.000000000000000000e+00,0.000000000000000000e+00,0.000000000000000000e+00,0.000000000000000000e+00,5.117216866729751290e-01,0.000000000000000000e+00,0.000000000000000000e+00,0.000000000000000000e+00,4.793847276694762072e-01,0.000000000000000000e+00,4.700965430180205074e-01,0.000000000000000000e+00,0.000000000000000000e+00,0.000000000000000000e+00,0.000000000000000000e+00,1.182723303665556003e-01,0.000000000000000000e+00,5.248176909012072233e-01,5.243797015936980666e-01,0.000000000000000000e+00,0.000000000000000000e+00,0.000000000000000000e+00,5.275537439554930375e-01,4.930218004834672207e-01,5.243033037825292064e-01,5.366895994173493945e-01,0.000000000000000000e+00,1.582739178132742119e-01,5.218140136305277066e-01,5.492282945847962727e-01,5.384686961646849568e-01,5.162141351343322304e-01,0.000000000000000000e+00,4.987098603932623164e-01
4.265369373571468170e-01,4.157281826996713225e-01,0.000000000000000000e+00,0.000000000000000000e+00,0.000000000000000000e+00,4.000996983421636899e-01,4.511189944985768974e-01,4.780861481842589855e-01,4.243848431619505757e-01,4.473803776418481259e-01,0.000000000000000000e+00,0.000000000000000000e+00,4.748547270527233022e-01,0.000000000000000000e+00,4.518000338416330863e-01,0.000000000000000000e+00,4.087645085456392269e-01,3.709294801324040103e-01,0.000000000000000000e+00,4.367278026791517886e-01,4.353058250330110179e-01,4.263004266186685154e-01,4.761623152436397222e-01,0.000000000000000000e+00,4.208878038300408186e-01,4.344459328145953148e-01,4.653858609119598810e-01,4.770085332507321141e-01,4.595316275742221124e-01,4.706899476498074275e-01,4.031937552669621061e-01,4.727394664058813256e-01,4.084941391925099863e-01,4.107624922890315000e-01,4.503163779253114840e-01,0.000000000000000000e+00,0.000000000000000000e+00,0.000000000000000000e+00,4.461588891512878741e-01,4.632842522918982908e-01,4.601130466311266765e-01,4.898252690683156940e-01,0.000000000000000000e+00,0.000000000000000000e+00,0.000000000000000000e+00,4.883639412309350170e-01,4.840096936258155846e-01,0.000000000000000000e+00,0.000000000000000000e+00,0.000000000000000000e+00,0.000000000000000000e+00,0.000000000000000000e+00,0.000000000000000000e+00,0.000000000000000000e+00,0.000000000000000000e+00,0.000000000000000000e+00,0.000000000000000000e+00,0.000000000000000000e+00,0.000000000000000000e+00,5.109969279296826539e-01,4.652702279470781188e-01,0.000000000000000000e+00,4.526539340703286118e-01,0.000000000000000000e+00,5.115886701988041629e-01,4.685629324713109223e-01,4.773200251560162921e-01,6.520790582747445496e-01,0.000000000000000000e+00,4.593693346637148234e-01,4.982432051882353941e-01,5.965631489530448528e-01,0.000000000000000000e+00,5.325876404117538820e-01,0.000000000000000000e+00,4.488754229407252994e-01
0.000000000000000000e+00,0.000000000000000000e+00,0.000000000000000000e+00,0.000000000000000000e+00,0.000000000000000000e+00,1.577053824631629020e-01,4.991611113825077939e-01,0.000000000000000000e+00,0.000000000000000000e+00,3.803719294019435870e-01,1.129603659847957936e-01,3.901595532527700749e-01,4.769863970281756904e-01,0.000000000000000000e+00,0.000000000000000000e+00,4.087645085456392269e-01,0.000000000000000000e+00,3.752246855294887884e-01,0.000000000000000000e+00,3.892379233501829794e-01,0.000000000000000000e+00,4.150560381033217006e-01,0.000000000000000000e+00,3.848387457274964896e-01,3.686561300970445099e-01,3.920077322588682023e-01,0.000000000000000000e+00,4.654479702907373118e-01,1.054474693937562935e-01,0.000000000000000000e+00,3.874166145879436862e-01,4.341652717429181907e-01,3.957873550102066762e-01,3.857436062504325802e-01,3.807955504146913750e-01,0.000000000000000000e+00,0.000000000000000000e+00,3.559567516680625099e-01,0.000000000000000000e+00,3.691268829112266947e-01,0.000000000000000000e+00,0.000000000000000000e+00,0.000000000000000000e+00,0.000000000000000000e+00,0.000000000000000000e+00,0.000000000000000000e+00,0.000000000000000000e+00,0.000000000000000000e+00,0.000000000000000000e+00,0.000000000000000000e+00,0.000000000000000000e+00,0.000000000000000000e+00,0.000000000000000000e+00,0.000000000000000000e+00,5.105831095977739764e-01,0.000000000000000000e+00,4.922578949412613758e-01,0.000000000000000000e+00,0.000000000000000000e+00,0.000000000000000000e+00,0.000000000000000000e+00,4.845540631022782763e-01,4.262352247102745850e-01,0.000000000000000000e+00,0.000000000000000000e+00,0.000000000000000000e+00,0.000000000000000000e+00,0.000000000000000000e+00,4.991241698761165746e-01,4.770430244979170231e-01,4.910797720468321748e-01,0.000000000000000000e+00,0.000000000000000000e+00,0.000000000000000000e+00,0.000000000000000000e+00,0.000000000000000000e+00
4.217663169925962019e-01,4.181466130009047766e-01,0.000000000000000000e+00,0.000000000000000000e+00,0.000000000000000000e+00,3.906240527797079087e-01,4.528185800565400765e-01,4.894825781156750821e-01,1.723180217420489102e-01,3.909043862173752770e-01,0.000000000000000000e+00,3.930295024417019834e-01,4.737801976844914775e-01,0.000000000000000000e+00,4.318746446164982156e-01,3.709294801324040103e-01,3.752246855294887884e-01,0.000000000000000000e+00,0.000000000000000000e+00,4.332177152726213731e-01,4.371960283862982855e-01,4.342966310610876790e-01,4.592150510781721762e-01,4.099450872804480950e-01,3.866782706305397221e-01,4.085737036323355831e-01,4.325389156480982100e-01,4.745352803642898243e-01,4.311917993438125762e-01,4.324395863456010902e-01,4.148559623099911109e-01,4.430228863444968801e-01,4.015184195585980165e-01,4.089421897101835901e-01,4.104061240773566044e-01,0.000000000000000000e+00,0.000000000000000000e+00,0.000000000000000000e+00,4.310216266889235759e-01,4.374978818185796259e-01,4.492982435447999134e-01,4.285234597271785906e-01,0.000000000000000000e+00,0.000000000000000000e+00,0.000000000000000000e+00,4.614894792986136141e-01,4.637973227112112129e-01,0.000000000000000000e+00,0.000000000000000000e+00,0.000000000000000000e+00,0.000000000000000000e+00,0.000000000000000000e+00,0.000000000000000000e+00,0.000000000000000000e+00,4.677932210261186996e-01,0.000000000000000000e+00,4.591964210482200048e-01,0.000000000000000000e+00,0.000000000000000000e+00,0.000000000000000000e+00,4.588625154808402828e-01,4.400362123442493889e-01,4.582642015795966861e-01,0.000000000000000000e+00,0.000000000000000000e+00,0.000000000000000000e+00,4.426134839941041066e-01,0.000000000000000000e+00,4.592153211535743851e-01,4.532954507268978084e-01,4.749400275484135237e-01,0.000000000000000000e+00,0.000000000000000000e+00,0.000000000000000000e+00,0.000000000000000000e+00,4.309956327322364000e-01
0.000000000000000000e+00,0.000000000000000000e+00,3.125283500152588045e-01,4.612897326581413826e-01,4.108938394154332818e-01,4.289833337593981222e-01,4.742518533538430114e-01,4.849823473941692886e-01,3.274217193952506100e-01,5.111190609061658785e-01,2.624366604572859751e-01,5.399266779927077708e-01,4.794859500527506868e-01,4.270383869015363931e-01,0.000000000000000000e+00,0.000000000000000000e+00,0.000000000000000000e+00,0.000000000000000000e+00,0.000000000000000000e+00,0.000000000000000000e+00,0.000000000000000000e+00,0.000000000000000000e+00,2.673938781581223778e-01,0.000000000000000000e+00,0.000000000000000000e+00,0.000000000000000000e+00,3.845231051712387216e-01,4.876060957285808239e-01,0.000000000000000000e+00,0.000000000000000000e+00,5.022195899444136247e-01,4.561127169847339902e-01,0.000000000000000000e+00,4.919783114596035234e-01,4.644318549119758055e-01,4.442450606792140988e-01,1.075275400890906979e-01,5.152812996366014087e-01,5.386325501447113417e-01,0.000000000000000000e+00,0.000000000000000000e+00,0.000000000000000000e+00,4.767334264349269990e-01,0.000000000000000000e+00,0.000000000000000000e+00,0.000000000000000000e+00,0.000000000000000000e+00,5.457495876723570394e-01,0.000000000000000000e+00,5.719603009812309624e-01,5.507780827815500491e-01,6.180185349447961940e-01,5.648982129764421600e-01,5.692936761113911448e-01,0.000000000000000000e+00,3.765316209267691172e-01,0.000000000000000000e+00,6.596776096326938399e-01,5.207826348382776915e-01,0.000000000000000000e+00,0.000000000000000000e+00,0.000000000000000000e+00,0.000000000000000000e+00,4.554167065590736252e-01,0.000000000000000000e+00,0.000000000000000000e+00,0.000000000000000000e+00,5.626973541188129424e-01,0.000000000000000000e+00,0.000000000000000000e+00,0.000000000000000000e+00,5.744408122939632655e-01,0.000000000000000000e+00,0.000000000000000000e+00,0.000000000000000000e+00,0.000000000000000000e+00
4.575687948485485101e-01,4.350480989191780057e-01,0.000000000000000000e+00,4.716704493799188103e-01,3.883521688570483743e-01,4.268624990804256725e-01,4.613179196238845203e-01,5.038377566227401072e-01,4.142612133836174881e-01,1.064357389920402991e-01,0.000000000000000000e+00,0.000000000000000000e+00,4.677470147112474108e-01,0.000000000000000000e+00,4.314354669085362914e-01,4.367278026791517886e-01,3.892379233501829794e-01,4.332177152726213731e-01,0.000000000000000000e+00,0.000000000000000000e+00,4.825737222907590107e-01,3.987873406243919727e-01,4.159527432205384900e-01,0.000000000000000000e+00,4.271996850746013208e-01,4.693365076831407245e-01,3.931840835160919090e-01,4.450653175525379757e-01,3.772164768390118272e-01,3.916674428013987019e-01,4.037564504369620111e-01,4.452857047076275165e-01,3.961897159563648185e-01,4.359266209569860884e-01,4.648800673727773169e-01,5.177051624968601606e-01,0.000000000000000000e+00,0.000000000000000000e+00,5.141390321110782535e-01,5.073683226884802000e-01,5.120274983416595038e-01,5.278971040069538878e-01,7.055177334570882364e-01,0.000000000000000000e+00,0.000000000000000000e+00,0.000000000000000000e+00,4.523957795937402770e-01,0.000000000000000000e+00,0.000000000000000000e+00,0.000000000000000000e+00,5.173419627862048120e-01,0.000000000000000000e+00,5.547615673704318073e-01,0.000000000000000000e+00,0.000000000000000000e+00,0.000000000000000000e+00,0.000000000000000000e+00,1.728164616310444990e-01,0.000000000000000000e+00,5.231613782799240386e-01,1.948112228092699905e-01,0.000000000000000000e+00,0.000000000000000000e+00,0.000000000000000000e+00,5.264790990943013504e-01,4.954175833944671759e-01,5.141592613132587308e-01,5.452997078268111419e-01,0.000000000000000000e+00,1.902737318307902992e-01,5.022613768717557603e-01,5.564062798813091959e-01,5.273949750523208024e-01,5.124709062327884590e-01,6.248210365430979518e-01,5.251352193124502188e-01
4.296698573564023960e-01,4.241675564897031125e-01,0.000000000000000000e+00,0.000000000000000000e+00,0.000000000000000000e+00,4.320752567404704814e-01,0.000000000000000000e+00,3.953908876745689249e-01,0.000000000000000000e+00,0.000000000000000000e+00,0.000000000000000000e+00,0.000000000000000000e+00,4.444043854362402235e-01,4.309654662199288166e-01,4.114579593169976901e-01,4.353058250330110179e-01,0.000000000000000000e+00,4.371960283862982855e-01,0.000000000000000000e+00,4.825737222907590107e-01,0.000000000000000000e+00,4.437004451954524864e-01,4.022115050222467847e-01,5.236130682771570344e-01,4.526493472293733888e-01,4.508504060752346887e-01,4.790384946596391025e-01,4.684193682502453271e-01,4.217369632967594151e-01,0.000000000000000000e+00,4.044475863248899183e-01,4.253712611517562747e-01,4.148389301921625028e-01,4.009893322711262087e-01,4.456135196300582968e-01,0.000000000000000000e+00,0.000000000000000000e+00,0.000000000000000000e+00,4.802415268977813234e-01,4.589527070275655207e-01,5.052379357652995173e-01,5.236270067310316856e-01,0.000000000000000000e+00,0.000000000000000000e+00,0.000000000000000000e+00,2.905145332076515263e-01,5.140481445069420285e-01,0.000000000000000000e+00,0.000000000000000000e+00,0.000000000000000000e+00,4.338756014130003003e-01,0.000000000000000000e+00,4.516365460075911775e-01,0.000000000000000000e+00,0.000000000000000000e+00,0.000000000000000000e+00,0.000000000000000000e+00,1.023915041070437987e-01,0.000000000000000000e+00,4.783295304887513200e-01,4.846883628935000909e-01,0.000000000000000000e+00,0.000000000000000000e+00,0.000000000000000000e+00,5.205016707333465220e-01,3.994322294076042001e-01,4.992719336093103255e-01,5.025884762377587078e-01,0.000000000000000000e+00,1.266680572697488905e-01,5.069034213198070349e-01,5.482642507236801244e-01,4.764513295709086882e-01,5.234940236121385926e-01,0.000000000000000000e+00,4.793441501492223811e-01
