0.000000000000000000e+00,3.656323897104751253e-01,0.000000000000000000e+00,0.000000000000000000e+00,0.000000000000000000e+00,3.883375773817194787e-01,0.000000000000000000e+00,4.753701890564153154e-01,0.000000000000000000e+00,3.261905243928677756e-01,0.000000000000000000e+00,3.566878431026260232e-01,4.045471699811188926e-01,0.000000000000000000e+00,3.780598686924981910e-01,3.597269295870372807e-01,2.433321252638764032e-01,3.316224239809579810e-01,0.000000000000000000e+00,4.198837665210832237e-01,3.751837370559035212e-01,3.724708257314776061e-01,4.250734848836326130e-01,3.281741215910157772e-01,3.302480551779337081e-01,3.521900831010398858e-01,4.291867632758870066e-01,3.891993255611456148e-01,3.768947673842710788e-01,0.000000000000000000e+00,3.108931510621905092e-01,3.837100328047601816e-01,2.853469209138643214e-01,3.261026486272322056e-01,3.669849134475596797e-01,0.000000000000000000e+00,0.000000000000000000e+00,0.000000000000000000e+00,3.878545855379237906e-01,3.187073694595590201e-01,3.383948698986917192e-01,0.000000000000000000e+00,0.000000000000000000e+00,0.000000000000000000e+00,0.000000000000000000e+00,2.992156678316517104e-01,4.052489380313301082e-01,0.000000000000000000e+00,0.000000000000000000e+00,0.000000000000000000e+00,0.000000000000000000e+00,0.000000000000000000e+00,0.000000000000000000e+00,0.000000000000000000e+00,0.000000000000000000e+00,0.000000000000000000e+00,0.000000000000000000e+00,0.000000000000000000e+00,0.000000000000000000e+00,0.000000000000000000e+00,3.783149227256886182e-01,0.000000000000000000e+00,3.678110152904972008e-01,0.000000000000000000e+00,0.000000000000000000e+00,3.504354766707736268e-01,3.497838458728648736e-01,0.000000000000000000e+00,0.000000000000000000e+00,3.494400293341123898e-01,3.712836923377828002e-01,0.000000000000000000e+00,0.000000000000000000e+00,0.000000000000000000e+00,0.000000000000000000e+00,3.866906719146557814e-01
3.656323897104751253e-01,0.000000000000000000e+00,0.000000000000000000e+00,0.000000000000000000e+00,0.000000000000000000e+00,3.655307863092477905e-01,1.106019103643886975e-01,4.190937105374478167e-01,1.089941947224485064e-01,0.000000000000000000e+00,0.000000000000000000e+00,0.000000000000000000e+00,3.833015380511942127e-01,0.000000000000000000e+00,4.157510628084505888e-01,3.556759432141269883e-01,0.000000000000000000e+00,3.465574226938478164e-01,0.000000000000000000e+00,3.887423418005654940e-01,3.740365687625574753e-01,3.728814765609878012e-01,4.017983887292976841e-01,0.000000000000000000e+00,3.256519017402483840e-01,3.492527374817072094e-01,3.836400665204294791e-01,3.912974192020705066e-01,3.799608881821396889e-01,0.000000000000000000e+00,3.446470808376823070e-01,3.956603344690041157e-01,3.074482093291576179e-01,3.505387140075256203e-01,3.981487475502307749e-01,0.000000000000000000e+00,0.000000000000000000e+00,0.000000000000000000e+00,4.452620266708499086e-01,4.050604085554033729e-01,3.911651522603126763e-01,4.292431510707542253e-01,0.000000000000000000e+00,0.000000000000000000e+00,0.000000000000000000e+00,3.995292068503147886e-01,4.218179211977383103e-01,0.000000000000000000e+00,0.000000000000000000e+00,0.000000000000000000e+00,1.380189878409228132e-01,0.000000000000000000e+00,0.000000000000000000e+00,0.000000000000000000e+00,0.000000000000000000e+00,0.000000000000000000e+00,0.000000000000000000e+00,0.000000000000000000e+00,0.000000000000000000e+00,4.732706565869562731e-01,4.066289893709693071e-01,0.000000000000000000e+00,3.765810373224980911e-01,0.000000000000000000e+00,4.321260574122675058e-01,4.501247720529183982e-01,4.504015745781508873e-01,4.968130901265043198e-01,0.000000000000000000e+00,3.981299298866317060e-01,4.218504978680979733e-01,4.768668911675961741e-01,0.000000000000000000e+00,3.942266502732875155e-01,0.000000000000000000e+00,4.230728308318740805e-01
0.000000000000000000e+00,0.000000000000000000e+00,0.000000000000000000e+00,1.084974605659149022e-01,3.543274611161044141e-01,3.409780676224654083e-01,3.826824705907176938e-01,3.896767274760548072e-01,3.045667399229651240e-01,1.366818454632532931e-01,3.141167634362613259e-01,1.446661517501139915e-01,3.931978638397092274e-01,3.492941635452121996e-01,0.000000000000000000e+00,0.000000000000000000e+00,0.000000000000000000e+00,0.000000000000000000e+00,2.436504943137358103e-01,0.000000000000000000e+00,0.000000000000000000e+00,0.000000000000000000e+00,2.902350751891729086e-01,0.000000000000000000e+00,0.000000000000000000e+00,0.000000000000000000e+00,3.100042383959302206e-01,3.944509324745881229e-01,0.000000000000000000e+00,0.000000000000000000e+00,4.091129008513864074e-01,3.843323374315829044e-01,0.000000000000000000e+00,4.033160354658310021e-01,3.770045106786846234e-01,3.444122179850975241e-01,1.218498883128616012e-01,0.000000000000000000e+00,1.477498084837118031e-01,0.000000000000000000e+00,1.357753081291697972e-01,0.000000000000000000e+00,4.245842129685151178e-01,0.000000000000000000e+00,0.000000000000000000e+00,0.000000000000000000e+00,0.000000000000000000e+00,4.255489209036132925e-01,0.000000000000000000e+00,4.649019124426045924e-01,4.738876529258460035e-01,1.812099264912565011e-01,4.904645024988744106e-01,4.567984302706558086e-01,0.000000000000000000e+00,4.086112968942481882e-01,0.000000000000000000e+00,1.620068532629561908e-01,4.023569605527206883e-01,0.000000000000000000e+00,0.000000000000000000e+00,0.000000000000000000e+00,0.000000000000000000e+00,3.392767979294490921e-01,0.000000000000000000e+00,0.000000000000000000e+00,0.000000000000000000e+00,4.483380070934527839e-01,0.000000000000000000e+00,0.000000000000000000e+00,0.000000000000000000e+00,4.918262683799373147e-01,1.895566312354675098e-01,0.000000000000000000e+00,0.000000000000000000e+00,0.000000000000000000e+00
0.000000000000000000e+00,0.000000000000000000e+00,1.084974605659149022e-01,0.000000000000000000e+00,1.982388888776401015e-01,0.000000000000000000e+00,0.000000000000000000e+00,3.462677825739807203e-01,0.000000000000000000e+00,0.000000000000000000e+00,3.071528401503708094e-01,0.000000000000000000e+00,0.000000000000000000e+00,2.695212958685245797e-01,0.000000000000000000e+00,0.000000000000000000e+00,0.000000000000000000e+00,0.000000000000000000e+00,0.000000000000000000e+00,0.000000000000000000e+00,0.000000000000000000e+00,0.000000000000000000e+00,3.678443104579504075e-01,0.000000000000000000e+00,0.000000000000000000e+00,0.000000000000000000e+00,0.000000000000000000e+00,2.333514190054961912e-01,0.000000000000000000e+00,0.000000000000000000e+00,0.000000000000000000e+00,2.823036237562390194e-01,0.000000000000000000e+00,2.536890182701839191e-01,3.034778021983421947e-01,1.823857260726620966e-01,1.756435540520379923e-01,0.000000000000000000e+00,0.000000000000000000e+00,0.000000000000000000e+00,0.000000000000000000e+00,0.000000000000000000e+00,0.000000000000000000e+00,0.000000000000000000e+00,0.000000000000000000e+00,0.000000000000000000e+00,0.000000000000000000e+00,0.000000000000000000e+00,0.000000000000000000e+00,0.000000000000000000e+00,0.000000000000000000e+00,0.000000000000000000e+00,0.000000000000000000e+00,0.000000000000000000e+00,0.000000000000000000e+00,0.000000000000000000e+00,0.000000000000000000e+00,0.000000000000000000e+00,0.000000000000000000e+00,0.000000000000000000e+00,0.000000000000000000e+00,0.000000000000000000e+00,0.000000000000000000e+00,0.000000000000000000e+00,0.000000000000000000e+00,0.000000000000000000e+00,0.000000000000000000e+00,0.000000000000000000e+00,0.000000000000000000e+00,0.000000000000000000e+00,0.000000000000000000e+00,0.000000000000000000e+00,0.000000000000000000e+00,0.000000000000000000e+00,0.000000000000000000e+00,0.000000000000000000e+00
0.000000000000000000e+00,0.000000000000000000e+00,3.543274611161044141e-01,1.982388888776401015e-01,0.000000000000000000e+00,3.281518685861796181e-01,3.163141600076905258e-01,3.696634212412335807e-01,3.101610355404078034e-01,4.225023329620680723e-01,2.670642220989806748e-01,4.176251779214246174e-01,3.490277054419206881e-01,2.634838615761154190e-01,0.000000000000000000e+00,0.000000000000000000e+00,0.000000000000000000e+00,0.000000000000000000e+00,3.045845300437690084e-01,3.554058813264053263e-01,0.000000000000000000e+00,3.785070566353270216e-01,3.404870514364142231e-01,0.000000000000000000e+00,4.361587814000045249e-01,4.142154804877897223e-01,3.499484635534783061e-01,3.473075308704171027e-01,0.000000000000000000e+00,0.000000000000000000e+00,3.839976251075595259e-01,3.249551673433644927e-01,0.000000000000000000e+00,3.106500272788543793e-01,2.620658373005215758e-01,1.702374240507774916e-01,2.043986471412168049e-01,4.020674604249189210e-01,1.449016219380533932e-01,0.000000000000000000e+00,0.000000000000000000e+00,0.000000000000000000e+00,4.534721045689596997e-01,0.000000000000000000e+00,0.000000000000000000e+00,0.000000000000000000e+00,0.000000000000000000e+00,4.946209247103869888e-01,0.000000000000000000e+00,1.196853085045865017e-01,4.680147529825879893e-01,0.000000000000000000e+00,4.020427042077074908e-01,5.105004726346903388e-01,0.000000000000000000e+00,0.000000000000000000e+00,0.000000000000000000e+00,0.000000000000000000e+00,0.000000000000000000e+00,0.000000000000000000e+00,0.000000000000000000e+00,0.000000000000000000e+00,0.000000000000000000e+00,0.000000000000000000e+00,0.000000000000000000e+00,0.000000000000000000e+00,0.000000000000000000e+00,4.892215210722645757e-01,0.000000000000000000e+00,0.000000000000000000e+00,0.000000000000000000e+00,4.901201059904904955e-01,0.000000000000000000e+00,0.000000000000000000e+00,0.000000000000000000e+00,0.000000000000000000e+00
3.883375773817194787e-01,3.655307863092477905e-01,3.409780676224654083e-01,0.000000000000000000e+00,3.281518685861796181e-01,0.000000000000000000e+00,3.460710325345485172e-01,3.560207152190275059e-01,2.900275601775679779e-01,4.087828785001775822e-01,3.518971588685690932e-01,1.587953379915570951e-01,3.218565324376367887e-01,3.391199957399887999e-01,3.886876578348911204e-01,3.869909585350018166e-01,1.577053824631629020e-01,3.904039465068634973e-01,3.749386377464540843e-01,3.686953901939040157e-01,3.742130457884936812e-01,3.846916396190865894e-01,3.376677217803840114e-01,0.000000000000000000e+00,3.521710531481260231e-01,3.757790548369560057e-01,3.251640548974313871e-01,3.160319133741936737e-01,2.861817411247676857e-01,3.753189792061671914e-01,3.786106982165782786e-01,3.739156778518191726e-01,3.996429014071347097e-01,3.829737497909301847e-01,3.922734195082135944e-01,3.623821782818352766e-01,3.532733377520088092e-01,1.323406039125313016e-01,4.115612838944586738e-01,0.000000000000000000e+00,1.093098423438486066e-01,1.337139184359505129e-01,4.573965763309058019e-01,0.000000000000000000e+00,0.000000000000000000e+00,0.000000000000000000e+00,1.837371231652606962e-01,4.716326418691866862e-01,0.000000000000000000e+00,5.143577455542508448e-01,4.356017461962963799e-01,4.741569088140838995e-01,4.362295110669038856e-01,4.478922087413151898e-01,0.000000000000000000e+00,4.802357670411436796e-01,0.000000000000000000e+00,4.550459076016810100e-01,0.000000000000000000e+00,1.403968170182710029e-01,0.000000000000000000e+00,0.000000000000000000e+00,0.000000000000000000e+00,4.779646342320644226e-01,4.332872961141336909e-01,0.000000000000000000e+00,1.635458232680565005e-01,4.601079821595480124e-01,0.000000000000000000e+00,0.000000000000000000e+00,1.638433464803079054e-01,4.615351068140571833e-01,4.361938474921535080e-01,4.465995725527356908e-01,1.011516926898475971e-01,1.060227144666273935e-01
0.000000000000000000e+00,1.106019103643886975e-01,3.826824705907176938e-01,0.000000000000000000e+00,3.163141600076905258e-01,3.460710325345485172e-01,0.000000000000000000e+00,3.639370695688806112e-01,3.335556477508737072e-01,4.108144927960787895e-01,3.559582979886009024e-01,0.000000000000000000e+00,3.046783410101570055e-01,3.635063044112403774e-01,0.000000000000000000e+00,4.118254337473001847e-01,0.000000000000000000e+00,3.913807614359399167e-01,3.613986130845422973e-01,3.941724728034365910e-01,0.000000000000000000e+00,4.077427644274609908e-01,3.649339749239022823e-01,0.000000000000000000e+00,3.970482181162636737e-01,1.049187299755107022e-01,3.669802202948396208e-01,3.607736682369908077e-01,3.692727135792963078e-01,0.000000000000000000e+00,3.782779408533433196e-01,3.635127677983953087e-01,0.000000000000000000e+00,3.727830742449618762e-01,3.846548687688243762e-01,3.403202022482808009e-01,0.000000000000000000e+00,0.000000000000000000e+00,1.841832463700056044e-01,0.000000000000000000e+00,1.637731516271186127e-01,0.000000000000000000e+00,1.211191185914881063e-01,0.000000000000000000e+00,0.000000000000000000e+00,0.000000000000000000e+00,0.000000000000000000e+00,5.350360927271951006e-01,0.000000000000000000e+00,0.000000000000000000e+00,4.681105823458012738e-01,0.000000000000000000e+00,4.854957072176688815e-01,5.618078066802016934e-01,0.000000000000000000e+00,1.484293345485989957e-01,0.000000000000000000e+00,0.000000000000000000e+00,0.000000000000000000e+00,0.000000000000000000e+00,0.000000000000000000e+00,0.000000000000000000e+00,0.000000000000000000e+00,1.420735728466518133e-01,0.000000000000000000e+00,0.000000000000000000e+00,0.000000000000000000e+00,4.350582755429001081e-01,0.000000000000000000e+00,0.000000000000000000e+00,0.000000000000000000e+00,4.620685897488843175e-01,0.000000000000000000e+00,0.000000000000000000e+00,0.000000000000000000e+00,0.000000000000000000e+00
4.753701890564153154e-01,4.190937105374478167e-01,3.896767274760548072e-01,3.462677825739807203e-01,3.696634212412335807e-01,3.560207152190275059e-01,3.639370695688806112e-01,0.000000000000000000e+00,4.027947715752138724e-01,0.000000000000000000e+00,2.478446507416016131e-01,0.000000000000000000e+00,3.914845659351475216e-01,3.150636098883958236e-01,3.434529503260044803e-01,4.527502051072677114e-01,0.000000000000000000e+00,4.366823635825660133e-01,3.806607665673383267e-01,4.006002188475444870e-01,3.711089739654713227e-01,4.058992200258140781e-01,3.244086322879343176e-01,4.616610172512051191e-01,4.229078506552708117e-01,4.342033270249034960e-01,3.898269077456298914e-01,4.097098175759562033e-01,3.830686661592340170e-01,4.175588614873282922e-01,4.056793013250444835e-01,3.924824290289806172e-01,4.596946348643954905e-01,4.000573259410429849e-01,3.989335203973293775e-01,2.092023493819213098e-01,3.992961537686449125e-01,0.000000000000000000e+00,4.219494158466731148e-01,0.000000000000000000e+00,0.000000000000000000e+00,0.000000000000000000e+00,3.453533304265047899e-01,0.000000000000000000e+00,0.000000000000000000e+00,0.000000000000000000e+00,0.000000000000000000e+00,4.551652940866232067e-01,0.000000000000000000e+00,0.000000000000000000e+00,4.230492003412897883e-01,4.519494596514920803e-01,3.555171025596333134e-01,4.501965314862064194e-01,0.000000000000000000e+00,3.896641466123034747e-01,0.000000000000000000e+00,4.269623386521095854e-01,2.973357108332229104e-01,0.000000000000000000e+00,0.000000000000000000e+00,0.000000000000000000e+00,0.000000000000000000e+00,4.095812426938824080e-01,4.422554363152509938e-01,4.235174478262491160e-01,0.000000000000000000e+00,4.385313940959144063e-01,0.000000000000000000e+00,0.000000000000000000e+00,0.000000000000000000e+00,4.664667936970101070e-01,4.378557111856983819e-01,4.396124977251201216e-01,0.000000000000000000e+00,1.067701148290253060e-01
0.000000000000000000e+00,1.089941947224485064e-01,3.045667399229651240e-01,0.000000000000000000e+00,3.101610355404078034e-01,2.900275601775679779e-01,3.335556477508737072e-01,4.027947715752138724e-01,0.000000000000000000e+00,4.325162675538467005e-01,2.789872350764132092e-01,1.505650924118258072e-01,3.145303367487677915e-01,3.808134342018276164e-01,0.000000000000000000e+00,4.422842550868508749e-01,0.000000000000000000e+00,1.723180217420489102e-01,2.650994769402477136e-01,3.497236905551449060e-01,0.000000000000000000e+00,3.962026140272191244e-01,3.468800242274845957e-01,1.348241689002374066e-01,1.381552569281528919e-01,1.487972333815535952e-01,3.061798164441416059e-01,3.746357438559778097e-01,3.303925610380132882e-01,0.000000000000000000e+00,3.788985741063803925e-01,3.583062051452762797e-01,0.000000000000000000e+00,3.780935111896865930e-01,3.793617476818987866e-01,3.689325573682963877e-01,3.636719932744791883e-01,1.358621571928100014e-01,1.371550272575474128e-01,0.000000000000000000e+00,1.944270713845958065e-01,0.000000000000000000e+00,4.378428637322572814e-01,0.000000000000000000e+00,0.000000000000000000e+00,0.000000000000000000e+00,0.000000000000000000e+00,4.933438035409907774e-01,0.000000000000000000e+00,5.230925965239555664e-01,4.344388088266014081e-01,5.119303826132957091e-01,4.390360444601997258e-01,4.543366483495709929e-01,0.000000000000000000e+00,4.751716284406390933e-01,0.000000000000000000e+00,5.370416912302320434e-01,0.000000000000000000e+00,0.000000000000000000e+00,0.000000000000000000e+00,0.000000000000000000e+00,0.000000000000000000e+00,4.552714002369293023e-01,0.000000000000000000e+00,0.000000000000000000e+00,0.000000000000000000e+00,4.572770148295822734e-01,0.000000000000000000e+00,0.000000000000000000e+00,0.000000000000000000e+00,4.648859879504795845e-01,2.033127150883851098e-01,0.000000000000000000e+00,0.000000000000000000e+00,0.000000000000000000e+00
3.261905243928677756e-01,0.000000000000000000e+00,1.366818454632532931e-01,0.000000000000000000e+00,4.225023329620680723e-01,4.087828785001775822e-01,4.108144927960787895e-01,0.000000000000000000e+00,4.325162675538467005e-01,0.000000000000000000e+00,4.206754553235296235e-01,2.606825989427709045e-01,3.894884106369215782e-01,0.000000000000000000e+00,0.000000000000000000e+00,3.400109162088397752e-01,2.973143432635145800e-01,3.260873783912677792e-01,1.150716520072545962e-01,1.064357389920402991e-01,0.000000000000000000e+00,3.951245393110062176e-01,1.288294204396276954e-01,2.951764197298243908e-01,3.190893803568696230e-01,3.264141353248583011e-01,1.363035759766620947e-01,3.943353454575797001e-01,1.329312264403890997e-01,0.000000000000000000e+00,3.212766775592407753e-01,3.350303227264724848e-01,2.699172618022422920e-01,3.101895423397311724e-01,3.034703255501697838e-01,3.725891682038777186e-01,2.746495395435036846e-01,2.699982789477050060e-01,3.319339537276818075e-01,3.251663139441088868e-01,3.210519732921773839e-01,2.486142467645205134e-01,0.000000000000000000e+00,0.000000000000000000e+00,0.000000000000000000e+00,4.262460237593372891e-01,0.000000000000000000e+00,0.000000000000000000e+00,0.000000000000000000e+00,0.000000000000000000e+00,0.000000000000000000e+00,0.000000000000000000e+00,0.000000000000000000e+00,0.000000000000000000e+00,3.954326858164526892e-01,0.000000000000000000e+00,3.952596094086047174e-01,0.000000000000000000e+00,0.000000000000000000e+00,0.000000000000000000e+00,0.000000000000000000e+00,3.938009496737441273e-01,3.930389551204158116e-01,0.000000000000000000e+00,0.000000000000000000e+00,0.000000000000000000e+00,0.000000000000000000e+00,0.000000000000000000e+00,4.321521339658757066e-01,4.086003970236637972e-01,4.271111347262065983e-01,0.000000000000000000e+00,0.000000000000000000e+00,0.000000000000000000e+00,0.000000000000000000e+00,3.416617663048748810e-01
0.000000000000000000e+00,0.000000000000000000e+00,3.141167634362613259e-01,3.071528401503708094e-01,2.670642220989806748e-01,3.518971588685690932e-01,3.559582979886009024e-01,2.478446507416016131e-01,2.789872350764132092e-01,4.206754553235296235e-01,0.000000000000000000e+00,1.231636627429836955e-01,3.568975208624696749e-01,2.632489579099734911e-01,0.000000000000000000e+00,0.000000000000000000e+00,1.129603659847957936e-01,0.000000000000000000e+00,2.428678017177056114e-01,0.000000000000000000e+00,0.000000000000000000e+00,0.000000000000000000e+00,2.625439010456179223e-01,0.000000000000000000e+00,0.000000000000000000e+00,1.680492079956459883e-01,3.832806003475298096e-01,3.537874272718007918e-01,0.000000000000000000e+00,0.000000000000000000e+00,3.589816895880071912e-01,3.238886280012768792e-01,0.000000000000000000e+00,3.585834309239436801e-01,3.320644161226897761e-01,2.056397170011063924e-01,2.961803828229033209e-01,1.142382805828319053e-01,0.000000000000000000e+00,0.000000000000000000e+00,0.000000000000000000e+00,0.000000000000000000e+00,3.920900419041449259e-01,0.000000000000000000e+00,0.000000000000000000e+00,0.000000000000000000e+00,0.000000000000000000e+00,3.884299358721193252e-01,0.000000000000000000e+00,1.096474142337539037e-01,4.735397270719652885e-01,1.325156429244102874e-01,4.963112618053666103e-01,3.994916347285146774e-01,0.000000000000000000e+00,2.972421849152928064e-01,0.000000000000000000e+00,1.411573169783089110e-01,3.764818084474642057e-01,0.000000000000000000e+00,0.000000000000000000e+00,0.000000000000000000e+00,0.000000000000000000e+00,3.089068778807630977e-01,0.000000000000000000e+00,0.000000000000000000e+00,0.000000000000000000e+00,4.510565951460436818e-01,0.000000000000000000e+00,0.000000000000000000e+00,0.000000000000000000e+00,4.689659114981091781e-01,1.700380183479761886e-01,0.000000000000000000e+00,0.000000000000000000e+00,0.000000000000000000e+00
3.566878431026260232e-01,0.000000000000000000e+00,1.446661517501139915e-01,0.000000000000000000e+00,4.176251779214246174e-01,1.587953379915570951e-01,0.000000000000000000e+00,0.000000000000000000e+00,1.505650924118258072e-01,2.606825989427709045e-01,1.231636627429836955e-01,0.000000000000000000e+00,4.126526874119961219e-01,0.000000000000000000e+00,0.000000000000000000e+00,0.000000000000000000e+00,3.343520289379426913e-01,3.311265634140723724e-01,1.541655912504223125e-01,0.000000000000000000e+00,0.000000000000000000e+00,0.000000000000000000e+00,1.457153629566030062e-01,2.590328393530265116e-01,3.372346888836926793e-01,3.046495781963531879e-01,1.478126499661331916e-01,3.891179109767637923e-01,0.000000000000000000e+00,0.000000000000000000e+00,3.373051162845944750e-01,3.026214778332719235e-01,2.506161679827643152e-01,2.773889603413712268e-01,2.728676616111829212e-01,0.000000000000000000e+00,0.000000000000000000e+00,2.180326763503382947e-01,4.101045193871156180e-01,3.418474079524770892e-01,3.192332108339537844e-01,3.213679033353418202e-01,0.000000000000000000e+00,0.000000000000000000e+00,0.000000000000000000e+00,0.000000000000000000e+00,0.000000000000000000e+00,0.000000000000000000e+00,0.000000000000000000e+00,0.000000000000000000e+00,0.000000000000000000e+00,0.000000000000000000e+00,0.000000000000000000e+00,0.000000000000000000e+00,3.974329067254706027e-01,0.000000000000000000e+00,3.238015674876332795e-01,0.000000000000000000e+00,0.000000000000000000e+00,0.000000000000000000e+00,0.000000000000000000e+00,4.295897929752323097e-01,4.100229688079048973e-01,0.000000000000000000e+00,0.000000000000000000e+00,0.000000000000000000e+00,0.000000000000000000e+00,0.000000000000000000e+00,4.226572399481520192e-01,4.186526106064484831e-01,4.304635618349709203e-01,0.000000000000000000e+00,0.000000000000000000e+00,0.000000000000000000e+00,0.000000000000000000e+00,3.758386040117965843e-01
4.045471699811188926e-01,3.833015380511942127e-01,3.931978638397092274e-01,0.000000000000000000e+00,3.490277054419206881e-01,3.218565324376367887e-01,3.046783410101570055e-01,3.914845659351475216e-01,3.145303367487677915e-01,3.894884106369215782e-01,3.568975208624696749e-01,4.126526874119961219e-01,0.000000000000000000e+00,0.000000000000000000e+00,3.245366311212853905e-01,4.105711537985440862e-01,4.147571652406428777e-01,4.121027348518921940e-01,3.643245594482530936e-01,3.943699646631798061e-01,3.865007201417072213e-01,4.145395844029917121e-01,3.800245598477318132e-01,4.091855181139523734e-01,3.688312690786320069e-01,3.944883043707752002e-01,3.741920185639452945e-01,3.130958118808668256e-01,3.402663993255700126e-01,3.503115496470862733e-01,3.727640496239760792e-01,3.684142179961450991e-01,0.000000000000000000e+00,3.646968063216838862e-01,3.521393183038379893e-01,3.483011882194481101e-01,3.298327271907606772e-01,3.558942486341831191e-01,4.567981026311823123e-01,0.000000000000000000e+00,1.616459001673085927e-01,1.298068953631462130e-01,1.302533182002741097e-01,0.000000000000000000e+00,0.000000000000000000e+00,0.000000000000000000e+00,0.000000000000000000e+00,1.844890917420914100e-01,0.000000000000000000e+00,0.000000000000000000e+00,4.471978614117688156e-01,2.127971987323727110e-01,4.555510845405407183e-01,0.000000000000000000e+00,0.000000000000000000e+00,1.451333181512788895e-01,0.000000000000000000e+00,0.000000000000000000e+00,0.000000000000000000e+00,1.660466628282462886e-01,0.000000000000000000e+00,0.000000000000000000e+00,0.000000000000000000e+00,0.000000000000000000e+00,1.543003688465809098e-01,0.000000000000000000e+00,2.033799240140601039e-01,4.566705754378411197e-01,0.000000000000000000e+00,1.644983550037110998e-01,1.881866019945158952e-01,4.795497540921118129e-01,0.000000000000000000e+00,5.292036909871796757e-01,0.000000000000000000e+00,0.000000000000000000e+00
0.000000000000000000e+00,0.000000000000000000e+00,3.492941635452121996e-01,2.695212958685245797e-01,2.634838615761154190e-01,3.391199957399887999e-01,3.635063044112403774e-01,3.150636098883958236e-01,3.808134342018276164e-01,0.000000000000000000e+00,2.632489579099734911e-01,0.000000000000000000e+00,0.000000000000000000e+00,0.000000000000000000e+00,0.000000000000000000e+00,0.000000000000000000e+00,0.000000000000000000e+00,0.000000000000000000e+00,3.106585997007472177e-01,0.000000000000000000e+00,0.000000000000000000e+00,0.000000000000000000e+00,2.987501421340449936e-01,0.000000000000000000e+00,0.000000000000000000e+00,0.000000000000000000e+00,3.752260892158286731e-01,1.647593572777580062e-01,0.000000000000000000e+00,0.000000000000000000e+00,0.000000000000000000e+00,3.244821155187749828e-01,0.000000000000000000e+00,0.000000000000000000e+00,0.000000000000000000e+00,1.802979594850928069e-01,1.350464520748990982e-01,0.000000000000000000e+00,0.000000000000000000e+00,0.000000000000000000e+00,0.000000000000000000e+00,0.000000000000000000e+00,3.155308547039959999e-01,0.000000000000000000e+00,0.000000000000000000e+00,0.000000000000000000e+00,0.000000000000000000e+00,4.493988373388532742e-01,0.000000000000000000e+00,0.000000000000000000e+00,0.000000000000000000e+00,0.000000000000000000e+00,0.000000000000000000e+00,4.110604175481358813e-01,0.000000000000000000e+00,3.564398084706809078e-01,0.000000000000000000e+00,0.000000000000000000e+00,0.000000000000000000e+00,0.000000000000000000e+00,0.000000000000000000e+00,0.000000000000000000e+00,0.000000000000000000e+00,0.000000000000000000e+00,0.000000000000000000e+00,0.000000000000000000e+00,0.000000000000000000e+00,0.000000000000000000e+00,0.000000000000000000e+00,0.000000000000000000e+00,0.000000000000000000e+00,4.698070483427371213e-01,0.000000000000000000e+00,0.000000000000000000e+00,0.000000000000000000e+00,0.000000000000000000e+00
3.780598686924981910e-01,4.157510628084505888e-01,0.000000000000000000e+00,0.000000000000000000e+00,0.000000000000000000e+00,3.886876578348911204e-01,0.000000000000000000e+00,3.434529503260044803e-01,0.000000000000000000e+00,0.000000000000000000e+00,0.000000000000000000e+00,0.000000000000000000e+00,3.245366311212853905e-01,0.000000000000000000e+00,0.000000000000000000e+00,3.868787287183330093e-01,0.000000000000000000e+00,3.643240456023785767e-01,0.000000000000000000e+00,3.332555838034039208e-01,3.883373112461072085e-01,3.726773195179017839e-01,3.869511520330983223e-01,0.000000000000000000e+00,3.605271680697128001e-01,3.895859766911555777e-01,4.024361284645001091e-01,3.582341616475593904e-01,3.688532313668759777e-01,0.000000000000000000e+00,4.031258221824948196e-01,4.429242420854060946e-01,4.089591735558313901e-01,4.398214989283503740e-01,4.793170203388215089e-01,5.487273134775028094e-01,0.000000000000000000e+00,0.000000000000000000e+00,4.929846281960181820e-01,4.535652489285604272e-01,4.750561372979918984e-01,4.736795317672414241e-01,0.000000000000000000e+00,0.000000000000000000e+00,0.000000000000000000e+00,0.000000000000000000e+00,4.631900928131164052e-01,0.000000000000000000e+00,0.000000000000000000e+00,0.000000000000000000e+00,4.278190191331924241e-01,0.000000000000000000e+00,5.392762108888697892e-01,0.000000000000000000e+00,0.000000000000000000e+00,0.000000000000000000e+00,0.000000000000000000e+00,1.182723303665556003e-01,0.000000000000000000e+00,4.458728616561961067e-01,1.452970067518689068e-01,0.000000000000000000e+00,0.000000000000000000e+00,0.000000000000000000e+00,4.591719458473769166e-01,4.654520473966646810e-01,5.037046555566698780e-01,4.572323312875655743e-01,0.000000000000000000e+00,1.582739178132742119e-01,5.003154182189195609e-01,4.568524357480394094e-01,1.241303353465886966e-01,4.511304306174829803e-01,0.000000000000000000e+00,1.299156690900989952e-01
3.597269295870372807e-01,3.556759432141269883e-01,0.000000000000000000e+00,0.000000000000000000e+00,0.000000000000000000e+00,3.869909585350018166e-01,4.118254337473001847e-01,4.527502051072677114e-01,4.422842550868508749e-01,3.400109162088397752e-01,0.000000000000000000e+00,0.000000000000000000e+00,4.105711537985440862e-01,0.000000000000000000e+00,3.868787287183330093e-01,0.000000000000000000e+00,3.437652258201949196e-01,3.148482306585971835e-01,0.000000000000000000e+00,3.859072217979395147e-01,3.734663291661152185e-01,3.652405977308358920e-01,3.936826755112817766e-01,2.974959283077748262e-01,3.439219381895589067e-01,3.920357224010281860e-01,3.976260959974025067e-01,4.226146009525217906e-01,3.940090092375457820e-01,3.638611855250319937e-01,3.267388154951130219e-01,3.706620390084596761e-01,3.215992569185471273e-01,3.452836592873245181e-01,3.692526216837236919e-01,0.000000000000000000e+00,0.000000000000000000e+00,0.000000000000000000e+00,4.181672991220806157e-01,3.845413693403659239e-01,3.897386912038098838e-01,4.188188840783875211e-01,0.000000000000000000e+00,0.000000000000000000e+00,0.000000000000000000e+00,3.724241581387370825e-01,4.260353913566621853e-01,0.000000000000000000e+00,0.000000000000000000e+00,0.000000000000000000e+00,0.000000000000000000e+00,0.000000000000000000e+00,0.000000000000000000e+00,0.000000000000000000e+00,0.000000000000000000e+00,0.000000000000000000e+00,0.000000000000000000e+00,0.000000000000000000e+00,0.000000000000000000e+00,4.653747111141242065e-01,3.986619945972681989e-01,0.000000000000000000e+00,3.814106661842350254e-01,0.000000000000000000e+00,4.819868772770625753e-01,4.227214744658928103e-01,4.319325722700739223e-01,1.718447103613205129e-01,0.000000000000000000e+00,3.792615619141667116e-01,4.156580894312416063e-01,1.510972486137522885e-01,0.000000000000000000e+00,4.793429668884998107e-01,0.000000000000000000e+00,3.818821837383187812e-01
2.433321252638764032e-01,0.000000000000000000e+00,0.000000000000000000e+00,0.000000000000000000e+00,0.000000000000000000e+00,1.577053824631629020e-01,0.000000000000000000e+00,0.000000000000000000e+00,0.000000000000000000e+00,2.973143432635145800e-01,1.129603659847957936e-01,3.343520289379426913e-01,4.147571652406428777e-01,0.000000000000000000e+00,0.000000000000000000e+00,3.437652258201949196e-01,0.000000000000000000e+00,3.133228819801199272e-01,0.000000000000000000e+00,1.128976963617454032e-01,0.000000000000000000e+00,3.407428917072921060e-01,0.000000000000000000e+00,3.040074772115328727e-01,2.927202921442493277e-01,3.267471903642774067e-01,0.000000000000000000e+00,4.087242447923722932e-01,1.054474693937562935e-01,0.000000000000000000e+00,3.150667402869016254e-01,3.623400044564009104e-01,2.837276421043701258e-01,3.124594312332191759e-01,3.282443467224451794e-01,0.000000000000000000e+00,0.000000000000000000e+00,0.000000000000000000e+00,0.000000000000000000e+00,3.112306307663826876e-01,0.000000000000000000e+00,0.000000000000000000e+00,0.000000000000000000e+00,0.000000000000000000e+00,0.000000000000000000e+00,0.000000000000000000e+00,0.000000000000000000e+00,0.000000000000000000e+00,0.000000000000000000e+00,0.000000000000000000e+00,0.000000000000000000e+00,0.000000000000000000e+00,0.000000000000000000e+00,0.000000000000000000e+00,3.616345971405237059e-01,0.000000000000000000e+00,3.818894214067047876e-01,0.000000000000000000e+00,0.000000000000000000e+00,0.000000000000000000e+00,0.000000000000000000e+00,4.014146076338466207e-01,3.614342169577267061e-01,0.000000000000000000e+00,0.000000000000000000e+00,0.000000000000000000e+00,0.000000000000000000e+00,0.000000000000000000e+00,4.291811299168746818e-01,3.539164750049306751e-01,3.924393971273663073e-01,0.000000000000000000e+00,0.000000000000000000e+00,0.000000000000000000e+00,0.000000000000000000e+00,0.000000000000000000e+00
3.316224239809579810e-01,3.465574226938478164e-01,0.000000000000000000e+00,0.000000000000000000e+00,0.000000000000000000e+00,3.904039465068634973e-01,3.913807614359399167e-01,4.366823635825660133e-01,1.723180217420489102e-01,3.260873783912677792e-01,0.000000000000000000e+00,3.311265634140723724e-01,4.121027348518921940e-01,0.000000000000000000e+00,3.643240456023785767e-01,3.148482306585971835e-01,3.133228819801199272e-01,0.000000000000000000e+00,0.000000000000000000e+00,3.791183451859769793e-01,3.700143963926407209e-01,3.704819555906416206e-01,4.125979027423548051e-01,3.074570796235995829e-01,3.111637740789670037e-01,3.470864024354556876e-01,3.919733750188629240e-01,3.954943367540112997e-01,3.818875354802899746e-01,0.000000000000000000e+00,3.253249451558203886e-01,3.899272804881669940e-01,3.015704168957726861e-01,3.214837911139508120e-01,3.614286471156952230e-01,0.000000000000000000e+00,0.000000000000000000e+00,0.000000000000000000e+00,3.472327699669636170e-01,3.142635531095949175e-01,3.008644234272225271e-01,3.344264924333518185e-01,0.000000000000000000e+00,0.000000000000000000e+00,0.000000000000000000e+00,3.660851011932684251e-01,4.130990965543965276e-01,0.000000000000000000e+00,0.000000000000000000e+00,0.000000000000000000e+00,0.000000000000000000e+00,0.000000000000000000e+00,0.000000000000000000e+00,0.000000000000000000e+00,3.360240519337809872e-01,0.000000000000000000e+00,3.565561254607472197e-01,0.000000000000000000e+00,0.000000000000000000e+00,0.000000000000000000e+00,3.781228616488536143e-01,3.672309996710447777e-01,3.555233191932232750e-01,0.000000000000000000e+00,0.000000000000000000e+00,0.000000000000000000e+00,3.898292106276888269e-01,0.000000000000000000e+00,3.937136700512096077e-01,3.576261340718578929e-01,3.757899873026276927e-01,0.000000000000000000e+00,0.000000000000000000e+00,0.000000000000000000e+00,0.000000000000000000e+00,3.515400469052982202e-01
0.000000000000000000e+00,0.000000000000000000e+00,2.436504943137358103e-01,0.000000000000000000e+00,3.045845300437690084e-01,3.749386377464540843e-01,3.613986130845422973e-01,3.806607665673383267e-01,2.650994769402477136e-01,1.150716520072545962e-01,2.428678017177056114e-01,1.541655912504223125e-01,3.643245594482530936e-01,3.106585997007472177e-01,0.000000000000000000e+00,0.000000000000000000e+00,0.000000000000000000e+00,0.000000000000000000e+00,0.000000000000000000e+00,0.000000000000000000e+00,0.000000000000000000e+00,0.000000000000000000e+00,2.863715727536219058e-01,0.000000000000000000e+00,0.000000000000000000e+00,0.000000000000000000e+00,3.518610069016749886e-01,3.565498837308789248e-01,0.000000000000000000e+00,0.000000000000000000e+00,3.792728228470003127e-01,3.586726526226766132e-01,0.000000000000000000e+00,3.821772761277795194e-01,0.000000000000000000e+00,3.104802887144704759e-01,1.075275400890906979e-01,1.031902039238388052e-01,0.000000000000000000e+00,0.000000000000000000e+00,0.000000000000000000e+00,0.000000000000000000e+00,4.330892665539872177e-01,0.000000000000000000e+00,0.000000000000000000e+00,0.000000000000000000e+00,0.000000000000000000e+00,4.531808629820203160e-01,0.000000000000000000e+00,1.437041172048640070e-01,4.846581768459787276e-01,1.548222465146527060e-01,4.859375969321015898e-01,4.766076282479447812e-01,0.000000000000000000e+00,3.657844191378937238e-01,0.000000000000000000e+00,1.847620863620250131e-01,4.242788120625721748e-01,0.000000000000000000e+00,0.000000000000000000e+00,0.000000000000000000e+00,0.000000000000000000e+00,4.329898809134318793e-01,0.000000000000000000e+00,0.000000000000000000e+00,0.000000000000000000e+00,4.942153111531821241e-01,0.000000000000000000e+00,0.000000000000000000e+00,0.000000000000000000e+00,5.104346533815147247e-01,0.000000000000000000e+00,0.000000000000000000e+00,0.000000000000000000e+00,0.000000000000000000e+00
4.198837665210832237e-01,3.887423418005654940e-01,0.000000000000000000e+00,0.000000000000000000e+00,3.554058813264053263e-01,3.686953901939040157e-01,3.941724728034365910e-01,4.006002188475444870e-01,3.497236905551449060e-01,1.064357389920402991e-01,0.000000000000000000e+00,0.000000000000000000e+00,3.943699646631798061e-01,0.000000000000000000e+00,3.332555838034039208e-01,3.859072217979395147e-01,1.128976963617454032e-01,3.791183451859769793e-01,0.000000000000000000e+00,0.000000000000000000e+00,4.012979351179604137e-01,3.434834783466291785e-01,3.347212354174529114e-01,0.000000000000000000e+00,3.621446781506981738e-01,4.173329822225163022e-01,2.950453837386811107e-01,3.413526677811918875e-01,2.876362468044169063e-01,2.939772245896283276e-01,3.511445828078286757e-01,4.380953945638211833e-01,3.811007133702924987e-01,3.909724157195862970e-01,4.447174684982238002e-01,5.078299082459604152e-01,4.894527645451164921e-01,0.000000000000000000e+00,4.561752997338365256e-01,4.524155996524338863e-01,4.708548286714041020e-01,4.954570118314773897e-01,1.085571697441179012e-01,0.000000000000000000e+00,0.000000000000000000e+00,0.000000000000000000e+00,4.321615403437609748e-01,0.000000000000000000e+00,0.000000000000000000e+00,0.000000000000000000e+00,4.739441134217625140e-01,0.000000000000000000e+00,5.441923790316457454e-01,0.000000000000000000e+00,0.000000000000000000e+00,0.000000000000000000e+00,0.000000000000000000e+00,1.728164616310444990e-01,0.000000000000000000e+00,4.578586128206972861e-01,1.948112228092699905e-01,0.000000000000000000e+00,0.000000000000000000e+00,0.000000000000000000e+00,4.576188497630402918e-01,4.485372577116442105e-01,4.634304775810731969e-01,4.765970832905850885e-01,0.000000000000000000e+00,1.902737318307902992e-01,4.707453763734967267e-01,4.738950906658779827e-01,1.481917054000936873e-01,4.479542477767429198e-01,1.118076663368391954e-01,1.342102570227123037e-01
3.751837370559035212e-01,3.740365687625574753e-01,0.000000000000000000e+00,0.000000000000000000e+00,0.000000000000000000e+00,3.742130457884936812e-01,0.000000000000000000e+00,3.711089739654713227e-01,0.000000000000000000e+00,0.000000000000000000e+00,0.000000000000000000e+00,0.000000000000000000e+00,3.865007201417072213e-01,0.000000000000000000e+00,3.883373112461072085e-01,3.734663291661152185e-01,0.000000000000000000e+00,3.700143963926407209e-01,0.000000000000000000e+00,4.012979351179604137e-01,0.000000000000000000e+00,4.103614897659821903e-01,3.587294753566078742e-01,4.170473022910504146e-01,3.751430877789210805e-01,3.987224541308558856e-01,3.976286175485062024e-01,4.072647097617246859e-01,3.806670462405533084e-01,0.000000000000000000e+00,3.658656777684239914e-01,4.202843563757793222e-01,3.635172291111736786e-01,3.899234068884908089e-01,4.381682873272819134e-01,0.000000000000000000e+00,0.000000000000000000e+00,0.000000000000000000e+00,4.495198559787743076e-01,4.280662643383589261e-01,4.681637572796433222e-01,4.935722890309544031e-01,0.000000000000000000e+00,0.000000000000000000e+00,0.000000000000000000e+00,3.054341335767912780e-01,4.254747039164519240e-01,0.000000000000000000e+00,0.000000000000000000e+00,0.000000000000000000e+00,3.828192512511240930e-01,0.000000000000000000e+00,3.866279438665753965e-01,0.000000000000000000e+00,0.000000000000000000e+00,0.000000000000000000e+00,0.000000000000000000e+00,1.023915041070437987e-01,0.000000000000000000e+00,4.541923385358778154e-01,1.251528873586232049e-01,0.000000000000000000e+00,0.000000000000000000e+00,0.000000000000000000e+00,4.399857020040898181e-01,3.484956586286068192e-01,4.685715632543034914e-01,4.322043984653161086e-01,0.000000000000000000e+00,1.266680572697488905e-01,4.791087857493540048e-01,4.481331960166788919e-01,4.236550500799385888e-01,3.851855211086819275e-01,0.000000000000000000e+00,5.012174556811224146e-01
