0.000000000000000000e+00,3.730243507156689731e-01,0.000000000000000000e+00,0.000000000000000000e+00,0.000000000000000000e+00,4.392862561089431739e-01,0.000000000000000000e+00,4.825861078498601131e-01,0.000000000000000000e+00,3.822437754026575263e-01,0.000000000000000000e+00,3.749386648337392769e-01,1.289189709994993938e-01,0.000000000000000000e+00,4.260427528123498231e-01,3.611530830421996185e-01,3.552650976084119061e-01,3.412520958126705195e-01,0.000000000000000000e+00,4.374984347317250055e-01,4.023584898757808226e-01,3.875494037493404931e-01,4.531847222651985141e-01,3.692566007234451830e-01,3.352788427666372195e-01,3.753391359371139879e-01,4.661790035455811165e-01,4.443775389618254135e-01,4.058245272089738842e-01,0.000000000000000000e+00,3.235980724065318226e-01,3.731008158172047784e-01,2.933642597557887810e-01,3.253047752699249062e-01,3.856206625620641759e-01,0.000000000000000000e+00,0.000000000000000000e+00,0.000000000000000000e+00,4.592772756140143797e-01,4.298839698781876106e-01,4.176313542159593162e-01,0.000000000000000000e+00,0.000000000000000000e+00,0.000000000000000000e+00,0.000000000000000000e+00,3.478492786945471260e-01,4.520102377332371746e-01,0.000000000000000000e+00,0.000000000000000000e+00,0.000000000000000000e+00,0.000000000000000000e+00,0.000000000000000000e+00,0.000000000000000000e+00,0.000000000000000000e+00,0.000000000000000000e+00,0.000000000000000000e+00,0.000000000000000000e+00,0.000000000000000000e+00,0.000000000000000000e+00,0.000000000000000000e+00,4.437165478101183780e-01,0.000000000000000000e+00,0.000000000000000000e+00,0.000000000000000000e+00,0.000000000000000000e+00,4.219984221489189724e-01,4.485569376553559806e-01,0.000000000000000000e+00,3.473437572152225927e-01,4.416929566594269829e-01,4.299998096600287090e-01,0.000000000000000000e+00,0.000000000000000000e+00,0.000000000000000000e+00,0.000000000000000000e+00,0.000000000000000000e+00
3.730243507156689731e-01,0.000000000000000000e+00,0.000000000000000000e+00,0.000000000000000000e+00,0.000000000000000000e+00,4.156899127432541197e-01,4.222335660788308909e-01,4.571009523038329081e-01,4.041125355713051093e-01,0.000000000000000000e+00,0.000000000000000000e+00,0.000000000000000000e+00,4.275059207176759024e-01,0.000000000000000000e+00,4.465673836251636275e-01,4.121314123743334834e-01,4.583817699839964899e-01,3.843404364786671135e-01,0.000000000000000000e+00,4.473722066313460255e-01,4.275962646706492065e-01,4.127216496712590166e-01,4.331304856032360817e-01,0.000000000000000000e+00,3.530631913515023812e-01,3.923988827921449096e-01,4.444920189979020275e-01,4.160730326506560939e-01,4.323689131085771131e-01,0.000000000000000000e+00,3.600202369461510954e-01,4.163880859171585902e-01,3.754396607323893797e-01,3.658707863856380249e-01,4.413086789212453120e-01,0.000000000000000000e+00,0.000000000000000000e+00,0.000000000000000000e+00,4.749525185612057943e-01,4.732597881475711921e-01,4.640096364477171997e-01,4.631864185099996978e-01,0.000000000000000000e+00,0.000000000000000000e+00,0.000000000000000000e+00,4.363382874128525213e-01,4.737117349364183827e-01,0.000000000000000000e+00,0.000000000000000000e+00,0.000000000000000000e+00,4.589311226234650265e-01,0.000000000000000000e+00,0.000000000000000000e+00,0.000000000000000000e+00,0.000000000000000000e+00,0.000000000000000000e+00,0.000000000000000000e+00,0.000000000000000000e+00,0.000000000000000000e+00,5.217237075005940472e-01,4.511765664036643808e-01,0.000000000000000000e+00,4.426014713177159887e-01,0.000000000000000000e+00,4.601225339169007778e-01,5.017621697211473997e-01,5.027042667667838138e-01,5.033931683982085792e-01,0.000000000000000000e+00,4.262752991344119224e-01,4.939411400299235089e-01,4.922699507214862158e-01,0.000000000000000000e+00,4.311358640308344259e-01,0.000000000000000000e+00,4.516766418777335979e-01
0.000000000000000000e+00,0.000000000000000000e+00,0.000000000000000000e+00,1.084974605659149022e-01,3.497426690564435225e-01,3.451846009259899040e-01,3.765392960121439203e-01,3.946914406712496159e-01,2.697722711480560198e-01,1.366818454632532931e-01,2.715787040267169106e-01,1.446661517501139915e-01,3.894772000431910852e-01,3.222907580420719120e-01,0.000000000000000000e+00,0.000000000000000000e+00,0.000000000000000000e+00,0.000000000000000000e+00,2.328628749963352895e-01,0.000000000000000000e+00,0.000000000000000000e+00,0.000000000000000000e+00,2.522472722744201756e-01,0.000000000000000000e+00,0.000000000000000000e+00,0.000000000000000000e+00,2.701914432080007034e-01,3.922317048016010221e-01,0.000000000000000000e+00,0.000000000000000000e+00,3.940452937379609888e-01,3.629291833799402900e-01,0.000000000000000000e+00,3.924918531875862815e-01,0.000000000000000000e+00,3.303185464198429844e-01,3.828846332932874241e-01,0.000000000000000000e+00,4.109552922651730222e-01,0.000000000000000000e+00,1.357753081291697972e-01,0.000000000000000000e+00,3.920495312249729913e-01,0.000000000000000000e+00,0.000000000000000000e+00,0.000000000000000000e+00,0.000000000000000000e+00,3.040835123879260804e-01,0.000000000000000000e+00,5.081958140010417457e-01,5.172777039514524500e-01,5.331385039340938992e-01,5.071043727159120218e-01,4.871995174829490960e-01,0.000000000000000000e+00,2.859612172816692888e-01,0.000000000000000000e+00,5.482986581905640033e-01,4.185816821050208913e-01,0.000000000000000000e+00,0.000000000000000000e+00,0.000000000000000000e+00,0.000000000000000000e+00,2.149194773371765066e-01,0.000000000000000000e+00,0.000000000000000000e+00,0.000000000000000000e+00,5.126336834617396532e-01,0.000000000000000000e+00,0.000000000000000000e+00,0.000000000000000000e+00,5.203525918490743418e-01,1.895566312354675098e-01,0.000000000000000000e+00,0.000000000000000000e+00,0.000000000000000000e+00
0.000000000000000000e+00,0.000000000000000000e+00,1.084974605659149022e-01,0.000000000000000000e+00,2.515052368732694776e-01,3.376987921765827183e-01,3.086224014054271825e-01,3.818972714091610765e-01,3.547616666681402964e-01,2.133290167289627892e-01,3.188295044277021928e-01,2.871629119249021200e-01,3.135298759768064270e-01,2.770938761258707195e-01,0.000000000000000000e+00,0.000000000000000000e+00,0.000000000000000000e+00,0.000000000000000000e+00,3.681769659383097859e-01,0.000000000000000000e+00,0.000000000000000000e+00,0.000000000000000000e+00,0.000000000000000000e+00,0.000000000000000000e+00,0.000000000000000000e+00,0.000000000000000000e+00,3.712235784547743833e-01,2.485627101605019096e-01,0.000000000000000000e+00,0.000000000000000000e+00,2.725035625702064146e-01,2.601996234975382793e-01,0.000000000000000000e+00,2.352818828116040040e-01,2.550664290381798871e-01,2.094489459063854087e-01,1.922841594791875885e-01,2.505118124175613747e-01,0.000000000000000000e+00,0.000000000000000000e+00,0.000000000000000000e+00,0.000000000000000000e+00,0.000000000000000000e+00,0.000000000000000000e+00,0.000000000000000000e+00,0.000000000000000000e+00,0.000000000000000000e+00,0.000000000000000000e+00,0.000000000000000000e+00,0.000000000000000000e+00,0.000000000000000000e+00,0.000000000000000000e+00,0.000000000000000000e+00,0.000000000000000000e+00,0.000000000000000000e+00,0.000000000000000000e+00,0.000000000000000000e+00,0.000000000000000000e+00,0.000000000000000000e+00,0.000000000000000000e+00,0.000000000000000000e+00,0.000000000000000000e+00,0.000000000000000000e+00,0.000000000000000000e+00,0.000000000000000000e+00,0.000000000000000000e+00,0.000000000000000000e+00,0.000000000000000000e+00,0.000000000000000000e+00,0.000000000000000000e+00,0.000000000000000000e+00,0.000000000000000000e+00,0.000000000000000000e+00,0.000000000000000000e+00,0.000000000000000000e+00,0.000000000000000000e+00
0.000000000000000000e+00,0.000000000000000000e+00,3.497426690564435225e-01,2.515052368732694776e-01,0.000000000000000000e+00,3.590288315253776230e-01,3.340588340639438769e-01,3.881585278969111874e-01,3.152214830230498088e-01,4.376560462212815139e-01,3.126535881963600771e-01,1.089202348788521069e-01,3.851979445497850096e-01,2.785338812793787810e-01,0.000000000000000000e+00,0.000000000000000000e+00,0.000000000000000000e+00,0.000000000000000000e+00,3.239707358282130079e-01,3.607181344805918122e-01,0.000000000000000000e+00,3.898263157240213772e-01,3.707746877217862891e-01,0.000000000000000000e+00,1.026512181678926050e-01,4.718259218495619023e-01,3.631548109653249812e-01,3.915465877320805088e-01,3.528606912557984976e-01,0.000000000000000000e+00,4.056036429943811750e-01,3.364202685523257075e-01,4.964311227426655981e-01,4.011151014204996090e-01,3.369912097078717195e-01,2.318311154062185075e-01,2.248212318922090114e-01,4.144311538622809099e-01,5.253978191712809220e-01,0.000000000000000000e+00,0.000000000000000000e+00,0.000000000000000000e+00,3.621266426713182218e-01,0.000000000000000000e+00,0.000000000000000000e+00,0.000000000000000000e+00,0.000000000000000000e+00,4.592521758972050727e-01,0.000000000000000000e+00,5.496800970401275466e-01,5.202553749926328575e-01,0.000000000000000000e+00,4.642759615352701763e-01,4.675915246793603264e-01,0.000000000000000000e+00,3.994140551843098907e-01,0.000000000000000000e+00,0.000000000000000000e+00,0.000000000000000000e+00,0.000000000000000000e+00,0.000000000000000000e+00,0.000000000000000000e+00,0.000000000000000000e+00,4.440632383218062751e-01,0.000000000000000000e+00,0.000000000000000000e+00,0.000000000000000000e+00,5.077000326757554749e-01,0.000000000000000000e+00,0.000000000000000000e+00,0.000000000000000000e+00,5.070099061143581443e-01,0.000000000000000000e+00,0.000000000000000000e+00,0.000000000000000000e+00,0.000000000000000000e+00
4.392862561089431739e-01,4.156899127432541197e-01,3.451846009259899040e-01,3.376987921765827183e-01,3.590288315253776230e-01,0.000000000000000000e+00,3.777231057331280062e-01,3.946773262306305097e-01,3.183007323178800863e-01,4.277564642999753253e-01,3.484077646566431929e-01,1.587953379915570951e-01,3.617518812981129206e-01,3.367619037546896732e-01,4.107858895312109793e-01,4.299293805971958760e-01,1.577053824631629020e-01,4.039890327875068077e-01,3.343883062742485923e-01,4.014769689004675235e-01,3.990631827032924961e-01,4.164908896517103276e-01,4.002711603215227121e-01,0.000000000000000000e+00,4.211144082790254095e-01,3.947826095405375102e-01,3.760118325802727091e-01,3.413947877152205823e-01,3.242766478585770162e-01,3.667875268904695063e-01,3.859136919736488869e-01,3.763474673884147914e-01,3.545876288187415071e-01,3.901467427229224905e-01,4.081131633213895826e-01,3.708482352922211067e-01,3.695708548877296162e-01,4.558531496441108888e-01,4.580781044821585213e-01,0.000000000000000000e+00,4.815569694159992920e-01,1.337139184359505129e-01,1.280654934576379023e-01,0.000000000000000000e+00,0.000000000000000000e+00,0.000000000000000000e+00,1.837371231652606962e-01,4.977471597635116929e-01,0.000000000000000000e+00,1.789824702647367927e-01,4.941364272932010082e-01,5.183085545680495843e-01,4.642952743519656034e-01,4.721338198464737901e-01,0.000000000000000000e+00,1.476943059108785927e-01,0.000000000000000000e+00,4.934114889694677930e-01,0.000000000000000000e+00,4.912065624978970146e-01,0.000000000000000000e+00,0.000000000000000000e+00,0.000000000000000000e+00,4.871375791763309926e-01,4.656915825635257744e-01,4.728609876857746142e-01,4.911099672548704942e-01,5.088411282777217659e-01,0.000000000000000000e+00,0.000000000000000000e+00,5.045394901897174433e-01,4.955408309250053933e-01,4.693544090391225110e-01,4.703019815177644780e-01,5.133351025604284690e-01,4.796939167976240759e-01
0.000000000000000000e+00,4.222335660788308909e-01,3.765392960121439203e-01,3.086224014054271825e-01,3.340588340639438769e-01,3.777231057331280062e-01,0.000000000000000000e+00,3.894948244941328075e-01,3.603829764976944072e-01,4.081186818121090853e-01,3.832931611781179027e-01,4.112564130742010216e-01,3.528168259808315832e-01,3.253498715629916105e-01,0.000000000000000000e+00,4.369804315963736197e-01,4.744968282290317196e-01,4.531895494994139795e-01,3.751093371424290002e-01,4.077398828921294793e-01,0.000000000000000000e+00,4.250939103398457264e-01,3.956572157751380159e-01,0.000000000000000000e+00,4.318452900159954200e-01,4.236983894117185012e-01,3.914496257514277211e-01,3.892640237274961890e-01,3.796257666043880152e-01,0.000000000000000000e+00,4.086134990004713918e-01,3.922674597559924203e-01,4.059876507620786001e-01,3.999964987189130738e-01,3.606330498098648252e-01,3.214672347055079760e-01,3.105624701709608915e-01,4.005965004908524918e-01,5.435038190275218728e-01,0.000000000000000000e+00,1.637731516271186127e-01,0.000000000000000000e+00,1.211191185914881063e-01,0.000000000000000000e+00,0.000000000000000000e+00,0.000000000000000000e+00,0.000000000000000000e+00,1.874961326348812130e-01,0.000000000000000000e+00,0.000000000000000000e+00,5.062860041429833036e-01,0.000000000000000000e+00,5.245247782021963401e-01,1.754326870027249075e-01,0.000000000000000000e+00,1.484293345485989957e-01,0.000000000000000000e+00,0.000000000000000000e+00,0.000000000000000000e+00,0.000000000000000000e+00,0.000000000000000000e+00,0.000000000000000000e+00,0.000000000000000000e+00,1.420735728466518133e-01,0.000000000000000000e+00,0.000000000000000000e+00,0.000000000000000000e+00,4.927976930789452203e-01,0.000000000000000000e+00,0.000000000000000000e+00,0.000000000000000000e+00,4.892339073392333870e-01,0.000000000000000000e+00,0.000000000000000000e+00,0.000000000000000000e+00,0.000000000000000000e+00
4.825861078498601131e-01,4.571009523038329081e-01,3.946914406712496159e-01,3.818972714091610765e-01,3.881585278969111874e-01,3.946773262306305097e-01,3.894948244941328075e-01,0.000000000000000000e+00,4.122426791483618236e-01,0.000000000000000000e+00,3.096896352279628895e-01,0.000000000000000000e+00,4.146690095748202243e-01,3.564558964627824178e-01,3.848351874267234018e-01,4.520028914901085826e-01,0.000000000000000000e+00,4.227076403967827134e-01,3.535369906642789051e-01,4.361171274237862217e-01,4.393748275129151781e-01,4.389446789160936779e-01,3.780095784589270758e-01,4.833100500034948066e-01,4.085547924043959056e-01,4.608108698165980788e-01,4.308760241260399249e-01,4.138172997813432952e-01,3.661506644812819178e-01,4.232405266033177904e-01,4.095647135296480168e-01,3.392885771015400898e-01,3.717026055292714237e-01,3.998722016438470139e-01,4.395589785344786726e-01,2.631570311380828087e-01,0.000000000000000000e+00,0.000000000000000000e+00,4.903021008506897038e-01,0.000000000000000000e+00,4.111960352968089816e-01,0.000000000000000000e+00,3.981624891801309740e-01,0.000000000000000000e+00,0.000000000000000000e+00,0.000000000000000000e+00,0.000000000000000000e+00,4.770039960274550794e-01,0.000000000000000000e+00,0.000000000000000000e+00,4.809167672473095845e-01,0.000000000000000000e+00,3.800349044618174799e-01,4.616124131350767268e-01,0.000000000000000000e+00,4.530784905907835891e-01,0.000000000000000000e+00,4.712098974311276223e-01,0.000000000000000000e+00,4.780507055348898193e-01,0.000000000000000000e+00,0.000000000000000000e+00,0.000000000000000000e+00,4.596725992897858770e-01,4.936451458063769171e-01,4.180881312506783964e-01,0.000000000000000000e+00,4.977248198793571277e-01,0.000000000000000000e+00,0.000000000000000000e+00,0.000000000000000000e+00,4.943005693819634838e-01,4.657194741470753185e-01,4.761354731791078154e-01,0.000000000000000000e+00,1.067701148290253060e-01
0.000000000000000000e+00,4.041125355713051093e-01,2.697722711480560198e-01,3.547616666681402964e-01,3.152214830230498088e-01,3.183007323178800863e-01,3.603829764976944072e-01,4.122426791483618236e-01,0.000000000000000000e+00,4.244869005145329166e-01,2.982875001710402207e-01,4.184388004231188729e-01,3.622524792324616771e-01,3.602225877353366079e-01,0.000000000000000000e+00,0.000000000000000000e+00,0.000000000000000000e+00,1.723180217420489102e-01,2.667465334994548742e-01,3.695328213560817865e-01,0.000000000000000000e+00,4.010146247751275039e-01,3.563582889102300810e-01,1.348241689002374066e-01,1.381552569281528919e-01,1.487972333815535952e-01,3.099961350641243230e-01,3.834569578199107931e-01,3.445133919785579035e-01,4.011274838506587725e-01,3.671131583344514060e-01,3.616084077389113971e-01,3.874103404325396904e-01,3.801479252930490271e-01,3.886632757355384937e-01,3.572089163618600849e-01,3.696161448771522751e-01,3.865893389600015828e-01,4.454079378380005894e-01,0.000000000000000000e+00,1.944270713845958065e-01,0.000000000000000000e+00,4.227372243306187216e-01,0.000000000000000000e+00,0.000000000000000000e+00,0.000000000000000000e+00,0.000000000000000000e+00,4.977810350893326907e-01,0.000000000000000000e+00,1.678821275704424076e-01,4.913597666357735205e-01,5.372485116967143925e-01,4.800542986455795802e-01,4.933266545182993790e-01,0.000000000000000000e+00,4.430767748485773816e-01,0.000000000000000000e+00,5.568560800736619409e-01,0.000000000000000000e+00,0.000000000000000000e+00,0.000000000000000000e+00,0.000000000000000000e+00,0.000000000000000000e+00,4.751604493399406159e-01,0.000000000000000000e+00,0.000000000000000000e+00,0.000000000000000000e+00,5.040683894652402408e-01,0.000000000000000000e+00,0.000000000000000000e+00,0.000000000000000000e+00,4.924400716859176907e-01,5.347629418384249878e-01,0.000000000000000000e+00,0.000000000000000000e+00,0.000000000000000000e+00
3.822437754026575263e-01,0.000000000000000000e+00,1.366818454632532931e-01,2.133290167289627892e-01,4.376560462212815139e-01,4.277564642999753253e-01,4.081186818121090853e-01,0.000000000000000000e+00,4.244869005145329166e-01,0.000000000000000000e+00,4.284787511331540899e-01,3.038624069292852892e-01,4.231300748708933801e-01,0.000000000000000000e+00,0.000000000000000000e+00,4.008088363505104001e-01,3.237192447851287014e-01,3.600861919023886082e-01,4.364584284835237860e-01,1.064357389920402991e-01,0.000000000000000000e+00,1.131478320326588932e-01,1.288294204396276954e-01,3.128399118325664863e-01,3.570232851844761246e-01,3.451332805041962826e-01,1.363035759766620947e-01,3.951336734628368985e-01,1.329312264403890997e-01,0.000000000000000000e+00,3.413467674168889077e-01,3.286701967411083114e-01,3.215348498084628082e-01,3.036620194662459915e-01,2.968485497736538803e-01,2.841162605526522111e-01,2.051304342048679008e-01,2.733882645357810781e-01,3.442777491241019172e-01,3.537918711832311880e-01,3.667792558650854740e-01,3.152165153870531977e-01,0.000000000000000000e+00,0.000000000000000000e+00,3.387802025458949151e-01,4.795987419906604932e-01,0.000000000000000000e+00,0.000000000000000000e+00,0.000000000000000000e+00,0.000000000000000000e+00,0.000000000000000000e+00,0.000000000000000000e+00,0.000000000000000000e+00,0.000000000000000000e+00,4.185100803044325968e-01,0.000000000000000000e+00,4.401021193180851832e-01,4.053936569661156786e-01,0.000000000000000000e+00,0.000000000000000000e+00,0.000000000000000000e+00,4.371612293689808859e-01,4.257130505973139023e-01,0.000000000000000000e+00,0.000000000000000000e+00,0.000000000000000000e+00,0.000000000000000000e+00,0.000000000000000000e+00,3.976244278418065159e-01,4.257014117833409217e-01,4.460265632384359802e-01,0.000000000000000000e+00,3.929825872609353232e-01,0.000000000000000000e+00,0.000000000000000000e+00,4.038601171920986888e-01
0.000000000000000000e+00,0.000000000000000000e+00,2.715787040267169106e-01,3.188295044277021928e-01,3.126535881963600771e-01,3.484077646566431929e-01,3.832931611781179027e-01,3.096896352279628895e-01,2.982875001710402207e-01,4.284787511331540899e-01,0.000000000000000000e+00,1.231636627429836955e-01,3.937185533248515057e-01,2.642469425934920180e-01,0.000000000000000000e+00,0.000000000000000000e+00,1.129603659847957936e-01,0.000000000000000000e+00,2.551420717713985820e-01,0.000000000000000000e+00,0.000000000000000000e+00,0.000000000000000000e+00,2.461828172045230911e-01,0.000000000000000000e+00,0.000000000000000000e+00,1.680492079956459883e-01,3.304959148543546998e-01,3.929398283141504744e-01,0.000000000000000000e+00,0.000000000000000000e+00,3.737927540901110901e-01,3.091856530827977734e-01,0.000000000000000000e+00,3.874138792287776245e-01,3.743160096937814818e-01,2.802778448918684107e-01,2.744142402057039853e-01,1.142382805828319053e-01,3.602706972541220853e-01,0.000000000000000000e+00,0.000000000000000000e+00,0.000000000000000000e+00,3.766184529483889154e-01,0.000000000000000000e+00,0.000000000000000000e+00,0.000000000000000000e+00,0.000000000000000000e+00,4.181988463216532170e-01,0.000000000000000000e+00,4.364203287077788040e-01,4.941015400239696098e-01,4.835841954980443225e-01,4.591724974634608936e-01,4.460146095335025263e-01,0.000000000000000000e+00,1.484356706461698872e-01,0.000000000000000000e+00,4.989579072623668843e-01,3.667897124411829135e-01,0.000000000000000000e+00,0.000000000000000000e+00,0.000000000000000000e+00,0.000000000000000000e+00,1.629409700111681125e-01,0.000000000000000000e+00,0.000000000000000000e+00,0.000000000000000000e+00,4.977359471967293114e-01,0.000000000000000000e+00,0.000000000000000000e+00,0.000000000000000000e+00,4.924004612002174097e-01,5.191164622159680775e-01,0.000000000000000000e+00,0.000000000000000000e+00,0.000000000000000000e+00
3.749386648337392769e-01,0.000000000000000000e+00,1.446661517501139915e-01,2.871629119249021200e-01,1.089202348788521069e-01,1.587953379915570951e-01,4.112564130742010216e-01,0.000000000000000000e+00,4.184388004231188729e-01,3.038624069292852892e-01,1.231636627429836955e-01,0.000000000000000000e+00,4.113182056803594833e-01,0.000000000000000000e+00,0.000000000000000000e+00,0.000000000000000000e+00,3.866716616867956202e-01,1.076615035360117961e-01,1.541655912504223125e-01,0.000000000000000000e+00,4.815870126560666264e-01,0.000000000000000000e+00,1.457153629566030062e-01,2.838889101252048963e-01,3.575099626060042057e-01,3.068659232269860815e-01,1.478126499661331916e-01,3.606234900783403252e-01,0.000000000000000000e+00,0.000000000000000000e+00,3.542372311768012816e-01,2.473120176088821898e-01,2.500592610794630799e-01,2.621908048425526938e-01,2.870968187831484109e-01,2.498661025916134870e-01,2.665560199947297204e-01,1.900196885026400051e-01,2.591649323471855171e-01,3.362420908001020892e-01,3.647429865199379728e-01,3.846180971193672860e-01,0.000000000000000000e+00,0.000000000000000000e+00,3.686632510220643755e-01,0.000000000000000000e+00,0.000000000000000000e+00,0.000000000000000000e+00,0.000000000000000000e+00,0.000000000000000000e+00,0.000000000000000000e+00,0.000000000000000000e+00,0.000000000000000000e+00,0.000000000000000000e+00,4.163821647079821164e-01,0.000000000000000000e+00,4.351809692325269152e-01,0.000000000000000000e+00,0.000000000000000000e+00,0.000000000000000000e+00,0.000000000000000000e+00,4.471297271002205864e-01,4.320404569486719915e-01,0.000000000000000000e+00,0.000000000000000000e+00,0.000000000000000000e+00,0.000000000000000000e+00,0.000000000000000000e+00,3.597478080070006801e-01,4.403035008871126199e-01,4.532380013236140259e-01,0.000000000000000000e+00,0.000000000000000000e+00,0.000000000000000000e+00,0.000000000000000000e+00,3.993475208004457766e-01
1.289189709994993938e-01,4.275059207176759024e-01,3.894772000431910852e-01,3.135298759768064270e-01,3.851979445497850096e-01,3.617518812981129206e-01,3.528168259808315832e-01,4.146690095748202243e-01,3.622524792324616771e-01,4.231300748708933801e-01,3.937185533248515057e-01,4.113182056803594833e-01,0.000000000000000000e+00,3.788138507971774982e-01,0.000000000000000000e+00,4.401586638072518265e-01,4.470856964544043799e-01,4.284543635447866095e-01,3.830910948580039110e-01,4.064108151001555869e-01,4.194632859301237193e-01,4.301098582317641195e-01,4.082910168286003061e-01,4.073654594874924761e-01,4.337270753163736114e-01,4.179042266586864840e-01,4.067770849206279737e-01,3.568867368772568049e-01,3.596758163087525051e-01,3.760409851567674822e-01,4.009452392335453030e-01,3.975678891877750809e-01,4.192172271427488939e-01,4.012763579616093201e-01,3.855229064074865986e-01,3.644804927841148179e-01,3.543799567896216973e-01,3.797331600338634816e-01,4.550841897073771847e-01,0.000000000000000000e+00,5.242172297255579538e-01,1.298068953631462130e-01,1.302533182002741097e-01,0.000000000000000000e+00,0.000000000000000000e+00,0.000000000000000000e+00,0.000000000000000000e+00,1.844890917420914100e-01,0.000000000000000000e+00,0.000000000000000000e+00,4.910837126776914086e-01,2.127971987323727110e-01,4.674007763602942012e-01,0.000000000000000000e+00,0.000000000000000000e+00,1.451333181512788895e-01,0.000000000000000000e+00,0.000000000000000000e+00,0.000000000000000000e+00,6.013691126080775717e-01,0.000000000000000000e+00,0.000000000000000000e+00,0.000000000000000000e+00,0.000000000000000000e+00,5.231681012623458082e-01,0.000000000000000000e+00,2.033799240140601039e-01,4.996283539072575164e-01,0.000000000000000000e+00,1.644983550037110998e-01,1.881866019945158952e-01,4.941533134398781169e-01,0.000000000000000000e+00,4.987492523687488966e-01,0.000000000000000000e+00,0.000000000000000000e+00
0.000000000000000000e+00,0.000000000000000000e+00,3.222907580420719120e-01,2.770938761258707195e-01,2.785338812793787810e-01,3.367619037546896732e-01,3.253498715629916105e-01,3.564558964627824178e-01,3.602225877353366079e-01,0.000000000000000000e+00,2.642469425934920180e-01,0.000000000000000000e+00,3.788138507971774982e-01,0.000000000000000000e+00,0.000000000000000000e+00,0.000000000000000000e+00,0.000000000000000000e+00,0.000000000000000000e+00,3.097856719080255838e-01,0.000000000000000000e+00,4.314040353287834084e-01,0.000000000000000000e+00,3.674031748466908276e-01,0.000000000000000000e+00,0.000000000000000000e+00,0.000000000000000000e+00,4.027329813204150732e-01,2.631021398038703163e-01,0.000000000000000000e+00,0.000000000000000000e+00,3.684129937137117783e-01,2.379315348232785010e-01,0.000000000000000000e+00,3.435177950172711991e-01,0.000000000000000000e+00,1.921299245335262862e-01,1.762400696023372904e-01,0.000000000000000000e+00,2.773103289248953218e-01,0.000000000000000000e+00,0.000000000000000000e+00,0.000000000000000000e+00,3.392512180360733876e-01,0.000000000000000000e+00,0.000000000000000000e+00,0.000000000000000000e+00,0.000000000000000000e+00,4.754069628732540131e-01,0.000000000000000000e+00,0.000000000000000000e+00,0.000000000000000000e+00,0.000000000000000000e+00,0.000000000000000000e+00,4.408051301418730028e-01,0.000000000000000000e+00,4.001100420149447112e-01,0.000000000000000000e+00,0.000000000000000000e+00,0.000000000000000000e+00,0.000000000000000000e+00,0.000000000000000000e+00,0.000000000000000000e+00,0.000000000000000000e+00,0.000000000000000000e+00,0.000000000000000000e+00,0.000000000000000000e+00,0.000000000000000000e+00,4.899120798168958846e-01,0.000000000000000000e+00,0.000000000000000000e+00,0.000000000000000000e+00,5.173903235485675101e-01,0.000000000000000000e+00,0.000000000000000000e+00,0.000000000000000000e+00,0.000000000000000000e+00
4.260427528123498231e-01,4.465673836251636275e-01,0.000000000000000000e+00,0.000000000000000000e+00,0.000000000000000000e+00,4.107858895312109793e-01,0.000000000000000000e+00,3.848351874267234018e-01,0.000000000000000000e+00,0.000000000000000000e+00,0.000000000000000000e+00,0.000000000000000000e+00,0.000000000000000000e+00,0.000000000000000000e+00,0.000000000000000000e+00,4.200294142067376724e-01,0.000000000000000000e+00,3.726387887269104193e-01,0.000000000000000000e+00,3.691740998455834144e-01,4.209387202356781876e-01,3.637383327161368141e-01,3.526485463774349793e-01,4.511705105482701206e-01,4.148741070308442080e-01,4.012744301836169147e-01,4.178751051968094821e-01,3.612013999590530933e-01,4.085858690776493773e-01,0.000000000000000000e+00,3.897734008883779189e-01,4.317801576753730886e-01,4.023376794397915956e-01,4.283215768955119240e-01,4.734580011547017131e-01,0.000000000000000000e+00,0.000000000000000000e+00,0.000000000000000000e+00,5.041545868480696857e-01,5.489785921316369111e-01,5.035575851649320978e-01,5.283949822508509087e-01,0.000000000000000000e+00,0.000000000000000000e+00,0.000000000000000000e+00,0.000000000000000000e+00,5.086738139838367090e-01,0.000000000000000000e+00,0.000000000000000000e+00,0.000000000000000000e+00,4.660665428217019013e-01,0.000000000000000000e+00,4.636331681846972974e-01,0.000000000000000000e+00,0.000000000000000000e+00,0.000000000000000000e+00,0.000000000000000000e+00,1.182723303665556003e-01,0.000000000000000000e+00,5.271507951770756373e-01,4.901944043204476964e-01,0.000000000000000000e+00,0.000000000000000000e+00,0.000000000000000000e+00,5.080818224061547372e-01,5.038545165741120657e-01,5.286118766137142266e-01,5.050354734227662235e-01,0.000000000000000000e+00,1.582739178132742119e-01,5.338232671612765934e-01,5.195714525006897011e-01,1.241303353465886966e-01,4.786619151773726100e-01,0.000000000000000000e+00,4.946556550128152763e-01
3.611530830421996185e-01,4.121314123743334834e-01,0.000000000000000000e+00,0.000000000000000000e+00,0.000000000000000000e+00,4.299293805971958760e-01,4.369804315963736197e-01,4.520028914901085826e-01,0.000000000000000000e+00,4.008088363505104001e-01,0.000000000000000000e+00,0.000000000000000000e+00,4.401586638072518265e-01,0.000000000000000000e+00,4.200294142067376724e-01,0.000000000000000000e+00,4.073892589664043773e-01,3.637997186844639241e-01,0.000000000000000000e+00,4.264760985167064256e-01,3.971215332861650071e-01,4.063628640020836014e-01,3.997651294854339121e-01,3.908697361875888010e-01,3.850213918425575144e-01,4.164260345260079044e-01,4.409680878961136918e-01,4.306866596846354867e-01,4.460360359361105198e-01,0.000000000000000000e+00,3.662354783040320250e-01,4.241760088800615169e-01,3.683396827008811880e-01,3.876010822281603097e-01,4.522522675220186916e-01,0.000000000000000000e+00,0.000000000000000000e+00,0.000000000000000000e+00,4.600141871426797757e-01,4.296954403099632058e-01,4.368790416217849248e-01,4.401337572233323114e-01,0.000000000000000000e+00,0.000000000000000000e+00,0.000000000000000000e+00,4.279647478003280048e-01,4.568557326506357819e-01,0.000000000000000000e+00,0.000000000000000000e+00,0.000000000000000000e+00,0.000000000000000000e+00,0.000000000000000000e+00,0.000000000000000000e+00,0.000000000000000000e+00,0.000000000000000000e+00,0.000000000000000000e+00,0.000000000000000000e+00,0.000000000000000000e+00,0.000000000000000000e+00,5.031738169001874761e-01,4.405007013260314186e-01,0.000000000000000000e+00,0.000000000000000000e+00,0.000000000000000000e+00,4.393014088597432809e-01,4.829629171281016875e-01,4.746759767177061162e-01,5.907224471843833813e-01,0.000000000000000000e+00,4.204178316665523885e-01,4.773805250655341892e-01,5.624599618729480000e-01,0.000000000000000000e+00,1.420226505012320006e-01,0.000000000000000000e+00,0.000000000000000000e+00
3.552650976084119061e-01,4.583817699839964899e-01,0.000000000000000000e+00,0.000000000000000000e+00,0.000000000000000000e+00,1.577053824631629020e-01,4.744968282290317196e-01,0.000000000000000000e+00,0.000000000000000000e+00,3.237192447851287014e-01,1.129603659847957936e-01,3.866716616867956202e-01,4.470856964544043799e-01,0.000000000000000000e+00,0.000000000000000000e+00,4.073892589664043773e-01,0.000000000000000000e+00,3.290959225775282881e-01,0.000000000000000000e+00,4.219445518403560080e-01,0.000000000000000000e+00,3.988778808513934737e-01,0.000000000000000000e+00,3.722168717782742275e-01,3.313483320288291845e-01,3.711117506382334841e-01,0.000000000000000000e+00,4.284740328547830268e-01,4.675213889564283076e-01,0.000000000000000000e+00,3.773506261824475794e-01,4.209481935003135944e-01,3.591640892516095862e-01,3.866610830361814077e-01,4.102652993112408941e-01,0.000000000000000000e+00,0.000000000000000000e+00,3.410189792989150037e-01,0.000000000000000000e+00,3.537563562045418220e-01,0.000000000000000000e+00,0.000000000000000000e+00,0.000000000000000000e+00,0.000000000000000000e+00,0.000000000000000000e+00,0.000000000000000000e+00,0.000000000000000000e+00,0.000000000000000000e+00,0.000000000000000000e+00,0.000000000000000000e+00,0.000000000000000000e+00,0.000000000000000000e+00,0.000000000000000000e+00,0.000000000000000000e+00,3.845114589864009891e-01,0.000000000000000000e+00,4.166688455404233271e-01,0.000000000000000000e+00,0.000000000000000000e+00,0.000000000000000000e+00,0.000000000000000000e+00,4.264171272803503054e-01,3.831055054679314842e-01,0.000000000000000000e+00,0.000000000000000000e+00,0.000000000000000000e+00,0.000000000000000000e+00,0.000000000000000000e+00,3.605906597709567230e-01,3.865066933930221271e-01,4.257387476007767901e-01,0.000000000000000000e+00,0.000000000000000000e+00,0.000000000000000000e+00,0.000000000000000000e+00,0.000000000000000000e+00
3.412520958126705195e-01,3.843404364786671135e-01,0.000000000000000000e+00,0.000000000000000000e+00,0.000000000000000000e+00,4.039890327875068077e-01,4.531895494994139795e-01,4.227076403967827134e-01,1.723180217420489102e-01,3.600861919023886082e-01,0.000000000000000000e+00,1.076615035360117961e-01,4.284543635447866095e-01,0.000000000000000000e+00,3.726387887269104193e-01,3.637997186844639241e-01,3.290959225775282881e-01,0.000000000000000000e+00,0.000000000000000000e+00,3.943979518831310926e-01,3.583460572325555815e-01,4.075259145511980763e-01,3.978467201687940213e-01,3.453116743846201819e-01,3.365069512314435851e-01,3.653102706947071177e-01,4.140494041990830931e-01,4.103831701432407164e-01,4.048082762042448102e-01,0.000000000000000000e+00,3.649754652776214803e-01,4.082460190261135158e-01,3.397920739502239273e-01,3.675746793523427813e-01,4.062735355620172850e-01,0.000000000000000000e+00,0.000000000000000000e+00,0.000000000000000000e+00,4.183982024930957833e-01,3.846824056751966814e-01,3.999377627170940808e-01,4.166674334120775147e-01,0.000000000000000000e+00,0.000000000000000000e+00,0.000000000000000000e+00,3.911458143526733156e-01,4.214787644302492864e-01,0.000000000000000000e+00,0.000000000000000000e+00,0.000000000000000000e+00,0.000000000000000000e+00,0.000000000000000000e+00,0.000000000000000000e+00,0.000000000000000000e+00,3.820503445802804210e-01,0.000000000000000000e+00,1.188332347334969952e-01,0.000000000000000000e+00,0.000000000000000000e+00,0.000000000000000000e+00,4.111131326811630071e-01,1.093052739522323985e-01,3.789950023242160126e-01,0.000000000000000000e+00,0.000000000000000000e+00,0.000000000000000000e+00,4.232261266719388182e-01,0.000000000000000000e+00,4.266061914008790201e-01,4.119709162532366742e-01,4.280922027564387777e-01,0.000000000000000000e+00,0.000000000000000000e+00,0.000000000000000000e+00,0.000000000000000000e+00,0.000000000000000000e+00
0.000000000000000000e+00,0.000000000000000000e+00,2.328628749963352895e-01,3.681769659383097859e-01,3.239707358282130079e-01,3.343883062742485923e-01,3.751093371424290002e-01,3.535369906642789051e-01,2.667465334994548742e-01,4.364584284835237860e-01,2.551420717713985820e-01,1.541655912504223125e-01,3.830910948580039110e-01,3.097856719080255838e-01,0.000000000000000000e+00,0.000000000000000000e+00,0.000000000000000000e+00,0.000000000000000000e+00,0.000000000000000000e+00,0.000000000000000000e+00,0.000000000000000000e+00,0.000000000000000000e+00,1.879201022917743880e-01,0.000000000000000000e+00,0.000000000000000000e+00,0.000000000000000000e+00,2.852132558440735877e-01,3.666715231487628901e-01,0.000000000000000000e+00,0.000000000000000000e+00,3.843814390423475058e-01,3.441118992966036849e-01,0.000000000000000000e+00,3.975476034549381144e-01,3.535825391924353744e-01,3.195002806261331152e-01,1.075275400890906979e-01,1.031902039238388052e-01,0.000000000000000000e+00,0.000000000000000000e+00,0.000000000000000000e+00,0.000000000000000000e+00,3.714525033883396277e-01,0.000000000000000000e+00,0.000000000000000000e+00,0.000000000000000000e+00,0.000000000000000000e+00,4.280997551875472817e-01,0.000000000000000000e+00,1.437041172048640070e-01,4.908985818851666072e-01,1.548222465146527060e-01,4.533574891334499757e-01,4.551763390626821781e-01,0.000000000000000000e+00,2.079980665130461981e-01,0.000000000000000000e+00,5.395230826259361789e-01,0.000000000000000000e+00,0.000000000000000000e+00,0.000000000000000000e+00,0.000000000000000000e+00,0.000000000000000000e+00,4.202266479561104218e-01,0.000000000000000000e+00,0.000000000000000000e+00,0.000000000000000000e+00,5.033175210744698092e-01,0.000000000000000000e+00,0.000000000000000000e+00,0.000000000000000000e+00,4.901565645931990067e-01,0.000000000000000000e+00,0.000000000000000000e+00,0.000000000000000000e+00,0.000000000000000000e+00
4.374984347317250055e-01,4.473722066313460255e-01,0.000000000000000000e+00,0.000000000000000000e+00,3.607181344805918122e-01,4.014769689004675235e-01,4.077398828921294793e-01,4.361171274237862217e-01,3.695328213560817865e-01,1.064357389920402991e-01,0.000000000000000000e+00,0.000000000000000000e+00,4.064108151001555869e-01,0.000000000000000000e+00,3.691740998455834144e-01,4.264760985167064256e-01,4.219445518403560080e-01,3.943979518831310926e-01,0.000000000000000000e+00,0.000000000000000000e+00,4.410188684125210257e-01,3.715154375198985726e-01,3.051095817159428791e-01,0.000000000000000000e+00,4.448080365019252969e-01,4.456090709485828194e-01,3.667566722106329058e-01,3.507617198373214062e-01,3.376281021634294777e-01,2.714599567870754071e-01,3.802328268572148784e-01,4.387944907790086169e-01,3.886087429245992930e-01,4.252856772364432825e-01,4.754838674007564880e-01,4.980486366997500247e-01,4.589376113335338903e-01,0.000000000000000000e+00,4.865253445566947166e-01,4.744871831997384826e-01,4.876851601313970108e-01,5.008411535303735063e-01,1.085571697441179012e-01,0.000000000000000000e+00,0.000000000000000000e+00,0.000000000000000000e+00,4.493373424509102265e-01,0.000000000000000000e+00,0.000000000000000000e+00,0.000000000000000000e+00,4.741752999913216859e-01,0.000000000000000000e+00,5.043395386287325977e-01,0.000000000000000000e+00,0.000000000000000000e+00,0.000000000000000000e+00,0.000000000000000000e+00,5.166221227432807872e-01,0.000000000000000000e+00,4.977705114271118170e-01,1.948112228092699905e-01,0.000000000000000000e+00,0.000000000000000000e+00,0.000000000000000000e+00,4.885909840002456983e-01,4.783580796218162012e-01,5.010325949760113806e-01,5.056439119888493927e-01,0.000000000000000000e+00,1.902737318307902992e-01,4.882097855982676093e-01,5.012750466825429685e-01,4.928053177627966241e-01,4.761006327149506778e-01,1.118076663368391954e-01,4.955490622009103840e-01
4.023584898757808226e-01,4.275962646706492065e-01,0.000000000000000000e+00,0.000000000000000000e+00,0.000000000000000000e+00,3.990631827032924961e-01,0.000000000000000000e+00,4.393748275129151781e-01,0.000000000000000000e+00,0.000000000000000000e+00,0.000000000000000000e+00,4.815870126560666264e-01,4.194632859301237193e-01,4.314040353287834084e-01,4.209387202356781876e-01,3.971215332861650071e-01,0.000000000000000000e+00,3.583460572325555815e-01,0.000000000000000000e+00,4.410188684125210257e-01,0.000000000000000000e+00,4.610374046168552731e-01,4.047806904378565829e-01,4.504132056766376735e-01,3.663279242137252867e-01,4.180017999515774907e-01,4.427120125539162898e-01,4.196089425987851174e-01,3.929197010958858094e-01,0.000000000000000000e+00,3.750541980864292024e-01,4.147338734468339894e-01,3.639836800529938077e-01,4.010680496649687843e-01,4.656069141276030776e-01,0.000000000000000000e+00,0.000000000000000000e+00,0.000000000000000000e+00,4.319593075862617759e-01,0.000000000000000000e+00,1.079860939070485942e-01,0.000000000000000000e+00,0.000000000000000000e+00,0.000000000000000000e+00,0.000000000000000000e+00,3.880545858420939020e-01,4.758992492289024212e-01,0.000000000000000000e+00,0.000000000000000000e+00,0.000000000000000000e+00,4.354263486518534787e-01,0.000000000000000000e+00,3.735774015391011837e-01,0.000000000000000000e+00,0.000000000000000000e+00,0.000000000000000000e+00,0.000000000000000000e+00,1.023915041070437987e-01,0.000000000000000000e+00,4.846940085070973181e-01,1.251528873586232049e-01,0.000000000000000000e+00,0.000000000000000000e+00,0.000000000000000000e+00,4.668296611841495913e-01,4.126007894442195734e-01,5.073597611687483688e-01,4.514904694199142754e-01,0.000000000000000000e+00,1.266680572697488905e-01,5.009348786699273637e-01,4.721149940793680777e-01,1.004892191760233949e-01,3.878120067919105241e-01,0.000000000000000000e+00,1.291941237833089950e-01
