0.000000000000000000e+00,2.556683020469747158e-01,0.000000000000000000e+00,0.000000000000000000e+00,0.000000000000000000e+00,3.891207317940030275e-01,0.000000000000000000e+00,3.946887088926702147e-01,0.000000000000000000e+00,0.000000000000000000e+00,0.000000000000000000e+00,0.000000000000000000e+00,1.289189709994993938e-01,0.000000000000000000e+00,3.008215783255553943e-01,2.570525698630831135e-01,0.000000000000000000e+00,2.869509641850220838e-01,0.000000000000000000e+00,3.000440249864845255e-01,3.397029981220264783e-01,2.398508078779326980e-01,3.600535034596670791e-01,3.380823149003255867e-01,2.847324529019906181e-01,2.789656550777815935e-01,3.460151910353286842e-01,0.000000000000000000e+00,4.120806460780669922e-01,0.000000000000000000e+00,2.391560054446026096e-01,3.544044604139470755e-01,2.802918244844204154e-01,3.106289788617760950e-01,3.671782384061503257e-01,0.000000000000000000e+00,0.000000000000000000e+00,0.000000000000000000e+00,3.613973643979991879e-01,3.060433877785305179e-01,3.096676749165235276e-01,0.000000000000000000e+00,0.000000000000000000e+00,0.000000000000000000e+00,0.000000000000000000e+00,4.710659844266353868e-01,3.599839415642930862e-01,0.000000000000000000e+00,0.000000000000000000e+00,0.000000000000000000e+00,0.000000000000000000e+00,0.000000000000000000e+00,0.000000000000000000e+00,0.000000000000000000e+00,0.000000000000000000e+00,0.000000000000000000e+00,0.000000000000000000e+00,0.000000000000000000e+00,0.000000000000000000e+00,0.000000000000000000e+00,3.550854571229187240e-01,0.000000000000000000e+00,3.588041129001787732e-01,0.000000000000000000e+00,0.000000000000000000e+00,0.000000000000000000e+00,2.965063786419199765e-01,0.000000000000000000e+00,0.000000000000000000e+00,3.358793452789388123e-01,3.388662826395522076e-01,0.000000000000000000e+00,0.000000000000000000e+00,0.000000000000000000e+00,0.000000000000000000e+00,0.000000000000000000e+00
2.556683020469747158e-01,0.000000000000000000e+00,0.000000000000000000e+00,0.000000000000000000e+00,0.000000000000000000e+00,3.253136428860924911e-01,1.106019103643886975e-01,0.000000000000000000e+00,1.089941947224485064e-01,0.000000000000000000e+00,0.000000000000000000e+00,0.000000000000000000e+00,3.685046824172391045e-01,0.000000000000000000e+00,3.161706570734498789e-01,2.764285972091339860e-01,0.000000000000000000e+00,2.729339725336271116e-01,0.000000000000000000e+00,3.302092228134869134e-01,2.836290261251058209e-01,2.590716738579171841e-01,2.753431846969872088e-01,0.000000000000000000e+00,2.505786996918186182e-01,2.693957815902989772e-01,3.324936359829593902e-01,3.708442409731366185e-01,3.391351241619396939e-01,0.000000000000000000e+00,2.374450641336446066e-01,3.075489844593373157e-01,2.785155122762684177e-01,2.628288037767210206e-01,2.559485073572517755e-01,0.000000000000000000e+00,0.000000000000000000e+00,0.000000000000000000e+00,3.838531999193319222e-01,3.522411193566263865e-01,3.454681000709655114e-01,0.000000000000000000e+00,0.000000000000000000e+00,0.000000000000000000e+00,0.000000000000000000e+00,0.000000000000000000e+00,3.466944611347390071e-01,0.000000000000000000e+00,0.000000000000000000e+00,0.000000000000000000e+00,1.380189878409228132e-01,0.000000000000000000e+00,0.000000000000000000e+00,0.000000000000000000e+00,0.000000000000000000e+00,0.000000000000000000e+00,0.000000000000000000e+00,0.000000000000000000e+00,0.000000000000000000e+00,0.000000000000000000e+00,3.545688756695750121e-01,0.000000000000000000e+00,0.000000000000000000e+00,0.000000000000000000e+00,0.000000000000000000e+00,4.015168603389008273e-01,3.213685553856074906e-01,1.367873555135132035e-01,0.000000000000000000e+00,0.000000000000000000e+00,0.000000000000000000e+00,1.228112163798806972e-01,0.000000000000000000e+00,1.088002021669951941e-01,0.000000000000000000e+00,0.000000000000000000e+00
0.000000000000000000e+00,0.000000000000000000e+00,0.000000000000000000e+00,1.084974605659149022e-01,3.355821531464545093e-01,3.223222246073477182e-01,3.399661737815798945e-01,2.983880242421976803e-01,2.388089962286540080e-01,1.366818454632532931e-01,2.539077389762716130e-01,1.446661517501139915e-01,3.484215252294167731e-01,2.816308144068562225e-01,0.000000000000000000e+00,0.000000000000000000e+00,0.000000000000000000e+00,0.000000000000000000e+00,2.326268977194715093e-01,0.000000000000000000e+00,0.000000000000000000e+00,0.000000000000000000e+00,2.501394208486639181e-01,0.000000000000000000e+00,0.000000000000000000e+00,0.000000000000000000e+00,2.558911655243595873e-01,3.365641812018416168e-01,0.000000000000000000e+00,0.000000000000000000e+00,3.175934585996718074e-01,3.340784584167439952e-01,0.000000000000000000e+00,3.464022970650109112e-01,0.000000000000000000e+00,3.119764404295358173e-01,1.218498883128616012e-01,0.000000000000000000e+00,1.477498084837118031e-01,0.000000000000000000e+00,1.357753081291697972e-01,0.000000000000000000e+00,3.499421964636990068e-01,0.000000000000000000e+00,0.000000000000000000e+00,0.000000000000000000e+00,0.000000000000000000e+00,4.333505363268765898e-01,0.000000000000000000e+00,1.561042921034735964e-01,4.168741532721377818e-01,1.812099264912565011e-01,4.270114574704301225e-01,4.012830737434661121e-01,0.000000000000000000e+00,3.405148481348704848e-01,0.000000000000000000e+00,1.620068532629561908e-01,0.000000000000000000e+00,0.000000000000000000e+00,0.000000000000000000e+00,0.000000000000000000e+00,0.000000000000000000e+00,0.000000000000000000e+00,0.000000000000000000e+00,0.000000000000000000e+00,0.000000000000000000e+00,3.907784702031482094e-01,0.000000000000000000e+00,0.000000000000000000e+00,0.000000000000000000e+00,4.426013387730456938e-01,1.895566312354675098e-01,0.000000000000000000e+00,0.000000000000000000e+00,0.000000000000000000e+00
0.000000000000000000e+00,0.000000000000000000e+00,1.084974605659149022e-01,0.000000000000000000e+00,0.000000000000000000e+00,0.000000000000000000e+00,0.000000000000000000e+00,0.000000000000000000e+00,0.000000000000000000e+00,0.000000000000000000e+00,0.000000000000000000e+00,0.000000000000000000e+00,0.000000000000000000e+00,1.667222909077311077e-01,0.000000000000000000e+00,0.000000000000000000e+00,0.000000000000000000e+00,0.000000000000000000e+00,0.000000000000000000e+00,0.000000000000000000e+00,0.000000000000000000e+00,0.000000000000000000e+00,0.000000000000000000e+00,0.000000000000000000e+00,0.000000000000000000e+00,0.000000000000000000e+00,0.000000000000000000e+00,1.500126617855238875e-01,0.000000000000000000e+00,0.000000000000000000e+00,2.255649391696518957e-01,2.776794346959672866e-01,0.000000000000000000e+00,2.463948163961104110e-01,2.349906589483115871e-01,1.467269972594534011e-01,1.377610711604961014e-01,0.000000000000000000e+00,0.000000000000000000e+00,0.000000000000000000e+00,0.000000000000000000e+00,0.000000000000000000e+00,0.000000000000000000e+00,0.000000000000000000e+00,0.000000000000000000e+00,0.000000000000000000e+00,0.000000000000000000e+00,0.000000000000000000e+00,0.000000000000000000e+00,0.000000000000000000e+00,0.000000000000000000e+00,0.000000000000000000e+00,0.000000000000000000e+00,0.000000000000000000e+00,0.000000000000000000e+00,0.000000000000000000e+00,0.000000000000000000e+00,0.000000000000000000e+00,0.000000000000000000e+00,0.000000000000000000e+00,0.000000000000000000e+00,0.000000000000000000e+00,0.000000000000000000e+00,0.000000000000000000e+00,0.000000000000000000e+00,0.000000000000000000e+00,0.000000000000000000e+00,0.000000000000000000e+00,0.000000000000000000e+00,0.000000000000000000e+00,0.000000000000000000e+00,0.000000000000000000e+00,0.000000000000000000e+00,0.000000000000000000e+00,0.000000000000000000e+00,0.000000000000000000e+00
0.000000000000000000e+00,0.000000000000000000e+00,3.355821531464545093e-01,0.000000000000000000e+00,0.000000000000000000e+00,3.155337841284490130e-01,2.918080918713141791e-01,3.028698719036158060e-01,2.636351501407199205e-01,1.205803703003378025e-01,2.613559757597890831e-01,1.089202348788521069e-01,3.292039072247269771e-01,2.386751920874778110e-01,0.000000000000000000e+00,0.000000000000000000e+00,0.000000000000000000e+00,0.000000000000000000e+00,2.975202990714628237e-01,0.000000000000000000e+00,0.000000000000000000e+00,0.000000000000000000e+00,3.182006576514783136e-01,0.000000000000000000e+00,1.026512181678926050e-01,0.000000000000000000e+00,3.223567921413160176e-01,3.096657310955123199e-01,2.888110491341048247e-01,0.000000000000000000e+00,2.890640870205424262e-01,3.199706084966323916e-01,0.000000000000000000e+00,3.312165924364188219e-01,3.138756695836990018e-01,2.119708560143949982e-01,3.001201151787312726e-01,0.000000000000000000e+00,1.449016219380533932e-01,0.000000000000000000e+00,0.000000000000000000e+00,0.000000000000000000e+00,0.000000000000000000e+00,0.000000000000000000e+00,0.000000000000000000e+00,0.000000000000000000e+00,0.000000000000000000e+00,1.391587810617312959e-01,0.000000000000000000e+00,1.196853085045865017e-01,1.413995716886319864e-01,0.000000000000000000e+00,1.572746761174813046e-01,1.473916997482105085e-01,0.000000000000000000e+00,3.593590434316206728e-01,0.000000000000000000e+00,0.000000000000000000e+00,0.000000000000000000e+00,0.000000000000000000e+00,0.000000000000000000e+00,0.000000000000000000e+00,0.000000000000000000e+00,0.000000000000000000e+00,0.000000000000000000e+00,0.000000000000000000e+00,0.000000000000000000e+00,3.966737547517023010e-01,0.000000000000000000e+00,0.000000000000000000e+00,0.000000000000000000e+00,1.505447041079442938e-01,0.000000000000000000e+00,0.000000000000000000e+00,0.000000000000000000e+00,0.000000000000000000e+00
3.891207317940030275e-01,3.253136428860924911e-01,3.223222246073477182e-01,0.000000000000000000e+00,3.155337841284490130e-01,0.000000000000000000e+00,3.291910144697838825e-01,2.932096130904282005e-01,2.547097792209058187e-01,1.175411354131048053e-01,3.111781935890164941e-01,1.587953379915570951e-01,2.944636488239973926e-01,2.914413628102935916e-01,3.278746616011171122e-01,3.374092868901761855e-01,1.577053824631629020e-01,3.459432796124701781e-01,3.129783728766866169e-01,3.188652148000736264e-01,3.210991818670819731e-01,3.509520469353826222e-01,3.005199551738109154e-01,0.000000000000000000e+00,3.146626660261215847e-01,2.911509476784874817e-01,2.874505172287690757e-01,2.626458521104994004e-01,2.374553465466485991e-01,3.003573280092436959e-01,3.230277418034622761e-01,3.385614772457257726e-01,2.724553371970517834e-01,3.383492838486784060e-01,3.492466002152280757e-01,3.474451016353327093e-01,3.535233931152945153e-01,1.323406039125313016e-01,3.514822864595296137e-01,0.000000000000000000e+00,4.045213253485043237e-01,1.337139184359505129e-01,3.697181906121104200e-01,0.000000000000000000e+00,0.000000000000000000e+00,0.000000000000000000e+00,1.837371231652606962e-01,4.211393456592347206e-01,0.000000000000000000e+00,1.789824702647367927e-01,3.724332867872280906e-01,4.348956643788828846e-01,3.735287233086397873e-01,3.541807526003600826e-01,0.000000000000000000e+00,4.286662375496828048e-01,0.000000000000000000e+00,4.114062829408782762e-01,0.000000000000000000e+00,1.403968170182710029e-01,0.000000000000000000e+00,0.000000000000000000e+00,0.000000000000000000e+00,4.780287579201116244e-01,4.563641361197617874e-01,0.000000000000000000e+00,1.635458232680565005e-01,3.838870916288539825e-01,0.000000000000000000e+00,0.000000000000000000e+00,1.638433464803079054e-01,3.795428861678771248e-01,4.210959000344769998e-01,3.948828829618800107e-01,1.011516926898475971e-01,4.022272382555843184e-01
0.000000000000000000e+00,1.106019103643886975e-01,3.399661737815798945e-01,0.000000000000000000e+00,2.918080918713141791e-01,3.291910144697838825e-01,0.000000000000000000e+00,2.943901058431446782e-01,2.804488026880588847e-01,1.111254582814223957e-01,3.461423066820153993e-01,0.000000000000000000e+00,2.779479317896444979e-01,2.915765434126532107e-01,0.000000000000000000e+00,1.065889127028446931e-01,0.000000000000000000e+00,1.104564385309548952e-01,3.416661877000302106e-01,3.843714853466068115e-01,0.000000000000000000e+00,3.896152615206600056e-01,3.230547691860617965e-01,0.000000000000000000e+00,0.000000000000000000e+00,1.049187299755107022e-01,3.333812005627653230e-01,3.289319136446692826e-01,3.478797725116484774e-01,0.000000000000000000e+00,3.341827035621305897e-01,3.414346047689177932e-01,0.000000000000000000e+00,3.642839120207518877e-01,3.453450698274970199e-01,2.780700281064136248e-01,3.030697319752407859e-01,0.000000000000000000e+00,1.841832463700056044e-01,0.000000000000000000e+00,1.637731516271186127e-01,0.000000000000000000e+00,1.211191185914881063e-01,0.000000000000000000e+00,0.000000000000000000e+00,0.000000000000000000e+00,0.000000000000000000e+00,1.874961326348812130e-01,0.000000000000000000e+00,0.000000000000000000e+00,1.612945990765811966e-01,0.000000000000000000e+00,1.112453970595013997e-01,1.754326870027249075e-01,0.000000000000000000e+00,1.484293345485989957e-01,0.000000000000000000e+00,0.000000000000000000e+00,0.000000000000000000e+00,0.000000000000000000e+00,0.000000000000000000e+00,0.000000000000000000e+00,0.000000000000000000e+00,1.420735728466518133e-01,0.000000000000000000e+00,0.000000000000000000e+00,0.000000000000000000e+00,4.096797261268206869e-01,0.000000000000000000e+00,0.000000000000000000e+00,0.000000000000000000e+00,1.380700371165367868e-01,0.000000000000000000e+00,0.000000000000000000e+00,0.000000000000000000e+00,0.000000000000000000e+00
3.946887088926702147e-01,0.000000000000000000e+00,2.983880242421976803e-01,0.000000000000000000e+00,3.028698719036158060e-01,2.932096130904282005e-01,2.943901058431446782e-01,0.000000000000000000e+00,3.472603840402537223e-01,0.000000000000000000e+00,1.973350107538091869e-01,0.000000000000000000e+00,3.313030693047208097e-01,2.602755138558052739e-01,2.781008602761180226e-01,3.675569568752625194e-01,0.000000000000000000e+00,0.000000000000000000e+00,3.077149631689690135e-01,3.270338335723197987e-01,2.933086818961839759e-01,0.000000000000000000e+00,2.506799436162189809e-01,4.315238418667137754e-01,3.380400584318635770e-01,3.999479345333893932e-01,3.187295151722853159e-01,3.345557273645451968e-01,2.941927303820526252e-01,3.274824867430228270e-01,2.899731675334116798e-01,3.291510253162284183e-01,3.133853827568067740e-01,2.845491608615007828e-01,0.000000000000000000e+00,2.256257596522646125e-01,0.000000000000000000e+00,0.000000000000000000e+00,3.554710476486305226e-01,0.000000000000000000e+00,0.000000000000000000e+00,0.000000000000000000e+00,2.892165105418323945e-01,0.000000000000000000e+00,0.000000000000000000e+00,0.000000000000000000e+00,0.000000000000000000e+00,3.887976291712246235e-01,0.000000000000000000e+00,0.000000000000000000e+00,3.642026642127704772e-01,0.000000000000000000e+00,2.784270811542015056e-01,3.722957065491622752e-01,0.000000000000000000e+00,3.160740250661345230e-01,0.000000000000000000e+00,0.000000000000000000e+00,3.787442741969679894e-01,0.000000000000000000e+00,0.000000000000000000e+00,0.000000000000000000e+00,0.000000000000000000e+00,0.000000000000000000e+00,0.000000000000000000e+00,1.848434677997208009e-01,0.000000000000000000e+00,3.536967008411214253e-01,0.000000000000000000e+00,0.000000000000000000e+00,0.000000000000000000e+00,3.709801493493128932e-01,0.000000000000000000e+00,0.000000000000000000e+00,0.000000000000000000e+00,1.067701148290253060e-01
0.000000000000000000e+00,1.089941947224485064e-01,2.388089962286540080e-01,0.000000000000000000e+00,2.636351501407199205e-01,2.547097792209058187e-01,2.804488026880588847e-01,3.472603840402537223e-01,0.000000000000000000e+00,1.150841573418379948e-01,2.472877265730691887e-01,1.505650924118258072e-01,3.125458793553456127e-01,3.122187801212998881e-01,0.000000000000000000e+00,3.471981745482410897e-01,0.000000000000000000e+00,1.723180217420489102e-01,2.331759656015774951e-01,3.169865483737415168e-01,0.000000000000000000e+00,3.629877321834267812e-01,3.262919993377672023e-01,1.348241689002374066e-01,1.381552569281528919e-01,1.487972333815535952e-01,2.921629186342478146e-01,3.353953057320891995e-01,3.103146251506446185e-01,2.598900634428438772e-01,3.225185768463234015e-01,3.395932763738864213e-01,0.000000000000000000e+00,3.580612315442039950e-01,3.717745206105542155e-01,3.318354683811359229e-01,0.000000000000000000e+00,1.358621571928100014e-01,1.371550272575474128e-01,0.000000000000000000e+00,1.944270713845958065e-01,0.000000000000000000e+00,3.734227088894755964e-01,0.000000000000000000e+00,0.000000000000000000e+00,0.000000000000000000e+00,0.000000000000000000e+00,4.339269025268477908e-01,0.000000000000000000e+00,1.678821275704424076e-01,4.119234381903640885e-01,1.944052841542409094e-01,3.755352227324509906e-01,1.272774180618909956e-01,0.000000000000000000e+00,4.034253287097264162e-01,0.000000000000000000e+00,1.922170983634403085e-01,0.000000000000000000e+00,0.000000000000000000e+00,0.000000000000000000e+00,0.000000000000000000e+00,0.000000000000000000e+00,0.000000000000000000e+00,0.000000000000000000e+00,0.000000000000000000e+00,0.000000000000000000e+00,3.774860106143578808e-01,0.000000000000000000e+00,0.000000000000000000e+00,0.000000000000000000e+00,3.548430466450196996e-01,2.033127150883851098e-01,0.000000000000000000e+00,0.000000000000000000e+00,0.000000000000000000e+00
0.000000000000000000e+00,0.000000000000000000e+00,1.366818454632532931e-01,0.000000000000000000e+00,1.205803703003378025e-01,1.175411354131048053e-01,1.111254582814223957e-01,0.000000000000000000e+00,1.150841573418379948e-01,0.000000000000000000e+00,1.028576101387948943e-01,2.226048608520163896e-01,3.492039769190269927e-01,0.000000000000000000e+00,0.000000000000000000e+00,3.490529661447576149e-01,2.841514854275263846e-01,2.903810552794561795e-01,1.150716520072545962e-01,1.064357389920402991e-01,0.000000000000000000e+00,1.131478320326588932e-01,1.288294204396276954e-01,2.487644220606322898e-01,2.867063175204362935e-01,2.517646845522438781e-01,1.363035759766620947e-01,3.246221896235013116e-01,1.329312264403890997e-01,0.000000000000000000e+00,2.804319226200571724e-01,2.981555190365268726e-01,2.671882883393735808e-01,2.843206667959656819e-01,2.804865955240081199e-01,2.668769101009398903e-01,2.818948473490737738e-01,2.447809478629895119e-01,0.000000000000000000e+00,2.766544319441545108e-01,2.406148041658424108e-01,0.000000000000000000e+00,0.000000000000000000e+00,0.000000000000000000e+00,2.470504640617660064e-01,0.000000000000000000e+00,0.000000000000000000e+00,0.000000000000000000e+00,0.000000000000000000e+00,0.000000000000000000e+00,0.000000000000000000e+00,0.000000000000000000e+00,0.000000000000000000e+00,0.000000000000000000e+00,3.106566188432295927e-01,0.000000000000000000e+00,3.089557381446800255e-01,0.000000000000000000e+00,0.000000000000000000e+00,0.000000000000000000e+00,0.000000000000000000e+00,3.661435410993653106e-01,3.584808792864113136e-01,0.000000000000000000e+00,0.000000000000000000e+00,0.000000000000000000e+00,0.000000000000000000e+00,0.000000000000000000e+00,3.659556932667402118e-01,3.530248298622862269e-01,3.731589010220223157e-01,0.000000000000000000e+00,0.000000000000000000e+00,0.000000000000000000e+00,0.000000000000000000e+00,2.654294487018519777e-01
0.000000000000000000e+00,0.000000000000000000e+00,2.539077389762716130e-01,0.000000000000000000e+00,2.613559757597890831e-01,3.111781935890164941e-01,3.461423066820153993e-01,1.973350107538091869e-01,2.472877265730691887e-01,1.028576101387948943e-01,0.000000000000000000e+00,1.231636627429836955e-01,3.540782746714026819e-01,2.267233203391199881e-01,0.000000000000000000e+00,0.000000000000000000e+00,1.129603659847957936e-01,0.000000000000000000e+00,1.958721077701653102e-01,0.000000000000000000e+00,0.000000000000000000e+00,0.000000000000000000e+00,2.636948817006983803e-01,0.000000000000000000e+00,0.000000000000000000e+00,1.680492079956459883e-01,3.229702891066670856e-01,3.281315110561013881e-01,0.000000000000000000e+00,0.000000000000000000e+00,3.274901603736414812e-01,3.179812512474958774e-01,0.000000000000000000e+00,3.617955130931617136e-01,3.318754273287364831e-01,2.377607813607056086e-01,0.000000000000000000e+00,1.142382805828319053e-01,0.000000000000000000e+00,0.000000000000000000e+00,0.000000000000000000e+00,0.000000000000000000e+00,0.000000000000000000e+00,0.000000000000000000e+00,0.000000000000000000e+00,0.000000000000000000e+00,0.000000000000000000e+00,3.194116727413773837e-01,0.000000000000000000e+00,1.096474142337539037e-01,3.723981595629604069e-01,1.325156429244102874e-01,3.245704872481918191e-01,3.434379973739671854e-01,0.000000000000000000e+00,1.906247759615465887e-01,0.000000000000000000e+00,1.411573169783089110e-01,0.000000000000000000e+00,0.000000000000000000e+00,0.000000000000000000e+00,0.000000000000000000e+00,0.000000000000000000e+00,0.000000000000000000e+00,0.000000000000000000e+00,0.000000000000000000e+00,0.000000000000000000e+00,3.995376989773773979e-01,0.000000000000000000e+00,0.000000000000000000e+00,0.000000000000000000e+00,3.852739024837338877e-01,1.700380183479761886e-01,0.000000000000000000e+00,0.000000000000000000e+00,0.000000000000000000e+00
0.000000000000000000e+00,0.000000000000000000e+00,1.446661517501139915e-01,0.000000000000000000e+00,1.089202348788521069e-01,1.587953379915570951e-01,0.000000000000000000e+00,0.000000000000000000e+00,1.505650924118258072e-01,2.226048608520163896e-01,1.231636627429836955e-01,0.000000000000000000e+00,3.347323941933644798e-01,0.000000000000000000e+00,0.000000000000000000e+00,0.000000000000000000e+00,3.235594310638391091e-01,1.076615035360117961e-01,1.541655912504223125e-01,0.000000000000000000e+00,0.000000000000000000e+00,0.000000000000000000e+00,1.457153629566030062e-01,2.131485811542460085e-01,3.058636824720701863e-01,1.889004276742327904e-01,1.478126499661331916e-01,3.360024418112685929e-01,0.000000000000000000e+00,0.000000000000000000e+00,2.772609507844654986e-01,2.440797033194166965e-01,2.341375027302350087e-01,2.655339106332164079e-01,2.523058441737742186e-01,0.000000000000000000e+00,0.000000000000000000e+00,1.995921900641048075e-01,0.000000000000000000e+00,2.927733507935086910e-01,2.873675368140117814e-01,0.000000000000000000e+00,0.000000000000000000e+00,0.000000000000000000e+00,0.000000000000000000e+00,0.000000000000000000e+00,0.000000000000000000e+00,0.000000000000000000e+00,0.000000000000000000e+00,0.000000000000000000e+00,0.000000000000000000e+00,0.000000000000000000e+00,0.000000000000000000e+00,0.000000000000000000e+00,3.232922328719778915e-01,0.000000000000000000e+00,3.182319496961116267e-01,0.000000000000000000e+00,0.000000000000000000e+00,0.000000000000000000e+00,0.000000000000000000e+00,1.226482265617925005e-01,0.000000000000000000e+00,0.000000000000000000e+00,0.000000000000000000e+00,0.000000000000000000e+00,0.000000000000000000e+00,0.000000000000000000e+00,3.665686310288960859e-01,3.871633422940641833e-01,3.812451236571088864e-01,0.000000000000000000e+00,0.000000000000000000e+00,0.000000000000000000e+00,0.000000000000000000e+00,0.000000000000000000e+00
1.289189709994993938e-01,3.685046824172391045e-01,3.484215252294167731e-01,0.000000000000000000e+00,3.292039072247269771e-01,2.944636488239973926e-01,2.779479317896444979e-01,3.313030693047208097e-01,3.125458793553456127e-01,3.492039769190269927e-01,3.540782746714026819e-01,3.347323941933644798e-01,0.000000000000000000e+00,3.116922099457055118e-01,4.110915577665957832e-01,3.840781487817693240e-01,3.845514912360535886e-01,3.766892856430140157e-01,3.539096539104761852e-01,3.633018455360528809e-01,3.772825323161890787e-01,3.978183986488604829e-01,3.246103951194724835e-01,3.391553547910001187e-01,3.649861480449461126e-01,3.659123381495176797e-01,3.353496732623891807e-01,2.571627254400141727e-01,2.937004498830769195e-01,3.183926394019707118e-01,3.259565877340305229e-01,3.378941213457175019e-01,3.255269648047542930e-01,3.535084047873234270e-01,3.324707586368403911e-01,3.101241112848834858e-01,3.049276910558078035e-01,3.271926767379899070e-01,1.158783563194964034e-01,0.000000000000000000e+00,1.616459001673085927e-01,1.298068953631462130e-01,1.302533182002741097e-01,0.000000000000000000e+00,0.000000000000000000e+00,0.000000000000000000e+00,0.000000000000000000e+00,1.844890917420914100e-01,0.000000000000000000e+00,0.000000000000000000e+00,1.520829823601342889e-01,2.127971987323727110e-01,0.000000000000000000e+00,0.000000000000000000e+00,0.000000000000000000e+00,1.451333181512788895e-01,0.000000000000000000e+00,0.000000000000000000e+00,0.000000000000000000e+00,1.660466628282462886e-01,0.000000000000000000e+00,0.000000000000000000e+00,0.000000000000000000e+00,0.000000000000000000e+00,1.543003688465809098e-01,0.000000000000000000e+00,2.033799240140601039e-01,3.851768168919287860e-01,0.000000000000000000e+00,1.644983550037110998e-01,1.881866019945158952e-01,3.961783741621702215e-01,0.000000000000000000e+00,1.527447692022222137e-01,0.000000000000000000e+00,0.000000000000000000e+00
0.000000000000000000e+00,0.000000000000000000e+00,2.816308144068562225e-01,1.667222909077311077e-01,2.386751920874778110e-01,2.914413628102935916e-01,2.915765434126532107e-01,2.602755138558052739e-01,3.122187801212998881e-01,0.000000000000000000e+00,2.267233203391199881e-01,0.000000000000000000e+00,3.116922099457055118e-01,0.000000000000000000e+00,0.000000000000000000e+00,0.000000000000000000e+00,0.000000000000000000e+00,0.000000000000000000e+00,2.874087106766063937e-01,0.000000000000000000e+00,4.107032733764580112e-01,0.000000000000000000e+00,2.545474178338559823e-01,0.000000000000000000e+00,0.000000000000000000e+00,0.000000000000000000e+00,3.221948963261693222e-01,2.917192288615367834e-01,0.000000000000000000e+00,0.000000000000000000e+00,2.734816680469228101e-01,2.273140456824674083e-01,0.000000000000000000e+00,0.000000000000000000e+00,0.000000000000000000e+00,1.729831883692259098e-01,1.296239290474648920e-01,0.000000000000000000e+00,0.000000000000000000e+00,0.000000000000000000e+00,0.000000000000000000e+00,0.000000000000000000e+00,2.315301975938016121e-01,0.000000000000000000e+00,0.000000000000000000e+00,0.000000000000000000e+00,0.000000000000000000e+00,0.000000000000000000e+00,0.000000000000000000e+00,0.000000000000000000e+00,0.000000000000000000e+00,0.000000000000000000e+00,0.000000000000000000e+00,0.000000000000000000e+00,0.000000000000000000e+00,3.401765094245823851e-01,0.000000000000000000e+00,0.000000000000000000e+00,0.000000000000000000e+00,0.000000000000000000e+00,0.000000000000000000e+00,0.000000000000000000e+00,0.000000000000000000e+00,0.000000000000000000e+00,0.000000000000000000e+00,0.000000000000000000e+00,0.000000000000000000e+00,3.123094142319348121e-01,0.000000000000000000e+00,0.000000000000000000e+00,0.000000000000000000e+00,0.000000000000000000e+00,0.000000000000000000e+00,0.000000000000000000e+00,0.000000000000000000e+00,0.000000000000000000e+00
3.008215783255553943e-01,3.161706570734498789e-01,0.000000000000000000e+00,0.000000000000000000e+00,0.000000000000000000e+00,3.278746616011171122e-01,0.000000000000000000e+00,2.781008602761180226e-01,0.000000000000000000e+00,0.000000000000000000e+00,0.000000000000000000e+00,0.000000000000000000e+00,4.110915577665957832e-01,0.000000000000000000e+00,0.000000000000000000e+00,2.584254001954900959e-01,0.000000000000000000e+00,2.969640250614661858e-01,0.000000000000000000e+00,1.832139518694078928e-01,3.035495203889109206e-01,2.480627603271252091e-01,2.468936965062726863e-01,4.149746075009215218e-01,2.558029225365259229e-01,0.000000000000000000e+00,2.838287046791850843e-01,3.798237422105117944e-01,3.151415530144822119e-01,0.000000000000000000e+00,2.925110190796466059e-01,3.811737588625540019e-01,2.835009949928293249e-01,3.487830237580574755e-01,3.820496375101590236e-01,3.426169813277279985e-01,0.000000000000000000e+00,0.000000000000000000e+00,4.034312710600044261e-01,3.410321972838257776e-01,4.289207696895763755e-01,0.000000000000000000e+00,0.000000000000000000e+00,0.000000000000000000e+00,0.000000000000000000e+00,0.000000000000000000e+00,0.000000000000000000e+00,0.000000000000000000e+00,0.000000000000000000e+00,0.000000000000000000e+00,0.000000000000000000e+00,0.000000000000000000e+00,2.573886713880814137e-01,0.000000000000000000e+00,0.000000000000000000e+00,0.000000000000000000e+00,0.000000000000000000e+00,1.182723303665556003e-01,0.000000000000000000e+00,3.303903679775260782e-01,1.452970067518689068e-01,0.000000000000000000e+00,0.000000000000000000e+00,0.000000000000000000e+00,3.492578522264975227e-01,3.556304850419552133e-01,3.801336534215127849e-01,3.557219582355268805e-01,0.000000000000000000e+00,1.582739178132742119e-01,1.223581049597950998e-01,3.722948139182742922e-01,1.241303353465886966e-01,3.756382587487098745e-01,0.000000000000000000e+00,1.299156690900989952e-01
2.570525698630831135e-01,2.764285972091339860e-01,0.000000000000000000e+00,0.000000000000000000e+00,0.000000000000000000e+00,3.374092868901761855e-01,1.065889127028446931e-01,3.675569568752625194e-01,3.471981745482410897e-01,3.490529661447576149e-01,0.000000000000000000e+00,0.000000000000000000e+00,3.840781487817693240e-01,0.000000000000000000e+00,2.584254001954900959e-01,0.000000000000000000e+00,3.116991208260929125e-01,2.670852437634125276e-01,0.000000000000000000e+00,3.286964310882867224e-01,2.523599374843401022e-01,2.869806164832343076e-01,2.773203963224125101e-01,0.000000000000000000e+00,2.896713792664665221e-01,2.789443956107571787e-01,3.264222839860850267e-01,3.743134166352429237e-01,3.516804560390162093e-01,0.000000000000000000e+00,2.859630950987266940e-01,3.526819416285040254e-01,3.309113098567111888e-01,3.156107156616960174e-01,3.100378191586632970e-01,0.000000000000000000e+00,0.000000000000000000e+00,0.000000000000000000e+00,3.145407904200198113e-01,3.320004403662490944e-01,3.441338404431841802e-01,3.394855775942742793e-01,0.000000000000000000e+00,0.000000000000000000e+00,0.000000000000000000e+00,3.150453445430700938e-01,3.273438040168462071e-01,0.000000000000000000e+00,0.000000000000000000e+00,0.000000000000000000e+00,0.000000000000000000e+00,0.000000000000000000e+00,0.000000000000000000e+00,0.000000000000000000e+00,0.000000000000000000e+00,0.000000000000000000e+00,0.000000000000000000e+00,0.000000000000000000e+00,0.000000000000000000e+00,0.000000000000000000e+00,3.290512340105323230e-01,0.000000000000000000e+00,3.248748244940630192e-01,0.000000000000000000e+00,4.111935574084260026e-01,3.923944906192102788e-01,3.550216192885620181e-01,1.718447103613205129e-01,0.000000000000000000e+00,3.033583419891168198e-01,3.128545851648152909e-01,1.510972486137522885e-01,0.000000000000000000e+00,1.420226505012320006e-01,0.000000000000000000e+00,0.000000000000000000e+00
0.000000000000000000e+00,0.000000000000000000e+00,0.000000000000000000e+00,0.000000000000000000e+00,0.000000000000000000e+00,1.577053824631629020e-01,0.000000000000000000e+00,0.000000000000000000e+00,0.000000000000000000e+00,2.841514854275263846e-01,1.129603659847957936e-01,3.235594310638391091e-01,3.845514912360535886e-01,0.000000000000000000e+00,0.000000000000000000e+00,3.116991208260929125e-01,0.000000000000000000e+00,2.547912388013304774e-01,0.000000000000000000e+00,3.830350214154957245e-01,0.000000000000000000e+00,0.000000000000000000e+00,0.000000000000000000e+00,3.068170040415033051e-01,3.017788734744504264e-01,2.998886600368655952e-01,0.000000000000000000e+00,3.697818952890729038e-01,1.054474693937562935e-01,0.000000000000000000e+00,2.854685644283915247e-01,3.721039183664375805e-01,3.124658149802951868e-01,3.407560184612887788e-01,3.288349497835789115e-01,0.000000000000000000e+00,0.000000000000000000e+00,2.855279818918580736e-01,0.000000000000000000e+00,0.000000000000000000e+00,0.000000000000000000e+00,0.000000000000000000e+00,0.000000000000000000e+00,0.000000000000000000e+00,0.000000000000000000e+00,0.000000000000000000e+00,0.000000000000000000e+00,0.000000000000000000e+00,0.000000000000000000e+00,0.000000000000000000e+00,0.000000000000000000e+00,0.000000000000000000e+00,0.000000000000000000e+00,0.000000000000000000e+00,3.587942397811800799e-01,0.000000000000000000e+00,1.070815651886508069e-01,0.000000000000000000e+00,0.000000000000000000e+00,0.000000000000000000e+00,0.000000000000000000e+00,1.224456067390810032e-01,0.000000000000000000e+00,0.000000000000000000e+00,0.000000000000000000e+00,0.000000000000000000e+00,0.000000000000000000e+00,0.000000000000000000e+00,4.196038013252743060e-01,3.352244629569309797e-01,3.689637156422537756e-01,0.000000000000000000e+00,0.000000000000000000e+00,0.000000000000000000e+00,0.000000000000000000e+00,0.000000000000000000e+00
2.869509641850220838e-01,2.729339725336271116e-01,0.000000000000000000e+00,0.000000000000000000e+00,0.000000000000000000e+00,3.459432796124701781e-01,1.104564385309548952e-01,0.000000000000000000e+00,1.723180217420489102e-01,2.903810552794561795e-01,0.000000000000000000e+00,1.076615035360117961e-01,3.766892856430140157e-01,0.000000000000000000e+00,2.969640250614661858e-01,2.670852437634125276e-01,2.547912388013304774e-01,0.000000000000000000e+00,0.000000000000000000e+00,3.311977166539992745e-01,2.899699565872311813e-01,3.170681063523553833e-01,3.206711406679915166e-01,2.785289997111766724e-01,2.874520420267919762e-01,2.896253289759316840e-01,3.460038942673834272e-01,3.701141095983117024e-01,3.460896060573356858e-01,0.000000000000000000e+00,2.883851247973249765e-01,3.836047280186983266e-01,3.096577223612211882e-01,3.356497513269913191e-01,3.503041425975013112e-01,0.000000000000000000e+00,0.000000000000000000e+00,0.000000000000000000e+00,2.943894938715039822e-01,2.988986858891419240e-01,2.969235673401389164e-01,3.877776027833925165e-01,0.000000000000000000e+00,0.000000000000000000e+00,0.000000000000000000e+00,3.619423338888891895e-01,3.090087398801408258e-01,0.000000000000000000e+00,0.000000000000000000e+00,0.000000000000000000e+00,0.000000000000000000e+00,0.000000000000000000e+00,0.000000000000000000e+00,0.000000000000000000e+00,3.552913222479783251e-01,0.000000000000000000e+00,1.188332347334969952e-01,0.000000000000000000e+00,0.000000000000000000e+00,0.000000000000000000e+00,3.255064140464251077e-01,3.584507004122490792e-01,3.275944313107170824e-01,0.000000000000000000e+00,0.000000000000000000e+00,0.000000000000000000e+00,3.835206586898499137e-01,0.000000000000000000e+00,0.000000000000000000e+00,3.251924805558303877e-01,3.387762519353844093e-01,0.000000000000000000e+00,0.000000000000000000e+00,0.000000000000000000e+00,0.000000000000000000e+00,3.311462618413674175e-01
0.000000000000000000e+00,0.000000000000000000e+00,2.326268977194715093e-01,0.000000000000000000e+00,2.975202990714628237e-01,3.129783728766866169e-01,3.416661877000302106e-01,3.077149631689690135e-01,2.331759656015774951e-01,1.150716520072545962e-01,1.958721077701653102e-01,1.541655912504223125e-01,3.539096539104761852e-01,2.874087106766063937e-01,0.000000000000000000e+00,0.000000000000000000e+00,0.000000000000000000e+00,0.000000000000000000e+00,0.000000000000000000e+00,0.000000000000000000e+00,0.000000000000000000e+00,0.000000000000000000e+00,2.673930209020152771e-01,0.000000000000000000e+00,0.000000000000000000e+00,0.000000000000000000e+00,3.187003531062307937e-01,3.230706767230939191e-01,0.000000000000000000e+00,0.000000000000000000e+00,0.000000000000000000e+00,3.104031908894033798e-01,0.000000000000000000e+00,1.092432483718232955e-01,0.000000000000000000e+00,2.651590474354852955e-01,1.075275400890906979e-01,1.031902039238388052e-01,0.000000000000000000e+00,0.000000000000000000e+00,0.000000000000000000e+00,0.000000000000000000e+00,3.259668919587280222e-01,0.000000000000000000e+00,0.000000000000000000e+00,0.000000000000000000e+00,0.000000000000000000e+00,4.236499375913881926e-01,0.000000000000000000e+00,1.437041172048640070e-01,0.000000000000000000e+00,1.548222465146527060e-01,3.985026204724220200e-01,4.324223393651605019e-01,0.000000000000000000e+00,3.148436051652157008e-01,0.000000000000000000e+00,1.847620863620250131e-01,0.000000000000000000e+00,0.000000000000000000e+00,0.000000000000000000e+00,0.000000000000000000e+00,0.000000000000000000e+00,0.000000000000000000e+00,0.000000000000000000e+00,0.000000000000000000e+00,0.000000000000000000e+00,3.943569997197465815e-01,0.000000000000000000e+00,0.000000000000000000e+00,0.000000000000000000e+00,4.561181578855443841e-01,0.000000000000000000e+00,0.000000000000000000e+00,0.000000000000000000e+00,0.000000000000000000e+00
3.000440249864845255e-01,3.302092228134869134e-01,0.000000000000000000e+00,0.000000000000000000e+00,0.000000000000000000e+00,3.188652148000736264e-01,3.843714853466068115e-01,3.270338335723197987e-01,3.169865483737415168e-01,1.064357389920402991e-01,0.000000000000000000e+00,0.000000000000000000e+00,3.633018455360528809e-01,0.000000000000000000e+00,1.832139518694078928e-01,3.286964310882867224e-01,3.830350214154957245e-01,3.311977166539992745e-01,0.000000000000000000e+00,0.000000000000000000e+00,3.115263764334160745e-01,2.710950358094694757e-01,2.454624018272656139e-01,0.000000000000000000e+00,3.075977972564437057e-01,3.195952114852899095e-01,2.396709819227531013e-01,2.805971315990988812e-01,2.584485487667891879e-01,2.441416378870386872e-01,2.837699113211000768e-01,3.890543676788402183e-01,3.317882787202828809e-01,3.392470033398929941e-01,3.825633001388831222e-01,4.221666806779559855e-01,3.585786789050656731e-01,0.000000000000000000e+00,3.864190399143425103e-01,1.331515844771223867e-01,1.351469542684879122e-01,0.000000000000000000e+00,1.085571697441179012e-01,0.000000000000000000e+00,0.000000000000000000e+00,0.000000000000000000e+00,1.257483820530219121e-01,0.000000000000000000e+00,0.000000000000000000e+00,0.000000000000000000e+00,1.166765226894813934e-01,0.000000000000000000e+00,0.000000000000000000e+00,0.000000000000000000e+00,0.000000000000000000e+00,0.000000000000000000e+00,0.000000000000000000e+00,1.728164616310444990e-01,0.000000000000000000e+00,3.662628644829534763e-01,1.948112228092699905e-01,0.000000000000000000e+00,0.000000000000000000e+00,0.000000000000000000e+00,3.623756129983359275e-01,1.047697669235963941e-01,3.755440683491845233e-01,3.855058923112840152e-01,0.000000000000000000e+00,1.902737318307902992e-01,0.000000000000000000e+00,3.937456237043843732e-01,1.481917054000936873e-01,1.166253262382209999e-01,1.118076663368391954e-01,1.342102570227123037e-01
3.397029981220264783e-01,2.836290261251058209e-01,0.000000000000000000e+00,0.000000000000000000e+00,0.000000000000000000e+00,3.210991818670819731e-01,0.000000000000000000e+00,2.933086818961839759e-01,0.000000000000000000e+00,0.000000000000000000e+00,0.000000000000000000e+00,0.000000000000000000e+00,3.772825323161890787e-01,4.107032733764580112e-01,3.035495203889109206e-01,2.523599374843401022e-01,0.000000000000000000e+00,2.899699565872311813e-01,0.000000000000000000e+00,3.115263764334160745e-01,0.000000000000000000e+00,3.313077846832400142e-01,2.838718891694987922e-01,4.138195083571116206e-01,2.866660409212817839e-01,2.857533600759457060e-01,3.038098132317583189e-01,3.611249683466563054e-01,3.248041683158143789e-01,0.000000000000000000e+00,3.064771032177096011e-01,3.690658913761725168e-01,2.834046578998579147e-01,3.226346924718894171e-01,3.862018705960683085e-01,0.000000000000000000e+00,0.000000000000000000e+00,0.000000000000000000e+00,3.846385326213528910e-01,3.574223604323374937e-01,3.767998219042171248e-01,0.000000000000000000e+00,0.000000000000000000e+00,0.000000000000000000e+00,0.000000000000000000e+00,0.000000000000000000e+00,3.805731705740172943e-01,0.000000000000000000e+00,0.000000000000000000e+00,0.000000000000000000e+00,3.311607969423054909e-01,0.000000000000000000e+00,2.795539509966276093e-01,0.000000000000000000e+00,0.000000000000000000e+00,0.000000000000000000e+00,0.000000000000000000e+00,1.023915041070437987e-01,0.000000000000000000e+00,3.463727250674762947e-01,1.251528873586232049e-01,0.000000000000000000e+00,0.000000000000000000e+00,0.000000000000000000e+00,3.761394367128954030e-01,2.845820722510857825e-01,3.745021969801102801e-01,3.340326000343982193e-01,0.000000000000000000e+00,1.266680572697488905e-01,3.482554949485250906e-01,3.672495161555200949e-01,4.036997991795915897e-01,3.268365092220911761e-01,0.000000000000000000e+00,4.506043116558618999e-01
