0.000000000000000000e+00,4.416085568154566876e-01,0.000000000000000000e+00,0.000000000000000000e+00,0.000000000000000000e+00,4.780674996243389763e-01,0.000000000000000000e+00,5.221434407467422378e-01,0.000000000000000000e+00,4.508556135881245930e-01,0.000000000000000000e+00,4.094559371736019027e-01,1.289189709994993938e-01,0.000000000000000000e+00,4.001072532551909200e-01,4.092297980026773918e-01,4.122407383269848791e-01,3.798508567051167018e-01,0.000000000000000000e+00,4.363263725954276140e-01,4.352055159704740217e-01,4.213035336372175088e-01,4.802993605746356254e-01,3.826598774234649114e-01,3.978372680873850098e-01,3.896599559412978198e-01,4.708172842267303038e-01,5.434434444320304092e-01,5.137272906427892138e-01,0.000000000000000000e+00,3.735950644117034813e-01,4.386424105763893078e-01,3.218803570292427807e-01,3.686708723961942269e-01,4.291951199351278223e-01,0.000000000000000000e+00,0.000000000000000000e+00,4.940306969398938208e-01,4.328403918932958727e-01,3.960222596689849106e-01,4.094310759564159241e-01,0.000000000000000000e+00,0.000000000000000000e+00,0.000000000000000000e+00,0.000000000000000000e+00,4.312130502229061246e-01,4.740777985506495207e-01,0.000000000000000000e+00,0.000000000000000000e+00,0.000000000000000000e+00,0.000000000000000000e+00,0.000000000000000000e+00,0.000000000000000000e+00,0.000000000000000000e+00,4.660523269014172909e-01,0.000000000000000000e+00,0.000000000000000000e+00,0.000000000000000000e+00,0.000000000000000000e+00,0.000000000000000000e+00,4.447268726393979188e-01,0.000000000000000000e+00,4.222634446075730907e-01,0.000000000000000000e+00,0.000000000000000000e+00,0.000000000000000000e+00,4.370175578683874740e-01,0.000000000000000000e+00,3.547024999326988115e-01,4.147288942316554872e-01,4.705633931138745174e-01,0.000000000000000000e+00,0.000000000000000000e+00,0.000000000000000000e+00,0.000000000000000000e+00,4.215742405105719071e-01
4.416085568154566876e-01,0.000000000000000000e+00,0.000000000000000000e+00,0.000000000000000000e+00,4.220805711341615862e-01,4.188536158194557935e-01,4.332444661037215261e-01,4.771131131111022161e-01,3.911953981698199079e-01,0.000000000000000000e+00,0.000000000000000000e+00,0.000000000000000000e+00,4.499072060491340896e-01,0.000000000000000000e+00,4.123985541615743933e-01,4.100144161666490206e-01,4.227316440061946179e-01,4.052914325860357825e-01,0.000000000000000000e+00,4.375732795941866815e-01,3.968484887635826963e-01,4.240978273040563185e-01,4.301447360006772080e-01,0.000000000000000000e+00,3.810276863547545911e-01,4.175794367486532765e-01,4.217693486836410766e-01,4.448940110992523067e-01,4.361687228970759223e-01,0.000000000000000000e+00,3.873466889983745998e-01,4.477279466724307100e-01,3.455283906271489069e-01,3.804580374250298158e-01,4.160558082685424930e-01,0.000000000000000000e+00,0.000000000000000000e+00,0.000000000000000000e+00,4.606141400702408739e-01,4.432585075176623257e-01,4.353830516659665251e-01,4.517229012795380139e-01,0.000000000000000000e+00,0.000000000000000000e+00,0.000000000000000000e+00,4.701170258152577164e-01,4.553528592407242725e-01,0.000000000000000000e+00,0.000000000000000000e+00,0.000000000000000000e+00,4.536463668530145155e-01,0.000000000000000000e+00,0.000000000000000000e+00,0.000000000000000000e+00,0.000000000000000000e+00,0.000000000000000000e+00,0.000000000000000000e+00,0.000000000000000000e+00,0.000000000000000000e+00,4.644162350783965221e-01,4.589138651158363724e-01,0.000000000000000000e+00,4.384169681883848257e-01,0.000000000000000000e+00,4.326446707774834755e-01,4.659236972670227073e-01,4.458522048951952255e-01,4.742386928578745109e-01,0.000000000000000000e+00,4.416067433384119889e-01,4.844033410667181183e-01,4.577292095981069786e-01,0.000000000000000000e+00,4.499975011730167895e-01,0.000000000000000000e+00,4.187953809378295866e-01
0.000000000000000000e+00,0.000000000000000000e+00,0.000000000000000000e+00,4.648302238925435814e-01,4.145696021091482830e-01,4.043319363476656214e-01,4.486865417986897198e-01,4.740255582655075739e-01,3.621338080009988136e-01,4.962172570857334986e-01,3.690090967998451155e-01,1.446661517501139915e-01,4.592211635728881136e-01,4.442782011808443787e-01,0.000000000000000000e+00,0.000000000000000000e+00,0.000000000000000000e+00,0.000000000000000000e+00,3.043217371088717815e-01,0.000000000000000000e+00,0.000000000000000000e+00,0.000000000000000000e+00,3.134483004001855089e-01,0.000000000000000000e+00,0.000000000000000000e+00,0.000000000000000000e+00,3.518032520762672255e-01,4.745524763452387274e-01,0.000000000000000000e+00,0.000000000000000000e+00,4.882074489824700936e-01,4.436925653396942004e-01,0.000000000000000000e+00,4.762017762277063193e-01,4.894306214689638779e-01,4.312957167484213761e-01,4.454220120741265165e-01,0.000000000000000000e+00,4.943228165344820124e-01,0.000000000000000000e+00,1.357753081291697972e-01,0.000000000000000000e+00,4.877084203288746256e-01,0.000000000000000000e+00,0.000000000000000000e+00,0.000000000000000000e+00,0.000000000000000000e+00,5.120524960438466167e-01,0.000000000000000000e+00,5.611863943799715315e-01,5.587917650058217278e-01,1.812099264912565011e-01,5.677313997186121952e-01,5.607164726345950090e-01,0.000000000000000000e+00,5.133673236895057723e-01,0.000000000000000000e+00,1.620068532629561908e-01,5.104787557785739338e-01,0.000000000000000000e+00,0.000000000000000000e+00,0.000000000000000000e+00,0.000000000000000000e+00,5.164241050242541764e-01,0.000000000000000000e+00,0.000000000000000000e+00,0.000000000000000000e+00,5.778032628179939900e-01,0.000000000000000000e+00,0.000000000000000000e+00,0.000000000000000000e+00,5.796953560677623463e-01,1.895566312354675098e-01,0.000000000000000000e+00,0.000000000000000000e+00,0.000000000000000000e+00
0.000000000000000000e+00,0.000000000000000000e+00,4.648302238925435814e-01,0.000000000000000000e+00,2.871261504851739255e-01,3.877656176640946750e-01,2.887654911636531874e-01,3.075243665540702276e-01,4.248607559486330953e-01,3.493429673421781789e-01,3.945109847911660861e-01,0.000000000000000000e+00,3.322426832863251134e-01,2.606380170813424879e-01,0.000000000000000000e+00,0.000000000000000000e+00,0.000000000000000000e+00,0.000000000000000000e+00,3.988540550652331929e-01,0.000000000000000000e+00,0.000000000000000000e+00,0.000000000000000000e+00,4.123914888517610233e-01,0.000000000000000000e+00,0.000000000000000000e+00,0.000000000000000000e+00,3.856319946018018086e-01,2.742698893144848160e-01,4.410266790608668996e-01,0.000000000000000000e+00,3.513045323359669236e-01,2.902611716462101810e-01,0.000000000000000000e+00,2.536678518337118771e-01,2.351719894262417898e-01,1.948428801008255939e-01,1.859048836127935034e-01,2.685087306206084823e-01,0.000000000000000000e+00,0.000000000000000000e+00,0.000000000000000000e+00,0.000000000000000000e+00,0.000000000000000000e+00,0.000000000000000000e+00,0.000000000000000000e+00,0.000000000000000000e+00,0.000000000000000000e+00,0.000000000000000000e+00,0.000000000000000000e+00,0.000000000000000000e+00,0.000000000000000000e+00,0.000000000000000000e+00,0.000000000000000000e+00,0.000000000000000000e+00,0.000000000000000000e+00,0.000000000000000000e+00,0.000000000000000000e+00,0.000000000000000000e+00,0.000000000000000000e+00,0.000000000000000000e+00,0.000000000000000000e+00,0.000000000000000000e+00,0.000000000000000000e+00,0.000000000000000000e+00,0.000000000000000000e+00,0.000000000000000000e+00,0.000000000000000000e+00,0.000000000000000000e+00,0.000000000000000000e+00,0.000000000000000000e+00,0.000000000000000000e+00,0.000000000000000000e+00,0.000000000000000000e+00,0.000000000000000000e+00,0.000000000000000000e+00,0.000000000000000000e+00
0.000000000000000000e+00,4.220805711341615862e-01,4.145696021091482830e-01,2.871261504851739255e-01,0.000000000000000000e+00,4.053550868818968089e-01,3.451485076321276213e-01,4.125978149321091193e-01,3.409497665170604930e-01,4.451583679691472062e-01,3.545761736882321880e-01,4.433152993946470888e-01,3.799420619796133880e-01,2.959958366389517925e-01,0.000000000000000000e+00,4.266358699977390034e-01,0.000000000000000000e+00,0.000000000000000000e+00,4.019054147877799132e-01,3.939246424376757760e-01,0.000000000000000000e+00,4.186510777454134913e-01,4.248173156469011724e-01,0.000000000000000000e+00,4.102697139790031922e-01,4.682121436666701886e-01,4.154883410876040739e-01,3.706882460059838236e-01,4.058487399640217097e-01,0.000000000000000000e+00,4.628021584771931929e-01,3.896441021669295179e-01,4.375348353110368183e-01,4.242139969508931241e-01,3.531555908813747147e-01,2.550862991238930233e-01,3.418403057407056744e-01,4.023440583656704983e-01,5.023863066042530967e-01,0.000000000000000000e+00,0.000000000000000000e+00,0.000000000000000000e+00,4.071456156120227265e-01,0.000000000000000000e+00,0.000000000000000000e+00,0.000000000000000000e+00,0.000000000000000000e+00,5.147677716769096801e-01,0.000000000000000000e+00,1.196853085045865017e-01,5.642391951982782539e-01,0.000000000000000000e+00,5.173102138477375656e-01,5.440691295686943540e-01,0.000000000000000000e+00,4.478293381828282738e-01,0.000000000000000000e+00,0.000000000000000000e+00,0.000000000000000000e+00,0.000000000000000000e+00,0.000000000000000000e+00,0.000000000000000000e+00,0.000000000000000000e+00,0.000000000000000000e+00,0.000000000000000000e+00,0.000000000000000000e+00,0.000000000000000000e+00,5.104936308565551917e-01,0.000000000000000000e+00,0.000000000000000000e+00,0.000000000000000000e+00,5.249340296412323692e-01,0.000000000000000000e+00,0.000000000000000000e+00,0.000000000000000000e+00,0.000000000000000000e+00
4.780674996243389763e-01,4.188536158194557935e-01,4.043319363476656214e-01,3.877656176640946750e-01,4.053550868818968089e-01,0.000000000000000000e+00,4.335911367821271845e-01,4.629346153031245192e-01,3.800703203088620086e-01,4.603451266467175063e-01,4.189841625855241225e-01,1.587953379915570951e-01,4.123747292554956201e-01,4.766796525915327765e-01,4.217434210561751828e-01,4.534743483648577267e-01,1.577053824631629020e-01,4.315932219040445883e-01,4.221316843134516050e-01,4.219503500248436012e-01,4.310308523334915876e-01,4.342793751920985823e-01,4.340857301534121748e-01,0.000000000000000000e+00,4.079897940764449782e-01,4.098325108148422879e-01,4.050878518731432232e-01,4.158400987174085128e-01,3.596789939833034966e-01,4.362855154258031831e-01,4.621849232668123197e-01,4.378533660277795225e-01,4.002586932535279751e-01,4.555701533756805754e-01,4.556027705891159130e-01,4.474011364797937929e-01,4.412744869405905157e-01,4.531745114141649267e-01,5.122035957922271843e-01,0.000000000000000000e+00,5.134966396474723860e-01,5.536084026358748522e-01,4.913107399331299030e-01,0.000000000000000000e+00,0.000000000000000000e+00,0.000000000000000000e+00,1.837371231652606962e-01,5.563466377826929987e-01,0.000000000000000000e+00,5.887019289450027282e-01,5.226265229335188556e-01,5.382162482056610520e-01,5.347095901523909456e-01,5.646124599949893241e-01,0.000000000000000000e+00,5.716926571823434111e-01,0.000000000000000000e+00,5.236337749579300649e-01,0.000000000000000000e+00,4.392879382519319087e-01,0.000000000000000000e+00,0.000000000000000000e+00,0.000000000000000000e+00,5.239433232102311822e-01,4.611622253010714267e-01,4.632610801517704213e-01,1.635458232680565005e-01,5.356040037168615653e-01,0.000000000000000000e+00,0.000000000000000000e+00,1.638433464803079054e-01,5.352187890383132141e-01,5.211733901683412995e-01,5.241080396476326397e-01,1.011516926898475971e-01,5.131336272964982514e-01
0.000000000000000000e+00,4.332444661037215261e-01,4.486865417986897198e-01,2.887654911636531874e-01,3.451485076321276213e-01,4.335911367821271845e-01,0.000000000000000000e+00,4.487132206387947075e-01,4.157469548060014897e-01,4.061416377334846062e-01,4.395852710145948250e-01,3.957468940406757008e-01,3.533907693435321962e-01,3.421135636604621943e-01,0.000000000000000000e+00,4.613037228543608870e-01,4.195369896131296850e-01,4.443357751611695106e-01,4.586301558890483188e-01,4.481836314173088809e-01,0.000000000000000000e+00,4.553917499694157267e-01,4.468685222352942188e-01,3.845438247669293874e-01,4.215334523184859905e-01,4.246140245451338058e-01,4.481022996854238105e-01,3.689039753615687145e-01,4.397213719277853761e-01,0.000000000000000000e+00,4.009743434851452126e-01,3.981132623009749905e-01,3.620819444539712939e-01,3.771560487671611894e-01,3.189680034755503213e-01,3.016697150178213049e-01,3.077985789375535797e-01,3.612278820687305769e-01,5.747258844490147345e-01,0.000000000000000000e+00,1.637731516271186127e-01,0.000000000000000000e+00,5.147822904442662661e-01,0.000000000000000000e+00,0.000000000000000000e+00,0.000000000000000000e+00,0.000000000000000000e+00,5.984568816369590927e-01,0.000000000000000000e+00,0.000000000000000000e+00,5.448558803424459196e-01,0.000000000000000000e+00,1.112453970595013997e-01,6.071343051475421859e-01,0.000000000000000000e+00,1.484293345485989957e-01,0.000000000000000000e+00,0.000000000000000000e+00,0.000000000000000000e+00,0.000000000000000000e+00,0.000000000000000000e+00,0.000000000000000000e+00,0.000000000000000000e+00,1.420735728466518133e-01,0.000000000000000000e+00,0.000000000000000000e+00,0.000000000000000000e+00,5.341172822262081343e-01,0.000000000000000000e+00,0.000000000000000000e+00,0.000000000000000000e+00,5.288929813419978032e-01,0.000000000000000000e+00,0.000000000000000000e+00,0.000000000000000000e+00,0.000000000000000000e+00
5.221434407467422378e-01,4.771131131111022161e-01,4.740255582655075739e-01,3.075243665540702276e-01,4.125978149321091193e-01,4.629346153031245192e-01,4.487132206387947075e-01,0.000000000000000000e+00,4.829365509282860791e-01,0.000000000000000000e+00,3.593662257576050179e-01,0.000000000000000000e+00,4.597519162767788048e-01,3.735623122297858090e-01,0.000000000000000000e+00,4.836305558292116058e-01,0.000000000000000000e+00,4.726193841215438063e-01,4.202214401089114926e-01,0.000000000000000000e+00,4.424580169836739851e-01,0.000000000000000000e+00,4.114772986886520156e-01,5.342273735692163461e-01,4.682653149933930781e-01,5.012250683817557340e-01,4.885961181721507063e-01,4.586679257129369081e-01,4.173893028459982890e-01,4.498203750514749855e-01,4.667483981699150908e-01,3.317924299410702771e-01,0.000000000000000000e+00,4.662990554810497734e-01,4.884930588108398197e-01,2.703461856491268245e-01,3.909318028597276173e-01,0.000000000000000000e+00,4.511060081794314724e-01,0.000000000000000000e+00,4.583464521822688265e-01,0.000000000000000000e+00,4.580757958012471875e-01,0.000000000000000000e+00,0.000000000000000000e+00,0.000000000000000000e+00,0.000000000000000000e+00,4.783443727496620168e-01,0.000000000000000000e+00,5.218922054757179074e-01,4.606750669729580139e-01,4.787736311641310194e-01,3.662103134667678006e-01,4.888840275461178164e-01,0.000000000000000000e+00,4.877964497600918992e-01,0.000000000000000000e+00,4.687346619114451940e-01,0.000000000000000000e+00,0.000000000000000000e+00,0.000000000000000000e+00,0.000000000000000000e+00,0.000000000000000000e+00,5.311375606231876212e-01,0.000000000000000000e+00,3.288144421931010752e-01,0.000000000000000000e+00,4.640614174815368975e-01,0.000000000000000000e+00,0.000000000000000000e+00,0.000000000000000000e+00,4.761380303138401104e-01,4.651233361821940915e-01,4.378013400799369848e-01,0.000000000000000000e+00,4.885091192804354998e-01
0.000000000000000000e+00,3.911953981698199079e-01,3.621338080009988136e-01,4.248607559486330953e-01,3.409497665170604930e-01,3.800703203088620086e-01,4.157469548060014897e-01,4.829365509282860791e-01,0.000000000000000000e+00,4.875226702900615772e-01,3.262521530005894066e-01,4.511711392074008731e-01,4.131517679881168137e-01,4.420332406838944905e-01,0.000000000000000000e+00,0.000000000000000000e+00,0.000000000000000000e+00,1.723180217420489102e-01,3.488057722860061216e-01,3.898400428118086181e-01,0.000000000000000000e+00,4.128455037786892823e-01,4.384934716724446790e-01,5.026834094506231754e-01,3.962122551860751130e-01,1.487972333815535952e-01,3.950700818683505200e-01,4.662627861514733740e-01,4.146045693093227125e-01,4.280292434624863862e-01,4.956822465936890909e-01,4.459217559256983821e-01,4.393551098803374910e-01,4.781349650142435737e-01,4.566789333082392766e-01,4.477843750429180147e-01,4.565630653081296231e-01,4.433129354774966169e-01,4.815912045145029907e-01,0.000000000000000000e+00,1.944270713845958065e-01,0.000000000000000000e+00,4.701507983515100242e-01,0.000000000000000000e+00,0.000000000000000000e+00,0.000000000000000000e+00,0.000000000000000000e+00,5.441195782516428103e-01,0.000000000000000000e+00,5.794854317931356080e-01,5.284681158388793154e-01,5.771335973179109180e-01,5.833478880062740179e-01,5.772152167419423163e-01,0.000000000000000000e+00,5.183545793302944960e-01,0.000000000000000000e+00,5.808647497358501166e-01,5.001122785929678072e-01,0.000000000000000000e+00,0.000000000000000000e+00,0.000000000000000000e+00,0.000000000000000000e+00,5.266853753596648646e-01,0.000000000000000000e+00,0.000000000000000000e+00,0.000000000000000000e+00,5.474848084426239270e-01,0.000000000000000000e+00,0.000000000000000000e+00,0.000000000000000000e+00,5.537300281120485224e-01,2.033127150883851098e-01,0.000000000000000000e+00,0.000000000000000000e+00,0.000000000000000000e+00
4.508556135881245930e-01,0.000000000000000000e+00,4.962172570857334986e-01,3.493429673421781789e-01,4.451583679691472062e-01,4.603451266467175063e-01,4.061416377334846062e-01,0.000000000000000000e+00,4.875226702900615772e-01,0.000000000000000000e+00,4.857677760314201842e-01,3.034056680801532901e-01,4.230963275686531744e-01,0.000000000000000000e+00,0.000000000000000000e+00,3.968532513576358833e-01,3.263589750174535897e-01,3.548224244513413228e-01,4.701186293047536213e-01,4.671959840878803227e-01,0.000000000000000000e+00,1.131478320326588932e-01,4.623501833475612277e-01,3.399966127826702933e-01,3.382113934079427064e-01,3.667396142784324908e-01,4.651389780191230727e-01,3.998929961392186927e-01,1.329312264403890997e-01,0.000000000000000000e+00,3.406057156892339788e-01,3.948607571964802831e-01,2.862991674120061170e-01,2.740660308427501080e-01,2.719818507298933929e-01,4.058317543309677977e-01,3.478165773453866239e-01,2.614020196196524259e-01,4.629999381041979833e-01,3.252954218766831995e-01,3.678522332352863744e-01,0.000000000000000000e+00,0.000000000000000000e+00,0.000000000000000000e+00,3.005712249232371791e-01,0.000000000000000000e+00,0.000000000000000000e+00,0.000000000000000000e+00,0.000000000000000000e+00,0.000000000000000000e+00,0.000000000000000000e+00,0.000000000000000000e+00,0.000000000000000000e+00,0.000000000000000000e+00,4.510416864252139169e-01,0.000000000000000000e+00,4.592015107756826087e-01,0.000000000000000000e+00,0.000000000000000000e+00,0.000000000000000000e+00,0.000000000000000000e+00,4.254505805576320188e-01,4.103907391690517770e-01,0.000000000000000000e+00,0.000000000000000000e+00,0.000000000000000000e+00,0.000000000000000000e+00,0.000000000000000000e+00,4.456035716007009095e-01,4.327219932430617089e-01,4.589278530481641916e-01,0.000000000000000000e+00,0.000000000000000000e+00,0.000000000000000000e+00,0.000000000000000000e+00,4.125041991891397752e-01
0.000000000000000000e+00,0.000000000000000000e+00,3.690090967998451155e-01,3.945109847911660861e-01,3.545761736882321880e-01,4.189841625855241225e-01,4.395852710145948250e-01,3.593662257576050179e-01,3.262521530005894066e-01,4.857677760314201842e-01,0.000000000000000000e+00,4.586795448912994178e-01,4.580648235066224760e-01,2.943104687563564137e-01,0.000000000000000000e+00,0.000000000000000000e+00,5.394006220704167243e-01,0.000000000000000000e+00,2.866409691007187899e-01,0.000000000000000000e+00,0.000000000000000000e+00,0.000000000000000000e+00,3.749572654488734225e-01,4.746355108007324075e-01,0.000000000000000000e+00,1.680492079956459883e-01,4.165305710097825798e-01,4.629089190435957124e-01,0.000000000000000000e+00,0.000000000000000000e+00,4.998744841375932779e-01,3.675416939160390806e-01,4.595682295299253761e-01,4.738270757402149869e-01,4.541845120217560261e-01,3.155515035782769928e-01,4.500574413432181786e-01,4.413277540651843189e-01,4.227341921078319187e-01,0.000000000000000000e+00,0.000000000000000000e+00,0.000000000000000000e+00,4.150300882592384277e-01,0.000000000000000000e+00,0.000000000000000000e+00,0.000000000000000000e+00,0.000000000000000000e+00,4.054075500267523835e-01,0.000000000000000000e+00,4.405900098526537856e-01,5.210035889791387875e-01,4.391734209155168100e-01,4.820541017566465913e-01,4.665695403534316221e-01,0.000000000000000000e+00,3.891895990838877273e-01,0.000000000000000000e+00,4.774205220058075905e-01,4.274761010720383170e-01,0.000000000000000000e+00,0.000000000000000000e+00,0.000000000000000000e+00,0.000000000000000000e+00,2.250807933072599132e-01,0.000000000000000000e+00,0.000000000000000000e+00,0.000000000000000000e+00,5.192067820807101386e-01,0.000000000000000000e+00,0.000000000000000000e+00,0.000000000000000000e+00,5.192890957221181214e-01,1.700380183479761886e-01,0.000000000000000000e+00,0.000000000000000000e+00,0.000000000000000000e+00
4.094559371736019027e-01,0.000000000000000000e+00,1.446661517501139915e-01,0.000000000000000000e+00,4.433152993946470888e-01,1.587953379915570951e-01,3.957468940406757008e-01,0.000000000000000000e+00,4.511711392074008731e-01,3.034056680801532901e-01,4.586795448912994178e-01,0.000000000000000000e+00,4.086984313197614127e-01,0.000000000000000000e+00,0.000000000000000000e+00,0.000000000000000000e+00,3.628980599445835731e-01,3.855996075855244731e-01,1.541655912504223125e-01,0.000000000000000000e+00,5.113475626255782336e-01,0.000000000000000000e+00,1.457153629566030062e-01,3.097644897263345798e-01,3.506163069533442811e-01,3.035294041166887169e-01,1.478126499661331916e-01,3.627817873852561825e-01,0.000000000000000000e+00,0.000000000000000000e+00,3.556760679819288007e-01,2.665171157936366275e-01,2.321601322256509892e-01,2.183177836593674925e-01,2.626522547781561245e-01,3.289150261619526727e-01,3.102134340610265273e-01,1.971924159326567949e-01,0.000000000000000000e+00,3.424813242775894828e-01,4.499381476304762928e-01,0.000000000000000000e+00,0.000000000000000000e+00,0.000000000000000000e+00,2.936213783294979729e-01,0.000000000000000000e+00,0.000000000000000000e+00,0.000000000000000000e+00,0.000000000000000000e+00,0.000000000000000000e+00,0.000000000000000000e+00,0.000000000000000000e+00,0.000000000000000000e+00,0.000000000000000000e+00,4.791640065708397955e-01,0.000000000000000000e+00,4.768494409395830913e-01,0.000000000000000000e+00,0.000000000000000000e+00,0.000000000000000000e+00,0.000000000000000000e+00,4.321050253885688197e-01,4.168259276203096220e-01,0.000000000000000000e+00,0.000000000000000000e+00,0.000000000000000000e+00,0.000000000000000000e+00,0.000000000000000000e+00,4.736960066591999752e-01,4.406269098467002765e-01,4.565770470418856197e-01,0.000000000000000000e+00,0.000000000000000000e+00,0.000000000000000000e+00,0.000000000000000000e+00,0.000000000000000000e+00
1.289189709994993938e-01,4.499072060491340896e-01,4.592211635728881136e-01,3.322426832863251134e-01,3.799420619796133880e-01,4.123747292554956201e-01,3.533907693435321962e-01,4.597519162767788048e-01,4.131517679881168137e-01,4.230963275686531744e-01,4.580648235066224760e-01,4.086984313197614127e-01,0.000000000000000000e+00,3.749989044666732774e-01,4.385078533763995257e-01,4.675876345222492181e-01,4.356093652964083129e-01,4.424918122009203203e-01,4.674732797551762742e-01,4.525278941148953016e-01,4.738646329238437871e-01,4.620083153811824217e-01,4.534817995419290759e-01,4.157052860410809236e-01,4.255522679423919263e-01,4.382629352941955769e-01,4.504520731037696124e-01,3.713502611426732769e-01,4.204633257131806801e-01,3.769541603616112790e-01,4.099269161381183801e-01,4.146464131833250133e-01,3.867156798732804823e-01,4.221413277615638227e-01,4.010978825990708097e-01,3.474593308853646256e-01,3.708041071550636780e-01,3.882435753875597140e-01,5.158592232803448363e-01,0.000000000000000000e+00,1.616459001673085927e-01,1.298068953631462130e-01,4.604118465716280917e-01,0.000000000000000000e+00,0.000000000000000000e+00,0.000000000000000000e+00,0.000000000000000000e+00,5.712529084031965354e-01,0.000000000000000000e+00,0.000000000000000000e+00,5.351426039052937789e-01,2.127971987323727110e-01,0.000000000000000000e+00,0.000000000000000000e+00,0.000000000000000000e+00,1.451333181512788895e-01,0.000000000000000000e+00,0.000000000000000000e+00,0.000000000000000000e+00,1.660466628282462886e-01,0.000000000000000000e+00,0.000000000000000000e+00,0.000000000000000000e+00,0.000000000000000000e+00,5.549188693727616917e-01,0.000000000000000000e+00,2.033799240140601039e-01,5.216626076372792298e-01,0.000000000000000000e+00,1.644983550037110998e-01,1.881866019945158952e-01,5.101918998401723249e-01,0.000000000000000000e+00,5.498829012972390462e-01,0.000000000000000000e+00,0.000000000000000000e+00
0.000000000000000000e+00,0.000000000000000000e+00,4.442782011808443787e-01,2.606380170813424879e-01,2.959958366389517925e-01,4.766796525915327765e-01,3.421135636604621943e-01,3.735623122297858090e-01,4.420332406838944905e-01,0.000000000000000000e+00,2.943104687563564137e-01,0.000000000000000000e+00,3.749989044666732774e-01,0.000000000000000000e+00,0.000000000000000000e+00,0.000000000000000000e+00,0.000000000000000000e+00,0.000000000000000000e+00,3.935421323869759958e-01,0.000000000000000000e+00,5.173644749379434638e-01,0.000000000000000000e+00,4.360725208913396878e-01,0.000000000000000000e+00,0.000000000000000000e+00,0.000000000000000000e+00,4.757779859899112784e-01,2.847282725531036229e-01,0.000000000000000000e+00,0.000000000000000000e+00,3.397631429182049745e-01,2.219497820631577967e-01,0.000000000000000000e+00,3.872404944270492200e-01,0.000000000000000000e+00,1.915811935928740106e-01,1.752262232654920038e-01,0.000000000000000000e+00,0.000000000000000000e+00,0.000000000000000000e+00,0.000000000000000000e+00,0.000000000000000000e+00,0.000000000000000000e+00,0.000000000000000000e+00,0.000000000000000000e+00,0.000000000000000000e+00,0.000000000000000000e+00,0.000000000000000000e+00,0.000000000000000000e+00,0.000000000000000000e+00,0.000000000000000000e+00,0.000000000000000000e+00,0.000000000000000000e+00,0.000000000000000000e+00,0.000000000000000000e+00,0.000000000000000000e+00,0.000000000000000000e+00,0.000000000000000000e+00,0.000000000000000000e+00,0.000000000000000000e+00,0.000000000000000000e+00,0.000000000000000000e+00,0.000000000000000000e+00,0.000000000000000000e+00,0.000000000000000000e+00,0.000000000000000000e+00,0.000000000000000000e+00,3.732696711952516178e-01,0.000000000000000000e+00,0.000000000000000000e+00,0.000000000000000000e+00,0.000000000000000000e+00,0.000000000000000000e+00,0.000000000000000000e+00,0.000000000000000000e+00,0.000000000000000000e+00
4.001072532551909200e-01,4.123985541615743933e-01,0.000000000000000000e+00,0.000000000000000000e+00,0.000000000000000000e+00,4.217434210561751828e-01,0.000000000000000000e+00,0.000000000000000000e+00,0.000000000000000000e+00,0.000000000000000000e+00,0.000000000000000000e+00,0.000000000000000000e+00,4.385078533763995257e-01,0.000000000000000000e+00,0.000000000000000000e+00,4.075048322171452853e-01,0.000000000000000000e+00,4.018012292466096036e-01,0.000000000000000000e+00,3.545597500473178232e-01,3.884364494496185816e-01,3.751158283785361869e-01,3.910398883653278812e-01,4.422194877974596205e-01,3.822768346610717072e-01,4.021982077895032148e-01,4.229068746399496925e-01,4.374812546831193805e-01,4.102343583852833819e-01,0.000000000000000000e+00,4.061066306161333905e-01,4.408463074475322263e-01,3.904464391359647180e-01,4.393307977397569175e-01,4.764443961257587845e-01,4.281230286131588736e-01,0.000000000000000000e+00,0.000000000000000000e+00,4.745744730807031075e-01,4.442456502297372212e-01,4.884619345309503813e-01,5.180891844926857059e-01,4.955681082026304196e-01,0.000000000000000000e+00,0.000000000000000000e+00,0.000000000000000000e+00,5.066781020120305623e-01,0.000000000000000000e+00,0.000000000000000000e+00,0.000000000000000000e+00,4.321890925514916271e-01,0.000000000000000000e+00,3.721183787940676724e-01,0.000000000000000000e+00,0.000000000000000000e+00,0.000000000000000000e+00,0.000000000000000000e+00,5.433129493820734179e-01,0.000000000000000000e+00,4.056515443987281921e-01,5.268513948656977641e-01,0.000000000000000000e+00,0.000000000000000000e+00,0.000000000000000000e+00,4.235909289042252834e-01,4.597116859005411782e-01,4.722553805063243182e-01,4.433130135364721225e-01,0.000000000000000000e+00,1.582739178132742119e-01,5.261086199790856455e-01,4.422609414047424803e-01,4.702093715385665118e-01,4.256278139864926868e-01,0.000000000000000000e+00,4.678683066004217239e-01
4.092297980026773918e-01,4.100144161666490206e-01,0.000000000000000000e+00,0.000000000000000000e+00,4.266358699977390034e-01,4.534743483648577267e-01,4.613037228543608870e-01,4.836305558292116058e-01,0.000000000000000000e+00,3.968532513576358833e-01,0.000000000000000000e+00,0.000000000000000000e+00,4.675876345222492181e-01,0.000000000000000000e+00,4.075048322171452853e-01,0.000000000000000000e+00,3.749772161751593891e-01,3.409782447716854237e-01,0.000000000000000000e+00,4.287131536568796752e-01,3.973005399169147189e-01,4.108708083754101792e-01,4.280007012674236777e-01,4.378843580593597129e-01,4.053851834165904111e-01,4.153599366998568243e-01,4.384874578097948117e-01,4.616988335624244155e-01,4.501987703071956837e-01,4.325650372267886845e-01,3.764573215096400083e-01,4.664732005333441234e-01,3.536377701911380123e-01,3.916518392102518731e-01,4.443643758305738101e-01,0.000000000000000000e+00,0.000000000000000000e+00,0.000000000000000000e+00,4.496691725892494884e-01,4.373656859934281771e-01,4.250769498448820904e-01,4.378009228298176958e-01,0.000000000000000000e+00,0.000000000000000000e+00,0.000000000000000000e+00,4.672642724966060146e-01,4.595321448623155836e-01,0.000000000000000000e+00,0.000000000000000000e+00,0.000000000000000000e+00,0.000000000000000000e+00,0.000000000000000000e+00,0.000000000000000000e+00,0.000000000000000000e+00,0.000000000000000000e+00,0.000000000000000000e+00,0.000000000000000000e+00,0.000000000000000000e+00,0.000000000000000000e+00,5.116709527548505276e-01,4.468779356387929114e-01,0.000000000000000000e+00,4.242905781632588802e-01,0.000000000000000000e+00,4.292934291568670235e-01,4.729252776566181815e-01,4.483408648775200067e-01,1.718447103613205129e-01,0.000000000000000000e+00,4.397020294019695075e-01,4.768830672570539275e-01,1.510972486137522885e-01,0.000000000000000000e+00,4.551598781598730215e-01,0.000000000000000000e+00,4.424899625528980196e-01
4.122407383269848791e-01,4.227316440061946179e-01,0.000000000000000000e+00,0.000000000000000000e+00,0.000000000000000000e+00,1.577053824631629020e-01,4.195369896131296850e-01,0.000000000000000000e+00,0.000000000000000000e+00,3.263589750174535897e-01,5.394006220704167243e-01,3.628980599445835731e-01,4.356093652964083129e-01,0.000000000000000000e+00,0.000000000000000000e+00,3.749772161751593891e-01,0.000000000000000000e+00,3.334336243247422726e-01,0.000000000000000000e+00,4.190002613811091847e-01,0.000000000000000000e+00,3.964403034737669085e-01,0.000000000000000000e+00,3.788785042739746811e-01,3.268945597961689931e-01,3.727341473992075160e-01,0.000000000000000000e+00,4.081788509166582868e-01,4.691921072069636933e-01,0.000000000000000000e+00,3.559367158131486741e-01,4.262145186175135825e-01,3.265859488620960205e-01,3.531187366463057198e-01,3.658075880771182731e-01,0.000000000000000000e+00,0.000000000000000000e+00,2.974269595523840737e-01,0.000000000000000000e+00,3.851152449068703798e-01,0.000000000000000000e+00,0.000000000000000000e+00,0.000000000000000000e+00,0.000000000000000000e+00,0.000000000000000000e+00,0.000000000000000000e+00,0.000000000000000000e+00,0.000000000000000000e+00,0.000000000000000000e+00,0.000000000000000000e+00,0.000000000000000000e+00,0.000000000000000000e+00,0.000000000000000000e+00,0.000000000000000000e+00,4.552134086063155949e-01,0.000000000000000000e+00,4.553438483265597747e-01,0.000000000000000000e+00,0.000000000000000000e+00,0.000000000000000000e+00,0.000000000000000000e+00,4.272392841354846205e-01,4.093687555706563841e-01,0.000000000000000000e+00,0.000000000000000000e+00,0.000000000000000000e+00,0.000000000000000000e+00,0.000000000000000000e+00,4.735321673279385135e-01,4.185997486253575928e-01,4.530413817760199913e-01,0.000000000000000000e+00,0.000000000000000000e+00,0.000000000000000000e+00,0.000000000000000000e+00,0.000000000000000000e+00
3.798508567051167018e-01,4.052914325860357825e-01,0.000000000000000000e+00,0.000000000000000000e+00,0.000000000000000000e+00,4.315932219040445883e-01,4.443357751611695106e-01,4.726193841215438063e-01,1.723180217420489102e-01,3.548224244513413228e-01,0.000000000000000000e+00,3.855996075855244731e-01,4.424918122009203203e-01,0.000000000000000000e+00,4.018012292466096036e-01,3.409782447716854237e-01,3.334336243247422726e-01,0.000000000000000000e+00,0.000000000000000000e+00,4.271391305322528864e-01,3.972899721954309959e-01,4.150898825854508756e-01,4.236739969970376163e-01,3.601516858341006766e-01,3.656102661891444949e-01,3.811842699728730799e-01,4.264758689012602133e-01,4.446058603697691791e-01,4.426382715361688036e-01,4.418989571842157904e-01,3.749259961248401773e-01,4.290899513054353132e-01,3.128410455001439106e-01,3.629636981930640105e-01,3.879250432896161893e-01,0.000000000000000000e+00,0.000000000000000000e+00,0.000000000000000000e+00,4.147069284712873727e-01,3.885128632930511250e-01,3.911364150289692865e-01,0.000000000000000000e+00,0.000000000000000000e+00,0.000000000000000000e+00,0.000000000000000000e+00,4.506283511587564905e-01,4.303162574365809734e-01,0.000000000000000000e+00,0.000000000000000000e+00,0.000000000000000000e+00,0.000000000000000000e+00,0.000000000000000000e+00,0.000000000000000000e+00,0.000000000000000000e+00,4.375175757639961915e-01,0.000000000000000000e+00,4.549048585229424901e-01,0.000000000000000000e+00,0.000000000000000000e+00,0.000000000000000000e+00,4.168469642899237937e-01,4.209116125774948203e-01,4.041087461067531250e-01,0.000000000000000000e+00,0.000000000000000000e+00,0.000000000000000000e+00,4.368909553644266808e-01,0.000000000000000000e+00,4.510105073680537036e-01,4.133752035086021848e-01,4.487429041988469924e-01,0.000000000000000000e+00,0.000000000000000000e+00,0.000000000000000000e+00,0.000000000000000000e+00,4.199902598873159754e-01
0.000000000000000000e+00,0.000000000000000000e+00,3.043217371088717815e-01,3.988540550652331929e-01,4.019054147877799132e-01,4.221316843134516050e-01,4.586301558890483188e-01,4.202214401089114926e-01,3.488057722860061216e-01,4.701186293047536213e-01,2.866409691007187899e-01,1.541655912504223125e-01,4.674732797551762742e-01,3.935421323869759958e-01,0.000000000000000000e+00,0.000000000000000000e+00,0.000000000000000000e+00,0.000000000000000000e+00,0.000000000000000000e+00,0.000000000000000000e+00,0.000000000000000000e+00,0.000000000000000000e+00,2.856764987862910887e-01,0.000000000000000000e+00,0.000000000000000000e+00,0.000000000000000000e+00,4.179389345601449146e-01,4.718868451329217839e-01,0.000000000000000000e+00,0.000000000000000000e+00,4.997154512043490149e-01,4.340249384077424222e-01,0.000000000000000000e+00,4.763750371457841082e-01,4.485981632652504825e-01,4.285064123871942243e-01,4.581588274059877897e-01,4.792013292720009865e-01,5.052191562128862667e-01,0.000000000000000000e+00,0.000000000000000000e+00,0.000000000000000000e+00,4.487006729369065194e-01,0.000000000000000000e+00,0.000000000000000000e+00,0.000000000000000000e+00,0.000000000000000000e+00,4.651692846779877932e-01,0.000000000000000000e+00,5.482498129331285774e-01,5.246824488829497923e-01,1.548222465146527060e-01,5.196690568125228449e-01,5.193260957285985580e-01,0.000000000000000000e+00,4.319741786459255217e-01,0.000000000000000000e+00,1.847620863620250131e-01,4.648120591158785841e-01,0.000000000000000000e+00,0.000000000000000000e+00,0.000000000000000000e+00,0.000000000000000000e+00,4.039391304345089084e-01,0.000000000000000000e+00,0.000000000000000000e+00,0.000000000000000000e+00,5.250351832760449255e-01,0.000000000000000000e+00,0.000000000000000000e+00,0.000000000000000000e+00,5.246849312390569064e-01,0.000000000000000000e+00,0.000000000000000000e+00,0.000000000000000000e+00,0.000000000000000000e+00
4.363263725954276140e-01,4.375732795941866815e-01,0.000000000000000000e+00,0.000000000000000000e+00,3.939246424376757760e-01,4.219503500248436012e-01,4.481836314173088809e-01,0.000000000000000000e+00,3.898400428118086181e-01,4.671959840878803227e-01,0.000000000000000000e+00,0.000000000000000000e+00,4.525278941148953016e-01,0.000000000000000000e+00,3.545597500473178232e-01,4.287131536568796752e-01,4.190002613811091847e-01,4.271391305322528864e-01,0.000000000000000000e+00,0.000000000000000000e+00,4.282691680007930102e-01,4.016990447489945937e-01,3.931505163423898996e-01,0.000000000000000000e+00,4.253883059158030111e-01,4.573893461884295242e-01,3.646843829861334818e-01,4.155773692481676829e-01,3.520211287768025832e-01,3.905969819618363981e-01,3.895949275475835138e-01,4.558874657046840806e-01,4.240600522206904865e-01,4.409923138330766879e-01,4.701028485986664118e-01,5.002591394761000121e-01,0.000000000000000000e+00,0.000000000000000000e+00,5.032771880429741662e-01,4.599279291860559060e-01,4.991721518243107947e-01,5.016779480646619271e-01,6.254822338009532467e-01,0.000000000000000000e+00,0.000000000000000000e+00,0.000000000000000000e+00,4.652005217719660801e-01,0.000000000000000000e+00,0.000000000000000000e+00,0.000000000000000000e+00,4.840462652354081130e-01,0.000000000000000000e+00,4.749941778156315242e-01,0.000000000000000000e+00,0.000000000000000000e+00,0.000000000000000000e+00,0.000000000000000000e+00,5.774976878471980157e-01,0.000000000000000000e+00,4.534516310162184927e-01,1.948112228092699905e-01,0.000000000000000000e+00,0.000000000000000000e+00,0.000000000000000000e+00,4.681554938603009197e-01,4.535602323230598087e-01,4.704691637699426887e-01,4.950063579831280869e-01,0.000000000000000000e+00,1.902737318307902992e-01,4.833316976103593787e-01,4.811070530291087222e-01,5.095749425616435957e-01,4.873158791980626847e-01,5.937299733101937260e-01,5.043868709009535767e-01
4.352055159704740217e-01,3.968484887635826963e-01,0.000000000000000000e+00,0.000000000000000000e+00,0.000000000000000000e+00,4.310308523334915876e-01,0.000000000000000000e+00,4.424580169836739851e-01,0.000000000000000000e+00,0.000000000000000000e+00,0.000000000000000000e+00,5.113475626255782336e-01,4.738646329238437871e-01,5.173644749379434638e-01,3.884364494496185816e-01,3.973005399169147189e-01,0.000000000000000000e+00,3.972899721954309959e-01,0.000000000000000000e+00,4.282691680007930102e-01,0.000000000000000000e+00,4.250902838712917742e-01,4.163922581233758247e-01,5.015551707154985994e-01,3.898067574315893236e-01,4.206603740503043753e-01,4.471994275592350854e-01,4.518607295068741148e-01,4.420818226213527047e-01,0.000000000000000000e+00,3.979828137475515115e-01,4.430084695717794729e-01,3.661318553068744208e-01,4.123364037165623830e-01,4.948251385791033186e-01,0.000000000000000000e+00,0.000000000000000000e+00,0.000000000000000000e+00,4.609123212723579277e-01,4.178760794383948873e-01,4.734386399199577156e-01,4.805578744978635242e-01,0.000000000000000000e+00,0.000000000000000000e+00,0.000000000000000000e+00,5.397756267279015807e-01,4.990499267954586204e-01,0.000000000000000000e+00,0.000000000000000000e+00,0.000000000000000000e+00,3.931568315301665062e-01,0.000000000000000000e+00,4.054451374955745924e-01,0.000000000000000000e+00,0.000000000000000000e+00,0.000000000000000000e+00,0.000000000000000000e+00,5.091848298654924054e-01,0.000000000000000000e+00,4.202834166067704880e-01,4.908942536753431729e-01,0.000000000000000000e+00,0.000000000000000000e+00,0.000000000000000000e+00,4.214946486752466082e-01,4.123808789239751804e-01,4.565343695048735828e-01,4.413146748117379725e-01,0.000000000000000000e+00,4.768116578002589145e-01,5.227273345784670955e-01,4.478728925188080190e-01,4.845132821566620063e-01,4.096132478198096227e-01,0.000000000000000000e+00,5.049979029924791529e-01
