0.000000000000000000e+00,4.055713498169429831e-01,0.000000000000000000e+00,0.000000000000000000e+00,0.000000000000000000e+00,1.279640476161693075e-01,0.000000000000000000e+00,4.854258386426082983e-01,0.000000000000000000e+00,4.046881232701725062e-01,0.000000000000000000e+00,3.820939021131762869e-01,5.207551505192152819e-01,0.000000000000000000e+00,3.938437779165092079e-01,4.023742195522788112e-01,3.940910379517207907e-01,4.122432954361434088e-01,0.000000000000000000e+00,4.253236668818526911e-01,3.888217088893046181e-01,4.113007096715864952e-01,4.484861704608478217e-01,3.646643326520120909e-01,4.018110687009878168e-01,3.745146783066944929e-01,4.560541364411019871e-01,4.764684936845998142e-01,4.475046446351447216e-01,0.000000000000000000e+00,3.752854478095051793e-01,3.979500318455371777e-01,3.297226310143139827e-01,3.605998581401004266e-01,4.123872376926335792e-01,0.000000000000000000e+00,0.000000000000000000e+00,0.000000000000000000e+00,4.386421391879657961e-01,4.227134614886642883e-01,4.185818139642235036e-01,0.000000000000000000e+00,0.000000000000000000e+00,0.000000000000000000e+00,0.000000000000000000e+00,3.608116113119552160e-01,4.718743455600640790e-01,0.000000000000000000e+00,0.000000000000000000e+00,0.000000000000000000e+00,0.000000000000000000e+00,0.000000000000000000e+00,0.000000000000000000e+00,0.000000000000000000e+00,4.519326437231550031e-01,0.000000000000000000e+00,0.000000000000000000e+00,0.000000000000000000e+00,0.000000000000000000e+00,0.000000000000000000e+00,4.369138775976729727e-01,0.000000000000000000e+00,4.319551293589826146e-01,0.000000000000000000e+00,0.000000000000000000e+00,2.869533942028745233e-01,4.599243962170669886e-01,0.000000000000000000e+00,3.590292832857969740e-01,4.502478579098300737e-01,4.584591031214682033e-01,0.000000000000000000e+00,0.000000000000000000e+00,0.000000000000000000e+00,0.000000000000000000e+00,4.494045554101528950e-01
4.055713498169429831e-01,0.000000000000000000e+00,0.000000000000000000e+00,0.000000000000000000e+00,4.162694893873232771e-01,4.106716032177101239e-01,4.264776107631890190e-01,4.474329193729131848e-01,3.724630934112759806e-01,0.000000000000000000e+00,0.000000000000000000e+00,0.000000000000000000e+00,4.312150579671569783e-01,0.000000000000000000e+00,4.321000783630937758e-01,4.069825710403808805e-01,0.000000000000000000e+00,4.358931185486802917e-01,0.000000000000000000e+00,4.254144103584299730e-01,4.132363530784319838e-01,4.080243007530390820e-01,4.069607949122784896e-01,0.000000000000000000e+00,3.952693012543370132e-01,3.995211769026494886e-01,4.174782344690942115e-01,4.275289496180508242e-01,4.185940689480380783e-01,0.000000000000000000e+00,3.582420512530674062e-01,4.033398890956135796e-01,3.458490042075230142e-01,3.790135669239784733e-01,4.263114939845332740e-01,0.000000000000000000e+00,0.000000000000000000e+00,0.000000000000000000e+00,4.597737351734578759e-01,4.484715687829470276e-01,4.519570896619559131e-01,4.743246870896780099e-01,0.000000000000000000e+00,0.000000000000000000e+00,0.000000000000000000e+00,4.380893239707782105e-01,4.669834232164329912e-01,0.000000000000000000e+00,0.000000000000000000e+00,0.000000000000000000e+00,4.682233131391911884e-01,0.000000000000000000e+00,0.000000000000000000e+00,0.000000000000000000e+00,0.000000000000000000e+00,0.000000000000000000e+00,0.000000000000000000e+00,0.000000000000000000e+00,0.000000000000000000e+00,4.972762631168011205e-01,4.460407134747456093e-01,0.000000000000000000e+00,4.400507875426277749e-01,0.000000000000000000e+00,4.418970959632542161e-01,4.613731038153915942e-01,4.976230290552772773e-01,4.619478208822264120e-01,0.000000000000000000e+00,4.524158431074111197e-01,4.747193312128036857e-01,4.460799014741719248e-01,0.000000000000000000e+00,4.517618916590220857e-01,0.000000000000000000e+00,4.339885514750457252e-01
0.000000000000000000e+00,0.000000000000000000e+00,0.000000000000000000e+00,1.084974605659149022e-01,4.010434337174159092e-01,3.912530081780826730e-01,4.228882112841614860e-01,4.656867289077286087e-01,3.249412266049884201e-01,4.614172140279476086e-01,3.103588449181488018e-01,1.446661517501139915e-01,4.344965185314232925e-01,4.245194666893725155e-01,0.000000000000000000e+00,0.000000000000000000e+00,0.000000000000000000e+00,0.000000000000000000e+00,2.666419131099230788e-01,0.000000000000000000e+00,0.000000000000000000e+00,0.000000000000000000e+00,3.332375303068386141e-01,0.000000000000000000e+00,0.000000000000000000e+00,0.000000000000000000e+00,3.386348420576463791e-01,4.388930000681969257e-01,0.000000000000000000e+00,0.000000000000000000e+00,4.469737243743415744e-01,3.996799659660582038e-01,0.000000000000000000e+00,4.433554770558378877e-01,4.423436853867208085e-01,4.056520986068212764e-01,4.240882645381228166e-01,0.000000000000000000e+00,4.897628687790485102e-01,0.000000000000000000e+00,1.357753081291697972e-01,0.000000000000000000e+00,4.831875988312210879e-01,0.000000000000000000e+00,0.000000000000000000e+00,0.000000000000000000e+00,0.000000000000000000e+00,5.139423171121331180e-01,0.000000000000000000e+00,5.470041070276705497e-01,5.663918199945896514e-01,5.533608381023815692e-01,5.426151241437701112e-01,5.434824853265575184e-01,0.000000000000000000e+00,4.729739224355087868e-01,0.000000000000000000e+00,5.487320831922124498e-01,4.855030668744929057e-01,0.000000000000000000e+00,0.000000000000000000e+00,0.000000000000000000e+00,0.000000000000000000e+00,4.867291479393219822e-01,0.000000000000000000e+00,0.000000000000000000e+00,0.000000000000000000e+00,5.671510997451293390e-01,0.000000000000000000e+00,0.000000000000000000e+00,0.000000000000000000e+00,5.576774674649701558e-01,1.895566312354675098e-01,0.000000000000000000e+00,0.000000000000000000e+00,0.000000000000000000e+00
0.000000000000000000e+00,0.000000000000000000e+00,1.084974605659149022e-01,0.000000000000000000e+00,2.333750180654806106e-01,3.694774552676399759e-01,2.705494380815142152e-01,3.476472110083790867e-01,4.046803901759010169e-01,0.000000000000000000e+00,3.101704006752042941e-01,2.781573129614117179e-01,2.862656278055227821e-01,2.313118146018849075e-01,0.000000000000000000e+00,0.000000000000000000e+00,0.000000000000000000e+00,0.000000000000000000e+00,4.405347496010953989e-01,0.000000000000000000e+00,0.000000000000000000e+00,0.000000000000000000e+00,3.544830494917626251e-01,0.000000000000000000e+00,0.000000000000000000e+00,0.000000000000000000e+00,3.704871299571010912e-01,2.506186948747632925e-01,0.000000000000000000e+00,0.000000000000000000e+00,0.000000000000000000e+00,2.877340002721884837e-01,0.000000000000000000e+00,2.880717907208815154e-01,2.608959393631519741e-01,1.824889019874376128e-01,1.784258377650843053e-01,2.691269168137124801e-01,0.000000000000000000e+00,0.000000000000000000e+00,0.000000000000000000e+00,0.000000000000000000e+00,0.000000000000000000e+00,0.000000000000000000e+00,0.000000000000000000e+00,0.000000000000000000e+00,0.000000000000000000e+00,0.000000000000000000e+00,0.000000000000000000e+00,0.000000000000000000e+00,0.000000000000000000e+00,0.000000000000000000e+00,0.000000000000000000e+00,0.000000000000000000e+00,0.000000000000000000e+00,0.000000000000000000e+00,0.000000000000000000e+00,0.000000000000000000e+00,0.000000000000000000e+00,0.000000000000000000e+00,0.000000000000000000e+00,0.000000000000000000e+00,0.000000000000000000e+00,0.000000000000000000e+00,0.000000000000000000e+00,0.000000000000000000e+00,0.000000000000000000e+00,0.000000000000000000e+00,0.000000000000000000e+00,0.000000000000000000e+00,0.000000000000000000e+00,0.000000000000000000e+00,0.000000000000000000e+00,0.000000000000000000e+00,0.000000000000000000e+00,0.000000000000000000e+00
0.000000000000000000e+00,4.162694893873232771e-01,4.010434337174159092e-01,2.333750180654806106e-01,0.000000000000000000e+00,3.882609339755038191e-01,3.877514172604614728e-01,4.153111830803132842e-01,3.421617093695288880e-01,4.688580437214117103e-01,3.498155818439651066e-01,4.419257841244810803e-01,4.243611729235802210e-01,3.077674090286133812e-01,0.000000000000000000e+00,4.289588022810880141e-01,0.000000000000000000e+00,0.000000000000000000e+00,4.202212521395065070e-01,3.644713975153843766e-01,0.000000000000000000e+00,4.168286427546477046e-01,3.875876051298637881e-01,0.000000000000000000e+00,4.107401838414143080e-01,4.830034212111213865e-01,4.068866849210487913e-01,4.259562745981678167e-01,3.726395859240214103e-01,0.000000000000000000e+00,4.847216086942270907e-01,3.804026458040404846e-01,4.644400925209922204e-01,4.642791098589568177e-01,4.225408111663023214e-01,2.481390298735166033e-01,3.081176243573143236e-01,4.466985598840365057e-01,5.453570190830736575e-01,0.000000000000000000e+00,0.000000000000000000e+00,0.000000000000000000e+00,4.278706707483648231e-01,0.000000000000000000e+00,0.000000000000000000e+00,0.000000000000000000e+00,0.000000000000000000e+00,5.290941865099416663e-01,0.000000000000000000e+00,6.174485518178784993e-01,5.525163903222456430e-01,0.000000000000000000e+00,5.109271114075533138e-01,5.448358117593197214e-01,0.000000000000000000e+00,4.586536766214426852e-01,0.000000000000000000e+00,0.000000000000000000e+00,0.000000000000000000e+00,0.000000000000000000e+00,0.000000000000000000e+00,0.000000000000000000e+00,0.000000000000000000e+00,5.110973400243354892e-01,0.000000000000000000e+00,0.000000000000000000e+00,0.000000000000000000e+00,5.447373829869772699e-01,0.000000000000000000e+00,0.000000000000000000e+00,0.000000000000000000e+00,5.271185847433260685e-01,0.000000000000000000e+00,0.000000000000000000e+00,0.000000000000000000e+00,0.000000000000000000e+00
1.279640476161693075e-01,4.106716032177101239e-01,3.912530081780826730e-01,3.694774552676399759e-01,3.882609339755038191e-01,0.000000000000000000e+00,4.083917806555283914e-01,4.046273966142255873e-01,3.381689279589000230e-01,4.505430606421195194e-01,4.002534257215040747e-01,4.711497310128803795e-01,3.742489223544209764e-01,4.060585593702105145e-01,4.177882712492689832e-01,4.211351865940917150e-01,1.577053824631629020e-01,4.204853428998259757e-01,3.880744473088986735e-01,4.085086418414762832e-01,4.060913623206571788e-01,4.343080353452760112e-01,3.995145571327842760e-01,0.000000000000000000e+00,3.900580525497865936e-01,3.992827298878787179e-01,4.008859651485914277e-01,3.794392969439173147e-01,3.364338811967477749e-01,3.971070100664177982e-01,4.120286871148821084e-01,3.887628829264014874e-01,3.684451677006114201e-01,4.138141502131106875e-01,4.216670485788183154e-01,4.142840731906075047e-01,4.047641011609151018e-01,1.323406039125313016e-01,4.610274704268104151e-01,0.000000000000000000e+00,4.946474882607566070e-01,5.358380630624656193e-01,4.780698046041044202e-01,0.000000000000000000e+00,0.000000000000000000e+00,0.000000000000000000e+00,1.837371231652606962e-01,5.489958514722957927e-01,0.000000000000000000e+00,5.628678906439100738e-01,5.264699093784399597e-01,5.267414554635743151e-01,4.941182428959938755e-01,5.393651228157431143e-01,0.000000000000000000e+00,5.232843370821781415e-01,0.000000000000000000e+00,5.133731892697150911e-01,0.000000000000000000e+00,1.403968170182710029e-01,0.000000000000000000e+00,0.000000000000000000e+00,0.000000000000000000e+00,5.223671183546056973e-01,4.140217719657754980e-01,4.681482950964099277e-01,4.767940793274949018e-01,5.433307933858531058e-01,0.000000000000000000e+00,0.000000000000000000e+00,1.638433464803079054e-01,5.336501694737466606e-01,5.040635733981364552e-01,4.713572270025738753e-01,5.580910730183152868e-01,4.933815934575648265e-01
0.000000000000000000e+00,4.264776107631890190e-01,4.228882112841614860e-01,2.705494380815142152e-01,3.877514172604614728e-01,4.083917806555283914e-01,0.000000000000000000e+00,4.220576343357698157e-01,3.841266281205953925e-01,4.430488172661585788e-01,4.536748075857444107e-01,4.052156598937681764e-01,3.464541654222857980e-01,3.422357962747559768e-01,0.000000000000000000e+00,4.579412791914210801e-01,4.822340053655593262e-01,4.624799117721988262e-01,4.607354469185256929e-01,4.374485924067580966e-01,0.000000000000000000e+00,4.614425281934089740e-01,4.093277929523426173e-01,4.425001686501626730e-01,4.365391737939364192e-01,4.389874572217896120e-01,4.214255344369123857e-01,4.015418103495533853e-01,4.279156940580191026e-01,0.000000000000000000e+00,4.615403828344599169e-01,4.069309690904545085e-01,4.244354928068770905e-01,4.342521407226411778e-01,3.769204852509016046e-01,3.005876243498195044e-01,3.159611133100532210e-01,3.918326304128953996e-01,5.585826831973974560e-01,0.000000000000000000e+00,6.880289788830701303e-01,0.000000000000000000e+00,5.498730971586240912e-01,0.000000000000000000e+00,0.000000000000000000e+00,0.000000000000000000e+00,0.000000000000000000e+00,5.889239400744812336e-01,0.000000000000000000e+00,0.000000000000000000e+00,5.418200619529388584e-01,0.000000000000000000e+00,5.430811514893429948e-01,6.113794521252913228e-01,0.000000000000000000e+00,5.980713183627252016e-01,0.000000000000000000e+00,0.000000000000000000e+00,0.000000000000000000e+00,0.000000000000000000e+00,0.000000000000000000e+00,0.000000000000000000e+00,0.000000000000000000e+00,7.022404250835617701e-01,0.000000000000000000e+00,0.000000000000000000e+00,0.000000000000000000e+00,5.357748642996619237e-01,0.000000000000000000e+00,0.000000000000000000e+00,0.000000000000000000e+00,5.239651094990893654e-01,0.000000000000000000e+00,0.000000000000000000e+00,0.000000000000000000e+00,0.000000000000000000e+00
4.854258386426082983e-01,4.474329193729131848e-01,4.656867289077286087e-01,3.476472110083790867e-01,4.153111830803132842e-01,4.046273966142255873e-01,4.220576343357698157e-01,0.000000000000000000e+00,4.688172005085243232e-01,5.274388980321832454e-01,3.272773664532180882e-01,0.000000000000000000e+00,4.317897563422775087e-01,3.767891850682401067e-01,3.654714753309404873e-01,4.643306674594600003e-01,0.000000000000000000e+00,4.815577539542181262e-01,4.621054951482027051e-01,4.028404052012086178e-01,4.120430412865043746e-01,4.494591771313786732e-01,3.834228099762024833e-01,5.088109260869768669e-01,4.807503397010763901e-01,4.826335224629598186e-01,4.367265572137590812e-01,4.196818444580930896e-01,3.791614139018337215e-01,3.988523794503961994e-01,4.234150498445438116e-01,4.050823941655490867e-01,3.688045611372082755e-01,4.306055591363203150e-01,4.320809263078492779e-01,2.934754981551854214e-01,0.000000000000000000e+00,0.000000000000000000e+00,4.505414288052498883e-01,0.000000000000000000e+00,4.863196228445447744e-01,0.000000000000000000e+00,3.818373119923959003e-01,0.000000000000000000e+00,0.000000000000000000e+00,0.000000000000000000e+00,0.000000000000000000e+00,5.238285538271796327e-01,0.000000000000000000e+00,5.298004677932659501e-01,4.989452864496746187e-01,4.949964533546878931e-01,4.095348801116315829e-01,5.277928695093904166e-01,0.000000000000000000e+00,4.592650114098936198e-01,0.000000000000000000e+00,4.789206173193775729e-01,4.332791385523951933e-01,0.000000000000000000e+00,0.000000000000000000e+00,0.000000000000000000e+00,0.000000000000000000e+00,5.023859078357467700e-01,0.000000000000000000e+00,4.585528708238820195e-01,0.000000000000000000e+00,5.228635408850196287e-01,0.000000000000000000e+00,0.000000000000000000e+00,0.000000000000000000e+00,5.131457277059815469e-01,4.822453719007919193e-01,4.918672746950424890e-01,0.000000000000000000e+00,5.089273708858332856e-01
0.000000000000000000e+00,3.724630934112759806e-01,3.249412266049884201e-01,4.046803901759010169e-01,3.421617093695288880e-01,3.381689279589000230e-01,3.841266281205953925e-01,4.688172005085243232e-01,0.000000000000000000e+00,4.642342724428190071e-01,3.390231610802070805e-01,4.530572104761724228e-01,3.947641916792500871e-01,4.137103712541861933e-01,0.000000000000000000e+00,4.609046567427412255e-01,0.000000000000000000e+00,1.723180217420489102e-01,3.184619560514022063e-01,0.000000000000000000e+00,0.000000000000000000e+00,4.241686610742833041e-01,4.008496936090595875e-01,1.348241689002374066e-01,1.381552569281528919e-01,1.487972333815535952e-01,3.874751879697245771e-01,4.539397455661156044e-01,3.918809186143190071e-01,4.535088359920763090e-01,4.616873474275655087e-01,4.108178871626010920e-01,4.248517993755296929e-01,4.563686823866154874e-01,4.417875192126393125e-01,4.144575676758019966e-01,4.280876367822553097e-01,4.362747311565310926e-01,4.842567811264438249e-01,0.000000000000000000e+00,6.849972039271533530e-01,0.000000000000000000e+00,4.679238367546421085e-01,0.000000000000000000e+00,0.000000000000000000e+00,0.000000000000000000e+00,0.000000000000000000e+00,5.535094262814461707e-01,0.000000000000000000e+00,5.764950810095647027e-01,5.383083443504226295e-01,5.649145306385708887e-01,5.408978628832150637e-01,5.562559329570516686e-01,0.000000000000000000e+00,4.977063380958937078e-01,0.000000000000000000e+00,5.643149276340072573e-01,4.717335543581622215e-01,0.000000000000000000e+00,0.000000000000000000e+00,0.000000000000000000e+00,0.000000000000000000e+00,5.263957197125835874e-01,0.000000000000000000e+00,0.000000000000000000e+00,0.000000000000000000e+00,5.674464203950275731e-01,0.000000000000000000e+00,0.000000000000000000e+00,0.000000000000000000e+00,5.609308425065153703e-01,5.713207539272086022e-01,0.000000000000000000e+00,0.000000000000000000e+00,0.000000000000000000e+00
4.046881232701725062e-01,0.000000000000000000e+00,4.614172140279476086e-01,0.000000000000000000e+00,4.688580437214117103e-01,4.505430606421195194e-01,4.430488172661585788e-01,5.274388980321832454e-01,4.642342724428190071e-01,0.000000000000000000e+00,4.745155016609182153e-01,2.887374787294939016e-01,4.569025954538789014e-01,0.000000000000000000e+00,0.000000000000000000e+00,3.836169108344987255e-01,3.197381459079324806e-01,3.631799378437561843e-01,4.843659084313101104e-01,1.064357389920402991e-01,0.000000000000000000e+00,4.859790522820580105e-01,4.523624901038743040e-01,3.958908430020922076e-01,3.777444573922835724e-01,3.664944031351133891e-01,4.564954342492915096e-01,4.471018737842001878e-01,1.329312264403890997e-01,0.000000000000000000e+00,3.639861595524794269e-01,3.856863924889913919e-01,3.193340084829067727e-01,3.224651154126487729e-01,3.372397687638971076e-01,3.497849965781238968e-01,2.951701450982007757e-01,2.955155170961875077e-01,3.472674615943627807e-01,3.716024579799749872e-01,3.359361750327460872e-01,3.134179042765738998e-01,0.000000000000000000e+00,0.000000000000000000e+00,3.566968086827008166e-01,3.962429203810898803e-01,0.000000000000000000e+00,0.000000000000000000e+00,0.000000000000000000e+00,0.000000000000000000e+00,0.000000000000000000e+00,0.000000000000000000e+00,0.000000000000000000e+00,0.000000000000000000e+00,4.506127379064255867e-01,0.000000000000000000e+00,4.570141866064176828e-01,4.731606858910443747e-01,0.000000000000000000e+00,0.000000000000000000e+00,0.000000000000000000e+00,4.045983919126188155e-01,3.942809205308909770e-01,0.000000000000000000e+00,0.000000000000000000e+00,0.000000000000000000e+00,0.000000000000000000e+00,0.000000000000000000e+00,4.220099993859695031e-01,3.992231887786426014e-01,4.257547714341741729e-01,0.000000000000000000e+00,4.200468097604785900e-01,0.000000000000000000e+00,0.000000000000000000e+00,4.297529584574217854e-01
0.000000000000000000e+00,0.000000000000000000e+00,3.103588449181488018e-01,3.101704006752042941e-01,3.498155818439651066e-01,4.002534257215040747e-01,4.536748075857444107e-01,3.272773664532180882e-01,3.390231610802070805e-01,4.745155016609182153e-01,0.000000000000000000e+00,4.529469247720063763e-01,4.650254920246322254e-01,3.011978801166205755e-01,0.000000000000000000e+00,0.000000000000000000e+00,1.129603659847957936e-01,0.000000000000000000e+00,3.176923301485374829e-01,0.000000000000000000e+00,0.000000000000000000e+00,0.000000000000000000e+00,2.438700317114387006e-01,5.018855324319649869e-01,0.000000000000000000e+00,1.680492079956459883e-01,4.062733249487365250e-01,4.619146279583087877e-01,0.000000000000000000e+00,0.000000000000000000e+00,4.761593496075310905e-01,4.123296331396593128e-01,4.589001371767478799e-01,4.560034701130031842e-01,4.335728305440744168e-01,3.190895556674895883e-01,4.267875025430021840e-01,4.575042745768295727e-01,4.775149797394281914e-01,0.000000000000000000e+00,0.000000000000000000e+00,0.000000000000000000e+00,4.036096812624079821e-01,0.000000000000000000e+00,0.000000000000000000e+00,0.000000000000000000e+00,0.000000000000000000e+00,5.020657056610904334e-01,0.000000000000000000e+00,5.039882801277724145e-01,5.177936523648264400e-01,5.040273839933435696e-01,5.499848909292729404e-01,5.035307046999989433e-01,0.000000000000000000e+00,3.837032414343939934e-01,0.000000000000000000e+00,4.965726084262352957e-01,0.000000000000000000e+00,0.000000000000000000e+00,0.000000000000000000e+00,0.000000000000000000e+00,0.000000000000000000e+00,4.438918984746176855e-01,0.000000000000000000e+00,0.000000000000000000e+00,0.000000000000000000e+00,5.227436436981089951e-01,0.000000000000000000e+00,0.000000000000000000e+00,0.000000000000000000e+00,5.248059183576877507e-01,1.700380183479761886e-01,0.000000000000000000e+00,0.000000000000000000e+00,0.000000000000000000e+00
3.820939021131762869e-01,0.000000000000000000e+00,1.446661517501139915e-01,2.781573129614117179e-01,4.419257841244810803e-01,4.711497310128803795e-01,4.052156598937681764e-01,0.000000000000000000e+00,4.530572104761724228e-01,2.887374787294939016e-01,4.529469247720063763e-01,0.000000000000000000e+00,4.075831642751017725e-01,0.000000000000000000e+00,0.000000000000000000e+00,0.000000000000000000e+00,0.000000000000000000e+00,1.076615035360117961e-01,5.114638456094380281e-01,0.000000000000000000e+00,4.931492393624272164e-01,0.000000000000000000e+00,1.457153629566030062e-01,3.014259003245419177e-01,3.540589543453432908e-01,3.473271971661399116e-01,1.478126499661331916e-01,3.567429957780425265e-01,0.000000000000000000e+00,0.000000000000000000e+00,3.430485283822962139e-01,2.731560966311498140e-01,2.609096828456075046e-01,2.380638984094438082e-01,3.049145248001042807e-01,2.778310524100138790e-01,2.810731842999558139e-01,2.091968272074649915e-01,2.743902200403603997e-01,3.462681672659910226e-01,3.254018663983939130e-01,2.783689000785322110e-01,0.000000000000000000e+00,0.000000000000000000e+00,2.852720606697142780e-01,0.000000000000000000e+00,0.000000000000000000e+00,0.000000000000000000e+00,0.000000000000000000e+00,0.000000000000000000e+00,0.000000000000000000e+00,0.000000000000000000e+00,0.000000000000000000e+00,0.000000000000000000e+00,4.440855808878412803e-01,0.000000000000000000e+00,4.269642160104025752e-01,0.000000000000000000e+00,0.000000000000000000e+00,0.000000000000000000e+00,0.000000000000000000e+00,3.845436671283252728e-01,4.267316484914144836e-01,0.000000000000000000e+00,0.000000000000000000e+00,0.000000000000000000e+00,0.000000000000000000e+00,0.000000000000000000e+00,4.156173233674628209e-01,4.104606760125585896e-01,4.326550769882825942e-01,0.000000000000000000e+00,0.000000000000000000e+00,0.000000000000000000e+00,0.000000000000000000e+00,4.368523423202115841e-01
5.207551505192152819e-01,4.312150579671569783e-01,4.344965185314232925e-01,2.862656278055227821e-01,4.243611729235802210e-01,3.742489223544209764e-01,3.464541654222857980e-01,4.317897563422775087e-01,3.947641916792500871e-01,4.569025954538789014e-01,4.650254920246322254e-01,4.075831642751017725e-01,0.000000000000000000e+00,4.205105020662733839e-01,4.060196331259995906e-01,4.680521398659311938e-01,4.594284575999257880e-01,4.690399915176606815e-01,4.645438237130457004e-01,4.368807120822023049e-01,4.441884115171166880e-01,4.660062068264602120e-01,4.175605883004513963e-01,4.339009188275406159e-01,4.488983604358904866e-01,4.381722684329203976e-01,4.282407244642603139e-01,3.764191827165859761e-01,4.203170277683330736e-01,3.943436850333041921e-01,4.381439878893582107e-01,4.176184866786781247e-01,4.056366465049986991e-01,4.408803432930877841e-01,4.131486853396744152e-01,3.376014342477791086e-01,3.723446397677223074e-01,3.979613577907287203e-01,4.693223766465194902e-01,0.000000000000000000e+00,5.199648270831086494e-01,5.834616033202637553e-01,5.112205245867971204e-01,0.000000000000000000e+00,0.000000000000000000e+00,0.000000000000000000e+00,0.000000000000000000e+00,5.763008637302700077e-01,0.000000000000000000e+00,0.000000000000000000e+00,5.196808250717709354e-01,5.949484495599216549e-01,4.966658646702485913e-01,0.000000000000000000e+00,0.000000000000000000e+00,6.068535411808374525e-01,5.185429244349299971e-01,0.000000000000000000e+00,0.000000000000000000e+00,1.660466628282462886e-01,0.000000000000000000e+00,0.000000000000000000e+00,0.000000000000000000e+00,0.000000000000000000e+00,1.543003688465809098e-01,0.000000000000000000e+00,2.033799240140601039e-01,5.284385303329141026e-01,0.000000000000000000e+00,1.644983550037110998e-01,5.366598162533643412e-01,5.115670383893283768e-01,0.000000000000000000e+00,5.146418609139614686e-01,0.000000000000000000e+00,0.000000000000000000e+00
0.000000000000000000e+00,0.000000000000000000e+00,4.245194666893725155e-01,2.313118146018849075e-01,3.077674090286133812e-01,4.060585593702105145e-01,3.422357962747559768e-01,3.767891850682401067e-01,4.137103712541861933e-01,0.000000000000000000e+00,3.011978801166205755e-01,0.000000000000000000e+00,4.205105020662733839e-01,0.000000000000000000e+00,0.000000000000000000e+00,0.000000000000000000e+00,0.000000000000000000e+00,0.000000000000000000e+00,4.192340343676030923e-01,0.000000000000000000e+00,4.458294771123538780e-01,0.000000000000000000e+00,4.010980307838565850e-01,0.000000000000000000e+00,0.000000000000000000e+00,0.000000000000000000e+00,4.304987860699835966e-01,2.961845114755760067e-01,0.000000000000000000e+00,0.000000000000000000e+00,0.000000000000000000e+00,2.578164396349125753e-01,0.000000000000000000e+00,4.190618379757471978e-01,0.000000000000000000e+00,2.049682197000544936e-01,1.857424956680311101e-01,0.000000000000000000e+00,0.000000000000000000e+00,0.000000000000000000e+00,0.000000000000000000e+00,0.000000000000000000e+00,3.452422491659742909e-01,0.000000000000000000e+00,0.000000000000000000e+00,0.000000000000000000e+00,0.000000000000000000e+00,4.976087649783831890e-01,0.000000000000000000e+00,0.000000000000000000e+00,0.000000000000000000e+00,0.000000000000000000e+00,0.000000000000000000e+00,5.100245878750816475e-01,0.000000000000000000e+00,4.022406962768759198e-01,0.000000000000000000e+00,0.000000000000000000e+00,0.000000000000000000e+00,0.000000000000000000e+00,0.000000000000000000e+00,0.000000000000000000e+00,0.000000000000000000e+00,0.000000000000000000e+00,0.000000000000000000e+00,0.000000000000000000e+00,0.000000000000000000e+00,4.752601175594561855e-01,0.000000000000000000e+00,0.000000000000000000e+00,0.000000000000000000e+00,5.112079418787117691e-01,0.000000000000000000e+00,0.000000000000000000e+00,0.000000000000000000e+00,0.000000000000000000e+00
3.938437779165092079e-01,4.321000783630937758e-01,0.000000000000000000e+00,0.000000000000000000e+00,0.000000000000000000e+00,4.177882712492689832e-01,0.000000000000000000e+00,3.654714753309404873e-01,0.000000000000000000e+00,0.000000000000000000e+00,0.000000000000000000e+00,0.000000000000000000e+00,4.060196331259995906e-01,0.000000000000000000e+00,0.000000000000000000e+00,4.174899918760303086e-01,0.000000000000000000e+00,4.182279168828795801e-01,0.000000000000000000e+00,3.428567199779888885e-01,3.858592766809231800e-01,3.857104127514757730e-01,3.981954511745187109e-01,0.000000000000000000e+00,4.114957616798293749e-01,4.135629622279621831e-01,4.502486005099887723e-01,3.932763502058148064e-01,3.630788723177880151e-01,0.000000000000000000e+00,3.763305966729629248e-01,4.043146479359224776e-01,3.705021621859265757e-01,4.129932950380972856e-01,4.431543262987965859e-01,4.273427702708058051e-01,0.000000000000000000e+00,0.000000000000000000e+00,4.651846052727908187e-01,4.737903338012708909e-01,4.804554603811089786e-01,4.953356420069885968e-01,0.000000000000000000e+00,0.000000000000000000e+00,0.000000000000000000e+00,0.000000000000000000e+00,4.917245846381859131e-01,0.000000000000000000e+00,0.000000000000000000e+00,0.000000000000000000e+00,4.479262258183850931e-01,0.000000000000000000e+00,0.000000000000000000e+00,0.000000000000000000e+00,0.000000000000000000e+00,0.000000000000000000e+00,0.000000000000000000e+00,1.182723303665556003e-01,0.000000000000000000e+00,4.851434165735052928e-01,5.029676913376435188e-01,0.000000000000000000e+00,0.000000000000000000e+00,0.000000000000000000e+00,4.232690898154264914e-01,4.655389145606971812e-01,4.982493049337932134e-01,4.534155613901150739e-01,0.000000000000000000e+00,1.582739178132742119e-01,5.229233778430322221e-01,4.499573527362681902e-01,4.778781674138972146e-01,4.326722884877555186e-01,0.000000000000000000e+00,4.794891824368682776e-01
4.023742195522788112e-01,4.069825710403808805e-01,0.000000000000000000e+00,0.000000000000000000e+00,4.289588022810880141e-01,4.211351865940917150e-01,4.579412791914210801e-01,4.643306674594600003e-01,4.609046567427412255e-01,3.836169108344987255e-01,0.000000000000000000e+00,0.000000000000000000e+00,4.680521398659311938e-01,0.000000000000000000e+00,4.174899918760303086e-01,0.000000000000000000e+00,3.846206922030144248e-01,3.662488709531596109e-01,0.000000000000000000e+00,4.170809500325716179e-01,4.113879247941074069e-01,4.008181390797695975e-01,4.023807539161208258e-01,3.606663748726385843e-01,3.896117255149875169e-01,4.253798281297779815e-01,4.175712850796149955e-01,4.666595271679632728e-01,4.579867585596997803e-01,4.492116855980398116e-01,4.011148291486137940e-01,4.443550294755670982e-01,3.892741922323186277e-01,4.058620421890988261e-01,4.509198652502303117e-01,0.000000000000000000e+00,0.000000000000000000e+00,0.000000000000000000e+00,4.572491334040031941e-01,4.422205720258197137e-01,4.424004728683609833e-01,4.675790077558465985e-01,0.000000000000000000e+00,0.000000000000000000e+00,0.000000000000000000e+00,4.470931107995502196e-01,4.658689514411831212e-01,0.000000000000000000e+00,0.000000000000000000e+00,0.000000000000000000e+00,0.000000000000000000e+00,0.000000000000000000e+00,0.000000000000000000e+00,0.000000000000000000e+00,0.000000000000000000e+00,0.000000000000000000e+00,0.000000000000000000e+00,0.000000000000000000e+00,0.000000000000000000e+00,4.870909161985411129e-01,4.453562321667632884e-01,0.000000000000000000e+00,4.335182331463178218e-01,0.000000000000000000e+00,4.612627512862281787e-01,4.559189020897245759e-01,4.799620086228809090e-01,5.330166239842776266e-01,0.000000000000000000e+00,4.445555868466222194e-01,4.749666943182552781e-01,5.125647015499338321e-01,0.000000000000000000e+00,5.113917869433850516e-01,0.000000000000000000e+00,4.423248457514207810e-01
3.940910379517207907e-01,0.000000000000000000e+00,0.000000000000000000e+00,0.000000000000000000e+00,0.000000000000000000e+00,1.577053824631629020e-01,4.822340053655593262e-01,0.000000000000000000e+00,0.000000000000000000e+00,3.197381459079324806e-01,1.129603659847957936e-01,0.000000000000000000e+00,4.594284575999257880e-01,0.000000000000000000e+00,0.000000000000000000e+00,3.846206922030144248e-01,0.000000000000000000e+00,3.274138277341154257e-01,0.000000000000000000e+00,1.128976963617454032e-01,0.000000000000000000e+00,4.303253161601439114e-01,0.000000000000000000e+00,4.137968103791652141e-01,3.516373900655828111e-01,3.833988073924721740e-01,0.000000000000000000e+00,4.526306051730720204e-01,1.054474693937562935e-01,0.000000000000000000e+00,3.558653345138289015e-01,4.174615157435094814e-01,3.524670517847591222e-01,3.654495165021012792e-01,3.903174350100189760e-01,0.000000000000000000e+00,0.000000000000000000e+00,3.179564002886670071e-01,0.000000000000000000e+00,4.044931774518448764e-01,0.000000000000000000e+00,0.000000000000000000e+00,0.000000000000000000e+00,0.000000000000000000e+00,0.000000000000000000e+00,0.000000000000000000e+00,0.000000000000000000e+00,0.000000000000000000e+00,0.000000000000000000e+00,0.000000000000000000e+00,0.000000000000000000e+00,0.000000000000000000e+00,0.000000000000000000e+00,0.000000000000000000e+00,4.411478890414676224e-01,0.000000000000000000e+00,4.387871854358834089e-01,0.000000000000000000e+00,0.000000000000000000e+00,0.000000000000000000e+00,0.000000000000000000e+00,4.055036974329371269e-01,4.112524426358183938e-01,0.000000000000000000e+00,0.000000000000000000e+00,0.000000000000000000e+00,0.000000000000000000e+00,0.000000000000000000e+00,4.803106531757170838e-01,4.024554015016102992e-01,4.198202068860460989e-01,0.000000000000000000e+00,0.000000000000000000e+00,0.000000000000000000e+00,0.000000000000000000e+00,0.000000000000000000e+00
4.122432954361434088e-01,4.358931185486802917e-01,0.000000000000000000e+00,0.000000000000000000e+00,0.000000000000000000e+00,4.204853428998259757e-01,4.624799117721988262e-01,4.815577539542181262e-01,1.723180217420489102e-01,3.631799378437561843e-01,0.000000000000000000e+00,1.076615035360117961e-01,4.690399915176606815e-01,0.000000000000000000e+00,4.182279168828795801e-01,3.662488709531596109e-01,3.274138277341154257e-01,0.000000000000000000e+00,0.000000000000000000e+00,4.321188234572860831e-01,4.274957470599211051e-01,4.407147462623062228e-01,4.338275637208530155e-01,3.873037715990639840e-01,3.542015117401358104e-01,4.144656462645437967e-01,4.202441421595491944e-01,4.682698005255758189e-01,4.680341474306061733e-01,0.000000000000000000e+00,4.055867473310044158e-01,4.409790285697302026e-01,3.710533482641952818e-01,3.992589491893950848e-01,4.251593427393435265e-01,0.000000000000000000e+00,0.000000000000000000e+00,0.000000000000000000e+00,4.437862935403482090e-01,4.067030126975528792e-01,4.208522971650450195e-01,4.236659991855509788e-01,0.000000000000000000e+00,0.000000000000000000e+00,0.000000000000000000e+00,4.654771569261825226e-01,4.719857134933962972e-01,0.000000000000000000e+00,0.000000000000000000e+00,0.000000000000000000e+00,0.000000000000000000e+00,0.000000000000000000e+00,0.000000000000000000e+00,0.000000000000000000e+00,4.177668257649018169e-01,0.000000000000000000e+00,4.298891046595986198e-01,0.000000000000000000e+00,0.000000000000000000e+00,0.000000000000000000e+00,4.441073594735944763e-01,4.122394927804493014e-01,4.205691763846974851e-01,0.000000000000000000e+00,0.000000000000000000e+00,0.000000000000000000e+00,4.704072507513278878e-01,0.000000000000000000e+00,4.239800109628713010e-01,4.282879370304649158e-01,4.436235315686608005e-01,0.000000000000000000e+00,0.000000000000000000e+00,0.000000000000000000e+00,0.000000000000000000e+00,4.375208866757924753e-01
0.000000000000000000e+00,0.000000000000000000e+00,2.666419131099230788e-01,4.405347496010953989e-01,4.202212521395065070e-01,3.880744473088986735e-01,4.607354469185256929e-01,4.621054951482027051e-01,3.184619560514022063e-01,4.843659084313101104e-01,3.176923301485374829e-01,5.114638456094380281e-01,4.645438237130457004e-01,4.192340343676030923e-01,0.000000000000000000e+00,0.000000000000000000e+00,0.000000000000000000e+00,0.000000000000000000e+00,0.000000000000000000e+00,0.000000000000000000e+00,0.000000000000000000e+00,0.000000000000000000e+00,3.155063055984683729e-01,0.000000000000000000e+00,0.000000000000000000e+00,0.000000000000000000e+00,3.475376937557436152e-01,4.719443391568323154e-01,0.000000000000000000e+00,0.000000000000000000e+00,4.793013769303162142e-01,4.189358182976107847e-01,0.000000000000000000e+00,4.648515552018518959e-01,4.370862155214669253e-01,4.147826902878152810e-01,4.472882145136042875e-01,4.699544740629427730e-01,4.910955414566274824e-01,0.000000000000000000e+00,0.000000000000000000e+00,0.000000000000000000e+00,4.642650014747177201e-01,0.000000000000000000e+00,0.000000000000000000e+00,0.000000000000000000e+00,0.000000000000000000e+00,5.265891157182677196e-01,0.000000000000000000e+00,5.535862445574931678e-01,5.491440867399501879e-01,5.709423240537387922e-01,5.442671816469768498e-01,5.314054232681520995e-01,0.000000000000000000e+00,4.586396885003610757e-01,0.000000000000000000e+00,5.978736630082351899e-01,4.939804394492443018e-01,0.000000000000000000e+00,0.000000000000000000e+00,0.000000000000000000e+00,0.000000000000000000e+00,5.209401049223960634e-01,0.000000000000000000e+00,0.000000000000000000e+00,0.000000000000000000e+00,5.667664993205263624e-01,0.000000000000000000e+00,0.000000000000000000e+00,0.000000000000000000e+00,5.472858174445603963e-01,0.000000000000000000e+00,0.000000000000000000e+00,0.000000000000000000e+00,0.000000000000000000e+00
4.253236668818526911e-01,4.254144103584299730e-01,0.000000000000000000e+00,0.000000000000000000e+00,3.644713975153843766e-01,4.085086418414762832e-01,4.374485924067580966e-01,4.028404052012086178e-01,0.000000000000000000e+00,1.064357389920402991e-01,0.000000000000000000e+00,0.000000000000000000e+00,4.368807120822023049e-01,0.000000000000000000e+00,3.428567199779888885e-01,4.170809500325716179e-01,1.128976963617454032e-01,4.321188234572860831e-01,0.000000000000000000e+00,0.000000000000000000e+00,3.918416509999315123e-01,3.881352667293909153e-01,3.124591167301444261e-01,0.000000000000000000e+00,4.046088078667783861e-01,4.399523651914947764e-01,3.706756706129925028e-01,4.097011615257030170e-01,3.304875587149538885e-01,3.128795361667330854e-01,3.708710445652794729e-01,4.186087944480538781e-01,3.665733560793720258e-01,4.220582650215177756e-01,4.480262823865936994e-01,4.940197225567055095e-01,4.471910398982719137e-01,0.000000000000000000e+00,4.240605809556722838e-01,4.351050132950298743e-01,4.516529147749289153e-01,4.646196711674672741e-01,1.085571697441179012e-01,0.000000000000000000e+00,0.000000000000000000e+00,0.000000000000000000e+00,4.548382847537583151e-01,0.000000000000000000e+00,0.000000000000000000e+00,0.000000000000000000e+00,4.450599115648846138e-01,0.000000000000000000e+00,0.000000000000000000e+00,0.000000000000000000e+00,0.000000000000000000e+00,0.000000000000000000e+00,0.000000000000000000e+00,5.235063828635541094e-01,0.000000000000000000e+00,4.386201088536237913e-01,1.948112228092699905e-01,0.000000000000000000e+00,0.000000000000000000e+00,0.000000000000000000e+00,4.082184687167675907e-01,4.278828232839809176e-01,4.491812342397176194e-01,4.484404734226947187e-01,0.000000000000000000e+00,1.902737318307902992e-01,4.484967328052388846e-01,4.301387365068529145e-01,4.709002717867731835e-01,4.401216591212183116e-01,1.118076663368391954e-01,4.482635934193061056e-01
3.888217088893046181e-01,4.132363530784319838e-01,0.000000000000000000e+00,0.000000000000000000e+00,0.000000000000000000e+00,4.060913623206571788e-01,0.000000000000000000e+00,4.120430412865043746e-01,0.000000000000000000e+00,0.000000000000000000e+00,0.000000000000000000e+00,4.931492393624272164e-01,4.441884115171166880e-01,4.458294771123538780e-01,3.858592766809231800e-01,4.113879247941074069e-01,0.000000000000000000e+00,4.274957470599211051e-01,0.000000000000000000e+00,3.918416509999315123e-01,0.000000000000000000e+00,4.279516118385424117e-01,3.964867832804728764e-01,4.817500059369995147e-01,4.224651438405154225e-01,4.162785189149108001e-01,4.392202131445995250e-01,4.196283090115687786e-01,3.910568534082625725e-01,0.000000000000000000e+00,3.769123723200785148e-01,4.104736427057065207e-01,3.596307098454991080e-01,3.960026028899006900e-01,4.538739760369535081e-01,0.000000000000000000e+00,0.000000000000000000e+00,0.000000000000000000e+00,4.453599286709620242e-01,4.779197955684689192e-01,4.861176580691867755e-01,5.138497991985814251e-01,0.000000000000000000e+00,0.000000000000000000e+00,0.000000000000000000e+00,4.123316854239660878e-01,4.778087684289353820e-01,0.000000000000000000e+00,0.000000000000000000e+00,0.000000000000000000e+00,4.408828447841103837e-01,0.000000000000000000e+00,4.443768441968055094e-01,0.000000000000000000e+00,0.000000000000000000e+00,0.000000000000000000e+00,0.000000000000000000e+00,5.251229843811165976e-01,0.000000000000000000e+00,4.838138372680592103e-01,4.715619245429383266e-01,0.000000000000000000e+00,0.000000000000000000e+00,0.000000000000000000e+00,4.220867294824572902e-01,3.668319424389100969e-01,4.915555450188568987e-01,4.774482569921889019e-01,0.000000000000000000e+00,4.982180738625973104e-01,5.070555000582516181e-01,4.702744955577357056e-01,4.999508812268880775e-01,4.552869044963717138e-01,0.000000000000000000e+00,4.926759689747117199e-01
