0.000000000000000000e+00,4.074065665990436735e-01,0.000000000000000000e+00,0.000000000000000000e+00,0.000000000000000000e+00,4.204150714982833881e-01,0.000000000000000000e+00,5.113352755946694028e-01,0.000000000000000000e+00,4.184510253306147898e-01,0.000000000000000000e+00,4.086012701830522009e-01,4.887767509953632183e-01,0.000000000000000000e+00,3.825497463236698925e-01,4.267922349471462984e-01,3.852501992839312273e-01,4.184868936784129079e-01,0.000000000000000000e+00,4.340362261887230066e-01,4.214774127058730779e-01,3.977692349026610841e-01,4.689771821922615880e-01,3.942638116817597793e-01,4.005849140546736131e-01,4.002911575937181943e-01,4.592985120510404973e-01,4.281401223915933807e-01,0.000000000000000000e+00,0.000000000000000000e+00,4.054286922550969230e-01,4.179939996432256999e-01,3.811902953692761775e-01,3.834630248279555231e-01,4.064648771514469128e-01,0.000000000000000000e+00,0.000000000000000000e+00,4.813494274119992089e-01,4.482359843876274064e-01,4.264404268451588154e-01,4.577953714389221829e-01,0.000000000000000000e+00,0.000000000000000000e+00,0.000000000000000000e+00,0.000000000000000000e+00,4.143028698264271115e-01,4.764118162931533784e-01,0.000000000000000000e+00,0.000000000000000000e+00,0.000000000000000000e+00,0.000000000000000000e+00,0.000000000000000000e+00,0.000000000000000000e+00,0.000000000000000000e+00,5.397649310218055607e-01,0.000000000000000000e+00,0.000000000000000000e+00,0.000000000000000000e+00,0.000000000000000000e+00,0.000000000000000000e+00,4.454794729616600724e-01,0.000000000000000000e+00,4.424442869313446880e-01,0.000000000000000000e+00,0.000000000000000000e+00,3.866560039766783197e-01,4.604806693352574976e-01,0.000000000000000000e+00,3.647364438730186231e-01,4.482228323202858133e-01,4.637509264009417875e-01,0.000000000000000000e+00,0.000000000000000000e+00,0.000000000000000000e+00,0.000000000000000000e+00,5.033358008494185354e-01
4.074065665990436735e-01,0.000000000000000000e+00,0.000000000000000000e+00,0.000000000000000000e+00,4.646692211769454239e-01,4.348145235305682088e-01,4.752744898758133885e-01,4.662220206282423063e-01,4.394480500983961035e-01,0.000000000000000000e+00,0.000000000000000000e+00,0.000000000000000000e+00,4.720609522965864002e-01,0.000000000000000000e+00,4.181588979278180740e-01,4.104258091616291848e-01,0.000000000000000000e+00,3.996453406361988869e-01,0.000000000000000000e+00,4.281589957668843205e-01,4.002193499552181843e-01,4.010033540843849775e-01,4.370432545929597845e-01,0.000000000000000000e+00,3.734224268938414748e-01,3.930837626969062026e-01,4.357547754254241790e-01,4.556665627479314917e-01,4.332484131850538045e-01,0.000000000000000000e+00,3.885257325927837235e-01,4.022976205889292056e-01,3.606664078721659727e-01,3.947132821368660727e-01,4.203703034982930187e-01,0.000000000000000000e+00,0.000000000000000000e+00,0.000000000000000000e+00,4.663059817155879028e-01,4.680282846319371859e-01,4.704988590324947761e-01,4.763712716707598216e-01,0.000000000000000000e+00,0.000000000000000000e+00,0.000000000000000000e+00,4.438063875811849024e-01,4.832473738431894983e-01,0.000000000000000000e+00,0.000000000000000000e+00,0.000000000000000000e+00,4.841409683207110737e-01,0.000000000000000000e+00,0.000000000000000000e+00,0.000000000000000000e+00,0.000000000000000000e+00,0.000000000000000000e+00,0.000000000000000000e+00,0.000000000000000000e+00,0.000000000000000000e+00,4.763462356584914903e-01,4.556351000597436141e-01,0.000000000000000000e+00,4.292748523696697793e-01,0.000000000000000000e+00,4.526090181488193198e-01,4.648845703928133899e-01,4.738863638105811904e-01,5.130647850580850600e-01,0.000000000000000000e+00,4.439605228262957226e-01,4.848336155595017183e-01,4.758381512217523812e-01,0.000000000000000000e+00,4.654832914835587143e-01,0.000000000000000000e+00,0.000000000000000000e+00
0.000000000000000000e+00,0.000000000000000000e+00,0.000000000000000000e+00,4.634985883094713266e-01,3.837561962871338106e-01,4.142777222703474815e-01,4.585249390748313836e-01,4.325489490162001127e-01,2.843607006013242899e-01,1.366818454632532931e-01,2.784964191397025779e-01,1.446661517501139915e-01,4.720287337318099241e-01,3.639889079262446092e-01,0.000000000000000000e+00,0.000000000000000000e+00,0.000000000000000000e+00,0.000000000000000000e+00,2.292437215422196972e-01,0.000000000000000000e+00,0.000000000000000000e+00,0.000000000000000000e+00,2.989477493265583763e-01,0.000000000000000000e+00,0.000000000000000000e+00,0.000000000000000000e+00,3.295786183660430191e-01,4.707324822022957989e-01,0.000000000000000000e+00,0.000000000000000000e+00,4.859744689218056801e-01,4.413106018597017233e-01,0.000000000000000000e+00,4.757906144617680133e-01,0.000000000000000000e+00,3.936292636661101185e-01,4.702762519105023187e-01,0.000000000000000000e+00,4.852436151314484247e-01,0.000000000000000000e+00,1.357753081291697972e-01,0.000000000000000000e+00,4.333296886346494903e-01,0.000000000000000000e+00,0.000000000000000000e+00,0.000000000000000000e+00,0.000000000000000000e+00,4.866075242244898846e-01,0.000000000000000000e+00,1.561042921034735964e-01,5.246750135243516411e-01,1.812099264912565011e-01,5.414654924132369374e-01,5.084688283270113462e-01,0.000000000000000000e+00,3.905856682732474772e-01,0.000000000000000000e+00,1.620068532629561908e-01,4.838453805958837783e-01,0.000000000000000000e+00,0.000000000000000000e+00,0.000000000000000000e+00,0.000000000000000000e+00,2.803726000620975767e-01,0.000000000000000000e+00,0.000000000000000000e+00,0.000000000000000000e+00,5.334622037221944391e-01,0.000000000000000000e+00,0.000000000000000000e+00,0.000000000000000000e+00,5.308204866353842810e-01,1.895566312354675098e-01,0.000000000000000000e+00,0.000000000000000000e+00,0.000000000000000000e+00
0.000000000000000000e+00,0.000000000000000000e+00,4.634985883094713266e-01,0.000000000000000000e+00,2.988968579931531866e-01,4.424185390572553112e-01,3.142791739360116243e-01,3.778802790168551140e-01,4.261571940985602880e-01,0.000000000000000000e+00,3.523926255201847990e-01,0.000000000000000000e+00,3.354941046936616988e-01,2.805753852394666237e-01,0.000000000000000000e+00,0.000000000000000000e+00,0.000000000000000000e+00,0.000000000000000000e+00,4.375899017017350068e-01,0.000000000000000000e+00,0.000000000000000000e+00,0.000000000000000000e+00,3.965654230072053754e-01,0.000000000000000000e+00,0.000000000000000000e+00,0.000000000000000000e+00,4.663567028969028971e-01,2.491066636443524107e-01,0.000000000000000000e+00,0.000000000000000000e+00,4.392123520025568162e-01,2.963739538365898762e-01,0.000000000000000000e+00,2.636066189376862767e-01,2.688731535432545838e-01,2.229112654030296903e-01,2.007403994265044012e-01,0.000000000000000000e+00,0.000000000000000000e+00,0.000000000000000000e+00,0.000000000000000000e+00,0.000000000000000000e+00,0.000000000000000000e+00,0.000000000000000000e+00,0.000000000000000000e+00,0.000000000000000000e+00,0.000000000000000000e+00,0.000000000000000000e+00,0.000000000000000000e+00,0.000000000000000000e+00,0.000000000000000000e+00,0.000000000000000000e+00,0.000000000000000000e+00,0.000000000000000000e+00,0.000000000000000000e+00,0.000000000000000000e+00,0.000000000000000000e+00,0.000000000000000000e+00,0.000000000000000000e+00,0.000000000000000000e+00,0.000000000000000000e+00,0.000000000000000000e+00,0.000000000000000000e+00,0.000000000000000000e+00,0.000000000000000000e+00,0.000000000000000000e+00,0.000000000000000000e+00,0.000000000000000000e+00,0.000000000000000000e+00,0.000000000000000000e+00,0.000000000000000000e+00,0.000000000000000000e+00,0.000000000000000000e+00,0.000000000000000000e+00,0.000000000000000000e+00,0.000000000000000000e+00
0.000000000000000000e+00,4.646692211769454239e-01,3.837561962871338106e-01,2.988968579931531866e-01,0.000000000000000000e+00,3.831872105697283204e-01,3.554120628340690091e-01,3.664973579738131093e-01,3.526901555322818904e-01,4.457398206014416275e-01,3.251335474983567120e-01,1.089202348788521069e-01,4.016789646663849189e-01,3.294167588519282264e-01,0.000000000000000000e+00,5.515139161791596800e-01,0.000000000000000000e+00,0.000000000000000000e+00,3.711891408995756092e-01,4.242671605144133218e-01,0.000000000000000000e+00,4.518991670788302106e-01,4.148138094430405265e-01,0.000000000000000000e+00,1.026512181678926050e-01,0.000000000000000000e+00,3.957608911039035005e-01,4.065340131566347881e-01,4.796328161956238123e-01,0.000000000000000000e+00,4.638961098716072873e-01,4.233427474898732723e-01,0.000000000000000000e+00,4.478620974806791222e-01,4.406110678545295256e-01,2.541059994430123758e-01,2.475081302412653061e-01,0.000000000000000000e+00,1.449016219380533932e-01,0.000000000000000000e+00,0.000000000000000000e+00,0.000000000000000000e+00,0.000000000000000000e+00,0.000000000000000000e+00,0.000000000000000000e+00,0.000000000000000000e+00,0.000000000000000000e+00,1.391587810617312959e-01,0.000000000000000000e+00,1.196853085045865017e-01,1.413995716886319864e-01,0.000000000000000000e+00,0.000000000000000000e+00,1.473916997482105085e-01,0.000000000000000000e+00,0.000000000000000000e+00,0.000000000000000000e+00,0.000000000000000000e+00,0.000000000000000000e+00,0.000000000000000000e+00,0.000000000000000000e+00,0.000000000000000000e+00,0.000000000000000000e+00,0.000000000000000000e+00,0.000000000000000000e+00,0.000000000000000000e+00,0.000000000000000000e+00,5.282650319875030753e-01,0.000000000000000000e+00,0.000000000000000000e+00,0.000000000000000000e+00,1.505447041079442938e-01,0.000000000000000000e+00,0.000000000000000000e+00,0.000000000000000000e+00,0.000000000000000000e+00
4.204150714982833881e-01,4.348145235305682088e-01,4.142777222703474815e-01,4.424185390572553112e-01,3.831872105697283204e-01,0.000000000000000000e+00,4.380661627326902230e-01,4.525746407058380272e-01,3.434023097749768216e-01,4.435800656759720795e-01,3.613383958282728736e-01,1.587953379915570951e-01,4.155261839526294132e-01,4.185741941456240234e-01,4.318520078064388978e-01,4.386035404571406726e-01,1.577053824631629020e-01,4.304422309424230098e-01,3.896011778762096811e-01,4.321444938207754105e-01,4.321825570207477041e-01,4.464900809409115823e-01,4.168134418520917928e-01,0.000000000000000000e+00,4.149261864427941093e-01,4.447108756078044234e-01,3.836369566451515167e-01,3.847540753284369175e-01,3.651805580550926966e-01,4.399248312921418824e-01,4.528451874382002917e-01,4.350436930404986136e-01,4.296483087216790842e-01,4.650832022799971099e-01,4.657535079639982811e-01,4.373631465758647807e-01,4.479274633209228140e-01,1.323406039125313016e-01,4.778927101459568005e-01,0.000000000000000000e+00,5.061456500617352861e-01,1.337139184359505129e-01,1.280654934576379023e-01,0.000000000000000000e+00,0.000000000000000000e+00,0.000000000000000000e+00,1.837371231652606962e-01,5.040258448356977894e-01,0.000000000000000000e+00,1.789824702647367927e-01,5.135301529742212212e-01,1.609304765758212130e-01,4.970177257990238129e-01,4.962400687063783233e-01,0.000000000000000000e+00,1.476943059108785927e-01,0.000000000000000000e+00,1.484696775023764126e-01,0.000000000000000000e+00,5.032537796962333054e-01,0.000000000000000000e+00,0.000000000000000000e+00,0.000000000000000000e+00,0.000000000000000000e+00,5.019445030100850857e-01,0.000000000000000000e+00,4.942498863433337219e-01,5.237983820971594540e-01,0.000000000000000000e+00,0.000000000000000000e+00,5.216425838389452396e-01,5.162586056363285270e-01,4.911389362676346071e-01,0.000000000000000000e+00,1.011516926898475971e-01,5.171731434126717319e-01
0.000000000000000000e+00,4.752744898758133885e-01,4.585249390748313836e-01,3.142791739360116243e-01,3.554120628340690091e-01,4.380661627326902230e-01,0.000000000000000000e+00,4.840516104308134060e-01,4.116445735306106801e-01,4.200854111349303088e-01,4.449780993187886780e-01,4.408677946273074078e-01,3.853614992708470077e-01,3.563166554467028235e-01,0.000000000000000000e+00,4.827308965561696863e-01,4.889830513442973148e-01,4.584696775240251210e-01,4.524927953587496998e-01,4.759953948810152768e-01,0.000000000000000000e+00,4.997492836081405820e-01,4.676441397416877810e-01,0.000000000000000000e+00,4.419787267182688772e-01,4.639160909810555178e-01,4.595135731444907057e-01,3.672233806760690777e-01,4.650584897422099795e-01,0.000000000000000000e+00,4.464605907508389926e-01,3.948871866411097220e-01,4.228501961557015743e-01,4.066869322230061146e-01,4.702905401064432223e-01,3.002305311984415082e-01,2.864168355720330128e-01,0.000000000000000000e+00,1.841832463700056044e-01,0.000000000000000000e+00,1.637731516271186127e-01,0.000000000000000000e+00,1.211191185914881063e-01,0.000000000000000000e+00,0.000000000000000000e+00,0.000000000000000000e+00,0.000000000000000000e+00,1.874961326348812130e-01,0.000000000000000000e+00,0.000000000000000000e+00,1.612945990765811966e-01,0.000000000000000000e+00,5.531016652806560741e-01,1.754326870027249075e-01,0.000000000000000000e+00,1.484293345485989957e-01,0.000000000000000000e+00,0.000000000000000000e+00,0.000000000000000000e+00,0.000000000000000000e+00,0.000000000000000000e+00,0.000000000000000000e+00,0.000000000000000000e+00,1.420735728466518133e-01,0.000000000000000000e+00,0.000000000000000000e+00,0.000000000000000000e+00,5.141607740235539792e-01,0.000000000000000000e+00,0.000000000000000000e+00,0.000000000000000000e+00,1.380700371165367868e-01,0.000000000000000000e+00,0.000000000000000000e+00,0.000000000000000000e+00,0.000000000000000000e+00
5.113352755946694028e-01,4.662220206282423063e-01,4.325489490162001127e-01,3.778802790168551140e-01,3.664973579738131093e-01,4.525746407058380272e-01,4.840516104308134060e-01,0.000000000000000000e+00,4.919779373440372749e-01,0.000000000000000000e+00,2.704009173779887143e-01,0.000000000000000000e+00,4.767589153069181074e-01,3.322684861293360159e-01,3.488952718386523211e-01,5.020136440477451778e-01,0.000000000000000000e+00,4.726985637783231997e-01,4.077999757667762903e-01,4.292081203460035854e-01,4.138166611770909831e-01,4.758112523335555899e-01,3.676937313090489767e-01,5.252061563663866783e-01,4.806294858217491917e-01,4.992453607951652939e-01,4.636095972700485790e-01,4.669641027418486856e-01,4.357574749166527872e-01,4.525934409467998742e-01,4.768266055393944880e-01,4.014571369400470879e-01,4.670111639651676749e-01,4.859930590898631220e-01,4.870383242477583918e-01,2.474180708317491040e-01,3.201399626795922160e-01,0.000000000000000000e+00,4.516508355055366963e-01,0.000000000000000000e+00,5.407042899230560806e-01,0.000000000000000000e+00,3.497725176135271230e-01,0.000000000000000000e+00,0.000000000000000000e+00,0.000000000000000000e+00,0.000000000000000000e+00,4.919533757016066877e-01,0.000000000000000000e+00,0.000000000000000000e+00,5.118319751490176817e-01,5.016893909586758182e-01,3.651932811401176204e-01,5.035305356441137636e-01,0.000000000000000000e+00,4.333889631283672772e-01,0.000000000000000000e+00,4.982172786822265942e-01,3.810996030155073266e-01,4.584118035062786922e-01,0.000000000000000000e+00,0.000000000000000000e+00,0.000000000000000000e+00,5.083165310411135174e-01,4.723812251654058159e-01,4.985819907569338794e-01,0.000000000000000000e+00,4.903798898668152995e-01,0.000000000000000000e+00,0.000000000000000000e+00,0.000000000000000000e+00,5.193603739665942909e-01,4.913928546855214075e-01,0.000000000000000000e+00,0.000000000000000000e+00,5.175582804190598241e-01
0.000000000000000000e+00,4.394480500983961035e-01,2.843607006013242899e-01,4.261571940985602880e-01,3.526901555322818904e-01,3.434023097749768216e-01,4.116445735306106801e-01,4.919779373440372749e-01,0.000000000000000000e+00,4.643901518870643952e-01,3.177946130532743885e-01,4.894823045465340194e-01,4.112248495553462724e-01,3.971642231906896137e-01,0.000000000000000000e+00,4.916358279966142053e-01,0.000000000000000000e+00,1.723180217420489102e-01,2.763281456460163765e-01,4.393095497153824969e-01,0.000000000000000000e+00,4.610967325653348992e-01,4.258365530193947146e-01,1.348241689002374066e-01,4.859287065411289075e-01,4.874016920377193252e-01,3.825102876681940045e-01,4.640288288369684988e-01,4.357808204445383082e-01,5.147820213685794233e-01,4.818655209911097970e-01,4.389705260697898126e-01,4.590272932276296958e-01,4.716412142950536235e-01,4.636873318071099148e-01,4.326190377648080898e-01,4.365307864660357140e-01,4.461702823376674787e-01,1.371550272575474128e-01,0.000000000000000000e+00,1.944270713845958065e-01,0.000000000000000000e+00,4.942650395481744119e-01,0.000000000000000000e+00,0.000000000000000000e+00,0.000000000000000000e+00,0.000000000000000000e+00,5.562716429113604422e-01,0.000000000000000000e+00,1.678821275704424076e-01,5.351441540360378779e-01,1.944052841542409094e-01,5.542981451577011498e-01,5.191509263094385984e-01,0.000000000000000000e+00,4.992440311931117258e-01,0.000000000000000000e+00,1.922170983634403085e-01,5.491215154729474079e-01,0.000000000000000000e+00,0.000000000000000000e+00,0.000000000000000000e+00,0.000000000000000000e+00,0.000000000000000000e+00,0.000000000000000000e+00,0.000000000000000000e+00,0.000000000000000000e+00,5.609652382489834777e-01,0.000000000000000000e+00,0.000000000000000000e+00,0.000000000000000000e+00,5.352479591692955729e-01,5.144119579522699048e-01,0.000000000000000000e+00,0.000000000000000000e+00,0.000000000000000000e+00
4.184510253306147898e-01,0.000000000000000000e+00,1.366818454632532931e-01,0.000000000000000000e+00,4.457398206014416275e-01,4.435800656759720795e-01,4.200854111349303088e-01,0.000000000000000000e+00,4.643901518870643952e-01,0.000000000000000000e+00,4.612219375884142880e-01,2.932003970469018173e-01,4.182077860264479807e-01,0.000000000000000000e+00,0.000000000000000000e+00,4.144406244914808912e-01,3.471786860068321046e-01,3.691409420556123755e-01,4.845401178666201014e-01,1.064357389920402991e-01,0.000000000000000000e+00,1.131478320326588932e-01,1.288294204396276954e-01,3.296882595610142741e-01,3.696031317030231134e-01,3.779170995893801899e-01,1.363035759766620947e-01,4.111448940317173895e-01,1.329312264403890997e-01,0.000000000000000000e+00,3.521158201541190746e-01,3.358837443683462820e-01,3.652546502526450856e-01,3.551667418705375945e-01,3.196645804491756171e-01,3.955165331903586767e-01,2.741800349672446901e-01,2.965647844950716205e-01,3.542404379804472980e-01,3.566916843056733843e-01,3.751548814087626860e-01,2.932357589774196027e-01,0.000000000000000000e+00,0.000000000000000000e+00,3.288535555749548256e-01,4.645159512780359101e-01,0.000000000000000000e+00,0.000000000000000000e+00,0.000000000000000000e+00,0.000000000000000000e+00,0.000000000000000000e+00,0.000000000000000000e+00,0.000000000000000000e+00,0.000000000000000000e+00,4.345639913343158911e-01,0.000000000000000000e+00,4.321743130737716876e-01,4.249626818366746828e-01,0.000000000000000000e+00,0.000000000000000000e+00,0.000000000000000000e+00,4.323896919380844084e-01,4.334718675598066007e-01,0.000000000000000000e+00,0.000000000000000000e+00,0.000000000000000000e+00,0.000000000000000000e+00,0.000000000000000000e+00,4.271392640236112981e-01,4.473003192450433207e-01,4.575743890946886161e-01,0.000000000000000000e+00,4.111987505835115742e-01,0.000000000000000000e+00,0.000000000000000000e+00,4.308574676460016906e-01
0.000000000000000000e+00,0.000000000000000000e+00,2.784964191397025779e-01,3.523926255201847990e-01,3.251335474983567120e-01,3.613383958282728736e-01,4.449780993187886780e-01,2.704009173779887143e-01,3.177946130532743885e-01,4.612219375884142880e-01,0.000000000000000000e+00,1.231636627429836955e-01,4.510081376219385874e-01,2.914690812971779121e-01,0.000000000000000000e+00,0.000000000000000000e+00,1.129603659847957936e-01,0.000000000000000000e+00,2.671116330457384835e-01,0.000000000000000000e+00,0.000000000000000000e+00,0.000000000000000000e+00,2.481610470846009886e-01,0.000000000000000000e+00,0.000000000000000000e+00,1.680492079956459883e-01,3.942201858364625111e-01,4.486079936774129973e-01,0.000000000000000000e+00,0.000000000000000000e+00,4.595006319082651780e-01,3.736378734087352216e-01,0.000000000000000000e+00,4.421749445253300159e-01,4.405216022613112070e-01,2.720674512203606898e-01,4.193729980201633123e-01,4.749526961812006731e-01,4.350727610773820198e-01,0.000000000000000000e+00,0.000000000000000000e+00,0.000000000000000000e+00,3.604278194365587162e-01,0.000000000000000000e+00,0.000000000000000000e+00,0.000000000000000000e+00,0.000000000000000000e+00,4.116751133250611261e-01,0.000000000000000000e+00,1.096474142337539037e-01,4.832515912044287876e-01,1.325156429244102874e-01,4.034439016158016256e-01,4.314986382712862056e-01,0.000000000000000000e+00,2.413351282097982997e-01,0.000000000000000000e+00,1.411573169783089110e-01,3.568308851315767916e-01,0.000000000000000000e+00,0.000000000000000000e+00,0.000000000000000000e+00,0.000000000000000000e+00,3.041026944127360743e-01,0.000000000000000000e+00,0.000000000000000000e+00,0.000000000000000000e+00,4.728025712483456822e-01,0.000000000000000000e+00,0.000000000000000000e+00,0.000000000000000000e+00,4.748175527322889833e-01,1.700380183479761886e-01,0.000000000000000000e+00,0.000000000000000000e+00,0.000000000000000000e+00
4.086012701830522009e-01,0.000000000000000000e+00,1.446661517501139915e-01,0.000000000000000000e+00,1.089202348788521069e-01,1.587953379915570951e-01,4.408677946273074078e-01,0.000000000000000000e+00,4.894823045465340194e-01,2.932003970469018173e-01,1.231636627429836955e-01,0.000000000000000000e+00,4.067676330543150143e-01,0.000000000000000000e+00,0.000000000000000000e+00,0.000000000000000000e+00,4.075087408511648968e-01,1.076615035360117961e-01,1.541655912504223125e-01,0.000000000000000000e+00,5.273379940990556847e-01,0.000000000000000000e+00,1.457153629566030062e-01,2.984438603664161249e-01,3.917630559981442051e-01,3.276910657577774000e-01,1.478126499661331916e-01,3.807763504956335199e-01,0.000000000000000000e+00,0.000000000000000000e+00,3.421702316782636033e-01,2.390117614961334014e-01,3.081437714144698026e-01,2.724011101326108131e-01,2.939057696271428766e-01,3.360638574291660019e-01,2.982379183959897873e-01,2.427792750494333074e-01,4.233855717794172135e-01,3.524111603602186893e-01,3.619218469619412959e-01,0.000000000000000000e+00,0.000000000000000000e+00,0.000000000000000000e+00,3.368272613353722744e-01,0.000000000000000000e+00,0.000000000000000000e+00,0.000000000000000000e+00,0.000000000000000000e+00,0.000000000000000000e+00,0.000000000000000000e+00,0.000000000000000000e+00,0.000000000000000000e+00,0.000000000000000000e+00,4.332756374453223813e-01,0.000000000000000000e+00,4.272248080630186018e-01,4.704578473260310201e-01,0.000000000000000000e+00,0.000000000000000000e+00,0.000000000000000000e+00,4.686249031286238154e-01,4.316814325140327924e-01,0.000000000000000000e+00,0.000000000000000000e+00,0.000000000000000000e+00,0.000000000000000000e+00,0.000000000000000000e+00,4.206420021224300809e-01,4.423857809553933818e-01,4.562583788236779792e-01,0.000000000000000000e+00,4.427898979457230988e-01,0.000000000000000000e+00,0.000000000000000000e+00,4.305320365215903888e-01
4.887767509953632183e-01,4.720609522965864002e-01,4.720287337318099241e-01,3.354941046936616988e-01,4.016789646663849189e-01,4.155261839526294132e-01,3.853614992708470077e-01,4.767589153069181074e-01,4.112248495553462724e-01,4.182077860264479807e-01,4.510081376219385874e-01,4.067676330543150143e-01,0.000000000000000000e+00,4.014730805888647724e-01,4.145812802724979096e-01,4.896984240627598184e-01,4.536204013851304895e-01,4.643448692245139009e-01,4.576580103980357750e-01,4.643988440277018181e-01,4.751975694148530271e-01,4.918924755837604246e-01,4.716601942269523229e-01,4.190979232187820869e-01,4.480830450161344958e-01,4.622783936722448250e-01,4.681384174223944261e-01,3.685468029091508724e-01,4.461421816351676117e-01,4.343536705564075007e-01,4.191573376610155943e-01,3.949297965395834886e-01,3.957033342025482181e-01,4.047332392156166025e-01,4.356669787708911112e-01,3.426762864878584169e-01,2.826953398391504058e-01,3.811379031180577859e-01,1.158783563194964034e-01,0.000000000000000000e+00,1.616459001673085927e-01,1.298068953631462130e-01,1.302533182002741097e-01,0.000000000000000000e+00,0.000000000000000000e+00,0.000000000000000000e+00,0.000000000000000000e+00,1.844890917420914100e-01,0.000000000000000000e+00,0.000000000000000000e+00,5.238123154944820392e-01,2.127971987323727110e-01,5.115344464564756111e-01,0.000000000000000000e+00,0.000000000000000000e+00,1.451333181512788895e-01,0.000000000000000000e+00,0.000000000000000000e+00,0.000000000000000000e+00,1.660466628282462886e-01,0.000000000000000000e+00,0.000000000000000000e+00,0.000000000000000000e+00,0.000000000000000000e+00,1.543003688465809098e-01,0.000000000000000000e+00,2.033799240140601039e-01,5.259197750084980694e-01,0.000000000000000000e+00,1.644983550037110998e-01,1.881866019945158952e-01,5.259707799468796852e-01,0.000000000000000000e+00,1.527447692022222137e-01,0.000000000000000000e+00,0.000000000000000000e+00
0.000000000000000000e+00,0.000000000000000000e+00,3.639889079262446092e-01,2.805753852394666237e-01,3.294167588519282264e-01,4.185741941456240234e-01,3.563166554467028235e-01,3.322684861293360159e-01,3.971642231906896137e-01,0.000000000000000000e+00,2.914690812971779121e-01,0.000000000000000000e+00,4.014730805888647724e-01,0.000000000000000000e+00,0.000000000000000000e+00,0.000000000000000000e+00,0.000000000000000000e+00,0.000000000000000000e+00,3.614943136087220843e-01,0.000000000000000000e+00,0.000000000000000000e+00,0.000000000000000000e+00,3.735451285689441181e-01,0.000000000000000000e+00,0.000000000000000000e+00,0.000000000000000000e+00,4.333694572880615881e-01,2.426028329120974991e-01,0.000000000000000000e+00,0.000000000000000000e+00,3.953342466221935192e-01,3.035861867217298227e-01,0.000000000000000000e+00,0.000000000000000000e+00,0.000000000000000000e+00,2.239588301472792975e-01,1.837931575447545873e-01,0.000000000000000000e+00,0.000000000000000000e+00,0.000000000000000000e+00,0.000000000000000000e+00,0.000000000000000000e+00,3.364217651676874032e-01,0.000000000000000000e+00,0.000000000000000000e+00,0.000000000000000000e+00,0.000000000000000000e+00,0.000000000000000000e+00,0.000000000000000000e+00,0.000000000000000000e+00,0.000000000000000000e+00,0.000000000000000000e+00,0.000000000000000000e+00,0.000000000000000000e+00,0.000000000000000000e+00,0.000000000000000000e+00,0.000000000000000000e+00,0.000000000000000000e+00,0.000000000000000000e+00,0.000000000000000000e+00,0.000000000000000000e+00,0.000000000000000000e+00,0.000000000000000000e+00,0.000000000000000000e+00,0.000000000000000000e+00,0.000000000000000000e+00,0.000000000000000000e+00,4.347074149199416926e-01,0.000000000000000000e+00,0.000000000000000000e+00,0.000000000000000000e+00,0.000000000000000000e+00,0.000000000000000000e+00,0.000000000000000000e+00,0.000000000000000000e+00,0.000000000000000000e+00
3.825497463236698925e-01,4.181588979278180740e-01,0.000000000000000000e+00,0.000000000000000000e+00,0.000000000000000000e+00,4.318520078064388978e-01,0.000000000000000000e+00,3.488952718386523211e-01,0.000000000000000000e+00,0.000000000000000000e+00,0.000000000000000000e+00,0.000000000000000000e+00,4.145812802724979096e-01,0.000000000000000000e+00,0.000000000000000000e+00,4.423417647738568936e-01,0.000000000000000000e+00,4.156258975312990267e-01,0.000000000000000000e+00,3.641042652818273773e-01,3.721356004001886153e-01,3.897341605074484128e-01,3.888378666433848774e-01,0.000000000000000000e+00,4.114185394763016923e-01,4.005241179857189082e-01,4.211052811086974934e-01,3.849984927752894137e-01,3.936986111517815079e-01,0.000000000000000000e+00,4.082616844321785843e-01,4.270277117275653733e-01,3.949251417458941038e-01,4.503201357391934945e-01,4.849607085468087830e-01,0.000000000000000000e+00,0.000000000000000000e+00,0.000000000000000000e+00,4.752671823994941147e-01,4.562116303717173027e-01,4.908758430300039222e-01,5.020692865044903419e-01,0.000000000000000000e+00,0.000000000000000000e+00,0.000000000000000000e+00,0.000000000000000000e+00,4.805454293836782242e-01,0.000000000000000000e+00,0.000000000000000000e+00,0.000000000000000000e+00,4.707884271015431166e-01,0.000000000000000000e+00,4.672288009485406901e-01,0.000000000000000000e+00,0.000000000000000000e+00,0.000000000000000000e+00,0.000000000000000000e+00,1.182723303665556003e-01,0.000000000000000000e+00,4.613992981497325729e-01,4.911592776120368153e-01,0.000000000000000000e+00,0.000000000000000000e+00,0.000000000000000000e+00,4.558942519735807997e-01,4.417316680853757838e-01,4.851442150721160251e-01,4.652586484341594830e-01,0.000000000000000000e+00,1.582739178132742119e-01,4.968106302226372173e-01,4.726770436356891869e-01,5.283467761311133604e-01,4.593070547811468063e-01,0.000000000000000000e+00,4.642937804774479038e-01
4.267922349471462984e-01,4.104258091616291848e-01,0.000000000000000000e+00,0.000000000000000000e+00,5.515139161791596800e-01,4.386035404571406726e-01,4.827308965561696863e-01,5.020136440477451778e-01,4.916358279966142053e-01,4.144406244914808912e-01,0.000000000000000000e+00,0.000000000000000000e+00,4.896984240627598184e-01,0.000000000000000000e+00,4.423417647738568936e-01,0.000000000000000000e+00,3.921602941653750118e-01,3.697494843826815147e-01,0.000000000000000000e+00,4.196637058314753865e-01,4.390933298309186994e-01,3.971923063573620238e-01,4.535800742879084746e-01,0.000000000000000000e+00,4.092917419038444860e-01,4.482124319469362184e-01,4.403581409529719881e-01,4.579786269119970887e-01,4.367713322134648135e-01,4.607058016503717268e-01,3.934969198884519237e-01,4.454066848226094777e-01,4.256642371890720922e-01,4.171119507747014787e-01,4.587200659590361940e-01,0.000000000000000000e+00,0.000000000000000000e+00,0.000000000000000000e+00,4.759334097917437001e-01,4.605404651537579053e-01,4.698408508787598192e-01,4.842922984555643739e-01,0.000000000000000000e+00,0.000000000000000000e+00,0.000000000000000000e+00,4.703591637139117876e-01,4.844773197749205895e-01,0.000000000000000000e+00,0.000000000000000000e+00,0.000000000000000000e+00,0.000000000000000000e+00,0.000000000000000000e+00,0.000000000000000000e+00,0.000000000000000000e+00,0.000000000000000000e+00,0.000000000000000000e+00,0.000000000000000000e+00,0.000000000000000000e+00,0.000000000000000000e+00,4.880604012678875225e-01,4.581107293994989837e-01,0.000000000000000000e+00,4.269381382076669063e-01,0.000000000000000000e+00,5.154197469372996387e-01,4.749384030598757245e-01,4.846321775441598256e-01,6.375095997358032340e-01,0.000000000000000000e+00,4.521090288241679800e-01,4.887261615067303167e-01,1.510972486137522885e-01,0.000000000000000000e+00,5.511795226576677864e-01,0.000000000000000000e+00,4.430821996755515135e-01
3.852501992839312273e-01,0.000000000000000000e+00,0.000000000000000000e+00,0.000000000000000000e+00,0.000000000000000000e+00,1.577053824631629020e-01,4.889830513442973148e-01,0.000000000000000000e+00,0.000000000000000000e+00,3.471786860068321046e-01,1.129603659847957936e-01,4.075087408511648968e-01,4.536204013851304895e-01,0.000000000000000000e+00,0.000000000000000000e+00,3.921602941653750118e-01,0.000000000000000000e+00,3.387979930691271124e-01,0.000000000000000000e+00,1.128976963617454032e-01,0.000000000000000000e+00,3.934390820778903008e-01,0.000000000000000000e+00,3.834374529654899222e-01,3.593869488368682252e-01,3.884111798285538875e-01,0.000000000000000000e+00,4.490469362974586764e-01,1.054474693937562935e-01,0.000000000000000000e+00,3.727273020412060212e-01,4.234667177875637845e-01,3.886042415151303997e-01,3.937293175385336852e-01,3.737486847183881800e-01,0.000000000000000000e+00,0.000000000000000000e+00,0.000000000000000000e+00,0.000000000000000000e+00,3.946701189060781156e-01,0.000000000000000000e+00,0.000000000000000000e+00,0.000000000000000000e+00,0.000000000000000000e+00,0.000000000000000000e+00,0.000000000000000000e+00,0.000000000000000000e+00,0.000000000000000000e+00,0.000000000000000000e+00,0.000000000000000000e+00,0.000000000000000000e+00,0.000000000000000000e+00,0.000000000000000000e+00,0.000000000000000000e+00,4.523603382690716268e-01,0.000000000000000000e+00,4.522542166163048827e-01,0.000000000000000000e+00,0.000000000000000000e+00,0.000000000000000000e+00,0.000000000000000000e+00,1.224456067390810032e-01,4.185038897548454262e-01,0.000000000000000000e+00,0.000000000000000000e+00,0.000000000000000000e+00,0.000000000000000000e+00,0.000000000000000000e+00,4.946860986736834054e-01,4.381113956407354237e-01,4.510518450504797938e-01,0.000000000000000000e+00,0.000000000000000000e+00,0.000000000000000000e+00,0.000000000000000000e+00,0.000000000000000000e+00
4.184868936784129079e-01,3.996453406361988869e-01,0.000000000000000000e+00,0.000000000000000000e+00,0.000000000000000000e+00,4.304422309424230098e-01,4.584696775240251210e-01,4.726985637783231997e-01,1.723180217420489102e-01,3.691409420556123755e-01,0.000000000000000000e+00,1.076615035360117961e-01,4.643448692245139009e-01,0.000000000000000000e+00,4.156258975312990267e-01,3.697494843826815147e-01,3.387979930691271124e-01,0.000000000000000000e+00,0.000000000000000000e+00,4.211651359486698887e-01,4.309042349204121880e-01,4.196110761471071871e-01,4.482190136055140273e-01,3.795279186557669049e-01,3.754836578095537836e-01,4.137843979282961882e-01,4.322918900688298982e-01,4.467775637645665099e-01,4.384887495833771909e-01,4.770162149569874832e-01,3.848927320299931898e-01,4.354501902060052831e-01,3.921950316772829237e-01,4.063101855118428918e-01,4.129532474150706123e-01,0.000000000000000000e+00,0.000000000000000000e+00,0.000000000000000000e+00,4.380325672949986204e-01,3.973937638002776884e-01,4.439726757880342878e-01,4.155086515905744848e-01,0.000000000000000000e+00,0.000000000000000000e+00,0.000000000000000000e+00,4.591520582373064263e-01,4.676450013770905856e-01,0.000000000000000000e+00,0.000000000000000000e+00,0.000000000000000000e+00,0.000000000000000000e+00,0.000000000000000000e+00,0.000000000000000000e+00,0.000000000000000000e+00,4.324340448165652773e-01,0.000000000000000000e+00,4.324142082811430199e-01,0.000000000000000000e+00,0.000000000000000000e+00,0.000000000000000000e+00,4.404537454322922096e-01,4.053257127070187260e-01,4.137425159863348800e-01,0.000000000000000000e+00,0.000000000000000000e+00,0.000000000000000000e+00,4.405197832298344829e-01,0.000000000000000000e+00,4.252861250735727738e-01,4.377315724495017824e-01,4.541912754152949150e-01,0.000000000000000000e+00,0.000000000000000000e+00,0.000000000000000000e+00,0.000000000000000000e+00,4.160797917610968844e-01
0.000000000000000000e+00,0.000000000000000000e+00,2.292437215422196972e-01,4.375899017017350068e-01,3.711891408995756092e-01,3.896011778762096811e-01,4.524927953587496998e-01,4.077999757667762903e-01,2.763281456460163765e-01,4.845401178666201014e-01,2.671116330457384835e-01,1.541655912504223125e-01,4.576580103980357750e-01,3.614943136087220843e-01,0.000000000000000000e+00,0.000000000000000000e+00,0.000000000000000000e+00,0.000000000000000000e+00,0.000000000000000000e+00,0.000000000000000000e+00,0.000000000000000000e+00,0.000000000000000000e+00,2.423365500403872053e-01,0.000000000000000000e+00,0.000000000000000000e+00,0.000000000000000000e+00,3.452462849112987175e-01,4.537318750683722035e-01,0.000000000000000000e+00,0.000000000000000000e+00,4.624516453139981831e-01,4.214272663867043023e-01,0.000000000000000000e+00,4.535849185723712096e-01,4.331719212789679196e-01,3.665248726133283896e-01,4.456541657493233166e-01,4.836612725785058853e-01,0.000000000000000000e+00,0.000000000000000000e+00,0.000000000000000000e+00,0.000000000000000000e+00,4.635867177866123123e-01,0.000000000000000000e+00,0.000000000000000000e+00,0.000000000000000000e+00,0.000000000000000000e+00,4.980851434362255081e-01,0.000000000000000000e+00,1.437041172048640070e-01,5.282458408147985285e-01,1.548222465146527060e-01,5.328501904878950590e-01,5.114814197131519746e-01,0.000000000000000000e+00,3.839441234898207100e-01,0.000000000000000000e+00,1.847620863620250131e-01,3.902731426142915794e-01,0.000000000000000000e+00,0.000000000000000000e+00,0.000000000000000000e+00,0.000000000000000000e+00,4.793836351108216043e-01,0.000000000000000000e+00,0.000000000000000000e+00,0.000000000000000000e+00,5.607850878200544287e-01,0.000000000000000000e+00,0.000000000000000000e+00,0.000000000000000000e+00,5.618299446930953289e-01,0.000000000000000000e+00,0.000000000000000000e+00,0.000000000000000000e+00,0.000000000000000000e+00
4.340362261887230066e-01,4.281589957668843205e-01,0.000000000000000000e+00,0.000000000000000000e+00,4.242671605144133218e-01,4.321444938207754105e-01,4.759953948810152768e-01,4.292081203460035854e-01,4.393095497153824969e-01,1.064357389920402991e-01,0.000000000000000000e+00,0.000000000000000000e+00,4.643988440277018181e-01,0.000000000000000000e+00,3.641042652818273773e-01,4.196637058314753865e-01,1.128976963617454032e-01,4.211651359486698887e-01,0.000000000000000000e+00,0.000000000000000000e+00,4.171266105073537234e-01,3.872167174148575808e-01,3.654428011763196094e-01,0.000000000000000000e+00,4.050437122107934940e-01,4.566793642149314936e-01,3.525954000003265199e-01,3.929543078023531866e-01,3.429613411328312211e-01,3.404543481153874951e-01,3.885872543975071869e-01,4.462264908260776819e-01,4.158520881154165738e-01,4.494797436726091222e-01,4.793139126707192110e-01,0.000000000000000000e+00,0.000000000000000000e+00,0.000000000000000000e+00,4.587905471452645156e-01,4.468172147550751871e-01,4.892028910526303731e-01,0.000000000000000000e+00,1.085571697441179012e-01,0.000000000000000000e+00,0.000000000000000000e+00,0.000000000000000000e+00,4.680839440405142882e-01,0.000000000000000000e+00,0.000000000000000000e+00,0.000000000000000000e+00,5.073316570318463503e-01,0.000000000000000000e+00,0.000000000000000000e+00,0.000000000000000000e+00,0.000000000000000000e+00,0.000000000000000000e+00,0.000000000000000000e+00,1.728164616310444990e-01,0.000000000000000000e+00,4.613265327475902233e-01,1.948112228092699905e-01,0.000000000000000000e+00,0.000000000000000000e+00,0.000000000000000000e+00,4.650129854862443124e-01,4.464833678245060944e-01,4.709581564331831727e-01,4.880184415179062984e-01,0.000000000000000000e+00,1.902737318307902992e-01,4.739136757824087831e-01,4.849115686172729145e-01,1.481917054000936873e-01,4.686515027941409728e-01,1.118076663368391954e-01,1.342102570227123037e-01
4.214774127058730779e-01,4.002193499552181843e-01,0.000000000000000000e+00,0.000000000000000000e+00,0.000000000000000000e+00,4.321825570207477041e-01,0.000000000000000000e+00,4.138166611770909831e-01,0.000000000000000000e+00,0.000000000000000000e+00,0.000000000000000000e+00,5.273379940990556847e-01,4.751975694148530271e-01,0.000000000000000000e+00,3.721356004001886153e-01,4.390933298309186994e-01,0.000000000000000000e+00,4.309042349204121880e-01,0.000000000000000000e+00,4.171266105073537234e-01,0.000000000000000000e+00,4.337577621902791725e-01,4.108339784126682770e-01,4.976131955637331239e-01,4.464362411467662772e-01,4.237666893590152917e-01,4.383374132731783224e-01,4.549213597686456723e-01,4.273483986275123936e-01,0.000000000000000000e+00,4.017916051289036061e-01,4.224394359479283212e-01,3.868867993426318153e-01,4.187228778532839923e-01,4.573454482490129092e-01,0.000000000000000000e+00,0.000000000000000000e+00,0.000000000000000000e+00,4.675324830174867885e-01,4.774606697732087235e-01,5.161452198511569112e-01,5.341944238466784789e-01,0.000000000000000000e+00,0.000000000000000000e+00,0.000000000000000000e+00,3.778065666472266160e-01,4.951077567468417095e-01,0.000000000000000000e+00,0.000000000000000000e+00,0.000000000000000000e+00,4.728102513057714784e-01,0.000000000000000000e+00,3.726740783361813247e-01,0.000000000000000000e+00,0.000000000000000000e+00,0.000000000000000000e+00,0.000000000000000000e+00,5.454757053877182793e-01,0.000000000000000000e+00,4.368717153234858985e-01,4.800638336780723159e-01,0.000000000000000000e+00,0.000000000000000000e+00,0.000000000000000000e+00,4.606796380727063989e-01,3.828658503619807862e-01,4.840106136016814053e-01,4.546859089065116155e-01,0.000000000000000000e+00,5.053195911292498455e-01,5.017467687649379560e-01,4.715544047340174960e-01,4.894811236145075739e-01,4.607406674646156164e-01,0.000000000000000000e+00,1.291941237833089950e-01
