0.000000000000000000e+00,3.884951318175151047e-01,0.000000000000000000e+00,0.000000000000000000e+00,0.000000000000000000e+00,4.281320337370584928e-01,0.000000000000000000e+00,4.361285065098234881e-01,0.000000000000000000e+00,3.690175153367558081e-01,0.000000000000000000e+00,3.694098726151013867e-01,1.289189709994993938e-01,0.000000000000000000e+00,3.780607602327250016e-01,3.748884623345078992e-01,0.000000000000000000e+00,3.819383964873170889e-01,0.000000000000000000e+00,3.907031114935701765e-01,3.759669064928101156e-01,3.818309401148127780e-01,3.976200315062566881e-01,3.617775197104636242e-01,3.715136024146225013e-01,3.607976682997999784e-01,4.325943458419512777e-01,4.454828308434612971e-01,3.908736485592689269e-01,0.000000000000000000e+00,3.345927790012627190e-01,3.950755656147715844e-01,3.127225380450351921e-01,3.360692304386794782e-01,4.135599506966374239e-01,0.000000000000000000e+00,0.000000000000000000e+00,0.000000000000000000e+00,4.293696385041900210e-01,4.387781749169883949e-01,4.338467129413102752e-01,0.000000000000000000e+00,0.000000000000000000e+00,0.000000000000000000e+00,0.000000000000000000e+00,4.342858955822703204e-01,4.585240923231410082e-01,0.000000000000000000e+00,0.000000000000000000e+00,0.000000000000000000e+00,0.000000000000000000e+00,0.000000000000000000e+00,0.000000000000000000e+00,0.000000000000000000e+00,0.000000000000000000e+00,0.000000000000000000e+00,0.000000000000000000e+00,0.000000000000000000e+00,0.000000000000000000e+00,0.000000000000000000e+00,4.488467632975001731e-01,0.000000000000000000e+00,4.604700885505210173e-01,0.000000000000000000e+00,0.000000000000000000e+00,3.655113897560577918e-01,4.785581034554619029e-01,0.000000000000000000e+00,3.972767648285039921e-01,4.652223971969008942e-01,4.667263306207993234e-01,0.000000000000000000e+00,0.000000000000000000e+00,0.000000000000000000e+00,0.000000000000000000e+00,0.000000000000000000e+00
3.884951318175151047e-01,0.000000000000000000e+00,0.000000000000000000e+00,0.000000000000000000e+00,0.000000000000000000e+00,3.594846888845620869e-01,3.997994512015237145e-01,4.015417855592520180e-01,1.089941947224485064e-01,0.000000000000000000e+00,0.000000000000000000e+00,0.000000000000000000e+00,3.823866452114456083e-01,0.000000000000000000e+00,4.564352532764374137e-01,3.948171810934149040e-01,0.000000000000000000e+00,4.010592697314809829e-01,0.000000000000000000e+00,4.118920811142058880e-01,3.956915489773706884e-01,4.184259291974444239e-01,4.288027733526785235e-01,0.000000000000000000e+00,3.866752008798987061e-01,3.997956384826836795e-01,4.176572656341300260e-01,3.777358524413522156e-01,3.733212737174915197e-01,0.000000000000000000e+00,3.405820038960363783e-01,4.006916685869614803e-01,3.491578117226881162e-01,3.453299464123613105e-01,4.250093587068852763e-01,0.000000000000000000e+00,0.000000000000000000e+00,0.000000000000000000e+00,4.479672684528572257e-01,4.575643757030972147e-01,4.432843004400808251e-01,4.553237439585159918e-01,0.000000000000000000e+00,0.000000000000000000e+00,0.000000000000000000e+00,4.494569955808199180e-01,4.684043912803501075e-01,0.000000000000000000e+00,0.000000000000000000e+00,0.000000000000000000e+00,4.334385032677902094e-01,0.000000000000000000e+00,0.000000000000000000e+00,0.000000000000000000e+00,0.000000000000000000e+00,0.000000000000000000e+00,0.000000000000000000e+00,0.000000000000000000e+00,0.000000000000000000e+00,4.945242459256317114e-01,4.629693622351345184e-01,0.000000000000000000e+00,4.504049729495454013e-01,0.000000000000000000e+00,4.405855642198019950e-01,4.703825387651984213e-01,4.663119790720660074e-01,4.882010500629985206e-01,0.000000000000000000e+00,4.616174026675842756e-01,4.822427803303028226e-01,4.811818027046260160e-01,0.000000000000000000e+00,4.305743772583326967e-01,0.000000000000000000e+00,4.253715872276893073e-01
0.000000000000000000e+00,0.000000000000000000e+00,0.000000000000000000e+00,1.084974605659149022e-01,3.878863497224642187e-01,4.031345719322798060e-01,4.149681440726152859e-01,4.279353712059139059e-01,3.208950052256296925e-01,1.366818454632532931e-01,3.172428261928458837e-01,1.446661517501139915e-01,4.194008818699196950e-01,4.012718986293167256e-01,0.000000000000000000e+00,0.000000000000000000e+00,0.000000000000000000e+00,0.000000000000000000e+00,2.970205521601751997e-01,0.000000000000000000e+00,0.000000000000000000e+00,0.000000000000000000e+00,3.291145387626838725e-01,0.000000000000000000e+00,0.000000000000000000e+00,0.000000000000000000e+00,3.435197446119447884e-01,4.121716101203248273e-01,0.000000000000000000e+00,0.000000000000000000e+00,4.156399800593812977e-01,3.952377091235008133e-01,0.000000000000000000e+00,4.190026456031237245e-01,4.289708103242227955e-01,3.842580394477080885e-01,1.218498883128616012e-01,0.000000000000000000e+00,4.674126542322029065e-01,0.000000000000000000e+00,1.357753081291697972e-01,0.000000000000000000e+00,4.348674652049621114e-01,0.000000000000000000e+00,0.000000000000000000e+00,0.000000000000000000e+00,0.000000000000000000e+00,4.721624966845104909e-01,0.000000000000000000e+00,4.744780705684519262e-01,5.201592147852301951e-01,5.323614365752581401e-01,5.086914345544364391e-01,4.922191254367465074e-01,0.000000000000000000e+00,4.409815379279262149e-01,0.000000000000000000e+00,5.477043852696585891e-01,4.288437217455358108e-01,0.000000000000000000e+00,0.000000000000000000e+00,0.000000000000000000e+00,0.000000000000000000e+00,3.649935632002827002e-01,0.000000000000000000e+00,0.000000000000000000e+00,0.000000000000000000e+00,5.189784986208316742e-01,0.000000000000000000e+00,0.000000000000000000e+00,0.000000000000000000e+00,5.442308598591917290e-01,5.618475689607842494e-01,0.000000000000000000e+00,0.000000000000000000e+00,0.000000000000000000e+00
0.000000000000000000e+00,0.000000000000000000e+00,1.084974605659149022e-01,0.000000000000000000e+00,2.989761900602357914e-01,3.635644735856233822e-01,2.861535259023390010e-01,3.887747718242978157e-01,4.014100438160442819e-01,1.470188644637523134e-01,3.577112381204166081e-01,0.000000000000000000e+00,2.937217561663518217e-01,2.830925862079609057e-01,0.000000000000000000e+00,0.000000000000000000e+00,0.000000000000000000e+00,0.000000000000000000e+00,4.148639160031609152e-01,0.000000000000000000e+00,0.000000000000000000e+00,0.000000000000000000e+00,3.887086758902936201e-01,0.000000000000000000e+00,0.000000000000000000e+00,0.000000000000000000e+00,3.842958010769927935e-01,2.256327049177042909e-01,0.000000000000000000e+00,0.000000000000000000e+00,1.910932020520627050e-01,2.218035892312094082e-01,0.000000000000000000e+00,1.998999501948720003e-01,2.116248345050119051e-01,1.768138486345149918e-01,1.495468874187579067e-01,0.000000000000000000e+00,0.000000000000000000e+00,0.000000000000000000e+00,0.000000000000000000e+00,0.000000000000000000e+00,0.000000000000000000e+00,0.000000000000000000e+00,0.000000000000000000e+00,0.000000000000000000e+00,0.000000000000000000e+00,0.000000000000000000e+00,0.000000000000000000e+00,0.000000000000000000e+00,0.000000000000000000e+00,0.000000000000000000e+00,0.000000000000000000e+00,0.000000000000000000e+00,0.000000000000000000e+00,0.000000000000000000e+00,0.000000000000000000e+00,0.000000000000000000e+00,0.000000000000000000e+00,0.000000000000000000e+00,0.000000000000000000e+00,0.000000000000000000e+00,0.000000000000000000e+00,0.000000000000000000e+00,0.000000000000000000e+00,0.000000000000000000e+00,0.000000000000000000e+00,0.000000000000000000e+00,0.000000000000000000e+00,0.000000000000000000e+00,0.000000000000000000e+00,0.000000000000000000e+00,0.000000000000000000e+00,0.000000000000000000e+00,0.000000000000000000e+00,0.000000000000000000e+00
0.000000000000000000e+00,0.000000000000000000e+00,3.878863497224642187e-01,2.989761900602357914e-01,0.000000000000000000e+00,3.935656083525693183e-01,3.220484087461933931e-01,3.628466116662069085e-01,3.411927645437423107e-01,4.063205238402639030e-01,3.633546033419089993e-01,4.099189382198650256e-01,3.435134717614286015e-01,2.762507795571795821e-01,0.000000000000000000e+00,0.000000000000000000e+00,0.000000000000000000e+00,0.000000000000000000e+00,3.866784887024096173e-01,0.000000000000000000e+00,0.000000000000000000e+00,0.000000000000000000e+00,3.881831842925708154e-01,0.000000000000000000e+00,4.252233660871339027e-01,4.229919572796603244e-01,3.781844224411510247e-01,3.368626978957423024e-01,4.280393096980775192e-01,0.000000000000000000e+00,3.958330139560107264e-01,3.309608665098298097e-01,3.904635743700002881e-01,3.909147236622678157e-01,3.465253880730062019e-01,2.384920307507603920e-01,2.740060887294309966e-01,0.000000000000000000e+00,1.449016219380533932e-01,0.000000000000000000e+00,0.000000000000000000e+00,0.000000000000000000e+00,3.987880155804500171e-01,0.000000000000000000e+00,0.000000000000000000e+00,0.000000000000000000e+00,0.000000000000000000e+00,5.111523928542827111e-01,0.000000000000000000e+00,1.196853085045865017e-01,5.408738991610525515e-01,0.000000000000000000e+00,4.753519007018797149e-01,5.170183276294668673e-01,0.000000000000000000e+00,4.412435935531429099e-01,0.000000000000000000e+00,0.000000000000000000e+00,0.000000000000000000e+00,0.000000000000000000e+00,0.000000000000000000e+00,0.000000000000000000e+00,0.000000000000000000e+00,0.000000000000000000e+00,0.000000000000000000e+00,0.000000000000000000e+00,0.000000000000000000e+00,5.093488813772946155e-01,0.000000000000000000e+00,0.000000000000000000e+00,0.000000000000000000e+00,5.169419774215812113e-01,0.000000000000000000e+00,0.000000000000000000e+00,0.000000000000000000e+00,0.000000000000000000e+00
4.281320337370584928e-01,3.594846888845620869e-01,4.031345719322798060e-01,3.635644735856233822e-01,3.935656083525693183e-01,0.000000000000000000e+00,4.069392077627910775e-01,3.850984356340760861e-01,3.610881779244585754e-01,4.095039324832541183e-01,3.752991257262259794e-01,4.545946770224402189e-01,3.846388925116348001e-01,3.992503054010452246e-01,3.950175831563599860e-01,3.867545276469604998e-01,1.577053824631629020e-01,3.970562453470264930e-01,3.793615191368696071e-01,3.844156179513579241e-01,3.863956021014136044e-01,4.003135740089496242e-01,3.877728047665496836e-01,0.000000000000000000e+00,3.380584845834230800e-01,3.560331779871714897e-01,3.774122381083662159e-01,3.781765339580446805e-01,3.362087102448164111e-01,3.703083744553115064e-01,3.858290732229278097e-01,3.685412441658754146e-01,0.000000000000000000e+00,3.793901854168484911e-01,3.849439169613600997e-01,3.618748580858202057e-01,3.709267803032257893e-01,1.323406039125313016e-01,4.509171084658116779e-01,0.000000000000000000e+00,4.871380687818492872e-01,5.614678804023848224e-01,4.322247015604702147e-01,0.000000000000000000e+00,0.000000000000000000e+00,0.000000000000000000e+00,1.837371231652606962e-01,5.231907793496466397e-01,0.000000000000000000e+00,5.240264817787856355e-01,4.917427140472864777e-01,5.185930145592608786e-01,4.503582673946049941e-01,4.951793322550718801e-01,0.000000000000000000e+00,5.008769404522720459e-01,0.000000000000000000e+00,5.063256151468702448e-01,0.000000000000000000e+00,1.403968170182710029e-01,0.000000000000000000e+00,0.000000000000000000e+00,0.000000000000000000e+00,5.003135311709506761e-01,4.862391431784697238e-01,4.617499700798616269e-01,1.635458232680565005e-01,4.986011378730700883e-01,0.000000000000000000e+00,0.000000000000000000e+00,1.638433464803079054e-01,5.033177281045764229e-01,4.847243556368219797e-01,4.784613233811905730e-01,5.301877668116722342e-01,4.904358972055979926e-01
0.000000000000000000e+00,3.997994512015237145e-01,4.149681440726152859e-01,2.861535259023390010e-01,3.220484087461933931e-01,4.069392077627910775e-01,0.000000000000000000e+00,4.000737481391095085e-01,3.928950796726273231e-01,3.961089657034235212e-01,4.390131034232521157e-01,3.751961343758257184e-01,3.192495770302594127e-01,3.311661001916793023e-01,0.000000000000000000e+00,4.315721491662848908e-01,4.319429616361242785e-01,4.191546901210120857e-01,4.362552084008958220e-01,4.221177617777474023e-01,0.000000000000000000e+00,4.462209418897286062e-01,4.161224076155752849e-01,3.834558134916101202e-01,3.926605395517142050e-01,3.980688999585997867e-01,4.146470089263494807e-01,3.589584646563949155e-01,4.394130116806235775e-01,0.000000000000000000e+00,3.559106150008184977e-01,3.566399469652702936e-01,3.886723686765921060e-01,3.947078791451558155e-01,3.290619398969408249e-01,2.786942700804644901e-01,2.733026432625869084e-01,3.638016981360828739e-01,1.841832463700056044e-01,0.000000000000000000e+00,1.637731516271186127e-01,0.000000000000000000e+00,1.211191185914881063e-01,0.000000000000000000e+00,0.000000000000000000e+00,0.000000000000000000e+00,0.000000000000000000e+00,1.874961326348812130e-01,0.000000000000000000e+00,0.000000000000000000e+00,5.185417474807850757e-01,0.000000000000000000e+00,5.138914688114799567e-01,1.754326870027249075e-01,0.000000000000000000e+00,5.845527223487890778e-01,0.000000000000000000e+00,0.000000000000000000e+00,0.000000000000000000e+00,0.000000000000000000e+00,0.000000000000000000e+00,0.000000000000000000e+00,0.000000000000000000e+00,1.420735728466518133e-01,0.000000000000000000e+00,0.000000000000000000e+00,0.000000000000000000e+00,4.946291597766390158e-01,0.000000000000000000e+00,0.000000000000000000e+00,0.000000000000000000e+00,5.059406688800230922e-01,0.000000000000000000e+00,0.000000000000000000e+00,0.000000000000000000e+00,0.000000000000000000e+00
4.361285065098234881e-01,4.015417855592520180e-01,4.279353712059139059e-01,3.887747718242978157e-01,3.628466116662069085e-01,3.850984356340760861e-01,4.000737481391095085e-01,0.000000000000000000e+00,4.467977511689287251e-01,4.710775920818550122e-01,2.944942010005781041e-01,0.000000000000000000e+00,4.237547056140252844e-01,3.508467604500498105e-01,3.681845448863899084e-01,4.257788077189523235e-01,0.000000000000000000e+00,4.222369897607681777e-01,3.937184193430057766e-01,3.895261810393664814e-01,3.610113214874782761e-01,4.215768493837758202e-01,3.555612911451511149e-01,4.561379002363912805e-01,4.046518318656083246e-01,4.246082533125887792e-01,4.434658450547688258e-01,4.200710599550667723e-01,3.961569053959482223e-01,4.170747256374400247e-01,3.934993323603537818e-01,3.282423595016217832e-01,4.208164008016603841e-01,3.889056893742469101e-01,4.039505400564030180e-01,2.569742544295026132e-01,3.940552075055478998e-01,0.000000000000000000e+00,4.448460140646087746e-01,0.000000000000000000e+00,4.841818437481985038e-01,0.000000000000000000e+00,3.631175135264884113e-01,0.000000000000000000e+00,0.000000000000000000e+00,0.000000000000000000e+00,0.000000000000000000e+00,5.014830419681056695e-01,0.000000000000000000e+00,4.614497111597268275e-01,4.810218888114589086e-01,4.981846625592257771e-01,3.336776326311151064e-01,4.835440121952842008e-01,0.000000000000000000e+00,4.158874950172333218e-01,0.000000000000000000e+00,4.764773632485070909e-01,3.840724982448798785e-01,4.830349915366272118e-01,0.000000000000000000e+00,0.000000000000000000e+00,0.000000000000000000e+00,4.325006943279950944e-01,4.575118684349516185e-01,3.330896915979459916e-01,0.000000000000000000e+00,4.683286719911253226e-01,0.000000000000000000e+00,0.000000000000000000e+00,0.000000000000000000e+00,5.036905909199667075e-01,4.769744039664287061e-01,4.869585154252232262e-01,0.000000000000000000e+00,4.953894075984722756e-01
0.000000000000000000e+00,1.089941947224485064e-01,3.208950052256296925e-01,4.014100438160442819e-01,3.411927645437423107e-01,3.610881779244585754e-01,3.928950796726273231e-01,4.467977511689287251e-01,0.000000000000000000e+00,4.290734933761500836e-01,3.264583203678426138e-01,1.505650924118258072e-01,3.832787147092024949e-01,3.789356337031588029e-01,0.000000000000000000e+00,0.000000000000000000e+00,0.000000000000000000e+00,1.723180217420489102e-01,2.936365605750517749e-01,0.000000000000000000e+00,0.000000000000000000e+00,0.000000000000000000e+00,3.935119368318130140e-01,1.348241689002374066e-01,1.381552569281528919e-01,1.487972333815535952e-01,3.713728424625595270e-01,4.192157888405402266e-01,3.814563334649768156e-01,0.000000000000000000e+00,4.289243564137963927e-01,3.991593995550247742e-01,0.000000000000000000e+00,4.212370890952967240e-01,4.258557101434776171e-01,3.880233228990139782e-01,4.034745697844089873e-01,1.358621571928100014e-01,4.873128518672821818e-01,0.000000000000000000e+00,1.944270713845958065e-01,0.000000000000000000e+00,4.427487655689624768e-01,0.000000000000000000e+00,0.000000000000000000e+00,0.000000000000000000e+00,0.000000000000000000e+00,5.269427465524162413e-01,0.000000000000000000e+00,5.249807007524909253e-01,5.212685357302495603e-01,5.509619871985955708e-01,4.861898666616938924e-01,5.077292326686307922e-01,0.000000000000000000e+00,4.736121884186909048e-01,0.000000000000000000e+00,5.769621132570589284e-01,4.407433907185950850e-01,0.000000000000000000e+00,0.000000000000000000e+00,0.000000000000000000e+00,0.000000000000000000e+00,4.661950348905136154e-01,0.000000000000000000e+00,0.000000000000000000e+00,0.000000000000000000e+00,5.204648468817525409e-01,0.000000000000000000e+00,0.000000000000000000e+00,0.000000000000000000e+00,5.287990387546830373e-01,5.515077410579718453e-01,0.000000000000000000e+00,0.000000000000000000e+00,0.000000000000000000e+00
3.690175153367558081e-01,0.000000000000000000e+00,1.366818454632532931e-01,1.470188644637523134e-01,4.063205238402639030e-01,4.095039324832541183e-01,3.961089657034235212e-01,4.710775920818550122e-01,4.290734933761500836e-01,0.000000000000000000e+00,4.362287061523846821e-01,2.795231754531208868e-01,3.827465051621747882e-01,0.000000000000000000e+00,0.000000000000000000e+00,1.043442276996341955e-01,3.023662132437742733e-01,3.424983951910696156e-01,4.476790768871345971e-01,1.064357389920402991e-01,0.000000000000000000e+00,1.131478320326588932e-01,4.386543460985827814e-01,2.983491600130337984e-01,3.315087714843649724e-01,3.365847154939948238e-01,4.435474020019665176e-01,3.697393123137671100e-01,4.877960909462210060e-01,0.000000000000000000e+00,3.204885703561585197e-01,3.083731229623993819e-01,2.896372073246690215e-01,2.828688288440787124e-01,2.718792963420729736e-01,2.736056327278226230e-01,2.331322329200531118e-01,2.613305342048605207e-01,3.125560395435583727e-01,3.288430969728888820e-01,3.616201752246475110e-01,2.636204608999562216e-01,0.000000000000000000e+00,0.000000000000000000e+00,3.491948625182024757e-01,0.000000000000000000e+00,0.000000000000000000e+00,0.000000000000000000e+00,0.000000000000000000e+00,0.000000000000000000e+00,0.000000000000000000e+00,0.000000000000000000e+00,0.000000000000000000e+00,0.000000000000000000e+00,4.413668957259967995e-01,0.000000000000000000e+00,4.405442259964515994e-01,4.358596958316472980e-01,0.000000000000000000e+00,0.000000000000000000e+00,0.000000000000000000e+00,4.234290193455775841e-01,3.800390885014360842e-01,0.000000000000000000e+00,0.000000000000000000e+00,0.000000000000000000e+00,0.000000000000000000e+00,0.000000000000000000e+00,4.226886821085237833e-01,3.963931578541298184e-01,4.403629809250532157e-01,0.000000000000000000e+00,3.983996728713368740e-01,0.000000000000000000e+00,0.000000000000000000e+00,4.058678508730996781e-01
0.000000000000000000e+00,0.000000000000000000e+00,3.172428261928458837e-01,3.577112381204166081e-01,3.633546033419089993e-01,3.752991257262259794e-01,4.390131034232521157e-01,2.944942010005781041e-01,3.264583203678426138e-01,4.362287061523846821e-01,0.000000000000000000e+00,4.234331756746571029e-01,4.349478862674520108e-01,2.819738688652049241e-01,0.000000000000000000e+00,0.000000000000000000e+00,1.129603659847957936e-01,0.000000000000000000e+00,2.615207146606002842e-01,0.000000000000000000e+00,0.000000000000000000e+00,0.000000000000000000e+00,2.780381390333683811e-01,4.601780011090274014e-01,0.000000000000000000e+00,1.680492079956459883e-01,3.852289597646514907e-01,4.215636236844439999e-01,0.000000000000000000e+00,0.000000000000000000e+00,4.339929028976645120e-01,3.044552388338184201e-01,0.000000000000000000e+00,4.312556760450013127e-01,4.171392494338431733e-01,2.613587752521361884e-01,4.042234032355050966e-01,1.142382805828319053e-01,0.000000000000000000e+00,0.000000000000000000e+00,0.000000000000000000e+00,0.000000000000000000e+00,3.374212021052419019e-01,0.000000000000000000e+00,0.000000000000000000e+00,0.000000000000000000e+00,0.000000000000000000e+00,4.269736364610285939e-01,0.000000000000000000e+00,4.118145608798882140e-01,4.760057115086360202e-01,4.722950189539477095e-01,4.311773977260699997e-01,4.822663186322078133e-01,0.000000000000000000e+00,3.196532517334991219e-01,0.000000000000000000e+00,4.823179220567859193e-01,3.470124174948935880e-01,0.000000000000000000e+00,0.000000000000000000e+00,0.000000000000000000e+00,0.000000000000000000e+00,3.140261406786546972e-01,0.000000000000000000e+00,0.000000000000000000e+00,0.000000000000000000e+00,4.793988271972082771e-01,0.000000000000000000e+00,0.000000000000000000e+00,0.000000000000000000e+00,4.883209935946162261e-01,1.700380183479761886e-01,0.000000000000000000e+00,0.000000000000000000e+00,0.000000000000000000e+00
3.694098726151013867e-01,0.000000000000000000e+00,1.446661517501139915e-01,0.000000000000000000e+00,4.099189382198650256e-01,4.545946770224402189e-01,3.751961343758257184e-01,0.000000000000000000e+00,1.505650924118258072e-01,2.795231754531208868e-01,4.234331756746571029e-01,0.000000000000000000e+00,3.857872866404408740e-01,0.000000000000000000e+00,0.000000000000000000e+00,0.000000000000000000e+00,3.371328231236880857e-01,3.611789478686118215e-01,1.541655912504223125e-01,0.000000000000000000e+00,0.000000000000000000e+00,0.000000000000000000e+00,1.457153629566030062e-01,2.713361362709305058e-01,3.468918743992454035e-01,3.204251081476305885e-01,1.478126499661331916e-01,3.554973990943213757e-01,0.000000000000000000e+00,0.000000000000000000e+00,3.184267293659291953e-01,2.667947098730106825e-01,2.725606273362652932e-01,2.483240006165035041e-01,2.618728777876074276e-01,2.668670262069138821e-01,2.440415410825952092e-01,2.175739600378142069e-01,3.588625558757542744e-01,2.999284754320554192e-01,3.392980593900221109e-01,0.000000000000000000e+00,0.000000000000000000e+00,0.000000000000000000e+00,3.617106992272088872e-01,0.000000000000000000e+00,0.000000000000000000e+00,0.000000000000000000e+00,0.000000000000000000e+00,0.000000000000000000e+00,0.000000000000000000e+00,0.000000000000000000e+00,0.000000000000000000e+00,0.000000000000000000e+00,4.364602563187460760e-01,0.000000000000000000e+00,4.345302152268580853e-01,4.510141337684894225e-01,0.000000000000000000e+00,0.000000000000000000e+00,0.000000000000000000e+00,4.403712772810082776e-01,3.809198206417432897e-01,0.000000000000000000e+00,0.000000000000000000e+00,0.000000000000000000e+00,0.000000000000000000e+00,0.000000000000000000e+00,4.060786829285735755e-01,3.999354127534298087e-01,4.391705609723631776e-01,0.000000000000000000e+00,4.267726958734113785e-01,0.000000000000000000e+00,0.000000000000000000e+00,4.094600197920358897e-01
1.289189709994993938e-01,3.823866452114456083e-01,4.194008818699196950e-01,2.937217561663518217e-01,3.435134717614286015e-01,3.846388925116348001e-01,3.192495770302594127e-01,4.237547056140252844e-01,3.832787147092024949e-01,3.827465051621747882e-01,4.349478862674520108e-01,3.857872866404408740e-01,0.000000000000000000e+00,3.441028749187455271e-01,3.480793855144121984e-01,4.286262781918938058e-01,4.038362801516240941e-01,4.171903038509829909e-01,4.330052612468935913e-01,4.148133601487086208e-01,4.147022689328732081e-01,4.408178571401705215e-01,4.219027124235704140e-01,3.967512757514731758e-01,3.787974526522793761e-01,3.766976081647048225e-01,4.182548650533824963e-01,3.543689737284667074e-01,4.044882361617050948e-01,3.966042151640259972e-01,3.702489954915498260e-01,3.575393328675148252e-01,3.885061158867075815e-01,3.755706462946822866e-01,3.407906739638199012e-01,2.745100113149199772e-01,2.806227121342895203e-01,3.702557348792253067e-01,4.703982898989351735e-01,0.000000000000000000e+00,5.522284025610230129e-01,1.298068953631462130e-01,4.353170451200403246e-01,0.000000000000000000e+00,0.000000000000000000e+00,0.000000000000000000e+00,0.000000000000000000e+00,5.705069726018864307e-01,0.000000000000000000e+00,0.000000000000000000e+00,4.988451271697417755e-01,6.008900180256078194e-01,4.637086286424246806e-01,0.000000000000000000e+00,0.000000000000000000e+00,5.518114202890616049e-01,0.000000000000000000e+00,0.000000000000000000e+00,0.000000000000000000e+00,6.259608573915945717e-01,0.000000000000000000e+00,0.000000000000000000e+00,0.000000000000000000e+00,0.000000000000000000e+00,5.418838580712577180e-01,0.000000000000000000e+00,2.033799240140601039e-01,5.036912516019748098e-01,0.000000000000000000e+00,5.883777565224922457e-01,1.881866019945158952e-01,5.089047587914239390e-01,0.000000000000000000e+00,5.189233564672618426e-01,0.000000000000000000e+00,0.000000000000000000e+00
0.000000000000000000e+00,0.000000000000000000e+00,4.012718986293167256e-01,2.830925862079609057e-01,2.762507795571795821e-01,3.992503054010452246e-01,3.311661001916793023e-01,3.508467604500498105e-01,3.789356337031588029e-01,0.000000000000000000e+00,2.819738688652049241e-01,0.000000000000000000e+00,3.441028749187455271e-01,0.000000000000000000e+00,0.000000000000000000e+00,0.000000000000000000e+00,0.000000000000000000e+00,0.000000000000000000e+00,3.412843831722273125e-01,0.000000000000000000e+00,3.935934817089006832e-01,0.000000000000000000e+00,3.810522273507379043e-01,0.000000000000000000e+00,0.000000000000000000e+00,0.000000000000000000e+00,4.252948122241205775e-01,3.215387641170587840e-01,0.000000000000000000e+00,0.000000000000000000e+00,0.000000000000000000e+00,2.098675715685875964e-01,0.000000000000000000e+00,3.793162711257471731e-01,0.000000000000000000e+00,2.082879171534829099e-01,1.696145405700215936e-01,0.000000000000000000e+00,0.000000000000000000e+00,0.000000000000000000e+00,0.000000000000000000e+00,0.000000000000000000e+00,0.000000000000000000e+00,0.000000000000000000e+00,0.000000000000000000e+00,0.000000000000000000e+00,0.000000000000000000e+00,0.000000000000000000e+00,0.000000000000000000e+00,0.000000000000000000e+00,0.000000000000000000e+00,0.000000000000000000e+00,0.000000000000000000e+00,0.000000000000000000e+00,0.000000000000000000e+00,3.209445216330155115e-01,0.000000000000000000e+00,0.000000000000000000e+00,0.000000000000000000e+00,0.000000000000000000e+00,0.000000000000000000e+00,0.000000000000000000e+00,0.000000000000000000e+00,0.000000000000000000e+00,0.000000000000000000e+00,0.000000000000000000e+00,0.000000000000000000e+00,0.000000000000000000e+00,0.000000000000000000e+00,0.000000000000000000e+00,0.000000000000000000e+00,0.000000000000000000e+00,0.000000000000000000e+00,0.000000000000000000e+00,0.000000000000000000e+00,0.000000000000000000e+00
3.780607602327250016e-01,4.564352532764374137e-01,0.000000000000000000e+00,0.000000000000000000e+00,0.000000000000000000e+00,3.950175831563599860e-01,0.000000000000000000e+00,3.681845448863899084e-01,0.000000000000000000e+00,0.000000000000000000e+00,0.000000000000000000e+00,0.000000000000000000e+00,3.480793855144121984e-01,0.000000000000000000e+00,0.000000000000000000e+00,3.877271888843277226e-01,0.000000000000000000e+00,3.751515418736495189e-01,0.000000000000000000e+00,3.299694191167533153e-01,3.630583309184932106e-01,4.052459342907981932e-01,3.684561878853028771e-01,0.000000000000000000e+00,3.707622710665547938e-01,4.071950102437679742e-01,3.941600235277196163e-01,3.765537207341008163e-01,3.538938839165083894e-01,0.000000000000000000e+00,3.631018679610267808e-01,4.077808026425279175e-01,3.842246915789777062e-01,4.063362217450389169e-01,4.544581971433124257e-01,0.000000000000000000e+00,0.000000000000000000e+00,0.000000000000000000e+00,4.578165831372085770e-01,4.631342019324836135e-01,4.726793066840476176e-01,4.907021065626008816e-01,0.000000000000000000e+00,0.000000000000000000e+00,0.000000000000000000e+00,0.000000000000000000e+00,4.885423640334434214e-01,0.000000000000000000e+00,0.000000000000000000e+00,0.000000000000000000e+00,4.526162447641868258e-01,0.000000000000000000e+00,4.142271757373132135e-01,0.000000000000000000e+00,0.000000000000000000e+00,0.000000000000000000e+00,0.000000000000000000e+00,1.182723303665556003e-01,0.000000000000000000e+00,4.818799013012893817e-01,5.047850620524493293e-01,0.000000000000000000e+00,0.000000000000000000e+00,0.000000000000000000e+00,4.640928476669650138e-01,4.376704864035296239e-01,4.866282173462155858e-01,4.694094344368771043e-01,0.000000000000000000e+00,1.582739178132742119e-01,5.093471344227636921e-01,4.817922940214314220e-01,5.030052396668718284e-01,4.319499321064095843e-01,0.000000000000000000e+00,4.651459144885107255e-01
3.748884623345078992e-01,3.948171810934149040e-01,0.000000000000000000e+00,0.000000000000000000e+00,0.000000000000000000e+00,3.867545276469604998e-01,4.315721491662848908e-01,4.257788077189523235e-01,0.000000000000000000e+00,1.043442276996341955e-01,0.000000000000000000e+00,0.000000000000000000e+00,4.286262781918938058e-01,0.000000000000000000e+00,3.877271888843277226e-01,0.000000000000000000e+00,3.577787575852557911e-01,3.630976140593202839e-01,0.000000000000000000e+00,3.997257545801599088e-01,3.734416666886474223e-01,3.803201815141066255e-01,3.877203106639131036e-01,3.550145858058160186e-01,3.844177427400062852e-01,3.886048508065538809e-01,4.006838647877047910e-01,4.104964677331385259e-01,4.030371816985733879e-01,3.862371292496304953e-01,3.388865527215246809e-01,4.118536104706156942e-01,3.627556817088226082e-01,3.644524342166152175e-01,4.497314226529657843e-01,0.000000000000000000e+00,0.000000000000000000e+00,0.000000000000000000e+00,4.102183395511618813e-01,4.423963397218145799e-01,4.186597833920637224e-01,4.477177349121966854e-01,0.000000000000000000e+00,0.000000000000000000e+00,0.000000000000000000e+00,4.427972014098520148e-01,4.467030473636103838e-01,0.000000000000000000e+00,0.000000000000000000e+00,0.000000000000000000e+00,0.000000000000000000e+00,0.000000000000000000e+00,0.000000000000000000e+00,0.000000000000000000e+00,0.000000000000000000e+00,0.000000000000000000e+00,0.000000000000000000e+00,0.000000000000000000e+00,0.000000000000000000e+00,4.401141871541189854e-01,4.385025447243297014e-01,0.000000000000000000e+00,4.381544860278968057e-01,0.000000000000000000e+00,4.679356491661187945e-01,4.462190638850513924e-01,4.488986726641986946e-01,1.718447103613205129e-01,0.000000000000000000e+00,4.583745042393074232e-01,4.662563397206411775e-01,1.510972486137522885e-01,0.000000000000000000e+00,4.754230473485954733e-01,0.000000000000000000e+00,3.977345810513797097e-01
0.000000000000000000e+00,0.000000000000000000e+00,0.000000000000000000e+00,0.000000000000000000e+00,0.000000000000000000e+00,1.577053824631629020e-01,4.319429616361242785e-01,0.000000000000000000e+00,0.000000000000000000e+00,3.023662132437742733e-01,1.129603659847957936e-01,3.371328231236880857e-01,4.038362801516240941e-01,0.000000000000000000e+00,0.000000000000000000e+00,3.577787575852557911e-01,0.000000000000000000e+00,3.074107954676553733e-01,0.000000000000000000e+00,3.926101932678980888e-01,0.000000000000000000e+00,3.582171191574443081e-01,0.000000000000000000e+00,3.318167424297676082e-01,3.221137912496819800e-01,3.526826415694344075e-01,0.000000000000000000e+00,3.966000306134235820e-01,1.054474693937562935e-01,0.000000000000000000e+00,3.223730157944795227e-01,3.579369295190584777e-01,3.113527071965426218e-01,3.116322136513531849e-01,3.337824384152366930e-01,0.000000000000000000e+00,0.000000000000000000e+00,3.230297576533565085e-01,0.000000000000000000e+00,3.414554175057967766e-01,0.000000000000000000e+00,0.000000000000000000e+00,0.000000000000000000e+00,0.000000000000000000e+00,0.000000000000000000e+00,0.000000000000000000e+00,0.000000000000000000e+00,0.000000000000000000e+00,0.000000000000000000e+00,0.000000000000000000e+00,0.000000000000000000e+00,0.000000000000000000e+00,0.000000000000000000e+00,0.000000000000000000e+00,4.182850455239002230e-01,0.000000000000000000e+00,4.203498342161918200e-01,0.000000000000000000e+00,0.000000000000000000e+00,0.000000000000000000e+00,0.000000000000000000e+00,4.128163767994533773e-01,3.933150646271235118e-01,0.000000000000000000e+00,0.000000000000000000e+00,0.000000000000000000e+00,0.000000000000000000e+00,0.000000000000000000e+00,4.499370640326846860e-01,3.706853150146987019e-01,4.226897839452172234e-01,0.000000000000000000e+00,0.000000000000000000e+00,0.000000000000000000e+00,0.000000000000000000e+00,0.000000000000000000e+00
3.819383964873170889e-01,4.010592697314809829e-01,0.000000000000000000e+00,0.000000000000000000e+00,0.000000000000000000e+00,3.970562453470264930e-01,4.191546901210120857e-01,4.222369897607681777e-01,1.723180217420489102e-01,3.424983951910696156e-01,0.000000000000000000e+00,3.611789478686118215e-01,4.171903038509829909e-01,0.000000000000000000e+00,3.751515418736495189e-01,3.630976140593202839e-01,3.074107954676553733e-01,0.000000000000000000e+00,0.000000000000000000e+00,3.981060362653960905e-01,3.968455237200617103e-01,3.932425340249692258e-01,3.978429200857989123e-01,3.707466591001786216e-01,3.782370909140801984e-01,3.852079004894367054e-01,4.044733758345072094e-01,4.004601175862826934e-01,3.941720919721097838e-01,3.958404927074217206e-01,3.494954664466988770e-01,4.061746627788924147e-01,3.434053794179894870e-01,3.433551582919411871e-01,4.035529192219470263e-01,0.000000000000000000e+00,0.000000000000000000e+00,0.000000000000000000e+00,3.874073976923622098e-01,3.874115562504105159e-01,3.753987849658397824e-01,3.733806870104932063e-01,0.000000000000000000e+00,0.000000000000000000e+00,0.000000000000000000e+00,4.494183821927951183e-01,4.394448624238729839e-01,0.000000000000000000e+00,0.000000000000000000e+00,0.000000000000000000e+00,0.000000000000000000e+00,0.000000000000000000e+00,0.000000000000000000e+00,0.000000000000000000e+00,4.189390241381208968e-01,0.000000000000000000e+00,4.334871100044080938e-01,0.000000000000000000e+00,0.000000000000000000e+00,0.000000000000000000e+00,4.299008588576563872e-01,4.293856856747810258e-01,4.261132379877616838e-01,0.000000000000000000e+00,0.000000000000000000e+00,0.000000000000000000e+00,4.221325003711494106e-01,0.000000000000000000e+00,4.360853683310921269e-01,4.441741584358793182e-01,4.532585927256813085e-01,0.000000000000000000e+00,0.000000000000000000e+00,0.000000000000000000e+00,0.000000000000000000e+00,3.946818708648904273e-01
0.000000000000000000e+00,0.000000000000000000e+00,2.970205521601751997e-01,4.148639160031609152e-01,3.866784887024096173e-01,3.793615191368696071e-01,4.362552084008958220e-01,3.937184193430057766e-01,2.936365605750517749e-01,4.476790768871345971e-01,2.615207146606002842e-01,1.541655912504223125e-01,4.330052612468935913e-01,3.412843831722273125e-01,0.000000000000000000e+00,0.000000000000000000e+00,0.000000000000000000e+00,0.000000000000000000e+00,0.000000000000000000e+00,0.000000000000000000e+00,0.000000000000000000e+00,0.000000000000000000e+00,2.862531910430832771e-01,0.000000000000000000e+00,0.000000000000000000e+00,0.000000000000000000e+00,3.495516721388461923e-01,4.127497154156494763e-01,0.000000000000000000e+00,0.000000000000000000e+00,4.419005242882638740e-01,3.952725362918190766e-01,0.000000000000000000e+00,4.292597419637501077e-01,4.216262742767327154e-01,3.503749142457595056e-01,4.183353874580089116e-01,1.031902039238388052e-01,0.000000000000000000e+00,0.000000000000000000e+00,0.000000000000000000e+00,0.000000000000000000e+00,4.375623671253193736e-01,0.000000000000000000e+00,0.000000000000000000e+00,0.000000000000000000e+00,0.000000000000000000e+00,4.775377847198383763e-01,0.000000000000000000e+00,5.035654827829447733e-01,5.328552975479501352e-01,5.702704052424554249e-01,4.802414093236047066e-01,4.865743549726537776e-01,0.000000000000000000e+00,3.897621338295367277e-01,0.000000000000000000e+00,1.847620863620250131e-01,4.418916446330132808e-01,0.000000000000000000e+00,0.000000000000000000e+00,0.000000000000000000e+00,0.000000000000000000e+00,5.063518718037719468e-01,0.000000000000000000e+00,0.000000000000000000e+00,0.000000000000000000e+00,5.217017402286709959e-01,0.000000000000000000e+00,0.000000000000000000e+00,0.000000000000000000e+00,5.241830482251162993e-01,0.000000000000000000e+00,0.000000000000000000e+00,0.000000000000000000e+00,0.000000000000000000e+00
3.907031114935701765e-01,4.118920811142058880e-01,0.000000000000000000e+00,0.000000000000000000e+00,0.000000000000000000e+00,3.844156179513579241e-01,4.221177617777474023e-01,3.895261810393664814e-01,0.000000000000000000e+00,1.064357389920402991e-01,0.000000000000000000e+00,0.000000000000000000e+00,4.148133601487086208e-01,0.000000000000000000e+00,3.299694191167533153e-01,3.997257545801599088e-01,3.926101932678980888e-01,3.981060362653960905e-01,0.000000000000000000e+00,0.000000000000000000e+00,4.132042348885623939e-01,3.836590790813617091e-01,3.170809621119928257e-01,0.000000000000000000e+00,3.721795242465162912e-01,4.394424635839110915e-01,3.443259603084283804e-01,3.827825000554889723e-01,3.332154229948994240e-01,3.528572825530092993e-01,3.619597960561533045e-01,4.227892198788810729e-01,3.971343632113739086e-01,3.994370674558134215e-01,4.603170467115396125e-01,0.000000000000000000e+00,0.000000000000000000e+00,0.000000000000000000e+00,4.543224378056042734e-01,1.331515844771223867e-01,4.777459640989225043e-01,4.439065696513587733e-01,1.085571697441179012e-01,0.000000000000000000e+00,0.000000000000000000e+00,0.000000000000000000e+00,4.354693057471167861e-01,0.000000000000000000e+00,0.000000000000000000e+00,0.000000000000000000e+00,4.817953097073260915e-01,0.000000000000000000e+00,5.050039138011116480e-01,0.000000000000000000e+00,0.000000000000000000e+00,0.000000000000000000e+00,0.000000000000000000e+00,1.728164616310444990e-01,0.000000000000000000e+00,4.783789996232368780e-01,1.948112228092699905e-01,0.000000000000000000e+00,0.000000000000000000e+00,0.000000000000000000e+00,4.740290351326351126e-01,4.440234147717330160e-01,4.843706248696488248e-01,4.923961865360356183e-01,0.000000000000000000e+00,1.902737318307902992e-01,4.661648872931958842e-01,5.013532455262189602e-01,5.008455616714144742e-01,4.617847878265939898e-01,1.118076663368391954e-01,4.814141871448637811e-01
3.759669064928101156e-01,3.956915489773706884e-01,0.000000000000000000e+00,0.000000000000000000e+00,0.000000000000000000e+00,3.863956021014136044e-01,0.000000000000000000e+00,3.610113214874782761e-01,0.000000000000000000e+00,0.000000000000000000e+00,0.000000000000000000e+00,0.000000000000000000e+00,4.147022689328732081e-01,3.935934817089006832e-01,3.630583309184932106e-01,3.734416666886474223e-01,0.000000000000000000e+00,3.968455237200617103e-01,0.000000000000000000e+00,4.132042348885623939e-01,0.000000000000000000e+00,4.080877622177265240e-01,3.578647529762452040e-01,4.446170372820739125e-01,4.026276223445873215e-01,3.945294853561482906e-01,4.201753241936405092e-01,4.169007200531000823e-01,3.893349813431288831e-01,0.000000000000000000e+00,3.502444766160783818e-01,3.914179074367785116e-01,3.451220790015928075e-01,3.659000904368245877e-01,4.327442192523066056e-01,0.000000000000000000e+00,0.000000000000000000e+00,0.000000000000000000e+00,4.141517158812165755e-01,0.000000000000000000e+00,4.666170702139371129e-01,0.000000000000000000e+00,0.000000000000000000e+00,0.000000000000000000e+00,0.000000000000000000e+00,4.033744141118886239e-01,4.656013271593770209e-01,0.000000000000000000e+00,0.000000000000000000e+00,0.000000000000000000e+00,4.345119584598118867e-01,0.000000000000000000e+00,3.637905026774608253e-01,0.000000000000000000e+00,0.000000000000000000e+00,0.000000000000000000e+00,0.000000000000000000e+00,1.023915041070437987e-01,0.000000000000000000e+00,4.560181200738622764e-01,1.251528873586232049e-01,0.000000000000000000e+00,0.000000000000000000e+00,0.000000000000000000e+00,4.458037854074199946e-01,3.306657747628098942e-01,4.781056791894158220e-01,4.658654179089234959e-01,0.000000000000000000e+00,5.269635230878859655e-01,4.860589100981104194e-01,4.841050148373428064e-01,4.517395158039906877e-01,4.147867246196638158e-01,0.000000000000000000e+00,4.603105061046476876e-01
