0.000000000000000000e+00,3.972248856235071068e-01,0.000000000000000000e+00,0.000000000000000000e+00,0.000000000000000000e+00,4.350078850821060827e-01,0.000000000000000000e+00,4.854407767179395039e-01,0.000000000000000000e+00,3.957500257605571226e-01,0.000000000000000000e+00,3.719396266601920908e-01,5.276491763357604725e-01,0.000000000000000000e+00,3.874223108430939755e-01,3.802871414685546902e-01,3.533621689923597819e-01,3.495598273115322896e-01,0.000000000000000000e+00,3.941077804341783231e-01,4.209223647704805060e-01,3.908089183475954020e-01,4.467699172677199182e-01,3.500804624540542198e-01,3.735240233602022952e-01,3.636388967760015856e-01,4.111253096778619831e-01,4.925018411507426919e-01,4.546669926581257126e-01,0.000000000000000000e+00,3.206780084286391941e-01,3.966126080378191143e-01,3.144342378263075277e-01,3.554990050069593011e-01,4.346746775332989143e-01,0.000000000000000000e+00,0.000000000000000000e+00,4.274044563940587182e-01,4.414744238920961794e-01,4.060610630873062177e-01,4.241880228929347241e-01,0.000000000000000000e+00,0.000000000000000000e+00,0.000000000000000000e+00,0.000000000000000000e+00,3.980706256868212223e-01,4.595158432366759915e-01,0.000000000000000000e+00,0.000000000000000000e+00,0.000000000000000000e+00,0.000000000000000000e+00,0.000000000000000000e+00,0.000000000000000000e+00,0.000000000000000000e+00,4.556177752103490186e-01,0.000000000000000000e+00,0.000000000000000000e+00,0.000000000000000000e+00,0.000000000000000000e+00,0.000000000000000000e+00,4.413029988335244735e-01,0.000000000000000000e+00,4.029473607001627933e-01,0.000000000000000000e+00,0.000000000000000000e+00,4.886446352855046138e-01,4.642125858111825765e-01,0.000000000000000000e+00,0.000000000000000000e+00,4.026726295183826188e-01,4.571580861437261056e-01,0.000000000000000000e+00,0.000000000000000000e+00,0.000000000000000000e+00,0.000000000000000000e+00,4.159800941396015750e-01
3.972248856235071068e-01,0.000000000000000000e+00,0.000000000000000000e+00,0.000000000000000000e+00,4.119044813139579042e-01,3.851702280366299802e-01,4.316132444674625201e-01,4.675401015992992071e-01,3.998598221052919732e-01,0.000000000000000000e+00,0.000000000000000000e+00,0.000000000000000000e+00,4.413804500801515873e-01,0.000000000000000000e+00,3.966838408796827253e-01,4.070010118230208973e-01,3.817633034779118750e-01,3.786503391811342212e-01,0.000000000000000000e+00,4.030475989138512793e-01,4.014195632233873989e-01,3.950814725381613934e-01,3.961450184828804177e-01,0.000000000000000000e+00,4.058419502771861143e-01,3.767619534065597131e-01,3.961909497874999131e-01,4.247390677878675747e-01,3.936894105542735889e-01,0.000000000000000000e+00,3.661742039167856788e-01,4.087660548589195919e-01,3.552325405878464792e-01,3.765909262569134830e-01,4.340321823404152957e-01,0.000000000000000000e+00,0.000000000000000000e+00,0.000000000000000000e+00,4.526941961654292745e-01,4.304052853213827246e-01,4.298834478831409234e-01,4.755325225675164913e-01,0.000000000000000000e+00,0.000000000000000000e+00,0.000000000000000000e+00,4.486401839694210136e-01,4.380314178260987235e-01,0.000000000000000000e+00,0.000000000000000000e+00,0.000000000000000000e+00,1.380189878409228132e-01,0.000000000000000000e+00,0.000000000000000000e+00,0.000000000000000000e+00,0.000000000000000000e+00,0.000000000000000000e+00,0.000000000000000000e+00,0.000000000000000000e+00,0.000000000000000000e+00,4.648076031335042768e-01,4.495568993013536185e-01,0.000000000000000000e+00,4.138791419525397197e-01,0.000000000000000000e+00,0.000000000000000000e+00,4.667555593584825080e-01,4.323201056492614880e-01,4.422052217792523110e-01,0.000000000000000000e+00,4.254343819712135266e-01,4.676188861170152977e-01,1.228112163798806972e-01,0.000000000000000000e+00,1.088002021669951941e-01,0.000000000000000000e+00,4.135869386558180816e-01
0.000000000000000000e+00,0.000000000000000000e+00,0.000000000000000000e+00,1.084974605659149022e-01,3.807620352495719174e-01,3.919779853430164773e-01,4.205427330267412223e-01,4.298768423437251962e-01,3.070650104340236775e-01,4.543555109428141225e-01,2.748286473790120810e-01,5.845404288817732663e-01,4.309532834348177022e-01,3.708111639677966753e-01,0.000000000000000000e+00,0.000000000000000000e+00,0.000000000000000000e+00,0.000000000000000000e+00,2.605989747209743745e-01,0.000000000000000000e+00,0.000000000000000000e+00,0.000000000000000000e+00,3.021498698000473770e-01,0.000000000000000000e+00,0.000000000000000000e+00,0.000000000000000000e+00,3.319415334690796193e-01,4.366036094315720040e-01,0.000000000000000000e+00,0.000000000000000000e+00,4.487377814011446198e-01,4.153540920494422917e-01,0.000000000000000000e+00,4.431691366103522878e-01,4.680182052445762131e-01,3.875840257290963931e-01,4.006426600834914198e-01,0.000000000000000000e+00,1.477498084837118031e-01,0.000000000000000000e+00,1.357753081291697972e-01,0.000000000000000000e+00,4.800312504827722870e-01,0.000000000000000000e+00,0.000000000000000000e+00,0.000000000000000000e+00,0.000000000000000000e+00,3.856645511407478799e-01,0.000000000000000000e+00,5.555598176457053894e-01,5.259542071412947051e-01,5.718905460517711425e-01,5.365295878086808745e-01,5.429953101673090643e-01,0.000000000000000000e+00,4.481375289625935121e-01,0.000000000000000000e+00,5.653417689391468937e-01,4.698138892960848079e-01,0.000000000000000000e+00,0.000000000000000000e+00,0.000000000000000000e+00,0.000000000000000000e+00,5.172595119050127366e-01,0.000000000000000000e+00,0.000000000000000000e+00,0.000000000000000000e+00,5.419350988446436368e-01,0.000000000000000000e+00,0.000000000000000000e+00,0.000000000000000000e+00,5.421392254171925051e-01,1.895566312354675098e-01,0.000000000000000000e+00,0.000000000000000000e+00,0.000000000000000000e+00
0.000000000000000000e+00,0.000000000000000000e+00,1.084974605659149022e-01,0.000000000000000000e+00,2.073452952987870912e-01,3.663517874357203885e-01,2.719856141880113154e-01,3.127250279123235943e-01,3.980218765761873168e-01,1.414135123410323047e-01,3.680458504936879871e-01,2.611567902324665735e-01,2.800716831896735148e-01,2.177353103951359115e-01,0.000000000000000000e+00,0.000000000000000000e+00,0.000000000000000000e+00,0.000000000000000000e+00,3.707962900801535233e-01,0.000000000000000000e+00,0.000000000000000000e+00,0.000000000000000000e+00,3.830490661599799118e-01,0.000000000000000000e+00,0.000000000000000000e+00,0.000000000000000000e+00,3.786121729073437248e-01,2.163531984103564954e-01,0.000000000000000000e+00,0.000000000000000000e+00,0.000000000000000000e+00,2.875310690310555750e-01,0.000000000000000000e+00,2.299123427229554095e-01,2.768628401023385810e-01,1.767458013851986864e-01,1.444906322983242064e-01,2.787319465078962888e-01,0.000000000000000000e+00,0.000000000000000000e+00,0.000000000000000000e+00,0.000000000000000000e+00,0.000000000000000000e+00,0.000000000000000000e+00,0.000000000000000000e+00,0.000000000000000000e+00,0.000000000000000000e+00,0.000000000000000000e+00,0.000000000000000000e+00,0.000000000000000000e+00,0.000000000000000000e+00,0.000000000000000000e+00,0.000000000000000000e+00,0.000000000000000000e+00,0.000000000000000000e+00,0.000000000000000000e+00,0.000000000000000000e+00,0.000000000000000000e+00,0.000000000000000000e+00,0.000000000000000000e+00,0.000000000000000000e+00,0.000000000000000000e+00,0.000000000000000000e+00,0.000000000000000000e+00,0.000000000000000000e+00,0.000000000000000000e+00,0.000000000000000000e+00,0.000000000000000000e+00,0.000000000000000000e+00,0.000000000000000000e+00,0.000000000000000000e+00,0.000000000000000000e+00,0.000000000000000000e+00,0.000000000000000000e+00,0.000000000000000000e+00,0.000000000000000000e+00
0.000000000000000000e+00,4.119044813139579042e-01,3.807620352495719174e-01,2.073452952987870912e-01,0.000000000000000000e+00,3.834983474045645102e-01,3.264798586579891748e-01,3.575781076636567746e-01,3.381469016448592768e-01,4.116340216153749898e-01,3.344705288347509242e-01,4.135125466392053917e-01,3.767847952646642962e-01,2.388361720182972103e-01,0.000000000000000000e+00,4.351228034882834161e-01,0.000000000000000000e+00,0.000000000000000000e+00,3.471719652700531733e-01,3.802093779117737271e-01,0.000000000000000000e+00,4.398011137049098185e-01,3.877747495329427752e-01,0.000000000000000000e+00,1.026512181678926050e-01,4.421500263122695729e-01,4.078670002954090101e-01,3.671112627908941772e-01,3.882863820656545784e-01,0.000000000000000000e+00,4.282193695939788824e-01,3.714585525566710955e-01,3.616249184935577121e-01,4.137687958240676145e-01,3.797620807569370149e-01,2.498490223792438070e-01,2.734616192369432874e-01,3.633191376106518766e-01,1.449016219380533932e-01,0.000000000000000000e+00,0.000000000000000000e+00,0.000000000000000000e+00,3.827842535491048914e-01,0.000000000000000000e+00,0.000000000000000000e+00,0.000000000000000000e+00,0.000000000000000000e+00,5.141969273039703747e-01,0.000000000000000000e+00,1.196853085045865017e-01,1.413995716886319864e-01,0.000000000000000000e+00,4.840029048944093915e-01,1.473916997482105085e-01,0.000000000000000000e+00,0.000000000000000000e+00,0.000000000000000000e+00,0.000000000000000000e+00,0.000000000000000000e+00,0.000000000000000000e+00,0.000000000000000000e+00,0.000000000000000000e+00,0.000000000000000000e+00,5.419452469875412071e-01,0.000000000000000000e+00,0.000000000000000000e+00,0.000000000000000000e+00,4.848989597456890843e-01,0.000000000000000000e+00,0.000000000000000000e+00,0.000000000000000000e+00,5.219348854147434214e-01,0.000000000000000000e+00,0.000000000000000000e+00,0.000000000000000000e+00,0.000000000000000000e+00
4.350078850821060827e-01,3.851702280366299802e-01,3.919779853430164773e-01,3.663517874357203885e-01,3.834983474045645102e-01,0.000000000000000000e+00,4.104403137122571987e-01,3.555709918952466020e-01,3.345620820589659816e-01,4.282172866351295903e-01,3.666162950124651765e-01,4.581884005746800215e-01,3.832589837851814729e-01,3.588385358461402830e-01,3.868639445944069277e-01,4.143187022219487203e-01,1.577053824631629020e-01,4.012899816173032264e-01,3.835552104221586767e-01,3.751597077979342276e-01,3.937376660014190732e-01,4.126408478076741826e-01,3.662593682457647160e-01,0.000000000000000000e+00,3.905958796369474739e-01,4.012419706409502962e-01,3.512649998579223110e-01,3.635135189577309855e-01,3.264541514220782870e-01,4.024716374560631249e-01,4.279717836691038779e-01,4.017050625180719203e-01,3.695751725269257881e-01,4.346691609054585959e-01,4.485059519534421724e-01,3.996088728094577824e-01,4.106908266542251273e-01,4.516695850859174799e-01,4.395834091086613937e-01,0.000000000000000000e+00,4.994679296332357188e-01,1.337139184359505129e-01,1.280654934576379023e-01,0.000000000000000000e+00,0.000000000000000000e+00,0.000000000000000000e+00,1.837371231652606962e-01,5.104666231791846753e-01,0.000000000000000000e+00,5.484480068261397001e-01,4.562404557612961264e-01,5.161745814547905598e-01,4.426217325688607818e-01,5.042167045363067368e-01,0.000000000000000000e+00,4.799629839967872180e-01,0.000000000000000000e+00,5.002428144716970504e-01,0.000000000000000000e+00,4.417076853806314873e-01,0.000000000000000000e+00,0.000000000000000000e+00,0.000000000000000000e+00,5.122183857838263910e-01,4.414106932003962758e-01,4.504413311950556942e-01,4.626476076860011055e-01,4.591878046186311790e-01,0.000000000000000000e+00,0.000000000000000000e+00,4.711232487356442067e-01,4.614148120458361202e-01,4.728226291553266902e-01,4.472316637220909996e-01,5.226047526356273343e-01,4.692269174447394886e-01
0.000000000000000000e+00,4.316132444674625201e-01,4.205427330267412223e-01,2.719856141880113154e-01,3.264798586579891748e-01,4.104403137122571987e-01,0.000000000000000000e+00,4.048449555182301873e-01,3.682258041836808937e-01,4.025907899926238209e-01,4.193977202877772203e-01,3.992260819106330239e-01,3.452494332534428167e-01,3.058554463537084822e-01,0.000000000000000000e+00,4.637688621146155987e-01,4.269734024625986835e-01,4.499589413358677237e-01,4.243641270561429035e-01,4.343954503927013877e-01,0.000000000000000000e+00,4.704479721475601783e-01,3.990841994829648076e-01,0.000000000000000000e+00,4.382085251048646879e-01,4.250592330139010833e-01,4.156001560286143870e-01,4.037000240477667257e-01,4.307340603055723749e-01,0.000000000000000000e+00,4.336243853574339724e-01,3.983667896772827843e-01,3.921087825537151184e-01,4.164585564483577196e-01,4.344010475682181793e-01,3.151319876459293123e-01,3.089790635060530866e-01,3.799781987697296026e-01,1.841832463700056044e-01,0.000000000000000000e+00,1.637731516271186127e-01,0.000000000000000000e+00,1.211191185914881063e-01,0.000000000000000000e+00,0.000000000000000000e+00,0.000000000000000000e+00,0.000000000000000000e+00,5.783401367584457553e-01,0.000000000000000000e+00,0.000000000000000000e+00,1.612945990765811966e-01,0.000000000000000000e+00,5.371199540139577344e-01,6.111087439910014574e-01,0.000000000000000000e+00,5.781731699116662293e-01,0.000000000000000000e+00,0.000000000000000000e+00,0.000000000000000000e+00,0.000000000000000000e+00,0.000000000000000000e+00,0.000000000000000000e+00,0.000000000000000000e+00,6.035003710903872332e-01,0.000000000000000000e+00,0.000000000000000000e+00,0.000000000000000000e+00,4.918571910432155136e-01,0.000000000000000000e+00,0.000000000000000000e+00,0.000000000000000000e+00,4.821813446280592830e-01,0.000000000000000000e+00,0.000000000000000000e+00,0.000000000000000000e+00,0.000000000000000000e+00
4.854407767179395039e-01,4.675401015992992071e-01,4.298768423437251962e-01,3.127250279123235943e-01,3.575781076636567746e-01,3.555709918952466020e-01,4.048449555182301873e-01,0.000000000000000000e+00,4.303351225028769766e-01,4.475101747907784255e-01,2.784947148544109075e-01,5.239011040050962631e-01,4.142760010950000127e-01,3.407951959196580116e-01,3.171136341518576152e-01,4.630866907448742964e-01,0.000000000000000000e+00,4.620751054904799204e-01,3.722223193669553787e-01,3.861574037806960180e-01,3.785355565134583267e-01,4.478260439584045849e-01,3.279788243410948212e-01,4.936584255697180068e-01,4.527950223910447991e-01,4.667937587216944850e-01,3.903325189332880196e-01,3.999867576058819263e-01,3.385878212878776217e-01,3.876019550427173277e-01,4.185109164517049063e-01,3.800692935267673822e-01,4.179922411572563057e-01,4.187872540085402773e-01,4.590321226541360100e-01,2.723625175891167260e-01,3.614971291390101094e-01,0.000000000000000000e+00,5.078104848805858884e-01,0.000000000000000000e+00,0.000000000000000000e+00,0.000000000000000000e+00,4.069900944243016738e-01,0.000000000000000000e+00,0.000000000000000000e+00,0.000000000000000000e+00,0.000000000000000000e+00,5.252159447582752660e-01,0.000000000000000000e+00,5.432851653018743177e-01,0.000000000000000000e+00,5.085993702963176322e-01,4.755287039118129000e-01,5.277749389162336158e-01,0.000000000000000000e+00,4.394580908088632221e-01,0.000000000000000000e+00,4.880547961241957222e-01,0.000000000000000000e+00,4.532631744138396757e-01,0.000000000000000000e+00,0.000000000000000000e+00,0.000000000000000000e+00,5.449728637473335580e-01,4.927683541824515734e-01,4.381864862429317165e-01,0.000000000000000000e+00,4.899285459194148151e-01,0.000000000000000000e+00,0.000000000000000000e+00,0.000000000000000000e+00,4.993018008276107200e-01,4.819248742224819804e-01,4.460288164748588136e-01,0.000000000000000000e+00,1.067701148290253060e-01
0.000000000000000000e+00,3.998598221052919732e-01,3.070650104340236775e-01,3.980218765761873168e-01,3.381469016448592768e-01,3.345620820589659816e-01,3.682258041836808937e-01,4.303351225028769766e-01,0.000000000000000000e+00,4.359319004217038218e-01,3.030669428424208056e-01,4.337278975220950072e-01,3.690714249324716922e-01,3.876261920621815182e-01,0.000000000000000000e+00,4.492580801341560237e-01,0.000000000000000000e+00,1.723180217420489102e-01,2.533717756200125071e-01,4.079235007509863231e-01,0.000000000000000000e+00,4.355961273034049119e-01,3.829486033151356938e-01,1.348241689002374066e-01,4.220016125769817106e-01,4.471423154150940826e-01,3.816540603297066125e-01,4.228224774764853255e-01,3.941046552566864203e-01,0.000000000000000000e+00,4.432217856928223898e-01,4.077037075530767773e-01,4.181478960062035011e-01,4.374267960605268124e-01,4.393252280739092797e-01,3.994634606205100247e-01,4.179562431038204018e-01,4.190132996329357096e-01,1.371550272575474128e-01,0.000000000000000000e+00,1.944270713845958065e-01,0.000000000000000000e+00,4.424937799436396979e-01,0.000000000000000000e+00,0.000000000000000000e+00,0.000000000000000000e+00,0.000000000000000000e+00,5.300652716273296372e-01,0.000000000000000000e+00,1.678821275704424076e-01,4.974517282017550945e-01,1.944052841542409094e-01,5.135637471980655233e-01,5.972476811931041185e-01,0.000000000000000000e+00,4.790050907873127928e-01,0.000000000000000000e+00,5.946509434591165100e-01,4.457429115399477726e-01,0.000000000000000000e+00,0.000000000000000000e+00,0.000000000000000000e+00,0.000000000000000000e+00,5.226266267854862146e-01,0.000000000000000000e+00,0.000000000000000000e+00,0.000000000000000000e+00,5.123489844101338786e-01,0.000000000000000000e+00,0.000000000000000000e+00,0.000000000000000000e+00,5.087995976912160767e-01,2.033127150883851098e-01,0.000000000000000000e+00,0.000000000000000000e+00,0.000000000000000000e+00
3.957500257605571226e-01,0.000000000000000000e+00,4.543555109428141225e-01,1.414135123410323047e-01,4.116340216153749898e-01,4.282172866351295903e-01,4.025907899926238209e-01,4.475101747907784255e-01,4.359319004217038218e-01,0.000000000000000000e+00,4.308193958163978876e-01,2.965555751796871142e-01,4.176270270701128995e-01,0.000000000000000000e+00,0.000000000000000000e+00,3.717120348119625217e-01,3.471293187507819011e-01,3.509462623372398005e-01,4.215995342288109127e-01,1.064357389920402991e-01,0.000000000000000000e+00,1.131478320326588932e-01,4.208723519356251108e-01,2.998100541711654077e-01,3.369345836343201062e-01,3.241162379776382774e-01,4.288277657301877155e-01,4.087184268010324861e-01,1.329312264403890997e-01,0.000000000000000000e+00,3.315835549256896941e-01,3.597710921221202174e-01,2.816082375395381199e-01,3.174849299129148261e-01,3.332949197342439107e-01,3.077415281437194117e-01,2.271013812073894023e-01,2.782092094871921883e-01,3.686607350140631012e-01,3.132554010560916202e-01,3.205830678943252798e-01,3.259571898184427940e-01,0.000000000000000000e+00,0.000000000000000000e+00,2.631903808961716940e-01,4.142661220619461848e-01,0.000000000000000000e+00,0.000000000000000000e+00,0.000000000000000000e+00,0.000000000000000000e+00,0.000000000000000000e+00,0.000000000000000000e+00,0.000000000000000000e+00,0.000000000000000000e+00,3.828274981898355800e-01,0.000000000000000000e+00,3.869892060276792778e-01,3.937513926857493796e-01,0.000000000000000000e+00,0.000000000000000000e+00,0.000000000000000000e+00,3.867828177230441256e-01,3.817696721704875173e-01,0.000000000000000000e+00,0.000000000000000000e+00,0.000000000000000000e+00,0.000000000000000000e+00,0.000000000000000000e+00,3.820511373397330046e-01,4.113885876453666213e-01,4.262501989052208118e-01,0.000000000000000000e+00,3.488232117643053076e-01,0.000000000000000000e+00,0.000000000000000000e+00,3.211181064215661851e-01
0.000000000000000000e+00,0.000000000000000000e+00,2.748286473790120810e-01,3.680458504936879871e-01,3.344705288347509242e-01,3.666162950124651765e-01,4.193977202877772203e-01,2.784947148544109075e-01,3.030669428424208056e-01,4.308193958163978876e-01,0.000000000000000000e+00,4.131739979033557941e-01,4.207430488097584909e-01,2.742098135953174864e-01,0.000000000000000000e+00,0.000000000000000000e+00,1.129603659847957936e-01,0.000000000000000000e+00,2.322951298035486056e-01,0.000000000000000000e+00,0.000000000000000000e+00,0.000000000000000000e+00,2.575107940498447268e-01,4.493758561885912162e-01,0.000000000000000000e+00,1.680492079956459883e-01,3.813128674023872899e-01,4.107650120841623842e-01,0.000000000000000000e+00,0.000000000000000000e+00,4.268598489187451217e-01,3.515526806990402764e-01,0.000000000000000000e+00,4.261102777903303940e-01,4.015584747457068837e-01,2.545708221182398923e-01,4.011941528521515976e-01,3.994113984321231992e-01,0.000000000000000000e+00,0.000000000000000000e+00,0.000000000000000000e+00,0.000000000000000000e+00,3.863188583513377239e-01,0.000000000000000000e+00,0.000000000000000000e+00,0.000000000000000000e+00,0.000000000000000000e+00,4.721250868321192895e-01,0.000000000000000000e+00,4.235130170852616227e-01,0.000000000000000000e+00,4.656647242022554090e-01,4.356938623652191755e-01,5.122916080566441988e-01,0.000000000000000000e+00,1.877867398060840132e-01,0.000000000000000000e+00,4.545637465428982171e-01,3.189013343630052733e-01,0.000000000000000000e+00,0.000000000000000000e+00,0.000000000000000000e+00,0.000000000000000000e+00,2.078016317005058899e-01,0.000000000000000000e+00,0.000000000000000000e+00,0.000000000000000000e+00,4.991786321101688850e-01,0.000000000000000000e+00,0.000000000000000000e+00,0.000000000000000000e+00,5.139960050751155585e-01,1.700380183479761886e-01,0.000000000000000000e+00,0.000000000000000000e+00,0.000000000000000000e+00
3.719396266601920908e-01,0.000000000000000000e+00,5.845404288817732663e-01,2.611567902324665735e-01,4.135125466392053917e-01,4.581884005746800215e-01,3.992260819106330239e-01,5.239011040050962631e-01,4.337278975220950072e-01,2.965555751796871142e-01,4.131739979033557941e-01,0.000000000000000000e+00,4.033461091858843162e-01,0.000000000000000000e+00,0.000000000000000000e+00,0.000000000000000000e+00,3.602728775528579730e-01,3.718416677171820228e-01,4.769888143147261172e-01,0.000000000000000000e+00,4.797763422389120791e-01,0.000000000000000000e+00,4.556416734212312969e-01,2.811060311181559079e-01,3.475627743888667909e-01,3.122910794937178158e-01,4.903896494524602745e-01,3.487421484082007250e-01,0.000000000000000000e+00,0.000000000000000000e+00,3.433452124350713230e-01,3.168209404830926723e-01,2.839395120708254061e-01,2.884749546491466865e-01,3.580229048756050081e-01,3.129361858444202893e-01,2.884976857898520208e-01,2.537996414293878233e-01,2.518919361931836742e-01,3.544236964580158022e-01,3.626712652631017830e-01,2.913309349406847937e-01,0.000000000000000000e+00,0.000000000000000000e+00,3.207852706184963765e-01,0.000000000000000000e+00,0.000000000000000000e+00,0.000000000000000000e+00,0.000000000000000000e+00,0.000000000000000000e+00,0.000000000000000000e+00,0.000000000000000000e+00,0.000000000000000000e+00,0.000000000000000000e+00,4.088902347839188933e-01,0.000000000000000000e+00,4.064154928493862173e-01,3.941440189559102247e-01,0.000000000000000000e+00,0.000000000000000000e+00,0.000000000000000000e+00,4.074698341655962897e-01,3.942277254410965770e-01,0.000000000000000000e+00,0.000000000000000000e+00,0.000000000000000000e+00,0.000000000000000000e+00,0.000000000000000000e+00,4.003638065990084982e-01,4.302189301769840934e-01,4.399096300944608795e-01,0.000000000000000000e+00,3.761199879116038924e-01,0.000000000000000000e+00,0.000000000000000000e+00,3.816079432885066125e-01
5.276491763357604725e-01,4.413804500801515873e-01,4.309532834348177022e-01,2.800716831896735148e-01,3.767847952646642962e-01,3.832589837851814729e-01,3.452494332534428167e-01,4.142760010950000127e-01,3.690714249324716922e-01,4.176270270701128995e-01,4.207430488097584909e-01,4.033461091858843162e-01,0.000000000000000000e+00,3.248213223091602209e-01,4.125098316611737204e-01,4.659697425786475944e-01,4.265251654758329125e-01,4.350626054031001000e-01,4.221974825094196859e-01,4.248006315939590882e-01,4.425409753188673800e-01,4.700251490019435874e-01,4.079350485768188928e-01,3.982201327778470135e-01,4.361347762573941078e-01,4.420495997124733734e-01,4.230749336980286768e-01,3.470121146957670932e-01,4.025286781508464751e-01,4.227028691540370975e-01,4.159995726561688811e-01,3.968281579166254014e-01,3.966864241265313784e-01,4.063094565958497162e-01,4.095434879559771146e-01,3.174155300008009162e-01,3.116040942628933164e-01,3.732756264659983225e-01,4.800714674647709179e-01,4.377543827968550239e-01,1.616459001673085927e-01,1.298068953631462130e-01,1.302533182002741097e-01,0.000000000000000000e+00,0.000000000000000000e+00,0.000000000000000000e+00,0.000000000000000000e+00,5.533558423804942894e-01,0.000000000000000000e+00,0.000000000000000000e+00,1.520829823601342889e-01,2.127971987323727110e-01,4.872193406639727109e-01,0.000000000000000000e+00,0.000000000000000000e+00,5.347113692838840748e-01,4.457772977526278102e-01,0.000000000000000000e+00,0.000000000000000000e+00,1.660466628282462886e-01,0.000000000000000000e+00,0.000000000000000000e+00,0.000000000000000000e+00,0.000000000000000000e+00,1.543003688465809098e-01,0.000000000000000000e+00,2.033799240140601039e-01,4.790819148543787875e-01,0.000000000000000000e+00,1.644983550037110998e-01,1.881866019945158952e-01,4.701830879696192178e-01,0.000000000000000000e+00,4.839847335440917164e-01,0.000000000000000000e+00,0.000000000000000000e+00
0.000000000000000000e+00,0.000000000000000000e+00,3.708111639677966753e-01,2.177353103951359115e-01,2.388361720182972103e-01,3.588385358461402830e-01,3.058554463537084822e-01,3.407951959196580116e-01,3.876261920621815182e-01,0.000000000000000000e+00,2.742098135953174864e-01,0.000000000000000000e+00,3.248213223091602209e-01,0.000000000000000000e+00,0.000000000000000000e+00,0.000000000000000000e+00,0.000000000000000000e+00,0.000000000000000000e+00,3.283216383952793915e-01,0.000000000000000000e+00,0.000000000000000000e+00,0.000000000000000000e+00,3.383786333836293903e-01,0.000000000000000000e+00,0.000000000000000000e+00,0.000000000000000000e+00,3.889277613993767924e-01,2.538259019816644924e-01,0.000000000000000000e+00,0.000000000000000000e+00,3.505220876626726212e-01,2.406085088301432862e-01,0.000000000000000000e+00,2.908969262103813236e-01,0.000000000000000000e+00,2.044923909088585956e-01,1.499922848902165984e-01,0.000000000000000000e+00,0.000000000000000000e+00,0.000000000000000000e+00,0.000000000000000000e+00,0.000000000000000000e+00,3.388255195999588798e-01,0.000000000000000000e+00,0.000000000000000000e+00,0.000000000000000000e+00,0.000000000000000000e+00,5.176074099202894185e-01,0.000000000000000000e+00,0.000000000000000000e+00,0.000000000000000000e+00,0.000000000000000000e+00,0.000000000000000000e+00,4.897949134390435777e-01,0.000000000000000000e+00,4.081710753915041012e-01,0.000000000000000000e+00,0.000000000000000000e+00,0.000000000000000000e+00,0.000000000000000000e+00,0.000000000000000000e+00,0.000000000000000000e+00,0.000000000000000000e+00,0.000000000000000000e+00,0.000000000000000000e+00,0.000000000000000000e+00,0.000000000000000000e+00,4.496225320939469250e-01,0.000000000000000000e+00,0.000000000000000000e+00,0.000000000000000000e+00,0.000000000000000000e+00,0.000000000000000000e+00,0.000000000000000000e+00,0.000000000000000000e+00,0.000000000000000000e+00
3.874223108430939755e-01,3.966838408796827253e-01,0.000000000000000000e+00,0.000000000000000000e+00,0.000000000000000000e+00,3.868639445944069277e-01,0.000000000000000000e+00,3.171136341518576152e-01,0.000000000000000000e+00,0.000000000000000000e+00,0.000000000000000000e+00,0.000000000000000000e+00,4.125098316611737204e-01,0.000000000000000000e+00,0.000000000000000000e+00,4.104947605771850916e-01,0.000000000000000000e+00,3.976025842499287810e-01,0.000000000000000000e+00,3.316356294876944832e-01,3.719729632837174838e-01,3.538022147260780903e-01,3.203248781374591903e-01,4.309567401553562882e-01,4.057061908396594752e-01,4.033093137688141261e-01,3.513391736775113849e-01,4.001662806850023735e-01,3.566421042588847068e-01,0.000000000000000000e+00,4.041147128953389012e-01,4.240453454808216782e-01,3.488551541164222058e-01,4.248616526788563941e-01,4.657937454504151864e-01,0.000000000000000000e+00,0.000000000000000000e+00,0.000000000000000000e+00,4.608824220129975058e-01,4.245896955205317735e-01,4.815089098833100212e-01,5.060270210881945285e-01,5.154998237311507747e-01,0.000000000000000000e+00,0.000000000000000000e+00,0.000000000000000000e+00,4.861422729525768927e-01,0.000000000000000000e+00,0.000000000000000000e+00,0.000000000000000000e+00,4.442583268736109980e-01,0.000000000000000000e+00,3.904801234689586065e-01,0.000000000000000000e+00,0.000000000000000000e+00,0.000000000000000000e+00,0.000000000000000000e+00,5.825859362774868933e-01,0.000000000000000000e+00,4.238505026752394933e-01,1.452970067518689068e-01,0.000000000000000000e+00,0.000000000000000000e+00,0.000000000000000000e+00,4.374325354033973823e-01,4.590421309737920952e-01,4.617687024472363899e-01,4.531727485880098771e-01,0.000000000000000000e+00,1.582739178132742119e-01,5.042435369703164305e-01,4.498064703079117099e-01,4.654571995077386171e-01,4.493757258113135755e-01,0.000000000000000000e+00,4.666925969928615858e-01
3.802871414685546902e-01,4.070010118230208973e-01,0.000000000000000000e+00,0.000000000000000000e+00,4.351228034882834161e-01,4.143187022219487203e-01,4.637688621146155987e-01,4.630866907448742964e-01,4.492580801341560237e-01,3.717120348119625217e-01,0.000000000000000000e+00,0.000000000000000000e+00,4.659697425786475944e-01,0.000000000000000000e+00,4.104947605771850916e-01,0.000000000000000000e+00,3.659791768432754111e-01,3.746361039574460094e-01,0.000000000000000000e+00,3.896904925103515938e-01,4.049072848628653132e-01,3.938296400006652265e-01,4.023039233280428228e-01,3.871048516888109248e-01,3.848362933824063803e-01,4.011238394954725894e-01,4.188767199492072213e-01,4.444570728190810893e-01,4.165955033753008241e-01,4.153695794107729045e-01,3.467197972232696213e-01,4.114463200786611097e-01,3.685999958895574968e-01,3.545515007709920119e-01,4.377784729214124204e-01,0.000000000000000000e+00,0.000000000000000000e+00,0.000000000000000000e+00,4.348602085538831874e-01,4.084614197850017225e-01,4.050761446102829066e-01,4.491194252766319006e-01,0.000000000000000000e+00,0.000000000000000000e+00,0.000000000000000000e+00,4.202714295382977139e-01,4.395832241703497845e-01,0.000000000000000000e+00,0.000000000000000000e+00,0.000000000000000000e+00,0.000000000000000000e+00,0.000000000000000000e+00,0.000000000000000000e+00,0.000000000000000000e+00,0.000000000000000000e+00,0.000000000000000000e+00,0.000000000000000000e+00,0.000000000000000000e+00,0.000000000000000000e+00,0.000000000000000000e+00,4.308861603806538043e-01,0.000000000000000000e+00,4.020139817327105236e-01,0.000000000000000000e+00,1.142567791173294961e-01,4.482828269661778275e-01,4.449828673116409949e-01,1.718447103613205129e-01,0.000000000000000000e+00,3.984504229949781817e-01,4.386760613203790071e-01,1.510972486137522885e-01,0.000000000000000000e+00,1.420226505012320006e-01,0.000000000000000000e+00,4.237067870712202255e-01
3.533621689923597819e-01,3.817633034779118750e-01,0.000000000000000000e+00,0.000000000000000000e+00,0.000000000000000000e+00,1.577053824631629020e-01,4.269734024625986835e-01,0.000000000000000000e+00,0.000000000000000000e+00,3.471293187507819011e-01,1.129603659847957936e-01,3.602728775528579730e-01,4.265251654758329125e-01,0.000000000000000000e+00,0.000000000000000000e+00,3.659791768432754111e-01,0.000000000000000000e+00,3.464578519462974127e-01,0.000000000000000000e+00,1.128976963617454032e-01,0.000000000000000000e+00,3.926808135411606893e-01,0.000000000000000000e+00,3.375447825717485806e-01,3.447521508772923848e-01,3.591728286387608771e-01,0.000000000000000000e+00,4.144185797014777184e-01,1.054474693937562935e-01,0.000000000000000000e+00,3.440383588001882931e-01,4.005034503914345900e-01,3.102178676094350940e-01,3.431988104304948273e-01,3.707839210806568864e-01,0.000000000000000000e+00,0.000000000000000000e+00,3.258180206257609846e-01,0.000000000000000000e+00,3.752065797522253221e-01,0.000000000000000000e+00,0.000000000000000000e+00,0.000000000000000000e+00,0.000000000000000000e+00,0.000000000000000000e+00,0.000000000000000000e+00,0.000000000000000000e+00,0.000000000000000000e+00,0.000000000000000000e+00,0.000000000000000000e+00,0.000000000000000000e+00,0.000000000000000000e+00,0.000000000000000000e+00,0.000000000000000000e+00,3.871557016353209812e-01,0.000000000000000000e+00,4.094141976292033913e-01,0.000000000000000000e+00,0.000000000000000000e+00,0.000000000000000000e+00,0.000000000000000000e+00,3.988565508274994897e-01,4.109326952375971787e-01,0.000000000000000000e+00,0.000000000000000000e+00,0.000000000000000000e+00,0.000000000000000000e+00,0.000000000000000000e+00,4.326866846272389155e-01,3.971653118285187745e-01,4.191664353185590164e-01,0.000000000000000000e+00,0.000000000000000000e+00,0.000000000000000000e+00,0.000000000000000000e+00,0.000000000000000000e+00
3.495598273115322896e-01,3.786503391811342212e-01,0.000000000000000000e+00,0.000000000000000000e+00,0.000000000000000000e+00,4.012899816173032264e-01,4.499589413358677237e-01,4.620751054904799204e-01,1.723180217420489102e-01,3.509462623372398005e-01,0.000000000000000000e+00,3.718416677171820228e-01,4.350626054031001000e-01,0.000000000000000000e+00,3.976025842499287810e-01,3.746361039574460094e-01,3.464578519462974127e-01,0.000000000000000000e+00,0.000000000000000000e+00,3.995956655739140162e-01,4.364778003837669895e-01,3.952553002440469254e-01,4.255190265548596251e-01,3.364669480321790251e-01,3.661374848822637751e-01,3.591307594923107138e-01,4.134973373453402767e-01,4.267281805489228086e-01,4.104971506522568925e-01,0.000000000000000000e+00,3.573120360635573256e-01,4.120133322920905838e-01,3.207948427370618250e-01,3.456317636002566029e-01,3.942420201730665874e-01,0.000000000000000000e+00,0.000000000000000000e+00,0.000000000000000000e+00,4.085492349687097069e-01,3.870872663074205744e-01,3.869251517372546134e-01,4.347059247349580047e-01,0.000000000000000000e+00,0.000000000000000000e+00,0.000000000000000000e+00,4.038589638564077933e-01,4.192646757786734901e-01,0.000000000000000000e+00,0.000000000000000000e+00,0.000000000000000000e+00,0.000000000000000000e+00,0.000000000000000000e+00,0.000000000000000000e+00,0.000000000000000000e+00,3.954017535766535252e-01,0.000000000000000000e+00,4.059110244999898920e-01,0.000000000000000000e+00,0.000000000000000000e+00,0.000000000000000000e+00,4.095880875486664907e-01,4.084832207758475886e-01,4.065244881442264813e-01,0.000000000000000000e+00,0.000000000000000000e+00,0.000000000000000000e+00,0.000000000000000000e+00,0.000000000000000000e+00,4.205566195317220757e-01,4.047372513555708151e-01,4.266562889099123068e-01,0.000000000000000000e+00,0.000000000000000000e+00,0.000000000000000000e+00,0.000000000000000000e+00,4.082509030750688939e-01
0.000000000000000000e+00,0.000000000000000000e+00,2.605989747209743745e-01,3.707962900801535233e-01,3.471719652700531733e-01,3.835552104221586767e-01,4.243641270561429035e-01,3.722223193669553787e-01,2.533717756200125071e-01,4.215995342288109127e-01,2.322951298035486056e-01,4.769888143147261172e-01,4.221974825094196859e-01,3.283216383952793915e-01,0.000000000000000000e+00,0.000000000000000000e+00,0.000000000000000000e+00,0.000000000000000000e+00,0.000000000000000000e+00,0.000000000000000000e+00,0.000000000000000000e+00,0.000000000000000000e+00,2.684108517936658056e-01,0.000000000000000000e+00,0.000000000000000000e+00,0.000000000000000000e+00,3.815738122167682267e-01,4.126099822195434808e-01,0.000000000000000000e+00,0.000000000000000000e+00,4.414194773816835227e-01,3.997312515780581110e-01,0.000000000000000000e+00,4.379245799885316259e-01,4.077614955593997781e-01,3.541022937950796257e-01,4.175089446970727813e-01,4.501644244273161899e-01,0.000000000000000000e+00,0.000000000000000000e+00,0.000000000000000000e+00,0.000000000000000000e+00,4.408017712291816270e-01,0.000000000000000000e+00,0.000000000000000000e+00,0.000000000000000000e+00,0.000000000000000000e+00,5.042946524576359391e-01,0.000000000000000000e+00,1.437041172048640070e-01,0.000000000000000000e+00,5.595368383138203949e-01,4.814264324975873199e-01,5.335391764629435762e-01,0.000000000000000000e+00,4.449239312359483112e-01,0.000000000000000000e+00,1.847620863620250131e-01,4.475760369461371235e-01,0.000000000000000000e+00,0.000000000000000000e+00,0.000000000000000000e+00,0.000000000000000000e+00,5.223021010745835246e-01,0.000000000000000000e+00,0.000000000000000000e+00,0.000000000000000000e+00,5.073525049553104793e-01,0.000000000000000000e+00,0.000000000000000000e+00,0.000000000000000000e+00,5.265901931759694454e-01,0.000000000000000000e+00,0.000000000000000000e+00,0.000000000000000000e+00,0.000000000000000000e+00
3.941077804341783231e-01,4.030475989138512793e-01,0.000000000000000000e+00,0.000000000000000000e+00,3.802093779117737271e-01,3.751597077979342276e-01,4.343954503927013877e-01,3.861574037806960180e-01,4.079235007509863231e-01,1.064357389920402991e-01,0.000000000000000000e+00,0.000000000000000000e+00,4.248006315939590882e-01,0.000000000000000000e+00,3.316356294876944832e-01,3.896904925103515938e-01,1.128976963617454032e-01,3.995956655739140162e-01,0.000000000000000000e+00,0.000000000000000000e+00,3.917589919023413136e-01,3.619723121249048270e-01,3.324591542983653114e-01,0.000000000000000000e+00,4.104356536448952042e-01,4.148306327147787131e-01,3.346083651569973227e-01,3.783355707179943961e-01,3.272330336164265829e-01,3.638458997947113804e-01,3.771100329161837239e-01,4.452186680842534217e-01,3.854077181883093783e-01,4.155005005046180089e-01,4.730126174386167781e-01,0.000000000000000000e+00,0.000000000000000000e+00,0.000000000000000000e+00,4.686585161116446074e-01,4.292553573756657248e-01,4.697201216661973100e-01,4.819086406402111056e-01,1.085571697441179012e-01,0.000000000000000000e+00,0.000000000000000000e+00,0.000000000000000000e+00,4.455970142997625061e-01,0.000000000000000000e+00,0.000000000000000000e+00,0.000000000000000000e+00,1.166765226894813934e-01,0.000000000000000000e+00,4.304010267063104189e-01,0.000000000000000000e+00,0.000000000000000000e+00,0.000000000000000000e+00,0.000000000000000000e+00,1.728164616310444990e-01,0.000000000000000000e+00,4.453802626305187196e-01,1.948112228092699905e-01,0.000000000000000000e+00,0.000000000000000000e+00,0.000000000000000000e+00,4.413674222121666824e-01,4.469074515448290819e-01,4.607353586275965140e-01,4.553452497525635745e-01,0.000000000000000000e+00,1.902737318307902992e-01,4.608655481000225040e-01,4.263729811499585853e-01,4.747375001777356940e-01,4.556393505851024095e-01,1.118076663368391954e-01,4.680711011106450936e-01
4.209223647704805060e-01,4.014195632233873989e-01,0.000000000000000000e+00,0.000000000000000000e+00,0.000000000000000000e+00,3.937376660014190732e-01,0.000000000000000000e+00,3.785355565134583267e-01,0.000000000000000000e+00,0.000000000000000000e+00,0.000000000000000000e+00,4.797763422389120791e-01,4.425409753188673800e-01,0.000000000000000000e+00,3.719729632837174838e-01,4.049072848628653132e-01,0.000000000000000000e+00,4.364778003837669895e-01,0.000000000000000000e+00,3.917589919023413136e-01,0.000000000000000000e+00,3.960558242568020804e-01,3.732312384898585078e-01,4.755620568148616889e-01,4.308292155884532182e-01,4.126745705800503039e-01,3.824077622907716134e-01,4.125156762262782162e-01,3.750918310617045170e-01,0.000000000000000000e+00,3.881495921226386092e-01,4.060870408918482166e-01,3.405793004837950888e-01,4.049859918794245783e-01,4.748660661191896892e-01,0.000000000000000000e+00,0.000000000000000000e+00,0.000000000000000000e+00,4.758652281681421958e-01,4.600267073068842749e-01,4.874203601668664065e-01,5.258398818564240518e-01,0.000000000000000000e+00,0.000000000000000000e+00,0.000000000000000000e+00,4.615524627512385125e-01,4.927614048919066736e-01,0.000000000000000000e+00,0.000000000000000000e+00,0.000000000000000000e+00,0.000000000000000000e+00,0.000000000000000000e+00,4.367406257333313890e-01,0.000000000000000000e+00,0.000000000000000000e+00,0.000000000000000000e+00,0.000000000000000000e+00,5.814339131330268362e-01,0.000000000000000000e+00,4.701666960400524009e-01,4.627896384845039957e-01,0.000000000000000000e+00,0.000000000000000000e+00,0.000000000000000000e+00,4.582398784319445251e-01,4.613464206098030762e-01,4.797908823760251851e-01,4.560699945505329866e-01,0.000000000000000000e+00,1.266680572697488905e-01,5.168623325682345504e-01,4.700900860317160923e-01,4.983108100824428233e-01,4.515368490209544783e-01,0.000000000000000000e+00,4.820633625778883991e-01
