0.000000000000000000e+00,3.914944735412991816e-01,0.000000000000000000e+00,0.000000000000000000e+00,0.000000000000000000e+00,4.688202331522555166e-01,0.000000000000000000e+00,5.056814679489188835e-01,0.000000000000000000e+00,0.000000000000000000e+00,0.000000000000000000e+00,3.912058068007753242e-01,4.895805275197323003e-01,0.000000000000000000e+00,3.880372844849780956e-01,3.872458923348929827e-01,0.000000000000000000e+00,3.749361467824188776e-01,0.000000000000000000e+00,4.220153905707129116e-01,4.083095221799475927e-01,3.787589108415009842e-01,4.816644246764629766e-01,3.569998192670901238e-01,3.767179677943104932e-01,3.848919079068335858e-01,4.696167434450603806e-01,4.358048065956959261e-01,4.522035712711067745e-01,0.000000000000000000e+00,3.685361891412284874e-01,4.068958201291230092e-01,3.429857165056062196e-01,3.660650091901014869e-01,4.059823575035704235e-01,0.000000000000000000e+00,0.000000000000000000e+00,4.592860204957917025e-01,4.530006894581767862e-01,4.420624514109440795e-01,4.712214280197388194e-01,0.000000000000000000e+00,0.000000000000000000e+00,0.000000000000000000e+00,0.000000000000000000e+00,3.564021855560576268e-01,4.783984653219479077e-01,0.000000000000000000e+00,0.000000000000000000e+00,0.000000000000000000e+00,0.000000000000000000e+00,0.000000000000000000e+00,0.000000000000000000e+00,0.000000000000000000e+00,5.664896289012695263e-01,0.000000000000000000e+00,0.000000000000000000e+00,0.000000000000000000e+00,0.000000000000000000e+00,0.000000000000000000e+00,4.464133871516400842e-01,0.000000000000000000e+00,4.451401479345583057e-01,0.000000000000000000e+00,0.000000000000000000e+00,3.196136624674453253e-01,5.047701305410855488e-01,0.000000000000000000e+00,3.946715466036813114e-01,4.597855830833855739e-01,4.686714952778506804e-01,0.000000000000000000e+00,0.000000000000000000e+00,0.000000000000000000e+00,0.000000000000000000e+00,0.000000000000000000e+00
3.914944735412991816e-01,0.000000000000000000e+00,0.000000000000000000e+00,0.000000000000000000e+00,0.000000000000000000e+00,4.314463147219351757e-01,4.617905587751310881e-01,0.000000000000000000e+00,4.162912340755203777e-01,0.000000000000000000e+00,0.000000000000000000e+00,0.000000000000000000e+00,4.492194103561314988e-01,0.000000000000000000e+00,4.521512400073692262e-01,4.087261836949793170e-01,3.734862349634952006e-01,4.032402604374237809e-01,0.000000000000000000e+00,4.517461746947616930e-01,4.400698756474951123e-01,4.048953656229781761e-01,4.523214955755858746e-01,0.000000000000000000e+00,3.962323975734681758e-01,4.207328014350211753e-01,4.414742185697824728e-01,4.142680501774154145e-01,4.450811466049803822e-01,0.000000000000000000e+00,3.714236627210155128e-01,4.108066777313729157e-01,3.660621704813334931e-01,3.868812580655532907e-01,4.340736257824054922e-01,0.000000000000000000e+00,0.000000000000000000e+00,0.000000000000000000e+00,4.646638555485890221e-01,4.571138001161463849e-01,4.569040621258944057e-01,4.653575427995825242e-01,0.000000000000000000e+00,0.000000000000000000e+00,0.000000000000000000e+00,4.512428181555374063e-01,4.803688689908979792e-01,0.000000000000000000e+00,0.000000000000000000e+00,0.000000000000000000e+00,4.747725229363896071e-01,0.000000000000000000e+00,0.000000000000000000e+00,0.000000000000000000e+00,0.000000000000000000e+00,0.000000000000000000e+00,0.000000000000000000e+00,0.000000000000000000e+00,0.000000000000000000e+00,4.986750588265622119e-01,4.434213164404299801e-01,0.000000000000000000e+00,4.260441419664531826e-01,0.000000000000000000e+00,4.678567892322447186e-01,4.842982602776774725e-01,4.796438456484277135e-01,5.430588921352467180e-01,0.000000000000000000e+00,4.553092964540039200e-01,4.975822148423262870e-01,4.967073777754272834e-01,0.000000000000000000e+00,4.445983682034587159e-01,0.000000000000000000e+00,4.511393788716678843e-01
0.000000000000000000e+00,0.000000000000000000e+00,0.000000000000000000e+00,5.386213490057952802e-01,4.171978535675678890e-01,4.313047317928144220e-01,4.669310410661510757e-01,5.011167266644137586e-01,3.674795808128180075e-01,5.765148960704121750e-01,3.594970087514047230e-01,6.510949413135505015e-01,4.703461657111450145e-01,4.382368707022786247e-01,0.000000000000000000e+00,0.000000000000000000e+00,0.000000000000000000e+00,0.000000000000000000e+00,3.231391512188674930e-01,0.000000000000000000e+00,0.000000000000000000e+00,0.000000000000000000e+00,3.719077381635962909e-01,0.000000000000000000e+00,0.000000000000000000e+00,0.000000000000000000e+00,3.364003098226810984e-01,4.756194717092412927e-01,0.000000000000000000e+00,0.000000000000000000e+00,4.964612219392224857e-01,4.608871736916607120e-01,6.511909751545472691e-01,4.888117401057939237e-01,4.724092856067085844e-01,4.494093700923533774e-01,5.110128551224347726e-01,0.000000000000000000e+00,5.512336628966892915e-01,0.000000000000000000e+00,1.357753081291697972e-01,0.000000000000000000e+00,5.473783949218072875e-01,0.000000000000000000e+00,0.000000000000000000e+00,0.000000000000000000e+00,0.000000000000000000e+00,4.123973793200632065e-01,0.000000000000000000e+00,5.840570055726883592e-01,5.720614311199559987e-01,6.071499157664922430e-01,5.683854670424155486e-01,6.121360058060429932e-01,0.000000000000000000e+00,4.933523555511497016e-01,0.000000000000000000e+00,6.284985649454248868e-01,5.009680665654884235e-01,0.000000000000000000e+00,0.000000000000000000e+00,0.000000000000000000e+00,0.000000000000000000e+00,3.611268118418308193e-01,0.000000000000000000e+00,0.000000000000000000e+00,0.000000000000000000e+00,5.883655260974317569e-01,0.000000000000000000e+00,0.000000000000000000e+00,0.000000000000000000e+00,5.770655177427690408e-01,6.199222500921028889e-01,0.000000000000000000e+00,0.000000000000000000e+00,0.000000000000000000e+00
0.000000000000000000e+00,0.000000000000000000e+00,5.386213490057952802e-01,0.000000000000000000e+00,2.445727406083834932e-01,4.442780270691430999e-01,2.816289690318585781e-01,3.730968784340624178e-01,4.338682666114209163e-01,2.943502920301994119e-01,4.080328725194704020e-01,3.556667128258723110e-01,3.368011020097256836e-01,3.165820278802832233e-01,0.000000000000000000e+00,0.000000000000000000e+00,0.000000000000000000e+00,0.000000000000000000e+00,4.884369852273254820e-01,5.425494248218751814e-01,0.000000000000000000e+00,0.000000000000000000e+00,4.295071319936322740e-01,0.000000000000000000e+00,0.000000000000000000e+00,0.000000000000000000e+00,4.971446032687067973e-01,2.851630268747983865e-01,6.136883602762610579e-01,0.000000000000000000e+00,0.000000000000000000e+00,3.011216662610294859e-01,0.000000000000000000e+00,3.068891767255034764e-01,3.394944502047618218e-01,2.413511830271246883e-01,2.042281625269705136e-01,2.829937124981753982e-01,0.000000000000000000e+00,0.000000000000000000e+00,0.000000000000000000e+00,0.000000000000000000e+00,0.000000000000000000e+00,0.000000000000000000e+00,0.000000000000000000e+00,0.000000000000000000e+00,0.000000000000000000e+00,0.000000000000000000e+00,0.000000000000000000e+00,0.000000000000000000e+00,0.000000000000000000e+00,0.000000000000000000e+00,0.000000000000000000e+00,0.000000000000000000e+00,0.000000000000000000e+00,0.000000000000000000e+00,0.000000000000000000e+00,0.000000000000000000e+00,0.000000000000000000e+00,0.000000000000000000e+00,0.000000000000000000e+00,0.000000000000000000e+00,0.000000000000000000e+00,0.000000000000000000e+00,0.000000000000000000e+00,0.000000000000000000e+00,0.000000000000000000e+00,0.000000000000000000e+00,0.000000000000000000e+00,0.000000000000000000e+00,0.000000000000000000e+00,0.000000000000000000e+00,0.000000000000000000e+00,0.000000000000000000e+00,0.000000000000000000e+00,0.000000000000000000e+00
0.000000000000000000e+00,0.000000000000000000e+00,4.171978535675678890e-01,2.445727406083834932e-01,0.000000000000000000e+00,4.069456965789010061e-01,3.783074469754684754e-01,4.303886396984087925e-01,3.776963239566875075e-01,4.682005213135064237e-01,3.605308247874596250e-01,4.679200939501860224e-01,4.153683811008385129e-01,3.249749736064551087e-01,0.000000000000000000e+00,5.140798075968489034e-01,0.000000000000000000e+00,0.000000000000000000e+00,4.149414331004999124e-01,3.960486659656322073e-01,0.000000000000000000e+00,4.436363018462161079e-01,4.186807874692023979e-01,0.000000000000000000e+00,1.026512181678926050e-01,0.000000000000000000e+00,4.171328270772650115e-01,4.103930801176314813e-01,4.507335356039690044e-01,0.000000000000000000e+00,4.763043489551971876e-01,4.038635738483554727e-01,0.000000000000000000e+00,4.787982153072474767e-01,4.365184705215521821e-01,2.597666362518704086e-01,2.799327071890940211e-01,0.000000000000000000e+00,5.048560635870034119e-01,0.000000000000000000e+00,0.000000000000000000e+00,0.000000000000000000e+00,4.800650330637578067e-01,0.000000000000000000e+00,0.000000000000000000e+00,0.000000000000000000e+00,0.000000000000000000e+00,5.386369899313456777e-01,0.000000000000000000e+00,1.196853085045865017e-01,5.555543231969526374e-01,0.000000000000000000e+00,4.673710311874149093e-01,5.793663590577092792e-01,0.000000000000000000e+00,5.440601250350491913e-01,0.000000000000000000e+00,0.000000000000000000e+00,0.000000000000000000e+00,0.000000000000000000e+00,0.000000000000000000e+00,0.000000000000000000e+00,0.000000000000000000e+00,5.501716676620745927e-01,0.000000000000000000e+00,0.000000000000000000e+00,0.000000000000000000e+00,5.453491396904567301e-01,0.000000000000000000e+00,0.000000000000000000e+00,0.000000000000000000e+00,5.545997045180230955e-01,0.000000000000000000e+00,0.000000000000000000e+00,0.000000000000000000e+00,0.000000000000000000e+00
4.688202331522555166e-01,4.314463147219351757e-01,4.313047317928144220e-01,4.442780270691430999e-01,4.069456965789010061e-01,0.000000000000000000e+00,4.131705744279001724e-01,4.323148416948012218e-01,3.814389932196530220e-01,4.616223936242971893e-01,4.082542209728081128e-01,5.127802739981923708e-01,3.925942561663062769e-01,4.353629259640413030e-01,4.300908352854808103e-01,4.333805618263488202e-01,1.577053824631629020e-01,4.298893702606271239e-01,4.178955122108047870e-01,4.161726415014542213e-01,4.286845678837122864e-01,4.519598404475579922e-01,4.180770340802779095e-01,0.000000000000000000e+00,4.049117792102310265e-01,4.403922124502805957e-01,4.086496742216099154e-01,4.133154201049040743e-01,3.741464080258660729e-01,4.222899396932823790e-01,4.441480727923284855e-01,4.324492219400969950e-01,3.995189069582549823e-01,4.579471482255816905e-01,4.517074765843557826e-01,4.604996205823019273e-01,4.580938659850439243e-01,1.323406039125313016e-01,5.037651801749434277e-01,0.000000000000000000e+00,4.930398022796383950e-01,1.337139184359505129e-01,5.192900818444002864e-01,0.000000000000000000e+00,0.000000000000000000e+00,0.000000000000000000e+00,1.837371231652606962e-01,5.877396214725849610e-01,0.000000000000000000e+00,6.757015927480897188e-01,5.381002728469125307e-01,5.725900168546245173e-01,5.180390161067137678e-01,6.080008295690868536e-01,0.000000000000000000e+00,5.594128424732733862e-01,0.000000000000000000e+00,5.504440929169174268e-01,0.000000000000000000e+00,5.204343037693550666e-01,0.000000000000000000e+00,0.000000000000000000e+00,0.000000000000000000e+00,5.815901930093212435e-01,4.921866127079105868e-01,5.371629620234877889e-01,4.868212151548065858e-01,5.451733462586209056e-01,0.000000000000000000e+00,0.000000000000000000e+00,1.638433464803079054e-01,5.390689370065607777e-01,5.184879369100516833e-01,5.058926200553623964e-01,1.011516926898475971e-01,5.401259975869022734e-01
0.000000000000000000e+00,4.617905587751310881e-01,4.669310410661510757e-01,2.816289690318585781e-01,3.783074469754684754e-01,4.131705744279001724e-01,0.000000000000000000e+00,4.633049867752710993e-01,4.303758984791251074e-01,4.218499577822167890e-01,4.814765693170938166e-01,4.174331578115356156e-01,3.672281239736233105e-01,3.793999506222633933e-01,0.000000000000000000e+00,4.512913543767079760e-01,0.000000000000000000e+00,4.396748130670902199e-01,4.842539472652510057e-01,4.436784591916674847e-01,0.000000000000000000e+00,4.690680803863481740e-01,4.470400329826190178e-01,0.000000000000000000e+00,4.217799775264352014e-01,4.530817235757830796e-01,4.451786603649386942e-01,3.824656608067636965e-01,4.478238537384642837e-01,0.000000000000000000e+00,4.359863874940532735e-01,4.316806621468836092e-01,4.687553026118229105e-01,4.303033491256724186e-01,3.879913730710266018e-01,2.951049968372325139e-01,3.010160954913169151e-01,0.000000000000000000e+00,1.841832463700056044e-01,0.000000000000000000e+00,1.637731516271186127e-01,0.000000000000000000e+00,1.211191185914881063e-01,0.000000000000000000e+00,0.000000000000000000e+00,0.000000000000000000e+00,0.000000000000000000e+00,1.874961326348812130e-01,0.000000000000000000e+00,0.000000000000000000e+00,5.876217427721903697e-01,0.000000000000000000e+00,1.112453970595013997e-01,1.754326870027249075e-01,0.000000000000000000e+00,1.484293345485989957e-01,0.000000000000000000e+00,0.000000000000000000e+00,0.000000000000000000e+00,0.000000000000000000e+00,0.000000000000000000e+00,0.000000000000000000e+00,0.000000000000000000e+00,1.420735728466518133e-01,0.000000000000000000e+00,0.000000000000000000e+00,0.000000000000000000e+00,5.196641883391296401e-01,0.000000000000000000e+00,0.000000000000000000e+00,0.000000000000000000e+00,5.149871736365760899e-01,0.000000000000000000e+00,0.000000000000000000e+00,0.000000000000000000e+00,0.000000000000000000e+00
5.056814679489188835e-01,0.000000000000000000e+00,5.011167266644137586e-01,3.730968784340624178e-01,4.303886396984087925e-01,4.323148416948012218e-01,4.633049867752710993e-01,0.000000000000000000e+00,5.006136591344299003e-01,5.640350613883268194e-01,4.308746402383941132e-01,4.283645612994130270e-01,4.522453014787243264e-01,3.998003092962050808e-01,3.425288752513163115e-01,0.000000000000000000e+00,0.000000000000000000e+00,0.000000000000000000e+00,4.755600489451580204e-01,0.000000000000000000e+00,4.091649847044140920e-01,0.000000000000000000e+00,3.743885924301871837e-01,5.049347222477191810e-01,4.742380642237363775e-01,5.019703433135781490e-01,4.612618539498660186e-01,4.424244861536125173e-01,4.189276957163812765e-01,3.787740890739865751e-01,4.476087032701109858e-01,3.999805127256407244e-01,0.000000000000000000e+00,4.687111591409969247e-01,4.446428223312626771e-01,2.580167272588275162e-01,3.036624791987893035e-01,0.000000000000000000e+00,5.104318064803732291e-01,0.000000000000000000e+00,0.000000000000000000e+00,0.000000000000000000e+00,4.851416699194551208e-01,0.000000000000000000e+00,0.000000000000000000e+00,0.000000000000000000e+00,0.000000000000000000e+00,5.780169683134060987e-01,0.000000000000000000e+00,6.985496648508824347e-01,5.100080620957887501e-01,5.592212635635614992e-01,3.953698098728252175e-01,5.876222310383436565e-01,0.000000000000000000e+00,5.511350460202841806e-01,0.000000000000000000e+00,5.234649134853994745e-01,3.927481843074306922e-01,4.827632457459796189e-01,0.000000000000000000e+00,0.000000000000000000e+00,0.000000000000000000e+00,5.682862991513187856e-01,4.713198369800338794e-01,4.879994017486155022e-01,0.000000000000000000e+00,5.057266598837572014e-01,0.000000000000000000e+00,0.000000000000000000e+00,0.000000000000000000e+00,5.352227616514554365e-01,5.103556024900791632e-01,5.062062857441064212e-01,0.000000000000000000e+00,5.299904129149961562e-01
0.000000000000000000e+00,4.162912340755203777e-01,3.674795808128180075e-01,4.338682666114209163e-01,3.776963239566875075e-01,3.814389932196530220e-01,4.303758984791251074e-01,5.006136591344299003e-01,0.000000000000000000e+00,4.850401392321058158e-01,3.565340907489791267e-01,4.902886153217417275e-01,4.328188047067265121e-01,4.204751257889440264e-01,0.000000000000000000e+00,4.971989243797466096e-01,0.000000000000000000e+00,1.723180217420489102e-01,3.255668800394195816e-01,3.954820947808205811e-01,0.000000000000000000e+00,4.558168713599657917e-01,4.320811062461332730e-01,5.628180861259839407e-01,4.908534406911134185e-01,1.487972333815535952e-01,3.956183565598149765e-01,4.747131473449897054e-01,4.246009289719734903e-01,4.919084657289836127e-01,4.978592107009721102e-01,4.647906341590730128e-01,4.681313130376997256e-01,4.869586862453491038e-01,4.627245238341645139e-01,4.499544114486789259e-01,4.516072930496579096e-01,4.847629917078347117e-01,5.714557544814142798e-01,0.000000000000000000e+00,1.944270713845958065e-01,0.000000000000000000e+00,5.297668864903207764e-01,0.000000000000000000e+00,0.000000000000000000e+00,0.000000000000000000e+00,0.000000000000000000e+00,5.978736324642680566e-01,0.000000000000000000e+00,5.979586881837655188e-01,5.450063680904664309e-01,6.036551272543891900e-01,5.442198145035614942e-01,5.559479363627106707e-01,0.000000000000000000e+00,5.601186722137933005e-01,0.000000000000000000e+00,6.314057710460305728e-01,5.097323357014382772e-01,0.000000000000000000e+00,0.000000000000000000e+00,0.000000000000000000e+00,0.000000000000000000e+00,5.560092038936863545e-01,0.000000000000000000e+00,0.000000000000000000e+00,0.000000000000000000e+00,5.804450840807524603e-01,0.000000000000000000e+00,0.000000000000000000e+00,0.000000000000000000e+00,5.771093649005074600e-01,5.710203743006398991e-01,0.000000000000000000e+00,0.000000000000000000e+00,0.000000000000000000e+00
0.000000000000000000e+00,0.000000000000000000e+00,5.765148960704121750e-01,2.943502920301994119e-01,4.682005213135064237e-01,4.616223936242971893e-01,4.218499577822167890e-01,5.640350613883268194e-01,4.850401392321058158e-01,0.000000000000000000e+00,4.919133278223524752e-01,3.069743115276908907e-01,4.233304264444889276e-01,0.000000000000000000e+00,0.000000000000000000e+00,3.748544817494816050e-01,3.439304692386959128e-01,3.638848781089942253e-01,5.258451520261351320e-01,4.989098204777822065e-01,0.000000000000000000e+00,4.411082683955481198e-01,4.995018501183817738e-01,3.307685257919509847e-01,3.635711033638212020e-01,3.682670859933728225e-01,5.277358653026024138e-01,3.955847720752276864e-01,5.474349418568579262e-01,0.000000000000000000e+00,3.422433090794841926e-01,3.462065331869748075e-01,3.394228771965033808e-01,3.258691959500136237e-01,3.280511975746582820e-01,3.590270929725081772e-01,3.028040788535010241e-01,3.046958212824144030e-01,3.117062608069873231e-01,4.355689423765402024e-01,3.923243278224026742e-01,2.509048552928673792e-01,0.000000000000000000e+00,0.000000000000000000e+00,4.274287959775349144e-01,0.000000000000000000e+00,0.000000000000000000e+00,0.000000000000000000e+00,0.000000000000000000e+00,0.000000000000000000e+00,0.000000000000000000e+00,0.000000000000000000e+00,0.000000000000000000e+00,0.000000000000000000e+00,4.920764080824366893e-01,0.000000000000000000e+00,4.917402025604939997e-01,4.531034977072421199e-01,0.000000000000000000e+00,0.000000000000000000e+00,0.000000000000000000e+00,4.301935098949213887e-01,4.244723563662636256e-01,0.000000000000000000e+00,0.000000000000000000e+00,0.000000000000000000e+00,0.000000000000000000e+00,0.000000000000000000e+00,4.520719717639620772e-01,4.676947841773205772e-01,4.871575384616450011e-01,0.000000000000000000e+00,4.176393009780655086e-01,0.000000000000000000e+00,0.000000000000000000e+00,4.618258080371103191e-01
0.000000000000000000e+00,0.000000000000000000e+00,3.594970087514047230e-01,4.080328725194704020e-01,3.605308247874596250e-01,4.082542209728081128e-01,4.814765693170938166e-01,4.308746402383941132e-01,3.565340907489791267e-01,4.919133278223524752e-01,0.000000000000000000e+00,5.124671317401807702e-01,4.939610874458704726e-01,3.355972878121620817e-01,0.000000000000000000e+00,0.000000000000000000e+00,1.129603659847957936e-01,0.000000000000000000e+00,2.886088146858731829e-01,0.000000000000000000e+00,0.000000000000000000e+00,0.000000000000000000e+00,3.731641787996646253e-01,0.000000000000000000e+00,0.000000000000000000e+00,1.680492079956459883e-01,3.853558068787715229e-01,4.846617445810394997e-01,0.000000000000000000e+00,0.000000000000000000e+00,5.153590991491808770e-01,4.498167699970399003e-01,0.000000000000000000e+00,5.008733925755330940e-01,4.760894085824101118e-01,4.031136676647436023e-01,4.625269506498361216e-01,1.142382805828319053e-01,5.486850140484783589e-01,0.000000000000000000e+00,0.000000000000000000e+00,0.000000000000000000e+00,5.002476209269551832e-01,0.000000000000000000e+00,0.000000000000000000e+00,0.000000000000000000e+00,0.000000000000000000e+00,5.160324071588278105e-01,0.000000000000000000e+00,5.850507387000748460e-01,5.643294623812502575e-01,1.325156429244102874e-01,5.372654310864459770e-01,5.214711034546685164e-01,0.000000000000000000e+00,4.166719514689732895e-01,0.000000000000000000e+00,1.411573169783089110e-01,4.841445667652973794e-01,0.000000000000000000e+00,0.000000000000000000e+00,0.000000000000000000e+00,0.000000000000000000e+00,4.362906613957930890e-01,0.000000000000000000e+00,0.000000000000000000e+00,0.000000000000000000e+00,5.429097811584446820e-01,0.000000000000000000e+00,0.000000000000000000e+00,0.000000000000000000e+00,5.686295738417608270e-01,1.700380183479761886e-01,0.000000000000000000e+00,0.000000000000000000e+00,0.000000000000000000e+00
3.912058068007753242e-01,0.000000000000000000e+00,6.510949413135505015e-01,3.556667128258723110e-01,4.679200939501860224e-01,5.127802739981923708e-01,4.174331578115356156e-01,4.283645612994130270e-01,4.902886153217417275e-01,3.069743115276908907e-01,5.124671317401807702e-01,0.000000000000000000e+00,4.281032584436345045e-01,0.000000000000000000e+00,0.000000000000000000e+00,0.000000000000000000e+00,3.856641377004886850e-01,3.628207516306444780e-01,5.306940244110093241e-01,0.000000000000000000e+00,0.000000000000000000e+00,0.000000000000000000e+00,5.335477176269459720e-01,3.257970371579623214e-01,3.664666506568726168e-01,3.395412559890763071e-01,5.429952995119755599e-01,3.857291235566180920e-01,0.000000000000000000e+00,0.000000000000000000e+00,3.552361881223856099e-01,2.865074513012291213e-01,2.934777989544156140e-01,2.661393865719928753e-01,3.125054178268917848e-01,3.330394111585188166e-01,3.142333125675625949e-01,2.368198492226047946e-01,3.113953751844598106e-01,3.764053742041110207e-01,3.377023137461990787e-01,3.142635752152205253e-01,3.834958358968176273e-01,0.000000000000000000e+00,4.083854778919235873e-01,0.000000000000000000e+00,0.000000000000000000e+00,0.000000000000000000e+00,0.000000000000000000e+00,0.000000000000000000e+00,0.000000000000000000e+00,0.000000000000000000e+00,0.000000000000000000e+00,0.000000000000000000e+00,4.932603830845397885e-01,0.000000000000000000e+00,4.858956041766986922e-01,4.946925481539076741e-01,0.000000000000000000e+00,0.000000000000000000e+00,0.000000000000000000e+00,4.603629185175375782e-01,4.336392992798541179e-01,0.000000000000000000e+00,0.000000000000000000e+00,0.000000000000000000e+00,0.000000000000000000e+00,0.000000000000000000e+00,4.563362313200621800e-01,4.757160882593244877e-01,4.831210828720258199e-01,0.000000000000000000e+00,4.247758128311425185e-01,0.000000000000000000e+00,0.000000000000000000e+00,4.374706497344562073e-01
4.895805275197323003e-01,4.492194103561314988e-01,4.703461657111450145e-01,3.368011020097256836e-01,4.153683811008385129e-01,3.925942561663062769e-01,3.672281239736233105e-01,4.522453014787243264e-01,4.328188047067265121e-01,4.233304264444889276e-01,4.939610874458704726e-01,4.281032584436345045e-01,0.000000000000000000e+00,4.194185626945809986e-01,3.399055155302013187e-01,4.564069657612294106e-01,4.591582209380550839e-01,4.601163960246958951e-01,4.864383994166832093e-01,4.323053664198470147e-01,4.294040998859016134e-01,4.605481601860029195e-01,4.486109440605771104e-01,4.380607851584564227e-01,4.322270249205927839e-01,4.350577265122022030e-01,4.524140426740547172e-01,3.810581777150114924e-01,4.174426163533280776e-01,4.121792058007824888e-01,4.267481036934467897e-01,4.316466354491574897e-01,4.430955096279500793e-01,4.315195867657776185e-01,3.818360233711137752e-01,3.575803520856913886e-01,3.737933410594819761e-01,4.029073478342228842e-01,4.479492969849475092e-01,5.146895587887944101e-01,1.616459001673085927e-01,5.590878505389116349e-01,5.664995955773506342e-01,0.000000000000000000e+00,0.000000000000000000e+00,0.000000000000000000e+00,0.000000000000000000e+00,1.844890917420914100e-01,0.000000000000000000e+00,0.000000000000000000e+00,5.064029551131424833e-01,2.127971987323727110e-01,5.084372734971872587e-01,0.000000000000000000e+00,0.000000000000000000e+00,1.451333181512788895e-01,0.000000000000000000e+00,0.000000000000000000e+00,0.000000000000000000e+00,6.275782312505806537e-01,0.000000000000000000e+00,0.000000000000000000e+00,0.000000000000000000e+00,0.000000000000000000e+00,5.306494352920810842e-01,0.000000000000000000e+00,2.033799240140601039e-01,5.341339904899433666e-01,0.000000000000000000e+00,1.644983550037110998e-01,6.193118956230974081e-01,5.313927615637532575e-01,0.000000000000000000e+00,5.520521445715390607e-01,0.000000000000000000e+00,0.000000000000000000e+00
0.000000000000000000e+00,0.000000000000000000e+00,4.382368707022786247e-01,3.165820278802832233e-01,3.249749736064551087e-01,4.353629259640413030e-01,3.793999506222633933e-01,3.998003092962050808e-01,4.204751257889440264e-01,0.000000000000000000e+00,3.355972878121620817e-01,0.000000000000000000e+00,4.194185626945809986e-01,0.000000000000000000e+00,0.000000000000000000e+00,0.000000000000000000e+00,0.000000000000000000e+00,0.000000000000000000e+00,4.107781588602236189e-01,0.000000000000000000e+00,0.000000000000000000e+00,0.000000000000000000e+00,4.203651171560379152e-01,0.000000000000000000e+00,0.000000000000000000e+00,0.000000000000000000e+00,4.572810749521715179e-01,3.886465207955436263e-01,0.000000000000000000e+00,0.000000000000000000e+00,0.000000000000000000e+00,3.043187704752698952e-01,0.000000000000000000e+00,4.499789408924759204e-01,0.000000000000000000e+00,2.755698179896513000e-01,2.285484045887627991e-01,0.000000000000000000e+00,0.000000000000000000e+00,0.000000000000000000e+00,0.000000000000000000e+00,0.000000000000000000e+00,0.000000000000000000e+00,0.000000000000000000e+00,0.000000000000000000e+00,0.000000000000000000e+00,0.000000000000000000e+00,0.000000000000000000e+00,0.000000000000000000e+00,0.000000000000000000e+00,0.000000000000000000e+00,0.000000000000000000e+00,0.000000000000000000e+00,0.000000000000000000e+00,0.000000000000000000e+00,0.000000000000000000e+00,0.000000000000000000e+00,0.000000000000000000e+00,0.000000000000000000e+00,0.000000000000000000e+00,0.000000000000000000e+00,0.000000000000000000e+00,0.000000000000000000e+00,0.000000000000000000e+00,0.000000000000000000e+00,0.000000000000000000e+00,0.000000000000000000e+00,0.000000000000000000e+00,0.000000000000000000e+00,0.000000000000000000e+00,0.000000000000000000e+00,0.000000000000000000e+00,0.000000000000000000e+00,0.000000000000000000e+00,0.000000000000000000e+00,0.000000000000000000e+00
3.880372844849780956e-01,4.521512400073692262e-01,0.000000000000000000e+00,0.000000000000000000e+00,0.000000000000000000e+00,4.300908352854808103e-01,0.000000000000000000e+00,3.425288752513163115e-01,0.000000000000000000e+00,0.000000000000000000e+00,0.000000000000000000e+00,0.000000000000000000e+00,3.399055155302013187e-01,0.000000000000000000e+00,0.000000000000000000e+00,4.066192942475946870e-01,0.000000000000000000e+00,3.789417347973185746e-01,0.000000000000000000e+00,3.306300426946039983e-01,3.880457313866809144e-01,3.688141420788156877e-01,3.645821170662100763e-01,4.806204512262522988e-01,3.812357118035664127e-01,4.028405648191670241e-01,4.158199755400869835e-01,3.515800282608407268e-01,3.934937313786422974e-01,0.000000000000000000e+00,4.101964476494827094e-01,4.320183459248216895e-01,3.920198089843116018e-01,4.488634004064919747e-01,4.746275027656338130e-01,5.528583536576727742e-01,0.000000000000000000e+00,0.000000000000000000e+00,5.087245078014730471e-01,5.077456654142563641e-01,5.123792200733574553e-01,5.199734892742194914e-01,0.000000000000000000e+00,0.000000000000000000e+00,0.000000000000000000e+00,0.000000000000000000e+00,4.931076795409243263e-01,0.000000000000000000e+00,0.000000000000000000e+00,0.000000000000000000e+00,4.893487307581266266e-01,0.000000000000000000e+00,5.527446731053389239e-01,0.000000000000000000e+00,0.000000000000000000e+00,0.000000000000000000e+00,0.000000000000000000e+00,1.182723303665556003e-01,0.000000000000000000e+00,4.965215757863539192e-01,5.028894667481496050e-01,0.000000000000000000e+00,0.000000000000000000e+00,0.000000000000000000e+00,4.570236017362631076e-01,4.885551486943430222e-01,5.243862216286901967e-01,5.094298033161914763e-01,0.000000000000000000e+00,1.582739178132742119e-01,5.233643961366073460e-01,5.153526872225813182e-01,5.760837372685647662e-01,5.004904363311352133e-01,0.000000000000000000e+00,5.070105807790055152e-01
3.872458923348929827e-01,4.087261836949793170e-01,0.000000000000000000e+00,0.000000000000000000e+00,5.140798075968489034e-01,4.333805618263488202e-01,4.512913543767079760e-01,0.000000000000000000e+00,4.971989243797466096e-01,3.748544817494816050e-01,0.000000000000000000e+00,0.000000000000000000e+00,4.564069657612294106e-01,0.000000000000000000e+00,4.066192942475946870e-01,0.000000000000000000e+00,3.917220499163153735e-01,3.688275911747933011e-01,0.000000000000000000e+00,4.071792439127360219e-01,4.038596109701941272e-01,3.947919852996666923e-01,4.248392100965281970e-01,0.000000000000000000e+00,3.925120734273772061e-01,4.228974861659756113e-01,4.278212450905071185e-01,4.426513910188937251e-01,4.313113561395348072e-01,0.000000000000000000e+00,3.807472564116982094e-01,4.263893501837254796e-01,3.707755068120128228e-01,4.071235987648714749e-01,4.416620961887494090e-01,0.000000000000000000e+00,0.000000000000000000e+00,0.000000000000000000e+00,4.392321834843251893e-01,3.995427764945633231e-01,4.237240881418143923e-01,0.000000000000000000e+00,0.000000000000000000e+00,0.000000000000000000e+00,0.000000000000000000e+00,4.286586846387113181e-01,4.471038654799635026e-01,0.000000000000000000e+00,0.000000000000000000e+00,0.000000000000000000e+00,0.000000000000000000e+00,0.000000000000000000e+00,0.000000000000000000e+00,0.000000000000000000e+00,0.000000000000000000e+00,0.000000000000000000e+00,0.000000000000000000e+00,0.000000000000000000e+00,0.000000000000000000e+00,4.730501411666139244e-01,4.179833919638237250e-01,0.000000000000000000e+00,4.155944049243723848e-01,0.000000000000000000e+00,1.142567791173294961e-01,0.000000000000000000e+00,4.350388203171250967e-01,1.718447103613205129e-01,0.000000000000000000e+00,4.298027279232212727e-01,4.648593351411596242e-01,1.510972486137522885e-01,0.000000000000000000e+00,1.420226505012320006e-01,0.000000000000000000e+00,4.074067746648051824e-01
0.000000000000000000e+00,3.734862349634952006e-01,0.000000000000000000e+00,0.000000000000000000e+00,0.000000000000000000e+00,1.577053824631629020e-01,0.000000000000000000e+00,0.000000000000000000e+00,0.000000000000000000e+00,3.439304692386959128e-01,1.129603659847957936e-01,3.856641377004886850e-01,4.591582209380550839e-01,0.000000000000000000e+00,0.000000000000000000e+00,3.917220499163153735e-01,0.000000000000000000e+00,3.346858299378738244e-01,0.000000000000000000e+00,4.249766830094364733e-01,0.000000000000000000e+00,3.930699456443789153e-01,0.000000000000000000e+00,3.791579915701586145e-01,3.809846199705865799e-01,3.810606282949666190e-01,0.000000000000000000e+00,4.433809651760988180e-01,1.054474693937562935e-01,0.000000000000000000e+00,3.520142867807132259e-01,4.042355478537926206e-01,3.596236476638303148e-01,3.883122203817334084e-01,3.826955937508921823e-01,0.000000000000000000e+00,0.000000000000000000e+00,3.709752836229512907e-01,0.000000000000000000e+00,4.099695161722307080e-01,0.000000000000000000e+00,0.000000000000000000e+00,0.000000000000000000e+00,0.000000000000000000e+00,0.000000000000000000e+00,0.000000000000000000e+00,0.000000000000000000e+00,0.000000000000000000e+00,0.000000000000000000e+00,0.000000000000000000e+00,0.000000000000000000e+00,0.000000000000000000e+00,0.000000000000000000e+00,0.000000000000000000e+00,4.172847498297270752e-01,0.000000000000000000e+00,4.146823895947462923e-01,0.000000000000000000e+00,0.000000000000000000e+00,0.000000000000000000e+00,0.000000000000000000e+00,3.992981883864690773e-01,3.881689647406437738e-01,0.000000000000000000e+00,0.000000000000000000e+00,0.000000000000000000e+00,0.000000000000000000e+00,0.000000000000000000e+00,0.000000000000000000e+00,3.981025672041901275e-01,4.352508153198839103e-01,0.000000000000000000e+00,0.000000000000000000e+00,0.000000000000000000e+00,0.000000000000000000e+00,0.000000000000000000e+00
3.749361467824188776e-01,4.032402604374237809e-01,0.000000000000000000e+00,0.000000000000000000e+00,0.000000000000000000e+00,4.298893702606271239e-01,4.396748130670902199e-01,0.000000000000000000e+00,1.723180217420489102e-01,3.638848781089942253e-01,0.000000000000000000e+00,3.628207516306444780e-01,4.601163960246958951e-01,0.000000000000000000e+00,3.789417347973185746e-01,3.688275911747933011e-01,3.346858299378738244e-01,0.000000000000000000e+00,0.000000000000000000e+00,4.024870705578735275e-01,4.272009052176390931e-01,4.072991878730028992e-01,4.618778635973250779e-01,3.545888036022672996e-01,3.658930637154326759e-01,3.822953717379661831e-01,4.163012124281582071e-01,4.367891478259228188e-01,4.215367381667294855e-01,0.000000000000000000e+00,3.699822810632220071e-01,4.256163758206262249e-01,3.642143578732082165e-01,4.025838568779807058e-01,4.120542613472754079e-01,0.000000000000000000e+00,0.000000000000000000e+00,0.000000000000000000e+00,4.156761758027303078e-01,4.120379991665574781e-01,4.255525699006020846e-01,0.000000000000000000e+00,0.000000000000000000e+00,0.000000000000000000e+00,0.000000000000000000e+00,4.222372118275131148e-01,4.405569657524440741e-01,0.000000000000000000e+00,0.000000000000000000e+00,0.000000000000000000e+00,0.000000000000000000e+00,0.000000000000000000e+00,0.000000000000000000e+00,0.000000000000000000e+00,4.131597385311123749e-01,0.000000000000000000e+00,4.234168656105232742e-01,0.000000000000000000e+00,0.000000000000000000e+00,0.000000000000000000e+00,4.138165674494230228e-01,4.074066222518321068e-01,4.142813594394539889e-01,0.000000000000000000e+00,0.000000000000000000e+00,0.000000000000000000e+00,3.897061307788746154e-01,0.000000000000000000e+00,4.159655891706592890e-01,4.205688373463263852e-01,4.523633244787352847e-01,0.000000000000000000e+00,0.000000000000000000e+00,0.000000000000000000e+00,0.000000000000000000e+00,4.172101404103459865e-01
0.000000000000000000e+00,0.000000000000000000e+00,3.231391512188674930e-01,4.884369852273254820e-01,4.149414331004999124e-01,4.178955122108047870e-01,4.842539472652510057e-01,4.755600489451580204e-01,3.255668800394195816e-01,5.258451520261351320e-01,2.886088146858731829e-01,5.306940244110093241e-01,4.864383994166832093e-01,4.107781588602236189e-01,0.000000000000000000e+00,0.000000000000000000e+00,0.000000000000000000e+00,0.000000000000000000e+00,0.000000000000000000e+00,0.000000000000000000e+00,0.000000000000000000e+00,0.000000000000000000e+00,3.612082360226879785e-01,0.000000000000000000e+00,0.000000000000000000e+00,0.000000000000000000e+00,3.657729431818715904e-01,4.950453331117621869e-01,0.000000000000000000e+00,0.000000000000000000e+00,4.882535781460509150e-01,4.520448721362069211e-01,0.000000000000000000e+00,4.789628333499750257e-01,4.684798715594337137e-01,4.278367054577427164e-01,4.715795262924222797e-01,1.031902039238388052e-01,6.083435822846070540e-01,0.000000000000000000e+00,0.000000000000000000e+00,0.000000000000000000e+00,5.063849877828983104e-01,0.000000000000000000e+00,0.000000000000000000e+00,0.000000000000000000e+00,0.000000000000000000e+00,5.473688913345070572e-01,0.000000000000000000e+00,5.851457796222979679e-01,5.463943633698822300e-01,1.548222465146527060e-01,5.710991446165104568e-01,5.941496454925372372e-01,0.000000000000000000e+00,4.815122520848246768e-01,0.000000000000000000e+00,7.557812505124140712e-01,5.182334606229020979e-01,0.000000000000000000e+00,0.000000000000000000e+00,0.000000000000000000e+00,0.000000000000000000e+00,5.120104387943789082e-01,0.000000000000000000e+00,0.000000000000000000e+00,0.000000000000000000e+00,5.745283571913797349e-01,0.000000000000000000e+00,0.000000000000000000e+00,0.000000000000000000e+00,5.866908486388688893e-01,0.000000000000000000e+00,0.000000000000000000e+00,0.000000000000000000e+00,0.000000000000000000e+00
4.220153905707129116e-01,4.517461746947616930e-01,0.000000000000000000e+00,5.425494248218751814e-01,3.960486659656322073e-01,4.161726415014542213e-01,4.436784591916674847e-01,0.000000000000000000e+00,3.954820947808205811e-01,4.989098204777822065e-01,0.000000000000000000e+00,0.000000000000000000e+00,4.323053664198470147e-01,0.000000000000000000e+00,3.306300426946039983e-01,4.071792439127360219e-01,4.249766830094364733e-01,4.024870705578735275e-01,0.000000000000000000e+00,0.000000000000000000e+00,4.259034229509058855e-01,3.728190150534023140e-01,3.100011194037903817e-01,0.000000000000000000e+00,4.251013158065296005e-01,4.364158760464896814e-01,3.536867718007342121e-01,3.938934573481366885e-01,3.450402771063176277e-01,3.279557461700349785e-01,3.796789583102149757e-01,4.248268035877288962e-01,3.425929582640456217e-01,4.307666394381300945e-01,4.650890733133689059e-01,5.375173078865056464e-01,5.181021196608373014e-01,0.000000000000000000e+00,4.782877709349256934e-01,4.666387387360538264e-01,4.989980089294561161e-01,5.213941821491104855e-01,1.085571697441179012e-01,0.000000000000000000e+00,0.000000000000000000e+00,0.000000000000000000e+00,4.494858120176852267e-01,0.000000000000000000e+00,0.000000000000000000e+00,0.000000000000000000e+00,5.054112863366685415e-01,0.000000000000000000e+00,0.000000000000000000e+00,0.000000000000000000e+00,0.000000000000000000e+00,0.000000000000000000e+00,0.000000000000000000e+00,5.787369329630913661e-01,0.000000000000000000e+00,4.946446627642118732e-01,1.948112228092699905e-01,0.000000000000000000e+00,0.000000000000000000e+00,0.000000000000000000e+00,4.969209276186398738e-01,4.710142389055083090e-01,4.738672401224592878e-01,5.113242652021362522e-01,0.000000000000000000e+00,1.902737318307902992e-01,4.873561874290526230e-01,5.131730500846510834e-01,5.279309799508413725e-01,4.778936960346805152e-01,1.118076663368391954e-01,5.335369830440959138e-01
4.083095221799475927e-01,4.400698756474951123e-01,0.000000000000000000e+00,0.000000000000000000e+00,0.000000000000000000e+00,4.286845678837122864e-01,0.000000000000000000e+00,4.091649847044140920e-01,0.000000000000000000e+00,0.000000000000000000e+00,0.000000000000000000e+00,0.000000000000000000e+00,4.294040998859016134e-01,0.000000000000000000e+00,3.880457313866809144e-01,4.038596109701941272e-01,0.000000000000000000e+00,4.272009052176390931e-01,0.000000000000000000e+00,4.259034229509058855e-01,0.000000000000000000e+00,4.486434229543558860e-01,4.041072119044928912e-01,4.567666945089299269e-01,4.280412217252265727e-01,4.249788291674452823e-01,4.378616871211313266e-01,4.372794472561442047e-01,4.219986821912610209e-01,0.000000000000000000e+00,4.116849286686157239e-01,4.191218077725417102e-01,4.026399876028143865e-01,4.321640188411520755e-01,4.730400580068315208e-01,0.000000000000000000e+00,0.000000000000000000e+00,0.000000000000000000e+00,5.057934866559997689e-01,0.000000000000000000e+00,1.079860939070485942e-01,0.000000000000000000e+00,0.000000000000000000e+00,0.000000000000000000e+00,0.000000000000000000e+00,2.388472990385805128e-01,5.021658217978514083e-01,0.000000000000000000e+00,0.000000000000000000e+00,0.000000000000000000e+00,4.738325733342199086e-01,0.000000000000000000e+00,5.113999184172713930e-01,0.000000000000000000e+00,0.000000000000000000e+00,0.000000000000000000e+00,0.000000000000000000e+00,1.023915041070437987e-01,0.000000000000000000e+00,4.845642422159677776e-01,4.891785956859557860e-01,0.000000000000000000e+00,0.000000000000000000e+00,0.000000000000000000e+00,4.873110432798609115e-01,3.988895112713671254e-01,5.065412676636305012e-01,5.164855872545703885e-01,0.000000000000000000e+00,1.266680572697488905e-01,5.202720518336502176e-01,5.207284009718182727e-01,5.295198621245920112e-01,5.080708445799919648e-01,0.000000000000000000e+00,5.743097330949499257e-01
