0.000000000000000000e+00,4.473592695897822824e-01,0.000000000000000000e+00,0.000000000000000000e+00,0.000000000000000000e+00,1.279640476161693075e-01,0.000000000000000000e+00,5.291313067049874252e-01,0.000000000000000000e+00,4.713325086603741831e-01,0.000000000000000000e+00,4.327804151484064832e-01,1.289189709994993938e-01,0.000000000000000000e+00,4.112398350178715911e-01,4.288487854988212167e-01,0.000000000000000000e+00,4.105293618448574988e-01,0.000000000000000000e+00,0.000000000000000000e+00,4.535194592976236061e-01,4.193891268241071169e-01,4.945068061473523735e-01,3.962647850153511175e-01,4.011762376139605957e-01,4.221816317301685939e-01,4.819607021933116076e-01,0.000000000000000000e+00,5.108447012125625353e-01,0.000000000000000000e+00,4.213470448161580895e-01,4.657314424825151900e-01,3.974474080566466894e-01,4.052617105659703234e-01,4.787242291423520202e-01,0.000000000000000000e+00,0.000000000000000000e+00,4.907241658743127233e-01,4.907875811118572185e-01,4.552045994011467145e-01,4.825492319373084760e-01,0.000000000000000000e+00,0.000000000000000000e+00,0.000000000000000000e+00,0.000000000000000000e+00,4.441193998794885078e-01,5.018634425312592517e-01,0.000000000000000000e+00,0.000000000000000000e+00,0.000000000000000000e+00,0.000000000000000000e+00,0.000000000000000000e+00,0.000000000000000000e+00,0.000000000000000000e+00,5.197832432205925501e-01,0.000000000000000000e+00,0.000000000000000000e+00,0.000000000000000000e+00,0.000000000000000000e+00,0.000000000000000000e+00,4.771784969739539251e-01,0.000000000000000000e+00,4.508271659001806264e-01,0.000000000000000000e+00,0.000000000000000000e+00,3.194762596981142178e-01,4.800948747532293726e-01,0.000000000000000000e+00,0.000000000000000000e+00,4.668685427764828200e-01,4.986116275224777850e-01,0.000000000000000000e+00,0.000000000000000000e+00,0.000000000000000000e+00,0.000000000000000000e+00,4.653648712386629915e-01
4.473592695897822824e-01,0.000000000000000000e+00,0.000000000000000000e+00,0.000000000000000000e+00,4.303226407573290113e-01,4.065614188371405868e-01,4.284467528209405796e-01,0.000000000000000000e+00,3.900398759822170103e-01,0.000000000000000000e+00,0.000000000000000000e+00,0.000000000000000000e+00,4.531953090794849093e-01,0.000000000000000000e+00,4.215986280229215843e-01,4.207930254227914002e-01,4.699879325623145809e-01,4.277171085341783252e-01,0.000000000000000000e+00,4.250462339190202998e-01,4.430388477866559205e-01,4.109267618578716919e-01,4.151161328536450146e-01,0.000000000000000000e+00,4.084347863294348069e-01,4.447313342148123128e-01,4.077228800101619921e-01,4.501122973761939039e-01,4.314036061047837878e-01,0.000000000000000000e+00,3.864369282044609055e-01,4.628574759619262791e-01,3.802003266746709076e-01,3.979719442606142188e-01,4.680718658625235840e-01,0.000000000000000000e+00,0.000000000000000000e+00,0.000000000000000000e+00,4.878234691279795809e-01,4.714850714255017228e-01,5.006011073442717674e-01,5.182496425833328368e-01,0.000000000000000000e+00,0.000000000000000000e+00,0.000000000000000000e+00,4.918434060930924057e-01,4.982811225569890867e-01,0.000000000000000000e+00,0.000000000000000000e+00,0.000000000000000000e+00,1.380189878409228132e-01,0.000000000000000000e+00,0.000000000000000000e+00,0.000000000000000000e+00,0.000000000000000000e+00,0.000000000000000000e+00,0.000000000000000000e+00,0.000000000000000000e+00,0.000000000000000000e+00,5.058845181815169179e-01,4.798229252453903859e-01,0.000000000000000000e+00,4.712763249455587111e-01,0.000000000000000000e+00,4.492503637891244739e-01,4.503492660421745120e-01,4.816875537625263104e-01,4.835609915102849210e-01,0.000000000000000000e+00,4.588831510015001780e-01,5.121363239828752301e-01,4.696493837992621878e-01,0.000000000000000000e+00,4.880549760659502745e-01,0.000000000000000000e+00,4.468446661843102907e-01
0.000000000000000000e+00,0.000000000000000000e+00,0.000000000000000000e+00,4.691413791058455796e-01,3.960117979215063144e-01,4.139812541446183936e-01,4.533293833725957067e-01,4.842715626726261102e-01,3.022760918841296829e-01,5.183990858602145479e-01,3.049861292430349202e-01,1.446661517501139915e-01,4.761770124263359216e-01,4.604907224977364821e-01,0.000000000000000000e+00,0.000000000000000000e+00,0.000000000000000000e+00,0.000000000000000000e+00,2.665738391911138816e-01,0.000000000000000000e+00,0.000000000000000000e+00,0.000000000000000000e+00,3.148447796669481269e-01,0.000000000000000000e+00,0.000000000000000000e+00,0.000000000000000000e+00,3.411410330243465072e-01,4.878118023610352738e-01,0.000000000000000000e+00,0.000000000000000000e+00,5.019765369242805697e-01,4.504271268878803913e-01,0.000000000000000000e+00,4.970997181288864808e-01,4.996026389888665875e-01,4.286623621393491068e-01,4.608120140801444942e-01,0.000000000000000000e+00,5.128610537732275487e-01,0.000000000000000000e+00,6.700541501506933617e-01,0.000000000000000000e+00,4.768933301874174191e-01,0.000000000000000000e+00,0.000000000000000000e+00,0.000000000000000000e+00,0.000000000000000000e+00,5.378139316076618881e-01,0.000000000000000000e+00,1.561042921034735964e-01,5.452488227202533233e-01,5.863177812446465076e-01,5.440580020805279027e-01,5.506855736473241780e-01,0.000000000000000000e+00,5.231885725676410637e-01,0.000000000000000000e+00,5.858858487577092156e-01,4.994294311883490933e-01,0.000000000000000000e+00,0.000000000000000000e+00,0.000000000000000000e+00,0.000000000000000000e+00,5.365130862639091447e-01,0.000000000000000000e+00,0.000000000000000000e+00,0.000000000000000000e+00,5.594681963839519545e-01,0.000000000000000000e+00,0.000000000000000000e+00,0.000000000000000000e+00,5.491427528403383107e-01,6.170221874201430312e-01,0.000000000000000000e+00,0.000000000000000000e+00,0.000000000000000000e+00
0.000000000000000000e+00,0.000000000000000000e+00,4.691413791058455796e-01,0.000000000000000000e+00,2.507360114383668237e-01,3.883408248364825233e-01,3.016032787820336902e-01,3.930308570455393058e-01,4.388393909593878983e-01,2.287459893640128028e-01,3.710913663533099149e-01,0.000000000000000000e+00,3.371248077177853020e-01,2.639728743270717826e-01,0.000000000000000000e+00,0.000000000000000000e+00,0.000000000000000000e+00,0.000000000000000000e+00,4.175087142825404940e-01,0.000000000000000000e+00,0.000000000000000000e+00,0.000000000000000000e+00,4.114511715507239153e-01,0.000000000000000000e+00,0.000000000000000000e+00,0.000000000000000000e+00,3.989538388083760934e-01,2.702915928010319879e-01,0.000000000000000000e+00,0.000000000000000000e+00,3.388285020584287932e-01,2.945652188612745137e-01,0.000000000000000000e+00,2.759990945901529269e-01,3.283027788831920923e-01,2.066615531862580901e-01,2.119691053977638961e-01,0.000000000000000000e+00,0.000000000000000000e+00,0.000000000000000000e+00,0.000000000000000000e+00,0.000000000000000000e+00,0.000000000000000000e+00,0.000000000000000000e+00,0.000000000000000000e+00,0.000000000000000000e+00,0.000000000000000000e+00,0.000000000000000000e+00,0.000000000000000000e+00,0.000000000000000000e+00,0.000000000000000000e+00,0.000000000000000000e+00,0.000000000000000000e+00,0.000000000000000000e+00,0.000000000000000000e+00,0.000000000000000000e+00,0.000000000000000000e+00,0.000000000000000000e+00,0.000000000000000000e+00,0.000000000000000000e+00,0.000000000000000000e+00,0.000000000000000000e+00,0.000000000000000000e+00,0.000000000000000000e+00,0.000000000000000000e+00,0.000000000000000000e+00,0.000000000000000000e+00,0.000000000000000000e+00,0.000000000000000000e+00,0.000000000000000000e+00,0.000000000000000000e+00,0.000000000000000000e+00,0.000000000000000000e+00,0.000000000000000000e+00,0.000000000000000000e+00,0.000000000000000000e+00
0.000000000000000000e+00,4.303226407573290113e-01,3.960117979215063144e-01,2.507360114383668237e-01,0.000000000000000000e+00,3.884336850779674943e-01,3.297741109045074781e-01,3.596109029958299841e-01,3.482725033014967830e-01,4.153292187348122111e-01,3.224918096137571744e-01,1.089202348788521069e-01,4.019664868124021018e-01,2.496384349909963885e-01,0.000000000000000000e+00,4.587280221889140086e-01,0.000000000000000000e+00,0.000000000000000000e+00,3.927354829669110758e-01,3.786681879866640177e-01,0.000000000000000000e+00,4.250209312867755940e-01,4.058363496404889803e-01,0.000000000000000000e+00,4.317491577463358210e-01,4.414572035474588763e-01,3.929472424578244194e-01,3.866322203961685133e-01,4.040452266937453185e-01,0.000000000000000000e+00,4.828454392235443926e-01,3.312307957959109150e-01,0.000000000000000000e+00,4.574377269463740792e-01,4.090986336450895267e-01,1.991683448745449891e-01,2.649599941654481872e-01,4.144157944685710193e-01,1.449016219380533932e-01,0.000000000000000000e+00,0.000000000000000000e+00,0.000000000000000000e+00,0.000000000000000000e+00,0.000000000000000000e+00,0.000000000000000000e+00,0.000000000000000000e+00,0.000000000000000000e+00,5.005182102577380165e-01,0.000000000000000000e+00,1.196853085045865017e-01,1.413995716886319864e-01,0.000000000000000000e+00,4.696953902544915849e-01,1.473916997482105085e-01,0.000000000000000000e+00,4.388993926385966193e-01,0.000000000000000000e+00,0.000000000000000000e+00,0.000000000000000000e+00,0.000000000000000000e+00,0.000000000000000000e+00,0.000000000000000000e+00,0.000000000000000000e+00,4.934939384225934256e-01,0.000000000000000000e+00,0.000000000000000000e+00,0.000000000000000000e+00,4.939048232047000275e-01,0.000000000000000000e+00,0.000000000000000000e+00,0.000000000000000000e+00,5.014908145038315945e-01,0.000000000000000000e+00,0.000000000000000000e+00,0.000000000000000000e+00,0.000000000000000000e+00
1.279640476161693075e-01,4.065614188371405868e-01,4.139812541446183936e-01,3.883408248364825233e-01,3.884336850779674943e-01,0.000000000000000000e+00,4.156929667658830208e-01,4.244376912381693234e-01,3.307159596808317836e-01,4.480285271119839874e-01,3.858395215836554759e-01,1.587953379915570951e-01,3.987098038660578103e-01,4.062445573782982877e-01,4.375862639011198207e-01,4.581703182582156919e-01,1.577053824631629020e-01,4.380579262735844748e-01,4.285412003518104251e-01,4.058220137970940944e-01,4.154420919711355187e-01,4.253061493974317209e-01,4.386542380223060755e-01,0.000000000000000000e+00,4.096360296200142748e-01,4.021535370879166793e-01,3.976288957899777876e-01,3.929159807618740063e-01,3.685938377660499810e-01,4.250149816601960229e-01,4.578121614957296193e-01,4.248474939066674838e-01,4.165970580987519156e-01,4.724188304036954777e-01,4.712307273222732795e-01,4.309030724503553067e-01,4.410068697172180863e-01,4.771731194255591779e-01,4.967551852729171769e-01,0.000000000000000000e+00,1.093098423438486066e-01,1.337139184359505129e-01,5.054501759500225067e-01,0.000000000000000000e+00,0.000000000000000000e+00,0.000000000000000000e+00,1.837371231652606962e-01,5.411613249564707351e-01,0.000000000000000000e+00,1.789824702647367927e-01,5.139103652412116974e-01,1.609304765758212130e-01,4.776516152185524833e-01,5.527306774819227275e-01,0.000000000000000000e+00,5.544268062906387851e-01,0.000000000000000000e+00,1.484696775023764126e-01,0.000000000000000000e+00,1.403968170182710029e-01,0.000000000000000000e+00,0.000000000000000000e+00,0.000000000000000000e+00,5.420113187257890042e-01,4.454489933157136927e-01,0.000000000000000000e+00,1.635458232680565005e-01,5.128861892945644207e-01,0.000000000000000000e+00,0.000000000000000000e+00,1.638433464803079054e-01,5.071456441028507900e-01,5.210827613624654520e-01,4.869924735594032827e-01,1.011516926898475971e-01,5.321469152793905089e-01
0.000000000000000000e+00,4.284467528209405796e-01,4.533293833725957067e-01,3.016032787820336902e-01,3.297741109045074781e-01,4.156929667658830208e-01,0.000000000000000000e+00,4.592286290032885909e-01,4.036492628473987154e-01,4.021529600066379162e-01,4.580673296762077240e-01,0.000000000000000000e+00,3.526585229534350274e-01,3.462278305432668901e-01,0.000000000000000000e+00,4.746811625005876167e-01,0.000000000000000000e+00,4.704918048716378864e-01,4.927756993289617027e-01,4.311685042647743216e-01,0.000000000000000000e+00,4.524998351671439822e-01,4.457159053884975908e-01,4.128517787890371160e-01,4.380557077754417272e-01,4.210105276775373273e-01,4.316814940969390113e-01,3.845715330957026890e-01,4.351103613119894908e-01,0.000000000000000000e+00,4.402862781650977997e-01,3.827123562437728110e-01,3.714417872880915739e-01,4.165104476292553204e-01,3.890422283352263921e-01,3.272332651416169913e-01,3.093486667778816979e-01,3.851328537033947841e-01,1.841832463700056044e-01,0.000000000000000000e+00,1.637731516271186127e-01,0.000000000000000000e+00,1.211191185914881063e-01,0.000000000000000000e+00,0.000000000000000000e+00,0.000000000000000000e+00,0.000000000000000000e+00,1.874961326348812130e-01,0.000000000000000000e+00,0.000000000000000000e+00,5.222699641947952109e-01,0.000000000000000000e+00,1.112453970595013997e-01,1.754326870027249075e-01,0.000000000000000000e+00,1.484293345485989957e-01,0.000000000000000000e+00,0.000000000000000000e+00,0.000000000000000000e+00,0.000000000000000000e+00,0.000000000000000000e+00,0.000000000000000000e+00,0.000000000000000000e+00,1.420735728466518133e-01,0.000000000000000000e+00,0.000000000000000000e+00,0.000000000000000000e+00,5.201653355365090103e-01,0.000000000000000000e+00,0.000000000000000000e+00,0.000000000000000000e+00,5.200372906796851824e-01,0.000000000000000000e+00,0.000000000000000000e+00,0.000000000000000000e+00,0.000000000000000000e+00
5.291313067049874252e-01,0.000000000000000000e+00,4.842715626726261102e-01,3.930308570455393058e-01,3.596109029958299841e-01,4.244376912381693234e-01,4.592286290032885909e-01,0.000000000000000000e+00,4.940952845426799245e-01,5.256263717290386994e-01,2.961004020421215133e-01,5.844386230851930097e-01,4.613387524022350972e-01,3.719641033450533096e-01,0.000000000000000000e+00,4.953876884843810835e-01,0.000000000000000000e+00,4.992156363394187890e-01,4.691002872718025851e-01,4.448030584881875749e-01,4.100011335810154200e-01,4.768142223049275930e-01,3.804232892881390105e-01,5.456936875001396903e-01,4.975667364556755068e-01,5.129183593079373882e-01,4.590119574738453223e-01,4.544651033355391889e-01,4.023049763884520846e-01,4.279100293605173078e-01,4.820737632635090919e-01,3.818970763036739213e-01,4.229704933675267897e-01,4.846119110222986137e-01,4.940250208182385139e-01,3.012207150856340832e-01,4.590561868366579978e-01,0.000000000000000000e+00,4.950557202746185825e-01,0.000000000000000000e+00,5.210321925299702395e-01,0.000000000000000000e+00,4.919173440720649992e-01,0.000000000000000000e+00,0.000000000000000000e+00,0.000000000000000000e+00,0.000000000000000000e+00,5.088220087793134949e-01,0.000000000000000000e+00,0.000000000000000000e+00,4.776993162411117821e-01,5.241991682636690797e-01,3.718811782652645115e-01,5.271981916951331559e-01,0.000000000000000000e+00,4.704412021747892969e-01,0.000000000000000000e+00,4.953435488688026078e-01,4.262791815965518150e-01,4.967222047820825104e-01,0.000000000000000000e+00,0.000000000000000000e+00,0.000000000000000000e+00,5.241510727370312095e-01,5.087008368733778596e-01,3.958738480989578146e-01,0.000000000000000000e+00,4.848875838506995217e-01,0.000000000000000000e+00,0.000000000000000000e+00,0.000000000000000000e+00,4.913005689349133065e-01,4.983094912705697821e-01,4.760658663293549919e-01,0.000000000000000000e+00,5.402879874505303048e-01
0.000000000000000000e+00,3.900398759822170103e-01,3.022760918841296829e-01,4.388393909593878983e-01,3.482725033014967830e-01,3.307159596808317836e-01,4.036492628473987154e-01,4.940952845426799245e-01,0.000000000000000000e+00,4.689587245168013174e-01,3.417048678002951867e-01,4.487832918657559955e-01,4.166999363609804052e-01,3.963730047614181795e-01,0.000000000000000000e+00,4.347545798233005132e-01,0.000000000000000000e+00,1.723180217420489102e-01,3.149969199887097115e-01,3.746378042498871852e-01,0.000000000000000000e+00,4.007501593725186217e-01,4.528272193861385131e-01,5.161429874957661479e-01,3.933351684187603725e-01,4.218005210740881084e-01,3.513692415853685858e-01,4.945706534321763770e-01,4.111885752593502086e-01,0.000000000000000000e+00,5.207180537003104348e-01,4.499403697110225253e-01,4.528849782535602220e-01,4.981050396777376155e-01,4.844803620251568743e-01,4.324342205090286884e-01,4.543824005426739254e-01,4.608468469444471083e-01,5.013165945336530704e-01,0.000000000000000000e+00,1.944270713845958065e-01,0.000000000000000000e+00,4.630728304191765732e-01,0.000000000000000000e+00,0.000000000000000000e+00,0.000000000000000000e+00,0.000000000000000000e+00,5.360045011669876125e-01,0.000000000000000000e+00,1.678821275704424076e-01,5.459376256386960780e-01,6.061874216537938009e-01,5.509537793937117067e-01,1.272774180618909956e-01,0.000000000000000000e+00,5.396765629673571096e-01,0.000000000000000000e+00,1.922170983634403085e-01,0.000000000000000000e+00,0.000000000000000000e+00,0.000000000000000000e+00,0.000000000000000000e+00,0.000000000000000000e+00,5.340963709940558246e-01,0.000000000000000000e+00,0.000000000000000000e+00,0.000000000000000000e+00,5.557526879443454026e-01,0.000000000000000000e+00,0.000000000000000000e+00,0.000000000000000000e+00,5.420748179691659008e-01,2.033127150883851098e-01,0.000000000000000000e+00,0.000000000000000000e+00,0.000000000000000000e+00
4.713325086603741831e-01,0.000000000000000000e+00,5.183990858602145479e-01,2.287459893640128028e-01,4.153292187348122111e-01,4.480285271119839874e-01,4.021529600066379162e-01,5.256263717290386994e-01,4.689587245168013174e-01,0.000000000000000000e+00,4.625711593991175818e-01,3.360521449312531828e-01,4.215238138448478833e-01,0.000000000000000000e+00,0.000000000000000000e+00,4.167443197577521130e-01,3.570443177518903277e-01,3.832329255823510028e-01,4.695410527263422784e-01,1.064357389920402991e-01,0.000000000000000000e+00,1.131478320326588932e-01,4.654657600256055239e-01,3.616093443891997827e-01,3.630082250299543900e-01,3.734363206618460107e-01,4.535710992377731121e-01,4.018115680222216768e-01,1.329312264403890997e-01,0.000000000000000000e+00,3.607236465895121147e-01,3.350248943174609084e-01,3.665628118503577726e-01,3.027151844759549126e-01,3.316535742225191208e-01,3.259864875364161807e-01,2.972622013154320175e-01,2.792238834151004045e-01,3.587914707409317061e-01,4.150444214764688056e-01,4.380773632989878874e-01,3.230596243612667839e-01,0.000000000000000000e+00,0.000000000000000000e+00,3.757379401312718747e-01,5.127873206781636828e-01,0.000000000000000000e+00,0.000000000000000000e+00,0.000000000000000000e+00,0.000000000000000000e+00,0.000000000000000000e+00,0.000000000000000000e+00,0.000000000000000000e+00,0.000000000000000000e+00,4.905516392401965131e-01,0.000000000000000000e+00,4.863480038815861106e-01,4.815175775558577786e-01,0.000000000000000000e+00,0.000000000000000000e+00,0.000000000000000000e+00,4.714629837878955843e-01,4.431710590211647149e-01,0.000000000000000000e+00,0.000000000000000000e+00,0.000000000000000000e+00,0.000000000000000000e+00,0.000000000000000000e+00,4.517480566369124206e-01,4.531649390322465276e-01,4.732967113585304086e-01,0.000000000000000000e+00,4.403997576456695762e-01,0.000000000000000000e+00,0.000000000000000000e+00,4.797803217712994228e-01
0.000000000000000000e+00,0.000000000000000000e+00,3.049861292430349202e-01,3.710913663533099149e-01,3.224918096137571744e-01,3.858395215836554759e-01,4.580673296762077240e-01,2.961004020421215133e-01,3.417048678002951867e-01,4.625711593991175818e-01,0.000000000000000000e+00,4.186989263170257103e-01,4.775369034801645873e-01,2.915863467915227880e-01,0.000000000000000000e+00,0.000000000000000000e+00,1.129603659847957936e-01,0.000000000000000000e+00,2.995854569555401747e-01,0.000000000000000000e+00,0.000000000000000000e+00,0.000000000000000000e+00,2.762797891752756807e-01,4.704189837905661808e-01,0.000000000000000000e+00,1.680492079956459883e-01,3.954665730412196267e-01,4.890630598167025056e-01,0.000000000000000000e+00,0.000000000000000000e+00,5.053348387959943899e-01,3.660579806848567874e-01,4.361831834117104179e-01,4.843013896068986135e-01,4.785276794013640922e-01,3.407364516563600731e-01,4.476734350867344059e-01,4.416402922442447254e-01,4.188928120602891103e-01,0.000000000000000000e+00,0.000000000000000000e+00,0.000000000000000000e+00,4.109618994962306870e-01,0.000000000000000000e+00,0.000000000000000000e+00,0.000000000000000000e+00,0.000000000000000000e+00,4.832903397437001147e-01,0.000000000000000000e+00,1.096474142337539037e-01,4.598010090260233884e-01,5.138004698953444471e-01,4.340205021435658006e-01,5.058353013779703922e-01,0.000000000000000000e+00,4.336168367200489149e-01,0.000000000000000000e+00,1.411573169783089110e-01,4.181367613329389776e-01,0.000000000000000000e+00,0.000000000000000000e+00,0.000000000000000000e+00,0.000000000000000000e+00,4.646887903788262109e-01,0.000000000000000000e+00,0.000000000000000000e+00,0.000000000000000000e+00,5.024031574926957067e-01,0.000000000000000000e+00,0.000000000000000000e+00,0.000000000000000000e+00,5.085744621629593176e-01,1.700380183479761886e-01,0.000000000000000000e+00,0.000000000000000000e+00,0.000000000000000000e+00
4.327804151484064832e-01,0.000000000000000000e+00,1.446661517501139915e-01,0.000000000000000000e+00,1.089202348788521069e-01,1.587953379915570951e-01,0.000000000000000000e+00,5.844386230851930097e-01,4.487832918657559955e-01,3.360521449312531828e-01,4.186989263170257103e-01,0.000000000000000000e+00,4.000601018430862132e-01,0.000000000000000000e+00,0.000000000000000000e+00,0.000000000000000000e+00,3.893548866014218124e-01,3.863719834587043822e-01,5.534156026754054603e-01,0.000000000000000000e+00,5.438507313855263092e-01,0.000000000000000000e+00,5.475669583246542960e-01,3.238199668379908025e-01,3.740474024961615851e-01,3.303830657702843121e-01,1.478126499661331916e-01,3.843691245747791196e-01,0.000000000000000000e+00,0.000000000000000000e+00,3.718100439948989755e-01,2.872690980185144127e-01,2.785017832348428146e-01,2.738414552601542984e-01,3.284253111037004902e-01,3.524040659547548193e-01,3.410745582886570149e-01,2.088473625089611041e-01,3.005867870269237074e-01,4.240826808719712071e-01,4.334299131865865240e-01,4.546361106684154163e-01,0.000000000000000000e+00,0.000000000000000000e+00,3.924771442134777910e-01,0.000000000000000000e+00,0.000000000000000000e+00,0.000000000000000000e+00,0.000000000000000000e+00,0.000000000000000000e+00,0.000000000000000000e+00,0.000000000000000000e+00,0.000000000000000000e+00,0.000000000000000000e+00,4.847501947572901981e-01,0.000000000000000000e+00,4.801389944508545060e-01,4.747272104595141040e-01,0.000000000000000000e+00,0.000000000000000000e+00,0.000000000000000000e+00,4.604539831814689066e-01,4.549691034515250809e-01,0.000000000000000000e+00,0.000000000000000000e+00,0.000000000000000000e+00,0.000000000000000000e+00,0.000000000000000000e+00,4.629281867434364983e-01,4.658645059564732183e-01,4.785361885418673022e-01,0.000000000000000000e+00,4.528899949572329775e-01,0.000000000000000000e+00,0.000000000000000000e+00,4.570061624615495144e-01
1.289189709994993938e-01,4.531953090794849093e-01,4.761770124263359216e-01,3.371248077177853020e-01,4.019664868124021018e-01,3.987098038660578103e-01,3.526585229534350274e-01,4.613387524022350972e-01,4.166999363609804052e-01,4.215238138448478833e-01,4.775369034801645873e-01,4.000601018430862132e-01,0.000000000000000000e+00,4.006209741764832910e-01,0.000000000000000000e+00,4.852977736179551194e-01,4.314896572240414230e-01,4.664180631132867072e-01,5.040820659172809970e-01,4.417069913075641896e-01,4.857873938107430956e-01,4.735549598494847023e-01,4.565682613768528020e-01,4.037227147374726210e-01,4.488710423514278847e-01,4.430476407651874893e-01,4.537032489315446226e-01,3.679988496047880142e-01,4.213589867650406884e-01,4.447788833336878134e-01,4.361504809591902898e-01,3.923714073706566219e-01,3.982124542366990982e-01,4.143907706962667858e-01,4.157439510175662267e-01,3.814150827708240876e-01,3.763648784359179267e-01,3.954874626388493741e-01,4.650264305894705741e-01,0.000000000000000000e+00,4.400688767347146757e-01,5.279963648477514759e-01,4.694208027672783223e-01,0.000000000000000000e+00,0.000000000000000000e+00,0.000000000000000000e+00,0.000000000000000000e+00,1.844890917420914100e-01,0.000000000000000000e+00,0.000000000000000000e+00,5.261824725031686301e-01,2.127971987323727110e-01,4.957448148320867110e-01,0.000000000000000000e+00,0.000000000000000000e+00,6.096598318053958465e-01,4.128605067709879006e-01,0.000000000000000000e+00,0.000000000000000000e+00,1.660466628282462886e-01,0.000000000000000000e+00,0.000000000000000000e+00,0.000000000000000000e+00,0.000000000000000000e+00,1.543003688465809098e-01,0.000000000000000000e+00,2.033799240140601039e-01,5.199131292460446030e-01,0.000000000000000000e+00,1.644983550037110998e-01,1.881866019945158952e-01,5.103823400711403613e-01,0.000000000000000000e+00,5.206043584381393474e-01,0.000000000000000000e+00,0.000000000000000000e+00
0.000000000000000000e+00,0.000000000000000000e+00,4.604907224977364821e-01,2.639728743270717826e-01,2.496384349909963885e-01,4.062445573782982877e-01,3.462278305432668901e-01,3.719641033450533096e-01,3.963730047614181795e-01,0.000000000000000000e+00,2.915863467915227880e-01,0.000000000000000000e+00,4.006209741764832910e-01,0.000000000000000000e+00,0.000000000000000000e+00,0.000000000000000000e+00,0.000000000000000000e+00,0.000000000000000000e+00,3.957249605991662866e-01,0.000000000000000000e+00,0.000000000000000000e+00,0.000000000000000000e+00,4.039308393085047078e-01,0.000000000000000000e+00,0.000000000000000000e+00,0.000000000000000000e+00,4.444289156816046971e-01,2.335596793025475904e-01,0.000000000000000000e+00,0.000000000000000000e+00,0.000000000000000000e+00,2.693979985040196867e-01,0.000000000000000000e+00,0.000000000000000000e+00,0.000000000000000000e+00,2.082339946734443059e-01,1.868393356642550907e-01,0.000000000000000000e+00,3.582163118991744111e-01,0.000000000000000000e+00,0.000000000000000000e+00,0.000000000000000000e+00,3.692853743858852122e-01,0.000000000000000000e+00,0.000000000000000000e+00,0.000000000000000000e+00,0.000000000000000000e+00,5.172125939326516209e-01,0.000000000000000000e+00,0.000000000000000000e+00,0.000000000000000000e+00,0.000000000000000000e+00,0.000000000000000000e+00,5.112220804392472173e-01,0.000000000000000000e+00,4.537775263812148796e-01,0.000000000000000000e+00,0.000000000000000000e+00,0.000000000000000000e+00,0.000000000000000000e+00,0.000000000000000000e+00,0.000000000000000000e+00,0.000000000000000000e+00,0.000000000000000000e+00,0.000000000000000000e+00,0.000000000000000000e+00,0.000000000000000000e+00,4.748262979230297165e-01,0.000000000000000000e+00,0.000000000000000000e+00,0.000000000000000000e+00,5.374245395602249564e-01,0.000000000000000000e+00,0.000000000000000000e+00,0.000000000000000000e+00,0.000000000000000000e+00
4.112398350178715911e-01,4.215986280229215843e-01,0.000000000000000000e+00,0.000000000000000000e+00,0.000000000000000000e+00,4.375862639011198207e-01,0.000000000000000000e+00,0.000000000000000000e+00,0.000000000000000000e+00,0.000000000000000000e+00,0.000000000000000000e+00,0.000000000000000000e+00,0.000000000000000000e+00,0.000000000000000000e+00,0.000000000000000000e+00,4.642357148317169946e-01,0.000000000000000000e+00,4.286221726498410933e-01,0.000000000000000000e+00,3.733383852946973169e-01,4.101212230946773007e-01,4.133600332989427195e-01,4.159109502551960880e-01,4.922406723831249109e-01,3.973216281616079870e-01,4.148489603355465238e-01,4.023384046040939244e-01,4.315303221208728890e-01,4.301091990687170852e-01,0.000000000000000000e+00,4.531085119556444996e-01,4.533911088372252762e-01,4.278053375445656226e-01,4.562844016637699895e-01,4.992242510567769798e-01,4.803412003921960216e-01,0.000000000000000000e+00,0.000000000000000000e+00,5.046833785400051120e-01,5.108380131197759466e-01,5.176702573081621850e-01,5.534802030731640343e-01,0.000000000000000000e+00,0.000000000000000000e+00,0.000000000000000000e+00,0.000000000000000000e+00,5.380822611250299925e-01,0.000000000000000000e+00,0.000000000000000000e+00,0.000000000000000000e+00,4.548742125136118752e-01,0.000000000000000000e+00,4.374765456890633009e-01,0.000000000000000000e+00,0.000000000000000000e+00,0.000000000000000000e+00,0.000000000000000000e+00,1.182723303665556003e-01,0.000000000000000000e+00,4.985563526036018156e-01,1.452970067518689068e-01,0.000000000000000000e+00,0.000000000000000000e+00,0.000000000000000000e+00,4.769530419484055983e-01,4.912175989192769099e-01,5.194170194737159907e-01,4.887271408908540060e-01,0.000000000000000000e+00,5.444373046425844409e-01,5.478685678991938035e-01,4.952919550709736773e-01,4.771579131413384856e-01,4.652583878045575272e-01,0.000000000000000000e+00,4.961262320060554898e-01
4.288487854988212167e-01,4.207930254227914002e-01,0.000000000000000000e+00,0.000000000000000000e+00,4.587280221889140086e-01,4.581703182582156919e-01,4.746811625005876167e-01,4.953876884843810835e-01,4.347545798233005132e-01,4.167443197577521130e-01,0.000000000000000000e+00,0.000000000000000000e+00,4.852977736179551194e-01,0.000000000000000000e+00,4.642357148317169946e-01,0.000000000000000000e+00,3.990996870792870022e-01,3.656746914970925855e-01,0.000000000000000000e+00,4.171734982670953218e-01,4.568009516220521982e-01,3.928579902954154046e-01,4.496590300880384805e-01,0.000000000000000000e+00,4.243854154759291730e-01,4.400140041596011797e-01,4.393834762380999792e-01,4.676348502877493152e-01,4.611730405255465848e-01,4.333255463016201237e-01,3.841779530785353058e-01,4.670244658337522892e-01,3.927635320738510072e-01,4.043214005207860229e-01,4.598162592865369103e-01,0.000000000000000000e+00,0.000000000000000000e+00,0.000000000000000000e+00,4.847916203454452067e-01,4.629310335236918039e-01,4.701841535276226058e-01,5.118240045149005102e-01,0.000000000000000000e+00,0.000000000000000000e+00,0.000000000000000000e+00,4.881423906879180930e-01,4.840545130624658854e-01,0.000000000000000000e+00,0.000000000000000000e+00,0.000000000000000000e+00,0.000000000000000000e+00,0.000000000000000000e+00,0.000000000000000000e+00,0.000000000000000000e+00,0.000000000000000000e+00,0.000000000000000000e+00,0.000000000000000000e+00,0.000000000000000000e+00,0.000000000000000000e+00,4.992709600652834867e-01,4.689553518893243012e-01,0.000000000000000000e+00,4.449276936295202267e-01,0.000000000000000000e+00,4.901107256815582236e-01,4.829341709664008997e-01,4.747132347025055932e-01,5.952511283367035722e-01,0.000000000000000000e+00,4.598097542395503945e-01,4.990843606172085112e-01,5.377949188255178870e-01,0.000000000000000000e+00,5.142307480619566773e-01,0.000000000000000000e+00,0.000000000000000000e+00
0.000000000000000000e+00,4.699879325623145809e-01,0.000000000000000000e+00,0.000000000000000000e+00,0.000000000000000000e+00,1.577053824631629020e-01,0.000000000000000000e+00,0.000000000000000000e+00,0.000000000000000000e+00,3.570443177518903277e-01,1.129603659847957936e-01,3.893548866014218124e-01,4.314896572240414230e-01,0.000000000000000000e+00,0.000000000000000000e+00,3.990996870792870022e-01,0.000000000000000000e+00,3.753348789893894977e-01,0.000000000000000000e+00,4.557419388591484877e-01,0.000000000000000000e+00,4.251349548127172917e-01,0.000000000000000000e+00,4.060534511459080176e-01,3.544400206307882217e-01,3.862536083856236147e-01,0.000000000000000000e+00,4.194621135911462129e-01,5.297055721488269642e-01,0.000000000000000000e+00,3.712537842717029135e-01,4.550927826814777921e-01,3.932772113249076162e-01,3.972894459592289929e-01,4.158614399560884856e-01,0.000000000000000000e+00,0.000000000000000000e+00,3.511317970102266761e-01,0.000000000000000000e+00,4.200358025680391849e-01,0.000000000000000000e+00,0.000000000000000000e+00,0.000000000000000000e+00,0.000000000000000000e+00,0.000000000000000000e+00,0.000000000000000000e+00,0.000000000000000000e+00,0.000000000000000000e+00,0.000000000000000000e+00,0.000000000000000000e+00,0.000000000000000000e+00,0.000000000000000000e+00,0.000000000000000000e+00,0.000000000000000000e+00,4.578616240608294752e-01,0.000000000000000000e+00,4.638649514783290129e-01,0.000000000000000000e+00,0.000000000000000000e+00,0.000000000000000000e+00,0.000000000000000000e+00,4.171224341526691970e-01,4.404323389777862752e-01,0.000000000000000000e+00,0.000000000000000000e+00,0.000000000000000000e+00,0.000000000000000000e+00,0.000000000000000000e+00,0.000000000000000000e+00,4.196819939940922839e-01,4.368649759581664238e-01,0.000000000000000000e+00,0.000000000000000000e+00,0.000000000000000000e+00,0.000000000000000000e+00,0.000000000000000000e+00
4.105293618448574988e-01,4.277171085341783252e-01,0.000000000000000000e+00,0.000000000000000000e+00,0.000000000000000000e+00,4.380579262735844748e-01,4.704918048716378864e-01,4.992156363394187890e-01,1.723180217420489102e-01,3.832329255823510028e-01,0.000000000000000000e+00,3.863719834587043822e-01,4.664180631132867072e-01,0.000000000000000000e+00,4.286221726498410933e-01,3.656746914970925855e-01,3.753348789893894977e-01,0.000000000000000000e+00,0.000000000000000000e+00,4.323648608489316092e-01,4.556567043326971156e-01,4.172090219824485802e-01,4.419913916860794822e-01,3.835436531047151099e-01,3.807854302663565838e-01,4.109130498528917874e-01,4.280630872441998913e-01,4.589033555666183761e-01,4.645841666820800797e-01,0.000000000000000000e+00,3.901523675618873144e-01,4.557492695552952111e-01,3.911834287648434105e-01,4.060606659340232905e-01,4.252906303658933740e-01,0.000000000000000000e+00,0.000000000000000000e+00,0.000000000000000000e+00,4.542272424109304874e-01,4.171079600255180875e-01,4.527268926429575124e-01,4.592033087963717231e-01,0.000000000000000000e+00,0.000000000000000000e+00,0.000000000000000000e+00,4.567824873959063225e-01,4.634488363749876827e-01,0.000000000000000000e+00,0.000000000000000000e+00,0.000000000000000000e+00,0.000000000000000000e+00,0.000000000000000000e+00,0.000000000000000000e+00,0.000000000000000000e+00,4.408967330577828192e-01,0.000000000000000000e+00,4.697261825683912151e-01,0.000000000000000000e+00,0.000000000000000000e+00,0.000000000000000000e+00,4.393314194471785727e-01,4.467020906887856913e-01,4.354153178454723272e-01,0.000000000000000000e+00,0.000000000000000000e+00,0.000000000000000000e+00,4.521461652911695772e-01,0.000000000000000000e+00,4.777770496852025151e-01,4.422948805441279108e-01,4.615655930347430935e-01,0.000000000000000000e+00,0.000000000000000000e+00,0.000000000000000000e+00,0.000000000000000000e+00,4.318084484041483928e-01
0.000000000000000000e+00,0.000000000000000000e+00,2.665738391911138816e-01,4.175087142825404940e-01,3.927354829669110758e-01,4.285412003518104251e-01,4.927756993289617027e-01,4.691002872718025851e-01,3.149969199887097115e-01,4.695410527263422784e-01,2.995854569555401747e-01,5.534156026754054603e-01,5.040820659172809970e-01,3.957249605991662866e-01,0.000000000000000000e+00,0.000000000000000000e+00,0.000000000000000000e+00,0.000000000000000000e+00,0.000000000000000000e+00,0.000000000000000000e+00,0.000000000000000000e+00,0.000000000000000000e+00,2.967858146243496087e-01,0.000000000000000000e+00,0.000000000000000000e+00,0.000000000000000000e+00,3.629750181930094244e-01,5.217595730763548989e-01,0.000000000000000000e+00,0.000000000000000000e+00,5.175943398854081501e-01,4.321316134633101935e-01,0.000000000000000000e+00,5.037860152061603980e-01,4.752365591016525226e-01,4.170139946072166093e-01,4.622510844521414142e-01,5.097703802630655368e-01,4.947878406472587809e-01,0.000000000000000000e+00,0.000000000000000000e+00,0.000000000000000000e+00,4.653878168966201767e-01,0.000000000000000000e+00,0.000000000000000000e+00,0.000000000000000000e+00,0.000000000000000000e+00,5.203580129506606422e-01,0.000000000000000000e+00,5.642236462333997116e-01,5.362318299951671641e-01,6.028800990246938607e-01,5.238688295796268823e-01,5.518615877378663104e-01,0.000000000000000000e+00,4.915273137383974200e-01,0.000000000000000000e+00,6.364591401972888862e-01,4.446056013783584726e-01,0.000000000000000000e+00,0.000000000000000000e+00,0.000000000000000000e+00,0.000000000000000000e+00,5.523479975810404730e-01,0.000000000000000000e+00,0.000000000000000000e+00,0.000000000000000000e+00,5.589979517528085307e-01,0.000000000000000000e+00,0.000000000000000000e+00,0.000000000000000000e+00,5.399275330220743019e-01,0.000000000000000000e+00,0.000000000000000000e+00,0.000000000000000000e+00,0.000000000000000000e+00
0.000000000000000000e+00,4.250462339190202998e-01,0.000000000000000000e+00,0.000000000000000000e+00,3.786681879866640177e-01,4.058220137970940944e-01,4.311685042647743216e-01,4.448030584881875749e-01,3.746378042498871852e-01,1.064357389920402991e-01,0.000000000000000000e+00,0.000000000000000000e+00,4.417069913075641896e-01,0.000000000000000000e+00,3.733383852946973169e-01,4.171734982670953218e-01,4.557419388591484877e-01,4.323648608489316092e-01,0.000000000000000000e+00,0.000000000000000000e+00,4.367187337715999762e-01,3.737938409551971874e-01,3.162483254668995158e-01,0.000000000000000000e+00,4.161424973000305005e-01,4.493417773517506264e-01,3.452612782985798878e-01,4.104899523670778039e-01,3.695652361971881183e-01,3.667458617977569779e-01,4.027908348253644855e-01,4.480799582641152856e-01,4.111815069564916936e-01,4.383404344116236806e-01,4.802694132187212972e-01,5.226689766773781054e-01,4.641987430294177153e-01,0.000000000000000000e+00,4.745767429971308182e-01,4.699748966147058726e-01,4.889851370568507050e-01,4.911328748571459069e-01,1.085571697441179012e-01,0.000000000000000000e+00,0.000000000000000000e+00,0.000000000000000000e+00,4.710634639155106829e-01,0.000000000000000000e+00,0.000000000000000000e+00,0.000000000000000000e+00,4.669493886752668077e-01,0.000000000000000000e+00,4.624941875603478803e-01,0.000000000000000000e+00,0.000000000000000000e+00,0.000000000000000000e+00,0.000000000000000000e+00,1.728164616310444990e-01,0.000000000000000000e+00,4.716780248075669868e-01,1.948112228092699905e-01,0.000000000000000000e+00,0.000000000000000000e+00,0.000000000000000000e+00,4.680554194388448774e-01,4.536076071146293853e-01,4.866552937259526201e-01,4.889757680162712949e-01,0.000000000000000000e+00,1.902737318307902992e-01,4.831095159446424092e-01,4.798986712128729959e-01,5.059394829462728893e-01,4.820389151153697260e-01,1.118076663368391954e-01,4.886351974227305939e-01
4.535194592976236061e-01,4.430388477866559205e-01,0.000000000000000000e+00,0.000000000000000000e+00,0.000000000000000000e+00,4.154420919711355187e-01,0.000000000000000000e+00,4.100011335810154200e-01,0.000000000000000000e+00,0.000000000000000000e+00,0.000000000000000000e+00,5.438507313855263092e-01,4.857873938107430956e-01,0.000000000000000000e+00,4.101212230946773007e-01,4.568009516220521982e-01,0.000000000000000000e+00,4.556567043326971156e-01,0.000000000000000000e+00,4.367187337715999762e-01,0.000000000000000000e+00,4.522690563811623821e-01,4.181424438845752767e-01,5.315942021160648956e-01,4.517666978840790271e-01,4.550055633075250072e-01,4.410411334940113059e-01,4.438777264168741188e-01,4.241100057803459111e-01,0.000000000000000000e+00,4.265055810398047931e-01,4.503764714690847160e-01,4.308682667156569779e-01,4.363895895650761192e-01,5.040534259736142442e-01,0.000000000000000000e+00,0.000000000000000000e+00,0.000000000000000000e+00,5.114756344976034708e-01,4.971583466618398894e-01,5.266744494170267910e-01,5.628189804010711450e-01,0.000000000000000000e+00,0.000000000000000000e+00,0.000000000000000000e+00,2.833584881646197262e-01,5.333803471371418858e-01,0.000000000000000000e+00,0.000000000000000000e+00,0.000000000000000000e+00,4.392856311448983253e-01,0.000000000000000000e+00,3.973304621155103744e-01,0.000000000000000000e+00,0.000000000000000000e+00,0.000000000000000000e+00,0.000000000000000000e+00,1.023915041070437987e-01,0.000000000000000000e+00,4.995152673014984779e-01,4.903851449008446162e-01,0.000000000000000000e+00,0.000000000000000000e+00,0.000000000000000000e+00,4.729898258142894996e-01,3.780954385329499123e-01,5.269353599917605546e-01,4.633338259500222045e-01,0.000000000000000000e+00,1.266680572697488905e-01,5.414872001968984438e-01,4.807935338884741228e-01,5.096532663229782489e-01,4.738177702930401192e-01,0.000000000000000000e+00,4.960751425648106117e-01
