0.000000000000000000e+00,3.536575759718910139e-01,0.000000000000000000e+00,0.000000000000000000e+00,0.000000000000000000e+00,4.718904428432080245e-01,0.000000000000000000e+00,5.121144071230355754e-01,0.000000000000000000e+00,4.398363786364798966e-01,0.000000000000000000e+00,0.000000000000000000e+00,5.085617482334440220e-01,0.000000000000000000e+00,3.593751847506231889e-01,3.938188227465990732e-01,3.237593163931141160e-01,3.580428171522501146e-01,0.000000000000000000e+00,4.122033332381492832e-01,3.779466541859041739e-01,3.863714312672457130e-01,4.538891672011661216e-01,3.811687753106857146e-01,3.420416483553805898e-01,3.487332975644301114e-01,4.412999661275596175e-01,4.744330947896466810e-01,4.613601669724827214e-01,0.000000000000000000e+00,3.619366571791086118e-01,4.319853792410818238e-01,3.215626553974220148e-01,3.607963109699148241e-01,4.422080353544849962e-01,0.000000000000000000e+00,0.000000000000000000e+00,0.000000000000000000e+00,4.433116704536034236e-01,3.849605384848401868e-01,4.165275353585710105e-01,0.000000000000000000e+00,0.000000000000000000e+00,0.000000000000000000e+00,0.000000000000000000e+00,3.130834762263274840e-01,4.343865845770844003e-01,0.000000000000000000e+00,0.000000000000000000e+00,0.000000000000000000e+00,0.000000000000000000e+00,0.000000000000000000e+00,0.000000000000000000e+00,0.000000000000000000e+00,0.000000000000000000e+00,0.000000000000000000e+00,0.000000000000000000e+00,0.000000000000000000e+00,0.000000000000000000e+00,0.000000000000000000e+00,4.504300674944740068e-01,0.000000000000000000e+00,4.048506556128637079e-01,0.000000000000000000e+00,0.000000000000000000e+00,2.973963941514413123e-01,4.307719350493200983e-01,0.000000000000000000e+00,3.099157084248773120e-01,4.101388105835114817e-01,4.211741797811756061e-01,0.000000000000000000e+00,0.000000000000000000e+00,0.000000000000000000e+00,0.000000000000000000e+00,4.120476053045812881e-01
3.536575759718910139e-01,0.000000000000000000e+00,0.000000000000000000e+00,0.000000000000000000e+00,0.000000000000000000e+00,4.060349208541049193e-01,4.186568493352894049e-01,4.724833212031994134e-01,3.952309878925385767e-01,0.000000000000000000e+00,0.000000000000000000e+00,0.000000000000000000e+00,4.212356758684898117e-01,0.000000000000000000e+00,4.148593655621473086e-01,3.863455024667655779e-01,0.000000000000000000e+00,3.818659840671660977e-01,0.000000000000000000e+00,4.251395836696836850e-01,4.041397724466411767e-01,3.966721642951888116e-01,4.228834316582222863e-01,0.000000000000000000e+00,3.682379105511575101e-01,3.812675927286928168e-01,4.169993660325262974e-01,4.151061666228427205e-01,4.071124044557767885e-01,0.000000000000000000e+00,3.765756339005562059e-01,4.319982574570893075e-01,3.435815370029668969e-01,3.815647863096319203e-01,4.502118306001910986e-01,0.000000000000000000e+00,0.000000000000000000e+00,0.000000000000000000e+00,4.773205535534286170e-01,4.511319178206982250e-01,4.498184679351889259e-01,4.808579660253486932e-01,0.000000000000000000e+00,0.000000000000000000e+00,0.000000000000000000e+00,4.004796596561681077e-01,4.589970139430551987e-01,0.000000000000000000e+00,0.000000000000000000e+00,0.000000000000000000e+00,4.579488647417517266e-01,0.000000000000000000e+00,0.000000000000000000e+00,0.000000000000000000e+00,0.000000000000000000e+00,0.000000000000000000e+00,0.000000000000000000e+00,0.000000000000000000e+00,0.000000000000000000e+00,4.746190329676758801e-01,4.706222591168808811e-01,0.000000000000000000e+00,4.380204683354679829e-01,0.000000000000000000e+00,4.435866005815956026e-01,4.513097043015930065e-01,4.897596001152070277e-01,4.650245548510804072e-01,0.000000000000000000e+00,4.284641238592513113e-01,4.631859596835132264e-01,4.440751021065320048e-01,0.000000000000000000e+00,4.479259873236604017e-01,0.000000000000000000e+00,4.370347842714213948e-01
0.000000000000000000e+00,0.000000000000000000e+00,0.000000000000000000e+00,1.084974605659149022e-01,3.504123423440927976e-01,3.685206123542664192e-01,4.034975087902835100e-01,4.239382457100792090e-01,2.837895701867341192e-01,1.366818454632532931e-01,2.824220748322369134e-01,1.446661517501139915e-01,4.142465434226313969e-01,3.643613316342808051e-01,0.000000000000000000e+00,0.000000000000000000e+00,0.000000000000000000e+00,0.000000000000000000e+00,2.385275428918471052e-01,0.000000000000000000e+00,0.000000000000000000e+00,0.000000000000000000e+00,3.051283860565768835e-01,0.000000000000000000e+00,0.000000000000000000e+00,0.000000000000000000e+00,3.318825443828192778e-01,4.192794678439684120e-01,0.000000000000000000e+00,0.000000000000000000e+00,4.311368733011552989e-01,4.070080976104489268e-01,0.000000000000000000e+00,4.341114499010135241e-01,4.616986676102077247e-01,3.757227442308158083e-01,4.105288175492641800e-01,0.000000000000000000e+00,1.477498084837118031e-01,0.000000000000000000e+00,1.357753081291697972e-01,0.000000000000000000e+00,4.585563748403235773e-01,0.000000000000000000e+00,0.000000000000000000e+00,0.000000000000000000e+00,0.000000000000000000e+00,3.808584554885000029e-01,0.000000000000000000e+00,5.402328758929010322e-01,4.911618613203985184e-01,5.531077166662998756e-01,5.108303882826176201e-01,5.514738328735746542e-01,0.000000000000000000e+00,2.069446037754809065e-01,0.000000000000000000e+00,1.620068532629561908e-01,4.339777171264733724e-01,0.000000000000000000e+00,0.000000000000000000e+00,0.000000000000000000e+00,0.000000000000000000e+00,2.727353053262894234e-01,0.000000000000000000e+00,0.000000000000000000e+00,0.000000000000000000e+00,5.016768877026631657e-01,0.000000000000000000e+00,0.000000000000000000e+00,0.000000000000000000e+00,5.421955689326134475e-01,5.808044978700656058e-01,0.000000000000000000e+00,0.000000000000000000e+00,0.000000000000000000e+00
0.000000000000000000e+00,0.000000000000000000e+00,1.084974605659149022e-01,0.000000000000000000e+00,2.678755478042029181e-01,3.828541356711679944e-01,2.988856876019860831e-01,3.631405832549621793e-01,4.008042829202950186e-01,1.701164188680303890e-01,3.312384418091129934e-01,0.000000000000000000e+00,3.162618614307656784e-01,2.856326740225808014e-01,0.000000000000000000e+00,0.000000000000000000e+00,0.000000000000000000e+00,0.000000000000000000e+00,3.924725956114591963e-01,0.000000000000000000e+00,0.000000000000000000e+00,0.000000000000000000e+00,4.269484130907381103e-01,0.000000000000000000e+00,0.000000000000000000e+00,0.000000000000000000e+00,4.506701853436791971e-01,2.678610717115272877e-01,0.000000000000000000e+00,0.000000000000000000e+00,2.326108135081433048e-01,2.909612235155215054e-01,0.000000000000000000e+00,2.254956347217456913e-01,2.576146090407633871e-01,1.609221696372233890e-01,1.559342817588338093e-01,0.000000000000000000e+00,0.000000000000000000e+00,0.000000000000000000e+00,0.000000000000000000e+00,0.000000000000000000e+00,0.000000000000000000e+00,0.000000000000000000e+00,0.000000000000000000e+00,0.000000000000000000e+00,0.000000000000000000e+00,0.000000000000000000e+00,0.000000000000000000e+00,0.000000000000000000e+00,0.000000000000000000e+00,0.000000000000000000e+00,0.000000000000000000e+00,0.000000000000000000e+00,0.000000000000000000e+00,0.000000000000000000e+00,0.000000000000000000e+00,0.000000000000000000e+00,0.000000000000000000e+00,0.000000000000000000e+00,0.000000000000000000e+00,0.000000000000000000e+00,0.000000000000000000e+00,0.000000000000000000e+00,0.000000000000000000e+00,0.000000000000000000e+00,0.000000000000000000e+00,0.000000000000000000e+00,0.000000000000000000e+00,0.000000000000000000e+00,0.000000000000000000e+00,0.000000000000000000e+00,0.000000000000000000e+00,0.000000000000000000e+00,0.000000000000000000e+00,0.000000000000000000e+00
0.000000000000000000e+00,0.000000000000000000e+00,3.504123423440927976e-01,2.678755478042029181e-01,0.000000000000000000e+00,3.153335575344941022e-01,3.283357938206736271e-01,3.121724296373509233e-01,3.022351483274398065e-01,4.016215714447078922e-01,2.783642811650167137e-01,1.089202348788521069e-01,3.491985434451517212e-01,2.603859039667135167e-01,0.000000000000000000e+00,0.000000000000000000e+00,0.000000000000000000e+00,0.000000000000000000e+00,3.011292596638344143e-01,0.000000000000000000e+00,0.000000000000000000e+00,0.000000000000000000e+00,3.421904575830768125e-01,0.000000000000000000e+00,1.026512181678926050e-01,4.505513111057095066e-01,3.319475565115252991e-01,3.477562351759905246e-01,3.769269786834260061e-01,0.000000000000000000e+00,4.024924687316677741e-01,3.899914340432117932e-01,0.000000000000000000e+00,3.568563717333895213e-01,3.158468978087011769e-01,1.944012100764996864e-01,2.465840710005078873e-01,3.434523545752283802e-01,1.449016219380533932e-01,0.000000000000000000e+00,0.000000000000000000e+00,0.000000000000000000e+00,0.000000000000000000e+00,0.000000000000000000e+00,0.000000000000000000e+00,0.000000000000000000e+00,0.000000000000000000e+00,5.402582888030899033e-01,0.000000000000000000e+00,1.196853085045865017e-01,1.413995716886319864e-01,0.000000000000000000e+00,0.000000000000000000e+00,1.473916997482105085e-01,0.000000000000000000e+00,0.000000000000000000e+00,0.000000000000000000e+00,0.000000000000000000e+00,0.000000000000000000e+00,0.000000000000000000e+00,0.000000000000000000e+00,0.000000000000000000e+00,0.000000000000000000e+00,0.000000000000000000e+00,0.000000000000000000e+00,0.000000000000000000e+00,0.000000000000000000e+00,5.016239150318497764e-01,0.000000000000000000e+00,0.000000000000000000e+00,0.000000000000000000e+00,1.505447041079442938e-01,0.000000000000000000e+00,0.000000000000000000e+00,0.000000000000000000e+00,0.000000000000000000e+00
4.718904428432080245e-01,4.060349208541049193e-01,3.685206123542664192e-01,3.828541356711679944e-01,3.153335575344941022e-01,0.000000000000000000e+00,3.805987272364507734e-01,3.878137705371503263e-01,2.891529624076397131e-01,4.205935762016914103e-01,3.054167057864122792e-01,1.587953379915570951e-01,3.652974849336103058e-01,3.379684452527350058e-01,4.216739606322297829e-01,4.060341284181708810e-01,1.577053824631629020e-01,4.105803777143631206e-01,3.449981482950887912e-01,3.989196138120046919e-01,4.250612412104707860e-01,4.039615980871192891e-01,3.807425401818975153e-01,0.000000000000000000e+00,3.938123383025137758e-01,4.186621302653876220e-01,3.449342383245797006e-01,3.654652414969488117e-01,3.178223947579726927e-01,3.981961812318136062e-01,4.134804837458386784e-01,4.027807707410229754e-01,3.908691109040571821e-01,4.194577694830458059e-01,4.359683411204284820e-01,3.970065143530596141e-01,4.058143725281121994e-01,1.323406039125313016e-01,4.712134021480465229e-01,0.000000000000000000e+00,4.978057819291217823e-01,5.389360568589061096e-01,4.539371603552951884e-01,0.000000000000000000e+00,0.000000000000000000e+00,0.000000000000000000e+00,5.143116001673088133e-01,5.328717668527506168e-01,0.000000000000000000e+00,5.563038679060924308e-01,4.832649416576376145e-01,5.238476126462944249e-01,4.659249084355240877e-01,5.284877550447684147e-01,0.000000000000000000e+00,4.805376749553355031e-01,0.000000000000000000e+00,5.070455488430988256e-01,0.000000000000000000e+00,4.861105108830188759e-01,0.000000000000000000e+00,0.000000000000000000e+00,0.000000000000000000e+00,5.284877607129626620e-01,4.733065027805222202e-01,4.719727802946737105e-01,4.841434001631220174e-01,4.910323211280610001e-01,0.000000000000000000e+00,0.000000000000000000e+00,4.944967635788902749e-01,4.883306838908640923e-01,4.962359499079486147e-01,4.756368066525257232e-01,5.297793673079190802e-01,5.010485697735524990e-01
0.000000000000000000e+00,4.186568493352894049e-01,4.034975087902835100e-01,2.988856876019860831e-01,3.283357938206736271e-01,3.805987272364507734e-01,0.000000000000000000e+00,4.041971752707352872e-01,3.510597505962544940e-01,3.893325644570416744e-01,3.801507160017947862e-01,0.000000000000000000e+00,3.224391115055297852e-01,3.165451360526196911e-01,0.000000000000000000e+00,4.381527257981095991e-01,4.492836185477783739e-01,4.277255209088017263e-01,3.898677394090889758e-01,4.094535299471659950e-01,0.000000000000000000e+00,4.242450868822602028e-01,3.921986282855781103e-01,3.876724354441729026e-01,4.147414568998870066e-01,4.113207712587039766e-01,3.896865596251227748e-01,3.480753091856388926e-01,4.055110098142556962e-01,0.000000000000000000e+00,3.749710073767358876e-01,3.829785963911037094e-01,0.000000000000000000e+00,3.574402925110660156e-01,3.050970690817603193e-01,3.155588441934598087e-01,3.233177341717934916e-01,2.704888408076617234e-01,1.841832463700056044e-01,0.000000000000000000e+00,1.637731516271186127e-01,0.000000000000000000e+00,1.211191185914881063e-01,0.000000000000000000e+00,0.000000000000000000e+00,0.000000000000000000e+00,0.000000000000000000e+00,1.874961326348812130e-01,0.000000000000000000e+00,0.000000000000000000e+00,5.124602998388028130e-01,0.000000000000000000e+00,1.112453970595013997e-01,5.324562555079876969e-01,0.000000000000000000e+00,1.484293345485989957e-01,0.000000000000000000e+00,0.000000000000000000e+00,0.000000000000000000e+00,0.000000000000000000e+00,0.000000000000000000e+00,0.000000000000000000e+00,0.000000000000000000e+00,1.420735728466518133e-01,0.000000000000000000e+00,0.000000000000000000e+00,0.000000000000000000e+00,4.945089247545528810e-01,0.000000000000000000e+00,0.000000000000000000e+00,0.000000000000000000e+00,4.833622008672450732e-01,0.000000000000000000e+00,0.000000000000000000e+00,0.000000000000000000e+00,0.000000000000000000e+00
5.121144071230355754e-01,4.724833212031994134e-01,4.239382457100792090e-01,3.631405832549621793e-01,3.121724296373509233e-01,3.878137705371503263e-01,4.041971752707352872e-01,0.000000000000000000e+00,4.163767172161156882e-01,5.508875677950093586e-01,2.215420735384941997e-01,0.000000000000000000e+00,4.182702759574571938e-01,3.120897924753340824e-01,0.000000000000000000e+00,4.291385934265337099e-01,0.000000000000000000e+00,4.878664583660716758e-01,3.700159285318049274e-01,3.864817609756598937e-01,4.052485666692843269e-01,4.428990014008212794e-01,3.338046782002799251e-01,5.384479572293323635e-01,5.094212624907145104e-01,5.106744633532025457e-01,4.032292696714532276e-01,4.156282634503901119e-01,3.791601528141053112e-01,4.055781016621357038e-01,4.255129812716865190e-01,3.717546063312123228e-01,4.791675575184377034e-01,4.216266556570890112e-01,4.614748357417565172e-01,2.288977745582730094e-01,4.428822677624750792e-01,0.000000000000000000e+00,4.600955988405087127e-01,0.000000000000000000e+00,4.905885132208054888e-01,0.000000000000000000e+00,3.392234379769302755e-01,0.000000000000000000e+00,0.000000000000000000e+00,0.000000000000000000e+00,0.000000000000000000e+00,4.853046880985534828e-01,0.000000000000000000e+00,5.020937624989674219e-01,4.468318430501697081e-01,4.939878581703195937e-01,3.401762513927402143e-01,5.034906764201367846e-01,0.000000000000000000e+00,3.515951948944746053e-01,0.000000000000000000e+00,4.833813739697044864e-01,3.307308681039531906e-01,0.000000000000000000e+00,0.000000000000000000e+00,0.000000000000000000e+00,0.000000000000000000e+00,4.671210796970883816e-01,0.000000000000000000e+00,3.201828246462937733e-01,0.000000000000000000e+00,4.506323722210691107e-01,0.000000000000000000e+00,0.000000000000000000e+00,0.000000000000000000e+00,4.609323052911645791e-01,4.800805716554562008e-01,4.392053605809821959e-01,0.000000000000000000e+00,5.070811488460430505e-01
0.000000000000000000e+00,3.952309878925385767e-01,2.837895701867341192e-01,4.008042829202950186e-01,3.022351483274398065e-01,2.891529624076397131e-01,3.510597505962544940e-01,4.163767172161156882e-01,0.000000000000000000e+00,4.172391721292297850e-01,2.667050523194274270e-01,1.505650924118258072e-01,3.723296988235005878e-01,3.380777434744334231e-01,0.000000000000000000e+00,4.292344217334393974e-01,0.000000000000000000e+00,1.723180217420489102e-01,2.632845565945647892e-01,3.648121775893922725e-01,0.000000000000000000e+00,3.941892548008261166e-01,3.524037392081926789e-01,1.348241689002374066e-01,1.381552569281528919e-01,1.487972333815535952e-01,3.274091081368840084e-01,4.017181486330221873e-01,3.716868393422971817e-01,0.000000000000000000e+00,4.108897928480589878e-01,3.860636434524594152e-01,0.000000000000000000e+00,4.091045861747846235e-01,4.247985157732834804e-01,3.867397323698822942e-01,4.017819379956225068e-01,4.237527132301596167e-01,4.783261757630636879e-01,0.000000000000000000e+00,1.944270713845958065e-01,0.000000000000000000e+00,4.412497092261081222e-01,0.000000000000000000e+00,0.000000000000000000e+00,0.000000000000000000e+00,0.000000000000000000e+00,5.177877905241392575e-01,0.000000000000000000e+00,1.678821275704424076e-01,4.695669398438985231e-01,5.474855781514769149e-01,4.664416896188123829e-01,5.389984560423783932e-01,0.000000000000000000e+00,4.504105129498788829e-01,0.000000000000000000e+00,5.534414909831488760e-01,4.175816894659072909e-01,0.000000000000000000e+00,0.000000000000000000e+00,0.000000000000000000e+00,0.000000000000000000e+00,4.918347564511573178e-01,0.000000000000000000e+00,0.000000000000000000e+00,0.000000000000000000e+00,4.904365819527359838e-01,0.000000000000000000e+00,0.000000000000000000e+00,0.000000000000000000e+00,5.069429060304067036e-01,5.257849065399171629e-01,0.000000000000000000e+00,0.000000000000000000e+00,0.000000000000000000e+00
4.398363786364798966e-01,0.000000000000000000e+00,1.366818454632532931e-01,1.701164188680303890e-01,4.016215714447078922e-01,4.205935762016914103e-01,3.893325644570416744e-01,5.508875677950093586e-01,4.172391721292297850e-01,0.000000000000000000e+00,4.061531134068572246e-01,2.812369783954464242e-01,4.179705809246651027e-01,0.000000000000000000e+00,0.000000000000000000e+00,3.892377356810476918e-01,3.330880376370323193e-01,3.446672333310927816e-01,1.150716520072545962e-01,4.868755583444859814e-01,0.000000000000000000e+00,1.131478320326588932e-01,4.311136193566876273e-01,2.970239264465944218e-01,3.363785900338510104e-01,3.466656150674921055e-01,1.363035759766620947e-01,3.558383050038296247e-01,1.329312264403890997e-01,0.000000000000000000e+00,3.248153173938730931e-01,3.144495830163873129e-01,2.798303995411600131e-01,2.906792852310158826e-01,2.977927603055756101e-01,2.595287195710258010e-01,2.103903855755613062e-01,2.591413988447551775e-01,3.752812996811881741e-01,3.463789606676018207e-01,4.207686269526784151e-01,4.075594925874141961e-01,0.000000000000000000e+00,0.000000000000000000e+00,3.751577419275252123e-01,0.000000000000000000e+00,0.000000000000000000e+00,0.000000000000000000e+00,0.000000000000000000e+00,0.000000000000000000e+00,0.000000000000000000e+00,0.000000000000000000e+00,0.000000000000000000e+00,0.000000000000000000e+00,4.466893023209774771e-01,0.000000000000000000e+00,4.568829674643314909e-01,0.000000000000000000e+00,0.000000000000000000e+00,0.000000000000000000e+00,0.000000000000000000e+00,4.544140461327689784e-01,4.428024632126517091e-01,0.000000000000000000e+00,0.000000000000000000e+00,0.000000000000000000e+00,0.000000000000000000e+00,0.000000000000000000e+00,3.829752081408567266e-01,4.616078020677653049e-01,4.688236310025606923e-01,0.000000000000000000e+00,3.889248906597955746e-01,0.000000000000000000e+00,0.000000000000000000e+00,3.964922450992520164e-01
0.000000000000000000e+00,0.000000000000000000e+00,2.824220748322369134e-01,3.312384418091129934e-01,2.783642811650167137e-01,3.054167057864122792e-01,3.801507160017947862e-01,2.215420735384941997e-01,2.667050523194274270e-01,4.061531134068572246e-01,0.000000000000000000e+00,1.231636627429836955e-01,3.916660632788183105e-01,2.396127143586765929e-01,0.000000000000000000e+00,0.000000000000000000e+00,1.129603659847957936e-01,0.000000000000000000e+00,2.345924995620954079e-01,0.000000000000000000e+00,0.000000000000000000e+00,0.000000000000000000e+00,2.320205473896357062e-01,0.000000000000000000e+00,0.000000000000000000e+00,1.680492079956459883e-01,3.558634050392863180e-01,3.880245657345183785e-01,0.000000000000000000e+00,0.000000000000000000e+00,4.067585284877963114e-01,3.623377992374193224e-01,0.000000000000000000e+00,4.024007492381843076e-01,3.851613824103354844e-01,2.267943195648773891e-01,3.996520784776543267e-01,1.142382805828319053e-01,0.000000000000000000e+00,0.000000000000000000e+00,0.000000000000000000e+00,0.000000000000000000e+00,0.000000000000000000e+00,0.000000000000000000e+00,0.000000000000000000e+00,0.000000000000000000e+00,0.000000000000000000e+00,2.359103086459163889e-01,0.000000000000000000e+00,1.096474142337539037e-01,0.000000000000000000e+00,1.325156429244102874e-01,3.768507100521787945e-01,0.000000000000000000e+00,0.000000000000000000e+00,1.673239662188462096e-01,0.000000000000000000e+00,1.411573169783089110e-01,0.000000000000000000e+00,0.000000000000000000e+00,0.000000000000000000e+00,0.000000000000000000e+00,0.000000000000000000e+00,1.508344426804467120e-01,0.000000000000000000e+00,0.000000000000000000e+00,0.000000000000000000e+00,4.076449851035908178e-01,0.000000000000000000e+00,0.000000000000000000e+00,0.000000000000000000e+00,4.434184998312504788e-01,1.700380183479761886e-01,0.000000000000000000e+00,0.000000000000000000e+00,0.000000000000000000e+00
0.000000000000000000e+00,0.000000000000000000e+00,1.446661517501139915e-01,0.000000000000000000e+00,1.089202348788521069e-01,1.587953379915570951e-01,0.000000000000000000e+00,0.000000000000000000e+00,1.505650924118258072e-01,2.812369783954464242e-01,1.231636627429836955e-01,0.000000000000000000e+00,3.869344992136973804e-01,0.000000000000000000e+00,0.000000000000000000e+00,0.000000000000000000e+00,3.431476049021894847e-01,3.556618975232858082e-01,1.541655912504223125e-01,0.000000000000000000e+00,0.000000000000000000e+00,0.000000000000000000e+00,1.457153629566030062e-01,2.749037421384015190e-01,3.479668910035874085e-01,2.922025943863091890e-01,1.478126499661331916e-01,2.836857745232002070e-01,0.000000000000000000e+00,0.000000000000000000e+00,3.122059893566901945e-01,2.513203888260424068e-01,2.250118349553175134e-01,2.200616171208021055e-01,2.528989046895068205e-01,2.566845431048648818e-01,2.270703667974288964e-01,1.902575448737355013e-01,2.774781391794448049e-01,3.350419057577161963e-01,3.585651222725974030e-01,3.914235977094900898e-01,0.000000000000000000e+00,0.000000000000000000e+00,0.000000000000000000e+00,0.000000000000000000e+00,0.000000000000000000e+00,0.000000000000000000e+00,0.000000000000000000e+00,0.000000000000000000e+00,0.000000000000000000e+00,0.000000000000000000e+00,0.000000000000000000e+00,0.000000000000000000e+00,4.382422376307256728e-01,0.000000000000000000e+00,4.482902714389359056e-01,0.000000000000000000e+00,0.000000000000000000e+00,0.000000000000000000e+00,0.000000000000000000e+00,4.613245525701336058e-01,4.493734136171381732e-01,0.000000000000000000e+00,0.000000000000000000e+00,0.000000000000000000e+00,0.000000000000000000e+00,0.000000000000000000e+00,3.856147336597554043e-01,4.608241342638916827e-01,4.706045714435456162e-01,0.000000000000000000e+00,0.000000000000000000e+00,0.000000000000000000e+00,0.000000000000000000e+00,4.041553399577733074e-01
5.085617482334440220e-01,4.212356758684898117e-01,4.142465434226313969e-01,3.162618614307656784e-01,3.491985434451517212e-01,3.652974849336103058e-01,3.224391115055297852e-01,4.182702759574571938e-01,3.723296988235005878e-01,4.179705809246651027e-01,3.916660632788183105e-01,3.869344992136973804e-01,0.000000000000000000e+00,3.135706386528945844e-01,4.133796333923698829e-01,4.423403306069494945e-01,4.248865268475874868e-01,4.344018697906945059e-01,4.012003016844966075e-01,4.144042054577832257e-01,4.486656452130513006e-01,4.323957622944208934e-01,4.056080387902162854e-01,1.139336474444933023e-01,4.137552838598175242e-01,4.122590973780507762e-01,4.054162360460517034e-01,3.428165247266998228e-01,3.959837091727670955e-01,3.984298738834841092e-01,3.980583652830158026e-01,3.986636928789533130e-01,4.013748997939884933e-01,3.946826691586570179e-01,3.919352301425089724e-01,3.533051000136903097e-01,3.661048837865362171e-01,3.577541650229397741e-01,4.534700818199228767e-01,0.000000000000000000e+00,5.497438639511966763e-01,1.298068953631462130e-01,5.011181106405669938e-01,0.000000000000000000e+00,0.000000000000000000e+00,0.000000000000000000e+00,0.000000000000000000e+00,5.692979252681452662e-01,0.000000000000000000e+00,0.000000000000000000e+00,4.993481348057384750e-01,6.081745186917952850e-01,4.799546789307501116e-01,0.000000000000000000e+00,0.000000000000000000e+00,1.451333181512788895e-01,0.000000000000000000e+00,0.000000000000000000e+00,0.000000000000000000e+00,1.660466628282462886e-01,0.000000000000000000e+00,0.000000000000000000e+00,0.000000000000000000e+00,0.000000000000000000e+00,5.278593004890059781e-01,0.000000000000000000e+00,2.033799240140601039e-01,4.955195308831478740e-01,0.000000000000000000e+00,1.644983550037110998e-01,1.881866019945158952e-01,4.856715479081356035e-01,0.000000000000000000e+00,4.981936178301076823e-01,0.000000000000000000e+00,0.000000000000000000e+00
0.000000000000000000e+00,0.000000000000000000e+00,3.643613316342808051e-01,2.856326740225808014e-01,2.603859039667135167e-01,3.379684452527350058e-01,3.165451360526196911e-01,3.120897924753340824e-01,3.380777434744334231e-01,0.000000000000000000e+00,2.396127143586765929e-01,0.000000000000000000e+00,3.135706386528945844e-01,0.000000000000000000e+00,0.000000000000000000e+00,0.000000000000000000e+00,0.000000000000000000e+00,0.000000000000000000e+00,2.936697626447868914e-01,0.000000000000000000e+00,3.989497481883180208e-01,0.000000000000000000e+00,3.137862380581937782e-01,0.000000000000000000e+00,0.000000000000000000e+00,0.000000000000000000e+00,4.040822773332484741e-01,3.039160275690330204e-01,0.000000000000000000e+00,0.000000000000000000e+00,0.000000000000000000e+00,1.980467663608939943e-01,0.000000000000000000e+00,0.000000000000000000e+00,0.000000000000000000e+00,1.863672794759810014e-01,1.363753403015381949e-01,0.000000000000000000e+00,0.000000000000000000e+00,0.000000000000000000e+00,0.000000000000000000e+00,0.000000000000000000e+00,0.000000000000000000e+00,0.000000000000000000e+00,0.000000000000000000e+00,0.000000000000000000e+00,0.000000000000000000e+00,0.000000000000000000e+00,0.000000000000000000e+00,0.000000000000000000e+00,0.000000000000000000e+00,0.000000000000000000e+00,0.000000000000000000e+00,4.200766379958512098e-01,0.000000000000000000e+00,0.000000000000000000e+00,0.000000000000000000e+00,0.000000000000000000e+00,0.000000000000000000e+00,0.000000000000000000e+00,0.000000000000000000e+00,0.000000000000000000e+00,0.000000000000000000e+00,0.000000000000000000e+00,0.000000000000000000e+00,0.000000000000000000e+00,0.000000000000000000e+00,4.583560434958096064e-01,0.000000000000000000e+00,0.000000000000000000e+00,0.000000000000000000e+00,0.000000000000000000e+00,0.000000000000000000e+00,0.000000000000000000e+00,0.000000000000000000e+00,0.000000000000000000e+00
3.593751847506231889e-01,4.148593655621473086e-01,0.000000000000000000e+00,0.000000000000000000e+00,0.000000000000000000e+00,4.216739606322297829e-01,0.000000000000000000e+00,0.000000000000000000e+00,0.000000000000000000e+00,0.000000000000000000e+00,0.000000000000000000e+00,0.000000000000000000e+00,4.133796333923698829e-01,0.000000000000000000e+00,0.000000000000000000e+00,4.045347929910360074e-01,0.000000000000000000e+00,3.949411353306163108e-01,0.000000000000000000e+00,3.658287505638296855e-01,3.673639567136274819e-01,3.492158595526900222e-01,4.212596810090015187e-01,0.000000000000000000e+00,3.895228837467821226e-01,3.826117399218373905e-01,4.180664870136245881e-01,4.067224125301113768e-01,3.920568048554696761e-01,0.000000000000000000e+00,3.871583894013856941e-01,4.319269604681221231e-01,3.866796102919222156e-01,4.271547971394341059e-01,4.779634863670452205e-01,4.593976906641217273e-01,0.000000000000000000e+00,0.000000000000000000e+00,4.754951242574301795e-01,4.502747021972288155e-01,4.786761594609780790e-01,5.144303787888744317e-01,0.000000000000000000e+00,0.000000000000000000e+00,0.000000000000000000e+00,0.000000000000000000e+00,4.916891582632468838e-01,0.000000000000000000e+00,0.000000000000000000e+00,0.000000000000000000e+00,4.408086524873368051e-01,0.000000000000000000e+00,0.000000000000000000e+00,0.000000000000000000e+00,0.000000000000000000e+00,0.000000000000000000e+00,0.000000000000000000e+00,1.182723303665556003e-01,0.000000000000000000e+00,4.126813991405454130e-01,5.124019710541952710e-01,0.000000000000000000e+00,0.000000000000000000e+00,0.000000000000000000e+00,4.132702561803239250e-01,4.332295950354457803e-01,4.870893453224873770e-01,4.369422160682138179e-01,0.000000000000000000e+00,1.582739178132742119e-01,5.001063182095359938e-01,4.479418024531571785e-01,1.241303353465886966e-01,4.454823717149097861e-01,0.000000000000000000e+00,4.734446885548764805e-01
3.938188227465990732e-01,3.863455024667655779e-01,0.000000000000000000e+00,0.000000000000000000e+00,0.000000000000000000e+00,4.060341284181708810e-01,4.381527257981095991e-01,4.291385934265337099e-01,4.292344217334393974e-01,3.892377356810476918e-01,0.000000000000000000e+00,0.000000000000000000e+00,4.423403306069494945e-01,0.000000000000000000e+00,4.045347929910360074e-01,0.000000000000000000e+00,3.745045312667689141e-01,3.520769190356968226e-01,0.000000000000000000e+00,4.061479841316221195e-01,4.029359900798009098e-01,3.856039245834810836e-01,4.177013567023464269e-01,3.936731222607218195e-01,3.928464556365829918e-01,4.170404703175895067e-01,4.196797476159443985e-01,4.373866073080859840e-01,4.165005090115742048e-01,4.252063618953642044e-01,3.702536676595089005e-01,4.308431387967082138e-01,3.877735206441608184e-01,3.734862851469321066e-01,4.453850585164412235e-01,0.000000000000000000e+00,0.000000000000000000e+00,0.000000000000000000e+00,4.848042766726166075e-01,4.507676535520362959e-01,4.580599349448744029e-01,4.974632318708220868e-01,0.000000000000000000e+00,0.000000000000000000e+00,0.000000000000000000e+00,4.195467648694324869e-01,4.753019689283026206e-01,0.000000000000000000e+00,0.000000000000000000e+00,0.000000000000000000e+00,0.000000000000000000e+00,0.000000000000000000e+00,0.000000000000000000e+00,0.000000000000000000e+00,0.000000000000000000e+00,0.000000000000000000e+00,0.000000000000000000e+00,0.000000000000000000e+00,0.000000000000000000e+00,4.650897679178920829e-01,4.779420217275243132e-01,0.000000000000000000e+00,4.353009591794158029e-01,0.000000000000000000e+00,4.702443191060665106e-01,4.537945580306876892e-01,4.827778036862925837e-01,5.686471745992237592e-01,0.000000000000000000e+00,4.370821286078752088e-01,4.672497651993837153e-01,5.201282477790810654e-01,0.000000000000000000e+00,5.050033834233298435e-01,0.000000000000000000e+00,4.531494583446242230e-01
3.237593163931141160e-01,0.000000000000000000e+00,0.000000000000000000e+00,0.000000000000000000e+00,0.000000000000000000e+00,1.577053824631629020e-01,4.492836185477783739e-01,0.000000000000000000e+00,0.000000000000000000e+00,3.330880376370323193e-01,1.129603659847957936e-01,3.431476049021894847e-01,4.248865268475874868e-01,0.000000000000000000e+00,0.000000000000000000e+00,3.745045312667689141e-01,0.000000000000000000e+00,3.206617769770856996e-01,0.000000000000000000e+00,4.272721373683466828e-01,0.000000000000000000e+00,3.815883619384861092e-01,0.000000000000000000e+00,3.551029888582041272e-01,3.412962374184811964e-01,3.636680751578352244e-01,0.000000000000000000e+00,3.910748343649846914e-01,1.054474693937562935e-01,0.000000000000000000e+00,3.351340477714953026e-01,4.218790159057672073e-01,3.287807406031432733e-01,3.504453053750120062e-01,3.789207216590972926e-01,0.000000000000000000e+00,0.000000000000000000e+00,3.358564419177432758e-01,0.000000000000000000e+00,3.940574805493459176e-01,0.000000000000000000e+00,0.000000000000000000e+00,0.000000000000000000e+00,0.000000000000000000e+00,0.000000000000000000e+00,0.000000000000000000e+00,0.000000000000000000e+00,0.000000000000000000e+00,0.000000000000000000e+00,0.000000000000000000e+00,0.000000000000000000e+00,0.000000000000000000e+00,0.000000000000000000e+00,0.000000000000000000e+00,4.444759650418255159e-01,0.000000000000000000e+00,4.452651476304835265e-01,0.000000000000000000e+00,0.000000000000000000e+00,0.000000000000000000e+00,0.000000000000000000e+00,4.381709303474515260e-01,4.286249642897306256e-01,0.000000000000000000e+00,0.000000000000000000e+00,0.000000000000000000e+00,0.000000000000000000e+00,0.000000000000000000e+00,4.582551732187861160e-01,4.255014328430187787e-01,4.445007717240289091e-01,0.000000000000000000e+00,0.000000000000000000e+00,0.000000000000000000e+00,0.000000000000000000e+00,0.000000000000000000e+00
3.580428171522501146e-01,3.818659840671660977e-01,0.000000000000000000e+00,0.000000000000000000e+00,0.000000000000000000e+00,4.105803777143631206e-01,4.277255209088017263e-01,4.878664583660716758e-01,1.723180217420489102e-01,3.446672333310927816e-01,0.000000000000000000e+00,3.556618975232858082e-01,4.344018697906945059e-01,0.000000000000000000e+00,3.949411353306163108e-01,3.520769190356968226e-01,3.206617769770856996e-01,0.000000000000000000e+00,0.000000000000000000e+00,4.153649598699428180e-01,3.921488108646918880e-01,3.974297206103574731e-01,4.200874072552940874e-01,3.416849464705158934e-01,3.411441931985961795e-01,3.643867311115663865e-01,4.183079699814862273e-01,4.221237904727412893e-01,4.127150463282128201e-01,4.471137126608152879e-01,3.506915143561020187e-01,4.257183230262909235e-01,3.302126468902046863e-01,3.538869769072596205e-01,4.085018637734338931e-01,0.000000000000000000e+00,0.000000000000000000e+00,0.000000000000000000e+00,4.406545526302418914e-01,4.005024678415690098e-01,4.250128807453923963e-01,4.421993743105162022e-01,0.000000000000000000e+00,0.000000000000000000e+00,0.000000000000000000e+00,3.996178608038650770e-01,4.414948405342987159e-01,0.000000000000000000e+00,0.000000000000000000e+00,0.000000000000000000e+00,0.000000000000000000e+00,0.000000000000000000e+00,0.000000000000000000e+00,0.000000000000000000e+00,4.282523418370288160e-01,0.000000000000000000e+00,4.304958340891598123e-01,0.000000000000000000e+00,0.000000000000000000e+00,0.000000000000000000e+00,4.438580896684974908e-01,4.331908970973306072e-01,4.062745416348543248e-01,0.000000000000000000e+00,0.000000000000000000e+00,0.000000000000000000e+00,4.550503529429041905e-01,0.000000000000000000e+00,4.365206410722797803e-01,4.111639529242678837e-01,4.240350137281254095e-01,0.000000000000000000e+00,0.000000000000000000e+00,0.000000000000000000e+00,0.000000000000000000e+00,4.179500758763592949e-01
0.000000000000000000e+00,0.000000000000000000e+00,2.385275428918471052e-01,3.924725956114591963e-01,3.011292596638344143e-01,3.449981482950887912e-01,3.898677394090889758e-01,3.700159285318049274e-01,2.632845565945647892e-01,1.150716520072545962e-01,2.345924995620954079e-01,1.541655912504223125e-01,4.012003016844966075e-01,2.936697626447868914e-01,0.000000000000000000e+00,0.000000000000000000e+00,0.000000000000000000e+00,0.000000000000000000e+00,0.000000000000000000e+00,0.000000000000000000e+00,0.000000000000000000e+00,0.000000000000000000e+00,2.248274423133478916e-01,0.000000000000000000e+00,0.000000000000000000e+00,0.000000000000000000e+00,3.338502236756025199e-01,3.972707513940846868e-01,0.000000000000000000e+00,0.000000000000000000e+00,4.431568203338159817e-01,4.009099120157688101e-01,0.000000000000000000e+00,4.205106426987303969e-01,3.982987823626584767e-01,3.495219989023892748e-01,4.146290213694909799e-01,1.031902039238388052e-01,0.000000000000000000e+00,0.000000000000000000e+00,0.000000000000000000e+00,0.000000000000000000e+00,4.517550905803762729e-01,0.000000000000000000e+00,0.000000000000000000e+00,0.000000000000000000e+00,0.000000000000000000e+00,2.310624468831360967e-01,0.000000000000000000e+00,1.437041172048640070e-01,4.855811028860271827e-01,5.512054361306972794e-01,4.618960854357608836e-01,5.339789811420975196e-01,0.000000000000000000e+00,2.504405316658865899e-01,0.000000000000000000e+00,1.847620863620250131e-01,4.442849380320139097e-01,0.000000000000000000e+00,0.000000000000000000e+00,0.000000000000000000e+00,0.000000000000000000e+00,3.148754846136820884e-01,0.000000000000000000e+00,0.000000000000000000e+00,0.000000000000000000e+00,5.033343001502117442e-01,0.000000000000000000e+00,0.000000000000000000e+00,0.000000000000000000e+00,5.167897793213800384e-01,0.000000000000000000e+00,0.000000000000000000e+00,0.000000000000000000e+00,0.000000000000000000e+00
4.122033332381492832e-01,4.251395836696836850e-01,0.000000000000000000e+00,0.000000000000000000e+00,0.000000000000000000e+00,3.989196138120046919e-01,4.094535299471659950e-01,3.864817609756598937e-01,3.648121775893922725e-01,4.868755583444859814e-01,0.000000000000000000e+00,0.000000000000000000e+00,4.144042054577832257e-01,0.000000000000000000e+00,3.658287505638296855e-01,4.061479841316221195e-01,4.272721373683466828e-01,4.153649598699428180e-01,0.000000000000000000e+00,0.000000000000000000e+00,4.075136214110360866e-01,3.683606431890956157e-01,3.508142945565909110e-01,0.000000000000000000e+00,4.104847778211597187e-01,4.434601528766871081e-01,3.433740483610777106e-01,3.546701326378938202e-01,3.327281021014589224e-01,3.343667447547570837e-01,3.730651281676385933e-01,4.565686305466841177e-01,3.692682571677934900e-01,4.354293746593353998e-01,4.911877774550499898e-01,5.037080214351575824e-01,4.692920620107787766e-01,0.000000000000000000e+00,4.678630563281981902e-01,4.597423317694360745e-01,4.782697926459852922e-01,4.876282799264131107e-01,1.085571697441179012e-01,0.000000000000000000e+00,0.000000000000000000e+00,0.000000000000000000e+00,4.636071071248247799e-01,0.000000000000000000e+00,0.000000000000000000e+00,0.000000000000000000e+00,4.508195225912263737e-01,0.000000000000000000e+00,0.000000000000000000e+00,0.000000000000000000e+00,0.000000000000000000e+00,0.000000000000000000e+00,0.000000000000000000e+00,1.728164616310444990e-01,0.000000000000000000e+00,4.487227493989007221e-01,1.948112228092699905e-01,0.000000000000000000e+00,0.000000000000000000e+00,0.000000000000000000e+00,4.449150148009138883e-01,4.292694312982840987e-01,4.701400070912060136e-01,4.619579397788328157e-01,0.000000000000000000e+00,1.902737318307902992e-01,4.676626209032661019e-01,4.561064571759170794e-01,4.822046278788814089e-01,4.664005676289865177e-01,1.118076663368391954e-01,4.715205864148812043e-01
3.779466541859041739e-01,4.041397724466411767e-01,0.000000000000000000e+00,0.000000000000000000e+00,0.000000000000000000e+00,4.250612412104707860e-01,0.000000000000000000e+00,4.052485666692843269e-01,0.000000000000000000e+00,0.000000000000000000e+00,0.000000000000000000e+00,0.000000000000000000e+00,4.486656452130513006e-01,3.989497481883180208e-01,3.673639567136274819e-01,4.029359900798009098e-01,0.000000000000000000e+00,3.921488108646918880e-01,0.000000000000000000e+00,4.075136214110360866e-01,0.000000000000000000e+00,4.107723039504935225e-01,3.901685656490472276e-01,4.913925276433309119e-01,4.033963717573428864e-01,4.091112896442852254e-01,4.228619071933462092e-01,4.217716778510642861e-01,4.061801533809593079e-01,0.000000000000000000e+00,3.859924661665952161e-01,4.285122091335701877e-01,3.792177235367816812e-01,4.145891635540739917e-01,4.866634337407750865e-01,0.000000000000000000e+00,0.000000000000000000e+00,0.000000000000000000e+00,4.553577139008830876e-01,4.411513495032753918e-01,4.738392978239244213e-01,5.131978546705111555e-01,0.000000000000000000e+00,0.000000000000000000e+00,0.000000000000000000e+00,2.145340992326844887e-01,4.780926651706445818e-01,0.000000000000000000e+00,0.000000000000000000e+00,0.000000000000000000e+00,3.933370954509262107e-01,0.000000000000000000e+00,3.355460807789493183e-01,0.000000000000000000e+00,0.000000000000000000e+00,0.000000000000000000e+00,0.000000000000000000e+00,1.023915041070437987e-01,0.000000000000000000e+00,4.025711385030565914e-01,4.589085120023502218e-01,0.000000000000000000e+00,0.000000000000000000e+00,0.000000000000000000e+00,4.266105154927720133e-01,2.944361236347425859e-01,4.693772291185657197e-01,4.293363671430914241e-01,0.000000000000000000e+00,4.556637043698626988e-01,4.711244054556781857e-01,4.375230960723965890e-01,4.616204156505190892e-01,4.245140809613714983e-01,0.000000000000000000e+00,4.828163096871908033e-01
