0.000000000000000000e+00,4.327529216110094223e-01,0.000000000000000000e+00,0.000000000000000000e+00,0.000000000000000000e+00,4.472162346021821833e-01,0.000000000000000000e+00,5.338878678081249163e-01,0.000000000000000000e+00,0.000000000000000000e+00,0.000000000000000000e+00,0.000000000000000000e+00,4.766643690656187093e-01,0.000000000000000000e+00,4.145540142372560743e-01,4.211644857794712982e-01,0.000000000000000000e+00,4.118985643383322737e-01,0.000000000000000000e+00,4.205938062179310766e-01,4.740161776121271098e-01,4.395810419451987028e-01,5.045954772287370993e-01,3.880653999542058030e-01,4.091498189698168919e-01,3.775756781782180771e-01,4.512891034416905978e-01,4.408438197955990012e-01,4.493193018086428236e-01,0.000000000000000000e+00,4.148082036289703067e-01,4.560757397699186089e-01,3.553047032774693248e-01,3.939972290926024856e-01,4.467228443313899233e-01,0.000000000000000000e+00,0.000000000000000000e+00,0.000000000000000000e+00,4.679649093402318827e-01,4.075451876593900735e-01,4.248237964170639147e-01,0.000000000000000000e+00,0.000000000000000000e+00,0.000000000000000000e+00,0.000000000000000000e+00,4.308747217535283114e-01,4.705760513159382152e-01,0.000000000000000000e+00,0.000000000000000000e+00,0.000000000000000000e+00,0.000000000000000000e+00,0.000000000000000000e+00,0.000000000000000000e+00,0.000000000000000000e+00,0.000000000000000000e+00,0.000000000000000000e+00,0.000000000000000000e+00,0.000000000000000000e+00,0.000000000000000000e+00,0.000000000000000000e+00,4.584358537812054935e-01,0.000000000000000000e+00,4.299173102098223231e-01,0.000000000000000000e+00,0.000000000000000000e+00,3.722976510512153725e-01,4.643193950007207804e-01,0.000000000000000000e+00,0.000000000000000000e+00,4.371910741014258805e-01,4.470076622900585051e-01,0.000000000000000000e+00,0.000000000000000000e+00,0.000000000000000000e+00,0.000000000000000000e+00,4.479388040807328886e-01
4.327529216110094223e-01,0.000000000000000000e+00,0.000000000000000000e+00,0.000000000000000000e+00,4.385303345001672071e-01,4.106467578567791765e-01,4.341503972740609063e-01,0.000000000000000000e+00,1.089941947224485064e-01,0.000000000000000000e+00,0.000000000000000000e+00,0.000000000000000000e+00,4.315186091207284802e-01,0.000000000000000000e+00,4.247189670651058124e-01,4.098966940450559093e-01,0.000000000000000000e+00,4.219002802858851098e-01,0.000000000000000000e+00,4.297676879390480154e-01,4.461835066862421817e-01,3.916558150137027239e-01,4.143507119725838850e-01,0.000000000000000000e+00,3.889373156892343975e-01,3.972903088960739737e-01,4.303922910938187130e-01,4.421271951551642987e-01,4.314151865518850992e-01,0.000000000000000000e+00,3.924629194733441073e-01,4.597250525968191170e-01,4.126753243185822817e-01,3.999287124752328171e-01,4.420487174377140116e-01,0.000000000000000000e+00,0.000000000000000000e+00,0.000000000000000000e+00,4.774411444729033116e-01,4.417305997311283816e-01,4.548227223134947983e-01,4.839120258151333731e-01,0.000000000000000000e+00,0.000000000000000000e+00,0.000000000000000000e+00,4.650976478523697888e-01,4.913466999989279937e-01,0.000000000000000000e+00,0.000000000000000000e+00,0.000000000000000000e+00,1.380189878409228132e-01,0.000000000000000000e+00,0.000000000000000000e+00,0.000000000000000000e+00,0.000000000000000000e+00,0.000000000000000000e+00,0.000000000000000000e+00,0.000000000000000000e+00,0.000000000000000000e+00,0.000000000000000000e+00,4.745934472570519924e-01,0.000000000000000000e+00,4.709316033955031067e-01,0.000000000000000000e+00,4.672520226667539744e-01,0.000000000000000000e+00,4.882666152727104802e-01,1.367873555135132035e-01,0.000000000000000000e+00,4.569176797869944906e-01,4.650200934430989141e-01,1.228112163798806972e-01,0.000000000000000000e+00,4.766607783093433914e-01,0.000000000000000000e+00,4.510088497151397147e-01
0.000000000000000000e+00,0.000000000000000000e+00,0.000000000000000000e+00,4.219709261816709800e-01,3.804938579298158263e-01,3.655610966535908224e-01,3.929919129002992229e-01,3.991498499277780776e-01,3.002979173521502232e-01,1.366818454632532931e-01,3.233054415784077928e-01,1.446661517501139915e-01,3.930893380946405835e-01,3.478604090312875097e-01,0.000000000000000000e+00,0.000000000000000000e+00,0.000000000000000000e+00,0.000000000000000000e+00,2.818316546353207275e-01,0.000000000000000000e+00,0.000000000000000000e+00,0.000000000000000000e+00,3.076519386634454234e-01,0.000000000000000000e+00,0.000000000000000000e+00,0.000000000000000000e+00,2.964184747630573824e-01,3.990252914126171113e-01,0.000000000000000000e+00,0.000000000000000000e+00,4.080615249854641080e-01,3.821567749774069100e-01,0.000000000000000000e+00,4.138484880302414903e-01,4.104124315839253745e-01,3.566353437828266859e-01,4.049468471247095192e-01,0.000000000000000000e+00,5.001685205728145789e-01,0.000000000000000000e+00,1.357753081291697972e-01,0.000000000000000000e+00,3.941431849575762203e-01,0.000000000000000000e+00,0.000000000000000000e+00,0.000000000000000000e+00,0.000000000000000000e+00,2.425581695637414881e-01,0.000000000000000000e+00,5.125652173871367845e-01,4.674134969836419851e-01,5.327296814857869212e-01,4.959335081086463926e-01,4.885116271768206175e-01,0.000000000000000000e+00,2.788900081434597111e-01,0.000000000000000000e+00,5.351718764217388014e-01,4.096534055058225210e-01,0.000000000000000000e+00,0.000000000000000000e+00,0.000000000000000000e+00,0.000000000000000000e+00,2.090939035893197018e-01,0.000000000000000000e+00,0.000000000000000000e+00,0.000000000000000000e+00,4.750559262715950970e-01,0.000000000000000000e+00,0.000000000000000000e+00,0.000000000000000000e+00,5.002972408457090348e-01,5.313262010654514755e-01,0.000000000000000000e+00,0.000000000000000000e+00,0.000000000000000000e+00
0.000000000000000000e+00,0.000000000000000000e+00,4.219709261816709800e-01,0.000000000000000000e+00,3.214462526508334861e-01,3.645226118773303159e-01,3.508396010147253885e-01,3.542189479920589967e-01,3.718320786040978931e-01,0.000000000000000000e+00,3.249913791757352843e-01,0.000000000000000000e+00,3.418185795889869816e-01,3.070988564168720125e-01,0.000000000000000000e+00,0.000000000000000000e+00,0.000000000000000000e+00,0.000000000000000000e+00,0.000000000000000000e+00,0.000000000000000000e+00,0.000000000000000000e+00,0.000000000000000000e+00,3.688280035164487880e-01,0.000000000000000000e+00,0.000000000000000000e+00,0.000000000000000000e+00,3.796672803612348157e-01,3.027076109895738831e-01,0.000000000000000000e+00,0.000000000000000000e+00,3.589858469519672801e-01,2.596752214090730093e-01,0.000000000000000000e+00,2.693051519815142791e-01,3.015817352234053117e-01,2.146935713273606938e-01,2.058900823487181952e-01,3.104731169044733230e-01,0.000000000000000000e+00,0.000000000000000000e+00,0.000000000000000000e+00,0.000000000000000000e+00,0.000000000000000000e+00,0.000000000000000000e+00,0.000000000000000000e+00,0.000000000000000000e+00,0.000000000000000000e+00,0.000000000000000000e+00,0.000000000000000000e+00,0.000000000000000000e+00,0.000000000000000000e+00,0.000000000000000000e+00,0.000000000000000000e+00,0.000000000000000000e+00,0.000000000000000000e+00,0.000000000000000000e+00,0.000000000000000000e+00,0.000000000000000000e+00,0.000000000000000000e+00,0.000000000000000000e+00,0.000000000000000000e+00,0.000000000000000000e+00,0.000000000000000000e+00,0.000000000000000000e+00,0.000000000000000000e+00,0.000000000000000000e+00,0.000000000000000000e+00,0.000000000000000000e+00,0.000000000000000000e+00,0.000000000000000000e+00,0.000000000000000000e+00,0.000000000000000000e+00,0.000000000000000000e+00,0.000000000000000000e+00,0.000000000000000000e+00,0.000000000000000000e+00
0.000000000000000000e+00,4.385303345001672071e-01,3.804938579298158263e-01,3.214462526508334861e-01,0.000000000000000000e+00,3.804285143812594083e-01,3.533647411634091018e-01,3.092726746706890850e-01,3.636275105919332118e-01,4.146269558034724745e-01,3.242189127004124760e-01,3.968048051669277876e-01,3.807905115108319860e-01,3.491257124384765098e-01,0.000000000000000000e+00,0.000000000000000000e+00,0.000000000000000000e+00,0.000000000000000000e+00,3.333338813873140127e-01,3.822912333932705908e-01,0.000000000000000000e+00,4.126897665019613193e-01,3.496718155066040890e-01,0.000000000000000000e+00,1.026512181678926050e-01,4.409764267722798836e-01,3.790861979951419269e-01,3.868628705409318802e-01,3.879238513766302132e-01,0.000000000000000000e+00,3.883410432676953072e-01,3.649514861603678217e-01,4.216435034682751160e-01,3.858646106969599865e-01,3.627162510319534849e-01,2.802374413155500066e-01,3.323136030589580736e-01,3.795221382887877803e-01,1.449016219380533932e-01,0.000000000000000000e+00,0.000000000000000000e+00,0.000000000000000000e+00,0.000000000000000000e+00,0.000000000000000000e+00,0.000000000000000000e+00,0.000000000000000000e+00,0.000000000000000000e+00,5.010510481428994689e-01,0.000000000000000000e+00,1.196853085045865017e-01,4.921220706666030176e-01,0.000000000000000000e+00,4.388889704426199856e-01,5.321226399164187271e-01,0.000000000000000000e+00,0.000000000000000000e+00,0.000000000000000000e+00,0.000000000000000000e+00,0.000000000000000000e+00,0.000000000000000000e+00,0.000000000000000000e+00,0.000000000000000000e+00,0.000000000000000000e+00,5.079516293335042398e-01,0.000000000000000000e+00,0.000000000000000000e+00,0.000000000000000000e+00,4.807916881689903166e-01,0.000000000000000000e+00,0.000000000000000000e+00,0.000000000000000000e+00,4.859391021631572771e-01,0.000000000000000000e+00,0.000000000000000000e+00,0.000000000000000000e+00,0.000000000000000000e+00
4.472162346021821833e-01,4.106467578567791765e-01,3.655610966535908224e-01,3.645226118773303159e-01,3.804285143812594083e-01,0.000000000000000000e+00,3.961540474128167899e-01,3.630810676277336779e-01,3.304527985128867806e-01,4.268649016931723161e-01,3.663110909095173007e-01,1.587953379915570951e-01,3.698411129062250113e-01,3.458507052510708113e-01,4.057935742006784086e-01,4.243611744258170004e-01,1.577053824631629020e-01,4.308005238064246956e-01,3.550193543544407082e-01,4.112949596523833851e-01,4.002018492242777059e-01,4.264828079084370116e-01,3.520460822873778262e-01,0.000000000000000000e+00,4.112924435493446884e-01,4.170272195439346241e-01,3.530874329233757991e-01,3.616441597367139882e-01,3.393503639664336990e-01,3.725830688363938048e-01,4.059119879392678043e-01,3.943915390729368919e-01,3.673018528714527831e-01,4.096349327367347914e-01,4.280898834265700059e-01,3.737249349527871911e-01,3.786365478566325882e-01,1.323406039125313016e-01,4.267262040082624996e-01,0.000000000000000000e+00,4.649738610291996865e-01,5.104332077781010835e-01,3.786375743868438115e-01,0.000000000000000000e+00,0.000000000000000000e+00,0.000000000000000000e+00,1.837371231652606962e-01,4.821155383524138860e-01,0.000000000000000000e+00,5.177572791081157533e-01,4.534315637563086088e-01,4.876562768363110201e-01,4.150840521797852234e-01,4.901755516259522216e-01,0.000000000000000000e+00,4.401335413683836739e-01,0.000000000000000000e+00,4.736431815699261860e-01,0.000000000000000000e+00,4.525751526818982962e-01,0.000000000000000000e+00,0.000000000000000000e+00,0.000000000000000000e+00,4.747955107654686091e-01,4.448358604083589851e-01,0.000000000000000000e+00,4.823616702615379781e-01,4.614104413113844783e-01,0.000000000000000000e+00,0.000000000000000000e+00,5.189189727957267406e-01,4.621047735298051129e-01,4.575984100703590074e-01,4.577686174315945822e-01,4.922653418299228756e-01,4.662272083293994007e-01
0.000000000000000000e+00,4.341503972740609063e-01,3.929919129002992229e-01,3.508396010147253885e-01,3.533647411634091018e-01,3.961540474128167899e-01,0.000000000000000000e+00,3.434785708850995878e-01,3.640186545237821814e-01,4.064981713536934271e-01,3.615180664336453131e-01,3.947154816403221078e-01,3.344151063227073784e-01,3.638598521478529912e-01,0.000000000000000000e+00,4.478491423375960956e-01,0.000000000000000000e+00,4.539926743989456948e-01,3.680561860214062175e-01,4.356081677761343141e-01,0.000000000000000000e+00,4.528435079402253760e-01,3.764115897792134069e-01,3.811148489603283229e-01,4.246823656763820121e-01,4.342847555342734256e-01,3.912169601283388976e-01,3.830949851547890139e-01,4.395624677760496812e-01,0.000000000000000000e+00,4.025663733756820739e-01,3.966785672874443835e-01,0.000000000000000000e+00,4.061052534895328026e-01,3.981412367419586151e-01,3.278443099787399229e-01,3.383522183489018897e-01,3.854123346008969109e-01,1.841832463700056044e-01,0.000000000000000000e+00,1.637731516271186127e-01,0.000000000000000000e+00,1.211191185914881063e-01,0.000000000000000000e+00,0.000000000000000000e+00,0.000000000000000000e+00,0.000000000000000000e+00,1.874961326348812130e-01,0.000000000000000000e+00,0.000000000000000000e+00,4.934150619861161213e-01,0.000000000000000000e+00,1.112453970595013997e-01,1.754326870027249075e-01,0.000000000000000000e+00,1.484293345485989957e-01,0.000000000000000000e+00,0.000000000000000000e+00,0.000000000000000000e+00,0.000000000000000000e+00,0.000000000000000000e+00,0.000000000000000000e+00,0.000000000000000000e+00,1.420735728466518133e-01,0.000000000000000000e+00,0.000000000000000000e+00,0.000000000000000000e+00,4.599101329256506943e-01,0.000000000000000000e+00,0.000000000000000000e+00,0.000000000000000000e+00,4.810830950092522262e-01,0.000000000000000000e+00,0.000000000000000000e+00,0.000000000000000000e+00,0.000000000000000000e+00
5.338878678081249163e-01,0.000000000000000000e+00,3.991498499277780776e-01,3.542189479920589967e-01,3.092726746706890850e-01,3.630810676277336779e-01,3.434785708850995878e-01,0.000000000000000000e+00,4.092334334272718088e-01,4.141900150703560213e-01,2.677451233310725875e-01,0.000000000000000000e+00,3.778053745571235966e-01,3.072804294974321726e-01,3.289095861349061178e-01,5.134803003765473495e-01,0.000000000000000000e+00,4.987747996336395762e-01,3.467085700461883246e-01,0.000000000000000000e+00,3.718911097628205820e-01,4.216770715304816175e-01,3.363101120349801798e-01,5.405905181363064305e-01,5.200338267731796638e-01,5.099296999737280567e-01,4.053210122294436113e-01,4.001147937670129218e-01,3.816469909828628104e-01,3.861263021762845749e-01,3.921766131479216821e-01,3.893704153712362892e-01,0.000000000000000000e+00,3.895431028479577895e-01,4.092370847022662739e-01,2.129366344361776076e-01,0.000000000000000000e+00,0.000000000000000000e+00,4.157328200326034229e-01,0.000000000000000000e+00,4.706203041616315863e-01,0.000000000000000000e+00,3.170047400627459266e-01,0.000000000000000000e+00,0.000000000000000000e+00,0.000000000000000000e+00,0.000000000000000000e+00,5.057042346748349404e-01,0.000000000000000000e+00,0.000000000000000000e+00,4.502309489584387925e-01,0.000000000000000000e+00,2.616603268207072786e-01,4.839961236210466033e-01,0.000000000000000000e+00,3.990841085939976773e-01,0.000000000000000000e+00,4.700154533904675191e-01,3.596364804898757872e-01,4.325891138751618015e-01,0.000000000000000000e+00,0.000000000000000000e+00,0.000000000000000000e+00,4.651629242040956069e-01,4.521545320301879056e-01,2.641522466731239804e-01,0.000000000000000000e+00,4.162045083747495933e-01,0.000000000000000000e+00,0.000000000000000000e+00,0.000000000000000000e+00,4.478267707806022901e-01,4.518507449764518902e-01,4.217960485076023835e-01,0.000000000000000000e+00,4.563629466667785128e-01
0.000000000000000000e+00,1.089941947224485064e-01,3.002979173521502232e-01,3.718320786040978931e-01,3.636275105919332118e-01,3.304527985128867806e-01,3.640186545237821814e-01,4.092334334272718088e-01,0.000000000000000000e+00,4.171059511292575239e-01,3.289678807383760173e-01,1.505650924118258072e-01,3.468357135564786864e-01,3.737545636030371043e-01,0.000000000000000000e+00,0.000000000000000000e+00,0.000000000000000000e+00,1.723180217420489102e-01,2.428603294602107998e-01,3.884913299563536038e-01,0.000000000000000000e+00,4.128900521445288962e-01,3.519438314240020960e-01,1.348241689002374066e-01,1.381552569281528919e-01,4.328373646708407740e-01,3.596854716500775817e-01,3.888016694672581930e-01,3.715996349961406819e-01,4.032858212009445831e-01,3.916713126543929779e-01,3.713581153169842053e-01,4.081404389504557084e-01,4.011833064930773740e-01,4.052505710494664903e-01,3.710714108132496802e-01,3.736063956718493895e-01,4.082343764154812149e-01,1.371550272575474128e-01,0.000000000000000000e+00,1.944270713845958065e-01,0.000000000000000000e+00,4.054882736197151782e-01,0.000000000000000000e+00,0.000000000000000000e+00,0.000000000000000000e+00,0.000000000000000000e+00,4.965150955057930915e-01,0.000000000000000000e+00,1.678821275704424076e-01,4.525316594114199842e-01,5.346128819076824135e-01,4.486753076951153218e-01,5.029009580827916714e-01,0.000000000000000000e+00,4.437885743695174079e-01,0.000000000000000000e+00,1.922170983634403085e-01,4.102949055372305254e-01,0.000000000000000000e+00,0.000000000000000000e+00,0.000000000000000000e+00,0.000000000000000000e+00,4.758775281668620738e-01,0.000000000000000000e+00,0.000000000000000000e+00,0.000000000000000000e+00,4.762946294394447277e-01,0.000000000000000000e+00,0.000000000000000000e+00,0.000000000000000000e+00,4.696517525830989914e-01,2.033127150883851098e-01,0.000000000000000000e+00,0.000000000000000000e+00,0.000000000000000000e+00
0.000000000000000000e+00,0.000000000000000000e+00,1.366818454632532931e-01,0.000000000000000000e+00,4.146269558034724745e-01,4.268649016931723161e-01,4.064981713536934271e-01,4.141900150703560213e-01,4.171059511292575239e-01,0.000000000000000000e+00,3.943121044944130071e-01,2.606107368117712153e-01,4.016985373283117888e-01,0.000000000000000000e+00,0.000000000000000000e+00,1.043442276996341955e-01,3.416453131967864265e-01,3.653236235777522212e-01,4.098577953364195836e-01,1.064357389920402991e-01,0.000000000000000000e+00,1.131478320326588932e-01,1.288294204396276954e-01,3.022829414553345195e-01,3.553987193063600780e-01,3.557007873120305863e-01,1.363035759766620947e-01,4.099156522171791273e-01,1.329312264403890997e-01,0.000000000000000000e+00,3.329574334060738106e-01,3.440262063953410943e-01,3.033012071672990806e-01,3.192063588633997084e-01,3.238165233584870961e-01,3.234043385754029054e-01,2.399955855071262134e-01,2.884518445445218848e-01,3.416579104414108059e-01,2.888943284143731249e-01,2.793345480331140274e-01,2.739588795546465949e-01,0.000000000000000000e+00,0.000000000000000000e+00,2.823172771640040102e-01,0.000000000000000000e+00,0.000000000000000000e+00,0.000000000000000000e+00,0.000000000000000000e+00,0.000000000000000000e+00,0.000000000000000000e+00,0.000000000000000000e+00,0.000000000000000000e+00,0.000000000000000000e+00,3.407023893381483926e-01,0.000000000000000000e+00,3.407439597177990276e-01,0.000000000000000000e+00,0.000000000000000000e+00,0.000000000000000000e+00,0.000000000000000000e+00,3.642490211861134086e-01,3.809527660473439048e-01,0.000000000000000000e+00,0.000000000000000000e+00,0.000000000000000000e+00,0.000000000000000000e+00,0.000000000000000000e+00,3.635013113968719733e-01,3.842286251466359159e-01,3.698200850400578110e-01,0.000000000000000000e+00,3.425628802916306781e-01,0.000000000000000000e+00,0.000000000000000000e+00,3.118566972475150800e-01
0.000000000000000000e+00,0.000000000000000000e+00,3.233054415784077928e-01,3.249913791757352843e-01,3.242189127004124760e-01,3.663110909095173007e-01,3.615180664336453131e-01,2.677451233310725875e-01,3.289678807383760173e-01,3.943121044944130071e-01,0.000000000000000000e+00,3.877525609416277996e-01,3.631389953933750747e-01,2.384495054274299031e-01,0.000000000000000000e+00,0.000000000000000000e+00,1.129603659847957936e-01,0.000000000000000000e+00,2.606729227516170755e-01,0.000000000000000000e+00,0.000000000000000000e+00,0.000000000000000000e+00,2.640824261071483825e-01,4.118710829431492804e-01,0.000000000000000000e+00,1.680492079956459883e-01,3.802806024629182269e-01,3.638647805616317954e-01,0.000000000000000000e+00,0.000000000000000000e+00,3.710795360594172920e-01,3.484849278381759730e-01,0.000000000000000000e+00,3.781039651425445181e-01,3.523562782363353074e-01,2.189032915315211880e-01,3.633440838748507873e-01,3.849327210814699751e-01,0.000000000000000000e+00,0.000000000000000000e+00,0.000000000000000000e+00,0.000000000000000000e+00,2.969695304331749219e-01,0.000000000000000000e+00,0.000000000000000000e+00,0.000000000000000000e+00,0.000000000000000000e+00,4.297096497517423064e-01,0.000000000000000000e+00,1.096474142337539037e-01,0.000000000000000000e+00,1.325156429244102874e-01,3.890247574883173853e-01,4.042761626761415261e-01,0.000000000000000000e+00,2.805594895895662799e-01,0.000000000000000000e+00,1.411573169783089110e-01,3.015725159646088227e-01,0.000000000000000000e+00,0.000000000000000000e+00,0.000000000000000000e+00,0.000000000000000000e+00,2.190104184225437067e-01,0.000000000000000000e+00,0.000000000000000000e+00,0.000000000000000000e+00,4.612816348920624199e-01,0.000000000000000000e+00,0.000000000000000000e+00,0.000000000000000000e+00,4.446829776943508894e-01,1.700380183479761886e-01,0.000000000000000000e+00,0.000000000000000000e+00,0.000000000000000000e+00
0.000000000000000000e+00,0.000000000000000000e+00,1.446661517501139915e-01,0.000000000000000000e+00,3.968048051669277876e-01,1.587953379915570951e-01,3.947154816403221078e-01,0.000000000000000000e+00,1.505650924118258072e-01,2.606107368117712153e-01,3.877525609416277996e-01,0.000000000000000000e+00,3.897850131913426219e-01,0.000000000000000000e+00,0.000000000000000000e+00,0.000000000000000000e+00,3.701619102864122102e-01,3.731057078982810138e-01,1.541655912504223125e-01,0.000000000000000000e+00,0.000000000000000000e+00,0.000000000000000000e+00,1.457153629566030062e-01,2.409267956110351105e-01,3.773539588345423135e-01,3.319513824737849728e-01,1.478126499661331916e-01,3.792447120985926179e-01,0.000000000000000000e+00,0.000000000000000000e+00,3.317370606579161940e-01,3.060586579078001246e-01,2.868496484790111212e-01,2.776678503625624184e-01,3.264855485220155007e-01,3.444588803252058851e-01,3.143851566821347920e-01,2.339120550859626890e-01,3.031635195097335811e-01,3.144522613536043787e-01,2.829614289666276816e-01,3.025468944388339798e-01,0.000000000000000000e+00,0.000000000000000000e+00,3.271116425965874264e-01,0.000000000000000000e+00,0.000000000000000000e+00,0.000000000000000000e+00,0.000000000000000000e+00,0.000000000000000000e+00,0.000000000000000000e+00,0.000000000000000000e+00,0.000000000000000000e+00,0.000000000000000000e+00,3.435841110129101983e-01,0.000000000000000000e+00,3.402095723912892944e-01,0.000000000000000000e+00,0.000000000000000000e+00,0.000000000000000000e+00,0.000000000000000000e+00,3.762780751247549182e-01,3.342709501492249768e-01,0.000000000000000000e+00,0.000000000000000000e+00,0.000000000000000000e+00,0.000000000000000000e+00,0.000000000000000000e+00,3.602732331282129108e-01,3.662214878840466814e-01,3.588830076855066276e-01,0.000000000000000000e+00,0.000000000000000000e+00,0.000000000000000000e+00,0.000000000000000000e+00,3.489731335064020779e-01
4.766643690656187093e-01,4.315186091207284802e-01,3.930893380946405835e-01,3.418185795889869816e-01,3.807905115108319860e-01,3.698411129062250113e-01,3.344151063227073784e-01,3.778053745571235966e-01,3.468357135564786864e-01,4.016985373283117888e-01,3.631389953933750747e-01,3.897850131913426219e-01,0.000000000000000000e+00,3.861765954831484771e-01,3.840985445139432075e-01,4.583237835128938231e-01,4.337303713278556905e-01,4.475941508187474827e-01,3.672394526452549823e-01,4.393203760663185742e-01,4.261991734206749260e-01,4.573743812536805176e-01,3.882035499838962234e-01,4.038454102373003063e-01,4.230975511402174094e-01,4.395934215049189242e-01,3.948959854441049799e-01,3.536873189754359270e-01,4.203550087067287055e-01,3.886249343193535211e-01,3.993241801954975911e-01,3.851111016599220727e-01,3.816806225517205275e-01,4.017858334703062195e-01,3.978130679620279775e-01,3.344178665777771120e-01,3.567408086970010883e-01,3.705545555798375190e-01,4.570033795808057242e-01,0.000000000000000000e+00,1.616459001673085927e-01,1.298068953631462130e-01,1.302533182002741097e-01,0.000000000000000000e+00,0.000000000000000000e+00,0.000000000000000000e+00,0.000000000000000000e+00,1.844890917420914100e-01,0.000000000000000000e+00,0.000000000000000000e+00,4.772618553308285994e-01,2.127971987323727110e-01,4.418857315644291184e-01,0.000000000000000000e+00,0.000000000000000000e+00,1.451333181512788895e-01,0.000000000000000000e+00,0.000000000000000000e+00,0.000000000000000000e+00,1.660466628282462886e-01,0.000000000000000000e+00,0.000000000000000000e+00,0.000000000000000000e+00,0.000000000000000000e+00,1.543003688465809098e-01,0.000000000000000000e+00,2.033799240140601039e-01,4.676022977896989730e-01,0.000000000000000000e+00,1.644983550037110998e-01,1.881866019945158952e-01,4.819005850556353221e-01,0.000000000000000000e+00,1.527447692022222137e-01,0.000000000000000000e+00,0.000000000000000000e+00
0.000000000000000000e+00,0.000000000000000000e+00,3.478604090312875097e-01,3.070988564168720125e-01,3.491257124384765098e-01,3.458507052510708113e-01,3.638598521478529912e-01,3.072804294974321726e-01,3.737545636030371043e-01,0.000000000000000000e+00,2.384495054274299031e-01,0.000000000000000000e+00,3.861765954831484771e-01,0.000000000000000000e+00,0.000000000000000000e+00,0.000000000000000000e+00,0.000000000000000000e+00,0.000000000000000000e+00,3.290326292733827818e-01,0.000000000000000000e+00,4.209449856797892742e-01,0.000000000000000000e+00,3.451148404552337734e-01,0.000000000000000000e+00,0.000000000000000000e+00,0.000000000000000000e+00,3.795601985582641169e-01,3.360098823863790218e-01,0.000000000000000000e+00,0.000000000000000000e+00,3.559564947866409867e-01,2.419815794758735927e-01,0.000000000000000000e+00,3.376896219510278074e-01,0.000000000000000000e+00,2.150083343776396927e-01,2.198488691115920990e-01,0.000000000000000000e+00,0.000000000000000000e+00,0.000000000000000000e+00,0.000000000000000000e+00,0.000000000000000000e+00,2.498810867186866957e-01,0.000000000000000000e+00,0.000000000000000000e+00,0.000000000000000000e+00,0.000000000000000000e+00,4.602402218082252139e-01,0.000000000000000000e+00,0.000000000000000000e+00,0.000000000000000000e+00,0.000000000000000000e+00,0.000000000000000000e+00,4.249743330742580261e-01,0.000000000000000000e+00,3.310190075477795757e-01,0.000000000000000000e+00,0.000000000000000000e+00,0.000000000000000000e+00,0.000000000000000000e+00,0.000000000000000000e+00,0.000000000000000000e+00,0.000000000000000000e+00,0.000000000000000000e+00,0.000000000000000000e+00,0.000000000000000000e+00,0.000000000000000000e+00,4.317876224037970889e-01,0.000000000000000000e+00,0.000000000000000000e+00,0.000000000000000000e+00,0.000000000000000000e+00,0.000000000000000000e+00,0.000000000000000000e+00,0.000000000000000000e+00,0.000000000000000000e+00
4.145540142372560743e-01,4.247189670651058124e-01,0.000000000000000000e+00,0.000000000000000000e+00,0.000000000000000000e+00,4.057935742006784086e-01,0.000000000000000000e+00,3.289095861349061178e-01,0.000000000000000000e+00,0.000000000000000000e+00,0.000000000000000000e+00,0.000000000000000000e+00,3.840985445139432075e-01,0.000000000000000000e+00,0.000000000000000000e+00,4.248812912729753033e-01,0.000000000000000000e+00,4.161434952954877753e-01,0.000000000000000000e+00,3.691503377957561782e-01,3.635379632291719787e-01,3.794764652348218137e-01,3.713567774766438068e-01,0.000000000000000000e+00,4.192477694019126067e-01,3.731357015753741790e-01,4.039766795859794923e-01,3.912598553143766256e-01,4.161041381818302853e-01,0.000000000000000000e+00,4.246680735492633918e-01,4.325539606543740145e-01,3.681675601658079833e-01,4.271686501946039272e-01,4.685451968121097099e-01,4.618938373430431787e-01,0.000000000000000000e+00,0.000000000000000000e+00,4.545664413639460277e-01,3.966693581549551872e-01,4.667501613494901003e-01,4.790785798097320081e-01,0.000000000000000000e+00,0.000000000000000000e+00,0.000000000000000000e+00,0.000000000000000000e+00,4.850998263410115086e-01,0.000000000000000000e+00,0.000000000000000000e+00,0.000000000000000000e+00,4.457516816685381800e-01,0.000000000000000000e+00,3.845799524889602083e-01,0.000000000000000000e+00,0.000000000000000000e+00,0.000000000000000000e+00,0.000000000000000000e+00,1.182723303665556003e-01,0.000000000000000000e+00,4.426488869890132238e-01,1.452970067518689068e-01,0.000000000000000000e+00,0.000000000000000000e+00,0.000000000000000000e+00,4.483432408441391237e-01,4.279080429002626862e-01,4.624552988134115750e-01,4.431706340311352132e-01,0.000000000000000000e+00,1.582739178132742119e-01,4.820589756110070234e-01,4.534274296463062237e-01,4.934108079281908088e-01,4.414801209218808253e-01,0.000000000000000000e+00,4.891330180138961925e-01
4.211644857794712982e-01,4.098966940450559093e-01,0.000000000000000000e+00,0.000000000000000000e+00,0.000000000000000000e+00,4.243611744258170004e-01,4.478491423375960956e-01,5.134803003765473495e-01,0.000000000000000000e+00,1.043442276996341955e-01,0.000000000000000000e+00,0.000000000000000000e+00,4.583237835128938231e-01,0.000000000000000000e+00,4.248812912729753033e-01,0.000000000000000000e+00,4.034142081103386790e-01,3.655811323065356055e-01,0.000000000000000000e+00,4.125976551474634935e-01,4.414023820569016876e-01,3.920522017450253083e-01,4.314740662735708221e-01,3.913727444958233770e-01,4.025710894813194218e-01,4.209339398691683276e-01,4.357713270860265053e-01,4.527031481686156766e-01,4.511289015458515017e-01,4.675720985485327108e-01,3.933068693394911053e-01,4.592246097203245836e-01,3.834328565861618854e-01,4.131626712425638948e-01,4.506713265128998724e-01,0.000000000000000000e+00,0.000000000000000000e+00,0.000000000000000000e+00,4.659664735335362074e-01,4.171659550349258172e-01,4.339094028276386239e-01,4.715080193025130151e-01,0.000000000000000000e+00,0.000000000000000000e+00,0.000000000000000000e+00,4.634577362663079847e-01,4.723961654254176246e-01,0.000000000000000000e+00,0.000000000000000000e+00,0.000000000000000000e+00,0.000000000000000000e+00,0.000000000000000000e+00,0.000000000000000000e+00,0.000000000000000000e+00,0.000000000000000000e+00,0.000000000000000000e+00,0.000000000000000000e+00,0.000000000000000000e+00,0.000000000000000000e+00,4.749405068173673250e-01,4.567080319328393756e-01,0.000000000000000000e+00,4.219351492824230943e-01,0.000000000000000000e+00,5.048912618648518924e-01,4.773800115425850810e-01,4.796031755847954270e-01,1.718447103613205129e-01,0.000000000000000000e+00,4.359091988572740273e-01,4.559562008103650865e-01,1.510972486137522885e-01,0.000000000000000000e+00,5.363418691711583364e-01,0.000000000000000000e+00,4.330995720569161822e-01
0.000000000000000000e+00,0.000000000000000000e+00,0.000000000000000000e+00,0.000000000000000000e+00,0.000000000000000000e+00,1.577053824631629020e-01,0.000000000000000000e+00,0.000000000000000000e+00,0.000000000000000000e+00,3.416453131967864265e-01,1.129603659847957936e-01,3.701619102864122102e-01,4.337303713278556905e-01,0.000000000000000000e+00,0.000000000000000000e+00,4.034142081103386790e-01,0.000000000000000000e+00,3.311610922635591092e-01,0.000000000000000000e+00,1.128976963617454032e-01,0.000000000000000000e+00,4.431484572895000862e-01,0.000000000000000000e+00,3.573152176403113778e-01,3.625654381753503075e-01,3.704123369954455125e-01,0.000000000000000000e+00,4.338333966509427819e-01,1.054474693937562935e-01,0.000000000000000000e+00,3.612137381742430153e-01,4.388081762702989996e-01,3.132123114553729271e-01,3.721578728817964143e-01,4.038307600070555892e-01,0.000000000000000000e+00,0.000000000000000000e+00,2.887421225019856097e-01,0.000000000000000000e+00,3.315702242098900743e-01,0.000000000000000000e+00,0.000000000000000000e+00,0.000000000000000000e+00,0.000000000000000000e+00,0.000000000000000000e+00,0.000000000000000000e+00,0.000000000000000000e+00,0.000000000000000000e+00,0.000000000000000000e+00,0.000000000000000000e+00,0.000000000000000000e+00,0.000000000000000000e+00,0.000000000000000000e+00,0.000000000000000000e+00,3.711078372106759726e-01,0.000000000000000000e+00,3.802933524708865809e-01,0.000000000000000000e+00,0.000000000000000000e+00,0.000000000000000000e+00,0.000000000000000000e+00,3.843836003501113763e-01,3.834756907994381070e-01,0.000000000000000000e+00,0.000000000000000000e+00,0.000000000000000000e+00,0.000000000000000000e+00,0.000000000000000000e+00,4.146162324703330793e-01,3.754914293906175815e-01,3.912393526634633245e-01,0.000000000000000000e+00,0.000000000000000000e+00,0.000000000000000000e+00,0.000000000000000000e+00,0.000000000000000000e+00
4.118985643383322737e-01,4.219002802858851098e-01,0.000000000000000000e+00,0.000000000000000000e+00,0.000000000000000000e+00,4.308005238064246956e-01,4.539926743989456948e-01,4.987747996336395762e-01,1.723180217420489102e-01,3.653236235777522212e-01,0.000000000000000000e+00,3.731057078982810138e-01,4.475941508187474827e-01,0.000000000000000000e+00,4.161434952954877753e-01,3.655811323065356055e-01,3.311610922635591092e-01,0.000000000000000000e+00,0.000000000000000000e+00,4.252435224762027843e-01,4.380651163672288906e-01,4.266624412550050760e-01,4.834659565651744928e-01,3.654359760009012192e-01,3.612798037599169176e-01,3.929948503829577833e-01,4.386831890150568736e-01,4.441821963815901220e-01,4.509754737299427885e-01,4.994872253065287815e-01,3.903465416724731796e-01,4.400509551243960149e-01,3.251360935733345059e-01,3.990884674890726180e-01,4.344433922313409857e-01,0.000000000000000000e+00,0.000000000000000000e+00,0.000000000000000000e+00,4.067232039414541145e-01,3.644534884358667792e-01,3.722364315671212731e-01,3.998707887068130851e-01,0.000000000000000000e+00,0.000000000000000000e+00,0.000000000000000000e+00,4.376464424288136201e-01,4.525594352340471804e-01,0.000000000000000000e+00,0.000000000000000000e+00,0.000000000000000000e+00,0.000000000000000000e+00,0.000000000000000000e+00,0.000000000000000000e+00,0.000000000000000000e+00,3.835884412689548051e-01,0.000000000000000000e+00,3.808905010999968921e-01,0.000000000000000000e+00,0.000000000000000000e+00,0.000000000000000000e+00,4.272410228268561094e-01,3.897825718789779126e-01,3.891232505881673798e-01,0.000000000000000000e+00,0.000000000000000000e+00,0.000000000000000000e+00,4.502920089361138190e-01,0.000000000000000000e+00,4.123983055480340276e-01,3.991019778062431245e-01,4.019524021987380125e-01,0.000000000000000000e+00,0.000000000000000000e+00,0.000000000000000000e+00,0.000000000000000000e+00,3.930488514537314182e-01
0.000000000000000000e+00,0.000000000000000000e+00,2.818316546353207275e-01,0.000000000000000000e+00,3.333338813873140127e-01,3.550193543544407082e-01,3.680561860214062175e-01,3.467085700461883246e-01,2.428603294602107998e-01,4.098577953364195836e-01,2.606729227516170755e-01,1.541655912504223125e-01,3.672394526452549823e-01,3.290326292733827818e-01,0.000000000000000000e+00,0.000000000000000000e+00,0.000000000000000000e+00,0.000000000000000000e+00,0.000000000000000000e+00,0.000000000000000000e+00,0.000000000000000000e+00,0.000000000000000000e+00,2.919736878349544762e-01,0.000000000000000000e+00,0.000000000000000000e+00,0.000000000000000000e+00,3.569190502745290816e-01,3.547498139962501074e-01,0.000000000000000000e+00,0.000000000000000000e+00,3.970274985002087975e-01,3.608086061671407774e-01,0.000000000000000000e+00,3.976654569925494043e-01,3.743534064162746255e-01,3.329536568841455768e-01,3.847510469431815183e-01,1.031902039238388052e-01,0.000000000000000000e+00,0.000000000000000000e+00,0.000000000000000000e+00,0.000000000000000000e+00,3.987412052723173228e-01,0.000000000000000000e+00,0.000000000000000000e+00,0.000000000000000000e+00,0.000000000000000000e+00,4.603658126622123259e-01,0.000000000000000000e+00,5.636880743310971331e-01,4.570851595357846020e-01,1.548222465146527060e-01,4.372081417173795947e-01,4.872419460602739893e-01,0.000000000000000000e+00,3.744744607011800119e-01,0.000000000000000000e+00,1.847620863620250131e-01,4.166114982279682799e-01,0.000000000000000000e+00,0.000000000000000000e+00,0.000000000000000000e+00,0.000000000000000000e+00,4.501099965896295241e-01,0.000000000000000000e+00,0.000000000000000000e+00,0.000000000000000000e+00,4.847379024548897908e-01,0.000000000000000000e+00,0.000000000000000000e+00,0.000000000000000000e+00,5.089136131930935836e-01,0.000000000000000000e+00,0.000000000000000000e+00,0.000000000000000000e+00,0.000000000000000000e+00
4.205938062179310766e-01,4.297676879390480154e-01,0.000000000000000000e+00,0.000000000000000000e+00,3.822912333932705908e-01,4.112949596523833851e-01,4.356081677761343141e-01,0.000000000000000000e+00,3.884913299563536038e-01,1.064357389920402991e-01,0.000000000000000000e+00,0.000000000000000000e+00,4.393203760663185742e-01,0.000000000000000000e+00,3.691503377957561782e-01,4.125976551474634935e-01,1.128976963617454032e-01,4.252435224762027843e-01,0.000000000000000000e+00,0.000000000000000000e+00,4.193172571932026194e-01,3.464006168455118773e-01,3.028153736962693743e-01,0.000000000000000000e+00,4.217645497188277082e-01,4.306069066127671263e-01,3.655419999753899973e-01,3.457442724235764153e-01,3.553417849280374186e-01,3.476503669349735870e-01,3.761345758984728227e-01,4.456135845552284813e-01,3.735106676282440863e-01,4.223668432842220821e-01,4.710714975826145734e-01,4.960737188788245100e-01,5.067880754752198680e-01,0.000000000000000000e+00,4.522434513066265205e-01,4.507286130173220884e-01,4.734093623683107155e-01,4.942372509925623825e-01,1.085571697441179012e-01,0.000000000000000000e+00,0.000000000000000000e+00,0.000000000000000000e+00,4.798406181893565825e-01,0.000000000000000000e+00,0.000000000000000000e+00,0.000000000000000000e+00,4.686181208693995792e-01,0.000000000000000000e+00,4.572351935784821908e-01,0.000000000000000000e+00,0.000000000000000000e+00,0.000000000000000000e+00,0.000000000000000000e+00,1.728164616310444990e-01,0.000000000000000000e+00,4.544350888286901036e-01,5.487884788459663765e-01,0.000000000000000000e+00,0.000000000000000000e+00,0.000000000000000000e+00,4.609639140783406974e-01,4.333080076090857213e-01,4.770925285605698840e-01,4.612300467026981821e-01,0.000000000000000000e+00,1.902737318307902992e-01,4.773767880459832136e-01,4.639685861869822237e-01,1.481917054000936873e-01,4.615833295761040955e-01,1.118076663368391954e-01,1.342102570227123037e-01
4.740161776121271098e-01,4.461835066862421817e-01,0.000000000000000000e+00,0.000000000000000000e+00,0.000000000000000000e+00,4.002018492242777059e-01,0.000000000000000000e+00,3.718911097628205820e-01,0.000000000000000000e+00,0.000000000000000000e+00,0.000000000000000000e+00,0.000000000000000000e+00,4.261991734206749260e-01,4.209449856797892742e-01,3.635379632291719787e-01,4.414023820569016876e-01,0.000000000000000000e+00,4.380651163672288906e-01,0.000000000000000000e+00,4.193172571932026194e-01,0.000000000000000000e+00,4.526005170384987952e-01,3.731816091566297899e-01,5.321960436728713217e-01,4.505586974386088794e-01,4.303151401632087092e-01,4.031126836314660178e-01,4.231427283812824736e-01,4.241819933322554803e-01,0.000000000000000000e+00,4.318275448390614946e-01,4.394601808758628048e-01,3.631078922372922846e-01,4.235768154291694731e-01,4.750804779072154149e-01,0.000000000000000000e+00,0.000000000000000000e+00,0.000000000000000000e+00,4.508486047470878222e-01,4.192526070283592032e-01,4.713518447591021898e-01,5.102576753727406933e-01,0.000000000000000000e+00,0.000000000000000000e+00,0.000000000000000000e+00,4.070345868651982224e-01,5.007215753420654059e-01,0.000000000000000000e+00,0.000000000000000000e+00,0.000000000000000000e+00,4.743879049780341250e-01,0.000000000000000000e+00,2.533644893162796952e-01,0.000000000000000000e+00,0.000000000000000000e+00,0.000000000000000000e+00,0.000000000000000000e+00,1.023915041070437987e-01,0.000000000000000000e+00,4.293581623563318961e-01,4.893297739409088742e-01,0.000000000000000000e+00,0.000000000000000000e+00,0.000000000000000000e+00,4.432481226958380760e-01,2.844069390458480728e-01,4.805371641397477855e-01,4.057634145467676756e-01,0.000000000000000000e+00,4.681298097587835993e-01,4.821212431373089191e-01,4.390313284432013075e-01,1.004892191760233949e-01,4.158242232523555737e-01,0.000000000000000000e+00,1.291941237833089950e-01
