0.000000000000000000e+00,4.464579986939334888e-01,0.000000000000000000e+00,0.000000000000000000e+00,0.000000000000000000e+00,1.279640476161693075e-01,0.000000000000000000e+00,5.516830972328259364e-01,0.000000000000000000e+00,4.781462365383458146e-01,0.000000000000000000e+00,4.261557953540018873e-01,1.289189709994993938e-01,0.000000000000000000e+00,4.085427367172709268e-01,4.264715689827046075e-01,0.000000000000000000e+00,4.099220074162671090e-01,0.000000000000000000e+00,4.508746866680289900e-01,4.537289987351528775e-01,4.456018897078591889e-01,4.884444355925620096e-01,4.236797567962404254e-01,4.079407676726143905e-01,3.924976794662656809e-01,4.741499964187961824e-01,0.000000000000000000e+00,0.000000000000000000e+00,0.000000000000000000e+00,3.982249879025250849e-01,4.461820842579682922e-01,3.541092211315549076e-01,3.911050691490389752e-01,4.604479122430947813e-01,0.000000000000000000e+00,0.000000000000000000e+00,0.000000000000000000e+00,4.482091336773030843e-01,4.005821046856820056e-01,4.409382715197607827e-01,0.000000000000000000e+00,0.000000000000000000e+00,0.000000000000000000e+00,0.000000000000000000e+00,3.861873467288757245e-01,4.813527465220893142e-01,0.000000000000000000e+00,0.000000000000000000e+00,0.000000000000000000e+00,0.000000000000000000e+00,0.000000000000000000e+00,0.000000000000000000e+00,0.000000000000000000e+00,5.391193319040565868e-01,0.000000000000000000e+00,0.000000000000000000e+00,0.000000000000000000e+00,0.000000000000000000e+00,0.000000000000000000e+00,4.720551105260589186e-01,0.000000000000000000e+00,4.450722754096709810e-01,0.000000000000000000e+00,0.000000000000000000e+00,3.628140223317198876e-01,4.666979143355000081e-01,0.000000000000000000e+00,3.528042595952469163e-01,4.552279222658859870e-01,4.727808162891279919e-01,0.000000000000000000e+00,0.000000000000000000e+00,0.000000000000000000e+00,0.000000000000000000e+00,4.445082920738389065e-01
4.464579986939334888e-01,0.000000000000000000e+00,0.000000000000000000e+00,0.000000000000000000e+00,4.196818483384924248e-01,4.164453991136530808e-01,4.359308916599780037e-01,5.229018941677012755e-01,3.941719503048985995e-01,0.000000000000000000e+00,0.000000000000000000e+00,0.000000000000000000e+00,4.645668916381808788e-01,0.000000000000000000e+00,4.446286381422119849e-01,4.335351832732748933e-01,0.000000000000000000e+00,4.281673427679378863e-01,0.000000000000000000e+00,4.386578889717360763e-01,4.554925207749139782e-01,4.226825605581671086e-01,4.620839856847345772e-01,0.000000000000000000e+00,4.132054532607750130e-01,4.122772994360144883e-01,4.422840260423193115e-01,4.856287294059217219e-01,4.542016276950223141e-01,0.000000000000000000e+00,3.944135283737841835e-01,4.671086417385735823e-01,3.821703243192587918e-01,3.991863056168469259e-01,4.576817700686828250e-01,0.000000000000000000e+00,0.000000000000000000e+00,0.000000000000000000e+00,4.837662905705510941e-01,4.825003507699304195e-01,4.928124285396541793e-01,5.113757099833048381e-01,0.000000000000000000e+00,0.000000000000000000e+00,0.000000000000000000e+00,4.827019272542000250e-01,4.984070907629017944e-01,0.000000000000000000e+00,0.000000000000000000e+00,0.000000000000000000e+00,4.946487552300197210e-01,0.000000000000000000e+00,0.000000000000000000e+00,0.000000000000000000e+00,0.000000000000000000e+00,0.000000000000000000e+00,0.000000000000000000e+00,0.000000000000000000e+00,0.000000000000000000e+00,5.276927201396495182e-01,4.966799856545601743e-01,0.000000000000000000e+00,4.654542407904089796e-01,0.000000000000000000e+00,4.671621572551314938e-01,5.012383504128832268e-01,5.101017793138437062e-01,4.980179047052317176e-01,0.000000000000000000e+00,4.657919335868818123e-01,5.106383207028502014e-01,4.721835604294776223e-01,0.000000000000000000e+00,4.874366386996272227e-01,0.000000000000000000e+00,4.535198849208977867e-01
0.000000000000000000e+00,0.000000000000000000e+00,0.000000000000000000e+00,4.608820262996203843e-01,4.180625885986178902e-01,3.967198212157657111e-01,4.453011230794033937e-01,4.805388542617722858e-01,2.753568603877248888e-01,4.936231243755204723e-01,3.696784921358305942e-01,6.391414993372981357e-01,4.547328471203190836e-01,4.789573283924242197e-01,0.000000000000000000e+00,0.000000000000000000e+00,0.000000000000000000e+00,0.000000000000000000e+00,2.914060495469473766e-01,0.000000000000000000e+00,0.000000000000000000e+00,0.000000000000000000e+00,3.435352948813041873e-01,0.000000000000000000e+00,0.000000000000000000e+00,0.000000000000000000e+00,3.142226866836713151e-01,4.646145380642360823e-01,0.000000000000000000e+00,0.000000000000000000e+00,4.800649069339222863e-01,4.497839906290029832e-01,0.000000000000000000e+00,4.758465804262489995e-01,4.843452073001551783e-01,4.415460816859028137e-01,4.540530842947191892e-01,0.000000000000000000e+00,5.130896736351877596e-01,0.000000000000000000e+00,1.357753081291697972e-01,0.000000000000000000e+00,5.140288927408054320e-01,0.000000000000000000e+00,0.000000000000000000e+00,0.000000000000000000e+00,0.000000000000000000e+00,4.113121597106179084e-01,0.000000000000000000e+00,5.692790376069061242e-01,5.738073113712592876e-01,5.937292867593231271e-01,5.684487055958219459e-01,5.781929790290205595e-01,0.000000000000000000e+00,5.338186549870420627e-01,0.000000000000000000e+00,1.620068532629561908e-01,5.456280717307128159e-01,0.000000000000000000e+00,0.000000000000000000e+00,0.000000000000000000e+00,0.000000000000000000e+00,5.449011751762378175e-01,0.000000000000000000e+00,0.000000000000000000e+00,0.000000000000000000e+00,6.013480971382099138e-01,0.000000000000000000e+00,0.000000000000000000e+00,0.000000000000000000e+00,5.903749658817146750e-01,6.191681488359579433e-01,0.000000000000000000e+00,0.000000000000000000e+00,0.000000000000000000e+00
0.000000000000000000e+00,0.000000000000000000e+00,4.608820262996203843e-01,0.000000000000000000e+00,2.793185040385722240e-01,4.015155572989275168e-01,2.938978792233795101e-01,4.037088096082706024e-01,4.363524218334475235e-01,2.219191018414261030e-01,3.915816231027969829e-01,0.000000000000000000e+00,3.112863558407107933e-01,2.945479266817763175e-01,0.000000000000000000e+00,0.000000000000000000e+00,0.000000000000000000e+00,0.000000000000000000e+00,4.183084001000785812e-01,4.458102413217858162e-01,0.000000000000000000e+00,0.000000000000000000e+00,4.240878670348863233e-01,0.000000000000000000e+00,0.000000000000000000e+00,0.000000000000000000e+00,4.188812555459973108e-01,2.802330744865316747e-01,4.658890533965687197e-01,0.000000000000000000e+00,2.977677161904537795e-01,3.342851422860332877e-01,0.000000000000000000e+00,2.748303094070291830e-01,3.407804320886728133e-01,1.992995968907741999e-01,2.147004707409919111e-01,0.000000000000000000e+00,0.000000000000000000e+00,0.000000000000000000e+00,0.000000000000000000e+00,0.000000000000000000e+00,0.000000000000000000e+00,0.000000000000000000e+00,0.000000000000000000e+00,0.000000000000000000e+00,0.000000000000000000e+00,0.000000000000000000e+00,0.000000000000000000e+00,0.000000000000000000e+00,0.000000000000000000e+00,0.000000000000000000e+00,0.000000000000000000e+00,0.000000000000000000e+00,0.000000000000000000e+00,0.000000000000000000e+00,0.000000000000000000e+00,0.000000000000000000e+00,0.000000000000000000e+00,0.000000000000000000e+00,0.000000000000000000e+00,0.000000000000000000e+00,0.000000000000000000e+00,0.000000000000000000e+00,0.000000000000000000e+00,0.000000000000000000e+00,0.000000000000000000e+00,0.000000000000000000e+00,0.000000000000000000e+00,0.000000000000000000e+00,0.000000000000000000e+00,0.000000000000000000e+00,0.000000000000000000e+00,0.000000000000000000e+00,0.000000000000000000e+00,0.000000000000000000e+00
0.000000000000000000e+00,4.196818483384924248e-01,4.180625885986178902e-01,2.793185040385722240e-01,0.000000000000000000e+00,4.024459336696867839e-01,3.496360000200867124e-01,4.279935400891541897e-01,3.659913256399138226e-01,4.307275135221342865e-01,3.687549991019704043e-01,4.401490054498218840e-01,3.974040313919813827e-01,3.168397174838221142e-01,0.000000000000000000e+00,4.364319345930158800e-01,0.000000000000000000e+00,0.000000000000000000e+00,4.123335772161620949e-01,3.821177735689703092e-01,0.000000000000000000e+00,4.272376952121588189e-01,4.221341810460956245e-01,0.000000000000000000e+00,4.354412833139839067e-01,4.468523897300444858e-01,4.224179414900677276e-01,3.854375078918373942e-01,4.114485908396152136e-01,0.000000000000000000e+00,4.131392924512434228e-01,4.189219118475445147e-01,4.285129552735035263e-01,4.568436867395889167e-01,4.159681017079118193e-01,2.470359821995354865e-01,2.685495974841731193e-01,4.531598393308987061e-01,4.887050496947122902e-01,0.000000000000000000e+00,0.000000000000000000e+00,0.000000000000000000e+00,4.066163690097773786e-01,0.000000000000000000e+00,0.000000000000000000e+00,0.000000000000000000e+00,0.000000000000000000e+00,4.984409502602012987e-01,0.000000000000000000e+00,1.196853085045865017e-01,5.061976201428139976e-01,0.000000000000000000e+00,5.026981305168538583e-01,1.473916997482105085e-01,0.000000000000000000e+00,4.734145332053688038e-01,0.000000000000000000e+00,0.000000000000000000e+00,0.000000000000000000e+00,0.000000000000000000e+00,0.000000000000000000e+00,0.000000000000000000e+00,0.000000000000000000e+00,5.281502030146074667e-01,0.000000000000000000e+00,0.000000000000000000e+00,0.000000000000000000e+00,5.346047213664141262e-01,0.000000000000000000e+00,0.000000000000000000e+00,0.000000000000000000e+00,5.437916085937826161e-01,0.000000000000000000e+00,0.000000000000000000e+00,0.000000000000000000e+00,0.000000000000000000e+00
1.279640476161693075e-01,4.164453991136530808e-01,3.967198212157657111e-01,4.015155572989275168e-01,4.024459336696867839e-01,0.000000000000000000e+00,4.246670139553633261e-01,4.614931087837115808e-01,3.822791958907998944e-01,4.551744777005983789e-01,4.228495510639723731e-01,4.828715345009466087e-01,4.297435751714758223e-01,4.974951258005325117e-01,4.257331214979496736e-01,4.398018413970181117e-01,1.577053824631629020e-01,4.297010441601368802e-01,4.110276862946725118e-01,4.280400216529969271e-01,1.008206012347223068e-01,4.343901329965316749e-01,4.125318052123063128e-01,0.000000000000000000e+00,4.242123952684628829e-01,4.211069530925630744e-01,4.166317954119054257e-01,4.360403239029383982e-01,3.784191059288818937e-01,4.426617715853783941e-01,4.528602910138438964e-01,4.501916166698218813e-01,4.071966403498538112e-01,4.685171203555266173e-01,4.567117933354943871e-01,4.494022797044529005e-01,4.496160098115807857e-01,4.846654449139620735e-01,5.152652091280010005e-01,0.000000000000000000e+00,5.375803452697858198e-01,5.679722841052806670e-01,4.975777351491719735e-01,0.000000000000000000e+00,0.000000000000000000e+00,0.000000000000000000e+00,5.289724120221630521e-01,5.911636762021716951e-01,0.000000000000000000e+00,6.008232113541950303e-01,5.424679357157775605e-01,5.586803695882610610e-01,5.316209229129124081e-01,5.800708349596761515e-01,0.000000000000000000e+00,5.557738923355461935e-01,0.000000000000000000e+00,5.458493628630342043e-01,0.000000000000000000e+00,4.986518327150192831e-01,0.000000000000000000e+00,0.000000000000000000e+00,0.000000000000000000e+00,5.518318903670387243e-01,4.931914024771035798e-01,5.387200650741307273e-01,4.954018747332589179e-01,5.574252802519494843e-01,0.000000000000000000e+00,0.000000000000000000e+00,5.168099004695838605e-01,5.424459402277063136e-01,5.294647986820314456e-01,5.175566306468174504e-01,5.904258360698640962e-01,5.484724338719566550e-01
0.000000000000000000e+00,4.359308916599780037e-01,4.453011230794033937e-01,2.938978792233795101e-01,3.496360000200867124e-01,4.246670139553633261e-01,0.000000000000000000e+00,4.439317298333099737e-01,3.894852394932096784e-01,4.129326362133253214e-01,4.465024707848094243e-01,3.976062514808609838e-01,3.606616431579295901e-01,3.240596824218390237e-01,0.000000000000000000e+00,4.770543390636505232e-01,0.000000000000000000e+00,4.713895932435331892e-01,4.591870304004381786e-01,4.390428666998543172e-01,0.000000000000000000e+00,4.743199558590480147e-01,4.370566959472085844e-01,4.284025307530313076e-01,4.571273835184169743e-01,4.266838616277833229e-01,4.431223203477436812e-01,3.698506797792306955e-01,4.499786735985801811e-01,0.000000000000000000e+00,4.295724893249855958e-01,4.128491280238156258e-01,3.791986171395927974e-01,4.198640815126514214e-01,3.936214716316024931e-01,3.087929628748383171e-01,3.132380965570075171e-01,4.190012424807357805e-01,1.841832463700056044e-01,0.000000000000000000e+00,1.637731516271186127e-01,0.000000000000000000e+00,1.211191185914881063e-01,0.000000000000000000e+00,0.000000000000000000e+00,0.000000000000000000e+00,0.000000000000000000e+00,1.874961326348812130e-01,0.000000000000000000e+00,0.000000000000000000e+00,1.612945990765811966e-01,0.000000000000000000e+00,5.310379723111285921e-01,1.754326870027249075e-01,0.000000000000000000e+00,1.484293345485989957e-01,0.000000000000000000e+00,0.000000000000000000e+00,0.000000000000000000e+00,0.000000000000000000e+00,0.000000000000000000e+00,0.000000000000000000e+00,0.000000000000000000e+00,1.420735728466518133e-01,0.000000000000000000e+00,0.000000000000000000e+00,0.000000000000000000e+00,5.301155665715333587e-01,0.000000000000000000e+00,0.000000000000000000e+00,0.000000000000000000e+00,5.187170245204325569e-01,0.000000000000000000e+00,0.000000000000000000e+00,0.000000000000000000e+00,0.000000000000000000e+00
5.516830972328259364e-01,5.229018941677012755e-01,4.805388542617722858e-01,4.037088096082706024e-01,4.279935400891541897e-01,4.614931087837115808e-01,4.439317298333099737e-01,0.000000000000000000e+00,4.763762615267915779e-01,5.300974409681128430e-01,3.891566682678241906e-01,0.000000000000000000e+00,4.511979109549801858e-01,4.189667266696595060e-01,4.344156090579421869e-01,0.000000000000000000e+00,0.000000000000000000e+00,0.000000000000000000e+00,4.304284403758312227e-01,0.000000000000000000e+00,4.489455286944539214e-01,0.000000000000000000e+00,4.010140545579861104e-01,5.586879157729752743e-01,5.406373473202024105e-01,5.218562587705777300e-01,4.727435462281590062e-01,4.578224651657418764e-01,4.367465970021817134e-01,4.169114678313043942e-01,4.762311006697482196e-01,4.078023360914403983e-01,0.000000000000000000e+00,4.784115301840927148e-01,4.881894705888463193e-01,3.174111588522043892e-01,3.778621367779029794e-01,0.000000000000000000e+00,5.084939378611780247e-01,0.000000000000000000e+00,5.190240776655593580e-01,0.000000000000000000e+00,4.641879329148824174e-01,0.000000000000000000e+00,0.000000000000000000e+00,0.000000000000000000e+00,0.000000000000000000e+00,5.685700080116095068e-01,0.000000000000000000e+00,5.278380065448714520e-01,5.032544026759651068e-01,5.303152694333458372e-01,4.839767604282040891e-01,5.476838338004333950e-01,0.000000000000000000e+00,4.895143563167361767e-01,0.000000000000000000e+00,5.187049954867511969e-01,5.153930310000909287e-01,5.312703420263080734e-01,0.000000000000000000e+00,0.000000000000000000e+00,0.000000000000000000e+00,5.339346384960800274e-01,5.287263404978055359e-01,4.383584842991555264e-01,0.000000000000000000e+00,5.295554570655270910e-01,0.000000000000000000e+00,0.000000000000000000e+00,0.000000000000000000e+00,5.164096015420959196e-01,4.975098060994683213e-01,4.971654305593234957e-01,0.000000000000000000e+00,5.479194730249263845e-01
0.000000000000000000e+00,3.941719503048985995e-01,2.753568603877248888e-01,4.363524218334475235e-01,3.659913256399138226e-01,3.822791958907998944e-01,3.894852394932096784e-01,4.763762615267915779e-01,0.000000000000000000e+00,4.686160516098258899e-01,3.540190586647656845e-01,4.717226019364892942e-01,4.337127714459865779e-01,4.547172617640735104e-01,0.000000000000000000e+00,0.000000000000000000e+00,0.000000000000000000e+00,1.723180217420489102e-01,2.821061749330769919e-01,3.997794209999773751e-01,0.000000000000000000e+00,4.171347890031080197e-01,4.242898794239733928e-01,5.259983815207411872e-01,1.381552569281528919e-01,4.346304007795646074e-01,3.577297062025370233e-01,4.667525319701726905e-01,4.495238691465827108e-01,4.417934410415647051e-01,4.888316964395025277e-01,4.565283047112549952e-01,4.558150772064439860e-01,4.799982986105190141e-01,4.616788626667647777e-01,4.375354552307016975e-01,4.532254931474066217e-01,4.623385070824160836e-01,4.732653891764395104e-01,0.000000000000000000e+00,1.944270713845958065e-01,0.000000000000000000e+00,4.592091475190477889e-01,0.000000000000000000e+00,0.000000000000000000e+00,0.000000000000000000e+00,0.000000000000000000e+00,5.496757821960002177e-01,0.000000000000000000e+00,5.525651072785240370e-01,5.579116434384512324e-01,1.944052841542409094e-01,5.539868451084903889e-01,5.940538258337805244e-01,0.000000000000000000e+00,5.238035753661411942e-01,0.000000000000000000e+00,1.922170983634403085e-01,4.987526304702222246e-01,0.000000000000000000e+00,0.000000000000000000e+00,0.000000000000000000e+00,0.000000000000000000e+00,5.654723557199934358e-01,0.000000000000000000e+00,0.000000000000000000e+00,0.000000000000000000e+00,5.637154678459304069e-01,0.000000000000000000e+00,0.000000000000000000e+00,0.000000000000000000e+00,5.641482261482715366e-01,2.033127150883851098e-01,0.000000000000000000e+00,0.000000000000000000e+00,0.000000000000000000e+00
4.781462365383458146e-01,0.000000000000000000e+00,4.936231243755204723e-01,2.219191018414261030e-01,4.307275135221342865e-01,4.551744777005983789e-01,4.129326362133253214e-01,5.300974409681128430e-01,4.686160516098258899e-01,0.000000000000000000e+00,4.746129698324563773e-01,3.238136365717168008e-01,4.079311270435094228e-01,0.000000000000000000e+00,0.000000000000000000e+00,4.209468821014458739e-01,3.604750529474424758e-01,3.838815281706198235e-01,4.685925179274461061e-01,1.064357389920402991e-01,0.000000000000000000e+00,4.677705989502639050e-01,4.612620950938495779e-01,3.590595425143698893e-01,3.591740964493503885e-01,3.782576601736589161e-01,4.582521644668506866e-01,4.091205740921710077e-01,5.254452473617262642e-01,0.000000000000000000e+00,3.386933832627098129e-01,4.100879999392739172e-01,3.492944896273916799e-01,3.353515371070380779e-01,3.943334851999840129e-01,3.274264720861561062e-01,2.674974304709503148e-01,3.214445892073808930e-01,4.311959504770320195e-01,3.810278705617499151e-01,4.037043985120676859e-01,3.934265021105273763e-01,0.000000000000000000e+00,0.000000000000000000e+00,3.695592636753518012e-01,4.986459803828646731e-01,0.000000000000000000e+00,0.000000000000000000e+00,0.000000000000000000e+00,0.000000000000000000e+00,0.000000000000000000e+00,0.000000000000000000e+00,0.000000000000000000e+00,0.000000000000000000e+00,4.739219060947236217e-01,0.000000000000000000e+00,4.820123760484962827e-01,4.640649427222797163e-01,0.000000000000000000e+00,0.000000000000000000e+00,0.000000000000000000e+00,4.375029939158234238e-01,3.928452273760619229e-01,0.000000000000000000e+00,0.000000000000000000e+00,0.000000000000000000e+00,0.000000000000000000e+00,0.000000000000000000e+00,4.706006805880429966e-01,4.298228139400118164e-01,4.618826384594931223e-01,0.000000000000000000e+00,4.201624789806556182e-01,0.000000000000000000e+00,0.000000000000000000e+00,4.322708839126384039e-01
0.000000000000000000e+00,0.000000000000000000e+00,3.696784921358305942e-01,3.915816231027969829e-01,3.687549991019704043e-01,4.228495510639723731e-01,4.465024707848094243e-01,3.891566682678241906e-01,3.540190586647656845e-01,4.746129698324563773e-01,0.000000000000000000e+00,4.616664542460385823e-01,4.554521601347634174e-01,3.617533765672574786e-01,0.000000000000000000e+00,0.000000000000000000e+00,1.129603659847957936e-01,0.000000000000000000e+00,2.884051869413030156e-01,0.000000000000000000e+00,0.000000000000000000e+00,0.000000000000000000e+00,3.425513185392287108e-01,4.773781622320971141e-01,0.000000000000000000e+00,1.680492079956459883e-01,4.022742233824718738e-01,4.663738456485819750e-01,0.000000000000000000e+00,0.000000000000000000e+00,5.045749408442127271e-01,4.340571137332827067e-01,4.572931484736860730e-01,4.851352582030442062e-01,4.640095894137684085e-01,3.407042815139532110e-01,4.544609164668401147e-01,4.513935549236022249e-01,4.489055995500996765e-01,0.000000000000000000e+00,0.000000000000000000e+00,0.000000000000000000e+00,4.462176804697826071e-01,0.000000000000000000e+00,0.000000000000000000e+00,0.000000000000000000e+00,0.000000000000000000e+00,5.265625702237848316e-01,0.000000000000000000e+00,4.786963823730370771e-01,5.527911538576105732e-01,4.986732607869239220e-01,4.829776090301491909e-01,5.290384767080807960e-01,0.000000000000000000e+00,3.450155787172831112e-01,0.000000000000000000e+00,5.162596939638526283e-01,4.869979477217633024e-01,0.000000000000000000e+00,0.000000000000000000e+00,0.000000000000000000e+00,0.000000000000000000e+00,2.687302264984887112e-01,0.000000000000000000e+00,0.000000000000000000e+00,0.000000000000000000e+00,5.402663873794628646e-01,0.000000000000000000e+00,0.000000000000000000e+00,0.000000000000000000e+00,5.479414524247383511e-01,5.695177556234338745e-01,0.000000000000000000e+00,0.000000000000000000e+00,0.000000000000000000e+00
4.261557953540018873e-01,0.000000000000000000e+00,6.391414993372981357e-01,0.000000000000000000e+00,4.401490054498218840e-01,4.828715345009466087e-01,3.976062514808609838e-01,0.000000000000000000e+00,4.717226019364892942e-01,3.238136365717168008e-01,4.616664542460385823e-01,0.000000000000000000e+00,3.966110802802870761e-01,0.000000000000000000e+00,0.000000000000000000e+00,0.000000000000000000e+00,3.851502200147989274e-01,4.024439133039189875e-01,5.333959254045955722e-01,0.000000000000000000e+00,5.320742648537496455e-01,0.000000000000000000e+00,4.880764381395398810e-01,3.191262487176184104e-01,3.742047301561811090e-01,3.199206494113209232e-01,5.031963282393493442e-01,3.961521056859416134e-01,0.000000000000000000e+00,0.000000000000000000e+00,3.545057329395904788e-01,3.007611434983171184e-01,2.201158370983397061e-01,2.572244287015623132e-01,3.155707867653322896e-01,3.594311393556600120e-01,3.346051065571657990e-01,2.025661282493493864e-01,3.361206981342554911e-01,3.790626839758438060e-01,3.785984231011262913e-01,3.721070493522479206e-01,0.000000000000000000e+00,0.000000000000000000e+00,3.578583195548106777e-01,0.000000000000000000e+00,0.000000000000000000e+00,0.000000000000000000e+00,0.000000000000000000e+00,0.000000000000000000e+00,0.000000000000000000e+00,0.000000000000000000e+00,0.000000000000000000e+00,0.000000000000000000e+00,4.716837483143869747e-01,0.000000000000000000e+00,4.719573857208907985e-01,4.499023049909416927e-01,0.000000000000000000e+00,0.000000000000000000e+00,0.000000000000000000e+00,4.423275838222449075e-01,4.109217745501176910e-01,0.000000000000000000e+00,0.000000000000000000e+00,0.000000000000000000e+00,0.000000000000000000e+00,0.000000000000000000e+00,4.576371419106092242e-01,4.518181994121754919e-01,4.699107168484178976e-01,0.000000000000000000e+00,4.504642361757870139e-01,0.000000000000000000e+00,0.000000000000000000e+00,4.360459758110412087e-01
1.289189709994993938e-01,4.645668916381808788e-01,4.547328471203190836e-01,3.112863558407107933e-01,3.974040313919813827e-01,4.297435751714758223e-01,3.606616431579295901e-01,4.511979109549801858e-01,4.337127714459865779e-01,4.079311270435094228e-01,4.554521601347634174e-01,3.966110802802870761e-01,0.000000000000000000e+00,3.591471920720155087e-01,4.658952613553182243e-01,4.972588281154229906e-01,4.290801147228752166e-01,4.618360933714785177e-01,4.641806940212785948e-01,4.553436693495548915e-01,0.000000000000000000e+00,4.945233453674960922e-01,4.501688848802187781e-01,4.114237579796882760e-01,4.747971697650885115e-01,4.442568262399764767e-01,4.561079537759595848e-01,3.898713415683164873e-01,4.486540917763431890e-01,4.006352128979908112e-01,4.268352148288572789e-01,4.168615138880956139e-01,3.844668380855584822e-01,4.097178366679181116e-01,4.225618723250315067e-01,3.636499982054252067e-01,3.369176842990472265e-01,3.902400190141064873e-01,4.473562696488114221e-01,4.308973658476166202e-01,4.652376059791035190e-01,5.267609011356734205e-01,4.551240627645027903e-01,0.000000000000000000e+00,4.048800720592447000e-01,0.000000000000000000e+00,0.000000000000000000e+00,5.811962682958762283e-01,0.000000000000000000e+00,0.000000000000000000e+00,1.520829823601342889e-01,2.127971987323727110e-01,5.096986862617782776e-01,0.000000000000000000e+00,0.000000000000000000e+00,5.578072983495403481e-01,4.316017111531275097e-01,0.000000000000000000e+00,0.000000000000000000e+00,1.660466628282462886e-01,0.000000000000000000e+00,0.000000000000000000e+00,0.000000000000000000e+00,0.000000000000000000e+00,5.621217026032306885e-01,0.000000000000000000e+00,2.033799240140601039e-01,5.407408747743814859e-01,0.000000000000000000e+00,1.644983550037110998e-01,1.881866019945158952e-01,5.272930631620987851e-01,0.000000000000000000e+00,5.357603334701236397e-01,0.000000000000000000e+00,0.000000000000000000e+00
0.000000000000000000e+00,0.000000000000000000e+00,4.789573283924242197e-01,2.945479266817763175e-01,3.168397174838221142e-01,4.974951258005325117e-01,3.240596824218390237e-01,4.189667266696595060e-01,4.547172617640735104e-01,0.000000000000000000e+00,3.617533765672574786e-01,0.000000000000000000e+00,3.591471920720155087e-01,0.000000000000000000e+00,0.000000000000000000e+00,0.000000000000000000e+00,0.000000000000000000e+00,0.000000000000000000e+00,4.194071098001578846e-01,0.000000000000000000e+00,0.000000000000000000e+00,0.000000000000000000e+00,4.496903351000616778e-01,0.000000000000000000e+00,0.000000000000000000e+00,0.000000000000000000e+00,4.825936325940909932e-01,2.498965417762346042e-01,0.000000000000000000e+00,0.000000000000000000e+00,3.725927837408345988e-01,2.738065611497567109e-01,0.000000000000000000e+00,2.488327402730164117e-01,0.000000000000000000e+00,2.157461282623641952e-01,1.934805139574785060e-01,0.000000000000000000e+00,3.762138323816893171e-01,0.000000000000000000e+00,0.000000000000000000e+00,0.000000000000000000e+00,4.001018795076181078e-01,0.000000000000000000e+00,0.000000000000000000e+00,0.000000000000000000e+00,0.000000000000000000e+00,5.480906157268399248e-01,0.000000000000000000e+00,0.000000000000000000e+00,0.000000000000000000e+00,0.000000000000000000e+00,0.000000000000000000e+00,5.158142422012540473e-01,0.000000000000000000e+00,4.926946819627576746e-01,0.000000000000000000e+00,0.000000000000000000e+00,0.000000000000000000e+00,0.000000000000000000e+00,0.000000000000000000e+00,0.000000000000000000e+00,0.000000000000000000e+00,0.000000000000000000e+00,0.000000000000000000e+00,0.000000000000000000e+00,0.000000000000000000e+00,5.011237005594855187e-01,0.000000000000000000e+00,0.000000000000000000e+00,0.000000000000000000e+00,6.337759346709337382e-01,0.000000000000000000e+00,0.000000000000000000e+00,0.000000000000000000e+00,0.000000000000000000e+00
4.085427367172709268e-01,4.446286381422119849e-01,0.000000000000000000e+00,0.000000000000000000e+00,0.000000000000000000e+00,4.257331214979496736e-01,0.000000000000000000e+00,4.344156090579421869e-01,0.000000000000000000e+00,0.000000000000000000e+00,0.000000000000000000e+00,0.000000000000000000e+00,4.658952613553182243e-01,0.000000000000000000e+00,0.000000000000000000e+00,4.521718834900115835e-01,0.000000000000000000e+00,4.418216989789391924e-01,0.000000000000000000e+00,3.696630412351237793e-01,3.970902526707156821e-01,3.731999881255333995e-01,4.116682898650669831e-01,4.914429359084703242e-01,4.296271937545187991e-01,3.842123060735996853e-01,4.509141577181315919e-01,4.455161576052157901e-01,4.356576406995569251e-01,0.000000000000000000e+00,4.219435870182721149e-01,4.639904715734198826e-01,4.153388144582256802e-01,4.478320280802994824e-01,5.059215136023096360e-01,4.726743167114987876e-01,0.000000000000000000e+00,0.000000000000000000e+00,5.165263853072186162e-01,5.256431481708004894e-01,5.179070030590449125e-01,5.603975705942104701e-01,0.000000000000000000e+00,0.000000000000000000e+00,0.000000000000000000e+00,0.000000000000000000e+00,5.108574716461916632e-01,0.000000000000000000e+00,0.000000000000000000e+00,0.000000000000000000e+00,4.871459135543952934e-01,0.000000000000000000e+00,4.315952619131172008e-01,0.000000000000000000e+00,0.000000000000000000e+00,0.000000000000000000e+00,0.000000000000000000e+00,6.022722422156890909e-01,0.000000000000000000e+00,5.182935804617441189e-01,5.367392753233098945e-01,0.000000000000000000e+00,0.000000000000000000e+00,0.000000000000000000e+00,5.076079373315940391e-01,4.825299914322725980e-01,5.229845061669146089e-01,5.125021422441465857e-01,0.000000000000000000e+00,1.582739178132742119e-01,5.365410722122121445e-01,5.156320574236761267e-01,5.145656913999832049e-01,4.934438607511866248e-01,0.000000000000000000e+00,5.093665119163188759e-01
4.264715689827046075e-01,4.335351832732748933e-01,0.000000000000000000e+00,0.000000000000000000e+00,4.364319345930158800e-01,4.398018413970181117e-01,4.770543390636505232e-01,0.000000000000000000e+00,0.000000000000000000e+00,4.209468821014458739e-01,0.000000000000000000e+00,0.000000000000000000e+00,4.972588281154229906e-01,0.000000000000000000e+00,4.521718834900115835e-01,0.000000000000000000e+00,4.042595011870994126e-01,3.897204898273370910e-01,0.000000000000000000e+00,4.333198368255272159e-01,4.445689182592276190e-01,4.271828888704026772e-01,4.717382349250668905e-01,4.303003587656700768e-01,4.222977345127322257e-01,4.374963242661675800e-01,4.518741542605396178e-01,4.733460888977660264e-01,4.622357432750133222e-01,4.411920293048959274e-01,3.878068516223450168e-01,4.646970568558370096e-01,3.954445351979640755e-01,4.076115629418798902e-01,4.890575217402173269e-01,0.000000000000000000e+00,0.000000000000000000e+00,0.000000000000000000e+00,4.752701710815255276e-01,4.662592424462698171e-01,4.740793568187329776e-01,4.911394968348438139e-01,0.000000000000000000e+00,0.000000000000000000e+00,0.000000000000000000e+00,4.905759122392880922e-01,4.828413802570235003e-01,0.000000000000000000e+00,0.000000000000000000e+00,0.000000000000000000e+00,0.000000000000000000e+00,0.000000000000000000e+00,0.000000000000000000e+00,0.000000000000000000e+00,0.000000000000000000e+00,0.000000000000000000e+00,0.000000000000000000e+00,0.000000000000000000e+00,0.000000000000000000e+00,5.219476320961581317e-01,4.844802860413018886e-01,0.000000000000000000e+00,4.580409520204298812e-01,0.000000000000000000e+00,4.983639375283576145e-01,5.026650378381701811e-01,4.895633293565880839e-01,1.718447103613205129e-01,0.000000000000000000e+00,4.758940796534765205e-01,5.035878894541743200e-01,5.562730176819085104e-01,0.000000000000000000e+00,5.252429384913542831e-01,0.000000000000000000e+00,4.697673714446051196e-01
0.000000000000000000e+00,0.000000000000000000e+00,0.000000000000000000e+00,0.000000000000000000e+00,0.000000000000000000e+00,1.577053824631629020e-01,0.000000000000000000e+00,0.000000000000000000e+00,0.000000000000000000e+00,3.604750529474424758e-01,1.129603659847957936e-01,3.851502200147989274e-01,4.290801147228752166e-01,0.000000000000000000e+00,0.000000000000000000e+00,4.042595011870994126e-01,0.000000000000000000e+00,3.893091058016824868e-01,0.000000000000000000e+00,1.128976963617454032e-01,0.000000000000000000e+00,4.056513613443907262e-01,0.000000000000000000e+00,3.882610755148053205e-01,3.625652470931067239e-01,3.957024488496094783e-01,0.000000000000000000e+00,4.155885641946092113e-01,1.054474693937562935e-01,0.000000000000000000e+00,3.606815746069261253e-01,4.301535321605097217e-01,3.505268110976907936e-01,3.866708873605004815e-01,3.996555856668818074e-01,0.000000000000000000e+00,0.000000000000000000e+00,3.275310759262711202e-01,0.000000000000000000e+00,4.121862076489549165e-01,0.000000000000000000e+00,0.000000000000000000e+00,0.000000000000000000e+00,0.000000000000000000e+00,0.000000000000000000e+00,0.000000000000000000e+00,0.000000000000000000e+00,0.000000000000000000e+00,0.000000000000000000e+00,0.000000000000000000e+00,0.000000000000000000e+00,0.000000000000000000e+00,0.000000000000000000e+00,0.000000000000000000e+00,4.963774918813761983e-01,0.000000000000000000e+00,4.856354410905442953e-01,0.000000000000000000e+00,0.000000000000000000e+00,0.000000000000000000e+00,0.000000000000000000e+00,4.522661189148788896e-01,4.088740030933388780e-01,0.000000000000000000e+00,0.000000000000000000e+00,0.000000000000000000e+00,0.000000000000000000e+00,0.000000000000000000e+00,4.882377017490897031e-01,4.424661029963312120e-01,4.692750429507567267e-01,0.000000000000000000e+00,0.000000000000000000e+00,0.000000000000000000e+00,0.000000000000000000e+00,0.000000000000000000e+00
4.099220074162671090e-01,4.281673427679378863e-01,0.000000000000000000e+00,0.000000000000000000e+00,0.000000000000000000e+00,4.297010441601368802e-01,4.713895932435331892e-01,0.000000000000000000e+00,1.723180217420489102e-01,3.838815281706198235e-01,0.000000000000000000e+00,4.024439133039189875e-01,4.618360933714785177e-01,0.000000000000000000e+00,4.418216989789391924e-01,3.897204898273370910e-01,3.893091058016824868e-01,0.000000000000000000e+00,0.000000000000000000e+00,4.331230673454374847e-01,4.781141150624519942e-01,4.421763836285387828e-01,4.426033070639435740e-01,3.943328471450540107e-01,3.744234883883795773e-01,4.043392430485782119e-01,4.450385911855154752e-01,4.476400513878590059e-01,4.706941529283574233e-01,4.618164442262931990e-01,3.897492472059103097e-01,4.403314395434302919e-01,3.623589058819475239e-01,3.938404953489104132e-01,4.187532142264496771e-01,0.000000000000000000e+00,0.000000000000000000e+00,0.000000000000000000e+00,4.609392083441413157e-01,4.522263211456126752e-01,4.628291205738485070e-01,4.856078642986366156e-01,0.000000000000000000e+00,0.000000000000000000e+00,0.000000000000000000e+00,4.579820811185015828e-01,4.723224734705676053e-01,0.000000000000000000e+00,0.000000000000000000e+00,0.000000000000000000e+00,0.000000000000000000e+00,0.000000000000000000e+00,0.000000000000000000e+00,0.000000000000000000e+00,4.799242088265168182e-01,0.000000000000000000e+00,4.774019420932454905e-01,0.000000000000000000e+00,0.000000000000000000e+00,0.000000000000000000e+00,4.652708468784588214e-01,4.500321456858146218e-01,4.543237741905774008e-01,0.000000000000000000e+00,0.000000000000000000e+00,0.000000000000000000e+00,4.791515721601076749e-01,0.000000000000000000e+00,4.627787127223018104e-01,4.685003586201222925e-01,4.854539553443028010e-01,0.000000000000000000e+00,0.000000000000000000e+00,0.000000000000000000e+00,0.000000000000000000e+00,4.595146500719672900e-01
0.000000000000000000e+00,0.000000000000000000e+00,2.914060495469473766e-01,4.183084001000785812e-01,4.123335772161620949e-01,4.110276862946725118e-01,4.591870304004381786e-01,4.304284403758312227e-01,2.821061749330769919e-01,4.685925179274461061e-01,2.884051869413030156e-01,5.333959254045955722e-01,4.641806940212785948e-01,4.194071098001578846e-01,0.000000000000000000e+00,0.000000000000000000e+00,0.000000000000000000e+00,0.000000000000000000e+00,0.000000000000000000e+00,0.000000000000000000e+00,0.000000000000000000e+00,0.000000000000000000e+00,3.630573642349366192e-01,0.000000000000000000e+00,0.000000000000000000e+00,0.000000000000000000e+00,3.630849851315559040e-01,4.777267001281579883e-01,0.000000000000000000e+00,0.000000000000000000e+00,4.925273362694900237e-01,4.528882017778708136e-01,0.000000000000000000e+00,4.830289374757755771e-01,4.586452541179508735e-01,4.187330988154083777e-01,4.618712897542351925e-01,4.884033717906237082e-01,4.426783185503028739e-01,0.000000000000000000e+00,0.000000000000000000e+00,0.000000000000000000e+00,4.664207083447208246e-01,0.000000000000000000e+00,0.000000000000000000e+00,0.000000000000000000e+00,0.000000000000000000e+00,5.502650104790001162e-01,0.000000000000000000e+00,5.372626842643424272e-01,5.550342583015692721e-01,1.548222465146527060e-01,5.137898320917875239e-01,5.570466678871681676e-01,0.000000000000000000e+00,4.706435918402678831e-01,0.000000000000000000e+00,1.847620863620250131e-01,4.973926189531336917e-01,0.000000000000000000e+00,0.000000000000000000e+00,0.000000000000000000e+00,0.000000000000000000e+00,5.441016775057015975e-01,0.000000000000000000e+00,0.000000000000000000e+00,0.000000000000000000e+00,5.667544359327381098e-01,0.000000000000000000e+00,0.000000000000000000e+00,0.000000000000000000e+00,5.651036010717296332e-01,0.000000000000000000e+00,0.000000000000000000e+00,0.000000000000000000e+00,0.000000000000000000e+00
4.508746866680289900e-01,4.386578889717360763e-01,0.000000000000000000e+00,4.458102413217858162e-01,3.821177735689703092e-01,4.280400216529969271e-01,4.390428666998543172e-01,0.000000000000000000e+00,3.997794209999773751e-01,1.064357389920402991e-01,0.000000000000000000e+00,0.000000000000000000e+00,4.553436693495548915e-01,0.000000000000000000e+00,3.696630412351237793e-01,4.333198368255272159e-01,1.128976963617454032e-01,4.331230673454374847e-01,0.000000000000000000e+00,0.000000000000000000e+00,4.386562352345432791e-01,3.753544868019413894e-01,3.368238687029123102e-01,0.000000000000000000e+00,4.349296008709863104e-01,4.390071342637376084e-01,4.007567399577409151e-01,3.724421204176935896e-01,3.759561278046861799e-01,3.638402248241848214e-01,3.846620385144883802e-01,4.629188942201373780e-01,4.032380429694041868e-01,4.242493794103747162e-01,4.778319327753671186e-01,5.064300955996017262e-01,4.731092769344015792e-01,0.000000000000000000e+00,5.082006558131813012e-01,5.025525938467738651e-01,4.996254919104707870e-01,5.159840642424812218e-01,6.729743379977313200e-01,0.000000000000000000e+00,0.000000000000000000e+00,0.000000000000000000e+00,4.730431554569992092e-01,0.000000000000000000e+00,0.000000000000000000e+00,0.000000000000000000e+00,5.066924872648150835e-01,0.000000000000000000e+00,4.877502258417941161e-01,0.000000000000000000e+00,0.000000000000000000e+00,0.000000000000000000e+00,0.000000000000000000e+00,5.839352411121893072e-01,0.000000000000000000e+00,5.058485567739949840e-01,5.780491462491532673e-01,0.000000000000000000e+00,0.000000000000000000e+00,0.000000000000000000e+00,4.903534226639840732e-01,4.902414454018862999e-01,4.996428987450218795e-01,5.181246041814643322e-01,0.000000000000000000e+00,1.902737318307902992e-01,4.982842499531254798e-01,5.001569512284063102e-01,5.168575363028931058e-01,4.991243083076171150e-01,1.118076663368391954e-01,5.053173055025413918e-01
4.537289987351528775e-01,4.554925207749139782e-01,0.000000000000000000e+00,0.000000000000000000e+00,0.000000000000000000e+00,1.008206012347223068e-01,0.000000000000000000e+00,4.489455286944539214e-01,0.000000000000000000e+00,0.000000000000000000e+00,0.000000000000000000e+00,5.320742648537496455e-01,0.000000000000000000e+00,0.000000000000000000e+00,3.970902526707156821e-01,4.445689182592276190e-01,0.000000000000000000e+00,4.781141150624519942e-01,0.000000000000000000e+00,4.386562352345432791e-01,0.000000000000000000e+00,4.583288565475930887e-01,4.122692967676612197e-01,5.357853316846604708e-01,4.791718931827523842e-01,4.070445061663831021e-01,4.656161933479114889e-01,4.781728731955560141e-01,4.513472487453794035e-01,0.000000000000000000e+00,4.048106592192161068e-01,4.593941502299733748e-01,3.919447386107002274e-01,4.184530897527253268e-01,5.191528007464548677e-01,0.000000000000000000e+00,0.000000000000000000e+00,0.000000000000000000e+00,4.892614513055966174e-01,4.596369106869803156e-01,4.801117603744380902e-01,5.250981630619518947e-01,0.000000000000000000e+00,0.000000000000000000e+00,0.000000000000000000e+00,4.031287949546303873e-01,5.090702095360503110e-01,0.000000000000000000e+00,0.000000000000000000e+00,0.000000000000000000e+00,4.465801519648672779e-01,0.000000000000000000e+00,4.415511983055330214e-01,0.000000000000000000e+00,0.000000000000000000e+00,0.000000000000000000e+00,0.000000000000000000e+00,5.579153249396793246e-01,0.000000000000000000e+00,4.907029660664735116e-01,4.869596048725097215e-01,0.000000000000000000e+00,0.000000000000000000e+00,0.000000000000000000e+00,4.919563603466459156e-01,4.183370089979446260e-01,4.936160692236571945e-01,4.948074998887109222e-01,0.000000000000000000e+00,1.266680572697488905e-01,5.132883178645639699e-01,4.911568808383092732e-01,5.113481205365864035e-01,4.949109588885177158e-01,0.000000000000000000e+00,4.706019696477554137e-01
