0.000000000000000000e+00,3.756971421208781248e-01,0.000000000000000000e+00,0.000000000000000000e+00,0.000000000000000000e+00,1.279640476161693075e-01,0.000000000000000000e+00,5.294482397522649597e-01,0.000000000000000000e+00,3.690560895126743790e-01,0.000000000000000000e+00,4.435127155117961073e-01,5.031816988155368708e-01,0.000000000000000000e+00,3.913257711360090818e-01,3.934465572064216876e-01,3.762229362217833217e-01,3.758365847269198867e-01,0.000000000000000000e+00,4.540550163741942091e-01,4.230851822842801035e-01,4.032896440987623898e-01,4.900204145251387255e-01,4.300482160000971832e-01,3.602779459281966745e-01,3.894935529049943779e-01,4.773174751865226773e-01,4.702800214411724244e-01,4.739053629901480158e-01,0.000000000000000000e+00,3.947319346253008177e-01,4.153959399100519145e-01,3.177708798424542791e-01,3.779461166692312801e-01,4.189743443598871742e-01,0.000000000000000000e+00,0.000000000000000000e+00,0.000000000000000000e+00,4.294216451399047174e-01,4.035685356392798018e-01,4.294141679425124147e-01,0.000000000000000000e+00,0.000000000000000000e+00,0.000000000000000000e+00,0.000000000000000000e+00,3.746142512417209858e-01,4.516431034161738078e-01,0.000000000000000000e+00,0.000000000000000000e+00,0.000000000000000000e+00,0.000000000000000000e+00,0.000000000000000000e+00,0.000000000000000000e+00,0.000000000000000000e+00,0.000000000000000000e+00,0.000000000000000000e+00,0.000000000000000000e+00,0.000000000000000000e+00,0.000000000000000000e+00,0.000000000000000000e+00,4.220446483857525077e-01,0.000000000000000000e+00,4.369101523562676781e-01,0.000000000000000000e+00,0.000000000000000000e+00,3.900103118737809904e-01,4.140951944349696157e-01,0.000000000000000000e+00,3.867595614129348824e-01,4.142592302958886807e-01,4.423361567962765806e-01,0.000000000000000000e+00,0.000000000000000000e+00,0.000000000000000000e+00,0.000000000000000000e+00,4.253325146305625970e-01
3.756971421208781248e-01,0.000000000000000000e+00,0.000000000000000000e+00,0.000000000000000000e+00,0.000000000000000000e+00,3.995382821276721730e-01,4.295562677369456073e-01,4.620400642786712808e-01,1.089941947224485064e-01,0.000000000000000000e+00,0.000000000000000000e+00,0.000000000000000000e+00,4.255168098822912914e-01,0.000000000000000000e+00,4.266116514454429964e-01,4.120724526243332853e-01,0.000000000000000000e+00,4.036419552705958202e-01,0.000000000000000000e+00,4.213519125422600098e-01,3.765942640070835123e-01,3.879010816626705105e-01,4.426828976544500138e-01,0.000000000000000000e+00,3.768599803614808841e-01,4.058249774355601192e-01,4.173100061578122744e-01,4.253522009782542135e-01,4.103992422947270180e-01,0.000000000000000000e+00,3.829226634790303119e-01,4.006725995636090110e-01,3.356908602426538213e-01,3.735764628404439902e-01,4.184222207745089128e-01,0.000000000000000000e+00,0.000000000000000000e+00,0.000000000000000000e+00,4.411901396284004240e-01,4.230485068274594807e-01,4.289751619226185864e-01,4.488980782349503151e-01,0.000000000000000000e+00,0.000000000000000000e+00,0.000000000000000000e+00,4.228537505130071095e-01,4.406634903391171143e-01,0.000000000000000000e+00,0.000000000000000000e+00,0.000000000000000000e+00,4.348602719431696739e-01,0.000000000000000000e+00,0.000000000000000000e+00,0.000000000000000000e+00,0.000000000000000000e+00,0.000000000000000000e+00,0.000000000000000000e+00,0.000000000000000000e+00,0.000000000000000000e+00,4.715299279900513896e-01,4.332373550597676259e-01,0.000000000000000000e+00,4.319082683333277939e-01,0.000000000000000000e+00,4.366460110695913888e-01,4.388783175024973948e-01,4.428272315547752136e-01,4.812777744168895144e-01,0.000000000000000000e+00,4.188570959691716999e-01,4.631706458960171968e-01,4.560203075941788864e-01,0.000000000000000000e+00,4.402603378546386947e-01,0.000000000000000000e+00,4.148523753526391911e-01
0.000000000000000000e+00,0.000000000000000000e+00,0.000000000000000000e+00,4.627213929094243783e-01,4.118870233608443177e-01,3.708620024599901255e-01,4.443414933411380940e-01,4.631485167964818905e-01,3.052616063615400943e-01,4.702160832358793230e-01,3.090519758291476182e-01,1.446661517501139915e-01,4.589793807580970775e-01,4.475632316003723132e-01,0.000000000000000000e+00,0.000000000000000000e+00,0.000000000000000000e+00,0.000000000000000000e+00,2.562110422721091130e-01,0.000000000000000000e+00,0.000000000000000000e+00,0.000000000000000000e+00,3.179061983691128801e-01,0.000000000000000000e+00,0.000000000000000000e+00,0.000000000000000000e+00,3.394463500210007090e-01,4.699046971321458877e-01,0.000000000000000000e+00,0.000000000000000000e+00,4.818293681611640067e-01,4.527439767028711981e-01,0.000000000000000000e+00,4.739673550429405746e-01,4.873888450348162205e-01,4.158284341676912743e-01,4.571456336488681771e-01,0.000000000000000000e+00,5.049556543374154050e-01,0.000000000000000000e+00,6.285660424363834764e-01,0.000000000000000000e+00,4.644591163461004868e-01,0.000000000000000000e+00,0.000000000000000000e+00,0.000000000000000000e+00,0.000000000000000000e+00,5.097900876009811011e-01,0.000000000000000000e+00,5.236010649855030730e-01,5.090390283584422804e-01,5.480891056771585168e-01,5.194795704024073313e-01,5.354775650276228927e-01,0.000000000000000000e+00,4.832192232865153980e-01,0.000000000000000000e+00,5.527168765834367115e-01,4.717052069180470153e-01,0.000000000000000000e+00,0.000000000000000000e+00,0.000000000000000000e+00,0.000000000000000000e+00,4.763255045577752256e-01,0.000000000000000000e+00,0.000000000000000000e+00,0.000000000000000000e+00,5.271738521922809673e-01,0.000000000000000000e+00,0.000000000000000000e+00,0.000000000000000000e+00,5.306986461546465694e-01,5.749529388830169063e-01,0.000000000000000000e+00,0.000000000000000000e+00,0.000000000000000000e+00
0.000000000000000000e+00,0.000000000000000000e+00,4.627213929094243783e-01,0.000000000000000000e+00,2.509668466017568877e-01,4.210491508841426866e-01,2.944842039888324048e-01,3.479949916001188748e-01,4.194802993523134016e-01,0.000000000000000000e+00,3.798615815459165934e-01,0.000000000000000000e+00,3.325391984448551885e-01,2.780186672194960851e-01,0.000000000000000000e+00,0.000000000000000000e+00,0.000000000000000000e+00,0.000000000000000000e+00,4.303011963497013204e-01,0.000000000000000000e+00,0.000000000000000000e+00,0.000000000000000000e+00,4.120509691206986069e-01,0.000000000000000000e+00,0.000000000000000000e+00,0.000000000000000000e+00,4.257996528891609955e-01,2.598588000993882208e-01,0.000000000000000000e+00,0.000000000000000000e+00,3.155501666506925762e-01,3.129345016485441944e-01,0.000000000000000000e+00,2.517006288778770862e-01,2.799439821078317236e-01,1.925661325507818100e-01,1.760058790635118109e-01,0.000000000000000000e+00,0.000000000000000000e+00,0.000000000000000000e+00,0.000000000000000000e+00,0.000000000000000000e+00,0.000000000000000000e+00,0.000000000000000000e+00,0.000000000000000000e+00,0.000000000000000000e+00,0.000000000000000000e+00,0.000000000000000000e+00,0.000000000000000000e+00,0.000000000000000000e+00,0.000000000000000000e+00,0.000000000000000000e+00,0.000000000000000000e+00,0.000000000000000000e+00,0.000000000000000000e+00,0.000000000000000000e+00,0.000000000000000000e+00,0.000000000000000000e+00,0.000000000000000000e+00,0.000000000000000000e+00,0.000000000000000000e+00,0.000000000000000000e+00,0.000000000000000000e+00,0.000000000000000000e+00,0.000000000000000000e+00,0.000000000000000000e+00,0.000000000000000000e+00,0.000000000000000000e+00,0.000000000000000000e+00,0.000000000000000000e+00,0.000000000000000000e+00,0.000000000000000000e+00,0.000000000000000000e+00,0.000000000000000000e+00,0.000000000000000000e+00,0.000000000000000000e+00
0.000000000000000000e+00,0.000000000000000000e+00,4.118870233608443177e-01,2.509668466017568877e-01,0.000000000000000000e+00,4.193381795239298215e-01,3.672331633100655024e-01,3.931785054037126859e-01,3.840746751894518196e-01,4.442932103437262081e-01,3.466471230483689769e-01,4.238202745784167003e-01,4.150145212079812129e-01,3.034006912812864942e-01,0.000000000000000000e+00,0.000000000000000000e+00,0.000000000000000000e+00,0.000000000000000000e+00,3.935831761897701786e-01,0.000000000000000000e+00,0.000000000000000000e+00,4.616631350157082148e-01,4.153472704744565758e-01,0.000000000000000000e+00,4.707122060348951087e-01,4.867416275476664222e-01,4.311257072514231847e-01,3.888527321551025207e-01,4.377498728659132143e-01,0.000000000000000000e+00,4.679963923257886016e-01,3.823983519192942770e-01,0.000000000000000000e+00,4.617352814814171813e-01,4.117940457834505796e-01,2.325465355462746908e-01,2.243499165592044986e-01,0.000000000000000000e+00,1.449016219380533932e-01,0.000000000000000000e+00,0.000000000000000000e+00,0.000000000000000000e+00,3.874741228112061897e-01,0.000000000000000000e+00,0.000000000000000000e+00,0.000000000000000000e+00,0.000000000000000000e+00,5.085395868926028129e-01,0.000000000000000000e+00,5.401764241152453572e-01,5.155536207606499222e-01,0.000000000000000000e+00,4.803666861707717173e-01,5.417085748503334131e-01,0.000000000000000000e+00,4.707562199563294913e-01,0.000000000000000000e+00,0.000000000000000000e+00,0.000000000000000000e+00,0.000000000000000000e+00,0.000000000000000000e+00,0.000000000000000000e+00,0.000000000000000000e+00,4.977689795501168968e-01,0.000000000000000000e+00,0.000000000000000000e+00,0.000000000000000000e+00,5.039960606468995019e-01,0.000000000000000000e+00,0.000000000000000000e+00,0.000000000000000000e+00,5.116319712709449519e-01,0.000000000000000000e+00,0.000000000000000000e+00,0.000000000000000000e+00,0.000000000000000000e+00
1.279640476161693075e-01,3.995382821276721730e-01,3.708620024599901255e-01,4.210491508841426866e-01,4.193381795239298215e-01,0.000000000000000000e+00,4.319156610064270874e-01,4.275709762782107237e-01,3.503508929741629974e-01,4.502438531032202929e-01,4.068445005770197076e-01,1.587953379915570951e-01,4.049819316470790742e-01,4.486360033216970078e-01,4.294100704548658998e-01,4.434116486778850175e-01,1.577053824631629020e-01,4.303642894981384859e-01,4.026530104586458769e-01,4.268772069491150734e-01,4.243598599240505087e-01,4.467707884255897044e-01,4.287017092727616885e-01,0.000000000000000000e+00,3.899346396224306899e-01,4.091984583247875173e-01,3.925196927490792187e-01,3.952962128691386856e-01,3.584729668203768260e-01,4.350162702738725740e-01,4.335047545420974147e-01,4.409217522644863219e-01,4.043412843606160045e-01,4.472475611913792060e-01,4.596480827008510017e-01,4.475311320042303920e-01,4.326151304690450949e-01,1.323406039125313016e-01,4.611489564287304943e-01,0.000000000000000000e+00,4.930690476691553248e-01,1.337139184359505129e-01,4.520018056572527865e-01,0.000000000000000000e+00,0.000000000000000000e+00,0.000000000000000000e+00,5.178303693963078880e-01,5.079695255426285305e-01,0.000000000000000000e+00,5.338765169822392576e-01,4.852253300265497726e-01,5.089721125608868135e-01,4.644246776944395139e-01,5.175535410317809726e-01,0.000000000000000000e+00,5.037564988623820517e-01,0.000000000000000000e+00,4.960505083433738860e-01,0.000000000000000000e+00,1.403968170182710029e-01,0.000000000000000000e+00,0.000000000000000000e+00,0.000000000000000000e+00,4.982487183461056790e-01,1.233254195764424965e-01,5.040872752615835894e-01,4.858615142493573069e-01,5.070222686633184539e-01,0.000000000000000000e+00,0.000000000000000000e+00,1.638433464803079054e-01,4.995599748828262188e-01,4.943549963854004803e-01,4.820126902017696779e-01,1.011516926898475971e-01,4.970749902047513213e-01
0.000000000000000000e+00,4.295562677369456073e-01,4.443414933411380940e-01,2.944842039888324048e-01,3.672331633100655024e-01,4.319156610064270874e-01,0.000000000000000000e+00,4.271731852712221111e-01,4.243071148102273149e-01,4.099182096090263072e-01,4.339342193446317220e-01,3.691036739308267145e-01,3.778631560934014866e-01,3.467510621812516791e-01,0.000000000000000000e+00,4.692838841539235251e-01,4.601720043609235922e-01,4.489563326578682734e-01,4.522760966360062085e-01,4.652479946089729257e-01,0.000000000000000000e+00,4.868718273673979247e-01,4.439795964544989149e-01,3.845233653526359818e-01,4.261277857393566126e-01,4.362027915973923919e-01,4.459097997718319828e-01,3.897243709518901089e-01,4.524829610385738832e-01,0.000000000000000000e+00,4.393179682016232213e-01,3.955123525571079268e-01,0.000000000000000000e+00,4.101960950248451088e-01,3.427789411943740761e-01,3.165611307057631940e-01,2.959895279640185062e-01,3.379097249147594018e-01,1.841832463700056044e-01,0.000000000000000000e+00,1.637731516271186127e-01,0.000000000000000000e+00,4.776124437369592135e-01,0.000000000000000000e+00,0.000000000000000000e+00,0.000000000000000000e+00,0.000000000000000000e+00,5.626984620191759490e-01,0.000000000000000000e+00,0.000000000000000000e+00,5.124507775306277324e-01,0.000000000000000000e+00,5.321445084040633544e-01,6.027613649261758244e-01,0.000000000000000000e+00,6.083793329486882895e-01,0.000000000000000000e+00,0.000000000000000000e+00,0.000000000000000000e+00,0.000000000000000000e+00,0.000000000000000000e+00,0.000000000000000000e+00,0.000000000000000000e+00,6.658775929284236339e-01,0.000000000000000000e+00,0.000000000000000000e+00,0.000000000000000000e+00,4.991978727495097190e-01,0.000000000000000000e+00,0.000000000000000000e+00,0.000000000000000000e+00,5.058927741374342757e-01,0.000000000000000000e+00,0.000000000000000000e+00,0.000000000000000000e+00,0.000000000000000000e+00
5.294482397522649597e-01,4.620400642786712808e-01,4.631485167964818905e-01,3.479949916001188748e-01,3.931785054037126859e-01,4.275709762782107237e-01,4.271731852712221111e-01,0.000000000000000000e+00,4.760399207364027774e-01,0.000000000000000000e+00,3.422551315357342805e-01,0.000000000000000000e+00,4.452274708119168256e-01,3.937320549316116192e-01,3.705757045166769847e-01,4.770645910378671917e-01,0.000000000000000000e+00,4.706056002844504205e-01,4.347848520024275021e-01,4.665791406064481728e-01,4.419698423548349964e-01,4.720545349879416985e-01,3.949285112513397089e-01,5.476764900263162428e-01,4.567251344729291174e-01,4.874402104222305132e-01,4.606975401884699228e-01,4.671799295766536075e-01,4.195958843908584868e-01,4.823642561456595867e-01,4.687258000739569219e-01,4.419052302205954130e-01,4.570911028898632100e-01,4.795251185668423233e-01,4.765405097859081174e-01,2.294376136835430957e-01,3.630870106056662827e-01,0.000000000000000000e+00,4.494304563938352204e-01,0.000000000000000000e+00,4.968085664922016198e-01,0.000000000000000000e+00,4.380652271229706907e-01,0.000000000000000000e+00,0.000000000000000000e+00,0.000000000000000000e+00,0.000000000000000000e+00,4.848470397509901941e-01,0.000000000000000000e+00,4.951262733234099156e-01,4.722323374024435250e-01,5.104639723558365150e-01,3.447909281354141764e-01,5.154808519488143226e-01,0.000000000000000000e+00,4.539773090070556849e-01,0.000000000000000000e+00,4.666378364345877827e-01,4.173760810836603108e-01,0.000000000000000000e+00,0.000000000000000000e+00,0.000000000000000000e+00,0.000000000000000000e+00,4.696804372803271010e-01,5.167839015513809864e-01,4.194433351065572912e-01,0.000000000000000000e+00,4.851487719380214170e-01,0.000000000000000000e+00,0.000000000000000000e+00,0.000000000000000000e+00,4.995300957821944277e-01,4.890545775128927741e-01,4.793067961056726167e-01,0.000000000000000000e+00,4.999266850302863108e-01
0.000000000000000000e+00,1.089941947224485064e-01,3.052616063615400943e-01,4.194802993523134016e-01,3.840746751894518196e-01,3.503508929741629974e-01,4.243071148102273149e-01,4.760399207364027774e-01,0.000000000000000000e+00,4.534758389318073735e-01,3.184283679113021903e-01,4.463449234245505104e-01,4.246804281217922972e-01,4.297209972795659749e-01,0.000000000000000000e+00,4.769596657657260153e-01,0.000000000000000000e+00,1.723180217420489102e-01,2.709961235715124817e-01,4.161937694187791137e-01,0.000000000000000000e+00,4.549363696675816082e-01,4.199869106526782914e-01,5.087881029405594280e-01,4.771979763175134837e-01,1.487972333815535952e-01,3.809024668696234794e-01,4.603913118524520787e-01,4.175979139942054275e-01,0.000000000000000000e+00,4.741338464484622928e-01,4.484505588027162815e-01,0.000000000000000000e+00,4.682109238342452850e-01,4.599923700474056742e-01,4.178198542212618882e-01,4.390845975146789870e-01,1.358621571928100014e-01,4.906832828049350059e-01,0.000000000000000000e+00,1.944270713845958065e-01,0.000000000000000000e+00,4.545195600979414219e-01,0.000000000000000000e+00,0.000000000000000000e+00,0.000000000000000000e+00,0.000000000000000000e+00,5.278449895585155538e-01,0.000000000000000000e+00,5.560514132385604436e-01,4.885679899685549943e-01,5.615738977137708643e-01,5.068706273588311495e-01,5.459115671679392046e-01,0.000000000000000000e+00,5.026982879814262395e-01,0.000000000000000000e+00,1.922170983634403085e-01,4.606849061343428753e-01,0.000000000000000000e+00,0.000000000000000000e+00,0.000000000000000000e+00,0.000000000000000000e+00,5.104078618396563627e-01,0.000000000000000000e+00,0.000000000000000000e+00,0.000000000000000000e+00,5.257940382907966281e-01,0.000000000000000000e+00,0.000000000000000000e+00,0.000000000000000000e+00,5.194865629758185221e-01,2.033127150883851098e-01,0.000000000000000000e+00,0.000000000000000000e+00,0.000000000000000000e+00
3.690560895126743790e-01,0.000000000000000000e+00,4.702160832358793230e-01,0.000000000000000000e+00,4.442932103437262081e-01,4.502438531032202929e-01,4.099182096090263072e-01,0.000000000000000000e+00,4.534758389318073735e-01,0.000000000000000000e+00,4.452537831570482219e-01,2.838552373832263775e-01,4.180412870508873890e-01,0.000000000000000000e+00,0.000000000000000000e+00,1.043442276996341955e-01,3.409270237512547763e-01,3.669074362443728865e-01,4.567056274581244857e-01,1.064357389920402991e-01,0.000000000000000000e+00,1.131478320326588932e-01,4.576038997320766022e-01,3.083886073734127820e-01,3.526411266875569828e-01,3.619800141341387167e-01,4.544347219724140796e-01,3.782313001840836852e-01,1.329312264403890997e-01,0.000000000000000000e+00,3.499130111616983174e-01,3.156569369258208080e-01,3.080354640657068099e-01,2.969584142764639112e-01,2.987017701902053846e-01,3.694467174008324029e-01,3.145216491489015165e-01,2.576899568880081093e-01,3.221203718145430051e-01,3.824091748039122884e-01,3.454866321274596141e-01,3.898651882616551156e-01,0.000000000000000000e+00,0.000000000000000000e+00,3.190265363400578980e-01,4.395041657256270051e-01,0.000000000000000000e+00,0.000000000000000000e+00,0.000000000000000000e+00,0.000000000000000000e+00,0.000000000000000000e+00,0.000000000000000000e+00,0.000000000000000000e+00,0.000000000000000000e+00,4.651467161759146873e-01,0.000000000000000000e+00,4.598450735059274042e-01,4.412938955970340249e-01,0.000000000000000000e+00,0.000000000000000000e+00,0.000000000000000000e+00,4.581072534898598114e-01,4.409575196200660741e-01,0.000000000000000000e+00,0.000000000000000000e+00,0.000000000000000000e+00,0.000000000000000000e+00,0.000000000000000000e+00,4.422548022017567804e-01,4.535208582958857870e-01,4.721095160847602057e-01,0.000000000000000000e+00,3.871273666625447141e-01,0.000000000000000000e+00,0.000000000000000000e+00,3.938216516950536206e-01
0.000000000000000000e+00,0.000000000000000000e+00,3.090519758291476182e-01,3.798615815459165934e-01,3.466471230483689769e-01,4.068445005770197076e-01,4.339342193446317220e-01,3.422551315357342805e-01,3.184283679113021903e-01,4.452537831570482219e-01,0.000000000000000000e+00,1.231636627429836955e-01,4.404026406463915078e-01,3.374214747001412218e-01,0.000000000000000000e+00,0.000000000000000000e+00,5.596713681103379079e-01,0.000000000000000000e+00,2.832837646924729058e-01,0.000000000000000000e+00,0.000000000000000000e+00,0.000000000000000000e+00,2.702313627762131243e-01,0.000000000000000000e+00,0.000000000000000000e+00,1.680492079956459883e-01,3.850719917639012224e-01,4.351819951398935848e-01,0.000000000000000000e+00,0.000000000000000000e+00,4.462809092966658064e-01,4.036525355558088224e-01,0.000000000000000000e+00,4.494545425345876088e-01,4.149560270123989758e-01,3.065827492312683811e-01,4.021422561016517183e-01,1.142382805828319053e-01,4.271113075459537223e-01,0.000000000000000000e+00,0.000000000000000000e+00,0.000000000000000000e+00,3.962513260167148110e-01,0.000000000000000000e+00,0.000000000000000000e+00,0.000000000000000000e+00,0.000000000000000000e+00,4.092444351108647238e-01,0.000000000000000000e+00,4.176234198924255181e-01,4.843639442302921094e-01,4.800794346424510084e-01,4.273998550801231811e-01,4.842007506730637845e-01,0.000000000000000000e+00,2.676160618132992219e-01,0.000000000000000000e+00,4.885033258306322179e-01,3.930565904809085742e-01,0.000000000000000000e+00,0.000000000000000000e+00,0.000000000000000000e+00,0.000000000000000000e+00,3.140486537385250854e-01,0.000000000000000000e+00,0.000000000000000000e+00,0.000000000000000000e+00,4.870488879082620071e-01,0.000000000000000000e+00,0.000000000000000000e+00,0.000000000000000000e+00,4.904299342824062768e-01,5.068511075944166500e-01,0.000000000000000000e+00,0.000000000000000000e+00,0.000000000000000000e+00
4.435127155117961073e-01,0.000000000000000000e+00,1.446661517501139915e-01,0.000000000000000000e+00,4.238202745784167003e-01,1.587953379915570951e-01,3.691036739308267145e-01,0.000000000000000000e+00,4.463449234245505104e-01,2.838552373832263775e-01,1.231636627429836955e-01,0.000000000000000000e+00,3.850843973692540945e-01,0.000000000000000000e+00,0.000000000000000000e+00,0.000000000000000000e+00,3.472335280068479246e-01,3.910722151566229932e-01,1.541655912504223125e-01,0.000000000000000000e+00,0.000000000000000000e+00,0.000000000000000000e+00,1.457153629566030062e-01,2.893927467642125051e-01,3.680626688198274099e-01,3.490505656588686056e-01,1.478126499661331916e-01,3.130173871710448807e-01,0.000000000000000000e+00,0.000000000000000000e+00,3.380564130151750835e-01,2.503106080678960121e-01,2.604528030517753168e-01,2.150381314196558036e-01,2.406738546656123079e-01,2.545996621453496811e-01,2.762502021439542932e-01,2.001770295613284900e-01,3.200174064547405273e-01,4.072248811868571239e-01,3.927929251296803925e-01,3.014120200816687856e-01,0.000000000000000000e+00,0.000000000000000000e+00,4.670376628013802045e-01,0.000000000000000000e+00,0.000000000000000000e+00,0.000000000000000000e+00,0.000000000000000000e+00,0.000000000000000000e+00,0.000000000000000000e+00,0.000000000000000000e+00,0.000000000000000000e+00,0.000000000000000000e+00,4.872870506315452044e-01,0.000000000000000000e+00,4.727012871533027849e-01,4.532996099821597902e-01,0.000000000000000000e+00,0.000000000000000000e+00,0.000000000000000000e+00,4.720070315492538859e-01,4.521004775527773245e-01,0.000000000000000000e+00,0.000000000000000000e+00,0.000000000000000000e+00,0.000000000000000000e+00,0.000000000000000000e+00,4.694632130844562101e-01,4.699912473382191758e-01,4.826448231879413853e-01,0.000000000000000000e+00,4.409553715116716899e-01,0.000000000000000000e+00,0.000000000000000000e+00,4.327425322751589087e-01
5.031816988155368708e-01,4.255168098822912914e-01,4.589793807580970775e-01,3.325391984448551885e-01,4.150145212079812129e-01,4.049819316470790742e-01,3.778631560934014866e-01,4.452274708119168256e-01,4.246804281217922972e-01,4.180412870508873890e-01,4.404026406463915078e-01,3.850843973692540945e-01,0.000000000000000000e+00,3.995365120995986730e-01,4.139568421007011056e-01,4.670830750196471870e-01,4.471293099223128120e-01,4.513294914709509165e-01,4.587992078981287247e-01,4.509339745300600111e-01,4.477314517366697277e-01,4.756744827125313213e-01,4.577754691903632156e-01,4.139388326628343218e-01,4.330406149876460109e-01,4.483405980836910887e-01,4.492835017993436209e-01,3.728935441109156868e-01,4.127802475527457826e-01,4.343130913962868767e-01,4.098002090320668200e-01,4.092302772121301779e-01,4.508157610307467200e-01,4.193437443550721011e-01,3.786867510389381186e-01,3.639441707295262840e-01,3.469348206914583121e-01,3.597460629923193154e-01,4.336844530567640077e-01,0.000000000000000000e+00,1.616459001673085927e-01,1.298068953631462130e-01,1.302533182002741097e-01,0.000000000000000000e+00,0.000000000000000000e+00,0.000000000000000000e+00,0.000000000000000000e+00,5.652202632259134552e-01,0.000000000000000000e+00,0.000000000000000000e+00,5.035162811328134369e-01,2.127971987323727110e-01,4.784083496907761135e-01,0.000000000000000000e+00,0.000000000000000000e+00,1.451333181512788895e-01,0.000000000000000000e+00,0.000000000000000000e+00,0.000000000000000000e+00,1.660466628282462886e-01,0.000000000000000000e+00,0.000000000000000000e+00,0.000000000000000000e+00,0.000000000000000000e+00,5.364232779268826024e-01,0.000000000000000000e+00,2.033799240140601039e-01,5.081447912551372292e-01,0.000000000000000000e+00,6.225640656130059236e-01,5.680455271957612906e-01,5.028629583974605355e-01,0.000000000000000000e+00,1.527447692022222137e-01,0.000000000000000000e+00,0.000000000000000000e+00
0.000000000000000000e+00,0.000000000000000000e+00,4.475632316003723132e-01,2.780186672194960851e-01,3.034006912812864942e-01,4.486360033216970078e-01,3.467510621812516791e-01,3.937320549316116192e-01,4.297209972795659749e-01,0.000000000000000000e+00,3.374214747001412218e-01,0.000000000000000000e+00,3.995365120995986730e-01,0.000000000000000000e+00,0.000000000000000000e+00,0.000000000000000000e+00,0.000000000000000000e+00,0.000000000000000000e+00,3.997344522024077196e-01,0.000000000000000000e+00,4.801728452298201777e-01,0.000000000000000000e+00,4.300688991758593871e-01,0.000000000000000000e+00,0.000000000000000000e+00,0.000000000000000000e+00,4.550973637310424813e-01,2.940965165501274181e-01,0.000000000000000000e+00,0.000000000000000000e+00,4.023414468277072276e-01,2.203974389010590063e-01,0.000000000000000000e+00,4.126790676080587250e-01,0.000000000000000000e+00,2.191796058989521900e-01,1.876130771847832890e-01,0.000000000000000000e+00,0.000000000000000000e+00,0.000000000000000000e+00,0.000000000000000000e+00,0.000000000000000000e+00,3.672788868190132172e-01,0.000000000000000000e+00,0.000000000000000000e+00,0.000000000000000000e+00,0.000000000000000000e+00,5.017807884874888602e-01,0.000000000000000000e+00,0.000000000000000000e+00,0.000000000000000000e+00,0.000000000000000000e+00,0.000000000000000000e+00,0.000000000000000000e+00,0.000000000000000000e+00,4.222596781850049275e-01,0.000000000000000000e+00,0.000000000000000000e+00,0.000000000000000000e+00,0.000000000000000000e+00,0.000000000000000000e+00,0.000000000000000000e+00,0.000000000000000000e+00,0.000000000000000000e+00,0.000000000000000000e+00,0.000000000000000000e+00,0.000000000000000000e+00,4.517028846217521765e-01,0.000000000000000000e+00,0.000000000000000000e+00,0.000000000000000000e+00,0.000000000000000000e+00,0.000000000000000000e+00,0.000000000000000000e+00,0.000000000000000000e+00,0.000000000000000000e+00
3.913257711360090818e-01,4.266116514454429964e-01,0.000000000000000000e+00,0.000000000000000000e+00,0.000000000000000000e+00,4.294100704548658998e-01,0.000000000000000000e+00,3.705757045166769847e-01,0.000000000000000000e+00,0.000000000000000000e+00,0.000000000000000000e+00,0.000000000000000000e+00,4.139568421007011056e-01,0.000000000000000000e+00,0.000000000000000000e+00,4.287093923159424058e-01,0.000000000000000000e+00,3.918241989862089047e-01,0.000000000000000000e+00,3.798875039418331823e-01,4.004470217789012909e-01,4.182418250470371079e-01,4.066200030767606055e-01,5.229502885412595781e-01,3.862940570269070006e-01,3.831908456855315781e-01,4.419898680721051076e-01,4.127494461646191160e-01,4.026991642583456210e-01,0.000000000000000000e+00,4.198597021362108217e-01,4.453952692111831091e-01,4.026781602094998136e-01,4.410700673695269192e-01,4.869719214290412768e-01,4.808223121426283830e-01,0.000000000000000000e+00,0.000000000000000000e+00,4.737056205424319266e-01,4.572373564660084932e-01,4.835705093846006108e-01,5.237859211606348264e-01,0.000000000000000000e+00,0.000000000000000000e+00,0.000000000000000000e+00,0.000000000000000000e+00,4.966284013838129785e-01,0.000000000000000000e+00,0.000000000000000000e+00,0.000000000000000000e+00,4.622964577205672110e-01,0.000000000000000000e+00,4.415575586445262268e-01,0.000000000000000000e+00,0.000000000000000000e+00,0.000000000000000000e+00,0.000000000000000000e+00,1.182723303665556003e-01,0.000000000000000000e+00,4.907795171326436168e-01,1.452970067518689068e-01,0.000000000000000000e+00,0.000000000000000000e+00,0.000000000000000000e+00,4.754778759669439081e-01,4.513222944407597192e-01,5.043127828652337330e-01,4.776969939107643115e-01,0.000000000000000000e+00,5.265497250159898446e-01,5.104929538672098310e-01,4.913820859086300841e-01,5.083735285693082862e-01,4.550539738971097203e-01,0.000000000000000000e+00,4.869320404397448065e-01
3.934465572064216876e-01,4.120724526243332853e-01,0.000000000000000000e+00,0.000000000000000000e+00,0.000000000000000000e+00,4.434116486778850175e-01,4.692838841539235251e-01,4.770645910378671917e-01,4.769596657657260153e-01,1.043442276996341955e-01,0.000000000000000000e+00,0.000000000000000000e+00,4.670830750196471870e-01,0.000000000000000000e+00,4.287093923159424058e-01,0.000000000000000000e+00,3.861571752604047725e-01,3.336176721912211818e-01,0.000000000000000000e+00,4.331214268926972255e-01,4.077193997861455754e-01,4.220855036189273823e-01,4.495173894950296734e-01,3.985863713410868758e-01,3.869728430168187239e-01,4.242937420236206902e-01,4.480940199124192058e-01,4.496521221810390045e-01,4.495643308165103158e-01,4.519146119961833241e-01,4.031501949854218170e-01,4.449695695855275246e-01,4.026233938715991778e-01,4.231491664184273138e-01,4.802442230364156184e-01,0.000000000000000000e+00,0.000000000000000000e+00,0.000000000000000000e+00,4.405467120741400899e-01,4.184219278348739190e-01,4.440674576764961912e-01,0.000000000000000000e+00,0.000000000000000000e+00,0.000000000000000000e+00,0.000000000000000000e+00,4.306338854509214054e-01,4.648500462212786233e-01,0.000000000000000000e+00,0.000000000000000000e+00,0.000000000000000000e+00,0.000000000000000000e+00,0.000000000000000000e+00,0.000000000000000000e+00,0.000000000000000000e+00,0.000000000000000000e+00,0.000000000000000000e+00,0.000000000000000000e+00,0.000000000000000000e+00,0.000000000000000000e+00,4.883335250714507803e-01,4.363637550643589824e-01,0.000000000000000000e+00,4.106675929684204807e-01,0.000000000000000000e+00,4.825187590127621995e-01,4.634327586124867837e-01,4.672423450093690089e-01,5.988043810913931120e-01,0.000000000000000000e+00,4.099901752734059768e-01,4.697963010335313161e-01,5.400184095940477880e-01,0.000000000000000000e+00,5.055157412537457651e-01,0.000000000000000000e+00,4.225745796444065894e-01
3.762229362217833217e-01,0.000000000000000000e+00,0.000000000000000000e+00,0.000000000000000000e+00,0.000000000000000000e+00,1.577053824631629020e-01,4.601720043609235922e-01,0.000000000000000000e+00,0.000000000000000000e+00,3.409270237512547763e-01,5.596713681103379079e-01,3.472335280068479246e-01,4.471293099223128120e-01,0.000000000000000000e+00,0.000000000000000000e+00,3.861571752604047725e-01,0.000000000000000000e+00,3.577602506166260854e-01,0.000000000000000000e+00,1.128976963617454032e-01,0.000000000000000000e+00,0.000000000000000000e+00,0.000000000000000000e+00,3.670376469226239169e-01,3.555475333150340256e-01,3.833646299439518734e-01,0.000000000000000000e+00,4.307663228358786234e-01,1.054474693937562935e-01,0.000000000000000000e+00,3.924680134465984849e-01,4.295751869899437914e-01,3.559300838781067067e-01,3.702734817476717732e-01,3.886554062314133140e-01,0.000000000000000000e+00,0.000000000000000000e+00,3.229170626271635758e-01,0.000000000000000000e+00,3.929844282628094931e-01,0.000000000000000000e+00,0.000000000000000000e+00,0.000000000000000000e+00,0.000000000000000000e+00,0.000000000000000000e+00,0.000000000000000000e+00,0.000000000000000000e+00,0.000000000000000000e+00,0.000000000000000000e+00,0.000000000000000000e+00,0.000000000000000000e+00,0.000000000000000000e+00,0.000000000000000000e+00,0.000000000000000000e+00,4.804920300739722872e-01,0.000000000000000000e+00,4.553575142835443179e-01,0.000000000000000000e+00,0.000000000000000000e+00,0.000000000000000000e+00,0.000000000000000000e+00,4.508422821593591201e-01,4.271755284309500245e-01,0.000000000000000000e+00,0.000000000000000000e+00,0.000000000000000000e+00,0.000000000000000000e+00,0.000000000000000000e+00,4.829678243308376806e-01,4.459733470916539821e-01,4.638907213730981138e-01,0.000000000000000000e+00,0.000000000000000000e+00,0.000000000000000000e+00,0.000000000000000000e+00,0.000000000000000000e+00
3.758365847269198867e-01,4.036419552705958202e-01,0.000000000000000000e+00,0.000000000000000000e+00,0.000000000000000000e+00,4.303642894981384859e-01,4.489563326578682734e-01,4.706056002844504205e-01,1.723180217420489102e-01,3.669074362443728865e-01,0.000000000000000000e+00,3.910722151566229932e-01,4.513294914709509165e-01,0.000000000000000000e+00,3.918241989862089047e-01,3.336176721912211818e-01,3.577602506166260854e-01,0.000000000000000000e+00,0.000000000000000000e+00,4.148554927430478934e-01,3.868289102647126110e-01,4.311306216477305830e-01,4.389276831628984854e-01,3.752160237575786206e-01,3.600242053628863736e-01,3.923868597383335932e-01,4.303199372857938743e-01,4.445031688766514222e-01,4.322204283711593154e-01,0.000000000000000000e+00,3.939957539791357766e-01,4.309727176190287778e-01,3.740193738424458791e-01,3.987645694095360849e-01,4.156186614362092913e-01,0.000000000000000000e+00,0.000000000000000000e+00,0.000000000000000000e+00,4.162883157251243138e-01,3.841213949171407016e-01,4.097279490434090898e-01,4.291932820841837803e-01,0.000000000000000000e+00,0.000000000000000000e+00,0.000000000000000000e+00,4.051745986125991905e-01,4.332660069726391172e-01,0.000000000000000000e+00,0.000000000000000000e+00,0.000000000000000000e+00,0.000000000000000000e+00,0.000000000000000000e+00,0.000000000000000000e+00,0.000000000000000000e+00,4.665227137264624235e-01,0.000000000000000000e+00,4.448140718456289888e-01,0.000000000000000000e+00,0.000000000000000000e+00,0.000000000000000000e+00,3.998204335875980009e-01,4.593493593446977274e-01,4.289476244174181829e-01,0.000000000000000000e+00,0.000000000000000000e+00,0.000000000000000000e+00,4.261167542497205085e-01,0.000000000000000000e+00,4.582045024070315886e-01,4.153107168937162919e-01,4.378600782818956039e-01,0.000000000000000000e+00,0.000000000000000000e+00,0.000000000000000000e+00,0.000000000000000000e+00,4.094827350381284869e-01
0.000000000000000000e+00,0.000000000000000000e+00,2.562110422721091130e-01,4.303011963497013204e-01,3.935831761897701786e-01,4.026530104586458769e-01,4.522760966360062085e-01,4.347848520024275021e-01,2.709961235715124817e-01,4.567056274581244857e-01,2.832837646924729058e-01,1.541655912504223125e-01,4.587992078981287247e-01,3.997344522024077196e-01,0.000000000000000000e+00,0.000000000000000000e+00,0.000000000000000000e+00,0.000000000000000000e+00,0.000000000000000000e+00,0.000000000000000000e+00,0.000000000000000000e+00,0.000000000000000000e+00,2.427667318706268063e-01,0.000000000000000000e+00,0.000000000000000000e+00,0.000000000000000000e+00,3.968265316533670095e-01,4.593075721105895903e-01,0.000000000000000000e+00,0.000000000000000000e+00,4.639281895784532761e-01,4.343886515941989268e-01,0.000000000000000000e+00,4.602421175447902191e-01,4.402405818417811090e-01,3.727912710908142802e-01,4.366359710146783812e-01,1.031902039238388052e-01,5.219004533193232209e-01,0.000000000000000000e+00,0.000000000000000000e+00,0.000000000000000000e+00,4.324300759673220806e-01,0.000000000000000000e+00,0.000000000000000000e+00,0.000000000000000000e+00,0.000000000000000000e+00,4.947756745290121105e-01,0.000000000000000000e+00,5.286889856010822397e-01,4.949706127102155850e-01,5.794901872405988641e-01,5.070512179452592028e-01,5.218643263809704669e-01,0.000000000000000000e+00,4.271325221672525041e-01,0.000000000000000000e+00,1.847620863620250131e-01,4.574034999463422735e-01,0.000000000000000000e+00,0.000000000000000000e+00,0.000000000000000000e+00,0.000000000000000000e+00,4.721401273480089755e-01,0.000000000000000000e+00,0.000000000000000000e+00,0.000000000000000000e+00,5.466087428271315662e-01,0.000000000000000000e+00,0.000000000000000000e+00,0.000000000000000000e+00,5.281276877151955818e-01,0.000000000000000000e+00,0.000000000000000000e+00,0.000000000000000000e+00,0.000000000000000000e+00
4.540550163741942091e-01,4.213519125422600098e-01,0.000000000000000000e+00,0.000000000000000000e+00,0.000000000000000000e+00,4.268772069491150734e-01,4.652479946089729257e-01,4.665791406064481728e-01,4.161937694187791137e-01,1.064357389920402991e-01,0.000000000000000000e+00,0.000000000000000000e+00,4.509339745300600111e-01,0.000000000000000000e+00,3.798875039418331823e-01,4.331214268926972255e-01,1.128976963617454032e-01,4.148554927430478934e-01,0.000000000000000000e+00,0.000000000000000000e+00,4.144336743538625800e-01,3.918618748858647138e-01,3.633436410693020036e-01,0.000000000000000000e+00,4.063082819809812896e-01,4.397612128968285128e-01,3.753400663136969850e-01,4.057193821273841206e-01,3.695308935808157003e-01,2.887567202806987088e-01,4.068547855892701848e-01,4.455635983659470001e-01,4.088631511752107150e-01,4.315083344114903907e-01,4.737889741120480114e-01,0.000000000000000000e+00,4.885316928289876182e-01,0.000000000000000000e+00,4.711099161831214799e-01,1.331515844771223867e-01,4.970825663041313902e-01,0.000000000000000000e+00,1.085571697441179012e-01,0.000000000000000000e+00,0.000000000000000000e+00,0.000000000000000000e+00,4.463622243358725261e-01,0.000000000000000000e+00,0.000000000000000000e+00,0.000000000000000000e+00,4.769260613221130152e-01,0.000000000000000000e+00,4.990467557530671727e-01,0.000000000000000000e+00,0.000000000000000000e+00,0.000000000000000000e+00,0.000000000000000000e+00,1.728164616310444990e-01,0.000000000000000000e+00,4.716135277053292163e-01,1.948112228092699905e-01,0.000000000000000000e+00,0.000000000000000000e+00,0.000000000000000000e+00,4.717329123341266750e-01,4.418023077375093921e-01,4.868816946068352247e-01,4.856627884679802776e-01,0.000000000000000000e+00,1.902737318307902992e-01,4.785926942307687781e-01,4.819227755096308075e-01,5.088021666598576687e-01,4.650126547673278932e-01,1.118076663368391954e-01,5.165734697578889811e-01
4.230851822842801035e-01,3.765942640070835123e-01,0.000000000000000000e+00,0.000000000000000000e+00,0.000000000000000000e+00,4.243598599240505087e-01,0.000000000000000000e+00,4.419698423548349964e-01,0.000000000000000000e+00,0.000000000000000000e+00,0.000000000000000000e+00,0.000000000000000000e+00,4.477314517366697277e-01,4.801728452298201777e-01,4.004470217789012909e-01,4.077193997861455754e-01,0.000000000000000000e+00,3.868289102647126110e-01,0.000000000000000000e+00,4.144336743538625800e-01,0.000000000000000000e+00,4.173775107607262114e-01,4.344941654727559888e-01,5.224069274134398588e-01,3.853455765646421893e-01,3.905098670817981898e-01,4.418477995779170886e-01,4.460588114723417763e-01,3.895930782224401034e-01,0.000000000000000000e+00,3.833190993467320840e-01,4.137670137266116210e-01,3.352622831957345895e-01,3.996626989229675186e-01,4.679767751156619915e-01,0.000000000000000000e+00,0.000000000000000000e+00,0.000000000000000000e+00,4.740444780083712950e-01,4.410647175408792808e-01,5.001965117769798796e-01,0.000000000000000000e+00,0.000000000000000000e+00,0.000000000000000000e+00,0.000000000000000000e+00,2.946176003694376822e-01,4.671713446463536812e-01,0.000000000000000000e+00,0.000000000000000000e+00,0.000000000000000000e+00,4.708254197299692190e-01,0.000000000000000000e+00,4.491894613336220865e-01,0.000000000000000000e+00,0.000000000000000000e+00,0.000000000000000000e+00,0.000000000000000000e+00,5.792066028390210342e-01,0.000000000000000000e+00,4.692741093806678254e-01,4.532645163837760172e-01,0.000000000000000000e+00,0.000000000000000000e+00,0.000000000000000000e+00,4.745140626408335116e-01,3.739972201276485775e-01,4.795264529373359230e-01,4.924129808560536725e-01,0.000000000000000000e+00,4.442644477908901934e-01,4.897273987875330192e-01,5.072486055246574477e-01,5.108672629901964690e-01,4.825073813798225197e-01,0.000000000000000000e+00,5.203795334517364868e-01
