0.000000000000000000e+00,3.945988827516763164e-01,0.000000000000000000e+00,0.000000000000000000e+00,0.000000000000000000e+00,1.279640476161693075e-01,0.000000000000000000e+00,5.414547111190105566e-01,0.000000000000000000e+00,0.000000000000000000e+00,0.000000000000000000e+00,0.000000000000000000e+00,1.289189709994993938e-01,0.000000000000000000e+00,3.854594634601721803e-01,3.739534138569037269e-01,0.000000000000000000e+00,3.326993090863356040e-01,0.000000000000000000e+00,4.908066941590775722e-01,4.135661410688378226e-01,4.294555446081547156e-01,4.833848643700002223e-01,3.262587513946905160e-01,3.844272529338941813e-01,3.540670392515176124e-01,4.906899428180974132e-01,0.000000000000000000e+00,4.930911829020415138e-01,0.000000000000000000e+00,3.303522889127606943e-01,3.950043949005501154e-01,2.901968929119024820e-01,3.440793740461903227e-01,3.844483987822672200e-01,0.000000000000000000e+00,0.000000000000000000e+00,0.000000000000000000e+00,4.957597145658769744e-01,4.617054977233813196e-01,4.284857785703872768e-01,0.000000000000000000e+00,0.000000000000000000e+00,0.000000000000000000e+00,0.000000000000000000e+00,4.114525490604363789e-01,4.800436576701794245e-01,0.000000000000000000e+00,0.000000000000000000e+00,0.000000000000000000e+00,0.000000000000000000e+00,0.000000000000000000e+00,0.000000000000000000e+00,0.000000000000000000e+00,0.000000000000000000e+00,0.000000000000000000e+00,0.000000000000000000e+00,0.000000000000000000e+00,0.000000000000000000e+00,0.000000000000000000e+00,4.684330511078532155e-01,0.000000000000000000e+00,4.412526322726685879e-01,0.000000000000000000e+00,0.000000000000000000e+00,0.000000000000000000e+00,4.848210329263686891e-01,0.000000000000000000e+00,3.953808794217060218e-01,4.521843526855300888e-01,4.678238281408412247e-01,0.000000000000000000e+00,0.000000000000000000e+00,0.000000000000000000e+00,0.000000000000000000e+00,4.346349606562385226e-01
3.945988827516763164e-01,0.000000000000000000e+00,0.000000000000000000e+00,0.000000000000000000e+00,4.192327254517044799e-01,4.059165880219339773e-01,4.541547934899702876e-01,4.856738540357248834e-01,4.288101443140763802e-01,0.000000000000000000e+00,0.000000000000000000e+00,0.000000000000000000e+00,4.514440680594875022e-01,0.000000000000000000e+00,4.279686800789280765e-01,3.760747478530211962e-01,3.672467429411678808e-01,3.580664900928802741e-01,0.000000000000000000e+00,4.228991325765670828e-01,4.172792049526927172e-01,3.967409293322605723e-01,4.516274618482067904e-01,0.000000000000000000e+00,3.552942739561474883e-01,3.786142395773097191e-01,4.230768134270972980e-01,4.254137938837910249e-01,4.043014532309591735e-01,0.000000000000000000e+00,3.466793052927302776e-01,3.927070491490010085e-01,3.095414917677424826e-01,3.593064867422611219e-01,4.053421966135842824e-01,0.000000000000000000e+00,0.000000000000000000e+00,0.000000000000000000e+00,4.772072391360572818e-01,4.442178155349926771e-01,4.416664498231219760e-01,5.108649989160187754e-01,0.000000000000000000e+00,0.000000000000000000e+00,0.000000000000000000e+00,4.672997795933411247e-01,4.728303327727034211e-01,0.000000000000000000e+00,0.000000000000000000e+00,0.000000000000000000e+00,1.380189878409228132e-01,0.000000000000000000e+00,0.000000000000000000e+00,0.000000000000000000e+00,0.000000000000000000e+00,0.000000000000000000e+00,0.000000000000000000e+00,0.000000000000000000e+00,0.000000000000000000e+00,4.864423403930224210e-01,4.513057844608798774e-01,0.000000000000000000e+00,4.539689969576475859e-01,0.000000000000000000e+00,0.000000000000000000e+00,4.933784121198617201e-01,4.981521855997608772e-01,1.367873555135132035e-01,0.000000000000000000e+00,4.611649425643812861e-01,4.951812419541755106e-01,1.228112163798806972e-01,0.000000000000000000e+00,5.122910861286128492e-01,0.000000000000000000e+00,4.538945665825556142e-01
0.000000000000000000e+00,0.000000000000000000e+00,0.000000000000000000e+00,5.296935057450803397e-01,3.824510382331184899e-01,3.559837774294583035e-01,4.533491393339799114e-01,4.863330564126194799e-01,2.766578450559845082e-01,1.366818454632532931e-01,3.197850320644852196e-01,1.446661517501139915e-01,4.686353948826946780e-01,4.552767586010567080e-01,0.000000000000000000e+00,0.000000000000000000e+00,0.000000000000000000e+00,0.000000000000000000e+00,3.031926753822610787e-01,0.000000000000000000e+00,0.000000000000000000e+00,0.000000000000000000e+00,2.985116197722714748e-01,0.000000000000000000e+00,0.000000000000000000e+00,0.000000000000000000e+00,3.393601105416311214e-01,4.519802116503188749e-01,0.000000000000000000e+00,0.000000000000000000e+00,4.655070218361325174e-01,4.343537064954113847e-01,0.000000000000000000e+00,4.612922153227140276e-01,0.000000000000000000e+00,4.435255659640006121e-01,1.218498883128616012e-01,0.000000000000000000e+00,1.477498084837118031e-01,0.000000000000000000e+00,1.357753081291697972e-01,0.000000000000000000e+00,5.329125265548018131e-01,0.000000000000000000e+00,0.000000000000000000e+00,0.000000000000000000e+00,0.000000000000000000e+00,4.241695836010064835e-01,0.000000000000000000e+00,5.240848335253851520e-01,5.912953389984062502e-01,1.812099264912565011e-01,5.819253382010757258e-01,5.642627728068548842e-01,0.000000000000000000e+00,3.060453788467814018e-01,0.000000000000000000e+00,1.620068532629561908e-01,5.607489314563499638e-01,0.000000000000000000e+00,0.000000000000000000e+00,0.000000000000000000e+00,0.000000000000000000e+00,2.140979629107659099e-01,0.000000000000000000e+00,0.000000000000000000e+00,0.000000000000000000e+00,5.942541407980473922e-01,0.000000000000000000e+00,0.000000000000000000e+00,0.000000000000000000e+00,5.837284704317078354e-01,1.895566312354675098e-01,0.000000000000000000e+00,0.000000000000000000e+00,0.000000000000000000e+00
0.000000000000000000e+00,0.000000000000000000e+00,5.296935057450803397e-01,0.000000000000000000e+00,3.185371638446433118e-01,0.000000000000000000e+00,2.872664777271580760e-01,4.062932699503506995e-01,4.684930592637229219e-01,0.000000000000000000e+00,3.811661556762804826e-01,0.000000000000000000e+00,2.948288781772944178e-01,2.979411386138697826e-01,0.000000000000000000e+00,0.000000000000000000e+00,0.000000000000000000e+00,0.000000000000000000e+00,4.589862502215407147e-01,5.499579691661466985e-01,0.000000000000000000e+00,0.000000000000000000e+00,4.440456741275419783e-01,0.000000000000000000e+00,0.000000000000000000e+00,0.000000000000000000e+00,4.960085906968337843e-01,2.672031879894761763e-01,0.000000000000000000e+00,0.000000000000000000e+00,0.000000000000000000e+00,3.140048651932793033e-01,0.000000000000000000e+00,2.968871712235026106e-01,3.409919317918251869e-01,2.258095693235384893e-01,2.017925332831748131e-01,0.000000000000000000e+00,0.000000000000000000e+00,0.000000000000000000e+00,0.000000000000000000e+00,0.000000000000000000e+00,0.000000000000000000e+00,0.000000000000000000e+00,0.000000000000000000e+00,0.000000000000000000e+00,0.000000000000000000e+00,0.000000000000000000e+00,0.000000000000000000e+00,0.000000000000000000e+00,0.000000000000000000e+00,0.000000000000000000e+00,0.000000000000000000e+00,0.000000000000000000e+00,0.000000000000000000e+00,0.000000000000000000e+00,0.000000000000000000e+00,0.000000000000000000e+00,0.000000000000000000e+00,0.000000000000000000e+00,0.000000000000000000e+00,0.000000000000000000e+00,0.000000000000000000e+00,0.000000000000000000e+00,0.000000000000000000e+00,0.000000000000000000e+00,0.000000000000000000e+00,0.000000000000000000e+00,0.000000000000000000e+00,0.000000000000000000e+00,0.000000000000000000e+00,0.000000000000000000e+00,0.000000000000000000e+00,0.000000000000000000e+00,0.000000000000000000e+00,0.000000000000000000e+00
0.000000000000000000e+00,4.192327254517044799e-01,3.824510382331184899e-01,3.185371638446433118e-01,0.000000000000000000e+00,3.895030166428292140e-01,3.551634142727286836e-01,4.265671945053883807e-01,3.566278157582892794e-01,4.808282564657042069e-01,3.200886944329494055e-01,1.089202348788521069e-01,3.972225617763430194e-01,3.086478621894458985e-01,0.000000000000000000e+00,0.000000000000000000e+00,0.000000000000000000e+00,0.000000000000000000e+00,3.685117983087443094e-01,4.067646284446377880e-01,0.000000000000000000e+00,4.190239947383471164e-01,3.909532784252636728e-01,0.000000000000000000e+00,4.495118944538281092e-01,0.000000000000000000e+00,3.988816931319901782e-01,4.059438250137585857e-01,4.222565074263011087e-01,0.000000000000000000e+00,4.497229866077003257e-01,3.920687767963224046e-01,0.000000000000000000e+00,4.395151069390731968e-01,4.408708139050360186e-01,2.948907987913930162e-01,1.892045904513388888e-01,0.000000000000000000e+00,1.449016219380533932e-01,0.000000000000000000e+00,0.000000000000000000e+00,0.000000000000000000e+00,5.397789148347710286e-01,0.000000000000000000e+00,0.000000000000000000e+00,0.000000000000000000e+00,0.000000000000000000e+00,6.413753899744979448e-01,0.000000000000000000e+00,1.196853085045865017e-01,5.976780102044287890e-01,0.000000000000000000e+00,0.000000000000000000e+00,2.354534639912115035e-01,0.000000000000000000e+00,0.000000000000000000e+00,0.000000000000000000e+00,0.000000000000000000e+00,0.000000000000000000e+00,0.000000000000000000e+00,0.000000000000000000e+00,0.000000000000000000e+00,0.000000000000000000e+00,2.100170474888269079e-01,0.000000000000000000e+00,0.000000000000000000e+00,0.000000000000000000e+00,5.576446829696369845e-01,0.000000000000000000e+00,0.000000000000000000e+00,0.000000000000000000e+00,1.505447041079442938e-01,0.000000000000000000e+00,0.000000000000000000e+00,0.000000000000000000e+00,0.000000000000000000e+00
1.279640476161693075e-01,4.059165880219339773e-01,3.559837774294583035e-01,0.000000000000000000e+00,3.895030166428292140e-01,0.000000000000000000e+00,4.254393027195867982e-01,4.321932223647407811e-01,3.526913061819983986e-01,4.613678296115283906e-01,4.005333775193534729e-01,1.587953379915570951e-01,4.051959066113808849e-01,4.614230606834197057e-01,4.403118612466537241e-01,4.237525755920596993e-01,1.577053824631629020e-01,4.378657133894250930e-01,4.326657548101747741e-01,4.156343669978235789e-01,4.494061322934587155e-01,4.327325370028214935e-01,3.950234357261954155e-01,0.000000000000000000e+00,3.670052810986381142e-01,4.071083181505559256e-01,3.772367149684631160e-01,3.769719280613955115e-01,3.475230094364608058e-01,4.240896767384169097e-01,4.445137950882696032e-01,4.349716761219982741e-01,4.143692903663706018e-01,4.490771865460266854e-01,4.437286815766722237e-01,4.433459795563596817e-01,0.000000000000000000e+00,4.754748495833677757e-01,5.497160925993266334e-01,0.000000000000000000e+00,5.526499410714806881e-01,1.337139184359505129e-01,5.314972795320400678e-01,0.000000000000000000e+00,0.000000000000000000e+00,0.000000000000000000e+00,1.837371231652606962e-01,5.734358288312596530e-01,0.000000000000000000e+00,1.789824702647367927e-01,5.258736008760193092e-01,1.609304765758212130e-01,5.219789081649499618e-01,5.614526088515965352e-01,0.000000000000000000e+00,1.476943059108785927e-01,0.000000000000000000e+00,5.435234496671448312e-01,0.000000000000000000e+00,1.403968170182710029e-01,0.000000000000000000e+00,0.000000000000000000e+00,0.000000000000000000e+00,0.000000000000000000e+00,5.991273425999674718e-01,0.000000000000000000e+00,1.635458232680565005e-01,5.474751838319931174e-01,0.000000000000000000e+00,0.000000000000000000e+00,1.638433464803079054e-01,5.386213260071507358e-01,5.357045694221073129e-01,5.151032651988073363e-01,1.011516926898475971e-01,5.533055637924529924e-01
0.000000000000000000e+00,4.541547934899702876e-01,4.533491393339799114e-01,2.872664777271580760e-01,3.551634142727286836e-01,4.254393027195867982e-01,0.000000000000000000e+00,5.013662539575564070e-01,4.138841038762747782e-01,4.285256794511793088e-01,4.250087052117433872e-01,4.574258247684119261e-01,3.690211057544152129e-01,3.457674712005150974e-01,0.000000000000000000e+00,4.720472340749864992e-01,0.000000000000000000e+00,4.634189511442863840e-01,4.390320171055798748e-01,4.443674950164034909e-01,0.000000000000000000e+00,4.783204703873080166e-01,4.487093929189013841e-01,0.000000000000000000e+00,4.325383768554887931e-01,4.554495512017788794e-01,4.406025135260344117e-01,3.441848023357024777e-01,4.536003732655222165e-01,0.000000000000000000e+00,4.460125910821681194e-01,4.234630877551320838e-01,4.717871389854014219e-01,4.060582795331348915e-01,3.875969528016420251e-01,2.968846469066629967e-01,3.092216069884478058e-01,3.916454529447503941e-01,1.841832463700056044e-01,0.000000000000000000e+00,1.637731516271186127e-01,0.000000000000000000e+00,1.211191185914881063e-01,0.000000000000000000e+00,0.000000000000000000e+00,0.000000000000000000e+00,0.000000000000000000e+00,6.499682830568966896e-01,0.000000000000000000e+00,0.000000000000000000e+00,1.612945990765811966e-01,0.000000000000000000e+00,5.601021156772254539e-01,1.754326870027249075e-01,0.000000000000000000e+00,1.484293345485989957e-01,0.000000000000000000e+00,0.000000000000000000e+00,0.000000000000000000e+00,0.000000000000000000e+00,0.000000000000000000e+00,0.000000000000000000e+00,0.000000000000000000e+00,1.420735728466518133e-01,0.000000000000000000e+00,0.000000000000000000e+00,0.000000000000000000e+00,5.655318203841186442e-01,0.000000000000000000e+00,0.000000000000000000e+00,0.000000000000000000e+00,6.267339992370467572e-01,0.000000000000000000e+00,0.000000000000000000e+00,0.000000000000000000e+00,0.000000000000000000e+00
5.414547111190105566e-01,4.856738540357248834e-01,4.863330564126194799e-01,4.062932699503506995e-01,4.265671945053883807e-01,4.321932223647407811e-01,5.013662539575564070e-01,0.000000000000000000e+00,4.878400034370125038e-01,0.000000000000000000e+00,3.753471395426056789e-01,0.000000000000000000e+00,4.888803372243836765e-01,4.058594216822041800e-01,4.527359458172537932e-01,0.000000000000000000e+00,0.000000000000000000e+00,0.000000000000000000e+00,4.744191831618376765e-01,3.889944193570694098e-01,4.481482072735066824e-01,0.000000000000000000e+00,3.992742297116033123e-01,5.313606628361703388e-01,4.782870011973524016e-01,4.788880782690990157e-01,4.583425489539049158e-01,4.496499389276035763e-01,4.190988548359447785e-01,4.606037565110744914e-01,4.799811112572179850e-01,4.371573353007981999e-01,4.362862586635878892e-01,4.672711850544896128e-01,4.375169787473083272e-01,3.034117971396890212e-01,2.592026378860551872e-01,0.000000000000000000e+00,5.413513092503824398e-01,0.000000000000000000e+00,6.566606484988980474e-01,0.000000000000000000e+00,4.120820929151193801e-01,0.000000000000000000e+00,0.000000000000000000e+00,0.000000000000000000e+00,0.000000000000000000e+00,5.434385219804082068e-01,0.000000000000000000e+00,0.000000000000000000e+00,5.002936408031417592e-01,5.338097026563994874e-01,4.001169876313694918e-01,5.345408907454936021e-01,0.000000000000000000e+00,0.000000000000000000e+00,0.000000000000000000e+00,5.262427236866870084e-01,4.847899870741085859e-01,5.999936124706288787e-01,0.000000000000000000e+00,0.000000000000000000e+00,0.000000000000000000e+00,5.204378126511974845e-01,5.699705826106001849e-01,6.200525767280018474e-01,0.000000000000000000e+00,4.899320350177648886e-01,0.000000000000000000e+00,0.000000000000000000e+00,0.000000000000000000e+00,5.456823738612645025e-01,5.163725401090699663e-01,5.529760381129811275e-01,0.000000000000000000e+00,5.659894664807962883e-01
0.000000000000000000e+00,4.288101443140763802e-01,2.766578450559845082e-01,4.684930592637229219e-01,3.566278157582892794e-01,3.526913061819983986e-01,4.138841038762747782e-01,4.878400034370125038e-01,0.000000000000000000e+00,4.760561437512110250e-01,2.968403311306881953e-01,5.001710160310923747e-01,3.854047619393993762e-01,4.242482779135964832e-01,0.000000000000000000e+00,0.000000000000000000e+00,0.000000000000000000e+00,1.723180217420489102e-01,3.074505775248393968e-01,3.912024129916690796e-01,0.000000000000000000e+00,4.125476502557369751e-01,4.055927720960563754e-01,5.280399858833549898e-01,1.381552569281528919e-01,1.487972333815535952e-01,3.403163061689024049e-01,4.398737197744883032e-01,3.969460506279288148e-01,0.000000000000000000e+00,4.571056651499377788e-01,4.292399731235008731e-01,5.060578007254407096e-01,4.526079119597691269e-01,4.413951043704549271e-01,4.089563796746716884e-01,0.000000000000000000e+00,4.780695174170374040e-01,1.371550272575474128e-01,0.000000000000000000e+00,1.944270713845958065e-01,0.000000000000000000e+00,5.426696023872492614e-01,0.000000000000000000e+00,0.000000000000000000e+00,0.000000000000000000e+00,0.000000000000000000e+00,5.791809725281874544e-01,0.000000000000000000e+00,1.678821275704424076e-01,5.724325284907095801e-01,1.944052841542409094e-01,5.759998971027705528e-01,6.143219918587466966e-01,0.000000000000000000e+00,5.174571321876941798e-01,0.000000000000000000e+00,1.922170983634403085e-01,6.213045979570314126e-01,0.000000000000000000e+00,0.000000000000000000e+00,0.000000000000000000e+00,0.000000000000000000e+00,0.000000000000000000e+00,0.000000000000000000e+00,0.000000000000000000e+00,0.000000000000000000e+00,5.913008759299884787e-01,0.000000000000000000e+00,0.000000000000000000e+00,0.000000000000000000e+00,5.794064394144435859e-01,2.033127150883851098e-01,0.000000000000000000e+00,0.000000000000000000e+00,0.000000000000000000e+00
0.000000000000000000e+00,0.000000000000000000e+00,1.366818454632532931e-01,0.000000000000000000e+00,4.808282564657042069e-01,4.613678296115283906e-01,4.285256794511793088e-01,0.000000000000000000e+00,4.760561437512110250e-01,0.000000000000000000e+00,4.761493462345638972e-01,2.765518559209095839e-01,4.235037169988156158e-01,0.000000000000000000e+00,0.000000000000000000e+00,3.684220490116434932e-01,3.205055823428948902e-01,3.386285675851283261e-01,5.125174646025688618e-01,5.150899442813382523e-01,0.000000000000000000e+00,4.030721979350361805e-01,4.718368057071941069e-01,2.952959513372224176e-01,3.292107861984637229e-01,3.321073754868447137e-01,1.363035759766620947e-01,4.120172329817103907e-01,1.329312264403890997e-01,0.000000000000000000e+00,3.338616474416797875e-01,3.739851917560272909e-01,3.182892122857742256e-01,3.289394771282201924e-01,2.866396910379733765e-01,3.722383026314117771e-01,3.124967470872412889e-01,3.047665793323834915e-01,4.217664082659122182e-01,3.864938686026486159e-01,3.687775654470458742e-01,0.000000000000000000e+00,0.000000000000000000e+00,0.000000000000000000e+00,4.078750240878754041e-01,4.532837152730799235e-01,0.000000000000000000e+00,0.000000000000000000e+00,0.000000000000000000e+00,0.000000000000000000e+00,0.000000000000000000e+00,0.000000000000000000e+00,0.000000000000000000e+00,0.000000000000000000e+00,4.357824451406254740e-01,0.000000000000000000e+00,4.430725806798052058e-01,5.184398483949936853e-01,0.000000000000000000e+00,0.000000000000000000e+00,0.000000000000000000e+00,4.191803923529435205e-01,4.117863555034669276e-01,0.000000000000000000e+00,0.000000000000000000e+00,0.000000000000000000e+00,0.000000000000000000e+00,0.000000000000000000e+00,4.263527288977961849e-01,4.174415489451615002e-01,4.436235387274645725e-01,0.000000000000000000e+00,4.812318123161811734e-01,0.000000000000000000e+00,0.000000000000000000e+00,3.975077182750552107e-01
0.000000000000000000e+00,0.000000000000000000e+00,3.197850320644852196e-01,3.811661556762804826e-01,3.200886944329494055e-01,4.005333775193534729e-01,4.250087052117433872e-01,3.753471395426056789e-01,2.968403311306881953e-01,4.761493462345638972e-01,0.000000000000000000e+00,5.135623387885542845e-01,4.405972392998219189e-01,3.126128460914577856e-01,0.000000000000000000e+00,0.000000000000000000e+00,1.129603659847957936e-01,0.000000000000000000e+00,3.187907019427477229e-01,0.000000000000000000e+00,0.000000000000000000e+00,0.000000000000000000e+00,3.331978438579272228e-01,5.403256282306170277e-01,0.000000000000000000e+00,1.680492079956459883e-01,4.054142197542391912e-01,4.328084709489570248e-01,0.000000000000000000e+00,0.000000000000000000e+00,4.746997372980724106e-01,4.075026378473259880e-01,5.405425039699273126e-01,4.558115266668806842e-01,4.324178048268580987e-01,3.316019095952644768e-01,0.000000000000000000e+00,4.775690695067679736e-01,0.000000000000000000e+00,0.000000000000000000e+00,0.000000000000000000e+00,0.000000000000000000e+00,4.768760074150640849e-01,0.000000000000000000e+00,0.000000000000000000e+00,0.000000000000000000e+00,0.000000000000000000e+00,4.116645334335424233e-01,0.000000000000000000e+00,1.096474142337539037e-01,5.818415951021386201e-01,1.325156429244102874e-01,0.000000000000000000e+00,5.239917187235871854e-01,0.000000000000000000e+00,1.689344092156049026e-01,0.000000000000000000e+00,1.411573169783089110e-01,5.440585878063118885e-01,0.000000000000000000e+00,0.000000000000000000e+00,0.000000000000000000e+00,0.000000000000000000e+00,1.421275555911812039e-01,0.000000000000000000e+00,0.000000000000000000e+00,0.000000000000000000e+00,5.545950842846291140e-01,0.000000000000000000e+00,0.000000000000000000e+00,0.000000000000000000e+00,5.864513635794329494e-01,1.700380183479761886e-01,0.000000000000000000e+00,0.000000000000000000e+00,0.000000000000000000e+00
0.000000000000000000e+00,0.000000000000000000e+00,1.446661517501139915e-01,0.000000000000000000e+00,1.089202348788521069e-01,1.587953379915570951e-01,4.574258247684119261e-01,0.000000000000000000e+00,5.001710160310923747e-01,2.765518559209095839e-01,5.135623387885542845e-01,0.000000000000000000e+00,4.321588725710471812e-01,0.000000000000000000e+00,0.000000000000000000e+00,0.000000000000000000e+00,3.363318876108146727e-01,3.413889974247502068e-01,1.541655912504223125e-01,0.000000000000000000e+00,0.000000000000000000e+00,0.000000000000000000e+00,5.206461679687043320e-01,2.782103435682273807e-01,3.488432772567203743e-01,3.193361802460232823e-01,5.276083755700552436e-01,4.046142309868028808e-01,0.000000000000000000e+00,0.000000000000000000e+00,3.561129191436411268e-01,3.290909399208686859e-01,3.233243853917331934e-01,3.046375331788824248e-01,3.315308163524178231e-01,3.023523109197410186e-01,2.935470954416387057e-01,2.535902841221782111e-01,0.000000000000000000e+00,4.056470606866096063e-01,3.876562811385029228e-01,0.000000000000000000e+00,0.000000000000000000e+00,0.000000000000000000e+00,4.060760006737453853e-01,0.000000000000000000e+00,0.000000000000000000e+00,0.000000000000000000e+00,0.000000000000000000e+00,0.000000000000000000e+00,0.000000000000000000e+00,0.000000000000000000e+00,0.000000000000000000e+00,0.000000000000000000e+00,4.529490336285221241e-01,0.000000000000000000e+00,4.578144578595059189e-01,5.379521954146518903e-01,0.000000000000000000e+00,0.000000000000000000e+00,0.000000000000000000e+00,4.390368720062762797e-01,4.293781855571963124e-01,0.000000000000000000e+00,0.000000000000000000e+00,0.000000000000000000e+00,0.000000000000000000e+00,0.000000000000000000e+00,4.350250184776611184e-01,4.310199414507088211e-01,4.584582304053997914e-01,0.000000000000000000e+00,4.784230710653000207e-01,0.000000000000000000e+00,0.000000000000000000e+00,4.311047133780656071e-01
1.289189709994993938e-01,4.514440680594875022e-01,4.686353948826946780e-01,2.948288781772944178e-01,3.972225617763430194e-01,4.051959066113808849e-01,3.690211057544152129e-01,4.888803372243836765e-01,3.854047619393993762e-01,4.235037169988156158e-01,4.405972392998219189e-01,4.321588725710471812e-01,0.000000000000000000e+00,3.691610701279314788e-01,0.000000000000000000e+00,4.764019795486896802e-01,4.451938900938571253e-01,4.528119448969816774e-01,4.550747087716333072e-01,4.342259043681441222e-01,4.907573082892964789e-01,4.785178289707152088e-01,4.642074237102000178e-01,4.312308002786301997e-01,4.332802377222004786e-01,4.253480230079598190e-01,4.495827297777210130e-01,3.588963201949376125e-01,4.149784313742895803e-01,0.000000000000000000e+00,4.172124381982554864e-01,4.146305453784485118e-01,4.368068003738174165e-01,4.068212619797186846e-01,3.872569067969535150e-01,3.527934382093214083e-01,3.379749885810026111e-01,3.819542761413887155e-01,1.158783563194964034e-01,0.000000000000000000e+00,1.616459001673085927e-01,1.298068953631462130e-01,1.302533182002741097e-01,0.000000000000000000e+00,0.000000000000000000e+00,0.000000000000000000e+00,0.000000000000000000e+00,1.844890917420914100e-01,0.000000000000000000e+00,0.000000000000000000e+00,5.787108997368161090e-01,2.127971987323727110e-01,5.537424269689743550e-01,0.000000000000000000e+00,0.000000000000000000e+00,1.451333181512788895e-01,0.000000000000000000e+00,0.000000000000000000e+00,0.000000000000000000e+00,1.660466628282462886e-01,0.000000000000000000e+00,0.000000000000000000e+00,0.000000000000000000e+00,0.000000000000000000e+00,1.543003688465809098e-01,0.000000000000000000e+00,2.033799240140601039e-01,5.611121335949036393e-01,0.000000000000000000e+00,1.644983550037110998e-01,1.881866019945158952e-01,5.559457218268075707e-01,0.000000000000000000e+00,5.942138394376422772e-01,0.000000000000000000e+00,0.000000000000000000e+00
0.000000000000000000e+00,0.000000000000000000e+00,4.552767586010567080e-01,2.979411386138697826e-01,3.086478621894458985e-01,4.614230606834197057e-01,3.457674712005150974e-01,4.058594216822041800e-01,4.242482779135964832e-01,0.000000000000000000e+00,3.126128460914577856e-01,0.000000000000000000e+00,3.691610701279314788e-01,0.000000000000000000e+00,0.000000000000000000e+00,0.000000000000000000e+00,0.000000000000000000e+00,0.000000000000000000e+00,4.055277399678138828e-01,0.000000000000000000e+00,0.000000000000000000e+00,0.000000000000000000e+00,4.341676790608491876e-01,0.000000000000000000e+00,0.000000000000000000e+00,0.000000000000000000e+00,4.766328682586699061e-01,3.345282775215839277e-01,0.000000000000000000e+00,0.000000000000000000e+00,4.619061369606233258e-01,3.157240176636860740e-01,0.000000000000000000e+00,0.000000000000000000e+00,0.000000000000000000e+00,2.503638875859304780e-01,1.863781463783762971e-01,0.000000000000000000e+00,0.000000000000000000e+00,0.000000000000000000e+00,0.000000000000000000e+00,0.000000000000000000e+00,0.000000000000000000e+00,0.000000000000000000e+00,0.000000000000000000e+00,0.000000000000000000e+00,0.000000000000000000e+00,0.000000000000000000e+00,0.000000000000000000e+00,0.000000000000000000e+00,0.000000000000000000e+00,0.000000000000000000e+00,0.000000000000000000e+00,0.000000000000000000e+00,0.000000000000000000e+00,0.000000000000000000e+00,0.000000000000000000e+00,0.000000000000000000e+00,0.000000000000000000e+00,0.000000000000000000e+00,0.000000000000000000e+00,0.000000000000000000e+00,0.000000000000000000e+00,0.000000000000000000e+00,0.000000000000000000e+00,0.000000000000000000e+00,0.000000000000000000e+00,0.000000000000000000e+00,0.000000000000000000e+00,0.000000000000000000e+00,0.000000000000000000e+00,0.000000000000000000e+00,0.000000000000000000e+00,0.000000000000000000e+00,0.000000000000000000e+00,0.000000000000000000e+00
3.854594634601721803e-01,4.279686800789280765e-01,0.000000000000000000e+00,0.000000000000000000e+00,0.000000000000000000e+00,4.403118612466537241e-01,0.000000000000000000e+00,4.527359458172537932e-01,0.000000000000000000e+00,0.000000000000000000e+00,0.000000000000000000e+00,0.000000000000000000e+00,0.000000000000000000e+00,0.000000000000000000e+00,0.000000000000000000e+00,3.819499527161656083e-01,0.000000000000000000e+00,3.441375935381615903e-01,0.000000000000000000e+00,3.635091665211914735e-01,4.095412961433305132e-01,3.959897075844958092e-01,4.093645296334488259e-01,0.000000000000000000e+00,3.533497307760871120e-01,3.891058615365711737e-01,4.120561426203541155e-01,4.134838765689863860e-01,4.298461494159624974e-01,0.000000000000000000e+00,4.090051804360064214e-01,4.404885797811308734e-01,3.759327174055446252e-01,4.364296031076181914e-01,4.613019570250229129e-01,5.166384226116520484e-01,0.000000000000000000e+00,0.000000000000000000e+00,5.238206918535572854e-01,5.177379228180005732e-01,5.149866474969894137e-01,5.513598640921647531e-01,0.000000000000000000e+00,0.000000000000000000e+00,0.000000000000000000e+00,0.000000000000000000e+00,5.360912621964528668e-01,0.000000000000000000e+00,0.000000000000000000e+00,0.000000000000000000e+00,0.000000000000000000e+00,0.000000000000000000e+00,0.000000000000000000e+00,0.000000000000000000e+00,0.000000000000000000e+00,0.000000000000000000e+00,0.000000000000000000e+00,1.182723303665556003e-01,0.000000000000000000e+00,5.208882427112214719e-01,5.071474800909939740e-01,0.000000000000000000e+00,0.000000000000000000e+00,0.000000000000000000e+00,4.735180149969839269e-01,5.036577220787843423e-01,5.400658348896042460e-01,5.248917180185594944e-01,0.000000000000000000e+00,1.582739178132742119e-01,5.395080330212077557e-01,5.327739777564118873e-01,1.241303353465886966e-01,5.339913618952148999e-01,0.000000000000000000e+00,5.299522453915246345e-01
3.739534138569037269e-01,3.760747478530211962e-01,0.000000000000000000e+00,0.000000000000000000e+00,0.000000000000000000e+00,4.237525755920596993e-01,4.720472340749864992e-01,0.000000000000000000e+00,0.000000000000000000e+00,3.684220490116434932e-01,0.000000000000000000e+00,0.000000000000000000e+00,4.764019795486896802e-01,0.000000000000000000e+00,3.819499527161656083e-01,0.000000000000000000e+00,3.360826505567227063e-01,3.253600336363868251e-01,0.000000000000000000e+00,3.820514292216303787e-01,3.943895528992815147e-01,3.590143587624560206e-01,4.104484324830837139e-01,0.000000000000000000e+00,3.727755671203714094e-01,3.586701665208794076e-01,4.245906998742183802e-01,4.471519473807795131e-01,4.271180177002055767e-01,4.130810995046930723e-01,3.438939602464730072e-01,4.333356966753361128e-01,3.479438317561345806e-01,3.704858772452976901e-01,4.331336904302490187e-01,0.000000000000000000e+00,0.000000000000000000e+00,0.000000000000000000e+00,4.513566304716181143e-01,4.275380195460278254e-01,4.274840850042863072e-01,4.598549861514916182e-01,0.000000000000000000e+00,0.000000000000000000e+00,0.000000000000000000e+00,4.360633704742781225e-01,4.371302473784277054e-01,0.000000000000000000e+00,0.000000000000000000e+00,0.000000000000000000e+00,0.000000000000000000e+00,0.000000000000000000e+00,0.000000000000000000e+00,0.000000000000000000e+00,0.000000000000000000e+00,0.000000000000000000e+00,0.000000000000000000e+00,0.000000000000000000e+00,0.000000000000000000e+00,4.762719700018996916e-01,4.387457060333788128e-01,0.000000000000000000e+00,4.224323687296335228e-01,0.000000000000000000e+00,1.142567791173294961e-01,0.000000000000000000e+00,4.525714308775927175e-01,1.718447103613205129e-01,0.000000000000000000e+00,4.318777928054834958e-01,4.549246664264520179e-01,1.510972486137522885e-01,0.000000000000000000e+00,1.420226505012320006e-01,0.000000000000000000e+00,4.186621121873568829e-01
0.000000000000000000e+00,3.672467429411678808e-01,0.000000000000000000e+00,0.000000000000000000e+00,0.000000000000000000e+00,1.577053824631629020e-01,0.000000000000000000e+00,0.000000000000000000e+00,0.000000000000000000e+00,3.205055823428948902e-01,1.129603659847957936e-01,3.363318876108146727e-01,4.451938900938571253e-01,0.000000000000000000e+00,0.000000000000000000e+00,3.360826505567227063e-01,0.000000000000000000e+00,3.066974572727914072e-01,0.000000000000000000e+00,4.001694208296129873e-01,0.000000000000000000e+00,3.840176136337553059e-01,0.000000000000000000e+00,3.402714924409885877e-01,3.261369732949889744e-01,3.473006294671581173e-01,0.000000000000000000e+00,4.099683362064002190e-01,4.584950712653507732e-01,0.000000000000000000e+00,3.188256848360441764e-01,4.021873295289521977e-01,3.283796052245955832e-01,3.523363218555704002e-01,3.849587547561598155e-01,0.000000000000000000e+00,0.000000000000000000e+00,0.000000000000000000e+00,0.000000000000000000e+00,3.632170286684960891e-01,0.000000000000000000e+00,0.000000000000000000e+00,0.000000000000000000e+00,0.000000000000000000e+00,0.000000000000000000e+00,0.000000000000000000e+00,0.000000000000000000e+00,0.000000000000000000e+00,0.000000000000000000e+00,0.000000000000000000e+00,0.000000000000000000e+00,0.000000000000000000e+00,0.000000000000000000e+00,0.000000000000000000e+00,4.558529735525644888e-01,0.000000000000000000e+00,4.475300675467158151e-01,0.000000000000000000e+00,0.000000000000000000e+00,0.000000000000000000e+00,0.000000000000000000e+00,1.224456067390810032e-01,0.000000000000000000e+00,0.000000000000000000e+00,0.000000000000000000e+00,0.000000000000000000e+00,0.000000000000000000e+00,0.000000000000000000e+00,4.620119510417949882e-01,4.563310529973865770e-01,4.398537287677730112e-01,0.000000000000000000e+00,0.000000000000000000e+00,0.000000000000000000e+00,0.000000000000000000e+00,0.000000000000000000e+00
3.326993090863356040e-01,3.580664900928802741e-01,0.000000000000000000e+00,0.000000000000000000e+00,0.000000000000000000e+00,4.378657133894250930e-01,4.634189511442863840e-01,0.000000000000000000e+00,1.723180217420489102e-01,3.386285675851283261e-01,0.000000000000000000e+00,3.413889974247502068e-01,4.528119448969816774e-01,0.000000000000000000e+00,3.441375935381615903e-01,3.253600336363868251e-01,3.066974572727914072e-01,0.000000000000000000e+00,0.000000000000000000e+00,3.752264738364587959e-01,3.230216812529411174e-01,3.650476922351663100e-01,3.739119356799421867e-01,3.446009215913766743e-01,3.412182212731018072e-01,3.403762817027595200e-01,4.120169496658199759e-01,4.090619968363403136e-01,4.023516171014637210e-01,4.079022071797983040e-01,3.434631466572228842e-01,4.212410758366296193e-01,3.326545074268986157e-01,3.635407175764832077e-01,4.125745784707112729e-01,0.000000000000000000e+00,0.000000000000000000e+00,0.000000000000000000e+00,4.213060329022325079e-01,3.809833391399741198e-01,3.851774590776170792e-01,0.000000000000000000e+00,0.000000000000000000e+00,0.000000000000000000e+00,0.000000000000000000e+00,4.091333603021631848e-01,4.100897794537762264e-01,0.000000000000000000e+00,0.000000000000000000e+00,0.000000000000000000e+00,0.000000000000000000e+00,0.000000000000000000e+00,0.000000000000000000e+00,0.000000000000000000e+00,4.314218939317893131e-01,0.000000000000000000e+00,4.424246227199444825e-01,0.000000000000000000e+00,0.000000000000000000e+00,0.000000000000000000e+00,4.057435155906841118e-01,4.053411636458001954e-01,3.780684885164136144e-01,0.000000000000000000e+00,0.000000000000000000e+00,0.000000000000000000e+00,4.008794796405176775e-01,0.000000000000000000e+00,4.622173237784932831e-01,3.914308804832266064e-01,4.121297380712928837e-01,0.000000000000000000e+00,0.000000000000000000e+00,0.000000000000000000e+00,0.000000000000000000e+00,3.872728706724036796e-01
0.000000000000000000e+00,0.000000000000000000e+00,3.031926753822610787e-01,4.589862502215407147e-01,3.685117983087443094e-01,4.326657548101747741e-01,4.390320171055798748e-01,4.744191831618376765e-01,3.074505775248393968e-01,5.125174646025688618e-01,3.187907019427477229e-01,1.541655912504223125e-01,4.550747087716333072e-01,4.055277399678138828e-01,0.000000000000000000e+00,0.000000000000000000e+00,0.000000000000000000e+00,0.000000000000000000e+00,0.000000000000000000e+00,0.000000000000000000e+00,0.000000000000000000e+00,0.000000000000000000e+00,3.794712737066605057e-01,0.000000000000000000e+00,0.000000000000000000e+00,0.000000000000000000e+00,4.091502954821221727e-01,4.354441270118248886e-01,0.000000000000000000e+00,0.000000000000000000e+00,4.628767464064260095e-01,4.223063292537043156e-01,0.000000000000000000e+00,4.577184316903624151e-01,4.593730809476614940e-01,4.154345864623680828e-01,1.075275400890906979e-01,5.302842290596668784e-01,1.815475954379298096e-01,0.000000000000000000e+00,0.000000000000000000e+00,0.000000000000000000e+00,5.313966484042107474e-01,0.000000000000000000e+00,0.000000000000000000e+00,0.000000000000000000e+00,0.000000000000000000e+00,5.794944758075987190e-01,0.000000000000000000e+00,1.437041172048640070e-01,6.355020580996648683e-01,1.548222465146527060e-01,6.114998837399128195e-01,6.062768268578926367e-01,0.000000000000000000e+00,3.533864021194204064e-01,0.000000000000000000e+00,1.847620863620250131e-01,6.110987871892216150e-01,0.000000000000000000e+00,0.000000000000000000e+00,0.000000000000000000e+00,0.000000000000000000e+00,5.726835681784858689e-01,0.000000000000000000e+00,0.000000000000000000e+00,0.000000000000000000e+00,5.955580224539596124e-01,0.000000000000000000e+00,0.000000000000000000e+00,0.000000000000000000e+00,6.192656028708332094e-01,0.000000000000000000e+00,0.000000000000000000e+00,0.000000000000000000e+00,0.000000000000000000e+00
4.908066941590775722e-01,4.228991325765670828e-01,0.000000000000000000e+00,5.499579691661466985e-01,4.067646284446377880e-01,4.156343669978235789e-01,4.443674950164034909e-01,3.889944193570694098e-01,3.912024129916690796e-01,5.150899442813382523e-01,0.000000000000000000e+00,0.000000000000000000e+00,4.342259043681441222e-01,0.000000000000000000e+00,3.635091665211914735e-01,3.820514292216303787e-01,4.001694208296129873e-01,3.752264738364587959e-01,0.000000000000000000e+00,0.000000000000000000e+00,4.528702380870102129e-01,3.773456527430731899e-01,3.795304470832124855e-01,0.000000000000000000e+00,3.746040004955009106e-01,3.900767539428431907e-01,3.532342537731518739e-01,3.366627722517049892e-01,3.494355212198098082e-01,3.790706742787259276e-01,3.810046536043146803e-01,4.647451093810170963e-01,3.949200096335506727e-01,4.499071129202795727e-01,4.775299465719031189e-01,5.209276730081088269e-01,5.124629646708405151e-01,0.000000000000000000e+00,5.049368168013552705e-01,5.089342037813713304e-01,5.178771576063930793e-01,5.410164047800561926e-01,1.085571697441179012e-01,0.000000000000000000e+00,0.000000000000000000e+00,0.000000000000000000e+00,5.371767980573045609e-01,0.000000000000000000e+00,0.000000000000000000e+00,0.000000000000000000e+00,1.166765226894813934e-01,0.000000000000000000e+00,0.000000000000000000e+00,0.000000000000000000e+00,0.000000000000000000e+00,0.000000000000000000e+00,0.000000000000000000e+00,1.728164616310444990e-01,0.000000000000000000e+00,5.035131666034671216e-01,1.948112228092699905e-01,0.000000000000000000e+00,0.000000000000000000e+00,0.000000000000000000e+00,5.201539087050618404e-01,4.982617936083347798e-01,5.053261597386614623e-01,5.193764230446525909e-01,0.000000000000000000e+00,1.902737318307902992e-01,5.127763283104721515e-01,5.527864998106776229e-01,1.481917054000936873e-01,5.136027629326467281e-01,1.118076663368391954e-01,5.288071931517722701e-01
4.135661410688378226e-01,4.172792049526927172e-01,0.000000000000000000e+00,0.000000000000000000e+00,0.000000000000000000e+00,4.494061322934587155e-01,0.000000000000000000e+00,4.481482072735066824e-01,0.000000000000000000e+00,0.000000000000000000e+00,0.000000000000000000e+00,0.000000000000000000e+00,4.907573082892964789e-01,0.000000000000000000e+00,4.095412961433305132e-01,3.943895528992815147e-01,0.000000000000000000e+00,3.230216812529411174e-01,0.000000000000000000e+00,4.528702380870102129e-01,0.000000000000000000e+00,4.578167935414034218e-01,4.249211528487089051e-01,4.740721482203448245e-01,3.661106127593219961e-01,3.820597869913940903e-01,4.493263327330030976e-01,4.768537460003994255e-01,4.498216446283767045e-01,0.000000000000000000e+00,4.188716719923133991e-01,4.742782260045749765e-01,3.557094103225664772e-01,4.363606836971590797e-01,4.844573090616509092e-01,0.000000000000000000e+00,0.000000000000000000e+00,0.000000000000000000e+00,5.564526827138717158e-01,4.963402293450209224e-01,5.086811689273279535e-01,5.438985780743560428e-01,0.000000000000000000e+00,0.000000000000000000e+00,0.000000000000000000e+00,4.383229291618098156e-01,5.143665311588787592e-01,0.000000000000000000e+00,0.000000000000000000e+00,0.000000000000000000e+00,5.061320783820747460e-01,0.000000000000000000e+00,4.162732092898803749e-01,0.000000000000000000e+00,0.000000000000000000e+00,0.000000000000000000e+00,0.000000000000000000e+00,5.649295724838052646e-01,0.000000000000000000e+00,5.072095453746381377e-01,4.897361198597026122e-01,0.000000000000000000e+00,0.000000000000000000e+00,0.000000000000000000e+00,5.288387792189009895e-01,5.007578762266287065e-01,5.073267918812862654e-01,5.396622007885054639e-01,0.000000000000000000e+00,1.266680572697488905e-01,5.120080844212236970e-01,5.441059190742079110e-01,1.004892191760233949e-01,5.542432125164269419e-01,0.000000000000000000e+00,5.721615063380197652e-01
