0.000000000000000000e+00,3.709683924189949855e-01,0.000000000000000000e+00,0.000000000000000000e+00,0.000000000000000000e+00,4.468831157596656056e-01,0.000000000000000000e+00,4.912188456343342113e-01,0.000000000000000000e+00,4.033798764548193749e-01,0.000000000000000000e+00,4.267557461986422052e-01,5.050643240377997722e-01,0.000000000000000000e+00,3.420798176621459019e-01,3.826705071569092009e-01,3.079023197970983117e-01,3.843394938907849778e-01,0.000000000000000000e+00,4.512350491212088199e-01,3.715723887083859922e-01,3.954426326637013878e-01,4.452108168209706895e-01,3.840786409404092216e-01,3.722436468567044132e-01,3.678469193211655885e-01,4.532444273679854807e-01,4.761456727824210922e-01,4.465036913107005012e-01,0.000000000000000000e+00,3.666824706268910772e-01,3.963761491661357828e-01,3.250366415980752155e-01,3.653131177839055166e-01,3.889128682230709733e-01,0.000000000000000000e+00,0.000000000000000000e+00,3.951527555788266755e-01,4.558546075935214215e-01,3.883939363737837769e-01,3.311892588175645025e-01,0.000000000000000000e+00,0.000000000000000000e+00,0.000000000000000000e+00,0.000000000000000000e+00,3.582405912773968804e-01,4.384365331738713234e-01,0.000000000000000000e+00,0.000000000000000000e+00,0.000000000000000000e+00,0.000000000000000000e+00,0.000000000000000000e+00,0.000000000000000000e+00,0.000000000000000000e+00,5.189195340525349920e-01,0.000000000000000000e+00,0.000000000000000000e+00,0.000000000000000000e+00,0.000000000000000000e+00,0.000000000000000000e+00,4.381394893314449757e-01,0.000000000000000000e+00,4.327833338074266178e-01,0.000000000000000000e+00,0.000000000000000000e+00,0.000000000000000000e+00,4.588163038984388042e-01,0.000000000000000000e+00,4.024692483950466082e-01,4.286311170876003218e-01,4.399284911961710010e-01,0.000000000000000000e+00,0.000000000000000000e+00,0.000000000000000000e+00,0.000000000000000000e+00,0.000000000000000000e+00
3.709683924189949855e-01,0.000000000000000000e+00,0.000000000000000000e+00,0.000000000000000000e+00,4.447064589469644780e-01,4.214779750751573850e-01,4.540382525191937746e-01,4.720503563019767812e-01,4.522607107514675095e-01,0.000000000000000000e+00,0.000000000000000000e+00,0.000000000000000000e+00,4.488382146851838117e-01,0.000000000000000000e+00,4.100197928582827167e-01,3.822528893849693743e-01,3.365622622296335908e-01,3.937431720549529057e-01,0.000000000000000000e+00,3.977419027368128135e-01,3.715605626461616073e-01,3.766466212241040834e-01,4.366570109951273815e-01,0.000000000000000000e+00,3.702167481400215898e-01,3.723164431660411222e-01,4.021200031426008237e-01,4.473912497418489065e-01,4.170419541801662078e-01,0.000000000000000000e+00,3.519591379864677738e-01,3.673777682918136223e-01,3.314242614868991854e-01,3.573930263584578215e-01,3.739437293508717230e-01,0.000000000000000000e+00,0.000000000000000000e+00,0.000000000000000000e+00,4.365129657763645032e-01,4.246784223393659796e-01,3.922712041340357114e-01,4.690717676463659891e-01,0.000000000000000000e+00,0.000000000000000000e+00,0.000000000000000000e+00,4.191595260663059097e-01,4.493882792848888919e-01,0.000000000000000000e+00,0.000000000000000000e+00,0.000000000000000000e+00,1.380189878409228132e-01,0.000000000000000000e+00,0.000000000000000000e+00,0.000000000000000000e+00,0.000000000000000000e+00,0.000000000000000000e+00,0.000000000000000000e+00,0.000000000000000000e+00,0.000000000000000000e+00,4.447797233294669139e-01,4.353132934433889822e-01,0.000000000000000000e+00,4.300513548099668126e-01,0.000000000000000000e+00,4.750386724818602135e-01,4.664056521749995188e-01,4.263954295323224009e-01,1.367873555135132035e-01,0.000000000000000000e+00,4.490732525587349255e-01,4.607384157070333885e-01,1.228112163798806972e-01,0.000000000000000000e+00,4.810301159966252071e-01,0.000000000000000000e+00,4.440730826446186996e-01
0.000000000000000000e+00,0.000000000000000000e+00,0.000000000000000000e+00,1.084974605659149022e-01,3.824662726192484263e-01,3.893322917166983088e-01,4.295305277338977157e-01,4.423377819034488012e-01,3.015140319789756940e-01,5.642055071097519248e-01,3.002224608017954877e-01,1.446661517501139915e-01,4.452925916576578880e-01,3.878773108724403174e-01,0.000000000000000000e+00,0.000000000000000000e+00,0.000000000000000000e+00,0.000000000000000000e+00,2.748510843929565794e-01,0.000000000000000000e+00,0.000000000000000000e+00,0.000000000000000000e+00,3.411970838241787929e-01,0.000000000000000000e+00,0.000000000000000000e+00,0.000000000000000000e+00,3.386681545702923124e-01,4.573125731107928749e-01,0.000000000000000000e+00,0.000000000000000000e+00,4.753537992465665107e-01,4.440502032212562122e-01,0.000000000000000000e+00,4.675619307252805168e-01,4.584448666812971918e-01,3.953082757685499882e-01,4.785201492554537750e-01,0.000000000000000000e+00,2.241558351967619100e-01,0.000000000000000000e+00,1.357753081291697972e-01,0.000000000000000000e+00,4.786348271982537872e-01,0.000000000000000000e+00,0.000000000000000000e+00,0.000000000000000000e+00,0.000000000000000000e+00,4.882996775228214958e-01,0.000000000000000000e+00,1.561042921034735964e-01,5.536496092280883685e-01,1.812099264912565011e-01,5.385738643883335453e-01,5.112566715708480869e-01,0.000000000000000000e+00,4.734261305474388171e-01,0.000000000000000000e+00,1.620068532629561908e-01,5.312865526348834466e-01,0.000000000000000000e+00,0.000000000000000000e+00,0.000000000000000000e+00,0.000000000000000000e+00,4.452332619168171135e-01,0.000000000000000000e+00,0.000000000000000000e+00,0.000000000000000000e+00,5.139019050519627596e-01,0.000000000000000000e+00,0.000000000000000000e+00,0.000000000000000000e+00,5.381765878747247767e-01,1.895566312354675098e-01,0.000000000000000000e+00,0.000000000000000000e+00,0.000000000000000000e+00
0.000000000000000000e+00,0.000000000000000000e+00,1.084974605659149022e-01,0.000000000000000000e+00,2.876323925386894964e-01,0.000000000000000000e+00,2.935678823244068925e-01,3.626018017647312797e-01,4.307535699849853184e-01,2.979727081010358214e-01,3.601926045531276266e-01,3.281662047776087165e-01,3.185275928307146898e-01,2.463785368841747980e-01,0.000000000000000000e+00,0.000000000000000000e+00,0.000000000000000000e+00,0.000000000000000000e+00,4.726695280981462743e-01,5.251471537465516315e-01,0.000000000000000000e+00,0.000000000000000000e+00,4.219311001569647224e-01,0.000000000000000000e+00,0.000000000000000000e+00,0.000000000000000000e+00,4.963812279521057080e-01,2.640110395444634772e-01,0.000000000000000000e+00,0.000000000000000000e+00,4.107433704579703249e-01,3.112554920473130093e-01,0.000000000000000000e+00,3.455839012545323108e-01,2.975615491312522121e-01,1.938457843381931056e-01,1.935044140001526136e-01,0.000000000000000000e+00,0.000000000000000000e+00,0.000000000000000000e+00,0.000000000000000000e+00,0.000000000000000000e+00,0.000000000000000000e+00,0.000000000000000000e+00,0.000000000000000000e+00,0.000000000000000000e+00,0.000000000000000000e+00,0.000000000000000000e+00,0.000000000000000000e+00,0.000000000000000000e+00,0.000000000000000000e+00,0.000000000000000000e+00,0.000000000000000000e+00,0.000000000000000000e+00,0.000000000000000000e+00,0.000000000000000000e+00,0.000000000000000000e+00,0.000000000000000000e+00,0.000000000000000000e+00,0.000000000000000000e+00,0.000000000000000000e+00,0.000000000000000000e+00,0.000000000000000000e+00,0.000000000000000000e+00,0.000000000000000000e+00,0.000000000000000000e+00,0.000000000000000000e+00,0.000000000000000000e+00,0.000000000000000000e+00,0.000000000000000000e+00,0.000000000000000000e+00,0.000000000000000000e+00,0.000000000000000000e+00,0.000000000000000000e+00,0.000000000000000000e+00,0.000000000000000000e+00
0.000000000000000000e+00,4.447064589469644780e-01,3.824662726192484263e-01,2.876323925386894964e-01,0.000000000000000000e+00,3.856762492331450853e-01,3.362059287647058969e-01,3.818797467771006260e-01,3.219593832356956731e-01,4.574890304000486796e-01,3.036428047175327993e-01,4.814675586514599037e-01,3.717510636038888205e-01,3.013955864723110722e-01,0.000000000000000000e+00,0.000000000000000000e+00,0.000000000000000000e+00,0.000000000000000000e+00,3.550474598120347269e-01,3.934433006322389792e-01,0.000000000000000000e+00,4.203719055679882022e-01,4.028948235100411890e-01,0.000000000000000000e+00,1.026512181678926050e-01,0.000000000000000000e+00,3.993164559946195125e-01,3.723635394945776222e-01,4.483635089723844169e-01,0.000000000000000000e+00,4.692564575458024190e-01,3.947613511682920850e-01,5.421550415324191130e-01,4.512922537579210913e-01,4.411796132043115937e-01,2.668426936142411776e-01,2.850572607284834192e-01,0.000000000000000000e+00,1.449016219380533932e-01,0.000000000000000000e+00,0.000000000000000000e+00,0.000000000000000000e+00,5.245291021687888966e-01,0.000000000000000000e+00,0.000000000000000000e+00,0.000000000000000000e+00,0.000000000000000000e+00,6.222382362490035401e-01,0.000000000000000000e+00,1.196853085045865017e-01,1.413995716886319864e-01,0.000000000000000000e+00,0.000000000000000000e+00,2.402517133304767072e-01,0.000000000000000000e+00,6.172514595857107045e-01,0.000000000000000000e+00,0.000000000000000000e+00,0.000000000000000000e+00,0.000000000000000000e+00,0.000000000000000000e+00,0.000000000000000000e+00,0.000000000000000000e+00,2.240367603790248130e-01,0.000000000000000000e+00,0.000000000000000000e+00,0.000000000000000000e+00,5.268592824507737360e-01,0.000000000000000000e+00,0.000000000000000000e+00,0.000000000000000000e+00,5.956893547556467716e-01,0.000000000000000000e+00,0.000000000000000000e+00,0.000000000000000000e+00,0.000000000000000000e+00
4.468831157596656056e-01,4.214779750751573850e-01,3.893322917166983088e-01,0.000000000000000000e+00,3.856762492331450853e-01,0.000000000000000000e+00,4.133740577415138118e-01,4.012908014924969069e-01,3.356966620992832828e-01,4.678373043474063908e-01,3.462232588954722856e-01,1.587953379915570951e-01,4.013222864097286124e-01,3.836869322641063840e-01,4.360768824240118247e-01,4.588521973597111114e-01,1.577053824631629020e-01,4.411052332605497894e-01,3.952018000727957059e-01,4.124638026288210968e-01,4.079972089568076887e-01,4.318596593551731200e-01,4.190231816269032183e-01,0.000000000000000000e+00,4.161794001896553796e-01,4.284042141694472949e-01,3.895568953864729234e-01,3.804281934231796836e-01,3.676402607078460005e-01,4.218638495153301804e-01,4.331070270501495845e-01,4.313335073605190084e-01,3.859953194112867858e-01,4.397784817814787139e-01,4.422302893407176749e-01,4.602857188557291090e-01,4.690368191449342805e-01,1.323406039125313016e-01,4.738749870964095168e-01,0.000000000000000000e+00,5.044192690159591264e-01,5.703626896987007422e-01,4.911736869661438853e-01,0.000000000000000000e+00,0.000000000000000000e+00,0.000000000000000000e+00,5.346177345689284710e-01,5.628115976155632083e-01,0.000000000000000000e+00,1.789824702647367927e-01,5.056591016995642951e-01,5.371300428222099965e-01,5.019452606009721096e-01,5.677774253331653309e-01,0.000000000000000000e+00,5.125151455572953818e-01,0.000000000000000000e+00,5.331620754095517389e-01,0.000000000000000000e+00,5.225454801583864217e-01,0.000000000000000000e+00,0.000000000000000000e+00,0.000000000000000000e+00,5.796864286186613757e-01,1.233254195764424965e-01,4.891487250384373153e-01,5.122018077753417442e-01,5.075487199990602605e-01,0.000000000000000000e+00,0.000000000000000000e+00,5.277449193228679336e-01,5.014163994052135420e-01,5.076509861752027675e-01,4.608919630172251258e-01,1.011516926898475971e-01,5.194516596649489948e-01
0.000000000000000000e+00,4.540382525191937746e-01,4.295305277338977157e-01,2.935678823244068925e-01,3.362059287647058969e-01,4.133740577415138118e-01,0.000000000000000000e+00,4.168715360709241979e-01,3.908672652330961172e-01,4.257715665511586089e-01,4.295037992841517771e-01,4.526892893879150837e-01,3.398525029120120222e-01,3.556749408231192899e-01,0.000000000000000000e+00,4.655480652031910860e-01,0.000000000000000000e+00,4.670041798121852827e-01,4.360539196159770037e-01,4.263443278899158861e-01,0.000000000000000000e+00,4.484126523491395733e-01,4.233169022363785783e-01,4.400806157361171755e-01,4.403283178182457180e-01,4.606191025048820276e-01,4.238765238820043080e-01,3.580593087998101276e-01,4.276317551026053154e-01,0.000000000000000000e+00,4.378284055492199789e-01,4.022562255696123801e-01,4.947762337221289219e-01,4.176008566245053011e-01,4.045049587790580103e-01,3.053860138647319089e-01,3.072796417106221090e-01,3.801708619714023185e-01,1.841832463700056044e-01,0.000000000000000000e+00,1.637731516271186127e-01,0.000000000000000000e+00,5.637728984387941900e-01,0.000000000000000000e+00,0.000000000000000000e+00,0.000000000000000000e+00,0.000000000000000000e+00,5.511881255118113998e-01,0.000000000000000000e+00,0.000000000000000000e+00,5.600549491602785368e-01,0.000000000000000000e+00,1.112453970595013997e-01,1.754326870027249075e-01,0.000000000000000000e+00,1.484293345485989957e-01,0.000000000000000000e+00,0.000000000000000000e+00,0.000000000000000000e+00,0.000000000000000000e+00,0.000000000000000000e+00,0.000000000000000000e+00,0.000000000000000000e+00,1.420735728466518133e-01,0.000000000000000000e+00,0.000000000000000000e+00,0.000000000000000000e+00,5.124433331554126836e-01,0.000000000000000000e+00,0.000000000000000000e+00,0.000000000000000000e+00,5.541171558352329107e-01,0.000000000000000000e+00,0.000000000000000000e+00,0.000000000000000000e+00,0.000000000000000000e+00
4.912188456343342113e-01,4.720503563019767812e-01,4.423377819034488012e-01,3.626018017647312797e-01,3.818797467771006260e-01,4.012908014924969069e-01,4.168715360709241979e-01,0.000000000000000000e+00,4.660183024779978034e-01,5.200935567730060605e-01,3.167435144787831836e-01,6.198096213034460789e-01,4.319588071596450751e-01,3.348430583279584094e-01,0.000000000000000000e+00,0.000000000000000000e+00,0.000000000000000000e+00,5.079599469163212921e-01,4.023586119629635749e-01,4.277761714396948745e-01,3.852971204815431872e-01,0.000000000000000000e+00,3.746924904772617193e-01,5.128856640994575722e-01,4.911024926483243958e-01,4.945587455397897902e-01,4.605775899718214106e-01,4.335187148895132125e-01,3.912758787589901144e-01,4.349406436340464976e-01,4.510178288994607931e-01,3.973551844250449161e-01,4.709586797459199836e-01,4.432929496030162952e-01,4.170978201566764021e-01,2.876650208107590090e-01,4.425709731493601140e-01,0.000000000000000000e+00,4.505553997660843857e-01,0.000000000000000000e+00,5.198968452411619756e-01,0.000000000000000000e+00,4.267011714652623744e-01,0.000000000000000000e+00,0.000000000000000000e+00,0.000000000000000000e+00,0.000000000000000000e+00,5.334662388988763437e-01,0.000000000000000000e+00,5.438266941684392064e-01,5.102664344365950289e-01,5.151310849270132053e-01,3.879123840623910913e-01,5.154399629272574668e-01,0.000000000000000000e+00,4.924119702867856829e-01,0.000000000000000000e+00,5.129634720917012336e-01,4.700137347002221189e-01,4.970493896055264149e-01,0.000000000000000000e+00,0.000000000000000000e+00,0.000000000000000000e+00,4.776872633287895797e-01,4.746169008603987050e-01,4.853331599547731079e-01,0.000000000000000000e+00,4.890914821494146136e-01,0.000000000000000000e+00,0.000000000000000000e+00,0.000000000000000000e+00,5.338688232084787266e-01,4.857003831712817798e-01,4.995491989340962724e-01,0.000000000000000000e+00,5.268589228468306684e-01
0.000000000000000000e+00,4.522607107514675095e-01,3.015140319789756940e-01,4.307535699849853184e-01,3.219593832356956731e-01,3.356966620992832828e-01,3.908672652330961172e-01,4.660183024779978034e-01,0.000000000000000000e+00,4.680803491746546863e-01,2.910368841774292892e-01,1.505650924118258072e-01,4.203828639897768116e-01,4.154805116067901150e-01,0.000000000000000000e+00,4.942214402491024727e-01,0.000000000000000000e+00,1.723180217420489102e-01,2.870709481125667817e-01,4.132264702168926829e-01,0.000000000000000000e+00,4.323157560566857072e-01,4.209220798251938067e-01,1.348241689002374066e-01,1.381552569281528919e-01,1.487972333815535952e-01,3.587533306680362744e-01,4.497758366686224196e-01,4.059987291556628186e-01,4.945756215556041946e-01,4.702193149196763899e-01,4.397653733814119170e-01,4.924300637578917228e-01,4.636651817142480869e-01,4.543734127091457187e-01,4.303585971785999220e-01,4.534513152223764165e-01,1.358621571928100014e-01,1.371550272575474128e-01,0.000000000000000000e+00,1.944270713845958065e-01,0.000000000000000000e+00,5.168437694702607832e-01,0.000000000000000000e+00,0.000000000000000000e+00,0.000000000000000000e+00,0.000000000000000000e+00,5.514365557453941857e-01,0.000000000000000000e+00,1.678821275704424076e-01,5.446265365568794259e-01,1.944052841542409094e-01,5.198307957706399529e-01,1.272774180618909956e-01,0.000000000000000000e+00,4.998075445152094787e-01,0.000000000000000000e+00,1.922170983634403085e-01,0.000000000000000000e+00,0.000000000000000000e+00,0.000000000000000000e+00,0.000000000000000000e+00,0.000000000000000000e+00,5.563452632363130590e-01,0.000000000000000000e+00,0.000000000000000000e+00,0.000000000000000000e+00,5.324972789583837240e-01,0.000000000000000000e+00,0.000000000000000000e+00,0.000000000000000000e+00,5.299423130382772129e-01,2.033127150883851098e-01,0.000000000000000000e+00,0.000000000000000000e+00,0.000000000000000000e+00
4.033798764548193749e-01,0.000000000000000000e+00,5.642055071097519248e-01,2.979727081010358214e-01,4.574890304000486796e-01,4.678373043474063908e-01,4.257715665511586089e-01,5.200935567730060605e-01,4.680803491746546863e-01,0.000000000000000000e+00,4.641703901871351845e-01,3.057747427955059272e-01,4.131329762232046066e-01,0.000000000000000000e+00,0.000000000000000000e+00,1.043442276996341955e-01,3.251734450057355841e-01,3.578808549296336183e-01,5.199716086142986970e-01,5.324105428102692272e-01,0.000000000000000000e+00,3.962415503274925865e-01,4.830936737314722174e-01,3.245800679994175764e-01,3.362427963743730985e-01,3.502389488786962768e-01,5.041278260364436825e-01,3.879525806483176131e-01,1.329312264403890997e-01,0.000000000000000000e+00,3.314530460277875790e-01,3.354891369058202177e-01,3.063059292665445965e-01,3.232681124598503208e-01,2.731689988506300071e-01,3.066053080450877877e-01,3.590631748653094202e-01,2.723379497315521203e-01,4.233795612093596006e-01,3.320811829211011146e-01,3.258361538671465940e-01,0.000000000000000000e+00,0.000000000000000000e+00,0.000000000000000000e+00,3.268744485222164209e-01,4.344900693054062901e-01,0.000000000000000000e+00,0.000000000000000000e+00,0.000000000000000000e+00,0.000000000000000000e+00,0.000000000000000000e+00,0.000000000000000000e+00,0.000000000000000000e+00,0.000000000000000000e+00,4.462235756982748103e-01,0.000000000000000000e+00,4.433665254836117176e-01,0.000000000000000000e+00,0.000000000000000000e+00,0.000000000000000000e+00,0.000000000000000000e+00,4.442998311164617076e-01,4.265418133576386883e-01,0.000000000000000000e+00,0.000000000000000000e+00,0.000000000000000000e+00,0.000000000000000000e+00,0.000000000000000000e+00,4.172299426956110890e-01,4.465289322706945119e-01,4.576970478886663862e-01,0.000000000000000000e+00,4.156479582312879728e-01,0.000000000000000000e+00,0.000000000000000000e+00,3.786005110878367108e-01
0.000000000000000000e+00,0.000000000000000000e+00,3.002224608017954877e-01,3.601926045531276266e-01,3.036428047175327993e-01,3.462232588954722856e-01,4.295037992841517771e-01,3.167435144787831836e-01,2.910368841774292892e-01,4.641703901871351845e-01,0.000000000000000000e+00,4.914121794300768120e-01,4.403899938945253223e-01,2.738821449263090235e-01,0.000000000000000000e+00,0.000000000000000000e+00,6.418253490798736527e-01,0.000000000000000000e+00,2.608475655094633083e-01,0.000000000000000000e+00,0.000000000000000000e+00,0.000000000000000000e+00,3.151085632397405134e-01,4.935106052126225773e-01,0.000000000000000000e+00,1.680492079956459883e-01,3.839409029765121772e-01,4.309227174840776220e-01,0.000000000000000000e+00,0.000000000000000000e+00,4.698972887863175907e-01,3.810449886017818755e-01,5.326620824746927108e-01,4.592320902666415794e-01,4.152964645689208867e-01,2.584622547280251981e-01,4.050962684161418803e-01,4.602054367154683745e-01,0.000000000000000000e+00,0.000000000000000000e+00,0.000000000000000000e+00,0.000000000000000000e+00,0.000000000000000000e+00,0.000000000000000000e+00,0.000000000000000000e+00,0.000000000000000000e+00,0.000000000000000000e+00,3.991099659158152124e-01,0.000000000000000000e+00,1.096474142337539037e-01,0.000000000000000000e+00,1.325156429244102874e-01,0.000000000000000000e+00,4.395072860160951778e-01,0.000000000000000000e+00,3.443462483387493833e-01,0.000000000000000000e+00,2.357513864582017893e-01,0.000000000000000000e+00,0.000000000000000000e+00,0.000000000000000000e+00,0.000000000000000000e+00,0.000000000000000000e+00,4.121320003571639079e-01,0.000000000000000000e+00,0.000000000000000000e+00,0.000000000000000000e+00,4.578731030297745197e-01,0.000000000000000000e+00,0.000000000000000000e+00,0.000000000000000000e+00,5.084671994068467038e-01,1.700380183479761886e-01,0.000000000000000000e+00,0.000000000000000000e+00,0.000000000000000000e+00
4.267557461986422052e-01,0.000000000000000000e+00,1.446661517501139915e-01,3.281662047776087165e-01,4.814675586514599037e-01,1.587953379915570951e-01,4.526892893879150837e-01,6.198096213034460789e-01,1.505650924118258072e-01,3.057747427955059272e-01,4.914121794300768120e-01,0.000000000000000000e+00,4.180832958103978259e-01,0.000000000000000000e+00,0.000000000000000000e+00,0.000000000000000000e+00,3.787303998352289924e-01,3.729130222533468819e-01,1.541655912504223125e-01,0.000000000000000000e+00,5.299716965240075517e-01,0.000000000000000000e+00,5.860095486467991055e-01,2.915401073563925749e-01,3.665402740774890145e-01,3.164013977107492104e-01,1.478126499661331916e-01,3.669814139818547982e-01,0.000000000000000000e+00,0.000000000000000000e+00,3.369158516125305147e-01,2.903817536330314253e-01,2.883311216262411936e-01,2.546770640015942888e-01,2.882151232903529814e-01,3.228259638860178082e-01,3.332498563993970819e-01,2.170113142256100136e-01,0.000000000000000000e+00,3.718901401441606080e-01,3.478623087843519812e-01,0.000000000000000000e+00,0.000000000000000000e+00,0.000000000000000000e+00,3.599393370960802807e-01,0.000000000000000000e+00,0.000000000000000000e+00,0.000000000000000000e+00,0.000000000000000000e+00,0.000000000000000000e+00,0.000000000000000000e+00,0.000000000000000000e+00,0.000000000000000000e+00,0.000000000000000000e+00,4.730413873767649879e-01,0.000000000000000000e+00,4.689384447992563931e-01,0.000000000000000000e+00,0.000000000000000000e+00,0.000000000000000000e+00,0.000000000000000000e+00,4.685271295945235837e-01,4.501811481428719119e-01,0.000000000000000000e+00,0.000000000000000000e+00,0.000000000000000000e+00,0.000000000000000000e+00,0.000000000000000000e+00,4.395763611644826208e-01,4.573251220180558074e-01,4.661583585453281109e-01,0.000000000000000000e+00,0.000000000000000000e+00,0.000000000000000000e+00,0.000000000000000000e+00,4.349104573167690835e-01
5.050643240377997722e-01,4.488382146851838117e-01,4.452925916576578880e-01,3.185275928307146898e-01,3.717510636038888205e-01,4.013222864097286124e-01,3.398525029120120222e-01,4.319588071596450751e-01,4.203828639897768116e-01,4.131329762232046066e-01,4.403899938945253223e-01,4.180832958103978259e-01,0.000000000000000000e+00,3.738151774862689125e-01,4.279127708399718122e-01,4.825683647984376212e-01,4.574885459478993943e-01,4.739212287215708863e-01,4.450061635888085121e-01,4.417520321475600920e-01,4.349948227373556797e-01,4.715884222668266235e-01,4.331203643256797964e-01,4.387094108155236150e-01,4.410564886218120151e-01,4.409912610811355105e-01,4.378069430052762834e-01,3.603265405970023094e-01,4.136343745238514891e-01,4.002884455296877864e-01,4.140769015520996965e-01,4.047333525241331165e-01,4.387550308112235786e-01,4.207132847596617986e-01,3.890809011007990148e-01,3.196379314050841747e-01,3.354862556281371089e-01,3.664099063864675876e-01,5.120599676517575416e-01,0.000000000000000000e+00,5.574678311466778613e-01,1.298068953631462130e-01,5.680421793673283704e-01,0.000000000000000000e+00,0.000000000000000000e+00,0.000000000000000000e+00,0.000000000000000000e+00,1.844890917420914100e-01,0.000000000000000000e+00,0.000000000000000000e+00,1.520829823601342889e-01,2.127971987323727110e-01,5.219079035319688087e-01,0.000000000000000000e+00,0.000000000000000000e+00,1.451333181512788895e-01,4.587009198807098231e-01,0.000000000000000000e+00,0.000000000000000000e+00,1.660466628282462886e-01,0.000000000000000000e+00,0.000000000000000000e+00,0.000000000000000000e+00,0.000000000000000000e+00,1.543003688465809098e-01,0.000000000000000000e+00,2.033799240140601039e-01,5.150882584054707891e-01,0.000000000000000000e+00,1.644983550037110998e-01,5.964171049246709266e-01,5.183533127923904971e-01,0.000000000000000000e+00,1.527447692022222137e-01,0.000000000000000000e+00,0.000000000000000000e+00
0.000000000000000000e+00,0.000000000000000000e+00,3.878773108724403174e-01,2.463785368841747980e-01,3.013955864723110722e-01,3.836869322641063840e-01,3.556749408231192899e-01,3.348430583279584094e-01,4.154805116067901150e-01,0.000000000000000000e+00,2.738821449263090235e-01,0.000000000000000000e+00,3.738151774862689125e-01,0.000000000000000000e+00,0.000000000000000000e+00,0.000000000000000000e+00,0.000000000000000000e+00,0.000000000000000000e+00,3.548054461607518806e-01,0.000000000000000000e+00,4.161458805348728918e-01,0.000000000000000000e+00,3.721136257972130212e-01,0.000000000000000000e+00,0.000000000000000000e+00,0.000000000000000000e+00,4.334549051004316089e-01,2.596053199524098742e-01,0.000000000000000000e+00,0.000000000000000000e+00,4.002908327999112892e-01,2.785650702369478204e-01,0.000000000000000000e+00,4.349631292225086820e-01,0.000000000000000000e+00,2.114493202506322889e-01,1.832586858009299102e-01,0.000000000000000000e+00,0.000000000000000000e+00,0.000000000000000000e+00,0.000000000000000000e+00,0.000000000000000000e+00,3.995239776029759216e-01,0.000000000000000000e+00,0.000000000000000000e+00,0.000000000000000000e+00,0.000000000000000000e+00,5.539380204395308871e-01,0.000000000000000000e+00,0.000000000000000000e+00,0.000000000000000000e+00,0.000000000000000000e+00,0.000000000000000000e+00,5.211525676519620509e-01,0.000000000000000000e+00,5.380782810418144324e-01,0.000000000000000000e+00,0.000000000000000000e+00,0.000000000000000000e+00,0.000000000000000000e+00,0.000000000000000000e+00,0.000000000000000000e+00,0.000000000000000000e+00,0.000000000000000000e+00,0.000000000000000000e+00,0.000000000000000000e+00,0.000000000000000000e+00,5.681472645600134097e-01,0.000000000000000000e+00,0.000000000000000000e+00,0.000000000000000000e+00,5.932035162410523865e-01,0.000000000000000000e+00,0.000000000000000000e+00,0.000000000000000000e+00,0.000000000000000000e+00
3.420798176621459019e-01,4.100197928582827167e-01,0.000000000000000000e+00,0.000000000000000000e+00,0.000000000000000000e+00,4.360768824240118247e-01,0.000000000000000000e+00,0.000000000000000000e+00,0.000000000000000000e+00,0.000000000000000000e+00,0.000000000000000000e+00,0.000000000000000000e+00,4.279127708399718122e-01,0.000000000000000000e+00,0.000000000000000000e+00,4.264753796388022211e-01,0.000000000000000000e+00,4.059571211623442810e-01,0.000000000000000000e+00,3.365876737510892780e-01,3.499946385795337789e-01,3.514205575385543900e-01,3.591515293174233903e-01,5.051430666773020217e-01,3.889897751644175172e-01,3.683700515859558156e-01,4.138088884378506860e-01,4.484398090887463106e-01,4.175998277513037205e-01,0.000000000000000000e+00,4.234599483976573819e-01,4.338473478427015140e-01,3.933864328637051155e-01,4.290327519308929083e-01,4.703621193143345813e-01,5.331288860807555929e-01,0.000000000000000000e+00,0.000000000000000000e+00,4.599614088027759173e-01,4.513190302112610186e-01,4.676459722656218787e-01,4.818199004054155021e-01,0.000000000000000000e+00,0.000000000000000000e+00,0.000000000000000000e+00,0.000000000000000000e+00,4.746810944279523103e-01,0.000000000000000000e+00,0.000000000000000000e+00,0.000000000000000000e+00,5.135368969184708199e-01,0.000000000000000000e+00,4.426529566152038186e-01,0.000000000000000000e+00,0.000000000000000000e+00,0.000000000000000000e+00,0.000000000000000000e+00,1.182723303665556003e-01,0.000000000000000000e+00,5.029471177846347452e-01,4.787767370366420860e-01,0.000000000000000000e+00,0.000000000000000000e+00,0.000000000000000000e+00,4.517871918678149079e-01,4.498743373574776161e-01,5.003243966028620981e-01,4.672465392684065910e-01,0.000000000000000000e+00,1.582739178132742119e-01,4.975906146635805105e-01,4.632983119944585892e-01,5.350263961337373697e-01,4.793981220905815799e-01,0.000000000000000000e+00,4.783591228656152161e-01
3.826705071569092009e-01,3.822528893849693743e-01,0.000000000000000000e+00,0.000000000000000000e+00,0.000000000000000000e+00,4.588521973597111114e-01,4.655480652031910860e-01,0.000000000000000000e+00,4.942214402491024727e-01,1.043442276996341955e-01,0.000000000000000000e+00,0.000000000000000000e+00,4.825683647984376212e-01,0.000000000000000000e+00,4.264753796388022211e-01,0.000000000000000000e+00,3.724274418414442733e-01,3.636340094865754824e-01,0.000000000000000000e+00,4.040243462208892855e-01,3.735967884876151834e-01,3.875320672510487729e-01,4.266080252911220172e-01,3.619751991832992899e-01,3.909861504560531165e-01,3.918585829462901127e-01,4.254720816793550742e-01,4.622017509363726129e-01,4.440612157349924094e-01,4.592614058614731265e-01,3.695844280539619109e-01,4.052202600746934724e-01,3.583999639760636069e-01,4.048912422336565231e-01,4.190647240345394819e-01,0.000000000000000000e+00,0.000000000000000000e+00,0.000000000000000000e+00,4.371926281522627855e-01,4.339802713032138159e-01,4.351874845662431213e-01,4.421711840984445807e-01,0.000000000000000000e+00,0.000000000000000000e+00,0.000000000000000000e+00,4.112572112863612239e-01,4.533917015602625944e-01,0.000000000000000000e+00,0.000000000000000000e+00,0.000000000000000000e+00,0.000000000000000000e+00,0.000000000000000000e+00,0.000000000000000000e+00,0.000000000000000000e+00,0.000000000000000000e+00,0.000000000000000000e+00,0.000000000000000000e+00,0.000000000000000000e+00,0.000000000000000000e+00,4.679270856170412163e-01,4.467275475209491753e-01,0.000000000000000000e+00,4.191170869167626933e-01,0.000000000000000000e+00,1.142567791173294961e-01,4.816802585161881756e-01,4.419414003688019177e-01,1.718447103613205129e-01,0.000000000000000000e+00,4.218423786484283844e-01,4.561657308009232081e-01,1.510972486137522885e-01,0.000000000000000000e+00,5.516259373211550576e-01,0.000000000000000000e+00,4.205061782337307097e-01
3.079023197970983117e-01,3.365622622296335908e-01,0.000000000000000000e+00,0.000000000000000000e+00,0.000000000000000000e+00,1.577053824631629020e-01,0.000000000000000000e+00,0.000000000000000000e+00,0.000000000000000000e+00,3.251734450057355841e-01,6.418253490798736527e-01,3.787303998352289924e-01,4.574885459478993943e-01,0.000000000000000000e+00,0.000000000000000000e+00,3.724274418414442733e-01,0.000000000000000000e+00,3.219502293960153083e-01,0.000000000000000000e+00,1.128976963617454032e-01,0.000000000000000000e+00,4.096505420592482793e-01,0.000000000000000000e+00,3.717944095363975854e-01,3.407414164752864960e-01,3.732022632390529782e-01,0.000000000000000000e+00,4.414395248087570889e-01,1.054474693937562935e-01,0.000000000000000000e+00,3.432840076213319880e-01,3.933067902146286099e-01,3.250170450974513847e-01,3.746957370868236881e-01,3.656087530986197875e-01,0.000000000000000000e+00,0.000000000000000000e+00,3.425866147173985965e-01,0.000000000000000000e+00,3.377237060666797852e-01,0.000000000000000000e+00,0.000000000000000000e+00,0.000000000000000000e+00,0.000000000000000000e+00,0.000000000000000000e+00,0.000000000000000000e+00,0.000000000000000000e+00,0.000000000000000000e+00,0.000000000000000000e+00,0.000000000000000000e+00,0.000000000000000000e+00,0.000000000000000000e+00,0.000000000000000000e+00,0.000000000000000000e+00,4.349189271508250854e-01,0.000000000000000000e+00,4.389485126322856257e-01,0.000000000000000000e+00,0.000000000000000000e+00,0.000000000000000000e+00,0.000000000000000000e+00,4.833066079105574064e-01,4.319641737142764226e-01,0.000000000000000000e+00,0.000000000000000000e+00,0.000000000000000000e+00,0.000000000000000000e+00,0.000000000000000000e+00,4.438390015479349859e-01,4.398950057320452078e-01,4.449674492432393880e-01,0.000000000000000000e+00,0.000000000000000000e+00,0.000000000000000000e+00,0.000000000000000000e+00,0.000000000000000000e+00
3.843394938907849778e-01,3.937431720549529057e-01,0.000000000000000000e+00,0.000000000000000000e+00,0.000000000000000000e+00,4.411052332605497894e-01,4.670041798121852827e-01,5.079599469163212921e-01,1.723180217420489102e-01,3.578808549296336183e-01,0.000000000000000000e+00,3.729130222533468819e-01,4.739212287215708863e-01,0.000000000000000000e+00,4.059571211623442810e-01,3.636340094865754824e-01,3.219502293960153083e-01,0.000000000000000000e+00,0.000000000000000000e+00,4.114960422167344145e-01,3.974722575148221249e-01,4.181203308959708931e-01,4.310397055176394265e-01,3.725988994970155788e-01,3.619457222759638881e-01,3.833934070726821020e-01,4.156614830922313875e-01,4.483154729986120191e-01,4.484011873178038177e-01,0.000000000000000000e+00,3.762955319454726055e-01,4.166418661597138806e-01,3.421602173915668788e-01,3.993547379515984819e-01,4.006620244259517238e-01,0.000000000000000000e+00,0.000000000000000000e+00,0.000000000000000000e+00,4.321104992554353763e-01,4.001304299155054034e-01,4.067084163513620121e-01,4.335868452805290985e-01,0.000000000000000000e+00,0.000000000000000000e+00,0.000000000000000000e+00,4.256316411240128050e-01,4.329124323908418170e-01,0.000000000000000000e+00,0.000000000000000000e+00,0.000000000000000000e+00,0.000000000000000000e+00,0.000000000000000000e+00,0.000000000000000000e+00,0.000000000000000000e+00,4.033698102575846156e-01,0.000000000000000000e+00,4.262308256818780894e-01,0.000000000000000000e+00,0.000000000000000000e+00,0.000000000000000000e+00,4.237739556028172760e-01,4.414311002071639733e-01,4.294264120064754109e-01,0.000000000000000000e+00,0.000000000000000000e+00,0.000000000000000000e+00,4.318648062335485038e-01,0.000000000000000000e+00,4.463926878406879184e-01,4.282795584365235997e-01,4.452837111741145826e-01,0.000000000000000000e+00,0.000000000000000000e+00,0.000000000000000000e+00,0.000000000000000000e+00,4.072276044431429876e-01
0.000000000000000000e+00,0.000000000000000000e+00,2.748510843929565794e-01,4.726695280981462743e-01,3.550474598120347269e-01,3.952018000727957059e-01,4.360539196159770037e-01,4.023586119629635749e-01,2.870709481125667817e-01,5.199716086142986970e-01,2.608475655094633083e-01,1.541655912504223125e-01,4.450061635888085121e-01,3.548054461607518806e-01,0.000000000000000000e+00,0.000000000000000000e+00,0.000000000000000000e+00,0.000000000000000000e+00,0.000000000000000000e+00,0.000000000000000000e+00,0.000000000000000000e+00,0.000000000000000000e+00,3.047072361034168786e-01,0.000000000000000000e+00,0.000000000000000000e+00,0.000000000000000000e+00,3.665913761168398954e-01,4.477294989721122276e-01,0.000000000000000000e+00,0.000000000000000000e+00,4.740156502225830182e-01,4.336326641647493818e-01,0.000000000000000000e+00,4.654760532886231261e-01,4.692071748520139085e-01,3.471970753934728871e-01,4.591942782626695085e-01,1.031902039238388052e-01,2.123016065748102033e-01,0.000000000000000000e+00,0.000000000000000000e+00,0.000000000000000000e+00,4.885368925759779879e-01,0.000000000000000000e+00,0.000000000000000000e+00,0.000000000000000000e+00,0.000000000000000000e+00,4.858467173023849894e-01,0.000000000000000000e+00,1.437041172048640070e-01,0.000000000000000000e+00,2.388048324515714971e-01,5.334522261000989030e-01,5.417059730072946167e-01,0.000000000000000000e+00,4.681063745105442098e-01,0.000000000000000000e+00,1.847620863620250131e-01,0.000000000000000000e+00,0.000000000000000000e+00,0.000000000000000000e+00,0.000000000000000000e+00,0.000000000000000000e+00,4.953931578626074028e-01,0.000000000000000000e+00,0.000000000000000000e+00,0.000000000000000000e+00,5.140474658434563970e-01,0.000000000000000000e+00,0.000000000000000000e+00,0.000000000000000000e+00,5.600202192483956232e-01,0.000000000000000000e+00,0.000000000000000000e+00,0.000000000000000000e+00,0.000000000000000000e+00
4.512350491212088199e-01,3.977419027368128135e-01,0.000000000000000000e+00,5.251471537465516315e-01,3.934433006322389792e-01,4.124638026288210968e-01,4.263443278899158861e-01,4.277761714396948745e-01,4.132264702168926829e-01,5.324105428102692272e-01,0.000000000000000000e+00,0.000000000000000000e+00,4.417520321475600920e-01,0.000000000000000000e+00,3.365876737510892780e-01,4.040243462208892855e-01,1.128976963617454032e-01,4.114960422167344145e-01,0.000000000000000000e+00,0.000000000000000000e+00,4.080859557812075988e-01,3.729018752550548044e-01,3.398851281814381231e-01,0.000000000000000000e+00,3.919367661493063926e-01,4.220917014288669833e-01,3.445238656539447164e-01,4.023243927744655224e-01,3.280163617659407893e-01,3.787973125103776817e-01,3.828577324848442820e-01,4.409503192482885914e-01,3.691307749935677784e-01,4.125287596431261861e-01,4.449355728142315169e-01,5.101795497683354608e-01,4.953814303169312150e-01,0.000000000000000000e+00,4.436359637368935127e-01,4.654969021121923012e-01,4.793567751081552197e-01,4.926586237265517809e-01,1.085571697441179012e-01,0.000000000000000000e+00,0.000000000000000000e+00,0.000000000000000000e+00,5.069099821688920482e-01,0.000000000000000000e+00,0.000000000000000000e+00,0.000000000000000000e+00,5.057123190667377477e-01,0.000000000000000000e+00,5.102666527885764136e-01,0.000000000000000000e+00,0.000000000000000000e+00,0.000000000000000000e+00,0.000000000000000000e+00,5.797662635719124102e-01,0.000000000000000000e+00,4.705107045692467072e-01,1.948112228092699905e-01,0.000000000000000000e+00,0.000000000000000000e+00,0.000000000000000000e+00,4.699867423349767259e-01,4.544166733517072121e-01,4.594852968090283873e-01,4.976508336694492884e-01,0.000000000000000000e+00,1.902737318307902992e-01,4.800219151649425253e-01,5.072593550381746530e-01,5.055788726554439894e-01,4.704850900955062087e-01,1.118076663368391954e-01,5.032082954719916401e-01
3.715723887083859922e-01,3.715605626461616073e-01,0.000000000000000000e+00,0.000000000000000000e+00,0.000000000000000000e+00,4.079972089568076887e-01,0.000000000000000000e+00,3.852971204815431872e-01,0.000000000000000000e+00,0.000000000000000000e+00,0.000000000000000000e+00,5.299716965240075517e-01,4.349948227373556797e-01,4.161458805348728918e-01,3.499946385795337789e-01,3.735967884876151834e-01,0.000000000000000000e+00,3.974722575148221249e-01,0.000000000000000000e+00,4.080859557812075988e-01,0.000000000000000000e+00,4.097115865435915216e-01,3.916847918968437980e-01,4.803808855194867111e-01,4.003207730512676199e-01,3.678937383184471832e-01,4.311461486118218223e-01,4.570920245757654210e-01,4.149378748444662035e-01,0.000000000000000000e+00,3.882746876062668218e-01,4.165841069408007802e-01,3.531471580761311735e-01,3.766295690356137871e-01,4.360811036506254124e-01,0.000000000000000000e+00,0.000000000000000000e+00,0.000000000000000000e+00,4.227188033760653774e-01,4.469683671047455231e-01,4.743744012197103066e-01,4.764010722661097819e-01,0.000000000000000000e+00,0.000000000000000000e+00,0.000000000000000000e+00,3.630176898057473900e-01,4.632116479107682983e-01,0.000000000000000000e+00,0.000000000000000000e+00,0.000000000000000000e+00,4.562484079288592898e-01,0.000000000000000000e+00,4.315057628084941199e-01,0.000000000000000000e+00,0.000000000000000000e+00,0.000000000000000000e+00,0.000000000000000000e+00,5.041709103959021165e-01,0.000000000000000000e+00,4.532786006593139128e-01,4.788952630098990970e-01,0.000000000000000000e+00,0.000000000000000000e+00,0.000000000000000000e+00,4.503537053312993144e-01,3.459711840567494257e-01,4.724651179542571078e-01,4.659959622576128058e-01,0.000000000000000000e+00,5.064761570078492037e-01,4.702131930433764984e-01,4.727084838239783982e-01,4.900966020010391055e-01,4.498130418160962152e-01,0.000000000000000000e+00,5.099589103037367455e-01
