0.000000000000000000e+00,3.529682078061259221e-01,0.000000000000000000e+00,0.000000000000000000e+00,0.000000000000000000e+00,3.909320900487717743e-01,0.000000000000000000e+00,4.600144622415723861e-01,0.000000000000000000e+00,3.663450527602357121e-01,0.000000000000000000e+00,3.847588167033145212e-01,4.211332900077389141e-01,0.000000000000000000e+00,3.528622132302958736e-01,4.188060910775091017e-01,3.012581321260410783e-01,4.130615463590112113e-01,0.000000000000000000e+00,4.123522238570728748e-01,3.439201161415227914e-01,3.876130692227636731e-01,4.076623331210820766e-01,3.406792556976243058e-01,3.789904516262788126e-01,3.507498219683287122e-01,4.173189809778650727e-01,3.949941511735878819e-01,3.783678097673983109e-01,0.000000000000000000e+00,3.763562040392384733e-01,4.328788077451340977e-01,3.445142224789303209e-01,3.622667343275789986e-01,4.004177115556643018e-01,0.000000000000000000e+00,0.000000000000000000e+00,4.092165633931608149e-01,4.935040887432528001e-01,4.435093261919439978e-01,4.423704455653582057e-01,0.000000000000000000e+00,0.000000000000000000e+00,0.000000000000000000e+00,0.000000000000000000e+00,4.415232284507383254e-01,4.729639538580622804e-01,0.000000000000000000e+00,0.000000000000000000e+00,0.000000000000000000e+00,0.000000000000000000e+00,0.000000000000000000e+00,0.000000000000000000e+00,0.000000000000000000e+00,0.000000000000000000e+00,0.000000000000000000e+00,0.000000000000000000e+00,0.000000000000000000e+00,0.000000000000000000e+00,0.000000000000000000e+00,4.737466176974217125e-01,0.000000000000000000e+00,4.571549465160106851e-01,0.000000000000000000e+00,0.000000000000000000e+00,3.994181590294664241e-01,5.047663553155617988e-01,0.000000000000000000e+00,0.000000000000000000e+00,4.533892729985968262e-01,4.765947629919459194e-01,0.000000000000000000e+00,0.000000000000000000e+00,0.000000000000000000e+00,0.000000000000000000e+00,4.703075375598214092e-01
3.529682078061259221e-01,0.000000000000000000e+00,0.000000000000000000e+00,0.000000000000000000e+00,0.000000000000000000e+00,3.896137694557724740e-01,4.588438847807362886e-01,4.386533042136687155e-01,4.794476622453334724e-01,0.000000000000000000e+00,0.000000000000000000e+00,0.000000000000000000e+00,4.323917469806765057e-01,0.000000000000000000e+00,3.701717677459147038e-01,4.125727504934170731e-01,0.000000000000000000e+00,4.012633021116012166e-01,0.000000000000000000e+00,4.020565390571441133e-01,4.040409169785612042e-01,3.866372547277686089e-01,3.821405675885097275e-01,0.000000000000000000e+00,3.546359231331724926e-01,3.812545886798682226e-01,3.911387861419564071e-01,4.316876869430507080e-01,4.169087650861557082e-01,0.000000000000000000e+00,3.369721927343439782e-01,4.081791482999269083e-01,2.901833887800345235e-01,3.452351092923757192e-01,4.161644768286448248e-01,0.000000000000000000e+00,0.000000000000000000e+00,0.000000000000000000e+00,4.535483766623482071e-01,4.268143334890203144e-01,4.190447044474400751e-01,4.795815053327215916e-01,0.000000000000000000e+00,0.000000000000000000e+00,0.000000000000000000e+00,4.460756487540765147e-01,4.416120672064817176e-01,0.000000000000000000e+00,0.000000000000000000e+00,0.000000000000000000e+00,1.380189878409228132e-01,0.000000000000000000e+00,0.000000000000000000e+00,0.000000000000000000e+00,0.000000000000000000e+00,0.000000000000000000e+00,0.000000000000000000e+00,0.000000000000000000e+00,0.000000000000000000e+00,4.765553320350873201e-01,4.280700255406241217e-01,0.000000000000000000e+00,4.081509766563309882e-01,0.000000000000000000e+00,4.932817496679516855e-01,4.916553886082795088e-01,4.886440121397143121e-01,2.124567033836992080e-01,0.000000000000000000e+00,4.439284593102679755e-01,4.664281604234746803e-01,5.309821212919865197e-01,0.000000000000000000e+00,4.810368330128206860e-01,0.000000000000000000e+00,4.690045595248126808e-01
0.000000000000000000e+00,0.000000000000000000e+00,0.000000000000000000e+00,1.947668243813940880e-01,4.119938536051043210e-01,3.981440058025196849e-01,4.484988244189261897e-01,4.407365575714125017e-01,3.595201479567852187e-01,2.403723395163873122e-01,3.381347643998496855e-01,1.446661517501139915e-01,4.474318153283202149e-01,4.004317383783124185e-01,0.000000000000000000e+00,0.000000000000000000e+00,0.000000000000000000e+00,0.000000000000000000e+00,2.895958266319738073e-01,0.000000000000000000e+00,0.000000000000000000e+00,0.000000000000000000e+00,3.347306930646322121e-01,0.000000000000000000e+00,0.000000000000000000e+00,0.000000000000000000e+00,3.774139001405545923e-01,4.588221110848225148e-01,0.000000000000000000e+00,0.000000000000000000e+00,4.763799125850746163e-01,4.428389485354388144e-01,2.348777298719176010e-01,4.710694579191714859e-01,4.391047987856350754e-01,4.135864016188899872e-01,1.218498883128616012e-01,0.000000000000000000e+00,5.802735062684766243e-01,0.000000000000000000e+00,1.357753081291697972e-01,0.000000000000000000e+00,5.315400812029277278e-01,0.000000000000000000e+00,0.000000000000000000e+00,0.000000000000000000e+00,0.000000000000000000e+00,2.675595521591543902e-01,0.000000000000000000e+00,5.027801147671786541e-01,5.520603487428201728e-01,5.559602896763842228e-01,5.589126027645073824e-01,4.219669369287588068e-01,0.000000000000000000e+00,4.348074209976475757e-01,0.000000000000000000e+00,5.789781692363429322e-01,5.475814632501166956e-01,0.000000000000000000e+00,0.000000000000000000e+00,0.000000000000000000e+00,0.000000000000000000e+00,3.150839637974880980e-01,0.000000000000000000e+00,0.000000000000000000e+00,0.000000000000000000e+00,5.578718155953591440e-01,0.000000000000000000e+00,0.000000000000000000e+00,0.000000000000000000e+00,5.412490642716235589e-01,5.344310847461067882e-01,0.000000000000000000e+00,0.000000000000000000e+00,0.000000000000000000e+00
0.000000000000000000e+00,0.000000000000000000e+00,1.947668243813940880e-01,0.000000000000000000e+00,2.281543921103280914e-01,5.019837529367515705e-01,2.292369659540544058e-01,0.000000000000000000e+00,4.245664079835935745e-01,1.198236851937631992e-01,3.929524626370768936e-01,0.000000000000000000e+00,2.181317677791276000e-01,2.217838309646099904e-01,0.000000000000000000e+00,0.000000000000000000e+00,0.000000000000000000e+00,0.000000000000000000e+00,2.066029598433027081e-01,1.817102136733224071e-01,0.000000000000000000e+00,0.000000000000000000e+00,4.191981018682894855e-01,0.000000000000000000e+00,0.000000000000000000e+00,0.000000000000000000e+00,5.233774083708101488e-01,2.160995001084425882e-01,2.277828860067200034e-01,0.000000000000000000e+00,0.000000000000000000e+00,2.777290507752983029e-01,0.000000000000000000e+00,2.867884654377735876e-01,2.860745876030539869e-01,1.825995369276187941e-01,1.824747486045804890e-01,2.894681738106362201e-01,0.000000000000000000e+00,0.000000000000000000e+00,0.000000000000000000e+00,0.000000000000000000e+00,0.000000000000000000e+00,0.000000000000000000e+00,0.000000000000000000e+00,0.000000000000000000e+00,0.000000000000000000e+00,0.000000000000000000e+00,0.000000000000000000e+00,0.000000000000000000e+00,0.000000000000000000e+00,0.000000000000000000e+00,0.000000000000000000e+00,0.000000000000000000e+00,0.000000000000000000e+00,0.000000000000000000e+00,0.000000000000000000e+00,0.000000000000000000e+00,0.000000000000000000e+00,0.000000000000000000e+00,0.000000000000000000e+00,0.000000000000000000e+00,0.000000000000000000e+00,0.000000000000000000e+00,0.000000000000000000e+00,0.000000000000000000e+00,0.000000000000000000e+00,0.000000000000000000e+00,0.000000000000000000e+00,0.000000000000000000e+00,0.000000000000000000e+00,0.000000000000000000e+00,0.000000000000000000e+00,0.000000000000000000e+00,0.000000000000000000e+00,0.000000000000000000e+00
0.000000000000000000e+00,0.000000000000000000e+00,4.119938536051043210e-01,2.281543921103280914e-01,0.000000000000000000e+00,3.967659569623661064e-01,3.221920575179966217e-01,3.296713364380676747e-01,3.662639818563432903e-01,4.444267352246136782e-01,3.296571379005496238e-01,4.642541605285078754e-01,3.436967279565624755e-01,2.754513926290844128e-01,0.000000000000000000e+00,1.779615285155611015e-01,0.000000000000000000e+00,0.000000000000000000e+00,4.032446992831725807e-01,4.142113090334398895e-01,0.000000000000000000e+00,4.369323423707383025e-01,3.948160138093920191e-01,0.000000000000000000e+00,5.268626433706536938e-01,4.888709549154687806e-01,4.132739946678097853e-01,3.276650883146435267e-01,4.388484982184798211e-01,0.000000000000000000e+00,4.439986609943101792e-01,3.953729086135657766e-01,5.057077398248529532e-01,4.104906726152091068e-01,3.701469858251668077e-01,2.208864635288657063e-01,2.036902455705368875e-01,4.944229020740278924e-01,1.449016219380533932e-01,0.000000000000000000e+00,0.000000000000000000e+00,0.000000000000000000e+00,1.577732762985253057e-01,0.000000000000000000e+00,0.000000000000000000e+00,0.000000000000000000e+00,0.000000000000000000e+00,2.302487295476519091e-01,0.000000000000000000e+00,1.196853085045865017e-01,1.413995716886319864e-01,0.000000000000000000e+00,0.000000000000000000e+00,2.507838956883485793e-01,0.000000000000000000e+00,2.099139239304569082e-01,0.000000000000000000e+00,0.000000000000000000e+00,0.000000000000000000e+00,0.000000000000000000e+00,0.000000000000000000e+00,0.000000000000000000e+00,0.000000000000000000e+00,2.548101102503850801e-01,0.000000000000000000e+00,0.000000000000000000e+00,0.000000000000000000e+00,5.272126107743214662e-01,0.000000000000000000e+00,0.000000000000000000e+00,0.000000000000000000e+00,2.318754780375942015e-01,0.000000000000000000e+00,0.000000000000000000e+00,0.000000000000000000e+00,0.000000000000000000e+00
3.909320900487717743e-01,3.896137694557724740e-01,3.981440058025196849e-01,5.019837529367515705e-01,3.967659569623661064e-01,0.000000000000000000e+00,3.954028124033012737e-01,4.166510984690192099e-01,3.532299718047948733e-01,4.796264214381442126e-01,3.986138953977694244e-01,1.587953379915570951e-01,3.730226010523940983e-01,3.721439828352253731e-01,4.146732310235313745e-01,4.369301893877455267e-01,1.577053824631629020e-01,4.225081394384527234e-01,4.282815093949278729e-01,3.937368343908029811e-01,3.977445489546104773e-01,4.250597726420469735e-01,3.822795811478714723e-01,0.000000000000000000e+00,3.821407478440220218e-01,4.082143030151837992e-01,3.528471474276380082e-01,3.904763205265247006e-01,3.217181796872232158e-01,4.106066505482440787e-01,4.356825186440985154e-01,4.214768830579886938e-01,3.787179912677077209e-01,4.430257050699663024e-01,4.404665534250367109e-01,4.189119982732255054e-01,4.383426550849123249e-01,4.873123878710546864e-01,4.404509734852334879e-01,0.000000000000000000e+00,5.007215681038930111e-01,5.719443886332774563e-01,4.938362990080586989e-01,0.000000000000000000e+00,0.000000000000000000e+00,0.000000000000000000e+00,1.837371231652606962e-01,5.289929565796680500e-01,0.000000000000000000e+00,1.789824702647367927e-01,4.935912704047906163e-01,5.245208695041060354e-01,4.766108919775635111e-01,5.203783468502772847e-01,0.000000000000000000e+00,5.145908398683085583e-01,0.000000000000000000e+00,5.010582094642418438e-01,0.000000000000000000e+00,5.307780377067053967e-01,0.000000000000000000e+00,0.000000000000000000e+00,0.000000000000000000e+00,5.690959216749736926e-01,5.471920132073382348e-01,4.807365170371247221e-01,4.943714213514180944e-01,5.096184494079113447e-01,0.000000000000000000e+00,0.000000000000000000e+00,1.638433464803079054e-01,5.066010708977657373e-01,4.885112194202524960e-01,4.679309643476021741e-01,5.309781118426694091e-01,5.248372694456318044e-01
0.000000000000000000e+00,4.588438847807362886e-01,4.484988244189261897e-01,2.292369659540544058e-01,3.221920575179966217e-01,3.954028124033012737e-01,0.000000000000000000e+00,4.343680298947638074e-01,4.010834279438265093e-01,4.267787321509394216e-01,4.381461491274961095e-01,0.000000000000000000e+00,3.121494731176037152e-01,3.291024841175682059e-01,0.000000000000000000e+00,4.489137986375882905e-01,5.300072049873902902e-01,4.417844052540290112e-01,4.754696900152627914e-01,4.134546971148905792e-01,0.000000000000000000e+00,4.458850701199774114e-01,4.238145980242281063e-01,0.000000000000000000e+00,4.194232905658303867e-01,4.529168886837363073e-01,4.142213318498768060e-01,3.408400372371837017e-01,3.902225905326293098e-01,0.000000000000000000e+00,4.049535301862542958e-01,3.796315253929319899e-01,1.700449570400434096e-01,3.742636505418440174e-01,3.242134912287644166e-01,2.858138644927952221e-01,2.822967618907197274e-01,3.983768455001375774e-01,2.705945659168667028e-01,0.000000000000000000e+00,1.637731516271186127e-01,0.000000000000000000e+00,1.211191185914881063e-01,0.000000000000000000e+00,0.000000000000000000e+00,0.000000000000000000e+00,0.000000000000000000e+00,1.874961326348812130e-01,0.000000000000000000e+00,0.000000000000000000e+00,5.363063125717595359e-01,0.000000000000000000e+00,1.112453970595013997e-01,1.754326870027249075e-01,0.000000000000000000e+00,1.484293345485989957e-01,0.000000000000000000e+00,0.000000000000000000e+00,0.000000000000000000e+00,0.000000000000000000e+00,0.000000000000000000e+00,0.000000000000000000e+00,0.000000000000000000e+00,1.420735728466518133e-01,0.000000000000000000e+00,0.000000000000000000e+00,0.000000000000000000e+00,5.059987904381939572e-01,0.000000000000000000e+00,0.000000000000000000e+00,0.000000000000000000e+00,5.439263514185015413e-01,0.000000000000000000e+00,0.000000000000000000e+00,0.000000000000000000e+00,0.000000000000000000e+00
4.600144622415723861e-01,4.386533042136687155e-01,4.407365575714125017e-01,0.000000000000000000e+00,3.296713364380676747e-01,4.166510984690192099e-01,4.343680298947638074e-01,0.000000000000000000e+00,5.263127701105015932e-01,0.000000000000000000e+00,3.814667995468146167e-01,0.000000000000000000e+00,4.225685479452027105e-01,3.202633217075375738e-01,4.257750755788926034e-01,4.708595791269098996e-01,0.000000000000000000e+00,4.733957491014130214e-01,4.642854411298542039e-01,3.982162520226221192e-01,4.183373299037119186e-01,4.627697261199398837e-01,3.563676979805894263e-01,4.481620688753267245e-01,4.369328400572882187e-01,4.562742814970480731e-01,4.235924234476738937e-01,4.360791328015382051e-01,3.905264170051653827e-01,4.548984342011654913e-01,4.514827629945827869e-01,3.764835354918127930e-01,0.000000000000000000e+00,4.565769701356596211e-01,4.304901413890394046e-01,2.888478936327011914e-01,0.000000000000000000e+00,0.000000000000000000e+00,4.723219560139951256e-01,0.000000000000000000e+00,5.531995574926937831e-01,0.000000000000000000e+00,4.725277850473688090e-01,0.000000000000000000e+00,0.000000000000000000e+00,0.000000000000000000e+00,0.000000000000000000e+00,5.722445344638416032e-01,0.000000000000000000e+00,0.000000000000000000e+00,4.942330946436612749e-01,0.000000000000000000e+00,4.381267262692762898e-01,5.751049808777162209e-01,0.000000000000000000e+00,5.419336499652793737e-01,0.000000000000000000e+00,4.957124362064516121e-01,4.726455697340646855e-01,4.688573068881827788e-01,0.000000000000000000e+00,0.000000000000000000e+00,0.000000000000000000e+00,5.225577586285324871e-01,4.712593231664652937e-01,0.000000000000000000e+00,0.000000000000000000e+00,4.907260956506004912e-01,0.000000000000000000e+00,0.000000000000000000e+00,0.000000000000000000e+00,5.413514826363414745e-01,4.954952155192544061e-01,5.148714672425672711e-01,0.000000000000000000e+00,5.360236635510091663e-01
0.000000000000000000e+00,4.794476622453334724e-01,3.595201479567852187e-01,4.245664079835935745e-01,3.662639818563432903e-01,3.532299718047948733e-01,4.010834279438265093e-01,5.263127701105015932e-01,0.000000000000000000e+00,4.823855282751353113e-01,3.424516858404745845e-01,2.259352764122170010e-01,4.143608676265598811e-01,3.992315134855534131e-01,0.000000000000000000e+00,5.232951580425455607e-01,0.000000000000000000e+00,1.723180217420489102e-01,3.242033354283193058e-01,4.151991055896888105e-01,0.000000000000000000e+00,4.619526909792421865e-01,4.302889366014491790e-01,1.348241689002374066e-01,2.251983435670077138e-01,1.487972333815535952e-01,3.918072753265641750e-01,4.655766058601019108e-01,3.933718083121364728e-01,5.114450605854896637e-01,4.924311636104318768e-01,4.488967079269706728e-01,5.057254860780713290e-01,4.792827279946668129e-01,4.534403670715104750e-01,4.373383472313244758e-01,4.511093128747727943e-01,4.835034283036933056e-01,5.850352670250302811e-01,0.000000000000000000e+00,1.944270713845958065e-01,0.000000000000000000e+00,5.793841227752556389e-01,0.000000000000000000e+00,0.000000000000000000e+00,0.000000000000000000e+00,0.000000000000000000e+00,5.843409871495637287e-01,0.000000000000000000e+00,1.678821275704424076e-01,5.983152918641234663e-01,1.944052841542409094e-01,5.571703961430892749e-01,5.934824452278955054e-01,0.000000000000000000e+00,5.720695864800092734e-01,0.000000000000000000e+00,1.922170983634403085e-01,6.275928335041374151e-01,0.000000000000000000e+00,0.000000000000000000e+00,0.000000000000000000e+00,0.000000000000000000e+00,6.009738599485414667e-01,0.000000000000000000e+00,0.000000000000000000e+00,0.000000000000000000e+00,5.856606889331916754e-01,0.000000000000000000e+00,0.000000000000000000e+00,0.000000000000000000e+00,5.695616209909319938e-01,2.033127150883851098e-01,0.000000000000000000e+00,0.000000000000000000e+00,0.000000000000000000e+00
3.663450527602357121e-01,0.000000000000000000e+00,2.403723395163873122e-01,1.198236851937631992e-01,4.444267352246136782e-01,4.796264214381442126e-01,4.267787321509394216e-01,0.000000000000000000e+00,4.823855282751353113e-01,0.000000000000000000e+00,4.484421307650348076e-01,3.118700994936942084e-01,3.968941008022198735e-01,0.000000000000000000e+00,0.000000000000000000e+00,4.033585775633866111e-01,3.746869030245110754e-01,3.849479994675112926e-01,2.172006366418093026e-01,1.064357389920402991e-01,0.000000000000000000e+00,1.131478320326588932e-01,1.288294204396276954e-01,3.415543613573038262e-01,3.658382101066479097e-01,3.714028709188431088e-01,2.254875573752603002e-01,3.964531502336671176e-01,1.329312264403890997e-01,0.000000000000000000e+00,3.474767315967058900e-01,4.100593429893751862e-01,3.455290421882143970e-01,3.512955945776197741e-01,3.630044897221637035e-01,3.699807232157534820e-01,2.352682074443495919e-01,3.032688769729016132e-01,3.548278831041474790e-01,3.421112750470763908e-01,3.178863554793560087e-01,3.175200989633887860e-01,0.000000000000000000e+00,0.000000000000000000e+00,3.800936430303749058e-01,0.000000000000000000e+00,0.000000000000000000e+00,0.000000000000000000e+00,0.000000000000000000e+00,0.000000000000000000e+00,0.000000000000000000e+00,0.000000000000000000e+00,0.000000000000000000e+00,0.000000000000000000e+00,4.364042100337511276e-01,0.000000000000000000e+00,4.597123747759025991e-01,0.000000000000000000e+00,0.000000000000000000e+00,0.000000000000000000e+00,0.000000000000000000e+00,4.209074202376333895e-01,3.874424143596688075e-01,0.000000000000000000e+00,0.000000000000000000e+00,0.000000000000000000e+00,0.000000000000000000e+00,0.000000000000000000e+00,4.269840949575925970e-01,4.221442161251721115e-01,4.549929234743689266e-01,0.000000000000000000e+00,0.000000000000000000e+00,0.000000000000000000e+00,0.000000000000000000e+00,3.831845671348956262e-01
0.000000000000000000e+00,0.000000000000000000e+00,3.381347643998496855e-01,3.929524626370768936e-01,3.296571379005496238e-01,3.986138953977694244e-01,4.381461491274961095e-01,3.814667995468146167e-01,3.424516858404745845e-01,4.484421307650348076e-01,0.000000000000000000e+00,2.048871917044259028e-01,4.356376383857472057e-01,2.985504867594793166e-01,0.000000000000000000e+00,0.000000000000000000e+00,2.318024427459861037e-01,0.000000000000000000e+00,2.575429232393044998e-01,0.000000000000000000e+00,0.000000000000000000e+00,0.000000000000000000e+00,3.372257377028343162e-01,1.848476041560402905e-01,0.000000000000000000e+00,1.680492079956459883e-01,3.991279341494132216e-01,4.434786377527826229e-01,0.000000000000000000e+00,0.000000000000000000e+00,4.724319115800522106e-01,3.515957215835864846e-01,5.289577357104395805e-01,4.591715652424848138e-01,4.036403696027635046e-01,3.040670016262150832e-01,4.111390200376455750e-01,4.871119447764424848e-01,5.259915114065257802e-01,0.000000000000000000e+00,0.000000000000000000e+00,0.000000000000000000e+00,4.611422952404288789e-01,0.000000000000000000e+00,0.000000000000000000e+00,0.000000000000000000e+00,0.000000000000000000e+00,4.407472030763374127e-01,0.000000000000000000e+00,2.210597283451251061e-01,5.271953014309328500e-01,5.726525378193986215e-01,5.447670761541474338e-01,4.859035279225212833e-01,0.000000000000000000e+00,3.347156143120211258e-01,0.000000000000000000e+00,2.797888030849984831e-01,4.664493634929796073e-01,0.000000000000000000e+00,0.000000000000000000e+00,0.000000000000000000e+00,0.000000000000000000e+00,3.474014672886728272e-01,0.000000000000000000e+00,0.000000000000000000e+00,0.000000000000000000e+00,5.037418075279620489e-01,0.000000000000000000e+00,0.000000000000000000e+00,0.000000000000000000e+00,5.748967486549677597e-01,2.881383500184285240e-01,0.000000000000000000e+00,0.000000000000000000e+00,0.000000000000000000e+00
3.847588167033145212e-01,0.000000000000000000e+00,1.446661517501139915e-01,0.000000000000000000e+00,4.642541605285078754e-01,1.587953379915570951e-01,0.000000000000000000e+00,0.000000000000000000e+00,2.259352764122170010e-01,3.118700994936942084e-01,2.048871917044259028e-01,0.000000000000000000e+00,4.148402988054841756e-01,0.000000000000000000e+00,0.000000000000000000e+00,0.000000000000000000e+00,4.008430619657130101e-01,3.800960319111079122e-01,1.541655912504223125e-01,0.000000000000000000e+00,0.000000000000000000e+00,0.000000000000000000e+00,2.462053816272198048e-01,3.136892144677543848e-01,3.795310573694942735e-01,3.319690128419969799e-01,2.335932162991093131e-01,3.884058639755875730e-01,0.000000000000000000e+00,0.000000000000000000e+00,3.560810921494858006e-01,2.638712807638519120e-01,2.721343906755611108e-01,2.735912700919416185e-01,2.998703069088531903e-01,3.052776080834577743e-01,3.063410394098531886e-01,2.298209723252410130e-01,0.000000000000000000e+00,3.683758903990332900e-01,3.272273062242184727e-01,0.000000000000000000e+00,0.000000000000000000e+00,0.000000000000000000e+00,3.951092020909037217e-01,0.000000000000000000e+00,0.000000000000000000e+00,0.000000000000000000e+00,0.000000000000000000e+00,0.000000000000000000e+00,0.000000000000000000e+00,0.000000000000000000e+00,0.000000000000000000e+00,0.000000000000000000e+00,4.574505717065016075e-01,0.000000000000000000e+00,4.742812789587200206e-01,0.000000000000000000e+00,0.000000000000000000e+00,0.000000000000000000e+00,0.000000000000000000e+00,1.226482265617925005e-01,4.148354414837587267e-01,0.000000000000000000e+00,0.000000000000000000e+00,0.000000000000000000e+00,0.000000000000000000e+00,0.000000000000000000e+00,4.282140869719319731e-01,4.309871221391293195e-01,4.563168751179453864e-01,0.000000000000000000e+00,0.000000000000000000e+00,0.000000000000000000e+00,0.000000000000000000e+00,0.000000000000000000e+00
4.211332900077389141e-01,4.323917469806765057e-01,4.474318153283202149e-01,2.181317677791276000e-01,3.436967279565624755e-01,3.730226010523940983e-01,3.121494731176037152e-01,4.225685479452027105e-01,4.143608676265598811e-01,3.968941008022198735e-01,4.356376383857472057e-01,4.148402988054841756e-01,0.000000000000000000e+00,3.967461331885901998e-01,3.731331503493824919e-01,4.539791083362031965e-01,4.426759663068193795e-01,4.497766221714842860e-01,4.630186083998897861e-01,4.077959799317109058e-01,3.814864288809238224e-01,4.504230363052693087e-01,4.267005305376196933e-01,4.141823499555413735e-01,4.210994489308658162e-01,4.120990780116691177e-01,4.216755293817114891e-01,3.334087444396701128e-01,3.704853098142131818e-01,3.736469876322117134e-01,3.889132525961758180e-01,3.713161199091559173e-01,4.094883635797679222e-01,3.683218363716572186e-01,3.376448205180971884e-01,3.095135320882890229e-01,2.483420209714753135e-01,3.694765597336044927e-01,4.823034009417719870e-01,0.000000000000000000e+00,1.616459001673085927e-01,1.298068953631462130e-01,2.422533185469872008e-01,0.000000000000000000e+00,0.000000000000000000e+00,0.000000000000000000e+00,0.000000000000000000e+00,2.705748567533310944e-01,0.000000000000000000e+00,0.000000000000000000e+00,1.520829823601342889e-01,2.127971987323727110e-01,4.937265063823650935e-01,0.000000000000000000e+00,0.000000000000000000e+00,1.451333181512788895e-01,0.000000000000000000e+00,0.000000000000000000e+00,0.000000000000000000e+00,1.660466628282462886e-01,0.000000000000000000e+00,0.000000000000000000e+00,0.000000000000000000e+00,0.000000000000000000e+00,1.543003688465809098e-01,0.000000000000000000e+00,2.033799240140601039e-01,5.071746048387950623e-01,0.000000000000000000e+00,2.778480265623876067e-01,1.881866019945158952e-01,5.284877073764576716e-01,0.000000000000000000e+00,1.527447692022222137e-01,0.000000000000000000e+00,0.000000000000000000e+00
0.000000000000000000e+00,0.000000000000000000e+00,4.004317383783124185e-01,2.217838309646099904e-01,2.754513926290844128e-01,3.721439828352253731e-01,3.291024841175682059e-01,3.202633217075375738e-01,3.992315134855534131e-01,0.000000000000000000e+00,2.985504867594793166e-01,0.000000000000000000e+00,3.967461331885901998e-01,0.000000000000000000e+00,0.000000000000000000e+00,0.000000000000000000e+00,0.000000000000000000e+00,0.000000000000000000e+00,3.681719086623380099e-01,0.000000000000000000e+00,4.277818231611703048e-01,0.000000000000000000e+00,3.435886130748502243e-01,0.000000000000000000e+00,0.000000000000000000e+00,0.000000000000000000e+00,3.954407033547349126e-01,2.379580340615259915e-01,0.000000000000000000e+00,0.000000000000000000e+00,4.338092100110170213e-01,2.679699022819981846e-01,0.000000000000000000e+00,3.999622995836423778e-01,0.000000000000000000e+00,2.181124723553772016e-01,1.780977080050779870e-01,0.000000000000000000e+00,1.081446896424089060e-01,0.000000000000000000e+00,0.000000000000000000e+00,0.000000000000000000e+00,0.000000000000000000e+00,0.000000000000000000e+00,0.000000000000000000e+00,0.000000000000000000e+00,0.000000000000000000e+00,5.354148488567211928e-01,0.000000000000000000e+00,0.000000000000000000e+00,0.000000000000000000e+00,0.000000000000000000e+00,0.000000000000000000e+00,0.000000000000000000e+00,0.000000000000000000e+00,4.950026565304417869e-01,0.000000000000000000e+00,0.000000000000000000e+00,0.000000000000000000e+00,0.000000000000000000e+00,0.000000000000000000e+00,0.000000000000000000e+00,0.000000000000000000e+00,0.000000000000000000e+00,0.000000000000000000e+00,0.000000000000000000e+00,0.000000000000000000e+00,1.863987015466050112e-01,0.000000000000000000e+00,0.000000000000000000e+00,0.000000000000000000e+00,0.000000000000000000e+00,0.000000000000000000e+00,0.000000000000000000e+00,0.000000000000000000e+00,0.000000000000000000e+00
3.528622132302958736e-01,3.701717677459147038e-01,0.000000000000000000e+00,0.000000000000000000e+00,0.000000000000000000e+00,4.146732310235313745e-01,0.000000000000000000e+00,4.257750755788926034e-01,0.000000000000000000e+00,0.000000000000000000e+00,0.000000000000000000e+00,0.000000000000000000e+00,3.731331503493824919e-01,0.000000000000000000e+00,0.000000000000000000e+00,4.207350069516320734e-01,0.000000000000000000e+00,4.053088270904426915e-01,0.000000000000000000e+00,3.641542979041432759e-01,3.725629302121962194e-01,3.584290617977238247e-01,3.628777913583088877e-01,0.000000000000000000e+00,3.683586087766401729e-01,3.486379631345312147e-01,3.834284253385288888e-01,3.937877995744968884e-01,4.113345639533739773e-01,0.000000000000000000e+00,4.100938376453484024e-01,4.286626236908829823e-01,3.848457625391017989e-01,4.440406509655073219e-01,4.914508290462795137e-01,6.039442370679802830e-01,0.000000000000000000e+00,0.000000000000000000e+00,4.524863639964485929e-01,4.268389776492170773e-01,4.650071092437452758e-01,4.719630747524923842e-01,1.784034998545775130e-01,0.000000000000000000e+00,0.000000000000000000e+00,0.000000000000000000e+00,4.425265664657265230e-01,0.000000000000000000e+00,0.000000000000000000e+00,0.000000000000000000e+00,4.497134756487530804e-01,0.000000000000000000e+00,0.000000000000000000e+00,0.000000000000000000e+00,0.000000000000000000e+00,0.000000000000000000e+00,0.000000000000000000e+00,1.182723303665556003e-01,0.000000000000000000e+00,4.530739001025452239e-01,4.584525402466618216e-01,0.000000000000000000e+00,0.000000000000000000e+00,0.000000000000000000e+00,4.352949001789884198e-01,4.576468558417153276e-01,4.770043834039326969e-01,4.731452058095755864e-01,0.000000000000000000e+00,4.809854235803021072e-01,4.972960698914299926e-01,4.678846811657003113e-01,2.429610411260695879e-01,4.961697891798850790e-01,0.000000000000000000e+00,5.215708633379463333e-01
4.188060910775091017e-01,4.125727504934170731e-01,0.000000000000000000e+00,0.000000000000000000e+00,1.779615285155611015e-01,4.369301893877455267e-01,4.489137986375882905e-01,4.708595791269098996e-01,5.232951580425455607e-01,4.033585775633866111e-01,0.000000000000000000e+00,0.000000000000000000e+00,4.539791083362031965e-01,0.000000000000000000e+00,4.207350069516320734e-01,0.000000000000000000e+00,4.090890323429193232e-01,3.495197404798582874e-01,0.000000000000000000e+00,4.056941186015257106e-01,4.107819906817867239e-01,3.890410531594573063e-01,4.313335927274695725e-01,3.652687578362984189e-01,4.029980595417845812e-01,4.239188001242646942e-01,4.296457980381089836e-01,4.352207833982240093e-01,4.176706027093726736e-01,4.470137810370025111e-01,3.992651007213970926e-01,4.668260729413022947e-01,3.862235824840610232e-01,3.882905571008806178e-01,4.000132509073285880e-01,0.000000000000000000e+00,0.000000000000000000e+00,0.000000000000000000e+00,4.539515705953944824e-01,4.240462038694334246e-01,4.341117694613281786e-01,4.579643169991062246e-01,0.000000000000000000e+00,0.000000000000000000e+00,0.000000000000000000e+00,4.823635028221801013e-01,4.528988080777440195e-01,0.000000000000000000e+00,0.000000000000000000e+00,0.000000000000000000e+00,0.000000000000000000e+00,0.000000000000000000e+00,0.000000000000000000e+00,0.000000000000000000e+00,0.000000000000000000e+00,0.000000000000000000e+00,0.000000000000000000e+00,0.000000000000000000e+00,0.000000000000000000e+00,0.000000000000000000e+00,4.499066956898835068e-01,0.000000000000000000e+00,4.387359971989425733e-01,0.000000000000000000e+00,2.103318206249200906e-01,5.267188018166073515e-01,4.613928118962435931e-01,1.718447103613205129e-01,0.000000000000000000e+00,4.481155923491034754e-01,4.675903169725271202e-01,2.880311991150504847e-01,0.000000000000000000e+00,2.294561982636101061e-01,0.000000000000000000e+00,4.125263996514441089e-01
3.012581321260410783e-01,0.000000000000000000e+00,0.000000000000000000e+00,0.000000000000000000e+00,0.000000000000000000e+00,1.577053824631629020e-01,5.300072049873902902e-01,0.000000000000000000e+00,0.000000000000000000e+00,3.746869030245110754e-01,2.318024427459861037e-01,4.008430619657130101e-01,4.426759663068193795e-01,0.000000000000000000e+00,0.000000000000000000e+00,4.090890323429193232e-01,0.000000000000000000e+00,3.646397199919970133e-01,0.000000000000000000e+00,5.534848064258721667e-01,0.000000000000000000e+00,4.294134668480171779e-01,0.000000000000000000e+00,4.051386082967856073e-01,3.663029249689241929e-01,3.905757595685122041e-01,0.000000000000000000e+00,4.410697297508878734e-01,1.054474693937562935e-01,0.000000000000000000e+00,3.805937875743782839e-01,4.320480904808172151e-01,3.872137973932717747e-01,3.925041929396819729e-01,3.786529483547202979e-01,0.000000000000000000e+00,0.000000000000000000e+00,3.898275037327290082e-01,0.000000000000000000e+00,3.830076604523356965e-01,0.000000000000000000e+00,0.000000000000000000e+00,0.000000000000000000e+00,0.000000000000000000e+00,0.000000000000000000e+00,0.000000000000000000e+00,0.000000000000000000e+00,0.000000000000000000e+00,0.000000000000000000e+00,0.000000000000000000e+00,0.000000000000000000e+00,0.000000000000000000e+00,0.000000000000000000e+00,0.000000000000000000e+00,4.640017937464487874e-01,0.000000000000000000e+00,4.492995678122653214e-01,0.000000000000000000e+00,0.000000000000000000e+00,0.000000000000000000e+00,0.000000000000000000e+00,1.224456067390810032e-01,4.245876017222917076e-01,0.000000000000000000e+00,0.000000000000000000e+00,0.000000000000000000e+00,0.000000000000000000e+00,0.000000000000000000e+00,4.763529015653836796e-01,4.474151814044298181e-01,4.646404304338240809e-01,0.000000000000000000e+00,0.000000000000000000e+00,0.000000000000000000e+00,0.000000000000000000e+00,0.000000000000000000e+00
4.130615463590112113e-01,4.012633021116012166e-01,0.000000000000000000e+00,0.000000000000000000e+00,0.000000000000000000e+00,4.225081394384527234e-01,4.417844052540290112e-01,4.733957491014130214e-01,1.723180217420489102e-01,3.849479994675112926e-01,0.000000000000000000e+00,3.800960319111079122e-01,4.497766221714842860e-01,0.000000000000000000e+00,4.053088270904426915e-01,3.495197404798582874e-01,3.646397199919970133e-01,0.000000000000000000e+00,0.000000000000000000e+00,4.223873743697751926e-01,4.159766171307512916e-01,4.186276511814359114e-01,4.467853366559347839e-01,4.005061029335650891e-01,3.812914687048257201e-01,4.075956759635027127e-01,4.217578708573397894e-01,4.239231756259184136e-01,4.339669924327830275e-01,0.000000000000000000e+00,3.969618266972199105e-01,4.459903321580253044e-01,3.800082966432020148e-01,4.019514109323674145e-01,3.983499329974550252e-01,0.000000000000000000e+00,0.000000000000000000e+00,0.000000000000000000e+00,4.573312652787647203e-01,4.259519932568553990e-01,4.430598783563959864e-01,4.236069108970538788e-01,0.000000000000000000e+00,0.000000000000000000e+00,0.000000000000000000e+00,4.627869775904274174e-01,4.300151151784262216e-01,0.000000000000000000e+00,0.000000000000000000e+00,0.000000000000000000e+00,0.000000000000000000e+00,0.000000000000000000e+00,0.000000000000000000e+00,0.000000000000000000e+00,4.427700812622141768e-01,0.000000000000000000e+00,4.304118902441340100e-01,0.000000000000000000e+00,0.000000000000000000e+00,0.000000000000000000e+00,4.317017257678673059e-01,4.274781928887952942e-01,4.392931567188672060e-01,0.000000000000000000e+00,0.000000000000000000e+00,0.000000000000000000e+00,3.970830644686110245e-01,0.000000000000000000e+00,4.603021828946952110e-01,4.422542385450445868e-01,4.681387169505432100e-01,0.000000000000000000e+00,0.000000000000000000e+00,0.000000000000000000e+00,0.000000000000000000e+00,4.381664447122030071e-01
0.000000000000000000e+00,0.000000000000000000e+00,2.895958266319738073e-01,2.066029598433027081e-01,4.032446992831725807e-01,4.282815093949278729e-01,4.754696900152627914e-01,4.642854411298542039e-01,3.242033354283193058e-01,2.172006366418093026e-01,2.575429232393044998e-01,1.541655912504223125e-01,4.630186083998897861e-01,3.681719086623380099e-01,0.000000000000000000e+00,0.000000000000000000e+00,0.000000000000000000e+00,0.000000000000000000e+00,0.000000000000000000e+00,0.000000000000000000e+00,0.000000000000000000e+00,0.000000000000000000e+00,3.021981814242283848e-01,0.000000000000000000e+00,0.000000000000000000e+00,0.000000000000000000e+00,3.902876679659088022e-01,4.701856860898839252e-01,0.000000000000000000e+00,0.000000000000000000e+00,4.744631398871579919e-01,4.203853876308337179e-01,0.000000000000000000e+00,4.646117416534032984e-01,4.702504741347173778e-01,4.029798524679493177e-01,4.670040436248615867e-01,5.547725546895128090e-01,6.435052299588699398e-01,0.000000000000000000e+00,0.000000000000000000e+00,0.000000000000000000e+00,5.104478385611461722e-01,0.000000000000000000e+00,0.000000000000000000e+00,0.000000000000000000e+00,0.000000000000000000e+00,5.084053061743893931e-01,0.000000000000000000e+00,2.430062499351599015e-01,5.924771495387144427e-01,2.778894807801816080e-01,5.477255456821513713e-01,5.728501878285275906e-01,0.000000000000000000e+00,4.762315649932348238e-01,0.000000000000000000e+00,1.847620863620250131e-01,5.549396910339341460e-01,0.000000000000000000e+00,0.000000000000000000e+00,0.000000000000000000e+00,0.000000000000000000e+00,5.003811653718149843e-01,0.000000000000000000e+00,0.000000000000000000e+00,0.000000000000000000e+00,5.557486782520479895e-01,0.000000000000000000e+00,0.000000000000000000e+00,0.000000000000000000e+00,5.672418059872703644e-01,0.000000000000000000e+00,0.000000000000000000e+00,0.000000000000000000e+00,0.000000000000000000e+00
4.123522238570728748e-01,4.020565390571441133e-01,0.000000000000000000e+00,1.817102136733224071e-01,4.142113090334398895e-01,3.937368343908029811e-01,4.134546971148905792e-01,3.982162520226221192e-01,4.151991055896888105e-01,1.064357389920402991e-01,0.000000000000000000e+00,0.000000000000000000e+00,4.077959799317109058e-01,0.000000000000000000e+00,3.641542979041432759e-01,4.056941186015257106e-01,5.534848064258721667e-01,4.223873743697751926e-01,0.000000000000000000e+00,0.000000000000000000e+00,4.154580081188566920e-01,3.765713944693486748e-01,3.231943929187885978e-01,0.000000000000000000e+00,3.969530487636401261e-01,4.220005320859319120e-01,3.466400704738468175e-01,3.676267879891801926e-01,3.331316347845419967e-01,3.640875025536903786e-01,3.921190166531746124e-01,4.519117875699191211e-01,3.844566142805836972e-01,4.489883960869697210e-01,4.943633671692245768e-01,5.602654089195239218e-01,5.300077693725462336e-01,0.000000000000000000e+00,4.602155769960615816e-01,4.811237406527441030e-01,5.000407557366628453e-01,5.197989603263772906e-01,2.673514485839840749e-01,0.000000000000000000e+00,0.000000000000000000e+00,0.000000000000000000e+00,4.887353847943475271e-01,0.000000000000000000e+00,0.000000000000000000e+00,0.000000000000000000e+00,1.166765226894813934e-01,0.000000000000000000e+00,1.731363718773800964e-01,0.000000000000000000e+00,0.000000000000000000e+00,0.000000000000000000e+00,0.000000000000000000e+00,1.728164616310444990e-01,0.000000000000000000e+00,4.878773400395202131e-01,1.948112228092699905e-01,0.000000000000000000e+00,0.000000000000000000e+00,0.000000000000000000e+00,5.029387841197034970e-01,4.765589709103920102e-01,4.533922161218836844e-01,5.106570953939142399e-01,0.000000000000000000e+00,5.431843124992783434e-01,4.843046357518044909e-01,5.315927630441199536e-01,5.148622175908332821e-01,4.784385805088097743e-01,1.118076663368391954e-01,5.415186299888333776e-01
3.439201161415227914e-01,4.040409169785612042e-01,0.000000000000000000e+00,0.000000000000000000e+00,0.000000000000000000e+00,3.977445489546104773e-01,0.000000000000000000e+00,4.183373299037119186e-01,0.000000000000000000e+00,0.000000000000000000e+00,0.000000000000000000e+00,0.000000000000000000e+00,3.814864288809238224e-01,4.277818231611703048e-01,3.725629302121962194e-01,4.107819906817867239e-01,0.000000000000000000e+00,4.159766171307512916e-01,0.000000000000000000e+00,4.154580081188566920e-01,0.000000000000000000e+00,4.227297870842494087e-01,3.742827840826705166e-01,4.224572198957751157e-01,3.901194863756524134e-01,3.843826551376167133e-01,4.083247028007913060e-01,4.174891591018922155e-01,3.904319143029466033e-01,0.000000000000000000e+00,4.025677891110069906e-01,4.169653956885432944e-01,3.677871163797171161e-01,4.269506849741652177e-01,4.825900135569656246e-01,0.000000000000000000e+00,0.000000000000000000e+00,0.000000000000000000e+00,4.530293420542645944e-01,4.932065600610935907e-01,4.870191853455944075e-01,5.197534518234263601e-01,0.000000000000000000e+00,0.000000000000000000e+00,0.000000000000000000e+00,4.131627074197233851e-01,4.647699512837812907e-01,0.000000000000000000e+00,0.000000000000000000e+00,0.000000000000000000e+00,4.183996576096913889e-01,0.000000000000000000e+00,3.955755633521086945e-01,0.000000000000000000e+00,0.000000000000000000e+00,0.000000000000000000e+00,0.000000000000000000e+00,1.023915041070437987e-01,0.000000000000000000e+00,4.792647901920569775e-01,5.088446364877986516e-01,0.000000000000000000e+00,0.000000000000000000e+00,0.000000000000000000e+00,4.683158673155807250e-01,4.266185173700736133e-01,4.825367007889013182e-01,4.859208001211339778e-01,0.000000000000000000e+00,1.266680572697488905e-01,5.147347093820046071e-01,5.003050599059990500e-01,4.937259682875482780e-01,4.637553776471022848e-01,0.000000000000000000e+00,5.639010049939560121e-01
