0.000000000000000000e+00,3.753726731934893257e-01,0.000000000000000000e+00,0.000000000000000000e+00,0.000000000000000000e+00,4.167051584150072152e-01,0.000000000000000000e+00,4.631885493823422184e-01,0.000000000000000000e+00,4.438282235923446950e-01,0.000000000000000000e+00,3.924661035746713766e-01,4.765216094612627074e-01,0.000000000000000000e+00,3.575586580303752871e-01,3.783721555560092820e-01,2.989209746504944976e-01,3.779076131338324207e-01,0.000000000000000000e+00,4.185542605817226258e-01,3.809508574518730151e-01,3.801698695777721015e-01,4.317319283068323243e-01,3.626147637586423778e-01,3.669737798904186277e-01,3.545007769666805864e-01,4.317161006661633937e-01,4.287115257749042896e-01,4.140087054275832790e-01,0.000000000000000000e+00,3.320109079556822773e-01,3.787348652408761840e-01,3.264558453440872254e-01,3.290633550617740877e-01,3.796169924394692252e-01,0.000000000000000000e+00,0.000000000000000000e+00,0.000000000000000000e+00,4.113783665749219942e-01,3.850684375925660929e-01,3.687790433770711251e-01,0.000000000000000000e+00,0.000000000000000000e+00,0.000000000000000000e+00,0.000000000000000000e+00,4.010968526939803769e-01,4.540872143928362803e-01,0.000000000000000000e+00,0.000000000000000000e+00,0.000000000000000000e+00,0.000000000000000000e+00,0.000000000000000000e+00,0.000000000000000000e+00,0.000000000000000000e+00,0.000000000000000000e+00,0.000000000000000000e+00,0.000000000000000000e+00,0.000000000000000000e+00,0.000000000000000000e+00,0.000000000000000000e+00,4.195990201396366803e-01,0.000000000000000000e+00,4.188419744287478208e-01,0.000000000000000000e+00,0.000000000000000000e+00,4.173763031556517178e-01,4.154896524559695825e-01,0.000000000000000000e+00,0.000000000000000000e+00,4.338235235074019980e-01,4.499196964487529038e-01,0.000000000000000000e+00,0.000000000000000000e+00,0.000000000000000000e+00,0.000000000000000000e+00,0.000000000000000000e+00
3.753726731934893257e-01,0.000000000000000000e+00,0.000000000000000000e+00,0.000000000000000000e+00,4.121030221257135917e-01,3.906676117358416911e-01,4.144806219051601071e-01,4.496628679980099741e-01,4.145962307363487143e-01,0.000000000000000000e+00,0.000000000000000000e+00,0.000000000000000000e+00,4.154356826868080832e-01,0.000000000000000000e+00,3.823033361419259091e-01,3.942757439248331108e-01,0.000000000000000000e+00,3.987574729414397057e-01,0.000000000000000000e+00,4.226975644662229192e-01,4.074682244338517223e-01,3.937000985313419132e-01,4.025345597015478893e-01,0.000000000000000000e+00,3.997853827522239167e-01,3.879131302924260227e-01,4.074558288189749078e-01,4.036523185955340765e-01,4.065362004745861069e-01,0.000000000000000000e+00,3.449627808790984851e-01,3.726148263131591198e-01,3.339993782458183236e-01,3.340586632008663015e-01,3.737581976628923108e-01,0.000000000000000000e+00,0.000000000000000000e+00,0.000000000000000000e+00,4.176753767732693245e-01,4.025978238852266911e-01,4.044634872214156740e-01,4.132663135363167095e-01,0.000000000000000000e+00,0.000000000000000000e+00,0.000000000000000000e+00,4.471156636209190904e-01,4.540440992013390908e-01,0.000000000000000000e+00,0.000000000000000000e+00,0.000000000000000000e+00,4.492851012012641920e-01,0.000000000000000000e+00,0.000000000000000000e+00,0.000000000000000000e+00,0.000000000000000000e+00,0.000000000000000000e+00,0.000000000000000000e+00,0.000000000000000000e+00,0.000000000000000000e+00,4.518180648314533143e-01,4.165874458977700256e-01,0.000000000000000000e+00,4.117108456154383034e-01,0.000000000000000000e+00,4.192545998748788971e-01,4.841703269905585083e-01,4.207192922164896265e-01,5.274208293363336075e-01,0.000000000000000000e+00,4.384764960903895226e-01,4.596510795470167832e-01,4.411512181994685089e-01,0.000000000000000000e+00,4.242301670827369198e-01,0.000000000000000000e+00,4.078420748332938772e-01
0.000000000000000000e+00,0.000000000000000000e+00,0.000000000000000000e+00,4.609189190396452140e-01,4.061758107416674757e-01,4.053172517620037829e-01,4.288741007660691884e-01,4.970315169701297053e-01,3.525074095000195196e-01,5.112328937165299125e-01,3.530800456723234837e-01,5.556007913658111974e-01,4.290673822677005811e-01,4.478126761640079945e-01,0.000000000000000000e+00,0.000000000000000000e+00,0.000000000000000000e+00,0.000000000000000000e+00,3.081523918240994808e-01,0.000000000000000000e+00,0.000000000000000000e+00,0.000000000000000000e+00,3.336565281301827057e-01,0.000000000000000000e+00,0.000000000000000000e+00,0.000000000000000000e+00,3.988194773828090955e-01,4.394270564860998096e-01,0.000000000000000000e+00,0.000000000000000000e+00,4.445305853481187897e-01,4.229279014274283099e-01,0.000000000000000000e+00,4.489632666968285113e-01,4.660447076932943133e-01,4.347119308188213127e-01,4.526113871371035269e-01,0.000000000000000000e+00,5.331919256369048732e-01,0.000000000000000000e+00,7.175182511396811513e-01,0.000000000000000000e+00,5.346773269272876439e-01,0.000000000000000000e+00,0.000000000000000000e+00,0.000000000000000000e+00,0.000000000000000000e+00,5.151353894498813535e-01,0.000000000000000000e+00,5.516161701339051815e-01,5.490619374525861351e-01,5.632270807993233763e-01,5.594194145996643774e-01,5.893798144285259388e-01,0.000000000000000000e+00,3.942518654610137063e-01,0.000000000000000000e+00,5.793755097886613692e-01,5.268650687840769065e-01,0.000000000000000000e+00,0.000000000000000000e+00,0.000000000000000000e+00,0.000000000000000000e+00,2.538140833250551176e-01,0.000000000000000000e+00,0.000000000000000000e+00,0.000000000000000000e+00,5.474496420019514531e-01,0.000000000000000000e+00,0.000000000000000000e+00,0.000000000000000000e+00,5.552682130543059591e-01,6.033454061668942492e-01,0.000000000000000000e+00,0.000000000000000000e+00,0.000000000000000000e+00
0.000000000000000000e+00,0.000000000000000000e+00,4.609189190396452140e-01,0.000000000000000000e+00,2.024942910272083119e-01,3.837726408351733731e-01,2.764874536369041902e-01,3.578172874740755960e-01,3.905331251652843227e-01,2.239371604945570027e-01,3.569002886187804813e-01,2.964238949018879188e-01,2.774074785878488103e-01,2.369376857723272944e-01,0.000000000000000000e+00,0.000000000000000000e+00,0.000000000000000000e+00,0.000000000000000000e+00,4.137731576141093770e-01,4.555813877619582231e-01,0.000000000000000000e+00,0.000000000000000000e+00,3.810363508738117133e-01,0.000000000000000000e+00,0.000000000000000000e+00,0.000000000000000000e+00,4.143136193597036221e-01,2.301283324266812091e-01,4.858635716586486852e-01,0.000000000000000000e+00,2.616856632626846091e-01,3.064232772377628033e-01,0.000000000000000000e+00,2.781261094650855914e-01,3.104642583587209903e-01,2.041029620719518045e-01,1.745611538283677877e-01,2.728187090089627120e-01,0.000000000000000000e+00,0.000000000000000000e+00,0.000000000000000000e+00,0.000000000000000000e+00,0.000000000000000000e+00,0.000000000000000000e+00,0.000000000000000000e+00,0.000000000000000000e+00,0.000000000000000000e+00,0.000000000000000000e+00,0.000000000000000000e+00,0.000000000000000000e+00,0.000000000000000000e+00,0.000000000000000000e+00,0.000000000000000000e+00,0.000000000000000000e+00,0.000000000000000000e+00,0.000000000000000000e+00,0.000000000000000000e+00,0.000000000000000000e+00,0.000000000000000000e+00,0.000000000000000000e+00,0.000000000000000000e+00,0.000000000000000000e+00,0.000000000000000000e+00,0.000000000000000000e+00,0.000000000000000000e+00,0.000000000000000000e+00,0.000000000000000000e+00,0.000000000000000000e+00,0.000000000000000000e+00,0.000000000000000000e+00,0.000000000000000000e+00,0.000000000000000000e+00,0.000000000000000000e+00,0.000000000000000000e+00,0.000000000000000000e+00,0.000000000000000000e+00
0.000000000000000000e+00,4.121030221257135917e-01,4.061758107416674757e-01,2.024942910272083119e-01,0.000000000000000000e+00,3.973287424119295030e-01,3.520738477331925020e-01,4.000132578508239223e-01,3.630773104411300078e-01,3.745381840565961129e-01,3.412133292969264931e-01,4.050250970225571234e-01,3.727007331143917801e-01,2.494224666597590900e-01,0.000000000000000000e+00,4.680321843379000035e-01,0.000000000000000000e+00,0.000000000000000000e+00,3.880613661416272842e-01,3.795345050284815724e-01,0.000000000000000000e+00,3.966662517504793151e-01,4.047031545831329957e-01,0.000000000000000000e+00,4.032458377109789938e-01,4.266093700947592993e-01,4.085231439084833771e-01,3.419945393142557744e-01,4.167099890272342178e-01,0.000000000000000000e+00,4.117450760701337198e-01,3.221898443344020091e-01,4.296939815030701992e-01,3.985246149811618732e-01,3.662107626609176214e-01,2.101582395655363922e-01,2.289500996124143040e-01,4.189780755870906037e-01,4.749528986310166956e-01,0.000000000000000000e+00,0.000000000000000000e+00,0.000000000000000000e+00,4.362986401302518802e-01,0.000000000000000000e+00,0.000000000000000000e+00,0.000000000000000000e+00,0.000000000000000000e+00,5.294742280422122249e-01,0.000000000000000000e+00,1.196853085045865017e-01,5.187776359450355645e-01,0.000000000000000000e+00,4.738507823114264106e-01,5.666216188152006783e-01,0.000000000000000000e+00,4.734652347183571086e-01,0.000000000000000000e+00,0.000000000000000000e+00,0.000000000000000000e+00,0.000000000000000000e+00,0.000000000000000000e+00,0.000000000000000000e+00,0.000000000000000000e+00,5.272387841352049742e-01,0.000000000000000000e+00,0.000000000000000000e+00,0.000000000000000000e+00,5.164253311579974914e-01,0.000000000000000000e+00,0.000000000000000000e+00,0.000000000000000000e+00,5.147473878556926286e-01,0.000000000000000000e+00,0.000000000000000000e+00,0.000000000000000000e+00,0.000000000000000000e+00
4.167051584150072152e-01,3.906676117358416911e-01,4.053172517620037829e-01,3.837726408351733731e-01,3.973287424119295030e-01,0.000000000000000000e+00,4.238322993104273184e-01,3.888851372187894229e-01,3.790742943800385900e-01,4.417556975173276834e-01,3.957939244473009932e-01,4.751357434432508797e-01,4.119020765152939800e-01,4.223557007629422100e-01,4.100020713863387067e-01,4.196897495777464071e-01,1.577053824631629020e-01,4.181040248628641876e-01,4.127882254665686257e-01,4.181095868727133236e-01,4.208330922438475175e-01,4.194791994632224852e-01,3.980012126638329817e-01,0.000000000000000000e+00,3.640603249555887100e-01,4.056689333881737247e-01,3.901156047336016841e-01,3.897081611294774817e-01,3.348991444053238120e-01,4.014528534283903216e-01,4.183776106815730866e-01,3.904040745653021838e-01,3.866810248105265746e-01,4.229064576290604838e-01,4.291462710936809755e-01,4.046505044279610774e-01,4.058239441580170914e-01,4.836167754452699863e-01,4.844826423697399798e-01,0.000000000000000000e+00,5.004462955856222584e-01,4.847741586252855006e-01,4.720559975372808914e-01,0.000000000000000000e+00,0.000000000000000000e+00,0.000000000000000000e+00,5.212536701151725405e-01,5.453277182848003113e-01,0.000000000000000000e+00,5.591966493753383061e-01,4.996682589150550080e-01,5.295774282578692427e-01,4.807003673898124219e-01,5.743166445960279365e-01,0.000000000000000000e+00,5.466397847142376865e-01,0.000000000000000000e+00,5.161665706767734063e-01,0.000000000000000000e+00,4.988251506632844778e-01,0.000000000000000000e+00,0.000000000000000000e+00,0.000000000000000000e+00,5.180248496346663289e-01,4.902395972835221216e-01,4.976407037127774102e-01,4.823441568529849843e-01,5.098321711751043761e-01,0.000000000000000000e+00,0.000000000000000000e+00,4.963369820664411125e-01,4.998426070555542777e-01,4.941814940744501117e-01,4.909471619984961954e-01,1.011516926898475971e-01,5.172134749175124613e-01
0.000000000000000000e+00,4.144806219051601071e-01,4.288741007660691884e-01,2.764874536369041902e-01,3.520738477331925020e-01,4.238322993104273184e-01,0.000000000000000000e+00,4.198627655212304743e-01,4.051828093681211218e-01,3.825161132750444226e-01,4.203338251715237894e-01,3.808994359835303767e-01,3.319650589514395178e-01,3.444977465821705276e-01,0.000000000000000000e+00,4.493145718473771089e-01,4.604790301673102881e-01,4.431008289113527732e-01,4.281304456878115006e-01,4.352850730645396737e-01,0.000000000000000000e+00,4.417406227940112728e-01,4.072166319883699925e-01,4.141824668048250113e-01,4.020292734079636277e-01,4.267505959493295142e-01,4.159717086418761034e-01,3.497837257704288771e-01,4.329707080685814002e-01,0.000000000000000000e+00,4.107013006926331089e-01,3.923011738007322058e-01,4.144619038333947070e-01,3.979510201015569737e-01,3.803674680643009953e-01,3.063754760405854038e-01,2.973830265712145149e-01,3.798337411201673230e-01,4.757780526936790100e-01,0.000000000000000000e+00,5.696761334081740236e-01,0.000000000000000000e+00,5.235418146769648118e-01,0.000000000000000000e+00,0.000000000000000000e+00,0.000000000000000000e+00,0.000000000000000000e+00,5.787889325440518373e-01,0.000000000000000000e+00,0.000000000000000000e+00,5.174790445705385045e-01,0.000000000000000000e+00,5.234506377104749530e-01,6.259828251631209817e-01,0.000000000000000000e+00,1.484293345485989957e-01,0.000000000000000000e+00,0.000000000000000000e+00,0.000000000000000000e+00,0.000000000000000000e+00,0.000000000000000000e+00,0.000000000000000000e+00,0.000000000000000000e+00,6.782332995438673517e-01,0.000000000000000000e+00,0.000000000000000000e+00,0.000000000000000000e+00,4.929270240234269740e-01,0.000000000000000000e+00,0.000000000000000000e+00,0.000000000000000000e+00,4.977924436310177114e-01,0.000000000000000000e+00,0.000000000000000000e+00,0.000000000000000000e+00,0.000000000000000000e+00
4.631885493823422184e-01,4.496628679980099741e-01,4.970315169701297053e-01,3.578172874740755960e-01,4.000132578508239223e-01,3.888851372187894229e-01,4.198627655212304743e-01,0.000000000000000000e+00,5.189460972400595784e-01,5.184235803979840851e-01,4.043853880256113031e-01,4.710459896603457208e-01,4.228923285162198842e-01,3.866722915870984822e-01,0.000000000000000000e+00,4.529206746833890906e-01,0.000000000000000000e+00,4.509615727270954166e-01,4.691241076090967854e-01,4.027251956173057978e-01,3.551945420109641760e-01,4.484971426028793728e-01,3.634712721965498994e-01,4.896726126691979264e-01,4.544754299176739787e-01,4.520423226007060924e-01,4.232664886108303826e-01,4.129985400334130197e-01,3.688512972674843904e-01,3.870857442596146725e-01,4.216028627577385057e-01,3.448363229452531820e-01,4.215790590711083752e-01,4.262936119478228925e-01,4.309157147736356053e-01,2.875905234440929159e-01,0.000000000000000000e+00,0.000000000000000000e+00,4.351269626036398108e-01,0.000000000000000000e+00,4.866745049752986829e-01,0.000000000000000000e+00,3.991822006986475158e-01,0.000000000000000000e+00,0.000000000000000000e+00,0.000000000000000000e+00,0.000000000000000000e+00,5.542589478974495609e-01,0.000000000000000000e+00,0.000000000000000000e+00,4.570806827024648800e-01,4.984886129531778121e-01,3.677696418599983863e-01,5.582360484495304531e-01,0.000000000000000000e+00,4.620325460809889817e-01,0.000000000000000000e+00,4.799027174017626018e-01,0.000000000000000000e+00,0.000000000000000000e+00,0.000000000000000000e+00,0.000000000000000000e+00,0.000000000000000000e+00,5.321283426137102257e-01,5.065417353973147296e-01,2.653153302172415184e-01,0.000000000000000000e+00,4.571714949696633057e-01,0.000000000000000000e+00,0.000000000000000000e+00,0.000000000000000000e+00,4.711611052043276904e-01,4.727083219204045172e-01,4.756080246128138178e-01,0.000000000000000000e+00,4.988032675207521027e-01
0.000000000000000000e+00,4.145962307363487143e-01,3.525074095000195196e-01,3.905331251652843227e-01,3.630773104411300078e-01,3.790742943800385900e-01,4.051828093681211218e-01,5.189460972400595784e-01,0.000000000000000000e+00,4.458275598504354842e-01,3.616130034286512140e-01,4.485409911361490920e-01,3.932531572130814057e-01,4.296688542696598945e-01,0.000000000000000000e+00,0.000000000000000000e+00,0.000000000000000000e+00,1.723180217420489102e-01,3.397348895337439223e-01,4.252017418861063769e-01,0.000000000000000000e+00,4.364167295038833272e-01,4.042882544675949763e-01,1.348241689002374066e-01,1.381552569281528919e-01,1.487972333815535952e-01,4.211381496201834773e-01,4.143339587155422943e-01,3.893081322489255758e-01,4.525414523872994810e-01,4.102976117163026903e-01,3.989466573088745749e-01,4.716056243007785143e-01,4.237397658946537859e-01,4.240523604445657901e-01,4.099454244539117997e-01,4.028674001565911156e-01,4.345442295203524874e-01,5.437347515613737414e-01,0.000000000000000000e+00,1.944270713845958065e-01,0.000000000000000000e+00,5.220134936304694495e-01,0.000000000000000000e+00,0.000000000000000000e+00,0.000000000000000000e+00,0.000000000000000000e+00,5.841702474917978005e-01,0.000000000000000000e+00,5.918619781511710309e-01,5.355326248750946760e-01,5.759914395136057630e-01,5.800553043150983301e-01,5.728379489590400553e-01,0.000000000000000000e+00,5.568481820927491110e-01,0.000000000000000000e+00,5.918081819219556117e-01,5.172562373703656347e-01,0.000000000000000000e+00,0.000000000000000000e+00,0.000000000000000000e+00,0.000000000000000000e+00,5.707559728822461098e-01,0.000000000000000000e+00,0.000000000000000000e+00,0.000000000000000000e+00,5.597676424029527364e-01,0.000000000000000000e+00,0.000000000000000000e+00,0.000000000000000000e+00,5.550412196947758225e-01,5.842279414327644638e-01,0.000000000000000000e+00,0.000000000000000000e+00,0.000000000000000000e+00
4.438282235923446950e-01,0.000000000000000000e+00,5.112328937165299125e-01,2.239371604945570027e-01,3.745381840565961129e-01,4.417556975173276834e-01,3.825161132750444226e-01,5.184235803979840851e-01,4.458275598504354842e-01,0.000000000000000000e+00,4.441044161259383172e-01,2.754940317776937153e-01,3.893825620391778153e-01,0.000000000000000000e+00,0.000000000000000000e+00,3.854290464385394244e-01,3.480520156190222147e-01,3.475588782978311087e-01,4.648331517614386899e-01,4.829600987272016921e-01,0.000000000000000000e+00,4.216796339039832753e-01,4.599022665503513796e-01,3.217280288182303161e-01,3.596863668548835880e-01,3.382640101705758906e-01,4.739289597846699786e-01,3.957751439666953863e-01,1.329312264403890997e-01,0.000000000000000000e+00,3.468138699912693967e-01,3.255700702271746017e-01,3.079297918803289846e-01,3.026790147007920040e-01,3.149577031098031998e-01,3.318652364249178865e-01,2.503418577322079064e-01,2.664716651513003853e-01,2.927337735847084232e-01,3.254408801332416834e-01,3.247114898405488170e-01,2.901690199825842087e-01,0.000000000000000000e+00,0.000000000000000000e+00,2.917091158038864207e-01,4.771736550521655795e-01,0.000000000000000000e+00,0.000000000000000000e+00,0.000000000000000000e+00,0.000000000000000000e+00,0.000000000000000000e+00,0.000000000000000000e+00,0.000000000000000000e+00,0.000000000000000000e+00,4.224829812455513922e-01,0.000000000000000000e+00,4.201343257866287928e-01,0.000000000000000000e+00,0.000000000000000000e+00,0.000000000000000000e+00,0.000000000000000000e+00,4.488758489465691781e-01,4.569905821333163920e-01,0.000000000000000000e+00,0.000000000000000000e+00,0.000000000000000000e+00,0.000000000000000000e+00,0.000000000000000000e+00,4.420079824541177094e-01,4.815163516719507819e-01,4.663560063531708155e-01,0.000000000000000000e+00,4.130239831693162111e-01,0.000000000000000000e+00,0.000000000000000000e+00,4.052062897608452174e-01
0.000000000000000000e+00,0.000000000000000000e+00,3.530800456723234837e-01,3.569002886187804813e-01,3.412133292969264931e-01,3.957939244473009932e-01,4.203338251715237894e-01,4.043853880256113031e-01,3.616130034286512140e-01,4.441044161259383172e-01,0.000000000000000000e+00,4.454002057740094056e-01,4.186474330517808151e-01,3.323043809696945017e-01,0.000000000000000000e+00,0.000000000000000000e+00,5.938308704158653528e-01,0.000000000000000000e+00,2.810418884220218794e-01,0.000000000000000000e+00,0.000000000000000000e+00,0.000000000000000000e+00,3.356818005498419799e-01,5.126874426546851327e-01,0.000000000000000000e+00,1.680492079956459883e-01,4.184968426912544226e-01,4.206532715398915157e-01,0.000000000000000000e+00,0.000000000000000000e+00,4.250014065058332902e-01,3.682674639242818904e-01,4.902484582176551142e-01,4.340676475306949889e-01,4.087908144326254933e-01,2.867239239051371236e-01,4.044865010632950897e-01,4.480869979037661044e-01,4.836272010689817158e-01,0.000000000000000000e+00,0.000000000000000000e+00,0.000000000000000000e+00,4.676234998615175775e-01,0.000000000000000000e+00,0.000000000000000000e+00,0.000000000000000000e+00,0.000000000000000000e+00,5.198790423390454718e-01,0.000000000000000000e+00,5.363113406419219853e-01,5.359295135037706048e-01,5.728862077712432166e-01,4.957121187384849192e-01,5.410921447737618850e-01,0.000000000000000000e+00,3.617784082865955764e-01,0.000000000000000000e+00,5.717885422869635192e-01,0.000000000000000000e+00,0.000000000000000000e+00,0.000000000000000000e+00,0.000000000000000000e+00,0.000000000000000000e+00,4.276505371737295835e-01,0.000000000000000000e+00,0.000000000000000000e+00,0.000000000000000000e+00,5.294354579522572157e-01,0.000000000000000000e+00,0.000000000000000000e+00,0.000000000000000000e+00,5.267989987069612301e-01,1.700380183479761886e-01,0.000000000000000000e+00,0.000000000000000000e+00,0.000000000000000000e+00
3.924661035746713766e-01,0.000000000000000000e+00,5.556007913658111974e-01,2.964238949018879188e-01,4.050250970225571234e-01,4.751357434432508797e-01,3.808994359835303767e-01,4.710459896603457208e-01,4.485409911361490920e-01,2.754940317776937153e-01,4.454002057740094056e-01,0.000000000000000000e+00,3.950931418196090839e-01,0.000000000000000000e+00,0.000000000000000000e+00,0.000000000000000000e+00,3.456016679556089266e-01,3.529964915676090942e-01,4.996156587209177879e-01,0.000000000000000000e+00,4.983219968146146983e-01,0.000000000000000000e+00,4.861064882428143830e-01,3.238417236985047243e-01,3.644063415130281980e-01,3.183065162095365941e-01,4.897012416607742780e-01,3.735704923925705079e-01,0.000000000000000000e+00,0.000000000000000000e+00,3.418898461265276745e-01,2.640930650640079258e-01,2.831442761606300929e-01,2.543650897273265765e-01,2.929901511006102743e-01,3.183576122529492847e-01,2.696100628385006970e-01,2.085832077136337004e-01,2.600279903105031098e-01,3.595713710869278268e-01,3.392889088060673242e-01,2.916909304468547903e-01,3.564039781265387896e-01,0.000000000000000000e+00,3.095038352921866132e-01,0.000000000000000000e+00,0.000000000000000000e+00,0.000000000000000000e+00,0.000000000000000000e+00,0.000000000000000000e+00,0.000000000000000000e+00,0.000000000000000000e+00,0.000000000000000000e+00,0.000000000000000000e+00,4.401678008287936983e-01,0.000000000000000000e+00,4.367877696051046810e-01,0.000000000000000000e+00,0.000000000000000000e+00,0.000000000000000000e+00,0.000000000000000000e+00,4.682192914371038905e-01,4.588399354447694756e-01,0.000000000000000000e+00,0.000000000000000000e+00,0.000000000000000000e+00,0.000000000000000000e+00,0.000000000000000000e+00,4.504522594041551198e-01,4.812165283335443910e-01,4.700834033725175276e-01,0.000000000000000000e+00,0.000000000000000000e+00,0.000000000000000000e+00,0.000000000000000000e+00,4.229380334773892858e-01
4.765216094612627074e-01,4.154356826868080832e-01,4.290673822677005811e-01,2.774074785878488103e-01,3.727007331143917801e-01,4.119020765152939800e-01,3.319650589514395178e-01,4.228923285162198842e-01,3.932531572130814057e-01,3.893825620391778153e-01,4.186474330517808151e-01,3.950931418196090839e-01,0.000000000000000000e+00,4.022602057487498772e-01,3.776742194466867764e-01,4.591707027267111219e-01,4.312956960043293209e-01,4.509826379358887194e-01,4.159962111751306924e-01,4.364781487337153210e-01,4.348878985395179253e-01,4.546618878876054759e-01,4.072678108282358211e-01,4.230289388596558120e-01,4.121759247514599767e-01,4.225866526191803252e-01,4.191423063981604136e-01,3.486342827221570739e-01,4.118011953264353875e-01,3.801986198435516884e-01,3.965832378774551970e-01,3.881999128575819857e-01,4.018936637044511762e-01,4.081039435013634753e-01,4.053499480045850145e-01,3.254721842272675913e-01,3.062258861940340138e-01,3.803641512564832072e-01,4.168950154598182190e-01,4.314429258666298006e-01,4.471057710300812005e-01,5.083593345597454682e-01,5.201002382247315037e-01,0.000000000000000000e+00,4.504409141621333879e-01,0.000000000000000000e+00,0.000000000000000000e+00,5.946416477470406470e-01,0.000000000000000000e+00,0.000000000000000000e+00,4.983608562078651882e-01,5.991457471372452215e-01,4.763903293993103083e-01,0.000000000000000000e+00,0.000000000000000000e+00,5.988005760208057193e-01,3.952239598584165181e-01,0.000000000000000000e+00,0.000000000000000000e+00,5.874220078911339682e-01,0.000000000000000000e+00,0.000000000000000000e+00,0.000000000000000000e+00,0.000000000000000000e+00,5.410159178169250405e-01,0.000000000000000000e+00,6.335615252481604509e-01,5.000710076845323870e-01,0.000000000000000000e+00,1.644983550037110998e-01,1.881866019945158952e-01,4.998911719829989830e-01,0.000000000000000000e+00,5.195113486117781676e-01,0.000000000000000000e+00,0.000000000000000000e+00
0.000000000000000000e+00,0.000000000000000000e+00,4.478126761640079945e-01,2.369376857723272944e-01,2.494224666597590900e-01,4.223557007629422100e-01,3.444977465821705276e-01,3.866722915870984822e-01,4.296688542696598945e-01,0.000000000000000000e+00,3.323043809696945017e-01,0.000000000000000000e+00,4.022602057487498772e-01,0.000000000000000000e+00,0.000000000000000000e+00,0.000000000000000000e+00,0.000000000000000000e+00,0.000000000000000000e+00,4.184018317810876963e-01,0.000000000000000000e+00,4.092489536333943079e-01,0.000000000000000000e+00,3.973758459036195179e-01,0.000000000000000000e+00,0.000000000000000000e+00,0.000000000000000000e+00,4.272608047287311805e-01,3.775008990583630930e-01,0.000000000000000000e+00,0.000000000000000000e+00,4.155045051576909954e-01,2.844858492854636101e-01,0.000000000000000000e+00,4.417425963709992742e-01,0.000000000000000000e+00,2.011550997584355960e-01,1.642805085460893044e-01,0.000000000000000000e+00,3.549399528236130141e-01,0.000000000000000000e+00,0.000000000000000000e+00,0.000000000000000000e+00,4.242439106278352856e-01,0.000000000000000000e+00,0.000000000000000000e+00,0.000000000000000000e+00,0.000000000000000000e+00,5.521608003995593927e-01,0.000000000000000000e+00,0.000000000000000000e+00,0.000000000000000000e+00,0.000000000000000000e+00,0.000000000000000000e+00,5.282445940174583798e-01,0.000000000000000000e+00,4.682425518811588194e-01,0.000000000000000000e+00,0.000000000000000000e+00,0.000000000000000000e+00,0.000000000000000000e+00,0.000000000000000000e+00,0.000000000000000000e+00,0.000000000000000000e+00,0.000000000000000000e+00,0.000000000000000000e+00,0.000000000000000000e+00,0.000000000000000000e+00,5.044083267198091747e-01,0.000000000000000000e+00,0.000000000000000000e+00,0.000000000000000000e+00,4.921783593207140206e-01,0.000000000000000000e+00,0.000000000000000000e+00,0.000000000000000000e+00,0.000000000000000000e+00
3.575586580303752871e-01,3.823033361419259091e-01,0.000000000000000000e+00,0.000000000000000000e+00,0.000000000000000000e+00,4.100020713863387067e-01,0.000000000000000000e+00,0.000000000000000000e+00,0.000000000000000000e+00,0.000000000000000000e+00,0.000000000000000000e+00,0.000000000000000000e+00,3.776742194466867764e-01,0.000000000000000000e+00,0.000000000000000000e+00,3.547137555658487762e-01,0.000000000000000000e+00,3.563787266976496948e-01,0.000000000000000000e+00,3.421889843248999141e-01,3.726327632468541817e-01,3.036037593048981909e-01,3.518545472375061989e-01,4.071258007952444080e-01,3.488071181696763001e-01,3.522903195068682880e-01,3.737041761892943015e-01,3.575710607048132039e-01,3.669830954411287260e-01,0.000000000000000000e+00,3.685126161560693947e-01,4.006384589401217888e-01,3.562414208806051197e-01,3.889819614910360879e-01,4.287846191189068068e-01,4.697801781693661805e-01,0.000000000000000000e+00,0.000000000000000000e+00,4.693605502378955796e-01,4.520131327958833989e-01,4.691179873341936868e-01,4.927740756206597239e-01,4.477133458165479252e-01,0.000000000000000000e+00,0.000000000000000000e+00,0.000000000000000000e+00,4.831877708865224830e-01,0.000000000000000000e+00,0.000000000000000000e+00,0.000000000000000000e+00,4.643939099876565058e-01,0.000000000000000000e+00,4.768382272384720788e-01,0.000000000000000000e+00,0.000000000000000000e+00,0.000000000000000000e+00,0.000000000000000000e+00,6.054220996366871388e-01,0.000000000000000000e+00,5.104066153176873843e-01,4.720902621315071213e-01,0.000000000000000000e+00,0.000000000000000000e+00,0.000000000000000000e+00,4.820504383441571727e-01,4.804644863100022145e-01,4.910233364681235169e-01,4.944044094335660056e-01,0.000000000000000000e+00,4.882929061101721202e-01,5.041583847495342274e-01,4.950283487056774123e-01,5.102168194008114277e-01,4.673349170446987055e-01,0.000000000000000000e+00,4.832429247634250080e-01
3.783721555560092820e-01,3.942757439248331108e-01,0.000000000000000000e+00,0.000000000000000000e+00,4.680321843379000035e-01,4.196897495777464071e-01,4.493145718473771089e-01,4.529206746833890906e-01,0.000000000000000000e+00,3.854290464385394244e-01,0.000000000000000000e+00,0.000000000000000000e+00,4.591707027267111219e-01,0.000000000000000000e+00,3.547137555658487762e-01,0.000000000000000000e+00,3.874629950300523817e-01,3.688384547454894857e-01,0.000000000000000000e+00,4.211251253126592209e-01,3.708048923521687912e-01,3.881763097335348967e-01,3.904208961094671748e-01,3.768894755817002173e-01,4.065122010543327224e-01,3.813189400103860760e-01,4.086598311108238790e-01,4.469267131873230769e-01,4.264781270328075746e-01,4.375644676874997918e-01,3.807175326200630816e-01,4.263268992649227873e-01,3.727099711027930251e-01,3.785581829164503809e-01,4.099083581800814224e-01,0.000000000000000000e+00,0.000000000000000000e+00,0.000000000000000000e+00,3.692307847012097910e-01,3.790572488877019253e-01,3.794870432635685242e-01,4.021259484215182756e-01,0.000000000000000000e+00,0.000000000000000000e+00,0.000000000000000000e+00,4.321967130075797248e-01,4.424986834042178852e-01,0.000000000000000000e+00,0.000000000000000000e+00,0.000000000000000000e+00,0.000000000000000000e+00,0.000000000000000000e+00,0.000000000000000000e+00,0.000000000000000000e+00,0.000000000000000000e+00,0.000000000000000000e+00,0.000000000000000000e+00,0.000000000000000000e+00,0.000000000000000000e+00,4.536146857066086779e-01,4.011077968653229964e-01,0.000000000000000000e+00,4.032600242559026826e-01,0.000000000000000000e+00,4.257258397995348775e-01,0.000000000000000000e+00,3.989848318687850837e-01,1.718447103613205129e-01,0.000000000000000000e+00,4.196545881459876060e-01,4.366418294865884175e-01,1.510972486137522885e-01,0.000000000000000000e+00,4.487517798752522769e-01,0.000000000000000000e+00,3.804101390024928198e-01
2.989209746504944976e-01,0.000000000000000000e+00,0.000000000000000000e+00,0.000000000000000000e+00,0.000000000000000000e+00,1.577053824631629020e-01,4.604790301673102881e-01,0.000000000000000000e+00,0.000000000000000000e+00,3.480520156190222147e-01,5.938308704158653528e-01,3.456016679556089266e-01,4.312956960043293209e-01,0.000000000000000000e+00,0.000000000000000000e+00,3.874629950300523817e-01,0.000000000000000000e+00,3.591973889124007169e-01,0.000000000000000000e+00,4.280288223402015091e-01,0.000000000000000000e+00,3.807499937891882791e-01,0.000000000000000000e+00,3.575795191675237850e-01,3.495788610546475828e-01,3.612983347226861874e-01,0.000000000000000000e+00,4.218335785625743073e-01,4.451300082054038820e-01,0.000000000000000000e+00,3.581458871226566032e-01,4.117957018833801053e-01,3.302369520246287160e-01,3.383076707083019219e-01,3.282356185983890118e-01,0.000000000000000000e+00,0.000000000000000000e+00,3.283093438061608915e-01,0.000000000000000000e+00,3.304686459052518788e-01,0.000000000000000000e+00,0.000000000000000000e+00,0.000000000000000000e+00,0.000000000000000000e+00,0.000000000000000000e+00,0.000000000000000000e+00,0.000000000000000000e+00,0.000000000000000000e+00,0.000000000000000000e+00,0.000000000000000000e+00,0.000000000000000000e+00,0.000000000000000000e+00,0.000000000000000000e+00,0.000000000000000000e+00,3.973939905541231110e-01,0.000000000000000000e+00,4.085955264178479096e-01,0.000000000000000000e+00,0.000000000000000000e+00,0.000000000000000000e+00,0.000000000000000000e+00,4.279938736344607864e-01,4.255831931775299060e-01,0.000000000000000000e+00,0.000000000000000000e+00,0.000000000000000000e+00,0.000000000000000000e+00,0.000000000000000000e+00,4.415763710711246848e-01,4.682717224155759084e-01,4.490176572596781268e-01,0.000000000000000000e+00,0.000000000000000000e+00,0.000000000000000000e+00,0.000000000000000000e+00,0.000000000000000000e+00
3.779076131338324207e-01,3.987574729414397057e-01,0.000000000000000000e+00,0.000000000000000000e+00,0.000000000000000000e+00,4.181040248628641876e-01,4.431008289113527732e-01,4.509615727270954166e-01,1.723180217420489102e-01,3.475588782978311087e-01,0.000000000000000000e+00,3.529964915676090942e-01,4.509826379358887194e-01,0.000000000000000000e+00,3.563787266976496948e-01,3.688384547454894857e-01,3.591973889124007169e-01,0.000000000000000000e+00,0.000000000000000000e+00,4.292806972815612077e-01,3.742213569250245064e-01,4.213512794402680117e-01,4.032469696557153260e-01,3.659000450042572128e-01,3.710290441303740749e-01,3.666796218880559177e-01,4.116281724820449184e-01,4.372865947338190895e-01,4.333420956385342082e-01,4.288700915968243210e-01,3.848163442006308221e-01,4.257955666862098254e-01,3.394120440768840230e-01,3.707466851940092178e-01,3.859652337732620841e-01,0.000000000000000000e+00,0.000000000000000000e+00,0.000000000000000000e+00,3.904277359445327833e-01,3.853853890970981855e-01,3.865586218691334230e-01,3.822446747044412896e-01,0.000000000000000000e+00,0.000000000000000000e+00,0.000000000000000000e+00,4.360053214664508792e-01,4.329060867052699213e-01,0.000000000000000000e+00,0.000000000000000000e+00,0.000000000000000000e+00,0.000000000000000000e+00,0.000000000000000000e+00,0.000000000000000000e+00,0.000000000000000000e+00,3.853781365028847161e-01,0.000000000000000000e+00,3.889689869891749807e-01,0.000000000000000000e+00,0.000000000000000000e+00,0.000000000000000000e+00,4.073393090660817895e-01,4.011935136392931200e-01,4.159607112019356179e-01,0.000000000000000000e+00,0.000000000000000000e+00,0.000000000000000000e+00,4.004738433348296045e-01,0.000000000000000000e+00,4.269412266837843140e-01,4.336708636219919200e-01,4.503052816228035882e-01,0.000000000000000000e+00,0.000000000000000000e+00,0.000000000000000000e+00,0.000000000000000000e+00,4.030629919312008758e-01
0.000000000000000000e+00,0.000000000000000000e+00,3.081523918240994808e-01,4.137731576141093770e-01,3.880613661416272842e-01,4.127882254665686257e-01,4.281304456878115006e-01,4.691241076090967854e-01,3.397348895337439223e-01,4.648331517614386899e-01,2.810418884220218794e-01,4.996156587209177879e-01,4.159962111751306924e-01,4.184018317810876963e-01,0.000000000000000000e+00,0.000000000000000000e+00,0.000000000000000000e+00,0.000000000000000000e+00,0.000000000000000000e+00,0.000000000000000000e+00,0.000000000000000000e+00,0.000000000000000000e+00,3.042520598998049164e-01,0.000000000000000000e+00,0.000000000000000000e+00,0.000000000000000000e+00,4.166004175652239794e-01,4.097446128807851751e-01,0.000000000000000000e+00,0.000000000000000000e+00,4.201980312347288193e-01,4.046261929744535135e-01,0.000000000000000000e+00,4.346775938527204786e-01,4.091460583874190204e-01,3.972348131132901194e-01,4.231684656396839106e-01,4.811885546692478144e-01,5.163243357067839323e-01,0.000000000000000000e+00,0.000000000000000000e+00,0.000000000000000000e+00,4.815100770926137863e-01,0.000000000000000000e+00,0.000000000000000000e+00,0.000000000000000000e+00,0.000000000000000000e+00,5.302965914632723488e-01,0.000000000000000000e+00,5.933755885886163872e-01,5.251084147475875152e-01,6.015909143836487560e-01,5.351102856278683317e-01,5.656692570134382869e-01,0.000000000000000000e+00,4.540167810287417116e-01,0.000000000000000000e+00,6.182188690531668085e-01,0.000000000000000000e+00,0.000000000000000000e+00,0.000000000000000000e+00,0.000000000000000000e+00,0.000000000000000000e+00,5.091052279598889951e-01,0.000000000000000000e+00,0.000000000000000000e+00,0.000000000000000000e+00,5.478404695538909852e-01,0.000000000000000000e+00,0.000000000000000000e+00,0.000000000000000000e+00,5.395186550617611099e-01,0.000000000000000000e+00,0.000000000000000000e+00,0.000000000000000000e+00,0.000000000000000000e+00
4.185542605817226258e-01,4.226975644662229192e-01,0.000000000000000000e+00,4.555813877619582231e-01,3.795345050284815724e-01,4.181095868727133236e-01,4.352850730645396737e-01,4.027251956173057978e-01,4.252017418861063769e-01,4.829600987272016921e-01,0.000000000000000000e+00,0.000000000000000000e+00,4.364781487337153210e-01,0.000000000000000000e+00,3.421889843248999141e-01,4.211251253126592209e-01,4.280288223402015091e-01,4.292806972815612077e-01,0.000000000000000000e+00,0.000000000000000000e+00,4.263865132802506785e-01,3.884136243439350045e-01,3.170493851313269107e-01,0.000000000000000000e+00,4.001355141885775124e-01,4.114207390415705046e-01,3.723712417027785215e-01,3.748154299391924238e-01,3.493667804614118966e-01,3.444372142419940275e-01,3.871533615267844231e-01,4.203162817528686146e-01,3.698438733235651088e-01,4.130911942709530882e-01,4.491400775539031165e-01,4.964629279879690937e-01,4.632749368235568044e-01,0.000000000000000000e+00,4.663201173590885151e-01,4.573541847489335788e-01,4.685065054887486147e-01,4.945726754760941812e-01,5.628229989552889778e-01,0.000000000000000000e+00,0.000000000000000000e+00,0.000000000000000000e+00,4.382350258526839237e-01,0.000000000000000000e+00,0.000000000000000000e+00,0.000000000000000000e+00,4.735311345116682835e-01,0.000000000000000000e+00,5.388708937623225559e-01,0.000000000000000000e+00,0.000000000000000000e+00,0.000000000000000000e+00,0.000000000000000000e+00,1.728164616310444990e-01,0.000000000000000000e+00,4.881889784172773750e-01,5.078381586469143949e-01,0.000000000000000000e+00,0.000000000000000000e+00,0.000000000000000000e+00,4.840717813870951125e-01,4.848467486818824890e-01,4.698398776359009044e-01,5.036819000840730975e-01,0.000000000000000000e+00,5.523048941443832183e-01,4.661152470976823725e-01,4.887812396299983098e-01,4.946408575901625193e-01,4.703999986699001212e-01,1.118076663368391954e-01,4.929585986845678724e-01
3.809508574518730151e-01,4.074682244338517223e-01,0.000000000000000000e+00,0.000000000000000000e+00,0.000000000000000000e+00,4.208330922438475175e-01,0.000000000000000000e+00,3.551945420109641760e-01,0.000000000000000000e+00,0.000000000000000000e+00,0.000000000000000000e+00,4.983219968146146983e-01,4.348878985395179253e-01,4.092489536333943079e-01,3.726327632468541817e-01,3.708048923521687912e-01,0.000000000000000000e+00,3.742213569250245064e-01,0.000000000000000000e+00,4.263865132802506785e-01,0.000000000000000000e+00,4.222817319538335057e-01,3.851365727620189028e-01,4.759196082519195903e-01,3.881993559034169761e-01,3.919074091057668796e-01,4.259222214036467724e-01,4.385320373533119209e-01,4.067554029653815961e-01,0.000000000000000000e+00,3.700997314800478777e-01,3.913486984029717064e-01,3.455684062494139841e-01,3.937176670256773980e-01,4.237276685458293835e-01,0.000000000000000000e+00,0.000000000000000000e+00,0.000000000000000000e+00,4.556421397650052274e-01,0.000000000000000000e+00,4.772466522257278743e-01,5.274957759841018001e-01,0.000000000000000000e+00,0.000000000000000000e+00,0.000000000000000000e+00,4.143936132313951193e-01,4.838521243068202859e-01,0.000000000000000000e+00,0.000000000000000000e+00,0.000000000000000000e+00,4.402321621277021091e-01,0.000000000000000000e+00,4.631290725050807855e-01,0.000000000000000000e+00,0.000000000000000000e+00,0.000000000000000000e+00,0.000000000000000000e+00,1.023915041070437987e-01,0.000000000000000000e+00,4.904407068567184225e-01,4.541468541411475823e-01,0.000000000000000000e+00,0.000000000000000000e+00,0.000000000000000000e+00,5.025757005973813252e-01,4.292093573664970130e-01,4.908981284250089061e-01,4.917791375827033074e-01,0.000000000000000000e+00,4.640827139202373108e-01,4.905866217463822898e-01,5.039433421936150292e-01,4.946165665728660121e-01,4.740635293487376889e-01,0.000000000000000000e+00,1.291941237833089950e-01
