0.000000000000000000e+00,4.102352912699723797e-01,0.000000000000000000e+00,0.000000000000000000e+00,0.000000000000000000e+00,3.918175193211937968e-01,0.000000000000000000e+00,5.239855539576215859e-01,0.000000000000000000e+00,4.242818880582777119e-01,0.000000000000000000e+00,4.092542333934608978e-01,4.632194070014187259e-01,0.000000000000000000e+00,4.209538141815235002e-01,4.260617400208129846e-01,4.756613157616648158e-01,4.123772885488797835e-01,0.000000000000000000e+00,4.719888613243580222e-01,4.331908777856385839e-01,4.147464556321677764e-01,4.861758293137807274e-01,3.735767484532873106e-01,3.978088001988636102e-01,3.752763754040865929e-01,4.743023955444494733e-01,4.341747761876826872e-01,4.565455651757108213e-01,0.000000000000000000e+00,3.871422369441602784e-01,4.065110739968680886e-01,3.561406109211748272e-01,3.607255957488628151e-01,4.044475433640327133e-01,0.000000000000000000e+00,0.000000000000000000e+00,4.997389411463761810e-01,4.835265242959249088e-01,4.743365382437956246e-01,4.925785509457126787e-01,0.000000000000000000e+00,0.000000000000000000e+00,0.000000000000000000e+00,0.000000000000000000e+00,4.556976893982004895e-01,5.140925860398384284e-01,0.000000000000000000e+00,0.000000000000000000e+00,0.000000000000000000e+00,0.000000000000000000e+00,0.000000000000000000e+00,0.000000000000000000e+00,0.000000000000000000e+00,0.000000000000000000e+00,0.000000000000000000e+00,0.000000000000000000e+00,0.000000000000000000e+00,0.000000000000000000e+00,0.000000000000000000e+00,4.765413016803294877e-01,0.000000000000000000e+00,4.657844062973309218e-01,0.000000000000000000e+00,0.000000000000000000e+00,0.000000000000000000e+00,5.351727427946423310e-01,0.000000000000000000e+00,0.000000000000000000e+00,4.665379123348352142e-01,5.142243073242894758e-01,0.000000000000000000e+00,0.000000000000000000e+00,0.000000000000000000e+00,0.000000000000000000e+00,4.878914851619415849e-01
4.102352912699723797e-01,0.000000000000000000e+00,0.000000000000000000e+00,0.000000000000000000e+00,4.341140641491176844e-01,4.162705143711393774e-01,4.451442055031240019e-01,4.987431598156263912e-01,4.094713712878381151e-01,0.000000000000000000e+00,0.000000000000000000e+00,0.000000000000000000e+00,4.393683420653495819e-01,0.000000000000000000e+00,4.342243610942392862e-01,4.443181066574661831e-01,0.000000000000000000e+00,4.409163762758486760e-01,0.000000000000000000e+00,4.356573408871275976e-01,4.398294276775012723e-01,4.318807868601157729e-01,4.600867961190662769e-01,0.000000000000000000e+00,4.209689943020372138e-01,4.272003241141691943e-01,4.396235619460351907e-01,4.275873272788591750e-01,4.214771538011852781e-01,0.000000000000000000e+00,3.707287458109698730e-01,3.944342991293893763e-01,3.572053222640507175e-01,3.570433851555457894e-01,4.030634899964810058e-01,0.000000000000000000e+00,0.000000000000000000e+00,0.000000000000000000e+00,4.869079669979499148e-01,4.773743070703750924e-01,4.820178407783353158e-01,5.146945077841355021e-01,0.000000000000000000e+00,0.000000000000000000e+00,0.000000000000000000e+00,4.806740625077616791e-01,5.103051860226673897e-01,0.000000000000000000e+00,0.000000000000000000e+00,0.000000000000000000e+00,5.076313256375019067e-01,0.000000000000000000e+00,0.000000000000000000e+00,0.000000000000000000e+00,0.000000000000000000e+00,0.000000000000000000e+00,0.000000000000000000e+00,0.000000000000000000e+00,0.000000000000000000e+00,5.123906808896306897e-01,4.680286747435756234e-01,0.000000000000000000e+00,4.344628612965237835e-01,0.000000000000000000e+00,4.785508728720038740e-01,5.225969091295257218e-01,5.141735940798700666e-01,5.334522823434811878e-01,0.000000000000000000e+00,4.534412804738284231e-01,5.179987280753456380e-01,5.125730109107876631e-01,0.000000000000000000e+00,4.794606119493742269e-01,0.000000000000000000e+00,4.518447564956258877e-01
0.000000000000000000e+00,0.000000000000000000e+00,0.000000000000000000e+00,5.127254180840283837e-01,4.080719587297753082e-01,4.065523131326874151e-01,4.625628526345295088e-01,5.158313661002430495e-01,3.043430146249995749e-01,1.366818454632532931e-01,3.681161727149849239e-01,1.446661517501139915e-01,4.808793158873810869e-01,4.671836345445016803e-01,0.000000000000000000e+00,0.000000000000000000e+00,0.000000000000000000e+00,0.000000000000000000e+00,2.891167508236632822e-01,0.000000000000000000e+00,0.000000000000000000e+00,0.000000000000000000e+00,3.139466338103564236e-01,0.000000000000000000e+00,0.000000000000000000e+00,0.000000000000000000e+00,3.433664137903960079e-01,4.882746258954889229e-01,0.000000000000000000e+00,0.000000000000000000e+00,4.903982658848803911e-01,4.605631238544887762e-01,0.000000000000000000e+00,4.828296282094969860e-01,4.970521898322938781e-01,4.345323126771852840e-01,4.775490453992710105e-01,0.000000000000000000e+00,5.747811672850763332e-01,0.000000000000000000e+00,1.357753081291697972e-01,0.000000000000000000e+00,5.232270362069781910e-01,0.000000000000000000e+00,0.000000000000000000e+00,0.000000000000000000e+00,0.000000000000000000e+00,4.640952849420417747e-01,0.000000000000000000e+00,5.567587760369330230e-01,5.703021280605000687e-01,5.936878723500624844e-01,5.723119488234195140e-01,6.120160457816494759e-01,0.000000000000000000e+00,5.451507600072298398e-01,0.000000000000000000e+00,1.620068532629561908e-01,5.526934480243007597e-01,0.000000000000000000e+00,0.000000000000000000e+00,0.000000000000000000e+00,0.000000000000000000e+00,2.992698657837867815e-01,0.000000000000000000e+00,0.000000000000000000e+00,0.000000000000000000e+00,6.270076797315603523e-01,0.000000000000000000e+00,0.000000000000000000e+00,0.000000000000000000e+00,5.967405025898412374e-01,1.895566312354675098e-01,0.000000000000000000e+00,0.000000000000000000e+00,0.000000000000000000e+00
0.000000000000000000e+00,0.000000000000000000e+00,5.127254180840283837e-01,0.000000000000000000e+00,2.420424732532633905e-01,4.388974314910705221e-01,2.800482580960120260e-01,3.785179020799204208e-01,4.275841837744202012e-01,3.079054944197908150e-01,3.554474190259405142e-01,0.000000000000000000e+00,3.216937146425957739e-01,2.582398818827513765e-01,0.000000000000000000e+00,0.000000000000000000e+00,0.000000000000000000e+00,0.000000000000000000e+00,4.491860393097805160e-01,4.872970972353409813e-01,0.000000000000000000e+00,0.000000000000000000e+00,4.281712738650301220e-01,0.000000000000000000e+00,0.000000000000000000e+00,0.000000000000000000e+00,4.610539396216424834e-01,2.889645220420924976e-01,0.000000000000000000e+00,0.000000000000000000e+00,3.845981907157973723e-01,3.038576017188435729e-01,0.000000000000000000e+00,3.159862763009215758e-01,3.723279547020506008e-01,2.035199512694222113e-01,1.937128365686814901e-01,3.636354378483244165e-01,0.000000000000000000e+00,0.000000000000000000e+00,0.000000000000000000e+00,0.000000000000000000e+00,0.000000000000000000e+00,0.000000000000000000e+00,0.000000000000000000e+00,0.000000000000000000e+00,0.000000000000000000e+00,0.000000000000000000e+00,0.000000000000000000e+00,0.000000000000000000e+00,0.000000000000000000e+00,0.000000000000000000e+00,0.000000000000000000e+00,0.000000000000000000e+00,0.000000000000000000e+00,0.000000000000000000e+00,0.000000000000000000e+00,0.000000000000000000e+00,0.000000000000000000e+00,0.000000000000000000e+00,0.000000000000000000e+00,0.000000000000000000e+00,0.000000000000000000e+00,0.000000000000000000e+00,0.000000000000000000e+00,0.000000000000000000e+00,0.000000000000000000e+00,0.000000000000000000e+00,0.000000000000000000e+00,0.000000000000000000e+00,0.000000000000000000e+00,0.000000000000000000e+00,0.000000000000000000e+00,0.000000000000000000e+00,0.000000000000000000e+00,0.000000000000000000e+00
0.000000000000000000e+00,4.341140641491176844e-01,4.080719587297753082e-01,2.420424732532633905e-01,0.000000000000000000e+00,4.176803234914819862e-01,3.489563761057842828e-01,4.412465577424781182e-01,3.463134033677339185e-01,4.188640466593013256e-01,3.242440422570341818e-01,4.245675457304879941e-01,3.723630403015590895e-01,3.187235978646035806e-01,0.000000000000000000e+00,4.727871715193260882e-01,0.000000000000000000e+00,0.000000000000000000e+00,3.762119176572811807e-01,0.000000000000000000e+00,0.000000000000000000e+00,4.380304472140665872e-01,4.373759749601560110e-01,0.000000000000000000e+00,4.268949318222372002e-01,4.255047770116435202e-01,4.306214810373730217e-01,3.605149725011497219e-01,4.373899747838833063e-01,0.000000000000000000e+00,4.067303711632476726e-01,3.448815054063020247e-01,4.367401661897674092e-01,4.239481757017455887e-01,4.484205618685067063e-01,2.623155664251324848e-01,2.384369578882717111e-01,4.532361981959360797e-01,6.310710836439867855e-01,0.000000000000000000e+00,0.000000000000000000e+00,0.000000000000000000e+00,4.188480719989167156e-01,0.000000000000000000e+00,0.000000000000000000e+00,0.000000000000000000e+00,0.000000000000000000e+00,5.321051034274425495e-01,0.000000000000000000e+00,6.641751365468185897e-01,5.699627368609702094e-01,0.000000000000000000e+00,5.154855034086659460e-01,5.817023714949746127e-01,0.000000000000000000e+00,4.889094686820211200e-01,0.000000000000000000e+00,0.000000000000000000e+00,0.000000000000000000e+00,0.000000000000000000e+00,0.000000000000000000e+00,0.000000000000000000e+00,0.000000000000000000e+00,5.197694538156159005e-01,0.000000000000000000e+00,0.000000000000000000e+00,0.000000000000000000e+00,5.690149770110869420e-01,0.000000000000000000e+00,0.000000000000000000e+00,0.000000000000000000e+00,5.704499705989541924e-01,0.000000000000000000e+00,0.000000000000000000e+00,0.000000000000000000e+00,0.000000000000000000e+00
3.918175193211937968e-01,4.162705143711393774e-01,4.065523131326874151e-01,4.388974314910705221e-01,4.176803234914819862e-01,0.000000000000000000e+00,4.631707633448917116e-01,4.970230575900784209e-01,4.097538060540766858e-01,4.711156171102353074e-01,4.178884915752429929e-01,1.587953379915570951e-01,4.377172421291626869e-01,5.073202090393021946e-01,4.335054101211999189e-01,4.369248959382197040e-01,1.577053824631629020e-01,4.224875623484392051e-01,4.157252629041717773e-01,4.117542805307343179e-01,4.499482407818937157e-01,4.423846397006758191e-01,4.603789268807682022e-01,0.000000000000000000e+00,3.825746607137592847e-01,4.330825888165844018e-01,4.204937065739358104e-01,4.391007312727526202e-01,4.016205942717063215e-01,4.606052878809074880e-01,4.710997672970991812e-01,4.461651589713339083e-01,4.073723612177295172e-01,4.661354670418361157e-01,4.684433177151126060e-01,4.456460843496634072e-01,4.538757457894100900e-01,1.323406039125313016e-01,5.582172754075768184e-01,0.000000000000000000e+00,5.595616246161148055e-01,1.337139184359505129e-01,5.327639152956326063e-01,0.000000000000000000e+00,0.000000000000000000e+00,0.000000000000000000e+00,1.837371231652606962e-01,6.148384584861262825e-01,0.000000000000000000e+00,6.154355376065253624e-01,5.846969626800706532e-01,5.857450902714692598e-01,5.591940426478031467e-01,6.167967200633169833e-01,0.000000000000000000e+00,5.876635239223310103e-01,0.000000000000000000e+00,5.781268377635259137e-01,0.000000000000000000e+00,5.291485700285065708e-01,0.000000000000000000e+00,0.000000000000000000e+00,0.000000000000000000e+00,6.001743854665642086e-01,5.081753930251304840e-01,4.864973424920864264e-01,5.125212421823720499e-01,5.894280109063180229e-01,0.000000000000000000e+00,0.000000000000000000e+00,4.982360130161965772e-01,5.837906357334572416e-01,5.592931284105683298e-01,5.288396101110438563e-01,6.335998691269821848e-01,5.857942298544455140e-01
0.000000000000000000e+00,4.451442055031240019e-01,4.625628526345295088e-01,2.800482580960120260e-01,3.489563761057842828e-01,4.631707633448917116e-01,0.000000000000000000e+00,5.464932558331164758e-01,4.311973199703033055e-01,4.288950046858052145e-01,4.182817460217584937e-01,4.198307738486273255e-01,3.704780658564341134e-01,3.352491025648007827e-01,0.000000000000000000e+00,4.810801268412790987e-01,4.958880804880734239e-01,4.546821363103666913e-01,4.452994871841784996e-01,4.767350103602602251e-01,0.000000000000000000e+00,4.998093484762721195e-01,4.861624819389662178e-01,4.400949621087240082e-01,4.209510074164243276e-01,4.366117153747460788e-01,4.737253492918014897e-01,3.460470284330612878e-01,4.861941784696345858e-01,0.000000000000000000e+00,4.415948286536383049e-01,4.030029468578826823e-01,4.265473903995046223e-01,4.213799461265317903e-01,4.319794864364890907e-01,3.074231696511325884e-01,2.873055840246219739e-01,3.964740114964924178e-01,6.373197468401846644e-01,0.000000000000000000e+00,7.175946816273927054e-01,0.000000000000000000e+00,6.303757377683403273e-01,0.000000000000000000e+00,0.000000000000000000e+00,0.000000000000000000e+00,0.000000000000000000e+00,6.173679337834145908e-01,0.000000000000000000e+00,0.000000000000000000e+00,5.771230095700777829e-01,0.000000000000000000e+00,6.041251440437691578e-01,6.682116593397009474e-01,0.000000000000000000e+00,1.484293345485989957e-01,0.000000000000000000e+00,0.000000000000000000e+00,0.000000000000000000e+00,0.000000000000000000e+00,0.000000000000000000e+00,0.000000000000000000e+00,0.000000000000000000e+00,7.573003328253684607e-01,0.000000000000000000e+00,0.000000000000000000e+00,0.000000000000000000e+00,5.692014531714505443e-01,0.000000000000000000e+00,0.000000000000000000e+00,0.000000000000000000e+00,5.592685964671723076e-01,0.000000000000000000e+00,0.000000000000000000e+00,0.000000000000000000e+00,0.000000000000000000e+00
5.239855539576215859e-01,4.987431598156263912e-01,5.158313661002430495e-01,3.785179020799204208e-01,4.412465577424781182e-01,4.970230575900784209e-01,5.464932558331164758e-01,0.000000000000000000e+00,4.981602750761217058e-01,0.000000000000000000e+00,3.884752260926733203e-01,0.000000000000000000e+00,5.063226569680556732e-01,3.607214890959872799e-01,0.000000000000000000e+00,4.966882279268711176e-01,0.000000000000000000e+00,4.842676994601444185e-01,4.503266378933618030e-01,0.000000000000000000e+00,4.566821468252277860e-01,0.000000000000000000e+00,4.368714529301300775e-01,5.286862440614683578e-01,4.954092217186251146e-01,5.004514875533464524e-01,4.989210765115730251e-01,4.801507171179955069e-01,4.393924127196793816e-01,4.584772862597916165e-01,5.011650117131460913e-01,3.946178136734411757e-01,4.257986167247541087e-01,5.018740706963518150e-01,4.708660147000234830e-01,3.279524352905168749e-01,0.000000000000000000e+00,0.000000000000000000e+00,5.577635750513603163e-01,0.000000000000000000e+00,5.618514075015289544e-01,0.000000000000000000e+00,3.735859924800061238e-01,0.000000000000000000e+00,0.000000000000000000e+00,0.000000000000000000e+00,0.000000000000000000e+00,5.579927545494015595e-01,0.000000000000000000e+00,5.575014871711462261e-01,5.100779152042151932e-01,5.749850946019808839e-01,4.422282195842904273e-01,5.555932244014079036e-01,0.000000000000000000e+00,4.954626094175269002e-01,0.000000000000000000e+00,5.446430140480342796e-01,0.000000000000000000e+00,5.418138229165241349e-01,0.000000000000000000e+00,0.000000000000000000e+00,0.000000000000000000e+00,5.166420908460880312e-01,5.427764203544238608e-01,5.896077472166614264e-01,0.000000000000000000e+00,5.487157243516314065e-01,0.000000000000000000e+00,0.000000000000000000e+00,0.000000000000000000e+00,5.675183023781043001e-01,5.380582426136204521e-01,5.387474880035109104e-01,0.000000000000000000e+00,5.790443700627012635e-01
0.000000000000000000e+00,4.094713712878381151e-01,3.043430146249995749e-01,4.275841837744202012e-01,3.463134033677339185e-01,4.097538060540766858e-01,4.311973199703033055e-01,4.981602750761217058e-01,0.000000000000000000e+00,4.704150122461344119e-01,3.385746506635480269e-01,1.505650924118258072e-01,4.164320386649079109e-01,4.320958434354693067e-01,0.000000000000000000e+00,0.000000000000000000e+00,0.000000000000000000e+00,1.723180217420489102e-01,3.132252477366658794e-01,0.000000000000000000e+00,0.000000000000000000e+00,0.000000000000000000e+00,4.610367645805883985e-01,1.348241689002374066e-01,4.487204763591057244e-01,4.710903447546896938e-01,4.069908864231592815e-01,4.725798883642545190e-01,4.532695255708649174e-01,0.000000000000000000e+00,4.847637977105154206e-01,4.481082082086551011e-01,4.823071951742022856e-01,4.674484790481520102e-01,4.644754975418738940e-01,4.193845715048333256e-01,4.483870656660403076e-01,4.480723058933824277e-01,5.506970856774338063e-01,0.000000000000000000e+00,1.944270713845958065e-01,0.000000000000000000e+00,4.441634044510596735e-01,0.000000000000000000e+00,0.000000000000000000e+00,0.000000000000000000e+00,0.000000000000000000e+00,6.009200634171452116e-01,0.000000000000000000e+00,5.990386491518413514e-01,5.659579350645405071e-01,6.080212272082795577e-01,5.678439168284244998e-01,5.699617578256359618e-01,0.000000000000000000e+00,5.260037766726769481e-01,0.000000000000000000e+00,6.373034925224519975e-01,4.912342096249747159e-01,0.000000000000000000e+00,0.000000000000000000e+00,0.000000000000000000e+00,0.000000000000000000e+00,5.661553404289773050e-01,0.000000000000000000e+00,0.000000000000000000e+00,0.000000000000000000e+00,6.062789576268438063e-01,0.000000000000000000e+00,0.000000000000000000e+00,0.000000000000000000e+00,5.977882984993061477e-01,6.118337625720752238e-01,0.000000000000000000e+00,0.000000000000000000e+00,0.000000000000000000e+00
4.242818880582777119e-01,0.000000000000000000e+00,1.366818454632532931e-01,3.079054944197908150e-01,4.188640466593013256e-01,4.711156171102353074e-01,4.288950046858052145e-01,0.000000000000000000e+00,4.704150122461344119e-01,0.000000000000000000e+00,4.592014761950424240e-01,3.089148718751147937e-01,4.270205438979390866e-01,0.000000000000000000e+00,0.000000000000000000e+00,3.921644294852166812e-01,3.661885763187466836e-01,3.869099103409736062e-01,1.150716520072545962e-01,5.389838075690457364e-01,0.000000000000000000e+00,1.131478320326588932e-01,5.181443257324722662e-01,3.539298009121938926e-01,3.611884718221538004e-01,3.641855710957350167e-01,5.201628851418356181e-01,4.070077710849044905e-01,1.329312264403890997e-01,0.000000000000000000e+00,3.443571394934397123e-01,3.643889765472980158e-01,3.253532334357683853e-01,3.236372684751949169e-01,3.386919981689647807e-01,2.861114338280412728e-01,2.692990704992365147e-01,2.808049417832835237e-01,3.962808462282427224e-01,4.219405236708457241e-01,4.252472088153326224e-01,3.567380748253892730e-01,0.000000000000000000e+00,0.000000000000000000e+00,3.867630795172553038e-01,0.000000000000000000e+00,0.000000000000000000e+00,0.000000000000000000e+00,0.000000000000000000e+00,0.000000000000000000e+00,0.000000000000000000e+00,0.000000000000000000e+00,0.000000000000000000e+00,0.000000000000000000e+00,4.875753293876174954e-01,0.000000000000000000e+00,4.851933740704237885e-01,5.046461808320050757e-01,0.000000000000000000e+00,0.000000000000000000e+00,0.000000000000000000e+00,4.675291619292161749e-01,4.165046961804372838e-01,0.000000000000000000e+00,0.000000000000000000e+00,0.000000000000000000e+00,0.000000000000000000e+00,0.000000000000000000e+00,4.405254175488521051e-01,4.677147058396132207e-01,4.785253689269449162e-01,0.000000000000000000e+00,4.522839712763807030e-01,0.000000000000000000e+00,0.000000000000000000e+00,4.750420556747638745e-01
0.000000000000000000e+00,0.000000000000000000e+00,3.681161727149849239e-01,3.554474190259405142e-01,3.242440422570341818e-01,4.178884915752429929e-01,4.182817460217584937e-01,3.884752260926733203e-01,3.385746506635480269e-01,4.592014761950424240e-01,0.000000000000000000e+00,4.863944191923493809e-01,4.288219321806999162e-01,3.301966517839965976e-01,0.000000000000000000e+00,0.000000000000000000e+00,6.139034660731850224e-01,0.000000000000000000e+00,3.035279458254381835e-01,0.000000000000000000e+00,0.000000000000000000e+00,0.000000000000000000e+00,3.646353853611872253e-01,0.000000000000000000e+00,0.000000000000000000e+00,1.680492079956459883e-01,4.041914248871323889e-01,4.376833755737785103e-01,0.000000000000000000e+00,0.000000000000000000e+00,4.585741080057467167e-01,3.887857473991425117e-01,4.960608944386897812e-01,4.488468929999435142e-01,4.434888924927307130e-01,3.146849800889904847e-01,4.043453708308684114e-01,4.522473911319415119e-01,4.937704049243031856e-01,0.000000000000000000e+00,0.000000000000000000e+00,0.000000000000000000e+00,4.455695756102461824e-01,0.000000000000000000e+00,0.000000000000000000e+00,0.000000000000000000e+00,0.000000000000000000e+00,4.558538063874454926e-01,0.000000000000000000e+00,4.777626874945418156e-01,0.000000000000000000e+00,5.264947666878249111e-01,4.870573107302734184e-01,5.389430635544185666e-01,0.000000000000000000e+00,3.189077281397523222e-01,0.000000000000000000e+00,5.435928126573366104e-01,4.638956022139036905e-01,0.000000000000000000e+00,0.000000000000000000e+00,0.000000000000000000e+00,0.000000000000000000e+00,2.871632988704633238e-01,0.000000000000000000e+00,0.000000000000000000e+00,0.000000000000000000e+00,5.415430148404307698e-01,0.000000000000000000e+00,0.000000000000000000e+00,0.000000000000000000e+00,5.284429636279611708e-01,1.700380183479761886e-01,0.000000000000000000e+00,0.000000000000000000e+00,0.000000000000000000e+00
4.092542333934608978e-01,0.000000000000000000e+00,1.446661517501139915e-01,0.000000000000000000e+00,4.245675457304879941e-01,1.587953379915570951e-01,4.198307738486273255e-01,0.000000000000000000e+00,1.505650924118258072e-01,3.089148718751147937e-01,4.863944191923493809e-01,0.000000000000000000e+00,4.181331860495028918e-01,0.000000000000000000e+00,0.000000000000000000e+00,0.000000000000000000e+00,3.853257933996594997e-01,3.676302850450626769e-01,1.541655912504223125e-01,0.000000000000000000e+00,5.304679281081289277e-01,0.000000000000000000e+00,1.457153629566030062e-01,3.314401644373722866e-01,3.631314045948837999e-01,3.445856468353299951e-01,1.478126499661331916e-01,3.972287245883093232e-01,0.000000000000000000e+00,0.000000000000000000e+00,3.471351144318373105e-01,3.014607598407680888e-01,2.919737803841426782e-01,2.840395637162946851e-01,3.405897152104914172e-01,3.479817288589862057e-01,3.464697033475778731e-01,2.506293780937489113e-01,4.382920109814441023e-01,4.160244461747423239e-01,3.988522965771748030e-01,0.000000000000000000e+00,0.000000000000000000e+00,0.000000000000000000e+00,3.898057075852238151e-01,0.000000000000000000e+00,0.000000000000000000e+00,0.000000000000000000e+00,0.000000000000000000e+00,0.000000000000000000e+00,0.000000000000000000e+00,0.000000000000000000e+00,0.000000000000000000e+00,0.000000000000000000e+00,4.831104273304572261e-01,0.000000000000000000e+00,4.761283689045581746e-01,5.135100763575143334e-01,0.000000000000000000e+00,0.000000000000000000e+00,0.000000000000000000e+00,4.816594460000558908e-01,4.461476889773435262e-01,0.000000000000000000e+00,0.000000000000000000e+00,0.000000000000000000e+00,0.000000000000000000e+00,0.000000000000000000e+00,4.349348670583482734e-01,4.745915005805450004e-01,4.780733048220116022e-01,0.000000000000000000e+00,4.654426656719276023e-01,0.000000000000000000e+00,0.000000000000000000e+00,4.585371538846527151e-01
4.632194070014187259e-01,4.393683420653495819e-01,4.808793158873810869e-01,3.216937146425957739e-01,3.723630403015590895e-01,4.377172421291626869e-01,3.704780658564341134e-01,5.063226569680556732e-01,4.164320386649079109e-01,4.270205438979390866e-01,4.288219321806999162e-01,4.181331860495028918e-01,0.000000000000000000e+00,3.789078510747612150e-01,4.180341680273029215e-01,4.975406038163889821e-01,4.614305275343170143e-01,4.667211613760505196e-01,4.596078429712803226e-01,4.591733260344686984e-01,4.829515826369613074e-01,4.911280484086215092e-01,4.785620974011469131e-01,4.417242483692159771e-01,4.283368146696043821e-01,4.284764119104096936e-01,4.689772272812615106e-01,3.702883515269705939e-01,4.464383845027118936e-01,4.125007552961412194e-01,4.245335693244036146e-01,4.133921837583006131e-01,4.358491839891313058e-01,4.314217320085442231e-01,4.414058186368701731e-01,3.280879826493748874e-01,3.282031696964369250e-01,3.984792476622467938e-01,4.774371857263058905e-01,5.185664915891033955e-01,5.231832415521363577e-01,5.685861999644383769e-01,5.643959992643788892e-01,0.000000000000000000e+00,4.837591693546612892e-01,0.000000000000000000e+00,0.000000000000000000e+00,6.415364562411678406e-01,0.000000000000000000e+00,0.000000000000000000e+00,5.536603751600186474e-01,6.662605774667345049e-01,5.406565362320089330e-01,0.000000000000000000e+00,0.000000000000000000e+00,6.713215714771965104e-01,5.003680890768409384e-01,0.000000000000000000e+00,0.000000000000000000e+00,6.618699319146966742e-01,0.000000000000000000e+00,0.000000000000000000e+00,0.000000000000000000e+00,0.000000000000000000e+00,5.734422270488643836e-01,0.000000000000000000e+00,6.367308350505185288e-01,5.729398978554101074e-01,0.000000000000000000e+00,6.717308903624993333e-01,6.057139677126252009e-01,5.643456468414864702e-01,0.000000000000000000e+00,5.769844102683122644e-01,0.000000000000000000e+00,0.000000000000000000e+00
0.000000000000000000e+00,0.000000000000000000e+00,4.671836345445016803e-01,2.582398818827513765e-01,3.187235978646035806e-01,5.073202090393021946e-01,3.352491025648007827e-01,3.607214890959872799e-01,4.320958434354693067e-01,0.000000000000000000e+00,3.301966517839965976e-01,0.000000000000000000e+00,3.789078510747612150e-01,0.000000000000000000e+00,0.000000000000000000e+00,0.000000000000000000e+00,0.000000000000000000e+00,0.000000000000000000e+00,3.833315654505979886e-01,0.000000000000000000e+00,4.853545841088579005e-01,0.000000000000000000e+00,4.503354532292754842e-01,0.000000000000000000e+00,0.000000000000000000e+00,0.000000000000000000e+00,4.855742601355870769e-01,3.566046781564535251e-01,0.000000000000000000e+00,0.000000000000000000e+00,4.874069425211587925e-01,3.226410435588205061e-01,0.000000000000000000e+00,3.386225470901855217e-01,0.000000000000000000e+00,2.334384086602787067e-01,1.948034331972496036e-01,0.000000000000000000e+00,0.000000000000000000e+00,0.000000000000000000e+00,0.000000000000000000e+00,0.000000000000000000e+00,3.900628066065919830e-01,0.000000000000000000e+00,0.000000000000000000e+00,0.000000000000000000e+00,0.000000000000000000e+00,5.431353502350806384e-01,0.000000000000000000e+00,0.000000000000000000e+00,0.000000000000000000e+00,0.000000000000000000e+00,0.000000000000000000e+00,5.227352063300026996e-01,0.000000000000000000e+00,4.756133036426771765e-01,0.000000000000000000e+00,0.000000000000000000e+00,0.000000000000000000e+00,0.000000000000000000e+00,0.000000000000000000e+00,0.000000000000000000e+00,0.000000000000000000e+00,0.000000000000000000e+00,0.000000000000000000e+00,0.000000000000000000e+00,0.000000000000000000e+00,5.718614473392885644e-01,0.000000000000000000e+00,0.000000000000000000e+00,0.000000000000000000e+00,0.000000000000000000e+00,0.000000000000000000e+00,0.000000000000000000e+00,0.000000000000000000e+00,0.000000000000000000e+00
4.209538141815235002e-01,4.342243610942392862e-01,0.000000000000000000e+00,0.000000000000000000e+00,0.000000000000000000e+00,4.335054101211999189e-01,0.000000000000000000e+00,0.000000000000000000e+00,0.000000000000000000e+00,0.000000000000000000e+00,0.000000000000000000e+00,0.000000000000000000e+00,4.180341680273029215e-01,0.000000000000000000e+00,0.000000000000000000e+00,4.435535016856739232e-01,0.000000000000000000e+00,4.216322179912350143e-01,0.000000000000000000e+00,3.733684324342699257e-01,4.109866586103785857e-01,3.958666308441411985e-01,3.834626454851733923e-01,4.790029155906059821e-01,4.106854909345272753e-01,4.106131229239743941e-01,4.422966590100689821e-01,4.190317915556239781e-01,4.165354889954572815e-01,0.000000000000000000e+00,4.250863941441068161e-01,4.529592328326468853e-01,4.563447605522842898e-01,4.424868514806226116e-01,4.995984356194433929e-01,5.264953847817290811e-01,0.000000000000000000e+00,0.000000000000000000e+00,5.299860108714011808e-01,5.377224376254888805e-01,5.319746750858134199e-01,5.555077710224722853e-01,0.000000000000000000e+00,0.000000000000000000e+00,0.000000000000000000e+00,0.000000000000000000e+00,4.954265229932350856e-01,0.000000000000000000e+00,0.000000000000000000e+00,0.000000000000000000e+00,5.179185483332419127e-01,0.000000000000000000e+00,5.681123319891896450e-01,0.000000000000000000e+00,0.000000000000000000e+00,0.000000000000000000e+00,0.000000000000000000e+00,6.703235768273755335e-01,0.000000000000000000e+00,5.144614492393826399e-01,5.226677081713080320e-01,0.000000000000000000e+00,0.000000000000000000e+00,0.000000000000000000e+00,5.170709561982677060e-01,5.223548732922640436e-01,5.211902876586237410e-01,5.480977496669565685e-01,0.000000000000000000e+00,5.624692709622926001e-01,5.461810507119708724e-01,5.419005505797712674e-01,5.793959891011732921e-01,5.297282179501033861e-01,0.000000000000000000e+00,5.324779044254559501e-01
4.260617400208129846e-01,4.443181066574661831e-01,0.000000000000000000e+00,0.000000000000000000e+00,4.727871715193260882e-01,4.369248959382197040e-01,4.810801268412790987e-01,4.966882279268711176e-01,0.000000000000000000e+00,3.921644294852166812e-01,0.000000000000000000e+00,0.000000000000000000e+00,4.975406038163889821e-01,0.000000000000000000e+00,4.435535016856739232e-01,0.000000000000000000e+00,4.081637738600540910e-01,3.676673618244353237e-01,0.000000000000000000e+00,4.377283628486315914e-01,4.593020082709639018e-01,4.241843888834734844e-01,4.715739536220522887e-01,3.949250651329884731e-01,4.095565029924149725e-01,4.352159173449591245e-01,4.537708970202166125e-01,4.780458145869421749e-01,4.691294618371836256e-01,4.782535842246931068e-01,3.970349596805388126e-01,4.524252865329403961e-01,3.812799395926690926e-01,3.976382129715581026e-01,4.565874227557774057e-01,0.000000000000000000e+00,0.000000000000000000e+00,0.000000000000000000e+00,4.790468662759088114e-01,4.549971653199622046e-01,4.483140854530521247e-01,5.135551291935042117e-01,0.000000000000000000e+00,0.000000000000000000e+00,0.000000000000000000e+00,4.789853168766636804e-01,4.866225163817377020e-01,0.000000000000000000e+00,0.000000000000000000e+00,0.000000000000000000e+00,0.000000000000000000e+00,0.000000000000000000e+00,0.000000000000000000e+00,0.000000000000000000e+00,0.000000000000000000e+00,0.000000000000000000e+00,0.000000000000000000e+00,0.000000000000000000e+00,0.000000000000000000e+00,5.129700047565758370e-01,4.482041088111340943e-01,0.000000000000000000e+00,4.290687583329962917e-01,0.000000000000000000e+00,5.120338864843851923e-01,5.028767732327902307e-01,4.966074484510742959e-01,1.718447103613205129e-01,0.000000000000000000e+00,4.259406716864659881e-01,5.008226896340945977e-01,1.510972486137522885e-01,0.000000000000000000e+00,5.530879061505143968e-01,0.000000000000000000e+00,4.311843407463474276e-01
4.756613157616648158e-01,0.000000000000000000e+00,0.000000000000000000e+00,0.000000000000000000e+00,0.000000000000000000e+00,1.577053824631629020e-01,4.958880804880734239e-01,0.000000000000000000e+00,0.000000000000000000e+00,3.661885763187466836e-01,6.139034660731850224e-01,3.853257933996594997e-01,4.614305275343170143e-01,0.000000000000000000e+00,0.000000000000000000e+00,4.081637738600540910e-01,0.000000000000000000e+00,3.722031232656916044e-01,0.000000000000000000e+00,4.439591765959526870e-01,0.000000000000000000e+00,4.142449155156712193e-01,0.000000000000000000e+00,4.193667695916081239e-01,3.852225784577659740e-01,3.859009134375858130e-01,0.000000000000000000e+00,4.445174743093067149e-01,1.054474693937562935e-01,0.000000000000000000e+00,3.794718493388383185e-01,4.070781624966547940e-01,3.576740761470665886e-01,3.956050927512870241e-01,3.642827709503415057e-01,0.000000000000000000e+00,0.000000000000000000e+00,3.772485523682050923e-01,0.000000000000000000e+00,4.513072286142658096e-01,0.000000000000000000e+00,0.000000000000000000e+00,0.000000000000000000e+00,0.000000000000000000e+00,0.000000000000000000e+00,0.000000000000000000e+00,0.000000000000000000e+00,0.000000000000000000e+00,0.000000000000000000e+00,0.000000000000000000e+00,0.000000000000000000e+00,0.000000000000000000e+00,0.000000000000000000e+00,0.000000000000000000e+00,5.185567006877855878e-01,0.000000000000000000e+00,4.945597703613393015e-01,0.000000000000000000e+00,0.000000000000000000e+00,0.000000000000000000e+00,0.000000000000000000e+00,4.929799744808286976e-01,4.671049608063393976e-01,0.000000000000000000e+00,0.000000000000000000e+00,0.000000000000000000e+00,0.000000000000000000e+00,0.000000000000000000e+00,5.117415708926155160e-01,5.215706248959710578e-01,5.112621984219914983e-01,0.000000000000000000e+00,0.000000000000000000e+00,0.000000000000000000e+00,0.000000000000000000e+00,0.000000000000000000e+00
4.123772885488797835e-01,4.409163762758486760e-01,0.000000000000000000e+00,0.000000000000000000e+00,0.000000000000000000e+00,4.224875623484392051e-01,4.546821363103666913e-01,4.842676994601444185e-01,1.723180217420489102e-01,3.869099103409736062e-01,0.000000000000000000e+00,3.676302850450626769e-01,4.667211613760505196e-01,0.000000000000000000e+00,4.216322179912350143e-01,3.676673618244353237e-01,3.722031232656916044e-01,0.000000000000000000e+00,0.000000000000000000e+00,4.280959979912208890e-01,4.427548899692863027e-01,4.304270966092123007e-01,4.613235360543803121e-01,4.051951127497219751e-01,3.845917842097619221e-01,4.059568831945670198e-01,4.410294441007652777e-01,4.504548193921977806e-01,4.499741750282614250e-01,4.726284684664753821e-01,3.966536961181376109e-01,4.267980663250228734e-01,3.535516252527565739e-01,3.916779161141339949e-01,3.815352881499118887e-01,0.000000000000000000e+00,0.000000000000000000e+00,0.000000000000000000e+00,4.729442593736191136e-01,4.566698000496793863e-01,4.549541599239966816e-01,4.306429147619794118e-01,0.000000000000000000e+00,0.000000000000000000e+00,0.000000000000000000e+00,4.654169266172907826e-01,4.804245687775328122e-01,0.000000000000000000e+00,0.000000000000000000e+00,0.000000000000000000e+00,0.000000000000000000e+00,0.000000000000000000e+00,0.000000000000000000e+00,0.000000000000000000e+00,4.987243240215366025e-01,0.000000000000000000e+00,4.806025673915566010e-01,0.000000000000000000e+00,0.000000000000000000e+00,0.000000000000000000e+00,4.535007245344875870e-01,4.771709528311585125e-01,4.718766797310098848e-01,0.000000000000000000e+00,0.000000000000000000e+00,0.000000000000000000e+00,4.646789685949452853e-01,0.000000000000000000e+00,4.733754781349349128e-01,4.725500414507443070e-01,4.903819482681204822e-01,0.000000000000000000e+00,0.000000000000000000e+00,0.000000000000000000e+00,0.000000000000000000e+00,4.433985559950232025e-01
0.000000000000000000e+00,0.000000000000000000e+00,2.891167508236632822e-01,4.491860393097805160e-01,3.762119176572811807e-01,4.157252629041717773e-01,4.452994871841784996e-01,4.503266378933618030e-01,3.132252477366658794e-01,1.150716520072545962e-01,3.035279458254381835e-01,1.541655912504223125e-01,4.596078429712803226e-01,3.833315654505979886e-01,0.000000000000000000e+00,0.000000000000000000e+00,0.000000000000000000e+00,0.000000000000000000e+00,0.000000000000000000e+00,0.000000000000000000e+00,0.000000000000000000e+00,0.000000000000000000e+00,3.047121385367793089e-01,0.000000000000000000e+00,0.000000000000000000e+00,0.000000000000000000e+00,3.708337466231965140e-01,4.667313263007059065e-01,0.000000000000000000e+00,0.000000000000000000e+00,4.733890263646156060e-01,4.369333677127755777e-01,0.000000000000000000e+00,4.598807927803925111e-01,4.694446953817368873e-01,3.982322153876188264e-01,1.075275400890906979e-01,1.031902039238388052e-01,0.000000000000000000e+00,0.000000000000000000e+00,0.000000000000000000e+00,0.000000000000000000e+00,4.638394872759966092e-01,0.000000000000000000e+00,0.000000000000000000e+00,0.000000000000000000e+00,0.000000000000000000e+00,5.218703707434898531e-01,0.000000000000000000e+00,5.646337649171703221e-01,6.375171491428166526e-01,5.794286415306384441e-01,5.143016092496695002e-01,5.789221845219374440e-01,0.000000000000000000e+00,4.694789346369901972e-01,0.000000000000000000e+00,1.847620863620250131e-01,5.708215580281948975e-01,0.000000000000000000e+00,0.000000000000000000e+00,0.000000000000000000e+00,0.000000000000000000e+00,5.207632428789557011e-01,0.000000000000000000e+00,0.000000000000000000e+00,0.000000000000000000e+00,5.926477301500483463e-01,0.000000000000000000e+00,0.000000000000000000e+00,0.000000000000000000e+00,5.859618955838181709e-01,0.000000000000000000e+00,0.000000000000000000e+00,0.000000000000000000e+00,0.000000000000000000e+00
4.719888613243580222e-01,4.356573408871275976e-01,0.000000000000000000e+00,4.872970972353409813e-01,0.000000000000000000e+00,4.117542805307343179e-01,4.767350103602602251e-01,0.000000000000000000e+00,0.000000000000000000e+00,5.389838075690457364e-01,0.000000000000000000e+00,0.000000000000000000e+00,4.591733260344686984e-01,0.000000000000000000e+00,3.733684324342699257e-01,4.377283628486315914e-01,4.439591765959526870e-01,4.280959979912208890e-01,0.000000000000000000e+00,0.000000000000000000e+00,4.540224920151321175e-01,3.934713460644143068e-01,3.292557260489586968e-01,0.000000000000000000e+00,3.989545096886341069e-01,4.661682728614979787e-01,3.962354705327150728e-01,4.183874526784295833e-01,3.614461364032959811e-01,3.864993408579279199e-01,3.954821145752455136e-01,4.425454441924330240e-01,4.105313888208815820e-01,4.307673956832597240e-01,4.849237028496495849e-01,5.128154012679270179e-01,4.918025938719824963e-01,0.000000000000000000e+00,5.076638462026624721e-01,4.950453632635202217e-01,5.261451762514162134e-01,5.541709903081278865e-01,1.085571697441179012e-01,0.000000000000000000e+00,0.000000000000000000e+00,0.000000000000000000e+00,4.568489907365894109e-01,0.000000000000000000e+00,0.000000000000000000e+00,0.000000000000000000e+00,1.166765226894813934e-01,0.000000000000000000e+00,5.933358516827341722e-01,0.000000000000000000e+00,0.000000000000000000e+00,0.000000000000000000e+00,0.000000000000000000e+00,6.163148760757450884e-01,0.000000000000000000e+00,5.190830435332696169e-01,1.948112228092699905e-01,0.000000000000000000e+00,0.000000000000000000e+00,0.000000000000000000e+00,5.184471929843182947e-01,4.899919230547102877e-01,5.122730935391515139e-01,5.371408733292488691e-01,0.000000000000000000e+00,1.902737318307902992e-01,5.080224982839053327e-01,5.413655833602076806e-01,5.451978792465590473e-01,5.164358673157838364e-01,6.844380887218428633e-01,5.343590004103525581e-01
4.331908777856385839e-01,4.398294276775012723e-01,0.000000000000000000e+00,0.000000000000000000e+00,0.000000000000000000e+00,4.499482407818937157e-01,0.000000000000000000e+00,4.566821468252277860e-01,0.000000000000000000e+00,0.000000000000000000e+00,0.000000000000000000e+00,5.304679281081289277e-01,4.829515826369613074e-01,4.853545841088579005e-01,4.109866586103785857e-01,4.593020082709639018e-01,0.000000000000000000e+00,4.427548899692863027e-01,0.000000000000000000e+00,4.540224920151321175e-01,0.000000000000000000e+00,4.490265229465659758e-01,4.343056459703051875e-01,4.854082645610923730e-01,4.406769917346609056e-01,4.370435384966857018e-01,4.846696509094343130e-01,4.652434036299276099e-01,4.334878558602440202e-01,0.000000000000000000e+00,4.248766290908512211e-01,4.517842838349561130e-01,4.178894437424106045e-01,4.243360762264560826e-01,4.873958306923161232e-01,0.000000000000000000e+00,0.000000000000000000e+00,0.000000000000000000e+00,5.144169512849393611e-01,4.991827491400671057e-01,5.319020811164030249e-01,5.572847457112528602e-01,0.000000000000000000e+00,0.000000000000000000e+00,0.000000000000000000e+00,4.151110299153314975e-01,5.160477882445343445e-01,0.000000000000000000e+00,0.000000000000000000e+00,0.000000000000000000e+00,4.920422291380868174e-01,0.000000000000000000e+00,4.241334659604608093e-01,0.000000000000000000e+00,0.000000000000000000e+00,0.000000000000000000e+00,0.000000000000000000e+00,5.917587952004479401e-01,0.000000000000000000e+00,5.075999031324910371e-01,4.841779160609844812e-01,0.000000000000000000e+00,0.000000000000000000e+00,0.000000000000000000e+00,4.966493202622536129e-01,4.556986882888326984e-01,5.268309947558522666e-01,5.237580962217260883e-01,0.000000000000000000e+00,1.266680572697488905e-01,5.508806371159939985e-01,5.218456762253191883e-01,5.395352864470241983e-01,5.172397659776106771e-01,0.000000000000000000e+00,5.474948784881348285e-01
