0.000000000000000000e+00,4.189189123233708067e-01,0.000000000000000000e+00,0.000000000000000000e+00,0.000000000000000000e+00,4.564297658633045818e-01,0.000000000000000000e+00,5.401363658446101113e-01,0.000000000000000000e+00,4.342754380982952744e-01,0.000000000000000000e+00,4.169860881753624793e-01,5.393406990807529944e-01,0.000000000000000000e+00,3.971350202373319926e-01,4.408202881024481101e-01,3.520343856960053142e-01,3.896621008285953147e-01,0.000000000000000000e+00,4.480546190844377774e-01,4.484715658283541240e-01,4.573360419445675062e-01,4.775646219211628907e-01,3.987073097847992909e-01,3.851239953177056918e-01,3.884375768161340003e-01,4.503740985683081233e-01,4.879840795960153077e-01,4.759662190054806952e-01,0.000000000000000000e+00,4.219226327064163895e-01,4.742500570880046062e-01,3.795230416515443794e-01,4.266821112965382135e-01,4.927453093813030094e-01,0.000000000000000000e+00,0.000000000000000000e+00,0.000000000000000000e+00,4.501331133501301207e-01,3.781955913974233141e-01,4.490219968563697872e-01,0.000000000000000000e+00,0.000000000000000000e+00,0.000000000000000000e+00,0.000000000000000000e+00,3.414073234861472739e-01,4.198049224859570772e-01,0.000000000000000000e+00,0.000000000000000000e+00,0.000000000000000000e+00,0.000000000000000000e+00,0.000000000000000000e+00,0.000000000000000000e+00,0.000000000000000000e+00,4.414586918633838231e-01,0.000000000000000000e+00,0.000000000000000000e+00,0.000000000000000000e+00,0.000000000000000000e+00,0.000000000000000000e+00,4.382845059934873944e-01,0.000000000000000000e+00,4.101210240803275786e-01,0.000000000000000000e+00,0.000000000000000000e+00,2.538587729442631225e-01,4.671658726273925089e-01,0.000000000000000000e+00,3.896944976343718059e-01,4.026317163024252799e-01,4.249386682142211047e-01,0.000000000000000000e+00,0.000000000000000000e+00,0.000000000000000000e+00,0.000000000000000000e+00,4.387776153586662176e-01
4.189189123233708067e-01,0.000000000000000000e+00,0.000000000000000000e+00,0.000000000000000000e+00,4.762544708049760156e-01,4.452094356576596912e-01,4.723610975893809960e-01,4.977242598271123253e-01,4.248830608073749238e-01,0.000000000000000000e+00,0.000000000000000000e+00,0.000000000000000000e+00,4.906469707184998863e-01,0.000000000000000000e+00,4.376768391707451800e-01,4.287163304396823804e-01,4.362558641046029861e-01,4.195738660921073948e-01,0.000000000000000000e+00,4.404407522011604126e-01,4.448705201014572230e-01,4.084876601155794096e-01,4.372381284903740783e-01,0.000000000000000000e+00,3.836808820677097276e-01,4.184121059110019747e-01,4.243226844801981090e-01,4.763960842716116195e-01,4.564420395910868122e-01,0.000000000000000000e+00,4.141809070498622125e-01,4.996664275641921060e-01,4.056470786856187782e-01,4.409249992818443098e-01,5.129259987167580359e-01,0.000000000000000000e+00,0.000000000000000000e+00,0.000000000000000000e+00,4.933835874275568911e-01,4.548825055232855741e-01,5.084202340410077792e-01,5.202779059754317759e-01,0.000000000000000000e+00,0.000000000000000000e+00,0.000000000000000000e+00,4.348991738949242181e-01,4.894784426450983217e-01,0.000000000000000000e+00,0.000000000000000000e+00,0.000000000000000000e+00,4.935445496199470927e-01,0.000000000000000000e+00,0.000000000000000000e+00,0.000000000000000000e+00,0.000000000000000000e+00,0.000000000000000000e+00,0.000000000000000000e+00,0.000000000000000000e+00,0.000000000000000000e+00,5.103643184661885712e-01,4.763876438502941957e-01,0.000000000000000000e+00,4.415754200768297055e-01,0.000000000000000000e+00,4.805137108507308019e-01,4.507915166294855225e-01,5.163086583494609361e-01,1.367873555135132035e-01,0.000000000000000000e+00,4.399563525838042777e-01,4.674047220832869276e-01,4.800465764510187805e-01,0.000000000000000000e+00,4.837479044215334256e-01,0.000000000000000000e+00,4.510135160241149910e-01
0.000000000000000000e+00,0.000000000000000000e+00,0.000000000000000000e+00,1.084974605659149022e-01,3.951362353407498196e-01,4.003829263553900786e-01,4.132648179689473178e-01,4.624259138388944756e-01,3.542560133801864741e-01,1.366818454632532931e-01,4.027750637862769212e-01,1.446661517501139915e-01,4.239013365428173086e-01,4.072075214167917845e-01,0.000000000000000000e+00,0.000000000000000000e+00,0.000000000000000000e+00,0.000000000000000000e+00,3.723601287701556184e-01,0.000000000000000000e+00,0.000000000000000000e+00,0.000000000000000000e+00,3.753301662118128101e-01,0.000000000000000000e+00,0.000000000000000000e+00,0.000000000000000000e+00,3.798722061918765047e-01,4.453405270601862864e-01,0.000000000000000000e+00,0.000000000000000000e+00,0.000000000000000000e+00,0.000000000000000000e+00,0.000000000000000000e+00,1.027023459812178990e-01,0.000000000000000000e+00,3.525782276820739192e-01,1.218498883128616012e-01,0.000000000000000000e+00,1.477498084837118031e-01,0.000000000000000000e+00,1.357753081291697972e-01,0.000000000000000000e+00,4.538981248335750007e-01,0.000000000000000000e+00,0.000000000000000000e+00,0.000000000000000000e+00,0.000000000000000000e+00,4.718027769590071863e-01,0.000000000000000000e+00,1.561042921034735964e-01,5.016326888964220965e-01,5.305582574877016899e-01,1.217078047050308004e-01,5.057511013420161738e-01,0.000000000000000000e+00,4.446913942301036204e-01,0.000000000000000000e+00,5.811735123754303567e-01,5.193076002448059336e-01,0.000000000000000000e+00,0.000000000000000000e+00,0.000000000000000000e+00,0.000000000000000000e+00,4.485373688741713938e-01,0.000000000000000000e+00,0.000000000000000000e+00,0.000000000000000000e+00,4.818297081690295913e-01,0.000000000000000000e+00,0.000000000000000000e+00,0.000000000000000000e+00,5.104122772526150653e-01,1.895566312354675098e-01,0.000000000000000000e+00,0.000000000000000000e+00,0.000000000000000000e+00
0.000000000000000000e+00,0.000000000000000000e+00,1.084974605659149022e-01,0.000000000000000000e+00,2.864288794644720970e-01,3.862786054065496244e-01,3.617954980606162274e-01,0.000000000000000000e+00,0.000000000000000000e+00,2.317417322140654101e-01,0.000000000000000000e+00,0.000000000000000000e+00,3.318943939845874214e-01,2.538114938376420104e-01,0.000000000000000000e+00,0.000000000000000000e+00,0.000000000000000000e+00,0.000000000000000000e+00,0.000000000000000000e+00,0.000000000000000000e+00,0.000000000000000000e+00,0.000000000000000000e+00,4.019685597974728131e-01,0.000000000000000000e+00,0.000000000000000000e+00,0.000000000000000000e+00,0.000000000000000000e+00,2.655253827278081236e-01,0.000000000000000000e+00,0.000000000000000000e+00,3.651818535919382214e-01,2.822678883657683824e-01,0.000000000000000000e+00,2.276989498711410875e-01,2.547323285033379903e-01,1.918359332215792135e-01,1.753983877654143042e-01,0.000000000000000000e+00,0.000000000000000000e+00,0.000000000000000000e+00,0.000000000000000000e+00,0.000000000000000000e+00,0.000000000000000000e+00,0.000000000000000000e+00,0.000000000000000000e+00,0.000000000000000000e+00,0.000000000000000000e+00,0.000000000000000000e+00,0.000000000000000000e+00,0.000000000000000000e+00,0.000000000000000000e+00,0.000000000000000000e+00,0.000000000000000000e+00,0.000000000000000000e+00,0.000000000000000000e+00,0.000000000000000000e+00,0.000000000000000000e+00,0.000000000000000000e+00,0.000000000000000000e+00,0.000000000000000000e+00,0.000000000000000000e+00,0.000000000000000000e+00,0.000000000000000000e+00,0.000000000000000000e+00,0.000000000000000000e+00,0.000000000000000000e+00,0.000000000000000000e+00,0.000000000000000000e+00,0.000000000000000000e+00,0.000000000000000000e+00,0.000000000000000000e+00,0.000000000000000000e+00,0.000000000000000000e+00,0.000000000000000000e+00,0.000000000000000000e+00,0.000000000000000000e+00
0.000000000000000000e+00,4.762544708049760156e-01,3.951362353407498196e-01,2.864288794644720970e-01,0.000000000000000000e+00,3.999438714552573937e-01,3.935727496186606778e-01,4.298746102372735245e-01,3.960147968762193771e-01,1.205803703003378025e-01,4.114907554292979164e-01,1.089202348788521069e-01,4.173514843408124841e-01,3.241152938413360274e-01,0.000000000000000000e+00,5.207584047756337320e-01,0.000000000000000000e+00,0.000000000000000000e+00,4.097897449839765782e-01,4.265765208928564145e-01,0.000000000000000000e+00,4.767827533791927919e-01,4.088078376015735205e-01,0.000000000000000000e+00,4.812639025560231931e-01,4.781958339020654924e-01,4.113464363028201953e-01,4.210200024041961808e-01,4.505604047192708905e-01,0.000000000000000000e+00,4.530200611073729178e-01,3.880786942667314166e-01,0.000000000000000000e+00,4.369429191535735835e-01,4.712466994397599973e-01,2.590515790997284795e-01,3.891486989812534825e-01,0.000000000000000000e+00,1.449016219380533932e-01,0.000000000000000000e+00,0.000000000000000000e+00,0.000000000000000000e+00,4.061552909745230200e-01,0.000000000000000000e+00,0.000000000000000000e+00,0.000000000000000000e+00,0.000000000000000000e+00,5.108918102888176938e-01,0.000000000000000000e+00,1.196853085045865017e-01,5.156640759081617675e-01,0.000000000000000000e+00,0.000000000000000000e+00,5.282325041113904440e-01,0.000000000000000000e+00,4.589846982397479125e-01,0.000000000000000000e+00,0.000000000000000000e+00,0.000000000000000000e+00,0.000000000000000000e+00,0.000000000000000000e+00,0.000000000000000000e+00,0.000000000000000000e+00,5.080755763418562942e-01,0.000000000000000000e+00,0.000000000000000000e+00,0.000000000000000000e+00,4.934198602887988061e-01,0.000000000000000000e+00,0.000000000000000000e+00,0.000000000000000000e+00,4.989224013422812742e-01,0.000000000000000000e+00,0.000000000000000000e+00,0.000000000000000000e+00,0.000000000000000000e+00
4.564297658633045818e-01,4.452094356576596912e-01,4.003829263553900786e-01,3.862786054065496244e-01,3.999438714552573937e-01,0.000000000000000000e+00,4.254211904985248927e-01,4.158123793852296912e-01,3.766409771751618174e-01,1.175411354131048053e-01,3.797058064329689175e-01,1.587953379915570951e-01,4.225681459864601974e-01,4.021136761241664859e-01,4.259285253310479136e-01,4.582618742343728124e-01,1.577053824631629020e-01,4.485078642563382068e-01,3.669701554212109196e-01,4.291740904275614943e-01,4.192362208743670160e-01,4.469344529845237779e-01,4.168379668979613761e-01,0.000000000000000000e+00,4.251330953549010139e-01,4.388675769329329901e-01,3.903284948950417887e-01,4.024376153236334241e-01,3.832204033256603748e-01,4.246746461621648816e-01,4.404533398538463818e-01,4.246475990378266729e-01,0.000000000000000000e+00,4.538450420262845064e-01,4.739615718365240982e-01,4.097551641795246224e-01,4.020101351583407756e-01,1.323406039125313016e-01,4.953945835732573855e-01,0.000000000000000000e+00,5.123750338062884602e-01,1.337139184359505129e-01,4.436534572283616917e-01,0.000000000000000000e+00,0.000000000000000000e+00,0.000000000000000000e+00,1.837371231652606962e-01,5.049764865381930479e-01,0.000000000000000000e+00,5.541978923634428567e-01,4.871442060434871824e-01,5.169801919666466850e-01,4.676148469893617876e-01,5.052695729956390158e-01,0.000000000000000000e+00,4.815563819628980169e-01,0.000000000000000000e+00,5.060049261971165668e-01,0.000000000000000000e+00,4.916740755148877873e-01,0.000000000000000000e+00,0.000000000000000000e+00,0.000000000000000000e+00,5.013094404549476302e-01,4.549219713247232844e-01,0.000000000000000000e+00,4.960921825671202878e-01,4.917355070177119036e-01,0.000000000000000000e+00,0.000000000000000000e+00,1.638433464803079054e-01,4.957860154354397086e-01,4.928940465079936772e-01,4.882735684433575085e-01,1.011516926898475971e-01,5.183728275389958284e-01
0.000000000000000000e+00,4.723610975893809960e-01,4.132648179689473178e-01,3.617954980606162274e-01,3.935727496186606778e-01,4.254211904985248927e-01,0.000000000000000000e+00,4.342579367419269754e-01,3.981567052932943884e-01,1.111254582814223957e-01,4.220774376453070853e-01,0.000000000000000000e+00,3.857607896070101017e-01,3.879031842985444234e-01,0.000000000000000000e+00,4.912625645511257133e-01,0.000000000000000000e+00,4.858496725215161183e-01,4.049282441931034149e-01,4.759229590829994194e-01,0.000000000000000000e+00,5.040183469616620338e-01,4.281675583647364114e-01,0.000000000000000000e+00,4.617372360229207162e-01,4.722286611548083268e-01,4.370511973972261988e-01,4.226152624797442914e-01,4.733929738244949115e-01,0.000000000000000000e+00,4.389111076611029172e-01,3.738809846255283231e-01,0.000000000000000000e+00,4.326612450478641847e-01,5.141050126780916107e-01,3.595781553771967842e-01,3.535235361454007741e-01,0.000000000000000000e+00,1.841832463700056044e-01,0.000000000000000000e+00,1.637731516271186127e-01,0.000000000000000000e+00,1.211191185914881063e-01,0.000000000000000000e+00,0.000000000000000000e+00,0.000000000000000000e+00,0.000000000000000000e+00,5.875098141645695993e-01,0.000000000000000000e+00,0.000000000000000000e+00,5.129102011544196538e-01,0.000000000000000000e+00,1.112453970595013997e-01,6.164512321132211703e-01,0.000000000000000000e+00,1.484293345485989957e-01,0.000000000000000000e+00,0.000000000000000000e+00,0.000000000000000000e+00,0.000000000000000000e+00,0.000000000000000000e+00,0.000000000000000000e+00,0.000000000000000000e+00,1.420735728466518133e-01,0.000000000000000000e+00,0.000000000000000000e+00,0.000000000000000000e+00,4.869569398690136164e-01,0.000000000000000000e+00,0.000000000000000000e+00,0.000000000000000000e+00,4.979363978150597170e-01,0.000000000000000000e+00,0.000000000000000000e+00,0.000000000000000000e+00,0.000000000000000000e+00
5.401363658446101113e-01,4.977242598271123253e-01,4.624259138388944756e-01,0.000000000000000000e+00,4.298746102372735245e-01,4.158123793852296912e-01,4.342579367419269754e-01,0.000000000000000000e+00,4.405763445238721210e-01,0.000000000000000000e+00,3.994418703621692157e-01,0.000000000000000000e+00,4.460664134418200200e-01,3.590104654664502126e-01,3.313330206664593103e-01,5.174128719258827003e-01,0.000000000000000000e+00,4.893653697032480099e-01,4.239116240023697024e-01,4.117759842670408177e-01,4.286406485447806780e-01,4.860769890113825209e-01,3.950387310299601218e-01,5.455536079662482996e-01,5.016626352694574242e-01,5.035072170842879169e-01,4.294191933351853008e-01,4.428106207891325807e-01,4.235462819475623863e-01,4.495005009582802025e-01,4.660542405929842258e-01,4.098208830524220914e-01,4.990657951131721726e-01,4.818894112811922814e-01,4.761870856327162227e-01,2.772803243970807241e-01,4.404936339554819114e-01,0.000000000000000000e+00,4.947210194111790749e-01,0.000000000000000000e+00,5.352949274073411923e-01,0.000000000000000000e+00,3.936414986322325227e-01,0.000000000000000000e+00,0.000000000000000000e+00,0.000000000000000000e+00,0.000000000000000000e+00,5.018432781762829364e-01,0.000000000000000000e+00,5.224644601598507077e-01,4.816142463269293961e-01,5.140702985630479782e-01,4.174618974089082113e-01,5.061546416068124499e-01,0.000000000000000000e+00,4.422087721401307125e-01,0.000000000000000000e+00,4.828993519477047802e-01,4.429543968887670879e-01,0.000000000000000000e+00,0.000000000000000000e+00,0.000000000000000000e+00,0.000000000000000000e+00,5.011942621017841937e-01,0.000000000000000000e+00,0.000000000000000000e+00,0.000000000000000000e+00,4.768390771558670971e-01,0.000000000000000000e+00,0.000000000000000000e+00,0.000000000000000000e+00,5.009909932923515274e-01,4.922349406034217112e-01,4.756952994042630833e-01,0.000000000000000000e+00,1.067701148290253060e-01
0.000000000000000000e+00,4.248830608073749238e-01,3.542560133801864741e-01,0.000000000000000000e+00,3.960147968762193771e-01,3.766409771751618174e-01,3.981567052932943884e-01,4.405763445238721210e-01,0.000000000000000000e+00,1.150841573418379948e-01,3.849746976161310119e-01,1.505650924118258072e-01,4.000827250451634010e-01,4.204792938272561842e-01,0.000000000000000000e+00,0.000000000000000000e+00,0.000000000000000000e+00,1.723180217420489102e-01,3.211070478477989765e-01,4.035972531389707130e-01,0.000000000000000000e+00,4.346547536495902198e-01,3.900758540988571998e-01,1.348241689002374066e-01,1.381552569281528919e-01,4.657736558188730891e-01,3.608000672459851232e-01,4.148175160498382974e-01,4.167914157768359273e-01,0.000000000000000000e+00,4.120234212143212837e-01,3.881431653530187931e-01,0.000000000000000000e+00,4.210888154002320194e-01,4.107394939091135178e-01,0.000000000000000000e+00,3.831931745047799098e-01,1.358621571928100014e-01,1.371550272575474128e-01,0.000000000000000000e+00,1.944270713845958065e-01,0.000000000000000000e+00,0.000000000000000000e+00,0.000000000000000000e+00,0.000000000000000000e+00,0.000000000000000000e+00,0.000000000000000000e+00,5.018952276495266540e-01,0.000000000000000000e+00,5.345547218170517700e-01,4.789389775803946092e-01,5.429091907886296475e-01,4.702182365289790944e-01,5.064901724145020045e-01,0.000000000000000000e+00,4.480633137694259860e-01,0.000000000000000000e+00,5.434601455299989947e-01,4.187911341733870918e-01,0.000000000000000000e+00,0.000000000000000000e+00,0.000000000000000000e+00,0.000000000000000000e+00,4.910706177678371143e-01,0.000000000000000000e+00,0.000000000000000000e+00,0.000000000000000000e+00,4.731829686980287275e-01,0.000000000000000000e+00,0.000000000000000000e+00,0.000000000000000000e+00,4.685479505998094152e-01,5.524057097041519260e-01,0.000000000000000000e+00,0.000000000000000000e+00,0.000000000000000000e+00
4.342754380982952744e-01,0.000000000000000000e+00,1.366818454632532931e-01,2.317417322140654101e-01,1.205803703003378025e-01,1.175411354131048053e-01,1.111254582814223957e-01,0.000000000000000000e+00,1.150841573418379948e-01,0.000000000000000000e+00,1.028576101387948943e-01,3.206987624637658851e-01,4.292733474281342221e-01,0.000000000000000000e+00,0.000000000000000000e+00,3.911046688996950849e-01,3.318350509731542997e-01,3.564155880585792024e-01,1.150716520072545962e-01,1.064357389920402991e-01,0.000000000000000000e+00,4.509169102093458781e-01,4.316738295555976879e-01,3.386944857977238765e-01,3.541336238552348914e-01,3.601563922676911944e-01,1.363035759766620947e-01,4.196825833430373187e-01,1.329312264403890997e-01,0.000000000000000000e+00,3.563417789197579899e-01,3.226854894236245164e-01,3.288095575591816755e-01,3.327391260283741881e-01,3.324308682617230226e-01,2.630976370244806906e-01,2.562589718814792805e-01,3.169675132496312941e-01,3.637836346064278747e-01,3.642822829871353862e-01,3.807429721482383789e-01,3.202859515745027918e-01,0.000000000000000000e+00,0.000000000000000000e+00,3.635583455878445003e-01,4.167825733869324756e-01,0.000000000000000000e+00,0.000000000000000000e+00,0.000000000000000000e+00,0.000000000000000000e+00,0.000000000000000000e+00,0.000000000000000000e+00,0.000000000000000000e+00,0.000000000000000000e+00,4.240773956368438236e-01,0.000000000000000000e+00,4.240532320285345103e-01,0.000000000000000000e+00,0.000000000000000000e+00,0.000000000000000000e+00,0.000000000000000000e+00,3.912850861170343864e-01,3.792178141435414984e-01,0.000000000000000000e+00,0.000000000000000000e+00,0.000000000000000000e+00,0.000000000000000000e+00,0.000000000000000000e+00,4.278588686204117253e-01,3.918784712870316822e-01,4.239863905679184253e-01,0.000000000000000000e+00,0.000000000000000000e+00,0.000000000000000000e+00,0.000000000000000000e+00,4.026522061071854952e-01
0.000000000000000000e+00,0.000000000000000000e+00,4.027750637862769212e-01,0.000000000000000000e+00,4.114907554292979164e-01,3.797058064329689175e-01,4.220774376453070853e-01,3.994418703621692157e-01,3.849746976161310119e-01,1.028576101387948943e-01,0.000000000000000000e+00,1.231636627429836955e-01,4.215635320441554201e-01,3.037122196447353262e-01,0.000000000000000000e+00,0.000000000000000000e+00,1.129603659847957936e-01,0.000000000000000000e+00,3.506018891290297868e-01,0.000000000000000000e+00,0.000000000000000000e+00,0.000000000000000000e+00,3.967707829231725825e-01,0.000000000000000000e+00,0.000000000000000000e+00,1.680492079956459883e-01,3.840234408051350079e-01,4.264069145779972869e-01,0.000000000000000000e+00,0.000000000000000000e+00,4.437197180591472834e-01,3.074614389318333085e-01,0.000000000000000000e+00,4.258852869383801254e-01,0.000000000000000000e+00,2.897757343782179085e-01,4.110616161670502811e-01,1.142382805828319053e-01,0.000000000000000000e+00,0.000000000000000000e+00,0.000000000000000000e+00,0.000000000000000000e+00,3.990677723924240250e-01,0.000000000000000000e+00,0.000000000000000000e+00,0.000000000000000000e+00,0.000000000000000000e+00,4.520274419237509944e-01,0.000000000000000000e+00,4.194823984180954257e-01,4.730592096998830209e-01,1.325156429244102874e-01,4.612203089002788747e-01,4.749435473425421828e-01,0.000000000000000000e+00,3.818829324801829017e-01,0.000000000000000000e+00,1.411573169783089110e-01,4.086956114085504854e-01,0.000000000000000000e+00,0.000000000000000000e+00,0.000000000000000000e+00,0.000000000000000000e+00,4.020811612248750833e-01,0.000000000000000000e+00,0.000000000000000000e+00,0.000000000000000000e+00,4.706928078406886207e-01,0.000000000000000000e+00,0.000000000000000000e+00,0.000000000000000000e+00,4.493385076767852926e-01,1.700380183479761886e-01,0.000000000000000000e+00,0.000000000000000000e+00,0.000000000000000000e+00
4.169860881753624793e-01,0.000000000000000000e+00,1.446661517501139915e-01,0.000000000000000000e+00,1.089202348788521069e-01,1.587953379915570951e-01,0.000000000000000000e+00,0.000000000000000000e+00,1.505650924118258072e-01,3.206987624637658851e-01,1.231636627429836955e-01,0.000000000000000000e+00,1.056251542187408021e-01,0.000000000000000000e+00,0.000000000000000000e+00,0.000000000000000000e+00,3.647989817190955830e-01,3.563627738269035117e-01,1.541655912504223125e-01,0.000000000000000000e+00,0.000000000000000000e+00,0.000000000000000000e+00,1.457153629566030062e-01,3.017734908359506751e-01,3.605818890815377098e-01,3.437018263702790177e-01,1.478126499661331916e-01,3.653921068514303094e-01,0.000000000000000000e+00,0.000000000000000000e+00,3.704566267353754938e-01,2.944811010610789981e-01,3.056052558165939792e-01,2.590766284401870845e-01,3.072874588683844888e-01,2.675430839036063158e-01,2.750482495204942812e-01,2.709715447957387058e-01,3.409677560158699272e-01,3.518940132405343757e-01,3.736015651734104215e-01,0.000000000000000000e+00,0.000000000000000000e+00,0.000000000000000000e+00,0.000000000000000000e+00,0.000000000000000000e+00,0.000000000000000000e+00,0.000000000000000000e+00,0.000000000000000000e+00,0.000000000000000000e+00,0.000000000000000000e+00,0.000000000000000000e+00,0.000000000000000000e+00,0.000000000000000000e+00,4.143244875466147725e-01,0.000000000000000000e+00,4.067991487146340734e-01,0.000000000000000000e+00,0.000000000000000000e+00,0.000000000000000000e+00,0.000000000000000000e+00,4.015244774145529938e-01,3.562426443570024803e-01,0.000000000000000000e+00,0.000000000000000000e+00,0.000000000000000000e+00,0.000000000000000000e+00,0.000000000000000000e+00,4.402149160964822228e-01,4.008195008996875974e-01,4.241359300809112165e-01,0.000000000000000000e+00,0.000000000000000000e+00,0.000000000000000000e+00,0.000000000000000000e+00,4.224793965886016189e-01
5.393406990807529944e-01,4.906469707184998863e-01,4.239013365428173086e-01,3.318943939845874214e-01,4.173514843408124841e-01,4.225681459864601974e-01,3.857607896070101017e-01,4.460664134418200200e-01,4.000827250451634010e-01,4.292733474281342221e-01,4.215635320441554201e-01,1.056251542187408021e-01,0.000000000000000000e+00,3.877956332728388911e-01,4.247332277598376837e-01,5.076406761714541416e-01,1.214316532412089977e-01,4.896869663467807166e-01,4.135442105140005875e-01,4.740699044922879746e-01,4.730965672496301178e-01,5.069211992702440384e-01,4.407231360112747187e-01,1.139336474444933023e-01,4.758125398307458953e-01,4.906417749149417085e-01,4.464477476714199256e-01,3.712298275470348186e-01,4.364398957406391277e-01,3.659739526365741180e-01,4.148478487542653914e-01,3.711058294420561121e-01,0.000000000000000000e+00,4.282653194124181883e-01,4.691211503367975211e-01,3.538110497302126012e-01,3.662903980995806941e-01,0.000000000000000000e+00,5.128768592938213189e-01,0.000000000000000000e+00,1.616459001673085927e-01,1.298068953631462130e-01,1.302533182002741097e-01,0.000000000000000000e+00,0.000000000000000000e+00,0.000000000000000000e+00,0.000000000000000000e+00,1.844890917420914100e-01,0.000000000000000000e+00,0.000000000000000000e+00,5.004320868978667791e-01,2.127971987323727110e-01,0.000000000000000000e+00,0.000000000000000000e+00,0.000000000000000000e+00,1.451333181512788895e-01,0.000000000000000000e+00,0.000000000000000000e+00,0.000000000000000000e+00,1.660466628282462886e-01,0.000000000000000000e+00,0.000000000000000000e+00,0.000000000000000000e+00,0.000000000000000000e+00,1.543003688465809098e-01,0.000000000000000000e+00,2.033799240140601039e-01,5.084019177680118018e-01,0.000000000000000000e+00,1.644983550037110998e-01,1.881866019945158952e-01,5.044959798259054384e-01,0.000000000000000000e+00,5.366523144769477227e-01,0.000000000000000000e+00,0.000000000000000000e+00
0.000000000000000000e+00,0.000000000000000000e+00,4.072075214167917845e-01,2.538114938376420104e-01,3.241152938413360274e-01,4.021136761241664859e-01,3.879031842985444234e-01,3.590104654664502126e-01,4.204792938272561842e-01,0.000000000000000000e+00,3.037122196447353262e-01,0.000000000000000000e+00,3.877956332728388911e-01,0.000000000000000000e+00,0.000000000000000000e+00,0.000000000000000000e+00,0.000000000000000000e+00,0.000000000000000000e+00,3.665482286955131785e-01,0.000000000000000000e+00,4.681256232649094184e-01,0.000000000000000000e+00,4.047715280987537745e-01,0.000000000000000000e+00,0.000000000000000000e+00,0.000000000000000000e+00,0.000000000000000000e+00,3.943440809610482822e-01,0.000000000000000000e+00,0.000000000000000000e+00,0.000000000000000000e+00,1.979268727956484952e-01,0.000000000000000000e+00,0.000000000000000000e+00,0.000000000000000000e+00,2.072621018936748882e-01,1.745992476889109135e-01,0.000000000000000000e+00,0.000000000000000000e+00,0.000000000000000000e+00,0.000000000000000000e+00,0.000000000000000000e+00,3.531867803443698994e-01,0.000000000000000000e+00,0.000000000000000000e+00,0.000000000000000000e+00,0.000000000000000000e+00,4.553604063548700731e-01,0.000000000000000000e+00,0.000000000000000000e+00,0.000000000000000000e+00,0.000000000000000000e+00,0.000000000000000000e+00,0.000000000000000000e+00,0.000000000000000000e+00,4.140180080030763099e-01,0.000000000000000000e+00,0.000000000000000000e+00,0.000000000000000000e+00,0.000000000000000000e+00,0.000000000000000000e+00,0.000000000000000000e+00,0.000000000000000000e+00,0.000000000000000000e+00,0.000000000000000000e+00,0.000000000000000000e+00,0.000000000000000000e+00,4.537131854029409772e-01,0.000000000000000000e+00,0.000000000000000000e+00,0.000000000000000000e+00,0.000000000000000000e+00,0.000000000000000000e+00,0.000000000000000000e+00,0.000000000000000000e+00,0.000000000000000000e+00
3.971350202373319926e-01,4.376768391707451800e-01,0.000000000000000000e+00,0.000000000000000000e+00,0.000000000000000000e+00,4.259285253310479136e-01,0.000000000000000000e+00,3.313330206664593103e-01,0.000000000000000000e+00,0.000000000000000000e+00,0.000000000000000000e+00,0.000000000000000000e+00,4.247332277598376837e-01,0.000000000000000000e+00,0.000000000000000000e+00,4.543517582875089000e-01,0.000000000000000000e+00,4.417465677503711885e-01,0.000000000000000000e+00,3.468198825552480935e-01,3.803194170477989799e-01,3.287445414258136078e-01,3.897697475155634805e-01,4.936017443932558812e-01,4.243350874961899777e-01,3.849922464960834900e-01,4.179710093519302117e-01,4.065557426174298272e-01,4.541664580509467974e-01,0.000000000000000000e+00,4.566530254674189271e-01,4.921002760747065219e-01,4.313883591363136816e-01,4.941657047136386871e-01,5.430663255509344811e-01,5.273434626376147794e-01,0.000000000000000000e+00,0.000000000000000000e+00,5.114615367179886629e-01,4.804270484803027097e-01,5.061987281312967379e-01,5.402692884503494941e-01,0.000000000000000000e+00,0.000000000000000000e+00,0.000000000000000000e+00,0.000000000000000000e+00,0.000000000000000000e+00,0.000000000000000000e+00,0.000000000000000000e+00,0.000000000000000000e+00,4.650899336505560089e-01,0.000000000000000000e+00,0.000000000000000000e+00,0.000000000000000000e+00,0.000000000000000000e+00,0.000000000000000000e+00,0.000000000000000000e+00,1.182723303665556003e-01,0.000000000000000000e+00,3.441662909334032849e-01,1.452970067518689068e-01,0.000000000000000000e+00,0.000000000000000000e+00,0.000000000000000000e+00,4.346996813975175233e-01,4.442239213146934040e-01,3.913707253676805831e-01,4.732234018280179200e-01,0.000000000000000000e+00,1.582739178132742119e-01,5.239163553520786998e-01,4.634283323623438200e-01,5.236095010437431529e-01,4.764730611648554937e-01,0.000000000000000000e+00,4.907021274256188059e-01
4.408202881024481101e-01,4.287163304396823804e-01,0.000000000000000000e+00,0.000000000000000000e+00,5.207584047756337320e-01,4.582618742343728124e-01,4.912625645511257133e-01,5.174128719258827003e-01,0.000000000000000000e+00,3.911046688996950849e-01,0.000000000000000000e+00,0.000000000000000000e+00,5.076406761714541416e-01,0.000000000000000000e+00,4.543517582875089000e-01,0.000000000000000000e+00,3.833556435921237071e-01,3.977953554293358063e-01,0.000000000000000000e+00,4.426587541820394267e-01,4.711757691570602757e-01,4.003780271795815970e-01,4.686012517392292853e-01,3.842610422584434859e-01,4.070886350960437050e-01,4.623340814890066763e-01,4.407200541022984752e-01,4.806172287939404209e-01,4.672599572633137077e-01,4.279118122121656209e-01,3.822396243885672895e-01,4.996772335693642764e-01,4.343697960863682761e-01,4.333675300516792728e-01,5.227888091008727756e-01,0.000000000000000000e+00,0.000000000000000000e+00,0.000000000000000000e+00,5.034354908191104316e-01,4.462849387821519742e-01,4.738025646279945824e-01,5.092804481260794214e-01,0.000000000000000000e+00,0.000000000000000000e+00,0.000000000000000000e+00,4.516907804681711269e-01,4.850197853591842190e-01,0.000000000000000000e+00,0.000000000000000000e+00,0.000000000000000000e+00,0.000000000000000000e+00,0.000000000000000000e+00,0.000000000000000000e+00,0.000000000000000000e+00,0.000000000000000000e+00,0.000000000000000000e+00,0.000000000000000000e+00,0.000000000000000000e+00,0.000000000000000000e+00,0.000000000000000000e+00,4.763955730163972890e-01,0.000000000000000000e+00,4.299952506074630199e-01,0.000000000000000000e+00,1.142567791173294961e-01,0.000000000000000000e+00,4.997244343496433094e-01,1.718447103613205129e-01,0.000000000000000000e+00,4.349774584614410911e-01,4.710593311491436119e-01,1.510972486137522885e-01,0.000000000000000000e+00,1.420226505012320006e-01,0.000000000000000000e+00,4.235351047334299235e-01
3.520343856960053142e-01,4.362558641046029861e-01,0.000000000000000000e+00,0.000000000000000000e+00,0.000000000000000000e+00,1.577053824631629020e-01,0.000000000000000000e+00,0.000000000000000000e+00,0.000000000000000000e+00,3.318350509731542997e-01,1.129603659847957936e-01,3.647989817190955830e-01,1.214316532412089977e-01,0.000000000000000000e+00,0.000000000000000000e+00,3.833556435921237071e-01,0.000000000000000000e+00,3.702152554410055862e-01,0.000000000000000000e+00,4.387215929381171886e-01,0.000000000000000000e+00,4.075198222046895746e-01,0.000000000000000000e+00,3.378698803649308191e-01,3.527249756015612969e-01,3.526880898003432185e-01,0.000000000000000000e+00,4.233283762784080251e-01,5.015463062038386655e-01,0.000000000000000000e+00,3.442114850858519759e-01,4.180371340284579906e-01,3.429694410334794830e-01,3.821442902425347121e-01,4.072118135997703781e-01,0.000000000000000000e+00,0.000000000000000000e+00,0.000000000000000000e+00,0.000000000000000000e+00,3.750213176847129737e-01,0.000000000000000000e+00,0.000000000000000000e+00,0.000000000000000000e+00,0.000000000000000000e+00,0.000000000000000000e+00,0.000000000000000000e+00,0.000000000000000000e+00,0.000000000000000000e+00,0.000000000000000000e+00,0.000000000000000000e+00,0.000000000000000000e+00,0.000000000000000000e+00,0.000000000000000000e+00,0.000000000000000000e+00,4.061548214497445741e-01,0.000000000000000000e+00,4.236584657581229929e-01,0.000000000000000000e+00,0.000000000000000000e+00,0.000000000000000000e+00,0.000000000000000000e+00,3.931323765860135766e-01,3.857336612781863128e-01,0.000000000000000000e+00,0.000000000000000000e+00,0.000000000000000000e+00,0.000000000000000000e+00,0.000000000000000000e+00,4.162923072989850870e-01,3.679905194594679796e-01,4.089859924389138146e-01,0.000000000000000000e+00,0.000000000000000000e+00,0.000000000000000000e+00,0.000000000000000000e+00,0.000000000000000000e+00
3.896621008285953147e-01,4.195738660921073948e-01,0.000000000000000000e+00,0.000000000000000000e+00,0.000000000000000000e+00,4.485078642563382068e-01,4.858496725215161183e-01,4.893653697032480099e-01,1.723180217420489102e-01,3.564155880585792024e-01,0.000000000000000000e+00,3.563627738269035117e-01,4.896869663467807166e-01,0.000000000000000000e+00,4.417465677503711885e-01,3.977953554293358063e-01,3.702152554410055862e-01,0.000000000000000000e+00,0.000000000000000000e+00,4.400088352120380963e-01,4.504001740944648113e-01,4.353029741506199146e-01,4.612814545983940917e-01,3.385261079434696008e-01,3.748811001281096011e-01,3.956176953019452935e-01,4.393644145590888117e-01,4.745679284665501041e-01,4.658536699036304185e-01,4.894041236718317811e-01,3.740065023793806009e-01,4.519564187735058969e-01,3.578213778052611871e-01,4.056372916108377802e-01,4.564990197047186227e-01,0.000000000000000000e+00,0.000000000000000000e+00,0.000000000000000000e+00,4.312046011338422913e-01,3.877277324014449245e-01,4.277780627425584181e-01,4.199301615312430735e-01,0.000000000000000000e+00,0.000000000000000000e+00,0.000000000000000000e+00,4.148279945272724256e-01,4.339265431279313856e-01,0.000000000000000000e+00,0.000000000000000000e+00,0.000000000000000000e+00,0.000000000000000000e+00,0.000000000000000000e+00,0.000000000000000000e+00,0.000000000000000000e+00,3.963033034429173096e-01,0.000000000000000000e+00,4.145904720069675253e-01,0.000000000000000000e+00,0.000000000000000000e+00,0.000000000000000000e+00,4.373460262878239857e-01,3.945992131993045771e-01,3.992892848489933977e-01,0.000000000000000000e+00,0.000000000000000000e+00,0.000000000000000000e+00,4.772262951181137081e-01,0.000000000000000000e+00,4.061024190164042036e-01,3.983149427302248857e-01,4.058251697786551815e-01,0.000000000000000000e+00,0.000000000000000000e+00,0.000000000000000000e+00,0.000000000000000000e+00,4.138589592425939157e-01
0.000000000000000000e+00,0.000000000000000000e+00,3.723601287701556184e-01,0.000000000000000000e+00,4.097897449839765782e-01,3.669701554212109196e-01,4.049282441931034149e-01,4.239116240023697024e-01,3.211070478477989765e-01,1.150716520072545962e-01,3.506018891290297868e-01,1.541655912504223125e-01,4.135442105140005875e-01,3.665482286955131785e-01,0.000000000000000000e+00,0.000000000000000000e+00,0.000000000000000000e+00,0.000000000000000000e+00,0.000000000000000000e+00,0.000000000000000000e+00,0.000000000000000000e+00,0.000000000000000000e+00,3.420586615777169159e-01,0.000000000000000000e+00,0.000000000000000000e+00,0.000000000000000000e+00,3.751213241457693748e-01,4.116366730536707985e-01,0.000000000000000000e+00,0.000000000000000000e+00,0.000000000000000000e+00,0.000000000000000000e+00,0.000000000000000000e+00,1.092432483718232955e-01,0.000000000000000000e+00,3.256425956323861781e-01,4.095576639123952867e-01,1.031902039238388052e-01,0.000000000000000000e+00,0.000000000000000000e+00,0.000000000000000000e+00,0.000000000000000000e+00,0.000000000000000000e+00,0.000000000000000000e+00,0.000000000000000000e+00,0.000000000000000000e+00,0.000000000000000000e+00,4.597782354630745028e-01,0.000000000000000000e+00,1.437041172048640070e-01,4.730397990983998269e-01,1.548222465146527060e-01,4.619609367212850759e-01,4.920290867603426266e-01,0.000000000000000000e+00,4.013416841374364830e-01,0.000000000000000000e+00,1.847620863620250131e-01,4.514188404461776938e-01,0.000000000000000000e+00,0.000000000000000000e+00,0.000000000000000000e+00,0.000000000000000000e+00,4.626497191494428063e-01,0.000000000000000000e+00,0.000000000000000000e+00,0.000000000000000000e+00,4.948651439199017732e-01,0.000000000000000000e+00,0.000000000000000000e+00,0.000000000000000000e+00,4.803126606237124729e-01,0.000000000000000000e+00,0.000000000000000000e+00,0.000000000000000000e+00,0.000000000000000000e+00
4.480546190844377774e-01,4.404407522011604126e-01,0.000000000000000000e+00,0.000000000000000000e+00,4.265765208928564145e-01,4.291740904275614943e-01,4.759229590829994194e-01,4.117759842670408177e-01,4.035972531389707130e-01,1.064357389920402991e-01,0.000000000000000000e+00,0.000000000000000000e+00,4.740699044922879746e-01,0.000000000000000000e+00,3.468198825552480935e-01,4.426587541820394267e-01,4.387215929381171886e-01,4.400088352120380963e-01,0.000000000000000000e+00,0.000000000000000000e+00,4.219195600773358867e-01,4.112902671575914271e-01,3.107741620954547201e-01,0.000000000000000000e+00,4.222500037810765772e-01,4.499841978630170214e-01,3.664826139093285140e-01,4.192643405317286742e-01,4.013380975865846745e-01,3.819712870811438066e-01,4.103324780019381168e-01,4.818892071915804043e-01,4.316356818157249808e-01,4.633607742764503934e-01,5.258885249469700263e-01,0.000000000000000000e+00,0.000000000000000000e+00,0.000000000000000000e+00,4.936388187351077872e-01,4.900627258619084103e-01,5.072779587102385079e-01,5.325505491157168647e-01,1.085571697441179012e-01,0.000000000000000000e+00,0.000000000000000000e+00,0.000000000000000000e+00,4.816562767985014260e-01,0.000000000000000000e+00,0.000000000000000000e+00,0.000000000000000000e+00,4.812232419769701952e-01,0.000000000000000000e+00,0.000000000000000000e+00,0.000000000000000000e+00,0.000000000000000000e+00,0.000000000000000000e+00,0.000000000000000000e+00,5.788889383737163552e-01,0.000000000000000000e+00,4.910100999429430901e-01,1.948112228092699905e-01,0.000000000000000000e+00,0.000000000000000000e+00,0.000000000000000000e+00,4.672354566093542827e-01,4.562544752541405901e-01,5.122580211605481937e-01,4.771302521643199790e-01,0.000000000000000000e+00,1.902737318307902992e-01,5.117091004467535509e-01,4.738408818460109750e-01,5.105925849301859998e-01,4.827240027365466979e-01,1.118076663368391954e-01,5.148755784117209355e-01
4.484715658283541240e-01,4.448705201014572230e-01,0.000000000000000000e+00,0.000000000000000000e+00,0.000000000000000000e+00,4.192362208743670160e-01,0.000000000000000000e+00,4.286406485447806780e-01,0.000000000000000000e+00,0.000000000000000000e+00,0.000000000000000000e+00,0.000000000000000000e+00,4.730965672496301178e-01,4.681256232649094184e-01,3.803194170477989799e-01,4.711757691570602757e-01,0.000000000000000000e+00,4.504001740944648113e-01,0.000000000000000000e+00,4.219195600773358867e-01,0.000000000000000000e+00,4.473526831642823942e-01,4.007452165240428799e-01,5.214936684371596076e-01,4.399463492122638875e-01,3.995495959005184172e-01,4.139817460915640734e-01,4.622280633256106164e-01,4.525626895147086270e-01,0.000000000000000000e+00,4.503820870865861137e-01,4.847963403019230899e-01,4.219795845476502771e-01,4.849927626182731766e-01,5.235353716368690291e-01,0.000000000000000000e+00,0.000000000000000000e+00,0.000000000000000000e+00,4.825694816976782153e-01,4.212818958325306729e-01,4.955650502041195060e-01,5.335969089316353609e-01,0.000000000000000000e+00,0.000000000000000000e+00,0.000000000000000000e+00,4.073785569107817861e-01,4.555836541454403865e-01,0.000000000000000000e+00,0.000000000000000000e+00,0.000000000000000000e+00,4.266306080210818252e-01,0.000000000000000000e+00,2.552515360658524912e-01,0.000000000000000000e+00,0.000000000000000000e+00,0.000000000000000000e+00,0.000000000000000000e+00,5.690497697208555250e-01,0.000000000000000000e+00,4.611258345933563207e-01,4.673983340133974207e-01,0.000000000000000000e+00,0.000000000000000000e+00,0.000000000000000000e+00,4.217835147902134763e-01,2.156744009489522940e-01,4.633619376118344180e-01,4.392024623535124017e-01,0.000000000000000000e+00,1.266680572697488905e-01,4.789589805223090080e-01,4.448338157231311873e-01,5.080163751983786113e-01,4.253383335694839729e-01,0.000000000000000000e+00,4.802199815236579128e-01
