0.000000000000000000e+00,3.983717036549158097e-01,0.000000000000000000e+00,0.000000000000000000e+00,0.000000000000000000e+00,4.878740374139712843e-01,0.000000000000000000e+00,5.398557758786393102e-01,0.000000000000000000e+00,0.000000000000000000e+00,0.000000000000000000e+00,4.449781481658993121e-01,1.289189709994993938e-01,0.000000000000000000e+00,3.795927775551483085e-01,3.893144471401974727e-01,3.637897234879076125e-01,3.745926573400295001e-01,0.000000000000000000e+00,4.407289297407621098e-01,4.540220451822805092e-01,3.735505233719291773e-01,5.056934532031833740e-01,4.040112772111628114e-01,3.799231636878341867e-01,3.829809153939854882e-01,4.815019359377343822e-01,4.502903497530860166e-01,4.424043632389614844e-01,0.000000000000000000e+00,3.553343214741466194e-01,4.324688142352483000e-01,3.461790784484973793e-01,3.628125232735208150e-01,4.327404502241197215e-01,0.000000000000000000e+00,0.000000000000000000e+00,0.000000000000000000e+00,4.745860020727177275e-01,4.583945749473702924e-01,4.379511361244564083e-01,0.000000000000000000e+00,0.000000000000000000e+00,0.000000000000000000e+00,0.000000000000000000e+00,4.157455824539956768e-01,4.759822085512027123e-01,0.000000000000000000e+00,0.000000000000000000e+00,0.000000000000000000e+00,0.000000000000000000e+00,0.000000000000000000e+00,0.000000000000000000e+00,0.000000000000000000e+00,0.000000000000000000e+00,0.000000000000000000e+00,0.000000000000000000e+00,0.000000000000000000e+00,0.000000000000000000e+00,0.000000000000000000e+00,4.675542283288587897e-01,0.000000000000000000e+00,4.253143509908874909e-01,0.000000000000000000e+00,0.000000000000000000e+00,4.228154386562515965e-01,4.295166513535285113e-01,0.000000000000000000e+00,4.072032131107394815e-01,4.525120430908395885e-01,4.666845687983550151e-01,0.000000000000000000e+00,0.000000000000000000e+00,0.000000000000000000e+00,0.000000000000000000e+00,4.437950464211102841e-01
3.983717036549158097e-01,0.000000000000000000e+00,0.000000000000000000e+00,0.000000000000000000e+00,0.000000000000000000e+00,3.879619156598663188e-01,4.099021323510991799e-01,4.672576631048305229e-01,3.975004686433489254e-01,0.000000000000000000e+00,0.000000000000000000e+00,0.000000000000000000e+00,3.913186974308157096e-01,0.000000000000000000e+00,3.724330612111422800e-01,3.985288256518951799e-01,0.000000000000000000e+00,3.858650743500742775e-01,0.000000000000000000e+00,4.243614502849116232e-01,3.986281852157577132e-01,4.130715201346025767e-01,4.013460287534303950e-01,0.000000000000000000e+00,4.008459097922271730e-01,4.255513580040953814e-01,4.130591412854778266e-01,3.821470284155085162e-01,3.797224704953126029e-01,0.000000000000000000e+00,3.649141442524300172e-01,4.224944461171861176e-01,3.407333882949334924e-01,3.673938650312599807e-01,4.444421966877706853e-01,0.000000000000000000e+00,0.000000000000000000e+00,0.000000000000000000e+00,4.672166950365411187e-01,4.597794983394966062e-01,4.511508228324608849e-01,4.906549207071078111e-01,0.000000000000000000e+00,0.000000000000000000e+00,0.000000000000000000e+00,4.633977374740871902e-01,4.712012940873018807e-01,0.000000000000000000e+00,0.000000000000000000e+00,0.000000000000000000e+00,4.540731030503967758e-01,0.000000000000000000e+00,0.000000000000000000e+00,0.000000000000000000e+00,0.000000000000000000e+00,0.000000000000000000e+00,0.000000000000000000e+00,0.000000000000000000e+00,0.000000000000000000e+00,4.737034351120126829e-01,4.478463617281481790e-01,0.000000000000000000e+00,4.193285255886612939e-01,0.000000000000000000e+00,4.440749681442859864e-01,4.674115549674083270e-01,4.486812422254112254e-01,4.935337565744725152e-01,0.000000000000000000e+00,4.432452063658662844e-01,4.771371349552491758e-01,4.705163159977476806e-01,0.000000000000000000e+00,4.500474952970193177e-01,0.000000000000000000e+00,4.281763959072434900e-01
0.000000000000000000e+00,0.000000000000000000e+00,0.000000000000000000e+00,1.084974605659149022e-01,4.118628331458544234e-01,4.188495010545322805e-01,4.390099813545871865e-01,4.609343766771029083e-01,3.112276330423953130e-01,1.366818454632532931e-01,3.906321246917536238e-01,1.446661517501139915e-01,4.392232660219667073e-01,4.419622592128614191e-01,0.000000000000000000e+00,0.000000000000000000e+00,0.000000000000000000e+00,0.000000000000000000e+00,3.272757033809564065e-01,0.000000000000000000e+00,0.000000000000000000e+00,0.000000000000000000e+00,3.288912858272737827e-01,0.000000000000000000e+00,0.000000000000000000e+00,0.000000000000000000e+00,3.241627266009863839e-01,4.434102015122965978e-01,0.000000000000000000e+00,0.000000000000000000e+00,4.549721437039915828e-01,4.312039321059412122e-01,0.000000000000000000e+00,4.606788009959306152e-01,4.680306668839380735e-01,4.098661024329913194e-01,1.218498883128616012e-01,0.000000000000000000e+00,5.642982922766134335e-01,0.000000000000000000e+00,1.357753081291697972e-01,0.000000000000000000e+00,5.447463415481506033e-01,0.000000000000000000e+00,0.000000000000000000e+00,0.000000000000000000e+00,0.000000000000000000e+00,4.694871745739799818e-01,0.000000000000000000e+00,1.561042921034735964e-01,5.860850319629162808e-01,5.691577958713815999e-01,5.709907599315737770e-01,5.936358828914798380e-01,0.000000000000000000e+00,5.457710500100199091e-01,0.000000000000000000e+00,6.484292091253764934e-01,5.258753602853241116e-01,0.000000000000000000e+00,0.000000000000000000e+00,0.000000000000000000e+00,0.000000000000000000e+00,3.931084723819283089e-01,0.000000000000000000e+00,0.000000000000000000e+00,0.000000000000000000e+00,6.067665380579766454e-01,0.000000000000000000e+00,0.000000000000000000e+00,0.000000000000000000e+00,5.768908433595237861e-01,1.895566312354675098e-01,0.000000000000000000e+00,0.000000000000000000e+00,0.000000000000000000e+00
0.000000000000000000e+00,0.000000000000000000e+00,1.084974605659149022e-01,0.000000000000000000e+00,2.298183395314820909e-01,4.066299868414748886e-01,2.406653763986099925e-01,3.920208252600382859e-01,4.111202589029637755e-01,0.000000000000000000e+00,3.594502459867601751e-01,0.000000000000000000e+00,2.608142176289158787e-01,2.989731051514232241e-01,0.000000000000000000e+00,0.000000000000000000e+00,0.000000000000000000e+00,0.000000000000000000e+00,0.000000000000000000e+00,0.000000000000000000e+00,0.000000000000000000e+00,0.000000000000000000e+00,0.000000000000000000e+00,0.000000000000000000e+00,0.000000000000000000e+00,0.000000000000000000e+00,3.981256396684306198e-01,2.457185456615861019e-01,0.000000000000000000e+00,0.000000000000000000e+00,0.000000000000000000e+00,3.110027232264949149e-01,0.000000000000000000e+00,3.354690189626551855e-01,3.529516827285920089e-01,2.354451034467688886e-01,2.002129745781527081e-01,0.000000000000000000e+00,0.000000000000000000e+00,0.000000000000000000e+00,0.000000000000000000e+00,0.000000000000000000e+00,0.000000000000000000e+00,0.000000000000000000e+00,0.000000000000000000e+00,0.000000000000000000e+00,0.000000000000000000e+00,0.000000000000000000e+00,0.000000000000000000e+00,0.000000000000000000e+00,0.000000000000000000e+00,0.000000000000000000e+00,0.000000000000000000e+00,0.000000000000000000e+00,0.000000000000000000e+00,0.000000000000000000e+00,0.000000000000000000e+00,0.000000000000000000e+00,0.000000000000000000e+00,0.000000000000000000e+00,0.000000000000000000e+00,0.000000000000000000e+00,0.000000000000000000e+00,0.000000000000000000e+00,0.000000000000000000e+00,0.000000000000000000e+00,0.000000000000000000e+00,0.000000000000000000e+00,0.000000000000000000e+00,0.000000000000000000e+00,0.000000000000000000e+00,0.000000000000000000e+00,0.000000000000000000e+00,0.000000000000000000e+00,0.000000000000000000e+00,0.000000000000000000e+00
0.000000000000000000e+00,0.000000000000000000e+00,4.118628331458544234e-01,2.298183395314820909e-01,0.000000000000000000e+00,4.204129445702891044e-01,3.778685734082494196e-01,4.365194646037057757e-01,3.723027272052821801e-01,4.592720981026092164e-01,3.396156839584159037e-01,1.089202348788521069e-01,3.778501824077347138e-01,3.108318737032153001e-01,0.000000000000000000e+00,0.000000000000000000e+00,0.000000000000000000e+00,0.000000000000000000e+00,4.102337017673817199e-01,3.746020098123513109e-01,0.000000000000000000e+00,3.962666847013726068e-01,4.187421741104874751e-01,0.000000000000000000e+00,4.785240489509601236e-01,0.000000000000000000e+00,4.158896628349514901e-01,3.368089439817650854e-01,3.721488857281806117e-01,0.000000000000000000e+00,4.573339943289352894e-01,3.295859907541368039e-01,0.000000000000000000e+00,4.464166089921394742e-01,4.523943008954687817e-01,2.300653098787882878e-01,2.149290130098880924e-01,0.000000000000000000e+00,1.449016219380533932e-01,0.000000000000000000e+00,0.000000000000000000e+00,0.000000000000000000e+00,5.076063598808447930e-01,0.000000000000000000e+00,0.000000000000000000e+00,0.000000000000000000e+00,0.000000000000000000e+00,5.323520522159650437e-01,0.000000000000000000e+00,1.196853085045865017e-01,1.413995716886319864e-01,0.000000000000000000e+00,5.306363683360786343e-01,1.473916997482105085e-01,0.000000000000000000e+00,4.764460095900022174e-01,0.000000000000000000e+00,0.000000000000000000e+00,0.000000000000000000e+00,0.000000000000000000e+00,0.000000000000000000e+00,0.000000000000000000e+00,0.000000000000000000e+00,0.000000000000000000e+00,0.000000000000000000e+00,0.000000000000000000e+00,0.000000000000000000e+00,5.462905753691544852e-01,0.000000000000000000e+00,0.000000000000000000e+00,0.000000000000000000e+00,1.505447041079442938e-01,0.000000000000000000e+00,0.000000000000000000e+00,0.000000000000000000e+00,0.000000000000000000e+00
4.878740374139712843e-01,3.879619156598663188e-01,4.188495010545322805e-01,4.066299868414748886e-01,4.204129445702891044e-01,0.000000000000000000e+00,4.303336606332598957e-01,4.385631305614546838e-01,3.839563650581044874e-01,4.610064524747172210e-01,4.247274575672175256e-01,4.908144576164539252e-01,4.005925591026504029e-01,4.480087865179441797e-01,4.096343693075629178e-01,4.077346268991008937e-01,1.577053824631629020e-01,4.033574990315593189e-01,3.758672140234428083e-01,4.010196295376327047e-01,4.062821834277021149e-01,4.122529580542422245e-01,4.107382731416118760e-01,0.000000000000000000e+00,3.602881974394485098e-01,4.119885946032553203e-01,3.928109089054486192e-01,3.957503974221803222e-01,3.591220608018502736e-01,4.286765492939857980e-01,4.339798809436620219e-01,4.220523338345216202e-01,0.000000000000000000e+00,4.426156780483153086e-01,4.549470274852037144e-01,4.434059688330044824e-01,4.383529480550419910e-01,1.323406039125313016e-01,5.076815207164797616e-01,0.000000000000000000e+00,5.293942759314483881e-01,5.884027427510352126e-01,4.688042572746083936e-01,0.000000000000000000e+00,0.000000000000000000e+00,0.000000000000000000e+00,1.837371231652606962e-01,5.759395515334002624e-01,0.000000000000000000e+00,1.789824702647367927e-01,5.182317375565770323e-01,5.609544693033013951e-01,5.053773282962067404e-01,5.979398315320234580e-01,0.000000000000000000e+00,5.401993184334076270e-01,0.000000000000000000e+00,5.301329192076311703e-01,0.000000000000000000e+00,4.727034991951978848e-01,0.000000000000000000e+00,0.000000000000000000e+00,0.000000000000000000e+00,5.771116583200185390e-01,4.642448734931491905e-01,4.520320070714897165e-01,1.635458232680565005e-01,5.412188771119954556e-01,0.000000000000000000e+00,0.000000000000000000e+00,1.638433464803079054e-01,5.254340808279485131e-01,5.033601856510400152e-01,4.853183262570687773e-01,5.383365530668540178e-01,5.400926967801962242e-01
0.000000000000000000e+00,4.099021323510991799e-01,4.390099813545871865e-01,2.406653763986099925e-01,3.778685734082494196e-01,4.303336606332598957e-01,0.000000000000000000e+00,4.474439358104331799e-01,4.188538666256749754e-01,4.452392942173116763e-01,4.377343319346018169e-01,4.243272501514421258e-01,3.636623351431222950e-01,3.596061888574317855e-01,0.000000000000000000e+00,4.345570629385063777e-01,4.791822940804614239e-01,4.367814296027399124e-01,4.440601161224652094e-01,4.144679324016444788e-01,0.000000000000000000e+00,4.246710559542086205e-01,4.231324381901729881e-01,4.306602808159485929e-01,4.134052181547079874e-01,4.377285818744049983e-01,4.325755077882406097e-01,3.378695234436158157e-01,4.021796859364121790e-01,0.000000000000000000e+00,4.326137763961164784e-01,4.275627043948181938e-01,4.042700486484880895e-01,4.212608625190872869e-01,4.388397625534450897e-01,2.989966113223543887e-01,2.869519238796727767e-01,4.298290999226369036e-01,1.841832463700056044e-01,0.000000000000000000e+00,1.637731516271186127e-01,0.000000000000000000e+00,1.211191185914881063e-01,0.000000000000000000e+00,0.000000000000000000e+00,0.000000000000000000e+00,0.000000000000000000e+00,6.345750870653809050e-01,0.000000000000000000e+00,0.000000000000000000e+00,5.293981110542638202e-01,0.000000000000000000e+00,1.112453970595013997e-01,1.754326870027249075e-01,0.000000000000000000e+00,1.484293345485989957e-01,0.000000000000000000e+00,0.000000000000000000e+00,0.000000000000000000e+00,0.000000000000000000e+00,0.000000000000000000e+00,0.000000000000000000e+00,0.000000000000000000e+00,1.420735728466518133e-01,0.000000000000000000e+00,0.000000000000000000e+00,0.000000000000000000e+00,5.235797922973521867e-01,0.000000000000000000e+00,0.000000000000000000e+00,0.000000000000000000e+00,5.161627882247410426e-01,0.000000000000000000e+00,0.000000000000000000e+00,0.000000000000000000e+00,0.000000000000000000e+00
5.398557758786393102e-01,4.672576631048305229e-01,4.609343766771029083e-01,3.920208252600382859e-01,4.365194646037057757e-01,4.385631305614546838e-01,4.474439358104331799e-01,0.000000000000000000e+00,5.176466552477827499e-01,5.464240888767833981e-01,3.392677149822183047e-01,0.000000000000000000e+00,4.386648575143611839e-01,3.581201731987900816e-01,3.696965805579581210e-01,4.928386352100939116e-01,0.000000000000000000e+00,5.076832531706527707e-01,4.390418743414392089e-01,4.029709215903484743e-01,4.260322764486594860e-01,4.368282442501851270e-01,3.979363226916156071e-01,5.522697550747496242e-01,5.242931513151117828e-01,5.204402818714349843e-01,4.768203044216697273e-01,4.186419843287256803e-01,3.471819463353694180e-01,3.976748741573886137e-01,4.491715843722602908e-01,3.881344134631368181e-01,5.079410328946807329e-01,4.650964384588938128e-01,4.617007470535660074e-01,2.793793158232746876e-01,4.482743943961964850e-01,0.000000000000000000e+00,5.134517019283347805e-01,0.000000000000000000e+00,5.285538201006432235e-01,0.000000000000000000e+00,4.830954132136068835e-01,0.000000000000000000e+00,0.000000000000000000e+00,0.000000000000000000e+00,0.000000000000000000e+00,5.442515261684438554e-01,0.000000000000000000e+00,6.673268763191763098e-01,4.852195451456141062e-01,0.000000000000000000e+00,4.381372314649079058e-01,5.559478988032086066e-01,0.000000000000000000e+00,5.182095806455445652e-01,0.000000000000000000e+00,4.839983463279126097e-01,0.000000000000000000e+00,4.982887049951434943e-01,0.000000000000000000e+00,0.000000000000000000e+00,0.000000000000000000e+00,5.541699168335129100e-01,4.706774207655858855e-01,4.305721732253727785e-01,0.000000000000000000e+00,5.191370675438716775e-01,0.000000000000000000e+00,0.000000000000000000e+00,0.000000000000000000e+00,5.057089398445875350e-01,4.831660704567682929e-01,4.733793952877333178e-01,0.000000000000000000e+00,1.067701148290253060e-01
0.000000000000000000e+00,3.975004686433489254e-01,3.112276330423953130e-01,4.111202589029637755e-01,3.723027272052821801e-01,3.839563650581044874e-01,4.188538666256749754e-01,5.176466552477827499e-01,0.000000000000000000e+00,4.820563927344739263e-01,3.416293411410045167e-01,4.799116924136098139e-01,4.041335778589720817e-01,4.365539148354301013e-01,0.000000000000000000e+00,4.430349557944313066e-01,0.000000000000000000e+00,6.319894094862242850e-01,2.846441362229004124e-01,3.924479074193185091e-01,0.000000000000000000e+00,4.159892199031708926e-01,4.222981129255438115e-01,5.640607641768469183e-01,4.249692351067069773e-01,1.487972333815535952e-01,3.637325768549630189e-01,4.491259032144699903e-01,3.807519092513678149e-01,0.000000000000000000e+00,4.627114179994952226e-01,4.342079575711603190e-01,4.690104142300878243e-01,4.642264771484331254e-01,4.657476288732352865e-01,4.264660802726181754e-01,4.448890978056794787e-01,4.550478436693305984e-01,5.686703922966898084e-01,0.000000000000000000e+00,1.944270713845958065e-01,0.000000000000000000e+00,5.275637925026874786e-01,0.000000000000000000e+00,0.000000000000000000e+00,0.000000000000000000e+00,0.000000000000000000e+00,5.905744287800434034e-01,0.000000000000000000e+00,1.678821275704424076e-01,5.652245474022782323e-01,1.944052841542409094e-01,5.806256497533401895e-01,5.893368233294522529e-01,0.000000000000000000e+00,5.590424571046308522e-01,0.000000000000000000e+00,1.922170983634403085e-01,5.019087195165494730e-01,0.000000000000000000e+00,0.000000000000000000e+00,0.000000000000000000e+00,0.000000000000000000e+00,5.686348935542994143e-01,0.000000000000000000e+00,0.000000000000000000e+00,0.000000000000000000e+00,6.054927312300308895e-01,0.000000000000000000e+00,0.000000000000000000e+00,0.000000000000000000e+00,5.729353291661463121e-01,2.033127150883851098e-01,0.000000000000000000e+00,0.000000000000000000e+00,0.000000000000000000e+00
0.000000000000000000e+00,0.000000000000000000e+00,1.366818454632532931e-01,0.000000000000000000e+00,4.592720981026092164e-01,4.610064524747172210e-01,4.452392942173116763e-01,5.464240888767833981e-01,4.820563927344739263e-01,0.000000000000000000e+00,4.735719238609735759e-01,3.134556479046998190e-01,4.369995579928674934e-01,0.000000000000000000e+00,0.000000000000000000e+00,3.755567383507562029e-01,3.241936164831148992e-01,3.461197383725209131e-01,4.957900307010635887e-01,1.064357389920402991e-01,0.000000000000000000e+00,1.131478320326588932e-01,4.714145209432675232e-01,3.284832821986051199e-01,3.413425598814803785e-01,3.603820176847606915e-01,4.900288590497204888e-01,4.360119875000578182e-01,1.329312264403890997e-01,0.000000000000000000e+00,3.283108557746637901e-01,3.956505023382266839e-01,3.211807407423337146e-01,3.401454342453906210e-01,3.757947385789756067e-01,4.014900888279460123e-01,3.547416900517704197e-01,2.848574985358113265e-01,3.743048580434860106e-01,3.734125737901234920e-01,3.977653159505650793e-01,3.000062737475773789e-01,0.000000000000000000e+00,0.000000000000000000e+00,3.838268562468850065e-01,0.000000000000000000e+00,0.000000000000000000e+00,0.000000000000000000e+00,0.000000000000000000e+00,0.000000000000000000e+00,0.000000000000000000e+00,0.000000000000000000e+00,0.000000000000000000e+00,0.000000000000000000e+00,4.578332469212068045e-01,0.000000000000000000e+00,4.571103017993717876e-01,0.000000000000000000e+00,0.000000000000000000e+00,0.000000000000000000e+00,0.000000000000000000e+00,4.408199305352437092e-01,4.338330905276552851e-01,0.000000000000000000e+00,0.000000000000000000e+00,0.000000000000000000e+00,0.000000000000000000e+00,0.000000000000000000e+00,4.430219382116756810e-01,4.542213645732374183e-01,4.610398414755927932e-01,0.000000000000000000e+00,4.370995799267060056e-01,0.000000000000000000e+00,0.000000000000000000e+00,4.469974566585471210e-01
0.000000000000000000e+00,0.000000000000000000e+00,3.906321246917536238e-01,3.594502459867601751e-01,3.396156839584159037e-01,4.247274575672175256e-01,4.377343319346018169e-01,3.392677149822183047e-01,3.416293411410045167e-01,4.735719238609735759e-01,0.000000000000000000e+00,1.231636627429836955e-01,4.497105635956156755e-01,3.449291382102410153e-01,0.000000000000000000e+00,0.000000000000000000e+00,1.129603659847957936e-01,0.000000000000000000e+00,3.276302889750337122e-01,0.000000000000000000e+00,0.000000000000000000e+00,0.000000000000000000e+00,3.786711751508702872e-01,0.000000000000000000e+00,0.000000000000000000e+00,1.680492079956459883e-01,4.110782662918263108e-01,4.527397794329282021e-01,0.000000000000000000e+00,0.000000000000000000e+00,4.738942549097476253e-01,3.378033898593256201e-01,0.000000000000000000e+00,4.642037682773664797e-01,4.709455764952039103e-01,3.165720562229983881e-01,3.983799524559903937e-01,1.142382805828319053e-01,4.291355228492467755e-01,0.000000000000000000e+00,0.000000000000000000e+00,0.000000000000000000e+00,4.243415995413202801e-01,0.000000000000000000e+00,0.000000000000000000e+00,0.000000000000000000e+00,0.000000000000000000e+00,5.216511889861945583e-01,0.000000000000000000e+00,1.096474142337539037e-01,4.951972253788701761e-01,1.325156429244102874e-01,4.626438149512155928e-01,5.276465560870208238e-01,0.000000000000000000e+00,4.091799573863654227e-01,0.000000000000000000e+00,1.411573169783089110e-01,4.092297629337824927e-01,0.000000000000000000e+00,0.000000000000000000e+00,0.000000000000000000e+00,0.000000000000000000e+00,4.614981981306612857e-01,0.000000000000000000e+00,0.000000000000000000e+00,0.000000000000000000e+00,5.306498312385746763e-01,0.000000000000000000e+00,0.000000000000000000e+00,0.000000000000000000e+00,5.025323832607404562e-01,1.700380183479761886e-01,0.000000000000000000e+00,0.000000000000000000e+00,0.000000000000000000e+00
4.449781481658993121e-01,0.000000000000000000e+00,1.446661517501139915e-01,0.000000000000000000e+00,1.089202348788521069e-01,4.908144576164539252e-01,4.243272501514421258e-01,0.000000000000000000e+00,4.799116924136098139e-01,3.134556479046998190e-01,1.231636627429836955e-01,0.000000000000000000e+00,4.231703254475314147e-01,0.000000000000000000e+00,0.000000000000000000e+00,0.000000000000000000e+00,3.523499215994340128e-01,3.608376110296102057e-01,1.541655912504223125e-01,0.000000000000000000e+00,5.401157007540693389e-01,0.000000000000000000e+00,1.457153629566030062e-01,3.094061505988723870e-01,3.549208643515933126e-01,3.472197866744530237e-01,1.478126499661331916e-01,4.073777262820227896e-01,0.000000000000000000e+00,0.000000000000000000e+00,3.413676780869345229e-01,2.633696699931529772e-01,2.962156405598905806e-01,2.857078832227691878e-01,3.441722269053629768e-01,3.608206880533493810e-01,3.661070103984316870e-01,2.512962811604751989e-01,2.669495779669178726e-01,3.843102093200270186e-01,3.144344122122815777e-01,2.805416305249477937e-01,3.325075191667833940e-01,0.000000000000000000e+00,3.583914533085331144e-01,0.000000000000000000e+00,0.000000000000000000e+00,0.000000000000000000e+00,0.000000000000000000e+00,0.000000000000000000e+00,0.000000000000000000e+00,0.000000000000000000e+00,0.000000000000000000e+00,0.000000000000000000e+00,4.670280627260233741e-01,0.000000000000000000e+00,4.611415666008298886e-01,4.003295406078147267e-01,0.000000000000000000e+00,0.000000000000000000e+00,0.000000000000000000e+00,4.528294072253101765e-01,4.592401274509632092e-01,0.000000000000000000e+00,0.000000000000000000e+00,0.000000000000000000e+00,0.000000000000000000e+00,0.000000000000000000e+00,4.479035610687913116e-01,4.651446339720179957e-01,4.704369480044973129e-01,0.000000000000000000e+00,3.368751409661860929e-01,0.000000000000000000e+00,0.000000000000000000e+00,4.485714789230111910e-01
1.289189709994993938e-01,3.913186974308157096e-01,4.392232660219667073e-01,2.608142176289158787e-01,3.778501824077347138e-01,4.005925591026504029e-01,3.636623351431222950e-01,4.386648575143611839e-01,4.041335778589720817e-01,4.369995579928674934e-01,4.497105635956156755e-01,4.231703254475314147e-01,0.000000000000000000e+00,3.487981073985257918e-01,3.382825806272721225e-01,4.263826028616504726e-01,4.459921085320153189e-01,4.482311044663512822e-01,4.460068811182144044e-01,4.063260816585458901e-01,4.099876764782475203e-01,4.230786369948251191e-01,4.169097106945245934e-01,4.229302138866506966e-01,4.299909103058758841e-01,4.373321300105268983e-01,4.250495052629504888e-01,3.517401035927434916e-01,3.709886447306264268e-01,3.754093278752602125e-01,4.119294618726188073e-01,4.170617678284360141e-01,4.116683796381668814e-01,4.175990940477544155e-01,4.349878335199792723e-01,3.393235980233866855e-01,3.376144913351301069e-01,4.026654603644674868e-01,4.718438648667285240e-01,4.693720895869978871e-01,5.841148012510047893e-01,5.337426450437012804e-01,4.899896818387109998e-01,0.000000000000000000e+00,0.000000000000000000e+00,0.000000000000000000e+00,0.000000000000000000e+00,5.412162137977212240e-01,0.000000000000000000e+00,0.000000000000000000e+00,5.056321700724976109e-01,2.127971987323727110e-01,4.820808786340659013e-01,0.000000000000000000e+00,0.000000000000000000e+00,1.451333181512788895e-01,3.930208528157744241e-01,0.000000000000000000e+00,0.000000000000000000e+00,1.660466628282462886e-01,0.000000000000000000e+00,0.000000000000000000e+00,0.000000000000000000e+00,0.000000000000000000e+00,1.543003688465809098e-01,0.000000000000000000e+00,2.033799240140601039e-01,5.226715262591329347e-01,0.000000000000000000e+00,1.644983550037110998e-01,1.881866019945158952e-01,5.031718021542728181e-01,0.000000000000000000e+00,5.083135365310225140e-01,0.000000000000000000e+00,0.000000000000000000e+00
0.000000000000000000e+00,0.000000000000000000e+00,4.419622592128614191e-01,2.989731051514232241e-01,3.108318737032153001e-01,4.480087865179441797e-01,3.596061888574317855e-01,3.581201731987900816e-01,4.365539148354301013e-01,0.000000000000000000e+00,3.449291382102410153e-01,0.000000000000000000e+00,3.487981073985257918e-01,0.000000000000000000e+00,0.000000000000000000e+00,0.000000000000000000e+00,0.000000000000000000e+00,0.000000000000000000e+00,4.036406179866159905e-01,0.000000000000000000e+00,0.000000000000000000e+00,0.000000000000000000e+00,4.006387331810766783e-01,0.000000000000000000e+00,0.000000000000000000e+00,0.000000000000000000e+00,5.038695027891321176e-01,2.505334768592447081e-01,0.000000000000000000e+00,0.000000000000000000e+00,0.000000000000000000e+00,2.655293084166255868e-01,0.000000000000000000e+00,0.000000000000000000e+00,0.000000000000000000e+00,2.657698026524252799e-01,2.112290644538283024e-01,0.000000000000000000e+00,2.985690634356651940e-01,0.000000000000000000e+00,0.000000000000000000e+00,0.000000000000000000e+00,3.315754690676325223e-01,0.000000000000000000e+00,0.000000000000000000e+00,0.000000000000000000e+00,0.000000000000000000e+00,5.159204518681466123e-01,0.000000000000000000e+00,0.000000000000000000e+00,0.000000000000000000e+00,0.000000000000000000e+00,0.000000000000000000e+00,4.981186903416007228e-01,0.000000000000000000e+00,4.196429037759341063e-01,0.000000000000000000e+00,0.000000000000000000e+00,0.000000000000000000e+00,0.000000000000000000e+00,0.000000000000000000e+00,0.000000000000000000e+00,0.000000000000000000e+00,0.000000000000000000e+00,0.000000000000000000e+00,0.000000000000000000e+00,0.000000000000000000e+00,4.839615123093957139e-01,0.000000000000000000e+00,0.000000000000000000e+00,0.000000000000000000e+00,4.627711035584419763e-01,0.000000000000000000e+00,0.000000000000000000e+00,0.000000000000000000e+00,0.000000000000000000e+00
3.795927775551483085e-01,3.724330612111422800e-01,0.000000000000000000e+00,0.000000000000000000e+00,0.000000000000000000e+00,4.096343693075629178e-01,0.000000000000000000e+00,3.696965805579581210e-01,0.000000000000000000e+00,0.000000000000000000e+00,0.000000000000000000e+00,0.000000000000000000e+00,3.382825806272721225e-01,0.000000000000000000e+00,0.000000000000000000e+00,3.807289999341005871e-01,0.000000000000000000e+00,3.659429529834766215e-01,0.000000000000000000e+00,3.625971669197055047e-01,3.744413783943720264e-01,4.094496686800753738e-01,3.853286558973995080e-01,5.057326454519482928e-01,3.286333508005839232e-01,3.840386266575686047e-01,4.247199266279210184e-01,3.629970549221446796e-01,3.584810000725339174e-01,0.000000000000000000e+00,3.952161588550980875e-01,4.274026477839580895e-01,3.551008222028433914e-01,4.160180539748309925e-01,4.587037931087821208e-01,4.777486370727284104e-01,0.000000000000000000e+00,0.000000000000000000e+00,4.645193826508579038e-01,4.627763733374652966e-01,4.915473672858393095e-01,5.175945159018395803e-01,0.000000000000000000e+00,0.000000000000000000e+00,0.000000000000000000e+00,0.000000000000000000e+00,4.732146048436314811e-01,0.000000000000000000e+00,0.000000000000000000e+00,0.000000000000000000e+00,4.539069070896307734e-01,0.000000000000000000e+00,4.631267756044172845e-01,0.000000000000000000e+00,0.000000000000000000e+00,0.000000000000000000e+00,0.000000000000000000e+00,5.698793513142014211e-01,0.000000000000000000e+00,4.673863774478931865e-01,1.452970067518689068e-01,0.000000000000000000e+00,0.000000000000000000e+00,0.000000000000000000e+00,4.525232089364332189e-01,4.553438904022231171e-01,4.630641833625798176e-01,4.846528754951980877e-01,0.000000000000000000e+00,1.582739178132742119e-01,5.102698118425598173e-01,4.697649251915412827e-01,5.017704407311789350e-01,4.616954559772741273e-01,0.000000000000000000e+00,1.299156690900989952e-01
3.893144471401974727e-01,3.985288256518951799e-01,0.000000000000000000e+00,0.000000000000000000e+00,0.000000000000000000e+00,4.077346268991008937e-01,4.345570629385063777e-01,4.928386352100939116e-01,4.430349557944313066e-01,3.755567383507562029e-01,0.000000000000000000e+00,0.000000000000000000e+00,4.263826028616504726e-01,0.000000000000000000e+00,3.807289999341005871e-01,0.000000000000000000e+00,3.774867221334655132e-01,3.588405251581459066e-01,0.000000000000000000e+00,4.197985257178831753e-01,3.913344422145240142e-01,3.903684548149111144e-01,4.094294838281319904e-01,0.000000000000000000e+00,3.737876738626270123e-01,4.033273857169106802e-01,4.205236468112500958e-01,4.300714102628018232e-01,4.282601083988514246e-01,4.380584652383929800e-01,3.696679402266169201e-01,4.569629472242094925e-01,3.977497062923278093e-01,3.932882994059537785e-01,4.731395347442369226e-01,0.000000000000000000e+00,0.000000000000000000e+00,0.000000000000000000e+00,4.463382395267013192e-01,4.324778290061738195e-01,4.177346914383188725e-01,4.690383453105981260e-01,0.000000000000000000e+00,0.000000000000000000e+00,0.000000000000000000e+00,4.564359942148455973e-01,4.545654895179609967e-01,0.000000000000000000e+00,0.000000000000000000e+00,0.000000000000000000e+00,0.000000000000000000e+00,0.000000000000000000e+00,0.000000000000000000e+00,0.000000000000000000e+00,0.000000000000000000e+00,0.000000000000000000e+00,0.000000000000000000e+00,0.000000000000000000e+00,0.000000000000000000e+00,4.804285137596995270e-01,4.166440880807937841e-01,0.000000000000000000e+00,3.923519908704148906e-01,0.000000000000000000e+00,4.673297722249801223e-01,4.585841129027987129e-01,4.471882273160998067e-01,1.718447103613205129e-01,0.000000000000000000e+00,4.204069085346970880e-01,4.607637454389784115e-01,1.510972486137522885e-01,0.000000000000000000e+00,5.034238339099967874e-01,0.000000000000000000e+00,4.129789582074340770e-01
3.637897234879076125e-01,0.000000000000000000e+00,0.000000000000000000e+00,0.000000000000000000e+00,0.000000000000000000e+00,1.577053824631629020e-01,4.791822940804614239e-01,0.000000000000000000e+00,0.000000000000000000e+00,3.241936164831148992e-01,1.129603659847957936e-01,3.523499215994340128e-01,4.459921085320153189e-01,0.000000000000000000e+00,0.000000000000000000e+00,3.774867221334655132e-01,0.000000000000000000e+00,3.350186030908128276e-01,0.000000000000000000e+00,3.896071099525986181e-01,0.000000000000000000e+00,0.000000000000000000e+00,0.000000000000000000e+00,3.413860108653083980e-01,3.156917081225569244e-01,3.505305423584301194e-01,0.000000000000000000e+00,4.394261961603579958e-01,1.054474693937562935e-01,0.000000000000000000e+00,3.366469051600640139e-01,4.304755228141963763e-01,3.394746239202666160e-01,3.668763725013360899e-01,3.926591214234617100e-01,0.000000000000000000e+00,0.000000000000000000e+00,3.179114992986087906e-01,0.000000000000000000e+00,3.819941444498257122e-01,0.000000000000000000e+00,0.000000000000000000e+00,0.000000000000000000e+00,0.000000000000000000e+00,0.000000000000000000e+00,0.000000000000000000e+00,0.000000000000000000e+00,0.000000000000000000e+00,0.000000000000000000e+00,0.000000000000000000e+00,0.000000000000000000e+00,0.000000000000000000e+00,0.000000000000000000e+00,0.000000000000000000e+00,4.480929491404068155e-01,0.000000000000000000e+00,4.487047886155067777e-01,0.000000000000000000e+00,0.000000000000000000e+00,0.000000000000000000e+00,0.000000000000000000e+00,4.282185208509892149e-01,4.292179494919224902e-01,0.000000000000000000e+00,0.000000000000000000e+00,0.000000000000000000e+00,0.000000000000000000e+00,0.000000000000000000e+00,4.472977164566904196e-01,4.490145819580194098e-01,4.553188758581920847e-01,0.000000000000000000e+00,0.000000000000000000e+00,0.000000000000000000e+00,0.000000000000000000e+00,0.000000000000000000e+00
3.745926573400295001e-01,3.858650743500742775e-01,0.000000000000000000e+00,0.000000000000000000e+00,0.000000000000000000e+00,4.033574990315593189e-01,4.367814296027399124e-01,5.076832531706527707e-01,6.319894094862242850e-01,3.461197383725209131e-01,0.000000000000000000e+00,3.608376110296102057e-01,4.482311044663512822e-01,0.000000000000000000e+00,3.659429529834766215e-01,3.588405251581459066e-01,3.350186030908128276e-01,0.000000000000000000e+00,0.000000000000000000e+00,4.090568906320677933e-01,3.784231206597735153e-01,4.041171971369533766e-01,4.138916397228454835e-01,3.346145731147889824e-01,3.498621042519052815e-01,3.602272418496457185e-01,4.150900854181395205e-01,4.377266723426819217e-01,4.074353043882795178e-01,4.373827885894028822e-01,3.603858646009602817e-01,4.451607347997018072e-01,3.668406425252809799e-01,3.857952969735420901e-01,4.269729250824237932e-01,0.000000000000000000e+00,0.000000000000000000e+00,0.000000000000000000e+00,4.400701307501199144e-01,3.827540901050511257e-01,4.003377472537780757e-01,4.037975078978198740e-01,0.000000000000000000e+00,0.000000000000000000e+00,0.000000000000000000e+00,4.288145232505800042e-01,4.319375654788099039e-01,0.000000000000000000e+00,0.000000000000000000e+00,0.000000000000000000e+00,0.000000000000000000e+00,0.000000000000000000e+00,0.000000000000000000e+00,0.000000000000000000e+00,4.261489757738811113e-01,0.000000000000000000e+00,4.260855211932628728e-01,0.000000000000000000e+00,0.000000000000000000e+00,0.000000000000000000e+00,4.098700279481521935e-01,4.081262926448550044e-01,4.028650686348916876e-01,0.000000000000000000e+00,0.000000000000000000e+00,0.000000000000000000e+00,4.350910139592502057e-01,0.000000000000000000e+00,4.174513522954892975e-01,4.152486920246787894e-01,4.352165201073169842e-01,0.000000000000000000e+00,0.000000000000000000e+00,0.000000000000000000e+00,0.000000000000000000e+00,4.149309985965217162e-01
0.000000000000000000e+00,0.000000000000000000e+00,3.272757033809564065e-01,0.000000000000000000e+00,4.102337017673817199e-01,3.758672140234428083e-01,4.440601161224652094e-01,4.390418743414392089e-01,2.846441362229004124e-01,4.957900307010635887e-01,3.276302889750337122e-01,1.541655912504223125e-01,4.460068811182144044e-01,4.036406179866159905e-01,0.000000000000000000e+00,0.000000000000000000e+00,0.000000000000000000e+00,0.000000000000000000e+00,0.000000000000000000e+00,0.000000000000000000e+00,0.000000000000000000e+00,0.000000000000000000e+00,3.549640093278909059e-01,0.000000000000000000e+00,0.000000000000000000e+00,0.000000000000000000e+00,4.087045008440621241e-01,4.537691325938971731e-01,0.000000000000000000e+00,0.000000000000000000e+00,4.564823755179647224e-01,4.161127148299337830e-01,0.000000000000000000e+00,4.617440096377690151e-01,4.593843507732596754e-01,3.956992554979074095e-01,4.644676114260101740e-01,1.031902039238388052e-01,5.456099157842873026e-01,0.000000000000000000e+00,0.000000000000000000e+00,0.000000000000000000e+00,5.093779699719975795e-01,0.000000000000000000e+00,0.000000000000000000e+00,0.000000000000000000e+00,0.000000000000000000e+00,5.673714625646141263e-01,0.000000000000000000e+00,1.437041172048640070e-01,5.930495091552923093e-01,1.548222465146527060e-01,5.685264270120223840e-01,5.900915751350512828e-01,0.000000000000000000e+00,5.089455349968923237e-01,0.000000000000000000e+00,1.847620863620250131e-01,4.835932632017002075e-01,0.000000000000000000e+00,0.000000000000000000e+00,0.000000000000000000e+00,0.000000000000000000e+00,5.502658798393110784e-01,0.000000000000000000e+00,0.000000000000000000e+00,0.000000000000000000e+00,5.919830374829166963e-01,0.000000000000000000e+00,0.000000000000000000e+00,0.000000000000000000e+00,5.891035121258382246e-01,0.000000000000000000e+00,0.000000000000000000e+00,0.000000000000000000e+00,0.000000000000000000e+00
4.407289297407621098e-01,4.243614502849116232e-01,0.000000000000000000e+00,0.000000000000000000e+00,3.746020098123513109e-01,4.010196295376327047e-01,4.144679324016444788e-01,4.029709215903484743e-01,3.924479074193185091e-01,1.064357389920402991e-01,0.000000000000000000e+00,0.000000000000000000e+00,4.063260816585458901e-01,0.000000000000000000e+00,3.625971669197055047e-01,4.197985257178831753e-01,3.896071099525986181e-01,4.090568906320677933e-01,0.000000000000000000e+00,0.000000000000000000e+00,4.160632394206406071e-01,3.762800671883526071e-01,2.973406604049046997e-01,0.000000000000000000e+00,4.001027837449607216e-01,4.373790489635817069e-01,3.537154785319280847e-01,3.754053316418511921e-01,3.394033961035565206e-01,3.645701093362260226e-01,3.766512207741143925e-01,4.503122295129106112e-01,3.997726016061267096e-01,4.367986925906989226e-01,4.860118856623394934e-01,4.974107121550762067e-01,0.000000000000000000e+00,0.000000000000000000e+00,4.613725678403117203e-01,1.331515844771223867e-01,1.351469542684879122e-01,0.000000000000000000e+00,1.085571697441179012e-01,0.000000000000000000e+00,0.000000000000000000e+00,0.000000000000000000e+00,4.573646479325840231e-01,0.000000000000000000e+00,0.000000000000000000e+00,0.000000000000000000e+00,4.713561231970622156e-01,0.000000000000000000e+00,0.000000000000000000e+00,0.000000000000000000e+00,0.000000000000000000e+00,0.000000000000000000e+00,0.000000000000000000e+00,1.728164616310444990e-01,0.000000000000000000e+00,4.634497361200914933e-01,1.948112228092699905e-01,0.000000000000000000e+00,0.000000000000000000e+00,0.000000000000000000e+00,4.560853897866034012e-01,4.433285013817099274e-01,4.522984944129341267e-01,4.867873481325852847e-01,0.000000000000000000e+00,1.902737318307902992e-01,4.568686523187572845e-01,4.718608106520802981e-01,4.879279927440294817e-01,4.639521953361063211e-01,1.118076663368391954e-01,1.342102570227123037e-01
4.540220451822805092e-01,3.986281852157577132e-01,0.000000000000000000e+00,0.000000000000000000e+00,0.000000000000000000e+00,4.062821834277021149e-01,0.000000000000000000e+00,4.260322764486594860e-01,0.000000000000000000e+00,0.000000000000000000e+00,0.000000000000000000e+00,5.401157007540693389e-01,4.099876764782475203e-01,0.000000000000000000e+00,3.744413783943720264e-01,3.913344422145240142e-01,0.000000000000000000e+00,3.784231206597735153e-01,0.000000000000000000e+00,4.160632394206406071e-01,0.000000000000000000e+00,4.125602482588919817e-01,4.159651271606993883e-01,5.334201568342266109e-01,4.124941213556950759e-01,4.174904588133733219e-01,4.248922795913083750e-01,3.936024171695823859e-01,3.610499007023040829e-01,0.000000000000000000e+00,3.777485959029170948e-01,4.361373314295564074e-01,3.500227510194515168e-01,4.034173667804618058e-01,4.682101649715543767e-01,0.000000000000000000e+00,0.000000000000000000e+00,0.000000000000000000e+00,5.074088223487199789e-01,0.000000000000000000e+00,1.079860939070485942e-01,0.000000000000000000e+00,0.000000000000000000e+00,0.000000000000000000e+00,0.000000000000000000e+00,3.916254112577878255e-01,4.979932840599419763e-01,0.000000000000000000e+00,0.000000000000000000e+00,0.000000000000000000e+00,4.521572219778973167e-01,0.000000000000000000e+00,4.283565285710452253e-01,0.000000000000000000e+00,0.000000000000000000e+00,0.000000000000000000e+00,0.000000000000000000e+00,1.023915041070437987e-01,0.000000000000000000e+00,4.782205712773500150e-01,1.251528873586232049e-01,0.000000000000000000e+00,0.000000000000000000e+00,0.000000000000000000e+00,4.605328089421242277e-01,4.377162199848902979e-01,4.798243298869402929e-01,4.914132924179768769e-01,0.000000000000000000e+00,1.266680572697488905e-01,5.229015458134289585e-01,4.767887188477504812e-01,1.004892191760233949e-01,4.675382338795768811e-01,0.000000000000000000e+00,1.291941237833089950e-01
