0.000000000000000000e+00,3.732150118507698844e-01,0.000000000000000000e+00,0.000000000000000000e+00,0.000000000000000000e+00,4.449510439298409725e-01,0.000000000000000000e+00,4.915854297441615839e-01,0.000000000000000000e+00,3.624991103791975755e-01,0.000000000000000000e+00,3.571171519072913747e-01,4.846536957993671235e-01,0.000000000000000000e+00,3.995482575330002728e-01,3.683370272901030917e-01,3.441140430991957988e-01,3.409246157997601889e-01,0.000000000000000000e+00,4.437771240391629179e-01,4.006843076638582080e-01,4.038997148255215053e-01,4.499655949156292079e-01,3.550516328911275110e-01,3.375817168470270913e-01,3.419110742827373151e-01,4.415680918411948874e-01,4.316423607083885727e-01,4.109971982294999271e-01,0.000000000000000000e+00,3.484209412736590239e-01,3.913344420638086851e-01,3.198257792604206062e-01,3.538598836908722900e-01,3.821173479488731983e-01,0.000000000000000000e+00,0.000000000000000000e+00,5.003252788298825360e-01,4.060137740999498202e-01,3.869076727652963066e-01,3.921402364699276832e-01,0.000000000000000000e+00,0.000000000000000000e+00,0.000000000000000000e+00,0.000000000000000000e+00,3.626112792806938101e-01,4.175852628771452024e-01,0.000000000000000000e+00,0.000000000000000000e+00,0.000000000000000000e+00,0.000000000000000000e+00,0.000000000000000000e+00,0.000000000000000000e+00,0.000000000000000000e+00,0.000000000000000000e+00,0.000000000000000000e+00,0.000000000000000000e+00,0.000000000000000000e+00,0.000000000000000000e+00,0.000000000000000000e+00,4.090321718847084731e-01,0.000000000000000000e+00,4.051006875706811838e-01,0.000000000000000000e+00,0.000000000000000000e+00,4.435713246128786258e-01,4.040455440906464135e-01,0.000000000000000000e+00,3.848716273602271754e-01,4.037880573234756132e-01,4.235639134524545879e-01,0.000000000000000000e+00,0.000000000000000000e+00,0.000000000000000000e+00,0.000000000000000000e+00,4.104562218984805222e-01
3.732150118507698844e-01,0.000000000000000000e+00,0.000000000000000000e+00,0.000000000000000000e+00,4.009640055992094165e-01,3.679322627285692149e-01,4.036934770246142778e-01,4.478330232416423140e-01,3.785818288359611983e-01,0.000000000000000000e+00,0.000000000000000000e+00,0.000000000000000000e+00,4.020084949229477123e-01,0.000000000000000000e+00,3.994184933524563275e-01,3.701449365545746994e-01,4.235589010550533939e-01,3.686507497834113911e-01,0.000000000000000000e+00,3.949588472996534150e-01,3.998729832835192233e-01,3.538787329525776015e-01,3.934501172310024275e-01,0.000000000000000000e+00,3.588891266065947216e-01,3.479052661432556204e-01,3.948275541399303146e-01,4.061782707714879925e-01,3.627402331534071989e-01,0.000000000000000000e+00,3.627345322113588177e-01,3.792446747227308790e-01,3.283736939952913159e-01,3.571578131855897009e-01,3.883625132265516866e-01,0.000000000000000000e+00,0.000000000000000000e+00,0.000000000000000000e+00,4.232199469914291190e-01,4.134594074434385091e-01,4.020490067612805252e-01,4.418210276781713852e-01,0.000000000000000000e+00,0.000000000000000000e+00,0.000000000000000000e+00,4.062848253817423205e-01,4.034684274438947171e-01,0.000000000000000000e+00,0.000000000000000000e+00,0.000000000000000000e+00,4.644647173652901029e-01,0.000000000000000000e+00,0.000000000000000000e+00,0.000000000000000000e+00,0.000000000000000000e+00,0.000000000000000000e+00,0.000000000000000000e+00,0.000000000000000000e+00,0.000000000000000000e+00,4.553041400118568172e-01,4.178350887970314065e-01,0.000000000000000000e+00,4.113182303645406268e-01,0.000000000000000000e+00,4.091454012928547046e-01,4.465492231133860179e-01,4.193762315853351019e-01,4.539202460357166236e-01,0.000000000000000000e+00,4.165223859660717176e-01,4.319918318020551928e-01,4.356399030260663108e-01,0.000000000000000000e+00,4.370175530220283266e-01,0.000000000000000000e+00,4.007381421469682903e-01
0.000000000000000000e+00,0.000000000000000000e+00,0.000000000000000000e+00,1.084974605659149022e-01,3.887908173593300765e-01,3.635366918001515790e-01,4.064624520178157230e-01,4.212413559329051815e-01,2.677989021714026752e-01,1.366818454632532931e-01,3.035632240349167010e-01,1.446661517501139915e-01,4.210004934143740107e-01,3.755263346897234067e-01,0.000000000000000000e+00,0.000000000000000000e+00,0.000000000000000000e+00,0.000000000000000000e+00,2.582117455596669164e-01,0.000000000000000000e+00,0.000000000000000000e+00,0.000000000000000000e+00,3.312452505108025025e-01,0.000000000000000000e+00,0.000000000000000000e+00,0.000000000000000000e+00,2.714116779231894871e-01,4.286765497722662133e-01,0.000000000000000000e+00,0.000000000000000000e+00,4.326982238079871146e-01,4.007124697030873262e-01,0.000000000000000000e+00,4.355387985641829274e-01,4.457028775956425881e-01,3.949109720198004103e-01,4.333625023437148727e-01,0.000000000000000000e+00,5.106864453162122119e-01,0.000000000000000000e+00,1.357753081291697972e-01,0.000000000000000000e+00,4.895745289998990057e-01,0.000000000000000000e+00,0.000000000000000000e+00,0.000000000000000000e+00,0.000000000000000000e+00,3.880413035813162215e-01,0.000000000000000000e+00,5.376020543290371823e-01,5.018862579449776540e-01,5.206646984472425022e-01,5.229804567189860753e-01,5.040515040200004293e-01,0.000000000000000000e+00,4.327759042679367729e-01,0.000000000000000000e+00,5.325385577072280219e-01,4.604085548630610925e-01,0.000000000000000000e+00,0.000000000000000000e+00,0.000000000000000000e+00,0.000000000000000000e+00,3.054646424448845266e-01,0.000000000000000000e+00,0.000000000000000000e+00,0.000000000000000000e+00,4.966947566447305062e-01,0.000000000000000000e+00,0.000000000000000000e+00,0.000000000000000000e+00,5.058080919550131949e-01,5.627330863725974464e-01,0.000000000000000000e+00,0.000000000000000000e+00,0.000000000000000000e+00
0.000000000000000000e+00,0.000000000000000000e+00,1.084974605659149022e-01,0.000000000000000000e+00,2.764480746431638991e-01,3.550897113527954896e-01,2.954973381991541914e-01,3.473786555441608082e-01,3.661261622502732793e-01,0.000000000000000000e+00,3.347091137585809228e-01,2.828263084560714846e-01,2.835711043071472148e-01,2.994299211830858121e-01,0.000000000000000000e+00,0.000000000000000000e+00,0.000000000000000000e+00,0.000000000000000000e+00,3.620643949362761238e-01,4.384145584395496842e-01,0.000000000000000000e+00,0.000000000000000000e+00,3.799822849062681751e-01,0.000000000000000000e+00,0.000000000000000000e+00,0.000000000000000000e+00,4.161565357251487129e-01,2.283370453055632021e-01,0.000000000000000000e+00,0.000000000000000000e+00,2.673050445165879863e-01,2.765294786906387081e-01,0.000000000000000000e+00,2.295093324679713942e-01,3.017541260573581852e-01,1.821216067812450046e-01,1.631784001820761054e-01,0.000000000000000000e+00,0.000000000000000000e+00,0.000000000000000000e+00,0.000000000000000000e+00,0.000000000000000000e+00,0.000000000000000000e+00,0.000000000000000000e+00,0.000000000000000000e+00,0.000000000000000000e+00,0.000000000000000000e+00,0.000000000000000000e+00,0.000000000000000000e+00,0.000000000000000000e+00,0.000000000000000000e+00,0.000000000000000000e+00,0.000000000000000000e+00,0.000000000000000000e+00,0.000000000000000000e+00,0.000000000000000000e+00,0.000000000000000000e+00,0.000000000000000000e+00,0.000000000000000000e+00,0.000000000000000000e+00,0.000000000000000000e+00,0.000000000000000000e+00,0.000000000000000000e+00,0.000000000000000000e+00,0.000000000000000000e+00,0.000000000000000000e+00,0.000000000000000000e+00,0.000000000000000000e+00,0.000000000000000000e+00,0.000000000000000000e+00,0.000000000000000000e+00,0.000000000000000000e+00,0.000000000000000000e+00,0.000000000000000000e+00,0.000000000000000000e+00,0.000000000000000000e+00
0.000000000000000000e+00,4.009640055992094165e-01,3.887908173593300765e-01,2.764480746431638991e-01,0.000000000000000000e+00,3.582017100017135247e-01,3.115026375723186081e-01,3.552470483231706111e-01,3.052096565785574200e-01,3.893494309247513274e-01,2.864782096827355184e-01,3.639517733832681734e-01,3.434273059110076187e-01,2.993027223980223028e-01,0.000000000000000000e+00,4.355716222637078250e-01,0.000000000000000000e+00,0.000000000000000000e+00,3.345577449233848033e-01,3.642168240471301832e-01,0.000000000000000000e+00,3.935572316915190161e-01,3.649476090761332170e-01,0.000000000000000000e+00,4.262974535391608755e-01,4.288071368137009731e-01,3.780064669218309859e-01,3.280816120910373113e-01,3.696858304561764230e-01,0.000000000000000000e+00,3.824192428976420088e-01,3.463743396301541266e-01,4.347386334978128875e-01,3.707164802592585739e-01,3.371928042353701804e-01,2.524269625466168954e-01,2.354346529086925877e-01,0.000000000000000000e+00,1.449016219380533932e-01,0.000000000000000000e+00,0.000000000000000000e+00,0.000000000000000000e+00,3.829096146244866938e-01,0.000000000000000000e+00,0.000000000000000000e+00,0.000000000000000000e+00,0.000000000000000000e+00,4.828970671608194820e-01,0.000000000000000000e+00,1.196853085045865017e-01,4.965857860861794260e-01,0.000000000000000000e+00,4.789689010993383733e-01,1.473916997482105085e-01,0.000000000000000000e+00,4.050072617280459086e-01,0.000000000000000000e+00,0.000000000000000000e+00,0.000000000000000000e+00,0.000000000000000000e+00,0.000000000000000000e+00,0.000000000000000000e+00,0.000000000000000000e+00,4.779857972809927191e-01,0.000000000000000000e+00,0.000000000000000000e+00,0.000000000000000000e+00,4.647735408050742145e-01,0.000000000000000000e+00,0.000000000000000000e+00,0.000000000000000000e+00,4.779796790162543219e-01,0.000000000000000000e+00,0.000000000000000000e+00,0.000000000000000000e+00,0.000000000000000000e+00
4.449510439298409725e-01,3.679322627285692149e-01,3.635366918001515790e-01,3.550897113527954896e-01,3.582017100017135247e-01,0.000000000000000000e+00,3.880372393898036121e-01,3.644358752187866757e-01,3.012324867331931944e-01,4.138485018071871857e-01,3.404936364325614750e-01,4.475186284863343911e-01,3.683142967929420863e-01,3.489982697896906738e-01,4.166945509095932865e-01,3.918493397400700240e-01,1.577053824631629020e-01,3.962890628410232763e-01,3.696628812706880263e-01,3.990810096462192869e-01,3.984570543414414079e-01,4.037764523802385153e-01,3.667632640361838114e-01,0.000000000000000000e+00,3.472507800474454731e-01,4.023494521831583182e-01,3.595131667359908190e-01,3.649127067813642267e-01,3.249715308554171900e-01,3.921828104734598752e-01,4.083298048424319759e-01,3.773062508045235131e-01,3.817709551511588861e-01,4.117437644887360082e-01,4.184982921306206749e-01,3.888916422215683011e-01,3.951389533600296877e-01,1.323406039125313016e-01,4.382847441630424168e-01,0.000000000000000000e+00,4.723201037385703072e-01,5.131044363852735879e-01,4.474749100616348119e-01,0.000000000000000000e+00,0.000000000000000000e+00,0.000000000000000000e+00,1.837371231652606962e-01,4.782795977745509797e-01,0.000000000000000000e+00,1.789824702647367927e-01,4.581263539018142206e-01,4.871557758773730762e-01,4.349902070898005180e-01,4.689346287432106242e-01,0.000000000000000000e+00,1.476943059108785927e-01,0.000000000000000000e+00,4.756627765647649109e-01,0.000000000000000000e+00,4.649795344371734918e-01,0.000000000000000000e+00,0.000000000000000000e+00,0.000000000000000000e+00,4.855158437458004794e-01,4.561231288706458220e-01,4.609484988908614245e-01,1.635458232680565005e-01,4.713166087149840977e-01,0.000000000000000000e+00,0.000000000000000000e+00,1.638433464803079054e-01,4.653038659615367223e-01,4.668346577020239252e-01,4.483844909427662229e-01,5.102835662072702227e-01,4.754235990132893996e-01
0.000000000000000000e+00,4.036934770246142778e-01,4.064624520178157230e-01,2.954973381991541914e-01,3.115026375723186081e-01,3.880372393898036121e-01,0.000000000000000000e+00,3.545224793126104945e-01,3.560776807660849252e-01,3.799370584043006982e-01,4.118689534959091847e-01,3.415875249120657875e-01,3.108968880048463834e-01,3.645253056178937023e-01,0.000000000000000000e+00,4.283627520922004273e-01,0.000000000000000000e+00,4.233084787408051830e-01,3.873017307513145213e-01,4.029298294078159093e-01,0.000000000000000000e+00,4.208666809382484164e-01,3.750643616630179866e-01,0.000000000000000000e+00,4.024998439747756174e-01,3.984822503341666211e-01,3.959546733597384960e-01,3.477053246845708268e-01,3.921407669706715171e-01,0.000000000000000000e+00,3.666570976678839022e-01,3.612329255271087836e-01,3.807782435566647861e-01,3.836333350516140106e-01,3.811997631882296789e-01,2.931184673557701847e-01,3.006593391449158270e-01,0.000000000000000000e+00,5.283850685042208450e-01,0.000000000000000000e+00,1.637731516271186127e-01,0.000000000000000000e+00,1.211191185914881063e-01,0.000000000000000000e+00,0.000000000000000000e+00,0.000000000000000000e+00,0.000000000000000000e+00,5.338701557028944222e-01,0.000000000000000000e+00,0.000000000000000000e+00,1.612945990765811966e-01,0.000000000000000000e+00,4.894589047168099172e-01,1.754326870027249075e-01,0.000000000000000000e+00,1.484293345485989957e-01,0.000000000000000000e+00,0.000000000000000000e+00,0.000000000000000000e+00,0.000000000000000000e+00,0.000000000000000000e+00,0.000000000000000000e+00,0.000000000000000000e+00,1.420735728466518133e-01,0.000000000000000000e+00,0.000000000000000000e+00,0.000000000000000000e+00,4.612326637019977249e-01,0.000000000000000000e+00,0.000000000000000000e+00,0.000000000000000000e+00,4.604457475972320024e-01,0.000000000000000000e+00,0.000000000000000000e+00,0.000000000000000000e+00,0.000000000000000000e+00
4.915854297441615839e-01,4.478330232416423140e-01,4.212413559329051815e-01,3.473786555441608082e-01,3.552470483231706111e-01,3.644358752187866757e-01,3.545224793126104945e-01,0.000000000000000000e+00,4.236973583970162771e-01,0.000000000000000000e+00,2.959589251379399766e-01,5.220582075987154624e-01,3.774759617891105812e-01,3.207389774893337209e-01,3.757824821816450056e-01,4.467361302122974109e-01,0.000000000000000000e+00,4.499320580494688970e-01,3.941716904079982098e-01,4.103060407107215757e-01,3.744584451236003808e-01,4.325117747295502135e-01,3.441275567476039243e-01,4.965184179867503933e-01,4.245322581242629845e-01,4.485626298516086075e-01,4.104269189376589244e-01,3.739979981585930813e-01,3.416266670701764152e-01,3.712046107739930823e-01,3.809299284693201115e-01,3.621671230399428065e-01,4.398668601069691819e-01,3.839572762452295729e-01,4.191695131293344256e-01,2.429594625616769976e-01,3.440575693010564096e-01,0.000000000000000000e+00,4.134317064317120094e-01,0.000000000000000000e+00,4.765118159324756020e-01,0.000000000000000000e+00,3.812343627492558173e-01,0.000000000000000000e+00,0.000000000000000000e+00,0.000000000000000000e+00,0.000000000000000000e+00,4.771363841353916113e-01,0.000000000000000000e+00,5.122411551037036048e-01,4.351294222797933986e-01,4.588327175139217950e-01,3.791248341270532785e-01,4.674970702530478750e-01,0.000000000000000000e+00,3.997097130082695737e-01,0.000000000000000000e+00,4.220125849074203850e-01,3.679239819513315246e-01,4.750153489819777253e-01,0.000000000000000000e+00,0.000000000000000000e+00,0.000000000000000000e+00,4.813146922917643233e-01,4.258005279776800878e-01,4.500469100364061781e-01,0.000000000000000000e+00,4.514694650668887865e-01,0.000000000000000000e+00,0.000000000000000000e+00,0.000000000000000000e+00,4.721713705148651852e-01,4.442877036915984790e-01,4.285819902786984770e-01,0.000000000000000000e+00,4.673155425915174188e-01
0.000000000000000000e+00,3.785818288359611983e-01,2.677989021714026752e-01,3.661261622502732793e-01,3.052096565785574200e-01,3.012324867331931944e-01,3.560776807660849252e-01,4.236973583970162771e-01,0.000000000000000000e+00,4.172801171142289101e-01,2.639803940644949165e-01,1.505650924118258072e-01,3.313146657500993797e-01,3.637095912705531897e-01,0.000000000000000000e+00,0.000000000000000000e+00,0.000000000000000000e+00,1.723180217420489102e-01,2.370370426327194080e-01,3.834074132622847797e-01,0.000000000000000000e+00,4.071189317510007233e-01,3.815021860610964821e-01,1.348241689002374066e-01,4.165395462445219965e-01,4.465714996531605085e-01,3.389283986849542241e-01,3.961492826658135069e-01,3.694138727744943895e-01,4.356525991069561954e-01,3.940199150208196222e-01,3.687714291001226163e-01,0.000000000000000000e+00,3.990153761194283888e-01,4.046183418417401145e-01,3.813204266469005232e-01,3.851644197345870935e-01,1.358621571928100014e-01,4.852196702159827790e-01,0.000000000000000000e+00,6.880754072145565114e-01,0.000000000000000000e+00,4.352613260691535202e-01,0.000000000000000000e+00,0.000000000000000000e+00,0.000000000000000000e+00,0.000000000000000000e+00,5.010825202089180808e-01,0.000000000000000000e+00,5.296764566715009837e-01,4.835695261493845876e-01,5.303258684948729540e-01,4.722685568162285907e-01,4.966117628878892742e-01,0.000000000000000000e+00,4.916370651417634186e-01,0.000000000000000000e+00,5.342711817074310421e-01,0.000000000000000000e+00,0.000000000000000000e+00,0.000000000000000000e+00,0.000000000000000000e+00,0.000000000000000000e+00,5.019203949557737854e-01,0.000000000000000000e+00,0.000000000000000000e+00,0.000000000000000000e+00,4.709076857661604887e-01,0.000000000000000000e+00,0.000000000000000000e+00,0.000000000000000000e+00,4.560744547791730774e-01,5.428168540641646889e-01,0.000000000000000000e+00,0.000000000000000000e+00,0.000000000000000000e+00
3.624991103791975755e-01,0.000000000000000000e+00,1.366818454632532931e-01,0.000000000000000000e+00,3.893494309247513274e-01,4.138485018071871857e-01,3.799370584043006982e-01,0.000000000000000000e+00,4.172801171142289101e-01,0.000000000000000000e+00,1.028576101387948943e-01,2.722749420252194019e-01,3.814948277251891118e-01,0.000000000000000000e+00,0.000000000000000000e+00,3.545066261111345929e-01,2.915669814328206155e-01,3.302272231087781118e-01,1.150716520072545962e-01,4.476279200464617913e-01,0.000000000000000000e+00,4.040291415511749751e-01,1.288294204396276954e-01,2.736096329171578967e-01,2.960909541312650162e-01,3.140218513882601092e-01,1.363035759766620947e-01,3.807097401090652200e-01,4.371315320498979085e-01,0.000000000000000000e+00,2.941391276223586093e-01,3.334633304079134830e-01,2.755427398949468198e-01,2.538831420896394131e-01,2.571271076747508877e-01,3.533687622193009137e-01,1.507792949952083128e-01,2.531852556142857869e-01,3.668366282042900828e-01,3.125667417288164884e-01,3.103692203412650730e-01,3.153444792350508230e-01,0.000000000000000000e+00,0.000000000000000000e+00,2.696152678648907064e-01,4.346903264845540793e-01,0.000000000000000000e+00,0.000000000000000000e+00,0.000000000000000000e+00,0.000000000000000000e+00,0.000000000000000000e+00,0.000000000000000000e+00,0.000000000000000000e+00,0.000000000000000000e+00,3.842190061100999032e-01,0.000000000000000000e+00,3.961060207440819103e-01,3.824455768876308115e-01,0.000000000000000000e+00,0.000000000000000000e+00,0.000000000000000000e+00,4.036924766886775262e-01,3.789878693417547129e-01,0.000000000000000000e+00,0.000000000000000000e+00,0.000000000000000000e+00,0.000000000000000000e+00,0.000000000000000000e+00,3.680887370138843928e-01,4.032809282319004263e-01,4.164116888776864256e-01,0.000000000000000000e+00,3.536092201333598251e-01,0.000000000000000000e+00,0.000000000000000000e+00,3.423912610020828917e-01
0.000000000000000000e+00,0.000000000000000000e+00,3.035632240349167010e-01,3.347091137585809228e-01,2.864782096827355184e-01,3.404936364325614750e-01,4.118689534959091847e-01,2.959589251379399766e-01,2.639803940644949165e-01,1.028576101387948943e-01,0.000000000000000000e+00,1.231636627429836955e-01,4.075509021683548228e-01,2.858659497559927765e-01,0.000000000000000000e+00,0.000000000000000000e+00,1.129603659847957936e-01,0.000000000000000000e+00,2.285280544343870901e-01,0.000000000000000000e+00,0.000000000000000000e+00,0.000000000000000000e+00,2.799790365274453796e-01,0.000000000000000000e+00,0.000000000000000000e+00,1.680492079956459883e-01,3.715095086924599110e-01,4.070703254003312233e-01,0.000000000000000000e+00,0.000000000000000000e+00,4.035885894678916119e-01,3.578455220365316936e-01,0.000000000000000000e+00,4.150157752263766153e-01,3.739962242412461779e-01,3.077266472982380097e-01,0.000000000000000000e+00,1.142382805828319053e-01,0.000000000000000000e+00,0.000000000000000000e+00,0.000000000000000000e+00,0.000000000000000000e+00,3.918254222736572978e-01,0.000000000000000000e+00,0.000000000000000000e+00,0.000000000000000000e+00,0.000000000000000000e+00,4.559649397017169759e-01,0.000000000000000000e+00,3.773112320843777234e-01,4.848360522336410128e-01,4.103879122961849868e-01,4.427368297774531003e-01,4.170772809608447873e-01,0.000000000000000000e+00,2.371749637873616090e-01,0.000000000000000000e+00,4.042289177849933135e-01,3.250011992096635827e-01,0.000000000000000000e+00,0.000000000000000000e+00,0.000000000000000000e+00,0.000000000000000000e+00,2.402187817807746040e-01,0.000000000000000000e+00,0.000000000000000000e+00,0.000000000000000000e+00,4.731744750937834088e-01,0.000000000000000000e+00,0.000000000000000000e+00,0.000000000000000000e+00,5.060242195046871228e-01,4.648361938983345820e-01,0.000000000000000000e+00,0.000000000000000000e+00,0.000000000000000000e+00
3.571171519072913747e-01,0.000000000000000000e+00,1.446661517501139915e-01,2.828263084560714846e-01,3.639517733832681734e-01,4.475186284863343911e-01,3.415875249120657875e-01,5.220582075987154624e-01,1.505650924118258072e-01,2.722749420252194019e-01,1.231636627429836955e-01,0.000000000000000000e+00,3.784808534548161907e-01,0.000000000000000000e+00,0.000000000000000000e+00,0.000000000000000000e+00,3.377751852513771746e-01,3.631728338212484863e-01,1.541655912504223125e-01,0.000000000000000000e+00,4.855649750301431200e-01,0.000000000000000000e+00,5.174843333064415019e-01,2.673604205103585763e-01,3.151566924369098022e-01,2.916750308840145856e-01,5.036244575472464957e-01,3.637944551392103820e-01,0.000000000000000000e+00,0.000000000000000000e+00,3.221797736501089138e-01,2.814218635544941116e-01,2.885231946489080768e-01,2.516443226122649923e-01,3.010790254943209177e-01,2.818110973481791071e-01,3.009271018887257898e-01,2.304444400717076125e-01,2.734463065426585016e-01,3.585527304038724772e-01,3.530323306198598909e-01,3.814534992140365954e-01,4.156388408696501946e-01,0.000000000000000000e+00,3.292845788465145196e-01,0.000000000000000000e+00,0.000000000000000000e+00,0.000000000000000000e+00,0.000000000000000000e+00,0.000000000000000000e+00,0.000000000000000000e+00,0.000000000000000000e+00,0.000000000000000000e+00,0.000000000000000000e+00,4.209873506871090743e-01,0.000000000000000000e+00,4.222243858193250876e-01,4.113965922874335823e-01,0.000000000000000000e+00,0.000000000000000000e+00,0.000000000000000000e+00,4.304699087562027793e-01,4.083272077272621092e-01,0.000000000000000000e+00,0.000000000000000000e+00,0.000000000000000000e+00,0.000000000000000000e+00,0.000000000000000000e+00,4.013049103520898164e-01,4.243720454310401791e-01,4.351750568406453912e-01,0.000000000000000000e+00,3.936976988894391183e-01,0.000000000000000000e+00,0.000000000000000000e+00,3.948682708004461750e-01
4.846536957993671235e-01,4.020084949229477123e-01,4.210004934143740107e-01,2.835711043071472148e-01,3.434273059110076187e-01,3.683142967929420863e-01,3.108968880048463834e-01,3.774759617891105812e-01,3.313146657500993797e-01,3.814948277251891118e-01,4.075509021683548228e-01,3.784808534548161907e-01,0.000000000000000000e+00,3.553992361990748750e-01,3.859485615780655077e-01,4.300043479538445124e-01,4.166501908104450758e-01,4.210732742604809120e-01,3.915403693420633213e-01,4.009780456422687989e-01,4.017545132447375988e-01,4.263154849132975155e-01,3.765954454945278917e-01,3.695456969666048863e-01,4.064121252445125898e-01,3.948275995218701873e-01,3.950441560330270052e-01,3.165539980455123747e-01,3.650245068572243179e-01,3.348043734732302212e-01,3.767535211652481841e-01,3.673864271930064040e-01,4.081369687334479024e-01,3.885372540214627746e-01,3.791539988541968165e-01,3.110398265290268971e-01,2.955546180013075008e-01,3.777697736864190081e-01,4.492967443119588733e-01,0.000000000000000000e+00,1.616459001673085927e-01,1.298068953631462130e-01,1.302533182002741097e-01,0.000000000000000000e+00,0.000000000000000000e+00,0.000000000000000000e+00,0.000000000000000000e+00,1.844890917420914100e-01,0.000000000000000000e+00,0.000000000000000000e+00,4.639049944796980185e-01,2.127971987323727110e-01,4.413450506238706939e-01,0.000000000000000000e+00,0.000000000000000000e+00,1.451333181512788895e-01,0.000000000000000000e+00,0.000000000000000000e+00,0.000000000000000000e+00,1.660466628282462886e-01,0.000000000000000000e+00,0.000000000000000000e+00,0.000000000000000000e+00,0.000000000000000000e+00,5.051081449591641181e-01,0.000000000000000000e+00,2.033799240140601039e-01,4.579425134009794118e-01,0.000000000000000000e+00,1.644983550037110998e-01,1.881866019945158952e-01,4.621600413777027794e-01,0.000000000000000000e+00,4.715371476681560203e-01,0.000000000000000000e+00,0.000000000000000000e+00
0.000000000000000000e+00,0.000000000000000000e+00,3.755263346897234067e-01,2.994299211830858121e-01,2.993027223980223028e-01,3.489982697896906738e-01,3.645253056178937023e-01,3.207389774893337209e-01,3.637095912705531897e-01,0.000000000000000000e+00,2.858659497559927765e-01,0.000000000000000000e+00,3.553992361990748750e-01,0.000000000000000000e+00,0.000000000000000000e+00,0.000000000000000000e+00,0.000000000000000000e+00,0.000000000000000000e+00,3.464123586931839860e-01,0.000000000000000000e+00,3.902814671093671750e-01,0.000000000000000000e+00,3.255039435114744917e-01,0.000000000000000000e+00,0.000000000000000000e+00,0.000000000000000000e+00,3.947540897678359917e-01,2.015755867384363131e-01,0.000000000000000000e+00,0.000000000000000000e+00,0.000000000000000000e+00,2.468570618520256055e-01,0.000000000000000000e+00,0.000000000000000000e+00,0.000000000000000000e+00,2.209587542401816040e-01,1.662333569284825119e-01,0.000000000000000000e+00,0.000000000000000000e+00,0.000000000000000000e+00,0.000000000000000000e+00,0.000000000000000000e+00,3.759436017755639070e-01,0.000000000000000000e+00,0.000000000000000000e+00,0.000000000000000000e+00,0.000000000000000000e+00,4.908918400144595129e-01,0.000000000000000000e+00,0.000000000000000000e+00,0.000000000000000000e+00,0.000000000000000000e+00,0.000000000000000000e+00,4.764625013946934828e-01,0.000000000000000000e+00,4.042199157936182119e-01,0.000000000000000000e+00,0.000000000000000000e+00,0.000000000000000000e+00,0.000000000000000000e+00,0.000000000000000000e+00,0.000000000000000000e+00,0.000000000000000000e+00,0.000000000000000000e+00,0.000000000000000000e+00,0.000000000000000000e+00,0.000000000000000000e+00,4.548688087887344245e-01,0.000000000000000000e+00,0.000000000000000000e+00,0.000000000000000000e+00,4.993117734434632804e-01,0.000000000000000000e+00,0.000000000000000000e+00,0.000000000000000000e+00,0.000000000000000000e+00
3.995482575330002728e-01,3.994184933524563275e-01,0.000000000000000000e+00,0.000000000000000000e+00,0.000000000000000000e+00,4.166945509095932865e-01,0.000000000000000000e+00,3.757824821816450056e-01,0.000000000000000000e+00,0.000000000000000000e+00,0.000000000000000000e+00,0.000000000000000000e+00,3.859485615780655077e-01,0.000000000000000000e+00,0.000000000000000000e+00,4.046655726195320102e-01,0.000000000000000000e+00,3.853916010644629075e-01,0.000000000000000000e+00,2.645695869761681140e-01,3.942712005576629042e-01,3.266774751401376187e-01,3.453453941722678944e-01,4.668393433907003787e-01,3.641536639270911979e-01,3.760481845865655259e-01,3.865266726172240097e-01,3.829448343779036090e-01,3.459611099325660133e-01,0.000000000000000000e+00,3.792454357294384182e-01,4.100367105291454761e-01,3.798682990393271175e-01,4.055161394321843971e-01,4.453743131846851222e-01,4.525492251863462156e-01,0.000000000000000000e+00,0.000000000000000000e+00,4.644472822879749940e-01,4.520976165147072012e-01,4.724309078835591258e-01,5.027687348830558456e-01,0.000000000000000000e+00,0.000000000000000000e+00,0.000000000000000000e+00,0.000000000000000000e+00,4.735417685944544042e-01,0.000000000000000000e+00,0.000000000000000000e+00,0.000000000000000000e+00,4.360099606059011923e-01,0.000000000000000000e+00,3.898063800838351134e-01,0.000000000000000000e+00,0.000000000000000000e+00,0.000000000000000000e+00,0.000000000000000000e+00,1.182723303665556003e-01,0.000000000000000000e+00,4.802880865295723889e-01,4.869920685774952740e-01,0.000000000000000000e+00,0.000000000000000000e+00,0.000000000000000000e+00,4.339681768786426974e-01,4.741298799649931173e-01,4.717036991744659180e-01,4.586800085686156270e-01,0.000000000000000000e+00,5.051552618091952329e-01,5.022855759698378053e-01,4.538555866864747990e-01,1.241303353465886966e-01,4.286418113613286174e-01,0.000000000000000000e+00,4.608911939776573208e-01
3.683370272901030917e-01,3.701449365545746994e-01,0.000000000000000000e+00,0.000000000000000000e+00,4.355716222637078250e-01,3.918493397400700240e-01,4.283627520922004273e-01,4.467361302122974109e-01,0.000000000000000000e+00,3.545066261111345929e-01,0.000000000000000000e+00,0.000000000000000000e+00,4.300043479538445124e-01,0.000000000000000000e+00,4.046655726195320102e-01,0.000000000000000000e+00,3.527924265862570907e-01,3.253584968385809240e-01,0.000000000000000000e+00,3.738238490412630899e-01,4.044626937149998214e-01,3.598100338277936960e-01,3.971448368671168239e-01,0.000000000000000000e+00,3.606241325713546164e-01,3.833720540429170764e-01,4.125694163117588076e-01,4.231248383807474922e-01,3.823847207849098151e-01,4.118787618014155827e-01,3.347967147504035124e-01,3.832844160397537170e-01,3.540119922021965904e-01,3.693573937704667798e-01,4.088318177954303190e-01,0.000000000000000000e+00,0.000000000000000000e+00,0.000000000000000000e+00,4.179152731288414135e-01,3.930559152676376122e-01,4.210573790852272236e-01,4.547769064963130270e-01,0.000000000000000000e+00,0.000000000000000000e+00,0.000000000000000000e+00,3.933532008566225091e-01,4.266858747912690153e-01,0.000000000000000000e+00,0.000000000000000000e+00,0.000000000000000000e+00,0.000000000000000000e+00,0.000000000000000000e+00,0.000000000000000000e+00,0.000000000000000000e+00,0.000000000000000000e+00,0.000000000000000000e+00,0.000000000000000000e+00,0.000000000000000000e+00,0.000000000000000000e+00,4.749661114060594880e-01,4.166360494539887993e-01,0.000000000000000000e+00,4.020117854316230810e-01,0.000000000000000000e+00,4.585514898144764095e-01,4.499396191755716812e-01,4.460320793032216957e-01,5.717609029080967797e-01,0.000000000000000000e+00,4.180327644502526141e-01,4.386648852837430890e-01,5.266134228640192427e-01,0.000000000000000000e+00,4.874559850907406733e-01,0.000000000000000000e+00,4.083398789845202881e-01
3.441140430991957988e-01,4.235589010550533939e-01,0.000000000000000000e+00,0.000000000000000000e+00,0.000000000000000000e+00,1.577053824631629020e-01,0.000000000000000000e+00,0.000000000000000000e+00,0.000000000000000000e+00,2.915669814328206155e-01,1.129603659847957936e-01,3.377751852513771746e-01,4.166501908104450758e-01,0.000000000000000000e+00,0.000000000000000000e+00,3.527924265862570907e-01,0.000000000000000000e+00,2.964087010549845136e-01,0.000000000000000000e+00,4.134807973501823941e-01,0.000000000000000000e+00,3.525994819204931741e-01,0.000000000000000000e+00,3.454235371637338070e-01,2.884592127055872202e-01,3.472603557602639834e-01,0.000000000000000000e+00,4.070495414872417062e-01,4.398523982436741142e-01,0.000000000000000000e+00,3.185158154195195102e-01,4.080257279797984138e-01,3.385984289124235880e-01,3.535299834863799839e-01,3.750490643694351922e-01,0.000000000000000000e+00,0.000000000000000000e+00,3.179338899894422754e-01,0.000000000000000000e+00,3.461359402857431822e-01,0.000000000000000000e+00,0.000000000000000000e+00,0.000000000000000000e+00,0.000000000000000000e+00,0.000000000000000000e+00,0.000000000000000000e+00,0.000000000000000000e+00,0.000000000000000000e+00,0.000000000000000000e+00,0.000000000000000000e+00,0.000000000000000000e+00,0.000000000000000000e+00,0.000000000000000000e+00,0.000000000000000000e+00,4.054533091134139844e-01,0.000000000000000000e+00,4.288222681867002173e-01,0.000000000000000000e+00,0.000000000000000000e+00,0.000000000000000000e+00,0.000000000000000000e+00,3.984235956168256099e-01,3.937656354148035831e-01,0.000000000000000000e+00,0.000000000000000000e+00,0.000000000000000000e+00,0.000000000000000000e+00,0.000000000000000000e+00,4.333576553797022224e-01,4.045329288237833887e-01,4.178785664686677781e-01,0.000000000000000000e+00,0.000000000000000000e+00,0.000000000000000000e+00,0.000000000000000000e+00,0.000000000000000000e+00
3.409246157997601889e-01,3.686507497834113911e-01,0.000000000000000000e+00,0.000000000000000000e+00,0.000000000000000000e+00,3.962890628410232763e-01,4.233084787408051830e-01,4.499320580494688970e-01,1.723180217420489102e-01,3.302272231087781118e-01,0.000000000000000000e+00,3.631728338212484863e-01,4.210732742604809120e-01,0.000000000000000000e+00,3.853916010644629075e-01,3.253584968385809240e-01,2.964087010549845136e-01,0.000000000000000000e+00,0.000000000000000000e+00,3.892618065640501834e-01,3.841078975925136252e-01,3.807827851659558172e-01,4.095944089571029734e-01,3.204568768136714096e-01,3.288240451948152843e-01,3.476048291259570266e-01,4.073315723812386824e-01,4.172233058449906218e-01,3.942234631158377245e-01,4.168346226382093067e-01,3.367929676500525105e-01,3.954286879986321224e-01,3.151665060134065111e-01,3.537819837340058782e-01,3.797739710941316904e-01,0.000000000000000000e+00,0.000000000000000000e+00,0.000000000000000000e+00,3.939464242613491818e-01,3.658091647258451817e-01,3.799099284625623851e-01,4.000208822648381179e-01,0.000000000000000000e+00,0.000000000000000000e+00,0.000000000000000000e+00,3.836121480294072961e-01,4.102836591558121082e-01,0.000000000000000000e+00,0.000000000000000000e+00,0.000000000000000000e+00,0.000000000000000000e+00,0.000000000000000000e+00,0.000000000000000000e+00,0.000000000000000000e+00,4.077603953719075025e-01,0.000000000000000000e+00,3.977203103042615262e-01,0.000000000000000000e+00,0.000000000000000000e+00,0.000000000000000000e+00,4.008428410562490107e-01,4.043362345874511043e-01,3.858287949022660146e-01,0.000000000000000000e+00,0.000000000000000000e+00,0.000000000000000000e+00,4.194951293521302915e-01,0.000000000000000000e+00,4.125279951568652237e-01,3.997264739782687148e-01,4.112129599713298944e-01,0.000000000000000000e+00,0.000000000000000000e+00,0.000000000000000000e+00,0.000000000000000000e+00,3.981456174474555798e-01
0.000000000000000000e+00,0.000000000000000000e+00,2.582117455596669164e-01,3.620643949362761238e-01,3.345577449233848033e-01,3.696628812706880263e-01,3.873017307513145213e-01,3.941716904079982098e-01,2.370370426327194080e-01,1.150716520072545962e-01,2.285280544343870901e-01,1.541655912504223125e-01,3.915403693420633213e-01,3.464123586931839860e-01,0.000000000000000000e+00,0.000000000000000000e+00,0.000000000000000000e+00,0.000000000000000000e+00,0.000000000000000000e+00,0.000000000000000000e+00,0.000000000000000000e+00,0.000000000000000000e+00,2.884834499626938165e-01,0.000000000000000000e+00,0.000000000000000000e+00,0.000000000000000000e+00,3.350889714586426926e-01,3.815239945389621856e-01,0.000000000000000000e+00,0.000000000000000000e+00,4.123427163569127196e-01,3.759522449696421909e-01,0.000000000000000000e+00,4.111257357157597769e-01,0.000000000000000000e+00,3.588955004809025739e-01,1.075275400890906979e-01,1.031902039238388052e-01,5.013261900518489744e-01,0.000000000000000000e+00,0.000000000000000000e+00,0.000000000000000000e+00,4.399767628499289263e-01,0.000000000000000000e+00,0.000000000000000000e+00,0.000000000000000000e+00,0.000000000000000000e+00,4.980433197593814865e-01,0.000000000000000000e+00,5.410300264185322616e-01,5.017328208113400745e-01,5.413846424319118666e-01,5.232055471591331441e-01,5.033812119596984269e-01,0.000000000000000000e+00,3.902088274365029807e-01,0.000000000000000000e+00,5.745460927764638459e-01,0.000000000000000000e+00,0.000000000000000000e+00,0.000000000000000000e+00,0.000000000000000000e+00,0.000000000000000000e+00,4.987715284121617132e-01,0.000000000000000000e+00,0.000000000000000000e+00,0.000000000000000000e+00,5.190186782838255297e-01,0.000000000000000000e+00,0.000000000000000000e+00,0.000000000000000000e+00,5.102005965699090151e-01,0.000000000000000000e+00,0.000000000000000000e+00,0.000000000000000000e+00,0.000000000000000000e+00
4.437771240391629179e-01,3.949588472996534150e-01,0.000000000000000000e+00,4.384145584395496842e-01,3.642168240471301832e-01,3.990810096462192869e-01,4.029298294078159093e-01,4.103060407107215757e-01,3.834074132622847797e-01,4.476279200464617913e-01,0.000000000000000000e+00,0.000000000000000000e+00,4.009780456422687989e-01,0.000000000000000000e+00,2.645695869761681140e-01,3.738238490412630899e-01,4.134807973501823941e-01,3.892618065640501834e-01,0.000000000000000000e+00,0.000000000000000000e+00,4.025577709035172980e-01,3.364070826667548975e-01,3.277728525132693194e-01,0.000000000000000000e+00,3.735936048584516112e-01,4.101254533203023134e-01,3.283107275510764866e-01,3.596783307218061054e-01,3.101489284682120151e-01,3.121893764483780753e-01,3.417641597349019844e-01,4.390459278470942861e-01,3.678617366003451017e-01,4.206874043500897775e-01,4.511453423826659037e-01,5.019245425652518744e-01,4.769275006988963894e-01,0.000000000000000000e+00,4.589781714015248038e-01,4.310741288996920995e-01,4.644551311263602766e-01,4.847187984527682181e-01,1.085571697441179012e-01,0.000000000000000000e+00,0.000000000000000000e+00,0.000000000000000000e+00,1.257483820530219121e-01,0.000000000000000000e+00,0.000000000000000000e+00,0.000000000000000000e+00,4.627812052946895238e-01,0.000000000000000000e+00,0.000000000000000000e+00,0.000000000000000000e+00,0.000000000000000000e+00,0.000000000000000000e+00,0.000000000000000000e+00,1.728164616310444990e-01,0.000000000000000000e+00,4.499151843824438779e-01,1.948112228092699905e-01,0.000000000000000000e+00,0.000000000000000000e+00,0.000000000000000000e+00,4.393681195390050087e-01,4.360251445781976876e-01,4.429298362678145140e-01,4.698481530253236227e-01,0.000000000000000000e+00,1.902737318307902992e-01,4.549040731413154237e-01,4.608124796227999753e-01,4.936449025422359194e-01,4.462241820469867171e-01,5.977263351351584930e-01,4.659366367900634187e-01
4.006843076638582080e-01,3.998729832835192233e-01,0.000000000000000000e+00,0.000000000000000000e+00,0.000000000000000000e+00,3.984570543414414079e-01,0.000000000000000000e+00,3.744584451236003808e-01,0.000000000000000000e+00,0.000000000000000000e+00,0.000000000000000000e+00,4.855649750301431200e-01,4.017545132447375988e-01,3.902814671093671750e-01,3.942712005576629042e-01,4.044626937149998214e-01,0.000000000000000000e+00,3.841078975925136252e-01,0.000000000000000000e+00,4.025577709035172980e-01,0.000000000000000000e+00,4.327842199917776855e-01,3.711345726451497073e-01,4.687766184017274074e-01,3.892585952232757163e-01,3.883748000707240022e-01,4.031781260710575743e-01,3.894590214434782149e-01,3.721695722278768881e-01,0.000000000000000000e+00,3.833969296127602844e-01,4.097253149287733986e-01,3.654721354773152187e-01,4.042478995207640091e-01,4.568764476994990886e-01,0.000000000000000000e+00,0.000000000000000000e+00,0.000000000000000000e+00,4.327305028011522170e-01,3.933234482342384264e-01,4.543763744432264828e-01,4.982735315392008979e-01,0.000000000000000000e+00,0.000000000000000000e+00,0.000000000000000000e+00,3.364668495849418850e-01,4.453533477210728786e-01,0.000000000000000000e+00,0.000000000000000000e+00,0.000000000000000000e+00,3.996057434503245132e-01,0.000000000000000000e+00,3.672740088311167161e-01,0.000000000000000000e+00,0.000000000000000000e+00,0.000000000000000000e+00,0.000000000000000000e+00,1.023915041070437987e-01,0.000000000000000000e+00,4.683448059024751253e-01,4.421296658866724072e-01,0.000000000000000000e+00,0.000000000000000000e+00,0.000000000000000000e+00,4.302430737556365847e-01,4.229204661970966117e-01,4.661417380206612227e-01,4.610009747728511798e-01,0.000000000000000000e+00,4.573776542757144736e-01,4.636300353478878256e-01,4.632743222179787068e-01,4.632147137820316063e-01,3.908106454255131923e-01,0.000000000000000000e+00,4.474343987059913874e-01
