0.000000000000000000e+00,3.873100218907212233e-01,0.000000000000000000e+00,0.000000000000000000e+00,0.000000000000000000e+00,1.279640476161693075e-01,0.000000000000000000e+00,4.967395734676526842e-01,0.000000000000000000e+00,0.000000000000000000e+00,0.000000000000000000e+00,4.149183589967179175e-01,1.289189709994993938e-01,0.000000000000000000e+00,3.782068107316938210e-01,4.178066099690639912e-01,3.735763306508577131e-01,4.094896471475280020e-01,0.000000000000000000e+00,4.327599456357094088e-01,4.008853139481379224e-01,3.833798705664204221e-01,4.692898448810609024e-01,4.083779001465768776e-01,3.924525683870633830e-01,3.859764986366249206e-01,4.881157616473527083e-01,5.573509071995530473e-01,5.041390996009207370e-01,0.000000000000000000e+00,3.638329447158631935e-01,4.216422307716383155e-01,3.794680688887442921e-01,3.657022464417206131e-01,4.308181405688940036e-01,0.000000000000000000e+00,0.000000000000000000e+00,0.000000000000000000e+00,4.631637497780666246e-01,4.469369792402609898e-01,3.954817647630555766e-01,0.000000000000000000e+00,0.000000000000000000e+00,0.000000000000000000e+00,0.000000000000000000e+00,4.055922742137423875e-01,4.624628594010606886e-01,0.000000000000000000e+00,0.000000000000000000e+00,0.000000000000000000e+00,0.000000000000000000e+00,0.000000000000000000e+00,0.000000000000000000e+00,0.000000000000000000e+00,0.000000000000000000e+00,0.000000000000000000e+00,0.000000000000000000e+00,0.000000000000000000e+00,0.000000000000000000e+00,0.000000000000000000e+00,4.500314868746813080e-01,0.000000000000000000e+00,4.436891408779469748e-01,0.000000000000000000e+00,0.000000000000000000e+00,3.958218731433695847e-01,4.653035835692930222e-01,0.000000000000000000e+00,3.398904571057251855e-01,4.475061503781687100e-01,4.659470058202027087e-01,0.000000000000000000e+00,0.000000000000000000e+00,0.000000000000000000e+00,0.000000000000000000e+00,4.260524305482319973e-01
3.873100218907212233e-01,0.000000000000000000e+00,0.000000000000000000e+00,0.000000000000000000e+00,4.297005076833574910e-01,4.111655483373364839e-01,4.552517260286094158e-01,4.767929260255098223e-01,1.089941947224485064e-01,0.000000000000000000e+00,0.000000000000000000e+00,0.000000000000000000e+00,4.468601378500247079e-01,0.000000000000000000e+00,4.259866696307924028e-01,4.151381340490232774e-01,0.000000000000000000e+00,4.223440611437498937e-01,0.000000000000000000e+00,4.416980486289281971e-01,4.009505287474625090e-01,4.189706479261905980e-01,4.518528309475793869e-01,0.000000000000000000e+00,3.885480840045165141e-01,4.231043416184085970e-01,4.434006694093843848e-01,4.466258257859339054e-01,4.336492640829086032e-01,0.000000000000000000e+00,3.687408261270838095e-01,3.977616458929568166e-01,3.697343081831869216e-01,3.750405853776379028e-01,4.323253309693784741e-01,0.000000000000000000e+00,0.000000000000000000e+00,0.000000000000000000e+00,4.490883784115530242e-01,4.320448418073336017e-01,4.254485233948431255e-01,4.691263508426090079e-01,0.000000000000000000e+00,0.000000000000000000e+00,0.000000000000000000e+00,4.527348547095049192e-01,4.629241280115973245e-01,0.000000000000000000e+00,0.000000000000000000e+00,0.000000000000000000e+00,5.377885437801961377e-01,0.000000000000000000e+00,0.000000000000000000e+00,0.000000000000000000e+00,0.000000000000000000e+00,0.000000000000000000e+00,0.000000000000000000e+00,0.000000000000000000e+00,0.000000000000000000e+00,4.770261647884693756e-01,4.428999254483694248e-01,0.000000000000000000e+00,4.557324833438421985e-01,0.000000000000000000e+00,4.799664212757068227e-01,4.505961322846552819e-01,4.860095342200991819e-01,4.935282325374135137e-01,0.000000000000000000e+00,4.535352144248824824e-01,4.940217163136638723e-01,5.222131334508260947e-01,0.000000000000000000e+00,4.973105827803271928e-01,0.000000000000000000e+00,4.477677283969149213e-01
0.000000000000000000e+00,0.000000000000000000e+00,0.000000000000000000e+00,4.301451034675953800e-01,4.133595938136047088e-01,4.073231708875563184e-01,4.651449258070560755e-01,4.260394088665546142e-01,3.216812334207285184e-01,4.797257006614399910e-01,3.390646584932103247e-01,1.446661517501139915e-01,4.677262733037207965e-01,4.253548293144575054e-01,0.000000000000000000e+00,0.000000000000000000e+00,0.000000000000000000e+00,0.000000000000000000e+00,2.557972973808423922e-01,0.000000000000000000e+00,0.000000000000000000e+00,0.000000000000000000e+00,2.926405431521607037e-01,0.000000000000000000e+00,0.000000000000000000e+00,0.000000000000000000e+00,3.341038740209091862e-01,4.735175072475931723e-01,0.000000000000000000e+00,0.000000000000000000e+00,4.767575621073886771e-01,4.368719939207522107e-01,0.000000000000000000e+00,4.721267245182335093e-01,4.787492375369701847e-01,4.173376141708464160e-01,4.464102557926831194e-01,0.000000000000000000e+00,5.815663862962033859e-01,0.000000000000000000e+00,6.986689613299035262e-01,0.000000000000000000e+00,4.635894716841287844e-01,0.000000000000000000e+00,0.000000000000000000e+00,0.000000000000000000e+00,0.000000000000000000e+00,4.160408484113939931e-01,0.000000000000000000e+00,1.561042921034735964e-01,5.453148995440227909e-01,5.924122656283508093e-01,5.430370156357814393e-01,5.267537509281946528e-01,0.000000000000000000e+00,3.459324255675810811e-01,0.000000000000000000e+00,5.889679821027652418e-01,5.535947724048612129e-01,0.000000000000000000e+00,0.000000000000000000e+00,0.000000000000000000e+00,0.000000000000000000e+00,1.992658809269574061e-01,0.000000000000000000e+00,0.000000000000000000e+00,0.000000000000000000e+00,5.683648538950843987e-01,0.000000000000000000e+00,0.000000000000000000e+00,0.000000000000000000e+00,5.625845702987619656e-01,1.895566312354675098e-01,0.000000000000000000e+00,0.000000000000000000e+00,0.000000000000000000e+00
0.000000000000000000e+00,0.000000000000000000e+00,4.301451034675953800e-01,0.000000000000000000e+00,2.253225329312801006e-01,4.490178735744844163e-01,2.961896476975017234e-01,3.273501130105048729e-01,4.235760045770571858e-01,2.127972175388133103e-01,3.412370761000989017e-01,2.552123110588355726e-01,3.350302490390347221e-01,2.239864258252081131e-01,0.000000000000000000e+00,0.000000000000000000e+00,0.000000000000000000e+00,0.000000000000000000e+00,4.126265394234684969e-01,0.000000000000000000e+00,0.000000000000000000e+00,0.000000000000000000e+00,3.939082822066076184e-01,0.000000000000000000e+00,0.000000000000000000e+00,0.000000000000000000e+00,4.313541320569160842e-01,2.914408898588622954e-01,0.000000000000000000e+00,0.000000000000000000e+00,0.000000000000000000e+00,2.384368445344154930e-01,0.000000000000000000e+00,2.411099909742351888e-01,2.716498500852073117e-01,1.876583700939435939e-01,1.751038425690980005e-01,2.497536411037306892e-01,0.000000000000000000e+00,0.000000000000000000e+00,0.000000000000000000e+00,0.000000000000000000e+00,0.000000000000000000e+00,0.000000000000000000e+00,0.000000000000000000e+00,0.000000000000000000e+00,0.000000000000000000e+00,0.000000000000000000e+00,0.000000000000000000e+00,0.000000000000000000e+00,0.000000000000000000e+00,0.000000000000000000e+00,0.000000000000000000e+00,0.000000000000000000e+00,0.000000000000000000e+00,0.000000000000000000e+00,0.000000000000000000e+00,0.000000000000000000e+00,0.000000000000000000e+00,0.000000000000000000e+00,0.000000000000000000e+00,0.000000000000000000e+00,0.000000000000000000e+00,0.000000000000000000e+00,0.000000000000000000e+00,0.000000000000000000e+00,0.000000000000000000e+00,0.000000000000000000e+00,0.000000000000000000e+00,0.000000000000000000e+00,0.000000000000000000e+00,0.000000000000000000e+00,0.000000000000000000e+00,0.000000000000000000e+00,0.000000000000000000e+00,0.000000000000000000e+00
0.000000000000000000e+00,4.297005076833574910e-01,4.133595938136047088e-01,2.253225329312801006e-01,0.000000000000000000e+00,3.943643581403715181e-01,3.295003738978796171e-01,3.863280972369729782e-01,3.617169559555293845e-01,3.416091152657174113e-01,3.408347106438261997e-01,4.818292074464439190e-01,3.837421165664827161e-01,2.689725926392418920e-01,0.000000000000000000e+00,0.000000000000000000e+00,0.000000000000000000e+00,0.000000000000000000e+00,4.030070842920546181e-01,4.109789472013811729e-01,0.000000000000000000e+00,4.343654824775354251e-01,4.210679904732690937e-01,0.000000000000000000e+00,1.026512181678926050e-01,0.000000000000000000e+00,4.089993748886208147e-01,3.921659731447788011e-01,4.177788866266617940e-01,0.000000000000000000e+00,5.058473017113730430e-01,3.745889484515145251e-01,0.000000000000000000e+00,4.740020399825600750e-01,4.351105996942128962e-01,2.111214642949283127e-01,1.775476901305796940e-01,0.000000000000000000e+00,1.449016219380533932e-01,0.000000000000000000e+00,0.000000000000000000e+00,0.000000000000000000e+00,4.373133683904258939e-01,0.000000000000000000e+00,0.000000000000000000e+00,0.000000000000000000e+00,0.000000000000000000e+00,1.391587810617312959e-01,0.000000000000000000e+00,1.196853085045865017e-01,1.413995716886319864e-01,0.000000000000000000e+00,0.000000000000000000e+00,1.473916997482105085e-01,0.000000000000000000e+00,0.000000000000000000e+00,0.000000000000000000e+00,0.000000000000000000e+00,0.000000000000000000e+00,0.000000000000000000e+00,0.000000000000000000e+00,0.000000000000000000e+00,0.000000000000000000e+00,0.000000000000000000e+00,0.000000000000000000e+00,0.000000000000000000e+00,0.000000000000000000e+00,5.349290552863598114e-01,0.000000000000000000e+00,0.000000000000000000e+00,0.000000000000000000e+00,1.505447041079442938e-01,0.000000000000000000e+00,0.000000000000000000e+00,0.000000000000000000e+00,0.000000000000000000e+00
1.279640476161693075e-01,4.111655483373364839e-01,4.073231708875563184e-01,4.490178735744844163e-01,3.943643581403715181e-01,0.000000000000000000e+00,4.348851664586224075e-01,4.242498435600561835e-01,3.675924600724425062e-01,4.599054925475974942e-01,4.117948452755195166e-01,4.554332662057919978e-01,4.002664931074736976e-01,4.269125160969536870e-01,0.000000000000000000e+00,4.457533642876952973e-01,1.577053824631629020e-01,4.241910253134897890e-01,4.413054199831736857e-01,4.239813476114411839e-01,4.207037013917022117e-01,4.197566386848188835e-01,4.184670872591262913e-01,0.000000000000000000e+00,4.044556750924677146e-01,4.182591947272594757e-01,3.910150938115777852e-01,3.964922039468402049e-01,3.751254881780833883e-01,4.282450926727263130e-01,4.678252235784450819e-01,4.379749185377500020e-01,4.030811586400693258e-01,4.704886644393814765e-01,4.729690401152186197e-01,4.306045610826610970e-01,4.502978150432183080e-01,4.553304948297122734e-01,5.226520839881344527e-01,0.000000000000000000e+00,5.273629833344787299e-01,1.337139184359505129e-01,5.039251281960027695e-01,0.000000000000000000e+00,0.000000000000000000e+00,0.000000000000000000e+00,1.837371231652606962e-01,5.737539976059551350e-01,0.000000000000000000e+00,1.789824702647367927e-01,5.307365947630598990e-01,1.609304765758212130e-01,4.915133724571401075e-01,5.648427298934308727e-01,0.000000000000000000e+00,5.523201737162243274e-01,0.000000000000000000e+00,5.351505660036103285e-01,0.000000000000000000e+00,1.403968170182710029e-01,0.000000000000000000e+00,0.000000000000000000e+00,0.000000000000000000e+00,6.020910297226623742e-01,1.233254195764424965e-01,0.000000000000000000e+00,1.635458232680565005e-01,5.516462157926289578e-01,0.000000000000000000e+00,0.000000000000000000e+00,1.638433464803079054e-01,5.420486813385078095e-01,5.319028037380091334e-01,5.048073943464665980e-01,5.555376146295523121e-01,5.456940729860696448e-01
0.000000000000000000e+00,4.552517260286094158e-01,4.651449258070560755e-01,2.961896476975017234e-01,3.295003738978796171e-01,4.348851664586224075e-01,0.000000000000000000e+00,4.723703186023152090e-01,4.302412164851021070e-01,4.180098846779614075e-01,4.782814896160155760e-01,4.291267871335269213e-01,3.546976014177248837e-01,3.318397394708431092e-01,0.000000000000000000e+00,4.849430766415359084e-01,4.761379803709412939e-01,4.758990046867981882e-01,4.893533384120724028e-01,4.541155738854000257e-01,0.000000000000000000e+00,4.655131088761211844e-01,4.553230582165876950e-01,0.000000000000000000e+00,4.498435472595557760e-01,4.678568588620006241e-01,4.534435911209611092e-01,3.522895670863521178e-01,4.490443934338462229e-01,0.000000000000000000e+00,4.338656382534433198e-01,4.026448891418624165e-01,4.491880807518728869e-01,4.052693253245712168e-01,3.580232002713464867e-01,3.003270616689280859e-01,2.850221585598067819e-01,4.212087334536285255e-01,1.841832463700056044e-01,0.000000000000000000e+00,1.637731516271186127e-01,0.000000000000000000e+00,1.211191185914881063e-01,0.000000000000000000e+00,0.000000000000000000e+00,0.000000000000000000e+00,0.000000000000000000e+00,1.874961326348812130e-01,0.000000000000000000e+00,0.000000000000000000e+00,1.612945990765811966e-01,0.000000000000000000e+00,5.339457445167372640e-01,1.754326870027249075e-01,0.000000000000000000e+00,1.484293345485989957e-01,0.000000000000000000e+00,0.000000000000000000e+00,0.000000000000000000e+00,0.000000000000000000e+00,0.000000000000000000e+00,0.000000000000000000e+00,0.000000000000000000e+00,1.420735728466518133e-01,0.000000000000000000e+00,0.000000000000000000e+00,0.000000000000000000e+00,5.590521467091442709e-01,0.000000000000000000e+00,0.000000000000000000e+00,0.000000000000000000e+00,5.802927462296251226e-01,0.000000000000000000e+00,0.000000000000000000e+00,0.000000000000000000e+00,0.000000000000000000e+00
4.967395734676526842e-01,4.767929260255098223e-01,4.260394088665546142e-01,3.273501130105048729e-01,3.863280972369729782e-01,4.242498435600561835e-01,4.723703186023152090e-01,0.000000000000000000e+00,4.462929222375893179e-01,0.000000000000000000e+00,2.680644714633375059e-01,0.000000000000000000e+00,4.582449214966756168e-01,3.286665192736248908e-01,4.491315855343632202e-01,4.795487131236155220e-01,0.000000000000000000e+00,5.323559310828328561e-01,3.916932057080418916e-01,4.276518376925281251e-01,4.219415030763674079e-01,4.708726724853263823e-01,3.752446125961114154e-01,5.200463838676351314e-01,5.095020530877006903e-01,4.925425472190451126e-01,4.362095762062110915e-01,4.488060326888896889e-01,4.039308136185557063e-01,4.308477688896878988e-01,4.551072751922680126e-01,3.468111595179405038e-01,3.045762733928286115e-01,4.543379097247232101e-01,4.489094668311516267e-01,2.911642339381811939e-01,2.848136679442193064e-01,0.000000000000000000e+00,4.763553081726042970e-01,0.000000000000000000e+00,4.901046281291672191e-01,0.000000000000000000e+00,4.494265981250730735e-01,0.000000000000000000e+00,0.000000000000000000e+00,0.000000000000000000e+00,0.000000000000000000e+00,5.464845221438426881e-01,0.000000000000000000e+00,0.000000000000000000e+00,4.833578125253982227e-01,5.065523673448154574e-01,3.727883835466744844e-01,5.486645039781875566e-01,0.000000000000000000e+00,4.796451301869514849e-01,0.000000000000000000e+00,5.136651841588261158e-01,4.592728131102735145e-01,0.000000000000000000e+00,0.000000000000000000e+00,0.000000000000000000e+00,0.000000000000000000e+00,5.492426074355047927e-01,0.000000000000000000e+00,4.046033004529164812e-01,0.000000000000000000e+00,5.018212539488901003e-01,0.000000000000000000e+00,0.000000000000000000e+00,0.000000000000000000e+00,5.114758348637183927e-01,4.993047631734229830e-01,4.871887795311158897e-01,0.000000000000000000e+00,5.219001871431565576e-01
0.000000000000000000e+00,1.089941947224485064e-01,3.216812334207285184e-01,4.235760045770571858e-01,3.617169559555293845e-01,3.675924600724425062e-01,4.302412164851021070e-01,4.462929222375893179e-01,0.000000000000000000e+00,4.774557742736592059e-01,3.341951534060618734e-01,4.841179153108057798e-01,4.393354682613409001e-01,4.112664831031109247e-01,0.000000000000000000e+00,0.000000000000000000e+00,0.000000000000000000e+00,1.723180217420489102e-01,2.813308883723488751e-01,0.000000000000000000e+00,0.000000000000000000e+00,4.158430716260506088e-01,4.028776892260165776e-01,1.348241689002374066e-01,1.381552569281528919e-01,1.487972333815535952e-01,3.644023361473605060e-01,4.935534034844092921e-01,4.155681541005115109e-01,4.568923749974579951e-01,5.159775194768327911e-01,4.651799345732298141e-01,4.939803966806317059e-01,4.999776741560936211e-01,4.880900876972674163e-01,4.301148227621249820e-01,4.738489755601358877e-01,4.727682179895750236e-01,5.262801130530823102e-01,0.000000000000000000e+00,1.944270713845958065e-01,0.000000000000000000e+00,4.997765535553863048e-01,0.000000000000000000e+00,0.000000000000000000e+00,0.000000000000000000e+00,0.000000000000000000e+00,5.688073441410809172e-01,0.000000000000000000e+00,1.678821275704424076e-01,5.833741790775295311e-01,1.944052841542409094e-01,5.562539817279976706e-01,1.272774180618909956e-01,0.000000000000000000e+00,5.246079023831785593e-01,0.000000000000000000e+00,1.922170983634403085e-01,5.943231376032787061e-01,0.000000000000000000e+00,0.000000000000000000e+00,0.000000000000000000e+00,0.000000000000000000e+00,6.081168269975760765e-01,0.000000000000000000e+00,0.000000000000000000e+00,0.000000000000000000e+00,5.875206954360963074e-01,0.000000000000000000e+00,0.000000000000000000e+00,0.000000000000000000e+00,5.673315427056206950e-01,2.033127150883851098e-01,0.000000000000000000e+00,0.000000000000000000e+00,0.000000000000000000e+00
0.000000000000000000e+00,0.000000000000000000e+00,4.797257006614399910e-01,2.127972175388133103e-01,3.416091152657174113e-01,4.599054925475974942e-01,4.180098846779614075e-01,0.000000000000000000e+00,4.774557742736592059e-01,0.000000000000000000e+00,4.851143167122162203e-01,2.758566513147570065e-01,4.259422623110747930e-01,0.000000000000000000e+00,0.000000000000000000e+00,1.043442276996341955e-01,3.400639640701895727e-01,3.639269689434347921e-01,5.020829850498460534e-01,1.064357389920402991e-01,0.000000000000000000e+00,1.131478320326588932e-01,4.503481290162473782e-01,3.101273172477060913e-01,3.472400533370869069e-01,3.592510696100357781e-01,4.602625160926959724e-01,4.049425229659707748e-01,1.329312264403890997e-01,0.000000000000000000e+00,3.486822630256026234e-01,3.137615132378497873e-01,3.143852899557718072e-01,3.173254464391733198e-01,3.133805239884949745e-01,2.841637143027258006e-01,2.680396109085376732e-01,2.872282423448915822e-01,3.246522962786104194e-01,3.728643515066670799e-01,3.736428749025598739e-01,3.717203890981640169e-01,0.000000000000000000e+00,0.000000000000000000e+00,3.918114810645882962e-01,4.557208026417858826e-01,0.000000000000000000e+00,0.000000000000000000e+00,0.000000000000000000e+00,0.000000000000000000e+00,0.000000000000000000e+00,0.000000000000000000e+00,0.000000000000000000e+00,0.000000000000000000e+00,4.470260369087659114e-01,0.000000000000000000e+00,4.595142550497681166e-01,4.789084259471079741e-01,0.000000000000000000e+00,0.000000000000000000e+00,0.000000000000000000e+00,4.180098058214257173e-01,3.907986978390411981e-01,0.000000000000000000e+00,0.000000000000000000e+00,0.000000000000000000e+00,0.000000000000000000e+00,0.000000000000000000e+00,4.304101029028540859e-01,3.918642518396707186e-01,4.531885764331254896e-01,0.000000000000000000e+00,4.462009464963804239e-01,0.000000000000000000e+00,0.000000000000000000e+00,4.141945442393629162e-01
0.000000000000000000e+00,0.000000000000000000e+00,3.390646584932103247e-01,3.412370761000989017e-01,3.408347106438261997e-01,4.117948452755195166e-01,4.782814896160155760e-01,2.680644714633375059e-01,3.341951534060618734e-01,4.851143167122162203e-01,0.000000000000000000e+00,4.934679403413527732e-01,4.900530682706810137e-01,2.821349098789576737e-01,0.000000000000000000e+00,0.000000000000000000e+00,1.129603659847957936e-01,0.000000000000000000e+00,2.925078639810730907e-01,0.000000000000000000e+00,0.000000000000000000e+00,0.000000000000000000e+00,2.592740589705911924e-01,0.000000000000000000e+00,0.000000000000000000e+00,1.680492079956459883e-01,4.003886275968813191e-01,4.897201657948189180e-01,0.000000000000000000e+00,0.000000000000000000e+00,5.190910214444559578e-01,3.604238920582015226e-01,0.000000000000000000e+00,4.963901420839589851e-01,4.652291487170053252e-01,3.396897010491340962e-01,3.840189919976533250e-01,4.738177616326674224e-01,4.153186255776403768e-01,0.000000000000000000e+00,0.000000000000000000e+00,0.000000000000000000e+00,3.933419663214565154e-01,0.000000000000000000e+00,0.000000000000000000e+00,0.000000000000000000e+00,0.000000000000000000e+00,5.029597509477420347e-01,0.000000000000000000e+00,1.096474142337539037e-01,6.063207639298330287e-01,1.325156429244102874e-01,4.969187219031870884e-01,5.254108284065782675e-01,0.000000000000000000e+00,3.957552532080841901e-01,0.000000000000000000e+00,1.411573169783089110e-01,4.831253266990945261e-01,0.000000000000000000e+00,0.000000000000000000e+00,0.000000000000000000e+00,0.000000000000000000e+00,4.514665856690435186e-01,0.000000000000000000e+00,0.000000000000000000e+00,0.000000000000000000e+00,5.207597550818303667e-01,0.000000000000000000e+00,0.000000000000000000e+00,0.000000000000000000e+00,5.546982753871020355e-01,1.700380183479761886e-01,0.000000000000000000e+00,0.000000000000000000e+00,0.000000000000000000e+00
4.149183589967179175e-01,0.000000000000000000e+00,1.446661517501139915e-01,2.552123110588355726e-01,4.818292074464439190e-01,4.554332662057919978e-01,4.291267871335269213e-01,0.000000000000000000e+00,4.841179153108057798e-01,2.758566513147570065e-01,4.934679403413527732e-01,0.000000000000000000e+00,3.983485620856436760e-01,0.000000000000000000e+00,0.000000000000000000e+00,0.000000000000000000e+00,3.574634468793175257e-01,3.853892136011495828e-01,1.541655912504223125e-01,0.000000000000000000e+00,0.000000000000000000e+00,0.000000000000000000e+00,1.457153629566030062e-01,2.754981094507469863e-01,3.590427248254832171e-01,3.146538295724808920e-01,1.478126499661331916e-01,3.552644461858712743e-01,0.000000000000000000e+00,0.000000000000000000e+00,3.393613197755426247e-01,2.650816381060513982e-01,2.821964654107733117e-01,2.705886660696414925e-01,3.040432184781994840e-01,2.916897702647238133e-01,2.898318996093299238e-01,2.382449897053783017e-01,2.633060969119473960e-01,3.808714866664720256e-01,3.862770993149430843e-01,3.040519026407613734e-01,0.000000000000000000e+00,0.000000000000000000e+00,3.951042994102080819e-01,0.000000000000000000e+00,0.000000000000000000e+00,0.000000000000000000e+00,0.000000000000000000e+00,0.000000000000000000e+00,0.000000000000000000e+00,0.000000000000000000e+00,0.000000000000000000e+00,0.000000000000000000e+00,4.513129918212755998e-01,0.000000000000000000e+00,4.647697561733418192e-01,4.903754947702564926e-01,0.000000000000000000e+00,0.000000000000000000e+00,0.000000000000000000e+00,4.217178466783559898e-01,4.200879116614048003e-01,0.000000000000000000e+00,0.000000000000000000e+00,0.000000000000000000e+00,0.000000000000000000e+00,0.000000000000000000e+00,4.333391141011200265e-01,4.084919239710679828e-01,4.567690910353441880e-01,0.000000000000000000e+00,4.313363945093526830e-01,0.000000000000000000e+00,0.000000000000000000e+00,4.404734027081775860e-01
1.289189709994993938e-01,4.468601378500247079e-01,4.677262733037207965e-01,3.350302490390347221e-01,3.837421165664827161e-01,4.002664931074736976e-01,3.546976014177248837e-01,4.582449214966756168e-01,4.393354682613409001e-01,4.259422623110747930e-01,4.900530682706810137e-01,3.983485620856436760e-01,0.000000000000000000e+00,3.501570421474025085e-01,4.816958889337785155e-01,4.780254299146239894e-01,4.394763762084665237e-01,4.586764135562907962e-01,4.909876262956948123e-01,4.389966775519192899e-01,4.587773823592637967e-01,4.585063502953363734e-01,4.609439593579450212e-01,4.183379735247463871e-01,4.407517913344797256e-01,4.497561653244178115e-01,4.585871047649023868e-01,3.602521082423658094e-01,4.199004218267680111e-01,4.127680071084977032e-01,4.024174720371141989e-01,4.065368154568165804e-01,3.802963479704188909e-01,3.972884072338944139e-01,3.755299056894574883e-01,3.534186047270296838e-01,3.537075108033803095e-01,3.687939685511608112e-01,5.618703650758676282e-01,0.000000000000000000e+00,1.616459001673085927e-01,1.298068953631462130e-01,5.318005897984861008e-01,0.000000000000000000e+00,0.000000000000000000e+00,0.000000000000000000e+00,0.000000000000000000e+00,1.844890917420914100e-01,0.000000000000000000e+00,0.000000000000000000e+00,5.606292132786069304e-01,2.127971987323727110e-01,5.229392699557110502e-01,0.000000000000000000e+00,0.000000000000000000e+00,1.451333181512788895e-01,0.000000000000000000e+00,0.000000000000000000e+00,0.000000000000000000e+00,1.660466628282462886e-01,0.000000000000000000e+00,0.000000000000000000e+00,0.000000000000000000e+00,0.000000000000000000e+00,1.543003688465809098e-01,0.000000000000000000e+00,2.033799240140601039e-01,5.431848216104381288e-01,0.000000000000000000e+00,1.644983550037110998e-01,1.881866019945158952e-01,5.282715972610866340e-01,0.000000000000000000e+00,5.758895191857955620e-01,0.000000000000000000e+00,0.000000000000000000e+00
0.000000000000000000e+00,0.000000000000000000e+00,4.253548293144575054e-01,2.239864258252081131e-01,2.689725926392418920e-01,4.269125160969536870e-01,3.318397394708431092e-01,3.286665192736248908e-01,4.112664831031109247e-01,0.000000000000000000e+00,2.821349098789576737e-01,0.000000000000000000e+00,3.501570421474025085e-01,0.000000000000000000e+00,0.000000000000000000e+00,0.000000000000000000e+00,0.000000000000000000e+00,0.000000000000000000e+00,4.100878385009836258e-01,0.000000000000000000e+00,4.866022689425795744e-01,0.000000000000000000e+00,4.067406766422468900e-01,0.000000000000000000e+00,0.000000000000000000e+00,0.000000000000000000e+00,4.334126719418177065e-01,2.949326508537025160e-01,0.000000000000000000e+00,0.000000000000000000e+00,0.000000000000000000e+00,2.723786542049018156e-01,0.000000000000000000e+00,0.000000000000000000e+00,0.000000000000000000e+00,2.233025151354766091e-01,1.705791659607512056e-01,0.000000000000000000e+00,0.000000000000000000e+00,0.000000000000000000e+00,0.000000000000000000e+00,0.000000000000000000e+00,3.741400108267495805e-01,0.000000000000000000e+00,0.000000000000000000e+00,0.000000000000000000e+00,0.000000000000000000e+00,5.948142952498400859e-01,0.000000000000000000e+00,0.000000000000000000e+00,0.000000000000000000e+00,0.000000000000000000e+00,0.000000000000000000e+00,5.751595790376154982e-01,0.000000000000000000e+00,4.762967555169829725e-01,0.000000000000000000e+00,0.000000000000000000e+00,0.000000000000000000e+00,0.000000000000000000e+00,0.000000000000000000e+00,0.000000000000000000e+00,0.000000000000000000e+00,0.000000000000000000e+00,0.000000000000000000e+00,0.000000000000000000e+00,0.000000000000000000e+00,5.399963710554360752e-01,0.000000000000000000e+00,0.000000000000000000e+00,0.000000000000000000e+00,5.947779243370432400e-01,0.000000000000000000e+00,0.000000000000000000e+00,0.000000000000000000e+00,0.000000000000000000e+00
3.782068107316938210e-01,4.259866696307924028e-01,0.000000000000000000e+00,0.000000000000000000e+00,0.000000000000000000e+00,0.000000000000000000e+00,0.000000000000000000e+00,4.491315855343632202e-01,0.000000000000000000e+00,0.000000000000000000e+00,0.000000000000000000e+00,0.000000000000000000e+00,4.816958889337785155e-01,0.000000000000000000e+00,0.000000000000000000e+00,4.625054459087836745e-01,0.000000000000000000e+00,4.471085978878426848e-01,0.000000000000000000e+00,3.787077540039540113e-01,3.900443176198246098e-01,4.169232912356934939e-01,4.160112353575902144e-01,0.000000000000000000e+00,4.264437462300869064e-01,4.395358105501703250e-01,4.580584344002752162e-01,4.466484363403318003e-01,4.241305138687296861e-01,0.000000000000000000e+00,4.237742778560861234e-01,4.214710967436264277e-01,3.984596082331188782e-01,4.331773510305175212e-01,4.742691132211109828e-01,4.450836446364614951e-01,0.000000000000000000e+00,0.000000000000000000e+00,4.713752109377947752e-01,4.794017652888624137e-01,4.732907002827277942e-01,4.978850538998604858e-01,0.000000000000000000e+00,0.000000000000000000e+00,0.000000000000000000e+00,0.000000000000000000e+00,5.096956541230615034e-01,0.000000000000000000e+00,0.000000000000000000e+00,0.000000000000000000e+00,5.115379351526182505e-01,0.000000000000000000e+00,4.188695367510908985e-01,0.000000000000000000e+00,0.000000000000000000e+00,0.000000000000000000e+00,0.000000000000000000e+00,5.650543054639255436e-01,0.000000000000000000e+00,4.765987126837842869e-01,1.452970067518689068e-01,0.000000000000000000e+00,0.000000000000000000e+00,0.000000000000000000e+00,4.659046027132526802e-01,4.557326189360785262e-01,5.060945700069389153e-01,4.695256166006243070e-01,0.000000000000000000e+00,1.582739178132742119e-01,5.245498212651381609e-01,4.805607130722254761e-01,5.053786075196167182e-01,4.693969046086721164e-01,0.000000000000000000e+00,4.698714673505762773e-01
4.178066099690639912e-01,4.151381340490232774e-01,0.000000000000000000e+00,0.000000000000000000e+00,0.000000000000000000e+00,4.457533642876952973e-01,4.849430766415359084e-01,4.795487131236155220e-01,0.000000000000000000e+00,1.043442276996341955e-01,0.000000000000000000e+00,0.000000000000000000e+00,4.780254299146239894e-01,0.000000000000000000e+00,4.625054459087836745e-01,0.000000000000000000e+00,3.803391948964042202e-01,3.559985355744686997e-01,0.000000000000000000e+00,4.417777623993174863e-01,4.356662823238091065e-01,4.162832489132384794e-01,4.995668963519697137e-01,0.000000000000000000e+00,4.090406784617897085e-01,4.438700554261051923e-01,4.722289058581226051e-01,4.599406523013652159e-01,4.495533731211897033e-01,4.217074963189658132e-01,3.913441645444180050e-01,4.429402442807368057e-01,4.200499678456242059e-01,4.052317207413154154e-01,4.634668121023606258e-01,0.000000000000000000e+00,0.000000000000000000e+00,0.000000000000000000e+00,4.562921264040986080e-01,4.372026887376970761e-01,4.573414034458910260e-01,4.565954327382126254e-01,0.000000000000000000e+00,0.000000000000000000e+00,0.000000000000000000e+00,4.556056936123166201e-01,4.729984303654268252e-01,0.000000000000000000e+00,0.000000000000000000e+00,0.000000000000000000e+00,0.000000000000000000e+00,0.000000000000000000e+00,0.000000000000000000e+00,0.000000000000000000e+00,0.000000000000000000e+00,0.000000000000000000e+00,0.000000000000000000e+00,0.000000000000000000e+00,0.000000000000000000e+00,4.816936802261019834e-01,4.501873324477390081e-01,0.000000000000000000e+00,4.395038240590696255e-01,0.000000000000000000e+00,5.176714618081973418e-01,5.160672245278377090e-01,4.863513547715149210e-01,5.720367902070396804e-01,0.000000000000000000e+00,4.483395578234148915e-01,4.879715168798645086e-01,5.647240227673208102e-01,0.000000000000000000e+00,5.419553914878502132e-01,0.000000000000000000e+00,4.436661719466106768e-01
3.735763306508577131e-01,0.000000000000000000e+00,0.000000000000000000e+00,0.000000000000000000e+00,0.000000000000000000e+00,1.577053824631629020e-01,4.761379803709412939e-01,0.000000000000000000e+00,0.000000000000000000e+00,3.400639640701895727e-01,1.129603659847957936e-01,3.574634468793175257e-01,4.394763762084665237e-01,0.000000000000000000e+00,0.000000000000000000e+00,3.803391948964042202e-01,0.000000000000000000e+00,3.621873012685112858e-01,0.000000000000000000e+00,1.128976963617454032e-01,0.000000000000000000e+00,3.690551697132525844e-01,0.000000000000000000e+00,3.576181617635230126e-01,3.424484360502796920e-01,3.676103382401765263e-01,0.000000000000000000e+00,4.381931109400412083e-01,1.054474693937562935e-01,0.000000000000000000e+00,3.546686057228822242e-01,4.082251451249889751e-01,3.615393572986351223e-01,3.721922177269869070e-01,3.752513074725650766e-01,0.000000000000000000e+00,0.000000000000000000e+00,3.408029665443996215e-01,0.000000000000000000e+00,4.128069555043266115e-01,0.000000000000000000e+00,0.000000000000000000e+00,0.000000000000000000e+00,0.000000000000000000e+00,0.000000000000000000e+00,0.000000000000000000e+00,0.000000000000000000e+00,0.000000000000000000e+00,0.000000000000000000e+00,0.000000000000000000e+00,0.000000000000000000e+00,0.000000000000000000e+00,0.000000000000000000e+00,0.000000000000000000e+00,4.416151193564906152e-01,0.000000000000000000e+00,4.603428553914998833e-01,0.000000000000000000e+00,0.000000000000000000e+00,0.000000000000000000e+00,0.000000000000000000e+00,4.555730453529522883e-01,4.496046226397604761e-01,0.000000000000000000e+00,0.000000000000000000e+00,0.000000000000000000e+00,0.000000000000000000e+00,0.000000000000000000e+00,4.424728876955917878e-01,4.231856448757720934e-01,4.501398738447409120e-01,0.000000000000000000e+00,0.000000000000000000e+00,0.000000000000000000e+00,0.000000000000000000e+00,0.000000000000000000e+00
4.094896471475280020e-01,4.223440611437498937e-01,0.000000000000000000e+00,0.000000000000000000e+00,0.000000000000000000e+00,4.241910253134897890e-01,4.758990046867981882e-01,5.323559310828328561e-01,1.723180217420489102e-01,3.639269689434347921e-01,0.000000000000000000e+00,3.853892136011495828e-01,4.586764135562907962e-01,0.000000000000000000e+00,4.471085978878426848e-01,3.559985355744686997e-01,3.621873012685112858e-01,0.000000000000000000e+00,0.000000000000000000e+00,4.584524056413334936e-01,4.334540283952424966e-01,4.357890304725027253e-01,4.603045782295228094e-01,3.801132982937179827e-01,3.700324925857280123e-01,4.160534585346304937e-01,4.546717058789347954e-01,4.510227799311076757e-01,4.652649851055740138e-01,5.057723310411664785e-01,3.922848958691184107e-01,4.401268464004237102e-01,4.156909617644314880e-01,3.954011003839728033e-01,4.219688475907052982e-01,0.000000000000000000e+00,0.000000000000000000e+00,0.000000000000000000e+00,4.654084442605327943e-01,4.613778932655803744e-01,4.522142528640112902e-01,4.760677266829306808e-01,0.000000000000000000e+00,0.000000000000000000e+00,0.000000000000000000e+00,4.574773322659111963e-01,4.555097111403371146e-01,0.000000000000000000e+00,0.000000000000000000e+00,0.000000000000000000e+00,0.000000000000000000e+00,0.000000000000000000e+00,0.000000000000000000e+00,0.000000000000000000e+00,4.309166666993747841e-01,0.000000000000000000e+00,4.441623756682169244e-01,0.000000000000000000e+00,0.000000000000000000e+00,0.000000000000000000e+00,4.499575871895418189e-01,4.328451165325403749e-01,4.540950495546424159e-01,0.000000000000000000e+00,0.000000000000000000e+00,0.000000000000000000e+00,4.701006156584626727e-01,0.000000000000000000e+00,4.931562616769171181e-01,4.506203227800856803e-01,4.703311204544605162e-01,0.000000000000000000e+00,0.000000000000000000e+00,0.000000000000000000e+00,0.000000000000000000e+00,4.408642436750127014e-01
0.000000000000000000e+00,0.000000000000000000e+00,2.557972973808423922e-01,4.126265394234684969e-01,4.030070842920546181e-01,4.413054199831736857e-01,4.893533384120724028e-01,3.916932057080418916e-01,2.813308883723488751e-01,5.020829850498460534e-01,2.925078639810730907e-01,1.541655912504223125e-01,4.909876262956948123e-01,4.100878385009836258e-01,0.000000000000000000e+00,0.000000000000000000e+00,0.000000000000000000e+00,0.000000000000000000e+00,0.000000000000000000e+00,0.000000000000000000e+00,0.000000000000000000e+00,0.000000000000000000e+00,2.745664060598856926e-01,0.000000000000000000e+00,0.000000000000000000e+00,0.000000000000000000e+00,3.651643045040353086e-01,4.962136326480889870e-01,0.000000000000000000e+00,0.000000000000000000e+00,4.986935179123143103e-01,4.344501382655093780e-01,0.000000000000000000e+00,4.875346137547119096e-01,4.871093892558517879e-01,4.281802388473240906e-01,4.629815853277461923e-01,1.031902039238388052e-01,0.000000000000000000e+00,0.000000000000000000e+00,0.000000000000000000e+00,0.000000000000000000e+00,4.575956904619893906e-01,0.000000000000000000e+00,0.000000000000000000e+00,0.000000000000000000e+00,0.000000000000000000e+00,5.346152270512872784e-01,0.000000000000000000e+00,1.437041172048640070e-01,5.840731339729072769e-01,1.548222465146527060e-01,5.343410374376253991e-01,0.000000000000000000e+00,0.000000000000000000e+00,4.846663993816254234e-01,0.000000000000000000e+00,1.847620863620250131e-01,5.099447841328936804e-01,0.000000000000000000e+00,0.000000000000000000e+00,0.000000000000000000e+00,0.000000000000000000e+00,5.907678535646283535e-01,0.000000000000000000e+00,0.000000000000000000e+00,0.000000000000000000e+00,5.597048662771990646e-01,0.000000000000000000e+00,0.000000000000000000e+00,0.000000000000000000e+00,5.806617719888026441e-01,0.000000000000000000e+00,0.000000000000000000e+00,0.000000000000000000e+00,0.000000000000000000e+00
4.327599456357094088e-01,4.416980486289281971e-01,0.000000000000000000e+00,0.000000000000000000e+00,4.109789472013811729e-01,4.239813476114411839e-01,4.541155738854000257e-01,4.276518376925281251e-01,0.000000000000000000e+00,1.064357389920402991e-01,0.000000000000000000e+00,0.000000000000000000e+00,4.389966775519192899e-01,0.000000000000000000e+00,3.787077540039540113e-01,4.417777623993174863e-01,1.128976963617454032e-01,4.584524056413334936e-01,0.000000000000000000e+00,0.000000000000000000e+00,4.474128760798264937e-01,3.976018626886461127e-01,3.965127556760438265e-01,0.000000000000000000e+00,4.375019913547125161e-01,4.764079979612763083e-01,3.863519901266643242e-01,4.001488590464249984e-01,3.667336777602894227e-01,3.459666187989143826e-01,4.226037851753648988e-01,4.446679106456717934e-01,4.179414831988523260e-01,4.628652219678902058e-01,4.910375829568028871e-01,4.988789609622806820e-01,0.000000000000000000e+00,0.000000000000000000e+00,4.751537599827930225e-01,1.331515844771223867e-01,4.913259440547048107e-01,4.906725891274377194e-01,1.085571697441179012e-01,0.000000000000000000e+00,0.000000000000000000e+00,0.000000000000000000e+00,1.257483820530219121e-01,0.000000000000000000e+00,0.000000000000000000e+00,0.000000000000000000e+00,5.244310431753236301e-01,0.000000000000000000e+00,4.725065438726118727e-01,0.000000000000000000e+00,0.000000000000000000e+00,0.000000000000000000e+00,0.000000000000000000e+00,1.728164616310444990e-01,0.000000000000000000e+00,4.732709368945069994e-01,1.948112228092699905e-01,0.000000000000000000e+00,0.000000000000000000e+00,0.000000000000000000e+00,4.828754258483187733e-01,4.778278219667028148e-01,4.871727691730934895e-01,4.886086650117472119e-01,0.000000000000000000e+00,1.902737318307902992e-01,4.968188830103105746e-01,5.075908984006368696e-01,1.481917054000936873e-01,4.866205153742659273e-01,1.118076663368391954e-01,4.716674600883938862e-01
4.008853139481379224e-01,4.009505287474625090e-01,0.000000000000000000e+00,0.000000000000000000e+00,0.000000000000000000e+00,4.207037013917022117e-01,0.000000000000000000e+00,4.219415030763674079e-01,0.000000000000000000e+00,0.000000000000000000e+00,0.000000000000000000e+00,0.000000000000000000e+00,4.587773823592637967e-01,4.866022689425795744e-01,3.900443176198246098e-01,4.356662823238091065e-01,0.000000000000000000e+00,4.334540283952424966e-01,0.000000000000000000e+00,4.474128760798264937e-01,0.000000000000000000e+00,4.313442187070353206e-01,4.002760124290539734e-01,4.994112957807119169e-01,4.243112243302242237e-01,4.333352086002426051e-01,4.659352511279615250e-01,4.486085191669357264e-01,4.113743778369656767e-01,0.000000000000000000e+00,3.993727289467179919e-01,3.995530010533848153e-01,3.648539425769903866e-01,4.086989360144406835e-01,4.629503127045691002e-01,0.000000000000000000e+00,0.000000000000000000e+00,0.000000000000000000e+00,4.809859173824753142e-01,0.000000000000000000e+00,4.768410836073622150e-01,4.965423354257038069e-01,0.000000000000000000e+00,0.000000000000000000e+00,0.000000000000000000e+00,4.898011031028419171e-01,4.996770915602832819e-01,0.000000000000000000e+00,0.000000000000000000e+00,0.000000000000000000e+00,4.801375251220408868e-01,0.000000000000000000e+00,4.413171100554600934e-01,0.000000000000000000e+00,0.000000000000000000e+00,0.000000000000000000e+00,0.000000000000000000e+00,5.100185654833915283e-01,0.000000000000000000e+00,4.775621833894101997e-01,4.632803712622359238e-01,0.000000000000000000e+00,0.000000000000000000e+00,0.000000000000000000e+00,4.714787952511034774e-01,4.508475812270363869e-01,5.191189383072667418e-01,4.826280304241574171e-01,0.000000000000000000e+00,1.266680572697488905e-01,5.190182239925903440e-01,4.984000152620903235e-01,5.080019687448344978e-01,4.690689769792986130e-01,0.000000000000000000e+00,4.338292747847259934e-01
