0.000000000000000000e+00,3.884837839587189090e-01,0.000000000000000000e+00,0.000000000000000000e+00,0.000000000000000000e+00,4.531029852729476226e-01,0.000000000000000000e+00,5.080490059132189984e-01,0.000000000000000000e+00,4.382422462305449740e-01,0.000000000000000000e+00,4.043297130087549762e-01,5.284158795333595560e-01,0.000000000000000000e+00,3.893366368245825826e-01,3.973128893543105833e-01,4.083340842420091765e-01,3.731670255703707917e-01,0.000000000000000000e+00,4.281839419556955906e-01,4.291568857260140146e-01,4.074603237617892004e-01,4.517746135387136208e-01,4.005776347818778005e-01,3.626570924646250749e-01,3.719404011553114064e-01,4.318380591886515907e-01,4.799323515785223204e-01,4.539591802527350173e-01,0.000000000000000000e+00,3.695303895145826134e-01,4.361695419820014741e-01,3.168845317647965842e-01,3.814324355497041852e-01,4.521273550620927839e-01,0.000000000000000000e+00,0.000000000000000000e+00,0.000000000000000000e+00,4.450244001690896178e-01,3.951073937992019003e-01,4.344175755555559904e-01,0.000000000000000000e+00,0.000000000000000000e+00,0.000000000000000000e+00,0.000000000000000000e+00,4.219842540135104736e-01,4.442684156218560942e-01,0.000000000000000000e+00,0.000000000000000000e+00,0.000000000000000000e+00,0.000000000000000000e+00,0.000000000000000000e+00,0.000000000000000000e+00,0.000000000000000000e+00,0.000000000000000000e+00,0.000000000000000000e+00,0.000000000000000000e+00,0.000000000000000000e+00,0.000000000000000000e+00,0.000000000000000000e+00,4.539231211919548814e-01,0.000000000000000000e+00,4.243475137996349233e-01,0.000000000000000000e+00,0.000000000000000000e+00,4.667641553731293191e-01,4.468816283063447026e-01,0.000000000000000000e+00,0.000000000000000000e+00,4.182999118264605909e-01,4.487900642774951265e-01,0.000000000000000000e+00,0.000000000000000000e+00,0.000000000000000000e+00,0.000000000000000000e+00,4.347045257421766062e-01
3.884837839587189090e-01,0.000000000000000000e+00,0.000000000000000000e+00,0.000000000000000000e+00,4.160479559363122193e-01,3.999469308865357120e-01,4.325874548324584179e-01,4.550908138288403126e-01,3.928721687246424232e-01,0.000000000000000000e+00,0.000000000000000000e+00,0.000000000000000000e+00,4.519485832013763194e-01,0.000000000000000000e+00,4.237024057462452920e-01,4.067227646623310933e-01,0.000000000000000000e+00,3.899236080135302096e-01,0.000000000000000000e+00,3.978795443899615925e-01,3.933510258148161243e-01,3.880462802838868797e-01,4.039884249709775887e-01,0.000000000000000000e+00,3.716036045280469158e-01,3.942272696299201074e-01,3.895891574268484092e-01,4.356598282392025179e-01,4.095284205774034070e-01,0.000000000000000000e+00,3.687982624670176901e-01,4.411763129084353974e-01,3.440265039955340831e-01,3.849872052135550060e-01,4.560394532046985749e-01,0.000000000000000000e+00,0.000000000000000000e+00,0.000000000000000000e+00,4.628877982082589826e-01,4.274799649969928117e-01,4.435293374327233251e-01,4.702567808818730044e-01,0.000000000000000000e+00,0.000000000000000000e+00,0.000000000000000000e+00,4.513292357178336767e-01,4.386846511640096202e-01,0.000000000000000000e+00,0.000000000000000000e+00,0.000000000000000000e+00,4.914258608807541839e-01,0.000000000000000000e+00,0.000000000000000000e+00,0.000000000000000000e+00,0.000000000000000000e+00,0.000000000000000000e+00,0.000000000000000000e+00,0.000000000000000000e+00,0.000000000000000000e+00,4.802054340617222250e-01,4.613755696946997276e-01,0.000000000000000000e+00,4.334412601376971819e-01,0.000000000000000000e+00,4.438298625386464247e-01,4.708990292318889215e-01,4.817260985514189020e-01,4.586692606953828855e-01,0.000000000000000000e+00,4.179655665583225099e-01,4.680611540246790159e-01,4.706801675840949217e-01,0.000000000000000000e+00,4.690658085851340253e-01,0.000000000000000000e+00,4.280201893018729109e-01
0.000000000000000000e+00,0.000000000000000000e+00,0.000000000000000000e+00,3.783104540386434955e-01,3.788279079131497973e-01,3.765446661162293873e-01,3.966052281922244904e-01,4.334122454398449120e-01,2.629498720259367817e-01,3.858741824511993102e-01,2.865276098098279989e-01,1.446661517501139915e-01,4.060770183749282114e-01,4.103569069594921181e-01,0.000000000000000000e+00,0.000000000000000000e+00,0.000000000000000000e+00,0.000000000000000000e+00,2.906737472006722944e-01,0.000000000000000000e+00,0.000000000000000000e+00,0.000000000000000000e+00,3.354564137238318922e-01,0.000000000000000000e+00,0.000000000000000000e+00,0.000000000000000000e+00,3.030420106873422115e-01,4.074680524210598231e-01,0.000000000000000000e+00,0.000000000000000000e+00,4.141318576978110788e-01,4.004247049260155067e-01,0.000000000000000000e+00,4.205709692252951881e-01,4.292672387833992853e-01,4.109624741508600132e-01,3.853525077408380128e-01,0.000000000000000000e+00,1.477498084837118031e-01,0.000000000000000000e+00,1.357753081291697972e-01,0.000000000000000000e+00,4.839654405132216008e-01,0.000000000000000000e+00,0.000000000000000000e+00,0.000000000000000000e+00,0.000000000000000000e+00,3.270429886430515909e-01,0.000000000000000000e+00,5.154107599871708967e-01,4.688966867781224068e-01,5.399167337772171615e-01,5.166080883738035645e-01,4.849990567369852901e-01,0.000000000000000000e+00,3.752132142943374049e-01,0.000000000000000000e+00,5.503089599076117500e-01,4.863474996738201273e-01,0.000000000000000000e+00,0.000000000000000000e+00,0.000000000000000000e+00,0.000000000000000000e+00,2.707407809700509982e-01,0.000000000000000000e+00,0.000000000000000000e+00,0.000000000000000000e+00,4.828334347286311057e-01,0.000000000000000000e+00,0.000000000000000000e+00,0.000000000000000000e+00,5.091498600022151821e-01,1.895566312354675098e-01,0.000000000000000000e+00,0.000000000000000000e+00,0.000000000000000000e+00
0.000000000000000000e+00,0.000000000000000000e+00,3.783104540386434955e-01,0.000000000000000000e+00,2.644290753492594126e-01,3.534578098901631216e-01,3.024150509702097089e-01,0.000000000000000000e+00,3.717791363635276070e-01,2.461925179281937992e-01,3.486836967638036189e-01,0.000000000000000000e+00,2.955011078131182245e-01,2.857923673299851974e-01,0.000000000000000000e+00,0.000000000000000000e+00,0.000000000000000000e+00,0.000000000000000000e+00,0.000000000000000000e+00,0.000000000000000000e+00,0.000000000000000000e+00,0.000000000000000000e+00,3.863634047823428230e-01,0.000000000000000000e+00,0.000000000000000000e+00,0.000000000000000000e+00,3.673988731484885140e-01,2.540450651697037099e-01,0.000000000000000000e+00,0.000000000000000000e+00,2.973352396680926102e-01,2.674045870175374984e-01,0.000000000000000000e+00,2.529523675758955092e-01,2.327759658129870957e-01,1.902235042129918063e-01,1.747964152866355036e-01,0.000000000000000000e+00,0.000000000000000000e+00,0.000000000000000000e+00,0.000000000000000000e+00,0.000000000000000000e+00,0.000000000000000000e+00,0.000000000000000000e+00,0.000000000000000000e+00,0.000000000000000000e+00,0.000000000000000000e+00,0.000000000000000000e+00,0.000000000000000000e+00,0.000000000000000000e+00,0.000000000000000000e+00,0.000000000000000000e+00,0.000000000000000000e+00,0.000000000000000000e+00,0.000000000000000000e+00,0.000000000000000000e+00,0.000000000000000000e+00,0.000000000000000000e+00,0.000000000000000000e+00,0.000000000000000000e+00,0.000000000000000000e+00,0.000000000000000000e+00,0.000000000000000000e+00,0.000000000000000000e+00,0.000000000000000000e+00,0.000000000000000000e+00,0.000000000000000000e+00,0.000000000000000000e+00,0.000000000000000000e+00,0.000000000000000000e+00,0.000000000000000000e+00,0.000000000000000000e+00,0.000000000000000000e+00,0.000000000000000000e+00,0.000000000000000000e+00,0.000000000000000000e+00
0.000000000000000000e+00,4.160479559363122193e-01,3.788279079131497973e-01,2.644290753492594126e-01,0.000000000000000000e+00,3.630158866392446115e-01,3.279863559148963881e-01,3.689274413516203110e-01,3.373771464108474838e-01,4.219831904894181251e-01,3.242063749431303155e-01,4.010344978307668895e-01,3.406147318859307771e-01,2.587030089666513821e-01,0.000000000000000000e+00,4.484374114956101165e-01,0.000000000000000000e+00,0.000000000000000000e+00,3.373506478371692818e-01,3.617649086644629253e-01,0.000000000000000000e+00,4.139809157751784818e-01,3.738775220283089840e-01,0.000000000000000000e+00,4.354427150099752786e-01,4.627005461433142952e-01,3.755854322857020144e-01,3.456195585295542272e-01,3.730963876073278840e-01,0.000000000000000000e+00,4.005728682650315231e-01,3.707095110350410727e-01,3.635448379969006827e-01,4.018384591253866267e-01,3.613990145024583156e-01,2.089657371499547001e-01,3.724486736779775153e-01,3.838192121578641869e-01,1.449016219380533932e-01,0.000000000000000000e+00,0.000000000000000000e+00,0.000000000000000000e+00,4.044117691381124979e-01,0.000000000000000000e+00,0.000000000000000000e+00,0.000000000000000000e+00,0.000000000000000000e+00,5.180791452883303227e-01,0.000000000000000000e+00,5.569725867329179403e-01,5.140466918646794392e-01,0.000000000000000000e+00,4.753561064515217094e-01,5.111735305678024588e-01,0.000000000000000000e+00,4.348586005764429885e-01,0.000000000000000000e+00,0.000000000000000000e+00,0.000000000000000000e+00,0.000000000000000000e+00,0.000000000000000000e+00,0.000000000000000000e+00,0.000000000000000000e+00,4.864054412055072163e-01,0.000000000000000000e+00,0.000000000000000000e+00,0.000000000000000000e+00,5.032446769806823150e-01,0.000000000000000000e+00,0.000000000000000000e+00,0.000000000000000000e+00,4.939133835977204123e-01,0.000000000000000000e+00,0.000000000000000000e+00,0.000000000000000000e+00,0.000000000000000000e+00
4.531029852729476226e-01,3.999469308865357120e-01,3.765446661162293873e-01,3.534578098901631216e-01,3.630158866392446115e-01,0.000000000000000000e+00,3.908311243887556130e-01,4.058502127496347867e-01,2.983231654177044834e-01,4.158948886736624773e-01,3.776978714857909258e-01,1.587953379915570951e-01,3.812715924396721245e-01,4.049423675254730792e-01,4.132124790262692859e-01,4.359149708278385882e-01,1.577053824631629020e-01,4.239860317700885894e-01,3.610488171200701979e-01,3.838636961084689880e-01,4.151686958110420989e-01,4.101178325102711186e-01,3.777587148376770898e-01,0.000000000000000000e+00,4.044548466192079972e-01,4.085550066995292107e-01,3.503467468523451256e-01,3.583374815262300728e-01,3.080189943188432200e-01,3.988224560070787184e-01,4.176186974988225220e-01,4.261268484501076204e-01,3.749293494111610170e-01,4.278143136475535124e-01,4.569628805519381776e-01,3.968835813560330217e-01,3.918511123595957990e-01,1.323406039125313016e-01,4.786018340774156887e-01,0.000000000000000000e+00,4.995470751133374021e-01,5.345312106456822088e-01,4.700124218885364247e-01,0.000000000000000000e+00,0.000000000000000000e+00,0.000000000000000000e+00,1.837371231652606962e-01,5.186965556926443899e-01,0.000000000000000000e+00,5.473476479038795750e-01,4.908328947615874793e-01,5.145910568959533027e-01,4.793070828577383757e-01,5.059640544205517010e-01,0.000000000000000000e+00,4.997776037746873845e-01,0.000000000000000000e+00,5.135147057008877525e-01,0.000000000000000000e+00,1.403968170182710029e-01,0.000000000000000000e+00,0.000000000000000000e+00,0.000000000000000000e+00,4.890308943376373008e-01,4.885960843695907885e-01,5.024069950240187543e-01,1.635458232680565005e-01,5.066000783853119582e-01,0.000000000000000000e+00,0.000000000000000000e+00,1.638433464803079054e-01,4.957135138996979773e-01,4.994293302797663814e-01,4.797228775833741743e-01,5.455520440702353868e-01,5.046751748884584776e-01
0.000000000000000000e+00,4.325874548324584179e-01,3.966052281922244904e-01,3.024150509702097089e-01,3.279863559148963881e-01,3.908311243887556130e-01,0.000000000000000000e+00,3.977207716442255903e-01,3.555135955580859819e-01,4.088872663994529977e-01,3.746007070486622736e-01,3.873304846904224163e-01,3.292531196296463181e-01,3.223622624797273795e-01,0.000000000000000000e+00,4.682524422200232128e-01,4.198556666010512806e-01,4.547287107387695815e-01,3.723771212981166756e-01,4.291860744175952092e-01,0.000000000000000000e+00,4.536520976516980053e-01,4.046811300232076025e-01,3.563964620021021767e-01,4.282381300694667048e-01,4.277457309981276823e-01,4.027644769662651059e-01,3.802676138640829762e-01,4.215104091461377989e-01,0.000000000000000000e+00,4.000845784473995859e-01,3.579589669631694226e-01,0.000000000000000000e+00,4.114733296262365059e-01,3.647650082700280016e-01,3.002444490829606072e-01,3.341768520550926214e-01,4.201487678308910012e-01,1.841832463700056044e-01,0.000000000000000000e+00,1.637731516271186127e-01,0.000000000000000000e+00,4.508364869151665899e-01,0.000000000000000000e+00,0.000000000000000000e+00,0.000000000000000000e+00,0.000000000000000000e+00,5.801888329118720655e-01,0.000000000000000000e+00,0.000000000000000000e+00,5.144609168095057861e-01,0.000000000000000000e+00,5.279748334466396464e-01,1.754326870027249075e-01,0.000000000000000000e+00,5.438278090193768843e-01,0.000000000000000000e+00,0.000000000000000000e+00,0.000000000000000000e+00,0.000000000000000000e+00,0.000000000000000000e+00,0.000000000000000000e+00,0.000000000000000000e+00,1.420735728466518133e-01,0.000000000000000000e+00,0.000000000000000000e+00,0.000000000000000000e+00,5.000751118279787022e-01,0.000000000000000000e+00,0.000000000000000000e+00,0.000000000000000000e+00,4.969487852765960834e-01,0.000000000000000000e+00,0.000000000000000000e+00,0.000000000000000000e+00,0.000000000000000000e+00
5.080490059132189984e-01,4.550908138288403126e-01,4.334122454398449120e-01,0.000000000000000000e+00,3.689274413516203110e-01,4.058502127496347867e-01,3.977207716442255903e-01,0.000000000000000000e+00,4.167434234487650269e-01,4.370267780266938740e-01,3.014798743940120818e-01,0.000000000000000000e+00,4.424824115826375137e-01,3.306475723903031794e-01,3.576128515304733968e-01,4.722154209869676156e-01,0.000000000000000000e+00,4.581439660473028974e-01,4.207096001230187787e-01,4.196978279397621248e-01,3.913009269108974064e-01,4.504370851134508746e-01,3.537133192082009825e-01,5.208515237867538117e-01,4.499013171729642213e-01,4.730564099219732865e-01,4.140612500520967076e-01,4.424641765308979235e-01,3.982325753019386183e-01,4.211891209629921029e-01,4.415680796474267256e-01,4.750413317107662903e-01,4.361169311330594933e-01,4.394591908315884088e-01,4.991712029401105255e-01,2.664030166699463131e-01,4.411787870328957029e-01,0.000000000000000000e+00,4.984577295306907851e-01,0.000000000000000000e+00,5.067010160988107970e-01,0.000000000000000000e+00,4.307002710648509813e-01,0.000000000000000000e+00,0.000000000000000000e+00,0.000000000000000000e+00,0.000000000000000000e+00,4.995990898909479783e-01,0.000000000000000000e+00,4.620854130169689267e-01,4.614641756571553066e-01,4.834409736523985202e-01,4.434296935714879817e-01,4.841340256322675950e-01,0.000000000000000000e+00,4.506724983021013209e-01,0.000000000000000000e+00,4.617773982441595870e-01,4.679100434446036849e-01,0.000000000000000000e+00,0.000000000000000000e+00,0.000000000000000000e+00,0.000000000000000000e+00,5.171934316745352422e-01,5.312255413781493685e-01,0.000000000000000000e+00,0.000000000000000000e+00,4.816196943360284144e-01,0.000000000000000000e+00,0.000000000000000000e+00,0.000000000000000000e+00,4.704459283244271095e-01,4.828585410291504898e-01,4.758217098967035819e-01,0.000000000000000000e+00,1.067701148290253060e-01
0.000000000000000000e+00,3.928721687246424232e-01,2.629498720259367817e-01,3.717791363635276070e-01,3.373771464108474838e-01,2.983231654177044834e-01,3.555135955580859819e-01,4.167434234487650269e-01,0.000000000000000000e+00,4.104759483035463896e-01,3.222899802268722191e-01,4.269282652924322741e-01,3.567200271250107746e-01,3.790844071523036263e-01,0.000000000000000000e+00,4.510277638426071767e-01,0.000000000000000000e+00,1.723180217420489102e-01,2.718496885818925124e-01,3.575772471787123097e-01,0.000000000000000000e+00,3.934962544943922946e-01,3.635196139206706145e-01,1.348241689002374066e-01,3.960058186100849920e-01,1.487972333815535952e-01,3.312885315741740944e-01,3.858993273188363049e-01,3.737339213544845218e-01,0.000000000000000000e+00,3.850183161825401212e-01,3.808687115718669136e-01,0.000000000000000000e+00,4.073650083520036214e-01,4.100099950034397089e-01,3.822484017938891920e-01,3.856285380845986821e-01,4.121710563302956043e-01,1.371550272575474128e-01,0.000000000000000000e+00,1.944270713845958065e-01,0.000000000000000000e+00,4.359842873183970013e-01,0.000000000000000000e+00,0.000000000000000000e+00,0.000000000000000000e+00,0.000000000000000000e+00,5.172261381430953708e-01,0.000000000000000000e+00,5.477258834434622914e-01,4.620917658907814918e-01,5.326165458858511670e-01,4.629833627871440260e-01,5.421741551180055962e-01,0.000000000000000000e+00,4.853032217810807070e-01,0.000000000000000000e+00,1.922170983634403085e-01,4.387423419931160140e-01,0.000000000000000000e+00,0.000000000000000000e+00,0.000000000000000000e+00,0.000000000000000000e+00,4.855572130747584092e-01,0.000000000000000000e+00,0.000000000000000000e+00,0.000000000000000000e+00,4.991475839936080905e-01,0.000000000000000000e+00,0.000000000000000000e+00,0.000000000000000000e+00,5.022199563973968051e-01,2.033127150883851098e-01,0.000000000000000000e+00,0.000000000000000000e+00,0.000000000000000000e+00
4.382422462305449740e-01,0.000000000000000000e+00,3.858741824511993102e-01,2.461925179281937992e-01,4.219831904894181251e-01,4.158948886736624773e-01,4.088872663994529977e-01,4.370267780266938740e-01,4.104759483035463896e-01,0.000000000000000000e+00,4.127034548322516816e-01,2.946785057744490954e-01,4.062913293068136089e-01,0.000000000000000000e+00,0.000000000000000000e+00,4.016880597524977725e-01,3.196520767264416918e-01,3.388030101944584094e-01,1.150716520072545962e-01,1.064357389920402991e-01,0.000000000000000000e+00,1.131478320326588932e-01,4.244557612579837880e-01,3.088988844239439757e-01,3.158067240592795089e-01,3.319829832885793919e-01,4.310844004354387193e-01,3.828313787282590086e-01,4.929178996736057750e-01,0.000000000000000000e+00,3.162855239672580088e-01,3.738305199718162108e-01,3.328508680295236832e-01,3.480275011794333184e-01,3.189839414041634735e-01,2.808643185332745928e-01,2.907882726124468853e-01,2.878697781186658200e-01,3.861424044190961968e-01,3.536041092093392124e-01,3.568384541966587165e-01,3.694114163371106097e-01,0.000000000000000000e+00,0.000000000000000000e+00,2.855320684003990750e-01,4.400704082474399814e-01,0.000000000000000000e+00,0.000000000000000000e+00,0.000000000000000000e+00,0.000000000000000000e+00,0.000000000000000000e+00,0.000000000000000000e+00,0.000000000000000000e+00,0.000000000000000000e+00,4.019673667798286942e-01,0.000000000000000000e+00,4.061281692097528095e-01,0.000000000000000000e+00,0.000000000000000000e+00,0.000000000000000000e+00,0.000000000000000000e+00,4.233261509570389047e-01,4.150386333935299210e-01,0.000000000000000000e+00,0.000000000000000000e+00,0.000000000000000000e+00,0.000000000000000000e+00,0.000000000000000000e+00,4.063484226245895892e-01,4.361950752159953204e-01,4.378839985361934750e-01,0.000000000000000000e+00,0.000000000000000000e+00,0.000000000000000000e+00,0.000000000000000000e+00,3.935689095402797877e-01
0.000000000000000000e+00,0.000000000000000000e+00,2.865276098098279989e-01,3.486836967638036189e-01,3.242063749431303155e-01,3.776978714857909258e-01,3.746007070486622736e-01,3.014798743940120818e-01,3.222899802268722191e-01,4.127034548322516816e-01,0.000000000000000000e+00,3.998669449313380087e-01,3.771761121463653166e-01,2.836003372234783826e-01,0.000000000000000000e+00,0.000000000000000000e+00,5.048624916340170854e-01,0.000000000000000000e+00,2.528031829778147888e-01,0.000000000000000000e+00,0.000000000000000000e+00,0.000000000000000000e+00,3.478305928583722006e-01,4.086590360798338928e-01,0.000000000000000000e+00,6.843023533201215702e-01,3.637515655899081213e-01,3.700255905216037200e-01,0.000000000000000000e+00,0.000000000000000000e+00,3.880697524125973907e-01,3.883509178066231193e-01,0.000000000000000000e+00,4.081473417866028908e-01,3.781692378835767032e-01,2.842467433107416230e-01,3.810343759630372973e-01,3.975353196323854754e-01,0.000000000000000000e+00,0.000000000000000000e+00,0.000000000000000000e+00,0.000000000000000000e+00,4.117458247498351209e-01,0.000000000000000000e+00,0.000000000000000000e+00,0.000000000000000000e+00,0.000000000000000000e+00,4.617827538860563852e-01,0.000000000000000000e+00,4.206991830475730887e-01,4.316135351866891012e-01,4.472804847662872896e-01,4.089996782830515043e-01,4.680928747738252182e-01,0.000000000000000000e+00,3.087825322317145904e-01,0.000000000000000000e+00,1.411573169783089110e-01,4.062177809384502902e-01,0.000000000000000000e+00,0.000000000000000000e+00,0.000000000000000000e+00,0.000000000000000000e+00,3.275198477150585985e-01,0.000000000000000000e+00,0.000000000000000000e+00,0.000000000000000000e+00,4.960461215475400754e-01,0.000000000000000000e+00,0.000000000000000000e+00,0.000000000000000000e+00,4.529717778046433163e-01,1.700380183479761886e-01,0.000000000000000000e+00,0.000000000000000000e+00,0.000000000000000000e+00
4.043297130087549762e-01,0.000000000000000000e+00,1.446661517501139915e-01,0.000000000000000000e+00,4.010344978307668895e-01,1.587953379915570951e-01,3.873304846904224163e-01,0.000000000000000000e+00,4.269282652924322741e-01,2.946785057744490954e-01,3.998669449313380087e-01,0.000000000000000000e+00,3.760924541161548840e-01,0.000000000000000000e+00,0.000000000000000000e+00,0.000000000000000000e+00,3.611615880983539140e-01,3.743362010916774230e-01,1.541655912504223125e-01,0.000000000000000000e+00,5.036054927486747212e-01,0.000000000000000000e+00,1.457153629566030062e-01,2.866949220233254159e-01,3.462950039295755178e-01,3.239972509528384892e-01,1.478126499661331916e-01,3.737655350026922729e-01,0.000000000000000000e+00,0.000000000000000000e+00,3.419851217735475069e-01,3.007365370293674234e-01,2.802745700459631228e-01,2.855783020946371931e-01,3.157904626704496898e-01,3.014458882964158870e-01,3.081479461253747165e-01,2.303611123049570109e-01,4.236544368493094792e-01,3.945653969283198781e-01,4.143522238176658989e-01,0.000000000000000000e+00,0.000000000000000000e+00,0.000000000000000000e+00,3.307002475605418934e-01,0.000000000000000000e+00,0.000000000000000000e+00,0.000000000000000000e+00,0.000000000000000000e+00,0.000000000000000000e+00,0.000000000000000000e+00,0.000000000000000000e+00,0.000000000000000000e+00,0.000000000000000000e+00,4.194439836670723065e-01,0.000000000000000000e+00,4.117458376438670742e-01,0.000000000000000000e+00,0.000000000000000000e+00,0.000000000000000000e+00,0.000000000000000000e+00,4.213675116777683138e-01,4.253316927338169906e-01,0.000000000000000000e+00,0.000000000000000000e+00,0.000000000000000000e+00,0.000000000000000000e+00,0.000000000000000000e+00,4.085876507322571127e-01,4.358702625379702877e-01,4.424960894310093762e-01,0.000000000000000000e+00,0.000000000000000000e+00,0.000000000000000000e+00,0.000000000000000000e+00,4.328506711116393846e-01
5.284158795333595560e-01,4.519485832013763194e-01,4.060770183749282114e-01,2.955011078131182245e-01,3.406147318859307771e-01,3.812715924396721245e-01,3.292531196296463181e-01,4.424824115826375137e-01,3.567200271250107746e-01,4.062913293068136089e-01,3.771761121463653166e-01,3.760924541161548840e-01,0.000000000000000000e+00,3.420435160235882899e-01,4.372957513495286941e-01,4.714529725851138164e-01,4.183485493025453916e-01,4.487043522798950801e-01,3.762792137244255763e-01,4.356806541174593761e-01,4.554090757197408745e-01,4.641655298678779018e-01,4.197272402365990751e-01,3.946786974242093016e-01,4.346035257335690849e-01,4.395758114368565894e-01,4.149034839378578088e-01,3.215774599234446085e-01,4.096938858124916094e-01,3.228235781906180213e-01,3.793474941632972164e-01,3.594971284253660748e-01,3.570813681445810239e-01,3.954216657849298211e-01,3.703317277919292994e-01,2.986315747983724900e-01,3.173385175878666864e-01,3.590363103831387126e-01,5.036325509734446149e-01,0.000000000000000000e+00,1.616459001673085927e-01,1.298068953631462130e-01,4.448715890040260135e-01,0.000000000000000000e+00,0.000000000000000000e+00,0.000000000000000000e+00,0.000000000000000000e+00,5.635101097545041071e-01,0.000000000000000000e+00,0.000000000000000000e+00,5.104357714552687497e-01,2.127971987323727110e-01,5.029942522041298547e-01,0.000000000000000000e+00,0.000000000000000000e+00,5.423682531314910626e-01,0.000000000000000000e+00,0.000000000000000000e+00,0.000000000000000000e+00,1.660466628282462886e-01,0.000000000000000000e+00,0.000000000000000000e+00,0.000000000000000000e+00,0.000000000000000000e+00,5.638583018236361655e-01,0.000000000000000000e+00,2.033799240140601039e-01,5.125346994278163759e-01,0.000000000000000000e+00,1.644983550037110998e-01,1.881866019945158952e-01,5.012977111472088909e-01,0.000000000000000000e+00,1.527447692022222137e-01,0.000000000000000000e+00,0.000000000000000000e+00
0.000000000000000000e+00,0.000000000000000000e+00,4.103569069594921181e-01,2.857923673299851974e-01,2.587030089666513821e-01,4.049423675254730792e-01,3.223622624797273795e-01,3.306475723903031794e-01,3.790844071523036263e-01,0.000000000000000000e+00,2.836003372234783826e-01,0.000000000000000000e+00,3.420435160235882899e-01,0.000000000000000000e+00,0.000000000000000000e+00,0.000000000000000000e+00,0.000000000000000000e+00,0.000000000000000000e+00,3.995979785823995933e-01,0.000000000000000000e+00,4.533375390905334812e-01,0.000000000000000000e+00,3.702182185629873112e-01,0.000000000000000000e+00,0.000000000000000000e+00,0.000000000000000000e+00,4.111968180756981894e-01,3.730588820454647236e-01,0.000000000000000000e+00,0.000000000000000000e+00,3.398458381874915890e-01,2.821343508863706773e-01,0.000000000000000000e+00,3.774705090512039951e-01,0.000000000000000000e+00,2.303515056572617015e-01,1.775582414872678982e-01,0.000000000000000000e+00,0.000000000000000000e+00,0.000000000000000000e+00,0.000000000000000000e+00,0.000000000000000000e+00,3.330065971385847146e-01,0.000000000000000000e+00,0.000000000000000000e+00,0.000000000000000000e+00,0.000000000000000000e+00,4.768958846268641083e-01,0.000000000000000000e+00,0.000000000000000000e+00,0.000000000000000000e+00,0.000000000000000000e+00,0.000000000000000000e+00,4.432334058252599962e-01,0.000000000000000000e+00,4.119545550172674098e-01,0.000000000000000000e+00,0.000000000000000000e+00,0.000000000000000000e+00,0.000000000000000000e+00,0.000000000000000000e+00,0.000000000000000000e+00,0.000000000000000000e+00,0.000000000000000000e+00,0.000000000000000000e+00,0.000000000000000000e+00,0.000000000000000000e+00,4.508384714161772777e-01,0.000000000000000000e+00,0.000000000000000000e+00,0.000000000000000000e+00,0.000000000000000000e+00,0.000000000000000000e+00,0.000000000000000000e+00,0.000000000000000000e+00,0.000000000000000000e+00
3.893366368245825826e-01,4.237024057462452920e-01,0.000000000000000000e+00,0.000000000000000000e+00,0.000000000000000000e+00,4.132124790262692859e-01,0.000000000000000000e+00,3.576128515304733968e-01,0.000000000000000000e+00,0.000000000000000000e+00,0.000000000000000000e+00,0.000000000000000000e+00,4.372957513495286941e-01,0.000000000000000000e+00,0.000000000000000000e+00,4.582813624967421728e-01,0.000000000000000000e+00,4.319507158558035798e-01,0.000000000000000000e+00,3.424098997162162150e-01,3.761961140834597095e-01,3.625738194897544231e-01,3.291579471767985265e-01,0.000000000000000000e+00,4.088927412150618057e-01,3.763451564138948213e-01,3.935075738842109261e-01,4.250364964993155192e-01,3.969257938203999969e-01,0.000000000000000000e+00,4.362106428543869874e-01,4.630119490834347928e-01,3.861297356339575271e-01,4.667960566358330121e-01,5.309250273238030893e-01,4.763516279528776098e-01,0.000000000000000000e+00,0.000000000000000000e+00,4.865335812047565933e-01,4.458794450298484979e-01,4.924006422679360062e-01,5.271188431215129144e-01,0.000000000000000000e+00,0.000000000000000000e+00,0.000000000000000000e+00,0.000000000000000000e+00,4.864400325503647204e-01,0.000000000000000000e+00,0.000000000000000000e+00,0.000000000000000000e+00,4.819385804224857739e-01,0.000000000000000000e+00,0.000000000000000000e+00,0.000000000000000000e+00,0.000000000000000000e+00,0.000000000000000000e+00,0.000000000000000000e+00,1.182723303665556003e-01,0.000000000000000000e+00,3.579692099617445833e-01,5.148283729090049610e-01,0.000000000000000000e+00,0.000000000000000000e+00,0.000000000000000000e+00,4.706252685569072836e-01,5.077985612470763410e-01,5.074179741695624690e-01,4.737369915712740243e-01,0.000000000000000000e+00,1.582739178132742119e-01,5.233548547672596252e-01,4.805781033355269738e-01,4.628971844850651163e-01,4.825361660451986112e-01,0.000000000000000000e+00,4.872830193283856914e-01
3.973128893543105833e-01,4.067227646623310933e-01,0.000000000000000000e+00,0.000000000000000000e+00,4.484374114956101165e-01,4.359149708278385882e-01,4.682524422200232128e-01,4.722154209869676156e-01,4.510277638426071767e-01,4.016880597524977725e-01,0.000000000000000000e+00,0.000000000000000000e+00,4.714529725851138164e-01,0.000000000000000000e+00,4.582813624967421728e-01,0.000000000000000000e+00,3.896286657397612929e-01,3.474347033050836919e-01,0.000000000000000000e+00,4.373705564876008145e-01,4.164491391640610107e-01,4.188739462135606106e-01,4.197288283932091857e-01,3.882999918694833852e-01,4.070582016032215922e-01,4.169117131833727230e-01,4.397946163535724762e-01,4.580491593976062092e-01,4.455318989385180783e-01,4.375030126492361893e-01,3.782915520297769896e-01,4.762972326343788976e-01,3.886125550512867788e-01,4.090641081542202850e-01,4.885148613943083862e-01,0.000000000000000000e+00,0.000000000000000000e+00,0.000000000000000000e+00,4.680711971589220921e-01,4.315870327503156245e-01,4.455009766003177885e-01,4.797448231932018858e-01,0.000000000000000000e+00,0.000000000000000000e+00,0.000000000000000000e+00,4.525337761368147249e-01,4.603921666833025728e-01,0.000000000000000000e+00,0.000000000000000000e+00,0.000000000000000000e+00,0.000000000000000000e+00,0.000000000000000000e+00,0.000000000000000000e+00,0.000000000000000000e+00,0.000000000000000000e+00,0.000000000000000000e+00,0.000000000000000000e+00,0.000000000000000000e+00,0.000000000000000000e+00,4.841791191247988846e-01,4.646394389041916817e-01,0.000000000000000000e+00,4.255532894557559898e-01,0.000000000000000000e+00,1.142567791173294961e-01,4.843889814269922156e-01,4.716067801583099239e-01,1.718447103613205129e-01,0.000000000000000000e+00,4.263335742630219860e-01,4.683682243126868205e-01,1.510972486137522885e-01,0.000000000000000000e+00,1.420226505012320006e-01,0.000000000000000000e+00,4.498605623541228060e-01
4.083340842420091765e-01,0.000000000000000000e+00,0.000000000000000000e+00,0.000000000000000000e+00,0.000000000000000000e+00,1.577053824631629020e-01,4.198556666010512806e-01,0.000000000000000000e+00,0.000000000000000000e+00,3.196520767264416918e-01,5.048624916340170854e-01,3.611615880983539140e-01,4.183485493025453916e-01,0.000000000000000000e+00,0.000000000000000000e+00,3.896286657397612929e-01,0.000000000000000000e+00,3.190475260092481835e-01,0.000000000000000000e+00,4.462157997839286128e-01,0.000000000000000000e+00,4.259886178953347091e-01,0.000000000000000000e+00,3.262617030358763159e-01,3.213884430527534919e-01,3.499692065677046937e-01,0.000000000000000000e+00,3.998239535645560228e-01,1.054474693937562935e-01,0.000000000000000000e+00,3.529333210094555140e-01,4.534005320051153198e-01,3.541745033206540882e-01,3.949418747762126758e-01,4.069460352951776994e-01,0.000000000000000000e+00,0.000000000000000000e+00,3.647483033250937812e-01,0.000000000000000000e+00,4.267373323381711825e-01,0.000000000000000000e+00,0.000000000000000000e+00,0.000000000000000000e+00,0.000000000000000000e+00,0.000000000000000000e+00,0.000000000000000000e+00,0.000000000000000000e+00,0.000000000000000000e+00,0.000000000000000000e+00,0.000000000000000000e+00,0.000000000000000000e+00,0.000000000000000000e+00,0.000000000000000000e+00,0.000000000000000000e+00,4.407781911037744194e-01,0.000000000000000000e+00,4.361736343245786185e-01,0.000000000000000000e+00,0.000000000000000000e+00,0.000000000000000000e+00,0.000000000000000000e+00,4.218069370653177996e-01,4.286911398281612051e-01,0.000000000000000000e+00,0.000000000000000000e+00,0.000000000000000000e+00,0.000000000000000000e+00,0.000000000000000000e+00,4.395969662019337809e-01,4.364025549737419740e-01,4.460555907778495088e-01,0.000000000000000000e+00,0.000000000000000000e+00,0.000000000000000000e+00,0.000000000000000000e+00,0.000000000000000000e+00
3.731670255703707917e-01,3.899236080135302096e-01,0.000000000000000000e+00,0.000000000000000000e+00,0.000000000000000000e+00,4.239860317700885894e-01,4.547287107387695815e-01,4.581439660473028974e-01,1.723180217420489102e-01,3.388030101944584094e-01,0.000000000000000000e+00,3.743362010916774230e-01,4.487043522798950801e-01,0.000000000000000000e+00,4.319507158558035798e-01,3.474347033050836919e-01,3.190475260092481835e-01,0.000000000000000000e+00,0.000000000000000000e+00,4.310162852833370750e-01,4.072751603097882755e-01,4.208103690291443155e-01,4.235020496174868865e-01,3.265395195577566190e-01,3.430906431784342958e-01,3.806146753552180906e-01,4.248074936406769919e-01,4.436439281496741827e-01,4.297840819778244725e-01,4.518516440482325813e-01,3.724929968639812961e-01,4.387437859346274838e-01,3.463299190586188736e-01,3.897407591947070760e-01,4.219752998098011965e-01,0.000000000000000000e+00,0.000000000000000000e+00,0.000000000000000000e+00,4.354480698382985904e-01,4.022166466074365010e-01,4.199468138847484155e-01,4.353552445414662908e-01,0.000000000000000000e+00,0.000000000000000000e+00,0.000000000000000000e+00,4.226688489002274896e-01,4.397337227099530899e-01,0.000000000000000000e+00,0.000000000000000000e+00,0.000000000000000000e+00,0.000000000000000000e+00,0.000000000000000000e+00,0.000000000000000000e+00,0.000000000000000000e+00,4.171939364057484778e-01,0.000000000000000000e+00,4.326567669496190760e-01,0.000000000000000000e+00,0.000000000000000000e+00,0.000000000000000000e+00,4.381516068761194815e-01,4.077060271099980926e-01,4.169461164362998074e-01,0.000000000000000000e+00,0.000000000000000000e+00,0.000000000000000000e+00,4.525662234325197875e-01,0.000000000000000000e+00,4.134446990328364269e-01,4.165484795944989771e-01,4.350200597681436188e-01,0.000000000000000000e+00,0.000000000000000000e+00,0.000000000000000000e+00,0.000000000000000000e+00,4.327551471434963881e-01
0.000000000000000000e+00,0.000000000000000000e+00,2.906737472006722944e-01,0.000000000000000000e+00,3.373506478371692818e-01,3.610488171200701979e-01,3.723771212981166756e-01,4.207096001230187787e-01,2.718496885818925124e-01,1.150716520072545962e-01,2.528031829778147888e-01,1.541655912504223125e-01,3.762792137244255763e-01,3.995979785823995933e-01,0.000000000000000000e+00,0.000000000000000000e+00,0.000000000000000000e+00,0.000000000000000000e+00,0.000000000000000000e+00,0.000000000000000000e+00,0.000000000000000000e+00,0.000000000000000000e+00,3.312675217016559093e-01,0.000000000000000000e+00,0.000000000000000000e+00,0.000000000000000000e+00,3.458235750219775251e-01,3.724324243445987226e-01,0.000000000000000000e+00,0.000000000000000000e+00,4.122438377659652931e-01,3.866140184606334240e-01,0.000000000000000000e+00,4.190291034539264103e-01,3.939397295505238095e-01,4.111452099602150856e-01,1.075275400890906979e-01,1.031902039238388052e-01,0.000000000000000000e+00,0.000000000000000000e+00,0.000000000000000000e+00,0.000000000000000000e+00,4.625554636097434225e-01,0.000000000000000000e+00,0.000000000000000000e+00,0.000000000000000000e+00,0.000000000000000000e+00,3.839130690148422898e-01,0.000000000000000000e+00,4.775665558285865919e-01,4.515011957590143177e-01,1.548222465146527060e-01,4.943057278354546780e-01,5.019308179903059219e-01,0.000000000000000000e+00,4.177148203728768827e-01,0.000000000000000000e+00,1.847620863620250131e-01,4.946825513059608936e-01,0.000000000000000000e+00,0.000000000000000000e+00,0.000000000000000000e+00,0.000000000000000000e+00,4.170927498600767169e-01,0.000000000000000000e+00,0.000000000000000000e+00,0.000000000000000000e+00,5.161669482442681200e-01,0.000000000000000000e+00,0.000000000000000000e+00,0.000000000000000000e+00,4.954304624844699245e-01,0.000000000000000000e+00,0.000000000000000000e+00,0.000000000000000000e+00,0.000000000000000000e+00
4.281839419556955906e-01,3.978795443899615925e-01,0.000000000000000000e+00,0.000000000000000000e+00,3.617649086644629253e-01,3.838636961084689880e-01,4.291860744175952092e-01,4.196978279397621248e-01,3.575772471787123097e-01,1.064357389920402991e-01,0.000000000000000000e+00,0.000000000000000000e+00,4.356806541174593761e-01,0.000000000000000000e+00,3.424098997162162150e-01,4.373705564876008145e-01,4.462157997839286128e-01,4.310162852833370750e-01,0.000000000000000000e+00,0.000000000000000000e+00,3.953301983330846925e-01,3.474979122542793952e-01,2.741077883431374262e-01,0.000000000000000000e+00,4.085737247678630224e-01,4.229489107311162899e-01,3.429229969025441860e-01,4.079562640338514901e-01,3.533852830193873196e-01,3.777169855523310749e-01,3.827960789700751154e-01,4.861339695937170746e-01,3.746704160420771812e-01,4.354262891792063939e-01,5.120135309590653216e-01,5.143533672584266192e-01,4.770512429963794099e-01,0.000000000000000000e+00,4.904931327074028014e-01,4.478263254820142869e-01,4.826784119180754229e-01,5.012269952501150483e-01,1.085571697441179012e-01,0.000000000000000000e+00,0.000000000000000000e+00,0.000000000000000000e+00,4.614389933075471739e-01,0.000000000000000000e+00,0.000000000000000000e+00,0.000000000000000000e+00,4.644888946656547946e-01,0.000000000000000000e+00,4.059853509125920246e-01,0.000000000000000000e+00,0.000000000000000000e+00,0.000000000000000000e+00,0.000000000000000000e+00,1.728164616310444990e-01,0.000000000000000000e+00,4.573332179733369807e-01,1.948112228092699905e-01,0.000000000000000000e+00,0.000000000000000000e+00,0.000000000000000000e+00,4.643126582106312794e-01,4.537558290103583247e-01,4.784954919232956017e-01,4.820164622394618181e-01,0.000000000000000000e+00,1.902737318307902992e-01,4.721162113285646833e-01,4.638943651236036025e-01,4.859018686630003914e-01,4.750771452735895184e-01,1.118076663368391954e-01,4.781207936191738117e-01
4.291568857260140146e-01,3.933510258148161243e-01,0.000000000000000000e+00,0.000000000000000000e+00,0.000000000000000000e+00,4.151686958110420989e-01,0.000000000000000000e+00,3.913009269108974064e-01,0.000000000000000000e+00,0.000000000000000000e+00,0.000000000000000000e+00,5.036054927486747212e-01,4.554090757197408745e-01,4.533375390905334812e-01,3.761961140834597095e-01,4.164491391640610107e-01,0.000000000000000000e+00,4.072751603097882755e-01,0.000000000000000000e+00,3.953301983330846925e-01,0.000000000000000000e+00,4.239761408632155004e-01,3.525274792916556765e-01,5.116200670178906451e-01,3.858080583751541948e-01,3.895158290478705765e-01,4.021267756758307166e-01,4.358354804027287921e-01,4.062667421816051894e-01,0.000000000000000000e+00,4.045192163415428088e-01,4.585368284225894153e-01,3.649779999160057131e-01,4.423152340923693915e-01,5.281054014210514458e-01,0.000000000000000000e+00,0.000000000000000000e+00,0.000000000000000000e+00,4.756699744757629245e-01,4.078285422083928191e-01,4.799972396951082132e-01,5.268442350654500839e-01,0.000000000000000000e+00,0.000000000000000000e+00,0.000000000000000000e+00,4.719673630452468904e-01,4.726099853398457729e-01,0.000000000000000000e+00,0.000000000000000000e+00,0.000000000000000000e+00,4.236196281322165968e-01,0.000000000000000000e+00,4.588140908768765236e-01,0.000000000000000000e+00,0.000000000000000000e+00,0.000000000000000000e+00,0.000000000000000000e+00,5.176983646520038063e-01,0.000000000000000000e+00,4.681685016391290977e-01,4.775803979985346892e-01,0.000000000000000000e+00,0.000000000000000000e+00,0.000000000000000000e+00,4.488681400101154906e-01,4.797004765844654073e-01,4.859729332138790214e-01,4.573520711702608876e-01,0.000000000000000000e+00,4.499694203673816895e-01,4.995936165109430838e-01,4.490583942782311877e-01,4.730500574351619858e-01,4.337973528679299751e-01,0.000000000000000000e+00,4.733617610458336067e-01
