0.000000000000000000e+00,3.727072664501602239e-01,0.000000000000000000e+00,0.000000000000000000e+00,0.000000000000000000e+00,4.311762546594116730e-01,0.000000000000000000e+00,5.112521140733263803e-01,0.000000000000000000e+00,4.166217360145044735e-01,0.000000000000000000e+00,0.000000000000000000e+00,1.289189709994993938e-01,0.000000000000000000e+00,4.143996967289116928e-01,3.937357554503241874e-01,3.697437367753277915e-01,3.763042925478752854e-01,0.000000000000000000e+00,4.645684348062086855e-01,4.269349536702938264e-01,3.757447429860724109e-01,4.682476182538379272e-01,3.946292769189985727e-01,3.553791509626376133e-01,3.654527911867053169e-01,4.669994834822914775e-01,0.000000000000000000e+00,4.504765475438692879e-01,0.000000000000000000e+00,3.576139353645717001e-01,4.132690948427000244e-01,3.573824982663251770e-01,3.669231196343973878e-01,4.089405253294837728e-01,0.000000000000000000e+00,0.000000000000000000e+00,0.000000000000000000e+00,4.386826478709920929e-01,3.939679291070499190e-01,4.314062694310962232e-01,0.000000000000000000e+00,0.000000000000000000e+00,0.000000000000000000e+00,0.000000000000000000e+00,4.251999736202470848e-01,4.319752103809771926e-01,0.000000000000000000e+00,0.000000000000000000e+00,0.000000000000000000e+00,0.000000000000000000e+00,0.000000000000000000e+00,0.000000000000000000e+00,0.000000000000000000e+00,0.000000000000000000e+00,0.000000000000000000e+00,0.000000000000000000e+00,0.000000000000000000e+00,0.000000000000000000e+00,0.000000000000000000e+00,4.360284840201807954e-01,0.000000000000000000e+00,4.341106161299815858e-01,0.000000000000000000e+00,0.000000000000000000e+00,0.000000000000000000e+00,4.231423739388021077e-01,0.000000000000000000e+00,0.000000000000000000e+00,4.302896273059871879e-01,4.359255451373134083e-01,0.000000000000000000e+00,0.000000000000000000e+00,0.000000000000000000e+00,0.000000000000000000e+00,4.600117735365585880e-01
3.727072664501602239e-01,0.000000000000000000e+00,0.000000000000000000e+00,0.000000000000000000e+00,4.193870399846740260e-01,4.033212150206518243e-01,4.145671147509685239e-01,4.693837251113802123e-01,3.905483903413197178e-01,0.000000000000000000e+00,0.000000000000000000e+00,0.000000000000000000e+00,4.153513016219259057e-01,0.000000000000000000e+00,4.243427212177715013e-01,3.886389549707205959e-01,0.000000000000000000e+00,3.828161045862891743e-01,0.000000000000000000e+00,4.259779905712399728e-01,3.952238854244279898e-01,3.782510547935866163e-01,4.350606320610854172e-01,0.000000000000000000e+00,3.416718295540648875e-01,3.887798325735454252e-01,4.179316639274671119e-01,4.174055978180162274e-01,4.054202360397091143e-01,0.000000000000000000e+00,3.527431782828323037e-01,3.855387184223107999e-01,3.249821529345197080e-01,3.550515000054250137e-01,3.913897719354161864e-01,0.000000000000000000e+00,0.000000000000000000e+00,0.000000000000000000e+00,4.340732230326437846e-01,4.139682953733995197e-01,4.128384437195671275e-01,4.348786600487076215e-01,0.000000000000000000e+00,0.000000000000000000e+00,0.000000000000000000e+00,4.303183131203098255e-01,4.334146267877466152e-01,0.000000000000000000e+00,0.000000000000000000e+00,0.000000000000000000e+00,4.885310172400377238e-01,0.000000000000000000e+00,0.000000000000000000e+00,0.000000000000000000e+00,0.000000000000000000e+00,0.000000000000000000e+00,0.000000000000000000e+00,0.000000000000000000e+00,0.000000000000000000e+00,4.708704643635033826e-01,4.291182857513627935e-01,0.000000000000000000e+00,4.127129008337260818e-01,0.000000000000000000e+00,4.455159539156812731e-01,4.614460579330915135e-01,4.513087954318701911e-01,1.367873555135132035e-01,0.000000000000000000e+00,4.156870978965611085e-01,4.435110631238262102e-01,4.788044734934367996e-01,0.000000000000000000e+00,4.578296815106938089e-01,0.000000000000000000e+00,4.131102101716507824e-01
0.000000000000000000e+00,0.000000000000000000e+00,0.000000000000000000e+00,4.582034934786651248e-01,3.862365581060165920e-01,4.059463469097676080e-01,4.172242319667637811e-01,4.262158788277803922e-01,3.230451680534954795e-01,5.027040572025238685e-01,3.022387760693244774e-01,1.446661517501139915e-01,4.329885541416397254e-01,3.631088953959363819e-01,0.000000000000000000e+00,0.000000000000000000e+00,0.000000000000000000e+00,0.000000000000000000e+00,2.622030505032815206e-01,0.000000000000000000e+00,0.000000000000000000e+00,0.000000000000000000e+00,3.287857392325375105e-01,0.000000000000000000e+00,0.000000000000000000e+00,0.000000000000000000e+00,3.124713461785024182e-01,4.363400762940046751e-01,0.000000000000000000e+00,0.000000000000000000e+00,4.595267247714894809e-01,4.275748368319873260e-01,0.000000000000000000e+00,4.568865198866294830e-01,4.770439749148572273e-01,3.835041792121248738e-01,4.516013753504413142e-01,0.000000000000000000e+00,5.094213547211835502e-01,0.000000000000000000e+00,1.357753081291697972e-01,0.000000000000000000e+00,5.021722036582587645e-01,0.000000000000000000e+00,0.000000000000000000e+00,0.000000000000000000e+00,0.000000000000000000e+00,3.525533039928716028e-01,0.000000000000000000e+00,5.303956720103193412e-01,5.647162264477945115e-01,5.812558675208482351e-01,5.455112240378071631e-01,5.702452953137037150e-01,0.000000000000000000e+00,3.113023978913765921e-01,0.000000000000000000e+00,1.620068532629561908e-01,5.133658753919735362e-01,0.000000000000000000e+00,0.000000000000000000e+00,0.000000000000000000e+00,0.000000000000000000e+00,2.642167695493142232e-01,0.000000000000000000e+00,0.000000000000000000e+00,0.000000000000000000e+00,5.682834379045264006e-01,0.000000000000000000e+00,0.000000000000000000e+00,0.000000000000000000e+00,5.738475346915675734e-01,1.895566312354675098e-01,0.000000000000000000e+00,0.000000000000000000e+00,0.000000000000000000e+00
0.000000000000000000e+00,0.000000000000000000e+00,4.582034934786651248e-01,0.000000000000000000e+00,2.214280623801986869e-01,3.983264818659749129e-01,2.926975337243982733e-01,4.025517683848640060e-01,4.118384624913946079e-01,2.055905328428216106e-01,3.660467013464375197e-01,3.649770899790218959e-01,3.098663469884915811e-01,3.113985499656903855e-01,0.000000000000000000e+00,0.000000000000000000e+00,0.000000000000000000e+00,0.000000000000000000e+00,4.206433257064424169e-01,0.000000000000000000e+00,0.000000000000000000e+00,0.000000000000000000e+00,3.947507035284785193e-01,0.000000000000000000e+00,0.000000000000000000e+00,0.000000000000000000e+00,4.216641921466572906e-01,2.432324536306592067e-01,0.000000000000000000e+00,0.000000000000000000e+00,3.336248657623491765e-01,2.874532854900210266e-01,0.000000000000000000e+00,2.732281177920464210e-01,3.546669665507399816e-01,2.027582873574159950e-01,1.852646134325854899e-01,0.000000000000000000e+00,0.000000000000000000e+00,0.000000000000000000e+00,0.000000000000000000e+00,0.000000000000000000e+00,0.000000000000000000e+00,0.000000000000000000e+00,0.000000000000000000e+00,0.000000000000000000e+00,0.000000000000000000e+00,0.000000000000000000e+00,0.000000000000000000e+00,0.000000000000000000e+00,0.000000000000000000e+00,0.000000000000000000e+00,0.000000000000000000e+00,0.000000000000000000e+00,0.000000000000000000e+00,0.000000000000000000e+00,0.000000000000000000e+00,0.000000000000000000e+00,0.000000000000000000e+00,0.000000000000000000e+00,0.000000000000000000e+00,0.000000000000000000e+00,0.000000000000000000e+00,0.000000000000000000e+00,0.000000000000000000e+00,0.000000000000000000e+00,0.000000000000000000e+00,0.000000000000000000e+00,0.000000000000000000e+00,0.000000000000000000e+00,0.000000000000000000e+00,0.000000000000000000e+00,0.000000000000000000e+00,0.000000000000000000e+00,0.000000000000000000e+00,0.000000000000000000e+00
0.000000000000000000e+00,4.193870399846740260e-01,3.862365581060165920e-01,2.214280623801986869e-01,0.000000000000000000e+00,3.839180978540820965e-01,3.247975970963064007e-01,4.151217359874426194e-01,3.348969916073559205e-01,4.253227494335257153e-01,3.147656328568140816e-01,4.123135117846007947e-01,3.749751366766931882e-01,2.533135208575115205e-01,0.000000000000000000e+00,4.709637585402400850e-01,0.000000000000000000e+00,0.000000000000000000e+00,3.630762264755597046e-01,3.821298040451071021e-01,0.000000000000000000e+00,4.232522558920833178e-01,4.113321510923240165e-01,0.000000000000000000e+00,1.026512181678926050e-01,4.330368433793134741e-01,3.966990008976535864e-01,3.516224288121186925e-01,4.205781169378927098e-01,0.000000000000000000e+00,4.339421023835565161e-01,3.483057302115971088e-01,3.979203130400100208e-01,4.096348424719035153e-01,3.838235116611383169e-01,1.991138676483664993e-01,2.376869438780712940e-01,4.651309404800457736e-01,4.774770739879631853e-01,0.000000000000000000e+00,0.000000000000000000e+00,0.000000000000000000e+00,4.289815648823652183e-01,0.000000000000000000e+00,0.000000000000000000e+00,0.000000000000000000e+00,0.000000000000000000e+00,5.244357537146926429e-01,0.000000000000000000e+00,1.196853085045865017e-01,5.609194030541936327e-01,0.000000000000000000e+00,4.119692760582313040e-01,5.097696580420627566e-01,0.000000000000000000e+00,4.502569266247101742e-01,0.000000000000000000e+00,0.000000000000000000e+00,0.000000000000000000e+00,0.000000000000000000e+00,0.000000000000000000e+00,0.000000000000000000e+00,0.000000000000000000e+00,4.845313911713045041e-01,0.000000000000000000e+00,0.000000000000000000e+00,0.000000000000000000e+00,5.607653380230684936e-01,0.000000000000000000e+00,0.000000000000000000e+00,0.000000000000000000e+00,5.539676925761458648e-01,0.000000000000000000e+00,0.000000000000000000e+00,0.000000000000000000e+00,0.000000000000000000e+00
4.311762546594116730e-01,4.033212150206518243e-01,4.059463469097676080e-01,3.983264818659749129e-01,3.839180978540820965e-01,0.000000000000000000e+00,4.014576053403743905e-01,4.263199994113360813e-01,3.425571812445539210e-01,4.440596130057289925e-01,3.838181652455909254e-01,4.844369392199218138e-01,3.704311472670782091e-01,4.069569949640621243e-01,4.341946988783658146e-01,4.525427308206471100e-01,1.577053824631629020e-01,4.361027826342355196e-01,3.837065659171153276e-01,4.195901138672223918e-01,4.290748121349616806e-01,4.430817853564734121e-01,4.067107248148905119e-01,0.000000000000000000e+00,3.942354810198758219e-01,4.115632089014248929e-01,3.818137462169831076e-01,3.694043321541118918e-01,3.505042350987835897e-01,4.205289873975053272e-01,4.292751171306848912e-01,4.267473440292766096e-01,4.051380345850293940e-01,4.365322723939333849e-01,4.543296901008186950e-01,4.035207251428584163e-01,4.323955378583265174e-01,1.323406039125313016e-01,5.148273612589329140e-01,0.000000000000000000e+00,5.377660986464317672e-01,1.337139184359505129e-01,5.045118126455513385e-01,0.000000000000000000e+00,0.000000000000000000e+00,0.000000000000000000e+00,1.837371231652606962e-01,5.727034830397735865e-01,0.000000000000000000e+00,5.981085188149178888e-01,5.266405436502303861e-01,5.517643679852588523e-01,5.112519364282678280e-01,5.551852287114384943e-01,0.000000000000000000e+00,5.399163848079923111e-01,0.000000000000000000e+00,5.371709343122804681e-01,0.000000000000000000e+00,5.072816672166631236e-01,0.000000000000000000e+00,0.000000000000000000e+00,0.000000000000000000e+00,5.463879671643687708e-01,4.967795898250977893e-01,0.000000000000000000e+00,5.156303275068047087e-01,5.442496308103464964e-01,0.000000000000000000e+00,0.000000000000000000e+00,1.638433464803079054e-01,5.436553263764689614e-01,5.184103839020385296e-01,5.001326208335568069e-01,5.666922534552761848e-01,5.286297135280279003e-01
0.000000000000000000e+00,4.145671147509685239e-01,4.172242319667637811e-01,2.926975337243982733e-01,3.247975970963064007e-01,4.014576053403743905e-01,0.000000000000000000e+00,4.151871335165505106e-01,3.700906644476323892e-01,4.095210604375982832e-01,4.129355464011433274e-01,3.996131608486042097e-01,3.362953270274869899e-01,3.098742033281310926e-01,0.000000000000000000e+00,4.504140818973185190e-01,4.550605174159573774e-01,4.445731911498571054e-01,4.105987908559654009e-01,4.242694274465064752e-01,0.000000000000000000e+00,4.484884906745538746e-01,4.066129288967699762e-01,4.143337508184564144e-01,4.084320136935519763e-01,4.130288792550496080e-01,4.142291513738676767e-01,3.536194363376242156e-01,4.275994604305993207e-01,0.000000000000000000e+00,4.012963160625566128e-01,3.875015427055216177e-01,3.627639350108993743e-01,3.957701731862071082e-01,3.532985461261626825e-01,2.763798750051145170e-01,3.089987729078330081e-01,3.881670473690219114e-01,1.841832463700056044e-01,0.000000000000000000e+00,1.637731516271186127e-01,0.000000000000000000e+00,1.211191185914881063e-01,0.000000000000000000e+00,0.000000000000000000e+00,0.000000000000000000e+00,0.000000000000000000e+00,6.141284790682143280e-01,0.000000000000000000e+00,0.000000000000000000e+00,1.612945990765811966e-01,0.000000000000000000e+00,1.112453970595013997e-01,1.754326870027249075e-01,0.000000000000000000e+00,1.484293345485989957e-01,0.000000000000000000e+00,0.000000000000000000e+00,0.000000000000000000e+00,0.000000000000000000e+00,0.000000000000000000e+00,0.000000000000000000e+00,0.000000000000000000e+00,1.420735728466518133e-01,0.000000000000000000e+00,0.000000000000000000e+00,0.000000000000000000e+00,5.323715731920588556e-01,0.000000000000000000e+00,0.000000000000000000e+00,0.000000000000000000e+00,5.252794816129882083e-01,0.000000000000000000e+00,0.000000000000000000e+00,0.000000000000000000e+00,0.000000000000000000e+00
5.112521140733263803e-01,4.693837251113802123e-01,4.262158788277803922e-01,4.025517683848640060e-01,4.151217359874426194e-01,4.263199994113360813e-01,4.151871335165505106e-01,0.000000000000000000e+00,4.666400618475960993e-01,0.000000000000000000e+00,2.792256565260617940e-01,0.000000000000000000e+00,4.245270241648920750e-01,3.668393557503861202e-01,3.209782314288006089e-01,4.742847749409582203e-01,0.000000000000000000e+00,4.624008322750589040e-01,3.847240311447898131e-01,4.185895553207111264e-01,4.184405565925504167e-01,4.588572424453615795e-01,3.647150949208621262e-01,5.260193371046714139e-01,4.595512928494199234e-01,4.848160037163650737e-01,4.370168057545977813e-01,4.218510207210172114e-01,3.982456423173371118e-01,4.212124177644038237e-01,4.434363735205366086e-01,3.736202898878424050e-01,0.000000000000000000e+00,4.487383833712745851e-01,4.686231952110025967e-01,2.944848898851816221e-01,3.448221107967314736e-01,0.000000000000000000e+00,4.672708514757459852e-01,0.000000000000000000e+00,5.043127254859416375e-01,0.000000000000000000e+00,4.588598677754399113e-01,0.000000000000000000e+00,0.000000000000000000e+00,0.000000000000000000e+00,0.000000000000000000e+00,5.449525421855487828e-01,0.000000000000000000e+00,5.592481569570134647e-01,4.822689351176147055e-01,5.210196192695488726e-01,4.028362621416760048e-01,5.411478297131435689e-01,0.000000000000000000e+00,4.943167933056538121e-01,0.000000000000000000e+00,4.841795250692481067e-01,4.396642342165766881e-01,0.000000000000000000e+00,0.000000000000000000e+00,0.000000000000000000e+00,0.000000000000000000e+00,5.430803820680434324e-01,5.131484760418356661e-01,4.226031303175188936e-01,0.000000000000000000e+00,4.811061572105380102e-01,0.000000000000000000e+00,0.000000000000000000e+00,0.000000000000000000e+00,4.906740864070078811e-01,4.804965714058038184e-01,4.923092152640567987e-01,0.000000000000000000e+00,5.087045418961630983e-01
0.000000000000000000e+00,3.905483903413197178e-01,3.230451680534954795e-01,4.118384624913946079e-01,3.348969916073559205e-01,3.425571812445539210e-01,3.700906644476323892e-01,4.666400618475960993e-01,0.000000000000000000e+00,4.531250879898511830e-01,3.196674417267313939e-01,4.624545830278333214e-01,3.912762250358409744e-01,4.039127875902345788e-01,0.000000000000000000e+00,4.763820308657105151e-01,0.000000000000000000e+00,1.723180217420489102e-01,2.692651501149390114e-01,4.005168867633566165e-01,0.000000000000000000e+00,4.206955093213374242e-01,4.153592266220170748e-01,1.348241689002374066e-01,4.211742298181074262e-01,4.335433210209446164e-01,3.766483425685372977e-01,4.305884550353922258e-01,4.175982495941166217e-01,4.686954137041517976e-01,4.467161171455986124e-01,4.293358581342854863e-01,4.343278437886796128e-01,4.489132432147431850e-01,4.593364787108057956e-01,4.061420154390140147e-01,4.307680506238952822e-01,4.386541815783721043e-01,5.607396528002031033e-01,0.000000000000000000e+00,1.944270713845958065e-01,0.000000000000000000e+00,5.102486375899786264e-01,0.000000000000000000e+00,0.000000000000000000e+00,0.000000000000000000e+00,0.000000000000000000e+00,5.722376893797349595e-01,0.000000000000000000e+00,5.924782849905475546e-01,5.306315766727736083e-01,5.967105446181486528e-01,5.538288659032956085e-01,5.602532863985039135e-01,0.000000000000000000e+00,5.417701425031181683e-01,0.000000000000000000e+00,1.922170983634403085e-01,5.134416417821359158e-01,0.000000000000000000e+00,0.000000000000000000e+00,0.000000000000000000e+00,0.000000000000000000e+00,5.530726478572572935e-01,0.000000000000000000e+00,0.000000000000000000e+00,0.000000000000000000e+00,5.676460315420319702e-01,0.000000000000000000e+00,0.000000000000000000e+00,0.000000000000000000e+00,5.558039241064252067e-01,5.661225616428884333e-01,0.000000000000000000e+00,0.000000000000000000e+00,0.000000000000000000e+00
4.166217360145044735e-01,0.000000000000000000e+00,5.027040572025238685e-01,2.055905328428216106e-01,4.253227494335257153e-01,4.440596130057289925e-01,4.095210604375982832e-01,0.000000000000000000e+00,4.531250879898511830e-01,0.000000000000000000e+00,4.450432140368735801e-01,2.978325774083999122e-01,4.235802670416505267e-01,0.000000000000000000e+00,0.000000000000000000e+00,3.568197684772935196e-01,3.003654489407063255e-01,3.316480324060793183e-01,4.571073649740969858e-01,1.064357389920402991e-01,0.000000000000000000e+00,1.131478320326588932e-01,4.536442397238351076e-01,3.208944206482712835e-01,3.304433846803797037e-01,3.354264441221562754e-01,4.702792692978903788e-01,3.788324772507912219e-01,5.235001074150661404e-01,0.000000000000000000e+00,3.418036533018402046e-01,3.468552406880742733e-01,3.124122086530434772e-01,3.205560802872686743e-01,3.188254685933218924e-01,2.635075049374708267e-01,2.716742657440673892e-01,2.892275645808197737e-01,0.000000000000000000e+00,3.610500655813129178e-01,3.543139100703175948e-01,0.000000000000000000e+00,0.000000000000000000e+00,0.000000000000000000e+00,3.223362598084247854e-01,0.000000000000000000e+00,0.000000000000000000e+00,0.000000000000000000e+00,0.000000000000000000e+00,0.000000000000000000e+00,0.000000000000000000e+00,0.000000000000000000e+00,0.000000000000000000e+00,0.000000000000000000e+00,4.354834439321779160e-01,0.000000000000000000e+00,4.221830328741145166e-01,0.000000000000000000e+00,0.000000000000000000e+00,0.000000000000000000e+00,0.000000000000000000e+00,4.054726106692111975e-01,3.898191269742175002e-01,0.000000000000000000e+00,0.000000000000000000e+00,0.000000000000000000e+00,0.000000000000000000e+00,0.000000000000000000e+00,4.089962707080945781e-01,4.241568092762684761e-01,4.373365746629331863e-01,0.000000000000000000e+00,4.127096886077206150e-01,0.000000000000000000e+00,0.000000000000000000e+00,4.002061912329353266e-01
0.000000000000000000e+00,0.000000000000000000e+00,3.022387760693244774e-01,3.660467013464375197e-01,3.147656328568140816e-01,3.838181652455909254e-01,4.129355464011433274e-01,2.792256565260617940e-01,3.196674417267313939e-01,4.450432140368735801e-01,0.000000000000000000e+00,4.486408266633761799e-01,4.281131667224694071e-01,2.895860322588728053e-01,0.000000000000000000e+00,0.000000000000000000e+00,1.129603659847957936e-01,0.000000000000000000e+00,2.323151691186942924e-01,0.000000000000000000e+00,0.000000000000000000e+00,0.000000000000000000e+00,2.799130421468671859e-01,4.903925939008412227e-01,0.000000000000000000e+00,1.680492079956459883e-01,3.809428848684865976e-01,4.163332047146421910e-01,0.000000000000000000e+00,0.000000000000000000e+00,4.341356914248539756e-01,3.638341300174948167e-01,4.196862573715883227e-01,4.349300505766436897e-01,4.187326491218891222e-01,2.932308926103870950e-01,4.030007610751524805e-01,4.350718462006246123e-01,4.696291609946984247e-01,0.000000000000000000e+00,0.000000000000000000e+00,0.000000000000000000e+00,4.321347984840470113e-01,0.000000000000000000e+00,0.000000000000000000e+00,0.000000000000000000e+00,0.000000000000000000e+00,2.947709868522402910e-01,0.000000000000000000e+00,4.836902677835425157e-01,4.687468400934827750e-01,5.104289360036550205e-01,4.490381028528381835e-01,4.762902773524255173e-01,0.000000000000000000e+00,2.853875219963605825e-01,0.000000000000000000e+00,1.411573169783089110e-01,4.547672812318985791e-01,0.000000000000000000e+00,0.000000000000000000e+00,0.000000000000000000e+00,0.000000000000000000e+00,2.519493280731197049e-01,0.000000000000000000e+00,0.000000000000000000e+00,0.000000000000000000e+00,5.167780818281455524e-01,0.000000000000000000e+00,0.000000000000000000e+00,0.000000000000000000e+00,5.125255992821943218e-01,1.700380183479761886e-01,0.000000000000000000e+00,0.000000000000000000e+00,0.000000000000000000e+00
0.000000000000000000e+00,0.000000000000000000e+00,1.446661517501139915e-01,3.649770899790218959e-01,4.123135117846007947e-01,4.844369392199218138e-01,3.996131608486042097e-01,0.000000000000000000e+00,4.624545830278333214e-01,2.978325774083999122e-01,4.486408266633761799e-01,0.000000000000000000e+00,4.112386047850283832e-01,0.000000000000000000e+00,0.000000000000000000e+00,0.000000000000000000e+00,3.540886321287485816e-01,3.479931764823934737e-01,1.541655912504223125e-01,0.000000000000000000e+00,0.000000000000000000e+00,0.000000000000000000e+00,1.457153629566030062e-01,2.750482253469456739e-01,3.301446005938721839e-01,3.140266039568856971e-01,1.478126499661331916e-01,3.748080082600129259e-01,0.000000000000000000e+00,0.000000000000000000e+00,3.527305053397861156e-01,2.711572035454529184e-01,2.783651416592696215e-01,2.729430643054803762e-01,3.014955888525258088e-01,0.000000000000000000e+00,3.060785824037589031e-01,2.320295873469004899e-01,2.750232617040100913e-01,3.584337212114299120e-01,3.614406714932840159e-01,0.000000000000000000e+00,0.000000000000000000e+00,0.000000000000000000e+00,3.370628259666579862e-01,0.000000000000000000e+00,0.000000000000000000e+00,0.000000000000000000e+00,0.000000000000000000e+00,0.000000000000000000e+00,0.000000000000000000e+00,0.000000000000000000e+00,0.000000000000000000e+00,0.000000000000000000e+00,4.485110639347343886e-01,0.000000000000000000e+00,4.361247295496971099e-01,0.000000000000000000e+00,0.000000000000000000e+00,0.000000000000000000e+00,0.000000000000000000e+00,4.260070583384059084e-01,3.972672214200664853e-01,0.000000000000000000e+00,0.000000000000000000e+00,0.000000000000000000e+00,0.000000000000000000e+00,0.000000000000000000e+00,4.169121956690435837e-01,4.303412849719761013e-01,4.487635293460401908e-01,0.000000000000000000e+00,4.310738690901413928e-01,0.000000000000000000e+00,0.000000000000000000e+00,4.123602679310875985e-01
1.289189709994993938e-01,4.153513016219259057e-01,4.329885541416397254e-01,3.098663469884915811e-01,3.749751366766931882e-01,3.704311472670782091e-01,3.362953270274869899e-01,4.245270241648920750e-01,3.912762250358409744e-01,4.235802670416505267e-01,4.281131667224694071e-01,4.112386047850283832e-01,0.000000000000000000e+00,3.519146387878169246e-01,4.037437954610084145e-01,4.564244510495724105e-01,4.357190727397148855e-01,4.409596469397122909e-01,4.264067037295353746e-01,4.196006984167698906e-01,4.329495507600967796e-01,4.623732224395707968e-01,4.146506737441066903e-01,4.269358978262610127e-01,4.110819361143069894e-01,4.203800434730282087e-01,4.212911685452930266e-01,3.260235144650053263e-01,3.937518512520504776e-01,3.968414360922591921e-01,4.180529923860515917e-01,4.131992189156066253e-01,3.901824162921175843e-01,4.196582775033222967e-01,4.115385736313578735e-01,3.123990270451761919e-01,3.568535291841534729e-01,3.963932185843003220e-01,4.964559727043764137e-01,0.000000000000000000e+00,1.616459001673085927e-01,1.298068953631462130e-01,4.821910359215657027e-01,0.000000000000000000e+00,0.000000000000000000e+00,0.000000000000000000e+00,0.000000000000000000e+00,1.844890917420914100e-01,0.000000000000000000e+00,0.000000000000000000e+00,5.108039653866599528e-01,2.127971987323727110e-01,4.845422544152068745e-01,0.000000000000000000e+00,0.000000000000000000e+00,1.451333181512788895e-01,4.583857385937649132e-01,0.000000000000000000e+00,0.000000000000000000e+00,1.660466628282462886e-01,0.000000000000000000e+00,0.000000000000000000e+00,0.000000000000000000e+00,0.000000000000000000e+00,1.543003688465809098e-01,0.000000000000000000e+00,2.033799240140601039e-01,5.313123493184268575e-01,0.000000000000000000e+00,1.644983550037110998e-01,1.881866019945158952e-01,5.168000953403646403e-01,0.000000000000000000e+00,1.527447692022222137e-01,0.000000000000000000e+00,0.000000000000000000e+00
0.000000000000000000e+00,0.000000000000000000e+00,3.631088953959363819e-01,3.113985499656903855e-01,2.533135208575115205e-01,4.069569949640621243e-01,3.098742033281310926e-01,3.668393557503861202e-01,4.039127875902345788e-01,0.000000000000000000e+00,2.895860322588728053e-01,0.000000000000000000e+00,3.519146387878169246e-01,0.000000000000000000e+00,0.000000000000000000e+00,0.000000000000000000e+00,0.000000000000000000e+00,0.000000000000000000e+00,3.474759532797208061e-01,0.000000000000000000e+00,4.265485044010005056e-01,0.000000000000000000e+00,3.518903951574143818e-01,0.000000000000000000e+00,0.000000000000000000e+00,0.000000000000000000e+00,4.239602386384185850e-01,2.557843945763459970e-01,0.000000000000000000e+00,0.000000000000000000e+00,3.892506772371991941e-01,2.594743183371904238e-01,0.000000000000000000e+00,3.857644035618663092e-01,0.000000000000000000e+00,2.270039909220233076e-01,2.098208783912857978e-01,0.000000000000000000e+00,3.867665387991650050e-01,0.000000000000000000e+00,0.000000000000000000e+00,0.000000000000000000e+00,4.151531871853259004e-01,0.000000000000000000e+00,0.000000000000000000e+00,0.000000000000000000e+00,0.000000000000000000e+00,5.279095752633203853e-01,0.000000000000000000e+00,0.000000000000000000e+00,0.000000000000000000e+00,0.000000000000000000e+00,0.000000000000000000e+00,5.064384268520055743e-01,0.000000000000000000e+00,4.291735399654929006e-01,0.000000000000000000e+00,0.000000000000000000e+00,0.000000000000000000e+00,0.000000000000000000e+00,0.000000000000000000e+00,0.000000000000000000e+00,0.000000000000000000e+00,0.000000000000000000e+00,0.000000000000000000e+00,0.000000000000000000e+00,0.000000000000000000e+00,4.840169027323987239e-01,0.000000000000000000e+00,0.000000000000000000e+00,0.000000000000000000e+00,0.000000000000000000e+00,0.000000000000000000e+00,0.000000000000000000e+00,0.000000000000000000e+00,0.000000000000000000e+00
4.143996967289116928e-01,4.243427212177715013e-01,0.000000000000000000e+00,0.000000000000000000e+00,0.000000000000000000e+00,4.341946988783658146e-01,0.000000000000000000e+00,3.209782314288006089e-01,0.000000000000000000e+00,0.000000000000000000e+00,0.000000000000000000e+00,0.000000000000000000e+00,4.037437954610084145e-01,0.000000000000000000e+00,0.000000000000000000e+00,4.138111450665680202e-01,0.000000000000000000e+00,4.063444404013705213e-01,0.000000000000000000e+00,3.654595291074669849e-01,4.023623708194362103e-01,4.133929566180867266e-01,4.034190517882573213e-01,4.871985148610403771e-01,3.834265573025437135e-01,4.071915385577410951e-01,4.319543924532732726e-01,3.817808366669294129e-01,3.711767048180559803e-01,0.000000000000000000e+00,4.067490196127204749e-01,4.366017531969865750e-01,4.141938124989263947e-01,4.297712001686396222e-01,4.748357230693918130e-01,4.865470198171634175e-01,0.000000000000000000e+00,0.000000000000000000e+00,5.062472518416865075e-01,5.053174505337764133e-01,5.115898986856382002e-01,5.320546699133710256e-01,0.000000000000000000e+00,0.000000000000000000e+00,0.000000000000000000e+00,0.000000000000000000e+00,5.027215545883138015e-01,0.000000000000000000e+00,0.000000000000000000e+00,0.000000000000000000e+00,4.839228370990695249e-01,0.000000000000000000e+00,4.508625148241249825e-01,0.000000000000000000e+00,0.000000000000000000e+00,0.000000000000000000e+00,0.000000000000000000e+00,6.091696492401954544e-01,0.000000000000000000e+00,5.078180316540629180e-01,5.141884683041780812e-01,0.000000000000000000e+00,0.000000000000000000e+00,0.000000000000000000e+00,5.004785801972188031e-01,4.973944834411230809e-01,5.252549028084859684e-01,4.938498787285698910e-01,0.000000000000000000e+00,1.582739178132742119e-01,5.276359591780613867e-01,5.048246968857589279e-01,5.235272736812757177e-01,4.864748039164366045e-01,0.000000000000000000e+00,5.011139408179012822e-01
3.937357554503241874e-01,3.886389549707205959e-01,0.000000000000000000e+00,0.000000000000000000e+00,4.709637585402400850e-01,4.525427308206471100e-01,4.504140818973185190e-01,4.742847749409582203e-01,4.763820308657105151e-01,3.568197684772935196e-01,0.000000000000000000e+00,0.000000000000000000e+00,4.564244510495724105e-01,0.000000000000000000e+00,4.138111450665680202e-01,0.000000000000000000e+00,3.651028940292532221e-01,3.079926021433967986e-01,0.000000000000000000e+00,4.005304607771560943e-01,4.016932752429511755e-01,3.681685460460393799e-01,4.347004841540876852e-01,3.661569692402560916e-01,3.450824017724585246e-01,4.032250266064993927e-01,4.335485761867519106e-01,4.420306230514676193e-01,4.264590064078920828e-01,4.387763772332344825e-01,3.708950006484553197e-01,4.484209303237430277e-01,4.114504018454800960e-01,3.806663968338965254e-01,4.297752416205058990e-01,0.000000000000000000e+00,0.000000000000000000e+00,0.000000000000000000e+00,4.282099768164970843e-01,4.152177953489500917e-01,4.200172228575688727e-01,4.357773202941512825e-01,0.000000000000000000e+00,0.000000000000000000e+00,0.000000000000000000e+00,4.423417298474621728e-01,4.434179330579328115e-01,0.000000000000000000e+00,0.000000000000000000e+00,0.000000000000000000e+00,0.000000000000000000e+00,0.000000000000000000e+00,0.000000000000000000e+00,0.000000000000000000e+00,0.000000000000000000e+00,0.000000000000000000e+00,0.000000000000000000e+00,0.000000000000000000e+00,0.000000000000000000e+00,4.884826066833463099e-01,4.346965553078795952e-01,0.000000000000000000e+00,4.142592156959937766e-01,0.000000000000000000e+00,4.766821949329171915e-01,4.588358382452701889e-01,4.540744055945789004e-01,1.718447103613205129e-01,0.000000000000000000e+00,4.171025098204654835e-01,4.465178033125937196e-01,1.510972486137522885e-01,0.000000000000000000e+00,5.209614093562788817e-01,0.000000000000000000e+00,4.147651187982452914e-01
3.697437367753277915e-01,0.000000000000000000e+00,0.000000000000000000e+00,0.000000000000000000e+00,0.000000000000000000e+00,1.577053824631629020e-01,4.550605174159573774e-01,0.000000000000000000e+00,0.000000000000000000e+00,3.003654489407063255e-01,1.129603659847957936e-01,3.540886321287485816e-01,4.357190727397148855e-01,0.000000000000000000e+00,0.000000000000000000e+00,3.651028940292532221e-01,0.000000000000000000e+00,3.065549005934282145e-01,0.000000000000000000e+00,1.128976963617454032e-01,0.000000000000000000e+00,3.756309620237566760e-01,0.000000000000000000e+00,3.487157374106268914e-01,3.262434334021703242e-01,3.378040509799228874e-01,0.000000000000000000e+00,4.191320582880400103e-01,1.054474693937562935e-01,0.000000000000000000e+00,3.585737487615643926e-01,4.329462175277197233e-01,3.600898279551896786e-01,3.666287390370954746e-01,3.827496804117100915e-01,0.000000000000000000e+00,0.000000000000000000e+00,3.363931726124346766e-01,0.000000000000000000e+00,3.807323178833380006e-01,0.000000000000000000e+00,0.000000000000000000e+00,0.000000000000000000e+00,0.000000000000000000e+00,0.000000000000000000e+00,0.000000000000000000e+00,0.000000000000000000e+00,0.000000000000000000e+00,0.000000000000000000e+00,0.000000000000000000e+00,0.000000000000000000e+00,0.000000000000000000e+00,0.000000000000000000e+00,0.000000000000000000e+00,4.521315614212297884e-01,0.000000000000000000e+00,4.460656052218578971e-01,0.000000000000000000e+00,0.000000000000000000e+00,0.000000000000000000e+00,0.000000000000000000e+00,4.193794345198240126e-01,4.047417784129133111e-01,0.000000000000000000e+00,0.000000000000000000e+00,0.000000000000000000e+00,0.000000000000000000e+00,0.000000000000000000e+00,4.146650239303423247e-01,4.124716756599022816e-01,4.429642071615222942e-01,0.000000000000000000e+00,0.000000000000000000e+00,0.000000000000000000e+00,0.000000000000000000e+00,0.000000000000000000e+00
3.763042925478752854e-01,3.828161045862891743e-01,0.000000000000000000e+00,0.000000000000000000e+00,0.000000000000000000e+00,4.361027826342355196e-01,4.445731911498571054e-01,4.624008322750589040e-01,1.723180217420489102e-01,3.316480324060793183e-01,0.000000000000000000e+00,3.479931764823934737e-01,4.409596469397122909e-01,0.000000000000000000e+00,4.063444404013705213e-01,3.079926021433967986e-01,3.065549005934282145e-01,0.000000000000000000e+00,0.000000000000000000e+00,4.121015213761938245e-01,4.142707835918174042e-01,4.082101232664622770e-01,4.339352922481776176e-01,3.345221574949543974e-01,3.242076750320023737e-01,3.514600419231088124e-01,4.279060010947047243e-01,4.272738382690047243e-01,4.273409098562143127e-01,0.000000000000000000e+00,3.619933438204899212e-01,4.299756500555120264e-01,3.649964597612699868e-01,3.760243572816285851e-01,3.962119821058475155e-01,0.000000000000000000e+00,0.000000000000000000e+00,0.000000000000000000e+00,4.187137991498425249e-01,3.936048099108584997e-01,3.927069667333322744e-01,3.942164892510173213e-01,0.000000000000000000e+00,0.000000000000000000e+00,0.000000000000000000e+00,4.258073465441349903e-01,4.275873786983324099e-01,0.000000000000000000e+00,0.000000000000000000e+00,0.000000000000000000e+00,0.000000000000000000e+00,0.000000000000000000e+00,0.000000000000000000e+00,0.000000000000000000e+00,4.340151916376654984e-01,0.000000000000000000e+00,4.315073751688355830e-01,0.000000000000000000e+00,0.000000000000000000e+00,0.000000000000000000e+00,4.187703743877986273e-01,4.214884705156172751e-01,4.123591933472876003e-01,0.000000000000000000e+00,0.000000000000000000e+00,0.000000000000000000e+00,4.341947057439258795e-01,0.000000000000000000e+00,4.150662288331101180e-01,4.169703476179100754e-01,4.355577232571646862e-01,0.000000000000000000e+00,0.000000000000000000e+00,0.000000000000000000e+00,0.000000000000000000e+00,4.207539243890406899e-01
0.000000000000000000e+00,0.000000000000000000e+00,2.622030505032815206e-01,4.206433257064424169e-01,3.630762264755597046e-01,3.837065659171153276e-01,4.105987908559654009e-01,3.847240311447898131e-01,2.692651501149390114e-01,4.571073649740969858e-01,2.323151691186942924e-01,1.541655912504223125e-01,4.264067037295353746e-01,3.474759532797208061e-01,0.000000000000000000e+00,0.000000000000000000e+00,0.000000000000000000e+00,0.000000000000000000e+00,0.000000000000000000e+00,0.000000000000000000e+00,0.000000000000000000e+00,0.000000000000000000e+00,2.622653167081974157e-01,0.000000000000000000e+00,0.000000000000000000e+00,0.000000000000000000e+00,3.671064339468405047e-01,4.133443678915241781e-01,0.000000000000000000e+00,0.000000000000000000e+00,4.340890643709923169e-01,4.098929896279355778e-01,0.000000000000000000e+00,4.401769693331116784e-01,4.372504408529228059e-01,3.519478406285403982e-01,4.399445961126032256e-01,1.031902039238388052e-01,5.291649478051444477e-01,0.000000000000000000e+00,0.000000000000000000e+00,0.000000000000000000e+00,4.735369692149112852e-01,0.000000000000000000e+00,0.000000000000000000e+00,0.000000000000000000e+00,0.000000000000000000e+00,4.869035038761146961e-01,0.000000000000000000e+00,5.471707644569407947e-01,5.572763672273659541e-01,5.933827502742429205e-01,5.054334816750050141e-01,5.363554098231879674e-01,0.000000000000000000e+00,4.105355675594644094e-01,0.000000000000000000e+00,1.847620863620250131e-01,5.127935053319446768e-01,0.000000000000000000e+00,0.000000000000000000e+00,0.000000000000000000e+00,0.000000000000000000e+00,4.978037660151539145e-01,0.000000000000000000e+00,0.000000000000000000e+00,0.000000000000000000e+00,5.469329737907306921e-01,0.000000000000000000e+00,0.000000000000000000e+00,0.000000000000000000e+00,5.597768973715674390e-01,0.000000000000000000e+00,0.000000000000000000e+00,0.000000000000000000e+00,0.000000000000000000e+00
4.645684348062086855e-01,4.259779905712399728e-01,0.000000000000000000e+00,0.000000000000000000e+00,3.821298040451071021e-01,4.195901138672223918e-01,4.242694274465064752e-01,4.185895553207111264e-01,4.005168867633566165e-01,1.064357389920402991e-01,0.000000000000000000e+00,0.000000000000000000e+00,4.196006984167698906e-01,0.000000000000000000e+00,3.654595291074669849e-01,4.005304607771560943e-01,1.128976963617454032e-01,4.121015213761938245e-01,0.000000000000000000e+00,0.000000000000000000e+00,4.375472696674452266e-01,3.601177898834557189e-01,3.119845647823916157e-01,0.000000000000000000e+00,4.056466879529971870e-01,4.316447376641082134e-01,3.184496259023614773e-01,3.694614953318139938e-01,2.956809699861329133e-01,3.500623075047060162e-01,3.644554898105761276e-01,4.426623817529182214e-01,3.960463337374152126e-01,4.250856352747470202e-01,4.728036685411312057e-01,5.145558673455947751e-01,4.902705893625303180e-01,0.000000000000000000e+00,4.985730775673323234e-01,4.766436452951430813e-01,4.996884641865720900e-01,5.177264683304183546e-01,1.085571697441179012e-01,0.000000000000000000e+00,0.000000000000000000e+00,0.000000000000000000e+00,4.428132379951805198e-01,0.000000000000000000e+00,0.000000000000000000e+00,0.000000000000000000e+00,4.961555442746971023e-01,0.000000000000000000e+00,0.000000000000000000e+00,0.000000000000000000e+00,0.000000000000000000e+00,0.000000000000000000e+00,0.000000000000000000e+00,1.728164616310444990e-01,0.000000000000000000e+00,4.871801247243752186e-01,1.948112228092699905e-01,0.000000000000000000e+00,0.000000000000000000e+00,0.000000000000000000e+00,4.951631371447838825e-01,4.747803308290095003e-01,4.934704445051568134e-01,5.012921333740252283e-01,0.000000000000000000e+00,1.902737318307902992e-01,4.777371337112186755e-01,5.059655588698166451e-01,5.107690660342933953e-01,4.903964390081987923e-01,6.242017042672423077e-01,5.153114473781131855e-01
4.269349536702938264e-01,3.952238854244279898e-01,0.000000000000000000e+00,0.000000000000000000e+00,0.000000000000000000e+00,4.290748121349616806e-01,0.000000000000000000e+00,4.184405565925504167e-01,0.000000000000000000e+00,0.000000000000000000e+00,0.000000000000000000e+00,0.000000000000000000e+00,4.329495507600967796e-01,4.265485044010005056e-01,4.023623708194362103e-01,4.016932752429511755e-01,0.000000000000000000e+00,4.142707835918174042e-01,0.000000000000000000e+00,4.375472696674452266e-01,0.000000000000000000e+00,4.220975029430970027e-01,4.015393115570661253e-01,4.950650207367783273e-01,4.015741531532371900e-01,4.190495566496191260e-01,4.420701692599153798e-01,4.348857637191341774e-01,4.044387563901897797e-01,0.000000000000000000e+00,3.842087260824820771e-01,4.290282447428109269e-01,3.896144904549033727e-01,4.052695321656287208e-01,4.681476786736317175e-01,0.000000000000000000e+00,0.000000000000000000e+00,0.000000000000000000e+00,4.792426999995811898e-01,4.624703187824392159e-01,5.121101163747416862e-01,5.407246512647081449e-01,0.000000000000000000e+00,0.000000000000000000e+00,0.000000000000000000e+00,4.294470625645882000e-01,4.865012341097456061e-01,0.000000000000000000e+00,0.000000000000000000e+00,0.000000000000000000e+00,4.575888319550210914e-01,0.000000000000000000e+00,3.843191120759376078e-01,0.000000000000000000e+00,0.000000000000000000e+00,0.000000000000000000e+00,0.000000000000000000e+00,1.023915041070437987e-01,0.000000000000000000e+00,4.549384020574817056e-01,4.588826874826221758e-01,0.000000000000000000e+00,0.000000000000000000e+00,0.000000000000000000e+00,4.679041885236487897e-01,3.994670532431726095e-01,4.986870381955624265e-01,4.438031509563711841e-01,0.000000000000000000e+00,4.803938604488506847e-01,5.098945953540566789e-01,4.749189724288100933e-01,4.869584765075375965e-01,4.673922746210416035e-01,0.000000000000000000e+00,1.291941237833089950e-01
