0.000000000000000000e+00,4.230651576151877036e-01,0.000000000000000000e+00,0.000000000000000000e+00,0.000000000000000000e+00,4.470714525033941955e-01,0.000000000000000000e+00,4.683633765947535776e-01,0.000000000000000000e+00,3.064035248178494930e-01,0.000000000000000000e+00,3.422539610895781736e-01,1.289189709994993938e-01,0.000000000000000000e+00,3.742247328005990914e-01,3.757558699174949890e-01,0.000000000000000000e+00,3.600386593606516028e-01,0.000000000000000000e+00,4.432200634334226841e-01,3.780673253234713149e-01,4.381613412981142930e-01,4.257996307299499184e-01,3.537725415437140142e-01,3.466859567941575904e-01,3.473574672930684892e-01,4.399278074571785213e-01,4.358492210541233813e-01,4.231377535415387081e-01,0.000000000000000000e+00,3.614893234278758749e-01,3.957440683687569183e-01,3.312609619069469824e-01,3.570189923755193728e-01,3.971774045030053157e-01,0.000000000000000000e+00,0.000000000000000000e+00,4.258714642116566140e-01,4.596899723609415012e-01,4.508340285484976895e-01,0.000000000000000000e+00,0.000000000000000000e+00,0.000000000000000000e+00,0.000000000000000000e+00,0.000000000000000000e+00,3.834574353841126992e-01,4.954909767141580934e-01,0.000000000000000000e+00,0.000000000000000000e+00,0.000000000000000000e+00,0.000000000000000000e+00,0.000000000000000000e+00,0.000000000000000000e+00,0.000000000000000000e+00,4.713795004825864221e-01,0.000000000000000000e+00,0.000000000000000000e+00,0.000000000000000000e+00,0.000000000000000000e+00,0.000000000000000000e+00,4.667092351194226940e-01,0.000000000000000000e+00,4.360546909028448215e-01,0.000000000000000000e+00,0.000000000000000000e+00,4.104985420207836744e-01,5.136998538710374484e-01,0.000000000000000000e+00,0.000000000000000000e+00,4.561670577985939001e-01,4.832261648306205859e-01,0.000000000000000000e+00,0.000000000000000000e+00,0.000000000000000000e+00,0.000000000000000000e+00,0.000000000000000000e+00
4.230651576151877036e-01,0.000000000000000000e+00,0.000000000000000000e+00,0.000000000000000000e+00,4.467027477342462860e-01,4.063706354816711830e-01,4.375779732509236242e-01,4.475020731280022201e-01,4.214226163638530864e-01,0.000000000000000000e+00,0.000000000000000000e+00,0.000000000000000000e+00,4.393018186587269724e-01,0.000000000000000000e+00,3.976117977145975924e-01,4.023121467691994080e-01,4.096608482776087912e-01,3.697730252310367782e-01,0.000000000000000000e+00,4.375507341025864916e-01,4.407972695002018160e-01,4.103248089000607890e-01,4.147827418138124167e-01,0.000000000000000000e+00,3.968414840491458206e-01,4.094607220411641824e-01,4.193122221733394106e-01,4.056691717170535227e-01,4.115161833938175140e-01,0.000000000000000000e+00,3.547630704819899061e-01,3.835831544714506935e-01,3.511522469781298006e-01,3.654020715702657740e-01,4.015585549300244028e-01,0.000000000000000000e+00,0.000000000000000000e+00,0.000000000000000000e+00,4.682007020132967767e-01,4.499696828496920764e-01,4.703890306194508097e-01,4.720339045156485835e-01,0.000000000000000000e+00,0.000000000000000000e+00,0.000000000000000000e+00,4.673339198648656101e-01,4.884551021255650882e-01,0.000000000000000000e+00,0.000000000000000000e+00,0.000000000000000000e+00,4.792806155935294132e-01,0.000000000000000000e+00,0.000000000000000000e+00,0.000000000000000000e+00,0.000000000000000000e+00,0.000000000000000000e+00,0.000000000000000000e+00,0.000000000000000000e+00,0.000000000000000000e+00,4.899498904728324944e-01,4.661883310549301829e-01,0.000000000000000000e+00,4.384375959168276271e-01,0.000000000000000000e+00,4.358314671916910799e-01,4.837930587985337927e-01,4.751566732384577829e-01,5.171505396361453233e-01,0.000000000000000000e+00,4.703402660843709060e-01,5.012219157074399023e-01,5.005178974074073750e-01,0.000000000000000000e+00,4.453314526596005019e-01,0.000000000000000000e+00,4.552483571624340031e-01
0.000000000000000000e+00,0.000000000000000000e+00,0.000000000000000000e+00,4.973308794705982860e-01,4.081748322983220767e-01,3.933936960953233752e-01,4.464933202810570934e-01,4.694713886276581927e-01,3.342887061784072245e-01,5.469132310413935549e-01,3.523893692810246003e-01,1.446661517501139915e-01,4.567870793074179092e-01,4.485377893454652876e-01,0.000000000000000000e+00,0.000000000000000000e+00,0.000000000000000000e+00,0.000000000000000000e+00,3.151034484224701226e-01,0.000000000000000000e+00,0.000000000000000000e+00,0.000000000000000000e+00,3.245777915967669736e-01,0.000000000000000000e+00,0.000000000000000000e+00,0.000000000000000000e+00,3.483090230595141112e-01,4.595513684283322742e-01,0.000000000000000000e+00,0.000000000000000000e+00,4.734571644758939768e-01,4.305798109410202135e-01,0.000000000000000000e+00,4.769578752680074252e-01,4.655777306747386213e-01,4.301237364881829728e-01,4.801055422359956082e-01,0.000000000000000000e+00,5.512190057348075323e-01,0.000000000000000000e+00,1.357753081291697972e-01,0.000000000000000000e+00,5.273074548317771004e-01,0.000000000000000000e+00,0.000000000000000000e+00,0.000000000000000000e+00,0.000000000000000000e+00,4.532844491481892168e-01,0.000000000000000000e+00,5.338211839285051941e-01,5.855120610930930614e-01,5.831993835185415032e-01,5.774845011289013730e-01,5.515120676045079939e-01,0.000000000000000000e+00,5.246927601504427496e-01,0.000000000000000000e+00,6.208886792960315315e-01,5.143653220893158462e-01,0.000000000000000000e+00,0.000000000000000000e+00,0.000000000000000000e+00,0.000000000000000000e+00,4.781659265906839096e-01,0.000000000000000000e+00,0.000000000000000000e+00,0.000000000000000000e+00,6.029501100312283368e-01,0.000000000000000000e+00,0.000000000000000000e+00,0.000000000000000000e+00,5.878239515656689118e-01,5.918578435763903745e-01,0.000000000000000000e+00,0.000000000000000000e+00,0.000000000000000000e+00
0.000000000000000000e+00,0.000000000000000000e+00,4.973308794705982860e-01,0.000000000000000000e+00,2.248435206605071124e-01,4.233034842684624266e-01,2.769069746691216749e-01,2.849983847608961174e-01,4.270283469803660137e-01,4.030709996371679149e-01,3.783463387542668754e-01,3.795147780447644115e-01,2.979208060256466895e-01,2.090483709541841872e-01,0.000000000000000000e+00,0.000000000000000000e+00,0.000000000000000000e+00,0.000000000000000000e+00,4.568567862244730104e-01,4.995698693355444808e-01,0.000000000000000000e+00,0.000000000000000000e+00,3.885395805586666085e-01,0.000000000000000000e+00,0.000000000000000000e+00,0.000000000000000000e+00,4.517058705828068121e-01,2.584615958646794831e-01,5.494776889056676161e-01,0.000000000000000000e+00,3.175359250007188106e-01,3.121411612134074032e-01,0.000000000000000000e+00,3.334345624031425093e-01,3.061194255296241229e-01,1.584623342744891084e-01,1.723964840899057938e-01,0.000000000000000000e+00,0.000000000000000000e+00,0.000000000000000000e+00,0.000000000000000000e+00,0.000000000000000000e+00,0.000000000000000000e+00,0.000000000000000000e+00,0.000000000000000000e+00,0.000000000000000000e+00,0.000000000000000000e+00,0.000000000000000000e+00,0.000000000000000000e+00,0.000000000000000000e+00,0.000000000000000000e+00,0.000000000000000000e+00,0.000000000000000000e+00,0.000000000000000000e+00,0.000000000000000000e+00,0.000000000000000000e+00,0.000000000000000000e+00,0.000000000000000000e+00,0.000000000000000000e+00,0.000000000000000000e+00,0.000000000000000000e+00,0.000000000000000000e+00,0.000000000000000000e+00,0.000000000000000000e+00,0.000000000000000000e+00,0.000000000000000000e+00,0.000000000000000000e+00,0.000000000000000000e+00,0.000000000000000000e+00,0.000000000000000000e+00,0.000000000000000000e+00,0.000000000000000000e+00,0.000000000000000000e+00,0.000000000000000000e+00,0.000000000000000000e+00,0.000000000000000000e+00
0.000000000000000000e+00,4.467027477342462860e-01,4.081748322983220767e-01,2.248435206605071124e-01,0.000000000000000000e+00,3.911773691732262082e-01,3.163526347646419823e-01,4.210523867327161107e-01,3.606539376448665846e-01,4.466649370597280955e-01,3.542196582365476076e-01,4.429594775071187818e-01,3.496573722054150957e-01,2.647632861310911245e-01,0.000000000000000000e+00,4.829722978908850828e-01,0.000000000000000000e+00,0.000000000000000000e+00,4.025338332733808255e-01,4.070005117088935087e-01,0.000000000000000000e+00,4.355269041784612938e-01,4.044012247683467787e-01,0.000000000000000000e+00,4.655201483888817271e-01,4.663901102743602811e-01,3.995892606144503811e-01,3.160517568461024274e-01,4.220720474575709869e-01,0.000000000000000000e+00,4.479179632673084832e-01,3.456323665186600835e-01,4.347112923961006237e-01,4.506113475277431224e-01,4.075828224408217793e-01,2.233143590119829047e-01,2.623264302797838066e-01,4.599134626741445131e-01,4.857246240337925736e-01,0.000000000000000000e+00,0.000000000000000000e+00,0.000000000000000000e+00,4.218066212359445899e-01,0.000000000000000000e+00,0.000000000000000000e+00,0.000000000000000000e+00,0.000000000000000000e+00,5.571694482966291773e-01,0.000000000000000000e+00,5.760909230231442413e-01,5.825123733344447219e-01,0.000000000000000000e+00,5.210179860205834679e-01,5.090641964365131278e-01,0.000000000000000000e+00,5.217746898315833715e-01,0.000000000000000000e+00,0.000000000000000000e+00,0.000000000000000000e+00,0.000000000000000000e+00,0.000000000000000000e+00,0.000000000000000000e+00,0.000000000000000000e+00,0.000000000000000000e+00,0.000000000000000000e+00,0.000000000000000000e+00,0.000000000000000000e+00,5.700585234155137737e-01,0.000000000000000000e+00,0.000000000000000000e+00,0.000000000000000000e+00,5.655748594744232083e-01,0.000000000000000000e+00,0.000000000000000000e+00,0.000000000000000000e+00,0.000000000000000000e+00
4.470714525033941955e-01,4.063706354816711830e-01,3.933936960953233752e-01,4.233034842684624266e-01,3.911773691732262082e-01,0.000000000000000000e+00,4.284216092904272744e-01,4.533631411868686012e-01,3.690980833265911087e-01,4.661878917262242128e-01,4.132476480570229094e-01,5.164668627859806405e-01,4.045975890039075762e-01,4.533451223569989197e-01,4.162941418542199790e-01,4.293883841411825220e-01,1.577053824631629020e-01,4.077098507940470906e-01,4.124261304201615741e-01,4.117848684322211739e-01,4.169743805066526976e-01,4.320292738289481238e-01,3.949490320397394116e-01,0.000000000000000000e+00,3.770178538546977154e-01,4.252254206569660022e-01,3.773981383570543802e-01,4.145801320170304227e-01,3.655253077144275942e-01,4.215169279277856118e-01,4.365571152578773817e-01,4.118392394768446985e-01,3.895186261208800071e-01,4.472164864976311272e-01,4.482262976033484780e-01,4.352445571782624922e-01,4.410903787201572168e-01,5.074442430804863013e-01,5.263864204367912913e-01,0.000000000000000000e+00,5.203672453449150748e-01,5.891023783586263329e-01,5.157589445467891665e-01,0.000000000000000000e+00,0.000000000000000000e+00,0.000000000000000000e+00,5.267466059765451014e-01,5.762109031779653057e-01,0.000000000000000000e+00,6.028551264817809674e-01,5.330400193339205339e-01,5.743082653894810985e-01,5.230507782460570576e-01,5.973066548779087936e-01,0.000000000000000000e+00,5.497744787532687916e-01,0.000000000000000000e+00,5.552489924854626668e-01,0.000000000000000000e+00,4.855547190979864203e-01,0.000000000000000000e+00,0.000000000000000000e+00,0.000000000000000000e+00,5.623531367113662194e-01,4.768680671012832106e-01,5.063085876047817013e-01,4.812971430291992925e-01,5.486111737217232998e-01,0.000000000000000000e+00,0.000000000000000000e+00,5.080403990002800851e-01,5.361094986075843893e-01,5.098055620402671684e-01,5.069112663055727053e-01,5.469593540425730094e-01,5.401997724126004208e-01
0.000000000000000000e+00,4.375779732509236242e-01,4.464933202810570934e-01,2.769069746691216749e-01,3.163526347646419823e-01,4.284216092904272744e-01,0.000000000000000000e+00,4.459139736850903923e-01,4.068828476246781900e-01,4.199517300624924787e-01,4.331724506839251809e-01,3.965913089809610104e-01,3.245285246100321208e-01,3.636880293737744796e-01,0.000000000000000000e+00,4.393143976907438186e-01,4.851010150404297949e-01,4.258560175615347942e-01,4.407949591500511244e-01,4.366114901671991899e-01,0.000000000000000000e+00,4.529759821213182880e-01,4.175466185758848203e-01,4.205959562294535048e-01,4.065931620382948752e-01,4.264303382755776917e-01,4.270585970790142794e-01,3.282210232032409802e-01,4.420867839903840912e-01,0.000000000000000000e+00,4.025079449399299181e-01,3.808680243859737247e-01,4.266806283004164757e-01,4.152039700045153103e-01,3.695819423769550194e-01,2.985353825707344755e-01,3.129537081430499024e-01,3.858258847057252083e-01,1.841832463700056044e-01,0.000000000000000000e+00,1.637731516271186127e-01,0.000000000000000000e+00,6.066800838349981628e-01,0.000000000000000000e+00,0.000000000000000000e+00,0.000000000000000000e+00,0.000000000000000000e+00,6.263157551647580146e-01,0.000000000000000000e+00,0.000000000000000000e+00,5.510138615941893026e-01,0.000000000000000000e+00,1.112453970595013997e-01,1.754326870027249075e-01,0.000000000000000000e+00,1.484293345485989957e-01,0.000000000000000000e+00,0.000000000000000000e+00,0.000000000000000000e+00,0.000000000000000000e+00,0.000000000000000000e+00,0.000000000000000000e+00,0.000000000000000000e+00,1.420735728466518133e-01,0.000000000000000000e+00,0.000000000000000000e+00,0.000000000000000000e+00,5.269106428253971242e-01,0.000000000000000000e+00,0.000000000000000000e+00,0.000000000000000000e+00,5.246567374775528148e-01,0.000000000000000000e+00,0.000000000000000000e+00,0.000000000000000000e+00,0.000000000000000000e+00
4.683633765947535776e-01,4.475020731280022201e-01,4.694713886276581927e-01,2.849983847608961174e-01,4.210523867327161107e-01,4.533631411868686012e-01,4.459139736850903923e-01,0.000000000000000000e+00,4.563730333451894161e-01,0.000000000000000000e+00,3.469012234210734902e-01,5.183807606436496851e-01,4.565500547383896102e-01,3.299473514089432125e-01,3.347996507300197155e-01,4.558081716954526796e-01,0.000000000000000000e+00,4.413456205503529794e-01,3.706076428266045775e-01,3.841253028220713017e-01,3.825326767422235763e-01,4.414807147766957041e-01,3.738780552551874137e-01,4.990699497685410213e-01,4.315879702610567192e-01,4.609830071816852781e-01,4.406643048356234105e-01,4.361881841947928273e-01,4.089987763875090887e-01,4.154837986530829919e-01,4.584119856092205847e-01,3.505782449653765953e-01,4.353578943853995131e-01,4.623798213196816942e-01,4.345327846650742232e-01,2.660194258930748124e-01,4.387528930956335893e-01,0.000000000000000000e+00,4.744131840308560832e-01,0.000000000000000000e+00,5.120598464850378839e-01,0.000000000000000000e+00,4.426529679716176835e-01,0.000000000000000000e+00,0.000000000000000000e+00,0.000000000000000000e+00,0.000000000000000000e+00,5.479797366654277635e-01,0.000000000000000000e+00,5.533899135334736652e-01,4.812802348521492135e-01,5.563200675272913509e-01,4.379138805313904093e-01,5.402861920203660961e-01,0.000000000000000000e+00,4.602271551296507890e-01,0.000000000000000000e+00,5.084409538963756692e-01,4.388984088311567167e-01,4.162152761672479051e-01,0.000000000000000000e+00,0.000000000000000000e+00,0.000000000000000000e+00,5.241091620854423372e-01,4.536467763258780761e-01,4.634068569068415799e-01,0.000000000000000000e+00,5.011356461231023518e-01,0.000000000000000000e+00,0.000000000000000000e+00,0.000000000000000000e+00,5.121408606956444620e-01,4.832598245314448926e-01,4.866881233092851811e-01,0.000000000000000000e+00,5.065238367708033707e-01
0.000000000000000000e+00,4.214226163638530864e-01,3.342887061784072245e-01,4.270283469803660137e-01,3.606539376448665846e-01,3.690980833265911087e-01,4.068828476246781900e-01,4.563730333451894161e-01,0.000000000000000000e+00,4.779752096768499214e-01,3.778938748516840196e-01,4.957118036074650846e-01,4.113136760494308097e-01,3.923112088951429821e-01,0.000000000000000000e+00,4.686604585384044896e-01,0.000000000000000000e+00,5.516467483173207453e-01,3.476504603476768818e-01,4.153194626206699880e-01,0.000000000000000000e+00,4.374487280557730062e-01,4.019362439311094937e-01,5.659789004247215427e-01,4.602183854997228818e-01,4.753519025752783178e-01,3.627135351028540899e-01,4.658898800590426936e-01,4.111879298749054890e-01,5.222160547819038046e-01,4.876029762955563229e-01,4.421121373490661255e-01,4.754992021430585192e-01,4.874917377165188248e-01,4.741102970299799213e-01,4.299873062972983107e-01,4.505518562652899850e-01,4.629901879245372220e-01,5.348219755193748259e-01,0.000000000000000000e+00,1.944270713845958065e-01,0.000000000000000000e+00,5.058254013224017243e-01,0.000000000000000000e+00,0.000000000000000000e+00,0.000000000000000000e+00,0.000000000000000000e+00,5.829253032207616370e-01,0.000000000000000000e+00,5.590220653669911721e-01,5.634361515886081584e-01,6.043900438394421704e-01,5.802280687535998904e-01,5.639518864445878243e-01,0.000000000000000000e+00,5.414720756485215114e-01,0.000000000000000000e+00,6.470070229482162150e-01,5.223971345962157287e-01,0.000000000000000000e+00,0.000000000000000000e+00,0.000000000000000000e+00,0.000000000000000000e+00,5.597879030156761582e-01,0.000000000000000000e+00,0.000000000000000000e+00,0.000000000000000000e+00,5.917255291103415971e-01,0.000000000000000000e+00,0.000000000000000000e+00,0.000000000000000000e+00,5.851388131163213213e-01,5.602495499277868607e-01,0.000000000000000000e+00,0.000000000000000000e+00,0.000000000000000000e+00
3.064035248178494930e-01,0.000000000000000000e+00,5.469132310413935549e-01,4.030709996371679149e-01,4.466649370597280955e-01,4.661878917262242128e-01,4.199517300624924787e-01,0.000000000000000000e+00,4.779752096768499214e-01,0.000000000000000000e+00,4.622791474357741959e-01,2.826397464236692914e-01,4.237013308817458856e-01,0.000000000000000000e+00,0.000000000000000000e+00,3.702026277538528753e-01,3.178879338391548126e-01,3.465744539637741761e-01,4.703055314696718003e-01,1.064357389920402991e-01,0.000000000000000000e+00,1.131478320326588932e-01,4.750973355863369885e-01,2.858333365698861872e-01,3.263732484664758071e-01,3.217637746358877893e-01,5.094492316530679910e-01,4.030501024630974150e-01,1.329312264403890997e-01,0.000000000000000000e+00,3.250712290028615059e-01,3.245566493857340862e-01,2.819802493899828955e-01,3.040961969611276072e-01,3.106876045726482127e-01,3.939004105969537983e-01,2.805302519273623063e-01,2.583425195124970930e-01,0.000000000000000000e+00,3.285549421267788262e-01,3.040527058276962236e-01,2.215843514772707912e-01,0.000000000000000000e+00,0.000000000000000000e+00,3.190972883231726898e-01,4.680197435543960172e-01,0.000000000000000000e+00,0.000000000000000000e+00,0.000000000000000000e+00,0.000000000000000000e+00,0.000000000000000000e+00,0.000000000000000000e+00,0.000000000000000000e+00,0.000000000000000000e+00,4.269870750284349148e-01,0.000000000000000000e+00,4.390016540300880066e-01,4.345081402293232142e-01,0.000000000000000000e+00,0.000000000000000000e+00,0.000000000000000000e+00,4.304988873616645839e-01,4.075077966828036802e-01,0.000000000000000000e+00,0.000000000000000000e+00,0.000000000000000000e+00,0.000000000000000000e+00,0.000000000000000000e+00,4.163754987335835933e-01,4.340572258162335162e-01,4.503019853815665163e-01,0.000000000000000000e+00,3.949691516898907184e-01,0.000000000000000000e+00,0.000000000000000000e+00,3.930338006685962227e-01
0.000000000000000000e+00,0.000000000000000000e+00,3.523893692810246003e-01,3.783463387542668754e-01,3.542196582365476076e-01,4.132476480570229094e-01,4.331724506839251809e-01,3.469012234210734902e-01,3.778938748516840196e-01,4.622791474357741959e-01,0.000000000000000000e+00,4.721667379190477853e-01,4.453871605590178917e-01,2.706760064530748244e-01,0.000000000000000000e+00,0.000000000000000000e+00,5.969319048534746930e-01,0.000000000000000000e+00,2.791029014722979928e-01,0.000000000000000000e+00,0.000000000000000000e+00,0.000000000000000000e+00,2.955732877563903016e-01,4.692688606721908129e-01,0.000000000000000000e+00,1.680492079956459883e-01,4.037180225953798107e-01,4.477800109975744736e-01,0.000000000000000000e+00,0.000000000000000000e+00,4.838007779460637980e-01,4.144536486026388911e-01,5.011607256868094717e-01,4.792459362795847833e-01,4.655078673420727786e-01,3.667350495243282271e-01,4.386593447368846155e-01,4.785904853383421975e-01,5.231100401688482116e-01,0.000000000000000000e+00,0.000000000000000000e+00,0.000000000000000000e+00,4.372153081585375967e-01,0.000000000000000000e+00,0.000000000000000000e+00,0.000000000000000000e+00,0.000000000000000000e+00,5.039089183582723397e-01,0.000000000000000000e+00,5.140755637686199586e-01,5.662049530307873280e-01,5.992717803319824732e-01,4.881208345595520748e-01,5.122189047042275956e-01,0.000000000000000000e+00,2.694859930241326196e-01,0.000000000000000000e+00,6.127480510482898879e-01,4.381781517201506770e-01,0.000000000000000000e+00,0.000000000000000000e+00,0.000000000000000000e+00,0.000000000000000000e+00,1.795788458136590993e-01,0.000000000000000000e+00,0.000000000000000000e+00,0.000000000000000000e+00,5.416807707298730845e-01,0.000000000000000000e+00,0.000000000000000000e+00,0.000000000000000000e+00,5.510585509835016493e-01,6.292342657625717983e-01,0.000000000000000000e+00,0.000000000000000000e+00,0.000000000000000000e+00
3.422539610895781736e-01,0.000000000000000000e+00,1.446661517501139915e-01,3.795147780447644115e-01,4.429594775071187818e-01,5.164668627859806405e-01,3.965913089809610104e-01,5.183807606436496851e-01,4.957118036074650846e-01,2.826397464236692914e-01,4.721667379190477853e-01,0.000000000000000000e+00,4.193673176295796834e-01,0.000000000000000000e+00,0.000000000000000000e+00,0.000000000000000000e+00,3.502866486620319075e-01,3.426484385953634249e-01,5.340499266521151478e-01,0.000000000000000000e+00,4.250317792603899858e-01,0.000000000000000000e+00,5.055407225080557065e-01,2.744758485606805798e-01,3.366043032747869090e-01,2.932247627089223929e-01,5.240583007202317400e-01,3.718064046394292110e-01,0.000000000000000000e+00,0.000000000000000000e+00,3.282530058082103741e-01,2.733514183168900269e-01,2.717224852140002755e-01,2.562173849668881176e-01,2.810521043298984112e-01,3.507576116129024202e-01,2.933415257940011900e-01,2.200891975179080917e-01,2.971986134471911178e-01,3.155983177686039198e-01,3.085807400821962143e-01,2.296859076952598999e-01,0.000000000000000000e+00,0.000000000000000000e+00,3.312964607247121940e-01,0.000000000000000000e+00,0.000000000000000000e+00,0.000000000000000000e+00,0.000000000000000000e+00,0.000000000000000000e+00,0.000000000000000000e+00,0.000000000000000000e+00,0.000000000000000000e+00,0.000000000000000000e+00,4.390096279462988860e-01,0.000000000000000000e+00,4.471853111783842261e-01,4.669939409076330761e-01,0.000000000000000000e+00,0.000000000000000000e+00,0.000000000000000000e+00,4.552540149006282233e-01,4.261461906711923042e-01,0.000000000000000000e+00,0.000000000000000000e+00,0.000000000000000000e+00,0.000000000000000000e+00,0.000000000000000000e+00,4.229059610648693845e-01,4.429280172198856724e-01,4.482596699611178792e-01,0.000000000000000000e+00,4.253609323544326193e-01,0.000000000000000000e+00,0.000000000000000000e+00,4.202333969098289157e-01
1.289189709994993938e-01,4.393018186587269724e-01,4.567870793074179092e-01,2.979208060256466895e-01,3.496573722054150957e-01,4.045975890039075762e-01,3.245285246100321208e-01,4.565500547383896102e-01,4.113136760494308097e-01,4.237013308817458856e-01,4.453871605590178917e-01,4.193673176295796834e-01,0.000000000000000000e+00,3.694477760611565853e-01,3.441215987800497755e-01,4.488761693853132173e-01,4.578328763090515063e-01,4.411904914304570213e-01,4.560613341741369120e-01,4.349781557786274733e-01,4.389488925339061209e-01,4.596169912585624240e-01,4.253537635941447848e-01,4.191560727447667944e-01,4.127152987622654257e-01,4.243445431195335127e-01,4.315491366641516779e-01,3.517601106727085147e-01,4.256988540610748828e-01,4.141050443217881849e-01,4.046234591380121204e-01,4.049733881166284744e-01,4.255513406220177153e-01,4.340965991849282113e-01,4.126817683843950202e-01,3.342308724761742789e-01,3.327936652439378862e-01,4.012617749331783834e-01,4.363407902802095006e-01,0.000000000000000000e+00,5.236433985985953221e-01,5.165426577750912296e-01,5.119226429956262869e-01,0.000000000000000000e+00,0.000000000000000000e+00,0.000000000000000000e+00,0.000000000000000000e+00,6.345764433179842401e-01,0.000000000000000000e+00,0.000000000000000000e+00,5.205207271433551774e-01,2.127971987323727110e-01,4.950212014254963822e-01,0.000000000000000000e+00,0.000000000000000000e+00,6.211187150994532669e-01,0.000000000000000000e+00,0.000000000000000000e+00,0.000000000000000000e+00,1.660466628282462886e-01,0.000000000000000000e+00,0.000000000000000000e+00,0.000000000000000000e+00,0.000000000000000000e+00,5.365189384594821753e-01,0.000000000000000000e+00,2.033799240140601039e-01,5.319169037147399859e-01,0.000000000000000000e+00,1.644983550037110998e-01,1.881866019945158952e-01,5.217795793004527116e-01,0.000000000000000000e+00,5.392036962074987505e-01,0.000000000000000000e+00,0.000000000000000000e+00
0.000000000000000000e+00,0.000000000000000000e+00,4.485377893454652876e-01,2.090483709541841872e-01,2.647632861310911245e-01,4.533451223569989197e-01,3.636880293737744796e-01,3.299473514089432125e-01,3.923112088951429821e-01,0.000000000000000000e+00,2.706760064530748244e-01,0.000000000000000000e+00,3.694477760611565853e-01,0.000000000000000000e+00,0.000000000000000000e+00,0.000000000000000000e+00,0.000000000000000000e+00,0.000000000000000000e+00,4.066666534268408850e-01,0.000000000000000000e+00,4.189592077579168961e-01,0.000000000000000000e+00,3.812743032320490832e-01,0.000000000000000000e+00,0.000000000000000000e+00,0.000000000000000000e+00,4.492164180446763799e-01,2.630609468438135923e-01,0.000000000000000000e+00,0.000000000000000000e+00,3.937387643742433774e-01,2.629957929822483997e-01,0.000000000000000000e+00,4.009321134213191251e-01,0.000000000000000000e+00,2.000567573770032914e-01,1.542697907748283026e-01,0.000000000000000000e+00,0.000000000000000000e+00,0.000000000000000000e+00,0.000000000000000000e+00,0.000000000000000000e+00,4.060428685926618098e-01,0.000000000000000000e+00,0.000000000000000000e+00,0.000000000000000000e+00,0.000000000000000000e+00,5.295301736431318185e-01,0.000000000000000000e+00,0.000000000000000000e+00,0.000000000000000000e+00,0.000000000000000000e+00,0.000000000000000000e+00,5.397731416867098675e-01,0.000000000000000000e+00,4.425233222046540127e-01,0.000000000000000000e+00,0.000000000000000000e+00,0.000000000000000000e+00,0.000000000000000000e+00,0.000000000000000000e+00,0.000000000000000000e+00,0.000000000000000000e+00,0.000000000000000000e+00,0.000000000000000000e+00,0.000000000000000000e+00,0.000000000000000000e+00,5.560985945753710302e-01,0.000000000000000000e+00,0.000000000000000000e+00,0.000000000000000000e+00,5.463025834874689624e-01,0.000000000000000000e+00,0.000000000000000000e+00,0.000000000000000000e+00,0.000000000000000000e+00
3.742247328005990914e-01,3.976117977145975924e-01,0.000000000000000000e+00,0.000000000000000000e+00,0.000000000000000000e+00,4.162941418542199790e-01,0.000000000000000000e+00,3.347996507300197155e-01,0.000000000000000000e+00,0.000000000000000000e+00,0.000000000000000000e+00,0.000000000000000000e+00,3.441215987800497755e-01,0.000000000000000000e+00,0.000000000000000000e+00,3.681407641430278210e-01,0.000000000000000000e+00,3.231711414531678872e-01,0.000000000000000000e+00,2.845792452619819168e-01,3.771094366105072204e-01,3.276401692934645116e-01,3.566024997514291028e-01,4.115982673749449261e-01,3.329280844000909734e-01,3.605979214972339086e-01,3.899738483843985248e-01,3.520221975134972259e-01,3.655115675279740906e-01,0.000000000000000000e+00,3.703004918931875888e-01,4.151686603697545275e-01,3.795290976014170092e-01,4.221794476375941851e-01,4.614596449275609191e-01,5.039106974703555508e-01,0.000000000000000000e+00,0.000000000000000000e+00,4.682430363863058775e-01,4.732185093120889752e-01,4.872497179853073068e-01,4.919839508623369828e-01,0.000000000000000000e+00,0.000000000000000000e+00,0.000000000000000000e+00,0.000000000000000000e+00,4.958065775625182803e-01,0.000000000000000000e+00,0.000000000000000000e+00,0.000000000000000000e+00,4.373997336823929882e-01,0.000000000000000000e+00,4.810186748878522156e-01,0.000000000000000000e+00,0.000000000000000000e+00,0.000000000000000000e+00,0.000000000000000000e+00,1.182723303665556003e-01,0.000000000000000000e+00,4.865793036993014131e-01,5.107555560603136424e-01,0.000000000000000000e+00,0.000000000000000000e+00,0.000000000000000000e+00,4.461405777573809739e-01,4.754129595526013774e-01,4.948776911435501247e-01,4.766523901458926127e-01,0.000000000000000000e+00,5.292149983537229874e-01,5.218903895917683666e-01,4.797792146570268867e-01,5.354113632760510999e-01,4.588390395038762226e-01,0.000000000000000000e+00,4.884856677655106116e-01
3.757558699174949890e-01,4.023121467691994080e-01,0.000000000000000000e+00,0.000000000000000000e+00,4.829722978908850828e-01,4.293883841411825220e-01,4.393143976907438186e-01,4.558081716954526796e-01,4.686604585384044896e-01,3.702026277538528753e-01,0.000000000000000000e+00,0.000000000000000000e+00,4.488761693853132173e-01,0.000000000000000000e+00,3.681407641430278210e-01,0.000000000000000000e+00,3.697574337262157229e-01,3.421307106434727241e-01,0.000000000000000000e+00,3.989997775793304724e-01,3.948858389698872151e-01,3.879083967721729254e-01,3.980524881486551259e-01,3.203196907724012998e-01,3.770429762014517183e-01,3.926920464305974079e-01,4.134231609002935737e-01,4.426632718546525957e-01,4.217932972190212015e-01,4.424614651475871074e-01,3.505289076112105828e-01,3.989234690498917879e-01,3.269364957125781013e-01,3.721325942381484841e-01,4.092021599428172784e-01,0.000000000000000000e+00,0.000000000000000000e+00,0.000000000000000000e+00,4.239884628190120908e-01,4.155244600576494252e-01,4.342034133119321848e-01,4.249657408109919765e-01,0.000000000000000000e+00,0.000000000000000000e+00,0.000000000000000000e+00,4.301174992104987993e-01,4.523649153387456767e-01,0.000000000000000000e+00,0.000000000000000000e+00,0.000000000000000000e+00,0.000000000000000000e+00,0.000000000000000000e+00,0.000000000000000000e+00,0.000000000000000000e+00,0.000000000000000000e+00,0.000000000000000000e+00,0.000000000000000000e+00,0.000000000000000000e+00,0.000000000000000000e+00,4.486442010698856730e-01,4.271396453596758014e-01,0.000000000000000000e+00,4.223164965080583033e-01,0.000000000000000000e+00,4.653017518665996111e-01,0.000000000000000000e+00,4.436743539056594021e-01,1.718447103613205129e-01,0.000000000000000000e+00,4.366471018125021031e-01,4.726506883854804109e-01,6.007000371342232636e-01,0.000000000000000000e+00,4.951602879362935195e-01,0.000000000000000000e+00,4.084584963405791247e-01
0.000000000000000000e+00,4.096608482776087912e-01,0.000000000000000000e+00,0.000000000000000000e+00,0.000000000000000000e+00,1.577053824631629020e-01,4.851010150404297949e-01,0.000000000000000000e+00,0.000000000000000000e+00,3.178879338391548126e-01,5.969319048534746930e-01,3.502866486620319075e-01,4.578328763090515063e-01,0.000000000000000000e+00,0.000000000000000000e+00,3.697574337262157229e-01,0.000000000000000000e+00,3.339944458943350236e-01,0.000000000000000000e+00,4.496370095256939092e-01,0.000000000000000000e+00,3.837084174358679212e-01,0.000000000000000000e+00,3.390239722117190935e-01,3.305709002717722167e-01,3.395415566194808221e-01,0.000000000000000000e+00,4.386795803517961057e-01,4.687694434640289898e-01,0.000000000000000000e+00,3.555431864484285831e-01,3.906820810014420831e-01,3.255550426780142725e-01,3.498957878519651232e-01,3.449370640840038194e-01,0.000000000000000000e+00,0.000000000000000000e+00,3.340046648051142042e-01,0.000000000000000000e+00,3.932143496819848760e-01,0.000000000000000000e+00,0.000000000000000000e+00,0.000000000000000000e+00,0.000000000000000000e+00,0.000000000000000000e+00,0.000000000000000000e+00,0.000000000000000000e+00,0.000000000000000000e+00,0.000000000000000000e+00,0.000000000000000000e+00,0.000000000000000000e+00,0.000000000000000000e+00,0.000000000000000000e+00,0.000000000000000000e+00,4.582133592418018986e-01,0.000000000000000000e+00,4.599793409357115226e-01,0.000000000000000000e+00,0.000000000000000000e+00,0.000000000000000000e+00,0.000000000000000000e+00,4.432490558378132106e-01,4.069183207282133230e-01,0.000000000000000000e+00,0.000000000000000000e+00,0.000000000000000000e+00,0.000000000000000000e+00,0.000000000000000000e+00,4.639511235311903903e-01,4.403162526931732046e-01,4.547524650705647153e-01,0.000000000000000000e+00,0.000000000000000000e+00,0.000000000000000000e+00,0.000000000000000000e+00,0.000000000000000000e+00
3.600386593606516028e-01,3.697730252310367782e-01,0.000000000000000000e+00,0.000000000000000000e+00,0.000000000000000000e+00,4.077098507940470906e-01,4.258560175615347942e-01,4.413456205503529794e-01,5.516467483173207453e-01,3.465744539637741761e-01,0.000000000000000000e+00,3.426484385953634249e-01,4.411904914304570213e-01,0.000000000000000000e+00,3.231711414531678872e-01,3.421307106434727241e-01,3.339944458943350236e-01,0.000000000000000000e+00,0.000000000000000000e+00,3.959469984740967008e-01,3.803342277052830789e-01,3.907560643260897248e-01,4.050781505889308742e-01,3.405792951422120241e-01,3.321959211717737115e-01,3.594961108089045898e-01,4.018875301004338763e-01,4.263726118138119747e-01,4.088126760466330722e-01,4.433165033395898846e-01,3.690579935385662758e-01,4.046244251244128232e-01,3.165184045549194747e-01,3.662099681959373743e-01,3.747590473989866888e-01,0.000000000000000000e+00,0.000000000000000000e+00,0.000000000000000000e+00,4.101829637888148028e-01,4.051274040376142138e-01,4.059712018309256099e-01,4.064751223822298809e-01,0.000000000000000000e+00,0.000000000000000000e+00,0.000000000000000000e+00,4.150404040550951246e-01,4.439600955148015893e-01,0.000000000000000000e+00,0.000000000000000000e+00,0.000000000000000000e+00,0.000000000000000000e+00,0.000000000000000000e+00,0.000000000000000000e+00,0.000000000000000000e+00,4.290127829358971745e-01,0.000000000000000000e+00,4.403891619491963061e-01,0.000000000000000000e+00,0.000000000000000000e+00,0.000000000000000000e+00,4.230632563400376078e-01,4.129756670651189010e-01,4.190600653847140755e-01,0.000000000000000000e+00,0.000000000000000000e+00,0.000000000000000000e+00,4.212982643448172082e-01,0.000000000000000000e+00,4.162226240517631903e-01,4.313506040394007868e-01,4.427100393127402223e-01,0.000000000000000000e+00,0.000000000000000000e+00,0.000000000000000000e+00,0.000000000000000000e+00,4.225782896135750200e-01
0.000000000000000000e+00,0.000000000000000000e+00,3.151034484224701226e-01,4.568567862244730104e-01,4.025338332733808255e-01,4.124261304201615741e-01,4.407949591500511244e-01,3.706076428266045775e-01,3.476504603476768818e-01,4.703055314696718003e-01,2.791029014722979928e-01,5.340499266521151478e-01,4.560613341741369120e-01,4.066666534268408850e-01,0.000000000000000000e+00,0.000000000000000000e+00,0.000000000000000000e+00,0.000000000000000000e+00,0.000000000000000000e+00,0.000000000000000000e+00,0.000000000000000000e+00,0.000000000000000000e+00,3.335849260624029200e-01,0.000000000000000000e+00,0.000000000000000000e+00,0.000000000000000000e+00,3.947984333410349267e-01,4.599156806346135218e-01,0.000000000000000000e+00,0.000000000000000000e+00,4.678540282660770822e-01,4.179810009928984216e-01,0.000000000000000000e+00,4.639233127348242891e-01,4.516088048659550047e-01,4.057417876480912122e-01,4.481541573843983994e-01,5.082190175184629899e-01,5.988138674572875964e-01,0.000000000000000000e+00,0.000000000000000000e+00,0.000000000000000000e+00,5.049282194073081431e-01,0.000000000000000000e+00,0.000000000000000000e+00,0.000000000000000000e+00,0.000000000000000000e+00,5.401886297702657158e-01,0.000000000000000000e+00,5.824945770955679558e-01,5.646461503769992785e-01,6.571318846435101335e-01,5.668659644994301638e-01,5.695653056346562382e-01,0.000000000000000000e+00,4.652862158620770239e-01,0.000000000000000000e+00,6.792698644634534988e-01,5.443773037116915736e-01,0.000000000000000000e+00,0.000000000000000000e+00,0.000000000000000000e+00,0.000000000000000000e+00,5.292273307102772772e-01,0.000000000000000000e+00,0.000000000000000000e+00,0.000000000000000000e+00,5.866952707802681743e-01,0.000000000000000000e+00,0.000000000000000000e+00,0.000000000000000000e+00,5.773968743876737308e-01,0.000000000000000000e+00,0.000000000000000000e+00,0.000000000000000000e+00,0.000000000000000000e+00
4.432200634334226841e-01,4.375507341025864916e-01,0.000000000000000000e+00,4.995698693355444808e-01,4.070005117088935087e-01,4.117848684322211739e-01,4.366114901671991899e-01,3.841253028220713017e-01,4.153194626206699880e-01,1.064357389920402991e-01,0.000000000000000000e+00,0.000000000000000000e+00,4.349781557786274733e-01,0.000000000000000000e+00,2.845792452619819168e-01,3.989997775793304724e-01,4.496370095256939092e-01,3.959469984740967008e-01,0.000000000000000000e+00,0.000000000000000000e+00,4.093622122480000125e-01,3.724248268324236166e-01,2.534160094019419218e-01,0.000000000000000000e+00,3.861514036424982810e-01,4.103192954825881089e-01,3.364840798115986131e-01,3.904396605277637988e-01,3.470065792927197745e-01,3.649675394969126851e-01,3.696171336451836154e-01,4.253531504881679082e-01,3.864780753584962092e-01,4.254136641621861226e-01,4.630669237252131865e-01,5.089440528861387536e-01,5.014569355325086963e-01,0.000000000000000000e+00,4.598331039589700908e-01,4.587882371850959817e-01,4.893493812790465913e-01,5.067773749313325693e-01,6.160317009595016602e-01,0.000000000000000000e+00,0.000000000000000000e+00,0.000000000000000000e+00,4.596153621229667752e-01,0.000000000000000000e+00,0.000000000000000000e+00,0.000000000000000000e+00,4.903744962467749824e-01,0.000000000000000000e+00,5.429590424862524856e-01,0.000000000000000000e+00,0.000000000000000000e+00,0.000000000000000000e+00,0.000000000000000000e+00,5.714672169114779487e-01,0.000000000000000000e+00,4.620125495102943014e-01,1.948112228092699905e-01,0.000000000000000000e+00,0.000000000000000000e+00,0.000000000000000000e+00,4.723537776969883861e-01,4.584302022248606945e-01,4.424702146845518880e-01,5.010828775147299075e-01,0.000000000000000000e+00,1.902737318307902992e-01,4.740414465931154786e-01,4.957491389618035038e-01,5.188144654749240470e-01,4.768307122319456748e-01,6.401317679969527052e-01,5.160807081432488008e-01
3.780673253234713149e-01,4.407972695002018160e-01,0.000000000000000000e+00,0.000000000000000000e+00,0.000000000000000000e+00,4.169743805066526976e-01,0.000000000000000000e+00,3.825326767422235763e-01,0.000000000000000000e+00,0.000000000000000000e+00,0.000000000000000000e+00,4.250317792603899858e-01,4.389488925339061209e-01,4.189592077579168961e-01,3.771094366105072204e-01,3.948858389698872151e-01,0.000000000000000000e+00,3.803342277052830789e-01,0.000000000000000000e+00,4.093622122480000125e-01,0.000000000000000000e+00,4.320100630029273803e-01,3.762248562249603800e-01,4.592982795226802084e-01,3.863212091266319814e-01,3.948155850781550069e-01,4.224331919077146114e-01,4.283024287194500124e-01,4.158058285314644165e-01,0.000000000000000000e+00,3.917715036258332950e-01,4.212847464451898172e-01,3.944724141632561243e-01,4.119260571835263729e-01,4.500405577486388253e-01,0.000000000000000000e+00,0.000000000000000000e+00,0.000000000000000000e+00,4.510959892796653770e-01,4.824091252339796076e-01,5.023137345701151890e-01,5.080856224571187463e-01,0.000000000000000000e+00,0.000000000000000000e+00,0.000000000000000000e+00,3.793946324195343056e-01,5.023299973292524312e-01,0.000000000000000000e+00,0.000000000000000000e+00,0.000000000000000000e+00,4.293711155031151860e-01,0.000000000000000000e+00,4.522492818650216129e-01,0.000000000000000000e+00,0.000000000000000000e+00,0.000000000000000000e+00,0.000000000000000000e+00,5.669599343789086809e-01,0.000000000000000000e+00,4.384161247871303235e-01,4.773947870506108915e-01,0.000000000000000000e+00,0.000000000000000000e+00,0.000000000000000000e+00,4.354395712190641810e-01,4.066199224387774813e-01,4.850825374060708239e-01,4.718148018249754827e-01,0.000000000000000000e+00,5.104101739504334212e-01,5.193160265942420306e-01,4.822967196726126171e-01,4.949489509199371251e-01,4.255944507589892734e-01,0.000000000000000000e+00,5.184585067757109256e-01
