0.000000000000000000e+00,4.159155218660463005e-01,0.000000000000000000e+00,0.000000000000000000e+00,0.000000000000000000e+00,4.759265793442508108e-01,0.000000000000000000e+00,5.587282569898370799e-01,0.000000000000000000e+00,0.000000000000000000e+00,0.000000000000000000e+00,4.172732981607463199e-01,5.002928578454847175e-01,0.000000000000000000e+00,3.837205547723950838e-01,4.007879202636159821e-01,3.673929913451813856e-01,4.077133930213555080e-01,0.000000000000000000e+00,4.535322437529669126e-01,4.312864127143066217e-01,4.171979167202439220e-01,4.923282361242101723e-01,3.955737221310114959e-01,3.988863677328953194e-01,3.793606293588127065e-01,4.730934874101558885e-01,4.322794955117998938e-01,4.336824511726319886e-01,0.000000000000000000e+00,3.874910977760662734e-01,4.442861705299189223e-01,3.583606625541915225e-01,3.766216074203401210e-01,4.255228970202267202e-01,0.000000000000000000e+00,0.000000000000000000e+00,0.000000000000000000e+00,5.121230292574275866e-01,4.490743960876411034e-01,4.997279192405155723e-01,0.000000000000000000e+00,0.000000000000000000e+00,0.000000000000000000e+00,0.000000000000000000e+00,4.584399845423418052e-01,4.934622669520355998e-01,0.000000000000000000e+00,0.000000000000000000e+00,0.000000000000000000e+00,0.000000000000000000e+00,0.000000000000000000e+00,0.000000000000000000e+00,0.000000000000000000e+00,0.000000000000000000e+00,0.000000000000000000e+00,0.000000000000000000e+00,0.000000000000000000e+00,0.000000000000000000e+00,0.000000000000000000e+00,4.925174665448571187e-01,0.000000000000000000e+00,4.820255197128103797e-01,0.000000000000000000e+00,0.000000000000000000e+00,5.286544633415714012e-01,5.110767932424982174e-01,0.000000000000000000e+00,0.000000000000000000e+00,4.755401936941808239e-01,4.987879317076667207e-01,0.000000000000000000e+00,0.000000000000000000e+00,0.000000000000000000e+00,0.000000000000000000e+00,5.347842617834616119e-01
4.159155218660463005e-01,0.000000000000000000e+00,0.000000000000000000e+00,0.000000000000000000e+00,5.086834902392636248e-01,4.576946829079379109e-01,4.982901657545151242e-01,4.890901275300775786e-01,4.715358805238770157e-01,0.000000000000000000e+00,0.000000000000000000e+00,0.000000000000000000e+00,5.001766882711360385e-01,0.000000000000000000e+00,4.464509680968850036e-01,4.191708004887818029e-01,0.000000000000000000e+00,4.150236519445335004e-01,0.000000000000000000e+00,4.409075009544776158e-01,4.219693410932268129e-01,4.055154264273441167e-01,4.725679638911163827e-01,0.000000000000000000e+00,4.001960538185808103e-01,3.961391869795142795e-01,4.634827970189613899e-01,4.962843579810852779e-01,4.599183502874288898e-01,0.000000000000000000e+00,3.896044909674176160e-01,4.546712470986454813e-01,3.625535594850213816e-01,3.967806580012520068e-01,4.643070584563798175e-01,0.000000000000000000e+00,0.000000000000000000e+00,0.000000000000000000e+00,4.995247375297091064e-01,4.330247068693198753e-01,4.766959812388589235e-01,5.106915498742989890e-01,0.000000000000000000e+00,0.000000000000000000e+00,0.000000000000000000e+00,4.599396031122949258e-01,4.786751991505264203e-01,0.000000000000000000e+00,0.000000000000000000e+00,0.000000000000000000e+00,5.118257361193451205e-01,0.000000000000000000e+00,0.000000000000000000e+00,0.000000000000000000e+00,0.000000000000000000e+00,0.000000000000000000e+00,0.000000000000000000e+00,0.000000000000000000e+00,0.000000000000000000e+00,5.049077761645586193e-01,4.808533889572311204e-01,0.000000000000000000e+00,4.380032089011809959e-01,0.000000000000000000e+00,4.804732502384561066e-01,5.174375075226097520e-01,4.980782663725772941e-01,5.365696511289415049e-01,0.000000000000000000e+00,4.434766439490733236e-01,4.937839948087032749e-01,4.945995138079938847e-01,0.000000000000000000e+00,4.892234812190061066e-01,0.000000000000000000e+00,4.687650988276145791e-01
0.000000000000000000e+00,0.000000000000000000e+00,0.000000000000000000e+00,1.084974605659149022e-01,4.436969191458958184e-01,4.508809725248099087e-01,5.065470103092474252e-01,5.118944712250099727e-01,3.738686930810202758e-01,1.366818454632532931e-01,4.324627831823442126e-01,1.446661517501139915e-01,5.055400616979638384e-01,4.590445261405942112e-01,0.000000000000000000e+00,0.000000000000000000e+00,0.000000000000000000e+00,0.000000000000000000e+00,3.811942297053642070e-01,0.000000000000000000e+00,0.000000000000000000e+00,0.000000000000000000e+00,3.992336866888608893e-01,0.000000000000000000e+00,0.000000000000000000e+00,0.000000000000000000e+00,3.602764630793581224e-01,5.042240869573019202e-01,0.000000000000000000e+00,0.000000000000000000e+00,5.403477898136388458e-01,4.903535661486866926e-01,0.000000000000000000e+00,5.095977956714661250e-01,5.227926349830761543e-01,4.449176484334981807e-01,5.118729484746372682e-01,0.000000000000000000e+00,5.287768652922468782e-01,0.000000000000000000e+00,1.357753081291697972e-01,0.000000000000000000e+00,5.492586082590932284e-01,0.000000000000000000e+00,0.000000000000000000e+00,0.000000000000000000e+00,0.000000000000000000e+00,5.692136952611618339e-01,0.000000000000000000e+00,5.493322108154282679e-01,6.042170493175664792e-01,6.385861132174118771e-01,5.957335215077603774e-01,6.144745043268264872e-01,0.000000000000000000e+00,5.227742669505979212e-01,0.000000000000000000e+00,1.620068532629561908e-01,5.116767819992001920e-01,0.000000000000000000e+00,0.000000000000000000e+00,0.000000000000000000e+00,0.000000000000000000e+00,5.387173374555715988e-01,0.000000000000000000e+00,0.000000000000000000e+00,0.000000000000000000e+00,6.326590331216883634e-01,0.000000000000000000e+00,0.000000000000000000e+00,0.000000000000000000e+00,6.068802485687458947e-01,6.556325462959292638e-01,0.000000000000000000e+00,0.000000000000000000e+00,0.000000000000000000e+00
0.000000000000000000e+00,0.000000000000000000e+00,1.084974605659149022e-01,0.000000000000000000e+00,2.162567991664335887e-01,4.885191880312377832e-01,2.750665271322623728e-01,4.074355798561160036e-01,4.596623933848031918e-01,4.241578352951879127e-01,3.788539655296662145e-01,0.000000000000000000e+00,2.920701714258588932e-01,2.385259516383710088e-01,0.000000000000000000e+00,0.000000000000000000e+00,0.000000000000000000e+00,0.000000000000000000e+00,4.440457155569514924e-01,0.000000000000000000e+00,0.000000000000000000e+00,0.000000000000000000e+00,4.259648452509389727e-01,0.000000000000000000e+00,0.000000000000000000e+00,0.000000000000000000e+00,0.000000000000000000e+00,2.245941056007509928e-01,0.000000000000000000e+00,0.000000000000000000e+00,3.122222913885843165e-01,2.999584202344515171e-01,0.000000000000000000e+00,2.920489282586555269e-01,2.665755489418025204e-01,1.647075159806049016e-01,1.332944292682093912e-01,0.000000000000000000e+00,0.000000000000000000e+00,0.000000000000000000e+00,0.000000000000000000e+00,0.000000000000000000e+00,0.000000000000000000e+00,0.000000000000000000e+00,0.000000000000000000e+00,0.000000000000000000e+00,0.000000000000000000e+00,0.000000000000000000e+00,0.000000000000000000e+00,0.000000000000000000e+00,0.000000000000000000e+00,0.000000000000000000e+00,0.000000000000000000e+00,0.000000000000000000e+00,0.000000000000000000e+00,0.000000000000000000e+00,0.000000000000000000e+00,0.000000000000000000e+00,0.000000000000000000e+00,0.000000000000000000e+00,0.000000000000000000e+00,0.000000000000000000e+00,0.000000000000000000e+00,0.000000000000000000e+00,0.000000000000000000e+00,0.000000000000000000e+00,0.000000000000000000e+00,0.000000000000000000e+00,0.000000000000000000e+00,0.000000000000000000e+00,0.000000000000000000e+00,0.000000000000000000e+00,0.000000000000000000e+00,0.000000000000000000e+00,0.000000000000000000e+00,0.000000000000000000e+00
0.000000000000000000e+00,5.086834902392636248e-01,4.436969191458958184e-01,2.162567991664335887e-01,0.000000000000000000e+00,4.432224198213746136e-01,3.658808264189359893e-01,4.657752692173646736e-01,3.910508969085242925e-01,4.899047044059596234e-01,4.174179531634418239e-01,4.953805250416272177e-01,4.353371558508614125e-01,2.870714969703220820e-01,0.000000000000000000e+00,0.000000000000000000e+00,0.000000000000000000e+00,0.000000000000000000e+00,4.560899388351161154e-01,4.608383962310522164e-01,0.000000000000000000e+00,4.823048288117635085e-01,4.776028633672809165e-01,0.000000000000000000e+00,5.235734795595147206e-01,4.996223258726272265e-01,4.600433373210877086e-01,3.843283431118577065e-01,4.892988321035320887e-01,0.000000000000000000e+00,5.456292444989589985e-01,4.933934563149480756e-01,0.000000000000000000e+00,5.126166866073620376e-01,5.420495469992958615e-01,2.121116517665944945e-01,1.851946901780426036e-01,0.000000000000000000e+00,1.449016219380533932e-01,0.000000000000000000e+00,0.000000000000000000e+00,0.000000000000000000e+00,3.798965193906593263e-01,0.000000000000000000e+00,0.000000000000000000e+00,0.000000000000000000e+00,0.000000000000000000e+00,6.004424960197333183e-01,0.000000000000000000e+00,1.196853085045865017e-01,5.818594437676537501e-01,0.000000000000000000e+00,5.609961431064935944e-01,1.473916997482105085e-01,0.000000000000000000e+00,0.000000000000000000e+00,0.000000000000000000e+00,0.000000000000000000e+00,0.000000000000000000e+00,0.000000000000000000e+00,0.000000000000000000e+00,0.000000000000000000e+00,0.000000000000000000e+00,0.000000000000000000e+00,0.000000000000000000e+00,0.000000000000000000e+00,0.000000000000000000e+00,0.000000000000000000e+00,0.000000000000000000e+00,0.000000000000000000e+00,0.000000000000000000e+00,1.505447041079442938e-01,0.000000000000000000e+00,0.000000000000000000e+00,0.000000000000000000e+00,0.000000000000000000e+00
4.759265793442508108e-01,4.576946829079379109e-01,4.508809725248099087e-01,4.885191880312377832e-01,4.432224198213746136e-01,0.000000000000000000e+00,4.597612534847955179e-01,4.813852309947119767e-01,3.823974737908558130e-01,5.134096686850186941e-01,4.607002172246250082e-01,1.587953379915570951e-01,4.256431810534860860e-01,5.013578112416874344e-01,4.491158801931732780e-01,4.713619789171685781e-01,1.577053824631629020e-01,4.631678062655530947e-01,0.000000000000000000e+00,4.524484135055265033e-01,4.571276316022093167e-01,4.654610911055286904e-01,4.417550820820105861e-01,0.000000000000000000e+00,4.494915998399061086e-01,4.690879817609511782e-01,4.224592547957641275e-01,4.172007599408956158e-01,3.835901010606406758e-01,4.504766411000534210e-01,4.796120152835827155e-01,4.773757580092268249e-01,4.421369594590383034e-01,4.891082427755695794e-01,5.027657259642922538e-01,4.926173503117725061e-01,4.966011157137367737e-01,5.462817602024820918e-01,5.627287624125216769e-01,0.000000000000000000e+00,5.749994854018757318e-01,6.200199486958460904e-01,5.298600873414320844e-01,0.000000000000000000e+00,0.000000000000000000e+00,0.000000000000000000e+00,5.866896989870047374e-01,6.135467363237893101e-01,0.000000000000000000e+00,1.789824702647367927e-01,5.715126065492452945e-01,5.881124653593502449e-01,5.492759988444745334e-01,6.243492711258421535e-01,0.000000000000000000e+00,5.495089271686207644e-01,0.000000000000000000e+00,5.748143050042237023e-01,0.000000000000000000e+00,5.491799313815035610e-01,0.000000000000000000e+00,0.000000000000000000e+00,0.000000000000000000e+00,6.373914833351588261e-01,5.334070687237637554e-01,6.207366602734663008e-01,5.213365433167707064e-01,5.843366941954514227e-01,0.000000000000000000e+00,0.000000000000000000e+00,5.367986627591527782e-01,5.728971355354955941e-01,5.625589216491705402e-01,5.361412547519446292e-01,5.976228248814235977e-01,5.968860587517009764e-01
0.000000000000000000e+00,4.982901657545151242e-01,5.065470103092474252e-01,2.750665271322623728e-01,3.658808264189359893e-01,4.597612534847955179e-01,0.000000000000000000e+00,5.249733714444113630e-01,4.568337927334102933e-01,4.451952632180253833e-01,5.267766829740216927e-01,4.146292600450480204e-01,3.800551946389402191e-01,3.130701280506614781e-01,0.000000000000000000e+00,5.113438939354726376e-01,5.193670606747020635e-01,4.866843593364216791e-01,5.396580926242368070e-01,5.003488416484415113e-01,0.000000000000000000e+00,5.235581172222502078e-01,4.824543237784105210e-01,4.354000910209679942e-01,4.842406376008244751e-01,4.782137572872858788e-01,4.850217230549307978e-01,3.458141661499247177e-01,4.863037703976484938e-01,0.000000000000000000e+00,4.850546385830815099e-01,3.878437794620087087e-01,4.557971040145838981e-01,4.262608699395579182e-01,4.132196226986641907e-01,2.563144608937986124e-01,2.651384683654373076e-01,3.872949482437613167e-01,1.841832463700056044e-01,0.000000000000000000e+00,1.637731516271186127e-01,0.000000000000000000e+00,1.211191185914881063e-01,0.000000000000000000e+00,0.000000000000000000e+00,0.000000000000000000e+00,0.000000000000000000e+00,7.060599522768731262e-01,0.000000000000000000e+00,0.000000000000000000e+00,5.784285202405262671e-01,0.000000000000000000e+00,1.112453970595013997e-01,1.754326870027249075e-01,0.000000000000000000e+00,1.484293345485989957e-01,0.000000000000000000e+00,0.000000000000000000e+00,0.000000000000000000e+00,0.000000000000000000e+00,0.000000000000000000e+00,0.000000000000000000e+00,0.000000000000000000e+00,1.420735728466518133e-01,0.000000000000000000e+00,0.000000000000000000e+00,0.000000000000000000e+00,5.552546263422615258e-01,0.000000000000000000e+00,0.000000000000000000e+00,0.000000000000000000e+00,1.380700371165367868e-01,0.000000000000000000e+00,0.000000000000000000e+00,0.000000000000000000e+00,0.000000000000000000e+00
5.587282569898370799e-01,4.890901275300775786e-01,5.118944712250099727e-01,4.074355798561160036e-01,4.657752692173646736e-01,4.813852309947119767e-01,5.249733714444113630e-01,0.000000000000000000e+00,5.231435463087124038e-01,0.000000000000000000e+00,3.851047043402041070e-01,0.000000000000000000e+00,5.103368001837346180e-01,4.125011919337873145e-01,3.845203198430630076e-01,5.059528700356575870e-01,0.000000000000000000e+00,5.028515538948754582e-01,5.107008375062669359e-01,4.843593294685535899e-01,4.825350615441635904e-01,5.126848462052806532e-01,4.398040703962268760e-01,5.865305217381674430e-01,5.436142779203838593e-01,5.159715310771391117e-01,4.969277894012423258e-01,4.974690165030207223e-01,4.773958012165344100e-01,4.752750523472543120e-01,5.422889396651570104e-01,4.793639571354488815e-01,5.148111452742635263e-01,5.307092033628095784e-01,5.346378318578651756e-01,2.781258392252585754e-01,4.140073251874911153e-01,0.000000000000000000e+00,5.607976020459130018e-01,0.000000000000000000e+00,5.976024207138167510e-01,0.000000000000000000e+00,4.517627061140154776e-01,0.000000000000000000e+00,0.000000000000000000e+00,0.000000000000000000e+00,0.000000000000000000e+00,6.163847924186203198e-01,0.000000000000000000e+00,0.000000000000000000e+00,5.512006189756709640e-01,6.023429292285595871e-01,4.926469355971003772e-01,6.119072810267075502e-01,0.000000000000000000e+00,5.015963547546402612e-01,0.000000000000000000e+00,5.763349726225448499e-01,0.000000000000000000e+00,0.000000000000000000e+00,0.000000000000000000e+00,0.000000000000000000e+00,0.000000000000000000e+00,5.880158713895379252e-01,0.000000000000000000e+00,0.000000000000000000e+00,0.000000000000000000e+00,5.646513087909664774e-01,0.000000000000000000e+00,0.000000000000000000e+00,0.000000000000000000e+00,5.819690765162947033e-01,5.713211206131955100e-01,5.332586151795458695e-01,0.000000000000000000e+00,6.134456678922465267e-01
0.000000000000000000e+00,4.715358805238770157e-01,3.738686930810202758e-01,4.596623933848031918e-01,3.910508969085242925e-01,3.823974737908558130e-01,4.568337927334102933e-01,5.231435463087124038e-01,0.000000000000000000e+00,5.236681928902592320e-01,3.896918818251232097e-01,5.422116113903188150e-01,4.666151873283068130e-01,4.511316713634714870e-01,0.000000000000000000e+00,0.000000000000000000e+00,0.000000000000000000e+00,1.723180217420489102e-01,3.498828957499128811e-01,4.619820174274151259e-01,0.000000000000000000e+00,4.807057238288358070e-01,4.590877726845539186e-01,1.348241689002374066e-01,1.381552569281528919e-01,5.173874281665487018e-01,4.085538478658088946e-01,5.163887968591162059e-01,4.480625380563285076e-01,5.771371317644262700e-01,5.651961871823847350e-01,4.979244280709579917e-01,5.025413482848731794e-01,5.275031653630601891e-01,5.121532098282763901e-01,4.682884320552253010e-01,4.851807640385092935e-01,4.914111949693465986e-01,1.371550272575474128e-01,0.000000000000000000e+00,1.944270713845958065e-01,0.000000000000000000e+00,6.098707883269871566e-01,0.000000000000000000e+00,0.000000000000000000e+00,0.000000000000000000e+00,0.000000000000000000e+00,6.199106568354172397e-01,0.000000000000000000e+00,1.678821275704424076e-01,5.891954622659291152e-01,1.944052841542409094e-01,6.056684593508372405e-01,6.230447421382879769e-01,0.000000000000000000e+00,5.455942516108379658e-01,0.000000000000000000e+00,1.922170983634403085e-01,5.318356899015650452e-01,0.000000000000000000e+00,0.000000000000000000e+00,0.000000000000000000e+00,0.000000000000000000e+00,6.053325527719810584e-01,0.000000000000000000e+00,0.000000000000000000e+00,0.000000000000000000e+00,6.403399360133114060e-01,0.000000000000000000e+00,0.000000000000000000e+00,0.000000000000000000e+00,6.572628135964775353e-01,2.033127150883851098e-01,0.000000000000000000e+00,0.000000000000000000e+00,0.000000000000000000e+00
0.000000000000000000e+00,0.000000000000000000e+00,1.366818454632532931e-01,4.241578352951879127e-01,4.899047044059596234e-01,5.134096686850186941e-01,4.451952632180253833e-01,0.000000000000000000e+00,5.236681928902592320e-01,0.000000000000000000e+00,5.240088277712219300e-01,3.057981877803933046e-01,4.539416777035127915e-01,0.000000000000000000e+00,0.000000000000000000e+00,4.199545817925869895e-01,3.559726105156946763e-01,3.866746054059885807e-01,5.442954231376281315e-01,1.064357389920402991e-01,0.000000000000000000e+00,5.064736088451237128e-01,1.288294204396276954e-01,3.046474076137992149e-01,3.577913182978719187e-01,4.066162335221972235e-01,1.363035759766620947e-01,4.296468939146502741e-01,1.329312264403890997e-01,0.000000000000000000e+00,3.396244375110665792e-01,3.647189985667925183e-01,3.525274579273137143e-01,3.572878328172797158e-01,3.694307467325865790e-01,3.719379133408712845e-01,2.706164601243273848e-01,2.985490648264628177e-01,3.845845312519269865e-01,3.675977269941215209e-01,3.918597266317662142e-01,3.351424400997384812e-01,0.000000000000000000e+00,0.000000000000000000e+00,3.101898532155419885e-01,4.986757592282032858e-01,0.000000000000000000e+00,0.000000000000000000e+00,0.000000000000000000e+00,0.000000000000000000e+00,0.000000000000000000e+00,0.000000000000000000e+00,0.000000000000000000e+00,0.000000000000000000e+00,4.673131017287343036e-01,0.000000000000000000e+00,4.455964385762863911e-01,4.577792895197672074e-01,0.000000000000000000e+00,0.000000000000000000e+00,0.000000000000000000e+00,4.587939870615623805e-01,4.226758100412367769e-01,0.000000000000000000e+00,0.000000000000000000e+00,0.000000000000000000e+00,0.000000000000000000e+00,0.000000000000000000e+00,4.364198678795944142e-01,4.819361261188321865e-01,4.864670645786078884e-01,0.000000000000000000e+00,4.271806686243457274e-01,0.000000000000000000e+00,0.000000000000000000e+00,4.518912314155020815e-01
0.000000000000000000e+00,0.000000000000000000e+00,4.324627831823442126e-01,3.788539655296662145e-01,4.174179531634418239e-01,4.607002172246250082e-01,5.267766829740216927e-01,3.851047043402041070e-01,3.896918818251232097e-01,5.240088277712219300e-01,0.000000000000000000e+00,5.327732770138894347e-01,5.328779373228657024e-01,3.494356956891176980e-01,0.000000000000000000e+00,0.000000000000000000e+00,6.884719596628527949e-01,0.000000000000000000e+00,3.795333534451219015e-01,0.000000000000000000e+00,0.000000000000000000e+00,0.000000000000000000e+00,3.863937050251201044e-01,5.713960592824972595e-01,0.000000000000000000e+00,1.680492079956459883e-01,4.433078978116640756e-01,5.222249951000096369e-01,0.000000000000000000e+00,0.000000000000000000e+00,5.846257968306254327e-01,4.988527708462516252e-01,5.120910299616980854e-01,5.318766007022550646e-01,5.414404313298032401e-01,3.426265802378735126e-01,4.884890280855572753e-01,5.085296862274194529e-01,0.000000000000000000e+00,0.000000000000000000e+00,0.000000000000000000e+00,0.000000000000000000e+00,4.216926987905356139e-01,0.000000000000000000e+00,0.000000000000000000e+00,0.000000000000000000e+00,0.000000000000000000e+00,5.376821843876380402e-01,0.000000000000000000e+00,5.271717786320873067e-01,5.811030813186479627e-01,1.325156429244102874e-01,5.432925061735724981e-01,5.323610199135174748e-01,0.000000000000000000e+00,3.437861017965895272e-01,0.000000000000000000e+00,1.411573169783089110e-01,4.293116197994660821e-01,0.000000000000000000e+00,0.000000000000000000e+00,0.000000000000000000e+00,0.000000000000000000e+00,4.679091930235089736e-01,0.000000000000000000e+00,0.000000000000000000e+00,0.000000000000000000e+00,5.689381867316973818e-01,0.000000000000000000e+00,0.000000000000000000e+00,0.000000000000000000e+00,5.930030136404588204e-01,1.700380183479761886e-01,0.000000000000000000e+00,0.000000000000000000e+00,0.000000000000000000e+00
4.172732981607463199e-01,0.000000000000000000e+00,1.446661517501139915e-01,0.000000000000000000e+00,4.953805250416272177e-01,1.587953379915570951e-01,4.146292600450480204e-01,0.000000000000000000e+00,5.422116113903188150e-01,3.057981877803933046e-01,5.327732770138894347e-01,0.000000000000000000e+00,4.471912814536644909e-01,0.000000000000000000e+00,0.000000000000000000e+00,0.000000000000000000e+00,3.810318826446394969e-01,3.825183995042416019e-01,5.615228200076711751e-01,0.000000000000000000e+00,0.000000000000000000e+00,0.000000000000000000e+00,1.457153629566030062e-01,2.981115879310254901e-01,3.699349778597614824e-01,3.519930123510248143e-01,1.478126499661331916e-01,3.812686328641852751e-01,0.000000000000000000e+00,0.000000000000000000e+00,3.488468420449157836e-01,3.116055981350562831e-01,3.256949754549298137e-01,2.821628065939431051e-01,2.853738924984220993e-01,2.870331362841699874e-01,2.695347909953071941e-01,2.646836461876717062e-01,3.024661201076042083e-01,3.924683474381039927e-01,3.823592259581243824e-01,0.000000000000000000e+00,0.000000000000000000e+00,0.000000000000000000e+00,3.616941821745979224e-01,0.000000000000000000e+00,0.000000000000000000e+00,0.000000000000000000e+00,0.000000000000000000e+00,0.000000000000000000e+00,0.000000000000000000e+00,0.000000000000000000e+00,0.000000000000000000e+00,0.000000000000000000e+00,4.575436830897566809e-01,0.000000000000000000e+00,4.468761558275098911e-01,4.796857320668945213e-01,0.000000000000000000e+00,0.000000000000000000e+00,0.000000000000000000e+00,4.727686312893398801e-01,4.277137757076002744e-01,0.000000000000000000e+00,0.000000000000000000e+00,0.000000000000000000e+00,0.000000000000000000e+00,0.000000000000000000e+00,4.367918876159824770e-01,4.698380825772546232e-01,4.733096482656919957e-01,0.000000000000000000e+00,4.553242301881039733e-01,0.000000000000000000e+00,0.000000000000000000e+00,4.531870620530358273e-01
5.002928578454847175e-01,5.001766882711360385e-01,5.055400616979638384e-01,2.920701714258588932e-01,4.353371558508614125e-01,4.256431810534860860e-01,3.800551946389402191e-01,5.103368001837346180e-01,4.666151873283068130e-01,4.539416777035127915e-01,5.328779373228657024e-01,4.471912814536644909e-01,0.000000000000000000e+00,3.801621545622799192e-01,4.242070558805491887e-01,5.283314703624695241e-01,4.825659691506721805e-01,4.952529204181063127e-01,5.414070204409416887e-01,4.851777041520703992e-01,4.898366974261674778e-01,5.153796544681672476e-01,4.832820981409958194e-01,4.602343408700840799e-01,4.844628256537688027e-01,4.717362055852402092e-01,4.863022496523409788e-01,3.734122840699464208e-01,4.454745408024067266e-01,4.220928271921962072e-01,4.379621741152004977e-01,4.075409166926043936e-01,4.409771725559045730e-01,4.339794235116323784e-01,4.368531117968015853e-01,2.843961612902414782e-01,2.908483930008777807e-01,3.979045820826447866e-01,5.249829857948362655e-01,0.000000000000000000e+00,1.616459001673085927e-01,1.298068953631462130e-01,1.302533182002741097e-01,0.000000000000000000e+00,0.000000000000000000e+00,0.000000000000000000e+00,0.000000000000000000e+00,1.844890917420914100e-01,0.000000000000000000e+00,0.000000000000000000e+00,5.383528781023743104e-01,2.127971987323727110e-01,5.282307680326144839e-01,0.000000000000000000e+00,0.000000000000000000e+00,1.451333181512788895e-01,4.593738094464686061e-01,0.000000000000000000e+00,0.000000000000000000e+00,7.029178256765967747e-01,0.000000000000000000e+00,0.000000000000000000e+00,0.000000000000000000e+00,0.000000000000000000e+00,5.979079892198664314e-01,0.000000000000000000e+00,2.033799240140601039e-01,5.692105951135915110e-01,0.000000000000000000e+00,1.644983550037110998e-01,6.120053741113511414e-01,5.535569543736035270e-01,0.000000000000000000e+00,5.901229261991094432e-01,0.000000000000000000e+00,0.000000000000000000e+00
0.000000000000000000e+00,0.000000000000000000e+00,4.590445261405942112e-01,2.385259516383710088e-01,2.870714969703220820e-01,5.013578112416874344e-01,3.130701280506614781e-01,4.125011919337873145e-01,4.511316713634714870e-01,0.000000000000000000e+00,3.494356956891176980e-01,0.000000000000000000e+00,3.801621545622799192e-01,0.000000000000000000e+00,0.000000000000000000e+00,0.000000000000000000e+00,0.000000000000000000e+00,0.000000000000000000e+00,4.497426491984798935e-01,0.000000000000000000e+00,4.924376064731544878e-01,0.000000000000000000e+00,4.453847513892530974e-01,0.000000000000000000e+00,0.000000000000000000e+00,0.000000000000000000e+00,5.067427432150820588e-01,2.795766975255358777e-01,0.000000000000000000e+00,0.000000000000000000e+00,0.000000000000000000e+00,4.919265665482588923e-01,0.000000000000000000e+00,4.294898175937755802e-01,0.000000000000000000e+00,2.345211466227823116e-01,1.436634887309805875e-01,0.000000000000000000e+00,0.000000000000000000e+00,0.000000000000000000e+00,0.000000000000000000e+00,0.000000000000000000e+00,4.050943020992541221e-01,0.000000000000000000e+00,0.000000000000000000e+00,0.000000000000000000e+00,0.000000000000000000e+00,5.480315818201083600e-01,0.000000000000000000e+00,0.000000000000000000e+00,0.000000000000000000e+00,0.000000000000000000e+00,0.000000000000000000e+00,5.449818331469616917e-01,0.000000000000000000e+00,4.226928748679295023e-01,0.000000000000000000e+00,0.000000000000000000e+00,0.000000000000000000e+00,0.000000000000000000e+00,0.000000000000000000e+00,0.000000000000000000e+00,0.000000000000000000e+00,0.000000000000000000e+00,0.000000000000000000e+00,0.000000000000000000e+00,0.000000000000000000e+00,5.376431278008858561e-01,0.000000000000000000e+00,0.000000000000000000e+00,0.000000000000000000e+00,5.855744212981176533e-01,0.000000000000000000e+00,0.000000000000000000e+00,0.000000000000000000e+00,0.000000000000000000e+00
3.837205547723950838e-01,4.464509680968850036e-01,0.000000000000000000e+00,0.000000000000000000e+00,0.000000000000000000e+00,4.491158801931732780e-01,0.000000000000000000e+00,3.845203198430630076e-01,0.000000000000000000e+00,0.000000000000000000e+00,0.000000000000000000e+00,0.000000000000000000e+00,4.242070558805491887e-01,0.000000000000000000e+00,0.000000000000000000e+00,4.665958777699726889e-01,0.000000000000000000e+00,4.425062356870498870e-01,0.000000000000000000e+00,3.371958664486949253e-01,4.357129671078125988e-01,4.019437050037065751e-01,3.959815828120958892e-01,5.390284530856216394e-01,4.284804576071059024e-01,4.052909569087081998e-01,4.295482871396251734e-01,4.141096610695467195e-01,4.532425416217588099e-01,0.000000000000000000e+00,4.775692989388157783e-01,4.971448337244070981e-01,4.311908660089697753e-01,4.920632562156331824e-01,5.470328567677986698e-01,0.000000000000000000e+00,0.000000000000000000e+00,0.000000000000000000e+00,5.565489653436350714e-01,5.411877095315307251e-01,5.410958348226415637e-01,5.837899267972372908e-01,6.948514733753308192e-01,0.000000000000000000e+00,0.000000000000000000e+00,0.000000000000000000e+00,5.185544472779956005e-01,0.000000000000000000e+00,0.000000000000000000e+00,0.000000000000000000e+00,5.162578811518001576e-01,0.000000000000000000e+00,0.000000000000000000e+00,0.000000000000000000e+00,0.000000000000000000e+00,0.000000000000000000e+00,0.000000000000000000e+00,1.182723303665556003e-01,0.000000000000000000e+00,5.671534919227676497e-01,5.401347806216321157e-01,0.000000000000000000e+00,0.000000000000000000e+00,0.000000000000000000e+00,5.252526129922414633e-01,5.430763507579022820e-01,5.568756297523012044e-01,5.474032764186320676e-01,0.000000000000000000e+00,1.582739178132742119e-01,5.465518589292139850e-01,5.542211767994357219e-01,1.241303353465886966e-01,5.414396305449692415e-01,0.000000000000000000e+00,5.488548991850999981e-01
4.007879202636159821e-01,4.191708004887818029e-01,0.000000000000000000e+00,0.000000000000000000e+00,0.000000000000000000e+00,4.713619789171685781e-01,5.113438939354726376e-01,5.059528700356575870e-01,0.000000000000000000e+00,4.199545817925869895e-01,0.000000000000000000e+00,0.000000000000000000e+00,5.283314703624695241e-01,0.000000000000000000e+00,4.665958777699726889e-01,0.000000000000000000e+00,3.999483168091748087e-01,3.640174935321526251e-01,0.000000000000000000e+00,4.422896004805693115e-01,4.495140412374971084e-01,4.210140135892401214e-01,4.670675964964998150e-01,3.675577698130915172e-01,4.011019139027027225e-01,4.254571105232194950e-01,4.735928287907558154e-01,4.911246764253712205e-01,4.679616371571029831e-01,5.070129230144326815e-01,3.684795077540822805e-01,4.881658320190678246e-01,4.044655235904554003e-01,3.948899218596150229e-01,4.714853622370471786e-01,0.000000000000000000e+00,0.000000000000000000e+00,0.000000000000000000e+00,4.882260444311061764e-01,4.245284911554881857e-01,4.675466830827330056e-01,5.234349848187773713e-01,0.000000000000000000e+00,0.000000000000000000e+00,0.000000000000000000e+00,4.586872045184620106e-01,4.621197604451419139e-01,0.000000000000000000e+00,0.000000000000000000e+00,0.000000000000000000e+00,0.000000000000000000e+00,0.000000000000000000e+00,0.000000000000000000e+00,0.000000000000000000e+00,0.000000000000000000e+00,0.000000000000000000e+00,0.000000000000000000e+00,0.000000000000000000e+00,0.000000000000000000e+00,5.317811210711977932e-01,4.662526282428494095e-01,0.000000000000000000e+00,4.477933810503372802e-01,0.000000000000000000e+00,1.142567791173294961e-01,0.000000000000000000e+00,4.874591824525627004e-01,1.718447103613205129e-01,0.000000000000000000e+00,4.357017694087687021e-01,4.816773386174650895e-01,1.510972486137522885e-01,0.000000000000000000e+00,1.420226505012320006e-01,0.000000000000000000e+00,4.463127525080695102e-01
3.673929913451813856e-01,0.000000000000000000e+00,0.000000000000000000e+00,0.000000000000000000e+00,0.000000000000000000e+00,1.577053824631629020e-01,5.193670606747020635e-01,0.000000000000000000e+00,0.000000000000000000e+00,3.559726105156946763e-01,6.884719596628527949e-01,3.810318826446394969e-01,4.825659691506721805e-01,0.000000000000000000e+00,0.000000000000000000e+00,3.999483168091748087e-01,0.000000000000000000e+00,3.598893277539875202e-01,0.000000000000000000e+00,4.634583501672432937e-01,0.000000000000000000e+00,4.182462478113628257e-01,0.000000000000000000e+00,4.111563482310713891e-01,3.695371830250914202e-01,4.138165445674050757e-01,0.000000000000000000e+00,4.633568369883767080e-01,5.134485812965806639e-01,0.000000000000000000e+00,3.773638903194106997e-01,4.549620557849861080e-01,3.966112973717557111e-01,4.122306717300868173e-01,4.310116345677849070e-01,0.000000000000000000e+00,0.000000000000000000e+00,3.851844734379152868e-01,0.000000000000000000e+00,4.217196086095111873e-01,0.000000000000000000e+00,0.000000000000000000e+00,0.000000000000000000e+00,0.000000000000000000e+00,0.000000000000000000e+00,0.000000000000000000e+00,0.000000000000000000e+00,0.000000000000000000e+00,0.000000000000000000e+00,0.000000000000000000e+00,0.000000000000000000e+00,0.000000000000000000e+00,0.000000000000000000e+00,0.000000000000000000e+00,4.986749937334991056e-01,0.000000000000000000e+00,4.777396645687931875e-01,0.000000000000000000e+00,0.000000000000000000e+00,0.000000000000000000e+00,0.000000000000000000e+00,4.727518576525532867e-01,4.454945858001790882e-01,0.000000000000000000e+00,0.000000000000000000e+00,0.000000000000000000e+00,0.000000000000000000e+00,0.000000000000000000e+00,4.822859431024976162e-01,5.050182186696791087e-01,5.095054209483957930e-01,0.000000000000000000e+00,0.000000000000000000e+00,0.000000000000000000e+00,0.000000000000000000e+00,0.000000000000000000e+00
4.077133930213555080e-01,4.150236519445335004e-01,0.000000000000000000e+00,0.000000000000000000e+00,0.000000000000000000e+00,4.631678062655530947e-01,4.866843593364216791e-01,5.028515538948754582e-01,1.723180217420489102e-01,3.866746054059885807e-01,0.000000000000000000e+00,3.825183995042416019e-01,4.952529204181063127e-01,0.000000000000000000e+00,4.425062356870498870e-01,3.640174935321526251e-01,3.598893277539875202e-01,0.000000000000000000e+00,0.000000000000000000e+00,4.506494605357840855e-01,4.271534003733771789e-01,4.362582250315448218e-01,4.553603642059277923e-01,4.122833504348725198e-01,3.968977177950699931e-01,4.112711717920228272e-01,4.600281089117146949e-01,4.672941417714028822e-01,4.698852355963040184e-01,5.078553753287092798e-01,3.848442731750770784e-01,4.555743161592373247e-01,3.959424000764749096e-01,4.122055250341656873e-01,4.294410723333547120e-01,0.000000000000000000e+00,0.000000000000000000e+00,0.000000000000000000e+00,4.655447356868879782e-01,4.031444605870687092e-01,4.536907160179792231e-01,4.097621992187026052e-01,0.000000000000000000e+00,0.000000000000000000e+00,0.000000000000000000e+00,4.642950259508630828e-01,4.612418829643313845e-01,0.000000000000000000e+00,0.000000000000000000e+00,0.000000000000000000e+00,0.000000000000000000e+00,0.000000000000000000e+00,0.000000000000000000e+00,0.000000000000000000e+00,4.488978560225990178e-01,0.000000000000000000e+00,4.448209710358517754e-01,0.000000000000000000e+00,0.000000000000000000e+00,0.000000000000000000e+00,4.618015883340645944e-01,4.361843047511602123e-01,4.358497112548425090e-01,0.000000000000000000e+00,0.000000000000000000e+00,0.000000000000000000e+00,4.460409637707599129e-01,0.000000000000000000e+00,4.569771625568013196e-01,4.488066772075410271e-01,4.732767553838609920e-01,0.000000000000000000e+00,0.000000000000000000e+00,0.000000000000000000e+00,0.000000000000000000e+00,4.423247978893194987e-01
0.000000000000000000e+00,0.000000000000000000e+00,3.811942297053642070e-01,4.440457155569514924e-01,4.560899388351161154e-01,0.000000000000000000e+00,5.396580926242368070e-01,5.107008375062669359e-01,3.498828957499128811e-01,5.442954231376281315e-01,3.795333534451219015e-01,5.615228200076711751e-01,5.414070204409416887e-01,4.497426491984798935e-01,0.000000000000000000e+00,0.000000000000000000e+00,0.000000000000000000e+00,0.000000000000000000e+00,0.000000000000000000e+00,0.000000000000000000e+00,0.000000000000000000e+00,0.000000000000000000e+00,4.216857523409673902e-01,0.000000000000000000e+00,0.000000000000000000e+00,0.000000000000000000e+00,4.362118952375895753e-01,5.453839898289043475e-01,0.000000000000000000e+00,0.000000000000000000e+00,5.430971265555222249e-01,4.933390806652150906e-01,0.000000000000000000e+00,5.139609582703726920e-01,5.293906061230403415e-01,4.507663896769750767e-01,5.178440413797976705e-01,1.031902039238388052e-01,0.000000000000000000e+00,0.000000000000000000e+00,0.000000000000000000e+00,0.000000000000000000e+00,5.423314036185169495e-01,0.000000000000000000e+00,0.000000000000000000e+00,0.000000000000000000e+00,0.000000000000000000e+00,6.065871262987526658e-01,0.000000000000000000e+00,1.437041172048640070e-01,6.095804780740852191e-01,1.548222465146527060e-01,6.716535097634921403e-01,5.621147781224264950e-01,0.000000000000000000e+00,5.273634822482807794e-01,0.000000000000000000e+00,1.847620863620250131e-01,0.000000000000000000e+00,0.000000000000000000e+00,0.000000000000000000e+00,0.000000000000000000e+00,0.000000000000000000e+00,6.004120966627831679e-01,0.000000000000000000e+00,0.000000000000000000e+00,0.000000000000000000e+00,6.546192723935315705e-01,0.000000000000000000e+00,0.000000000000000000e+00,0.000000000000000000e+00,6.368150033791787346e-01,0.000000000000000000e+00,0.000000000000000000e+00,0.000000000000000000e+00,0.000000000000000000e+00
4.535322437529669126e-01,4.409075009544776158e-01,0.000000000000000000e+00,0.000000000000000000e+00,4.608383962310522164e-01,4.524484135055265033e-01,5.003488416484415113e-01,4.843593294685535899e-01,4.619820174274151259e-01,1.064357389920402991e-01,0.000000000000000000e+00,0.000000000000000000e+00,4.851777041520703992e-01,0.000000000000000000e+00,3.371958664486949253e-01,4.422896004805693115e-01,4.634583501672432937e-01,4.506494605357840855e-01,0.000000000000000000e+00,0.000000000000000000e+00,4.747617290619358110e-01,4.011544027947245850e-01,2.974882704886774865e-01,0.000000000000000000e+00,4.389250813918941230e-01,4.573379239319151912e-01,4.159201676846588924e-01,4.375039333197336955e-01,3.684723247694450254e-01,3.956686875022795147e-01,4.201449388032432175e-01,5.128682545640123047e-01,4.553341020218905077e-01,4.841213365749569841e-01,5.369677792639315772e-01,5.337830289067859724e-01,0.000000000000000000e+00,0.000000000000000000e+00,5.432853857873969350e-01,4.896007784656783990e-01,5.438659279423968540e-01,5.739693442988241801e-01,1.085571697441179012e-01,0.000000000000000000e+00,0.000000000000000000e+00,0.000000000000000000e+00,4.651662733845313147e-01,0.000000000000000000e+00,0.000000000000000000e+00,0.000000000000000000e+00,1.166765226894813934e-01,0.000000000000000000e+00,0.000000000000000000e+00,0.000000000000000000e+00,0.000000000000000000e+00,0.000000000000000000e+00,0.000000000000000000e+00,1.728164616310444990e-01,0.000000000000000000e+00,5.384254738154634623e-01,1.948112228092699905e-01,0.000000000000000000e+00,0.000000000000000000e+00,0.000000000000000000e+00,5.482330704286227929e-01,5.150265763092213289e-01,5.297999201683341042e-01,5.494492343645159815e-01,0.000000000000000000e+00,1.902737318307902992e-01,5.039819462643212455e-01,5.633812097085237891e-01,5.819130217795407400e-01,5.313991799879007605e-01,1.118076663368391954e-01,5.687456122193872421e-01
4.312864127143066217e-01,4.219693410932268129e-01,0.000000000000000000e+00,0.000000000000000000e+00,0.000000000000000000e+00,4.571276316022093167e-01,0.000000000000000000e+00,4.825350615441635904e-01,0.000000000000000000e+00,0.000000000000000000e+00,0.000000000000000000e+00,0.000000000000000000e+00,4.898366974261674778e-01,4.924376064731544878e-01,4.357129671078125988e-01,4.495140412374971084e-01,0.000000000000000000e+00,4.271534003733771789e-01,0.000000000000000000e+00,4.747617290619358110e-01,0.000000000000000000e+00,4.496730160242009000e-01,4.449091033675989237e-01,5.454937518156651732e-01,4.543684548391411782e-01,4.303197952095939027e-01,4.745223450388352249e-01,4.907725546085853763e-01,4.899692211757408766e-01,0.000000000000000000e+00,4.311711908021719775e-01,4.730657489981667796e-01,3.926127754582993123e-01,4.353340290227170062e-01,4.867487088622132196e-01,0.000000000000000000e+00,0.000000000000000000e+00,0.000000000000000000e+00,5.609765022429376025e-01,5.072691228638472882e-01,5.386775042048191908e-01,6.092733289745418945e-01,0.000000000000000000e+00,0.000000000000000000e+00,0.000000000000000000e+00,4.131455605301552758e-01,5.180037190606516795e-01,0.000000000000000000e+00,0.000000000000000000e+00,0.000000000000000000e+00,5.127515507652100624e-01,0.000000000000000000e+00,0.000000000000000000e+00,0.000000000000000000e+00,0.000000000000000000e+00,0.000000000000000000e+00,0.000000000000000000e+00,1.023915041070437987e-01,0.000000000000000000e+00,5.479522958609990280e-01,5.166184859549202146e-01,0.000000000000000000e+00,0.000000000000000000e+00,0.000000000000000000e+00,5.284225311712924533e-01,4.546517583724696832e-01,5.409733562759547754e-01,5.186730415691149787e-01,0.000000000000000000e+00,1.266680572697488905e-01,5.310190223949473598e-01,5.236350118379335949e-01,5.498335398072629054e-01,5.537052472177196316e-01,0.000000000000000000e+00,5.649226209405560084e-01
