0.000000000000000000e+00,3.644097006934968186e-01,0.000000000000000000e+00,0.000000000000000000e+00,0.000000000000000000e+00,4.596895779139207883e-01,0.000000000000000000e+00,4.930283569634532070e-01,0.000000000000000000e+00,0.000000000000000000e+00,0.000000000000000000e+00,0.000000000000000000e+00,1.289189709994993938e-01,0.000000000000000000e+00,3.861671572856413825e-01,3.155613020541276903e-01,0.000000000000000000e+00,2.768687221612182170e-01,0.000000000000000000e+00,4.288091521253872829e-01,3.940590159050507135e-01,3.506546349192685152e-01,4.487769467614310948e-01,2.518809172295071175e-01,2.803340369104420082e-01,2.409668768816378981e-01,4.394321289741411896e-01,4.863872858428608947e-01,4.590706289220249925e-01,0.000000000000000000e+00,3.131390174625546252e-01,3.773208328222160124e-01,2.613256072609311809e-01,3.374007332328641806e-01,3.786708998352565914e-01,0.000000000000000000e+00,0.000000000000000000e+00,0.000000000000000000e+00,3.651583247837162927e-01,3.384335937304299158e-01,3.336622744689989872e-01,0.000000000000000000e+00,0.000000000000000000e+00,0.000000000000000000e+00,0.000000000000000000e+00,2.347667553968542098e-01,3.819872641708044192e-01,0.000000000000000000e+00,0.000000000000000000e+00,0.000000000000000000e+00,0.000000000000000000e+00,0.000000000000000000e+00,0.000000000000000000e+00,0.000000000000000000e+00,0.000000000000000000e+00,0.000000000000000000e+00,0.000000000000000000e+00,0.000000000000000000e+00,0.000000000000000000e+00,0.000000000000000000e+00,3.784120213375508079e-01,0.000000000000000000e+00,3.574507474316014899e-01,0.000000000000000000e+00,0.000000000000000000e+00,2.290231737027406123e-01,3.721534993222945231e-01,0.000000000000000000e+00,0.000000000000000000e+00,3.266017446288668746e-01,4.297544490350665991e-01,0.000000000000000000e+00,0.000000000000000000e+00,0.000000000000000000e+00,0.000000000000000000e+00,3.408221748748380131e-01
3.644097006934968186e-01,0.000000000000000000e+00,0.000000000000000000e+00,0.000000000000000000e+00,4.225165015230160082e-01,3.927335548805961918e-01,4.137632284208390132e-01,4.632455754153165239e-01,3.829653998189520014e-01,0.000000000000000000e+00,0.000000000000000000e+00,0.000000000000000000e+00,4.083634692791284215e-01,0.000000000000000000e+00,3.908511282661851771e-01,3.478991211724877242e-01,0.000000000000000000e+00,3.282602661580885095e-01,0.000000000000000000e+00,4.166149906026787031e-01,3.927160798553817056e-01,3.751355536146021019e-01,4.144510883923250844e-01,0.000000000000000000e+00,3.418221652719468096e-01,3.550653715759055085e-01,4.284550664403922182e-01,4.113471820728609174e-01,4.055904546597519089e-01,0.000000000000000000e+00,3.162401861443954743e-01,3.834043724869485859e-01,3.008930522202388214e-01,3.524042515411395793e-01,4.017663343572118184e-01,0.000000000000000000e+00,0.000000000000000000e+00,0.000000000000000000e+00,4.162106231190820793e-01,4.071584400070382137e-01,3.861447808531637271e-01,4.230714144906856933e-01,0.000000000000000000e+00,0.000000000000000000e+00,0.000000000000000000e+00,3.954313916115377858e-01,3.831788732079254856e-01,0.000000000000000000e+00,0.000000000000000000e+00,0.000000000000000000e+00,1.380189878409228132e-01,0.000000000000000000e+00,0.000000000000000000e+00,0.000000000000000000e+00,0.000000000000000000e+00,0.000000000000000000e+00,0.000000000000000000e+00,0.000000000000000000e+00,0.000000000000000000e+00,4.579306135784106946e-01,4.025606168715988864e-01,0.000000000000000000e+00,4.082191047081963897e-01,0.000000000000000000e+00,4.176025412542277993e-01,4.356999146305560733e-01,4.038707559504899902e-01,4.645274799003586974e-01,0.000000000000000000e+00,4.115925397840611843e-01,4.328521517964075138e-01,1.228112163798806972e-01,0.000000000000000000e+00,4.262710476194780940e-01,0.000000000000000000e+00,3.924524603379034859e-01
0.000000000000000000e+00,0.000000000000000000e+00,0.000000000000000000e+00,4.738654232782595899e-01,3.945018878224931802e-01,3.946477365335703258e-01,4.320168953082104135e-01,4.785590570394818166e-01,3.152549975350644185e-01,1.366818454632532931e-01,3.368823924172164030e-01,1.446661517501139915e-01,4.362510300473300129e-01,4.808413560909706175e-01,0.000000000000000000e+00,0.000000000000000000e+00,0.000000000000000000e+00,0.000000000000000000e+00,3.133649391786478833e-01,0.000000000000000000e+00,0.000000000000000000e+00,0.000000000000000000e+00,3.573601153623627846e-01,0.000000000000000000e+00,0.000000000000000000e+00,0.000000000000000000e+00,3.381316569913013215e-01,4.496730841208190776e-01,0.000000000000000000e+00,0.000000000000000000e+00,4.714163564612691149e-01,4.351910732134133264e-01,0.000000000000000000e+00,4.701074816384517852e-01,0.000000000000000000e+00,4.305768613538151768e-01,4.512240990774887828e-01,0.000000000000000000e+00,5.324181458393014710e-01,0.000000000000000000e+00,6.539169989443025521e-01,0.000000000000000000e+00,4.852052713399203077e-01,0.000000000000000000e+00,0.000000000000000000e+00,0.000000000000000000e+00,0.000000000000000000e+00,3.878307681622856218e-01,0.000000000000000000e+00,5.516161251802704779e-01,5.466280772706976210e-01,5.756510173291168320e-01,5.469842306282235445e-01,5.084169053313783992e-01,0.000000000000000000e+00,4.236391516489674824e-01,0.000000000000000000e+00,5.693017285458513710e-01,5.033961240804677439e-01,0.000000000000000000e+00,0.000000000000000000e+00,0.000000000000000000e+00,0.000000000000000000e+00,4.335521964190232058e-01,0.000000000000000000e+00,0.000000000000000000e+00,0.000000000000000000e+00,5.873476123380745317e-01,0.000000000000000000e+00,0.000000000000000000e+00,0.000000000000000000e+00,5.796198993901235941e-01,6.079869955510583956e-01,0.000000000000000000e+00,0.000000000000000000e+00,0.000000000000000000e+00
0.000000000000000000e+00,0.000000000000000000e+00,4.738654232782595899e-01,0.000000000000000000e+00,2.768857644125639061e-01,4.058588293792310120e-01,2.424558702764504914e-01,4.005507644052432870e-01,0.000000000000000000e+00,3.086670097578527172e-01,4.042386579606350727e-01,0.000000000000000000e+00,2.959596452778084918e-01,2.526526475004726158e-01,0.000000000000000000e+00,0.000000000000000000e+00,0.000000000000000000e+00,0.000000000000000000e+00,4.136472439342960272e-01,4.404385419097098797e-01,0.000000000000000000e+00,0.000000000000000000e+00,4.080438956096896219e-01,0.000000000000000000e+00,0.000000000000000000e+00,0.000000000000000000e+00,4.081607913702388069e-01,1.944543942351247001e-01,4.734414062790713862e-01,0.000000000000000000e+00,3.343141224138083123e-01,3.176321549929443933e-01,0.000000000000000000e+00,3.618659786736005968e-01,2.189850639801839971e-01,1.874812873056050933e-01,1.754771035567478099e-01,3.010372826859297746e-01,0.000000000000000000e+00,0.000000000000000000e+00,0.000000000000000000e+00,0.000000000000000000e+00,0.000000000000000000e+00,0.000000000000000000e+00,0.000000000000000000e+00,0.000000000000000000e+00,0.000000000000000000e+00,0.000000000000000000e+00,0.000000000000000000e+00,0.000000000000000000e+00,0.000000000000000000e+00,0.000000000000000000e+00,0.000000000000000000e+00,0.000000000000000000e+00,0.000000000000000000e+00,0.000000000000000000e+00,0.000000000000000000e+00,0.000000000000000000e+00,0.000000000000000000e+00,0.000000000000000000e+00,0.000000000000000000e+00,0.000000000000000000e+00,0.000000000000000000e+00,0.000000000000000000e+00,0.000000000000000000e+00,0.000000000000000000e+00,0.000000000000000000e+00,0.000000000000000000e+00,0.000000000000000000e+00,0.000000000000000000e+00,0.000000000000000000e+00,0.000000000000000000e+00,0.000000000000000000e+00,0.000000000000000000e+00,0.000000000000000000e+00,0.000000000000000000e+00
0.000000000000000000e+00,4.225165015230160082e-01,3.945018878224931802e-01,2.768857644125639061e-01,0.000000000000000000e+00,3.869831695791676185e-01,3.265409536682730152e-01,4.429123134255832928e-01,3.470690988698816870e-01,4.154466544444986864e-01,3.525368155947807836e-01,4.111916061580728199e-01,3.782806894897666194e-01,2.797633719232678895e-01,0.000000000000000000e+00,0.000000000000000000e+00,0.000000000000000000e+00,0.000000000000000000e+00,3.933920250332790247e-01,3.942520739425344756e-01,0.000000000000000000e+00,4.076055177968425092e-01,4.046562514439622782e-01,0.000000000000000000e+00,4.202481739847745978e-01,4.310396258701135186e-01,3.882662237814697992e-01,4.082148035768223826e-01,4.184532777150322125e-01,0.000000000000000000e+00,4.707137851459711753e-01,3.855007191184998128e-01,4.286236047121332882e-01,4.629319503436282734e-01,0.000000000000000000e+00,1.887775399568341894e-01,2.572294722092944852e-01,4.080513616686243239e-01,1.449016219380533932e-01,0.000000000000000000e+00,0.000000000000000000e+00,0.000000000000000000e+00,3.819555332667807224e-01,0.000000000000000000e+00,0.000000000000000000e+00,0.000000000000000000e+00,0.000000000000000000e+00,5.431632171121683061e-01,0.000000000000000000e+00,1.196853085045865017e-01,5.564536179387667980e-01,0.000000000000000000e+00,5.231823594853823867e-01,5.839452755785334848e-01,0.000000000000000000e+00,4.978294846312416033e-01,0.000000000000000000e+00,0.000000000000000000e+00,0.000000000000000000e+00,0.000000000000000000e+00,0.000000000000000000e+00,0.000000000000000000e+00,0.000000000000000000e+00,5.536332982336060748e-01,0.000000000000000000e+00,0.000000000000000000e+00,0.000000000000000000e+00,5.347534248381056177e-01,0.000000000000000000e+00,0.000000000000000000e+00,0.000000000000000000e+00,5.465718604354480314e-01,0.000000000000000000e+00,0.000000000000000000e+00,0.000000000000000000e+00,0.000000000000000000e+00
4.596895779139207883e-01,3.927335548805961918e-01,3.946477365335703258e-01,4.058588293792310120e-01,3.869831695791676185e-01,0.000000000000000000e+00,4.178640637245339962e-01,4.347634569779906255e-01,3.376515981800604083e-01,4.403341238293069781e-01,3.905854202717055079e-01,1.587953379915570951e-01,3.950541399311149893e-01,4.837448935820992113e-01,4.197519588566557824e-01,3.960971407643518183e-01,1.577053824631629020e-01,3.853577581325539070e-01,3.997465910935973921e-01,3.854585928295233832e-01,4.167258897211629787e-01,4.051840402151399845e-01,3.999943421517572761e-01,0.000000000000000000e+00,3.736791066183420829e-01,3.984614130989954095e-01,3.859666858961067759e-01,3.915661092460522852e-01,3.283759025215667871e-01,4.468149379500184204e-01,4.407656187282795179e-01,4.299193743863343742e-01,3.878205436460941957e-01,4.497575688838313934e-01,4.222606432600938819e-01,4.390371625349179796e-01,4.347127046109759974e-01,4.723484128320629138e-01,4.974564200535820935e-01,0.000000000000000000e+00,5.089088415279428013e-01,1.337139184359505129e-01,4.936269193812499179e-01,0.000000000000000000e+00,0.000000000000000000e+00,0.000000000000000000e+00,1.837371231652606962e-01,5.426226487977708901e-01,0.000000000000000000e+00,5.693502405648681597e-01,5.119035206008278882e-01,5.393676267662893542e-01,4.945997887485092948e-01,5.499951733723322800e-01,0.000000000000000000e+00,5.415511812223426924e-01,0.000000000000000000e+00,5.280795561754818568e-01,0.000000000000000000e+00,4.662601165050797025e-01,0.000000000000000000e+00,0.000000000000000000e+00,0.000000000000000000e+00,5.330570057386196936e-01,4.734158407992621886e-01,4.691613698395755150e-01,1.635458232680565005e-01,5.136126932099812636e-01,0.000000000000000000e+00,0.000000000000000000e+00,4.781119141102829762e-01,5.050742188213418471e-01,5.081576958868611049e-01,4.871497723974673177e-01,5.330728873833318060e-01,5.143299385879063212e-01
0.000000000000000000e+00,4.137632284208390132e-01,4.320168953082104135e-01,2.424558702764504914e-01,3.265409536682730152e-01,4.178640637245339962e-01,0.000000000000000000e+00,4.512168568912521827e-01,3.732911659614083777e-01,3.654761165512577792e-01,4.429427586708208908e-01,0.000000000000000000e+00,3.365413945145580010e-01,3.309055009973683181e-01,0.000000000000000000e+00,4.398454906885188032e-01,0.000000000000000000e+00,1.104564385309548952e-01,4.397481558644876221e-01,4.195953776967196180e-01,0.000000000000000000e+00,4.406631413560320176e-01,4.201701859669170758e-01,0.000000000000000000e+00,4.091878843552143041e-01,4.050120416124233236e-01,4.156629348404418112e-01,3.806554254224697176e-01,4.315667048002376771e-01,0.000000000000000000e+00,4.122021720745366880e-01,3.740970457295255125e-01,4.137075358882654763e-01,4.140705786821672896e-01,4.647192095445917270e-01,2.811402885779816785e-01,2.190312111492105918e-01,3.552915233579349019e-01,1.841832463700056044e-01,0.000000000000000000e+00,1.637731516271186127e-01,0.000000000000000000e+00,1.211191185914881063e-01,0.000000000000000000e+00,0.000000000000000000e+00,0.000000000000000000e+00,0.000000000000000000e+00,5.840122037654590370e-01,0.000000000000000000e+00,0.000000000000000000e+00,5.379483225241041833e-01,0.000000000000000000e+00,1.112453970595013997e-01,6.274232131318520089e-01,0.000000000000000000e+00,6.580309219257279851e-01,0.000000000000000000e+00,0.000000000000000000e+00,0.000000000000000000e+00,0.000000000000000000e+00,0.000000000000000000e+00,0.000000000000000000e+00,0.000000000000000000e+00,7.162195375706190692e-01,0.000000000000000000e+00,0.000000000000000000e+00,0.000000000000000000e+00,5.294598431600290311e-01,0.000000000000000000e+00,0.000000000000000000e+00,0.000000000000000000e+00,5.237848236996031082e-01,0.000000000000000000e+00,0.000000000000000000e+00,0.000000000000000000e+00,0.000000000000000000e+00
4.930283569634532070e-01,4.632455754153165239e-01,4.785590570394818166e-01,4.005507644052432870e-01,4.429123134255832928e-01,4.347634569779906255e-01,4.512168568912521827e-01,0.000000000000000000e+00,4.992135884426873171e-01,4.501470046486025223e-01,3.939459254538146271e-01,0.000000000000000000e+00,4.539947637546232762e-01,3.814302264820503274e-01,0.000000000000000000e+00,4.582740696937345759e-01,0.000000000000000000e+00,0.000000000000000000e+00,4.876389283405064834e-01,4.196317798922528097e-01,4.216652161453556813e-01,4.438699147391240163e-01,3.819596496300701749e-01,4.612262046647926939e-01,3.821689523355424889e-01,4.408883783667196243e-01,4.383799669343886873e-01,4.507280183923009775e-01,4.037302470064320081e-01,4.473233440749755929e-01,4.817764939129469126e-01,4.548810678100920213e-01,4.349024381177000187e-01,5.107862915272649573e-01,5.286337887182304129e-01,2.917401392489009093e-01,4.615354165239244910e-01,0.000000000000000000e+00,4.995744830293474825e-01,0.000000000000000000e+00,5.026747570923808528e-01,0.000000000000000000e+00,3.299265061209165073e-01,0.000000000000000000e+00,0.000000000000000000e+00,0.000000000000000000e+00,0.000000000000000000e+00,5.246789090960487512e-01,0.000000000000000000e+00,4.821101445327111157e-01,4.712432163351200076e-01,5.051870685673431893e-01,3.833912682555918883e-01,5.158643001065252864e-01,0.000000000000000000e+00,4.384525609482343156e-01,0.000000000000000000e+00,4.779819259320157165e-01,3.737135825179190851e-01,0.000000000000000000e+00,0.000000000000000000e+00,0.000000000000000000e+00,0.000000000000000000e+00,5.168897124532891851e-01,0.000000000000000000e+00,4.872335252316605247e-01,0.000000000000000000e+00,4.896361594776793003e-01,0.000000000000000000e+00,0.000000000000000000e+00,0.000000000000000000e+00,4.851811621156578158e-01,4.816521630125698006e-01,4.550679774734516236e-01,0.000000000000000000e+00,5.202422436195844879e-01
0.000000000000000000e+00,3.829653998189520014e-01,3.152549975350644185e-01,0.000000000000000000e+00,3.470690988698816870e-01,3.376515981800604083e-01,3.732911659614083777e-01,4.992135884426873171e-01,0.000000000000000000e+00,4.508733579313478068e-01,3.265944327894849120e-01,1.505650924118258072e-01,3.889307598676658984e-01,5.005031059159592566e-01,0.000000000000000000e+00,0.000000000000000000e+00,0.000000000000000000e+00,1.723180217420489102e-01,2.830483655444995805e-01,0.000000000000000000e+00,0.000000000000000000e+00,3.971798069751886762e-01,3.961428981128853888e-01,5.282296703962628959e-01,3.876229235127415240e-01,4.238574268967029157e-01,3.784897678937846899e-01,4.397054899611472223e-01,3.976624789922076908e-01,4.655927288624583937e-01,4.699759978908367164e-01,4.321145380764451760e-01,4.445587825639608082e-01,4.594331665953180210e-01,0.000000000000000000e+00,4.281103753199135831e-01,4.277788831009131099e-01,4.469100720005758087e-01,1.371550272575474128e-01,0.000000000000000000e+00,1.944270713845958065e-01,0.000000000000000000e+00,4.672333525022500100e-01,0.000000000000000000e+00,0.000000000000000000e+00,0.000000000000000000e+00,0.000000000000000000e+00,5.571001246079239078e-01,0.000000000000000000e+00,5.920376996483499576e-01,5.286099196114184551e-01,5.881780000994767388e-01,5.281410420637339120e-01,5.618863144292556289e-01,0.000000000000000000e+00,5.362262226868138582e-01,0.000000000000000000e+00,1.922170983634403085e-01,0.000000000000000000e+00,0.000000000000000000e+00,0.000000000000000000e+00,0.000000000000000000e+00,0.000000000000000000e+00,5.593497975371441999e-01,0.000000000000000000e+00,0.000000000000000000e+00,0.000000000000000000e+00,5.731255351172900303e-01,0.000000000000000000e+00,0.000000000000000000e+00,0.000000000000000000e+00,5.608812709870338864e-01,2.033127150883851098e-01,0.000000000000000000e+00,0.000000000000000000e+00,0.000000000000000000e+00
0.000000000000000000e+00,0.000000000000000000e+00,1.366818454632532931e-01,3.086670097578527172e-01,4.154466544444986864e-01,4.403341238293069781e-01,3.654761165512577792e-01,4.501470046486025223e-01,4.508733579313478068e-01,0.000000000000000000e+00,4.389769345114922783e-01,1.884790167669427030e-01,3.602799889283491153e-01,0.000000000000000000e+00,0.000000000000000000e+00,1.043442276996341955e-01,2.079485001150123136e-01,0.000000000000000000e+00,4.470184122776532099e-01,1.064357389920402991e-01,0.000000000000000000e+00,1.131478320326588932e-01,1.288294204396276954e-01,2.305675999996907033e-01,1.426086805267811897e-01,1.636174444058348942e-01,1.363035759766620947e-01,3.323882862725506815e-01,1.329312264403890997e-01,0.000000000000000000e+00,2.174775882521962078e-01,3.646344921251086779e-01,1.989311204635103025e-01,2.323128059960070935e-01,2.395135872810484068e-01,3.298617259991709072e-01,2.004370960218045117e-01,1.778076389186238060e-01,0.000000000000000000e+00,3.217079222869342892e-01,3.078872119097615934e-01,0.000000000000000000e+00,0.000000000000000000e+00,0.000000000000000000e+00,3.061084380270520100e-01,0.000000000000000000e+00,0.000000000000000000e+00,0.000000000000000000e+00,0.000000000000000000e+00,0.000000000000000000e+00,0.000000000000000000e+00,0.000000000000000000e+00,0.000000000000000000e+00,0.000000000000000000e+00,3.540290487305163825e-01,0.000000000000000000e+00,3.529742046069320183e-01,0.000000000000000000e+00,0.000000000000000000e+00,0.000000000000000000e+00,0.000000000000000000e+00,1.041203862916430939e-01,1.021581337141826001e-01,0.000000000000000000e+00,0.000000000000000000e+00,0.000000000000000000e+00,0.000000000000000000e+00,0.000000000000000000e+00,0.000000000000000000e+00,0.000000000000000000e+00,0.000000000000000000e+00,0.000000000000000000e+00,0.000000000000000000e+00,0.000000000000000000e+00,0.000000000000000000e+00,2.050892071660448956e-01
0.000000000000000000e+00,0.000000000000000000e+00,3.368823924172164030e-01,4.042386579606350727e-01,3.525368155947807836e-01,3.905854202717055079e-01,4.429427586708208908e-01,3.939459254538146271e-01,3.265944327894849120e-01,4.389769345114922783e-01,0.000000000000000000e+00,4.322137868552631823e-01,4.443987549632820167e-01,3.355190208539111096e-01,0.000000000000000000e+00,0.000000000000000000e+00,1.129603659847957936e-01,0.000000000000000000e+00,2.983341495557034762e-01,0.000000000000000000e+00,0.000000000000000000e+00,0.000000000000000000e+00,3.322107998712536814e-01,4.402587626362866047e-01,0.000000000000000000e+00,1.680492079956459883e-01,3.935703713096322942e-01,4.435438831130595894e-01,0.000000000000000000e+00,0.000000000000000000e+00,4.954688427513385118e-01,4.296783023735383233e-01,4.661936067535392136e-01,4.630234017727519746e-01,3.866477234903588078e-01,3.184961067863567030e-01,4.240142640491634252e-01,4.323037854128857216e-01,4.539293514379407202e-01,0.000000000000000000e+00,0.000000000000000000e+00,0.000000000000000000e+00,4.193489063460116850e-01,0.000000000000000000e+00,0.000000000000000000e+00,0.000000000000000000e+00,0.000000000000000000e+00,5.103270895240817895e-01,0.000000000000000000e+00,4.691780498433287261e-01,5.367517181305833107e-01,5.237289191555765111e-01,4.476824004065089180e-01,5.185454906753362847e-01,0.000000000000000000e+00,4.036524296228610198e-01,0.000000000000000000e+00,1.411573169783089110e-01,4.319205245181175767e-01,0.000000000000000000e+00,0.000000000000000000e+00,0.000000000000000000e+00,0.000000000000000000e+00,4.378664203242407793e-01,0.000000000000000000e+00,0.000000000000000000e+00,0.000000000000000000e+00,5.385316081019267953e-01,0.000000000000000000e+00,0.000000000000000000e+00,0.000000000000000000e+00,5.507804569441526743e-01,1.700380183479761886e-01,0.000000000000000000e+00,0.000000000000000000e+00,0.000000000000000000e+00
0.000000000000000000e+00,0.000000000000000000e+00,1.446661517501139915e-01,0.000000000000000000e+00,4.111916061580728199e-01,1.587953379915570951e-01,0.000000000000000000e+00,0.000000000000000000e+00,1.505650924118258072e-01,1.884790167669427030e-01,4.322137868552631823e-01,0.000000000000000000e+00,3.644873315670031921e-01,0.000000000000000000e+00,0.000000000000000000e+00,0.000000000000000000e+00,2.446685772844683915e-01,2.529646931872917004e-01,5.056256978195551310e-01,0.000000000000000000e+00,0.000000000000000000e+00,0.000000000000000000e+00,1.457153629566030062e-01,2.123473549085534984e-01,0.000000000000000000e+00,1.443345766172504097e-01,1.478126499661331916e-01,3.251757066122094031e-01,0.000000000000000000e+00,0.000000000000000000e+00,2.532788101832931793e-01,0.000000000000000000e+00,1.825265144749964874e-01,2.058221000247341115e-01,0.000000000000000000e+00,2.847794866478661757e-01,2.507675851440511750e-01,1.751976937096235976e-01,2.550576073208882244e-01,0.000000000000000000e+00,0.000000000000000000e+00,2.931874055471340168e-01,3.195293039464200957e-01,0.000000000000000000e+00,0.000000000000000000e+00,0.000000000000000000e+00,0.000000000000000000e+00,0.000000000000000000e+00,0.000000000000000000e+00,0.000000000000000000e+00,0.000000000000000000e+00,0.000000000000000000e+00,0.000000000000000000e+00,0.000000000000000000e+00,3.373083630325570126e-01,0.000000000000000000e+00,3.249332782252757901e-01,0.000000000000000000e+00,0.000000000000000000e+00,0.000000000000000000e+00,0.000000000000000000e+00,1.226482265617925005e-01,0.000000000000000000e+00,0.000000000000000000e+00,0.000000000000000000e+00,0.000000000000000000e+00,0.000000000000000000e+00,0.000000000000000000e+00,0.000000000000000000e+00,0.000000000000000000e+00,0.000000000000000000e+00,0.000000000000000000e+00,3.057948807440192818e-01,0.000000000000000000e+00,0.000000000000000000e+00,0.000000000000000000e+00
1.289189709994993938e-01,4.083634692791284215e-01,4.362510300473300129e-01,2.959596452778084918e-01,3.782806894897666194e-01,3.950541399311149893e-01,3.365413945145580010e-01,4.539947637546232762e-01,3.889307598676658984e-01,3.602799889283491153e-01,4.443987549632820167e-01,3.644873315670031921e-01,0.000000000000000000e+00,3.403512058313766242e-01,3.724270049036181862e-01,4.331166454835960744e-01,1.214316532412089977e-01,3.990691331159902933e-01,4.406326911275734726e-01,4.142635612430334846e-01,4.489198526332198735e-01,4.385637926536352094e-01,4.246399776831514261e-01,3.559558943016407073e-01,3.899454165597789901e-01,4.038493638063203051e-01,4.228165928079767877e-01,3.493651579004851127e-01,4.033252280650931887e-01,3.774329829228634248e-01,4.077793945359394767e-01,3.975906255654337862e-01,4.095372822098625187e-01,4.182701549235786076e-01,4.560158600798381867e-01,3.572227631024327832e-01,3.602788316672065894e-01,3.598728463214290740e-01,4.801804075067199196e-01,0.000000000000000000e+00,1.616459001673085927e-01,1.298068953631462130e-01,1.302533182002741097e-01,0.000000000000000000e+00,0.000000000000000000e+00,0.000000000000000000e+00,0.000000000000000000e+00,5.725985249900606977e-01,0.000000000000000000e+00,0.000000000000000000e+00,5.163975832528583387e-01,6.065793151524616622e-01,0.000000000000000000e+00,0.000000000000000000e+00,0.000000000000000000e+00,1.451333181512788895e-01,0.000000000000000000e+00,0.000000000000000000e+00,0.000000000000000000e+00,1.660466628282462886e-01,0.000000000000000000e+00,0.000000000000000000e+00,0.000000000000000000e+00,0.000000000000000000e+00,5.546161479878559675e-01,0.000000000000000000e+00,2.033799240140601039e-01,5.083495739588490547e-01,0.000000000000000000e+00,1.644983550037110998e-01,1.881866019945158952e-01,5.008813569889299933e-01,0.000000000000000000e+00,4.927800708521126172e-01,0.000000000000000000e+00,0.000000000000000000e+00
0.000000000000000000e+00,0.000000000000000000e+00,4.808413560909706175e-01,2.526526475004726158e-01,2.797633719232678895e-01,4.837448935820992113e-01,3.309055009973683181e-01,3.814302264820503274e-01,5.005031059159592566e-01,0.000000000000000000e+00,3.355190208539111096e-01,0.000000000000000000e+00,3.403512058313766242e-01,0.000000000000000000e+00,0.000000000000000000e+00,0.000000000000000000e+00,0.000000000000000000e+00,0.000000000000000000e+00,4.268901857073545969e-01,0.000000000000000000e+00,4.761372478533741903e-01,0.000000000000000000e+00,4.316130175799293145e-01,0.000000000000000000e+00,0.000000000000000000e+00,0.000000000000000000e+00,4.951859265920379727e-01,3.639668849468941092e-01,0.000000000000000000e+00,0.000000000000000000e+00,3.909333691363822139e-01,2.652640499874288071e-01,0.000000000000000000e+00,3.937665666808073950e-01,0.000000000000000000e+00,1.967309616449131882e-01,1.628406219056212079e-01,0.000000000000000000e+00,0.000000000000000000e+00,0.000000000000000000e+00,0.000000000000000000e+00,0.000000000000000000e+00,3.351005187615267999e-01,0.000000000000000000e+00,0.000000000000000000e+00,0.000000000000000000e+00,0.000000000000000000e+00,5.331071792200318127e-01,0.000000000000000000e+00,0.000000000000000000e+00,0.000000000000000000e+00,0.000000000000000000e+00,0.000000000000000000e+00,5.120020468453896356e-01,0.000000000000000000e+00,4.354970648142901801e-01,0.000000000000000000e+00,0.000000000000000000e+00,0.000000000000000000e+00,0.000000000000000000e+00,0.000000000000000000e+00,0.000000000000000000e+00,0.000000000000000000e+00,0.000000000000000000e+00,0.000000000000000000e+00,0.000000000000000000e+00,0.000000000000000000e+00,4.951269311598912037e-01,0.000000000000000000e+00,0.000000000000000000e+00,0.000000000000000000e+00,0.000000000000000000e+00,0.000000000000000000e+00,0.000000000000000000e+00,0.000000000000000000e+00,0.000000000000000000e+00
3.861671572856413825e-01,3.908511282661851771e-01,0.000000000000000000e+00,0.000000000000000000e+00,0.000000000000000000e+00,4.197519588566557824e-01,0.000000000000000000e+00,0.000000000000000000e+00,0.000000000000000000e+00,0.000000000000000000e+00,0.000000000000000000e+00,0.000000000000000000e+00,3.724270049036181862e-01,0.000000000000000000e+00,0.000000000000000000e+00,3.842323165637230864e-01,0.000000000000000000e+00,0.000000000000000000e+00,0.000000000000000000e+00,2.762954142789159073e-01,3.822238850659970821e-01,2.828497838580493751e-01,3.027602866090036149e-01,4.259538508318455041e-01,3.733928681193224852e-01,3.677931334600320068e-01,3.400874241056411895e-01,3.829526035388177152e-01,3.582985815445486888e-01,0.000000000000000000e+00,3.948731912126178245e-01,4.362535059457726128e-01,3.869811458215440814e-01,4.451984324201243015e-01,4.795480589067980803e-01,4.686092745718032915e-01,0.000000000000000000e+00,0.000000000000000000e+00,4.639949353608575078e-01,4.412337632088116912e-01,4.759751161348813042e-01,5.008048333280451514e-01,5.352652228725940375e-01,0.000000000000000000e+00,0.000000000000000000e+00,0.000000000000000000e+00,4.600556310464292142e-01,0.000000000000000000e+00,0.000000000000000000e+00,0.000000000000000000e+00,0.000000000000000000e+00,0.000000000000000000e+00,0.000000000000000000e+00,0.000000000000000000e+00,0.000000000000000000e+00,0.000000000000000000e+00,0.000000000000000000e+00,1.182723303665556003e-01,0.000000000000000000e+00,4.618168731602309007e-01,4.852492016902822947e-01,0.000000000000000000e+00,0.000000000000000000e+00,0.000000000000000000e+00,4.326575505840986047e-01,4.541338796818427115e-01,4.569904511312903872e-01,4.604002905123226741e-01,0.000000000000000000e+00,1.582739178132742119e-01,4.960637030259669733e-01,4.660320238525065828e-01,5.027621817963607853e-01,4.447566978409021043e-01,0.000000000000000000e+00,4.663929080432689944e-01
3.155613020541276903e-01,3.478991211724877242e-01,0.000000000000000000e+00,0.000000000000000000e+00,0.000000000000000000e+00,3.960971407643518183e-01,4.398454906885188032e-01,4.582740696937345759e-01,0.000000000000000000e+00,1.043442276996341955e-01,0.000000000000000000e+00,0.000000000000000000e+00,4.331166454835960744e-01,0.000000000000000000e+00,3.842323165637230864e-01,0.000000000000000000e+00,0.000000000000000000e+00,2.817672800698344804e-01,0.000000000000000000e+00,3.651570930809224791e-01,3.587881927828506234e-01,3.513273819516911090e-01,3.900119628730738253e-01,3.024059225204144274e-01,3.283465812133143924e-01,3.456090765614139859e-01,4.078067000334397174e-01,4.257407202071887831e-01,4.033228288924998739e-01,4.018493995611188141e-01,3.145286712860894118e-01,3.828203183806295762e-01,3.439718888120001927e-01,3.782890893590640791e-01,4.056977712190615870e-01,0.000000000000000000e+00,0.000000000000000000e+00,0.000000000000000000e+00,3.928895479424058812e-01,3.921284620434766222e-01,3.799156104295740022e-01,4.125615546994383931e-01,0.000000000000000000e+00,0.000000000000000000e+00,0.000000000000000000e+00,3.534157130225574761e-01,4.025959389543977140e-01,0.000000000000000000e+00,0.000000000000000000e+00,0.000000000000000000e+00,0.000000000000000000e+00,0.000000000000000000e+00,0.000000000000000000e+00,0.000000000000000000e+00,0.000000000000000000e+00,0.000000000000000000e+00,0.000000000000000000e+00,0.000000000000000000e+00,0.000000000000000000e+00,0.000000000000000000e+00,3.891842247364273866e-01,0.000000000000000000e+00,3.877682411443023058e-01,0.000000000000000000e+00,1.142567791173294961e-01,0.000000000000000000e+00,4.058969697882964800e-01,1.718447103613205129e-01,0.000000000000000000e+00,3.920392324506062898e-01,4.125031080865164124e-01,1.510972486137522885e-01,0.000000000000000000e+00,1.420226505012320006e-01,0.000000000000000000e+00,3.873723881922366830e-01
0.000000000000000000e+00,0.000000000000000000e+00,0.000000000000000000e+00,0.000000000000000000e+00,0.000000000000000000e+00,1.577053824631629020e-01,0.000000000000000000e+00,0.000000000000000000e+00,0.000000000000000000e+00,2.079485001150123136e-01,1.129603659847957936e-01,2.446685772844683915e-01,1.214316532412089977e-01,0.000000000000000000e+00,0.000000000000000000e+00,0.000000000000000000e+00,0.000000000000000000e+00,1.852685839613515961e-01,0.000000000000000000e+00,1.128976963617454032e-01,0.000000000000000000e+00,0.000000000000000000e+00,0.000000000000000000e+00,2.487225948742428083e-01,2.335946961976209102e-01,0.000000000000000000e+00,0.000000000000000000e+00,3.526539522293317130e-01,1.054474693937562935e-01,0.000000000000000000e+00,2.601088662954991748e-01,0.000000000000000000e+00,2.159245962336336089e-01,2.594109359594544140e-01,0.000000000000000000e+00,0.000000000000000000e+00,0.000000000000000000e+00,0.000000000000000000e+00,0.000000000000000000e+00,0.000000000000000000e+00,0.000000000000000000e+00,0.000000000000000000e+00,0.000000000000000000e+00,0.000000000000000000e+00,0.000000000000000000e+00,0.000000000000000000e+00,0.000000000000000000e+00,0.000000000000000000e+00,0.000000000000000000e+00,0.000000000000000000e+00,0.000000000000000000e+00,0.000000000000000000e+00,0.000000000000000000e+00,0.000000000000000000e+00,3.574987362541989788e-01,0.000000000000000000e+00,1.070815651886508069e-01,0.000000000000000000e+00,0.000000000000000000e+00,0.000000000000000000e+00,0.000000000000000000e+00,1.224456067390810032e-01,0.000000000000000000e+00,0.000000000000000000e+00,0.000000000000000000e+00,0.000000000000000000e+00,0.000000000000000000e+00,0.000000000000000000e+00,0.000000000000000000e+00,2.944295616974603735e-01,3.373002283690211822e-01,0.000000000000000000e+00,0.000000000000000000e+00,0.000000000000000000e+00,0.000000000000000000e+00,0.000000000000000000e+00
2.768687221612182170e-01,3.282602661580885095e-01,0.000000000000000000e+00,0.000000000000000000e+00,0.000000000000000000e+00,3.853577581325539070e-01,1.104564385309548952e-01,0.000000000000000000e+00,1.723180217420489102e-01,0.000000000000000000e+00,0.000000000000000000e+00,2.529646931872917004e-01,3.990691331159902933e-01,0.000000000000000000e+00,0.000000000000000000e+00,2.817672800698344804e-01,1.852685839613515961e-01,0.000000000000000000e+00,0.000000000000000000e+00,3.530786227802868993e-01,3.901898015727481850e-01,3.517214835501860093e-01,0.000000000000000000e+00,2.410524480599396946e-01,2.645222315115817735e-01,2.700897035637854215e-01,3.862652765201889937e-01,3.885685949514787185e-01,3.752501041024920991e-01,0.000000000000000000e+00,2.896276775755587951e-01,0.000000000000000000e+00,2.717345538544406192e-01,2.813996386396919736e-01,0.000000000000000000e+00,0.000000000000000000e+00,0.000000000000000000e+00,0.000000000000000000e+00,3.687097877800045165e-01,3.419006241393884871e-01,3.368980877204116875e-01,3.565733102591289727e-01,0.000000000000000000e+00,0.000000000000000000e+00,0.000000000000000000e+00,3.077380741390671193e-01,3.736111526803684857e-01,0.000000000000000000e+00,0.000000000000000000e+00,0.000000000000000000e+00,0.000000000000000000e+00,0.000000000000000000e+00,0.000000000000000000e+00,0.000000000000000000e+00,3.037285823383599759e-01,0.000000000000000000e+00,3.663402863912453844e-01,0.000000000000000000e+00,0.000000000000000000e+00,0.000000000000000000e+00,3.651720445139400861e-01,3.245450230084371834e-01,3.541144080401137928e-01,0.000000000000000000e+00,0.000000000000000000e+00,0.000000000000000000e+00,3.861625919767410764e-01,0.000000000000000000e+00,3.441884222281185179e-01,3.456132377315377924e-01,3.243506510616305238e-01,0.000000000000000000e+00,0.000000000000000000e+00,0.000000000000000000e+00,0.000000000000000000e+00,3.607840583221247899e-01
0.000000000000000000e+00,0.000000000000000000e+00,3.133649391786478833e-01,4.136472439342960272e-01,3.933920250332790247e-01,3.997465910935973921e-01,4.397481558644876221e-01,4.876389283405064834e-01,2.830483655444995805e-01,4.470184122776532099e-01,2.983341495557034762e-01,5.056256978195551310e-01,4.406326911275734726e-01,4.268901857073545969e-01,0.000000000000000000e+00,0.000000000000000000e+00,0.000000000000000000e+00,0.000000000000000000e+00,0.000000000000000000e+00,0.000000000000000000e+00,0.000000000000000000e+00,0.000000000000000000e+00,3.633491795716409789e-01,0.000000000000000000e+00,0.000000000000000000e+00,0.000000000000000000e+00,3.751487505103632270e-01,4.514811150976786869e-01,0.000000000000000000e+00,0.000000000000000000e+00,4.797528371082582788e-01,4.327932396541401272e-01,0.000000000000000000e+00,4.651614256323307051e-01,4.022049204477564088e-01,3.872829129057553943e-01,4.410907614390545128e-01,4.648271836075865138e-01,0.000000000000000000e+00,0.000000000000000000e+00,0.000000000000000000e+00,0.000000000000000000e+00,4.483996165405815804e-01,0.000000000000000000e+00,0.000000000000000000e+00,0.000000000000000000e+00,0.000000000000000000e+00,4.584018046199878071e-01,0.000000000000000000e+00,5.615484135050587966e-01,5.449014851682387750e-01,5.956293886684926875e-01,5.266936261529707730e-01,5.625716695292778402e-01,0.000000000000000000e+00,4.422042757017430881e-01,0.000000000000000000e+00,6.203050689822545705e-01,4.565874231091083257e-01,0.000000000000000000e+00,0.000000000000000000e+00,0.000000000000000000e+00,0.000000000000000000e+00,4.966843752507694165e-01,0.000000000000000000e+00,0.000000000000000000e+00,0.000000000000000000e+00,5.768275292366553675e-01,0.000000000000000000e+00,0.000000000000000000e+00,0.000000000000000000e+00,5.667947539330894235e-01,0.000000000000000000e+00,0.000000000000000000e+00,0.000000000000000000e+00,0.000000000000000000e+00
4.288091521253872829e-01,4.166149906026787031e-01,0.000000000000000000e+00,4.404385419097098797e-01,3.942520739425344756e-01,3.854585928295233832e-01,4.195953776967196180e-01,4.196317798922528097e-01,0.000000000000000000e+00,1.064357389920402991e-01,0.000000000000000000e+00,0.000000000000000000e+00,4.142635612430334846e-01,0.000000000000000000e+00,2.762954142789159073e-01,3.651570930809224791e-01,1.128976963617454032e-01,3.530786227802868993e-01,0.000000000000000000e+00,0.000000000000000000e+00,3.972832869401449751e-01,3.354086144356174803e-01,2.590526306949978985e-01,0.000000000000000000e+00,3.857838419011163089e-01,4.060116441835466272e-01,3.073052763360337725e-01,3.788359765903283050e-01,3.337694301975772104e-01,3.553502866925575265e-01,3.725329107140881724e-01,4.297042507642622189e-01,3.678413925782075822e-01,4.200709435702003058e-01,4.607078205095808121e-01,4.955810179368094204e-01,4.549918222956201852e-01,0.000000000000000000e+00,4.532149517204389078e-01,4.488375808318549876e-01,4.748353915276974924e-01,4.884163386112962968e-01,6.192912598883465458e-01,0.000000000000000000e+00,0.000000000000000000e+00,0.000000000000000000e+00,4.178292527120637256e-01,0.000000000000000000e+00,0.000000000000000000e+00,0.000000000000000000e+00,1.166765226894813934e-01,0.000000000000000000e+00,0.000000000000000000e+00,0.000000000000000000e+00,0.000000000000000000e+00,0.000000000000000000e+00,0.000000000000000000e+00,1.728164616310444990e-01,0.000000000000000000e+00,4.538482659384430740e-01,4.774773531743555233e-01,0.000000000000000000e+00,0.000000000000000000e+00,0.000000000000000000e+00,4.317551868777658730e-01,4.416693183106488174e-01,4.403947252271144808e-01,4.678839971055954172e-01,0.000000000000000000e+00,5.219864800030377117e-01,4.498836541877451189e-01,4.581256277916859188e-01,5.052178575914403336e-01,4.629557611151203234e-01,1.118076663368391954e-01,4.743234623515000803e-01
3.940590159050507135e-01,3.927160798553817056e-01,0.000000000000000000e+00,0.000000000000000000e+00,0.000000000000000000e+00,4.167258897211629787e-01,0.000000000000000000e+00,4.216652161453556813e-01,0.000000000000000000e+00,0.000000000000000000e+00,0.000000000000000000e+00,0.000000000000000000e+00,4.489198526332198735e-01,4.761372478533741903e-01,3.822238850659970821e-01,3.587881927828506234e-01,0.000000000000000000e+00,3.901898015727481850e-01,0.000000000000000000e+00,3.972832869401449751e-01,0.000000000000000000e+00,4.024435125479678965e-01,3.936390207841451994e-01,4.167985062961105935e-01,4.112200349071504224e-01,3.683664111572306776e-01,4.051860544044921797e-01,4.356419179358518856e-01,4.073573932088270233e-01,0.000000000000000000e+00,4.022603938329308848e-01,4.420834344071543076e-01,2.920199835308878167e-01,4.453818546998998262e-01,4.513776030087141011e-01,0.000000000000000000e+00,0.000000000000000000e+00,0.000000000000000000e+00,4.434820051969953769e-01,4.174708212557198816e-01,4.831188563083740894e-01,4.953915296562020898e-01,0.000000000000000000e+00,0.000000000000000000e+00,0.000000000000000000e+00,2.596311786506050878e-01,4.413741670035276066e-01,0.000000000000000000e+00,0.000000000000000000e+00,0.000000000000000000e+00,0.000000000000000000e+00,0.000000000000000000e+00,3.201469384392416906e-01,0.000000000000000000e+00,0.000000000000000000e+00,0.000000000000000000e+00,0.000000000000000000e+00,1.023915041070437987e-01,0.000000000000000000e+00,4.478986469439865115e-01,4.436853144381944780e-01,0.000000000000000000e+00,0.000000000000000000e+00,0.000000000000000000e+00,4.324520581234171934e-01,3.403748202288586766e-01,4.444802128882596737e-01,4.467821408946209272e-01,0.000000000000000000e+00,1.266680572697488905e-01,4.764291923436719811e-01,4.597680318711210856e-01,4.722138567620560723e-01,4.224422897850235725e-01,0.000000000000000000e+00,4.803605912820658186e-01
