0.000000000000000000e+00,3.835576727528476892e-01,0.000000000000000000e+00,0.000000000000000000e+00,0.000000000000000000e+00,4.064679838929587952e-01,0.000000000000000000e+00,4.700353988405466810e-01,0.000000000000000000e+00,4.075455720676859905e-01,0.000000000000000000e+00,4.006523042077633767e-01,4.459958689394967202e-01,0.000000000000000000e+00,3.829396195664774849e-01,4.084009965271317988e-01,3.529314542590548109e-01,3.874927967159690900e-01,0.000000000000000000e+00,4.033400271961493089e-01,3.634868049605592955e-01,3.956175783624779063e-01,4.416471245896094189e-01,3.967330134657592877e-01,3.833539824396393070e-01,3.782528730919615945e-01,4.220132401196667882e-01,4.439821365254124075e-01,4.080979073023258130e-01,0.000000000000000000e+00,3.758301603365163945e-01,4.197470341288707107e-01,3.808861030015053273e-01,3.713766921277023014e-01,4.240121560131759892e-01,0.000000000000000000e+00,0.000000000000000000e+00,3.959672630832212770e-01,4.582698755106974220e-01,4.175105915714080185e-01,4.127773050396276733e-01,0.000000000000000000e+00,0.000000000000000000e+00,0.000000000000000000e+00,0.000000000000000000e+00,4.065525048064431157e-01,4.709118900943575770e-01,0.000000000000000000e+00,0.000000000000000000e+00,0.000000000000000000e+00,0.000000000000000000e+00,0.000000000000000000e+00,0.000000000000000000e+00,0.000000000000000000e+00,0.000000000000000000e+00,0.000000000000000000e+00,0.000000000000000000e+00,0.000000000000000000e+00,0.000000000000000000e+00,0.000000000000000000e+00,4.730069007311660800e-01,0.000000000000000000e+00,4.532597068621848080e-01,0.000000000000000000e+00,0.000000000000000000e+00,2.351954902692114935e-01,4.686461852153603891e-01,0.000000000000000000e+00,0.000000000000000000e+00,4.682851457058921918e-01,4.822736831892752152e-01,0.000000000000000000e+00,0.000000000000000000e+00,0.000000000000000000e+00,0.000000000000000000e+00,0.000000000000000000e+00
3.835576727528476892e-01,0.000000000000000000e+00,0.000000000000000000e+00,0.000000000000000000e+00,4.172878497135116271e-01,3.874456338958021107e-01,4.383593344859086915e-01,4.565000685664751257e-01,4.258884908923130097e-01,0.000000000000000000e+00,0.000000000000000000e+00,0.000000000000000000e+00,4.133481079178323858e-01,0.000000000000000000e+00,4.304625941387557053e-01,3.801408276374714235e-01,4.181499665810561872e-01,3.877409205147874793e-01,0.000000000000000000e+00,4.157980161874411107e-01,4.123376534583078068e-01,3.873751984528290837e-01,4.148587046958034930e-01,0.000000000000000000e+00,3.677750279448788184e-01,4.129505225582709160e-01,4.036544730145379956e-01,4.102811746728124986e-01,4.105279387333560792e-01,0.000000000000000000e+00,3.672224171205799026e-01,4.187667289877942123e-01,3.844276396509516136e-01,3.694422306833897163e-01,4.430596643453317829e-01,0.000000000000000000e+00,0.000000000000000000e+00,0.000000000000000000e+00,4.720370045261071956e-01,4.541909677850584082e-01,4.621768644203613219e-01,4.936593421198213205e-01,0.000000000000000000e+00,0.000000000000000000e+00,0.000000000000000000e+00,4.536809276778928091e-01,4.835151136148431172e-01,0.000000000000000000e+00,0.000000000000000000e+00,0.000000000000000000e+00,1.380189878409228132e-01,0.000000000000000000e+00,0.000000000000000000e+00,0.000000000000000000e+00,0.000000000000000000e+00,0.000000000000000000e+00,0.000000000000000000e+00,0.000000000000000000e+00,0.000000000000000000e+00,4.785657460020957821e-01,4.549832839435855036e-01,0.000000000000000000e+00,4.454002041419812818e-01,0.000000000000000000e+00,0.000000000000000000e+00,4.573652560839481795e-01,4.841142068571813728e-01,5.180918797433041734e-01,0.000000000000000000e+00,4.739268914831851753e-01,4.904550350221992816e-01,1.228112163798806972e-01,0.000000000000000000e+00,5.050211363160959088e-01,0.000000000000000000e+00,4.651718114260118830e-01
0.000000000000000000e+00,0.000000000000000000e+00,0.000000000000000000e+00,1.084974605659149022e-01,4.150578606307077090e-01,4.062964439603545252e-01,4.265286940018747086e-01,4.809181673553751257e-01,2.873250818763644077e-01,1.366818454632532931e-01,3.480424418949895071e-01,1.446661517501139915e-01,4.291038687524755257e-01,4.389173019943399257e-01,0.000000000000000000e+00,0.000000000000000000e+00,0.000000000000000000e+00,0.000000000000000000e+00,3.017212659353317727e-01,0.000000000000000000e+00,0.000000000000000000e+00,0.000000000000000000e+00,3.335645464075808753e-01,0.000000000000000000e+00,0.000000000000000000e+00,0.000000000000000000e+00,3.527615332799408088e-01,4.395198304217535767e-01,0.000000000000000000e+00,0.000000000000000000e+00,4.462713503246458768e-01,4.107276902266763785e-01,0.000000000000000000e+00,4.441574659073407871e-01,4.230964975824462737e-01,4.331703539908661194e-01,1.218498883128616012e-01,0.000000000000000000e+00,1.477498084837118031e-01,0.000000000000000000e+00,1.357753081291697972e-01,0.000000000000000000e+00,5.565488196525445463e-01,0.000000000000000000e+00,0.000000000000000000e+00,0.000000000000000000e+00,0.000000000000000000e+00,5.168693626077093262e-01,0.000000000000000000e+00,1.561042921034735964e-01,5.019252451013844762e-01,1.812099264912565011e-01,5.511701711597748465e-01,5.974097432448232103e-01,0.000000000000000000e+00,5.145157407864655585e-01,0.000000000000000000e+00,5.739060859865988684e-01,7.019004183565596966e-01,0.000000000000000000e+00,0.000000000000000000e+00,0.000000000000000000e+00,0.000000000000000000e+00,4.760741824013600132e-01,0.000000000000000000e+00,0.000000000000000000e+00,0.000000000000000000e+00,5.057432670979719047e-01,0.000000000000000000e+00,0.000000000000000000e+00,0.000000000000000000e+00,5.174229661831922789e-01,1.895566312354675098e-01,0.000000000000000000e+00,0.000000000000000000e+00,0.000000000000000000e+00
0.000000000000000000e+00,0.000000000000000000e+00,1.084974605659149022e-01,0.000000000000000000e+00,2.528084438268402012e-01,0.000000000000000000e+00,3.069178547321612105e-01,4.166130388774408888e-01,0.000000000000000000e+00,0.000000000000000000e+00,3.938206936478240161e-01,0.000000000000000000e+00,3.131339315221065012e-01,3.080904120971242888e-01,0.000000000000000000e+00,0.000000000000000000e+00,0.000000000000000000e+00,0.000000000000000000e+00,0.000000000000000000e+00,0.000000000000000000e+00,0.000000000000000000e+00,0.000000000000000000e+00,4.302178733312473913e-01,0.000000000000000000e+00,0.000000000000000000e+00,0.000000000000000000e+00,0.000000000000000000e+00,2.761284472600525897e-01,0.000000000000000000e+00,0.000000000000000000e+00,0.000000000000000000e+00,2.433392749562333091e-01,0.000000000000000000e+00,0.000000000000000000e+00,2.613985165279046896e-01,2.143724115746042935e-01,2.008819861884434954e-01,0.000000000000000000e+00,0.000000000000000000e+00,0.000000000000000000e+00,0.000000000000000000e+00,0.000000000000000000e+00,0.000000000000000000e+00,0.000000000000000000e+00,0.000000000000000000e+00,0.000000000000000000e+00,0.000000000000000000e+00,0.000000000000000000e+00,0.000000000000000000e+00,0.000000000000000000e+00,0.000000000000000000e+00,0.000000000000000000e+00,0.000000000000000000e+00,0.000000000000000000e+00,0.000000000000000000e+00,0.000000000000000000e+00,0.000000000000000000e+00,0.000000000000000000e+00,0.000000000000000000e+00,0.000000000000000000e+00,0.000000000000000000e+00,0.000000000000000000e+00,0.000000000000000000e+00,0.000000000000000000e+00,0.000000000000000000e+00,0.000000000000000000e+00,0.000000000000000000e+00,0.000000000000000000e+00,0.000000000000000000e+00,0.000000000000000000e+00,0.000000000000000000e+00,0.000000000000000000e+00,0.000000000000000000e+00,0.000000000000000000e+00,0.000000000000000000e+00,0.000000000000000000e+00
0.000000000000000000e+00,4.172878497135116271e-01,4.150578606307077090e-01,2.528084438268402012e-01,0.000000000000000000e+00,4.142403975583267006e-01,3.442668985032178997e-01,3.901085025394446792e-01,3.747558185334902148e-01,1.205803703003378025e-01,3.636892587814357092e-01,1.089202348788521069e-01,3.590930014375264268e-01,2.902892904119477868e-01,0.000000000000000000e+00,0.000000000000000000e+00,0.000000000000000000e+00,0.000000000000000000e+00,3.958188475607474222e-01,3.965054250889625820e-01,0.000000000000000000e+00,3.964070722961330895e-01,4.095242589132355726e-01,0.000000000000000000e+00,1.026512181678926050e-01,0.000000000000000000e+00,4.433622623200966784e-01,3.747601464239149194e-01,0.000000000000000000e+00,0.000000000000000000e+00,4.388053828400024226e-01,3.913648751216000088e-01,0.000000000000000000e+00,4.219318182903040726e-01,4.172257929362176987e-01,2.197988065424510973e-01,2.199353346043587121e-01,0.000000000000000000e+00,1.449016219380533932e-01,0.000000000000000000e+00,0.000000000000000000e+00,0.000000000000000000e+00,0.000000000000000000e+00,0.000000000000000000e+00,0.000000000000000000e+00,0.000000000000000000e+00,0.000000000000000000e+00,2.226268470899845919e-01,0.000000000000000000e+00,1.196853085045865017e-01,1.413995716886319864e-01,0.000000000000000000e+00,0.000000000000000000e+00,2.397801219756383884e-01,0.000000000000000000e+00,1.695025858952527997e-01,0.000000000000000000e+00,0.000000000000000000e+00,0.000000000000000000e+00,0.000000000000000000e+00,0.000000000000000000e+00,0.000000000000000000e+00,0.000000000000000000e+00,2.226588442273632062e-01,0.000000000000000000e+00,0.000000000000000000e+00,0.000000000000000000e+00,5.096426072920463568e-01,0.000000000000000000e+00,0.000000000000000000e+00,0.000000000000000000e+00,1.505447041079442938e-01,0.000000000000000000e+00,0.000000000000000000e+00,0.000000000000000000e+00,0.000000000000000000e+00
4.064679838929587952e-01,3.874456338958021107e-01,4.062964439603545252e-01,0.000000000000000000e+00,4.142403975583267006e-01,0.000000000000000000e+00,4.272825276223843893e-01,4.304809185296332164e-01,3.671503069249941742e-01,4.585819035519381748e-01,4.193942265366050193e-01,1.587953379915570951e-01,3.857996692847615039e-01,4.197715648141980838e-01,4.248183557286179246e-01,4.025250445400143096e-01,1.577053824631629020e-01,3.962672053987422727e-01,4.041458876593650995e-01,4.096770661878753050e-01,4.007241415014546893e-01,4.160355675300810852e-01,4.185865640028563206e-01,0.000000000000000000e+00,3.650067373014063143e-01,4.159839454699150174e-01,3.766269677382592107e-01,3.866978891814075725e-01,3.216228552825048936e-01,4.135230414532877763e-01,4.394134061125551938e-01,4.131697999661386178e-01,3.804109323334525228e-01,4.392582409871164106e-01,4.393746872209735033e-01,4.267116734642973919e-01,4.560817706597425913e-01,4.853067514169521202e-01,4.499249093473093875e-01,0.000000000000000000e+00,5.042711201623339967e-01,1.337139184359505129e-01,4.944621958965503272e-01,0.000000000000000000e+00,0.000000000000000000e+00,0.000000000000000000e+00,1.837371231652606962e-01,5.634617373849217792e-01,0.000000000000000000e+00,1.789824702647367927e-01,4.932916523114945773e-01,5.506680406863483368e-01,5.074164778927805486e-01,5.222725003514387954e-01,0.000000000000000000e+00,5.221377858282090223e-01,0.000000000000000000e+00,5.244744100546989696e-01,0.000000000000000000e+00,1.403968170182710029e-01,0.000000000000000000e+00,0.000000000000000000e+00,0.000000000000000000e+00,5.800152911751019769e-01,1.233254195764424965e-01,0.000000000000000000e+00,1.635458232680565005e-01,4.978776894230985128e-01,0.000000000000000000e+00,0.000000000000000000e+00,5.294329443981605765e-01,4.934521263401014934e-01,4.954560912878344103e-01,4.641547215117772240e-01,5.877028435526661099e-01,5.075374766095087642e-01
0.000000000000000000e+00,4.383593344859086915e-01,4.265286940018747086e-01,3.069178547321612105e-01,3.442668985032178997e-01,4.272825276223843893e-01,0.000000000000000000e+00,4.298799191943660780e-01,3.948686420880900827e-01,1.111254582814223957e-01,4.432786687044010243e-01,0.000000000000000000e+00,3.496531887363433233e-01,3.564142778219552832e-01,0.000000000000000000e+00,4.484578253521714908e-01,0.000000000000000000e+00,4.561698674420311961e-01,4.584121024464959948e-01,4.373273385832864846e-01,0.000000000000000000e+00,4.455607141170467855e-01,4.243278264330548888e-01,0.000000000000000000e+00,4.084889550371765821e-01,4.500444735745589009e-01,4.308376255381342057e-01,3.669420054172788936e-01,4.247816467009586927e-01,0.000000000000000000e+00,4.339374776825132840e-01,4.105837906322428177e-01,0.000000000000000000e+00,4.241556615069544955e-01,4.072639032629806755e-01,3.036127759635263157e-01,2.866686676587834048e-01,0.000000000000000000e+00,1.841832463700056044e-01,0.000000000000000000e+00,1.637731516271186127e-01,0.000000000000000000e+00,1.211191185914881063e-01,0.000000000000000000e+00,0.000000000000000000e+00,0.000000000000000000e+00,0.000000000000000000e+00,1.874961326348812130e-01,0.000000000000000000e+00,0.000000000000000000e+00,5.475019277959308761e-01,0.000000000000000000e+00,1.112453970595013997e-01,1.754326870027249075e-01,0.000000000000000000e+00,1.484293345485989957e-01,0.000000000000000000e+00,0.000000000000000000e+00,0.000000000000000000e+00,0.000000000000000000e+00,0.000000000000000000e+00,0.000000000000000000e+00,0.000000000000000000e+00,1.420735728466518133e-01,0.000000000000000000e+00,0.000000000000000000e+00,0.000000000000000000e+00,5.031409278747227543e-01,0.000000000000000000e+00,0.000000000000000000e+00,0.000000000000000000e+00,1.380700371165367868e-01,0.000000000000000000e+00,0.000000000000000000e+00,0.000000000000000000e+00,0.000000000000000000e+00
4.700353988405466810e-01,4.565000685664751257e-01,4.809181673553751257e-01,4.166130388774408888e-01,3.901085025394446792e-01,4.304809185296332164e-01,4.298799191943660780e-01,0.000000000000000000e+00,4.843937053358706724e-01,5.688734016574265029e-01,3.412218864961791276e-01,5.929088426060484807e-01,4.264376408613655967e-01,3.651184806155575724e-01,3.976700496020568187e-01,4.731230964913489823e-01,0.000000000000000000e+00,0.000000000000000000e+00,4.870290135963729061e-01,3.688245440453087887e-01,3.750001757393424118e-01,4.492717413267490745e-01,3.581014097090435278e-01,4.962959200564078799e-01,4.645366998250881063e-01,4.719475633686284755e-01,4.582464725926456151e-01,4.092522680168311222e-01,3.650275451166967167e-01,4.125771043642467162e-01,4.422659638743705046e-01,3.951765504723350753e-01,5.111032202499106170e-01,4.377072019613871823e-01,4.312461599899102827e-01,2.959926323695811212e-01,0.000000000000000000e+00,0.000000000000000000e+00,4.538121993516442965e-01,0.000000000000000000e+00,0.000000000000000000e+00,0.000000000000000000e+00,4.578924765337897274e-01,0.000000000000000000e+00,0.000000000000000000e+00,0.000000000000000000e+00,0.000000000000000000e+00,5.988917976325572878e-01,0.000000000000000000e+00,5.925410564431480287e-01,4.987329393120861210e-01,5.440883250221194567e-01,4.796778248879605133e-01,5.897198075560464714e-01,0.000000000000000000e+00,5.143534626441513824e-01,0.000000000000000000e+00,5.230415117524052082e-01,5.000945984061535565e-01,4.783248979829526903e-01,0.000000000000000000e+00,0.000000000000000000e+00,0.000000000000000000e+00,5.584170796064417130e-01,0.000000000000000000e+00,4.768889112340669034e-01,0.000000000000000000e+00,5.097936692238714818e-01,0.000000000000000000e+00,0.000000000000000000e+00,0.000000000000000000e+00,5.199073644262656169e-01,5.036697487998632594e-01,0.000000000000000000e+00,0.000000000000000000e+00,5.527765220369702526e-01
0.000000000000000000e+00,4.258884908923130097e-01,2.873250818763644077e-01,0.000000000000000000e+00,3.747558185334902148e-01,3.671503069249941742e-01,3.948686420880900827e-01,4.843937053358706724e-01,0.000000000000000000e+00,4.608098513830595766e-01,3.708408075675093118e-01,1.505650924118258072e-01,3.886490562942135907e-01,4.091643740936388163e-01,0.000000000000000000e+00,0.000000000000000000e+00,0.000000000000000000e+00,1.723180217420489102e-01,2.906177716588612125e-01,4.127160016820315969e-01,0.000000000000000000e+00,4.114129172447880123e-01,4.039262326437972894e-01,1.348241689002374066e-01,1.381552569281528919e-01,4.785086024125568271e-01,3.776245743769248153e-01,4.442046036774253137e-01,3.738340075741555246e-01,0.000000000000000000e+00,4.586092053305433902e-01,4.197547672418444065e-01,0.000000000000000000e+00,4.514273541260159228e-01,4.361606506691567131e-01,4.228216827530161814e-01,4.336726784484147834e-01,4.532050502438688122e-01,1.371550272575474128e-01,0.000000000000000000e+00,1.944270713845958065e-01,0.000000000000000000e+00,5.249825105639683853e-01,0.000000000000000000e+00,0.000000000000000000e+00,0.000000000000000000e+00,0.000000000000000000e+00,5.711068862917532130e-01,0.000000000000000000e+00,1.678821275704424076e-01,5.276644221045178051e-01,5.917142360451651539e-01,5.071894212934164869e-01,5.725283017934539309e-01,0.000000000000000000e+00,5.227807999748584900e-01,0.000000000000000000e+00,1.922170983634403085e-01,6.088687244134253218e-01,0.000000000000000000e+00,0.000000000000000000e+00,0.000000000000000000e+00,0.000000000000000000e+00,5.953673591535963983e-01,0.000000000000000000e+00,0.000000000000000000e+00,0.000000000000000000e+00,5.180583604664262820e-01,0.000000000000000000e+00,0.000000000000000000e+00,0.000000000000000000e+00,5.039573777021508771e-01,2.033127150883851098e-01,0.000000000000000000e+00,0.000000000000000000e+00,0.000000000000000000e+00
4.075455720676859905e-01,0.000000000000000000e+00,1.366818454632532931e-01,0.000000000000000000e+00,1.205803703003378025e-01,4.585819035519381748e-01,1.111254582814223957e-01,5.688734016574265029e-01,4.608098513830595766e-01,0.000000000000000000e+00,1.028576101387948943e-01,2.759433327124404811e-01,3.515377529154393166e-01,0.000000000000000000e+00,0.000000000000000000e+00,3.983194811775265243e-01,3.011705509675686732e-01,3.489180363563733067e-01,1.150716520072545962e-01,1.064357389920402991e-01,0.000000000000000000e+00,4.427513188758920859e-01,4.738942615870366248e-01,3.279356213292357047e-01,3.223421086156227910e-01,3.434946349412166811e-01,1.363035759766620947e-01,3.669388803472288796e-01,1.329312264403890997e-01,0.000000000000000000e+00,3.270548647457958147e-01,3.514235372281410141e-01,3.148996947185294104e-01,3.115395441494541728e-01,3.025113805137821799e-01,3.157766771941394879e-01,3.232308792450693802e-01,2.708120256169426754e-01,4.029645662155583175e-01,3.709551295100652069e-01,3.663103142974248883e-01,3.593828172255922881e-01,0.000000000000000000e+00,0.000000000000000000e+00,3.750082524101537862e-01,4.456790259810360921e-01,0.000000000000000000e+00,0.000000000000000000e+00,0.000000000000000000e+00,0.000000000000000000e+00,0.000000000000000000e+00,0.000000000000000000e+00,0.000000000000000000e+00,0.000000000000000000e+00,4.399901647224839230e-01,0.000000000000000000e+00,4.547250899961979842e-01,0.000000000000000000e+00,0.000000000000000000e+00,0.000000000000000000e+00,0.000000000000000000e+00,4.386241432466190804e-01,4.046090915716868963e-01,0.000000000000000000e+00,0.000000000000000000e+00,0.000000000000000000e+00,0.000000000000000000e+00,0.000000000000000000e+00,4.918494890613531179e-01,4.455614324106615953e-01,4.631496254472595164e-01,0.000000000000000000e+00,0.000000000000000000e+00,0.000000000000000000e+00,0.000000000000000000e+00,3.838542039839515918e-01
0.000000000000000000e+00,0.000000000000000000e+00,3.480424418949895071e-01,3.938206936478240161e-01,3.636892587814357092e-01,4.193942265366050193e-01,4.432786687044010243e-01,3.412218864961791276e-01,3.708408075675093118e-01,1.028576101387948943e-01,0.000000000000000000e+00,1.231636627429836955e-01,4.321622591183619244e-01,2.704210990666334191e-01,0.000000000000000000e+00,0.000000000000000000e+00,1.129603659847957936e-01,0.000000000000000000e+00,3.112622117423726187e-01,0.000000000000000000e+00,0.000000000000000000e+00,0.000000000000000000e+00,2.889058395900461207e-01,0.000000000000000000e+00,0.000000000000000000e+00,1.680492079956459883e-01,4.028816141253154237e-01,4.290623558990999120e-01,0.000000000000000000e+00,0.000000000000000000e+00,4.578466788501123208e-01,4.273842109473733886e-01,0.000000000000000000e+00,4.398105840134732825e-01,4.064443081348338982e-01,3.380843790914043745e-01,4.275739946089143761e-01,1.142382805828319053e-01,0.000000000000000000e+00,0.000000000000000000e+00,0.000000000000000000e+00,0.000000000000000000e+00,4.680087793864098900e-01,0.000000000000000000e+00,0.000000000000000000e+00,0.000000000000000000e+00,0.000000000000000000e+00,4.963560612359753099e-01,0.000000000000000000e+00,1.096474142337539037e-01,4.939224506832505801e-01,1.325156429244102874e-01,0.000000000000000000e+00,5.010200487944250769e-01,0.000000000000000000e+00,4.299201768924343914e-01,0.000000000000000000e+00,2.337795626604554922e-01,5.254455652643164054e-01,0.000000000000000000e+00,0.000000000000000000e+00,0.000000000000000000e+00,0.000000000000000000e+00,4.360113959450787058e-01,0.000000000000000000e+00,0.000000000000000000e+00,0.000000000000000000e+00,4.893253572493765913e-01,0.000000000000000000e+00,0.000000000000000000e+00,0.000000000000000000e+00,5.031786145749851391e-01,1.700380183479761886e-01,0.000000000000000000e+00,0.000000000000000000e+00,0.000000000000000000e+00
4.006523042077633767e-01,0.000000000000000000e+00,1.446661517501139915e-01,0.000000000000000000e+00,1.089202348788521069e-01,1.587953379915570951e-01,0.000000000000000000e+00,5.929088426060484807e-01,1.505650924118258072e-01,2.759433327124404811e-01,1.231636627429836955e-01,0.000000000000000000e+00,1.056251542187408021e-01,0.000000000000000000e+00,0.000000000000000000e+00,0.000000000000000000e+00,3.712623629403600800e-01,3.557871883229696830e-01,1.541655912504223125e-01,0.000000000000000000e+00,4.959302509150609883e-01,0.000000000000000000e+00,5.997294304600847559e-01,2.724529538268581907e-01,3.411763368056259238e-01,3.017546885802340761e-01,1.478126499661331916e-01,3.094447312072043932e-01,0.000000000000000000e+00,0.000000000000000000e+00,3.208683218223948863e-01,2.928028194800861850e-01,2.846319827969185923e-01,2.200474011242224137e-01,2.552061936985888790e-01,3.137290864597300222e-01,3.381249576771760967e-01,2.292335263966543135e-01,3.027485699962363941e-01,3.656462422231253062e-01,2.755244443671087118e-01,3.410092727962503178e-01,3.412936208126767235e-01,0.000000000000000000e+00,0.000000000000000000e+00,0.000000000000000000e+00,0.000000000000000000e+00,0.000000000000000000e+00,0.000000000000000000e+00,0.000000000000000000e+00,0.000000000000000000e+00,0.000000000000000000e+00,0.000000000000000000e+00,0.000000000000000000e+00,4.447812239199748774e-01,0.000000000000000000e+00,4.552192839962382886e-01,0.000000000000000000e+00,0.000000000000000000e+00,0.000000000000000000e+00,0.000000000000000000e+00,4.511747578824198968e-01,4.208700955209371264e-01,0.000000000000000000e+00,0.000000000000000000e+00,0.000000000000000000e+00,0.000000000000000000e+00,0.000000000000000000e+00,4.802204131301311962e-01,4.502471064346040830e-01,4.660128007374105263e-01,0.000000000000000000e+00,3.156035183022229962e-01,0.000000000000000000e+00,0.000000000000000000e+00,4.156514235147444891e-01
4.459958689394967202e-01,4.133481079178323858e-01,4.291038687524755257e-01,3.131339315221065012e-01,3.590930014375264268e-01,3.857996692847615039e-01,3.496531887363433233e-01,4.264376408613655967e-01,3.886490562942135907e-01,3.515377529154393166e-01,4.321622591183619244e-01,1.056251542187408021e-01,0.000000000000000000e+00,3.669069200731386871e-01,4.065210873462254959e-01,4.450552987011102135e-01,1.214316532412089977e-01,4.438169592228983773e-01,4.428111162395064193e-01,4.277069799683537732e-01,4.031868309174461151e-01,4.454499330345711994e-01,4.177779648046163752e-01,1.139336474444933023e-01,3.992552472093643945e-01,4.147277408090749851e-01,4.245311857786980836e-01,3.509290797512176208e-01,4.086656817835515043e-01,4.137800075548567214e-01,4.029686206408726878e-01,4.104374358873532080e-01,4.463585992520733847e-01,3.983421927264240159e-01,3.830499118730685271e-01,2.896783684611833887e-01,2.972708857882381261e-01,3.650201279657198095e-01,1.158783563194964034e-01,0.000000000000000000e+00,1.616459001673085927e-01,1.298068953631462130e-01,1.302533182002741097e-01,0.000000000000000000e+00,0.000000000000000000e+00,0.000000000000000000e+00,0.000000000000000000e+00,6.341825849883778732e-01,0.000000000000000000e+00,0.000000000000000000e+00,5.175738849913679163e-01,2.127971987323727110e-01,0.000000000000000000e+00,0.000000000000000000e+00,0.000000000000000000e+00,1.451333181512788895e-01,0.000000000000000000e+00,0.000000000000000000e+00,0.000000000000000000e+00,1.660466628282462886e-01,0.000000000000000000e+00,0.000000000000000000e+00,0.000000000000000000e+00,0.000000000000000000e+00,1.543003688465809098e-01,0.000000000000000000e+00,2.033799240140601039e-01,4.876987516121166766e-01,0.000000000000000000e+00,1.644983550037110998e-01,1.881866019945158952e-01,5.008286911006344377e-01,0.000000000000000000e+00,1.527447692022222137e-01,0.000000000000000000e+00,0.000000000000000000e+00
0.000000000000000000e+00,0.000000000000000000e+00,4.389173019943399257e-01,3.080904120971242888e-01,2.902892904119477868e-01,4.197715648141980838e-01,3.564142778219552832e-01,3.651184806155575724e-01,4.091643740936388163e-01,0.000000000000000000e+00,2.704210990666334191e-01,0.000000000000000000e+00,3.669069200731386871e-01,0.000000000000000000e+00,0.000000000000000000e+00,0.000000000000000000e+00,0.000000000000000000e+00,0.000000000000000000e+00,4.045157949031517042e-01,0.000000000000000000e+00,4.422729507870655219e-01,0.000000000000000000e+00,3.853772482230822249e-01,0.000000000000000000e+00,0.000000000000000000e+00,0.000000000000000000e+00,4.570206034619638258e-01,3.282732849714459222e-01,0.000000000000000000e+00,0.000000000000000000e+00,0.000000000000000000e+00,0.000000000000000000e+00,0.000000000000000000e+00,0.000000000000000000e+00,0.000000000000000000e+00,2.316672989591034015e-01,2.055289758051870030e-01,0.000000000000000000e+00,0.000000000000000000e+00,0.000000000000000000e+00,0.000000000000000000e+00,0.000000000000000000e+00,0.000000000000000000e+00,0.000000000000000000e+00,0.000000000000000000e+00,0.000000000000000000e+00,0.000000000000000000e+00,0.000000000000000000e+00,0.000000000000000000e+00,0.000000000000000000e+00,0.000000000000000000e+00,0.000000000000000000e+00,0.000000000000000000e+00,0.000000000000000000e+00,0.000000000000000000e+00,0.000000000000000000e+00,0.000000000000000000e+00,0.000000000000000000e+00,0.000000000000000000e+00,0.000000000000000000e+00,0.000000000000000000e+00,0.000000000000000000e+00,0.000000000000000000e+00,0.000000000000000000e+00,0.000000000000000000e+00,0.000000000000000000e+00,0.000000000000000000e+00,1.384091145146331969e-01,0.000000000000000000e+00,0.000000000000000000e+00,0.000000000000000000e+00,0.000000000000000000e+00,0.000000000000000000e+00,0.000000000000000000e+00,0.000000000000000000e+00,0.000000000000000000e+00
3.829396195664774849e-01,4.304625941387557053e-01,0.000000000000000000e+00,0.000000000000000000e+00,0.000000000000000000e+00,4.248183557286179246e-01,0.000000000000000000e+00,3.976700496020568187e-01,0.000000000000000000e+00,0.000000000000000000e+00,0.000000000000000000e+00,0.000000000000000000e+00,4.065210873462254959e-01,0.000000000000000000e+00,0.000000000000000000e+00,4.401232690503436018e-01,0.000000000000000000e+00,4.260543766521446840e-01,0.000000000000000000e+00,3.360611045216252979e-01,3.889063571751174009e-01,3.647233250679289829e-01,3.618534957212771186e-01,0.000000000000000000e+00,4.129108944361882250e-01,3.870194971277557960e-01,4.138489219541299780e-01,4.131093663082279210e-01,4.052778971064786018e-01,0.000000000000000000e+00,4.306725867603117264e-01,4.631199396309775840e-01,4.187396949042070937e-01,4.476876532709516132e-01,4.818882278126583874e-01,5.710709591875111624e-01,0.000000000000000000e+00,0.000000000000000000e+00,4.864859320271233134e-01,4.498948760939454061e-01,4.874889739781010922e-01,4.962588322855143730e-01,0.000000000000000000e+00,0.000000000000000000e+00,0.000000000000000000e+00,0.000000000000000000e+00,5.122508043261666533e-01,0.000000000000000000e+00,0.000000000000000000e+00,0.000000000000000000e+00,0.000000000000000000e+00,0.000000000000000000e+00,0.000000000000000000e+00,0.000000000000000000e+00,0.000000000000000000e+00,0.000000000000000000e+00,0.000000000000000000e+00,1.182723303665556003e-01,0.000000000000000000e+00,4.882008856635036143e-01,1.452970067518689068e-01,0.000000000000000000e+00,0.000000000000000000e+00,0.000000000000000000e+00,5.009026251701342858e-01,4.597589403416530995e-01,4.925473462874789266e-01,4.652226423204863792e-01,0.000000000000000000e+00,1.582739178132742119e-01,5.120234435183287358e-01,4.549165804125759882e-01,1.241303353465886966e-01,4.607934573682889723e-01,0.000000000000000000e+00,1.299156690900989952e-01
4.084009965271317988e-01,3.801408276374714235e-01,0.000000000000000000e+00,0.000000000000000000e+00,0.000000000000000000e+00,4.025250445400143096e-01,4.484578253521714908e-01,4.731230964913489823e-01,0.000000000000000000e+00,3.983194811775265243e-01,0.000000000000000000e+00,0.000000000000000000e+00,4.450552987011102135e-01,0.000000000000000000e+00,4.401232690503436018e-01,0.000000000000000000e+00,3.902917912680629042e-01,3.552723721147100222e-01,0.000000000000000000e+00,4.186011566017244223e-01,4.147591299348185045e-01,3.902007867173886146e-01,4.362735466807277085e-01,4.113456628159662953e-01,3.740231600938888068e-01,4.349568849793096770e-01,4.187028333601863217e-01,4.385639046357734938e-01,4.281051234203390732e-01,4.513287295198120108e-01,3.939685806484667929e-01,4.499495360255996723e-01,4.136243832501789175e-01,4.033726762580581160e-01,4.654487702894358203e-01,0.000000000000000000e+00,0.000000000000000000e+00,0.000000000000000000e+00,4.777352855883852945e-01,4.524552382091739933e-01,4.624415328784591828e-01,4.504200423248533869e-01,0.000000000000000000e+00,0.000000000000000000e+00,0.000000000000000000e+00,4.544149541156137229e-01,4.753380951990522907e-01,0.000000000000000000e+00,0.000000000000000000e+00,0.000000000000000000e+00,0.000000000000000000e+00,0.000000000000000000e+00,0.000000000000000000e+00,0.000000000000000000e+00,0.000000000000000000e+00,0.000000000000000000e+00,0.000000000000000000e+00,0.000000000000000000e+00,0.000000000000000000e+00,4.847029565736845069e-01,4.573973227259616747e-01,0.000000000000000000e+00,4.383478529994161987e-01,0.000000000000000000e+00,1.142567791173294961e-01,0.000000000000000000e+00,4.737357952184603760e-01,1.718447103613205129e-01,0.000000000000000000e+00,4.654197867150036139e-01,4.801549968567487836e-01,1.510972486137522885e-01,0.000000000000000000e+00,1.420226505012320006e-01,0.000000000000000000e+00,4.431390752430647839e-01
3.529314542590548109e-01,4.181499665810561872e-01,0.000000000000000000e+00,0.000000000000000000e+00,0.000000000000000000e+00,1.577053824631629020e-01,0.000000000000000000e+00,0.000000000000000000e+00,0.000000000000000000e+00,3.011705509675686732e-01,1.129603659847957936e-01,3.712623629403600800e-01,1.214316532412089977e-01,0.000000000000000000e+00,0.000000000000000000e+00,3.902917912680629042e-01,0.000000000000000000e+00,3.233673949620645138e-01,0.000000000000000000e+00,1.128976963617454032e-01,0.000000000000000000e+00,4.364438741566856739e-01,0.000000000000000000e+00,4.061685012975200793e-01,3.291311228632672892e-01,3.674282905245679909e-01,0.000000000000000000e+00,1.099779520666231969e-01,1.054474693937562935e-01,0.000000000000000000e+00,3.499292070658063802e-01,4.413470976619662811e-01,3.786513163741688781e-01,3.672443317640380900e-01,3.793892695250963842e-01,0.000000000000000000e+00,0.000000000000000000e+00,0.000000000000000000e+00,0.000000000000000000e+00,3.816245911702719207e-01,0.000000000000000000e+00,0.000000000000000000e+00,0.000000000000000000e+00,0.000000000000000000e+00,0.000000000000000000e+00,0.000000000000000000e+00,0.000000000000000000e+00,0.000000000000000000e+00,0.000000000000000000e+00,0.000000000000000000e+00,0.000000000000000000e+00,0.000000000000000000e+00,0.000000000000000000e+00,0.000000000000000000e+00,4.716222875507128931e-01,0.000000000000000000e+00,5.077180887218801786e-01,0.000000000000000000e+00,0.000000000000000000e+00,0.000000000000000000e+00,0.000000000000000000e+00,1.224456067390810032e-01,4.157712207270620186e-01,0.000000000000000000e+00,0.000000000000000000e+00,0.000000000000000000e+00,0.000000000000000000e+00,0.000000000000000000e+00,5.054804156046738273e-01,4.342462063054848276e-01,4.498597977922952906e-01,0.000000000000000000e+00,0.000000000000000000e+00,0.000000000000000000e+00,0.000000000000000000e+00,0.000000000000000000e+00
3.874927967159690900e-01,3.877409205147874793e-01,0.000000000000000000e+00,0.000000000000000000e+00,0.000000000000000000e+00,3.962672053987422727e-01,4.561698674420311961e-01,0.000000000000000000e+00,1.723180217420489102e-01,3.489180363563733067e-01,0.000000000000000000e+00,3.557871883229696830e-01,4.438169592228983773e-01,0.000000000000000000e+00,4.260543766521446840e-01,3.552723721147100222e-01,3.233673949620645138e-01,0.000000000000000000e+00,0.000000000000000000e+00,4.148832732737818274e-01,4.053967013811844988e-01,4.059804752908479086e-01,4.268474488566478819e-01,3.646947677544836730e-01,3.370965025914642865e-01,3.775874672568094725e-01,4.087051293973394950e-01,4.225102607038186964e-01,4.195642671704942206e-01,4.981587985330490076e-01,3.807005460699399157e-01,4.421685629006958940e-01,3.764648837402956860e-01,3.900716320453498920e-01,4.120557414262078222e-01,0.000000000000000000e+00,0.000000000000000000e+00,0.000000000000000000e+00,4.448869252763086868e-01,3.845116421366707726e-01,4.183498187101503119e-01,0.000000000000000000e+00,0.000000000000000000e+00,0.000000000000000000e+00,0.000000000000000000e+00,4.336835575905871876e-01,4.428313237955577852e-01,0.000000000000000000e+00,0.000000000000000000e+00,0.000000000000000000e+00,0.000000000000000000e+00,0.000000000000000000e+00,0.000000000000000000e+00,0.000000000000000000e+00,4.125058103567855738e-01,0.000000000000000000e+00,4.269200348196334760e-01,0.000000000000000000e+00,0.000000000000000000e+00,0.000000000000000000e+00,4.163990242588441748e-01,4.147523647930341784e-01,3.975161085349502854e-01,0.000000000000000000e+00,0.000000000000000000e+00,0.000000000000000000e+00,4.285632197042280045e-01,0.000000000000000000e+00,4.806859616642598088e-01,4.159349221423411791e-01,4.416208234308884872e-01,0.000000000000000000e+00,0.000000000000000000e+00,0.000000000000000000e+00,0.000000000000000000e+00,4.245561368063923147e-01
0.000000000000000000e+00,0.000000000000000000e+00,3.017212659353317727e-01,0.000000000000000000e+00,3.958188475607474222e-01,4.041458876593650995e-01,4.584121024464959948e-01,4.870290135963729061e-01,2.906177716588612125e-01,1.150716520072545962e-01,3.112622117423726187e-01,1.541655912504223125e-01,4.428111162395064193e-01,4.045157949031517042e-01,0.000000000000000000e+00,0.000000000000000000e+00,0.000000000000000000e+00,0.000000000000000000e+00,0.000000000000000000e+00,0.000000000000000000e+00,0.000000000000000000e+00,0.000000000000000000e+00,2.989769076555673921e-01,0.000000000000000000e+00,0.000000000000000000e+00,0.000000000000000000e+00,3.899119209603020275e-01,4.407844655391405242e-01,0.000000000000000000e+00,0.000000000000000000e+00,4.560713377277207936e-01,4.059578937115321251e-01,0.000000000000000000e+00,4.567128843038619768e-01,4.421665371718883075e-01,4.231836457404503093e-01,4.489818102643070019e-01,1.031902039238388052e-01,2.092789828944761898e-01,0.000000000000000000e+00,0.000000000000000000e+00,0.000000000000000000e+00,5.229769433120805555e-01,0.000000000000000000e+00,0.000000000000000000e+00,0.000000000000000000e+00,0.000000000000000000e+00,5.412349604247844725e-01,0.000000000000000000e+00,1.437041172048640070e-01,5.638527146815641711e-01,2.370547760336564058e-01,5.844323110389676446e-01,5.956885498102267862e-01,0.000000000000000000e+00,5.101088364396844099e-01,0.000000000000000000e+00,1.847620863620250131e-01,6.134708489930145170e-01,0.000000000000000000e+00,0.000000000000000000e+00,0.000000000000000000e+00,0.000000000000000000e+00,5.694352698739312268e-01,0.000000000000000000e+00,0.000000000000000000e+00,0.000000000000000000e+00,5.363705456112581871e-01,0.000000000000000000e+00,0.000000000000000000e+00,0.000000000000000000e+00,5.464063450512220976e-01,0.000000000000000000e+00,0.000000000000000000e+00,0.000000000000000000e+00,0.000000000000000000e+00
4.033400271961493089e-01,4.157980161874411107e-01,0.000000000000000000e+00,0.000000000000000000e+00,3.965054250889625820e-01,4.096770661878753050e-01,4.373273385832864846e-01,3.688245440453087887e-01,4.127160016820315969e-01,1.064357389920402991e-01,0.000000000000000000e+00,0.000000000000000000e+00,4.277069799683537732e-01,0.000000000000000000e+00,3.360611045216252979e-01,4.186011566017244223e-01,1.128976963617454032e-01,4.148832732737818274e-01,0.000000000000000000e+00,0.000000000000000000e+00,4.004350852774012925e-01,3.734841656579460101e-01,3.157489981795958967e-01,0.000000000000000000e+00,3.997821508452102934e-01,4.302202238346494179e-01,3.533380271126905225e-01,3.895070197696401948e-01,3.322978060536361800e-01,3.296023466779223199e-01,3.861547772047069782e-01,4.649395411644531850e-01,3.897445015339420782e-01,4.320307787968611923e-01,4.594672470390605001e-01,5.295373756193489934e-01,5.106848029886220663e-01,0.000000000000000000e+00,4.446001786596829874e-01,1.331515844771223867e-01,1.351469542684879122e-01,5.051407276366048915e-01,1.085571697441179012e-01,0.000000000000000000e+00,0.000000000000000000e+00,0.000000000000000000e+00,5.402106886509763228e-01,0.000000000000000000e+00,0.000000000000000000e+00,0.000000000000000000e+00,1.166765226894813934e-01,0.000000000000000000e+00,0.000000000000000000e+00,0.000000000000000000e+00,0.000000000000000000e+00,0.000000000000000000e+00,0.000000000000000000e+00,1.728164616310444990e-01,0.000000000000000000e+00,4.618629621518534067e-01,1.948112228092699905e-01,0.000000000000000000e+00,0.000000000000000000e+00,0.000000000000000000e+00,4.520198007039392119e-01,4.520895737216082955e-01,4.580269152329590754e-01,4.553695962334606273e-01,0.000000000000000000e+00,1.902737318307902992e-01,5.000355386077266484e-01,4.647896123745675068e-01,1.481917054000936873e-01,4.538898717682233186e-01,1.118076663368391954e-01,1.342102570227123037e-01
3.634868049605592955e-01,4.123376534583078068e-01,0.000000000000000000e+00,0.000000000000000000e+00,0.000000000000000000e+00,4.007241415014546893e-01,0.000000000000000000e+00,3.750001757393424118e-01,0.000000000000000000e+00,0.000000000000000000e+00,0.000000000000000000e+00,4.959302509150609883e-01,4.031868309174461151e-01,4.422729507870655219e-01,3.889063571751174009e-01,4.147591299348185045e-01,0.000000000000000000e+00,4.053967013811844988e-01,0.000000000000000000e+00,4.004350852774012925e-01,0.000000000000000000e+00,4.210657988312603850e-01,3.874167720446283769e-01,4.604033198117917225e-01,4.021409480681931159e-01,4.035387707426805748e-01,4.118269605746631146e-01,4.160150751892265908e-01,3.897898555164571732e-01,0.000000000000000000e+00,4.053469652116674093e-01,4.369045591194544165e-01,4.007928535054002261e-01,4.085142012403892853e-01,4.680173306410100875e-01,0.000000000000000000e+00,0.000000000000000000e+00,0.000000000000000000e+00,4.546947991802519073e-01,4.409321257880783884e-01,4.502501760399008068e-01,4.623321416391055205e-01,0.000000000000000000e+00,0.000000000000000000e+00,0.000000000000000000e+00,3.613895094874434166e-01,4.639821697057218142e-01,0.000000000000000000e+00,0.000000000000000000e+00,0.000000000000000000e+00,0.000000000000000000e+00,0.000000000000000000e+00,0.000000000000000000e+00,0.000000000000000000e+00,0.000000000000000000e+00,0.000000000000000000e+00,0.000000000000000000e+00,1.023915041070437987e-01,0.000000000000000000e+00,4.591634040152228202e-01,4.808659548573253062e-01,0.000000000000000000e+00,0.000000000000000000e+00,0.000000000000000000e+00,4.605206335474251178e-01,3.647578561404035136e-01,4.657704397056334211e-01,4.345722863420309889e-01,0.000000000000000000e+00,1.266680572697488905e-01,4.850679056531917999e-01,4.433004061823845876e-01,1.004892191760233949e-01,3.846268395423593778e-01,0.000000000000000000e+00,1.291941237833089950e-01
