0.000000000000000000e+00,3.213641929610496217e-01,0.000000000000000000e+00,0.000000000000000000e+00,0.000000000000000000e+00,3.998473069055942242e-01,0.000000000000000000e+00,4.967848419821627726e-01,0.000000000000000000e+00,2.977389643104242922e-01,0.000000000000000000e+00,0.000000000000000000e+00,4.230405067071296155e-01,0.000000000000000000e+00,3.637439209764349868e-01,3.381400198260393064e-01,2.587066616184452994e-01,3.070767719871557166e-01,0.000000000000000000e+00,3.999386942481821805e-01,4.048347042844250843e-01,3.354285192426790796e-01,4.650942295594305276e-01,4.074945014114851882e-01,2.966128632449281932e-01,3.386137914096897239e-01,4.394261803093851837e-01,3.725006762157845874e-01,3.764031850103641275e-01,0.000000000000000000e+00,3.209758206256304036e-01,4.080132780266400028e-01,2.971786384733334230e-01,3.268652862127818248e-01,3.525388935340468266e-01,0.000000000000000000e+00,0.000000000000000000e+00,0.000000000000000000e+00,3.747961014673489855e-01,3.113114983060941143e-01,3.747230424130961191e-01,0.000000000000000000e+00,0.000000000000000000e+00,0.000000000000000000e+00,0.000000000000000000e+00,3.267030969061909818e-01,3.604130198704396104e-01,0.000000000000000000e+00,0.000000000000000000e+00,0.000000000000000000e+00,0.000000000000000000e+00,0.000000000000000000e+00,0.000000000000000000e+00,0.000000000000000000e+00,0.000000000000000000e+00,0.000000000000000000e+00,0.000000000000000000e+00,0.000000000000000000e+00,0.000000000000000000e+00,0.000000000000000000e+00,3.707258226214226182e-01,0.000000000000000000e+00,3.558670708356825862e-01,0.000000000000000000e+00,0.000000000000000000e+00,2.299502737812907094e-01,3.304452743363939238e-01,0.000000000000000000e+00,2.969408162636864024e-01,3.418911425738649923e-01,3.549994644462423077e-01,0.000000000000000000e+00,0.000000000000000000e+00,0.000000000000000000e+00,0.000000000000000000e+00,4.205341781366280229e-01
3.213641929610496217e-01,0.000000000000000000e+00,0.000000000000000000e+00,0.000000000000000000e+00,0.000000000000000000e+00,3.747088500352234175e-01,1.106019103643886975e-01,4.133744350150659885e-01,3.967985843637852894e-01,0.000000000000000000e+00,0.000000000000000000e+00,0.000000000000000000e+00,3.987862764886799805e-01,0.000000000000000000e+00,3.880966322374551081e-01,3.583096196987147208e-01,0.000000000000000000e+00,3.205019175188428826e-01,0.000000000000000000e+00,3.812421987487136232e-01,3.442225702223533079e-01,3.522111038382403914e-01,3.990208347647997145e-01,0.000000000000000000e+00,3.156517015435911788e-01,3.475077347137600081e-01,4.057558894290532736e-01,3.978442166421494175e-01,3.988686608777223253e-01,0.000000000000000000e+00,3.368911195706201789e-01,3.954472915421300971e-01,2.950501853821116960e-01,3.374097785273075245e-01,3.504956161850701912e-01,0.000000000000000000e+00,0.000000000000000000e+00,0.000000000000000000e+00,4.066284960222428801e-01,3.364852486749194127e-01,3.603833302581422871e-01,4.095852443360314954e-01,0.000000000000000000e+00,0.000000000000000000e+00,0.000000000000000000e+00,3.451848854777879172e-01,3.411737929697499783e-01,0.000000000000000000e+00,0.000000000000000000e+00,0.000000000000000000e+00,4.321724091030023085e-01,0.000000000000000000e+00,0.000000000000000000e+00,0.000000000000000000e+00,0.000000000000000000e+00,0.000000000000000000e+00,0.000000000000000000e+00,0.000000000000000000e+00,0.000000000000000000e+00,4.095422649468863918e-01,3.796814378883923147e-01,0.000000000000000000e+00,3.385781970451566814e-01,0.000000000000000000e+00,4.123011795652630207e-01,4.006197586998188065e-01,3.943040144345935083e-01,4.688062885255587231e-01,0.000000000000000000e+00,3.653297217211466941e-01,3.804642858746822842e-01,4.561918752468208105e-01,0.000000000000000000e+00,4.219787115746044814e-01,0.000000000000000000e+00,3.934569152185367069e-01
0.000000000000000000e+00,0.000000000000000000e+00,0.000000000000000000e+00,1.084974605659149022e-01,3.802327884107424838e-01,4.165278735558585743e-01,4.145353717460311116e-01,4.384998823723180728e-01,3.520405399641445277e-01,1.366818454632532931e-01,3.198937156048807240e-01,1.446661517501139915e-01,4.329813238802210917e-01,4.290592362076861011e-01,0.000000000000000000e+00,0.000000000000000000e+00,0.000000000000000000e+00,0.000000000000000000e+00,3.231901341266776861e-01,0.000000000000000000e+00,0.000000000000000000e+00,0.000000000000000000e+00,3.843695321900488793e-01,0.000000000000000000e+00,0.000000000000000000e+00,0.000000000000000000e+00,3.916033401290140992e-01,4.457798361347830030e-01,0.000000000000000000e+00,0.000000000000000000e+00,4.509860200283671849e-01,4.253611761979059769e-01,0.000000000000000000e+00,4.561191592632514724e-01,4.430204044307998745e-01,4.084300665165527255e-01,4.791208194969185930e-01,0.000000000000000000e+00,1.477498084837118031e-01,0.000000000000000000e+00,1.357753081291697972e-01,0.000000000000000000e+00,3.854939276451990748e-01,0.000000000000000000e+00,0.000000000000000000e+00,0.000000000000000000e+00,0.000000000000000000e+00,3.487691811570670097e-01,0.000000000000000000e+00,4.606271139807471271e-01,4.513978598916890128e-01,4.788814863618252038e-01,4.898246864347851059e-01,4.654371403277424157e-01,0.000000000000000000e+00,3.386029664980437226e-01,0.000000000000000000e+00,1.620068532629561908e-01,4.089984119907523197e-01,0.000000000000000000e+00,0.000000000000000000e+00,0.000000000000000000e+00,0.000000000000000000e+00,3.761041356072193920e-01,0.000000000000000000e+00,0.000000000000000000e+00,0.000000000000000000e+00,4.668166565441181914e-01,0.000000000000000000e+00,0.000000000000000000e+00,0.000000000000000000e+00,5.008928790697593225e-01,1.895566312354675098e-01,0.000000000000000000e+00,0.000000000000000000e+00,0.000000000000000000e+00
0.000000000000000000e+00,0.000000000000000000e+00,1.084974605659149022e-01,0.000000000000000000e+00,3.127691899496263250e-01,4.080268992483829793e-01,0.000000000000000000e+00,0.000000000000000000e+00,3.832583666084652951e-01,0.000000000000000000e+00,3.107313677960535925e-01,0.000000000000000000e+00,3.948880148806823143e-01,3.253311409961240908e-01,0.000000000000000000e+00,0.000000000000000000e+00,0.000000000000000000e+00,0.000000000000000000e+00,0.000000000000000000e+00,0.000000000000000000e+00,0.000000000000000000e+00,0.000000000000000000e+00,4.012124392032064835e-01,0.000000000000000000e+00,0.000000000000000000e+00,0.000000000000000000e+00,4.724749249375975735e-01,3.356015729027528871e-01,1.644852909156430121e-01,0.000000000000000000e+00,3.342096324463667001e-01,2.736228402932214254e-01,0.000000000000000000e+00,3.244805727248570859e-01,3.430336535968346867e-01,2.378148343642010887e-01,2.477578208558789963e-01,0.000000000000000000e+00,0.000000000000000000e+00,0.000000000000000000e+00,0.000000000000000000e+00,0.000000000000000000e+00,0.000000000000000000e+00,0.000000000000000000e+00,0.000000000000000000e+00,0.000000000000000000e+00,0.000000000000000000e+00,0.000000000000000000e+00,0.000000000000000000e+00,0.000000000000000000e+00,0.000000000000000000e+00,0.000000000000000000e+00,0.000000000000000000e+00,0.000000000000000000e+00,0.000000000000000000e+00,0.000000000000000000e+00,0.000000000000000000e+00,0.000000000000000000e+00,0.000000000000000000e+00,0.000000000000000000e+00,0.000000000000000000e+00,0.000000000000000000e+00,0.000000000000000000e+00,0.000000000000000000e+00,0.000000000000000000e+00,0.000000000000000000e+00,0.000000000000000000e+00,0.000000000000000000e+00,0.000000000000000000e+00,0.000000000000000000e+00,0.000000000000000000e+00,0.000000000000000000e+00,0.000000000000000000e+00,0.000000000000000000e+00,0.000000000000000000e+00,0.000000000000000000e+00
0.000000000000000000e+00,0.000000000000000000e+00,3.802327884107424838e-01,3.127691899496263250e-01,0.000000000000000000e+00,3.748249705141825094e-01,3.428232094721869738e-01,3.293778078017409738e-01,3.385306478456744927e-01,1.205803703003378025e-01,2.922968099028335209e-01,1.089202348788521069e-01,4.006208117058617235e-01,3.190228680680899931e-01,0.000000000000000000e+00,5.133667545216690220e-01,0.000000000000000000e+00,0.000000000000000000e+00,3.069314972105858796e-01,3.752859669327263115e-01,0.000000000000000000e+00,3.996465244690993734e-01,3.633364877086001088e-01,0.000000000000000000e+00,1.026512181678926050e-01,0.000000000000000000e+00,3.794161560053824767e-01,3.939304053180613940e-01,4.091138233938430013e-01,0.000000000000000000e+00,3.823070019129888863e-01,3.615009472737746865e-01,0.000000000000000000e+00,3.951925773477761861e-01,3.743441939538614815e-01,2.446185262488337064e-01,3.833606943581984172e-01,0.000000000000000000e+00,1.449016219380533932e-01,0.000000000000000000e+00,0.000000000000000000e+00,0.000000000000000000e+00,2.918412564194725056e-01,0.000000000000000000e+00,0.000000000000000000e+00,0.000000000000000000e+00,0.000000000000000000e+00,4.642338506026342237e-01,0.000000000000000000e+00,1.196853085045865017e-01,4.566608773392957787e-01,0.000000000000000000e+00,3.255452988110396073e-01,4.808478695302951800e-01,0.000000000000000000e+00,3.913598630462404859e-01,0.000000000000000000e+00,0.000000000000000000e+00,0.000000000000000000e+00,0.000000000000000000e+00,0.000000000000000000e+00,0.000000000000000000e+00,0.000000000000000000e+00,4.805490448250410163e-01,0.000000000000000000e+00,0.000000000000000000e+00,0.000000000000000000e+00,4.679706654464406146e-01,0.000000000000000000e+00,0.000000000000000000e+00,0.000000000000000000e+00,4.759089616066006223e-01,0.000000000000000000e+00,0.000000000000000000e+00,0.000000000000000000e+00,0.000000000000000000e+00
3.998473069055942242e-01,3.747088500352234175e-01,4.165278735558585743e-01,4.080268992483829793e-01,3.748249705141825094e-01,0.000000000000000000e+00,4.026764897267799959e-01,3.608429873369283780e-01,3.600277148830139939e-01,4.303435871572661164e-01,3.569000730066331228e-01,1.587953379915570951e-01,3.779434641081773072e-01,3.666808178211891089e-01,3.892303877313298965e-01,4.398291366702716254e-01,6.876782264868472883e-01,4.059051028192635080e-01,3.804579555972362748e-01,4.021424232098245177e-01,3.825788196657667894e-01,4.250125364636621050e-01,3.891403798750279197e-01,0.000000000000000000e+00,3.549399587235015918e-01,3.795479583857390149e-01,3.709009943971117162e-01,3.859484564235809989e-01,3.643597413905342863e-01,3.641405964872513890e-01,4.071516982800058027e-01,4.136867609563915082e-01,0.000000000000000000e+00,4.199530737947708148e-01,4.397153245413822908e-01,3.895675345359598807e-01,4.076419989628677909e-01,1.323406039125313016e-01,4.042330586422018257e-01,0.000000000000000000e+00,4.437474739581181993e-01,1.337139184359505129e-01,1.280654934576379023e-01,0.000000000000000000e+00,0.000000000000000000e+00,0.000000000000000000e+00,1.837371231652606962e-01,4.701657971398994773e-01,0.000000000000000000e+00,4.964875635513613106e-01,4.187781957816614220e-01,4.696960909832851860e-01,4.190558239449658218e-01,4.427892914133220170e-01,0.000000000000000000e+00,4.412318828909626012e-01,0.000000000000000000e+00,4.487800893197088081e-01,0.000000000000000000e+00,4.745322465184815264e-01,0.000000000000000000e+00,0.000000000000000000e+00,0.000000000000000000e+00,4.748765236155885194e-01,4.466459278986958936e-01,0.000000000000000000e+00,4.562429520604511790e-01,4.386508420590077839e-01,0.000000000000000000e+00,0.000000000000000000e+00,4.738314497300625816e-01,4.298749380797202146e-01,4.227811900231451814e-01,4.212003364405279005e-01,1.011516926898475971e-01,4.592414496570123017e-01
0.000000000000000000e+00,1.106019103643886975e-01,4.145353717460311116e-01,0.000000000000000000e+00,3.428232094721869738e-01,4.026764897267799959e-01,0.000000000000000000e+00,3.726660728630826203e-01,3.783738759346256808e-01,1.111254582814223957e-01,3.474556951718912878e-01,0.000000000000000000e+00,3.377861841812961896e-01,3.406660485491297963e-01,0.000000000000000000e+00,4.308339548269952135e-01,0.000000000000000000e+00,4.027333173382072196e-01,3.607432109303941870e-01,4.187594100657033858e-01,0.000000000000000000e+00,4.500576924982638838e-01,3.914647686327953902e-01,0.000000000000000000e+00,3.796683507111213163e-01,4.066396212917808839e-01,4.032392973856842033e-01,4.157685911561472270e-01,4.100829850395086851e-01,0.000000000000000000e+00,4.012476377814057082e-01,3.826478683326133834e-01,0.000000000000000000e+00,4.043137929048650214e-01,4.071069518706170176e-01,3.223452543917472157e-01,3.745313323146676754e-01,0.000000000000000000e+00,1.841832463700056044e-01,0.000000000000000000e+00,1.637731516271186127e-01,0.000000000000000000e+00,1.211191185914881063e-01,0.000000000000000000e+00,0.000000000000000000e+00,0.000000000000000000e+00,0.000000000000000000e+00,5.195395274360932181e-01,0.000000000000000000e+00,0.000000000000000000e+00,1.612945990765811966e-01,0.000000000000000000e+00,1.112453970595013997e-01,5.550468212168302440e-01,0.000000000000000000e+00,1.484293345485989957e-01,0.000000000000000000e+00,0.000000000000000000e+00,0.000000000000000000e+00,0.000000000000000000e+00,0.000000000000000000e+00,0.000000000000000000e+00,0.000000000000000000e+00,1.420735728466518133e-01,0.000000000000000000e+00,0.000000000000000000e+00,0.000000000000000000e+00,4.154873364099394006e-01,0.000000000000000000e+00,0.000000000000000000e+00,0.000000000000000000e+00,4.340688148138451830e-01,0.000000000000000000e+00,0.000000000000000000e+00,0.000000000000000000e+00,0.000000000000000000e+00
4.967848419821627726e-01,4.133744350150659885e-01,4.384998823723180728e-01,0.000000000000000000e+00,3.293778078017409738e-01,3.608429873369283780e-01,3.726660728630826203e-01,0.000000000000000000e+00,4.409070764109134788e-01,0.000000000000000000e+00,2.913725971276385773e-01,0.000000000000000000e+00,3.987070236586380267e-01,3.827434785295186215e-01,3.343778893925842266e-01,4.569616329216675821e-01,0.000000000000000000e+00,4.200666380050657178e-01,4.187533941478330801e-01,3.938300352329183740e-01,3.152309071410904218e-01,3.901785129540095154e-01,3.260303663884064895e-01,5.071889553208731583e-01,4.171168987134882267e-01,4.490831059460790864e-01,4.060647257037007796e-01,3.981848699881445075e-01,3.494817678771701130e-01,3.559397999617393005e-01,4.048761047292189774e-01,3.732396836797824968e-01,4.517702889375518893e-01,4.139373053702901095e-01,4.149324171113001891e-01,2.760958364560778810e-01,4.222773889756634147e-01,0.000000000000000000e+00,3.953058300207957232e-01,0.000000000000000000e+00,0.000000000000000000e+00,0.000000000000000000e+00,2.551237181659811726e-01,0.000000000000000000e+00,0.000000000000000000e+00,0.000000000000000000e+00,0.000000000000000000e+00,4.509548381888441870e-01,0.000000000000000000e+00,0.000000000000000000e+00,3.680688338832934225e-01,0.000000000000000000e+00,2.425196755376879953e-01,4.202411434291575820e-01,0.000000000000000000e+00,3.751555573592605941e-01,0.000000000000000000e+00,0.000000000000000000e+00,3.298967384594553853e-01,3.662672376839428146e-01,0.000000000000000000e+00,0.000000000000000000e+00,0.000000000000000000e+00,3.292287405052169991e-01,3.464168872834729740e-01,2.010813551865535120e-01,0.000000000000000000e+00,3.553791731413423749e-01,0.000000000000000000e+00,0.000000000000000000e+00,0.000000000000000000e+00,4.237133749295283747e-01,4.188011462765128257e-01,4.229358243683136731e-01,0.000000000000000000e+00,4.409498175310764823e-01
0.000000000000000000e+00,3.967985843637852894e-01,3.520405399641445277e-01,3.832583666084652951e-01,3.385306478456744927e-01,3.600277148830139939e-01,3.783738759346256808e-01,4.409070764109134788e-01,0.000000000000000000e+00,1.150841573418379948e-01,3.144363700454025912e-01,1.505650924118258072e-01,3.862803787284315726e-01,3.693794843672933981e-01,0.000000000000000000e+00,4.889908947628283098e-01,0.000000000000000000e+00,5.629499093370883278e-01,3.327229099577844185e-01,3.772911635175628109e-01,0.000000000000000000e+00,4.190569213264823123e-01,4.075305854908353176e-01,1.348241689002374066e-01,1.381552569281528919e-01,4.480997097620684766e-01,3.911639876084094247e-01,4.221068662362463808e-01,3.785859732398599853e-01,0.000000000000000000e+00,4.122323900235361216e-01,4.005890061973003125e-01,0.000000000000000000e+00,4.202787853672860230e-01,4.224654489294992210e-01,3.864416578322784068e-01,3.954383822632013268e-01,1.358621571928100014e-01,1.371550272575474128e-01,0.000000000000000000e+00,1.944270713845958065e-01,0.000000000000000000e+00,4.658493721324908909e-01,0.000000000000000000e+00,0.000000000000000000e+00,0.000000000000000000e+00,0.000000000000000000e+00,5.119500383282478140e-01,0.000000000000000000e+00,5.248509981617178743e-01,4.232318123990236880e-01,1.944052841542409094e-01,4.735601718436580065e-01,4.482997783388705249e-01,0.000000000000000000e+00,4.717472865570779272e-01,0.000000000000000000e+00,1.922170983634403085e-01,4.559329166182322091e-01,0.000000000000000000e+00,0.000000000000000000e+00,0.000000000000000000e+00,0.000000000000000000e+00,4.874953810032388035e-01,0.000000000000000000e+00,0.000000000000000000e+00,0.000000000000000000e+00,4.723098297608742113e-01,0.000000000000000000e+00,0.000000000000000000e+00,0.000000000000000000e+00,4.735330176432198113e-01,2.033127150883851098e-01,0.000000000000000000e+00,0.000000000000000000e+00,0.000000000000000000e+00
2.977389643104242922e-01,0.000000000000000000e+00,1.366818454632532931e-01,0.000000000000000000e+00,1.205803703003378025e-01,4.303435871572661164e-01,1.111254582814223957e-01,0.000000000000000000e+00,1.150841573418379948e-01,0.000000000000000000e+00,4.132957223356357179e-01,3.046588859514591796e-01,4.101394431003925756e-01,0.000000000000000000e+00,0.000000000000000000e+00,3.011537968511300845e-01,2.847066674414676091e-01,3.033573996602517142e-01,1.150716520072545962e-01,4.537896663619778170e-01,0.000000000000000000e+00,3.607817324878451193e-01,4.820214090014663944e-01,3.418064673114791230e-01,3.102738902700160062e-01,3.077107070863379090e-01,5.113783578356653203e-01,3.957257610207224885e-01,4.816145792483921828e-01,0.000000000000000000e+00,3.554986558269300767e-01,3.253271804844207193e-01,2.964668049554369245e-01,3.229130318143753064e-01,3.120895353562084806e-01,3.315280478090815164e-01,3.011054681095223784e-01,2.715686014111026170e-01,3.015664099548405197e-01,3.364892114377063259e-01,3.154238064048445755e-01,2.161490657990136899e-01,0.000000000000000000e+00,0.000000000000000000e+00,0.000000000000000000e+00,3.160753519581386839e-01,0.000000000000000000e+00,0.000000000000000000e+00,0.000000000000000000e+00,0.000000000000000000e+00,0.000000000000000000e+00,0.000000000000000000e+00,0.000000000000000000e+00,0.000000000000000000e+00,3.810222366005335259e-01,0.000000000000000000e+00,3.878113347140461076e-01,0.000000000000000000e+00,0.000000000000000000e+00,0.000000000000000000e+00,0.000000000000000000e+00,4.050114444849272077e-01,3.766165881302032115e-01,0.000000000000000000e+00,0.000000000000000000e+00,0.000000000000000000e+00,0.000000000000000000e+00,0.000000000000000000e+00,3.902624514286088808e-01,3.978193612064417906e-01,4.090692457711677110e-01,0.000000000000000000e+00,3.380008873788123980e-01,0.000000000000000000e+00,0.000000000000000000e+00,3.730251684937873069e-01
0.000000000000000000e+00,0.000000000000000000e+00,3.198937156048807240e-01,3.107313677960535925e-01,2.922968099028335209e-01,3.569000730066331228e-01,3.474556951718912878e-01,2.913725971276385773e-01,3.144363700454025912e-01,4.132957223356357179e-01,0.000000000000000000e+00,1.231636627429836955e-01,3.775827383481669131e-01,2.932765352492551214e-01,0.000000000000000000e+00,0.000000000000000000e+00,1.129603659847957936e-01,0.000000000000000000e+00,2.795629465318538731e-01,0.000000000000000000e+00,0.000000000000000000e+00,0.000000000000000000e+00,3.116595975049603062e-01,0.000000000000000000e+00,0.000000000000000000e+00,1.680492079956459883e-01,3.591330296399015132e-01,3.839832770873943257e-01,0.000000000000000000e+00,0.000000000000000000e+00,3.676262789771814754e-01,3.472648937491957799e-01,0.000000000000000000e+00,3.780484100826176919e-01,3.645154503168467897e-01,2.647420549813038204e-01,3.629119122640268036e-01,1.142382805828319053e-01,0.000000000000000000e+00,0.000000000000000000e+00,0.000000000000000000e+00,0.000000000000000000e+00,2.822693326644062917e-01,0.000000000000000000e+00,0.000000000000000000e+00,0.000000000000000000e+00,0.000000000000000000e+00,3.381126237915316191e-01,0.000000000000000000e+00,1.096474142337539037e-01,0.000000000000000000e+00,1.325156429244102874e-01,3.325923824035820764e-01,3.723936262767708061e-01,0.000000000000000000e+00,1.843301480936113124e-01,0.000000000000000000e+00,1.411573169783089110e-01,3.071159143145609782e-01,0.000000000000000000e+00,0.000000000000000000e+00,0.000000000000000000e+00,0.000000000000000000e+00,1.480598633138990039e-01,0.000000000000000000e+00,0.000000000000000000e+00,0.000000000000000000e+00,4.230295711741173248e-01,0.000000000000000000e+00,0.000000000000000000e+00,0.000000000000000000e+00,4.341252682808853236e-01,1.700380183479761886e-01,0.000000000000000000e+00,0.000000000000000000e+00,0.000000000000000000e+00
0.000000000000000000e+00,0.000000000000000000e+00,1.446661517501139915e-01,0.000000000000000000e+00,1.089202348788521069e-01,1.587953379915570951e-01,0.000000000000000000e+00,0.000000000000000000e+00,1.505650924118258072e-01,3.046588859514591796e-01,1.231636627429836955e-01,0.000000000000000000e+00,1.056251542187408021e-01,0.000000000000000000e+00,0.000000000000000000e+00,0.000000000000000000e+00,3.015839349115395085e-01,2.681335514477863891e-01,1.541655912504223125e-01,0.000000000000000000e+00,0.000000000000000000e+00,0.000000000000000000e+00,1.457153629566030062e-01,3.095842297232936913e-01,3.114520870856374857e-01,3.362158541173330129e-01,1.478126499661331916e-01,0.000000000000000000e+00,0.000000000000000000e+00,0.000000000000000000e+00,3.570976566095784843e-01,3.072168425125730851e-01,2.751706532875908273e-01,2.716702278209359167e-01,3.068323102463761942e-01,2.522244007628043905e-01,3.379801256753675043e-01,2.630358509155248936e-01,0.000000000000000000e+00,3.435998947342812082e-01,3.214764111291554816e-01,0.000000000000000000e+00,0.000000000000000000e+00,0.000000000000000000e+00,0.000000000000000000e+00,0.000000000000000000e+00,0.000000000000000000e+00,0.000000000000000000e+00,0.000000000000000000e+00,0.000000000000000000e+00,0.000000000000000000e+00,0.000000000000000000e+00,0.000000000000000000e+00,0.000000000000000000e+00,3.849932084587570080e-01,0.000000000000000000e+00,3.855076278325297867e-01,0.000000000000000000e+00,0.000000000000000000e+00,0.000000000000000000e+00,0.000000000000000000e+00,1.226482265617925005e-01,0.000000000000000000e+00,0.000000000000000000e+00,0.000000000000000000e+00,0.000000000000000000e+00,0.000000000000000000e+00,0.000000000000000000e+00,3.985918154879452002e-01,4.300617467248057935e-01,4.200891828186273935e-01,0.000000000000000000e+00,0.000000000000000000e+00,0.000000000000000000e+00,0.000000000000000000e+00,4.079817014289655042e-01
4.230405067071296155e-01,3.987862764886799805e-01,4.329813238802210917e-01,3.948880148806823143e-01,4.006208117058617235e-01,3.779434641081773072e-01,3.377861841812961896e-01,3.987070236586380267e-01,3.862803787284315726e-01,4.101394431003925756e-01,3.775827383481669131e-01,1.056251542187408021e-01,0.000000000000000000e+00,0.000000000000000000e+00,3.199772201914005132e-01,4.482771725665963825e-01,1.214316532412089977e-01,4.232526455433178736e-01,3.861041328052070010e-01,4.136407082919992262e-01,3.945536026974080790e-01,4.519891385220374813e-01,4.105531550930173745e-01,1.139336474444933023e-01,3.663161649318559254e-01,3.892587021385389146e-01,4.214662641007294042e-01,3.700649341197230768e-01,3.723619342522888065e-01,3.415290147031808110e-01,4.114801977974548164e-01,3.982520551068661208e-01,0.000000000000000000e+00,4.109124943690317111e-01,4.137775031115076274e-01,3.741674567283975739e-01,3.952505364004239019e-01,0.000000000000000000e+00,4.282887701967191818e-01,0.000000000000000000e+00,1.616459001673085927e-01,1.298068953631462130e-01,1.302533182002741097e-01,0.000000000000000000e+00,0.000000000000000000e+00,0.000000000000000000e+00,0.000000000000000000e+00,1.844890917420914100e-01,0.000000000000000000e+00,0.000000000000000000e+00,4.259921841088283867e-01,2.127971987323727110e-01,0.000000000000000000e+00,0.000000000000000000e+00,0.000000000000000000e+00,1.451333181512788895e-01,0.000000000000000000e+00,0.000000000000000000e+00,0.000000000000000000e+00,1.660466628282462886e-01,0.000000000000000000e+00,0.000000000000000000e+00,0.000000000000000000e+00,0.000000000000000000e+00,1.543003688465809098e-01,0.000000000000000000e+00,2.033799240140601039e-01,4.415583478158162101e-01,0.000000000000000000e+00,1.644983550037110998e-01,1.881866019945158952e-01,4.531499593136428805e-01,0.000000000000000000e+00,1.527447692022222137e-01,0.000000000000000000e+00,0.000000000000000000e+00
0.000000000000000000e+00,0.000000000000000000e+00,4.290592362076861011e-01,3.253311409961240908e-01,3.190228680680899931e-01,3.666808178211891089e-01,3.406660485491297963e-01,3.827434785295186215e-01,3.693794843672933981e-01,0.000000000000000000e+00,2.932765352492551214e-01,0.000000000000000000e+00,0.000000000000000000e+00,0.000000000000000000e+00,0.000000000000000000e+00,0.000000000000000000e+00,0.000000000000000000e+00,0.000000000000000000e+00,3.813965960377828091e-01,0.000000000000000000e+00,3.639877157869277902e-01,0.000000000000000000e+00,3.662400689840861756e-01,0.000000000000000000e+00,0.000000000000000000e+00,0.000000000000000000e+00,4.212719811792480229e-01,0.000000000000000000e+00,0.000000000000000000e+00,0.000000000000000000e+00,0.000000000000000000e+00,2.784592913404116965e-01,0.000000000000000000e+00,0.000000000000000000e+00,0.000000000000000000e+00,2.501431266372635132e-01,2.551729158762113259e-01,0.000000000000000000e+00,0.000000000000000000e+00,0.000000000000000000e+00,0.000000000000000000e+00,0.000000000000000000e+00,2.741707945797058898e-01,0.000000000000000000e+00,0.000000000000000000e+00,0.000000000000000000e+00,0.000000000000000000e+00,4.321208320170489836e-01,0.000000000000000000e+00,0.000000000000000000e+00,0.000000000000000000e+00,0.000000000000000000e+00,0.000000000000000000e+00,4.020753536455368149e-01,0.000000000000000000e+00,3.428665840963580069e-01,0.000000000000000000e+00,0.000000000000000000e+00,0.000000000000000000e+00,0.000000000000000000e+00,0.000000000000000000e+00,0.000000000000000000e+00,0.000000000000000000e+00,0.000000000000000000e+00,0.000000000000000000e+00,0.000000000000000000e+00,0.000000000000000000e+00,4.344859396404461838e-01,0.000000000000000000e+00,0.000000000000000000e+00,0.000000000000000000e+00,3.989094498770772157e-01,0.000000000000000000e+00,0.000000000000000000e+00,0.000000000000000000e+00,0.000000000000000000e+00
3.637439209764349868e-01,3.880966322374551081e-01,0.000000000000000000e+00,0.000000000000000000e+00,0.000000000000000000e+00,3.892303877313298965e-01,0.000000000000000000e+00,3.343778893925842266e-01,0.000000000000000000e+00,0.000000000000000000e+00,0.000000000000000000e+00,0.000000000000000000e+00,3.199772201914005132e-01,0.000000000000000000e+00,0.000000000000000000e+00,4.177344481924223918e-01,0.000000000000000000e+00,3.497421464458854157e-01,0.000000000000000000e+00,3.593870021998453734e-01,3.575258567135732868e-01,3.811211756960407038e-01,3.526001177499183958e-01,0.000000000000000000e+00,3.306606372677801109e-01,3.953076481649019924e-01,4.199322251561878883e-01,3.396521333885607064e-01,3.928877127483860754e-01,0.000000000000000000e+00,4.244021649637277904e-01,4.692952235272159212e-01,3.885459471220338856e-01,4.532746708181357165e-01,5.167726910670384921e-01,5.838425818295095437e-01,0.000000000000000000e+00,0.000000000000000000e+00,4.588891491380092114e-01,4.449998030592378084e-01,4.640497398264354922e-01,4.672466351894695169e-01,0.000000000000000000e+00,0.000000000000000000e+00,0.000000000000000000e+00,0.000000000000000000e+00,4.332062354607921217e-01,0.000000000000000000e+00,0.000000000000000000e+00,0.000000000000000000e+00,4.080219631972368255e-01,0.000000000000000000e+00,4.212303474610942788e-01,0.000000000000000000e+00,0.000000000000000000e+00,0.000000000000000000e+00,0.000000000000000000e+00,1.182723303665556003e-01,0.000000000000000000e+00,3.628973638479536246e-01,4.735241507491759760e-01,0.000000000000000000e+00,0.000000000000000000e+00,0.000000000000000000e+00,4.247185948796898258e-01,4.393024927843082184e-01,4.810590282191727907e-01,4.158637436391662834e-01,0.000000000000000000e+00,1.582739178132742119e-01,4.747456960318472974e-01,4.320162309505126141e-01,5.003740582034132967e-01,4.254245899151822274e-01,0.000000000000000000e+00,4.706179471836167139e-01
3.381400198260393064e-01,3.583096196987147208e-01,0.000000000000000000e+00,0.000000000000000000e+00,5.133667545216690220e-01,4.398291366702716254e-01,4.308339548269952135e-01,4.569616329216675821e-01,4.889908947628283098e-01,3.011537968511300845e-01,0.000000000000000000e+00,0.000000000000000000e+00,4.482771725665963825e-01,0.000000000000000000e+00,4.177344481924223918e-01,0.000000000000000000e+00,3.309284584808914187e-01,3.472529902128038137e-01,0.000000000000000000e+00,4.111192427430971907e-01,3.528813072448309107e-01,3.829239589217631190e-01,4.023690056439184759e-01,2.607104107352143929e-01,3.128013487604219267e-01,3.595184455094950771e-01,4.416016404111521854e-01,4.430584407661039004e-01,4.465258117118053871e-01,0.000000000000000000e+00,3.605169582688140806e-01,4.315525087319218023e-01,3.274631864936662917e-01,3.687005166496051256e-01,4.306551031246236838e-01,0.000000000000000000e+00,0.000000000000000000e+00,0.000000000000000000e+00,3.821071826050123077e-01,3.461463150939533273e-01,3.844107073376580863e-01,4.172341814321487985e-01,0.000000000000000000e+00,0.000000000000000000e+00,0.000000000000000000e+00,3.253618890376145933e-01,3.764516786705219276e-01,0.000000000000000000e+00,0.000000000000000000e+00,0.000000000000000000e+00,0.000000000000000000e+00,0.000000000000000000e+00,0.000000000000000000e+00,0.000000000000000000e+00,0.000000000000000000e+00,0.000000000000000000e+00,0.000000000000000000e+00,0.000000000000000000e+00,0.000000000000000000e+00,4.494221677474217747e-01,3.861523751063514198e-01,0.000000000000000000e+00,3.504464736485202181e-01,0.000000000000000000e+00,4.917228251177779841e-01,4.072310863936342007e-01,4.002577392671237133e-01,1.718447103613205129e-01,0.000000000000000000e+00,3.436174841916995737e-01,3.742419052709454741e-01,1.510972486137522885e-01,0.000000000000000000e+00,1.420226505012320006e-01,0.000000000000000000e+00,3.744250475937657141e-01
2.587066616184452994e-01,0.000000000000000000e+00,0.000000000000000000e+00,0.000000000000000000e+00,0.000000000000000000e+00,6.876782264868472883e-01,0.000000000000000000e+00,0.000000000000000000e+00,0.000000000000000000e+00,2.847066674414676091e-01,1.129603659847957936e-01,3.015839349115395085e-01,1.214316532412089977e-01,0.000000000000000000e+00,0.000000000000000000e+00,3.309284584808914187e-01,0.000000000000000000e+00,3.117018413409339272e-01,0.000000000000000000e+00,4.451643139536208271e-01,0.000000000000000000e+00,3.615722989872536264e-01,0.000000000000000000e+00,2.957877209912606054e-01,2.879538274685732868e-01,2.810068197802584877e-01,0.000000000000000000e+00,1.099779520666231969e-01,1.054474693937562935e-01,0.000000000000000000e+00,2.903122117442499261e-01,4.273560474746133098e-01,2.915230085247138003e-01,3.222839584023980963e-01,3.323699508596462127e-01,0.000000000000000000e+00,0.000000000000000000e+00,0.000000000000000000e+00,0.000000000000000000e+00,3.111487076973795118e-01,0.000000000000000000e+00,0.000000000000000000e+00,0.000000000000000000e+00,0.000000000000000000e+00,0.000000000000000000e+00,0.000000000000000000e+00,0.000000000000000000e+00,0.000000000000000000e+00,0.000000000000000000e+00,0.000000000000000000e+00,0.000000000000000000e+00,0.000000000000000000e+00,0.000000000000000000e+00,0.000000000000000000e+00,3.893557278644799169e-01,0.000000000000000000e+00,4.019066720937823911e-01,0.000000000000000000e+00,0.000000000000000000e+00,0.000000000000000000e+00,0.000000000000000000e+00,3.769933951334601963e-01,3.431047325157510763e-01,0.000000000000000000e+00,0.000000000000000000e+00,0.000000000000000000e+00,0.000000000000000000e+00,0.000000000000000000e+00,3.847450425246770056e-01,3.479080866343294276e-01,3.785202895497072895e-01,0.000000000000000000e+00,0.000000000000000000e+00,0.000000000000000000e+00,0.000000000000000000e+00,0.000000000000000000e+00
3.070767719871557166e-01,3.205019175188428826e-01,0.000000000000000000e+00,0.000000000000000000e+00,0.000000000000000000e+00,4.059051028192635080e-01,4.027333173382072196e-01,4.200666380050657178e-01,5.629499093370883278e-01,3.033573996602517142e-01,0.000000000000000000e+00,2.681335514477863891e-01,4.232526455433178736e-01,0.000000000000000000e+00,3.497421464458854157e-01,3.472529902128038137e-01,3.117018413409339272e-01,0.000000000000000000e+00,0.000000000000000000e+00,3.757930235269766883e-01,3.193799488868396819e-01,3.626097801444669866e-01,3.982638876691366736e-01,2.814590456818695796e-01,3.039363206298956732e-01,3.029011435448998868e-01,4.014634602290262921e-01,4.011289110500748101e-01,3.960692058316810926e-01,0.000000000000000000e+00,3.111865271179359849e-01,4.102967288792622180e-01,2.748683332663096057e-01,3.175643985290524940e-01,3.651472529283977253e-01,0.000000000000000000e+00,0.000000000000000000e+00,0.000000000000000000e+00,3.003316320724572219e-01,2.687062190823675256e-01,2.891158622594285910e-01,2.910110855484676073e-01,0.000000000000000000e+00,0.000000000000000000e+00,0.000000000000000000e+00,3.231740647836469082e-01,3.320167628671619742e-01,0.000000000000000000e+00,0.000000000000000000e+00,0.000000000000000000e+00,0.000000000000000000e+00,0.000000000000000000e+00,0.000000000000000000e+00,0.000000000000000000e+00,3.593481019750235927e-01,0.000000000000000000e+00,3.868507137518619188e-01,0.000000000000000000e+00,0.000000000000000000e+00,0.000000000000000000e+00,3.362871410206050848e-01,3.652434137964717942e-01,3.200721941717369901e-01,0.000000000000000000e+00,0.000000000000000000e+00,0.000000000000000000e+00,3.419896752565685927e-01,0.000000000000000000e+00,3.343821989677376871e-01,3.215237910108159070e-01,3.452496408202506140e-01,0.000000000000000000e+00,0.000000000000000000e+00,0.000000000000000000e+00,0.000000000000000000e+00,3.345920256628148737e-01
0.000000000000000000e+00,0.000000000000000000e+00,3.231901341266776861e-01,0.000000000000000000e+00,3.069314972105858796e-01,3.804579555972362748e-01,3.607432109303941870e-01,4.187533941478330801e-01,3.327229099577844185e-01,1.150716520072545962e-01,2.795629465318538731e-01,1.541655912504223125e-01,3.861041328052070010e-01,3.813965960377828091e-01,0.000000000000000000e+00,0.000000000000000000e+00,0.000000000000000000e+00,0.000000000000000000e+00,0.000000000000000000e+00,0.000000000000000000e+00,0.000000000000000000e+00,0.000000000000000000e+00,4.288872126363449944e-01,0.000000000000000000e+00,0.000000000000000000e+00,0.000000000000000000e+00,4.308982404709886249e-01,4.029770245295117848e-01,0.000000000000000000e+00,0.000000000000000000e+00,3.974476556630893165e-01,3.854498299791839222e-01,0.000000000000000000e+00,4.100557862628190775e-01,4.095730442492042100e-01,3.624426870447440829e-01,3.968608444958667825e-01,1.031902039238388052e-01,0.000000000000000000e+00,0.000000000000000000e+00,0.000000000000000000e+00,0.000000000000000000e+00,4.080838275633552059e-01,0.000000000000000000e+00,0.000000000000000000e+00,0.000000000000000000e+00,0.000000000000000000e+00,3.213428595587647929e-01,0.000000000000000000e+00,5.301398455064481041e-01,0.000000000000000000e+00,1.548222465146527060e-01,4.747687579130189794e-01,4.790661666221013859e-01,0.000000000000000000e+00,2.596875255312869890e-01,0.000000000000000000e+00,1.847620863620250131e-01,4.426705013603309813e-01,0.000000000000000000e+00,0.000000000000000000e+00,0.000000000000000000e+00,0.000000000000000000e+00,4.447561290663762934e-01,0.000000000000000000e+00,0.000000000000000000e+00,0.000000000000000000e+00,5.070453820689382329e-01,0.000000000000000000e+00,0.000000000000000000e+00,0.000000000000000000e+00,5.267593439022456581e-01,0.000000000000000000e+00,0.000000000000000000e+00,0.000000000000000000e+00,0.000000000000000000e+00
3.999386942481821805e-01,3.812421987487136232e-01,0.000000000000000000e+00,0.000000000000000000e+00,3.752859669327263115e-01,4.021424232098245177e-01,4.187594100657033858e-01,3.938300352329183740e-01,3.772911635175628109e-01,4.537896663619778170e-01,0.000000000000000000e+00,0.000000000000000000e+00,4.136407082919992262e-01,0.000000000000000000e+00,3.593870021998453734e-01,4.111192427430971907e-01,4.451643139536208271e-01,3.757930235269766883e-01,0.000000000000000000e+00,0.000000000000000000e+00,3.828749588007719917e-01,3.399139348117464210e-01,3.336921037020196823e-01,0.000000000000000000e+00,3.545489343644702140e-01,3.881353849118480137e-01,3.557059657939333208e-01,3.464579838283468050e-01,3.313060346028087744e-01,2.738593239129346046e-01,3.739020239763352071e-01,4.584733061217798888e-01,3.638573595480226741e-01,4.350207300410751099e-01,4.951244362902325058e-01,5.340145983495329096e-01,5.419406577877989850e-01,0.000000000000000000e+00,4.455507066139817174e-01,4.464168486735919927e-01,4.668166560891973127e-01,4.985840257689427846e-01,1.085571697441179012e-01,0.000000000000000000e+00,0.000000000000000000e+00,0.000000000000000000e+00,4.295913392290187094e-01,0.000000000000000000e+00,0.000000000000000000e+00,0.000000000000000000e+00,4.655108110724989756e-01,0.000000000000000000e+00,5.161114886164546167e-01,0.000000000000000000e+00,0.000000000000000000e+00,0.000000000000000000e+00,0.000000000000000000e+00,5.333554168565145526e-01,0.000000000000000000e+00,4.528994346123890180e-01,1.948112228092699905e-01,0.000000000000000000e+00,0.000000000000000000e+00,0.000000000000000000e+00,4.645823085594035784e-01,4.424355885637631935e-01,4.500194418802163088e-01,4.592811847562929262e-01,0.000000000000000000e+00,1.902737318307902992e-01,4.641947117833168934e-01,4.532958316229909745e-01,4.800169353896496793e-01,4.499549797476761759e-01,1.118076663368391954e-01,5.040534351017087467e-01
4.048347042844250843e-01,3.442225702223533079e-01,0.000000000000000000e+00,0.000000000000000000e+00,0.000000000000000000e+00,3.825788196657667894e-01,0.000000000000000000e+00,3.152309071410904218e-01,0.000000000000000000e+00,0.000000000000000000e+00,0.000000000000000000e+00,0.000000000000000000e+00,3.945536026974080790e-01,3.639877157869277902e-01,3.575258567135732868e-01,3.528813072448309107e-01,0.000000000000000000e+00,3.193799488868396819e-01,0.000000000000000000e+00,3.828749588007719917e-01,0.000000000000000000e+00,3.971714828847698886e-01,3.567396757820001096e-01,4.962395692710289130e-01,3.296895315605116172e-01,3.690078651256866737e-01,4.097836446562119761e-01,3.907141276493933946e-01,3.846405383894133112e-01,0.000000000000000000e+00,3.608435380884585930e-01,4.362248964939404727e-01,3.155699399962679230e-01,3.859494632046766016e-01,4.416008948790823840e-01,0.000000000000000000e+00,0.000000000000000000e+00,0.000000000000000000e+00,4.118119700331003274e-01,4.126707495866718256e-01,4.556399787956443848e-01,4.662723497592736743e-01,0.000000000000000000e+00,0.000000000000000000e+00,0.000000000000000000e+00,3.003797868024442042e-01,3.944385296692580201e-01,0.000000000000000000e+00,0.000000000000000000e+00,0.000000000000000000e+00,3.472607006302749211e-01,0.000000000000000000e+00,2.461356863481964086e-01,0.000000000000000000e+00,0.000000000000000000e+00,0.000000000000000000e+00,0.000000000000000000e+00,1.023915041070437987e-01,0.000000000000000000e+00,4.151095482803542902e-01,4.325291888186206801e-01,0.000000000000000000e+00,0.000000000000000000e+00,0.000000000000000000e+00,4.270615066003113913e-01,3.127194645410094065e-01,4.278957048479036240e-01,3.410019381813534922e-01,0.000000000000000000e+00,1.266680572697488905e-01,4.173766511567920112e-01,3.915485800175103059e-01,3.915938731743948131e-01,3.382870151093678723e-01,0.000000000000000000e+00,1.291941237833089950e-01
