0.000000000000000000e+00,4.230260179945797838e-01,0.000000000000000000e+00,0.000000000000000000e+00,0.000000000000000000e+00,1.310058086418947887e-01,0.000000000000000000e+00,5.220216166472912978e-01,0.000000000000000000e+00,4.809524229029122910e-01,0.000000000000000000e+00,4.121088712020516964e-01,1.288122973028651974e-01,0.000000000000000000e+00,4.066561795916786015e-01,4.321027046441979214e-01,4.570303520996564783e-01,4.326681992929616860e-01,0.000000000000000000e+00,4.513205552026225975e-01,4.186082283938005189e-01,4.426254146672892187e-01,4.797674426246705259e-01,3.736691744503329859e-01,4.061518585566049055e-01,4.114989178387726820e-01,4.697525266157803747e-01,0.000000000000000000e+00,0.000000000000000000e+00,0.000000000000000000e+00,3.792830644687146258e-01,4.167870310619525842e-01,3.735965945182415093e-01,3.921939184575481963e-01,4.493319772743514795e-01,0.000000000000000000e+00,0.000000000000000000e+00,4.797075339305221231e-01,4.456867410507813765e-01,4.526552432715794105e-01,4.538247210275195842e-01,0.000000000000000000e+00,0.000000000000000000e+00,0.000000000000000000e+00,0.000000000000000000e+00,4.223426415437215864e-01,5.165795910525592394e-01,0.000000000000000000e+00,0.000000000000000000e+00,0.000000000000000000e+00,0.000000000000000000e+00,0.000000000000000000e+00,0.000000000000000000e+00,0.000000000000000000e+00,4.918789759263043071e-01,0.000000000000000000e+00,0.000000000000000000e+00,0.000000000000000000e+00,0.000000000000000000e+00,0.000000000000000000e+00,4.901210285871904215e-01,0.000000000000000000e+00,4.853587630251628982e-01,0.000000000000000000e+00,0.000000000000000000e+00,4.679907275042020087e-01,4.992659661832343221e-01,0.000000000000000000e+00,3.968655143555920861e-01,4.904726626272358225e-01,5.058157561429302840e-01,0.000000000000000000e+00,0.000000000000000000e+00,0.000000000000000000e+00,0.000000000000000000e+00,4.362746309581282955e-01
4.230260179945797838e-01,0.000000000000000000e+00,0.000000000000000000e+00,0.000000000000000000e+00,0.000000000000000000e+00,4.325390136447785916e-01,4.596233855884995778e-01,5.237886844517063434e-01,4.299286873591015024e-01,0.000000000000000000e+00,0.000000000000000000e+00,0.000000000000000000e+00,4.822811167555572931e-01,0.000000000000000000e+00,4.593677307688111000e-01,4.256412785479378180e-01,4.194706774412981787e-01,4.379445616472794067e-01,0.000000000000000000e+00,4.693588431203649103e-01,4.174046220439153743e-01,4.214423012617425912e-01,4.749385103139621145e-01,0.000000000000000000e+00,4.159570561249780751e-01,4.304158111988484192e-01,4.755115247514686838e-01,4.792107803935514165e-01,4.511703507104071753e-01,0.000000000000000000e+00,3.532006054995909805e-01,3.945195589835857053e-01,3.459870407374919798e-01,3.679553558615993869e-01,4.137979082764622896e-01,0.000000000000000000e+00,0.000000000000000000e+00,0.000000000000000000e+00,4.604683717492322748e-01,4.137339370223506174e-01,4.586897319030511233e-01,4.893099114321455834e-01,0.000000000000000000e+00,0.000000000000000000e+00,0.000000000000000000e+00,4.925622733401415210e-01,4.758704912304113077e-01,0.000000000000000000e+00,0.000000000000000000e+00,0.000000000000000000e+00,4.860805049342554196e-01,0.000000000000000000e+00,0.000000000000000000e+00,0.000000000000000000e+00,0.000000000000000000e+00,0.000000000000000000e+00,0.000000000000000000e+00,0.000000000000000000e+00,0.000000000000000000e+00,5.538929687773329613e-01,4.608908042081785728e-01,0.000000000000000000e+00,4.748094431369109802e-01,0.000000000000000000e+00,4.452580354711798138e-01,4.723524716044139038e-01,4.823913708856035210e-01,4.992030898898714986e-01,0.000000000000000000e+00,4.756203872143962008e-01,5.276506091402887177e-01,4.838375795716413075e-01,0.000000000000000000e+00,4.717967346679267093e-01,0.000000000000000000e+00,4.286023713088155107e-01
0.000000000000000000e+00,0.000000000000000000e+00,0.000000000000000000e+00,4.652870650958306764e-01,4.530673341901240159e-01,4.061748761133309737e-01,4.964253890795404245e-01,5.285907384789296781e-01,3.302434332004515194e-01,1.455418825377944037e-01,4.204702261385435125e-01,1.416360881881386091e-01,5.052788296507608745e-01,5.082962571008236008e-01,0.000000000000000000e+00,0.000000000000000000e+00,0.000000000000000000e+00,0.000000000000000000e+00,3.253456152611562957e-01,0.000000000000000000e+00,0.000000000000000000e+00,0.000000000000000000e+00,4.263826625280913163e-01,0.000000000000000000e+00,0.000000000000000000e+00,0.000000000000000000e+00,3.764294803062651074e-01,5.088009538940979626e-01,0.000000000000000000e+00,0.000000000000000000e+00,5.076261516316082911e-01,4.900386009218816175e-01,0.000000000000000000e+00,5.140793154166207746e-01,5.357357723884919043e-01,4.745117973314609272e-01,4.700430576051484177e-01,0.000000000000000000e+00,5.481605696004911987e-01,0.000000000000000000e+00,1.373121112536687949e-01,0.000000000000000000e+00,5.369860851625495313e-01,0.000000000000000000e+00,0.000000000000000000e+00,0.000000000000000000e+00,0.000000000000000000e+00,6.316690994085618627e-01,0.000000000000000000e+00,6.118808533853670184e-01,6.044609404304430722e-01,6.062422141394383512e-01,5.921367621347948251e-01,6.258171292284107068e-01,0.000000000000000000e+00,5.412978873837076543e-01,0.000000000000000000e+00,5.982148117026578893e-01,5.426783948016297154e-01,0.000000000000000000e+00,0.000000000000000000e+00,0.000000000000000000e+00,0.000000000000000000e+00,6.059550699762461523e-01,0.000000000000000000e+00,0.000000000000000000e+00,0.000000000000000000e+00,6.114796646987454842e-01,0.000000000000000000e+00,0.000000000000000000e+00,0.000000000000000000e+00,6.108245331435050440e-01,1.824251670918388135e-01,0.000000000000000000e+00,0.000000000000000000e+00,0.000000000000000000e+00
0.000000000000000000e+00,0.000000000000000000e+00,4.652870650958306764e-01,0.000000000000000000e+00,2.603586220662543749e-01,4.169915898703007162e-01,2.646349987744369137e-01,0.000000000000000000e+00,4.730517100882222215e-01,1.506682566591129868e-01,4.567445370518642966e-01,0.000000000000000000e+00,3.304745013235311779e-01,2.558113853343024768e-01,0.000000000000000000e+00,0.000000000000000000e+00,0.000000000000000000e+00,0.000000000000000000e+00,4.522947420738284152e-01,3.974302195113251224e-01,0.000000000000000000e+00,0.000000000000000000e+00,4.402185061555674017e-01,0.000000000000000000e+00,0.000000000000000000e+00,0.000000000000000000e+00,3.963833242618043928e-01,2.816374743097899147e-01,3.756154327969097872e-01,0.000000000000000000e+00,0.000000000000000000e+00,2.951640643895506178e-01,0.000000000000000000e+00,3.373001432919957021e-01,3.046098487567123203e-01,2.060528964637186877e-01,1.959211580507352890e-01,2.226463405239051119e-01,0.000000000000000000e+00,0.000000000000000000e+00,0.000000000000000000e+00,0.000000000000000000e+00,0.000000000000000000e+00,0.000000000000000000e+00,0.000000000000000000e+00,0.000000000000000000e+00,0.000000000000000000e+00,0.000000000000000000e+00,0.000000000000000000e+00,0.000000000000000000e+00,0.000000000000000000e+00,0.000000000000000000e+00,0.000000000000000000e+00,0.000000000000000000e+00,0.000000000000000000e+00,0.000000000000000000e+00,0.000000000000000000e+00,0.000000000000000000e+00,0.000000000000000000e+00,0.000000000000000000e+00,0.000000000000000000e+00,0.000000000000000000e+00,0.000000000000000000e+00,0.000000000000000000e+00,0.000000000000000000e+00,0.000000000000000000e+00,0.000000000000000000e+00,0.000000000000000000e+00,0.000000000000000000e+00,0.000000000000000000e+00,0.000000000000000000e+00,0.000000000000000000e+00,0.000000000000000000e+00,0.000000000000000000e+00,0.000000000000000000e+00,0.000000000000000000e+00
0.000000000000000000e+00,0.000000000000000000e+00,4.530673341901240159e-01,2.603586220662543749e-01,0.000000000000000000e+00,4.644047659355455271e-01,3.828897140296442791e-01,4.804674138800644201e-01,3.955041985917486791e-01,4.470123772014986119e-01,3.759324392879022092e-01,4.164975412579903780e-01,4.084779146568854880e-01,3.067629711622110178e-01,0.000000000000000000e+00,0.000000000000000000e+00,0.000000000000000000e+00,0.000000000000000000e+00,4.584969184048129920e-01,4.216199308807060953e-01,0.000000000000000000e+00,4.684410566580577973e-01,4.665380590514586201e-01,0.000000000000000000e+00,4.423300997293800885e-01,4.962812733438856094e-01,4.755621864679582256e-01,3.439600393707937798e-01,4.339917174137344902e-01,0.000000000000000000e+00,4.810079792880627148e-01,3.801313155098122731e-01,4.434426052809076202e-01,4.708331187113841132e-01,4.568069458756847112e-01,2.414794031989495882e-01,2.327629163208387031e-01,3.902944812170174860e-01,5.021711497655609868e-01,0.000000000000000000e+00,0.000000000000000000e+00,0.000000000000000000e+00,4.058257332220436275e-01,0.000000000000000000e+00,0.000000000000000000e+00,0.000000000000000000e+00,0.000000000000000000e+00,5.784571343474215199e-01,0.000000000000000000e+00,1.191661629074857037e-01,5.598144285205323145e-01,0.000000000000000000e+00,6.332861357592602936e-01,5.790905274718831652e-01,0.000000000000000000e+00,4.202742823939208949e-01,0.000000000000000000e+00,0.000000000000000000e+00,0.000000000000000000e+00,0.000000000000000000e+00,0.000000000000000000e+00,0.000000000000000000e+00,0.000000000000000000e+00,5.029443285956263221e-01,0.000000000000000000e+00,0.000000000000000000e+00,0.000000000000000000e+00,5.515987825566847080e-01,0.000000000000000000e+00,0.000000000000000000e+00,0.000000000000000000e+00,5.530614650128158338e-01,0.000000000000000000e+00,0.000000000000000000e+00,0.000000000000000000e+00,0.000000000000000000e+00
1.310058086418947887e-01,4.325390136447785916e-01,4.061748761133309737e-01,4.169915898703007162e-01,4.644047659355455271e-01,0.000000000000000000e+00,4.763164778961703760e-01,4.741571955956442874e-01,4.086950376255145123e-01,4.618171052183844272e-01,4.673871473654327979e-01,1.715211200855630003e-01,4.383262824172369232e-01,4.814166468526404064e-01,4.611418509943653876e-01,4.556104732613491248e-01,5.681854227870732910e-01,4.246052949212130723e-01,4.586804404936141166e-01,4.418129193965876222e-01,4.922887421617476167e-01,4.556853898680077175e-01,4.718345858570944240e-01,0.000000000000000000e+00,4.005374327463062101e-01,4.663976368295343899e-01,4.310909902627950152e-01,4.522970104294415927e-01,4.282605679038024027e-01,4.618749066226053857e-01,4.697056384649360150e-01,4.695985485858618080e-01,4.258396518129486941e-01,4.686518712031236822e-01,4.810230048218722132e-01,4.843071301871724743e-01,4.732704081770965909e-01,1.316023195079502051e-01,5.404716998670596739e-01,0.000000000000000000e+00,5.510376061261935687e-01,5.742635456584523901e-01,5.259025088010069737e-01,0.000000000000000000e+00,0.000000000000000000e+00,0.000000000000000000e+00,1.971005709002890960e-01,6.018903097417767079e-01,0.000000000000000000e+00,6.065516488021546193e-01,5.708009324761694758e-01,5.842963274787925654e-01,5.252389598913493884e-01,6.092913193452310638e-01,0.000000000000000000e+00,5.745347759359826778e-01,0.000000000000000000e+00,5.711671906882579419e-01,0.000000000000000000e+00,5.163706162399694932e-01,0.000000000000000000e+00,0.000000000000000000e+00,0.000000000000000000e+00,5.653599918107445887e-01,5.140614590871388501e-01,0.000000000000000000e+00,5.235406097082748733e-01,5.722377516947909637e-01,0.000000000000000000e+00,0.000000000000000000e+00,5.340998999129349389e-01,5.709793977107471274e-01,5.751357143888033985e-01,5.447821769794095603e-01,5.873736557767315070e-01,5.443189038378816180e-01
0.000000000000000000e+00,4.596233855884995778e-01,4.964253890795404245e-01,2.646349987744369137e-01,3.828897140296442791e-01,4.763164778961703760e-01,0.000000000000000000e+00,4.917773110581316054e-01,4.715708237142253734e-01,4.100779797408258265e-01,4.955183576436146264e-01,3.781924491304645142e-01,3.810232460617258843e-01,4.153379387777519915e-01,0.000000000000000000e+00,5.043317730911285324e-01,4.284080779806205275e-01,4.955974082578217255e-01,5.118745132345030591e-01,4.854132612454756246e-01,0.000000000000000000e+00,5.054783722830603621e-01,4.905985928066787793e-01,4.057779389254960734e-01,4.522768234069078908e-01,4.401250993765137842e-01,4.948690113229273213e-01,3.796424304656155768e-01,4.875867300950337824e-01,0.000000000000000000e+00,4.544750761082620993e-01,4.440661716404268877e-01,3.791308182593067233e-01,4.303126273981923156e-01,4.118018316193137185e-01,3.231342016946653906e-01,2.848523568799878891e-01,3.815746302129924272e-01,4.700771026520945139e-01,0.000000000000000000e+00,1.628718265635283879e-01,0.000000000000000000e+00,5.252014722375014655e-01,0.000000000000000000e+00,0.000000000000000000e+00,0.000000000000000000e+00,0.000000000000000000e+00,6.307438800441359517e-01,0.000000000000000000e+00,0.000000000000000000e+00,5.893499006634652648e-01,0.000000000000000000e+00,5.856447485110103379e-01,6.732438130632252271e-01,0.000000000000000000e+00,5.729875870431059282e-01,0.000000000000000000e+00,0.000000000000000000e+00,0.000000000000000000e+00,0.000000000000000000e+00,0.000000000000000000e+00,0.000000000000000000e+00,0.000000000000000000e+00,1.362888481648784900e-01,0.000000000000000000e+00,0.000000000000000000e+00,0.000000000000000000e+00,5.900692434219503291e-01,0.000000000000000000e+00,0.000000000000000000e+00,0.000000000000000000e+00,5.717729399798789913e-01,0.000000000000000000e+00,0.000000000000000000e+00,0.000000000000000000e+00,0.000000000000000000e+00
5.220216166472912978e-01,5.237886844517063434e-01,5.285907384789296781e-01,0.000000000000000000e+00,4.804674138800644201e-01,4.741571955956442874e-01,4.917773110581316054e-01,0.000000000000000000e+00,5.569123145225179927e-01,5.134626183955662837e-01,4.110072892123463051e-01,0.000000000000000000e+00,4.955636168266309149e-01,3.804977665474146842e-01,4.320986852677797807e-01,5.116651160423356659e-01,0.000000000000000000e+00,5.280821555826973324e-01,5.135423805543528619e-01,4.940701107164616745e-01,4.579341792950752943e-01,0.000000000000000000e+00,4.356106024202061056e-01,5.288342541872818048e-01,5.126686624087983812e-01,5.107482750416195705e-01,5.102220267180965774e-01,4.869041631548363114e-01,4.570748496093828828e-01,4.738079770079524078e-01,4.852476361287537121e-01,3.362455881549635817e-01,4.773448152472313244e-01,4.851894964352215789e-01,5.408715395763940004e-01,3.057688689518682779e-01,0.000000000000000000e+00,0.000000000000000000e+00,4.552983836560932085e-01,0.000000000000000000e+00,5.213221951634616769e-01,0.000000000000000000e+00,3.927919909499301143e-01,0.000000000000000000e+00,0.000000000000000000e+00,0.000000000000000000e+00,0.000000000000000000e+00,5.374660556702747227e-01,0.000000000000000000e+00,5.012565471871138767e-01,5.317756146563403785e-01,5.438244614692774315e-01,4.428291101701197774e-01,5.652027277789720694e-01,0.000000000000000000e+00,4.219210934574957883e-01,0.000000000000000000e+00,5.440339355804796329e-01,4.319592985058907098e-01,6.176729097605511143e-01,0.000000000000000000e+00,0.000000000000000000e+00,0.000000000000000000e+00,5.164919111823085274e-01,6.001732493426106263e-01,4.854514846299918807e-01,0.000000000000000000e+00,5.356477505503260961e-01,0.000000000000000000e+00,0.000000000000000000e+00,0.000000000000000000e+00,5.369322133607340453e-01,5.395062001963870646e-01,4.859382031928590751e-01,0.000000000000000000e+00,5.778191005179583728e-01
0.000000000000000000e+00,4.299286873591015024e-01,3.302434332004515194e-01,4.730517100882222215e-01,3.955041985917486791e-01,4.086950376255145123e-01,4.715708237142253734e-01,5.569123145225179927e-01,0.000000000000000000e+00,4.875083732207801113e-01,3.481542129943844266e-01,4.700853894007056000e-01,4.238753296777251212e-01,5.153447575464108477e-01,0.000000000000000000e+00,4.665417267198169737e-01,0.000000000000000000e+00,5.527867453456548619e-01,3.404228599395882071e-01,4.381728304382718209e-01,0.000000000000000000e+00,4.570744747398670094e-01,4.916231400743206192e-01,5.284757478426952426e-01,4.026574926853931924e-01,1.663115881033752907e-01,3.967564564105081071e-01,5.152434581098596089e-01,4.648776884428750256e-01,4.819560844320123216e-01,5.223314469989021047e-01,4.993805995407897269e-01,4.725586997195210803e-01,5.179948082675318588e-01,5.203567054229900624e-01,4.823552628765184758e-01,4.955960063754042966e-01,4.799735713488719746e-01,5.024975174524779487e-01,0.000000000000000000e+00,1.947837623949814079e-01,0.000000000000000000e+00,5.222191124268091844e-01,0.000000000000000000e+00,0.000000000000000000e+00,0.000000000000000000e+00,0.000000000000000000e+00,6.136741860351402345e-01,0.000000000000000000e+00,6.081166889265461339e-01,5.918847870179360093e-01,6.374331570125292279e-01,6.090622925947822841e-01,6.775994935252372953e-01,0.000000000000000000e+00,5.672477239183925102e-01,0.000000000000000000e+00,6.523468556682843200e-01,5.253963250440897292e-01,0.000000000000000000e+00,0.000000000000000000e+00,0.000000000000000000e+00,0.000000000000000000e+00,6.011357283828312470e-01,0.000000000000000000e+00,0.000000000000000000e+00,0.000000000000000000e+00,6.117318246856007224e-01,0.000000000000000000e+00,0.000000000000000000e+00,0.000000000000000000e+00,6.132827683553357945e-01,2.071793911939963095e-01,0.000000000000000000e+00,0.000000000000000000e+00,0.000000000000000000e+00
4.809524229029122910e-01,0.000000000000000000e+00,1.455418825377944037e-01,1.506682566591129868e-01,4.470123772014986119e-01,4.618171052183844272e-01,4.100779797408258265e-01,5.134626183955662837e-01,4.875083732207801113e-01,0.000000000000000000e+00,4.903303516361012804e-01,3.196158827520118040e-01,4.459336194774731199e-01,0.000000000000000000e+00,0.000000000000000000e+00,1.032949679665392945e-01,3.670221128538618260e-01,3.872251179863386850e-01,4.817087049028730972e-01,1.088736371726174018e-01,0.000000000000000000e+00,4.177384588580522196e-01,4.629048635488484109e-01,3.783444843837502902e-01,3.955311697881164767e-01,4.066149031046875084e-01,4.789700046149993895e-01,4.196743170267349110e-01,1.401354557430772863e-01,0.000000000000000000e+00,3.360561853517771147e-01,3.697650721538843777e-01,3.481084205722813074e-01,3.094490929101906818e-01,3.378390817411837110e-01,3.379211570492491878e-01,2.552377432185107264e-01,2.840023063561193939e-01,3.655760742445507971e-01,3.444578940694223990e-01,3.805722565428402149e-01,4.308358398870862915e-01,0.000000000000000000e+00,0.000000000000000000e+00,2.839832284623431957e-01,4.636457573214404770e-01,0.000000000000000000e+00,0.000000000000000000e+00,0.000000000000000000e+00,0.000000000000000000e+00,0.000000000000000000e+00,0.000000000000000000e+00,0.000000000000000000e+00,0.000000000000000000e+00,4.736450543292154980e-01,0.000000000000000000e+00,4.777482189790309142e-01,4.759972023978928934e-01,0.000000000000000000e+00,0.000000000000000000e+00,0.000000000000000000e+00,4.983463163125029793e-01,4.825397866821853898e-01,0.000000000000000000e+00,0.000000000000000000e+00,0.000000000000000000e+00,0.000000000000000000e+00,0.000000000000000000e+00,5.296515494636775401e-01,4.892867843571627184e-01,5.118754887115686270e-01,0.000000000000000000e+00,3.972793917876252245e-01,0.000000000000000000e+00,0.000000000000000000e+00,4.563646755388270915e-01
0.000000000000000000e+00,0.000000000000000000e+00,4.204702261385435125e-01,4.567445370518642966e-01,3.759324392879022092e-01,4.673871473654327979e-01,4.955183576436146264e-01,4.110072892123463051e-01,3.481542129943844266e-01,4.903303516361012804e-01,0.000000000000000000e+00,1.318657771700222081e-01,5.163284853661118667e-01,3.206461593844862068e-01,0.000000000000000000e+00,0.000000000000000000e+00,1.137510843949905009e-01,0.000000000000000000e+00,3.325377727504432168e-01,0.000000000000000000e+00,0.000000000000000000e+00,0.000000000000000000e+00,3.536254222135987169e-01,4.996665725511399980e-01,0.000000000000000000e+00,6.802519257875740966e-01,4.551792869132786912e-01,5.157051645680971186e-01,0.000000000000000000e+00,0.000000000000000000e+00,5.231261156140130097e-01,4.646598344123681890e-01,4.504897901229055757e-01,5.078126406384886327e-01,4.976101745199195125e-01,3.504821899682892261e-01,4.865856106827465277e-01,4.588209860044151767e-01,4.111669093719713119e-01,0.000000000000000000e+00,0.000000000000000000e+00,0.000000000000000000e+00,4.289241375216468755e-01,0.000000000000000000e+00,0.000000000000000000e+00,0.000000000000000000e+00,0.000000000000000000e+00,5.229903106157861581e-01,0.000000000000000000e+00,4.535552659532142150e-01,5.636076811082040283e-01,5.293151749593617561e-01,4.704781836007291829e-01,5.686600328154913786e-01,0.000000000000000000e+00,3.702859394667010751e-01,0.000000000000000000e+00,5.265515936854098245e-01,4.358990372551732051e-01,0.000000000000000000e+00,0.000000000000000000e+00,0.000000000000000000e+00,0.000000000000000000e+00,2.642634543810988834e-01,0.000000000000000000e+00,0.000000000000000000e+00,0.000000000000000000e+00,5.563089093633024618e-01,0.000000000000000000e+00,0.000000000000000000e+00,0.000000000000000000e+00,5.499210693325697896e-01,6.016502069097504624e-01,0.000000000000000000e+00,0.000000000000000000e+00,0.000000000000000000e+00
4.121088712020516964e-01,0.000000000000000000e+00,1.416360881881386091e-01,0.000000000000000000e+00,4.164975412579903780e-01,1.715211200855630003e-01,3.781924491304645142e-01,0.000000000000000000e+00,4.700853894007056000e-01,3.196158827520118040e-01,1.318657771700222081e-01,0.000000000000000000e+00,3.998118097074859767e-01,0.000000000000000000e+00,0.000000000000000000e+00,0.000000000000000000e+00,4.104215496726074108e-01,1.064304867041884067e-01,1.535643618618222905e-01,0.000000000000000000e+00,5.012479412377349730e-01,0.000000000000000000e+00,1.580091094231781956e-01,3.260365395645768993e-01,4.041858779894313969e-01,3.560932371140921870e-01,1.537554326120303960e-01,3.739713437294137077e-01,0.000000000000000000e+00,0.000000000000000000e+00,3.194967912236604812e-01,2.983724573937440727e-01,2.984341767834607917e-01,2.165849758785469981e-01,2.331146824855054867e-01,3.309002555796661249e-01,2.862559400743979188e-01,2.224520091240070052e-01,2.591100756655330128e-01,3.555591675360729731e-01,3.896607070122513061e-01,2.705113847031234142e-01,0.000000000000000000e+00,0.000000000000000000e+00,3.595214706479631928e-01,0.000000000000000000e+00,0.000000000000000000e+00,0.000000000000000000e+00,0.000000000000000000e+00,0.000000000000000000e+00,0.000000000000000000e+00,0.000000000000000000e+00,0.000000000000000000e+00,0.000000000000000000e+00,4.705532605627800735e-01,0.000000000000000000e+00,4.675233921792524838e-01,0.000000000000000000e+00,0.000000000000000000e+00,0.000000000000000000e+00,0.000000000000000000e+00,4.748179861465602891e-01,4.769945878867736799e-01,0.000000000000000000e+00,0.000000000000000000e+00,0.000000000000000000e+00,0.000000000000000000e+00,0.000000000000000000e+00,5.189033851918037898e-01,4.893236366821325234e-01,5.125411809829470977e-01,0.000000000000000000e+00,0.000000000000000000e+00,0.000000000000000000e+00,0.000000000000000000e+00,4.409953155527038260e-01
1.288122973028651974e-01,4.822811167555572931e-01,5.052788296507608745e-01,3.304745013235311779e-01,4.084779146568854880e-01,4.383262824172369232e-01,3.810232460617258843e-01,4.955636168266309149e-01,4.238753296777251212e-01,4.459336194774731199e-01,5.163284853661118667e-01,3.998118097074859767e-01,0.000000000000000000e+00,4.014152113725807935e-01,5.184285357266148475e-01,5.024608101424734574e-01,4.598032446022756181e-01,4.697674017678105107e-01,5.214245682614195854e-01,4.798637814788158096e-01,5.231832148234547564e-01,5.050191388362605949e-01,4.892110863604207105e-01,4.248216387052018983e-01,4.445509379626804147e-01,4.584127354603205751e-01,4.966385009908830250e-01,4.044319443205546816e-01,4.613044918949752993e-01,3.993132239457445887e-01,4.550876877191672998e-01,4.508210557333617863e-01,4.038928124821082877e-01,4.427825671481714909e-01,4.457836263523978770e-01,3.675508965160906860e-01,3.477028861728286846e-01,3.950837778467101158e-01,4.393036432479650033e-01,0.000000000000000000e+00,1.627502653893304063e-01,1.297370218822694876e-01,1.370730314127737992e-01,0.000000000000000000e+00,0.000000000000000000e+00,0.000000000000000000e+00,0.000000000000000000e+00,6.046743893133164072e-01,0.000000000000000000e+00,0.000000000000000000e+00,5.801321217519371798e-01,6.623683871614020058e-01,5.392915482766751367e-01,0.000000000000000000e+00,0.000000000000000000e+00,5.371691617763993953e-01,0.000000000000000000e+00,0.000000000000000000e+00,0.000000000000000000e+00,7.041512406407696156e-01,0.000000000000000000e+00,0.000000000000000000e+00,0.000000000000000000e+00,0.000000000000000000e+00,6.067574193043956399e-01,0.000000000000000000e+00,2.077097742982401130e-01,5.621438580819492215e-01,0.000000000000000000e+00,1.602655227613810074e-01,5.878418029631127251e-01,5.436829044256914489e-01,0.000000000000000000e+00,5.335929696897377950e-01,0.000000000000000000e+00,0.000000000000000000e+00
0.000000000000000000e+00,0.000000000000000000e+00,5.082962571008236008e-01,2.558113853343024768e-01,3.067629711622110178e-01,4.814166468526404064e-01,4.153379387777519915e-01,3.804977665474146842e-01,5.153447575464108477e-01,0.000000000000000000e+00,3.206461593844862068e-01,0.000000000000000000e+00,4.014152113725807935e-01,0.000000000000000000e+00,0.000000000000000000e+00,0.000000000000000000e+00,0.000000000000000000e+00,0.000000000000000000e+00,4.659019404109561169e-01,0.000000000000000000e+00,0.000000000000000000e+00,0.000000000000000000e+00,4.436936199663326086e-01,0.000000000000000000e+00,0.000000000000000000e+00,0.000000000000000000e+00,4.941307505464361260e-01,2.848135291277272829e-01,0.000000000000000000e+00,0.000000000000000000e+00,0.000000000000000000e+00,2.664746837407747093e-01,0.000000000000000000e+00,4.158444238545965232e-01,0.000000000000000000e+00,2.216380669254298941e-01,1.763391533535250133e-01,0.000000000000000000e+00,3.325131506549430238e-01,0.000000000000000000e+00,0.000000000000000000e+00,0.000000000000000000e+00,3.435867748987826986e-01,0.000000000000000000e+00,0.000000000000000000e+00,0.000000000000000000e+00,0.000000000000000000e+00,5.582274129274641394e-01,0.000000000000000000e+00,0.000000000000000000e+00,0.000000000000000000e+00,0.000000000000000000e+00,0.000000000000000000e+00,5.471204377054954548e-01,0.000000000000000000e+00,4.429637102808601234e-01,0.000000000000000000e+00,0.000000000000000000e+00,0.000000000000000000e+00,0.000000000000000000e+00,0.000000000000000000e+00,0.000000000000000000e+00,0.000000000000000000e+00,0.000000000000000000e+00,0.000000000000000000e+00,0.000000000000000000e+00,0.000000000000000000e+00,4.595830277421005250e-01,0.000000000000000000e+00,0.000000000000000000e+00,0.000000000000000000e+00,5.782500694965517773e-01,0.000000000000000000e+00,0.000000000000000000e+00,0.000000000000000000e+00,0.000000000000000000e+00
4.066561795916786015e-01,4.593677307688111000e-01,0.000000000000000000e+00,0.000000000000000000e+00,0.000000000000000000e+00,4.611418509943653876e-01,0.000000000000000000e+00,4.320986852677797807e-01,0.000000000000000000e+00,0.000000000000000000e+00,0.000000000000000000e+00,0.000000000000000000e+00,5.184285357266148475e-01,0.000000000000000000e+00,0.000000000000000000e+00,4.510791440115963224e-01,0.000000000000000000e+00,4.489944451384598745e-01,0.000000000000000000e+00,4.182308767540264816e-01,4.554950035498899208e-01,4.201511787915769847e-01,4.308599000740738205e-01,4.520524941908019012e-01,4.461820537816336141e-01,4.453990964935707897e-01,4.732047677619642956e-01,4.965717069967927055e-01,4.673932242882760102e-01,0.000000000000000000e+00,4.529778568460364196e-01,4.651040310028730085e-01,4.506824980258407054e-01,4.798717906308728187e-01,5.117465177399020959e-01,4.318805922313607160e-01,0.000000000000000000e+00,0.000000000000000000e+00,5.262195336520241185e-01,5.468776866983580121e-01,5.475731923319019367e-01,5.929478878835178213e-01,3.673826965717886806e-01,0.000000000000000000e+00,0.000000000000000000e+00,0.000000000000000000e+00,5.488859654966686819e-01,0.000000000000000000e+00,0.000000000000000000e+00,0.000000000000000000e+00,5.042444630827097596e-01,0.000000000000000000e+00,0.000000000000000000e+00,0.000000000000000000e+00,0.000000000000000000e+00,0.000000000000000000e+00,0.000000000000000000e+00,1.212331908087219967e-01,0.000000000000000000e+00,5.417883324522719812e-01,1.478999702569847030e-01,0.000000000000000000e+00,0.000000000000000000e+00,0.000000000000000000e+00,5.187690750575035814e-01,5.374826482510679515e-01,5.553481281767082001e-01,5.385088745642345742e-01,0.000000000000000000e+00,1.721308444020492878e-01,5.941259968556031890e-01,5.472335617703110167e-01,5.187223102229567839e-01,4.897544670165144831e-01,0.000000000000000000e+00,5.275243653729553284e-01
4.321027046441979214e-01,4.256412785479378180e-01,0.000000000000000000e+00,0.000000000000000000e+00,0.000000000000000000e+00,4.556104732613491248e-01,5.043317730911285324e-01,5.116651160423356659e-01,4.665417267198169737e-01,1.032949679665392945e-01,0.000000000000000000e+00,0.000000000000000000e+00,5.024608101424734574e-01,0.000000000000000000e+00,4.510791440115963224e-01,0.000000000000000000e+00,4.335922684674415883e-01,3.857077047946165238e-01,0.000000000000000000e+00,4.676511523843676077e-01,4.364319134051916071e-01,4.234998208581722268e-01,4.712885267949616930e-01,0.000000000000000000e+00,4.392193567895191220e-01,4.411045985774639799e-01,4.895217986342569882e-01,4.912003225629090752e-01,4.816290608367779780e-01,4.744029034018433788e-01,4.038263742043535776e-01,4.425253169726118818e-01,3.896002243467052151e-01,4.203142009934178192e-01,4.640982193243228249e-01,0.000000000000000000e+00,0.000000000000000000e+00,0.000000000000000000e+00,4.444341546217602246e-01,4.210872455450900276e-01,4.531371494318436888e-01,4.767701919609744210e-01,0.000000000000000000e+00,0.000000000000000000e+00,0.000000000000000000e+00,4.997000616341122914e-01,4.915386545868152823e-01,0.000000000000000000e+00,0.000000000000000000e+00,0.000000000000000000e+00,0.000000000000000000e+00,0.000000000000000000e+00,0.000000000000000000e+00,0.000000000000000000e+00,0.000000000000000000e+00,0.000000000000000000e+00,0.000000000000000000e+00,0.000000000000000000e+00,0.000000000000000000e+00,5.343197892779222302e-01,4.636592660802901777e-01,0.000000000000000000e+00,4.580750611393580862e-01,0.000000000000000000e+00,4.958479238696595903e-01,4.848347339478337181e-01,4.848397717509139171e-01,5.851515998403359342e-01,0.000000000000000000e+00,4.884397667312714852e-01,5.168575467382842126e-01,5.313739105785296735e-01,0.000000000000000000e+00,4.680894740159575185e-01,0.000000000000000000e+00,4.629520526077475773e-01
4.570303520996564783e-01,4.194706774412981787e-01,0.000000000000000000e+00,0.000000000000000000e+00,0.000000000000000000e+00,5.681854227870732910e-01,4.284080779806205275e-01,0.000000000000000000e+00,0.000000000000000000e+00,3.670221128538618260e-01,1.137510843949905009e-01,4.104215496726074108e-01,4.598032446022756181e-01,0.000000000000000000e+00,0.000000000000000000e+00,4.335922684674415883e-01,0.000000000000000000e+00,3.361533964926137763e-01,0.000000000000000000e+00,4.534419772801752124e-01,0.000000000000000000e+00,4.362859702503755766e-01,0.000000000000000000e+00,4.067811791899602070e-01,3.932099301940001901e-01,4.087982555579470212e-01,0.000000000000000000e+00,4.360898184513947173e-01,1.119952749326563052e-01,0.000000000000000000e+00,3.798672080178995270e-01,4.284070666579121167e-01,3.839017996472178229e-01,3.815353060382348227e-01,3.996571299655347076e-01,0.000000000000000000e+00,0.000000000000000000e+00,3.214686729149793809e-01,0.000000000000000000e+00,3.909416570885195785e-01,0.000000000000000000e+00,0.000000000000000000e+00,0.000000000000000000e+00,0.000000000000000000e+00,0.000000000000000000e+00,0.000000000000000000e+00,0.000000000000000000e+00,0.000000000000000000e+00,0.000000000000000000e+00,0.000000000000000000e+00,0.000000000000000000e+00,0.000000000000000000e+00,0.000000000000000000e+00,0.000000000000000000e+00,4.836386782183462185e-01,0.000000000000000000e+00,5.208267919025328929e-01,0.000000000000000000e+00,0.000000000000000000e+00,0.000000000000000000e+00,0.000000000000000000e+00,4.604010105916456208e-01,4.670035406258242761e-01,0.000000000000000000e+00,0.000000000000000000e+00,0.000000000000000000e+00,0.000000000000000000e+00,0.000000000000000000e+00,5.279216349296673716e-01,4.661386243820587749e-01,4.994632292683949815e-01,0.000000000000000000e+00,0.000000000000000000e+00,0.000000000000000000e+00,0.000000000000000000e+00,0.000000000000000000e+00
4.326681992929616860e-01,4.379445616472794067e-01,0.000000000000000000e+00,0.000000000000000000e+00,0.000000000000000000e+00,4.246052949212130723e-01,4.955974082578217255e-01,5.280821555826973324e-01,5.527867453456548619e-01,3.872251179863386850e-01,0.000000000000000000e+00,1.064304867041884067e-01,4.697674017678105107e-01,0.000000000000000000e+00,4.489944451384598745e-01,3.857077047946165238e-01,3.361533964926137763e-01,0.000000000000000000e+00,0.000000000000000000e+00,4.558536117385301734e-01,4.492827131947375041e-01,4.404492622662273260e-01,4.558409313844973276e-01,4.274896248351786054e-01,4.084321833576231020e-01,4.332749875656228267e-01,4.664408357714596165e-01,4.796229946440092040e-01,4.571384525998141157e-01,0.000000000000000000e+00,4.017169531186848275e-01,4.332339161834806163e-01,3.852685970506007918e-01,4.009832587193252196e-01,4.262462847801538057e-01,0.000000000000000000e+00,0.000000000000000000e+00,0.000000000000000000e+00,4.100180567477478277e-01,3.990814005126812058e-01,4.296449576058563036e-01,4.972158248461235885e-01,0.000000000000000000e+00,0.000000000000000000e+00,0.000000000000000000e+00,4.751800452937829933e-01,4.860462611744906236e-01,0.000000000000000000e+00,0.000000000000000000e+00,0.000000000000000000e+00,0.000000000000000000e+00,0.000000000000000000e+00,0.000000000000000000e+00,0.000000000000000000e+00,4.121701929019748190e-01,0.000000000000000000e+00,1.202322041047497042e-01,0.000000000000000000e+00,0.000000000000000000e+00,0.000000000000000000e+00,4.551246298902785759e-01,4.282057345085690803e-01,4.379157563472730885e-01,0.000000000000000000e+00,0.000000000000000000e+00,0.000000000000000000e+00,4.681430706547242138e-01,0.000000000000000000e+00,4.959281488533294202e-01,4.627641475944392901e-01,4.864941355376892762e-01,0.000000000000000000e+00,0.000000000000000000e+00,0.000000000000000000e+00,0.000000000000000000e+00,4.447134635379613177e-01
0.000000000000000000e+00,0.000000000000000000e+00,3.253456152611562957e-01,4.522947420738284152e-01,4.584969184048129920e-01,4.586804404936141166e-01,5.118745132345030591e-01,5.135423805543528619e-01,3.404228599395882071e-01,4.817087049028730972e-01,3.325377727504432168e-01,1.535643618618222905e-01,5.214245682614195854e-01,4.659019404109561169e-01,0.000000000000000000e+00,0.000000000000000000e+00,0.000000000000000000e+00,0.000000000000000000e+00,0.000000000000000000e+00,0.000000000000000000e+00,0.000000000000000000e+00,0.000000000000000000e+00,4.328048044102614789e-01,0.000000000000000000e+00,0.000000000000000000e+00,0.000000000000000000e+00,4.197481504961257937e-01,5.187217879013992228e-01,0.000000000000000000e+00,0.000000000000000000e+00,5.237848834342575532e-01,4.948506130285085791e-01,0.000000000000000000e+00,5.178535442368833452e-01,4.935208560417075896e-01,4.583564681699032750e-01,4.986995998328934143e-01,4.953141452004012901e-01,4.399172148818448758e-01,0.000000000000000000e+00,0.000000000000000000e+00,0.000000000000000000e+00,5.003688708412156183e-01,0.000000000000000000e+00,0.000000000000000000e+00,0.000000000000000000e+00,0.000000000000000000e+00,5.997224425041904894e-01,0.000000000000000000e+00,5.863154918370421242e-01,5.972617587911835946e-01,6.012103923903094893e-01,5.934066618807618543e-01,6.144210998992633010e-01,0.000000000000000000e+00,4.882001026277246192e-01,0.000000000000000000e+00,6.695717742429208030e-01,5.126701010430039229e-01,0.000000000000000000e+00,0.000000000000000000e+00,0.000000000000000000e+00,0.000000000000000000e+00,5.976056246423691043e-01,0.000000000000000000e+00,0.000000000000000000e+00,0.000000000000000000e+00,5.918124025531346089e-01,0.000000000000000000e+00,0.000000000000000000e+00,0.000000000000000000e+00,5.969512843572785110e-01,0.000000000000000000e+00,0.000000000000000000e+00,0.000000000000000000e+00,0.000000000000000000e+00
4.513205552026225975e-01,4.693588431203649103e-01,0.000000000000000000e+00,3.974302195113251224e-01,4.216199308807060953e-01,4.418129193965876222e-01,4.854132612454756246e-01,4.940701107164616745e-01,4.381728304382718209e-01,1.088736371726174018e-01,0.000000000000000000e+00,0.000000000000000000e+00,4.798637814788158096e-01,0.000000000000000000e+00,4.182308767540264816e-01,4.676511523843676077e-01,4.534419772801752124e-01,4.558536117385301734e-01,0.000000000000000000e+00,0.000000000000000000e+00,4.878698919888753149e-01,4.359092286207225109e-01,3.851584716899286165e-01,0.000000000000000000e+00,4.495210642534777090e-01,5.011903687814420749e-01,4.330628182478428734e-01,4.413091992506910088e-01,3.746726576954875765e-01,4.034853192581642212e-01,4.378348326069799179e-01,4.783652342555984038e-01,4.333635649079600749e-01,4.907024178035507833e-01,5.156469363049287491e-01,0.000000000000000000e+00,0.000000000000000000e+00,0.000000000000000000e+00,5.279423884311971182e-01,5.278576279585954767e-01,5.279597016408417165e-01,5.552049431270220659e-01,5.548842817179537867e-01,0.000000000000000000e+00,0.000000000000000000e+00,0.000000000000000000e+00,5.125088282859540101e-01,0.000000000000000000e+00,0.000000000000000000e+00,0.000000000000000000e+00,5.256234813433169339e-01,0.000000000000000000e+00,4.755259381045793821e-01,0.000000000000000000e+00,0.000000000000000000e+00,0.000000000000000000e+00,0.000000000000000000e+00,6.199463755748265692e-01,0.000000000000000000e+00,5.238982970408492257e-01,1.947611175199540912e-01,0.000000000000000000e+00,0.000000000000000000e+00,0.000000000000000000e+00,5.116286142065292752e-01,5.204883460296979569e-01,5.336293142428280012e-01,5.343988453191170773e-01,0.000000000000000000e+00,1.982922436327317905e-01,5.371096017512539955e-01,5.182778036103243835e-01,5.478340453741953331e-01,5.143420761106272110e-01,6.060098121317214481e-01,5.191779111889049947e-01
4.186082283938005189e-01,4.174046220439153743e-01,0.000000000000000000e+00,0.000000000000000000e+00,0.000000000000000000e+00,4.922887421617476167e-01,0.000000000000000000e+00,4.579341792950752943e-01,0.000000000000000000e+00,0.000000000000000000e+00,0.000000000000000000e+00,5.012479412377349730e-01,5.231832148234547564e-01,0.000000000000000000e+00,4.554950035498899208e-01,4.364319134051916071e-01,0.000000000000000000e+00,4.492827131947375041e-01,0.000000000000000000e+00,4.878698919888753149e-01,0.000000000000000000e+00,4.939037902773703026e-01,4.531113797968905899e-01,4.881527445664715081e-01,4.432835141569704263e-01,4.376039237151386763e-01,4.898356519120973251e-01,4.930333205099742822e-01,4.526439298211317741e-01,0.000000000000000000e+00,4.225858736681679106e-01,4.457700004244111724e-01,4.367657572569739188e-01,4.400951138291310238e-01,5.333530873270727612e-01,0.000000000000000000e+00,0.000000000000000000e+00,0.000000000000000000e+00,5.094456187450762119e-01,4.789504102936857910e-01,5.198163027565535499e-01,5.534845083018564704e-01,0.000000000000000000e+00,0.000000000000000000e+00,0.000000000000000000e+00,4.540263724585897886e-01,5.345243593475349497e-01,0.000000000000000000e+00,0.000000000000000000e+00,0.000000000000000000e+00,5.130672295582680009e-01,0.000000000000000000e+00,4.249815990808744059e-01,0.000000000000000000e+00,0.000000000000000000e+00,0.000000000000000000e+00,0.000000000000000000e+00,5.985847573339830863e-01,0.000000000000000000e+00,5.506952111926056714e-01,4.957560021509324066e-01,0.000000000000000000e+00,0.000000000000000000e+00,0.000000000000000000e+00,5.330857388850949174e-01,4.340101154426749264e-01,5.394042473203649601e-01,5.287618054840328430e-01,0.000000000000000000e+00,4.968501017359108762e-01,5.528122116279018394e-01,5.579210978375124252e-01,5.717225376106471746e-01,4.929162696297273993e-01,0.000000000000000000e+00,5.449204583058102624e-01
