0.000000000000000000e+00,1.092925492967954451e-02,9.760266374098915121e-03,4.094877940808469563e-03,1.624690830492942981e-02,1.989223148369730423e-02,2.438139348209117027e-02,3.295301727378676868e-03,2.442135572219437598e-02,1.606735446979563192e-02,1.978564241182262026e-02,1.315329836609799991e-02,3.457280278973245968e-02,8.556496524833338488e-03,1.067781553751979626e-02,9.867250279442275895e-03,5.453102264297751689e-03,1.455157381062752511e-02,1.546353566419109149e-02,2.248994845532391665e-02,8.564762190106753326e-03,4.203072345614684152e-02,3.244216180410586930e-02,1.148259617211430487e-02,2.616627254191897928e-02,6.637994637316700641e-02,3.563953315692190704e-02,4.734257728560355843e-02,3.686456013551001054e-02,9.334025922184518986e-03,2.396411321665173691e-02,1.012447086717897619e-02,5.708272148381242535e-03,1.117175266876057997e-02,7.157341680598373890e-03,9.188632685459689406e-03,3.839033770954363226e-03,2.819961605061865363e-03,8.335747425349978451e-03,5.525462995400565874e-03,8.552420541858110278e-03,4.736921309808928351e-03,8.654629538519363272e-03,2.470651939501057603e-03,1.625955242895354112e-03,6.182029699311144925e-03,1.028286496991728111e-02,1.232147795805316887e-02,6.846560476349099721e-03,1.583013897332916781e-02,1.852849760768855714e-02,2.203978414628195853e-02,5.224449715716607441e-03,2.919274075225013199e-02,1.654034576352094582e-02,2.313593495496238384e-02,1.503782926543835441e-02,3.167182576595602150e-02,9.031512586224928196e-03,1.236220812609237739e-02,9.838168450396396827e-03,6.135388497063869531e-03,1.364585456446474471e-02,1.484943409583202450e-02,1.986616824813959223e-02,1.171462616362861468e-02,3.856759448952955249e-02,3.669515785518915468e-02,9.360010474317720722e-03,2.541258609216904760e-02,7.990668644446820290e-02,3.406006115387279903e-02,4.391764326974407356e-02,2.400776044905654841e-02,7.200833126646185092e-03,2.324083634768687665e-02
1.092925492967954451e-02,0.000000000000000000e+00,2.157368258958234850e-02,9.717782753431590884e-03,3.750174779892617022e-02,4.396341445546405463e-02,5.661164192215076274e-02,7.205689177351265115e-03,5.374509869244022131e-02,3.637578657145749961e-02,4.456687193963042998e-02,2.757168299095394751e-02,7.875802504678966476e-02,1.911721968406410177e-02,2.178628238874189341e-02,2.216855279551919675e-02,1.203840815013122560e-02,3.284360520194923999e-02,3.473220513952209043e-02,5.098042174652114150e-02,1.788403310941875241e-02,9.361794772154047317e-02,6.971181045526619879e-02,2.268500746565214193e-02,5.869476669718952377e-02,1.440551347990302877e-01,7.867585574270873072e-02,1.068337248460510813e-01,8.165926102048258473e-02,2.055003349900204335e-02,5.328002292547600466e-02,2.244952432606518375e-02,1.257793799562767489e-02,2.521147264705543220e-02,1.596483873611062587e-02,2.118469455727685358e-02,8.931308458916095011e-03,5.931119088238336230e-03,1.821513483910196241e-02,1.217793610432570291e-02,1.889154941689620559e-02,1.099408353754717169e-02,2.004111615075338665e-02,6.114248466361527599e-03,3.178635751574249851e-03,1.243144665094554277e-02,2.368678109666195672e-02,2.706341024169462567e-02,1.601642712879076946e-02,3.542848485477462922e-02,4.117007825105923474e-02,5.039131173292175914e-02,1.183523552278300563e-02,6.496778204355610487e-02,3.727167209327095915e-02,5.238229495518120782e-02,3.278162731360507315e-02,7.155169343577812147e-02,2.078636461413691308e-02,2.542231979636689135e-02,2.245990546459189496e-02,1.416509021351831585e-02,3.049487258185979918e-02,3.371927909024317188e-02,4.405444004112811507e-02,2.456130324632657333e-02,8.567360579804696175e-02,7.852236171979852519e-02,1.935093428323921005e-02,5.714350184661842746e-02,1.740993134131078590e-01,7.581331958288371753e-02,9.627014682288988212e-02,5.309240402056197849e-02,1.532649259256473051e-02,5.183536439502036547e-02
9.760266374098915121e-03,2.157368258958234850e-02,0.000000000000000000e+00,8.258353195988046500e-03,3.158888448622505091e-02,3.808975860695371779e-02,4.747484913089470432e-02,6.301255131199284473e-03,4.718415127804814063e-02,3.037503448647414783e-02,3.775355326600805805e-02,2.381504811535199370e-02,6.698534474806827621e-02,1.657247407430208555e-02,1.869449220320236124e-02,1.925273383375765771e-02,1.018875011157532179e-02,2.804128122967211936e-02,2.939017956570100926e-02,4.440039878445734695e-02,1.548749876040736786e-02,8.088196464888008919e-02,5.966328689645695321e-02,2.048731784402464326e-02,5.027404738720344518e-02,1.237649886804875476e-01,6.830464217679568795e-02,9.059895022620682858e-02,7.074349823467182552e-02,1.820975872100695503e-02,4.557194515784099981e-02,1.827739944990176488e-02,1.056828507224347180e-02,2.120664450703651366e-02,1.351668986724089902e-02,1.797313446886187466e-02,7.572058213011561081e-03,5.211200972810596868e-03,1.500904765359794765e-02,1.015648925269226586e-02,1.592255423773775852e-02,9.111892132497049698e-03,1.716552119489593575e-02,4.892479967547955742e-03,2.821570864155512146e-03,1.112401613791662303e-02,2.029786006122900194e-02,2.362082741376085940e-02,1.334403798838316654e-02,2.995206611241764058e-02,3.584661052919303065e-02,4.278530806057247171e-02,1.012212840078566961e-02,5.614066322237710321e-02,3.138615930397459231e-02,4.438380083938724824e-02,2.787554320003841554e-02,6.047676053005054952e-02,1.808694625738322195e-02,2.203798946739490491e-02,1.894398548667274029e-02,1.188096163223339129e-02,2.534331478579774505e-02,2.881327201203491215e-02,3.883154988320589029e-02,2.114332013867691040e-02,7.347040715044945991e-02,6.767405775719233241e-02,1.725810548134496664e-02,4.828722435854072154e-02,1.484184309507821653e-01,6.506824889246659582e-02,8.313862111680896116e-02,4.686056299449892909e-02,1.387286030926968873e-02,4.438256718948750679e-02
4.094877940808469563e-03,9.717782753431590884e-03,8.258353195988046500e-03,0.000000000000000000e+00,1.404181394745743910e-02,1.658130617476167093e-02,2.135999267274552721e-02,2.655813713305144475e-03,2.044730000538992620e-02,1.373261810872418616e-02,1.709432480463892595e-02,1.039859298348603904e-02,2.977129912057737554e-02,7.276095177538886155e-03,8.300276435562997657e-03,8.472762305049005155e-03,4.514321750250458072e-03,1.256418628506255665e-02,1.348768060893915793e-02,1.948391892437928777e-02,6.642286736759961049e-03,3.593916177938438761e-02,2.681422562035270379e-02,8.689625244115029706e-03,2.201786515207310863e-02,5.492914868827979136e-02,3.025000288837352558e-02,4.024895757306925365e-02,3.124221006581936327e-02,8.041749569480081961e-03,2.039246173583623631e-02,8.547809686994577508e-03,4.785185270397382395e-03,9.700391730993025707e-03,6.117240601075855239e-03,7.881432224327819189e-03,3.280353556108416436e-03,2.273644839004230686e-03,6.850713941168718943e-03,4.639061906691536834e-03,7.334616633123954704e-03,4.135068436701036000e-03,7.708408980404272449e-03,2.307864676615161217e-03,1.222888346404917654e-03,4.999664196802462365e-03,8.955144402594048328e-03,1.052837423648912175e-02,6.109324897501119608e-03,1.337769876946452892e-02,1.557928120399327751e-02,1.905311657054091154e-02,4.402742194695824854e-03,2.461706789957037247e-02,1.402718950051064922e-02,1.981282461112136156e-02,1.239745319297384275e-02,2.702427393876136175e-02,7.787312086365643163e-03,9.876791779858633616e-03,8.526166502353379334e-03,5.470052689723913820e-03,1.180055923723721638e-02,1.313873751600250737e-02,1.695542352901944008e-02,9.478147177677712087e-03,3.256768078185663662e-02,3.031099758268664124e-02,7.497720339761180380e-03,2.181537109739170241e-02,6.670527830931316515e-02,2.900948972902198109e-02,3.666874595250651375e-02,2.004807929869651534e-02,5.853597090156400021e-03,1.979224235628202627e-02
1.624690830492942981e-02,3.750174779892617022e-02,3.158888448622505091e-02,1.404181394745743910e-02,0.000000000000000000e+00,6.429250476414496984e-02,8.314174000629702410e-02,1.081544100271324138e-02,7.997477025308778742e-02,5.443062859181695134e-02,6.647402237948708825e-02,4.157320368102272734e-02,1.169047373025825509e-01,2.866433778358426498e-02,3.207499279476958010e-02,3.271167651838681467e-02,1.800567404620775566e-02,4.828134892852317672e-02,5.150513099344148499e-02,7.530191849560462225e-02,2.655269215488294948e-02,1.384730309445876273e-01,1.032903211300751772e-01,3.384844422646949430e-02,8.720279416774592840e-02,2.132530761537499986e-01,1.171627094241308731e-01,1.578427128409897739e-01,1.206787139436776846e-01,3.139457591660328728e-02,7.901834483161920830e-02,3.329591564395738973e-02,1.860390998248397099e-02,3.683423072480896537e-02,2.362927258345264361e-02,3.119369085200764807e-02,1.292650882778066321e-02,9.047150614797602047e-03,2.732309587855890828e-02,1.810198377693819638e-02,2.821893352442267355e-02,1.624343613029792521e-02,2.964621713595068375e-02,8.954083332251051158e-03,4.909562705050584883e-03,1.879683340048677806e-02,3.488176493364238129e-02,3.977450433735227331e-02,2.330140768726444295e-02,5.331273974556542672e-02,6.122566059586290188e-02,7.470865788577668587e-02,1.744436175804520150e-02,9.574329645396660593e-02,5.632577791835263747e-02,7.780273799882245211e-02,4.947423025350847908e-02,1.062073768735678769e-01,3.091195127571667173e-02,3.720440299891028535e-02,3.276788990352699771e-02,2.110818802829692725e-02,4.547397630476858466e-02,4.982845978967502532e-02,6.488009767511915271e-02,3.658857578827223039e-02,1.253877737359074818e-01,1.162895766224699423e-01,2.891820654944423502e-02,8.489180450429761882e-02,2.570114618927001882e-01,1.119599103278803853e-01,1.445716844306765558e-01,7.923540196064961239e-02,2.329444984522238693e-02,7.698754687103685768e-02
1.989223148369730423e-02,4.396341445546405463e-02,3.808975860695371779e-02,1.658130617476167093e-02,6.429250476414496984e-02,0.000000000000000000e+00,9.806485926553608345e-02,1.312363098314041701e-02,9.666572285473769288e-02,6.197519027446750373e-02,7.732446796682299062e-02,4.825117901350474414e-02,1.369053160296739291e-01,3.333997888488011291e-02,3.876725881268642399e-02,3.916636853648614025e-02,2.087150302299284332e-02,5.788969673620569106e-02,6.044645119950105977e-02,8.935285040689176783e-02,3.184068275554763350e-02,1.663116720138497762e-01,1.243976784677049696e-01,4.173577301537600287e-02,1.035248856811197687e-01,2.557602623523675955e-01,1.393201809781176859e-01,1.876014244882444337e-01,1.453184988886623008e-01,3.619365369328207682e-02,9.387745125606164476e-02,3.954420173731490462e-02,2.240063544865649597e-02,4.391657956558647768e-02,2.784939788993313556e-02,3.643262847330617366e-02,1.561781665362321422e-02,1.098296100496067018e-02,3.219161972723272314e-02,2.186235085104775919e-02,3.316108640664210128e-02,1.863814985123308718e-02,3.403995108912665629e-02,1.013833102796812130e-02,6.184756864873208228e-03,2.336592208158860123e-02,4.199841253378226030e-02,4.741515152680406825e-02,2.681883933423451216e-02,6.181008531568045472e-02,7.389381386437934851e-02,8.832336483726607734e-02,2.040107482121281818e-02,1.166055664252547558e-01,6.392214570166218635e-02,9.061909448954932889e-02,5.663499946776169580e-02,1.250100902235068978e-01,3.574886504408474747e-02,4.504656522306424438e-02,3.935135080731202994e-02,2.435865106374567046e-02,5.331729064125607237e-02,5.857317982024992653e-02,7.824580806087695628e-02,4.413611786159867684e-02,1.526456043194802936e-01,1.403695983429405769e-01,3.495451856426933651e-02,1.010918155190510953e-01,3.094049491642989480e-01,1.334355830691951739e-01,1.711063378653474576e-01,9.574729453146198221e-02,2.792690668664767756e-02,9.192087031000276132e-02
2.438139348209117027e-02,5.661164192215076274e-02,4.747484913089470432e-02,2.135999267274552721e-02,8.314174000629702410e-02,9.806485926553608345e-02,0.000000000000000000e+00,1.619639357860791148e-02,1.206719686451595275e-01,8.092853987843559582e-02,9.959179042963711703e-02,6.199648877323721274e-02,1.746689345367777868e-01,4.274976376283724094e-02,4.865621563804921335e-02,4.882806882891954636e-02,2.700085935925659181e-02,7.246374810671653288e-02,7.740173023675547825e-02,1.138619745173192616e-01,4.025593866662207504e-02,2.087856135012014225e-01,1.554202438808572895e-01,5.146151522915694276e-02,1.305215983466514185e-01,3.204652390408938567e-01,1.757602551658811463e-01,2.360964888131372175e-01,1.812264612671131980e-01,4.662065510317717210e-02,1.182284683788712154e-01,4.990077851257516267e-02,2.782006453091465104e-02,5.585516186093787694e-02,3.542325123470251719e-02,4.710059180308965449e-02,1.972921218244415992e-02,1.350976493533207271e-02,4.089812175162571561e-02,2.718833939668717850e-02,4.255413928807819102e-02,2.440334134041640540e-02,4.435947786333976212e-02,1.366317801329384671e-02,7.282877669993281441e-03,2.860031993279854579e-02,5.256016056208891868e-02,6.025792172715926931e-02,3.509153662952165659e-02,7.859660032369733540e-02,9.224154236173856547e-02,1.123464835993802924e-01,2.627541666566894293e-02,1.436183094288027984e-01,8.381953309683119746e-02,1.160946646990491382e-01,7.385893024417782005e-02,1.597731507879521229e-01,4.605667176463457829e-02,5.707630645507431877e-02,4.901965906191975419e-02,3.183174230764183182e-02,6.768941556303499640e-02,7.513433526686512376e-02,9.815616732216658757e-02,5.570435181091647203e-02,1.887647665602197600e-01,1.763174675483990539e-01,4.393375480060525418e-02,1.271179188007981742e-01,3.869348863961914464e-01,1.681885679852871684e-01,2.153975222529054545e-01,1.190010002647806375e-01,3.434616197885204114e-02,1.149571852373479641e-01
3.295301727378676868e-03,7.205689177351265115e-03,6.301255131199284473e-03,2.655813713305144475e-03,1.081544100271324138e-02,1.312363098314041701e-02,1.619639357860791148e-02,0.000000000000000000e+00,1.626605568760505771e-02,1.066276692355442278e-02,1.312090980222335376e-02,8.419070416796386319e-03,2.248302846451370393e-02,5.433479101538568092e-03,6.971135132444979295e-03,6.490186547813497041e-03,3.620805365519458394e-03,9.587331549233151298e-03,1.008181045050650197e-02,1.463690558025025970e-02,5.421370203951962098e-03,2.804088453880033971e-02,2.121916162342016646e-02,6.974496092021476544e-03,1.771223378774236870e-02,4.408895358033017298e-02,2.352203011411511252e-02,3.165635409982218984e-02,2.451149330717936753e-02,6.026164017325166128e-03,1.581841875098297795e-02,7.005930325942700404e-03,3.924099068989719656e-03,7.337804343640163054e-03,4.652114892755609618e-03,5.936294900153511571e-03,2.541741637979023048e-03,1.972784487946761117e-03,5.814686637852359806e-03,3.807300993087645979e-03,5.528108778410747645e-03,3.125481244084050113e-03,5.691738579347671405e-03,1.645451864839798765e-03,1.162729770227426476e-03,3.851798788395372451e-03,7.101328194594222314e-03,7.659866856143457761e-03,4.380084346098610942e-03,1.052456167001417260e-02,1.259106823858347976e-02,1.464183896143091829e-02,3.476562868205560278e-03,1.961001304581038926e-02,1.095398872356433996e-02,1.569429798342009824e-02,9.703750396781507526e-03,2.110786760677102122e-02,5.906978854448862587e-03,7.723759605535587131e-03,6.565487618934664864e-03,4.060034707084883392e-03,9.227998803410736653e-03,9.689861450184708222e-03,1.295274399904850805e-02,7.439813646822644039e-03,2.578930767786104944e-02,2.376489658002195124e-02,5.751547649607596097e-03,1.723333308288970203e-02,5.272121711062130456e-02,2.245056998441642346e-02,2.943983689011378524e-02,1.620499708906115999e-02,4.690185311304612657e-03,1.551504608075768635e-02
2.442135572219437598e-02,5.374509869244022131e-02,4.718415127804814063e-02,2.044730000538992620e-02,7.997477025308778742e-02,9.666572285473769288e-02,1.206719686451595275e-01,1.626605568760505771e-02,0.000000000000000000e+00,7.756727126009356488e-02,9.588861660069922244e-02,6.000796668318168769e-02,1.697298490410491245e-01,4.101825640348421426e-02,4.829351557447020271e-02,4.907416081315824075e-02,2.605190549498686420e-02,7.157740549555910436e-02,7.445332939255960847e-02,1.118196829481836185e-01,3.907113567372084290e-02,2.071857290275279373e-01,1.535128924547039808e-01,5.125013774317329490e-02,1.281979278346025153e-01,3.168766828747925368e-01,1.745419565723732302e-01,2.336485167980890121e-01,1.813366229079635683e-01,4.610913482340691510e-02,1.157922667224422497e-01,4.911591334452001384e-02,2.780939430743736146e-02,5.408694241941341962e-02,3.423773455507825997e-02,4.485384130551693660e-02,1.918466930166431647e-02,1.382634504950062265e-02,4.036683690210889769e-02,2.689438570734849904e-02,4.102488336188139101e-02,2.298796555148694201e-02,4.218318447975617780e-02,1.247745123515319951e-02,7.809632601909218159e-03,2.877680596707143934e-02,5.193134658805288739e-02,5.801143958457459504e-02,3.300474406321596277e-02,7.634466838827635993e-02,9.059627250801537135e-02,1.091251215555164300e-01,2.563964664665835738e-02,1.434382574837552993e-01,8.013869890435250387e-02,1.123551311183446366e-01,7.090500249675493749e-02,1.548817832834779584e-01,4.384295627720647542e-02,5.576207984833069647e-02,4.814790551768759891e-02,3.036789279300905475e-02,6.645424369627535299e-02,7.279400380532569104e-02,9.750066721529604408e-02,5.430956871309174788e-02,1.884274048800207713e-01,1.747506408964608904e-01,4.348447883860627472e-02,1.249954770283819849e-01,3.823932573514368660e-01,1.652324495072904631e-01,2.137439366011356368e-01,1.184688668397490263e-01,3.508080790446563985e-02,1.135379264918361664e-01
1.606735446979563192e-02,3.637578657145749961e-02,3.037503448647414783e-02,1.373261810872418616e-02,5.443062859181695134e-02,6.197519027446750373e-02,8.092853987843559582e-02,1.066276692355442278e-02,7.756727126009356488e-02,0.000000000000000000e+00,6.396309261286699244e-02,3.985634451618589452e-02,1.122767081411603640e-01,2.793943219424126906e-02,3.133306406418538692e-02,3.186989091248685485e-02,1.730428292220786285e-02,4.677821421029108168e-02,4.874377173466927504e-02,7.395332022529589600e-02,2.676572512032228748e-02,1.347227456030725135e-01,9.960148494067613822e-02,3.301670432232078206e-02,8.470970078270831372e-02,2.070477596870300696e-01,1.123354413216775538e-01,1.525008816945896684e-01,1.161863105288424985e-01,3.045164582462637007e-02,7.600639284858745626e-02,3.167958001032954163e-02,1.790929831201277384e-02,3.563883129065970740e-02,2.238554005883697240e-02,3.086440651227856380e-02,1.266787174490618777e-02,8.731263288173481130e-03,2.596531448996678912e-02,1.758446041613588584e-02,2.709056665890719612e-02,1.541986737599176580e-02,2.885679857442318558e-02,8.772325575884943119e-03,4.719313549601054057e-03,1.844369877197353166e-02,3.377241530738206432e-02,3.812357981371906901e-02,2.258363445897903360e-02,5.104567586498545001e-02,5.876153545432342973e-02,7.260693972188772549e-02,1.748236582622507071e-02,9.164421185674412329e-02,5.466874896546874280e-02,7.526955880045561875e-02,4.795195523866865178e-02,1.024450985127177693e-01,3.008824606517020162e-02,3.601788712956598831e-02,3.127628184811934858e-02,2.046378733393733329e-02,4.364734405037417470e-02,4.780268467952768913e-02,6.255662747634881116e-02,3.613067838869112730e-02,1.206345266413028638e-01,1.129063851055296663e-01,2.822155850088105267e-02,8.212017872997379175e-02,2.476166387706636995e-01,1.078420933380443425e-01,1.399989074773642095e-01,7.670186604831855104e-02,2.282571741860540959e-02,7.396800599483067951e-02
1.978564241182262026e-02,4.456687193963042998e-02,3.775355326600805805e-02,1.709432480463892595e-02,6.647402237948708825e-02,7.732446796682299062e-02,9.959179042963711703e-02,1.312090980222335376e-02,9.588861660069922244e-02,6.396309261286699244e-02,0.000000000000000000e+00,4.949589793499534207e-02,1.383879126246866653e-01,3.421401914016712620e-02,3.862735221642472905e-02,3.881866500120589869e-02,2.143802258567990143e-02,5.743280677095747438e-02,6.095650108111145410e-02,9.000870249539823231e-02,3.240448594905376289e-02,1.646120842517802552e-01,1.234425557091853309e-01,4.096386520222145694e-02,1.036138479774594973e-01,2.539890297951233333e-01,1.399048325764775946e-01,1.876611929726428596e-01,1.441077238977896968e-01,3.691928107657464764e-02,9.396027369271026108e-02,3.951862647257547989e-02,2.207635953638905843e-02,4.405817797850137413e-02,2.800542740629491378e-02,3.749113565121911518e-02,1.561999649886001984e-02,1.082804743075045824e-02,3.217403885182371776e-02,2.187151732577095192e-02,3.387955744464308389e-02,1.945327461451559076e-02,3.538470257529923585e-02,1.064911597257242604e-02,5.879016754802323004e-03,2.267897909239528428e-02,4.161925688417970198e-02,4.782547859580860150e-02,2.769634422431114726e-02,6.271748875357356645e-02,7.291398596404838339e-02,8.935473062553872525e-02,2.123578198986035906e-02,1.142449480732005418e-01,6.643100165933582546e-02,9.251911612176128008e-02,5.868753046369340476e-02,1.264884487190109930e-01,3.689786869339655578e-02,4.480144647908194250e-02,3.898974350868401190e-02,2.510998417543035960e-02,5.368492670666612232e-02,5.932184649014293071e-02,7.772766046580296961e-02,4.426754281675132630e-02,1.492534755181850747e-01,1.401375468190099449e-01,3.496849945818576028e-02,1.008541789392858601e-01,3.054792747298489819e-01,1.340147092779632454e-01,1.729903647147883194e-01,9.501741512959169245e-02,2.780462691917721940e-02,9.171703427623459359e-02
1.315329836609799991e-02,2.757168299095394751e-02,2.381504811535199370e-02,1.039859298348603904e-02,4.157320368102272734e-02,4.825117901350474414e-02,6.199648877323721274e-02,8.419070416796386319e-03,6.000796668318168769e-02,3.985634451618589452e-02,4.949589793499534207e-02,0.000000000000000000e+00,8.652528243537464803e-02,2.191889236023594062e-02,2.467142925761299510e-02,2.423538110273496318e-02,1.346675180439626737e-02,3.570985893899229768e-02,3.796212423320054902e-02,5.619410680071516145e-02,2.098013784035189858e-02,1.024117795258921576e-01,7.788095596266982057e-02,2.663861314504895397e-02,6.450878775165026779e-02,1.606839193534390087e-01,8.658849436981150283e-02,1.163244934459685687e-01,8.960358877559024271e-02,2.339276649135524702e-02,5.930542473726974073e-02,2.433314489836574390e-02,1.395069938751827138e-02,2.799374167963149945e-02,1.752640385455447522e-02,2.351474411570999082e-02,9.652544705164297495e-03,6.774608853119788894e-03,2.008459183982676949e-02,1.384653791264647653e-02,2.125535424484198410e-02,1.203140792975923405e-02,2.192012106122800605e-02,6.453279883165246797e-03,3.776665773670439142e-03,1.503176516429263060e-02,2.583528542984197748e-02,2.982687014455567137e-02,1.715286440722046599e-02,3.903976765272194893e-02,4.573543226711657833e-02,5.568770990779020602e-02,1.310884374004294035e-02,7.069925182675373954e-02,4.179553253353252007e-02,5.759991725696785025e-02,3.729767073558218349e-02,7.964982389801632257e-02,2.339127941789893861e-02,2.851279133507962638e-02,2.395340814767274798e-02,1.557353164785632571e-02,3.350649655655332793e-02,3.657411054928370181e-02,4.828603969423778813e-02,2.837379879372561517e-02,9.265032855485552665e-02,8.800898379303385977e-02,2.234547616966901795e-02,6.284654783721911608e-02,1.923957088829185147e-01,8.336447772940958068e-02,1.085865255742028274e-01,5.938739611173383948e-02,1.762629685982248021e-02,5.732448717155053802e-02
3.457280278973245968e-02,7.875802504678966476e-02,6.698534474806827621e-02,2.977129912057737554e-02,1.169047373025825509e-01,1.369053160296739291e-01,1.746689345367777868e-01,2.248302846451370393e-02,1.697298490410491245e-01,1.122767081411603640e-01,1.383879126246866653e-01,8.652528243537464803e-02,0.000000000000000000e+00,6.014214171024194477e-02,6.771243708060106781e-02,6.932195183439501807e-02,3.736334998081199121e-02,1.020117814040743393e-01,1.074333578325084443e-01,1.597795987640964199e-01,5.619384131537190352e-02,2.932310717266343181e-01,2.174430540986556915e-01,7.263008592628356075e-02,1.826452192989304335e-01,4.501610292801166979e-01,2.471717875504722550e-01,3.320882687707090164e-01,2.558398993084917139e-01,6.558187456429659390e-02,1.665506448971866282e-01,6.949341772285187735e-02,3.904307662906954940e-02,7.821455795943335620e-02,4.963933778297361515e-02,6.595099522739616971e-02,2.761142656497116848e-02,1.892838496910914658e-02,5.684620831634441124e-02,3.822691632127236949e-02,5.973892371777345112e-02,3.399483155217292163e-02,6.178757215345288822e-02,1.870382101285862630e-02,1.034319662673664070e-02,4.026090004444743409e-02,7.374021090302636250e-02,8.485718246590043257e-02,4.892376896809120385e-02,1.105170255164783788e-01,1.284456238609170686e-01,1.570994535047577079e-01,3.634474319486649674e-02,2.023008021117021771e-01,1.163622852139600261e-01,1.617825029639712309e-01,1.027645316951534826e-01,2.234318534809340839e-01,6.444811780843517912e-02,7.969017010091686282e-02,6.908948798779845912e-02,4.409159677239352787e-02,9.507570650506444454e-02,1.043470080135228822e-01,1.377904815786631931e-01,7.747056270418062329e-02,2.662398453932108278e-01,2.470536605478307890e-01,6.178486802994900828e-02,1.783967884161671569e-01,5.440637797630455408e-01,2.355429128393897176e-01,3.037975563398417900e-01,1.669256254784732829e-01,4.865107235070583597e-02,1.626154560184020492e-01
8.556496524833338488e-03,1.911721968406410177e-02,1.657247407430208555e-02,7.276095177538886155e-03,2.866433778358426498e-02,3.333997888488011291e-02,4.274976376283724094e-02,5.433479101538568092e-03,4.101825640348421426e-02,2.793943219424126906e-02,3.421401914016712620e-02,2.191889236023594062e-02,6.014214171024194477e-02,0.000000000000000000e+00,1.693640496127781642e-02,1.704250884117946077e-02,9.280271125032438922e-03,2.502912986403943787e-02,2.680252063837582424e-02,3.874081411630471428e-02,1.404068868912033280e-02,7.207469968033865249e-02,5.396300596048329151e-02,1.777119390892966180e-02,4.523150984529022978e-02,1.108894984290503122e-01,6.063240728784259626e-02,8.159018132156146963e-02,6.295494654582610428e-02,1.653286579503623552e-02,4.081484197390559260e-02,1.685979023455155129e-02,9.652740567458533219e-03,1.904865565473433386e-02,1.213421676276579819e-02,1.600933599037253005e-02,6.743331437080779533e-03,4.677053265528558802e-03,1.391990710868509090e-02,9.540187205987373312e-03,1.464131940013580976e-02,8.219994600531077555e-03,1.562985760803754440e-02,4.573230765532557661e-03,2.578564516132328052e-03,9.824413704566320807e-03,1.791475519741005454e-02,2.082159358948400263e-02,1.210707339292559255e-02,2.733192795158068122e-02,3.161998221537389714e-02,3.826411970637094706e-02,8.952113948111876593e-03,4.987718751611105311e-02,2.921942092697175225e-02,4.024275009411728415e-02,2.551920528150867368e-02,5.467844141667059510e-02,1.622805588398551144e-02,1.964640563184304189e-02,1.695488010393716299e-02,1.096445417556404789e-02,2.363592282375816603e-02,2.603548556171271858e-02,3.389704646788051223e-02,1.861812622899116157e-02,6.523368013299359058e-02,6.006910170998554233e-02,1.498559568521213442e-02,4.392351308977629487e-02,1.330718010963349018e-01,5.822265294197001562e-02,7.532845647766900354e-02,4.092894120966145827e-02,1.231467887675078907e-02,4.005481309016737518e-02
1.067781553751979626e-02,2.178628238874189341e-02,1.869449220320236124e-02,8.300276435562997657e-03,3.207499279476958010e-02,3.876725881268642399e-02,4.865621563804921335e-02,6.971135132444979295e-03,4.829351557447020271e-02,3.133306406418538692e-02,3.862735221642472905e-02,2.467142925761299510e-02,6.771243708060106781e-02,1.693640496127781642e-02,0.000000000000000000e+00,1.869427197402314528e-02,1.069684627325526334e-02,2.747955136509311336e-02,2.948783051503585037e-02,4.421757272297989483e-02,1.717706010515479900e-02,8.050260481862071826e-02,6.297128990098203871e-02,2.177156625358982536e-02,5.117650331901087840e-02,1.268319167195610664e-01,6.849975316088777189e-02,9.297483001550509163e-02,7.067411517055040282e-02,1.782287030231009123e-02,4.700594156463398787e-02,1.951608420201749947e-02,1.142594305369999674e-02,2.228995692543789611e-02,1.357658048200268211e-02,1.889102136524313177e-02,7.901710719511468792e-03,5.640400287529108436e-03,1.659377642221633239e-02,1.123075346778215459e-02,1.686698770636924083e-02,9.645800897944178595e-03,1.721951528726109112e-02,5.164902142919023699e-03,3.317799857609337461e-03,1.197709985687055341e-02,2.055798241220915118e-02,2.399296829009405982e-02,1.323282341724819032e-02,3.048024748905334841e-02,3.722159310151056805e-02,4.432693930393816206e-02,1.064590442856264141e-02,5.687547466947506097e-02,3.217744017725341493e-02,4.605512628617159515e-02,2.941522318039765591e-02,6.292970141337170253e-02,1.853388291766168081e-02,2.310987698802385165e-02,1.914361149807719542e-02,1.207122843726589345e-02,2.577685676718294641e-02,2.902874390068358595e-02,3.889394414125634664e-02,2.271760628626693854e-02,7.419985021310185336e-02,7.158401268468689294e-02,1.807456066719474036e-02,5.020393637800818487e-02,1.527460655092075237e-01,6.675909533559319653e-02,8.598640850529863655e-02,4.861581638215937973e-02,1.388462748973351424e-02,4.568140680239041185e-02
9.867250279442275895e-03,2.216855279551919675e-02,1.925273383375765771e-02,8.472762305049005155e-03,3.271167651838681467e-02,3.916636853648614025e-02,4.882806882891954636e-02,6.490186547813497041e-03,4.907416081315824075e-02,3.186989091248685485e-02,3.881866500120589869e-02,2.423538110273496318e-02,6.932195183439501807e-02,1.704250884117946077e-02,1.869427197402314528e-02,0.000000000000000000e+00,1.073633839770648558e-02,2.886470447887392460e-02,2.965718655601799758e-02,4.600774308574917537e-02,1.605130698120612112e-02,8.273529898875882360e-02,6.117915556384689174e-02,2.054674559307026471e-02,5.240050121564356067e-02,1.261443196667041966e-01,6.995782468051012226e-02,9.445575312705487003e-02,7.271516451088810840e-02,1.882151419386501878e-02,4.654045386348030361e-02,1.877517656192597903e-02,1.071991180632095482e-02,2.161265172677363094e-02,1.370161552997704868e-02,1.883429045898427079e-02,7.855415750233555108e-03,5.318904492163498490e-03,1.537758092920429864e-02,1.050756847223485377e-02,1.636377249114042559e-02,9.412726041506501093e-03,1.754562898115106725e-02,5.206098983263216656e-03,2.921135362890098664e-03,1.134817528778050977e-02,2.128020538684987153e-02,2.426210090114936518e-02,1.354809468505367535e-02,3.101649617910908971e-02,3.700941050804353039e-02,4.465832766376107155e-02,1.067608162752088467e-02,5.786655202241865192e-02,3.300740207195274056e-02,4.589581144713319322e-02,2.885250120570550733e-02,6.270591257848599775e-02,1.862229064183934524e-02,2.197641452590172115e-02,1.966254976393176299e-02,1.232733172693551392e-02,2.608207022543270262e-02,2.943664711314586749e-02,4.004775700551675005e-02,2.164677633039474580e-02,7.548649987235708791e-02,6.963087264294418044e-02,1.744517296255140501e-02,5.044171976121546164e-02,1.524004299305340981e-01,6.720478082999839509e-02,8.653869250144467784e-02,4.863958989978715147e-02,1.426712396997453260e-02,4.593039741796007408e-02
5.453102264297751689e-03,1.203840815013122560e-02,1.018875011157532179e-02,4.514321750250458072e-03,1.800567404620775566e-02,2.087150302299284332e-02,2.700085935925659181e-02,3.620805365519458394e-03,2.605190549498686420e-02,1.730428292220786285e-02,2.143802258567990143e-02,1.346675180439626737e-02,3.736334998081199121e-02,9.280271125032438922e-03,1.069684627325526334e-02,1.073633839770648558e-02,0.000000000000000000e+00,1.554514602259550633e-02,1.644637877836560569e-02,2.470253453266255117e-02,9.002663913429874432e-03,4.545402510494762904e-02,3.364151535621681677e-02,1.127118432142614618e-02,2.833335437558892958e-02,6.951333594516456715e-02,3.774532201246726809e-02,5.136097404781012760e-02,3.918639348910102349e-02,1.016540326313573363e-02,2.541977567328810791e-02,1.095371498390512906e-02,6.160324658879089317e-03,1.197042816066064969e-02,7.439113897085892352e-03,1.016086112436567247e-02,4.299200134401076623e-03,3.092811930731695705e-03,9.090196795781289862e-03,6.017760025739176885e-03,9.132674735289400894e-03,5.183852468958383489e-03,9.621564080153523560e-03,2.896179773043386276e-03,1.691195746487704921e-03,6.321625025336601728e-03,1.140795846870393607e-02,1.272667931771437506e-02,7.457817194922416147e-03,1.692726605643791668e-02,1.988657216946984260e-02,2.421107200769174669e-02,5.713135194899293147e-03,3.105645967617726849e-02,1.829209355263064843e-02,2.506898032493796308e-02,1.600892268929666670e-02,3.459041882688321246e-02,9.836179446684861424e-03,1.212416309555045327e-02,1.032729042641781884e-02,6.821262794365760482e-03,1.460605951646965460e-02,1.601187507179435698e-02,2.103828213445402620e-02,1.218454821615577895e-02,4.090816954973369723e-02,3.811794696231982083e-02,9.565634805795473691e-03,2.769814402008123275e-02,8.348478444985427127e-02,3.621789033257474116e-02,4.690868054302521628e-02,2.579962568205147744e-02,7.571795352544681904e-03,2.484250425646902447e-02
1.455157381062752511e-02,3.284360520194923999e-02,2.804128122967211936e-02,1.256418628506255665e-02,4.828134892852317672e-02,5.788969673620569106e-02,7.246374810671653288e-02,9.587331549233151298e-03,7.157740549555910436e-02,4.677821421029108168e-02,5.743280677095747438e-02,3.570985893899229768e-02,1.020117814040743393e-01,2.502912986403943787e-02,2.747955136509311336e-02,2.886470447887392460e-02,1.554514602259550633e-02,0.000000000000000000e+00,4.403572110019535885e-02,6.774507688286859897e-02,2.357486679400487908e-02,1.225542333942869766e-01,8.999223601249060900e-02,3.038360761019922446e-02,7.657916328796685046e-02,1.860699007519547865e-01,1.026811334684287758e-01,1.387368588841266237e-01,1.067308125954150450e-01,2.783682579885366631e-02,6.875879941692589203e-02,2.783892781454955570e-02,1.591321396023637202e-02,3.205050752681423004e-02,2.021318375434328143e-02,2.762213180559265277e-02,1.157245776705499545e-02,7.704610739067403388e-03,2.286165077315635910e-02,1.541133883602067121e-02,2.416115600915406253e-02,1.384474113941231571e-02,2.611507802236160553e-02,7.774485171380590524e-03,4.206116170375586230e-03,1.675439789087557196e-02,3.108822378874754461e-02,3.589285367993704651e-02,2.018748986955372707e-02,4.570270604888915233e-02,5.397357084799078025e-02,6.585588747058526704e-02,1.539440066752211997e-02,8.426336962926728180e-02,4.873087519599862000e-02,6.744536540194019658e-02,4.242894284629641910e-02,9.253101693273017847e-02,2.760714074663990839e-02,3.246776925952808007e-02,2.883993408014106502e-02,1.819921508178719283e-02,3.841452763101670803e-02,4.336408791481208974e-02,5.827772678837511017e-02,3.192900549095475243e-02,1.111901344757693227e-01,1.026913426867197693e-01,2.573670860370343497e-02,7.408200891629647400e-02,2.246153106229090146e-01,9.834266698564136933e-02,1.267251270496572713e-01,7.060322693769269242e-02,2.094689431372195529e-02,6.766804787527525011e-02
1.546353566419109149e-02,3.473220513952209043e-02,2.939017956570100926e-02,1.348768060893915793e-02,5.150513099344148499e-02,6.044645119950105977e-02,7.740173023675547825e-02,1.008181045050650197e-02,7.445332939255960847e-02,4.874377173466927504e-02,6.095650108111145410e-02,3.796212423320054902e-02,1.074333578325084443e-01,2.680252063837582424e-02,2.948783051503585037e-02,2.965718655601799758e-02,1.644637877836560569e-02,4.403572110019535885e-02,0.000000000000000000e+00,7.016097158542107526e-02,2.529370971297610279e-02,1.264866206521467196e-01,9.520267197101106582e-02,3.191180398918074673e-02,7.980386897156113712e-02,1.946452961113233626e-01,1.073976231174785662e-01,1.442801823504557823e-01,1.106085159903681392e-01,2.820036917418074912e-02,7.293661737672568757e-02,2.978640849886188963e-02,1.710705353001313114e-02,3.445891266490673510e-02,2.171138496801581011e-02,2.948437320807288306e-02,1.233206047565882368e-02,8.161129031889716168e-03,2.425786037108923140e-02,1.695960483554014020e-02,2.624840105520196559e-02,1.527999953507347929e-02,2.769271427233278154e-02,8.422110834864663526e-03,4.440709422909428980e-03,1.729904191118952772e-02,3.213483141344518346e-02,3.809517799949628525e-02,2.185442699504090702e-02,4.825539268513333313e-02,5.722135779439601472e-02,6.972620877758349545e-02,1.629902146244869426e-02,8.860608601975350496e-02,5.084676847229338548e-02,7.159615685699671772e-02,4.539097190225780537e-02,9.839393432253047689e-02,2.930485448369617857e-02,3.478758408790934287e-02,2.997418331190622801e-02,1.925089567576300509e-02,4.043362186393027746e-02,4.604907684949588464e-02,6.052531697447650905e-02,3.409797303255193007e-02,1.145666013179843790e-01,1.078206880276311869e-01,2.721838747931179872e-02,7.713927030398851081e-02,2.345760764439830948e-01,1.036405710616209314e-01,1.331678894040107808e-01,7.414255874616029751e-02,2.173889905176000850e-02,7.040793371085261876e-02
2.248994845532391665e-02,5.098042174652114150e-02,4.440039878445734695e-02,1.948391892437928777e-02,7.530191849560462225e-02,8.935285040689176783e-02,1.138619745173192616e-01,1.463690558025025970e-02,1.118196829481836185e-01,7.395332022529589600e-02,9.000870249539823231e-02,5.619410680071516145e-02,1.597795987640964199e-01,3.874081411630471428e-02,4.421757272297989483e-02,4.600774308574917537e-02,2.470253453266255117e-02,6.774507688286859897e-02,7.016097158542107526e-02,0.000000000000000000e+00,3.661327675775288837e-02,1.914537996058217895e-01,1.418872697207584632e-01,4.743767888227953811e-02,1.192851865746213380e-01,2.944965617415611359e-01,1.601790629526294030e-01,2.175069716687612620e-01,1.666594583231840454e-01,4.262043672169243264e-02,1.080692650440629315e-01,4.422619383615492006e-02,2.506112809498799512e-02,5.073293207268544242e-02,3.216831930892512237e-02,4.268634401783382576e-02,1.815421973104068901e-02,1.195890808331928103e-02,3.544993090191382590e-02,2.432151201559848777e-02,3.794033663685936197e-02,2.135487133974173571e-02,4.049275374267518463e-02,1.200783728100653092e-02,6.587854380031573677e-03,2.604688897566555597e-02,4.831242012328196972e-02,5.585539895292880586e-02,3.174032586131787792e-02,7.132536370742555143e-02,8.386873965411412168e-02,1.020063499519475447e-01,2.409302721498719768e-02,1.330376214309976768e-01,7.584122418686184419e-02,1.058458650714001748e-01,6.642513507610665890e-02,1.441085004247424917e-01,4.198515041155904959e-02,5.171925755289719789e-02,4.477098560333651195e-02,2.865981604061372187e-02,6.153456147676126392e-02,6.881748087496701582e-02,9.090653473349895319e-02,5.015300351925608413e-02,1.748668268906322376e-01,1.616054657108865200e-01,3.997923607490925374e-02,1.158284008166359791e-01,3.539249948639675014e-01,1.544160932662880792e-01,1.976934918352468706e-01,1.092085961842160502e-01,3.246492165605382313e-02,1.057715781132511496e-01
8.564762190106753326e-03,1.788403310941875241e-02,1.548749876040736786e-02,6.642286736759961049e-03,2.655269215488294948e-02,3.184068275554763350e-02,4.025593866662207504e-02,5.421370203951962098e-03,3.907113567372084290e-02,2.676572512032228748e-02,3.240448594905376289e-02,2.098013784035189858e-02,5.619384131537190352e-02,1.404068868912033280e-02,1.717706010515479900e-02,1.605130698120612112e-02,9.002663913429874432e-03,2.357486679400487908e-02,2.529370971297610279e-02,3.661327675775288837e-02,0.000000000000000000e+00,6.834815951957472213e-02,5.313965621938848000e-02,1.801050790970401549e-02,4.300357429688341643e-02,1.084836846448552911e-01,5.715949461880422827e-02,7.716007990844368780e-02,5.894714320420185727e-02,1.500674143068568903e-02,3.929617684550108098e-02,1.671748727941962595e-02,9.563036607326148159e-03,1.838415047355926313e-02,1.146036102381060330e-02,1.540839718915324591e-02,6.433605702743577966e-03,4.758015101121470559e-03,1.408053963350552884e-02,9.371078558243017484e-03,1.408873607515533956e-02,7.863973570302199359e-03,1.471132334655891535e-02,4.327408144784772315e-03,2.703313792409090758e-03,9.692989573337279507e-03,1.692620587845942992e-02,1.918102136336409178e-02,1.141855568141230196e-02,2.566110644623346634e-02,3.046181887467064309e-02,3.578330988096132398e-02,8.576644103263926511e-03,4.713338053293993080e-02,2.747645868413849807e-02,3.848435734810449343e-02,2.420325550875387227e-02,5.169052039041666102e-02,1.505064377290539490e-02,1.953618135277685255e-02,1.604641082306334718e-02,1.027136508903708084e-02,2.277853733565393668e-02,2.398884763268383652e-02,3.184243465185020855e-02,1.845285504382880234e-02,6.237320952440048027e-02,5.895650858178454884e-02,1.468488877001835474e-02,4.190778134402391164e-02,1.280872693045988497e-01,5.517748429567039675e-02,7.161397501491771622e-02,3.909638845462555523e-02,1.148628566774455295e-02,3.793289995767048367e-02
