0.000000000000000000e+00,1.977220531304474740e-02,1.685781725977156947e-02,8.905756251423081055e-03,2.771336786063789345e-02,3.914265039938236157e-02,4.628137240584578871e-02,1.075230501542203190e-02,5.344166980156256352e-02,2.908814338438195368e-02,3.750934997811446181e-02,2.501990048507454767e-02,6.330154507794719110e-02,1.691806896918068154e-02,1.984062894248866254e-02,1.386178093619141842e-02,1.073418928253568223e-02,2.220834918825324855e-02,2.316392063486761091e-02,4.615271128265419076e-02,2.292249175315193635e-02,7.759796071674585072e-02,6.358092022425040901e-02,2.441079526341373082e-02,5.466815475298720389e-02,1.034655038678714001e-01,6.044601104395005975e-02,8.655979739212105173e-02,5.547409345607272335e-02,1.163921146623071549e-02,3.999422988409968155e-02,1.809539829992046905e-02,1.353182293848740995e-02,1.820926317122865609e-02,9.649337035885522870e-03,1.830185073099853399e-02,6.834331104979804276e-03,7.290953195107824185e-03,2.218660441859143101e-02,1.192464828052073982e-02,1.804246994455515479e-02,1.245757240627631650e-02,1.603555087854785857e-02,6.178678595376260393e-03,4.708308393780951881e-03,1.566379321207718445e-02,2.016176865801924678e-02,2.274813762213029680e-02,9.861317879390575636e-03,2.624862072592163212e-02,4.569292005784082039e-02,4.916385738223240376e-02,1.244901638181776515e-02,6.385494979488270939e-02,2.823382508153091455e-02,4.472387048864032155e-02,3.432561708181652155e-02,5.917491132476845189e-02,1.920505746193305885e-02,1.665805046957979929e-02,1.845730903012147289e-02,9.437578167683979835e-03,1.823503828611767325e-02,2.558976460782329959e-02,3.574500399323388145e-02,3.049122194396342717e-02,7.137355676017165251e-02,7.427109241896212577e-02,2.197872379129432729e-02,4.947372695991970187e-02,1.300052612708679223e-01,6.674064771614711400e-02,8.612624312781388958e-02,6.282641057509397164e-02,1.341071191970616590e-02,4.001802781355230654e-02
1.977220531304474740e-02,0.000000000000000000e+00,2.414822134481462226e-02,1.268300073810249388e-02,3.926284658796971860e-02,5.688636936536900501e-02,6.605748962781822498e-02,1.577243799211777014e-02,7.774464222171958983e-02,4.128319303941952595e-02,5.395770323085398446e-02,3.534231728089702596e-02,9.056460304801856875e-02,2.442854793745284636e-02,2.859540692311968169e-02,2.023963503431045613e-02,1.509077238020025725e-02,3.224496742585691161e-02,3.337762101232537304e-02,6.745219070776863057e-02,3.241144416903057879e-02,1.140956902313107618e-01,9.267508412189627565e-02,3.438203893306576026e-02,7.883938831445576334e-02,1.497894526213968125e-01,8.747035203540215464e-02,1.231376831303341440e-01,8.068739010802045142e-02,1.640647458613909634e-02,5.815986982990618837e-02,2.632537524913372909e-02,1.959453105685089042e-02,2.655059864247106410e-02,1.367889167182407759e-02,2.523930266846055592e-02,9.790180872700384937e-03,1.076826660522650289e-02,3.270096238396313915e-02,1.733841859518895842e-02,2.639832066418793671e-02,1.779952361535774852e-02,2.237668010823695361e-02,8.633841798085958169e-03,7.082874980029739073e-03,2.222735995357952993e-02,2.914493075758574012e-02,3.192967358007348100e-02,1.384852524638653312e-02,3.722912056006027343e-02,6.672481015835460272e-02,7.068800775405373327e-02,1.766877058415403795e-02,9.467073029449721289e-02,3.997178744991374683e-02,6.451115293817030749e-02,4.851278916751186610e-02,8.520678835225213577e-02,2.697139372323803519e-02,2.329604978822097036e-02,2.644190742464046229e-02,1.351354215298101666e-02,2.676058469248805693e-02,3.684274714320589367e-02,5.167172674653834619e-02,4.352205151659065130e-02,1.046985110417388010e-01,1.075535953059570810e-01,3.126756662119482832e-02,7.115590502792318306e-02,1.860879420402530848e-01,9.828082207501238898e-02,1.250521139140043092e-01,9.282857965657001498e-02,1.946656346831505263e-02,5.796434984491422721e-02
1.685781725977156947e-02,2.414822134481462226e-02,0.000000000000000000e+00,1.102560536681209021e-02,3.394403539158466487e-02,4.838472936023639065e-02,5.710604323518486680e-02,1.305899662003349136e-02,6.584153873161874282e-02,3.559541365432920823e-02,4.642758931719140336e-02,3.095997257779064746e-02,7.787495567982002931e-02,2.105481034425360151e-02,2.438197290819781732e-02,1.756503853276820959e-02,1.275737755107556222e-02,2.725882525825506358e-02,2.885671992404640479e-02,5.834939100217564206e-02,2.725782484985762519e-02,9.649050750951278232e-02,7.968467067074141985e-02,2.954084714697169725e-02,6.768409761878896314e-02,1.278081560642859993e-01,7.603137385348196498e-02,1.055072508848221013e-01,6.866583638149931224e-02,1.395784713526222916e-02,5.024814067155394803e-02,2.161699358059648857e-02,1.675515673943194644e-02,2.347445670383419697e-02,1.210841886470675859e-02,2.223683357755938325e-02,8.342921392233882197e-03,9.086952139684308094e-03,2.714435505298650256e-02,1.500783164549660507e-02,2.332451946271162785e-02,1.542789136540426848e-02,1.953349875297144544e-02,7.534260413069001835e-03,5.875244305275197435e-03,1.839747465225085449e-02,2.509220658123328257e-02,2.844926827815601189e-02,1.191255564973616766e-02,3.215336963155027150e-02,5.663246827542078171e-02,6.146245039916632680e-02,1.424401043222980716e-02,8.036967221108648474e-02,3.418497440177853397e-02,5.490448981848345539e-02,4.137826692774100590e-02,7.309125810182529048e-02,2.384291234512346883e-02,2.001535460634783908e-02,2.227168036184112507e-02,1.127398276093460883e-02,2.230987632633779291e-02,3.248613985707719115e-02,4.503816524938262372e-02,3.614543739549273133e-02,8.846758060862267015e-02,9.197600687163828836e-02,2.661279921813333380e-02,6.090374814238048301e-02,1.573496652626360515e-01,8.399210590404949939e-02,1.052884338009835857e-01,7.733318210707830487e-02,1.716355915462548440e-02,5.029463343752711701e-02
8.905756251423081055e-03,1.268300073810249388e-02,1.102560536681209021e-02,0.000000000000000000e+00,1.764228275722049682e-02,2.569150520441079721e-02,3.034058919068905943e-02,6.975794882372413422e-03,3.496865958753436060e-02,1.892237611231985944e-02,2.428235848240493586e-02,1.659651418491799382e-02,4.166293294371792300e-02,1.102943205227078886e-02,1.278138796562001793e-02,9.170727025320995346e-03,6.886827946660937887e-03,1.439496222516682168e-02,1.510687879170352112e-02,3.054114741262511923e-02,1.465634980060283657e-02,5.057603096329380682e-02,4.184208551936616227e-02,1.588563438530703198e-02,3.544812152650871073e-02,6.676611028250967195e-02,3.931531002876153397e-02,5.530939337617215429e-02,3.596765660312215701e-02,7.314581906908811625e-03,2.628485926873937173e-02,1.166454006330076669e-02,8.954464670958429962e-03,1.220210945912607835e-02,6.141829700247772653e-03,1.151120918661381089e-02,4.295973124136910626e-03,4.908724836694603952e-03,1.499214175438843590e-02,7.926030968656568726e-03,1.214934978307242487e-02,8.122343882606596066e-03,1.045712177075802662e-02,4.135181358390921033e-03,3.078081571328234595e-03,9.887889345579603528e-03,1.312573156285920181e-02,1.461718419851124051e-02,6.392560458943336715e-03,1.679677017532638789e-02,2.968369530204726867e-02,3.269727552862139452e-02,7.813977128328639110e-03,4.196806180855752744e-02,1.823314127685305916e-02,2.867082387216000200e-02,2.257560383379810659e-02,3.874107771893273849e-02,1.242831015453725596e-02,1.033331754949252425e-02,1.188043178673871964e-02,6.129398803469786675e-03,1.179655514350803035e-02,1.688224506981887002e-02,2.359602584435718797e-02,1.987132922903152299e-02,4.629326600269412922e-02,4.888955624366152913e-02,1.441835039970332417e-02,3.206163598265804326e-02,8.350354478874609521e-02,4.366867121925189360e-02,5.538316800399165768e-02,4.079083886760027228e-02,8.504505017886025003e-03,2.590688135292481403e-02
2.771336786063789345e-02,3.926284658796971860e-02,3.394403539158466487e-02,1.764228275722049682e-02,0.000000000000000000e+00,8.012676721699331372e-02,9.347458537173906901e-02,2.199957777511338253e-02,1.086295399044454879e-01,5.947951494684880491e-02,7.624379145036000449e-02,5.121906268890481784e-02,1.280237193738068269e-01,3.436168349792399768e-02,3.996794351047085886e-02,2.850155164804991925e-02,2.171990933200134213e-02,4.497745653442276198e-02,4.711245346709857368e-02,9.463643010007294354e-02,4.535044295116539420e-02,1.589807052278826016e-01,1.305581478398338269e-01,4.902653991313353499e-02,1.110139541098763977e-01,2.094038538388653947e-01,1.224964720492656978e-01,1.738421653372148323e-01,1.140023966611175277e-01,2.321345983720314241e-02,8.231175528365816674e-02,3.817666205520620776e-02,2.819001391273020379e-02,3.761852969593380835e-02,1.920816455329427824e-02,3.627360845226573066e-02,1.382070364139663041e-02,1.578853338005268420e-02,4.796548134218131532e-02,2.505428344178451186e-02,3.752897785535930925e-02,2.497729809599046058e-02,3.251638119181212566e-02,1.252131990599849448e-02,1.016972857298443361e-02,3.106641069880956146e-02,4.069896914837971974e-02,4.430854126147571598e-02,1.944498345477312096e-02,5.263519725784357450e-02,9.345551886969240274e-02,1.007645144317846492e-01,2.410317617166166104e-02,1.318719359350463693e-01,5.811486357907615086e-02,9.040072015208064360e-02,6.974081350479105490e-02,1.200969995844297089e-01,3.831225906678237952e-02,3.183271041014180264e-02,3.775798311484145769e-02,1.902585002996262653e-02,3.821236675042015418e-02,5.182647649905754855e-02,7.236675462545547055e-02,6.061201511230708550e-02,1.463436357801688459e-01,1.506924775469107025e-01,4.415995613091970584e-02,1.015501895116386610e-01,2.620156336419825482e-01,1.359391301688601394e-01,1.745724525920616110e-01,1.277873203724379514e-01,2.725466932376966259e-02,8.117663498024303703e-02
3.914265039938236157e-02,5.688636936536900501e-02,4.838472936023639065e-02,2.569150520441079721e-02,8.012676721699331372e-02,0.000000000000000000e+00,1.348839926401241840e-01,3.135386323995672381e-02,1.558624047589382278e-01,8.392755291867469436e-02,1.078974289624596156e-01,7.227803890766892891e-02,1.841704143669854743e-01,4.914269338997220155e-02,5.608851868194492107e-02,4.104342372841653791e-02,3.048414881728362530e-02,6.408884901415495827e-02,6.676948618869005259e-02,1.338646739097980043e-01,6.454861143694186343e-02,2.260935042330460276e-01,1.864681098439750218e-01,7.004436872470609643e-02,1.584163102841210091e-01,3.023547467261538668e-01,1.759358245800092257e-01,2.487290837685955658e-01,1.626887201537761118e-01,3.333641238540199087e-02,1.174978978958319820e-01,5.401473767914299895e-02,3.996953621977533677e-02,5.393290170298672970e-02,2.790150901861972871e-02,5.149828576812506831e-02,2.010046234417290842e-02,2.178230480009943348e-02,6.671119609246585480e-02,3.572460718035791460e-02,5.313046615945905826e-02,3.562648072905789942e-02,4.580758814666824330e-02,1.778344978223659473e-02,1.427487485465189082e-02,4.380065717501215039e-02,5.830589661822326020e-02,6.402955321303931135e-02,2.800389841330258242e-02,7.585109869724479537e-02,1.328195786814531376e-01,1.439143386685666492e-01,3.482966083759669873e-02,1.880771625445094575e-01,8.170470360320603032e-02,1.282184267319530224e-01,9.770108756185888477e-02,1.721669570643825364e-01,5.506290817514759850e-02,4.649703320601955570e-02,5.284847911517194519e-02,2.742394964333224813e-02,5.409547508881024092e-02,7.354446727312635712e-02,1.035575190836901804e-01,8.660692285745730246e-02,2.068070810317954311e-01,2.156610384985793716e-01,6.228301506518607589e-02,1.433996512839344761e-01,3.735883818991619920e-01,1.941392053704967813e-01,2.480491423656655814e-01,1.824285204606184707e-01,3.880305461432118769e-02,1.170522897102683618e-01
4.628137240584578871e-02,6.605748962781822498e-02,5.710604323518486680e-02,3.034058919068905943e-02,9.347458537173906901e-02,1.348839926401241840e-01,0.000000000000000000e+00,3.653838155708191704e-02,1.823318027841329125e-01,9.992558731178707854e-02,1.272227613314851069e-01,8.647814179667220880e-02,2.165196332509749244e-01,5.763136535898295831e-02,6.543195782466174060e-02,4.844600462571298227e-02,3.629918354375107070e-02,7.541303934280924048e-02,7.853154084364050158e-02,1.585125711450454666e-01,7.602670885565233905e-02,2.639817314281527327e-01,2.173041081663680818e-01,8.265832083960419907e-02,1.857725959725910481e-01,3.502294751195634270e-01,2.060315138301163085e-01,2.919828698104501297e-01,1.901684265213728631e-01,3.905661889515641555e-02,1.375479795926633497e-01,6.286758934663011500e-02,4.697258323004463443e-02,6.356187114133217408e-02,3.273286760255437328e-02,6.130337676843604366e-02,2.330354950946805087e-02,2.603775327901968611e-02,7.871293000261364581e-02,4.156961550499355118e-02,6.296241809959018942e-02,4.236205751005876763e-02,5.443537295330300868e-02,2.127506266236756094e-02,1.663374480180733472e-02,5.157562373442817205e-02,6.856448860106886811e-02,7.516653158061324669e-02,3.301396897896268640e-02,8.892321380172978074e-02,1.551554890478439586e-01,1.707134747608760883e-01,4.066891785854290231e-02,2.178541938248983179e-01,9.781239654206290435e-02,1.505798327356172583e-01,1.173364590416026143e-01,2.020224937553405375e-01,6.515155430106356338e-02,5.373690508076406358e-02,6.261874888333041067e-02,3.231653226853822836e-02,6.294080581935437846e-02,8.662998879835698274e-02,1.214080597603692385e-01,1.017611945702142778e-01,2.428570285285280017e-01,2.514380011468754228e-01,7.392069921440988511e-02,1.687504873385308468e-01,4.367980696286377640e-01,2.267941609138905967e-01,2.902405200812729902e-01,2.123350197539243256e-01,4.495917752030923614e-02,1.358842790923499577e-01
1.075230501542203190e-02,1.577243799211777014e-02,1.305899662003349136e-02,6.975794882372413422e-03,2.199957777511338253e-02,3.135386323995672381e-02,3.653838155708191704e-02,0.000000000000000000e+00,4.223418284165249975e-02,2.272099543472481595e-02,2.958339623828558362e-02,1.944383936625409051e-02,5.002064856524339465e-02,1.354900893346179178e-02,1.527653100518306696e-02,1.103623365680548793e-02,8.368576417536226913e-03,1.748910694730208826e-02,1.830563244044002350e-02,3.642922130752376808e-02,1.746995556355666196e-02,6.117616704049087112e-02,4.977149266600973398e-02,1.898322796405132323e-02,4.264870002530411763e-02,8.201263303188453813e-02,4.801895773573199022e-02,6.735262977298711595e-02,4.442661305046953502e-02,9.393234477861250875e-03,3.188522820655526752e-02,1.426376839317282028e-02,1.082261183687517440e-02,1.464623623541319759e-02,7.710025950096926171e-03,1.416481806601615351e-02,5.426552903909372116e-03,5.794552642782783286e-03,1.742218703605669453e-02,9.488268190419861525e-03,1.427603076878769008e-02,9.895948016516806917e-03,1.247335120527323302e-02,4.817881019094362796e-03,3.786648746373271878e-03,1.205417879418823821e-02,1.595991830563570774e-02,1.775432926111762677e-02,7.855230887319385874e-03,2.076646048265471875e-02,3.576260327588343113e-02,3.860077916393939157e-02,9.602119197651630411e-03,5.003303751872802130e-02,2.241424925623414222e-02,3.553971293098483197e-02,2.667147767759359134e-02,4.694409062560127993e-02,1.524721896540471092e-02,1.302215828316240394e-02,1.423712801670959371e-02,7.629631887044675126e-03,1.489165625330316801e-02,2.013766828852714408e-02,2.830461231122446616e-02,2.341235509484287242e-02,5.592903962363589970e-02,5.784800328102301242e-02,1.692376073554759802e-02,3.866453734332674780e-02,1.022073454816270072e-01,5.258537434396544363e-02,6.786019994413844403e-02,4.941000655208388492e-02,1.046723960587899425e-02,3.190901135359348884e-02
5.344166980156256352e-02,7.774464222171958983e-02,6.584153873161874282e-02,3.496865958753436060e-02,1.086295399044454879e-01,1.558624047589382278e-01,1.823318027841329125e-01,4.223418284165249975e-02,0.000000000000000000e+00,1.152698257387809871e-01,1.477920488972292723e-01,9.877389944087823503e-02,2.499538948530702354e-01,6.674080601424635384e-02,7.675242131255169409e-02,5.626778614178518795e-02,4.215831053351151020e-02,8.746065536772339166e-02,9.141413326257788463e-02,1.856779816779241254e-01,8.728121277343289797e-02,3.098751982396586446e-01,2.530066551163230315e-01,9.497203001127681177e-02,2.152949247098122909e-01,4.092200666383991603e-01,2.406632903996051009e-01,3.368767082682745939e-01,2.211841094218763293e-01,4.561990400942180640e-02,1.583696304307336822e-01,7.183740802377742984e-02,5.382982876619607504e-02,7.365127714336103248e-02,3.765959461647597206e-02,7.067471254745974485e-02,2.712880744185194870e-02,2.984363253201686300e-02,8.975929241888584709e-02,4.858415057469851750e-02,7.223234698490832439e-02,4.873695652468360007e-02,6.293781507222781513e-02,2.438194920248239195e-02,1.926866177943308001e-02,5.884473739831815736e-02,7.986812365560827520e-02,8.764255242217483532e-02,3.807438671151606308e-02,1.028857753735424041e-01,1.804007417818964676e-01,1.966433707234660488e-01,4.636030328216612928e-02,2.564903623517601483e-01,1.117769015072581779e-01,1.741462637728607155e-01,1.331014028264046467e-01,2.337149919546055998e-01,7.525370941258760493e-02,6.324036042552011461e-02,7.237050443832447610e-02,3.732277863938799484e-02,7.335875415020719215e-02,1.011807805585252379e-01,1.417758306738635121e-01,1.159744130106586252e-01,2.811297101733696291e-01,2.917644917255517445e-01,8.457200317210278318e-02,1.961157265337577227e-01,5.074809448898817132e-01,2.651762954589439447e-01,3.373227010872503207e-01,2.482599653989254196e-01,5.294308524963860230e-02,1.567728981262506149e-01
2.908814338438195368e-02,4.128319303941952595e-02,3.559541365432920823e-02,1.892237611231985944e-02,5.947951494684880491e-02,8.392755291867469436e-02,9.992558731178707854e-02,2.272099543472481595e-02,1.152698257387809871e-01,0.000000000000000000e+00,8.041167898350760901e-02,5.385734471152175962e-02,1.373857353463394382e-01,3.659057991657235082e-02,4.113724911902515852e-02,3.036929156464273846e-02,2.259378295224192396e-02,4.721685311053198941e-02,4.897767794976503469e-02,9.958504032787567073e-02,4.759579781460993031e-02,1.657052025449754773e-01,1.364254112163216237e-01,5.154811750839905643e-02,1.165110292780376922e-01,2.202547855940493737e-01,1.284053192272312516e-01,1.833794502423976291e-01,1.188279089388698945e-01,2.442438092831547558e-02,8.664932155664323288e-02,3.921042072885951718e-02,2.939658035886552612e-02,4.015843492808114645e-02,2.043035360178090815e-02,3.886294440611196693e-02,1.476177315997041599e-02,1.621907511263480373e-02,4.908693606321919839e-02,2.654410684422861544e-02,3.944774875668473346e-02,2.640047950752616446e-02,3.453431365648065854e-02,1.335190909889279361e-02,1.033289851544854851e-02,3.179036486512325232e-02,4.253473234900577438e-02,4.702569273798472282e-02,2.075779366817943200e-02,5.644651480855678721e-02,9.624069406171789631e-02,1.078951386850447863e-01,2.485815227655547091e-02,1.367690869711837842e-01,6.130847087347882779e-02,9.509148402014384882e-02,7.275662017015910310e-02,1.272470607723630853e-01,4.136149643812696286e-02,3.307293970373957614e-02,3.939074448135902046e-02,2.001571728718631871e-02,4.024118239861320528e-02,5.447190832763502966e-02,7.556395758957951125e-02,6.308970819806813957e-02,1.514250213423088687e-01,1.571130854765780405e-01,4.571842079833507433e-02,1.063531054164857242e-01,2.732393165038020100e-01,1.418172742691104216e-01,1.820079113604071430e-01,1.326532771437554659e-01,2.863813906716716068e-02,8.573537519094526216e-02
3.750934997811446181e-02,5.395770323085398446e-02,4.642758931719140336e-02,2.428235848240493586e-02,7.624379145036000449e-02,1.078974289624596156e-01,1.272227613314851069e-01,2.958339623828558362e-02,1.477920488972292723e-01,8.041167898350760901e-02,0.000000000000000000e+00,6.876983104954016712e-02,1.735397157062196216e-01,4.714793753708827057e-02,5.336466534311781057e-02,3.893756991182985294e-02,2.915288829748396982e-02,6.111331117698224485e-02,6.388238816258397235e-02,1.290179318143278020e-01,6.102535515616439726e-02,2.145814856042774221e-01,1.755915613344212201e-01,6.558735611469401761e-02,1.496716210988288664e-01,2.828973191815221111e-01,1.673673128600315918e-01,2.357478085710258409e-01,1.537575587298475599e-01,3.204205537767561285e-02,1.109209135381098582e-01,5.001440687296987431e-02,3.761824676216121016e-02,5.107754036488930394e-02,2.628172291450266498e-02,4.959665999349598120e-02,1.868099778543858003e-02,2.064525476312020769e-02,6.162722806771817746e-02,3.365182191307451720e-02,5.079303748900152599e-02,3.394758145518013415e-02,4.388208869350634922e-02,1.693855583986118157e-02,1.334322876710318170e-02,4.141079463286116008e-02,5.544545724745827964e-02,6.157680525322100501e-02,2.666927020834959638e-02,7.192845971476577449e-02,1.259496478635080408e-01,1.365892488920644743e-01,3.237145479760143718e-02,1.773692638215370598e-01,7.813353124188593402e-02,1.226515810325304184e-01,9.272706064977832841e-02,1.635033724158812818e-01,5.296143647352218042e-02,4.331797354617507312e-02,5.057029137011739145e-02,2.579923258507536843e-02,5.154087600743182535e-02,7.088509245115873214e-02,9.935562897797567405e-02,8.057060301226945387e-02,1.968357647443610137e-01,2.032599416333822906e-01,5.895413426617691216e-02,1.366163982698499479e-01,3.517700937814830509e-01,1.857110144729533507e-01,2.372774511133586839e-01,1.720971148515641203e-01,3.755830518528563422e-02,1.112161281864672002e-01
2.501990048507454767e-02,3.534231728089702596e-02,3.095997257779064746e-02,1.659651418491799382e-02,5.121906268890481784e-02,7.227803890766892891e-02,8.647814179667220880e-02,1.944383936625409051e-02,9.877389944087823503e-02,5.385734471152175962e-02,6.876983104954016712e-02,0.000000000000000000e+00,1.181388778483462854e-01,3.089632815028584348e-02,3.600454013786724694e-02,2.639247780415251640e-02,1.957530415742954680e-02,4.044199702747023478e-02,4.232957877954710707e-02,8.599603473489758620e-02,4.133063871786658849e-02,1.412919829584325382e-01,1.176579756382566538e-01,4.489064604338811881e-02,9.912580272612209198e-02,1.914571567561486609e-01,1.115438949691573700e-01,1.569068817938364113e-01,1.026178501191580827e-01,2.085757937274462098e-02,7.511519513664409453e-02,3.371877229145970462e-02,2.519369283847866861e-02,3.509455018805120868e-02,1.770377442387772310e-02,3.331889836852703485e-02,1.269878009007173285e-02,1.399420549568708774e-02,4.253171985856170345e-02,2.317198314317059013e-02,3.461087188441559770e-02,2.314270827507288603e-02,2.973946311946107021e-02,1.179790673687017809e-02,8.748037197606667315e-03,2.749157582282875031e-02,3.666498836459933242e-02,4.096076137643772652e-02,1.805068600193460854e-02,4.839446815240645849e-02,8.249001321193119574e-02,9.344806510349092099e-02,2.148487423178773933e-02,1.169804357166973896e-01,5.311838093336334471e-02,8.076842396175511196e-02,6.364116027861740910e-02,1.104652973230058483e-01,3.565146262640861430e-02,2.944846559048948376e-02,3.309451458385942457e-02,1.728971093778984558e-02,3.401239490184572445e-02,4.681022093428059694e-02,6.475772294006108820e-02,5.502818335497975527e-02,1.288731277899150540e-01,1.365120198209529567e-01,3.985641989264167295e-02,9.096602558103550340e-02,2.375633999675249575e-01,1.211823491828773608e-01,1.550171501133198182e-01,1.128178881600046674e-01,2.402529300947740809e-02,7.375543903598079376e-02
6.330154507794719110e-02,9.056460304801856875e-02,7.787495567982002931e-02,4.166293294371792300e-02,1.280237193738068269e-01,1.841704143669854743e-01,2.165196332509749244e-01,5.002064856524339465e-02,2.499538948530702354e-01,1.373857353463394382e-01,1.735397157062196216e-01,1.181388778483462854e-01,0.000000000000000000e+00,7.886381413836172916e-02,9.031417939608912815e-02,6.640351384069914653e-02,4.971068266331397228e-02,1.029980046575266067e-01,1.070536280502088489e-01,2.170341975312304605e-01,1.046420482414992664e-01,3.628325634431633362e-01,2.984150070634750129e-01,1.130604734129465883e-01,2.552862386592517074e-01,4.808172424298330361e-01,2.817220052168629696e-01,3.989375066505990164e-01,2.603841329315833564e-01,5.319385252757814764e-02,1.875113053475765679e-01,8.715757825380759938e-02,6.418796197553616745e-02,8.677373549488316684e-02,4.452675546531958961e-02,8.396672218219385087e-02,3.214907604430725790e-02,3.557595953018864027e-02,1.088335638383504528e-01,5.746700012128062168e-02,8.595118509455007549e-02,5.804560815768393389e-02,7.481424036995559801e-02,2.934840748590330020e-02,2.289334123834166693e-02,6.995726920950429140e-02,9.400147474517811519e-02,1.027470808789835433e-01,4.494720414228948330e-02,1.215547627043514212e-01,2.121827995782494258e-01,2.325281507022701200e-01,5.515570155166506922e-02,3.007810043029410796e-01,1.331554057828593374e-01,2.056849127665594246e-01,1.595668723535820233e-01,2.761924895091198429e-01,8.863415189975908104e-02,7.384848029964331817e-02,8.562836096868360614e-02,4.405435041676260266e-02,8.665149028219519545e-02,1.189037872454803968e-01,1.656437715965117241e-01,1.390517508609512287e-01,3.337516048497581322e-01,3.460313901430328021e-01,1.012430315408804071e-01,2.322348498137566108e-01,5.998844575758711661e-01,3.106897508320038970e-01,3.972887702000955645e-01,2.903199998030801532e-01,6.174785628420747380e-02,1.861527357446642605e-01
1.691806896918068154e-02,2.442854793745284636e-02,2.105481034425360151e-02,1.102943205227078886e-02,3.436168349792399768e-02,4.914269338997220155e-02,5.763136535898295831e-02,1.354900893346179178e-02,6.674080601424635384e-02,3.659057991657235082e-02,4.714793753708827057e-02,3.089632815028584348e-02,7.886381413836172916e-02,0.000000000000000000e+00,2.431693085081911010e-02,1.740350685972916547e-02,1.325387445650006747e-02,2.757069579816674026e-02,2.913130110984652257e-02,5.752871215071227867e-02,2.750408554259775942e-02,9.738385808256516674e-02,7.971515588065761215e-02,2.977336310420575227e-02,6.812793200117892023e-02,1.268728519732363891e-01,7.506968325436649825e-02,1.073730766628899491e-01,6.980186112165663592e-02,1.456486073322863992e-02,5.029271722452152010e-02,2.295913569208624105e-02,1.700832568896190611e-02,2.268439832308860940e-02,1.175441156769932438e-02,2.227607008491415755e-02,8.542718414521947509e-03,9.294877210410366214e-03,2.832790649100421984e-02,1.496712950984221101e-02,2.274007878253836781e-02,1.544459207947389626e-02,1.993484525050542161e-02,7.690042247804231360e-03,5.993303364940652522e-03,1.876530471913199008e-02,2.529274862236252294e-02,2.757120155151675592e-02,1.207450111459821250e-02,3.266078525725377157e-02,5.715114971600746691e-02,6.144982585270289399e-02,1.483318511898178149e-02,8.060214908610607853e-02,3.580719767718453656e-02,5.587221028314408311e-02,4.251538757676832925e-02,7.394115844053109066e-02,2.403011257102780074e-02,1.931723314185806659e-02,2.338227098010858818e-02,1.169548135190169418e-02,2.343065346087786632e-02,3.219293424136594750e-02,4.461845335319900713e-02,3.631208279554686003e-02,8.991496950600753879e-02,9.166077370421556181e-02,2.671011655940212781e-02,6.232041334395676396e-02,1.589177615607344218e-01,8.367084068940500163e-02,1.076949539577595621e-01,7.829833763844377958e-02,1.694770825680824711e-02,5.064351808608466565e-02
1.984062894248866254e-02,2.859540692311968169e-02,2.438197290819781732e-02,1.278138796562001793e-02,3.996794351047085886e-02,5.608851868194492107e-02,6.543195782466174060e-02,1.527653100518306696e-02,7.675242131255169409e-02,4.113724911902515852e-02,5.336466534311781057e-02,3.600454013786724694e-02,9.031417939608912815e-02,2.431693085081911010e-02,0.000000000000000000e+00,2.023803237122080365e-02,1.509311073009540240e-02,3.173546773749742755e-02,3.346686957833407139e-02,6.673173375674351648e-02,3.237811894108896804e-02,1.121985216149233161e-01,9.250562891163116586e-02,3.511617342133585562e-02,7.726264307740290938e-02,1.532751058437558656e-01,8.855126989833111972e-02,1.236870368760548955e-01,8.194772194365439189e-02,1.684423660730779287e-02,5.915627185065160804e-02,2.528297489343258458e-02,1.959741413117744441e-02,2.739021132974071501e-02,1.398928086184416004e-02,2.597559263767056439e-02,1.005474631052752366e-02,1.071812600701703422e-02,3.107232524329638784e-02,1.760897220850425951e-02,2.643299216043085154e-02,1.749518788275970446e-02,2.249102686054745698e-02,8.586653068462485328e-03,6.863237840477396344e-03,2.199390539238035153e-02,2.944100805153175224e-02,3.290385031628861867e-02,1.411911622128935763e-02,3.827240445482668618e-02,6.502779575629272224e-02,6.978562311037647681e-02,1.754827954807764573e-02,9.146782920520896143e-02,4.037467769517410349e-02,6.431152748782202611e-02,4.876883493815229592e-02,8.608891950628774770e-02,2.773317167581530393e-02,2.530464020291460156e-02,2.600027675423588827e-02,1.355908765485160442e-02,2.681332691206506080e-02,3.689896754013585745e-02,5.267168155501363025e-02,4.258058130100704497e-02,1.027734303612814065e-01,1.080287385320304605e-01,3.114016542344747590e-02,7.085869059830043892e-02,1.900171708427939032e-01,9.712363575577555308e-02,1.235201665168153135e-01,8.990047952172627865e-02,1.935383049833596519e-02,5.919082937537357286e-02
1.386178093619141842e-02,2.023963503431045613e-02,1.756503853276820959e-02,9.170727025320995346e-03,2.850155164804991925e-02,4.104342372841653791e-02,4.844600462571298227e-02,1.103623365680548793e-02,5.626778614178518795e-02,3.036929156464273846e-02,3.893756991182985294e-02,2.639247780415251640e-02,6.640351384069914653e-02,1.740350685972916547e-02,2.023803237122080365e-02,0.000000000000000000e+00,1.120350961225652364e-02,2.285443234920728206e-02,2.387698787148045607e-02,4.832961888684585844e-02,2.306885256174016213e-02,8.076575037385254341e-02,6.720191440018766227e-02,2.515415947507740682e-02,5.690564046139878762e-02,1.081897209183710212e-01,6.349850186434169430e-02,8.931935317037327515e-02,5.811829682303480682e-02,1.168765506478302088e-02,4.216469512006089382e-02,1.928176388805884905e-02,1.415301153804095040e-02,1.956696083232461331e-02,1.006127704936260123e-02,1.860760376394538992e-02,7.153660027031728472e-03,7.942680050141034259e-03,2.408749423881234586e-02,1.289085053334286524e-02,1.943686382363986331e-02,1.295212789939939775e-02,1.648635833668804854e-02,6.403849289549106566e-03,5.119669114196632488e-03,1.528727948529301842e-02,2.107563972607302827e-02,2.300826222902084203e-02,9.982879740793197676e-03,2.724128158190934623e-02,4.732798380103172414e-02,5.212649343058090717e-02,1.219406879164619366e-02,6.711901941363747348e-02,2.972249691403676397e-02,4.613562421281847126e-02,3.531444138215283912e-02,6.213382028412606228e-02,1.980677989177841852e-02,1.659482858512120740e-02,1.905392646311656127e-02,9.617340235313388830e-03,1.941581683739187353e-02,2.675141738354175000e-02,3.705213493165880612e-02,3.033540861108144013e-02,7.447979614633210010e-02,7.711114271908618700e-02,2.240558869073254813e-02,5.189270615561604461e-02,1.343321477163312294e-01,6.983968828260880835e-02,8.901439211005356122e-02,6.496452545912345666e-02,1.397480763825315227e-02,4.203415361339712941e-02
1.073418928253568223e-02,1.509077238020025725e-02,1.275737755107556222e-02,6.886827946660937887e-03,2.171990933200134213e-02,3.048414881728362530e-02,3.629918354375107070e-02,8.368576417536226913e-03,4.215831053351151020e-02,2.259378295224192396e-02,2.915288829748396982e-02,1.957530415742954680e-02,4.971068266331397228e-02,1.325387445650006747e-02,1.509311073009540240e-02,1.120350961225652364e-02,0.000000000000000000e+00,1.718445710984955327e-02,1.786372405562561272e-02,3.603666710892939468e-02,1.729242110951538514e-02,6.070747782863047254e-02,4.960267101723499911e-02,1.868557000637150606e-02,4.244945641854752649e-02,8.086474086887741886e-02,4.705713757096802174e-02,6.698807823817129470e-02,4.349136552369874814e-02,8.966133585708498457e-03,3.153633224005963909e-02,1.434512853657568185e-02,1.075915599919505250e-02,1.451548180919468890e-02,7.449053570967395510e-03,1.398852845385596504e-02,5.379051773653356801e-03,5.954752319650290400e-03,1.782283334733391483e-02,9.697236056039105351e-03,1.416185503893231667e-02,9.523704956098985597e-03,1.247832374002393399e-02,4.799477601131701618e-03,3.831559713951554133e-03,1.175345821448994972e-02,1.569082001171256263e-02,1.697380402575620131e-02,7.537775160096567978e-03,2.043458230938383080e-02,3.510283296815368964e-02,3.889487796634306938e-02,9.107386418044587095e-03,4.973487581939348839e-02,2.224987342464155096e-02,3.436456458699656269e-02,2.639517744468010060e-02,4.632322644886423257e-02,1.487158646344327768e-02,1.231868555850724849e-02,1.435651834607691059e-02,7.362281890519170591e-03,1.474748522664074551e-02,1.969574506437173078e-02,2.783143727727047101e-02,2.291178079952589652e-02,5.563588613518744008e-02,5.725248407650274096e-02,1.658450516279753872e-02,3.879950099737940195e-02,1.003385848807915731e-01,5.208793607688638749e-02,6.658962516629796102e-02,4.878378205271830664e-02,1.046493857833967998e-02,3.123393126477566617e-02
2.220834918825324855e-02,3.224496742585691161e-02,2.725882525825506358e-02,1.439496222516682168e-02,4.497745653442276198e-02,6.408884901415495827e-02,7.541303934280924048e-02,1.748910694730208826e-02,8.746065536772339166e-02,4.721685311053198941e-02,6.111331117698224485e-02,4.044199702747023478e-02,1.029980046575266067e-01,2.757069579816674026e-02,3.173546773749742755e-02,2.285443234920728206e-02,1.718445710984955327e-02,0.000000000000000000e+00,3.776373015426100904e-02,7.566770312293559508e-02,3.639118732630396147e-02,1.273002511072582610e-01,1.043791209575068296e-01,3.905592334186658299e-02,8.877456786287239721e-02,1.691953486847779242e-01,9.899071834711105355e-02,1.397194413214021269e-01,9.125969288606682051e-02,1.886385367628136064e-02,6.573699174575428628e-02,2.938707950283567238e-02,2.214828794167690226e-02,3.005448462812024268e-02,1.558407603101103281e-02,2.919152409534704271e-02,1.114531081848748467e-02,1.210119150330369805e-02,3.645949141417003520e-02,1.988351552522498247e-02,2.972595745954294266e-02,1.991681517524451772e-02,2.576284537020771467e-02,9.888987326353293472e-03,7.930382997598087180e-03,2.456622573774728396e-02,3.306828554957590843e-02,3.631675520415337394e-02,1.559807582278458990e-02,4.271396876596416509e-02,7.418773685617749414e-02,8.061129678434357515e-02,1.937875467308909291e-02,1.048977242762152151e-01,4.614017262345124215e-02,7.216063115829812746e-02,5.454997319682988732e-02,9.637909958018048284e-02,3.114109428414877853e-02,2.603559344117272953e-02,2.997754346944392009e-02,1.541645438400921983e-02,3.044113711753350035e-02,4.163478873367706945e-02,5.861448843520627311e-02,4.799491796815424927e-02,1.167052858723751224e-01,1.203080873138260426e-01,3.485098864431231125e-02,8.079340436191569108e-02,2.097312904113565191e-01,1.093516226221824539e-01,1.396800979287962374e-01,1.025317137812806478e-01,2.207949997428426334e-02,6.594523248601334708e-02
2.316392063486761091e-02,3.337762101232537304e-02,2.885671992404640479e-02,1.510687879170352112e-02,4.711245346709857368e-02,6.676948618869005259e-02,7.853154084364050158e-02,1.830563244044002350e-02,9.141413326257788463e-02,4.897767794976503469e-02,6.388238816258397235e-02,4.232957877954710707e-02,1.070536280502088489e-01,2.913130110984652257e-02,3.346686957833407139e-02,2.387698787148045607e-02,1.786372405562561272e-02,3.776373015426100904e-02,0.000000000000000000e+00,7.989765021976119597e-02,3.762768682353881400e-02,1.329614467074404227e-01,1.092254815211545216e-01,4.039838661482402643e-02,9.203113491109653210e-02,1.760882580978319345e-01,1.042213269853038415e-01,1.453226217181514124e-01,9.561991312359238715e-02,1.962159663720578970e-02,6.901905865748529656e-02,3.050205686722688714e-02,2.333995862425040230e-02,3.179420300477846240e-02,1.644656789139798889e-02,3.060660341066110540e-02,1.158454499548954193e-02,1.269961146634202356e-02,3.781747190472538322e-02,2.092839996560743460e-02,3.159652043628979889e-02,2.101342522454534290e-02,2.698971409514033803e-02,1.051221139281538833e-02,8.256145448911549750e-03,2.545879795340798279e-02,3.441563100848740731e-02,3.842771416059703043e-02,1.666252496229676805e-02,4.470096466747163627e-02,7.821201360997169505e-02,8.427716673457552599e-02,2.012956069659082789e-02,1.104949141913566246e-01,4.786368042954073504e-02,7.601945117415867537e-02,5.733061520955554102e-02,1.008828852122351932e-01,3.287143512388288752e-02,2.728630620139814444e-02,3.089963569651507994e-02,1.586650405674008141e-02,3.164132645223496909e-02,4.429657413448497699e-02,6.132133430889623316e-02,4.992789087961440470e-02,1.212618014946934275e-01,1.262429747691381499e-01,3.670174324429581469e-02,8.394956630931044161e-02,2.183599727512677280e-01,1.153132396195901133e-01,1.463405667176172487e-01,1.070969628511375255e-01,2.321951206769461151e-02,6.875432623978415536e-02
4.615271128265419076e-02,6.745219070776863057e-02,5.834939100217564206e-02,3.054114741262511923e-02,9.463643010007294354e-02,1.338646739097980043e-01,1.585125711450454666e-01,3.642922130752376808e-02,1.856779816779241254e-01,9.958504032787567073e-02,1.290179318143278020e-01,8.599603473489758620e-02,2.170341975312304605e-01,5.752871215071227867e-02,6.673173375674351648e-02,4.832961888684585844e-02,3.603666710892939468e-02,7.566770312293559508e-02,7.989765021976119597e-02,0.000000000000000000e+00,7.572911559794734404e-02,2.660873900315365304e-01,2.190220167617468183e-01,8.160762768707502390e-02,1.865096120382029876e-01,3.534673936347947909e-01,2.082412934322415421e-01,2.900535145084912614e-01,1.883738672828686456e-01,3.814476000431814284e-02,1.369352046039041260e-01,6.080932797643827381e-02,4.575737850012860652e-02,6.423913901941236126e-02,3.288122767480143593e-02,6.144898726141599654e-02,2.341117986316356911e-02,2.505143955693171429e-02,7.603165095887121083e-02,4.168559629080929863e-02,6.309224823184353403e-02,4.235581866986101729e-02,5.450593889616583282e-02,2.139333437846885691e-02,1.616979562626963754e-02,5.029224639133534486e-02,6.950469404842882226e-02,7.759784205802580659e-02,3.354779673463051393e-02,8.884838612797274493e-02,1.558901717112877172e-01,1.703692626911856300e-01,4.012297184363577962e-02,2.220350726143175968e-01,9.679308697420678509e-02,1.513865226820933496e-01,1.148110281927224585e-01,2.024468528316236693e-01,6.528780070648171341e-02,5.430237537204529730e-02,6.193695219021649878e-02,3.166961759042054292e-02,6.179121266229803400e-02,8.875280671031972324e-02,1.232046117742387481e-01,9.960105274194415437e-02,2.428042529758133172e-01,2.533553702553858478e-01,7.304833304764962731e-02,1.686182708428515253e-01,4.377158730835410960e-01,2.317069395191481418e-01,2.913447473626087914e-01,2.141708425434528384e-01,4.597386216241568235e-02,1.363612711929560461e-01
2.292249175315193635e-02,3.241144416903057879e-02,2.725782484985762519e-02,1.465634980060283657e-02,4.535044295116539420e-02,6.454861143694186343e-02,7.602670885565233905e-02,1.746995556355666196e-02,8.728121277343289797e-02,4.759579781460993031e-02,6.102535515616439726e-02,4.133063871786658849e-02,1.046420482414992664e-01,2.750408554259775942e-02,3.237811894108896804e-02,2.306885256174016213e-02,1.729242110951538514e-02,3.639118732630396147e-02,3.762768682353881400e-02,7.572911559794734404e-02,0.000000000000000000e+00,1.273007194737932612e-01,1.045062721540504780e-01,4.032266237500933131e-02,8.900254362636624006e-02,1.719894078787911340e-01,9.946249915905717998e-02,1.411150160402724341e-01,9.176320339430937834e-02,1.900426968371074846e-02,6.630755975243496358e-02,2.999178575429817251e-02,2.267783298631016742e-02,3.060176467499528541e-02,1.584434198123312737e-02,2.961027427481955493e-02,1.137263249688673199e-02,1.229951428989097158e-02,3.694192277884578157e-02,1.996205624212690766e-02,3.000959596834540388e-02,2.045161065312553136e-02,2.606825433019316351e-02,1.017653155491843667e-02,7.826325550957616631e-03,2.574037521986935473e-02,3.306533740062433946e-02,3.697711347111055924e-02,1.624894591756721393e-02,4.321968629657855360e-02,7.462941884741089438e-02,8.101685997925552052e-02,2.038095819495882449e-02,1.044187043572919332e-01,4.676109246632866034e-02,7.291757186425057435e-02,5.673694090013894215e-02,9.778511228017879031e-02,3.138474453702314038e-02,2.759440125981806741e-02,3.002205844077340466e-02,1.575444549134352376e-02,3.075682370008729974e-02,4.126044177696492482e-02,5.848571557291934453e-02,4.993050235718722585e-02,1.164882041389612988e-01,1.222850217494848984e-01,3.614706435923403793e-02,8.110687167414587506e-02,2.144074333009121924e-01,1.087563152919009124e-01,1.408575825771619661e-01,1.026868911813175050e-01,2.164412271845881849e-02,6.631651737585618489e-02
