0.000000000000000000e+00,1.181403289646808068e-02,7.011285753686549715e-03,3.160184685957316032e-03,1.606812766060841322e-02,2.075148498164348931e-02,2.106276025084136486e-02,5.303303401716321329e-03,2.640166010620219328e-02,1.478491678127748579e-02,1.958110833417065974e-02,1.389458056998361946e-02,3.318497844575649114e-02,1.033262837258779911e-02,1.347073937308601241e-02,7.214574966800885517e-03,5.273565923681320690e-03,1.195966866513128134e-02,9.545350629990147912e-03,2.286118828822595109e-02,1.261240973083850928e-02,4.135350593474147046e-02,3.691062384697278015e-02,1.315179798002593693e-02,3.321793426005984623e-02,6.792208268176390396e-02,3.717008524281983223e-02,4.857064263332060844e-02,3.753065945690017141e-02,9.197705541132193338e-03,2.332444906843802318e-02,1.115295627313066078e-02,8.027228499909087184e-03,1.105419728606141239e-02,6.499304988483091405e-03,9.483259429086088668e-03,3.381142590090596353e-03,4.407914896801154794e-03,1.128619846459952628e-02,7.693052529299315018e-03,8.133639996647477888e-03,6.021841159766857729e-03,6.746628294089519404e-03,2.428817672994133293e-03,2.507863722264638655e-03,6.661338675093167287e-03,1.095387676575471786e-02,1.162287896804546812e-02,3.819814564330333700e-03,1.382838403623902479e-02,2.647048467972492117e-02,2.413057552070226042e-02,6.511755433760796526e-03,3.189740150995194062e-02,1.260243229584483496e-02,2.035015043986292821e-02,1.432438016501450667e-02,3.676587186443587563e-02,1.088244810855233322e-02,1.444544101003131242e-02,7.657617700335751440e-03,4.846239258605477759e-03,1.313727246099874284e-02,1.212191615234627963e-02,2.267835614965527449e-02,1.457127824080850162e-02,4.421529686434615136e-02,3.872090762733845087e-02,1.051168628970782122e-02,2.685236860807406131e-02,8.684790198465956734e-02,3.710217322717265093e-02,4.592926150096645482e-02,3.548309588598155123e-02,7.053327958619428489e-03,2.451802403984785703e-02
1.181403289646808068e-02,0.000000000000000000e+00,1.516767370475632232e-02,7.413600509554705079e-03,3.719648926358960772e-02,4.613694597654537100e-02,4.843659909322056006e-02,1.013410832070223665e-02,5.899049301825834424e-02,3.313373095357503850e-02,4.326061992529281475e-02,2.751551224950038108e-02,7.491859036168843633e-02,2.367868275927427144e-02,2.724032526091060488e-02,1.634119691428486190e-02,1.196665893288876431e-02,2.679288194922524111e-02,2.048102836757409798e-02,5.073529029348811115e-02,2.615816772403498081e-02,9.112177874601488925e-02,7.589902785810419272e-02,2.602364403148976768e-02,7.492186410260101570e-02,1.442847530400758471e-01,8.085302470216591819e-02,1.082378744064740467e-01,8.454673227933671986e-02,2.050746937011249313e-02,5.233567793493054676e-02,2.385915121485994092e-02,1.822900801740406571e-02,2.554990339232111191e-02,1.465566009818526638e-02,2.200999935000156130e-02,7.887003524742150842e-03,9.565855520009913446e-03,2.400701706878209316e-02,1.714352424400600317e-02,1.830885307384328559e-02,1.363694307178564720e-02,1.556744664650948698e-02,5.564532235298579738e-03,5.306953952312246092e-03,1.328648840080696482e-02,2.383550246971138584e-02,2.492570926404680254e-02,8.678994416030191839e-03,3.137699688263994452e-02,5.899576871616458995e-02,5.561887169429380329e-02,1.319967744717901077e-02,7.021665735842502754e-02,2.878865697844434218e-02,4.379363821815429603e-02,2.765005515423901022e-02,8.254454135269601034e-02,2.499045588334861470e-02,2.990464422984573378e-02,1.658165613923639342e-02,1.065943129577719486e-02,2.897131655833684247e-02,2.639595245644731428e-02,4.884726379735400414e-02,3.027707265169413478e-02,9.738868564853116194e-02,7.963557701912120368e-02,2.051962163048649465e-02,5.962214959506795253e-02,1.834088991837033999e-01,8.036214569990765555e-02,1.015403134373514260e-01,7.860736136739701618e-02,1.521611058018455809e-02,5.506320566808312750e-02
7.011285753686549715e-03,1.516767370475632232e-02,0.000000000000000000e+00,4.034957482634344422e-03,2.120713728822335581e-02,2.695634470633846355e-02,2.766696524124851592e-02,5.941195296711757404e-03,3.427232507830461211e-02,1.844698216166652804e-02,2.509680843303892239e-02,1.578128011211870838e-02,4.260189840464233269e-02,1.335893744397976049e-02,1.629081564703005122e-02,9.183677107084621885e-03,6.761110324196203600e-03,1.544999841658008244e-02,1.209102340617563935e-02,2.926838743070545035e-02,1.500801769621400855e-02,5.386567435025913647e-02,4.490945646557142207e-02,1.521660141848850401e-02,4.267353173928800647e-02,8.495693694369253757e-02,4.690304827170124757e-02,6.186867520585367930e-02,4.895691913589361038e-02,1.186866103624112379e-02,3.014125059980883592e-02,1.369922338752846240e-02,1.053753793819045201e-02,1.454340145718596711e-02,8.443720587259567409e-03,1.203117047919204964e-02,4.389928721238877188e-03,5.609522000675311836e-03,1.381624373099781325e-02,9.978313537597307756e-03,1.040248276236357614e-02,7.650679543737689062e-03,8.566264586829351255e-03,3.017065942787350557e-03,3.100452462390157048e-03,7.870343166900059875e-03,1.362576468227804163e-02,1.435319619944838004e-02,4.761337406052271702e-03,1.803713103319463246e-02,3.406786559506334161e-02,3.134610072358932908e-02,7.660540418866313567e-03,4.143769500733790467e-02,1.576405261655475926e-02,2.584579643852444666e-02,1.605006652572413609e-02,4.699482506044328628e-02,1.402829598144214596e-02,1.761877119579488560e-02,9.557602761935280605e-03,5.903886998989719623e-03,1.670402934934557201e-02,1.544009141572287580e-02,2.836013241903577453e-02,1.740202233997325404e-02,5.719992354561816844e-02,4.698500581576154495e-02,1.225244365245971821e-02,3.457726376193703127e-02,1.079011044195270635e-01,4.666000520854717004e-02,5.879462719908018498e-02,4.586334597059315427e-02,9.186940731381878014e-03,3.160368253341779704e-02
3.160184685957316032e-03,7.413600509554705079e-03,4.034957482634344422e-03,0.000000000000000000e+00,1.041394931747915628e-02,1.289531965919498910e-02,1.332544182681419734e-02,2.941661035026294727e-03,1.660326832032488209e-02,9.033851269141373111e-03,1.221850392271676793e-02,7.433852564293186305e-03,2.074990283502284316e-02,6.686812829984786072e-03,7.844312198735730116e-03,4.481266120705909919e-03,3.246204744760490188e-03,7.461318881586709653e-03,5.797989996909523602e-03,1.398172933260750234e-02,7.221522249450905429e-03,2.613350569857000524e-02,2.172320668689888337e-02,6.921991105005940309e-03,2.113540563060956057e-02,4.089530431135347116e-02,2.255745654638329975e-02,3.043766345933210382e-02,2.390804848481205974e-02,5.958728648998758322e-03,1.476957701514632071e-02,7.022938040100941068e-03,5.291048096199379644e-03,7.115538792536166279e-03,4.046331448802707904e-03,5.856434467924449827e-03,2.058916773568111955e-03,2.760372165410146603e-03,7.091019245992398815e-03,4.938063076649211632e-03,5.054969945038609302e-03,3.670643507704123010e-03,4.111493513881419974e-03,1.514357067710504334e-03,1.586559172823359979e-03,3.661633759973774091e-03,6.633638797707078205e-03,6.760107198634892831e-03,2.262933796366572037e-03,8.792331626358082172e-03,1.665678348700950703e-02,1.553217571547683279e-02,3.717125281576317761e-03,2.022511036684956215e-02,7.712428530366660651e-03,1.232630419731776776e-02,7.373582706578105106e-03,2.365144934717755901e-02,6.914787744688927207e-03,8.504869284426942039e-03,4.613126710399169557e-03,2.953618774573783454e-03,8.346395746307836219e-03,7.508240261263015788e-03,1.401790795040281506e-02,8.428078648497755801e-03,2.813372459599636916e-02,2.282971431278917399e-02,5.683665464992067491e-03,1.683710179083642428e-02,5.257599703736395153e-02,2.288440556130977646e-02,2.934735472394169042e-02,2.270614947868211664e-02,4.575677687151488704e-03,1.540138491810203250e-02
1.606812766060841322e-02,3.719648926358960772e-02,2.120713728822335581e-02,1.041394931747915628e-02,0.000000000000000000e+00,6.397165325030304550e-02,6.717662647194679038e-02,1.429588974218897086e-02,8.199437839352538560e-02,4.630512816412874627e-02,6.079045271880303969e-02,3.775818138029107124e-02,1.039697360742121157e-01,3.294872448243771346e-02,3.736401884463353557e-02,2.250261119633580748e-02,1.675613770397327632e-02,3.667290392960276257e-02,2.947436072198964668e-02,6.944814195054571648e-02,3.608112302886047618e-02,1.259566863152621341e-01,1.050123072873801605e-01,3.532425114025294910e-02,1.030395208703171611e-01,1.987230691764564627e-01,1.107344203883206118e-01,1.500229825200519451e-01,1.165833066084459857e-01,2.861670855095118510e-02,7.282488549329838023e-02,3.393472051758072289e-02,2.544508023948971812e-02,3.535968050435900345e-02,2.047574854831682445e-02,3.055630422403959878e-02,1.115385119872480506e-02,1.339954341741264945e-02,3.430889038522408341e-02,2.385381109710673839e-02,2.549045255790425776e-02,1.876969765665386161e-02,2.156974315090143257e-02,7.783350007869815554e-03,7.650546455899760040e-03,1.811309248444813863e-02,3.316620473368732391e-02,3.460060911371009434e-02,1.206861978174615310e-02,4.378246370163642320e-02,8.146179089516560057e-02,7.708044822299101040e-02,1.837029842856181469e-02,9.792158393576187725e-02,4.075232191430076811e-02,6.155755745087419795e-02,3.812841103270922516e-02,1.150494634064073152e-01,3.471606710220536546e-02,4.021250901485313306e-02,2.333341721743130426e-02,1.502066178101996857e-02,4.023731043588296696e-02,3.685104069003573846e-02,6.711497831776981615e-02,4.149624785612799488e-02,1.339617949000909136e-01,1.105133740819986693e-01,2.830033726323666690e-02,8.277700367074605770e-02,2.534825322419738680e-01,1.113966463967606124e-01,1.421872035552929903e-01,1.087788502449536926e-01,2.168238370841177667e-02,7.566252788081684333e-02
2.075148498164348931e-02,4.613694597654537100e-02,2.695634470633846355e-02,1.289531965919498910e-02,6.397165325030304550e-02,0.000000000000000000e+00,8.447305237185050164e-02,1.742771882848944201e-02,1.041846147319123866e-01,5.658214063583849596e-02,7.448821312530565231e-02,4.715831183143823213e-02,1.300658090539305312e-01,3.999784658640521268e-02,4.696796167102387093e-02,2.846535986156718823e-02,2.038066912532839059e-02,4.689123895868202441e-02,3.688696163882065199e-02,8.749723059780285805e-02,4.466989585638838495e-02,1.608686825616200966e-01,1.330251330455483327e-01,4.493396250478821907e-02,1.291408118290843787e-01,2.519159651740152106e-01,1.406745590851125327e-01,1.877628846537471030e-01,1.464082291735770425e-01,3.543884372082128920e-02,9.060129189261170723e-02,4.238045519738569550e-02,3.143484265968421454e-02,4.314382356265898666e-02,2.517347558480497946e-02,3.769148936323871157e-02,1.382336538661515374e-02,1.630262247650941104e-02,4.216282835450891470e-02,3.007028882898264352e-02,3.149259853184233765e-02,2.274227936580870343e-02,2.646922174020942264e-02,9.637930395855979354e-03,9.230704456174397901e-03,2.366937973801098646e-02,4.170934850068847011e-02,4.379001625941309622e-02,1.511956792339787942e-02,5.475690494519112883e-02,1.020854819451476048e-01,9.571378595296496650e-02,2.274162816640911897e-02,1.244241457964715691e-01,4.937982137429328816e-02,7.729598602057234646e-02,4.845400902804031240e-02,1.423055506635864387e-01,4.241126737368167143e-02,5.112772895377400845e-02,2.950846905934700892e-02,1.857225784349193776e-02,4.999966803373762092e-02,4.608343417981763945e-02,8.531702646648847699e-02,5.164059802344216771e-02,1.697370225512987163e-01,1.405388057007029845e-01,3.619788817153538757e-02,1.053943039149022320e-01,3.188184623916568983e-01,1.408107735242229430e-01,1.784505212175951927e-01,1.381052966735251686e-01,2.780541345928108990e-02,9.484308951600324555e-02
2.106276025084136486e-02,4.843659909322056006e-02,2.766696524124851592e-02,1.332544182681419734e-02,6.717662647194679038e-02,8.447305237185050164e-02,0.000000000000000000e+00,1.873536905102792319e-02,1.082005089883504301e-01,5.998454940402149493e-02,7.893985987938710591e-02,4.954802446158636936e-02,1.359047228209711300e-01,4.263990642367800066e-02,4.912757423235702969e-02,2.980181283413108756e-02,2.165567193183717473e-02,4.881476413336389292e-02,3.853946235059758918e-02,9.089051882046216002e-02,4.736531699321021999e-02,1.675579534046954533e-01,1.383867721806248952e-01,4.617795946779151145e-02,1.360011465383600959e-01,2.627663143159343906e-01,1.454874150978322789e-01,1.967485862777838823e-01,1.529748157573776746e-01,3.746912806212460145e-02,9.539176708613526789e-02,4.466406861447391741e-02,3.360168932580601120e-02,4.606459109126506690e-02,2.657408897744601567e-02,3.950394088457633013e-02,1.434289406558387700e-02,1.748610507228139099e-02,4.500884854026007686e-02,3.153734150859891644e-02,3.325109144019234436e-02,2.424000275082461783e-02,2.786546569614730545e-02,1.007500686103435239e-02,1.003803148790483740e-02,2.377259150292454840e-02,4.370173064086110143e-02,4.490250723385311865e-02,1.547517527628952325e-02,5.716028727673307108e-02,1.069825287925495333e-01,1.008405683445320472e-01,2.412210241672657629e-02,1.294427428096828758e-01,5.209515131921962916e-02,8.029065773652344085e-02,5.013237367434498354e-02,1.509666096528481105e-01,4.514897635283016825e-02,5.293139158333456940e-02,3.065718368688527540e-02,1.956322080678261910e-02,5.334859775410739219e-02,4.777540959993847869e-02,8.831825630197717714e-02,5.415916529313159755e-02,1.781461562335927007e-01,1.453798611073671698e-01,3.674654641005235117e-02,1.100708803617022336e-01,3.343728940489668622e-01,1.462689223986689546e-01,1.873838335657285470e-01,1.445592182873378373e-01,2.874939457105244595e-02,9.918928882658639701e-02
5.303303401716321329e-03,1.013410832070223665e-02,5.941195296711757404e-03,2.941661035026294727e-03,1.429588974218897086e-02,1.742771882848944201e-02,1.873536905102792319e-02,0.000000000000000000e+00,2.261996755085657340e-02,1.311425221848862462e-02,1.714322355193412598e-02,1.198109305342408629e-02,2.874940620383438505e-02,9.001033446222430831e-03,1.093955246130400363e-02,6.259302237589844074e-03,4.672075425612342604e-03,1.029621457295713631e-02,8.417939022664895285e-03,1.949166943116313611e-02,1.059628644455032007e-02,3.475687550651255370e-02,3.053132048944954408e-02,1.092338265586487514e-02,2.780269533972185361e-02,5.759233788805299264e-02,3.104636147230680973e-02,4.205951110182293978e-02,3.179223736494021790e-02,7.856548492709343467e-03,2.031648094017353759e-02,9.156318211922226391e-03,6.785343461358384759e-03,9.686506607221411283e-03,5.459810167424849862e-03,8.283383192979202128e-03,3.019674208197088011e-03,3.650071929076472398e-03,9.213275807180952223e-03,6.435407108576148699e-03,7.038549881571661872e-03,5.126174077112839386e-03,6.166826002663364573e-03,2.155447384243827300e-03,2.104614332613668690e-03,5.653966490367544166e-03,9.336873607469299563e-03,9.766239635062658186e-03,3.502101181244258402e-03,1.226951414506886537e-02,2.180183055602922387e-02,2.123130878349867995e-02,5.527064180225396174e-03,2.670399979218849792e-02,1.152460640084585625e-02,1.843034808718728781e-02,1.255875326924991119e-02,3.181418413290881125e-02,9.675033352860368946e-03,1.173026690759724870e-02,6.613099140583247187e-03,4.356274822095779729e-03,1.119278384313766861e-02,1.080019924585359781e-02,1.915806743262204320e-02,1.237674306590419784e-02,3.705249784601488683e-02,3.248468606900005440e-02,8.560838631447758099e-03,2.289276760611079833e-02,7.270180071242413056e-02,3.101251998194954132e-02,3.994599648463224850e-02,2.960196804283948824e-02,6.121398214449440961e-03,2.117025373880825415e-02
2.640166010620219328e-02,5.899049301825834424e-02,3.427232507830461211e-02,1.660326832032488209e-02,8.199437839352538560e-02,1.041846147319123866e-01,1.082005089883504301e-01,2.261996755085657340e-02,0.000000000000000000e+00,7.294561519950273909e-02,9.584152476496882178e-02,6.096863376786243460e-02,1.668200967813296409e-01,5.127303483485434743e-02,6.047184066766694843e-02,3.659483425257913092e-02,2.650735234665849843e-02,5.979665503399309023e-02,4.715347590753665719e-02,1.129420754566120844e-01,5.745818807097174269e-02,2.058954269295270589e-01,1.706958212677061604e-01,5.758156245509037097e-02,1.648211886612434285e-01,3.219459214352634602e-01,1.814698303758438269e-01,2.414753599700312225e-01,1.877483771559282921e-01,4.590565337452673367e-02,1.163458534147178841e-01,5.357787314642444010e-02,4.039092829911018756e-02,5.592336826687079737e-02,3.233847735379689198e-02,4.799357300808983900e-02,1.743046204800655433e-02,2.110554453098214753e-02,5.399757423959770236e-02,3.835958988827880417e-02,4.060968150674597321e-02,2.953360255913117793e-02,3.383091131961755288e-02,1.226704613001566163e-02,1.202263233538176414e-02,2.953271823833478193e-02,5.368472792517928888e-02,5.590802601023607543e-02,1.937046425098271074e-02,6.957377126707567361e-02,1.301661561894513208e-01,1.230102748378264776e-01,2.937094827385158813e-02,1.576214898482893312e-01,6.364363303162075269e-02,9.887208660228788415e-02,6.335809017606992832e-02,1.830396659005802673e-01,5.425091169197455293e-02,6.571068663438402180e-02,3.773196848963200623e-02,2.386153101283717409e-02,6.431945064589437988e-02,5.920872427177545361e-02,1.096538689984093290e-01,6.653760057049051824e-02,2.169064171790785478e-01,1.803582159030887033e-01,4.614999078402216848e-02,1.344626450513142224e-01,4.087180407066187127e-01,1.804371354820119011e-01,2.295391721382092076e-01,1.766428165712460585e-01,3.547323345143544443e-02,1.208708006549987224e-01
1.478491678127748579e-02,3.313373095357503850e-02,1.844698216166652804e-02,9.033851269141373111e-03,4.630512816412874627e-02,5.658214063583849596e-02,5.998454940402149493e-02,1.311425221848862462e-02,7.294561519950273909e-02,0.000000000000000000e+00,5.409796255401172482e-02,3.404191732971972861e-02,9.295135257949468932e-02,2.968468304680837999e-02,3.396608833098720831e-02,2.004021915239772092e-02,1.480535075054478095e-02,3.281645779097881743e-02,2.579469466804402283e-02,6.260311533843887499e-02,3.301701799099041740e-02,1.129517565817898528e-01,9.510931534726840830e-02,3.197798235210389667e-02,9.271871474261754453e-02,1.790062175073080519e-01,9.896005963821925822e-02,1.347306129711896006e-01,1.036405432135578675e-01,2.556706688719174309e-02,6.488914408815690815e-02,2.938583614147731102e-02,2.257924833869693129e-02,3.122651927085287604e-02,1.797437389664824359e-02,2.755077205464337431e-02,9.807104562893199581e-03,1.196954308199946540e-02,2.988475351010703995e-02,2.143907203821322424e-02,2.237911026089715871e-02,1.659439718308029083e-02,1.952068127771103279e-02,6.862328018572059693e-03,6.777492670169762978e-03,1.655709463771138507e-02,2.978544820085877315e-02,3.030798825069538210e-02,1.061704763604139068e-02,3.877545463885701676e-02,7.220586599768102909e-02,6.855272329213123184e-02,1.687312877278312681e-02,8.664242865044488595e-02,3.589367161773917431e-02,5.467694964316277551e-02,3.416466903045195513e-02,1.026657935361109941e-01,3.113645223882938878e-02,3.659040972875148706e-02,2.044698590091055534e-02,1.320144128600168540e-02,3.629088486717488293e-02,3.267248618704533120e-02,6.006796519874828266e-02,3.811231243763969767e-02,1.208227539357759062e-01,9.963686340050660617e-02,2.546974406446060601e-02,7.394253163405659079e-02,2.284644999175349800e-01,9.873249913244190601e-02,1.270121666293442808e-01,9.686643858055447864e-02,1.942379132781751547e-02,6.748281152883121858e-02
1.958110833417065974e-02,4.326061992529281475e-02,2.509680843303892239e-02,1.221850392271676793e-02,6.079045271880303969e-02,7.448821312530565231e-02,7.893985987938710591e-02,1.714322355193412598e-02,9.584152476496882178e-02,5.409796255401172482e-02,0.000000000000000000e+00,4.565642195625353034e-02,1.208915909587963133e-01,3.831002075485386016e-02,4.427440950412558224e-02,2.626580097630753369e-02,1.963742161426930422e-02,4.320239330742620121e-02,3.462307574189168319e-02,8.168958075203455738e-02,4.276606115335319230e-02,1.471920980860037531e-01,1.244403819444947906e-01,4.276091397074494732e-02,1.193591754524780668e-01,2.349659064311761802e-01,1.305343428232919045e-01,1.756609622288474171e-01,1.357874029869087784e-01,3.325583602134787875e-02,8.525663557442753060e-02,3.864618059076948414e-02,2.911283981172056029e-02,4.118980620449403524e-02,2.368686781613855291e-02,3.544221191379706704e-02,1.284047536090951805e-02,1.562807239988909386e-02,3.881387651858755894e-02,2.766910745367911692e-02,2.988306633745286406e-02,2.188719071294618554e-02,2.515837954725204731e-02,9.076034865185454714e-03,8.844971621237473006e-03,2.178968589910448839e-02,3.891966517893321459e-02,4.122179189196230331e-02,1.411417014681512483e-02,5.113637688548405835e-02,9.404428797469062407e-02,9.010597672008491266e-02,2.171847493986831662e-02,1.141393057133778116e-01,4.744050423798482768e-02,7.318146995216574802e-02,4.657022962728324389e-02,1.339974386449797050e-01,4.028666240002294618e-02,4.772819398865273122e-02,2.742407189026982092e-02,1.759164698182046072e-02,4.683373367244218766e-02,4.371736648349348886e-02,7.945028590395666890e-02,4.930620138913838907e-02,1.566414721055138237e-01,1.315209761776814645e-01,3.414478870468171112e-02,9.664080598146626566e-02,2.981438815198317327e-01,1.310953426475068850e-01,1.672784046743480135e-01,1.261398518844822347e-01,2.570330347701285656e-02,8.871686743673171116e-02
1.389458056998361946e-02,2.751551224950038108e-02,1.578128011211870838e-02,7.433852564293186305e-03,3.775818138029107124e-02,4.715831183143823213e-02,4.954802446158636936e-02,1.198109305342408629e-02,6.096863376786243460e-02,3.404191732971972861e-02,4.565642195625353034e-02,0.000000000000000000e+00,7.727931937278494090e-02,2.434286944787827922e-02,2.959138051934749949e-02,1.686723929410693934e-02,1.228498712117061589e-02,2.761481840373625207e-02,2.193646001102750320e-02,5.247098448186519187e-02,2.889173092261041950e-02,9.403749832726913949e-02,8.258131781925152903e-02,2.912854908634667644e-02,7.650815241376543452e-02,1.537849595727529828e-01,8.361653701168959840e-02,1.119224508239079485e-01,8.641321992958321541e-02,2.149586034296245562e-02,5.410739594075231890e-02,2.507692638544639294e-02,1.871285219290283117e-02,2.575153731251302036e-02,1.476471033852242917e-02,2.233003803670069801e-02,7.956612996342586619e-03,9.872727264099221203e-03,2.551318487632901755e-02,1.783069787746659196e-02,1.881806231903177667e-02,1.389808702500258501e-02,1.584540265644296744e-02,5.764411652535808908e-03,5.558439901414614047e-03,1.539053314158451286e-02,2.514633955488519007e-02,2.589159943410708486e-02,8.850741345325961046e-03,3.208777202157193226e-02,5.987910785476702191e-02,5.698104913108112402e-02,1.480107301667455896e-02,7.248842477828194852e-02,2.970211463754588582e-02,4.661416979815139611e-02,3.167598767274273225e-02,8.557904166448640493e-02,2.570970350009301950e-02,3.162695557810657476e-02,1.728851695761677437e-02,1.137910605016263267e-02,3.023882473692470277e-02,2.818220931486734027e-02,5.112197092326013076e-02,3.354273752926217878e-02,1.005013184235190732e-01,8.644450876108895898e-02,2.290675987385452222e-02,6.138313096217133669e-02,1.953140399585525377e-01,8.321913313729986661e-02,1.059051912397351164e-01,8.050376349716677205e-02,1.643833391514630884e-02,5.679002933916718621e-02
3.318497844575649114e-02,7.491859036168843633e-02,4.260189840464233269e-02,2.074990283502284316e-02,1.039697360742121157e-01,1.300658090539305312e-01,1.359047228209711300e-01,2.874940620383438505e-02,1.668200967813296409e-01,9.295135257949468932e-02,1.208915909587963133e-01,7.727931937278494090e-02,0.000000000000000000e+00,6.585712253337912270e-02,7.595041369790700436e-02,4.617760819598456384e-02,3.342571626226334414e-02,7.539489635930483880e-02,5.851466852362213755e-02,1.415911104722422376e-01,7.326431839747780950e-02,2.592816929946793469e-01,2.139593797878367731e-01,7.221012186960000523e-02,2.101555534655574209e-01,4.057637809978160148e-01,2.273456461514757887e-01,3.045745025138606454e-01,2.362225849221177842e-01,5.793160053165666290e-02,1.465871946556817074e-01,6.886707997926233560e-02,5.133424099003906088e-02,7.008699086288107394e-02,4.080983488032164513e-02,6.152779263290233946e-02,2.216678267000762176e-02,2.671804038967222697e-02,6.922659405858636039e-02,4.888730920292672089e-02,5.132439721821348277e-02,3.790142013235245355e-02,4.344485734656871462e-02,1.578606548120485217e-02,1.529665954568949424e-02,3.742897703721938946e-02,6.790747651370919458e-02,7.016890693404229107e-02,2.434754888466036937e-02,8.785398143384383352e-02,1.648738199337682342e-01,1.549496613792147870e-01,3.751720842318121557e-02,1.994412244192939887e-01,8.097813224643310437e-02,1.238141583442054772e-01,7.841802274767285807e-02,2.320420106339960431e-01,6.937966954929725150e-02,8.310047296673668538e-02,4.757885724958473700e-02,3.046334851717296538e-02,8.188524123883532402e-02,7.405052475354116648e-02,1.382559843935018129e-01,8.424211859309319039e-02,2.756135346983271117e-01,2.264240534621998480e-01,5.759586192922470926e-02,1.704193254523003465e-01,5.165455794159529157e-01,2.274142965802281036e-01,2.895654048921569301e-01,2.221262768772868101e-01,4.444495253982261307e-02,1.534679446577655593e-01
1.033262837258779911e-02,2.367868275927427144e-02,1.335893744397976049e-02,6.686812829984786072e-03,3.294872448243771346e-02,3.999784658640521268e-02,4.263990642367800066e-02,9.001033446222430831e-03,5.127303483485434743e-02,2.968468304680837999e-02,3.831002075485386016e-02,2.434286944787827922e-02,6.585712253337912270e-02,0.000000000000000000e+00,2.353595627781792515e-02,1.408276182917040514e-02,1.057113119397679220e-02,2.293692497852812748e-02,1.838606367286143781e-02,4.397232445072896817e-02,2.329787290585087420e-02,7.855629866051667964e-02,6.630202785079515604e-02,2.240360089088156911e-02,6.526972611548199910e-02,1.250938392252156639e-01,7.036783011284340750e-02,9.552792923767296218e-02,7.349668834540523665e-02,1.832009784272407155e-02,4.562399215279312747e-02,2.064821705585663525e-02,1.568899884242124648e-02,2.216171630491040739e-02,1.297095150111548210e-02,1.951503023351957786e-02,6.983460814260725180e-03,8.412974697511311009e-03,2.112273288965036550e-02,1.492797816838173017e-02,1.599869110912328918e-02,1.209114823710417778e-02,1.412537432349514691e-02,5.060836923894777503e-03,4.656882580026753399e-03,1.160438462589430918e-02,2.127625254628961321e-02,2.205257912819241425e-02,7.683516673622194093e-03,2.745741334524607474e-02,5.136264133238156726e-02,4.879738950492585464e-02,1.170095789981531569e-02,6.151562986290048246e-02,2.576077679730694181e-02,3.853718655954947725e-02,2.402033850433776818e-02,7.315793352938146366e-02,2.245572658578263991e-02,2.573035206048003912e-02,1.455450305336015299e-02,9.525387543414221350e-03,2.543057409615066128e-02,2.355214066578682416e-02,4.282037501789972417e-02,2.664747198030667855e-02,8.469130059801104060e-02,6.959531267094383467e-02,1.784034498780101910e-02,5.223123354245665789e-02,1.603035770633993995e-01,7.034178598386507664e-02,9.036110004742378687e-02,6.832537002276134475e-02,1.354946064677787880e-02,4.777898135257067913e-02
1.347073937308601241e-02,2.724032526091060488e-02,1.629081564703005122e-02,7.844312198735730116e-03,3.736401884463353557e-02,4.696796167102387093e-02,4.912757423235702969e-02,1.093955246130400363e-02,6.047184066766694843e-02,3.396608833098720831e-02,4.427440950412558224e-02,2.959138051934749949e-02,7.595041369790700436e-02,2.353595627781792515e-02,0.000000000000000000e+00,1.688843020559803454e-02,1.240074358732522371e-02,2.696085776911430823e-02,2.209025842406488541e-02,5.183381568884391777e-02,2.678041391968395690e-02,9.120978236128068906e-02,7.869167634484766638e-02,2.830693715593014109e-02,7.336913635186090299e-02,1.487929310329067778e-01,8.311626720151794878e-02,1.097605857608865282e-01,8.423744576541791762e-02,2.030867479070073631e-02,5.307140226698747743e-02,2.366124448147230094e-02,1.768575231924135807e-02,2.575707179100287722e-02,1.484812421813216064e-02,2.240392505890585403e-02,8.116989517435014775e-03,9.452690390173119211e-03,2.384579044626649810e-02,1.688573715090832539e-02,1.892275661049495211e-02,1.375159375595939003e-02,1.606009352744601493e-02,5.669224027897709801e-03,5.417887889789372961e-03,1.465825335499867932e-02,2.498982411382754190e-02,2.671845608518794504e-02,9.326162022574488106e-03,3.230900586663758289e-02,5.837204322399463380e-02,5.546210883006818387e-02,1.391589131676826928e-02,7.053872233900948530e-02,3.031480753231391087e-02,4.699152797748985116e-02,3.146423464617194993e-02,8.214466710852744158e-02,2.518053344234778487e-02,3.047593092565311843e-02,1.786511686080999306e-02,1.137802199278544618e-02,2.847978218062283823e-02,2.825517085675334147e-02,5.052561158866002156e-02,3.136274841570615285e-02,9.685671745912736996e-02,8.402450894509987112e-02,2.248410274771470846e-02,6.034777401020995774e-02,1.871741893606690132e-01,8.202589688128825163e-02,1.033435739074644588e-01,7.856357456937007600e-02,1.586757220420582926e-02,5.605535374777346341e-02
7.214574966800885517e-03,1.634119691428486190e-02,9.183677107084621885e-03,4.481266120705909919e-03,2.250261119633580748e-02,2.846535986156718823e-02,2.980181283413108756e-02,6.259302237589844074e-03,3.659483425257913092e-02,2.004021915239772092e-02,2.626580097630753369e-02,1.686723929410693934e-02,4.617760819598456384e-02,1.408276182917040514e-02,1.688843020559803454e-02,0.000000000000000000e+00,7.193972623834659144e-03,1.625742778605017078e-02,1.283813557362181029e-02,3.098362936946384705e-02,1.585150612375485144e-02,5.686799112791806471e-02,4.739637237798750846e-02,1.579001430133868816e-02,4.555357242749995955e-02,8.932314099630654647e-02,4.979115856466020257e-02,6.667142357815365739e-02,5.170318176372989960e-02,1.267165414018646234e-02,3.189328189748731612e-02,1.496639710216448801e-02,1.100004641416406012e-02,1.494420010615615454e-02,8.704547256239494879e-03,1.319166136789077029e-02,4.781679564798937271e-03,5.750079892792139651e-03,1.514820674694443078e-02,1.062241084120903525e-02,1.110026765350148950e-02,8.160317027416008964e-03,9.260252153717571724e-03,3.458135576776345636e-03,3.301979192845842619e-03,8.091760773199894660e-03,1.500558779312302637e-02,1.485178175978033727e-02,5.225681461963950850e-03,1.911588826549039458e-02,3.584063558139621158e-02,3.373141275564670027e-02,8.085436718822712823e-03,4.324676757202081806e-02,1.739447971433965776e-02,2.747201782664542014e-02,1.709154061951453918e-02,5.083655015675980771e-02,1.489510509526849671e-02,1.828683229708066155e-02,1.038809110920903625e-02,6.571803130705983556e-03,1.806591572054924016e-02,1.614404259424616350e-02,3.020881140772498780e-02,1.819399222066721625e-02,6.075005882587863892e-02,4.965264728146902284e-02,1.259039647350247357e-02,3.733654611620387115e-02,1.132844799551872839e-01,4.944465552972678729e-02,6.359918648710613520e-02,4.899338674278878175e-02,9.722379708003044824e-03,3.356361542783449503e-02
5.273565923681320690e-03,1.196665893288876431e-02,6.761110324196203600e-03,3.246204744760490188e-03,1.675613770397327632e-02,2.038066912532839059e-02,2.165567193183717473e-02,4.672075425612342604e-03,2.650735234665849843e-02,1.480535075054478095e-02,1.963742161426930422e-02,1.228498712117061589e-02,3.342571626226334414e-02,1.057113119397679220e-02,1.240074358732522371e-02,7.193972623834659144e-03,0.000000000000000000e+00,1.168100120202904962e-02,9.399352604737952130e-03,2.272346448855385587e-02,1.197294340782429668e-02,4.120498258585503920e-02,3.447908494492225862e-02,1.159999043475916716e-02,3.349066610231681007e-02,6.483185490536649831e-02,3.613795762852359955e-02,4.897645130465884400e-02,3.778938913486136475e-02,9.284270908025594668e-03,2.340084723381252382e-02,1.076266011559465739e-02,8.233620057625214150e-03,1.134030689268667770e-02,6.492987792281534193e-03,9.661491064806942280e-03,3.500023451607300710e-03,4.414218397494699617e-03,1.079888627782627127e-02,7.605481636728609815e-03,8.066544036491041236e-03,5.906289425469769122e-03,7.033827518854460573e-03,2.456452278144338752e-03,2.452107299714295294e-03,5.858819499687653587e-03,1.078859560587685888e-02,1.108024115344352634e-02,3.852538767064855180e-03,1.386240798422322396e-02,2.617010898587290163e-02,2.471571967828043587e-02,5.990474449168059490e-03,3.154478999567179864e-02,1.295108956107138276e-02,1.987426476047346111e-02,1.250922160991373502e-02,3.703366509788352801e-02,1.110769335747900308e-02,1.330180882519579541e-02,7.382504829108042441e-03,4.753974959122714630e-03,1.309500411921313105e-02,1.182914783523730286e-02,2.186703683465226686e-02,1.365444418668353144e-02,4.420762986042948983e-02,3.610714997952296085e-02,9.235716331599187062e-03,2.682522866631345884e-02,8.238260431843801024e-02,3.597464295272282536e-02,4.590699855383346267e-02,3.536211184386931633e-02,6.925128038765930583e-03,2.438158795911931839e-02
1.195966866513128134e-02,2.679288194922524111e-02,1.544999841658008244e-02,7.461318881586709653e-03,3.667290392960276257e-02,4.689123895868202441e-02,4.881476413336389292e-02,1.029621457295713631e-02,5.979665503399309023e-02,3.281645779097881743e-02,4.320239330742620121e-02,2.761481840373625207e-02,7.539489635930483880e-02,2.293692497852812748e-02,2.696085776911430823e-02,1.625742778605017078e-02,1.168100120202904962e-02,0.000000000000000000e+00,2.146373647166803164e-02,5.062479487358649555e-02,2.596492359485302534e-02,9.279164440897445798e-02,7.647497694917493316e-02,2.611421718134289069e-02,7.423870473946066195e-02,1.455012689043368446e-01,8.113562208140931431e-02,1.084714749710647408e-01,8.418959828161461101e-02,2.045266769003842300e-02,5.212341733043034803e-02,2.379305407416338822e-02,1.786077895175475563e-02,2.484284489499113263e-02,1.445941863075110925e-02,2.151007334109474034e-02,7.886251556989576361e-03,9.331402962207500235e-03,2.407934976351540357e-02,1.710418771100009200e-02,1.821608029389525096e-02,1.340319899257000694e-02,1.522388132277369480e-02,5.476711567134430123e-03,5.347666122288883932e-03,1.338294217903009467e-02,2.422503433805535747e-02,2.514913738455817199e-02,8.743578195870956721e-03,3.150911946030975769e-02,5.809421087447416698e-02,5.512919088576682253e-02,1.340084707350264540e-02,7.037398866182373314e-02,2.871228390096362826e-02,4.483998444874424255e-02,2.837909998570616738e-02,8.173300832910479485e-02,2.430152721134756083e-02,2.943373570773693410e-02,1.698952954850945982e-02,1.082202047206838949e-02,2.893908620181041488e-02,2.646343697138020881e-02,4.911331443393211066e-02,2.974947807624211960e-02,9.795031215469791885e-02,8.066628465368813616e-02,2.047425649161202163e-02,6.048642758404024211e-02,1.837511113135414376e-01,8.047501023990581703e-02,1.021268892981034015e-01,7.917923482451653949e-02,1.572799576078639031e-02,5.495885023519803819e-02
9.545350629990147912e-03,2.048102836757409798e-02,1.209102340617563935e-02,5.797989996909523602e-03,2.947436072198964668e-02,3.688696163882065199e-02,3.853946235059758918e-02,8.417939022664895285e-03,4.715347590753665719e-02,2.579469466804402283e-02,3.462307574189168319e-02,2.193646001102750320e-02,5.851466852362213755e-02,1.838606367286143781e-02,2.209025842406488541e-02,1.283813557362181029e-02,9.399352604737952130e-03,2.146373647166803164e-02,0.000000000000000000e+00,3.973850395002935521e-02,2.056792127172084664e-02,7.328648671271176251e-02,6.181190556906330374e-02,2.072064555151379231e-02,5.816935791059216210e-02,1.161857169349332364e-01,6.436622650877525664e-02,8.571596708680798149e-02,6.666589920389337509e-02,1.627593478917163661e-02,4.211753616260267147e-02,1.902792886839787048e-02,1.442741019625526540e-02,1.979934830856605599e-02,1.148034062007366289e-02,1.680152356792612850e-02,6.225812432709978798e-03,7.790732178532375381e-03,1.900596764472141723e-02,1.372329823780529638e-02,1.439988797032651369e-02,1.032272294289840291e-02,1.193847748072210738e-02,4.304303145997734510e-03,4.403521029754194419e-03,1.047824751547276993e-02,1.897252669692248497e-02,1.982556808690781255e-02,6.754314739325204334e-03,2.509080045316744792e-02,4.610358460285612914e-02,4.373881442924139329e-02,1.041848267338866228e-02,5.694133260763858950e-02,2.236757339287828023e-02,3.641604653827515414e-02,2.267303143320389611e-02,6.579912969955080404e-02,1.935015293594564978e-02,2.352243415160980636e-02,1.357059129146285376e-02,8.296596640505062015e-03,2.319119485684230375e-02,2.143350560584451892e-02,3.881261451757696962e-02,2.366015714910121165e-02,7.795365745843173266e-02,6.476835570174196977e-02,1.670654862868111920e-02,4.767102319386167658e-02,1.476330784809906371e-01,6.452380478029962063e-02,8.296378509287985481e-02,6.274741705398635683e-02,1.299012315639021600e-02,4.336218775597664582e-02
2.286118828822595109e-02,5.073529029348811115e-02,2.926838743070545035e-02,1.398172933260750234e-02,6.944814195054571648e-02,8.749723059780285805e-02,9.089051882046216002e-02,1.949166943116313611e-02,1.129420754566120844e-01,6.260311533843887499e-02,8.168958075203455738e-02,5.247098448186519187e-02,1.415911104722422376e-01,4.397232445072896817e-02,5.183381568884391777e-02,3.098362936946384705e-02,2.272346448855385587e-02,5.062479487358649555e-02,3.973850395002935521e-02,0.000000000000000000e+00,4.953559144204166403e-02,1.730199307566514244e-01,1.460724870666446629e-01,4.964975392468660986e-02,1.401640362212270841e-01,2.747269969455101712e-01,1.540269917573693359e-01,2.051858143053727768e-01,1.586015198392033976e-01,3.875522614313247488e-02,9.808946876326596342e-02,4.489996106568167750e-02,3.348809045393993933e-02,4.709062282656061027e-02,2.743354306627119113e-02,4.103079576666530254e-02,1.490897612854343024e-02,1.776169320174592406e-02,4.509214762951566785e-02,3.190632525530337493e-02,3.430369980996347823e-02,2.520190561449222461e-02,2.913403435103484318e-02,1.042620134496384347e-02,9.895166918030365646e-03,2.553017838104861340e-02,4.581207651568167116e-02,4.741403770081974167e-02,1.640296348790137512e-02,5.872718832145196188e-02,1.115312477115550094e-01,1.036393913142987372e-01,2.509473498126912894e-02,1.333888278562955498e-01,5.416457218596529288e-02,8.367677854579903818e-02,5.302837723192779101e-02,1.552552285087241968e-01,4.631598818795454320e-02,5.647790240078114088e-02,3.187433505971242614e-02,2.018707918982741434e-02,5.415648197524337154e-02,5.071702818431882837e-02,9.322012601445690827e-02,5.685811758028325169e-02,1.850972495608908253e-01,1.532539821279018388e-01,3.961951952954152756e-02,1.129453546859701674e-01,3.476896576959696006e-01,1.525702994542611768e-01,1.929857606352060884e-01,1.493704576475974599e-01,2.974225137640861688e-02,1.035666555368253555e-01
1.261240973083850928e-02,2.615816772403498081e-02,1.500801769621400855e-02,7.221522249450905429e-03,3.608112302886047618e-02,4.466989585638838495e-02,4.736531699321021999e-02,1.059628644455032007e-02,5.745818807097174269e-02,3.301701799099041740e-02,4.276606115335319230e-02,2.889173092261041950e-02,7.326431839747780950e-02,2.329787290585087420e-02,2.678041391968395690e-02,1.585150612375485144e-02,1.197294340782429668e-02,2.596492359485302534e-02,2.056792127172084664e-02,4.953559144204166403e-02,0.000000000000000000e+00,8.794867162048385090e-02,7.613573424243522125e-02,2.704524556575188532e-02,7.268422938774540820e-02,1.438520399107542369e-01,7.926455965716570906e-02,1.056761344665511498e-01,8.116916890109922289e-02,1.989170975526048310e-02,5.094818886955895104e-02,2.359708289750283780e-02,1.779937030012156834e-02,2.463937959428716754e-02,1.431314752867899297e-02,2.169748935827899364e-02,7.715843618418611466e-03,9.359787530359337665e-03,2.400325201652190113e-02,1.664389135902224343e-02,1.791774579358921399e-02,1.344106045362640674e-02,1.555960007725459490e-02,5.587715304931688449e-03,5.295864594493107473e-03,1.395207573804274105e-02,2.356345883821740414e-02,2.487151904603155522e-02,8.670700665162197826e-03,3.078557851353059399e-02,5.644853244149938831e-02,5.408619145545629642e-02,1.346315449313485561e-02,6.827380268030321109e-02,2.886634337525362248e-02,4.417447720656199339e-02,2.961293833862670144e-02,8.056657803518080252e-02,2.450812761117202032e-02,2.948234835339158880e-02,1.656856626427654494e-02,1.077782039441248750e-02,2.846239341367494402e-02,2.614845680162571420e-02,4.813709201702447149e-02,3.056420159588130181e-02,9.400722071980245620e-02,8.033496563876890706e-02,2.127661088258648442e-02,5.836455342708130739e-02,1.822249602068184704e-01,7.843592845471922259e-02,9.998889203917127322e-02,7.574620530519977912e-02,1.521639540057216633e-02,5.357403540019162191e-02
