0.000000000000000000e+00,1.919538734402871649e-02,1.071436107434419957e-02,6.001839079367543052e-03,2.304712750238296221e-02,3.113086928901586878e-02,3.414782994221965406e-02,8.002271515989138606e-03,4.088056946721187884e-02,2.280402745698821218e-02,3.047218896589392809e-02,1.837412061387360546e-02,4.966278248138433771e-02,1.128541724996029449e-02,1.542220540412370111e-02,1.008166010432288810e-02,8.533249632341305749e-03,1.708819360188492190e-02,1.938359316927586173e-02,3.064723788997797058e-02,1.670977581827949587e-02,5.483152486895425531e-02,5.128176358407449814e-02,1.504783313029594075e-02,4.061956092664133211e-02,9.526770400846631959e-02,4.878889364179637977e-02,7.136003328629729470e-02,4.850114088973660892e-02,1.354747380784649367e-02,3.539545388739243764e-02,1.449486409025603148e-02,1.102138239911754775e-02,1.448688781921357235e-02,9.331220489327171977e-03,1.188975215113046054e-02,6.153877776697448850e-03,6.531746674834527401e-03,1.590431167765286521e-02,1.028524920797293032e-02,1.389628346484313159e-02,9.522657894407622961e-03,1.014595460109628602e-02,3.313453772979626979e-03,3.338906359087602960e-03,1.202628340496368631e-02,1.712056098186926292e-02,1.988018312153352202e-02,9.652551120959043662e-03,2.469795032842061686e-02,2.951072416978101770e-02,3.452865375920778634e-02,1.165139830491962979e-02,4.212946882332820053e-02,2.077510410528523449e-02,3.187010381129339043e-02,1.948542843579087122e-02,5.126131757773654679e-02,1.767501843192741118e-02,1.739896677429830785e-02,1.695992444147521178e-02,7.024549923951625002e-03,1.669999396774742018e-02,1.855338471235298825e-02,2.968960902713509847e-02,1.912358274970886451e-02,5.354531782586854916e-02,5.775217393445861852e-02,1.414185214919482479e-02,3.719516735443350458e-02,1.101752119673204550e-01,4.877037487369371982e-02,6.544873332170390856e-02,4.822397571885541495e-02,1.088756644205441000e-02,3.636893576014926799e-02
1.919538734402871649e-02,0.000000000000000000e+00,2.016779183661948985e-02,1.131561122066358262e-02,4.268993547952784628e-02,5.795600251639670270e-02,6.420047960846170243e-02,1.468536633321239175e-02,7.749071963484339964e-02,4.213593839846600797e-02,5.699087517321810986e-02,3.265447685190236982e-02,9.397324414733847220e-02,2.104171424522747677e-02,2.742153422094096432e-02,1.900809631657145518e-02,1.606204755770433007e-02,3.263985352338075185e-02,3.656199348290289919e-02,5.853513124321819971e-02,3.033000184442408501e-02,1.037305608554670855e-01,9.466304019310295415e-02,2.737805733799388713e-02,7.578239384453540339e-02,1.747026816682646644e-01,9.181323949611649993e-02,1.344710018308496458e-01,9.151684673560550598e-02,2.595959306183785731e-02,6.609241921847824885e-02,2.651075652882158712e-02,2.057889884796277116e-02,2.689253571873471624e-02,1.723887045044145833e-02,2.237516258445363879e-02,1.162187081939656912e-02,1.229154250797507252e-02,2.902331792503868441e-02,1.917964079771454500e-02,2.549510603387535393e-02,1.757408128432694228e-02,1.890032946532180583e-02,6.206645231294364955e-03,6.107332599318953878e-03,2.173630078563795753e-02,3.257080781868031127e-02,3.730503317409802899e-02,1.769329969126130081e-02,4.581805694634355497e-02,5.543128947549253588e-02,6.504265675656777101e-02,2.138753445429336653e-02,7.996618283738422817e-02,3.869049295518330045e-02,5.942631643681096920e-02,3.392922774860926416e-02,9.675889710831621360e-02,3.326045604150620200e-02,3.141545209015850909e-02,3.206233399414566698e-02,1.304757886235140621e-02,3.163669327798869502e-02,3.568649194991161538e-02,5.570854444500715485e-02,3.482957071170178498e-02,1.015662878677944386e-01,1.069524328867763330e-01,2.518508684304895939e-02,7.026493509736192467e-02,2.028068160152695365e-01,9.184438271014140620e-02,1.232352991226808858e-01,9.094575810588746700e-02,2.032019506821067939e-02,6.749627424461510095e-02
1.071436107434419957e-02,2.016779183661948985e-02,0.000000000000000000e+00,6.256640976750567525e-03,2.382011855688378685e-02,3.274309221705428569e-02,3.571932572525215316e-02,8.393492817506068709e-03,4.420073922986641340e-02,2.333996701613011079e-02,3.243082121442347754e-02,1.830925786828118546e-02,5.193372858177275342e-02,1.176588405718968257e-02,1.610075229520464141e-02,1.058196263897260084e-02,9.066379877318783004e-03,1.825686072377623662e-02,2.131069427411953071e-02,3.314383066922011595e-02,1.659904020025074894e-02,6.007863978399202026e-02,5.410841708739895506e-02,1.545431544765625900e-02,4.222130631175533694e-02,1.002659577628778054e-01,5.139543131335959358e-02,7.516824103849861771e-02,5.205127334705792613e-02,1.461338119965580919e-02,3.706478047789576319e-02,1.492516854091394812e-02,1.163785935091131429e-02,1.509561149395062876e-02,9.613905464438703488e-03,1.228679154084740162e-02,6.475355734247011628e-03,7.120008670502592403e-03,1.635974487016698606e-02,1.082561625563312896e-02,1.430082760837484909e-02,9.559100145863350106e-03,1.038191469289680667e-02,3.380823988400021365e-03,3.579338103799034523e-03,1.192717255102444460e-02,1.833997253364154020e-02,2.103011606108184592e-02,9.797793400337194772e-03,2.544609906708509423e-02,3.149732075552058586e-02,3.617713890355559597e-02,1.197177130816293351e-02,4.616526064848131689e-02,2.105109056403836609e-02,3.389848489733634368e-02,1.859578862552389855e-02,5.407021820047117067e-02,1.839812858182030345e-02,1.799272295163142216e-02,1.786770828490356205e-02,7.100210771013856087e-03,1.795212874582487877e-02,2.032288944433111727e-02,3.172593458771287567e-02,1.903950522860884884e-02,5.811241955286480798e-02,6.090752178668655537e-02,1.433123563894177395e-02,3.996815146519938633e-02,1.155663565517494051e-01,5.210349478239723747e-02,6.948398252350840298e-02,5.159988243951323800e-02,1.172493401192412944e-02,3.811527771106240636e-02
6.001839079367543052e-03,1.131561122066358262e-02,6.256640976750567525e-03,0.000000000000000000e+00,1.347706886048913311e-02,1.816017348461038475e-02,1.999669126376330333e-02,4.759864197037403689e-03,2.450192910454894110e-02,1.305187896681663830e-02,1.821962321597102655e-02,1.005244028361956983e-02,2.929734028469484913e-02,6.535170475134619017e-03,8.614746920502970237e-03,5.672972080125616295e-03,5.024485219366944290e-03,1.014682650466303647e-02,1.155218371756389258e-02,1.783599243674172802e-02,9.539961460509149491e-03,3.275145424969112817e-02,2.998845621998478053e-02,8.373874317293396319e-03,2.373189664232699600e-02,5.504191942605043963e-02,2.842765675820652094e-02,4.222771359649186290e-02,2.849167969965511749e-02,8.104763259978758211e-03,2.069835819462230789e-02,8.549625155765074383e-03,6.701408394929257543e-03,8.453939450542210035e-03,5.444244289845323950e-03,6.696403222641313449e-03,3.531973861683651832e-03,3.997267819047062472e-03,9.287983833228102490e-03,6.185423000115657273e-03,8.019962708128641066e-03,5.422490934280271499e-03,5.705395965651247590e-03,1.868482195466454956e-03,1.985718749521198610e-03,6.960138395684819373e-03,1.021255724027989552e-02,1.175020584010979564e-02,5.535909240382266491e-03,1.446710679416604410e-02,1.744660294213974672e-02,2.044253638527245009e-02,6.823725678655112245e-03,2.542617528188719639e-02,1.207564357224552576e-02,1.890606001372771919e-02,1.037910283457839540e-02,3.055239111932539497e-02,1.036814367155050425e-02,9.797822400922117855e-03,1.019486074063013364e-02,4.081704721128898150e-03,9.963099366259293294e-03,1.124756096622589983e-02,1.747374631823938110e-02,1.100888101423967182e-02,3.225811689421959755e-02,3.380884227945214759e-02,7.930678054590526577e-03,2.209149790828388374e-02,6.435020312587987068e-02,2.869457196422467438e-02,3.895543035817902039e-02,2.844207640765289424e-02,6.478770461417917778e-03,2.117784224983861388e-02
2.304712750238296221e-02,4.268993547952784628e-02,2.382011855688378685e-02,1.347706886048913311e-02,0.000000000000000000e+00,6.963790666515395911e-02,7.628561514624401796e-02,1.805937836327838400e-02,9.268411288784399182e-02,5.046131458498900879e-02,6.939817368512256335e-02,3.896894592091066506e-02,1.119940370626650028e-01,2.493923387994831375e-02,3.307893025720194669e-02,2.247074418451427968e-02,1.907716834873592060e-02,3.835408109148012723e-02,4.401535485425897565e-02,6.825766573008106020e-02,3.693762429706861500e-02,1.238822556179512702e-01,1.136207724815150033e-01,3.260650756916929488e-02,9.003400638125365341e-02,2.087799355866174766e-01,1.081652082939081744e-01,1.603245913688912117e-01,1.086496079019909494e-01,3.066785644863354726e-02,7.952253909234842377e-02,3.272480167898065423e-02,2.508999787220356562e-02,3.258573038897274315e-02,2.073570114006909049e-02,2.645404984610102289e-02,1.392919613586558920e-02,1.514325288274417751e-02,3.548947965554324901e-02,2.347204870872981325e-02,3.081494477732498599e-02,2.088973896094465169e-02,2.221267677884253972e-02,7.355580903354282454e-03,7.573917284554376045e-03,2.624285339916712298e-02,3.856759719649178325e-02,4.401274049893743462e-02,2.131662471140943760e-02,5.548674142169237461e-02,6.637862680521561254e-02,7.773931867140095042e-02,2.575531293970220389e-02,9.638890752252701755e-02,4.708080133440011722e-02,7.284436649690152754e-02,4.086908746595622338e-02,1.154602471770897892e-01,3.940788533703028229e-02,3.681652267017610641e-02,3.808357110982231453e-02,1.564444874831866575e-02,3.809058192931644854e-02,4.280532955131575307e-02,6.580725863681634313e-02,4.206210091212368718e-02,1.213923491444747482e-01,1.276550967605710185e-01,3.029727057052469807e-02,8.371360746302403122e-02,2.439314565056148187e-01,1.086989809224230830e-01,1.474517745981699657e-01,1.079628355342130558e-01,2.507605283479159841e-02,8.065308618290768783e-02
3.113086928901586878e-02,5.795600251639670270e-02,3.274309221705428569e-02,1.816017348461038475e-02,6.963790666515395911e-02,0.000000000000000000e+00,1.042716789645347780e-01,2.374636115039485684e-02,1.261318565279123671e-01,6.708540711163497872e-02,9.223866553386450562e-02,5.245482740976559199e-02,1.513839669132170662e-01,3.381121108470037939e-02,4.438281763229164761e-02,3.005751500860263936e-02,2.565557011073153412e-02,5.245767506878372399e-02,5.928150703608033728e-02,9.348379535611052449e-02,4.894229397000518511e-02,1.695669135820264128e-01,1.539842111734842645e-01,4.470826053147546053e-02,1.228663081628157960e-01,2.842033925796936256e-01,1.474109957732705201e-01,2.160444521920542038e-01,1.475190961700791614e-01,4.119915826041611884e-02,1.065385643047745690e-01,4.382248201731191173e-02,3.385604446384855859e-02,4.364961715500561418e-02,2.801819583731973706e-02,3.571569257365706657e-02,1.871962468331153998e-02,1.998636238396233819e-02,4.739179073830727951e-02,3.169541937193134234e-02,4.118031227994308624e-02,2.779360403289487733e-02,3.016758913910425749e-02,1.008249224119903489e-02,1.003308156216297341e-02,3.562790341336602440e-02,5.227574738993813475e-02,6.024600028598479928e-02,2.829609444691238290e-02,7.428391933280965864e-02,9.030067191174227792e-02,1.053448317290636427e-01,3.420006157002121461e-02,1.309695611979365126e-01,6.214066161759275453e-02,9.738140149740880103e-02,5.462952173335418327e-02,1.561806396058585122e-01,5.294473579723540935e-02,5.046008139986090518e-02,5.156438483262963668e-02,2.111710330275908334e-02,5.127543354972939615e-02,5.718777969504292708e-02,8.973137233003264379e-02,5.618992735875723982e-02,1.648669443006311741e-01,1.739589115576975487e-01,4.114343456087370815e-02,1.146152169381136343e-01,3.321821143291502909e-01,1.481797910036351529e-01,2.000061643033866632e-01,1.469160840712493143e-01,3.344572138111549797e-02,1.092526408884680056e-01
3.414782994221965406e-02,6.420047960846170243e-02,3.571932572525215316e-02,1.999669126376330333e-02,7.628561514624401796e-02,1.042716789645347780e-01,0.000000000000000000e+00,2.672940896616185849e-02,1.387773003213144674e-01,7.510437006818102001e-02,1.029090357826471375e-01,5.828810876463412505e-02,1.665019597159680953e-01,3.711227550683181275e-02,4.896941282485690883e-02,3.371715433077440705e-02,2.864552906266390128e-02,5.760931261083110377e-02,6.546829467669168512e-02,1.023487130750279500e-01,5.474206051844759252e-02,1.854169860438938111e-01,1.693299642063294808e-01,4.865205821652553164e-02,1.351281311821823927e-01,3.120216998382254192e-01,1.613233922068983694e-01,2.387890984147512663e-01,1.619742106128383707e-01,4.566891103726330309e-02,1.175101456890444707e-01,4.861442726035315742e-02,3.746315191554897006e-02,4.832162330023867525e-02,3.077221483476669933e-02,3.949425843973769501e-02,2.089526540892041109e-02,2.241481573276113762e-02,5.310041822310611337e-02,3.506062066382684139e-02,4.583191715637163072e-02,3.124820528571171582e-02,3.331017529875098665e-02,1.105547819487786958e-02,1.119308567407559067e-02,3.903066091374626789e-02,5.796184321605175882e-02,6.547382195422918327e-02,3.152303295038572095e-02,8.179056116302431401e-02,9.886434338366079100e-02,1.159274638884749131e-01,3.837849362079891885e-02,1.435528524744052181e-01,6.968380965738073252e-02,1.071756559886733184e-01,6.048879304380652688e-02,1.720077298212908390e-01,5.856336514770380669e-02,5.462803946791659759e-02,5.689004467109343849e-02,2.334329647942978009e-02,5.658080495155650563e-02,6.317460884110835673e-02,9.852116564260336717e-02,6.218543220697747564e-02,1.811606450382733380e-01,1.897749508944252261e-01,4.508938326215261583e-02,1.251502730819613329e-01,3.627070562981942747e-01,1.617229996108179857e-01,2.199254714671520228e-01,1.609153765941275238e-01,3.671367111425969526e-02,1.195042545096157705e-01
8.002271515989138606e-03,1.468536633321239175e-02,8.393492817506068709e-03,4.759864197037403689e-03,1.805937836327838400e-02,2.374636115039485684e-02,2.672940896616185849e-02,0.000000000000000000e+00,3.187137241550445227e-02,1.769659086523056243e-02,2.361328014012492246e-02,1.395293814400829814e-02,3.865005846400602907e-02,8.927523826078021668e-03,1.150859619464521255e-02,7.991325837068730814e-03,6.650818609302166194e-03,1.344696797552224002e-02,1.500533671884341121e-02,2.379730618689418140e-02,1.244257938033939762e-02,4.296851076116507684e-02,3.864246672322931009e-02,1.149442205294952737e-02,3.141857243371309893e-02,7.265583353518910437e-02,3.732755765892033922e-02,5.548907852976090599e-02,3.750046127939311164e-02,1.045284133350202031e-02,2.713316535256885334e-02,1.088634805076438630e-02,8.395671127727166033e-03,1.126971576643517881e-02,7.058632670365993199e-03,9.422664520224072887e-03,4.853915938851122158e-03,4.986574157163697549e-03,1.191340722610508863e-02,7.959924455070571669e-03,1.049998164830995458e-02,7.148119744400720406e-03,8.022694674998651077e-03,2.658056676319723536e-03,2.583520883204426868e-03,8.864880885759464368e-03,1.330388080634609810e-02,1.524961319698372834e-02,7.274130755722790082e-03,1.905887324837374913e-02,2.295383970808318255e-02,2.719368367919662577e-02,8.597574841216665958e-03,3.295689749658893553e-02,1.646052057572935240e-02,2.539177355148756338e-02,1.500012019167871850e-02,3.970048215186991469e-02,1.357536471817385494e-02,1.288684000787779053e-02,1.294444821384578732e-02,5.528331968373038051e-03,1.303334619796331882e-02,1.490895924606238515e-02,2.293917201242248044e-02,1.439658688300272070e-02,4.193068595152390360e-02,4.406259016213757290e-02,1.056503903513246294e-02,2.902942175290240331e-02,8.429969346040233624e-02,3.790040655283517107e-02,5.132197453867381326e-02,3.699157655594852850e-02,8.370999137144148963e-03,2.782232575235311575e-02
4.088056946721187884e-02,7.749071963484339964e-02,4.420073922986641340e-02,2.450192910454894110e-02,9.268411288784399182e-02,1.261318565279123671e-01,1.387773003213144674e-01,3.187137241550445227e-02,0.000000000000000000e+00,8.991374101054701307e-02,1.238975252604299915e-01,6.998274261171048838e-02,2.025508777709923991e-01,4.573959902817739676e-02,5.980443089127537165e-02,4.072293980190970497e-02,3.484306823354463289e-02,7.054220037022360112e-02,7.999320126307035705e-02,1.270768070512203196e-01,6.479313976110230577e-02,2.278490661789321636e-01,2.059736114739210144e-01,5.911168408655070872e-02,1.637044134159934827e-01,3.797278574140715013e-01,1.988379912969470142e-01,2.897642828844367302e-01,1.983283571512092225e-01,5.574764912457750438e-02,1.422769815409834215e-01,5.725482467017126847e-02,4.492231357867312869e-02,5.839121227873745462e-02,3.709144345500171858e-02,4.814177094201034512e-02,2.517348329892670628e-02,2.684051350296579388e-02,6.246382926925467954e-02,4.187483159148766565e-02,5.499497023380961469e-02,3.712154000348950877e-02,4.026855482479049092e-02,1.336846077248740779e-02,1.348893168900354260e-02,4.617894197628290287e-02,7.034054426418409611e-02,8.098861740681909116e-02,3.770673775356558205e-02,9.836821268801251850e-02,1.206305672287524555e-01,1.406438485515957570e-01,4.562459398109762476e-02,1.757963256236741711e-01,8.372355777157571011e-02,1.304151239185709077e-01,7.334214665488192342e-02,2.085129120519040591e-01,7.067877357366214586e-02,6.771797114229551051e-02,6.892226998718395392e-02,2.830934633154374991e-02,6.860777396945616502e-02,7.780653658349191704e-02,1.217402040476219249e-01,7.455288046797109436e-02,2.215315355489714533e-01,2.330531158767087940e-01,5.455953507197674329e-02,1.529843662034873764e-01,4.412557223234447323e-01,2.001859012518200365e-01,2.681567158774914028e-01,1.971508617158067578e-01,4.468339789038706933e-02,1.455214281328244263e-01
2.280402745698821218e-02,4.213593839846600797e-02,2.333996701613011079e-02,1.305187896681663830e-02,5.046131458498900879e-02,6.708540711163497872e-02,7.510437006818102001e-02,1.769659086523056243e-02,8.991374101054701307e-02,0.000000000000000000e+00,6.776546153480603185e-02,3.850868839626245960e-02,1.092333684760770779e-01,2.442386713723304625e-02,3.266378915893271978e-02,2.218165706836102563e-02,1.856852583425092421e-02,3.789775648801479990e-02,4.319774780449390367e-02,6.706066019943468515e-02,3.618084419775498967e-02,1.211751870131988207e-01,1.109849989044500718e-01,3.179580131013328564e-02,8.821116209733476099e-02,2.054042440742629427e-01,1.047649007159397461e-01,1.561406344158570436e-01,1.055223686797518573e-01,2.977475506140807304e-02,7.696502880584868422e-02,3.115353979750015712e-02,2.439037335396654002e-02,3.137799261845037463e-02,1.981475732674416179e-02,2.609056355898194124e-02,1.372500037804937935e-02,1.452285468073231077e-02,3.420929551791765388e-02,2.290084211780654341e-02,3.011309444890915982e-02,2.023685882488212781e-02,2.187972753220155872e-02,7.078155706910215297e-03,7.426873436882797802e-03,2.564819483055472138e-02,3.785313099901214257e-02,4.273944359613233296e-02,2.087923969163863955e-02,5.383513258865086498e-02,6.344196300826271395e-02,7.550498220988170750e-02,2.528468829727363240e-02,9.307225021273775323e-02,4.542147646881580098e-02,7.031153146614745053e-02,3.982207570842771771e-02,1.121807444978815682e-01,3.841278627790684769e-02,3.633512533389778032e-02,3.722365346811425113e-02,1.506404594105385450e-02,3.700894727547836272e-02,4.156578056510438351e-02,6.434723938267555843e-02,4.096260102781568158e-02,1.184189356239065682e-01,1.246409055128580579e-01,2.952087129211371924e-02,8.152510600152072795e-02,2.372101450664048650e-01,1.053981927306146260e-01,1.439970684436348847e-01,1.051464777602963557e-01,2.398716652431535576e-02,7.856336584776756060e-02
3.047218896589392809e-02,5.699087517321810986e-02,3.243082121442347754e-02,1.821962321597102655e-02,6.939817368512256335e-02,9.223866553386450562e-02,1.029090357826471375e-01,2.361328014012492246e-02,1.238975252604299915e-01,6.776546153480603185e-02,0.000000000000000000e+00,5.279088734944656358e-02,1.497941156508799943e-01,3.429232373619780366e-02,4.356299888793317004e-02,3.024908352365809211e-02,2.583437034263925958e-02,5.176469291026283143e-02,5.894177251580139110e-02,9.201091448827827812e-02,4.864408412363588341e-02,1.658018548097297262e-01,1.501475543176089000e-01,4.403458498605605786e-02,1.200725701066731044e-01,2.780030900850648523e-01,1.452129756657595805e-01,2.135247493945721386e-01,1.450484398222778304e-01,4.089193397648405864e-02,1.053383376771945545e-01,4.221364040658969613e-02,3.286435431925626566e-02,4.308745705733985076e-02,2.709406119618366568e-02,3.618366234130872272e-02,1.869848979314534670e-02,1.966340278507592437e-02,4.582016425637860241e-02,3.073408786956075001e-02,4.067422926229963959e-02,2.753380602677889949e-02,3.015073145312267833e-02,9.974638383515350634e-03,9.937869637238465337e-03,3.440260635088684960e-02,5.177389059716080294e-02,5.898149375772562819e-02,2.823747411930651111e-02,7.383356637743881956e-02,8.868569268896010771e-02,1.042060108155558190e-01,3.348699169463413561e-02,1.285111355907555264e-01,6.313906812889792664e-02,9.708317135099170381e-02,5.513327911802729658e-02,1.533056493349188032e-01,5.254058101343009324e-02,4.929040884125512195e-02,5.043624608221063815e-02,2.101979607909826991e-02,5.039694470449637004e-02,5.749418536294939597e-02,8.929974888831025692e-02,5.561975011409785175e-02,1.618613511688379858e-01,1.693301417269844344e-01,4.018824711806336103e-02,1.120919053585396202e-01,3.236495371338354299e-01,1.468413420855640417e-01,1.978951617228734972e-01,1.438213758695323918e-01,3.329019142148725852e-02,1.075152950744171360e-01
1.837412061387360546e-02,3.265447685190236982e-02,1.830925786828118546e-02,1.005244028361956983e-02,3.896894592091066506e-02,5.245482740976559199e-02,5.828810876463412505e-02,1.395293814400829814e-02,6.998274261171048838e-02,3.850868839626245960e-02,5.279088734944656358e-02,0.000000000000000000e+00,8.492944253303856550e-02,1.898912893940755617e-02,2.627192305880898457e-02,1.742937316476773912e-02,1.469632510186181379e-02,2.951060983179969871e-02,3.408975014051711383e-02,5.205383031094870661e-02,2.837807939935628465e-02,9.423292340077787932e-02,8.743887242489246925e-02,2.523423148464556953e-02,6.835047091916572615e-02,1.615722572951579505e-01,8.157749459485780230e-02,1.216324026106276879e-01,8.286928050594748185e-02,2.339311586407611873e-02,6.027704423046335858e-02,2.433939769015950466e-02,1.880022482614199936e-02,2.457157564473349404e-02,1.540523234921605672e-02,2.002884446276004260e-02,1.045516920266209224e-02,1.118568977396618321e-02,2.646214921087349306e-02,1.767142386861665984e-02,2.350688046724203756e-02,1.567499273609949256e-02,1.689971691399178022e-02,5.495342416080509738e-03,5.738140535795265874e-03,2.043913084885005255e-02,2.934620255324134341e-02,3.326416138401717959e-02,1.619837125957380997e-02,4.194062521271534061e-02,4.973281117815350760e-02,5.896761129126162904e-02,1.958303557632866745e-02,7.242958585545358763e-02,3.510680573034819646e-02,5.515670855030446740e-02,3.218231400743237075e-02,8.751609203177380947e-02,3.014256368975457012e-02,2.883137964970547071e-02,2.897562884276122519e-02,1.186018769590031600e-02,2.884545280809439755e-02,3.264694874485877391e-02,5.028513380823847190e-02,3.199394729460652148e-02,9.220387126789197918e-02,9.743650525209626712e-02,2.344755146053476708e-02,6.321210570887950131e-02,1.865782534936848702e-01,8.244187532251869011e-02,1.123590655235487679e-01,8.206217176935978741e-02,1.900101082696564747e-02,6.191371567871981063e-02
4.966278248138433771e-02,9.397324414733847220e-02,5.193372858177275342e-02,2.929734028469484913e-02,1.119940370626650028e-01,1.513839669132170662e-01,1.665019597159680953e-01,3.865005846400602907e-02,2.025508777709923991e-01,1.092333684760770779e-01,1.497941156508799943e-01,8.492944253303856550e-02,0.000000000000000000e+00,5.458433105983671874e-02,7.148881992932665241e-02,4.916223899812578041e-02,4.164632407329871278e-02,8.454635638657211072e-02,9.530586087903841763e-02,1.505190662568549886e-01,7.948396243184013832e-02,2.721895595615145824e-01,2.471223503506104202e-01,7.091257816147544801e-02,1.980779047084530453e-01,4.550132429518962129e-01,2.371680172378582974e-01,3.486328721413384790e-01,2.366908012111542114e-01,6.635804275081855219e-02,1.711863111490579126e-01,7.041015854698867704e-02,5.455985042689043274e-02,6.985157428648190725e-02,4.468826587424673535e-02,5.770980386904747683e-02,3.058856271703287721e-02,3.266982350303845872e-02,7.719740611939282515e-02,5.084839900063668067e-02,6.655506028584989853e-02,4.561124316408991797e-02,4.849633834442385744e-02,1.626180893929590754e-02,1.623089583606356079e-02,5.684734976520380151e-02,8.462635333227412626e-02,9.649984181854738552e-02,4.607458017847233106e-02,1.193248194914406646e-01,1.432036596412844531e-01,1.688980577676857664e-01,5.576128550909856957e-02,2.102558046972731742e-01,1.021407536452450387e-01,1.567706107896027767e-01,8.819256392885661822e-02,2.505248248384093768e-01,8.527237888311116343e-02,8.083188804078079992e-02,8.358997381351374045e-02,3.406686541945493779e-02,8.272941383021167883e-02,9.270376360034968122e-02,1.446131962141488092e-01,9.104229410530313704e-02,2.658475434252817182e-01,2.791558556739515695e-01,6.558645280598887628e-02,1.837400269279982346e-01,5.307059802754667821e-01,2.376239163138808008e-01,3.212414486511070977e-01,2.348415296049232714e-01,5.364589832553114113e-02,1.751444822560501713e-01
1.128541724996029449e-02,2.104171424522747677e-02,1.176588405718968257e-02,6.535170475134619017e-03,2.493923387994831375e-02,3.381121108470037939e-02,3.711227550683181275e-02,8.927523826078021668e-03,4.573959902817739676e-02,2.442386713723304625e-02,3.429232373619780366e-02,1.898912893940755617e-02,5.458433105983671874e-02,0.000000000000000000e+00,1.663624297236464614e-02,1.086454304903156434e-02,9.274012201055784749e-03,1.869632375959571352e-02,2.198664482838203274e-02,3.332966621382511818e-02,1.794098141641892533e-02,6.147232326879563391e-02,5.620463504164634888e-02,1.559268815006672679e-02,4.360959450325609110e-02,1.025773252185363527e-01,5.266137158457793316e-02,7.881728554458397595e-02,5.309549092763473505e-02,1.498236810994958701e-02,3.852215196467360936e-02,1.592886296332829063e-02,1.240839916238892573e-02,1.583510511983175773e-02,1.004760542245118453e-02,1.260060929704402699e-02,6.810953267583000695e-03,7.622636341864132831e-03,1.759865473308698872e-02,1.159284423471218517e-02,1.525584546241174830e-02,1.023200480683931872e-02,1.082711292040234793e-02,3.569316406909081411e-03,3.738266118248878642e-03,1.289964052370962642e-02,1.922934955997239112e-02,2.161165942691454719e-02,1.047358434451405897e-02,2.698179634739680463e-02,3.206482036751122366e-02,3.775199373809182135e-02,1.279562848845976208e-02,4.745917642306331924e-02,2.248460159200195430e-02,3.532168885191105945e-02,1.937679614950757120e-02,5.637564966530200783e-02,1.943253010140032905e-02,1.825400207927587240e-02,1.875506801962983916e-02,7.454489548103708160e-03,1.884523937108156452e-02,2.118508661600489520e-02,3.230286018084581323e-02,2.034458090107386583e-02,5.978553533930462682e-02,6.296986573679770605e-02,1.461722660526264608e-02,4.095742066801138365e-02,1.187737497436283929e-01,5.297929745018577913e-02,7.207680368353751310e-02,5.289039158764358151e-02,1.196735067094267281e-02,3.914572283492459559e-02
1.542220540412370111e-02,2.742153422094096432e-02,1.610075229520464141e-02,8.614746920502970237e-03,3.307893025720194669e-02,4.438281763229164761e-02,4.896941282485690883e-02,1.150859619464521255e-02,5.980443089127537165e-02,3.266378915893271978e-02,4.356299888793317004e-02,2.627192305880898457e-02,7.148881992932665241e-02,1.663624297236464614e-02,0.000000000000000000e+00,1.513516293467324046e-02,1.237945224831857663e-02,2.489145599903323097e-02,2.823452200175395610e-02,4.501080956258290272e-02,2.324440135202626365e-02,8.085720491085035544e-02,7.403199530022216979e-02,2.202378174765778907e-02,5.795259478505467021e-02,1.374958456410139973e-01,7.103499328562923321e-02,1.030345862416247038e-01,7.075998092633664638e-02,1.926978309308421955e-02,5.146175550158899742e-02,2.054893535726404902e-02,1.572785281337286956e-02,2.181593604752187984e-02,1.339176606978775136e-02,1.770814018829234768e-02,8.860261923354916316e-03,9.424972133987425532e-03,2.226257744720281859e-02,1.467197357046557023e-02,2.009778680173865059e-02,1.317458196149429508e-02,1.482514743429946477e-02,4.867815548355912056e-03,4.938130478778972841e-03,1.680204009125227729e-02,2.478245399529940829e-02,2.865770942429587964e-02,1.336249551318959700e-02,3.504540411941851896e-02,4.314009001804821469e-02,4.988298929918519309e-02,1.634797945232945027e-02,6.139214849321767559e-02,2.982928457490802848e-02,4.698539012930971065e-02,2.865815195329613971e-02,7.352003769876620798e-02,2.510754404445769000e-02,2.513905763122849940e-02,2.397465404187099428e-02,1.021244437406460849e-02,2.419250748157291200e-02,2.777067206391979626e-02,4.371084821317158114e-02,2.686243696889069679e-02,7.862393218798578720e-02,8.428096231843970609e-02,2.035045642367876162e-02,5.418083973749720367e-02,1.591613954932177832e-01,7.195594706638552829e-02,9.490635546672980538e-02,6.983703197339471980e-02,1.569021233972796303e-02,5.245098845246139868e-02
1.008166010432288810e-02,1.900809631657145518e-02,1.058196263897260084e-02,5.672972080125616295e-03,2.247074418451427968e-02,3.005751500860263936e-02,3.371715433077440705e-02,7.991325837068730814e-03,4.072293980190970497e-02,2.218165706836102563e-02,3.024908352365809211e-02,1.742937316476773912e-02,4.916223899812578041e-02,1.086454304903156434e-02,1.513516293467324046e-02,0.000000000000000000e+00,8.404293654866621180e-03,1.682842943375157177e-02,1.937823078696156512e-02,3.014733810364349231e-02,1.608373042345618079e-02,5.469905893014022358e-02,5.064537230516483191e-02,1.412340008379673641e-02,3.924305761477175913e-02,9.237569671762958790e-02,4.741178795923291917e-02,7.107336820681924017e-02,4.763009754977236276e-02,1.339557581245805380e-02,3.465571514864619618e-02,1.420081161643754579e-02,1.106488732292733139e-02,1.433773106994579508e-02,9.030614480127593241e-03,1.160519487938991602e-02,6.115289549462505324e-03,6.700729620581741264e-03,1.553747589573903354e-02,1.033120371197639165e-02,1.368321183610995279e-02,9.009809648591856138e-03,9.896115016220372734e-03,3.194978010559651038e-03,3.410379876478444351e-03,1.126641610697025168e-02,1.700621047412419901e-02,1.892624044344999937e-02,9.268278625321641276e-03,2.406194587230092025e-02,2.861834338019105667e-02,3.398507712080671428e-02,1.136901426955554822e-02,4.219053301221566826e-02,2.017355026753088823e-02,3.187133933356344623e-02,1.786782629559594340e-02,5.063375805025892989e-02,1.724523251719541420e-02,1.640362314677127828e-02,1.657765984225571462e-02,6.689793394058679218e-03,1.679597775366088383e-02,1.872822857679826147e-02,2.909472618291567003e-02,1.800001825548083051e-02,5.350688169184238119e-02,5.642902344986978902e-02,1.322981029964066281e-02,3.665775447757817912e-02,1.061404421411869109e-01,4.753224045457697666e-02,6.487182435513949574e-02,4.743579219245126072e-02,1.075674186917413219e-02,3.521617452426562683e-02
8.533249632341305749e-03,1.606204755770433007e-02,9.066379877318783004e-03,5.024485219366944290e-03,1.907716834873592060e-02,2.565557011073153412e-02,2.864552906266390128e-02,6.650818609302166194e-03,3.484306823354463289e-02,1.856852583425092421e-02,2.583437034263925958e-02,1.469632510186181379e-02,4.164632407329871278e-02,9.274012201055784749e-03,1.237945224831857663e-02,8.404293654866621180e-03,0.000000000000000000e+00,1.445165840925719154e-02,1.661864790076490045e-02,2.605261783052042687e-02,1.354889370395060376e-02,4.665816639531850107e-02,4.220533481151948763e-02,1.213393357892979599e-02,3.380214689804254130e-02,7.837034685988393534e-02,4.031284306127742856e-02,5.975480924713166830e-02,4.049448914794168131e-02,1.143052043879792812e-02,2.919029899612620230e-02,1.190176033638628769e-02,9.268954903455535466e-03,1.190890123122880125e-02,7.535620767746263951e-03,9.950820122019404107e-03,5.288316716192576102e-03,5.605550769897342869e-03,1.298689111606709384e-02,8.638659835725599756e-03,1.137572282522912072e-02,7.655194451192242136e-03,8.365640396223457398e-03,2.716449111539123110e-03,2.822037521509836513e-03,9.551648364594817267e-03,1.454080801205227119e-02,1.654510603523098866e-02,7.895828938237866440e-03,2.029988432497225118e-02,2.445347614228191371e-02,2.891031589219667658e-02,9.479637594627155633e-03,3.597891018042806421e-02,1.732899235872315674e-02,2.686142991967244154e-02,1.507901821329088801e-02,4.279265615947613205e-02,1.458808814221559426e-02,1.375786585582343576e-02,1.419191280938832990e-02,5.722112989440177044e-03,1.404724240336489502e-02,1.601797527549988706e-02,2.497437880782293201e-02,1.527981231079825197e-02,4.571658287426173112e-02,4.732773064240480831e-02,1.118979708216197473e-02,3.143292645226820892e-02,9.008294663218328890e-02,4.097518497903183260e-02,5.513060974909370776e-02,4.049092169813655467e-02,9.055340709056718118e-03,2.993976669448346339e-02
1.708819360188492190e-02,3.263985352338075185e-02,1.825686072377623662e-02,1.014682650466303647e-02,3.835408109148012723e-02,5.245767506878372399e-02,5.760931261083110377e-02,1.344696797552224002e-02,7.054220037022360112e-02,3.789775648801479990e-02,5.176469291026283143e-02,2.951060983179969871e-02,8.454635638657211072e-02,1.869632375959571352e-02,2.489145599903323097e-02,1.682842943375157177e-02,1.445165840925719154e-02,0.000000000000000000e+00,3.325207053744078795e-02,5.256151345160570837e-02,2.719954525439591264e-02,9.464585655857891966e-02,8.565032040128196800e-02,2.473162275977833571e-02,6.827169120878270880e-02,1.587050239014107800e-01,8.205842371171997995e-02,1.210513223083388157e-01,8.243448321727515904e-02,2.312755560854365400e-02,5.926735109120840478e-02,2.416522512770282946e-02,1.872400399629246814e-02,2.431241643938776217e-02,1.559848527066525631e-02,1.991212833245654262e-02,1.054054144931253038e-02,1.124012856069257771e-02,2.623424273605165849e-02,1.730658166245560223e-02,2.285352488563906562e-02,1.547816344600928470e-02,1.690085285897850384e-02,5.570441146441377882e-03,5.625321568148219410e-03,1.909830914402323859e-02,2.936389481696273507e-02,3.372777828147839607e-02,1.579786369356832310e-02,4.099365997423346647e-02,4.997527886043622719e-02,5.862457033006378271e-02,1.919789198005291200e-02,7.308793309719006925e-02,3.488468496466107932e-02,5.427297705311325687e-02,3.043911036326202996e-02,8.667671280300970338e-02,2.946187445180014144e-02,2.804570958907540504e-02,2.889986816622197932e-02,1.176517782257323515e-02,2.870791704315981199e-02,3.222189833599081038e-02,5.037000709311091617e-02,3.107593069568640592e-02,9.230464551603002887e-02,9.677338968594011159e-02,2.262930976739079003e-02,6.402896244198029441e-02,1.834098603416827733e-01,8.256502051516198537e-02,1.110006923919221039e-01,8.166617979530102489e-02,1.843223640889474213e-02,6.099931359428827082e-02
1.938359316927586173e-02,3.656199348290289919e-02,2.131069427411953071e-02,1.155218371756389258e-02,4.401535485425897565e-02,5.928150703608033728e-02,6.546829467669168512e-02,1.500533671884341121e-02,7.999320126307035705e-02,4.319774780449390367e-02,5.894177251580139110e-02,3.408975014051711383e-02,9.530586087903841763e-02,2.198664482838203274e-02,2.823452200175395610e-02,1.937823078696156512e-02,1.661864790076490045e-02,3.325207053744078795e-02,0.000000000000000000e+00,6.030325050322083574e-02,3.037515591570906504e-02,1.072288588017231703e-01,9.672944837275193608e-02,2.830195013965422154e-02,7.692524917240543825e-02,1.789138123483361154e-01,9.436016686191990577e-02,1.368024449168956380e-01,9.415542630000343916e-02,2.652871758292512858e-02,6.716842058658387127e-02,2.639237962284018621e-02,2.085824923634143832e-02,2.735065190922354381e-02,1.727474684453379414e-02,2.310395409267593583e-02,1.185669679594981291e-02,1.250349341601437146e-02,2.865489525018664885e-02,1.926009205629189425e-02,2.590010273068229368e-02,1.735052521562559236e-02,1.928947326318315725e-02,6.271718879678553002e-03,6.371283836202210060e-03,2.163592659764935686e-02,3.330417952601014142e-02,3.848822723344555441e-02,1.790809177515471917e-02,4.664350475017516040e-02,5.739332509134878468e-02,6.650092752179513622e-02,2.114259208135086873e-02,8.305396019192529122e-02,3.952806493053664244e-02,6.184842511384704838e-02,3.548444656240899026e-02,9.838355859792705105e-02,3.353450682658356413e-02,3.219180648058390937e-02,3.222048338121829419e-02,1.327487393709652665e-02,3.231063834165660842e-02,3.741326388288162413e-02,5.816655220733650544e-02,3.513912073603148861e-02,1.043642377161728141e-01,1.090334583132442220e-01,2.596658232724856699e-02,7.189477195302522439e-02,2.074638895031745145e-01,9.554301232456094417e-02,1.268605021977807501e-01,9.305532931669663332e-02,2.147027168763450400e-02,6.925593987322586909e-02
3.064723788997797058e-02,5.853513124321819971e-02,3.314383066922011595e-02,1.783599243674172802e-02,6.825766573008106020e-02,9.348379535611052449e-02,1.023487130750279500e-01,2.379730618689418140e-02,1.270768070512203196e-01,6.706066019943468515e-02,9.201091448827827812e-02,5.205383031094870661e-02,1.505190662568549886e-01,3.332966621382511818e-02,4.501080956258290272e-02,3.014733810364349231e-02,2.605261783052042687e-02,5.256151345160570837e-02,6.030325050322083574e-02,0.000000000000000000e+00,4.807014775616278573e-02,1.697738054402135044e-01,1.541313518765463075e-01,4.409680891807749026e-02,1.220264030216519913e-01,2.844063043821920544e-01,1.478735785981359629e-01,2.155052132316739311e-01,1.477044653810563324e-01,4.162818793733259054e-02,1.055786891441963249e-01,4.242454958349078237e-02,3.292206672385795951e-02,4.296454730025087848e-02,2.751995860681270487e-02,3.524164665072743174e-02,1.832873570230081003e-02,1.996720381450153847e-02,4.593905414014896188e-02,3.049669226584476173e-02,4.058658520918284607e-02,2.738011435786852008e-02,2.947080839913265166e-02,9.659820938542357932e-03,9.899234040663344031e-03,3.435825643633059340e-02,5.272548091534167564e-02,6.039786250698431225e-02,2.807304689217486604e-02,7.304413835213623141e-02,8.969158308829622284e-02,1.041537085810610441e-01,3.394245177774965483e-02,1.311816353802120194e-01,6.132735864438104700e-02,9.656766660606397323e-02,5.352309232089833696e-02,1.551496421435717699e-01,5.209708833190028476e-02,5.082372331030937662e-02,5.131403916136936805e-02,2.078701504134442685e-02,5.118144400895551643e-02,5.822209637850449260e-02,9.067158849342919769e-02,5.524491548377404027e-02,1.653853964734075255e-01,1.739873963009968827e-01,4.060600069028600517e-02,1.140091036939893804e-01,3.299171788794084126e-01,1.491521678279031093e-01,1.986845167781300103e-01,1.473802409148753934e-01,3.375265792997522718e-02,1.091721826612010587e-01
1.670977581827949587e-02,3.033000184442408501e-02,1.659904020025074894e-02,9.539961460509149491e-03,3.693762429706861500e-02,4.894229397000518511e-02,5.474206051844759252e-02,1.244257938033939762e-02,6.479313976110230577e-02,3.618084419775498967e-02,4.864408412363588341e-02,2.837807939935628465e-02,7.948396243184013832e-02,1.794098141641892533e-02,2.324440135202626365e-02,1.608373042345618079e-02,1.354889370395060376e-02,2.719954525439591264e-02,3.037515591570906504e-02,4.807014775616278573e-02,0.000000000000000000e+00,8.718894118301064033e-02,7.982655115519340927e-02,2.356601375818859548e-02,6.429784688503471790e-02,1.489445020369603856e-01,7.645457128201504915e-02,1.136245720881445820e-01,7.630756929506241071e-02,2.142453116244511305e-02,5.592294058543727242e-02,2.286075372178350551e-02,1.783847927269087072e-02,2.299775251364000184e-02,1.461743581702283114e-02,1.910308092157271889e-02,9.908152069056116659e-03,1.057250540607651557e-02,2.512753622329052736e-02,1.651959419295532389e-02,2.183913476849176638e-02,1.508059860032136615e-02,1.619556880255822867e-02,5.368316955764735297e-03,5.318134436678524472e-03,1.880685134847239620e-02,2.709717118150435991e-02,3.085767213102118614e-02,1.521448555073646493e-02,3.949536545470677673e-02,4.619681182364426125e-02,5.523255072818616940e-02,1.807813762023266491e-02,6.701120794034247374e-02,3.354269213778973691e-02,5.125304917191966791e-02,3.003877171576544575e-02,8.090647721529022063e-02,2.793522185705811511e-02,2.641638579776397350e-02,2.700776642065429514e-02,1.121765253655911294e-02,2.674383947937451420e-02,2.970638605417064843e-02,4.657549269328097041e-02,2.976971011793052430e-02,8.522169423193233506e-02,9.052084451083997063e-02,2.168901351064871086e-02,5.925620429383190307e-02,1.728818090734172974e-01,7.636751873039765437e-02,1.044555313222219062e-01,7.557290387693815781e-02,1.737135386436243836e-02,5.704637398703156503e-02
