0.000000000000000000e+00,1.673686885523633164e-02,1.305380294172909725e-02,6.145546206665348891e-03,2.001113081302472937e-02,2.406758759936442754e-02,3.282165093652792548e-02,6.268937830805081449e-03,3.750162502450224422e-02,1.933496727424372646e-02,2.541862417515118600e-02,1.711090604170000321e-02,4.124716156825747326e-02,1.268697514753141728e-02,1.125128168975911801e-02,1.119666279113398083e-02,5.965469449611887805e-03,1.627759899712242359e-02,1.783181350763171635e-02,2.626557209256486641e-02,1.448844755666114405e-02,4.558165799552248154e-02,4.523109654460747558e-02,1.588112075622850894e-02,3.763972799931326885e-02,8.250995676264141765e-02,4.081181012065147190e-02,6.335299896586871204e-02,3.858372548845023092e-02,8.150092455955651113e-03,3.294700235900772933e-02,1.365957264640342908e-02,9.830899672325661004e-03,1.306330420583808397e-02,7.438951171985910826e-03,1.197137107222491503e-02,5.485735516056252682e-03,3.265424130588829525e-03,1.488057741334665451e-02,8.099460294168305333e-03,1.124658908695931429e-02,7.231716194771390001e-03,1.060094350037387237e-02,3.713797040701422286e-03,3.809762485332174580e-03,1.203682851298060359e-02,1.476497451879912881e-02,2.216578443420034322e-02,8.727698738511823623e-03,2.102658566511046365e-02,2.735526076232161485e-02,3.518594879183471053e-02,7.908251490320726551e-03,4.055199511411260171e-02,1.842256607611035546e-02,3.206489471344827619e-02,1.891694193018548381e-02,4.683406712252050769e-02,1.275287375138547778e-02,1.519947207177619816e-02,1.272275372560710202e-02,6.766492349101070787e-03,1.566331170134631356e-02,2.204886438060067039e-02,2.428459544571324666e-02,2.151183487047437712e-02,4.534328499772592030e-02,5.002240813275077302e-02,1.446372627543496443e-02,3.484696062306773950e-02,1.033639780937746638e-01,4.061274427325661796e-02,6.113894123106383693e-02,4.082919283592308102e-02,1.049090532452170120e-02,3.413694316203672030e-02
1.673686885523633164e-02,0.000000000000000000e+00,2.631248904802185873e-02,1.251045399779186600e-02,3.958326267699372597e-02,4.735453288498858021e-02,6.620457826286245406e-02,1.238048101652959067e-02,7.544160959529733201e-02,3.814893403325690657e-02,5.052293498044786724e-02,3.397965406245591347e-02,8.232576189587934024e-02,2.522531184503196827e-02,2.166886770810483656e-02,2.273941728641669727e-02,1.195045609385031980e-02,3.270202529195187502e-02,3.557450403718494247e-02,5.204842706730423985e-02,2.853195022542715995e-02,8.965972841429120654e-02,8.997277834991834755e-02,3.161915332164762921e-02,7.410214739724203803e-02,1.624342170492552861e-01,8.033470062605106710e-02,1.262438000829264606e-01,7.644614200380693558e-02,1.607446922930160990e-02,6.579892225159048036e-02,2.669518916880495724e-02,1.967234448305553787e-02,2.662955044666866222e-02,1.481086092776297963e-02,2.391192044877211639e-02,1.089464950971389713e-02,6.363544468041265958e-03,2.930563620140621758e-02,1.590397249280176006e-02,2.260564384486433639e-02,1.424580009802370491e-02,2.148909842814157936e-02,7.587761359635731943e-03,7.487108549094358655e-03,2.377104636324319648e-02,2.959387125380739947e-02,4.464006290282669653e-02,1.743815130550240705e-02,4.186510105992678060e-02,5.376942653855135840e-02,7.005082866117462448e-02,1.543836400470443605e-02,8.033509760658255616e-02,3.670282990603290774e-02,6.321686296698340868e-02,3.672138841400152814e-02,9.314761151887605839e-02,2.558256545827867351e-02,2.938269447979216867e-02,2.515255229795730629e-02,1.339066725047690851e-02,3.085116642984324711e-02,4.460486418999530522e-02,4.829531680167267749e-02,4.220044670080742855e-02,9.077375501506711186e-02,9.934381413304732567e-02,2.797435923995508777e-02,6.926263272342153554e-02,2.033701065729517088e-01,8.060198479980129616e-02,1.211807645426928592e-01,8.204826060743709848e-02,2.067989003418974070e-02,6.767703296979649119e-02
1.305380294172909725e-02,2.631248904802185873e-02,0.000000000000000000e+00,9.589387945912660263e-03,3.113055060060043386e-02,3.733562619431389507e-02,5.194226037635302218e-02,9.473622363070978783e-03,5.930433267051314628e-02,2.993426530078115155e-02,3.991330212857234494e-02,2.685995190483535591e-02,6.432583776381808893e-02,2.013797979240024294e-02,1.708561782717940222e-02,1.789703711686570220e-02,9.485520514612199097e-03,2.542626728658918533e-02,2.835138214342062743e-02,4.117280814831713459e-02,2.194111188542890653e-02,7.130792020176388024e-02,7.066130066125905773e-02,2.455569945380329036e-02,5.855365969947774057e-02,1.268975006126096816e-01,6.344312634959364816e-02,9.862039329956079348e-02,6.055511821353129487e-02,1.295858427203837662e-02,5.199302370014325519e-02,2.034533386012940537e-02,1.519281063358857500e-02,2.106693802286901951e-02,1.169954756111711743e-02,1.896261166954975666e-02,8.505447327875458735e-03,5.095034755991155115e-03,2.192345958310213186e-02,1.245780670823174764e-02,1.777419187958004937e-02,1.093126691785483752e-02,1.677050953270054975e-02,5.736006363355465598e-03,5.958105423614913979e-03,1.829809859430796964e-02,2.348358398539085803e-02,3.493183196735939050e-02,1.347267782383909304e-02,3.263123865527958745e-02,4.258666100889405004e-02,5.466184796729364748e-02,1.173168694962519777e-02,6.319762145825777444e-02,2.889605471747526758e-02,4.965034555560504659e-02,2.848339957275175874e-02,7.238948427355877679e-02,2.012317255988428991e-02,2.287347409449063881e-02,1.986948934241776488e-02,1.045660273918927290e-02,2.388853196438240831e-02,3.497870088737347477e-02,3.867318123026999843e-02,3.232162131256786919e-02,7.206537861107423226e-02,7.780151937985806121e-02,2.137107018707468456e-02,5.398885070070286868e-02,1.585031823178794652e-01,6.469302681430322277e-02,9.508286551119503327e-02,6.498206084241145430e-02,1.687892970658625563e-02,5.334949214277705937e-02
6.145546206665348891e-03,1.251045399779186600e-02,9.589387945912660263e-03,0.000000000000000000e+00,1.500010542627189941e-02,1.757786260704347070e-02,2.503477577253626976e-02,4.620672311653219004e-03,2.849205624763402611e-02,1.442977634570349714e-02,1.892696699648283021e-02,1.273961293415366673e-02,3.100359216647333854e-02,9.470248900297129069e-03,8.000810546036988755e-03,8.421026496837683700e-03,4.557244894345766940e-03,1.215352116267300574e-02,1.338052595634601702e-02,1.934891090885375309e-02,1.064348258490985938e-02,3.331582117086932110e-02,3.343808871337530797e-02,1.178003197144976942e-02,2.728934812393871492e-02,6.045470578276657819e-02,2.950130131376850484e-02,4.717947552850790260e-02,2.853068503771599360e-02,5.784066077121773411e-03,2.418047982326387499e-02,1.031775829772868004e-02,7.567042662441540377e-03,1.003308325039052075e-02,5.591396721557579524e-03,8.811886663670120273e-03,4.032161223647006548e-03,2.345498012359917891e-03,1.126960202889096610e-02,6.029793909117087472e-03,8.481275552098510931e-03,5.402095162653656156e-03,8.003755541351006975e-03,2.911951449290457565e-03,2.803405625484592639e-03,8.836773563582053445e-03,1.086535101105145715e-02,1.661757652627812026e-02,6.552836863808891854e-03,1.585318793861410780e-02,2.010585088590846267e-02,2.634469897891794296e-02,5.772208098581120723e-03,3.018642703211800449e-02,1.374128047634423817e-02,2.389497045302117068e-02,1.385737241292433509e-02,3.532033024543545369e-02,9.615186226230452299e-03,1.080075866346832253e-02,9.437496741338341488e-03,5.051978802214009134e-03,1.153709336441892733e-02,1.683396564533470863e-02,1.798685582800858829e-02,1.601952898212617021e-02,3.382456060546976812e-02,3.673414239014025084e-02,1.049245054764369640e-02,2.558172477064823980e-02,7.609463929740339916e-02,2.952709798399485303e-02,4.539722826979610687e-02,3.034982065888081060e-02,7.553476130510108737e-03,2.522922669167874249e-02
2.001113081302472937e-02,3.958326267699372597e-02,3.113055060060043386e-02,1.500010542627189941e-02,0.000000000000000000e+00,5.707347277976825700e-02,7.962400576957513743e-02,1.490603936605532087e-02,9.077885650008230001e-02,4.661285717261353517e-02,6.154040902597822382e-02,4.105415468331201356e-02,9.875679002921333716e-02,3.036973565697401178e-02,2.618951288470616409e-02,2.657575705309371886e-02,1.444270320196338123e-02,3.878222143677679395e-02,4.330166711267382368e-02,6.176618165214697864e-02,3.398129515033339321e-02,1.069775709173960976e-01,1.073350629896669406e-01,3.746936921025997153e-02,8.799105269468580903e-02,1.934400166298310686e-01,9.551509848149690451e-02,1.522503061180132122e-01,9.161925144003946198e-02,1.922672240127531670e-02,7.883081299266846143e-02,3.334206564090541614e-02,2.367571322498279729e-02,3.204489576328972689e-02,1.775312338015771693e-02,2.853452240966296294e-02,1.330852301532825348e-02,7.908994376854322841e-03,3.613909364959332765e-02,1.940058214886792795e-02,2.705138737228304779e-02,1.693027856035344419e-02,2.550960087793749387e-02,8.998260404235614712e-03,9.046981759314363936e-03,2.804291532040550233e-02,3.449338631194910632e-02,5.238643077762286659e-02,2.080161099086332357e-02,5.120852479382982658e-02,6.446970039185816181e-02,8.448059345936770326e-02,1.845445913651817468e-02,9.690280836406557630e-02,4.445958034195034853e-02,7.739058086119648960e-02,4.392129796922588508e-02,1.128103133197376762e-01,3.064507338748726634e-02,3.432638416918360608e-02,3.009454689991417076e-02,1.619805184353451111e-02,3.721423999298786173e-02,5.356113422903093640e-02,5.752828999905847812e-02,5.102106100008344663e-02,1.082999283746986230e-01,1.179670794938845191e-01,3.368775426561157471e-02,8.209713470803685353e-02,2.429555720926946383e-01,9.532718282462687709e-02,1.460087611285850739e-01,9.758900569845295470e-02,2.520790684082842986e-02,8.074192105946280396e-02
2.406758759936442754e-02,4.735453288498858021e-02,3.733562619431389507e-02,1.757786260704347070e-02,5.707347277976825700e-02,0.000000000000000000e+00,9.413253788666710309e-02,1.821439785041010367e-02,1.086813308898449404e-01,5.353106937506194735e-02,7.222621653125207986e-02,4.804516482544675393e-02,1.171015892208278619e-01,3.591557542638593170e-02,3.185855011617472199e-02,3.224639634345669720e-02,1.681475491953116075e-02,4.685740521463407221e-02,5.131797432448773066e-02,7.448340307828422990e-02,4.022611656462440205e-02,1.312740862459249591e-01,1.302474786017717434e-01,4.482485692862494403e-02,1.067685031647513799e-01,2.337106144214845804e-01,1.151603105817520789e-01,1.810946439141464803e-01,1.097240998454091093e-01,2.330524972229607028e-02,9.355955147769710878e-02,3.913929855566593285e-02,2.803891126024105063e-02,3.786095951825483447e-02,2.107372214282896700e-02,3.354307901645661033e-02,1.537369432503801064e-02,9.487392422678290679e-03,4.226508803920060037e-02,2.347612040096240180e-02,3.198982388058906057e-02,1.946300989342135412e-02,3.048606200268134947e-02,1.068465960821713898e-02,1.076720538792402815e-02,3.388253013634927313e-02,4.262791825577259136e-02,6.302433225181443277e-02,2.450300516963518221e-02,6.042056125880573836e-02,7.733663657586567486e-02,1.002231359254883297e-01,2.251861826677701434e-02,1.169517990128906004e-01,5.140883618584043968e-02,9.186123724279746106e-02,5.163708147631385081e-02,1.333210351549140582e-01,3.636126150200037072e-02,4.154739388479767453e-02,3.595751877182446626e-02,1.900524145362570555e-02,4.429028362972987215e-02,6.348918788730857632e-02,6.962450970262533401e-02,5.941750855981562524e-02,1.313995208965259565e-01,1.444160630410472324e-01,4.035486564953772587e-02,1.001304524171267168e-01,2.916432097217645514e-01,1.165484409449337733e-01,1.745267393013869850e-01,1.180649175965823444e-01,3.056339693946391947e-02,9.639342827088361043e-02
3.282165093652792548e-02,6.620457826286245406e-02,5.194226037635302218e-02,2.503477577253626976e-02,7.962400576957513743e-02,9.413253788666710309e-02,0.000000000000000000e+00,2.461971388845342334e-02,1.510348309257077970e-01,7.718107087486045237e-02,1.018379022559045416e-01,6.857629598249430358e-02,1.641865841434719531e-01,5.087220827368280074e-02,4.261765187343157651e-02,4.503947287222776624e-02,2.441420940695602018e-02,6.469928825083988422e-02,7.178470250962380728e-02,1.033806947557842359e-01,5.622871441388031799e-02,1.777022253109644956e-01,1.774171397237132020e-01,6.259478862644843322e-02,1.461356775791585183e-01,3.209201632718828856e-01,1.581316382380181518e-01,2.519775957674787459e-01,1.513946770529785990e-01,3.139076820680198471e-02,1.295868228820114820e-01,5.471472179958164483e-02,3.934548568752516129e-02,5.361507766511624390e-02,2.967662003720300187e-02,4.836572549917522029e-02,2.213960039546484723e-02,1.296919795951815245e-02,5.945609446733344378e-02,3.246076545222607163e-02,4.558723805975958832e-02,2.846975128497750487e-02,4.299880391308896765e-02,1.523460836536392332e-02,1.509998091074987552e-02,4.622103499305005303e-02,5.777393506149847147e-02,8.741488275599389179e-02,3.460694525304815888e-02,8.426036247450284511e-02,1.068285540632910452e-01,1.398706747956889040e-01,3.043285816556377810e-02,1.605418297771653846e-01,7.411359802137122699e-02,1.269870224704486850e-01,7.348083681095277098e-02,1.871316525689971089e-01,5.120349594505342605e-02,5.657947289804756558e-02,5.002991680092862964e-02,2.691882093079917340e-02,6.130096122818780996e-02,8.880241506492478343e-02,9.572011047856737731e-02,8.371215474649879029e-02,1.797259757734831209e-01,1.952418549948843340e-01,5.535420013191826027e-02,1.361530564289188394e-01,4.014979372532765933e-01,1.581081766649974907e-01,2.419568792166165438e-01,1.613441825996352608e-01,4.117450659603150154e-02,1.337125701595417715e-01
6.268937830805081449e-03,1.238048101652959067e-02,9.473622363070978783e-03,4.620672311653219004e-03,1.490603936605532087e-02,1.821439785041010367e-02,2.461971388845342334e-02,0.000000000000000000e+00,2.817529939788482318e-02,1.437611739826264064e-02,1.879523777339693613e-02,1.281949262971975381e-02,3.117369839031373241e-02,9.143920493952607809e-03,8.560881337377082220e-03,8.444153883775791514e-03,4.553147254054856589e-03,1.220545191298281866e-02,1.333966804968813626e-02,1.973875827398731062e-02,1.055136734892952836e-02,3.440812138418444799e-02,3.343507687541900919e-02,1.182582287415036293e-02,2.779297333104795500e-02,6.168209426523398736e-02,3.037548781798330225e-02,4.723578988611158713e-02,2.918158886342307051e-02,6.077104026694834550e-03,2.462359410319818823e-02,9.972602097598825405e-03,7.270017364656793622e-03,1.000469761370896896e-02,5.597138800011711157e-03,8.731494104418723035e-03,4.073099490246594352e-03,2.410963352258506994e-03,1.096154544765161679e-02,5.977626902286791062e-03,8.559421680436177238e-03,5.445607629301492739e-03,7.995449821175547658e-03,2.851484238679249158e-03,2.765242217829166817e-03,8.643339508411333749e-03,1.118876621716166468e-02,1.628884533269916654e-02,6.512309779366585137e-03,1.576725584431660013e-02,2.061210377031898189e-02,2.641500656124778565e-02,5.857632715471104007e-03,3.006741422861145333e-02,1.375033135428723775e-02,2.437313119325051902e-02,1.420308208376101257e-02,3.510978557898771640e-02,9.614294760210764790e-03,1.117283324333766779e-02,9.406046679617316789e-03,5.045399302489349432e-03,1.164304204412932447e-02,1.645524310456884104e-02,1.831621881991647022e-02,1.555624601689692757e-02,3.434073793363355553e-02,3.740032592681233337e-02,1.055806863515903506e-02,2.625826728688539918e-02,7.694985407281798584e-02,3.072384373256596690e-02,4.592383928089734807e-02,3.072322465020606991e-02,7.717080948217469247e-03,2.546368143126405068e-02
3.750162502450224422e-02,7.544160959529733201e-02,5.930433267051314628e-02,2.849205624763402611e-02,9.077885650008230001e-02,1.086813308898449404e-01,1.510348309257077970e-01,2.817529939788482318e-02,0.000000000000000000e+00,8.700423851341396175e-02,1.150013132828478085e-01,7.702998401927828309e-02,1.865288342828235468e-01,5.826883622396993034e-02,4.896460137233225873e-02,5.180753456484221697e-02,2.759609605314457259e-02,7.387659215199211815e-02,8.130266409993033849e-02,1.186751176798762630e-01,6.378312248833986620e-02,2.054046634327555965e-01,2.031161173869965308e-01,7.094620394903730642e-02,1.682874980651057062e-01,3.668404484704875790e-01,1.831366770491164864e-01,2.865081782407662425e-01,1.741737684543548104e-01,3.692952262498762350e-02,1.482004326275988271e-01,6.086770635496441262e-02,4.431953246477248615e-02,6.043215411412847238e-02,3.348898660582756703e-02,5.501638295158320369e-02,2.483168355602236033e-02,1.498919649925004559e-02,6.568738125824377660e-02,3.685656841848391346e-02,5.111632107235594691e-02,3.170835084547061339e-02,4.885237497367381221e-02,1.714079970331664621e-02,1.723363217330386998e-02,5.227278818682717237e-02,6.684530362665747072e-02,9.990238003390472521e-02,3.882509939492187478e-02,9.536411221118051840e-02,1.220964686944046029e-01,1.592270874819970983e-01,3.481589252759108993e-02,1.837308866706303945e-01,8.413687115749286793e-02,1.446051225314156363e-01,8.317495180452358361e-02,2.115196470305199250e-01,5.796534550740934516e-02,6.491797420593700685e-02,5.705860383229185984e-02,3.069293356580996002e-02,6.975537438046679195e-02,1.008666636965414171e-01,1.105319969499205385e-01,9.349281818791178866e-02,2.071263803752687038e-01,2.256371196054295647e-01,6.279197504245617734e-02,1.568170627692604679e-01,4.578292427020390631e-01,1.845252399086430573e-01,2.765698454899124248e-01,1.857957485697716848e-01,4.804066883391372444e-02,1.519879227643174957e-01
1.933496727424372646e-02,3.814893403325690657e-02,2.993426530078115155e-02,1.442977634570349714e-02,4.661285717261353517e-02,5.353106937506194735e-02,7.718107087486045237e-02,1.437611739826264064e-02,8.700423851341396175e-02,0.000000000000000000e+00,5.888858148574899892e-02,3.921599454619258129e-02,9.442669575800169413e-02,2.953040609078982220e-02,2.502455540090063948e-02,2.585391556005610381e-02,1.367572255679598212e-02,3.747309979564725918e-02,4.147758175149350579e-02,5.968696273487954229e-02,3.290358598784732386e-02,1.032375123868089078e-01,1.030549131652035155e-01,3.602716592358935072e-02,8.459376711456545461e-02,1.871111622676460973e-01,9.106042011179701912e-02,1.454213227984308132e-01,8.713649690541495907e-02,1.810833331963926027e-02,7.540766733089332430e-02,3.134240010502254564e-02,2.284203920976085947e-02,3.069558373873503693e-02,1.694297208554804493e-02,2.786044932977963656e-02,1.279001676298997109e-02,7.426982331232832336e-03,3.423911668151611437e-02,1.878395520116131479e-02,2.618553306861201233e-02,1.618876071044619488e-02,2.476443285537072506e-02,8.743465971825971003e-03,8.817976448602266384e-03,2.700754972688822891e-02,3.358783182776728382e-02,5.046351725692795054e-02,2.010329808585776049e-02,4.948400755102538157e-02,6.070155441377751704e-02,8.126146585300600411e-02,1.760291487975577593e-02,9.236980599010791160e-02,4.252107386113965909e-02,7.393188828006215518e-02,4.176513351790758777e-02,1.078582767666142611e-01,2.948099600111415280e-02,3.324718413436751618e-02,2.866527760186696888e-02,1.530997979257895866e-02,3.577276753503720597e-02,5.151785818632704378e-02,5.521529374168505921e-02,4.901997310751068926e-02,1.040761120498451681e-01,1.134845591535848797e-01,3.187299442847527087e-02,7.917076168653057466e-02,2.334011184624377733e-01,9.122996917325654209e-02,1.402765425405567701e-01,9.369865743188104945e-02,2.406373941230987440e-02,7.743610670806884422e-02
2.541862417515118600e-02,5.052293498044786724e-02,3.991330212857234494e-02,1.892696699648283021e-02,6.154040902597822382e-02,7.222621653125207986e-02,1.018379022559045416e-01,1.879523777339693613e-02,1.150013132828478085e-01,5.888858148574899892e-02,0.000000000000000000e+00,5.236195306045432485e-02,1.253635792632285806e-01,3.909531266854631565e-02,3.357069481774632713e-02,3.427708151712589857e-02,1.855141963660993445e-02,4.912605233246968017e-02,5.497617759570226637e-02,7.925397335388612019e-02,4.304348970009643643e-02,1.368006221651712762e-01,1.365417690673682571e-01,4.774813598187504365e-02,1.126283817919921798e-01,2.468852351729241001e-01,1.223430105274342095e-01,1.927977694495335848e-01,1.167225343078734240e-01,2.464498388017086900e-02,1.000602327349476572e-01,4.115827000911374128e-02,2.997416197692081077e-02,4.124984224199425287e-02,2.276942469607795561e-02,3.709813748201833128e-02,1.680224584479707989e-02,1.012549053380927370e-02,4.403280848539462000e-02,2.482391166314627459e-02,3.479154127259487944e-02,2.160111390824750316e-02,3.287135600071732638e-02,1.145628645147131822e-02,1.165832054298889843e-02,3.525924371889091469e-02,4.494016793845844598e-02,6.712323077156234774e-02,2.618112443135236361e-02,6.478207159686850958e-02,8.242691357221687554e-02,1.070489081864029052e-01,2.317396815900484366e-02,1.231217157763858927e-01,5.670024876407755293e-02,9.835371803614847974e-02,5.644367439015553906e-02,1.423724715365195514e-01,3.933962114321037234e-02,4.415056403416799807e-02,3.814303476853049546e-02,2.064793420162672546e-02,4.709509489312255909e-02,6.830092317446684325e-02,7.448943843229724471e-02,6.328528841487832124e-02,1.392085539889036105e-01,1.513580844371472944e-01,4.215882229248073959e-02,1.041993279726521338e-01,3.076657363705648796e-01,1.241063027137599140e-01,1.859235166719745147e-01,1.240669278050016699e-01,3.216526125387655227e-02,1.030722814884150185e-01
1.711090604170000321e-02,3.397965406245591347e-02,2.685995190483535591e-02,1.273961293415366673e-02,4.105415468331201356e-02,4.804516482544675393e-02,6.857629598249430358e-02,1.281949262971975381e-02,7.702998401927828309e-02,3.921599454619258129e-02,5.236195306045432485e-02,0.000000000000000000e+00,8.502291236246399542e-02,2.636989638030947519e-02,2.256657388126661473e-02,2.313322190930100844e-02,1.234937958651655295e-02,3.339500674672208486e-02,3.705574368248070599e-02,5.335060809990789521e-02,2.929937501088997892e-02,9.194068923265404092e-02,9.241231463227195242e-02,3.220628608414394245e-02,7.548685488303107094e-02,1.677795108250555445e-01,8.127564863892322577e-02,1.296179879420906178e-01,7.811450944364231597e-02,1.607030328724731727e-02,6.736834435495309137e-02,2.775298641186189560e-02,2.042567421138822073e-02,2.803909596394720330e-02,1.539334269292959301e-02,2.494664922655937325e-02,1.130405257593780806e-02,6.647793570005076924e-03,2.997251837038591299e-02,1.692127354657396374e-02,2.384988086465611792e-02,1.462435408012096281e-02,2.208046865794341743e-02,7.788232204225193148e-03,7.881766934177976414e-03,2.417151655515581421e-02,3.035820835722027877e-02,4.520677316486308023e-02,1.794758082007285802e-02,4.348065046148336110e-02,5.481578792319874438e-02,7.267535232362699882e-02,1.565206624745795957e-02,8.256468342527838178e-02,3.757989981975676241e-02,6.576064564483734276e-02,3.773688317621460425e-02,9.631497295279739523e-02,2.655350038075922348e-02,2.969681862980109999e-02,2.562928593603419278e-02,1.373777639503292666e-02,3.182360334589078021e-02,4.605184787922747547e-02,4.933197352736420904e-02,4.357878247740324534e-02,9.304209041614537601e-02,1.015383507036916044e-01,2.857135733672175673e-02,7.005623971294198948e-02,2.083071096049155524e-01,8.146865818398235648e-02,1.251886348357260648e-01,8.287878096898650127e-02,2.138109742554408430e-02,6.988002624556986786e-02
4.124716156825747326e-02,8.232576189587934024e-02,6.432583776381808893e-02,3.100359216647333854e-02,9.875679002921333716e-02,1.171015892208278619e-01,1.641865841434719531e-01,3.117369839031373241e-02,1.865288342828235468e-01,9.442669575800169413e-02,1.253635792632285806e-01,8.502291236246399542e-02,0.000000000000000000e+00,6.246098081974855998e-02,5.431699066840379314e-02,5.616687842473261361e-02,2.951907900249162858e-02,8.069992112705597076e-02,8.912884951826344215e-02,1.285168673894725444e-01,7.031298465909990858e-02,2.239176632997843808e-01,2.229910367907111390e-01,7.818670499126724460e-02,1.826512649209598993e-01,4.019414143422993524e-01,1.974464811621106097e-01,3.128255228982969038e-01,1.885192831833404636e-01,3.894977474603667639e-02,1.613263801925715057e-01,6.809891466557685402e-02,4.916284678349967796e-02,6.619130250462389176e-02,3.675291975510380782e-02,5.891680162925180819e-02,2.719312958799512125e-02,1.631043574345589567e-02,7.418850193986872843e-02,4.052151726689800365e-02,5.656085881631558315e-02,3.501784936252697045e-02,5.286780016333895299e-02,1.886020238407210003e-02,1.889541431233158694e-02,5.800074907736150337e-02,7.258147540109655127e-02,1.093966399331142841e-01,4.313900201624994157e-02,1.042814439156962147e-01,1.322307562572575257e-01,1.740815069540523341e-01,3.844922928081070945e-02,1.997707171603468612e-01,9.077199474862411577e-02,1.588330811872811499e-01,9.088617447421347417e-02,2.317654127588522905e-01,6.284034245844931366e-02,7.161597642014662368e-02,6.228519699986594105e-02,3.321714413832524415e-02,7.675180072835460776e-02,1.108720789126099865e-01,1.187322089784633716e-01,1.044231645724326973e-01,2.250457226042470449e-01,2.467460867381928158e-01,6.977182889293769008e-02,1.712581110487218505e-01,5.039617218430056944e-01,1.977402578796455257e-01,3.011695664799295957e-01,2.005058976629980894e-01,5.168818064465870166e-02,1.671763177315740700e-01
1.268697514753141728e-02,2.522531184503196827e-02,2.013797979240024294e-02,9.470248900297129069e-03,3.036973565697401178e-02,3.591557542638593170e-02,5.087220827368280074e-02,9.143920493952607809e-03,5.826883622396993034e-02,2.953040609078982220e-02,3.909531266854631565e-02,2.636989638030947519e-02,6.246098081974855998e-02,0.000000000000000000e+00,1.598048138013530295e-02,1.716755849315932878e-02,9.076994476947541912e-03,2.449696300613303512e-02,2.764881334585463785e-02,3.924290190436850734e-02,2.121416985052034312e-02,6.748743858668858342e-02,6.758563786428831155e-02,2.393862504044728945e-02,5.629106194993394041e-02,1.214227535331508095e-01,6.087226697363873340e-02,9.676656230632720013e-02,5.790116886451016076e-02,1.222297626500309584e-02,4.986560939383998664e-02,2.066745962644040910e-02,1.492692968244355850e-02,1.997702167900003781e-02,1.122459190335226183e-02,1.805771277478401826e-02,8.314117697518759106e-03,4.876994307957386969e-03,2.240001330344688554e-02,1.201913843542603069e-02,1.715625381357579679e-02,1.078143888550127209e-02,1.659814044352394061e-02,5.828315232700411602e-03,5.841874775751528491e-03,1.775334258542524135e-02,2.226491447950634806e-02,3.384930891625059779e-02,1.318001332487824841e-02,3.241217405152994890e-02,4.082985408641753855e-02,5.383192982520308006e-02,1.146274007318446447e-02,6.169066573894712441e-02,2.815235519448190671e-02,4.895113571941493713e-02,2.773221797432942615e-02,7.128106226985721217e-02,1.948512500822471502e-02,2.162193025163365936e-02,1.918626412548478377e-02,1.032882380690176329e-02,2.367108242892650150e-02,3.440854828934507281e-02,3.646954951946856233e-02,3.182591326544988164e-02,6.848972484189867760e-02,7.457006284309855570e-02,2.110169374139427012e-02,5.214617929958435816e-02,1.529083429188218268e-01,6.097959823986690009e-02,9.229483114398738530e-02,6.166964807569025320e-02,1.591057032726260825e-02,5.129576337582296419e-02
1.125128168975911801e-02,2.166886770810483656e-02,1.708561782717940222e-02,8.000810546036988755e-03,2.618951288470616409e-02,3.185855011617472199e-02,4.261765187343157651e-02,8.560881337377082220e-03,4.896460137233225873e-02,2.502455540090063948e-02,3.357069481774632713e-02,2.256657388126661473e-02,5.431699066840379314e-02,1.598048138013530295e-02,0.000000000000000000e+00,1.481799150352796322e-02,8.012870940388694060e-03,2.126890201592659263e-02,2.363025366484996018e-02,3.479934308658464565e-02,1.905328640162111051e-02,6.107811504381282369e-02,6.050830000044028073e-02,2.102056420915376228e-02,4.858492458630952332e-02,1.095229505015084676e-01,5.403538573431108938e-02,8.303687435638658354e-02,5.154997386392354275e-02,1.084405731423178885e-02,4.384182739747700258e-02,1.773912421973516604e-02,1.287163328757859153e-02,1.827498595670757134e-02,1.006028262800533202e-02,1.540384735592389628e-02,7.108466785606735831e-03,4.642316802735199990e-03,1.895080198677720137e-02,1.085526465027660675e-02,1.523307345930680762e-02,9.386346601743410581e-03,1.349448527795145923e-02,4.749701676541714414e-03,4.961277456300921575e-03,1.522404977453898495e-02,1.992393905468337750e-02,2.859901486492032879e-02,1.110452974132057624e-02,2.752512026471501741e-02,3.605171769412553184e-02,4.546133622004218389e-02,1.052744471899273726e-02,5.303900510998622170e-02,2.415367858866529147e-02,4.268869895965762135e-02,2.523705336555230258e-02,6.105698856029683624e-02,1.671724752455087601e-02,2.001402050213737724e-02,1.644461371520461457e-02,8.805670765475242037e-03,2.041305391025092716e-02,2.879127705256123715e-02,3.275088668092185351e-02,2.747966562533320223e-02,6.129813427634348000e-02,6.685927529520530044e-02,1.863714395122412215e-02,4.570984111389452681e-02,1.363453194748951436e-01,5.475652271232903101e-02,8.010971550037830624e-02,5.394302167631098710e-02,1.369201281947371104e-02,4.480899583839334510e-02
1.119666279113398083e-02,2.273941728641669727e-02,1.789703711686570220e-02,8.421026496837683700e-03,2.657575705309371886e-02,3.224639634345669720e-02,4.503947287222776624e-02,8.444153883775791514e-03,5.180753456484221697e-02,2.585391556005610381e-02,3.427708151712589857e-02,2.313322190930100844e-02,5.616687842473261361e-02,1.716755849315932878e-02,1.481799150352796322e-02,0.000000000000000000e+00,8.138954253014481222e-03,2.197977631570320611e-02,2.454565102959443620e-02,3.572686414757608730e-02,1.909615476584084273e-02,6.153239910406706203e-02,6.149440843771675214e-02,2.148720488847993132e-02,5.008907724078950213e-02,1.101921550391977839e-01,5.466905082608138067e-02,8.568662344231381400e-02,5.220621371344448536e-02,1.089085045091255956e-02,4.434475106525245097e-02,1.803573795924239692e-02,1.345815700628063931e-02,1.830294337447443270e-02,1.016242530702237377e-02,1.642465669853312299e-02,7.381115605220317163e-03,4.431040357296446575e-03,1.955894486282003936e-02,1.102624592645417602e-02,1.556813642526125134e-02,9.517917267991067576e-03,1.461636255763473953e-02,5.158898492695600767e-03,5.242246036981586949e-03,1.569071229894526340e-02,2.017762361092234613e-02,3.013366239230865634e-02,1.166302999836434443e-02,2.817893651278550668e-02,3.659735232124560617e-02,4.729173648890336312e-02,1.032559768742396730e-02,5.477412649889347451e-02,2.492915902287703295e-02,4.316792547884301667e-02,2.483911754233841807e-02,6.310018208999702838e-02,1.728485042912723813e-02,1.962735770370834312e-02,1.716018481203680432e-02,8.970627410489559125e-03,2.087307242646285060e-02,3.040836624883842820e-02,3.311678239776443683e-02,2.788585795881556861e-02,6.249835998664816927e-02,6.760279478838447653e-02,1.877603904939903132e-02,4.682595469076334532e-02,1.374794654159878782e-01,5.494283074520511095e-02,8.238139086848476900e-02,5.565917757752712747e-02,1.408321141080908639e-02,4.600868569786747270e-02
5.965469449611887805e-03,1.195045609385031980e-02,9.485520514612199097e-03,4.557244894345766940e-03,1.444270320196338123e-02,1.681475491953116075e-02,2.441420940695602018e-02,4.553147254054856589e-03,2.759609605314457259e-02,1.367572255679598212e-02,1.855141963660993445e-02,1.234937958651655295e-02,2.951907900249162858e-02,9.076994476947541912e-03,8.012870940388694060e-03,8.138954253014481222e-03,0.000000000000000000e+00,1.146320755390022733e-02,1.328275766193536857e-02,1.875982119369013282e-02,1.023950747363518848e-02,3.256681147594626957e-02,3.270459509781298985e-02,1.144636793601231696e-02,2.624229657569146501e-02,5.879222129338605718e-02,2.838025939492741512e-02,4.559730356019404268e-02,2.718398987054973515e-02,5.431345197385112344e-03,2.340591936440919105e-02,1.011824458897040736e-02,7.216664637030133743e-03,9.838623517696435533e-03,5.372026994161720193e-03,8.643791488197442169e-03,4.041357138032603338e-03,2.418485818582119789e-03,1.098054100221869216e-02,5.989350919656333781e-03,8.284489780435397646e-03,5.042901883406027824e-03,7.758976169358449901e-03,2.753216956754402870e-03,2.863702084878888728e-03,8.345441820105443942e-03,1.053049977803957767e-02,1.593894736774057949e-02,6.294581564883996831e-03,1.532311528686016583e-02,1.893026308216131173e-02,2.545818442470562659e-02,5.587557475946705599e-03,2.936105463513767264e-02,1.332603755315183401e-02,2.355697220358086291e-02,1.324279380450292358e-02,3.415763292099725790e-02,9.094620256788459728e-03,1.034255934553659530e-02,8.973968823992508476e-03,4.723188972364618203e-03,1.114212349734143397e-02,1.635813085757638688e-02,1.721251852512025934e-02,1.514411557646699533e-02,3.295828005895864304e-02,3.580881487625225262e-02,1.000448178764515479e-02,2.468336741380758662e-02,7.334000427332273975e-02,2.828863658394258768e-02,4.418185677073954015e-02,2.917260020265364379e-02,7.407684229031265624e-03,2.411573504020726386e-02
1.627759899712242359e-02,3.270202529195187502e-02,2.542626728658918533e-02,1.215352116267300574e-02,3.878222143677679395e-02,4.685740521463407221e-02,6.469928825083988422e-02,1.220545191298281866e-02,7.387659215199211815e-02,3.747309979564725918e-02,4.912605233246968017e-02,3.339500674672208486e-02,8.069992112705597076e-02,2.449696300613303512e-02,2.126890201592659263e-02,2.197977631570320611e-02,1.146320755390022733e-02,0.000000000000000000e+00,3.498365428713260533e-02,5.096763975931559165e-02,2.755614072919183866e-02,8.868465431585881298e-02,8.789663321064845880e-02,3.079843200059104863e-02,7.245694148075657037e-02,1.589683350046218746e-01,7.850714524469824818e-02,1.235315231015278736e-01,7.489969606696658677e-02,1.572402952497647596e-02,6.406524654549650144e-02,2.632041378820527272e-02,1.915393944064555654e-02,2.584212569170559956e-02,1.440597784453339150e-02,2.322338125299101483e-02,1.065733008914551173e-02,6.176900903795226085e-03,2.864913883126880487e-02,1.558431470579360600e-02,2.202929880230864237e-02,1.361396189183140815e-02,2.082407435608753243e-02,7.415593643027853024e-03,7.305171276814296372e-03,2.287600047585254537e-02,2.903840185875351115e-02,4.334958528039658393e-02,1.690415465786737625e-02,4.094135339618728414e-02,5.260377063390325736e-02,6.869445733224789630e-02,1.511062858323433851e-02,7.840692636141313732e-02,3.587575417353161544e-02,6.236488908033643863e-02,3.560289015299030607e-02,9.107968420951026434e-02,2.484069911686054288e-02,2.821469792847787136e-02,2.475774890476167139e-02,1.320195621229951904e-02,3.018481203825868625e-02,4.338430543977933596e-02,4.713826041456491839e-02,4.077236799229760900e-02,8.871528184564012043e-02,9.741809435068224388e-02,2.727400406075160613e-02,6.785329932029231237e-02,1.982929701272696243e-01,7.866368027312321820e-02,1.185801144110783939e-01,7.991749789010109406e-02,2.040048037992308119e-02,6.637762376959903399e-02
1.783181350763171635e-02,3.557450403718494247e-02,2.835138214342062743e-02,1.338052595634601702e-02,4.330166711267382368e-02,5.131797432448773066e-02,7.178470250962380728e-02,1.333966804968813626e-02,8.130266409993033849e-02,4.147758175149350579e-02,5.497617759570226637e-02,3.705574368248070599e-02,8.912884951826344215e-02,2.764881334585463785e-02,2.363025366484996018e-02,2.454565102959443620e-02,1.328275766193536857e-02,3.498365428713260533e-02,0.000000000000000000e+00,5.663784293781833068e-02,3.045686417114441477e-02,9.749661805000374437e-02,9.670634879338696477e-02,3.370572519025118174e-02,8.003673139205737252e-02,1.745566964771527174e-01,8.734238075920834621e-02,1.356842293433174473e-01,8.346317136391301350e-02,1.773914550476471397e-02,7.093935930292313841e-02,2.860581642959895282e-02,2.112604645877671702e-02,2.926774598956619761e-02,1.626570914925354674e-02,2.636052175320679342e-02,1.184795972852108539e-02,7.198930345677165797e-03,3.046882540953203822e-02,1.750033620508666468e-02,2.478019826784123511e-02,1.524241940078254788e-02,2.323669562987512247e-02,8.101680428686853369e-03,8.214259051103017448e-03,2.471545625123133458e-02,3.210899246981285121e-02,4.761453717703156147e-02,1.852979406054960573e-02,4.533536622387834142e-02,5.866871044390470358e-02,7.552816529621085573e-02,1.635443546891509475e-02,8.705126777097259294e-02,4.016135424773150525e-02,6.888832779321013566e-02,4.015345375082749607e-02,1.001664072307173053e-01,2.778009802183013105e-02,3.135158071913735772e-02,2.702285487547174958e-02,1.451976124766596841e-02,3.300448136671109423e-02,4.804579099905307432e-02,5.316771335821782879e-02,4.461933207370614995e-02,9.885460510119876976e-02,1.070357716724286007e-01,2.959214288566632337e-02,7.394765755320030498e-02,2.177527466590666316e-01,8.878486607737286207e-02,1.310256842606348227e-01,8.840538937863932911e-02,2.281879144002920898e-02,7.288706077308057529e-02
2.626557209256486641e-02,5.204842706730423985e-02,4.117280814831713459e-02,1.934891090885375309e-02,6.176618165214697864e-02,7.448340307828422990e-02,1.033806947557842359e-01,1.973875827398731062e-02,1.186751176798762630e-01,5.968696273487954229e-02,7.925397335388612019e-02,5.335060809990789521e-02,1.285168673894725444e-01,3.924290190436850734e-02,3.479934308658464565e-02,3.572686414757608730e-02,1.875982119369013282e-02,5.096763975931559165e-02,5.663784293781833068e-02,0.000000000000000000e+00,4.430920842202108745e-02,1.415191454159311635e-01,1.421416635503597869e-01,4.931376809243592091e-02,1.154928628769187754e-01,2.553889615101092025e-01,1.246667467863359635e-01,1.974610717924787373e-01,1.195593700996891717e-01,2.503568380581069203e-02,1.028613504034553011e-01,4.213031518456543389e-02,3.071314228949450359e-02,4.217896590615396318e-02,2.338770368599942320e-02,3.711547855258000989e-02,1.693629562587965764e-02,1.023975207358939106e-02,4.532542911078367431e-02,2.531369069100116581e-02,3.560739958710448794e-02,2.176961988230394565e-02,3.328964639866873604e-02,1.168399361618146712e-02,1.183454580296001979e-02,3.661824357847422162e-02,4.652670866941874955e-02,6.948192891417917516e-02,2.692666821896024659e-02,6.561402703232215028e-02,8.417248745382854835e-02,1.094906190219283038e-01,2.414082018087048559e-02,1.271687798409968650e-01,5.718660020602858024e-02,1.002080739108910518e-01,5.732612863763953542e-02,1.458313434778656659e-01,3.950913735538459648e-02,4.542808347296026228e-02,3.901918983554289455e-02,2.073904189789591013e-02,4.820681642431442343e-02,6.995758569571781937e-02,7.587363070415820143e-02,6.491263382356055045e-02,1.428977131689368740e-01,1.569227956222889186e-01,4.356620459659587413e-02,1.080281136846237000e-01,3.186869419250872859e-01,1.267448713832731999e-01,1.898636470666698606e-01,1.283513068412016900e-01,3.283118714637893454e-02,1.056107675658251033e-01
1.448844755666114405e-02,2.853195022542715995e-02,2.194111188542890653e-02,1.064348258490985938e-02,3.398129515033339321e-02,4.022611656462440205e-02,5.622871441388031799e-02,1.055136734892952836e-02,6.378312248833986620e-02,3.290358598784732386e-02,4.304348970009643643e-02,2.929937501088997892e-02,7.031298465909990858e-02,2.121416985052034312e-02,1.905328640162111051e-02,1.909615476584084273e-02,1.023950747363518848e-02,2.755614072919183866e-02,3.045686417114441477e-02,4.430920842202108745e-02,0.000000000000000000e+00,7.673608754993803405e-02,7.637714792731090108e-02,2.696783025388844665e-02,6.312200831495878850e-02,1.400718059394183701e-01,6.836248145922574349e-02,1.071063905218177237e-01,6.521598731815092531e-02,1.346820613052956278e-02,5.546826055843151471e-02,2.300748146082467332e-02,1.686522120164487756e-02,2.237013891946915134e-02,1.260160834006599818e-02,2.007459856957246810e-02,9.382968115190799818e-03,5.431471779457125795e-03,2.536154922400942965e-02,1.371180174881954893e-02,1.923985395932961348e-02,1.231845554639745752e-02,1.793204119707836677e-02,6.522923748061015825e-03,6.326796454854129170e-03,2.062700824343292189e-02,2.515050371916888877e-02,3.748538374296755959e-02,1.485122720117462193e-02,3.603898367629687627e-02,4.552366316717131739e-02,5.947493821684057130e-02,1.324776936912492806e-02,6.800597583790320144e-02,3.139818518861158675e-02,5.452864803225719592e-02,3.213559522261758700e-02,7.940970411777623084e-02,2.162865851204644890e-02,2.573242526031227842e-02,2.145063974440925003e-02,1.151504788299991498e-02,2.652823496055619137e-02,3.762516628601243057e-02,4.131510844948702715e-02,3.665416449835838530e-02,7.686448532647625898e-02,8.448721576215306728e-02,2.427108712773646745e-02,5.886162930270449900e-02,1.747852758438705745e-01,6.822388225878688039e-02,1.032771537142901375e-01,6.932076588817845386e-02,1.750089235457097381e-02,5.779230609785308143e-02
