0.000000000000000000e+00,2.388641003831649262e-02,1.084530981158507608e-02,8.664653553585961385e-03,3.384688610355099381e-02,4.563281966558624392e-02,4.527116568663111518e-02,5.563212653068857344e-03,5.287339848831765915e-02,2.972907984166324458e-02,3.779104147516466894e-02,2.109658662927181919e-02,6.115366420861232527e-02,1.926176943281784210e-02,1.758709281469198957e-02,1.704727823947448789e-02,1.108147891677835860e-02,2.116103684669827859e-02,2.126849705764080264e-02,3.656893737236394104e-02,2.776880156872100006e-02,6.103962438301076959e-02,5.811488653454528752e-02,2.587468320113223488e-02,5.405777963009048004e-02,1.206469479251666699e-01,6.252759361573352603e-02,8.646408336039980436e-02,6.602215428273802700e-02,1.680760587951455470e-02,4.964572020428769522e-02,1.763258995611529517e-02,9.237686972136815652e-03,2.153689895594361817e-02,1.250356339692324827e-02,2.323336139210281648e-02,9.723369624514862503e-03,5.367165550294076062e-03,1.698383698558143112e-02,1.340864276522319917e-02,1.873981631656883307e-02,1.252714825444382722e-02,1.428557131698696137e-02,5.642967573555156963e-03,4.026428187713366851e-03,1.525895055412359973e-02,2.019430603849903597e-02,1.949832696719369304e-02,1.057311665810914056e-02,2.996048692439633523e-02,4.270920386961375714e-02,5.038436558889462791e-02,1.091781632571325183e-02,5.421130900434711908e-02,3.154728324655684674e-02,5.229799164019579422e-02,3.778622693370552871e-02,6.167217148653455355e-02,2.043280151404697903e-02,1.228380861910373899e-02,1.775061542775388523e-02,1.094240012912774639e-02,2.066032130584902551e-02,2.524370391712738373e-02,3.520498922436897382e-02,2.282780228955911400e-02,5.712277138926360326e-02,6.566563622569190906e-02,2.307332205075138254e-02,5.490049184483767469e-02,1.374919970919983303e-01,6.808700356171151769e-02,8.293683194323595020e-02,6.071956370718545326e-02,1.579819601922789751e-02,5.080019540365692671e-02
2.388641003831649262e-02,0.000000000000000000e+00,1.477931479077321253e-02,1.283486542081704873e-02,4.970367067640354963e-02,6.637661649900009064e-02,6.585984948902330605e-02,7.999431980118770422e-03,7.764717870810501632e-02,4.311521320981056421e-02,5.466178827511423977e-02,2.945485314901043553e-02,8.872869933284373289e-02,2.787744724073744351e-02,2.452390969195556228e-02,2.479806759340881864e-02,1.614778509650325461e-02,3.109961520600755536e-02,3.065522272150346741e-02,5.268541501037665720e-02,3.903257255883497978e-02,8.845235410032487033e-02,8.325493580251591696e-02,3.692693943997309158e-02,7.817719963975462705e-02,1.721218395341427843e-01,8.949569313286272199e-02,1.253753691781373802e-01,9.582054235509947226e-02,2.475847334857723264e-02,7.157089525788651319e-02,2.653069580546029566e-02,1.368680434601910433e-02,3.084917693124425431e-02,1.824680938034752356e-02,3.401139991082119396e-02,1.448284642364647788e-02,7.785892852547543833e-03,2.530274149337984405e-02,1.955275030047150947e-02,2.647463977968056090e-02,1.785929786143939518e-02,2.139221687552088705e-02,8.293933091853823020e-03,5.666959682309949918e-03,2.014168204445249133e-02,2.932327775491422317e-02,2.788057345280575000e-02,1.557582843331116115e-02,4.394157832280146114e-02,6.184339871630125524e-02,7.477140433028775512e-02,1.544483548567466245e-02,7.945573272716122126e-02,4.586077397711855325e-02,7.722072337179253232e-02,5.335772705531525995e-02,8.968971897137191507e-02,3.092013149862073151e-02,1.618826085887304853e-02,2.528459346678930617e-02,1.572661420189146175e-02,3.045654953839177156e-02,3.707816483379067218e-02,4.952930636317789959e-02,3.117467525841922590e-02,8.300719363465861034e-02,9.422076450650994361e-02,3.248691719633748504e-02,8.076928660042061170e-02,1.962955772491593309e-01,9.823219791779343180e-02,1.205963115346920800e-01,8.753661575218228685e-02,2.293237396513698664e-02,7.329602339648044751e-02
1.084530981158507608e-02,1.477931479077321253e-02,0.000000000000000000e+00,5.463131225166600186e-03,2.183761734161335233e-02,2.994414685970488155e-02,2.860182152986313203e-02,3.589414740923263687e-03,3.505340239877759861e-02,1.850942518835272180e-02,2.447306993941026146e-02,1.273258814821368913e-02,3.852393529413176282e-02,1.189169177941434667e-02,1.214369830575675116e-02,1.108481981541025244e-02,7.114859027747224077e-03,1.352826481159694234e-02,1.446122923905897306e-02,2.411899976882853069e-02,1.756562082186276935e-02,4.048497749097665355e-02,3.909107070265849943e-02,1.595474942995194281e-02,3.396721772947484952e-02,7.823818341193490566e-02,4.022680534460904705e-02,5.590996438928410445e-02,4.346058373573706557e-02,1.104371131173168506e-02,3.235148702692489803e-02,1.184529134080529109e-02,6.146104144941111520e-03,1.409921505671725590e-02,8.072885608919845232e-03,1.445623857180726793e-02,6.388329623940215349e-03,3.662416162624934721e-03,1.134582789141727610e-02,9.104155343302621634e-03,1.218128158528536745e-02,7.825539140405915473e-03,9.256448390810762678e-03,3.505863411639327347e-03,2.818929848689596430e-03,9.511599586319087821e-03,1.325763553434861942e-02,1.240761037230147558e-02,6.730031442568642358e-03,1.911327732938924995e-02,2.803397644290187701e-02,3.293476410204917298e-02,7.334985131579908023e-03,3.663249206476287823e-02,1.970994518977741555e-02,3.474099118703926486e-02,2.311012002456551764e-02,4.008614467166847495e-02,1.334549305105090303e-02,7.702401344433569552e-03,1.127045206288540720e-02,6.923930659413990440e-03,1.383656532041256139e-02,1.672920950352050837e-02,2.338196662525086206e-02,1.399155706957700210e-02,3.842514222092369147e-02,4.399961031580394699e-02,1.475733062247583556e-02,3.618773776286676735e-02,9.059301101623806751e-02,4.463837046117689888e-02,5.456069557725184288e-02,4.049233591317921016e-02,1.053159558178912159e-02,3.274802505543612796e-02
8.664653553585961385e-03,1.283486542081704873e-02,5.463131225166600186e-03,0.000000000000000000e+00,1.838123680713881630e-02,2.475853993324852315e-02,2.430774133197566994e-02,2.928997510714602577e-03,2.889080032898080561e-02,1.591075401137010542e-02,2.022060157970925059e-02,1.078529487579807898e-02,3.259144183116656490e-02,1.027383620736399550e-02,9.045573741909897561e-03,9.105075643937868973e-03,6.029398008265600059e-03,1.141161949709774449e-02,1.129314951841807295e-02,1.932882695442010579e-02,1.429491458058632959e-02,3.230960109434331123e-02,3.081149506455735029e-02,1.343192675964500690e-02,2.864690904479294531e-02,6.370178630808859266e-02,3.302928401280594284e-02,4.585510295435585304e-02,3.527818004683563186e-02,9.006441111043463066e-03,2.634299755906219231e-02,1.010502249933618694e-02,5.172896999615522913e-03,1.162330857065523027e-02,7.008038227840992888e-03,1.252014594317928456e-02,5.304719554509288587e-03,2.891347885875966608e-03,9.425035171892063093e-03,7.521669089789858632e-03,1.001455890154819353e-02,6.654057473283553521e-03,7.847423906662584492e-03,3.086185867828349517e-03,2.165817915414171985e-03,7.393545453275328361e-03,1.088209791165629069e-02,1.039204744875013575e-02,5.731880766904342075e-03,1.604686303886435073e-02,2.282636875899912016e-02,2.779265210079372508e-02,5.782384225186122141e-03,2.952281451316075139e-02,1.707534705210965800e-02,2.884267155189692428e-02,1.978433046529910755e-02,3.321578742083431540e-02,1.110652630406981992e-02,5.990693973368938462e-03,9.258371119270204438e-03,5.842769133592482823e-03,1.119468657996512337e-02,1.402650285671971572e-02,1.846683195489425694e-02,1.164642673477203974e-02,3.061441250001493974e-02,3.534245785709148879e-02,1.203618375871745409e-02,2.979866747068507862e-02,7.327314509036569889e-02,3.634440309029064731e-02,4.440857033781298036e-02,3.191823482535140200e-02,8.373837310474165768e-03,2.698862114563568490e-02
3.384688610355099381e-02,4.970367067640354963e-02,2.183761734161335233e-02,1.838123680713881630e-02,0.000000000000000000e+00,9.450925626105728672e-02,9.442478989256355981e-02,1.136451079575477238e-02,1.104541777563652627e-01,6.256602503087535516e-02,7.809133058142125883e-02,4.200816189569653997e-02,1.272334247162501264e-01,3.952506486926793405e-02,3.506775647731624063e-02,3.543749253729121251e-02,2.371371352051848680e-02,4.439225847918235046e-02,4.439300685979714889e-02,7.483828758849557505e-02,5.577523292406074557e-02,1.255681464255764823e-01,1.197930273757408237e-01,5.201907862912768382e-02,1.107959705994359251e-01,2.453039027056536370e-01,1.273379544439533773e-01,1.788829694601034581e-01,1.365519401099293817e-01,3.474955577999170458e-02,1.019294788421423320e-01,3.874283960420595724e-02,2.006601716520468523e-02,4.468036805151884283e-02,2.674022527877574495e-02,4.871940463646678293e-02,2.087588993809201890e-02,1.140616138958502369e-02,3.678880937891351038e-02,2.855194425447782694e-02,3.890636336330341449e-02,2.584328772147042111e-02,3.047782636469215795e-02,1.181590440723069048e-02,8.436291012046740617e-03,2.922151454815001895e-02,4.186297780871901103e-02,4.027424696671172422e-02,2.217653244625029246e-02,6.295948154658614904e-02,8.763739509211745937e-02,1.071291982957759958e-01,2.241678342345872904e-02,1.136311686128938653e-01,6.667851331762887634e-02,1.111898021988654561e-01,7.605966226222210524e-02,1.286802429651024982e-01,4.340949838725854243e-02,2.344850609251177345e-02,3.599362471678253100e-02,2.266504438825444126e-02,4.348036678817689127e-02,5.331249289550971798e-02,7.115825733625352756e-02,4.513165622453366860e-02,1.184441703146806441e-01,1.362989378142056007e-01,4.651085825557460529e-02,1.145502455310104112e-01,2.834038174894093487e-01,1.400027598851634469e-01,1.715340612280026600e-01,1.238726216180312534e-01,3.244882458737929215e-02,1.038587936198913098e-01
4.563281966558624392e-02,6.637661649900009064e-02,2.994414685970488155e-02,2.475853993324852315e-02,9.450925626105728672e-02,0.000000000000000000e+00,1.259692262347269498e-01,1.579953660881140004e-02,1.531853263177231639e-01,8.205035064851748383e-02,1.056621486177450192e-01,5.704393163254154603e-02,1.713923980506265321e-01,5.413124349718261702e-02,4.807326354336391439e-02,4.799710909277117576e-02,3.061617592688334680e-02,6.080042655744932745e-02,6.030678011158019380e-02,1.040287950219954544e-01,7.384491906461621014e-02,1.753101664213963795e-01,1.633619604315490748e-01,7.095501902930534399e-02,1.523274766355751375e-01,3.341651530902771672e-01,1.772635157251016003e-01,2.434257906499813773e-01,1.872078795572765519e-01,4.796170580893617530e-02,1.384507359410463434e-01,5.164912307458626589e-02,2.686422533377800029e-02,5.968408988040250357e-02,3.515089212515986467e-02,6.525665797974114501e-02,2.769208316813624032e-02,1.525006078307620215e-02,4.823139374262412626e-02,3.803544207267168381e-02,5.125876503741742807e-02,3.428009250093416727e-02,4.155201920196524568e-02,1.585673432004950159e-02,1.110334311477531241e-02,3.976198649380312256e-02,5.798313370623376511e-02,5.514731741530058684e-02,2.980964981254494162e-02,8.391538908469720059e-02,1.228418546730589561e-01,1.432502221837639034e-01,3.021848728175919457e-02,1.564722237125657223e-01,8.688729332867388411e-02,1.473336198257815810e-01,1.016142126959369979e-01,1.735155109210457791e-01,5.947473879118221618e-02,3.262999456767817774e-02,4.998444462098264318e-02,3.003527183562866229e-02,5.917141865911716009e-02,7.256900896436599413e-02,9.939337648544607773e-02,6.072316387230624474e-02,1.651649897548996826e-01,1.859266031413547293e-01,6.302257726352283873e-02,1.566807315967259362e-01,3.827625811828391234e-01,1.926172083523011447e-01,2.367801861895946769e-01,1.744249800574334264e-01,4.532607462889054473e-02,1.432342611614400574e-01
4.527116568663111518e-02,6.585984948902330605e-02,2.860182152986313203e-02,2.430774133197566994e-02,9.442478989256355981e-02,1.259692262347269498e-01,0.000000000000000000e+00,1.534960417638471693e-02,1.476226416467496250e-01,8.228910204320365185e-02,1.037443607689519376e-01,5.625241688249874722e-02,1.684733846835867743e-01,5.251822898782726456e-02,4.686065006297788355e-02,4.723758626177120001e-02,3.121143582052997648e-02,5.902934542986507105e-02,5.895419634673437076e-02,9.961320082559589617e-02,7.422219467109986146e-02,1.677269807688831493e-01,1.590814257107945884e-01,6.998986052506933619e-02,1.477821376948449117e-01,3.277988464054745754e-01,1.688632011341833494e-01,2.368947078197826683e-01,1.813362097310325660e-01,4.605153730641619453e-02,1.353208566570286431e-01,5.151057858345710339e-02,2.643426262684134276e-02,5.954107490484794596e-02,3.556673391947934998e-02,6.480141294296860865e-02,2.760022581123455776e-02,1.525262200691064607e-02,4.908744339382798555e-02,3.815219894382969323e-02,5.161243370472207159e-02,3.421883531141579893e-02,4.025703650816839924e-02,1.561760416188408274e-02,1.124043008579225268e-02,3.861438050363032864e-02,5.541124607125375717e-02,5.305994100320293033e-02,2.937945417394279002e-02,8.321821940732065936e-02,1.162592555787134996e-01,1.420424910591840117e-01,2.971005706864706525e-02,1.513014202206250103e-01,8.799311006695745285e-02,1.474282099875090235e-01,1.019626699495989747e-01,1.709255438021930751e-01,5.750377211056981880e-02,3.071533110836145025e-02,4.753186614475983507e-02,2.996897583620584254e-02,5.761627482598216665e-02,7.096462899960989668e-02,9.410761284564607421e-02,5.963605217990620988e-02,1.569866984612877103e-01,1.804128097478024939e-01,6.222366749698139687e-02,1.524017154578973521e-01,3.757703695081687778e-01,1.853455846998336431e-01,2.287397941850707050e-01,1.649111951057214698e-01,4.313361118514993237e-02,1.379244063579657398e-01
5.563212653068857344e-03,7.999431980118770422e-03,3.589414740923263687e-03,2.928997510714602577e-03,1.136451079575477238e-02,1.579953660881140004e-02,1.534960417638471693e-02,0.000000000000000000e+00,1.886282363742546042e-02,1.002824716262157474e-02,1.324225034572047884e-02,7.277096756655106018e-03,2.092476050409047481e-02,6.248614315969693543e-03,6.520972221667508881e-03,5.750807135878683446e-03,3.637182858424357727e-03,7.311279827968804150e-03,7.619782132468029892e-03,1.270545360667844383e-02,8.806029698556972624e-03,2.251896668610016070e-02,2.066858989006643832e-02,8.987000345100682602e-03,1.832328770667412260e-02,4.180460048966756076e-02,2.145741134217609564e-02,3.004845672631444378e-02,2.295396343509023551e-02,5.699305205578340805e-03,1.702669275768141713e-02,6.533976743470127843e-03,3.440263557941428997e-03,7.441866191732971619e-03,4.216939625752257580e-03,7.445008659249227612e-03,3.275473342109160978e-03,2.063802568955211501e-03,6.240862230685506086e-03,4.610751150479143641e-03,6.110151538334228187e-03,4.036843813102346766e-03,4.964268811202267664e-03,1.915899851215009057e-03,1.481103734471256707e-03,4.388677503922272516e-03,6.981346282936813988e-03,6.545208990664809143e-03,3.622574216327510525e-03,1.040689763881557338e-02,1.495402794204916952e-02,1.729637089072171702e-02,3.706561868496950282e-03,1.951679298102527646e-02,1.061869192651996967e-02,1.863410945812080804e-02,1.260785556866962469e-02,2.162987807385817127e-02,7.157503043173214091e-03,4.235575772347611317e-03,5.941491037076388100e-03,3.541214926900214562e-03,7.310331401418973356e-03,8.929252660766259786e-03,1.202311870225700706e-02,7.233547786981956926e-03,2.098145151587073667e-02,2.284212689245751146e-02,7.707120780049071807e-03,1.894282932779810594e-02,4.773025221112503491e-02,2.345468753241986698e-02,2.952001686413337211e-02,2.113644909284080262e-02,5.479225062405285694e-03,1.740773276087545160e-02
5.287339848831765915e-02,7.764717870810501632e-02,3.505340239877759861e-02,2.889080032898080561e-02,1.104541777563652627e-01,1.531853263177231639e-01,1.476226416467496250e-01,1.886282363742546042e-02,0.000000000000000000e+00,9.695247117918805169e-02,1.243093692204526868e-01,6.667812868324052289e-02,2.002898950940430467e-01,6.286237053009979814e-02,5.694721227518872997e-02,5.624818670680737515e-02,3.633993441594377677e-02,7.121973866932575226e-02,7.090151956178812609e-02,1.229305909573150113e-01,8.621420878226945805e-02,2.065512881719948346e-01,1.925752343345284723e-01,8.286806729233629765e-02,1.777004341085565431e-01,3.923202014352120126e-01,2.092640962792669534e-01,2.855913182271225814e-01,2.206864037394983824e-01,5.621432112050042673e-02,1.627635408320996790e-01,6.039604842784818128e-02,3.185510988077671496e-02,6.994365941003272136e-02,4.108975899822098904e-02,7.597567810061608973e-02,3.239338847867870991e-02,1.813149186003691279e-02,5.690284816287389386e-02,4.474633577210792440e-02,6.003715697094075265e-02,3.988625630244151815e-02,4.831987371277889770e-02,1.854571780686016871e-02,1.324215427033695151e-02,4.551593850969402888e-02,6.789026043959238421e-02,6.476357788256288661e-02,3.482159359805098164e-02,9.803595939538739534e-02,1.437245781535023414e-01,1.683139787621927008e-01,3.556497184731971517e-02,1.844093399339850059e-01,1.025058975640335684e-01,1.739436697802722587e-01,1.189130879475856217e-01,2.042784420381600352e-01,6.946252381217064842e-02,3.812924585179847808e-02,5.824233300160909510e-02,3.524075464375285571e-02,6.957457093597389786e-02,8.565027554521024988e-02,1.170407121289293861e-01,7.025359949316524466e-02,1.947190680346922997e-01,2.187695885394487783e-01,7.367759225218985242e-02,1.833196249870903405e-01,4.489097641908126324e-01,2.267641775362345125e-01,2.791615113768580736e-01,2.045125621639072855e-01,5.308317444987244171e-02,1.678182486741863766e-01
2.972907984166324458e-02,4.311521320981056421e-02,1.850942518835272180e-02,1.591075401137010542e-02,6.256602503087535516e-02,8.205035064851748383e-02,8.228910204320365185e-02,1.002824716262157474e-02,9.695247117918805169e-02,0.000000000000000000e+00,6.807200403235626196e-02,3.604396680458052393e-02,1.095783753975707736e-01,3.474321657639589667e-02,3.061693682300010988e-02,3.105894820561416053e-02,2.037467048494636529e-02,3.868312247533074733e-02,3.863661532204639565e-02,6.574632826036630462e-02,4.879441383674364835e-02,1.102303010962196045e-01,1.044984505729624341e-01,4.523120887854939487e-02,9.688246773970303483e-02,2.140258328616215511e-01,1.109634530953139547e-01,1.556419178130484526e-01,1.186987272476560801e-01,3.052630014033185651e-02,8.861772193352839000e-02,3.322214529116821607e-02,1.733942266401156118e-02,3.829292658044125552e-02,2.290936698844043412e-02,4.262411554509978190e-02,1.829041845122234694e-02,9.786085201903252720e-03,3.190467262662174952e-02,2.480319888341624840e-02,3.332675772369327744e-02,2.216058246261672776e-02,2.711414429342953389e-02,1.029273580165005440e-02,7.302972821003709918e-03,2.521067434037476546e-02,3.648699614643435840e-02,3.469226313020253721e-02,1.958070739179648342e-02,5.515190780493682554e-02,7.571960722053787396e-02,9.390474976774232374e-02,1.939520750109475361e-02,9.869481584448867861e-02,5.777007841229042651e-02,9.687003119706265319e-02,6.591505753640124199e-02,1.113540720765355124e-01,3.872802282880468544e-02,2.004610411270485795e-02,3.154679706307630949e-02,1.960636197469890415e-02,3.818410863908729136e-02,4.639377789546338116e-02,6.145197335066521216e-02,3.912554967088384406e-02,1.026220748322544118e-01,1.178023383065169433e-01,4.018330750864854833e-02,9.991247205122749664e-02,2.448001843742432238e-01,1.217241454060556671e-01,1.505914286355611031e-01,1.090728894431205326e-01,2.887140658494536868e-02,9.069965693387586902e-02
3.779104147516466894e-02,5.466178827511423977e-02,2.447306993941026146e-02,2.022060157970925059e-02,7.809133058142125883e-02,1.056621486177450192e-01,1.037443607689519376e-01,1.324225034572047884e-02,1.243093692204526868e-01,6.807200403235626196e-02,0.000000000000000000e+00,4.714716747313829615e-02,1.403551515326061649e-01,4.380207178536872636e-02,4.007436819753792956e-02,3.905640549043409848e-02,2.555611035130788897e-02,4.977116420717733747e-02,4.951135256267329837e-02,8.481466543177891559e-02,6.119151592133648815e-02,1.430902377256855207e-01,1.344360514279203667e-01,5.825155278333712938e-02,1.237678322519822349e-01,2.753192312696431387e-01,1.439496943403515139e-01,1.993281825568239685e-01,1.532730031409817451e-01,3.885714823306420096e-02,1.135823677153538214e-01,4.225028490409922510e-02,2.212984974335342053e-02,4.925601332944519462e-02,2.894737389581956630e-02,5.291011482346690692e-02,2.251386576511130166e-02,1.269456363919972339e-02,3.960261146203594707e-02,3.125136094139263632e-02,4.226232553627754657e-02,2.796068593659687199e-02,3.354099481734499483e-02,1.287814750917922607e-02,9.305514819270756244e-03,3.222491261358931963e-02,4.716666311193344618e-02,4.507335941864256540e-02,2.440067090335379038e-02,6.922972038667643546e-02,9.945135456880684066e-02,1.176029276676231888e-01,2.487160595842018151e-02,1.275537008063853672e-01,7.211220953371214049e-02,1.221708524883918096e-01,8.407823530731473038e-02,1.429635750936980587e-01,4.819080479555015728e-02,2.695693505786978666e-02,4.039433048010009769e-02,2.466056738507913307e-02,4.856139374979390883e-02,5.953899755536868482e-02,8.089617593824133257e-02,4.990901550746677101e-02,1.353177753070724798e-01,1.525985217283310769e-01,5.162000100619026227e-02,1.276007327859120521e-01,3.149956364208738591e-01,1.580777894637498404e-01,1.933718391138218584e-01,1.404918177721667938e-01,3.672108889793283815e-02,1.164162107807682894e-01
2.109658662927181919e-02,2.945485314901043553e-02,1.273258814821368913e-02,1.078529487579807898e-02,4.200816189569653997e-02,5.704393163254154603e-02,5.625241688249874722e-02,7.277096756655106018e-03,6.667812868324052289e-02,3.604396680458052393e-02,4.714716747313829615e-02,0.000000000000000000e+00,7.588498148449895897e-02,2.372586898936610011e-02,2.214345158133727148e-02,2.115977669516830306e-02,1.345819899253961408e-02,2.678494029584373506e-02,2.637277925897532627e-02,4.485037772478568663e-02,3.386083271881065726e-02,7.707560170829440283e-02,7.298121998693178625e-02,3.251797198176480108e-02,6.718709379676195137e-02,1.510214739622301738e-01,7.653310569364751847e-02,1.069821078613800852e-01,8.253725694925884149e-02,2.074585592612080559e-02,6.171457871520022453e-02,2.308202039845811543e-02,1.189130383111898503e-02,2.699645980158046910e-02,1.578302963930877309e-02,2.860621552145112267e-02,1.208656377826034661e-02,6.880932933221453433e-03,2.165482341914309883e-02,1.740758960840375208e-02,2.295239482860182700e-02,1.528807469180653612e-02,1.786792803240200289e-02,7.004745210859060836e-03,5.030784721440388282e-03,1.731154310250762260e-02,2.486728725266812434e-02,2.369995052367598540e-02,1.338329361704950794e-02,3.739489812267573349e-02,5.299376133827847501e-02,6.358059712111122086e-02,1.330085930197602746e-02,6.880391124796840507e-02,3.860984531699898636e-02,6.673423233712540148e-02,4.631172171749673577e-02,7.735149165960432394e-02,2.609444283587032329e-02,1.407581182848975654e-02,2.135174283035744247e-02,1.324654312924821407e-02,2.601563799911314756e-02,3.248686079608968658e-02,4.205394331782266737e-02,2.680395451768017440e-02,7.177515294033133542e-02,8.150100268446026919e-02,2.844982186662467147e-02,6.841918028484830772e-02,1.701249676911520681e-01,8.395613198648918529e-02,1.042406862801239648e-01,7.499659760744371850e-02,1.986641392415408602e-02,6.324707527347815661e-02
6.115366420861232527e-02,8.872869933284373289e-02,3.852393529413176282e-02,3.259144183116656490e-02,1.272334247162501264e-01,1.713923980506265321e-01,1.684733846835867743e-01,2.092476050409047481e-02,2.002898950940430467e-01,1.095783753975707736e-01,1.403551515326061649e-01,7.588498148449895897e-02,0.000000000000000000e+00,7.141740630901878550e-02,6.433714106865917604e-02,6.390874730871262677e-02,4.097862218536277301e-02,7.992968785553607181e-02,7.982279292965867301e-02,1.357663381064991848e-01,9.958054972476960975e-02,2.299490763469096699e-01,2.166052054799987026e-01,9.550467937210339875e-02,2.007792030458434851e-01,4.447667019159576851e-01,2.307341419418871831e-01,3.218297013357726000e-01,2.473844087161260474e-01,6.320879591331517167e-02,1.838606858206164041e-01,6.937083253693410168e-02,3.559121284151706144e-02,8.009932909952757751e-02,4.746155685057764501e-02,8.712499054378347596e-02,3.706348701027470383e-02,2.078682201383652908e-02,6.572713037453439822e-02,5.143897767690147615e-02,6.892895518505842700e-02,4.598899339263793490e-02,5.466800929455713220e-02,2.109035155054369767e-02,1.513117252505991397e-02,5.197611028512574144e-02,7.566438215197769657e-02,7.178216709314663713e-02,3.991408007521970308e-02,1.119159318724914365e-01,1.590916638690327567e-01,1.909761113482163486e-01,3.974880056839489445e-02,2.064493902401620673e-01,1.171123238984264348e-01,1.992811492323061928e-01,1.370243226757268118e-01,2.311174789206084101e-01,7.861533497085619604e-02,4.170988235309410624e-02,6.527262248517363974e-02,3.999607151994580972e-02,7.846096651620931839e-02,9.633390547128022063e-02,1.283486141917335455e-01,7.922680859064357151e-02,2.159404282422787980e-01,2.452787290790133246e-01,8.427060973070915617e-02,2.070809135703491066e-01,5.075885572535872026e-01,2.530263557674281572e-01,3.127280341613569159e-01,2.264882944597427783e-01,5.960690105963059593e-02,1.884357621242294667e-01
1.926176943281784210e-02,2.787744724073744351e-02,1.189169177941434667e-02,1.027383620736399550e-02,3.952506486926793405e-02,5.413124349718261702e-02,5.251822898782726456e-02,6.248614315969693543e-03,6.286237053009979814e-02,3.474321657639589667e-02,4.380207178536872636e-02,2.372586898936610011e-02,7.141740630901878550e-02,0.000000000000000000e+00,1.949333252623034266e-02,1.991909559217927214e-02,1.293163112929357830e-02,2.474818674036052130e-02,2.481180933590986654e-02,4.221207368200050047e-02,3.126999796095847328e-02,7.136675241116484381e-02,6.652556795216042762e-02,2.962286198102394991e-02,6.270120489457538249e-02,1.375988526232159725e-01,7.224461924336425533e-02,1.012161306478770312e-01,7.742353093838238998e-02,2.006432227295802673e-02,5.718176435137960895e-02,2.128621468717760770e-02,1.088611415972665607e-02,2.455419019016290283e-02,1.468660639059864506e-02,2.691675343636536905e-02,1.154290937541523933e-02,6.368941743520634309e-03,2.033809526956724401e-02,1.565335965555927564e-02,2.138226420169554720e-02,1.436172215063004007e-02,1.710488099130542602e-02,6.603289372339790110e-03,4.650062762418150260e-03,1.648469712696709957e-02,2.377476398775417790e-02,2.253092251683887562e-02,1.238364077331926237e-02,3.507982303801097240e-02,4.968006759148259344e-02,5.975987214188709096e-02,1.232899250323525944e-02,6.400582603719520702e-02,3.706821542526824581e-02,6.228018225432216393e-02,4.315369545817095837e-02,7.178059892011752485e-02,2.445339147508358152e-02,1.290027761416173702e-02,2.081955220999680625e-02,1.262077586183195724e-02,2.473276322568586025e-02,3.005170925406143792e-02,3.991991815093511031e-02,2.518335732456886480e-02,6.665976793365115116e-02,7.571494547520322971e-02,2.624942912834370493e-02,6.520350942298200336e-02,1.579643944850237791e-01,7.899120763050565541e-02,9.704550241242845821e-02,7.010733091041498888e-02,1.860580879806712773e-02,5.895637431262405054e-02
1.758709281469198957e-02,2.452390969195556228e-02,1.214369830575675116e-02,9.045573741909897561e-03,3.506775647731624063e-02,4.807326354336391439e-02,4.686065006297788355e-02,6.520972221667508881e-03,5.694721227518872997e-02,3.061693682300010988e-02,4.007436819753792956e-02,2.214345158133727148e-02,6.433714106865917604e-02,1.949333252623034266e-02,0.000000000000000000e+00,1.792814343728887233e-02,1.151198314312702753e-02,2.231606875390389211e-02,2.298802455009759174e-02,3.963642787658425842e-02,2.764026574523342772e-02,6.678862802555214639e-02,6.296659694702087806e-02,2.706362936167461264e-02,5.586589191932856552e-02,1.282515135903018466e-01,6.662340176873937647e-02,9.208714096193298948e-02,7.047540558830937829e-02,1.763823936736223785e-02,5.269689764308357199e-02,1.892376903726488563e-02,1.037116671263196843e-02,2.307383592046624923e-02,1.291334443836503199e-02,2.345432418412608799e-02,9.994418049834098358e-03,6.117570746398676498e-03,1.794764395622963637e-02,1.425640388191324118e-02,1.943811355243268632e-02,1.262682755574760264e-02,1.492610159153527627e-02,5.698652600711549311e-03,4.468744426306588309e-03,1.531754642634417483e-02,2.178327539505172175e-02,2.088443677549009156e-02,1.089853076318379049e-02,3.124982855406048532e-02,4.595356486815119906e-02,5.265386921220322619e-02,1.170874853587911858e-02,5.844858865538184872e-02,3.257646433286859322e-02,5.512568798470143111e-02,3.840746116019152362e-02,6.540591364550529807e-02,2.142021377318655342e-02,1.409486502898090604e-02,1.873848295487723359e-02,1.122162227093337350e-02,2.220088338031202951e-02,2.721765689239580982e-02,3.828096936555211438e-02,2.334004232039013985e-02,6.369319061390224523e-02,7.101953382652347047e-02,2.374848172206030228e-02,5.799348745906886260e-02,1.475912515862016217e-01,7.258865580832865594e-02,8.861117462683540391e-02,6.490105809590959729e-02,1.689582210996477124e-02,5.355899845851317537e-02
1.704727823947448789e-02,2.479806759340881864e-02,1.108481981541025244e-02,9.105075643937868973e-03,3.543749253729121251e-02,4.799710909277117576e-02,4.723758626177120001e-02,5.750807135878683446e-03,5.624818670680737515e-02,3.105894820561416053e-02,3.905640549043409848e-02,2.115977669516830306e-02,6.390874730871262677e-02,1.991909559217927214e-02,1.792814343728887233e-02,0.000000000000000000e+00,1.171181479344931588e-02,2.206489361854541489e-02,2.222015742537233537e-02,3.829367439272662182e-02,2.814906498715508479e-02,6.350306968633429028e-02,6.066543568447314155e-02,2.602270986422675070e-02,5.572773839984793143e-02,1.234403465978316794e-01,6.515102491222882208e-02,9.043093178311989444e-02,6.889064278843808065e-02,1.771968771968617656e-02,5.133925664847298342e-02,1.905206122841121216e-02,9.923883354798846215e-03,2.219302301492878313e-02,1.312460212559941192e-02,2.439924580713257601e-02,1.043387269898333851e-02,5.647438854952007911e-03,1.811637737188878661e-02,1.413293317140132573e-02,1.939263970639079626e-02,1.290042165863553893e-02,1.531713095881557900e-02,6.004123500649650308e-03,4.181837573891115933e-03,1.485713194485616291e-02,2.125894747113299399e-02,2.016867792728480047e-02,1.108264266138111152e-02,3.124911881644317976e-02,4.448102984447311475e-02,5.352942914000402563e-02,1.128837684610470120e-02,5.714474678375689592e-02,3.298436088496117802e-02,5.524940118384309012e-02,3.800835927972825989e-02,6.443451901369666446e-02,2.176003831420163931e-02,1.215924012051061362e-02,1.842015106363506863e-02,1.133700545151273414e-02,2.199762707680493617e-02,2.680633990540718173e-02,3.629538803689067589e-02,2.286449476603777051e-02,5.990572155283090117e-02,6.901781435757910199e-02,2.337576799478268200e-02,5.792064600173790073e-02,1.420628968715841323e-01,7.082286299852309785e-02,8.718979874651207329e-02,6.356886701242921156e-02,1.662543588105058062e-02,5.283324402472796416e-02
1.108147891677835860e-02,1.614778509650325461e-02,7.114859027747224077e-03,6.029398008265600059e-03,2.371371352051848680e-02,3.061617592688334680e-02,3.121143582052997648e-02,3.637182858424357727e-03,3.633993441594377677e-02,2.037467048494636529e-02,2.555611035130788897e-02,1.345819899253961408e-02,4.097862218536277301e-02,1.293163112929357830e-02,1.151198314312702753e-02,1.171181479344931588e-02,0.000000000000000000e+00,1.437034363977588054e-02,1.466646107635584916e-02,2.449749351463368155e-02,1.853507181814057631e-02,4.077357025797105627e-02,3.934317839121765498e-02,1.669076047106783645e-02,3.606771320660225044e-02,7.977831543630001243e-02,4.156117132149788479e-02,5.814641346202380212e-02,4.410436772479298800e-02,1.133329313202902609e-02,3.306081866434862349e-02,1.257083216920496481e-02,6.500144838893740298e-03,1.440394177761752763e-02,8.635063083483097285e-03,1.603745912535531337e-02,6.967770721488482540e-03,3.619443362932572850e-03,1.224073825654485234e-02,9.325306494316207978e-03,1.266828881837105819e-02,8.380697792703482168e-03,1.021060436294599603e-02,3.919954800294528363e-03,2.787459916267020967e-03,9.526047747034024210e-03,1.373048580637156041e-02,1.294870721767868785e-02,7.339637653943298368e-03,2.060459283319810916e-02,2.822870877873541809e-02,3.551802255157743976e-02,7.381323379539841793e-03,3.695066775340635767e-02,2.201450976651913444e-02,3.644969669415212832e-02,2.480724307794631225e-02,4.198192283310056561e-02,1.431238342569957946e-02,7.467219553556224063e-03,1.170227752436634426e-02,7.433322044254149844e-03,1.424960541958612478e-02,1.722859401795778442e-02,2.305491327795858650e-02,1.486115877380984190e-02,3.812131820659442338e-02,4.446419466067266096e-02,1.507174318859920252e-02,3.753708030138688118e-02,9.208170240035595810e-02,4.550299892334463969e-02,5.630094736014534113e-02,4.041604013560650549e-02,1.059815864766543853e-02,3.375989713978587436e-02
2.116103684669827859e-02,3.109961520600755536e-02,1.352826481159694234e-02,1.141161949709774449e-02,4.439225847918235046e-02,6.080042655744932745e-02,5.902934542986507105e-02,7.311279827968804150e-03,7.121973866932575226e-02,3.868312247533074733e-02,4.977116420717733747e-02,2.678494029584373506e-02,7.992968785553607181e-02,2.474818674036052130e-02,2.231606875390389211e-02,2.206489361854541489e-02,1.437034363977588054e-02,0.000000000000000000e+00,2.810125013838514832e-02,4.790518218617009077e-02,3.475621976278116254e-02,8.139557019314698494e-02,7.589851745247659653e-02,3.350894645525168136e-02,7.077987192649805304e-02,1.564738063299125070e-01,8.145840134329679350e-02,1.128824888625752088e-01,8.696367795483499197e-02,2.212958777927987244e-02,6.440670105683166113e-02,2.455769945654611222e-02,1.256047399996572736e-02,2.775355500881766455e-02,1.653645049786639162e-02,3.022800327385205196e-02,1.304223302842880301e-02,7.183217034710843128e-03,2.331313894720977303e-02,1.786567383470125461e-02,2.398377832664388976e-02,1.613564269502143142e-02,1.930721384551197309e-02,7.468561779151333159e-03,5.250494785556543940e-03,1.783167270917723410e-02,2.665290199596747484e-02,2.503177222173472508e-02,1.399978369717143345e-02,3.947969308131093341e-02,5.639979474539282694e-02,6.738221971118574238e-02,1.410195508566742389e-02,7.280517401932851129e-02,4.102823261008398115e-02,7.013634151679075390e-02,4.775103693972551633e-02,8.106391859865870464e-02,2.757790470582760847e-02,1.440098095476969112e-02,2.248443858399769291e-02,1.406375545459276170e-02,2.755520844537243455e-02,3.367665388170573010e-02,4.518418463120092710e-02,2.773513813008789478e-02,7.627821301756480821e-02,8.610275235509830261e-02,2.938420164499538911e-02,7.310770977061657738e-02,1.780716714428520198e-01,8.875985204449199362e-02,1.094300755965092603e-01,7.959900145466607124e-02,2.075084422936749121e-02,6.643338315872805711e-02
2.126849705764080264e-02,3.065522272150346741e-02,1.446122923905897306e-02,1.129314951841807295e-02,4.439300685979714889e-02,6.030678011158019380e-02,5.895419634673437076e-02,7.619782132468029892e-03,7.090151956178812609e-02,3.863661532204639565e-02,4.951135256267329837e-02,2.637277925897532627e-02,7.982279292965867301e-02,2.481180933590986654e-02,2.298802455009759174e-02,2.222015742537233537e-02,1.466646107635584916e-02,2.810125013838514832e-02,0.000000000000000000e+00,4.882907970333568576e-02,3.463067492228677491e-02,8.231501499803078881e-02,7.728851980468078031e-02,3.237167061321911954e-02,7.013494068861740594e-02,1.553416740789188566e-01,8.264567581746280756e-02,1.142717579138707862e-01,8.767245000426700241e-02,2.254300399988740447e-02,6.464845571989519257e-02,2.382381331868756863e-02,1.267594143777108461e-02,2.768770529725889454e-02,1.623724779282565214e-02,2.982263753901675044e-02,1.281052177905098351e-02,7.276707886812502218e-03,2.270651194589854913e-02,1.755194399728896362e-02,2.387832745416262892e-02,1.575540256847590692e-02,1.933798879362147449e-02,7.320454159829935421e-03,5.345865594956830322e-03,1.854050142793251671e-02,2.697700666644148662e-02,2.585951296775723315e-02,1.390347820149871565e-02,3.952153335653668664e-02,5.694441015594216282e-02,6.707770322474486402e-02,1.432840307635880640e-02,7.326959397182773726e-02,4.099397399975727996e-02,6.929569363281734562e-02,4.697346622838453889e-02,8.181423601046304561e-02,2.783393274111842577e-02,1.589444349589846234e-02,2.344704057334550187e-02,1.411224701286128980e-02,2.786110546087096004e-02,3.378315284421820608e-02,4.690271643141372820e-02,2.862030681146080641e-02,7.773548384357005514e-02,8.749434888402703170e-02,2.914864923367705557e-02,7.268805014677584553e-02,1.793522706470104255e-01,9.011483905012764029e-02,1.110741651958255249e-01,8.117377628390251565e-02,2.134210229298301800e-02,6.618767593891312917e-02
3.656893737236394104e-02,5.268541501037665720e-02,2.411899976882853069e-02,1.932882695442010579e-02,7.483828758849557505e-02,1.040287950219954544e-01,9.961320082559589617e-02,1.270545360667844383e-02,1.229305909573150113e-01,6.574632826036630462e-02,8.481466543177891559e-02,4.485037772478568663e-02,1.357663381064991848e-01,4.221207368200050047e-02,3.963642787658425842e-02,3.829367439272662182e-02,2.449749351463368155e-02,4.790518218617009077e-02,4.882907970333568576e-02,0.000000000000000000e+00,5.912901607069062648e-02,1.399460014371489702e-01,1.312795711742729132e-01,5.602288777042615381e-02,1.196994902199070288e-01,2.683920508417995676e-01,1.406585712787699338e-01,1.949774803164674997e-01,1.499327969062952959e-01,3.842032008435211643e-02,1.113671449224398480e-01,4.038127984110555929e-02,2.099083519939574580e-02,4.768365021093579764e-02,2.775300016191618521e-02,5.100347607767918151e-02,2.203847974416212746e-02,1.231064070781794605e-02,3.787474732784320425e-02,3.035427277303193519e-02,4.107182326797491345e-02,2.672153471924933535e-02,3.233314091763984238e-02,1.238203829248402978e-02,8.978595913916660037e-03,3.147667696196316395e-02,4.664709421507232806e-02,4.343752600629253308e-02,2.337239300308591866e-02,6.656616726986469557e-02,9.779695399651530674e-02,1.137652990547768639e-01,2.434749903276340471e-02,1.252967875874558545e-01,6.937240254710148879e-02,1.186857741072945283e-01,8.009210458528506771e-02,1.384580616876934234e-01,4.665593774157548307e-02,2.613241400289894115e-02,3.981919704254776454e-02,2.387885088291110194e-02,4.747547075436384101e-02,5.837022668700584532e-02,7.998335893529189000e-02,4.778374363783922246e-02,1.329041030618694219e-01,1.496844730030005566e-01,5.017501737553074076e-02,1.248051535661812705e-01,3.069153082798918852e-01,1.547664594898797708e-01,1.890665127897643294e-01,1.395152975623843994e-01,3.645690922218283031e-02,1.148258633510247373e-01
2.776880156872100006e-02,3.903257255883497978e-02,1.756562082186276935e-02,1.429491458058632959e-02,5.577523292406074557e-02,7.384491906461621014e-02,7.422219467109986146e-02,8.806029698556972624e-03,8.621420878226945805e-02,4.879441383674364835e-02,6.119151592133648815e-02,3.386083271881065726e-02,9.958054972476960975e-02,3.126999796095847328e-02,2.764026574523342772e-02,2.814906498715508479e-02,1.853507181814057631e-02,3.475621976278116254e-02,3.463067492228677491e-02,5.912901607069062648e-02,0.000000000000000000e+00,9.863477001770859509e-02,9.425077346514589005e-02,4.156546284842935202e-02,8.780013307684098045e-02,1.943332304566250945e-01,1.011841981138726088e-01,1.405999393035220479e-01,1.069537686414890748e-01,2.732276181233618886e-02,8.041122164179242970e-02,2.925948202303594453e-02,1.544490817601592084e-02,3.490769123559508968e-02,2.049103412998771329e-02,3.797214824714199854e-02,1.599410275191220920e-02,8.656820406793910155e-03,2.811652316289069836e-02,2.181758766772781688e-02,3.030780451311123128e-02,2.040543517777953370e-02,2.372326390615885766e-02,9.337724456091793176e-03,6.663437301028584357e-03,2.428342308059743687e-02,3.274467063770046538e-02,3.170236567488986246e-02,1.745638368124713749e-02,4.899147570366169796e-02,6.910249609533655746e-02,8.309360673978824496e-02,1.769649725280564995e-02,8.808651690115733290e-02,5.192714259037684021e-02,8.572925174835413498e-02,6.107901568651979973e-02,1.002971599895053079e-01,3.389782634522820609e-02,1.948074603291181581e-02,2.871908006899085569e-02,1.792114928540120694e-02,3.394749697099999630e-02,4.106563451978088863e-02,5.647325569323258243e-02,3.661401754327037877e-02,9.245391135409398997e-02,1.069687289332296593e-01,3.719121289958868953e-02,8.984665919832610093e-02,2.232277999047196093e-01,1.100785100138294281e-01,1.348031752571235975e-01,9.830450445696845008e-02,2.565001009037952417e-02,8.193747047437256736e-02
