0.000000000000000000e+00,1.682178926695093030e-02,1.425638322250420004e-02,7.199908161422111444e-03,2.316526752004290091e-02,3.333956257029219161e-02,3.573065740811703916e-02,6.743676562533249680e-03,4.230535779806903623e-02,2.111551535258669732e-02,2.682804252570059403e-02,1.554452362732670553e-02,4.903428501847049287e-02,1.393056845932477868e-02,1.206825274070311670e-02,8.691101964281012365e-03,8.273433778430528546e-03,1.875277440037916021e-02,1.559724204190447716e-02,3.850041926675890069e-02,1.410955214795151479e-02,5.270157297492993748e-02,4.823814835208701385e-02,1.639228994681349999e-02,3.986625719706309023e-02,9.174154605648007776e-02,5.242399478156758996e-02,7.361053699810102269e-02,5.473820394268838485e-02,1.390947552827574533e-02,3.710573803666238069e-02,1.650597082440578844e-02,8.599232931051475556e-03,1.460056383432208754e-02,9.823406181292616141e-03,1.573792943124335819e-02,7.108111023848822513e-03,6.937761516191106106e-03,1.560997303104368766e-02,1.080890124504808175e-02,1.420240479868298093e-02,9.704769385704989024e-03,1.094666678796936930e-02,4.064068591496210192e-03,3.400298754437074394e-03,1.024599604420336520e-02,1.697307508191606834e-02,1.782077215533723474e-02,6.357377232873588462e-03,2.246232170345873261e-02,3.385215590665939522e-02,3.526815131826154665e-02,6.988688174578107024e-03,4.920918963677897023e-02,2.327464579271790873e-02,4.255635228400875963e-02,2.537552388527493027e-02,5.387628199150786695e-02,1.670919063135768018e-02,1.240235807365178654e-02,1.211778962574796940e-02,8.337732036246709236e-03,2.053632413614872934e-02,1.865263065747948049e-02,3.134972340455727952e-02,1.678967551562546984e-02,4.941411386301437780e-02,5.143588452450825743e-02,1.683221708807230987e-02,4.473700848879731684e-02,1.101647525051224069e-01,5.389467693280644567e-02,6.928238515551182752e-02,5.067754193814896779e-02,1.169261522559888328e-02,3.558607869433411813e-02
1.682178926695093030e-02,0.000000000000000000e+00,2.373041218544800005e-02,1.223151716713196009e-02,3.939440228295817276e-02,5.635872290858149475e-02,6.083265916929805894e-02,1.148799821950046741e-02,7.216919771434200659e-02,3.640191451644762127e-02,4.540431984031625262e-02,2.557631800077948825e-02,8.320348623497528240e-02,2.363085551229324871e-02,1.988216401493651808e-02,1.477298863370718821e-02,1.399850609899288244e-02,3.205295685889179153e-02,2.620180242959627495e-02,6.609214955795347790e-02,2.330123010387440824e-02,9.024097754952455086e-02,8.127481898706682972e-02,2.680206863148838770e-02,6.814742882273426561e-02,1.544289741392559645e-01,9.049470657359491577e-02,1.252663373909593814e-01,9.406266104306763853e-02,2.402407841200268623e-02,6.366231839693198280e-02,2.849244925638033665e-02,1.428888483862265739e-02,2.480244750258520092e-02,1.666765888145138250e-02,2.642331543124110810e-02,1.209330775259394655e-02,1.210841078437152954e-02,2.672182282072776277e-02,1.805955979477504025e-02,2.322797793169438171e-02,1.592537838028312142e-02,1.909221057790271708e-02,6.931574040076562970e-03,5.764749931808962023e-03,1.688998339169989205e-02,2.959832261012552632e-02,2.914151726386379065e-02,1.023035291425433181e-02,3.787261434310164321e-02,5.739389788833514777e-02,6.004704477903916038e-02,1.163622857961553458e-02,8.486962100593871405e-02,3.957642600294779961e-02,7.190007847207444125e-02,4.220601443317485019e-02,9.227189254254151984e-02,2.881352850175906283e-02,1.998753473782633600e-02,2.001108671404432104e-02,1.423231226075392236e-02,3.475692445519359269e-02,3.203073107853148666e-02,5.339345328056916556e-02,2.767936317260070653e-02,8.594084079707739465e-02,8.706737281508492021e-02,2.832472608692964203e-02,7.672166757492690503e-02,1.864113260328872923e-01,9.201785657397586193e-02,1.170392899841922740e-01,8.716210147957724474e-02,2.018803220831645595e-02,5.951453102360258068e-02
1.425638322250420004e-02,2.373041218544800005e-02,0.000000000000000000e+00,1.000235702874898748e-02,3.230975647068654727e-02,4.586315975467029210e-02,4.945017688059966804e-02,9.399040805088410000e-03,5.942971902229117476e-02,2.920617255429024117e-02,3.703845543711448141e-02,2.057903913132051732e-02,6.751381452589688692e-02,1.919691454691920332e-02,1.604081771591598857e-02,1.208292965700482301e-02,1.132362693495445570e-02,2.583124949958129010e-02,2.203469994379830474e-02,5.400529457365150360e-02,1.867554486297984262e-02,7.348514338105806287e-02,6.619332421514788345e-02,2.187116336381287468e-02,5.512491113642403739e-02,1.254952028434804245e-01,7.352987351156448081e-02,1.013369305371416840e-01,7.700344053452065629e-02,1.941587005789984638e-02,5.139281536918336585e-02,2.277404129239759406e-02,1.167721491269273909e-02,2.029266155128391785e-02,1.349111407209967542e-02,2.157553268055900642e-02,1.003279398314549202e-02,9.690826800427324722e-03,2.130117347230882710e-02,1.456646712716021599e-02,1.934725037320670499e-02,1.320905555628324422e-02,1.565049589365121591e-02,5.629643640752677626e-03,4.737837649575380415e-03,1.423579965442611957e-02,2.373733091557429439e-02,2.456500430872551530e-02,8.586828618091848012e-03,3.119067404621887404e-02,4.741392954005134441e-02,4.918815733098594323e-02,9.379370006196692186e-03,6.958040674508467194e-02,3.212336812873205216e-02,5.860563914504909877e-02,3.408470993235804269e-02,7.522753155591810348e-02,2.368013269748473967e-02,1.682855279541289883e-02,1.633477700497303065e-02,1.170291989467194503e-02,2.842710522160653633e-02,2.633792461629885437e-02,4.362381897698056066e-02,2.266474497394532078e-02,6.946820307447898468e-02,7.104145988808849288e-02,2.312604866697378844e-02,6.239730745896476805e-02,1.525993672847295590e-01,7.463404839563936299e-02,9.535568836013526284e-02,7.114640321383748633e-02,1.630539695364976657e-02,4.823393763176025278e-02
7.199908161422111444e-03,1.223151716713196009e-02,1.000235702874898748e-02,0.000000000000000000e+00,1.697135350723806904e-02,2.338289449503680797e-02,2.586228473687653476e-02,5.007504328058237988e-03,3.036921980425988377e-02,1.545802281976303184e-02,1.944686197070595590e-02,1.067827439054236036e-02,3.483445603744151492e-02,1.017566655443759988e-02,8.046932740446655075e-03,6.137112069246218257e-03,5.940725404482645293e-03,1.340198658945464250e-02,1.105569424157908792e-02,2.775608493660333687e-02,9.708759664320828348e-03,3.717582967126188687e-02,3.402407125064878246e-02,1.121942588178880332e-02,2.847422806876795387e-02,6.415032296654836486e-02,3.801128304970669697e-02,5.245071446407778559e-02,3.896328220230858841e-02,1.004949126748056268e-02,2.655511004923542112e-02,1.213589524608551032e-02,6.200698793921353286e-03,1.044969892143071330e-02,7.091168518631540615e-03,1.118943643632305286e-02,5.116864948902663524e-03,5.190393567583493836e-03,1.132457679099427988e-02,7.726729791879853246e-03,1.000631092096749067e-02,6.838764495643924989e-03,8.108905728448946582e-03,3.030480499810945128e-03,2.376766563537772211e-03,7.220873553170617867e-03,1.235545434828939568e-02,1.218888484852792206e-02,4.481903963966687478e-03,1.605374887857282523e-02,2.401557506379306192e-02,2.534875305272939888e-02,4.755800440628896349e-03,3.550019269501528130e-02,1.713571296256864024e-02,3.080597864501470606e-02,1.777735641449656318e-02,3.901267908305283000e-02,1.211741162748763978e-02,8.193292228987198583e-03,8.511765758115118555e-03,6.307332388766612348e-03,1.477600535479469020e-02,1.327320717403763020e-02,2.233160424711969072e-02,1.175115870449792987e-02,3.508872764227911889e-02,3.554051141945171327e-02,1.179720820707247896e-02,3.290316033191476724e-02,7.734833573918445393e-02,3.782145380691820380e-02,4.954769463424167630e-02,3.607751138725710793e-02,8.411836071580670871e-03,2.509179523452851820e-02
2.316526752004290091e-02,3.939440228295817276e-02,3.230975647068654727e-02,1.697135350723806904e-02,0.000000000000000000e+00,7.558627740381873572e-02,8.384543444294893788e-02,1.648610046722226788e-02,9.853947893046142992e-02,5.080200734037267074e-02,6.286536018698830885e-02,3.501332205587945334e-02,1.130829535107424344e-01,3.241079356813912626e-02,2.721145007361110146e-02,2.050323577899730923e-02,1.949940597528959305e-02,4.350245511230402262e-02,3.644750606191756587e-02,8.978679929373151181e-02,3.204061061434949897e-02,1.226550000186585054e-01,1.118188875547525135e-01,3.670332118893580853e-02,9.334325898878469141e-02,2.105165416989445426e-01,1.236556746857936651e-01,1.716789081341922596e-01,1.282698182015875321e-01,3.289773400872683662e-02,8.643619948721832646e-02,4.078455505546050436e-02,2.034654312249697602e-02,3.368500499022183264e-02,2.316064726248939082e-02,3.668566001102827739e-02,1.707906860139730976e-02,1.696807872127972794e-02,3.812430255415327762e-02,2.539217640229325321e-02,3.238003600338663912e-02,2.171577188118326007e-02,2.604194721415845071e-02,9.721637003534821728e-03,8.021117563617594787e-03,2.327399971387106997e-02,4.008141975496468112e-02,3.917731592358512233e-02,1.420885200925430664e-02,5.255651885024176240e-02,7.889663173518750294e-02,8.274039363027171912e-02,1.557548885840175784e-02,1.166667186539250972e-01,5.662330822925835949e-02,1.007854561279035860e-01,5.814970819091084403e-02,1.269211783959483808e-01,3.894676776173787436e-02,2.692090123856698616e-02,2.770781688086283723e-02,2.009140813916798080e-02,4.849236923052220594e-02,4.336545740777746766e-02,7.181403947123206344e-02,3.855919042918086459e-02,1.154438577661527077e-01,1.162965608028934394e-01,3.836493200607513782e-02,1.067684765265227848e-01,2.548231107196846090e-01,1.233062652615836419e-01,1.623017117041237745e-01,1.182425873838229696e-01,2.779994719215601526e-02,8.147688351088877567e-02
3.333956257029219161e-02,5.635872290858149475e-02,4.586315975467029210e-02,2.338289449503680797e-02,7.558627740381873572e-02,0.000000000000000000e+00,1.167996425041835651e-01,2.233053397452616426e-02,1.396530170252290870e-01,6.970744237301776391e-02,8.797988035575962651e-02,5.065400974062204964e-02,1.603599872021594097e-01,4.665273083738409599e-02,3.910853114821711413e-02,2.920773827470090483e-02,2.689182157772685919e-02,6.214842693005192403e-02,5.185031276265488626e-02,1.270050036034470753e-01,4.544424192969678811e-02,1.769292951696104510e-01,1.592855595980188499e-01,5.283406924878936151e-02,1.320783154537683024e-01,3.010329968234261022e-01,1.758211137663801826e-01,2.424529274509023280e-01,1.827154909134119654e-01,4.639633426664305227e-02,1.229292043026840586e-01,5.494009445729718111e-02,2.829805252177171673e-02,4.811984626448820301e-02,3.181421059791763456e-02,5.161751322184825186e-02,2.355311981996315376e-02,2.317326296976826225e-02,5.149496297038860804e-02,3.514299264158239622e-02,4.546835739858581110e-02,3.051196053184707449e-02,3.742781850962893092e-02,1.326919181287205748e-02,1.121276258106965705e-02,3.373048062456321383e-02,5.712579807233304774e-02,5.690882370745406482e-02,1.995278019069685049e-02,7.350830270813914213e-02,1.126718717856619728e-01,1.167808353767197938e-01,2.284968313523087768e-02,1.641414741222584350e-01,7.530341891345256056e-02,1.376636730339685366e-01,8.080009438693107338e-02,1.775199163210185449e-01,5.615059736692111503e-02,3.955619795351959095e-02,3.897042989386561435e-02,2.741910293468411558e-02,6.734014140332031384e-02,6.228966616178746585e-02,1.039642691326309321e-01,5.430870556848690217e-02,1.672798323940906107e-01,1.702966684489891358e-01,5.478676016075381683e-02,1.484446039472580581e-01,3.608367702862964599e-01,1.788784391997723655e-01,2.269757446700694514e-01,1.693342473507480073e-01,3.948743788822172557e-02,1.158243935692869625e-01
3.573065740811703916e-02,6.083265916929805894e-02,4.945017688059966804e-02,2.586228473687653476e-02,8.384543444294893788e-02,1.167996425041835651e-01,0.000000000000000000e+00,2.510784951849050900e-02,1.518456433705417941e-01,7.708724431784833020e-02,9.615876223555271107e-02,5.407423457123597399e-02,1.746305105324757745e-01,4.999663496676211294e-02,4.136103535710971418e-02,3.170582386535595459e-02,2.972456332303503521e-02,6.672353660480725979e-02,5.511074814573958813e-02,1.379343462836098988e-01,4.951452855965984834e-02,1.889799141951950812e-01,1.703469085743756495e-01,5.665368964461770657e-02,1.432611382797927824e-01,3.238095087508418013e-01,1.892162631459776978e-01,2.636580360864372863e-01,1.960713439798432711e-01,5.005154052341933418e-02,1.320368133289360202e-01,6.148069475299644537e-02,3.116107342566770688e-02,5.172948789651700408e-02,3.549120161498794945e-02,5.631234255874839612e-02,2.589695904105217619e-02,2.573709990382960777e-02,5.767272576287552077e-02,3.886066165225913333e-02,4.958322835215240448e-02,3.345895951623692466e-02,3.955820034264850849e-02,1.495681175659480805e-02,1.214462846202920762e-02,3.560430402132057359e-02,6.182788588776809424e-02,6.044293070729794826e-02,2.212434261704494115e-02,8.020161671895786881e-02,1.209074844384974423e-01,1.276528833810910424e-01,2.422942593813538770e-02,1.778736224190388682e-01,8.577879252317398284e-02,1.532950488514275011e-01,8.934770618797162334e-02,1.952509159795415006e-01,5.976929428481606715e-02,4.150547162589230538e-02,4.242585062584344757e-02,3.080546232147234748e-02,7.379866134236157116e-02,6.633504978751234016e-02,1.106022251116631633e-01,5.918320757625075701e-02,1.771117613875201058e-01,1.785234635858864438e-01,5.905484603424970141e-02,1.631016273146423112e-01,3.899375251770327289e-01,1.901926406233535594e-01,2.486606327108051018e-01,1.809766545152878825e-01,4.234963306405908900e-02,1.254892231815091796e-01
6.743676562533249680e-03,1.148799821950046741e-02,9.399040805088410000e-03,5.007504328058237988e-03,1.648610046722226788e-02,2.233053397452616426e-02,2.510784951849050900e-02,0.000000000000000000e+00,2.933155673940335967e-02,1.525379862914063786e-02,1.877012353943272385e-02,1.077463511456973159e-02,3.381988498656429698e-02,9.397152787755141262e-03,8.384195769017933203e-03,6.381693627207089131e-03,5.718191799896316790e-03,1.280416608812009506e-02,1.084638148537639055e-02,2.605494951927068634e-02,9.712161448692932172e-03,3.673180652906261195e-02,3.286671336310316438e-02,1.111786437407960050e-02,2.782034888788394861e-02,6.278475147799539302e-02,3.638026075162145018e-02,5.073781602147792169e-02,3.741121807980550551e-02,9.510205338885590470e-03,2.530451963125759929e-02,1.160211441026096427e-02,6.108124207888249516e-03,1.003072919221979775e-02,6.846671889766196839e-03,1.063358730138448324e-02,4.951732648824677500e-03,4.909101186679684647e-03,1.096356228851910752e-02,7.421407026945170578e-03,9.317909723517899326e-03,6.498917627479750339e-03,7.738908514286203105e-03,2.922750369296612388e-03,2.351195788452921809e-03,6.554119821761919540e-03,1.173313638513782606e-02,1.174146231948970144e-02,4.483085067136835522e-03,1.565697187552477637e-02,2.325777366326275616e-02,2.460649080403019134e-02,4.790770690345871365e-03,3.404323592155731465e-02,1.658600622242663997e-02,2.939941678390222898e-02,1.730353342928870816e-02,3.759224863476475637e-02,1.150488464276749369e-02,8.388578552358375018e-03,8.353945228391411459e-03,5.946160283198112344e-03,1.414041197987920932e-02,1.294827366012457279e-02,2.108163180319225574e-02,1.150940430975599602e-02,3.435591361046756026e-02,3.454942319496148023e-02,1.118858013176948774e-02,3.109216935564471443e-02,7.531962366375673235e-02,3.619857737469113490e-02,4.821411973147285424e-02,3.425229328027046272e-02,8.196701537086792388e-03,2.417609843761126323e-02
4.230535779806903623e-02,7.216919771434200659e-02,5.942971902229117476e-02,3.036921980425988377e-02,9.853947893046142992e-02,1.396530170252290870e-01,1.518456433705417941e-01,2.933155673940335967e-02,0.000000000000000000e+00,9.069083966998324475e-02,1.131611960214442547e-01,6.353114483406133162e-02,2.062649422840136804e-01,5.885836717616693692e-02,4.950208128809803487e-02,3.777949752763057334e-02,3.468826535583315052e-02,7.939654412880001177e-02,6.677923783583770978e-02,1.645232516010463886e-01,5.751138404054371989e-02,2.258430426990381268e-01,2.034756628771864362e-01,6.655288776845010024e-02,1.693179952144994171e-01,3.823486419393946067e-01,2.268307788802471081e-01,3.114326440995743850e-01,2.349340939580340237e-01,5.937971956066700335e-02,1.567651984398512333e-01,7.096374555578978394e-02,3.653759279001836391e-02,6.189798762453503633e-02,4.143658939854455436e-02,6.616064625966494583e-02,3.045762103585021238e-02,3.006128133385804410e-02,6.639653191101684004e-02,4.530513253338513957e-02,5.850621047023793486e-02,3.958810370674237245e-02,4.804284617763580900e-02,1.744749070787642367e-02,1.449626034778223917e-02,4.222951568823819779e-02,7.265803374432695805e-02,7.304869904103362954e-02,2.596557715805689753e-02,9.488155779227575026e-02,1.436766012217453869e-01,1.504612896346299578e-01,2.876444931832916607e-02,2.120581065951691324e-01,9.944605617577412238e-02,1.778240218221829871e-01,1.039156012897714809e-01,2.298026247583291881e-01,7.139096336685983590e-02,5.039698131925558766e-02,5.020987973310795521e-02,3.609753079606857484e-02,8.707621621230905717e-02,7.991590007645087146e-02,1.325255254625957169e-01,6.908823845126288443e-02,2.124805941513872865e-01,2.166686443823412356e-01,6.969940675230557048e-02,1.909722065522473644e-01,4.621827445269695023e-01,2.269001863757141579e-01,2.927127794986567055e-01,2.156825074447828172e-01,4.996134807401748923e-02,1.469740223518289923e-01
2.111551535258669732e-02,3.640191451644762127e-02,2.920617255429024117e-02,1.545802281976303184e-02,5.080200734037267074e-02,6.970744237301776391e-02,7.708724431784833020e-02,1.525379862914063786e-02,9.069083966998324475e-02,0.000000000000000000e+00,5.782739642770498567e-02,3.213202245469157919e-02,1.040979494707777175e-01,2.975116118411209182e-02,2.539917863280320015e-02,1.890361457717650712e-02,1.760161383351019349e-02,4.020656456761542014e-02,3.313957822765208755e-02,8.258476177230932025e-02,2.998689674491233220e-02,1.137909592160847999e-01,1.029226564790929055e-01,3.378979740740475218e-02,8.638697304495163154e-02,1.937075987883835060e-01,1.141982044098819593e-01,1.574961118840939034e-01,1.172424595608901471e-01,3.026349234900454349e-02,7.989711211750166742e-02,3.616749828739475314e-02,1.860972775203789675e-02,3.096126717901068887e-02,2.093352884218136964e-02,3.379983065437697221e-02,1.544998429750715600e-02,1.556079390823338245e-02,3.414380266092002097e-02,2.324320814204627189e-02,2.907235699982844979e-02,1.975989007671363415e-02,2.403563683812200147e-02,8.803020010036605170e-03,7.335941304507310329e-03,2.098882322785729920e-02,3.722129036606998398e-02,3.582514817038274374e-02,1.304207397331282742e-02,4.841250288418533915e-02,7.132112104809731901e-02,7.562174056300362268e-02,1.464627746774524453e-02,1.059385716259395593e-01,5.094007735944574428e-02,9.102089606088717422e-02,5.341391196872306152e-02,1.157103780641836333e-01,3.593057439259755154e-02,2.475100901044247070e-02,2.549285647586196565e-02,1.822623239906293741e-02,4.433746394318664741e-02,3.942398274366760991e-02,6.592202904726963963e-02,3.537542528128660713e-02,1.072306561097386562e-01,1.076723435202533719e-01,3.528287600048774647e-02,9.776544554252869501e-02,2.339341146314190545e-01,1.128438939512545480e-01,1.487194870026880555e-01,1.085918240709008997e-01,2.560768208815386929e-02,7.458216222543567753e-02
2.682804252570059403e-02,4.540431984031625262e-02,3.703845543711448141e-02,1.944686197070595590e-02,6.286536018698830885e-02,8.797988035575962651e-02,9.615876223555271107e-02,1.877012353943272385e-02,1.131611960214442547e-01,5.782739642770498567e-02,0.000000000000000000e+00,4.083406928833036714e-02,1.297720341012961187e-01,3.776419060832494207e-02,3.170283542760309048e-02,2.360326944210603545e-02,2.226075545193657856e-02,5.006165834858593289e-02,4.192114822064825497e-02,1.023452497507130604e-01,3.700487345821228125e-02,1.415398831290344828e-01,1.292731329393365658e-01,4.249112315943395085e-02,1.069191562467415729e-01,2.427305441593758939e-01,1.424559876412468951e-01,1.974815236583423173e-01,1.474652071283343024e-01,3.763116622728806399e-02,9.945672510564429469e-02,4.567342108175306836e-02,2.328374625475759449e-02,3.858272546248002477e-02,2.613712217320677753e-02,4.216108607449807477e-02,1.931176432478356672e-02,1.934505613105672733e-02,4.261206413493283385e-02,2.894135951277827107e-02,3.700135108461575367e-02,2.488525438847062968e-02,3.023148606417949691e-02,1.094237625340258209e-02,9.185381246240032979e-03,2.676016070228233804e-02,4.603346200541621330e-02,4.536772397157390335e-02,1.625464036687827157e-02,5.989268543718907767e-02,9.040098179382316523e-02,9.491042872980247347e-02,1.827919751918457084e-02,1.332835309407870983e-01,6.309800851896174567e-02,1.142690839613003245e-01,6.681446819357214628e-02,1.451884913548628087e-01,4.510932244107836858e-02,3.142180200743114465e-02,3.206613178920299234e-02,2.272324033518052441e-02,5.537567398241330374e-02,4.973154441647724411e-02,8.318432772233293193e-02,4.432785324537131394e-02,1.344314056607706642e-01,1.358191031182236497e-01,4.436489434567877227e-02,1.214319550037961937e-01,2.928094468079225354e-01,1.425863721765082415e-01,1.867475217983678160e-01,1.360955618102989428e-01,3.233643200163664050e-02,9.392768451052888046e-02
1.554452362732670553e-02,2.557631800077948825e-02,2.057903913132051732e-02,1.067827439054236036e-02,3.501332205587945334e-02,5.065400974062204964e-02,5.407423457123597399e-02,1.077463511456973159e-02,6.353114483406133162e-02,3.213202245469157919e-02,4.083406928833036714e-02,0.000000000000000000e+00,7.355711278035832745e-02,2.149446123134108461e-02,1.928113982722549913e-02,1.344789956370959737e-02,1.263029308742095146e-02,2.857328321070492366e-02,2.349006234750971797e-02,5.814800591721810269e-02,2.216703203888557502e-02,8.147622568500516305e-02,7.501512362114137744e-02,2.489010243302686859e-02,6.098190274910292308e-02,1.420086335836517333e-01,8.066318304919857518e-02,1.120152207733363797e-01,8.427446977753154378e-02,2.155713199567504609e-02,5.783818158084096106e-02,2.596638569893313514e-02,1.333191237493894926e-02,2.216123431686858186e-02,1.470809050188389908e-02,2.358089852898647906e-02,1.071898214780880355e-02,1.101277963025367249e-02,2.454010145267645354e-02,1.686850666089728321e-02,2.091042857804935318e-02,1.404957610020052781e-02,1.651678837353958568e-02,5.933040863949297188e-03,5.304580019601256961e-03,1.563149024366437129e-02,2.630336228158586948e-02,2.514992206725531060e-02,9.025185788256687158e-03,3.359782677537342249e-02,5.100798239024197794e-02,5.309368378633724794e-02,1.062138193642750937e-02,7.522317867302369399e-02,3.516241060274004349e-02,6.446123286171183409e-02,3.862731055004581249e-02,8.214477762426343477e-02,2.535617394737638142e-02,1.829512988232841891e-02,1.802451901431840336e-02,1.261577959094423856e-02,3.158605454490716336e-02,2.826234045639023501e-02,4.741024793029761236e-02,2.553435536192436017e-02,7.727634392268767360e-02,7.853418811045129178e-02,2.561582359419919963e-02,6.864189085919689126e-02,1.685255028769089558e-01,8.171332852088714072e-02,1.064416784673817978e-01,7.742096916841792464e-02,1.856472927337793344e-02,5.482952646043881550e-02
4.903428501847049287e-02,8.320348623497528240e-02,6.751381452589688692e-02,3.483445603744151492e-02,1.130829535107424344e-01,1.603599872021594097e-01,1.746305105324757745e-01,3.381988498656429698e-02,2.062649422840136804e-01,1.040979494707777175e-01,1.297720341012961187e-01,7.355711278035832745e-02,0.000000000000000000e+00,6.853146677205301796e-02,5.679143116216437553e-02,4.291759392434722070e-02,4.021801712169013193e-02,9.152740648253870903e-02,7.466171335004623266e-02,1.870295583002958284e-01,6.792502436765023022e-02,2.599646827414704986e-01,2.336944382995259362e-01,7.742807122391334729e-02,1.958086957249978721e-01,4.438005377120650685e-01,2.595398997116064588e-01,3.614448533089991145e-01,2.690297368774742792e-01,6.902068917223661004e-02,1.812486598039098340e-01,8.366844226335530543e-02,4.246278078994288746e-02,7.041326835695767283e-02,4.806559757962212270e-02,7.684635950937075688e-02,3.495691860928451522e-02,3.515083607831120949e-02,7.856869080454306764e-02,5.284660876605020569e-02,6.705311555196315221e-02,4.557453717191291970e-02,5.488319361309369759e-02,2.020298372689611002e-02,1.677535266702116432e-02,4.895836060671888285e-02,8.438224421574182232e-02,8.225803842755599615e-02,2.958358404414048598e-02,1.087473700790238806e-01,1.651599198771717125e-01,1.731943388200805067e-01,3.319457132229992891e-02,2.433320462325629652e-01,1.144453484692165846e-01,2.071184524122848536e-01,1.209114400583777005e-01,2.662221880571167820e-01,8.233995765604268380e-02,5.699448237919438331e-02,5.748205270519521348e-02,4.126854268839955098e-02,1.010161452115027059e-01,9.035054516994873997e-02,1.509283304617445587e-01,8.052431786921404600e-02,2.452476881478348192e-01,2.473553942335351974e-01,8.094482235348351984e-02,2.227091511965505477e-01,5.353754283443324935e-01,2.610934199085176433e-01,3.383615016172947243e-01,2.481077486476249705e-01,5.846567141866921419e-02,1.710470220859941215e-01
1.393056845932477868e-02,2.363085551229324871e-02,1.919691454691920332e-02,1.017566655443759988e-02,3.241079356813912626e-02,4.665273083738409599e-02,4.999663496676211294e-02,9.397152787755141262e-03,5.885836717616693692e-02,2.975116118411209182e-02,3.776419060832494207e-02,2.149446123134108461e-02,6.853146677205301796e-02,0.000000000000000000e+00,1.623663374526069375e-02,1.225571188313515081e-02,1.155302050501377104e-02,2.611856851688393669e-02,2.174908693768590889e-02,5.306483507635176289e-02,1.905721368655254044e-02,7.371087774989411312e-02,6.669324449735017368e-02,2.202605732592225612e-02,5.559891799253977029e-02,1.255644309542704451e-01,7.428231397610395026e-02,1.030303745485590949e-01,7.669314520363282317e-02,1.965827651383858163e-02,5.163509358498497015e-02,2.362523495074484933e-02,1.182903576638469345e-02,2.010486001656186170e-02,1.357973424263374945e-02,2.212902900685724192e-02,9.997855048736657008e-03,9.887035142267521295e-03,2.221306276203588795e-02,1.496134222598685150e-02,1.910427594537729770e-02,1.306894084226219166e-02,1.606670728206089846e-02,5.771997190786172516e-03,4.593049852903530010e-03,1.385214352272391702e-02,2.426719761837015099e-02,2.392507029778115010e-02,8.444849656062850679e-03,3.092060311644408144e-02,4.699119078857862120e-02,4.956457794715895399e-02,9.457524902964861008e-03,6.980772954372746475e-02,3.267484483045454691e-02,5.961778615309720752e-02,3.494202895876425546e-02,7.557721503796906160e-02,2.386277221691031694e-02,1.622509365429612369e-02,1.671869438036688651e-02,1.188511913711823124e-02,2.888789363295805532e-02,2.611109638091748536e-02,4.336793353503037851e-02,2.284843154579071361e-02,6.966833817736285683e-02,7.069262271631084060e-02,2.287652270994773238e-02,6.313648188279225026e-02,1.523451360129573218e-01,7.433539705978135792e-02,9.680926398627591467e-02,7.135659740015012908e-02,1.679108312344482212e-02,4.897092575839543521e-02
1.206825274070311670e-02,1.988216401493651808e-02,1.604081771591598857e-02,8.046932740446655075e-03,2.721145007361110146e-02,3.910853114821711413e-02,4.136103535710971418e-02,8.384195769017933203e-03,4.950208128809803487e-02,2.539917863280320015e-02,3.170283542760309048e-02,1.928113982722549913e-02,5.679143116216437553e-02,1.623663374526069375e-02,0.000000000000000000e+00,1.094023076009641680e-02,9.742644825555190138e-03,2.186016440458484963e-02,1.896110088009089409e-02,4.426919044673204018e-02,1.747486083608867577e-02,6.465998072140360931e-02,5.893332709053425433e-02,2.001953247138466008e-02,4.775695611472020180e-02,1.122456675739835069e-01,6.295002235082131081e-02,8.677829240158511925e-02,6.528501629970233366e-02,1.630516593208712617e-02,4.465222440947010790e-02,1.966948315777042669e-02,1.074478576108889825e-02,1.779698546070168294e-02,1.139470581822357720e-02,1.787423438227569647e-02,8.179766722533506756e-03,8.342344966163588171e-03,1.874409615200116341e-02,1.297128004022005988e-02,1.623754967167013313e-02,1.075568618129413290e-02,1.295968883618644867e-02,4.537356082188783758e-03,4.351562686939768748e-03,1.208491982175594406e-02,2.039496489600212473e-02,2.019561350610183867e-02,7.144043927380855363e-03,2.662019265601631504e-02,4.022614029455387485e-02,4.121616929512703781e-02,8.757921066385853520e-03,5.798260785608341794e-02,2.701732546439175944e-02,4.909989873283325534e-02,2.999878063419426921e-02,6.262431663769417456e-02,1.937305883843132986e-02,1.576990808939156621e-02,1.449673617705008778e-02,9.738209290602763482e-03,2.387316686870797483e-02,2.236647317277554864e-02,3.744974642370495210e-02,1.994603649900503206e-02,6.167269540764903912e-02,6.287222256536094400e-02,1.977433961856941286e-02,5.278218435557358729e-02,1.326004668789406149e-01,6.443340521156873391e-02,8.236554688947693437e-02,6.005152798838679640e-02,1.400492939889991587e-02,4.257385540676843910e-02
8.691101964281012365e-03,1.477298863370718821e-02,1.208292965700482301e-02,6.137112069246218257e-03,2.050323577899730923e-02,2.920773827470090483e-02,3.170582386535595459e-02,6.381693627207089131e-03,3.777949752763057334e-02,1.890361457717650712e-02,2.360326944210603545e-02,1.344789956370959737e-02,4.291759392434722070e-02,1.225571188313515081e-02,1.094023076009641680e-02,0.000000000000000000e+00,7.410242543812825544e-03,1.663854221159536892e-02,1.387998014170179276e-02,3.354523265534446741e-02,1.242056851550492683e-02,4.733987054906543812e-02,4.355196481727315050e-02,1.414776510671817387e-02,3.591063521032491351e-02,8.147306742813253955e-02,4.732426986590904799e-02,6.583974752073545877e-02,4.917801078159106387e-02,1.238826705375604270e-02,3.308640082570320912e-02,1.566575006071645876e-02,7.960287168163307850e-03,1.269056265364351677e-02,8.700238465608658295e-03,1.377464705175775184e-02,6.374957154857234347e-03,6.513303539446633865e-03,1.483720501210867605e-02,9.883561949738368588e-03,1.212016033921640111e-02,8.022112388138265965e-03,9.813217368638020230e-03,3.628191831877135981e-03,3.206434371663473629e-03,8.718474490240456232e-03,1.533760137445421695e-02,1.447615818853571074e-02,5.290487916102949544e-03,1.996130359171863558e-02,3.034495602330897213e-02,3.136332097869217600e-02,6.022710262097475363e-03,4.464045694594327707e-02,2.086054539231574703e-02,3.770733844434724646e-02,2.182824958160579573e-02,4.822115986432346652e-02,1.448660298674760843e-02,1.060908765244631541e-02,1.063184866468856911e-02,7.509385131956210213e-03,1.881557171779951743e-02,1.637405522215885229e-02,2.760149375310971126e-02,1.461301151831922995e-02,4.538287275763205897e-02,4.542859533620705742e-02,1.465729528961632472e-02,4.083665747534097334e-02,9.846265541066188953e-02,4.733724846775499984e-02,6.207048413526117248e-02,4.586166592035617606e-02,1.048628378962317489e-02,3.125650131342216920e-02
8.273433778430528546e-03,1.399850609899288244e-02,1.132362693495445570e-02,5.940725404482645293e-03,1.949940597528959305e-02,2.689182157772685919e-02,2.972456332303503521e-02,5.718191799896316790e-03,3.468826535583315052e-02,1.760161383351019349e-02,2.226075545193657856e-02,1.263029308742095146e-02,4.021801712169013193e-02,1.155302050501377104e-02,9.742644825555190138e-03,7.410242543812825544e-03,0.000000000000000000e+00,1.528874626199617538e-02,1.282750132644037283e-02,3.139584514256216208e-02,1.152525294811152130e-02,4.352145816978204851e-02,3.959366054200862822e-02,1.295841392057590219e-02,3.289307405973695975e-02,7.473387918270733843e-02,4.347873435824359256e-02,6.057696118300746890e-02,4.501206063889619940e-02,1.140441666879440583e-02,3.074655744185452247e-02,1.385551971295992044e-02,7.137607019252452736e-03,1.211816595064030798e-02,7.903252203706486942e-03,1.306848667801166486e-02,5.907426465070825077e-03,5.861573691738317798e-03,1.299703461722004176e-02,8.931632609105292359e-03,1.148495522408565610e-02,7.685241284137476342e-03,9.240173070094665278e-03,3.342767701946202947e-03,2.910161949070498924e-03,8.404155466107281203e-03,1.433020943853674511e-02,1.392087746662358863e-02,5.038734224982543454e-03,1.854210547914850182e-02,2.746703827850883323e-02,2.920265218855001149e-02,5.689969714671823907e-03,4.033803629742471752e-02,1.969877756691432516e-02,3.502825298394006415e-02,2.073143424366993490e-02,4.485902983778153330e-02,1.375362687193855925e-02,9.826544827676655935e-03,9.822812214703591921e-03,7.015637489529404774e-03,1.703415121423555029e-02,1.525705027233362904e-02,2.551284004771459460e-02,1.381721141951069987e-02,4.118727700063022634e-02,4.185765265845225319e-02,1.352831884790129877e-02,3.739459142617804904e-02,9.059711597566601216e-02,4.384228404120448647e-02,5.732749862224080506e-02,4.156215147979269026e-02,9.809843240375287765e-03,2.905739092628285142e-02
1.875277440037916021e-02,3.205295685889179153e-02,2.583124949958129010e-02,1.340198658945464250e-02,4.350245511230402262e-02,6.214842693005192403e-02,6.672353660480725979e-02,1.280416608812009506e-02,7.939654412880001177e-02,4.020656456761542014e-02,5.006165834858593289e-02,2.857328321070492366e-02,9.152740648253870903e-02,2.611856851688393669e-02,2.186016440458484963e-02,1.663854221159536892e-02,1.528874626199617538e-02,0.000000000000000000e+00,2.927786928740611083e-02,7.212599893419334440e-02,2.589389550786352218e-02,9.985651663963533708e-02,8.950263013912757026e-02,2.958777081620153626e-02,7.497385741150038030e-02,1.693534215306324309e-01,9.961950303152726505e-02,1.375528848052973152e-01,1.032421334921802270e-01,2.647681514345323617e-02,6.923187324814381038e-02,3.113800561228745670e-02,1.600032514175532897e-02,2.689656128547025099e-02,1.800897373175947350e-02,2.937639037855428736e-02,1.337437661068650863e-02,1.306379743872470266e-02,2.912015048953614862e-02,1.987690729091612721e-02,2.561694431115655105e-02,1.734861992548983323e-02,2.113230292226638690e-02,7.703541672669977393e-03,6.331360702447513637e-03,1.876034429039453999e-02,3.238150846091198548e-02,3.213704627619984322e-02,1.147736842416426442e-02,4.187808562332765577e-02,6.324361471435638316e-02,6.644434229046534968e-02,1.298176946408751559e-02,9.261982875103039192e-02,4.392267114866096889e-02,7.880401102623887932e-02,4.595946278544149610e-02,1.011666187988018717e-01,3.154417977633718062e-02,2.225119414563786480e-02,2.232755209181215561e-02,1.586256639742309946e-02,3.828132852391900875e-02,3.503948638300076468e-02,5.864111523177441276e-02,3.070904781704281855e-02,9.422149112337914467e-02,9.546004437893347572e-02,3.053486980622667143e-02,8.449078960221460821e-02,2.040342027906736910e-01,1.002601568188945247e-01,1.290287035994710785e-01,9.539626660969557914e-02,2.224336449151023687e-02,6.576946915448060593e-02
1.559724204190447716e-02,2.620180242959627495e-02,2.203469994379830474e-02,1.105569424157908792e-02,3.644750606191756587e-02,5.185031276265488626e-02,5.511074814573958813e-02,1.084638148537639055e-02,6.677923783583770978e-02,3.313957822765208755e-02,4.192114822064825497e-02,2.349006234750971797e-02,7.466171335004623266e-02,2.174908693768590889e-02,1.896110088009089409e-02,1.387998014170179276e-02,1.282750132644037283e-02,2.927786928740611083e-02,0.000000000000000000e+00,6.027264340236093698e-02,2.101726691574030970e-02,8.338997806489632791e-02,7.614202544204429213e-02,2.445308916912295252e-02,6.219196345653767166e-02,1.417881147843467471e-01,8.334835114680394508e-02,1.143189255375252900e-01,8.733877452620741888e-02,2.198819269053810602e-02,5.850753475072618948e-02,2.597784632503748886e-02,1.354255137215516075e-02,2.242415659554797616e-02,1.494741382986544687e-02,2.413744474621743949e-02,1.116338745160705935e-02,1.124835165942619612e-02,2.439656111431222005e-02,1.670266031085755956e-02,2.156280596243185382e-02,1.443539094526167556e-02,1.778528899545437844e-02,6.203409372054420265e-03,5.507062353432422286e-03,1.564623182797469578e-02,2.679281424830896527e-02,2.702156466713670491e-02,9.230018837463840886e-03,3.493235167538775998e-02,5.330045642590811733e-02,5.490939523369788022e-02,1.049033935889497407e-02,7.884865643816538205e-02,3.609133862373751361e-02,6.571673522597559769e-02,3.846824671490255143e-02,8.426826695252341570e-02,2.619504861586763322e-02,1.885206984817779791e-02,1.862154523263278433e-02,1.320004922680310076e-02,3.262421519545018189e-02,2.953422473682792981e-02,4.925421722862917406e-02,2.546045025076985185e-02,7.956650301419142257e-02,8.050147130540158402e-02,2.604572737602531621e-02,7.056560072502039704e-02,1.714836306736881311e-01,8.411959543391964167e-02,1.082386238063643147e-01,8.054109136570301863e-02,1.860361144566574643e-02,5.408359754795690616e-02
3.850041926675890069e-02,6.609214955795347790e-02,5.400529457365150360e-02,2.775608493660333687e-02,8.978679929373151181e-02,1.270050036034470753e-01,1.379343462836098988e-01,2.605494951927068634e-02,1.645232516010463886e-01,8.258476177230932025e-02,1.023452497507130604e-01,5.814800591721810269e-02,1.870295583002958284e-01,5.306483507635176289e-02,4.426919044673204018e-02,3.354523265534446741e-02,3.139584514256216208e-02,7.212599893419334440e-02,6.027264340236093698e-02,0.000000000000000000e+00,5.215630019393811823e-02,2.025979575231885432e-01,1.819179494092842131e-01,6.006185440861667307e-02,1.532137597917521410e-01,3.478768740065011356e-01,2.048115105777886247e-01,2.809837377805255443e-01,2.112887126313228725e-01,5.362236063148968779e-02,1.414131486966522244e-01,6.337134043303946362e-02,3.226261595664646487e-02,5.594371395329571922e-02,3.736668875917702887e-02,5.973202919455056908e-02,2.764419170044758733e-02,2.653721044022147937e-02,5.876574702289258378e-02,4.064478108695407377e-02,5.326491066205851777e-02,3.608933547215496807e-02,4.324011800459550553e-02,1.587554902531121415e-02,1.264175492064623790e-02,3.839575981508824842e-02,6.658810817528065806e-02,6.729599324689534978e-02,2.366768640114073896e-02,8.596213118499790307e-02,1.300895246230537317e-01,1.360087465585476663e-01,2.664939299952846438e-02,1.908202868085709103e-01,9.016143302863693920e-02,1.617469039076106507e-01,9.479364555588973285e-02,2.070486465262279530e-01,6.467513861071536030e-02,4.550474762453492195e-02,4.501187418991055289e-02,3.254048630249528617e-02,7.822371102987035751e-02,7.313109696204557475e-02,1.205215414032342752e-01,6.221212339060204488e-02,1.906830557918181845e-01,1.954169365652493329e-01,6.276136747117311288e-02,1.734849558318519169e-01,4.188339458394988446e-01,2.070384833935033364e-01,2.628527782227052523e-01,1.951786789679500200e-01,4.459402097427463130e-02,1.336131087967553088e-01
1.410955214795151479e-02,2.330123010387440824e-02,1.867554486297984262e-02,9.708759664320828348e-03,3.204061061434949897e-02,4.544424192969678811e-02,4.951452855965984834e-02,9.712161448692932172e-03,5.751138404054371989e-02,2.998689674491233220e-02,3.700487345821228125e-02,2.216703203888557502e-02,6.792502436765023022e-02,1.905721368655254044e-02,1.747486083608867577e-02,1.242056851550492683e-02,1.152525294811152130e-02,2.589389550786352218e-02,2.101726691574030970e-02,5.215630019393811823e-02,0.000000000000000000e+00,7.446027748387377965e-02,6.764860236413208772e-02,2.349408055002199722e-02,5.669197641233007789e-02,1.313169403281320147e-01,7.317140584981349227e-02,1.020458663646592601e-01,7.585844703414344747e-02,1.925620772870905925e-02,5.184211785664300659e-02,2.385047801336092135e-02,1.240930779494523947e-02,2.041362472292168259e-02,1.397686655553044902e-02,2.121923554439368240e-02,9.747904225631690359e-03,1.010580797030764984e-02,2.245802014868000102e-02,1.557053287989402374e-02,1.882155990265022005e-02,1.302996450120146379e-02,1.483836102813159558e-02,5.582072831901520316e-03,4.833987018719817889e-03,1.374916828291661286e-02,2.391413432541291545e-02,2.334203732717271898e-02,8.528085775876777241e-03,3.132320010316460429e-02,4.695980912702930193e-02,4.887551376315415336e-02,9.648204008723612612e-03,6.850707567608128878e-02,3.238592812623065226e-02,5.889882271276749431e-02,3.592298582044461952e-02,7.492005047305574927e-02,2.298708588866101368e-02,1.722042775406882817e-02,1.668931896072953919e-02,1.153931882268492345e-02,2.833826376675023864e-02,2.574850642357593561e-02,4.301283637200011001e-02,2.344282061405230516e-02,6.986909987341374806e-02,7.114183608576435391e-02,2.357431082168046088e-02,6.229095650377677179e-02,1.538049329165407653e-01,7.442452914858027624e-02,9.705241794046524928e-02,6.978468923662878298e-02,1.672509392467137410e-02,4.985114219415529013e-02
