0.000000000000000000e+00,1.155792047790568829e-02,7.309672614249296957e-03,4.557729849898043382e-03,2.084826335798611874e-02,2.251670620440107337e-02,2.791280677553868023e-02,6.279048862414425211e-03,3.123948596026029229e-02,1.683727376755107807e-02,2.153475741899506593e-02,1.666781795913696226e-02,3.571399371552219648e-02,9.856865118602755466e-03,1.220999345226388665e-02,9.049884152469003795e-03,5.088769317437829426e-03,1.381372728640273446e-02,1.455268563588816948e-02,2.183660918396746267e-02,1.448895608496683640e-02,4.456302064824976816e-02,3.991225434419855972e-02,1.298421688611528166e-02,3.498693985838251252e-02,7.700372423587271975e-02,3.370033990040479516e-02,5.877949146835365068e-02,3.904249610951128491e-02,7.598846170890011589e-03,3.221487655863167210e-02,1.299221728642335066e-02,5.637145073439772149e-03,1.176000965889366888e-02,7.022386790638921773e-03,1.171869089118362899e-02,3.758196266045484360e-03,3.895394102796626620e-03,1.501528346321148039e-02,7.960564875986847130e-03,1.042321463001679230e-02,7.009654080553854097e-03,8.461499283792198872e-03,2.814260220213189116e-03,3.151829986423865422e-03,9.338819818310615389e-03,1.402680815475285982e-02,1.539498458105388254e-02,3.934705974518475612e-03,1.854406608489483563e-02,2.458035855760640556e-02,2.716136714844646569e-02,7.039955432450330404e-03,4.107114269040409993e-02,1.672284842468285682e-02,2.971041614355553889e-02,2.133126686095755328e-02,3.928537612323827061e-02,9.925916504683116384e-03,1.802575354484499057e-02,1.126179329287587544e-02,4.499487700131026002e-03,1.134242367698443284e-02,1.625836067931363607e-02,2.307668534372634209e-02,1.879014031154214656e-02,4.840241688524885011e-02,4.539947168810310602e-02,1.548893583035986302e-02,2.872142900354810943e-02,9.840959923338332693e-02,4.141325990336367641e-02,5.737623225083599704e-02,3.430725751668502188e-02,1.333458350933072745e-02,3.485496378303799131e-02
1.155792047790568829e-02,0.000000000000000000e+00,1.121456321224173491e-02,7.361939956268605603e-03,3.287160141148256359e-02,3.501816003153231799e-02,4.404637655890794590e-02,9.792475855832908152e-03,4.956839089139134652e-02,2.636307735276006980e-02,3.516894271448679776e-02,2.541891073532720133e-02,5.687301421593210504e-02,1.534446279311233244e-02,1.886908637025818194e-02,1.443888960618444281e-02,7.803579287306057141e-03,2.179386710922182752e-02,2.358253853811503181e-02,3.509136527237321362e-02,2.190978758577263180e-02,7.186618743035845525e-02,6.244373917027443155e-02,1.970221997239027592e-02,5.534383604329880246e-02,1.203957192197668002e-01,5.390107817972682180e-02,9.453998132267309173e-02,6.408000330727864347e-02,1.250377252118464386e-02,5.198719480762135914e-02,2.039698921664532746e-02,8.754588845187130999e-03,1.860073527990114411e-02,1.068542382709208004e-02,1.821388051389425874e-02,5.808114558645128059e-03,6.219916919315747472e-03,2.336449735833026967e-02,1.228695508545193764e-02,1.635373751574743101e-02,1.053392727558482254e-02,1.337899775606102640e-02,4.339534540408254530e-03,4.858448551301058210e-03,1.461086584778653087e-02,2.275212301287389202e-02,2.421048290282645093e-02,5.726904866150069745e-03,2.937182429761498598e-02,3.902217784851988447e-02,4.319567348255027445e-02,1.072845916874208202e-02,6.551029018986725960e-02,2.591184182815810255e-02,4.766120621860073236e-02,3.193108828292769846e-02,6.183831720300664303e-02,1.596515928027044534e-02,2.823669993425551375e-02,1.789143503399688931e-02,7.071184442260652903e-03,1.785628585888291223e-02,2.648227013163810539e-02,3.710725236842890573e-02,2.851810752017012660e-02,7.852591999123147148e-02,7.120483946305768141e-02,2.405622610579613574e-02,4.572143732434474223e-02,1.543370530040341082e-01,6.703828507833971273e-02,9.080033513446714166e-02,5.488339430398804508e-02,2.157204816773375736e-02,5.564532146054538414e-02
7.309672614249296957e-03,1.121456321224173491e-02,0.000000000000000000e+00,4.488368713669069546e-03,2.076288965897151589e-02,2.224448969789666330e-02,2.756296126108959826e-02,6.189099122916261360e-03,3.122603669623254946e-02,1.602400970541395520e-02,2.204615393568202034e-02,1.603652998212437217e-02,3.523893229548718392e-02,9.568554285471887397e-03,1.231170241208401350e-02,9.024393402321268659e-03,4.739941121362761106e-03,1.352950300019900055e-02,1.498756883103570178e-02,2.173123193554016980e-02,1.367279812796522859e-02,4.558436004157295079e-02,3.981353331459006745e-02,1.243829784898445312e-02,3.424415866059684482e-02,7.665934093143400574e-02,3.336613444387550448e-02,5.848597139129015077e-02,4.015792234631593294e-02,7.722455363192971822e-03,3.240003708257088028e-02,1.285661292123961574e-02,5.609540238592827452e-03,1.170966987153386485e-02,6.720845513018016554e-03,1.112877427643810258e-02,3.623957553570049742e-03,4.078970755981421031e-03,1.469388621024256616e-02,7.898037961919656888e-03,1.012534221569809899e-02,6.557700263241551461e-03,8.124740898325249344e-03,2.659749245374353095e-03,3.182408013134817304e-03,9.165625883826418463e-03,1.408193651733292973e-02,1.495137465946368496e-02,3.571291413719765787e-03,1.843034029994615464e-02,2.473582328400879271e-02,2.694282320927474800e-02,6.853347702772275354e-03,4.147225175186397550e-02,1.595158457901081281e-02,3.002292003038866536e-02,1.998457414334762344e-02,3.870270601354292017e-02,9.787211687000505617e-03,1.778414326473507293e-02,1.129980427733299521e-02,4.331659674222503205e-03,1.136410251481835554e-02,1.658193837951327590e-02,2.324168365089714430e-02,1.780154577427210671e-02,4.968777761141605909e-02,4.522633578270839755e-02,1.507199308433945437e-02,2.877061381678717306e-02,9.757864375815512858e-02,4.195400778928214808e-02,5.693471972415599380e-02,3.487250500715459445e-02,1.364266241829261914e-02,3.470491440055924887e-02
4.557729849898043382e-03,7.361939956268605603e-03,4.488368713669069546e-03,0.000000000000000000e+00,1.309290488543202527e-02,1.393377004139293579e-02,1.733053212895313902e-02,3.920330571006894194e-03,2.003346495713868511e-02,1.048132348432117417e-02,1.411376665733600835e-02,1.011450264042835362e-02,2.255000799443783802e-02,6.158732055781605125e-03,7.383394449968528304e-03,5.700373874448481405e-03,3.082023333624548701e-03,8.586262261776292370e-03,9.592099298628592105e-03,1.391180820979918617e-02,8.525690746792054242e-03,2.855656691612754733e-02,2.500501676369882784e-02,7.696314190410955339e-03,2.218388895016967788e-02,4.776177150648258651e-02,2.133846864049827527e-02,3.746116554842045254e-02,2.559595238272804191e-02,5.001886928317844129e-03,2.060686774877357186e-02,8.140212215586316996e-03,3.583460195651181138e-03,7.415088858913327849e-03,4.297228099038412179e-03,7.075722148153898439e-03,2.174085821282424526e-03,2.493635892293148779e-03,9.332293207578059094e-03,4.982137387194903073e-03,6.639617332781721885e-03,4.243667911818410285e-03,5.287460912968407374e-03,1.712191512092742837e-03,1.985620224921309015e-03,5.829194313773363410e-03,9.202752038986719910e-03,9.820762947082704170e-03,2.217974187021540776e-03,1.164744270362523364e-02,1.575868495110375675e-02,1.714658388281434589e-02,4.254137960189066994e-03,2.625326383047928147e-02,1.017764427509598724e-02,1.910868101317859252e-02,1.264488113249348164e-02,2.461922935385804992e-02,6.360724774086381691e-03,1.130452430990645102e-02,7.208005708180805632e-03,2.847956519584136145e-03,7.094295370039889817e-03,1.079057274398320665e-02,1.519173990277709885e-02,1.140716077995194283e-02,3.159829928307294339e-02,2.844086914033121249e-02,9.589517937215250379e-03,1.826351248862665907e-02,6.122530805568691947e-02,2.686951420012488254e-02,3.650719930481069464e-02,2.185896011073233669e-02,8.683187368121715599e-03,2.240514648491682970e-02
2.084826335798611874e-02,3.287160141148256359e-02,2.076288965897151589e-02,1.309290488543202527e-02,0.000000000000000000e+00,6.290133755504200008e-02,7.965131504092104464e-02,1.765718178137125338e-02,8.909081136161868530e-02,4.824550322061056662e-02,6.314237092835374432e-02,4.686961725261292594e-02,1.026249383306015728e-01,2.845901135065142390e-02,3.269337564492475617e-02,2.559456910485537889e-02,1.466608041560820558e-02,3.864392848041695722e-02,4.159853261819330267e-02,6.180461348786145392e-02,3.932813092160766799e-02,1.252830294077932893e-01,1.107091019788837005e-01,3.561029894924824107e-02,9.881714863147830763e-02,2.143287905427980755e-01,9.524610111019568559e-02,1.660827677245955702e-01,1.121895128537299252e-01,2.211947631186891167e-02,9.119801472920835428e-02,3.670764056019765187e-02,1.606648007330511996e-02,3.358565890582530800e-02,1.957256889763841698e-02,3.366973603606913251e-02,1.077976074827353969e-02,1.114163311333937756e-02,4.218872799095043508e-02,2.235644890100844939e-02,2.961400676506018015e-02,1.898402164875915427e-02,2.434492119617001626e-02,7.934416227261488833e-03,8.722821271392707312e-03,2.525718562317820839e-02,4.067014240955370286e-02,4.291239092942545491e-02,1.091806871020196620e-02,5.387159414124027823e-02,6.967348107760625020e-02,7.823901970548664819e-02,1.932489236329423127e-02,1.154017114531598609e-01,4.843085475750781577e-02,8.386664737279860005e-02,5.853787438862306097e-02,1.109065240010861930e-01,2.904318658471355397e-02,4.819413276935587825e-02,3.210898801937191183e-02,1.347953071104265182e-02,3.211153683336524095e-02,4.637430911567468061e-02,6.647758895480090913e-02,5.073095711542013886e-02,1.375664118746278419e-01,1.245866661743763593e-01,4.260466479293419789e-02,8.098178380884372973e-02,2.703370446579284048e-01,1.173577787176096621e-01,1.624513450140365745e-01,9.802229880314813903e-02,3.830827781317569514e-02,9.897902835922782472e-02
2.251670620440107337e-02,3.501816003153231799e-02,2.224448969789666330e-02,1.393377004139293579e-02,6.290133755504200008e-02,0.000000000000000000e+00,8.436394613641921836e-02,1.860338009557671243e-02,9.603480427621274851e-02,4.943638411163237684e-02,6.647108917976671250e-02,4.859179213126527119e-02,1.092740693261625845e-01,2.941965085778914385e-02,3.637089036513684731e-02,2.753057388598696698e-02,1.481531707396633105e-02,4.172541738902919850e-02,4.546148699513178487e-02,6.676780857093160548e-02,4.238408359602828523e-02,1.371949632674538955e-01,1.203830742887845445e-01,3.807423697961950793e-02,1.056891469241196813e-01,2.326207854734089198e-01,1.028248652490874882e-01,1.793885687142856566e-01,1.221180807021172432e-01,2.372307466223627301e-02,9.787846218412937782e-02,3.914476985322223879e-02,1.765006147099544218e-02,3.614464463925765036e-02,2.075399280737268148e-02,3.412768480764652446e-02,1.124702239087623651e-02,1.206432819126465432e-02,4.453826423196437234e-02,2.412298265248883841e-02,3.178218838400889701e-02,2.004805000505300791e-02,2.535026365296861109e-02,8.435540970481368930e-03,9.409660574367807034e-03,2.841357036040884423e-02,4.314713129255148827e-02,4.661657190986952248e-02,1.133962448657231670e-02,5.554606025593419871e-02,7.550890712795674253e-02,8.284961853239242169e-02,2.081227171953758254e-02,1.248454620782611380e-01,4.861425922900890900e-02,8.995004646119353353e-02,6.107603039357591135e-02,1.181089325354041097e-01,3.036302368139066898e-02,5.337142861480185380e-02,3.442001860341498132e-02,1.373241826185828823e-02,3.449777056165565653e-02,5.034820161343382672e-02,7.106247309598084927e-02,5.510255507715910300e-02,1.490595813901545164e-01,1.374992448571743242e-01,4.539532367537679053e-02,8.810241927816496454e-02,2.959638702876595806e-01,1.265695074225274275e-01,1.728322719101580696e-01,1.059596570033129320e-01,4.074758965655961990e-02,1.052662670857150845e-01
2.791280677553868023e-02,4.404637655890794590e-02,2.756296126108959826e-02,1.733053212895313902e-02,7.965131504092104464e-02,8.436394613641921836e-02,0.000000000000000000e+00,2.367307991875618536e-02,1.197985887159394025e-01,6.389558579748502720e-02,8.411249956283034512e-02,6.198700317899603907e-02,1.370203698124582148e-01,3.733518338244975338e-02,4.409539172808876056e-02,3.444226998586761429e-02,1.939429487350844208e-02,5.221149502701123712e-02,5.575247411888182431e-02,8.283122964214031936e-02,5.281059973104412775e-02,1.692767898557674677e-01,1.484161172336067036e-01,4.780864219395634940e-02,1.325107173416656958e-01,2.881392570308241030e-01,1.274820973828004744e-01,2.235038871678731165e-01,1.505713050840074840e-01,2.958526296987323834e-02,1.224985349929696710e-01,4.946339177989466512e-02,2.161126230132172019e-02,4.480548414791430539e-02,2.601698019469990408e-02,4.416843601943731129e-02,1.415047279213291556e-02,1.483794081987678190e-02,5.713496795128740480e-02,2.988566123387647114e-02,3.954128000434971313e-02,2.542345665228525065e-02,3.232728916517977474e-02,1.064410513761206677e-02,1.165667293387568845e-02,3.463783273331043355e-02,5.435473152697707644e-02,5.752595025716103483e-02,1.421871105134941277e-02,7.089948266478911243e-02,9.315890392832107403e-02,1.045174068826309061e-01,2.611551952793255207e-02,1.549280518364530568e-01,6.405009956545526517e-02,1.125105728843034253e-01,7.817515098654835570e-02,1.484571855881739177e-01,3.840704678594677318e-02,6.551336388533959831e-02,4.291093426271296030e-02,1.779569274960636840e-02,4.307940843850963791e-02,6.249343904412256456e-02,8.866418829181203776e-02,6.872821753775378018e-02,1.849885646689552188e-01,1.681916631854747657e-01,5.732333164762175304e-02,1.091152913252265294e-01,3.657088944107161899e-01,1.580691921644719333e-01,2.174822545210179370e-01,1.308853880031603800e-01,5.153051861117301929e-02,1.324162869513204055e-01
6.279048862414425211e-03,9.792475855832908152e-03,6.189099122916261360e-03,3.920330571006894194e-03,1.765718178137125338e-02,1.860338009557671243e-02,2.367307991875618536e-02,0.000000000000000000e+00,2.621165752270764732e-02,1.448545489682925153e-02,1.862720598859454735e-02,1.381009772035129632e-02,3.085355066389772194e-02,8.293623120966462509e-03,1.010950544644145972e-02,7.584452025069476216e-03,4.462799693641226854e-03,1.162861369630467136e-02,1.212705611698432044e-02,1.866346743925945129e-02,1.178868758639876717e-02,3.740683040947594129e-02,3.283450392496162912e-02,1.084399992765319905e-02,2.886218486002633046e-02,6.408525265126790993e-02,2.861884751435004454e-02,4.919689239013762261e-02,3.295965032543889117e-02,6.571034868891928796e-03,2.656322741705353929e-02,1.049957533452847494e-02,4.904822059812259834e-03,9.988912050733066150e-03,5.749591609853130746e-03,9.674516286042444263e-03,3.249045257094743816e-03,3.249929891240684911e-03,1.200469346957735300e-02,6.477096385494500799e-03,8.714499560895656860e-03,5.727322041229030575e-03,7.263643094494035175e-03,2.478031384538244893e-03,2.494476238849865912e-03,7.629016769403145111e-03,1.174224246673126471e-02,1.260139787489558856e-02,3.501646301528290369e-03,1.595817834903140789e-02,2.061759585350334684e-02,2.343203916466382250e-02,5.820973232729740980e-03,3.334850786365582687e-02,1.453071197387206456e-02,2.539179831172566626e-02,1.761495511055568078e-02,3.315077910377520892e-02,8.778171252612767053e-03,1.475494569362287116e-02,9.387991889553911479e-03,4.161235328494375038e-03,9.770528898763539832e-03,1.382892250366159377e-02,1.939206173873480807e-02,1.532909647912113899e-02,4.019485328621302117e-02,3.799564759940011333e-02,1.232414732887725239e-02,2.406282643283174164e-02,8.134072285512361500e-02,3.490699166812273602e-02,4.804174515618506169e-02,2.905452993182069260e-02,1.081652439335354342e-02,2.891030806909483317e-02
3.123948596026029229e-02,4.956839089139134652e-02,3.122603669623254946e-02,2.003346495713868511e-02,8.909081136161868530e-02,9.603480427621274851e-02,1.197985887159394025e-01,2.621165752270764732e-02,0.000000000000000000e+00,7.072945221586851572e-02,9.370668917322622082e-02,6.865806269712394772e-02,1.536365170379034584e-01,4.219969874850890840e-02,5.062304948354642148e-02,3.896891440406043128e-02,2.148798773094545353e-02,5.863324440759354328e-02,6.286990533872341413e-02,9.476019893045078968e-02,5.936746434777016856e-02,1.921802905838464470e-01,1.681475319849466410e-01,5.366643297443966787e-02,1.482957022282128667e-01,3.247436536261989470e-01,1.465714634260529281e-01,2.519566151640772467e-01,1.713478662022532850e-01,3.363825362508041095e-02,1.377686778869192108e-01,5.420798543954843257e-02,2.460884235372963816e-02,5.061715703925593474e-02,2.925912780531809976e-02,4.936721678614736097e-02,1.599276244219793863e-02,1.678089130388134981e-02,6.200689205684749294e-02,3.397413387329614731e-02,4.444806253528756079e-02,2.845843180213147861e-02,3.587888270704175930e-02,1.193449774896213934e-02,1.310291067948262701e-02,3.908591585816068026e-02,6.027844675961840926e-02,6.541831852464306818e-02,1.646057090899766262e-02,7.896113266402682296e-02,1.049995639527047248e-01,1.177021720475621980e-01,2.898755174782147864e-02,1.738786738783515140e-01,7.065645535822612233e-02,1.266470846408901119e-01,8.727332080092142785e-02,1.670821797077893800e-01,4.317412588927369010e-02,7.437404146512398284e-02,4.804152853624157893e-02,1.983869713991355879e-02,4.846252121475072561e-02,7.075651592379531007e-02,1.000406203880158801e-01,7.684271173574522273e-02,2.073928843558707213e-01,1.918675482171620095e-01,6.351626006403315872e-02,1.233272152214199557e-01,4.124665910192006901e-01,1.785162088448470075e-01,2.450812731359413021e-01,1.486983640971254461e-01,5.757471053020412483e-02,1.478083584582270960e-01
1.683727376755107807e-02,2.636307735276006980e-02,1.602400970541395520e-02,1.048132348432117417e-02,4.824550322061056662e-02,4.943638411163237684e-02,6.389558579748502720e-02,1.448545489682925153e-02,7.072945221586851572e-02,0.000000000000000000e+00,5.093194457308336531e-02,3.705888565299253479e-02,8.174913637467093319e-02,2.248554079503925149e-02,2.689765351977126823e-02,2.066212625898906224e-02,1.118160876937697445e-02,3.110184877471126874e-02,3.356412452848282768e-02,4.981852518869515217e-02,3.211965875268830289e-02,1.020153577147803192e-01,8.976265822917713078e-02,2.837422703068932794e-02,7.944786885991668435e-02,1.732521807344242215e-01,7.540883058200278932e-02,1.346628605447403870e-01,9.028765206485529771e-02,1.761355810884979514e-02,7.389795979482828570e-02,2.875402170193693333e-02,1.271819642762351057e-02,2.680986515825601463e-02,1.541412905201251099e-02,2.686962421242968663e-02,8.494084600420731199e-03,8.849285592009729570e-03,3.361402798230530425e-02,1.805619424008657325e-02,2.374822601827882365e-02,1.509239618164415903e-02,1.925599278208749154e-02,6.260166061058718145e-03,6.989039944818970299e-03,2.078640542031769470e-02,3.274880835376522970e-02,3.423904675685086191e-02,8.398406508824198674e-03,4.288352692262109578e-02,5.478902093251207528e-02,6.247209957461334617e-02,1.573647099217222525e-02,9.263815556774548932e-02,3.811385617057885811e-02,6.796955559358772159e-02,4.672362069541697444e-02,8.869011491731292052e-02,2.292218116612164056e-02,3.982769185181487398e-02,2.568808108377790972e-02,1.030382564025686572e-02,2.604820831414004709e-02,3.735177962047480510e-02,5.285132515493901756e-02,4.151897710152273324e-02,1.111294728015347205e-01,1.016116364166128744e-01,3.422907733302772010e-02,6.532323523307304036e-02,2.202280835378988555e-01,9.401786536690809326e-02,1.312806950413103468e-01,7.857644940683095047e-02,3.132059142695255149e-02,8.031830292226183055e-02
2.153475741899506593e-02,3.516894271448679776e-02,2.204615393568202034e-02,1.411376665733600835e-02,6.314237092835374432e-02,6.647108917976671250e-02,8.411249956283034512e-02,1.862720598859454735e-02,9.370668917322622082e-02,5.093194457308336531e-02,0.000000000000000000e+00,4.877070554415832010e-02,1.084146695874068783e-01,3.014365857408565080e-02,3.520296026024864050e-02,2.727428954113743365e-02,1.558531300590902322e-02,4.103854352234823089e-02,4.456899973159584444e-02,6.694833343466828623e-02,4.088029814039349091e-02,1.349878418319759854e-01,1.177591456876343201e-01,3.720088414249058534e-02,1.044096963785527826e-01,2.257188171465560611e-01,1.026538261084102982e-01,1.771812700557190146e-01,1.203762727859211540e-01,2.422480196985178288e-02,9.681309749575837953e-02,3.767979637915316177e-02,1.680266441188043094e-02,3.559922985503179149e-02,2.043349073601421345e-02,3.526406794765592906e-02,1.130426519518577116e-02,1.176846173442463658e-02,4.266493310312213794e-02,2.320982599976174898e-02,3.155000727848836922e-02,1.987113024798174005e-02,2.571220899310696154e-02,8.362514221120590299e-03,9.162723309307743702e-03,2.657256833449501282e-02,4.316515389185096585e-02,4.597489114502316399e-02,1.156811919613636754e-02,5.671792277817239158e-02,7.424069454639091459e-02,8.283908264650693964e-02,2.035205009340475268e-02,1.225488243265640126e-01,5.099578345174664296e-02,9.010843229533085919e-02,6.061942905836933959e-02,1.175771435922763064e-01,3.098626028116132497e-02,5.153371252965233823e-02,3.407844573289190576e-02,1.419542529796995536e-02,3.467226648289660484e-02,4.969478303978996925e-02,7.157611226678649297e-02,5.259013570074468069e-02,1.469265971799834369e-01,1.343370215104414123e-01,4.426733249431655942e-02,8.712662985472581501e-02,2.862288432784005354e-01,1.263670128947553262e-01,1.736811649530908275e-01,1.046772309653457717e-01,4.050470173143699143e-02,1.048921418435817959e-01
1.666781795913696226e-02,2.541891073532720133e-02,1.603652998212437217e-02,1.011450264042835362e-02,4.686961725261292594e-02,4.859179213126527119e-02,6.198700317899603907e-02,1.381009772035129632e-02,6.865806269712394772e-02,3.705888565299253479e-02,4.877070554415832010e-02,0.000000000000000000e+00,7.990479144449454119e-02,2.218411252318572627e-02,2.610075393040046238e-02,1.998898046553638022e-02,1.119668481662711851e-02,3.005449355552075597e-02,3.236694584674698616e-02,4.787027453457606135e-02,3.153401081794890426e-02,9.640286196705627475e-02,8.688999439673436576e-02,2.753371807341309721e-02,7.601366762530609167e-02,1.677228251611017074e-01,7.251146870474968475e-02,1.291706336785474474e-01,8.612542576733965560e-02,1.677027958682954234e-02,7.061526909036980326e-02,2.774694281975722404e-02,1.219784999635720700e-02,2.653781029949752943e-02,1.541437133674497875e-02,2.631839093154969209e-02,8.191536045840653452e-03,8.459062084863071262e-03,3.226440393763364833e-02,1.753472504417816213e-02,2.358160679665713411e-02,1.521293644519928524e-02,1.884419791884614503e-02,6.262329688427758882e-03,6.688754585360510811e-03,2.002894618634475793e-02,3.133563047444809513e-02,3.329513715394429030e-02,8.521590665723211694e-03,4.154122251726217324e-02,5.347474970022553231e-02,6.064127088264556487e-02,1.520356645487304370e-02,8.894421747698552649e-02,3.723333279290110681e-02,6.501163848749781649e-02,4.594949614992862447e-02,8.644160673682559082e-02,2.252756275155127011e-02,3.797507206496113924e-02,2.464368115656421707e-02,1.025644309789557063e-02,2.488758881184664415e-02,3.598517234550444727e-02,5.085162374573008043e-02,4.041242819905695866e-02,1.053596783987200969e-01,9.780075881501182344e-02,3.287824812811825093e-02,6.209811215862953704e-02,2.102838241348458370e-01,8.950148870894292230e-02,1.268442728028273125e-01,7.507756359253235645e-02,2.965878025308595761e-02,7.814535945627225366e-02
3.571399371552219648e-02,5.687301421593210504e-02,3.523893229548718392e-02,2.255000799443783802e-02,1.026249383306015728e-01,1.092740693261625845e-01,1.370203698124582148e-01,3.085355066389772194e-02,1.536365170379034584e-01,8.174913637467093319e-02,1.084146695874068783e-01,7.990479144449454119e-02,0.000000000000000000e+00,4.797620260014827387e-02,5.849058967380151020e-02,4.458235635820511494e-02,2.451186707624276873e-02,6.769592276763140848e-02,7.256673682556857852e-02,1.075604510420146709e-01,6.874263082464766861e-02,2.218018730211499812e-01,1.939348639149836295e-01,6.191313601803261069e-02,1.715172358196177527e-01,3.739902248230366211e-01,1.659618856024031863e-01,2.898265560996150514e-01,1.960405377415200268e-01,3.838267429265742464e-02,1.590605765695089213e-01,6.398504277994075673e-02,2.788446623584184964e-02,5.783398642076586355e-02,3.358665095050317878e-02,5.653208076021738748e-02,1.829683921832897173e-02,1.939757839370871706e-02,7.371571898109918752e-02,3.905523999767544774e-02,5.112835499628433367e-02,3.273561008417941176e-02,4.109260704985481794e-02,1.353710018918695759e-02,1.531759677701470361e-02,4.517717654735774885e-02,7.007693833613660994e-02,7.492682311794710004e-02,1.807369327294741299e-02,9.083650314476067467e-02,1.201778904270738579e-01,1.343017004619735388e-01,3.378110207469554871e-02,2.020241951746779008e-01,8.176185450119605180e-02,1.469163759394009061e-01,1.009226434991877114e-01,1.919069650921569337e-01,4.874639459751093501e-02,8.677668445511318995e-02,5.558002680375545568e-02,2.255481907598435101e-02,5.593911424804620669e-02,8.136249350229758648e-02,1.144898014585723767e-01,8.936112801276729911e-02,2.416639581684976723e-01,2.209777554678506450e-01,7.454981089746014200e-02,1.423157986347202975e-01,4.781093308273333120e-01,2.055840157902427690e-01,2.823727427616579133e-01,1.693996587061566694e-01,6.684956679301551352e-02,1.718285084545047026e-01
9.856865118602755466e-03,1.534446279311233244e-02,9.568554285471887397e-03,6.158732055781605125e-03,2.845901135065142390e-02,2.941965085778914385e-02,3.733518338244975338e-02,8.293623120966462509e-03,4.219969874850890840e-02,2.248554079503925149e-02,3.014365857408565080e-02,2.218411252318572627e-02,4.797620260014827387e-02,0.000000000000000000e+00,1.555648325586259269e-02,1.206913875991515867e-02,6.613492793260462854e-03,1.800903986391178338e-02,2.025579692109639660e-02,2.949668295851931576e-02,1.831715912463731041e-02,6.029525991370232596e-02,5.276047078733576284e-02,1.661663919235964113e-02,4.686752928966755882e-02,1.007882744655572704e-01,4.495933035106645936e-02,7.934622396369492292e-02,5.377764361117277903e-02,1.069271535307946344e-02,4.351133282988100398e-02,1.721268604785070391e-02,7.340214989749228175e-03,1.578038454882120176e-02,9.154016956849923142e-03,1.575910587888202513e-02,4.929238899140788582e-03,5.369193148258384271e-03,1.979021061623944741e-02,1.049913181122224398e-02,1.407464913191302028e-02,8.866588006908619410e-03,1.165417073721616154e-02,3.728399524216074491e-03,4.196526503447931683e-03,1.209145823477758563e-02,1.981833717134326434e-02,2.041536998166365580e-02,4.867926375900848493e-03,2.528182931579737308e-02,3.275667440824233528e-02,3.676251494837097511e-02,8.944926361182322511e-03,5.556152518078476266e-02,2.258091920058434218e-02,4.039625128006916338e-02,2.735160769483212240e-02,5.226993893457828472e-02,1.379356926981698331e-02,2.320364535571777312e-02,1.531281284345188676e-02,6.061317133270132870e-03,1.526782922385370653e-02,2.238705916167763738e-02,3.176834609119432579e-02,2.363312743210879002e-02,6.647626391387904954e-02,5.908461311283018380e-02,2.038815489893404734e-02,3.872118728737874993e-02,1.284153616556715505e-01,5.602161504946910620e-02,7.737053191591103385e-02,4.619484465284270924e-02,1.857306038121641842e-02,4.738179246151399265e-02
1.220999345226388665e-02,1.886908637025818194e-02,1.231170241208401350e-02,7.383394449968528304e-03,3.269337564492475617e-02,3.637089036513684731e-02,4.409539172808876056e-02,1.010950544644145972e-02,5.062304948354642148e-02,2.689765351977126823e-02,3.520296026024864050e-02,2.610075393040046238e-02,5.849058967380151020e-02,1.555648325586259269e-02,0.000000000000000000e+00,1.449043726805761788e-02,8.482283356113567638e-03,2.211244220336119545e-02,2.357368098317710187e-02,3.578423678013557818e-02,2.292028952220942495e-02,7.156281208909329172e-02,6.396839102404271171e-02,2.115220384813552845e-02,5.439335935568331143e-02,1.226130299840789417e-01,5.539099019866877693e-02,9.355267482845480709e-02,6.338293244853804298e-02,1.254906765619608067e-02,5.099104591021971083e-02,2.025796491423056608e-02,9.603151877613829573e-03,1.955586166071346041e-02,1.114140934247945594e-02,1.804355341626616080e-02,6.134369238041159460e-03,6.423005857294756746e-03,2.294301900369363073e-02,1.256141639905028820e-02,1.692231881489313083e-02,1.111339074258498906e-02,1.322074551721536678e-02,4.521969490175221408e-03,4.839523766378894462e-03,1.487210377935114201e-02,2.222024738855470083e-02,2.454166277799355034e-02,6.786571198570794279e-03,2.969096180216643927e-02,3.962178542686209393e-02,4.391187270922150554e-02,1.163921888878359165e-02,6.386902090777307750e-02,2.683157987158624538e-02,4.809988606469770001e-02,3.368040422862923766e-02,6.279098893422402350e-02,1.639255837707403324e-02,2.854001781562879453e-02,1.793299091497182335e-02,7.780851558479792880e-03,1.865711795198723294e-02,2.640351620683518280e-02,3.696041696224345446e-02,2.959713838023214638e-02,7.633029738795975294e-02,7.427768657810762676e-02,2.376102762209770028e-02,4.624762511198992482e-02,1.576400791359906794e-01,6.685872983756005472e-02,9.018681846915084510e-02,5.582957131968709769e-02,2.005133794783129156e-02,5.457889410078540365e-02
9.049884152469003795e-03,1.443888960618444281e-02,9.024393402321268659e-03,5.700373874448481405e-03,2.559456910485537889e-02,2.753057388598696698e-02,3.444226998586761429e-02,7.584452025069476216e-03,3.896891440406043128e-02,2.066212625898906224e-02,2.727428954113743365e-02,1.998898046553638022e-02,4.458235635820511494e-02,1.206913875991515867e-02,1.449043726805761788e-02,0.000000000000000000e+00,6.179621564184526079e-03,1.673147412853171270e-02,1.840983619603344529e-02,2.742953981044037384e-02,1.693789901345059065e-02,5.533663530278906673e-02,4.871870487629115926e-02,1.544851655015034089e-02,4.314244668498651986e-02,9.372718972483061461e-02,4.205404672236567193e-02,7.315343533302519352e-02,4.934907749371585800e-02,9.681433076888854364e-03,3.974186844506277794e-02,1.573711829220421354e-02,6.943776916395634317e-03,1.442560680454408641e-02,8.368644152769253580e-03,1.446402028219809233e-02,4.571539882732935690e-03,4.833251329219091438e-03,1.794930645784511072e-02,9.719015103181989981e-03,1.293125586312945940e-02,8.308038179209130403e-03,1.050447753863662306e-02,3.465577236408842222e-03,3.832057539026931855e-03,1.118995849298526184e-02,1.786101040154346523e-02,1.875671743026346636e-02,4.641543959447247923e-03,2.276309167370034817e-02,3.060813975766258493e-02,3.382271641086392194e-02,8.273008374503676432e-03,5.073516528240254453e-02,2.048594962694019056e-02,3.680260547288240203e-02,2.482933640069816261e-02,4.836848766931805405e-02,1.253066296030820939e-02,2.160192504417819681e-02,1.397150585682187078e-02,5.565032769287861850e-03,1.398887944189018163e-02,2.044583046998603784e-02,2.903033999133447507e-02,2.173944485145427180e-02,6.083190351038503252e-02,5.514001841462698450e-02,1.858976239359098892e-02,3.565353066169085067e-02,1.190355750975184701e-01,5.165859593662743693e-02,7.055157824881705397e-02,4.278053025716069963e-02,1.658972088071129086e-02,4.307797333222695979e-02
5.088769317437829426e-03,7.803579287306057141e-03,4.739941121362761106e-03,3.082023333624548701e-03,1.466608041560820558e-02,1.481531707396633105e-02,1.939429487350844208e-02,4.462799693641226854e-03,2.148798773094545353e-02,1.118160876937697445e-02,1.558531300590902322e-02,1.119668481662711851e-02,2.451186707624276873e-02,6.613492793260462854e-03,8.482283356113567638e-03,6.179621564184526079e-03,0.000000000000000000e+00,9.312636945126960206e-03,1.013483888573115527e-02,1.489911597405740515e-02,9.853082110301095500e-03,3.123865347248327290e-02,2.755499690903264257e-02,8.741324933059076152e-03,2.409926603214458327e-02,5.303218930596756420e-02,2.263518360335417881e-02,4.105591391797610429e-02,2.723464680907373286e-02,5.278534920245670989e-03,2.254719729742522480e-02,8.980202789321684032e-03,3.898875891520042249e-03,8.061753550658561779e-03,4.557986564644306120e-03,7.801452975568055545e-03,2.533985775484694572e-03,2.795810117178020027e-03,1.055753919385735498e-02,5.509597472350208185e-03,7.262701114606107469e-03,4.496998461419819335e-03,5.740833997431807161e-03,1.895494456440147569e-03,2.181619844392293159e-03,6.312022661310957850e-03,9.850371927406493741e-03,1.022173857328389189e-02,2.457991947086519968e-03,1.300487446965702294e-02,1.626930576798746308e-02,1.904680738825333119e-02,4.806052453677016854e-03,2.818977463911461964e-02,1.159949930165759049e-02,2.086562034833021675e-02,1.449008705839001376e-02,2.703418531537288977e-02,6.810625477362238986e-03,1.227046247839370247e-02,7.656812357415686277e-03,3.053164802556402116e-03,7.902377976463349774e-03,1.132053010436236476e-02,1.586579838841814874e-02,1.275334136988615780e-02,3.399277272422722429e-02,3.111842307782310829e-02,1.059977775550279000e-02,1.982343835400193766e-02,6.772895018392724453e-02,2.853048463495637399e-02,4.011137594037989668e-02,2.378346775300863025e-02,9.616118639935790011e-03,2.422350636615419606e-02
1.381372728640273446e-02,2.179386710922182752e-02,1.352950300019900055e-02,8.586262261776292370e-03,3.864392848041695722e-02,4.172541738902919850e-02,5.221149502701123712e-02,1.162861369630467136e-02,5.863324440759354328e-02,3.110184877471126874e-02,4.103854352234823089e-02,3.005449355552075597e-02,6.769592276763140848e-02,1.800903986391178338e-02,2.211244220336119545e-02,1.673147412853171270e-02,9.312636945126960206e-03,0.000000000000000000e+00,2.735081635172963849e-02,4.106187539813556386e-02,2.628113167126772468e-02,8.390753638734541053e-02,7.320056351432158159e-02,2.364524002035867101e-02,6.458974415599008645e-02,1.421884924987679433e-01,6.332065895355361296e-02,1.100514521710223848e-01,7.442015455188234763e-02,1.451491080386071997e-02,6.000123854849875871e-02,2.378719522002387468e-02,1.057244672576393776e-02,2.170894332496714832e-02,1.255753691300802791e-02,2.133085284505057549e-02,7.002143003088686160e-03,7.224071316050422256e-03,2.737779334728839692e-02,1.462532370329736042e-02,1.914222885701004698e-02,1.237364187905069975e-02,1.571968809144814669e-02,5.314907060008010505e-03,5.672759296086061359e-03,1.720151639368365515e-02,2.644868817991465754e-02,2.822075176842475663e-02,7.185152745105319663e-03,3.442705667584231716e-02,4.581249212330791576e-02,5.104559957003228232e-02,1.298558429618586023e-02,7.571230018361078951e-02,3.100104808123110151e-02,5.571789028080645356e-02,3.841911492664996236e-02,7.273084965029466553e-02,1.876490812848964282e-02,3.271084738219055127e-02,2.091689094561426099e-02,8.624674063923289113e-03,2.120331407023934647e-02,3.066329954056800505e-02,4.318024307227584513e-02,3.401654438287651794e-02,9.045764368741632255e-02,8.370576764976808692e-02,2.793662221584908290e-02,5.366998229007626658e-02,1.813876118588475805e-01,7.786448983721251660e-02,1.055504367272939725e-01,6.426384364267200000e-02,2.478971683478239929e-02,6.460711627850122818e-02
1.455268563588816948e-02,2.358253853811503181e-02,1.498756883103570178e-02,9.592099298628592105e-03,4.159853261819330267e-02,4.546148699513178487e-02,5.575247411888182431e-02,1.212705611698432044e-02,6.286990533872341413e-02,3.356412452848282768e-02,4.456899973159584444e-02,3.236694584674698616e-02,7.256673682556857852e-02,2.025579692109639660e-02,2.357368098317710187e-02,1.840983619603344529e-02,1.013483888573115527e-02,2.735081635172963849e-02,0.000000000000000000e+00,4.534669295335530537e-02,2.715933051638888887e-02,9.036245890749376730e-02,7.880102343867131931e-02,2.492450753615603476e-02,6.963839956639851503e-02,1.510264795564579265e-01,6.995123623101173749e-02,1.182684470367618840e-01,8.131093316829929307e-02,1.639712914924590717e-02,6.480591299251176052e-02,2.489389270727604062e-02,1.140606608292526851e-02,2.395175337095515125e-02,1.384226315861865689e-02,2.366557918548380796e-02,7.598547272568090261e-03,7.822738963399588491e-03,2.798275544539613816e-02,1.565508185360015014e-02,2.121467222828940513e-02,1.360954349894120778e-02,1.713551333167238552e-02,5.598176841880773275e-03,6.127897258745958892e-03,1.807145054906859546e-02,2.875295880679999694e-02,3.149680129283335961e-02,7.986902831885184587e-03,3.703635314804971240e-02,5.043807596864666176e-02,5.519995081690336897e-02,1.347515749076029501e-02,8.222262298339727549e-02,3.329768419892695924e-02,5.986047306455016120e-02,4.023602980640077209e-02,7.845822306275167246e-02,2.066816212525793284e-02,3.507725420606202377e-02,2.285426051063247851e-02,9.222282828125311430e-03,2.299276110824130179e-02,3.355490345863247625e-02,4.823457526648403104e-02,3.514357176124270621e-02,9.821532932801362026e-02,9.080678508613376776e-02,2.972492657395712362e-02,5.849789962276504690e-02,1.916996945921688456e-01,8.518506640997157431e-02,1.154992015071198280e-01,7.067703584639704883e-02,2.678735914117552630e-02,6.968049682150564972e-02
2.183660918396746267e-02,3.509136527237321362e-02,2.173123193554016980e-02,1.391180820979918617e-02,6.180461348786145392e-02,6.676780857093160548e-02,8.283122964214031936e-02,1.866346743925945129e-02,9.476019893045078968e-02,4.981852518869515217e-02,6.694833343466828623e-02,4.787027453457606135e-02,1.075604510420146709e-01,2.949668295851931576e-02,3.578423678013557818e-02,2.742953981044037384e-02,1.489911597405740515e-02,4.106187539813556386e-02,4.534669295335530537e-02,0.000000000000000000e+00,4.110057901814515025e-02,1.360602712557796856e-01,1.183794521204276640e-01,3.692200766605819445e-02,1.046198844357143637e-01,2.275184215590558279e-01,1.022178490985136690e-01,1.779178675441316915e-01,1.210419997990608287e-01,2.399752712939804203e-02,9.727479991657048131e-02,3.769634615443689940e-02,1.658451001600644292e-02,3.531657668288750579e-02,2.040404824181533613e-02,3.490561089695388280e-02,1.099630690370983002e-02,1.180986581114631950e-02,4.258290368348006949e-02,2.347469568778504101e-02,3.099738022064588844e-02,1.970093637581546084e-02,2.534168418463484534e-02,8.158161250486860999e-03,9.199482538024675304e-03,2.746066563910026445e-02,4.332942017110507499e-02,4.590043355292038746e-02,1.113389657817381688e-02,5.541343142694932916e-02,7.426131442182713760e-02,8.209782523488977357e-02,2.021597904595952636e-02,1.236406527377064690e-01,4.885374772997332776e-02,9.018598703030134001e-02,5.970833256278285095e-02,1.171176429596730295e-01,3.024064513429215728e-02,5.255957128688478613e-02,3.392920046971191483e-02,1.343468360303540915e-02,3.396684583616616654e-02,5.017807550277453288e-02,7.021297467698853212e-02,5.286148581198864965e-02,1.480863520081238116e-01,1.355837683089988754e-01,4.480147836637319442e-02,8.655908273475032555e-02,2.892832272164049257e-01,1.267234931540077159e-01,1.718418926335116281e-01,1.045850242178239520e-01,4.066038806986268378e-02,1.047198464394479833e-01
1.448895608496683640e-02,2.190978758577263180e-02,1.367279812796522859e-02,8.525690746792054242e-03,3.932813092160766799e-02,4.238408359602828523e-02,5.281059973104412775e-02,1.178868758639876717e-02,5.936746434777016856e-02,3.211965875268830289e-02,4.088029814039349091e-02,3.153401081794890426e-02,6.874263082464766861e-02,1.831715912463731041e-02,2.292028952220942495e-02,1.693789901345059065e-02,9.853082110301095500e-03,2.628113167126772468e-02,2.715933051638888887e-02,4.110057901814515025e-02,0.000000000000000000e+00,8.349462244312591541e-02,7.474454976502249715e-02,2.471429890160925166e-02,6.573680027106637569e-02,1.455370338499644700e-01,6.373643093690675721e-02,1.104121946448730907e-01,7.384879863263096866e-02,1.423498635851981955e-02,6.042707147872803525e-02,2.430576633958434277e-02,1.079583352218763462e-02,2.229309371712626803e-02,1.312731985967293541e-02,2.146022387269580500e-02,6.993974259319874626e-03,7.324771107441052469e-03,2.819519090602068748e-02,1.466143213078124376e-02,1.953598542383426506e-02,1.308665884610755829e-02,1.570319615606762670e-02,5.437680976306796983e-03,5.707256926017249821e-03,1.806656403274937289e-02,2.647047012750091549e-02,2.880366615838986580e-02,7.465663004495543681e-03,3.509470047069534332e-02,4.619290225290266505e-02,5.169541177285369438e-02,1.359323626506355256e-02,7.676053015116758582e-02,3.171454430638318001e-02,5.636623793883158151e-02,4.066567793227698208e-02,7.418583335722384042e-02,1.859929107392167130e-02,3.455230207633783190e-02,2.132624932771493703e-02,8.969113587735114829e-03,2.167214246875359338e-02,3.087179749163640463e-02,4.346216824344209528e-02,3.605931642166692458e-02,9.102939886410547909e-02,8.634493940222870423e-02,2.911163536301511479e-02,5.372509913490160910e-02,1.872129276085841010e-01,7.822931203534008726e-02,1.075031065144599202e-01,6.469128208222023335e-02,2.492333500827566620e-02,6.598980472105943351e-02
