0.000000000000000000e+00,9.379027199303571760e-03,5.950306498993708157e-03,4.611158986541761227e-03,2.076945782723758557e-02,2.169173261634015082e-02,2.690624051985453236e-02,5.194653255235488591e-03,2.604209076410732987e-02,1.529099570096235233e-02,2.275352206591943482e-02,1.295035386882485706e-02,3.405619484283803344e-02,1.027936018387276898e-02,1.014402492239122565e-02,6.657812525492582539e-03,5.868020649306895410e-03,1.132056703683076253e-02,1.030904794923982216e-02,1.713922102119457697e-02,1.119738573484601457e-02,3.712655398950811397e-02,3.078037401894245795e-02,8.857517852952018558e-03,2.404609891100407612e-02,6.462017697319358267e-02,2.858527120780499087e-02,4.782433293574542971e-02,2.419201558212599745e-02,5.342208458202026868e-03,2.108485654348787527e-02,1.125480029030341556e-02,6.947007530473074156e-03,1.403730549487891208e-02,7.746711623848157036e-03,1.113363789750630890e-02,5.109528153194329084e-03,2.475882034152881040e-03,9.994846748847350387e-03,5.272777528392332685e-03,9.373618266380867245e-03,6.506374635843362869e-03,7.943705495734145264e-03,3.135592757028164961e-03,2.073417079870344421e-03,6.075199594793126087e-03,8.501986450032913284e-03,1.524195504091246239e-02,5.917658343167285506e-03,1.705009935880808652e-02,2.045662251384278499e-02,2.302677039589783731e-02,7.614028558789450590e-03,3.053755295130159558e-02,1.174608897610608660e-02,2.624972811123436542e-02,1.477959783193600121e-02,3.625164786033367725e-02,1.217334293598805635e-02,1.446937553287187643e-02,7.865673836024813723e-03,5.254070177791892761e-03,9.656207365598964282e-03,1.243985495032559618e-02,1.652378791419881199e-02,1.508245912234528960e-02,4.092429003228195694e-02,4.037990351735874089e-02,9.436899178173408648e-03,1.969835038541079344e-02,8.133948821659169048e-02,3.103015775900207218e-02,3.345990493439425506e-02,2.499729643744922833e-02,3.005916824120271127e-03,1.913493554311622435e-02
9.379027199303571760e-03,0.000000000000000000e+00,1.152122836348232898e-02,9.277938991825687015e-03,4.160509897037668187e-02,4.276086070669747607e-02,5.416550776667732048e-02,1.059222378057603914e-02,5.203814263928112360e-02,3.006315577915194548e-02,4.570871748701933052e-02,2.389625795273983208e-02,6.818986313396732668e-02,2.081981083247742489e-02,1.970263596682443608e-02,1.338172131252291647e-02,1.099004831955256029e-02,2.235470447859860127e-02,2.018292907525191804e-02,3.437779269802939547e-02,2.208288262719766346e-02,7.403708580517534554e-02,6.006720060080415757e-02,1.559792767482395121e-02,4.749674840596283115e-02,1.238762651511326751e-01,5.749919103854064795e-02,9.543828592336843497e-02,4.840211492869968962e-02,1.076420079410398550e-02,4.241319377041144478e-02,2.192632501231786893e-02,1.321714555933014255e-02,2.747368853922898396e-02,1.484955144169309779e-02,2.195644004053917339e-02,1.015333400069879516e-02,4.978510719502626976e-03,1.964881510262786110e-02,9.944649337343706638e-03,1.707353145904302871e-02,1.235289334955155978e-02,1.555149882440402809e-02,6.453898822013840256e-03,3.667749503483354063e-03,1.168170695115835350e-02,1.711529296342045869e-02,2.945995357069081111e-02,1.167571785280852037e-02,3.337605918818226103e-02,4.042195279922047857e-02,4.618624722054574805e-02,1.553433931876262337e-02,6.122981897440223087e-02,2.331525917457658026e-02,5.268611004644210838e-02,2.868573206573549195e-02,7.313208016503958131e-02,2.405637196916843995e-02,2.885557957497034143e-02,1.579964062372762532e-02,1.038167589584058741e-02,1.957398942343669887e-02,2.504902458811605198e-02,3.408358944352120334e-02,3.062004862567883554e-02,8.274075163163185920e-02,8.065044894798524544e-02,1.788329281165533177e-02,3.955887906842286278e-02,1.586394336570786934e-01,6.200814520216807457e-02,6.665511108265974316e-02,4.993293207911545656e-02,5.088849044655327503e-03,3.709113106468041321e-02
5.950306498993708157e-03,1.152122836348232898e-02,0.000000000000000000e+00,5.615055674353861687e-03,2.632531384692909926e-02,2.743853652829320727e-02,3.431243970608541249e-02,6.658464576927842528e-03,3.309021853862662010e-02,1.834856537131146492e-02,2.878346750204146404e-02,1.491329582279614374e-02,4.247807096439992075e-02,1.313433244980917111e-02,1.273142712132717229e-02,8.270659022340885735e-03,7.042092084864788604e-03,1.415557777159182073e-02,1.349676243100447412e-02,2.108283352265541075e-02,1.373559162260839031e-02,4.720857840279375078e-02,3.925382931205194381e-02,9.806644641860940911e-03,3.008686278046619061e-02,7.934990255826325500e-02,3.677956117481274989e-02,6.005358615379513543e-02,3.132479299791545574e-02,6.727164361232390241e-03,2.657481073961633078e-02,1.429215523935529336e-02,8.557622800618090025e-03,1.703184307402588749e-02,9.213592734330089407e-03,1.382128576908864953e-02,6.461378270333956869e-03,3.285576551977930932e-03,1.295419376290108879e-02,6.446321035373491978e-03,1.063187950070512006e-02,7.744691203097163815e-03,9.616094570327431493e-03,4.111085374252949377e-03,2.466684202346878206e-03,7.319604240213493582e-03,1.084072484445075535e-02,1.870894795487477308e-02,7.494393379655000381e-03,2.105857601946021021e-02,2.572414233727635460e-02,2.941612711180292827e-02,9.819489927093727130e-03,3.916844503233305602e-02,1.396560566787323487e-02,3.322280422972893887e-02,1.752394393880842352e-02,4.571598351806109573e-02,1.483895463320902483e-02,1.820501263735304492e-02,9.703269228000918969e-03,6.462056954584047969e-03,1.266289527124672513e-02,1.591201966987447133e-02,2.126220525223125601e-02,1.862959890286553649e-02,5.272414188016098097e-02,5.191846495774333353e-02,1.110778312148935805e-02,2.519381070993645735e-02,1.003775423220370916e-01,3.895854866332154609e-02,4.213011437054149655e-02,3.176690923189118276e-02,3.330084388157864006e-03,2.320929990848637908e-02
4.611158986541761227e-03,9.277938991825687015e-03,5.615055674353861687e-03,0.000000000000000000e+00,2.011095430868106021e-02,2.039179625815968830e-02,2.615237165877835890e-02,5.063352281072882981e-03,2.483445074045488241e-02,1.447964188017055766e-02,2.179972666320366056e-02,1.148444387842107242e-02,3.315080499546869258e-02,9.982508351758612869e-03,9.139095352479963477e-03,6.155390066464315989e-03,5.379431162396775337e-03,1.053228172480047235e-02,9.694124258092124205e-03,1.655734060294622445e-02,1.042341314337049026e-02,3.534413459032307442e-02,2.867287590608766715e-02,7.374379828322688568e-03,2.267080650580012222e-02,5.847272788174527614e-02,2.760508416673367049e-02,4.553284311126254424e-02,2.271426432479926871e-02,5.160220638513617931e-03,1.986455222930029116e-02,1.040329496995554687e-02,6.290562735859576808e-03,1.320744662151244683e-02,7.223100039261033320e-03,1.057455993949823168e-02,4.825895932715837042e-03,2.223221007523012212e-03,9.351169807302332077e-03,4.594786910118391250e-03,8.283500401407474165e-03,6.100134413442360320e-03,7.645280687362399595e-03,3.193573414738625285e-03,1.692664601688253232e-03,5.676226393792943060e-03,8.314264401731660120e-03,1.457515359801721255e-02,5.730081912577182808e-03,1.613666149219827872e-02,1.960546607824959972e-02,2.266294917556780850e-02,7.670778048714608360e-03,2.942156949594291679e-02,1.116569485358494956e-02,2.548268146904701659e-02,1.367120216936758455e-02,3.494331475296059281e-02,1.172296297098735472e-02,1.399002014810023058e-02,7.514784739702287317e-03,5.080537623727682771e-03,9.078517559439851572e-03,1.212417536671935893e-02,1.647282223701314677e-02,1.473055717978771079e-02,3.934711649130226419e-02,3.895672726518272649e-02,8.616027356924016445e-03,1.879748701715122997e-02,7.502440835515369888e-02,2.991831992207072410e-02,3.122958004707212382e-02,2.371736484217362717e-02,2.515038550467784025e-03,1.782076224250180030e-02
2.076945782723758557e-02,4.160509897037668187e-02,2.632531384692909926e-02,2.011095430868106021e-02,0.000000000000000000e+00,9.049599536945759914e-02,1.164240208907813962e-01,2.197366899634905710e-02,1.103889051615395966e-01,6.619301815476345829e-02,9.598682610180361841e-02,5.149728422460607413e-02,1.467229962229520124e-01,4.483422032702555349e-02,3.975880339553095055e-02,2.846737097471302436e-02,2.396112181478755529e-02,4.704879636237897789e-02,4.367695495520807630e-02,7.615035400712445723e-02,4.639642188744232815e-02,1.562832578872705713e-01,1.267010928659102753e-01,3.369922400445388849e-02,1.014984219661888010e-01,2.574891415100470371e-01,1.254002494981834304e-01,2.027788964585988674e-01,1.040492070630882476e-01,2.419277036531719202e-02,8.873070896497230187e-02,4.555213073432429205e-02,2.739507836176971814e-02,5.716957019689701547e-02,3.156303160260464508e-02,4.828467369551110722e-02,2.158136954511117103e-02,9.855169187581794277e-03,4.071602390135978938e-02,2.094304759681564140e-02,3.628207813915768076e-02,2.660386992077959020e-02,3.427384559156494009e-02,1.411658685363621941e-02,7.445899541472676339e-03,2.473014909316876078e-02,3.787853403022861665e-02,6.403706797285611818e-02,2.531412465964970326e-02,7.150847363351890695e-02,8.623644898074969700e-02,1.010305145693320278e-01,3.246686086042938069e-02,1.291927811380254587e-01,5.243183076208292326e-02,1.128218574615180575e-01,6.125916185028396771e-02,1.543592446534798324e-01,5.234362841708754127e-02,5.913816469459100278e-02,3.353783831237837354e-02,2.281250949925735932e-02,4.043856833721868466e-02,5.443761836878434346e-02,7.447071955618096706e-02,6.343781559212777199e-02,1.721958935310001493e-01,1.686882918195780345e-01,3.806159297202783148e-02,8.527291616421737996e-02,3.281194283484965557e-01,1.330152251123487284e-01,1.435598705453481061e-01,1.070123349816710645e-01,1.292145619720783470e-02,7.972413748030969527e-02
2.169173261634015082e-02,4.276086070669747607e-02,2.743853652829320727e-02,2.039179625815968830e-02,9.049599536945759914e-02,0.000000000000000000e+00,1.196194873520418367e-01,2.274790547372696620e-02,1.169816934317014501e-01,6.591818238847109435e-02,9.934565823613596136e-02,5.234876960563333154e-02,1.519336892501749747e-01,4.626255299248718117e-02,4.186863991194043899e-02,3.049824808161530343e-02,2.480983808014745537e-02,5.097627900995246181e-02,4.669089765083251492e-02,7.748367655147743449e-02,4.746942184139656129e-02,1.646338329113406773e-01,1.347467426559731951e-01,3.601064418249975974e-02,1.081194047649796097e-01,2.750194164854576351e-01,1.298096845635248742e-01,2.126669477807695552e-01,1.109136891755235360e-01,2.479433467087490892e-02,9.402810065012022489e-02,4.777440194633077869e-02,2.938910032864336039e-02,5.950499762489407096e-02,3.272078707186117097e-02,4.892948897554042637e-02,2.229420930958559213e-02,1.125913417349505910e-02,4.222245199537748989e-02,2.295496433025737484e-02,3.803798690451134362e-02,2.707823228126668078e-02,3.486854931110025535e-02,1.432900805567300685e-02,8.203777095536782249e-03,2.644012276238950215e-02,3.920173169913523936e-02,6.629803623393706880e-02,2.599934403509544106e-02,7.374800857519571429e-02,9.179545732165710070e-02,1.041413790093340813e-01,3.352702657266311281e-02,1.361012030757086932e-01,5.233635364773021881e-02,1.154477985576781718e-01,6.140621637417657819e-02,1.612151035381388930e-01,5.305046911488317529e-02,6.105160818582541782e-02,3.531364601694952920e-02,2.338255655825829601e-02,4.373322147492888362e-02,5.604161787855325982e-02,7.774518877517397342e-02,6.469194550434714808e-02,1.813579641600940873e-01,1.775824763490715108e-01,3.946684298570021787e-02,9.013542598948839912e-02,3.469323837607692917e-01,1.391847045474321476e-01,1.534113678947780224e-01,1.140390956512209453e-01,1.362616557646834092e-02,8.368269178500702121e-02
2.690624051985453236e-02,5.416550776667732048e-02,3.431243970608541249e-02,2.615237165877835890e-02,1.164240208907813962e-01,1.196194873520418367e-01,0.000000000000000000e+00,2.882257048408562450e-02,1.462771098792857716e-01,8.520789408806113407e-02,1.259723988856598087e-01,6.710643643546922166e-02,1.914777114157186766e-01,5.871053041858647487e-02,5.238415596145137160e-02,3.763754767036206483e-02,3.122774386076273764e-02,6.250766072497909720e-02,5.781971910031265260e-02,9.922363076230475420e-02,6.083892723437996086e-02,2.059326168476698360e-01,1.668098460911567327e-01,4.419685703852985204e-02,1.335774196221140853e-01,3.396416964392938720e-01,1.640919595835268752e-01,2.662865355493335695e-01,1.366907637947279985e-01,3.120528401959894726e-02,1.159550501196191796e-01,6.001476364647575362e-02,3.599859937107624530e-02,7.501825810854423349e-02,4.126115742661493752e-02,6.290129926742252242e-02,2.833584066360910619e-02,1.325365966763079363e-02,5.387751734266364723e-02,2.772937587457253300e-02,4.780190451221389553e-02,3.475930949496791600e-02,4.456596228172435281e-02,1.847057072461701435e-02,9.952394902231386647e-03,3.240037552174560714e-02,4.923996797912588014e-02,8.347569852371317101e-02,3.323154755062730781e-02,9.255325443651876705e-02,1.132792341772772826e-01,1.317138532310776211e-01,4.270241593010288411e-02,1.691489201860049141e-01,6.779563817669338743e-02,1.458642536871019024e-01,7.953148125779499478e-02,2.027532558242003957e-01,6.789759828791228080e-02,7.747158709209897576e-02,4.409303807638188799e-02,2.971729621524782372e-02,5.342505265633499395e-02,7.049771577164988534e-02,9.803871418175064134e-02,8.266116583938246110e-02,2.276493455996190240e-01,2.220047609194390759e-01,4.967072122774680160e-02,1.114131002415225113e-01,4.307089555196803587e-01,1.747817658906474225e-01,1.889946950692518723e-01,1.401250211665169554e-01,1.641438681772865865e-02,1.039238371181601533e-01
5.194653255235488591e-03,1.059222378057603914e-02,6.658464576927842528e-03,5.063352281072882981e-03,2.197366899634905710e-02,2.274790547372696620e-02,2.882257048408562450e-02,0.000000000000000000e+00,2.773925184704077035e-02,1.611517902575725428e-02,2.386953072562758918e-02,1.318848563724008514e-02,3.675789744704575923e-02,1.106532647904985567e-02,1.074985518077487164e-02,7.138945381659661180e-03,5.951072053658789177e-03,1.213158416636985967e-02,1.107814648992326220e-02,1.919661352960136402e-02,1.214672411834522535e-02,3.980273745409181052e-02,3.249934148377946197e-02,9.039736393099913336e-03,2.577420423387999024e-02,6.584508983307335583e-02,3.102600128558383186e-02,5.077899340470515277e-02,2.720376332151150031e-02,6.230382627334162503e-03,2.312247466599525597e-02,1.121221001703751746e-02,6.975261421957599899e-03,1.458484469841047487e-02,7.777180977473857788e-03,1.169231161172366168e-02,5.248625045219494634e-03,2.739064481304871648e-03,1.009495085290747912e-02,5.480722257009192945e-03,9.181927795815175361e-03,6.662360331380672886e-03,8.345841306541479376e-03,3.474731535411224037e-03,1.960298576749570053e-03,6.376011742891054233e-03,9.568116727509401453e-03,1.537761850248286002e-02,6.245516490591929495e-03,1.749686247912777062e-02,2.168597446699497416e-02,2.511164987795388992e-02,8.396659545217767529e-03,3.210469012985382037e-02,1.332962939509019749e-02,2.766901554427872445e-02,1.641917907337641508e-02,3.830010927138031984e-02,1.275833789660667413e-02,1.554783321516251329e-02,8.759003326404599110e-03,5.739438646979912705e-03,1.080809437875467939e-02,1.358043112781292042e-02,1.910761177849406786e-02,1.653087003197990096e-02,4.371211489664341560e-02,4.323724708624454571e-02,9.721737868943940500e-03,2.208273376679009345e-02,8.462277675366872143e-02,3.344107390862474660e-02,3.694967241493760796e-02,2.754632129772794855e-02,3.510489636983715224e-03,2.121216736985550785e-02
2.604209076410732987e-02,5.203814263928112360e-02,3.309021853862662010e-02,2.483445074045488241e-02,1.103889051615395966e-01,1.169816934317014501e-01,1.462771098792857716e-01,2.773925184704077035e-02,0.000000000000000000e+00,8.059898103968886340e-02,1.218516551315672880e-01,6.365222825091328140e-02,1.851144161413255662e-01,5.632023897062075901e-02,5.157056228286446831e-02,3.726102663056121700e-02,3.064616632095434889e-02,6.193032573434316401e-02,5.717335953745984745e-02,9.567619573793637033e-02,5.760662040918125559e-02,2.025466906039121162e-01,1.645034860233492435e-01,4.332555892153638205e-02,1.308478802022247922e-01,3.360783701773423782e-01,1.598987154849278447e-01,2.606274063136860830e-01,1.356935657157597175e-01,3.031714016758069868e-02,1.148743708398752839e-01,5.846638903364969470e-02,3.597262830299675918e-02,7.315513046807864406e-02,3.964423661035587632e-02,5.979868031345372120e-02,2.731093774886280898e-02,1.381837966466981787e-02,5.214927355960535804e-02,2.782569373121477133e-02,4.662567892784352103e-02,3.315431055137185723e-02,4.224234033422902268e-02,1.748085625806677576e-02,1.008261230088352937e-02,3.144729472563806416e-02,4.770780303579308379e-02,8.083014902352769759e-02,3.183492111061896751e-02,8.903813405564156569e-02,1.111607998714765483e-01,1.261575388855453450e-01,4.049097526927851465e-02,1.657862077702864645e-01,6.338150287494072332e-02,1.402031251755590791e-01,7.502740334489968466e-02,1.976773578168513068e-01,6.433672933029743746e-02,7.478510585910511099e-02,4.316610282633204926e-02,2.858041501599908885e-02,5.364034123457549902e-02,6.885555005934287931e-02,9.514588481760553884e-02,7.830963467109439136e-02,2.228886479412022781e-01,2.170147672218366020e-01,4.800606680553254346e-02,1.090405228409556532e-01,4.232345594134669930e-01,1.697183139051874345e-01,1.876514487922499863e-01,1.386904240095798435e-01,1.629541391695320945e-02,1.011543640569878971e-01
1.529099570096235233e-02,3.006315577915194548e-02,1.834856537131146492e-02,1.447964188017055766e-02,6.619301815476345829e-02,6.591818238847109435e-02,8.520789408806113407e-02,1.611517902575725428e-02,8.059898103968886340e-02,0.000000000000000000e+00,7.035596808054093987e-02,3.797624856260944232e-02,1.057973574493891455e-01,3.336173878130192089e-02,2.934085883841892547e-02,2.147031909607981237e-02,1.782653704170062553e-02,3.492639070866149914e-02,3.129295071200753620e-02,5.537243170926134384e-02,3.364659230779380034e-02,1.164848304861746953e-01,9.297499756123880910e-02,2.494656535204990699e-02,7.472947811206666346e-02,1.925736449283494134e-01,9.048728899134320103e-02,1.503373542499513715e-01,7.559454733934412030e-02,1.750769527592197991e-02,6.486002330811004024e-02,3.362591949042567641e-02,2.048497796264653337e-02,4.233793239331967717e-02,2.320027685569506226e-02,3.605365346667090826e-02,1.591056581481185145e-02,7.389708400972734223e-03,2.985247644595402650e-02,1.578365434757317276e-02,2.676661175275985363e-02,1.932313111515738743e-02,2.518494579373166745e-02,1.000603667722686774e-02,5.716895493576864759e-03,1.810382594187794417e-02,2.741792467298344999e-02,4.604822248549782227e-02,1.828750078319824404e-02,5.253354821242198214e-02,6.166434298044227991e-02,7.286488497973114820e-02,2.317845388569227116e-02,9.442154972430806537e-02,3.813400425747613676e-02,8.159080144013824976e-02,4.386713133837522038e-02,1.135199632677177939e-01,3.854427048256438976e-02,4.204468428998364010e-02,2.450881196316830393e-02,1.695219976163239370e-02,2.983684696318412294e-02,3.937577475698283286e-02,5.345795074522770307e-02,4.542185795901195616e-02,1.281582634557573985e-01,1.223350969642590103e-01,2.746327314601783309e-02,6.222622870791161276e-02,2.422829713124843298e-01,9.597215216635920920e-02,1.066220817031696966e-01,7.802682510431281637e-02,9.625731182067089053e-03,5.803768666690189981e-02
2.275352206591943482e-02,4.570871748701933052e-02,2.878346750204146404e-02,2.179972666320366056e-02,9.598682610180361841e-02,9.934565823613596136e-02,1.259723988856598087e-01,2.386953072562758918e-02,1.218516551315672880e-01,7.035596808054093987e-02,0.000000000000000000e+00,5.532561619735341940e-02,1.589359259988064876e-01,4.887352230676882819e-02,4.425142587189696136e-02,3.183168989271645960e-02,2.617705577034231193e-02,5.228635181656255543e-02,4.930362066694043977e-02,8.304575689067096589e-02,5.098992594820974528e-02,1.704632950822785598e-01,1.391423765747303309e-01,3.722472185255422394e-02,1.121267941856675388e-01,2.860552644488111862e-01,1.370978782402047791e-01,2.209423962991873269e-01,1.153020231694847908e-01,2.708193691572891720e-02,9.868501683918866341e-02,4.916067237505485771e-02,2.999857335516346868e-02,6.229715390272456965e-02,3.379923401363647828e-02,5.194328164195514963e-02,2.333588101591471328e-02,1.137108057734081967e-02,4.355549769136891208e-02,2.311304515209038415e-02,3.980420905389694258e-02,2.854741565872236791e-02,3.688553355345267765e-02,1.518199244686690118e-02,8.206264196311659209e-03,2.659266986344326761e-02,4.173112523616897412e-02,7.089713206499623221e-02,2.741680670863325467e-02,7.782429323408066035e-02,9.426878062496840682e-02,1.088479539321225847e-01,3.505502417799398474e-02,1.407942482488019342e-01,5.624901784046350273e-02,1.234893393184325477e-01,6.629920232756118803e-02,1.707122165851256423e-01,5.685585526759177194e-02,6.503789474829091422e-02,3.706041133984538244e-02,2.484925134294100821e-02,4.486693977430174229e-02,6.017440045812099542e-02,8.231940730259793004e-02,6.910573585861659596e-02,1.886994080670097995e-01,1.859774134802529844e-01,4.095043731336239778e-02,9.412189701170896317e-02,3.622268957234656139e-01,1.457887870046041257e-01,1.616540764047331158e-01,1.185552474688115754e-01,1.455805387958501035e-02,8.803643303932534581e-02
1.295035386882485706e-02,2.389625795273983208e-02,1.491329582279614374e-02,1.148444387842107242e-02,5.149728422460607413e-02,5.234876960563333154e-02,6.710643643546922166e-02,1.318848563724008514e-02,6.365222825091328140e-02,3.797624856260944232e-02,5.532561619735341940e-02,0.000000000000000000e+00,8.404599903068807332e-02,2.591634688157598565e-02,2.438724181362550772e-02,1.688106483610863490e-02,1.403868570439779223e-02,2.789516530900888747e-02,2.529801894801276402e-02,4.374714600208157861e-02,2.742482774590012176e-02,9.149497461166528067e-02,7.474915756662917077e-02,2.066468746481232854e-02,5.882286154912763632e-02,1.538783017608977843e-01,7.066014752748546457e-02,1.171958453500801522e-01,6.083724785023460202e-02,1.394726865833520110e-02,5.211961789502566472e-02,2.667340215401127826e-02,1.636443751062224491e-02,3.392733828580801053e-02,1.839317287030635753e-02,2.775805203848751707e-02,1.234696542851964653e-02,6.040827096216400648e-03,2.378369789021692049e-02,1.264153342672604333e-02,2.158574206566112388e-02,1.546109558763455148e-02,1.958583471647718649e-02,7.896408970105853881e-03,4.575642652661035883e-03,1.515010316234392460e-02,2.156714878525794327e-02,3.606051900479790434e-02,1.443872353342251502e-02,4.104591062548834657e-02,4.946117384680888407e-02,5.771638331451420245e-02,1.910495023470736367e-02,7.469570438032513415e-02,2.996134199142684584e-02,6.411655649326783446e-02,3.582338436829972383e-02,8.951488075575235459e-02,3.008837257028394024e-02,3.458987882368727562e-02,1.928068303361104088e-02,1.333041311709835808e-02,2.377209062466121431e-02,3.094745623984189453e-02,4.195530297801149111e-02,3.720827923925916492e-02,1.003411174231429726e-01,9.824480683753381016e-02,2.261203586406131810e-02,4.911451635705898350e-02,1.944479637779136239e-01,7.612289213411295441e-02,8.328330342244874562e-02,6.161725908603629676e-02,7.898098442891051188e-03,4.742214902776484275e-02
3.405619484283803344e-02,6.818986313396732668e-02,4.247807096439992075e-02,3.315080499546869258e-02,1.467229962229520124e-01,1.519336892501749747e-01,1.914777114157186766e-01,3.675789744704575923e-02,1.851144161413255662e-01,1.057973574493891455e-01,1.589359259988064876e-01,8.404599903068807332e-02,0.000000000000000000e+00,7.390301776275795542e-02,6.774426758699196582e-02,4.753290688015184007e-02,3.957568716000032377e-02,7.974742728473893649e-02,7.294524072869931763e-02,1.244804628307387140e-01,7.767218547098944659e-02,2.621419592970773982e-01,2.127325231849236109e-01,5.605059477655478795e-02,1.700684348229145049e-01,4.337777905172876536e-01,2.061366760944861043e-01,3.370342119956544757e-01,1.734709309847451142e-01,3.887063607799533943e-02,1.486115517109277417e-01,7.652396928212223948e-02,4.646713568931373772e-02,9.606313271609290272e-02,5.223194725926650489e-02,7.899394891118330375e-02,3.581931924945465362e-02,1.717807123363298411e-02,6.865965748222094267e-02,3.589737160519999165e-02,6.121234555825758039e-02,4.418397838607379668e-02,5.562837069092217701e-02,2.331405597000049679e-02,1.296568560766637491e-02,4.195392923298547905e-02,6.183343508552709145e-02,1.051171199735382450e-01,4.188204756348022639e-02,1.167983325492878144e-01,1.435672416631537385e-01,1.655347739156088627e-01,5.489640161329707030e-02,2.155978161103378199e-01,8.339420197266328438e-02,1.840133503507138946e-01,1.005054604907480303e-01,2.576699998261533509e-01,8.481283586487417536e-02,1.006784686857005728e-01,5.570655672291385807e-02,3.719219407529238131e-02,6.918313608216843102e-02,8.830047426548416623e-02,1.225585426336049666e-01,1.062655417920819467e-01,2.907556219004163722e-01,2.849178499555344857e-01,6.372436355348500003e-02,1.413614596812595714e-01,5.540395002757479981e-01,2.200680031097188016e-01,2.386348391209162090e-01,1.775908348611653642e-01,1.997250567263891136e-02,1.327205050589888580e-01
1.027936018387276898e-02,2.081981083247742489e-02,1.313433244980917111e-02,9.982508351758612869e-03,4.483422032702555349e-02,4.626255299248718117e-02,5.871053041858647487e-02,1.106532647904985567e-02,5.632023897062075901e-02,3.336173878130192089e-02,4.887352230676882819e-02,2.591634688157598565e-02,7.390301776275795542e-02,0.000000000000000000e+00,2.045486512006785759e-02,1.459254985416440914e-02,1.205116161769579676e-02,2.376731093029125358e-02,2.199838880301938082e-02,3.774885187009962423e-02,2.345995374082553847e-02,7.904603397395348896e-02,6.402173475193072283e-02,1.675732236473595135e-02,5.112255217682393216e-02,1.304054145666971865e-01,6.364373460901474877e-02,1.023146292005117919e-01,5.287546146209602671e-02,1.232753333440430622e-02,4.502190455177983164e-02,2.305905604999515177e-02,1.389202510228114071e-02,2.879828768102260517e-02,1.587143662567672142e-02,2.411696235168317784e-02,1.090623376365060238e-02,5.115755207624124966e-03,2.080175081010909519e-02,1.057482699153584720e-02,1.820110948014565938e-02,1.341525958287127437e-02,1.742425966506452525e-02,7.150175290581874468e-03,3.682173636922167308e-03,1.221681931936463225e-02,1.928558504912477461e-02,3.242839179902673452e-02,1.268027485819493705e-02,3.633177785360666712e-02,4.352042247645663414e-02,5.082992259717881989e-02,1.620150060967011363e-02,6.573983096904686962e-02,2.640825182501750634e-02,5.744612475338191360e-02,3.053489155551113166e-02,7.909460249252427133e-02,2.648537003093052317e-02,3.021577754086773523e-02,1.717820057409850942e-02,1.153572523618495195e-02,2.075177910483995067e-02,2.770865793515678993e-02,3.734447170361567675e-02,3.168417029216936964e-02,8.730317878058442560e-02,8.527733863085616706e-02,1.883313009280367795e-02,4.358385441122112486e-02,1.660761818255039879e-01,6.695945481609139049e-02,7.390883954116105048e-02,5.423013287156604190e-02,6.495357851312485997e-03,4.053577371215680986e-02
1.014402492239122565e-02,1.970263596682443608e-02,1.273142712132717229e-02,9.139095352479963477e-03,3.975880339553095055e-02,4.186863991194043899e-02,5.238415596145137160e-02,1.074985518077487164e-02,5.157056228286446831e-02,2.934085883841892547e-02,4.425142587189696136e-02,2.438724181362550772e-02,6.774426758699196582e-02,2.045486512006785759e-02,0.000000000000000000e+00,1.344135933566573127e-02,1.096594927241573494e-02,2.197531456914003645e-02,2.103560522106185174e-02,3.545454669295888817e-02,2.297505115741609732e-02,7.314358371780153856e-02,6.174445343656569107e-02,1.753594404614838495e-02,4.843437304138229621e-02,1.236341603089322200e-01,5.876755921904745078e-02,9.369700815980530617e-02,5.161149002758267518e-02,1.180493901689019104e-02,4.403657071229349212e-02,2.143381488839388171e-02,1.308335437211068271e-02,2.667898180044249792e-02,1.436160992684990673e-02,2.161354495789034880e-02,9.724414719332269766e-03,5.404026669658297706e-03,1.947733601817779048e-02,1.064622095539164044e-02,1.706935965032880739e-02,1.220240329237012866e-02,1.514063645961430914e-02,6.122445061082501701e-03,3.877385770584862966e-03,1.195595511793389951e-02,1.817517248994656581e-02,2.840821975300802590e-02,1.131489453161698550e-02,3.304520416378359943e-02,4.061066001107069973e-02,4.669343907787634751e-02,1.567604720223159803e-02,6.018428530972395885e-02,2.483064351509426532e-02,5.210890622530757466e-02,3.070323286538659616e-02,7.122567468438040228e-02,2.328703015300633353e-02,2.874244653727660997e-02,1.653377939435984878e-02,1.056164423734875200e-02,2.025530102050783141e-02,2.503503854365455444e-02,3.554117002090274868e-02,3.074835136338662997e-02,7.995060554439313572e-02,8.117358378273287212e-02,1.821604479847450594e-02,4.246893419060928515e-02,1.578477571244081556e-01,6.272060934522212527e-02,7.107008687018587234e-02,5.207567110247168091e-02,7.316905728166204700e-03,4.041402720940064780e-02
6.657812525492582539e-03,1.338172131252291647e-02,8.270659022340885735e-03,6.155390066464315989e-03,2.846737097471302436e-02,3.049824808161530343e-02,3.763754767036206483e-02,7.138945381659661180e-03,3.726102663056121700e-02,2.147031909607981237e-02,3.183168989271645960e-02,1.688106483610863490e-02,4.753290688015184007e-02,1.459254985416440914e-02,1.344135933566573127e-02,0.000000000000000000e+00,8.080471880460559156e-03,1.597926865482864056e-02,1.454219095415915444e-02,2.461547375881678601e-02,1.494660180606822639e-02,5.218238920977123080e-02,4.240445663552933064e-02,1.133706937966852402e-02,3.384353166771451177e-02,8.789970916907065279e-02,4.133984283304890234e-02,6.781544249837057059e-02,3.517790784526921011e-02,7.896808290608198916e-03,2.943172079154317278e-02,1.507117877886766759e-02,9.398127174143100157e-03,1.862174943570145055e-02,1.020590810261305312e-02,1.574074733867124321e-02,7.105638753634889795e-03,3.686574925242076285e-03,1.375527870534791301e-02,7.235591170433124629e-03,1.207199839138740037e-02,8.511613865379581700e-03,1.125605786128680737e-02,4.482481048049285870e-03,2.694670791313429417e-03,7.940618598719299814e-03,1.238448435123764256e-02,2.048473380072857869e-02,8.030221869519084052e-03,2.327114904019624009e-02,2.849438475774638407e-02,3.260391662280937713e-02,1.027363146497901891e-02,4.302765087189031057e-02,1.679476944101638766e-02,3.676211625823827545e-02,1.919315084461018645e-02,5.182315487487892253e-02,1.685664627971644736e-02,1.898153784056750421e-02,1.104403830769006001e-02,7.443852472449942817e-03,1.382753956629149440e-02,1.781293287569192876e-02,2.422273626418293066e-02,1.988249273822298088e-02,5.778755336368273515e-02,5.542673649456542756e-02,1.219976373187095509e-02,2.886286927464287028e-02,1.105065022485866855e-01,4.359529055863345381e-02,4.960966164091516750e-02,3.598948956710142089e-02,4.215602104146724816e-03,2.628082510552554041e-02
5.868020649306895410e-03,1.099004831955256029e-02,7.042092084864788604e-03,5.379431162396775337e-03,2.396112181478755529e-02,2.480983808014745537e-02,3.122774386076273764e-02,5.951072053658789177e-03,3.064616632095434889e-02,1.782653704170062553e-02,2.617705577034231193e-02,1.403868570439779223e-02,3.957568716000032377e-02,1.205116161769579676e-02,1.096594927241573494e-02,8.080471880460559156e-03,0.000000000000000000e+00,1.321981760796466822e-02,1.217215930836059064e-02,2.073168782271958208e-02,1.244751278732692847e-02,4.334199560989607236e-02,3.477932834294192310e-02,9.534199144385234817e-03,2.806811830497233512e-02,7.204070586872264592e-02,3.381477813869541993e-02,5.583778887593218027e-02,2.873346479263237663e-02,6.570530302414483853e-03,2.447893037744936981e-02,1.258424523757223530e-02,7.696750915188978887e-03,1.579570589436607095e-02,8.576054910713200655e-03,1.296244546362049395e-02,5.908105019801854034e-03,2.922538496021424154e-03,1.110662990195380659e-02,6.004601172122823842e-03,1.023615063102849103e-02,7.209042944421244908e-03,9.204851105496424102e-03,3.689490845880250957e-03,2.235515362534169336e-03,6.897996276078837731e-03,1.031145028144086866e-02,1.733253377852638291e-02,6.762612196394303041e-03,1.913940045830569633e-02,2.327903207383211909e-02,2.709196637688510156e-02,8.573960530859073975e-03,3.518761135887345237e-02,1.405358639007556198e-02,3.007155022284635146e-02,1.640456599128746126e-02,4.245398823548294370e-02,1.396017850884525603e-02,1.559160921590926896e-02,9.075800858594813489e-03,6.268195988057864536e-03,1.120391027938191786e-02,1.478140712741201832e-02,2.018591335533573977e-02,1.674778604862049713e-02,4.744228091417471149e-02,4.563951447463180516e-02,1.039917584127251181e-02,2.342699229379274772e-02,9.080591642774075989e-02,3.608520809234967708e-02,4.002031593002550180e-02,2.974682384819948844e-02,3.653812089167434059e-03,2.197966618953687418e-02
1.132056703683076253e-02,2.235470447859860127e-02,1.415557777159182073e-02,1.053228172480047235e-02,4.704879636237897789e-02,5.097627900995246181e-02,6.250766072497909720e-02,1.213158416636985967e-02,6.193032573434316401e-02,3.492639070866149914e-02,5.228635181656255543e-02,2.789516530900888747e-02,7.974742728473893649e-02,2.376731093029125358e-02,2.197531456914003645e-02,1.597926865482864056e-02,1.321981760796466822e-02,0.000000000000000000e+00,2.444684064683864608e-02,4.093870995201086271e-02,2.491866515062687165e-02,8.647364956636871547e-02,7.053265217544424370e-02,1.905371541422478526e-02,5.607942709840794959e-02,1.445899927048565903e-01,6.839045466338111723e-02,1.112149852560161689e-01,5.824161380424096313e-02,1.304845321596167368e-02,4.913207757407224430e-02,2.521868160288594923e-02,1.550671167308189345e-02,3.117417836970290401e-02,1.692611962005198881e-02,2.590149929542279184e-02,1.181217100901823906e-02,5.929883625801856024e-03,2.274576583069123220e-02,1.186926729912955031e-02,2.001584687932014134e-02,1.429429745937937576e-02,1.836000148081428501e-02,7.572527401607901353e-03,4.427038353384978725e-03,1.351199804736549943e-02,2.055810634779649260e-02,3.457292248128357448e-02,1.362925014521853759e-02,3.813218252254940016e-02,4.796627120823142298e-02,5.451509304723373139e-02,1.761696332428969863e-02,7.094460936874237567e-02,2.778130643379558146e-02,6.005355352194755025e-02,3.267372190790618358e-02,8.459755621489850608e-02,2.762408421542773482e-02,3.146955327239025352e-02,1.841198606756534392e-02,1.240877345012561701e-02,2.272348969782563358e-02,2.899448434216220227e-02,4.004408335676143404e-02,3.355047524499098210e-02,9.475463590933892732e-02,9.231902366026130402e-02,2.061356334713489169e-02,4.748049589024168349e-02,1.822175452779618010e-01,7.270076269734521146e-02,7.993617245859196974e-02,5.964624522882838731e-02,7.052327445504285100e-03,4.419748727930800786e-02
1.030904794923982216e-02,2.018292907525191804e-02,1.349676243100447412e-02,9.694124258092124205e-03,4.367695495520807630e-02,4.669089765083251492e-02,5.781971910031265260e-02,1.107814648992326220e-02,5.717335953745984745e-02,3.129295071200753620e-02,4.930362066694043977e-02,2.529801894801276402e-02,7.294524072869931763e-02,2.199838880301938082e-02,2.103560522106185174e-02,1.454219095415915444e-02,1.217215930836059064e-02,2.444684064683864608e-02,0.000000000000000000e+00,3.735487704717712493e-02,2.297862959106716091e-02,7.949644995749549636e-02,6.617123572627567341e-02,1.727701188373553798e-02,5.147551128155077732e-02,1.349084897106728742e-01,6.382708245641631473e-02,1.021966563358936431e-01,5.418711185854598739e-02,1.203648880695409006e-02,4.624169879357305918e-02,2.361118242485307772e-02,1.446772052139096328e-02,2.897499754994562263e-02,1.557151761563542458e-02,2.348043873128732861e-02,1.088235568330456031e-02,5.623870944159949439e-03,2.114734185490418222e-02,1.097644496888970471e-02,1.846267436693974778e-02,1.302832526551784241e-02,1.657866338117150798e-02,6.983368172827966562e-03,4.083580313833141615e-03,1.216339795129167678e-02,1.890458671053458703e-02,3.287084649252263596e-02,1.258315769318264950e-02,3.573063314415590025e-02,4.449222901404262936e-02,5.035581077921804510e-02,1.608656610166310508e-02,6.697333474112843188e-02,2.488819094984584535e-02,5.702598455514142073e-02,3.010697068097229617e-02,7.933223309789801114e-02,2.522742605846904282e-02,3.007851686981750233e-02,1.702227585046263425e-02,1.122111196089538472e-02,2.152864467630703771e-02,2.766488235889520697e-02,3.709247043632515201e-02,3.104242879073683403e-02,8.850440939566621423e-02,8.699919071579181873e-02,1.901172475877066503e-02,4.324365321485251767e-02,1.697140022766328027e-01,6.743230539421553316e-02,7.446723086429221650e-02,5.497107792761697642e-02,6.435313224810100888e-03,4.015721324450613472e-02
1.713922102119457697e-02,3.437779269802939547e-02,2.108283352265541075e-02,1.655734060294622445e-02,7.615035400712445723e-02,7.748367655147743449e-02,9.922363076230475420e-02,1.919661352960136402e-02,9.567619573793637033e-02,5.537243170926134384e-02,8.304575689067096589e-02,4.374714600208157861e-02,1.244804628307387140e-01,3.774885187009962423e-02,3.545454669295888817e-02,2.461547375881678601e-02,2.073168782271958208e-02,4.093870995201086271e-02,3.735487704717712493e-02,0.000000000000000000e+00,3.990903836756810180e-02,1.342130808475237580e-01,1.102376651635160326e-01,2.839139295799911200e-02,8.667175394169245040e-02,2.281866369362749447e-01,1.044443423644496605e-01,1.755313831570561589e-01,8.743406160592498422e-02,1.946644719123706568e-02,7.718086602441003030e-02,4.054393248589990839e-02,2.431963590324891233e-02,4.980209880975827730e-02,2.722774716273262952e-02,4.038184325791869395e-02,1.877522449716621800e-02,8.841534955249792313e-03,3.589520965260058205e-02,1.843422442355937066e-02,3.095792452627358499e-02,2.227809203526423878e-02,2.835602651662386120e-02,1.171075535686232939e-02,6.712986965814841944e-03,2.083271473309288718e-02,3.132340462904433659e-02,5.398455738114112112e-02,2.136258990011686079e-02,6.092627497077349186e-02,7.380320048745354911e-02,8.475681142899024745e-02,2.805827786149341432e-02,1.123041534559659493e-01,4.241032442666210767e-02,9.572491308658959142e-02,5.112236584513690785e-02,1.337390194361202378e-01,4.371176256850669434e-02,5.130981211629991739e-02,2.830906136851205068e-02,1.914131949971071417e-02,3.583269670053702838e-02,4.537927687425959145e-02,6.092330734339847231e-02,5.415926424615064017e-02,1.503819553287897015e-01,1.464058956048970850e-01,3.193671308396854591e-02,7.267989692902082632e-02,2.884373993332507435e-01,1.119999726065475931e-01,1.223987000263274116e-01,9.067710659988062472e-02,9.884319481868474727e-03,6.754596648008179272e-02
1.119738573484601457e-02,2.208288262719766346e-02,1.373559162260839031e-02,1.042341314337049026e-02,4.639642188744232815e-02,4.746942184139656129e-02,6.083892723437996086e-02,1.214672411834522535e-02,5.760662040918125559e-02,3.364659230779380034e-02,5.098992594820974528e-02,2.742482774590012176e-02,7.767218547098944659e-02,2.345995374082553847e-02,2.297505115741609732e-02,1.494660180606822639e-02,1.244751278732692847e-02,2.491866515062687165e-02,2.297862959106716091e-02,3.990903836756810180e-02,0.000000000000000000e+00,8.314404019730474438e-02,6.875976470841907440e-02,1.903970332467782786e-02,5.447607967303453452e-02,1.400310596471747993e-01,6.526951815987937222e-02,1.065289945051244996e-01,5.561531325577781515e-02,1.274886161394243704e-02,4.874380227494576334e-02,2.392421590350469682e-02,1.465850335152070645e-02,3.073057487711093605e-02,1.671505388798625452e-02,2.474505663106111447e-02,1.114447706717848659e-02,5.612861442798618324e-03,2.135223459895960532e-02,1.140900544687120134e-02,1.899596769790950698e-02,1.397791267431507459e-02,1.718086083688477247e-02,7.095000214753640830e-03,4.071299255567267447e-03,1.359171781909297369e-02,1.991182663146984569e-02,3.279129499579651330e-02,1.320035289631487849e-02,3.749772212847757996e-02,4.543072763769388095e-02,5.199071013171377431e-02,1.800933215030016410e-02,6.781935068673279610e-02,2.739208667651949619e-02,5.879866519135433511e-02,3.440945708577597406e-02,8.086347338803825946e-02,2.683101885604523285e-02,3.359321418324369424e-02,1.862125878479876928e-02,1.186315663592939565e-02,2.270902764754385503e-02,2.795210480113020923e-02,3.985988790562329520e-02,3.559818453826881640e-02,9.159468107333498810e-02,9.195660974292074741e-02,2.069090760837932058e-02,4.642215553410165146e-02,1.788318420736391967e-01,6.978142286198153743e-02,7.709519896169536590e-02,5.752784502992831089e-02,7.126218779138064965e-03,4.402017931786513655e-02
