0.000000000000000000e+00,1.360209427518428195e-02,8.131688849543201175e-03,4.845730375215478829e-03,1.722975359309408122e-02,2.791365493003630446e-02,2.671744917366093361e-02,4.637197258610900943e-03,3.112497063955097648e-02,1.550770368424261164e-02,2.331816404031929885e-02,1.430469299117050237e-02,4.156897087986494849e-02,8.267094789494543530e-03,1.137898467121196099e-02,9.597295805186263629e-03,5.635995283802804588e-03,1.299224682610628998e-02,1.168996792449755046e-02,2.431917271852251580e-02,1.047415487969137644e-02,4.974807917822283987e-02,3.240882362997320187e-02,1.149590579082415513e-02,3.091520284263193225e-02,6.634319509357108902e-02,3.622681684311001432e-02,5.002831355306139316e-02,3.757999629672112429e-02,9.067513105073150836e-03,2.793554391218681238e-02,1.391822763319183059e-02,8.830124613996497701e-03,1.394681023801034453e-02,5.568434982488779279e-03,9.572685943452128102e-03,4.540314120476810107e-03,3.582147216569296719e-03,1.251008380924210038e-02,7.573608842687334745e-03,9.610208512640952550e-03,6.823650376575886474e-03,1.009564108064529668e-02,3.034144997586544958e-03,3.082110864516979156e-03,7.781259123553286097e-03,1.168925973809085625e-02,1.528917219345695896e-02,5.347087166161518072e-03,1.838412867796282435e-02,2.676515481721456619e-02,2.724790602739669138e-02,6.237350262166930538e-03,3.916287059692642042e-02,1.595902470842844312e-02,2.759810625746189627e-02,1.825749314153253186e-02,4.109370397417330678e-02,1.211953854133453884e-02,1.264916236893700446e-02,1.183655942968941596e-02,6.074504680562428129e-03,1.315647915075618402e-02,1.496296377047768439e-02,2.691391603728077175e-02,1.248740253867638116e-02,4.700248645628789246e-02,3.938119619341317462e-02,1.023131792118093554e-02,2.773170951840877446e-02,7.337854703191372396e-02,3.536308190878655749e-02,5.751951566467281701e-02,3.366039583427300058e-02,8.992591504537229136e-03,2.415652582451617916e-02
1.360209427518428195e-02,0.000000000000000000e+00,2.332880491367591430e-02,1.455572014087555370e-02,5.126593784547734539e-02,8.190530642316470877e-02,8.004050497420585331e-02,1.308518110310073410e-02,9.297109250323773444e-02,4.657524745577773517e-02,6.818570256696593335e-02,4.158990515170435387e-02,1.248000062723197690e-01,2.454519856290368965e-02,3.083898265863425567e-02,2.922613140021840944e-02,1.670021913286573456e-02,3.941992065042368432e-02,3.326676862622619801e-02,7.408551461325316168e-02,2.905371658019204398e-02,1.468441848641797720e-01,8.989663417470519780e-02,3.228122119449025607e-02,9.063961793336194894e-02,1.890049502886879396e-01,1.065591138900050250e-01,1.486319159301062731e-01,1.106504055602281072e-01,2.695474561410147671e-02,8.187248959117997271e-02,3.966978752940153452e-02,2.614829805314547451e-02,4.113922096388811234e-02,1.616171431229489891e-02,2.855553886910428343e-02,1.371689423624302198e-02,1.032148324072626119e-02,3.489053017812730750e-02,2.118524431775125824e-02,2.793784718430971162e-02,1.921382296417564750e-02,3.101723757312508517e-02,9.639938482559593652e-03,8.285560893741626687e-03,2.187176385298530978e-02,3.467596957263338608e-02,4.529605888688855581e-02,1.632025816341248908e-02,5.416683338623997507e-02,7.810517088191984425e-02,8.255045042635787700e-02,1.893815418281502572e-02,1.153138402555235476e-01,4.790970012963390728e-02,8.136745507731005245e-02,5.320572107691819153e-02,1.216144069515436299e-01,3.722922676193017588e-02,3.558204814657156545e-02,3.505009789282470534e-02,1.862446153389404890e-02,3.794708147514835872e-02,4.477518732899972431e-02,7.882004302644274318e-02,3.599661674115052501e-02,1.369861843271570623e-01,1.123877038329565148e-01,2.887113593990787291e-02,8.207008729868196795e-02,2.087963395676809553e-01,1.034218413943716608e-01,1.685814465352676872e-01,9.997467521286212966e-02,2.720880893074964502e-02,7.054641171883802020e-02
8.131688849543201175e-03,2.332880491367591430e-02,0.000000000000000000e+00,8.253405010566835717e-03,2.947493132451739495e-02,4.774282976998008715e-02,4.605110985502006843e-02,7.519069868505050616e-03,5.397810931610867030e-02,2.673844183102287372e-02,3.936123152875302400e-02,2.423476778772174281e-02,7.106045030352681202e-02,1.422414063773042373e-02,1.857834845349165195e-02,1.647644885130648829e-02,9.671564717287509452e-03,2.210726878757940383e-02,1.973836329040222493e-02,4.258947902626300519e-02,1.689882637888369746e-02,8.553929097750584409e-02,5.308310727515774818e-02,1.882003606169055029e-02,5.189813871062132905e-02,1.102458359142071131e-01,6.209666406231263008e-02,8.515904371611697499e-02,6.457367849541342797e-02,1.576331057188464640e-02,4.757640000371816946e-02,2.264689290911648875e-02,1.503851045070677545e-02,2.375970410382132955e-02,9.347063449714686570e-03,1.648002336889449124e-02,7.820454979678674243e-03,6.069276306649504585e-03,2.008599287273205025e-02,1.247557496950104164e-02,1.630671782939163705e-02,1.126336369435344299e-02,1.768123765080117232e-02,5.301091235320962332e-03,5.026393601786842240e-03,1.284561651252126395e-02,1.981934643707948529e-02,2.639402961876015016e-02,9.175968800994221963e-03,3.093058543555133807e-02,4.560102458291061256e-02,4.676799683967941546e-02,1.079390137622373430e-02,6.731201777460037172e-02,2.710325058035365289e-02,4.687688254015694861e-02,3.059211179538382300e-02,6.950576969892412194e-02,2.107876096097658150e-02,2.094984288323739965e-02,1.976332576079293732e-02,1.058402655798441547e-02,2.192975694221414515e-02,2.631094400439566022e-02,4.607095837591260179e-02,2.088702130724339606e-02,7.970826896252493354e-02,6.605423217118541745e-02,1.683357342068551171e-02,4.694229290785339320e-02,1.211490036337312115e-01,6.051988464568087978e-02,9.701018167273550707e-02,5.826465540405847271e-02,1.586698595067745354e-02,4.100872487692047708e-02
4.845730375215478829e-03,1.455572014087555370e-02,8.253405010566835717e-03,0.000000000000000000e+00,1.839410098341691391e-02,2.977632457557542051e-02,2.850903172952614847e-02,4.647531206858297737e-03,3.347957705801415940e-02,1.619701927888541476e-02,2.446083801320309004e-02,1.508826760675175196e-02,4.491971349250999807e-02,8.488499089936362221e-03,1.105135475365834168e-02,1.013095934888043337e-02,5.656244378437988787e-03,1.381929546296156892e-02,1.173183424874125330e-02,2.599346740767319655e-02,1.028522954043343401e-02,5.234135477181469515e-02,3.248629990503361376e-02,1.180643782068821132e-02,3.286530255432329461e-02,6.863916669370406787e-02,3.856573371255293120e-02,5.269723056567413716e-02,3.955860846769774369e-02,9.430880268240928593e-03,2.922328416850233923e-02,1.461485508669912482e-02,9.598915268535110346e-03,1.491205474177538862e-02,5.877918499706190694e-03,9.952294644777778462e-03,4.903029524990776267e-03,3.780433328273923813e-03,1.273758550761000877e-02,7.811939635735048321e-03,1.027568661712789481e-02,7.173981605514606619e-03,1.091065311427437054e-02,3.416476819109484989e-03,3.050791562005524329e-03,7.935529676315299097e-03,1.217477050380570171e-02,1.629147043095371256e-02,5.911769460874957867e-03,1.962543913051894434e-02,2.826507646615284905e-02,2.961433403891344102e-02,6.757030423298756965e-03,4.176042018163958480e-02,1.688310186165554658e-02,2.936655041381927567e-02,1.945734047780808135e-02,4.372413937242239368e-02,1.300854431492092650e-02,1.301311713210979645e-02,1.246069117551135488e-02,6.597520890737499331e-03,1.385842286249011450e-02,1.611469190497279852e-02,2.843154827614782082e-02,1.294365621129583283e-02,4.907961018692359040e-02,4.024601217164344019e-02,1.037427609182862628e-02,2.959592866575572884e-02,7.520329128827711596e-02,3.716089498282847126e-02,6.003232006334530829e-02,3.583918715314152875e-02,9.302216779850349532e-03,2.528008037681103021e-02
1.722975359309408122e-02,5.126593784547734539e-02,2.947493132451739495e-02,1.839410098341691391e-02,0.000000000000000000e+00,1.035181179797478035e-01,9.995357245376647326e-02,1.663131717191562026e-02,1.162272848847229617e-01,5.790185229256038235e-02,8.620043478515496127e-02,5.265497547848208698e-02,1.568910674529664095e-01,3.046308019507530662e-02,3.936193145131529347e-02,3.600456899644500358e-02,2.068045738339988060e-02,4.855881044175276023e-02,4.194054398110739351e-02,9.187327066095475614e-02,3.661038161259862894e-02,1.847764402407685858e-01,1.146651156109345093e-01,4.076646979999035136e-02,1.137757658358167084e-01,2.391439971768898887e-01,1.337071753099134397e-01,1.861183510873201385e-01,1.397166750426177551e-01,3.368351296636678399e-02,1.023978529392706865e-01,5.120978939274077602e-02,3.340488984507539172e-02,5.171470494134075557e-02,2.048546352320456884e-02,3.546186437708086225e-02,1.734535786910105376e-02,1.311639593820340850e-02,4.538545461386876007e-02,2.718615915864818627e-02,3.559737733159167028e-02,2.479639678995193205e-02,3.897418037611499742e-02,1.206743195331734519e-02,1.085575719015816239e-02,2.794296484717301646e-02,4.332642831759980773e-02,5.662370398239642555e-02,2.051347503303219133e-02,6.891391233248927994e-02,9.883785969071542943e-02,1.029216540391246770e-01,2.336219199937709587e-02,1.458650129127437856e-01,6.014422881967491918e-02,1.029029171219482675e-01,6.720131046127628127e-02,1.523560641687223827e-01,4.631870957927229637e-02,4.552324078764852927e-02,4.376205549047450238e-02,2.342212401442382921e-02,4.796055806305423580e-02,5.633825439137562369e-02,9.973973145350055469e-02,4.528509070472817866e-02,1.729884512977026279e-01,1.415622894336558413e-01,3.632826648371333816e-02,1.031259923107178955e-01,2.629474450868868884e-01,1.296840372202108793e-01,2.114568444771017797e-01,1.252673067934704787e-01,3.412190099708659052e-02,8.872977523605771188e-02
2.791365493003630446e-02,8.190530642316470877e-02,4.774282976998008715e-02,2.977632457557542051e-02,1.035181179797478035e-01,0.000000000000000000e+00,1.626015131278366610e-01,2.629279208325619246e-02,1.886454206450635662e-01,9.319920914482368590e-02,1.363618487632042853e-01,8.324689243970112562e-02,2.521025734303395938e-01,4.974429928727801958e-02,6.199090993847005543e-02,5.781697625442192706e-02,3.315492429080114933e-02,7.860181690585066328e-02,6.726935024158969822e-02,1.485294243989341567e-01,5.840023436129148510e-02,2.941875723251896613e-01,1.835100202193084007e-01,6.506685835106432170e-02,1.830881733741042405e-01,3.821160644096435743e-01,2.157741058668762035e-01,2.983129209343802213e-01,2.229104347873569758e-01,5.394339740822693546e-02,1.635692992378343646e-01,7.951863931178521083e-02,5.278877443166540839e-02,8.256645369614304397e-02,3.318895822805701529e-02,5.789830544410234925e-02,2.795342160219772484e-02,2.070968860452463561e-02,6.941210490971386204e-02,4.350368949508481853e-02,5.676908418965757180e-02,3.896154703394019703e-02,6.206642110253152850e-02,1.925660695150358676e-02,1.684533599595406175e-02,4.428639220833244239e-02,6.934511877552793080e-02,9.166230646667609949e-02,3.298185537517825394e-02,1.084833275377848488e-01,1.594293359430291601e-01,1.661598973669298485e-01,3.778906274892111783e-02,2.331973709348663937e-01,9.528792729593289768e-02,1.622479582805358977e-01,1.059466898408899793e-01,2.437925712548644486e-01,7.474468173043075092e-02,7.159380411647686682e-02,6.973537012724316531e-02,3.721102589955122691e-02,7.624320092052369602e-02,9.037662445084640450e-02,1.589858483017199675e-01,7.275097567256064157e-02,2.742480241379674499e-01,2.279062471326103179e-01,5.805443231721470893e-02,1.650998315834555086e-01,4.209395914931786109e-01,2.110432898866950180e-01,3.383823039372876318e-01,2.032529882194741566e-01,5.438386555575472348e-02,1.432199514915870053e-01
2.671744917366093361e-02,8.004050497420585331e-02,4.605110985502006843e-02,2.850903172952614847e-02,9.995357245376647326e-02,1.626015131278366610e-01,0.000000000000000000e+00,2.562352417970400684e-02,1.829428888094828398e-01,9.096721187892595206e-02,1.341545734731155182e-01,8.180488512969256998e-02,2.460464186396942865e-01,4.764534626210396168e-02,6.065257121266384027e-02,5.617423790788290960e-02,3.269473707743879298e-02,7.659120798777402372e-02,6.560389117034451378e-02,1.440415322556912181e-01,5.712573888210339956e-02,2.875131172482753850e-01,1.775907017197159155e-01,6.296157717718731117e-02,1.786074753388605385e-01,3.702909978176659456e-01,2.097155350097416604e-01,2.916793705464838515e-01,2.182892879919688944e-01,5.270785630932461191e-02,1.593067283088848152e-01,7.981659625173621875e-02,5.200443666271715309e-02,8.091826963308874909e-02,3.203389120052748534e-02,5.611903618781822339e-02,2.690764622713576540e-02,2.044888360416625625e-02,7.033031193856184582e-02,4.270660055265246974e-02,5.602355660474848953e-02,3.867143788933946613e-02,6.105962402886583318e-02,1.893871521208188510e-02,1.702193642488562114e-02,4.334879369455388320e-02,6.770585682069006628e-02,8.889585863012741673e-02,3.244017458803077902e-02,1.063700721463851917e-01,1.546849932294742103e-01,1.622044473594989322e-01,3.660440258195518659e-02,2.283695916591950703e-01,9.407448322051896461e-02,1.589438544304959677e-01,1.045321543434182404e-01,2.397323248465247081e-01,7.218250664144090778e-02,7.034286145614523922e-02,6.819730442397402281e-02,3.647078637115983013e-02,7.446506904764410573e-02,8.847847978231362931e-02,1.547736886771682308e-01,7.029972139632932604e-02,2.687619157315985774e-01,2.212488071905609477e-01,5.618025707789216922e-02,1.611718555664798380e-01,4.085567456493560123e-01,2.037587063780100238e-01,3.314389042100749361e-01,1.966889654078203542e-01,5.249802001270017365e-02,1.387997442571627937e-01
4.637197258610900943e-03,1.308518110310073410e-02,7.519069868505050616e-03,4.647531206858297737e-03,1.663131717191562026e-02,2.629279208325619246e-02,2.562352417970400684e-02,0.000000000000000000e+00,2.965277963286465021e-02,1.488555303204965735e-02,2.203868660593777742e-02,1.349273398504199743e-02,3.957321796239710032e-02,7.652245524362886672e-03,1.063065160322490890e-02,9.301834270506660618e-03,5.447619607256716165e-03,1.258103504447988762e-02,1.090595693533556385e-02,2.344063037148957224e-02,9.618955108916520114e-03,4.699903518557711074e-02,3.000442843949817709e-02,1.078641237700725397e-02,2.937991700934068293e-02,6.222947632749634139e-02,3.422641305707208731e-02,4.752739630350728134e-02,3.569715245201670467e-02,8.368522276376442331e-03,2.629949130590628417e-02,1.309404481651625304e-02,8.688722512237467138e-03,1.340528122616259366e-02,5.253972621457675234e-03,8.978539874978711671e-03,4.427458842964607406e-03,3.469254203023776784e-03,1.171545307450972892e-02,7.009886664040663497e-03,9.166768734260545212e-03,6.302412304304140338e-03,1.007157249650089334e-02,3.135358719255228709e-03,2.857920102742671914e-03,7.347816832306848511e-03,1.116216092017423452e-02,1.428830336529940230e-02,5.316334607115309231e-03,1.763158891466466011e-02,2.547660456391742656e-02,2.640314373092502581e-02,6.057181843433233001e-03,3.713372695631500520e-02,1.529825806345646785e-02,2.648864439863285458e-02,1.749686132292199020e-02,3.914332510640505108e-02,1.187000796587325303e-02,1.185257439944828808e-02,1.124637646505278338e-02,5.909229463670949076e-03,1.238251422170449749e-02,1.427106712307785359e-02,2.548583925391468760e-02,1.176821245582681044e-02,4.447870925525133218e-02,3.693594348612365408e-02,9.505268131715788327e-03,2.646603432616672497e-02,6.906697193315820826e-02,3.352427353201250376e-02,5.443583396383248896e-02,3.234243641559698956e-02,8.671552517908243107e-03,2.288641526065384596e-02
3.112497063955097648e-02,9.297109250323773444e-02,5.397810931610867030e-02,3.347957705801415940e-02,1.162272848847229617e-01,1.886454206450635662e-01,1.829428888094828398e-01,2.965277963286465021e-02,0.000000000000000000e+00,1.047050742411533841e-01,1.547288125279966675e-01,9.398988930050249102e-02,2.848176086114247996e-01,5.593490434597503391e-02,7.162914019247712538e-02,6.615010899977587233e-02,3.752859003574864766e-02,8.906161378391688754e-02,7.688397695185687775e-02,1.701325972085723226e-01,6.541602240771179910e-02,3.363808148881765048e-01,2.092184819750403380e-01,7.395660274647246346e-02,2.082625837649647038e-01,4.364589596475899613e-01,2.475987319547915122e-01,3.388106345726755730e-01,2.560179667000853643e-01,6.116917489543693964e-02,1.856625379111209451e-01,8.917633125868906774e-02,5.945513778881372779e-02,9.246919748577250853e-02,3.699573085736045791e-02,6.444963907508141632e-02,3.114960468474177457e-02,2.361839687036736482e-02,7.860565927837073752e-02,4.927070525764684628e-02,6.396026284219637204e-02,4.405323877680403233e-02,6.924380573381133663e-02,2.150129568004436470e-02,1.926024863331230949e-02,4.938644392861565868e-02,7.849397759462917179e-02,1.037746522086861051e-01,3.637881098510601513e-02,1.210938372627501924e-01,1.810280674203861018e-01,1.864276126044353277e-01,4.261389512219222742e-02,2.652686848461085489e-01,1.077974517958797812e-01,1.840296377946368245e-01,1.195403344168230325e-01,2.764954919926123633e-01,8.298180086221204621e-02,8.140757677320327457e-02,7.884093254146895546e-02,4.237266739787533959e-02,8.764994477521811933e-02,1.030060977088885082e-01,1.818348727092873596e-01,8.108990268097279741e-02,3.142123583752907678e-01,2.591097775494610733e-01,6.570698858716508828e-02,1.872191069406017039e-01,4.780228898462526854e-01,2.408563245487601590e-01,3.856378554241274292e-01,2.320293860661873930e-01,6.174856201546511519e-02,1.615288027433178786e-01
1.550770368424261164e-02,4.657524745577773517e-02,2.673844183102287372e-02,1.619701927888541476e-02,5.790185229256038235e-02,9.319920914482368590e-02,9.096721187892595206e-02,1.488555303204965735e-02,1.047050742411533841e-01,0.000000000000000000e+00,7.799417725354675091e-02,4.747120832041024779e-02,1.407638733589269830e-01,2.800734834872826290e-02,3.550114779191416992e-02,3.278104385379203289e-02,1.910299519557553949e-02,4.415183583359082176e-02,3.815802943434830341e-02,8.389269475181880542e-02,3.327892563419514865e-02,1.670739401556203818e-01,1.033502673329898397e-01,3.670021487902105917e-02,1.024840024588911103e-01,2.143250578432262243e-01,1.202863135479772388e-01,1.688946885506475981e-01,1.255981899969282056e-01,3.105585917540533078e-02,9.314716407155852751e-02,4.526510957682500919e-02,2.983770427526720795e-02,4.703940965615826392e-02,1.819727507961610077e-02,3.302799178147407949e-02,1.546456382924814646e-02,1.186949198949269375e-02,3.976305408580584067e-02,2.470825813197341167e-02,3.205404708131527614e-02,2.177831226718737051e-02,3.543320416436684939e-02,1.068108574437083742e-02,9.698236440444783779e-03,2.484258834708660477e-02,3.917983138330048687e-02,5.093693159864328551e-02,1.859749813160440496e-02,6.200525824691423271e-02,8.801389201599942036e-02,9.323215751816502084e-02,2.135480978806445287e-02,1.308938340033082570e-01,5.467023724920401506e-02,9.213492327915659419e-02,5.969741670921337867e-02,1.377427970707443550e-01,4.210179975172612110e-02,4.039000420191019014e-02,3.927980059525480044e-02,2.115540327704752352e-02,4.288921051868473805e-02,5.081668089673187227e-02,8.878692540234806030e-02,4.095965786806193137e-02,1.557764276217057653e-01,1.278471689181176763e-01,3.222682493058328518e-02,9.260530257391266784e-02,2.358200904174933277e-01,1.163448514248893034e-01,1.918125128175262317e-01,1.129780965928540576e-01,3.099595114823704492e-02,8.024716181786750724e-02
2.331816404031929885e-02,6.818570256696593335e-02,3.936123152875302400e-02,2.446083801320309004e-02,8.620043478515496127e-02,1.363618487632042853e-01,1.341545734731155182e-01,2.203868660593777742e-02,1.547288125279966675e-01,7.799417725354675091e-02,0.000000000000000000e+00,6.979501667285994970e-02,2.073733294226020041e-01,4.102430860116214328e-02,5.221335442322490306e-02,4.758037334767862420e-02,2.812555265267335097e-02,6.486250702217094544e-02,5.638511117959733865e-02,1.225966710254390302e-01,4.885804719429197307e-02,2.434395204578636562e-01,1.516859023408231311e-01,5.423865877640815514e-02,1.506414997264414191e-01,3.158206196613999039e-01,1.779475900642345787e-01,2.467454302422193435e-01,1.846357348108343122e-01,4.512515126047469266e-02,1.365280794136402576e-01,6.632867492332937542e-02,4.393787788030033281e-02,6.939662312962992241e-02,2.727824405267005245e-02,4.832346914252304282e-02,2.284474169311545913e-02,1.732656606546677247e-02,5.785066208141132621e-02,3.588044264316811449e-02,4.740410277213562285e-02,3.254530381862913435e-02,5.220930745633856063e-02,1.597287442328138712e-02,1.417615519283959603e-02,3.729773986233561600e-02,5.759684259432142767e-02,7.589600719081601721e-02,2.751812522103240857e-02,9.140931132853834240e-02,1.310760851834732454e-01,1.373941630613325082e-01,3.134372512625593910e-02,1.930907109550940026e-01,7.960152655365838881e-02,1.361840875467867917e-01,8.879605054303212064e-02,2.026512996840586500e-01,6.237515132109724969e-02,6.003501702399764717e-02,5.808450319112080928e-02,3.087002535532798464e-02,6.299680002587515482e-02,7.553465997536665255e-02,1.326476656594910430e-01,6.050995877181046534e-02,2.284557341284203791e-01,1.894440188853801776e-01,4.829867240282031265e-02,1.363398493044931659e-01,3.494990949953224457e-01,1.738624867462266188e-01,2.813484377344996901e-01,1.671067609830179101e-01,4.544757140800924355e-02,1.192662777161185850e-01
1.430469299117050237e-02,4.158990515170435387e-02,2.423476778772174281e-02,1.508826760675175196e-02,5.265497547848208698e-02,8.324689243970112562e-02,8.180488512969256998e-02,1.349273398504199743e-02,9.398988930050249102e-02,4.747120832041024779e-02,6.979501667285994970e-02,0.000000000000000000e+00,1.261762250308290367e-01,2.532673085493140561e-02,3.232708336800906024e-02,2.919139282754642378e-02,1.667339107284219329e-02,3.926344291676063525e-02,3.422219688669586590e-02,7.535614585168298740e-02,3.034317182997950391e-02,1.496038296157559122e-01,9.388873451470894360e-02,3.428529457334583003e-02,9.168270535658923359e-02,1.969126360569229128e-01,1.093202620499768712e-01,1.520037530453225150e-01,1.131065690111194427e-01,2.751999394946898214e-02,8.411033471871882938e-02,4.044191925079757693e-02,2.659499072816401757e-02,4.240874374927835339e-02,1.679082940388741327e-02,2.921391752248307314e-02,1.403916836680328510e-02,1.077462754530501485e-02,3.539520333323932511e-02,2.215503181574428673e-02,2.908487138412240922e-02,1.993606792958532714e-02,3.121969341094345610e-02,9.570865938456098870e-03,8.475252196886579048e-03,2.275302167205114565e-02,3.576031754483110364e-02,4.651133094374759747e-02,1.672993418003724392e-02,5.628060165263861631e-02,7.870542356286902574e-02,8.357395184049504211e-02,1.938127219875458024e-02,1.171517351986500755e-01,4.927388465447605365e-02,8.376423369481102166e-02,5.576969661922590721e-02,1.231084666908694170e-01,3.780435609592434909e-02,3.710958527759891656e-02,3.527455420361190475e-02,1.902155267667039046e-02,3.882371589632742370e-02,4.632214263180738784e-02,7.999166422209563754e-02,3.738363320896510855e-02,1.396264903337699759e-01,1.160011561931699048e-01,3.001926432746762630e-02,8.404613925850694389e-02,2.166681667388196952e-01,1.057584828294561019e-01,1.709636917329744321e-01,1.009378723655178361e-01,2.756172320834924042e-02,7.302204622592867178e-02
4.156897087986494849e-02,1.248000062723197690e-01,7.106045030352681202e-02,4.491971349250999807e-02,1.568910674529664095e-01,2.521025734303395938e-01,2.460464186396942865e-01,3.957321796239710032e-02,2.848176086114247996e-01,1.407638733589269830e-01,2.073733294226020041e-01,1.261762250308290367e-01,0.000000000000000000e+00,7.432119569267063575e-02,9.357769295367360241e-02,8.753149202077628588e-02,5.021259816719127189e-02,1.194132094681712997e-01,1.006686499678337149e-01,2.238617466152172386e-01,8.903325886764422437e-02,4.469845884512244627e-01,2.745162495278403725e-01,9.750858845404626607e-02,2.786900350963383843e-01,5.771024451446424841e-01,3.264064822406196331e-01,4.535918140313687230e-01,3.397189539642497258e-01,8.138728940707923298e-02,2.470827983687268192e-01,1.235747827371278529e-01,8.065999559921077644e-02,1.246259589891978298e-01,4.980778499378000351e-02,8.683835411211011934e-02,4.209686422256274374e-02,3.151956790030117223e-02,1.085277638506839532e-01,6.615217862853986497e-02,8.631143044246152030e-02,6.018629471918481716e-02,9.499211516792654963e-02,2.975500961911531350e-02,2.596929644937208403e-02,6.678817917212374888e-02,1.043550417314322576e-01,1.386830415822004337e-01,5.048920932432415104e-02,1.649887177406735295e-01,2.404296475201780636e-01,2.531897742094620929e-01,5.686317674680937267e-02,3.551181200697854923e-01,1.458261324729776265e-01,2.472301299411439612e-01,1.619171296837782770e-01,3.731884589860507973e-01,1.122258461202534363e-01,1.089768183665578150e-01,1.063209799010190054e-01,5.697353978622227144e-02,1.168157637912155405e-01,1.373864313528792291e-01,2.398733279017759290e-01,1.093381111338158213e-01,4.175703778841579061e-01,3.442746267536493376e-01,8.709261329946663133e-02,2.515558772831977263e-01,6.368637360208406761e-01,3.159985558894589097e-01,5.159876533026946932e-01,3.056636803158744864e-01,8.157704002641444352e-02,2.159553113698016169e-01
8.267094789494543530e-03,2.454519856290368965e-02,1.422414063773042373e-02,8.488499089936362221e-03,3.046308019507530662e-02,4.974429928727801958e-02,4.764534626210396168e-02,7.652245524362886672e-03,5.593490434597503391e-02,2.800734834872826290e-02,4.102430860116214328e-02,2.532673085493140561e-02,7.432119569267063575e-02,0.000000000000000000e+00,1.912873378976244140e-02,1.714803071004336599e-02,1.015197770830080122e-02,2.307215680948399364e-02,2.026307116684094786e-02,4.398271969189544717e-02,1.734974311247820117e-02,8.924392167871190995e-02,5.463860338613075324e-02,1.945755204405733713e-02,5.445193708139772770e-02,1.137024994533306771e-01,6.376980214287034099e-02,8.926245802919950678e-02,6.747754300161785956e-02,1.657667700065876618e-02,4.905263719866514993e-02,2.434952556353579822e-02,1.638836798382412030e-02,2.493149664639471644e-02,9.620530881723547006e-03,1.677054047198267908e-02,8.135606948319421342e-03,6.461858102919468098e-03,2.172606432306377691e-02,1.300255803261589523e-02,1.706098484377259125e-02,1.179618583069703790e-02,1.909670814865551541e-02,5.761736043869670858e-03,5.262556008442931949e-03,1.333400684928133691e-02,2.092521343785321009e-02,2.715757384772451641e-02,9.743085526687204553e-03,3.291665100637302527e-02,4.739162678237435200e-02,4.904019378238967664e-02,1.125560368673229721e-02,7.086677826056256291e-02,2.890632228059317882e-02,4.911570087109398686e-02,3.180049706836183404e-02,7.286143514008822097e-02,2.224882731131058722e-02,2.188663736018193334e-02,2.118583158337733821e-02,1.095908734630190833e-02,2.307013485281692033e-02,2.721168105915808960e-02,4.773662607829043392e-02,2.156506445891630611e-02,8.385178551476030195e-02,6.744486012391580354e-02,1.708726570230315045e-02,4.941927547037347490e-02,1.252631288417747624e-01,6.203596954197140856e-02,1.015075348590743498e-01,6.015874332773094024e-02,1.643801964422679160e-02,4.309075309218589334e-02
1.137898467121196099e-02,3.083898265863425567e-02,1.857834845349165195e-02,1.105135475365834168e-02,3.936193145131529347e-02,6.199090993847005543e-02,6.065257121266384027e-02,1.063065160322490890e-02,7.162914019247712538e-02,3.550114779191416992e-02,5.221335442322490306e-02,3.232708336800906024e-02,9.357769295367360241e-02,1.912873378976244140e-02,0.000000000000000000e+00,2.183802277398944752e-02,1.275760445986695059e-02,2.947343808869931983e-02,2.651575692152673483e-02,5.638844586050969360e-02,2.297351772583819743e-02,1.110764734772140272e-01,7.279833730513012024e-02,2.623828703014445887e-02,6.949832325034391300e-02,1.481962009183367679e-01,8.319577857290277878e-02,1.140524898832350892e-01,8.505251980331945960e-02,2.066848219459951549e-02,6.286489626232844019e-02,2.977910681305118157e-02,1.983366013958786853e-02,3.151243538957397561e-02,1.260231321856738855e-02,2.205529303543028383e-02,1.037284430009997697e-02,8.042800971318510989e-03,2.647493334727363257e-02,1.656847440184466835e-02,2.183235805281080050e-02,1.490945130141047709e-02,2.300654270877258711e-02,7.016784077844719254e-03,6.575648186913331944e-03,1.736685347183344538e-02,2.675588804889384928e-02,3.462378152827376432e-02,1.236535097162772857e-02,4.110476058274581401e-02,5.985929152345040999e-02,6.214048040895366054e-02,1.450603080080936982e-02,8.692971575950785013e-02,3.633311121374789565e-02,6.218983898559313217e-02,4.126403857005460363e-02,9.204439306372488860e-02,2.817181284463001270e-02,2.768854418243498275e-02,2.636580645257162112e-02,1.390657335911008909e-02,2.874003240269282222e-02,3.436832279646998001e-02,6.061403777413972016e-02,2.791557570396881183e-02,1.044934842914097411e-01,8.854787008104131329e-02,2.304485355749862421e-02,6.303898779000333130e-02,1.651348297583214997e-01,8.110161217532936562e-02,1.281496738966800553e-01,7.780879997062832565e-02,2.068251645346585316e-02,5.545576634628771040e-02
9.597295805186263629e-03,2.922613140021840944e-02,1.647644885130648829e-02,1.013095934888043337e-02,3.600456899644500358e-02,5.781697625442192706e-02,5.617423790788290960e-02,9.301834270506660618e-03,6.615010899977587233e-02,3.278104385379203289e-02,4.758037334767862420e-02,2.919139282754642378e-02,8.753149202077628588e-02,1.714803071004336599e-02,2.183802277398944752e-02,0.000000000000000000e+00,1.184301111595912996e-02,2.755953177921931230e-02,2.374166209580770223e-02,5.252464205364995586e-02,2.067482452925003752e-02,1.030840334208602133e-01,6.437016375708340399e-02,2.307817524515476740e-02,6.437155867361060713e-02,1.337037627648363369e-01,7.608435500953045216e-02,1.044146124641933265e-01,7.829976622364762107e-02,1.895205271681346670e-02,5.720506344511154528e-02,2.770732549558350272e-02,1.827758815747466264e-02,2.859966394069004755e-02,1.142531832115098976e-02,1.996637774526180409e-02,9.700958539813493361e-03,7.264684147306344625e-03,2.439828062977280124e-02,1.506495786002832148e-02,1.977620161787987246e-02,1.339700309105557388e-02,2.158247256023292093e-02,6.760098447774968988e-03,5.854554275359195176e-03,1.523654938716750493e-02,2.462625969723466687e-02,3.175841812599871500e-02,1.139968544000924920e-02,3.758724495421128520e-02,5.559189251756235101e-02,5.775610525563156655e-02,1.352192773777264982e-02,8.102708294049533466e-02,3.360923042950793305e-02,5.741280882282496362e-02,3.731289018357700910e-02,8.530998392252613083e-02,2.568162842598971027e-02,2.508117986084553580e-02,2.482485168278026830e-02,1.305373153244781398e-02,2.663953634647222082e-02,3.165121692949861287e-02,5.570435631900096107e-02,2.535661393746544215e-02,9.672470365250845914e-02,7.967987062994218161e-02,2.047653826807173047e-02,5.793039859029425892e-02,1.478516087613654384e-01,7.405035855507922926e-02,1.185068090611870878e-01,7.160209537064518570e-02,1.910724173363526068e-02,5.037450426232201878e-02
5.635995283802804588e-03,1.670021913286573456e-02,9.671564717287509452e-03,5.656244378437988787e-03,2.068045738339988060e-02,3.315492429080114933e-02,3.269473707743879298e-02,5.447619607256716165e-03,3.752859003574864766e-02,1.910299519557553949e-02,2.812555265267335097e-02,1.667339107284219329e-02,5.021259816719127189e-02,1.015197770830080122e-02,1.275760445986695059e-02,1.184301111595912996e-02,0.000000000000000000e+00,1.580912713411307402e-02,1.405025622876937205e-02,3.009520473790817593e-02,1.185566488316022737e-02,5.965369155560279468e-02,3.703678338569578454e-02,1.296246094500049829e-02,3.685297091301107525e-02,7.636418371273129280e-02,4.303782320511091025e-02,6.012074594249107451e-02,4.487183155872619816e-02,1.124452978908515796e-02,3.338146768493130412e-02,1.620773443616731202e-02,1.060414722586339523e-02,1.696663108521819646e-02,6.419803971682545157e-03,1.189775009394516102e-02,5.494526927203274673e-03,4.227063677953431763e-03,1.429938204476799944e-02,8.779333973560900575e-03,1.142708277308081971e-02,7.733072753331095978e-03,1.285279387426765257e-02,3.837595613481864770e-03,3.562324891905356821e-03,9.129163719321297873e-03,1.407092369745381079e-02,1.830616440860919486e-02,6.604048424344339564e-03,2.181376863089423690e-02,3.146260356825328341e-02,3.331159629147629336e-02,7.595410211930751082e-03,4.679788795363445941e-02,1.955774137831578843e-02,3.270248354578211836e-02,2.117003019941376268e-02,4.945705050606179903e-02,1.503364856124787992e-02,1.425125652195210688e-02,1.405690231400968243e-02,7.600709443806351676e-03,1.519861977517886556e-02,1.808765632044015068e-02,3.210252774561939137e-02,1.468686217076018395e-02,5.582584536465284852e-02,4.594512171747801299e-02,1.174281086964276168e-02,3.308838972627062974e-02,8.483333949376702099e-02,4.217690935422777065e-02,6.859479222695580303e-02,4.057919564090674280e-02,1.119442835948517706e-02,2.882123853318830850e-02
1.299224682610628998e-02,3.941992065042368432e-02,2.210726878757940383e-02,1.381929546296156892e-02,4.855881044175276023e-02,7.860181690585066328e-02,7.659120798777402372e-02,1.258103504447988762e-02,8.906161378391688754e-02,4.415183583359082176e-02,6.486250702217094544e-02,3.926344291676063525e-02,1.194132094681712997e-01,2.307215680948399364e-02,2.947343808869931983e-02,2.755953177921931230e-02,1.580912713411307402e-02,0.000000000000000000e+00,3.185553992310072996e-02,7.054108085472798884e-02,2.784474010392540277e-02,1.403703747352311459e-01,8.677203130642199835e-02,3.053956111031300852e-02,8.711225791674542807e-02,1.808534460536690425e-01,1.019647218402287697e-01,1.411984545501243360e-01,1.063898273796493599e-01,2.578487394440455091e-02,7.728724176394340117e-02,3.819157614817358937e-02,2.492754233756369273e-02,3.848320257542447997e-02,1.521040657926447243e-02,2.691144959112894836e-02,1.310773730408989167e-02,9.785388711147733481e-03,3.366116618270548894e-02,2.056557362452444623e-02,2.661404058442691165e-02,1.829152833218331345e-02,2.951631433153136322e-02,9.180274113570745242e-03,8.049667926696656844e-03,2.070868731572458876e-02,3.279583038640854209e-02,4.320874200620623135e-02,1.549963365764635628e-02,5.076886930703882611e-02,7.532688065608665606e-02,7.847058007456741979e-02,1.785385355053123110e-02,1.106033757168568415e-01,4.531954929355584000e-02,7.729453840063867098e-02,4.986412553642036866e-02,1.167090685952518331e-01,3.507519212148119125e-02,3.377513634029028627e-02,3.330144990254997606e-02,1.772924265155973941e-02,3.635154166128486131e-02,4.267327513982644566e-02,7.504518951149558026e-02,3.413459181678226567e-02,1.308693676025675656e-01,1.078014700553314442e-01,2.720682414546144942e-02,7.853071845055684119e-02,1.987203629686299100e-01,9.921568013190665281e-02,1.620966452510069489e-01,9.627824840691613650e-02,2.587713886841478544e-02,6.758365407370807432e-02
1.168996792449755046e-02,3.326676862622619801e-02,1.973836329040222493e-02,1.173183424874125330e-02,4.194054398110739351e-02,6.726935024158969822e-02,6.560389117034451378e-02,1.090595693533556385e-02,7.688397695185687775e-02,3.815802943434830341e-02,5.638511117959733865e-02,3.422219688669586590e-02,1.006686499678337149e-01,2.026307116684094786e-02,2.651575692152673483e-02,2.374166209580770223e-02,1.405025622876937205e-02,3.185553992310072996e-02,0.000000000000000000e+00,6.101162074223866194e-02,2.396381623436730224e-02,1.214577532049878755e-01,7.652576474591166189e-02,2.703236589294686493e-02,7.416438355671194083e-02,1.574412060669850844e-01,8.824608266954034330e-02,1.211400020678685963e-01,9.193551264257264488e-02,2.265913994475042201e-02,6.790771650341619059e-02,3.179614376827283317e-02,2.127365472768873514e-02,3.368705803452446551e-02,1.322191684378248681e-02,2.354284185733030582e-02,1.104323624256139426e-02,8.590688247863811910e-03,2.797820268137211214e-02,1.768613527455518974e-02,2.311184729221249512e-02,1.565004841293377025e-02,2.523222281947546872e-02,7.521214215433963228e-03,7.170647156953205252e-03,1.840793406494286091e-02,2.871566317406854321e-02,3.767077212316437967e-02,1.290163634162917738e-02,4.403386610666482071e-02,6.479265226271027633e-02,6.665607667853477858e-02,1.552409806482748025e-02,9.527795489531507012e-02,3.890448107939305233e-02,6.710741542934438308e-02,4.319332626981017137e-02,9.926955545625532062e-02,3.025017920021088463e-02,2.957488624094121651e-02,2.835478951532186334e-02,1.508998789614157850e-02,3.137511966833416571e-02,3.768055847592440694e-02,6.581011988766118093e-02,2.986110278990497524e-02,1.142006096235978763e-01,9.434677479291768420e-02,2.411575636782514395e-02,6.702316631587715290e-02,1.739911634467424528e-01,8.645837130242792212e-02,1.390194986577388825e-01,8.337219533623529966e-02,2.297098300915133284e-02,5.895220745961425590e-02
2.431917271852251580e-02,7.408551461325316168e-02,4.258947902626300519e-02,2.599346740767319655e-02,9.187327066095475614e-02,1.485294243989341567e-01,1.440415322556912181e-01,2.344063037148957224e-02,1.701325972085723226e-01,8.389269475181880542e-02,1.225966710254390302e-01,7.535614585168298740e-02,2.238617466152172386e-01,4.398271969189544717e-02,5.638844586050969360e-02,5.252464205364995586e-02,3.009520473790817593e-02,7.054108085472798884e-02,6.101162074223866194e-02,0.000000000000000000e+00,5.148384775247260431e-02,2.654511888032137779e-01,1.645395475613079528e-01,5.869118953327575466e-02,1.638002205051488080e-01,3.449430879054906640e-01,1.939982534789704838e-01,2.665314770999005489e-01,2.000485795068387695e-01,4.866897143674146775e-02,1.476196693844455954e-01,7.023553368404841790e-02,4.646820003478288608e-02,7.381788124884175462e-02,2.897806448846885000e-02,5.094480027213999646e-02,2.476430399371301605e-02,1.854953469889936493e-02,6.128632078365210678e-02,3.807494346592041334e-02,5.019543339613952854e-02,3.422291422089967367e-02,5.525237982893770050e-02,1.684086504823816346e-02,1.515547908417784473e-02,3.920049421507557086e-02,6.253695487973692790e-02,8.277117253117476092e-02,2.860403142482639827e-02,9.647432650270564014e-02,1.420589297968597453e-01,1.462425911620688912e-01,3.426324390368515327e-02,2.088235533158877000e-01,8.595130381386478780e-02,1.460060899823839575e-01,9.545455581309650328e-02,2.171090929537208558e-01,6.592651815558378536e-02,6.433181645493045442e-02,6.283682138376338322e-02,3.342503899805403245e-02,6.825868313490042472e-02,8.170397522102794408e-02,1.440668418150202745e-01,6.422221135001124348e-02,2.491937652575488826e-01,2.039757367144561517e-01,5.227692973911934188e-02,1.474027858786397249e-01,3.781494227862667867e-01,1.903796942970821526e-01,3.036330097754549318e-01,1.828280622558018653e-01,4.952877653097117333e-02,1.281887057952176279e-01
1.047415487969137644e-02,2.905371658019204398e-02,1.689882637888369746e-02,1.028522954043343401e-02,3.661038161259862894e-02,5.840023436129148510e-02,5.712573888210339956e-02,9.618955108916520114e-03,6.541602240771179910e-02,3.327892563419514865e-02,4.885804719429197307e-02,3.034317182997950391e-02,8.903325886764422437e-02,1.734974311247820117e-02,2.297351772583819743e-02,2.067482452925003752e-02,1.185566488316022737e-02,2.784474010392540277e-02,2.396381623436730224e-02,5.148384775247260431e-02,0.000000000000000000e+00,1.043287990952252164e-01,6.654323472222860303e-02,2.411015579908665912e-02,6.538463932226541708e-02,1.383985121296315290e-01,7.616158307316037157e-02,1.065400183282263769e-01,7.881274722217847251e-02,1.887873264077064711e-02,5.847202332271499159e-02,2.950169745083698267e-02,1.907402084590018032e-02,2.956294723501091612e-02,1.172345934860796746e-02,2.031028745019337195e-02,9.715601453366593324e-03,7.587000864685336347e-03,2.626388690375873816e-02,1.594776199182421084e-02,2.026966003992288975e-02,1.425248427922885287e-02,2.208871930899370187e-02,6.879949670315389787e-03,6.300464329214822481e-03,1.635871283677929611e-02,2.492909923883758136e-02,3.189459937555408353e-02,1.188742538055776940e-02,3.942792266621043124e-02,5.571635973575327777e-02,5.893913316680233355e-02,1.330620435489997429e-02,8.246126603534981170e-02,3.408255342361979356e-02,5.855692060870035937e-02,3.869312113576828943e-02,8.728194932264263239e-02,2.640791840565069604e-02,2.616961106698971473e-02,2.502562885207795795e-02,1.322476272275220632e-02,2.759006775301969805e-02,3.166621074536511704e-02,5.596662226409370583e-02,2.617350950283828942e-02,9.806928108595684701e-02,8.186654162536266544e-02,2.103823608164272566e-02,5.914288005471964038e-02,1.528197227599435437e-01,7.345277160160892937e-02,1.210188878717308181e-01,7.107318369935496094e-02,1.895858785640266997e-02,5.093501210838800863e-02
