0.000000000000000000e+00,1.626879545206096414e-02,1.040274791911035418e-02,6.312707150929353951e-03,2.578145164678823098e-02,3.247288438943478350e-02,3.216686399886557746e-02,7.055705042872405068e-03,4.330379663965487624e-02,2.416974715199969592e-02,2.905471855661344999e-02,2.253874674973774250e-02,5.224630218843365204e-02,1.600596017679194183e-02,1.242895443841606287e-02,1.235135846039202290e-02,1.050503025242151625e-02,1.992339063087083736e-02,1.511401873578075566e-02,3.278384752730587048e-02,1.408887308640362560e-02,5.482134583840545666e-02,4.537076987169554043e-02,2.327857105898313225e-02,4.119046905629093758e-02,9.641441615307702606e-02,5.056934174042092278e-02,6.860734204519937374e-02,5.432525129732704294e-02,1.321984828585704395e-02,3.577620654395542027e-02,1.652720740572342570e-02,1.198487854733779924e-02,1.746551825672284716e-02,8.923825704622113941e-03,1.289030492789204445e-02,5.627928813806295713e-03,5.238490547669668457e-03,1.725672095487160856e-02,9.446544904268546622e-03,1.312922364494091207e-02,9.871664590269413689e-03,1.261829717664468380e-02,4.563702012618539236e-03,4.325741151740133614e-03,8.757345751818914129e-03,1.536814511146810877e-02,1.937174875148369585e-02,7.789401175876751147e-03,2.656971600987020204e-02,3.542960650647123538e-02,3.757161128020366364e-02,1.232223305494806881e-02,4.942502457544698663e-02,2.334679409940357275e-02,3.874552440429573918e-02,2.815593390028613141e-02,5.247423828074175567e-02,1.776350708529667033e-02,1.844360896763563851e-02,1.510382740578454334e-02,1.109625277233319482e-02,1.775546863259808844e-02,1.994858625922730361e-02,3.304769955746179877e-02,1.949571510228868126e-02,6.296804182958889995e-02,6.058330776857179245e-02,1.698409901723954563e-02,4.019220095541518184e-02,1.177014693570747478e-01,5.945411305094931015e-02,7.354653908160341258e-02,4.713516346955502756e-02,1.260805516512679240e-02,3.888739225826287615e-02
1.626879545206096414e-02,0.000000000000000000e+00,1.575799345962234158e-02,9.670789098953542356e-03,3.760052102560437759e-02,4.902816394723528981e-02,4.722944260314929782e-02,1.059704827622246631e-02,6.577894664098338229e-02,3.489531082437750953e-02,4.233103296056851816e-02,3.208700623506778593e-02,7.759044125989612850e-02,2.322001756148209944e-02,1.782013906517728244e-02,1.873256864062159549e-02,1.575669001180699663e-02,3.041932795970390957e-02,2.239435031416865673e-02,4.875233947590127542e-02,1.935078708186365251e-02,8.214959120442186236e-02,6.544359989459720695e-02,3.410946392857337056e-02,6.049061198664958117e-02,1.398938407489567770e-01,7.385198894380240464e-02,1.008426799346468089e-01,8.145192445871642095e-02,1.914145194497279823e-02,5.430586350023081099e-02,2.482727538680723836e-02,1.852005293144195347e-02,2.603749510007834223e-02,1.292913274930251703e-02,1.800740693437264534e-02,8.534367831872185020e-03,7.989414545715773155e-03,2.534883830776506891e-02,1.423779953367998279e-02,1.929922936583034973e-02,1.412842991166345617e-02,1.817364449485260255e-02,6.654615099922329968e-03,6.441371793020751919e-03,1.124916247591039274e-02,2.278499099070959572e-02,2.876936713135049006e-02,1.067508068774233702e-02,3.877135378601618415e-02,5.315654565223439099e-02,5.467366463913758690e-02,1.861796860821251370e-02,7.396711254808552294e-02,3.323240156537118212e-02,5.764238658052242559e-02,3.985772749595564712e-02,7.693694765858523354e-02,2.574519073185123005e-02,2.672938005869686384e-02,2.259291592222216483e-02,1.635632413336953611e-02,2.674819748693281485e-02,3.035833146575778185e-02,4.908757529652792856e-02,2.744866603356311760e-02,9.656197661784390873e-02,8.957267252270385838e-02,2.462138425297899502e-02,5.933351621353767646e-02,1.710039250130576671e-01,8.717687441127118519e-02,1.086164899457779248e-01,7.093569757769103978e-02,1.836217508851070365e-02,5.798652404551855183e-02
1.040274791911035418e-02,1.575799345962234158e-02,0.000000000000000000e+00,6.129703618853113954e-03,2.496243839580076368e-02,3.259321107591451466e-02,3.107634147845150102e-02,7.006322845547420866e-03,4.345929850614009549e-02,2.281610479428905491e-02,2.818106606952480025e-02,2.100488578337267667e-02,5.098700976584592814e-02,1.543970545248718115e-02,1.205478518109404269e-02,1.229597201114355880e-02,1.037261452797649114e-02,2.001339824268359366e-02,1.517234128741766497e-02,3.192827714891371960e-02,1.268317291513234440e-02,5.514039757824892168e-02,4.392382059986701254e-02,2.220299631060134588e-02,4.039518125543376664e-02,9.387261144188425999e-02,4.820496405517873256e-02,6.681693897980477137e-02,5.422798791775801375e-02,1.279433089567365983e-02,3.580761208107058335e-02,1.627903106636220329e-02,1.213234421029684741e-02,1.701955931981587525e-02,8.614065873598112863e-03,1.174901598877757525e-02,5.546901563381101234e-03,5.316228610771331180e-03,1.651854169922069640e-02,9.405743567825293125e-03,1.250608047075337480e-02,9.091264289711131763e-03,1.183310906076740464e-02,4.339073655487866825e-03,4.402945525418353913e-03,7.307421728156293650e-03,1.514025204713217998e-02,1.858162016930126753e-02,7.008999202791823396e-03,2.561269310448631431e-02,3.516344342703989212e-02,3.605757536563278937e-02,1.240182876420725840e-02,4.947678904045995502e-02,2.185651965975787814e-02,3.837807403797625222e-02,2.608550077972212125e-02,5.078408929399108596e-02,1.685948950499384716e-02,1.754209972467765319e-02,1.483491914377716575e-02,1.063234898115436762e-02,1.779601203152843258e-02,1.998356651150124189e-02,3.241478382752374654e-02,1.810570529761257319e-02,6.422280690071366371e-02,5.920000424474669565e-02,1.631579445883227578e-02,3.931551087947512263e-02,1.137098052057329695e-01,5.721031356645760180e-02,7.252061418337119036e-02,4.728936919786989185e-02,1.259350027047199949e-02,3.817092220188740559e-02
6.312707150929353951e-03,9.670789098953542356e-03,6.129703618853113954e-03,0.000000000000000000e+00,1.519968431666531353e-02,1.947639199468459079e-02,1.873701541185832792e-02,4.261645985464160465e-03,2.613000189461299125e-02,1.398323788953085949e-02,1.733376743532582392e-02,1.295849502653306090e-02,3.119947538001705684e-02,9.398786479275528238e-03,7.130565510943868979e-03,7.187944531770746291e-03,6.123463979514970866e-03,1.218195658244310142e-02,8.790297965605679484e-03,1.901558806281376801e-02,7.548286669812201768e-03,3.248138848190561256e-02,2.590879852057217242e-02,1.343045764965868950e-02,2.429456367044099258e-02,5.576742678620698335e-02,2.919595260302890183e-02,4.044538224008673022e-02,3.223808701870881088e-02,7.622724315103009650e-03,2.126106904351687810e-02,1.038635444066455908e-02,7.718585426655354305e-03,1.049587892271160172e-02,5.353081583220603741e-03,7.173695607131210655e-03,3.370210263245431315e-03,3.251173065148746637e-03,1.057709375130940627e-02,5.919061074841837355e-03,7.869482994719664837e-03,5.859210161992665054e-03,7.203320003541434542e-03,2.758694902024125435e-03,2.622285914082351285e-03,4.277978452831267264e-03,9.060098780711817179e-03,1.121765696118605382e-02,4.347136256352622866e-03,1.570390128896807097e-02,2.113521193412201335e-02,2.213684189815395484e-02,7.549552088959258535e-03,2.992805010650287714e-02,1.335574292090642781e-02,2.325491474518159851e-02,1.607540060958965317e-02,3.111167783098309908e-02,1.011946512701763362e-02,1.092138728520367953e-02,9.090446701500380644e-03,6.821080669816691026e-03,1.062757035093983213e-02,1.219389567075878852e-02,1.979631542960106488e-02,1.092197979134724127e-02,3.851734354831979484e-02,3.560616511262098410e-02,9.938926719025931514e-03,2.359423031355076597e-02,6.811684058574937750e-02,3.490731233037221853e-02,4.398277509720677214e-02,2.795975641837631503e-02,7.540331950810074714e-03,2.347498036132482022e-02
2.578145164678823098e-02,3.760052102560437759e-02,2.496243839580076368e-02,1.519968431666531353e-02,0.000000000000000000e+00,7.682677563339794513e-02,7.421748865249747085e-02,1.673232357124751143e-02,1.024144551372300344e-01,5.578800142236296777e-02,6.799389008167162907e-02,5.052034517263930685e-02,1.223158176382844464e-01,3.689934339686205822e-02,2.834299745432839260e-02,2.888295480329492598e-02,2.434116782142992097e-02,4.751503218604606615e-02,3.574285661972916028e-02,7.565976663215587261e-02,3.094227486913845443e-02,1.287149581890327243e-01,1.032872713083607397e-01,5.239151765938498961e-02,9.550390536637427819e-02,2.195485308206290842e-01,1.158782140403701311e-01,1.596748165858024593e-01,1.271226133123719015e-01,3.041400027817998258e-02,8.407836308113116053e-02,3.917643092019691686e-02,2.909804841439485312e-02,4.053486545262555141e-02,2.050576107919992522e-02,2.940289048152585488e-02,1.348096829627072092e-02,1.264886625344339294e-02,4.034026541419915429e-02,2.287023156593692708e-02,3.062602079781562292e-02,2.228223177450630241e-02,2.903550145674143462e-02,1.062973462467259496e-02,1.010737977264955512e-02,1.803028536834610021e-02,3.588506830175425266e-02,4.461428456534242276e-02,1.724636101870991381e-02,6.133790528028899847e-02,8.277819881995257534e-02,8.638628850426539885e-02,2.893414892797788532e-02,1.160553550668508849e-01,5.363813727141383131e-02,9.122948547424981902e-02,6.270366367831062271e-02,1.221100707522696505e-01,4.072432974178211845e-02,4.169717498968345676e-02,3.551523968628312461e-02,2.619877558427378961e-02,4.191567761874653852e-02,4.737791537649430063e-02,7.712873212211293628e-02,4.305532702357035141e-02,1.501610937516135169e-01,1.392823101302100297e-01,3.842310919677503767e-02,9.340245035027519571e-02,2.681297230093728223e-01,1.372269236780113699e-01,1.719300945652064982e-01,1.111217863870644917e-01,2.964214849467756985e-02,9.092068461431900006e-02
3.247288438943478350e-02,4.902816394723528981e-02,3.259321107591451466e-02,1.947639199468459079e-02,7.682677563339794513e-02,0.000000000000000000e+00,9.737197397416193223e-02,2.164641376226004651e-02,1.348483025488351750e-01,7.114922822962889415e-02,8.643076628671646222e-02,6.431181509750474867e-02,1.588835189526782432e-01,4.769004895357820129e-02,3.625761520308379282e-02,3.817496287867448018e-02,3.185991578346920872e-02,6.191472608817835677e-02,4.707524235096958304e-02,9.904345394892968835e-02,4.002653045954571859e-02,1.692676690498873815e-01,1.345321143196939184e-01,6.802696439548469587e-02,1.257116976975985734e-01,2.870936409889733310e-01,1.503619496228667529e-01,2.079855193603907526e-01,1.662892436905174243e-01,3.922260390101532657e-02,1.102046203680148856e-01,4.973322222467375237e-02,3.677240627641364945e-02,5.194566887890135487e-02,2.635706560660700665e-02,3.765241475015882605e-02,1.736683819858261812e-02,1.615882344568098788e-02,5.052129122232507791e-02,2.904851604355716474e-02,3.892314606219445666e-02,2.798901846330146756e-02,3.733327511841647711e-02,1.356633497752995042e-02,1.318060290234245036e-02,2.384437356076373263e-02,4.730273192732835363e-02,5.835329078423065474e-02,2.174676266134483935e-02,7.878779980182051834e-02,1.090689798460623416e-01,1.120465999996105438e-01,3.736710295496513401e-02,1.516503113340577080e-01,6.877177243091513181e-02,1.168237201977635892e-01,7.991986433295396319e-02,1.574619985450797788e-01,5.258559116844786774e-02,5.354156628888972341e-02,4.590956839248674232e-02,3.300261085702109465e-02,5.472380164042719292e-02,6.143011925208305413e-02,1.005462951771057961e-01,5.646763821262849176e-02,1.960193184785544718e-01,1.818299063096932011e-01,5.005761555282022685e-02,1.222090619536044254e-01,3.486489309259160896e-01,1.765712314632680580e-01,2.228373196015543123e-01,1.458698550346208822e-01,3.809982470703585089e-02,1.175212433565765852e-01
3.216686399886557746e-02,4.722944260314929782e-02,3.107634147845150102e-02,1.873701541185832792e-02,7.421748865249747085e-02,9.737197397416193223e-02,0.000000000000000000e+00,2.122084311235403198e-02,1.298521970234641498e-01,6.923085812123382088e-02,8.479822610455810261e-02,6.333247123073042217e-02,1.539116359298561554e-01,4.625800820578376826e-02,3.592738457967373233e-02,3.648940915310483479e-02,3.111824742464168111e-02,6.010106266170907319e-02,4.486651161127121201e-02,9.538811438324944214e-02,3.825930264359659466e-02,1.638630767014152279e-01,1.303256206016046581e-01,6.651284088050538057e-02,1.199040417660970081e-01,2.784463117829137913e-01,1.449276270983841930e-01,2.010796404431712259e-01,1.610321564011681916e-01,3.808074572536601643e-02,1.061109450713267482e-01,4.960891619728994423e-02,3.672344104366370016e-02,5.133833138556917475e-02,2.564406886511086392e-02,3.581383514365000381e-02,1.664370615720696389e-02,1.606641880568839345e-02,5.112581302506284675e-02,2.866233256848128852e-02,3.822274933845318245e-02,2.744298338825358965e-02,3.637843132412493102e-02,1.325140635015221308e-02,1.301977677855723110e-02,2.259856792511477641e-02,4.511643863518958325e-02,5.608430618448211058e-02,2.102499866617342159e-02,7.658368067446844063e-02,1.042748394250201105e-01,1.079097793569515351e-01,3.662729432433072668e-02,1.468476037858936212e-01,6.688679033003482044e-02,1.144333164595195684e-01,7.848233736079818224e-02,1.532388307025719654e-01,5.110668069821169834e-02,5.260851142192890517e-02,4.485996969517438288e-02,3.256827809105827115e-02,5.293087256670898216e-02,5.937155053232562318e-02,9.701461708216428670e-02,5.398313197291446097e-02,1.911743225534352497e-01,1.765232479213351413e-01,4.858417514832566453e-02,1.176787728360746133e-01,3.400356005484228561e-01,1.719673410267208435e-01,2.167320317448770406e-01,1.398346129021773576e-01,3.717785654146164159e-02,1.139090571848009603e-01
7.055705042872405068e-03,1.059704827622246631e-02,7.006322845547420866e-03,4.261645985464160465e-03,1.673232357124751143e-02,2.164641376226004651e-02,2.122084311235403198e-02,0.000000000000000000e+00,2.852438557797671442e-02,1.535602257181574448e-02,1.889050631928475971e-02,1.414367577920051626e-02,3.400584864966360588e-02,1.013014229146515580e-02,8.397989974734738905e-03,8.117729789307118540e-03,6.585386665189313718e-03,1.319464897613048353e-02,1.014235109495434904e-02,2.120040512735003532e-02,8.947209574134543097e-03,3.638851278267411088e-02,2.942722103680780327e-02,1.446355693825879599e-02,2.693898667302202510e-02,6.252388470305630941e-02,3.242440270544556802e-02,4.517931633656896429e-02,3.533076399632015252e-02,8.427851551425140017e-03,2.384012459879586432e-02,1.067009814156744639e-02,7.895206885468077432e-03,1.130110232574146022e-02,5.757284166397649665e-03,8.299296916143127784e-03,3.840907621020324316e-03,3.465450772817362315e-03,1.092250947597251179e-02,6.335758220383734193e-03,8.591032765636044330e-03,6.231630598826613451e-03,8.055176066044552469e-03,3.030822555917709292e-03,2.818556340431949397e-03,4.906930344850628407e-03,1.014403633664849765e-02,1.240424587485372369e-02,5.008930366046440534e-03,1.707759744879616681e-02,2.324880324700303452e-02,2.442359591031664778e-02,7.769793187602062889e-03,3.214102833784027169e-02,1.501633387705658511e-02,2.547054023863204453e-02,1.753381431298100743e-02,3.437803398231768087e-02,1.124752271516744548e-02,1.158840773855641243e-02,9.822771593354734376e-03,6.976118213527031028e-03,1.182564146470067683e-02,1.328596501731297078e-02,2.113242483783306369e-02,1.196526909311234482e-02,4.142637355128891974e-02,3.899358229232355311e-02,1.045274881066543711e-02,2.616527141313625821e-02,7.506631630256963006e-02,3.770445041122897495e-02,4.843057810921851808e-02,3.112956867263371244e-02,8.109600246106695581e-03,2.544086937459415221e-02
4.330379663965487624e-02,6.577894664098338229e-02,4.345929850614009549e-02,2.613000189461299125e-02,1.024144551372300344e-01,1.348483025488351750e-01,1.298521970234641498e-01,2.852438557797671442e-02,0.000000000000000000e+00,9.427541426159745386e-02,1.148099646482303865e-01,8.582425682813750456e-02,2.112792728543481102e-01,6.330403547247757945e-02,4.851900470983623592e-02,5.119651956261564441e-02,4.225109367096350349e-02,8.247008976649150558e-02,6.222524682896819759e-02,1.326679933327421235e-01,5.336281413797008127e-02,2.252020343541940306e-01,1.787952696758568494e-01,9.081194897964038615e-02,1.668518877180371340e-01,3.811890480923104674e-01,2.014568476536103547e-01,2.760934271950540309e-01,2.212999529893303619e-01,5.217643807514388277e-02,1.466699968016677291e-01,6.549707479753172357e-02,4.910557729056388293e-02,6.984639061122907555e-02,3.527059111357676302e-02,5.043713320000425826e-02,2.313041537930171296e-02,2.164911626064634775e-02,6.710839974244608985e-02,3.891985749574158882e-02,5.263190420122561275e-02,3.800620495109641866e-02,4.929928463202315481e-02,1.796803092788617356e-02,1.767454060345569761e-02,3.119334751302170472e-02,6.229201276428326939e-02,7.816562158534742788e-02,2.907106862731808489e-02,1.046876029867302160e-01,1.442938645222882343e-01,1.492421602764964217e-01,4.946381777261889268e-02,2.006959064955599337e-01,9.159905119411963781e-02,1.552323768063851028e-01,1.077874249968582415e-01,2.101591454630676870e-01,6.982499513043434469e-02,7.131121192904849027e-02,6.079693612343098352e-02,4.351099287419638029e-02,7.210765775759703233e-02,8.201111149070043627e-02,1.338964967612974455e-01,7.448781241322843805e-02,2.596080537144960787e-01,2.419137550146508719e-01,6.689607528535169989e-02,1.613252796574524417e-01,4.619096942076359458e-01,2.360224666483891620e-01,2.972941258413134280e-01,1.936115374614132967e-01,5.032394418773000755e-02,1.563248537120048298e-01
2.416974715199969592e-02,3.489531082437750953e-02,2.281610479428905491e-02,1.398323788953085949e-02,5.578800142236296777e-02,7.114922822962889415e-02,6.923085812123382088e-02,1.535602257181574448e-02,9.427541426159745386e-02,0.000000000000000000e+00,6.285767991958714218e-02,4.685168688110027263e-02,1.139275888460308805e-01,3.480144651619769547e-02,2.595825547473746761e-02,2.734724160268598922e-02,2.291013052476710554e-02,4.452565898077987666e-02,3.286793285466065723e-02,7.115675116841833903e-02,2.870746018314834780e-02,1.203651098706868539e-01,9.555294172353946680e-02,4.933588979207755021e-02,8.958953964865283559e-02,2.050604414988030366e-01,1.073002680887004123e-01,1.485877062116645331e-01,1.184028950811793074e-01,2.824382287875945932e-02,7.817770607038433683e-02,3.507034306620744613e-02,2.655926721791012496e-02,3.732098222035757501e-02,1.842124103751421882e-02,2.740740701502014653e-02,1.243210019068839885e-02,1.154505150240586232e-02,3.674138568547725969e-02,2.093147384618524592e-02,2.776237571846305180e-02,2.037904386245311880e-02,2.744084896202175772e-02,9.918960805685272941e-03,9.470460193246217628e-03,1.708813375833763068e-02,3.352052577984997866e-02,4.118994969420491925e-02,1.597170665664685713e-02,5.712889737115914995e-02,7.574939610506462029e-02,8.045159981173242991e-02,2.693880456408370705e-02,1.060948737692513910e-01,5.027971273436528804e-02,8.462865493975940678e-02,5.818724273530415797e-02,1.128028798102989338e-01,3.819443893189056888e-02,3.834532420461277125e-02,3.313683236524102987e-02,2.452951334387775545e-02,3.917725151187485128e-02,4.420736478649279350e-02,7.100733597497790872e-02,4.074898479270393226e-02,1.396907106143557564e-01,1.297186619799393925e-01,3.559257162370711713e-02,8.683121597233041389e-02,2.494250021485702185e-01,1.264051800520437085e-01,1.604979442228931796e-01,1.027051357199101483e-01,2.776997410893355597e-02,8.449382845677046172e-02
2.905471855661344999e-02,4.233103296056851816e-02,2.818106606952480025e-02,1.733376743532582392e-02,6.799389008167162907e-02,8.643076628671646222e-02,8.479822610455810261e-02,1.889050631928475971e-02,1.148099646482303865e-01,6.285767991958714218e-02,0.000000000000000000e+00,5.727126101645561851e-02,1.373759131757206209e-01,4.184183668178970833e-02,3.252749686503847437e-02,3.262088471753681052e-02,2.721783767449453134e-02,5.344336066391917883e-02,4.034906683966291152e-02,8.567421029263243282e-02,3.538753120308866379e-02,1.462478106171310743e-01,1.172656491461091799e-01,5.884760465390360962e-02,1.079561552147536296e-01,2.494450645572055536e-01,1.308561013513928895e-01,1.815657281470756945e-01,1.437428968417404640e-01,3.417879405410197829e-02,9.504893070798567378e-02,4.364047769285135658e-02,3.236975702145345607e-02,4.593262354990475249e-02,2.307669890849903954e-02,3.339411025846505954e-02,1.525949475906230798e-02,1.430776032099413154e-02,4.441310669390455962e-02,2.572438794700557252e-02,3.454320213682441493e-02,2.496357891562652268e-02,3.270630433329142772e-02,1.200921853107212930e-02,1.147219000217755171e-02,2.046387921092788359e-02,4.058595337567851014e-02,5.029608677345928647e-02,1.954770170596628956e-02,6.924048941432214832e-02,9.321467864939755876e-02,9.816180443273261891e-02,3.223530167750150721e-02,1.309297068359710770e-01,6.085658775401518727e-02,1.025377310100536593e-01,7.133711020520469570e-02,1.378833770177623763e-01,4.573382327505544354e-02,4.691038545399731780e-02,4.011657624406186201e-02,2.936323945842832933e-02,4.746723771479997162e-02,5.351175790405954258e-02,8.709706602784836327e-02,4.865444321248719312e-02,1.687878830754323267e-01,1.582896162138647811e-01,4.348651614636681734e-02,1.052800103189380221e-01,3.028426582852937199e-01,1.551535414874767871e-01,1.954000570394464620e-01,1.254026194184289511e-01,3.357692903406743479e-02,1.025118824997340028e-01
2.253874674973774250e-02,3.208700623506778593e-02,2.100488578337267667e-02,1.295849502653306090e-02,5.052034517263930685e-02,6.431181509750474867e-02,6.333247123073042217e-02,1.414367577920051626e-02,8.582425682813750456e-02,4.685168688110027263e-02,5.727126101645561851e-02,0.000000000000000000e+00,1.034935178360307101e-01,3.152116365913343321e-02,2.384532857410069998e-02,2.463404828652210332e-02,2.052687529678147785e-02,3.970185514246129393e-02,3.001088997888950310e-02,6.454708807088391231e-02,2.667305430548247078e-02,1.086896782167974113e-01,8.754895442206007961e-02,4.465247569279857248e-02,8.112633371009618510e-02,1.872824969380620652e-01,9.767880243846369104e-02,1.352668515991895526e-01,1.069969048465727740e-01,2.582762858036937240e-02,7.084299240084759863e-02,3.236117869682898773e-02,2.422253854300662410e-02,3.440220310615785260e-02,1.721401394740452659e-02,2.488810103259633116e-02,1.123330744080813619e-02,1.027400418534184581e-02,3.327445061514336389e-02,1.914550666268616599e-02,2.590845863077276615e-02,1.896852351762324390e-02,2.468477639919052641e-02,9.064391277887322296e-03,8.367231174229033258e-03,1.627336058370769042e-02,3.062747592715502759e-02,3.794001600494432275e-02,1.486556571183775960e-02,5.173609685146711434e-02,6.919025582608384628e-02,7.404437947794247077e-02,2.432595641959732144e-02,9.662120790362280220e-02,4.574497046061735961e-02,7.636135448482372912e-02,5.366424572800662651e-02,1.033864816608611875e-01,3.446258188190989141e-02,3.544179793590534339e-02,2.984568490450056552e-02,2.196501223913197368e-02,3.533948808636608319e-02,4.018502409039587109e-02,6.462488834271781779e-02,3.734142029528430412e-02,1.249374196167056111e-01,1.181320788950597361e-01,3.246096665858100305e-02,7.845610454579859949e-02,2.268269069631336510e-01,1.146629413689433941e-01,1.460526429982657026e-01,9.260185021923098003e-02,2.486144943438318988e-02,7.748074786866743224e-02
5.224630218843365204e-02,7.759044125989612850e-02,5.098700976584592814e-02,3.119947538001705684e-02,1.223158176382844464e-01,1.588835189526782432e-01,1.539116359298561554e-01,3.400584864966360588e-02,2.112792728543481102e-01,1.139275888460308805e-01,1.373759131757206209e-01,1.034935178360307101e-01,0.000000000000000000e+00,7.604966757992687176e-02,5.731784885037869565e-02,6.032310436174937590e-02,5.097935542545195542e-02,9.822590408972048381e-02,7.331195625739046762e-02,1.564691856684262417e-01,6.321261570361769166e-02,2.664063428978344361e-01,2.114563162681873110e-01,1.084331421461478817e-01,1.978182245701856912e-01,4.527508393480114690e-01,2.384634274783514751e-01,3.292637049384007364e-01,2.622354147901831412e-01,6.228912024518958035e-02,1.738147484380520025e-01,7.981205029077698132e-02,5.917703893969901430e-02,8.313817963081901463e-02,4.205105737175417885e-02,5.988279211278092762e-02,2.743956907878249141e-02,2.553615188738355551e-02,8.212266989486946556e-02,4.648366532955055391e-02,6.241964623423623681e-02,4.539353693344858748e-02,5.978725723418037985e-02,2.189393669446601867e-02,2.111135444271658099e-02,3.726037417433854249e-02,7.448477534580977277e-02,9.265807604633861938e-02,3.478568557566771163e-02,1.253621589123107838e-01,1.701871311714044932e-01,1.771621018757355559e-01,5.928470078930494352e-02,2.380918250478125109e-01,1.101837700083664884e-01,1.864379911031626147e-01,1.285099485213453407e-01,2.496389958747017856e-01,8.373480850131315156e-02,8.539990233970688738e-02,7.310168232458194582e-02,5.294984504560921318e-02,8.606675555861029170e-02,9.749315363782555532e-02,1.580924034788287746e-01,8.866433800258501086e-02,3.103667611363599699e-01,2.879045665299459489e-01,7.914239785909533975e-02,1.928188119823888991e-01,5.526104043487644057e-01,2.802436421973590885e-01,3.534843636044363580e-01,2.273296537115347127e-01,6.042433365551174579e-02,1.861023936943010104e-01
1.600596017679194183e-02,2.322001756148209944e-02,1.543970545248718115e-02,9.398786479275528238e-03,3.689934339686205822e-02,4.769004895357820129e-02,4.625800820578376826e-02,1.013014229146515580e-02,6.330403547247757945e-02,3.480144651619769547e-02,4.184183668178970833e-02,3.152116365913343321e-02,7.604966757992687176e-02,0.000000000000000000e+00,1.717630488722098406e-02,1.800458500369082546e-02,1.541267297209852200e-02,2.944848154188311334e-02,2.217570302596262241e-02,4.718788536823528834e-02,1.909367555985849035e-02,7.888786608544946788e-02,6.362865301144694785e-02,3.286949388041252029e-02,5.884608270646696226e-02,1.349061081718334054e-01,7.205831371407267483e-02,9.860244191817378601e-02,7.869966022284149987e-02,1.890368732413217137e-02,5.168651979413611819e-02,2.370523081006031471e-02,1.771034576755354389e-02,2.482990076354860826e-02,1.249091514940802762e-02,1.844543789905343095e-02,8.281850970023771699e-03,7.644554993676179119e-03,2.461492031911474351e-02,1.387272773719190437e-02,1.880737652963146433e-02,1.389150475518918619e-02,1.860263189194238595e-02,6.704168211700312595e-03,6.272910040360022213e-03,1.131336851989009178e-02,2.250135761270055657e-02,2.776090428153738313e-02,1.073655284145609741e-02,3.778168075155989569e-02,5.140562015544120067e-02,5.354261427775573734e-02,1.795727635120636032e-02,7.176135702874208988e-02,3.312058802030448668e-02,5.631216953402853886e-02,3.875682251403308326e-02,7.561313074976849791e-02,2.576685173358516517e-02,2.561877131121058360e-02,2.208963989986142268e-02,1.645924938431994611e-02,2.601147186938290029e-02,2.957362408933905673e-02,4.799434389653862987e-02,2.654915613965520491e-02,9.299945084184757516e-02,8.626388821553859776e-02,2.378159188863897960e-02,5.816300928871246528e-02,1.655665860470675876e-01,8.524742344202579369e-02,1.064487303568758814e-01,6.856562878038242881e-02,1.828567838366100540e-02,5.616935534955827536e-02
1.242895443841606287e-02,1.782013906517728244e-02,1.205478518109404269e-02,7.130565510943868979e-03,2.834299745432839260e-02,3.625761520308379282e-02,3.592738457967373233e-02,8.397989974734738905e-03,4.851900470983623592e-02,2.595825547473746761e-02,3.252749686503847437e-02,2.384532857410069998e-02,5.731784885037869565e-02,1.717630488722098406e-02,0.000000000000000000e+00,1.369211800639798249e-02,1.094439974962508992e-02,2.214720405330468725e-02,1.753341781514480141e-02,3.588608098447231692e-02,1.566162613021726546e-02,6.220573844441133760e-02,5.180033217998043088e-02,2.478035476529109188e-02,4.510522774410628127e-02,1.069588175651107753e-01,5.565928113631105761e-02,7.678652117242262820e-02,5.970020005289158882e-02,1.389753043206278134e-02,4.083017173977300518e-02,1.851765124920221051e-02,1.360235389667529757e-02,1.971423824463429744e-02,9.797030218462404391e-03,1.440801793221128946e-02,6.606953836208228140e-03,6.354587447377425119e-03,1.899329336523942688e-02,1.113004056778353970e-02,1.482064857748386331e-02,1.051805532852109065e-02,1.350830034310538351e-02,4.880310077340776695e-03,4.840960645933587922e-03,9.001926314528958806e-03,1.718441865970597032e-02,2.084419138819115780e-02,8.365763085082401213e-03,2.914239315762042273e-02,3.889181868670303632e-02,4.142199518407140707e-02,1.322303612318831943e-02,5.535325777450810641e-02,2.530174893208137626e-02,4.309869092505228677e-02,2.995986944252320219e-02,5.800768492511932523e-02,1.906002448541144548e-02,2.019402156696968945e-02,1.689330404892685350e-02,1.184186405203863958e-02,2.003024718721544209e-02,2.239865711001416335e-02,3.599425600806881176e-02,2.042908443645725242e-02,6.998830077852302711e-02,6.740116882207758398e-02,1.820933934985703370e-02,4.468650789138577800e-02,1.304526850620545408e-01,6.427813962624151500e-02,8.141495829644274096e-02,5.321868159766127843e-02,1.368617468549672249e-02,4.308598968513543265e-02
1.235135846039202290e-02,1.873256864062159549e-02,1.229597201114355880e-02,7.187944531770746291e-03,2.888295480329492598e-02,3.817496287867448018e-02,3.648940915310483479e-02,8.117729789307118540e-03,5.119651956261564441e-02,2.734724160268598922e-02,3.262088471753681052e-02,2.463404828652210332e-02,6.032310436174937590e-02,1.800458500369082546e-02,1.369211800639798249e-02,0.000000000000000000e+00,1.239499767760588074e-02,2.328338087157829500e-02,1.776097014044948977e-02,3.784271967518848534e-02,1.498585632343394161e-02,6.391333578833995055e-02,5.067740459587088964e-02,2.610636131968520693e-02,4.736702061166479794e-02,1.090051692110308862e-01,5.714184047848378661e-02,7.891202105637322439e-02,6.313311367178930933e-02,1.482493081775151413e-02,4.142901617505892475e-02,1.848586881994475350e-02,1.386884928978718463e-02,1.966129355352957964e-02,9.878515460858511982e-03,1.394205057134180817e-02,6.389332112982957362e-03,6.042365303058288596e-03,1.886370777175457036e-02,1.086994764321732448e-02,1.468637268215653748e-02,1.052815073790808013e-02,1.414555251728317684e-02,5.116124518318877941e-03,4.977062762556326223e-03,8.855593810606497002e-03,1.790206546602819346e-02,2.203680940772045557e-02,8.181728086157177837e-03,2.943176540343651545e-02,4.103928231590289050e-02,4.219554710556833871e-02,1.416392940368123646e-02,5.660716244396247349e-02,2.628613099992580318e-02,4.450462438952251104e-02,3.044609181463453842e-02,5.955343097570270361e-02,1.994766150410268168e-02,2.033660399359127346e-02,1.732611349718410354e-02,1.252771774579072503e-02,2.062918373524364260e-02,2.335933478513942466e-02,3.849095950870831673e-02,2.139016975851359623e-02,7.502572010383184997e-02,6.892129991470223593e-02,1.886676742513666155e-02,4.605897563464898120e-02,1.321512818464551930e-01,6.703980108875398636e-02,8.434366524409087074e-02,5.496768661820945756e-02,1.439893008601360672e-02,4.475455051979771587e-02
1.050503025242151625e-02,1.575669001180699663e-02,1.037261452797649114e-02,6.123463979514970866e-03,2.434116782142992097e-02,3.185991578346920872e-02,3.111824742464168111e-02,6.585386665189313718e-03,4.225109367096350349e-02,2.291013052476710554e-02,2.721783767449453134e-02,2.052687529678147785e-02,5.097935542545195542e-02,1.541267297209852200e-02,1.094439974962508992e-02,1.239499767760588074e-02,0.000000000000000000e+00,1.953942790832383092e-02,1.493967168169844754e-02,3.200843907759345214e-02,1.263021975403005696e-02,5.351374251945963112e-02,4.195698257801859510e-02,2.187106298915824504e-02,4.000611819562219923e-02,8.954730075443373405e-02,4.810283935810449191e-02,6.582081951037717371e-02,5.320868362700598153e-02,1.265992232304886597e-02,3.479950985630542171e-02,1.502403642290974992e-02,1.135047977786362086e-02,1.621893431932321800e-02,8.117126800029066114e-03,1.198961346700674890e-02,5.349782058388442493e-03,4.976190239975177877e-03,1.569901169568151816e-02,8.930223908765811888e-03,1.203170883900099748e-02,8.786202566641955480e-03,1.209612272989618945e-02,4.337060389180663611e-03,4.123101594573027641e-03,7.687240809445067963e-03,1.519193861707808513e-02,1.886683823928042569e-02,6.937013969476863925e-03,2.494404618495472611e-02,3.387204469861390677e-02,3.549529774183524805e-02,1.172220616420965519e-02,4.642691837026702989e-02,2.217306309955530130e-02,3.729347148541756196e-02,2.570117268363305424e-02,4.980706626977113999e-02,1.707652654323572883e-02,1.656509636117335649e-02,1.448922601740333313e-02,1.052617311660038711e-02,1.705942185687274806e-02,1.963206432541679883e-02,3.182294904024192406e-02,1.802731097792122789e-02,6.212002892264791021e-02,5.713667240816844295e-02,1.579040855727615461e-02,3.867024476573727859e-02,1.097202133176172489e-01,5.589839018803324788e-02,7.065304881600689701e-02,4.563824345960705575e-02,1.220615632816426932e-02,3.718141083626552018e-02
1.992339063087083736e-02,3.041932795970390957e-02,2.001339824268359366e-02,1.218195658244310142e-02,4.751503218604606615e-02,6.191472608817835677e-02,6.010106266170907319e-02,1.319464897613048353e-02,8.247008976649150558e-02,4.452565898077987666e-02,5.344336066391917883e-02,3.970185514246129393e-02,9.822590408972048381e-02,2.944848154188311334e-02,2.214720405330468725e-02,2.328338087157829500e-02,1.953942790832383092e-02,0.000000000000000000e+00,2.879231795730402207e-02,6.070442500554586868e-02,2.484663674991977392e-02,1.026983539716224136e-01,8.195377604841984354e-02,4.166666962731961632e-02,7.737129325261453416e-02,1.753874244781643554e-01,9.223727647684787367e-02,1.282625409947883988e-01,1.015969136684359564e-01,2.409106002622224407e-02,6.720396693813636413e-02,3.016948829686714323e-02,2.249451295014866931e-02,3.174335983703908959e-02,1.622266920192924969e-02,2.352493498461581331e-02,1.078955042037389213e-02,9.673627104187799627e-03,3.068295310514708440e-02,1.777006257856577134e-02,2.385331270600746234e-02,1.739942205351440244e-02,2.306740789179330398e-02,8.465121772345859941e-03,7.990600903797492188e-03,1.422936513825722241e-02,2.919444198291040043e-02,3.585112763371332834e-02,1.369541086199570212e-02,4.852906851070182270e-02,6.612291746353499144e-02,6.927953510290760231e-02,2.277103706576655978e-02,9.151123453607674929e-02,4.275425205456546279e-02,7.194948061039158071e-02,4.925292464738741799e-02,9.675025771034560795e-02,3.247301995780695061e-02,3.260289786930584133e-02,2.824507120226431994e-02,2.048077682599776239e-02,3.320071140946836280e-02,3.761353719314866617e-02,6.159100599934250880e-02,3.455330105700667176e-02,1.197136135561955722e-01,1.106279095844528021e-01,3.020536572480869361e-02,7.465192838892452387e-02,2.123685168304458026e-01,1.078899704408864957e-01,1.363848395268182911e-01,8.891762717936978200e-02,2.325180754664255001e-02,7.255188082253291593e-02
1.511401873578075566e-02,2.239435031416865673e-02,1.517234128741766497e-02,8.790297965605679484e-03,3.574285661972916028e-02,4.707524235096958304e-02,4.486651161127121201e-02,1.014235109495434904e-02,6.222524682896819759e-02,3.286793285466065723e-02,4.034906683966291152e-02,3.001088997888950310e-02,7.331195625739046762e-02,2.217570302596262241e-02,1.753341781514480141e-02,1.776097014044948977e-02,1.493967168169844754e-02,2.879231795730402207e-02,0.000000000000000000e+00,4.644338476010597544e-02,1.834412741101907468e-02,7.969068777544581483e-02,6.323554280068656441e-02,3.153439741244833810e-02,5.789525071617381002e-02,1.339727550731645844e-01,7.018883462115324545e-02,9.682409410001915906e-02,7.841836426594428477e-02,1.820747264388563116e-02,5.161185935469288916e-02,2.313590683611676732e-02,1.714314317922817354e-02,2.420252778121561449e-02,1.214222703872481005e-02,1.711539282005737281e-02,7.967942620068786674e-03,7.719205531032272659e-03,2.345897085887812747e-02,1.348992069660231996e-02,1.805084816809685716e-02,1.279265409654756040e-02,1.716464597136617073e-02,6.207554009879955904e-03,6.335069870800242274e-03,1.075147599956377716e-02,2.183040672255120995e-02,2.704852868442041841e-02,1.008332222652260669e-02,3.637001982833743680e-02,5.075293808039541693e-02,5.184163281143275986e-02,1.722950166452301424e-02,7.066464157221437337e-02,3.193235358448124478e-02,5.476997047048549200e-02,3.770878870104161368e-02,7.324950740186537967e-02,2.421857808793236033e-02,2.490184183753203773e-02,2.140258948061720887e-02,1.511178115456201544e-02,2.555811907598781393e-02,2.863585797526323543e-02,4.696069416381822709e-02,2.608218350824480225e-02,9.204280657853858294e-02,8.522412812267042559e-02,2.339647508266900003e-02,5.667914768645240797e-02,1.630786739432387722e-01,8.290742735589720636e-02,1.044374985346315093e-01,6.822978711600424795e-02,1.804073615868623595e-02,5.452038883709206529e-02
3.278384752730587048e-02,4.875233947590127542e-02,3.192827714891371960e-02,1.901558806281376801e-02,7.565976663215587261e-02,9.904345394892968835e-02,9.538811438324944214e-02,2.120040512735003532e-02,1.326679933327421235e-01,7.115675116841833903e-02,8.567421029263243282e-02,6.454708807088391231e-02,1.564691856684262417e-01,4.718788536823528834e-02,3.588608098447231692e-02,3.784271967518848534e-02,3.200843907759345214e-02,6.070442500554586868e-02,4.644338476010597544e-02,0.000000000000000000e+00,3.941146837497114946e-02,1.660984236487490218e-01,1.319117415576991081e-01,6.792417641717818366e-02,1.223996691677125825e-01,2.830418930549624679e-01,1.481063572974216924e-01,2.048131305610683961e-01,1.638627438883878129e-01,3.844947472439926711e-02,1.088391142500660519e-01,4.827909331987778607e-02,3.607566367436375321e-02,5.201132445157996553e-02,2.589479233733560024e-02,3.688567761548510598e-02,1.688459849443298480e-02,1.585640558184374382e-02,4.922673890082585046e-02,2.838805526604104568e-02,3.841161101711831893e-02,2.765106881244626044e-02,3.687586385600566397e-02,1.316831961980560739e-02,1.301284789118656304e-02,2.355898967586440851e-02,4.630114876233053234e-02,5.742242036536369942e-02,2.141958614430236954e-02,7.730313788418945176e-02,1.065466537418616744e-01,1.103228251691858453e-01,3.688212538082576847e-02,1.483168866810847530e-01,6.819433453007260615e-02,1.158211028805300330e-01,8.003383835393143575e-02,1.544638895227417319e-01,5.175052056449987864e-02,5.312710269078915054e-02,4.494150926541019830e-02,3.282244379338965234e-02,5.353266899518198396e-02,6.111585873373673317e-02,9.943314900231120523e-02,5.551134142795735582e-02,1.933470794789554359e-01,1.799136778893284383e-01,4.976772004363670676e-02,1.196001972634082311e-01,3.443710309355245691e-01,1.756046627427222395e-01,2.195182367080824870e-01,1.434947842127848872e-01,3.758238007046233592e-02,1.159140945874113787e-01
1.408887308640362560e-02,1.935078708186365251e-02,1.268317291513234440e-02,7.548286669812201768e-03,3.094227486913845443e-02,4.002653045954571859e-02,3.825930264359659466e-02,8.947209574134543097e-03,5.336281413797008127e-02,2.870746018314834780e-02,3.538753120308866379e-02,2.667305430548247078e-02,6.321261570361769166e-02,1.909367555985849035e-02,1.566162613021726546e-02,1.498585632343394161e-02,1.263021975403005696e-02,2.484663674991977392e-02,1.834412741101907468e-02,3.941146837497114946e-02,0.000000000000000000e+00,6.789335992502112949e-02,5.594503804518523998e-02,2.812072194485082388e-02,5.010256766108803217e-02,1.180160218681900047e-01,6.080977602058458553e-02,8.315713400980208336e-02,6.595352818334281053e-02,1.565457240447456697e-02,4.395573464588140716e-02,2.043643195241806598e-02,1.516349102284392583e-02,2.125288408984856922e-02,1.055241067639871994e-02,1.494202126940986919e-02,6.927925674295978137e-03,6.742763885452655349e-03,2.133275063237317568e-02,1.180971658129711943e-02,1.584130814498718037e-02,1.162223638121151828e-02,1.492900958070398840e-02,5.555675092055386254e-03,5.357362386148437072e-03,9.608785057740543145e-03,1.857828458207830963e-02,2.293340268908037813e-02,9.166971673343854085e-03,3.211491301143012261e-02,4.317869003697411695e-02,4.521420067610893573e-02,1.522301347836626205e-02,6.121929976493600822e-02,2.777089888200200141e-02,4.754000285563474149e-02,3.312984091365358402e-02,6.398569256351274714e-02,2.096502865161542148e-02,2.225032298431958364e-02,1.870873726941781751e-02,1.354300465297355628e-02,2.225855996657199326e-02,2.413512252840807615e-02,3.999691736246344109e-02,2.263541927843297150e-02,7.817983280204400531e-02,7.422299196890078110e-02,2.010944692975504683e-02,4.915892131672462001e-02,1.427250658217068258e-01,7.154329160734726467e-02,9.028174667303351386e-02,5.813835757520598863e-02,1.541808986014154767e-02,4.754704884190493613e-02
