0.000000000000000000e+00,1.712319523746369185e-02,1.304507075681300698e-02,7.728451585835181478e-03,2.410822767843789211e-02,3.142729758363725645e-02,3.083179551512862937e-02,5.912204280482610992e-03,3.789067616598423144e-02,1.976477624479871728e-02,2.577468411798707060e-02,1.811340376104261796e-02,4.289724231218263600e-02,1.259442174754346090e-02,1.772161893508176003e-02,1.144079422992387574e-02,7.338479738793332249e-03,1.469800801845295643e-02,2.043697888648760355e-02,2.710899793655848974e-02,2.053974261745284552e-02,5.940308851374402621e-02,4.406351460352475602e-02,2.263229823402806290e-02,3.737890724344557214e-02,8.653506315261545734e-02,4.134979110256008228e-02,6.922871225640846171e-02,4.406891901971678183e-02,1.081625025879751241e-02,3.560546876869639943e-02,1.446450161236308846e-02,8.504207203785569755e-03,1.301856122973453142e-02,1.013965672943028910e-02,1.480137777521510489e-02,5.692828632845999166e-03,6.288243788685467413e-03,1.391520743270791699e-02,8.700510251660650493e-03,1.329502159818514960e-02,7.700461656456136436e-03,9.296730430225557881e-03,4.371692362153569225e-03,4.637042863151113158e-03,1.075950294668182039e-02,1.491853611988656902e-02,1.412443915795555394e-02,6.571261683400016380e-03,2.720577770101656467e-02,3.296994941216605662e-02,3.564527385185670832e-02,7.597227172703750406e-03,4.100868697853788519e-02,2.198079188511307958e-02,2.858598994762674358e-02,2.440523144186306295e-02,4.626508850574315157e-02,1.550167080459250064e-02,1.529389766846083604e-02,1.512931519578649374e-02,7.286749197339591200e-03,1.582638394831500234e-02,1.461889196110129768e-02,2.520922557405105499e-02,1.913561328045602222e-02,4.898206374290272475e-02,4.603328519665020324e-02,1.323990213158201569e-02,3.571897489725295305e-02,1.051998091870200575e-01,4.060787806353097218e-02,6.287348686786652097e-02,4.202180629769712572e-02,1.177785200564086809e-02,3.624112564244265366e-02
1.712319523746369185e-02,0.000000000000000000e+00,2.617028292493545419e-02,1.620830674286325573e-02,5.084660787580556202e-02,6.543082972226257898e-02,6.663732808758429660e-02,1.144713600191618955e-02,8.007780905184784526e-02,4.113020400049016700e-02,5.391943561332102064e-02,3.271396555028732722e-02,9.133184287339335405e-02,2.612397206463287769e-02,3.170708137159908985e-02,2.396013398198122007e-02,1.604333265998388741e-02,3.055745965182263962e-02,3.965950835948664488e-02,5.390577479525662102e-02,3.822703437332286569e-02,1.219580973150811570e-01,8.415913707397074117e-02,3.996682716079529712e-02,7.883324662236343428e-02,1.689382908623835167e-01,8.330340808199855618e-02,1.463667921896330548e-01,9.171736294220490804e-02,2.299542609844958119e-02,7.285636314436837180e-02,3.015128264505702663e-02,1.818855047373357098e-02,2.686158976018755348e-02,2.109909931574849642e-02,3.224648083622237704e-02,1.242577521617903476e-02,1.203449621787884560e-02,2.943530489988743434e-02,1.844807353634131050e-02,2.694660913069401101e-02,1.677393294426585135e-02,1.984563249114634428e-02,9.647957712895402840e-03,8.805780177474274023e-03,1.673489305054323695e-02,3.022657931280675961e-02,2.762917645690557422e-02,1.397031353866778208e-02,5.573649700706036214e-02,6.537026593380079742e-02,7.565910941862105665e-02,1.492928811968312862e-02,8.373052008550650738e-02,4.589685786306966359e-02,5.868138321353111309e-02,4.634837225574196112e-02,9.733544765492696538e-02,3.227317792154670711e-02,2.792795446135100043e-02,3.129940486036838360e-02,1.515771767184402943e-02,3.228675566801657987e-02,2.920084728159319520e-02,4.988158929299690153e-02,3.573653392198937462e-02,9.971655797931475163e-02,8.965680826309815887e-02,2.451981302618723435e-02,7.360978811929497212e-02,2.042499606767243514e-01,7.913036275103702000e-02,1.301531351357436417e-01,8.684635391665607163e-02,2.334083467960405486e-02,7.509727974798705019e-02
1.304507075681300698e-02,2.617028292493545419e-02,0.000000000000000000e+00,1.172022052229471090e-02,3.728864087623533219e-02,4.852878781558427057e-02,4.857631902898324611e-02,8.525604030034512198e-03,5.913039313085464987e-02,3.002414024167799483e-02,3.976751294836467637e-02,2.453711046437167739e-02,6.655134756126485085e-02,1.929611134130128705e-02,2.409153618966325058e-02,1.754147258388156702e-02,1.156154342791852925e-02,2.235976212244053171e-02,3.000640487147486143e-02,4.020323397355130002e-02,2.842638465088587196e-02,9.083936865343364420e-02,6.374906832164131676e-02,2.979089872275965389e-02,5.791789986294327425e-02,1.261116901003712099e-01,6.207253610594636734e-02,1.067851792246540671e-01,6.832177314792536871e-02,1.698069973601652738e-02,5.342151392287292772e-02,2.180367875420880994e-02,1.336970662291674106e-02,1.974811424523649842e-02,1.547122625620326979e-02,2.321545077700818902e-02,8.990475844886441567e-03,9.007947379055879222e-03,2.108932976264054487e-02,1.345597525307077984e-02,1.983609323875187846e-02,1.222742330425624115e-02,1.458106970199069853e-02,6.929334641804627340e-03,6.624617725153767074e-03,1.285223500941535917e-02,2.257653162020039836e-02,2.063070781306022491e-02,1.020885885111166846e-02,4.068135166736100428e-02,4.878028973693124271e-02,5.518692660355962315e-02,1.115766441765647828e-02,6.238984486952025427e-02,3.295756139811646668e-02,4.319908265651650064e-02,3.419363146112733287e-02,7.108545857653493505e-02,2.372147384520593635e-02,2.126506611183236889e-02,2.305118603066976316e-02,1.094566545346668286e-02,2.398902428616190782e-02,2.201547841778340314e-02,3.737114943622043411e-02,2.673260240409345775e-02,7.450927829429222771e-02,6.718685560300835524e-02,1.823854708831816954e-02,5.428034064088526484e-02,1.526495039380302288e-01,5.941445843070980448e-02,9.603059884889110498e-02,6.461573691852104395e-02,1.762906061416575840e-02,5.549546146239280053e-02
7.728451585835181478e-03,1.620830674286325573e-02,1.172022052229471090e-02,0.000000000000000000e+00,2.292328781926915998e-02,2.932742897607021337e-02,2.991736725980911546e-02,5.213016358981019394e-03,3.559685037105262545e-02,1.829568024403213644e-02,2.405074979159388740e-02,1.466302899893306977e-02,4.111300735125328343e-02,1.184334766966825374e-02,1.414739972868235378e-02,1.047388983487905836e-02,7.210357512695594016e-03,1.356279921864882165e-02,1.782311490550657004e-02,2.386796638105741913e-02,1.732483082085328058e-02,5.427113238452763860e-02,3.748530861193249963e-02,1.797159538554660846e-02,3.522701747058192001e-02,7.550953595403064877e-02,3.691347289244491930e-02,6.511729930115253695e-02,4.054931181337907004e-02,1.003448927040862318e-02,3.253579765704608245e-02,1.351655479378645330e-02,8.296472881972813407e-03,1.229758392940607896e-02,9.662496402770639342e-03,1.432348683951779368e-02,5.337371352914005787e-03,5.334000320453885849e-03,1.318893036873998968e-02,8.289643286394265259e-03,1.240772273657207887e-02,7.666431327108103218e-03,8.844360373682001036e-03,4.308960642198099954e-03,4.016596300162444261e-03,7.910896093143287081e-03,1.357585813352290421e-02,1.256258249049319042e-02,6.336545814134911248e-03,2.512659021931771403e-02,2.944446701649723955e-02,3.383074358656656955e-02,6.843392037443084448e-03,3.719652689093237707e-02,2.034380839018859466e-02,2.602150566001339843e-02,2.106882063867405314e-02,4.344542241301226071e-02,1.439058345041474563e-02,1.269192410222235064e-02,1.402139112785587456e-02,6.839305336809782705e-03,1.437655400729580604e-02,1.324365331658034634e-02,2.269869067627499834e-02,1.647263801409326600e-02,4.433104315983171784e-02,4.013704062941964718e-02,1.125199186892849625e-02,3.269228479905497003e-02,9.168256213652660469e-02,3.518343402828642830e-02,5.785311701333747947e-02,3.873806613032133167e-02,1.043889862793510176e-02,3.390751432691706257e-02
2.410822767843789211e-02,5.084660787580556202e-02,3.728864087623533219e-02,2.292328781926915998e-02,0.000000000000000000e+00,9.293471736889527546e-02,9.480725657632037284e-02,1.671608322082267575e-02,1.127017172186907529e-01,5.844933990190437356e-02,7.702170992782104986e-02,4.619971105298367048e-02,1.302686693177402544e-01,3.697293536472415904e-02,4.502351929986031509e-02,3.366522587086654555e-02,2.311412752043907892e-02,4.373049562308834598e-02,5.632399769735972617e-02,7.582898248009238562e-02,5.387101185551846499e-02,1.733368725432727353e-01,1.193505524678199758e-01,5.621057035174011757e-02,1.125709524081838775e-01,2.403687184214819972e-01,1.172356659763079123e-01,2.069896966971323249e-01,1.299541839789042363e-01,3.208320504422793040e-02,1.031978302470299286e-01,4.343278703873684754e-02,2.652380914827580025e-02,3.895332538267683858e-02,3.031555495898697120e-02,4.554435710488174971e-02,1.764224756338270833e-02,1.702286356041621956e-02,4.227309629376625050e-02,2.676949441832991716e-02,3.873812183678280313e-02,2.392866194965795335e-02,2.800964073895595430e-02,1.369253287091732642e-02,1.262461819092085442e-02,2.407239721617427178e-02,4.255460757742390854e-02,3.970309936362365760e-02,2.000806233280440216e-02,7.994356739133667844e-02,9.282539889311840209e-02,1.073046167966172637e-01,2.148698812190967880e-02,1.194769472397935323e-01,6.510624477487816919e-02,8.401765984818637678e-02,6.609406181425170335e-02,1.376138008595996221e-01,4.577863088485227550e-02,3.960071610586093915e-02,4.429725153217609068e-02,2.143904063775608701e-02,4.582297275458292740e-02,4.176727528094979075e-02,7.120204205737971914e-02,5.065152058196126239e-02,1.422299890397441258e-01,1.278864358698249826e-01,3.553184155686296003e-02,1.044114981142337389e-01,2.920235652467199627e-01,1.123172996489490705e-01,1.849041414515081583e-01,1.242682026454178662e-01,3.351366813411469497e-02,1.069681267399069935e-01
3.142729758363725645e-02,6.543082972226257898e-02,4.852878781558427057e-02,2.932742897607021337e-02,9.293471736889527546e-02,0.000000000000000000e+00,1.226439361314621002e-01,2.141031404950612116e-02,1.479076569832083465e-01,7.534299125312510226e-02,9.916996647005145438e-02,5.991828882947970725e-02,1.680678227219075394e-01,4.801846404466551116e-02,5.817232176043544978e-02,4.354835288936940302e-02,2.907763454477346396e-02,5.632613161027488075e-02,7.360144765033668768e-02,9.957486756471387035e-02,6.954116836723325812e-02,2.253888173568984188e-01,1.579896366045080991e-01,7.274522622578408204e-02,1.460438735305490399e-01,3.134301426107404809e-01,1.543104815180155742e-01,2.688668462797689784e-01,1.693522885391550714e-01,4.198391118666577881e-02,1.329641548398499684e-01,5.542129490634576522e-02,3.409387044546341450e-02,4.983436886788790432e-02,3.885876386842051361e-02,5.869651303060457320e-02,2.271026294897598302e-02,2.241373948273185993e-02,5.336485982401450306e-02,3.408605193044759313e-02,4.973674959162923542e-02,3.045447353820792194e-02,3.648102946139180486e-02,1.750593449568126070e-02,1.640082344088030636e-02,3.124507722823311948e-02,5.581207409776189898e-02,5.157045784580247677e-02,2.550720160037749096e-02,1.012939241477552044e-01,1.214576857264693249e-01,1.386369284321392892e-01,2.763832598206857061e-02,1.564798959981801296e-01,8.287174811704747790e-02,1.083765388561620663e-01,8.449055561380797164e-02,1.793653956045183351e-01,5.874162554810459513e-02,5.183514680803465863e-02,5.737856041372232929e-02,2.760562006872407936e-02,5.969817292367946698e-02,5.457873367144581989e-02,9.308236026640206995e-02,6.580692023151077374e-02,1.845363867846765982e-01,1.677161338167462434e-01,4.568010354412989360e-02,1.366766258700745085e-01,3.791694353239197235e-01,1.475749397204307034e-01,2.400186546615645511e-01,1.617337878931898454e-01,4.330111236636768890e-02,1.383645490785767040e-01
3.083179551512862937e-02,6.663732808758429660e-02,4.857631902898324611e-02,2.991736725980911546e-02,9.480725657632037284e-02,1.226439361314621002e-01,0.000000000000000000e+00,2.188854114593498726e-02,1.492210946491034640e-01,7.602330388385301896e-02,1.016637617758867906e-01,6.005493181409111980e-02,1.710088066302624110e-01,4.803505992096326893e-02,5.907914115416448841e-02,4.425808590684375543e-02,3.036410573886308070e-02,5.727968263621181777e-02,7.396194517763879372e-02,9.911961689433060330e-02,7.095422760700173526e-02,2.287069610034432598e-01,1.568489673619061220e-01,7.290057927487730849e-02,1.483689321093915325e-01,3.157803425057498781e-01,1.523070039315071178e-01,2.735358204119822667e-01,1.703842201832676817e-01,4.202506508358645754e-02,1.353722510919542488e-01,5.760773774239863476e-02,3.501539488211046630e-02,5.145462409810022675e-02,4.015462455973949768e-02,6.003253899145777339e-02,2.326476077979017232e-02,2.259410432475389072e-02,5.629797316515526562e-02,3.540030752597676106e-02,5.106434936971801508e-02,3.145256477217604762e-02,3.642381873193036024e-02,1.805071106006152920e-02,1.666760606386959859e-02,3.059309253195198475e-02,5.550157381904992360e-02,5.074401346885931002e-02,2.595163733358617220e-02,1.045411221809857127e-01,1.214542789035776005e-01,1.417641791316303357e-01,2.809603234576614830e-02,1.571999553553467543e-01,8.471285115708097890e-02,1.096191364553476960e-01,8.571712007104219377e-02,1.814328186492636108e-01,5.955004443408378617e-02,5.127131499474485432e-02,5.826360358350249347e-02,2.804819155202940145e-02,5.995749859724334302e-02,5.377592797534905961e-02,9.272952287309904618e-02,6.626475470232084941e-02,1.856449317079247596e-01,1.670735309848421779e-01,4.594215941594336633e-02,1.368910721272106334e-01,3.814558301400569063e-01,1.452645372894243447e-01,2.420706957525265157e-01,1.625528838324429570e-01,4.335285437624999960e-02,1.398864363901299590e-01
5.912204280482610992e-03,1.144713600191618955e-02,8.525604030034512198e-03,5.213016358981019394e-03,1.671608322082267575e-02,2.141031404950612116e-02,2.188854114593498726e-02,0.000000000000000000e+00,2.615778568225516146e-02,1.349920104551769091e-02,1.795619722930245216e-02,1.127067586832704998e-02,2.988120068216275349e-02,8.604499570173815975e-03,1.116221455379899814e-02,7.750684170525265655e-03,5.187712260272112595e-03,1.021938238672543547e-02,1.324615387169771757e-02,1.794998709247680457e-02,1.255761945810151409e-02,4.023304382870133977e-02,2.890719901783838502e-02,1.334527303142710869e-02,2.567762400589972474e-02,5.749588521641412625e-02,2.762054630967892069e-02,4.755428042509035613e-02,3.047278008581886036e-02,7.419998799211179573e-03,2.398425700300165983e-02,9.927433765738865809e-03,6.228531612191559423e-03,9.356821313171247156e-03,6.936207167763273548e-03,1.029600326260229209e-02,4.067291508387401409e-03,4.056895630089891319e-03,9.527766666733494816e-03,6.233490471992553066e-03,8.979877854913586796e-03,5.371918365004618376e-03,6.639090085442654089e-03,3.080966595498429734e-03,2.979875889227276767e-03,5.766799604180881944e-03,1.001162603727122520e-02,9.436664385421240919e-03,4.586690520660034222e-03,1.804669566506443210e-02,2.169271214825001584e-02,2.451248875547849121e-02,5.024821885972427862e-03,2.790915670858613515e-02,1.479189978227171860e-02,2.022431539283186391e-02,1.563527228278616121e-02,3.213451524628337108e-02,1.054878717969485145e-02,9.680416775988354150e-03,1.025935886380560484e-02,4.886837089167176025e-03,1.081537163798785423e-02,1.011209305397470747e-02,1.692633863754164011e-02,1.190391464281291729e-02,3.366564856401026151e-02,3.090321709716034593e-02,8.348339373349212417e-03,2.407015413576877802e-02,6.951807040803356652e-02,2.708972225868399100e-02,4.355733737425949298e-02,2.902432828312819998e-02,7.694673736864077532e-03,2.471062867380559303e-02
3.789067616598423144e-02,8.007780905184784526e-02,5.913039313085464987e-02,3.559685037105262545e-02,1.127017172186907529e-01,1.479076569832083465e-01,1.492210946491034640e-01,2.615778568225516146e-02,0.000000000000000000e+00,9.202801148037770274e-02,1.215986155165622584e-01,7.258630239884844570e-02,2.048001127540671762e-01,5.842032707859108609e-02,7.156287317925237590e-02,5.366690491905800470e-02,3.589726875125934941e-02,6.824969609142815530e-02,9.009743126224642462e-02,1.221370109661041037e-01,8.462459349024530064e-02,2.767973506008969409e-01,1.930987278572619259e-01,8.787535784443480102e-02,1.776105619026658866e-01,3.815345198873935639e-01,1.895505755255388058e-01,3.286527726017675621e-01,2.077623147694980521e-01,5.145430930020008370e-02,1.629158090783235646e-01,6.737929614322091254e-02,4.193403932412657908e-02,6.155878851187036871e-02,4.726010530922192948e-02,7.179041777934902502e-02,2.767674269775460133e-02,2.763292129076523260e-02,6.506595715456599260e-02,4.184006399125281966e-02,6.113475554472275197e-02,3.703081361881162964e-02,4.455147918356835990e-02,2.138800600359071560e-02,2.015854751742670800e-02,3.755087356487637335e-02,6.780035933020474304e-02,6.275901993629302844e-02,3.096643142471271204e-02,1.228534226966038756e-01,1.475351577693373439e-01,1.687016660930156231e-01,3.335786723016245792e-02,1.906218924225323019e-01,1.014620542659909197e-01,1.321828288534468154e-01,1.033577788142160392e-01,2.189568611136961662e-01,7.130147740184827887e-02,6.326934795328680028e-02,7.008965733160418821e-02,3.411214629603123716e-02,7.327462597431846913e-02,6.669386623234661859e-02,1.143390370596479300e-01,8.005937887483678683e-02,2.254841202670277156e-01,2.049356833675012868e-01,5.544080946824966882e-02,1.660597668896810486e-01,4.608471960361289477e-01,1.799937412693604077e-01,2.938000304870426738e-01,1.971893187609863318e-01,5.258608062980760223e-02,1.680070902956791179e-01
1.976477624479871728e-02,4.113020400049016700e-02,3.002414024167799483e-02,1.829568024403213644e-02,5.844933990190437356e-02,7.534299125312510226e-02,7.602330388385301896e-02,1.349920104551769091e-02,9.202801148037770274e-02,0.000000000000000000e+00,6.251839525464740477e-02,3.717340873448576194e-02,1.039701155211915778e-01,2.956826052287227918e-02,3.716014042466992545e-02,2.753489322777021367e-02,1.829564764383545886e-02,3.525686244902908467e-02,4.625997736048294284e-02,6.159525036419639943e-02,4.430422242822695811e-02,1.425499250053177125e-01,9.751862016923583398e-02,4.590471819797294073e-02,9.089336634076121413e-02,1.962625213284122649e-01,9.414664891776521050e-02,1.682830505590837966e-01,1.053058486020394674e-01,2.631733989641281760e-02,8.392042931088888880e-02,3.482082456458476805e-02,2.148548014010314908e-02,3.098588525469166827e-02,2.421411041724172777e-02,3.675291895332631620e-02,1.428904352441246785e-02,1.403926928140124611e-02,3.389218261581417729e-02,2.172944153378558035e-02,3.129346237761368443e-02,1.902330182191348112e-02,2.240562609003852665e-02,1.097139057362270936e-02,1.039755410005729908e-02,1.942124853255660158e-02,3.473041198043871208e-02,3.112682849535669538e-02,1.583284506144704007e-02,6.466818982199531995e-02,7.434883783024311132e-02,8.683160139619160167e-02,1.714945019215903185e-02,9.683269012154223365e-02,5.211447953184548953e-02,6.735268033522075204e-02,5.309901886528763104e-02,1.115393693804539177e-01,3.677717766885435502e-02,3.189807979746398653e-02,3.635580340463658022e-02,1.722377981338687331e-02,3.789540361428948845e-02,3.295385358961885891e-02,5.666815866065499918e-02,4.116635615757434363e-02,1.158753259986292639e-01,1.035343140208606488e-01,2.796895417757954555e-02,8.476315474665742367e-02,2.373891061499026622e-01,8.946894822102655076e-02,1.502095798315001285e-01,1.000118454481156716e-01,2.736212603916842942e-02,8.668578558784099941e-02
2.577468411798707060e-02,5.391943561332102064e-02,3.976751294836467637e-02,2.405074979159388740e-02,7.702170992782104986e-02,9.916996647005145438e-02,1.016637617758867906e-01,1.795619722930245216e-02,1.215986155165622584e-01,6.251839525464740477e-02,0.000000000000000000e+00,4.970237275869720389e-02,1.384194282705855372e-01,3.934904162286184670e-02,4.848148506415440873e-02,3.610119034358481860e-02,2.476373346361553443e-02,4.687046002984607274e-02,6.060557658551569277e-02,8.194713936947083111e-02,5.761378997996590562e-02,1.863519137074949317e-01,1.299055809709260823e-01,5.966976838930585642e-02,1.198378842912065645e-01,2.579236407432450306e-01,1.264472458185762482e-01,2.220658244511540258e-01,1.400353908505833356e-01,3.487976388655052162e-02,1.101430525589607717e-01,4.640128933284497909e-02,2.843350786783559181e-02,4.176775339000052267e-02,3.208419997390764278e-02,4.880814597647518266e-02,1.899901486729417555e-02,1.843273541240875862e-02,4.480913232060591833e-02,2.844076996996788842e-02,4.136159005823110413e-02,2.501946463653735228e-02,3.045729713351368745e-02,1.480608826311821322e-02,1.352316786625844605e-02,2.559945250534042399e-02,4.591590091203684443e-02,4.261373261710977439e-02,2.119531762498398295e-02,8.433579225912753163e-02,9.903525147387516603e-02,1.149066859753757747e-01,2.286082795891142272e-02,1.282069071865371834e-01,6.894320554700165971e-02,9.030203141701455272e-02,7.028276510470703176e-02,1.480536105054986173e-01,4.873974928429092301e-02,4.246694335719559260e-02,4.762235541767862596e-02,2.307305901924645158e-02,4.940987764144954414e-02,4.464129982671682928e-02,7.699087456607281443e-02,5.432356149079792251e-02,1.524576886236099771e-01,1.384735255982401936e-01,3.752439767279347471e-02,1.115121868557337192e-01,3.118870116163110495e-01,1.218805420316540489e-01,1.989991438509479404e-01,1.327094670086021722e-01,3.586432587647227915e-02,1.141511002264936070e-01
1.811340376104261796e-02,3.271396555028732722e-02,2.453711046437167739e-02,1.466302899893306977e-02,4.619971105298367048e-02,5.991828882947970725e-02,6.005493181409111980e-02,1.127067586832704998e-02,7.258630239884844570e-02,3.717340873448576194e-02,4.970237275869720389e-02,0.000000000000000000e+00,8.291135304029911834e-02,2.381874485334303446e-02,3.185955237937299067e-02,2.189353613242460070e-02,1.433567189263253161e-02,2.811879750391163210e-02,3.802338221351866943e-02,5.010744778176820513e-02,3.737652858532870825e-02,1.130426329906302069e-01,8.168642847710207155e-02,3.970593844812140422e-02,7.161876214941810537e-02,1.611052835107565362e-01,7.600696278169044584e-02,1.336523071929520967e-01,8.474099234782092593e-02,2.091680334967684768e-02,6.760810773839968923e-02,2.791097489280285060e-02,1.688221838427060237e-02,2.535510699358804049e-02,1.944048299562378332e-02,2.861686990122162821e-02,1.097963291644815480e-02,1.156611558153909820e-02,2.685888568429375262e-02,1.728992014512186273e-02,2.549575266041533006e-02,1.507858405555271251e-02,1.786407764515402299e-02,8.588966965412375004e-03,8.469051875792443784e-03,1.833906659932836927e-02,2.809684475214476590e-02,2.567459801455749396e-02,1.252552559935461197e-02,5.171486196238381239e-02,6.098872358522647308e-02,6.900647523323760746e-02,1.416128330213111547e-02,7.754579613887971345e-02,4.144757324304437079e-02,5.408071305429138637e-02,4.428605730182004485e-02,8.918818187699800726e-02,2.965404981505546933e-02,2.707991610446651431e-02,2.901136068334775331e-02,1.379652782162484742e-02,3.015775922183506694e-02,2.736681122445445286e-02,4.640888838568085067e-02,3.465838662250853713e-02,9.259034754345472906e-02,8.567072485044481545e-02,2.381969784161376905e-02,6.736532973742216657e-02,1.949102468186151016e-01,7.396056827301997205e-02,1.204339874464985805e-01,8.021902558522024662e-02,2.240303875104139586e-02,6.958205742447770570e-02
4.289724231218263600e-02,9.133184287339335405e-02,6.655134756126485085e-02,4.111300735125328343e-02,1.302686693177402544e-01,1.680678227219075394e-01,1.710088066302624110e-01,2.988120068216275349e-02,2.048001127540671762e-01,1.039701155211915778e-01,1.384194282705855372e-01,8.291135304029911834e-02,0.000000000000000000e+00,6.606414457370354820e-02,8.184613775228739840e-02,6.089528294783776857e-02,4.111562277176856323e-02,7.855059263049894713e-02,1.014323481878766919e-01,1.362607335314970913e-01,9.743551982689384328e-02,3.161619994412850354e-01,2.171368729953628562e-01,1.010636424502092262e-01,2.033889867129177464e-01,4.355116241374794028e-01,2.109035687643220081e-01,3.752505835834739623e-01,2.347992780370826149e-01,5.767158341685353629e-02,1.863905262843756350e-01,7.932054716492524526e-02,4.793483141219232607e-02,7.003546910197706865e-02,5.480117731648530971e-02,8.178844043200947378e-02,3.167518099956690564e-02,3.133571616235734936e-02,7.715734340581618944e-02,4.836639657535084930e-02,6.941369288670899695e-02,4.318920721937535151e-02,4.959127619819829469e-02,2.457409217515599265e-02,2.325102608768349344e-02,4.286468752704988838e-02,7.634776474374496691e-02,7.010248624840526022e-02,3.555946456332562122e-02,1.423653308454805866e-01,1.670776044619726453e-01,1.936661963901206429e-01,3.856242130983828648e-02,2.171332972489619373e-01,1.157855000909461807e-01,1.506151900386686060e-01,1.178497975244889029e-01,2.495143544846077366e-01,8.105563283023896337e-02,7.150561149425425922e-02,8.004584281704441029e-02,3.830760675164492784e-02,8.295974571928098340e-02,7.431946601471657587e-02,1.278506297881529530e-01,9.128811051233060025e-02,2.571855386101389862e-01,2.318375283312680557e-01,6.351148254140458194e-02,1.891741774130143161e-01,5.283668096492755151e-01,2.008028901023435064e-01,3.336839005090164734e-01,2.234591187702519022e-01,5.992458616615948391e-02,1.926780247151319014e-01
1.259442174754346090e-02,2.612397206463287769e-02,1.929611134130128705e-02,1.184334766966825374e-02,3.697293536472415904e-02,4.801846404466551116e-02,4.803505992096326893e-02,8.604499570173815975e-03,5.842032707859108609e-02,2.956826052287227918e-02,3.934904162286184670e-02,2.381874485334303446e-02,6.606414457370354820e-02,0.000000000000000000e+00,2.373694736992128587e-02,1.735424030245557789e-02,1.153642486494371906e-02,2.219623275231305537e-02,2.948958797083396297e-02,3.882587931793306246e-02,2.800118841747360754e-02,8.989072053458364853e-02,6.183466118645071508e-02,2.943257477717168072e-02,5.666544815912930022e-02,1.238066776973557742e-01,6.026045042807452734e-02,1.063164552298491300e-01,6.702095065490197567e-02,1.656532710747914139e-02,5.324248482202369875e-02,2.218624093130583397e-02,1.341772662466019991e-02,1.975664266270791072e-02,1.552353860668246113e-02,2.323614954818865874e-02,8.970126544271960975e-03,9.012693376732308984e-03,2.133544512907608118e-02,1.357908329970963952e-02,1.993394814139972174e-02,1.206998765291253904e-02,1.437390629231222530e-02,7.085499567533150994e-03,6.621216509582542042e-03,1.248371764480376081e-02,2.222001335496572721e-02,2.007011513099349331e-02,1.007586420846083748e-02,4.054689770291589057e-02,4.748949734753498547e-02,5.475537540388590585e-02,1.090228131373500477e-02,6.140990210531555721e-02,3.343495654684552898e-02,4.271839972630082916e-02,3.424373166235766819e-02,7.061897540770402382e-02,2.363237996057426793e-02,2.053962432914784378e-02,2.309477021856856313e-02,1.110483609794722312e-02,2.419228276553618898e-02,2.149103343486694767e-02,3.633869569989378601e-02,2.598826877242599309e-02,7.325490292364986167e-02,6.556201533343510024e-02,1.804311980847179628e-02,5.382265023563193029e-02,1.503917511679764840e-01,5.723530793605015321e-02,9.547441151191451980e-02,6.356601520435987973e-02,1.729777766119353771e-02,5.537391396299953805e-02
1.772161893508176003e-02,3.170708137159908985e-02,2.409153618966325058e-02,1.414739972868235378e-02,4.502351929986031509e-02,5.817232176043544978e-02,5.907914115416448841e-02,1.116221455379899814e-02,7.156287317925237590e-02,3.716014042466992545e-02,4.848148506415440873e-02,3.185955237937299067e-02,8.184613775228739840e-02,2.373694736992128587e-02,0.000000000000000000e+00,2.130809757895489598e-02,1.417830953764188766e-02,2.762225358810066825e-02,3.653232954860028553e-02,5.037233484819347851e-02,3.526762308552107428e-02,1.081983111027328137e-01,8.020251633938126068e-02,3.822978596476954427e-02,7.029520983020207114e-02,1.576978555496775791e-01,7.825189297307183489e-02,1.290775199765182013e-01,8.319394358324257166e-02,2.028420291487958646e-02,6.565814633897201769e-02,2.677204444624306859e-02,1.639657080885948900e-02,2.553580711329185571e-02,1.874273471923945319e-02,2.845083508071835285e-02,1.083618161149340307e-02,1.108919662498095149e-02,2.569181651416772849e-02,1.650853929362124453e-02,2.457108012650664405e-02,1.467514932282565181e-02,1.814287567429138937e-02,8.213030940413670183e-03,7.970643124468639734e-03,1.762989105985117086e-02,2.795577396602771589e-02,2.709813607421061865e-02,1.260048454334672732e-02,4.876175266813146530e-02,5.971347893484770658e-02,6.640195532753004337e-02,1.426344878569050546e-02,7.561016024400665780e-02,4.105267944478924874e-02,5.462288351658332181e-02,4.358899988228145950e-02,8.669754178663897914e-02,2.884206175839174741e-02,2.734414573367976650e-02,2.777963530379433735e-02,1.357011334095507490e-02,2.912008199665149649e-02,2.812957419089454764e-02,4.729572557440809427e-02,3.397586943289186701e-02,9.147982602626567039e-02,8.592631551379113775e-02,2.383297047472358529e-02,6.637973088578649761e-02,1.913235641267017895e-01,7.600012944808128001e-02,1.170858542409662917e-01,7.876891720992368340e-02,2.112302195108393260e-02,6.740904791520845041e-02
1.144079422992387574e-02,2.396013398198122007e-02,1.754147258388156702e-02,1.047388983487905836e-02,3.366522587086654555e-02,4.354835288936940302e-02,4.425808590684375543e-02,7.750684170525265655e-03,5.366690491905800470e-02,2.753489322777021367e-02,3.610119034358481860e-02,2.189353613242460070e-02,6.089528294783776857e-02,1.735424030245557789e-02,2.130809757895489598e-02,0.000000000000000000e+00,1.080225911450512222e-02,2.040677133358996184e-02,2.680995882454839663e-02,3.605775169856960394e-02,2.533780387076337362e-02,8.186375616501838370e-02,5.684116019527228614e-02,2.655984619311341222e-02,5.261156226469141522e-02,1.134739868856836364e-01,5.571548027403342568e-02,9.783784941630435661e-02,6.140788636212606011e-02,1.536579354136123100e-02,4.815645925907770242e-02,2.036271000820245175e-02,1.223178650396866338e-02,1.784354320517728826e-02,1.392895694131494715e-02,2.142120476374678381e-02,8.250852953694988792e-03,8.032646025638030818e-03,1.953853784775726882e-02,1.234885566160276102e-02,1.786924465423243152e-02,1.083349410603862834e-02,1.328661701350980148e-02,6.505063178378459737e-03,5.888361551681891952e-03,1.133158317696282211e-02,2.043624912337979604e-02,1.821332749002693707e-02,9.147972030801934662e-03,3.672918874948608026e-02,4.341614722089546380e-02,5.044426932738622915e-02,1.000105378514340795e-02,5.607907525799717824e-02,3.050993631425191754e-02,3.943202869152361012e-02,3.078424757491155309e-02,6.489401060197595716e-02,2.117379185307635345e-02,1.868915537181320766e-02,2.089815267862609599e-02,1.012351283224646042e-02,2.180470924071719468e-02,1.945402394185572620e-02,3.356639852551919490e-02,2.369402672929932577e-02,6.717349796200700052e-02,6.046355613755247105e-02,1.633609743833743660e-02,4.922445226029265042e-02,1.370909042142423040e-01,5.289147730596999858e-02,8.725856878450195808e-02,5.818036065015325803e-02,1.571345291568825020e-02,5.021787775513818913e-02
7.338479738793332249e-03,1.604333265998388741e-02,1.156154342791852925e-02,7.210357512695594016e-03,2.311412752043907892e-02,2.907763454477346396e-02,3.036410573886308070e-02,5.187712260272112595e-03,3.589726875125934941e-02,1.829564764383545886e-02,2.476373346361553443e-02,1.433567189263253161e-02,4.111562277176856323e-02,1.153642486494371906e-02,1.417830953764188766e-02,1.080225911450512222e-02,0.000000000000000000e+00,1.365333421180571320e-02,1.784483997820841827e-02,2.388834557742246928e-02,1.715991449980771438e-02,5.509550623691705784e-02,3.738596525642098184e-02,1.737815428788983679e-02,3.606298718059516156e-02,7.574051981790975996e-02,3.659696481899114839e-02,6.624082508718162621e-02,4.090870708020450525e-02,1.029910469424408052e-02,3.229781463076801529e-02,1.389341024948892098e-02,8.436936132396788759e-03,1.232859499325811292e-02,9.604749155830887355e-03,1.460803638171135482e-02,5.725162311735313564e-03,5.395765869185421837e-03,1.359261586325408687e-02,8.458562209406751686e-03,1.223785252336561345e-02,7.518922464097462649e-03,8.912249922832493274e-03,4.433961491131000604e-03,3.907715539920985498e-03,7.274936637413942017e-03,1.358961754954131698e-02,1.214597980420897838e-02,6.373093059008018771e-03,2.539341345161743105e-02,2.845954444886582974e-02,3.443730647190974131e-02,6.686345238050195663e-03,3.750675321590155042e-02,2.063781421032392926e-02,2.667563381256730579e-02,2.073057807547191989e-02,4.366763350785630299e-02,1.434950537711839232e-02,1.230173472787455743e-02,1.405524114245606214e-02,6.805234327807734365e-03,1.455868107812464951e-02,1.279458236608484352e-02,2.198891253306427609e-02,1.614506490378391987e-02,4.470064749878480820e-02,4.003632412983489097e-02,1.088934887747948152e-02,3.285806984415686610e-02,9.136305249016475616e-02,3.453505484992219071e-02,5.870824274166055318e-02,3.874745351477444644e-02,1.055555467777646861e-02,3.381047016668339844e-02
1.469800801845295643e-02,3.055745965182263962e-02,2.235976212244053171e-02,1.356279921864882165e-02,4.373049562308834598e-02,5.632613161027488075e-02,5.727968263621181777e-02,1.021938238672543547e-02,6.824969609142815530e-02,3.525686244902908467e-02,4.687046002984607274e-02,2.811879750391163210e-02,7.855059263049894713e-02,2.219623275231305537e-02,2.762225358810066825e-02,2.040677133358996184e-02,1.365333421180571320e-02,0.000000000000000000e+00,3.419630624955904974e-02,4.625119910390422528e-02,3.265479774997154250e-02,1.060949321508659476e-01,7.309961145401980276e-02,3.410350399784908143e-02,6.737205174814578368e-02,1.472507246428855776e-01,7.119619845762759081e-02,1.254171042103177092e-01,7.906494538315554654e-02,1.951490371385505504e-02,6.241863987713033857e-02,2.629591929305279477e-02,1.592346212418322901e-02,2.320959808754846296e-02,1.801967732758002691e-02,2.710016864017136817e-02,1.062387246653946800e-02,1.048978703894270191e-02,2.536541842712411801e-02,1.613203410353119746e-02,2.298401918603983421e-02,1.407923788918470989e-02,1.663994104863527473e-02,8.174808339851014072e-03,7.712857635810088652e-03,1.441696906542732151e-02,2.598231089662327367e-02,2.365084654188874189e-02,1.188613071491531961e-02,4.787231788544029504e-02,5.590608177319671829e-02,6.484433850815432554e-02,1.291506158903260593e-02,7.263912479181605653e-02,3.910807478948109817e-02,5.121594516675459507e-02,3.957457279325151539e-02,8.335912512423479526e-02,2.731005964907268560e-02,2.392553958330897318e-02,2.673014664255762493e-02,1.297481826826558070e-02,2.786022331644475228e-02,2.492725049304655646e-02,4.304794943908029498e-02,3.059139278763920583e-02,8.710026290312578023e-02,7.817417228883984104e-02,2.118416979910583975e-02,6.350541027264565430e-02,1.781731713354560154e-01,6.806067555677575154e-02,1.121994091447903741e-01,7.536696151001366639e-02,2.034765623075907373e-02,6.470172622555388220e-02
2.043697888648760355e-02,3.965950835948664488e-02,3.000640487147486143e-02,1.782311490550657004e-02,5.632399769735972617e-02,7.360144765033668768e-02,7.396194517763879372e-02,1.324615387169771757e-02,9.009743126224642462e-02,4.625997736048294284e-02,6.060557658551569277e-02,3.802338221351866943e-02,1.014323481878766919e-01,2.948958797083396297e-02,3.653232954860028553e-02,2.680995882454839663e-02,1.784483997820841827e-02,3.419630624955904974e-02,0.000000000000000000e+00,6.222095597213687934e-02,4.356028119732845844e-02,1.366165954033088381e-01,9.813194571392393206e-02,4.571013875630680623e-02,8.802037549238500569e-02,1.918832096068933679e-01,9.602714957034719223e-02,1.629478811854008780e-01,1.042920908179704870e-01,2.586020731433863115e-02,8.141484885125135906e-02,3.334934640247704668e-02,2.055631453084210900e-02,3.077996875266030344e-02,2.368462981828649977e-02,3.603205790334931130e-02,1.380161997971793460e-02,1.380048029969884078e-02,3.204775234280470009e-02,2.052785472387640836e-02,3.079090763079679605e-02,1.835903281063391151e-02,2.287530777303897409e-02,1.081033195640957248e-02,1.002024480816743335e-02,2.016361574075221583e-02,3.473617330334693998e-02,3.247734070137636014e-02,1.563325057902681392e-02,6.116800913153165598e-02,7.459136001133169491e-02,8.374000511471831054e-02,1.709478421898697961e-02,9.455672619471912344e-02,5.067397327593804734e-02,6.645498616526106239e-02,5.303270291929473162e-02,1.086585974090338580e-01,3.605144418530769473e-02,3.252255629893406608e-02,3.516309076870906269e-02,1.701949345163920879e-02,3.663259283824928797e-02,3.379992512678824806e-02,5.793763739651666689e-02,4.122928904801431704e-02,1.123225415735563115e-01,1.033610390688908531e-01,2.832263930951520181e-02,8.206031159402139841e-02,2.310193544519731357e-01,9.204582115469921166e-02,1.461609030159492784e-01,9.774559180137454284e-02,2.640867828189115765e-02,8.408281843761744589e-02
2.710899793655848974e-02,5.390577479525662102e-02,4.020323397355130002e-02,2.386796638105741913e-02,7.582898248009238562e-02,9.957486756471387035e-02,9.911961689433060330e-02,1.794998709247680457e-02,1.221370109661041037e-01,6.159525036419639943e-02,8.194713936947083111e-02,5.010744778176820513e-02,1.362607335314970913e-01,3.882587931793306246e-02,5.037233484819347851e-02,3.605775169856960394e-02,2.388834557742246928e-02,4.625119910390422528e-02,6.222095597213687934e-02,0.000000000000000000e+00,5.871412899780185241e-02,1.871498672517386552e-01,1.321178463290907656e-01,6.151985041967895224e-02,1.182548675446631337e-01,2.609052830724949423e-01,1.263474667402052776e-01,2.211280813984198845e-01,1.396522026193351140e-01,3.456057512890272493e-02,1.105947372950230184e-01,4.576841774121059858e-02,2.756215992060658329e-02,4.105772447488341415e-02,3.164576997571975914e-02,4.770776548257302935e-02,1.843956146395401424e-02,1.886053591304298616e-02,4.378864757710469735e-02,2.776764736615226770e-02,4.112448250527816346e-02,2.420858214801268130e-02,2.952180286919253716e-02,1.429454418945385642e-02,1.380642861075384413e-02,2.648282086179977110e-02,4.630865963318834405e-02,4.159712947755186963e-02,2.060315183646071677e-02,8.328392125388335565e-02,9.951909755685205139e-02,1.131734513112358093e-01,2.269965813558083231e-02,1.283419480478304453e-01,6.824805459849166145e-02,8.915984012602617970e-02,6.977159796877153985e-02,1.466980526096650361e-01,4.790147460404750590e-02,4.336608914468906284e-02,4.772712330474327552e-02,2.275994657721976816e-02,4.973685075513965825e-02,4.475536613773554995e-02,7.621475269248643991e-02,5.473286646966320917e-02,1.533075075088137507e-01,1.394104968129145361e-01,3.756900586879704379e-02,1.115633348336166064e-01,3.135667191264299158e-01,1.210830217348206894e-01,1.978552905885996027e-01,1.328066514872470738e-01,3.622928709205866515e-02,1.139870628296361238e-01
2.053974261745284552e-02,3.822703437332286569e-02,2.842638465088587196e-02,1.732483082085328058e-02,5.387101185551846499e-02,6.954116836723325812e-02,7.095422760700173526e-02,1.255761945810151409e-02,8.462459349024530064e-02,4.430422242822695811e-02,5.761378997996590562e-02,3.737652858532870825e-02,9.743551982689384328e-02,2.800118841747360754e-02,3.526762308552107428e-02,2.533780387076337362e-02,1.715991449980771438e-02,3.265479774997154250e-02,4.356028119732845844e-02,5.871412899780185241e-02,0.000000000000000000e+00,1.288821576102074928e-01,9.278780143168498251e-02,4.553793788030129769e-02,8.478174580425361373e-02,1.852837131274439886e-01,9.008015291980542294e-02,1.549954652838726188e-01,9.724957146445603606e-02,2.379827611864880968e-02,7.732502687443869316e-02,3.230971782628111466e-02,1.965619533098882793e-02,2.971439191598579388e-02,2.298965449103016617e-02,3.455660976390298456e-02,1.312069253634122641e-02,1.295061964993260428e-02,3.117514158202409208e-02,1.963688914676541691e-02,2.959349179701195598e-02,1.786730570925946018e-02,2.151249589840262266e-02,1.027021909872853460e-02,9.454626491950520947e-03,2.059403573409578081e-02,3.273398250610774773e-02,3.081708763282764788e-02,1.518486335891106910e-02,5.964017787618256655e-02,7.040897960890094009e-02,7.987788361521115654e-02,1.646396777451330368e-02,8.893672742774208495e-02,4.915342052752226520e-02,6.321992077004447153e-02,5.160041976284048676e-02,1.027977545288944056e-01,3.443026208274961586e-02,3.149241078328303411e-02,3.347014634302944436e-02,1.625117974630922724e-02,3.419768078191074562e-02,3.168781558698108985e-02,5.472457957959203645e-02,4.030705491454804335e-02,1.058104565684583886e-01,9.847494033472113661e-02,2.766649696529464159e-02,7.832176868928344970e-02,2.227582527211414143e-01,8.593606284875038304e-02,1.381317383251115805e-01,9.217795922931314168e-02,2.489406951579595587e-02,8.031555113309105098e-02
