0.000000000000000000e+00,1.130852951934124134e-02,8.633554896480643073e-03,3.013281941004386857e-03,1.716786105358365441e-02,2.557535636162203488e-02,2.268256377340178639e-02,4.355642915953495189e-03,3.489787698598344201e-02,2.053553131928962869e-02,2.012836081782131206e-02,1.476872757107156042e-02,3.250690487671406559e-02,9.465800263685160421e-03,1.027183812822725015e-02,1.005977465080860715e-02,7.095948266306133755e-03,1.402268326050007223e-02,1.452066851464852738e-02,2.589907892832843742e-02,1.239477124453842484e-02,4.527145171954812669e-02,3.190756199050606007e-02,1.221755678541086576e-02,3.201970266568368584e-02,6.734494044576948280e-02,3.861038788765417534e-02,4.929861730588916413e-02,3.949651759293950487e-02,9.269192582121194013e-03,2.667310190491044286e-02,1.236167821932103623e-02,8.182973779082688623e-03,9.216078253689806085e-03,6.285457466804772290e-03,1.050445456559032445e-02,3.831625087699773620e-03,2.809421566666788460e-03,1.494619478572927797e-02,6.799176685755919589e-03,1.051503178894299707e-02,8.137683714785359096e-03,8.857991539660858490e-03,3.120556727155278723e-03,2.971367052168957020e-03,8.689935518752996482e-03,1.224522003647192728e-02,1.621884252896053924e-02,3.801285848495185304e-03,1.588547127266221048e-02,2.471972551781734251e-02,2.836084661814079755e-02,5.100692499249958635e-03,3.596312449366344949e-02,1.757556037267275426e-02,2.492244293267207450e-02,2.176782489251548672e-02,3.730137749189701979e-02,1.077158731740249405e-02,1.573091751361812771e-02,1.233813807935141976e-02,6.779911252169177477e-03,1.490037893867615475e-02,1.345476760547802304e-02,2.622180997734023175e-02,1.694913314624895556e-02,4.587760518550928340e-02,4.187814167511463154e-02,9.865936621592399577e-03,2.880474267499937707e-02,9.206016403853109487e-02,3.858624885940350330e-02,5.245927310961529672e-02,3.463764456148556853e-02,9.183385264826279468e-03,2.842468988354932349e-02
1.130852951934124134e-02,0.000000000000000000e+00,1.728072013824375266e-02,5.922881976746011828e-03,3.335864247918574055e-02,4.983068474263488423e-02,4.437578544923714841e-02,8.287977897293614601e-03,6.762210442424672341e-02,4.037347398371098073e-02,3.891021609827749472e-02,2.721116199618043782e-02,6.275193859140640318e-02,1.868006079296268690e-02,1.891123785651969980e-02,2.008078990500409416e-02,1.404485804185541704e-02,2.807758873837307850e-02,2.873028498141920808e-02,5.192275276102150533e-02,2.298277896135377321e-02,8.858726397159846777e-02,5.999070736792115610e-02,2.180418702692736924e-02,6.260131078038221053e-02,1.278053532002274284e-01,7.573775673850856316e-02,9.630273270756983806e-02,7.739806487374573107e-02,1.868908421994269070e-02,5.265712792063552417e-02,2.325923806026874638e-02,1.540271459474438706e-02,1.797444419330792784e-02,1.192440157907414394e-02,2.062577078188578689e-02,7.581196648637565649e-03,5.370972480863578889e-03,2.779816759899980325e-02,1.270977451822265930e-02,2.022231392801101049e-02,1.516103552965899527e-02,1.697275292697611460e-02,6.096392716953124430e-03,5.622833237867999427e-03,1.600232801778091879e-02,2.380714741708469043e-02,3.173343186841781627e-02,7.219327117300377086e-03,3.007451546298255812e-02,4.742504891868323108e-02,5.499771994657688678e-02,9.471834912244044349e-03,7.006880680496098412e-02,3.473627439048234539e-02,4.820426511613996184e-02,4.000496342647215375e-02,7.250068451310660855e-02,2.143525638478171666e-02,2.939829577972237484e-02,2.453005465298876628e-02,1.330193544277471530e-02,2.868889428697157101e-02,2.619919431170830357e-02,5.245241289880452767e-02,3.116724609275943123e-02,8.924508967094865741e-02,7.832239382993000376e-02,1.761927302223964889e-02,5.558230754419943298e-02,1.730850779561278752e-01,7.485080503504813743e-02,1.025241085317251666e-01,6.830415104777023960e-02,1.803219865197332183e-02,5.492911128125019943e-02
8.633554896480643073e-03,1.728072013824375266e-02,0.000000000000000000e+00,4.648190983962015126e-03,2.573875693066059872e-02,3.931067147581006338e-02,3.448810448483478897e-02,6.415482697592234107e-03,5.321444070233306844e-02,3.105849550209779583e-02,3.074482482143689466e-02,2.108543015788783004e-02,4.886872016533970464e-02,1.461534205079608947e-02,1.497872086561086169e-02,1.549966620995629416e-02,1.099136776349942182e-02,2.142242888950521632e-02,2.305691190012556721e-02,4.104585257461592501e-02,1.749776607465889158e-02,6.949984726659898249e-02,4.737543204756615445e-02,1.708214430536283968e-02,4.818169474749116332e-02,9.996528153771477854e-02,6.009780689890360100e-02,7.485108383941908861e-02,6.062997880809928991e-02,1.511458809328214588e-02,4.157856633912368483e-02,1.702363458715722838e-02,1.191705702893746353e-02,1.412063626967770616e-02,9.327308196404855353e-03,1.594266377197565629e-02,5.952392547768441643e-03,4.343063031601862925e-03,2.036900282282644997e-02,9.591174532136224895e-03,1.596287097166966887e-02,1.166181009311295126e-02,1.334707158697786937e-02,4.497344571324298108e-03,4.273382380765505979e-03,1.205642421704081896e-02,1.839505222440663071e-02,2.490421849794244302e-02,5.545975726975106712e-03,2.339240774360356462e-02,3.719886202262682323e-02,4.249031088100196224e-02,7.523154433469620220e-03,5.495737073001986245e-02,2.664656636975121229e-02,3.812484359343380758e-02,3.050255832670551934e-02,5.635379929869517579e-02,1.702367632422516555e-02,2.267592557295663308e-02,1.902219150423016189e-02,1.009251420561938645e-02,2.203906527521309888e-02,2.120760821095788937e-02,4.084701355551047935e-02,2.345580370235544887e-02,6.878987504984052093e-02,6.077161469474681721e-02,1.357776096495959262e-02,4.261977580803768401e-02,1.330543290380392096e-01,5.881438118357625033e-02,8.019658305254667718e-02,5.342157813241074638e-02,1.444968220535046942e-02,4.275823451198217107e-02
3.013281941004386857e-03,5.922881976746011828e-03,4.648190983962015126e-03,0.000000000000000000e+00,8.731810721653186433e-03,1.394358790309863788e-02,1.166018517937646159e-02,2.337555428123256306e-03,1.874269913126789047e-02,1.110058512782170596e-02,1.065587731512212220e-02,7.516701001851432834e-03,1.678769747481101068e-02,4.990258375889330099e-03,5.409679831680397864e-03,5.480305951305527827e-03,3.967513491150011055e-03,7.622608297503143115e-03,8.059130259524933948e-03,1.428979378565545938e-02,6.427975404122666589e-03,2.461816543734584098e-02,1.679869233536260970e-02,5.962399095400337974e-03,1.722864016638988097e-02,3.541662589845925163e-02,2.112701352653961057e-02,2.621837041044023514e-02,2.143612963559737850e-02,5.249733668844327496e-03,1.473875781995199682e-02,6.591757706647607788e-03,4.502424350035787344e-03,4.912390670004445140e-03,3.309845913926782839e-03,5.315918252617734228e-03,1.978203233766716914e-03,1.540553558132824307e-03,8.061519980076649675e-03,3.528959904778096977e-03,5.748248026015452018e-03,4.251473860785283734e-03,4.502477440506078184e-03,1.561310728697693113e-03,1.626769232375039698e-03,4.590186734436621334e-03,6.495111954297303966e-03,8.698797040375067305e-03,1.687230696050038420e-03,8.043094915505002301e-03,1.318318983361134455e-02,1.491835687729793983e-02,2.682484090234468505e-03,1.957295651044701698e-02,9.325838763395015094e-03,1.344679729132428059e-02,1.114573925690545350e-02,1.983186110751250855e-02,5.514208297785663793e-03,8.317902477703007641e-03,6.927918919700008782e-03,3.571476480654390065e-03,8.165495315190550787e-03,7.220733742553239395e-03,1.458426375331145497e-02,9.147333638232082315e-03,2.508179833889442184e-02,2.194921250794809597e-02,4.784562366834487282e-03,1.527761907274854947e-02,4.856406227122073843e-02,2.068039458597509608e-02,2.827467369381830159e-02,1.866902299578960395e-02,5.016380888547133411e-03,1.546570118148735823e-02
1.716786105358365441e-02,3.335864247918574055e-02,2.573875693066059872e-02,8.731810721653186433e-03,0.000000000000000000e+00,7.578757206949469916e-02,6.677725057145146581e-02,1.244059264991798780e-02,1.023276230841564383e-01,6.246740459322798478e-02,5.992718505925806460e-02,4.201938044740145123e-02,9.534155838325376886e-02,2.835346547738448741e-02,2.860683485442764434e-02,2.982760801186611077e-02,2.121844152525587460e-02,4.156638943904190919e-02,4.421141910593408969e-02,7.846865264802681261e-02,3.495423367967250700e-02,1.320604757218758474e-01,9.016187735054043140e-02,3.320671852191689477e-02,9.455506276886579964e-02,1.930504323575657488e-01,1.135402760373480924e-01,1.452018558527340131e-01,1.172359388300956151e-01,2.787389207021329779e-02,7.913518187978303697e-02,3.547038517702137683e-02,2.366132358444878597e-02,2.732522039393957963e-02,1.821844274708248404e-02,3.168411511711621137e-02,1.158012068141061127e-02,8.255770844757282304e-03,4.274458937840944911e-02,1.950620142974830717e-02,3.097690147559399587e-02,2.328116039369138718e-02,2.633000438811254965e-02,9.430548268208790649e-03,8.537477058928769763e-03,2.393597581706860544e-02,3.636524147875008078e-02,4.760234440743645740e-02,1.080228919016183731e-02,4.595212037154151191e-02,7.252174246542061886e-02,8.344871084952416862e-02,1.421948266644926934e-02,1.062029117496186836e-01,5.390138982517007904e-02,7.376353735412305435e-02,6.119357685483122616e-02,1.100963627502123676e-01,3.239447677125922853e-02,4.352327992637039511e-02,3.671414465829798274e-02,2.047051182750215387e-02,4.314721916260604723e-02,4.036393981558397681e-02,7.819626971624486778e-02,4.740091979098823988e-02,1.342267722491665705e-01,1.173044516933255677e-01,2.648401773726129921e-02,8.365475892257864809e-02,2.617817982329962434e-01,1.125543820890529678e-01,1.560052356578875421e-01,1.031148393654361672e-01,2.730982469953924241e-02,8.309858023738532495e-02
2.557535636162203488e-02,4.983068474263488423e-02,3.931067147581006338e-02,1.394358790309863788e-02,7.578757206949469916e-02,0.000000000000000000e+00,1.012883096365867625e-01,1.867056378226530575e-02,1.519535217803313909e-01,8.921430273305219760e-02,8.876925731906644412e-02,6.100019993187426326e-02,1.435508813946609896e-01,4.279107684457793270e-02,4.240521069610572735e-02,4.443650971340652733e-02,3.121195642960512828e-02,6.237954435771824596e-02,6.527287296621805956e-02,1.169805709178556447e-01,5.147991840898016175e-02,1.976015259818977021e-01,1.368263428003472781e-01,4.948736637714915010e-02,1.401710387045992379e-01,2.880408760115932276e-01,1.713931422287202633e-01,2.173966924987782434e-01,1.736353265787298483e-01,4.272740394029546362e-02,1.181908263025456263e-01,5.074020060588833175e-02,3.443621660710547566e-02,4.155199848902662446e-02,2.743625866875198244e-02,4.674890312746172311e-02,1.721672859718756735e-02,1.239064527052533352e-02,6.019817469186299064e-02,2.843442812652738350e-02,4.585855604848155381e-02,3.386338233441858747e-02,3.873490097800862814e-02,1.351672170220201939e-02,1.208215717819569913e-02,3.588579107126854684e-02,5.373328934554216091e-02,7.135033014198438606e-02,1.673540213399379514e-02,6.889986984241897039e-02,1.066273237479722219e-01,1.242099274915075269e-01,2.204037898475949900e-02,1.569521149421385653e-01,7.789136734765833570e-02,1.098131653075012926e-01,8.850309291217697827e-02,1.628963132907863542e-01,4.938566188243370680e-02,6.502527899004655054e-02,5.457563613832262794e-02,2.924552884350170232e-02,6.302351977661176108e-02,6.010918796242083195e-02,1.172666976138943828e-01,6.993834837508197677e-02,1.982771751583567721e-01,1.762728636301480190e-01,3.962561056091928186e-02,1.244565961920021668e-01,3.860904461905074192e-01,1.689991664458047882e-01,2.304630872715210943e-01,1.542935384807410659e-01,4.113739743530289011e-02,1.237190504628998683e-01
2.268256377340178639e-02,4.437578544923714841e-02,3.448810448483478897e-02,1.166018517937646159e-02,6.677725057145146581e-02,1.012883096365867625e-01,0.000000000000000000e+00,1.678288984586629243e-02,1.369947032590224378e-01,8.137268260997657099e-02,7.884206246221643621e-02,5.568785631975950445e-02,1.258176073023944408e-01,3.779184730076532578e-02,3.856070834018531651e-02,4.001026985252879170e-02,2.830147434490953504e-02,5.588727032325231658e-02,5.875871313870212331e-02,1.045397953821410875e-01,4.650551584267330341e-02,1.781893084842910147e-01,1.213081590640564256e-01,4.419384160284065000e-02,1.263435878113566002e-01,2.581548864832770573e-01,1.525643085966755241e-01,1.937103497827944165e-01,1.561133188809369354e-01,3.736913383824783108e-02,1.053927607131303484e-01,4.658214784832244437e-02,3.158149026723769404e-02,3.640189028980287539e-02,2.413687567410818108e-02,4.143925984304629856e-02,1.519832861866160512e-02,1.115879621999184973e-02,5.621610200884430419e-02,2.601350395824643738e-02,4.139515693143332176e-02,3.071710865151131356e-02,3.439650024572478426e-02,1.204168056924463312e-02,1.155417894865796297e-02,3.230033890211445047e-02,4.830697157159422744e-02,6.307718353539264189e-02,1.401120596162826887e-02,6.041352580689475504e-02,9.667239003391182861e-02,1.104834813735377230e-01,1.938684638496549276e-02,1.413706274896965320e-01,7.045905990942213926e-02,9.761374109002250721e-02,8.081487983865622005e-02,1.457158911791232303e-01,4.276863003095162513e-02,5.888813128927597451e-02,4.860954069691301310e-02,2.686163315986258432e-02,5.744314102753587947e-02,5.308400896526659085e-02,1.055756866969264907e-01,6.370005566910816319e-02,1.802113476107370660e-01,1.578398004809817845e-01,3.551869806205794344e-02,1.116665195662276677e-01,3.491509106461662126e-01,1.512225745185905579e-01,2.073096564854371160e-01,1.378797141209613386e-01,3.649387968102966312e-02,1.107798221225038543e-01
4.355642915953495189e-03,8.287977897293614601e-03,6.415482697592234107e-03,2.337555428123256306e-03,1.244059264991798780e-02,1.867056378226530575e-02,1.678288984586629243e-02,0.000000000000000000e+00,2.514075305870599325e-02,1.472395018895686358e-02,1.461316447667045451e-02,1.056025392979968031e-02,2.378511837323900313e-02,6.901949073208049970e-03,7.578985028653177809e-03,7.304441791251895660e-03,5.169296610560173040e-03,1.048929906350666401e-02,1.078069463332316166e-02,1.916451624029909262e-02,8.827300432222375676e-03,3.308093315053787370e-02,2.331515183491576076e-02,8.584346361500603401e-03,2.334674851418443858e-02,4.887508399039678514e-02,2.827201970092384220e-02,3.618374042735935520e-02,2.877953770105229694e-02,6.824088366395678409e-03,1.969418960724011319e-02,8.620315920365002882e-03,5.837575420497377598e-03,7.008733351455321940e-03,4.542372838130895665e-03,7.587732344232283113e-03,2.833354001403208880e-03,2.134582370240043804e-03,1.031943930966866887e-02,4.941914396441495459e-03,7.693526038974357606e-03,5.718320926509134865e-03,6.329081856339477917e-03,2.230424808908369489e-03,2.165197155177187721e-03,6.142773384552596173e-03,8.935688366339076052e-03,1.170055047546776465e-02,2.732878878382992427e-03,1.132744721651712631e-02,1.779140068237216807e-02,2.039030232055876260e-02,3.744766224566612768e-03,2.591860100083250018e-02,1.288383198213650070e-02,1.869885349440774877e-02,1.533660126356832520e-02,2.716511143255955635e-02,7.836947617289410917e-03,1.119933149346282429e-02,8.905109552678787746e-03,4.932562838895956751e-03,1.089107566215940029e-02,1.001263912570458416e-02,1.937287594578351868e-02,1.217455534114500124e-02,3.344385756324935038e-02,3.040987736330904440e-02,6.838219386935383455e-03,2.083801847519823822e-02,6.604699273232000900e-02,2.798618884882772551e-02,3.858923580420860200e-02,2.532894006085987387e-02,6.662424853827010954e-03,2.060562859074677872e-02
3.489787698598344201e-02,6.762210442424672341e-02,5.321444070233306844e-02,1.874269913126789047e-02,1.023276230841564383e-01,1.519535217803313909e-01,1.369947032590224378e-01,2.514075305870599325e-02,0.000000000000000000e+00,1.221591607950344993e-01,1.212159740257563179e-01,8.316283827696936692e-02,1.940613966576511529e-01,5.793446621600574498e-02,5.751882172881502692e-02,6.015803599270303642e-02,4.240157124783616727e-02,8.436077760962529259e-02,8.994862361287804531e-02,1.596879596073958463e-01,6.959092239739719798e-02,2.675366243768983465e-01,1.837944771542433242e-01,6.698554129633454979e-02,1.896857573633153604e-01,3.909918361210742987e-01,2.316815725042593310e-01,2.931211078141788273e-01,2.359616252533387748e-01,5.727294862779383489e-02,1.588688980604109624e-01,6.821091193804551533e-02,4.719756984479433343e-02,5.664866191382369326e-02,3.727745675885361237e-02,6.416349318140840419e-02,2.351599070433129518e-02,1.657133598492528670e-02,8.161071638877974432e-02,3.894947556491495932e-02,6.266208826935716625e-02,4.671466403777749243e-02,5.357036468043154670e-02,1.854228504680452416e-02,1.663403694983755371e-02,4.789045174297722196e-02,7.293508682081591143e-02,9.720617847435232550e-02,2.260718445434903301e-02,9.269211372772227786e-02,1.446574682860052030e-01,1.681410603048856811e-01,2.958707983348830145e-02,2.130420696518209589e-01,1.059761341587988903e-01,1.487739022313484538e-01,1.211038964906087506e-01,2.213147364414051743e-01,6.732481313600981176e-02,8.831650642553535990e-02,7.297366466459563605e-02,4.047576647568369712e-02,8.540915592583735172e-02,8.310432282174715080e-02,1.592099858696374992e-01,9.379577046699699716e-02,2.683616050283102461e-01,2.376429171278304220e-01,5.385630824240875136e-02,1.683020981948459560e-01,5.240480790675539069e-01,2.292206758075343298e-01,3.128863104770740478e-01,2.083915034754890427e-01,5.544861710703651719e-02,1.665162160954002657e-01
2.053553131928962869e-02,4.037347398371098073e-02,3.105849550209779583e-02,1.110058512782170596e-02,6.246740459322798478e-02,8.921430273305219760e-02,8.137268260997657099e-02,1.472395018895686358e-02,1.221591607950344993e-01,0.000000000000000000e+00,7.190147573504737655e-02,4.900892075258544978e-02,1.146702431209335737e-01,3.474635481271105136e-02,3.310807273416973423e-02,3.533998698993529031e-02,2.471778046945500781e-02,4.972037283286753068e-02,5.268813143685813910e-02,9.292305582161194955e-02,4.137045719829742646e-02,1.552576276368744235e-01,1.052513271838981801e-01,3.890411839114427117e-02,1.124231853233971096e-01,2.279534227380969891e-01,1.336251512446418044e-01,1.729988905825451395e-01,1.374155126455076925e-01,3.323030655081370827e-02,9.373339537396152554e-02,3.995965537661660960e-02,2.764292527908969108e-02,3.329772006122361933e-02,2.157936013987695606e-02,3.896825638928717167e-02,1.426266922317115035e-02,9.581523424299112981e-03,4.811028455883181731e-02,2.298357978478761388e-02,3.662639345365011762e-02,2.725784226630458343e-02,3.200853169186779201e-02,1.137341206284839083e-02,9.611339590015238049e-03,2.762056984369464646e-02,4.308233555132515852e-02,5.687086076172126470e-02,1.360960521040259497e-02,5.561213121506815293e-02,8.443204509835841587e-02,9.942261804184976404e-02,1.767950657643182003e-02,1.237010898270776982e-01,6.460182776749553990e-02,8.788236103522584219e-02,7.129623690342087872e-02,1.310533020099004797e-01,4.026616733246873858e-02,5.052492063503483122e-02,4.300001267156550178e-02,2.442815873482948041e-02,5.010642376264060754e-02,4.830891467589059490e-02,9.195117724009489735e-02,5.517035082368784010e-02,1.561145913435230126e-01,1.369078319704817859e-01,3.085125812001601048e-02,9.924816906274534778e-02,3.056584460847893148e-01,1.323594298811151815e-01,1.862278896333713352e-01,1.221766866191924816e-01,3.222987129113639992e-02,9.723403769267242869e-02
2.012836081782131206e-02,3.891021609827749472e-02,3.074482482143689466e-02,1.065587731512212220e-02,5.992718505925806460e-02,8.876925731906644412e-02,7.884206246221643621e-02,1.461316447667045451e-02,1.212159740257563179e-01,7.190147573504737655e-02,0.000000000000000000e+00,4.902940090548235652e-02,1.113144068379608442e-01,3.366096047143998099e-02,3.393140122210336340e-02,3.485800397716382060e-02,2.456610261657365957e-02,4.869833922853285951e-02,5.296231179672915984e-02,9.210060397019487199e-02,4.073005107852138013e-02,1.540714879697023532e-01,1.062820174949240387e-01,3.873701972685322792e-02,1.101015995931451247e-01,2.274720575156800595e-01,1.340572938261503366e-01,1.699209907833691413e-01,1.378242046310764746e-01,3.287845789330600538e-02,9.288021859992021123e-02,4.035585829589375534e-02,2.776720115832820301e-02,3.272040446516846779e-02,2.150166821110263346e-02,3.753645922811161412e-02,1.378874778048231123e-02,9.887119108393164005e-03,4.834035905282704770e-02,2.291753534334176751e-02,3.675363631242046375e-02,2.720572396967203821e-02,3.110020891415928024e-02,1.074712904331130876e-02,9.784096044319668534e-03,2.767498427657901286e-02,4.254232635537377738e-02,5.597704564924625009e-02,1.272636999309274819e-02,5.373854808970084107e-02,8.433820995423037259e-02,9.732092356957051937e-02,1.708544323266169770e-02,1.240344589005233089e-01,6.288450620641204691e-02,8.742463775677640492e-02,7.103680137863244148e-02,1.285283720298644738e-01,3.879269370656440730e-02,5.093827739432413293e-02,4.262541632026063676e-02,2.356355971509999786e-02,5.026536993238710921e-02,4.832477391935412203e-02,9.193953567639251423e-02,5.449897186029552254e-02,1.565523288050547079e-01,1.376487188376455395e-01,3.091631596294473761e-02,9.786905538671464289e-02,3.057553809884538953e-01,1.324527575040009841e-01,1.836206950237021795e-01,1.208255686307500854e-01,3.223721381431221555e-02,9.714513458359710918e-02
1.476872757107156042e-02,2.721116199618043782e-02,2.108543015788783004e-02,7.516701001851432834e-03,4.201938044740145123e-02,6.100019993187426326e-02,5.568785631975950445e-02,1.056025392979968031e-02,8.316283827696936692e-02,4.900892075258544978e-02,4.902940090548235652e-02,0.000000000000000000e+00,7.824628659994847801e-02,2.345117243409539087e-02,2.400405484193533431e-02,2.377802405608157865e-02,1.694027610948697915e-02,3.360811399193898430e-02,3.559239990951612587e-02,6.284288594549747309e-02,2.947172948033926002e-02,1.059898701118869163e-01,7.459200312985063419e-02,2.771821262040760278e-02,7.566202574708096040e-02,1.585888891832964165e-01,9.175912775109477948e-02,1.172813353161115402e-01,9.374545991676874745e-02,2.248845418241866845e-02,6.442126491567175262e-02,2.814892907537953903e-02,1.901352086193026925e-02,2.293946490219322260e-02,1.497155112581400119e-02,2.608364479772855640e-02,9.556608789914832619e-03,6.701732082128122187e-03,3.385121614661607686e-02,1.596691281266711393e-02,2.539117700654141413e-02,1.900263114441313322e-02,2.131086052893794644e-02,7.609012254851710982e-03,6.585559394266926776e-03,2.036364317768758758e-02,2.941677342279902518e-02,3.843666940436723384e-02,9.113825939651177058e-03,3.780866190871830929e-02,5.778955435822222264e-02,6.790322321973900344e-02,1.244952274208564053e-02,8.495720012177630787e-02,4.315868849309153349e-02,6.027965539408351725e-02,5.060063505828998887e-02,8.997584095067034937e-02,2.672974079701489689e-02,3.594851335088332378e-02,2.920135402450280485e-02,1.635187579247827580e-02,3.447748515856645379e-02,3.274941588584569935e-02,6.238712597123002856e-02,3.997068475164580748e-02,1.079216704965156037e-01,9.737574313960956074e-02,2.244258050435778834e-02,6.759836706249909566e-02,2.141311857074637559e-01,9.131719710618392549e-02,1.265087664986523086e-01,8.260277438268943950e-02,2.210888988879588027e-02,6.771537274265020112e-02
3.250690487671406559e-02,6.275193859140640318e-02,4.886872016533970464e-02,1.678769747481101068e-02,9.534155838325376886e-02,1.435508813946609896e-01,1.258176073023944408e-01,2.378511837323900313e-02,1.940613966576511529e-01,1.146702431209335737e-01,1.113144068379608442e-01,7.824628659994847801e-02,0.000000000000000000e+00,5.366277179138552456e-02,5.497955975034839182e-02,5.702673791081127458e-02,3.997229518926025821e-02,7.922923838653074535e-02,8.313144953193093989e-02,1.479661259703499432e-01,6.653141293819199442e-02,2.526335685353618965e-01,1.726987018367653337e-01,6.287169930941532980e-02,1.793115635827504939e-01,3.664545441940152970e-01,2.161229909467798360e-01,2.749877486351393063e-01,2.217283154660451838e-01,5.320249124552802605e-02,1.498975905338583714e-01,6.620997721607990716e-02,4.479761007426148745e-02,5.165608543646105222e-02,3.440901803816802385e-02,5.899240372362071771e-02,2.150844465562738381e-02,1.572430320440523430e-02,8.032019884578357749e-02,3.714172455650914528e-02,5.877108839266574625e-02,4.374376513689327145e-02,4.900284898720980165e-02,1.706922985617159716e-02,1.634786224181789677e-02,4.620249073897814140e-02,6.827335988916491405e-02,8.977406170964422061e-02,1.993509381305245617e-02,8.576304855719163456e-02,1.363205149178210729e-01,1.567916801679211103e-01,2.742830940428920422e-02,2.007420604114442397e-01,9.950047094061602315e-02,1.390618890589083168e-01,1.145378525842076223e-01,2.068582681245894062e-01,6.083771912305206697e-02,8.433370353246766316e-02,6.909189895522914460e-02,3.775379484694667970e-02,8.214477925495984600e-02,7.555713362158253399e-02,1.481981904039803566e-01,9.098373326713578291e-02,2.550128899775314095e-01,2.251885617961684183e-01,5.059190601150333894e-02,1.589542025585191642e-01,4.972169334716890488e-01,2.135971499453261924e-01,2.939304477509444014e-01,1.945031389536932553e-01,5.169333238152361287e-02,1.577908493685315772e-01
9.465800263685160421e-03,1.868006079296268690e-02,1.461534205079608947e-02,4.990258375889330099e-03,2.835346547738448741e-02,4.279107684457793270e-02,3.779184730076532578e-02,6.901949073208049970e-03,5.793446621600574498e-02,3.474635481271105136e-02,3.366096047143998099e-02,2.345117243409539087e-02,5.366277179138552456e-02,0.000000000000000000e+00,1.591267823056533373e-02,1.685872431151592965e-02,1.189062249765404991e-02,2.339052952323760273e-02,2.498903055296831238e-02,4.387993772217090027e-02,1.926818024935646884e-02,7.456245799908288452e-02,5.043638841837633224e-02,1.840917959139308155e-02,5.283861275551426234e-02,1.080278771316347530e-01,6.449968326861039991e-02,8.127027734941461024e-02,6.614497582452065483e-02,1.585230395062784542e-02,4.418884748368875209e-02,1.949436401049393225e-02,1.319683220945515323e-02,1.514965548797193862e-02,1.012182935740016734e-02,1.758438660157519984e-02,6.515463650729281207e-03,4.548889303024474841e-03,2.336681593653281222e-02,1.085699246511865126e-02,1.725188114665077155e-02,1.312323156881711229e-02,1.475410585562849514e-02,5.213461888528244867e-03,4.717544637559265529e-03,1.327829896614522026e-02,2.025612862410598042e-02,2.709169038839339891e-02,6.031644393242373628e-03,2.567768352933805925e-02,4.068825748399890196e-02,4.683274231548863187e-02,8.081433687467691127e-03,6.000631153013142455e-02,2.993531689623089159e-02,4.128207124277226414e-02,3.398363482002388081e-02,6.156982894118949445e-02,1.843364648161407299e-02,2.443734537087581191e-02,2.066554716036416231e-02,1.142927064765116713e-02,2.412705937967475275e-02,2.289373529986751463e-02,4.436932208212202716e-02,2.604843495546925111e-02,7.511375132798445153e-02,6.582389819974303335e-02,1.468114920874519225e-02,4.709018134014816143e-02,1.459224847197424235e-01,6.359511637632256353e-02,8.764667871681224021e-02,5.829204703659771059e-02,1.556262275026641662e-02,4.666777414134053864e-02
1.027183812822725015e-02,1.891123785651969980e-02,1.497872086561086169e-02,5.409679831680397864e-03,2.860683485442764434e-02,4.240521069610572735e-02,3.856070834018531651e-02,7.578985028653177809e-03,5.751882172881502692e-02,3.310807273416973423e-02,3.393140122210336340e-02,2.400405484193533431e-02,5.497955975034839182e-02,1.591267823056533373e-02,0.000000000000000000e+00,1.649792082631327400e-02,1.193420582347893763e-02,2.331896414745257204e-02,2.476800796927132800e-02,4.357947483935521726e-02,2.015562276491606949e-02,7.432145040172255523e-02,5.434584249774423309e-02,2.010048665852665062e-02,5.259172030743103354e-02,1.121342510526527336e-01,6.514070515692607644e-02,8.292588771434536432e-02,6.583535053090242006e-02,1.571223576819926609e-02,4.530385996136615523e-02,1.965118293530903129e-02,1.333184283299151257e-02,1.650314304256793319e-02,1.060374902281360950e-02,1.776476340761078826e-02,6.650751145915760262e-03,5.087407449336131190e-03,2.326548173725045271e-02,1.126863319415156647e-02,1.767365556894928691e-02,1.289177136145392387e-02,1.453925867256626765e-02,5.013719043057971066e-03,4.772283034464393572e-03,1.373355576914910697e-02,2.042401003212094765e-02,2.637196991250267616e-02,6.548434711283659254e-03,2.622574970397133914e-02,4.059318587393538624e-02,4.656453162562648046e-02,8.973762437897441976e-03,5.900399990023499908e-02,2.935483704375696848e-02,4.233388428447889401e-02,3.471498273663060213e-02,6.223569420901892829e-02,1.828046085077371721e-02,2.504242405311729244e-02,2.030939692437133334e-02,1.094882895946816884e-02,2.394796930806431662e-02,2.322026575453811983e-02,4.336437530343784791e-02,2.668879261627921107e-02,7.482867251686327326e-02,6.906058076424803627e-02,1.598721526529617298e-02,4.751113865606298309e-02,1.499549015981886668e-01,6.444697154872386369e-02,8.726130631634521073e-02,5.793087559632605771e-02,1.515905310704974626e-02,4.725698933491094544e-02
1.005977465080860715e-02,2.008078990500409416e-02,1.549966620995629416e-02,5.480305951305527827e-03,2.982760801186611077e-02,4.443650971340652733e-02,4.001026985252879170e-02,7.304441791251895660e-03,6.015803599270303642e-02,3.533998698993529031e-02,3.485800397716382060e-02,2.377802405608157865e-02,5.702673791081127458e-02,1.685872431151592965e-02,1.649792082631327400e-02,0.000000000000000000e+00,1.228474222145691658e-02,2.452727250874664477e-02,2.571667577760599482e-02,4.619972592006410528e-02,1.998491825269596220e-02,7.752725202279886485e-02,5.394415376926926103e-02,1.955319359772909188e-02,5.541119958473417900e-02,1.132706331335664590e-01,6.714656622430198452e-02,8.625539933720796637e-02,6.890119477277024951e-02,1.667609901744250556e-02,4.656577495157888241e-02,1.996059735094200122e-02,1.362789246396517787e-02,1.647659126239426133e-02,1.082683811538069293e-02,1.880429096605066436e-02,6.868518858382965074e-03,4.816963899268958404e-03,2.366836357299766797e-02,1.138221669649300792e-02,1.805410477519910767e-02,1.343856695295109378e-02,1.553290775895324084e-02,5.459997274379192397e-03,4.884051672378542097e-03,1.378724560381132738e-02,2.120799328828109134e-02,2.841392526938445878e-02,6.705470010469623265e-03,2.707058623030945271e-02,4.261947056367762499e-02,4.902408039247595217e-02,8.617602390593942854e-03,6.206212721985211733e-02,3.104421895944121240e-02,4.317075007371876799e-02,3.451803389812410638e-02,6.451393608800998214e-02,1.966931690449050946e-02,2.531846997749865116e-02,2.155714576791863471e-02,1.170821135148899031e-02,2.484994337183590515e-02,2.402838187652774418e-02,4.615718708165588574e-02,2.668231319184526801e-02,7.802762416327893580e-02,6.911290586102081246e-02,1.560501085863796183e-02,4.922478320997112494e-02,1.516832469584336041e-01,6.601664823867044174e-02,9.108717941633857895e-02,6.122112573988400253e-02,1.595538336554570835e-02,4.849913641148205501e-02
7.095948266306133755e-03,1.404485804185541704e-02,1.099136776349942182e-02,3.967513491150011055e-03,2.121844152525587460e-02,3.121195642960512828e-02,2.830147434490953504e-02,5.169296610560173040e-03,4.240157124783616727e-02,2.471778046945500781e-02,2.456610261657365957e-02,1.694027610948697915e-02,3.997229518926025821e-02,1.189062249765404991e-02,1.193420582347893763e-02,1.228474222145691658e-02,0.000000000000000000e+00,1.734962373875807706e-02,1.831416241847298731e-02,3.238453055861821583e-02,1.437815929093833218e-02,5.479533843234697665e-02,3.754992206119628362e-02,1.370839225192917871e-02,3.896825026107104961e-02,7.918764862215040001e-02,4.732796044167179167e-02,6.050546297993354694e-02,4.800502198795466441e-02,1.182389806825374055e-02,3.264963344232807430e-02,1.384737406314001315e-02,9.510717288480132273e-03,1.148890025238791593e-02,7.377283204161942665e-03,1.313073301328337474e-02,4.844634604134948237e-03,3.425802964816011299e-03,1.647396359998461179e-02,7.856299014513283552e-03,1.271530531325574392e-02,9.332204035682981069e-03,1.086291999690872437e-02,3.761842711844948488e-03,3.386966217721252854e-03,9.787162444264670483e-03,1.491097637758893174e-02,1.984936372495025442e-02,4.659193781590496158e-03,1.906650024660062198e-02,2.958142426896940430e-02,3.445301907421613463e-02,6.137674968865952825e-03,4.339064751555908594e-02,2.198548601930822716e-02,3.058133608386911714e-02,2.482589741221308960e-02,4.565075098477794358e-02,1.374378743880172622e-02,1.795213143583038531e-02,1.511702448337127677e-02,8.259696484521145826e-03,1.752524831405868205e-02,1.676368414908341667e-02,3.245375477727446833e-02,1.932326118960106531e-02,5.468350597514948924e-02,4.874380713463857817e-02,1.098237427561422376e-02,3.441544444232708111e-02,1.064360216648215091e-01,4.674887047757336767e-02,6.447777494861059444e-02,4.270382963559245931e-02,1.120092291154252580e-02,3.402371139660478883e-02
1.402268326050007223e-02,2.807758873837307850e-02,2.142242888950521632e-02,7.622608297503143115e-03,4.156638943904190919e-02,6.237954435771824596e-02,5.588727032325231658e-02,1.048929906350666401e-02,8.436077760962529259e-02,4.972037283286753068e-02,4.869833922853285951e-02,3.360811399193898430e-02,7.922923838653074535e-02,2.339052952323760273e-02,2.331896414745257204e-02,2.452727250874664477e-02,1.734962373875807706e-02,0.000000000000000000e+00,3.571993026604659838e-02,6.466486186724136609e-02,2.858967380256950339e-02,1.099772362857758395e-01,7.545543216503673711e-02,2.739014009350533227e-02,7.788820516379861558e-02,1.583908999985299826e-01,9.457420118596603087e-02,1.201280955591113864e-01,9.618743900100827637e-02,2.361863611318386694e-02,6.493999381250659120e-02,2.804474348625685468e-02,1.895791025239515828e-02,2.240681950267596478e-02,1.484699162986653428e-02,2.575791305638739162e-02,9.521798362561477089e-03,6.676591150821066523e-03,3.338303804114055306e-02,1.556777650407366494e-02,2.499590857778168085e-02,1.876765334600347807e-02,2.135156314665674279e-02,7.541942352522426445e-03,6.821116033345948730e-03,1.969057463629894991e-02,2.951501916257991132e-02,3.965936962288175299e-02,9.120477871969368336e-03,3.768355987761642240e-02,5.915025013306327017e-02,6.853025017755266790e-02,1.227146668341961080e-02,8.652471663735671059e-02,4.305063797774499879e-02,6.046714346185638744e-02,4.927087950444781345e-02,9.003315431684780212e-02,2.704634631177902163e-02,3.603320695644104954e-02,3.054604487010250530e-02,1.633401374667909495e-02,3.514030148731466657e-02,3.315019024689068450e-02,6.509744619388710407e-02,3.872765288420197682e-02,1.098060651637587232e-01,9.833093672673651198e-02,2.203084062881255356e-02,6.893600678048382446e-02,2.133713166967554364e-01,9.330616902774281629e-02,1.271239415083369739e-01,8.521086817226447563e-02,2.256707225368555572e-02,6.796357162191819790e-02
1.452066851464852738e-02,2.873028498141920808e-02,2.305691190012556721e-02,8.059130259524933948e-03,4.421141910593408969e-02,6.527287296621805956e-02,5.875871313870212331e-02,1.078069463332316166e-02,8.994862361287804531e-02,5.268813143685813910e-02,5.296231179672915984e-02,3.559239990951612587e-02,8.313144953193093989e-02,2.498903055296831238e-02,2.476800796927132800e-02,2.571667577760599482e-02,1.831416241847298731e-02,3.571993026604659838e-02,0.000000000000000000e+00,6.883150919733627138e-02,2.952556771929446683e-02,1.137127882588729461e-01,7.891000306807857689e-02,2.846049775916419458e-02,8.074600808369888916e-02,1.682230743093931502e-01,9.974619879114514365e-02,1.255450828704902655e-01,1.016940099028720290e-01,2.482822707011717381e-02,6.905401158963486719e-02,2.871495803222570697e-02,2.035766598812258077e-02,2.434276052404153734e-02,1.596039267606988096e-02,2.796344874187304402e-02,1.033195080176555272e-02,7.283403020458384045e-03,3.420914298243742102e-02,1.657298661394375483e-02,2.698933687842679924e-02,1.996701198422946161e-02,2.327135890224216533e-02,7.969385176579000390e-03,7.065410982379115822e-03,1.967957416251542996e-02,3.114338653014180752e-02,4.169811208574658590e-02,9.723710794369360214e-03,3.973702518571405745e-02,6.268045675825535679e-02,7.195096021633609618e-02,1.273000065476835412e-02,9.182524428996083343e-02,4.606735042092009735e-02,6.457236086122025709e-02,5.154481369910902944e-02,9.529633014110917844e-02,2.950782113653770133e-02,3.716704642189212759e-02,3.095140638190399876e-02,1.723933734700781872e-02,3.634205974300463993e-02,3.636859999087859591e-02,6.747039418008876632e-02,3.898902204120788251e-02,1.135615276874667873e-01,9.999805444758821937e-02,2.265438117627784076e-02,7.149330845315290950e-02,2.234813672996125711e-01,9.788372266064891691e-02,1.347206073548286587e-01,8.931822594277084859e-02,2.390874828126944573e-02,7.095685426617444336e-02
2.589907892832843742e-02,5.192275276102150533e-02,4.104585257461592501e-02,1.428979378565545938e-02,7.846865264802681261e-02,1.169805709178556447e-01,1.045397953821410875e-01,1.916451624029909262e-02,1.596879596073958463e-01,9.292305582161194955e-02,9.210060397019487199e-02,6.284288594549747309e-02,1.479661259703499432e-01,4.387993772217090027e-02,4.357947483935521726e-02,4.619972592006410528e-02,3.238453055861821583e-02,6.466486186724136609e-02,6.883150919733627138e-02,0.000000000000000000e+00,5.269878304707089484e-02,2.033086611984882275e-01,1.393691156255338626e-01,5.051269333801017281e-02,1.452981052731267264e-01,2.970733510166853053e-01,1.769679378410269344e-01,2.245566206157225408e-01,1.794160904088914488e-01,4.386724077017058882e-02,1.228101894463981408e-01,5.158759633033434266e-02,3.532329220952221821e-02,4.274580621175416012e-02,2.839334395660050858e-02,4.862854060112583449e-02,1.788815181533816301e-02,1.231347592950856121e-02,6.136268132631444300e-02,2.936846934819437732e-02,4.771830997190482787e-02,3.535929566159912163e-02,4.044907134947545169e-02,1.400418736920171561e-02,1.243266715561856112e-02,3.573554397254998655e-02,5.548317349017835298e-02,7.497158855443572523e-02,1.696653576482109321e-02,7.012048979635589208e-02,1.098322857734098656e-01,1.282228219836077376e-01,2.256087139304422187e-02,1.624169750462684247e-01,8.131790313088360644e-02,1.133863265357356181e-01,9.143996419828807898e-02,1.679060248980348835e-01,5.127609493168251709e-02,6.717802077845341779e-02,5.653913417065598718e-02,3.057888510443212970e-02,6.555473007520604134e-02,6.323278363410188285e-02,1.209264753354779842e-01,7.068003386741834870e-02,2.042443467242041621e-01,1.807920308497792117e-01,4.019153301903029274e-02,1.279629548624428292e-01,3.986924956372012718e-01,1.740383671312265845e-01,2.383068917974310585e-01,1.587994893675939156e-01,4.232006508823948909e-02,1.270494156419062493e-01
1.239477124453842484e-02,2.298277896135377321e-02,1.749776607465889158e-02,6.427975404122666589e-03,3.495423367967250700e-02,5.147991840898016175e-02,4.650551584267330341e-02,8.827300432222375676e-03,6.959092239739719798e-02,4.137045719829742646e-02,4.073005107852138013e-02,2.947172948033926002e-02,6.653141293819199442e-02,1.926818024935646884e-02,2.015562276491606949e-02,1.998491825269596220e-02,1.437815929093833218e-02,2.858967380256950339e-02,2.952556771929446683e-02,5.269878304707089484e-02,0.000000000000000000e+00,8.987795085919315918e-02,6.341546586487879777e-02,2.412931394049594794e-02,6.422870256187047933e-02,1.342520926960586169e-01,7.782879664118669272e-02,9.932040471943945348e-02,7.870044689396392401e-02,1.878456109389140330e-02,5.388339442227341181e-02,2.393856746129213384e-02,1.618757960020000136e-02,1.904369338503974010e-02,1.261298089223691736e-02,2.155173929519586112e-02,7.949413983016019938e-03,5.714091094241346633e-03,2.872842731869805141e-02,1.342371632828213805e-02,2.106475913823799631e-02,1.605131728612162884e-02,1.769157966070137797e-02,6.368112022911214150e-03,5.604901816272668189e-03,1.724431497881991071e-02,2.460819451822011603e-02,3.221739901446542265e-02,7.752454582091403493e-03,3.185895025007723369e-02,4.895282036664599934e-02,5.714776301160680305e-02,1.051359161247279739e-02,7.131637023585662982e-02,3.591857056406213416e-02,5.094410220111564996e-02,4.323122456605334868e-02,7.543982431993571935e-02,2.203676213507416506e-02,3.064320343465846627e-02,2.465534357606623261e-02,1.379458771565672016e-02,2.937692432412469107e-02,2.716475187149459264e-02,5.276479408900271173e-02,3.357013727636325162e-02,9.069977088722785963e-02,8.288793272306299587e-02,1.927178131899047117e-02,5.731340394550161338e-02,1.822859600212559106e-01,7.696298965449048513e-02,1.056409055911469164e-01,6.944570856364894185e-02,1.834042757241414329e-02,5.693808404632542952e-02
