0.000000000000000000e+00,1.475414938496775324e-02,1.263712296602588318e-02,5.206087590406608887e-03,2.394167253357245076e-02,2.850044654880198522e-02,3.244473519128013989e-02,6.432418849422666396e-03,3.603458237295707745e-02,2.133670742707893808e-02,2.774976852759419507e-02,1.777273272849304656e-02,4.524786056682797430e-02,1.248537861537870643e-02,1.342719030859357461e-02,1.255496792307265325e-02,6.720579659436994556e-03,1.879787719756492725e-02,1.468146808118123148e-02,3.040438397400186885e-02,1.289895018811404101e-02,5.939766280292942818e-02,4.543594542363140615e-02,1.597610841793047423e-02,3.981593487884692306e-02,8.068738906632615115e-02,4.946460016508847507e-02,7.249671457998245472e-02,4.794673271690323008e-02,1.010291880417469972e-02,3.264085190763830330e-02,1.452018346398649407e-02,8.974798743897820924e-03,1.624662578072607819e-02,8.314228826295722713e-03,1.105385973291132286e-02,4.959027592254888761e-03,5.206744321293271631e-03,1.457775035323199964e-02,9.956177178915696577e-03,1.220133175078278245e-02,8.912526087270772682e-03,1.021052926354581829e-02,4.658513755627743946e-03,3.314636490734477504e-03,1.005503281732330993e-02,1.390120521095348019e-02,1.886760766406422873e-02,7.912745837802642040e-03,2.314425207784694821e-02,2.754669900781298031e-02,3.562435337951042752e-02,7.686571618066533398e-03,3.972322468485531971e-02,2.074827952315969407e-02,3.328526539799513823e-02,2.305977232289517856e-02,4.783465104127312267e-02,1.529000702470091969e-02,1.580302268340271279e-02,1.256743123299006344e-02,7.131498921537663890e-03,1.679411296588708552e-02,1.742092264866035647e-02,2.942193882627050505e-02,1.897216766879036495e-02,4.987720909567576466e-02,6.102351260997484345e-02,1.358470703544555590e-02,3.847973303724430000e-02,9.632359121777786526e-02,5.213687064119433556e-02,7.340311835568506804e-02,4.374367527464952110e-02,1.059871349445609678e-02,3.221416555775756529e-02
1.475414938496775324e-02,0.000000000000000000e+00,2.418796817090035703e-02,1.027609722775057847e-02,4.675260231086374174e-02,5.428031079578202883e-02,6.274505519502270035e-02,1.204471885243942920e-02,6.972317331164204490e-02,4.093626498269185149e-02,5.353591311272479919e-02,3.343934889568275781e-02,8.678944904911771452e-02,2.421049046644370081e-02,2.492549829914052911e-02,2.435645344781629806e-02,1.320705091785521861e-02,3.682814478666397717e-02,2.785733242122168454e-02,5.922433638842407311e-02,2.364860359529170203e-02,1.149482790284243189e-01,8.565428140714712035e-02,3.008156375342653857e-02,7.688812337074595049e-02,1.531969522400088712e-01,9.612417896508353155e-02,1.425115447777715039e-01,9.475464435975004818e-02,2.018474803533032783e-02,6.264780271742244333e-02,2.744796577672308641e-02,1.709816849240051659e-02,3.140119335217743390e-02,1.572138110871627859e-02,2.124462963457095580e-02,9.463370605576188616e-03,9.818200243519726103e-03,2.753909134146362292e-02,1.910915305090110303e-02,2.322764962123171489e-02,1.657891783958622550e-02,1.989224248983873997e-02,9.116074880397489338e-03,6.300783524478330462e-03,1.871183585776257235e-02,2.672696421086922028e-02,3.598362649009516356e-02,1.501653603844585981e-02,4.461744737874875216e-02,5.204690925497508502e-02,6.925985309564755554e-02,1.400712207517425083e-02,7.622339478144790625e-02,4.001153992353611438e-02,6.368882433701608670e-02,4.384789918497290079e-02,9.130852682037877976e-02,2.995413990342051316e-02,2.941234184381835010e-02,2.402939345369850890e-02,1.385326313460619185e-02,3.237829204955447460e-02,3.386691561837883863e-02,5.667319023301591041e-02,3.519731868531048025e-02,9.623330094785054190e-02,1.157913403234838989e-01,2.514414139441174117e-02,7.428524657688449773e-02,1.837253990103424606e-01,1.003084300191284528e-01,1.418272519460424541e-01,8.506262456635023395e-02,2.084851033007577986e-02,6.243197048851258785e-02
1.263712296602588318e-02,2.418796817090035703e-02,0.000000000000000000e+00,8.628155292822618783e-03,3.908583363099434049e-02,4.573140038376325572e-02,5.243811455797618010e-02,1.014711870062881029e-02,5.904322273740032073e-02,3.406755793435651408e-02,4.453680648911109707e-02,2.841683563963632447e-02,7.270477071361014509e-02,2.062117312552145393e-02,2.119335728876778346e-02,2.051615968456186809e-02,1.110453626802379232e-02,3.083482727248216745e-02,2.410871946947466121e-02,5.007024308842329685e-02,2.056658985094357919e-02,9.666939865102773533e-02,7.267634841439860049e-02,2.503983274562612479e-02,6.502178699494343128e-02,1.292958097002817608e-01,8.143072921165511735e-02,1.181341000556985210e-01,7.924100877980363999e-02,1.697160610772980097e-02,5.321375283108570331e-02,2.233622371662141032e-02,1.385039257592476751e-02,2.600625915003879421e-02,1.302238550879742350e-02,1.799553511848019094e-02,7.842648395621537941e-03,8.045188709956178907e-03,2.218846693306512560e-02,1.566861502079693047e-02,1.952058411637793908e-02,1.361121434685997646e-02,1.681187115277455943e-02,7.400455580052791617e-03,5.189895188130691506e-03,1.588047394423007172e-02,2.294133063622779550e-02,3.090054387791866045e-02,1.251789427202630416e-02,3.678049930848169280e-02,4.445427648585083963e-02,5.736790903992780577e-02,1.205074682868835685e-02,6.440480604268539189e-02,3.314889407058901893e-02,5.363670896246435643e-02,3.656089756439581673e-02,7.604861469901069704e-02,2.491874216948279305e-02,2.500071369474501232e-02,2.023915376310754174e-02,1.155983700781072071e-02,2.692154853861878153e-02,2.904394700566085077e-02,4.868449423093632045e-02,3.017494008821755211e-02,8.102298739701126185e-02,9.804388973660888018e-02,2.109808751483892644e-02,6.169684842771799849e-02,1.535188128056755863e-01,8.505641710149725032e-02,1.182755622829899794e-01,7.230558458789365650e-02,1.779799749486155394e-02,5.284733608391455756e-02
5.206087590406608887e-03,1.027609722775057847e-02,8.628155292822618783e-03,0.000000000000000000e+00,1.691097675057051317e-02,2.000020788096022739e-02,2.261418954055727237e-02,4.357756246816928830e-03,2.554735926531311735e-02,1.484603668132470321e-02,1.970791138144100882e-02,1.228413768494528331e-02,3.163490087416237495e-02,8.912041474662664095e-03,8.933187577092121037e-03,8.798420415295521435e-03,4.864498136643338223e-03,1.339752492764982074e-02,1.019766443895564305e-02,2.159074573191927665e-02,8.302088193876818248e-03,4.177123348117205842e-02,3.102125150089548450e-02,1.094147860558259029e-02,2.795572260265339129e-02,5.536896344287887267e-02,3.497177891173810366e-02,5.193729612772810672e-02,3.454600854083580280e-02,7.245774250479915420e-03,2.265384266101190536e-02,1.022136789411010570e-02,6.360988110705205131e-03,1.160718026874608781e-02,5.859714150523313674e-03,7.603732641902687453e-03,3.300389527833168593e-03,3.654635822573285356e-03,1.019010529665966176e-02,6.977627866706357859e-03,8.616122626332099396e-03,6.038362428016152278e-03,7.266048068791814037e-03,3.402289174483629549e-03,2.325585840997652400e-03,6.676647716698555501e-03,9.698902579877944838e-03,1.317276965509623331e-02,5.558492320187230842e-03,1.632876585170672107e-02,1.898480915244363243e-02,2.551454103486528249e-02,5.054897852179220455e-03,2.781139135014845318e-02,1.449328957443687949e-02,2.336763455521229799e-02,1.609924389177395249e-02,3.338242667902517613e-02,1.095396447472755420e-02,1.064514907229931022e-02,8.856045960797457109e-03,5.073333327846462834e-03,1.181087586245989536e-02,1.272680577197997029e-02,2.080185818086468727e-02,1.256045533816440608e-02,3.512109129286205417e-02,4.221569209050874544e-02,9.066638935195428170e-03,2.728631749467454182e-02,6.727514198686239399e-02,3.693568523378736035e-02,5.202368416719523048e-02,3.081909685927942261e-02,7.521067166366861463e-03,2.276440893730762027e-02
2.394167253357245076e-02,4.675260231086374174e-02,3.908583363099434049e-02,1.691097675057051317e-02,0.000000000000000000e+00,8.916285265443517349e-02,1.027954826307090619e-01,1.962026558966638995e-02,1.144946582655302497e-01,6.832695599124304076e-02,8.778927311254339227e-02,5.600569713798059235e-02,1.427634578736766968e-01,4.048174207550148118e-02,4.002202101896665254e-02,3.998944117987930646e-02,2.213893991021698496e-02,6.026073887693404740e-02,4.591056065846121220e-02,9.644101530818997847e-02,3.883097020003686145e-02,1.863502561715046080e-01,1.386923406680969917e-01,4.931854562589760294e-02,1.259815331951830153e-01,2.496857775679459102e-01,1.562834663078948860e-01,2.322697645160020363e-01,1.542196341293685102e-01,3.336354797387872800e-02,1.021467966997431781e-01,4.516592515762084953e-02,2.808881785781179585e-02,5.127342830628400794e-02,2.615800742499551149e-02,3.547357355945264523e-02,1.561304554206237663e-02,1.628837904037168383e-02,4.507708101574856713e-02,3.121029675332902958e-02,3.814093455224181611e-02,2.708766843479905317e-02,3.290776856335874551e-02,1.499732367513068390e-02,1.046388731447349223e-02,3.048395027763250650e-02,4.378163014369497452e-02,5.900367417576450613e-02,2.497073599162915464e-02,7.349588851803486034e-02,8.547471446218797564e-02,1.138943934781166956e-01,2.291407610543666831e-02,1.249665690853196814e-01,6.680184897920624087e-02,1.047666704830293727e-01,7.275556385695461370e-02,1.498243901844522608e-01,4.934982084967823313e-02,4.747654840045376773e-02,3.949250850981658734e-02,2.310083889161170315e-02,5.271631872923991657e-02,5.627764974869178122e-02,9.289686157639071018e-02,5.760311949180473012e-02,1.566477883480104083e-01,1.875153294770952050e-01,4.102557992825719285e-02,1.221411474394929475e-01,3.006824350480157837e-01,1.641125738558716907e-01,2.330523732922809843e-01,1.391024151197322034e-01,3.441952075358255952e-02,1.023394297430293559e-01
2.850044654880198522e-02,5.428031079578202883e-02,4.573140038376325572e-02,2.000020788096022739e-02,8.916285265443517349e-02,0.000000000000000000e+00,1.205542924871782356e-01,2.303243537220334494e-02,1.342779485284048835e-01,7.830339917653394988e-02,1.024160210006708760e-01,6.465650352136703694e-02,1.675777165987853146e-01,4.670106256052695970e-02,4.781126422219107719e-02,4.652894767744972931e-02,2.534378755992812426e-02,7.043472856556567963e-02,5.422504816064598054e-02,1.137946818245465924e-01,4.552555009499242161e-02,2.200949291756454929e-01,1.647362320734497287e-01,5.800919684642434626e-02,1.469953093820582091e-01,2.958805744154231476e-01,1.841267336774861929e-01,2.710127113148593780e-01,1.814997963483868382e-01,3.821175373172254475e-02,1.200873830081198579e-01,5.306609896681420413e-02,3.315699907179338324e-02,6.053108415037660589e-02,3.051585068952731086e-02,4.114911627461123600e-02,1.830672490207676736e-02,1.904615227576936590e-02,5.253233141171440718e-02,3.696735797480947550e-02,4.502170915244082389e-02,3.136124629146468112e-02,3.809076141979569202e-02,1.760212382203061796e-02,1.215830913500205029e-02,3.609330844167654706e-02,5.146339954721135951e-02,6.879643538880637899e-02,2.913695476339250509e-02,8.487213247698874308e-02,1.012816046545832599e-01,1.326869897733792270e-01,2.706515230265969796e-02,1.472745690489780657e-01,7.633475786702485777e-02,1.222185026908807898e-01,8.437904404542322101e-02,1.750277509224149597e-01,5.678486089528129999e-02,5.692117952671971182e-02,4.645817188954338983e-02,2.667399380220848021e-02,6.257859652943098538e-02,6.541652597275836312e-02,1.088719180540271558e-01,6.741075635026630430e-02,1.855195785182123247e-01,2.228176776557872496e-01,4.838813520212342789e-02,1.430340064193141303e-01,3.551662075099106808e-01,1.931444014894152794e-01,2.714083328375928028e-01,1.637734584226690771e-01,3.978692375972955886e-02,1.193331713662809934e-01
3.244473519128013989e-02,6.274505519502270035e-02,5.243811455797618010e-02,2.261418954055727237e-02,1.027954826307090619e-01,1.205542924871782356e-01,0.000000000000000000e+00,2.651088523985354120e-02,1.551175537727009501e-01,9.154950183680340969e-02,1.180550989931096056e-01,7.506012842088351233e-02,1.927114033998084397e-01,5.393227729727562147e-02,5.417776231930816755e-02,5.384813358970847591e-02,2.977106719225018974e-02,8.127180802949796057e-02,6.159579433324141595e-02,1.304041767993477374e-01,5.214069932328683349e-02,2.519737720434883643e-01,1.875116241975720577e-01,6.659369070233714383e-02,1.698648053102669586e-01,3.371094845182655009e-01,2.106660135540750489e-01,3.133701361508611782e-01,2.080228348614717448e-01,4.448632354462410399e-02,1.367958782596556677e-01,6.179544202827168958e-02,3.824660759397328913e-02,6.903835583092071682e-02,3.523559758142191800e-02,4.725001101418209448e-02,2.108490202138768588e-02,2.198366701862186634e-02,6.194535403131580520e-02,4.248649618059676530e-02,5.128681380910614374e-02,3.684572762710748572e-02,4.424217469303015626e-02,2.042616543987820291e-02,1.413956081526073459e-02,4.152777455770611387e-02,5.941316913728575400e-02,7.911684773727535591e-02,3.352641382523470492e-02,9.867353038308124269e-02,1.154653203372458387e-01,1.538490569219807813e-01,3.100040596765132189e-02,1.683412265401078023e-01,8.949734998792024943e-02,1.405455741004656978e-01,9.746694889615198365e-02,2.024812047626129707e-01,6.633024136625242928e-02,6.412655673087766517e-02,5.328370918488265634e-02,3.103374678893891514e-02,7.155455576232237769e-02,7.508139711653799564e-02,1.247765043129420576e-01,7.757223884950176229e-02,2.117288978264779964e-01,2.534466632827258037e-01,5.566871585610363993e-02,1.654083561007644032e-01,4.070607215593809447e-01,2.204218526642269804e-01,3.139460339403069566e-01,1.873762741553916533e-01,4.618290009482246133e-02,1.374491840530784326e-01
6.432418849422666396e-03,1.204471885243942920e-02,1.014711870062881029e-02,4.357756246816928830e-03,1.962026558966638995e-02,2.303243537220334494e-02,2.651088523985354120e-02,0.000000000000000000e+00,2.966582754923513185e-02,1.749658501701190083e-02,2.260031778540022573e-02,1.420280120894195676e-02,3.696633033690899933e-02,1.017088966671198663e-02,1.087269154677895054e-02,1.017226166935113717e-02,5.722464253712635125e-03,1.539671152009368556e-02,1.199984473533262722e-02,2.516573411517796302e-02,1.046439904845602314e-02,4.834890930001600751e-02,3.631823509203720157e-02,1.280639757771221375e-02,3.248730978574086714e-02,6.544937471427153541e-02,4.034609129607755196e-02,5.953969172411735511e-02,3.942254167359880712e-02,8.417424951063109950e-03,2.642665731263178427e-02,1.150556447490134852e-02,7.350969962576003880e-03,1.307588960819307256e-02,6.562454661858811364e-03,9.016785026263516786e-03,4.037560650400234472e-03,4.113208611024381407e-03,1.158644644958070624e-02,7.934772222064786357e-03,9.776509662937391681e-03,6.945713782480633300e-03,8.516167421356211908e-03,3.894340749927113071e-03,2.685885648350865018e-03,8.029429726326236388e-03,1.165592201084722848e-02,1.513900201974691107e-02,6.386650535261760922e-03,1.857629197619909550e-02,2.262956890801385429e-02,2.924991153319841594e-02,6.094992831954366974e-03,3.212894278109099111e-02,1.700481041379236363e-02,2.733900231870279446e-02,1.859523795223236645e-02,3.886486218061436376e-02,1.260278212975335724e-02,1.271405934082173693e-02,1.024058347884325773e-02,5.899735685627851070e-03,1.357637503808067567e-02,1.447670998363664342e-02,2.415436893775252739e-02,1.525390240158511733e-02,4.110893680422352675e-02,4.912545577652961681e-02,1.071675947728424790e-02,3.144227632426298269e-02,7.840615907335955759e-02,4.237840886193434964e-02,5.985042354894668654e-02,3.606696626331106631e-02,8.700049295661751655e-03,2.642132746524949657e-02
3.603458237295707745e-02,6.972317331164204490e-02,5.904322273740032073e-02,2.554735926531311735e-02,1.144946582655302497e-01,1.342779485284048835e-01,1.551175537727009501e-01,2.966582754923513185e-02,0.000000000000000000e+00,1.007121886101787905e-01,1.315641663830761088e-01,8.220585005985285576e-02,2.145394924985789264e-01,6.030106235530985348e-02,6.163408774447147465e-02,5.990008555755810260e-02,3.303244699194169548e-02,9.067939915197190115e-02,6.995148054591468489e-02,1.472768036933611024e-01,5.852529195531211426e-02,2.835326704848299961e-01,2.108401348120922392e-01,7.336100490071512104e-02,1.899611604412445309e-01,3.787289180584734183e-01,2.372604755541911359e-01,3.493492268397699885e-01,2.346409059468254066e-01,5.014549853194775336e-02,1.536845781749546502e-01,6.634397322371068939e-02,4.206699902975497701e-02,7.671470582771330871e-02,3.858827688031328529e-02,5.312499599283131840e-02,2.342725399269627792e-02,2.452257112546057591e-02,6.599348550449378459e-02,4.686042536475307912e-02,5.675650251943283736e-02,3.972538231097134942e-02,4.968676112098891623e-02,2.241188001292140561e-02,1.569322739270992417e-02,4.573722398547672846e-02,6.604254204103138237e-02,8.829468141111102009e-02,3.720734313014213007e-02,1.091517609500040203e-01,1.296378244891653597e-01,1.705116800729561954e-01,3.440454457372804642e-02,1.897491895729077338e-01,9.944736168776582841e-02,1.574612630074429531e-01,1.072199015316275539e-01,2.252888875978640848e-01,7.379596120314853291e-02,7.272182999059743913e-02,5.948280181466614192e-02,3.454470332681602862e-02,8.016658829585947277e-02,8.477564968016666758e-02,1.408853189435604614e-01,8.612534219399718693e-02,2.390854174481980843e-01,2.843138042352583161e-01,6.126601670891267115e-02,1.830233180473577470e-01,4.530743461949598982e-01,2.475764244088495825e-01,3.501081845178434793e-01,2.106487360178085355e-01,5.226678198500508965e-02,1.528893945703785062e-01
2.133670742707893808e-02,4.093626498269185149e-02,3.406755793435651408e-02,1.484603668132470321e-02,6.832695599124304076e-02,7.830339917653394988e-02,9.154950183680340969e-02,1.749658501701190083e-02,1.007121886101787905e-01,0.000000000000000000e+00,7.772366740009499508e-02,4.946636110427510280e-02,1.268456980355531227e-01,3.555971345009772966e-02,3.564548239037965832e-02,3.533664247560439758e-02,1.927180417449586222e-02,5.309621254995992856e-02,4.001086505074905736e-02,8.490593230546572556e-02,3.501037050377773380e-02,1.651722616135742616e-01,1.223824550895721008e-01,4.398771698342373443e-02,1.108368853640614021e-01,2.225121273898826857e-01,1.369115739071916638e-01,2.061203912690583451e-01,1.353810567134551834e-01,2.878900728905848042e-02,8.986271959068040105e-02,4.025407900443064846e-02,2.531199049228428574e-02,4.536248625804255308e-02,2.306353212964956656e-02,3.110414489283368916e-02,1.393806766153260490e-02,1.429274241401773740e-02,4.040307435991412344e-02,2.810330199676349186e-02,3.334425429515003314e-02,2.411412165530024340e-02,2.884933384370897205e-02,1.357133631368692521e-02,9.094871920262074041e-03,2.722921877988935743e-02,3.895130341022210591e-02,5.150697691772092995e-02,2.230923130304496640e-02,6.533603168783594373e-02,7.526341711416714708e-02,1.014125531347231518e-01,2.051050606617627406e-02,1.099583476020556394e-01,5.934459671963442789e-02,9.275349311128883167e-02,6.404430698664317911e-02,1.324951494057648727e-01,4.333744455307431825e-02,4.236945517630210517e-02,3.473687603926250284e-02,2.035826007825299738e-02,4.722727231922391189e-02,4.895300990604554287e-02,8.064755712296967083e-02,5.214571152975200352e-02,1.384517541850152356e-01,1.662785248940385763e-01,3.632688269535618714e-02,1.088608267999681273e-01,2.666134874032790592e-01,1.439140793460167433e-01,2.067335352550029315e-01,1.216437033034734050e-01,3.013515810658212377e-02,8.970350456444518839e-02
2.774976852759419507e-02,5.353591311272479919e-02,4.453680648911109707e-02,1.970791138144100882e-02,8.778927311254339227e-02,1.024160210006708760e-01,1.180550989931096056e-01,2.260031778540022573e-02,1.315641663830761088e-01,7.772366740009499508e-02,0.000000000000000000e+00,6.376107512286391388e-02,1.642217245492925692e-01,4.638088034380249969e-02,4.642060678064435092e-02,4.546548462979639604e-02,2.522850808935392375e-02,6.898351635264740600e-02,5.313560402708510100e-02,1.111514833751361259e-01,4.512834362153397838e-02,2.137137904135625877e-01,1.591947971782220750e-01,5.659603632407111257e-02,1.435625463338064678e-01,2.883460341549565209e-01,1.795233854002187823e-01,2.654962625585572389e-01,1.772530093733143686e-01,3.821083845589655359e-02,1.171710545567131306e-01,5.121856373268472706e-02,3.224939280048620682e-02,5.883634879419888386e-02,2.987659981221270702e-02,4.106095541578239777e-02,1.806995111325643277e-02,1.862048272237526447e-02,5.064311081956306831e-02,3.566527835193993023e-02,4.388741784024709214e-02,3.091048913438673024e-02,3.794634772156296743e-02,1.723945039271820162e-02,1.200962365196272218e-02,3.514628568654080965e-02,5.015193867649038462e-02,6.771483200872800701e-02,2.890756155686614176e-02,8.443358446466019129e-02,9.921103642936299205e-02,1.308174780563743922e-01,2.636849780995543027e-02,1.439607453351034738e-01,7.679197797967939054e-02,1.203969292312716266e-01,8.313276166550767621e-02,1.721478103635278867e-01,5.651898239030613696e-02,5.546255610470415126e-02,4.543591556417102967e-02,2.643223529076709974e-02,6.082728262251055340e-02,6.471226699230608892e-02,1.068964135595579651e-01,6.627820335350079195e-02,1.806534258031186058e-01,2.158816807030672635e-01,4.714439203840158077e-02,1.398358678003719380e-01,3.460761962383497314e-01,1.888686663224093676e-01,2.670052871978402242e-01,1.594673911560675061e-01,3.951172545734647074e-02,1.170155999871628355e-01
1.777273272849304656e-02,3.343934889568275781e-02,2.841683563963632447e-02,1.228413768494528331e-02,5.600569713798059235e-02,6.465650352136703694e-02,7.506012842088351233e-02,1.420280120894195676e-02,8.220585005985285576e-02,4.946636110427510280e-02,6.376107512286391388e-02,0.000000000000000000e+00,1.046462282171524705e-01,2.965860953587885762e-02,2.899746847032844133e-02,2.906521483479831622e-02,1.590473890955156067e-02,4.343670587116989223e-02,3.335837268209061734e-02,6.928303658867987491e-02,2.866039773947877053e-02,1.342850425951838123e-01,1.008404145796485546e-01,3.613862160517568312e-02,9.052220869922869562e-02,1.826409710781380091e-01,1.127683185893186002e-01,1.697806931971795330e-01,1.106102813660930079e-01,2.400086564622332108e-02,7.468187374249252164e-02,3.273931995663671712e-02,2.053896829370692803e-02,3.803225587869048241e-02,1.900383415811115334e-02,2.570567072289077493e-02,1.126937970367270121e-02,1.167884952480970073e-02,3.280522237273565678e-02,2.286208845662095548e-02,2.843087037076845111e-02,2.000361164606048736e-02,2.397259532478449029e-02,1.103605305089494330e-02,7.524996068117449990e-03,2.267609055214752159e-02,3.189362629896158596e-02,4.260265741866787331e-02,1.867283720786445944e-02,5.410895306852242514e-02,6.136178152617940973e-02,8.366671881769670305e-02,1.653394202109138844e-02,9.002422196511777885e-02,4.878815110476049377e-02,7.636418534853445239e-02,5.374591034915895960e-02,1.095358233776706908e-01,3.594934816649658638e-02,3.465398703469761005e-02,2.819024383612898574e-02,1.665906424428436478e-02,3.833515296508546721e-02,4.064794580865468965e-02,6.680364429423554795e-02,4.261364912965100865e-02,1.130182535071685007e-01,1.357510631166021775e-01,2.973431124995171496e-02,8.882979878052911504e-02,2.199248705478794308e-01,1.185756114946490414e-01,1.702664316865169225e-01,9.945562584516348670e-02,2.487249474041918276e-02,7.510745081406720869e-02
4.524786056682797430e-02,8.678944904911771452e-02,7.270477071361014509e-02,3.163490087416237495e-02,1.427634578736766968e-01,1.675777165987853146e-01,1.927114033998084397e-01,3.696633033690899933e-02,2.145394924985789264e-01,1.268456980355531227e-01,1.642217245492925692e-01,1.046462282171524705e-01,0.000000000000000000e+00,7.476090959781918344e-02,7.593591968974343354e-02,7.510079244414841204e-02,4.097958502026598226e-02,1.127146104009553867e-01,8.553841522652082252e-02,1.810963274713542348e-01,7.293774588623541666e-02,3.520101049518687963e-01,2.614793999199322982e-01,9.305677389746648542e-02,2.357569282001094613e-01,4.700251235238638303e-01,2.925959099672598707e-01,4.361031406620421991e-01,2.895335861274871414e-01,6.143839805344282479e-02,1.904955396636600906e-01,8.537346246537309835e-02,5.333987693381398582e-02,9.587206614226609358e-02,4.856028580272356288e-02,6.552393741060466570e-02,2.924166750085725741e-02,3.063424988251796377e-02,8.591039146041411223e-02,5.913119174044629417e-02,7.164692117674052729e-02,5.122518909516143165e-02,6.118538408167280285e-02,2.861341955493570954e-02,1.961049504055410383e-02,5.776399127298747355e-02,8.218471186746056922e-02,1.102687857588702802e-01,4.701122785226836964e-02,1.368580473602500902e-01,1.600716341646284957e-01,2.138171504042265247e-01,4.335462288364010791e-02,2.346017425560341096e-01,1.245894589034978184e-01,1.963085290399159411e-01,1.359073532287356223e-01,2.821831172232359686e-01,9.133576636106685576e-02,9.046451443738473541e-02,7.436209729177352401e-02,4.293213238764404666e-02,1.000518953220285862e-01,1.041659810233460659e-01,1.731804496322943698e-01,1.089404594014089789e-01,2.954541105910419851e-01,3.558314771797642106e-01,7.769673015558152540e-02,2.303994700745582713e-01,5.666282159153974707e-01,3.068014868486372282e-01,4.380584804788517084e-01,2.594601509421941010e-01,6.391766409132727811e-02,1.907395724045302110e-01
1.248537861537870643e-02,2.421049046644370081e-02,2.062117312552145393e-02,8.912041474662664095e-03,4.048174207550148118e-02,4.670106256052695970e-02,5.393227729727562147e-02,1.017088966671198663e-02,6.030106235530985348e-02,3.555971345009772966e-02,4.638088034380249969e-02,2.965860953587885762e-02,7.476090959781918344e-02,0.000000000000000000e+00,2.116683578015358599e-02,2.113723169709606775e-02,1.142906786676739853e-02,3.182396401822329413e-02,2.428294241991216240e-02,5.077673921568620630e-02,2.022908213077043854e-02,9.838443017729370244e-02,7.266812286429356893e-02,2.587137147897128342e-02,6.600154521173090538e-02,1.305709852244266722e-01,8.252184382074913283e-02,1.225943077390307945e-01,8.117668517452113208e-02,1.760787113023573602e-02,5.356712827477098232e-02,2.375241380856188758e-02,1.463401278546097931e-02,2.697381671416673038e-02,1.373886152886655450e-02,1.828892928602986537e-02,8.112992763981176358e-03,8.678243352326198146e-03,2.349973017581860266e-02,1.638689300772577448e-02,2.016005796890874696e-02,1.428228140267006827e-02,1.730090706061965591e-02,7.998603629660082717e-03,5.542645935961749634e-03,1.587430356602642645e-02,2.293230908142013594e-02,3.089583724197935213e-02,1.324656566380655320e-02,3.868994836048094549e-02,4.453931726829739313e-02,6.004498790287585153e-02,1.178867808234976625e-02,6.568048748474281107e-02,3.520327253558287739e-02,5.522317884696015949e-02,3.843781987357807600e-02,7.926103125676217664e-02,2.600361984585900996e-02,2.500647431094639092e-02,2.072963008483257735e-02,1.212934461811068787e-02,2.778953489378371486e-02,2.958065899800303711e-02,4.906774056502741926e-02,3.002068728876326753e-02,8.255916639657262523e-02,9.845427377854763795e-02,2.134371317243358157e-02,6.411988246018376914e-02,1.570698822238487113e-01,8.676101762209945112e-02,1.234548452568938054e-01,7.305717399361282005e-02,1.809471093879680414e-02,5.379710961047853152e-02
1.342719030859357461e-02,2.492549829914052911e-02,2.119335728876778346e-02,8.933187577092121037e-03,4.002202101896665254e-02,4.781126422219107719e-02,5.417776231930816755e-02,1.087269154677895054e-02,6.163408774447147465e-02,3.564548239037965832e-02,4.642060678064435092e-02,2.899746847032844133e-02,7.593591968974343354e-02,2.116683578015358599e-02,0.000000000000000000e+00,2.120228475944221924e-02,1.175266995976723475e-02,3.154975832466050401e-02,2.501832301231737485e-02,5.195628367683150645e-02,2.176806195288215687e-02,9.984295164458195648e-02,7.659749818311552272e-02,2.663215264209348523e-02,6.662549950395788012e-02,1.361154263836061307e-01,8.393660312292283709e-02,1.218305718505395124e-01,8.190856132578716586e-02,1.726265103821909147e-02,5.548391124958482190e-02,2.347760798958339543e-02,1.499669140038487058e-02,2.692260699331560508e-02,1.347871873955769871e-02,1.878271552106452677e-02,8.373020841372673037e-03,8.409944130343269958e-03,2.345785014513552050e-02,1.643642492087879145e-02,2.025397852116725059e-02,1.427431489968603202e-02,1.709241778533172190e-02,7.577438180835718504e-03,5.459393118805711681e-03,1.667613763369210633e-02,2.408880589210961667e-02,3.161463435433589653e-02,1.289789821401288866e-02,3.806227696543833250e-02,4.693413674224642534e-02,5.936561025224479371e-02,1.299253544067672551e-02,6.691943843442618722e-02,3.475872062756927422e-02,5.594928708790596061e-02,3.772943291815632205e-02,7.935619482925311552e-02,2.561313368085115991e-02,2.678273909591786031e-02,2.133312029981541263e-02,1.220340893335791418e-02,2.802199292929485192e-02,2.971323053117088525e-02,5.003816796881298962e-02,3.152895380323693375e-02,8.500850697819516133e-02,1.026515553938420200e-01,2.257227764557270464e-02,6.433125590913760239e-02,1.628401980566920315e-01,8.779245418606324014e-02,1.213880241259943232e-01,7.468106876660282611e-02,1.796623860602028153e-02,5.511467587762360065e-02
1.255496792307265325e-02,2.435645344781629806e-02,2.051615968456186809e-02,8.798420415295521435e-03,3.998944117987930646e-02,4.652894767744972931e-02,5.384813358970847591e-02,1.017226166935113717e-02,5.990008555755810260e-02,3.533664247560439758e-02,4.546548462979639604e-02,2.906521483479831622e-02,7.510079244414841204e-02,2.113723169709606775e-02,2.120228475944221924e-02,0.000000000000000000e+00,1.149504726179301738e-02,3.128397573240070118e-02,2.383435075948208900e-02,5.087706384047828434e-02,2.041708781925520924e-02,9.730593783296308252e-02,7.279614453983966615e-02,2.572132389912690567e-02,6.566907955337082659e-02,1.312606104143430874e-01,8.233157219271297622e-02,1.215469650391245438e-01,8.052085243338498455e-02,1.736634419745320540e-02,5.353976857720315480e-02,2.313934135024164201e-02,1.458292509928879599e-02,2.651445634044772778e-02,1.348909535243621172e-02,1.854700853706674896e-02,8.126077076480095474e-03,8.284210302654023556e-03,2.295195892019511255e-02,1.629441202121804586e-02,1.980453198481646471e-02,1.414297430885392767e-02,1.725042115572194418e-02,7.831800722239873683e-03,5.382161135300546698e-03,1.593755413949284050e-02,2.310764121753622682e-02,3.075895739994931322e-02,1.292347374270151790e-02,3.793052641046534140e-02,4.485202533386766638e-02,5.936478588342494062e-02,1.188892230238157606e-02,6.521789446363962517e-02,3.457608837973868976e-02,5.423638458293059128e-02,3.740583180577518319e-02,7.820320807233718807e-02,2.560282905926123190e-02,2.523210102957773593e-02,2.048831715979626544e-02,1.209642674313570442e-02,2.769352895684438001e-02,2.900050175285744450e-02,4.921128924350219591e-02,2.995096614791391623e-02,8.225815914144786467e-02,9.815313310271474301e-02,2.127753715133618578e-02,6.372150008543726873e-02,1.563118498231517162e-01,8.607237072566142899e-02,1.210853101840150686e-01,7.281279831487816323e-02,1.798075320552986606e-02,5.370798202825939616e-02
6.720579659436994556e-03,1.320705091785521861e-02,1.110453626802379232e-02,4.864498136643338223e-03,2.213893991021698496e-02,2.534378755992812426e-02,2.977106719225018974e-02,5.722464253712635125e-03,3.303244699194169548e-02,1.927180417449586222e-02,2.522850808935392375e-02,1.590473890955156067e-02,4.097958502026598226e-02,1.142906786676739853e-02,1.175266995976723475e-02,1.149504726179301738e-02,0.000000000000000000e+00,1.719524821136229897e-02,1.317410037219709541e-02,2.791489455201862438e-02,1.124146718455498219e-02,5.446972849109772696e-02,4.006377129710483181e-02,1.416113243373927355e-02,3.631901866729010664e-02,7.198673421008179585e-02,4.496263989274611184e-02,6.773534704753086944e-02,4.437600510950213961e-02,9.551878954080007464e-03,2.919773504928312863e-02,1.293999031942945355e-02,8.032163661637090751e-03,1.448890077769907081e-02,7.226592964538287346e-03,9.850530000393402028e-03,4.451331473154406491e-03,4.705372935241606581e-03,1.290511983384540380e-02,9.011918199113519781e-03,1.059769345781823996e-02,7.482240070417879238e-03,9.360563336223613751e-03,4.375057140835528907e-03,2.972730831862782034e-03,8.738446050266263782e-03,1.285774493755525473e-02,1.687190974588889322e-02,7.074845350566458420e-03,2.085607166337068510e-02,2.421038745370397011e-02,3.288494644259086497e-02,6.660558911231412825e-03,3.578873491332538320e-02,1.912837320985029746e-02,3.033937941260127572e-02,2.062989288023222775e-02,4.301450030915735662e-02,1.398422570335345998e-02,1.370947793306309323e-02,1.120069866302884735e-02,6.688870335761242132e-03,1.534511607638803891e-02,1.590824268318251009e-02,2.669725177840151509e-02,1.673608605587801126e-02,4.557006417713355823e-02,5.455435879251542552e-02,1.168887971399809600e-02,3.565303405846036167e-02,8.635517641071339956e-02,4.686515904477973893e-02,6.753576246947129436e-02,3.976847773308664347e-02,9.928834642509057340e-03,2.926124700077917251e-02
1.879787719756492725e-02,3.682814478666397717e-02,3.083482727248216745e-02,1.339752492764982074e-02,6.026073887693404740e-02,7.043472856556567963e-02,8.127180802949796057e-02,1.539671152009368556e-02,9.067939915197190115e-02,5.309621254995992856e-02,6.898351635264740600e-02,4.343670587116989223e-02,1.127146104009553867e-01,3.182396401822329413e-02,3.154975832466050401e-02,3.128397573240070118e-02,1.719524821136229897e-02,0.000000000000000000e+00,3.619130229457784287e-02,7.680968104204353997e-02,3.035197594016439404e-02,1.479936577952334631e-01,1.090546769428343415e-01,3.851690067573664000e-02,9.949220888496358717e-02,1.973441010946601348e-01,1.239796570627736544e-01,1.834604386127451081e-01,1.224828626781314656e-01,2.653291449292216261e-02,8.027497121134345714e-02,3.458312713487089740e-02,2.176539658366858504e-02,3.960909864886998782e-02,2.003051429025906605e-02,2.792571851168227162e-02,1.233118256937295112e-02,1.255829551499679057e-02,3.439600583997924621e-02,2.430331318360547804e-02,2.954780727914162186e-02,2.115459183064736723e-02,2.611053907686961689e-02,1.196595217127645674e-02,8.066457205149694942e-03,2.398561186450183513e-02,3.451421116600322109e-02,4.631045613270275835e-02,1.968842296290231747e-02,5.769671366658954414e-02,6.766953957053771507e-02,8.966955382924238216e-02,1.794522552130183024e-02,9.852242635905547607e-02,5.250819424024565085e-02,8.208580475110295593e-02,5.641948855432497856e-02,1.178304901900735918e-01,3.875732278002635978e-02,3.793670921385362826e-02,3.113170952096573629e-02,1.817215842325031749e-02,4.177819470952350012e-02,4.368347093982334617e-02,7.363084131828517842e-02,4.492297697365700559e-02,1.242238040184311526e-01,1.480050225894933846e-01,3.192532658289686659e-02,9.588841921866551876e-02,2.360213398517602146e-01,1.292679999596271223e-01,1.828794810100509982e-01,1.100028768109655719e-01,2.714363997297250530e-02,8.017745506702333991e-02
1.468146808118123148e-02,2.785733242122168454e-02,2.410871946947466121e-02,1.019766443895564305e-02,4.591056065846121220e-02,5.422504816064598054e-02,6.159579433324141595e-02,1.199984473533262722e-02,6.995148054591468489e-02,4.001086505074905736e-02,5.313560402708510100e-02,3.335837268209061734e-02,8.553841522652082252e-02,2.428294241991216240e-02,2.501832301231737485e-02,2.383435075948208900e-02,1.317410037219709541e-02,3.619130229457784287e-02,0.000000000000000000e+00,5.886648889521834543e-02,2.376918047892636818e-02,1.131730856177069200e-01,8.526584198812353632e-02,2.947794825475531094e-02,7.546673775139632612e-02,1.514320972978865365e-01,9.565942505448665756e-02,1.386982184939067331e-01,9.321981827262797171e-02,2.021297923393455473e-02,6.235245258197877338e-02,2.632069320365890142e-02,1.644247876856828536e-02,3.069335442927980523e-02,1.535480468345446631e-02,2.151618142994462385e-02,9.383847546197773490e-03,9.804702635645369882e-03,2.594066667442038870e-02,1.857115717338343394e-02,2.300585884790043098e-02,1.577387354548327736e-02,2.005966322318342848e-02,8.842869983771700984e-03,6.367604791391891055e-03,1.817354995488244113e-02,2.665347414525760100e-02,3.576987694237458715e-02,1.504082191491246459e-02,4.365096094435484686e-02,5.238208110304990589e-02,6.778496245420982669e-02,1.383209749993640283e-02,7.637920245979716583e-02,3.988261955405385251e-02,6.382154642744181094e-02,4.326361455279306711e-02,9.028252634218927875e-02,2.958032709140504327e-02,2.926096525797741363e-02,2.369921020387896760e-02,1.373380571304140714e-02,3.183574901414900488e-02,3.463745706281560338e-02,5.712352186138056759e-02,3.427776203245380682e-02,9.573647052446956907e-02,1.136104865483237719e-01,2.457864063166555202e-02,7.259573413002440301e-02,1.811564407208918481e-01,1.002500227376931508e-01,1.399336817131186517e-01,8.487597931004553509e-02,2.122563922004555223e-02,6.197373774579353206e-02
3.040438397400186885e-02,5.922433638842407311e-02,5.007024308842329685e-02,2.159074573191927665e-02,9.644101530818997847e-02,1.137946818245465924e-01,1.304041767993477374e-01,2.516573411517796302e-02,1.472768036933611024e-01,8.490593230546572556e-02,1.111514833751361259e-01,6.928303658867987491e-02,1.810963274713542348e-01,5.077673921568620630e-02,5.195628367683150645e-02,5.087706384047828434e-02,2.791489455201862438e-02,7.680968104204353997e-02,5.886648889521834543e-02,0.000000000000000000e+00,4.934378889613496438e-02,2.388009323289839170e-01,1.784399198753210403e-01,6.228952396253788909e-02,1.605036863236420086e-01,3.192554653670941489e-01,2.012027149159122674e-01,2.946454750260479871e-01,1.973890198155905662e-01,4.225138791914997277e-02,1.308307361061093466e-01,5.631241396281163464e-02,3.497127096139798774e-02,6.438263611837113931e-02,3.241661679229260185e-02,4.453441079867605235e-02,1.980321761015668702e-02,2.016567106987220137e-02,5.543915090995533979e-02,3.917424078663471476e-02,4.796170029754386055e-02,3.353282147393415319e-02,4.166956292870666045e-02,1.893377001444052771e-02,1.294077124296294339e-02,3.863295743820399641e-02,5.638007136380190215e-02,7.492714088696675323e-02,3.107731646945383411e-02,9.123499196539186507e-02,1.095812349916540779e-01,1.430054982795327945e-01,2.924573949324553099e-02,1.595548867520185654e-01,8.319342329357390375e-02,1.324556763602649512e-01,9.039739904771984524e-02,1.891260378645307216e-01,6.163710293230061088e-02,6.148274077684818401e-02,5.029369015551476280e-02,2.922285335949346627e-02,6.748087759636786642e-02,7.134128530809717705e-02,1.197103649165259104e-01,7.249298576967533325e-02,2.013018170180567723e-01,2.415326432101444487e-01,5.190309186480143028e-02,1.545456293762656474e-01,3.814015311570539413e-01,2.103860306915991130e-01,2.940501535873549233e-01,1.792977389927244425e-01,4.404804075888985732e-02,1.308103729401348114e-01
1.289895018811404101e-02,2.364860359529170203e-02,2.056658985094357919e-02,8.302088193876818248e-03,3.883097020003686145e-02,4.552555009499242161e-02,5.214069932328683349e-02,1.046439904845602314e-02,5.852529195531211426e-02,3.501037050377773380e-02,4.512834362153397838e-02,2.866039773947877053e-02,7.293774588623541666e-02,2.022908213077043854e-02,2.176806195288215687e-02,2.041708781925520924e-02,1.124146718455498219e-02,3.035197594016439404e-02,2.376918047892636818e-02,4.934378889613496438e-02,0.000000000000000000e+00,9.642766164819979724e-02,7.355826356901150331e-02,2.561708440681706445e-02,6.485281848968815765e-02,1.304945816930650204e-01,8.007281326485596318e-02,1.180616665245292213e-01,7.733151453795640562e-02,1.633011963316191237e-02,5.267086276508382847e-02,2.339036182095827199e-02,1.467284026997165564e-02,2.596509999516482051e-02,1.301790208125647857e-02,1.736145694177602256e-02,7.907960953087440903e-03,8.244393853865685656e-03,2.371553802325524624e-02,1.612717920282970285e-02,1.919382772985669602e-02,1.387609603687207926e-02,1.646574504521428062e-02,7.626226896454408807e-03,5.395483176348333035e-03,1.646115479029406498e-02,2.332717071917041890e-02,3.036541059800904399e-02,1.246116071874072730e-02,3.678242160866870836e-02,4.432717827775418951e-02,5.767903036361398533e-02,1.249725748326051787e-02,6.407017665348682667e-02,3.382684462187695446e-02,5.408912477949262554e-02,3.679449962859212414e-02,7.683148901003142295e-02,2.472374596833010543e-02,2.556960637362853256e-02,2.041386728471523970e-02,1.186805912508146280e-02,2.696621145971174471e-02,2.837268660103432066e-02,4.808182476365028407e-02,3.162939456155029055e-02,8.122816009374851653e-02,9.895160999783716993e-02,2.164814024125005787e-02,6.251314206600833145e-02,1.552507166085163870e-01,8.404983468371086952e-02,1.193555019479877466e-01,7.123761293131651573e-02,1.729520205250373657e-02,5.258120670808613673e-02
