0.000000000000000000e+00,1.435661372982823675e-02,8.699279290369701240e-03,6.425287650886577287e-03,2.388631496187285791e-02,2.880858339250491965e-02,2.960569992404036427e-02,7.269253964868831359e-03,3.467627717554720712e-02,2.081804999990086863e-02,2.548528122833623386e-02,1.943243435413095910e-02,4.713723932812560052e-02,5.980871980246020223e-03,1.184761578936291242e-02,9.781907525742998891e-03,6.256422776462325190e-03,1.341595514018493508e-02,1.527955910766818498e-02,2.304408604408768324e-02,1.478944204555147739e-02,4.733994867423127473e-02,3.727042290173696037e-02,1.421964997178600323e-02,3.653481167962933235e-02,7.874177385995387302e-02,4.388542987926020295e-02,6.475485836277722340e-02,4.774781325014300359e-02,1.227539006533346494e-02,3.276878409198123732e-02,1.435934597481744283e-02,1.109335987358256448e-02,1.258000283934316427e-02,7.769089206481231275e-03,1.044104597508754666e-02,7.110070752015364495e-03,4.850907963490344588e-03,1.321925081507924205e-02,9.694069884946488955e-03,1.142482145028214831e-02,8.616322498794445894e-03,8.071321659972834420e-03,2.959366872212990367e-03,3.501208778749684107e-03,8.409290122155698571e-03,1.437497385429053164e-02,1.446845048522741456e-02,7.228830912947891221e-03,2.312479347736981494e-02,2.844684720973005357e-02,3.352549854538360019e-02,8.254294878183375539e-03,3.957548899683170640e-02,2.153914148792515290e-02,2.555781060588302803e-02,2.536637412486427920e-02,4.639009381389173903e-02,6.580908369469295333e-03,1.459734148827630806e-02,1.290185310943909106e-02,6.938125534799020888e-03,1.310064647451901487e-02,1.607753407619358019e-02,2.396953784468033519e-02,1.636311811462711277e-02,4.463685708125647578e-02,4.556649282315004823e-02,1.387767076421708538e-02,3.454847544546742893e-02,1.025409691622818087e-01,4.581523751317163884e-02,6.308194131685260220e-02,4.099718754139554389e-02,9.478714657859854328e-03,3.530955893555655367e-02
1.435661372982823675e-02,0.000000000000000000e+00,1.537164538897621210e-02,1.140367972202628588e-02,4.320652103638112501e-02,5.149477275121001896e-02,5.354514651493703925e-02,1.320375301976357656e-02,6.276578680262480392e-02,3.770947493053777855e-02,4.604905110287611791e-02,3.331285733735180055e-02,8.539778338280032410e-02,9.952982847025223373e-03,2.061482996291048517e-02,1.739558163199626459e-02,1.124206845675744873e-02,2.383008661223290359e-02,2.669578791725052413e-02,4.095129186982289504e-02,2.569221736733216105e-02,8.429738383325027784e-02,6.594192967597600763e-02,2.443261046019720717e-02,6.452889798806366040e-02,1.386019772194020117e-01,7.882576022527411352e-02,1.165858036276995052e-01,8.626129118245710881e-02,2.194664772636522113e-02,5.807600105575132232e-02,2.551646417793294874e-02,2.022913093607096521e-02,2.254055197936303753e-02,1.365733150994700475e-02,1.847066418912838084e-02,1.293190265510343016e-02,8.676032397714058056e-03,2.333267378380105006e-02,1.725977092055771406e-02,2.018651922357274711e-02,1.527964735183369449e-02,1.466646835941126659e-02,5.446946058913256471e-03,6.123768934087650898e-03,1.377205330119647686e-02,2.578713058894451654e-02,2.451785914359920493e-02,1.294251472226290098e-02,4.221038684744822522e-02,5.016374670868556374e-02,6.030667364883077197e-02,1.511226566904508122e-02,7.092950462744529450e-02,3.836703325004105214e-02,4.580787903039607034e-02,4.418409208290793866e-02,8.357840631526919362e-02,1.097698085518862554e-02,2.539549333356210317e-02,2.274885526634540245e-02,1.251826439050212313e-02,2.319176965524940778e-02,2.860028738786344477e-02,4.231562053090201503e-02,2.900587793387852942e-02,7.991350845753997234e-02,8.062151989441972144e-02,2.412090483581362868e-02,6.260518356478839141e-02,1.827867278104639559e-01,8.156192118074952202e-02,1.118666828285286158e-01,7.334940454098320961e-02,1.665517283938004051e-02,6.242511238625634423e-02
8.699279290369701240e-03,1.537164538897621210e-02,0.000000000000000000e+00,6.825525435450780290e-03,2.635454427685835280e-02,3.160799619489981088e-02,3.260121960788980866e-02,8.139557848633129436e-03,3.874922782191755899e-02,2.229165704299653980e-02,2.815130023192029957e-02,1.998940354941107153e-02,5.212579372165825065e-02,6.097012741560318971e-03,1.304106973131534918e-02,1.088697992347161317e-02,6.640307621075973443e-03,1.437549169044269673e-02,1.673482769882802396e-02,2.531487191622351640e-02,1.589887889609987656e-02,5.256086081012606437e-02,4.083604180877392631e-02,1.528571359133622763e-02,3.942040915892746494e-02,8.551672528856427147e-02,4.835154648531340971e-02,7.046741948922188858e-02,5.322840529766680040e-02,1.309216646466682121e-02,3.509647625359614553e-02,1.576828787147573768e-02,1.259958119459708703e-02,1.375252913128026215e-02,8.279445757657818289e-03,1.108577291800593410e-02,7.721834910363832398e-03,5.442782055734371287e-03,1.465653944302432697e-02,1.081449413325154263e-02,1.251154809030940833e-02,9.323297823725927233e-03,8.776958038625763681e-03,3.252705209212188205e-03,3.886350285447355210e-03,8.210237664080733549e-03,1.570727091535533207e-02,1.492179652624547187e-02,7.754114956882577833e-03,2.555637935994786378e-02,3.149545843922452182e-02,3.666802721716339725e-02,9.128153103350153050e-03,4.388937819319831124e-02,2.305635987724674943e-02,2.835632927544696688e-02,2.689133530867213184e-02,5.100734113462112446e-02,6.631476647704619837e-03,1.588868738305983935e-02,1.396676846695961774e-02,7.557760576474259126e-03,1.447607115770545641e-02,1.754551436463647890e-02,2.593651659507550250e-02,1.770198468112837639e-02,4.982395731193907384e-02,4.976503523974182969e-02,1.503515114800867830e-02,3.849422361910170148e-02,1.122852999304196769e-01,4.944082698906778622e-02,6.870777719508328052e-02,4.498371953254081540e-02,1.002382119812745935e-02,3.820824876408508708e-02
6.425287650886577287e-03,1.140367972202628588e-02,6.825525435450780290e-03,0.000000000000000000e+00,1.959716863782814261e-02,2.311801423707325956e-02,2.397220965639543927e-02,5.928567859537731827e-03,2.801839525627799338e-02,1.684621759422163384e-02,2.079294890440347085e-02,1.526620693051410071e-02,3.845763986218316693e-02,4.607647507300273275e-03,8.984276325302367749e-03,7.795093757913850070e-03,4.989154349333732065e-03,1.068347045832876777e-02,1.211156033206030498e-02,1.852279577724833329e-02,1.158093149267078875e-02,3.786625241561687033e-02,2.899261081738933876e-02,1.112831635195556633e-02,2.922280745167274082e-02,6.178447736361034753e-02,3.533804653318115691e-02,5.185716523157807983e-02,3.863877891224302974e-02,9.799174130413194905e-03,2.636047960763940670e-02,1.129620343507959854e-02,9.286392951524495565e-03,1.038814074402707836e-02,6.229130331408155516e-03,8.284932828444920364e-03,5.766702059348859447e-03,3.960469488118390641e-03,1.023893043824151625e-02,7.852711979454227859e-03,9.176442560267566648e-03,6.917135812399715679e-03,6.536456084424608313e-03,2.482319247173810691e-03,2.742560663461826500e-03,6.203449835809085773e-03,1.156194373080185814e-02,1.151305091415588677e-02,5.894517544563866382e-03,1.896910815916724030e-02,2.275845141865892943e-02,2.739959024566671758e-02,6.838796865923666389e-03,3.181960456426037587e-02,1.737101433649364604e-02,2.068311301953327380e-02,2.038648524257247185e-02,3.747801790932719923e-02,4.927274580465903359e-03,1.134788208267335612e-02,1.035530781143658048e-02,5.710295670383113385e-03,1.044902874103283141e-02,1.312683009061015212e-02,1.906841302827140885e-02,1.320522709369414960e-02,3.552306134525311937e-02,3.597368104186991072e-02,1.095630744460332137e-02,2.807141740643267006e-02,8.202645924659215937e-02,3.651102023632476351e-02,5.005253726124431896e-02,3.298647623982228771e-02,7.377340383836452666e-03,2.828401144029663028e-02
2.388631496187285791e-02,4.320652103638112501e-02,2.635454427685835280e-02,1.959716863782814261e-02,0.000000000000000000e+00,8.756112963794990267e-02,9.234288766973072771e-02,2.242493307412455478e-02,1.063882070174701072e-01,6.453480593428335965e-02,7.976284740968035691e-02,5.667404531727973649e-02,1.475698643525406306e-01,1.713900773612683434e-02,3.429804036750313395e-02,2.980280859407796745e-02,1.881165894814895365e-02,4.062266556557682373e-02,4.555450113611491519e-02,7.041302619576800259e-02,4.423310825718684836e-02,1.430392117021739851e-01,1.098928414460846881e-01,4.116840743201708591e-02,1.105850831822894620e-01,2.335308848782601809e-01,1.340021898561947200e-01,1.991417935636803638e-01,1.483719412625040812e-01,3.769704885368167779e-02,9.922772653580316793e-02,4.324837659276882518e-02,3.486445981108847458e-02,3.892648553499682834e-02,2.340411273761070637e-02,3.202102241571389007e-02,2.214919954101468927e-02,1.496458180507628279e-02,3.925413383955513730e-02,2.941743091363724014e-02,3.472487544173074453e-02,2.602544596780528852e-02,2.537355150227440029e-02,9.488378341544177058e-03,1.026827257472194381e-02,2.312835422811419447e-02,4.426064422043823193e-02,4.227853012984567060e-02,2.213455164425169250e-02,7.309407978178933396e-02,8.612300620856161437e-02,1.041016406999249189e-01,2.544833196562410263e-02,1.212971314252787591e-01,6.647952816170434043e-02,7.948059911635875496e-02,7.640996695228258195e-02,1.423931364942019051e-01,1.919904214843229720e-02,4.332493623666613947e-02,3.938913693032532887e-02,2.168890371494361022e-02,3.938442321502280685e-02,4.937466136308712311e-02,7.190314982025057533e-02,5.067219949917505656e-02,1.358242551179653368e-01,1.363772043922196753e-01,4.152565346749460817e-02,1.070101859083516099e-01,3.103815231181158429e-01,1.376154755696548659e-01,1.923772707030458051e-01,1.255065903741252042e-01,2.884757188594508012e-02,1.077217975423522961e-01
2.880858339250491965e-02,5.149477275121001896e-02,3.160799619489981088e-02,2.311801423707325956e-02,8.756112963794990267e-02,0.000000000000000000e+00,1.096726001552142254e-01,2.622138655852670336e-02,1.280442969840470679e-01,7.574859341888784403e-02,9.291821612165386546e-02,6.669154483525419064e-02,1.736838680420978720e-01,2.119793249608586255e-02,4.158000739705070697e-02,3.559541755614662600e-02,2.274306704117794176e-02,4.871630676937147020e-02,5.449748850256230098e-02,8.344333390457106536e-02,5.204872092535025446e-02,1.719153255593805774e-01,1.341411287799839647e-01,4.929567831933588662e-02,1.320895417676349881e-01,2.824818625953482432e-01,1.603154955386257019e-01,2.365495095851040119e-01,1.748127318789251816e-01,4.413845969435026967e-02,1.169502165662828080e-01,5.143773333190848618e-02,4.060176322180701625e-02,4.545787522108012818e-02,2.763520002500582939e-02,3.779273355312814248e-02,2.602837630919239281e-02,1.753078974368309575e-02,4.660070498293563540e-02,3.518223921852769304e-02,4.047176045481645085e-02,3.015007194170726823e-02,3.009243845157604652e-02,1.099080555132212096e-02,1.221297000110940084e-02,2.818940812739706425e-02,5.235795707609583460e-02,5.049254934433101277e-02,2.617504129183186729e-02,8.550494525607658935e-02,1.033071759027714281e-01,1.220723547838326872e-01,3.044519203847108682e-02,1.451092626270129027e-01,7.734085512868006662e-02,9.383557114095818219e-02,8.806621120605810649e-02,1.690020242183820076e-01,2.337386576988412581e-02,5.099496747360615645e-02,4.610743365285962375e-02,2.541530483284439382e-02,4.719606143651568914e-02,5.871380944514392047e-02,8.554823156730134714e-02,5.912853632885145538e-02,1.632397685954740107e-01,1.646408593012177735e-01,4.865105512026256934e-02,1.275260584035172728e-01,3.702022170441192084e-01,1.656350702055896795e-01,2.275148982680894605e-01,1.489235804480908143e-01,3.427692644076683892e-02,1.268739051167775689e-01
2.960569992404036427e-02,5.354514651493703925e-02,3.260121960788980866e-02,2.397220965639543927e-02,9.234288766973072771e-02,1.096726001552142254e-01,0.000000000000000000e+00,2.794523782072861826e-02,1.331561954032541295e-01,7.937581096552857873e-02,9.795056367760930638e-02,6.999309080415798412e-02,1.813567779216287423e-01,2.087343316625024647e-02,4.335256106827457823e-02,3.733429633069700049e-02,2.348362891402198602e-02,5.005958957423958106e-02,5.683628012781295064e-02,8.703073988775208991e-02,5.476117475954523500e-02,1.789129993966328547e-01,1.379964188041704343e-01,5.128922529269413361e-02,1.376693014181403218e-01,2.924226484626156197e-01,1.671765568773530553e-01,2.462976733375100702e-01,1.838738341089884987e-01,4.630437706942568815e-02,1.226592390371558094e-01,5.440051647288805803e-02,4.283002698097650857e-02,4.743549355316756255e-02,2.873871642563657208e-02,3.890282694252802931e-02,2.709275076349552253e-02,1.851661000835307103e-02,5.019794878414179928e-02,3.669695334104008250e-02,4.268208078367340119e-02,3.201813192857543011e-02,3.102763755372509036e-02,1.167277167219022034e-02,1.292916428058809783e-02,2.888211855150911792e-02,5.493751650213418714e-02,5.173515088243925419e-02,2.735901900414878032e-02,8.989987142531795372e-02,1.073965654351871357e-01,1.281379319569539710e-01,3.166241310112866136e-02,1.505480867973654491e-01,8.214504245961448681e-02,9.767275094345287401e-02,9.417098583426149194e-02,1.769161446484914246e-01,2.293777277935830916e-02,5.369396471578122276e-02,4.850357176203757420e-02,2.665957202640011070e-02,4.897814705455269535e-02,6.066225669681539479e-02,8.908798340037814290e-02,6.239268274887714572e-02,1.697223390914801289e-01,1.695850464599863994e-01,5.133671807949536509e-02,1.329915992899689536e-01,3.859831523290798150e-01,1.721042482470339086e-01,2.378492327076748014e-01,1.558187072217586122e-01,3.539429222963718508e-02,1.331910471388091377e-01
7.269253964868831359e-03,1.320375301976357656e-02,8.139557848633129436e-03,5.928567859537731827e-03,2.242493307412455478e-02,2.622138655852670336e-02,2.794523782072861826e-02,0.000000000000000000e+00,3.227813375170980603e-02,1.926616283869176174e-02,2.393629101312774732e-02,1.719074979450606333e-02,4.456827524541185498e-02,5.382171693301621672e-03,1.082227905771761950e-02,9.033253295212729031e-03,5.670544905428965762e-03,1.248638215606831525e-02,1.391208598859929729e-02,2.166655153660648411e-02,1.340325558655775830e-02,4.376533924311501456e-02,3.389492555748534197e-02,1.290261788457650396e-02,3.351793830392427176e-02,7.232895905600014719e-02,4.027029258707330583e-02,5.973029897664491189e-02,4.410927646826939830e-02,1.100272825058760430e-02,3.001319033650777859e-02,1.294109300428654061e-02,1.044323721231497915e-02,1.189556811769674517e-02,6.999906278275685664e-03,9.672689710064462029e-03,6.580708148407814900e-03,4.466250642041209862e-03,1.180562554946786372e-02,8.907741983444995848e-03,1.054581951050265892e-02,7.853487425147156337e-03,7.688057672922736507e-03,2.910407052689267717e-03,3.058026522917508920e-03,6.779342455790735716e-03,1.341720848560787847e-02,1.296775399979309060e-02,6.731714533089246111e-03,2.187787216805233553e-02,2.590963207516103206e-02,3.147652309154258532e-02,7.816304030456732235e-03,3.653480892329208363e-02,1.995383441267659097e-02,2.432301517213424774e-02,2.296966491403681920e-02,4.336613877239973297e-02,6.050961896729198375e-03,1.322848777176197782e-02,1.195823443375432574e-02,6.510874386787187176e-03,1.228155003289877790e-02,1.479435519352275893e-02,2.197153814318765844e-02,1.520703219956975882e-02,4.138210394335337799e-02,4.170415715657643102e-02,1.252526572890260564e-02,3.239283456388784843e-02,9.466752108247009079e-02,4.185392416112879849e-02,5.789065408047950473e-02,3.805065980655413654e-02,8.544317624024905591e-03,3.220122879554646045e-02
3.467627717554720712e-02,6.276578680262480392e-02,3.874922782191755899e-02,2.801839525627799338e-02,1.063882070174701072e-01,1.280442969840470679e-01,1.331561954032541295e-01,3.227813375170980603e-02,0.000000000000000000e+00,9.205432252610229460e-02,1.137480970257595120e-01,8.075988693249641637e-02,2.111839772283771177e-01,2.514491351373279726e-02,5.128511996805876216e-02,4.355267248718704132e-02,2.748411433410426208e-02,5.896846668956726156e-02,6.674872173054234581e-02,1.031813161085666786e-01,6.314679356198339699e-02,2.110612639203235386e-01,1.640822767061377863e-01,5.970308407590851907e-02,1.599599841804910105e-01,3.431586916281464950e-01,1.973784055420086114e-01,2.873762440598379153e-01,2.155425758604569975e-01,5.421406161448531075e-02,1.423263948506161281e-01,6.244209110581180888e-02,5.021556761754915332e-02,5.593651849627235412e-02,3.374920272140725236e-02,4.591089839964222069e-02,3.172929394194386188e-02,2.161842720267416473e-02,5.688638925559089121e-02,4.313374927525360364e-02,4.998498825080423952e-02,3.725849712600121794e-02,3.675510217744860225e-02,1.327259862128245954e-02,1.524215190248479936e-02,3.359256693158022694e-02,6.402718055817983867e-02,6.097280305153088276e-02,3.150750224292343110e-02,1.034199498489963009e-01,1.259572427156336882e-01,1.480046857092115475e-01,3.726962881250796972e-02,1.774076697626597032e-01,9.437201596270627935e-02,1.147919922528345266e-01,1.066975687288483632e-01,2.057979845717806122e-01,2.781745838249270047e-02,6.282384152394210330e-02,5.623446050675225127e-02,3.111507418877402370e-02,5.794180319473057200e-02,7.191884735379541760e-02,1.051248195644114147e-01,7.143171309326347418e-02,1.998761104485324014e-01,2.022404905447359735e-01,5.963745588838022943e-02,1.551079218596509712e-01,4.515459254342998330e-01,2.022253284355561009e-01,2.780483212415985061e-01,1.821237070553802795e-01,4.169953075030620460e-02,1.546734224429009708e-01
2.081804999990086863e-02,3.770947493053777855e-02,2.229165704299653980e-02,1.684621759422163384e-02,6.453480593428335965e-02,7.574859341888784403e-02,7.937581096552857873e-02,1.926616283869176174e-02,9.205432252610229460e-02,0.000000000000000000e+00,6.805845585472052039e-02,4.903052031024354024e-02,1.257194864553445868e-01,1.541381882607186643e-02,3.018475888804789467e-02,2.576228754954478992e-02,1.659277160427315503e-02,3.551822375416995026e-02,3.902942958172347238e-02,6.098859204613148177e-02,3.804870321577559500e-02,1.243829340285164398e-01,9.557888950136954331e-02,3.550251252506430449e-02,9.616553414435960456e-02,2.031923856716276178e-01,1.158728533245694942e-01,1.712006633638431530e-01,1.261251136477455070e-01,3.238739255445270693e-02,8.568621143873413060e-02,3.673380078483810124e-02,2.951768003548766589e-02,3.343291648451608700e-02,2.012756077720201722e-02,2.795647592753041505e-02,1.902483981207906544e-02,1.289959350493393928e-02,3.325544079323630026e-02,2.547396990005408937e-02,2.969733836269253247e-02,2.212056989979067911e-02,2.188279184732630847e-02,7.979975703835646278e-03,8.955808880187161869e-03,2.002035860846882939e-02,3.797065816512173314e-02,3.643567340288796780e-02,1.889461597813174229e-02,6.254807744269891279e-02,7.296532412220355091e-02,8.911621757133490751e-02,2.207607394132465872e-02,1.041716491467748751e-01,5.742950286703218943e-02,6.870091745409361017e-02,6.520408525366089281e-02,1.225803154754761259e-01,1.708276153201982936e-02,3.695090537705669753e-02,3.373855015094642112e-02,1.869848074614463909e-02,3.467339889202902814e-02,4.235175208662891183e-02,6.202008186368881959e-02,4.313557898526373946e-02,1.175363684222363314e-01,1.181362997827080097e-01,3.527359502721658102e-02,9.189139191111002358e-02,2.664890274930438174e-01,1.193866318872018606e-01,1.661390259740929687e-01,1.074742443701786343e-01,2.520515278304318388e-02,9.216674549887156342e-02
2.548528122833623386e-02,4.604905110287611791e-02,2.815130023192029957e-02,2.079294890440347085e-02,7.976284740968035691e-02,9.291821612165386546e-02,9.795056367760930638e-02,2.393629101312774732e-02,1.137480970257595120e-01,6.805845585472052039e-02,0.000000000000000000e+00,6.039126736623488811e-02,1.555272508581876933e-01,1.850399433380390396e-02,3.728134751136526898e-02,3.182493562103442392e-02,1.996664939110245549e-02,4.333136143042157218e-02,4.874768400163918131e-02,7.570080790699508511e-02,4.718672118980864888e-02,1.526981062962000091e-01,1.183813951529734121e-01,4.401350912276160571e-02,1.176569492885163604e-01,2.501851372726114353e-01,1.430766710540795905e-01,2.104721376015901146e-01,1.570408001167871992e-01,3.940942145341951031e-02,1.054462851811731605e-01,4.589678709814935115e-02,3.713825179517768471e-02,4.143639891127636615e-02,2.487041840547904795e-02,3.414194387837799632e-02,2.341331343610169799e-02,1.600159139000940228e-02,4.153495361855958495e-02,3.169628197214956200e-02,3.716258533635456024e-02,2.758253887988278835e-02,2.705820830877860711e-02,1.002527194864609970e-02,1.098144266725711166e-02,2.451528108505322129e-02,4.698592149644670313e-02,4.495280559709861901e-02,2.342484194816866344e-02,7.715737932040697689e-02,9.130798578599128024e-02,1.103615624369709142e-01,2.720610738611772481e-02,1.290286756866945439e-01,7.040568677324224311e-02,8.519586941756164544e-02,8.062399231244117559e-02,1.516016518013406089e-01,2.088949129243760153e-02,4.634599751377972698e-02,4.172958086860965171e-02,2.314620339227177817e-02,4.291545020030169966e-02,5.257680616652835731e-02,7.714202890197068008e-02,5.392056541768937977e-02,1.452830049843770177e-01,1.462187318731396901e-01,4.387080359677950764e-02,1.135288679976845239e-01,3.302867964404045398e-01,1.471532424523431803e-01,2.049467009128881634e-01,1.331634486430674225e-01,3.050193372512364359e-02,1.146229395100663573e-01
1.943243435413095910e-02,3.331285733735180055e-02,1.998940354941107153e-02,1.526620693051410071e-02,5.667404531727973649e-02,6.669154483525419064e-02,6.999309080415798412e-02,1.719074979450606333e-02,8.075988693249641637e-02,4.903052031024354024e-02,6.039126736623488811e-02,0.000000000000000000e+00,1.107870412271880767e-01,1.443810986664013224e-02,2.689185380693042901e-02,2.268750091891467285e-02,1.474774109738906901e-02,3.144939385351733924e-02,3.510421245985422684e-02,5.482242344356492297e-02,3.406016736055393623e-02,1.096635258892243586e-01,8.556269486994071138e-02,3.243760109727054919e-02,8.422002364361787230e-02,1.810309275953844166e-01,1.017439605968737254e-01,1.510649171610976838e-01,1.110565950317165818e-01,2.862688827986398579e-02,7.651703776468020413e-02,3.253291900862587127e-02,2.630122998728309444e-02,3.021490149758192245e-02,1.801208822336529750e-02,2.492335737353739214e-02,1.688645496631314274e-02,1.139039964023418929e-02,2.960771626773475371e-02,2.265194204380067966e-02,2.693307127650943975e-02,1.993748438650620736e-02,1.937350729926705373e-02,7.245848011175354958e-03,7.876881505887035895e-03,1.861416045713749912e-02,3.368866676932695536e-02,3.347697981194865807e-02,1.683435211896515404e-02,5.456434152671491011e-02,6.431577849244034251e-02,7.914408159840623236e-02,1.964188712386644858e-02,9.153821829841604640e-02,5.078499521025686692e-02,6.041566696806287273e-02,5.882923962442711957e-02,1.088484838897842699e-01,1.575097986080442949e-02,3.333838664676469499e-02,2.978956282557784774e-02,1.652649834852073368e-02,3.058899698086267605e-02,3.774486079910251146e-02,5.567718652652801220e-02,3.854724978688451459e-02,1.030785403146817769e-01,1.051711729338849627e-01,3.168985021273327402e-02,8.069244988107017458e-02,2.374196030981373384e-01,1.055266602975214046e-01,1.464807862394462423e-01,9.490644357202897285e-02,2.203412456900718380e-02,8.199042573563805614e-02
4.713723932812560052e-02,8.539778338280032410e-02,5.212579372165825065e-02,3.845763986218316693e-02,1.475698643525406306e-01,1.736838680420978720e-01,1.813567779216287423e-01,4.456827524541185498e-02,2.111839772283771177e-01,1.257194864553445868e-01,1.555272508581876933e-01,1.107870412271880767e-01,0.000000000000000000e+00,3.374044696429339546e-02,6.802229929951285337e-02,5.936158551378078324e-02,3.713943236258208935e-02,8.027246105076105143e-02,8.954753630327065561e-02,1.392553506644594874e-01,8.752689588202074156e-02,2.850145092747436992e-01,2.186460036186024525e-01,8.192291572806410793e-02,2.187565313414018275e-01,4.653432819670330622e-01,2.655360695305403196e-01,3.920534309141082141e-01,2.931865232638132812e-01,7.403881706509451988e-02,1.950425555399879496e-01,8.592460000624865812e-02,6.817109344192587295e-02,7.556941818827812851e-02,4.555272243104332291e-02,6.230778104033608822e-02,4.328909497905705783e-02,2.914981996187140240e-02,7.842371282277157962e-02,5.817821703446732912e-02,6.780193637988131405e-02,5.110593836231028947e-02,4.940852461131856055e-02,1.853089800869936465e-02,2.023886791878052455e-02,4.551331827201994529e-02,8.712319688856394462e-02,8.334341272312228988e-02,4.390128023789584971e-02,1.425697134469419980e-01,1.707565509052002828e-01,2.043646213329033678e-01,5.045989924511892072e-02,2.403362070716196508e-01,1.303436530906601221e-01,1.554779229838860466e-01,1.496346752810578939e-01,2.824329434174210340e-01,3.676128036049891579e-02,8.534988008204610899e-02,7.794008809318607456e-02,4.240696102729412525e-02,7.818718237026522910e-02,9.678984627764311566e-02,1.409802363454052132e-01,9.904227291887418572e-02,2.698080117285254764e-01,2.714907999391311666e-01,8.207151118504167620e-02,2.119056023237076425e-01,6.158708785717638134e-01,2.733370305796845590e-01,3.795536866178597646e-01,2.480204456258436885e-01,5.629093622408495173e-02,2.123778168554196766e-01
5.980871980246020223e-03,9.952982847025223373e-03,6.097012741560318971e-03,4.607647507300273275e-03,1.713900773612683434e-02,2.119793249608586255e-02,2.087343316625024647e-02,5.382171693301621672e-03,2.514491351373279726e-02,1.541381882607186643e-02,1.850399433380390396e-02,1.443810986664013224e-02,3.374044696429339546e-02,0.000000000000000000e+00,9.095800725154267602e-03,7.177289273642173048e-03,4.421238857839008239e-03,9.131641299078223362e-03,1.120002964810935461e-02,1.567090142203404410e-02,1.053976622465783650e-02,3.510537148564460419e-02,2.810533631049255687e-02,1.013569423066625064e-02,2.694674566696129980e-02,5.730264486806795066e-02,3.288800533268430859e-02,4.801763905358606005e-02,3.613446841474806520e-02,9.024651269168666376e-03,2.424353359138463684e-02,1.123766460432369489e-02,9.035403174616894739e-03,9.231222126372742864e-03,5.661590832254765303e-03,6.983511756131835502e-03,5.464068142658250540e-03,3.947021140366150337e-03,1.045954982119349196e-02,7.685479068922165986e-03,8.478968255357374056e-03,6.347095908825863171e-03,5.802137123030459698e-03,2.031896744918495860e-03,2.872830463792817347e-03,5.749116503852072339e-03,1.067811054189872141e-02,9.589829040108969332e-03,4.992591147248508741e-03,1.745274940444992845e-02,2.077554848298638138e-02,2.407822859512945973e-02,6.216322535939687415e-03,2.971433023878710528e-02,1.567665697323859450e-02,1.863626318792652517e-02,1.834251125952336345e-02,3.381457151672171563e-02,3.416153703920898899e-03,1.072012306052939033e-02,9.093190014737025095e-03,5.019046449482729780e-03,1.026513680074712422e-02,1.175888967760756361e-02,1.696793711585317319e-02,1.201479785867683343e-02,3.394464677649616791e-02,3.346588394187356014e-02,9.761800676362118387e-03,2.602477827750815723e-02,7.598927074787857616e-02,3.334775424371678315e-02,4.643076750268501640e-02,2.951016896339661577e-02,6.806716386392791876e-03,2.666558413106201453e-02
1.184761578936291242e-02,2.061482996291048517e-02,1.304106973131534918e-02,8.984276325302367749e-03,3.429804036750313395e-02,4.158000739705070697e-02,4.335256106827457823e-02,1.082227905771761950e-02,5.128511996805876216e-02,3.018475888804789467e-02,3.728134751136526898e-02,2.689185380693042901e-02,6.802229929951285337e-02,9.095800725154267602e-03,0.000000000000000000e+00,1.430469404406581498e-02,9.143359239685878992e-03,1.931762367068882644e-02,2.228588571157136961e-02,3.416640575695251841e-02,2.129625943239423294e-02,6.908221610644683930e-02,5.553384507679217513e-02,2.070013397485016143e-02,5.237851704728947733e-02,1.140937447216711503e-01,6.441490981875422350e-02,9.364463673688537548e-02,6.929587225410208107e-02,1.729706450823294273e-02,4.714508487810540466e-02,2.072323091933728559e-02,1.626226626812175835e-02,1.884952473728413597e-02,1.110268987730647465e-02,1.540443006428165312e-02,1.015307314901832576e-02,7.109699525491065299e-03,1.916368201088074208e-02,1.423264084489206556e-02,1.676962770506443615e-02,1.229138783184868799e-02,1.223057877940652780e-02,4.362090166025654053e-03,5.084801646084964946e-03,1.122732680442720121e-02,2.102347392743789817e-02,2.037107298248264087e-02,1.019574879556178759e-02,3.371183348486515158e-02,4.118060499196463803e-02,4.875631528656000635e-02,1.231031306216277821e-02,5.774416990282862927e-02,3.091814573795584331e-02,3.832836374582209577e-02,3.526263664752786464e-02,6.771840323495766090e-02,1.022352185185628100e-02,2.076977303188729668e-02,1.841034842050543602e-02,1.017253988484817864e-02,1.930948320470896734e-02,2.352625927480066215e-02,3.506315229584708315e-02,2.356571799412669407e-02,6.560081506060572165e-02,6.670678376465202786e-02,1.974137625244411220e-02,5.079626388375500790e-02,1.482711562845019648e-01,6.626898064954857281e-02,9.084676345080923421e-02,5.950984214657633470e-02,1.364543712912470036e-02,5.079109371764171238e-02
9.781907525742998891e-03,1.739558163199626459e-02,1.088697992347161317e-02,7.795093757913850070e-03,2.980280859407796745e-02,3.559541755614662600e-02,3.733429633069700049e-02,9.033253295212729031e-03,4.355267248718704132e-02,2.576228754954478992e-02,3.182493562103442392e-02,2.268750091891467285e-02,5.936158551378078324e-02,7.177289273642173048e-03,1.430469404406581498e-02,0.000000000000000000e+00,7.817194331308967639e-03,1.645200326135612054e-02,1.859047711896437069e-02,2.854125678414667910e-02,1.796248953947156279e-02,5.803142775338569065e-02,4.604384152305757150e-02,1.704280845059894661e-02,4.473471709747735281e-02,9.582370681235211074e-02,5.449456493697674153e-02,8.056040899089828011e-02,5.963733565103827849e-02,1.501929727577231213e-02,4.005542694778085888e-02,1.773685488190126017e-02,1.385352676889622763e-02,1.553314620497591933e-02,9.468031481448422812e-03,1.299986710038615254e-02,8.868322185837235888e-03,6.024439434527142923e-03,1.622713347582435683e-02,1.198998933945412404e-02,1.385537106719452426e-02,1.037578367990259383e-02,1.029505722674661089e-02,3.834488563975773680e-03,4.228306008775195232e-03,9.385547382610073125e-03,1.790405263138111075e-02,1.711440437426571190e-02,8.847486737731878950e-03,2.899254704646672676e-02,3.525742276074272236e-02,4.170824868825011994e-02,1.040719430507418275e-02,4.909553529176850784e-02,2.654747891201915747e-02,3.232606271686801896e-02,3.026784835045612243e-02,5.753783952980540128e-02,7.872958120542587410e-03,1.734218069019312011e-02,1.575872524032859504e-02,8.610137886755008310e-03,1.622348482391876984e-02,1.989591255695874472e-02,2.900931335250009346e-02,2.023175812681575828e-02,5.560224090979507677e-02,5.586888792893417166e-02,1.671520473022274772e-02,4.352405824504840259e-02,1.259443249112978669e-01,5.598399149110584033e-02,7.759600465251915991e-02,5.082666291061764541e-02,1.157164845131446358e-02,4.324347307866358014e-02
6.256422776462325190e-03,1.124206845675744873e-02,6.640307621075973443e-03,4.989154349333732065e-03,1.881165894814895365e-02,2.274306704117794176e-02,2.348362891402198602e-02,5.670544905428965762e-03,2.748411433410426208e-02,1.659277160427315503e-02,1.996664939110245549e-02,1.474774109738906901e-02,3.713943236258208935e-02,4.421238857839008239e-03,9.143359239685878992e-03,7.817194331308967639e-03,0.000000000000000000e+00,1.052174045830863228e-02,1.190916704971879680e-02,1.783998681518747520e-02,1.128153620013442465e-02,3.730077925655076593e-02,2.893010852289544174e-02,1.061656265200363984e-02,2.868395313603976787e-02,6.132780262881708938e-02,3.489274854565124068e-02,5.168607927582501149e-02,3.790752834906940122e-02,9.617026136075559548e-03,2.544589300702775406e-02,1.124599848932198581e-02,8.756058881146652761e-03,9.790269485676432112e-03,5.889279625064258034e-03,8.096935729097936088e-03,5.667699212626286370e-03,3.859114203644724208e-03,1.021734728422716600e-02,7.630865287734859941e-03,8.774687554717096674e-03,6.526297781245039495e-03,6.495217131234078470e-03,2.312212849660158324e-03,2.758539330257783317e-03,6.196845874056081289e-03,1.143279142287490294e-02,1.073257842319284491e-02,5.561210364365664835e-03,1.845138353264957898e-02,2.213640160987121949e-02,2.631171077452409274e-02,6.537080230143089282e-03,3.136150260758997083e-02,1.710126093481974599e-02,2.057448113792028840e-02,1.941777246485799219e-02,3.650165524286561741e-02,4.748527782541632838e-03,1.106375923207613028e-02,9.867258936566643962e-03,5.518402008837288916e-03,1.030890755427800627e-02,1.273946672072472953e-02,1.874709505769913895e-02,1.283998527719902930e-02,3.563980241507178764e-02,3.549595125147632368e-02,1.061529475044749142e-02,2.766106009991702377e-02,8.031480604516241795e-02,3.608404131407881577e-02,4.953008676741276622e-02,3.198295848125805307e-02,7.456728609535088342e-03,2.739296616755416969e-02
1.341595514018493508e-02,2.383008661223290359e-02,1.437549169044269673e-02,1.068347045832876777e-02,4.062266556557682373e-02,4.871630676937147020e-02,5.005958957423958106e-02,1.248638215606831525e-02,5.896846668956726156e-02,3.551822375416995026e-02,4.333136143042157218e-02,3.144939385351733924e-02,8.027246105076105143e-02,9.131641299078223362e-03,1.931762367068882644e-02,1.645200326135612054e-02,1.052174045830863228e-02,0.000000000000000000e+00,2.524066070482758675e-02,3.839180473361571838e-02,2.449317454757991494e-02,7.998652709245020198e-02,6.235269278248647962e-02,2.308153141022529359e-02,6.109456587350793610e-02,1.308391446919309475e-01,7.435604741290527397e-02,1.101041330823676473e-01,8.173811758908761105e-02,2.075423715803002486e-02,5.461084000184651677e-02,2.425375062450215932e-02,1.918825384661004482e-02,2.097826100544825795e-02,1.273870133680820270e-02,1.721004576162585981e-02,1.220669826451895555e-02,8.252359719091524951e-03,2.212148209547208991e-02,1.638118077491220598e-02,1.887278516514068541e-02,1.418793288962759934e-02,1.375897725147751799e-02,5.064666137705758041e-03,5.831587883714394252e-03,1.289164833745473290e-02,2.434530651824125258e-02,2.318939422010381571e-02,1.205164278044833573e-02,3.970733108823539664e-02,4.766340252080372708e-02,5.688145639417023502e-02,1.426220278003013410e-02,6.678919254439349973e-02,3.626078095661269124e-02,4.349949844989995512e-02,4.161572557170498121e-02,7.863558984640033056e-02,9.924942620055453996e-03,2.375255201527187027e-02,2.142003339609736129e-02,1.176588286468502678e-02,2.187050670049607223e-02,2.707177559700559011e-02,3.935557923671017394e-02,2.768269847593861355e-02,7.569531276994485858e-02,7.651725007339807427e-02,2.281045344601383140e-02,5.933248248433642402e-02,1.726242903728265887e-01,7.656579497542168045e-02,1.060389627947670166e-01,6.871175849807867331e-02,1.579920103735921177e-02,5.928660784265070427e-02
1.527955910766818498e-02,2.669578791725052413e-02,1.673482769882802396e-02,1.211156033206030498e-02,4.555450113611491519e-02,5.449748850256230098e-02,5.683628012781295064e-02,1.391208598859929729e-02,6.674872173054234581e-02,3.902942958172347238e-02,4.874768400163918131e-02,3.510421245985422684e-02,8.954753630327065561e-02,1.120002964810935461e-02,2.228588571157136961e-02,1.859047711896437069e-02,1.190916704971879680e-02,2.524066070482758675e-02,0.000000000000000000e+00,4.434753000186171523e-02,2.740103131208699791e-02,8.986527451529631449e-02,7.066309800794511042e-02,2.628959745586836871e-02,6.788413017385253045e-02,1.476057730643638433e-01,8.335984786287399528e-02,1.222024565882263436e-01,9.102043318835403851e-02,2.274247000474576702e-02,6.135360250723172204e-02,2.670706991067126057e-02,2.155687476802377670e-02,2.393797241062671499e-02,1.440813647284070256e-02,1.966587380638576063e-02,1.346765799838246444e-02,9.251188395386687399e-03,2.434160374548932290e-02,1.856519995927602765e-02,2.163418565494342957e-02,1.595276563045090051e-02,1.558277209160309484e-02,5.800706874054726257e-03,6.560533178916480926e-03,1.460071042002460129e-02,2.722114150842932373e-02,2.689738145454315457e-02,1.346336672275094508e-02,4.427556170341617747e-02,5.390285607515352823e-02,6.357946959382933250e-02,1.581490704193004582e-02,7.561039272868784467e-02,4.023572399118751503e-02,4.944953480986619132e-02,4.636757211390989120e-02,8.785191445277329425e-02,1.253614678198350374e-02,2.706986066598018881e-02,2.396030125900826604e-02,1.323260355484797562e-02,2.506112864392259429e-02,3.101705254790229627e-02,4.554709406657515836e-02,3.074216892682226504e-02,8.500897166306138619e-02,8.608707309299759580e-02,2.593613926098019273e-02,6.593297867830152925e-02,1.932907499217112746e-01,8.608866271526403879e-02,1.188203896214780619e-01,7.810274488351938438e-02,1.780141323460020589e-02,6.612496887929676659e-02
2.304408604408768324e-02,4.095129186982289504e-02,2.531487191622351640e-02,1.852279577724833329e-02,7.041302619576800259e-02,8.344333390457106536e-02,8.703073988775208991e-02,2.166655153660648411e-02,1.031813161085666786e-01,6.098859204613148177e-02,7.570080790699508511e-02,5.482242344356492297e-02,1.392553506644594874e-01,1.567090142203404410e-02,3.416640575695251841e-02,2.854125678414667910e-02,1.783998681518747520e-02,3.839180473361571838e-02,4.434753000186171523e-02,0.000000000000000000e+00,4.207739010724967366e-02,1.374799900767674499e-01,1.081162359805923068e-01,3.979500202686321597e-02,1.051717400045282108e-01,2.273019082988542439e-01,1.289738708200669492e-01,1.892616542216186692e-01,1.405204604682960545e-01,3.516782675847050094e-02,9.460276514300960948e-02,4.193045002484784706e-02,3.378429898635945672e-02,3.732738092363667437e-02,2.233124625327502499e-02,2.976484102746948524e-02,2.125184929881948279e-02,1.450384392327365261e-02,3.811567286901665352e-02,2.915170685384639929e-02,3.360673314418811258e-02,2.478603349580428203e-02,2.374388556865313082e-02,8.682060396334222510e-03,1.027493836686217514e-02,2.212188128102359971e-02,4.229224570863474725e-02,4.062917987961033039e-02,2.059471169287245204e-02,6.812984562174888292e-02,8.210514694645001943e-02,9.784706881891458430e-02,2.480292021688468990e-02,1.160830008002334407e-01,6.253673313167655567e-02,7.541747856800354310e-02,7.228116926711136703e-02,1.353604066074220458e-01,1.710064971855396188e-02,4.185891148890738545e-02,3.670138741249154984e-02,2.028158009249476229e-02,3.850450460199213165e-02,4.737890602520685585e-02,6.903982718902904048e-02,4.758057905236275781e-02,1.308936531731204889e-01,1.328684179570718549e-01,3.937746266704207632e-02,1.023103187259634117e-01,2.993840429327186414e-01,1.328397356359741488e-01,1.831523834230330272e-01,1.194910644279177647e-01,2.694213700356030972e-02,1.030931412069682196e-01
1.478944204555147739e-02,2.569221736733216105e-02,1.589887889609987656e-02,1.158093149267078875e-02,4.423310825718684836e-02,5.204872092535025446e-02,5.476117475954523500e-02,1.340325558655775830e-02,6.314679356198339699e-02,3.804870321577559500e-02,4.718672118980864888e-02,3.406016736055393623e-02,8.752689588202074156e-02,1.053976622465783650e-02,2.129625943239423294e-02,1.796248953947156279e-02,1.128153620013442465e-02,2.449317454757991494e-02,2.740103131208699791e-02,4.207739010724967366e-02,0.000000000000000000e+00,8.555446332321915703e-02,6.708295181263204676e-02,2.583409171079666458e-02,6.627106605028017239e-02,1.426564100554988390e-01,7.958175266351723287e-02,1.183980679006344794e-01,8.722774756464631019e-02,2.172963732031491998e-02,5.922863173696406996e-02,2.618212541579200900e-02,2.058506356697821157e-02,2.313886648137518723e-02,1.389174915326391209e-02,1.886366141873075525e-02,1.287890562648227530e-02,8.826624122373455048e-03,2.400366759901365402e-02,1.764045522024745502e-02,2.065645591167318551e-02,1.551606927836367798e-02,1.501495670677975569e-02,5.764665874555084148e-03,6.128760426807535085e-03,1.412798539980018343e-02,2.655384161722836381e-02,2.550232363469054700e-02,1.326771356720220230e-02,4.313948612983681957e-02,5.129655584242540783e-02,6.168717416411326204e-02,1.517318524225131499e-02,7.182579517553756843e-02,3.902577547273689690e-02,4.748325636132048888e-02,4.529913596586759850e-02,8.512594479216080423e-02,1.189267869113165392e-02,2.624933353748581596e-02,2.348901785768957307e-02,1.281054666127687258e-02,2.397919117794328550e-02,2.898466147026424258e-02,4.309481192891721768e-02,3.004923191464939705e-02,8.126821981203367906e-02,8.193050747741401074e-02,2.503123850171402182e-02,6.381917514708296268e-02,1.865336324016692027e-01,8.202902519830580774e-02,1.146035750119651503e-01,7.462759775843631760e-02,1.690234999212700956e-02,6.395888965254595271e-02
