0.000000000000000000e+00,1.619562045328432065e-02,1.472519143298385742e-02,4.449269828873051412e-03,2.473649249838159869e-02,3.226005978109316302e-02,3.219188592214304590e-02,1.171578368752461408e-02,3.950414669781290161e-02,2.460751837432050351e-02,2.977822039708724264e-02,1.827892818502912381e-02,4.718850629597409058e-02,1.496180410108146654e-02,1.623055764808003371e-02,1.272756275775457739e-02,9.156466929589107337e-03,1.740224960375600163e-02,1.680990831465178220e-02,3.466696817105785478e-02,1.947299040263508751e-02,6.029293202434352766e-02,5.773329554042502809e-02,1.792188441867254706e-02,4.009663305325698174e-02,8.441377836508917598e-02,4.840703260514345879e-02,7.189721780344658641e-02,5.295577598022555010e-02,1.486588243627660205e-02,3.782794047793696518e-02,1.549952872109934196e-02,1.112442250961626772e-02,1.777046193236166138e-02,1.052829583954720608e-02,1.644362460647842000e-02,5.517517388899488562e-03,4.751368945299353289e-03,1.432203548293973713e-02,1.175985843905955931e-02,1.660915252773444845e-02,1.018336764331402230e-02,1.005990422238151917e-02,2.362789136110227811e-03,3.294792211248167776e-03,1.065181327512444188e-02,1.171816756738070127e-02,2.171270892796999322e-02,6.155480634708326328e-03,2.569330463020556843e-02,3.800120433483331062e-02,3.733827559759450576e-02,1.024367783364834965e-02,4.729899235484757297e-02,2.128654406290281242e-02,3.644882811554351482e-02,2.263754884147389443e-02,4.929986484750584208e-02,1.833477632467126611e-02,1.896560308837293499e-02,1.473401540913535888e-02,9.217632396335689871e-03,1.775627028980613503e-02,1.790780716006600687e-02,3.125952835852928435e-02,2.146108851341734999e-02,4.987937164035095849e-02,6.073725991180114331e-02,1.206233475704548801e-02,4.093888901369236583e-02,1.053973251349732410e-01,5.343756193220153272e-02,6.015234394601372270e-02,4.657566592364630748e-02,1.137832795181225806e-02,3.905053613745262248e-02
1.619562045328432065e-02,0.000000000000000000e+00,2.749945234598094590e-02,8.346464677269779808e-03,4.694889984297723196e-02,6.053411417533315769e-02,6.085543345228080353e-02,2.122207609341051834e-02,7.514208911476619179e-02,4.581923048548890154e-02,5.652863154635979354e-02,3.219460787875590146e-02,8.877504951985347448e-02,2.816839574587694933e-02,2.887962724236238163e-02,2.441337036679147934e-02,1.709464800137210083e-02,3.285944100746841096e-02,3.120547769508716027e-02,6.509919610301173609e-02,3.525034782167341119e-02,1.138090599947536863e-01,1.065490428459257843e-01,3.183211881754313688e-02,7.480071444588305696e-02,1.548298875596188506e-01,9.186592261118720071e-02,1.355488153504523785e-01,1.000426191032528223e-01,2.872211922468939985e-02,7.030842444186971574e-02,2.876807772477608244e-02,2.082996569185667154e-02,3.226993056458111325e-02,1.910645243969907175e-02,3.092855384308448169e-02,1.023891617406669577e-02,8.320675748943556077e-03,2.634005156202049586e-02,2.174401199078012520e-02,3.035010221785383946e-02,1.842751516264102413e-02,1.908147118820173807e-02,4.445125330011454219e-03,5.628344429673531532e-03,1.868027172101292821e-02,2.235300614491644508e-02,4.024843799776224584e-02,1.153175634532686324e-02,4.813314231575642477e-02,7.272577323128412430e-02,6.973454053465209801e-02,1.876747695552147960e-02,8.989300895933632907e-02,3.924332591942319981e-02,6.824550682089083886e-02,3.965084502546559198e-02,9.334309153829266348e-02,3.483995073742541387e-02,3.408241512422797992e-02,2.717808297288034150e-02,1.755788476397801209e-02,3.311945018110477867e-02,3.416588332030556091e-02,5.961470427779039932e-02,3.839712769770066425e-02,9.470477128445703441e-02,1.126828933113391690e-01,2.096515249618579463e-02,7.807819045314147444e-02,1.941228490231078352e-01,1.015669272246682298e-01,1.137063767298207295e-01,8.896827084366416838e-02,2.180367357851493298e-02,7.255981013636406129e-02
1.472519143298385742e-02,2.749945234598094590e-02,0.000000000000000000e+00,7.663544216719338220e-03,4.176848671106126593e-02,5.501139035268298033e-02,5.446023520126289097e-02,1.846677175538802979e-02,6.764041285942085091e-02,4.030251841332025547e-02,4.992889921608973519e-02,2.936678583862666406e-02,8.043006706325492305e-02,2.541871187719536157e-02,2.585865527344276271e-02,2.176207454478572625e-02,1.527568422769671509e-02,2.952600537915123224e-02,2.810727196746064249e-02,5.834705437040595133e-02,3.148290039540733998e-02,1.022583920029311866e-01,9.480328881987368228e-02,2.873200615520574500e-02,6.793860386292414899e-02,1.400352689298240416e-01,8.302537525947381591e-02,1.210046745656072342e-01,9.032186603665476321e-02,2.545637796933379604e-02,6.268051822818544727e-02,2.529401626765127864e-02,1.837954531933254365e-02,2.876970411178061265e-02,1.723579901915118368e-02,2.764918008909543479e-02,9.078945157107626979e-03,7.499115581940772254e-03,2.333864777292008960e-02,1.911737062014585986e-02,2.705600945999049253e-02,1.690066624990320052e-02,1.697799874436958789e-02,4.070910604319417057e-03,5.061913143278221235e-03,1.681576617663719381e-02,2.011121813232247257e-02,3.657391097187816936e-02,1.066056769386441484e-02,4.278213282269653639e-02,6.521132837038075281e-02,6.258252666537661435e-02,1.672862513248795507e-02,8.069476636342121090e-02,3.493701732818054601e-02,6.033767657823398134e-02,3.609193018409979914e-02,8.387969569317427210e-02,3.079803014615423856e-02,3.085906728765758569e-02,2.430694749908924104e-02,1.557701310441782575e-02,2.971931324036966235e-02,3.071421898719685351e-02,5.375682374864965835e-02,3.450823389619329246e-02,8.511492471674514393e-02,1.007514225534950625e-01,1.919226305265317109e-02,6.957784813897506526e-02,1.760916402819793503e-01,9.156692036163854853e-02,1.026006564065246179e-01,8.051773969601160041e-02,1.973084107695796674e-02,6.536074696303238729e-02
4.449269828873051412e-03,8.346464677269779808e-03,7.663544216719338220e-03,0.000000000000000000e+00,1.301775220345122337e-02,1.697860312935865063e-02,1.661154294003107726e-02,6.103739854376269772e-03,2.105628822027329206e-02,1.262399874384073292e-02,1.587437811325747780e-02,8.962877970744865738e-03,2.439940774543464599e-02,7.676005919979814185e-03,8.292235002576012551e-03,6.688084810247335761e-03,4.709778594348684386e-03,9.097176435091926250e-03,8.781421591324320430e-03,1.807863418291250079e-02,9.796280201172877927e-03,3.201324132887014423e-02,3.031564612448722426e-02,8.826054950883821179e-03,2.088599155258115056e-02,4.304030632423279379e-02,2.550719867521304349e-02,3.741336842504088683e-02,2.788107347650092480e-02,8.067089362479226700e-03,1.945278971024537451e-02,8.292488947300429708e-03,5.923056131570223794e-03,9.105177905919629999e-03,5.408400919372784339e-03,8.146279982852694390e-03,2.672733076339604830e-03,2.424410152940231333e-03,7.610473561939222129e-03,6.058517985199815201e-03,8.417575133958292433e-03,5.058043271625777340e-03,5.060899424592141607e-03,1.195969485490439802e-03,1.622437555906011339e-03,5.129844336310769755e-03,6.073837943788682088e-03,1.123333009398513882e-02,3.169710018173960663e-03,1.346425814748923935e-02,2.054026046394436672e-02,1.940903222110159157e-02,5.415302549441021636e-03,2.530715501791435881e-02,1.061886783227418071e-02,1.953247510862009262e-02,1.094311310776062071e-02,2.640930492327631107e-02,9.686466558011599948e-03,9.580618316851315097e-03,7.469872827321541800e-03,4.873449486846749730e-03,9.277342085790930837e-03,9.641374035156377240e-03,1.655781704775658933e-02,1.100400326291619234e-02,2.657376343380363909e-02,3.218775491018820850e-02,5.789023625527631341e-03,2.170701342045051191e-02,5.474740579010993480e-02,2.850857424801525944e-02,3.141296732313849510e-02,2.479773483462979766e-02,6.065856941828604368e-03,2.021514843818337029e-02
2.473649249838159869e-02,4.694889984297723196e-02,4.176848671106126593e-02,1.301775220345122337e-02,0.000000000000000000e+00,9.254191799630509530e-02,9.349316336541672878e-02,3.223484098708435941e-02,1.148748719900120063e-01,7.098113933498845229e-02,8.710678700367059657e-02,5.000687377845163678e-02,1.353216777868539722e-01,4.330007433189135557e-02,4.368377907207425526e-02,3.730974412963952019e-02,2.649045060993398745e-02,5.048769622503217896e-02,4.813563315534560849e-02,9.916295248143268404e-02,5.358176150277308564e-02,1.733292633629377744e-01,1.615939027359716840e-01,4.840930978286964864e-02,1.157072690190212166e-01,2.363826300427988303e-01,1.400379402155110253e-01,2.057389242895994452e-01,1.524512480512816015e-01,4.394699443759642055e-02,1.067655839327654871e-01,4.442437552170782483e-02,3.179856271221349895e-02,4.897218820211098056e-02,2.918125932836350064e-02,4.736051520049339159e-02,1.596288908429922826e-02,1.281661367626283146e-02,4.077495921781749272e-02,3.320419096354242094e-02,4.614863037310158039e-02,2.809692681556471769e-02,2.922760138709552119e-02,6.917786721877440190e-03,8.716472285757686025e-03,2.866776767921252328e-02,3.423769512649036534e-02,6.154411988051717436e-02,1.776945564241008690e-02,7.438162804913568682e-02,1.111527544308614501e-01,1.072173421753436079e-01,2.871279198517142153e-02,1.372632525508603596e-01,6.146271116874814366e-02,1.056916607445188699e-01,6.153236173152044214e-02,1.434261769458403113e-01,5.346424482486442087e-02,5.128186284815426654e-02,4.141991781515973192e-02,2.703356205261546463e-02,5.052597593571828832e-02,5.290154671095253364e-02,9.048126433502033661e-02,5.933378536332416936e-02,1.436865661183873710e-01,1.720374599833247586e-01,3.206291230239934759e-02,1.191754783662268558e-01,2.967477028645498782e-01,1.548157741319391156e-01,1.744398605855156104e-01,1.364547652518262599e-01,3.378009611258186301e-02,1.109472837012104723e-01
3.226005978109316302e-02,6.053411417533315769e-02,5.501139035268298033e-02,1.697860312935865063e-02,9.254191799630509530e-02,0.000000000000000000e+00,1.204237567773205203e-01,4.106818373175505354e-02,1.513996857522600659e-01,8.905109347322986979e-02,1.102866136862576674e-01,6.392649651612586359e-02,1.781915816912446604e-01,5.557689084718708122e-02,5.724046329585857212e-02,4.810634633943157434e-02,3.365092523733992369e-02,6.565242876438194541e-02,6.230181671623175738e-02,1.291758613669170552e-01,6.906047372416772301e-02,2.267289609127022543e-01,2.107499535661429557e-01,6.308779253972504608e-02,1.500689065089064467e-01,3.097166618420195694e-01,1.841099303957463296e-01,2.691659008837986589e-01,1.991476197526283187e-01,5.647512183896233329e-02,1.385343361573972421e-01,5.712387969380638975e-02,4.131067510132455101e-02,6.411613909935141853e-02,3.838889040181146795e-02,6.011797838827920293e-02,2.019184185025147543e-02,1.672945791555047537e-02,5.287305611763025437e-02,4.303680994473913640e-02,6.028718349258006814e-02,3.694718032621441967e-02,3.773186318413149221e-02,9.232835968729299903e-03,1.130383287607811260e-02,3.780086661195214415e-02,4.477142519080522937e-02,8.039250754109404651e-02,2.349857040476913475e-02,9.502305894853177448e-02,1.451650869991746307e-01,1.391034574108288013e-01,3.767551355885290915e-02,1.790174160912413048e-01,7.692537106332578145e-02,1.349717866616499951e-01,7.938456010810859831e-02,1.862648558168575885e-01,6.875939331167060797e-02,6.837460320832144944e-02,5.364143278135876519e-02,3.453401650216075813e-02,6.595557082269126736e-02,6.815567232863493918e-02,1.181183547929519490e-01,7.691244561994965701e-02,1.888787207495147558e-01,2.258998934633881239e-01,4.239070315046863241e-02,1.550826993080172411e-01,3.924923853099706594e-01,2.012975442030950912e-01,2.264911628713449088e-01,1.775897191355005622e-01,4.312006085090247520e-02,1.448669092833964611e-01
3.219188592214304590e-02,6.085543345228080353e-02,5.446023520126289097e-02,1.661154294003107726e-02,9.349316336541672878e-02,1.204237567773205203e-01,0.000000000000000000e+00,4.250072896992017346e-02,1.498031480750667555e-01,9.241731551496154551e-02,1.133925514288875447e-01,6.509434166475087935e-02,1.754004091442898372e-01,5.563656054235679993e-02,5.724901260218873827e-02,4.855655978946974566e-02,3.440024748880232686e-02,6.542408478419184381e-02,6.286379830549268521e-02,1.290629862131204009e-01,6.996962938707491919e-02,2.261074250963676091e-01,2.112765453814366978e-01,6.291618452961283969e-02,1.499747044378259564e-01,3.075287327897124889e-01,1.807346600970226314e-01,2.681923852666049379e-01,1.977446285413812510e-01,5.693328229024890302e-02,1.386805519457794955e-01,5.780367286178013375e-02,4.181017062259393541e-02,6.463252435218086456e-02,3.826167934953207672e-02,6.110429733113625916e-02,2.059186357367934900e-02,1.691307423884995040e-02,5.338858964461874052e-02,4.354784390709066227e-02,6.051834702746472505e-02,3.659290233699276362e-02,3.782178472931995578e-02,8.913527153979843715e-03,1.134038918368015722e-02,3.739209585922379647e-02,4.432527950881517964e-02,7.936094246373200101e-02,2.289410921557238909e-02,9.645818079186312122e-02,1.441154885448807099e-01,1.397987303079151200e-01,3.778934131871169305e-02,1.783453217320200568e-01,7.963788980099292814e-02,1.370355574089175965e-01,7.981536311820258689e-02,1.863100613513524184e-01,6.935415508473549706e-02,6.705553966739469240e-02,5.367285723916616347e-02,3.500662183167115721e-02,6.580905906813411255e-02,6.818615401311610424e-02,1.167130433590442690e-01,7.735058031534390588e-02,1.864602987688673552e-01,2.237803948312154512e-01,4.155250942364147049e-02,1.552120741270241189e-01,3.865820256121363374e-01,2.002194216302289331e-01,2.258677619594078312e-01,1.761614253091965954e-01,4.329422592250993518e-02,1.439410897978294634e-01
1.171578368752461408e-02,2.122207609341051834e-02,1.846677175538802979e-02,6.103739854376269772e-03,3.223484098708435941e-02,4.106818373175505354e-02,4.250072896992017346e-02,0.000000000000000000e+00,5.096605550900641657e-02,3.223599076931675522e-02,3.858123720810233137e-02,2.330538596050835132e-02,6.175204053122576586e-02,1.964425725110655746e-02,1.958357778139839175e-02,1.662501409170687866e-02,1.182972642233071428e-02,2.264784003927349312e-02,2.144636680311141214e-02,4.445690595260912842e-02,2.445863955024246694e-02,7.668696795193333249e-02,7.161056027173295924e-02,2.248121522722470317e-02,5.223524966131502800e-02,1.077117874032542388e-01,6.221269461832627107e-02,9.314411243172457389e-02,6.752755228843856927e-02,1.923115993626528519e-02,4.832491603698013671e-02,1.924631616739623172e-02,1.439926543562733245e-02,2.258805957395675079e-02,1.329785710564321266e-02,2.173485156445882638e-02,7.309423892877906816e-03,5.736810976788093291e-03,1.775070877681845377e-02,1.489097875726258340e-02,2.101886682998119552e-02,1.281428951240397990e-02,1.348749441791525540e-02,3.338808566065787960e-03,3.890881814330247011e-03,1.325864838594961043e-02,1.567385122023506883e-02,2.763307295899402813e-02,8.338237125508983494e-03,3.354523064311270425e-02,4.912244236492684102e-02,4.890512047166327425e-02,1.291594941314876122e-02,6.006928409430764559e-02,2.805436799499614470e-02,4.671510458260472176e-02,2.886479100221081562e-02,6.368644938688872159e-02,2.421737902702835593e-02,2.356189453367216191e-02,1.870345663060531127e-02,1.213960705466851989e-02,2.273636593308833026e-02,2.339388302812839271e-02,4.031777757822993524e-02,2.728261824852321743e-02,6.403775873875183766e-02,7.648637384048831422e-02,1.481675139490828963e-02,5.365416340217500635e-02,1.346744686729292040e-01,6.910051895668757604e-02,7.864807649811632329e-02,5.990896744977940863e-02,1.464840073628606056e-02,5.015488006093125201e-02
3.950414669781290161e-02,7.514208911476619179e-02,6.764041285942085091e-02,2.105628822027329206e-02,1.148748719900120063e-01,1.513996857522600659e-01,1.498031480750667555e-01,5.096605550900641657e-02,0.000000000000000000e+00,1.108255368690878456e-01,1.377275769826149243e-01,7.854107495812220896e-02,2.199141989282723808e-01,6.904329088490927802e-02,7.110784228181046829e-02,5.995714857856040969e-02,4.201788303487889731e-02,8.117828874599046507e-02,7.779379511601523800e-02,1.603410267422903657e-01,8.526743163138333914e-02,2.813891986979836224e-01,2.610693225634590497e-01,7.733132357731910267e-02,1.855552270193880360e-01,3.832266149618372419e-01,2.276682540437048874e-01,3.331820327224820910e-01,2.470523464776062661e-01,6.984189953033839715e-02,1.709891146128482142e-01,7.055852515355863497e-02,5.117653900905291819e-02,7.916625296869807260e-02,4.720334195360771645e-02,7.530737606098630854e-02,2.515663015433455135e-02,2.072931313269267203e-02,6.509008933110452255e-02,5.333280026820989839e-02,7.452958934321292361e-02,4.533140445306604177e-02,4.676387111281352094e-02,1.127641475390757202e-02,1.407393768204434278e-02,4.605880962799836775e-02,5.550806078739731891e-02,9.934058525206537760e-02,2.885545319825925936e-02,1.171287097582592307e-01,1.791088236522395682e-01,1.721396842081576173e-01,4.634338682103047308e-02,2.220563322872034229e-01,9.663165358315331521e-02,1.672558307626953733e-01,9.782604677190324949e-02,2.301738760733536004e-01,8.442579963819990541e-02,8.379449013190706785e-02,6.648373594204663728e-02,4.302265302971561289e-02,8.146177076697699859e-02,8.523292802046815442e-02,1.466788784261406631e-01,9.401526885201867689e-02,2.338903994865129399e-01,2.785017325467018523e-01,5.182955061615170805e-02,1.920626688997701115e-01,4.822904094515673701e-01,2.495009877003130649e-01,2.822416798223337242e-01,2.201191227149975338e-01,5.405730506168267974e-02,1.781587824667314468e-01
2.460751837432050351e-02,4.581923048548890154e-02,4.030251841332025547e-02,1.262399874384073292e-02,7.098113933498845229e-02,8.905109347322986979e-02,9.241731551496154551e-02,3.223599076931675522e-02,1.108255368690878456e-01,0.000000000000000000e+00,8.526977184928649645e-02,4.903287346574405903e-02,1.325024483116020446e-01,4.265062309579963074e-02,4.283926988669032460e-02,3.643704248404776302e-02,2.591226860191958928e-02,4.908726674092836473e-02,4.696638871513183350e-02,9.684092292459121898e-02,5.336391101969219924e-02,1.686456559442421899e-01,1.580679745682987414e-01,4.744871551663643050e-02,1.130209860634363572e-01,2.309298461399779956e-01,1.345353160668422976e-01,2.008428782782658018e-01,1.473922538562469353e-01,4.246128289216624663e-02,1.044842614798809910e-01,4.315219642094415137e-02,3.155788691985288857e-02,4.899185033968351394e-02,2.889398490613451567e-02,4.766341627386450758e-02,1.580333580310607638e-02,1.255890886954996385e-02,3.984015755170518258e-02,3.319975349337939141e-02,4.599730121998437532e-02,2.780118064626565383e-02,2.876771805665247900e-02,6.734230201391834536e-03,8.525561804616881012e-03,2.860621919358861259e-02,3.310625407525030761e-02,6.006911880674634108e-02,1.720526015632465808e-02,7.353678388927761822e-02,1.070142006139197799e-01,1.062575546371183344e-01,2.826582881135956266e-02,1.325682592132992332e-01,6.103844959896921607e-02,1.027139061150113275e-01,6.070650524617603183e-02,1.397553404907979913e-01,5.246505731474834788e-02,5.047247564883901305e-02,4.049544597003985197e-02,2.640248994854433803e-02,4.961737931293965648e-02,5.111950690359897548e-02,8.684046077551695053e-02,5.893032652543614414e-02,1.385878807427927684e-01,1.671104646978686104e-01,3.150407179686551262e-02,1.169657952116244515e-01,2.890592081651711664e-01,1.497341741976132012e-01,1.702230270366733578e-01,1.314730810333635258e-01,3.253586157074738611e-02,1.085811489667875274e-01
2.977822039708724264e-02,5.652863154635979354e-02,4.992889921608973519e-02,1.587437811325747780e-02,8.710678700367059657e-02,1.102866136862576674e-01,1.133925514288875447e-01,3.858123720810233137e-02,1.377275769826149243e-01,8.526977184928649645e-02,0.000000000000000000e+00,6.019242048327840683e-02,1.630871721779784955e-01,5.210419169946206575e-02,5.236068476370255020e-02,4.473085558605680717e-02,3.174716140874937753e-02,6.056668657846218246e-02,5.798955357010041750e-02,1.189117854229509857e-01,6.447124839308038258e-02,2.081761132009001258e-01,1.936802288357488966e-01,5.834232519770748970e-02,1.391289630928476684e-01,2.858942990341031831e-01,1.677732630514696677e-01,2.480758756309898172e-01,1.822462767587629817e-01,5.234208962091120576e-02,1.282715904937973272e-01,5.293279746141455605e-02,3.827458564623918702e-02,5.897472928338974574e-02,3.492902401197229417e-02,5.729028207867613992e-02,1.919315575307244462e-02,1.547897112486063681e-02,4.857481799958449781e-02,3.944090724538926174e-02,5.539054781310194520e-02,3.366037783109469828e-02,3.545333068704817348e-02,8.579625552628335899e-03,1.038421417602121422e-02,3.398281924009255439e-02,4.156722091485575560e-02,7.352126531763783501e-02,2.164327477602856140e-02,8.922821642445565027e-02,1.333593398362716842e-01,1.293595223190918686e-01,3.454508602232221615e-02,1.644089399982341659e-01,7.389618817086388014e-02,1.262909184090573178e-01,7.409402307105343588e-02,1.723325928946670138e-01,6.384621484096691946e-02,6.156570538141620946e-02,4.972715367512987178e-02,3.254988496394334296e-02,6.083899352352320489e-02,6.317465969838365059e-02,1.085007089128564722e-01,7.090190948089185319e-02,1.731970689680366882e-01,2.055731102893208206e-01,3.847466032446364426e-02,1.430028919671502141e-01,3.571129352431740012e-01,1.862418464190757073e-01,2.113383091558870552e-01,1.631059274384435709e-01,4.040263223888871519e-02,1.328711833482926763e-01
1.827892818502912381e-02,3.219460787875590146e-02,2.936678583862666406e-02,8.962877970744865738e-03,5.000687377845163678e-02,6.392649651612586359e-02,6.509434166475087935e-02,2.330538596050835132e-02,7.854107495812220896e-02,4.903287346574405903e-02,6.019242048327840683e-02,0.000000000000000000e+00,9.423195126792513476e-02,3.037051738371627368e-02,3.175416069381137990e-02,2.555202068877146168e-02,1.802094703295566147e-02,3.478136928583248216e-02,3.364569603707753820e-02,6.918932785309583888e-02,3.895834702498413710e-02,1.201023146707107248e-01,1.151119785562939035e-01,3.527255568502797589e-02,8.008820018924117656e-02,1.675677021654247423e-01,9.650975525322558202e-02,1.427316704597076380e-01,1.056973280597402337e-01,3.001019579621731770e-02,7.470295196149147332e-02,3.101923940260307294e-02,2.217066346306071495e-02,3.499123930343667893e-02,2.054594189217856526e-02,3.295397236582309902e-02,1.099127314690154927e-02,9.093691483155631056e-03,2.858159635599426956e-02,2.353005952323428129e-02,3.283367009386622959e-02,1.977193075473465678e-02,2.018088873548479559e-02,4.727183351884099369e-03,6.224332683142562439e-03,2.099937831638531635e-02,2.369353946228582725e-02,4.321954574045194786e-02,1.207006027010797990e-02,5.170923032233609024e-02,7.578539394425498621e-02,7.520356472296711725e-02,2.042712287534103818e-02,9.395607300564637332e-02,4.272253289702449691e-02,7.329791498352949963e-02,4.498980264917906702e-02,9.959592182521735670e-02,3.733803731204098780e-02,3.685269585263856867e-02,2.894575842189946180e-02,1.867829646607608793e-02,3.538217451884002884e-02,3.646415240846342248e-02,6.250243608204154866e-02,4.297916678078055747e-02,9.948186688714301396e-02,1.213179250896240235e-01,2.352797051691849980e-02,8.183951889274024283e-02,2.094751494650315127e-01,1.067593564608484424e-01,1.210966873623005591e-01,9.316013280585733192e-02,2.325104472554810273e-02,7.828187256236464331e-02
4.718850629597409058e-02,8.877504951985347448e-02,8.043006706325492305e-02,2.439940774543464599e-02,1.353216777868539722e-01,1.781915816912446604e-01,1.754004091442898372e-01,6.175204053122576586e-02,2.199141989282723808e-01,1.325024483116020446e-01,1.630871721779784955e-01,9.423195126792513476e-02,0.000000000000000000e+00,8.114343619047104106e-02,8.413701439729968923e-02,7.108176103392899181e-02,4.954713455720210352e-02,9.575244292380230560e-02,9.142923616955471455e-02,1.890633195704848335e-01,1.015617936610733046e-01,3.327766548550858405e-01,3.099690574196649062e-01,9.217789734970334437e-02,2.190852847890398802e-01,4.502492811610192547e-01,2.662758542174412102e-01,3.926418758416671539e-01,2.913769290857151084e-01,8.297201110813881564e-02,2.028075532974313033e-01,8.405694201831181989e-02,6.079635281172116046e-02,9.436471081784381099e-02,5.628284918139663667e-02,8.880360877560136701e-02,2.971546042962291273e-02,2.479526574014512957e-02,7.819559417799371026e-02,6.363460155160510778e-02,8.886570155251777292e-02,5.441146121120786494e-02,5.492834916916215088e-02,1.309752709147595125e-02,1.669453951076863354e-02,5.494157915909270162e-02,6.471149049109869988e-02,1.178806970040582880e-01,3.386045303121285738e-02,1.396139705128102426e-01,2.105841587158657768e-01,2.038106402088523672e-01,5.551646308404899199e-02,2.621516959423004778e-01,1.147247161085396677e-01,1.980708866617312824e-01,1.160695074392974202e-01,2.722362303683980578e-01,1.007254297007441068e-01,9.969107102655257180e-02,7.916824480825246368e-02,5.059353805878329807e-02,9.668900059619429943e-02,9.979871097003076286e-02,1.719262925962581068e-01,1.129647514399419739e-01,2.753328014781567523e-01,3.302977403843450621e-01,6.137008768210502896e-02,2.280491293655518281e-01,5.699967639838882105e-01,2.935164651813977899e-01,3.304253112952247329e-01,2.582314684371596614e-01,6.284141379041194297e-02,2.109796503642040189e-01
1.496180410108146654e-02,2.816839574587694933e-02,2.541871187719536157e-02,7.676005919979814185e-03,4.330007433189135557e-02,5.557689084718708122e-02,5.563656054235679993e-02,1.964425725110655746e-02,6.904329088490927802e-02,4.265062309579963074e-02,5.210419169946206575e-02,3.037051738371627368e-02,8.114343619047104106e-02,0.000000000000000000e+00,2.633350586533453330e-02,2.249144601224235124e-02,1.592328056216236326e-02,3.019158451373365679e-02,2.891106682235041261e-02,5.950330004992870209e-02,3.254162178445027531e-02,1.042167256780983237e-01,9.773310968639524476e-02,2.936204465259734109e-02,6.943436553830999169e-02,1.413773383761374181e-01,8.384062048705719083e-02,1.243864680826198138e-01,9.175899728058820037e-02,2.670326459019949777e-02,6.468954272835814034e-02,2.628128376526389295e-02,1.926408448918770153e-02,2.965602429903355444e-02,1.770979077042389091e-02,2.826478042581948361e-02,9.435408266125716245e-03,7.765006697746503449e-03,2.425122004681689106e-02,1.990298539582077697e-02,2.802989954241891235e-02,1.723109275563892290e-02,1.763602466239007349e-02,4.105225057570270272e-03,5.265861188610615126e-03,1.722206510584506703e-02,2.030260372397162116e-02,3.759353430365409282e-02,1.070617208362521951e-02,4.436584177319095879e-02,6.694605504891404379e-02,6.451084643915441785e-02,1.748897010191959728e-02,8.273606950940332050e-02,3.657283337165046638e-02,6.308102680580796040e-02,3.719255042575698306e-02,8.568378722439876083e-02,3.204362819901039605e-02,3.121343847064579277e-02,2.516989425112709650e-02,1.630976138246613763e-02,3.062791735619814840e-02,3.171600777479178374e-02,5.430554307287564775e-02,3.581281627470137008e-02,8.597414793214712414e-02,1.032179773714591020e-01,1.915386426715618567e-02,7.190070299917510066e-02,1.780305700067440766e-01,9.340186311921060136e-02,1.043279068430641443e-01,8.179725389576011918e-02,2.017789913062497179e-02,6.720085081842086527e-02
1.623055764808003371e-02,2.887962724236238163e-02,2.585865527344276271e-02,8.292235002576012551e-03,4.368377907207425526e-02,5.724046329585857212e-02,5.724901260218873827e-02,1.958357778139839175e-02,7.110784228181046829e-02,4.283926988669032460e-02,5.236068476370255020e-02,3.175416069381137990e-02,8.413701439729968923e-02,2.633350586533453330e-02,0.000000000000000000e+00,2.260672880309547161e-02,1.611978882196731661e-02,3.081896187406374735e-02,2.982586470986456004e-02,6.123591527484936042e-02,3.318537914752160006e-02,1.063102816296798009e-01,9.996068858607182195e-02,3.140071746715767526e-02,7.053065001408018175e-02,1.496918735295773295e-01,8.703937145612314352e-02,1.275164203235843452e-01,9.403492947549960124e-02,2.615942766355692714e-02,6.679701717386993254e-02,2.666330558870987424e-02,1.946948706562769485e-02,3.117151511365721245e-02,1.822503678175887293e-02,2.887240358615269023e-02,9.725901832038882575e-03,8.269344731777738752e-03,2.475776078796336488e-02,2.025814359440501755e-02,2.875982116299477531e-02,1.766153076159621138e-02,1.814180015136080196e-02,4.344652197162623963e-03,5.686917866941329155e-03,1.819665221746274292e-02,2.166316103771608048e-02,3.815989187323409748e-02,1.110264679017453418e-02,4.493605592579797553e-02,6.708103738430093443e-02,6.585652929727242588e-02,1.772329647350708373e-02,8.344439742632742130e-02,3.735892969953250042e-02,6.388090283415340243e-02,3.946114057947797127e-02,8.756705819384288936e-02,3.216961371413987192e-02,3.277986387754380088e-02,2.578088722678860065e-02,1.617361429007849530e-02,3.114591293860411933e-02,3.249312420038984184e-02,5.613838027587871038e-02,3.665875239294309751e-02,8.986726828960825419e-02,1.065826915433962935e-01,2.130692643117666762e-02,7.276541245355128140e-02,1.875363474816515719e-01,9.552125986852423589e-02,1.080856832093180508e-01,8.342232108914934829e-02,2.019522588626779941e-02,6.884127510578891274e-02
1.272756275775457739e-02,2.441337036679147934e-02,2.176207454478572625e-02,6.688084810247335761e-03,3.730974412963952019e-02,4.810634633943157434e-02,4.855655978946974566e-02,1.662501409170687866e-02,5.995714857856040969e-02,3.643704248404776302e-02,4.473085558605680717e-02,2.555202068877146168e-02,7.108176103392899181e-02,2.249144601224235124e-02,2.260672880309547161e-02,0.000000000000000000e+00,1.363022430838794000e-02,2.599545371562788851e-02,2.467153025771629329e-02,5.146333951102655124e-02,2.775843758397176717e-02,8.995051649158224139e-02,8.392778972251069280e-02,2.511209565775460867e-02,6.000870736556367796e-02,1.230038862334982414e-01,7.291582090710602149e-02,1.074497679745720635e-01,7.941453683679795816e-02,2.287259238149487103e-02,5.512636148278239612e-02,2.252868391917893856e-02,1.644887768421259694e-02,2.526142789258257332e-02,1.503341290955559351e-02,2.448057475555302093e-02,8.071122410951139456e-03,6.574531584237135878e-03,2.071106271653013614e-02,1.711000679490013582e-02,2.385580207967678140e-02,1.451971776518192099e-02,1.528499998018082763e-02,3.635118711954192332e-03,4.462431007411139620e-03,1.486205115888003872e-02,1.788293717254772763e-02,3.166363713771758182e-02,9.307624861336995237e-03,3.784177016897366519e-02,5.760572542147948671e-02,5.540658921295744943e-02,1.478066301467849918e-02,7.127604474045637351e-02,3.152493305349901576e-02,5.401549697027663299e-02,3.162082138223908101e-02,7.465896237469193952e-02,2.749241144997112765e-02,2.669950801206268445e-02,2.143339797296428886e-02,1.395017436979238863e-02,2.619079989457816227e-02,2.699513181059708458e-02,4.677154162831335255e-02,3.047100504162993800e-02,7.500832623217998374e-02,8.874883180431314411e-02,1.663694622485292415e-02,6.191103992671639911e-02,1.542188957747678002e-01,8.008376339113114362e-02,9.050186365983796388e-02,7.058332422370849901e-02,1.745261147220248527e-02,5.768704796212070773e-02
9.156466929589107337e-03,1.709464800137210083e-02,1.527568422769671509e-02,4.709778594348684386e-03,2.649045060993398745e-02,3.365092523733992369e-02,3.440024748880232686e-02,1.182972642233071428e-02,4.201788303487889731e-02,2.591226860191958928e-02,3.174716140874937753e-02,1.802094703295566147e-02,4.954713455720210352e-02,1.592328056216236326e-02,1.611978882196731661e-02,1.363022430838794000e-02,0.000000000000000000e+00,1.816354055902670572e-02,1.756975865917054236e-02,3.622231128672373512e-02,1.981946172736633385e-02,6.344305702040223260e-02,5.937350003746408311e-02,1.773372190859483569e-02,4.208075973903846467e-02,8.670912533706390257e-02,5.084083704743684595e-02,7.561429282332482460e-02,5.547984815633131422e-02,1.597996224565231826e-02,3.906148958361148338e-02,1.600469363831035635e-02,1.173654457475526054e-02,1.819113750581309585e-02,1.071572311286814183e-02,1.771022858041243486e-02,5.835563762923660219e-03,4.702103887316933482e-03,1.471593350893816640e-02,1.229089087349113929e-02,1.721696239796941669e-02,1.041147950808275421e-02,1.086724801167571891e-02,2.517111848614824506e-03,3.194482726789466941e-03,1.054420376692860595e-02,1.239816687115518658e-02,2.265652020990568255e-02,6.448273468862556444e-03,2.714828930088713024e-02,4.046272722501524644e-02,3.946718539821739841e-02,1.041091973878187360e-02,4.989695814694740383e-02,2.242737576944351177e-02,3.818316506935204302e-02,2.244777536775640833e-02,5.236567650194229318e-02,1.938516120814446492e-02,1.890232765016726380e-02,1.506725902847415484e-02,9.866337507525767270e-03,1.847918325212897714e-02,1.911747211490136267e-02,3.296104011302924963e-02,2.154567077745499909e-02,5.253196346267292177e-02,6.242082683966845152e-02,1.169215966970328126e-02,4.373044687607654385e-02,1.077805710876307693e-01,5.653184589166019430e-02,6.383411801837743371e-02,4.949620245241716926e-02,1.230508750394275312e-02,4.062155700740424646e-02
1.740224960375600163e-02,3.285944100746841096e-02,2.952600537915123224e-02,9.097176435091926250e-03,5.048769622503217896e-02,6.565242876438194541e-02,6.542408478419184381e-02,2.264784003927349312e-02,8.117828874599046507e-02,4.908726674092836473e-02,6.056668657846218246e-02,3.478136928583248216e-02,9.575244292380230560e-02,3.019158451373365679e-02,3.081896187406374735e-02,2.599545371562788851e-02,1.816354055902670572e-02,0.000000000000000000e+00,3.355252103283419551e-02,7.014791351104540662e-02,3.753271261209855519e-02,1.228921787597705984e-01,1.140127898036443627e-01,3.411343605938711721e-02,8.088274984572703385e-02,1.669745360407852708e-01,9.890342112607475311e-02,1.453814010503694243e-01,1.077467840368710461e-01,3.088307805310317941e-02,7.492332178370239570e-02,3.031677819698045534e-02,2.223271287780170108e-02,3.428349533394917104e-02,2.048508661510143811e-02,3.281493496236519147e-02,1.094126657139621317e-02,9.004743306807748426e-03,2.812563383875256104e-02,2.319656230880797615e-02,3.238528963275912054e-02,1.980430454660828468e-02,2.029643384588943403e-02,4.786757821338830272e-03,6.066293933783665354e-03,2.010269047747751878e-02,2.398384511358030505e-02,4.326994658646026587e-02,1.243337628132898734e-02,5.155793331646616601e-02,7.761527966098799580e-02,7.524650781804698152e-02,2.035271107461322088e-02,9.621863337751952738e-02,4.244924349553343829e-02,7.340568296520913472e-02,4.290262326928264563e-02,1.003587345861500085e-01,3.705590393723463827e-02,3.663031248299128406e-02,2.902132768467326554e-02,1.880097231977471278e-02,3.558463691834776871e-02,3.671313645650293306e-02,6.356792590496695983e-02,4.163526594683424759e-02,1.016043859629380819e-01,1.213710126865569644e-01,2.256117522871778011e-02,8.408158803936408021e-02,2.099942061027927631e-01,1.085153320264159726e-01,1.219471500101370898e-01,9.543791746881669091e-02,2.337124254779020249e-02,7.793038923096433368e-02
1.680990831465178220e-02,3.120547769508716027e-02,2.810727196746064249e-02,8.781421591324320430e-03,4.813563315534560849e-02,6.230181671623175738e-02,6.286379830549268521e-02,2.144636680311141214e-02,7.779379511601523800e-02,4.696638871513183350e-02,5.798955357010041750e-02,3.364569603707753820e-02,9.142923616955471455e-02,2.891106682235041261e-02,2.982586470986456004e-02,2.467153025771629329e-02,1.756975865917054236e-02,3.355252103283419551e-02,0.000000000000000000e+00,6.657829385112178089e-02,3.581444946412299518e-02,1.163218293560001476e-01,1.087618775795609338e-01,3.292288582693134180e-02,7.684413564971089017e-02,1.601671975110169899e-01,9.435671173836504555e-02,1.384490954532794915e-01,1.024538356270457695e-01,2.879291956826443566e-02,7.189803361554175654e-02,2.939309593254276279e-02,2.151128266451386717e-02,3.324325924474096083e-02,1.959795009239806776e-02,3.170933276506761322e-02,1.060979488441609470e-02,8.891823789321105093e-03,2.713676385922293710e-02,2.228551625765758798e-02,3.120671129175216912e-02,1.894711306309412868e-02,1.970109060274466764e-02,4.754774985275164213e-03,5.977961755974126566e-03,1.899636965205667508e-02,2.341075662896020121e-02,4.123131345523228797e-02,1.208273918033717607e-02,4.918323165004076514e-02,7.389750533626597562e-02,7.213501749120346251e-02,1.925768829552627209e-02,9.190532516369684379e-02,4.084060028252999019e-02,7.011049806045002719e-02,4.162418124734409974e-02,9.575063808713701885e-02,3.528253588806558316e-02,3.492072453965194834e-02,2.786854633276775184e-02,1.765273062914447452e-02,3.399084806207675058e-02,3.533614646881504118e-02,6.074847302135967519e-02,3.939643489941892923e-02,9.731984519453082405e-02,1.151226982656205489e-01,2.221151318672373934e-02,7.964425263978099079e-02,2.007384581304503257e-01,1.039845777594876480e-01,1.183745203873180357e-01,9.115907973686790400e-02,2.227899697906787074e-02,7.427031829937397189e-02
3.466696817105785478e-02,6.509919610301173609e-02,5.834705437040595133e-02,1.807863418291250079e-02,9.916295248143268404e-02,1.291758613669170552e-01,1.290629862131204009e-01,4.445690595260912842e-02,1.603410267422903657e-01,9.684092292459121898e-02,1.189117854229509857e-01,6.918932785309583888e-02,1.890633195704848335e-01,5.950330004992870209e-02,6.123591527484936042e-02,5.146333951102655124e-02,3.622231128672373512e-02,7.014791351104540662e-02,6.657829385112178089e-02,0.000000000000000000e+00,7.465463145920045451e-02,2.407788757922883216e-01,2.245891547401195898e-01,6.750877843760805241e-02,1.594937815581545237e-01,3.303366617207156297e-01,1.951435979890503436e-01,2.864142416109356493e-01,2.114545712963401825e-01,6.014873140796068995e-02,1.483501934441740222e-01,6.013985641836435553e-02,4.379540914775149202e-02,6.838605711153687705e-02,4.066801627089878385e-02,6.514404300098763922e-02,2.169913645882963135e-02,1.762626860265511380e-02,5.517185263339709211e-02,4.567904340068891511e-02,6.434261628723228488e-02,3.932158577049175985e-02,4.019033433380300030e-02,9.532313870345879292e-03,1.192259040959296225e-02,3.969434168423593978e-02,4.761873887337438743e-02,8.555523211890499191e-02,2.459745243693294003e-02,1.016723047316403644e-01,1.532519428683260521e-01,1.486565905804846932e-01,3.973270825322260114e-02,1.899298262133536086e-01,8.392609664806931213e-02,1.435177947213391314e-01,8.542797650147970767e-02,1.972268045784313917e-01,7.271465360310633286e-02,7.224991492866701670e-02,5.735443622157660598e-02,3.719652156701152429e-02,7.010316088028446802e-02,7.269762727665038393e-02,1.265360169070750551e-01,8.147571607143580530e-02,2.001734723423774509e-01,2.386669970353270109e-01,4.507607807599106620e-02,1.650911603897994295e-01,4.150786966224028762e-01,2.154748427066980054e-01,2.418040047525146230e-01,1.888142474057201148e-01,4.628971855254459394e-02,1.545550996437543012e-01
1.947299040263508751e-02,3.525034782167341119e-02,3.148290039540733998e-02,9.796280201172877927e-03,5.358176150277308564e-02,6.906047372416772301e-02,6.996962938707491919e-02,2.445863955024246694e-02,8.526743163138333914e-02,5.336391101969219924e-02,6.447124839308038258e-02,3.895834702498413710e-02,1.015617936610733046e-01,3.254162178445027531e-02,3.318537914752160006e-02,2.775843758397176717e-02,1.981946172736633385e-02,3.753271261209855519e-02,3.581444946412299518e-02,7.465463145920045451e-02,0.000000000000000000e+00,1.293290115603082935e-01,1.219873473525534130e-01,3.782834900807943712e-02,8.696264451639587612e-02,1.794690848185249987e-01,1.048304137848495854e-01,1.541642169307357035e-01,1.137724868143788204e-01,3.218977956062879509e-02,8.030951601692501440e-02,3.280572092326915212e-02,2.389756130285983216e-02,3.755590906247092270e-02,2.224962330193022003e-02,3.560060214363985898e-02,1.180656645757466316e-02,9.787031199636486017e-03,3.030795149336631966e-02,2.497733028562828736e-02,3.516346840270977853e-02,2.160595515286939383e-02,2.187648064309489354e-02,5.168628178777451808e-03,6.653836157571863322e-03,2.239705820506933398e-02,2.541796557528267983e-02,4.660082502611070931e-02,1.321662057653719483e-02,5.550406753272323079e-02,8.202835907209296562e-02,8.073089031843164176e-02,2.168276197647335535e-02,1.010959302391498393e-01,4.611793614968937721e-02,7.804398347859850538e-02,4.800875158550409888e-02,1.066348299841527320e-01,3.984581199746026897e-02,3.981634321179694513e-02,3.143382917469809967e-02,2.019782561146740707e-02,3.814589671037311308e-02,3.872432556720849933e-02,6.784643118453193011e-02,4.541857708708943453e-02,1.071369877341086935e-01,1.295307812669450609e-01,2.510025688956086035e-02,8.905541540466632711e-02,2.248622663334490512e-01,1.155258767368707029e-01,1.301000721588948805e-01,1.008712302433744518e-01,2.474671960943195664e-02,8.372718770334632021e-02
