0.000000000000000000e+00,9.079511242721216568e-03,7.113611487161788927e-03,3.325139868685805106e-03,1.296473881753301693e-02,1.859845651266466351e-02,1.930364459418005760e-02,5.267111280099334020e-03,2.305983125889515123e-02,1.400795484466960464e-02,1.508908165503545021e-02,1.013623681737224787e-02,3.120417242503009669e-02,6.569882603746753091e-03,1.265784377509922114e-02,9.289678139242814325e-03,4.726767937396091079e-03,1.211767790008600430e-02,9.822490755039303342e-03,1.957582983361569676e-02,1.051742454897293573e-02,3.671959530726775361e-02,3.462163465907027587e-02,1.057515237543814324e-02,2.998849909578969047e-02,6.003068215951908038e-02,3.237000759578972930e-02,4.795320142066828578e-02,3.220072804576714492e-02,6.010244045086777717e-03,2.170583007887503385e-02,1.133303302356860297e-02,7.781491532880506837e-03,7.581945458784121461e-03,4.320789035357034368e-03,6.833590241705015875e-03,3.043063468921760294e-03,3.734505911217144650e-03,1.154466546172532720e-02,6.984767516772984880e-03,7.065494510520556673e-03,4.982282382180707424e-03,7.312081732412531454e-03,1.811961356931492996e-03,2.793059487559520181e-03,6.102321717363104643e-03,1.106226925237214533e-02,1.164523458484257971e-02,3.819311357203218973e-03,1.591576864945567008e-02,2.052732756342848242e-02,2.240176907506579232e-02,4.864071170158713701e-03,2.539922841810983781e-02,1.662927043802306729e-02,1.971376381777651537e-02,1.374058291483755759e-02,3.373225829908554907e-02,9.973788390829827627e-03,1.301284392278135096e-02,9.166168201778304714e-03,4.125198190080010818e-03,1.205792041589291187e-02,1.081835752004700960e-02,1.753238699391211283e-02,1.249734946347416838e-02,3.770268048224824364e-02,3.771679500801155410e-02,6.863739994334908459e-03,2.476766723164773934e-02,7.695719884806971611e-02,3.172695805070740310e-02,4.454428140179978596e-02,2.883519865984279784e-02,6.851915352016053548e-03,2.333337007317620726e-02
9.079511242721216568e-03,0.000000000000000000e+00,1.611053782503666862e-02,7.852038962256276816e-03,2.899221230382489217e-02,4.016709458339429162e-02,4.317837040244496688e-02,1.104277763101377957e-02,5.100483044353283646e-02,3.036521585266335754e-02,3.328082154572729878e-02,1.997992467491479379e-02,6.903097011276576600e-02,1.456293832531302401e-02,2.553836061700972757e-02,2.122844436414638575e-02,9.960355590505528753e-03,2.714963132650938249e-02,2.125481246584661268e-02,4.370029745486511685e-02,2.192177493411605338e-02,8.142868880157030920e-02,7.203867837028876675e-02,2.157636619770202449e-02,6.564969329828680700e-02,1.277139021593958201e-01,7.044454673124057875e-02,1.035530018521484408e-01,6.997493305778830497e-02,1.278795319285981266e-02,4.750914136704800783e-02,2.404874065373316730e-02,1.641632422095878896e-02,1.616727903977674408e-02,9.147115571707917919e-03,1.525762772472545950e-02,6.907638977651143000e-03,7.803396781404854654e-03,2.441703563406537672e-02,1.520890793352577819e-02,1.486509070599110680e-02,1.101509010013929438e-02,1.560239223690536650e-02,4.127782948069370385e-03,5.813296317814937476e-03,1.281691597188864933e-02,2.517697312972966284e-02,2.586160109531276952e-02,8.418429474678171612e-03,3.408380966022509645e-02,4.501025886383196173e-02,4.950662779375335915e-02,9.856696109380931256e-03,5.684942048655612645e-02,3.640053308486861094e-02,4.354537640989539909e-02,2.730950052197923111e-02,7.549087183947501833e-02,2.244265468989795412e-02,2.665476962846306461e-02,2.032111866953821566e-02,9.427120271140241106e-03,2.634317808808300451e-02,2.448147335693279941e-02,3.900647445216656739e-02,2.609537310833419388e-02,8.355569899708888137e-02,7.777892078118062158e-02,1.445884355518121944e-02,5.455806941923811715e-02,1.652325415083087667e-01,7.022319437227447780e-02,9.752958958421861779e-02,6.345709622943027095e-02,1.519430310561626155e-02,5.018636024184912336e-02
7.113611487161788927e-03,1.611053782503666862e-02,0.000000000000000000e+00,6.002914590845176424e-03,2.254082062199026792e-02,3.151046589247544910e-02,3.337965636736060088e-02,8.704056387195350381e-03,4.048319753831743778e-02,2.358832207765080430e-02,2.620319194047251998e-02,1.544105333634432364e-02,5.296185878280985221e-02,1.162440788116953644e-02,1.980022327244692487e-02,1.657145429741710072e-02,7.878540574239464855e-03,2.107703229036973769e-02,1.693597004720736460e-02,3.468251026325047670e-02,1.690338939457035686e-02,6.420948514265642504e-02,5.672050950192745328e-02,1.651914049639534310e-02,5.057960792289842300e-02,9.880302556258541147e-02,5.559630207240025962e-02,8.018873883366008093e-02,5.505488563745653680e-02,1.039548657889447988e-02,3.723848736131216836e-02,1.807031172072167541e-02,1.256153816318663664e-02,1.263215510948991968e-02,7.083300841594643640e-03,1.195546275841043171e-02,5.317839349602546117e-03,6.028094172723265712e-03,1.841266731533191744e-02,1.159884847003520014e-02,1.151862345547732640e-02,8.436566269833644521e-03,1.220946661868358221e-02,3.212978045490599149e-03,4.609203508104209833e-03,9.903736055876280822e-03,1.987483868086572028e-02,2.048389899608070441e-02,6.503530947011667424e-03,2.606198716581912059e-02,3.507297938812470317e-02,3.767995743876687009e-02,7.851162703628412551e-03,4.477588906076743897e-02,2.775297744490369187e-02,3.443983631047266986e-02,2.106017740814590880e-02,5.848470445689502029e-02,1.734860125549633064e-02,2.080218147026637390e-02,1.586811471597507350e-02,7.393477745775599991e-03,2.035159861043791055e-02,1.951243665940675942e-02,3.106490321576527158e-02,1.995692770204919239e-02,6.525096392325863137e-02,6.161229258292121036e-02,1.137773973370635218e-02,4.228734733605962748e-02,1.272734697317716157e-01,5.551289204616528805e-02,7.601598786052088386e-02,4.996732287400151851e-02,1.220225580910447478e-02,3.909140185087525698e-02
3.325139868685805106e-03,7.852038962256276816e-03,6.002914590845176424e-03,0.000000000000000000e+00,1.084830294175340507e-02,1.536309062993438182e-02,1.599537521673364757e-02,4.276030841062794172e-03,1.938486082537899807e-02,1.147979730600824123e-02,1.260817586367117202e-02,7.204016453712110135e-03,2.597406907623518030e-02,5.503300514934562904e-03,9.576936420288910748e-03,8.100332733890439757e-03,3.719252773592098514e-03,1.016416878828867339e-02,8.124210559413837934e-03,1.654143907970544516e-02,8.173786237689639397e-03,3.128379709366505002e-02,2.745651346248063548e-02,7.934626127518645128e-03,2.523767700208519316e-02,4.796158320103856287e-02,2.696729979001803723e-02,3.954906322834428334e-02,2.653571685621655685e-02,5.030706467426689608e-03,1.795129573618289495e-02,9.169189134841580074e-03,6.278775465224229260e-03,5.927546618401717538e-03,3.304502162519778845e-03,5.578400160847318823e-03,2.474064299750312890e-03,2.972984482977771622e-03,9.388824338198929406e-03,5.722489857347923432e-03,5.456566233337667264e-03,4.042577924843821641e-03,6.054176717947618545e-03,1.517759437973941437e-03,2.243382230422854336e-03,4.843223793041842931e-03,9.710065360032282128e-03,9.750011315078695173e-03,3.166265148726187320e-03,1.294978027384960199e-02,1.722889227951323460e-02,1.880371018750665035e-02,3.700086765682608463e-03,2.166646993807390398e-02,1.390415736828451779e-02,1.629197682744531334e-02,1.014798038651144180e-02,2.875097524773067431e-02,8.475482437207850980e-03,9.974997061823731234e-03,7.807339937233526844e-03,3.652652543128561378e-03,1.009728807250357720e-02,9.305433278051980853e-03,1.498032700726403821e-02,9.881305385311933351e-03,3.202627066651986265e-02,2.938126992229957851e-02,5.262052895938128076e-03,2.081717333461663780e-02,6.263826333706336291e-02,2.670491201126461156e-02,3.720041025870936269e-02,2.418467902228818925e-02,5.881256741340276997e-03,1.901129511756541324e-02
1.296473881753301693e-02,2.899221230382489217e-02,2.254082062199026792e-02,1.084830294175340507e-02,0.000000000000000000e+00,5.697847181373549841e-02,6.032727374233559647e-02,1.573454671010409214e-02,7.203237213425744967e-02,4.295927059080508620e-02,4.716793583157515013e-02,2.814256310434578440e-02,9.740467296060284497e-02,2.074661075667280641e-02,3.629733356793219540e-02,2.961917816909011292e-02,1.423140586002055730e-02,3.805433263950784573e-02,3.083450864208129444e-02,6.140965771963674547e-02,3.116048943430609758e-02,1.155058088270503325e-01,1.025376044540627918e-01,3.083250009857982366e-02,9.376752836255584922e-02,1.809023254687801008e-01,9.974521585028929549e-02,1.475691715967050177e-01,9.967933048381422134e-02,1.854015036056515589e-02,6.698178972908998274e-02,3.457630509830868920e-02,2.376967539028816689e-02,2.277558620260181424e-02,1.290359532116979596e-02,2.144005218642189292e-02,9.661542536588798094e-03,1.137637856740762211e-02,3.533108687550833710e-02,2.187008509669266174e-02,2.103439998690574339e-02,1.532929633609940445e-02,2.242031153120948098e-02,5.763770917426459112e-03,8.446362670842505471e-03,1.836295023383971436e-02,3.565377265713159938e-02,3.615186979705785342e-02,1.191569638954807081e-02,4.846272334367987544e-02,6.504652274113700838e-02,7.019142291421368030e-02,1.374129463246798535e-02,8.102816410000689140e-02,5.194664502966844788e-02,6.163933957069524239e-02,3.869216328091897028e-02,1.064170744116347267e-01,3.162253069001965539e-02,3.758831870188645424e-02,2.849378748215701529e-02,1.323465016886358342e-02,3.738284453804528729e-02,3.494999939579364334e-02,5.485339163458002876e-02,3.718010683336964162e-02,1.184041998106611371e-01,1.094501785635546842e-01,2.043604273926704143e-02,7.752633772030710635e-02,2.348611604404282627e-01,9.896726764586546987e-02,1.386336668834305397e-01,9.026628170286131458e-02,2.201968984663705067e-02,7.134707622092117951e-02
1.859845651266466351e-02,4.016709458339429162e-02,3.151046589247544910e-02,1.536309062993438182e-02,5.697847181373549841e-02,0.000000000000000000e+00,8.509613264097069807e-02,2.191114338079100388e-02,1.019804757101976656e-01,5.976942228680491576e-02,6.650968790071867809e-02,4.011264916032099281e-02,1.344031915513330677e-01,2.958704318953109258e-02,4.977318632383156277e-02,4.146960760724471146e-02,2.003036623617561462e-02,5.305308076378741772e-02,4.317905264897646533e-02,8.693311695753271062e-02,4.332044584534727738e-02,1.612204964745349023e-01,1.443904347203248673e-01,4.267812539242907960e-02,1.282219119152220865e-01,2.503519632323387145e-01,1.400398433833446310e-01,2.035199429592938203e-01,1.375036662746672300e-01,2.648268131575391704e-02,9.365252438584768802e-02,4.583662546983652275e-02,3.154902294608152857e-02,3.217851496576068504e-02,1.807798519154014960e-02,3.057801147099311473e-02,1.360557593906104243e-02,1.561224160594636146e-02,4.636888242829086126e-02,2.923608765283744471e-02,2.917767359358394708e-02,2.065626379000389673e-02,3.125940894176369028e-02,8.119619405447668289e-03,1.142797876791546395e-02,2.588261992120120467e-02,4.963334031114766814e-02,5.018742285365756367e-02,1.655510883740187247e-02,6.690526983695599395e-02,8.857782049951198888e-02,9.664132490753607474e-02,1.992599960072217319e-02,1.126655186759396438e-01,7.020240939013676351e-02,8.550778257918935366e-02,5.402981648117935465e-02,1.467492126583788692e-01,4.411087135984788354e-02,5.175667681922543201e-02,4.009983320280039593e-02,1.888594550915990641e-02,5.160650974417718695e-02,4.832580924110422421e-02,7.805054483322335090e-02,5.175955715251280564e-02,1.642149912476356666e-01,1.556712859724295739e-01,2.883057106040948225e-02,1.075788634693231327e-01,3.209028038048251097e-01,1.392077699934040069e-01,1.921004687409072487e-01,1.254967259264847257e-01,3.099309502382695258e-02,9.902937353547300314e-02
1.930364459418005760e-02,4.317837040244496688e-02,3.337965636736060088e-02,1.599537521673364757e-02,6.032727374233559647e-02,8.509613264097069807e-02,0.000000000000000000e+00,2.337117400760658353e-02,1.076899651335296859e-01,6.370867303281493865e-02,7.008122453586207445e-02,4.227383724672043736e-02,1.438734978600476888e-01,3.094238728222852702e-02,5.368036816287869578e-02,4.424910455513155622e-02,2.126095375836384999e-02,5.661863149355426950e-02,4.568407832926139195e-02,9.172032488942011286e-02,4.625122123047033934e-02,1.715914880885504590e-01,1.514503140937874803e-01,4.557207615255146060e-02,1.390039087431314824e-01,2.678682321192679128e-01,1.482550441841421762e-01,2.185120815951948070e-01,1.473620092083011146e-01,2.740207926560135621e-02,9.862570601372029622e-02,5.028906343888380620e-02,3.462821343622488751e-02,3.404546551495898910e-02,1.905314273706440117e-02,3.207461730893951257e-02,1.430839993595619392e-02,1.672756165324030056e-02,5.151228358924703904e-02,3.204882896473754128e-02,3.141562588677047213e-02,2.262168240855158552e-02,3.332190281006772170e-02,8.645290040222894379e-03,1.239179472674438107e-02,2.726065924785576328e-02,5.301946869242821214e-02,5.364231851197763523e-02,1.742637927937034856e-02,7.116183676904809519e-02,9.520185463122794733e-02,1.035810135046888181e-01,2.071404982954385549e-02,1.186672430454167870e-01,7.707993954803372960e-02,9.103024764653472323e-02,5.790626653914822397e-02,1.572001311974920990e-01,4.665907735496867270e-02,5.544340296533597362e-02,4.207641601982780449e-02,1.989245055343310392e-02,5.476190527304179712e-02,5.140854332369519664e-02,8.186788135822928303e-02,5.508772927904739825e-02,1.749709499136838653e-01,1.631569669077949092e-01,3.000254481998901324e-02,1.141897516824584569e-01,3.456148511386551991e-01,1.471056171017233460e-01,2.049866114770510228e-01,1.335007249086443137e-01,3.198441977862390151e-02,1.051809447071132414e-01
5.267111280099334020e-03,1.104277763101377957e-02,8.704056387195350381e-03,4.276030841062794172e-03,1.573454671010409214e-02,2.191114338079100388e-02,2.337117400760658353e-02,0.000000000000000000e+00,2.770240070707678456e-02,1.652140925897163659e-02,1.832160784605644036e-02,1.174604179222893396e-02,3.679563450600036034e-02,8.115151451818345893e-03,1.344545857359754314e-02,1.107676921601310864e-02,5.531833663673783354e-03,1.429065823154090226e-02,1.179069218029082586e-02,2.374469076368104087e-02,1.180095588603732697e-02,4.292197636596561949e-02,3.922991004996230491e-02,1.175688666772932954e-02,3.443224448339850252e-02,6.780492064316114009e-02,3.774039922806399217e-02,5.510276875974622068e-02,3.723345784820724508e-02,7.294121494308048251e-03,2.544347317496773245e-02,1.211950210261843706e-02,8.319783136017678757e-03,9.107894555664299355e-03,4.990501334956788486e-03,8.629007735515099517e-03,3.708762010540549332e-03,4.066481367352191463e-03,1.226687171590011734e-02,7.656499903430334653e-03,8.022903888424106483e-03,5.751802250789984569e-03,8.650493121025179880e-03,2.359459428344113166e-03,2.951602962900130942e-03,6.770504561110956415e-03,1.332662788129627962e-02,1.390722003858258990e-02,4.728833539152815270e-03,1.807460661338777808e-02,2.389971761262116995e-02,2.639543528340248038e-02,5.730246009937346556e-03,2.963616839627209593e-02,1.935959816035948133e-02,2.366864197803879646e-02,1.561867710749713020e-02,3.984204392873634537e-02,1.210989583252454656e-02,1.400963776054777593e-02,1.072145508500255313e-02,5.296457100893296396e-03,1.371977722907170502e-02,1.326336569494879734e-02,2.114120916005961942e-02,1.405418751625294067e-02,4.351108972505102895e-02,4.277355971481441865e-02,7.885981569910622407e-03,2.880944924753594746e-02,8.667918115796471867e-02,3.738281253305030666e-02,5.191538112908754971e-02,3.389503776427004594e-02,8.103086387031792695e-03,2.657496944947597417e-02
2.305983125889515123e-02,5.100483044353283646e-02,4.048319753831743778e-02,1.938486082537899807e-02,7.203237213425744967e-02,1.019804757101976656e-01,1.076899651335296859e-01,2.770240070707678456e-02,0.000000000000000000e+00,7.585904999149911676e-02,8.416451957405975126e-02,4.992254772148785325e-02,1.706475062866246728e-01,3.732010408728390211e-02,6.328597088830183182e-02,5.310927690264334589e-02,2.562466536921334873e-02,6.775968746456299818e-02,5.468165667130081564e-02,1.113153312319103694e-01,5.439386881043611205e-02,2.053658484004143858e-01,1.828458583738294674e-01,5.342981601936506314e-02,1.625535610382319307e-01,3.161203664708231442e-01,1.792890245835657703e-01,2.592178097846435381e-01,1.760049631234181511e-01,3.369304520087237909e-02,1.187917669968195089e-01,5.799111769761723656e-02,4.055756700019916283e-02,4.100281568027965701e-02,2.267431550893908923e-02,3.878003737144634228e-02,1.709457797264155379e-02,1.974999494326202740e-02,5.888631323217845270e-02,3.722462497634341366e-02,3.713449140731442388e-02,2.632356637739770300e-02,3.968227378420585705e-02,1.034869123320324852e-02,1.465743468994224787e-02,3.211406115985218634e-02,6.339623021533669078e-02,6.398579949805277556e-02,2.087447325172465257e-02,8.427874916631161728e-02,1.121395415385303684e-01,1.221706640689328438e-01,2.494918867566673845e-02,1.426613475779112961e-01,8.962547895988312585e-02,1.089687339251219356e-01,6.820793264705071746e-02,1.866637384094574081e-01,5.566545849416501546e-02,6.568197865059369200e-02,5.089866817720788139e-02,2.392997225117963686e-02,6.566833472170899300e-02,6.184390781780488289e-02,9.968314461354763067e-02,6.478677799844580198e-02,2.092046113927704676e-01,1.977801120719065719e-01,3.624895626788723207e-02,1.361349603311802769e-01,4.063481895313425518e-01,1.774163259096792900e-01,2.448177307244937539e-01,1.595319318052589308e-01,3.922581941646136050e-02,1.251550426191580523e-01
1.400795484466960464e-02,3.036521585266335754e-02,2.358832207765080430e-02,1.147979730600824123e-02,4.295927059080508620e-02,5.976942228680491576e-02,6.370867303281493865e-02,1.652140925897163659e-02,7.585904999149911676e-02,0.000000000000000000e+00,4.970225230024501867e-02,2.955498909308814509e-02,1.017805021424086492e-01,2.203960908983599795e-02,3.711996579256725270e-02,3.112461019735243348e-02,1.492881141203500697e-02,4.003335095111386355e-02,3.183159815653006236e-02,6.494284732812033445e-02,3.250777015869142639e-02,1.194351026420268636e-01,1.064040425718043442e-01,3.152520500796825165e-02,9.667841475043763289e-02,1.869845135232770239e-01,1.040422816123972444e-01,1.533602674348738260e-01,1.023548513206922472e-01,1.938472041940505347e-02,6.982045896297676968e-02,3.424489478946819709e-02,2.389710678142158845e-02,2.415241842346020282e-02,1.327490872465864058e-02,2.340368016990038852e-02,1.013374687055635520e-02,1.139900838828333124e-02,3.476146685727720537e-02,2.205300563124924437e-02,2.184276129564714439e-02,1.554266236763743314e-02,2.374656882889761289e-02,6.096403808440446770e-03,8.440255468954455803e-03,1.912993618211608973e-02,3.710410941847259308e-02,3.780873498947578959e-02,1.247454532099453312e-02,5.049438629783889465e-02,6.539807981096810996e-02,7.292931667091299974e-02,1.494931211729124895e-02,8.268576675858500813e-02,5.394701525614716692e-02,6.458771711391310399e-02,4.094314756783900416e-02,1.103416063363960031e-01,3.328730410544311624e-02,3.835647518882330520e-02,2.998016583240235150e-02,1.421228453852505999e-02,3.853954058035694019e-02,3.632738398516017347e-02,5.719470457807511454e-02,3.849786279863778166e-02,1.219941782218611215e-01,1.155176663129097447e-01,2.109553187867457477e-02,8.032018643042747319e-02,2.407399942569773965e-01,1.032131923669783874e-01,1.445549377565359117e-01,9.319394016601517672e-02,2.302868858709508984e-02,7.390867526432989831e-02
1.508908165503545021e-02,3.328082154572729878e-02,2.620319194047251998e-02,1.260817586367117202e-02,4.716793583157515013e-02,6.650968790071867809e-02,7.008122453586207445e-02,1.832160784605644036e-02,8.416451957405975126e-02,4.970225230024501867e-02,0.000000000000000000e+00,3.300967502439940832e-02,1.113541345239061620e-01,2.413453556203271413e-02,4.166147889880806449e-02,3.441981961544357538e-02,1.674115287206343755e-02,4.429522248301203530e-02,3.576610548373056198e-02,7.140468321984813627e-02,3.571505002433529585e-02,1.328284989727910037e-01,1.184939983015139142e-01,3.496245140814323304e-02,1.071662903996651317e-01,2.077286570031172952e-01,1.160216524300874963e-01,1.695164045874248682e-01,1.150257142339373151e-01,2.159289320861585565e-02,7.725960456589647807e-02,3.897295138153344940e-02,2.675996731664947656e-02,2.655582404367239774e-02,1.466299757614447641e-02,2.534437126100291815e-02,1.120780742451259540e-02,1.293273906381105752e-02,3.950693684008069889e-02,2.471614150159519643e-02,2.442998602574231876e-02,1.732301440270653248e-02,2.614224690242279020e-02,6.673430584267742854e-03,9.609340501109736241e-03,2.100195181248087559e-02,4.098842778052858016e-02,4.146537569226493858e-02,1.353858337042290402e-02,5.548858018755113697e-02,7.367000762105557765e-02,8.059246971495276357e-02,1.628833897732939739e-02,9.295513603157552762e-02,5.971299098732862909e-02,7.172914075000057232e-02,4.521865411780003063e-02,1.228350662119338244e-01,3.636692386877850985e-02,4.270295510966872626e-02,3.293951662682963882e-02,1.563464203094629829e-02,4.311341393157604174e-02,4.025013258715795517e-02,6.386918001418197266e-02,4.227719175839222271e-02,1.362238105132059229e-01,1.281410074806264565e-01,2.363334324609923931e-02,8.935290975646001388e-02,2.671560633510717819e-01,1.151359426463357538e-01,1.604210790656454833e-01,1.036580195854039377e-01,2.528829338234684504e-02,8.206562006589965264e-02
1.013623681737224787e-02,1.997992467491479379e-02,1.544105333634432364e-02,7.204016453712110135e-03,2.814256310434578440e-02,4.011264916032099281e-02,4.227383724672043736e-02,1.174604179222893396e-02,4.992254772148785325e-02,2.955498909308814509e-02,3.300967502439940832e-02,0.000000000000000000e+00,6.734793749710743516e-02,1.446119030621045853e-02,2.713698232570514388e-02,2.050650189149848257e-02,1.009983421755225597e-02,2.657199609616143002e-02,2.148674416362176404e-02,4.310158209393504664e-02,2.290778304874747928e-02,7.980214199268063913e-02,7.459106183168248694e-02,2.197901476597675582e-02,6.429239830449084980e-02,1.280660209628072532e-01,6.867927759572559077e-02,1.027440039293103791e-01,6.873522372483355236e-02,1.327847660400450353e-02,4.743176622780580221e-02,2.377437905242803587e-02,1.620727855624512839e-02,1.639018059127774277e-02,8.847453086945780351e-03,1.470117936449805152e-02,6.556085141962779764e-03,7.941330460705900429e-03,2.434316826971878039e-02,1.484470105837321086e-02,1.515707517659934181e-02,1.055987713377072937e-02,1.545417560272679958e-02,3.976746884367071515e-03,5.843110939933682420e-03,1.355149190006109915e-02,2.412650482345821135e-02,2.450833026227770134e-02,8.227040318369358354e-03,3.401685449694887009e-02,4.380943701845409211e-02,4.864450828807886235e-02,1.041425920190930908e-02,5.469143166423855174e-02,3.564206201132755214e-02,4.224637227066480732e-02,2.906943959529324772e-02,7.389872818392348441e-02,2.185058319886937911e-02,2.697921419316494721e-02,1.959563177734242531e-02,9.362780722375308243e-03,2.592009040528674840e-02,2.369558643477416918e-02,3.791937954943926103e-02,2.692460906506275245e-02,8.088780484291176187e-02,8.055690025959405531e-02,1.440154134481557921e-02,5.289659118141221833e-02,1.633828605075491047e-01,6.813183177314312278e-02,9.658019209121307402e-02,6.207855002466348970e-02,1.524654006131015080e-02,5.024786031481489473e-02
3.120417242503009669e-02,6.903097011276576600e-02,5.296185878280985221e-02,2.597406907623518030e-02,9.740467296060284497e-02,1.344031915513330677e-01,1.438734978600476888e-01,3.679563450600036034e-02,1.706475062866246728e-01,1.017805021424086492e-01,1.113541345239061620e-01,6.734793749710743516e-02,0.000000000000000000e+00,4.958513234320037488e-02,8.384130988356844338e-02,7.030178097392797421e-02,3.360675949777146287e-02,8.975976391253490116e-02,7.174420865177910667e-02,1.460665721717540888e-01,7.357584148913104416e-02,2.708020810184278426e-01,2.387343637836723820e-01,7.183611833985382999e-02,2.191883545433734037e-01,4.226867796070180594e-01,2.352270704865981887e-01,3.467555129079405996e-01,2.327649685883867448e-01,4.391757508361236045e-02,1.565506786438198572e-01,7.852274600850817077e-02,5.443037679880890350e-02,5.422197807268865077e-02,3.040413497685631045e-02,5.198038526613389665e-02,2.282107705770385769e-02,2.605272016830217571e-02,8.022505472520598258e-02,5.035692006235829854e-02,5.010822927575150215e-02,3.626426657943628007e-02,5.344542148044377494e-02,1.402533583290334340e-02,1.915776376543727386e-02,4.365086546454331057e-02,8.379904279544249379e-02,8.582417506303459398e-02,2.821673884500384283e-02,1.133146502092174102e-01,1.495014943802061014e-01,1.647719473218230146e-01,3.325431672770192554e-02,1.880560917834507850e-01,1.212499790206376105e-01,1.442549550679433912e-01,9.209643527672019270e-02,2.498018001284237344e-01,7.474845767194047974e-02,8.818664446071648733e-02,6.688348625164845795e-02,3.163474632133712883e-02,8.636228765672912533e-02,8.165487115517038041e-02,1.297547732995231740e-01,8.794611885239012050e-02,2.755776990554028583e-01,2.601963240142255995e-01,4.784030474226742130e-02,1.809069606131442076e-01,5.470431782228948325e-01,2.329641107379137321e-01,3.247259404711089203e-01,2.104114149676938050e-01,5.093787234911863193e-02,1.679809936908118195e-01
6.569882603746753091e-03,1.456293832531302401e-02,1.162440788116953644e-02,5.503300514934562904e-03,2.074661075667280641e-02,2.958704318953109258e-02,3.094238728222852702e-02,8.115151451818345893e-03,3.732010408728390211e-02,2.203960908983599795e-02,2.413453556203271413e-02,1.446119030621045853e-02,4.958513234320037488e-02,0.000000000000000000e+00,1.865706086285606746e-02,1.539816118893984689e-02,7.251740587921462824e-03,1.961241403435810479e-02,1.578721772627685732e-02,3.090290425324341422e-02,1.569975501535262122e-02,5.925882872021211167e-02,5.281652016305858621e-02,1.554335937502737686e-02,4.790307395489475789e-02,9.205232275855664004e-02,5.144474430209952653e-02,7.547844837678460705e-02,5.129458379128988554e-02,9.395915501036461795e-03,3.441261624036857231e-02,1.764034291003717392e-02,1.194886277076412200e-02,1.147729794212401511e-02,6.393773927816983130e-03,1.097827557458302267e-02,4.890920601917210508e-03,5.814630575343259465e-03,1.792997958142177051e-02,1.116398107809384900e-02,1.066524465313231466e-02,7.737722951244361755e-03,1.156466582346584067e-02,2.950239073272516860e-03,4.325690439768057130e-03,9.260913769657515629e-03,1.831444112114181955e-02,1.852420258890841859e-02,5.962247792712054364e-03,2.461613368000626842e-02,3.298480959596215845e-02,3.542211786131915785e-02,6.996850105919268786e-03,4.182894023283786206e-02,2.663739537930103624e-02,3.141362352748074821e-02,2.002926771730944785e-02,5.440891817852488987e-02,1.610173421502285318e-02,1.921554037321934749e-02,1.485819817142845431e-02,6.845541657779650319e-03,1.930755379120425302e-02,1.779649271651561129e-02,2.801028217698296741e-02,1.863986967080141083e-02,6.090305277755890534e-02,5.666195314651216453e-02,1.021665096200527825e-02,4.001113060352159273e-02,1.195349582826055745e-01,5.093526028491195123e-02,7.140924459709177552e-02,4.642483945381219862e-02,1.130889435621894833e-02,3.657786164770321369e-02
1.265784377509922114e-02,2.553836061700972757e-02,1.980022327244692487e-02,9.576936420288910748e-03,3.629733356793219540e-02,4.977318632383156277e-02,5.368036816287869578e-02,1.344545857359754314e-02,6.328597088830183182e-02,3.711996579256725270e-02,4.166147889880806449e-02,2.713698232570514388e-02,8.384130988356844338e-02,1.865706086285606746e-02,0.000000000000000000e+00,2.437565187450807871e-02,1.274951036290478297e-02,3.190132035746012784e-02,2.702537695030702430e-02,5.411709533624171203e-02,2.703351685069262447e-02,9.689778766092888018e-02,8.792069177161070115e-02,2.755701186197406782e-02,7.698792079399316424e-02,1.537558111937535887e-01,8.600833182905839869e-02,1.241685862947493335e-01,8.392530972393427713e-02,1.680635802502462514e-02,5.809523273645593455e-02,2.743644023640790658e-02,1.903664411586840355e-02,2.169695454323701533e-02,1.208248600404466383e-02,1.971027601546692515e-02,8.517247648699927468e-03,9.328801750771904128e-03,2.777596973980315034e-02,1.756760944319490925e-02,1.914791694436203395e-02,1.363228365164789908e-02,1.945243334476525615e-02,5.360754268603716219e-03,6.820031222119041746e-03,1.577275527511173142e-02,3.019204644084564140e-02,3.146712601973351842e-02,1.092383314135685068e-02,4.115591403397347164e-02,5.437611538417416734e-02,6.033444050425036675e-02,1.317798493385710472e-02,6.824446311375609309e-02,4.307162099474252936e-02,5.357907539433107852e-02,3.657906348021384285e-02,8.937521916959800805e-02,2.743767514298802931e-02,3.211352526255688983e-02,2.436885629820865692e-02,1.194479105829358151e-02,3.034029969227225107e-02,3.021997913969090219e-02,4.899574121790613301e-02,3.199837789926038983e-02,9.780822941943732862e-02,9.674105753197516366e-02,1.899294538732666446e-02,6.485401828490361398e-02,1.965744966573974295e-01,8.550102161559310077e-02,1.167223696219115842e-01,7.726274205474539802e-02,1.862206237905119494e-02,6.145858135725131705e-02
9.289678139242814325e-03,2.122844436414638575e-02,1.657145429741710072e-02,8.100332733890439757e-03,2.961917816909011292e-02,4.146960760724471146e-02,4.424910455513155622e-02,1.107676921601310864e-02,5.310927690264334589e-02,3.112461019735243348e-02,3.441981961544357538e-02,2.050650189149848257e-02,7.030178097392797421e-02,1.539816118893984689e-02,2.437565187450807871e-02,0.000000000000000000e+00,1.047803783150379198e-02,2.707858442494669518e-02,2.199876293041560030e-02,4.556551293283911397e-02,2.183615075888459267e-02,8.169128280053329638e-02,7.244251172995333499e-02,2.169936116517822561e-02,6.556489042286511859e-02,1.257874387228660185e-01,7.254323045135327441e-02,1.044214763677960151e-01,7.018895636757241374e-02,1.373209251787028094e-02,4.748473201859437776e-02,2.266612159401665619e-02,1.544032157404593916e-02,1.663518164028191665e-02,9.370427863249361500e-03,1.631485109306213613e-02,6.980561952829414038e-03,7.441461796601647402e-03,2.281881295780676527e-02,1.444407370875296255e-02,1.497000097360041450e-02,1.090648977463993044e-02,1.639066631526443774e-02,4.464831655532574238e-03,5.527926517553502506e-03,1.256968915220359716e-02,2.571189826603674164e-02,2.639352362868511992e-02,8.837281933093254355e-03,3.396101198827872203e-02,4.531569480561868646e-02,5.014544764613947103e-02,1.040615587083504497e-02,5.770743402225145952e-02,3.669033923066453151e-02,4.464706728344115805e-02,2.775904240132234801e-02,7.573380664131235118e-02,2.303009902807339609e-02,2.586305711437592372e-02,2.083377926831087024e-02,9.974781251018938547e-03,2.600993311302329455e-02,2.523433468832162255e-02,4.048025868020529300e-02,2.593760007307870097e-02,8.345724536737153532e-02,7.880589141858369839e-02,1.480390235351538089e-02,5.480008419309773809e-02,1.619006896770812942e-01,7.189881771337303107e-02,9.820437212398931692e-02,6.458494690619098755e-02,1.570522718200878867e-02,5.020719091652051103e-02
4.726767937396091079e-03,9.960355590505528753e-03,7.878540574239464855e-03,3.719252773592098514e-03,1.423140586002055730e-02,2.003036623617561462e-02,2.126095375836384999e-02,5.531833663673783354e-03,2.562466536921334873e-02,1.492881141203500697e-02,1.674115287206343755e-02,1.009983421755225597e-02,3.360675949777146287e-02,7.251740587921462824e-03,1.274951036290478297e-02,1.047803783150379198e-02,0.000000000000000000e+00,1.329912153797587100e-02,1.092801410521852291e-02,2.170791629873099204e-02,1.091884474582606457e-02,4.011263580606006657e-02,3.595305692084495297e-02,1.065761609959601369e-02,3.216170648331576065e-02,6.289656231444420986e-02,3.516032744727592280e-02,5.096148245441471658e-02,3.459016381603408768e-02,6.523960746964372823e-03,2.351690027581081893e-02,1.161742828045412776e-02,8.029145451900721389e-03,8.247044588864846024e-03,4.413072315509729976e-03,7.641577704342641594e-03,3.380096107677301939e-03,3.970847731102582559e-03,1.180244236576414446e-02,7.360193582097906452e-03,7.429035642785304649e-03,5.166961570610426394e-03,7.937946755560207693e-03,1.980108169146116339e-03,2.936367099622451838e-03,6.445857554709328099e-03,1.243111723062122892e-02,1.244559814582614672e-02,4.036382319953027431e-03,1.667265287531140630e-02,2.188959981287309092e-02,2.405134646016790154e-02,4.983294645618848405e-03,2.764805786383239469e-02,1.789636330758938298e-02,2.160086632963498926e-02,1.397645845431009712e-02,3.685978069219086883e-02,1.084898462405764485e-02,1.309421425180917579e-02,1.000753386846927120e-02,4.687312956310403164e-03,1.296023665627186496e-02,1.206134192798120203e-02,1.939513642560825382e-02,1.282658494191108063e-02,4.116361091636675656e-02,3.908589452785764251e-02,7.221900812387022084e-03,2.691143021558604909e-02,8.054665466016788788e-02,3.493841361667025108e-02,4.816851455648944735e-02,3.152964041535323558e-02,7.643904398945893658e-03,2.487401034683621101e-02
1.211767790008600430e-02,2.714963132650938249e-02,2.107703229036973769e-02,1.016416878828867339e-02,3.805433263950784573e-02,5.305308076378741772e-02,5.661863149355426950e-02,1.429065823154090226e-02,6.775968746456299818e-02,4.003335095111386355e-02,4.429522248301203530e-02,2.657199609616143002e-02,8.975976391253490116e-02,1.961241403435810479e-02,3.190132035746012784e-02,2.707858442494669518e-02,1.329912153797587100e-02,0.000000000000000000e+00,2.829016312252273513e-02,5.775892332536257390e-02,2.834246867856479724e-02,1.056281105725588726e-01,9.313414744576722915e-02,2.801731550859439673e-02,8.456578574260824321e-02,1.630725187122876729e-01,9.253900600379552643e-02,1.342952607243853846e-01,9.035487500418637463e-02,1.756296856531080336e-02,6.098752772547044732e-02,2.980731997287223295e-02,2.053676351725960275e-02,2.129852195333802045e-02,1.195076041759663560e-02,2.059625343582295251e-02,8.984049727293675833e-03,9.858295913446347633e-03,3.007337461804267947e-02,1.891929474298181119e-02,1.928846792412836769e-02,1.401092368749537811e-02,2.087435542484889633e-02,5.631002589626231056e-03,7.293490122884109701e-03,1.644955875796222031e-02,3.287037054284117077e-02,3.380869021101509664e-02,1.113641421489546847e-02,4.400164141452592159e-02,5.800030672593231573e-02,6.428708030734528456e-02,1.314059547145957942e-02,7.331721439491821479e-02,4.727872303285879374e-02,5.714425387289950864e-02,3.592539039811901147e-02,9.704476752316967825e-02,2.936414783128142234e-02,3.350842707326211201e-02,2.653689345165574295e-02,1.265468359892508651e-02,3.333321604641505814e-02,3.199523591961034308e-02,5.135751743527542518e-02,3.350120105214058480e-02,1.071269302860968498e-01,1.013202959540418224e-01,1.878597116570195763e-02,7.071786171634129869e-02,2.095297360174167844e-01,9.164604988950858511e-02,1.258255637471569488e-01,8.276134824924015476e-02,2.008502829014996438e-02,6.500111270088608506e-02
9.822490755039303342e-03,2.125481246584661268e-02,1.693597004720736460e-02,8.124210559413837934e-03,3.083450864208129444e-02,4.317905264897646533e-02,4.568407832926139195e-02,1.179069218029082586e-02,5.468165667130081564e-02,3.183159815653006236e-02,3.576610548373056198e-02,2.148674416362176404e-02,7.174420865177910667e-02,1.578721772627685732e-02,2.702537695030702430e-02,2.199876293041560030e-02,1.092801410521852291e-02,2.829016312252273513e-02,0.000000000000000000e+00,4.648485878811128846e-02,2.301000954128226347e-02,8.578316343971320590e-02,7.701666592971515013e-02,2.251280848569647136e-02,6.833315229068005758e-02,1.339244276284418667e-01,7.539921329949471340e-02,1.086200240062021732e-01,7.441412824037600682e-02,1.418746418867760858e-02,5.034923360835160538e-02,2.446044271731506389e-02,1.718738152163951094e-02,1.728622053780603032e-02,9.610520715235807213e-03,1.626739923996061918e-02,7.239991848037075767e-03,8.333060655161298250e-03,2.480361412560012913e-02,1.570096104525798078e-02,1.573949078696207718e-02,1.116696362050004741e-02,1.678806232380928784e-02,4.332194201671000361e-03,6.204583496012824190e-03,1.352764795997803138e-02,2.636510833575488044e-02,2.688830260418443446e-02,8.811596420876192937e-03,3.612616556622179342e-02,4.766707621439475462e-02,5.204111007282137547e-02,1.058372416811038594e-02,6.073760575760608904e-02,3.798964489944976070e-02,4.665846384702836830e-02,2.954330890164815621e-02,7.926583952508445274e-02,2.365813318464031131e-02,2.788991750550318463e-02,2.121686202777902167e-02,1.018526680812040751e-02,2.776361356203673261e-02,2.630905143733280535e-02,4.157996997247733612e-02,2.727478371820624137e-02,8.744421082555289826e-02,8.315097566669464590e-02,1.556002376058716538e-02,5.715865303962602839e-02,1.717409300695979524e-01,7.466150073687113919e-02,1.035379642299288916e-01,6.721441925716356569e-02,1.656290304621093473e-02,5.290183285253158285e-02
1.957582983361569676e-02,4.370029745486511685e-02,3.468251026325047670e-02,1.654143907970544516e-02,6.140965771963674547e-02,8.693311695753271062e-02,9.172032488942011286e-02,2.374469076368104087e-02,1.113153312319103694e-01,6.494284732812033445e-02,7.140468321984813627e-02,4.310158209393504664e-02,1.460665721717540888e-01,3.090290425324341422e-02,5.411709533624171203e-02,4.556551293283911397e-02,2.170791629873099204e-02,5.775892332536257390e-02,4.648485878811128846e-02,0.000000000000000000e+00,4.651535692721530529e-02,1.731036129373870747e-01,1.560025413744171585e-01,4.558861638583264209e-02,1.387372968776082738e-01,2.705111793384322172e-01,1.524305338077811822e-01,2.202349966657170255e-01,1.481195088374518964e-01,2.802080756592550265e-02,1.013540244844661625e-01,4.918075291973292990e-02,3.383187184325189834e-02,3.459584496886133204e-02,1.936398163154086360e-02,3.239952977202563422e-02,1.440845690906759902e-02,1.619843874067527015e-02,4.960947215318848441e-02,3.119363233960681728e-02,3.143308960292927334e-02,2.277504941177523751e-02,3.340625418597255314e-02,8.807056537310224698e-03,1.224883920372387032e-02,2.685590501863500262e-02,5.416772214188487339e-02,5.529548245809999540e-02,1.789425293658564869e-02,7.209392050813089037e-02,9.526875146316643450e-02,1.043748751956862092e-01,2.179626332500295138e-02,1.210345565377622112e-01,7.639561287752878738e-02,9.240627254654212863e-02,5.845073111994421311e-02,1.591516555816952783e-01,4.744360345039628363e-02,5.686954052642025775e-02,4.363738713788808260e-02,2.021780276602789736e-02,5.568007783279076833e-02,5.246536818563914129e-02,8.454655623869934689e-02,5.533926791786877852e-02,1.778940523602062507e-01,1.693067121103531691e-01,3.050926312010635022e-02,1.156218797033481960e-01,3.474137402867065738e-01,1.513292475879474130e-01,2.072164185341722198e-01,1.361719105442386057e-01,3.333554896213605095e-02,1.066930667557030032e-01
1.051742454897293573e-02,2.192177493411605338e-02,1.690338939457035686e-02,8.173786237689639397e-03,3.116048943430609758e-02,4.332044584534727738e-02,4.625122123047033934e-02,1.180095588603732697e-02,5.439386881043611205e-02,3.250777015869142639e-02,3.571505002433529585e-02,2.290778304874747928e-02,7.357584148913104416e-02,1.569975501535262122e-02,2.703351685069262447e-02,2.183615075888459267e-02,1.091884474582606457e-02,2.834246867856479724e-02,2.301000954128226347e-02,4.651535692721530529e-02,0.000000000000000000e+00,8.549336255170669752e-02,7.762186210856332480e-02,2.405619999480958920e-02,6.933828244039286215e-02,1.361828019305361404e-01,7.495918255872496827e-02,1.098859291719181119e-01,7.370505120200246396e-02,1.422074725301201298e-02,5.030191773755698925e-02,2.517303830448076180e-02,1.717635023532317062e-02,1.793861213027149459e-02,1.015807648107300287e-02,1.643881231351636968e-02,7.285763288699738383e-03,8.319542780725313474e-03,2.554421257672950113e-02,1.577472132122032661e-02,1.612159741892415371e-02,1.179957058172942386e-02,1.692704755699585631e-02,4.598670927733918348e-03,6.032463555271701944e-03,1.394768837505350884e-02,2.649821458216686243e-02,2.735570890215127324e-02,9.358025743742330593e-03,3.634932839376443792e-02,4.786852348403575208e-02,5.293503430706197194e-02,1.095088549481755026e-02,5.951622120404562177e-02,3.841580134432780874e-02,4.638463267167259457e-02,3.086551394985096591e-02,7.904707732135572706e-02,2.394569577656401049e-02,2.842965157551732500e-02,2.143718093080543632e-02,1.025319151347482693e-02,2.736633682883345131e-02,2.595817094536202740e-02,4.163122304038620325e-02,2.804501231900490693e-02,8.653921568574811374e-02,8.464320273309836051e-02,1.586017859979423419e-02,5.726351394190720701e-02,1.743319192007871943e-01,7.397153161712981262e-02,1.030424770023169873e-01,6.704223552414606546e-02,1.624151037253927787e-02,5.326997228009618113e-02
