0.000000000000000000e+00,1.421337325590151489e-02,9.818369982635157672e-03,5.257801231145812874e-03,1.762284878789088446e-02,2.697341290849929185e-02,2.564838314257001858e-02,7.125385898078928637e-03,3.427529300440435023e-02,1.892919680539649832e-02,2.539994350760230515e-02,1.514547618699003777e-02,3.900456109656821185e-02,9.557821337377087403e-03,1.145870486968646185e-02,7.956039543030072117e-03,5.944295158251385568e-03,1.312619364930803917e-02,1.599574686158433678e-02,2.309980949384037724e-02,1.334339695018360757e-02,4.316437760493370412e-02,4.304373646618674804e-02,1.191914612276713005e-02,2.905870107989286244e-02,6.888561503118270646e-02,3.863379437263115418e-02,5.078515576510109902e-02,3.488798275820870209e-02,8.264019856993772006e-03,2.218904614195890343e-02,1.361286565461888518e-02,7.881900542237597548e-03,1.196838788309224563e-02,8.387012613674912215e-03,1.166951427059259236e-02,5.308406600372634308e-03,3.890780064429949590e-03,1.337871929955063328e-02,8.244919257353260089e-03,9.869089887003135164e-03,7.018685701249219484e-03,1.001472773269317454e-02,3.807078946775439062e-03,2.819062052426500858e-03,6.218961358819503037e-03,1.480435545587792043e-02,1.288278644655095097e-02,6.365664517744023913e-03,1.599528296599628252e-02,2.816735198600883033e-02,2.712111388201573700e-02,9.189041356355263229e-03,3.303646076106116214e-02,1.856604772072574516e-02,2.917285083709727014e-02,1.583506096167585850e-02,4.026647172786834011e-02,1.263830680337251280e-02,1.171919843322276680e-02,9.793355943964344307e-03,6.176309587591866275e-03,1.342649597641669933e-02,1.517985377622061566e-02,2.231010548790780118e-02,1.437310962611691723e-02,4.154729470052137552e-02,4.498388394542354035e-02,1.095055507176326270e-02,3.078738902090131374e-02,9.063187087558707833e-02,4.090563446474082543e-02,5.435044718612702663e-02,3.202990181037650846e-02,7.411739512914668725e-03,2.558900326874485875e-02
1.421337325590151489e-02,0.000000000000000000e+00,2.311672878020470251e-02,1.293679960508298081e-02,4.254129735705082516e-02,6.459815663738376068e-02,6.237117937564680414e-02,1.562052438941340625e-02,8.249785751143502710e-02,4.542619801629886600e-02,6.134465310154840062e-02,3.415686684602976808e-02,9.539637380962720514e-02,2.340967858537872787e-02,2.516153072641642841e-02,1.942352702458751551e-02,1.412705746214003820e-02,3.271862456921936085e-02,3.826709544871892410e-02,5.532966519989940962e-02,3.101965754812919737e-02,1.029832346548627681e-01,9.751760204670996413e-02,2.610398972123373698e-02,7.059099176655006525e-02,1.613843485969658764e-01,9.353144232621732335e-02,1.222256730252821444e-01,8.371846800564504421e-02,1.928307120707963354e-02,5.267667878176344326e-02,3.216862443725734128e-02,1.906984880177196862e-02,2.870417230110668128e-02,1.999957431431580168e-02,2.908980132066487159e-02,1.287275090682872547e-02,8.556124352738605707e-03,3.184642552554647899e-02,2.069195756421757931e-02,2.386103447022620491e-02,1.710564430337717726e-02,2.418469847302877687e-02,9.374093290592820649e-03,6.428503365411913743e-03,1.306273890212513236e-02,3.552863978447021176e-02,3.078136226179994939e-02,1.524911686089779929e-02,3.795875571698870132e-02,6.722406303824551843e-02,6.477232726384084260e-02,2.082742542354108078e-02,7.833855485704410704e-02,4.433548933452856333e-02,6.972261402935511776e-02,3.509441970280430256e-02,9.730637834972162559e-02,3.037140790928300263e-02,2.668143866463490443e-02,2.303292650958401258e-02,1.526070693449279106e-02,3.191675321840237861e-02,3.638594868017472339e-02,5.404240901524777485e-02,3.274341749886582054e-02,1.005235206933521447e-01,1.026814321544463893e-01,2.452162255302277327e-02,7.322950587225422747e-02,2.087282930235379308e-01,9.893297630846219215e-02,1.321150845804369700e-01,7.832153429643558262e-02,1.755063374633367840e-02,6.170294176256383573e-02
9.818369982635157672e-03,2.311672878020470251e-02,0.000000000000000000e+00,8.672232062147029047e-03,2.840442891856968452e-02,4.421209484436990078e-02,4.204798158145618692e-02,1.053993540590775040e-02,5.604098597815071470e-02,2.998523168022765306e-02,4.094651087049368254e-02,2.294409178170700794e-02,6.435228969468684279e-02,1.581832105742600816e-02,1.758231068737060865e-02,1.316612500580706044e-02,9.635303745526806532e-03,2.194352620187929592e-02,2.642308295312081889e-02,3.783424770802087944e-02,2.053587755467077905e-02,7.057559940124170927e-02,6.713904459010190673e-02,1.820596312728317914e-02,4.805471412219215060e-02,1.106476159020812616e-01,6.375514731703507687e-02,8.258510558623771702e-02,5.709896677869730208e-02,1.333563547320064727e-02,3.599222447476544545e-02,2.147838473176250443e-02,1.281140201479088851e-02,1.919525557998674400e-02,1.351546254270674999e-02,1.925415134791615482e-02,8.596584993065547325e-03,5.942404193457533935e-03,2.118356303899144796e-02,1.371802401137599790e-02,1.586228239749282523e-02,1.144019280296136587e-02,1.636542950963542492e-02,6.193914170696577549e-03,4.278983282804465701e-03,9.037313779668824237e-03,2.402301023480408332e-02,2.129213211387817259e-02,1.030454695491729404e-02,2.564753567300538314e-02,4.611315492310861380e-02,4.362497547793577068e-02,1.393102877094788868e-02,5.396104795403355858e-02,2.948949214602918090e-02,4.701106563159348356e-02,2.377110922274624366e-02,6.545104854486952228e-02,2.072068425799314384e-02,1.831522698661842974e-02,1.585362219044016141e-02,1.012352548307551316e-02,2.187553966082739221e-02,2.493249988363042957e-02,3.703295844904183620e-02,2.189288134057092508e-02,6.861622153637289556e-02,7.074025741435430170e-02,1.675605228332945756e-02,5.008636326773609204e-02,1.427929028821008361e-01,6.753350297436763738e-02,8.910173895765451102e-02,5.398278583131534136e-02,1.208587198167729304e-02,4.200989778851946244e-02
5.257801231145812874e-03,1.293679960508298081e-02,8.672232062147029047e-03,0.000000000000000000e+00,1.584794231016508140e-02,2.431763388123796624e-02,2.332008303198571456e-02,5.913177117792337879e-03,3.101331895945381653e-02,1.696468974736287105e-02,2.298968794744932556e-02,1.270413674289472446e-02,3.571191019231639840e-02,8.827050614243011836e-03,9.426014749408335655e-03,7.138951007021552761e-03,5.291267792976834042e-03,1.209409156438853196e-02,1.443090060166828635e-02,2.073773610702878134e-02,1.148733101823959379e-02,3.848876958623682204e-02,3.679932043653918322e-02,9.770879183068615498e-03,2.638885840836431920e-02,6.013784191641315113e-02,3.507428080803996068e-02,4.587522091136626845e-02,3.168206433300444630e-02,7.242870647507242479e-03,1.962946835378259411e-02,1.228944179287745977e-02,7.468082578085373860e-03,1.102697557349534285e-02,7.725156295322544581e-03,1.081088008486003407e-02,4.715449517015843361e-03,3.281731446293427099e-03,1.205718607271601128e-02,7.860209422192409451e-03,9.147758979280971176e-03,6.450891810374774493e-03,9.097723779333689864e-03,3.542291774922269511e-03,2.465711701041806408e-03,4.858242656292637018e-03,1.331582862675025070e-02,1.175251654458522171e-02,5.707916638637662229e-03,1.413546494746180555e-02,2.548227196325440064e-02,2.427541240398203501e-02,7.851295648327275001e-03,2.969984095903649771e-02,1.670418351495197434e-02,2.616594821655864392e-02,1.310485184099191569e-02,3.672640291969845455e-02,1.134105130338045053e-02,1.007749700109492920e-02,8.630406493477267918e-03,5.741179921634932334e-03,1.205656091690120515e-02,1.388921616739277956e-02,2.032266710544828117e-02,1.242341547973650935e-02,3.748767763337294140e-02,3.873892577844779972e-02,9.243672184454326465e-03,2.753622639109853595e-02,7.856945673502097049e-02,3.696074622931334874e-02,4.966822037090578429e-02,2.924089105672946984e-02,6.526530968284049300e-03,2.315994213021378700e-02
1.762284878789088446e-02,4.254129735705082516e-02,2.840442891856968452e-02,1.584794231016508140e-02,0.000000000000000000e+00,7.944190105213598529e-02,7.660850678928445012e-02,1.964860711381689537e-02,1.015033655357071296e-01,5.625259983063404107e-02,7.665582617513869157e-02,4.201741365382364451e-02,1.168743505690765794e-01,2.895690390087111987e-02,3.136728290434769029e-02,2.365413673776405740e-02,1.750391866443797712e-02,3.997057735571836468e-02,4.771556969770932022e-02,6.800278467172524155e-02,3.821420015992568753e-02,1.270508526120470161e-01,1.204637132456848475e-01,3.217894954308869043e-02,8.647342425712166436e-02,1.970833548146954106e-01,1.140110412753605612e-01,1.501656547267375963e-01,1.033701802987529866e-01,2.371579709422673085e-02,6.530149304745504202e-02,4.055293056503322252e-02,2.432549662722408371e-02,3.634142660142035408e-02,2.504234600927610771e-02,3.610116239254589771e-02,1.592626840905420060e-02,1.095620918002385667e-02,3.989239748905749200e-02,2.603361493058228837e-02,3.027495800717211819e-02,2.115679396155382280e-02,2.956653552136143115e-02,1.150053182874197395e-02,8.257963828491449165e-03,1.589225389772056310e-02,4.304473018064793738e-02,3.786125761845147292e-02,1.894574354219902626e-02,4.704005629956162227e-02,8.213499475515101400e-02,8.034152313406406343e-02,2.588062937725417803e-02,9.694995535344728965e-02,5.516777245926655915e-02,8.687652672463890002e-02,4.356693759046999931e-02,1.205904262354836054e-01,3.692175068346317812e-02,3.247374800251972421e-02,2.792757485489720873e-02,1.881590803408163953e-02,3.913324150649209743e-02,4.534968167859310118e-02,6.618268778057054269e-02,4.040959124198463537e-02,1.229949745081757445e-01,1.260468561163249901e-01,3.055449345864665739e-02,8.972602638919331686e-02,2.570718123469513672e-01,1.206715919094842604e-01,1.626870249033290361e-01,9.551723490958990981e-02,2.190523749388071165e-02,7.606263301517499076e-02
2.697341290849929185e-02,6.459815663738376068e-02,4.421209484436990078e-02,2.431763388123796624e-02,7.944190105213598529e-02,0.000000000000000000e+00,1.180382244700860228e-01,2.917114733369565588e-02,1.559973338849648394e-01,8.401640480115457610e-02,1.145342139810557464e-01,6.435569775224350697e-02,1.798808736199834779e-01,4.419642352841565008e-02,4.831347138881499775e-02,3.648544615287206694e-02,2.645687710452526362e-02,6.130431261649965657e-02,7.279615279657236648e-02,1.055549090274056911e-01,5.811917450882905095e-02,1.954943761204391006e-01,1.860590267089241023e-01,5.053051465455261210e-02,1.340516855389318196e-01,3.076254618973673916e-01,1.774988920504747825e-01,2.312764320381417715e-01,1.593062087304773777e-01,3.636779192292548951e-02,9.986543402687290960e-02,6.039832204038052266e-02,3.684345278797829248e-02,5.525503031502969342e-02,3.871321564063435333e-02,5.434899881295541385e-02,2.417397565537886261e-02,1.661093035610006208e-02,5.947593713073631716e-02,3.956970951396968778e-02,4.596972664871798453e-02,3.259925998651805323e-02,4.556246090018278155e-02,1.765383867790007097e-02,1.209537536861638764e-02,2.554724121094997455e-02,6.727454441270352969e-02,5.968878062387324157e-02,2.886208532296092102e-02,7.125375264945629783e-02,1.279049319589079525e-01,1.223414451334871311e-01,3.912252310890566159e-02,1.506578403339698391e-01,8.237149165468692080e-02,1.307101390094760340e-01,6.627700327611471542e-02,1.843203369303052785e-01,5.683143737574183202e-02,5.131848054142776339e-02,4.371918349117621949e-02,2.864443356283951497e-02,6.052301179805347903e-02,6.924504667352909815e-02,1.029137283590168261e-01,6.203566277135597745e-02,1.902375762421557037e-01,1.965446239517155969e-01,4.712333007989615019e-02,1.391839962254975693e-01,3.977707622453512393e-01,1.867234569697587832e-01,2.492147648493915901e-01,1.497716380912679779e-01,3.292227233303746115e-02,1.174316439586171323e-01
2.564838314257001858e-02,6.237117937564680414e-02,4.204798158145618692e-02,2.332008303198571456e-02,7.660850678928445012e-02,1.180382244700860228e-01,0.000000000000000000e+00,2.865287296274795364e-02,1.502551741559587650e-01,8.219616740337094829e-02,1.120128337527171031e-01,6.160224191439142571e-02,1.720401967929316711e-01,4.250047189757963362e-02,4.598249275535352260e-02,3.509376363106581770e-02,2.563594127822697508e-02,5.916804662912278356e-02,7.014152408445514797e-02,1.010010153930736981e-01,5.606896923121373888e-02,1.879666163341610352e-01,1.777462779842627905e-01,4.730628021324485843e-02,1.282490437441126119e-01,2.920137868500449208e-01,1.688946970894520672e-01,2.218994755091020510e-01,1.521834930972638666e-01,3.482808558537067029e-02,9.544032112828707004e-02,5.939427742699480983e-02,3.560457278340899145e-02,5.340198450136125763e-02,3.709459909544422090e-02,5.295227874834686210e-02,2.339144836310070794e-02,1.621015365750470144e-02,5.871184365765518692e-02,3.852699991053450818e-02,4.465159121634083850e-02,3.150753538499971584e-02,4.369542752064187879e-02,1.708474024947085126e-02,1.205236215730910027e-02,2.340756158044199342e-02,6.414310962766292534e-02,5.595854864314026705e-02,2.762767871793058924e-02,6.852218369047990976e-02,1.221638732498650376e-01,1.178748177705544603e-01,3.789857369429266293e-02,1.436983886120733189e-01,8.073558125233076810e-02,1.269498222079187277e-01,6.334397226545539217e-02,1.774073793205510896e-01,5.444828860031231121e-02,4.783424640407717143e-02,4.164447754281894870e-02,2.759140730466629748e-02,5.805022051626698709e-02,6.644299728477792710e-02,9.802000004148266055e-02,5.900954136900625480e-02,1.820034479808046446e-01,1.867683379089983275e-01,4.479503693267589820e-02,1.324550411650652626e-01,3.792244489574179145e-01,1.783615376612810166e-01,2.404805566453140919e-01,1.421857451368884750e-01,3.180567967352426750e-02,1.119330899954666531e-01
7.125385898078928637e-03,1.562052438941340625e-02,1.053993540590775040e-02,5.913177117792337879e-03,1.964860711381689537e-02,2.917114733369565588e-02,2.865287296274795364e-02,0.000000000000000000e+00,3.685296100448418044e-02,2.070586847372911377e-02,2.746160329857829860e-02,1.649088668689722287e-02,4.321550668243061277e-02,1.082312368153976086e-02,1.191639723756888862e-02,8.800141839648426348e-03,6.534986179384341155e-03,1.467497196109370829e-02,1.723037725466750741e-02,2.517653115588329091e-02,1.437043915137472053e-02,4.667531927825814553e-02,4.519667818091396144e-02,1.278812080455358872e-02,3.215690557092132362e-02,7.499569832774848066e-02,4.189568585230772635e-02,5.611426473450266406e-02,3.813239311933303011e-02,8.947276711176337105e-03,2.456299818854972006e-02,1.444288345147417933e-02,8.781144636909241769e-03,1.336960720596577605e-02,9.168656617408493109e-03,1.332095323366146861e-02,5.958707595679341509e-03,4.000190582772822009e-03,1.430216803582855939e-02,9.218659413036711311e-03,1.093768696713122608e-02,7.766008127986346807e-03,1.102298801193776594e-02,4.287523343187683682e-03,2.942533417218639626e-03,6.553728711145852259e-03,1.594881544832892073e-02,1.418779883880904105e-02,7.085852352688684803e-03,1.764700551958564567e-02,3.066610747891113445e-02,3.010306659081979710e-02,9.491526114070825831e-03,3.550225195396808364e-02,2.031731415606389743e-02,3.188554262928844363e-02,1.717491025181607650e-02,4.442335514394357004e-02,1.387383249479320381e-02,1.256166379064967316e-02,1.061335291023851601e-02,6.961460204843581377e-03,1.464182981276403867e-02,1.666641762947383698e-02,2.447055735174957433e-02,1.543329388375457890e-02,4.540087794251666115e-02,4.768849496140528665e-02,1.151564282803426396e-02,3.355491789368605926e-02,9.741662116693977636e-02,4.450908413607868042e-02,6.009192541259146536e-02,3.561202790759549625e-02,7.964420173104122883e-03,2.833075978006112730e-02
3.427529300440435023e-02,8.249785751143502710e-02,5.604098597815071470e-02,3.101331895945381653e-02,1.015033655357071296e-01,1.559973338849648394e-01,1.502551741559587650e-01,3.685296100448418044e-02,0.000000000000000000e+00,1.080528596666430335e-01,1.461121866701829697e-01,8.149381189221087396e-02,2.285988605399666418e-01,5.662199117879000709e-02,6.093308474071679193e-02,4.658201204993010769e-02,3.391637890530312810e-02,7.831855264449512355e-02,9.241763327963942176e-02,1.343477470194112677e-01,7.377172798823831978e-02,2.494216694944889345e-01,2.350079456549898360e-01,6.325717900731687993e-02,1.710864228533916509e-01,3.905983790752893259e-01,2.262720832595520315e-01,2.946163731990713575e-01,2.029206506307984215e-01,4.643431765934016853e-02,1.269289800234635057e-01,7.675370715870484528e-02,4.619587443714719827e-02,6.951409042374966096e-02,4.840521095524521339e-02,6.966766380482192211e-02,3.083651767126716764e-02,2.101745790381757614e-02,7.541138543776718106e-02,4.962409634240708134e-02,5.774985249369997409e-02,4.095009592087689443e-02,5.811560191630763678e-02,2.238978015357111565e-02,1.554442838277065621e-02,3.190806471768287134e-02,8.552615526963985859e-02,7.538167058838571299e-02,3.646114067607946624e-02,9.095366196487106314e-02,1.620044500689844513e-01,1.560137033250695027e-01,4.956476857930164348e-02,1.909647996262769098e-01,1.059108302074944913e-01,1.668436445715327510e-01,8.482536353172850929e-02,2.336823318877429279e-01,7.260382048038842295e-02,6.409684715456955006e-02,5.574155238991537753e-02,3.681045066890716033e-02,7.695009039087048752e-02,8.835789096768094375e-02,1.315398758522170475e-01,7.846699421246673689e-02,2.432428504894700860e-01,2.495820782524555415e-01,5.966618254333627691e-02,1.764206362252797311e-01,5.040192875583189291e-01,2.385732252086480709e-01,3.180973429586055334e-01,1.903416012486806030e-01,4.247332817454187170e-02,1.485629879485234894e-01
1.892919680539649832e-02,4.542619801629886600e-02,2.998523168022765306e-02,1.696468974736287105e-02,5.625259983063404107e-02,8.401640480115457610e-02,8.219616740337094829e-02,2.070586847372911377e-02,1.080528596666430335e-01,0.000000000000000000e+00,8.074717100316783358e-02,4.501810223185780113e-02,1.247166752253590222e-01,3.114710214632674529e-02,3.292566969664335180e-02,2.522952882598190547e-02,1.831074504049076679e-02,4.249066811892408119e-02,5.018643610574112512e-02,7.254460039351223744e-02,4.103154701430890283e-02,1.352736226026381439e-01,1.280957962251595139e-01,3.422748449277777244e-02,9.237345967809611202e-02,2.112324149109823801e-01,1.214834351671835594e-01,1.602847612234055696e-01,1.093637040260549698e-01,2.512888033095915866e-02,6.869907524775559216e-02,4.232650417418339084e-02,2.557951494197822223e-02,3.813876426744236547e-02,2.642623999978511301e-02,3.894613288504376186e-02,1.705616153642559168e-02,1.136545281174492460e-02,4.179935698909856279e-02,2.747146450048458879e-02,3.178335800150249024e-02,2.230157343365928024e-02,3.186659701256566724e-02,1.227175860723734788e-02,8.513812814789863126e-03,1.717397204817538992e-02,4.626284463781953071e-02,3.991523696154022915e-02,1.994636393800341967e-02,4.991593084506786709e-02,8.770408220414688261e-02,8.525221065676052978e-02,2.718212758572342500e-02,1.024944130429072259e-01,5.857238141955574406e-02,9.143226231462625586e-02,4.605629677275225459e-02,1.277900110161411251e-01,3.954560301471716360e-02,3.472936028543611997e-02,3.002447064664484633e-02,1.995364305090950238e-02,4.208184066976179694e-02,4.792797518188658679e-02,7.040335223893713634e-02,4.310676907975651700e-02,1.310552848453615804e-01,1.342165054553317027e-01,3.231271374149786296e-02,9.607122306294293979e-02,2.734029189750478150e-01,1.280523073882236518e-01,1.734572859736399908e-01,1.021958091655139900e-01,2.301301472414171365e-02,8.081474332989697917e-02
2.539994350760230515e-02,6.134465310154840062e-02,4.094651087049368254e-02,2.298968794744932556e-02,7.665582617513869157e-02,1.145342139810557464e-01,1.120128337527171031e-01,2.746160329857829860e-02,1.461121866701829697e-01,8.074717100316783358e-02,0.000000000000000000e+00,6.072056992599544206e-02,1.700345987494704114e-01,4.230202110076657779e-02,4.443215630166626878e-02,3.435375789957276910e-02,2.540737808951164592e-02,5.810658395568619322e-02,6.763895759518019635e-02,9.857227048683932236e-02,5.505631034128322110e-02,1.828532718644554911e-01,1.714702469501650783e-01,4.638697786271090556e-02,1.259898176945574433e-01,2.861548475737412112e-01,1.653634922536377228e-01,2.183059443065805127e-01,1.498738091715433596e-01,3.429459219439502660e-02,9.462522301668442604e-02,5.712394114524132344e-02,3.477415945047251239e-02,5.172545783028491967e-02,3.588644837152284855e-02,5.206622032196552008e-02,2.291884367360366020e-02,1.529869386619693919e-02,5.631944098353660472e-02,3.709346043545572180e-02,4.334221485935483426e-02,3.062348028686476611e-02,4.297700291173903869e-02,1.670014535625896288e-02,1.152082257516215576e-02,2.331550666788689483e-02,6.245408336443270675e-02,5.539940999902471380e-02,2.745627240086839435e-02,6.812089633799907340e-02,1.190560980295235355e-01,1.164730931993385316e-01,3.652069663499559610e-02,1.396931210736365170e-01,7.895306566252230374e-02,1.240220483910842858e-01,6.341495870568344961e-02,1.742807509556023315e-01,5.361495018557611847e-02,4.718945414043896475e-02,4.093060821995694876e-02,2.740434782102967384e-02,5.672508083243685967e-02,6.493567222434892816e-02,9.634887206696578221e-02,5.854243295376024975e-02,1.778914490926197800e-01,1.815588228704073381e-01,4.363441512022261937e-02,1.301744205620812833e-01,3.701430802186571611e-01,1.745496194164342096e-01,2.358869512465200935e-01,1.391339504422926809e-01,3.165189837609697077e-02,1.105614298660697881e-01
1.514547618699003777e-02,3.415686684602976808e-02,2.294409178170700794e-02,1.270413674289472446e-02,4.201741365382364451e-02,6.435569775224350697e-02,6.160224191439142571e-02,1.649088668689722287e-02,8.149381189221087396e-02,4.501810223185780113e-02,6.072056992599544206e-02,0.000000000000000000e+00,9.377144097862606664e-02,2.336728154310242778e-02,2.603425590401113252e-02,1.895716508255589419e-02,1.405170554577750072e-02,3.167503005590090182e-02,3.814033133585686269e-02,5.481889724708043782e-02,3.147649863290907790e-02,1.015968577496070557e-01,1.003602573532692277e-01,2.736385707295547684e-02,6.892893460825380569e-02,1.616612853320755772e-01,9.143477022104698482e-02,1.212688203698099876e-01,8.304609358124349916e-02,1.925258082236665225e-02,5.251450687845680976e-02,3.170322795130811611e-02,1.917439368536458591e-02,2.914334111221078549e-02,1.995302231756424655e-02,2.896569132967904969e-02,1.292611539684450361e-02,8.868507260690576197e-03,3.143668059516172009e-02,2.045026193748535059e-02,2.412176804503861349e-02,1.680937226972360754e-02,2.399143484798169079e-02,9.191340217569144225e-03,6.423420969299697796e-03,1.399173213482123729e-02,3.493758670826928314e-02,3.013376534604013390e-02,1.507818078916654814e-02,3.768912428773630446e-02,6.661220214820277874e-02,6.484933428275325984e-02,2.130773090012225840e-02,7.754547256724517168e-02,4.419328716169469706e-02,6.918438779226698809e-02,3.630772165059454465e-02,9.674746798008000692e-02,3.007881844517406450e-02,2.700830064180086143e-02,2.302569640282611102e-02,1.499625863534471623e-02,3.211860399990312809e-02,3.633935039553210650e-02,5.253187303978733291e-02,3.341293775993162823e-02,9.845995784283743946e-02,1.037565294201215904e-01,2.491438202624437007e-02,7.277466246207553446e-02,2.108950875853070894e-01,9.642879182817315487e-02,1.307924631920395764e-01,7.706556672775324857e-02,1.732361956182495305e-02,6.139822332965191864e-02
3.900456109656821185e-02,9.539637380962720514e-02,6.435228969468684279e-02,3.571191019231639840e-02,1.168743505690765794e-01,1.798808736199834779e-01,1.720401967929316711e-01,4.321550668243061277e-02,2.285988605399666418e-01,1.247166752253590222e-01,1.700345987494704114e-01,9.377144097862606664e-02,0.000000000000000000e+00,6.487629651268987663e-02,7.000493378608142747e-02,5.357479769802742792e-02,3.900938317701546643e-02,9.016125354345841392e-02,1.069561164592840452e-01,1.539688267321212278e-01,8.577390447314901800e-02,2.871824854193446019e-01,2.707102783401549306e-01,7.240107649660230960e-02,1.961821977372567583e-01,4.464224157069152099e-01,2.589042665396120713e-01,3.389440710083644337e-01,2.324037814168864735e-01,5.273747946240414652e-02,1.457171396738639046e-01,9.032279720351713004e-02,5.447481008447074141e-02,8.112266707019764878e-02,5.676964478241502271e-02,8.047828160299190514e-02,3.577334139482368780e-02,2.452205703062424261e-02,8.957236688518072087e-02,5.852350385837654101e-02,6.785389291259252831e-02,4.822761969211602356e-02,6.741163967504197607e-02,2.638889902461888717e-02,1.816210900930171485e-02,3.594005569034392639e-02,9.840994742159192565e-02,8.636428997345577119e-02,4.258760221735802959e-02,1.041219471061079621e-01,1.863619347133867454e-01,1.795697668997492946e-01,5.768971310887111015e-02,2.189913624460684549e-01,1.228186737158832309e-01,1.935389036794953055e-01,9.679624999988731271e-02,2.707102698029335008e-01,8.360540928811568961e-02,7.392747912260783094e-02,6.380949608590294475e-02,4.199484519668975069e-02,8.897863897765320718e-02,1.015190373611427332e-01,1.498574450570925587e-01,9.057465196664854501e-02,2.785346491570415695e-01,2.863929726292244737e-01,6.842880209927888757e-02,2.035238523314965020e-01,5.810417802249453478e-01,2.725504953928792884e-01,3.673718641356484294e-01,2.165829828951975344e-01,4.842350691512234406e-02,1.720637155954647113e-01
9.557821337377087403e-03,2.340967858537872787e-02,1.581832105742600816e-02,8.827050614243011836e-03,2.895690390087111987e-02,4.419642352841565008e-02,4.250047189757963362e-02,1.082312368153976086e-02,5.662199117879000709e-02,3.114710214632674529e-02,4.230202110076657779e-02,2.336728154310242778e-02,6.487629651268987663e-02,0.000000000000000000e+00,1.735330566929063623e-02,1.300092139589378686e-02,9.468464798716986000e-03,2.186642965394666391e-02,2.669715292646126711e-02,3.769768778336945320e-02,2.097636853288711162e-02,7.049623805368017415e-02,6.725503438112909183e-02,1.788641071031001062e-02,4.748469181927883476e-02,1.089370876120226428e-01,6.349544893683674307e-02,8.310334412366934820e-02,5.727485551825524379e-02,1.314073141061501172e-02,3.520920561776112040e-02,2.232730369397652528e-02,1.343491471733658689e-02,1.994959805083874535e-02,1.405487519188283740e-02,1.970103615141861886e-02,8.870837893632944893e-03,6.136564197011672335e-03,2.213704024260302813e-02,1.446285470884934102e-02,1.671724767695778255e-02,1.169266708860520684e-02,1.668099139512023779e-02,6.522518367584098295e-03,4.543123952273301486e-03,8.577571331978159352e-03,2.420584906690895904e-02,2.097324975621682117e-02,1.044850981372775177e-02,2.537672900436135220e-02,4.616533805276510499e-02,4.411777862700815706e-02,1.432458405332219867e-02,5.413785890666210354e-02,3.050798779058270377e-02,4.788060951523202130e-02,2.358318355464929586e-02,6.661492283425432537e-02,2.049939177557360756e-02,1.814471720432529050e-02,1.545277180887464144e-02,1.043235388459469275e-02,2.198892197620519809e-02,2.513768934367089161e-02,3.651740378965675354e-02,2.214876051409663330e-02,6.815104055491082169e-02,6.986064992490303993e-02,1.682718516274232107e-02,4.994893572687023053e-02,1.423506806824676452e-01,6.675278972186877990e-02,9.066311057066193946e-02,5.284690855911833296e-02,1.185206859449013279e-02,4.183086544397615625e-02
1.145870486968646185e-02,2.516153072641642841e-02,1.758231068737060865e-02,9.426014749408335655e-03,3.136728290434769029e-02,4.831347138881499775e-02,4.598249275535352260e-02,1.191639723756888862e-02,6.093308474071679193e-02,3.292566969664335180e-02,4.443215630166626878e-02,2.603425590401113252e-02,7.000493378608142747e-02,1.735330566929063623e-02,0.000000000000000000e+00,1.450279210642534296e-02,1.063930174913191480e-02,2.380889863662601774e-02,2.838964775394620804e-02,4.129097551548790296e-02,2.307522312495546846e-02,7.681947716649024926e-02,7.460663244768853120e-02,2.121929861532523623e-02,5.241228862525155324e-02,1.230893979505430919e-01,7.018698915656484960e-02,9.184824625507839735e-02,6.328971876360599269e-02,1.450302166603753377e-02,4.086598643202892650e-02,2.315394072727275723e-02,1.430003699519695470e-02,2.205905124233465547e-02,1.488186833485787182e-02,2.106892575364558914e-02,9.456422103572186336e-03,6.789112947590937933e-03,2.266990464443180420e-02,1.519309070099295229e-02,1.799440967516770587e-02,1.250693330984454892e-02,1.772630382221057274e-02,6.699514471482374139e-03,4.904091156405906635e-03,1.084343491525805066e-02,2.619459180976434556e-02,2.351514889464861174e-02,1.127843305860655801e-02,2.842294560765706857e-02,4.991599767320600151e-02,4.831137256318621120e-02,1.554377696934115469e-02,5.941923491797596046e-02,3.242242253800620144e-02,5.160103764782808522e-02,2.772855291715155962e-02,7.180719040384868357e-02,2.239856436486959562e-02,2.084319708107979299e-02,1.751886435619199114e-02,1.124557373157480597e-02,2.371985570956035641e-02,2.749554437043337865e-02,4.041486840398830077e-02,2.497592475931816047e-02,7.497135069526782158e-02,7.886831441571598433e-02,1.913949243216096774e-02,5.490655825986425626e-02,1.589041513451932008e-01,7.372027312452002212e-02,9.728386725234933197e-02,5.925843935485083924e-02,1.319832181121032011e-02,4.683449032782933258e-02
7.956039543030072117e-03,1.942352702458751551e-02,1.316612500580706044e-02,7.138951007021552761e-03,2.365413673776405740e-02,3.648544615287206694e-02,3.509376363106581770e-02,8.800141839648426348e-03,4.658201204993010769e-02,2.522952882598190547e-02,3.435375789957276910e-02,1.895716508255589419e-02,5.357479769802742792e-02,1.300092139589378686e-02,1.450279210642534296e-02,0.000000000000000000e+00,7.880340127862560384e-03,1.815241021109745626e-02,2.181154588386705409e-02,3.117214820249454565e-02,1.739217094416819001e-02,5.865115921404181337e-02,5.559836578070229129e-02,1.468674819398831100e-02,3.968628874064450418e-02,9.164761413173176663e-02,5.254043344835453849e-02,6.923543439535477517e-02,4.712656269613248183e-02,1.085268667603905141e-02,2.968213759474513241e-02,1.853375695822159427e-02,1.108928022217393373e-02,1.619742427314651081e-02,1.148691750754740788e-02,1.622355350610378208e-02,7.160153436876209518e-03,4.961860805534691263e-03,1.809147170177924369e-02,1.182931616553601836e-02,1.345736488194660026e-02,9.544134658105855526e-03,1.343054677479986296e-02,5.259788090700405136e-03,3.737940591811201099e-03,7.074851656793688937e-03,2.001966208513814363e-02,1.727903524507654054e-02,8.492226757061918652e-03,2.115387408475445999e-02,3.782770145223095931e-02,3.640417113730797655e-02,1.166204704378623683e-02,4.466177901518150750e-02,2.451853613422576988e-02,3.954712817440463046e-02,1.926642439867495837e-02,5.481732940850188307e-02,1.687128283819657598e-02,1.499197492966874122e-02,1.291451144122317263e-02,8.516485236045766988e-03,1.806188485330601640e-02,2.057312762422218444e-02,3.064820783794487691e-02,1.807023554919318098e-02,5.741248713893906674e-02,5.825534705530286544e-02,1.361671873872689550e-02,4.130447649265043403e-02,1.174776289734920653e-01,5.564334645184882550e-02,7.445849145309231532e-02,4.420410423315463549e-02,1.000799100071646068e-02,3.485701013782731977e-02
5.944295158251385568e-03,1.412705746214003820e-02,9.635303745526806532e-03,5.291267792976834042e-03,1.750391866443797712e-02,2.645687710452526362e-02,2.563594127822697508e-02,6.534986179384341155e-03,3.391637890530312810e-02,1.831074504049076679e-02,2.540737808951164592e-02,1.405170554577750072e-02,3.900938317701546643e-02,9.468464798716986000e-03,1.063930174913191480e-02,7.880340127862560384e-03,0.000000000000000000e+00,1.320514105322536866e-02,1.613450956507592529e-02,2.239378216139575883e-02,1.274539773892577506e-02,4.254065226982511189e-02,4.066401418111623145e-02,1.074857294767852557e-02,2.871620616457315478e-02,6.661203021107399425e-02,3.813683965024157463e-02,5.015861000910962902e-02,3.401946702605294914e-02,7.782126056965691166e-03,2.166115992128416629e-02,1.345115808327624132e-02,7.991531634555702757e-03,1.191773426006117499e-02,8.295136786118357738e-03,1.183665627647398702e-02,5.385639480236486219e-03,3.597504135137243476e-03,1.317972588774571525e-02,8.526551710727116318e-03,9.793986640396051477e-03,6.892744594362589655e-03,9.919830537361588527e-03,3.826181672694768058e-03,2.727675266117709618e-03,5.284644910512148984e-03,1.448551025051248234e-02,1.260696530359366185e-02,6.331448627435432540e-03,1.552786642942423703e-02,2.738243390047175735e-02,2.675377583170737705e-02,8.562099590752650022e-03,3.217689258479172754e-02,1.802548554699382952e-02,2.896990112421570993e-02,1.440574905480682816e-02,4.020078842222934989e-02,1.234004867726758679e-02,1.080496576895897433e-02,9.265050230593478708e-03,6.231324323082477329e-03,1.315495861364756637e-02,1.499556001051504175e-02,2.209766703317376027e-02,1.329130760278505845e-02,4.128595171309940026e-02,4.221081234646924946e-02,1.007641456566321647e-02,3.021741287632418588e-02,8.567096746372243610e-02,4.044357619113087693e-02,5.420663649148871333e-02,3.177250329798982781e-02,7.232522810014485083e-03,2.528238531732564590e-02
1.312619364930803917e-02,3.271862456921936085e-02,2.194352620187929592e-02,1.209409156438853196e-02,3.997057735571836468e-02,6.130431261649965657e-02,5.916804662912278356e-02,1.467497196109370829e-02,7.831855264449512355e-02,4.249066811892408119e-02,5.810658395568619322e-02,3.167503005590090182e-02,9.016125354345841392e-02,2.186642965394666391e-02,2.380889863662601774e-02,1.815241021109745626e-02,1.320514105322536866e-02,0.000000000000000000e+00,3.666529201672743404e-02,5.254765236364650899e-02,2.907503596432443188e-02,9.867022067324789092e-02,9.207715683342536372e-02,2.426708708050796109e-02,6.721157803597969937e-02,1.535075543791694364e-01,8.820359978025550662e-02,1.157674377563897988e-01,7.912259754662666345e-02,1.818694961068138133e-02,4.969478473304228539e-02,3.049880173026785213e-02,1.838831142515406566e-02,2.696256350774711014e-02,1.904385758941119430e-02,2.721453397087935516e-02,1.207949476005710024e-02,8.106562761617197577e-03,3.011451475187176818e-02,1.976632474413736115e-02,2.248964189309867953e-02,1.610745154513294058e-02,2.271328382765830725e-02,8.804482184334473660e-03,6.137891471210904851e-03,1.185182680506179781e-02,3.369648665676941435e-02,2.943909293854230641e-02,1.444484050134488967e-02,3.593507070423623828e-02,6.338685064989499351e-02,6.135482357608638970e-02,1.957176877008051652e-02,7.451108150556162713e-02,4.135099737173023732e-02,6.644277942072966681e-02,3.249554359265884040e-02,9.211474932880152344e-02,2.849529239981227202e-02,2.492449233563015162e-02,2.172818334365305554e-02,1.440879231332850563e-02,3.025057480917915653e-02,3.457180849885514717e-02,5.135901841274571195e-02,3.051536124632903829e-02,9.570116541048689918e-02,9.734818912619376541e-02,2.282188541888865302e-02,6.943624780944487873e-02,1.973392416620791678e-01,9.346933226099081449e-02,1.249307224491662816e-01,7.393450945013806119e-02,1.673053212410935756e-02,5.844642565441025839e-02
1.599574686158433678e-02,3.826709544871892410e-02,2.642308295312081889e-02,1.443090060166828635e-02,4.771556969770932022e-02,7.279615279657236648e-02,7.014152408445514797e-02,1.723037725466750741e-02,9.241763327963942176e-02,5.018643610574112512e-02,6.763895759518019635e-02,3.814033133585686269e-02,1.069561164592840452e-01,2.669715292646126711e-02,2.838964775394620804e-02,2.181154588386705409e-02,1.613450956507592529e-02,3.666529201672743404e-02,0.000000000000000000e+00,6.268234090960345117e-02,3.402687239798524166e-02,1.156883613415709972e-01,1.093990002863250155e-01,2.985008627020662580e-02,7.982994717595534584e-02,1.817018853056943661e-01,1.054112668400236374e-01,1.375961913719725982e-01,9.482726594242228690e-02,2.204763533020234062e-02,6.011781289412516244e-02,3.521222271882207266e-02,2.148483972644995438e-02,3.196909609864928559e-02,2.229893250881878966e-02,3.244694669683201999e-02,1.439440778121585385e-02,9.763165732330183338e-03,3.449131220801447684e-02,2.276691420677908959e-02,2.665785844990043243e-02,1.892383408333379868e-02,2.715069496316958875e-02,1.035933395969778487e-02,7.161577424954454138e-03,1.489587837229480391e-02,3.962839078303800888e-02,3.555833478811149667e-02,1.714570570149347162e-02,4.275072189024226726e-02,7.547971119135521434e-02,7.293777569503802349e-02,2.283796822432162740e-02,8.884578716239785456e-02,4.927981646356847240e-02,7.767579203166449786e-02,3.996349536545185793e-02,1.088442140368362787e-01,3.428207123255250233e-02,3.020319675632724549e-02,2.628790091345909255e-02,1.711710285499096207e-02,3.597219609931169571e-02,4.123462956745553576e-02,6.130252377695693394e-02,3.659345758528961129e-02,1.131094541501840300e-01,1.162527358819994555e-01,2.762259001909550885e-02,8.257926519164500434e-02,2.339736604640083317e-01,1.117346662127940288e-01,1.479632231114454410e-01,8.916976454100875027e-02,2.016458400239570445e-02,6.991958553603011550e-02
2.309980949384037724e-02,5.532966519989940962e-02,3.783424770802087944e-02,2.073773610702878134e-02,6.800278467172524155e-02,1.055549090274056911e-01,1.010010153930736981e-01,2.517653115588329091e-02,1.343477470194112677e-01,7.254460039351223744e-02,9.857227048683932236e-02,5.481889724708043782e-02,1.539688267321212278e-01,3.769768778336945320e-02,4.129097551548790296e-02,3.117214820249454565e-02,2.239378216139575883e-02,5.254765236364650899e-02,6.268234090960345117e-02,0.000000000000000000e+00,4.973125774985315273e-02,1.674829362027791813e-01,1.600288812210718115e-01,4.282948701396212254e-02,1.144971832517236998e-01,2.623241899998281501e-01,1.514491641856849091e-01,1.984084387216857037e-01,1.360846417306997846e-01,3.101839316478791769e-02,8.538052461956692485e-02,5.198489285472641247e-02,3.130944174483221709e-02,4.722608599593466905e-02,3.286716773127024149e-02,4.669595926846045741e-02,2.074666145281029925e-02,1.418111852285114730e-02,5.089388772202749905e-02,3.388153813246114893e-02,3.912543656019800559e-02,2.743848629291479463e-02,3.882677899842938013e-02,1.503260030069564906e-02,1.045223331977670513e-02,2.098594707411600285e-02,5.772376055310698278e-02,5.022811615491314108e-02,2.453596805389817240e-02,6.093870258838877951e-02,1.097864124471087111e-01,1.044097132181132787e-01,3.343757942710040565e-02,1.291971349599271568e-01,7.067429601895058866e-02,1.128452371734659371e-01,5.600376797472002288e-02,1.576415259409813252e-01,4.843284940555332013e-02,4.308506119096632697e-02,3.718115072335859833e-02,2.438350844776343215e-02,5.194492757592746729e-02,5.961167739979193053e-02,8.804573501633565502e-02,5.238859579614392470e-02,1.641808066809683497e-01,1.684166167416207283e-01,4.009760175561404016e-02,1.186663265390552335e-01,3.384041947765332736e-01,1.598028694271798889e-01,2.144674311957451285e-01,1.290741839138524194e-01,2.861443331473383436e-02,1.003693391280048447e-01
1.334339695018360757e-02,3.101965754812919737e-02,2.053587755467077905e-02,1.148733101823959379e-02,3.821420015992568753e-02,5.811917450882905095e-02,5.606896923121373888e-02,1.437043915137472053e-02,7.377172798823831978e-02,4.103154701430890283e-02,5.505631034128322110e-02,3.147649863290907790e-02,8.577390447314901800e-02,2.097636853288711162e-02,2.307522312495546846e-02,1.739217094416819001e-02,1.274539773892577506e-02,2.907503596432443188e-02,3.402687239798524166e-02,4.973125774985315273e-02,0.000000000000000000e+00,9.261962111323485125e-02,8.881217945783032031e-02,2.447043136139739547e-02,6.346576662348653308e-02,1.466082363873498218e-01,8.358739054898904619e-02,1.099798490254701028e-01,7.525690707923488043e-02,1.706332777352876848e-02,4.747877025159844694e-02,2.926392939641929425e-02,1.777808503786242750e-02,2.628508226126019531e-02,1.833366759700336829e-02,2.591942094173582678e-02,1.162931847496389767e-02,7.980544875490559395e-03,2.884692094305033039e-02,1.873353094171165134e-02,2.188748244448010874e-02,1.554102085005237485e-02,2.148886246827357363e-02,8.504785186477601538e-03,5.969662121519008977e-03,1.238780435004330216e-02,3.166117727371448032e-02,2.754551256164232409e-02,1.386340660908249450e-02,3.394430572967364196e-02,6.035946834651232523e-02,5.848844654573001622e-02,1.906205208257655964e-02,7.047998478759311125e-02,4.004556161109273926e-02,6.241224577557164671e-02,3.278346147577329561e-02,8.752991912830856980e-02,2.678043900223950682e-02,2.449218531821201889e-02,2.087057051898769111e-02,1.369007031076425150e-02,2.887718370150085812e-02,3.274430986536121246e-02,4.876038026667427888e-02,3.017881843057091534e-02,9.003899799060889608e-02,9.358342468832622774e-02,2.287981839269433854e-02,6.603670687900881076e-02,1.910241275921490123e-01,8.815529568602309407e-02,1.188404278361763627e-01,7.019872431192350493e-02,1.565292863240797319e-02,5.590664011506959324e-02
