0.000000000000000000e+00,1.343711828731048406e-02,7.538242250126358547e-03,4.432159340074512573e-03,2.028120143702646233e-02,2.245432111627567243e-02,2.292335742961942174e-02,4.967431729510062184e-03,3.425198423944328385e-02,1.574370652507020574e-02,2.285228735061224994e-02,1.403136724244546940e-02,3.767370335952344163e-02,9.982532823660583005e-03,1.235159350081256775e-02,1.075510089769246558e-02,6.305886678572988728e-03,1.279472690704491940e-02,1.092119571965040510e-02,2.302519797061870765e-02,1.277161265247136676e-02,4.749694886123060483e-02,3.696508685696490298e-02,1.304755788244030441e-02,3.063174938914597217e-02,6.991349463566219613e-02,3.575781378185609316e-02,5.417398027145647887e-02,3.753247322178479561e-02,9.738935189088167646e-03,2.869784448072316627e-02,1.166265828849958296e-02,7.146213804617012125e-03,1.105138018359041845e-02,6.837083348934500093e-03,1.194565760698077135e-02,3.768403152240588222e-03,3.461720606635744837e-03,1.438425727448820919e-02,8.151489463325087975e-03,9.894620470962090311e-03,7.482296755747262773e-03,9.275140439424301927e-03,2.984660129448968996e-03,2.886254160875434058e-03,8.792947899593549568e-03,1.257035748217703516e-02,1.261017806622295387e-02,6.249259312522088133e-03,1.760612030029594377e-02,2.608097667457011035e-02,2.486490341736855708e-02,1.078467971084111528e-02,3.473382624747109459e-02,1.887178140330309992e-02,2.836244999941557252e-02,2.090093077542594033e-02,3.553570589429737303e-02,1.351121590732230239e-02,1.769969355371268580e-02,1.389694261839315159e-02,6.883247073050225914e-03,1.412399738232396514e-02,1.393855388702914394e-02,2.368552618071762331e-02,1.840052307813098975e-02,4.197205038898937229e-02,4.375513218453216946e-02,1.269020203626848586e-02,2.760502838596115560e-02,9.387265046338319485e-02,3.760015573018431895e-02,5.398056072245043663e-02,3.828041395652629492e-02,9.677844031642306513e-03,2.983465771440192010e-02
1.343711828731048406e-02,0.000000000000000000e+00,1.556366344339173841e-02,9.481951931838386582e-03,4.249440081973114569e-02,4.740776906464444496e-02,4.820012872245597185e-02,1.004922395473067595e-02,7.332709344719262612e-02,3.325896356497994727e-02,4.761822241604945355e-02,2.897569369645260767e-02,7.878367397951573092e-02,2.123786739807309240e-02,2.502797817370537581e-02,2.381941711441583689e-02,1.333380104701180000e-02,2.753199250913497889e-02,2.298174444972576891e-02,4.957465855457710013e-02,2.569510789055679673e-02,1.017465251769942014e-01,7.661623291478185382e-02,2.630355915470711931e-02,6.489710405798858328e-02,1.453215274742825081e-01,7.645599595584288977e-02,1.150894050867305590e-01,7.954323589279514717e-02,2.109476558545851296e-02,6.110943537631390032e-02,2.370424966168343042e-02,1.440828111813571497e-02,2.351191511972601511e-02,1.388424069376406091e-02,2.607001569086213680e-02,7.999123404209634858e-03,6.998845494698533072e-03,2.947482172032961020e-02,1.649061747208823217e-02,2.082222124512391262e-02,1.527116077213908768e-02,2.046561202879031149e-02,6.450548086557984263e-03,6.059622785698626571e-03,1.725775610236941066e-02,2.687506733780935936e-02,2.633471630240027256e-02,1.293210530445182763e-02,3.649906765234836592e-02,5.460418019528716360e-02,5.177078780854184326e-02,2.177720705853830596e-02,7.327030153860014661e-02,4.012692609795942555e-02,5.892795703448763800e-02,4.270769396170245868e-02,7.399093929074054832e-02,2.920700075426031772e-02,3.660815249504933283e-02,3.033765640344520884e-02,1.490920659722814838e-02,2.976202237534244024e-02,2.981570261570542363e-02,5.089494623612227792e-02,3.684910008699893158e-02,8.989668010858332947e-02,8.961384221708947051e-02,2.508207954943723547e-02,5.805010265479962350e-02,1.954957150909693853e-01,7.964302825109996486e-02,1.134449355440866891e-01,8.125957326174336470e-02,2.087538607047340067e-02,6.363155583426521877e-02
7.538242250126358547e-03,1.556366344339173841e-02,0.000000000000000000e+00,5.123931219742060457e-03,2.318622478237998899e-02,2.620142575647727706e-02,2.653440909479292883e-02,5.619761331581737789e-03,4.020080107340450598e-02,1.774279681991159860e-02,2.601021986428826357e-02,1.582407169192807939e-02,4.273728080495226705e-02,1.149994503604104094e-02,1.431714538623719488e-02,1.279164873573984673e-02,7.131269828130709816e-03,1.486238572441256345e-02,1.313653873410028892e-02,2.728193583773077732e-02,1.402949406849073044e-02,5.643977297784041197e-02,4.321703030650518584e-02,1.452053288161815441e-02,3.536964195196555527e-02,8.086970935627908752e-02,4.171101515472858123e-02,6.243678969474755758e-02,4.395815563247082447e-02,1.133762806162345697e-02,3.358851190304446011e-02,1.311253851758024773e-02,7.991966203930025298e-03,1.311244808431311429e-02,7.694749527220936039e-03,1.387300261128298490e-02,4.321389784785753876e-03,4.096210227929463800e-03,1.610690573836127265e-02,9.275868989878399348e-03,1.149293228276473434e-02,8.184633243349309639e-03,1.085689512301805763e-02,3.384115142692550524e-03,3.414730400865822676e-03,9.448060494991703320e-03,1.474099789562678155e-02,1.467811863699085978e-02,7.004142863062856952e-03,1.987249326717601891e-02,3.007300914730096780e-02,2.821497697610985192e-02,1.207508846955718598e-02,4.071586651835177456e-02,2.135321411992869081e-02,3.292337162785814036e-02,2.323984568211275720e-02,4.037414065916072187e-02,1.573096141226852651e-02,1.991945428200950913e-02,1.624423817572706250e-02,7.864738658025617959e-03,1.623937178003804702e-02,1.684505781318445389e-02,2.808398521503283410e-02,2.000247062953965788e-02,4.988229563188292803e-02,5.027514402168044988e-02,1.391852774875165788e-02,3.191661432165227019e-02,1.080642103807709919e-01,4.381018191545402174e-02,6.195528384550272327e-02,4.471479166958739621e-02,1.141446576017690270e-02,3.467730422760411518e-02
4.432159340074512573e-03,9.481951931838386582e-03,5.123931219742060457e-03,0.000000000000000000e+00,1.430146997443957485e-02,1.598304439762117737e-02,1.598562886390568483e-02,3.389730183165267762e-03,2.455588475203733523e-02,1.094344116292095617e-02,1.596822415785621035e-02,9.902372435621463811e-03,2.622113357751943222e-02,7.122174482039210844e-03,8.375051227718706415e-03,7.774469321721045635e-03,4.560594852690129722e-03,9.027075748160489146e-03,7.695733794520312997e-03,1.648587297934151624e-02,8.563096502371326038e-03,3.408102391660924185e-02,2.546160586406782597e-02,8.797874706864682037e-03,2.158148467045746186e-02,4.854052968800280643e-02,2.503375159077188966e-02,3.842612454476061756e-02,2.662761117224603583e-02,6.762211518088132034e-03,2.035813037300738051e-02,8.189396920306539138e-03,4.996635061569297542e-03,8.192000350288808005e-03,4.802773967291472379e-03,8.626628195854246783e-03,2.483916237997558368e-03,2.423445109971581520e-03,1.024468428905669394e-02,5.736838161365154058e-03,7.193165346864959127e-03,5.163139463286694347e-03,6.757206899754636224e-03,2.213393593030658565e-03,2.084984516297086043e-03,5.514510945817144467e-03,8.887601388384286719e-03,8.716283320571310833e-03,4.420361545976254046e-03,1.243388326163750827e-02,1.837341134139933510e-02,1.740787268128860324e-02,7.416664623858757084e-03,2.472376137588389033e-02,1.353035130290454642e-02,2.011246052934939285e-02,1.462600497825111527e-02,2.469953241596504340e-02,9.772342237474846913e-03,1.209338624521327961e-02,9.982414246911840150e-03,5.109051312860507336e-03,9.947891283038551302e-03,1.025981135636138547e-02,1.687109692701081395e-02,1.239657171479863901e-02,2.976300601809435745e-02,2.986213162450652298e-02,8.261663952847150827e-03,1.906866408185055317e-02,6.586398680507178638e-02,2.636713184243597713e-02,3.784277351462445038e-02,2.732138973940156229e-02,6.947888199839312787e-03,2.116895003464362365e-02
2.028120143702646233e-02,4.249440081973114569e-02,2.318622478237998899e-02,1.430146997443957485e-02,0.000000000000000000e+00,7.065950943039467358e-02,7.238965773358017886e-02,1.495586222317384431e-02,1.081368958156174731e-01,4.981759107219245475e-02,7.117318034340242017e-02,4.411636566557994299e-02,1.180193078905452109e-01,3.193141423692107822e-02,3.678333528540839864e-02,3.452005282305368322e-02,2.043463094439507827e-02,4.078603607311042517e-02,3.459726614729083383e-02,7.308860343552077421e-02,3.855087171939338558e-02,1.500423122294587963e-01,1.125069604208962654e-01,3.929794185252714900e-02,9.680318145781109662e-02,2.159633835544141345e-01,1.120332228435785143e-01,1.714405902920874136e-01,1.183561905090843164e-01,3.092218812654587076e-02,9.068683084063418331e-02,3.578117582174672462e-02,2.187221144315487295e-02,3.565468216062657458e-02,2.100298870701660520e-02,3.927965505236422766e-02,1.195061735051630020e-02,1.069421048240193697e-02,4.423319131920357139e-02,2.526190598081171079e-02,3.155026954288001062e-02,2.281202046565314681e-02,3.023112605756903340e-02,9.711228684083509158e-03,9.109909418557951555e-03,2.554247229819694986e-02,3.957373598318702362e-02,3.904243387435654689e-02,1.969342988449676937e-02,5.540161312618324674e-02,8.133999175042910812e-02,7.799181859439636988e-02,3.248482262892325723e-02,1.090050808090952394e-01,6.018019393484584645e-02,8.853661450536123856e-02,6.453272971259102486e-02,1.105169691107836111e-01,4.362123288160419526e-02,5.339216647643440367e-02,4.428217140624866877e-02,2.237650635162890395e-02,4.428092633399612066e-02,4.476852453380694707e-02,7.442540674134097423e-02,5.535863373692591349e-02,1.316250696274456899e-01,1.323480825239269076e-01,3.713060183436844852e-02,8.590354602348529434e-02,2.906402155699824852e-01,1.173098254727478057e-01,1.697096048623028541e-01,1.211719748850824258e-01,3.116395644315832561e-02,9.387120118194049179e-02
2.245432111627567243e-02,4.740776906464444496e-02,2.620142575647727706e-02,1.598304439762117737e-02,7.065950943039467358e-02,0.000000000000000000e+00,8.119692524635895026e-02,1.657909030000145889e-02,1.214757411300838308e-01,5.484523226020282527e-02,7.911875148204840225e-02,4.838884668373929360e-02,1.306420643426774442e-01,3.555941426458689852e-02,4.176463219437052260e-02,3.890438861764727863e-02,2.215885806187517862e-02,4.522505709709724597e-02,3.932052411034639428e-02,8.307271858332077041e-02,4.259277201672597574e-02,1.699924969613330894e-01,1.279071404094891951e-01,4.398306996252299150e-02,1.084002834388105574e-01,2.430624785735681359e-01,1.257428062512117029e-01,1.910701305380630433e-01,1.326946939866751052e-01,3.432220087850284401e-02,1.011811405088909321e-01,4.027773715835335222e-02,2.448268647649975635e-02,3.990389407238428832e-02,2.349254621572648485e-02,4.358375988020883607e-02,1.335440946837010943e-02,1.202668960664682665e-02,4.938040070542303733e-02,2.840952466740978566e-02,3.518447882419609846e-02,2.498769517040487498e-02,3.385702506174196463e-02,1.082762763934418809e-02,1.022715270470137341e-02,2.843927731319519786e-02,4.448786928777498373e-02,4.375006140167490148e-02,2.188190380187400239e-02,6.088680798615725420e-02,9.081429988440083145e-02,8.663968230874533050e-02,3.577614333788523004e-02,1.227357402681673593e-01,6.612970666356532412e-02,9.856737208932606076e-02,7.077623739960667293e-02,1.235647793761618929e-01,4.850740760609312252e-02,5.980307079503384415e-02,4.919319303697713974e-02,2.466319091217937173e-02,4.894841274675578585e-02,5.002445814911835043e-02,8.372058963153228284e-02,6.052894365579428865e-02,1.489330565453320654e-01,1.488971530258109965e-01,4.152425299040800322e-02,9.626839376162187045e-02,3.260897578213267090e-01,1.316159970272672841e-01,1.888662590344012127e-01,1.353897276239519332e-01,3.473525321799300625e-02,1.050833657412093697e-01
2.292335742961942174e-02,4.820012872245597185e-02,2.653440909479292883e-02,1.598562886390568483e-02,7.238965773358017886e-02,8.119692524635895026e-02,0.000000000000000000e+00,1.715961160022211329e-02,1.251450085330345630e-01,5.625893369115554654e-02,8.151730929876205289e-02,4.981872507436173325e-02,1.334238273583785994e-01,3.555460510449490186e-02,4.237079251919115275e-02,3.959809585194076775e-02,2.306929453048925036e-02,4.602379907303012080e-02,3.976496163444805804e-02,8.356823801137155949e-02,4.342825447972723657e-02,1.728548660738122578e-01,1.296130761233333650e-01,4.476522670401312382e-02,1.090238609380351081e-01,2.462986705027710443e-01,1.274317822044233328e-01,1.952821473862760560e-01,1.353474578281218810e-01,3.513476749511220548e-02,1.026316356346800573e-01,4.191353872527209257e-02,2.507599727334117179e-02,4.033239249482355876e-02,2.405898507555360652e-02,4.412674710869590039e-02,1.346391139314106859e-02,1.257335563547256133e-02,5.183633081908831097e-02,2.900809734518116148e-02,3.574554234515654044e-02,2.601699053904813277e-02,3.432056401006622348e-02,1.109204857631777147e-02,1.065598207990812660e-02,2.856638150027231843e-02,4.522972236213313596e-02,4.383016978162324745e-02,2.225357170849852698e-02,6.265835719856387154e-02,9.284603179478476132e-02,8.849860338805748405e-02,3.721484024321618927e-02,1.257953981199738669e-01,6.858387014424532913e-02,1.013392480096838716e-01,7.351957538348517784e-02,1.264101842192813518e-01,4.926507134469648025e-02,6.073904753729925804e-02,5.044901917828288618e-02,2.522423374153909964e-02,5.037921291910646415e-02,5.104379918502031932e-02,8.482855378473096175e-02,6.227742478491066214e-02,1.507888076760722507e-01,1.516284949294087470e-01,4.266198641933459379e-02,9.790672268402443590e-02,3.326904161523352998e-01,1.334545462474993061e-01,1.937820299532874990e-01,1.381073664207987939e-01,3.582660061442823063e-02,1.065616534874149479e-01
4.967431729510062184e-03,1.004922395473067595e-02,5.619761331581737789e-03,3.389730183165267762e-03,1.495586222317384431e-02,1.657909030000145889e-02,1.715961160022211329e-02,0.000000000000000000e+00,2.545304692674957292e-02,1.183957445555110753e-02,1.701511532094270376e-02,1.035443240252216165e-02,2.767984189670236184e-02,7.359166203842987947e-03,9.204373194179204035e-03,8.005201127604789565e-03,4.653499702129286313e-03,9.588162873691982377e-03,8.428666562275359542e-03,1.738332911209503409e-02,9.151565573097051112e-03,3.554853524175492774e-02,2.730228200273035477e-02,9.505923477458695300e-03,2.280023048440429217e-02,5.229974033030962421e-02,2.660213914330241541e-02,4.014300342035723862e-02,2.784065874349653594e-02,7.162890061750935844e-03,2.141965628945626324e-02,8.333827307749095553e-03,5.162165588558638267e-03,8.435076806331065838e-03,4.935802741413640102e-03,8.787501691151930472e-03,2.865369124691036131e-03,2.562187104611000042e-03,1.027646049014358139e-02,5.896362130926683168e-03,7.337794028321989633e-03,5.347899059696094998e-03,6.998756311469265384e-03,2.258798130179397005e-03,2.152501139164497007e-03,6.128363335654585242e-03,9.466807713862471566e-03,9.399477719521709407e-03,4.663246700889423987e-03,1.286197933944697308e-02,1.916534119753018212e-02,1.863994859514867680e-02,7.570540181723340971e-03,2.581508999565350695e-02,1.389440859086018762e-02,2.123415437949437157e-02,1.497414803866841358e-02,2.656483584727312511e-02,1.001969905625986652e-02,1.265660321420520804e-02,1.014451264060526638e-02,4.974528265791071206e-03,1.041837839003605971e-02,1.062933831922286895e-02,1.754676547635541928e-02,1.308209401518467194e-02,3.163042469881283125e-02,3.205646454245809907e-02,8.963429702013220313e-03,2.054630291124615732e-02,6.885379253213469442e-02,2.826237498751355340e-02,4.006745453278803826e-02,2.816501524773232928e-02,7.184934520597821388e-03,2.221944254755087167e-02
3.425198423944328385e-02,7.332709344719262612e-02,4.020080107340450598e-02,2.455588475203733523e-02,1.081368958156174731e-01,1.214757411300838308e-01,1.251450085330345630e-01,2.545304692674957292e-02,0.000000000000000000e+00,8.484075981594080273e-02,1.206814568507862395e-01,7.391049321438038222e-02,2.017098956382416264e-01,5.490146910646555994e-02,6.314957925252576154e-02,5.982658634549318372e-02,3.429997897987388522e-02,7.004404072338400733e-02,5.944573302439914303e-02,1.275027045040812157e-01,6.515778225670097734e-02,2.592393973316816647e-01,1.951837722584117973e-01,6.690312248061090761e-02,1.664113545059505983e-01,3.720673225888577185e-01,1.949517313625450388e-01,2.922843439522658793e-01,2.041345458607004559e-01,5.300479308348161889e-02,1.546998824969956221e-01,5.998342327233159577e-02,3.724394013422684113e-02,6.033739742811172063e-02,3.562631795355098580e-02,6.693923829521042368e-02,2.063337827304645433e-02,1.821194272340289147e-02,7.434569673726462713e-02,4.279252117370695163e-02,5.323232276202582297e-02,3.834509978135667435e-02,5.177903201394805366e-02,1.649107190674804768e-02,1.551891524594536075e-02,4.341402725024263304e-02,6.822481401813838831e-02,6.792622094903852381e-02,3.337495536661200246e-02,9.299458232505677935e-02,1.391686189727343592e-01,1.332830298583980999e-01,5.460424337528065053e-02,1.872877130649855670e-01,1.022739808486581442e-01,1.498187275832802423e-01,1.089129410786955909e-01,1.896621364749809246e-01,7.418183112115342426e-02,9.113627663107917720e-02,7.568722651943296520e-02,3.784372531173695042e-02,7.517630322866961090e-02,7.661546390376003379e-02,1.291059800549217984e-01,9.255000630327939182e-02,2.278301999119058119e-01,2.284605790013277127e-01,6.354405799433204827e-02,1.480963811445905054e-01,4.971606577093176660e-01,2.031047881013036960e-01,2.902788318202492168e-01,2.074942427903783970e-01,5.346641811384596904e-02,1.610313544053174895e-01
1.574370652507020574e-02,3.325896356497994727e-02,1.774279681991159860e-02,1.094344116292095617e-02,4.981759107219245475e-02,5.484523226020282527e-02,5.625893369115554654e-02,1.183957445555110753e-02,8.484075981594080273e-02,0.000000000000000000e+00,5.553935285578919662e-02,3.402564585833037919e-02,9.154994299913729594e-02,2.445483310308209715e-02,2.910388275184581930e-02,2.717277935110942733e-02,1.552378578563668246e-02,3.149820940856925405e-02,2.673652988036081396e-02,5.753987401901095033e-02,3.013175818444414206e-02,1.191345387437596770e-01,8.872650435440405936e-02,3.063358118017115578e-02,7.540302316428509899e-02,1.700326284627129148e-01,8.739280530144737102e-02,1.339448470804243119e-01,9.197549156871104303e-02,2.416710271404268889e-02,7.033615161616024736e-02,2.806778793035060587e-02,1.712649139070659271e-02,2.724466273777996841e-02,1.607323357905876896e-02,3.057417123223005184e-02,9.265808270440444722e-03,8.419373567503135591e-03,3.511328428161817478e-02,1.982987212578081818e-02,2.426371795477652582e-02,1.759533367775690735e-02,2.370106569683558262e-02,7.552264613823992875e-03,7.256583475196001082e-03,1.966629467576092027e-02,3.091208636877267740e-02,2.986267100969847155e-02,1.537119983671697207e-02,4.333178448230932955e-02,6.280956649462474117e-02,6.095685069925409205e-02,2.573758964801960147e-02,8.527337226258585590e-02,4.712264532646131404e-02,6.952015792565191532e-02,5.002842865759314639e-02,8.637015227128484740e-02,3.403951320328536811e-02,4.197021205220649587e-02,3.514585929379380330e-02,1.729258301987089685e-02,3.482322383915294889e-02,3.484079307359044808e-02,5.832931014877448805e-02,4.323202566426823101e-02,1.041237290832041223e-01,1.034559449712125212e-01,2.895689986276019437e-02,6.740212794856952072e-02,2.284072488432052628e-01,9.105036206828391598e-02,1.331212915843282552e-01,9.403771127622975734e-02,2.463027063901334149e-02,7.347762144386332794e-02
2.285228735061224994e-02,4.761822241604945355e-02,2.601021986428826357e-02,1.596822415785621035e-02,7.117318034340242017e-02,7.911875148204840225e-02,8.151730929876205289e-02,1.701511532094270376e-02,1.206814568507862395e-01,5.553935285578919662e-02,0.000000000000000000e+00,4.890117038741013250e-02,1.316545902131691370e-01,3.555792249071556416e-02,4.182519431803698867e-02,3.820401771787609868e-02,2.224472316139109937e-02,4.559917906547211047e-02,3.931271522519745598e-02,8.205868217942788312e-02,4.322719856607719346e-02,1.675526759180865632e-01,1.270838113564583260e-01,4.391332063796197366e-02,1.085829483506713239e-01,2.425302786727089044e-01,1.266155014709471338e-01,1.907413032519577611e-01,1.321112759782125667e-01,3.474044776497065695e-02,1.012339434653359294e-01,3.930258669956488565e-02,2.417299206755415403e-02,3.954819299733781240e-02,2.322007947794537883e-02,4.332078564758734540e-02,1.340566833280387379e-02,1.177896622803664521e-02,4.831538392983923680e-02,2.794084136247634506e-02,3.479467028034032711e-02,2.507959560036993052e-02,3.339195620146305499e-02,1.072193211199526548e-02,9.978404532787660958e-03,2.877284910481679031e-02,4.431448852152929802e-02,4.414997755521027356e-02,2.171299844321133987e-02,6.132954987135121050e-02,9.078459607509253848e-02,8.762402586646804437e-02,3.591597173549337246e-02,1.216095668579777467e-01,6.674958113521976821e-02,9.923661941282253818e-02,7.118145481666070251e-02,1.248945423050839970e-01,4.825635743915725889e-02,5.998350023248478352e-02,4.888310281232102067e-02,2.464346875785086710e-02,4.929321516622383464e-02,5.016950474983414981e-02,8.367996937245401889e-02,6.168459797913909692e-02,1.483858121259948037e-01,1.492305589972271751e-01,4.190157655795546249e-02,9.652431137036661390e-02,3.240211178261420133e-01,1.327036104965448604e-01,1.901142769153441603e-01,1.341681831860647156e-01,3.447534869859698869e-02,1.050641940638925714e-01
1.403136724244546940e-02,2.897569369645260767e-02,1.582407169192807939e-02,9.902372435621463811e-03,4.411636566557994299e-02,4.838884668373929360e-02,4.981872507436173325e-02,1.035443240252216165e-02,7.391049321438038222e-02,3.402564585833037919e-02,4.890117038741013250e-02,0.000000000000000000e+00,8.131320835932437374e-02,2.183707262471586141e-02,2.559296088934879046e-02,2.362393010296749696e-02,1.402513813444924637e-02,2.779889106645751923e-02,2.358552076076379442e-02,5.025902086199211111e-02,2.700254792198078513e-02,1.031902062112036167e-01,7.765426968797339846e-02,2.716448499156733434e-02,6.635608038601457925e-02,1.498685184631854961e-01,7.611595254663379440e-02,1.184109348964622749e-01,8.123070879927987709e-02,2.092938342486871245e-02,6.246628091860348397e-02,2.455765586652002702e-02,1.524460938162752917e-02,2.500360151467671474e-02,1.447333853145693801e-02,2.710975152220766390e-02,8.111956909807881838e-03,7.271308160405168079e-03,3.078332108804921960e-02,1.763648475766884868e-02,2.226362681974406246e-02,1.584993619934434161e-02,2.093084026417269330e-02,6.803872945736992063e-03,6.223796940707254470e-03,1.729248917158249937e-02,2.712429553476772975e-02,2.636066923072081722e-02,1.352783658219916703e-02,3.829161926074704791e-02,5.535009961109926824e-02,5.413910984337275828e-02,2.251595980016403431e-02,7.453517050594427040e-02,4.157660207145000980e-02,6.134119211350545081e-02,4.513775459258179829e-02,7.628734796639098648e-02,2.999378550725891046e-02,3.673873247609951709e-02,3.015050884679348203e-02,1.547370249327327182e-02,3.047150852529321649e-02,3.109309254773533898e-02,5.061026027209970107e-02,3.841349448623466306e-02,9.013556292688580662e-02,9.093745450238127637e-02,2.553171127565678766e-02,5.806421614550850985e-02,2.007329554452312315e-01,7.962224541400325650e-02,1.170386234409213078e-01,8.247623612600205045e-02,2.118731522701081116e-02,6.501132515832744319e-02
3.767370335952344163e-02,7.878367397951573092e-02,4.273728080495226705e-02,2.622113357751943222e-02,1.180193078905452109e-01,1.306420643426774442e-01,1.334238273583785994e-01,2.767984189670236184e-02,2.017098956382416264e-01,9.154994299913729594e-02,1.316545902131691370e-01,8.131320835932437374e-02,0.000000000000000000e+00,5.826496242037895734e-02,6.855061706674665800e-02,6.430084812826494800e-02,3.720520639416043801e-02,7.502613670162061599e-02,6.334626778831310701e-02,1.356404251792824589e-01,7.151272365826470689e-02,2.800682756391472683e-01,2.104316776716656789e-01,7.338638080336311320e-02,1.785666519616631032e-01,4.016405875794969993e-01,2.077340634995348267e-01,3.164825986586553563e-01,2.193127202750762561e-01,5.706480670055018994e-02,1.669155933510818868e-01,6.709286586945899244e-02,4.066174277205749504e-02,6.493881980870996884e-02,3.885444495584584879e-02,7.177921051856331336e-02,2.196842431429596107e-02,2.001023394259700966e-02,8.365393199168295879e-02,4.693314845511855488e-02,5.786756528752958623e-02,4.242704716100347689e-02,5.552829420301867019e-02,1.799405759489970669e-02,1.694975135316214784e-02,4.707760959186693683e-02,7.324106573964703215e-02,7.193263177975108003e-02,3.629786202251648886e-02,1.016337331166032448e-01,1.501567705085509463e-01,1.439212535212796018e-01,6.059001790628845696e-02,2.030377547100316593e-01,1.118289078740980352e-01,1.638305003261540660e-01,1.201437365127611956e-01,2.048136152811800559e-01,7.984377500655849558e-02,9.946214424532173748e-02,8.202019248079742142e-02,4.103342577724104073e-02,8.198807669628351003e-02,8.265174890560922361e-02,1.375448789492940971e-01,1.022105803460658935e-01,2.444403326961800960e-01,2.470230066142460323e-01,6.968956427589043101e-02,1.595006803001802753e-01,5.409132039648812951e-01,2.168707635696731362e-01,3.143000600024502544e-01,2.232437392493651640e-01,5.767995328752277551e-02,1.740350079407904926e-01
9.982532823660583005e-03,2.123786739807309240e-02,1.149994503604104094e-02,7.122174482039210844e-03,3.193141423692107822e-02,3.555941426458689852e-02,3.555460510449490186e-02,7.359166203842987947e-03,5.490146910646555994e-02,2.445483310308209715e-02,3.555792249071556416e-02,2.183707262471586141e-02,5.826496242037895734e-02,0.000000000000000000e+00,1.850707485919618131e-02,1.761175552605599021e-02,1.004688721923785444e-02,2.024036103833398367e-02,1.730534706650578222e-02,3.681016316579627246e-02,1.888743911281992247e-02,7.630556315461313466e-02,5.646275907222177148e-02,1.955600995572465833e-02,4.817929077928492093e-02,1.074997573272491597e-01,5.589909201017053547e-02,8.579701396969482974e-02,5.928468057497572608e-02,1.543133222627612877e-02,4.515265796600592685e-02,1.793632974243252257e-02,1.079808447392208333e-02,1.777502201894739023e-02,1.052464013506233115e-02,1.958548446840246635e-02,5.806866531491703017e-03,5.394540362193721815e-03,2.240824497240141711e-02,1.251830443461955482e-02,1.557815751594663484e-02,1.139956095735672123e-02,1.545476695248333004e-02,4.915783259230059252e-03,4.673299709895448531e-03,1.245822706384702543e-02,1.992733145350717577e-02,1.947059085989991459e-02,9.701613617714743495e-03,2.744664910343112829e-02,4.067603477142640866e-02,3.843705711033095634e-02,1.629596660600324959e-02,5.516128481853288523e-02,3.028159097869349836e-02,4.435210271834869045e-02,3.237998833375192037e-02,5.495707674718278840e-02,2.190514069783246892e-02,2.691017617546804727e-02,2.264635109959571915e-02,1.135878109057425131e-02,2.237390026612887453e-02,2.249413803233827822e-02,3.753026159342891938e-02,2.691468862026840866e-02,6.661847335285379923e-02,6.570948753808017462e-02,1.846282500908566146e-02,4.321592069491726751e-02,1.463983387346461940e-01,5.866673174994867235e-02,8.473542442194861857e-02,6.074885837335662619e-02,1.567931335111272598e-02,4.713079895082789711e-02
1.235159350081256775e-02,2.502797817370537581e-02,1.431714538623719488e-02,8.375051227718706415e-03,3.678333528540839864e-02,4.176463219437052260e-02,4.237079251919115275e-02,9.204373194179204035e-03,6.314957925252576154e-02,2.910388275184581930e-02,4.182519431803698867e-02,2.559296088934879046e-02,6.855061706674665800e-02,1.850707485919618131e-02,0.000000000000000000e+00,2.005473542281186947e-02,1.155762801252101235e-02,2.412459856609176778e-02,2.084612753562137613e-02,4.334880861664099083e-02,2.296675133465396132e-02,8.726360389392591455e-02,6.794224248346933392e-02,2.380337897244188400e-02,5.677705523173459667e-02,1.286797650121552783e-01,6.712187329832933202e-02,9.927711728074868625e-02,6.942451658774988210e-02,1.775082170140150628e-02,5.342893891851409338e-02,2.040915541743814829e-02,1.281779726772444214e-02,2.119768025929338884e-02,1.230858145423147608e-02,2.198641419191761301e-02,7.110493195737714080e-03,6.316752364177347263e-03,2.503664564078427260e-02,1.455067733222726450e-02,1.840988661653248856e-02,1.327481640467354645e-02,1.712405836198395079e-02,5.499509347639822826e-03,5.261559866866805622e-03,1.543766368723027693e-02,2.357901739035931157e-02,2.383215539165605204e-02,1.127151070734839187e-02,3.155821546285619145e-02,4.760914377426228583e-02,4.563564985253174694e-02,1.865814201391844535e-02,6.351366940103596315e-02,3.426296574259844741e-02,5.192932489672857227e-02,3.721730906009432238e-02,6.525916494004492530e-02,2.463034733876530435e-02,3.140314131086591881e-02,2.514693249110426174e-02,1.259841279837063850e-02,2.566324544871034785e-02,2.652405033647829702e-02,4.405875789529153930e-02,3.202647880412796272e-02,7.804225364730207892e-02,7.971927666643005561e-02,2.239664881605566218e-02,5.105642397867529020e-02,1.706809704330082555e-01,7.036449877256967245e-02,9.781560943247052942e-02,6.993935274439684602e-02,1.746444563085713247e-02,5.524671322110835670e-02
1.075510089769246558e-02,2.381941711441583689e-02,1.279164873573984673e-02,7.774469321721045635e-03,3.452005282305368322e-02,3.890438861764727863e-02,3.959809585194076775e-02,8.005201127604789565e-03,5.982658634549318372e-02,2.717277935110942733e-02,3.820401771787609868e-02,2.362393010296749696e-02,6.430084812826494800e-02,1.761175552605599021e-02,2.005473542281186947e-02,0.000000000000000000e+00,1.104214686218426764e-02,2.232680302297474287e-02,1.888702751054628301e-02,4.124338838081832020e-02,2.054414765897211170e-02,8.311894726170132586e-02,6.182129686414697400e-02,2.140862724489287980e-02,5.338203069199096845e-02,1.185703235502164610e-01,6.248809185162424590e-02,9.350199042166885965e-02,6.558361521972314034e-02,1.694007949958341308e-02,4.992264183614050777e-02,1.901479263111740745e-02,1.171238398822068566e-02,1.927693671857172442e-02,1.125424426604907172e-02,2.154514600490485543e-02,6.456388111281854796e-03,5.707059352718871041e-03,2.363545959831215432e-02,1.354464511167364008e-02,1.713237942869458297e-02,1.223093491865296679e-02,1.680813004759133811e-02,5.322054650125305694e-03,4.961838133025561585e-03,1.346549375201054610e-02,2.202082220907019411e-02,2.144329245846214593e-02,1.054738785091240312e-02,2.925910354145743603e-02,4.454835559256437039e-02,4.194748423684695887e-02,1.716770901344106398e-02,5.983625614582390589e-02,3.262315668691306847e-02,4.737878285099814124e-02,3.473578280790962092e-02,6.014586045369188505e-02,2.370313271504721764e-02,2.922838230804035778e-02,2.444531657952383683e-02,1.221839172941472339e-02,2.405748974063306664e-02,2.447049606715038031e-02,4.125670103876014072e-02,2.887876543544685981e-02,7.276764298432482347e-02,7.223378469150544545e-02,1.977925864300515355e-02,4.707694785191977177e-02,1.588450623303029885e-01,6.442008786374614493e-02,9.227890542047123557e-02,6.636606133219830062e-02,1.700237105033950563e-02,5.184311161468223295e-02
6.305886678572988728e-03,1.333380104701180000e-02,7.131269828130709816e-03,4.560594852690129722e-03,2.043463094439507827e-02,2.215885806187517862e-02,2.306929453048925036e-02,4.653499702129286313e-03,3.429997897987388522e-02,1.552378578563668246e-02,2.224472316139109937e-02,1.402513813444924637e-02,3.720520639416043801e-02,1.004688721923785444e-02,1.155762801252101235e-02,1.104214686218426764e-02,0.000000000000000000e+00,1.265562441494429667e-02,1.079238011515468165e-02,2.318308116169325028e-02,1.211921171680702299e-02,4.781866748263048639e-02,3.534878164305872705e-02,1.245695635019587050e-02,3.054183308153582410e-02,6.855517881704130401e-02,3.526388066504715368e-02,5.438159627256615447e-02,3.711768844375559762e-02,9.652219702905027662e-03,2.862337431432265475e-02,1.126720568864423427e-02,6.937947733419435291e-03,1.116833204086289423e-02,6.511755448652008921e-03,1.248867759839333673e-02,3.767828719017254566e-03,3.410397047281003239e-03,1.419083266925388193e-02,7.990083978333277492e-03,9.975718524445217894e-03,7.151266052940193768e-03,9.733577089438522761e-03,3.105741356455693925e-03,2.956769726021751983e-03,7.849285984213248343e-03,1.241824517765361888e-02,1.201678049700894216e-02,6.255413086927250586e-03,1.742891747423362322e-02,2.530995783913025932e-02,2.475601611053467391e-02,1.030453623217182126e-02,3.422458385879026399e-02,1.901206379050206577e-02,2.794496704393732364e-02,2.071546174002781085e-02,3.494477107089855733e-02,1.377188816709566839e-02,1.691204072575205886e-02,1.396176178915798857e-02,7.043627983130422779e-03,1.401860133356544816e-02,1.408260015928376914e-02,2.345597967206872539e-02,1.738182829542717078e-02,4.154105180639480754e-02,4.144588168590583599e-02,1.161192706010002150e-02,2.694235053158213627e-02,9.218438825009660220e-02,3.656818950383097094e-02,5.381637943205667962e-02,3.798755403424066562e-02,9.914232725271948654e-03,2.971532863901923255e-02
1.279472690704491940e-02,2.753199250913497889e-02,1.486238572441256345e-02,9.027075748160489146e-03,4.078603607311042517e-02,4.522505709709724597e-02,4.602379907303012080e-02,9.588162873691982377e-03,7.004404072338400733e-02,3.149820940856925405e-02,4.559917906547211047e-02,2.779889106645751923e-02,7.502613670162061599e-02,2.024036103833398367e-02,2.412459856609176778e-02,2.232680302297474287e-02,1.265562441494429667e-02,0.000000000000000000e+00,2.232032180835765572e-02,4.764559821545073098e-02,2.444292253890949229e-02,9.761320049676035226e-02,7.340519852943877543e-02,2.514656011616695636e-02,6.213711495110864347e-02,1.396804692750575339e-01,7.256755473222203934e-02,1.095207858761021308e-01,7.620568140980335525e-02,1.980412795549223864e-02,5.847251459091982323e-02,2.243141318194339859e-02,1.377660557495211970e-02,2.270888556408655334e-02,1.317094458337897227e-02,2.469572030009824226e-02,7.567896256462858934e-03,6.800950346014995353e-03,2.803895539527653455e-02,1.594877253063755468e-02,1.997088455875749985e-02,1.425654925396202186e-02,1.931237222775008047e-02,6.123482710680225143e-03,5.846584977355495302e-03,1.617727354740254586e-02,2.564035924612915671e-02,2.500334811932973175e-02,1.227390365341118374e-02,3.467537181709096777e-02,5.195947517821955519e-02,4.929353448264939958e-02,2.065161233165033541e-02,6.990408280676872754e-02,3.794693234116879033e-02,5.676858323087978497e-02,4.073906441238136361e-02,7.030818934786675634e-02,2.765994094588548891e-02,3.463236002549962417e-02,2.847668996073255201e-02,1.415663049182672162e-02,2.824028068467578784e-02,2.874752040644201409e-02,4.814374061680403577e-02,3.475805678581921077e-02,8.550261691075564108e-02,8.554927665440931195e-02,2.366293787499416587e-02,5.516750603825529287e-02,1.867380834544775381e-01,7.528016187866243270e-02,1.078932496963937171e-01,7.728650040368849339e-02,1.992445034679758697e-02,6.082087392800961112e-02
1.092119571965040510e-02,2.298174444972576891e-02,1.313653873410028892e-02,7.695733794520312997e-03,3.459726614729083383e-02,3.932052411034639428e-02,3.976496163444805804e-02,8.428666562275359542e-03,5.944573302439914303e-02,2.673652988036081396e-02,3.931271522519745598e-02,2.358552076076379442e-02,6.334626778831310701e-02,1.730534706650578222e-02,2.084612753562137613e-02,1.888702751054628301e-02,1.079238011515468165e-02,2.232032180835765572e-02,0.000000000000000000e+00,4.122952392240165215e-02,2.061095893810311469e-02,8.340756268669456686e-02,6.354859219615392740e-02,2.131152444056502032e-02,5.295301804008219204e-02,1.185115345810015958e-01,6.286239218333197765e-02,9.305075516753137654e-02,6.541378927406329979e-02,1.696314865616590714e-02,5.007842931334245684e-02,1.901506679146952941e-02,1.182881843469931783e-02,1.969143320857694168e-02,1.119951933452863896e-02,2.073091041887829833e-02,6.529509082564752959e-03,6.036171578104414931e-03,2.330423392619828185e-02,1.362830363309282776e-02,1.710054064066448068e-02,1.192546316059998023e-02,1.629073136010936174e-02,5.141308152152009557e-03,5.046291952550630878e-03,1.357033566851927053e-02,2.183894058909021524e-02,2.188171567644748086e-02,1.034829482721390248e-02,2.941707211630774019e-02,4.441329167568280889e-02,4.254901415250028629e-02,1.717085951733484522e-02,6.011761671645122346e-02,3.190680791488935408e-02,4.894468835906919113e-02,3.413360789776580251e-02,6.112358530787586480e-02,2.336248696084164411e-02,2.902671918448794866e-02,2.365995646683911185e-02,1.183628490931768092e-02,2.391170631206501404e-02,2.516071005124478205e-02,4.153164009299570997e-02,2.904918362068760126e-02,7.361994980400707322e-02,7.348166727585256353e-02,2.017594164426186540e-02,4.742024772289885753e-02,1.584046053512031815e-01,6.534413800832131192e-02,9.269203704099937546e-02,6.559669373280416216e-02,1.687895235577214700e-02,5.125589035401578730e-02
2.302519797061870765e-02,4.957465855457710013e-02,2.728193583773077732e-02,1.648587297934151624e-02,7.308860343552077421e-02,8.307271858332077041e-02,8.356823801137155949e-02,1.738332911209503409e-02,1.275027045040812157e-01,5.753987401901095033e-02,8.205868217942788312e-02,5.025902086199211111e-02,1.356404251792824589e-01,3.681016316579627246e-02,4.334880861664099083e-02,4.124338838081832020e-02,2.318308116169325028e-02,4.764559821545073098e-02,4.122952392240165215e-02,0.000000000000000000e+00,4.397328090662813022e-02,1.769954149901465379e-01,1.330009544834535873e-01,4.529336500874713012e-02,1.124650956025759901e-01,2.517833635671639092e-01,1.312850535829722387e-01,1.983623138674839304e-01,1.380078737173986436e-01,3.558501594100864363e-02,1.061580503681108789e-01,4.097085414284719340e-02,2.493315802280892182e-02,4.159883440538559435e-02,2.406429121592782230e-02,4.514546851896313745e-02,1.368841957709370644e-02,1.229384603428311691e-02,5.039858288910013806e-02,2.880936319261005046e-02,3.660782397813974742e-02,2.595201907518573589e-02,3.508943580563329140e-02,1.114403914873046512e-02,1.068186877215717735e-02,2.870080779704837701e-02,4.677681442798929667e-02,4.584778628246296422e-02,2.227064507019259690e-02,6.250451567749625015e-02,9.416693467548720164e-02,8.919426347624616336e-02,3.699777922434438482e-02,1.276216799722885709e-01,6.896698177454901879e-02,1.023908051543375858e-01,7.354161114474219718e-02,1.275594644086601170e-01,4.975766643996759608e-02,6.181768006115127140e-02,5.145591910079216902e-02,2.585982407771107022e-02,5.123745736148290625e-02,5.267591453975294796e-02,8.779100744021757496e-02,6.195466531891359596e-02,1.546587797490593663e-01,1.550889657981656677e-01,4.251633130741908767e-02,9.963378113305136619e-02,3.381310873462342048e-01,1.373593065429055682e-01,1.955349212274431481e-01,1.408208596396028078e-01,3.614594773256177285e-02,1.098503169532492330e-01
1.277161265247136676e-02,2.569510789055679673e-02,1.402949406849073044e-02,8.563096502371326038e-03,3.855087171939338558e-02,4.259277201672597574e-02,4.342825447972723657e-02,9.151565573097051112e-03,6.515778225670097734e-02,3.013175818444414206e-02,4.322719856607719346e-02,2.700254792198078513e-02,7.151272365826470689e-02,1.888743911281992247e-02,2.296675133465396132e-02,2.054414765897211170e-02,1.211921171680702299e-02,2.444292253890949229e-02,2.061095893810311469e-02,4.397328090662813022e-02,0.000000000000000000e+00,9.023898857113712979e-02,6.904853824675810658e-02,2.465823800586339556e-02,5.850131850096742386e-02,1.331888991396030231e-01,6.777755643809861563e-02,1.031074900559079410e-01,7.125235444718985844e-02,1.825668071644775958e-02,5.446017218936535093e-02,2.211425657065866149e-02,1.354207957788222151e-02,2.124989536398497886e-02,1.292245506169085491e-02,2.296013590108314517e-02,7.111381647273785737e-03,6.503845346609660530e-03,2.757988357215564179e-02,1.550811622329132181e-02,1.893206187972512264e-02,1.426705472180060490e-02,1.787392076288911100e-02,5.896466245236382797e-03,5.514815248736663379e-03,1.606677778452063332e-02,2.402796844894238698e-02,2.364860384755628625e-02,1.203779910189613223e-02,3.324368705075710778e-02,4.942855245748529330e-02,4.715191090778930033e-02,2.025365142539539698e-02,6.591136005295521183e-02,3.629276052573451178e-02,5.393375475807132141e-02,3.989750430058209424e-02,6.699508348455975038e-02,2.584178266505342270e-02,3.324886999018247802e-02,2.652905727825385571e-02,1.339197922091967148e-02,2.699689529608981231e-02,2.673628459789909040e-02,4.488330556592482617e-02,3.441415833183227718e-02,7.944580428744672795e-02,8.188478324755159299e-02,2.355896118516731183e-02,5.192060292838904245e-02,1.783260114593432366e-01,7.114533413118009908e-02,1.023416607867882744e-01,7.259456568068120563e-02,1.835433037797399788e-02,5.685794125095783996e-02
