0.000000000000000000e+00,1.241666696067352145e-02,8.205879888980154371e-03,3.606265571134623094e-03,1.848280969558065839e-02,2.217625002826703259e-02,2.592081918250285777e-02,6.174532323425813846e-03,3.047612486673479185e-02,1.653117014049617847e-02,2.077375020121450047e-02,1.368465475338656243e-02,4.035822959717577652e-02,1.113208238926335567e-02,8.476077578948389493e-03,8.103143166887011306e-03,6.451252227371369330e-03,1.191043112102669298e-02,1.253327786412282430e-02,2.266056531753963404e-02,1.082660147044902342e-02,4.395558561011583126e-02,3.527962713107681003e-02,1.116385716039738733e-02,2.894828657023751015e-02,6.313913949189409180e-02,4.261625661968439227e-02,5.387033229215073410e-02,4.072099325890239652e-02,1.048434634384730335e-02,2.787018690318098305e-02,1.182210846869921964e-02,6.591913761817050875e-03,1.173140080662761486e-02,6.457313219158897742e-03,1.081252455908985124e-02,3.664888889542580481e-03,2.886028051897083536e-03,1.097267065308474808e-02,9.127826773430304519e-03,1.118507367889232801e-02,7.089616195529560398e-03,8.175618979233745254e-03,2.780316875809368295e-03,2.836743735369810261e-03,9.395172043236043463e-03,1.244405935544164003e-02,1.288767764869946757e-02,4.918246596174856260e-03,1.690938413662728193e-02,2.624913300517163831e-02,2.831260213542556928e-02,7.531894490890964945e-03,3.156089561169950208e-02,1.949277834355287592e-02,2.569060068873125352e-02,1.998022997471782941e-02,4.308101530962636649e-02,1.231458598840947521e-02,1.491959557016112915e-02,9.670830923767786275e-03,7.175631103666287383e-03,1.147295301104828483e-02,1.689882738096971926e-02,2.220325319229236177e-02,1.888426941926309513e-02,4.139585791882763322e-02,4.224407410695560361e-02,1.198464117146283772e-02,3.226412108948505109e-02,8.680430299309319087e-02,4.198720635100788856e-02,5.515532619100236428e-02,3.778596067637148698e-02,8.775716332203186212e-03,2.651717924081604255e-02
1.241666696067352145e-02,0.000000000000000000e+00,1.873711373318669507e-02,8.266080815222882558e-03,4.312922754248129514e-02,5.075270046549854724e-02,5.983593051409762109e-02,1.409917840332290499e-02,7.071500186139170752e-02,3.812202437043556852e-02,4.770394417875307297e-02,3.074980459741508826e-02,9.425335802822144837e-02,2.628935837472145057e-02,1.825079860324871003e-02,1.838336105502050982e-02,1.500516237411789189e-02,2.730260060048662202e-02,2.842982105337087465e-02,5.207978760389020412e-02,2.470298073001454819e-02,1.013116439100837790e-01,7.976051112487377026e-02,2.458180128389733307e-02,6.578074586592369544e-02,1.429737689543282841e-01,9.892503101290443801e-02,1.253889468368367122e-01,9.499142244721416051e-02,2.460385295375186465e-02,6.423279905435502757e-02,2.634952298399614867e-02,1.496133466251464358e-02,2.686776864069479256e-02,1.429155503545619099e-02,2.630290914978981875e-02,8.793207955099314674e-03,6.153414800592690512e-03,2.423214908969119688e-02,2.136792547793309530e-02,2.624085535411720474e-02,1.612794355455098028e-02,1.990537654046553584e-02,6.493275801807513355e-03,6.470678805156692727e-03,2.128312720475179776e-02,2.855437259580878573e-02,2.970925265521198386e-02,1.084273646241549344e-02,3.927819982143312266e-02,6.093556577113673489e-02,6.562513611069707709e-02,1.723292443558379489e-02,7.320658087699807859e-02,4.512969143750985429e-02,5.869624828536493949e-02,4.521660107049758209e-02,9.911033287293838367e-02,2.972484686419851752e-02,3.367256045352516602e-02,2.257662120852920937e-02,1.687253727218032684e-02,2.625993819229429857e-02,3.998707604488436346e-02,5.154727113342347233e-02,4.361772939443478436e-02,9.470325644926549935e-02,9.720469002468819231e-02,2.640546272726080820e-02,7.503718182485373533e-02,2.003021985645718761e-01,9.828346605300607164e-02,1.281505399022187797e-01,8.899067529585680258e-02,2.032826339286205458e-02,6.207337458005964675e-02
8.205879888980154371e-03,1.873711373318669507e-02,0.000000000000000000e+00,5.493004515189821475e-03,2.863232483935336178e-02,3.423654332459099420e-02,3.942658449684480898e-02,9.010941744628239020e-03,4.726854761240819464e-02,2.485901307546014780e-02,3.203957830721664013e-02,2.071611594569304146e-02,6.117701463006657014e-02,1.727990237141621352e-02,1.256795819928688447e-02,1.223426129503710907e-02,9.685420213151134036e-03,1.813631747056179688e-02,1.940782606942963520e-02,3.513400937123748596e-02,1.595802421373669969e-02,6.716083809749409661e-02,5.304311339419112009e-02,1.655515210547639157e-02,4.389376253416836515e-02,9.445310552907934531e-02,6.573914156210394766e-02,8.248713678167886310e-02,6.268196859486670214e-02,1.616421743856068585e-02,4.275036271161703622e-02,1.698078272666986299e-02,9.642674414346083869e-03,1.815937357730980015e-02,9.597603834744616869e-03,1.697561635308464725e-02,5.690405441583543111e-03,4.317783086737159506e-03,1.546095226554784416e-02,1.390606517457113056e-02,1.742832541350324699e-02,1.057671120714234053e-02,1.302640444936289769e-02,4.098801553778726875e-03,4.216887920693874331e-03,1.383166322237270283e-02,1.870626907612660608e-02,2.007107923017032933e-02,7.210584235381443420e-03,2.582594235799616153e-02,4.040014530048265107e-02,4.290609770500810466e-02,1.149723456761506633e-02,4.874257039189898444e-02,2.928382167686208529e-02,3.956138756310024346e-02,3.031244891695773075e-02,6.477894193715053039e-02,1.927836301005677808e-02,2.261152037365034631e-02,1.492717485085820299e-02,1.085428399614124344e-02,1.736816040043698967e-02,2.708261495354455720e-02,3.460364171614704193e-02,2.813250668092239989e-02,6.303108559054813875e-02,6.500355544523025997e-02,1.776727620136769534e-02,4.930998620408304917e-02,1.320697036905885691e-01,6.504616428675374928e-02,8.479342415516046005e-02,5.876714931003004100e-02,1.392276204455209811e-02,4.152193384832342238e-02
3.606265571134623094e-03,8.266080815222882558e-03,5.493004515189821475e-03,0.000000000000000000e+00,1.253245917256287818e-02,1.489957851861722915e-02,1.737770664287515560e-02,4.094664749930676181e-03,2.055140603035082378e-02,1.108572225917986605e-02,1.402926765989873092e-02,9.119599944780773515e-03,2.713817096734455481e-02,7.520237271732666678e-03,5.443264107007367118e-03,5.251566863123103418e-03,4.370645166058785037e-03,7.754250491538218840e-03,8.521298051090721998e-03,1.511408116959928917e-02,7.159586987259204845e-03,2.934540881251414962e-02,2.348504756970671431e-02,7.096671836705574325e-03,1.900282452812455600e-02,4.120541057130536894e-02,2.855193490211983820e-02,3.588718787798080012e-02,2.729718046905157611e-02,7.071139676626676286e-03,1.872953555311526741e-02,7.896685436402286346e-03,4.530080213854249978e-03,8.284848328868828909e-03,4.346739185414577426e-03,7.422730485675883838e-03,2.416774930586995922e-03,1.897368334581265225e-03,7.192367493909329959e-03,6.441795946757104298e-03,7.946216938496534696e-03,4.780481008377678379e-03,5.646485200987872745e-03,1.890841385101059858e-03,1.934281897739569466e-03,6.189221897530999134e-03,8.259711747634719201e-03,8.758066673594619433e-03,3.202808735209901770e-03,1.141657340193540440e-02,1.747969859109601079e-02,1.912073166788800724e-02,5.117458994416738266e-03,2.121228796738285419e-02,1.311900062507752318e-02,1.752075972382287697e-02,1.345433008219352328e-02,2.894316910114532945e-02,8.614101651141618798e-03,9.699954520022171373e-03,6.438285788164614491e-03,4.782321790007407550e-03,7.546506454783666155e-03,1.196986623383249244e-02,1.493744606266984853e-02,1.283582511672702424e-02,2.743011017025983808e-02,2.859563887418905756e-02,7.682595189258292594e-03,2.149739434730868134e-02,5.830427184880127706e-02,2.837705722883184303e-02,3.690053801448939935e-02,2.548551641176859464e-02,5.666149416100538239e-03,1.809065794905207261e-02
1.848280969558065839e-02,4.312922754248129514e-02,2.863232483935336178e-02,1.253245917256287818e-02,0.000000000000000000e+00,7.650790072909545436e-02,8.950149241222071783e-02,2.098899240340998743e-02,1.056769813076932074e-01,5.781954165544997415e-02,7.207579875625505506e-02,4.682783038869996889e-02,1.403830613213211120e-01,3.932008207791411886e-02,2.747261686636987693e-02,2.747063390370410585e-02,2.269452509292235742e-02,4.063824425278394353e-02,4.349067664337460254e-02,7.851549594280987643e-02,3.681255166030351911e-02,1.513155650346597048e-01,1.203096233604979692e-01,3.660264000195943834e-02,9.849835334426131073e-02,2.120338069975390149e-01,1.482291781805440689e-01,1.862664131732066630e-01,1.419017728248437027e-01,3.727660528441630039e-02,9.686806040892338709e-02,3.947651610625688146e-02,2.222986582408110687e-02,4.148818731994051434e-02,2.180671368428262896e-02,3.934390865500072415e-02,1.311356490774202854e-02,9.553726536963626573e-03,3.631476037933086681e-02,3.231098300391038736e-02,4.024557132465549081e-02,2.458768051889468828e-02,2.951812655944858338e-02,9.555302057648342590e-03,9.812795963529567789e-03,3.200116184332878200e-02,4.217584373348810811e-02,4.517899731133261099e-02,1.654985699386302828e-02,5.918464520119556815e-02,9.175474867822087932e-02,9.836806931185580749e-02,2.589287205783587925e-02,1.098734143930642781e-01,6.826049668090788947e-02,8.839624910135149283e-02,6.917928286386426651e-02,1.480952777821911148e-01,4.417004012710077504e-02,5.030142101306320918e-02,3.379278587092370695e-02,2.498022547497917231e-02,3.915017136974714707e-02,6.048773126000543676e-02,7.715647311871551284e-02,6.492698075582227502e-02,1.409906042245370750e-01,1.466308261799072199e-01,3.959889869829456843e-02,1.117670653437690120e-01,3.008907654356969275e-01,1.475201381098725228e-01,1.911595697257083837e-01,1.330408057203198713e-01,3.048963467460632723e-02,9.352851921717672545e-02
2.217625002826703259e-02,5.075270046549854724e-02,3.423654332459099420e-02,1.489957851861722915e-02,7.650790072909545436e-02,0.000000000000000000e+00,1.062587214862019541e-01,2.460410858793554006e-02,1.276259043249803327e-01,6.699529355118294394e-02,8.555183805363415772e-02,5.490365348551715791e-02,1.659856852662630888e-01,4.636942084019148036e-02,3.304432680375368053e-02,3.280302944076834287e-02,2.618566447246148746e-02,4.892646399542913138e-02,5.157736148030982876e-02,9.373322777536728656e-02,4.316709473658219415e-02,1.805032631991652092e-01,1.435546805773812440e-01,4.384333820010451882e-02,1.180350944708487004e-01,2.550440956939946102e-01,1.771350170218697340e-01,2.218341467087633356e-01,1.683842142216090687e-01,4.311910920234333922e-02,1.146519167592313648e-01,4.700456836693951007e-02,2.655676422405827200e-02,4.884298802980246296e-02,2.605928152216817340e-02,4.611155598790710186e-02,1.538047385531676053e-02,1.127821848001207827e-02,4.287134087666184118e-02,3.809078614280117514e-02,4.663850348164386844e-02,2.851716932661539639e-02,3.482430499597211071e-02,1.130769953496714962e-02,1.138041738443634245e-02,3.779006176848748177e-02,5.089205943504748059e-02,5.383896156526485344e-02,1.931362976104627344e-02,6.967691407644120705e-02,1.086832862550999590e-01,1.163698373093904892e-01,3.075384684304099947e-02,1.310118830910639853e-01,7.918747425545903662e-02,1.052772331589963556e-01,8.078487981482576630e-02,1.755469985272036793e-01,5.227962139154929827e-02,6.059506639545456097e-02,3.976297792667116832e-02,2.951411204239425684e-02,4.662577917951112039e-02,7.184466819184306963e-02,9.236252463619711028e-02,7.659094031277885462e-02,1.689776317384392157e-01,1.753957706091628654e-01,4.747374560716612069e-02,1.332099716009641499e-01,3.555901677598911625e-01,1.748781094468361552e-01,2.267456878030638945e-01,1.576194089798055864e-01,3.620511704848010381e-02,1.105553786923746395e-01
2.592081918250285777e-02,5.983593051409762109e-02,3.942658449684480898e-02,1.737770664287515560e-02,8.950149241222071783e-02,1.062587214862019541e-01,0.000000000000000000e+00,2.928310526337857961e-02,1.463742581859056591e-01,7.964322830361386663e-02,9.929667889726766228e-02,6.518796776621509081e-02,1.950397178050976010e-01,5.413438226571060108e-02,3.805254327989068125e-02,3.832144940126486210e-02,3.142659278814327606e-02,5.681585746938481313e-02,5.978797998825371995e-02,1.080643112806963096e-01,5.132309553835775334e-02,2.098006579709819630e-01,1.659700566095832497e-01,5.133234259263223798e-02,1.374146852553217724e-01,2.961033899784485945e-01,2.045301590207617426e-01,2.584841204553758875e-01,1.957499470119332952e-01,5.090850933431178421e-02,1.333398535820277953e-01,5.548466026660593686e-02,3.130984094359406250e-02,5.725497587333031740e-02,3.055539367638583637e-02,5.437691299411030049e-02,1.817378818195078752e-02,1.323631876363557357e-02,5.114984845922840306e-02,4.507552428416835427e-02,5.550839061805098312e-02,3.412976065382754276e-02,4.041258755373246248e-02,1.345289728262393826e-02,1.357381657784532958e-02,4.468856502856131951e-02,5.885007741355988142e-02,6.203808449274790526e-02,2.298815124854382622e-02,8.156770994390394325e-02,1.264229249466413685e-01,1.368049405203358992e-01,3.601467468040810138e-02,1.513646687373965960e-01,9.494427734258854834e-02,1.223742815827248420e-01,9.605517045454907421e-02,2.061482289610953866e-01,6.113924249219580831e-02,6.965590006752364616e-02,4.652193049453166862e-02,3.477781414091098144e-02,5.405166626984751754e-02,8.322787144092082257e-02,1.063322514320842876e-01,9.084591885848841697e-02,1.949110325925270670e-01,2.023305889815990855e-01,5.545232169325263472e-02,1.546703544534358543e-01,4.161943250761886981e-01,2.030331583404388629e-01,2.641653351196331379e-01,1.828919233454886772e-01,4.148937649915750842e-02,1.290166756424236116e-01
6.174532323425813846e-03,1.409917840332290499e-02,9.010941744628239020e-03,4.094664749930676181e-03,2.098899240340998743e-02,2.460410858793554006e-02,2.928310526337857961e-02,0.000000000000000000e+00,3.447030406514291212e-02,1.868636522555102569e-02,2.301848317382862094e-02,1.525711738835239077e-02,4.570371610099041582e-02,1.266989626543486153e-02,9.192618309377125971e-03,8.915079511700433126e-03,7.211589925891925650e-03,1.345723597644225486e-02,1.376579897016961401e-02,2.533216654171334403e-02,1.212916355135453851e-02,4.889346755183462262e-02,3.848032825617645619e-02,1.228776839454883037e-02,3.256273613465119482e-02,7.065123059096628522e-02,4.747285701337402436e-02,6.058951053860119063e-02,4.555737770545539161e-02,1.164805011079075338e-02,3.112460324339939854e-02,1.287914864820907321e-02,7.396550782234068318e-03,1.327659283082302868e-02,7.090260350556602982e-03,1.267744581443840980e-02,4.329916321085657688e-03,3.005219551729945097e-03,1.176964350304867020e-02,1.033506734359343655e-02,1.260884362795782268e-02,7.861704136254824005e-03,9.561005856058953783e-03,3.228975624975140898e-03,3.135634532749477770e-03,1.032805108317138253e-02,1.399942575934850879e-02,1.451348802361341304e-02,5.513417547032176125e-03,1.915700238612765699e-02,2.950673451834210856e-02,3.219474777703507096e-02,8.459739074106293125e-03,3.574088873993751247e-02,2.178916017012031206e-02,2.879111418852316889e-02,2.228445885186287889e-02,4.812202062642891714e-02,1.429655491281996323e-02,1.637011895159687369e-02,1.100267446733774711e-02,8.127638531515553322e-03,1.284523459208735015e-02,1.910486756454529006e-02,2.512690120563475238e-02,2.117082335259400094e-02,4.624122050135848899e-02,4.739827550114991683e-02,1.289392301329897461e-02,3.642136516335145457e-02,9.756382414365634415e-02,4.760773055138062954e-02,6.177818790448200148e-02,4.289525658403257197e-02,9.558223783736162146e-03,3.021593197452076413e-02
3.047612486673479185e-02,7.071500186139170752e-02,4.726854761240819464e-02,2.055140603035082378e-02,1.056769813076932074e-01,1.276259043249803327e-01,1.463742581859056591e-01,3.447030406514291212e-02,0.000000000000000000e+00,9.244837854923795839e-02,1.182953025023104621e-01,7.533143546730622364e-02,2.294899292021436443e-01,6.425983680222499550e-02,4.589594850650163121e-02,4.552837252382006816e-02,3.635444078679063440e-02,6.791486224829719476e-02,7.137566288538708947e-02,1.310550441974644986e-01,5.990736711959376848e-02,2.513172506715926069e-01,1.987579537536073304e-01,6.074977107063554010e-02,1.635389783824966747e-01,3.541446105159081759e-01,2.476666051757575870e-01,3.070628306899830240e-01,2.352658342848437667e-01,5.984802112664047019e-02,1.583494031438035798e-01,6.419465772950040672e-02,3.638482758807223133e-02,6.685679219074650015e-02,3.578986273365388632e-02,6.380072965054867096e-02,2.130869954077633383e-02,1.553203126545288013e-02,5.904521288645217525e-02,5.215277918337567903e-02,6.400938999319549794e-02,3.940924890983060064e-02,4.801762076131500107e-02,1.555474274852456859e-02,1.584645013964355517e-02,5.172217923541053836e-02,7.040955956336091004e-02,7.474947467806640489e-02,2.669656847454978527e-02,9.624925370311823714e-02,1.512905914210954383e-01,1.612189910897230960e-01,4.267439537612176259e-02,1.822283007740696237e-01,1.094808580405732673e-01,1.457974353001411649e-01,1.108956307251679901e-01,2.429947744028068124e-01,7.219494314761278064e-02,8.392643726867760057e-02,5.539498871272811875e-02,4.132485332082786594e-02,6.541049862342224186e-02,9.925241712301050012e-02,1.290526009492644621e-01,1.056276262350150513e-01,2.352853703385517359e-01,2.430438389862203119e-01,6.528936799713661032e-02,1.851460392573804903e-01,4.911914375640191177e-01,2.436385753588387049e-01,3.158158670961422332e-01,2.199737370804073777e-01,5.056221189687960804e-02,1.526984965902444813e-01
1.653117014049617847e-02,3.812202437043556852e-02,2.485901307546014780e-02,1.108572225917986605e-02,5.781954165544997415e-02,6.699529355118294394e-02,7.964322830361386663e-02,1.868636522555102569e-02,9.244837854923795839e-02,0.000000000000000000e+00,6.391861712227378534e-02,4.162011513091774112e-02,1.239000699033656616e-01,3.516518149794344711e-02,2.406971240638106080e-02,2.452817364218768878e-02,1.990706131472633200e-02,3.650604488835340611e-02,3.841425509703801783e-02,6.917897659812106970e-02,3.268724054508355403e-02,1.338902649284151314e-01,1.054669024197399246e-01,3.234079538187617509e-02,8.742881707829369686e-02,1.898189480930337625e-01,1.304023947182001986e-01,1.659290405237549282e-01,1.248316074792270164e-01,3.268853116039537737e-02,8.607297113733955451e-02,3.496910808127950271e-02,1.966640548925747273e-02,3.635834812332981031e-02,1.901324134925715462e-02,3.530124219783135897e-02,1.167661986335073558e-02,8.300823375416578609e-03,3.201635806674185680e-02,2.901053842261999693e-02,3.575030677960391173e-02,2.136629730819205111e-02,2.617411657923004314e-02,8.491092926580182804e-03,8.648792718292719339e-03,2.814315207935374000e-02,3.759258689801159986e-02,3.906391894822190680e-02,1.448277625789146789e-02,5.228948251402065067e-02,7.938521154720436235e-02,8.707645369141438219e-02,2.312981007594383173e-02,9.516336386311943785e-02,6.104967955924538864e-02,7.850510200310178988e-02,6.142907485484700586e-02,1.311868566872740893e-01,3.939994109592433874e-02,4.407732015873611769e-02,2.978519392694350953e-02,2.208817688134150081e-02,3.451733371041197651e-02,5.354790361632118245e-02,6.720322168264501739e-02,5.783775139026419571e-02,1.234688423059485674e-01,1.286686626146922585e-01,3.517409928099685806e-02,9.867339902460568746e-02,2.651522513921264479e-01,1.289401789657420860e-01,1.706408754955334728e-01,1.165329141702017152e-01,2.707815844656255577e-02,8.276402345015512751e-02
2.077375020121450047e-02,4.770394417875307297e-02,3.203957830721664013e-02,1.402926765989873092e-02,7.207579875625505506e-02,8.555183805363415772e-02,9.929667889726766228e-02,2.301848317382862094e-02,1.182953025023104621e-01,6.391861712227378534e-02,0.000000000000000000e+00,5.255369632406126090e-02,1.546534479525152050e-01,4.404222975926581907e-02,3.108091171206501038e-02,3.085576020611772996e-02,2.472237692905135051e-02,4.592074729633442015e-02,4.893443715178645570e-02,8.795337225100265111e-02,4.054199276657060452e-02,1.686688820253294252e-01,1.332126784307149647e-01,4.117248464416310011e-02,1.099964218192715226e-01,2.384210081504803402e-01,1.651604841384984590e-01,2.090948986968253764e-01,1.579526782070971858e-01,4.075485672636234430e-02,1.078128651427295304e-01,4.274824580816587866e-02,2.446740893744248774e-02,4.540472322226241780e-02,2.404806459589704792e-02,4.337262153573297890e-02,1.442373935855325098e-02,1.067706029656508536e-02,3.921183057076294692e-02,3.528402317921940090e-02,4.393263654502456428e-02,2.650899965932165814e-02,3.302890806978316801e-02,1.055635479975264475e-02,1.073003777460768311e-02,3.466223172868537067e-02,4.717631040503238171e-02,5.038746595618617818e-02,1.839165411755052520e-02,6.550485214249029964e-02,1.013627914658358498e-01,1.088006351584394626e-01,2.886903417656956281e-02,1.223392947413179666e-01,7.575745442477256619e-02,9.943016956549599605e-02,7.678816933586936344e-02,1.641551981560339379e-01,4.886773854346328910e-02,5.607096957043360835e-02,3.756729361364483794e-02,2.787222395363618196e-02,4.414366235306665248e-02,6.793719290078281681e-02,8.649993431323386994e-02,7.121656696187959878e-02,1.577723274080584659e-01,1.630809285195488068e-01,4.445171830696720283e-02,1.250857204271176304e-01,3.327002219124643445e-01,1.636741655415166752e-01,2.146622394192719274e-01,1.470748785643148648e-01,3.465682565283027122e-02,1.040624961330984949e-01
1.368465475338656243e-02,3.074980459741508826e-02,2.071611594569304146e-02,9.119599944780773515e-03,4.682783038869996889e-02,5.490365348551715791e-02,6.518796776621509081e-02,1.525711738835239077e-02,7.533143546730622364e-02,4.162011513091774112e-02,5.255369632406126090e-02,0.000000000000000000e+00,1.012382638927210032e-01,2.855639686222146909e-02,2.022877043151418558e-02,1.982753742928390975e-02,1.639076283829098840e-02,2.984354717837862242e-02,3.144936492464672773e-02,5.616068447374900768e-02,2.716635680892993260e-02,1.082385231123758063e-01,8.731497328130523317e-02,2.689711169622809386e-02,7.142695325302809983e-02,1.559658330849631180e-01,1.061552782730733335e-01,1.351221067828484723e-01,1.013041328305454986e-01,2.653343608684943095e-02,7.055918037843027235e-02,2.848717391990080242e-02,1.627552161964055874e-02,3.029410967620721137e-02,1.572153347855749853e-02,2.857144934098942990e-02,9.377439599519171720e-03,6.795860481508585529e-03,2.608525093769458944e-02,2.372139472615754710e-02,2.949783633650484779e-02,1.785347261951099329e-02,2.115038726350064804e-02,6.985935522490499192e-03,7.010140444043547366e-03,2.341535466613150693e-02,3.047604677685341462e-02,3.223331208667871983e-02,1.215424510401217663e-02,4.245831480677488695e-02,6.520583087742728989e-02,7.133806770438914924e-02,1.899536820468901085e-02,7.811787418600421584e-02,4.987632452182703957e-02,6.422781975367972129e-02,5.112456190745388179e-02,1.076169893051291127e-01,3.205348489865166017e-02,3.638568966494297452e-02,2.436815654432508693e-02,1.790699551178656646e-02,2.815721956346439736e-02,4.362822299200855986e-02,5.457486447785394462e-02,4.768443237854996797e-02,1.008548206085519705e-01,1.056894859465035141e-01,2.923788557016559000e-02,8.041774017691480370e-02,2.179996961999471350e-01,1.048902840074663334e-01,1.391450554303428622e-01,9.469758835907543526e-02,2.197741882729091142e-02,6.827575296349143452e-02
4.035822959717577652e-02,9.425335802822144837e-02,6.117701463006657014e-02,2.713817096734455481e-02,1.403830613213211120e-01,1.659856852662630888e-01,1.950397178050976010e-01,4.570371610099041582e-02,2.294899292021436443e-01,1.239000699033656616e-01,1.546534479525152050e-01,1.012382638927210032e-01,0.000000000000000000e+00,8.595449997211630777e-02,5.884880125020466868e-02,6.042895213078933181e-02,4.901162682419624855e-02,8.957021807314148598e-02,9.263116216626376964e-02,1.701217460348976585e-01,8.006672669411864229e-02,3.297828538077340887e-01,2.591414542174503843e-01,7.988007343775913038e-02,2.162508960559463567e-01,4.651524640957186985e-01,3.218864424070298491e-01,4.064804531950965694e-01,3.091229455427154105e-01,7.982262843141418873e-02,2.098784341180138513e-01,8.604488707351055921e-02,4.879340136227443281e-02,8.838433267185014097e-02,4.735457719150643063e-02,8.572398232730230050e-02,2.845902830808362538e-02,2.032882933504632367e-02,7.922616269499883901e-02,7.025388714005141588e-02,8.612993999712041659e-02,5.325857339822479691e-02,6.360183519866910440e-02,2.105227197634370814e-02,2.103823691414161839e-02,6.980947847491486558e-02,9.225690904155899041e-02,9.759016768681375020e-02,3.585032971688307396e-02,1.274992274338217213e-01,1.984902475448482029e-01,2.141857497888097484e-01,5.621537065969599983e-02,2.373107167423485764e-01,1.477954271818384402e-01,1.909935133615874858e-01,1.493509802845199574e-01,3.230253616366692282e-01,9.592119137953698804e-02,1.099221211727695324e-01,7.365284831984544867e-02,5.448354381111853578e-02,8.543493952311428941e-02,1.305620007904838009e-01,1.669923949720224787e-01,1.415593754166165064e-01,3.068770789131192167e-01,3.180402867908815323e-01,8.629623819347280456e-02,2.440412505261065068e-01,6.527127023380110415e-01,3.194527643718879650e-01,4.156951153068339511e-01,2.878834688213322557e-01,6.574021488066610075e-02,2.026182014439399659e-01
1.113208238926335567e-02,2.628935837472145057e-02,1.727990237141621352e-02,7.520237271732666678e-03,3.932008207791411886e-02,4.636942084019148036e-02,5.413438226571060108e-02,1.266989626543486153e-02,6.425983680222499550e-02,3.516518149794344711e-02,4.404222975926581907e-02,2.855639686222146909e-02,8.595449997211630777e-02,0.000000000000000000e+00,1.623331297224655384e-02,1.677918997106220625e-02,1.382724349846356331e-02,2.482533055623270188e-02,2.645070350698078970e-02,4.770576658020600491e-02,2.204961357615314518e-02,9.249922966658993828e-02,7.207517492353668342e-02,2.213177561776237881e-02,6.021072074231129806e-02,1.293472349788961084e-01,9.036439558812373041e-02,1.144039490080838439e-01,8.692672711446841616e-02,2.287091151622647894e-02,5.905705462643753845e-02,2.369464736304473240e-02,1.326278645010205148e-02,2.456588636762213618e-02,1.304140895666700689e-02,2.367421207563084190e-02,7.893663928794826187e-03,5.671056361488026852e-03,2.177617955637831809e-02,1.959143986826349798e-02,2.424702464402016255e-02,1.481883970087952834e-02,1.791335776391785040e-02,5.744140440675148292e-03,5.868316874573937733e-03,1.936961619881930746e-02,2.572249893152884700e-02,2.726557294423860925e-02,9.973534230414374258e-03,3.568216426422995968e-02,5.571026256385948339e-02,5.968500431430621284e-02,1.580627474448472597e-02,6.653705086048319894e-02,4.163028301402680459e-02,5.328717674660497089e-02,4.206130789433425166e-02,9.041655636043270661e-02,2.664130595677960053e-02,3.085870159471531399e-02,2.047973466339940776e-02,1.540879629310596376e-02,2.385277274080161575e-02,3.717722330735313829e-02,4.672294560123699952e-02,3.953966737535360987e-02,8.559137907511442378e-02,8.833943480352082767e-02,2.393150881488407059e-02,6.861062613653498565e-02,1.830969846478912033e-01,8.994514235782384570e-02,1.168233527914445125e-01,8.093887580865495590e-02,1.862126572695311719e-02,5.645118764062798805e-02
8.476077578948389493e-03,1.825079860324871003e-02,1.256795819928688447e-02,5.443264107007367118e-03,2.747261686636987693e-02,3.304432680375368053e-02,3.805254327989068125e-02,9.192618309377125971e-03,4.589594850650163121e-02,2.406971240638106080e-02,3.108091171206501038e-02,2.022877043151418558e-02,5.884880125020466868e-02,1.623331297224655384e-02,0.000000000000000000e+00,1.202860752219338941e-02,9.364563058968206413e-03,1.757982848351158714e-02,1.896745474463973347e-02,3.393986630478060262e-02,1.623562035633935308e-02,6.507791738129925507e-02,5.322227711646952686e-02,1.674527110845189237e-02,4.213277318077096600e-02,9.383172831132746694e-02,6.310144586098326291e-02,7.953837409964988059e-02,6.018395732044582586e-02,1.511127436737188558e-02,4.136414686375285837e-02,1.703890633372151867e-02,9.690250944785448739e-03,1.804681744565798246e-02,9.471049019612218581e-03,1.639506429686153621e-02,5.574828930399833987e-03,4.394398443889919494e-03,1.574830217554088960e-02,1.376338157984696720e-02,1.691362404893246435e-02,1.045001585247527960e-02,1.226389186838294093e-02,3.996246212782739518e-03,4.263986477605730130e-03,1.344820355298887403e-02,1.815507871906149248e-02,1.922925144134398842e-02,7.187319106057383535e-03,2.512425857839045359e-02,3.894526526994845222e-02,4.157073343573535612e-02,1.134633863516642908e-02,4.753874007379251670e-02,2.820619976866512585e-02,3.876080369963588040e-02,2.940076363130905354e-02,6.303238455272801299e-02,1.842504979019103997e-02,2.191981671456733061e-02,1.426979733633629462e-02,1.026218842784994666e-02,1.676127178526019487e-02,2.554263662121875750e-02,3.339847753065870034e-02,2.721568300913434699e-02,6.134333211872149139e-02,6.401738064063255962e-02,1.739946366617062951e-02,4.737318589960292509e-02,1.291486412159544295e-01,6.266080106246818548e-02,8.143096713999158076e-02,5.602187934448175227e-02,1.290965614939868292e-02,4.006735948111141143e-02
8.103143166887011306e-03,1.838336105502050982e-02,1.223426129503710907e-02,5.251566863123103418e-03,2.747063390370410585e-02,3.280302944076834287e-02,3.832144940126486210e-02,8.915079511700433126e-03,4.552837252382006816e-02,2.452817364218768878e-02,3.085576020611772996e-02,1.982753742928390975e-02,6.042895213078933181e-02,1.677918997106220625e-02,1.202860752219338941e-02,0.000000000000000000e+00,9.536119511112797070e-03,1.753319075466909863e-02,1.843828869738493512e-02,3.379506718879429078e-02,1.579514641566532804e-02,6.493363141830676977e-02,5.149337096455133128e-02,1.591684205409183220e-02,4.222717652710857028e-02,9.233999554545474497e-02,6.371061277106274123e-02,8.102790749643387636e-02,6.124380556746873011e-02,1.575057803212668445e-02,4.160058035761388107e-02,1.699287489630918815e-02,9.646860109976385794e-03,1.747626258708346453e-02,9.292283594436612920e-03,1.658043617068163597e-02,5.527065745821359809e-03,4.174907839383727726e-03,1.559892557766526418e-02,1.360074730020071829e-02,1.678892973010397485e-02,1.032960004296572774e-02,1.262863644468087930e-02,4.118018294448168304e-03,4.085714770754056771e-03,1.359932882755152637e-02,1.842968268153980654e-02,1.905677968257937435e-02,6.962592836643554869e-03,2.498286062407522809e-02,3.917919750754139674e-02,4.198404995190395395e-02,1.103418321228987961e-02,4.681184677824289792e-02,2.900338108565737177e-02,3.814634263079910020e-02,2.929760947619000633e-02,6.380288856954093035e-02,1.867765196349867318e-02,2.165633334748148786e-02,1.446208540327598505e-02,1.061928132059994541e-02,1.693601936958113660e-02,2.585469229898480076e-02,3.305981359954891785e-02,2.753527345926536085e-02,6.114790354038377590e-02,6.293461999154426056e-02,1.707684299949345508e-02,4.813503695056441795e-02,1.281615250188966604e-01,6.278798198740498382e-02,8.276412564429148910e-02,5.650078302578947359e-02,1.341045456025012281e-02,3.992700271592245637e-02
6.451252227371369330e-03,1.500516237411789189e-02,9.685420213151134036e-03,4.370645166058785037e-03,2.269452509292235742e-02,2.618566447246148746e-02,3.142659278814327606e-02,7.211589925891925650e-03,3.635444078679063440e-02,1.990706131472633200e-02,2.472237692905135051e-02,1.639076283829098840e-02,4.901162682419624855e-02,1.382724349846356331e-02,9.364563058968206413e-03,9.536119511112797070e-03,0.000000000000000000e+00,1.405774595805666348e-02,1.494557260446073566e-02,2.694620559455857337e-02,1.290206031279254352e-02,5.204553030799425467e-02,4.119203414107288491e-02,1.265367435149597833e-02,3.421815644096337650e-02,7.434979212302425533e-02,5.114724075216035837e-02,6.534589382326022600e-02,4.904559318661102368e-02,1.285917778438201015e-02,3.364426109052053027e-02,1.360473956164321395e-02,7.686592211827193710e-03,1.418833756927652574e-02,7.369857430983257386e-03,1.391165703381892944e-02,4.629247481076280771e-03,3.220319459023316018e-03,1.251855450500470764e-02,1.130507828231625857e-02,1.398179862792390399e-02,8.457861902634431286e-03,1.028451778602781225e-02,3.331614758986301428e-03,3.357483587210596202e-03,1.130103104461849944e-02,1.479127093924837918e-02,1.531610980889868204e-02,5.690672557193091063e-03,2.046950842897699366e-02,3.142814383956866325e-02,3.427095554657244580e-02,8.960186320606276095e-03,3.732906376054274250e-02,2.382450106264017917e-02,3.070592848388556742e-02,2.426650498938919334e-02,5.173267963989551521e-02,1.543752523178779784e-02,1.724899997889874081e-02,1.177751078748228569e-02,8.694337844621861933e-03,1.353316282137286865e-02,2.082087792198528478e-02,2.627162219226164899e-02,2.282899193484466682e-02,4.839414191973860635e-02,5.036289563457232304e-02,1.385636815432631820e-02,3.861095027305590233e-02,1.038977867579669451e-01,5.083393602991524013e-02,6.704566556246868703e-02,4.571585864646499769e-02,1.061055277523411527e-02,3.232685627145241020e-02
1.191043112102669298e-02,2.730260060048662202e-02,1.813631747056179688e-02,7.754250491538218840e-03,4.063824425278394353e-02,4.892646399542913138e-02,5.681585746938481313e-02,1.345723597644225486e-02,6.791486224829719476e-02,3.650604488835340611e-02,4.592074729633442015e-02,2.984354717837862242e-02,8.957021807314148598e-02,2.482533055623270188e-02,1.757982848351158714e-02,1.753319075466909863e-02,1.405774595805666348e-02,0.000000000000000000e+00,2.752529158257514819e-02,5.001919992710290863e-02,2.341894005015404331e-02,9.719489220224865333e-02,7.658359052384268451e-02,2.374969358639662451e-02,6.306802952736036139e-02,1.375917225373326780e-01,9.531735207184220682e-02,1.201948382632894996e-01,9.080833435788937535e-02,2.345551917827043420e-02,6.205298571874638680e-02,2.525430002346843242e-02,1.422025735046163197e-02,2.616324093280328333e-02,1.387230759403648879e-02,2.431974502176607877e-02,8.091652136412630716e-03,6.039428531898275755e-03,2.315438399057312413e-02,2.032445400445595518e-02,2.507712696067523200e-02,1.535961654281556288e-02,1.841978755082198868e-02,6.052056917896108182e-03,6.059346157992175942e-03,2.051445857972339706e-02,2.733433543192147555e-02,2.860585164091862531e-02,1.047867923442487824e-02,3.725321486522403802e-02,5.845266233317875787e-02,6.254241108786989800e-02,1.672259669812978591e-02,6.945311874516228723e-02,4.312973070088884503e-02,5.677561827658644117e-02,4.390279448616043328e-02,9.520052494054997982e-02,2.773417309898063010e-02,3.269828959420650188e-02,2.141121352335140920e-02,1.599928435609605792e-02,2.511492963353073940e-02,3.875779482569882695e-02,4.911545665278990724e-02,4.193525656489326819e-02,9.082392338100893359e-02,9.385910969218509703e-02,2.583600757576122453e-02,7.202637738932241018e-02,1.911295383545885962e-01,9.381837848757861031e-02,1.228102305871337230e-01,8.436294140803368702e-02,1.961509639757045079e-02,5.925883015032166329e-02
1.253327786412282430e-02,2.842982105337087465e-02,1.940782606942963520e-02,8.521298051090721998e-03,4.349067664337460254e-02,5.157736148030982876e-02,5.978797998825371995e-02,1.376579897016961401e-02,7.137566288538708947e-02,3.841425509703801783e-02,4.893443715178645570e-02,3.144936492464672773e-02,9.263116216626376964e-02,2.645070350698078970e-02,1.896745474463973347e-02,1.843828869738493512e-02,1.494557260446073566e-02,2.752529158257514819e-02,0.000000000000000000e+00,5.302947106316889536e-02,2.442409465110892408e-02,1.012447362563899250e-01,8.041080885186005500e-02,2.493916340371927706e-02,6.618093633958448130e-02,1.432131351851738954e-01,9.874890350848808396e-02,1.253105569694729637e-01,9.457440431963197447e-02,2.442526276585993764e-02,6.447615731890737889e-02,2.552674090393119641e-02,1.485768022268078338e-02,2.693724557232079694e-02,1.439859395861887818e-02,2.618584935165815114e-02,8.782837453013388890e-03,6.553881549697714547e-03,2.349134661027056994e-02,2.105958475703169352e-02,2.619016608888931688e-02,1.591000576864753935e-02,1.995060930621262926e-02,6.352842958400556871e-03,6.432118541797570040e-03,2.068700925661837164e-02,2.833038960658903690e-02,3.044019624879847410e-02,1.116220031464628532e-02,3.947934069721845823e-02,6.058000370225444936e-02,6.538209702058306316e-02,1.733637065434571675e-02,7.375263892607218652e-02,4.504489316945396726e-02,5.997572139890050558e-02,4.581066502976303967e-02,9.823987171331124979e-02,2.952422576512536354e-02,3.330870258134734085e-02,2.265343736178092662e-02,1.663489021343322882e-02,2.656394005840928552e-02,4.065330728364192209e-02,5.200591204676615481e-02,4.233435948046346264e-02,9.458274012249301421e-02,9.766882469491107444e-02,2.673873569631272235e-02,7.449574104681916387e-02,1.993233674290595114e-01,9.791053478108284469e-02,1.286519504848710471e-01,8.810845591849514324e-02,2.080355402145048563e-02,6.248713873641753569e-02
2.266056531753963404e-02,5.207978760389020412e-02,3.513400937123748596e-02,1.511408116959928917e-02,7.851549594280987643e-02,9.373322777536728656e-02,1.080643112806963096e-01,2.533216654171334403e-02,1.310550441974644986e-01,6.917897659812106970e-02,8.795337225100265111e-02,5.616068447374900768e-02,1.701217460348976585e-01,4.770576658020600491e-02,3.393986630478060262e-02,3.379506718879429078e-02,2.694620559455857337e-02,5.001919992710290863e-02,5.302947106316889536e-02,0.000000000000000000e+00,4.435265992466706775e-02,1.844455153150285631e-01,1.470010283140302243e-01,4.472204211457799644e-02,1.203447980999503980e-01,2.607661645109515258e-01,1.817399916864223530e-01,2.270877497774324016e-01,1.732660196388342011e-01,4.478337891822782579e-02,1.186505378114154768e-01,4.691259756182582230e-02,2.648317069818528074e-02,5.013838260835620092e-02,2.618568573917635575e-02,4.738906660592898806e-02,1.570737126691161556e-02,1.155794242742668072e-02,4.274948185116668464e-02,3.869795967638387651e-02,4.791128563147292047e-02,2.913881433879392246e-02,3.528616626847477095e-02,1.118926803118749404e-02,1.165904615765822432e-02,3.837997356562222045e-02,5.199666628985413069e-02,5.490624587661227518e-02,1.971000013734581016e-02,7.112635064314047628e-02,1.114191848784915340e-01,1.188290016263561927e-01,3.170512505314929119e-02,1.342826315003434468e-01,8.160805698181504420e-02,1.079355263422874661e-01,8.314669060802830358e-02,1.795641470539932893e-01,5.294515725231070669e-02,6.164063041591619913e-02,4.108105299197940125e-02,3.040747033369436622e-02,4.776985820103483993e-02,7.386150054357565331e-02,9.495134445750841312e-02,7.760737923919822090e-02,1.729078995399218055e-01,1.795444426894577949e-01,4.834709966705860035e-02,1.361657782991836096e-01,3.642166959297303830e-01,1.796961646843678040e-01,2.334774796717751788e-01,1.622236901740052029e-01,3.785289512455872890e-02,1.142079522758236987e-01
1.082660147044902342e-02,2.470298073001454819e-02,1.595802421373669969e-02,7.159586987259204845e-03,3.681255166030351911e-02,4.316709473658219415e-02,5.132309553835775334e-02,1.212916355135453851e-02,5.990736711959376848e-02,3.268724054508355403e-02,4.054199276657060452e-02,2.716635680892993260e-02,8.006672669411864229e-02,2.204961357615314518e-02,1.623562035633935308e-02,1.579514641566532804e-02,1.290206031279254352e-02,2.341894005015404331e-02,2.442409465110892408e-02,4.435265992466706775e-02,0.000000000000000000e+00,8.645842782037289898e-02,6.905481391711430772e-02,2.157361623457297595e-02,5.663808066175112649e-02,1.238474106262626995e-01,8.367474843205614798e-02,1.053431365584049789e-01,8.006238728433957841e-02,2.053842805833393584e-02,5.470554921034923718e-02,2.340771579049876622e-02,1.314928631606138675e-02,2.357941272209266095e-02,1.265189178730634009e-02,2.226974537351411251e-02,7.528590093743098288e-03,5.513800771012235084e-03,2.154848384597599781e-02,1.873275522616624916e-02,2.289061424988116100e-02,1.426854762046780856e-02,1.654038289122254299e-02,5.651528701249097265e-03,5.719224347812375438e-03,1.858038200676832147e-02,2.420679453950738691e-02,2.520157190076066991e-02,9.482197663903057031e-03,3.323610590860200803e-02,5.186788833481147110e-02,5.612948506928356479e-02,1.487415526467447333e-02,6.244787497511569002e-02,3.860873868093686601e-02,5.051558374926339717e-02,4.011006205988672940e-02,8.500002222785693617e-02,2.492676250500560492e-02,2.907869823009776727e-02,1.946995601582521274e-02,1.406350209179599471e-02,2.217893069899898664e-02,3.356696719074614421e-02,4.397740500528876662e-02,3.742809174667795225e-02,8.122377157887544774e-02,8.375431981960242134e-02,2.312213080826294384e-02,6.344190298532306760e-02,1.728752601764295960e-01,8.356699066546040278e-02,1.086772751402185766e-01,7.542766494613904749e-02,1.668466698942895621e-02,5.296130996127353108e-02
