0.000000000000000000e+00,9.302309948070464074e-03,6.607831260722727904e-03,4.253397042828191421e-03,1.501742790749666968e-02,1.573378002964437999e-02,2.004347680411260740e-02,3.223540609203126746e-03,2.093402657858408136e-02,1.178139579961250127e-02,1.591637089991480847e-02,9.866524835393630788e-03,2.909433603712624147e-02,7.823535089583291691e-03,8.923818123452269269e-03,6.475307978438367244e-03,4.582401957934047025e-03,8.739610930590991505e-03,1.028661980946024915e-02,1.950100095824254531e-02,9.041791246059281001e-03,3.200360722585576800e-02,2.748046472559885142e-02,8.956546084940529562e-03,2.463796769959798738e-02,5.478465035744212869e-02,3.005032714035767855e-02,3.925563962025668818e-02,2.605599924868187700e-02,5.043288128103057613e-03,1.869944651783631701e-02,8.348627356560061816e-03,4.963195851776054310e-03,8.762299389079266504e-03,4.625400416083363941e-03,9.324381180828541019e-03,3.393488689518420285e-03,2.894783351107620573e-03,9.837373845631705235e-03,5.317999283761339416e-03,6.925637460523477104e-03,4.619007802471672072e-03,6.739696931927455226e-03,2.039068939272823365e-03,1.848972943180503042e-03,4.649122230490024092e-03,1.134602124121591137e-02,1.127314646494530226e-02,4.439938086804296434e-03,1.446826135660800317e-02,1.811161684612083017e-02,2.169925208756894042e-02,5.759409594028478373e-03,2.693746515332426719e-02,1.290477319233160336e-02,2.245798015719257038e-02,1.390627150583391598e-02,3.024458543751055301e-02,9.045983097217612928e-03,1.127910296431297241e-02,7.803205400821748745e-03,4.135651500881310991e-03,8.497274880883245660e-03,1.107475533962712713e-02,1.814286169781548913e-02,1.152240435953711360e-02,3.406122048000685687e-02,3.304946163292609568e-02,8.677762703440051323e-03,2.134705194921144092e-02,6.864172246306324277e-02,3.019746943866895295e-02,3.926042913359143599e-02,2.631847079019589836e-02,7.182194228340764951e-03,1.824186452066542397e-02
9.302309948070464074e-03,0.000000000000000000e+00,1.661499432010177246e-02,1.086295389156816463e-02,3.774609887791414292e-02,3.811133495381074238e-02,5.067734822572511622e-02,7.294054665771923171e-03,5.242729867552230888e-02,3.000498774027580973e-02,3.979851076295305018e-02,2.331519742627579869e-02,7.332623404501688313e-02,2.007277382831460649e-02,2.158688377911690062e-02,1.571143599571159233e-02,1.180356902826217025e-02,2.201967463473622141e-02,2.563796183471710871e-02,4.966362261355844465e-02,2.111167270031704193e-02,7.929301517762106510e-02,6.733321067127073789e-02,2.100604176237927737e-02,6.303479228957978298e-02,1.395709835503548546e-01,7.532313473096829970e-02,9.993216341322401497e-02,6.540483036953351204e-02,1.276803400131555979e-02,4.687783464883159279e-02,1.952973310287496253e-02,1.197354607418766974e-02,2.177693544427104777e-02,1.106015729962151958e-02,2.427033280584706479e-02,8.916030204902858705e-03,6.948396405456144266e-03,2.361015662518933453e-02,1.276207982278507527e-02,1.702289439181947639e-02,1.120153001060919876e-02,1.749464368646975326e-02,5.103581864685014825e-03,4.295798267708902766e-03,1.012302169529033340e-02,2.921190031563393810e-02,2.891123062997838500e-02,1.127164536378746917e-02,3.594485685559548060e-02,4.640574203470716058e-02,5.494248145031585540e-02,1.367948888307926082e-02,6.972500509785591050e-02,3.276199541638729479e-02,5.621834908566144401e-02,3.293620578731779741e-02,7.567309369100619354e-02,2.316684570843845561e-02,2.788035990399208297e-02,2.044348457109917278e-02,1.025008136939850080e-02,2.105126833970830807e-02,2.793596388587725812e-02,4.619936952235658562e-02,2.622200807009737733e-02,8.732782893101424804e-02,8.079613071972777116e-02,2.016826267760066585e-02,5.300336749872146952e-02,1.679068122561468146e-01,7.785251191209859034e-02,9.840258362968101746e-02,6.792446973440999236e-02,1.811803554191854584e-02,4.491696520470486037e-02
6.607831260722727904e-03,1.661499432010177246e-02,0.000000000000000000e+00,7.500074792906922215e-03,2.604947789965516083e-02,2.741057748137449429e-02,3.497507033080534539e-02,5.125330089688249872e-03,3.727221758304320037e-02,2.081740502686760946e-02,2.771570313553335316e-02,1.648083647879062044e-02,5.074095131553127414e-02,1.380933616024809796e-02,1.486746852428533217e-02,1.112014512910068122e-02,8.086540794111689301e-03,1.537972842858145207e-02,1.833415764965884778e-02,3.469748082249218823e-02,1.435185488053484885e-02,5.549757840833713374e-02,4.703895338544041710e-02,1.479174384386441367e-02,4.349540905182641692e-02,9.538397805883500058e-02,5.280822754982288786e-02,6.915661754525014027e-02,4.620522313210587151e-02,9.219750184127182766e-03,3.259885683026299275e-02,1.338377351461801125e-02,8.179813694384370504e-03,1.486019181492284104e-02,7.654503503054926709e-03,1.646402501628379395e-02,6.042089578033460993e-03,4.895794375803245481e-03,1.591392334745046072e-02,8.800726860932495468e-03,1.176627721919536879e-02,7.683831547014109697e-03,1.207615993628332121e-02,3.477043797013588348e-03,2.992609272420407220e-03,7.052994720793656462e-03,2.005757520191014942e-02,2.030909601707360512e-02,7.891031592621342364e-03,2.474207295451746891e-02,3.255143686172994044e-02,3.789987648916379875e-02,9.531922328458333413e-03,4.837812252514265415e-02,2.255501262782997826e-02,3.917266711703099730e-02,2.296651062293179890e-02,5.239113268802583073e-02,1.614029606978405196e-02,1.904634095590790679e-02,1.414440631481520515e-02,7.139245801431480000e-03,1.466417904373794150e-02,1.991843019202462622e-02,3.242149296801175029e-02,1.811494257476551142e-02,6.039756359723633117e-02,5.624486882427255641e-02,1.423232217502486650e-02,3.704663409423261666e-02,1.160809495381357470e-01,5.422034445631952748e-02,6.855354201250495050e-02,4.745582818554579946e-02,1.258179364216261385e-02,3.130475731958836522e-02
4.253397042828191421e-03,1.086295389156816463e-02,7.500074792906922215e-03,0.000000000000000000e+00,1.755651998146650489e-02,1.745792123697098228e-02,2.341191196634476515e-02,3.362799106346073957e-03,2.438649886772448205e-02,1.379669168801056674e-02,1.845853842609439244e-02,1.079963350171310801e-02,3.382107587376921576e-02,9.263477473712975960e-03,9.681478085256867844e-03,7.108810769967257616e-03,5.438539026428336129e-03,1.004075222738491299e-02,1.182445476955811675e-02,2.244629880751300433e-02,9.681242616661067321e-03,3.573348754101655228e-02,3.046388576020974889e-02,9.546152805366820565e-03,2.886257155391991347e-02,6.320644302440389661e-02,3.439274903708636200e-02,4.533475060909002846e-02,2.998677197388929100e-02,5.900254793705183784e-03,2.147458504180780117e-02,9.071313903631658335e-03,5.658409199968240412e-03,1.017842335416614674e-02,5.185524531518958570e-03,1.108422207527936035e-02,4.067720310157235328e-03,3.146454272848434736e-03,1.085915301085717440e-02,5.860442221571266971e-03,7.900760299334848302e-03,5.184827373503780347e-03,8.188987956088248504e-03,2.385530210791839134e-03,1.959435791770674888e-03,4.591331101218792607e-03,1.310299876953591701e-02,1.342462986280684722e-02,5.366789962255589727e-03,1.672910503743543775e-02,2.135842205117573570e-02,2.529753466438250040e-02,6.247177749543352324e-03,3.177828020054886821e-02,1.521512812401474776e-02,2.585492800885914183e-02,1.532802312396762574e-02,3.463273713159699396e-02,1.080892476741789412e-02,1.275832391208212707e-02,9.268846720964285524e-03,4.781265703930994045e-03,9.754264651156661914e-03,1.290102830408127420e-02,2.070630653349685504e-02,1.225711984746477058e-02,3.903776100525118559e-02,3.674986077152397196e-02,9.124330011038954413e-03,2.437061355003486071e-02,7.653452393319495894e-02,3.532176540317699676e-02,4.464490617811577716e-02,3.067546284119452779e-02,8.045320583407516643e-03,2.049326858170484600e-02
1.501742790749666968e-02,3.774609887791414292e-02,2.604947789965516083e-02,1.755651998146650489e-02,0.000000000000000000e+00,6.099834335134420721e-02,8.219301726351457837e-02,1.167378730233638653e-02,8.363869806871976342e-02,4.827167603459817102e-02,6.374661276196333382e-02,3.761647541398899230e-02,1.185570215354132817e-01,3.243611668640754286e-02,3.428511866824793947e-02,2.496202620671797087e-02,1.887232819601053144e-02,3.512810387701481574e-02,4.093249009487343049e-02,7.812967994422881368e-02,3.428047837914077051e-02,1.250103469343776252e-01,1.062150341526597458e-01,3.331107941729354038e-02,1.008759816743142468e-01,2.204793456592606671e-01,1.192732350770554089e-01,1.591653395384712844e-01,1.038120058626900294e-01,2.039389189546699996e-02,7.466104555583771840e-02,3.232491488269379626e-02,1.974345872158518589e-02,3.528265846795448218e-02,1.813681347939054278e-02,3.917258646970617902e-02,1.441589839853216898e-02,1.117685064508770233e-02,3.860803059559649031e-02,2.044434233700493167e-02,2.733718758946291141e-02,1.785745822283652320e-02,2.780181080178974196e-02,8.351408317136779780e-03,6.943428773380378588e-03,1.623818888722276116e-02,4.600307301295265827e-02,4.622199818320659598e-02,1.836728433618214570e-02,5.830392331906625314e-02,7.405487456914741640e-02,8.864170653332366367e-02,2.176303071175686790e-02,1.109216576273027999e-01,5.314657158477910370e-02,9.041616914211507428e-02,5.379415238352243389e-02,1.213944959227094972e-01,3.681120083574274116e-02,4.451781615585966717e-02,3.228368883000731077e-02,1.644391968039966498e-02,3.394442906199492127e-02,4.446253456973196100e-02,7.301271877170686930e-02,4.293670615862955897e-02,1.373279156237068588e-01,1.285694333641429488e-01,3.225341498455887301e-02,8.495756007079285910e-02,2.678075127646856179e-01,1.229618150481251310e-01,1.572384134045759496e-01,1.072508342629850953e-01,2.849287388815634550e-02,7.141276252914396938e-02
1.573378002964437999e-02,3.811133495381074238e-02,2.741057748137449429e-02,1.745792123697098228e-02,6.099834335134420721e-02,0.000000000000000000e+00,8.179279340438397328e-02,1.182353009822221038e-02,8.638753599273503447e-02,4.816864492550944343e-02,6.460217972077894610e-02,3.813503924244708576e-02,1.182541490196693662e-01,3.186090754472890862e-02,3.479868304006847324e-02,2.577405321985915335e-02,1.886425419747612964e-02,3.585517017879046725e-02,4.232936872814879042e-02,8.073459514720096597e-02,3.411384221526247290e-02,1.293455717916554004e-01,1.112568280909908836e-01,3.426095144646757601e-02,1.014164355619041058e-01,2.230317007708863541e-01,1.233506450726712944e-01,1.612158961567950466e-01,1.065229760621720229e-01,2.100304584193603968e-02,7.540333589131145708e-02,3.221404575792941039e-02,1.926313497196231045e-02,3.516670243027390091e-02,1.812460805147986936e-02,3.846596400965445611e-02,1.399477593131151672e-02,1.136444572331176371e-02,3.817190111748075543e-02,2.104098877395926478e-02,2.733191414726484150e-02,1.778566414304409357e-02,2.795794589559290680e-02,8.217613140590990586e-03,7.088549692057350207e-03,1.718572211291160418e-02,4.740987427053249686e-02,4.714127159902239961e-02,1.822034907607851181e-02,5.778351403196003988e-02,7.533598799277652081e-02,8.873433202260040675e-02,2.242558480759226924e-02,1.131362744785700397e-01,5.228129571515834767e-02,9.160893376833800783e-02,5.340444730031618237e-02,1.225987593182767260e-01,3.713697097523836060e-02,4.488449107431376900e-02,3.268907883244912688e-02,1.654988121096836323e-02,3.397672589984638419e-02,4.639449690922654856e-02,7.538903470133972995e-02,4.339417619383301172e-02,1.414955083451535367e-01,1.337960377708840021e-01,3.347229031998884968e-02,8.618629834089867880e-02,2.729281313098874118e-01,1.266924087577945834e-01,1.595326040403852730e-01,1.099661060561400866e-01,2.946875219930100362e-02,7.292959526834384698e-02
2.004347680411260740e-02,5.067734822572511622e-02,3.497507033080534539e-02,2.341191196634476515e-02,8.219301726351457837e-02,8.179279340438397328e-02,0.000000000000000000e+00,1.569060118260223388e-02,1.129969442794337420e-01,6.445668840713354719e-02,8.562094829616467839e-02,5.035973785743635273e-02,1.580006529490500800e-01,4.322809688214812596e-02,4.566861356367939162e-02,3.350532568424743202e-02,2.547958557213995251e-02,4.691668939556512680e-02,5.492992455192411555e-02,1.048195317883876959e-01,4.561976689824110559e-02,1.679197462937783436e-01,1.424362199059521494e-01,4.462745386314091733e-02,1.353419887531139010e-01,2.948479933114029894e-01,1.593153567909454393e-01,2.126574549492250554e-01,1.388230219672261512e-01,2.721431076381122804e-02,9.917230852507341599e-02,4.320576213386428943e-02,2.606586302802782820e-02,4.719923687162112802e-02,2.435453880906609733e-02,5.258507251443927943e-02,1.930825943853944904e-02,1.498211603026184530e-02,5.176209150378761892e-02,2.786231008725548880e-02,3.681139416639910705e-02,2.407083088273888338e-02,3.738480929081584858e-02,1.122824872100602542e-02,9.393158015793653254e-03,2.172457709530263570e-02,6.168134350094257173e-02,6.156033488946247023e-02,2.454740344464363330e-02,7.770116444156056901e-02,9.908303424565036155e-02,1.190697501846566392e-01,2.913727302387536175e-02,1.486881656442757549e-01,7.109613626701180578e-02,1.207636407568058040e-01,7.180263479514327474e-02,1.627905748749914616e-01,4.935403166220651838e-02,5.906778927195074913e-02,4.284841331917382812e-02,2.201758177546978001e-02,4.481218084966853699e-02,5.983901167411116023e-02,9.770180178191971432e-02,5.698580947801663160e-02,1.833540934652348464e-01,1.719942877112373703e-01,4.317776831167453866e-02,1.131022034968156703e-01,3.572114089456701058e-01,1.644933635259411830e-01,2.105537690883332591e-01,1.432964133947640384e-01,3.830884551564851803e-02,9.547448174083217332e-02
3.223540609203126746e-03,7.294054665771923171e-03,5.125330089688249872e-03,3.362799106346073957e-03,1.167378730233638653e-02,1.182353009822221038e-02,1.569060118260223388e-02,0.000000000000000000e+00,1.633958868798231906e-02,9.255123599542853380e-03,1.239879150916570194e-02,7.596654146433031059e-03,2.256314432026876315e-02,6.032573767073014757e-03,6.911761406447646146e-03,4.934049429979166235e-03,3.572327675622862051e-03,6.868010897108343255e-03,8.150488716174582315e-03,1.517169631716787370e-02,6.807704160117173352e-03,2.462714806189758229e-02,2.124440951822247070e-02,6.879406090520369214e-03,1.929144082610799449e-02,4.298074110854855495e-02,2.308061696362171539e-02,3.087680552502573145e-02,1.976008030028627432e-02,3.857316283596673445e-03,1.442787091651062670e-02,6.126981428905294187e-03,3.679125071389836854e-03,6.799399467132100604e-03,3.471285409194859589e-03,7.184099584592027778e-03,2.657531127113004453e-03,2.185617746579303095e-03,7.294481974310690515e-03,4.006300379872267288e-03,5.277355504305623370e-03,3.457642053350977202e-03,5.300302884010263220e-03,1.588125992824268020e-03,1.430075340660688513e-03,3.361395746302899782e-03,9.026523970541166370e-03,8.954820996696430738e-03,3.493163780537291135e-03,1.113445198118657997e-02,1.410488634116653997e-02,1.697521571953604369e-02,4.478654078270319361e-03,2.123930774491743223e-02,1.004666206154680719e-02,1.780375615591929875e-02,1.070495682043153679e-02,2.346627217765535900e-02,6.988851889602784584e-03,8.659597531256802219e-03,6.107166979120497163e-03,3.199852567136594623e-03,6.565653859805521339e-03,8.854296154762835575e-03,1.432205812055593538e-02,8.784244443848465006e-03,2.687216289197210534e-02,2.591395757412510645e-02,6.607981039197208598e-03,1.654625159989648459e-02,5.303812482488215463e-02,2.392694473586896159e-02,3.068314813299381424e-02,2.039295067516208940e-02,5.575911204250251496e-03,1.413045190711706076e-02
2.093402657858408136e-02,5.242729867552230888e-02,3.727221758304320037e-02,2.438649886772448205e-02,8.363869806871976342e-02,8.638753599273503447e-02,1.129969442794337420e-01,1.633958868798231906e-02,0.000000000000000000e+00,6.654443027248417575e-02,8.910689034387841989e-02,5.221543336738005553e-02,1.628307315962378155e-01,4.394815202510319457e-02,4.805870710969099152e-02,3.518669685336946878e-02,2.597696420529581329e-02,4.855007118197240956e-02,5.863715665446062736e-02,1.109944615148008573e-01,4.648861860140654501e-02,1.767791263091017806e-01,1.515656420700876861e-01,4.651702043224393429e-02,1.400502075385423040e-01,3.086792644909131522e-01,1.691594580348113053e-01,2.213321997718991907e-01,1.459414629365459182e-01,2.863878858699406976e-02,1.035095331573886585e-01,4.410395581789307295e-02,2.679447825691010782e-02,4.881786643509870849e-02,2.517055582985293707e-02,5.341009730129684524e-02,1.985676636165284795e-02,1.570606637767453864e-02,5.293412968746724623e-02,2.910418273950257650e-02,3.795757852326527015e-02,2.487375166394588041e-02,3.909956295686890793e-02,1.137973769796173269e-02,9.785582108400742510e-03,2.238299865670529201e-02,6.457591604650136929e-02,6.459184388044794667e-02,2.515905195514499607e-02,7.962748755406112711e-02,1.037891039984813468e-01,1.223367012955801220e-01,3.042736212763328188e-02,1.561050408814084189e-01,7.261276234450772527e-02,1.258999295508573257e-01,7.323261937604738647e-02,1.683430031451168540e-01,5.123601665546355377e-02,6.130274860095077244e-02,4.499134254399139027e-02,2.279277567891490816e-02,4.659419087229067086e-02,6.344446219687993604e-02,1.033721383735152766e-01,5.778416094712609391e-02,1.942695162409775744e-01,1.812301645850488696e-01,4.520756147591076246e-02,1.175438929414523714e-01,3.724343029792872573e-01,1.742125052563549548e-01,2.192927895553055395e-01,1.507765839954175180e-01,4.020503185559920478e-02,9.911921676010271298e-02
1.178139579961250127e-02,3.000498774027580973e-02,2.081740502686760946e-02,1.379669168801056674e-02,4.827167603459817102e-02,4.816864492550944343e-02,6.445668840713354719e-02,9.255123599542853380e-03,6.654443027248417575e-02,0.000000000000000000e+00,5.078022553939865597e-02,2.926686742237140718e-02,9.246956583467987045e-02,2.543298259299458727e-02,2.723792516950149581e-02,1.984234777073453151e-02,1.471133460637689787e-02,2.765187472971353602e-02,3.288308030210600197e-02,6.304874020118199363e-02,2.657789039730931724e-02,1.002312072386548764e-01,8.494473837141039430e-02,2.616003532350104355e-02,7.976675748339842609e-02,1.746371719919364573e-01,9.514479859522492755e-02,1.258381763860113023e-01,8.202289223418510189e-02,1.617350832462560034e-02,5.850218061369501926e-02,2.479811062746169539e-02,1.510758677561151522e-02,2.736380182271807085e-02,1.386648020263458840e-02,3.092267508368090612e-02,1.134881898479644241e-02,8.750627620664577430e-03,3.005013434712201087e-02,1.628380425025271333e-02,2.145753883871719808e-02,1.388416236926422360e-02,2.236921882428258984e-02,6.477255086286470495e-03,5.471031582558781060e-03,1.245591415465665923e-02,3.670762241711119506e-02,3.641500928539961185e-02,1.452779614066498394e-02,4.593507331694398482e-02,5.837310061716798060e-02,6.995783802730234924e-02,1.741487033230931444e-02,8.783898303676351826e-02,4.178701832577636638e-02,7.199433522599173185e-02,4.131043459498140447e-02,9.600038750214667793e-02,2.966439564265477280e-02,3.465143093772005828e-02,2.554832137592736793e-02,1.271541970599066734e-02,2.647918834564598478e-02,3.566682369694296195e-02,5.761120927445276263e-02,3.300379753669471783e-02,1.097778278380957401e-01,1.018240858954401890e-01,2.530852389665136370e-02,6.686190078132792092e-02,2.098977635825329258e-01,9.767301161305200208e-02,1.254694402022470956e-01,8.462328968263727047e-02,2.304459040290692678e-02,5.618844593744973942e-02
1.591637089991480847e-02,3.979851076295305018e-02,2.771570313553335316e-02,1.845853842609439244e-02,6.374661276196333382e-02,6.460217972077894610e-02,8.562094829616467839e-02,1.239879150916570194e-02,8.910689034387841989e-02,5.078022553939865597e-02,0.000000000000000000e+00,3.985723204696290517e-02,1.234254918658666683e-01,3.358188348601466588e-02,3.620124162730827683e-02,2.639538909017111884e-02,1.962040611910469828e-02,3.685601624713259750e-02,4.396145146678438753e-02,8.298423256350444255e-02,3.543963114948767146e-02,1.319321100991965867e-01,1.127167426904865377e-01,3.498837503781432323e-02,1.059525668669752951e-01,2.326311804993972943e-01,1.262341022119955469e-01,1.675888101990510581e-01,1.096134440057976583e-01,2.162968474207228875e-02,7.851522572968674951e-02,3.340462450217857038e-02,2.046650155952591324e-02,3.693846650164043371e-02,1.894669172780552927e-02,4.065028973679127300e-02,1.519067723952636367e-02,1.171278899689929057e-02,3.965986833450607651e-02,2.169633112685702761e-02,2.891975239880924600e-02,1.872333897794855456e-02,2.975173542599065385e-02,8.709285542112577688e-03,7.331368984758727253e-03,1.696677042417539874e-02,4.843875256314862654e-02,4.865785833560491019e-02,1.936972309216778224e-02,6.101626040614232388e-02,7.817792998148273553e-02,9.280882903767449787e-02,2.308964798312205385e-02,1.167685483245700512e-01,5.556524634908478061e-02,9.556615365405438101e-02,5.601285731652154432e-02,1.275113091770765927e-01,3.915162102817187212e-02,4.641628659905584764e-02,3.400177778902203213e-02,1.741255679156857375e-02,3.571329328402617076e-02,4.753181548303842680e-02,7.716906978419851848e-02,4.434733448129259126e-02,1.454702007527883534e-01,1.353115817406811416e-01,3.364980124328608574e-02,8.900987230979429121e-02,2.809998816398864285e-01,1.302505942483701828e-01,1.652733064311668609e-01,1.126620128869431220e-01,2.991603364751556360e-02,7.540776263619941577e-02
9.866524835393630788e-03,2.331519742627579869e-02,1.648083647879062044e-02,1.079963350171310801e-02,3.761647541398899230e-02,3.813503924244708576e-02,5.035973785743635273e-02,7.596654146433031059e-03,5.221543336738005553e-02,2.926686742237140718e-02,3.985723204696290517e-02,0.000000000000000000e+00,7.304104009711684387e-02,2.003827990675014284e-02,2.197316104337782711e-02,1.575930990396470083e-02,1.156644606089311279e-02,2.167578964231521230e-02,2.573669959820091072e-02,4.869255328036887348e-02,2.178975742562019521e-02,7.799793468053704826e-02,6.777280331157481408e-02,2.132965929217138165e-02,6.212870174795793315e-02,1.380631206733133054e-01,7.412573488032174474e-02,9.826079623338733471e-02,6.438087667733581598e-02,1.223501628339446201e-02,4.640388309596481242e-02,1.974916352829348895e-02,1.211684125266245318e-02,2.224517703679915193e-02,1.129701976795237026e-02,2.400539620937001961e-02,8.710176898983238575e-03,6.887505498592752518e-03,2.378026803091153746e-02,1.304024563211084523e-02,1.751677193739368393e-02,1.121647068326880360e-02,1.725782000219230894e-02,5.072807836274726909e-03,4.344957750886798906e-03,1.046316298671483291e-02,2.854506129442676773e-02,2.889506242583657000e-02,1.140096590338788782e-02,3.575165207516885907e-02,4.536622924980902860e-02,5.478504468097386559e-02,1.414846410759901946e-02,6.831604815015633603e-02,3.260014471945048287e-02,5.628178613792347851e-02,3.393857462206317094e-02,7.564241489666452545e-02,2.295164151397590530e-02,2.818586884052901725e-02,1.957701963648961208e-02,1.013269779755243162e-02,2.094799391338450500e-02,2.798457260973377658e-02,4.462623385383503172e-02,2.757873089562482005e-02,8.504274638256439922e-02,8.128148577842053690e-02,2.061398136275964521e-02,5.250642427653744865e-02,1.690273943746721519e-01,7.574979633274159241e-02,9.803299645604712786e-02,6.554724438745336557e-02,1.775066315896530258e-02,4.500142700512415467e-02
2.909433603712624147e-02,7.332623404501688313e-02,5.074095131553127414e-02,3.382107587376921576e-02,1.185570215354132817e-01,1.182541490196693662e-01,1.580006529490500800e-01,2.256314432026876315e-02,1.628307315962378155e-01,9.246956583467987045e-02,1.234254918658666683e-01,7.304104009711684387e-02,0.000000000000000000e+00,6.258110310510851815e-02,6.690532627468115390e-02,4.910452840682306974e-02,3.645338405833552231e-02,6.817744590853254405e-02,7.921460192271065348e-02,1.534474490386113776e-01,6.629496715404675777e-02,2.455793259307463006e-01,2.079039118078642723e-01,6.506182408720012633e-02,1.965977256123621064e-01,4.313763555289761298e-01,2.328961546197597932e-01,3.090352665068438198e-01,2.027404721823162781e-01,3.912803380764552641e-02,1.447505276567032373e-01,6.211161422751686895e-02,3.778420474454768918e-02,6.773652888462279587e-02,3.487474564135312205e-02,7.568527288169715761e-02,2.780003686497538665e-02,2.160097630762546073e-02,7.514292898611477090e-02,4.014841208063160694e-02,5.325099344241179117e-02,3.491916210162930578e-02,5.422294505552103377e-02,1.605070494446176471e-02,1.340385696412751265e-02,3.157476918673987609e-02,9.015217354488591628e-02,8.987705010197835631e-02,3.547567741693746085e-02,1.120640934074888934e-01,1.437917712148628346e-01,1.718780740633893134e-01,4.238196708393176387e-02,2.163575050408985123e-01,1.022912226020715604e-01,1.749903496469976949e-01,1.040437277591562126e-01,2.364018506704918532e-01,7.095676100497838590e-02,8.685749617587359972e-02,6.297259635493353269e-02,3.178816584831228170e-02,6.535295907847188390e-02,8.678069047278108572e-02,1.422415609510951917e-01,8.305334318171354868e-02,2.690037542766080536e-01,2.515357336206587302e-01,6.320635519800149593e-02,1.645025416002473539e-01,5.240569533099589394e-01,2.400790760261060919e-01,3.057941389940723176e-01,2.091851288993050728e-01,5.573768049936857205e-02,1.388726834391699472e-01
7.823535089583291691e-03,2.007277382831460649e-02,1.380933616024809796e-02,9.263477473712975960e-03,3.243611668640754286e-02,3.186090754472890862e-02,4.322809688214812596e-02,6.032573767073014757e-03,4.394815202510319457e-02,2.543298259299458727e-02,3.358188348601466588e-02,2.003827990675014284e-02,6.258110310510851815e-02,0.000000000000000000e+00,1.803218382176906276e-02,1.322368827715642015e-02,9.994221820873089301e-03,1.862326570785612090e-02,2.180249006739115245e-02,4.166053865766403130e-02,1.784411360655721590e-02,6.677751902007696139e-02,5.604584223090643136e-02,1.755820594362327014e-02,5.380637354214690138e-02,1.177847772938779292e-01,6.348788491913057164e-02,8.443312772074210160e-02,5.502678819892449502e-02,1.069763792612626711e-02,3.943712008367745298e-02,1.677580759730655860e-02,1.029212296942281189e-02,1.841995569945558547e-02,9.329448410011294615e-03,2.032294805209113042e-02,7.511957068810568017e-03,5.930340670413631818e-03,2.027901871531239894e-02,1.060624506361169603e-02,1.421163489135960495e-02,9.312485134672462972e-03,1.489521494399202207e-02,4.323269178501495079e-03,3.676800121041149793e-03,8.446720659795242322e-03,2.477517151448030766e-02,2.460970626330319030e-02,9.777664354324285337e-03,3.081126090352150765e-02,3.925451326360430981e-02,4.695549033829772567e-02,1.169790640234702299e-02,5.917559752172500687e-02,2.788619242199318754e-02,4.806488074897088958e-02,2.835635582974205954e-02,6.474275747275079484e-02,1.959713032511989014e-02,2.380412624055021700e-02,1.721465933388958633e-02,8.629353963303358285e-03,1.793384211459014138e-02,2.363621621253448463e-02,3.863981872078855323e-02,2.264441161679845230e-02,7.349148996228691000e-02,6.804416217954666057e-02,1.707742186015095975e-02,4.496093356908813926e-02,1.427263443356504846e-01,6.528127319023195596e-02,8.323463451520971002e-02,5.691086923075875520e-02,1.511935084777307411e-02,3.749389924480178715e-02
8.923818123452269269e-03,2.158688377911690062e-02,1.486746852428533217e-02,9.681478085256867844e-03,3.428511866824793947e-02,3.479868304006847324e-02,4.566861356367939162e-02,6.911761406447646146e-03,4.805870710969099152e-02,2.723792516950149581e-02,3.620124162730827683e-02,2.197316104337782711e-02,6.690532627468115390e-02,1.803218382176906276e-02,0.000000000000000000e+00,1.454055515651019384e-02,1.056930475571053046e-02,1.994117686643783957e-02,2.305480351993012197e-02,4.454068158584723741e-02,1.966224912030426625e-02,7.180567245002371368e-02,6.134316103276728216e-02,1.968695194761981709e-02,5.712997903764277519e-02,1.274709496400035502e-01,6.794338108605911530e-02,9.032546355512198477e-02,5.978681494100141630e-02,1.157188695788472117e-02,4.302811859915139925e-02,1.821978074390805460e-02,1.130254769318817833e-02,2.020594259365738818e-02,1.028673377238409521e-02,2.157877774932445702e-02,8.075134411619028230e-03,6.365667887968465451e-03,2.170574632668825082e-02,1.182913865969206085e-02,1.583510959433364132e-02,1.035186291318632157e-02,1.566751060772466481e-02,4.592670786721115422e-03,4.066460878274189526e-03,9.687889962118723108e-03,2.609546361248680710e-02,2.613653647737194594e-02,1.030122119678342565e-02,3.260864949824525405e-02,4.193427417350260866e-02,4.964628963231965120e-02,1.246494854599585270e-02,6.237970646084031040e-02,2.972956118532601305e-02,5.079160230671502657e-02,3.126356783843869946e-02,6.890767471404529720e-02,2.048894578465200456e-02,2.583251082606730434e-02,1.840976608306196458e-02,9.411263274162355585e-03,1.942705592096235015e-02,2.527801224916820244e-02,4.148627188399955229e-02,2.471305618513573027e-02,7.830846814245902288e-02,7.375837106697462342e-02,1.873219715673148447e-02,4.823626423949877590e-02,1.548993691202136536e-01,7.010018964178096890e-02,8.905368168238340931e-02,6.090546618384972549e-02,1.599677272415047508e-02,4.135662468443985357e-02
6.475307978438367244e-03,1.571143599571159233e-02,1.112014512910068122e-02,7.108810769967257616e-03,2.496202620671797087e-02,2.577405321985915335e-02,3.350532568424743202e-02,4.934049429979166235e-03,3.518669685336946878e-02,1.984234777073453151e-02,2.639538909017111884e-02,1.575930990396470083e-02,4.910452840682306974e-02,1.322368827715642015e-02,1.454055515651019384e-02,0.000000000000000000e+00,7.696445814877146338e-03,1.464067742392586961e-02,1.711765460468803526e-02,3.320177442927475797e-02,1.428553440226755511e-02,5.280904514850704584e-02,4.543331891329484978e-02,1.417188798780263936e-02,4.171591126936922966e-02,9.245260539875325978e-02,5.050662635727622141e-02,6.658618685873837761e-02,4.421161849463256521e-02,8.671678291566873448e-03,3.142053926722097879e-02,1.321672107204399128e-02,8.014581264240743658e-03,1.461869912090172849e-02,7.445907899690539823e-03,1.585504567702784168e-02,5.795083753009516205e-03,4.693584085389778358e-03,1.584633003161848436e-02,8.583052180254364255e-03,1.134779402986506487e-02,7.417196688730740006e-03,1.151855926438895804e-02,3.402752290512757721e-03,2.917828737991099135e-03,7.051817717653187899e-03,1.952548021286171567e-02,1.926305609314620318e-02,7.455593640829644500e-03,2.365681027614537080e-02,3.102627525411394416e-02,3.633119607169091325e-02,9.241655259959515381e-03,4.618289398206244095e-02,2.167142436458462107e-02,3.743201159506794051e-02,2.208403441390720257e-02,5.051187886212631789e-02,1.512687284826050478e-02,1.862912543680467908e-02,1.348537954502349208e-02,6.813229095742019854e-03,1.409932263558657563e-02,1.868208123835088039e-02,3.085082166864391851e-02,1.793280175917661909e-02,5.841047918291048663e-02,5.473052475043754111e-02,1.383512479550045964e-02,3.546958849583695811e-02,1.125567184954256450e-01,5.178095520277936625e-02,6.569138294606260975e-02,4.499555220331356159e-02,1.208713257077974161e-02,3.035864268114619319e-02
4.582401957934047025e-03,1.180356902826217025e-02,8.086540794111689301e-03,5.438539026428336129e-03,1.887232819601053144e-02,1.886425419747612964e-02,2.547958557213995251e-02,3.572327675622862051e-03,2.597696420529581329e-02,1.471133460637689787e-02,1.962040611910469828e-02,1.156644606089311279e-02,3.645338405833552231e-02,9.994221820873089301e-03,1.056930475571053046e-02,7.696445814877146338e-03,0.000000000000000000e+00,1.089283424229100725e-02,1.274703943078757569e-02,2.441240233428424236e-02,1.044841081496234413e-02,3.907752569594162562e-02,3.319115991616683470e-02,1.037036781610622439e-02,3.129270515521511559e-02,6.892038633155163352e-02,3.748291728842821635e-02,4.950292488431448645e-02,3.222928452042095326e-02,6.266136452118294467e-03,2.278635627892813820e-02,9.727647337297251617e-03,5.921339205460941085e-03,1.054993107154114131e-02,5.309175453361398948e-03,1.215208849207943635e-02,4.428168340217960262e-03,3.408564749429758914e-03,1.182101650381228199e-02,6.316380689071491618e-03,8.290679937835766095e-03,5.359790401083198465e-03,8.811553003327071004e-03,2.578438164854886423e-03,2.175337276769033316e-03,5.067108744568627962e-03,1.448055660749655166e-02,1.438549590712713891e-02,5.685271083438758061e-03,1.799771271049083882e-02,2.304167235505510600e-02,2.750124121249377523e-02,6.902856066394742751e-03,3.448822793914292639e-02,1.618167535216441522e-02,2.830008311929349887e-02,1.646938614523101724e-02,3.791032386936506876e-02,1.161154378219230593e-02,1.379814560634034550e-02,1.007994849279760831e-02,4.972334162653025726e-03,1.037856186706125929e-02,1.394888539571891538e-02,2.279613514280383682e-02,1.318516859131845312e-02,4.325542196528507632e-02,4.037189120384631486e-02,1.007534765698707424e-02,2.635185478855068750e-02,8.325000976202182046e-02,3.869997947938243199e-02,4.931407405626369450e-02,3.327065856059300414e-02,9.073549886494520350e-03,2.200213667419509758e-02
8.739610930590991505e-03,2.201967463473622141e-02,1.537972842858145207e-02,1.004075222738491299e-02,3.512810387701481574e-02,3.585517017879046725e-02,4.691668939556512680e-02,6.868010897108343255e-03,4.855007118197240956e-02,2.765187472971353602e-02,3.685601624713259750e-02,2.167578964231521230e-02,6.817744590853254405e-02,1.862326570785612090e-02,1.994117686643783957e-02,1.464067742392586961e-02,1.089283424229100725e-02,0.000000000000000000e+00,2.392321083170325866e-02,4.653202878468774839e-02,2.001846010672017964e-02,7.448842319753722074e-02,6.344918792363890558e-02,1.943086735247103250e-02,5.843880186070401356e-02,1.295191910592587148e-01,7.110847949392791467e-02,9.275121390228811824e-02,6.130570940593448037e-02,1.184759257827511757e-02,4.318284259718781215e-02,1.832571724850320938e-02,1.095668869750625156e-02,1.964413762919700601e-02,1.000514541242486857e-02,2.244571317386270803e-02,8.051885406332564762e-03,6.502466552342152199e-03,2.222630760848424633e-02,1.174275664966883091e-02,1.546191496573369115e-02,1.000767620565368686e-02,1.614404810896362744e-02,4.712143388409144491e-03,3.982508997894977643e-03,9.635018545597081804e-03,2.727671514301716060e-02,2.690504235702757471e-02,1.043313605491284421e-02,3.339586753122268659e-02,4.330851049494114507e-02,5.105457557978153316e-02,1.314477010265426189e-02,6.487729999205786580e-02,3.006597056902847453e-02,5.293599159954216760e-02,3.069737794294600391e-02,7.097189493045052977e-02,2.144728861631520905e-02,2.620186005889203057e-02,1.905759429463690577e-02,9.370316402375537465e-03,1.955107882355348534e-02,2.615072467628840394e-02,4.328426384995822523e-02,2.527946172964301574e-02,8.159812282963835317e-02,7.725909999276750484e-02,1.930417676685332665e-02,4.967392895962845917e-02,1.584046063331275844e-01,7.266271379368213768e-02,9.223334905630595215e-02,6.341281045431398922e-02,1.735454540280740449e-02,4.156308307091448329e-02
1.028661980946024915e-02,2.563796183471710871e-02,1.833415764965884778e-02,1.182445476955811675e-02,4.093249009487343049e-02,4.232936872814879042e-02,5.492992455192411555e-02,8.150488716174582315e-03,5.863715665446062736e-02,3.288308030210600197e-02,4.396145146678438753e-02,2.573669959820091072e-02,7.921460192271065348e-02,2.180249006739115245e-02,2.305480351993012197e-02,1.711765460468803526e-02,1.274703943078757569e-02,2.392321083170325866e-02,0.000000000000000000e+00,5.364162673698742029e-02,2.258890545373823389e-02,8.562296452248127632e-02,7.314138015323953801e-02,2.262606980933672823e-02,6.814040690594720673e-02,1.485169498857954185e-01,8.174200538927174631e-02,1.078195961227250144e-01,7.148177527725659008e-02,1.448338178056347153e-02,5.081154190851210756e-02,2.102190656819136194e-02,1.298593449246771871e-02,2.346901109962012261e-02,1.211903344841614924e-02,2.620188447432227410e-02,9.767499346402849780e-03,7.593284739348489173e-03,2.488607060399822268e-02,1.395312941131468878e-02,1.853429970057045989e-02,1.212659276864863113e-02,1.927604360803593722e-02,5.559193436904591966e-03,4.765175884797397642e-03,1.100649314070516367e-02,3.101469347890988687e-02,3.155100987552146574e-02,1.251860284748755256e-02,3.899764817805398409e-02,5.066875707494213760e-02,5.978272824858325840e-02,1.472942908769546942e-02,7.518019726988335594e-02,3.618435037262728721e-02,6.128974323650773770e-02,3.597892968740259989e-02,8.220678163391106907e-02,2.549876068609162674e-02,2.917156738058310911e-02,2.205677263236455188e-02,1.129940172220143292e-02,2.311594605018386234e-02,3.098114376014938012e-02,4.985272111147567853e-02,2.799876117091577507e-02,9.322560147284693344e-02,8.647641728032441633e-02,2.177447209126112324e-02,5.743030292196820569e-02,1.786549440729876259e-01,8.401601277422830749e-02,1.068874233350517733e-01,7.331938328531643900e-02,1.933656033703602325e-02,4.886190989354765452e-02
1.950100095824254531e-02,4.966362261355844465e-02,3.469748082249218823e-02,2.244629880751300433e-02,7.812967994422881368e-02,8.073459514720096597e-02,1.048195317883876959e-01,1.517169631716787370e-02,1.109944615148008573e-01,6.304874020118199363e-02,8.298423256350444255e-02,4.869255328036887348e-02,1.534474490386113776e-01,4.166053865766403130e-02,4.454068158584723741e-02,3.320177442927475797e-02,2.441240233428424236e-02,4.653202878468774839e-02,5.364162673698742029e-02,0.000000000000000000e+00,4.348988041155207873e-02,1.658045700642628573e-01,1.405448597677516898e-01,4.358564128716750641e-02,1.316629426310708673e-01,2.895919205566841459e-01,1.580222845415418798e-01,2.083831680798746699e-01,1.382955763432104634e-01,2.762419806597644911e-02,9.858350883555633271e-02,4.058152592455472468e-02,2.497405093901192835e-02,4.509171073010978525e-02,2.304605882417168697e-02,5.026293360981760189e-02,1.858632348170136117e-02,1.453577073576289846e-02,4.813511159486501961e-02,2.662545240046574127e-02,3.532399117798121213e-02,2.302274440412474532e-02,3.651205487871946043e-02,1.054569127755876530e-02,9.037915017546076235e-03,2.119385029466594114e-02,6.097614264747933110e-02,6.070305516285853797e-02,2.359557636039315981e-02,7.415084200122727676e-02,9.771071120227556306e-02,1.140889434676489872e-01,2.828395188130716775e-02,1.460701653408806866e-01,6.849871373630248006e-02,1.161200352399621438e-01,6.882929002737825375e-02,1.579134111025322917e-01,4.791892707894835485e-02,5.745482267877299876e-02,4.313131273972829055e-02,2.150828688095680549e-02,4.421953250391626178e-02,5.883291206073703455e-02,9.695780683144986090e-02,5.430938599827458274e-02,1.821532819942165149e-01,1.689767401983298389e-01,4.197642944288825645e-02,1.109364505115494198e-01,3.488348398581203602e-01,1.642858784332338618e-01,2.055035434013064988e-01,1.428479851750241447e-01,3.766650834303573309e-02,9.407961859664200344e-02
9.041791246059281001e-03,2.111167270031704193e-02,1.435185488053484885e-02,9.681242616661067321e-03,3.428047837914077051e-02,3.411384221526247290e-02,4.561976689824110559e-02,6.807704160117173352e-03,4.648861860140654501e-02,2.657789039730931724e-02,3.543963114948767146e-02,2.178975742562019521e-02,6.629496715404675777e-02,1.784411360655721590e-02,1.966224912030426625e-02,1.428553440226755511e-02,1.044841081496234413e-02,2.001846010672017964e-02,2.258890545373823389e-02,4.348988041155207873e-02,0.000000000000000000e+00,7.069796299568656406e-02,6.021299390190357897e-02,1.970893992365947353e-02,5.672378642535285537e-02,1.255657644732010025e-01,6.679705213674083653e-02,8.853897999071930203e-02,5.779764600131897384e-02,1.073451666494991581e-02,4.154388303355068673e-02,1.840259205128778192e-02,1.122619949118267534e-02,1.944331317450857452e-02,1.015685455725116523e-02,2.129027087984134217e-02,7.834527546740648399e-03,6.335453797062616868e-03,2.198793496715602605e-02,1.167956385214652219e-02,1.526572238120857058e-02,1.009038629942984010e-02,1.508519200361978924e-02,4.671577327269302478e-03,4.022316484215240559e-03,9.968844315038607323e-03,2.578260283076063211e-02,2.540272647942035458e-02,1.000872843758213344e-02,3.249381232345169290e-02,4.087466299070908332e-02,4.926902057405910945e-02,1.267234322940788589e-02,6.136107614471676686e-02,2.906507852815951726e-02,5.050819655420285548e-02,3.135061681553891894e-02,6.804828396700884907e-02,2.009235997404478641e-02,2.562809965937158305e-02,1.801098322415202457e-02,9.229434068288739149e-03,1.913982006848435891e-02,2.456023889073591371e-02,4.100158417203728090e-02,2.558440233231656577e-02,7.734000372161138614e-02,7.345847975053468315e-02,1.914425463160742899e-02,4.764324849714599019e-02,1.551309978744536688e-01,6.825862389021937482e-02,8.818968669770335667e-02,5.968207394970471980e-02,1.593045386144121417e-02,4.035301766126904444e-02
