0.000000000000000000e+00,1.357517848546889103e-02,1.168666605641068869e-02,6.014594918110867557e-03,2.150659839602591869e-02,2.850500721538573243e-02,2.766445625484760876e-02,6.804420642023579525e-03,3.778082665461768991e-02,2.195169653501357482e-02,2.855492911162029607e-02,1.839498030355082164e-02,4.615099294371899363e-02,1.177735030514520317e-02,1.064983037530653140e-02,1.081896494514236057e-02,7.835912247307083231e-03,1.559095510614849980e-02,1.619195820090398724e-02,2.605298589766579659e-02,1.196194893193691135e-02,4.430410375369657483e-02,4.053880783380801184e-02,1.678777169767031729e-02,3.690638873031141381e-02,7.671156781169995165e-02,4.419302232874958852e-02,6.622319129391213144e-02,4.815432826587468657e-02,1.177104794009356525e-02,3.263901216106299130e-02,1.372129968271096866e-02,8.994854422804308969e-03,1.493216538337002568e-02,8.339178483781678822e-03,1.131943110487580208e-02,4.925762013732206540e-03,4.902112654991126577e-03,1.263610019800474708e-02,9.396557455327135197e-03,9.993564641808930574e-03,6.912422600407970401e-03,8.994544253807112630e-03,3.671261199065821868e-03,3.458349421939118078e-03,9.834188875139206545e-03,1.518289724609594646e-02,1.623165391815068609e-02,5.648252003327209475e-03,2.388120420473480165e-02,2.875264978391620443e-02,3.057946213493962367e-02,8.803457893593590392e-03,4.233282497061806315e-02,2.047350535127276730e-02,3.697654358578428280e-02,2.408925958197762063e-02,4.924802897335259916e-02,1.465900612208859491e-02,1.555915600403683097e-02,1.215529545394936420e-02,6.985456041956844379e-03,1.661700939783673781e-02,1.983337453025730071e-02,2.575923619868639852e-02,1.789879901521081174e-02,4.703394268420876129e-02,5.102240229443902320e-02,1.548441049070351655e-02,3.466420095707034577e-02,1.071175625731816267e-01,4.462765641808028039e-02,5.905259287596409390e-02,4.683734928767210176e-02,1.036492941455787430e-02,3.190743845860286726e-02
1.357517848546889103e-02,0.000000000000000000e+00,1.918919053378173242e-02,9.984258883304066370e-03,3.528370164987093549e-02,4.698455377710989561e-02,4.615745135180335246e-02,1.148101361245514387e-02,6.328313467592551478e-02,3.652235114303854085e-02,4.753659284343921682e-02,3.007872248821971684e-02,7.700232051995675731e-02,1.907856929217032968e-02,1.694515514016699254e-02,1.833726622767737485e-02,1.318090716212941445e-02,2.592288668844611177e-02,2.693759428090317445e-02,4.286211169051402925e-02,1.937559424730301433e-02,7.268790550367959513e-02,6.721049158521175126e-02,2.734411510289730396e-02,6.062470959106178170e-02,1.259527094671857861e-01,7.323985854648595861e-02,1.109621297304895365e-01,7.981562316378727762e-02,1.985843984120834807e-02,5.465039300005000017e-02,2.293176393342714198e-02,1.530167722891154561e-02,2.514512558323506869e-02,1.367983252588520458e-02,1.867200747474567074e-02,8.219661380501055645e-03,8.080905868380216031e-03,2.097746332645665165e-02,1.562637205480627706e-02,1.636075965215913822e-02,1.110671378023673876e-02,1.534973664502493548e-02,6.187062789019354310e-03,5.637906408711005832e-03,1.568962363343495009e-02,2.546856842685705363e-02,2.663326687844862553e-02,9.200261940611582923e-03,4.004039180410113447e-02,4.762966234905353230e-02,5.049744874272130840e-02,1.477257785642221814e-02,7.054997107973581816e-02,3.385951667002721349e-02,6.172797836086697104e-02,3.877447565894677484e-02,8.208014401365093526e-02,2.474934938222700734e-02,2.480677508984341362e-02,2.004525989353045032e-02,1.152761943010387376e-02,2.741082959350448628e-02,3.333364062149885704e-02,4.263415177868310618e-02,2.904319027361799629e-02,7.858237005862808711e-02,8.473652584582248848e-02,2.491910250220556386e-02,5.747079461034522441e-02,1.765539335398096377e-01,7.390905942768688508e-02,9.825411501280079118e-02,7.796199080578566920e-02,1.726008551100180130e-02,5.277125547765449537e-02
1.168666605641068869e-02,1.918919053378173242e-02,0.000000000000000000e+00,8.526601635497059462e-03,3.025595776958617256e-02,4.068746386664197356e-02,3.975142978658120080e-02,9.601959015421086471e-03,5.439184202671034501e-02,3.076654359438719608e-02,4.016391212915838838e-02,2.547711323501599193e-02,6.566479345605047424e-02,1.664297563928939655e-02,1.469926722805451301e-02,1.556513300900133449e-02,1.111629355859720426e-02,2.213235256570302706e-02,2.319041033345255881e-02,3.694480938953067367e-02,1.654815387728855725e-02,6.295387842261487843e-02,5.731351258600957121e-02,2.344389397489820767e-02,5.225392824066713710e-02,1.085133038777391645e-01,6.271158177024219182e-02,9.392973918194871819e-02,6.856128692551771708e-02,1.692508010372519717e-02,4.636115405661900973e-02,1.932392671721726296e-02,1.288595424508989264e-02,2.108594088918600007e-02,1.179030195336431587e-02,1.614246271808503566e-02,7.016211867539367229e-03,6.817624712232318689e-03,1.748778096698338017e-02,1.323775952856414730e-02,1.399952858388772876e-02,9.515044290061580937e-03,1.314626859447020138e-02,5.233814738741155749e-03,4.773622432363630076e-03,1.353532057062335932e-02,2.181099666622124053e-02,2.331379359696406778e-02,7.975052486798162379e-03,3.374658513318012920e-02,4.150179646574018305e-02,4.328095436692840081e-02,1.240187900956016970e-02,6.055530600566391697e-02,2.845438605904019799e-02,5.258889517831211169e-02,3.310302757018646763e-02,6.973205164427329072e-02,2.106793984409926351e-02,2.147734368523653015e-02,1.740515832857206235e-02,9.845951835906420826e-03,2.333647295540589375e-02,2.874623701878964779e-02,3.714282289015036209e-02,2.487398709023898313e-02,6.745292179668273269e-02,7.249046003958124762e-02,2.117426998915398692e-02,4.935019169031874126e-02,1.508176834454215409e-01,6.372312111063455076e-02,8.419999079032250422e-02,6.702269109061466390e-02,1.511651402344708385e-02,4.524474677179479709e-02
6.014594918110867557e-03,9.984258883304066370e-03,8.526601635497059462e-03,0.000000000000000000e+00,1.568055196491856956e-02,2.100371667874459045e-02,2.036316837320794465e-02,5.098561860228689215e-03,2.832985300517991065e-02,1.612292221385763780e-02,2.097467249755634311e-02,1.335699999664250251e-02,3.434549255601771628e-02,8.541485966898677146e-03,7.408027197111634495e-03,7.961974115772822019e-03,5.794190198258052614e-03,1.143419328400684283e-02,1.179678683565647465e-02,1.890351141721337627e-02,8.647371421976024486e-03,3.200141824502850812e-02,2.974962640381388634e-02,1.196973990673375239e-02,2.684257835632168632e-02,5.595622357752370185e-02,3.250419632650246998e-02,4.893691241995173913e-02,3.556833032399909361e-02,8.628968997068109381e-03,2.409747314024830722e-02,1.033167028204791046e-02,6.814811564434938504e-03,1.133551979648599571e-02,6.247912592121873665e-03,8.164295080613472727e-03,3.568250231403419671e-03,3.583041407590306475e-03,9.377966583818390933e-03,7.027705209044157394e-03,7.430392357283770351e-03,4.974780622853092714e-03,6.658318811263988155e-03,2.757152767119427136e-03,2.533906621552528028e-03,6.978167076131311722e-03,1.114815866684819301e-02,1.203768341434860271e-02,4.152741987546783656e-03,1.766419074642245485e-02,2.112027020782539580e-02,2.254675942708773279e-02,6.615010774096630707e-03,3.120999415378861511e-02,1.498455303553183557e-02,2.723474595503189849e-02,1.742935001900892261e-02,3.638280996280723184e-02,1.075080795492625550e-02,1.122269614495254551e-02,8.764503651340533469e-03,5.102173030573698732e-03,1.223615699086496623e-02,1.476091689036112750e-02,1.901288095102052905e-02,1.313382880115536791e-02,3.465051674675094506e-02,3.760472342745957430e-02,1.100883408249737211e-02,2.546466525233503572e-02,7.866262756514236232e-02,3.277495629527558269e-02,4.313054902529642881e-02,3.455613356510107981e-02,7.365195536101319315e-03,2.322868133323883338e-02
2.150659839602591869e-02,3.528370164987093549e-02,3.025595776958617256e-02,1.568055196491856956e-02,0.000000000000000000e+00,7.489458634634003908e-02,7.376288255360545498e-02,1.790078655400803576e-02,1.007407918448913337e-01,5.839449237563712480e-02,7.607534101650610669e-02,4.747332219051560165e-02,1.229553515360783666e-01,3.081349789338870548e-02,2.689162193297727280e-02,2.882795030740441244e-02,2.101996729486734633e-02,4.106114254409349434e-02,4.260968348948249163e-02,6.744697315897200951e-02,3.105226710145066876e-02,1.148301396211656861e-01,1.057913180910338424e-01,4.298007085087564294e-02,9.638436763169640209e-02,1.985421373931808009e-01,1.152172371173864202e-01,1.757338768841892607e-01,1.271532802338786461e-01,3.166397086252242116e-02,8.641019727128469718e-02,3.739744924305046098e-02,2.432699584895917436e-02,3.940673598321816490e-02,2.183700665661095219e-02,2.998471744423385904e-02,1.308820436973862252e-02,1.275988334894404864e-02,3.393041423948563867e-02,2.460450628655677999e-02,2.590865185151167149e-02,1.751043942498819658e-02,2.439195968024455638e-02,9.769296407117539563e-03,8.962423406051620023e-03,2.511696955590025579e-02,4.009864594074264571e-02,4.208452372871151342e-02,1.463203709876841584e-02,6.458546474179098495e-02,7.656271779241016762e-02,8.087655210313074439e-02,2.345641062348715819e-02,1.120433806764389584e-01,5.477391642023236862e-02,9.821012106187562707e-02,6.220414746431512237e-02,1.299521617150924124e-01,3.940897158857861043e-02,3.946000953578071568e-02,3.182052198301123236e-02,1.864192596636471411e-02,4.363664725884514040e-02,5.278047353072527759e-02,6.717380343324420855e-02,4.653345469362155096e-02,1.239653862576784032e-01,1.332441378891138228e-01,3.961814973610946339e-02,9.262114045216240932e-02,2.800213328844710636e-01,1.165493087374779718e-01,1.560837998119385672e-01,1.234648447172726760e-01,2.727631303352056474e-02,8.324141492113687479e-02
2.850500721538573243e-02,4.698455377710989561e-02,4.068746386664197356e-02,2.100371667874459045e-02,7.489458634634003908e-02,0.000000000000000000e+00,9.880297438059587600e-02,2.373259267459528615e-02,1.349316949438296720e-01,7.569421906281029178e-02,9.935825854063459750e-02,6.195851373151775587e-02,1.635647940657867228e-01,4.114013990172323693e-02,3.573667695696375324e-02,3.877146812240755275e-02,2.748585036260031353e-02,5.454203769818059822e-02,5.706108273233511524e-02,9.090074468834198618e-02,4.068505812663041066e-02,1.555917949783611198e-01,1.423873344827823462e-01,5.706821472627464364e-02,1.295182423081331358e-01,2.665307825107234851e-01,1.547514367996405127e-01,2.340657690332197949e-01,1.685997986282534444e-01,4.217846426117546899e-02,1.149440326068535412e-01,4.869716235233989554e-02,3.209424715627706703e-02,5.240750152709656995e-02,2.896903143643411380e-02,4.025700038565656336e-02,1.742891222828807374e-02,1.669576875548770337e-02,4.369657433707106048e-02,3.315741655311797709e-02,3.451712312413564993e-02,2.307944790654664277e-02,3.295509988235476723e-02,1.288828927242445001e-02,1.183799821146797743e-02,3.371115443571280623e-02,5.421708497314993436e-02,5.719162346994467044e-02,1.971535038270746942e-02,8.413285025968940400e-02,1.026255913866503111e-01,1.074737167407927296e-01,3.077793208325707575e-02,1.499935118205237561e-01,7.097991881850723717e-02,1.297528791167457396e-01,8.075992001291665279e-02,1.725068388370398220e-01,5.266480791012679435e-02,5.218439965036879291e-02,4.254960261560679358e-02,2.438473665984071045e-02,5.767237493149975081e-02,7.067534094065194838e-02,9.131897662808588501e-02,6.111149728244183454e-02,1.662640241996724277e-01,1.796763987883922831e-01,5.181431017028226282e-02,1.224698983427034288e-01,3.711598431728960201e-01,1.575850395688072336e-01,2.089701807958105617e-01,1.656727840142919184e-01,3.714659868462970305e-02,1.116400634090133348e-01
2.766445625484760876e-02,4.615745135180335246e-02,3.975142978658120080e-02,2.036316837320794465e-02,7.376288255360545498e-02,9.880297438059587600e-02,0.000000000000000000e+00,2.361609530792103256e-02,1.329365311091207646e-01,7.528794202581398642e-02,9.909808631218584851e-02,6.161375729749159202e-02,1.591069837762472960e-01,3.956183809036559196e-02,3.516350540346020043e-02,3.757713956962544649e-02,2.739603285724972331e-02,5.347823708876618676e-02,5.595645221104499079e-02,8.880908159120019796e-02,3.992302820600433788e-02,1.514309126729991573e-01,1.390370018012191400e-01,5.583526570073196055e-02,1.259539537724613245e-01,2.592922534710124793e-01,1.512933789394877993e-01,2.289677347159614351e-01,1.653143615362618335e-01,4.110134128413699128e-02,1.127092997339498859e-01,4.845192529290672651e-02,3.134556538120823743e-02,5.178019180444878161e-02,2.850271935921751612e-02,3.871517551271588115e-02,1.701366091755575349e-02,1.678363333918885675e-02,4.421205074969535020e-02,3.246214563123209912e-02,3.391574211199254590e-02,2.284330295217966780e-02,3.152035631842833863e-02,1.266100050980673540e-02,1.167208752207219910e-02,3.241154399858873353e-02,5.266003135420388448e-02,5.495556786555612361e-02,1.904779454014941115e-02,8.248934945673262742e-02,9.931994251091975923e-02,1.050039932006816834e-01,3.058316041358209378e-02,1.466631046230419122e-01,7.104747344293343980e-02,1.274092759045071244e-01,8.019597915013924883e-02,1.697795387600314343e-01,5.101110021395475341e-02,5.104182693039322621e-02,4.127939575360810298e-02,2.403015162328232465e-02,5.683287738418014989e-02,6.904740374220146026e-02,8.812828000262755423e-02,5.979232655629110327e-02,1.617038764481010249e-01,1.746530464781937686e-01,5.139931717470571509e-02,1.198622626345468983e-01,3.632422395340150212e-01,1.525763836318229094e-01,2.036119733582272828e-01,1.613125153804988166e-01,3.581837635585362334e-02,1.085318764400292763e-01
6.804420642023579525e-03,1.148101361245514387e-02,9.601959015421086471e-03,5.098561860228689215e-03,1.790078655400803576e-02,2.373259267459528615e-02,2.361609530792103256e-02,0.000000000000000000e+00,3.188657399103284745e-02,1.814727824997633063e-02,2.342312139800376697e-02,1.519364158120333277e-02,3.894797309009759290e-02,9.553790990944796210e-03,8.763441501277443452e-03,9.082672214105354941e-03,6.510883470321522475e-03,1.302645530777617189e-02,1.333091326891224816e-02,2.171727456053209812e-02,1.002153408856786693e-02,3.691750185901941650e-02,3.377850686598485308e-02,1.387595707215101733e-02,3.093377263995801540e-02,6.429133046024360088e-02,3.689244329523443805e-02,5.552173359916683787e-02,3.991717048228225762e-02,9.785844205767366827e-03,2.729982725366400173e-02,1.141889768120427605e-02,7.707393002801592174e-03,1.257330568178162411e-02,6.925644258864243306e-03,9.442083971155472433e-03,4.253523557389908907e-03,4.031269035145102625e-03,1.056911717165262034e-02,7.854088400200312514e-03,8.296671064713340843e-03,5.720973040967318804e-03,7.810089882449640364e-03,3.184516004880775120e-03,2.836264939766392976e-03,7.746220984268531971e-03,1.282416981481032843e-02,1.355517776198310667e-02,4.879375874585198565e-03,2.007059594415891088e-02,2.423451496492026042e-02,2.592848426355412461e-02,7.420896583364956778e-03,3.552857981515913227e-02,1.699206727926612370e-02,3.072878029548823525e-02,1.962473436557726075e-02,4.153313124753744978e-02,1.238340425272757561e-02,1.262440909467480582e-02,1.011944536423012471e-02,5.824412979731474933e-03,1.378739802222301788e-02,1.639038687051719984e-02,2.137051077897049109e-02,1.487449243998209894e-02,3.967277523707274378e-02,4.261067434688484840e-02,1.236652083666545977e-02,2.917178205156230678e-02,8.886545873089865544e-02,3.695846183091491821e-02,4.982237788848017240e-02,3.882920024146653548e-02,8.503733611010935722e-03,2.664140904544365016e-02
3.778082665461768991e-02,6.328313467592551478e-02,5.439184202671034501e-02,2.832985300517991065e-02,1.007407918448913337e-01,1.349316949438296720e-01,1.329365311091207646e-01,3.188657399103284745e-02,0.000000000000000000e+00,1.021550709761951808e-01,1.332878034901509856e-01,8.352901158252032388e-02,2.187954497472398008e-01,5.501435726472230642e-02,4.813239308108814563e-02,5.171718347915078146e-02,3.729914533145412686e-02,7.337988993385488601e-02,7.613992617273986074e-02,1.223286527795258011e-01,5.510739476058835323e-02,2.086351092448040512e-01,1.904858812411507896e-01,7.650697316880271381e-02,1.737360248114825645e-01,3.589300095551623548e-01,2.090073981663914948e-01,3.128162488291350574e-01,2.265675714976169153e-01,5.649717486121055149e-02,1.541755896571013751e-01,6.488698685503198338e-02,4.277439466027248283e-02,6.982904960586611143e-02,3.866167638039612331e-02,5.387708528961446947e-02,2.343230616197517630e-02,2.241091941068299245e-02,5.901391468221548614e-02,4.420557334015789291e-02,4.616331126124138817e-02,3.109776374252317538e-02,4.393414699020884578e-02,1.731331518285482082e-02,1.585716876307521200e-02,4.445718835954295262e-02,7.239729267237628163e-02,7.657208652802059701e-02,2.627279784372091656e-02,1.123668977516186218e-01,1.372156315288829698e-01,1.445321828856444557e-01,4.122128373838947202e-02,2.003606676353130722e-01,9.602789772445571859e-02,1.739865738607334622e-01,1.093108331580395637e-01,2.322032513307406565e-01,7.037136694380029256e-02,7.002067228300359880e-02,5.680949898364068967e-02,3.299773030271112989e-02,7.758288375371184820e-02,9.433348118425055606e-02,1.218006451076461966e-01,8.206408329451164718e-02,2.224212186146628245e-01,2.403889771234557216e-01,6.970464354481245572e-02,1.647150526068723586e-01,4.979559826893456553e-01,2.110955356725398024e-01,2.812947942422574510e-01,2.213649361645341762e-01,4.949417292231492876e-02,1.488427053883207285e-01
2.195169653501357482e-02,3.652235114303854085e-02,3.076654359438719608e-02,1.612292221385763780e-02,5.839449237563712480e-02,7.569421906281029178e-02,7.528794202581398642e-02,1.814727824997633063e-02,1.021550709761951808e-01,0.000000000000000000e+00,7.769933975298556894e-02,4.848189529510764373e-02,1.255086329863258632e-01,3.166435169926615917e-02,2.657794842533600654e-02,2.996280581187488884e-02,2.144392754590137770e-02,4.234423339660530611e-02,4.337319068392024579e-02,6.985797085804985873e-02,3.125177592205365812e-02,1.176751574239374987e-01,1.066417648294688270e-01,4.341995418727473410e-02,9.917067152989164636e-02,2.029354775397191057e-01,1.179783742284017528e-01,1.799170374766574654e-01,1.292429935192535018e-01,3.224388612122617431e-02,8.843604535558390045e-02,3.683369749296151741e-02,2.459846108189171071e-02,4.027071733158901767e-02,2.200177164837010743e-02,3.101049754820402182e-02,1.344705954590840261e-02,1.284425419394229044e-02,3.347533347323661951e-02,2.524045962601439291e-02,2.642128699369441711e-02,1.771239769485417892e-02,2.507896891022986033e-02,1.000958763583917506e-02,8.996722512102655819e-03,2.572639534698286518e-02,4.121891074106427688e-02,4.299943945287687530e-02,1.511658290730813134e-02,6.582029501662553517e-02,7.678055940147564262e-02,8.259302828778057604e-02,2.373205655089218741e-02,1.134452983408928972e-01,5.621517333712471726e-02,9.968228444659800458e-02,6.334067693818781764e-02,1.330425138993769629e-01,4.041419312624820737e-02,3.940846281873487678e-02,3.258714304576900561e-02,1.903561930405371291e-02,4.437177623478996691e-02,5.412065424698898203e-02,6.866828429295640523e-02,4.713419509084049164e-02,1.262897044683815584e-01,1.352489300508823988e-01,4.031892139068863484e-02,9.336725146309111933e-02,2.841229438121442019e-01,1.187106499106281299e-01,1.604578369952696648e-01,1.264728325375342188e-01,2.821437384861052652e-02,8.547441892566108590e-02
2.855492911162029607e-02,4.753659284343921682e-02,4.016391212915838838e-02,2.097467249755634311e-02,7.607534101650610669e-02,9.935825854063459750e-02,9.909808631218584851e-02,2.342312139800376697e-02,1.332878034901509856e-01,7.769933975298556894e-02,0.000000000000000000e+00,6.326610686188738342e-02,1.637185557578856032e-01,4.176904421243970295e-02,3.513259682789675320e-02,3.902793211789114258e-02,2.806924218332288584e-02,5.521610293033484690e-02,5.669455010780741211e-02,9.137221137244644353e-02,4.103229257125045465e-02,1.542901205882616644e-01,1.398033817770926168e-01,5.662630176754283873e-02,1.291777167980504570e-01,2.650496431820574261e-01,1.547537178275052716e-01,2.345873690688791702e-01,1.687958840257469673e-01,4.243338703180652566e-02,1.153548241263490093e-01,4.796273215693556274e-02,3.185425847350265016e-02,5.197960700572760995e-02,2.854671260712643432e-02,4.077758421435218050e-02,1.748491972898892285e-02,1.666478074989673208e-02,4.329720018785511437e-02,3.249993982842274559e-02,3.466613265501268526e-02,2.322193030706744266e-02,3.314673069690288187e-02,1.308712175772608344e-02,1.175202041740331174e-02,3.358566606341418376e-02,5.401776549042326681e-02,5.680687087391455420e-02,1.987773210840849264e-02,8.504636504007573317e-02,1.016529301288017079e-01,1.080685774415490602e-01,3.076944225874947425e-02,1.479969843071483881e-01,7.301306836132241684e-02,1.299170633683419951e-01,8.239121139172693453e-02,1.726912527281332099e-01,5.288079378916282769e-02,5.150622369270421719e-02,4.290259238826558269e-02,2.494074106370709754e-02,5.786080627503056156e-02,7.059697184637536704e-02,9.079443107918279410e-02,6.146710749180612360e-02,1.660318876765491947e-01,1.778891811841762371e-01,5.216187306818681479e-02,1.227707413330731828e-01,3.714222583839616454e-01,1.570820264266034605e-01,2.099245630798036166e-01,1.645313179038870310e-01,3.704869880071400001e-02,1.118436410328311897e-01
1.839498030355082164e-02,3.007872248821971684e-02,2.547711323501599193e-02,1.335699999664250251e-02,4.747332219051560165e-02,6.195851373151775587e-02,6.161375729749159202e-02,1.519364158120333277e-02,8.352901158252032388e-02,4.848189529510764373e-02,6.326610686188738342e-02,0.000000000000000000e+00,1.034052716726060472e-01,2.605908660041108757e-02,2.243678723462605093e-02,2.418845387669654387e-02,1.752358585750631026e-02,3.462450210719198590e-02,3.557517674936463981e-02,5.702791514809903844e-02,2.631188856964710235e-02,9.605209284671456516e-02,8.860857957836901222e-02,3.611889118375776614e-02,8.121100362166877584e-02,1.682191510022362502e-01,9.638826946121709094e-02,1.472551272582230675e-01,1.059918431012563250e-01,2.614695661912021935e-02,7.241376124296367012e-02,3.040754972648817417e-02,2.024088180253724722e-02,3.355897597195822701e-02,1.843209430874002616e-02,2.530813466723378508e-02,1.103670569249285208e-02,1.058251717418908291e-02,2.760311915393685867e-02,2.105025671361852868e-02,2.220132810561427361e-02,1.494626406510295331e-02,2.022489026669198331e-02,8.315520646621644973e-03,7.424655569911490019e-03,2.143330580459634413e-02,3.367747163797620708e-02,3.551894810984401740e-02,1.249833635310495551e-02,5.314935011283499627e-02,6.312108289611947920e-02,6.821538617247292768e-02,1.963736140223952889e-02,9.326656646958915442e-02,4.550261466773100616e-02,8.128459281045256890e-02,5.241943264957668602e-02,1.092695664668332650e-01,3.280097558578021211e-02,3.323822929696287898e-02,2.651373949064310398e-02,1.543181505425477926e-02,3.642366921146325542e-02,4.407981366255054462e-02,5.611999712143272978e-02,3.928662142442274768e-02,1.034414130972358958e-01,1.118345394382876112e-01,3.320525927000388122e-02,7.612838996606806352e-02,2.352421461206403996e-01,9.712561827707144602e-02,1.309636271914877970e-01,1.035011959973722584e-01,2.282050560560067512e-02,7.053359882930775038e-02
4.615099294371899363e-02,7.700232051995675731e-02,6.566479345605047424e-02,3.434549255601771628e-02,1.229553515360783666e-01,1.635647940657867228e-01,1.591069837762472960e-01,3.894797309009759290e-02,2.187954497472398008e-01,1.255086329863258632e-01,1.637185557578856032e-01,1.034052716726060472e-01,0.000000000000000000e+00,6.631608354828290308e-02,5.709744997197472444e-02,6.319965478432762462e-02,4.532966142919221675e-02,8.947736568719301398e-02,9.135429062371178133e-02,1.473752216787900526e-01,6.676500496964164755e-02,2.501674052521560832e-01,2.290002255706980738e-01,9.266576176180567337e-02,2.100758591999508651e-01,4.307730961434192984e-01,2.520178794373692521e-01,3.823391686704158965e-01,2.756568601175267696e-01,6.864676370555473917e-02,1.875719553803700812e-01,7.967597644910433263e-02,5.214814074541932604e-02,8.585421823424604915e-02,4.751212648625107587e-02,6.505901761952059825e-02,2.855775575433047372e-02,2.765585288486580376e-02,7.252007933096522863e-02,5.359367749345093218e-02,5.629383043447409168e-02,3.811559715973857065e-02,5.263803250447657983e-02,2.125311591663058344e-02,1.931403367187388073e-02,5.426048597257061845e-02,8.725229178172280720e-02,9.166031910945565686e-02,3.191485866622391365e-02,1.381764861615402129e-01,1.645177547630593262e-01,1.750030672974809409e-01,5.064246314592560361e-02,2.430574120160456097e-01,1.186197642509972533e-01,2.113065919464646447e-01,1.346823746340507222e-01,2.823458615399752625e-01,8.436280330362640190e-02,8.516959597181689157e-02,6.847881092833606187e-02,3.998792166644587337e-02,9.433558806855181500e-02,1.142625812179967615e-01,1.460168026066842595e-01,1.002966863852217394e-01,2.682692484015565815e-01,2.903616969792472968e-01,8.588763982966876598e-02,1.997135900630170602e-01,6.072345449626104230e-01,2.525904217611552038e-01,3.379100531159952014e-01,2.679075437969297147e-01,5.896209794054889375e-02,1.805355188766914754e-01
1.177735030514520317e-02,1.907856929217032968e-02,1.664297563928939655e-02,8.541485966898677146e-03,3.081349789338870548e-02,4.114013990172323693e-02,3.956183809036559196e-02,9.553790990944796210e-03,5.501435726472230642e-02,3.166435169926615917e-02,4.176904421243970295e-02,2.605908660041108757e-02,6.631608354828290308e-02,0.000000000000000000e+00,1.423187444428892882e-02,1.586364853055394555e-02,1.129560447581811830e-02,2.224544503880615531e-02,2.369818678310865734e-02,3.642164877692098679e-02,1.638642493405279010e-02,6.256953673248115411e-02,5.710274514005714980e-02,2.347010313253088815e-02,5.222462638982543898e-02,1.071541405812696662e-01,6.283352571596038938e-02,9.610229388126585726e-02,6.959016945399847109e-02,1.746547667488625166e-02,4.722114455560376400e-02,1.993386908487090534e-02,1.307768422861574527e-02,2.151612646935660220e-02,1.178482887927039674e-02,1.605500292848178329e-02,7.007868916838791082e-03,7.028561793123347390e-03,1.796073148658022811e-02,1.338950576377982704e-02,1.409887314261453785e-02,9.479660807147866769e-03,1.316948241075299036e-02,5.343480190065227724e-03,4.881191229658944641e-03,1.382956518370638023e-02,2.201775271608067200e-02,2.319937796343594580e-02,7.957697608196874495e-03,3.466284119787690909e-02,4.112261483918473043e-02,4.352417358780067552e-02,1.268822574206888293e-02,6.080692312506296576e-02,2.949669038207048538e-02,5.387614990268814463e-02,3.388803003787564661e-02,7.064496127484500010e-02,2.136449960368579787e-02,2.121524998820399632e-02,1.750161214182313629e-02,1.006273278432878726e-02,2.418978474181621152e-02,2.940757039281518409e-02,3.684363718080280875e-02,2.505588874398358493e-02,6.754754899744179475e-02,7.272936492222412119e-02,2.165399627076340996e-02,5.029791631198912705e-02,1.526773405301840303e-01,6.413824958261124531e-02,8.471123122249531179e-02,6.745064268582302847e-02,1.505519604301564646e-02,4.553638583088074482e-02
1.064983037530653140e-02,1.694515514016699254e-02,1.469926722805451301e-02,7.408027197111634495e-03,2.689162193297727280e-02,3.573667695696375324e-02,3.516350540346020043e-02,8.763441501277443452e-03,4.813239308108814563e-02,2.657794842533600654e-02,3.513259682789675320e-02,2.243678723462605093e-02,5.709744997197472444e-02,1.423187444428892882e-02,0.000000000000000000e+00,1.323534505697802725e-02,9.690860174416305109e-03,1.916899036336931761e-02,2.050683881137772141e-02,3.284022340327072409e-02,1.548506017335856549e-02,5.694342707895595768e-02,5.230530377393680097e-02,2.153738713662458476e-02,4.576497689892674442e-02,9.916038896429753280e-02,5.544888528590941751e-02,8.195073924069290472e-02,6.014260993195058580e-02,1.450346936580860363e-02,4.074645948343531138e-02,1.707541555856503454e-02,1.112951470797298413e-02,1.857186053953865587e-02,1.028189734435190975e-02,1.390071142451585959e-02,6.059851578819363746e-03,6.050544561608620434e-03,1.592424187357484658e-02,1.169328056289179428e-02,1.252610421674816253e-02,8.588764705027311305e-03,1.132189632722351881e-02,4.413840018389261939e-03,4.292701700659914965e-03,1.190744992171045152e-02,1.913341709503589907e-02,2.072315839006713331e-02,6.913966422196439823e-03,2.925439248787853677e-02,3.605453453381708695e-02,3.833040604329881335e-02,1.104865459786757813e-02,5.260014568959297393e-02,2.494764886873819532e-02,4.651573335431628820e-02,2.928087586503131182e-02,6.107622587954851523e-02,1.833114002263022679e-02,2.036855834905636903e-02,1.481511996715480402e-02,8.638595136875815150e-03,2.046635428526876604e-02,2.499009446957173655e-02,3.263494092316400474e-02,2.224510678163741512e-02,6.005075652851507573e-02,6.476642131865605057e-02,1.863686946178196024e-02,4.367079260918415445e-02,1.345258581210032611e-01,5.630966228497780862e-02,7.452848009951672237e-02,5.764809933008643861e-02,1.303196471496029761e-02,3.974904343008677648e-02
1.081896494514236057e-02,1.833726622767737485e-02,1.556513300900133449e-02,7.961974115772822019e-03,2.882795030740441244e-02,3.877146812240755275e-02,3.757713956962544649e-02,9.082672214105354941e-03,5.171718347915078146e-02,2.996280581187488884e-02,3.902793211789114258e-02,2.418845387669654387e-02,6.319965478432762462e-02,1.586364853055394555e-02,1.323534505697802725e-02,0.000000000000000000e+00,1.079524310572075284e-02,2.099754492574487652e-02,2.190943261567246392e-02,3.511690483864422091e-02,1.530115579742307233e-02,5.916976624976252180e-02,5.421254058248614616e-02,2.156524775524607668e-02,4.961920063626721472e-02,1.009944994680430919e-01,5.996920337763243791e-02,9.076020089133249313e-02,6.532699684194888390e-02,1.632870657290265773e-02,4.446765945793179631e-02,1.849372963071828357e-02,1.232356871857395210e-02,2.015474847839788392e-02,1.104351422207936265e-02,1.555165494080348182e-02,6.698218962425445469e-03,6.621567735476507899e-03,1.676312803536102874e-02,1.259618794016137758e-02,1.332771699332219000e-02,8.878484709795754146e-03,1.257153932530674298e-02,5.033620127191464760e-03,4.580076314871905224e-03,1.285680796471812791e-02,2.079289860206620308e-02,2.169862011689311851e-02,7.579066564869495551e-03,3.240631464548246465e-02,3.902017335243040952e-02,4.129223524545149598e-02,1.187565100054216102e-02,5.725003088087317338e-02,2.820533435445437415e-02,4.984601712265360196e-02,3.145874725009792372e-02,6.671139585292421015e-02,1.997305256821505295e-02,1.931650125160132986e-02,1.647559565527002487e-02,9.474929729863286118e-03,2.233546129909910402e-02,2.736939045290235836e-02,3.502172370689218828e-02,2.310825694082918602e-02,6.370836201323162862e-02,6.873945745629148063e-02,2.014602574743937918e-02,4.679866392767705746e-02,1.421450503496279882e-01,6.031424325301613237e-02,8.012633851497068249e-02,6.334161747322242242e-02,1.415339295422742179e-02,4.322423064337601456e-02
7.835912247307083231e-03,1.318090716212941445e-02,1.111629355859720426e-02,5.794190198258052614e-03,2.101996729486734633e-02,2.748585036260031353e-02,2.739603285724972331e-02,6.510883470321522475e-03,3.729914533145412686e-02,2.144392754590137770e-02,2.806924218332288584e-02,1.752358585750631026e-02,4.532966142919221675e-02,1.129560447581811830e-02,9.690860174416305109e-03,1.079524310572075284e-02,0.000000000000000000e+00,1.514830021330719305e-02,1.588228450204662648e-02,2.516392295862474385e-02,1.112163693321498691e-02,4.276342288255975677e-02,3.869837863324695343e-02,1.595944827353484863e-02,3.601060879861335551e-02,7.388120360447990309e-02,4.304623596133334146e-02,6.511723208256643691e-02,4.690775860327606184e-02,1.180117195327617420e-02,3.204265212710731558e-02,1.334656490694977223e-02,8.866118842766076633e-03,1.445265757175159468e-02,7.887357766730905551e-03,1.104208730943333563e-02,4.832809745511570422e-03,4.633993109663672554e-03,1.213800156952039508e-02,9.059342211474884221e-03,9.448932209092835224e-03,6.329518965012058233e-03,9.194201278080573261e-03,3.628216732682795157e-03,3.276035331536615493e-03,9.297176084368662108e-03,1.518178843434090167e-02,1.572253517665458608e-02,5.454880809083162072e-03,2.384476344297987993e-02,2.821213569678122576e-02,2.980901621237989907e-02,8.600108809987752623e-03,4.127495561160897386e-02,2.020955233626781089e-02,3.654794882164692088e-02,2.293204836430172769e-02,4.820820110892722055e-02,1.468831378811164684e-02,1.436228915659658149e-02,1.186777187589783782e-02,6.848883590371586741e-03,1.610373678149624316e-02,1.979834085226923543e-02,2.516891806802119130e-02,1.706130642336991035e-02,4.606039412596749094e-02,4.936632731729948681e-02,1.461512344773469030e-02,3.419086746462268733e-02,1.034953157861385198e-01,4.345410979351434222e-02,5.830028180455865822e-02,4.574921231259106852e-02,1.031202174369534250e-02,3.088862944350991707e-02
1.559095510614849980e-02,2.592288668844611177e-02,2.213235256570302706e-02,1.143419328400684283e-02,4.106114254409349434e-02,5.454203769818059822e-02,5.347823708876618676e-02,1.302645530777617189e-02,7.337988993385488601e-02,4.234423339660530611e-02,5.521610293033484690e-02,3.462450210719198590e-02,8.947736568719301398e-02,2.224544503880615531e-02,1.916899036336931761e-02,2.099754492574487652e-02,1.514830021330719305e-02,0.000000000000000000e+00,3.112977547478408893e-02,4.972541368824703878e-02,2.215359996832172787e-02,8.419986568338930222e-02,7.702426602000930767e-02,3.128540801108592451e-02,7.073456470602074164e-02,1.455102231255647471e-01,8.468624949545465463e-02,1.284698854006764979e-01,9.285121030388722441e-02,2.312343637868937221e-02,6.305366026023224990e-02,2.624629091949915241e-02,1.751391079750580504e-02,2.861899408478359857e-02,1.572550538243115345e-02,2.167904716869162654e-02,9.503764274022162215e-03,9.282010062700454464e-03,2.386544785134578697e-02,1.784648291949033141e-02,1.871493845021347802e-02,1.259494051772313411e-02,1.773760918907094780e-02,7.094666685490311556e-03,6.444772139583910056e-03,1.824739692886421377e-02,2.958667875795017999e-02,3.117694186487142416e-02,1.066511520942402258e-02,4.660639753922476980e-02,5.539360470135966386e-02,5.868419126615371378e-02,1.698802713357441818e-02,8.128019340618537758e-02,3.946554515310648353e-02,7.151435065370373434e-02,4.501602068788252559e-02,9.472966055781846528e-02,2.862651275085275476e-02,2.850902860907162176e-02,2.325169329818305847e-02,1.342255041882493664e-02,3.160999582812565323e-02,3.882434402321409406e-02,4.946293273669012669e-02,3.351315985185442797e-02,9.054964757728697911e-02,9.811319360909524778e-02,2.878945768604682792e-02,6.667792456867073503e-02,2.043242187214610595e-01,8.525378889193845067e-02,1.135609176618398997e-01,9.029096321852482510e-02,2.010482265948765682e-02,6.098451022999903937e-02
1.619195820090398724e-02,2.693759428090317445e-02,2.319041033345255881e-02,1.179678683565647465e-02,4.260968348948249163e-02,5.706108273233511524e-02,5.595645221104499079e-02,1.333091326891224816e-02,7.613992617273986074e-02,4.337319068392024579e-02,5.669455010780741211e-02,3.557517674936463981e-02,9.135429062371178133e-02,2.369818678310865734e-02,2.050683881137772141e-02,2.190943261567246392e-02,1.588228450204662648e-02,3.112977547478408893e-02,0.000000000000000000e+00,5.220760128195302968e-02,2.310421066677522187e-02,8.881677954372484141e-02,8.014264839232862481e-02,3.241454275769489746e-02,7.311002935658227064e-02,1.512037457386072314e-01,8.844722833833150444e-02,1.316617146109154146e-01,9.571295077366252790e-02,2.389307669599769965e-02,6.532905641724587320e-02,2.661035718502161029e-02,1.796022072267980732e-02,2.928860767052141045e-02,1.615074805802796387e-02,2.297058028530045079e-02,9.794172753179139143e-03,9.527695297459528451e-03,2.420674252156067296e-02,1.853784870195114218e-02,1.984923264073894938e-02,1.330053264174036083e-02,1.876851226413881260e-02,7.338144700543523802e-03,6.680419860156445143e-03,1.875273033801043432e-02,3.076773859762688482e-02,3.299753350672057772e-02,1.127670022537674392e-02,4.687346404809696748e-02,5.763192324552951495e-02,6.092422546106338044e-02,1.727140214895680342e-02,8.405751476769382502e-02,4.065275047620341142e-02,7.365659632960509795e-02,4.627098231114661064e-02,9.747008870971865524e-02,2.986349165451599591e-02,2.932939265317840646e-02,2.445456794386240834e-02,1.402360309853267761e-02,3.266229963908357653e-02,4.055479023289020740e-02,5.222288955462280058e-02,3.447151469807225449e-02,9.455429897866898803e-02,1.009419162735140513e-01,2.937559834875788645e-02,6.889963320557256077e-02,2.091435733414017395e-01,9.003912631771997244e-02,1.190454462051232787e-01,9.305996621185937123e-02,2.140333067986888854e-02,6.367570817481699175e-02
2.605298589766579659e-02,4.286211169051402925e-02,3.694480938953067367e-02,1.890351141721337627e-02,6.744697315897200951e-02,9.090074468834198618e-02,8.880908159120019796e-02,2.171727456053209812e-02,1.223286527795258011e-01,6.985797085804985873e-02,9.137221137244644353e-02,5.702791514809903844e-02,1.473752216787900526e-01,3.642164877692098679e-02,3.284022340327072409e-02,3.511690483864422091e-02,2.516392295862474385e-02,4.972541368824703878e-02,5.220760128195302968e-02,0.000000000000000000e+00,3.702184314774312202e-02,1.413000921224912276e-01,1.293148307321811130e-01,5.197314022703449637e-02,1.170403702865909085e-01,2.430246303760756899e-01,1.413368091910593149e-01,2.122153623596199357e-01,1.529367233181082586e-01,3.831125718710813588e-02,1.047006122932196553e-01,4.325335077334731271e-02,2.861874988213370871e-02,4.729629935783311728e-02,2.597497380274531309e-02,3.576499729729960830e-02,1.565358805293189451e-02,1.537928941348375676e-02,3.920759975034558004e-02,2.957637972635428214e-02,3.116780434257422627e-02,2.093435285370853077e-02,2.959023325633053716e-02,1.169333014673792220e-02,1.071560327448635268e-02,3.001779595000652126e-02,4.946063797108112003e-02,5.177843917033013443e-02,1.770508794931081528e-02,7.609077122672081028e-02,9.184440156448230030e-02,9.711233416147556363e-02,2.796911647998713210e-02,1.357319933033711568e-01,6.511826059798511701e-02,1.186507141950381428e-01,7.403492165005341741e-02,1.568464153381319282e-01,4.733232628931337976e-02,4.735319931895145412e-02,3.845420221321298876e-02,2.225440935305899107e-02,5.255102928098592113e-02,6.470352968417396322e-02,8.272644822711963664e-02,5.539288863202124907e-02,1.511364628311198943e-01,1.631418065105362525e-01,4.752221210330027229e-02,1.111255264901468143e-01,3.383467262098559525e-01,1.426790974107189636e-01,1.891962813843282576e-01,1.492812326227874187e-01,3.382135129100245080e-02,1.014256219824122979e-01
1.196194893193691135e-02,1.937559424730301433e-02,1.654815387728855725e-02,8.647371421976024486e-03,3.105226710145066876e-02,4.068505812663041066e-02,3.992302820600433788e-02,1.002153408856786693e-02,5.510739476058835323e-02,3.125177592205365812e-02,4.103229257125045465e-02,2.631188856964710235e-02,6.676500496964164755e-02,1.638642493405279010e-02,1.548506017335856549e-02,1.530115579742307233e-02,1.112163693321498691e-02,2.215359996832172787e-02,2.310421066677522187e-02,3.702184314774312202e-02,0.000000000000000000e+00,6.328337957814106352e-02,5.845182608154780857e-02,2.416162907947155478e-02,5.289990500401083734e-02,1.109977375200181388e-01,6.274379568326012013e-02,9.510346230035028603e-02,6.884436645481695205e-02,1.652586728122268367e-02,4.653759931219061258e-02,2.034876867316965862e-02,1.329166589584721350e-02,2.158829693453889059e-02,1.205416357105181316e-02,1.582304880748604259e-02,7.131453365916942851e-03,7.067994404222515022e-03,1.868762635635040983e-02,1.364057017061036034e-02,1.408443582754632419e-02,9.713319670784037463e-03,1.286916490585099035e-02,5.331414462757058832e-03,4.994743914832388935e-03,1.367412508382988452e-02,2.174715656615646212e-02,2.285243525077311488e-02,7.845561094789406387e-03,3.452030677344783416e-02,4.134234458526778178e-02,4.405075306661977719e-02,1.286167559577669831e-02,6.120498224964434492e-02,2.923626414016056857e-02,5.353096379218363204e-02,3.417648045387196992e-02,7.100319644132063734e-02,2.092507516501355622e-02,2.258553832161681527e-02,1.709985938544999334e-02,9.950637426697555785e-03,2.381602126658268273e-02,2.829325667294179530e-02,3.656299412618778388e-02,2.559435402828746584e-02,6.820304075934700838e-02,7.328192187371725119e-02,2.199848607120900162e-02,4.999755806208244779e-02,1.545823261422403783e-01,6.297640137155155471e-02,8.482143355793417272e-02,6.680250272466146944e-02,1.461117677537428564e-02,4.542068755106627720e-02
