0.000000000000000000e+00,1.711547953581102691e-02,1.133043292471637604e-02,5.160104924699925565e-03,2.619387844370564544e-02,3.786410291465053257e-02,2.984618380202250232e-02,7.080608772935918782e-03,4.203433017369940378e-02,2.059435485950861580e-02,2.609496424819208668e-02,2.235081786891634018e-02,4.948503690656073928e-02,1.549177075188761833e-02,1.515838827039915453e-02,1.075248441712824306e-02,6.984509396255915090e-03,1.934258631685584900e-02,1.586611159342519659e-02,4.230587859834769593e-02,1.738778375058104564e-02,5.862852846573496368e-02,4.534113212923545494e-02,2.201286416497377774e-02,4.901112236809029160e-02,8.676861137898810028e-02,5.099590647775241459e-02,7.079325408304917855e-02,6.124871140102158829e-02,1.019792388060560689e-02,3.049840360514099319e-02,1.056959979775874518e-02,8.013814823427362066e-03,1.428619401904410689e-02,9.332995978273637624e-03,1.549645018518049089e-02,5.181973564900587553e-03,6.806024287113706002e-03,1.165640818456247299e-02,9.236331470367648011e-03,1.259328162455726659e-02,7.388589550535911224e-03,1.263752752912600773e-02,3.340508566779744511e-03,4.018524340124944583e-03,1.269745959445399766e-02,1.596964183940442761e-02,1.571757712162252102e-02,9.784748993543566226e-03,2.255147586572789353e-02,3.559758705071548041e-02,3.323586491256665110e-02,9.251709827654341217e-03,4.577121134132373925e-02,2.258510110681706540e-02,4.234775046743986804e-02,2.785125481797750754e-02,4.838761316728001222e-02,1.561751927057867563e-02,1.840990838488629905e-02,1.661438416589921738e-02,8.358737013931668083e-03,1.705551443494208314e-02,1.764993933341297075e-02,3.947624014987777263e-02,1.977911125885725707e-02,5.343451736251671191e-02,5.312234178472736296e-02,1.991626829187856038e-02,3.766668274536862093e-02,1.171892122462966923e-01,5.061496812071856338e-02,6.934161173257522015e-02,6.276342693863050382e-02,7.820065057250701751e-03,3.095179770749076353e-02
1.711547953581102691e-02,0.000000000000000000e+00,1.931431708092786956e-02,8.732070598676634071e-03,4.587038179713168878e-02,6.523992339414760866e-02,5.146312100613151252e-02,1.207927589426020104e-02,7.262099937305241393e-02,3.555605203014210181e-02,4.535961040325524329e-02,3.819846402011571607e-02,8.446296314467842403e-02,2.794746392857746370e-02,2.541158447356646477e-02,1.887397012687455633e-02,1.185093762235641703e-02,3.312307777107446199e-02,2.756289126567415190e-02,7.360145440913443138e-02,2.933589383615772817e-02,1.013638669352416866e-01,7.716678242102711915e-02,3.696283614693308961e-02,8.469049544075894775e-02,1.462937466023852828e-01,8.794770753273598030e-02,1.219095993288928786e-01,1.053081370056629801e-01,1.765291984746720708e-02,5.162564029707028546e-02,1.788121148142069600e-02,1.352582010880005493e-02,2.434712980254122305e-02,1.582045203399538164e-02,2.782178882741203826e-02,9.020967260767615362e-03,1.196946551538123453e-02,1.996531825680058006e-02,1.572563674059302904e-02,2.157757552246255053e-02,1.256147395547593977e-02,2.249226825387578774e-02,5.907333874769230865e-03,6.926325271818915136e-03,2.137205473860318700e-02,2.707002897737193284e-02,2.617931164634909602e-02,1.683319633548516561e-02,3.924527509665411834e-02,6.098196982211275680e-02,5.739468635853373080e-02,1.526518000922827238e-02,7.895960366609010295e-02,3.945389984077053713e-02,7.382432857447766839e-02,4.731904714499676062e-02,8.302029266967290988e-02,2.757117162005481847e-02,3.074593222532288894e-02,2.837917152294238549e-02,1.467280539789131075e-02,2.901827100575380194e-02,3.023367022105870328e-02,6.854514055098955005e-02,3.343243620674711536e-02,9.196325999220177072e-02,8.913525827097608378e-02,3.328683604069366392e-02,6.468195925825817594e-02,1.980884241463916617e-01,8.701407330594365663e-02,1.191003565971733846e-01,1.075601447289873808e-01,1.313101372806917827e-02,5.226350448760003209e-02
1.133043292471637604e-02,1.931431708092786956e-02,0.000000000000000000e+00,5.622669837300220755e-03,3.025348963037569755e-02,4.301105740369035035e-02,3.429554717257812108e-02,7.874037734379536746e-03,4.888990528968933241e-02,2.334515484398099611e-02,3.008428667722090610e-02,2.551078274393950296e-02,5.597961834176499313e-02,1.843582030785844220e-02,1.713537619522051067e-02,1.242612653426045100e-02,7.710509926127036978e-03,2.186850342681998308e-02,1.859638144258183787e-02,4.814001491998752547e-02,1.895290515039928583e-02,6.753812537497014268e-02,5.184265778330768293e-02,2.489795393513260027e-02,5.639564340451613811e-02,9.809830406053900165e-02,5.868287305526109082e-02,8.054569619956515603e-02,7.003635142408839998e-02,1.152919764447184366e-02,3.410619594355173562e-02,1.215500802100850063e-02,9.302142153557018886e-03,1.645922501185438300e-02,1.069543058964989544e-02,1.840202700778572134e-02,6.036433935329046756e-03,8.107050589246742739e-03,1.346943313108976518e-02,1.056993335173058920e-02,1.422675429502862250e-02,8.309021810966045821e-03,1.508277586504620273e-02,3.862507453113082911e-03,4.697411378776080240e-03,1.415227220641799774e-02,1.797131021493193065e-02,1.781249961039687094e-02,1.106547646701199622e-02,2.578212492023356991e-02,4.083699957272000913e-02,3.780674896681245067e-02,9.924672710057961048e-03,5.356395664562596526e-02,2.543861694236599150e-02,4.921625883781372002e-02,3.140833442229581940e-02,5.535710931626953296e-02,1.820870535635888895e-02,2.065109855745523443e-02,1.895399204649528616e-02,9.728368617220307241e-03,1.930872721321019031e-02,2.035544077363811086e-02,4.600825680712443411e-02,2.152554980975272814e-02,6.157546170249826589e-02,5.950345468744054622e-02,2.236409936079319580e-02,4.281340180589258970e-02,1.321149699436018898e-01,5.811357426084834410e-02,7.924128015960206495e-02,7.136371555153654678e-02,8.709109978871032443e-03,3.433939002036336119e-02
5.160104924699925565e-03,8.732070598676634071e-03,5.622669837300220755e-03,0.000000000000000000e+00,1.317636126219208503e-02,1.940110865264144113e-02,1.466112283583669712e-02,3.594231664405059430e-03,2.124849450646405444e-02,1.012087667120284765e-02,1.303247588587451086e-02,1.132737792743327039e-02,2.464904262023899159e-02,8.211815645721345230e-03,7.714920570549793286e-03,5.374706425162014030e-03,3.421681274209392373e-03,9.717893503409262210e-03,8.028366885365387229e-03,2.146690282310956613e-02,8.649814710379993138e-03,2.997347912219967131e-02,2.305517189416069965e-02,1.116318531640613475e-02,2.526740592025317200e-02,4.339243887542077599e-02,2.585780660404518941e-02,3.557680432044201674e-02,3.122636446392099141e-02,5.088152269762741091e-03,1.507706743594356899e-02,5.350605576433711125e-03,4.119994613286926538e-03,7.231804032938524834e-03,4.747834502706782707e-03,7.981453644061962949e-03,2.451573989582812689e-03,3.611209625169022660e-03,6.104382334018010510e-03,4.809420235157900111e-03,6.312000440311478153e-03,3.598673805388975279e-03,6.633509259432015907e-03,1.652735586924871346e-03,2.144069684063925479e-03,6.654454731640857025e-03,7.860714192464838754e-03,7.526438982718439488e-03,4.968318330954104613e-03,1.141908119339109934e-02,1.809894691445917622e-02,1.644382596885197653e-02,4.550456791542732866e-03,2.322350066283266137e-02,1.117467751181480846e-02,2.193312907339822065e-02,1.405192585364330692e-02,2.412195963762669287e-02,7.878207838395505716e-03,9.216903293829336111e-03,8.444806465752905875e-03,4.301313205574018930e-03,8.765727144832948653e-03,8.890376222077533627e-03,2.047520208361680930e-02,1.009272997023061280e-02,2.697510296355805359e-02,2.632911276604953804e-02,1.013623241307860454e-02,1.892019897211332652e-02,5.917515815129846535e-02,2.528064939551697907e-02,3.491784243141176497e-02,3.229600368979778507e-02,3.587078185469226403e-03,1.514180452550890899e-02
2.619387844370564544e-02,4.587038179713168878e-02,3.025348963037569755e-02,1.317636126219208503e-02,0.000000000000000000e+00,1.002664031040016029e-01,7.913670547590390125e-02,1.853640119201359002e-02,1.122973298464243624e-01,5.556723465925590688e-02,7.046486734680898478e-02,5.997781972362477981e-02,1.302937924478517751e-01,4.308798546178443239e-02,3.921913336437912734e-02,2.879155470263770888e-02,1.840235199306133190e-02,5.041537570164372067e-02,4.291260731967301567e-02,1.119661126665890960e-01,4.513625145921340565e-02,1.551948141850057750e-01,1.186895350937826887e-01,5.729757581989185222e-02,1.299551501844922741e-01,2.242556388489948260e-01,1.363352890082319413e-01,1.869601948810934722e-01,1.615547633350341572e-01,2.729040343943314739e-02,7.925489815085050294e-02,2.758686640578383170e-02,2.081548763716314920e-02,3.759649545305671775e-02,2.443504758166701110e-02,4.298713755554091354e-02,1.380634918764450311e-02,1.859545533057710420e-02,3.077654737688113873e-02,2.408932262765466764e-02,3.296983415519439548e-02,1.933632697790895610e-02,3.496348834177312459e-02,9.134927879033274273e-03,1.064611118720377309e-02,3.258141329393283991e-02,4.143047929109184430e-02,4.103866142891930691e-02,2.588217118065160374e-02,6.052203764981890777e-02,9.438551109809943662e-02,8.804107044390689640e-02,2.318069690435602820e-02,1.220242129848226192e-01,6.210990796525819868e-02,1.148774856197243843e-01,7.382857396071962341e-02,1.276194592383482485e-01,4.219918780752808518e-02,4.724663716368737026e-02,4.380259839889439483e-02,2.293866189779590961e-02,4.467906776938690427e-02,4.693268919450634818e-02,1.055800446341150362e-01,5.188972361852952492e-02,1.398341701329250952e-01,1.362402119718238713e-01,5.146248572069571370e-02,9.878699803311177807e-02,3.038048176244556031e-01,1.337440220841287219e-01,1.830065994117623385e-01,1.669213748470148029e-01,2.019633722294610079e-02,8.007820994754805133e-02
3.786410291465053257e-02,6.523992339414760866e-02,4.301105740369035035e-02,1.940110865264144113e-02,1.002664031040016029e-01,0.000000000000000000e+00,1.151564533021584569e-01,2.705693307488356986e-02,1.624771790209725286e-01,7.840551957811328632e-02,9.970887058060484698e-02,8.352730684592366006e-02,1.878111209798380421e-01,6.045232548435714587e-02,5.554664887681418084e-02,4.181643626565341443e-02,2.628959544667544557e-02,7.269028059979021350e-02,6.111903636807026335e-02,1.613844963855574077e-01,6.483365526209541874e-02,2.243299862660742550e-01,1.724751697603611467e-01,8.104252818740123598e-02,1.882537420970756270e-01,3.235190419867172706e-01,1.965438526361410199e-01,2.678954794984297338e-01,2.329043503129828441e-01,3.955690776936391512e-02,1.153713144434328070e-01,4.056925639013232027e-02,2.951359228771021498e-02,5.344041462142636728e-02,3.468157501379224433e-02,6.076430130613912767e-02,2.004330195281926047e-02,2.559186817846699838e-02,4.428799391203053909e-02,3.434991084997064681e-02,4.773072823034706785e-02,2.770860102878567113e-02,4.939188828974347412e-02,1.338961308763835477e-02,1.493248987988387427e-02,4.742861585515123490e-02,6.071739967699735924e-02,6.007151760980534994e-02,3.703180400538905181e-02,8.703452082944770907e-02,1.357853366914661963e-01,1.281514880100385612e-01,3.397911714325799887e-02,1.769921282804757245e-01,8.625441672925106273e-02,1.616530291021592569e-01,1.038541132595571376e-01,1.843546502125986974e-01,6.068474241307694750e-02,6.742485483001105229e-02,6.255427650559762520e-02,3.234768976173667265e-02,6.404474209722375855e-02,6.752306098972903070e-02,1.505378031895794888e-01,7.399468241063147933e-02,2.033090175986551340e-01,2.007890785317337778e-01,7.259293124660776142e-02,1.443252677079022994e-01,4.342104659885054341e-01,1.937000945452997669e-01,2.629189513785409327e-01,2.372972341499576809e-01,2.970133938113862088e-02,1.172552512615728931e-01
2.984618380202250232e-02,5.146312100613151252e-02,3.429554717257812108e-02,1.466112283583669712e-02,7.913670547590390125e-02,1.151564533021584569e-01,0.000000000000000000e+00,2.149561337652977980e-02,1.286255245984481155e-01,6.205947528218763720e-02,7.922048990781531408e-02,6.853256712963123887e-02,1.479938716860603187e-01,4.805778177834098275e-02,4.575110093838131303e-02,3.253295170424116978e-02,2.094588119700032877e-02,5.763987217803956398e-02,4.874829521983650715e-02,1.272926807231265500e-01,5.136963034486284607e-02,1.781987049469935525e-01,1.371348881979369272e-01,6.632082424745530669e-02,1.481105983676659354e-01,2.592729684597843698e-01,1.551968129504838756e-01,2.121252881657053058e-01,1.852320840263325108e-01,2.980463556367536626e-02,8.997090545973625286e-02,3.307829389628338251e-02,2.426004829851343900e-02,4.325129318694767577e-02,2.838118772127019157e-02,4.805151022455787790e-02,1.591829267576841053e-02,2.140685785995231905e-02,3.747544806157846603e-02,2.837012682961766522e-02,3.787239921089801536e-02,2.214035929503299638e-02,3.933983769981010126e-02,1.033374874354387948e-02,1.252905667532213004e-02,3.835327505224472161e-02,4.721740299469844027e-02,4.587538917166364416e-02,2.953689086568675459e-02,6.891320037915037167e-02,1.079979469420420252e-01,1.004718549011161394e-01,2.720934348414563025e-02,1.395062384957056201e-01,6.966171556362285577e-02,1.310961714017699897e-01,8.513447707727297975e-02,1.465146613889706795e-01,4.714704610249825095e-02,5.444554138706578228e-02,4.926311759795206496e-02,2.552354844090025041e-02,5.197218306922817693e-02,5.314760954282868322e-02,1.207900560609456442e-01,6.004326446465868550e-02,1.602619870210597597e-01,1.572873082588940596e-01,5.959728566480546746e-02,1.134129635879655706e-01,3.525618828773571800e-01,1.523443150325000661e-01,2.089188810642447769e-01,1.913047130462409984e-01,2.188476187951633734e-02,9.074392569648880025e-02
7.080608772935918782e-03,1.207927589426020104e-02,7.874037734379536746e-03,3.594231664405059430e-03,1.853640119201359002e-02,2.705693307488356986e-02,2.149561337652977980e-02,0.000000000000000000e+00,3.030830608707128088e-02,1.481736682409860034e-02,1.894324525458188080e-02,1.577174370821709387e-02,3.502130416723776840e-02,1.094760102426643733e-02,1.076565441786771216e-02,7.772704513002742788e-03,5.093378759215461300e-03,1.368956423953431381e-02,1.139681549393932632e-02,2.995267490485083520e-02,1.210605929401888971e-02,4.199647431420078930e-02,3.248030135196536966e-02,1.515734679764097967e-02,3.481644446744959487e-02,6.141797060252413010e-02,3.641298332735710963e-02,5.021085371603189323e-02,4.354186115755177833e-02,7.324431011312760795e-03,2.208223826107235874e-02,7.647426701991740482e-03,5.602714830103060033e-03,1.007591165760236829e-02,6.508139396709115669e-03,1.097287465044993575e-02,3.700105586566777328e-03,4.739435958254993760e-03,8.513039389618556191e-03,6.524101435819397964e-03,8.978983801365258283e-03,5.293331497845681424e-03,9.053488736927989278e-03,2.535210301284273118e-03,2.856657285818468145e-03,8.847204254048940744e-03,1.132890212624731129e-02,1.122616953032621635e-02,6.901492244755686595e-03,1.622102683235050399e-02,2.547853888376821335e-02,2.392693894402744825e-02,6.499600974045093189e-03,3.263321472739164064e-02,1.629499405241339322e-02,3.052446409475964920e-02,1.980752286380945207e-02,3.485697451430583294e-02,1.108372776401909780e-02,1.294543856154390347e-02,1.160390712080314538e-02,5.972421504092823366e-03,1.235661056527197037e-02,1.269363102830271990e-02,2.795790291491048046e-02,1.409854239437088874e-02,3.840478353086518998e-02,3.832672502487075722e-02,1.355706094582937067e-02,2.720381095993461285e-02,8.269627542730630110e-02,3.601182391222868678e-02,4.964772742331101385e-02,4.448462941964485134e-02,5.611220537253716438e-03,2.219277324889771044e-02
4.203433017369940378e-02,7.262099937305241393e-02,4.888990528968933241e-02,2.124849450646405444e-02,1.122973298464243624e-01,1.624771790209725286e-01,1.286255245984481155e-01,3.030830608707128088e-02,0.000000000000000000e+00,8.779610820010419481e-02,1.125981932335397978e-01,9.409713056658616792e-02,2.096903556297048665e-01,6.801927621137654478e-02,6.292411307652556740e-02,4.680572781091051765e-02,2.951407125327055320e-02,8.148895381494181134e-02,6.897358350037469110e-02,1.816045759134697346e-01,7.153058219471848667e-02,2.531274345325686403e-01,1.946374608656291083e-01,9.115897655439776648e-02,2.105585704634264366e-01,3.641216357396994674e-01,2.227485554798875611e-01,3.007980972455880919e-01,2.623957554231304279e-01,4.337517928433373693e-02,1.278831106510731341e-01,4.566649884136114723e-02,3.390840053052596170e-02,6.047626997541449834e-02,3.913588494515384680e-02,6.823796898793657584e-02,2.232731710020214450e-02,2.927123319203946486e-02,5.042567079672273522e-02,3.882327144770587879e-02,5.300653209437446167e-02,3.097367197336974715e-02,5.601369172931807555e-02,1.496868183609750477e-02,1.699071362158748044e-02,5.290082486057918337e-02,6.782132481493206855e-02,6.727209902572055256e-02,4.139523262189924446e-02,9.687862138587979843e-02,1.521072369713731554e-01,1.427405556200246339e-01,3.817189539419336280e-02,1.987712226590025166e-01,9.668216376094031228e-02,1.827582086968482789e-01,1.168613160262712003e-01,2.073221986851622733e-01,6.749505959386369047e-02,7.600166449623398102e-02,7.053548800654954598e-02,3.632598756532137013e-02,7.254175739034132708e-02,7.618086725518181945e-02,1.702536485336526295e-01,8.206582747685768620e-02,2.287045721095866957e-01,2.253724389649564841e-01,8.207598920435388301e-02,1.613764614497376071e-01,4.901859390550982187e-01,2.180782343125901301e-01,2.960100893880816542e-01,2.665533494298299999e-01,3.261393037339540418e-02,1.299522820347598917e-01
2.059435485950861580e-02,3.555605203014210181e-02,2.334515484398099611e-02,1.012087667120284765e-02,5.556723465925590688e-02,7.840551957811328632e-02,6.205947528218763720e-02,1.481736682409860034e-02,8.779610820010419481e-02,0.000000000000000000e+00,5.494884959139437197e-02,4.661714334833983592e-02,1.011438547366873830e-01,3.342698964243234067e-02,3.112637411088806441e-02,2.266817048472878279e-02,1.432120204662194404e-02,3.956621896834169178e-02,3.318485007225638328e-02,8.810434086289430089e-02,3.533901378153355560e-02,1.234261135749752936e-01,9.412552157821071908e-02,4.463305378071922430e-02,1.021603135411716795e-01,1.777333014794988397e-01,1.071945961578510409e-01,1.465896799823551977e-01,1.268562493836054850e-01,2.115835472328599434e-02,6.245801597179637121e-02,2.214352116089289210e-02,1.663512562282122922e-02,2.931550694034460586e-02,1.913736653301391019e-02,3.360290299110212792e-02,1.078110199376002866e-02,1.457029138270292228e-02,2.483933212384537362e-02,1.947394250015007863e-02,2.596349299546032996e-02,1.517805916849051390e-02,2.717920670239431721e-02,7.082777733887933233e-03,8.463631349816069446e-03,2.592809736497872497e-02,3.230954301929133549e-02,3.194003044152537302e-02,2.001136831077431413e-02,4.792886107274190594e-02,7.358979400978547802e-02,6.903739571095912630e-02,1.850755072070499677e-02,9.507057152864388516e-02,4.813863660778164300e-02,8.985833335456230864e-02,5.760586346436626787e-02,1.005296892199797343e-01,3.291755751236474792e-02,3.685856296362229750e-02,3.413302091538758520e-02,1.758030634251856253e-02,3.563010479627092691e-02,3.645387775854772722e-02,8.247507622776183156e-02,4.080615538350240018e-02,1.114696860059462558e-01,1.079944255569636191e-01,3.992406618151839170e-02,7.819553103123966231e-02,2.401496822109139839e-01,1.048654329808711982e-01,1.443180301665936693e-01,1.303725330856990716e-01,1.582822225544281564e-02,6.311445860174931533e-02
2.609496424819208668e-02,4.535961040325524329e-02,3.008428667722090610e-02,1.303247588587451086e-02,7.046486734680898478e-02,9.970887058060484698e-02,7.922048990781531408e-02,1.894324525458188080e-02,1.125981932335397978e-01,5.494884959139437197e-02,0.000000000000000000e+00,5.963400031003694701e-02,1.291424480796360408e-01,4.283305681891339672e-02,3.979518031727690558e-02,2.876936454423065920e-02,1.837004448480805338e-02,5.037619405408292478e-02,4.303985441674102602e-02,1.110337860294458578e-01,4.532172654085756675e-02,1.557637014381569873e-01,1.202622188829785832e-01,5.684759759216033437e-02,1.293869571079979963e-01,2.256771882378147132e-01,1.362631947991806980e-01,1.872414660930632746e-01,1.614913718311770940e-01,2.717394853521770334e-02,7.960791042892328973e-02,2.840393023050744731e-02,2.122268631966919838e-02,3.748879405220915950e-02,2.439703467429167952e-02,4.276144404507869340e-02,1.373523622147950103e-02,1.865436050246806546e-02,3.133262423760833915e-02,2.439283780711635000e-02,3.300303796682665936e-02,1.926455352887383385e-02,3.499215896894607852e-02,8.925514497842047812e-03,1.088694572112604633e-02,3.268709157546731414e-02,4.169090302009213073e-02,4.062054935999193789e-02,2.573378455962139350e-02,6.063774533259030930e-02,9.458229123414721440e-02,8.805457162549529260e-02,2.353325623864478341e-02,1.229078951443653700e-01,6.118455184005162917e-02,1.145436428469999990e-01,7.353656116106339902e-02,1.279452639346272402e-01,4.221767375168062469e-02,4.743279373940861854e-02,4.408213874146415384e-02,2.271447541504195700e-02,4.564697301808895435e-02,4.684049807647602814e-02,1.057995341689513258e-01,5.172224518105668356e-02,1.420912997252590237e-01,1.379996561048507653e-01,5.101059463982259706e-02,1.001986998662220130e-01,3.055597621754729820e-01,1.349971671637979764e-01,1.841414811803407103e-01,1.660848000911667177e-01,2.027876147711576288e-02,8.053045365778192799e-02
2.235081786891634018e-02,3.819846402011571607e-02,2.551078274393950296e-02,1.132737792743327039e-02,5.997781972362477981e-02,8.352730684592366006e-02,6.853256712963123887e-02,1.577174370821709387e-02,9.409713056658616792e-02,4.661714334833983592e-02,5.963400031003694701e-02,0.000000000000000000e+00,1.107301710469871109e-01,3.609826926617061560e-02,3.311277600951040290e-02,2.427118719308894723e-02,1.559830384211179435e-02,4.248284722394535251e-02,3.584995359091377315e-02,9.367389934946594721e-02,3.800574230602432602e-02,1.302384632224900529e-01,1.000709721888324438e-01,4.774432687718860313e-02,1.073082507954391668e-01,1.907239765147213106e-01,1.134093711292775974e-01,1.573205933926086209e-01,1.341874619247642175e-01,2.307614671823320085e-02,6.747682894988629720e-02,2.340933079930712646e-02,1.785958638349613437e-02,3.235710369126848507e-02,2.093308428369947821e-02,3.616181985376193397e-02,1.170197504139694478e-02,1.527428901542744397e-02,2.607885845557778720e-02,2.092343965907481063e-02,2.830313231627208659e-02,1.697260625676175194e-02,2.933584452587147118e-02,7.846125306708305255e-03,8.756550006633520220e-03,2.801603525143340004e-02,3.480129156398883983e-02,3.543118114848094885e-02,2.187115230096967067e-02,5.146292889360472994e-02,7.818102218677396020e-02,7.539771678814759237e-02,2.009585504084129837e-02,1.014381862205985946e-01,5.215551037612317642e-02,9.558916988308670259e-02,6.249712993204856876e-02,1.093908982060730478e-01,3.638297245631872540e-02,3.974947037295667451e-02,3.616426407904659024e-02,1.909317587052239071e-02,3.723632412769091460e-02,3.974476274773211526e-02,8.800289075041675679e-02,4.417502707270552775e-02,1.173126767328786790e-01,1.156023384754476108e-01,4.313679571620934738e-02,8.313215256158153210e-02,2.578620527865996825e-01,1.118297728797946200e-01,1.547625351976087971e-01,1.383660267860280513e-01,1.728220529558493687e-02,6.835501613587949277e-02
4.948503690656073928e-02,8.446296314467842403e-02,5.597961834176499313e-02,2.464904262023899159e-02,1.302937924478517751e-01,1.878111209798380421e-01,1.479938716860603187e-01,3.502130416723776840e-02,2.096903556297048665e-01,1.011438547366873830e-01,1.291424480796360408e-01,1.107301710469871109e-01,0.000000000000000000e+00,7.880001363177296936e-02,7.382487784286466403e-02,5.374704779155700662e-02,3.401527093819189246e-02,9.496673159131759079e-02,7.886304403188516832e-02,2.114472679453482939e-01,8.424768031711976635e-02,2.922855562205713409e-01,2.226695046237287257e-01,1.084704387339963938e-01,2.428040721565287163e-01,4.227620854884269197e-01,2.538797175193046596e-01,3.474151543304757617e-01,3.043471575449255839e-01,4.947850977009662921e-02,1.480504719850575246e-01,5.301910722243365071e-02,3.937884373632633689e-02,7.065668002215594323e-02,4.611674937966284832e-02,7.881053361353082543e-02,2.595723729746664266e-02,3.453316555381451269e-02,5.967847445164806142e-02,4.618878109327741177e-02,6.263398317493562573e-02,3.631821199088271918e-02,6.404167945906544257e-02,1.720143309671317775e-02,2.009063291415934260e-02,6.292554146869042131e-02,7.741440296643846419e-02,7.660081997492032557e-02,4.868638766940013712e-02,1.120315807498835359e-01,1.754380430028461835e-01,1.642251060136508678e-01,4.495751526874632725e-02,2.280928194382330909e-01,1.128294676441230493e-01,2.128796233589554665e-01,1.382200096987008242e-01,2.399124529463647071e-01,7.729146007615773917e-02,8.916716707322180913e-02,8.054707534462095253e-02,4.183204478153214334e-02,8.436252068484077771e-02,8.754326038076756800e-02,1.962576772608200515e-01,9.811610650094147734e-02,2.614332232064991435e-01,2.591884341492015076e-01,9.800862911222088525e-02,1.856784671126840980e-01,5.745932968323574919e-01,2.481974102788559455e-01,3.426948300735117581e-01,3.114574008400258220e-01,3.637087130379802746e-02,1.498277855678596115e-01
1.549177075188761833e-02,2.794746392857746370e-02,1.843582030785844220e-02,8.211815645721345230e-03,4.308798546178443239e-02,6.045232548435714587e-02,4.805778177834098275e-02,1.094760102426643733e-02,6.801927621137654478e-02,3.342698964243234067e-02,4.283305681891339672e-02,3.609826926617061560e-02,7.880001363177296936e-02,0.000000000000000000e+00,2.345800861889391770e-02,1.755273952672536941e-02,1.101344625774895725e-02,3.032071963538383180e-02,2.600846888344419960e-02,6.771371662675104708e-02,2.717224611688336469e-02,9.390673188729653509e-02,7.089453123080502461e-02,3.410827715626588152e-02,7.846716860452698783e-02,1.347121448713347047e-01,8.207290362130260919e-02,1.139090650071136468e-01,9.759101099180063354e-02,1.687021597993786787e-02,4.795401245133510543e-02,1.626658998892771546e-02,1.268209805512291247e-02,2.263404007364303722e-02,1.455732153116882921e-02,2.606609263739713758e-02,8.469993174012382942e-03,1.125526725118678600e-02,1.802832438424145645e-02,1.427985482809441056e-02,1.988676775053399917e-02,1.179704002431241662e-02,2.131091377001462228e-02,5.549502549300680022e-03,6.426257899352528537e-03,1.886512352021958369e-02,2.535246468850942125e-02,2.501459643802573379e-02,1.566362696721313244e-02,3.659153434674030508e-02,5.709943405296774577e-02,5.331312222307029586e-02,1.367010271836410079e-02,7.428782268909242537e-02,3.765633576854397063e-02,6.861776554137968831e-02,4.405999986044847189e-02,7.696611879413582658e-02,2.588401990531896332e-02,2.853580037877601408e-02,2.672076926090282550e-02,1.400767164938316808e-02,2.684419378022701377e-02,2.834792682151256182e-02,6.378658356840474775e-02,3.065763341451515148e-02,8.513265789127937022e-02,8.130998755443251402e-02,3.044561946510961070e-02,5.973645076837088425e-02,1.820403489473657321e-01,8.102980633864800830e-02,1.110768316400498473e-01,9.992430251819210685e-02,1.244758079431078010e-02,4.867906488131902576e-02
1.515838827039915453e-02,2.541158447356646477e-02,1.713537619522051067e-02,7.714920570549793286e-03,3.921913336437912734e-02,5.554664887681418084e-02,4.575110093838131303e-02,1.076565441786771216e-02,6.292411307652556740e-02,3.112637411088806441e-02,3.979518031727690558e-02,3.311277600951040290e-02,7.382487784286466403e-02,2.345800861889391770e-02,0.000000000000000000e+00,1.664498449026222821e-02,1.057597370298552115e-02,2.825934286061141179e-02,2.447820290771021701e-02,6.198354833637569755e-02,2.589512746630926246e-02,8.790974194551798293e-02,6.897705882735949423e-02,3.216015515056566687e-02,7.186299116616144678e-02,1.297913604897458217e-01,7.634355934969767887e-02,1.061150134853921512e-01,8.976033780936108764e-02,1.561042068525692744e-02,4.664859148873723438e-02,1.664856004009483345e-02,1.236265804423985690e-02,2.212196807321111652e-02,1.393530352464124322e-02,2.370458646887954601e-02,7.980793259439202675e-03,1.023119772683990340e-02,1.819970627318089409e-02,1.401647891066183996e-02,1.916755005887187460e-02,1.129009921368230411e-02,1.876186857026368796e-02,5.133110135718854314e-03,6.063775564179939292e-03,1.830495620823145014e-02,2.404910287355301393e-02,2.377355312138750010e-02,1.426953863524204127e-02,3.408651621768272327e-02,5.265386401045792780e-02,5.041369693469646696e-02,1.354222769549444198e-02,6.885393878099950460e-02,3.453376189207146146e-02,6.281341899385507743e-02,4.137994829957427484e-02,7.290334556257442589e-02,2.345726546743788846e-02,2.683120926752170093e-02,2.445178897414499244e-02,1.268527304626607816e-02,2.530692363880130205e-02,2.690422873067970649e-02,5.834047091498453796e-02,2.918776398919703530e-02,8.066860839133556393e-02,7.981758862198425064e-02,2.860844309351845763e-02,5.654511410724755854e-02,1.732344091918127105e-01,7.569969058825647135e-02,1.043557479321862574e-01,9.129244680421219615e-02,1.231555819071549276e-02,4.769383554065449032e-02
1.075248441712824306e-02,1.887397012687455633e-02,1.242612653426045100e-02,5.374706425162014030e-03,2.879155470263770888e-02,4.181643626565341443e-02,3.253295170424116978e-02,7.772704513002742788e-03,4.680572781091051765e-02,2.266817048472878279e-02,2.876936454423065920e-02,2.427118719308894723e-02,5.374704779155700662e-02,1.755273952672536941e-02,1.664498449026222821e-02,0.000000000000000000e+00,7.689210272206890850e-03,2.073544000318006467e-02,1.773999233686357827e-02,4.698451481005506969e-02,1.894130961266974819e-02,6.522251118705864326e-02,5.068456671664593738e-02,2.338520781892481151e-02,5.417835745215097282e-02,9.374507727070502394e-02,5.716716064059439856e-02,7.863573861165833179e-02,6.792347154300833190e-02,1.148545610932218651e-02,3.338771716862078826e-02,1.184896083910890949e-02,8.935811392883307586e-03,1.549175051897915337e-02,9.984571094578715764e-03,1.752969181980157734e-02,5.654605328422828044e-03,7.796756697589866253e-03,1.298258188227187013e-02,1.002944162358393627e-02,1.383703847958450348e-02,7.900808701315879118e-03,1.432833995811918018e-02,3.787074275303723911e-03,4.447926834939155624e-03,1.338504483216854113e-02,1.776840197317921741e-02,1.708144820749771253e-02,1.050335165222573107e-02,2.494358707906682224e-02,3.970497187238254677e-02,3.657482039893406034e-02,9.764400413436966422e-03,5.105436757377807694e-02,2.508780111673051746e-02,4.663297130077527497e-02,2.959066409415369095e-02,5.264979733373721660e-02,1.742672172906117173e-02,1.988571026724068186e-02,1.839056058257249396e-02,9.334577252196316066e-03,1.877330736487736740e-02,1.943965047952884995e-02,4.403561798676810385e-02,2.117386467316503471e-02,6.049048323224537338e-02,5.846600909231623733e-02,2.078954488744795201e-02,4.157533552499533686e-02,1.260869839224241507e-01,5.643461022998667864e-02,7.676756074165824728e-02,6.894831400724860115e-02,8.665234584135187226e-03,3.441083103299764218e-02
6.984509396255915090e-03,1.185093762235641703e-02,7.710509926127036978e-03,3.421681274209392373e-03,1.840235199306133190e-02,2.628959544667544557e-02,2.094588119700032877e-02,5.093378759215461300e-03,2.951407125327055320e-02,1.432120204662194404e-02,1.837004448480805338e-02,1.559830384211179435e-02,3.401527093819189246e-02,1.101344625774895725e-02,1.057597370298552115e-02,7.689210272206890850e-03,0.000000000000000000e+00,1.325875452065446158e-02,1.127704211804507473e-02,2.932871307746975562e-02,1.190576040873419193e-02,4.161467216809074804e-02,3.192005778398163129e-02,1.503749263121633220e-02,3.424944818347778336e-02,6.028809896410372571e-02,3.589871700543897926e-02,4.930031193513630117e-02,4.265116776152554079e-02,6.982751521199840813e-03,2.118429933449499786e-02,7.783108812280626829e-03,5.591166180287927660e-03,9.814250445149703614e-03,6.344886031384040434e-03,1.097689289762888119e-02,3.650351163671801402e-03,4.836523828515374053e-03,8.649173464291105146e-03,6.584247223604611059e-03,8.729145706494698467e-03,5.079886003364311037e-03,8.937601996921444580e-03,2.363396798765608157e-03,2.861687784470212225e-03,8.833634974188724412e-03,1.091879600815966189e-02,1.054145836983805609e-02,6.705171053024435758e-03,1.588678375995615510e-02,2.470053658079017500e-02,2.324083009816301990e-02,6.254758609321777081e-03,3.203471791954805997e-02,1.592606579119735383e-02,2.990223487086248258e-02,1.946974059312674143e-02,3.420056624410296175e-02,1.068202168133005996e-02,1.242395424223667090e-02,1.126364981228712182e-02,5.772704978529739905e-03,1.210487864950542114e-02,1.221400740243271804e-02,2.728937478610381911e-02,1.380169716994695400e-02,3.755742852845690011e-02,3.660195779525852317e-02,1.358247126571570165e-02,2.648625786668657583e-02,8.116142081997185231e-02,3.510080196132355640e-02,4.861080337738298007e-02,4.349845601172622200e-02,5.224950835766024003e-03,2.130232128708463984e-02
1.934258631685584900e-02,3.312307777107446199e-02,2.186850342681998308e-02,9.717893503409262210e-03,5.041537570164372067e-02,7.269028059979021350e-02,5.763987217803956398e-02,1.368956423953431381e-02,8.148895381494181134e-02,3.956621896834169178e-02,5.037619405408292478e-02,4.248284722394535251e-02,9.496673159131759079e-02,3.032071963538383180e-02,2.825934286061141179e-02,2.073544000318006467e-02,1.325875452065446158e-02,0.000000000000000000e+00,3.080316339229351164e-02,8.227900139093421994e-02,3.261965065907545397e-02,1.139533981227894427e-01,8.684782334764644396e-02,4.161624734320462649e-02,9.461148811284897375e-02,1.643948615083749287e-01,9.851498452701104580e-02,1.358194907528547934e-01,1.176324677000689101e-01,1.947304668330429589e-02,5.798848247106679066e-02,2.035438473706916926e-02,1.531675240224476819e-02,2.739154227017686488e-02,1.772322107494730958e-02,3.054457850251608361e-02,1.009841383391336077e-02,1.317455185811927318e-02,2.264477534056637612e-02,1.775995193321084145e-02,2.421034746251722256e-02,1.414212698373806462e-02,2.491840107033893581e-02,6.643198999271369976e-03,7.645633013461497311e-03,2.409184975248274477e-02,3.037927769935920563e-02,3.019608684025108791e-02,1.875042247865517375e-02,4.352345876633468419e-02,6.798892151386713711e-02,6.461520667929472606e-02,1.741573041284286139e-02,8.826917722606691941e-02,4.344982684083224800e-02,8.194459062983011632e-02,5.267769056875767908e-02,9.346853278134732712e-02,3.049991786021046328e-02,3.428490100606580021e-02,3.166831745189367664e-02,1.619624001998461529e-02,3.245177048110557683e-02,3.402508163690004528e-02,7.623336561753359109e-02,3.752848455348505030e-02,1.028842327285451191e-01,1.010714836318771237e-01,3.755016311752699953e-02,7.253408383340741172e-02,2.224755437567732252e-01,9.719555067086181610e-02,1.332829289780876614e-01,1.203116070256318171e-01,1.463701238679347705e-02,5.898813019567822336e-02
1.586611159342519659e-02,2.756289126567415190e-02,1.859638144258183787e-02,8.028366885365387229e-03,4.291260731967301567e-02,6.111903636807026335e-02,4.874829521983650715e-02,1.139681549393932632e-02,6.897358350037469110e-02,3.318485007225638328e-02,4.303985441674102602e-02,3.584995359091377315e-02,7.886304403188516832e-02,2.600846888344419960e-02,2.447820290771021701e-02,1.773999233686357827e-02,1.127704211804507473e-02,3.080316339229351164e-02,0.000000000000000000e+00,6.821582004390744358e-02,2.748192833480506830e-02,9.607741100138554591e-02,7.429795676800135529e-02,3.450737128682027088e-02,7.933147848453478423e-02,1.385501911446460621e-01,8.347464894997051743e-02,1.143764432277059873e-01,9.930373160131186761e-02,1.673188580398060274e-02,4.923492382370710935e-02,1.745189240683491308e-02,1.318936605369139259e-02,2.303231955831721786e-02,1.476199162175769949e-02,2.581910604333719633e-02,8.458046945712591885e-03,1.136916019351771369e-02,1.904901760928226148e-02,1.489035552041751385e-02,2.034150550866422463e-02,1.174089567605609598e-02,2.104037708971788836e-02,5.499545643273711856e-03,6.714957878496905994e-03,1.962214135127036962e-02,2.585308983379711392e-02,2.524776466400939848e-02,1.568691081236889273e-02,3.689781178287065283e-02,5.818807855815927299e-02,5.402213416444850286e-02,1.420947258086919206e-02,7.616160725215329053e-02,3.672133515981246960e-02,6.975066312359209930e-02,4.428019266598468701e-02,7.823417613542192617e-02,2.567389800000673128e-02,2.904636478741919742e-02,2.683444288498051597e-02,1.383995401205431221e-02,2.764234949888859372e-02,2.905391675717110267e-02,6.479300436290989784e-02,3.116426822512275568e-02,8.805289938036657549e-02,8.500311543951367954e-02,3.099628214533672876e-02,6.112018767408529396e-02,1.860956130095445249e-01,8.298851450044650302e-02,1.128925694025970650e-01,1.010263253969929109e-01,1.274618628436592627e-02,4.974906604266022409e-02
4.230587859834769593e-02,7.360145440913443138e-02,4.814001491998752547e-02,2.146690282310956613e-02,1.119661126665890960e-01,1.613844963855574077e-01,1.272926807231265500e-01,2.995267490485083520e-02,1.816045759134697346e-01,8.810434086289430089e-02,1.110337860294458578e-01,9.367389934946594721e-02,2.114472679453482939e-01,6.771371662675104708e-02,6.198354833637569755e-02,4.698451481005506969e-02,2.932871307746975562e-02,8.227900139093421994e-02,6.821582004390744358e-02,0.000000000000000000e+00,7.243829111743357863e-02,2.511173008058645295e-01,1.912062609439006688e-01,9.066404686237969357e-02,2.106449473387776439e-01,3.605065709536235952e-01,2.196407099536634155e-01,3.015787403602180339e-01,2.613155008746763652e-01,4.488562428331643178e-02,1.296335348348169880e-01,4.334136059556256693e-02,3.322278490006982943e-02,6.047127833927115614e-02,3.885983128308147239e-02,6.773572448760420417e-02,2.200922023505901687e-02,2.905054030563020834e-02,4.694172559793693272e-02,3.776962436788665334e-02,5.380439610649181970e-02,3.060751012669466961e-02,5.475019895311781376e-02,1.474354155118830570e-02,1.639421017287838456e-02,5.203902075759170992e-02,6.887360299180235457e-02,6.778771718818740744e-02,4.148974540826807361e-02,9.630465537684368416e-02,1.519594856311509146e-01,1.424291889955668355e-01,3.813503543211435587e-02,1.964596524186233983e-01,9.681132551475088444e-02,1.801502744140719425e-01,1.160887378257009911e-01,2.053610582697065201e-01,6.780357482403087666e-02,7.609987249730472414e-02,7.072153396999453223e-02,3.632854620011394253e-02,7.096423212659960789e-02,7.618102173024418611e-02,1.714418304292743001e-01,8.217091577741214570e-02,2.302905813904311261e-01,2.242049965556665858e-01,8.121285347868270610e-02,1.603716468333435119e-01,4.859128827704018438e-01,2.176170383072531522e-01,2.948581442990935164e-01,2.685403712431542744e-01,3.382066153148381021e-02,1.324130555207035931e-01
1.738778375058104564e-02,2.933589383615772817e-02,1.895290515039928583e-02,8.649814710379993138e-03,4.513625145921340565e-02,6.483365526209541874e-02,5.136963034486284607e-02,1.210605929401888971e-02,7.153058219471848667e-02,3.533901378153355560e-02,4.532172654085756675e-02,3.800574230602432602e-02,8.424768031711976635e-02,2.717224611688336469e-02,2.589512746630926246e-02,1.894130961266974819e-02,1.190576040873419193e-02,3.261965065907545397e-02,2.748192833480506830e-02,7.243829111743357863e-02,0.000000000000000000e+00,1.007807590335458581e-01,7.767071005849039700e-02,3.701193381795350734e-02,8.358462554204569572e-02,1.471121559904192133e-01,8.732999341831863827e-02,1.208821236970177709e-01,1.038609042698663554e-01,1.784205017871375379e-02,5.270898110896077293e-02,1.825576732508779956e-02,1.357606196113052277e-02,2.440585966874007917e-02,1.576654167969214135e-02,2.713409405705258584e-02,8.909724872364356910e-03,1.172811702530886929e-02,2.007538086662543839e-02,1.581258537172740980e-02,2.173426930446730951e-02,1.274107971902562093e-02,2.182366482386503478e-02,5.970674203704520733e-03,6.833444401561342488e-03,2.141982387766941734e-02,2.732443796754134915e-02,2.657647676779333404e-02,1.679150784807689756e-02,3.915767567446621494e-02,6.062704252046408060e-02,5.698931829929054088e-02,1.538421391022455099e-02,7.780971056891207438e-02,3.968289877639347846e-02,7.272695100002118940e-02,4.751064088961667875e-02,8.268592473746731730e-02,2.705285292890938567e-02,3.108330333638103724e-02,2.835343493726000946e-02,1.460350429295194548e-02,2.917407052061217823e-02,3.015567913155833835e-02,6.753304377128525882e-02,3.374221972975505190e-02,9.158880803650767954e-02,9.073215086351404945e-02,3.294972846072236061e-02,6.430313742642349006e-02,1.972761008111745540e-01,8.567112935489519521e-02,1.192870179454344343e-01,1.069698290938022045e-01,1.362178820253892066e-02,5.372899301593370147e-02
