0.000000000000000000e+00,1.658808905426971403e-02,1.026894436619439459e-02,6.283542785158990375e-03,2.207223117810880320e-02,3.346111659601740812e-02,3.474625057623845215e-02,5.857656655284450981e-03,4.346399162634985436e-02,2.073929127808351452e-02,3.143549875029157115e-02,1.812616395901483352e-02,5.032981402928349973e-02,1.254247183665362780e-02,1.430775183788877969e-02,9.690991946516153144e-03,6.803490781483935435e-03,1.698752761745004475e-02,2.018941665635717517e-02,3.103007115085895315e-02,1.541735673202425036e-02,5.399101366442075195e-02,4.390367520210930463e-02,1.666648281572129242e-02,4.103819406576864059e-02,8.305421011046815183e-02,4.724006611521261445e-02,6.839375054485499761e-02,4.932170896988443548e-02,1.155802020416756525e-02,3.489209537447635068e-02,1.593639959969397890e-02,1.038802332291636002e-02,1.464879667012497499e-02,7.893424905354879187e-03,1.240188249662186812e-02,5.851766750594400435e-03,5.320458728015941934e-03,1.461739682909284251e-02,9.607641567485886505e-03,1.159574612013680901e-02,7.908162933706245831e-03,1.104326001555625686e-02,4.426927376599268035e-03,3.078850134406895065e-03,1.309354622703901537e-02,1.648598846587212216e-02,1.797313465648277611e-02,8.630136847674725609e-03,2.489612155888172237e-02,3.168377066378108564e-02,3.793158982279025426e-02,9.371004129909791744e-03,4.530511210739834871e-02,2.070758141045688644e-02,3.907369153088917357e-02,2.439115571457581982e-02,5.066876270325492565e-02,1.290536138981629791e-02,1.648931365762911633e-02,1.645822558191662940e-02,7.171330821459808227e-03,1.476878394659215422e-02,2.029904130144765534e-02,3.044602084275163309e-02,1.922115194796448351e-02,5.592989893968616094e-02,5.456851311382877878e-02,1.606195136940799517e-02,3.938650558636812293e-02,1.070104209200951062e-01,5.016614923985645430e-02,6.970497977877017359e-02,4.678231502603516501e-02,1.208475399022960507e-02,3.495452107879517406e-02
1.658808905426971403e-02,0.000000000000000000e+00,1.910089733701455378e-02,1.186363641659159661e-02,4.055152524374180251e-02,6.263997557378897518e-02,6.530875664269972236e-02,1.071876934826389814e-02,8.199713893691069899e-02,3.829104766388036901e-02,5.901365268133836051e-02,3.361923489632070994e-02,9.482453711013021092e-02,2.296921704139495701e-02,2.616411339865081648e-02,1.797137702589974434e-02,1.253429663997032012e-02,3.198844366705137776e-02,3.776668306874123027e-02,5.818767416777552437e-02,2.819527370731072374e-02,1.009222747706122747e-01,8.122574152097676581e-02,3.068247351307911569e-02,7.674853654667204705e-02,1.537522832370227244e-01,8.795619948774952013e-02,1.279216800495630579e-01,9.326547852829944474e-02,2.153313790416155893e-02,6.526230274821356869e-02,2.994034804339311753e-02,1.955432694486616482e-02,2.817294782196924988e-02,1.464262760465179225e-02,2.317343361405415844e-02,1.104777326306767039e-02,9.993017642885342056e-03,2.758956662505678004e-02,1.809141925040593651e-02,2.181025009399737216e-02,1.463875242688046467e-02,2.122524842035561354e-02,8.658903875068409139e-03,5.645807839169513474e-03,2.436599934972197984e-02,3.142012843864383509e-02,3.392068066914380453e-02,1.630245496843340039e-02,4.666013225684383786e-02,5.895565011863031918e-02,7.134316566576040519e-02,1.784684848470374785e-02,8.440314438436981315e-02,3.888259764928470030e-02,7.348533104414220474e-02,4.523865188387885677e-02,9.457285386934016769e-02,2.432038543151043147e-02,3.122494716036584156e-02,3.098997800140576575e-02,1.355102215666904343e-02,2.759973586030189593e-02,3.837535411429905674e-02,5.735425588146160492e-02,3.610446711234420458e-02,1.051442246736363773e-01,1.021877723636744062e-01,2.957299115430455511e-02,7.426325627084429115e-02,2.012727255191827380e-01,9.413573732617135092e-02,1.298411019994526461e-01,8.806787596822140962e-02,2.231057042417948152e-02,6.543209785785422672e-02
1.026894436619439459e-02,1.910089733701455378e-02,0.000000000000000000e+00,7.249358313472630683e-03,2.523822749773971252e-02,3.901367003673773814e-02,3.995048807175247824e-02,6.768795365765697437e-03,5.106862472978803552e-02,2.330865273158119755e-02,3.673082717923591145e-02,2.080180097806179351e-02,5.850406899081856543e-02,1.417982522470748880e-02,1.701073487506532186e-02,1.114407765798304008e-02,7.665768958475600858e-03,1.960291687566765792e-02,2.395768062875586538e-02,3.584359719109687231e-02,1.743075085829302526e-02,6.326076465857613518e-02,5.143309202730002999e-02,1.924418230739949331e-02,4.723206945380273997e-02,9.662676926166129110e-02,5.471061538074447478e-02,7.912647435313656386e-02,5.815829355444526727e-02,1.342617199338545959e-02,4.089691174411517333e-02,1.847779611029170405e-02,1.208396061630424845e-02,1.756091161354761399e-02,9.307413170251969264e-03,1.409746233994992742e-02,6.659701295754536822e-03,6.368070548267766237e-03,1.686736201932753990e-02,1.121325215548482981e-02,1.361358979155757355e-02,8.970989223914906108e-03,1.273129868947456798e-02,5.016585386992544401e-03,3.719065226235524369e-03,1.531754731956445209e-02,1.940418672598157035e-02,2.165735109508783174e-02,9.875743718613029520e-03,2.851575167593085880e-02,3.699490177668576796e-02,4.413563371978015265e-02,1.117113176339473886e-02,5.318019366110416507e-02,2.354554833698405472e-02,4.555893222188479863e-02,2.819470303850705670e-02,5.833330714921522442e-02,1.481011356338540405e-02,1.993054965720185423e-02,1.899247335492523434e-02,8.286662367404549687e-03,1.725361932008208019e-02,2.435045181385602289e-02,3.641060927768766803e-02,2.230085137820614002e-02,6.622863901817231669e-02,6.465567849154980895e-02,1.889774462399822566e-02,4.591535296826087381e-02,1.259990235246957191e-01,5.914212340689314201e-02,8.050675441208722527e-02,5.499368900098572377e-02,1.414812316706151943e-02,4.084566967373240431e-02
6.283542785158990375e-03,1.186363641659159661e-02,7.249358313472630683e-03,0.000000000000000000e+00,1.562125844872815431e-02,2.366486392067057576e-02,2.449170204548502261e-02,4.050374837874678308e-03,3.095903954390832880e-02,1.466586576001095883e-02,2.274159808155891416e-02,1.291298907770848346e-02,3.587062076085298368e-02,8.846663319228969050e-03,9.920544536539392666e-03,6.711033846130420866e-03,4.747890257080092727e-03,1.215787232258853934e-02,1.451185242925007515e-02,2.192514718839763330e-02,1.065949109930550143e-02,3.797162285650548808e-02,3.100863236106713230e-02,1.161815370132148612e-02,2.889651557764448542e-02,5.822281453400399848e-02,3.346102102593504629e-02,4.854209078633709568e-02,3.516732458123784238e-02,8.168513168195123270e-03,2.499754008355101545e-02,1.134880485689885969e-02,7.608971481313587040e-03,1.102521167410147954e-02,5.674761046987658944e-03,8.679215829537722041e-03,4.050453239205303868e-03,3.808994185217681912e-03,1.032963398508156619e-02,6.919556450760630528e-03,8.515824914552064251e-03,5.537030285911704978e-03,7.970736689610343623e-03,3.244187956138384118e-03,2.244223751315874583e-03,9.402847578717069693e-03,1.193079215873226774e-02,1.297140920159248721e-02,6.206618520237464770e-03,1.815214730125777609e-02,2.265161952741411369e-02,2.721166127573725058e-02,6.781215896785426460e-03,3.253137390588761724e-02,1.460163672168835955e-02,2.829237188385687329e-02,1.747997021405766488e-02,3.586178413280041721e-02,9.289605969975217592e-03,1.200007491542634010e-02,1.184015470978178400e-02,5.189111107649009222e-03,1.049695826203574794e-02,1.495925419668262153e-02,2.198875854713255862e-02,1.395870708115716161e-02,3.988446835803734908e-02,3.896832374389082310e-02,1.139655001334582973e-02,2.802955300680308459e-02,7.663664743264812784e-02,3.556763409516818658e-02,4.938886392833143762e-02,3.290897130818781768e-02,8.547563868118605857e-03,2.505806927794803837e-02
2.207223117810880320e-02,4.055152524374180251e-02,2.523822749773971252e-02,1.562125844872815431e-02,0.000000000000000000e+00,8.193467120380200364e-02,8.515383999121410585e-02,1.417491208210512089e-02,1.068097766950994176e-01,5.123049169730817948e-02,7.847101956207065687e-02,4.447748881615309902e-02,1.236081841821930483e-01,3.067532056145225866e-02,3.497187038229766787e-02,2.379511073195067147e-02,1.695584859963937888e-02,4.214641905310705788e-02,5.010407221404453854e-02,7.589324539326246233e-02,3.755390576279613035e-02,1.328011282268992954e-01,1.075699978028080012e-01,4.084584508431797489e-02,1.001816261123086998e-01,2.018269298494589636e-01,1.158116725529577257e-01,1.686992959334023268e-01,1.219672861372140538e-01,2.865563650308296587e-02,8.655973587826454319e-02,3.982533054304011194e-02,2.557570041139795719e-02,3.707729118985838429e-02,1.947317102798439351e-02,3.027825281488237541e-02,1.445026905947152315e-02,1.320587487228577946e-02,3.593898499634667898e-02,2.375204673955005202e-02,2.877176230319842404e-02,1.888203334036967287e-02,2.704566756708367062e-02,1.105283537875980000e-02,7.638347565972342969e-03,3.234702904638608878e-02,4.068728406647914575e-02,4.437638568605641737e-02,2.093657316158955423e-02,6.182597052094479517e-02,7.758258033462707426e-02,9.356437820820007190e-02,2.284057350589806246e-02,1.117989415529920816e-01,5.131135929756418940e-02,9.695353430513005411e-02,5.983802126923095516e-02,1.244777463186986233e-01,3.189163840658685439e-02,4.015544899039270865e-02,4.039845380673819097e-02,1.790746780404411584e-02,3.646499217924883962e-02,5.087084627236373308e-02,7.543920611222713901e-02,4.715105854817815134e-02,1.375897735946073341e-01,1.337647998191245635e-01,3.970237962213023220e-02,9.746673151424069259e-02,2.641090562398831221e-01,1.233849276881747170e-01,1.726959028555429543e-01,1.154226601186570389e-01,3.001393413609911021e-02,8.600131789405054961e-02
3.346111659601740812e-02,6.263997557378897518e-02,3.901367003673773814e-02,2.366486392067057576e-02,8.193467120380200364e-02,0.000000000000000000e+00,1.309457896243385322e-01,2.130989694860920686e-02,1.644140861728658198e-01,7.666283878297745769e-02,1.176286069165118353e-01,6.780626501429048991e-02,1.896143378852001848e-01,4.643399975573441613e-02,5.214803550223880840e-02,3.635118581129787030e-02,2.490365171147910714e-02,6.410715135527046693e-02,7.595479141227906572e-02,1.165066057129963834e-01,5.651966494370079530e-02,2.027247984521522717e-01,1.641030701356641919e-01,6.151676814890292416e-02,1.541323761570790318e-01,3.100041303403120452e-01,1.772595393949667475e-01,2.560264445430321389e-01,1.878698572886836893e-01,4.301814355486265062e-02,1.305471792738557291e-01,6.043334590372091003e-02,3.928509397543367837e-02,5.654482711324642502e-02,3.014040568566411782e-02,4.659913924319915995e-02,2.206124920897604633e-02,1.997063295922730033e-02,5.467663922572393170e-02,3.646412326572210511e-02,4.387733346865890782e-02,2.929488215577654917e-02,4.199032324636044200e-02,1.707661707993519268e-02,1.143931337160710576e-02,4.934600260149318851e-02,6.285670370700925658e-02,6.854362385248882750e-02,3.235413833251275795e-02,9.343116061119918769e-02,1.193561405087544963e-01,1.430190292329772406e-01,3.524716958494290842e-02,1.713141905295439416e-01,7.770584401587073142e-02,1.464805549999583512e-01,9.082521203294546819e-02,1.888099650731041024e-01,4.884227377659766667e-02,6.206598697147294730e-02,6.141352141476285470e-02,2.724977713386979652e-02,5.543689328621619755e-02,7.697370433341141349e-02,1.150026972928865215e-01,7.199498111884622409e-02,2.105014221147537279e-01,2.055893248634957093e-01,5.969050597417776410e-02,1.491484847492166588e-01,4.036851792093804070e-01,1.892921151977896843e-01,2.599323151193262960e-01,1.764958499105162004e-01,4.486852291246655466e-02,1.315796682329729017e-01
3.474625057623845215e-02,6.530875664269972236e-02,3.995048807175247824e-02,2.449170204548502261e-02,8.515383999121410585e-02,1.309457896243385322e-01,0.000000000000000000e+00,2.234695990557728981e-02,1.709261642546360260e-01,8.013815181049641079e-02,1.239244908432876047e-01,7.020482839686741083e-02,1.975030191384035405e-01,4.827053725381071775e-02,5.441705785165565357e-02,3.779312029735711065e-02,2.647733512807929485e-02,6.679734809855746025e-02,7.904525656147723400e-02,1.212579613079602797e-01,5.899737183490361137e-02,2.108903695588957017e-01,1.697775242164425713e-01,6.389755242682912395e-02,1.599390276454686899e-01,3.203802790156619063e-01,1.834452971457914139e-01,2.670347808400533318e-01,1.941659826141448331e-01,4.499547087663133271e-02,1.358356728909369537e-01,6.309535001217836392e-02,4.091067580324254244e-02,5.904959243974869376e-02,3.112077779137442657e-02,4.826975773375234702e-02,2.299676534630925098e-02,2.082207867609255428e-02,5.779190470610180014e-02,3.804074824385077214e-02,4.602679876103855233e-02,3.071242016523438936e-02,4.408773281690703955e-02,1.796185620333796973e-02,1.204030911359822535e-02,5.110228008724555099e-02,6.542891125833286137e-02,7.072640253043099845e-02,3.376956012082264758e-02,9.762068589453264111e-02,1.235033108175073446e-01,1.490538253423234760e-01,3.685964792717928012e-02,1.768378598160808834e-01,8.116510967565720991e-02,1.533673546226715645e-01,9.489859879112749752e-02,1.974539224123411096e-01,5.081311614280265010e-02,6.414634448326797522e-02,6.437103666249194278e-02,2.826677595987565211e-02,5.762056931683549876e-02,8.040598815089211593e-02,1.195851917380693630e-01,7.528833238366568203e-02,2.185984601853329379e-01,2.125574065318798223e-01,6.211219692039707252e-02,1.543823875570226045e-01,4.195757400710480867e-01,1.952099390726964312e-01,2.710483419334742683e-01,1.829984265889856299e-01,4.686279127768033792e-02,1.362631386357544550e-01
5.857656655284450981e-03,1.071876934826389814e-02,6.768795365765697437e-03,4.050374837874678308e-03,1.417491208210512089e-02,2.130989694860920686e-02,2.234695990557728981e-02,0.000000000000000000e+00,2.790886710277268312e-02,1.338398937953671000e-02,2.026817804585683350e-02,1.184921946037514363e-02,3.240630337978538111e-02,7.911044671185935712e-03,9.502592275120309157e-03,6.329427931219320722e-03,4.341945281097588615e-03,1.095830808012534033e-02,1.311207715978581975e-02,2.019145623985184324e-02,9.839730926674675887e-03,3.539803198480503954e-02,2.863807560963204865e-02,1.081554161805324196e-02,2.639316202939757591e-02,5.410927299519125572e-02,3.040750355860994542e-02,4.416395466938566328e-02,3.231032078752814340e-02,7.403420320213426054e-03,2.268316664404299021e-02,1.016877573574647385e-02,6.739877782129252877e-03,9.911673512932159605e-03,5.150582186636286190e-03,7.883077168238576335e-03,3.760858411811478751e-03,3.506916931314406783e-03,9.466299632104867648e-03,6.266697850435412089e-03,7.674823356929524887e-03,5.031151117697103999e-03,7.299717646622125473e-03,2.876290264537133615e-03,2.096250248213373489e-03,8.173548968859835340e-03,1.072960889199301403e-02,1.181502439149481089e-02,5.585375930285697496e-03,1.607338102372463801e-02,2.037124798276701218e-02,2.455959474855585328e-02,6.167921235842281288e-03,2.918578523783921935e-02,1.351182156390345543e-02,2.567471522675986509e-02,1.587653773733903664e-02,3.262468997105309049e-02,8.545312329879080002e-03,1.077564174606144599e-02,1.040314003062579179e-02,4.731562037057660680e-03,9.745574074507438317e-03,1.340170887933410035e-02,1.984867344189862950e-02,1.245278960057719098e-02,3.664892272777273141e-02,3.563580583631761889e-02,1.014766067225269033e-02,2.541659517300858331e-02,7.006993240321537919e-02,3.259731902258886094e-02,4.500931054865875414e-02,3.026016306031995701e-02,7.729746474099634564e-03,2.282383412639212711e-02
4.346399162634985436e-02,8.199713893691069899e-02,5.106862472978803552e-02,3.095903954390832880e-02,1.068097766950994176e-01,1.644140861728658198e-01,1.709261642546360260e-01,2.790886710277268312e-02,0.000000000000000000e+00,1.010262930708988177e-01,1.538435593281702318e-01,8.833546708028815198e-02,2.476687851356287329e-01,6.101020608243477861e-02,6.837572007210453162e-02,4.801892853268632105e-02,3.327604453082771974e-02,8.374474910201426536e-02,9.958022493846492573e-02,1.531592603760120741e-01,7.375005023599463805e-02,2.656074506574953586e-01,2.139546978852406300e-01,8.024961414866327303e-02,2.006421468974819988e-01,4.039820966523882118e-01,2.330560118697864169e-01,3.352368329529268887e-01,2.457510413015279171e-01,5.670578895872979697e-02,1.712044302833941600e-01,7.768084700733268733e-02,5.099582361734628089e-02,7.372433437143813273e-02,3.908315466228833024e-02,6.120230796107003352e-02,2.878127663261024344e-02,2.614528980429821001e-02,7.088378105071377333e-02,4.724669686812021235e-02,5.724483761610851124e-02,3.814709493829386566e-02,5.462335226039239516e-02,2.210862051099185197e-02,1.502203593508960600e-02,6.392954623258195745e-02,8.184988491526828946e-02,9.026446742264784828e-02,4.198921319676900132e-02,1.206429288486241813e-01,1.552930354786044853e-01,1.864333093037284228e-01,4.598835043357411140e-02,2.222816365635077174e-01,1.022752370442984449e-01,1.911405295862062259e-01,1.189476443400912520e-01,2.469043726557554885e-01,6.343010864159386031e-02,8.121136561689866473e-02,8.027454309808494670e-02,3.589089452381518525e-02,7.265447087847821950e-02,1.010923003417205229e-01,1.514497343429253018e-01,9.354170017874954834e-02,2.753217083316574776e-01,2.681543539445609969e-01,7.800211957390437711e-02,1.945590047299416425e-01,5.252832568389533829e-01,2.482938702628288419e-01,3.405465268802866374e-01,2.306058089080255669e-01,5.907237356216456237e-02,1.713124717404787556e-01
2.073929127808351452e-02,3.829104766388036901e-02,2.330865273158119755e-02,1.466586576001095883e-02,5.123049169730817948e-02,7.666283878297745769e-02,8.013815181049641079e-02,1.338398937953671000e-02,1.010262930708988177e-01,0.000000000000000000e+00,7.354892538994212137e-02,4.135218855805126298e-02,1.161885551405027195e-01,2.855386621042213524e-02,3.276477710029076368e-02,2.208370377880571750e-02,1.560804264904771393e-02,3.948718162347433780e-02,4.699286302244467389e-02,7.178558081406691271e-02,3.509139261382358127e-02,1.249664757478593236e-01,1.004795675523546539e-01,3.818759594685829789e-02,9.423112506111543107e-02,1.894411555797864688e-01,1.078945276107910467e-01,1.583712961857381696e-01,1.142325794035686931e-01,2.683353069263550925e-02,8.088721176130429791e-02,3.686298029258435610e-02,2.396905879177163579e-02,3.444377529765369622e-02,1.789862201726930349e-02,2.851419377780867875e-02,1.359787879366292258e-02,1.231856398036234451e-02,3.362511428225876953e-02,2.233948216463614231e-02,2.695245686477776292e-02,1.779819863351593534e-02,2.557125354575856893e-02,1.041518967486982500e-02,7.078574976116642180e-03,3.031698348924516395e-02,3.856346030873812614e-02,4.158391826545699416e-02,1.981396409306068404e-02,5.790924527302768882e-02,7.176252801468586962e-02,8.807670854176825881e-02,2.166579324931802372e-02,1.038603027992792693e-01,4.815156432575296019e-02,9.052066355601644243e-02,5.583338639209808191e-02,1.170639740670994799e-01,2.976450854646286309e-02,3.787279147342895863e-02,3.795430726782303421e-02,1.662477786560161153e-02,3.396249566753845039e-02,4.770894884749651843e-02,7.031016709592208258e-02,4.452586884439161535e-02,1.293353469419258051e-01,1.253269345926775191e-01,3.706257777158607214e-02,9.162444833710309267e-02,2.477693010480515046e-01,1.147206119506265221e-01,1.619545568076017350e-01,1.081777314620197411e-01,2.803415800230053476e-02,8.091203566717121431e-02
3.143549875029157115e-02,5.901365268133836051e-02,3.673082717923591145e-02,2.274159808155891416e-02,7.847101956207065687e-02,1.176286069165118353e-01,1.239244908432876047e-01,2.026817804585683350e-02,1.538435593281702318e-01,7.354892538994212137e-02,0.000000000000000000e+00,6.427301248520109200e-02,1.791131841472785591e-01,4.457589758576547406e-02,4.910233385402289902e-02,3.445714765888800019e-02,2.426574125009304389e-02,6.069195897448055599e-02,7.104704383716059501e-02,1.098049796004024747e-01,5.345767000701856508e-02,1.902093512680189391e-01,1.532792810127834304e-01,5.813002115356120936e-02,1.449362133633759209e-01,2.907359260818365709e-01,1.666985602257027577e-01,2.421706232598057895e-01,1.762563464028191196e-01,4.094058413987532175e-02,1.234707746165602388e-01,5.636575779910233536e-02,3.657428851125857361e-02,5.356414297190855572e-02,2.825947440491017454e-02,4.487175743440684206e-02,2.104329840886939862e-02,1.867182633040413015e-02,5.090104127868851774e-02,3.404445900336659780e-02,4.174994918111185616e-02,2.772495122899387709e-02,4.022121867938784068e-02,1.615106450037086597e-02,1.082532554632241115e-02,4.579100112400528305e-02,5.925559459007063989e-02,6.500784460121694641e-02,3.054673628415257788e-02,8.893164635351596958e-02,1.120526575683353093e-01,1.348907217793773872e-01,3.341463918588488680e-02,1.598979974146313987e-01,7.442655713737489354e-02,1.381434129581204928e-01,8.662195556059987256e-02,1.786910121128744700e-01,4.673086686469347245e-02,5.829849477959903742e-02,5.822857084505289604e-02,2.602906711906639858e-02,5.272836736989312822e-02,7.321190688451775785e-02,1.088441022016769510e-01,6.827160838316964631e-02,1.976201274360836480e-01,1.929603057671439026e-01,5.603120247693525041e-02,1.404473570313463648e-01,3.799071136616966604e-01,1.780093471458293608e-01,2.463878548566087734e-01,1.653192706512596200e-01,4.258558880198713009e-02,1.238542077958155047e-01
1.812616395901483352e-02,3.361923489632070994e-02,2.080180097806179351e-02,1.291298907770848346e-02,4.447748881615309902e-02,6.780626501429048991e-02,7.020482839686741083e-02,1.184921946037514363e-02,8.833546708028815198e-02,4.135218855805126298e-02,6.427301248520109200e-02,0.000000000000000000e+00,1.025459849793925460e-01,2.522017648849701754e-02,2.867947864260156701e-02,1.937696827832699129e-02,1.366891058135176994e-02,3.467972752615282317e-02,4.107987645758819778e-02,6.272418523490774778e-02,3.120234775311333045e-02,1.083019241732917359e-01,8.895515178889849828e-02,3.345828295656810836e-02,8.268604489129056934e-02,1.674639774718670593e-01,9.494972065834908492e-02,1.384346158331430376e-01,1.006048755705013509e-01,2.332771160865930449e-02,7.065346177334103084e-02,3.229063647682915011e-02,2.126744678802279520e-02,3.088043070063811041e-02,1.606845106778557672e-02,2.495446474709817064e-02,1.177370347016566329e-02,1.066564402277397905e-02,2.976760885456538816e-02,1.996598876306411585e-02,2.424053922866991478e-02,1.604345249883031010e-02,2.275500908910459141e-02,9.243560808669629147e-03,6.205511376794915941e-03,2.679060825062156911e-02,3.373066890808330831e-02,3.643685469086833245e-02,1.763577365878617534e-02,5.126177417707617617e-02,6.389050939228152481e-02,7.784323515362409629e-02,1.913211704790810860e-02,9.171691203378518065e-02,4.183889398788301350e-02,7.970148977166748028e-02,4.971889937416270472e-02,1.028114687270474809e-01,2.660967201214196540e-02,3.350723564133572391e-02,3.320933267403285150e-02,1.458667335687208189e-02,2.978904276758688116e-02,4.175116898594883469e-02,6.157425845791524022e-02,3.963644562422555251e-02,1.124463959238565652e-01,1.108670041522780425e-01,3.250033753168819761e-02,7.960215778741862314e-02,2.186542741421259317e-01,1.003935926090838426e-01,1.414559309124107656e-01,9.419911131781252833e-02,2.414551201479539153e-02,7.179163576924262047e-02
5.032981402928349973e-02,9.482453711013021092e-02,5.850406899081856543e-02,3.587062076085298368e-02,1.236081841821930483e-01,1.896143378852001848e-01,1.975030191384035405e-01,3.240630337978538111e-02,2.476687851356287329e-01,1.161885551405027195e-01,1.791131841472785591e-01,1.025459849793925460e-01,0.000000000000000000e+00,7.042940147559768882e-02,7.885970173654290039e-02,5.501181268352932363e-02,3.814510700089063233e-02,9.717231134281979765e-02,1.147243180922434824e-01,1.761607948345962349e-01,8.553015448514882102e-02,3.072313597419090159e-01,2.469360211126103988e-01,9.312944643597063921e-02,2.329688420217208566e-01,4.659563661558457359e-01,2.673208780477801527e-01,3.884080554140410535e-01,2.829132963131226752e-01,6.551177445606416738e-02,1.981111046715512414e-01,9.165291690778697153e-02,5.931970239509885834e-02,8.594610335082113195e-02,4.543409210076913840e-02,7.052512685739913134e-02,3.343134093249387068e-02,3.043893360659500474e-02,8.355504890715331756e-02,5.513068078748218498e-02,6.684012165124664229e-02,4.461337583252079908e-02,6.421056408042484509e-02,2.605553580205753270e-02,1.767168273382117155e-02,7.445709465798448778e-02,9.480171225493354281e-02,1.041511802927474473e-01,4.916227854257659846e-02,1.418076202625288829e-01,1.790729944343701086e-01,2.161974810307742689e-01,5.387958762220219910e-02,2.574423823526506006e-01,1.179231889581490167e-01,2.231055665599336046e-01,1.384818202134510678e-01,2.863964722910850580e-01,7.375156087925836823e-02,9.432787910715348390e-02,9.365607435236533718e-02,4.111991490077542000e-02,8.398491356189685675e-02,1.173804163504226367e-01,1.746860818112539460e-01,1.094021499255425356e-01,3.191913984112131342e-01,3.111196578010402281e-01,9.064187638500785515e-02,2.252778516353762250e-01,6.116059961231017361e-01,2.850636405657276939e-01,3.942686429894520228e-01,2.656663688000976409e-01,6.849918862690049237e-02,1.987416932322943752e-01
1.254247183665362780e-02,2.296921704139495701e-02,1.417982522470748880e-02,8.846663319228969050e-03,3.067532056145225866e-02,4.643399975573441613e-02,4.827053725381071775e-02,7.911044671185935712e-03,6.101020608243477861e-02,2.855386621042213524e-02,4.457589758576547406e-02,2.522017648849701754e-02,7.042940147559768882e-02,0.000000000000000000e+00,1.965854392853201571e-02,1.331886222412615936e-02,9.309909225672019159e-03,2.362767385468847459e-02,2.880864126408899314e-02,4.288934239596059461e-02,2.090906231467841783e-02,7.524735301079311933e-02,6.044294729194936433e-02,2.291231519651437329e-02,5.659199883907761741e-02,1.134640384449825123e-01,6.507711782373559739e-02,9.570732003946046118e-02,6.914538436324978166e-02,1.647615286596430806e-02,4.912188392091799277e-02,2.226727722611462554e-02,1.439396061062253596e-02,2.097676803088674088e-02,1.098251319361870197e-02,1.717803811013019627e-02,8.193304527961225298e-03,7.524917537577014044e-03,2.004254397078309921e-02,1.327407001639426681e-02,1.628228525990017481e-02,1.073217169685893729e-02,1.584163946858309704e-02,6.307414621730093526e-03,4.371189740174543335e-03,1.837585134471737824e-02,2.339697095635427659e-02,2.561451211799917888e-02,1.207006425501455128e-02,3.501107829921285691e-02,4.368716969009610318e-02,5.295862769430696726e-02,1.337862128311744815e-02,6.333364593062687509e-02,2.874597491609641453e-02,5.518885315375929301e-02,3.400742092328791488e-02,7.039442586444555339e-02,1.814754566844929695e-02,2.324478097220647119e-02,2.328757038711240512e-02,1.023081271945562414e-02,2.070757331350319558e-02,2.951490992183885415e-02,4.293847491538525102e-02,2.681434464018304931e-02,7.830763805520382648e-02,7.622002667577482127e-02,2.235941001799207281e-02,5.537842243579511881e-02,1.494939798443548074e-01,6.996759156003394542e-02,9.781542776484475343e-02,6.522010271312660146e-02,1.711078018432927658e-02,4.861788918889668742e-02
1.430775183788877969e-02,2.616411339865081648e-02,1.701073487506532186e-02,9.920544536539392666e-03,3.497187038229766787e-02,5.214803550223880840e-02,5.441705785165565357e-02,9.502592275120309157e-03,6.837572007210453162e-02,3.276477710029076368e-02,4.910233385402289902e-02,2.867947864260156701e-02,7.885970173654290039e-02,1.965854392853201571e-02,0.000000000000000000e+00,1.565308516059343846e-02,1.083598948972354543e-02,2.677199773814265688e-02,3.173371634378124168e-02,4.880683511818190157e-02,2.404819803242647797e-02,8.520028621054212548e-02,7.064850332977057334e-02,2.672085263497397598e-02,6.430365631193656062e-02,1.327232167329926993e-01,7.506557022733441331e-02,1.082965292017637193e-01,7.793095942446054414e-02,1.820932945279129037e-02,5.557289606153618250e-02,2.472548324534724548e-02,1.605264236679367768e-02,2.387339553122227662e-02,1.249189938992844098e-02,1.976386757102489844e-02,9.092639899664535161e-03,8.385823049898603193e-03,2.257716309120574513e-02,1.507137261565195778e-02,1.878594080958956650e-02,1.232603105492748909e-02,1.727225509105055970e-02,6.812732757142263111e-03,5.032374490434683365e-03,2.022619149225665658e-02,2.631641597682517902e-02,2.940913473042700010e-02,1.332138497961802941e-02,3.865972616182596078e-02,5.013717445233090153e-02,5.971262344103811515e-02,1.493155562683648983e-02,7.125223600982261152e-02,3.332497438510930582e-02,6.097959785074582445e-02,3.901282348828645496e-02,7.933723603549805437e-02,2.079880747335515270e-02,2.696123076502005347e-02,2.538524557061418857e-02,1.149067371872464216e-02,2.340187727232652393e-02,3.262665382630933197e-02,4.883769219690608371e-02,3.036600663977321105e-02,8.841564782375277431e-02,8.756808354323608601e-02,2.526219785806290211e-02,6.216551291755090941e-02,1.716630403601442922e-01,8.053592980046930805e-02,1.093605327771976499e-01,7.426780529584225965e-02,1.882753304610044337e-02,5.602192186523596851e-02
9.690991946516153144e-03,1.797137702589974434e-02,1.114407765798304008e-02,6.711033846130420866e-03,2.379511073195067147e-02,3.635118581129787030e-02,3.779312029735711065e-02,6.329427931219320722e-03,4.801892853268632105e-02,2.208370377880571750e-02,3.445714765888800019e-02,1.937696827832699129e-02,5.501181268352932363e-02,1.331886222412615936e-02,1.565308516059343846e-02,0.000000000000000000e+00,7.212994530480743016e-03,1.831848937959344378e-02,2.228872520615789860e-02,3.379044198258415732e-02,1.641215818274437480e-02,5.912392583531603935e-02,4.805222165390735795e-02,1.794181273034611834e-02,4.449246812043745891e-02,8.986970376669527194e-02,5.113711383308893604e-02,7.479557589289446973e-02,5.426071843099105479e-02,1.259069344301846048e-02,3.795147403978834516e-02,1.764115798710242169e-02,1.134846064168576647e-02,1.625577306891883705e-02,8.564146244695406210e-03,1.328267761966420331e-02,6.363470277622755057e-03,5.871774772166188372e-03,1.587142717696078675e-02,1.055645575378922479e-02,1.273630732006347972e-02,8.315505503793695075e-03,1.203843924200933418e-02,4.867904904160240756e-03,3.374317734486907000e-03,1.423296140482844217e-02,1.822687968018996824e-02,1.971513943117156678e-02,9.176653599448497678e-03,2.694286875053028205e-02,3.429294930551022441e-02,4.140009772177432462e-02,1.029491363821483270e-02,4.963461537821003966e-02,2.232277346077709765e-02,4.294872699693673412e-02,2.599288448348295241e-02,5.505438912596189588e-02,1.390535923822629194e-02,1.797824222599830185e-02,1.783538848427613024e-02,7.748953248698774512e-03,1.618752735577086779e-02,2.272045013209843603e-02,3.348453665516148980e-02,2.067926075845166398e-02,6.165254806384033726e-02,5.988189121272410875e-02,1.732804620681936691e-02,4.350428837744060168e-02,1.171052485831513557e-01,5.473113920374949454e-02,7.626301560375439714e-02,5.148635722440351309e-02,1.331710100186628970e-02,3.837881593251676882e-02
6.803490781483935435e-03,1.253429663997032012e-02,7.665768958475600858e-03,4.747890257080092727e-03,1.695584859963937888e-02,2.490365171147910714e-02,2.647733512807929485e-02,4.341945281097588615e-03,3.327604453082771974e-02,1.560804264904771393e-02,2.426574125009304389e-02,1.366891058135176994e-02,3.814510700089063233e-02,9.309909225672019159e-03,1.083598948972354543e-02,7.212994530480743016e-03,0.000000000000000000e+00,1.280190160455792897e-02,1.560935676001298962e-02,2.340537335919336964e-02,1.154445717368296140e-02,4.149028279567500144e-02,3.313139741036447844e-02,1.262152015555471386e-02,3.096048647285572220e-02,6.230026753997516820e-02,3.547229676929151976e-02,5.270539458414746914e-02,3.746443468884745609e-02,8.865302453739003219e-03,2.674800242130780450e-02,1.224416694463044408e-02,7.827244982187302538e-03,1.119545859762073603e-02,5.814709434625492217e-03,9.144489338653456409e-03,4.432076566366151965e-03,4.104800672439957478e-03,1.103115197749934828e-02,7.235429078329591764e-03,8.681953695162046916e-03,5.622534232106555542e-03,8.329293088381546639e-03,3.419454353447915190e-03,2.359072239777656316e-03,1.006041053283607788e-02,1.262104402864733070e-02,1.373390850439655878e-02,6.467461738225284591e-03,1.890877983199441142e-02,2.340678492614529579e-02,2.907074870798177085e-02,7.074761148360746155e-03,3.429134798827002811e-02,1.569426443937601418e-02,2.994603995928106152e-02,1.850531521208282487e-02,3.876401626387269289e-02,9.669321003667536579e-03,1.243233639172703145e-02,1.244895963421492613e-02,5.467773769860931506e-03,1.123574864110478411e-02,1.575237379458973783e-02,2.337656719680183265e-02,1.461214223928135325e-02,4.307076165832692677e-02,4.135726496573407379e-02,1.226374013771667701e-02,3.059795918233241402e-02,8.158983812460857132e-02,3.803583860366804154e-02,5.370813637469065011e-02,3.549031068078165041e-02,9.323924310616562780e-03,2.630236060342324225e-02
1.698752761745004475e-02,3.198844366705137776e-02,1.960291687566765792e-02,1.215787232258853934e-02,4.214641905310705788e-02,6.410715135527046693e-02,6.679734809855746025e-02,1.095830808012534033e-02,8.374474910201426536e-02,3.948718162347433780e-02,6.069195897448055599e-02,3.467972752615282317e-02,9.717231134281979765e-02,2.362767385468847459e-02,2.677199773814265688e-02,1.831848937959344378e-02,1.280190160455792897e-02,0.000000000000000000e+00,3.880833682836849763e-02,5.964536019603848549e-02,2.896349155908008871e-02,1.039091555008303525e-01,8.346607671313592547e-02,3.154130571652848103e-02,7.856316513879720020e-02,1.579810271966917701e-01,8.987092059288087631e-02,1.318267224758510603e-01,9.557963944703407044e-02,2.230822137749837591e-02,6.690460844028281451e-02,3.080705001245813077e-02,1.984695078865162526e-02,2.865809718043289822e-02,1.511879277288860624e-02,2.360823594849251195e-02,1.132173325388537849e-02,1.025560158346924128e-02,2.800349576375195729e-02,1.844322836118179529e-02,2.237964473907749427e-02,1.487554406263892626e-02,2.138421267246526022e-02,8.678149260408121735e-03,5.833048751345133211e-03,2.488668996547809681e-02,3.214497508501772127e-02,3.484517607563977770e-02,1.646089129629420972e-02,4.795515374174062762e-02,6.051945943539435713e-02,7.309636903627791948e-02,1.804445111120927397e-02,8.659344669849586285e-02,3.992567062729480976e-02,7.534901760807635740e-02,4.659606413698449967e-02,9.693583177811175566e-02,2.483149477779932404e-02,3.154409824391679606e-02,3.145097520782919043e-02,1.396434035877053455e-02,2.834757275925020928e-02,3.946398696911097848e-02,5.905168593078228417e-02,3.675604475846778324e-02,1.077656753133839490e-01,1.044420967241475595e-01,3.028543312613552266e-02,7.633210754142630283e-02,2.061333554004982360e-01,9.615805515230294032e-02,1.336695315244913751e-01,9.011046837670944054e-02,2.322175865247964183e-02,6.725288345246242805e-02
2.018941665635717517e-02,3.776668306874123027e-02,2.395768062875586538e-02,1.451185242925007515e-02,5.010407221404453854e-02,7.595479141227906572e-02,7.904525656147723400e-02,1.311207715978581975e-02,9.958022493846492573e-02,4.699286302244467389e-02,7.104704383716059501e-02,4.107987645758819778e-02,1.147243180922434824e-01,2.880864126408899314e-02,3.173371634378124168e-02,2.228872520615789860e-02,1.560935676001298962e-02,3.880833682836849763e-02,0.000000000000000000e+00,7.062871476680232519e-02,3.418313133021257111e-02,1.221918912579916944e-01,9.893405977435122678e-02,3.738202403769008697e-02,9.289199259254379837e-02,1.872805498407839331e-01,1.081990097824205715e-01,1.551133761710380421e-01,1.136216557150579454e-01,2.655171648830027126e-02,7.956085183174714526e-02,3.529718169151684071e-02,2.327736923727519516e-02,3.384715373455910586e-02,1.809206268564384976e-02,2.867580447382242145e-02,1.326552901849305070e-02,1.192309336979730308e-02,3.184745002151562199e-02,2.160672373463470852e-02,2.649899333276957078e-02,1.762417927567296733e-02,2.543634492713133660e-02,9.963318022458526879e-03,7.004341249104702877e-03,2.956097508165456828e-02,3.803912775264189916e-02,4.243592964814199564e-02,1.941287847603440087e-02,5.590005640279424592e-02,7.190905780704952288e-02,8.643399697339267107e-02,2.140173830532366220e-02,1.029360415704553972e-01,4.756468964934210120e-02,8.788936744069275608e-02,5.557608521440646210e-02,1.141149245406553325e-01,2.977653877546426395e-02,3.766093247797133725e-02,3.717119160290804913e-02,1.677386048748612246e-02,3.385437033870553059e-02,4.735101197327165612e-02,7.091296977088751285e-02,4.337035585968298385e-02,1.275768293981571211e-01,1.242324689780274910e-01,3.629308974101533303e-02,9.014126183866952302e-02,2.431213416614485257e-01,1.157714470956337505e-01,1.581009031064818660e-01,1.073501848075463921e-01,2.749405540339240617e-02,7.979594099354220260e-02
3.103007115085895315e-02,5.818767416777552437e-02,3.584359719109687231e-02,2.192514718839763330e-02,7.589324539326246233e-02,1.165066057129963834e-01,1.212579613079602797e-01,2.019145623985184324e-02,1.531592603760120741e-01,7.178558081406691271e-02,1.098049796004024747e-01,6.272418523490774778e-02,1.761607948345962349e-01,4.288934239596059461e-02,4.880683511818190157e-02,3.379044198258415732e-02,2.340537335919336964e-02,5.964536019603848549e-02,7.062871476680232519e-02,0.000000000000000000e+00,5.232703743334644192e-02,1.874877598053851513e-01,1.522329752991374019e-01,5.698695646207724980e-02,1.430895395400003933e-01,2.876423346420525773e-01,1.633412900676824153e-01,2.383571845685839297e-01,1.738720863833195240e-01,4.028975299464698095e-02,1.217092067967934232e-01,5.560030016654878005e-02,3.596171699893845053e-02,5.238519656096374266e-02,2.758771658523836989e-02,4.332301284537799085e-02,2.059479559476087851e-02,1.850803601612195995e-02,5.011556466063114834e-02,3.358297128114545033e-02,4.035226734316181563e-02,2.672976940515074673e-02,3.882216554554612092e-02,1.562079049646785886e-02,1.059804617009710292e-02,4.502278555067620175e-02,5.834595535374917374e-02,6.341116290032360048e-02,2.983603545151694569e-02,8.629113020602105499e-02,1.100813862308110957e-01,1.324059919967406906e-01,3.315774426174881301e-02,1.580563661643379358e-01,7.246924746610455825e-02,1.364432928536335465e-01,8.413382474969670344e-02,1.753572829040475067e-01,4.477328744891950763e-02,5.739582278509943597e-02,5.712105561972236761e-02,2.523584304886035759e-02,5.162648701631138842e-02,7.207130762449970307e-02,1.066374574725047902e-01,6.629855556808555983e-02,1.956740654884548680e-01,1.909269600297792135e-01,5.516694847785903050e-02,1.379649748773278117e-01,3.734674194366606192e-01,1.753289976660175054e-01,2.418322786562809024e-01,1.639097029534407890e-01,4.210746491376264611e-02,1.222008990273588530e-01
1.541735673202425036e-02,2.819527370731072374e-02,1.743075085829302526e-02,1.065949109930550143e-02,3.755390576279613035e-02,5.651966494370079530e-02,5.899737183490361137e-02,9.839730926674675887e-03,7.375005023599463805e-02,3.509139261382358127e-02,5.345767000701856508e-02,3.120234775311333045e-02,8.553015448514882102e-02,2.090906231467841783e-02,2.404819803242647797e-02,1.641215818274437480e-02,1.154445717368296140e-02,2.896349155908008871e-02,3.418313133021257111e-02,5.232703743334644192e-02,0.000000000000000000e+00,9.138351038807882021e-02,7.433021480496994349e-02,2.861235411532581444e-02,6.992269068529094467e-02,1.412456649973821421e-01,7.999520608412617750e-02,1.158895655854991491e-01,8.369499081382984762e-02,1.938484457755175819e-02,5.913763421024532257e-02,2.718500492602717380e-02,1.777486589106859471e-02,2.538906961763776060e-02,1.350099450702623750e-02,2.068642926093814186e-02,9.844720806107095518e-03,9.090214190691597168e-03,2.498948345032770899e-02,1.635205446473189661e-02,1.985482340637824070e-02,1.342774266270569013e-02,1.881644219444239194e-02,7.696094498533282043e-03,5.330582230786366088e-03,2.261557764689626354e-02,2.815204864009484761e-02,3.070591687117235971e-02,1.482576443818598051e-02,4.251763974846645838e-02,5.337756899863067839e-02,6.470618391793120372e-02,1.588257302939759599e-02,7.679628571978849849e-02,3.509122421723968877e-02,6.658245080507789460e-02,4.188917460086168110e-02,8.603554316856255879e-02,2.194124618104285537e-02,2.785219857786072270e-02,2.800191389219605989e-02,1.232290360349842795e-02,2.524944221450365830e-02,3.453917289858203510e-02,5.204363951911714081e-02,3.296575171288725070e-02,9.480762082970840832e-02,9.263742363918615885e-02,2.729746499320005043e-02,6.702212858527750727e-02,1.830134514517155198e-01,8.465764220583649191e-02,1.185025069089810507e-01,7.918511030181223098e-02,2.035860257772335521e-02,5.966995804298488165e-02
