0.000000000000000000e+00,2.011184633271895922e-02,1.382994987469083649e-02,7.054322240471181185e-03,3.385733164172831378e-02,3.531392812892907018e-02,4.222002049821675651e-02,6.733930071564485191e-03,4.355728120050719743e-02,2.902284554177720494e-02,3.062580372127307951e-02,2.434294532516532300e-02,6.534684515507692415e-02,1.722807717926019833e-02,1.637954210829980356e-02,1.466712253286614302e-02,1.019614447007553652e-02,1.972132937290572985e-02,2.091388928268505740e-02,3.716071970965530158e-02,1.753781528551431185e-02,6.147628691024035336e-02,5.709831768550241438e-02,2.070336281948424728e-02,5.174847920909667748e-02,1.065045010017950100e-01,5.124489121542005060e-02,8.939050095199928270e-02,5.558024916366097884e-02,1.313707287599768896e-02,4.591083198089032646e-02,1.361662913304943594e-02,9.399420065568644608e-03,1.918792060952533018e-02,1.114919961252654364e-02,1.895064916243113101e-02,7.597752831884536234e-03,6.260019653922355848e-03,1.649286207698145990e-02,1.023151775076802140e-02,1.676730704797624316e-02,9.368914430888271999e-03,1.634458389487485758e-02,4.906714966422191793e-03,3.669445909319645968e-03,1.246323262166215001e-02,1.873733241441566388e-02,2.224285488425157067e-02,1.063106910883650225e-02,2.997209630587222354e-02,3.999261950891857403e-02,4.443993049785682770e-02,1.060605811209919605e-02,4.882999489219969763e-02,2.930204539937339078e-02,4.192097163210382199e-02,3.217126876521536616e-02,6.233725794730408248e-02,2.014588782956319019e-02,2.228266571986341898e-02,1.658412701115233312e-02,8.900902379066844353e-03,1.662307954881703936e-02,1.876797884326060831e-02,3.394106963632279039e-02,2.060974826373320953e-02,5.496861616696144953e-02,6.909950693451222259e-02,2.142337178234059170e-02,4.601469713817579743e-02,1.165148528588942772e-01,5.257213995454125544e-02,8.480362114523216921e-02,4.960677390601979375e-02,1.457313812425097693e-02,4.584504385532977427e-02
2.011184633271895922e-02,0.000000000000000000e+00,2.184653788587081341e-02,1.133410698846238317e-02,5.511845367511955529e-02,5.647634730900401301e-02,6.843577559324680315e-02,1.087878632249266418e-02,7.045435168770292078e-02,4.663974932729784278e-02,4.939445762690866659e-02,3.920333865499103787e-02,1.052094496323999623e-01,2.768508595928583990e-02,2.583650646435931009e-02,2.383735751775492920e-02,1.633592343691472881e-02,3.203433667022711345e-02,3.356601262396655128e-02,5.975972350569137143e-02,2.767116796093139000e-02,9.884610929721512895e-02,9.155553846514986882e-02,3.293563123790063663e-02,8.331026745751073104e-02,1.706312771841516640e-01,8.132270926335843919e-02,1.454020083151027487e-01,8.961127686645277424e-02,2.126208123307041231e-02,7.438448275846189228e-02,2.192386209011944892e-02,1.509880663179189592e-02,3.108130831056898566e-02,1.755057504656602069e-02,3.101612296607124397e-02,1.240291085980564124e-02,1.019070197451460956e-02,2.669051883345163398e-02,1.636437207180530332e-02,2.696088973782767573e-02,1.466381899047758570e-02,2.687752714573531099e-02,8.083212487326338347e-03,5.793953695691566978e-03,1.989853350713186031e-02,2.999592722615652962e-02,3.504818933863380198e-02,1.702153984078366711e-02,4.880120686531599916e-02,6.390655251109531032e-02,7.200526732474413216e-02,1.704321958504951065e-02,7.831566312599279323e-02,4.749281620754504385e-02,6.797693048107115998e-02,5.160584092933966083e-02,1.003419611129822142e-01,3.294196256912686194e-02,3.503932190141711284e-02,2.663799362875720472e-02,1.421003617402171078e-02,2.632928511714061406e-02,3.016379745728960116e-02,5.416045951461766206e-02,3.194753169370481705e-02,8.798909452465127068e-02,1.111503586588069442e-01,3.385720436519827625e-02,7.386505392262847358e-02,1.846917524733633353e-01,8.406645208640842193e-02,1.369489676941838541e-01,7.907791545967646218e-02,2.364079866567857235e-02,7.342784059487433845e-02
1.382994987469083649e-02,2.184653788587081341e-02,0.000000000000000000e+00,7.582913502808721895e-03,3.685530576919611445e-02,3.868703432088622940e-02,4.572701620729632127e-02,7.306641322452300975e-03,4.774726594051240114e-02,3.103313521475606351e-02,3.338976688306462270e-02,2.665318958125284174e-02,7.055080815340700195e-02,1.858858792897809253e-02,1.788370757354746515e-02,1.612269354604043553e-02,1.096621512580829225e-02,2.143119718122090539e-02,2.321133651049104782e-02,4.094156594872318949e-02,1.875086132354260998e-02,6.834408250548293373e-02,6.325088401381191716e-02,2.255389643732766056e-02,5.549031545510851871e-02,1.169285033724397488e-01,5.601608344279507962e-02,9.787163825090643143e-02,6.140300371051101574e-02,1.472107802713913671e-02,5.026387227610259328e-02,1.466534953678354757e-02,1.045846880433117833e-02,2.126221808557142781e-02,1.201543704370134844e-02,2.046470969868723067e-02,8.286900216962151192e-03,6.990344284037341288e-03,1.778123402868205319e-02,1.117395457509586486e-02,1.867990427311113852e-02,9.887897204180392738e-03,1.818346080905873519e-02,5.347806865872212559e-03,4.013887159513925343e-03,1.363659322074569497e-02,2.020231936682795326e-02,2.429910923453670879e-02,1.153231306096756496e-02,3.270853879272467291e-02,4.396392069003200037e-02,4.831111245685826977e-02,1.137842504472083398e-02,5.367360779461761294e-02,3.150936779016835776e-02,4.618952011470892072e-02,3.498244458587468353e-02,6.791415358263534763e-02,2.222911819038501588e-02,2.376605090961396785e-02,1.788786222199520784e-02,9.612565887898589720e-03,1.817038248492034574e-02,2.103457927144617920e-02,3.710628130466968322e-02,2.141824331640133569e-02,6.087433435136851978e-02,7.585578507463930364e-02,2.311812726572151644e-02,5.008723789852510128e-02,1.269194201144895895e-01,5.784308475676833150e-02,9.251833450062753317e-02,5.447524590136553629e-02,1.603353071779014399e-02,5.018220413402257885e-02
7.054322240471181185e-03,1.133410698846238317e-02,7.582913502808721895e-03,0.000000000000000000e+00,1.980737108831818680e-02,1.973845538029974853e-02,2.443045377262243259e-02,3.848784665362295267e-03,2.499450130749580889e-02,1.662162419434917715e-02,1.746676915857673512e-02,1.392919645418930208e-02,3.769488205982185480e-02,9.589186142010954622e-03,9.344504077804570083e-03,8.288447485504127354e-03,5.798345140949052665e-03,1.126195792298417472e-02,1.199587345281095431e-02,2.064275132768205248e-02,9.842225601778980398e-03,3.464023657415137708e-02,3.213663188520730907e-02,1.170822107222691845e-02,2.962528265723779475e-02,6.043705403503473600e-02,2.802156550679586744e-02,5.139341883039701131e-02,3.161635746972000366e-02,7.246315603283357866e-03,2.613540588707907383e-02,8.100988794735827433e-03,5.398614938668511339e-03,1.103484981709314944e-02,6.459757398390567930e-03,1.047546680312408038e-02,4.213026015109600994e-03,3.656883727902952852e-03,9.900418639905187237e-03,5.737922437871276898e-03,9.434141855542220456e-03,5.290818070603248158e-03,9.260647946747267711e-03,2.934333911452552662e-03,2.067292039723826746e-03,7.102851699422652043e-03,1.072162324045312053e-02,1.247550719043971287e-02,6.193708125520414401e-03,1.749037196229430435e-02,2.291081938228999373e-02,2.586039271374203363e-02,6.129386733636731782e-03,2.809289218451235803e-02,1.673393390137414491e-02,2.453075249828548868e-02,1.851359256802721787e-02,3.575377214422010425e-02,1.150104412317776680e-02,1.275532377635584837e-02,9.415637435133544786e-03,4.984637851119025180e-03,9.433645173725439467e-03,1.088361845996921838e-02,1.902742349584098450e-02,1.162913569585066406e-02,3.097532606825762619e-02,3.937401971244046395e-02,1.225833489465158292e-02,2.638526182523829450e-02,6.638668523492638474e-02,2.914977947718310619e-02,4.836221708973395539e-02,2.779048583540381923e-02,8.314204798053767553e-03,2.587216333265310655e-02
3.385733164172831378e-02,5.511845367511955529e-02,3.685530576919611445e-02,1.980737108831818680e-02,0.000000000000000000e+00,9.604537732434410835e-02,1.184912698273638959e-01,1.848705527460500417e-02,1.213597004346558816e-01,8.124436647380375853e-02,8.461955591457558101e-02,6.750225189350247956e-02,1.811164683896450411e-01,4.753112102950434598e-02,4.378507859454643797e-02,4.038692826978697997e-02,2.813915966365903090e-02,5.482936862652395410e-02,5.744700667595070698e-02,1.008336392797151287e-01,4.742071832656397784e-02,1.664675600993683058e-01,1.538601298905798720e-01,5.589864850963373322e-02,1.429629945646012645e-01,2.892065480485284112e-01,1.373715594029698006e-01,2.473240490440992423e-01,1.530507249390475055e-01,3.575228107651746284e-02,1.256876323883753255e-01,3.853122941290979681e-02,2.595349287111445649e-02,5.259967987600740191e-02,3.076503045025702487e-02,5.295490407428736501e-02,2.131834443230494133e-02,1.740342823194521160e-02,4.687145517880124401e-02,2.775808728623833585e-02,4.530281470316157438e-02,2.578968264697664714e-02,4.566135395933056118e-02,1.417080146877147846e-02,9.854833090870207535e-03,3.415763495003595884e-02,5.138443862170543469e-02,6.011133140052760115e-02,2.979725156138464046e-02,8.508942118276301148e-02,1.090326415934753934e-01,1.249478202663784204e-01,2.901813583436703425e-02,1.346623151015329811e-01,8.249206521901362998e-02,1.173697171172176784e-01,8.890441567433560177e-02,1.712538707583714515e-01,5.658207851480103606e-02,6.044488670568688715e-02,4.551312541189547756e-02,2.473471528349573817e-02,4.534915127120686673e-02,5.215917644353017246e-02,9.232633715592378221e-02,5.584231732874352094e-02,1.491613947028819498e-01,1.882479136452858970e-01,5.755888844314050595e-02,1.262775418483128853e-01,3.176432101946694564e-01,1.415973713073498674e-01,2.313515182457703823e-01,1.347005258736445055e-01,3.991818332775649847e-02,1.239842879203707643e-01
3.531392812892907018e-02,5.647634730900401301e-02,3.868703432088622940e-02,1.973845538029974853e-02,9.604537732434410835e-02,0.000000000000000000e+00,1.195894512328034009e-01,1.931343576719652191e-02,1.253451688082136695e-01,8.100746103586091429e-02,8.684742883851960527e-02,6.824024477387757859e-02,1.837211476715867042e-01,4.824267602768635144e-02,4.608734731346821739e-02,4.156193526091624818e-02,2.840248795991399955e-02,5.607143462838543035e-02,5.957397348405881615e-02,1.062009355824544837e-01,4.881360507396659276e-02,1.765187339963404378e-01,1.624435888565157748e-01,5.822416261034631807e-02,1.462346233667832229e-01,3.017631317941180669e-01,1.444169597910594793e-01,2.552479688704619165e-01,1.583188664461110950e-01,3.747354255464175471e-02,1.298492984824835550e-01,3.876475171730592306e-02,2.705137648488845428e-02,5.474693180195951137e-02,3.129976641069050214e-02,5.338052198351125183e-02,2.147423005192444431e-02,1.822092424562845800e-02,4.640357147464649334e-02,2.926611839135536894e-02,4.738532880422460791e-02,2.548404381825592965e-02,4.657615482338570145e-02,1.382027479900968005e-02,1.054928363953404856e-02,3.520947973944305032e-02,5.275897911719239913e-02,6.219228280520699981e-02,2.956808617922327895e-02,8.544498825352808691e-02,1.135862419641651688e-01,1.261485822322657158e-01,3.021084594824972533e-02,1.399881457757521930e-01,8.223168424400481569e-02,1.200213233471099927e-01,8.994896145376150842e-02,1.758114948855437898e-01,5.733603428477960368e-02,6.172821928454713669e-02,4.666942680348724892e-02,2.496772813267835942e-02,4.696357771181639690e-02,5.355216560339196713e-02,9.665478409409940241e-02,5.708107024210012925e-02,1.572968996477935311e-01,1.968124374948471422e-01,6.008959772513790959e-02,1.307359511274808483e-01,3.295022467058017490e-01,1.501422556057007973e-01,2.397049957938305886e-01,1.414868877330680841e-01,4.165417154745817974e-02,1.286871303477007955e-01
4.222002049821675651e-02,6.843577559324680315e-02,4.572701620729632127e-02,2.443045377262243259e-02,1.184912698273638959e-01,1.195894512328034009e-01,0.000000000000000000e+00,2.315268439350452040e-02,1.511127751504615091e-01,1.003356804598142249e-01,1.054030060750011794e-01,8.355015445138526398e-02,2.248094180054631963e-01,5.860536554891350447e-02,5.508732189453267869e-02,5.053477130199767603e-02,3.486102655052272792e-02,6.833516376350837196e-02,7.160389452912699348e-02,1.255093147256657327e-01,5.886041323088161970e-02,2.082736983365093553e-01,1.925148993407459486e-01,6.976475516539407118e-02,1.778337354560069472e-01,3.609931854078642921e-01,1.702967729879857617e-01,3.085134181536435261e-01,1.905375669786461001e-01,4.445216357277252672e-02,1.564244052513952543e-01,4.796732824922726734e-02,3.213608994301176552e-02,6.576912395642757481e-02,3.826367267511383841e-02,6.548394595112244643e-02,2.636163167100739196e-02,2.183042890347080406e-02,5.880186489200706079e-02,3.470104037650990902e-02,5.671975605316646740e-02,3.206659137678731508e-02,5.683586605347616671e-02,1.763929657186255259e-02,1.237441969696676837e-02,4.243479657327801219e-02,6.399338938683447886e-02,7.392338168407090737e-02,3.684007947734518201e-02,1.057913169501591283e-01,1.356802358136383890e-01,1.555711957669714540e-01,3.651495189267810193e-02,1.678302652131342942e-01,1.021148895312351396e-01,1.459428579452920205e-01,1.100656817390755493e-01,2.138145364572907603e-01,7.038715608561946224e-02,7.485167015017168968e-02,5.704990126564266767e-02,3.056881702922935318e-02,5.642904303518119641e-02,6.466019882534988772e-02,1.144602219961150247e-01,6.915082032847176541e-02,1.858829929293772942e-01,2.345832563126835635e-01,7.193266539387417613e-02,1.577337391442647230e-01,3.958848682673206665e-01,1.758512773719019817e-01,2.886203557256774577e-01,1.671892346271916241e-01,4.986012627045584289e-02,1.545203512117531153e-01
6.733930071564485191e-03,1.087878632249266418e-02,7.306641322452300975e-03,3.848784665362295267e-03,1.848705527460500417e-02,1.931343576719652191e-02,2.315268439350452040e-02,0.000000000000000000e+00,2.433557716255875525e-02,1.570336307070089102e-02,1.694382171856037567e-02,1.317266563824700913e-02,3.543795125012428465e-02,9.039889399959512295e-03,9.290278362570639215e-03,7.981270002678300668e-03,5.445307748108315672e-03,1.076909681079357868e-02,1.153317631009086186e-02,2.043202169918781688e-02,9.419079543274810895e-03,3.421225238878581459e-02,3.119027394750547785e-02,1.137124862727469619e-02,2.794347356929627671e-02,5.859696594738586506e-02,2.805187801474269202e-02,4.903111016127488508e-02,3.059578500704922266e-02,7.052648664862128797e-03,2.498157648205548767e-02,7.721777702773699459e-03,5.276689246338352700e-03,1.062654650565563949e-02,6.032640205167441767e-03,1.003446344490462744e-02,4.132845513498138550e-03,3.506689966962650475e-03,9.240822662515784519e-03,5.576165738353732436e-03,9.005595008358948869e-03,5.052003658196265942e-03,8.902413517060055875e-03,2.773582974182339528e-03,2.078256113148792099e-03,6.537027311295034830e-03,1.035690926896912570e-02,1.177626842665490531e-02,5.820813863709692511e-03,1.658619447174227921e-02,2.194349247247438101e-02,2.461370184936297403e-02,5.884677821012415655e-03,2.697334322615880728e-02,1.603148645652363938e-02,2.363151288581677792e-02,1.743615725457985099e-02,3.430157129163423357e-02,1.100281479460361693e-02,1.193842488360522848e-02,9.021107777535211994e-03,4.819374156999576934e-03,9.321489472850889163e-03,1.067234590404949994e-02,1.865332271314898774e-02,1.108862851411997023e-02,3.074481057627799496e-02,3.792687622065411823e-02,1.147941541432893724e-02,2.545331734577870042e-02,6.516196219233753861e-02,2.920894092007417231e-02,4.657486884925215315e-02,2.729313031547256005e-02,7.867291016139085075e-03,2.474903522911309911e-02
4.355728120050719743e-02,7.045435168770292078e-02,4.774726594051240114e-02,2.499450130749580889e-02,1.213597004346558816e-01,1.253451688082136695e-01,1.511127751504615091e-01,2.433557716255875525e-02,0.000000000000000000e+00,1.022359755987136826e-01,1.104912527223375490e-01,8.507991108590287621e-02,2.311466140399356384e-01,6.070570000685408807e-02,5.796119861192255279e-02,5.265110500581198644e-02,3.597888662124047038e-02,7.094548449905691001e-02,7.514837975697717665e-02,1.339556301332754662e-01,6.060249593515970590e-02,2.216793394498265957e-01,2.037896942701796499e-01,7.281403565809255185e-02,1.853618346622366020e-01,3.780927726814408696e-01,1.826753723197732382e-01,3.213152320002683471e-01,2.012251611961731745e-01,4.727111094663026536e-02,1.635815355243364355e-01,4.922752022170624742e-02,3.385540805032891815e-02,6.831010225160381866e-02,3.915304773555826345e-02,6.767692463962746152e-02,2.702399268368451887e-02,2.296385187477373996e-02,5.910462235282370330e-02,3.629874210123906070e-02,5.867732527784860069e-02,3.217718562969205942e-02,5.885799091800852229e-02,1.769379655470328105e-02,1.301418246748504634e-02,4.351214201400541159e-02,6.646680578533152584e-02,7.795826402997771409e-02,3.713884372970708420e-02,1.076432510215556831e-01,1.422741815619723293e-01,1.597514074130454154e-01,3.808872529196218742e-02,1.775217090827215238e-01,1.039130061676790534e-01,1.517425465981769306e-01,1.122622861324967525e-01,2.225875124505589664e-01,7.265672935253141007e-02,7.695386849991066314e-02,5.944224151287451352e-02,3.173935167317926825e-02,5.883137961755307427e-02,6.852700061586151914e-02,1.221037544804038089e-01,7.142294154502665249e-02,1.989471179698492631e-01,2.485506369623304845e-01,7.541644320855372952e-02,1.654589303898760799e-01,4.155610895210287703e-01,1.889779805987147898e-01,3.042254244603360136e-01,1.774968647857471937e-01,5.317411831279060530e-02,1.608657830151966617e-01
2.902284554177720494e-02,4.663974932729784278e-02,3.103313521475606351e-02,1.662162419434917715e-02,8.124436647380375853e-02,8.100746103586091429e-02,1.003356804598142249e-01,1.570336307070089102e-02,1.022359755987136826e-01,0.000000000000000000e+00,7.166436421530934797e-02,5.667693538959069771e-02,1.531354778920610005e-01,4.038267611335222967e-02,3.724173405078436833e-02,3.453082089756050188e-02,2.344743571813307295e-02,4.646397101882745323e-02,4.853346609340341428e-02,8.612949150818770272e-02,4.020204639370385941e-02,1.422400848956403285e-01,1.311172444180059293e-01,4.748438240309945518e-02,1.216316500197538314e-01,2.463101690282514245e-01,1.161553773708862564e-01,2.104800793865047870e-01,1.296134804514862959e-01,3.032632305746430293e-02,1.069485487954586617e-01,3.178938899236871674e-02,2.205433884449825924e-02,4.473772679381489425e-02,2.568277618824243644e-02,4.517315406029959179e-02,1.795111959661017248e-02,1.469484889285875388e-02,3.908837935680119918e-02,2.366215886038013777e-02,3.869533622237045223e-02,2.149130178142010308e-02,3.921796446911743339e-02,1.194419399698553458e-02,8.340283907757158055e-03,2.888322973861365620e-02,4.364061861049594454e-02,5.040509338077441004e-02,2.528772736495571091e-02,7.214828816626937813e-02,9.148212406881875425e-02,1.056300955248325457e-01,2.483898681204249614e-02,1.131160135354626062e-01,6.914443493252911410e-02,9.882907530734089119e-02,7.516404961520579964e-02,1.452131903560828219e-01,4.813724991574738071e-02,5.091427157629703493e-02,3.856462086823086305e-02,2.075421888807026452e-02,3.856266194551468546e-02,4.378871764593265242e-02,7.764674448553705866e-02,4.683644797689096723e-02,1.264364587206748824e-01,1.601202150316992090e-01,4.868011102043228594e-02,1.072559571910726151e-01,2.684034004871613255e-01,1.196608044900411838e-01,1.976211798831836453e-01,1.134209931360930790e-01,3.406186040630047179e-02,1.054166539406151126e-01
3.062580372127307951e-02,4.939445762690866659e-02,3.338976688306462270e-02,1.746676915857673512e-02,8.461955591457558101e-02,8.684742883851960527e-02,1.054030060750011794e-01,1.694382171856037567e-02,1.104912527223375490e-01,7.166436421530934797e-02,0.000000000000000000e+00,5.941120554116990915e-02,1.610536579771879029e-01,4.232450191869304573e-02,4.051115344669291296e-02,3.631248995332818363e-02,2.501292051508416034e-02,4.931228587534347563e-02,5.253437268578933089e-02,9.218168665072459800e-02,4.280842168806037878e-02,1.538880131479989088e-01,1.414190435331801332e-01,5.050533542487849886e-02,1.281482790203590794e-01,2.625321761951464605e-01,1.269079858706048114e-01,2.233415341141482269e-01,1.391950588620775031e-01,3.263179591903691418e-02,1.139363960814154947e-01,3.456128617518183094e-02,2.360870326819918333e-02,4.749049802487103483e-02,2.740931930011607925e-02,4.687958556742398419e-02,1.864519925918997276e-02,1.584692965501477771e-02,4.107852365243605530e-02,2.517814817169852434e-02,4.081180478548822321e-02,2.263382342761414284e-02,4.077853656699448326e-02,1.229627815258091221e-02,9.098277196015785301e-03,3.047720039793287011e-02,4.653384671457845567e-02,5.472127081493779327e-02,2.600785651189022399e-02,7.579127622108389195e-02,9.949273440386904865e-02,1.105515865627623717e-01,2.645400000417372569e-02,1.232734438818661876e-01,7.262305565087387449e-02,1.065952476001196803e-01,7.829958693192236308e-02,1.549093363229140374e-01,5.088848216157632054e-02,5.375836290940441686e-02,4.152763155351294616e-02,2.223401989926676245e-02,4.152319594455419066e-02,4.791711007338346484e-02,8.469977822864853401e-02,5.055485454651992283e-02,1.391916251930807868e-01,1.721822896345422960e-01,5.212993476019539552e-02,1.153763231980232395e-01,2.903375406279376514e-01,1.316481981968739556e-01,2.117449341255976392e-01,1.230816718851725777e-01,3.710073174437844568e-02,1.125735703744766975e-01
2.434294532516532300e-02,3.920333865499103787e-02,2.665318958125284174e-02,1.392919645418930208e-02,6.750225189350247956e-02,6.824024477387757859e-02,8.355015445138526398e-02,1.317266563824700913e-02,8.507991108590287621e-02,5.667693538959069771e-02,5.941120554116990915e-02,0.000000000000000000e+00,1.278422749639763212e-01,3.383146137325473979e-02,3.131384670440887086e-02,2.901362356368113529e-02,1.988706350513254686e-02,3.912394692926762091e-02,4.123147877859592580e-02,7.178169831769409814e-02,3.377985089030502430e-02,1.184533206672595401e-01,1.105931550334008778e-01,3.978670079256838715e-02,1.010987947798456382e-01,2.064959583323288383e-01,9.725552888576911859e-02,1.758071133921894902e-01,1.085401355767594139e-01,2.574761792912523550e-02,8.996278213498511145e-02,2.661964351935468265e-02,1.849681671579764264e-02,3.811847401724179074e-02,2.173991348281289343e-02,3.725397325522956937e-02,1.494437804876092186e-02,1.224954842981468631e-02,3.263071886656570414e-02,1.999991745742708826e-02,3.321885577934692579e-02,1.824873581435187964e-02,3.279572021991738334e-02,9.935888659385444174e-03,6.907411976844019322e-03,2.455510121659592801e-02,3.620331835094516698e-02,4.286009066088296293e-02,2.110000841337445268e-02,5.965805749757767396e-02,7.692605710864072743e-02,8.806651901174683550e-02,2.036720636030396603e-02,9.447615648162382973e-02,5.781572648111558271e-02,8.221072077807116407e-02,6.358223004412660861e-02,1.214052307727218477e-01,3.993829522097777640e-02,4.279004647734897110e-02,3.183076008195616369e-02,1.747407910053491373e-02,3.254980273625750209e-02,3.685234919883330351e-02,6.532261312903629713e-02,3.901134964202318534e-02,1.049998117868422981e-01,1.338833901623366351e-01,4.062981524300843944e-02,8.882181965710027327e-02,2.245183503892162757e-01,1.001915869251229912e-01,1.648243610355102640e-01,9.467869095984564332e-02,2.832433537191408196e-02,8.931478172319358422e-02
6.534684515507692415e-02,1.052094496323999623e-01,7.055080815340700195e-02,3.769488205982185480e-02,1.811164683896450411e-01,1.837211476715867042e-01,2.248094180054631963e-01,3.543795125012428465e-02,2.311466140399356384e-01,1.531354778920610005e-01,1.610536579771879029e-01,1.278422749639763212e-01,0.000000000000000000e+00,9.111418617564552569e-02,8.375510378090136876e-02,7.777626644295193570e-02,5.336369932151378837e-02,1.050523275693244774e-01,1.092461535063715544e-01,1.946063432746102106e-01,9.047224493776859222e-02,3.219255608351007658e-01,2.961340662535065782e-01,1.080637495084722233e-01,2.731570888715936229e-01,5.559263036830235372e-01,2.646566396227772455e-01,4.738096940929354961e-01,2.932291794488706138e-01,6.853723329458345781e-02,2.409549747595740310e-01,7.228355438578014380e-02,4.968327502577982169e-02,1.009160092200939718e-01,5.849145114024698056e-02,1.010192790734765061e-01,4.018839980601083411e-02,3.330184429009780400e-02,8.834312810262785753e-02,5.335653197745832133e-02,8.764423148585349932e-02,4.885661933462102924e-02,8.796231542958492244e-02,2.686280001972941867e-02,1.888217461956761059e-02,6.548242390809355662e-02,9.834247820835075038e-02,1.149739823785054238e-01,5.652645838802197037e-02,1.610410902940969946e-01,2.082965839029169985e-01,2.378833296809657050e-01,5.613851378457325458e-02,2.577728971794954749e-01,1.553883318965607607e-01,2.233621406678031329e-01,1.682835345885002887e-01,3.281142888746634845e-01,1.079712054346844419e-01,1.150069667486416924e-01,8.756181306054391933e-02,4.700936980520653563e-02,8.667545663457772165e-02,9.949708298613724189e-02,1.765004442352473557e-01,1.059685400486187756e-01,2.872883294713478031e-01,3.629205383547305930e-01,1.109514028339785852e-01,2.426904705013935570e-01,6.090079295963596318e-01,2.726893192096916940e-01,4.449600003740185605e-01,2.569925603364769939e-01,7.709702839355783710e-02,2.389761573883656398e-01
1.722807717926019833e-02,2.768508595928583990e-02,1.858858792897809253e-02,9.589186142010954622e-03,4.753112102950434598e-02,4.824267602768635144e-02,5.860536554891350447e-02,9.039889399959512295e-03,6.070570000685408807e-02,4.038267611335222967e-02,4.232450191869304573e-02,3.383146137325473979e-02,9.111418617564552569e-02,0.000000000000000000e+00,2.206112584710434588e-02,2.009104221443863691e-02,1.401450339983461961e-02,2.712474061767401745e-02,2.877197777496345171e-02,5.081908705957084021e-02,2.371190744045822280e-02,8.408369612367062873e-02,7.819641746107112990e-02,2.815267664499661315e-02,7.101711113095991734e-02,1.453357417123035678e-01,6.934823801485265338e-02,1.242695949942241584e-01,7.649221002512616996e-02,1.803947905414965761e-02,6.294515074443716995e-02,1.885413515713435864e-02,1.306383249797939475e-02,2.642118086083437498e-02,1.534013933642995771e-02,2.594146609166735062e-02,1.045083598486116344e-02,8.817861047940456914e-03,2.320491223273896467e-02,1.377607516440550878e-02,2.302666045823966931e-02,1.280670341106979714e-02,2.314745551866380022e-02,7.026515925115484756e-03,4.937220324292702044e-03,1.726347090636344214e-02,2.567050044898277344e-02,3.021222997975523891e-02,1.490977591150718581e-02,4.236997313089151118e-02,5.431200849038801681e-02,6.214191149861293673e-02,1.470935514208445566e-02,6.689290076360793202e-02,4.109662493457752475e-02,5.896299609267369179e-02,4.460667399261339372e-02,8.613287266134835030e-02,2.851018016560038365e-02,3.023371007239773409e-02,2.283661874592995966e-02,1.229072122128600439e-02,2.260870799028719125e-02,2.593990231709981595e-02,4.611598521632408187e-02,2.759646901351234249e-02,7.467085316881648394e-02,9.487560812752575401e-02,2.911011022545783450e-02,6.371577973859100796e-02,1.592183935508640624e-01,7.100680770696625455e-02,1.165630598098000015e-01,6.670972800327852614e-02,2.012381895038896362e-02,6.249983753569903627e-02
1.637954210829980356e-02,2.583650646435931009e-02,1.788370757354746515e-02,9.344504077804570083e-03,4.378507859454643797e-02,4.608734731346821739e-02,5.508732189453267869e-02,9.290278362570639215e-03,5.796119861192255279e-02,3.724173405078436833e-02,4.051115344669291296e-02,3.131384670440887086e-02,8.375510378090136876e-02,2.206112584710434588e-02,0.000000000000000000e+00,1.902889096144159964e-02,1.293496064996901666e-02,2.570614083857669305e-02,2.762161553577779580e-02,4.884390201875952325e-02,2.332440503668881809e-02,8.141678392395758357e-02,7.485493332645463960e-02,2.742864732471815906e-02,6.654814808527850789e-02,1.395239323176605262e-01,6.793060621123545029e-02,1.161089632199515942e-01,7.325438396600676694e-02,1.690273388150431363e-02,5.998003301305549623e-02,1.838778736909288392e-02,1.262400319492905376e-02,2.538659203569970657e-02,1.449710803020201610e-02,2.432938156365849550e-02,9.950791724397389793e-03,8.308478281366635937e-03,2.179712386827648701e-02,1.359833110109979343e-02,2.151397534849202806e-02,1.216694829889036246e-02,2.067330521983104866e-02,6.334681272645713290e-03,4.907062257310310441e-03,1.636200488278960127e-02,2.469847835072580891e-02,2.878784878907572273e-02,1.360753126857097706e-02,3.910320811990110335e-02,5.211563431440310867e-02,5.774384387004630192e-02,1.422902665641963445e-02,6.454654342039269077e-02,3.757087931466032010e-02,5.561663270783223645e-02,4.143426349039285722e-02,8.060436047273487892e-02,2.602294789372698591e-02,2.903848704123834779e-02,2.158332532887330055e-02,1.169346180983620379e-02,2.217678125181968968e-02,2.549854133586821475e-02,4.475451759712149175e-02,2.761481951838394219e-02,7.395404431834652625e-02,9.115684464265765008e-02,2.772241338569103944e-02,6.039995984727892370e-02,1.567047933749718402e-01,7.001184621813763553e-02,1.101079388127681885e-01,6.545106379218929016e-02,1.888508892016340854e-02,5.928164949297799746e-02
1.466712253286614302e-02,2.383735751775492920e-02,1.612269354604043553e-02,8.288447485504127354e-03,4.038692826978697997e-02,4.156193526091624818e-02,5.053477130199767603e-02,7.981270002678300668e-03,5.265110500581198644e-02,3.453082089756050188e-02,3.631248995332818363e-02,2.901362356368113529e-02,7.777626644295193570e-02,2.009104221443863691e-02,1.902889096144159964e-02,0.000000000000000000e+00,1.216402035525520307e-02,2.344002709281116370e-02,2.486297721679735923e-02,4.407703018888364105e-02,2.032254436502273567e-02,7.270118744140852129e-02,6.726423632410663545e-02,2.452850049811605010e-02,6.167312749565066060e-02,1.264375648118095663e-01,6.009127894756888938e-02,1.070726822211971047e-01,6.643242667605857299e-02,1.555703526267169720e-02,5.462618763555521922e-02,1.636861106201325730e-02,1.114779373874493287e-02,2.289076609827975228e-02,1.302460457653735991e-02,2.268377595354214432e-02,9.049282354878628726e-03,7.528723670433919504e-03,1.985175816565222517e-02,1.199420748575852347e-02,1.997321902197717047e-02,1.088093181918418396e-02,1.971201511825917269e-02,5.991223967069648701e-03,4.306071151875479064e-03,1.464134561055521928e-02,2.225464261716969885e-02,2.606170038752054011e-02,1.254282639428693641e-02,3.573282517848631878e-02,4.769184772350068546e-02,5.327640192942186687e-02,1.247716055768046360e-02,5.866080683882608782e-02,3.477829824572450240e-02,5.020972224495277858e-02,3.798320208058909853e-02,7.452120152054740598e-02,2.394218791967745938e-02,2.572959187458787045e-02,1.963815049320056030e-02,1.061122007519913965e-02,1.964681319596781051e-02,2.261107025024611944e-02,4.032990688877888946e-02,2.344506622443949181e-02,6.536616090179886429e-02,8.229447348002778828e-02,2.512414970613177298e-02,5.494050154770867972e-02,1.377840901206212609e-01,6.215209207750159448e-02,1.010064205721614983e-01,5.877771052763983844e-02,1.737499218401375445e-02,5.418476968251555170e-02
1.019614447007553652e-02,1.633592343691472881e-02,1.096621512580829225e-02,5.798345140949052665e-03,2.813915966365903090e-02,2.840248795991399955e-02,3.486102655052272792e-02,5.445307748108315672e-03,3.597888662124047038e-02,2.344743571813307295e-02,2.501292051508416034e-02,1.988706350513254686e-02,5.336369932151378837e-02,1.401450339983461961e-02,1.293496064996901666e-02,1.216402035525520307e-02,0.000000000000000000e+00,1.613036101462807931e-02,1.708971987522159286e-02,3.026483940951998908e-02,1.379462421837702839e-02,5.011046950206137635e-02,4.615673419027242069e-02,1.680107029890018019e-02,4.244487157430458513e-02,8.656631282789857551e-02,4.113671274889489637e-02,7.435866931396394042e-02,4.559140056111284089e-02,1.088529550257665013e-02,3.766342449140651361e-02,1.102469530825056845e-02,7.760890567153949995e-03,1.578133642274139742e-02,8.897670856185582386e-03,1.571371228833491618e-02,6.212078769782326641e-03,5.193556418168143556e-03,1.336315556504906119e-02,8.218305322235160831e-03,1.375527294686052469e-02,7.302017952732347064e-03,1.386232242929821487e-02,4.076249694425057926e-03,2.933939954880148467e-03,1.005605828127453111e-02,1.529464342943372829e-02,1.795553160936043738e-02,8.646157052837749601e-03,2.505442425723450328e-02,3.246011226154330714e-02,3.697298175877140186e-02,8.530394539136334706e-03,4.011492395111193598e-02,2.406722623711096340e-02,3.467748364548969842e-02,2.628041871903503274e-02,5.126154766930963308e-02,1.682033642850525035e-02,1.735479029756475597e-02,1.343480176444995615e-02,7.284970454460982722e-03,1.351416831944794381e-02,1.541842929485488789e-02,2.761861546458905040e-02,1.594647519497236973e-02,4.478445742614212827e-02,5.631569853569663026e-02,1.714343071691683956e-02,3.789372516244682992e-02,9.383191749339546417e-02,4.259022326148357435e-02,6.970435977133604410e-02,4.013474568258809660e-02,1.208004722592576075e-02,3.716813935001946761e-02
1.972132937290572985e-02,3.203433667022711345e-02,2.143119718122090539e-02,1.126195792298417472e-02,5.482936862652395410e-02,5.607143462838543035e-02,6.833516376350837196e-02,1.076909681079357868e-02,7.094548449905691001e-02,4.646397101882745323e-02,4.931228587534347563e-02,3.912394692926762091e-02,1.050523275693244774e-01,2.712474061767401745e-02,2.570614083857669305e-02,2.344002709281116370e-02,1.613036101462807931e-02,0.000000000000000000e+00,3.359538539244533162e-02,5.945451197172060831e-02,2.736512104176474364e-02,9.859930155669156815e-02,9.092887903993585041e-02,3.297808144832729133e-02,8.283809811984886584e-02,1.702201775686034146e-01,8.053119049190239631e-02,1.447872653308821533e-01,8.954230044565311686e-02,2.097278148621216018e-02,7.338901800259949038e-02,2.208848046282107375e-02,1.514028918247218788e-02,3.066610713984694453e-02,1.760836797168863904e-02,3.052075032895783940e-02,1.223613267034297757e-02,1.021095690532714505e-02,2.676852283620090658e-02,1.615821376378013402e-02,2.663853799803449565e-02,1.452441023763112807e-02,2.683700684098216591e-02,8.120515007183672085e-03,5.856803638658160914e-03,1.972774945466870475e-02,2.987825316951531890e-02,3.488859809881023066e-02,1.708383769901784810e-02,4.887569065095100085e-02,6.389845508201316693e-02,7.231682247710743972e-02,1.703212534363357511e-02,7.868496622614662428e-02,4.727996018679772594e-02,6.848094646299919541e-02,5.127921352472422645e-02,1.000433302866993307e-01,3.264048544619911618e-02,3.465610469835293805e-02,2.642991018025462810e-02,1.430438752603278157e-02,2.650921169382039477e-02,3.021012749464106750e-02,5.417902180830599934e-02,3.183197231138826938e-02,8.785196500765783678e-02,1.109186432714985016e-01,3.380792175391705845e-02,7.397478506037749590e-02,1.854851903580903572e-01,8.329835328814340356e-02,1.357219805220573616e-01,7.900692680353643693e-02,2.337538702672388446e-02,7.246442819521232981e-02
2.091388928268505740e-02,3.356601262396655128e-02,2.321133651049104782e-02,1.199587345281095431e-02,5.744700667595070698e-02,5.957397348405881615e-02,7.160389452912699348e-02,1.153317631009086186e-02,7.514837975697717665e-02,4.853346609340341428e-02,5.253437268578933089e-02,4.123147877859592580e-02,1.092461535063715544e-01,2.877197777496345171e-02,2.762161553577779580e-02,2.486297721679735923e-02,1.708971987522159286e-02,3.359538539244533162e-02,0.000000000000000000e+00,6.299282014135550167e-02,2.915124616821387210e-02,1.046843144855944402e-01,9.702387229135812918e-02,3.466427485858109003e-02,8.669316496400067407e-02,1.793010136032325563e-01,8.682742135232023040e-02,1.510260584645912729e-01,9.470715580938166012e-02,2.243801928655590402e-02,7.773194682601834715e-02,2.340562019036431310e-02,1.627286292260041872e-02,3.268263145941878445e-02,1.873292020787338183e-02,3.196433825430928383e-02,1.298131085629782543e-02,1.077846143910279192e-02,2.805174009409441838e-02,1.736719054580298724e-02,2.849118045673452310e-02,1.561806370133992684e-02,2.776534254615001945e-02,8.470639238058158549e-03,6.209813243210363098e-03,2.095047707460254149e-02,3.150937026534379737e-02,3.749960619847217402e-02,1.787959571980775320e-02,5.099453385992331472e-02,6.801104192868401288e-02,7.544416628045398643e-02,1.779012537574597638e-02,8.340307858299331190e-02,4.948947131375693725e-02,7.169948605678123921e-02,5.446295477811485819e-02,1.053839485604506215e-01,3.420872877361588044e-02,3.673075602692230102e-02,2.796517308318658551e-02,1.509620597855454265e-02,2.827379729408157488e-02,3.280278517804024324e-02,5.771395677658624351e-02,3.418298187335632593e-02,9.419685715495160205e-02,1.167211133374890242e-01,3.568521328031291906e-02,7.788951179907029065e-02,1.977501769724031855e-01,8.999599347538832228e-02,1.437067371763646739e-01,8.406525315042495672e-02,2.481871945418601816e-02,7.718572960877474742e-02
3.716071970965530158e-02,5.975972350569137143e-02,4.094156594872318949e-02,2.064275132768205248e-02,1.008336392797151287e-01,1.062009355824544837e-01,1.255093147256657327e-01,2.043202169918781688e-02,1.339556301332754662e-01,8.612949150818770272e-02,9.218168665072459800e-02,7.178169831769409814e-02,1.946063432746102106e-01,5.081908705957084021e-02,4.884390201875952325e-02,4.407703018888364105e-02,3.026483940951998908e-02,5.945451197172060831e-02,6.299282014135550167e-02,0.000000000000000000e+00,5.186230381498007497e-02,1.867748245024710985e-01,1.724949104852048221e-01,6.174285618783297708e-02,1.549484596996510699e-01,3.196722699199810447e-01,1.545414030640258340e-01,2.701831294637005443e-01,1.687405333298122589e-01,3.998339169465806725e-02,1.384330971898545815e-01,4.039815187605456936e-02,2.822841845824253584e-02,5.782550817001645693e-02,3.270036474933877418e-02,5.681742047196963741e-02,2.272595297400519659e-02,1.902465716052616912e-02,4.824370944983335380e-02,3.062556404962868753e-02,5.041282312410092642e-02,2.697357477737370376e-02,4.956709324065514122e-02,1.455358798581082164e-02,1.098948737225984018e-02,3.680939821650072719e-02,5.621138952000202110e-02,6.610585769052637617e-02,3.119303173180655586e-02,8.964381048268921237e-02,1.203750263628572265e-01,1.327411925095236256e-01,3.213011597399856312e-02,1.480452968378626610e-01,8.718026825568513105e-02,1.267966532818781134e-01,9.460115296752504011e-02,1.865178342343606910e-01,6.070277491361700944e-02,6.516100727453930097e-02,4.938143766346999447e-02,2.668974649283406900e-02,4.984551085756964983e-02,5.706803218274542067e-02,1.036382274982987628e-01,6.000641652343596810e-02,1.676922358608030073e-01,2.105529257779593932e-01,6.411348165751962203e-02,1.392588725565734042e-01,3.496331874531212747e-01,1.613199367183277555e-01,2.557366796955863331e-01,1.508350569675886432e-01,4.424781949694804595e-02,1.368110772042901990e-01
1.753781528551431185e-02,2.767116796093139000e-02,1.875086132354260998e-02,9.842225601778980398e-03,4.742071832656397784e-02,4.881360507396659276e-02,5.886041323088161970e-02,9.419079543274810895e-03,6.060249593515970590e-02,4.020204639370385941e-02,4.280842168806037878e-02,3.377985089030502430e-02,9.047224493776859222e-02,2.371190744045822280e-02,2.332440503668881809e-02,2.032254436502273567e-02,1.379462421837702839e-02,2.736512104176474364e-02,2.915124616821387210e-02,5.186230381498007497e-02,0.000000000000000000e+00,8.581420082167547092e-02,7.944060572990639668e-02,2.899131219940472015e-02,7.191466311077988893e-02,1.485306299183994649e-01,7.093203527816517584e-02,1.245583868299441066e-01,7.743396705402991187e-02,1.810905232102950208e-02,6.396158372678406590e-02,1.919310103491757291e-02,1.313572968719421870e-02,2.666623033060527836e-02,1.559601994401468329e-02,2.601119770572491927e-02,1.058909520907250559e-02,8.870396753762777031e-03,2.342384090948483252e-02,1.425449120591923934e-02,2.289705943674236535e-02,1.295004226719684119e-02,2.252456471493395965e-02,6.897087037059368257e-03,5.112182784846180938e-03,1.765206130102576348e-02,2.620989386818148303e-02,3.030952929572690649e-02,1.476690299918314957e-02,4.202100221130726510e-02,5.511977910069264935e-02,6.178787506344770447e-02,1.495981366534596818e-02,6.827892811933439221e-02,4.054210659606596878e-02,5.922265209556304422e-02,4.463639974870349525e-02,8.592692287998462963e-02,2.790132372946370343e-02,3.148904370405630759e-02,2.323835770767506553e-02,1.228887437539723931e-02,2.327631788228944065e-02,2.617269556111960147e-02,4.700815768845098552e-02,2.905876725644439273e-02,7.713654101393876972e-02,9.702745818180691373e-02,2.993937896548965610e-02,6.414382793266618088e-02,1.643759506648993507e-01,7.261821835496294619e-02,1.178169282922212346e-01,6.859464797125243429e-02,2.026511346247836243e-02,6.340382512407893856e-02
