0.000000000000000000e+00,1.880158121768099599e-02,1.145608011077488969e-02,7.082477239696030602e-03,2.784690974754242682e-02,3.729168242240978037e-02,3.983115024784288083e-02,8.076050614577182096e-03,4.329672169718931651e-02,2.489235283254628839e-02,3.069156260848533713e-02,2.015649872146329027e-02,5.174430575483540684e-02,1.655767416583916324e-02,1.662819613901334037e-02,1.276704043118236272e-02,7.512777942649400374e-03,1.494741158068237270e-02,1.877500766761388412e-02,3.011729332067726930e-02,1.677640734414247853e-02,5.031824612070857211e-02,5.502986318204367705e-02,2.040129421672565516e-02,3.714041413042280804e-02,9.296801651206250405e-02,5.455636359743824132e-02,7.387482214171134376e-02,5.630796465239612525e-02,1.401938629420597382e-02,4.522095128824510368e-02,1.492098203625098762e-02,9.721411409343931262e-03,1.680371288305965854e-02,7.541689862327995326e-03,1.922188690209650913e-02,6.759164547733349793e-03,5.306247525405403259e-03,1.223426831381961219e-02,8.879527123842878567e-03,1.459288201945239775e-02,9.151869067276770936e-03,1.170905667118257200e-02,3.426971576460681717e-03,3.849817900473540087e-03,7.712976368981318449e-03,1.365821838020868026e-02,2.407359117434229590e-02,8.482634201957776204e-03,2.591207680464095026e-02,3.638334852223395338e-02,3.822738026170020148e-02,9.220124985354512942e-03,4.581787376951327456e-02,2.922975584643763489e-02,3.964869647368021721e-02,3.192017178712618780e-02,5.189023435682157959e-02,1.961963850999304954e-02,1.547003691759950283e-02,1.623080838375642876e-02,8.139577973656367607e-03,1.710824615126533763e-02,2.134519430776823240e-02,3.063704837084821331e-02,1.829803593836303033e-02,4.784626457185622156e-02,5.906963781749562797e-02,1.553850488877247735e-02,3.997919483696046883e-02,1.099050740148942162e-01,5.002758415214225707e-02,7.496495045791777556e-02,4.806260460669643103e-02,1.344095044434810877e-02,4.391619228023632693e-02
1.880158121768099599e-02,0.000000000000000000e+00,2.075760407827100321e-02,1.328312725597049354e-02,5.196671436244622300e-02,6.972230160798874310e-02,7.433260599582883210e-02,1.470153478083958271e-02,8.131173365258051455e-02,4.628688865380937989e-02,5.717005806323322697e-02,3.666328143278826945e-02,9.586959076089356102e-02,3.147767345301562270e-02,3.003957708668653429e-02,2.382709595160092605e-02,1.399023182099861339e-02,2.753366056215299576e-02,3.453296240267345052e-02,5.659757908324700160e-02,3.072682257307988302e-02,9.331139421473438889e-02,1.022286975610579712e-01,3.759175393237870755e-02,6.832877538873584344e-02,1.710827482570617120e-01,1.026964423766020262e-01,1.376150407119190733e-01,1.055350214102032114e-01,2.616554355188558528e-02,8.333320123451204431e-02,2.749143428012666354e-02,1.799691623600285784e-02,3.042164990430594462e-02,1.350990572189099230e-02,3.654079539962473006e-02,1.265346569070421520e-02,9.792374983651593728e-03,2.261538097944013406e-02,1.616566777167297714e-02,2.674662743109583810e-02,1.678304364130209919e-02,2.227330779504336708e-02,6.526444602447956274e-03,6.958533835960243122e-03,1.344273055173593988e-02,2.513301573743808442e-02,4.443457047969888440e-02,1.584642466204451428e-02,4.812048778116627401e-02,6.671185064874179949e-02,7.148486725293018429e-02,1.652639159345560549e-02,8.516646982389643183e-02,5.506714477581487605e-02,7.389583240203009828e-02,5.812130368589156493e-02,9.690837193539585115e-02,3.772993797188942122e-02,2.689631633930353316e-02,3.073197809463271146e-02,1.530372644460489297e-02,3.205915551394974972e-02,4.038061732669814829e-02,5.589476718832021851e-02,3.265308170067220128e-02,8.848832520838847970e-02,1.089749902387646269e-01,2.822269734997656307e-02,7.508077202558688379e-02,2.010221298133256229e-01,9.220912818599717731e-02,1.403700616219186736e-01,8.896763843863868260e-02,2.531855807753682214e-02,8.190138201166213827e-02
1.145608011077488969e-02,2.075760407827100321e-02,0.000000000000000000e+00,7.894340258100908392e-03,3.125017581449143766e-02,4.219977361290110085e-02,4.425933542998177622e-02,8.804177699782258018e-03,4.965291905244345605e-02,2.725686749473815729e-02,3.428369891611333237e-02,2.201429817786272614e-02,5.746231005335484393e-02,1.857705928399450493e-02,1.855979406038174920e-02,1.430024454378903305e-02,8.318640707884381730e-03,1.665983231616495822e-02,2.130279475161403133e-02,3.433863359245090119e-02,1.808385641152398041e-02,5.726138575309371037e-02,6.225514760447203866e-02,2.260689866081642962e-02,4.145174988105523872e-02,1.043686852013540195e-01,6.148082872181270808e-02,8.269055299055609598e-02,6.354038941079113989e-02,1.568236799198281795e-02,4.998481586041219477e-02,1.651010805817108851e-02,1.072340881490966430e-02,1.855103012101208190e-02,8.316908966538695894e-03,2.113385109255077124e-02,7.467970851623613633e-03,6.069416690302994674e-03,1.361340009438914353e-02,9.957885617226495262e-03,1.622837759591341453e-02,1.006872121114547360e-02,1.315525060471866778e-02,3.851193574627649434e-03,4.296851809826345708e-03,8.239670962930767395e-03,1.525125245231722868e-02,2.690789015878653281e-02,9.400304799133859732e-03,2.865954467545759124e-02,4.064297236352255177e-02,4.283554422788721228e-02,1.015944168826066196e-02,5.207872965448493568e-02,3.246183383351429474e-02,4.463835723072478306e-02,3.464684555009956562e-02,5.833835119624242171e-02,2.226631075081117461e-02,1.658014839900350673e-02,1.808166521302940685e-02,9.217311457879667075e-03,1.922305803927847404e-02,2.463893612882584946e-02,3.414061991022959014e-02,1.966904169625444815e-02,5.432008073559751321e-02,6.612086382510065641e-02,1.722811364004329937e-02,4.525599841512432248e-02,1.228504010349434211e-01,5.628157620523430160e-02,8.471067815157246050e-02,5.457916760526690392e-02,1.533600052665210975e-02,4.919246363711882175e-02
7.082477239696030602e-03,1.328312725597049354e-02,7.894340258100908392e-03,0.000000000000000000e+00,2.026613196191554001e-02,2.677687226470248580e-02,2.909945742052240381e-02,5.762166367964168673e-03,3.162593236376536054e-02,1.791343304813848569e-02,2.227063810724533646e-02,1.416441320398495810e-02,3.742739465620937428e-02,1.210568735158735337e-02,1.111622219109972137e-02,9.007881509167561113e-03,5.489699875994404413e-03,1.076302467240364269e-02,1.306812399710144748e-02,2.143223832740454027e-02,1.175268892771888680e-02,3.542650524563371178e-02,3.906812445504659337e-02,1.432365144232844618e-02,2.644156028140827452e-02,6.551578421033313337e-02,3.946412131553548447e-02,5.274661695655333965e-02,4.039587887368085994e-02,1.005650055104585425e-02,3.197456032670357995e-02,1.099383587135259813e-02,6.933178372467374562e-03,1.168738552159098026e-02,5.290813702824778524e-03,1.384896235052090509e-02,4.742585514507362612e-03,3.663426654423156733e-03,9.052170980440822287e-03,6.341375477095216422e-03,1.020699112561474983e-02,6.479350118121350414e-03,8.493457346761917187e-03,2.600698874706820676e-03,2.615232805726883970e-03,4.953868109231394055e-03,9.663396389640387107e-03,1.697373345007882964e-02,6.123233289056892632e-03,1.868851640088595861e-02,2.600668907896282189e-02,2.791426046831473398e-02,6.464839100901917032e-03,3.296916060789740338e-02,2.119600667824847115e-02,2.888727839718766705e-02,2.256825319974221922e-02,3.761779678556236711e-02,1.446144456609515377e-02,1.006948477013289329e-02,1.170217706218466824e-02,5.835910317675350144e-03,1.221001931565375564e-02,1.550042884520589845e-02,2.129362258379066328e-02,1.279048355098755946e-02,3.406774585886818835e-02,4.154272967437607628e-02,1.075135881394509267e-02,2.869628335318154602e-02,7.703671331925167343e-02,3.523731538688228832e-02,5.389635771917624524e-02,3.429257709603494853e-02,9.563361468320274311e-03,3.134516422241556688e-02
2.784690974754242682e-02,5.196671436244622300e-02,3.125017581449143766e-02,2.026613196191554001e-02,0.000000000000000000e+00,1.052884838594907030e-01,1.147145954459128647e-01,2.225118104044564865e-02,1.231497090531928629e-01,7.074964417182819099e-02,8.711361072758230795e-02,5.570722159981369298e-02,1.468944096001677524e-01,4.790913400687677598e-02,4.412026378116573611e-02,3.550194442818566110e-02,2.169245049613799728e-02,4.210342658050461595e-02,5.209254851033001676e-02,8.448457575999990254e-02,4.652218629029226254e-02,1.396853738922930743e-01,1.536867845902937235e-01,5.614990693646271930e-02,1.038698004225058757e-01,2.556156546516938355e-01,1.545668223214995696e-01,2.080599794925484802e-01,1.587165380660817970e-01,3.978428342482372149e-02,1.253736825806985311e-01,4.349340670094450911e-02,2.712463056935733585e-02,4.587675683715155411e-02,2.080330459128377357e-02,5.562288775727251833e-02,1.934597306342189516e-02,1.479064005698863503e-02,3.634087649971599193e-02,2.513752788363736099e-02,4.032950282429660638e-02,2.566300555642124850e-02,3.345001425078113211e-02,1.031557743045021305e-02,1.043426981861208039e-02,1.957655819799438909e-02,3.772727544876598726e-02,6.617169028237984696e-02,2.431854026106643543e-02,7.348904594261099210e-02,1.015144736167341577e-01,1.099079662566925242e-01,2.506200405821201044e-02,1.291175744316135354e-01,8.379034885573273528e-02,1.123705837845406369e-01,8.850907461796575504e-02,1.484499978250879704e-01,5.688512174675005445e-02,3.921105214679786177e-02,4.610003698378915826e-02,2.290407542851579867e-02,4.751900012271454560e-02,5.999809794673983260e-02,8.287093581838010647e-02,5.008183259209247895e-02,1.327165941411868333e-01,1.628968149850321123e-01,4.244084824557132346e-02,1.125186707417320797e-01,3.014078744524382181e-01,1.379096257304271433e-01,2.116069955427154758e-01,1.339358361469743242e-01,3.797338917113964041e-02,1.221324865557820855e-01
3.729168242240978037e-02,6.972230160798874310e-02,4.219977361290110085e-02,2.677687226470248580e-02,1.052884838594907030e-01,0.000000000000000000e+00,1.504521647479354352e-01,2.917092813929264561e-02,1.646616929686670339e-01,9.296865676520728317e-02,1.139197165239310555e-01,7.351303063358580192e-02,1.940213896532794746e-01,6.355953757815785421e-02,5.937382141803938113e-02,4.749446758611673008e-02,2.838221336669324163e-02,5.617166086267243869e-02,6.916657130424141986e-02,1.138510405800870207e-01,6.115508448555089654e-02,1.881508844094320620e-01,2.050009293727144410e-01,7.483415077735679211e-02,1.391937483594618830e-01,3.436462348565181291e-01,2.052396278865122603e-01,2.766664100767359802e-01,2.109873741398821945e-01,5.214163676351622756e-02,1.665296392377128842e-01,5.615040210825596179e-02,3.622238273756235583e-02,6.099138807375124177e-02,2.794876069671414429e-02,7.319090287672239126e-02,2.541206267879334360e-02,1.977033242177382230e-02,4.567395602039511782e-02,3.323421470845367570e-02,5.345858115044329478e-02,3.340232213790259030e-02,4.485781864950615094e-02,1.328884716105237576e-02,1.396217300999068496e-02,2.707263291639564959e-02,5.099021466451551798e-02,8.931740723577863417e-02,3.189849585723641967e-02,9.710850723030009513e-02,1.367835037182892899e-01,1.445125439574236892e-01,3.315306705466247034e-02,1.739087452286134372e-01,1.093862929797659866e-01,1.488259224681252602e-01,1.155413585840171786e-01,1.959082698545037970e-01,7.577596305406855692e-02,5.366288719533722495e-02,6.131072629840213922e-02,3.065665583653793755e-02,6.369301264449039879e-02,8.104773512396609703e-02,1.121777520301578263e-01,6.557041385284076429e-02,1.794530018738178800e-01,2.186529604444938102e-01,5.669729249871290760e-02,1.507929189652943980e-01,4.031401988649569446e-01,1.859811491477241785e-01,2.821842526091224990e-01,1.802035429627537044e-01,5.124372627123007645e-02,1.640197161129279269e-01
3.983115024784288083e-02,7.433260599582883210e-02,4.425933542998177622e-02,2.909945742052240381e-02,1.147145954459128647e-01,1.504521647479354352e-01,0.000000000000000000e+00,3.201777316385927274e-02,1.763450971799455647e-01,1.015251405872058810e-01,1.250676442308789604e-01,8.036844514394263228e-02,2.101405677517274029e-01,6.873225544807182175e-02,6.287198180781702894e-02,5.103055613916161054e-02,3.119691232659592764e-02,6.035659759246228551e-02,7.406400187394622525e-02,1.212488826974701950e-01,6.691044470399098998e-02,2.004168641612610047e-01,2.192489610438119463e-01,8.067422435383952983e-02,1.490519687962747197e-01,3.670552490785770061e-01,2.209813804677365767e-01,2.978505465244670192e-01,2.261855291158353931e-01,5.655589949234748198e-02,1.790315931829661034e-01,6.182052343966478597e-02,3.875249008431853881e-02,6.543368529414812784e-02,2.958816448368483884e-02,7.966550449837150882e-02,2.766327943253617944e-02,2.113281029665428634e-02,5.196474777607411333e-02,3.594876903859665213e-02,5.780771494559965029e-02,3.696520253253449129e-02,4.778181732416324906e-02,1.472753544111847501e-02,1.482682634561037147e-02,2.788127994908669305e-02,5.453550592867403152e-02,9.367895790256031141e-02,3.483213896004119792e-02,1.050471045498215655e-01,1.451126873711172660e-01,1.577836908719514042e-01,3.581764331062901874e-02,1.845877965394487896e-01,1.204436838744510213e-01,1.603191558020852781e-01,1.278414646127221110e-01,2.128803029526543933e-01,8.129632636882133667e-02,5.583173057636351549e-02,6.569297034229339138e-02,3.284044208998933290e-02,6.794214357552451344e-02,8.559518176171899972e-02,1.183102846877596426e-01,7.166721931300103210e-02,1.897639341987235884e-01,2.321082382792595544e-01,6.083991603189221886e-02,1.608654216918825597e-01,4.310109131269924676e-01,1.968832843424078716e-01,3.038330769394348430e-01,1.916317821597700866e-01,5.395058784339671482e-02,1.741320324895159755e-01
8.076050614577182096e-03,1.470153478083958271e-02,8.804177699782258018e-03,5.762166367964168673e-03,2.225118104044564865e-02,2.917092813929264561e-02,3.201777316385927274e-02,0.000000000000000000e+00,3.454804244361135007e-02,1.966969459043919552e-02,2.426395827067532457e-02,1.589889454465453350e-02,4.102558203841501216e-02,1.312614324735498356e-02,1.293338268726131231e-02,1.002299415548922080e-02,6.060966558067156819e-03,1.193925224942664863e-02,1.469001420441756744e-02,2.389523542529342279e-02,1.326824754371192482e-02,3.981654064729951703e-02,4.315329316154069283e-02,1.594150099506051743e-02,2.941596039072283397e-02,7.243460437812562769e-02,4.299368446507359498e-02,5.856591697462930346e-02,4.405862265670668076e-02,1.098784632302408741e-02,3.497784443169510427e-02,1.161465466896472419e-02,7.659909877492664804e-03,1.304448400133464969e-02,5.788219171052339657e-03,1.529876965850065704e-02,5.382832662988376593e-03,4.144940807891319551e-03,9.840619626055757685e-03,6.932338775424164677e-03,1.129512221599386981e-02,7.144936283013828687e-03,9.391981937597935690e-03,2.866207586153448651e-03,2.987492094670403473e-03,5.771043202120930242e-03,1.078055537336526822e-02,1.866669801350920310e-02,6.870351366761399264e-03,2.043687537246849373e-02,2.831052879024837515e-02,3.096161444769875148e-02,7.088836497425454394e-03,3.610809017662050535e-02,2.308428062736686895e-02,3.132970280651860284e-02,2.490960980807665689e-02,4.169814560249302665e-02,1.569935568793050934e-02,1.154113246700137069e-02,1.261753339568350354e-02,6.424609463810806997e-03,1.346359363184489004e-02,1.694436212059594049e-02,2.356434270347387491e-02,1.430186959606324394e-02,3.772194358062848363e-02,4.613249430212663926e-02,1.208490562185330491e-02,3.163196133286312606e-02,8.552639820232753320e-02,3.904131186134275622e-02,6.002926526982381439e-02,3.757658992527796588e-02,1.053599875876452992e-02,3.419051361512289583e-02
4.329672169718931651e-02,8.131173365258051455e-02,4.965291905244345605e-02,3.162593236376536054e-02,1.231497090531928629e-01,1.646616929686670339e-01,1.763450971799455647e-01,3.454804244361135007e-02,0.000000000000000000e+00,1.090803628857454494e-01,1.338768069234065883e-01,8.655760601139407540e-02,2.264425603233706785e-01,7.404809054619165831e-02,6.995584513827099449e-02,5.596421616565043500e-02,3.327806141505734033e-02,6.579147936700048549e-02,8.162422229550565789e-02,1.349568068684278976e-01,7.141243144763051443e-02,2.218209205308809551e-01,2.417079981141593559e-01,8.761463454971424314e-02,1.636624524869449704e-01,4.032873961159068044e-01,2.432087256514465223e-01,3.244636603819170961e-01,2.488386426767494053e-01,6.087578208828527127e-02,1.944650184569534923e-01,6.592637734268894101e-02,4.225900091970136857e-02,7.147554053452320755e-02,3.259425210790752730e-02,8.519131003293908821e-02,2.991233573715087329e-02,2.353285464183320699e-02,5.424802372631091357e-02,3.898419077818675998e-02,6.254799913263080213e-02,3.948455712872317447e-02,5.183165444692721530e-02,1.562192250525576073e-02,1.655667874122924987e-02,3.085947370127785361e-02,5.978260026589422155e-02,1.051200373034049534e-01,3.698534560648446962e-02,1.129201007511405619e-01,1.606512065113731291e-01,1.691933103920329751e-01,3.865795556208373451e-02,2.049901608890123406e-01,1.293104132423480157e-01,1.749587203025771698e-01,1.357899426800402987e-01,2.309028010838518608e-01,8.793609257467155382e-02,6.226639949998044599e-02,7.174145439632757804e-02,3.621778789947072835e-02,7.475687746931755640e-02,9.550161809122820200e-02,1.319761975866974579e-01,7.588091731192310452e-02,2.112785102618389421e-01,2.569812875158870025e-01,6.669755149092665425e-02,1.773444265478359982e-01,4.725533693708718341e-01,2.189845983582995592e-01,3.322749899151324904e-01,2.121307153624280017e-01,5.973521982182002782e-02,1.917560766086351121e-01
2.489235283254628839e-02,4.628688865380937989e-02,2.725686749473815729e-02,1.791343304813848569e-02,7.074964417182819099e-02,9.296865676520728317e-02,1.015251405872058810e-01,1.966969459043919552e-02,1.090803628857454494e-01,0.000000000000000000e+00,7.714190059800339616e-02,4.922746031989533311e-02,1.291170257490446005e-01,4.277725874679796925e-02,3.988623744375976304e-02,3.188699095464353483e-02,1.884763992521616000e-02,3.740753134221328630e-02,4.619630063689948024e-02,7.574389814944872124e-02,4.140420511497716616e-02,1.256405435812959492e-01,1.368419311320653586e-01,5.025022740012497630e-02,9.261850478869124159e-02,2.291034143458570149e-01,1.368196705418546766e-01,1.844364793031152139e-01,1.408328413788137445e-01,3.522671184351491153e-02,1.114457639811343714e-01,3.714765931544371236e-02,2.376186916352250947e-02,4.035514807644918767e-02,1.811637125932500855e-02,4.923496878595841342e-02,1.686407271750565290e-02,1.311296083227433962e-02,3.103820295325952078e-02,2.191383283397177126e-02,3.563492076810304693e-02,2.255230634293104580e-02,3.003115581235087789e-02,8.841571170139657029e-03,9.348111396353567248e-03,1.741141996961483376e-02,3.358079799028970691e-02,5.883319271050725663e-02,2.117407162642293700e-02,6.535168814680578087e-02,8.967565470461194566e-02,9.682610487164899915e-02,2.248589672302070061e-02,1.142340806517645885e-01,7.440315502204891684e-02,9.981603933723151578e-02,7.831317458042170998e-02,1.305059679805118944e-01,5.100747434968423005e-02,3.555042377989488939e-02,4.111283717680832422e-02,2.064521130865664897e-02,4.257727695500086729e-02,5.402873798592202487e-02,7.352597931664674180e-02,4.447652157833732051e-02,1.186454367608066884e-01,1.458137218902542664e-01,3.753720147845276967e-02,1.003141843785974041e-01,2.689312545791367470e-01,1.229058918619402030e-01,1.897297054079589707e-01,1.185486788986435669e-01,3.414488920753323137e-02,1.092861020842743058e-01
3.069156260848533713e-02,5.717005806323322697e-02,3.428369891611333237e-02,2.227063810724533646e-02,8.711361072758230795e-02,1.139197165239310555e-01,1.250676442308789604e-01,2.426395827067532457e-02,1.338768069234065883e-01,7.714190059800339616e-02,0.000000000000000000e+00,6.118366548362604018e-02,1.589758792998192949e-01,5.244653373167265653e-02,4.936077653453972008e-02,3.945696715778986008e-02,2.356023823358473906e-02,4.614008988350040003e-02,5.734946252314812587e-02,9.319371218104825771e-02,5.123370261270136783e-02,1.554506566492159514e-01,1.678700508121532819e-01,6.141342301878343485e-02,1.144522935544757536e-01,2.825145567764970611e-01,1.685472917897894440e-01,2.279305267395600465e-01,1.726562971323138962e-01,4.299213145729643276e-02,1.367850725943671741e-01,4.625155202289217560e-02,2.991025769228855199e-02,5.035608212916765913e-02,2.292374414179717060e-02,6.075210354092653448e-02,2.110708239273196077e-02,1.645222727424082432e-02,3.818155025894357651e-02,2.734755516463818759e-02,4.413885748045275059e-02,2.765408709209449950e-02,3.700065175297020253e-02,1.109369719081088577e-02,1.157217295937782754e-02,2.226006138907150184e-02,4.178739510371377169e-02,7.229840064807076250e-02,2.631050198672345297e-02,8.088443537040190812e-02,1.108354527393170946e-01,1.194606989706561290e-01,2.747286243288834737e-02,1.409087969105914662e-01,9.113169818912886244e-02,1.236303544455846781e-01,9.619304463454504683e-02,1.610442109178460146e-01,6.242146914394213625e-02,4.419551243971064913e-02,5.064184025967006370e-02,2.529810010765721692e-02,5.252536734512947697e-02,6.665725937496716491e-02,9.216451664878315408e-02,5.522194898419000714e-02,1.476781623093966767e-01,1.796571902228399631e-01,4.641840931218310651e-02,1.238780786743777645e-01,3.329311909086731802e-01,1.529307285600635391e-01,2.328714902548167931e-01,1.465979694878614958e-01,4.181445416989430786e-02,1.339655415201021493e-01
2.015649872146329027e-02,3.666328143278826945e-02,2.201429817786272614e-02,1.416441320398495810e-02,5.570722159981369298e-02,7.351303063358580192e-02,8.036844514394263228e-02,1.589889454465453350e-02,8.655760601139407540e-02,4.922746031989533311e-02,6.118366548362604018e-02,0.000000000000000000e+00,1.028378772799860147e-01,3.365942967934379415e-02,3.208710854629252818e-02,2.526638664766855252e-02,1.516365951429434963e-02,2.977153683603857987e-02,3.676070021320534953e-02,5.943124058787775665e-02,3.341644566923082649e-02,9.940986689000627652e-02,1.082915894790819900e-01,4.062302148435237292e-02,7.351893682272113428e-02,1.835873509693099759e-01,1.076738905541684693e-01,1.466330297352863021e-01,1.110064468979187619e-01,2.785250822492478517e-02,8.904398941733322748e-02,2.951237838456321691e-02,1.920456066277204804e-02,3.254748782258507639e-02,1.463287419525495341e-02,3.885433684778237529e-02,1.335291974717388135e-02,1.052538505260792318e-02,2.436424440166707478e-02,1.756992750302602269e-02,2.867486786284297387e-02,1.806133446499444406e-02,2.354659006340619268e-02,7.025479862568289637e-03,7.393491794478019262e-03,1.411793387184380640e-02,2.697530177657849262e-02,4.649963742684710272e-02,1.689850868249113264e-02,5.156890844567036530e-02,7.104697456254882582e-02,7.699694125892876662e-02,1.799224773665526050e-02,9.015527653844299105e-02,5.850654522570376825e-02,7.914168326006491838e-02,6.333068884012960087e-02,1.037746258331329746e-01,3.992278266377674578e-02,2.904513705179005353e-02,3.226076214526459041e-02,1.619683343500051206e-02,3.399128815777534285e-02,4.268473837698224388e-02,5.902239022175417849e-02,3.595259945287136022e-02,9.429926494592130726e-02,1.154717441372281744e-01,3.006115934401997272e-02,7.945430875438974638e-02,2.148612190681059297e-01,9.763294463972704840e-02,1.498555997902511761e-01,9.398541943469906901e-02,2.680399281432747222e-02,8.717386175462311926e-02
5.174430575483540684e-02,9.586959076089356102e-02,5.746231005335484393e-02,3.742739465620937428e-02,1.468944096001677524e-01,1.940213896532794746e-01,2.101405677517274029e-01,4.102558203841501216e-02,2.264425603233706785e-01,1.291170257490446005e-01,1.589758792998192949e-01,1.028378772799860147e-01,0.000000000000000000e+00,8.777948984316180647e-02,8.204409964446772452e-02,6.577829174873886520e-02,3.931340954328314125e-02,7.723874580056187822e-02,9.563355953934012110e-02,1.560544572324761015e-01,8.504437488368080111e-02,2.585146788169032650e-01,2.836894226722728174e-01,1.046394342894164525e-01,1.911014217249406844e-01,4.736866210269740085e-01,2.839575229192272676e-01,3.832803860690696673e-01,2.921236233919300429e-01,7.274685053835432125e-02,2.312319086248157407e-01,7.869688446809415538e-02,4.994870527447564656e-02,8.461214320040960635e-02,3.798964165738447779e-02,1.016766566468965544e-01,3.542986483885816884e-02,2.748150684995333271e-02,6.566182523183458630e-02,4.614931560385386600e-02,7.456521740723801028e-02,4.715486453352515928e-02,6.143557361736127348e-02,1.858348549624640536e-02,1.946963790788638557e-02,3.583344907583595196e-02,6.968022652383271121e-02,1.227253644798966814e-01,4.430346965560161970e-02,1.342229234817478301e-01,1.867767072927597194e-01,2.014189129477460538e-01,4.617453621167720568e-02,2.387416644126816589e-01,1.531184429782071477e-01,2.067863628889244354e-01,1.630038871096615438e-01,2.723259573458776672e-01,1.043347097377790439e-01,7.286076591940013336e-02,8.416409746039978101e-02,4.212495881763950178e-02,8.787823229327762498e-02,1.114895284185672547e-01,1.529658787290724964e-01,9.086283507452873331e-02,2.455660783522899404e-01,3.017383850859750583e-01,7.893635684293399957e-02,2.077437722005600340e-01,5.567371437027305303e-01,2.541180545031319626e-01,3.917644052497085694e-01,2.469229548725054291e-01,7.044402664730473052e-02,2.257235123440421432e-01
1.655767416583916324e-02,3.147767345301562270e-02,1.857705928399450493e-02,1.210568735158735337e-02,4.790913400687677598e-02,6.355953757815785421e-02,6.873225544807182175e-02,1.312614324735498356e-02,7.404809054619165831e-02,4.277725874679796925e-02,5.244653373167265653e-02,3.365942967934379415e-02,8.777948984316180647e-02,0.000000000000000000e+00,2.635166358522130284e-02,2.143890976014300662e-02,1.288916615707141715e-02,2.500356219997899171e-02,3.128733556300333785e-02,5.103879887670974974e-02,2.794146807297915799e-02,8.395685110129862128e-02,9.233227297019443169e-02,3.378911127040665902e-02,6.248571071852888209e-02,1.532348004213731629e-01,9.379761648439098598e-02,1.251135072885398158e-01,9.664406439661894777e-02,2.442147681037985796e-02,7.554598322677201494e-02,2.553007966354152100e-02,1.591763640486886303e-02,2.691479843716127265e-02,1.226343634990025716e-02,3.333991654723517106e-02,1.160900082899487575e-02,8.868831974681249536e-03,2.107308931559122647e-02,1.457473745355883539e-02,2.387063841719978471e-02,1.525712541961200125e-02,2.022971370177550562e-02,6.053665566503672706e-03,6.227233126306636578e-03,1.150531605477469847e-02,2.272741338672448763e-02,4.011255155038114667e-02,1.448909860938788277e-02,4.443618463539660002e-02,6.132586174227928205e-02,6.570747769492923940e-02,1.486739839310518077e-02,7.805361232742508149e-02,5.111276464406278724e-02,6.774194842422920360e-02,5.324949578872593958e-02,8.886664124057964964e-02,3.459045243959729676e-02,2.356906355807873374e-02,2.840748623566920553e-02,1.400935301400522796e-02,2.886955843852739845e-02,3.655128287594913705e-02,5.003413873977544807e-02,2.980649843281259898e-02,7.984660293292966671e-02,9.826262875040660261e-02,2.543647099331388176e-02,6.813729389671943637e-02,1.805551765897359662e-01,8.323315319998887685e-02,1.278468037991570272e-01,8.058285944175647142e-02,2.313154947350404972e-02,7.407814190594480541e-02
1.662819613901334037e-02,3.003957708668653429e-02,1.855979406038174920e-02,1.111622219109972137e-02,4.412026378116573611e-02,5.937382141803938113e-02,6.287198180781702894e-02,1.293338268726131231e-02,6.995584513827099449e-02,3.988623744375976304e-02,4.936077653453972008e-02,3.208710854629252818e-02,8.204409964446772452e-02,2.635166358522130284e-02,0.000000000000000000e+00,2.068255493128503750e-02,1.239473159253542088e-02,2.423276977057474413e-02,3.038777361404989413e-02,4.894357959585447782e-02,2.697200530834274051e-02,8.212122126419114931e-02,8.902824063229008988e-02,3.268846997471173965e-02,5.996492613759988460e-02,1.490179394324460116e-01,8.827916530582728682e-02,1.191361193702973192e-01,9.034543896064677060e-02,2.268232302905257708e-02,7.153645677044975781e-02,2.317205931288723528e-02,1.547397010382786479e-02,2.682471775488843441e-02,1.209269022441619539e-02,3.035625613251921942e-02,1.066644560935204981e-02,8.656251570686968391e-03,1.943724621866219429e-02,1.387214862807866281e-02,2.291431556838504496e-02,1.437176495333604073e-02,1.913046080967516563e-02,5.465643247154757661e-03,6.129406090595447380e-03,1.270373192707581478e-02,2.210137994907033013e-02,3.826189896813851632e-02,1.353867937101766762e-02,4.147471148675607733e-02,5.773059443779986200e-02,6.094129726365367372e-02,1.481689725617890002e-02,7.347368980850219056e-02,4.661797452599175662e-02,6.383746881762757119e-02,4.987732507081543698e-02,8.313134021769581772e-02,3.161585515006082314e-02,2.477291334485712954e-02,2.620117794015611179e-02,1.332464666031727210e-02,2.758481442744778814e-02,3.503380679219075811e-02,4.950384613151780772e-02,2.949709281892915619e-02,7.818852477707033399e-02,9.529796859629222072e-02,2.475276466742908077e-02,6.474585725232187561e-02,1.770048270976498639e-01,8.127031666333597859e-02,1.207198249670758533e-01,7.765431413933646110e-02,2.192892615068957329e-02,6.979555557358087248e-02
1.276704043118236272e-02,2.382709595160092605e-02,1.430024454378903305e-02,9.007881509167561113e-03,3.550194442818566110e-02,4.749446758611673008e-02,5.103055613916161054e-02,1.002299415548922080e-02,5.596421616565043500e-02,3.188699095464353483e-02,3.945696715778986008e-02,2.526638664766855252e-02,6.577829174873886520e-02,2.143890976014300662e-02,2.068255493128503750e-02,0.000000000000000000e+00,9.666929483984206331e-03,1.881041152214968717e-02,2.398082076155079109e-02,3.895967553475046530e-02,2.105477350967274383e-02,6.434699667518642419e-02,7.024399198789708920e-02,2.563833437586566025e-02,4.704516958148305394e-02,1.174562849279911225e-01,7.042749754569085918e-02,9.445193672385109041e-02,7.205085939844822762e-02,1.794044895281570254e-02,5.699519664990716078e-02,1.880803175382395401e-02,1.230644893180607956e-02,2.074499507108008498e-02,9.339364036916840417e-03,2.486311587701618003e-02,8.618577355870890577e-03,6.779436116354477064e-03,1.558440634298410669e-02,1.106080083019571683e-02,1.809381484163837678e-02,1.149644617468915421e-02,1.528750129903247088e-02,4.456818880218150515e-03,4.856294268748787696e-03,9.181667745519900281e-03,1.729369160037742131e-02,3.019015716278413558e-02,1.067397332209410292e-02,3.293902754658093596e-02,4.616523424912505336e-02,4.879089253145975358e-02,1.138729228581500559e-02,5.866466409398600479e-02,3.784756051113284669e-02,5.111940764164644296e-02,3.969824611452373031e-02,6.632477335589581635e-02,2.568458987147233946e-02,1.864570111033339930e-02,2.103810598912939436e-02,1.050452231006402705e-02,2.184331871220226984e-02,2.777179590760518735e-02,3.861727612047231861e-02,2.238980982466493019e-02,6.139993720350295919e-02,7.471940780964635154e-02,1.926575166963014410e-02,5.150676641243482484e-02,1.376332817497437078e-01,6.330720170382694856e-02,9.628577898329399032e-02,6.134591355662255552e-02,1.736143762636179616e-02,5.601821271372101757e-02
7.512777942649400374e-03,1.399023182099861339e-02,8.318640707884381730e-03,5.489699875994404413e-03,2.169245049613799728e-02,2.838221336669324163e-02,3.119691232659592764e-02,6.060966558067156819e-03,3.327806141505734033e-02,1.884763992521616000e-02,2.356023823358473906e-02,1.516365951429434963e-02,3.931340954328314125e-02,1.288916615707141715e-02,1.239473159253542088e-02,9.666929483984206331e-03,0.000000000000000000e+00,1.108744413098451675e-02,1.431972747504935486e-02,2.294932160074214175e-02,1.264278425039705098e-02,3.830991650935502979e-02,4.214581210091308816e-02,1.553394557306490668e-02,2.807441561058718338e-02,6.977914371398333260e-02,4.184252393607445358e-02,5.646676874711704930e-02,4.294514671007439860e-02,1.074676063089489986e-02,3.381779462507515654e-02,1.147851150975597034e-02,7.199230277342064284e-03,1.230089765309340562e-02,5.498988874188317014e-03,1.497480130883973790e-02,5.185858344355722543e-03,4.068457846919552867e-03,9.587176380387552391e-03,6.724400983032850602e-03,1.086024635377481722e-02,6.861427998582928824e-03,9.065773995058631907e-03,2.684623473451913222e-03,2.892799658618006205e-03,5.075480774484342379e-03,1.024112614506018926e-02,1.790745137020386540e-02,6.477665198910765969e-03,1.972726024267478992e-02,2.740191579769461414e-02,2.971070644480958839e-02,6.891174563250530329e-03,3.502242491960526338e-02,2.286434057087153790e-02,3.091525457114311162e-02,2.405148496501297375e-02,4.007079170963728093e-02,1.537271717969275475e-02,1.065108847803909395e-02,1.241220501040730603e-02,6.172378196100274106e-03,1.285924559081592228e-02,1.651130295556572231e-02,2.255895196533188457e-02,1.346789404221940788e-02,3.621878003208991309e-02,4.452511688569357751e-02,1.160160167523491791e-02,3.073005155135206945e-02,8.169611456882915068e-02,3.743653723593882293e-02,5.788003588303961694e-02,3.618285171103315101e-02,1.045910031193902391e-02,3.314782155087380583e-02
1.494741158068237270e-02,2.753366056215299576e-02,1.665983231616495822e-02,1.076302467240364269e-02,4.210342658050461595e-02,5.617166086267243869e-02,6.035659759246228551e-02,1.193925224942664863e-02,6.579147936700048549e-02,3.740753134221328630e-02,4.614008988350040003e-02,2.977153683603857987e-02,7.723874580056187822e-02,2.500356219997899171e-02,2.423276977057474413e-02,1.881041152214968717e-02,1.108744413098451675e-02,0.000000000000000000e+00,2.808772267237074141e-02,4.517590464400430411e-02,2.448517334541779750e-02,7.500574604928354761e-02,8.284402946644249532e-02,3.073968346430962228e-02,5.502454933392025849e-02,1.383618834478528292e-01,8.231840780350718756e-02,1.106549656198209802e-01,8.494651787639499740e-02,2.128533652723341163e-02,6.738260505948492907e-02,2.274923958859472947e-02,1.416000846437279886e-02,2.411406006811727190e-02,1.093382493952443392e-02,2.876706354911988048e-02,1.002350763355297492e-02,8.003656574592253603e-03,1.886528217126235904e-02,1.305216226840173743e-02,2.092600810432595007e-02,1.324053051317999018e-02,1.771575835419261086e-02,5.239578402651710529e-03,5.602446501264443657e-03,9.998697363132092938e-03,2.013218670589152562e-02,3.552317160013505198e-02,1.250759583353373144e-02,3.871066640066600506e-02,5.439700497941635238e-02,5.764337844503419905e-02,1.352063870412521275e-02,6.944638650883594444e-02,4.416452119351330780e-02,6.108599416119120384e-02,4.694020328316358265e-02,7.806436106566903843e-02,3.002772432455307755e-02,2.143538612934973997e-02,2.422040511139463004e-02,1.215246370797392131e-02,2.529172007121825369e-02,3.235181722693435125e-02,4.503061591869688546e-02,2.594582400383826926e-02,7.206912848812420391e-02,8.783083128323057598e-02,2.298762270225247067e-02,6.026385373528815592e-02,1.610891676015966389e-01,7.385164918917541677e-02,1.123323628305382543e-01,7.179112755716554606e-02,2.046865654564882647e-02,6.572837396246863917e-02
1.877500766761388412e-02,3.453296240267345052e-02,2.130279475161403133e-02,1.306812399710144748e-02,5.209254851033001676e-02,6.916657130424141986e-02,7.406400187394622525e-02,1.469001420441756744e-02,8.162422229550565789e-02,4.619630063689948024e-02,5.734946252314812587e-02,3.676070021320534953e-02,9.563355953934012110e-02,3.128733556300333785e-02,3.038777361404989413e-02,2.398082076155079109e-02,1.431972747504935486e-02,2.808772267237074141e-02,0.000000000000000000e+00,5.717430126763350245e-02,3.070879436313534577e-02,9.550123926225392856e-02,1.027973614021718690e-01,3.739856602207858316e-02,6.973186778118541096e-02,1.721707980368576418e-01,1.024583559623891277e-01,1.373958616312319914e-01,1.050597459849807319e-01,2.593105013775982501e-02,8.257253762421742915e-02,2.741815580145184894e-02,1.798513344681133830e-02,3.045795905117070976e-02,1.405623330365388460e-02,3.575018724398755510e-02,1.251608349877222394e-02,9.982961808680827429e-03,2.265298463206392651e-02,1.643286050306388968e-02,2.653548274134459248e-02,1.651500443522001954e-02,2.237670633938619591e-02,6.523374104255115144e-03,7.048437296174886110e-03,1.382235769957229285e-02,2.564772229516136190e-02,4.423943636772038196e-02,1.572371646432543096e-02,4.834051875708628154e-02,6.781106970942972489e-02,7.149726412233679829e-02,1.692921503924754018e-02,8.604514256985239251e-02,5.441366725065856919e-02,7.483863479184285628e-02,5.739145623844351535e-02,9.721504352110327263e-02,3.748066618847469000e-02,2.762845097798221489e-02,3.052241608684932300e-02,1.544726571217593970e-02,3.185848557789090763e-02,4.089169915709735953e-02,5.714357508847226624e-02,3.334667583457667089e-02,9.094794018358946797e-02,1.098158608209102022e-01,2.832146124497592413e-02,7.514738784896145274e-02,2.025877925976148908e-01,9.419485903289948059e-02,1.406698551121450813e-01,9.049148329856054884e-02,2.551771990203562449e-02,8.114180745389031058e-02
3.011729332067726930e-02,5.659757908324700160e-02,3.433863359245090119e-02,2.143223832740454027e-02,8.448457575999990254e-02,1.138510405800870207e-01,1.212488826974701950e-01,2.389523542529342279e-02,1.349568068684278976e-01,7.574389814944872124e-02,9.319371218104825771e-02,5.943124058787775665e-02,1.560544572324761015e-01,5.103879887670974974e-02,4.894357959585447782e-02,3.895967553475046530e-02,2.294932160074214175e-02,4.517590464400430411e-02,5.717430126763350245e-02,0.000000000000000000e+00,4.951395826117856863e-02,1.536832498987382722e-01,1.681592754207051621e-01,6.044260664521253906e-02,1.125927290351367294e-01,2.782862037669045496e-01,1.680628777192667567e-01,2.246821939127925660e-01,1.722622108528868157e-01,4.233898919544707568e-02,1.347968729234638730e-01,4.507946880495246333e-02,2.896211939369204916e-02,4.893430260729168813e-02,2.231857587724553685e-02,5.883080249858134436e-02,2.045376846520491690e-02,1.626915532168313194e-02,3.714071447941237614e-02,2.670333310120731954e-02,4.279813578937347734e-02,2.680157114622630510e-02,3.608193709306905389e-02,1.059498790081959095e-02,1.133321863574752141e-02,2.125109173889310962e-02,4.175677052298028269e-02,7.189788393472928973e-02,2.540092275443080541e-02,7.812985428253728382e-02,1.106378722011031185e-01,1.166938165281159456e-01,2.691409001883345725e-02,1.414372093659331531e-01,9.002697436892836969e-02,1.213561157761767068e-01,9.311814480829727625e-02,1.591714292092829552e-01,6.112838494259267147e-02,4.312738361788444330e-02,5.010347367573959876e-02,2.497442499926438852e-02,5.182899821439324040e-02,6.649818785849573310e-02,9.136631657230495640e-02,5.251010523541239927e-02,1.466148345883579451e-01,1.779737863184591984e-01,4.579923260325870216e-02,1.228442209948936714e-01,3.264699956612586162e-01,1.509174646270986520e-01,2.292118575915202683e-01,1.462985505388752494e-01,4.148446118287569401e-02,1.325631372999495627e-01
1.677640734414247853e-02,3.072682257307988302e-02,1.808385641152398041e-02,1.175268892771888680e-02,4.652218629029226254e-02,6.115508448555089654e-02,6.691044470399098998e-02,1.326824754371192482e-02,7.141243144763051443e-02,4.140420511497716616e-02,5.123370261270136783e-02,3.341644566923082649e-02,8.504437488368080111e-02,2.794146807297915799e-02,2.697200530834274051e-02,2.105477350967274383e-02,1.264278425039705098e-02,2.448517334541779750e-02,3.070879436313534577e-02,4.951395826117856863e-02,0.000000000000000000e+00,8.322152396459583934e-02,9.082744083527052870e-02,3.367277602135589076e-02,6.128004764873394572e-02,1.519698863508950337e-01,9.052435463589110498e-02,1.219609558628989981e-01,9.209742413612592715e-02,2.308101619034727547e-02,7.359297239650189337e-02,2.450380135837311110e-02,1.595889588839393552e-02,2.711660562714937259e-02,1.203403700237788178e-02,3.244046822639828215e-02,1.109655949570830316e-02,8.741655460419855972e-03,2.047888389646220636e-02,1.444640981300786969e-02,2.358765471038401854e-02,1.496195479411060493e-02,1.957659905408985768e-02,5.837591812444950339e-03,6.219688199755982715e-03,1.216326420077465213e-02,2.218362997738022174e-02,3.849868908390755018e-02,1.412872276958413581e-02,4.314936311565963079e-02,5.905050849920702449e-02,6.387184461074861541e-02,1.493931773014854462e-02,7.478686080444089945e-02,4.906657210359983978e-02,6.577223890764738456e-02,5.275160401463442617e-02,8.608420482208563318e-02,3.296193202853966997e-02,2.425190587332146791e-02,2.713073279391362697e-02,1.345618491951441724e-02,2.815983193887660122e-02,3.524646869695619716e-02,4.954913935560488480e-02,3.023531055343762000e-02,7.855522206779146088e-02,9.651234799903687933e-02,2.512946933093299778e-02,6.595561951400885636e-02,1.792239426097390620e-01,8.137706843756506436e-02,1.248107289269783093e-01,7.864951820844032215e-02,2.228370271145572665e-02,7.149243480126715733e-02
