0.000000000000000000e+00,1.605207603128623595e-02,1.073862696464859823e-02,8.007215453099068500e-03,2.797904251766554495e-02,3.783392003149824157e-02,4.059015000138107426e-02,7.562247933606523059e-03,4.202723191432098521e-02,2.493067111510583259e-02,2.994119097647794311e-02,1.632060624862333165e-02,5.663954617524610130e-02,1.658018307607955766e-02,1.511237053002883329e-02,1.361154159962246236e-02,8.789028427286689482e-03,1.769895478199776800e-02,1.655091454462924438e-02,3.191325967181236900e-02,1.838036681419408236e-02,5.723288023674439479e-02,4.314457789481297018e-02,2.022662064077412544e-02,4.293274120064783511e-02,9.084878951949516834e-02,5.646714335027550047e-02,7.981581081128538702e-02,5.246086665572771701e-02,1.574557895388836726e-02,4.370396659519114324e-02,1.374710411302926261e-02,1.101633764899405746e-02,1.667481222383710576e-02,9.527164622725918866e-03,1.853793191382430844e-02,7.154607838214475588e-03,4.588535975928900550e-03,1.474597549023557927e-02,1.146221324715986437e-02,1.258351554165611057e-02,1.105616048572339964e-02,9.352746913430014242e-03,4.320378589267790531e-03,3.628102663834998059e-03,6.700409873083725161e-03,1.883497494008120124e-02,1.671270045590387415e-02,7.509523804592800091e-03,2.258229951100112695e-02,3.519633030574727955e-02,3.460920419072779919e-02,9.479664241808591005e-03,4.521435451123147903e-02,2.718064799747733906e-02,3.941073587852773202e-02,3.107985138690113128e-02,5.835389374193027112e-02,1.920896963844737765e-02,1.953142204852142960e-02,1.404874629178223290e-02,9.688051684199259356e-03,1.469519906140593149e-02,1.832839894556409499e-02,2.931465573203222152e-02,2.039869130925940632e-02,5.492185274240126563e-02,5.176720031423938384e-02,1.645788935739142533e-02,3.929226202258095935e-02,1.175117951405696276e-01,5.402767217764183061e-02,8.036912641844869143e-02,4.721922411481671578e-02,1.363976071976191577e-02,4.163885213669451385e-02
1.605207603128623595e-02,0.000000000000000000e+00,1.585251659558045353e-02,1.168485686195103353e-02,4.172087036782808761e-02,5.798877212486026195e-02,6.115015075243980525e-02,1.135326441945959386e-02,6.530004431962643796e-02,3.747417616449578298e-02,4.447024893221760561e-02,2.320382329154610512e-02,8.609850839650902421e-02,2.513306754939809151e-02,2.272056851774982567e-02,2.104086134449476356e-02,1.312713646326682873e-02,2.677050083812412828e-02,2.517345272409352366e-02,4.872569254070667488e-02,2.747364943591464742e-02,8.794939880199177662e-02,6.447294704764590378e-02,2.986620073341492154e-02,6.507854923677001968e-02,1.379601934052427925e-01,8.634719435258839115e-02,1.225949090044581163e-01,8.036788543475942292e-02,2.504651393778484572e-02,6.753966595690109875e-02,2.019478451824880186e-02,1.667464683343499246e-02,2.482826221282178128e-02,1.358955852997761546e-02,2.781366880811240658e-02,1.080313548389650463e-02,6.975736157650611058e-03,2.206346818234092635e-02,1.746304736176859315e-02,1.897160891653405443e-02,1.646764994931437798e-02,1.410018338007006447e-02,6.462785138293595730e-03,5.690858090452131056e-03,9.641153538352834063e-03,2.883086924615368626e-02,2.438268964861316918e-02,1.105719148757366987e-02,3.303978858463761659e-02,5.281696648414101886e-02,5.094974437027935399e-02,1.440912547129681413e-02,6.913796079441132669e-02,4.142919804926259442e-02,5.904780339888721086e-02,4.530828711251029539e-02,8.812378902858375440e-02,2.936227650301379000e-02,2.940071402336059958e-02,2.116507378731321415e-02,1.506651676819609556e-02,2.215962265860705813e-02,2.782966413377924858e-02,4.445890479319680733e-02,3.003432408593473615e-02,8.502956349812554326e-02,7.784461835025147103e-02,2.422708881234244757e-02,5.956955181354281481e-02,1.771056240275765137e-01,8.189113266481977405e-02,1.227091964112241862e-01,7.156893037724990081e-02,2.187883401244770584e-02,6.374061016333770757e-02
1.073862696464859823e-02,1.585251659558045353e-02,0.000000000000000000e+00,7.626969737989762119e-03,2.720220283906662345e-02,3.804302319939274063e-02,3.966882430538783144e-02,7.557910213627479570e-03,4.205658545292566275e-02,2.399571783608254669e-02,2.929196007266041818e-02,1.531106311184968552e-02,5.505953968129929238e-02,1.643846618908094068e-02,1.542752584124361392e-02,1.373024654979842184e-02,8.482132306053094192e-03,1.776142365812020604e-02,1.677058037074748501e-02,3.199390460474088593e-02,1.794754413150209671e-02,5.788076403990086161e-02,4.313418783299186043e-02,1.948174911296072023e-02,4.225167987237694878e-02,9.056372719954008943e-02,5.644962374414711631e-02,7.904008422020830649e-02,5.287340894736196339e-02,1.592772604807547732e-02,4.480410623419019134e-02,1.340450501880418449e-02,1.115454174202547451e-02,1.692003103066352931e-02,8.953794673023660403e-03,1.791885501457444324e-02,7.049032166786536185e-03,4.693139619516466590e-03,1.463293501625517225e-02,1.174193442237474357e-02,1.268018647012022528e-02,1.093992996035594682e-02,8.999780509740375536e-03,4.080819309598121732e-03,3.862925677626450737e-03,6.607238388831752907e-03,1.858299082836763205e-02,1.586130027490240471e-02,6.943186709067699150e-03,2.156788659609620504e-02,3.484625663048548233e-02,3.323147876919017168e-02,9.499818921743263464e-03,4.549417087155939454e-02,2.641563277254529649e-02,3.835586751682704826e-02,2.966959389724821081e-02,5.752334501500830366e-02,1.892152349659309563e-02,1.992017707694994713e-02,1.366992818638615090e-02,9.825071309724285606e-03,1.484872577300044676e-02,1.820707303293906190e-02,2.950855299047938640e-02,2.005167937085266389e-02,5.589478918223911991e-02,5.150182538866845267e-02,1.613395224884523610e-02,3.910647875688717801e-02,1.171761291853096187e-01,5.346540857631581350e-02,8.028065414418027179e-02,4.765473638185326738e-02,1.387550669592294526e-02,4.217266556633664926e-02
8.007215453099068500e-03,1.168485686195103353e-02,7.626969737989762119e-03,0.000000000000000000e+00,2.059048377763741944e-02,2.770698836267242171e-02,3.026870492232388785e-02,5.602985990917195083e-03,3.068822529793505463e-02,1.807534631066914227e-02,2.183495008257662837e-02,1.152787596449122640e-02,4.162548174395021977e-02,1.227050095457426528e-02,1.087179736812557765e-02,1.011141539283699417e-02,6.362054577362954121e-03,1.305420556178951870e-02,1.200159437623309414e-02,2.354760845808986577e-02,1.338301926652181624e-02,4.195022503447783102e-02,3.080772332292865470e-02,1.459121326254508334e-02,3.128379252710152686e-02,6.653412171423044030e-02,4.176935848936356305e-02,5.841071345931904413e-02,3.862751142816858024e-02,1.170218190390278495e-02,3.245453904333792799e-02,1.000010052566472837e-02,8.275150486891735477e-03,1.230244010931683465e-02,7.046137605155807469e-03,1.342397926574883521e-02,5.224028200881520104e-03,3.264306944009455914e-03,1.065736389617271025e-02,8.340396297224500141e-03,9.077164041979200043e-03,8.000973392756998565e-03,6.664463783620397548e-03,3.246282201990058434e-03,2.579132822698281934e-03,4.680212501137707287e-03,1.398672879471478045e-02,1.214386990641166779e-02,5.449370585959204157e-03,1.627448782431638319e-02,2.613132239382460684e-02,2.558438296151042263e-02,7.068953105921628455e-03,3.313199271705148663e-02,1.997872982875309109e-02,2.913662971798908555e-02,2.298276778714507945e-02,4.337079746349889464e-02,1.414073843680202849e-02,1.406820030369744512e-02,1.027621988589845319e-02,7.331626976836320107e-03,1.082053652441686969e-02,1.361350222405985702e-02,2.148714832978075584e-02,1.509912843071366077e-02,4.033797461028054004e-02,3.732982688248610154e-02,1.187685168314192401e-02,2.868692450111404169e-02,8.595909006234903060e-02,3.973553048205323568e-02,5.906836346395508142e-02,3.464289983228798636e-02,1.009049153893342918e-02,3.075103543509041804e-02
2.797904251766554495e-02,4.172087036782808761e-02,2.720220283906662345e-02,2.059048377763741944e-02,0.000000000000000000e+00,9.747031651098403415e-02,1.048651758357457275e-01,1.978256381990850174e-02,1.091861440001109101e-01,6.433622221828923238e-02,7.673126051117917790e-02,4.053379412609987853e-02,1.461167303759534353e-01,4.311668599152343462e-02,3.833504732795981612e-02,3.559582659223963635e-02,2.277447880401860941e-02,4.566449117011076725e-02,4.313854239945635188e-02,8.282487948972082348e-02,4.672834133446650967e-02,1.482528509257668714e-01,1.103145217506101977e-01,5.122422563356106989e-02,1.105124725765847804e-01,2.339837422676056822e-01,1.473392598045690782e-01,2.076474795665549378e-01,1.362487733926025235e-01,4.201856099486994678e-02,1.142319739383984567e-01,3.481669721698807396e-02,2.883311489748733789e-02,4.245902239675643924e-02,2.397351531949005327e-02,4.778161978633065077e-02,1.870502615287889317e-02,1.184142528241368363e-02,3.786249672458631699e-02,2.943545397250684620e-02,3.204469386770396333e-02,2.802044981895149278e-02,2.415867959827022737e-02,1.127003015279946958e-02,9.391938573779300831e-03,1.664193845329208984e-02,4.896367992719094508e-02,4.187424384397225863e-02,1.897838995874754839e-02,5.724949014403220293e-02,9.118192284892825961e-02,8.861648883248160469e-02,2.457293793529336315e-02,1.167522683656307542e-01,7.115747851850477701e-02,1.025082834622710742e-01,7.938879782998539691e-02,1.513168666172566290e-01,5.016747807882834115e-02,4.958689523540366073e-02,3.595987404890750583e-02,2.560622147434411106e-02,3.833377524558755078e-02,4.771362284770287732e-02,7.602180691859324047e-02,5.213754486233945079e-02,1.433155536400455288e-01,1.322563296847027170e-01,4.145321907567052488e-02,1.016352741161880985e-01,3.019892117815671240e-01,1.393939010730224359e-01,2.085717602874397336e-01,1.223169305148506109e-01,3.651011913077964466e-02,1.079079714546955782e-01
3.783392003149824157e-02,5.798877212486026195e-02,3.804302319939274063e-02,2.770698836267242171e-02,9.747031651098403415e-02,0.000000000000000000e+00,1.431128095076305839e-01,2.642231036099120314e-02,1.517129511040655465e-01,8.650722807383186275e-02,1.037860891446510253e-01,5.494311111196541891e-02,1.986671063078411237e-01,5.816334994200557384e-02,5.219869181183299511e-02,4.886495229484803110e-02,3.055562865296905864e-02,6.331631965110626203e-02,5.939487908942901739e-02,1.146601083300684554e-01,6.346334528842120792e-02,2.046338158995421042e-01,1.517616660044581178e-01,6.924916346910228726e-02,1.516215653959994969e-01,3.213673894361598338e-01,2.002168179869957265e-01,2.806252923788360443e-01,1.863334382738118800e-01,5.669629303591108144e-02,1.556079033361094377e-01,4.712360609324905275e-02,3.863293911501448213e-02,5.913269371152801712e-02,3.246266191235347431e-02,6.450001743122435460e-02,2.522781262407116504e-02,1.608326523524831325e-02,5.066826077103982889e-02,4.053943361189356331e-02,4.490148496044559651e-02,3.835038389768348488e-02,3.334398816520189185e-02,1.507002954538821417e-02,1.284596448878417077e-02,2.373999582384961338e-02,6.658951549085002919e-02,5.852868359915779084e-02,2.602885912383823969e-02,7.782671238576181760e-02,1.239730778331533945e-01,1.208034428399211435e-01,3.405954070579553239e-02,1.606053412584936280e-01,9.523955688417590215e-02,1.365497133422407805e-01,1.049956848288214478e-01,2.041603974991877124e-01,6.839032413940147881e-02,6.767325931837715747e-02,4.916561991252364761e-02,3.487532435533149955e-02,5.175899929934366095e-02,6.548106689656513213e-02,1.049565355540885703e-01,7.080583676594368048e-02,1.965824140333964076e-01,1.823341816148565109e-01,5.650133575568254407e-02,1.389602522808222052e-01,4.116276008428481070e-01,1.908033248345344102e-01,2.837620762092867843e-01,1.685817036526488510e-01,4.972788563611772045e-02,1.482714331796008977e-01
4.059015000138107426e-02,6.115015075243980525e-02,3.966882430538783144e-02,3.026870492232388785e-02,1.048651758357457275e-01,1.431128095076305839e-01,0.000000000000000000e+00,2.888316100621933849e-02,1.604415952619255847e-01,9.392574513306951867e-02,1.121969766023283577e-01,5.997096770209363326e-02,2.146196892307344339e-01,6.249473478450132818e-02,5.571972510798427897e-02,5.267028461984080145e-02,3.325450153111159102e-02,6.791332845322829714e-02,6.279129506146907680e-02,1.221186387724541716e-01,6.878716689872488299e-02,2.177750597742315886e-01,1.614387401425338986e-01,7.476867357484959231e-02,1.631494304061566758e-01,3.435290766288984776e-01,2.157524077520895367e-01,3.041013661155846370e-01,2.004408993317366439e-01,6.085474914038237204e-02,1.669844726369280330e-01,5.207872322022128603e-02,4.207634393888368129e-02,6.277143902269341491e-02,3.575448832237936719e-02,6.980204003507453625e-02,2.738634216555159775e-02,1.734252938751055378e-02,5.631019388948085846e-02,4.320315898483578776e-02,4.728780051278177327e-02,4.126578970306860050e-02,3.591447844447336751e-02,1.677039286707865048e-02,1.371811689334231747e-02,2.436322931606769993e-02,7.233208540115106111e-02,6.158781936439244875e-02,2.817761010850837466e-02,8.426291203128359608e-02,1.336791941333543843e-01,1.312520437486215941e-01,3.631664176808858946e-02,1.712022755674960373e-01,1.044170423846275675e-01,1.499388750926345382e-01,1.164787614042088193e-01,2.227941133797359252e-01,7.385136919309820414e-02,7.235620067050849147e-02,5.272049065802671131e-02,3.748003084490960507e-02,5.594161709675050248e-02,6.942911202814432137e-02,1.110802376116060974e-01,7.708581526457358724e-02,2.099278326969135078e-01,1.938519779868821125e-01,6.093745563740233379e-02,1.487982666739933457e-01,4.440856318005714232e-01,2.042416131729064277e-01,3.068964554443740500e-01,1.797107917043963832e-01,5.281080346421383742e-02,1.581373490015264838e-01
7.562247933606523059e-03,1.135326441945959386e-02,7.557910213627479570e-03,5.602985990917195083e-03,1.978256381990850174e-02,2.642231036099120314e-02,2.888316100621933849e-02,0.000000000000000000e+00,3.023714723846134683e-02,1.757632295663818026e-02,2.119412896523175521e-02,1.172943403669794542e-02,3.993188674674521405e-02,1.174913957546177765e-02,1.094979751822430965e-02,9.702205205986899617e-03,6.238491299593805148e-03,1.271401401777598646e-02,1.196484311815526960e-02,2.294066625573013690e-02,1.273154173869294956e-02,4.111798918182999613e-02,3.119506814942028458e-02,1.415330432057420110e-02,3.065254691403884041e-02,6.579558597025746136e-02,4.026408559246575508e-02,5.686282666821989434e-02,3.759986955975182926e-02,1.129592065750787376e-02,3.088438691160167934e-02,9.660196531665466227e-03,7.868096620499455407e-03,1.171878809898926725e-02,6.647295225996524559e-03,1.310880290240272819e-02,5.195816271431990402e-03,3.315171579999096931e-03,1.027909143997327197e-02,8.077805483996988722e-03,8.827089104480680820e-03,7.479117727493626508e-03,6.848197450434938792e-03,3.100944212731422765e-03,2.578372755517730625e-03,4.605001931374422958e-03,1.342067381526862793e-02,1.174071511852899444e-02,5.269523415789753237e-03,1.590487013561383417e-02,2.527678295606692813e-02,2.459043414116724585e-02,6.715982490675504249e-03,3.235711611847484626e-02,1.937172689391215147e-02,2.826770919620423192e-02,2.187878033270154038e-02,4.133263375495734027e-02,1.373208333180651018e-02,1.379481910770683807e-02,1.003473186102035904e-02,6.976678840449558952e-03,1.088484013344800591e-02,1.324168014852193133e-02,2.104392507537564128e-02,1.412165017389241557e-02,3.994003104699511697e-02,3.693854471664050759e-02,1.114554064720483205e-02,2.802271611695537554e-02,8.356140268786421688e-02,3.847984563127369168e-02,5.709706933236938925e-02,3.363774844212246568e-02,9.714611479512091224e-03,2.936334655856775652e-02
4.202723191432098521e-02,6.530004431962643796e-02,4.205658545292566275e-02,3.068822529793505463e-02,1.091861440001109101e-01,1.517129511040655465e-01,1.604415952619255847e-01,3.023714723846134683e-02,0.000000000000000000e+00,9.697061319795033385e-02,1.166034795164164473e-01,6.202120753635934070e-02,2.240490654748655275e-01,6.570755952239198949e-02,6.021288779614365066e-02,5.489383265924509953e-02,3.448986744830701001e-02,7.085413264036957703e-02,6.675261438425968141e-02,1.303372133372838193e-01,7.183064515184629795e-02,2.333965682708439016e-01,1.740285065915392060e-01,7.844089882626970045e-02,1.723173157830029667e-01,3.654192673110779332e-01,2.293684643863046768e-01,3.186163739815156548e-01,2.123667868744721632e-01,6.500855319669196497e-02,1.750766796353331323e-01,5.323706668982969292e-02,4.370173968763925443e-02,6.515125086092007911e-02,3.608964608430566268e-02,7.241144450887779249e-02,2.838988086994127802e-02,1.832411057353523082e-02,5.738217716036609489e-02,4.558051745271388122e-02,5.014872262387799068e-02,4.276498826350098176e-02,3.681309445505428352e-02,1.672690669221968060e-02,1.494978425298394697e-02,2.529733560570066389e-02,7.613338281135088870e-02,6.494406816786833792e-02,2.911758684039766204e-02,8.607655960996916933e-02,1.404503316195146456e-01,1.342956599367012283e-01,3.809741144900353343e-02,1.837530892995513365e-01,1.069992639385293764e-01,1.548327187927914517e-01,1.198458842962289578e-01,2.310691386535437541e-01,7.635304393059239025e-02,7.772025487118015830e-02,5.596574255350318661e-02,3.929116810083889411e-02,5.895999624596668515e-02,7.385472819150373791e-02,1.189038638456069441e-01,7.855426879416392560e-02,2.253169820917041155e-01,2.076508311291895004e-01,6.350601848184969644e-02,1.566755282564747942e-01,4.651112625482088370e-01,2.173776518216082865e-01,3.217328154770580095e-01,1.907871395970719142e-01,5.682128357809480834e-02,1.665125124035635451e-01
2.493067111510583259e-02,3.747417616449578298e-02,2.399571783608254669e-02,1.807534631066914227e-02,6.433622221828923238e-02,8.650722807383186275e-02,9.392574513306951867e-02,1.757632295663818026e-02,9.697061319795033385e-02,0.000000000000000000e+00,6.840858832257344646e-02,3.604430589627854314e-02,1.310752215197043546e-01,3.843570654636784684e-02,3.420844275299749632e-02,3.183687884670714785e-02,2.022614529275168840e-02,4.113648242617670703e-02,3.839582502202133069e-02,7.477363273595881432e-02,4.178679136591558624e-02,1.333027442183501166e-01,9.875195639701993267e-02,4.513520130558854732e-02,9.937900010083725033e-02,2.087454960907956514e-01,1.306254999504544712e-01,1.860503831557200338e-01,1.205990536691963488e-01,3.680478881245588529e-02,1.019075318910424577e-01,3.084712166718287657e-02,2.567944384508436331e-02,3.854085621857230443e-02,2.110455237998986114e-02,4.320358967993081362e-02,1.667108466021102048e-02,1.081141833169779048e-02,3.385819758969913634e-02,2.680178794691565405e-02,2.861668629235565586e-02,2.512600567707459071e-02,2.196841627293784696e-02,1.000318849644783910e-02,8.533984568758310948e-03,1.506420402767180353e-02,4.357017058843238450e-02,3.719471973454426678e-02,1.678422893898245602e-02,5.152298199459315331e-02,7.956413638786960507e-02,7.918289022987719250e-02,2.195848667524181314e-02,1.036904909066702768e-01,6.370213042139855064e-02,9.094342897005895654e-02,6.996313012379799801e-02,1.351173838425674123e-01,4.517731931548928104e-02,4.380164037720040565e-02,3.212230549681333036e-02,2.293221890829876333e-02,3.431686587314745213e-02,4.181133970540167055e-02,6.712054670166098247e-02,4.663911729951144419e-02,1.275961310086110578e-01,1.180664123088403239e-01,3.644509741198123653e-02,9.043819692678099764e-02,2.693908093927557257e-01,1.232713755339030215e-01,1.873372926420240614e-01,1.086083339733736747e-01,3.253693235358200847e-02,9.593667353333916459e-02
2.994119097647794311e-02,4.447024893221760561e-02,2.929196007266041818e-02,2.183495008257662837e-02,7.673126051117917790e-02,1.037860891446510253e-01,1.121969766023283577e-01,2.119412896523175521e-02,1.166034795164164473e-01,6.840858832257344646e-02,0.000000000000000000e+00,4.393899449017273778e-02,1.556527350877857097e-01,4.597068044132639197e-02,4.150988237635534067e-02,3.788973932573687364e-02,2.424105674499133986e-02,4.898767532174799766e-02,4.639552402118192476e-02,8.861857760983810062e-02,5.022521860660893872e-02,1.588967623793633988e-01,1.186863141183941706e-01,5.459605031620709537e-02,1.179660018221594386e-01,2.508271046255697856e-01,1.574844809612931107e-01,2.219821232145170742e-01,1.456298939798409964e-01,4.451729272488132855e-02,1.225397315029134460e-01,3.742195835939463727e-02,3.078877757981753061e-02,4.605734209069934498e-02,2.532779514119291864e-02,5.086843596830872838e-02,1.989733952349956661e-02,1.284261992220203652e-02,4.014784447760867681e-02,3.189013622577863138e-02,3.466904466273362795e-02,2.998181590230414306e-02,2.579722070805165468e-02,1.184392313088017575e-02,1.016410724496040648e-02,1.825110577414363472e-02,5.218331599748787103e-02,4.470379301104773773e-02,1.974426284272149876e-02,6.097965725646910251e-02,9.717791133559014471e-02,9.478848576640747092e-02,2.653531647688705045e-02,1.249036762155917024e-01,7.522320434603795014e-02,1.088497359118182073e-01,8.508940916855405046e-02,1.611017719955542549e-01,5.349325474967221716e-02,5.331759549838831908e-02,3.828900170699115618e-02,2.728469038311496717e-02,4.135066530267984819e-02,5.091241409010451718e-02,8.181644764662757141e-02,5.612646836084064089e-02,1.536752544679646226e-01,1.427385261224409507e-01,4.441760297021770526e-02,1.089030763780224204e-01,3.241413826151373079e-01,1.496225274481759460e-01,2.235705260895977098e-01,1.306402445323313066e-01,3.865870263175345822e-02,1.159143563928099335e-01
1.632060624862333165e-02,2.320382329154610512e-02,1.531106311184968552e-02,1.152787596449122640e-02,4.053379412609987853e-02,5.494311111196541891e-02,5.997096770209363326e-02,1.172943403669794542e-02,6.202120753635934070e-02,3.604430589627854314e-02,4.393899449017273778e-02,0.000000000000000000e+00,8.256071291767841380e-02,2.457422516329189899e-02,2.317475062555541740e-02,2.021131056593979819e-02,1.288227117351416900e-02,2.616526958531505825e-02,2.444760142545476453e-02,4.699982550520686447e-02,2.723690591252192136e-02,8.529647262818768061e-02,6.515551731725821583e-02,2.961645275959812890e-02,6.307631613136616133e-02,1.367590525591753647e-01,8.384467632969115625e-02,1.185405710994004436e-01,7.788961754051113018e-02,2.336005598420806337e-02,6.516639616135738722e-02,2.079470249781799687e-02,1.672403391271668274e-02,2.436262747294895559e-02,1.376682767366477211e-02,2.709053172559624384e-02,1.066631881570678266e-02,6.907881294114045882e-03,2.216050564826081357e-02,1.737916541261391723e-02,1.825073794254102044e-02,1.567543947584697922e-02,1.330632115078687547e-02,6.161363254179776615e-03,5.510082607724777100e-03,9.878298704619779824e-03,2.756876462745483022e-02,2.346043618472656508e-02,1.032824420225257264e-02,3.251972585050726811e-02,5.218709045919124601e-02,5.028430293772533088e-02,1.394923510703788977e-02,6.744075774358654352e-02,3.978916908641768474e-02,5.864667869797177135e-02,4.613861906485226122e-02,8.634495737913883140e-02,2.807073877442842202e-02,2.884912537030356536e-02,2.054942541327780051e-02,1.441845481110686292e-02,2.273832200834072573e-02,2.698225471875399101e-02,4.292766105820577244e-02,3.017164455692582931e-02,8.294964876964279477e-02,7.637531647177416005e-02,2.371284282099985277e-02,5.781749544271300167e-02,1.746674499856577245e-01,7.946236543624123072e-02,1.195809903584210965e-01,6.912497190856273233e-02,2.039281517459316795e-02,6.202685927483041206e-02
5.663954617524610130e-02,8.609850839650902421e-02,5.505953968129929238e-02,4.162548174395021977e-02,1.461167303759534353e-01,1.986671063078411237e-01,2.146196892307344339e-01,3.993188674674521405e-02,2.240490654748655275e-01,1.310752215197043546e-01,1.556527350877857097e-01,8.256071291767841380e-02,0.000000000000000000e+00,8.752931653268791745e-02,7.762136392222103443e-02,7.348684007741590474e-02,4.622122447367936482e-02,9.439218456895602516e-02,8.700254960927220060e-02,1.699685043883045477e-01,9.575695640546227905e-02,3.045453320048517876e-01,2.249697783797642570e-01,1.038828263072528735e-01,2.271514807838614369e-01,4.775336846138422131e-01,3.006913396910954606e-01,4.247741488659233511e-01,2.791520609068963155e-01,8.548549192736809577e-02,2.329184932705556654e-01,7.151991819267787542e-02,5.813248555562936654e-02,8.704173943534949942e-02,4.861113278271535915e-02,9.717363192850564380e-02,3.798580310653965064e-02,2.413395144351251215e-02,7.752841117663444859e-02,6.014291830307464531e-02,6.570150308089504898e-02,5.749124224811587996e-02,4.996652948835795388e-02,2.309737468798063117e-02,1.930531613566053087e-02,3.423682582179859296e-02,1.003621040821491284e-01,8.581751642647360290e-02,3.878741702951009340e-02,1.166109668829767299e-01,1.842145947623594349e-01,1.802282214719170550e-01,5.050944596852793844e-02,2.390668212411354299e-01,1.443801489082134348e-01,2.072504725300205186e-01,1.602586611290669760e-01,3.088204823305596425e-01,1.028334898071086023e-01,1.012348841036966596e-01,7.359041080796972778e-02,5.239119478983730871e-02,7.766116616324346411e-02,9.670568098176274274e-02,1.546150460709153074e-01,1.070159761160784373e-01,2.941734217885595415e-01,2.711761916094542202e-01,8.448775762127552769e-02,2.075692243734446329e-01,6.181545756823728643e-01,2.846988415768031411e-01,4.273771627768458425e-01,2.486471347324745729e-01,7.426102329123449031e-02,2.207584517009149871e-01
1.658018307607955766e-02,2.513306754939809151e-02,1.643846618908094068e-02,1.227050095457426528e-02,4.311668599152343462e-02,5.816334994200557384e-02,6.249473478450132818e-02,1.174913957546177765e-02,6.570755952239198949e-02,3.843570654636784684e-02,4.597068044132639197e-02,2.457422516329189899e-02,8.752931653268791745e-02,0.000000000000000000e+00,2.289194109691888163e-02,2.123949338097720976e-02,1.352352548237761333e-02,2.700753076301214833e-02,2.598425354725430667e-02,4.947126379181179812e-02,2.754540147929951388e-02,8.870255669460809511e-02,6.558516642845732547e-02,3.036641394301137567e-02,6.598150531426506815e-02,1.387476912887622982e-01,8.812082203968395200e-02,1.246663663118416226e-01,8.143518844642791410e-02,2.555689287232951190e-02,6.774399643520151448e-02,2.009766506480806583e-02,1.691780970348569918e-02,2.529010925549516134e-02,1.399095109821741484e-02,2.885202447370243881e-02,1.123606667724818403e-02,6.958230914588219539e-03,2.196485313566012149e-02,1.748404540545677593e-02,1.912133862401167381e-02,1.674670094057671352e-02,1.452553166461874670e-02,6.764407707556512571e-03,5.447311289032309191e-03,9.934260742484109230e-03,2.939618084163729203e-02,2.568225754826278934e-02,1.136745909004998993e-02,3.435389013643121853e-02,5.395238400125718786e-02,5.261998910795614298e-02,1.460064084397973833e-02,6.988030854904550560e-02,4.252126461445472627e-02,6.099584882976912675e-02,4.742350910194670366e-02,8.988313307997074231e-02,3.015827824483929484e-02,2.974741586118450493e-02,2.176157174339759040e-02,1.548801865065344875e-02,2.298898932712245546e-02,2.896336225969191325e-02,4.563530528898170763e-02,3.069014416368093592e-02,8.590654697867988743e-02,7.914691163089698778e-02,2.462237031736984327e-02,6.108123896142231973e-02,1.795680485970959084e-01,8.363198536650645609e-02,1.241752685705693054e-01,7.258645207794360565e-02,2.174551243325574187e-02,6.438301520347985973e-02
1.511237053002883329e-02,2.272056851774982567e-02,1.542752584124361392e-02,1.087179736812557765e-02,3.833504732795981612e-02,5.219869181183299511e-02,5.571972510798427897e-02,1.094979751822430965e-02,6.021288779614365066e-02,3.420844275299749632e-02,4.150988237635534067e-02,2.317475062555541740e-02,7.762136392222103443e-02,2.289194109691888163e-02,0.000000000000000000e+00,1.894515290601277505e-02,1.221572326063434001e-02,2.483628202106856128e-02,2.390063376328376010e-02,4.541575613309982440e-02,2.530973920990087569e-02,8.156153855557184140e-02,6.301601442813384302e-02,2.818867658090708564e-02,5.977686223389423736e-02,1.300171897561229195e-01,7.956176587118753141e-02,1.105782711109676159e-01,7.385585432690733310e-02,2.165093574067035453e-02,6.065246160698133104e-02,1.955928697970145402e-02,1.544863534107125680e-02,2.350861177450649583e-02,1.303483870634601638e-02,2.539310516231362697e-02,1.010493462787508297e-02,6.662634661822566980e-03,2.065246011261475528e-02,1.600504328451857888e-02,1.783387975802435896e-02,1.476775256325552760e-02,1.324589058385947267e-02,5.752308197144050464e-03,5.251036443812476945e-03,9.780523144559851237e-03,2.624710786006158314e-02,2.354177124902315926e-02,1.021327875598505505e-02,3.137398366403855443e-02,4.956720323210243168e-02,4.847314090108233858e-02,1.345025375808209245e-02,6.452612461142182010e-02,3.729125574454011938e-02,5.487256435191880527e-02,4.247347716650835131e-02,8.056342437654183397e-02,2.628858832946276078e-02,2.732394452694621167e-02,1.986968518438450917e-02,1.353806051246614350e-02,2.132114732102564567e-02,2.633903596893404087e-02,4.207319939297152200e-02,2.779806744492041917e-02,7.882041124787640685e-02,7.415726151736669325e-02,2.277767469108516601e-02,5.563279904591627439e-02,1.653955967502676039e-01,7.652976701957205086e-02,1.113970681292613951e-01,6.714659129906466739e-02,1.892252440716506515e-02,5.848686003010052786e-02
1.361154159962246236e-02,2.104086134449476356e-02,1.373024654979842184e-02,1.011141539283699417e-02,3.559582659223963635e-02,4.886495229484803110e-02,5.267028461984080145e-02,9.702205205986899617e-03,5.489383265924509953e-02,3.183687884670714785e-02,3.788973932573687364e-02,2.021131056593979819e-02,7.348684007741590474e-02,2.123949338097720976e-02,1.894515290601277505e-02,0.000000000000000000e+00,1.137839909815532846e-02,2.279801909463897644e-02,2.145414278634677138e-02,4.156422642981238980e-02,2.293561201908321523e-02,7.397491866448861753e-02,5.543966326702100267e-02,2.512928139492273671e-02,5.539469207704674630e-02,1.164999913700731637e-01,7.291019418561031640e-02,1.030606556334050100e-01,6.771957465564924783e-02,2.034728708698298194e-02,5.625859473856147097e-02,1.742082122370238600e-02,1.428289312784868266e-02,2.142241077206000210e-02,1.192016073165691817e-02,2.396351361956181036e-02,9.258216590074055258e-03,5.984400302586275443e-03,1.886585332279537564e-02,1.493686732133774411e-02,1.619958376504971459e-02,1.403620118725264210e-02,1.243967970310959521e-02,5.693624062021492536e-03,4.701688460851047302e-03,8.425368087973872031e-03,2.441643910536418077e-02,2.121286829014024100e-02,9.467189550184110930e-03,2.861769598318766525e-02,4.494833171763278068e-02,4.464683157293858340e-02,1.241996417067632238e-02,5.820936785332384011e-02,3.527197548798647470e-02,5.055389955523738321e-02,3.827106629520282688e-02,7.514995035680034630e-02,2.510302074792103086e-02,2.440987904078420132e-02,1.788366710959369416e-02,1.275316918679597795e-02,1.904852097612236977e-02,2.368754820764951141e-02,3.810484443550377076e-02,2.576932271177496611e-02,7.129558292615707782e-02,6.644452607945393330e-02,2.062787597815858923e-02,5.088150852031960575e-02,1.504091273602536916e-01,6.896517031363469385e-02,1.039141319829958027e-01,6.132316664861149624e-02,1.779678515801726493e-02,5.356483163495861372e-02
8.789028427286689482e-03,1.312713646326682873e-02,8.482132306053094192e-03,6.362054577362954121e-03,2.277447880401860941e-02,3.055562865296905864e-02,3.325450153111159102e-02,6.238491299593805148e-03,3.448986744830701001e-02,2.022614529275168840e-02,2.424105674499133986e-02,1.288227117351416900e-02,4.622122447367936482e-02,1.352352548237761333e-02,1.221572326063434001e-02,1.137839909815532846e-02,0.000000000000000000e+00,1.449607051869255918e-02,1.366487662380616759e-02,2.635026465822893488e-02,1.478625187421160440e-02,4.734721889518343080e-02,3.525907203480815877e-02,1.603571454715609773e-02,3.533321353316503516e-02,7.436282196334584316e-02,4.614582072532527612e-02,6.577171968556634607e-02,4.274056250479256469e-02,1.299701024249442366e-02,3.584042139357375423e-02,1.123868864688855503e-02,9.134287627331089468e-03,1.361710641883914427e-02,7.426015935961550671e-03,1.511699085596230306e-02,5.901078747458972026e-03,3.907048664930364880e-03,1.222858374004827907e-02,9.517060476816460377e-03,1.017879978852146393e-02,8.872910589632666822e-03,7.817208126566528928e-03,3.514309685725246300e-03,3.042294178868069736e-03,5.413084457869764970e-03,1.557742112204457338e-02,1.315704914693098179e-02,5.940348060789940599e-03,1.837947414116013894e-02,2.834323837869671611e-02,2.824266107054163727e-02,7.902280843719012432e-03,3.698621360688241627e-02,2.240432770693430095e-02,3.207643600169543530e-02,2.473158518868855474e-02,4.799929672570700523e-02,1.589659223193402859e-02,1.561424601506354939e-02,1.130492127587044357e-02,8.092415280959651749e-03,1.223378690291001235e-02,1.473955097113341384e-02,2.399938917331456353e-02,1.651650544469336970e-02,4.561853251936136278e-02,4.205408663512313211e-02,1.299956584011839091e-02,3.230277195897123671e-02,9.569267439689076171e-02,4.374102915048985740e-02,6.639465978118883061e-02,3.874887149513567275e-02,1.132933586211149098e-02,3.393102926660514218e-02
1.769895478199776800e-02,2.677050083812412828e-02,1.776142365812020604e-02,1.305420556178951870e-02,4.566449117011076725e-02,6.331631965110626203e-02,6.791332845322829714e-02,1.271401401777598646e-02,7.085413264036957703e-02,4.113648242617670703e-02,4.898767532174799766e-02,2.616526958531505825e-02,9.439218456895602516e-02,2.700753076301214833e-02,2.483628202106856128e-02,2.279801909463897644e-02,1.449607051869255918e-02,0.000000000000000000e+00,2.750484651416722562e-02,5.385395458088634846e-02,3.018816808182525624e-02,9.643150121556572085e-02,7.197020850912336232e-02,3.265621821746966802e-02,7.137811999901054472e-02,1.508575304244104687e-01,9.420850043613254732e-02,1.330522423909160368e-01,8.799859632767630113e-02,2.603854710612183571e-02,7.370594132709624990e-02,2.330630610132400707e-02,1.881097808355625817e-02,2.806495659540136217e-02,1.544858171907977432e-02,3.030632937782979167e-02,1.193543782637274987e-02,7.778775383111062765e-03,2.506523848567617993e-02,1.948043039751206837e-02,2.097183802776094591e-02,1.822687842080845944e-02,1.556957663731287078e-02,7.369711093655822824e-03,6.249445571347584868e-03,1.087557017090406801e-02,3.162624164028526169e-02,2.729199632135279746e-02,1.215256753791712704e-02,3.695124871406632594e-02,5.854703776474388943e-02,5.741246076135450571e-02,1.609678554022046792e-02,7.589174884162611101e-02,4.526577032277600415e-02,6.499201048994993068e-02,4.978174125997238131e-02,9.724498048187031618e-02,3.175162875385773020e-02,3.196751620142893047e-02,2.317153848659796525e-02,1.654641474655191291e-02,2.481169190222940954e-02,3.048260651953944855e-02,4.898050486607118115e-02,3.401528007057749020e-02,9.277898182728976095e-02,8.642475178976169459e-02,2.683844638635937696e-02,6.604442137441225713e-02,1.965320520807768978e-01,8.973156641242012455e-02,1.349011383483903481e-01,7.930875622797181612e-02,2.264548859035809755e-02,6.973983687910026430e-02
1.655091454462924438e-02,2.517345272409352366e-02,1.677058037074748501e-02,1.200159437623309414e-02,4.313854239945635188e-02,5.939487908942901739e-02,6.279129506146907680e-02,1.196484311815526960e-02,6.675261438425968141e-02,3.839582502202133069e-02,4.639552402118192476e-02,2.444760142545476453e-02,8.700254960927220060e-02,2.598425354725430667e-02,2.390063376328376010e-02,2.145414278634677138e-02,1.366487662380616759e-02,2.750484651416722562e-02,0.000000000000000000e+00,5.072617827728014700e-02,2.794313651982840985e-02,9.105813600859298529e-02,6.809882510237590114e-02,3.035905992846055917e-02,6.658040903695325308e-02,1.423125389469263591e-01,8.925067759940873147e-02,1.248121911573442655e-01,8.273102504349279240e-02,2.531730658886870849e-02,6.923080298728939708e-02,2.083679794919065034e-02,1.736748016179576193e-02,2.589775548243887504e-02,1.392287291345740627e-02,2.831113244671225673e-02,1.112717924310434141e-02,7.386125904060340808e-03,2.254413068070891188e-02,1.807715914081226005e-02,1.963956012790073202e-02,1.675305349366333629e-02,1.450871472644152740e-02,6.586843300159148616e-03,5.926161890968047706e-03,1.027536599795128916e-02,2.933894666580173088e-02,2.544487174947137123e-02,1.103725320296149517e-02,3.413378899195953359e-02,5.466844138056784624e-02,5.271633564550989165e-02,1.484148163225682340e-02,7.162588395181399004e-02,4.226943949079551427e-02,6.092335830206599412e-02,4.701312079880203693e-02,9.007538050573711541e-02,2.983869475665557047e-02,3.053780945988604154e-02,2.171788143778832780e-02,1.547350316740066407e-02,2.342966839582516156e-02,2.909643995354125462e-02,4.665592749720959276e-02,3.127722991863168128e-02,8.756430491063435517e-02,8.102629481595227667e-02,2.502568497957999294e-02,6.163468810829014766e-02,1.829496303897651666e-01,8.466241833109446058e-02,1.257967181580927629e-01,7.455570052496401923e-02,2.206374658336702696e-02,6.554826071707599289e-02
3.191325967181236900e-02,4.872569254070667488e-02,3.199390460474088593e-02,2.354760845808986577e-02,8.282487948972082348e-02,1.146601083300684554e-01,1.221186387724541716e-01,2.294066625573013690e-02,1.303372133372838193e-01,7.477363273595881432e-02,8.861857760983810062e-02,4.699982550520686447e-02,1.699685043883045477e-01,4.947126379181179812e-02,4.541575613309982440e-02,4.156422642981238980e-02,2.635026465822893488e-02,5.385395458088634846e-02,5.072617827728014700e-02,0.000000000000000000e+00,5.444615396685053427e-02,1.742422855428800155e-01,1.303741206398973396e-01,5.896924189048614873e-02,1.294607375093789758e-01,2.762161279596144769e-01,1.724461876282970263e-01,2.405824891554529110e-01,1.579189399394567983e-01,4.785492915104774120e-02,1.338752352149141789e-01,4.078698555927118968e-02,3.350243853998779997e-02,5.046574675697512030e-02,2.748795784384266278e-02,5.558524828133228068e-02,2.178039677819867265e-02,1.374118707772204427e-02,4.376772442044383343e-02,3.523927116324160336e-02,3.770603935289550124e-02,3.283954999650025297e-02,2.732833458729353598e-02,1.276415652847282672e-02,1.122897090192608374e-02,1.893093424415535561e-02,5.740050599244046758e-02,4.909363396135341118e-02,2.151575613722751454e-02,6.603363499265790804e-02,1.059743963118541660e-01,1.019802796237916503e-01,2.905032930396314259e-02,1.386729270546957771e-01,8.170501122639933778e-02,1.178107906479900074e-01,9.095126192124862452e-02,1.749562558543926449e-01,5.744031439499846375e-02,5.850537567260379046e-02,4.193177469625233855e-02,2.997442097839136954e-02,4.461156401661046239e-02,5.530807441033902538e-02,8.869398019412479128e-02,5.996746858142784631e-02,1.692368907165423264e-01,1.555583862539275664e-01,4.791223562324904706e-02,1.186825217893509032e-01,3.540071903022492528e-01,1.632624765803329658e-01,2.441664656709461589e-01,1.433920794965221623e-01,4.200508813756304027e-02,1.259278993527379598e-01
1.838036681419408236e-02,2.747364943591464742e-02,1.794754413150209671e-02,1.338301926652181624e-02,4.672834133446650967e-02,6.346334528842120792e-02,6.878716689872488299e-02,1.273154173869294956e-02,7.183064515184629795e-02,4.178679136591558624e-02,5.022521860660893872e-02,2.723690591252192136e-02,9.575695640546227905e-02,2.754540147929951388e-02,2.530973920990087569e-02,2.293561201908321523e-02,1.478625187421160440e-02,3.018816808182525624e-02,2.794313651982840985e-02,5.444615396685053427e-02,0.000000000000000000e+00,9.734251171546717818e-02,7.354575375958727346e-02,3.387645046946040350e-02,7.296598816631556794e-02,1.552084887693168935e-01,9.565962448216751290e-02,1.350590399649150564e-01,8.878473110389455136e-02,2.658341531324246929e-02,7.389741777744238127e-02,2.335434794463319905e-02,1.862883378982268037e-02,2.804293904955539735e-02,1.594038536708182116e-02,3.092518266680252190e-02,1.220169531809098089e-02,7.800256406447354275e-03,2.509383458103468800e-02,1.932569818551633026e-02,2.104871349075494724e-02,1.849759923977876974e-02,1.624465057130931867e-02,7.381083981482474375e-03,6.137529096714717039e-03,1.135458761924187238e-02,3.184883128600854429e-02,2.790493640721440974e-02,1.263383193349525146e-02,3.801697735040132642e-02,5.935281977767131734e-02,5.880789570257562160e-02,1.599985844404254454e-02,7.691863521041189533e-02,4.595226077463768211e-02,6.647016529819750608e-02,5.168208295905783733e-02,9.898493569908391188e-02,3.283346177669858867e-02,3.264134563637083319e-02,2.378361622330440323e-02,1.653393691199780274e-02,2.522666248276720508e-02,3.089516882116179891e-02,4.956881161001747138e-02,3.391126644144522306e-02,9.317347402811662627e-02,8.749882731863616037e-02,2.728656901080046826e-02,6.659761308686762415e-02,1.985091741417372713e-01,9.103035925318424260e-02,1.360887011803586510e-01,8.023031681854582431e-02,2.316010685412297002e-02,7.029448776290986300e-02
