0.000000000000000000e+00,1.539957028438791037e-02,1.129003473838165530e-02,6.070481151723839189e-03,2.465640412263673045e-02,3.415022295666647612e-02,3.510415558591461344e-02,9.776846785533253523e-03,3.793977321962007515e-02,2.329962618156062107e-02,3.030543921376856187e-02,1.953741950156628535e-02,5.087270533414799123e-02,1.547536144410460203e-02,1.386724148788335761e-02,1.158028811565444370e-02,8.585281020459358328e-03,1.629347643760813841e-02,1.491244785527592182e-02,3.480376021885428495e-02,1.988302817020225904e-02,5.591324599157304620e-02,5.382568389360579270e-02,2.019630306205286163e-02,3.814977890744665479e-02,8.867713641422009241e-02,5.800767074133263840e-02,7.295057038423705120e-02,5.636292990328616720e-02,1.165597067337210621e-02,3.629854922857626842e-02,1.598750213099641229e-02,1.074326472014264580e-02,1.421197215668911634e-02,9.309334700137613522e-03,1.470824299984499137e-02,5.949330476890904440e-03,4.434407340229615767e-03,1.494253864265824606e-02,8.032892315282352119e-03,1.212378008109455535e-02,8.424628894598539322e-03,1.096861791087456149e-02,3.664090866014802893e-03,2.386852670943509155e-03,1.314803299596619714e-02,1.590790544272930457e-02,2.076972967076447588e-02,7.317939079017339414e-03,2.492488074473729262e-02,3.443713928716934936e-02,3.781767858317510583e-02,8.893311690535090144e-03,4.949891330558823382e-02,2.832522461224966370e-02,3.423482221789430485e-02,2.700290019248382731e-02,5.499237367122024323e-02,1.731264337627073935e-02,1.800848989482275314e-02,1.310981466070982628e-02,1.015767069887056617e-02,1.495598393068496047e-02,2.014076350995252715e-02,2.986177726512151409e-02,2.078048930213149265e-02,4.985438231789467850e-02,5.897242728447282117e-02,1.967132115019463307e-02,4.155269090113330316e-02,1.145494612128978990e-01,5.572399665670818569e-02,7.531819170893351567e-02,4.618150778543685803e-02,1.290109569442714210e-02,3.792151774547614790e-02
1.539957028438791037e-02,0.000000000000000000e+00,1.695110883383496234e-02,9.176459875104969049e-03,3.660042611706094962e-02,5.275853479475185043e-02,5.247602367386254574e-02,1.510186645808576054e-02,5.798623590184338872e-02,3.539100466173476095e-02,4.577284408911115599e-02,2.841259385230515341e-02,7.752207523920219556e-02,2.327078042946718536e-02,2.153606445998823560e-02,1.804429621355356159e-02,1.330054868633552198e-02,2.530927347823375487e-02,2.251953808051572817e-02,5.377660365580973212e-02,3.063596634059571888e-02,8.774350128175856245e-02,8.285240173967436950e-02,3.066002465671444771e-02,5.805716609557573515e-02,1.350168063792197837e-01,9.023381807801138244e-02,1.117479421288768288e-01,8.676138527473262196e-02,1.781948917791111725e-02,5.572810268134181094e-02,2.513260229049473285e-02,1.601578441520356763e-02,2.121504913790706742e-02,1.406470038848627729e-02,2.180701126018633543e-02,9.327390353121797067e-03,6.793817158287323958e-03,2.328031451986052602e-02,1.222429684687941984e-02,1.780124345041345438e-02,1.239670796500759453e-02,1.602202927832304183e-02,5.377229460847402637e-03,3.723140300761285017e-03,2.030185285656165711e-02,2.491808774330850698e-02,3.125615735583293225e-02,1.082307839392677301e-02,3.690982910524914784e-02,5.304910385865473782e-02,5.625881412572864004e-02,1.311774388539962456e-02,7.686920870976764186e-02,4.220745366838057205e-02,5.169859432247299325e-02,3.984022432292974591e-02,8.336011614316825302e-02,2.565564148674403383e-02,2.717035587066455107e-02,1.979487769125936811e-02,1.551370256803254882e-02,2.307541007822527801e-02,3.118461970887145135e-02,4.673200721135843672e-02,3.117603532107906042e-02,7.794845480912561408e-02,9.143006756632569842e-02,3.004360833948667431e-02,6.349350068240711131e-02,1.747097793901164486e-01,8.612690773681366818e-02,1.154415934765654350e-01,7.223180192958006396e-02,1.992506633747583369e-02,5.748024730502789698e-02
1.129003473838165530e-02,1.695110883383496234e-02,0.000000000000000000e+00,6.702525583981249618e-03,2.697491941470697013e-02,3.823449359633811911e-02,3.834824074877941913e-02,1.087171220866963231e-02,4.221178572931372219e-02,2.576561109590202667e-02,3.337859915455743121e-02,2.114971417118801170e-02,5.591521282776754781e-02,1.723274084703779047e-02,1.576186073706988683e-02,1.291508295960083763e-02,9.542697692868569101e-03,1.796766617378426495e-02,1.676069705671637614e-02,3.899304068377541788e-02,2.201222573774838653e-02,6.314509294543380058e-02,6.030720069467612049e-02,2.240331558605284865e-02,4.188543966260210860e-02,9.843092168728932723e-02,6.532317293543618564e-02,8.118431285662099095e-02,6.325453093251950931e-02,1.309511911409759997e-02,4.059199977091625111e-02,1.779176423941959684e-02,1.210566136830777510e-02,1.570581068523564661e-02,1.018431294047642162e-02,1.599421840400266567e-02,6.810568719164137447e-03,5.098346802826887562e-03,1.653506198736880498e-02,8.890968566802655987e-03,1.324582259149509160e-02,9.022461422831787661e-03,1.191232476910808642e-02,3.931078248331011313e-03,2.746990899260867963e-03,1.482975476531778018e-02,1.772596059447837172e-02,2.279693249614981113e-02,8.077145547127202035e-03,2.694769883393173873e-02,3.855823020510636828e-02,4.131584122969428341e-02,9.516835431224519165e-03,5.564785969850497005e-02,3.070315845355537157e-02,3.791077008586245939e-02,2.943869484414711815e-02,6.063055349938512029e-02,1.886214926406050776e-02,1.999235949566228673e-02,1.432582322307876521e-02,1.131149704649088775e-02,1.689582036585321814e-02,2.292955832420411760e-02,3.390921712029287827e-02,2.279798568543356732e-02,5.626468966091591195e-02,6.572859882025994249e-02,2.181667772308956699e-02,4.622688027464505467e-02,1.269614947057940146e-01,6.217191948772744781e-02,8.391174716380395138e-02,5.220103514788182464e-02,1.451506628151808323e-02,4.230207741524166787e-02
6.070481151723839189e-03,9.176459875104969049e-03,6.702525583981249618e-03,0.000000000000000000e+00,1.461019049031542227e-02,2.093352524855136496e-02,2.098613905219982520e-02,6.051222938255143916e-03,2.288589707834928766e-02,1.402685373411255952e-02,1.844245460162088554e-02,1.146762045715740523e-02,3.063514313764237329e-02,9.376394268556147507e-03,8.269588710024053033e-03,7.036915000441258498e-03,5.207777626311082229e-03,9.892105342086303724e-03,8.940507336466934490e-03,2.128880320999314638e-02,1.195763743983437218e-02,3.412449593794709274e-02,3.263055327781735904e-02,1.215579790441143927e-02,2.283780659683927114e-02,5.271502537421163259e-02,3.549646865578720556e-02,4.402009320443256435e-02,3.457688996793130409e-02,7.055857822385744153e-03,2.202837859937177914e-02,9.906089959150467250e-03,6.537676299776251643e-03,8.463258535446349998e-03,5.588372187556471526e-03,8.632209231346344921e-03,3.550476947828682620e-03,2.732179692690219364e-03,9.166709230502898334e-03,4.842448517843785279e-03,7.220248859301009112e-03,4.986991311893292089e-03,6.474243260076533411e-03,2.183276464896622120e-03,1.473249450615209469e-03,8.168441353300021426e-03,9.682696809838908791e-03,1.252417039552599504e-02,4.355573586918547353e-03,1.476685300645033151e-02,2.096911821474286078e-02,2.273749606478667543e-02,5.283255256159602800e-03,3.073853164259582674e-02,1.719874888820832268e-02,2.044498960439369503e-02,1.607859634502718793e-02,3.347812233456239767e-02,1.028483110286384020e-02,1.074809153965435894e-02,7.817797372835286543e-03,6.364230293585947454e-03,9.009067782401790001e-03,1.240020930427172818e-02,1.826333727038056964e-02,1.242302001463016330e-02,3.038623144318356589e-02,3.565195256073427910e-02,1.215103378171667262e-02,2.544329827801505850e-02,6.927981646850801811e-02,3.370960414077719958e-02,4.574492324816125527e-02,2.814137436611579418e-02,7.764455100630216801e-03,2.301658599455331383e-02
2.465640412263673045e-02,3.660042611706094962e-02,2.697491941470697013e-02,1.461019049031542227e-02,0.000000000000000000e+00,8.308371921799773130e-02,8.453552625479145155e-02,2.388102123283896913e-02,9.135772519519680390e-02,5.680086371967885128e-02,7.387020686569062411e-02,4.606239665543495482e-02,1.231739415027232887e-01,3.744592085718586455e-02,3.297491674327471256e-02,2.874487924904680497e-02,2.091050445523660525e-02,3.993050899616255173e-02,3.615237960898425029e-02,8.544292565289138275e-02,4.798611217126638739e-02,1.367823717867394373e-01,1.304525574222836770e-01,4.835480469821971244e-02,9.240162180905107936e-02,2.119679212117924760e-01,1.418504253082793487e-01,1.770406720847330639e-01,1.378522510127077327e-01,2.839700989345903676e-02,8.822582594846044290e-02,3.952611891225953078e-02,2.594329477084817218e-02,3.352815781701093401e-02,2.205222551522205768e-02,3.536630769876619035e-02,1.468952127699731103e-02,1.094098462936191583e-02,3.675701846306919651e-02,1.968004699520132725e-02,2.878009132040517531e-02,2.000825175853034738e-02,2.615033668623017310e-02,8.777225545517720884e-03,5.980970075431114863e-03,3.224170246405114182e-02,3.882605808527887087e-02,4.975719299433156023e-02,1.748633801795588388e-02,6.004776400844734352e-02,8.414570297575828250e-02,9.122540260322901939e-02,2.089323908461791432e-02,1.221031485860706450e-01,6.876213900007945024e-02,8.312270974044115579e-02,6.360581772961829139e-02,1.337305397376586935e-01,4.153510980088533783e-02,4.263176354625054093e-02,3.148943267671117791e-02,2.485855495192202530e-02,3.633363398037333519e-02,4.961086666870269390e-02,7.251960942768005680e-02,4.977217229264643827e-02,1.222159221865813661e-01,1.426031235825924171e-01,4.767968271755138737e-02,1.018227359059232506e-01,2.756140333129794562e-01,1.353728558356932232e-01,1.843979859647528197e-01,1.130973975674720994e-01,3.214206613685190173e-02,9.139834378283424876e-02
3.415022295666647612e-02,5.275853479475185043e-02,3.823449359633811911e-02,2.093352524855136496e-02,8.308371921799773130e-02,0.000000000000000000e+00,1.195690693131523374e-01,3.266356562119690499e-02,1.311175686639599047e-01,7.949489871694244425e-02,1.022850410348115774e-01,6.391429220879642215e-02,1.745669122688268127e-01,5.264016760005358481e-02,4.687466245807505455e-02,4.049375273738896330e-02,2.956528480596267230e-02,5.662244829871238699e-02,5.127256343214721401e-02,1.213652908803190128e-01,6.638956207256870024e-02,1.957224559108069473e-01,1.837838504207768286e-01,6.797549384669460126e-02,1.307033470126540142e-01,3.000965987721319617e-01,2.010710304518795177e-01,2.503791552167957679e-01,1.948199743725427813e-01,4.003027131357533852e-02,1.237231231826524391e-01,5.497030759074409551e-02,3.612915619127710087e-02,4.780894680535276164e-02,3.156942030299159790e-02,5.010338012025666865e-02,2.111064833752124281e-02,1.530479093512139566e-02,5.029269835742466305e-02,2.808828412535046420e-02,4.071569858566095185e-02,2.801164582429990779e-02,3.723156087053402369e-02,1.249922776385397130e-02,8.324779584155178255e-03,4.488486199956795430e-02,5.556938776836264915e-02,7.039126166505840776e-02,2.499582084065466239e-02,8.279571649952686963e-02,1.193249043974698859e-01,1.275755306823176116e-01,2.932624955803926278e-02,1.725967853200004176e-01,9.490714629516114331e-02,1.155600846900416423e-01,8.782479479340754569e-02,1.856157580950044683e-01,5.846304568365089799e-02,6.033891408853194610e-02,4.440516670251721393e-02,3.488027612570185343e-02,5.162787277154971127e-02,7.052163545392919897e-02,1.045991426933270269e-01,6.888866801673990126e-02,1.743626845403225267e-01,2.026752671327732569e-01,6.606925683429136498e-02,1.427953045202051130e-01,3.888393188585087534e-01,1.923952678510303105e-01,2.563455514664951806e-01,1.611089066952975379e-01,4.476967294556083443e-02,1.296804608655353075e-01
3.510415558591461344e-02,5.247602367386254574e-02,3.834824074877941913e-02,2.098613905219982520e-02,8.453552625479145155e-02,1.195690693131523374e-01,0.000000000000000000e+00,3.429939599934628269e-02,1.325257436119665067e-01,8.078393742872326533e-02,1.054428155942387785e-01,6.599101265377925463e-02,1.770115768236359133e-01,5.339406166317549329e-02,4.730560003567359229e-02,4.140330885969303876e-02,2.968382360936789796e-02,5.721220619813063846e-02,5.137128498917661185e-02,1.230607780111655364e-01,6.858745237851981980e-02,1.975178134698386545e-01,1.867522429257095773e-01,6.916626515525275964e-02,1.326399469972209533e-01,3.047184642130349452e-01,2.032044962430162027e-01,2.546677888922027067e-01,1.988665956911166155e-01,4.060551058890651821e-02,1.259148751156699275e-01,5.706328779493239495e-02,3.710076147364206600e-02,4.843920988425593627e-02,3.204226738238750288e-02,5.065651363092701920e-02,2.099273969287597866e-02,1.579230337568286388e-02,5.322314843361918707e-02,2.864998932924256447e-02,4.191708552066492066e-02,2.900886216656481734e-02,3.768360907527518872e-02,1.273821049513893661e-02,8.653904640867904341e-03,4.611629358967021808e-02,5.575281567863567267e-02,7.094076908304373930e-02,2.515213292569675949e-02,8.603868341910533846e-02,1.208552903150690583e-01,1.313592939015502670e-01,3.016500606570086951e-02,1.756408834985576095e-01,9.836826627036977799e-02,1.180172771644979191e-01,9.090075410728322425e-02,1.922323870310916893e-01,5.945711011779188787e-02,6.140013186401185180e-02,4.492793150119377826e-02,3.586656456261932274e-02,5.205769925422262107e-02,7.073836832937217822e-02,1.041699394575075766e-01,7.136551247424524624e-02,1.758267210988375406e-01,2.045624497454309465e-01,6.841259360265283807e-02,1.461819397339650106e-01,3.963639238288061417e-01,1.941746319197218684e-01,2.634309027672592229e-01,1.620918065547356512e-01,4.564190975818394058e-02,1.311943565234311160e-01
9.776846785533253523e-03,1.510186645808576054e-02,1.087171220866963231e-02,6.051222938255143916e-03,2.388102123283896913e-02,3.266356562119690499e-02,3.429939599934628269e-02,0.000000000000000000e+00,3.690314507639151642e-02,2.264399726591963605e-02,2.930271569837716514e-02,1.847553770478266646e-02,4.975691969926292202e-02,1.479786594722615374e-02,1.323713366361118846e-02,1.135647315942765745e-02,8.353180108942558080e-03,1.606665014096776006e-02,1.455645654166323397e-02,3.412519781720367573e-02,1.870498769675003198e-02,5.439190125061405673e-02,5.106610768566195030e-02,1.890120387519217057e-02,3.699883919833325124e-02,8.482721048023576793e-02,5.564151946856508296e-02,7.043253245302616428e-02,5.407653253443125974e-02,1.120593517680166552e-02,3.485516481045794479e-02,1.526203199662310925e-02,1.001908691434464857e-02,1.383125665842529183e-02,8.976826516704455514e-03,1.436522021191770707e-02,5.945124506302615700e-03,4.218977564527225804e-03,1.396477156805759137e-02,7.869920119926850435e-03,1.160525760114531485e-02,8.006995331251303555e-03,1.067761518857127806e-02,3.658955369793542335e-03,2.301886400091159805e-03,1.238014798863379395e-02,1.554578541571588479e-02,1.998534185272856159e-02,7.212056631388584320e-03,2.380062041151837990e-02,3.319881279964895238e-02,3.668860927530259719e-02,8.373180878129703533e-03,4.785304883820407085e-02,2.734266344781713029e-02,3.332423581251250239e-02,2.569443460365494064e-02,5.300459508316492097e-02,1.665949662752694987e-02,1.688310044738077637e-02,1.256400111408110219e-02,9.902783058604352345e-03,1.441197074486676860e-02,1.991363901168246089e-02,2.941965646691224734e-02,1.956031945072748968e-02,4.857775454617023481e-02,5.663310829966859694e-02,1.842999213397778641e-02,3.999909103578989933e-02,1.093957915281825594e-01,5.343102732287949991e-02,7.225317623053235938e-02,4.487077757474114414e-02,1.241072538331071395e-02,3.619613014805569962e-02
3.793977321962007515e-02,5.798623590184338872e-02,4.221178572931372219e-02,2.288589707834928766e-02,9.135772519519680390e-02,1.311175686639599047e-01,1.325257436119665067e-01,3.690314507639151642e-02,0.000000000000000000e+00,8.833617439734459120e-02,1.143544234811353644e-01,7.044064847005467034e-02,1.931907084884683101e-01,5.781042130155669700e-02,5.324341869202384170e-02,4.533015781857512722e-02,3.312437668208578767e-02,6.299665758233385926e-02,5.702686700016313531e-02,1.365157073621824924e-01,7.388664925837463981e-02,2.193725085530347785e-01,2.072738416277495610e-01,7.481682343699024018e-02,1.450076968480730477e-01,3.349816421939466604e-01,2.263760518678034905e-01,2.799493051747710681e-01,2.199351569185861166e-01,4.467177700103387022e-02,1.383576458094023520e-01,6.178543598275258036e-02,4.083159799694456582e-02,5.332675093678966582e-02,3.494278522385835251e-02,5.543788535053369854e-02,2.345352680867821352e-02,1.738291662060493722e-02,5.721529594698727961e-02,3.152123491007180478e-02,4.564956535692037132e-02,3.109703020495842990e-02,4.108880581514083585e-02,1.374972108976083365e-02,9.618368453696761119e-03,4.951717865736222218e-02,6.109249334215489935e-02,7.790591355617204616e-02,2.751356471814835752e-02,9.196964596645954004e-02,1.325373330014439077e-01,1.419539837207355049e-01,3.261056887136062898e-02,1.934609926449110673e-01,1.060699073079015148e-01,1.288979994367526749e-01,9.755791941588000393e-02,2.082413512587020510e-01,6.394738327373188091e-02,6.746982735880634185e-02,4.931736508818378856e-02,3.881390950991757405e-02,5.790183500834003572e-02,7.880478312257069295e-02,1.164843405638544271e-01,7.615164436626283007e-02,1.952725320798991970e-01,2.263459480411423863e-01,7.328630961674215127e-02,1.593538518704096518e-01,4.330510576551910296e-01,2.137318707251973926e-01,2.881405843273727174e-01,1.791401053469031945e-01,5.031326861894175329e-02,1.442248601255928242e-01
2.329962618156062107e-02,3.539100466173476095e-02,2.576561109590202667e-02,1.402685373411255952e-02,5.680086371967885128e-02,7.949489871694244425e-02,8.078393742872326533e-02,2.264399726591963605e-02,8.833617439734459120e-02,0.000000000000000000e+00,7.057259653460382087e-02,4.308819695249129639e-02,1.176736594664879731e-01,3.585075699111131553e-02,3.192706791060705152e-02,2.730003253933164370e-02,2.027626676610175607e-02,3.838517527081922870e-02,3.480699843253770576e-02,8.285686531630537255e-02,4.574092354231137914e-02,1.321862963948282066e-01,1.247234134111227105e-01,4.595065455906976321e-02,8.832831431860387050e-02,2.031091157568356287e-01,1.360673655202288279e-01,1.699830040701840739e-01,1.319115664564597945e-01,2.714521477259386473e-02,8.436484863297852299e-02,3.669940825586096717e-02,2.471725077133797230e-02,3.249226871440522718e-02,2.109337824746690751e-02,3.440045977324410198e-02,1.425272072187930110e-02,1.042742992304841916e-02,3.406452963316460025e-02,1.889282352382422661e-02,2.735920613594688619e-02,1.872974488242088939e-02,2.519777828857197935e-02,8.463680888856295326e-03,5.551113528305250122e-03,3.022367645865695757e-02,3.733197331911172062e-02,4.771360527092313730e-02,1.686797469612669187e-02,5.715419674111760912e-02,7.977896808006335050e-02,8.728519494169131865e-02,2.000477077753999577e-02,1.163807370312908568e-01,6.562846200760888427e-02,7.930243393955062337e-02,6.058276317223335733e-02,1.271103973066127768e-01,3.953359540954469453e-02,4.083990011352756078e-02,3.021255054389920119e-02,2.375325460010961273e-02,3.495265671310243683e-02,4.774118019896992499e-02,7.021257740790740054e-02,4.733526259569776490e-02,1.173140466551806788e-01,1.364429924092278590e-01,4.489944101393927162e-02,9.682551077979138776e-02,2.626919500901286897e-01,1.293926879352985670e-01,1.759987140549940654e-01,1.086322846373996842e-01,3.096153392763081186e-02,8.806887058059076345e-02
3.030543921376856187e-02,4.577284408911115599e-02,3.337859915455743121e-02,1.844245460162088554e-02,7.387020686569062411e-02,1.022850410348115774e-01,1.054428155942387785e-01,2.930271569837716514e-02,1.143544234811353644e-01,7.057259653460382087e-02,0.000000000000000000e+00,5.706499431872641415e-02,1.530037982179860978e-01,4.658004786303762690e-02,4.106574496438258892e-02,3.537878555757761195e-02,2.618286041061319500e-02,4.969043931958191246e-02,4.510559425587436916e-02,1.068528997244670986e-01,5.912977841409817331e-02,1.697397821554321728e-01,1.612514851357537971e-01,5.922582764906484526e-02,1.142151810001229284e-01,2.620456971884782549e-01,1.760127349543084696e-01,2.203697756891079274e-01,1.711584373311583473e-01,3.541313924770874560e-02,1.090088564113899788e-01,4.851179855871462498e-02,3.176189207118859659e-02,4.186089991331216204e-02,2.746046448201016135e-02,4.471436906598684480e-02,1.846744222317256781e-02,1.347998984649282674e-02,4.434161377535231902e-02,2.447369048616767143e-02,3.584893655098656678e-02,2.452482619692199564e-02,3.311990813106893000e-02,1.109636436642736854e-02,7.210989445087048061e-03,3.917977935245232912e-02,4.804006145453093568e-02,6.161116296799665909e-02,2.179288762272544450e-02,7.376380203443670680e-02,1.039975761348863326e-01,1.141463132853057921e-01,2.581277088377657500e-02,1.511222726101066893e-01,8.523578672046587534e-02,1.033159269195594310e-01,7.921244152708160902e-02,1.658169722156402348e-01,5.149517050703046606e-02,5.240121426817369310e-02,3.930425047216854623e-02,3.098362989210233509e-02,4.525811918680694435e-02,6.186793800929100279e-02,9.094832595868461433e-02,6.128695933478005980e-02,1.515875316426368302e-01,1.767493320157663139e-01,5.822242049302678996e-02,1.257700765109718011e-01,3.398378931504811296e-01,1.674261213771182089e-01,2.286227234909304351e-01,1.404967646371138301e-01,4.021096559681879706e-02,1.139406251046510277e-01
1.953741950156628535e-02,2.841259385230515341e-02,2.114971417118801170e-02,1.146762045715740523e-02,4.606239665543495482e-02,6.391429220879642215e-02,6.599101265377925463e-02,1.847553770478266646e-02,7.044064847005467034e-02,4.308819695249129639e-02,5.706499431872641415e-02,0.000000000000000000e+00,9.514198679294304239e-02,2.918685007093255873e-02,2.604320420823509619e-02,2.174329411695016465e-02,1.610732076793123038e-02,3.053277950495174309e-02,2.838386286346411894e-02,6.534092585310319334e-02,3.753949298368951248e-02,1.041570403325687705e-01,1.013269186784810094e-01,3.746552211256629766e-02,7.070485426052004752e-02,1.657780503747408596e-01,1.077963779276472495e-01,1.364694812975681681e-01,1.056290037181375346e-01,2.215716859432437930e-02,6.836192327096968224e-02,3.034345013096778620e-02,1.985063633867295216e-02,2.671870963817438854e-02,1.721160202108315898e-02,2.767430740461300151e-02,1.134974133126338998e-02,8.388399802356760401e-03,2.810079826879079493e-02,1.520179601334280782e-02,2.234947065164151481e-02,1.555278783268376243e-02,2.058490582909137598e-02,6.839247978811184570e-03,4.468368361363952990e-03,2.492609822906817832e-02,2.983133958233203514e-02,3.805796269502723789e-02,1.365693658009786010e-02,4.631849649150427545e-02,6.397339063730626829e-02,7.113524157358648570e-02,1.621633336022241037e-02,9.278189649276419315e-02,5.286298061499247747e-02,6.392572387319964133e-02,5.044789456114585208e-02,1.041279269189376439e-01,3.236017415349055210e-02,3.256063594273735096e-02,2.426562147335797892e-02,1.896169496364007515e-02,2.811388297573731709e-02,3.766997226003737653e-02,5.551589134497244421e-02,3.910284511120068474e-02,9.345501441405378029e-02,1.093944115072688905e-01,3.637566216571648525e-02,7.760480621927917655e-02,2.128987506462688140e-01,1.032373518891436526e-01,1.424788457559934829e-01,8.672382632638844790e-02,2.470119429218564991e-02,7.129436278081702216e-02
5.087270533414799123e-02,7.752207523920219556e-02,5.591521282776754781e-02,3.063514313764237329e-02,1.231739415027232887e-01,1.745669122688268127e-01,1.770115768236359133e-01,4.975691969926292202e-02,1.931907084884683101e-01,1.176736594664879731e-01,1.530037982179860978e-01,9.514198679294304239e-02,0.000000000000000000e+00,7.825768230468095610e-02,6.935550106925623959e-02,6.024287398602664462e-02,4.371180163870422991e-02,8.340437744521814190e-02,7.473323541879733911e-02,1.802121913550645826e-01,9.966674968926803047e-02,2.900614092900423713e-01,2.727163670562781084e-01,1.004715427443035602e-01,1.927253658516267232e-01,4.424136420175810991e-01,2.977794147321143337e-01,3.721928782443208461e-01,2.907693576632807697e-01,5.970799073353094677e-02,1.836776984699641235e-01,8.221174499396022295e-02,5.381320748120774211e-02,7.010459481223428602e-02,4.640803306260740668e-02,7.449995656887588302e-02,3.097949651377852887e-02,2.262579225755389362e-02,7.646021890999481208e-02,4.135705441103641744e-02,6.039850280686764883e-02,4.191208129093921403e-02,5.549089790345786144e-02,1.849143542796080966e-02,1.228149933041855837e-02,6.699584624969090463e-02,8.120249829840575639e-02,1.045372468004966693e-01,3.681240453070792895e-02,1.242683959081103406e-01,1.755845953240735280e-01,1.903590555042860566e-01,4.371241783165080025e-02,2.565906508714894674e-01,1.421610997478744143e-01,1.716942304393584695e-01,1.312019714777658275e-01,2.788387872772582488e-01,8.657777137555090763e-02,8.942765283952966437e-02,6.539914119582024288e-02,5.210054227067927035e-02,7.618485545318130769e-02,1.038112826313255799e-01,1.531402685264318664e-01,1.033238105918426186e-01,2.572432512008898664e-01,3.007347404866852481e-01,9.921851241490627082e-02,2.130646506253467132e-01,5.768446274823519904e-01,2.837251522015269978e-01,3.839287435483647037e-01,2.368787403864260344e-01,6.702675261980642341e-02,1.918304961626928207e-01
1.547536144410460203e-02,2.327078042946718536e-02,1.723274084703779047e-02,9.376394268556147507e-03,3.744592085718586455e-02,5.264016760005358481e-02,5.339406166317549329e-02,1.479786594722615374e-02,5.781042130155669700e-02,3.585075699111131553e-02,4.658004786303762690e-02,2.918685007093255873e-02,7.825768230468095610e-02,0.000000000000000000e+00,2.074977041590424232e-02,1.792403004121764440e-02,1.327873327968182200e-02,2.524725137243469947e-02,2.294668890601344463e-02,5.334197813435330449e-02,3.009141326328303861e-02,8.564484883229674106e-02,8.104855812976044516e-02,3.038487805990421758e-02,5.802495537507733336e-02,1.322829148778169039e-01,8.904250016619581765e-02,1.114810987352507082e-01,8.626010936508810012e-02,1.799509238434451527e-02,5.537400174520039353e-02,2.451268528021491658e-02,1.608894637890434173e-02,2.114689619407545892e-02,1.394569543876771414e-02,2.233719415645436454e-02,9.335657311978553044e-03,6.729510567766037489e-03,2.251194151992373313e-02,1.231192249182508879e-02,1.817145863797293634e-02,1.267795085761743573e-02,1.678242900387681355e-02,5.699703439699187191e-03,3.605780271227296968e-03,2.006183373942817955e-02,2.454697102275988155e-02,3.173258439573810319e-02,1.112721706669158629e-02,3.758257673164182300e-02,5.273597933992380665e-02,5.782400159999306899e-02,1.311569680593119291e-02,7.691551031002166749e-02,4.374347816336782158e-02,5.228072342342759277e-02,4.062327510316607326e-02,8.448184099541179715e-02,2.631292115357195677e-02,2.675391089512032736e-02,1.982939517278742639e-02,1.588718476019652937e-02,2.275269752443701346e-02,3.152096795344371677e-02,4.579863403078109768e-02,3.105729730462122515e-02,7.617990256712747765e-02,8.889543917776802917e-02,2.990716326172351489e-02,6.377591935243352717e-02,1.723447256890510704e-01,8.455638661035121129e-02,1.157351359817344466e-01,7.144504965952151732e-02,2.017619725526426794e-02,5.801087756234479115e-02
1.386724148788335761e-02,2.153606445998823560e-02,1.576186073706988683e-02,8.269588710024053033e-03,3.297491674327471256e-02,4.687466245807505455e-02,4.730560003567359229e-02,1.323713366361118846e-02,5.324341869202384170e-02,3.192706791060705152e-02,4.106574496438258892e-02,2.604320420823509619e-02,6.935550106925623959e-02,2.074977041590424232e-02,0.000000000000000000e+00,1.603565717982486510e-02,1.213364767711116836e-02,2.257669271405670502e-02,2.130076259286037624e-02,4.767451294465851336e-02,2.666077675900499835e-02,7.826693706275923701e-02,7.474502352578749065e-02,2.736753740285312320e-02,5.238671877350518230e-02,1.231342216250357058e-01,7.981494203550833222e-02,1.008433705821794313e-01,7.701367517609923607e-02,1.636455645511994753e-02,5.042148338476502845e-02,2.194503334127341498e-02,1.456143010250681574e-02,1.982642089529407931e-02,1.254745914777355247e-02,2.004259778606515968e-02,8.462305654485104828e-03,6.302732404561467786e-03,2.060702276347989997e-02,1.141097462132176568e-02,1.648651398343570565e-02,1.117258295461123589e-02,1.493551063701802940e-02,4.891228334533543297e-03,3.573746018951580363e-03,1.737126166662360249e-02,2.247400542832132461e-02,2.781133796222004517e-02,9.921591624311200397e-03,3.307449371025803636e-02,4.758417505795129593e-02,5.082053787679169377e-02,1.207433340910204524e-02,6.806937252794799387e-02,3.760063416780614481e-02,4.730578264128695865e-02,3.603782971061538637e-02,7.415511214880896040e-02,2.301465227353334531e-02,2.432160692895760090e-02,1.802244123871764303e-02,1.359483280467188582e-02,2.099163175876571016e-02,2.819535058395577706e-02,4.227813837426065008e-02,2.769040762550132803e-02,7.064495055878122765e-02,8.200598746111024961e-02,2.583358045696244540e-02,5.666772693434515146e-02,1.580345194251104035e-01,7.636442906409467157e-02,1.030049842758493511e-01,6.503339362384386035e-02,1.774621835813542867e-02,5.229867664053233778e-02
1.158028811565444370e-02,1.804429621355356159e-02,1.291508295960083763e-02,7.036915000441258498e-03,2.874487924904680497e-02,4.049375273738896330e-02,4.140330885969303876e-02,1.135647315942765745e-02,4.533015781857512722e-02,2.730003253933164370e-02,3.537878555757761195e-02,2.174329411695016465e-02,6.024287398602664462e-02,1.792403004121764440e-02,1.603565717982486510e-02,0.000000000000000000e+00,1.022602533533455323e-02,1.947767283270148905e-02,1.743625674928053065e-02,4.153568732291249010e-02,2.282104834413827693e-02,6.724129807062383113e-02,6.316370753367256397e-02,2.320529035943341700e-02,4.526071339454726394e-02,1.035954822889715715e-01,6.894007766131157733e-02,8.665791932859573388e-02,6.682691472684833267e-02,1.370387739781073026e-02,4.256378360393082982e-02,1.916228067217711287e-02,1.236307573219158802e-02,1.618374007120181729e-02,1.070547068821775354e-02,1.716895220994666543e-02,7.178409900969887417e-03,5.256146653336245082e-03,1.761136488182622750e-02,9.835751354422500245e-03,1.382506941685184530e-02,9.581030342952167461e-03,1.285379263932083516e-02,4.286513114774908803e-03,2.948520062948527080e-03,1.511244217516987190e-02,1.922439833324346425e-02,2.384139938220216498e-02,8.495173920564067643e-03,2.886925959688185425e-02,4.094459628574130539e-02,4.396661453698797600e-02,1.018209391991542999e-02,5.938918125830218442e-02,3.257781976358787440e-02,4.050353541827676068e-02,2.996924975309537761e-02,6.404317358997473064e-02,2.009401201914802829e-02,2.071330737202887670e-02,1.542655770242089275e-02,1.193990860621614927e-02,1.807376413856391986e-02,2.409284379298768514e-02,3.544813780760786015e-02,2.372289886154708288e-02,6.063152532183311433e-02,6.984894578175164515e-02,2.240501135424616957e-02,4.964987599612126490e-02,1.338750674973002985e-01,6.599069424434207687e-02,8.861610583482726344e-02,5.528831538173858279e-02,1.546493914773741651e-02,4.453146059072693452e-02
8.585281020459358328e-03,1.330054868633552198e-02,9.542697692868569101e-03,5.207777626311082229e-03,2.091050445523660525e-02,2.956528480596267230e-02,2.968382360936789796e-02,8.353180108942558080e-03,3.312437668208578767e-02,2.027626676610175607e-02,2.618286041061319500e-02,1.610732076793123038e-02,4.371180163870422991e-02,1.327873327968182200e-02,1.213364767711116836e-02,1.022602533533455323e-02,0.000000000000000000e+00,1.422679633111952231e-02,1.317133633946630279e-02,3.079648653755863441e-02,1.700914841763007113e-02,4.960251686843299840e-02,4.653332829043015095e-02,1.703720320963237125e-02,3.285577269420012630e-02,7.564255227067742671e-02,5.100029841209439280e-02,6.373353116983614119e-02,4.906979745494739059e-02,1.023568140270312427e-02,3.131985444567590704e-02,1.352788719116469751e-02,9.137491484898214653e-03,1.214614457364784558e-02,7.735205727871754394e-03,1.261130686360349348e-02,5.398688302871297064e-03,3.943064696667667596e-03,1.248117815569041271e-02,6.802675201864241683e-03,1.002549580296845794e-02,6.795882357639644947e-03,9.411845469377752224e-03,3.103659669111203008e-03,2.044285913203583785e-03,1.113165205991836423e-02,1.397905991033453893e-02,1.780400010139261344e-02,6.195176446874437783e-03,2.091840725640524423e-02,2.985783735156739838e-02,3.225779998353100336e-02,7.373115477708773111e-03,4.341875802270438178e-02,2.427667671204537456e-02,2.950419812649878945e-02,2.271810941343865159e-02,4.713821373180881319e-02,1.442926145900684347e-02,1.521172177993067309e-02,1.119377313155896399e-02,8.849317110189736449e-03,1.312703573608434843e-02,1.799080757738139719e-02,2.671794384713723977e-02,1.751838757738235705e-02,4.401328003155006302e-02,5.102583957793518227e-02,1.649883183027664457e-02,3.584406667907458210e-02,9.749994042122442361e-02,4.837221344408677154e-02,6.555165643616955862e-02,4.071038699006595402e-02,1.153092689360459347e-02,3.264676275056514754e-02
1.629347643760813841e-02,2.530927347823375487e-02,1.796766617378426495e-02,9.892105342086303724e-03,3.993050899616255173e-02,5.662244829871238699e-02,5.721220619813063846e-02,1.606665014096776006e-02,6.299665758233385926e-02,3.838517527081922870e-02,4.969043931958191246e-02,3.053277950495174309e-02,8.340437744521814190e-02,2.524725137243469947e-02,2.257669271405670502e-02,1.947767283270148905e-02,1.422679633111952231e-02,0.000000000000000000e+00,2.439966505213092204e-02,5.817391867227306168e-02,3.222712635094748118e-02,9.471947224392111842e-02,8.847512807586775663e-02,3.233500762015500268e-02,6.301740899591645739e-02,1.444148901507687488e-01,9.641065593681734380e-02,1.208206635228905590e-01,9.386429850426800114e-02,1.934908799147339042e-02,5.934994924247080639e-02,2.668867589986971545e-02,1.738540034382822855e-02,2.241734966145954647e-02,1.489313547532362947e-02,2.396463583443536258e-02,1.011496118512458624e-02,7.316063572018510937e-03,2.451336635677256459e-02,1.345756583827468177e-02,1.907343387710178431e-02,1.317202076906800849e-02,1.789524979059923387e-02,5.957193614228218151e-03,4.038718598865068815e-03,2.130200379296201540e-02,2.662794970258156035e-02,3.340087982535625694e-02,1.177464605828078444e-02,4.041638363243645060e-02,5.704950797123169159e-02,6.136184320542027726e-02,1.412937601710837626e-02,8.352849676646276200e-02,4.567012420362858566e-02,5.603934608420763075e-02,4.211220807632711643e-02,8.955630770942568653e-02,2.794245713400969958e-02,2.895812814221859766e-02,2.141039264708294657e-02,1.680747648710701619e-02,2.501493135093935463e-02,3.353367023907524724e-02,4.987114737546796683e-02,3.305525954624725232e-02,8.410664041228149701e-02,9.782835321446274601e-02,3.149679265750143786e-02,6.908635540701144051e-02,1.868002266148016677e-01,9.202008377065455658e-02,1.241799379854421348e-01,7.714966878575828246e-02,2.179490589065518139e-02,6.221053761510580982e-02
1.491244785527592182e-02,2.251953808051572817e-02,1.676069705671637614e-02,8.940507336466934490e-03,3.615237960898425029e-02,5.127256343214721401e-02,5.137128498917661185e-02,1.455645654166323397e-02,5.702686700016313531e-02,3.480699843253770576e-02,4.510559425587436916e-02,2.838386286346411894e-02,7.473323541879733911e-02,2.294668890601344463e-02,2.130076259286037624e-02,1.743625674928053065e-02,1.317133633946630279e-02,2.439966505213092204e-02,0.000000000000000000e+00,5.268325448768471780e-02,2.922942825378237186e-02,8.525604109659726260e-02,8.162978462702991100e-02,2.971499845414945357e-02,5.648526779804230458e-02,1.324511457709399154e-01,8.808092395904754124e-02,1.089515489821474697e-01,8.549224427823327865e-02,1.758052137132893808e-02,5.483909738394907030e-02,2.388122273731765541e-02,1.628119974881549886e-02,2.097427296163327862e-02,1.360104779131833877e-02,2.159787148129406822e-02,9.182214924763768341e-03,6.933892937797345515e-03,2.219210714919090874e-02,1.223115836564824151e-02,1.781152417374331012e-02,1.199234995821504314e-02,1.612262848404194190e-02,5.330764884994021631e-03,3.807884076206155197e-03,1.942404557088675890e-02,2.380914199668677025e-02,3.058969529358363665e-02,1.068519950639004734e-02,3.620085352571863341e-02,5.205702991189834622e-02,5.550028006708839640e-02,1.265664795110515474e-02,7.531377159607227645e-02,4.155706038539017100e-02,5.120059680297642940e-02,3.942416155614941048e-02,8.150011626210579285e-02,2.517970945561279206e-02,2.652541492626880881e-02,1.925638772103835383e-02,1.511365766535716949e-02,2.302885293930046276e-02,3.100392726780194785e-02,4.551007859636877623e-02,3.022137960685367802e-02,7.628362184981558880e-02,8.820367383159112562e-02,2.890654481352139885e-02,6.208688772706834336e-02,1.702519430369424658e-01,8.375866313728366763e-02,1.134603954583352364e-01,7.026513657285557435e-02,1.987867296980955559e-02,5.681607009043618955e-02
3.480376021885428495e-02,5.377660365580973212e-02,3.899304068377541788e-02,2.128880320999314638e-02,8.544292565289138275e-02,1.213652908803190128e-01,1.230607780111655364e-01,3.412519781720367573e-02,1.365157073621824924e-01,8.285686531630537255e-02,1.068528997244670986e-01,6.534092585310319334e-02,1.802121913550645826e-01,5.334197813435330449e-02,4.767451294465851336e-02,4.153568732291249010e-02,3.079648653755863441e-02,5.817391867227306168e-02,5.268325448768471780e-02,0.000000000000000000e+00,6.853743357842229100e-02,2.001384727814292663e-01,1.898239395908204175e-01,6.935428952365332855e-02,1.339628829537619914e-01,3.082448408949489682e-01,2.083775588126437484e-01,2.588592221725533049e-01,2.006951258893957257e-01,4.132564200953595113e-02,1.273537829760889029e-01,5.632909569888375906e-02,3.689816600770056548e-02,4.902898208782146411e-02,3.232441262855647451e-02,5.147902242030723968e-02,2.172431187746711942e-02,1.550836855324380127e-02,5.168169165981096463e-02,2.833989169177522638e-02,4.157140855209986302e-02,2.873999105990361971e-02,3.837165583736148328e-02,1.288350692800726768e-02,8.261327572552708970e-03,4.501723842260403619e-02,5.679113822086655911e-02,7.336774880520244291e-02,2.563556149019339050e-02,8.590245163704816889e-02,1.221178205641889197e-01,1.326670218524107492e-01,3.034891024385569583e-02,1.782063017249943815e-01,9.925226112748690432e-02,1.199390734222740701e-01,9.103661786663740096e-02,1.927485120927574791e-01,5.983276814956392520e-02,6.170193945206783187e-02,4.535518195188108226e-02,3.598567682576424287e-02,5.247559231164450333e-02,7.301635286218800813e-02,1.071632012280864382e-01,7.016847910563774049e-02,1.782818609845237823e-01,2.079239251834136826e-01,6.766139538793261576e-02,1.474612839772697359e-01,3.992537693147748534e-01,1.978713643621605456e-01,2.650608381099747168e-01,1.653432764269349431e-01,4.640502344713332006e-02,1.332500084005148189e-01
1.988302817020225904e-02,3.063596634059571888e-02,2.201222573774838653e-02,1.195763743983437218e-02,4.798611217126638739e-02,6.638956207256870024e-02,6.858745237851981980e-02,1.870498769675003198e-02,7.388664925837463981e-02,4.574092354231137914e-02,5.912977841409817331e-02,3.753949298368951248e-02,9.966674968926803047e-02,3.009141326328303861e-02,2.666077675900499835e-02,2.282104834413827693e-02,1.700914841763007113e-02,3.222712635094748118e-02,2.922942825378237186e-02,6.853743357842229100e-02,0.000000000000000000e+00,1.097941708516673165e-01,1.039781925454099504e-01,3.909161755751081047e-02,7.449444742377538120e-02,1.721257521159801351e-01,1.133890964934911039e-01,1.421324964330613061e-01,1.088444483445494687e-01,2.310250361492706059e-02,7.087382964413371789e-02,3.112136025991017393e-02,2.036235476884546911e-02,2.753138584740328146e-02,1.781724587000061907e-02,2.872633156706664789e-02,1.186384164965084177e-02,8.662913599648647961e-03,2.890632758822676493e-02,1.554675995660487198e-02,2.303120081158212262e-02,1.617144784781969491e-02,2.147557503436327633e-02,7.321188252558087466e-03,4.537343671839290035e-03,2.539771354801885483e-02,3.157010048546354808e-02,4.010908618803023240e-02,1.437144532612078668e-02,4.832022784841118190e-02,6.689969104079804274e-02,7.370371110245171886e-02,1.686649754605997614e-02,9.636771851949420264e-02,5.512767645084277329e-02,6.680786941083916020e-02,5.192094271103103731e-02,1.069033450027681714e-01,3.351703312230235043e-02,3.417434286064081200e-02,2.544402825608751972e-02,1.990639334382515030e-02,2.901556624849151514e-02,3.957370470954394565e-02,5.900651388008620185e-02,4.010657072903001108e-02,9.730111452398192140e-02,1.146148976032753952e-01,3.755040814961924101e-02,8.065754819927567487e-02,2.212650595200870429e-01,1.080910795359869697e-01,1.478991160650532100e-01,9.115247110771665384e-02,2.568222893475910137e-02,7.339504089712291235e-02
