0.000000000000000000e+00,1.770137578910454743e-02,1.221984624080995133e-02,5.875025265487820829e-03,2.549504808546056503e-02,3.144243499048472723e-02,3.338480145796909881e-02,6.270289013832347665e-03,4.243980501264580513e-02,1.956561605693256725e-02,3.000127263530482161e-02,1.715067809438505439e-02,5.024374328270954371e-02,1.460525600105007718e-02,1.858844858499591329e-02,1.194796442314058869e-02,8.990014717855375134e-03,1.622772900175720873e-02,1.433227202366274371e-02,3.202101042556061705e-02,1.511513274662602650e-02,5.776065336631736741e-02,5.062899407601036822e-02,1.736365132515228088e-02,4.093261245913169116e-02,8.458439973454312533e-02,5.189058171703824635e-02,6.265404108267523531e-02,4.375293852487061735e-02,1.134108001031125870e-02,3.609981287685708889e-02,1.377377064315421333e-02,7.446485200719423804e-03,1.593776274866181425e-02,9.123740461237357310e-03,1.564568790485533836e-02,5.552551735636910082e-03,5.264953758163688248e-03,1.309535488653598527e-02,9.728025277034901483e-03,1.144368361114150509e-02,8.504709137039783221e-03,9.830897897196710922e-03,4.166503397766875214e-03,3.282237717969561323e-03,1.006129791643455874e-02,1.829345762008360854e-02,2.222213964272346312e-02,7.149150352846580028e-03,2.482575187490086363e-02,3.403817019522402398e-02,3.638298963302331185e-02,1.000174451883919548e-02,3.797936873732456892e-02,2.380987260373150158e-02,3.626297029601475291e-02,2.149144003444655726e-02,4.980505263178882508e-02,1.884737927128708745e-02,1.359677104552110480e-02,1.418912339543136093e-02,8.998797664875265306e-03,1.841803048359318129e-02,2.059066514171139020e-02,2.902633425594212599e-02,2.212554317919427846e-02,5.553110743749985201e-02,5.773039611471326993e-02,1.673967750792928685e-02,3.792278460087396275e-02,1.079655437469985158e-01,4.873075136229108872e-02,6.476857625392272444e-02,4.711793874475124488e-02,1.118228128491345445e-02,3.429715289332061628e-02
1.770137578910454743e-02,0.000000000000000000e+00,2.532228666792769173e-02,1.191519741037739590e-02,5.248232429846332037e-02,6.232223444336991436e-02,6.968229491030006328e-02,1.188821184692193805e-02,8.647985791980233872e-02,3.989422514102144296e-02,6.095384214737883249e-02,3.309852665981936892e-02,1.036349826905024335e-01,3.033318716299265513e-02,3.671177678208252526e-02,2.352107827670530185e-02,1.862097332426325413e-02,3.322992548204416197e-02,2.898049688894005840e-02,6.528006114380295599e-02,2.914280141413875744e-02,1.168997277561771159e-01,1.010357833952728185e-01,3.256819509951608405e-02,8.321397329146479338e-02,1.660992169890580794e-01,1.050589762087893592e-01,1.276535942427287074e-01,8.760242701143997057e-02,2.269375150202668917e-02,7.292857246579313724e-02,2.775674398467219833e-02,1.477573096450723877e-02,3.273120093226099259e-02,1.870812208659973497e-02,3.334100447918692672e-02,1.142141372406797924e-02,1.060977000696184877e-02,2.545896428562717528e-02,2.009275240224600578e-02,2.362511753951231433e-02,1.705449564234021859e-02,1.993032166949909589e-02,9.121202593383082383e-03,6.618227563804621010e-03,2.042787481380170522e-02,3.727826596716381224e-02,4.652058458858403245e-02,1.404565082637757555e-02,5.068134885975193737e-02,6.866002455360306622e-02,7.494242282646695896e-02,2.057769546953323175e-02,7.604654918753137038e-02,4.986112478122679825e-02,7.401308600679053218e-02,4.212752466801122919e-02,1.024647769780507728e-01,3.908645817797765792e-02,2.624217074038669856e-02,2.898127020976499005e-02,1.826275844898079398e-02,3.717166220638008778e-02,4.295264496308924540e-02,5.905559069916673648e-02,4.346338104629714205e-02,1.131608665229394267e-01,1.159082520691466084e-01,3.336196943461552239e-02,7.697318258683204240e-02,2.168736604286559400e-01,9.967574383138780303e-02,1.315092191957126233e-01,9.594217496989095040e-02,2.322767804280617687e-02,6.879696906024537761e-02
1.221984624080995133e-02,2.532228666792769173e-02,0.000000000000000000e+00,8.411128254860121209e-03,3.646446160544878495e-02,4.311354209883072608e-02,4.782859645860049191e-02,8.078201018231784269e-03,5.906066661552610703e-02,2.752470486047223566e-02,4.261947355982671076e-02,2.344550108009016073e-02,7.153407003756978577e-02,2.129180577118857873e-02,2.552485260050272459e-02,1.624367512521264142e-02,1.280834493272062571e-02,2.300340175910760634e-02,2.078314288059112877e-02,4.556911902674488923e-02,2.023303859105815214e-02,8.153729515227932378e-02,7.049993766252583838e-02,2.287627961008436780e-02,5.750217547273744206e-02,1.146732979101358768e-01,7.294216302977357680e-02,8.839582297228014418e-02,6.080759068421508901e-02,1.584682453526603182e-02,5.116986940530318662e-02,1.835803583853133636e-02,1.043845054087856952e-02,2.285902258762493450e-02,1.274931086229904621e-02,2.307370660512671548e-02,7.981502893025568118e-03,7.539594845831383389e-03,1.697827398707244667e-02,1.408574986209856945e-02,1.673025063882618152e-02,1.183336364508321553e-02,1.400057547896909997e-02,6.066532588643543979e-03,4.748224110812096152e-03,1.434025061452402772e-02,2.534741758964042385e-02,3.235435900049619951e-02,9.600703611838484752e-03,3.519582586392237117e-02,4.771838971767530801e-02,5.157509702389278389e-02,1.430428178422152481e-02,5.267624939265153766e-02,3.445279413568710924e-02,5.170894655765458786e-02,2.971675407779680519e-02,7.093071111593703126e-02,2.697656568006678857e-02,1.855660171811234285e-02,2.012792155815022049e-02,1.267422410696188335e-02,2.581004551694688481e-02,3.047644942804182688e-02,4.144508013032664751e-02,2.993562563358895257e-02,7.886861307662296205e-02,8.068239225104871515e-02,2.302218604641732488e-02,5.331350269622317506e-02,1.502107836175494149e-01,6.953374533938129487e-02,9.231321490399473084e-02,6.632506402226025222e-02,1.620803375351673181e-02,4.823913507663181444e-02
5.875025265487820829e-03,1.191519741037739590e-02,8.411128254860121209e-03,0.000000000000000000e+00,1.712309189848661845e-02,2.038530966690136129e-02,2.225342852411702627e-02,3.815812432109588585e-03,2.811800259362050303e-02,1.290555947140866605e-02,2.020543268494743444e-02,1.109362860178432497e-02,3.359055999417178556e-02,1.004816901404287886e-02,1.219073758006086403e-02,7.724813978841427696e-03,6.040089013420355327e-03,1.083679740276452357e-02,9.681125094104365419e-03,2.128195310846433402e-02,9.624277630310141413e-03,3.838266213382988956e-02,3.340581074783756377e-02,1.089649048463003748e-02,2.716006153352853308e-02,5.412160861621892471e-02,3.461619258143899813e-02,4.155431036268290856e-02,2.862794981018714630e-02,7.557487751469966868e-03,2.442691586133682174e-02,8.962187993759024654e-03,5.024384082213324484e-03,1.099687533879249897e-02,6.227525029848415654e-03,1.066925254111171333e-02,3.583818860015030010e-03,3.596714993815368529e-03,8.297460252963210700e-03,6.682029376219460019e-03,7.871534384695838896e-03,5.642714762317329116e-03,6.582682111466418851e-03,2.902815793083205441e-03,2.262899530153890046e-03,6.845402126230385950e-03,1.214355077794156655e-02,1.546173173948467601e-02,4.577714096206541954e-03,1.695975684500836134e-02,2.249875530251945269e-02,2.451822570559488573e-02,6.795564175130122675e-03,2.459942615885164427e-02,1.635190359599312387e-02,2.456671013684643898e-02,1.411689393252058868e-02,3.355031236937373873e-02,1.281985846805056006e-02,8.669556273601861790e-03,9.619948790115189982e-03,6.050658686459966552e-03,1.242161799418328022e-02,1.446466068286210958e-02,1.951276278827010491e-02,1.460001599119840725e-02,3.694693039900023152e-02,3.796663242726636828e-02,1.102419822568018008e-02,2.535753251843008912e-02,7.132871299617239702e-02,3.257683539215199681e-02,4.295829361050849254e-02,3.120365550342435457e-02,7.509053938540466606e-03,2.272268529232208609e-02
2.549504808546056503e-02,5.248232429846332037e-02,3.646446160544878495e-02,1.712309189848661845e-02,0.000000000000000000e+00,8.850205547577691401e-02,9.828187534246966839e-02,1.679466354475950968e-02,1.218502414332456735e-01,5.729079352020458038e-02,8.818122858694821264e-02,4.820554580764425945e-02,1.473299040003470395e-01,4.382025327190740283e-02,5.250329580844140254e-02,3.390561795505688675e-02,2.676183107704802402e-02,4.761233608179221699e-02,4.243751133768123435e-02,9.346415392395120147e-02,4.161665178438536672e-02,1.680229725083129677e-01,1.448779827690300226e-01,4.696603332791852298e-02,1.190061427967700758e-01,2.357181506195778486e-01,1.507275348814959837e-01,1.832210704356538600e-01,1.256771956550361280e-01,3.332551250402342180e-02,1.060018825028416906e-01,3.893135222245693722e-02,2.136275097706502243e-02,4.736030140966888263e-02,2.686920973867544873e-02,4.777432233006623230e-02,1.614308569226233572e-02,1.561142143476519466e-02,3.598378295952793515e-02,2.865863948806799885e-02,3.406390850563315031e-02,2.434745339074393874e-02,2.894536046359060671e-02,1.285683194334295842e-02,9.605687412935394118e-03,2.942331372931917405e-02,5.311595239939157637e-02,6.716567409722301596e-02,2.001649345962999704e-02,7.341186254535927991e-02,9.796889502551797690e-02,1.070191342156807945e-01,2.953850328724290028e-02,1.079676549894531129e-01,7.229166269188962157e-02,1.076611914102974105e-01,6.132718136936849557e-02,1.455811249403160257e-01,5.621273294319970720e-02,3.774285789089792953e-02,4.179104675143849312e-02,2.627856734614581607e-02,5.358007766861456328e-02,6.316279564984642048e-02,8.502053442288087792e-02,6.305368180591862382e-02,1.613170732378538252e-01,1.664177951052263627e-01,4.788009494479347761e-02,1.102547431071498607e-01,3.094828735534206343e-01,1.425137753527750684e-01,1.891234514686285229e-01,1.369117473513301597e-01,3.350711462427380383e-02,9.887691693816472172e-02
3.144243499048472723e-02,6.232223444336991436e-02,4.311354209883072608e-02,2.038530966690136129e-02,8.850205547577691401e-02,0.000000000000000000e+00,1.181848765055733552e-01,2.055784687150157691e-02,1.468184525814409669e-01,6.764072931350602336e-02,1.041173094074623745e-01,5.786403468676962203e-02,1.756498697906630491e-01,5.174776591392740710e-02,6.329109040075332759e-02,4.103885557349518098e-02,3.158750750865699924e-02,5.712610981528846998e-02,5.078942153044137958e-02,1.121230252998555166e-01,5.027482668497412072e-02,2.027036069144889929e-01,1.761006336534020611e-01,5.710326165616107924e-02,1.430217174598897023e-01,2.881197861550033323e-01,1.815333603289698838e-01,2.190205398450756069e-01,1.521324977201751749e-01,3.932905206991976071e-02,1.256398268111755812e-01,4.727899656529177541e-02,2.599957545872956521e-02,5.639114623098421403e-02,3.213083095647956827e-02,5.595075124056859972e-02,1.939384342846942402e-02,1.852588972268571013e-02,4.366943581543941688e-02,3.486602295404749724e-02,4.079308022130623268e-02,2.879444896570063431e-02,3.435536106484551877e-02,1.502588587158257619e-02,1.150059103725306967e-02,3.544392855517738972e-02,6.451077690462084235e-02,7.963129528439712168e-02,2.399883904941596188e-02,8.706371308680325993e-02,1.178948355626025096e-01,1.278933862775217811e-01,3.482073609401288572e-02,1.313770003024682387e-01,8.365489382303928356e-02,1.277172910440868558e-01,7.267259959098881783e-02,1.741385746015521596e-01,6.667819423968995851e-02,4.604136996719100650e-02,4.920992266885913097e-02,3.094008839797946289e-02,6.420304319306036067e-02,7.435025884949851560e-02,1.025690638738674110e-01,7.471240603497303345e-02,1.965856304023301249e-01,2.015419229497178444e-01,5.713336269008763985e-02,1.330971841938576594e-01,3.725314532007644175e-01,1.723020756867458536e-01,2.269935754517387327e-01,1.658459127847693171e-01,3.952050200903953897e-02,1.185370424607884304e-01
3.338480145796909881e-02,6.968229491030006328e-02,4.782859645860049191e-02,2.225342852411702627e-02,9.828187534246966839e-02,1.181848765055733552e-01,0.000000000000000000e+00,2.244243075103621518e-02,1.635216609457875725e-01,7.538577249266065206e-02,1.163970403817228411e-01,6.343016637387126344e-02,1.939036030974474190e-01,5.737889587598083568e-02,6.958971114464415630e-02,4.531926108659970615e-02,3.543588835065912546e-02,6.255067605114762730e-02,5.580284906189200700e-02,1.232154713522495143e-01,5.527420627644735046e-02,2.228368613627247641e-01,1.920850837538028710e-01,6.204315658179860443e-02,1.586729533023720218e-01,3.140699373052673882e-01,2.002493512753138749e-01,2.423626395032774106e-01,1.670937753145702587e-01,4.375590226939964772e-02,1.385052805870035930e-01,5.288214624558687516e-02,2.844737038449974068e-02,6.247051773259369722e-02,3.590022870826130308e-02,6.279043995227112651e-02,2.139916111606716270e-02,2.091631051373391004e-02,4.909326640156191218e-02,3.825501905958559462e-02,4.504300941358803378e-02,3.209395781329632547e-02,3.802891902567941129e-02,1.707313061273247126e-02,1.280608901993604727e-02,3.854545020365597596e-02,7.072444191783569534e-02,8.820205421696616921e-02,2.637279080385286287e-02,9.671730673898512598e-02,1.299226937354640010e-01,1.424847572737976131e-01,3.917701679655246488e-02,1.436808062057924329e-01,9.512364917070413595e-02,1.417612125540524404e-01,8.069891876544196818e-02,1.933566738259558104e-01,7.383582696060039807e-02,5.003533030050218156e-02,5.501231137814773658e-02,3.465258251712059062e-02,7.091881838839703134e-02,8.278873843535268506e-02,1.118434128760196766e-01,8.331593658627101107e-02,2.134300443257541868e-01,2.205709468684960151e-01,6.340575292215494541e-02,1.466758093685881226e-01,4.105078497587510422e-01,1.892438550654333140e-01,2.500991587794233473e-01,1.812917500847636698e-01,4.364690615343255059e-02,1.307325901451799333e-01
6.270289013832347665e-03,1.188821184692193805e-02,8.078201018231784269e-03,3.815812432109588585e-03,1.679466354475950968e-02,2.055784687150157691e-02,2.244243075103621518e-02,0.000000000000000000e+00,2.814530579601952354e-02,1.290566010827194111e-02,1.980484680677286127e-02,1.123211563032448269e-02,3.339266419370004457e-02,9.624511618849357700e-03,1.230196631012895996e-02,7.871984175129406042e-03,6.071932290822244262e-03,1.088576648851034140e-02,9.747754601129981697e-03,2.116907253515180887e-02,9.810742430886726373e-03,3.846601464143157428e-02,3.376545167018119714e-02,1.117353070293371914e-02,2.739936251081959151e-02,5.628448916693386955e-02,3.448332010167094036e-02,4.205500173499953503e-02,2.908012378413138074e-02,7.521437346750058095e-03,2.396790155471187692e-02,9.137912027198007506e-03,4.941487138580055033e-03,1.064917132819832683e-02,6.018706153421724513e-03,1.037902021394513513e-02,3.625801506140987306e-03,3.510720248619509255e-03,8.601818907370065159e-03,6.579044189776707408e-03,7.701900776309547267e-03,5.547656834697059502e-03,6.567302586713029411e-03,2.832331429558896697e-03,2.238923994907643985e-03,6.773764581017720741e-03,1.236844970803721230e-02,1.488575396790000824e-02,4.613691100531335486e-03,1.662087586376824813e-02,2.237596019292050972e-02,2.437088527787710165e-02,6.572459484812583422e-03,2.487387405199811136e-02,1.587750346721578804e-02,2.449842168333186271e-02,1.411994537404965763e-02,3.320862415072602797e-02,1.251899018371528845e-02,8.939058312251505628e-03,9.193015946660918619e-03,5.941615306468554444e-03,1.235700336683188613e-02,1.391561435175960211e-02,1.912724537650665330e-02,1.460748754817705816e-02,3.729901154312940947e-02,3.870201911884771362e-02,1.096338316057182509e-02,2.538862117206865110e-02,7.211336984200615585e-02,3.253795823122977715e-02,4.330944832813699019e-02,3.114867533642579761e-02,7.529669912261116593e-03,2.270185064426655241e-02
4.243980501264580513e-02,8.647985791980233872e-02,5.906066661552610703e-02,2.811800259362050303e-02,1.218502414332456735e-01,1.468184525814409669e-01,1.635216609457875725e-01,2.814530579601952354e-02,0.000000000000000000e+00,9.335222286013857007e-02,1.433563894778424885e-01,7.741923128904762419e-02,2.416827775226473018e-01,7.125376538683320105e-02,8.608489296079954722e-02,5.615306337064971537e-02,4.373952382535930411e-02,7.825122449454569029e-02,6.937892974991670403e-02,1.541994104728305337e-01,6.874415666783040280e-02,2.782052752433158416e-01,2.399871514407458939e-01,7.656490950331706902e-02,1.974099774617465441e-01,3.929535956527380747e-01,2.494415225652804879e-01,3.009676525221228194e-01,2.082922915695477883e-01,5.472133538991014873e-02,1.718391517641138788e-01,6.509070039613845671e-02,3.547430721316469082e-02,7.703463762421267069e-02,4.378277975587337861e-02,7.788076938387072934e-02,2.664258310421753484e-02,2.516050225528873932e-02,6.006704924647020272e-02,4.754243011145614650e-02,5.551678177834497296e-02,3.961622556095938108e-02,4.730915001587317203e-02,2.105728193694535871e-02,1.568231333227144975e-02,4.804335427393651575e-02,8.818234532366955869e-02,1.094434956412130844e-01,3.276103257940790603e-02,1.190832199644230732e-01,1.620120878661095165e-01,1.766601317384988157e-01,4.800331749480208493e-02,1.800672781371625841e-01,1.158570168191473820e-01,1.745445519660687450e-01,9.865735235185431329e-02,2.401122129799282690e-01,9.162058968792304026e-02,6.239192510628963073e-02,6.736944014961183946e-02,4.288482529665355036e-02,8.805793595483600578e-02,1.023848192299096210e-01,1.397736567833441079e-01,1.018074835833438080e-01,2.677388492188649827e-01,2.766277526839775458e-01,7.758425775744914876e-02,1.829363093916449023e-01,5.091480007092754612e-01,2.358872449449901099e-01,3.125523020037537236e-01,2.270526185468733360e-01,5.489682361680062184e-02,1.616332318734332307e-01
1.956561605693256725e-02,3.989422514102144296e-02,2.752470486047223566e-02,1.290555947140866605e-02,5.729079352020458038e-02,6.764072931350602336e-02,7.538577249266065206e-02,1.290566010827194111e-02,9.335222286013857007e-02,0.000000000000000000e+00,6.718452886090786613e-02,3.689213148445236873e-02,1.122720510480795519e-01,3.322486069678361187e-02,4.061746195558214173e-02,2.614183968035443950e-02,2.043210021329799897e-02,3.640368823207056070e-02,3.242061468331832591e-02,7.128445578815596761e-02,3.217012951230050627e-02,1.289260841347782405e-01,1.120125432785052111e-01,3.613731566145359647e-02,9.202089731812103379e-02,1.825737158387494286e-01,1.152163014493736148e-01,1.404741899826782991e-01,9.593361145997907069e-02,2.503300221033554276e-02,8.062991915577878699e-02,3.016074427013907058e-02,1.658734384351132768e-02,3.616267188866389287e-02,2.054172465111519380e-02,3.627284416431509478e-02,1.233240019143929875e-02,1.203493152782511219e-02,2.801457814326603624e-02,2.244259318603670020e-02,2.612974404045148580e-02,1.851584817377453090e-02,2.175460816549339843e-02,9.639355987713291857e-03,7.570295272619808127e-03,2.247038475418616094e-02,4.063205088113451546e-02,5.046947768658735511e-02,1.526744635283826951e-02,5.639616460573800005e-02,7.478162477415273290e-02,8.178265357517937317e-02,2.238205508667429067e-02,8.296589936509225771e-02,5.512062771956961066e-02,8.227184294540722254e-02,4.700737135288439450e-02,1.116998345936446591e-01,4.267012511836695138e-02,2.908580544242293439e-02,3.153718538678147026e-02,1.993618595446467606e-02,4.132141413596526758e-02,4.755538688024976007e-02,6.432325413538413084e-02,4.818621409984864129e-02,1.238912962429678799e-01,1.279643786204163192e-01,3.678224050567373282e-02,8.439969747120990018e-02,2.384904289850041936e-01,1.097786898155686947e-01,1.450919695978068191e-01,1.039917100584669962e-01,2.548690055094661802e-02,7.559487031434468374e-02
3.000127263530482161e-02,6.095384214737883249e-02,4.261947355982671076e-02,2.020543268494743444e-02,8.818122858694821264e-02,1.041173094074623745e-01,1.163970403817228411e-01,1.980484680677286127e-02,1.433563894778424885e-01,6.718452886090786613e-02,0.000000000000000000e+00,5.673109988583353164e-02,1.731194711663896768e-01,5.136589817564773952e-02,6.105876004543401431e-02,4.025534499972242136e-02,3.131081182710764022e-02,5.614010176488977433e-02,5.021868500564278387e-02,1.099776771831718764e-01,4.876390473211841131e-02,1.968847055392226042e-01,1.698005452900155920e-01,5.497971815743689372e-02,1.399137587480021316e-01,2.774927736006167489e-01,1.776255898866996585e-01,2.159228087697944720e-01,1.479837772843579924e-01,3.899495307722630755e-02,1.241497555408280773e-01,4.522909290235543195e-02,2.513707218628131318e-02,5.501720296584543257e-02,3.125156690912710838e-02,5.601913405043543182e-02,1.900475915275126604e-02,1.823559246117061744e-02,4.141592114666437646e-02,3.359996916271774242e-02,4.003676866430443126e-02,2.829949007525323426e-02,3.427510581276305146e-02,1.495283527274597277e-02,1.128542369210820684e-02,3.403806492734745559e-02,6.246018504110027042e-02,7.810141952969820722e-02,2.373544097856072552e-02,8.561434010780899495e-02,1.147014598150035564e-01,1.255412597723351842e-01,3.442144319206293102e-02,1.277145193028407233e-01,8.400939441245082462e-02,1.267653299222153418e-01,7.205793090886784824e-02,1.704936144786373120e-01,6.602410094859875733e-02,4.506272445785797914e-02,4.885073928322928444e-02,3.075400323274092920e-02,6.308550955392906723e-02,7.414496127183328733e-02,1.009609074364883202e-01,7.328633432455852748e-02,1.909259752003475419e-01,1.964437593999460441e-01,5.587836346313718866e-02,1.298229286585263487e-01,3.632043391218445216e-01,1.698621035626475539e-01,2.227502634517194713e-01,1.606025730006876151e-01,3.937179470668811937e-02,1.161345423364000679e-01
1.715067809438505439e-02,3.309852665981936892e-02,2.344550108009016073e-02,1.109362860178432497e-02,4.820554580764425945e-02,5.786403468676962203e-02,6.343016637387126344e-02,1.123211563032448269e-02,7.741923128904762419e-02,3.689213148445236873e-02,5.673109988583353164e-02,0.000000000000000000e+00,9.453525346746437241e-02,2.845745172042363560e-02,3.449784870895787614e-02,2.218738212007492078e-02,1.696734896552187441e-02,3.067100703465114320e-02,2.798596415682504460e-02,6.013464240767021907e-02,2.761689715751605018e-02,1.080223285947502915e-01,9.526950599977597467e-02,3.170533031308268856e-02,7.636881361027500481e-02,1.556897734013201196e-01,9.720154760267840643e-02,1.190447143237714361e-01,8.164226456459273973e-02,2.133207077375487773e-02,6.932787731703451972e-02,2.525043056343620820e-02,1.406106574820876337e-02,3.115642943485276775e-02,1.736385714307433006e-02,3.040286034488869776e-02,1.041189375758450747e-02,1.007074071222047694e-02,2.356912973089340946e-02,1.888561096226148289e-02,2.266141070055546075e-02,1.597487037772712948e-02,1.837956265389816338e-02,8.049066166337525904e-03,6.313417606962397864e-03,1.931338014492667288e-02,3.442755044799633568e-02,4.249218240672494873e-02,1.309743851295846161e-02,4.707346008429941914e-02,6.286235472272960756e-02,6.857135447666078132e-02,1.863986269433536361e-02,7.058121409261493284e-02,4.618991680940384703e-02,6.978521870756727863e-02,4.125595171362825275e-02,9.417430697019342489e-02,3.583923701807169293e-02,2.516038754514170542e-02,2.661649767028935118e-02,1.696844278189731103e-02,3.449242519697447162e-02,4.032100770037991277e-02,5.475802720929236894e-02,4.112845926954982606e-02,1.047443952782820681e-01,1.082976668021032318e-01,3.176578306010933994e-02,7.098618832520947608e-02,2.029845964469344788e-01,9.286242278614384449e-02,1.225226811273853467e-01,8.764473954464888084e-02,2.134721666664022091e-02,6.498393111551320489e-02
5.024374328270954371e-02,1.036349826905024335e-01,7.153407003756978577e-02,3.359055999417178556e-02,1.473299040003470395e-01,1.756498697906630491e-01,1.939036030974474190e-01,3.339266419370004457e-02,2.416827775226473018e-01,1.122720510480795519e-01,1.731194711663896768e-01,9.453525346746437241e-02,0.000000000000000000e+00,8.615070842544537977e-02,1.041184791493520306e-01,6.757298272747983003e-02,5.270610126184577249e-02,9.368062742036903368e-02,8.273007036023159733e-02,1.845822957209818649e-01,8.254227197880320555e-02,3.330423080416939907e-01,2.874151723896720689e-01,9.284053471784091405e-02,2.362217512937372643e-01,4.680181349286295922e-01,2.991372458892840314e-01,3.608950350574692822e-01,2.486182485319948787e-01,6.536151081969619747e-02,2.078635058424086191e-01,7.738825826302353494e-02,4.210962628555403597e-02,9.310142230578313804e-02,5.284752248863887336e-02,9.347662413642937596e-02,3.181372729619803136e-02,3.070572946947497731e-02,7.181418955984043839e-02,5.698154141137608958e-02,6.724077216058614581e-02,4.794466741893035899e-02,5.683572111139545413e-02,2.529057785863105326e-02,1.904748162873334816e-02,5.796697859181913770e-02,1.051160760617866202e-01,1.322697583671412491e-01,3.943387987644830783e-02,1.439116967578569495e-01,1.934474647599286057e-01,2.111767405794255648e-01,5.819656798760055455e-02,2.138848784845755746e-01,1.408772024348640128e-01,2.109971920738132056e-01,1.201793652635161080e-01,2.882866539173348230e-01,1.104427219073218780e-01,7.472791449016345788e-02,8.217830239042306362e-02,5.173443889267607954e-02,1.060302613427162310e-01,1.233187660912306444e-01,1.667723893377544564e-01,1.244761495778372723e-01,3.195350894856526236e-01,3.301294580588304273e-01,9.455180507142084412e-02,2.189104961415724859e-01,6.122919487455581455e-01,2.819893668828598599e-01,3.739131947156650315e-01,2.708144592290737118e-01,6.537675118949046182e-02,1.955176814931829932e-01
1.460525600105007718e-02,3.033318716299265513e-02,2.129180577118857873e-02,1.004816901404287886e-02,4.382025327190740283e-02,5.174776591392740710e-02,5.737889587598083568e-02,9.624511618849357700e-03,7.125376538683320105e-02,3.322486069678361187e-02,5.136589817564773952e-02,2.845745172042363560e-02,8.615070842544537977e-02,0.000000000000000000e+00,3.050560008177460869e-02,1.969496064196947505e-02,1.535554332106332277e-02,2.769116207829251664e-02,2.452125370483797945e-02,5.414596344861950794e-02,2.399517890652112795e-02,9.776728355097542844e-02,8.346777939708349692e-02,2.747245740907749631e-02,6.899680038451175279e-02,1.365354403208545730e-01,8.747969135781349936e-02,1.062234306093411546e-01,7.274522487279172500e-02,1.914332088977005117e-02,6.168260608728980132e-02,2.258099095483069932e-02,1.255577357692456118e-02,2.768765607138943402e-02,1.574687105004521706e-02,2.742015886840550726e-02,9.463700572810158917e-03,9.193207027384141944e-03,2.061122357451725465e-02,1.683512710271582724e-02,2.008283062467497090e-02,1.442027679996277754e-02,1.685889748868673460e-02,7.599161486019506001e-03,5.544222524402868044e-03,1.682014051053858789e-02,3.071575012403774188e-02,3.917144047334213119e-02,1.173028263210364013e-02,4.271020886355776647e-02,5.698141666523075938e-02,6.241806242204406274e-02,1.730477604687387719e-02,6.338837099957234100e-02,4.211081502992990860e-02,6.263195197113609336e-02,3.602217132567248764e-02,8.502071161308753788e-02,3.237252348827791837e-02,2.221270268413764321e-02,2.446201107999063096e-02,1.527808863178623314e-02,3.123092452781335918e-02,3.672167478334334434e-02,4.927153328480811390e-02,3.635326090671298083e-02,9.361681853772491069e-02,9.605512901068757881e-02,2.777300119952546067e-02,6.461962752896535656e-02,1.797346988221994457e-01,8.280907247234409185e-02,1.096374583064367719e-01,7.908220847277197540e-02,1.910818127585948295e-02,5.767520007575536317e-02
1.858844858499591329e-02,3.671177678208252526e-02,2.552485260050272459e-02,1.219073758006086403e-02,5.250329580844140254e-02,6.329109040075332759e-02,6.958971114464415630e-02,1.230196631012895996e-02,8.608489296079954722e-02,4.061746195558214173e-02,6.105876004543401431e-02,3.449784870895787614e-02,1.041184791493520306e-01,3.050560008177460869e-02,0.000000000000000000e+00,2.380878104893140515e-02,1.830500312690477513e-02,3.342163835741525368e-02,3.015515970322335190e-02,6.565608992843785519e-02,2.972995827069524477e-02,1.175877377294861220e-01,1.016729934828615178e-01,3.399867193330681492e-02,8.304280401101787890e-02,1.691650303998135096e-01,1.057621076272340782e-01,1.298508140043437564e-01,8.974142160498148335e-02,2.312257878255108076e-02,7.384505898606559537e-02,2.733505490196921212e-02,1.562441474584689780e-02,3.353705328490907966e-02,1.880189681097383519e-02,3.322834254016653055e-02,1.146438401971983448e-02,1.082829479251302268e-02,2.526299671617831741e-02,2.035014566056483898e-02,2.426635935368647023e-02,1.732268615902825964e-02,2.046396438979698751e-02,8.923623371673197746e-03,6.645466174883325750e-03,2.062686649220514534e-02,3.703340261316292320e-02,4.616907991687538293e-02,1.432222156286143758e-02,5.072038279920932508e-02,6.853916077428502673e-02,7.533980700860894164e-02,2.064261423087535713e-02,7.693253486771267635e-02,4.969843812716965431e-02,7.459299750572398469e-02,4.429539351817433218e-02,1.029993391610988518e-01,3.863588708082509038e-02,2.714785938396304527e-02,2.923186244974356265e-02,1.811375554255091960e-02,3.684942707324861955e-02,4.313702936458022053e-02,5.977122767708063777e-02,4.322687163129822208e-02,1.125194192322585135e-01,1.165290523144136975e-01,3.363142313320986732e-02,7.775167096327000038e-02,2.198779510485431299e-01,1.005314177081287202e-01,1.330673286437059066e-01,9.621362693031335067e-02,2.280540119343493072e-02,7.023456038443928739e-02
1.194796442314058869e-02,2.352107827670530185e-02,1.624367512521264142e-02,7.724813978841427696e-03,3.390561795505688675e-02,4.103885557349518098e-02,4.531926108659970615e-02,7.871984175129406042e-03,5.615306337064971537e-02,2.614183968035443950e-02,4.025534499972242136e-02,2.218738212007492078e-02,6.757298272747983003e-02,1.969496064196947505e-02,2.380878104893140515e-02,0.000000000000000000e+00,1.224972654484291802e-02,2.152604643748776830e-02,1.953075462306170032e-02,4.252255137813787389e-02,1.913122955370150785e-02,7.631527990692668628e-02,6.663075118464270585e-02,2.182674137599470779e-02,5.462213608223098760e-02,1.094404988515029903e-01,6.908699448996763470e-02,8.478988778317818331e-02,5.821917594454724398e-02,1.513130099504006974e-02,4.772915180748700525e-02,1.770012213405137633e-02,9.827771838087322534e-03,2.111297255495220987e-02,1.212374374429817277e-02,2.147967022540824000e-02,7.410869852887819013e-03,7.041781074574535344e-03,1.660396782381384773e-02,1.302982851155777382e-02,1.520438957797998897e-02,1.083342094304214943e-02,1.329182938993746579e-02,5.753268449933780955e-03,4.384329771688292438e-03,1.315696380939921674e-02,2.447956587651374180e-02,2.976258749866155309e-02,9.228840338040266225e-03,3.309787222757777647e-02,4.451814272736189654e-02,4.878719431884921687e-02,1.323151851880637053e-02,5.003099923799358278e-02,3.237624804274601142e-02,4.912790813858537026e-02,2.791156084197235487e-02,6.619904521175934420e-02,2.539243579129073572e-02,1.750171642194298799e-02,1.880507209003110317e-02,1.185592716652220276e-02,2.440422124680184657e-02,2.827902033046540697e-02,3.917973563910409629e-02,2.819273516500233126e-02,7.455817387079553826e-02,7.661213282434520266e-02,2.174687378247209743e-02,5.061849745831499547e-02,1.415552641566461267e-01,6.573193338175493949e-02,8.650453570932342684e-02,6.302024742569922733e-02,1.525282778631008480e-02,4.502100604780484572e-02
8.990014717855375134e-03,1.862097332426325413e-02,1.280834493272062571e-02,6.040089013420355327e-03,2.676183107704802402e-02,3.158750750865699924e-02,3.543588835065912546e-02,6.071932290822244262e-03,4.373952382535930411e-02,2.043210021329799897e-02,3.131081182710764022e-02,1.696734896552187441e-02,5.270610126184577249e-02,1.535554332106332277e-02,1.830500312690477513e-02,1.224972654484291802e-02,0.000000000000000000e+00,1.697030206475057257e-02,1.500895026924136885e-02,3.293535210894778242e-02,1.481741636805411488e-02,5.929122361346632342e-02,5.119825881843852872e-02,1.644849781339712685e-02,4.290640084280440691e-02,8.433309628148195902e-02,5.371272591609695113e-02,6.583735061703238634e-02,4.469038111351013309e-02,1.196390615218715855e-02,3.692458163146684902e-02,1.399544232393178100e-02,7.516714744383555524e-03,1.633124359143893131e-02,9.326425545149780519e-03,1.678506165940709879e-02,5.777446198149739989e-03,5.375799327778476785e-03,1.292232129165852249e-02,1.005536044760818939e-02,1.173891274131698935e-02,8.388475520907597710e-03,1.041431122874564644e-02,4.526620509487542729e-03,3.338169261540709001e-03,1.032316574624787819e-02,1.901499263068552950e-02,2.347477219874464366e-02,7.115270414780829403e-03,2.615812754329603987e-02,3.487558587753412931e-02,3.837928312681180426e-02,1.042643446282988037e-02,3.885979512685294041e-02,2.555370622527660535e-02,3.796196491133221884e-02,2.165772767935760651e-02,5.222350385305422199e-02,1.991225094752057528e-02,1.342916112225520792e-02,1.470967608741657710e-02,9.398208258843120458e-03,1.884027774733128963e-02,2.187560799883773652e-02,2.993714496293239935e-02,2.218111269052760667e-02,5.733010704351194919e-02,5.890450426525808969e-02,1.673582189531882397e-02,3.933409780550069929e-02,1.096150773328530975e-01,5.104187439680878124e-02,6.731115084750260991e-02,4.853285965513427780e-02,1.198588204880268564e-02,3.484291742598190356e-02
1.622772900175720873e-02,3.322992548204416197e-02,2.300340175910760634e-02,1.083679740276452357e-02,4.761233608179221699e-02,5.712610981528846998e-02,6.255067605114762730e-02,1.088576648851034140e-02,7.825122449454569029e-02,3.640368823207056070e-02,5.614010176488977433e-02,3.067100703465114320e-02,9.368062742036903368e-02,2.769116207829251664e-02,3.342163835741525368e-02,2.152604643748776830e-02,1.697030206475057257e-02,0.000000000000000000e+00,2.691115215276819808e-02,5.952700909021327313e-02,2.665628633712319520e-02,1.072440526004449085e-01,9.326654068400144770e-02,2.988315700309077810e-02,7.596946587933396666e-02,1.510017504916740527e-01,9.664820044470480431e-02,1.172161401184407259e-01,8.048414409059294339e-02,2.112306354824351751e-02,6.690258184263153662e-02,2.485990180671528854e-02,1.362320562732700392e-02,2.964147297849514112e-02,1.673194665430300862e-02,2.997177022308934735e-02,1.031915081634277725e-02,9.765380487071964946e-03,2.331901936271836909e-02,1.819800639558396063e-02,2.138833716969951865e-02,1.519509202361035705e-02,1.846471276885565047e-02,8.087091080238299756e-03,6.114015455333693047e-03,1.856732082480647486e-02,3.393996714204004089e-02,4.235046128633386531e-02,1.267653414874121177e-02,4.623108448166437373e-02,6.228410919664567613e-02,6.801605002270676159e-02,1.865205993594505965e-02,6.885824781178449816e-02,4.533463786697339293e-02,6.810438058533418992e-02,3.861413096452752380e-02,9.288883191203736733e-02,3.552308568928350119e-02,2.399917022202168251e-02,2.643650810520694824e-02,1.674004224850850209e-02,3.413885097149669395e-02,3.963789212500148235e-02,5.389601625036220811e-02,3.967026523763423490e-02,1.036569765526530740e-01,1.065899555058763132e-01,3.032095823409811791e-02,7.069564605854612716e-02,1.971539814541973801e-01,9.136921665086725208e-02,1.209377635116692939e-01,8.744010960340510563e-02,2.142322573882972717e-02,6.303318674128560728e-02
1.433227202366274371e-02,2.898049688894005840e-02,2.078314288059112877e-02,9.681125094104365419e-03,4.243751133768123435e-02,5.078942153044137958e-02,5.580284906189200700e-02,9.747754601129981697e-03,6.937892974991670403e-02,3.242061468331832591e-02,5.021868500564278387e-02,2.798596415682504460e-02,8.273007036023159733e-02,2.452125370483797945e-02,3.015515970322335190e-02,1.953075462306170032e-02,1.500895026924136885e-02,2.691115215276819808e-02,0.000000000000000000e+00,5.298308090683281207e-02,2.363373004729499641e-02,9.575916516409904711e-02,8.378375183001424142e-02,2.710149475660497340e-02,6.732917943132570027e-02,1.360940785461193236e-01,8.638626948877363432e-02,1.044029201606937463e-01,7.285585521559305444e-02,1.867915644544429141e-02,6.020301147264672803e-02,2.181827853278028168e-02,1.237685801242786182e-02,2.638016946402152105e-02,1.475308525631979263e-02,2.647088492545942792e-02,9.165847746251379671e-03,8.991988732096826975e-03,2.026612686959480478e-02,1.648444245515868350e-02,1.937288777400734269e-02,1.353939861088509708e-02,1.626269118267859373e-02,7.044017798146973500e-03,5.741974657166859508e-03,1.633859782390711252e-02,3.003301694981845571e-02,3.717475001983880367e-02,1.127888156845366883e-02,4.107807308722945944e-02,5.565565837384519460e-02,5.951483624212274004e-02,1.655788201806295684e-02,6.265111009696312794e-02,4.019833258332824316e-02,6.142653629599259535e-02,3.486974889032641578e-02,8.202161227127525989e-02,3.110258857213226563e-02,2.219005420003168638e-02,2.348992090628382670e-02,1.479836392220219496e-02,3.075351501636829077e-02,3.595108262877294569e-02,4.921803264765509806e-02,3.521550073966172451e-02,9.370323931162768960e-02,9.534093646692311241e-02,2.705360118774170416e-02,6.243870574548898711e-02,1.765528957027614199e-01,8.228667174592943501e-02,1.079390809283680280e-01,7.797344948220212568e-02,1.904800204869979904e-02,5.623017013168166850e-02
3.202101042556061705e-02,6.528006114380295599e-02,4.556911902674488923e-02,2.128195310846433402e-02,9.346415392395120147e-02,1.121230252998555166e-01,1.232154713522495143e-01,2.116907253515180887e-02,1.541994104728305337e-01,7.128445578815596761e-02,1.099776771831718764e-01,6.013464240767021907e-02,1.845822957209818649e-01,5.414596344861950794e-02,6.565608992843785519e-02,4.252255137813787389e-02,3.293535210894778242e-02,5.952700909021327313e-02,5.298308090683281207e-02,0.000000000000000000e+00,5.150766848529082786e-02,2.112133030479084184e-01,1.839851841894274143e-01,5.864132630726039130e-02,1.489017859931780763e-01,2.986272851886881963e-01,1.900229525182184909e-01,2.295994073583864370e-01,1.578814162020307221e-01,4.106097531500528530e-02,1.321507982529693259e-01,4.814240967366979068e-02,2.669973667677793747e-02,5.902526058724526237e-02,3.296766243712572625e-02,5.890245488503805665e-02,2.029871599363940182e-02,1.888966626512775596e-02,4.407637127404637895e-02,3.598699104994863840e-02,4.215476514732610647e-02,3.001258943033214416e-02,3.616076880861242293e-02,1.560771435754060993e-02,1.194890961982253072e-02,3.651110287759027490e-02,6.767347793737094053e-02,8.385999067562939502e-02,2.473564249501399373e-02,9.019790983940439988e-02,1.227239894139379034e-01,1.327686603634182783e-01,3.660452382428716622e-02,1.362245289393230474e-01,8.820069828560775371e-02,1.335437991310346462e-01,7.551215752343311272e-02,1.816619659740954518e-01,6.967924092345467724e-02,4.749867380868744854e-02,5.181254911295242460e-02,3.237556582733658317e-02,6.734838204805584927e-02,7.849708218250460445e-02,1.091237565170819074e-01,7.658823794062229184e-02,2.085953606265284754e-01,2.113338174860605045e-01,5.890476879515826186e-02,1.384388333630579837e-01,3.874478666938165894e-01,1.816737923995101200e-01,2.375515988021782432e-01,1.742539709509892676e-01,4.240721957585945334e-02,1.239343258263288644e-01
1.511513274662602650e-02,2.914280141413875744e-02,2.023303859105815214e-02,9.624277630310141413e-03,4.161665178438536672e-02,5.027482668497412072e-02,5.527420627644735046e-02,9.810742430886726373e-03,6.874415666783040280e-02,3.217012951230050627e-02,4.876390473211841131e-02,2.761689715751605018e-02,8.254227197880320555e-02,2.399517890652112795e-02,2.972995827069524477e-02,1.913122955370150785e-02,1.481741636805411488e-02,2.665628633712319520e-02,2.363373004729499641e-02,5.150766848529082786e-02,0.000000000000000000e+00,9.332232463681348900e-02,8.182216056676883120e-02,2.750254003653902421e-02,6.717415461944913069e-02,1.363007409563952166e-01,8.411382659997027056e-02,1.026882332025470385e-01,7.051988622459821887e-02,1.818317451159771891e-02,5.851659607767907556e-02,2.302456082517356784e-02,1.235866354997359334e-02,2.638839071489780877e-02,1.530334463124065694e-02,2.611694203719926166e-02,9.131346114996927166e-03,8.850140184296726581e-03,2.145357204565316589e-02,1.642526804077585126e-02,1.902445481195314675e-02,1.394906118603094110e-02,1.608304778217470310e-02,7.247951055883835626e-03,5.423613167749224105e-03,1.673348296835733273e-02,2.958094279770550825e-02,3.635658239753145060e-02,1.141238057139956630e-02,4.106471629184316186e-02,5.506375494044045416e-02,6.026747784426299964e-02,1.644975484148260975e-02,6.090774889277841830e-02,3.991275034186673315e-02,5.963643571352535838e-02,3.495630512257565103e-02,8.217360750056997010e-02,3.083154838130476236e-02,2.149904398101079583e-02,2.316635490564474334e-02,1.471944902560723759e-02,3.006288660649112515e-02,3.387227299173450890e-02,4.645338834625354490e-02,3.540234116030511330e-02,8.903280814599956461e-02,9.276983356001647363e-02,2.726092228660702277e-02,6.194843286027950507e-02,1.761487296743252939e-01,7.895954136136652812e-02,1.056729073290832432e-01,7.580884013794889076e-02,1.804808286410684512e-02,5.590765990388815027e-02
