0.000000000000000000e+00,1.474873179016676812e-02,1.130264542532381788e-02,4.805185606830311706e-03,2.115044850159296386e-02,2.833091912899036655e-02,3.077746460168474113e-02,7.935883531072412955e-03,3.982046020598523778e-02,2.068754703164613420e-02,3.129452503939247204e-02,1.856625636909203098e-02,5.002428334153451867e-02,1.243090913135267393e-02,1.438145261645687976e-02,1.075383664759937616e-02,8.815563254846248489e-03,1.637291060382867897e-02,1.903369919232371366e-02,2.761900781705161484e-02,1.636303275164703933e-02,5.197844681952919210e-02,5.029576258469077576e-02,1.961673991742279854e-02,3.553876767886297861e-02,8.734452853572542697e-02,4.397040455107033979e-02,6.459554433994184330e-02,4.427817103515913760e-02,1.178633329856234625e-02,3.423408423246302595e-02,1.454255064443519228e-02,8.916180595939628487e-03,1.831651121991037523e-02,1.083426377869702029e-02,1.174388500808382432e-02,5.809146991156397682e-03,5.313622220069311348e-03,1.413193640979987405e-02,1.157497601715317022e-02,1.530967485064543658e-02,8.880377910769364502e-03,8.028269695736441752e-03,3.652179668435526737e-03,4.731502545421678585e-03,9.732006584163366628e-03,1.653364887412712980e-02,1.911345675009173267e-02,7.031609964449406051e-03,2.227893704324079849e-02,3.320106740392055056e-02,3.355520633861500124e-02,9.651297080629268541e-03,3.974800375056238011e-02,2.330674217592204958e-02,3.304432096993299706e-02,2.291607308306887678e-02,4.543256660851340695e-02,1.362474324330880185e-02,1.611377956052694599e-02,1.296346915849473126e-02,8.237966190262180355e-03,1.387288973563451967e-02,1.776046788053198267e-02,2.932580153314375340e-02,1.758931995417464811e-02,5.123449087360637533e-02,4.767582293626410755e-02,1.339887660698409026e-02,3.277379944420333313e-02,1.055466062925806414e-01,4.948931837879664425e-02,6.467070435823794872e-02,4.575601509611221945e-02,1.114495703062531005e-02,3.785677623437047612e-02
1.474873179016676812e-02,0.000000000000000000e+00,1.800233868503945886e-02,7.957560622743090409e-03,3.517510142640204590e-02,4.742361256925074070e-02,5.196228441962449929e-02,1.289519374274509037e-02,6.656080265618885550e-02,3.484352063133316219e-02,5.234824372588003927e-02,2.922459036536042762e-02,8.384965209388628438e-02,2.059525673996821793e-02,2.297051149362347097e-02,1.808363366094754843e-02,1.499717806242266589e-02,2.729675510896344137e-02,3.193363797299353379e-02,4.501958195479762587e-02,2.587880802876845604e-02,8.640832858778994818e-02,8.132850656248755139e-02,3.118766509969325348e-02,6.005784848223316708e-02,1.409575299361044143e-01,7.375803368587915965e-02,1.082130583143906810e-01,7.440257556699408914e-02,1.936154756656693898e-02,5.673901167981649368e-02,2.454167996005617719e-02,1.431525067869579559e-02,2.954650585729701184e-02,1.784310772080252225e-02,1.921280703676467652e-02,9.980717211314091286e-03,8.749471766151178942e-03,2.400238107534772777e-02,1.908234916262552955e-02,2.473328962102746068e-02,1.474304982634576031e-02,1.345111786494043553e-02,6.059794267943134118e-03,7.738653899822597361e-03,1.510738304962631028e-02,2.716747623207177789e-02,3.050239063625843905e-02,1.130898074081344330e-02,3.722988533411988876e-02,5.516193321759761681e-02,5.591854795281424317e-02,1.580929368464354529e-02,6.734612560207578480e-02,3.886284443084869061e-02,5.577933411736885755e-02,3.629420728520661027e-02,7.586869723656027020e-02,2.298324825689812209e-02,2.563234517757971218e-02,2.141708037598004724e-02,1.398716635003080175e-02,2.352946966579682123e-02,2.893612257556869155e-02,4.921900986295722064e-02,2.764107889390264583e-02,8.623708024248488702e-02,7.646284038858018606e-02,2.117578819657027142e-02,5.570399575266283404e-02,1.721535738124801151e-01,8.298945812066987893e-02,1.064991497300862844e-01,7.670974364133154033e-02,1.859720757780251171e-02,6.212909748370059465e-02
1.130264542532381788e-02,1.800233868503945886e-02,0.000000000000000000e+00,5.789796533026142153e-03,2.541967860572584906e-02,3.504109153395493920e-02,3.766758051002553481e-02,9.541198429713345502e-03,4.943980164869939825e-02,2.507848658047609133e-02,3.840978062420598999e-02,2.218356723017387427e-02,6.142691563103980928e-02,1.523147171079337198e-02,1.737628452715247671e-02,1.341049684641720113e-02,1.081752638687153226e-02,2.036899511546376440e-02,2.399967951849922218e-02,3.411989210416053325e-02,1.906382016837509033e-02,6.465330357801693517e-02,6.136766322063700457e-02,2.368700507136282940e-02,4.384212418579709614e-02,1.063914237750474973e-01,5.500888694260417516e-02,7.944360232098840457e-02,5.494109411820031347e-02,1.428595471770865467e-02,4.192803295777141476e-02,1.751295081533207551e-02,1.102305170985135030e-02,2.240468702244111793e-02,1.315193467364987254e-02,1.441546903147777718e-02,7.307587175991356841e-03,6.558138941377885181e-03,1.694642419346872528e-02,1.436929133707892485e-02,1.878760879538149409e-02,1.076122219059678052e-02,9.690698305093422074e-03,4.418203675622957641e-03,5.809808173618714530e-03,1.125281633838801434e-02,2.015313935822829472e-02,2.343588568150935247e-02,8.529157522893239876e-03,2.680481924224821857e-02,4.130553904997402020e-02,4.117053226971809088e-02,1.144671441639207379e-02,4.956879752879078671e-02,2.786695001131602942e-02,4.094426778394140432e-02,2.734440294426642229e-02,5.598974163462082376e-02,1.654434284160950785e-02,1.944341888524244930e-02,1.564751788540504410e-02,1.002531930928197458e-02,1.729576128771831769e-02,2.225840275833062404e-02,3.696458294264434730e-02,2.038121453797724081e-02,6.418816996397577745e-02,5.740529415569061572e-02,1.617528928551303924e-02,4.026492740972502371e-02,1.275079134955380000e-01,6.131143725686292317e-02,7.960594981960933403e-02,5.695734207140745048e-02,1.383279039092733323e-02,4.661341692520901137e-02
4.805185606830311706e-03,7.957560622743090409e-03,5.789796533026142153e-03,0.000000000000000000e+00,1.103101420390989462e-02,1.549707474335026286e-02,1.648015701931930185e-02,4.113181978576223134e-03,2.172390761399006082e-02,1.096616662156725715e-02,1.698566361282224588e-02,9.436460009641744681e-03,2.681381817063997058e-02,6.643631079886193683e-03,7.430649140412933992e-03,5.872736462989657825e-03,4.752393342738059009e-03,8.679480554088998476e-03,1.038897413037179716e-02,1.454643978902975254e-02,8.281869016606494688e-03,2.808612002665231491e-02,2.652942641317319536e-02,1.016913896936728554e-02,1.931161112597706148e-02,4.555077890653626282e-02,2.407253740787248034e-02,3.472907424500408513e-02,2.417863170227718683e-02,6.213176100102067202e-03,1.845263104381024422e-02,8.001544127349784555e-03,4.718641728186820719e-03,9.695948408402163890e-03,5.889175554045522967e-03,6.016010164466348113e-03,3.126487364467201921e-03,2.822548377255257659e-03,7.950561648997218900e-03,6.330313008946839536e-03,8.037236552041037568e-03,4.723343533996054479e-03,4.276225161551662490e-03,1.930915004803178750e-03,2.540603896468110467e-03,4.923897879004280817e-03,8.816888447419159169e-03,1.001862366633749814e-02,3.622160554060503343e-03,1.195985849741915304e-02,1.802445923134759695e-02,1.790374083466809985e-02,5.136001275048759224e-03,2.137403144223237739e-02,1.220065861554397307e-02,1.802850732230975098e-02,1.175598938949988168e-02,2.442202313308696610e-02,7.319897802619119292e-03,8.422168653012943040e-03,6.849307623505993155e-03,4.411136220747278493e-03,7.680023569216582087e-03,9.535275149910435802e-03,1.591445932125343937e-02,9.078729854294392831e-03,2.807359081746040388e-02,2.497277110200834052e-02,6.671369551176010125e-03,1.800619114468978918e-02,5.630953732767123021e-02,2.662480995814859794e-02,3.419972706739535934e-02,2.477491907611811817e-02,5.935886319136597818e-03,2.029699083336212670e-02
2.115044850159296386e-02,3.517510142640204590e-02,2.541967860572584906e-02,1.103101420390989462e-02,0.000000000000000000e+00,6.710206875893484635e-02,7.416930091412589354e-02,1.797485290961520210e-02,9.442763110131460746e-02,4.958281989498274089e-02,7.501552023508845091e-02,4.188835878349121689e-02,1.201301596314608700e-01,2.990003704209853730e-02,3.249462750358170227e-02,2.579236326669044274e-02,2.142828601959663459e-02,3.903922235756724507e-02,4.535056107114594781e-02,6.384820361023715862e-02,3.632977498039541980e-02,1.220488549058963701e-01,1.152261598845000373e-01,4.489779047696912384e-02,8.513846607509496789e-02,2.009417728968946326e-01,1.047383473288993200e-01,1.538996195012427570e-01,1.050373701787178926e-01,2.739308379707233038e-02,8.086153363312538478e-02,3.523297363183840181e-02,2.084983944394190256e-02,4.346039015698002772e-02,2.596552645332855097e-02,2.761799770453252784e-02,1.416990230521739287e-02,1.266930452802902257e-02,3.456223205207156063e-02,2.818171506171510826e-02,3.601376863140910711e-02,2.106144555897668247e-02,1.900964391728019939e-02,8.597247661488678638e-03,1.136807194964187771e-02,2.163450905715096420e-02,3.872786430444431771e-02,4.317444692623934738e-02,1.623376372041742191e-02,5.359746199694672558e-02,7.902875811212878299e-02,7.988308956710987729e-02,2.228483193649967442e-02,9.520510321376202123e-02,5.637887583425929550e-02,7.987579424626733982e-02,5.222810598407998800e-02,1.081671573149232957e-01,3.271997688186916581e-02,3.656291369372807049e-02,3.013686155458479565e-02,1.967811364542609159e-02,3.312694962789473202e-02,4.150459009086756440e-02,7.046272419388882602e-02,3.951591074618504562e-02,1.224566037014609698e-01,1.079393395532702998e-01,2.996053503205366869e-02,7.905871763165799038e-02,2.445792216324725876e-01,1.184543258391365372e-01,1.529107736893514646e-01,1.097129558646246228e-01,2.659114869370261813e-02,8.959127648576949154e-02
2.833091912899036655e-02,4.742361256925074070e-02,3.504109153395493920e-02,1.549707474335026286e-02,6.710206875893484635e-02,0.000000000000000000e+00,1.002520659227910810e-01,2.421539627366026473e-02,1.295042209606614703e-01,6.596257718010506421e-02,1.008829053781585272e-01,5.630795844115493720e-02,1.618262241884447505e-01,3.980166978409468287e-02,4.428407382706984335e-02,3.518545527456927446e-02,2.853642202101950437e-02,5.305905800482547952e-02,6.221958948077006835e-02,8.814309094132771749e-02,4.861019418495684391e-02,1.686745640466558727e-01,1.575290744890283368e-01,5.993496601600516172e-02,1.153819880255305547e-01,2.724026766532584576e-01,1.440516780065173863e-01,2.086980585531650612e-01,1.449102687684450941e-01,3.698956964414121945e-02,1.092711937427060104e-01,4.660507638630306121e-02,2.827334516918970572e-02,5.798961844210839822e-02,3.468558944189720217e-02,3.759363613429723971e-02,1.919894928133166617e-02,1.712860037120780138e-02,4.525225150134751240e-02,3.786598451945973054e-02,4.820920931623847577e-02,2.808832888068470840e-02,2.570288622415517824e-02,1.168588369187238338e-02,1.492355372547816972e-02,2.902495152644719162e-02,5.282106174357649453e-02,5.951542340725501923e-02,2.192765795072086979e-02,7.127643375775845336e-02,1.074674298719487109e-01,1.076744926031789756e-01,2.996612401993004049e-02,1.309086718940889182e-01,7.414472018111452345e-02,1.071771853783632517e-01,6.937279417035849272e-02,1.461693395713301868e-01,4.404598631340650439e-02,4.996298270657704294e-02,4.109090213238809214e-02,2.659560648838135699e-02,4.533815051334613017e-02,5.711702340900704639e-02,9.624890103431725519e-02,5.305962722118724023e-02,1.687110802459953207e-01,1.488915313083735426e-01,4.071267605190379002e-02,1.067849814573665901e-01,3.331228314941277469e-01,1.617176126614894294e-01,2.065936667371791879e-01,1.489992901308507256e-01,3.559269132354285492e-02,1.207656548333533031e-01
3.077746460168474113e-02,5.196228441962449929e-02,3.766758051002553481e-02,1.648015701931930185e-02,7.416930091412589354e-02,1.002520659227910810e-01,0.000000000000000000e+00,2.649304749205018059e-02,1.407083383889596306e-01,7.284787179931538625e-02,1.104587342825500695e-01,6.164989574598328526e-02,1.762461991579136467e-01,4.364564795543311726e-02,4.792572409611686041e-02,3.821330538507967944e-02,3.144677847699639539e-02,5.742572116468554200e-02,6.667798601685412385e-02,9.545042150145505166e-02,5.327554139626568264e-02,1.816972275604600839e-01,1.698621607953924861e-01,6.589249908205827011e-02,1.257769143744421336e-01,2.964598413913910879e-01,1.552873125721258296e-01,2.265265958314610639e-01,1.556529927535992563e-01,4.060246619327578799e-02,1.187765760196485554e-01,5.165753088519864367e-02,3.089846965240546084e-02,6.360607735287973630e-02,3.809858650964396964e-02,4.050388413463381493e-02,2.078681306124692887e-02,1.879459788381749805e-02,5.095805874462411289e-02,4.125606612456152872e-02,5.326753165405185425e-02,3.126582486186878229e-02,2.816317712970715231e-02,1.271795997842059198e-02,1.660738989129673798e-02,3.169292402183396945e-02,5.750175973393261558e-02,6.383234432399552405e-02,2.408725213094066106e-02,7.857424071047805492e-02,1.168308591951462277e-01,1.182227233705849534e-01,3.282627639136848768e-02,1.410848653371848671e-01,8.295226171141341365e-02,1.170183612098856796e-01,7.712582262131408017e-02,1.600630193978911930e-01,4.812928206804288622e-02,5.405671874632216739e-02,4.439436216557909876e-02,2.918397771713737016e-02,4.884339153970155417e-02,6.128766167660409936e-02,1.036919305341968411e-01,5.839625099958226789e-02,1.806070991562537531e-01,1.594635273932449304e-01,4.446947291139741881e-02,1.167183558754257555e-01,3.618050589353564161e-01,1.753313019054175692e-01,2.250795638297767576e-01,1.619259278861755191e-01,3.879653546944955567e-02,1.314384494734577025e-01
7.935883531072412955e-03,1.289519374274509037e-02,9.541198429713345502e-03,4.113181978576223134e-03,1.797485290961520210e-02,2.421539627366026473e-02,2.649304749205018059e-02,0.000000000000000000e+00,3.462404045816674936e-02,1.780989648519646154e-02,2.707559763872146794e-02,1.568048769969264400e-02,4.303775701923404085e-02,1.059193961041056224e-02,1.247824690704150453e-02,9.115905001479351899e-03,7.605510698815889058e-03,1.411368750760705684e-02,1.683299823004789225e-02,2.382809478774793738e-02,1.405089514836629222e-02,4.476850224141400852e-02,4.360545890950427717e-02,1.658998490274333354e-02,3.043625468081066071e-02,7.488487921548019066e-02,3.751609541780782930e-02,5.562453521078375429e-02,3.833812181806445230e-02,1.014233274608757063e-02,2.936370128287275894e-02,1.208449338990664687e-02,7.350298459676279580e-03,1.538448870854176170e-02,9.017937176940667154e-03,9.866379996170248495e-03,4.984680080102710069e-03,4.510227207617996045e-03,1.174148205485140394e-02,9.548218213066027305e-03,1.284013996564064598e-02,7.321607826957550122e-03,6.881901211088855760e-03,3.158161642638757354e-03,3.949657041460311394e-03,8.312011189877331965e-03,1.432760451969353373e-02,1.662297775623396839e-02,5.872822652586810743e-03,1.880330206278514951e-02,2.837227811463945149e-02,2.872915055231155604e-02,8.340467892329252869e-03,3.418215739553251420e-02,1.991016917163172112e-02,2.870192011400172355e-02,1.952214466137106724e-02,3.897726530278681351e-02,1.156772111723808859e-02,1.364578524807155517e-02,1.113417951666799757e-02,7.174977433447716872e-03,1.199676378800671774e-02,1.542676402641193593e-02,2.567505247035699670e-02,1.492576712053346813e-02,4.428784804305850586e-02,4.141392207418181926e-02,1.129162531125495542e-02,2.835610051669665982e-02,9.069036558757398447e-02,4.246285137693098233e-02,5.529741509197406285e-02,3.943328188831151521e-02,9.746136591676418659e-03,3.231394992586388709e-02
3.982046020598523778e-02,6.656080265618885550e-02,4.943980164869939825e-02,2.172390761399006082e-02,9.442763110131460746e-02,1.295042209606614703e-01,1.407083383889596306e-01,3.462404045816674936e-02,0.000000000000000000e+00,9.344230107295070642e-02,1.424556061917886252e-01,7.939946373838489835e-02,2.272040253908833296e-01,5.641924052677638191e-02,6.199051290908907941e-02,4.902181063477092926e-02,4.034324308960972327e-02,7.459569823195819072e-02,8.797311439371999220e-02,1.243795528928661187e-01,6.879689639102957999e-02,2.359784836034498345e-01,2.210786748741208341e-01,8.383099363118702574e-02,1.613769583019818155e-01,3.832396503303009405e-01,2.017063158480030260e-01,2.934640767856868671e-01,2.033798456517302011e-01,5.270433370889620467e-02,1.533454084027205955e-01,6.390782632716596190e-02,3.931739670843758389e-02,8.110162009969001939e-02,4.822281696922542382e-02,5.313131836476326503e-02,2.684467318805480729e-02,2.398445729132556159e-02,6.211389983676389448e-02,5.238138666815331246e-02,6.719232856453009883e-02,3.909872412866468444e-02,3.628273167893103501e-02,1.632555167676068286e-02,2.094225036706370835e-02,4.071625481195317170e-02,7.398264962482394014e-02,8.435787656448942573e-02,3.052762822806222298e-02,9.943144491765748549e-02,1.501589046783222137e-01,1.510072171260238016e-01,4.210098497760641351e-02,1.826501844431380750e-01,1.049923646109880010e-01,1.504715836016344011e-01,9.799413946708229739e-02,2.053227904225281286e-01,6.159489180910547590e-02,7.001908247607821489e-02,5.780192323771727453e-02,3.772213249606240493e-02,6.343644845114515540e-02,8.089009868279783966e-02,1.356020410801242193e-01,7.424319806674409272e-02,2.357990667294123377e-01,2.094249333061609930e-01,5.737649912141770669e-02,1.491445082670843636e-01,4.657046711674533990e-01,2.266401354314336591e-01,2.911207411307427106e-01,2.089057206051526117e-01,5.056685918524260470e-02,1.688964206457796435e-01
2.068754703164613420e-02,3.484352063133316219e-02,2.507848658047609133e-02,1.096616662156725715e-02,4.958281989498274089e-02,6.596257718010506421e-02,7.284787179931538625e-02,1.780989648519646154e-02,9.344230107295070642e-02,0.000000000000000000e+00,7.356234941397256366e-02,4.092875546935492714e-02,1.175334445831176799e-01,2.944907346263674758e-02,3.210272040034232305e-02,2.526552435174304542e-02,2.080718220238123722e-02,3.851714527998584964e-02,4.456913282374930230e-02,6.433752402588063801e-02,3.593186127221840998e-02,1.215549886384419548e-01,1.135502159638025477e-01,4.371433332008855394e-02,8.392783111237527016e-02,1.982289950701800474e-01,1.033424209454253118e-01,1.511382378697542772e-01,1.031112960287464686e-01,2.691631937846598183e-02,7.902813412435144569e-02,3.373318093208713814e-02,2.051291192261927784e-02,4.209951779244163611e-02,2.476770845554287365e-02,2.773258716475929600e-02,1.385049005300987429e-02,1.235717465666442451e-02,3.295080732891633724e-02,2.730036529583499197e-02,3.507157769147286469e-02,2.020971759144158525e-02,1.875083531317944807e-02,8.487722723912866779e-03,1.097086616291756932e-02,2.110295393406534659e-02,3.816309988233630018e-02,4.288926487351364669e-02,1.598133232404202672e-02,5.235960335589024545e-02,7.632270256209733317e-02,7.845763815772772987e-02,2.170673895859101185e-02,9.254232669975674674e-02,5.482341810103165403e-02,7.801577976682533277e-02,5.104430469488371869e-02,1.059151535937526978e-01,3.220890544095252744e-02,3.571586476581947028e-02,2.960951693817041180e-02,1.934926706390921805e-02,3.286781480367869518e-02,4.101113089287711233e-02,6.898145790290281798e-02,3.859904661755064054e-02,1.201860026547817289e-01,1.070597874639378916e-01,2.950442199490770773e-02,7.756167264430216535e-02,2.394650869069366028e-01,1.167391704853577294e-01,1.505267281011911651e-01,1.073129740118908410e-01,2.608240019104102886e-02,8.731350393720758996e-02
3.129452503939247204e-02,5.234824372588003927e-02,3.840978062420598999e-02,1.698566361282224588e-02,7.501552023508845091e-02,1.008829053781585272e-01,1.104587342825500695e-01,2.707559763872146794e-02,1.424556061917886252e-01,7.356234941397256366e-02,0.000000000000000000e+00,6.256723374574361951e-02,1.787042404745634028e-01,4.433508084803796517e-02,4.810564699047507886e-02,3.834839725218763123e-02,3.151950483128371228e-02,5.878932240875341803e-02,6.795743030166552512e-02,9.789117508348092744e-02,5.417235963016083650e-02,1.833324579661921305e-01,1.709437261981934797e-01,6.612975712874541445e-02,1.259911506225979139e-01,2.996092768004841034e-01,1.570805229782958334e-01,2.296354708841211456e-01,1.581481432427409295e-01,4.142807269042012019e-02,1.208038151515125613e-01,4.976533920435405323e-02,3.085935817506785944e-02,6.396537327585564980e-02,3.788732325763245756e-02,4.179240467147265353e-02,2.097082814757065400e-02,1.865828197764798219e-02,4.784872925541071992e-02,4.078635135959479685e-02,5.307569212112459023e-02,3.069999883279534575e-02,2.856398853525784001e-02,1.277823314551585626e-02,1.616330400466239534e-02,3.190139078434724162e-02,5.766674288833557177e-02,6.598385495786560084e-02,2.434462674926285777e-02,7.874187540461731472e-02,1.173775395237804942e-01,1.190569656678812233e-01,3.285980558783674343e-02,1.415961885524945063e-01,8.251411005105753482e-02,1.185161265356344529e-01,7.799070873194473286e-02,1.615608518114266257e-01,4.908493716154017916e-02,5.461822778961528818e-02,4.530136167279358306e-02,2.955690006016754509e-02,4.979977690887400082e-02,6.295774432408687837e-02,1.059054589140464020e-01,5.833311973118446986e-02,1.831669200775972450e-01,1.625740127603981788e-01,4.496384868957924164e-02,1.178806078728709406e-01,3.647891008899059040e-01,1.776976198783332406e-01,2.281402647972899655e-01,1.636131860006137528e-01,3.982662026938408456e-02,1.334716409793738068e-01
1.856625636909203098e-02,2.922459036536042762e-02,2.218356723017387427e-02,9.436460009641744681e-03,4.188835878349121689e-02,5.630795844115493720e-02,6.164989574598328526e-02,1.568048769969264400e-02,7.939946373838489835e-02,4.092875546935492714e-02,6.256723374574361951e-02,0.000000000000000000e+00,9.981470400994486847e-02,2.500122807944235581e-02,2.813242874212552175e-02,2.150488480637499991e-02,1.765726474894310782e-02,3.276431473014187329e-02,3.820205349384163396e-02,5.553333627575296472e-02,3.165736702613773657e-02,1.031033134594200595e-01,9.908904996751166649e-02,3.813192111372936538e-02,7.030396273703916343e-02,1.713571249322010936e-01,8.772884455950957783e-02,1.285788947110892977e-01,8.808622703129426190e-02,2.328382239906689674e-02,6.814383544583833829e-02,2.854032457814500295e-02,1.759596487377800347e-02,3.661650889403475495e-02,2.120708315524016258e-02,2.348029688824599184e-02,1.159212925900886780e-02,1.045032475001089062e-02,2.772141251374195953e-02,2.301940391015159029e-02,3.039129010555554136e-02,1.724140391751256135e-02,1.594708432072193538e-02,7.348504919934877901e-03,9.287232517993342096e-03,1.881665590276825409e-02,3.290101227371111658e-02,3.755728608468519858e-02,1.375639745552917001e-02,4.395577977021852822e-02,6.496743885527951623e-02,6.665322660340212979e-02,1.898588607882588722e-02,7.886041664712051258e-02,4.642519990837856020e-02,6.594216584630577249e-02,4.468361478243336460e-02,9.053134335162386914e-02,2.723296753912460982e-02,3.129731953412490109e-02,2.522795445072731346e-02,1.627445407083353071e-02,2.753096875580511929e-02,3.543335413061413086e-02,5.889593866514161030e-02,3.406899685085148372e-02,1.023340102173955074e-01,9.335571031450548563e-02,2.579055296931225330e-02,6.571192496489809687e-02,2.074482005391439232e-01,9.903977014021217440e-02,1.287022563503741057e-01,9.092980739496729636e-02,2.240004841122944512e-02,7.567472421774189273e-02
5.002428334153451867e-02,8.384965209388628438e-02,6.142691563103980928e-02,2.681381817063997058e-02,1.201301596314608700e-01,1.618262241884447505e-01,1.762461991579136467e-01,4.303775701923404085e-02,2.272040253908833296e-01,1.175334445831176799e-01,1.787042404745634028e-01,9.981470400994486847e-02,0.000000000000000000e+00,7.109254707872963985e-02,7.702330643264086729e-02,6.178908394849052382e-02,5.070528271407605259e-02,9.382095551455377214e-02,1.078980123777800310e-01,1.553318724756788671e-01,8.633261463516431200e-02,2.951181808567837628e-01,2.750209670156097408e-01,1.068435571568227133e-01,2.033101360485036480e-01,4.800522826899306095e-01,2.506935557180810514e-01,3.678746717230120811e-01,2.528422606208821644e-01,6.608048106126315768e-02,1.930797736089417127e-01,8.228733370559469795e-02,4.974538378962193447e-02,1.033247880416436754e-01,6.142518745425459142e-02,6.604836118311170623e-02,3.379153335949137277e-02,3.015164007598426441e-02,8.063352135779804086e-02,6.650814480157279940e-02,8.611554004828102238e-02,5.046113126147926814e-02,4.538693668871032066e-02,2.082585731723012035e-02,2.670331500182868134e-02,5.132394263739516876e-02,9.267711166379699605e-02,1.054130463155480840e-01,3.913341057116700994e-02,1.265293587193572766e-01,1.882171412023605217e-01,1.911564679648280751e-01,5.322449532528440719e-02,2.281435957701369310e-01,1.330697733213493938e-01,1.890921402390813577e-01,1.241503676240908460e-01,2.593483309629316391e-01,7.792298385903910496e-02,8.790586960155170881e-02,7.280924050203090026e-02,4.719238200448856724e-02,7.904422316911115243e-02,9.990530080714933592e-02,1.681212877845030262e-01,9.434661827253601474e-02,2.932250114489045045e-01,2.595696134835736579e-01,7.230866131264641894e-02,1.885690586100079447e-01,5.869287803346830978e-01,2.838857085083973386e-01,3.654484287537684284e-01,2.626328841725747432e-01,6.318008526044582851e-02,2.140131559088496727e-01
1.243090913135267393e-02,2.059525673996821793e-02,1.523147171079337198e-02,6.643631079886193683e-03,2.990003704209853730e-02,3.980166978409468287e-02,4.364564795543311726e-02,1.059193961041056224e-02,5.641924052677638191e-02,2.944907346263674758e-02,4.433508084803796517e-02,2.500122807944235581e-02,7.109254707872963985e-02,0.000000000000000000e+00,1.908406486254051598e-02,1.519074675525138723e-02,1.259365227142041944e-02,2.308629570984441215e-02,2.693293478477704062e-02,3.790866024350969532e-02,2.154021529962650561e-02,7.265114473943638795e-02,6.797390425172379624e-02,2.660607590425144789e-02,5.009937551094687663e-02,1.190426661395592861e-01,6.158818210097853629e-02,9.139120082134070955e-02,6.250577826832325046e-02,1.644360510129089931e-02,4.773048019630598410e-02,2.041944937022262957e-02,1.238873180352174051e-02,2.563274496862525190e-02,1.522103387839610425e-02,1.624950135947396401e-02,8.394644581846738909e-03,7.565656939621839133e-03,1.976084191006966320e-02,1.654365035978400816e-02,2.127534346808646754e-02,1.234784648421989074e-02,1.124682131874589486e-02,5.148287007277856792e-03,6.678921380963553228e-03,1.274890930710861035e-02,2.303066139963960007e-02,2.619173033409341253e-02,9.600803377879831360e-03,3.162847105856875229e-02,4.681093842671771310e-02,4.714269000303610707e-02,1.312816474572700391e-02,5.657220716142771777e-02,3.343048784470344786e-02,4.693063495854397915e-02,3.107917630522010616e-02,6.367439162564927924e-02,1.909689131701617151e-02,2.179195309573235192e-02,1.785082731005850631e-02,1.182328979557365975e-02,1.962349960195666765e-02,2.487380867908578833e-02,4.123759103976116364e-02,2.321207683358720436e-02,7.245134171863876205e-02,6.388692245239217804e-02,1.768572938493979604e-02,4.678362298984996975e-02,1.443719919650043315e-01,6.955961003363973771e-02,9.037728462822972042e-02,6.443171266061825664e-02,1.566837159678421965e-02,5.290563207247788585e-02
1.438145261645687976e-02,2.297051149362347097e-02,1.737628452715247671e-02,7.430649140412933992e-03,3.249462750358170227e-02,4.428407382706984335e-02,4.792572409611686041e-02,1.247824690704150453e-02,6.199051290908907941e-02,3.210272040034232305e-02,4.810564699047507886e-02,2.813242874212552175e-02,7.702330643264086729e-02,1.908406486254051598e-02,0.000000000000000000e+00,1.665157578565465424e-02,1.348006216926433617e-02,2.498531698398437015e-02,2.988393191695192311e-02,4.309401110087363734e-02,2.501142948972610164e-02,8.111269537271501018e-02,7.817437374907448833e-02,2.956631163742565530e-02,5.479567057979837369e-02,1.338877233683808954e-01,6.922190927008183003e-02,1.006347157676620724e-01,6.964699264219020858e-02,1.828965982997467210e-02,5.305498782304936961e-02,2.222046493089923150e-02,1.368707360808882507e-02,2.778392519798257576e-02,1.639366081606090375e-02,1.816886442665125237e-02,9.004061638460314834e-03,8.117193807590909055e-03,2.146966834628278795e-02,1.747596494560715863e-02,2.327253734427392126e-02,1.340074048756582578e-02,1.266191143462688101e-02,5.579130748786509213e-03,7.146877514446169956e-03,1.473505264171326608e-02,2.567936460222488421e-02,2.919514069988699348e-02,1.052601379677119316e-02,3.396276747154375331e-02,5.089355491869807652e-02,5.165196379649366482e-02,1.492297262134756851e-02,6.158573891606376749e-02,3.539760028292739807e-02,5.150603739769383377e-02,3.487379820650197970e-02,7.044656117232059311e-02,2.108432240669158228e-02,2.465244882366014745e-02,1.992022028732185965e-02,1.265927862690631803e-02,2.152278754440791614e-02,2.792883857542726930e-02,4.616641706063695505e-02,2.661123860381265499e-02,7.997732215304446945e-02,7.495764344071625951e-02,2.020312740450468797e-02,5.127911602201234292e-02,1.628230957505500953e-01,7.669399556257495976e-02,9.990045858552469571e-02,7.105455980873333355e-02,1.750359820574966252e-02,5.894875957347685963e-02
1.075383664759937616e-02,1.808363366094754843e-02,1.341049684641720113e-02,5.872736462989657825e-03,2.579236326669044274e-02,3.518545527456927446e-02,3.821330538507967944e-02,9.115905001479351899e-03,4.902181063477092926e-02,2.526552435174304542e-02,3.834839725218763123e-02,2.150488480637499991e-02,6.178908394849052382e-02,1.519074675525138723e-02,1.665157578565465424e-02,0.000000000000000000e+00,1.092949369748915690e-02,2.001139807040558383e-02,2.347211705752529423e-02,3.370088206129311786e-02,1.849544912418573869e-02,6.361977207504092291e-02,5.962986445381987521e-02,2.283848674566676951e-02,4.393718866526171579e-02,1.033606323516994274e-01,5.490651798924797017e-02,7.942522780847136032e-02,5.490225642569211695e-02,1.412604160730950367e-02,4.162514222287575644e-02,1.787088837088518858e-02,1.081269854571719098e-02,2.196165241748123179e-02,1.309186998353222865e-02,1.452009385416023340e-02,7.336221672075289059e-03,6.492965668550343405e-03,1.741107228871547827e-02,1.425084471342065104e-02,1.811359563284409627e-02,1.078844117651270480e-02,9.993515290655057004e-03,4.526269547285068258e-03,5.677066825838720902e-03,1.088355025945100980e-02,2.008370080757581125e-02,2.248185666293009075e-02,8.410175496225937714e-03,2.718616268564245236e-02,4.075993394012625975e-02,4.121593992424625597e-02,1.134033831370055354e-02,4.937733217221036003e-02,2.844355725252058556e-02,4.089128502876273469e-02,2.665830684991324015e-02,5.592404632147324195e-02,1.676270854017985340e-02,1.873841530800050142e-02,1.580751143851927970e-02,1.007072353441591621e-02,1.731461353826129271e-02,2.148574226853102939e-02,3.648869381575757520e-02,2.009165807672046861e-02,6.363562302666399273e-02,5.620723308606712099e-02,1.564088967446209538e-02,4.085062298052498375e-02,1.260612768899637137e-01,6.118109104857195890e-02,7.858919659609915620e-02,5.681570341119854262e-02,1.350528001888922150e-02,4.568782878725798774e-02
8.815563254846248489e-03,1.499717806242266589e-02,1.081752638687153226e-02,4.752393342738059009e-03,2.142828601959663459e-02,2.853642202101950437e-02,3.144677847699639539e-02,7.605510698815889058e-03,4.034324308960972327e-02,2.080718220238123722e-02,3.151950483128371228e-02,1.765726474894310782e-02,5.070528271407605259e-02,1.259365227142041944e-02,1.348006216926433617e-02,1.092949369748915690e-02,0.000000000000000000e+00,1.663168920036513232e-02,1.922334428170555110e-02,2.750372819156566770e-02,1.522363193241979898e-02,5.217236238645926727e-02,4.806247815792186878e-02,1.884322724056821177e-02,3.617129484727722721e-02,8.515452184651135792e-02,4.458737031575770587e-02,6.495068723252725440e-02,4.441254830685004151e-02,1.152534590602749195e-02,3.365988214451985650e-02,1.441121808092167729e-02,8.806914568866539700e-03,1.807064593593128710e-02,1.057644714054063392e-02,1.197998258355050492e-02,6.035405159225793771e-03,5.283346519453225622e-03,1.389849927002927664e-02,1.156594799300789990e-02,1.488245771044075655e-02,8.645112898743223875e-03,8.150017262461938319e-03,3.674345537042504085e-03,4.652739729199256886e-03,9.038612930585712343e-03,1.636965178413444383e-02,1.847041383360882583e-02,6.898389441756888445e-03,2.234128492089370449e-02,3.307661466105072529e-02,3.382218849499904478e-02,9.315359898468388716e-03,4.040221827833636453e-02,2.372351666677748397e-02,3.346208377252965493e-02,2.205515813761133037e-02,4.583135405225628733e-02,1.374378793991292043e-02,1.520537184193991066e-02,1.283298331864274680e-02,8.427821915858512564e-03,1.405125887603536280e-02,1.763221797965895329e-02,2.980182782485432669e-02,1.648794508807427742e-02,5.164672532931786214e-02,4.552055951882391649e-02,1.287400217454470232e-02,3.353369330302645446e-02,1.027828744724741117e-01,5.044458761710008537e-02,6.466072955001103684e-02,4.609864433319716542e-02,1.108147457438580716e-02,3.719462104054430118e-02
1.637291060382867897e-02,2.729675510896344137e-02,2.036899511546376440e-02,8.679480554088998476e-03,3.903922235756724507e-02,5.305905800482547952e-02,5.742572116468554200e-02,1.411368750760705684e-02,7.459569823195819072e-02,3.851714527998584964e-02,5.878932240875341803e-02,3.276431473014187329e-02,9.382095551455377214e-02,2.308629570984441215e-02,2.498531698398437015e-02,2.001139807040558383e-02,1.663168920036513232e-02,0.000000000000000000e+00,3.565021918450168859e-02,5.088729983325108314e-02,2.813312667256211499e-02,9.709751273070049704e-02,9.057718865989991541e-02,3.532159024552320586e-02,6.632669782464908903e-02,1.584212863827218765e-01,8.224012789402515566e-02,1.200775789306007535e-01,8.209176061762656074e-02,2.133992911962361710e-02,6.288677736237319182e-02,2.702756233761487159e-02,1.650917068334744817e-02,3.431745123056920144e-02,2.016126334998222247e-02,2.184224005993315454e-02,1.116874835346388928e-02,9.870977285778176694e-03,2.612599486204256541e-02,2.220972565862757916e-02,2.829823756517684669e-02,1.644876200941102970e-02,1.461894897137782159e-02,6.818151420124846096e-03,8.827001270431261704e-03,1.654809030237901560e-02,3.041827412767949407e-02,3.475237646501652677e-02,1.290826406206210634e-02,4.113701948158433180e-02,6.216843571959765335e-02,6.235705104033810453e-02,1.742079349086422119e-02,7.505702942775052677e-02,4.387518430599766234e-02,6.174798540277899594e-02,4.046920715584583633e-02,8.474147702141850147e-02,2.523299061033523402e-02,2.838862057615847839e-02,2.385347528788931207e-02,1.552946886885846547e-02,2.565894096577286607e-02,3.269836299647449485e-02,5.513945061351357285e-02,3.040020832962054415e-02,9.649705780090417351e-02,8.467882148017129296e-02,2.387856714506059533e-02,6.153507069765798421e-02,1.914880581624640310e-01,9.317736059242386071e-02,1.198659365738301008e-01,8.571783890528572591e-02,2.040789941310125477e-02,6.978439891800761186e-02
1.903369919232371366e-02,3.193363797299353379e-02,2.399967951849922218e-02,1.038897413037179716e-02,4.535056107114594781e-02,6.221958948077006835e-02,6.667798601685412385e-02,1.683299823004789225e-02,8.797311439371999220e-02,4.456913282374930230e-02,6.795743030166552512e-02,3.820205349384163396e-02,1.078980123777800310e-01,2.693293478477704062e-02,2.988393191695192311e-02,2.347211705752529423e-02,1.922334428170555110e-02,3.565021918450168859e-02,0.000000000000000000e+00,6.038990770215404286e-02,3.326883079007019600e-02,1.137999110843560674e-01,1.060504017852527264e-01,4.013636186994147537e-02,7.709360476918244998e-02,1.837383030994912680e-01,9.722604017402540488e-02,1.403328374024376823e-01,9.796959900661009191e-02,2.568448389850553834e-02,7.345623021751204740e-02,2.980767904960514650e-02,1.865061946418627298e-02,3.804815506643730028e-02,2.258462884150341105e-02,2.540107005111767388e-02,1.275845449637631399e-02,1.132591958377288446e-02,2.858597694572544146e-02,2.404685183524209874e-02,3.162839304325351653e-02,1.829585825402445937e-02,1.755366181500598796e-02,7.806679636415255960e-03,9.727038503963815474e-03,1.936162512457271709e-02,3.507793524307258742e-02,4.102681787379046374e-02,1.462782562240603525e-02,4.729550445107563728e-02,7.191231063600476980e-02,7.219852154594265381e-02,1.997986968402379326e-02,8.758016013307842740e-02,4.945447597544496560e-02,7.217430279905789892e-02,4.725091216424693458e-02,9.827466390643921357e-02,2.962174312183632127e-02,3.359712872385471616e-02,2.791550694832727400e-02,1.796999561344014840e-02,3.083606789090547612e-02,3.919557986261427984e-02,6.500367356547653852e-02,3.559478230466310567e-02,1.126979009024750567e-01,1.009150038671276367e-01,2.767571049849150075e-02,7.152670181235948332e-02,2.219494575182584806e-01,1.087191898878441809e-01,1.393292302652601455e-01,1.004078476638140260e-01,2.453013295920435100e-02,8.064226471281969733e-02
2.761900781705161484e-02,4.501958195479762587e-02,3.411989210416053325e-02,1.454643978902975254e-02,6.384820361023715862e-02,8.814309094132771749e-02,9.545042150145505166e-02,2.382809478774793738e-02,1.243795528928661187e-01,6.433752402588063801e-02,9.789117508348092744e-02,5.553333627575296472e-02,1.553318724756788671e-01,3.790866024350969532e-02,4.309401110087363734e-02,3.370088206129311786e-02,2.750372819156566770e-02,5.088729983325108314e-02,6.038990770215404286e-02,0.000000000000000000e+00,4.753085742163001837e-02,1.605465635725082663e-01,1.531094601454656978e-01,5.852946475236171786e-02,1.098227108483138814e-01,2.649277050821639001e-01,1.381985019171894369e-01,2.002170669350514798e-01,1.374503007886729300e-01,3.598159574584171294e-02,1.056528406711643858e-01,4.472311347007412036e-02,2.736382799255665174e-02,5.659078927845804380e-02,3.339303244320573905e-02,3.605377211998985615e-02,1.843852683973828954e-02,1.654753489086779883e-02,4.267978259141420178e-02,3.632386943050379402e-02,4.681611119419419598e-02,2.675385287575739526e-02,2.441017566989767129e-02,1.113826945977117698e-02,1.464661050733531006e-02,2.789968897571503542e-02,5.100233392625136419e-02,5.806666803590541936e-02,2.101112379679633338e-02,6.787288527086121626e-02,1.025792422254673403e-01,1.026187972699514478e-01,2.888398789921798812e-02,1.238105975954767457e-01,7.173150334899160152e-02,1.026396871610669448e-01,6.810553765391670622e-02,1.395330851894872604e-01,4.132960327224189517e-02,4.805757642305252819e-02,3.909865558281575004e-02,2.557738283676284571e-02,4.320482085131274741e-02,5.522059252482842961e-02,9.194318914110895247e-02,5.099703071756353512e-02,1.608173939696731225e-01,1.433413481330040318e-01,3.920694823373174071e-02,1.018457225215628481e-01,3.198084051633966474e-01,1.549286474471297248e-01,1.983840558340985161e-01,1.421448906381481136e-01,3.446744687265933943e-02,1.169765447573555550e-01
1.636303275164703933e-02,2.587880802876845604e-02,1.906382016837509033e-02,8.281869016606494688e-03,3.632977498039541980e-02,4.861019418495684391e-02,5.327554139626568264e-02,1.405089514836629222e-02,6.879689639102957999e-02,3.593186127221840998e-02,5.417235963016083650e-02,3.165736702613773657e-02,8.633261463516431200e-02,2.154021529962650561e-02,2.501142948972610164e-02,1.849544912418573869e-02,1.522363193241979898e-02,2.813312667256211499e-02,3.326883079007019600e-02,4.753085742163001837e-02,0.000000000000000000e+00,8.968317934136024738e-02,8.762832574236006922e-02,3.387342846929881912e-02,6.146448393875889038e-02,1.507886926812870843e-01,7.562373786487981697e-02,1.118608138646022820e-01,7.640115804062355687e-02,2.031660053449269379e-02,5.898492463920436413e-02,2.504370242784023301e-02,1.497895297232548252e-02,3.084015509969540922e-02,1.836927047877413843e-02,2.011111088305960262e-02,1.001757903269930548e-02,9.169578381137646894e-03,2.433913704402164424e-02,1.944961787089895255e-02,2.581989563357640904e-02,1.487709660873148473e-02,1.386989460562982474e-02,6.376880416547537483e-03,8.035677771786963949e-03,1.708517970629158667e-02,2.865870819693386654e-02,3.275590140366210767e-02,1.171986933201939543e-02,3.831947473619208566e-02,5.662292079705503328e-02,5.766569151634844820e-02,1.676394322904872780e-02,6.778317106880406284e-02,4.022745355563320246e-02,5.731462165573677353e-02,3.940580195243652967e-02,7.807341064439762834e-02,2.362003084966676075e-02,2.757315384269094782e-02,2.224859770843671050e-02,1.434537303836112832e-02,2.389506520828573594e-02,3.069784697809959870e-02,5.097166371880784697e-02,3.017407251219295788e-02,8.824644073537363242e-02,8.310135635335985649e-02,2.279213644161826730e-02,5.705207287571539831e-02,1.819911992665366463e-01,8.486329552408614085e-02,1.114521039126231683e-01,7.877758937361059588e-02,1.957397199386107928e-02,6.543285523716810270e-02
