0.000000000000000000e+00,1.488318059435394906e-02,1.131723921307641913e-02,8.477059584208003484e-03,2.440293220180580341e-02,2.840710842820543675e-02,3.330072017631706405e-02,5.624364939557876565e-03,4.295971251385897333e-02,1.742166667689217310e-02,2.545688590480863628e-02,1.551127166444529054e-02,4.781031861483324430e-02,1.343631630795220737e-02,1.347289902310626515e-02,1.251388170805083945e-02,7.828945486517762190e-03,1.779804216969475480e-02,1.713745436984543541e-02,2.688581565478398785e-02,1.519032248353399325e-02,5.325152652585503354e-02,4.270777452802523161e-02,1.678861976423111704e-02,4.124090018617776465e-02,8.505212571912235120e-02,4.629023753120811713e-02,6.644506219177923056e-02,4.630235265475547701e-02,1.359360847318423840e-02,3.367343556168890528e-02,1.522769563602816879e-02,7.955038670593337150e-03,1.431524172900407003e-02,9.821215078717152047e-03,1.488719331274234760e-02,6.790809787460569055e-03,5.004167322273881530e-03,1.370967589152481507e-02,1.092996949326514866e-02,1.286383194123800165e-02,7.282803980020018282e-03,1.019499148010706742e-02,3.424298805512052558e-03,3.444522231583140026e-03,8.552733995254123769e-03,1.800866858430029069e-02,1.750953282692869345e-02,7.587465788653499112e-03,2.262331979592908243e-02,3.451948354528480700e-02,3.766421935034238583e-02,7.326009173958051603e-03,4.217466608293366642e-02,2.185795039552565142e-02,3.324952389686762488e-02,2.498378839706059604e-02,4.977307414505655753e-02,1.416465807789167759e-02,1.635591364152834404e-02,1.394457703540314016e-02,8.744674830459809450e-03,1.785266448169506998e-02,1.544625043855025158e-02,2.636303391720577066e-02,1.869596667379919142e-02,4.687054786389267813e-02,5.307662548397466123e-02,1.091201912145207953e-02,4.396910645529816808e-02,1.032859656741736548e-01,4.593105720204501002e-02,6.603742464098934228e-02,4.416936626483710521e-02,1.013882043493983046e-02,4.160542698012670293e-02
1.488318059435394906e-02,0.000000000000000000e+00,2.040388055055841407e-02,1.526517546905311294e-02,4.292636150374589538e-02,5.044660213343055838e-02,5.896911855256139340e-02,1.005232980742834167e-02,7.673585435466694082e-02,3.026361959303076193e-02,4.439828905557088173e-02,2.622203887912068904e-02,8.531202022766973259e-02,2.308471118175127457e-02,2.230135488191174048e-02,2.278514182015765194e-02,1.399788523532382797e-02,3.198792929114550876e-02,2.977352871719452995e-02,4.709551781372997570e-02,2.585266766191115714e-02,9.272536948605884788e-02,7.376617675161784016e-02,2.853578709526026144e-02,7.195635388297744184e-02,1.459407157119850251e-01,8.037251295042625865e-02,1.175610323912743144e-01,8.024844539150342848e-02,2.421532451791634857e-02,5.970075706273781507e-02,2.642798119719575942e-02,1.389915037811896396e-02,2.600118100455183628e-02,1.727597208168575940e-02,2.591740588160717368e-02,1.207109874637707012e-02,8.962485948046026302e-03,2.377898634131687255e-02,1.927593007818058368e-02,2.358222369380711531e-02,1.291432930164422219e-02,1.826880302729905203e-02,5.916234063292143477e-03,6.104620412887179146e-03,1.456316586545607951e-02,3.213731371010324772e-02,3.102871786391400710e-02,1.281555585614884384e-02,3.933315351291596235e-02,5.966958694193381929e-02,6.694171546937964512e-02,1.242613625749197301e-02,7.468608564078470236e-02,3.844334265953798513e-02,5.876701104971054218e-02,4.355126805266222589e-02,8.747088346282795579e-02,2.506108331558370636e-02,2.720304497130847030e-02,2.458845887067917513e-02,1.604835985177831270e-02,3.197999540462272139e-02,2.766668683613109775e-02,4.541511450191651478e-02,3.272281086110881421e-02,8.124755663073175704e-02,9.438824163673487089e-02,1.865030525867945529e-02,7.735396870719396523e-02,1.817642790797945884e-01,8.174312768874890389e-02,1.159415321693724049e-01,7.699428337544471368e-02,1.739977074455460737e-02,7.417754935215029044e-02
1.131723921307641913e-02,2.040388055055841407e-02,0.000000000000000000e+00,1.146110321729305014e-02,3.260965299758787628e-02,3.881837381626568328e-02,4.508110507682409202e-02,7.700659703509600724e-03,5.855717719113003039e-02,2.319458233103386183e-02,3.391638760569607586e-02,2.024425595624495394e-02,6.499044127370853796e-02,1.757052090777581899e-02,1.705848406455740679e-02,1.742402043466888956e-02,1.069808612792121603e-02,2.432552357329312298e-02,2.314327153196188772e-02,3.678862262619078671e-02,1.970990441890769010e-02,7.155381315948923515e-02,5.700592673320247633e-02,2.156230255960555481e-02,5.521456300093308817e-02,1.116596543548597914e-01,6.205468599308406469e-02,8.920403185315813055e-02,6.174810680709437449e-02,1.853051110382757105e-02,4.549264159926426354e-02,1.986069308659281149e-02,1.065995159717346603e-02,1.978101508002726855e-02,1.321118720589884235e-02,1.967143656390150236e-02,9.049648899361110305e-03,6.987696059919924763e-03,1.797033227840997074e-02,1.460761677551199698e-02,1.797762376937246317e-02,9.924691851243672147e-03,1.401581881393642107e-02,4.405270211823509446e-03,4.693714431853179825e-03,1.130275377590401337e-02,2.430456100813448844e-02,2.401327081147948753e-02,9.750842236942693780e-03,3.027018107720072515e-02,4.562579267227809265e-02,5.124833833796577087e-02,9.532790161643626622e-03,5.730459095962224525e-02,2.910518858000132880e-02,4.493447172307051679e-02,3.314410686813751283e-02,6.683857863018734247e-02,1.929926151535066650e-02,2.081935701595376623e-02,1.873992327396688598e-02,1.219792677906559805e-02,2.431537439771886897e-02,2.144194436607511911e-02,3.571657167026857232e-02,2.506625503837662736e-02,6.294303421563816892e-02,7.230304668992527939e-02,1.450556488079607180e-02,5.906680499270823559e-02,1.400845332128462795e-01,6.317784976709087119e-02,8.839750808224910994e-02,5.956480870362882568e-02,1.338492132513054503e-02,5.592084214312337265e-02
8.477059584208003484e-03,1.526517546905311294e-02,1.146110321729305014e-02,0.000000000000000000e+00,2.479102959458243105e-02,2.878273161616439965e-02,3.400438741943756504e-02,5.626591283078205205e-03,4.413989893002827347e-02,1.755981074001695258e-02,2.540668989625020219e-02,1.498135072706844803e-02,4.912195344943078024e-02,1.341298323519710817e-02,1.230351078083344839e-02,1.260563973520692840e-02,8.125175763324578998e-03,1.817690587918294881e-02,1.685415946427983383e-02,2.626216080848551085e-02,1.464811399287251070e-02,5.188516434368001945e-02,4.131391612754387044e-02,1.611358806461907905e-02,4.153748005932705878e-02,8.281504065851963414e-02,4.523884551070354865e-02,6.654541801908137044e-02,4.578834785926381989e-02,1.352479175061564037e-02,3.339410778703208460e-02,1.551067252724765665e-02,8.041829911601492548e-03,1.468369503267050007e-02,1.006049964930058778e-02,1.498048784457806960e-02,6.991596732451650642e-03,4.996520516443321222e-03,1.380028983648187366e-02,1.099125580664941232e-02,1.335803900178550267e-02,7.403379889386193895e-03,1.050380768994650313e-02,3.544190641667725045e-03,3.372304067073776668e-03,8.370704017325912918e-03,1.812608084743462175e-02,1.785011349654636384e-02,7.578017850812976755e-03,2.254082174411216333e-02,3.447330441312453086e-02,3.875004775244213218e-02,7.133228945926803170e-03,4.284477274906109412e-02,2.211766970441255559e-02,3.306465784160921018e-02,2.529638090404031509e-02,5.044228766989793805e-02,1.413951490324784864e-02,1.539281877109740550e-02,1.430030264409589552e-02,9.226389735720878088e-03,1.839530455387211952e-02,1.567296264919358986e-02,2.577489305208187018e-02,1.877466214135817268e-02,4.596770275389815141e-02,5.316650259297277248e-02,1.063145617782663456e-02,4.446115367359897846e-02,1.037328269035520251e-01,4.640527227866170917e-02,6.608957358735123577e-02,4.425347189649903729e-02,9.658176138644228997e-03,4.192863172758604096e-02
2.440293220180580341e-02,4.292636150374589538e-02,3.260965299758787628e-02,2.479102959458243105e-02,0.000000000000000000e+00,8.115309417001571879e-02,9.664007952324696338e-02,1.626096199500311895e-02,1.239351989032999729e-01,5.022458335506389121e-02,7.282549256130374515e-02,4.299764712113473414e-02,1.384623877856580587e-01,3.767008216481218530e-02,3.576487249244739153e-02,3.624635383865550120e-02,2.307184128006754473e-02,5.129006807448142219e-02,4.856614492547885187e-02,7.442398571289257636e-02,4.175055300321655477e-02,1.476108172320933221e-01,1.184368158957485873e-01,4.589336890009064474e-02,1.164025337425924483e-01,2.342080934631909639e-01,1.281545019253550743e-01,1.899604410843389601e-01,1.292592770583167738e-01,3.906224777325187358e-02,9.490044812231468452e-02,4.418867656453571297e-02,2.287696704786590721e-02,4.174691628492457895e-02,2.811764864445047765e-02,4.264991081400834605e-02,2.010135785727421368e-02,1.461711185722166552e-02,3.944987651417346253e-02,3.104865161612439112e-02,3.786148798437466434e-02,2.063886669334723950e-02,2.977759374671798062e-02,1.007877839075542459e-02,9.594056346127793206e-03,2.360222801993697855e-02,5.167274225306557611e-02,5.031109695653834119e-02,2.140067468486942653e-02,6.400613125806635384e-02,9.655671698011099313e-02,1.093717934123396712e-01,2.022985846055093753e-02,1.211029605956616823e-01,6.318182173189546003e-02,9.527771809534656133e-02,7.183837975108289808e-02,1.429097223609763767e-01,4.023499597674512485e-02,4.354133415305747740e-02,4.025729418588893521e-02,2.621819730830047754e-02,5.180612657605353916e-02,4.499937687055553109e-02,7.275722629080676185e-02,5.282862890197494860e-02,1.304964238874701254e-01,1.505158177924474650e-01,2.999638546003318557e-02,1.259806663445183772e-01,2.918412528345947221e-01,1.308344009016980114e-01,1.878533366970362994e-01,1.241149177859177527e-01,2.796441611919941658e-02,1.186591731204634237e-01
2.840710842820543675e-02,5.044660213343055838e-02,3.881837381626568328e-02,2.878273161616439965e-02,8.115309417001571879e-02,0.000000000000000000e+00,1.121793479725922971e-01,1.872495563824955883e-02,1.470985623845161017e-01,5.744257317702971405e-02,8.415825135410653912e-02,4.950472694115105876e-02,1.615034026753248420e-01,4.386712301519150176e-02,4.236071548574362605e-02,4.268394758589683091e-02,2.620812154732073129e-02,6.067131711930145999e-02,5.721715211147807012e-02,8.975627534384644779e-02,4.845237568572198505e-02,1.770124308010884440e-01,1.414949063323119871e-01,5.347540109356412052e-02,1.387452461471679332e-01,2.789487991430560365e-01,1.537043264680839905e-01,2.224906624260749588e-01,1.535865139321891670e-01,4.576677434926209459e-02,1.127448854297660036e-01,5.060777290669238315e-02,2.657512373904983086e-02,4.874327504809868733e-02,3.305536008576309692e-02,4.942991217090166728e-02,2.313898293051755081e-02,1.705776433811437634e-02,4.486861691913469896e-02,3.678734851904793407e-02,4.403451297575897844e-02,2.391786778183825971e-02,3.464856820217494110e-02,1.126089767205504764e-02,1.154088540795115449e-02,2.797000514681799443e-02,6.080442964589449772e-02,5.901756284579647016e-02,2.454287787794336151e-02,7.503816710318475525e-02,1.149240686570262987e-01,1.272928821372020514e-01,2.366766570151874680e-02,1.432350440268873870e-01,7.228501437630634185e-02,1.116332577227568956e-01,8.143315380179139140e-02,1.663558154636241571e-01,4.764031508773800688e-02,5.154308671132339092e-02,4.691428703642699927e-02,3.013918339466548427e-02,6.035921754059973138e-02,5.270697543613885039e-02,8.736063289069738447e-02,6.168366462542466261e-02,1.562885029863484154e-01,1.799173749786351084e-01,3.567237367871364806e-02,1.471647154744132879e-01,3.445936950647049413e-01,1.557418162856860910e-01,2.209424069217420239e-01,1.485229012377246860e-01,3.333930496950428951e-02,1.392559276396280188e-01
3.330072017631706405e-02,5.896911855256139340e-02,4.508110507682409202e-02,3.400438741943756504e-02,9.664007952324696338e-02,1.121793479725922971e-01,0.000000000000000000e+00,2.228402993363470808e-02,1.714404534768113053e-01,6.871356734717587456e-02,9.985726043184578460e-02,5.909849520320131777e-02,1.894837861733116580e-01,5.179808945719435731e-02,4.910906981564983065e-02,4.988631603380891399e-02,3.164714146823704999e-02,7.058531608973837856e-02,6.692985279705268575e-02,1.030527239691038655e-01,5.735661347733986976e-02,2.031544544552715825e-01,1.631634198674284109e-01,6.284735804624776156e-02,1.609465755373723772e-01,3.225774172602146606e-01,1.763705221623606823e-01,2.610512253356460644e-01,1.775093994217235016e-01,5.337429566694885247e-02,1.301602494762333362e-01,6.051396240627431033e-02,3.146228667415365554e-02,5.740788386808780980e-02,3.853236408388083928e-02,5.853299736792641483e-02,2.773132373859728619e-02,2.007012666023150205e-02,5.455239077534505820e-02,4.307776393322415576e-02,5.218862962180126353e-02,2.841778548804466467e-02,4.112199457132880570e-02,1.379027111408024156e-02,1.325241649161067008e-02,3.249465536795568404e-02,7.138046958070663750e-02,6.856940935621491651e-02,2.921689467734217560e-02,8.812544713409500852e-02,1.326090818864218424e-01,1.507990816085761909e-01,2.791157246788347757e-02,1.657424305964000089e-01,8.672998949731230978e-02,1.306341117782325312e-01,9.844038341909601419e-02,1.964736080517373584e-01,5.581936474143997517e-02,6.008443341075948851e-02,5.513238749365105551e-02,3.589194651214987208e-02,7.114095500848818809e-02,6.166745400574180636e-02,1.005416545595767680e-01,7.271935334911869275e-02,1.793552879280879142e-01,2.074580834702201559e-01,4.134751304402433519e-02,1.726593861435605226e-01,4.009143994525137811e-01,1.796496795786843292e-01,2.592152808628280791e-01,1.704630050529268859e-01,3.836473879421275351e-02,1.627500342368131125e-01
5.624364939557876565e-03,1.005232980742834167e-02,7.700659703509600724e-03,5.626591283078205205e-03,1.626096199500311895e-02,1.872495563824955883e-02,2.228402993363470808e-02,0.000000000000000000e+00,2.865802087889026545e-02,1.154113943475497742e-02,1.691755103627417059e-02,1.009375646371151597e-02,3.193591418451031255e-02,8.564514119477579374e-03,8.522644291515873299e-03,8.336673381196934435e-03,5.223964163646187091e-03,1.183395525692995318e-02,1.142277922560496969e-02,1.769604494862360086e-02,9.758673008010421146e-03,3.456299901233811367e-02,2.769870431403291533e-02,1.065916869021439443e-02,2.689866447425153309e-02,5.464381341940172110e-02,2.944401562156264557e-02,4.390661509362503434e-02,2.952736598729974876e-02,8.700356977169138376e-03,2.216791359163864869e-02,9.880686970820166948e-03,5.285493340820951805e-03,9.946136118191005113e-03,6.453536308182758127e-03,9.636683425432583314e-03,4.490654129158224220e-03,3.387167833621924917e-03,9.017348121467424343e-03,7.288193372759567239e-03,8.900105310463731281e-03,4.947773033707784755e-03,6.854843456651580486e-03,2.219005990496964419e-03,2.398023215582307209e-03,5.474314821631614397e-03,1.196555297195661498e-02,1.153165869863647351e-02,4.846872543678670993e-03,1.482157127022709110e-02,2.215951450376878532e-02,2.529615302270628655e-02,4.796222465344352620e-03,2.783997740272557003e-02,1.458448829474551928e-02,2.234540095064279155e-02,1.672252168119499338e-02,3.306776593563833661e-02,9.325299631897238095e-03,1.018969522220090386e-02,9.199669679858933635e-03,5.988842123161517740e-03,1.194099090310151400e-02,1.061399552329610543e-02,1.729997475940995774e-02,1.232198039381347636e-02,3.091879305308304141e-02,3.530253583238684989e-02,7.291704136515677649e-03,2.854395903837505383e-02,6.878986345841021921e-02,3.090746103480669291e-02,4.374186477151446178e-02,2.859395638466008527e-02,6.434785166902884899e-03,2.742582992292443705e-02
4.295971251385897333e-02,7.673585435466694082e-02,5.855717719113003039e-02,4.413989893002827347e-02,1.239351989032999729e-01,1.470985623845161017e-01,1.714404534768113053e-01,2.865802087889026545e-02,0.000000000000000000e+00,8.900963221792776436e-02,1.282022934608864628e-01,7.630944300396699798e-02,2.466149943798852939e-01,6.735919167221446346e-02,6.424336539753039421e-02,6.526493447195723385e-02,4.111160168205514609e-02,9.293861796552720100e-02,8.672029537211033146e-02,1.374211418579795729e-01,7.415108412415642725e-02,2.692605528185031405e-01,2.148169641883231062e-01,8.143472222335976229e-02,2.117011919561644362e-01,4.265527070240556218e-01,2.361617496939830974e-01,3.400240400681024955e-01,2.357417942569607905e-01,7.056161017979288574e-02,1.718265717841452045e-01,7.602168058114386340e-02,4.055235115365174448e-02,7.361518120230303719e-02,4.970783747839709749e-02,7.589368978547059164e-02,3.543987542771931398e-02,2.562965749784709008e-02,6.858745222729037416e-02,5.516774495478973805e-02,6.642145327035003932e-02,3.650561997113820067e-02,5.332342540544266624e-02,1.741322284711659119e-02,1.725182903845252566e-02,4.230651395516907970e-02,9.236574352552892608e-02,8.979716250559664770e-02,3.767596928808279733e-02,1.141745667967986044e-01,1.752692673647266719e-01,1.949144055344033954e-01,3.624764143134883571e-02,2.171956488261760632e-01,1.119733911632138229e-01,1.693187983832427079e-01,1.244624615696539177e-01,2.540241075403135707e-01,7.282626920488638467e-02,7.837817892309741075e-02,7.235088853935137121e-02,4.680758374988586851e-02,9.248627641482121131e-02,7.972671100039907532e-02,1.339196548799851949e-01,9.380219686813885682e-02,2.382437043074177585e-01,2.732636089030716642e-01,5.358991516522290666e-02,2.258333674275992131e-01,5.232808385341758406e-01,2.376804414784535746e-01,3.376854083172786125e-01,2.273540239462797652e-01,5.112079053771759196e-02,2.120320227439479732e-01
1.742166667689217310e-02,3.026361959303076193e-02,2.319458233103386183e-02,1.755981074001695258e-02,5.022458335506389121e-02,5.744257317702971405e-02,6.871356734717587456e-02,1.154113943475497742e-02,8.900963221792776436e-02,0.000000000000000000e+00,5.165201511974465420e-02,3.045445785670746613e-02,9.789063671190603722e-02,2.660267648040829172e-02,2.612247644043841008e-02,2.624105990955216683e-02,1.611429275782234188e-02,3.654208804395950305e-02,3.518819916421124516e-02,5.425523427083200206e-02,2.973428308283431951e-02,1.075909549516943925e-01,8.596611727847905393e-02,3.252374546098922570e-02,8.394279847209180911e-02,1.687967570927299543e-01,9.251404832994533645e-02,1.359949149677489033e-01,9.222827950652234819e-02,2.841399073820497639e-02,6.833919393395383735e-02,3.077485035140828384e-02,1.611738072255576928e-02,2.948766188581606815e-02,1.965736410657040190e-02,2.997407724071243090e-02,1.409482362705043179e-02,1.055979814675858316e-02,2.768047299435653918e-02,2.228301776555273797e-02,2.652676601577618268e-02,1.426363805920080434e-02,2.145084499380956605e-02,6.978738448729289792e-03,7.061033974239464689e-03,1.635387525908766834e-02,3.720380134479982226e-02,3.493663996697320834e-02,1.496080734932988751e-02,4.578973312496957548e-02,6.814135780327787439e-02,7.789543666106761577e-02,1.464005574849363590e-02,8.515423309585981593e-02,4.480811710031664535e-02,6.858132778984293854e-02,4.999204348215012528e-02,1.016332327735088165e-01,2.922377174504713071e-02,3.096352684228188823e-02,2.847530108749115468e-02,1.849570410590644851e-02,3.711429531325265846e-02,3.192515085623578303e-02,5.238426682062887613e-02,3.723250830556307928e-02,9.436652323598877790e-02,1.079681920685222202e-01,2.102607357672231503e-02,9.004382532263210948e-02,2.072749865634512800e-01,9.324728060860025536e-02,1.357260572632905116e-01,8.889699382738687483e-02,2.072716848384123858e-02,8.454035680142754638e-02
2.545688590480863628e-02,4.439828905557088173e-02,3.391638760569607586e-02,2.540668989625020219e-02,7.282549256130374515e-02,8.415825135410653912e-02,9.985726043184578460e-02,1.691755103627417059e-02,1.282022934608864628e-01,5.165201511974465420e-02,0.000000000000000000e+00,4.504225173762368972e-02,1.427421623345500323e-01,3.908162345220378420e-02,3.800090783517201531e-02,3.744525337391742953e-02,2.340553165309568889e-02,5.321751825097378874e-02,5.083073914308166436e-02,7.912722203644742547e-02,4.363954836963093026e-02,1.555625167216874716e-01,1.252125024247766893e-01,4.762741952021393166e-02,1.218032711334109258e-01,2.472691871485754589e-01,1.353288694428702033e-01,1.972855566963702956e-01,1.351834657257841299e-01,4.071780582430749307e-02,9.958808337169158809e-02,4.478998074368081145e-02,2.360790125447542395e-02,4.315951238664675338e-02,2.894719384973590964e-02,4.353534975942859736e-02,2.024212256868842749e-02,1.502642598145160525e-02,3.980971872801088163e-02,3.215761356248202085e-02,3.859740183946024777e-02,2.098390327497474603e-02,3.073872528227472589e-02,1.008660927611201331e-02,1.024560721322416781e-02,2.442457448358740027e-02,5.347622109345842589e-02,5.181190229516468432e-02,2.169985457571689536e-02,6.645802775674398977e-02,1.004977970564474438e-01,1.123093337087089916e-01,2.139693175349365387e-02,1.245324641924692027e-01,6.491498157597859475e-02,9.969126483639531577e-02,7.334285217779615285e-02,1.474868824108100662e-01,4.236407044402192706e-02,4.601739518664165612e-02,4.124886526846382323e-02,2.649504313097254815e-02,5.324248755629688856e-02,4.706290019349866627e-02,7.746581601523744309e-02,5.501859325231125281e-02,1.381002816219650264e-01,1.579947618445151636e-01,3.139703545907120141e-02,1.291276249687337008e-01,3.044151983956691621e-01,1.370992595438175754e-01,1.962212736156138393e-01,1.293243566104158304e-01,2.992937140427085613e-02,1.227770776223985616e-01
1.551127166444529054e-02,2.622203887912068904e-02,2.024425595624495394e-02,1.498135072706844803e-02,4.299764712113473414e-02,4.950472694115105876e-02,5.909849520320131777e-02,1.009375646371151597e-02,7.630944300396699798e-02,3.045445785670746613e-02,4.504225173762368972e-02,0.000000000000000000e+00,8.461148734344760280e-02,2.301281020970714561e-02,2.325138526694091323e-02,2.237289801853140081e-02,1.405865411016407607e-02,3.134124845723430114e-02,3.080520670784968329e-02,4.701834711235728520e-02,2.636600573010874221e-02,9.256394678086488081e-02,7.495050327241181698e-02,2.855356279044981779e-02,7.181184597665525582e-02,1.474865433698017703e-01,7.986794517867221166e-02,1.169356005491289513e-01,8.023226457281734669e-02,2.397009155051952820e-02,5.896281101143308750e-02,2.665937919363504938e-02,1.423872212241090486e-02,2.588553276522077493e-02,1.728788216763575344e-02,2.565836697224106386e-02,1.204971138819277421e-02,8.888218436428233643e-03,2.398033961154465848e-02,1.943800962159284579e-02,2.339392372098405073e-02,1.252203462015782226e-02,1.835547885242066676e-02,6.012775201677871169e-03,6.083282080168596340e-03,1.429954531260458316e-02,3.199850677989316688e-02,3.065221705616254927e-02,1.281826025188642984e-02,3.935256034976149925e-02,5.918837914249184401e-02,6.692126993764017928e-02,1.274693238697179563e-02,7.370864666356902184e-02,3.885172794042895256e-02,5.918192682177834951e-02,4.399056799904933757e-02,8.760982322090232755e-02,2.533863802374420118e-02,2.783519338036450144e-02,2.435301715498272221e-02,1.569560266374425347e-02,3.184166831664734382e-02,2.814800368929498350e-02,4.576765881094987248e-02,3.262520575424956992e-02,8.169160713043041588e-02,9.384930724119378009e-02,1.837055053957946729e-02,7.706451497282491847e-02,1.801758364436958637e-01,8.094299366152490904e-02,1.161145566378262578e-01,7.650980084162936623e-02,1.745951830550188447e-02,7.329920189102441530e-02
4.781031861483324430e-02,8.531202022766973259e-02,6.499044127370853796e-02,4.912195344943078024e-02,1.384623877856580587e-01,1.615034026753248420e-01,1.894837861733116580e-01,3.193591418451031255e-02,2.466149943798852939e-01,9.789063671190603722e-02,1.427421623345500323e-01,8.461148734344760280e-02,0.000000000000000000e+00,7.485326956384881492e-02,7.047776577483022553e-02,7.252651608553140061e-02,4.519140939353514380e-02,1.021163585963643095e-01,9.578323013198944413e-02,1.500330552528677530e-01,8.228489550862676249e-02,2.956919772955692305e-01,2.353171371546186053e-01,9.062948312191247691e-02,2.327159822887503171e-01,4.651200530834438407e-01,2.564534469544914042e-01,3.764871786877528326e-01,2.572530124836964749e-01,7.772375384584860603e-02,1.889961356680822102e-01,8.573380762804817812e-02,4.485710934190440674e-02,8.227570997127532648e-02,5.538686102255728494e-02,8.436617776017424353e-02,3.943102183486216217e-02,2.896122301262931548e-02,7.701993732321436859e-02,6.168424437537017163e-02,7.487970921023258397e-02,4.081257996888909556e-02,5.947084798688766216e-02,1.947151705917050252e-02,1.928362046862724943e-02,4.684815132154264428e-02,1.021904709392841143e-01,9.930688107374549545e-02,4.177856259285040591e-02,1.260953553392892279e-01,1.906492632701736745e-01,2.157011411984419424e-01,3.971767702157858598e-02,2.386762723652904594e-01,1.240877566045157088e-01,1.879084741699146022e-01,1.399080607222502326e-01,2.815244541389756439e-01,8.036651655892329549e-02,8.671644834892824893e-02,7.970237034142739485e-02,5.152511317393720924e-02,1.024210502614894686e-01,8.878195357824882061e-02,1.449697668320645838e-01,1.044372617571370510e-01,2.590656606543259022e-01,3.008012679694084257e-01,5.973976263068501991e-02,2.490778002204584174e-01,5.794091492811660471e-01,2.595098366840087323e-01,3.728705260990609061e-01,2.455731756440227287e-01,5.600561557645639121e-02,2.356531472373440128e-01
1.343631630795220737e-02,2.308471118175127457e-02,1.757052090777581899e-02,1.341298323519710817e-02,3.767008216481218530e-02,4.386712301519150176e-02,5.179808945719435731e-02,8.564514119477579374e-03,6.735919167221446346e-02,2.660267648040829172e-02,3.908162345220378420e-02,2.301281020970714561e-02,7.485326956384881492e-02,0.000000000000000000e+00,1.942346612899322963e-02,1.974475744736622559e-02,1.215450720173847157e-02,2.772181304152681117e-02,2.609366463975547334e-02,4.045977758178524036e-02,2.255503392114595676e-02,8.109939739505697687e-02,6.412009072039409618e-02,2.511056957570678358e-02,6.380385317142188428e-02,1.277959112358471039e-01,7.017500280445247707e-02,1.032275661448217446e-01,7.059342459226879141e-02,2.169644129201190805e-02,5.188991724018783558e-02,2.359063914054584932e-02,1.205990947359836946e-02,2.232593868261642175e-02,1.515656535340046025e-02,2.287319541674239301e-02,1.061374506534919562e-02,7.868344045385226165e-03,2.084679892866436041e-02,1.687562761815156881e-02,2.027729875097214474e-02,1.111928104965004965e-02,1.594400070327671795e-02,5.335188675884754671e-03,5.195326300579642884e-03,1.291893448807573605e-02,2.812921730572780221e-02,2.708194477039975109e-02,1.150422796449666885e-02,3.455854355262684419e-02,5.256970144349868562e-02,5.880500867443439611e-02,1.093401134671742603e-02,6.532146671621189005e-02,3.383901499900623250e-02,5.141612476232510637e-02,3.840302709925673408e-02,7.727981571323454257e-02,2.166082993656959221e-02,2.369479475344755254e-02,2.173308543477168661e-02,1.399250371522685332e-02,2.809795287354151239e-02,2.399465588963883497e-02,3.930242049987043435e-02,2.865453270825277926e-02,7.062271760485366867e-02,8.156343881941269247e-02,1.599928963104504942e-02,6.838997816357797466e-02,1.584748675741909363e-01,7.046670320147523092e-02,1.022239152927849337e-01,6.716450748279549632e-02,1.533831074963710323e-02,6.460660584765945402e-02
1.347289902310626515e-02,2.230135488191174048e-02,1.705848406455740679e-02,1.230351078083344839e-02,3.576487249244739153e-02,4.236071548574362605e-02,4.910906981564983065e-02,8.522644291515873299e-03,6.424336539753039421e-02,2.612247644043841008e-02,3.800090783517201531e-02,2.325138526694091323e-02,7.047776577483022553e-02,1.942346612899322963e-02,0.000000000000000000e+00,1.865823075997974714e-02,1.163992156153692212e-02,2.614695344895431178e-02,2.585053021659194233e-02,4.071253697092725582e-02,2.226091698828343984e-02,7.957625916794155985e-02,6.420114609030114217e-02,2.516735186017437023e-02,6.049732824007356818e-02,1.278050489006969936e-01,6.954309203505830428e-02,9.848984896547592627e-02,6.978294483097337297e-02,2.007446503448950467e-02,5.018827488902338069e-02,2.207332559722654727e-02,1.192551431696635585e-02,2.170724574842062410e-02,1.446335521857735999e-02,2.142274556099606209e-02,9.874564946970761092e-03,7.488350258064939598e-03,1.976816797019270364e-02,1.599523148682004819e-02,1.907443330675446733e-02,1.066362220764304619e-02,1.498628028702374965e-02,4.928093987249901331e-03,5.065617026539803031e-03,1.212029057335071297e-02,2.648425238977934401e-02,2.633044535622239973e-02,1.090986765462199568e-02,3.313852334567064795e-02,5.081247985335134859e-02,5.549984414156497459e-02,1.110913443577386979e-02,6.259040628101511516e-02,3.205073129502269969e-02,4.980719534264050480e-02,3.677416147844968231e-02,7.336073046538445219e-02,2.105341163890251180e-02,2.433273780595581262e-02,2.040331861805751157e-02,1.265564696953935461e-02,2.620642139491093786e-02,2.371624367812716697e-02,3.955257471800949221e-02,2.737834270329673678e-02,7.051483842734554419e-02,8.074597319424273167e-02,1.620656274475697906e-02,6.437675269663993560e-02,1.527086135768633279e-01,6.920326493882572594e-02,9.745549187395660673e-02,6.578808270423219806e-02,1.523676456095734121e-02,6.100344590938425182e-02
1.251388170805083945e-02,2.278514182015765194e-02,1.742402043466888956e-02,1.260563973520692840e-02,3.624635383865550120e-02,4.268394758589683091e-02,4.988631603380891399e-02,8.336673381196934435e-03,6.526493447195723385e-02,2.624105990955216683e-02,3.744525337391742953e-02,2.237289801853140081e-02,7.252651608553140061e-02,1.974475744736622559e-02,1.865823075997974714e-02,0.000000000000000000e+00,1.197752147874416549e-02,2.709975996650246591e-02,2.521423987867249181e-02,4.080474426741676625e-02,2.166471798761904557e-02,7.917177441846502683e-02,6.285944762488118731e-02,2.385704844357544249e-02,6.214108297497561439e-02,1.239165926402196610e-01,6.962344966433596516e-02,9.975462803389013866e-02,6.878032029526029434e-02,2.109637183448153860e-02,5.104771046419436659e-02,2.191690491291042528e-02,1.175444783316614838e-02,2.163861221727048437e-02,1.438484398019154384e-02,2.210893918695752691e-02,1.013444800109842940e-02,7.586207305477194081e-03,1.979765856260822660e-02,1.595622112808425808e-02,1.955857503371814105e-02,1.082217595343515186e-02,1.585755442516067343e-02,5.007185583306995522e-03,5.085119063196442794e-03,1.248883560959635972e-02,2.704743203644006597e-02,2.607862449012233325e-02,1.072429709438784545e-02,3.339430489495948812e-02,5.090533862412018051e-02,5.682839529780139148e-02,1.045823151681803294e-02,6.259794009930574887e-02,3.292356742228425004e-02,4.953978156802181509e-02,3.639612684015561955e-02,7.436732115495028883e-02,2.149769070962733244e-02,2.278795387267582712e-02,2.088963192263882523e-02,1.381224813515363574e-02,2.706148842870078133e-02,2.332636471817749885e-02,3.935634312861655687e-02,2.751082728838536925e-02,6.927520958681279706e-02,7.988029557079392995e-02,1.569088542746796197e-02,6.567175435046304632e-02,1.528250994179779498e-01,6.966807021829120317e-02,9.861156276051759317e-02,6.621259764217557464e-02,1.519710315340078340e-02,6.230044244645694534e-02
7.828945486517762190e-03,1.399788523532382797e-02,1.069808612792121603e-02,8.125175763324578998e-03,2.307184128006754473e-02,2.620812154732073129e-02,3.164714146823704999e-02,5.223964163646187091e-03,4.111160168205514609e-02,1.611429275782234188e-02,2.340553165309568889e-02,1.405865411016407607e-02,4.519140939353514380e-02,1.215450720173847157e-02,1.163992156153692212e-02,1.197752147874416549e-02,0.000000000000000000e+00,1.678936406511045282e-02,1.601584114659319186e-02,2.454767142796362295e-02,1.351007491102218169e-02,4.877323098902883181e-02,3.889734412027293087e-02,1.471118717392800451e-02,3.853574326304562425e-02,7.695764411184374820e-02,4.222033665449536483e-02,6.210839066640651274e-02,4.222199643095634475e-02,1.284122185237040331e-02,3.110628737761022763e-02,1.402800153046708867e-02,7.427405314887251461e-03,1.345231324923075455e-02,9.022055379147514778e-03,1.390164349440487640e-02,6.617233858836673796e-03,4.792118834098908590e-03,1.255883542667887189e-02,1.013272561203958436e-02,1.225030339545501133e-02,6.537214412332355284e-03,9.986310073988969443e-03,3.221818545756216685e-03,3.224074194249319705e-03,7.631434154313497184e-03,1.694537238403132084e-02,1.613474531477216908e-02,6.803397431918978971e-03,2.106879875331505933e-02,3.151453073070654975e-02,3.600658745388381904e-02,6.634459101907256608e-03,3.944531899388526580e-02,2.065921979754255233e-02,3.117277091931561911e-02,2.334557594673595041e-02,4.658304189484836766e-02,1.347474006504441497e-02,1.423929998682463283e-02,1.320584025727927942e-02,8.638198799374156855e-03,1.708171055996580284e-02,1.441363387963439692e-02,2.402786357981461299e-02,1.721785816662793275e-02,4.298983155381016358e-02,4.964356310633823155e-02,9.580679987739633072e-03,4.167988942255840962e-02,9.490699508190693356e-02,4.298707344397284524e-02,6.214494721317683629e-02,4.071551200092235479e-02,9.332821676672533803e-03,3.867480684576276445e-02
1.779804216969475480e-02,3.198792929114550876e-02,2.432552357329312298e-02,1.817690587918294881e-02,5.129006807448142219e-02,6.067131711930145999e-02,7.058531608973837856e-02,1.183395525692995318e-02,9.293861796552720100e-02,3.654208804395950305e-02,5.321751825097378874e-02,3.134124845723430114e-02,1.021163585963643095e-01,2.772181304152681117e-02,2.614695344895431178e-02,2.709975996650246591e-02,1.678936406511045282e-02,0.000000000000000000e+00,3.584014348760013874e-02,5.676045652797714891e-02,3.084598803269264500e-02,1.111441680705966550e-01,8.843217211647771969e-02,3.375791469122648575e-02,8.701420109666506419e-02,1.751121888206421673e-01,9.697241143697531152e-02,1.402052587644295190e-01,9.708602175132304002e-02,2.931190556956099133e-02,7.098816398852346443e-02,3.142765218827164864e-02,1.667676986957006280e-02,3.030743576989689686e-02,2.050245574482271321e-02,3.130776309556010384e-02,1.460723354418720470e-02,1.078580001325287613e-02,2.825300028165671218e-02,2.283142233097364138e-02,2.773487411747171255e-02,1.519693885493506730e-02,2.224531675162660926e-02,7.183341688209752413e-03,7.224010637852718020e-03,1.735294626264507686e-02,3.824799075188740904e-02,3.702105995139114841e-02,1.539072602776346728e-02,4.729551997905502569e-02,7.211024840664721769e-02,8.066932698288294123e-02,1.478533389478602598e-02,8.965698263571653115e-02,4.636623023935107502e-02,6.993940922052099829e-02,5.177917773716115418e-02,1.050181880315018551e-01,3.009887347128370125e-02,3.227080294916850195e-02,2.993252300802800789e-02,1.943518745047541005e-02,3.836867905532258954e-02,3.266163147611864798e-02,5.482022896387947486e-02,3.909233372571596643e-02,9.748233957003686612e-02,1.124669371346860153e-01,2.212919540596892942e-02,9.385261790031695917e-02,2.161447635769591924e-01,9.795280225931309037e-02,1.389496482893748108e-01,9.309927968992059988e-02,2.102818860086660274e-02,8.821843582345997858e-02
1.713745436984543541e-02,2.977352871719452995e-02,2.314327153196188772e-02,1.685415946427983383e-02,4.856614492547885187e-02,5.721715211147807012e-02,6.692985279705268575e-02,1.142277922560496969e-02,8.672029537211033146e-02,3.518819916421124516e-02,5.083073914308166436e-02,3.080520670784968329e-02,9.578323013198944413e-02,2.609366463975547334e-02,2.585053021659194233e-02,2.521423987867249181e-02,1.601584114659319186e-02,3.584014348760013874e-02,0.000000000000000000e+00,5.377752462651754634e-02,2.970093349001043034e-02,1.048535750232561792e-01,8.490327354831921081e-02,3.220181903284720371e-02,8.141559394747488465e-02,1.665727330874073875e-01,9.226121454911395681e-02,1.319151719655243804e-01,9.201173713619432981e-02,2.719996964570384548e-02,6.717012898403364185e-02,2.950529787132431456e-02,1.602427625770566633e-02,2.879868174326116748e-02,1.933236423602045090e-02,2.916781176112379775e-02,1.355384126025929899e-02,1.022269049199520975e-02,2.659144677710229346e-02,2.144715622186726262e-02,2.597216845550574804e-02,1.437357676037789855e-02,2.088659436090655949e-02,6.746076634617669335e-03,6.912500985437866098e-03,1.644690511708598799e-02,3.568864029944834870e-02,3.526611664402103802e-02,1.445007146506222147e-02,4.470157629271424155e-02,6.748474918265290334e-02,7.568857439496340378e-02,1.449079136871981449e-02,8.410489338390553238e-02,4.394906106546574848e-02,6.643583021065019301e-02,4.957827336746906816e-02,9.879141590323785305e-02,2.885042549934549450e-02,3.128528811789690889e-02,2.783834234408307656e-02,1.763542146127396182e-02,3.581983203619656941e-02,3.190836544140475406e-02,5.311557980053856209e-02,3.702357248561128494e-02,9.378594264344186637e-02,1.064933887779381111e-01,2.147374280452500617e-02,8.699661695450475185e-02,2.045194657017950501e-01,9.310852877314479414e-02,1.313197865774292372e-01,8.763876206016438242e-02,2.036342747619296345e-02,8.219564484682916061e-02
2.688581565478398785e-02,4.709551781372997570e-02,3.678862262619078671e-02,2.626216080848551085e-02,7.442398571289257636e-02,8.975627534384644779e-02,1.030527239691038655e-01,1.769604494862360086e-02,1.374211418579795729e-01,5.425523427083200206e-02,7.912722203644742547e-02,4.701834711235728520e-02,1.500330552528677530e-01,4.045977758178524036e-02,4.071253697092725582e-02,4.080474426741676625e-02,2.454767142796362295e-02,5.676045652797714891e-02,5.377752462651754634e-02,0.000000000000000000e+00,4.564987348361779912e-02,1.685785011175270631e-01,1.346893741284883872e-01,5.048332303510016245e-02,1.296966876529014046e-01,2.629786233039138610e-01,1.474947839757748957e-01,2.086570393325041517e-01,1.449336711421185531e-01,4.388578662959721766e-02,1.072981122492057959e-01,4.537821183737288100e-02,2.427691030394404231e-02,4.527984026584153110e-02,3.008081387699758011e-02,4.509675421833579667e-02,2.060292996049637934e-02,1.605186241070336722e-02,4.032500661310887968e-02,3.360193864519062101e-02,4.049508421931742597e-02,2.199371971945681542e-02,3.221752415600487307e-02,9.906983053803015277e-03,1.077700426836298263e-02,2.564163151008397659e-02,5.665122711506948017e-02,5.519703444693859623e-02,2.215681518294776789e-02,6.953782855343279556e-02,1.066364754093927641e-01,1.168091790546767206e-01,2.229140163242121844e-02,1.322771188593417357e-01,6.803263144526831840e-02,1.047277355626791973e-01,7.498751407467645069e-02,1.543434683718198364e-01,4.479523963401333547e-02,4.877540580664228159e-02,4.337378282325084905e-02,2.821814577277526395e-02,5.615591670562301851e-02,4.966331907889420111e-02,8.373669025632696217e-02,5.761265333834246494e-02,1.477659684958119723e-01,1.698355218119176335e-01,3.278359459960967365e-02,1.369128179191720085e-01,3.210661941153526988e-01,1.471713434568427958e-01,2.061974831043195677e-01,1.391192476570380643e-01,3.213329514273280396e-02,1.300980615486316827e-01
1.519032248353399325e-02,2.585266766191115714e-02,1.970990441890769010e-02,1.464811399287251070e-02,4.175055300321655477e-02,4.845237568572198505e-02,5.735661347733986976e-02,9.758673008010421146e-03,7.415108412415642725e-02,2.973428308283431951e-02,4.363954836963093026e-02,2.636600573010874221e-02,8.228489550862676249e-02,2.255503392114595676e-02,2.226091698828343984e-02,2.166471798761904557e-02,1.351007491102218169e-02,3.084598803269264500e-02,2.970093349001043034e-02,4.564987348361779912e-02,0.000000000000000000e+00,9.044468258259541482e-02,7.244521971878956079e-02,2.840536195860026564e-02,7.072594851974685348e-02,1.437251177039763905e-01,7.776887694181555677e-02,1.136197468271919753e-01,7.814039142499301649e-02,2.320826663745177709e-02,5.743806620372098742e-02,2.602787924877292269e-02,1.368380766687669718e-02,2.513975948000571684e-02,1.699747879341259940e-02,2.520332645908660713e-02,1.170242635771462196e-02,8.766919672451861309e-03,2.330668162757501896e-02,1.896999421007742812e-02,2.271127409347275736e-02,1.246477760339682536e-02,1.753462521878042593e-02,5.803163077557630528e-03,6.125996368289602680e-03,1.451039658999687780e-02,3.095488664328538420e-02,2.993517797550245690e-02,1.262128995928729798e-02,3.845980063712096247e-02,5.838496624182919204e-02,6.491076425813677164e-02,1.239210617435683275e-02,7.233435240222441109e-02,3.763673213937472617e-02,5.700336140449025618e-02,4.356262851963788041e-02,8.510349365662105148e-02,2.403452486241581046e-02,2.751166172289064987e-02,2.413858640499005892e-02,1.520222637865036378e-02,3.118494975321769308e-02,2.683350962347919033e-02,4.506054132621303832e-02,3.217784669666200886e-02,8.004300754705945264e-02,9.124704700677592484e-02,1.869261046940628654e-02,7.522440625339987808e-02,1.783038335522249551e-01,7.902317897017101245e-02,1.128201227201063722e-01,7.476761037645478225e-02,1.684921310299313663e-02,7.176796372708460492e-02
