0.000000000000000000e+00,1.418447328741950612e-02,1.391753738699567228e-02,7.869880040312887681e-03,2.735612621215998547e-02,3.607194090042853407e-02,3.702481964132846998e-02,5.694131411559664666e-03,4.360845624790387481e-02,2.893678724770289840e-02,3.180071283857154041e-02,1.987589696301104991e-02,5.061366066535333968e-02,1.634701745223906405e-02,1.288418616430505974e-02,1.319844390156766321e-02,8.873157618249045281e-03,1.776321383623539335e-02,1.597047251890135189e-02,3.351771556767494525e-02,1.770816782867119105e-02,6.368742040696587225e-02,5.160450783694645049e-02,2.111535327747176422e-02,4.473514287802592831e-02,9.481731424773634509e-02,5.922525054045926080e-02,7.633512699613664854e-02,5.231706223976630155e-02,1.331425031557839818e-02,3.754616488314460598e-02,1.427123468099565987e-02,1.037630774619556495e-02,2.039407025154313380e-02,1.110039665407861614e-02,1.764324060329771487e-02,8.597343119723750357e-03,5.755399737446082083e-03,1.535404236018041157e-02,1.201867889052658095e-02,1.527513893447117119e-02,1.088130417546771464e-02,1.595083589683765624e-02,4.653913832863039793e-03,3.908324671465492929e-03,1.447100191860309186e-02,2.134695831102948610e-02,2.314715275009721421e-02,1.150505586330498493e-02,2.908891535630348316e-02,3.508730305237929559e-02,4.590281154376919803e-02,9.139845613854093165e-03,4.078234557838882751e-02,2.750717848213049543e-02,3.735973310304319117e-02,2.949155309532994554e-02,6.252875924384139472e-02,1.652733186302149382e-02,1.850628270678806447e-02,1.795870102859075182e-02,6.778439069112849810e-03,1.410564237984868532e-02,1.701605329408122438e-02,2.836634387644169225e-02,2.588507464171523054e-02,5.235951194469284919e-02,6.179241716727221917e-02,1.991149471815889180e-02,3.678917036344580421e-02,1.263556574971471114e-01,5.379976519321039846e-02,7.495975486758366113e-02,5.021495422738735809e-02,1.213186684184660614e-02,4.688694447595534442e-02
1.418447328741950612e-02,0.000000000000000000e+00,1.685135412276908551e-02,9.034776587238672191e-03,3.235722100423301523e-02,4.290992637622396966e-02,4.414362007638585050e-02,7.125413884404271751e-03,5.239304063239788589e-02,3.450372893803158730e-02,3.848209949336798413e-02,2.357148151743963804e-02,5.889040260032991914e-02,1.929050903460865704e-02,1.538108259671907424e-02,1.591962516130021599e-02,1.065162853500163306e-02,2.119575411629549822e-02,1.927717820387021483e-02,4.087913457924034072e-02,2.126781264517180886e-02,7.816679767595752226e-02,6.277764299525506742e-02,2.453744271243474620e-02,5.268811154198266983e-02,1.120590081724507636e-01,7.157799956307028810e-02,9.340560107793342837e-02,6.349791449903560703e-02,1.643104505971665699e-02,4.600032275279714727e-02,1.687402070959891781e-02,1.200847275308523400e-02,2.414421087822240727e-02,1.274214263889644760e-02,2.082245302854271451e-02,1.014655729047483218e-02,7.055882349293057451e-03,1.829214384382259195e-02,1.438547337128245202e-02,1.802406543985456480e-02,1.269381773244349781e-02,1.961203937181160012e-02,5.540672630643409848e-03,4.708631762777822256e-03,1.685735944190860230e-02,2.596056806510510170e-02,2.796007095073950108e-02,1.336576903896094862e-02,3.462544441092555575e-02,4.192397361767051522e-02,5.446859744812172777e-02,1.138979550416478921e-02,4.899015242972215578e-02,3.288957348250007989e-02,4.596319579630772645e-02,3.442012536266281925e-02,7.587922645859446202e-02,2.017553450931432873e-02,2.176387389226520572e-02,2.152699169795765921e-02,7.988125948368863041e-03,1.685263261803575385e-02,2.101501153741594172e-02,3.366948246443256243e-02,3.093664074752354096e-02,6.348484447929753083e-02,7.575037660740988055e-02,2.345741126308313607e-02,4.434733233769793531e-02,1.497088802186277157e-01,6.507042562735840252e-02,9.173481347277187559e-02,6.089527020854347550e-02,1.540782609577101905e-02,5.648958723003167509e-02
1.391753738699567228e-02,1.685135412276908551e-02,0.000000000000000000e+00,9.030464231871725145e-03,3.177353642244584719e-02,4.290269111476190111e-02,4.310702421755013836e-02,6.803941528732081537e-03,5.198220014641714848e-02,3.344038226999336560e-02,3.745123931446391052e-02,2.287878779731526702e-02,5.876959005291167853e-02,1.910670621158980925e-02,1.488258136384461652e-02,1.558679232796102675e-02,1.072691722809615555e-02,2.107572195768196016e-02,1.949004727198120832e-02,4.056332156793630850e-02,2.047028880164303635e-02,7.711375157839454875e-02,6.176583434251225330e-02,2.407973076422585679e-02,5.227183754622000134e-02,1.113774894344097821e-01,7.102645317266131908e-02,9.071089731170260684e-02,6.311512221755918861e-02,1.589754555191178614e-02,4.523353808374553503e-02,1.628374994658529640e-02,1.189407749672028065e-02,2.400398111470429530e-02,1.270725507979504447e-02,2.066371280652738035e-02,9.915241706692638421e-03,6.847259789107016346e-03,1.749127972831437949e-02,1.401065164910905714e-02,1.786688886606493942e-02,1.242878921303353611e-02,1.894752973257205625e-02,5.289251010150560969e-03,4.607294596794070385e-03,1.648986562084269955e-02,2.537793849618633427e-02,2.821171847302228475e-02,1.309095124103320899e-02,3.360944013799187224e-02,4.169142515214348255e-02,5.308586704673819157e-02,1.094124618648461590e-02,4.870050079147934113e-02,3.200674958351625715e-02,4.462441571464160345e-02,3.353829530098764028e-02,7.340419654532975846e-02,1.961392394721159227e-02,2.133182548107790538e-02,2.122327692848280378e-02,7.944592629947122564e-03,1.686673203167414828e-02,2.082958036607349475e-02,3.431752108343193164e-02,2.957491041181565736e-02,6.340101000850298374e-02,7.398574306425549640e-02,2.284042075320029397e-02,4.401508813025982458e-02,1.471563680359760096e-01,6.485185244337288157e-02,8.971310821073123776e-02,6.076428730084991459e-02,1.511981456549587113e-02,5.525213841170435736e-02
7.869880040312887681e-03,9.034776587238672191e-03,9.030464231871725145e-03,0.000000000000000000e+00,1.784446923259699544e-02,2.345563208234135305e-02,2.415653823249283919e-02,3.832274881861116780e-03,2.854773143991912177e-02,1.896322186147337413e-02,2.084546135163052941e-02,1.300434666024969689e-02,3.275434061881759423e-02,1.057979674333450228e-02,8.260350841492632157e-03,8.477618391038114348e-03,5.753619463318590706e-03,1.141578086914515899e-02,1.044527082813369312e-02,2.177174707419082464e-02,1.161937871079774844e-02,4.133281929698229967e-02,3.371891218158468151e-02,1.370368579732935375e-02,2.892562481619636791e-02,6.148940080391904206e-02,3.859994961520928081e-02,4.985311481295223029e-02,3.409319886120085880e-02,8.598853247441272385e-03,2.465233271039492247e-02,9.396601088511721475e-03,6.852686806801598814e-03,1.356342962317723042e-02,7.275568034979487675e-03,1.119843472028322386e-02,5.501862975607589232e-03,3.786222177179570606e-03,1.003460847309151083e-02,7.932372498105411118e-03,1.006366930086325696e-02,7.103303763359036620e-03,1.029272600896778342e-02,3.020793353907122707e-03,2.540443688133119365e-03,9.503215454132886431e-03,1.396092492384910962e-02,1.531753522551649802e-02,7.532372702740344067e-03,1.903772201126138763e-02,2.293341165923079225e-02,3.002747530120490962e-02,6.226856267137939605e-03,2.651959206569685576e-02,1.785051693879649917e-02,2.465937337812177180e-02,1.941317127022924166e-02,4.086040428794431023e-02,1.070903457227276659e-02,1.201976060966322701e-02,1.168891365566709743e-02,4.455551623886311839e-03,9.111526098899950729e-03,1.144043572756144912e-02,1.842847493894300692e-02,1.734011582738939627e-02,3.410881392383352528e-02,4.074644951781890984e-02,1.301608848539646639e-02,2.377623141823455646e-02,8.200578689005255661e-02,3.524694863156674352e-02,4.880346003587696796e-02,3.265791855738357091e-02,7.880653855444081507e-03,3.095692366333453391e-02
2.735612621215998547e-02,3.235722100423301523e-02,3.177353642244584719e-02,1.784446923259699544e-02,0.000000000000000000e+00,8.171271967225313126e-02,8.552011822721182488e-02,1.348100603962772495e-02,1.000351935665417663e-01,6.738537407605835194e-02,7.403455477698411835e-02,4.580327615428524124e-02,1.153070393642045000e-01,3.722136716476730917e-02,2.885751117791931011e-02,3.038851347648751158e-02,2.046480687814375074e-02,4.050471149664865156e-02,3.698028289565247900e-02,7.647146445744502918e-02,4.063127809936156742e-02,1.455497976489661949e-01,1.178851485639922231e-01,4.750050499637503698e-02,1.021406809481362060e-01,2.150074947590988328e-01,1.340504005576762248e-01,1.762270349144899606e-01,1.197835905963413883e-01,3.114344930426575508e-02,8.679489553910393895e-02,3.316983270274554557e-02,2.345990044550816389e-02,4.659792314709124139e-02,2.508176367630817263e-02,4.012844394643868412e-02,1.981962904573543113e-02,1.339665523216001380e-02,3.565115260072349024e-02,2.768589099669826331e-02,3.502678699103627113e-02,2.463127923028977581e-02,3.639225220755662460e-02,1.081772817499323386e-02,9.011665185165754557e-03,3.305955962261208914e-02,4.876358045465160884e-02,5.301086441357539397e-02,2.628622093943183344e-02,6.721853754379432389e-02,8.032992764650608020e-02,1.053061711356920449e-01,2.170660464683390328e-02,9.409844941689132769e-02,6.388039433054441829e-02,8.709675361210846012e-02,6.769746867724849015e-02,1.443341600665303814e-01,3.802448563014976246e-02,4.149242000881624148e-02,4.098888695023442108e-02,1.581896762690045144e-02,3.241597338696226849e-02,3.994616745779586142e-02,6.420648382633611928e-02,6.021453222756782686e-02,1.195641540800380931e-01,1.424228117157655127e-01,4.528850261324358917e-02,8.453912972754440425e-02,2.866833991082928246e-01,1.231386866809209835e-01,1.721674883769120090e-01,1.156964473426797119e-01,2.815776315821523143e-02,1.074744865286484247e-01
3.607194090042853407e-02,4.290992637622396966e-02,4.290269111476190111e-02,2.345563208234135305e-02,8.171271967225313126e-02,0.000000000000000000e+00,1.114376652525390921e-01,1.748550658373765679e-02,1.331318131810362848e-01,8.614567805456598004e-02,9.596706288857094480e-02,5.934475376548011688e-02,1.508960681497419354e-01,4.905944322164890875e-02,3.842363352215547034e-02,3.990785286238381080e-02,2.699539296379010328e-02,5.387360934356711512e-02,4.936120441866617692e-02,1.031113220882346887e-01,5.325078138054775700e-02,1.958740524693972362e-01,1.577595108726502215e-01,6.229999351728730123e-02,1.346965572531712563e-01,2.854875443122433798e-01,1.808968737810350003e-01,2.328805680261969990e-01,1.602764110477516435e-01,4.042170170464343126e-02,1.152185570857275632e-01,4.223168046409637999e-02,3.078062888592052182e-02,6.130713159497364756e-02,3.281239335752123010e-02,5.298048951197435047e-02,2.565220633882540555e-02,1.767057496587607496e-02,4.525150957292972675e-02,3.628238864843688627e-02,4.581148605644604077e-02,3.184228147587601920e-02,4.848079078549678844e-02,1.375342807856979981e-02,1.180451116034960703e-02,4.313751884119068625e-02,6.537812541118584453e-02,7.168695207960198990e-02,3.386111674835023955e-02,8.681638750642525770e-02,1.069336477960908249e-01,1.372510654097349458e-01,2.820367181654743691e-02,1.245469510747149733e-01,8.218544848036186956e-02,1.138843262725974803e-01,8.699204335524687859e-02,1.885406338868610421e-01,5.023070259935189658e-02,5.530962768822147296e-02,5.408298306393122257e-02,2.040827722132915190e-02,4.281169200619961562e-02,5.328530008912642918e-02,8.708456676612980063e-02,7.749537961979638401e-02,1.608549618654158131e-01,1.900096176079204557e-01,5.903214750486641266e-02,1.118082275365036432e-01,3.785898759227098731e-01,1.655454102853259057e-01,2.291477516431178196e-01,1.543549299687373977e-01,3.833936398644124943e-02,1.421032166399107122e-01
3.702481964132846998e-02,4.414362007638585050e-02,4.310702421755013836e-02,2.415653823249283919e-02,8.552011822721182488e-02,1.114376652525390921e-01,0.000000000000000000e+00,1.854597441506480524e-02,1.375063808051833758e-01,9.132000201324820543e-02,1.012392558767868794e-01,6.277501579241877294e-02,1.573685872487154691e-01,5.075109013317360279e-02,3.956167405247890817e-02,4.173137308853002575e-02,2.777952554839453053e-02,5.558953110920941687e-02,5.013243856589928021e-02,1.043903963680949398e-01,5.582080012100046340e-02,1.994813541975961058e-01,1.607773259132347088e-01,6.457995879286285157e-02,1.396902996439481071e-01,2.940721430637616707e-01,1.820498958833572656e-01,2.410516553316419952e-01,1.641169802597274296e-01,4.247793652508766865e-02,1.181142498946870512e-01,4.558501222932706543e-02,3.174370075458569918e-02,6.280075079391889137e-02,3.403297084292507269e-02,5.463683701041206764e-02,2.706686713913188103e-02,1.811825527109048317e-02,4.882974152942282792e-02,3.774851865953176427e-02,4.737590381205081941e-02,3.365005895131095714e-02,4.978561088912811933e-02,1.484327827292386548e-02,1.228106205672529171e-02,4.500073000373876891e-02,6.702402172988011775e-02,7.201339707856545258e-02,3.576909468242688017e-02,9.153301816274365954e-02,1.099261325438868619e-01,1.444926455849126490e-01,3.002003489520467180e-02,1.288842582025491457e-01,8.710656645467021453e-02,1.189423612328279201e-01,9.297266730755070208e-02,1.980232403574598288e-01,5.218172073393075733e-02,5.707502032677767845e-02,5.578353955056796626e-02,2.154643245327284365e-02,4.427915716993098549e-02,5.432629002439182814e-02,8.766558185089802502e-02,8.237158997207397193e-02,1.636767993161180323e-01,1.951885695363052009e-01,6.206186372844409160e-02,1.155242400042359174e-01,3.928014941820247019e-01,1.676161549455574828e-01,2.365635050119895832e-01,1.581519660944264993e-01,3.880490868470221760e-02,1.465675997422153654e-01
5.694131411559664666e-03,7.125413884404271751e-03,6.803941528732081537e-03,3.832274881861116780e-03,1.348100603962772495e-02,1.748550658373765679e-02,1.854597441506480524e-02,0.000000000000000000e+00,2.176980512220165823e-02,1.408902203283442234e-02,1.595887363541500376e-02,1.022725806118288810e-02,2.498948211111228987e-02,7.837688790976132455e-03,6.704452269413408751e-03,6.646958474403543912e-03,4.458436787868043025e-03,8.907228298852879617e-03,8.310614841901067112e-03,1.667723660908710173e-02,8.976492723979790159e-03,3.205651798960952592e-02,2.599611618445089173e-02,1.011759499885145352e-02,2.204120495589455622e-02,4.709660202881945507e-02,2.880600749681772391e-02,3.877200037904865448e-02,2.607399997237028200e-02,6.613061963402428953e-03,1.934615365704558942e-02,7.029974071403635207e-03,5.053006991462967792e-03,9.845479862652396427e-03,5.198982556101984336e-03,8.298594711648982214e-03,4.055792959304373689e-03,2.896379787308932599e-03,7.467681231303729961e-03,5.858044387234202788e-03,7.433296477255740831e-03,5.166606794780500764e-03,7.735055510183963014e-03,2.219403902377967055e-03,2.001538160033309709e-03,6.797348097033985813e-03,1.058496561879670658e-02,1.128290168880097602e-02,5.512189368050819660e-03,1.425059671112977912e-02,1.761086690060278612e-02,2.239270219736208892e-02,4.974369357800018099e-03,2.069566486463159799e-02,1.366105909574241370e-02,1.956281882437412717e-02,1.497353987664260845e-02,3.115581302458766272e-02,8.257826137040163300e-03,9.290095662660771691e-03,8.720705555582776436e-03,3.503727700579980196e-03,7.341768584667013840e-03,8.927441668491742366e-03,1.426591686076181253e-02,1.311423963418442869e-02,2.690663182454349281e-02,3.175708238012386192e-02,9.706194749871527305e-03,1.878520486000014728e-02,6.263548287403061798e-02,2.714386603156239766e-02,3.840400174005310918e-02,2.501580500725386277e-02,6.292276451184823302e-03,2.306273219163980370e-02
4.360845624790387481e-02,5.239304063239788589e-02,5.198220014641714848e-02,2.854773143991912177e-02,1.000351935665417663e-01,1.331318131810362848e-01,1.375063808051833758e-01,2.176980512220165823e-02,0.000000000000000000e+00,1.051416550604336586e-01,1.182209183533697167e-01,7.237021921834914384e-02,1.840028114667285886e-01,5.967213437570107609e-02,4.736985812888745706e-02,4.881538370606722937e-02,3.280847013058233591e-02,6.586499184009299290e-02,6.013353978540998679e-02,1.252812727332050791e-01,6.538265942645861417e-02,2.380916522854109596e-01,1.921438719385107352e-01,7.559591127220373352e-02,1.644884073938454039e-01,3.491111919133897401e-01,2.199789513050936784e-01,2.844123597502255518e-01,1.960373025461795149e-01,4.930472064350872874e-02,1.400940504051652602e-01,5.251900912240860253e-02,3.760218381272448923e-02,7.402707410333111970e-02,3.986395900067267462e-02,6.442566556269169187e-02,3.139490730648181183e-02,2.152261345425271477e-02,5.621862360289069799e-02,4.457595489562015539e-02,5.560174411133181338e-02,3.903945204803514757e-02,5.876791260472668393e-02,1.688957258245685558e-02,1.461071194363278321e-02,5.209498685666195950e-02,7.966274928813081579e-02,8.686113789347379988e-02,4.114325135321821730e-02,1.058974918814256649e-01,1.306780738557785926e-01,1.684276361505456787e-01,3.491811275737147918e-02,1.526687227534274383e-01,1.011391987183045543e-01,1.395841938796530124e-01,1.069936916469992200e-01,2.314888802251306166e-01,6.129643120198065287e-02,6.730677794125937419e-02,6.579195196943384005e-02,2.522073247905239415e-02,5.291972191579782242e-02,6.503697365527144614e-02,1.057526424397556841e-01,9.446472053468708829e-02,1.967755848610956704e-01,2.321020101867078134e-01,7.225707584576973597e-02,1.372626236275220624e-01,4.628318809022621272e-01,2.012824180080230174e-01,2.809957054458703807e-01,1.882587625301177237e-01,4.685233526252303299e-02,1.722931446563855384e-01
2.893678724770289840e-02,3.450372893803158730e-02,3.344038226999336560e-02,1.896322186147337413e-02,6.738537407605835194e-02,8.614567805456598004e-02,9.132000201324820543e-02,1.408902203283442234e-02,1.051416550604336586e-01,0.000000000000000000e+00,7.849159329965260667e-02,4.821877422878409480e-02,1.216369332253557645e-01,4.062836927536430526e-02,2.996778736281539846e-02,3.236525298961419328e-02,2.159595871277406737e-02,4.312235970123249468e-02,3.833634614358020359e-02,8.255725365171165397e-02,4.305044282835332470e-02,1.560975706986060252e-01,1.240024635937168468e-01,4.966104958062374231e-02,1.090732998806704102e-01,2.280751506734759182e-01,1.432382013379271124e-01,1.883068845155109194e-01,1.278835331195311009e-01,3.388287366459571265e-02,9.254724924763066407e-02,3.335465976345417666e-02,2.467264920476984480e-02,4.926905144672504705e-02,2.634838649864641377e-02,4.408833320745214612e-02,2.134668556850077142e-02,1.400687039068834565e-02,3.675639415086776746e-02,2.950609614790956556e-02,3.720371173197229570e-02,2.616083959476213014e-02,4.011941044472915746e-02,1.160467708928701255e-02,9.414895817555845453e-03,3.500721365136787167e-02,5.246658590395522626e-02,5.669827919524889764e-02,2.794756179566028342e-02,7.158457414099764216e-02,8.408229330658761880e-02,1.123808990199248875e-01,2.256339187633660259e-02,9.917034671949878644e-02,6.860621850128056920e-02,9.172011888781478328e-02,7.080118862598845653e-02,1.540687488238043912e-01,4.122266824759382442e-02,4.343874600148699139e-02,4.363542513745022333e-02,1.676424602915856446e-02,3.407973651222184069e-02,4.191690745981142135e-02,6.798422160365595601e-02,6.320652681521168881e-02,1.266643783881457319e-01,1.511047261662151475e-01,4.703298612432082332e-02,8.929125717377814353e-02,3.019276543110350763e-01,1.307406934446271318e-01,1.856288444166610263e-01,1.229900786398794577e-01,3.113641372510332975e-02,1.144975131819512826e-01
3.180071283857154041e-02,3.848209949336798413e-02,3.745123931446391052e-02,2.084546135163052941e-02,7.403455477698411835e-02,9.596706288857094480e-02,1.012392558767868794e-01,1.595887363541500376e-02,1.182209183533697167e-01,7.849159329965260667e-02,0.000000000000000000e+00,5.342221094524274294e-02,1.353151632172997221e-01,4.427967066536180052e-02,3.408328017207759575e-02,3.548708336283700610e-02,2.409386024447560115e-02,4.794625877662283403e-02,4.374795522873543147e-02,9.086389254845574082e-02,4.744437230413148937e-02,1.726790599890708211e-01,1.386442560878489161e-01,5.490475159105150105e-02,1.205232627516089616e-01,2.533275111996137752e-01,1.588342625394844332e-01,2.086923111536559960e-01,1.418646890896896329e-01,3.694707962427167675e-02,1.023838698816034176e-01,3.827146801872249177e-02,2.751648713375863531e-02,5.409810689490442137e-02,2.904670966888811198e-02,4.792137880218619306e-02,2.326444917341812663e-02,1.561734506499010654e-02,4.103858891093279532e-02,3.248269411951056063e-02,4.079013096358932722e-02,2.846599038491798295e-02,4.361161259584012823e-02,1.283074662135280306e-02,1.058751699184400964e-02,3.797046178646976827e-02,5.788767213003218060e-02,6.260897860241543267e-02,3.058988170268351139e-02,7.877183231818703224e-02,9.520591280377753429e-02,1.240990136270154892e-01,2.539934069101236827e-02,1.118149041836966756e-01,7.466674330084341338e-02,1.025470650026358427e-01,7.795169007901227298e-02,1.702500435998405559e-01,4.569773168449138556e-02,4.848555435534213781e-02,4.808063800283363803e-02,1.872405885417828542e-02,3.849657814771994396e-02,4.707832072079148195e-02,7.704886259880064370e-02,6.903290489735584845e-02,1.427210921571886726e-01,1.681065111279562152e-01,5.208721474470640739e-02,1.001354270112607137e-01,3.359518783314230927e-01,1.470437562732215264e-01,2.059916913667913518e-01,1.371954140640163911e-01,3.434010102702458184e-02,1.256336472918483382e-01
1.987589696301104991e-02,2.357148151743963804e-02,2.287878779731526702e-02,1.300434666024969689e-02,4.580327615428524124e-02,5.934475376548011688e-02,6.277501579241877294e-02,1.022725806118288810e-02,7.237021921834914384e-02,4.821877422878409480e-02,5.342221094524274294e-02,0.000000000000000000e+00,8.407198832700271685e-02,2.725729354909465357e-02,2.153694629665574636e-02,2.234258961448302300e-02,1.477481650762300924e-02,2.962223058081533966e-02,2.662003948734386477e-02,5.599657340660074006e-02,3.064225683203332037e-02,1.065696535689440450e-01,8.671849832693728777e-02,3.452271915858887152e-02,7.453474240401142259e-02,1.579814162664485711e-01,9.739863506244364477e-02,1.289735463955830330e-01,8.791287314126076946e-02,2.267758887728556563e-02,6.374345272704928789e-02,2.368929419251645727e-02,1.709467324289332818e-02,3.386688624923140517e-02,1.816946901094956129e-02,2.901351101115201905e-02,1.413886781650102592e-02,9.637075193372529949e-03,2.557671970503443137e-02,2.032708092419336851e-02,2.581849237212950968e-02,1.797212505687216522e-02,2.629883332180916675e-02,7.690671902860409317e-03,6.438881095983260867e-03,2.442896883283908124e-02,3.564482384971247309e-02,3.824592279876404266e-02,1.899693709700188415e-02,4.828045274683549770e-02,5.849179590526717293e-02,7.673129372812755034e-02,1.657328107261111030e-02,6.851138065284552436e-02,4.628408403897928819e-02,6.323646811439541382e-02,5.014234545911711027e-02,1.056183125467601014e-01,2.745032877732357657e-02,3.104036085329618319e-02,2.993723118595983598e-02,1.144084700661100566e-02,2.377521346165711522e-02,2.921143052065993534e-02,4.629520625810697870e-02,4.531248837955803577e-02,8.706727882826245657e-02,1.054329713871506591e-01,3.322282357097265659e-02,6.183883612996583790e-02,2.103059872760692506e-01,8.937092262617252203e-02,1.270333840641524881e-01,8.353758324329228768e-02,2.073060446355581496e-02,7.894506658822494916e-02
5.061366066535333968e-02,5.889040260032991914e-02,5.876959005291167853e-02,3.275434061881759423e-02,1.153070393642045000e-01,1.508960681497419354e-01,1.573685872487154691e-01,2.498948211111228987e-02,1.840028114667285886e-01,1.216369332253557645e-01,1.353151632172997221e-01,8.407198832700271685e-02,0.000000000000000000e+00,6.879438813968483113e-02,5.400200901535342352e-02,5.626109414766011091e-02,3.712576273978118041e-02,7.468404327322762659e-02,6.772749653813005255e-02,1.418160627725492950e-01,7.550824593946438290e-02,2.725084068969911288e-01,2.193748790025840112e-01,8.763607948173973705e-02,1.882637230573018239e-01,3.971934800568157065e-01,2.478769905243733418e-01,3.262908380662929431e-01,2.229574860050350105e-01,5.723170478309062836e-02,1.601612729911501276e-01,6.049581760539578940e-02,4.305043970696303263e-02,8.522291735318009154e-02,4.588416580415580204e-02,7.358242943539872183e-02,3.615112163184620170e-02,2.468621873509248624e-02,6.512502257511187942e-02,5.109501240177984072e-02,6.444515737307116021e-02,4.531518521682886824e-02,6.745258739373785617e-02,1.952074799401489619e-02,1.671104044324487475e-02,6.087167602190157040e-02,9.088752969753621791e-02,9.833994025794691451e-02,4.821008842769659158e-02,1.225843594521201507e-01,1.477612797444935733e-01,1.948861138777807089e-01,4.003756782843360951e-02,1.729759980050968871e-01,1.166094865819779086e-01,1.604392957982337664e-01,1.240102186231683834e-01,2.669432309230747036e-01,6.998717266511497725e-02,7.765402629720292993e-02,7.540429638378312593e-02,2.841953850919604063e-02,5.954165742471950740e-02,7.334243022299639925e-02,1.185454152428285085e-01,1.107601485376870643e-01,2.225046886436021776e-01,2.657784699960382135e-01,8.413764905884547896e-02,1.562187958058472714e-01,5.312411585650282930e-01,2.269531899212114678e-01,3.208527598181998286e-01,2.136068194578101265e-01,5.357103236333697616e-02,1.995124791808366438e-01
1.634701745223906405e-02,1.929050903460865704e-02,1.910670621158980925e-02,1.057979674333450228e-02,3.722136716476730917e-02,4.905944322164890875e-02,5.075109013317360279e-02,7.837688790976132455e-03,5.967213437570107609e-02,4.062836927536430526e-02,4.427967066536180052e-02,2.725729354909465357e-02,6.879438813968483113e-02,0.000000000000000000e+00,1.686201383470044973e-02,1.814183122653222416e-02,1.232408524444123313e-02,2.418669685464269400e-02,2.193998747806020014e-02,4.634818600964343144e-02,2.404185603737638011e-02,8.800787441204988015e-02,7.000961804590699611e-02,2.835810636840790586e-02,6.112213160442302173e-02,1.278408026463894731e-01,8.141195598497943942e-02,1.063370364849209881e-01,7.241627000559562599e-02,1.890463245872706782e-02,5.188734180873237622e-02,1.929665278010720894e-02,1.384976424478216554e-02,2.774056296823604328e-02,1.503807965740538294e-02,2.403781370175142248e-02,1.186841253493604344e-02,7.938003402466097674e-03,2.088137698882815141e-02,1.635660574557011582e-02,2.077360813221419689e-02,1.468304432366570808e-02,2.253392856850773909e-02,6.534000994913233273e-03,5.314765505281628978e-03,1.966330624311537351e-02,2.965101748318865402e-02,3.205663413986034604e-02,1.579303793350364526e-02,4.024390428638613404e-02,4.809078950973781630e-02,6.303784669315176670e-02,1.272372303112864235e-02,5.606117223539514721e-02,3.811258967573598333e-02,5.213885684023393530e-02,3.985144780396066705e-02,8.682099118417356542e-02,2.303020555543469280e-02,2.471448186004633965e-02,2.469124124793228500e-02,9.436247015974523825e-03,1.928884198219946167e-02,2.384292851069133232e-02,3.837369007165848667e-02,3.565204303100544259e-02,7.147715779619810694e-02,8.492725223007502322e-02,2.688875402999819225e-02,5.024582578434660246e-02,1.704423964380126777e-01,7.409901161844664741e-02,1.038506723380963753e-01,6.964950081795759362e-02,1.734146998430787998e-02,6.490592023648816822e-02
1.288418616430505974e-02,1.538108259671907424e-02,1.488258136384461652e-02,8.260350841492632157e-03,2.885751117791931011e-02,3.842363352215547034e-02,3.956167405247890817e-02,6.704452269413408751e-03,4.736985812888745706e-02,2.996778736281539846e-02,3.408328017207759575e-02,2.153694629665574636e-02,5.400200901535342352e-02,1.686201383470044973e-02,0.000000000000000000e+00,1.430593265001070709e-02,9.379933712750879171e-03,1.916007206559829784e-02,1.780622444809563942e-02,3.640783766277281425e-02,1.923689132966395141e-02,6.913960233097320163e-02,5.692692917700542532e-02,2.256669379533010611e-02,4.729298633534481655e-02,1.028310937138822156e-01,6.333341742886181014e-02,8.260954342930794392e-02,5.692489828964086840e-02,1.409236258931043269e-02,4.114319813358271322e-02,1.562523146948284133e-02,1.113763643976027097e-02,2.156471917369700772e-02,1.157669707376441336e-02,1.799602196033145418e-02,8.794269005544844489e-03,6.373608026270103505e-03,1.657099804757800748e-02,1.277950973526888710e-02,1.617680076846297194e-02,1.122714756147643461e-02,1.631411711787164598e-02,4.742536838259857682e-03,4.280692714450433714e-03,1.512463689401483298e-02,2.267840322646268517e-02,2.442137422760548224e-02,1.171571125310723500e-02,3.059157480411910102e-02,3.795488619890945853e-02,4.827229580323702529e-02,1.035870327431680227e-02,4.460743072193884551e-02,2.896143631663210954e-02,4.098819870030692009e-02,3.151215315947050732e-02,6.658749449129029718e-02,1.752337264645076678e-02,2.016961015472675672e-02,1.888404035194296560e-02,7.346982491202583114e-03,1.561824422856337297e-02,1.933811361190801437e-02,3.109445227682441221e-02,2.759437524099774691e-02,5.798118943099135614e-02,6.816859288744334111e-02,2.130991578742120335e-02,4.015925079715310098e-02,1.365126123889998933e-01,5.855952409816160553e-02,8.140881524518872592e-02,5.418030738395346324e-02,1.339758633908707738e-02,4.983497146694452345e-02
1.319844390156766321e-02,1.591962516130021599e-02,1.558679232796102675e-02,8.477618391038114348e-03,3.038851347648751158e-02,3.990785286238381080e-02,4.173137308853002575e-02,6.646958474403543912e-03,4.881538370606722937e-02,3.236525298961419328e-02,3.548708336283700610e-02,2.234258961448302300e-02,5.626109414766011091e-02,1.814183122653222416e-02,1.430593265001070709e-02,0.000000000000000000e+00,1.009870650594140405e-02,1.987810758850650991e-02,1.783757891895153616e-02,3.782748685051887105e-02,2.009044455891763337e-02,7.194350586507876344e-02,5.816908315885260805e-02,2.312360122242679283e-02,5.011683866686034855e-02,1.055636167161095040e-01,6.659384587878733330e-02,8.694832851217121350e-02,5.947387516124127277e-02,1.533399484210319283e-02,4.302509997220484161e-02,1.581159264782142776e-02,1.125451901239764817e-02,2.220550976135395732e-02,1.203615054880767012e-02,1.937957234687408617e-02,9.407212864883279443e-03,6.501103374249375677e-03,1.681161501006114486e-02,1.323792277026201308e-02,1.679627565438019179e-02,1.172386696274966243e-02,1.775437090944714802e-02,5.128532688599971197e-03,4.302015189135290074e-03,1.589387688325245157e-02,2.436263465838325176e-02,2.589836709670510079e-02,1.253310192260710491e-02,3.218185638500564716e-02,3.972333146830142603e-02,5.112592171336446945e-02,1.065417310996648499e-02,4.627231991925532389e-02,3.061496007830180263e-02,4.235945556892452973e-02,3.262891122363220653e-02,7.068615657410116937e-02,1.847546121523784696e-02,2.058343918196920558e-02,2.029329284060866351e-02,7.580898569543529503e-03,1.596178956160405199e-02,1.954384656942709242e-02,3.171303200627348384e-02,2.911087081877184596e-02,5.996019290219023468e-02,7.044592216355777259e-02,2.210447708957270427e-02,4.182452110318574806e-02,1.401707556900429752e-01,6.049876924958230012e-02,8.540743534460948361e-02,5.667769092420780336e-02,1.427461666157318031e-02,5.270595197845715646e-02
8.873157618249045281e-03,1.065162853500163306e-02,1.072691722809615555e-02,5.753619463318590706e-03,2.046480687814375074e-02,2.699539296379010328e-02,2.777952554839453053e-02,4.458436787868043025e-03,3.280847013058233591e-02,2.159595871277406737e-02,2.409386024447560115e-02,1.477481650762300924e-02,3.712576273978118041e-02,1.232408524444123313e-02,9.379933712750879171e-03,1.009870650594140405e-02,0.000000000000000000e+00,1.336398282727500539e-02,1.223288073553261898e-02,2.582184606313627645e-02,1.339017485899156139e-02,4.933479777237022995e-02,3.942379569172639597e-02,1.526789576447239866e-02,3.357732034088438400e-02,7.070199855907659259e-02,4.539207311779170501e-02,5.873136072048953937e-02,3.991033105145302268e-02,1.039950192954331755e-02,2.906477682213412517e-02,1.024694491867203516e-02,7.539805938865194040e-03,1.531489494438365018e-02,8.111617004087540855e-03,1.316099894677079211e-02,6.442785477678790972e-03,4.375333750397241220e-03,1.118128107803456270e-02,9.012063090557105929e-03,1.152526245267221881e-02,7.919564890710009686e-03,1.243294685384175105e-02,3.410129336786449882e-03,2.990848892548513775e-03,1.073052482189800969e-02,1.645362769917939338e-02,1.799296726353829742e-02,8.413317182670163735e-03,2.165591386794742113e-02,2.640688342097474717e-02,3.424679182053599891e-02,7.225923982637748495e-03,3.085560835577372263e-02,2.084176851334071726e-02,2.871769575765054441e-02,2.191605203176665018e-02,4.778908170330113669e-02,1.254919817769877856e-02,1.373379603030750080e-02,1.364986079663786482e-02,5.024383490672361570e-03,1.069847349253768426e-02,1.314853779435473657e-02,2.149776378676708857e-02,1.956177106463664536e-02,4.036013749799234607e-02,4.785665078062864564e-02,1.465132936920126965e-02,2.802455240160129160e-02,9.381911544144821979e-02,4.124135546516680129e-02,5.812754217687708669e-02,3.852496252651373132e-02,9.925055714504837576e-03,3.558312709524163314e-02
1.776321383623539335e-02,2.119575411629549822e-02,2.107572195768196016e-02,1.141578086914515899e-02,4.050471149664865156e-02,5.387360934356711512e-02,5.558953110920941687e-02,8.907228298852879617e-03,6.586499184009299290e-02,4.312235970123249468e-02,4.794625877662283403e-02,2.962223058081533966e-02,7.468404327322762659e-02,2.418669685464269400e-02,1.916007206559829784e-02,1.987810758850650991e-02,1.336398282727500539e-02,0.000000000000000000e+00,2.412361739938403277e-02,5.066943811079504395e-02,2.705652038562465084e-02,9.751377880117050034e-02,7.831424279053772475e-02,3.078613753847644907e-02,6.670272360007709067e-02,1.420265642168826725e-01,8.902133691475064281e-02,1.160408594146641187e-01,7.961187221546341120e-02,2.029990234225339391e-02,5.717563666260364746e-02,2.106370578288220552e-02,1.499324487476388912e-02,2.980539835901689291e-02,1.606568341505884220e-02,2.581526557256320215e-02,1.271375357830745352e-02,8.660879104857160948e-03,2.257470601151415068e-02,1.783899641397066610e-02,2.245607694359630715e-02,1.574701445184786483e-02,2.384411709272737240e-02,6.753685696127742846e-03,5.851809996217257476e-03,2.139515302153419118e-02,3.263205951428445328e-02,3.510539028051103128e-02,1.683390050190961690e-02,4.310911670926949324e-02,5.287472982048176118e-02,6.849459410295764827e-02,1.441513574226672284e-02,6.146528236236198373e-02,4.090568662142669148e-02,5.685446549317256515e-02,4.368038110461441165e-02,9.470357384425187597e-02,2.459894366082962525e-02,2.781763491968683444e-02,2.707580884013741779e-02,1.001121019657857762e-02,2.124996295050913392e-02,2.584439149132170682e-02,4.247213485934421551e-02,3.934435209986247156e-02,7.999847406582112630e-02,9.511111072661053434e-02,2.970482213292099938e-02,5.581941180453862256e-02,1.886962233450419912e-01,8.135713773395956971e-02,1.141481504146038828e-01,7.632529858368439224e-02,1.914667601237592109e-02,7.063346869975335729e-02
1.597047251890135189e-02,1.927717820387021483e-02,1.949004727198120832e-02,1.044527082813369312e-02,3.698028289565247900e-02,4.936120441866617692e-02,5.013243856589928021e-02,8.310614841901067112e-03,6.013353978540998679e-02,3.833634614358020359e-02,4.374795522873543147e-02,2.662003948734386477e-02,6.772749653813005255e-02,2.193998747806020014e-02,1.780622444809563942e-02,1.783757891895153616e-02,1.223288073553261898e-02,2.412361739938403277e-02,0.000000000000000000e+00,4.671679238321344713e-02,2.360821035381312216e-02,8.876057474110120304e-02,7.212199380702248586e-02,2.761370323564319232e-02,6.001003453974793761e-02,1.283469132032118987e-01,8.153491596339716707e-02,1.045765672423469156e-01,7.226767025648582476e-02,1.821458340965623895e-02,5.230246890364995821e-02,1.926432268794397995e-02,1.404019138847432263e-02,2.779287622109269038e-02,1.468776000260440737e-02,2.393994815261713330e-02,1.147531083042002166e-02,8.097267013632716490e-03,2.059471314833582686e-02,1.657520960867158583e-02,2.080275025536579975e-02,1.426886812781236365e-02,2.171126861246289175e-02,6.191734098257614671e-03,5.484678256896195932e-03,1.863425683292464774e-02,2.895360360413551729e-02,3.206644940314849757e-02,1.501782373556589771e-02,3.887756011357607067e-02,4.807878353378314956e-02,6.139787662834143844e-02,1.286958744906464142e-02,5.706009506562913225e-02,3.680587202125329416e-02,5.221602516791212095e-02,3.888910474116012012e-02,8.496307929752527910e-02,2.280485309431046215e-02,2.451838008677711261e-02,2.412334068097193862e-02,9.207651404127726799e-03,1.948468285043308823e-02,2.436813902909451199e-02,3.988836946889326440e-02,3.392683497823874988e-02,7.326138133167299504e-02,8.565472837513227189e-02,2.621898231708677529e-02,5.053571620277487464e-02,1.698390388296000530e-01,7.526007270780891989e-02,1.041790140312093688e-01,6.992445798593188711e-02,1.749515369375170479e-02,6.301985518369504491e-02
3.351771556767494525e-02,4.087913457924034072e-02,4.056332156793630850e-02,2.177174707419082464e-02,7.647146445744502918e-02,1.031113220882346887e-01,1.043903963680949398e-01,1.667723660908710173e-02,1.252812727332050791e-01,8.255725365171165397e-02,9.086389254845574082e-02,5.599657340660074006e-02,1.418160627725492950e-01,4.634818600964343144e-02,3.640783766277281425e-02,3.782748685051887105e-02,2.582184606313627645e-02,5.066943811079504395e-02,4.671679238321344713e-02,0.000000000000000000e+00,4.975749283022033731e-02,1.867460105011370386e-01,1.494860750512393976e-01,5.833819391830820378e-02,1.268368888742589795e-01,2.687161581208820649e-01,1.721803160165259472e-01,2.212575367065976184e-01,1.521017105111698575e-01,3.899051879705694307e-02,1.102129221827112537e-01,3.892023005108967426e-02,2.853390802241982660e-02,5.820953423616980621e-02,3.071230701110089223e-02,5.046835011354990075e-02,2.425304256063446837e-02,1.680384408453466927e-02,4.176305868713132280e-02,3.420487014484802080e-02,4.358422618042754465e-02,2.970800051203956182e-02,4.623800973231935452e-02,1.280700026015647169e-02,1.114246743457044872e-02,4.009105188196174230e-02,6.188315940592389180e-02,6.773507378746798646e-02,3.129064467897488266e-02,8.115213281062309825e-02,1.002570163493030492e-01,1.283435694323077358e-01,2.632066633563894323e-02,1.176319320837979215e-01,7.851812439133762367e-02,1.077428190337257757e-01,8.129397282417462345e-02,1.780395418234574367e-01,4.705801055632465035e-02,5.177799942547735984e-02,5.142048445385320743e-02,1.924354489174907867e-02,4.032022556287900850e-02,5.073306588523338739e-02,8.267059876214050140e-02,7.200545030362898169e-02,1.525624883921891384e-01,1.797268938633488911e-01,5.545015668967947370e-02,1.052545642115150365e-01,3.532330476516256645e-01,1.575737727750147199e-01,2.182456902962837397e-01,1.474906375334953390e-01,3.718337827758335518e-02,1.349085451142791880e-01
1.770816782867119105e-02,2.126781264517180886e-02,2.047028880164303635e-02,1.161937871079774844e-02,4.063127809936156742e-02,5.325078138054775700e-02,5.582080012100046340e-02,8.976492723979790159e-03,6.538265942645861417e-02,4.305044282835332470e-02,4.744437230413148937e-02,3.064225683203332037e-02,7.550824593946438290e-02,2.404185603737638011e-02,1.923689132966395141e-02,2.009044455891763337e-02,1.339017485899156139e-02,2.705652038562465084e-02,2.360821035381312216e-02,4.975749283022033731e-02,0.000000000000000000e+00,9.549420116375566259e-02,7.769588005234069616e-02,3.129510245768314658e-02,6.720173035450720256e-02,1.423367796965984977e-01,8.811257780536727036e-02,1.154807188287047259e-01,7.901049183534694653e-02,1.987141363005592506e-02,5.720571136597927403e-02,2.140501353389680575e-02,1.536010706126155964e-02,2.964254224522074391e-02,1.613527159260039201e-02,2.542030883908194192e-02,1.249501186813550477e-02,8.575336225175807930e-03,2.271994820242179136e-02,1.780641536793198948e-02,2.249811420586290966e-02,1.603797753729303138e-02,2.330806780845595672e-02,6.711297348832536390e-03,5.883912636757679393e-03,2.188258558885360777e-02,3.213874876959940674e-02,3.426481393597535785e-02,1.694726896836539626e-02,4.319499309600153408e-02,5.303480913119649337e-02,6.813379828501897606e-02,1.493776961983689193e-02,6.129841673914023653e-02,4.131710380881852690e-02,5.651970921445247792e-02,4.567996211571538623e-02,9.426225678435030952e-02,2.445865912517027063e-02,2.863189077283610773e-02,2.716581914243192467e-02,1.038009625446615833e-02,2.174994877871706811e-02,2.563062760724710981e-02,4.213346871776772057e-02,4.056941393797881129e-02,7.940968950680224459e-02,9.523272863902271235e-02,3.024195569557495272e-02,5.612047766868870358e-02,1.903953479288900130e-01,8.049199868593910623e-02,1.139430430141576828e-01,7.518453820048461023e-02,1.856895519512628476e-02,7.062092518097987104e-02
