0.000000000000000000e+00,1.295518352229056008e-02,7.071942170768622665e-03,5.885532434946199459e-03,2.541574172459215228e-02,2.718738519750886137e-02,3.254866793557777138e-02,5.455956856922738150e-03,3.245362833041303546e-02,1.985375373106045005e-02,2.425162899870323546e-02,1.521098939185574692e-02,4.278017048680584494e-02,1.290067080140191828e-02,1.710538806556653052e-02,1.020879195453669279e-02,6.442614412991464097e-03,1.462211388046787998e-02,1.161577966926368409e-02,2.642120043513387917e-02,1.518829164973494253e-02,5.516691692087038329e-02,3.665858253967874819e-02,1.477140973460420829e-02,3.343524953494425578e-02,8.172445603349988430e-02,4.147426934725888942e-02,5.924821279030497573e-02,3.941316393666663420e-02,8.675097625743812338e-03,3.096346155199691808e-02,1.316761249638924436e-02,9.121706246003401936e-03,1.213417237846488306e-02,7.489752179492457917e-03,1.326343363483458229e-02,5.411071337854021605e-03,4.872356402696782600e-03,1.214213218333389313e-02,8.180824735050360591e-03,8.431735981315118672e-03,6.736773100332599587e-03,1.057687494395196173e-02,4.657729538855091833e-03,2.474934595672825983e-03,8.330796639370268222e-03,1.617681894601432843e-02,1.602346703485980906e-02,8.335497015263197695e-03,2.326514546301503006e-02,2.900012751393075960e-02,3.175722551851962311e-02,7.160414841840034676e-03,3.233450689102236597e-02,1.834481635360789634e-02,3.063822119377965572e-02,2.086447709471069001e-02,4.170004820368695270e-02,1.704961693791842703e-02,1.274569690145175606e-02,1.310966468309513779e-02,5.166929633304504985e-03,1.411082025144218613e-02,1.405280236043678251e-02,2.288279975349657644e-02,1.622337907044895874e-02,4.928014636702476164e-02,4.652343230943500885e-02,1.347522124271130321e-02,3.322529778199451167e-02,9.501907110258989153e-02,4.563369454515838614e-02,6.110637417928800608e-02,3.882096929507865279e-02,1.144864339049060133e-02,3.187751493821055354e-02
1.295518352229056008e-02,0.000000000000000000e+00,1.191141587465908459e-02,1.015621886218174945e-02,4.278835921752235233e-02,4.555270670863131866e-02,5.488859006131216467e-02,8.985598717762367793e-03,5.522604903264459464e-02,3.348872128690871114e-02,4.034917794900493015e-02,2.485549997998231023e-02,7.156939172270466998e-02,2.165097812536878955e-02,2.958296993094784375e-02,1.774591203329081018e-02,1.079558679618137368e-02,2.484831368328977927e-02,1.999571157339484484e-02,4.524041090496876139e-02,2.486191147014746999e-02,9.465153620106897536e-02,6.028734695065689209e-02,2.369265460799665698e-02,5.604409850965406947e-02,1.369174233703522869e-01,7.125797322930522981e-02,1.011428157882105772e-01,6.673345984511855344e-02,1.480350130573377873e-02,5.296594729952944919e-02,2.151774363698562981e-02,1.487617522711163695e-02,2.094588206422522136e-02,1.230395715738484726e-02,2.248760588151055631e-02,9.243437316143335650e-03,8.234137242530357656e-03,1.962351937405654514e-02,1.353151713878463815e-02,1.421604867877729675e-02,1.086207766048004515e-02,1.852487897527194116e-02,8.006731780185377678e-03,4.045610752270526952e-03,1.453434134899283907e-02,2.750408969108670068e-02,2.727435414854244983e-02,1.353472607442752183e-02,3.813398196251172739e-02,4.825328528413778267e-02,5.266308673816204322e-02,1.242314079898784902e-02,5.339772220705237687e-02,3.023765591424653482e-02,5.160150330449381900e-02,3.381804717831429774e-02,6.860754122017456713e-02,2.893554530492215351e-02,2.174701007145269163e-02,2.194949548793639557e-02,8.663784279203752894e-03,2.358764708917662420e-02,2.393129647731645146e-02,3.932289747926657336e-02,2.726774272789065506e-02,8.479367823094952072e-02,7.813327845515323500e-02,2.193758192929088149e-02,5.601777885857094075e-02,1.624259429138606436e-01,7.740809199084931758e-02,1.030394468736972463e-01,6.640558240310245885e-02,1.959950895273999266e-02,5.406528682248528533e-02
7.071942170768622665e-03,1.191141587465908459e-02,0.000000000000000000e+00,5.382761303470754398e-03,2.355190152311137722e-02,2.530131410653927229e-02,3.021814410410838397e-02,5.084441472752187531e-03,3.089807925478694345e-02,1.840354742411336522e-02,2.251274121975919973e-02,1.382297206569032232e-02,3.913944854973370330e-02,1.176965082080804088e-02,1.672411692083401735e-02,9.613340508892438338e-03,5.927157389073772938e-03,1.343954045385242595e-02,1.166039515310657478e-02,2.467463424787039172e-02,1.372351448488421700e-02,5.259523667897037652e-02,3.403700670849267584e-02,1.309499187632112184e-02,3.086815688636461441e-02,7.606078262988699712e-02,3.897988850623705648e-02,5.535800096024976608e-02,3.708098902414114217e-02,8.172560595564924354e-03,2.909012841228144144e-02,1.204391977061930637e-02,8.273234745570887116e-03,1.155712325837168417e-02,6.786078381495285090e-03,1.215917720317844820e-02,5.065281745506289984e-03,4.795783090812714630e-03,1.097310975324163745e-02,7.625666042183953941e-03,7.812453007429637220e-03,5.855034071401658304e-03,1.010594390194179473e-02,4.315439191827555483e-03,2.399155025286859449e-03,7.906644316343089743e-03,1.503336442903983536e-02,1.474669101809619742e-02,7.386915283425943279e-03,2.093514743081528046e-02,2.676456445052767183e-02,2.900870680631830595e-02,6.901464201468429129e-03,3.034763104713283227e-02,1.640378901411840978e-02,2.892661632317685555e-02,1.844223207959204414e-02,3.775472172256906511e-02,1.592554598457342901e-02,1.202461962740036285e-02,1.194744502333365543e-02,4.696300352249991802e-03,1.305714562732343022e-02,1.323961598777268281e-02,2.207146597357165577e-02,1.502923992528029315e-02,4.728294625297182335e-02,4.329819268117347797e-02,1.219936344908406634e-02,3.079489482241495879e-02,9.006278381653233522e-02,4.244454778737580952e-02,5.710076279862887766e-02,3.698885518392931032e-02,1.097060031250234220e-02,2.944716283728890382e-02
5.885532434946199459e-03,1.015621886218174945e-02,5.382761303470754398e-03,0.000000000000000000e+00,1.986837966617363907e-02,2.060416448944477757e-02,2.534255525075273380e-02,4.068728601753233802e-03,2.515287277025304510e-02,1.548565651677844511e-02,1.875197698753874181e-02,1.157898282043955812e-02,3.304105576863181071e-02,1.005688399940907717e-02,1.332219690376980695e-02,7.945641269682737762e-03,4.975533365968092502e-03,1.138244562243984417e-02,9.229436779000642355e-03,2.038847704093699198e-02,1.153652508709828405e-02,4.260352885653553856e-02,2.724273141920076705e-02,1.084160152513022855e-02,2.568737806183039180e-02,6.229667683343704382e-02,3.212943304758858476e-02,4.613919116707046464e-02,3.036391657638049663e-02,6.722005951154124727e-03,2.416801146518443230e-02,1.006707484110364210e-02,7.173756868926239871e-03,9.815415174789236114e-03,5.825949388700134984e-03,1.035061653769000015e-02,4.204362282562715963e-03,3.776291185494570855e-03,9.131984051543343486e-03,6.368670195248280104e-03,6.569200304488483771e-03,5.129731398732535058e-03,8.615070559127583488e-03,3.792814070098417343e-03,1.849660797724204334e-03,6.924217164794569356e-03,1.265706652613783276e-02,1.261911796531398240e-02,6.364926060224678460e-03,1.762190273684197117e-02,2.192679555008259645e-02,2.453655683128763004e-02,5.769682701243749635e-03,2.444480867470869012e-02,1.394758471609561928e-02,2.365874569668859756e-02,1.588529674268598230e-02,3.132436195681886915e-02,1.343122122886001267e-02,1.000979961019000247e-02,1.001394236823470972e-02,4.036545133461869050e-03,1.076079068005755292e-02,1.117248276789155857e-02,1.817524075990192486e-02,1.289273403856235588e-02,3.852397737996694771e-02,3.600819228215614010e-02,1.006844419388705329e-02,2.561401230411738603e-02,7.470486353751062958e-02,3.526827419216246873e-02,4.704025990545258884e-02,3.028026209310070299e-02,8.822760904637391710e-03,2.449208375940356217e-02
2.541574172459215228e-02,4.278835921752235233e-02,2.355190152311137722e-02,1.986837966617363907e-02,0.000000000000000000e+00,8.799006607751003184e-02,1.068015975901407677e-01,1.717261922922242584e-02,1.068999143479161806e-01,6.715340499558035414e-02,7.902957337360556889e-02,4.931667334422267651e-02,1.409974539588226272e-01,4.304792878482301133e-02,5.448363132733288067e-02,3.374950377275871133e-02,2.167109691283678613e-02,4.835164523251249402e-02,3.918856205053786179e-02,8.652453776361680726e-02,4.860026595952909173e-02,1.784010106230512760e-01,1.154865741323210515e-01,4.613941941065340807e-02,1.097154317256236050e-01,2.622532635738386020e-01,1.368939128624114543e-01,1.973808891568116508e-01,1.287877339312570035e-01,2.983430791328522957e-02,1.017270263409951331e-01,4.260079064608911920e-02,2.952055534802854736e-02,4.043618467637537239e-02,2.424140812076434198e-02,4.474489110848563905e-02,1.835302427499367964e-02,1.582025221842389348e-02,3.877126801107742826e-02,2.645729935431317958e-02,2.756024077201782788e-02,2.139143927037182383e-02,3.687296223352475727e-02,1.592278050384529631e-02,7.703189218744427996e-03,2.860699203654838707e-02,5.346921731582812004e-02,5.332086406492717728e-02,2.660799586884898815e-02,7.539254409380462263e-02,9.271400382106033400e-02,1.043651202927228794e-01,2.421125217401973173e-02,1.044915033431463719e-01,6.100393857708071021e-02,1.004306939871482673e-01,6.749130009257806040e-02,1.340804770650909639e-01,5.703068800017150469e-02,4.100813664437517186e-02,4.242571884142570804e-02,1.772292616141061053e-02,4.595928362574668719e-02,4.738760508461511978e-02,7.578749702015785683e-02,5.363812525061142922e-02,1.606221045292202665e-01,1.512052550936832385e-01,4.233817729496761745e-02,1.092853679076473683e-01,3.132024029327221126e-01,1.482063585861592980e-01,1.996795583768928017e-01,1.278146293294603608e-01,3.732539617157168421e-02,1.037093917618809313e-01
2.718738519750886137e-02,4.555270670863131866e-02,2.530131410653927229e-02,2.060416448944477757e-02,8.799006607751003184e-02,0.000000000000000000e+00,1.134423774016051489e-01,1.864228653971620672e-02,1.148962317290805196e-01,6.845927213927352484e-02,8.375959512273439822e-02,5.144657516709344458e-02,1.488036758654555924e-01,4.499944935940044383e-02,5.911454061195437620e-02,3.629526536117354263e-02,2.233803008175890351e-02,5.140673170195082797e-02,4.177810561007712364e-02,9.304454480084546619e-02,5.107718726580899593e-02,1.929224952009289118e-01,1.261928862433305265e-01,4.925558204325625883e-02,1.168660726445183567e-01,2.820245059477920480e-01,1.467657399314157562e-01,2.087332028566382669e-01,1.385850333072317087e-01,3.117001692725651640e-02,1.080899081819059054e-01,4.414079213274374469e-02,3.054302032087452892e-02,4.246151606506824022e-02,2.531213095512820782e-02,4.623777988989927201e-02,1.904692230938622236e-02,1.684563128407697008e-02,4.026523587979276980e-02,2.813028444852544788e-02,2.973898709683742841e-02,2.240327747381074680e-02,3.785901811152197344e-02,1.608534000321908131e-02,8.412507435311217252e-03,2.984711556187493245e-02,5.661308533124077835e-02,5.658128312082461725e-02,2.773669275632393086e-02,7.928126525472327379e-02,1.002028787298321899e-01,1.099181570810438824e-01,2.518653468309777627e-02,1.124268009876960572e-01,6.294668566181318980e-02,1.062373104687197173e-01,6.980569274055872797e-02,1.432591830271586764e-01,5.931057915298929700e-02,4.428388637630525926e-02,4.535519632029109960e-02,1.836021848177392390e-02,4.905014114091235666e-02,4.988819584170823412e-02,8.141787246324350136e-02,5.606337090965442943e-02,1.738664282527839222e-01,1.614829481694684266e-01,4.534462039571884873e-02,1.164078032251283645e-01,3.328995671002594192e-01,1.592378388926697363e-01,2.131753392048834073e-01,1.367415392686368580e-01,4.040402973812474985e-02,1.112792413464979424e-01
3.254866793557777138e-02,5.488859006131216467e-02,3.021814410410838397e-02,2.534255525075273380e-02,1.068015975901407677e-01,1.134423774016051489e-01,0.000000000000000000e+00,2.235347475554431626e-02,1.377884384613371760e-01,8.463732146049807170e-02,1.009956689861817719e-01,6.305241420479952563e-02,1.798452934566335537e-01,5.460479427763784838e-02,7.082121353119202878e-02,4.338272209685237191e-02,2.745041620218465969e-02,6.165532712845235574e-02,5.034215427529525888e-02,1.111512600474145740e-01,6.247624041909013992e-02,2.309715691985562147e-01,1.490678512070945649e-01,5.932729376913700031e-02,1.406498683942757899e-01,3.380344423456809189e-01,1.754605682266234257e-01,2.524507554463336079e-01,1.652963866223680078e-01,3.755658364261983684e-02,1.305922804088368028e-01,5.445667703180560176e-02,3.781131573453859473e-02,5.230860924389647143e-02,3.124955700773802969e-02,5.688349202806007587e-02,2.328800345922095449e-02,2.052432309029121604e-02,4.986062093758781427e-02,3.427205328700103082e-02,3.565112577649461045e-02,2.742685496565648237e-02,4.688205212266766814e-02,2.026695568358431385e-02,1.009684684014216204e-02,3.665118493702763935e-02,6.859931901817931110e-02,6.808662535675751026e-02,3.409765102890670307e-02,9.574655216065633412e-02,1.194291196577715042e-01,1.331118599846470296e-01,3.114785931462792090e-02,1.338057738932152962e-01,7.728528524139295641e-02,1.281683239886532433e-01,8.605642497250039213e-02,1.718817816325349246e-01,7.263892800207538691e-02,5.298369969845061894e-02,5.447873943827546972e-02,2.227989843386549498e-02,5.879617857048347052e-02,6.021676086584694387e-02,9.776411583521829596e-02,6.877794041654557156e-02,2.075199239925447081e-01,1.943091434019566244e-01,5.458030715013283130e-02,1.398241350013229300e-01,4.026640742859252664e-01,1.906581230596127996e-01,2.564429003927983786e-01,1.640745994534134611e-01,4.786178115618222595e-02,1.332139094804879187e-01
5.455956856922738150e-03,8.985598717762367793e-03,5.084441472752187531e-03,4.068728601753233802e-03,1.717261922922242584e-02,1.864228653971620672e-02,2.235347475554431626e-02,0.000000000000000000e+00,2.270227746980392133e-02,1.376055231266660149e-02,1.674099454334021866e-02,1.050670284415509796e-02,2.947576059727270367e-02,8.664608077863822019e-03,1.181321244624293151e-02,7.044559728343566599e-03,4.531497202843903782e-03,1.013342112830011542e-02,8.388673698671954629e-03,1.846489349348886741e-02,1.013834382787924364e-02,3.805728229925984391e-02,2.534267965890559318e-02,9.920693594826297118e-03,2.312116977779013829e-02,5.653176613400528322e-02,2.871025775235762009e-02,4.135333042756575428e-02,2.741843553626600177e-02,6.141516766634590521e-03,2.146500227490204943e-02,8.810608492791137045e-03,6.111889780467122911e-03,8.649202139958749383e-03,5.118295016545684230e-03,8.895217578717317525e-03,3.742391678631117307e-03,3.327632715751417843e-03,8.091611606501007692e-03,5.604524451966730152e-03,5.921150237786184864e-03,4.489980135559699936e-03,7.524120287508409902e-03,3.204032991305043581e-03,1.770420561739610753e-03,5.598014803114125665e-03,1.116270196880218314e-02,1.111241669048510482e-02,5.551384411223705614e-03,1.561694231031877586e-02,1.986632518933819855e-02,2.175089927181200061e-02,5.064966881180676776e-03,2.248235728550575588e-02,1.277692099780331110e-02,2.163591192672151969e-02,1.417315559573499063e-02,2.874878847896797721e-02,1.156370241811978568e-02,8.854693541735025181e-03,8.879668397413807007e-03,3.724412911169411051e-03,9.850897697502167955e-03,1.012953972062012771e-02,1.610305997714327197e-02,1.096468070597978427e-02,3.436797361157532815e-02,3.226339164662830883e-02,8.929415967261248102e-03,2.301523907425386331e-02,6.633524038226136510e-02,3.148690819763859394e-02,4.247630708087501983e-02,2.697716400331146014e-02,7.848388995923280889e-03,2.202350123508965696e-02
3.245362833041303546e-02,5.522604903264459464e-02,3.089807925478694345e-02,2.515287277025304510e-02,1.068999143479161806e-01,1.148962317290805196e-01,1.377884384613371760e-01,2.270227746980392133e-02,0.000000000000000000e+00,8.386064129449011251e-02,1.010041612387477111e-01,6.216047737834667908e-02,1.803215232975956261e-01,5.462391316253967927e-02,7.200901155378264251e-02,4.426677401664477068e-02,2.751306396347178579e-02,6.244480522276089907e-02,5.106013754435061169e-02,1.141315369239645772e-01,6.154514764529808724e-02,2.364605224755382540e-01,1.533181423799604426e-01,5.931700554099075123e-02,1.420565796626512833e-01,3.427281393831854706e-01,1.795325003690855237e-01,2.538430219263586585e-01,1.681785777803202486e-01,3.806195295032517578e-02,1.316947836082084655e-01,5.427940757870489824e-02,3.777696036794851719e-02,5.227599931142569434e-02,3.106187052420134043e-02,5.674967581899120067e-02,2.339406995562812869e-02,2.094786819492505670e-02,4.944376095482361233e-02,3.441205930811424424e-02,3.585283444398137953e-02,2.713083612959600599e-02,4.645908045421815596e-02,1.987673228279304011e-02,1.045652625820478118e-02,3.579617446825604510e-02,6.860158074778693882e-02,6.878742693993455948e-02,3.373541771916026277e-02,9.567966300901954713e-02,1.217152190256607924e-01,1.339102791649609825e-01,3.090486157396432620e-02,1.371620972868622945e-01,7.735851743627239485e-02,1.295124106316424828e-01,8.490954891583010755e-02,1.737282391533772341e-01,7.233239247865526356e-02,5.382038399039655585e-02,5.529375560023672143e-02,2.233473831068539389e-02,6.022245865975705409e-02,6.083754561384706327e-02,1.000982656719188596e-01,6.732703524384518745e-02,2.117786831606478792e-01,1.974381589915942814e-01,5.451791664572784579e-02,1.423320434912405119e-01,4.060167358592909337e-01,1.941867819806193385e-01,2.601899326790599321e-01,1.671690190783789720e-01,4.899818966550295585e-02,1.337975069660417848e-01
1.985375373106045005e-02,3.348872128690871114e-02,1.840354742411336522e-02,1.548565651677844511e-02,6.715340499558035414e-02,6.845927213927352484e-02,8.463732146049807170e-02,1.376055231266660149e-02,8.386064129449011251e-02,0.000000000000000000e+00,6.280128590162863123e-02,3.872760944735934019e-02,1.107400959565793402e-01,3.433501361410320335e-02,4.343436370657218631e-02,2.670434941231627016e-02,1.687993434434209919e-02,3.820856907691898979e-02,3.097119390919182008e-02,6.844837942981310541e-02,3.881019493830217132e-02,1.423114465704319320e-01,9.074484431691068331e-02,3.622633617016911972e-02,8.686479283464393353e-02,2.080452911199962562e-01,1.079679014137529536e-01,1.563188862802975809e-01,1.002592976942786734e-01,2.330033984124302640e-02,7.971582442838444360e-02,3.295460636246829583e-02,2.333785884258890095e-02,3.165304632072255681e-02,1.885725833393251186e-02,3.594964035490971072e-02,1.464121545336940187e-02,1.256013788433725346e-02,2.992997243497164811e-02,2.101091190112523363e-02,2.126169588630954371e-02,1.632701871718893541e-02,2.953092121829211866e-02,1.265562569126973437e-02,6.051944000593193103e-03,2.244813322658310156e-02,4.241669128473936345e-02,4.160309752343922113e-02,2.095107198087406072e-02,5.951144333735691738e-02,7.140998453933639079e-02,8.247088437429606067e-02,1.899957275025061093e-02,8.119173296381021476e-02,4.743167063416203755e-02,7.933384720132578838e-02,5.245785921075639402e-02,1.046215717129405365e-01,4.565915951136353262e-02,3.206414166339788957e-02,3.323888689706872013e-02,1.364821100436236154e-02,3.648912351374106883e-02,3.694079197401033826e-02,5.978377173502834319e-02,4.202319687327490255e-02,1.276389588509270479e-01,1.187639484381233235e-01,3.325361337791618577e-02,8.629685455791330506e-02,2.469112610589430656e-01,1.171398120394590570e-01,1.585221387245558111e-01,1.007933080293562239e-01,3.007624071466317300e-02,8.139786817828643939e-02
2.425162899870323546e-02,4.034917794900493015e-02,2.251274121975919973e-02,1.875197698753874181e-02,7.902957337360556889e-02,8.375959512273439822e-02,1.009956689861817719e-01,1.674099454334021866e-02,1.010041612387477111e-01,6.280128590162863123e-02,0.000000000000000000e+00,4.707509240510176357e-02,1.322527461638068891e-01,4.020383698791106519e-02,5.252749849831148815e-02,3.192184752318166091e-02,2.042581376643999580e-02,4.583363356996677379e-02,3.755526086934111996e-02,8.237973013242083642e-02,4.641632078488149710e-02,1.700306649428030281e-01,1.114570625379163599e-01,4.399626404591366197e-02,1.033599680681447086e-01,2.503472897487359905e-01,1.298869305660525775e-01,1.866276373394508969e-01,1.226244512959194788e-01,2.792686483136868139e-02,9.640090254652161628e-02,3.983797471933641504e-02,2.772933669569603229e-02,3.857287239273075874e-02,2.290631677762525881e-02,4.174858419456788788e-02,1.711672312635175233e-02,1.520773450373398041e-02,3.614402929492129685e-02,2.517596562397034915e-02,2.639248106416174078e-02,2.002350399711068721e-02,3.413963454069048054e-02,1.462220757964413295e-02,7.409827195495807817e-03,2.655823120020624206e-02,5.044026267490412524e-02,5.036206358013400192e-02,2.474402850327235559e-02,7.097614789132260238e-02,8.793504816486172326e-02,9.862995561899735864e-02,2.286197178652080858e-02,9.996911119404670865e-02,5.722762927439466879e-02,9.567339674491336099e-02,6.371566404406556194e-02,1.274751380066420081e-01,5.319940785581805248e-02,3.933670088398470016e-02,4.009646796161821930e-02,1.661490327630140221e-02,4.397556048876845314e-02,4.504379928879634343e-02,7.249754212236222961e-02,5.048134308213735044e-02,1.537502558024458343e-01,1.444671174172449946e-01,4.029546191233841779e-02,1.037220196222750773e-01,2.971450220847982049e-01,1.418229043614255280e-01,1.905750643767636365e-01,1.209957275991278836e-01,3.590986447037870788e-02,9.820313112859813121e-02
1.521098939185574692e-02,2.485549997998231023e-02,1.382297206569032232e-02,1.157898282043955812e-02,4.931667334422267651e-02,5.144657516709344458e-02,6.305241420479952563e-02,1.050670284415509796e-02,6.216047737834667908e-02,3.872760944735934019e-02,4.707509240510176357e-02,0.000000000000000000e+00,8.254146845820695133e-02,2.521676794650557982e-02,3.336914360806074453e-02,1.989302626308674452e-02,1.248931003340639397e-02,2.820762005838608685e-02,2.336966587643891924e-02,5.024121546350267947e-02,2.950212615955572285e-02,1.056874706922020929e-01,6.905736488290253883e-02,2.750553690272521459e-02,6.403451449352902392e-02,1.565939805720298894e-01,7.915572269280841955e-02,1.157299667950456579e-01,7.536343957588530207e-02,1.686761602724835829e-02,5.976136900644427041e-02,2.499100957935340706e-02,1.762491814422161018e-02,2.424592747604603638e-02,1.444745692204138510e-02,2.626045177115644488e-02,1.061358586225095990e-02,9.423842423992445302e-03,2.261278489611959902e-02,1.602374911971543234e-02,1.633782972986382725e-02,1.249404910546774231e-02,2.145286128121127317e-02,9.295987918114098983e-03,4.515713883340984752e-03,1.705626332834524542e-02,3.141915075761612247e-02,3.085815862843793028e-02,1.584745509622777909e-02,4.414075990730240845e-02,5.354819639856249480e-02,6.159819120012942351e-02,1.418363088434099369e-02,6.112990767857881536e-02,3.489588800826742832e-02,5.936581763268676537e-02,3.997728167053660187e-02,7.853715797422010370e-02,3.359860741899187153e-02,2.450330250385654440e-02,2.458546058505590645e-02,1.007938773771813006e-02,2.696980810606653539e-02,2.783976977670483272e-02,4.431823124802341390e-02,3.179826440433305978e-02,9.501700638087251516e-02,8.953353001208196049e-02,2.534430451257840833e-02,6.323730208518649198e-02,1.851813116062243358e-01,8.690412400299500628e-02,1.179883633165218909e-01,7.472538034306051846e-02,2.225056437907789106e-02,6.136810596864122891e-02
4.278017048680584494e-02,7.156939172270466998e-02,3.913944854973370330e-02,3.304105576863181071e-02,1.409974539588226272e-01,1.488036758654555924e-01,1.798452934566335537e-01,2.947576059727270367e-02,1.803215232975956261e-01,1.107400959565793402e-01,1.322527461638068891e-01,8.254146845820695133e-02,0.000000000000000000e+00,7.179866252630690004e-02,9.353103216926425545e-02,5.689485130256713430e-02,3.574359437000140111e-02,8.098013584089125416e-02,6.541664694365217914e-02,1.461319686297629650e-01,8.207124049110001152e-02,3.049052513431955713e-01,1.966698652471917108e-01,7.813348620356172503e-02,1.845658654616154359e-01,4.449810646530816260e-01,2.305266134693620406e-01,3.309798016888402250e-01,2.167074961112396003e-01,4.926877698586669407e-02,1.714529130979726146e-01,7.150311661580691092e-02,4.945387959765910196e-02,6.779693307060775942e-02,4.048233354421391234e-02,7.443072134051657851e-02,3.049938118314631658e-02,2.711813033028483144e-02,6.583274188548295103e-02,4.496957421779102654e-02,4.626182290276598802e-02,3.580665246259746165e-02,6.108923756040085529e-02,2.647862813361257298e-02,1.332539851855986217e-02,4.736249758712783586e-02,9.005269485846374711e-02,8.919674684198912462e-02,4.451288995281982297e-02,1.261823292557623100e-01,1.560573293046609300e-01,1.747568840545966062e-01,4.039838264877953361e-02,1.762795414334544508e-01,1.013266084673682815e-01,1.687282782427962924e-01,1.124281521962581104e-01,2.262711861925464640e-01,9.535176603208192492e-02,6.957285560221183884e-02,7.160026025669835592e-02,2.898227860079011231e-02,7.761196136933651291e-02,7.880416604167919670e-02,1.273758601867715223e-01,8.921826766551092802e-02,2.731010084319684394e-01,2.559290354090736352e-01,7.166664917110371347e-02,1.848430423029254754e-01,5.280778028477520758e-01,2.496778725593853387e-01,3.379683910396363289e-01,2.146564830378588917e-01,6.334761273393799130e-02,1.749904820182088816e-01
1.290067080140191828e-02,2.165097812536878955e-02,1.176965082080804088e-02,1.005688399940907717e-02,4.304792878482301133e-02,4.499944935940044383e-02,5.460479427763784838e-02,8.664608077863822019e-03,5.462391316253967927e-02,3.433501361410320335e-02,4.020383698791106519e-02,2.521676794650557982e-02,7.179866252630690004e-02,0.000000000000000000e+00,2.820953547144625442e-02,1.721993465171325205e-02,1.095641409004816449e-02,2.450336986724122729e-02,1.990274119539613834e-02,4.417481525914321305e-02,2.463436173761415077e-02,9.216892006869269183e-02,5.854600169629366191e-02,2.360923579487543555e-02,5.568399882436983472e-02,1.338312895663064661e-01,6.986696095865108092e-02,1.011263555862989688e-01,6.549975599221259659e-02,1.523904374362978001e-02,5.177737817030614309e-02,2.176028030187033419e-02,1.500512384744690474e-02,2.037409427897394695e-02,1.233021767453590899e-02,2.234908215802968584e-02,9.312728796676453258e-03,8.198843842614815525e-03,1.981720279570442500e-02,1.333626102327828411e-02,1.375740812374500431e-02,1.086796279160887578e-02,1.903248485073415902e-02,8.293443714731722760e-03,3.914358354089977551e-03,1.450749466372151450e-02,2.780375976043232208e-02,2.737016173469770941e-02,1.352410573504685652e-02,3.847793450169796625e-02,4.758289142412777672e-02,5.312017825323386150e-02,1.236013450185966325e-02,5.325641837600877948e-02,3.093933204302683204e-02,5.146760155284140631e-02,3.408027360355911362e-02,6.855048009006690923e-02,2.934536398464257165e-02,2.087554630664024621e-02,2.176136388469101374e-02,8.891979473670454798e-03,2.352122223859301475e-02,2.428529711169718011e-02,3.822299133779974434e-02,2.706559318572944114e-02,8.261201604492277029e-02,7.677631362598248688e-02,2.150112048383563332e-02,5.616327407539601496e-02,1.599449762152533594e-01,7.567571631581572478e-02,1.021744657216348828e-01,6.511759495864502534e-02,1.918576029576498157e-02,5.271584875904145734e-02
1.710538806556653052e-02,2.958296993094784375e-02,1.672411692083401735e-02,1.332219690376980695e-02,5.448363132733288067e-02,5.911454061195437620e-02,7.082121353119202878e-02,1.181321244624293151e-02,7.200901155378264251e-02,4.343436370657218631e-02,5.252749849831148815e-02,3.336914360806074453e-02,9.353103216926425545e-02,2.820953547144625442e-02,0.000000000000000000e+00,2.287930843313574353e-02,1.427316103911843020e-02,3.216410926359238032e-02,2.709196198801076469e-02,5.871975921178549523e-02,3.235075899556000972e-02,1.187803011196636033e-01,7.904461003149818032e-02,3.155057293705798571e-02,7.356662459382146135e-02,1.772086885192327710e-01,9.328886946131456637e-02,1.307410478997919900e-01,8.779271410348414573e-02,1.936566363423762593e-02,6.824331207483554096e-02,2.711815665976030978e-02,1.920330499064165294e-02,2.784114173631186198e-02,1.634430558615317455e-02,2.964795389654060337e-02,1.190431679118046822e-02,1.031571716506570445e-02,2.481266911294701186e-02,1.765035025642310365e-02,1.977969658846764900e-02,1.482939896588552318e-02,2.400132474632038146e-02,1.007180170238776429e-02,5.309064511400472808e-03,1.974146739678960677e-02,3.529771713570142855e-02,3.593236865810013614e-02,1.767001682336629201e-02,4.872170192676270051e-02,6.262113248020603762e-02,6.884269107325588499e-02,1.620991354613657287e-02,7.003159659601984610e-02,3.990036533087230886e-02,6.582898590753828716e-02,4.523402511845697749e-02,8.920439373636340763e-02,3.669010335031323150e-02,2.922285416805809471e-02,2.820527435575815103e-02,1.197807751923352440e-02,3.026145935902785009e-02,3.184535454164388879e-02,5.259924033129079191e-02,3.618400312323179213e-02,1.081000535503135185e-01,1.017531760683738212e-01,2.876308719905306885e-02,7.223413661350894244e-02,2.117047472010336606e-01,9.989824508861318286e-02,1.321178844637420080e-01,8.619985722732118050e-02,2.470500466476399995e-02,7.043879264647379124e-02
1.020879195453669279e-02,1.774591203329081018e-02,9.613340508892438338e-03,7.945641269682737762e-03,3.374950377275871133e-02,3.629526536117354263e-02,4.338272209685237191e-02,7.044559728343566599e-03,4.426677401664477068e-02,2.670434941231627016e-02,3.192184752318166091e-02,1.989302626308674452e-02,5.689485130256713430e-02,1.721993465171325205e-02,2.287930843313574353e-02,0.000000000000000000e+00,8.692009863303292241e-03,1.959251769479094379e-02,1.597795388948399301e-02,3.593608390609563663e-02,1.941041198144567020e-02,7.402809732020318445e-02,4.766934526267656985e-02,1.889451298172122040e-02,4.466659723287108585e-02,1.082833259112033208e-01,5.685984436129515318e-02,8.024940213929043775e-02,5.321436133294898257e-02,1.195881478704805684e-02,4.136384407370418542e-02,1.665221708495906103e-02,1.156638445422865716e-02,1.634599320785664472e-02,9.756952020000169215e-03,1.776890230839193313e-02,7.373787088055720404e-03,6.542097978688523642e-03,1.529300267221794102e-02,1.061700338155572090e-02,1.141623793064971276e-02,8.614525981922492581e-03,1.476422523519129934e-02,6.272015501402408016e-03,3.261093018377813225e-03,1.143910471675973518e-02,2.176490068563429262e-02,2.160789479141376687e-02,1.059048490440992266e-02,3.008485811299359616e-02,3.824833390430867897e-02,4.187246439842779583e-02,9.667433650400023351e-03,4.268728405694399708e-02,2.422100299190775921e-02,4.066141960747932105e-02,2.661783150516029706e-02,5.438174901898577829e-02,2.283155888781752615e-02,1.713734343084706568e-02,1.742958461169784659e-02,6.977187768252353373e-03,1.881058642817439244e-02,1.911909032193511923e-02,3.143666412475665944e-02,2.146095374857892243e-02,6.704898526249399027e-02,6.140630821554088348e-02,1.740141018183895272e-02,4.435445640372788489e-02,1.279871393719471118e-01,6.123219615118222214e-02,8.179373070924676747e-02,5.254267460576730886e-02,1.560423469769280092e-02,4.270271867757708534e-02
6.442614412991464097e-03,1.079558679618137368e-02,5.927157389073772938e-03,4.975533365968092502e-03,2.167109691283678613e-02,2.233803008175890351e-02,2.745041620218465969e-02,4.531497202843903782e-03,2.751306396347178579e-02,1.687993434434209919e-02,2.042581376643999580e-02,1.248931003340639397e-02,3.574359437000140111e-02,1.095641409004816449e-02,1.427316103911843020e-02,8.692009863303292241e-03,0.000000000000000000e+00,1.225650812669698206e-02,1.000561687817964895e-02,2.233447571480000338e-02,1.243132747588635359e-02,4.664820933326144919e-02,2.975500327781816987e-02,1.183727442629011438e-02,2.818687116779854812e-02,6.783970977671242852e-02,3.512476545101363146e-02,5.073351256831559741e-02,3.251889737494133292e-02,7.535767216158032952e-03,2.580046315259565751e-02,1.066128544194634709e-02,7.409833445238172937e-03,1.012565009841165549e-02,5.996339708322104799e-03,1.131095750204823974e-02,4.736996945722924714e-03,4.143196063765897975e-03,9.763851069611228714e-03,6.737232260427466167e-03,6.803808374990529678e-03,5.177671056971210745e-03,9.273780592980569726e-03,4.021265424960217619e-03,2.028393506151140394e-03,7.026923498193610521e-03,1.376984732026334361e-02,1.351839117959920296e-02,6.738678013000325324e-03,1.917950815113259391e-02,2.356884305117671122e-02,2.665855392173403782e-02,6.113659194965046298e-03,2.655640287877570130e-02,1.528228083792116873e-02,2.596044542676731459e-02,1.703245030956615502e-02,3.433525373315512302e-02,1.442771285742395181e-02,1.037454777723843292e-02,1.080411031778469484e-02,4.326595777938315249e-03,1.198262215862269664e-02,1.197647140955371801e-02,1.940373374095599041e-02,1.345116477647327093e-02,4.173780938859767559e-02,3.860604897835771820e-02,1.081406685257644239e-02,2.818848157728596690e-02,7.971016805577468833e-02,3.840344239322666942e-02,5.164953199382654042e-02,3.280881672591900999e-02,9.837916092847535585e-03,2.618279454532902034e-02
1.462211388046787998e-02,2.484831368328977927e-02,1.343954045385242595e-02,1.138244562243984417e-02,4.835164523251249402e-02,5.140673170195082797e-02,6.165532712845235574e-02,1.013342112830011542e-02,6.244480522276089907e-02,3.820856907691898979e-02,4.583363356996677379e-02,2.820762005838608685e-02,8.098013584089125416e-02,2.450336986724122729e-02,3.216410926359238032e-02,1.959251769479094379e-02,1.225650812669698206e-02,0.000000000000000000e+00,2.260611130718387721e-02,5.106727280163652488e-02,2.782507530095685785e-02,1.057358643593285935e-01,6.796042998461299112e-02,2.667263732581172386e-02,6.334118602326258007e-02,1.533554443577972437e-01,7.985739808576894361e-02,1.141581783869335259e-01,7.518205274414384298e-02,1.701601627460893468e-02,5.884060912813929983e-02,2.394103543860176195e-02,1.676043030149913446e-02,2.315879390230835347e-02,1.383602324728719704e-02,2.532805334321761026e-02,1.045351690897289298e-02,9.273446434902821514e-03,2.179902113998565677e-02,1.512052991686413557e-02,1.568155868057382121e-02,1.205102310699009832e-02,2.102894044854033626e-02,9.006002373283198553e-03,4.528004596440468599e-03,1.600264443961152069e-02,3.112334380904061004e-02,3.066166981738712577e-02,1.517674905368900443e-02,4.310875326243386596e-02,5.445588849510806656e-02,5.986373875256233157e-02,1.384737227027766152e-02,6.086175826811411615e-02,3.467199884929756531e-02,5.835759376985114044e-02,3.811573863148978725e-02,7.747520523081062593e-02,3.256537201871050058e-02,2.393498139331750457e-02,2.464851491404143960e-02,9.952784085948717871e-03,2.667412126248707577e-02,2.713338692376891098e-02,4.412063561989595928e-02,3.026798962824263362e-02,9.465939116890842442e-02,8.791533309218949044e-02,2.442549066023961060e-02,6.341129953211992187e-02,1.809689746191884274e-01,8.666084447789881851e-02,1.158901699755828796e-01,7.452062565762274104e-02,2.202843601075680016e-02,6.009337881173527907e-02
1.161577966926368409e-02,1.999571157339484484e-02,1.166039515310657478e-02,9.229436779000642355e-03,3.918856205053786179e-02,4.177810561007712364e-02,5.034215427529525888e-02,8.388673698671954629e-03,5.106013754435061169e-02,3.097119390919182008e-02,3.755526086934111996e-02,2.336966587643891924e-02,6.541664694365217914e-02,1.990274119539613834e-02,2.709196198801076469e-02,1.597795388948399301e-02,1.000561687817964895e-02,2.260611130718387721e-02,0.000000000000000000e+00,4.109369764829793464e-02,2.295516758932536830e-02,8.535035092871209872e-02,5.610628481705563775e-02,2.158396839964637007e-02,5.145985014033056110e-02,1.246922797299160335e-01,6.570240765796329929e-02,9.286339473877969208e-02,6.162249062843566660e-02,1.378417126169505583e-02,4.831745038154382915e-02,1.968395944343158399e-02,1.395238856112125322e-02,1.962218925146842069e-02,1.144104247322302349e-02,2.080641539516070448e-02,8.524503920396926324e-03,7.801317988826653692e-03,1.789045162803411942e-02,1.276204700886014037e-02,1.349262296983441863e-02,9.899200588027842057e-03,1.733848275623782464e-02,7.274006626297309548e-03,3.935744789349354678e-03,1.365485552967319639e-02,2.485427005498839353e-02,2.512815498004875372e-02,1.233028963565351716e-02,3.464114493486088880e-02,4.372979588864216172e-02,4.860995820607560275e-02,1.157837978564770463e-02,5.023917550352840350e-02,2.776219802690329044e-02,4.761179956109966305e-02,3.152070737134533146e-02,6.285092082217938469e-02,2.648547312014646465e-02,2.008348274426131549e-02,1.973331688723680213e-02,8.121970812041506144e-03,2.160823547012803367e-02,2.246210669058681941e-02,3.725392615212994724e-02,2.546710183253928991e-02,7.754231151546088496e-02,7.226412798859686848e-02,2.029439284506788163e-02,5.104926350564198412e-02,1.501761649576959234e-01,7.076649168649944144e-02,9.479551272326396105e-02,6.127946214204706143e-02,1.802078352809193679e-02,4.891276467322711735e-02
2.642120043513387917e-02,4.524041090496876139e-02,2.467463424787039172e-02,2.038847704093699198e-02,8.652453776361680726e-02,9.304454480084546619e-02,1.111512600474145740e-01,1.846489349348886741e-02,1.141315369239645772e-01,6.844837942981310541e-02,8.237973013242083642e-02,5.024121546350267947e-02,1.461319686297629650e-01,4.417481525914321305e-02,5.871975921178549523e-02,3.593608390609563663e-02,2.233447571480000338e-02,5.106727280163652488e-02,4.109369764829793464e-02,0.000000000000000000e+00,4.959115337882050861e-02,1.913546205141889722e-01,1.233264772415502003e-01,4.817159710576449094e-02,1.149507507803146228e-01,2.781594548268767064e-01,1.447316508506100718e-01,2.048829764118446084e-01,1.352393584221433798e-01,3.042312373029244787e-02,1.066074764735964742e-01,4.318577856557193756e-02,3.009124813387107147e-02,4.211284196788748352e-02,2.509296424999691785e-02,4.578771519542328139e-02,1.880201247461794206e-02,1.666287554533847637e-02,3.881885487236567261e-02,2.733911620626145594e-02,2.877968530199589287e-02,2.194135314723813512e-02,3.728698696551083908e-02,1.599226602303836092e-02,8.253688734837980739e-03,2.882972971653794542e-02,5.612352741495957309e-02,5.524589090660548402e-02,2.733939773337725268e-02,7.683598822234337378e-02,9.849779988594445368e-02,1.079567697484512812e-01,2.487536177253913197e-02,1.104175066174410275e-01,6.211646895473728336e-02,1.046907072359012925e-01,6.816235599389214306e-02,1.400817534163486811e-01,5.815905131418904611e-02,4.369581556744971118e-02,4.472719470325409868e-02,1.788486172277878317e-02,4.839068969223331990e-02,4.897185507087118556e-02,8.035379287647902158e-02,5.406251836179032377e-02,1.717843376816483025e-01,1.590349511310502340e-01,4.437505684947522233e-02,1.145084550757433789e-01,3.270680791760919859e-01,1.575605989559524522e-01,2.096359298361825385e-01,1.350496727827025234e-01,4.007206717558788739e-02,1.091979719787969233e-01
1.518829164973494253e-02,2.486191147014746999e-02,1.372351448488421700e-02,1.153652508709828405e-02,4.860026595952909173e-02,5.107718726580899593e-02,6.247624041909013992e-02,1.013834382787924364e-02,6.154514764529808724e-02,3.881019493830217132e-02,4.641632078488149710e-02,2.950212615955572285e-02,8.207124049110001152e-02,2.463436173761415077e-02,3.235075899556000972e-02,1.941041198144567020e-02,1.243132747588635359e-02,2.782507530095685785e-02,2.295516758932536830e-02,4.959115337882050861e-02,0.000000000000000000e+00,1.037215265376893042e-01,6.760484246063221125e-02,2.763209432329994525e-02,6.394852987837923441e-02,1.546699992777212651e-01,7.873544268513586741e-02,1.138810201386811771e-01,7.424851651124160512e-02,1.643089576247344294e-02,5.914708904026882985e-02,2.468119638114634959e-02,1.742700631355997842e-02,2.373919068382620776e-02,1.425651962395726134e-02,2.580146760383900464e-02,1.042923757740069415e-02,9.214492548118229098e-03,2.279082655212028019e-02,1.563565819407685548e-02,1.613086279599821107e-02,1.267194355751328182e-02,2.098691180030856640e-02,9.168010522904002091e-03,4.561616538680909883e-03,1.696504166405557457e-02,3.109911997031310216e-02,3.063410621594460023e-02,1.583591743582254269e-02,4.357762581689979958e-02,5.339044540375049303e-02,6.058714779270409773e-02,1.400240640645814168e-02,5.993947765991174820e-02,3.506863125650380025e-02,5.823348393975293080e-02,4.036818307851780530e-02,7.800402742702973458e-02,3.266992464169898858e-02,2.441504682318179978e-02,2.449760848448142778e-02,1.021505572030795804e-02,2.651892278428337468e-02,2.692199409554647815e-02,4.428897541981729330e-02,3.193430419051584979e-02,9.332950719084678881e-02,8.833157353714392312e-02,2.529904619887268433e-02,6.261033061664539323e-02,1.833434182080400932e-01,8.597207995049474527e-02,1.163849480933199648e-01,7.429852145363599614e-02,2.159145976444632603e-02,6.049442627127381289e-02
