0.000000000000000000e+00,7.598661930016481839e-03,5.460325802698836467e-03,2.717040075220849508e-03,1.331215273359163433e-02,1.802029362927911119e-02,2.149977252702918798e-02,4.678526873052982898e-03,2.000042875359170358e-02,1.131641497622833635e-02,1.578254840111954077e-02,7.966733638557895944e-03,2.599121306514428145e-02,8.787319173041251499e-03,8.579684646361752931e-03,6.692136574484602689e-03,5.471239409469748176e-03,1.030771073712908811e-02,9.872491438484516657e-03,1.709476348227315090e-02,6.205002879639626157e-03,3.171839769860190783e-02,2.726532210019835464e-02,8.611064390475707195e-03,2.412054010981269994e-02,5.303962469749738673e-02,3.027896757110321024e-02,4.018184496189893679e-02,3.054114663098450588e-02,6.440499744000952563e-03,1.997653284585133165e-02,9.491922321901135814e-03,5.017387195011388003e-03,9.019451682603615503e-03,5.877108557723905065e-03,7.666284118585234286e-03,3.219602784178633281e-03,3.229666760422700462e-03,8.506591007746391181e-03,5.219145613945016041e-03,6.581477372965263348e-03,3.616565678764812990e-03,5.853884302190298997e-03,1.943829319125324907e-03,2.560867972794653950e-03,4.591517306668778733e-03,7.255059283705353815e-03,1.239367599013229543e-02,4.362178941937115521e-03,1.228516463182459210e-02,1.735487930254578023e-02,2.051441897112160281e-02,5.504642559326207440e-03,2.429321767786560282e-02,1.097244807885427130e-02,2.111619125877489678e-02,1.499191955045972927e-02,2.607471010751321455e-02,8.656486478186641020e-03,1.298328232397057483e-02,7.506899052012893162e-03,3.884473429232174375e-03,8.903390789587352708e-03,9.701847624704093564e-03,1.565024923223806014e-02,9.471427686777653121e-03,3.141024027492689275e-02,3.492115752071458384e-02,7.914767923133329830e-03,2.013454364269037442e-02,6.806340011190084582e-02,2.937608212363728571e-02,3.656817769480882191e-02,2.750790834728249895e-02,5.988554396577235560e-03,1.879459284127712668e-02
7.598661930016481839e-03,0.000000000000000000e+00,1.155667878831114111e-02,6.061260663295597005e-03,2.888906798378453045e-02,3.894630582769433025e-02,4.720725791848186248e-02,1.032026731989551908e-02,4.338539350889893814e-02,2.481977829363510649e-02,3.464099278891721173e-02,1.762634657195474505e-02,5.719507908553390918e-02,1.903665572651688440e-02,1.815018757864632001e-02,1.479795072319289168e-02,1.206524410515842638e-02,2.249570070345268888e-02,2.125690191161460144e-02,3.744678008500319788e-02,1.336831077545155150e-02,6.881911048487786287e-02,5.874712656143007278e-02,1.900238591696012252e-02,5.261402890187250048e-02,1.167738046613111258e-01,6.597035425548729293e-02,8.771272794053627808e-02,6.687501280645538615e-02,1.377300995299469283e-02,4.445289228777392354e-02,2.065607343159429898e-02,1.108470568995365176e-02,2.074897594150368341e-02,1.334035496035296947e-02,1.702139080840265814e-02,7.119787488105471657e-03,6.973379774132572317e-03,1.838398867490552771e-02,1.158076184367217570e-02,1.465629017470965190e-02,8.022394621571150852e-03,1.292235466731581073e-02,4.332068829419215283e-03,5.517752966437782999e-03,9.438201412123967127e-03,1.582795794323993074e-02,2.732646615071968391e-02,9.813210082220054711e-03,2.637092611699131187e-02,3.769765252506213776e-02,4.540720214929524351e-02,1.213865291624887342e-02,5.219157841538184933e-02,2.378441752296985359e-02,4.561070729840989435e-02,3.313108812918653945e-02,5.680418974772155627e-02,1.887538339836322687e-02,2.859152190120621551e-02,1.638549024914603275e-02,8.537969596479047865e-03,1.946214620500157089e-02,2.130098201554167167e-02,3.346668410140582473e-02,2.070896062157043596e-02,6.857393423049126802e-02,7.602768733101343546e-02,1.710362294421552409e-02,4.376732053843674503e-02,1.489830742166257382e-01,6.403595798866400235e-02,7.859849440515045971e-02,6.056401431012296832e-02,1.229593810065544510e-02,4.121385198096930158e-02
5.460325802698836467e-03,1.155667878831114111e-02,0.000000000000000000e+00,4.231696816631306049e-03,2.044965022944491076e-02,2.750999688041115901e-02,3.270008472314786530e-02,7.244635682517285014e-03,3.096402694230135366e-02,1.716876851784335939e-02,2.457354921752853694e-02,1.189190191685989863e-02,3.989656836143175983e-02,1.375541688897676494e-02,1.283214566543178052e-02,1.041132501045463968e-02,8.523884923177134365e-03,1.550089540619703499e-02,1.558773777302648739e-02,2.645480429337595044e-02,9.303572956355605356e-03,4.863117176336576031e-02,4.156057389470338426e-02,1.293756204533320908e-02,3.676998154192549773e-02,8.067103941779554810e-02,4.643869269801500360e-02,6.118279202450961629e-02,4.720723430554132211e-02,9.805703109961941277e-03,3.072554842353596855e-02,1.403091721594103281e-02,7.769176498871065151e-03,1.429048884348926504e-02,9.014603685022208601e-03,1.207026362414218533e-02,5.030015366696149667e-03,4.939937287205485236e-03,1.242761979707241241e-02,7.994615481757033626e-03,1.020111467175195685e-02,5.562808410424050463e-03,9.336096866754231213e-03,2.962345734650800606e-03,3.815612848161171848e-03,7.052815664933084761e-03,1.131894713312447086e-02,1.903680910427231823e-02,6.630049587547101955e-03,1.843622258726022173e-02,2.662904407635816387e-02,3.151772351151360674e-02,8.475178194105193602e-03,3.685835427013554877e-02,1.672331724221457275e-02,3.185417592740367315e-02,2.245058162989984826e-02,3.939806151999249162e-02,1.365042420349090423e-02,1.963875688337693090e-02,1.141322557158985090e-02,6.016885465946581260e-03,1.365938596053190880e-02,1.529002170020748314e-02,2.402104279909813081e-02,1.427613191835634329e-02,4.812324975248409575e-02,5.277267421078750409e-02,1.204709092681686793e-02,3.064478236369957281e-02,1.041441414289351469e-01,4.468634967674817854e-02,5.528727347729980868e-02,4.230526118595908519e-02,9.079051736978198395e-03,2.894008781751191209e-02
2.717040075220849508e-03,6.061260663295597005e-03,4.231696816631306049e-03,0.000000000000000000e+00,1.067993041958711573e-02,1.449515890102837448e-02,1.734790219248341300e-02,3.811475759445999076e-03,1.605266250351082211e-02,9.162169130391816657e-03,1.288447393969757021e-02,6.382315871683783698e-03,2.101777531939406224e-02,7.003292982045050685e-03,6.708180762088958998e-03,5.279942357916172536e-03,4.547634137216886342e-03,8.196343878400418406e-03,7.981062265066769454e-03,1.359018959407002139e-02,4.787535658599889783e-03,2.540080544541350321e-02,2.174172139404421250e-02,6.862198435735756413e-03,1.935842264262929713e-02,4.297551277530061581e-02,2.414621300557657363e-02,3.218457551987931320e-02,2.468238328592000513e-02,5.064249442855934050e-03,1.649771940253288299e-02,7.608100794844162296e-03,4.225945640552742841e-03,7.823618738504243067e-03,5.015804404364650713e-03,6.021551891351018156e-03,2.518720071707282373e-03,2.613252402326704440e-03,6.750285867061864981e-03,4.287616994138316977e-03,5.531235148374794887e-03,2.992660904037193481e-03,4.679276818776278990e-03,1.558324219091012080e-03,2.064082764745486624e-03,3.578547308921004727e-03,5.790687652448434780e-03,1.025900710689126201e-02,3.677667482161199770e-03,9.743655463641654954e-03,1.406319031514749462e-02,1.679774486380091608e-02,4.487441552883915732e-03,1.927826558391125197e-02,8.539197236286818343e-03,1.693234296338640837e-02,1.221649426188994338e-02,2.111198855566880431e-02,6.956446217100321905e-03,1.064288124188173500e-02,5.970638339875456238e-03,3.099692203547639927e-03,7.152129102417515566e-03,8.044606718571527953e-03,1.240195700305858281e-02,7.693601975996729181e-03,2.528375115974327084e-02,2.822625035241857136e-02,6.242535236793973763e-03,1.615743976771276402e-02,5.527189763719321525e-02,2.346035446967550953e-02,2.862641617666085436e-02,2.228277922065393518e-02,4.410533053827156609e-03,1.528026944438812609e-02
1.331215273359163433e-02,2.888906798378453045e-02,2.044965022944491076e-02,1.067993041958711573e-02,0.000000000000000000e+00,6.723436355419014354e-02,8.086694402096129830e-02,1.706706022301923698e-02,7.560263496075704526e-02,4.363499507323705812e-02,6.001085557321326341e-02,3.009882266495090414e-02,9.898340806815432436e-02,3.311049014550299791e-02,3.007389327039766691e-02,2.510314167618376072e-02,2.115974559961620455e-02,3.877534867536577834e-02,3.716005474090906813e-02,6.377693379808993535e-02,2.294161073257722921e-02,1.170623847382029348e-01,9.908021168506218890e-02,3.189522400569946153e-02,9.087951897498335041e-02,1.959606495126003101e-01,1.134042771864228194e-01,1.504884604044742780e-01,1.148097753412694322e-01,2.437227237858917775e-02,7.561416825184553991e-02,3.502587413163091301e-02,1.914848291594370075e-02,3.491164960160404729e-02,2.258583804044544258e-02,2.984664221144454205e-02,1.240210453155228022e-02,1.174969560562632090e-02,3.112850720898714674e-02,1.950968121610164793e-02,2.504428698914704446e-02,1.384213625048839880e-02,2.276588682127651808e-02,7.667224500428273734e-03,9.162491670750123884e-03,1.677905456906960899e-02,2.743052425919589171e-02,4.705433095887592149e-02,1.701510822131458572e-02,4.571918214227040783e-02,6.562743633313816716e-02,7.821165489632599110e-02,2.029182561714394650e-02,8.974631480706937725e-02,4.230607322432167194e-02,7.811543189576392043e-02,5.608994211727361123e-02,9.814332317577245668e-02,3.283781787099403909e-02,4.762407091799014669e-02,2.821375372874770915e-02,1.512534726228025733e-02,3.348379704240419391e-02,3.746316658069668432e-02,5.787999751757809397e-02,3.561318840306548772e-02,1.165920936240122940e-01,1.282829088524642391e-01,2.924224702023888595e-02,7.552726784360085099e-02,2.529639351599642927e-01,1.100003612230898431e-01,1.356814569836830298e-01,1.036818305911492155e-01,2.185207532119561036e-02,7.096621921897974805e-02
1.802029362927911119e-02,3.894630582769433025e-02,2.750999688041115901e-02,1.449515890102837448e-02,6.723436355419014354e-02,0.000000000000000000e+00,1.081701689378923026e-01,2.304349160257775780e-02,1.013518765448830766e-01,5.740395860309024934e-02,7.997099113781624968e-02,4.039749750134697531e-02,1.322514326240142313e-01,4.471639448120273697e-02,4.054943079752383606e-02,3.389873729540904268e-02,2.771659189350227093e-02,5.104357962897674433e-02,4.949726088906528793e-02,8.651744137814822155e-02,3.124017016859738372e-02,1.574299679142263653e-01,1.343602126576916300e-01,4.269854037355275828e-02,1.215820159171851489e-01,2.640404721666558818e-01,1.516052956210647285e-01,2.004867103121513172e-01,1.527536202619804440e-01,3.201371071249022038e-02,1.009136087610612020e-01,4.621815761655612836e-02,2.551489350187923985e-02,4.683732171532254546e-02,3.029086142533466905e-02,4.036658927404555147e-02,1.667200135562306798e-02,1.560239854737642540e-02,4.083161186582252855e-02,2.648591165322838892e-02,3.376167942187145027e-02,1.870471112478453921e-02,3.052397179772807501e-02,1.012946791806040858e-02,1.231017234363046553e-02,2.312520518004139089e-02,3.719420977380324261e-02,6.266632300599787875e-02,2.241044303357160594e-02,6.081138984610735820e-02,8.748176762707636500e-02,1.044264865248132196e-01,2.732295317511126628e-02,1.209246257054569923e-01,5.562314834576293637e-02,1.030465486432285555e-01,7.436222609626801094e-02,1.307217385030562673e-01,4.410955172855011985e-02,6.386093317854446560e-02,3.754801006975565236e-02,2.008638593264405400e-02,4.445257028625949902e-02,4.959593595769874741e-02,7.850484903693219496e-02,4.775143248141370395e-02,1.567922857533374792e-01,1.721565844254079880e-01,3.930569391579408212e-02,1.009817522112920890e-01,3.379132442801692782e-01,1.474944509710040541e-01,1.812714783237360239e-01,1.380252023702581710e-01,2.904465613587937575e-02,9.503221997813833533e-02
2.149977252702918798e-02,4.720725791848186248e-02,3.270008472314786530e-02,1.734790219248341300e-02,8.086694402096129830e-02,1.081701689378923026e-01,0.000000000000000000e+00,2.760078800427197970e-02,1.218186613502906246e-01,7.039511054209590668e-02,9.660555285223691724e-02,4.933846638050806005e-02,1.599896180880924779e-01,5.366552396512500739e-02,4.807216008029745191e-02,4.059966712163690788e-02,3.408346179846448443e-02,6.227934679452591660e-02,5.928406322702043513e-02,1.030630777042279705e-01,3.755373645164417767e-02,1.876084967389861358e-01,1.589461130720062898e-01,5.198314462916966278e-02,1.469836764848125588e-01,3.174813424568832532e-01,1.824856079362112971e-01,2.419585541858677025e-01,1.841375864112727856e-01,3.882367446995370341e-02,1.213769550331108005e-01,5.636816656932703423e-02,3.097606160962876332e-02,5.624437544770146541e-02,3.646293343253993735e-02,4.852927880975065750e-02,2.006725639632669922e-02,1.863203050409436082e-02,5.029916682009585860e-02,3.144937821355801161e-02,4.060546492643787864e-02,2.260882422521565821e-02,3.708503116417030676e-02,1.248283791343744731e-02,1.468121453722225252e-02,2.735938041503379811e-02,4.464151363757135754e-02,7.581499193808062531e-02,2.770036698282222695e-02,7.384704843958976583e-02,1.047405281600004429e-01,1.271120057888237287e-01,3.291779871072787050e-02,1.436038550720974694e-01,6.813328574290607176e-02,1.251884172803743311e-01,9.151187269874797026e-02,1.584104428643196005e-01,5.319293687845456226e-02,7.686103572616742596e-02,4.539699569788045730e-02,2.448044298321852552e-02,5.348947867048765847e-02,5.957608054859769853e-02,9.269349820850801558e-02,5.826038379939671441e-02,1.859798301679279897e-01,2.061013832987277083e-01,4.683335891837491632e-02,1.219529410555827420e-01,4.073796446069141708e-01,1.764112558584151058e-01,2.178205704765086292e-01,1.661583383473159703e-01,3.438046461424763833e-02,1.145825475855841158e-01
4.678526873052982898e-03,1.032026731989551908e-02,7.244635682517285014e-03,3.811475759445999076e-03,1.706706022301923698e-02,2.304349160257775780e-02,2.760078800427197970e-02,0.000000000000000000e+00,2.605526497370868472e-02,1.497293185329133525e-02,2.052141235384621898e-02,1.063814238175633115e-02,3.443119362990464810e-02,1.148581085749778193e-02,1.043704195518742155e-02,8.718457138729672484e-03,7.238913240145552347e-03,1.314008306131437924e-02,1.277559388635884398e-02,2.252351911483372465e-02,8.138513166660983622e-03,4.034586961998225252e-02,3.405588001428110079e-02,1.128717446991033685e-02,3.116697000589444336e-02,6.803451705379459646e-02,3.891573247435771432e-02,5.157889909606994117e-02,3.905286116037379185e-02,8.200340364481233796e-03,2.589313459525654365e-02,1.167714604861713919e-02,6.505978951459380835e-03,1.208400298142869173e-02,7.558280082772713716e-03,1.047572429110494446e-02,4.284478240461128858e-03,3.966518649888269542e-03,1.062074199964983985e-02,6.708841645746561368e-03,8.806072514322662442e-03,5.043622151415628509e-03,8.109290852374972589e-03,2.679446233013635555e-03,3.152680609381374507e-03,5.897545195652453137e-03,9.882762946212172647e-03,1.614062559177764991e-02,5.881521002974876219e-03,1.567605945984557048e-02,2.253275765296305216e-02,2.701001552344978532e-02,6.996811099453202100e-03,3.047510739890325546e-02,1.464067628346589836e-02,2.682513790472830506e-02,1.935319818155435689e-02,3.393065506427649092e-02,1.140914193595897463e-02,1.602366631888095874e-02,9.682159559779980260e-03,5.272839858972859506e-03,1.148516470806305000e-02,1.278582831843257973e-02,2.008941041520536167e-02,1.236001545130559383e-02,4.001486809376623294e-02,4.367541478196172722e-02,9.953157894091501159e-03,2.617095369994810669e-02,8.688159397100483905e-02,3.766715225579456150e-02,4.683666807386583503e-02,3.529266822837315298e-02,7.352230663897683753e-03,2.463796238682020023e-02
2.000042875359170358e-02,4.338539350889893814e-02,3.096402694230135366e-02,1.605266250351082211e-02,7.560263496075704526e-02,1.013518765448830766e-01,1.218186613502906246e-01,2.605526497370868472e-02,0.000000000000000000e+00,6.465894977146754985e-02,9.061193854484837773e-02,4.537710793283008387e-02,1.482655067699327200e-01,5.002048192244404334e-02,4.646588111632185547e-02,3.848099681581350351e-02,3.130260590274993454e-02,5.772921014197344991e-02,5.642821617986387012e-02,9.826416234103127478e-02,3.468394660065345775e-02,1.789922306871286339e-01,1.525587679375543237e-01,4.765340495929426545e-02,1.366650394519581257e-01,2.974104457574609506e-01,1.727736821213671503e-01,2.267096755384627182e-01,1.729767245734986358e-01,3.628216615868769257e-02,1.137528086004741534e-01,5.182484043537301938e-02,2.914109342267609190e-02,5.311701848080366273e-02,3.414544193866182742e-02,4.497156355743207878e-02,1.866822850261587452e-02,1.805589602425175522e-02,4.600251989805640568e-02,2.986079547041259677e-02,3.792941690281061845e-02,2.078591590084488683e-02,3.426707515502282891e-02,1.134668402991560743e-02,1.405961342529063463e-02,2.514431417787032705e-02,4.144367803367340897e-02,7.049747794071987983e-02,2.502585985884158912e-02,6.804957761981976494e-02,9.838016066662727543e-02,1.174316911076758174e-01,3.062678724839078617e-02,1.368363162567826086e-01,6.292815896979868373e-02,1.171836761905909047e-01,8.341430260538985897e-02,1.476274073641856699e-01,4.928489774473916729e-02,7.199858561268772383e-02,4.210694741904314614e-02,2.278553047031183984e-02,5.037980147367886880e-02,5.640845814524501900e-02,8.910468968198180517e-02,5.293353934060927857e-02,1.783059112954658298e-01,1.948362059365804366e-01,4.418088144972744796e-02,1.139344380168230003e-01,3.814055925850072248e-01,1.670202472045702047e-01,2.057037387723393007e-01,1.561991553206646122e-01,3.326737091353585557e-02,1.060666545057611376e-01
1.131641497622833635e-02,2.481977829363510649e-02,1.716876851784335939e-02,9.162169130391816657e-03,4.363499507323705812e-02,5.740395860309024934e-02,7.039511054209590668e-02,1.497293185329133525e-02,6.465894977146754985e-02,0.000000000000000000e+00,5.204866712117193345e-02,2.593695188749774866e-02,8.501583998162405564e-02,2.880484084900597486e-02,2.636735539681287280e-02,2.166992521727696686e-02,1.792283371187861421e-02,3.307363752922751199e-02,3.185249739947391273e-02,5.576144782504899311e-02,1.975472147212424881e-02,1.021172747602487885e-01,8.594955352678783356e-02,2.750920090580341246e-02,7.875126026852699579e-02,1.712037362705559340e-01,9.795409267493829231e-02,1.295181083804432809e-01,9.891086368416922292e-02,2.072268562697545183e-02,6.535055596525336796e-02,3.008337924321128135e-02,1.656434264429111625e-02,3.038594773845441910e-02,1.960787060072926094e-02,2.603695235353891899e-02,1.086611817129322193e-02,1.014757220516745474e-02,2.681327996788665166e-02,1.715260102867065956e-02,2.159346102996159006e-02,1.170714919928801841e-02,1.985437233203776394e-02,6.444198814065623879e-03,8.088069011029775865e-03,1.438621655441103819e-02,2.355745692144650336e-02,4.038528085771874582e-02,1.459933350870878249e-02,3.931032288288470455e-02,5.525959745020464498e-02,6.756802153830729352e-02,1.764374980619787259e-02,7.718295742748221278e-02,3.602564853256995381e-02,6.729522851435604247e-02,4.886366417225683489e-02,8.438265555899703008e-02,2.834748623560958553e-02,4.150891489402488976e-02,2.412593778011409840e-02,1.287894898661056005e-02,2.902469290426838017e-02,3.188158705354398464e-02,4.927734638635310194e-02,3.073951103889445424e-02,1.005385324293619070e-01,1.108722777464840048e-01,2.528510985733870009e-02,6.511322826519448659e-02,2.202604892515977186e-01,9.419974651301102342e-02,1.169242391968655370e-01,8.915536713473565245e-02,1.866419349546534143e-02,6.083008682796722799e-02
1.578254840111954077e-02,3.464099278891721173e-02,2.457354921752853694e-02,1.288447393969757021e-02,6.001085557321326341e-02,7.997099113781624968e-02,9.660555285223691724e-02,2.052141235384621898e-02,9.061193854484837773e-02,5.204866712117193345e-02,0.000000000000000000e+00,3.629425434121834326e-02,1.177798338866840183e-01,3.976178848581318759e-02,3.596787752156903328e-02,2.982991813255768399e-02,2.519858263897900574e-02,4.551839445011810620e-02,4.439068123502215579e-02,7.709708065255231613e-02,2.774277729192406797e-02,1.396762427953697761e-01,1.185027913436670771e-01,3.818653447546650065e-02,1.082745229486151567e-01,2.339013401188547447e-01,1.357596315151273769e-01,1.787041241080689624e-01,1.362458426953641055e-01,2.868924690172939759e-02,8.993249317578332069e-02,4.097701697841360513e-02,2.273266850980947690e-02,4.189249104104799531e-02,2.692852447908485047e-02,3.619891790886618083e-02,1.498995501492994889e-02,1.395223978494714197e-02,3.632000430624802295e-02,2.325506365477830392e-02,3.011788498326102570e-02,1.665367840930869966e-02,2.772633130236705490e-02,9.132986381725783850e-03,1.092992524734834672e-02,1.997913866938507213e-02,3.338838151712925778e-02,5.599165274695053207e-02,2.003632580385561468e-02,5.422410492161259393e-02,7.812169956512325653e-02,9.355705378194026367e-02,2.426822918646710445e-02,1.072612963267709774e-01,5.078826631758194543e-02,9.263697408527137023e-02,6.681033400582521431e-02,1.173896660270144915e-01,3.922938620853822639e-02,5.613086145871045568e-02,3.351204083759368180e-02,1.815923991970201656e-02,4.007109073788891335e-02,4.464652652522720783e-02,6.944102724979520080e-02,4.256095048480963011e-02,1.389005662206067582e-01,1.522592356235726307e-01,3.484776571071498963e-02,9.046945846122714241e-02,3.014670515462022915e-01,1.313970355934611367e-01,1.622174463532592981e-01,1.229572403054771113e-01,2.583975656045670380e-02,8.468879543501318941e-02
7.966733638557895944e-03,1.762634657195474505e-02,1.189190191685989863e-02,6.382315871683783698e-03,3.009882266495090414e-02,4.039749750134697531e-02,4.933846638050806005e-02,1.063814238175633115e-02,4.537710793283008387e-02,2.593695188749774866e-02,3.629425434121834326e-02,0.000000000000000000e+00,6.000702529627000015e-02,1.971371051527001303e-02,1.944265902006567237e-02,1.516145928392119077e-02,1.228722484894451822e-02,2.295815014946137739e-02,2.248366730033278874e-02,3.888792709585568719e-02,1.424435470957472610e-02,7.209396697239864316e-02,6.189630762164245043e-02,1.975897834354437346e-02,5.498013594082447331e-02,1.231610420483193746e-01,6.754906322346568293e-02,9.108844241223516824e-02,6.930073632348918156e-02,1.422924190299194175e-02,4.623306178627951263e-02,2.134950974962076045e-02,1.196045101023725937e-02,2.163738004061745157e-02,1.400542616049239332e-02,1.762475883896396159e-02,7.346694582200923723e-03,7.160347653170311306e-03,1.876675743534825247e-02,1.249997552459001897e-02,1.548384103966554334e-02,8.305330169119702274e-03,1.316102263307700020e-02,4.387769762615585829e-03,5.661837898312015345e-03,9.792969934150373701e-03,1.664305885061327303e-02,2.785457440143528779e-02,1.043756064696391324e-02,2.786807550879320458e-02,3.898440055409897048e-02,4.771515390115561167e-02,1.259990645127019235e-02,5.459066224508671294e-02,2.458393065973105140e-02,4.749882813066894777e-02,3.515959413927197824e-02,5.986599785484686409e-02,1.963991597264409458e-02,2.968276217986084292e-02,1.702487558578682364e-02,8.896898462524407969e-03,2.054488961003439473e-02,2.212735794101819073e-02,3.424152268017387896e-02,2.171400791187340015e-02,7.089153430554033519e-02,7.955858725553316413e-02,1.760911643421828390e-02,4.584149159040146193e-02,1.560936566598215558e-01,6.574470912354279939e-02,8.214791332390704304e-02,6.249468660022654276e-02,1.269933857125045244e-02,4.333381628534881125e-02
2.599121306514428145e-02,5.719507908553390918e-02,3.989656836143175983e-02,2.101777531939406224e-02,9.898340806815432436e-02,1.322514326240142313e-01,1.599896180880924779e-01,3.443119362990464810e-02,1.482655067699327200e-01,8.501583998162405564e-02,1.177798338866840183e-01,6.000702529627000015e-02,0.000000000000000000e+00,6.577224669178712013e-02,6.013405887718992204e-02,5.022081380545341533e-02,4.145154532777668016e-02,7.606497483266876081e-02,7.293110231199166626e-02,1.268076322948358536e-01,4.560695532411249836e-02,2.330868198754225684e-01,1.975522595404824722e-01,6.336760497062311759e-02,1.797032137898045834e-01,3.913845366170659590e-01,2.241823777152005537e-01,2.971130124529970384e-01,2.260499551777074290e-01,4.702823794707956112e-02,1.492326504232666939e-01,6.937380228698786233e-02,3.802479202026168986e-02,6.961536815008498302e-02,4.510760108976823862e-02,5.889546311246089683e-02,2.442684135957081878e-02,2.342859137622098353e-02,6.166998162236592140e-02,3.911883667895676986e-02,4.987768916231103550e-02,2.750068339626177139e-02,4.499612420877283775e-02,1.505380845070241821e-02,1.852180539040916910e-02,3.301159602707602614e-02,5.387310887373122914e-02,9.305005373547731162e-02,3.343941194191268201e-02,8.963035430747437471e-02,1.279964331994737636e-01,1.546774867816845256e-01,4.047067565329475619e-02,1.776156778297948158e-01,8.195772214079820317e-02,1.536090188118292010e-01,1.114489415929855176e-01,1.929063591825584956e-01,6.465517598961675882e-02,9.526593666083643663e-02,5.561805867014909394e-02,2.963319640085475964e-02,6.595225261788952020e-02,7.263483052083712088e-02,1.137449794676308606e-01,7.009028407336835576e-02,2.315069087117974933e-01,2.551497237191886480e-01,5.776787898221588669e-02,1.496948699248906167e-01,5.028042323059614960e-01,2.162124898266030437e-01,2.671657719215875249e-01,2.032610352825306721e-01,4.222229275377249041e-02,1.398541455549615897e-01
8.787319173041251499e-03,1.903665572651688440e-02,1.375541688897676494e-02,7.003292982045050685e-03,3.311049014550299791e-02,4.471639448120273697e-02,5.366552396512500739e-02,1.148581085749778193e-02,5.002048192244404334e-02,2.880484084900597486e-02,3.976178848581318759e-02,1.971371051527001303e-02,6.577224669178712013e-02,0.000000000000000000e+00,1.964699412097433567e-02,1.670222310639335808e-02,1.417683437839385198e-02,2.568295049235266164e-02,2.468238363123607948e-02,4.256120452091020911e-02,1.505229434372142364e-02,7.731092873113852570e-02,6.506989754848031826e-02,2.094270663871500987e-02,6.069564011805078652e-02,1.290157522909656240e-01,7.572374045082747029e-02,9.989280599256245008e-02,7.622108929903169405e-02,1.627388059999095374e-02,4.996215131295825285e-02,2.273208316251242728e-02,1.227294147829686294e-02,2.303148456597907401e-02,1.504300846322579807e-02,2.001689865157207232e-02,8.262034999013557340e-03,7.742006587512077244e-03,2.005785897824330019e-02,1.273651372630959372e-02,1.663256951668623876e-02,9.325108153456863891e-03,1.537449361275899234e-02,5.040434753711953847e-03,6.137035931481138636e-03,1.137071629485021315e-02,1.822570842254263648e-02,3.179744819877337869e-02,1.103769762037597538e-02,2.979565175982415437e-02,4.336825871700842466e-02,5.176091156635117402e-02,1.349301632884399894e-02,5.920806197649636921e-02,2.805125501709972158e-02,5.104401607041896688e-02,3.722123064005631449e-02,6.493801659003556326e-02,2.196491321925351375e-02,3.200485514979420354e-02,1.886090288330104572e-02,9.949548942083587255e-03,2.218766679711653422e-02,2.483146455464575048e-02,3.858028983333418316e-02,2.343425588070911433e-02,7.723704743371795356e-02,8.439811364098327717e-02,1.957004410806451045e-02,4.978876781236889898e-02,1.672635481492075749e-01,7.311601022515977488e-02,8.997961234203710745e-02,6.831007110514834835e-02,1.437097985320532484e-02,4.710296099209086707e-02
8.579684646361752931e-03,1.815018757864632001e-02,1.283214566543178052e-02,6.708180762088958998e-03,3.007389327039766691e-02,4.054943079752383606e-02,4.807216008029745191e-02,1.043704195518742155e-02,4.646588111632185547e-02,2.636735539681287280e-02,3.596787752156903328e-02,1.944265902006567237e-02,6.013405887718992204e-02,1.964699412097433567e-02,0.000000000000000000e+00,1.526943547685612884e-02,1.224759900356640202e-02,2.277540145525361326e-02,2.247724373925290633e-02,3.935348510622476564e-02,1.493318873018611818e-02,7.114106306300763127e-02,6.125934341512904308e-02,2.032407938142415452e-02,5.428236749892131202e-02,1.204972465632731665e-01,6.816063237636155181e-02,9.036885902036570495e-02,6.823267442530613069e-02,1.426100003551249336e-02,4.611197043327556339e-02,2.056196704031125477e-02,1.175812524516045045e-02,2.146806819919014689e-02,1.349652550412175356e-02,1.818303339799700810e-02,7.488659118633869162e-03,7.162380330040052888e-03,1.843857214089706514e-02,1.219814931821909705e-02,1.572257877331454529e-02,9.004818705066986936e-03,1.365592574825834349e-02,4.475344212267404198e-03,5.570747991219037430e-03,1.034918920822415836e-02,1.738316665551323248e-02,2.788252021977108766e-02,1.027717788591177815e-02,2.788456405027661678e-02,3.973447253684188329e-02,4.703643659464700616e-02,1.248635756165092196e-02,5.418402164396082799e-02,2.569263336925028604e-02,4.669592586110919014e-02,3.432427658648545127e-02,5.952537497357624635e-02,1.986206603412818059e-02,2.837140160250161552e-02,1.710411914146071563e-02,9.130667981527293767e-03,2.025146027662618614e-02,2.247166725184434471e-02,3.535702016096783917e-02,2.181532483778573020e-02,7.032029154706881391e-02,7.752764144495161158e-02,1.793344481970493912e-02,4.622190004333365243e-02,1.531122124072235302e-01,6.614092026244644540e-02,8.185420672279423993e-02,6.180231601546092024e-02,1.273009351188807495e-02,4.360287867187240957e-02
6.692136574484602689e-03,1.479795072319289168e-02,1.041132501045463968e-02,5.279942357916172536e-03,2.510314167618376072e-02,3.389873729540904268e-02,4.059966712163690788e-02,8.718457138729672484e-03,3.848099681581350351e-02,2.166992521727696686e-02,2.982991813255768399e-02,1.516145928392119077e-02,5.022081380545341533e-02,1.670222310639335808e-02,1.526943547685612884e-02,0.000000000000000000e+00,1.044995698072082382e-02,1.946558270163235155e-02,1.859081722656926589e-02,3.273560991195985370e-02,1.159658735662727827e-02,5.952409597518534129e-02,5.055734172661236620e-02,1.596214381813334041e-02,4.593205289789764612e-02,9.917815872292984336e-02,5.768606232101836789e-02,7.605905817322537732e-02,5.802127145402690561e-02,1.234130192317624101e-02,3.796049342020985096e-02,1.727945363027155387e-02,9.415682356801600289e-03,1.730172459543915381e-02,1.120035020940410991e-02,1.492471561116600828e-02,6.190395014736243921e-03,5.915846150644441144e-03,1.538630750584179044e-02,9.768635391119802683e-03,1.254075669557478713e-02,6.987943183290176372e-03,1.146361510962571814e-02,3.849240957214531030e-03,4.663053219683871257e-03,8.303649211964933205e-03,1.388809293713513283e-02,2.352925388692971714e-02,8.280934541797990364e-03,2.256354453918720318e-02,3.274171367401793736e-02,3.911208498284072382e-02,1.023377494522124780e-02,4.531843384180481160e-02,2.118046007128093766e-02,3.897227729065919771e-02,2.791398590243586442e-02,4.925798114894722884e-02,1.639531448577574019e-02,2.415596112471824278e-02,1.436014105167280133e-02,7.589293628559225929e-03,1.692934495246352714e-02,1.858967668548787422e-02,2.979493595982141835e-02,1.761305192390541854e-02,5.951262444369898735e-02,6.505489148881189732e-02,1.480459745018560154e-02,3.809962184982459282e-02,1.266074653193392796e-01,5.597954918303372357e-02,6.918554420357443668e-02,5.215410543834256979e-02,1.130294720965518973e-02,3.579502687674369216e-02
5.471239409469748176e-03,1.206524410515842638e-02,8.523884923177134365e-03,4.547634137216886342e-03,2.115974559961620455e-02,2.771659189350227093e-02,3.408346179846448443e-02,7.238913240145552347e-03,3.130260590274993454e-02,1.792283371187861421e-02,2.519858263897900574e-02,1.228722484894451822e-02,4.145154532777668016e-02,1.417683437839385198e-02,1.224759900356640202e-02,1.044995698072082382e-02,0.000000000000000000e+00,1.583385899118975454e-02,1.533219299070600998e-02,2.673994069228936843e-02,9.617434576066657276e-03,4.841044682641137270e-02,4.094396037778660208e-02,1.329359992953474054e-02,3.832076461786509958e-02,8.201685642213431271e-02,4.756365397608971340e-02,6.275222204540568949e-02,4.784748091867842973e-02,1.000423578583745955e-02,3.123657250478569306e-02,1.443355516935381291e-02,7.971466619058630715e-03,1.471560458896731954e-02,9.467285883458633269e-03,1.307326599582676711e-02,5.406169302390295694e-03,4.825738580685605926e-03,1.280706221636761233e-02,8.126664842828128926e-03,1.043727641182336241e-02,5.812108991391301376e-03,1.003802586704443528e-02,3.283441722399652474e-03,3.843686718472558595e-03,7.222813172491753322e-03,1.144670626926105536e-02,1.982844059948357662e-02,7.134982105226186921e-03,1.885885965423735044e-02,2.700140735073914416e-02,3.296418538750963551e-02,8.514333926114569379e-03,3.718398742995034090e-02,1.769433343841081765e-02,3.232723562902883874e-02,2.336768133461306074e-02,4.080332363492599618e-02,1.395059039801467213e-02,1.975701427270590282e-02,1.159681240992733661e-02,6.357615653806058392e-03,1.380613202340403786e-02,1.548582521071564452e-02,2.403461771015646259e-02,1.504163575328116079e-02,4.827699032047323008e-02,5.297043918565170345e-02,1.223331157115009962e-02,3.134741897926488635e-02,1.057969690811175340e-01,4.560891593321379778e-02,5.646371690113335257e-02,4.292674997467708919e-02,8.926670568269326825e-03,2.954223657296694422e-02
1.030771073712908811e-02,2.249570070345268888e-02,1.550089540619703499e-02,8.196343878400418406e-03,3.877534867536577834e-02,5.104357962897674433e-02,6.227934679452591660e-02,1.314008306131437924e-02,5.772921014197344991e-02,3.307363752922751199e-02,4.551839445011810620e-02,2.295815014946137739e-02,7.606497483266876081e-02,2.568295049235266164e-02,2.277540145525361326e-02,1.946558270163235155e-02,1.583385899118975454e-02,0.000000000000000000e+00,2.796344785738806571e-02,4.886090667108651531e-02,1.775652513547890804e-02,8.945344794858330062e-02,7.576598512364789151e-02,2.417195790850600393e-02,6.989384570277797082e-02,1.505718434695139940e-01,8.638816730498394270e-02,1.158546876808537462e-01,8.753051807305574361e-02,1.876854506990453114e-02,5.724100556559118952e-02,2.622400509454857545e-02,1.429693033542681936e-02,2.595491343102338672e-02,1.690603467584848862e-02,2.290979276606473422e-02,9.473316558646740701e-03,8.742781364632325886e-03,2.321026703992866425e-02,1.477061207885705350e-02,1.867881964058416833e-02,1.036097726346397498e-02,1.758452851999750891e-02,5.932550462281757989e-03,6.940108239633964969e-03,1.280661197899181716e-02,2.118333768854234814e-02,3.565441875382713288e-02,1.282912004116075651e-02,3.500844379975082132e-02,4.942813746468990854e-02,5.992461732992972190e-02,1.548067985208736314e-02,6.812025414783411115e-02,3.218055560872173232e-02,5.952172396308170327e-02,4.243198569047448160e-02,7.458209174977220579e-02,2.535505131344171700e-02,3.630129360967814661e-02,2.181941777025623794e-02,1.167734637608802521e-02,2.552345080959101190e-02,2.828649875591832119e-02,4.474483711316791512e-02,2.708479251540606841e-02,8.934008199251729232e-02,9.842299320538243357e-02,2.214682343377182699e-02,5.760464216589569059e-02,1.919979875412231030e-01,8.419346202870894857e-02,1.044894266824157453e-01,7.883159788556287628e-02,1.714125842532007379e-02,5.415001664983049717e-02
9.872491438484516657e-03,2.125690191161460144e-02,1.558773777302648739e-02,7.981062265066769454e-03,3.716005474090906813e-02,4.949726088906528793e-02,5.928406322702043513e-02,1.277559388635884398e-02,5.642821617986387012e-02,3.185249739947391273e-02,4.439068123502215579e-02,2.248366730033278874e-02,7.293110231199166626e-02,2.468238363123607948e-02,2.247724373925290633e-02,1.859081722656926589e-02,1.533219299070600998e-02,2.796344785738806571e-02,0.000000000000000000e+00,4.802002665098025619e-02,1.717880849462999696e-02,8.672521802240854005e-02,7.375848348868066506e-02,2.359917026185119268e-02,6.654524829835832545e-02,1.444649663275390794e-01,8.422262905257876797e-02,1.102597287693598688e-01,8.421236554832274568e-02,1.772445034375279976e-02,5.566550904144153961e-02,2.496855821579448131e-02,1.416541896348144647e-02,2.593377459563897536e-02,1.645523502777550620e-02,2.234918382493409489e-02,9.231775814455403517e-03,8.718248034598341176e-03,2.209672667608949398e-02,1.446437940999386988e-02,1.879717009601037866e-02,1.046590243076935683e-02,1.713992007346692298e-02,5.568654654394785894e-03,6.763179739511596296e-03,1.269487741579656929e-02,2.084578911020149375e-02,3.465334454963282101e-02,1.236613320857079049e-02,3.351540800671231474e-02,4.837094875598363375e-02,5.761620024840394261e-02,1.505330122762016734e-02,6.646913869481456405e-02,3.138287371154495353e-02,5.691652726928787126e-02,4.127985801923137604e-02,7.230925697596908563e-02,2.453268125346244263e-02,3.463407017281322497e-02,2.056160386057627465e-02,1.115635507048223785e-02,2.468380626935519351e-02,2.768944595817416504e-02,4.344120901082765968e-02,2.619358547324892109e-02,8.601783658752265582e-02,9.384789658433996540e-02,2.195293344155604953e-02,5.572869333175704820e-02,1.863315896464707855e-01,8.103081374249540558e-02,1.002500480084503875e-01,7.596025539391998427e-02,1.617646691429619477e-02,5.262946466002985796e-02
1.709476348227315090e-02,3.744678008500319788e-02,2.645480429337595044e-02,1.359018959407002139e-02,6.377693379808993535e-02,8.651744137814822155e-02,1.030630777042279705e-01,2.252351911483372465e-02,9.826416234103127478e-02,5.576144782504899311e-02,7.709708065255231613e-02,3.888792709585568719e-02,1.268076322948358536e-01,4.256120452091020911e-02,3.935348510622476564e-02,3.273560991195985370e-02,2.673994069228936843e-02,4.886090667108651531e-02,4.802002665098025619e-02,0.000000000000000000e+00,2.966275517871770628e-02,1.512005132530185592e-01,1.297829956773491333e-01,4.121693176498517075e-02,1.167763038463323910e-01,2.550168107229769943e-01,1.467446349812463469e-01,1.929267711633614324e-01,1.471537097275759931e-01,3.066579599036407117e-02,9.730467848008278464e-02,4.412759267859051732e-02,2.443508543612845155e-02,4.520186158966353618e-02,2.911210198669579932e-02,3.861280686474526797e-02,1.601288942242784855e-02,1.508405089535333476e-02,3.871597898270948135e-02,2.523464398010489412e-02,3.258208097857342306e-02,1.783153266467553399e-02,2.938440830737174686e-02,9.627719409935281761e-03,1.193927201255659543e-02,2.127440165487222076e-02,3.592036525767193511e-02,6.037259356419988343e-02,2.164827912863617407e-02,5.772522961863320312e-02,8.416550575034040249e-02,9.993446717024247195e-02,2.654123986519537140e-02,1.157818078882078550e-01,5.357414966304475251e-02,9.939992052848375947e-02,7.176453450709895099e-02,1.250468954141487621e-01,4.201827691679482085e-02,6.195124307778389350e-02,3.612461782866138726e-02,1.917778765058882062e-02,4.312049214584515178e-02,4.758679744390122146e-02,7.539993265876492046e-02,4.517312096302153468e-02,1.513181724907695924e-01,1.660415371726907119e-01,3.792948885555213340e-02,9.696978206344002149e-02,3.261298435036074639e-01,1.417592071800731768e-01,1.736450580612697303e-01,1.334343946272591730e-01,2.791251914175106250e-02,9.153775824190570065e-02
6.205002879639626157e-03,1.336831077545155150e-02,9.303572956355605356e-03,4.787535658599889783e-03,2.294161073257722921e-02,3.124017016859738372e-02,3.755373645164417767e-02,8.138513166660983622e-03,3.468394660065345775e-02,1.975472147212424881e-02,2.774277729192406797e-02,1.424435470957472610e-02,4.560695532411249836e-02,1.505229434372142364e-02,1.493318873018611818e-02,1.159658735662727827e-02,9.617434576066657276e-03,1.775652513547890804e-02,1.717880849462999696e-02,2.966275517871770628e-02,0.000000000000000000e+00,5.540609738811341778e-02,4.741885323077379977e-02,1.545955745003040060e-02,4.233941824841520180e-02,9.397166516705481032e-02,5.250171160804408682e-02,6.958656167211653421e-02,5.283980570443883723e-02,1.087087399459018416e-02,3.507852040503896263e-02,1.675618616977436054e-02,9.064024270475271039e-03,1.628872054671450312e-02,1.045806917707430526e-02,1.336270587412210706e-02,5.638675573468407420e-03,5.720847113299278204e-03,1.496909001949596127e-02,9.268419949660714613e-03,1.156013653633613560e-02,6.350082940062891194e-03,1.031993176626082136e-02,3.466183106223442653e-03,4.452995324972936105e-03,7.633426622056072031e-03,1.277235412265258045e-02,2.150984663486550652e-02,7.851776376588886358e-03,2.129245581753867397e-02,2.993936775358862351e-02,3.628596651057236500e-02,9.611578878468142809e-03,4.181496721000076133e-02,1.910011440086113038e-02,3.696613640683386881e-02,2.661612277925074627e-02,4.539663931404729763e-02,1.501465002023225428e-02,2.268645473151197772e-02,1.322979161001175755e-02,6.828179503772700831e-03,1.572232673623112642e-02,1.679233768254916395e-02,2.665166606315161682e-02,1.642598620737449611e-02,5.452914188211835378e-02,6.085141121088778055e-02,1.368437133020981682e-02,3.522585729857746761e-02,1.199093473300112539e-01,5.045857768082031430e-02,6.300665340948560789e-02,4.801794308037441589e-02,9.913188077717597843e-03,3.294926651542332691e-02
