0.000000000000000000e+00,1.163284085926140875e-02,1.174183840297735558e-02,7.608189850800257947e-03,2.493855339135951990e-02,3.204888194650147570e-02,3.102786215888730242e-02,4.368220995817430168e-03,3.915435149810262555e-02,1.847455415386176428e-02,2.805666495636967295e-02,1.490229456561236419e-02,4.070802690985433903e-02,1.540631198135667887e-02,1.179893776757145497e-02,8.024605806327819377e-03,7.585898547700590383e-03,1.336268759677424443e-02,1.924983152572620412e-02,2.619420515534395463e-02,1.163976249687978699e-02,4.629337604361626057e-02,4.294787559680523364e-02,1.503939156541259960e-02,3.648775345125055553e-02,7.744671191023533297e-02,4.968616269555833215e-02,5.717654172457740241e-02,4.314861164937188603e-02,1.035631620625268763e-02,3.168687456110101663e-02,1.598785732909364238e-02,1.050623559168442633e-02,1.465521379399457869e-02,8.925805013437575902e-03,1.493445619317319145e-02,5.753441046598543364e-03,5.089927166628029249e-03,1.474620175469400045e-02,9.705271243783475735e-03,1.129677301603137889e-02,6.241754388236402627e-03,9.927055834594376849e-03,3.345032043225970499e-03,3.243306326654927553e-03,9.639937862889764314e-03,1.627711939382091993e-02,2.041579360915861396e-02,8.696829355605183859e-03,2.298443007268426846e-02,3.223985979327596146e-02,3.247285384001914743e-02,6.938979810151491533e-03,4.182254622475492511e-02,2.082772008930512328e-02,3.205776528837381290e-02,2.141003093416941894e-02,4.429894783191740126e-02,1.600418169587543987e-02,1.435366646383053751e-02,1.138057912537895205e-02,7.152084018112515353e-03,1.488661598118649551e-02,1.901048475651848785e-02,2.730501536041001626e-02,1.820436740379325485e-02,4.922703483958822818e-02,4.796769952714414337e-02,1.320646500842463482e-02,3.484197385664454527e-02,1.030374234297396219e-01,4.887418794428955576e-02,5.999017840368067733e-02,4.351623802088020604e-02,9.038697781784559016e-03,2.900750910542217523e-02
1.163284085926140875e-02,0.000000000000000000e+00,1.735770649170583282e-02,1.118045091328442528e-02,3.671095303118181857e-02,4.762434593976212771e-02,4.617508561607776979e-02,6.312094021546814544e-03,5.858153820090303276e-02,2.728815789922586429e-02,4.227577304130845925e-02,2.130644361620011654e-02,5.893257462353139464e-02,2.281467290824590322e-02,1.712947754478420098e-02,1.173928668076665641e-02,1.143238550160869532e-02,1.976761843834471191e-02,2.893907877553890742e-02,3.902419474125723431e-02,1.640318679271293711e-02,6.847974587509012001e-02,6.353754370994153799e-02,2.162779802513159141e-02,5.420601381809677516e-02,1.131278460710215400e-01,7.409285232604860549e-02,8.509114876954425311e-02,6.490416481247573977e-02,1.561024908666368977e-02,4.656397659604975120e-02,2.439992275558559159e-02,1.572767106408198140e-02,2.176821715511129129e-02,1.309894548842933937e-02,2.209611465463879806e-02,8.690911144943819916e-03,7.700624538992655727e-03,2.273724853144938607e-02,1.443371499382637042e-02,1.688168661320573610e-02,8.959440335579620454e-03,1.494962363869307281e-02,5.151124050764076950e-03,4.977256791802559498e-03,1.410456915158157104e-02,2.488139878211561434e-02,3.031535471821102112e-02,1.301189376996038718e-02,3.387056785394440550e-02,4.788693219586762778e-02,4.829276346846578943e-02,1.009180557913765507e-02,6.264615981014894086e-02,3.073740997938543412e-02,4.783695596050979021e-02,3.066815683272024196e-02,6.607007826004698825e-02,2.341536372623297460e-02,2.066095671734451480e-02,1.674470913187281126e-02,1.064381051598213383e-02,2.243751990898477239e-02,2.870758883022774682e-02,4.086511132743732289e-02,2.643157605056170242e-02,7.433940392366543415e-02,7.144461327638884640e-02,1.914851439882804193e-02,5.232152654278026532e-02,1.524991173827078272e-01,7.345435328342894699e-02,8.939315935408521929e-02,6.472563200662385940e-02,1.330986194288236862e-02,4.259879330420361654e-02
1.174183840297735558e-02,1.735770649170583282e-02,0.000000000000000000e+00,1.098455245781215957e-02,3.682111178264813739e-02,4.808926058015423888e-02,4.616516139914437350e-02,6.383609174557135398e-03,5.851471341625646971e-02,2.719843370381528833e-02,4.227441079219680653e-02,2.176221862499453166e-02,5.998590343908672545e-02,2.304852346759311138e-02,1.700375524915235387e-02,1.180759651627503147e-02,1.103171623035699954e-02,1.963978427373977778e-02,2.919233843771433176e-02,3.962130355640201829e-02,1.644437175084789357e-02,6.972016146623405408e-02,6.371582379246701344e-02,2.162991185932235105e-02,5.384767478958644299e-02,1.132440103545343801e-01,7.419673150402275597e-02,8.465120251887053859e-02,6.521439123365840862e-02,1.557355050318517085e-02,4.685111387056373200e-02,2.277028813229051499e-02,1.507063166589227114e-02,2.170593308898731769e-02,1.303878771897429810e-02,2.228596617048714257e-02,8.616000546142579472e-03,7.619384880202815027e-03,2.090763230602335140e-02,1.404417439257474656e-02,1.672395281989538796e-02,9.224255559691266204e-03,1.490537424763089050e-02,4.999977100960606262e-03,4.693784267271834329e-03,1.367982515175147906e-02,2.443188680552403277e-02,3.115608640212553723e-02,1.277412739098598982e-02,3.362592004047418315e-02,4.796295339242706568e-02,4.802383412804834412e-02,1.024976902146434651e-02,6.260429331162709055e-02,3.091146629469327528e-02,4.803268199368804919e-02,3.140660661138551524e-02,6.536750265169653795e-02,2.388090079456543086e-02,2.108822488037262813e-02,1.666058302781963513e-02,1.086152802809152440e-02,2.204941271295954297e-02,2.930572101701343218e-02,4.171594745508214880e-02,2.601436313307984444e-02,7.373302974293398371e-02,7.203845814166019712e-02,1.937639892028263089e-02,5.213540965554681189e-02,1.519957747253666558e-01,7.384410560387905109e-02,8.957490921657604299e-02,6.533817192811318397e-02,1.379686274326092851e-02,4.309123054481290432e-02
7.608189850800257947e-03,1.118045091328442528e-02,1.098455245781215957e-02,0.000000000000000000e+00,2.441644753364766510e-02,3.055500214571585382e-02,3.008524787046529606e-02,4.018633667134960744e-03,3.792370721971125014e-02,1.761059135890539334e-02,2.692612598421256775e-02,1.380026390233446247e-02,3.950591114822846889e-02,1.494827003594615018e-02,1.065093492520505745e-02,7.518533254929383146e-03,7.262406585634110547e-03,1.292992300513008501e-02,1.806187763206146962e-02,2.529117763787296774e-02,1.085944581087516965e-02,4.399138562899194971e-02,3.980586098071256518e-02,1.412705865732977184e-02,3.489300057243821529e-02,7.255350481261499396e-02,4.744569171409524638e-02,5.474320471343211564e-02,4.132872033193120409e-02,1.001514901492461806e-02,3.040249272601980302e-02,1.541172928092522827e-02,1.012282098831084054e-02,1.452983313562538140e-02,8.726356233090299883e-03,1.423807507474949934e-02,5.536691486930821887e-03,4.779078404722109097e-03,1.414710252239015885e-02,9.189833875309288275e-03,1.103189026703104043e-02,5.934885457781368355e-03,9.445694658179425163e-03,3.316565846151048585e-03,2.976672860720452028e-03,9.316092442326808637e-03,1.556541331013999545e-02,1.985003594134086488e-02,8.510452095711381476e-03,2.225415899587102758e-02,3.107756633550070799e-02,3.162352015968796642e-02,6.553614161518634545e-03,4.007916328877839107e-02,2.014196989303506519e-02,3.073606561043220470e-02,2.044731251192027921e-02,4.302891305535066352e-02,1.534470448314178594e-02,1.308695791061072894e-02,1.104517382077497417e-02,6.973298452972978741e-03,1.430529489358135439e-02,1.850825077902285010e-02,2.610983856205847248e-02,1.764647684206338552e-02,4.657842385473062036e-02,4.518832360891669037e-02,1.235334730920904442e-02,3.354514607617722910e-02,9.873642520111325371e-02,4.657745726332152697e-02,5.688330094265720005e-02,4.200433396066437230e-02,8.437773799059120061e-03,2.774452237217953435e-02
2.493855339135951990e-02,3.671095303118181857e-02,3.682111178264813739e-02,2.441644753364766510e-02,0.000000000000000000e+00,1.009861700835540249e-01,9.916803467082931089e-02,1.331752721766218603e-02,1.246114081161068393e-01,5.894309929990086683e-02,9.014869930561575373e-02,4.572567215300284149e-02,1.280628310211805176e-01,4.955808529825340286e-02,3.539734796388701449e-02,2.473131971441215604e-02,2.444464418776286230e-02,4.244869412405799514e-02,6.116610071377005797e-02,8.370912787125701915e-02,3.502378241058692887e-02,1.452577168426704424e-01,1.328341883913700117e-01,4.605628151758966310e-02,1.153044702332168825e-01,2.383385441332205590e-01,1.573409134582251789e-01,1.806787640063495515e-01,1.376397032727419423e-01,3.378526056586464432e-02,9.993651551150974088e-02,5.080027038848673043e-02,3.305432256060159002e-02,4.713162790793343215e-02,2.822489095946227947e-02,4.804524717729193040e-02,1.854364237486143263e-02,1.628176085589141606e-02,4.663351172223569041e-02,3.017120531397878697e-02,3.608838839984323393e-02,1.923290079362807020e-02,3.184412665528910114e-02,1.098470043351640682e-02,1.008589159000032771e-02,2.997014247405137277e-02,5.174217194832972377e-02,6.545531230283409274e-02,2.767004143635424379e-02,7.269510441337384554e-02,1.019929583517571320e-01,1.033934123733605270e-01,2.141511290431466139e-02,1.330871068739229446e-01,6.726880255750744553e-02,1.016598776108197516e-01,6.697117840616761963e-02,1.412312166429334215e-01,5.068215748885603056e-02,4.365489360883129111e-02,3.636887705603573939e-02,2.305545805487038691e-02,4.728540847788666179e-02,6.149137651853139180e-02,8.688593649387640894e-02,5.690235443416653133e-02,1.553515284170432775e-01,1.506317050638803223e-01,4.087977219637839443e-02,1.111961786311742584e-01,3.238885156499384799e-01,1.554288731939741375e-01,1.896029092399109106e-01,1.390433979045858082e-01,2.870852663798828877e-02,9.140810145315651780e-02
3.204888194650147570e-02,4.762434593976212771e-02,4.808926058015423888e-02,3.055500214571585382e-02,1.009861700835540249e-01,0.000000000000000000e+00,1.276522781149120322e-01,1.722191885767542299e-02,1.625663314426744332e-01,7.479573204574729850e-02,1.152130012449094493e-01,5.877470008387789685e-02,1.655579876245667215e-01,6.327632279483064170e-02,4.611607230997425561e-02,3.262192164139177120e-02,3.078344723832941374e-02,5.512777171160036099e-02,7.869029247951621342e-02,1.094400793446089204e-01,4.526368527399651093e-02,1.919725598272652989e-01,1.744008650701338314e-01,5.930790812518958038e-02,1.489855529203355511e-01,3.129889420253206822e-01,2.033012718839103949e-01,2.348514459028826773e-01,1.788688560712545228e-01,4.302764755962745769e-02,1.285661848070570323e-01,6.417282524737495664e-02,4.214383090470524146e-02,6.042138576128473076e-02,3.657275520719408674e-02,6.097855412040450312e-02,2.363866533250072802e-02,2.069295481630449227e-02,5.828647805642464541e-02,3.879424913262705110e-02,4.613438027641648259e-02,2.495882641868695656e-02,4.176561876661177147e-02,1.414573780792699464e-02,1.288282071063552234e-02,3.823612841543889973e-02,6.759053165115727624e-02,8.526235912461037347e-02,3.552376444295635149e-02,9.279004520482557472e-02,1.329671197518619286e-01,1.336353441253119168e-01,2.813933197048693047e-02,1.726371786365162031e-01,8.523588410484314593e-02,1.311605033937464360e-01,8.451270688210747728e-02,1.810096120501882289e-01,6.533463547994386444e-02,5.719776290548993919e-02,4.654689543724937345e-02,3.013110287152931041e-02,6.104124151777428481e-02,7.983530263677694749e-02,1.135377029343511146e-01,7.217964942381907556e-02,2.034573790939278870e-01,1.976930444124146702e-01,5.270716143314321811e-02,1.437889501040401363e-01,4.175683005114294022e-01,2.033829474363346157e-01,2.446879891065243950e-01,1.799385326549113595e-01,3.690855624908626759e-02,1.183031032411487465e-01
3.102786215888730242e-02,4.617508561607776979e-02,4.616516139914437350e-02,3.008524787046529606e-02,9.916803467082931089e-02,1.276522781149120322e-01,0.000000000000000000e+00,1.677419851949329618e-02,1.573503400027890242e-01,7.346705451857619973e-02,1.130799348897834344e-01,5.723918581379944248e-02,1.595248305417429902e-01,6.193114531865802352e-02,4.472026664944875329e-02,3.152265167373620447e-02,3.060847757217608281e-02,5.300719691362972691e-02,7.696901094165141399e-02,1.058381431264611428e-01,4.380250505773821551e-02,1.842051388711017645e-01,1.679815002277678937e-01,5.748058812702306480e-02,1.453465818253665276e-01,3.006576026827244008e-01,1.982811517733411300e-01,2.277422486822857639e-01,1.740703240742716706e-01,4.215778578607171784e-02,1.250173423275244278e-01,6.396301753929427292e-02,4.157840900101717613e-02,5.890597285501784908e-02,3.531937002345356819e-02,6.012862476518941041e-02,2.323943189610502835e-02,2.054145395694751894e-02,5.907558057690031478e-02,3.821683425640466647e-02,4.531755617628153293e-02,2.404540940634089172e-02,4.000680914263677473e-02,1.371494771606646471e-02,1.284571083442510170e-02,3.735996133658173179e-02,6.560048450532260378e-02,8.173774894434925053e-02,3.443816765777209243e-02,9.076431370377396890e-02,1.282012058243640062e-01,1.292931229260511905e-01,2.690835622622958501e-02,1.674050188733924860e-01,8.419697953028720816e-02,1.275256764998295711e-01,8.330422106633664225e-02,1.765759208302800365e-01,6.330361220059729788e-02,5.500966054666171084e-02,4.506331752301404731e-02,2.903080601782407483e-02,5.942373860691466808e-02,7.710097298280257916e-02,1.095066290063150816e-01,7.089932752891088541e-02,1.962521630943879769e-01,1.898791159604599765e-01,5.114770201657477255e-02,1.395674642406964649e-01,4.058205483015968063e-01,1.964786428405367325e-01,2.387201484567264276e-01,1.746004387839459049e-01,3.586042729093445736e-02,1.147666749823244708e-01
4.368220995817430168e-03,6.312094021546814544e-03,6.383609174557135398e-03,4.018633667134960744e-03,1.331752721766218603e-02,1.722191885767542299e-02,1.677419851949329618e-02,0.000000000000000000e+00,2.128971278638355086e-02,9.941463806987552512e-03,1.548554135344669055e-02,8.071456391571118702e-03,2.146758745595369472e-02,8.150641906978610407e-03,6.688721037591232113e-03,4.406128416154664156e-03,4.206761294698080876e-03,7.320347376053708624e-03,1.077227370701166337e-02,1.427906793584943212e-02,6.181745719606207730e-03,2.570144591381887805e-02,2.382994592655227409e-02,8.096376054938772895e-03,2.001331663240230735e-02,4.306484468460511361e-02,2.703184432709994714e-02,3.165453156375738070e-02,2.368744839148045553e-02,5.624431496474012124e-03,1.735981266342856433e-02,8.889219362175408007e-03,5.802309743650741099e-03,8.004291828972791636e-03,4.775382902301852049e-03,7.923760119282663786e-03,3.109405130590180144e-03,2.870729490216289252e-03,8.287329605373369018e-03,5.361138466535257142e-03,6.230254534006804228e-03,3.322769954053451848e-03,5.519981958575122249e-03,1.889492498839055127e-03,1.896895777888177271e-03,5.230190244349936998e-03,9.110482606866561819e-03,1.099559632741272004e-02,4.643856968929734215e-03,1.235331580404104221e-02,1.759333437130438521e-02,1.753517368814539942e-02,3.789864964438102723e-03,2.264119528666191233e-02,1.132432409163650587e-02,1.805064410091744218e-02,1.141290305152673455e-02,2.412150599504563758e-02,8.397863661523910506e-03,7.799864055706887123e-03,6.102018001573352411e-03,3.932791053894595969e-03,8.480337461771255900e-03,1.055208330342741196e-02,1.491890740534030334e-02,9.893134179674920384e-03,2.761489731226300995e-02,2.646617390308189308e-02,7.018649448661042414e-03,1.933856168233520287e-02,5.663743289868922864e-02,2.676860872448124165e-02,3.303173613238713502e-02,2.347687065747726745e-02,4.872428465603700388e-03,1.583744687068255191e-02
3.915435149810262555e-02,5.858153820090303276e-02,5.851471341625646971e-02,3.792370721971125014e-02,1.246114081161068393e-01,1.625663314426744332e-01,1.573503400027890242e-01,2.128971278638355086e-02,0.000000000000000000e+00,9.215002697624752326e-02,1.420552972939412850e-01,7.174518879184509090e-02,2.032118045015836871e-01,7.746567399597673043e-02,5.664372302362061240e-02,4.005247070290173655e-02,3.846528962058244627e-02,6.767865522017749158e-02,9.719269263395879932e-02,1.347301127439344270e-01,5.536448290826857105e-02,2.361127488787928830e-01,2.133950924623440326e-01,7.241180860545411158e-02,1.834747350353416462e-01,3.847071247496405277e-01,2.515078755714392766e-01,2.890370203894013224e-01,2.205014209230919675e-01,5.348971657692646459e-02,1.588424052447925949e-01,7.905634617944824749e-02,5.179403157551148995e-02,7.413861496121336436e-02,4.463531682132339945e-02,7.485619261356413201e-02,2.904172970179555446e-02,2.550421855709323823e-02,7.277102990733963495e-02,4.805067248381861972e-02,5.691622086383459761e-02,3.071795544127692984e-02,5.095559883984812632e-02,1.726095407313057647e-02,1.623305092657104098e-02,4.694769706577345270e-02,8.296536835781803676e-02,1.038615378110994414e-01,4.374188783353506749e-02,1.137436712850091042e-01,1.628548532064006960e-01,1.646036726520099802e-01,3.429429402705610336e-02,2.125024209295293398e-01,1.049084505598382178e-01,1.617586609725488733e-01,1.039652444319957292e-01,2.246639458059515593e-01,7.985993608838105884e-02,6.991740431373458242e-02,5.785013283508745607e-02,3.709985413274233951e-02,7.589432089635859968e-02,9.769691987638531860e-02,1.390065736410781017e-01,8.859527200947855952e-02,2.497472442849305030e-01,2.428706342509414084e-01,6.492300593982081036e-02,1.771898543603364906e-01,5.132697809276836054e-01,2.496949569415389536e-01,3.027840719026058114e-01,2.209506271731489502e-01,4.558035462126284326e-02,1.454678078304391942e-01
1.847455415386176428e-02,2.728815789922586429e-02,2.719843370381528833e-02,1.761059135890539334e-02,5.894309929990086683e-02,7.479573204574729850e-02,7.346705451857619973e-02,9.941463806987552512e-03,9.215002697624752326e-02,0.000000000000000000e+00,6.647817651490958712e-02,3.372449697139799640e-02,9.431424924740301752e-02,3.646716561224716546e-02,2.690829713279836374e-02,1.854877479423976475e-02,1.784600034698263088e-02,3.115003368876385903e-02,4.509233246257296490e-02,6.223304069084757695e-02,2.640066965175623739e-02,1.088822755625498129e-01,9.955946108178796716e-02,3.395985443718672198e-02,8.587959955173339599e-02,1.786489309246888924e-01,1.163063303444130947e-01,1.348814436291255192e-01,1.020964752731510911e-01,2.472419261578001279e-02,7.406097759764852795e-02,3.763659084902627738e-02,2.460941522421566247e-02,3.478018348752494326e-02,2.069992486846137375e-02,3.549158872011679011e-02,1.373057020626956837e-02,1.217795186892785264e-02,3.500467664640492804e-02,2.289338553660084929e-02,2.665238993538987175e-02,1.425918625601329745e-02,2.376611035360066959e-02,7.964382557745404434e-03,7.695714000562462603e-03,2.198773352620495697e-02,3.888015850036419946e-02,4.808542607461453733e-02,2.033495969779747919e-02,5.377635483504934061e-02,7.513809716532802996e-02,7.657957338248168322e-02,1.605445154938591606e-02,9.795365795125278441e-02,4.955767378077654411e-02,7.542198984888431879e-02,4.901353589897103347e-02,1.045342646873172604e-01,3.738840285505087152e-02,3.228513798929044665e-02,2.655320757157360670e-02,1.695552626622173417e-02,3.536072874322383069e-02,4.504563739563295643e-02,6.386930786500717716e-02,4.204894102933444400e-02,1.161751058234317818e-01,1.124444402197550819e-01,3.024455981397419085e-02,8.283915797986626806e-02,2.398566037992972966e-01,1.152801070407646067e-01,1.421261080600340621e-01,1.025748522973413956e-01,2.133811031291360516e-02,6.786816005498362558e-02
2.805666495636967295e-02,4.227577304130845925e-02,4.227441079219680653e-02,2.692612598421256775e-02,9.014869930561575373e-02,1.152130012449094493e-01,1.130799348897834344e-01,1.548554135344669055e-02,1.420552972939412850e-01,6.647817651490958712e-02,0.000000000000000000e+00,5.196053977953066921e-02,1.447237837014048178e-01,5.618199931791456603e-02,4.007990717876065700e-02,2.869738726832781611e-02,2.760192835757055430e-02,4.866770420540756509e-02,7.003615321160031049e-02,9.570980681245780386e-02,3.959416092256831665e-02,1.667503116695176202e-01,1.513486020667788312e-01,5.118180631037017730e-02,1.315716597975920832e-01,2.723749604829142634e-01,1.792377859532190698e-01,2.070601323158480500e-01,1.573926375386374144e-01,3.870348733102112887e-02,1.138928959719468781e-01,5.641316009395565267e-02,3.698253774459597798e-02,5.238849388128009876e-02,3.145169130508932570e-02,5.461319330023257923e-02,2.102821439468661319e-02,1.820936939409253941e-02,5.127434578348217392e-02,3.376291092438508251e-02,4.023376064108585143e-02,2.168549271103478726e-02,3.700036930555630765e-02,1.250308029913322488e-02,1.130079994350430099e-02,3.331446391175139909e-02,5.923985697937173001e-02,7.474372186734197510e-02,3.102906851542890088e-02,8.210958798270594217e-02,1.153640794999786223e-01,1.171861620759370587e-01,2.476492262413018675e-02,1.509730473789888949e-01,7.608156904109492080e-02,1.165918669719560596e-01,7.552767684298425377e-02,1.601089265291476271e-01,5.820178483057522612e-02,4.982772403563193175e-02,4.154591222026132735e-02,2.653198799704277466e-02,5.416541833982132376e-02,7.044395166663176833e-02,9.958656446336873469e-02,6.379887651869348142e-02,1.784032236996896670e-01,1.731279954574313773e-01,4.593072695196901561e-02,1.270541305241539853e-01,3.653733982968554450e-01,1.785430488127888737e-01,2.177057226145262259e-01,1.572263264727124799e-01,3.329245471524640287e-02,1.042833705204650463e-01
1.490229456561236419e-02,2.130644361620011654e-02,2.176221862499453166e-02,1.380026390233446247e-02,4.572567215300284149e-02,5.877470008387789685e-02,5.723918581379944248e-02,8.071456391571118702e-03,7.174518879184509090e-02,3.372449697139799640e-02,5.196053977953066921e-02,0.000000000000000000e+00,7.353897857572738728e-02,2.862877382174269444e-02,2.152398858592684608e-02,1.486210869815810832e-02,1.396222256392035989e-02,2.431861095170486861e-02,3.575290646906371939e-02,4.869289528137456247e-02,2.112270377309674596e-02,8.544609533535243995e-02,7.954990864366118242e-02,2.703970359276379812e-02,6.652596399616972356e-02,1.417845718371233965e-01,9.115541258015145976e-02,1.056365396068746354e-01,7.984197355025794696e-02,1.915219600511102946e-02,5.879295925151300367e-02,2.946443623336956336e-02,1.894217699630962315e-02,2.745581928327288368e-02,1.633193193779653579e-02,2.759171425103904007e-02,1.060301824438680297e-02,9.501505670687197119e-03,2.744957615909577459e-02,1.811040678578667087e-02,2.116557372697022016e-02,1.148896759461715510e-02,1.856669545286001102e-02,6.279559597154470499e-03,6.015129505496309877e-03,1.763775776502970322e-02,3.027394390001572622e-02,3.783946749082878896e-02,1.584923050793845753e-02,4.210815515615292520e-02,5.892367278186401436e-02,5.975022689093077710e-02,1.283101113050484632e-02,7.697032766071135179e-02,3.872043175280225763e-02,5.920416440623139931e-02,3.948050682848612547e-02,8.222100022582770618e-02,2.956856806575022811e-02,2.583301231698490602e-02,2.055893519014267978e-02,1.337522736151347189e-02,2.772337482194134686e-02,3.567792294430515571e-02,5.008113922698830683e-02,3.340611032174975459e-02,9.097544242206428988e-02,8.887134539452080928e-02,2.408179335740464125e-02,6.491743929083777787e-02,1.900447092275380778e-01,9.023827270486316221e-02,1.115999717501253707e-01,7.967522205679053449e-02,1.690317700685952176e-02,5.403398327152834912e-02
4.070802690985433903e-02,5.893257462353139464e-02,5.998590343908672545e-02,3.950591114822846889e-02,1.280628310211805176e-01,1.655579876245667215e-01,1.595248305417429902e-01,2.146758745595369472e-02,2.032118045015836871e-01,9.431424924740301752e-02,1.447237837014048178e-01,7.353897857572738728e-02,0.000000000000000000e+00,8.013261937924240352e-02,5.903417792382587709e-02,4.070491896128367038e-02,3.928044889364858128e-02,6.789725518746550503e-02,9.958789740482469621e-02,1.364073487909336635e-01,5.733966525443283391e-02,2.390707504258937077e-01,2.195285739841589256e-01,7.496145356862385367e-02,1.879064685573837989e-01,3.930181629932552601e-01,2.581830909011822994e-01,2.942295997367744276e-01,2.250583039773159100e-01,5.387252685383037143e-02,1.622013677957324096e-01,8.421236996905086258e-02,5.444731892280774144e-02,7.661531981501830402e-02,4.616173043009936389e-02,7.725748120323772117e-02,2.993929864035242694e-02,2.659931542439346319e-02,7.761172330443275036e-02,5.028735257529088482e-02,5.915792310672264576e-02,3.125231440616946244e-02,5.138750406578410784e-02,1.753947377824291443e-02,1.697323537351851097e-02,4.926319497380719781e-02,8.531961580231843534e-02,1.063292857084782578e-01,4.491309046087674228e-02,1.176164424394141594e-01,1.673242309611930045e-01,1.667914952239697712e-01,3.503009477462290522e-02,2.174188225383339446e-01,1.080740030268873969e-01,1.655872959797923538e-01,1.071757494216221407e-01,2.284792191196975963e-01,8.139658706249851272e-02,7.197887819214024430e-02,5.824705488016970745e-02,3.737430943079930734e-02,7.781502245336820167e-02,1.001917600118068935e-01,1.416546106066130239e-01,9.280978241340584467e-02,2.558999769474977204e-01,2.484684533499925130e-01,6.685485442528650568e-02,1.815940168274139399e-01,5.306840915586218399e-01,2.542456377316318905e-01,3.085143510433424607e-01,2.259843183130641753e-01,4.575796137027658000e-02,1.493019864641351724e-01
1.540631198135667887e-02,2.281467290824590322e-02,2.304852346759311138e-02,1.494827003594615018e-02,4.955808529825340286e-02,6.327632279483064170e-02,6.193114531865802352e-02,8.150641906978610407e-03,7.746567399597673043e-02,3.646716561224716546e-02,5.618199931791456603e-02,2.862877382174269444e-02,8.013261937924240352e-02,0.000000000000000000e+00,2.167406409997751915e-02,1.546693204769410482e-02,1.504647632961815008e-02,2.656678216550829169e-02,3.803907602505399166e-02,5.194605894124883910e-02,2.152598213887790476e-02,9.064856782641937671e-02,8.169601223698949588e-02,2.820385884285045788e-02,7.168100948761128854e-02,1.470025188694534246e-01,9.751289063976277538e-02,1.131360124250742338e-01,8.609675508198193217e-02,2.118032310201646562e-02,6.232977355810241649e-02,3.101057813613114847e-02,2.045519121152426095e-02,2.919751797675742069e-02,1.736241079665102466e-02,2.970012198894042207e-02,1.156902987944048895e-02,1.004630655127890237e-02,2.841830457980875496e-02,1.832812162889913693e-02,2.216480591305856201e-02,1.217159706964152099e-02,2.041226283533399341e-02,6.970866962774445279e-03,5.986216335409352135e-03,1.813496632157952926e-02,3.203525781761432101e-02,4.117161113566818881e-02,1.703631016478966004e-02,4.536861649992206952e-02,6.334230376221189340e-02,6.446519682755791347e-02,1.343102505857489935e-02,8.275682203131359826e-02,4.184658675670119288e-02,6.320619143914135707e-02,4.164637142654412788e-02,8.757809895637301556e-02,3.199707710393437377e-02,2.716085976976638852e-02,2.258410045507830421e-02,1.448333141331090840e-02,2.947731764835241630e-02,3.838391191611924269e-02,5.401588502291562732e-02,3.480147239131850534e-02,9.637004123835252178e-02,9.325343458864965296e-02,2.516148593614938103e-02,6.933637947211132579e-02,1.998571735478619216e-01,9.661204567149718481e-02,1.175083626147920557e-01,8.600632798058852058e-02,1.769082354511031241e-02,5.678487747889234688e-02
1.179893776757145497e-02,1.712947754478420098e-02,1.700375524915235387e-02,1.065093492520505745e-02,3.539734796388701449e-02,4.611607230997425561e-02,4.472026664944875329e-02,6.688721037591232113e-03,5.664372302362061240e-02,2.690829713279836374e-02,4.007990717876065700e-02,2.152398858592684608e-02,5.903417792382587709e-02,2.167406409997751915e-02,0.000000000000000000e+00,1.194984507624014328e-02,1.082162729425470947e-02,1.945806922069109879e-02,2.754786292828788341e-02,3.831315854918029840e-02,1.713179789370986375e-02,6.760053607392189912e-02,6.279859060373355062e-02,2.178620091361755176e-02,5.254406815971505995e-02,1.131119966745493810e-01,7.160508025421954970e-02,8.395509245290913580e-02,6.288671018683288094e-02,1.479176461573140575e-02,4.556139743140159848e-02,2.301829746466208665e-02,1.493701657423252178e-02,2.143506389353087502e-02,1.281131644150451492e-02,2.119366272205035207e-02,8.325315653938713742e-03,7.370038478707287115e-03,2.144429906418338777e-02,1.412754202419993881e-02,1.655372126985697745e-02,9.207768655280211892e-03,1.435509660954831061e-02,4.817764064896395103e-03,4.802817981091471108e-03,1.375325866713346563e-02,2.373882559348169247e-02,2.908873147794854494e-02,1.217907819282981058e-02,3.284168701539728202e-02,4.648460158237158191e-02,4.734599160544455260e-02,1.025061587837558692e-02,6.059758302877394504e-02,2.996417186530941912e-02,4.685042508611347162e-02,3.064033945986692833e-02,6.436569362148636397e-02,2.261136345381326018e-02,2.078972325667538534e-02,1.647401898529831515e-02,1.048693561726739623e-02,2.161420720782360194e-02,2.787654148684564140e-02,3.979554100055614912e-02,2.609830006503290056e-02,7.166463634469730226e-02,7.050783559042840543e-02,1.896208696458451942e-02,5.111735633915204940e-02,1.495984746159888246e-01,7.074440047798749576e-02,8.712718251332185471e-02,6.248088723715097131e-02,1.318558942489898855e-02,4.271809105956232006e-02
8.024605806327819377e-03,1.173928668076665641e-02,1.180759651627503147e-02,7.518533254929383146e-03,2.473131971441215604e-02,3.262192164139177120e-02,3.152265167373620447e-02,4.406128416154664156e-03,4.005247070290173655e-02,1.854877479423976475e-02,2.869738726832781611e-02,1.486210869815810832e-02,4.070491896128367038e-02,1.546693204769410482e-02,1.194984507624014328e-02,0.000000000000000000e+00,7.867708056037054504e-03,1.381712804118102357e-02,1.964801023504291963e-02,2.679923803915757255e-02,1.160839659759049965e-02,4.732616963187343678e-02,4.409423365979709547e-02,1.505837632704828434e-02,3.732196011205936304e-02,7.846611537772266165e-02,5.078930548166475656e-02,5.922392474812041008e-02,4.469116738992202215e-02,1.066415523765880738e-02,3.238546873267150045e-02,1.652670786444937825e-02,1.057013587686068609e-02,1.476720495594959978e-02,8.936363736508549580e-03,1.490632668617154766e-02,5.814654256381447152e-03,5.314952249523907137e-03,1.538153163503661221e-02,9.959073456956520076e-03,1.154010719215893543e-02,6.208107838545450993e-03,1.030843695667964417e-02,3.514439774625806919e-03,3.462248129960613253e-03,9.780904567601484897e-03,1.691366214543810198e-02,2.066225794966816340e-02,8.671349795729303700e-03,2.320912325957524835e-02,3.322166114799756514e-02,3.309199972743435969e-02,7.088310499293707517e-03,4.266918285895674595e-02,2.121512302968758812e-02,3.317762820665756673e-02,2.122511820379405570e-02,4.515399941066870065e-02,1.587602518336650795e-02,1.415844547616512857e-02,1.147786412584687540e-02,7.394892539208924170e-03,1.557448653390148229e-02,1.986568334543801356e-02,2.782186596865925815e-02,1.831358351806462725e-02,5.098744074283624583e-02,4.946666895139990167e-02,1.321482538618052975e-02,3.617284983145111626e-02,1.047359894986034795e-01,5.013308609974993779e-02,6.129278385988367467e-02,4.441111911060066642e-02,9.266199581100444810e-03,2.983548090323226779e-02
7.585898547700590383e-03,1.143238550160869532e-02,1.103171623035699954e-02,7.262406585634110547e-03,2.444464418776286230e-02,3.078344723832941374e-02,3.060847757217608281e-02,4.206761294698080876e-03,3.846528962058244627e-02,1.784600034698263088e-02,2.760192835757055430e-02,1.396222256392035989e-02,3.928044889364858128e-02,1.504647632961815008e-02,1.082162729425470947e-02,7.867708056037054504e-03,0.000000000000000000e+00,1.309578332986828519e-02,1.865528297828237397e-02,2.566083211487761931e-02,1.072364699578314158e-02,4.515962443308457752e-02,4.071526297839374309e-02,1.397678307147020953e-02,3.554716610590542836e-02,7.385640243893684675e-02,4.818385455366108044e-02,5.593954039985552656e-02,4.240357381725944758e-02,1.038748473926847521e-02,3.048803032079757877e-02,1.550202879131435708e-02,1.010163212719015526e-02,1.426671958019340783e-02,8.427400979017755575e-03,1.470519327019209968e-02,5.746541021564930372e-03,4.906119080689040970e-03,1.416763404684609311e-02,9.202259643097369587e-03,1.086352904958758948e-02,5.759646664211694536e-03,9.865889307818868567e-03,3.373079030893278568e-03,3.120767842859017375e-03,9.134545594552683986e-03,1.602691815033460004e-02,1.974218322241026724e-02,8.410423871604471094e-03,2.206062688150279769e-02,3.114766328319759289e-02,3.161103200757577059e-02,6.668702818567360906e-03,4.073582190122972124e-02,2.050306003140851124e-02,3.137831884766927038e-02,2.029570105250567622e-02,4.367621182670478747e-02,1.532847836710599272e-02,1.324279356893903921e-02,1.117164400789336272e-02,7.097657292671385662e-03,1.464431512332880700e-02,1.870883149377487037e-02,2.661120834364750706e-02,1.714547404550051043e-02,4.818202688467600886e-02,4.650005210585660825e-02,1.233350905418786371e-02,3.421005082435956551e-02,9.874165909435703159e-02,4.776820437924662183e-02,5.882950707009570318e-02,4.227002768061656479e-02,8.746058362074702816e-03,2.797389292227144691e-02
1.336268759677424443e-02,1.976761843834471191e-02,1.963978427373977778e-02,1.292992300513008501e-02,4.244869412405799514e-02,5.512777171160036099e-02,5.300719691362972691e-02,7.320347376053708624e-03,6.767865522017749158e-02,3.115003368876385903e-02,4.866770420540756509e-02,2.431861095170486861e-02,6.789725518746550503e-02,2.656678216550829169e-02,1.945806922069109879e-02,1.381712804118102357e-02,1.309578332986828519e-02,0.000000000000000000e+00,3.317276374306797615e-02,4.495734561513713146e-02,1.913517898823521857e-02,7.993093996386628486e-02,7.298015313378818092e-02,2.458402390395282230e-02,6.265207841879294470e-02,1.310801122495422744e-01,8.557862197003625326e-02,9.874589779017943492e-02,7.441211644499938493e-02,1.821925099055607747e-02,5.432991845819296062e-02,2.769735602935026117e-02,1.756339558656329000e-02,2.460603814397895744e-02,1.475323950275594584e-02,2.531002396011796177e-02,9.888881292924702263e-03,8.715750399246784477e-03,2.554243566611035660e-02,1.641797716050680256e-02,1.899678774784453045e-02,1.005925549966948766e-02,1.727197569062992322e-02,5.890633432104236226e-03,5.553298073310318668e-03,1.609075159310429173e-02,2.824955771974248589e-02,3.515621300038254682e-02,1.474333553871454150e-02,3.891206869132551871e-02,5.525704492923056571e-02,5.562167693540105012e-02,1.162090681502663848e-02,7.164201252261864772e-02,3.576327346264700224e-02,5.551334930650091842e-02,3.499412699867878590e-02,7.611475942353601587e-02,2.713304466857603681e-02,2.342280225898949950e-02,1.961962155680761766e-02,1.253795834416675421e-02,2.593210319723094487e-02,3.324991517139084390e-02,4.639438400932476697e-02,3.056136981892277477e-02,8.485419680317829449e-02,8.223634437310627099e-02,2.170376562264330830e-02,6.090743564008338495e-02,1.748087183845249137e-01,8.413082627428260241e-02,1.029695301249660133e-01,7.433424249480759249e-02,1.558985797300682305e-02,4.941795991235248264e-02
1.924983152572620412e-02,2.893907877553890742e-02,2.919233843771433176e-02,1.806187763206146962e-02,6.116610071377005797e-02,7.869029247951621342e-02,7.696901094165141399e-02,1.077227370701166337e-02,9.719269263395879932e-02,4.509233246257296490e-02,7.003615321160031049e-02,3.575290646906371939e-02,9.958789740482469621e-02,3.803907602505399166e-02,2.754786292828788341e-02,1.964801023504291963e-02,1.865528297828237397e-02,3.317276374306797615e-02,0.000000000000000000e+00,6.555074240796919527e-02,2.719201679676866434e-02,1.150678092118452428e-01,1.039445503432006035e-01,3.526023549847843302e-02,8.910631888384737409e-02,1.874649364842263799e-01,1.219547556241157987e-01,1.410136468845733237e-01,1.073568813375497533e-01,2.615275591233534591e-02,7.794515144413505237e-02,3.711018190558637575e-02,2.484107037216022260e-02,3.565564295259354699e-02,2.150149017904737572e-02,3.682669190486308197e-02,1.415305954534423934e-02,1.238933739390729073e-02,3.389165347666139860e-02,2.293000764649256312e-02,2.734500990199211987e-02,1.516586796729786982e-02,2.492699756485275073e-02,8.461542204270176143e-03,7.652388187747853274e-03,2.262094860561690568e-02,4.028226733706430363e-02,5.155036512575191660e-02,2.104944793578319290e-02,5.588107747637079820e-02,7.887157680785077118e-02,8.002861888153531278e-02,1.708197810699313424e-02,1.034379513803420358e-01,5.163308126161134798e-02,7.953340241840292646e-02,5.169778339300149655e-02,1.092493763950230651e-01,3.978224855264657356e-02,3.433424514434441077e-02,2.801128425820726200e-02,1.817183824492916641e-02,3.663208067497514264e-02,4.831369202541288543e-02,6.804137665775351895e-02,4.318166860169812132e-02,1.209774992970745616e-01,1.187454088598546703e-01,3.172881262525517609e-02,8.605348115369480799e-02,2.492203761322809297e-01,1.216293471708913693e-01,1.484713199060583855e-01,1.072442221099676601e-01,2.291507138204335742e-02,7.116343107298113424e-02
2.619420515534395463e-02,3.902419474125723431e-02,3.962130355640201829e-02,2.529117763787296774e-02,8.370912787125701915e-02,1.094400793446089204e-01,1.058381431264611428e-01,1.427906793584943212e-02,1.347301127439344270e-01,6.223304069084757695e-02,9.570980681245780386e-02,4.869289528137456247e-02,1.364073487909336635e-01,5.194605894124883910e-02,3.831315854918029840e-02,2.679923803915757255e-02,2.566083211487761931e-02,4.495734561513713146e-02,6.555074240796919527e-02,0.000000000000000000e+00,3.688252223016864895e-02,1.567785882664279873e-01,1.445711156444038636e-01,4.862362173603267113e-02,1.235189138878187709e-01,2.593339041105184317e-01,1.690708636155249522e-01,1.929640895244086329e-01,1.472487286819179619e-01,3.500250423936929201e-02,1.063016297334079541e-01,5.407958316006989535e-02,3.511232196162436536e-02,4.987219024437983261e-02,3.017242069788525147e-02,5.067002773952537786e-02,1.973092579403493488e-02,1.719632967456147243e-02,4.919361158422364683e-02,3.269194704714552258e-02,3.809954542194736449e-02,2.037704793785089993e-02,3.405168499171992713e-02,1.155227283192429046e-02,1.089902706106550372e-02,3.130894361812962268e-02,5.597675225211233563e-02,7.062102444693375836e-02,2.932689880734542370e-02,7.701486173907164112e-02,1.096363901197928842e-01,1.101523144768689760e-01,2.335455842046032376e-02,1.438435356907985518e-01,7.081441649571354469e-02,1.091084446580581901e-01,7.036710994843908828e-02,1.499141860518032610e-01,5.350414761608393577e-02,4.716244275191262825e-02,3.806367551776425329e-02,2.478227586828590789e-02,5.092849545075201628e-02,6.657743954010431064e-02,9.338378808501805739e-02,5.951748626399220449e-02,1.687760932550452231e-01,1.645338703027883209e-01,4.317783783320557067e-02,1.195234177792048880e-01,3.475671049273459379e-01,1.685428786579173388e-01,2.033921168510504918e-01,1.480326586408995393e-01,3.053486827165310252e-02,9.793558920721971706e-02
1.163976249687978699e-02,1.640318679271293711e-02,1.644437175084789357e-02,1.085944581087516965e-02,3.502378241058692887e-02,4.526368527399651093e-02,4.380250505773821551e-02,6.181745719606207730e-03,5.536448290826857105e-02,2.640066965175623739e-02,3.959416092256831665e-02,2.112270377309674596e-02,5.733966525443283391e-02,2.152598213887790476e-02,1.713179789370986375e-02,1.160839659759049965e-02,1.072364699578314158e-02,1.913517898823521857e-02,2.719201679676866434e-02,3.688252223016864895e-02,0.000000000000000000e+00,6.543655302896800308e-02,6.124706054592028714e-02,2.187386931981467539e-02,5.214954310041561986e-02,1.108679905705380608e-01,7.040798018596944319e-02,8.135762381832807588e-02,6.092529632763350744e-02,1.426390361544035458e-02,4.455280519086216723e-02,2.363592218871487030e-02,1.519841069389451030e-02,2.094569098956561640e-02,1.274087785816419190e-02,2.075228386106933026e-02,8.266349103417801325e-03,7.425532172712230247e-03,2.206027821617108364e-02,1.410337276984687839e-02,1.614116961702019917e-02,8.890783478798739564e-03,1.404947494380622865e-02,4.903668757430828910e-03,4.785525202573825444e-03,1.387794781583676779e-02,2.331013955947982066e-02,2.850376704721987314e-02,1.225495194746281484e-02,3.247647467425872347e-02,4.577754818912943557e-02,4.625753783247270323e-02,9.748371973649850447e-03,5.938359122694344960e-02,2.940811984644895946e-02,4.589634943384476168e-02,3.009194733136424937e-02,6.289024952961942694e-02,2.224415665700782072e-02,2.014470015420629853e-02,1.603987870414046515e-02,1.022903167936490589e-02,2.151889974466435901e-02,2.696234160512634218e-02,3.876195802968383786e-02,2.602828849808308878e-02,7.012068404764811025e-02,6.789612995673800777e-02,1.887848770866912967e-02,4.973970875446521306e-02,1.475098145305868691e-01,6.886711047839523536e-02,8.505604914918843407e-02,6.145413752453020295e-02,1.273922896981066061e-02,4.128684455153197597e-02
