0.000000000000000000e+00,1.229932063337834183e-02,1.201959584166042982e-02,4.589403054403988838e-03,1.691716295235917364e-02,2.511839083325684285e-02,2.894481834253466446e-02,6.483202581984881703e-03,3.466280147764583264e-02,1.537410147570967937e-02,2.216545050853190035e-02,1.522164248871787050e-02,3.841110043473978247e-02,9.785804825358072195e-03,1.331143615460552571e-02,1.039557170480489255e-02,6.056670388673657604e-03,1.389862893510983820e-02,1.578610750807538446e-02,2.601536551055515581e-02,1.531710095480129027e-02,4.603253694805355817e-02,4.625285467721577254e-02,1.601124359004682876e-02,3.444438017006384162e-02,8.802392795822223948e-02,4.213367083802792290e-02,5.369102238604502725e-02,4.122422313414617762e-02,8.917315938805958631e-03,2.399770778300582691e-02,1.260209930611002824e-02,6.778903543558106697e-03,9.998152906532439127e-03,7.712472389988408485e-03,1.023662544180956209e-02,4.065353447140305533e-03,4.561782761978424271e-03,1.232869038636148946e-02,9.043388231646801861e-03,8.784337714609380052e-03,7.130791202622107500e-03,1.002527707149785362e-02,3.402004731348607248e-03,3.023585448208518985e-03,7.002779775757304523e-03,1.372461658576652928e-02,1.399649539085865042e-02,6.460201416267849668e-03,1.884663208909970189e-02,2.795152056486238309e-02,2.754430477667741198e-02,7.100014777958929893e-03,3.486772989373335130e-02,1.695035566966757515e-02,2.619659890809137096e-02,2.084705075155181622e-02,3.722302160433688112e-02,1.152158471637816303e-02,1.681203118085695253e-02,1.196234374976532476e-02,5.938433382020442963e-03,1.382909858106227442e-02,1.370694194149788166e-02,2.849391593595163724e-02,1.477918074736593937e-02,4.648744281422434454e-02,4.612798250589936894e-02,1.346567381504580260e-02,3.257489571982268017e-02,9.947977106830110938e-02,3.988289705532119950e-02,5.703913930595437554e-02,4.051715504091940590e-02,7.711484004471090385e-03,2.809173685267476669e-02
1.229932063337834183e-02,0.000000000000000000e+00,1.697260777289657727e-02,6.444457290498290143e-03,2.364965817927903655e-02,3.581798413297650197e-02,4.160429489259501873e-02,9.219989937365020288e-03,4.986914799294635270e-02,2.148421394163025147e-02,3.170158938575245305e-02,2.032809491306057995e-02,5.441221838522310866e-02,1.332327108668139408e-02,1.899296103635554275e-02,1.496122142333605048e-02,8.365767106617899920e-03,1.997365639058224993e-02,2.303492706991667333e-02,3.667974143600256226e-02,2.139848776182905546e-02,6.672015505287165471e-02,6.556296199455528828e-02,2.212523041971493562e-02,4.924042801421413262e-02,1.247437017165624329e-01,5.973736991957929315e-02,7.707301854480541614e-02,5.850950615502460705e-02,1.287438242818583073e-02,3.362442529379148365e-02,1.802188069108484614e-02,9.436837503035807456e-03,1.402393151160286934e-02,1.075789332526907657e-02,1.429475067108671588e-02,5.638906800365558504e-03,6.561269605510278852e-03,1.766911771487964661e-02,1.284872756079627650e-02,1.188138429989538634e-02,9.664997117648449834e-03,1.429798320606577751e-02,4.847113008335877243e-03,4.219881824352821227e-03,8.945612348064469962e-03,1.980761482492752329e-02,1.956982796010383122e-02,9.202735848726271636e-03,2.636745353862217020e-02,3.997786199135691665e-02,3.918555444646634744e-02,9.973957004648682789e-03,4.946703080338474279e-02,2.383635328640406822e-02,3.747845515007556388e-02,2.743511371453274256e-02,5.352838910460126082e-02,1.637312959534796900e-02,2.384368162075679171e-02,1.705074370554960500e-02,8.124369898545525520e-03,1.978836810744407509e-02,1.974383923442975253e-02,4.141218029927577760e-02,2.011680459487379460e-02,6.781621001041564234e-02,6.487140328095822306e-02,1.818041027583231634e-02,4.647739781073306070e-02,1.406241529345348407e-01,5.790862772872249625e-02,8.181415690786682238e-02,5.888226419717830507e-02,1.098259023971070308e-02,3.945199887814801465e-02
1.201959584166042982e-02,1.697260777289657727e-02,0.000000000000000000e+00,6.246365851348909155e-03,2.294341170391131501e-02,3.521301785189907829e-02,3.968076432821570493e-02,8.592708441758245552e-03,4.790418754420818631e-02,2.084430948469897377e-02,3.030690716262314163e-02,2.042905187811888332e-02,5.225320020422543482e-02,1.333595085185479423e-02,1.812189156640389362e-02,1.414514299096339758e-02,8.230433416706603791e-03,1.936385277109151440e-02,2.240815619124544855e-02,3.572665382403571871e-02,2.032798486407869781e-02,6.405832347533654825e-02,6.308561933656070542e-02,2.139079186528988416e-02,4.746728750362078086e-02,1.200980065236377098e-01,5.825428901819080379e-02,7.383517416760454477e-02,5.710825536911261213e-02,1.251093889352967829e-02,3.321816806676687606e-02,1.648143296552445972e-02,9.210593839333983818e-03,1.363203822899389760e-02,1.046490019797442425e-02,1.394127299851095902e-02,5.419429084739439337e-03,6.209564659122100531e-03,1.589728217206400063e-02,1.223169772761708435e-02,1.161644703256997126e-02,9.326637143229381949e-03,1.352201045531573921e-02,4.482501120399452407e-03,3.901645745231318088e-03,9.129136709375242076e-03,1.879845508901970344e-02,1.975629712343443534e-02,8.789346784662544973e-03,2.559493979634783548e-02,3.855470112310305925e-02,3.784520037666866399e-02,9.364867862245133609e-03,4.835764604045349191e-02,2.276755087286282467e-02,3.632303445509125345e-02,2.744980860886847909e-02,5.134130571055379316e-02,1.605257435649714431e-02,2.327311029478577181e-02,1.644132155214115751e-02,7.881155297127026907e-03,1.896128626505469775e-02,1.966005023493992698e-02,4.026368248156794727e-02,1.958742032064001576e-02,6.443157835350241114e-02,6.277445040165779977e-02,1.767355374767733481e-02,4.492773437476160064e-02,1.360616863036192559e-01,5.609573260190765798e-02,7.838847156619099810e-02,5.690767117514835410e-02,1.058244960824813487e-02,3.844208483342937549e-02
4.589403054403988838e-03,6.444457290498290143e-03,6.246365851348909155e-03,0.000000000000000000e+00,8.774989987930302202e-03,1.326201753207365518e-02,1.517390629128369250e-02,3.426334465840139096e-03,1.863553008618398787e-02,7.836824956607701953e-03,1.182305015960483791e-02,7.627952069686111392e-03,2.005411912724084852e-02,4.872166434286121645e-03,7.072369433559036987e-03,5.455647088237408800e-03,3.081556335642697715e-03,7.274033139515492102e-03,8.538547641047233155e-03,1.351767674451252038e-02,7.927130531754313439e-03,2.451944286863219288e-02,2.453708731773924026e-02,8.073807506902759903e-03,1.806330771551025935e-02,4.564402202774997530e-02,2.218618278203943889e-02,2.816564478243047814e-02,2.154774304012525149e-02,4.564678308505510165e-03,1.231408097434756772e-02,6.758036459776164441e-03,3.594403630405478608e-03,5.337781498463944375e-03,4.077645890558973321e-03,5.085171084104726097e-03,1.975487541585090739e-03,2.431621772917745561e-03,6.537063870072282526e-03,4.819479276479471906e-03,4.543112793856909221e-03,3.599064177295060920e-03,5.165148596998055640e-03,1.775912382715918135e-03,1.585036111401658251e-03,3.374111199773603860e-03,7.254814123544704035e-03,7.459519410139329142e-03,3.431045399699808596e-03,9.829770931505901754e-03,1.474194099793164729e-02,1.444548001036502667e-02,3.770072624947847992e-03,1.835265957823904726e-02,8.773738342935738510e-03,1.405832374822190561e-02,1.040175912866347051e-02,1.964681108091684975e-02,6.042252829257227682e-03,8.920054991894642987e-03,6.206802642407600185e-03,3.015954648874752918e-03,7.266175640352475623e-03,7.560569444122590757e-03,1.515409262674623746e-02,7.651991221335294191e-03,2.476896174906597498e-02,2.438793363033198158e-02,6.775446393259335759e-03,1.708400435732084638e-02,5.234073208330231042e-02,2.124144976718697272e-02,2.989838609044218054e-02,2.141141341321571231e-02,3.997814997492730484e-03,1.464195445425440188e-02
1.691716295235917364e-02,2.364965817927903655e-02,2.294341170391131501e-02,8.774989987930302202e-03,0.000000000000000000e+00,4.873729157879045509e-02,5.658791494787181187e-02,1.249611634444312835e-02,6.821616193070441370e-02,2.938695049033373391e-02,4.380093101835835084e-02,2.785103082800521185e-02,7.377162090722980126e-02,1.812073938350834343e-02,2.606376108718903503e-02,2.025737572750208049e-02,1.135520744017968348e-02,2.696391409382147691e-02,3.171863740633544537e-02,4.947019353931336044e-02,2.901974797702900830e-02,9.059839784958630127e-02,8.905092665948098618e-02,2.966671456857196063e-02,6.650975900503676430e-02,1.685473223318344205e-01,8.092832220858910131e-02,1.043460284355816892e-01,7.934061958542082404e-02,1.709090505259714191e-02,4.562752993943946372e-02,2.514974290652087149e-02,1.312681960107942199e-02,1.960591850300488076e-02,1.497659161279889760e-02,1.957276059709893434e-02,7.766807293767373846e-03,9.084488881018652068e-03,2.422853665602897957e-02,1.804583343380582530e-02,1.674176942627924464e-02,1.314710822908218141e-02,1.931299947446117257e-02,6.617228044005010745e-03,5.938254026100348026e-03,1.221444128262690401e-02,2.676407486410298589e-02,2.667034551048863555e-02,1.245348802806468640e-02,3.616725766643316686e-02,5.429158737581352145e-02,5.326617230237844225e-02,1.358203366133007607e-02,6.773112079710753852e-02,3.291314346384073553e-02,5.184930954094547212e-02,3.764706813833126886e-02,7.225081479129685791e-02,2.196838745018227582e-02,3.237662492694337590e-02,2.312232229795321142e-02,1.105425696200407031e-02,2.684509278409068223e-02,2.712023991511899879e-02,5.617724183605651150e-02,2.729993419655285872e-02,9.201491232264641384e-02,8.846060721196721821e-02,2.465777684459309615e-02,6.301030409407368249e-02,1.909878368821126826e-01,7.808648490576020063e-02,1.108345975537352590e-01,7.962474680194706056e-02,1.507820851918225541e-02,5.385341979013043290e-02
2.511839083325684285e-02,3.581798413297650197e-02,3.521301785189907829e-02,1.326201753207365518e-02,4.873729157879045509e-02,0.000000000000000000e+00,8.507321552066476888e-02,1.827096805710197100e-02,1.035336666548977297e-01,4.380479047255938368e-02,6.465308680591072554e-02,4.189170115758313051e-02,1.113942264616069044e-01,2.730664892910995151e-02,3.880198497254942064e-02,3.011139794052778915e-02,1.701381784425614122e-02,4.103540709370800954e-02,4.789402939575807677e-02,7.598022343581768701e-02,4.305518400635296311e-02,1.377034980207803294e-01,1.342400024453236085e-01,4.480160501337474011e-02,1.010679735254024908e-01,2.546720041901418541e-01,1.237525757490936795e-01,1.574278910956734834e-01,1.213462192551504337e-01,2.635925244247704080e-02,6.962021106582667873e-02,3.651032780637003539e-02,1.990291798158232150e-02,2.941832110313864074e-02,2.251522927633134788e-02,2.929669365401706832e-02,1.150693254774459544e-02,1.349227577431056507e-02,3.549514691853720982e-02,2.675906188791160947e-02,2.489030384470811152e-02,1.964154425796353631e-02,2.873332225609267002e-02,9.677852870706308078e-03,8.561819039911121310e-03,1.923984794320918526e-02,4.068085921133627464e-02,4.112681504775792668e-02,1.882998699376003601e-02,5.395285845322977947e-02,8.296018692841296283e-02,8.067061050629505126e-02,2.021042230902192136e-02,1.033309211097341584e-01,4.874044937856240878e-02,7.746749788256086788e-02,5.638014889858636303e-02,1.096961146641322188e-01,3.337185540031165076e-02,4.979384750192460823e-02,3.493209640403429489e-02,1.674474061067709324e-02,4.054315531068667516e-02,4.136235014170976110e-02,8.534318804340093600e-02,4.154184498252557617e-02,1.386815244471525099e-01,1.341705523916316700e-01,3.743175065962211362e-02,9.622708500104562579e-02,2.912194077298697059e-01,1.194947015936054929e-01,1.670369854830435208e-01,1.219929717085273396e-01,2.250203235988180311e-02,8.159802066172350266e-02
2.894481834253466446e-02,4.160429489259501873e-02,3.968076432821570493e-02,1.517390629128369250e-02,5.658791494787181187e-02,8.507321552066476888e-02,0.000000000000000000e+00,2.143387308169022315e-02,1.188404764311640771e-01,5.145487175892728832e-02,7.534092553801523262e-02,4.858252613499591116e-02,1.295007677706436766e-01,3.168392176510451130e-02,4.419838565496357619e-02,3.523117382035330369e-02,1.992517050425994876e-02,4.720024331103717108e-02,5.417503165733084103e-02,8.624293842417567191e-02,5.045774533643192922e-02,1.568594649738166424e-01,1.527529148790988389e-01,5.141978223919565355e-02,1.163947342337018215e-01,2.930072167504893521e-01,1.407429507476093966e-01,1.817606380848881265e-01,1.383440381830473020e-01,2.989740631322295589e-02,7.894485043788319889e-02,4.274468204693365053e-02,2.279625566559712393e-02,3.372786404155189710e-02,2.593931004618918457e-02,3.433375739836771329e-02,1.353786637916450791e-02,1.555082552924804719e-02,4.166438328223177195e-02,3.081561424367141450e-02,2.902162391739630115e-02,2.305488948749948377e-02,3.366713822042157606e-02,1.154881632805105154e-02,1.004453250840578460e-02,2.164621489664911302e-02,4.666931140050904064e-02,4.650912381822322472e-02,2.179438320265652401e-02,6.251199248565846023e-02,9.465899851329126480e-02,9.308260983014739198e-02,2.359964809879045236e-02,1.173539061582445503e-01,5.742846836330466054e-02,8.852134674716337359e-02,6.577594876782290323e-02,1.259919207923119733e-01,3.831981189270667471e-02,5.625637335886900237e-02,4.041257118560719758e-02,1.956058347994673804e-02,4.657576385729582380e-02,4.675478920827891988e-02,9.739809265446326692e-02,4.799242804116247985e-02,1.588107576373398444e-01,1.529337247813566392e-01,4.268002931067083061e-02,1.098557735846630995e-01,3.326627253216506985e-01,1.360978443284206751e-01,1.927522861469348203e-01,1.384724444276303201e-01,2.602226712288532168e-02,9.381289361854458497e-02
6.483202581984881703e-03,9.219989937365020288e-03,8.592708441758245552e-03,3.426334465840139096e-03,1.249611634444312835e-02,1.827096805710197100e-02,2.143387308169022315e-02,0.000000000000000000e+00,2.558537159279820200e-02,1.134768519696198810e-02,1.631031207538051475e-02,1.105148136241670617e-02,2.822268206323369152e-02,7.174978781557733720e-03,9.740748450352818000e-03,7.605828443406640639e-03,4.431771606957786262e-03,1.029807733508625138e-02,1.169859682360249210e-02,1.924679794389553764e-02,1.103052038171396451e-02,3.411106208330957207e-02,3.379570839285333389e-02,1.169951422350233930e-02,2.546436130228082670e-02,6.463961707403727275e-02,3.067627465085167801e-02,3.998793362699203102e-02,3.008232903002126465e-02,6.587849373924038222e-03,1.769673322957702327e-02,9.040609686625917379e-03,4.949867331455172492e-03,7.446102962692117445e-03,5.505756521809785156e-03,7.490695272836411789e-03,2.967054604687701606e-03,3.306369189245292588e-03,8.897176850899758335e-03,6.488233187313316268e-03,6.305830094280637232e-03,4.999908978822084106e-03,7.432196716423341946e-03,2.525414342621136454e-03,2.175042467579948145e-03,4.979488148632135042e-03,1.024437148959017434e-02,1.033447340591477602e-02,4.862134410021651774e-03,1.373582602096476771e-02,2.041582891685823214e-02,2.044414258110104077e-02,5.148648431225684961e-03,2.554966567535151348e-02,1.255608255170550559e-02,1.963090054525979192e-02,1.505237611529979327e-02,2.780453486525324980e-02,8.554068207211173308e-03,1.207225927610598888e-02,8.783229971603735003e-03,4.320639164153723850e-03,1.026328198552325585e-02,1.045547691056204070e-02,2.119454576182925112e-02,1.067457482900534271e-02,3.461158331297568835e-02,3.411457589624527359e-02,9.643737391765338368e-03,2.401938479108090344e-02,7.296037520860193526e-02,2.986962969344291244e-02,4.249247346591683572e-02,3.002778177841257043e-02,5.704028258967682244e-03,2.063432146705578354e-02
3.466280147764583264e-02,4.986914799294635270e-02,4.790418754420818631e-02,1.863553008618398787e-02,6.821616193070441370e-02,1.035336666548977297e-01,1.188404764311640771e-01,2.558537159279820200e-02,0.000000000000000000e+00,6.181149678683089954e-02,9.039996609380904213e-02,5.850060960342073207e-02,1.551588711451363511e-01,3.892729418683942705e-02,5.319355933191016045e-02,4.208903496584285447e-02,2.413418137637636518e-02,5.702658913738069962e-02,6.559092730104229552e-02,1.050943755521491912e-01,6.020988097178235632e-02,1.895852178140073341e-01,1.847499802204486119e-01,6.206917048915925467e-02,1.405260565526376126e-01,3.531242504676572191e-01,1.719318209111114770e-01,2.189174836964455084e-01,1.676003646178634288e-01,3.649406862637745441e-02,9.639232799915448124e-02,5.009161280796436272e-02,2.746460150088866209e-02,4.042947081315444863e-02,3.082372232702412784e-02,4.149802118061769740e-02,1.618870766729906679e-02,1.858420023244576960e-02,4.890761232005309822e-02,3.685031386493793637e-02,3.451646969658122427e-02,2.725146725613699500e-02,4.046666194235466057e-02,1.366873740334510236e-02,1.187486605421805841e-02,2.631388464479287453e-02,5.613347486589197188e-02,5.680949137069883637e-02,2.599483326041682196e-02,7.496195614731317181e-02,1.137367089058047842e-01,1.125262513013902954e-01,2.811703875643463413e-02,1.417078405929756146e-01,6.899484703127191365e-02,1.074329414447860176e-01,7.908378587706826890e-02,1.525918951619462949e-01,4.664781720664254450e-02,6.789084370868014862e-02,4.851077782802187127e-02,2.356301189346356184e-02,5.622082640267352105e-02,5.708681911047244067e-02,1.181564992802899977e-01,5.768572663837585879e-02,1.914490924850127673e-01,1.852311637486659945e-01,5.141698784217881707e-02,1.328099282824384553e-01,4.011025805271143385e-01,1.657385063323716656e-01,2.328591767375154942e-01,1.678785608331533064e-01,3.160562590879222034e-02,1.126046649338715289e-01
1.537410147570967937e-02,2.148421394163025147e-02,2.084430948469897377e-02,7.836824956607701953e-03,2.938695049033373391e-02,4.380479047255938368e-02,5.145487175892728832e-02,1.134768519696198810e-02,6.181149678683089954e-02,0.000000000000000000e+00,3.961714965790062715e-02,2.528452140970955178e-02,6.675161469615371879e-02,1.634124131116068690e-02,2.377329509743482047e-02,1.848311927908470945e-02,1.020981649711550331e-02,2.450031413136445277e-02,2.883827214673387665e-02,4.558174116144771831e-02,2.655120699957432343e-02,8.308697990578603476e-02,8.120355407659030078e-02,2.716692807015142277e-02,6.073291519490629786e-02,1.545865636797372489e-01,7.369143964691975135e-02,9.482680844632736250e-02,7.185765105627468785e-02,1.559954149716213240e-02,4.116697343847617457e-02,2.218782898803000128e-02,1.174571966971843691e-02,1.734997298347040057e-02,1.333036301359829569e-02,1.757609811613316739e-02,6.906541333264988071e-03,8.212042323987731735e-03,2.157245407589390360e-02,1.617881134355898462e-02,1.486246345682980079e-02,1.169868259971314391e-02,1.759509398046398346e-02,5.867061464182948827e-03,5.313663209164616770e-03,1.089393104599312156e-02,2.444084048173539650e-02,2.430653938198615999e-02,1.121001388156484153e-02,3.276876833502550407e-02,4.850484541544164419e-02,4.840289172447990312e-02,1.236769904831564251e-02,6.092704392386608103e-02,2.967895943952992416e-02,4.693742955712293385e-02,3.415766179174718753e-02,6.595189621541799885e-02,2.002653169045736162e-02,2.948494903267582026e-02,2.091150394879992200e-02,9.886172076702254286e-03,2.441699937817234933e-02,2.454277242332527503e-02,5.128965484829077492e-02,2.478145840838445399e-02,8.385605975764477693e-02,8.019481965687032254e-02,2.229134014497272456e-02,5.710633179084372013e-02,1.740832270593541953e-01,7.107145270943486526e-02,1.012700858031372469e-01,7.221542342842625362e-02,1.373319846564176154e-02,4.855476159715019224e-02
2.216545050853190035e-02,3.170158938575245305e-02,3.030690716262314163e-02,1.182305015960483791e-02,4.380093101835835084e-02,6.465308680591072554e-02,7.534092553801523262e-02,1.631031207538051475e-02,9.039996609380904213e-02,3.961714965790062715e-02,0.000000000000000000e+00,3.753626553745184613e-02,9.837959701453638517e-02,2.446234446734766796e-02,3.412455055237598872e-02,2.679721899335126348e-02,1.543713149096125406e-02,3.597322563160010311e-02,4.173052073727881450e-02,6.639255457888572354e-02,3.846940990420014139e-02,1.200886141997733747e-01,1.170204133975440708e-01,3.933799216452919106e-02,8.813734300900333274e-02,2.232881737870962280e-01,1.082588329985868514e-01,1.392781091434358021e-01,1.058709616822320343e-01,2.303133634555120171e-02,6.136567620267380924e-02,3.217588172402687657e-02,1.725076461140011980e-02,2.583383892995804593e-02,1.952639346775329396e-02,2.625904421340102129e-02,1.032401151259962346e-02,1.183918397181469087e-02,3.109893681782273378e-02,2.338088784431520059e-02,2.221001962045550393e-02,1.737979407923453609e-02,2.585149308335321985e-02,8.706644066341974811e-03,7.624055195779476206e-03,1.642596220324692158e-02,3.563104127599644316e-02,3.618902941855584032e-02,1.644924976562986765e-02,4.806198407881824564e-02,7.192483550714885709e-02,7.146998518964597924e-02,1.796843135204719694e-02,8.978748192102924131e-02,4.407367967138511172e-02,6.885113171927356723e-02,5.061807939896659919e-02,9.711115896432251371e-02,2.974814085439841244e-02,4.267968217771190426e-02,3.061034948734436822e-02,1.505533904804543660e-02,3.589366672107154738e-02,3.635622976085007424e-02,7.451385785921162130e-02,3.666970948861768970e-02,1.217905872432847869e-01,1.173337784765524638e-01,3.249187036106297027e-02,8.386354811053466085e-02,2.530445492458116563e-01,1.046514820248602429e-01,1.479845258625930582e-01,1.052190361834118293e-01,2.026595843719407319e-02,7.177760443649794375e-02
1.522164248871787050e-02,2.032809491306057995e-02,2.042905187811888332e-02,7.627952069686111392e-03,2.785103082800521185e-02,4.189170115758313051e-02,4.858252613499591116e-02,1.105148136241670617e-02,5.850060960342073207e-02,2.528452140970955178e-02,3.753626553745184613e-02,0.000000000000000000e+00,6.414357087652215739e-02,1.607618142974094957e-02,2.251648972570148566e-02,1.742518899257780585e-02,1.011936981982435209e-02,2.340782405541438904e-02,2.726010858068336415e-02,4.344553638612162760e-02,2.575768747003153933e-02,7.768931111345390994e-02,7.881003521726516470e-02,2.665052225715690282e-02,5.756516584492914201e-02,1.483356128739294899e-01,7.021856095741246806e-02,9.054469349300481307e-02,6.858549910552146078e-02,1.478581106786243729e-02,4.001864069075949243e-02,2.103082030056594234e-02,1.134519189492383569e-02,1.707001551989185614e-02,1.286804526930883895e-02,1.682619681561944511e-02,6.616495551523428505e-03,7.740342529007499146e-03,2.063429929777112551e-02,1.538938472898474484e-02,1.478708331523514129e-02,1.164887105368439535e-02,1.664550937463123159e-02,5.659592500124875289e-03,4.981611636530522240e-03,1.125532647586949264e-02,2.302708558564182939e-02,2.385919285267617401e-02,1.084729381938738697e-02,3.130992941793146050e-02,4.613739446680269196e-02,4.654898982131042140e-02,1.187428631479854092e-02,5.867643667714242395e-02,2.832516002592722418e-02,4.455291759194096590e-02,3.464050211640078147e-02,6.319132537043929687e-02,1.934102481561608688e-02,2.826476094805869393e-02,1.980602543810121297e-02,9.583938663917598161e-03,2.296113511858849376e-02,2.357653329024875580e-02,4.801746729905848748e-02,2.445896115054365869e-02,7.810014325145267500e-02,7.750393406720229583e-02,2.196105834276027013e-02,5.409706066552176507e-02,1.670938831648020040e-01,6.727582428208979393e-02,9.669811810406384045e-02,6.807882222441247189e-02,1.283467410481652603e-02,4.725360712370901134e-02
3.841110043473978247e-02,5.441221838522310866e-02,5.225320020422543482e-02,2.005411912724084852e-02,7.377162090722980126e-02,1.113942264616069044e-01,1.295007677706436766e-01,2.822268206323369152e-02,1.551588711451363511e-01,6.675161469615371879e-02,9.837959701453638517e-02,6.414357087652215739e-02,0.000000000000000000e+00,4.168098027342631573e-02,5.871905482892624678e-02,4.650060252417920204e-02,2.594953982579148791e-02,6.199485961694203850e-02,7.157126225768876970e-02,1.133347570169778440e-01,6.641854934908109076e-02,2.072784503791294808e-01,2.027401475160901800e-01,6.842289273819240902e-02,1.538366249509861838e-01,3.866862267193456049e-01,1.853806843802497384e-01,2.389817026030565117e-01,1.818994746747189806e-01,3.923654018156615131e-02,1.038729699375888632e-01,5.619089860151751936e-02,2.996892069479272988e-02,4.385089044069416520e-02,3.395709860463362595e-02,4.490306542605520396e-02,1.779790108501122167e-02,2.065854676607121326e-02,5.504786013823038948e-02,4.064019650087408869e-02,3.791187888762682229e-02,3.028626986666804743e-02,4.404868872335175600e-02,1.515018130624777928e-02,1.327090432195346219e-02,2.839942303777203553e-02,6.128514314382206563e-02,6.151919854235457508e-02,2.885787885971826186e-02,8.212339533836812699e-02,1.237727634158898304e-01,1.221051435019284148e-01,3.092343667927886092e-02,1.541999801976060291e-01,7.482241301918625409e-02,1.172315231747976111e-01,8.640571676652770983e-02,1.658350707282214287e-01,5.038962190493258969e-02,7.495648797704794475e-02,5.303155952212543212e-02,2.545700959352080461e-02,6.145301168703552752e-02,6.151819311916729982e-02,1.277544641228283429e-01,6.318321957268802080e-02,2.089406725542805321e-01,2.021928114638202045e-01,5.652279011613180887e-02,1.448415520892576414e-01,4.397892470096286810e-01,1.783801867958023368e-01,2.546185181471659065e-01,1.820173832482614440e-01,3.398256667546181720e-02,1.233130065483004634e-01
9.785804825358072195e-03,1.332327108668139408e-02,1.333595085185479423e-02,4.872166434286121645e-03,1.812073938350834343e-02,2.730664892910995151e-02,3.168392176510451130e-02,7.174978781557733720e-03,3.892729418683942705e-02,1.634124131116068690e-02,2.446234446734766796e-02,1.607618142974094957e-02,4.168098027342631573e-02,0.000000000000000000e+00,1.482506300936918368e-02,1.151414705747032599e-02,6.395683057120420470e-03,1.504316362597899609e-02,1.809828629289794710e-02,2.838730399392142001e-02,1.668075996119919649e-02,5.174778438746634179e-02,5.156120814951977577e-02,1.722257766803102913e-02,3.763722099859100056e-02,9.654484454089279355e-02,4.611751041449775601e-02,5.897873191935076864e-02,4.495546039360912710e-02,9.889063403925845916e-03,2.530759957279119995e-02,1.380703765323247276e-02,7.247210559135838781e-03,1.060242940921098109e-02,8.294002202354140360e-03,1.061936818060035467e-02,4.198549518491937957e-03,5.176274922626876614e-03,1.340766267752490325e-02,9.838009582833501937e-03,9.036992308095787366e-03,7.409595603432078334e-03,1.110670064387299025e-02,3.753581756662726157e-03,3.220601375254207067e-03,6.937893192429798322e-03,1.526356257516942733e-02,1.518493206199442863e-02,7.028613399745354401e-03,2.038872173931131210e-02,3.082280409297216001e-02,2.994985627919034138e-02,7.765564393073590144e-03,3.830777462504309644e-02,1.822244929523906057e-02,2.890950856777778008e-02,2.163531378911262570e-02,4.120765552328780473e-02,1.259779799464308923e-02,1.859425386190513216e-02,1.302671005266695103e-02,6.295981372851391228e-03,1.546081246639807380e-02,1.535979084692396315e-02,3.228116068199623351e-02,1.555156206506721345e-02,5.236456953517734658e-02,5.005044614455661511e-02,1.409502854980646848e-02,3.615138646100819753e-02,1.098278235875616432e-01,4.407136441400459625e-02,6.342800426972945715e-02,4.494390624133594997e-02,8.448202187488601175e-03,3.029410383807101120e-02
1.331143615460552571e-02,1.899296103635554275e-02,1.812189156640389362e-02,7.072369433559036987e-03,2.606376108718903503e-02,3.880198497254942064e-02,4.419838565496357619e-02,9.740748450352818000e-03,5.319355933191016045e-02,2.377329509743482047e-02,3.412455055237598872e-02,2.251648972570148566e-02,5.871905482892624678e-02,1.482506300936918368e-02,0.000000000000000000e+00,1.584260932917460826e-02,9.228338772676480950e-03,2.150318650838927911e-02,2.431759633955407271e-02,3.941123809393896893e-02,2.260327697765112526e-02,7.069910806696576289e-02,6.926433349506207204e-02,2.382358208328569718e-02,5.265952914881184832e-02,1.331216195940671532e-01,6.427407174050375760e-02,8.318941711538585526e-02,6.343114207398038717e-02,1.372015322873330889e-02,3.733680432075620059e-02,1.893325032536579203e-02,1.052646349484026057e-02,1.588275090744339924e-02,1.171661352394601924e-02,1.581974562750740332e-02,6.281303928496722450e-03,6.963843039305257776e-03,1.836372013213305801e-02,1.383089651453662909e-02,1.343062336031121580e-02,1.055638897691894493e-02,1.527962716645335332e-02,5.113561265008150815e-03,4.554640991434381198e-03,1.039041690765765344e-02,2.123930574022640447e-02,2.158403295231270738e-02,9.838621346513183250e-03,2.861342803917945460e-02,4.274216594820450660e-02,4.232662887846409816e-02,1.069242202165101088e-02,5.331991793217948777e-02,2.609749350155503647e-02,4.067434294136481471e-02,3.067190967993629197e-02,5.744859015094488236e-02,1.772241035057793568e-02,2.565275084347625259e-02,1.832037250196152586e-02,9.046254354652507115e-03,2.119822950399451178e-02,2.167547941754986024e-02,4.386862531325066983e-02,2.218883252305076104e-02,7.172980455475792827e-02,6.999843242163171497e-02,1.982695429374703444e-02,5.007932004326519360e-02,1.511559120866797223e-01,6.200490601387018130e-02,8.709348011737091944e-02,6.272034694381900533e-02,1.192779398594758997e-02,4.300491472408280585e-02
1.039557170480489255e-02,1.496122142333605048e-02,1.414514299096339758e-02,5.455647088237408800e-03,2.025737572750208049e-02,3.011139794052778915e-02,3.523117382035330369e-02,7.605828443406640639e-03,4.208903496584285447e-02,1.848311927908470945e-02,2.679721899335126348e-02,1.742518899257780585e-02,4.650060252417920204e-02,1.151414705747032599e-02,1.584260932917460826e-02,0.000000000000000000e+00,7.214220313091485384e-03,1.681591203561081868e-02,1.929779289762138805e-02,3.092860491636676909e-02,1.820717815234895037e-02,5.601263116082541571e-02,5.477323713876525862e-02,1.859006724079947243e-02,4.168585249576470947e-02,1.049843968415330314e-01,5.037686477251313022e-02,6.521374141584214412e-02,4.973450578112148524e-02,1.088180260171591265e-02,2.857432328840510405e-02,1.496668256864000686e-02,8.048372925847112336e-03,1.178214754704581813e-02,9.124909843982615190e-03,1.234998021201351784e-02,4.865544984990543415e-03,5.580430677039093998e-03,1.457686283954795492e-02,1.077542841488781343e-02,1.016617119702093765e-02,8.194374530489937497e-03,1.207020279990720160e-02,4.108541864381960382e-03,3.524978253289812961e-03,7.809970639039910678e-03,1.682546908937752189e-02,1.667327521874979041e-02,7.672415682448807672e-03,2.231984583748522835e-02,3.374768741327405230e-02,3.345365340225427142e-02,8.338191676712706710e-03,4.172181526674481611e-02,2.049311685840587635e-02,3.167138669442317450e-02,2.366618871970666352e-02,4.543815998219300628e-02,1.370201753943919333e-02,2.014598878141853414e-02,1.441789936333877017e-02,7.045161410102525161e-03,1.682263256381417993e-02,1.670023120933882346e-02,3.474796185825403116e-02,1.725514599632361340e-02,5.691629315085259405e-02,5.456685955073972694e-02,1.538763446619302762e-02,3.928901423347948979e-02,1.187934745343116466e-01,4.845838393514639852e-02,6.914777535786524598e-02,4.941226886580486755e-02,9.442626680338390630e-03,3.361977567041343762e-02
6.056670388673657604e-03,8.365767106617899920e-03,8.230433416706603791e-03,3.081556335642697715e-03,1.135520744017968348e-02,1.701381784425614122e-02,1.992517050425994876e-02,4.431771606957786262e-03,2.413418137637636518e-02,1.020981649711550331e-02,1.543713149096125406e-02,1.011936981982435209e-02,2.594953982579148791e-02,6.395683057120420470e-03,9.228338772676480950e-03,7.214220313091485384e-03,0.000000000000000000e+00,9.341711409878251937e-03,1.139076290302122249e-02,1.769447663764196765e-02,1.037189154134245811e-02,3.222198961267102452e-02,3.201233417269291198e-02,1.079873045399238826e-02,2.347951090869393118e-02,6.033272825586105670e-02,2.905103918450484962e-02,3.709074149133687742e-02,2.801968065944274860e-02,6.142155852920906482e-03,1.595413352279335256e-02,8.498924931878181974e-03,4.463408845993152574e-03,6.591503623927786465e-03,5.021867923434070700e-03,6.710872420543679412e-03,2.656435561831792854e-03,3.178895580998319925e-03,8.257486733228389109e-03,6.130148857249779169e-03,5.695082431185848060e-03,4.545606167776477385e-03,6.883676327067989043e-03,2.307756261498213491e-03,2.051942112750763762e-03,4.337299632540715308e-03,9.506083940015041742e-03,9.607198020585643386e-03,4.390560627398401410e-03,1.269607443398483235e-02,1.887761485411837761e-02,1.889724398281561121e-02,4.801251564664140402e-03,2.356054339440941808e-02,1.149428629448372152e-02,1.830215161700509893e-02,1.379101031831950035e-02,2.590310517269951707e-02,7.788961200101128871e-03,1.153046813042854155e-02,8.014492441888421484e-03,3.862237581667665558e-03,9.441179801496751844e-03,9.567857348281822577e-03,2.006926357619554305e-02,9.754337061523121744e-03,3.238292948668865939e-02,3.123497447993796999e-02,8.870132926593939787e-03,2.225940549344140526e-02,6.778152359445627217e-02,2.762845748921252328e-02,3.972409055201642919e-02,2.795362261565811912e-02,5.229260823689772103e-03,1.884671714228030454e-02
1.389862893510983820e-02,1.997365639058224993e-02,1.936385277109151440e-02,7.274033139515492102e-03,2.696391409382147691e-02,4.103540709370800954e-02,4.720024331103717108e-02,1.029807733508625138e-02,5.702658913738069962e-02,2.450031413136445277e-02,3.597322563160010311e-02,2.340782405541438904e-02,6.199485961694203850e-02,1.504316362597899609e-02,2.150318650838927911e-02,1.681591203561081868e-02,9.341711409878251937e-03,0.000000000000000000e+00,2.641353655180126575e-02,4.136977192614831045e-02,2.456587692322440702e-02,7.610687439366455032e-02,7.401955912232090207e-02,2.484669838602956982e-02,5.610241286732718657e-02,1.421270382847184266e-01,6.800111611753571761e-02,8.737469375218863410e-02,6.677796509415293014e-02,1.440112376845754938e-02,3.793920843151214056e-02,2.026058581774091427e-02,1.084251000935789085e-02,1.571800537235004333e-02,1.230954362454827859e-02,1.603530051635670278e-02,6.396259749170962738e-03,7.508643823006825625e-03,1.976965255160256438e-02,1.462535385877320945e-02,1.344922208996034325e-02,1.090214693411697099e-02,1.582027750390765930e-02,5.449234553833520560e-03,4.756028532808691082e-03,1.019024489112646016e-02,2.247830417479744144e-02,2.255555186273849877e-02,1.046171344545006147e-02,2.991539917277763472e-02,4.530732243203822174e-02,4.476128231448094075e-02,1.127943214842179465e-02,5.607290828029613816e-02,2.714169700269559310e-02,4.279536938518068573e-02,3.164130172649787243e-02,6.041042763597111176e-02,1.812196339271621159e-02,2.788990564091370014e-02,1.939203570828767348e-02,9.247120484259239645e-03,2.240902352295738240e-02,2.234049723215400865e-02,4.719209421288830114e-02,2.321048146128728423e-02,7.678300955685174456e-02,7.357189329483132534e-02,2.066629796417280077e-02,5.311175210027378746e-02,1.613917707519881561e-01,6.538819098273715436e-02,9.256718574274606925e-02,6.704709030069150311e-02,1.247486088184678564e-02,4.489157072544725652e-02
1.578610750807538446e-02,2.303492706991667333e-02,2.240815619124544855e-02,8.538547641047233155e-03,3.171863740633544537e-02,4.789402939575807677e-02,5.417503165733084103e-02,1.169859682360249210e-02,6.559092730104229552e-02,2.883827214673387665e-02,4.173052073727881450e-02,2.726010858068336415e-02,7.157126225768876970e-02,1.809828629289794710e-02,2.431759633955407271e-02,1.929779289762138805e-02,1.139076290302122249e-02,2.641353655180126575e-02,0.000000000000000000e+00,4.846153069381664569e-02,2.725998174279226083e-02,8.740000577039286345e-02,8.439558146502304514e-02,2.844489728784838425e-02,6.435077859041535286e-02,1.608350861542660049e-01,7.927871448632027584e-02,1.007788573664669812e-01,7.743362750297543007e-02,1.708922579319459636e-02,4.530705036227840321e-02,2.277040368446041699e-02,1.264281905451480718e-02,1.874412648061950584e-02,1.418639621085138712e-02,1.928614831002942176e-02,7.513946025521195914e-03,8.476777428494633448e-03,2.204875311654820938e-02,1.667147807795571479e-02,1.595424624527259916e-02,1.264066521335638002e-02,1.850161830073818181e-02,6.230334059350303016e-03,5.401640315514965804e-03,1.207931513591358093e-02,2.576181449679599070e-02,2.674140019779948710e-02,1.205452010141483746e-02,3.465835781469375071e-02,5.268137130520789135e-02,5.213360312291780846e-02,1.288681054576520935e-02,6.584668409871012595e-02,3.170396086130379543e-02,4.987786801685489824e-02,3.664120906544037631e-02,7.094544108541363248e-02,2.183103091716119895e-02,3.094312832911694580e-02,2.232077682882856184e-02,1.092254982048156478e-02,2.593627860408704786e-02,2.669514451556276660e-02,5.442018056223962147e-02,2.655425157813260870e-02,8.799879670387603103e-02,8.470552535898953628e-02,2.360310209575074841e-02,6.102256340469811025e-02,1.832704772511721814e-01,7.673282894200818272e-02,1.070571362113443420e-01,7.717938453122767661e-02,1.470290921739611338e-02,5.217147378738582614e-02
2.601536551055515581e-02,3.667974143600256226e-02,3.572665382403571871e-02,1.351767674451252038e-02,4.947019353931336044e-02,7.598022343581768701e-02,8.624293842417567191e-02,1.924679794389553764e-02,1.050943755521491912e-01,4.558174116144771831e-02,6.639255457888572354e-02,4.344553638612162760e-02,1.133347570169778440e-01,2.838730399392142001e-02,3.941123809393896893e-02,3.092860491636676909e-02,1.769447663764196765e-02,4.136977192614831045e-02,4.846153069381664569e-02,0.000000000000000000e+00,4.452879942121575757e-02,1.390286430859807298e-01,1.377928578565155160e-01,4.636931329122939011e-02,1.021355598334745679e-01,2.603127536839389689e-01,1.259385829246196242e-01,1.605049749143054871e-01,1.232422221166955961e-01,2.703559935875893966e-02,7.120173094620550758e-02,3.691167483091564033e-02,1.969350045216330253e-02,2.966231456049265441e-02,2.248508984934145458e-02,3.028473197045845194e-02,1.177680271389691322e-02,1.359234307096476857e-02,3.548845630947352475e-02,2.667387277578046889e-02,2.521942617209451190e-02,1.998030828851844048e-02,2.982767222951534375e-02,9.891631589786816295e-03,8.680618866034014655e-03,1.943335038843950133e-02,4.140318247415853553e-02,4.161534498442150815e-02,1.893253863019458971e-02,5.498334165662016604e-02,8.333219149210824295e-02,8.223986978160018058e-02,2.079171158325902186e-02,1.048062720759971866e-01,5.028965245039397625e-02,7.871063708773340384e-02,5.850457721379271475e-02,1.119363365390180221e-01,3.429855669826960968e-02,4.933865588308470468e-02,3.538244342722467184e-02,1.724940271789826909e-02,4.137184758215246144e-02,4.229577391569410566e-02,8.710149077704558429e-02,4.218924181965110626e-02,1.405557083753005976e-01,1.368695394472850546e-01,3.816630960158471503e-02,9.741282072853553464e-02,2.941177855590295098e-01,1.217149347353261302e-01,1.705904856581395013e-01,1.233830087410158344e-01,2.328712259413415545e-02,8.279505222610988868e-02
1.531710095480129027e-02,2.139848776182905546e-02,2.032798486407869781e-02,7.927130531754313439e-03,2.901974797702900830e-02,4.305518400635296311e-02,5.045774533643192922e-02,1.103052038171396451e-02,6.020988097178235632e-02,2.655120699957432343e-02,3.846940990420014139e-02,2.575768747003153933e-02,6.641854934908109076e-02,1.668075996119919649e-02,2.260327697765112526e-02,1.820717815234895037e-02,1.037189154134245811e-02,2.456587692322440702e-02,2.725998174279226083e-02,4.452879942121575757e-02,0.000000000000000000e+00,8.021116360820443325e-02,7.873989630793046257e-02,2.749598846733120397e-02,6.048651312411973402e-02,1.527682067712759773e-01,7.252324194650074107e-02,9.315034005727372557e-02,7.119802226950310009e-02,1.524881855464237101e-02,4.105719904477857923e-02,2.161902339453009372e-02,1.168804304463714160e-02,1.710788997602595909e-02,1.322884831257960074e-02,1.755015225714763941e-02,6.962283339128894771e-03,7.947416838324566565e-03,2.109547061260816717e-02,1.554360677780877026e-02,1.468235654963069396e-02,1.196708607447577455e-02,1.726857108003117952e-02,5.908882776950271330e-03,5.195311329466632995e-03,1.165334953810623526e-02,2.396859140569709140e-02,2.393672973847174937e-02,1.114541821291559209e-02,3.235632439766413654e-02,4.818594363554518784e-02,4.772898722323523635e-02,1.205826774418513117e-02,5.999261410259738164e-02,2.937257357737055666e-02,4.533169472696086527e-02,3.519694856244927339e-02,6.440366209820111432e-02,1.966980506605845933e-02,2.911585357486699832e-02,2.098053243026916370e-02,1.016823317419960834e-02,2.398948191085218881e-02,2.366330556915226951e-02,4.994169875240226514e-02,2.507587029393707617e-02,8.141290702496840892e-02,7.900595838243083813e-02,2.281080536790167090e-02,5.641186869735212439e-02,1.722048296654168920e-01,6.971820143895793298e-02,9.927427451541824543e-02,7.090806928110546248e-02,1.330506039032672110e-02,4.835731685463517948e-02
