0.000000000000000000e+00,1.658671734823521926e-02,1.001681768006054858e-02,5.861866398425816076e-03,1.746113107860933558e-02,3.156113170790619815e-02,2.996900027495327107e-02,6.337878176511995039e-03,4.010384815902916927e-02,2.059323250437134281e-02,2.684659639539862044e-02,1.826539509103621353e-02,4.770894995750022544e-02,1.250960357442320280e-02,1.977985687177855403e-02,1.366810910659302554e-02,7.014437239092391821e-03,1.662191614896936856e-02,1.545515459865012473e-02,3.026886472159943595e-02,1.684297123535302351e-02,5.301522802764531417e-02,5.189698619479958530e-02,1.833251411355487845e-02,4.010705306843246470e-02,9.685270328586356725e-02,4.969960376905740301e-02,6.468109702374835734e-02,5.141428297731234776e-02,1.126162123247902505e-02,3.520769576399177675e-02,1.368546681737558592e-02,7.956682957456724659e-03,1.534494509678161270e-02,1.001675440471414685e-02,1.186926701276464109e-02,5.203702526426535330e-03,5.388006501811765624e-03,1.413278274976559855e-02,1.055840741916504698e-02,1.314186812448803199e-02,9.226449863921492786e-03,1.260942871841077943e-02,4.107425170908885620e-03,3.320623365675638618e-03,1.254105801362309473e-02,1.376951225776939722e-02,2.132828922425887216e-02,7.451097671483404745e-03,2.260954487014246034e-02,3.421363085121395531e-02,3.359753494686815861e-02,7.557811118694704455e-03,4.516756401377109570e-02,2.683028005409262076e-02,3.969820684979179226e-02,2.455674169527608669e-02,5.140449914289541705e-02,1.398711027823688717e-02,1.870695340745686178e-02,8.647247270918997572e-03,7.821773239440332759e-03,1.480545834109296688e-02,2.279105753576074478e-02,2.580440500668620268e-02,1.776857391054003504e-02,4.680530942724418775e-02,5.685220048380022068e-02,1.709346487882302396e-02,3.546606605138884899e-02,1.194357316810182035e-01,3.958652875485076106e-02,6.189040568139636544e-02,4.513336995541781388e-02,1.528672187397113642e-02,3.530771148437445578e-02
1.658671734823521926e-02,0.000000000000000000e+00,1.410420096402419110e-02,8.820582237411903059e-03,2.564923479991030458e-02,4.632622559369556359e-02,4.428804068672346356e-02,9.270930533042126206e-03,6.035940701191207236e-02,3.037488878080871202e-02,3.960453290702536933e-02,2.585049230952129670e-02,7.086421490610750329e-02,1.823189655923200883e-02,2.849066629867941583e-02,2.114118181311521946e-02,1.046674193654783397e-02,2.519646306646118258e-02,2.221492048645167319e-02,4.561101637261995995e-02,2.337324317121375686e-02,8.006577730080874367e-02,7.574568083584191924e-02,2.541383278501674337e-02,5.961064112987826680e-02,1.395224392426264726e-01,7.363239348035474641e-02,9.641371472767303052e-02,7.914477819172563433e-02,1.682474056000687890e-02,5.323629359748269924e-02,2.126217599696744037e-02,1.184252348533041885e-02,2.209309409832197271e-02,1.467879218753126783e-02,1.702951102731770083e-02,8.028376950444516755e-03,8.336881909257931947e-03,2.213624698364310625e-02,1.600316726807858927e-02,1.889232334165276764e-02,1.325819390486932155e-02,1.895782528789271767e-02,5.933986017134160879e-03,4.856709405653810742e-03,1.692949041482636613e-02,2.000537839826269787e-02,3.057781582882345556e-02,1.059948093163493900e-02,3.356509687686323740e-02,5.051051972104381865e-02,4.975586583918641115e-02,1.053237863769044581e-02,6.818336690712434311e-02,3.961725867835051706e-02,5.993344818568273336e-02,3.453495991876751742e-02,7.700873442124613055e-02,2.068991507015239401e-02,2.671205670769180238e-02,1.249839072287170158e-02,1.157561986190882609e-02,2.231046528152043004e-02,3.439343976260424846e-02,3.742340410916939614e-02,2.447204778901352490e-02,7.093503725363017876e-02,8.363306961482191992e-02,2.419543084519211115e-02,5.254332534694537704e-02,1.737572141940111892e-01,5.774000786367221305e-02,9.127531144693078191e-02,6.846636201753157625e-02,2.315045407818519876e-02,5.190008596788572154e-02
1.001681768006054858e-02,1.410420096402419110e-02,0.000000000000000000e+00,5.072295913538171427e-03,1.524676345055205398e-02,2.801887119617421651e-02,2.652013099831575238e-02,5.725691898989658524e-03,3.699827960607299931e-02,1.800907146762585273e-02,2.394858946707439581e-02,1.572428388721013731e-02,4.209883978623848999e-02,1.073694106456704253e-02,1.774835223660394673e-02,1.271276569190502720e-02,6.267419100824622724e-03,1.519484358671808338e-02,1.351465743448581128e-02,2.684411830219599754e-02,1.408939112106723235e-02,4.922255772818199399e-02,4.679281628697878198e-02,1.548377236588695596e-02,3.583815231112363886e-02,8.518079207777419504e-02,4.392707289991947678e-02,5.822682335706542978e-02,4.858215352956222338e-02,1.021832535207399008e-02,3.209366768010663701e-02,1.323289173199046313e-02,7.454639674189579915e-03,1.335533415570662463e-02,8.939183112407622991e-03,9.866813141376032728e-03,4.918179509426664001e-03,5.208211352748477047e-03,1.381929495233036147e-02,9.953665887575917706e-03,1.152955922538988383e-02,8.143243722912654747e-03,1.123541400885402081e-02,3.475324019914138168e-03,3.176430358540539758e-03,1.041489981766493579e-02,1.176603277764391026e-02,1.808637245243367025e-02,6.362088687617619212e-03,2.010127630636807800e-02,3.104124784871462039e-02,2.985172109923401457e-02,6.219149143444522090e-03,4.225114880268425466e-02,2.363531005108624947e-02,3.610080341441720270e-02,2.120554374846696927e-02,4.700859885980459424e-02,1.207450401692574879e-02,1.643424918040330834e-02,7.331503387052504261e-03,6.724962325573905636e-03,1.381787846184191239e-02,2.046206066705980042e-02,2.239376696390485075e-02,1.482596760241391282e-02,4.296460780601019103e-02,5.105115007720322645e-02,1.476053332277020569e-02,3.175420087793998786e-02,1.055609808933100913e-01,3.461065310690032704e-02,5.541515923038167757e-02,4.158463981918359559e-02,1.425086999781438601e-02,3.155547734556553297e-02
5.861866398425816076e-03,8.820582237411903059e-03,5.072295913538171427e-03,0.000000000000000000e+00,9.165248473278706995e-03,1.692895450575471195e-02,1.607135471676065380e-02,3.432530464025846870e-03,2.243995560253646271e-02,1.112558383166973273e-02,1.441671462536611714e-02,9.375886027661583036e-03,2.583458100211832864e-02,6.600088909968342479e-03,1.031579935806099281e-02,7.578679332059501915e-03,3.833266010652425226e-03,9.269953427967599774e-03,7.936412514179662717e-03,1.605343088164999307e-02,8.238569236623456346e-03,2.879759227446694603e-02,2.734266554744807856e-02,8.950817893420998442e-03,2.173946153336968334e-02,4.961714528758554704e-02,2.619529599188370750e-02,3.476308929417182975e-02,2.877387599797492923e-02,5.937620561258697728e-03,1.900572734215412798e-02,8.094465249758953443e-03,4.476105507301921145e-03,8.095797818937789173e-03,5.517480022577199612e-03,5.980988971641345089e-03,2.835853822591961285e-03,3.070049841742176870e-03,8.537667186448832587e-03,6.147916150496977525e-03,7.250862147422199727e-03,5.158280878446944856e-03,6.986177330451531255e-03,2.183351796270044300e-03,1.855583425764998403e-03,6.221866507195215890e-03,6.991774556138660376e-03,1.117439073007335179e-02,3.846664959429159890e-03,1.217789603387291371e-02,1.871565684037925989e-02,1.841115598814170237e-02,3.674615691114454727e-03,2.536347749333511467e-02,1.490455477201376930e-02,2.209043807660860184e-02,1.280440073268104655e-02,2.844271343900717924e-02,7.340188241159333049e-03,9.566580860816355572e-03,4.426896190155299102e-03,4.190475110026652648e-03,8.248547898344138832e-03,1.265983421464974244e-02,1.340842585427269237e-02,8.586636138477770838e-03,2.494987841878528595e-02,2.976193676006298056e-02,8.983936426689482016e-03,1.881280970828655766e-02,6.264451005424963304e-02,2.015101547047543767e-02,3.298052049656518409e-02,2.482127148163237873e-02,8.495413109360021309e-03,1.919033984413721222e-02
1.746113107860933558e-02,2.564923479991030458e-02,1.524676345055205398e-02,9.165248473278706995e-03,0.000000000000000000e+00,5.061382719779636274e-02,4.708090288578212212e-02,1.044720580394270515e-02,6.566731836981326564e-02,3.302985139122083247e-02,4.298694325051841819e-02,2.838537834115239383e-02,7.665256217000995798e-02,1.974849823598671256e-02,3.229567812782412756e-02,2.299853629874185762e-02,1.160255000197064554e-02,2.796771251992630908e-02,2.434017219966026768e-02,4.807531884442212133e-02,2.536116633066655413e-02,8.790012147127432285e-02,8.446628353852045357e-02,2.762633501808315489e-02,6.533472517125779588e-02,1.530864768607672066e-01,7.915217339149108189e-02,1.062084245067080601e-01,8.832687305808079037e-02,1.774264647341722984e-02,5.799397191134469942e-02,2.509757056382964924e-02,1.397590525175110635e-02,2.382658922112627226e-02,1.630283078958890894e-02,1.757171616466019284e-02,8.796184792669341918e-03,9.789457616203915691e-03,2.636182427540010795e-02,1.860380012918667544e-02,2.111277717548441443e-02,1.443195622037087705e-02,2.023914560012179259e-02,6.251548829799799187e-03,5.894757352382297422e-03,1.866251537616760853e-02,2.111325157893548243e-02,3.227316903549212052e-02,1.117955025658208187e-02,3.652785072593291160e-02,5.609920763354571405e-02,5.342054561698721116e-02,1.085776939441531266e-02,7.695536472891378876e-02,4.426451333463371496e-02,6.638192562274125574e-02,3.860008684971304171e-02,8.463522668006337457e-02,2.131344131507884043e-02,2.907224605109529764e-02,1.396472352199715564e-02,1.219951756742701857e-02,2.588555906692827438e-02,3.726857134220846329e-02,4.001256604213992291e-02,2.638662206047553277e-02,7.799292728115654605e-02,9.045173512745009747e-02,2.686239726017265739e-02,5.809744668823148273e-02,1.928432060971051742e-01,6.169334183142513583e-02,1.010975566634925993e-01,7.614448246804515763e-02,2.610092808246551946e-02,5.743609739924182556e-02
3.156113170790619815e-02,4.632622559369556359e-02,2.801887119617421651e-02,1.692895450575471195e-02,5.061382719779636274e-02,0.000000000000000000e+00,8.673016294618396405e-02,1.827233894970589287e-02,1.165154359013360896e-01,5.864204517815510553e-02,7.585970717592546708e-02,4.991521591362663851e-02,1.365589742128955619e-01,3.572054379184452094e-02,5.379538331730417816e-02,3.970323925799870007e-02,2.027489676404609781e-02,4.855226992906605532e-02,4.351446470366523989e-02,8.608857698204640252e-02,4.505921654294988560e-02,1.541944804456398810e-01,1.457282502528125800e-01,4.847474074662422305e-02,1.143986360737501151e-01,2.677976649401508369e-01,1.398858080567141060e-01,1.863152656314859823e-01,1.513444320230538098e-01,3.220835134975252173e-02,1.007534537816286574e-01,4.160685765550301701e-02,2.360834391796898593e-02,4.253420363754562006e-02,2.831160750402690607e-02,3.377614477757637235e-02,1.586769805307272976e-02,1.600701522253867443e-02,4.238816013933138782e-02,3.130678828641392242e-02,3.684397943150759247e-02,2.540695204259459453e-02,3.635818333219337228e-02,1.151581229342732091e-02,9.567211294249852727e-03,3.320279023996365597e-02,3.853454925510086532e-02,5.765063604015037424e-02,2.051002813328179492e-02,6.482738070208894643e-02,9.809835703035733878e-02,9.659311090173627878e-02,2.043863508132997761e-02,1.324242351691366226e-01,7.572433060989165743e-02,1.139766274318801953e-01,6.613049994135945797e-02,1.476047202935313885e-01,3.982100761498211239e-02,5.055717159414136602e-02,2.512672500274236095e-02,2.235705841926917750e-02,4.377468553714435051e-02,6.452528398611817595e-02,7.264086428718867505e-02,4.779580941813852540e-02,1.363018142416735912e-01,1.598102497251530918e-01,4.629188983908476968e-02,1.017024782282298923e-01,3.324967073744539703e-01,1.125090989757743243e-01,1.774290039966972821e-01,1.317054887257569085e-01,4.432792004823886411e-02,1.010079016307820071e-01
2.996900027495327107e-02,4.428804068672346356e-02,2.652013099831575238e-02,1.607135471676065380e-02,4.708090288578212212e-02,8.673016294618396405e-02,0.000000000000000000e+00,1.770757901902582018e-02,1.127871953157713880e-01,5.653671833279028114e-02,7.337716204756412897e-02,4.874348391096040845e-02,1.317090425280162957e-01,3.378356330448428063e-02,5.319569185731811561e-02,3.897400891264211908e-02,1.986679536342648988e-02,4.742680820088007732e-02,4.157468575897921986e-02,8.269471526881960743e-02,4.308027464681834368e-02,1.486757941870885946e-01,1.414987505423990488e-01,4.703916799516114078e-02,1.111108162774089025e-01,2.575451181909821918e-01,1.347985736708256499e-01,1.808693617738991177e-01,1.484130454230917495e-01,3.035698077318046972e-02,9.723871603189382373e-02,4.156415572621428162e-02,2.311527249166490244e-02,4.089561120912733189e-02,2.802532392261384425e-02,3.096561035130325490e-02,1.514284970891946122e-02,1.591425161084050396e-02,4.353144290819731949e-02,3.105816683195079114e-02,3.628759592980247695e-02,2.538688946983174224e-02,3.471379470228912190e-02,1.087786627074702889e-02,9.553400311325378758e-03,3.152896930658483782e-02,3.662389012413843487e-02,5.586085957836120497e-02,1.954359754225208634e-02,6.217335128491799368e-02,9.523667030163324165e-02,9.284283461676949567e-02,1.900501469983026728e-02,1.293932003102813144e-01,7.530251219225839177e-02,1.116491066058866444e-01,6.596949711444317910e-02,1.447850339288331567e-01,3.733281044249557590e-02,4.906507358870006164e-02,2.362941397071074284e-02,2.124156819553605149e-02,4.296870308536865357e-02,6.319169371326902040e-02,6.929699163416894181e-02,4.495291739378191181e-02,1.311556133419607140e-01,1.530103973612976231e-01,4.515565741605739175e-02,9.822750332941662665e-02,3.230681363873206258e-01,1.063879101630214874e-01,1.714133525764194033e-01,1.283182831817381853e-01,4.323333758265623245e-02,9.772446212732566195e-02
6.337878176511995039e-03,9.270930533042126206e-03,5.725691898989658524e-03,3.432530464025846870e-03,1.044720580394270515e-02,1.827233894970589287e-02,1.770757901902582018e-02,0.000000000000000000e+00,2.358798682926136273e-02,1.190562889932840485e-02,1.567970771489412413e-02,1.051122402072927377e-02,2.773814510673978939e-02,7.014049517046164195e-03,1.115364568929108798e-02,8.028005671482539227e-03,4.290170456282185914e-03,1.010572234129038065e-02,8.854746776897506541e-03,1.713604644192057505e-02,9.216238971963226778e-03,3.117469397739785347e-02,2.946663559394383305e-02,1.016007199555575384e-02,2.315577672301150081e-02,5.515273191278333847e-02,2.816248766894719618e-02,3.795135947072849486e-02,3.088028574117056974e-02,6.267628289315506362e-03,2.078011099830227859e-02,8.584651183355941975e-03,5.020944959153896339e-03,8.785067482893140975e-03,5.768189771578348911e-03,6.561818999417497189e-03,3.221296310666350079e-03,3.282496554949768195e-03,8.805578977073815622e-03,6.343955580293534659e-03,7.590783476933492951e-03,5.327012849905570294e-03,7.267616985655653630e-03,2.314969390475983633e-03,1.990858217640374336e-03,6.292133600488503641e-03,7.845117679479518200e-03,1.149962162372181532e-02,4.247418991993661894e-03,1.318041484480332419e-02,1.999498913721168419e-02,1.940194383060972472e-02,4.186740057634153953e-03,2.673125236969925433e-02,1.527345558327658850e-02,2.339155826051295822e-02,1.401285647333811758e-02,3.007939917203108354e-02,8.075754271954021027e-03,1.057086608188171142e-02,5.270691956547444643e-03,4.512148171407098264e-03,9.245888048028555808e-03,1.298935690197106953e-02,1.481034992929320532e-02,9.698075834058156319e-03,2.798404629425524370e-02,3.219344934524477619e-02,9.269889414767775587e-03,2.069933044498850974e-02,6.792035495921522337e-02,2.338286482943902067e-02,3.644525570842539058e-02,2.666539863670746788e-02,8.555037309976450469e-03,2.065049720474523148e-02
4.010384815902916927e-02,6.035940701191207236e-02,3.699827960607299931e-02,2.243995560253646271e-02,6.566731836981326564e-02,1.165154359013360896e-01,1.127871953157713880e-01,2.358798682926136273e-02,0.000000000000000000e+00,7.657911917648903277e-02,9.885836962718819176e-02,6.485814512464613268e-02,1.777335438729699402e-01,4.647294858134707468e-02,6.981985820754593730e-02,5.277885234851344143e-02,2.656063038979795954e-02,6.407372701709360130e-02,5.692387633064011077e-02,1.147640662644659748e-01,5.769197647064711054e-02,2.027440664279284710e-01,1.902969112268471097e-01,6.270803243353789691e-02,1.489966046784367004e-01,3.454277112099464198e-01,1.843855865813476547e-01,2.431848669172426702e-01,1.985790852444282995e-01,4.208307106165435491e-02,1.315545008324335297e-01,5.391657904208675689e-02,3.080124787551280843e-02,5.611594201932743053e-02,3.697613117144866318e-02,4.379671935414773676e-02,2.059324790435106134e-02,2.094072601466210465e-02,5.516137625588126564e-02,4.117275900644552095e-02,4.891117705851470709e-02,3.398187153162017526e-02,4.696965594916601566e-02,1.474219146778819531e-02,1.251771726617694792e-02,4.194641203725979484e-02,4.977866193865639749e-02,7.582935574168912785e-02,2.668674358227200033e-02,8.315434267382144917e-02,1.271384200241077178e-01,1.255532326529251175e-01,2.634405875865779983e-02,1.728101394511920852e-01,9.937752808634742197e-02,1.483343299140180427e-01,8.724528584564840428e-02,1.932327828873592890e-01,5.104442986473030353e-02,6.582419619404662747e-02,3.216467428567613279e-02,2.880320498798717016e-02,5.669117756992723967e-02,8.514352951859173457e-02,9.558645169210541748e-02,6.055966838683418674e-02,1.767778822140165240e-01,2.087895592196576111e-01,6.077374390342920457e-02,1.321716608344327692e-01,4.304064764355018391e-01,1.467436247181838072e-01,2.318354641307328601e-01,1.726891767877015982e-01,5.789026713757154663e-02,1.315858526087126945e-01
2.059323250437134281e-02,3.037488878080871202e-02,1.800907146762585273e-02,1.112558383166973273e-02,3.302985139122083247e-02,5.864204517815510553e-02,5.653671833279028114e-02,1.190562889932840485e-02,7.657911917648903277e-02,0.000000000000000000e+00,5.052371647798654941e-02,3.312166201921605546e-02,9.064875926715672272e-02,2.337970465146663179e-02,3.614474570492325761e-02,2.622381344386386093e-02,1.315737632985411465e-02,3.186642783870907020e-02,2.792060930859072143e-02,5.707550522979533414e-02,2.982194961293328783e-02,1.009593974021784218e-01,9.634675535289195791e-02,3.168387167325957543e-02,7.518648953881622299e-02,1.739992781457138926e-01,9.221592392403481220e-02,1.232262306341248559e-01,1.000330301311060238e-01,2.081612745817369020e-02,6.668722940124481580e-02,2.751077186376415032e-02,1.587189783761210407e-02,2.883169873870569666e-02,1.902084121303764322e-02,2.229824688683314585e-02,1.034313847370716029e-02,1.077705318151207618e-02,2.867891164336341600e-02,2.150314301865452818e-02,2.491230752280445063e-02,1.727388083955262374e-02,2.455409852802226123e-02,7.591588045695025697e-03,6.536776931238855344e-03,2.175229319451531598e-02,2.520529035249728655e-02,3.830428075565156520e-02,1.342305279790412600e-02,4.274668348831424380e-02,6.341088735014162314e-02,6.317683286784855912e-02,1.359749893584907832e-02,8.632400138320557581e-02,5.225960708524108461e-02,7.614228227044371466e-02,4.516800775810787816e-02,9.776758864017966177e-02,2.616003262298528115e-02,3.323554452466916803e-02,1.637474772489079522e-02,1.467700279225421511e-02,2.906898369114966491e-02,4.314050107637625725e-02,4.699573289305171431e-02,3.148210798743277666e-02,8.829776351884081886e-02,1.053110092395182773e-01,3.094837770530355081e-02,6.609424882387987532e-02,2.194817212777371851e-01,7.170836077603792713e-02,1.159546655925326186e-01,8.676478867327581945e-02,2.945494389830647167e-02,6.667991952444624060e-02
2.684659639539862044e-02,3.960453290702536933e-02,2.394858946707439581e-02,1.441671462536611714e-02,4.298694325051841819e-02,7.585970717592546708e-02,7.337716204756412897e-02,1.567970771489412413e-02,9.885836962718819176e-02,5.052371647798654941e-02,0.000000000000000000e+00,4.309255727001010811e-02,1.163808466798138541e-01,3.060571789018116939e-02,4.665413339157265665e-02,3.408117924517223285e-02,1.748034850912475943e-02,4.145294237549426719e-02,3.700488489490934979e-02,7.378942080281294946e-02,3.884864664287330377e-02,1.304340636431577938e-01,1.252617525719962321e-01,4.111597944043026559e-02,9.733979236739838392e-02,2.263556494738796776e-01,1.199172390561398793e-01,1.592998371088615306e-01,1.298579858558664979e-01,2.753681311572298007e-02,8.605554418669929262e-02,3.551295549440437044e-02,2.027581539162920735e-02,3.643505061538353934e-02,2.426176758046305615e-02,2.856635195014207290e-02,1.318654122210902516e-02,1.394153362189030909e-02,3.636739169238303176e-02,2.709175943181041032e-02,3.186499156493624585e-02,2.204020761630997791e-02,3.113492128958730149e-02,9.717497591649245509e-03,8.287122974804810721e-03,2.805844511525455373e-02,3.263737607953388908e-02,4.943057540809448619e-02,1.726726494042452043e-02,5.504727164537220885e-02,8.318296957577812900e-02,8.188996320239157189e-02,1.731175265869182300e-02,1.126846359627209082e-01,6.667387595696826208e-02,9.790985507514303465e-02,5.818231020411146481e-02,1.264392520874679515e-01,3.394704251409543655e-02,4.325755034993020859e-02,2.144922090639754531e-02,1.903922625759165918e-02,3.769132921409171916e-02,5.566311081187817061e-02,6.225398007079273321e-02,4.056905917090926350e-02,1.153387319127303634e-01,1.368365065522346713e-01,3.996868941856940999e-02,8.609605251592197805e-02,2.836734817706527134e-01,9.577994527807948133e-02,1.520329889147000180e-01,1.126256291952860977e-01,3.841821268178435139e-02,8.633619569893166701e-02
1.826539509103621353e-02,2.585049230952129670e-02,1.572428388721013731e-02,9.375886027661583036e-03,2.838537834115239383e-02,4.991521591362663851e-02,4.874348391096040845e-02,1.051122402072927377e-02,6.485814512464613268e-02,3.312166201921605546e-02,4.309255727001010811e-02,0.000000000000000000e+00,7.722403509737234273e-02,2.003196800860748694e-02,3.110862661069872456e-02,2.236091421902499862e-02,1.138678719707757192e-02,2.751430772398251456e-02,2.426834182472673712e-02,4.800631648265982210e-02,2.605336337136062233e-02,8.549717971421950946e-02,8.260255595274622331e-02,2.764393929717536003e-02,6.394758426615947122e-02,1.505128422243220965e-01,7.825698920653448298e-02,1.050751089259566312e-01,8.504156551211608517e-02,1.799691617914134581e-02,5.708287410435025633e-02,2.332257747196709793e-02,1.335621861092144147e-02,2.432187495708510241e-02,1.605066075494057665e-02,1.865040841453984716e-02,8.631621958626781166e-03,9.041629218156954986e-03,2.393294306072175914e-02,1.816133486408572084e-02,2.129265321988158682e-02,1.484892416761281024e-02,2.053344323487295633e-02,6.411867638859499938e-03,5.405155663436413474e-03,1.900023772070732336e-02,2.179443371782342070e-02,3.251357198994520026e-02,1.144638742585247539e-02,3.611588534862777977e-02,5.423765790990926761e-02,5.436002403768913638e-02,1.173850644871819553e-02,7.362143910511963207e-02,4.388715368773334069e-02,6.399205955241586696e-02,3.918396507395068701e-02,8.439990838409044960e-02,2.250717802023620775e-02,2.861780697206506990e-02,1.411118620355834852e-02,1.251274659160549196e-02,2.462579920600704853e-02,3.646229572886392628e-02,4.046035223282341831e-02,2.728143860680480592e-02,7.530280015927053039e-02,8.946323974061821949e-02,2.648773863208140136e-02,5.596329020114547415e-02,1.872593014125926714e-01,6.220426109773108392e-02,1.000609372444065809e-01,7.313387550536395998e-02,2.477680389298612951e-02,5.736443978534291888e-02
4.770894995750022544e-02,7.086421490610750329e-02,4.209883978623848999e-02,2.583458100211832864e-02,7.665256217000995798e-02,1.365589742128955619e-01,1.317090425280162957e-01,2.773814510673978939e-02,1.777335438729699402e-01,9.064875926715672272e-02,1.163808466798138541e-01,7.722403509737234273e-02,0.000000000000000000e+00,5.463713425944637103e-02,8.275552428397084381e-02,6.201813401452255931e-02,3.127358695015212964e-02,7.453332769092456400e-02,6.577424281216583124e-02,1.325306718636904413e-01,6.867691496727608425e-02,2.353498067385045300e-01,2.224059352426227543e-01,7.416507464124587334e-02,1.758008425999402491e-01,4.074066991455663755e-01,2.154551918121206389e-01,2.871396921501167543e-01,2.340086039662029882e-01,4.926594131456333431e-02,1.538007468031101777e-01,6.451973639017234696e-02,3.601415832581214560e-02,6.504413124069850782e-02,4.387800257616702310e-02,5.054940639844640593e-02,2.399533258573031957e-02,2.490832297808887388e-02,6.715678804558226911e-02,4.870721871870414138e-02,5.705933913974825522e-02,3.993661022474855743e-02,5.564500668022161201e-02,1.760748638379021347e-02,1.484862129253441965e-02,5.018712005126659687e-02,5.850688253257781135e-02,8.972431857971580049e-02,3.116096999107796639e-02,9.931825900900258242e-02,1.486247810911298373e-01,1.472013144436707666e-01,3.074772373955450555e-02,2.031623643934774570e-01,1.190795998918603993e-01,1.766242831908581279e-01,1.042199112045534004e-01,2.278690249945102275e-01,6.034938885394186547e-02,7.791113192291754252e-02,3.795326979499750314e-02,3.414406793631032805e-02,6.719929134041931207e-02,1.003122099356719282e-01,1.101172134165641359e-01,7.234318220861352122e-02,2.079287386912566371e-01,2.445922732406736744e-01,7.122887016095877377e-02,1.563729051072560439e-01,5.114391020419989387e-01,1.704352108561093815e-01,2.716174600786107063e-01,2.014309201139770078e-01,6.832083460519874918e-02,1.553750550697924615e-01
1.250960357442320280e-02,1.823189655923200883e-02,1.073694106456704253e-02,6.600088909968342479e-03,1.974849823598671256e-02,3.572054379184452094e-02,3.378356330448428063e-02,7.014049517046164195e-03,4.647294858134707468e-02,2.337970465146663179e-02,3.060571789018116939e-02,2.003196800860748694e-02,5.463713425944637103e-02,0.000000000000000000e+00,2.190475334540841271e-02,1.582148101657412237e-02,8.152039693030962292e-03,1.889020322923435496e-02,1.698846707678550519e-02,3.401564552643854961e-02,1.795673037200242947e-02,6.065107286663304342e-02,5.782455383273080174e-02,1.930403790297653341e-02,4.495231440337683904e-02,1.054118554954362741e-01,5.613544822609223273e-02,7.479287448280366735e-02,6.084017093692418998e-02,1.296553460459009058e-02,4.015483179951827297e-02,1.634271325180950557e-02,9.466392739426203115e-03,1.682929038849906300e-02,1.123501456083667548e-02,1.281293884467125249e-02,5.978047003325459054e-03,6.487000849202628934e-03,1.720899519239290840e-02,1.231761581746398417e-02,1.455870355960104182e-02,1.019799586436518669e-02,1.480500990437709843e-02,4.618733931911142739e-03,3.801986325376920540e-03,1.295273898682249535e-02,1.523884942638951620e-02,2.339494331292794188e-02,8.195988344420108290e-03,2.593505752555528426e-02,3.879108671752085763e-02,3.784938257818584034e-02,7.929750734016744254e-03,5.245652077444441785e-02,3.085507353744457171e-02,4.562897759029932443e-02,2.697401082891305590e-02,5.831779561266341172e-02,1.599847380715702441e-02,2.037042240553159703e-02,9.811132192770076130e-03,8.810621851399785126e-03,1.743990413780810086e-02,2.612979956621294675e-02,2.806906954547767896e-02,1.883522620499088543e-02,5.307780538436246420e-02,6.360255312354498591e-02,1.830290345149869491e-02,4.026520946175835003e-02,1.318937393959272730e-01,4.437892154175051423e-02,6.958974738624225387e-02,5.178123980542635729e-02,1.755750460664320944e-02,4.015868635240374407e-02
1.977985687177855403e-02,2.849066629867941583e-02,1.774835223660394673e-02,1.031579935806099281e-02,3.229567812782412756e-02,5.379538331730417816e-02,5.319569185731811561e-02,1.115364568929108798e-02,6.981985820754593730e-02,3.614474570492325761e-02,4.665413339157265665e-02,3.110862661069872456e-02,8.275552428397084381e-02,2.190475334540841271e-02,0.000000000000000000e+00,2.310999576374779541e-02,1.262917813363387959e-02,2.888051105460084922e-02,2.712493800224142354e-02,5.277132455668169519e-02,2.782928850993869260e-02,9.173445476863985315e-02,8.753239168704282647e-02,3.039100778701702907e-02,6.873868218564843646e-02,1.624862954489167954e-01,8.585776703291048140e-02,1.130604151094284776e-01,8.849054135414638478e-02,1.971527991441326608e-02,6.110685114567324105e-02,2.393094718446314370e-02,1.414444969761824607e-02,2.669914005418539543e-02,1.689181009105239495e-02,2.146591733814189398e-02,9.363065502382738117e-03,9.438521734608126129e-03,2.429483071105076677e-02,1.797644120960748687e-02,2.238002469871362698e-02,1.545078414809620410e-02,2.173516870153075625e-02,6.875914358703520343e-03,5.736199091390396104e-03,1.976536267709048250e-02,2.435219424181983214e-02,3.536989828030315253e-02,1.256556395357801524e-02,3.919123237491055345e-02,5.811657301237688200e-02,5.891740879756968835e-02,1.323817967500715530e-02,7.699498358986235635e-02,4.545184875206819547e-02,6.750861051931053569e-02,4.150655393610496596e-02,8.789590746192743609e-02,2.507274233500042179e-02,3.043541456082539745e-02,1.624915727812909633e-02,1.383966507228737326e-02,2.576590096032500832e-02,3.869179733597714888e-02,4.542538330689089437e-02,2.949145119858083766e-02,8.264702209702640134e-02,9.688720270444142746e-02,2.782551848368984906e-02,6.159815622206132879e-02,1.996403846262665704e-01,7.146343749058674255e-02,1.077247350300256090e-01,7.814546852566528479e-02,2.522901915709632736e-02,6.096085704096479430e-02
1.366810910659302554e-02,2.114118181311521946e-02,1.271276569190502720e-02,7.578679332059501915e-03,2.299853629874185762e-02,3.970323925799870007e-02,3.897400891264211908e-02,8.028005671482539227e-03,5.277885234851344143e-02,2.622381344386386093e-02,3.408117924517223285e-02,2.236091421902499862e-02,6.201813401452255931e-02,1.582148101657412237e-02,2.310999576374779541e-02,0.000000000000000000e+00,9.233338491232442533e-03,2.162809729619448104e-02,1.947458256636668689e-02,3.930745221274457857e-02,1.987068718708324272e-02,6.821442598203092400e-02,6.459061187081868716e-02,2.182147631695298060e-02,5.098980619040189427e-02,1.174782680930493706e-01,6.316114551909296493e-02,8.425677145984986072e-02,6.751714572089820288e-02,1.448618069427066828e-02,4.493988675824348716e-02,1.804140344043371827e-02,1.029855595556201063e-02,1.868313027734305048e-02,1.252205164760883567e-02,1.511062555775904287e-02,7.003616389634891026e-03,6.936280255195947236e-03,1.852557516956249498e-02,1.339741027264878745e-02,1.619558373659719247e-02,1.144352602850200011e-02,1.621916679368601635e-02,5.192108893484904952e-03,4.080260807753376823e-03,1.367439291395165270e-02,1.751937271565314272e-02,2.624254783330895457e-02,9.331363733185462500e-03,2.906219539057069631e-02,4.305113067442600805e-02,4.359289096029377031e-02,9.184569360000763641e-03,5.881432526342413036e-02,3.384625244169546521e-02,5.117715726105426244e-02,3.015646990420133358e-02,6.639744970103395039e-02,1.806969410935739540e-02,2.235227603410601740e-02,1.129781706774224230e-02,9.916279759587186618e-03,1.907949235671055344e-02,2.912491607494561638e-02,3.276562569968626687e-02,2.093681990986910602e-02,6.076382882966673005e-02,7.098217354817783209e-02,2.020642247127723071e-02,4.526242683181862930e-02,1.463535866092543769e-01,5.103879776935945495e-02,7.930705498662606046e-02,5.882246960098107269e-02,1.928838615261681960e-02,4.461721223761976052e-02
7.014437239092391821e-03,1.046674193654783397e-02,6.267419100824622724e-03,3.833266010652425226e-03,1.160255000197064554e-02,2.027489676404609781e-02,1.986679536342648988e-02,4.290170456282185914e-03,2.656063038979795954e-02,1.315737632985411465e-02,1.748034850912475943e-02,1.138678719707757192e-02,3.127358695015212964e-02,8.152039693030962292e-03,1.262917813363387959e-02,9.233338491232442533e-03,0.000000000000000000e+00,1.114953255731944252e-02,9.818177989805953326e-03,1.962712331532311116e-02,1.034787681309969065e-02,3.548066064844968004e-02,3.349852277532944927e-02,1.120637646088593932e-02,2.644676212447812785e-02,6.137042568193114278e-02,3.192543371876990776e-02,4.287436948019691940e-02,3.497417196523253113e-02,7.218270062123083308e-03,2.343813334473153487e-02,9.966700394785041675e-03,5.635112330911943093e-03,9.800108147569734293e-03,6.507139196192688289e-03,7.520839580644412409e-03,3.679085094151986896e-03,3.816142872585350562e-03,1.017389861990856785e-02,7.420531876336964976e-03,8.517748525511662297e-03,5.917223611297948126e-03,8.122376018872095454e-03,2.516364593670601061e-03,2.266260350150701378e-03,7.414465847903410969e-03,8.744417406584954061e-03,1.299936180252959234e-02,4.585691405644271891e-03,1.485474903304889044e-02,2.218253353928142588e-02,2.208044377570304861e-02,4.622975791306713385e-03,3.054650650088026193e-02,1.747207105733259921e-02,2.635390993781024788e-02,1.560060889680582943e-02,3.413488998296486387e-02,8.870697266558489127e-03,1.162830182553249367e-02,5.770788132896679558e-03,5.038872998321078378e-03,1.031539586382540681e-02,1.483051421831287076e-02,1.636992641969239187e-02,1.076193137558766055e-02,3.140918542265537516e-02,3.655692296233088723e-02,1.071503443175791416e-02,2.333769752374205766e-02,7.651239006612536864e-02,2.540990897400355678e-02,4.068222853901850428e-02,3.055750515494348729e-02,1.003129048103162425e-02,2.302915178582917027e-02
1.662191614896936856e-02,2.519646306646118258e-02,1.519484358671808338e-02,9.269953427967599774e-03,2.796771251992630908e-02,4.855226992906605532e-02,4.742680820088007732e-02,1.010572234129038065e-02,6.407372701709360130e-02,3.186642783870907020e-02,4.145294237549426719e-02,2.751430772398251456e-02,7.453332769092456400e-02,1.889020322923435496e-02,2.888051105460084922e-02,2.162809729619448104e-02,1.114953255731944252e-02,0.000000000000000000e+00,2.353789076202304070e-02,4.658422039455279579e-02,2.443831000659538524e-02,8.403787273730849161e-02,7.874405647035072342e-02,2.666472145430357280e-02,6.256996694642812107e-02,1.449612432915348970e-01,7.578480385657579421e-02,1.016987632690911220e-01,8.244456252084707282e-02,1.699715472672601313e-02,5.505672964594764823e-02,2.290047318395336401e-02,1.305636741019366130e-02,2.295580853973813382e-02,1.538862123208652871e-02,1.790990388394839844e-02,8.791494732258932701e-03,8.700476146432926938e-03,2.360446578741988433e-02,1.706525150371622501e-02,2.009515482649781512e-02,1.419333465171482983e-02,1.933638414335048586e-02,6.261467090267533626e-03,5.216152340895855756e-03,1.701918995756181163e-02,2.096343194499964563e-02,3.129961966288362374e-02,1.117738703353115051e-02,3.524587229533928529e-02,5.292637289006190543e-02,5.287422087142869265e-02,1.107512075465898541e-02,7.234021864018312653e-02,4.129699779842567475e-02,6.173473286789088466e-02,3.707189180115351423e-02,8.121275250911973165e-02,2.145907467768800106e-02,2.719659719667800318e-02,1.380081313755668684e-02,1.203437233836242640e-02,2.381249084579077288e-02,3.472558758937910328e-02,3.946021814203427153e-02,2.540442738390314911e-02,7.424499663265289595e-02,8.572485627522996587e-02,2.494495915627899935e-02,5.508430313750934532e-02,1.790853689178531494e-01,6.138403991946245197e-02,9.679161297341587478e-02,7.156398614551452708e-02,2.339116679079523628e-02,5.510100599411771327e-02
1.545515459865012473e-02,2.221492048645167319e-02,1.351465743448581128e-02,7.936412514179662717e-03,2.434017219966026768e-02,4.351446470366523989e-02,4.157468575897921986e-02,8.854746776897506541e-03,5.692387633064011077e-02,2.792060930859072143e-02,3.700488489490934979e-02,2.426834182472673712e-02,6.577424281216583124e-02,1.698846707678550519e-02,2.712493800224142354e-02,1.947458256636668689e-02,9.818177989805953326e-03,2.353789076202304070e-02,0.000000000000000000e+00,4.212234500954212951e-02,2.174538845324416880e-02,7.566690052724799054e-02,7.189347951007392379e-02,2.378335933784815961e-02,5.541449081073319960e-02,1.315013274933241605e-01,6.885118648767996063e-02,9.064901031587112301e-02,7.508893330530171106e-02,1.591580747421355094e-02,4.979597391845969750e-02,2.008484660892156937e-02,1.163189705766220008e-02,2.061223187804573850e-02,1.366148812783506833e-02,1.555773605929208769e-02,7.507976719968428164e-03,8.047045865881414378e-03,2.079885751892828968e-02,1.518772181357632561e-02,1.793153321433195446e-02,1.237674087022109203e-02,1.747535876349258846e-02,5.490794843409794491e-03,4.834354121211950975e-03,1.591910406626937530e-02,1.850171941335166867e-02,2.821895945169845821e-02,9.829516714006180517e-03,3.142279729348220613e-02,4.791029087007681042e-02,4.672201520611104358e-02,9.707797847462965035e-03,6.522094177981450913e-02,3.683022887249218225e-02,5.598858064061773554e-02,3.317172321925747347e-02,7.212518738206875890e-02,1.898475542068298397e-02,2.527396504910334532e-02,1.191017684404522582e-02,1.065129022624930477e-02,2.154809106146645878e-02,3.189744481016271865e-02,3.509714861214368459e-02,2.306014302324081722e-02,6.650613859390178129e-02,7.868270167801723336e-02,2.286808626579675194e-02,4.943130864415607589e-02,1.634748753756894990e-01,5.475078139812673828e-02,8.652249267718419012e-02,6.431033479734106495e-02,2.182500685234620152e-02,4.884622848722881827e-02
3.026886472159943595e-02,4.561101637261995995e-02,2.684411830219599754e-02,1.605343088164999307e-02,4.807531884442212133e-02,8.608857698204640252e-02,8.269471526881960743e-02,1.713604644192057505e-02,1.147640662644659748e-01,5.707550522979533414e-02,7.378942080281294946e-02,4.800631648265982210e-02,1.325306718636904413e-01,3.401564552643854961e-02,5.277132455668169519e-02,3.930745221274457857e-02,1.962712331532311116e-02,4.658422039455279579e-02,4.212234500954212951e-02,0.000000000000000000e+00,4.296028173209712198e-02,1.507470855481785887e-01,1.422592429034143791e-01,4.699824844374866917e-02,1.112364678467604451e-01,2.628705825899952386e-01,1.381993484004123973e-01,1.820844756727162395e-01,1.470888280005144821e-01,3.173220175186545339e-02,9.887338467961004351e-02,3.924113747840600464e-02,2.205340562976778121e-02,4.116947256628650242e-02,2.706369416872431849e-02,3.177112731731638468e-02,1.469696324457775774e-02,1.543580357364408157e-02,4.051279638914547648e-02,3.003577073928886607e-02,3.495818000040092771e-02,2.415942071111653114e-02,3.559510268889228696e-02,1.101945156920988017e-02,9.104027224922543043e-03,3.146463004346767428e-02,3.767506295056147203e-02,5.751593102163636562e-02,1.957244376469084030e-02,6.240365925660594504e-02,9.363171997243913136e-02,9.271713767774787673e-02,1.981115409146631118e-02,1.276307607086690221e-01,7.389839611299765798e-02,1.114118208919120806e-01,6.331276093240616187e-02,1.428601294758812534e-01,3.809624815025170613e-02,4.928482966934960574e-02,2.291094680637420153e-02,2.153882964419315954e-02,4.126293682249892320e-02,6.432893440522212403e-02,6.943630625981932203e-02,4.511002308606306549e-02,1.331653857867588497e-01,1.575576744003373275e-01,4.458328680153209045e-02,9.866012922308924071e-02,3.240579535650733867e-01,1.083503580584046777e-01,1.704576222206048985e-01,1.270848217995446949e-01,4.400083734544948250e-02,9.717740171989644460e-02
1.684297123535302351e-02,2.337324317121375686e-02,1.408939112106723235e-02,8.238569236623456346e-03,2.536116633066655413e-02,4.505921654294988560e-02,4.308027464681834368e-02,9.216238971963226778e-03,5.769197647064711054e-02,2.982194961293328783e-02,3.884864664287330377e-02,2.605336337136062233e-02,6.867691496727608425e-02,1.795673037200242947e-02,2.782928850993869260e-02,1.987068718708324272e-02,1.034787681309969065e-02,2.443831000659538524e-02,2.174538845324416880e-02,4.296028173209712198e-02,0.000000000000000000e+00,7.642042079544042465e-02,7.471476343882701987e-02,2.581516853571210260e-02,5.777887523066518871e-02,1.377017371484951791e-01,7.127615779719088940e-02,9.384133446449759164e-02,7.456720387837860453e-02,1.594235858339363918e-02,5.110610211597833852e-02,2.048131898211482879e-02,1.202935446869225246e-02,2.190948194733442767e-02,1.423508548993685646e-02,1.701117493521838581e-02,7.681088237710072958e-03,8.232881658202774455e-03,2.120960728876415333e-02,1.560498620232331733e-02,1.875890378970011124e-02,1.314552617254526046e-02,1.827259658520737073e-02,5.869286064733012821e-03,4.860919185319695357e-03,1.692361643004652166e-02,1.975946464623061852e-02,2.948154377904916787e-02,1.051346829923644095e-02,3.240339941539691765e-02,4.896132062394387835e-02,4.814716756149175353e-02,1.059766626095460205e-02,6.525263668309232157e-02,3.868153591860264140e-02,5.711226218710988012e-02,3.502941972462197961e-02,7.398131678397561195e-02,2.026395186554379516e-02,2.614582202380321546e-02,1.294494368180961440e-02,1.143145469081462140e-02,2.208786456157479233e-02,3.214082493290716658e-02,3.689986423961828799e-02,2.446729021084673161e-02,6.812436126025292471e-02,8.107332281276058428e-02,2.379727204357980075e-02,5.111087622686674020e-02,1.694658892839014386e-01,5.717624081555806870e-02,8.955612932354152511e-02,6.566955094104197366e-02,2.171795465404090589e-02,5.085514096079782331e-02
