0.000000000000000000e+00,1.264790703573402675e-02,9.480212591402088773e-03,7.626826906151173806e-03,2.567175340248891574e-02,2.484806371344061571e-02,3.579166083187523134e-02,4.792999658812260866e-03,3.263417891563116791e-02,1.897036686415335890e-02,2.346763183997011004e-02,1.859563888476401319e-02,4.488633738749553403e-02,1.285816531439140480e-02,1.090226601026502394e-02,9.753226929349229773e-03,6.684172021919183859e-03,1.338788654223215142e-02,1.343206507949105954e-02,2.346936796530944488e-02,1.075515553671264543e-02,4.576952159799786701e-02,3.364647068761711379e-02,1.642327258157740000e-02,2.777304263743854418e-02,7.247424351774992002e-02,3.639325804165502443e-02,5.917991457216818102e-02,3.997604529000156615e-02,1.110432501172614606e-02,2.625796040002437853e-02,9.443258222256879081e-04,7.150684977760271219e-04,4.499084937735538942e-04,3.348431298316684526e-04,1.277737477344672613e-02,4.482530049246284329e-03,8.546425917765137180e-04,1.546394584044499809e-03,1.328364183840480446e-03,2.972042022648078985e-04,2.469840351620343141e-04,8.229743730686063172e-03,2.995036965038843941e-03,7.166589356854919865e-04,7.196783691548276109e-03,1.412676514295714211e-02,1.601198461100329651e-02,8.889108034720967152e-03,2.674575064226489274e-02,2.265958468405324458e-02,3.608559278394694175e-02,5.263418311655463332e-03,3.162088768581332310e-02,1.754376513482307567e-02,3.107061649565586586e-02,1.838042884180573003e-02,4.685657063780861858e-02,1.312285819246138477e-02,1.338466104859743766e-02,1.244728287104712727e-02,6.535467730815969038e-03,1.457750213932047095e-02,1.778728916574451313e-02,2.450459846262869820e-02,1.192134113937109476e-02,4.406800604661695320e-02,3.924814575653500642e-02,1.163557914738783464e-02,2.632146249198728458e-02,8.515934889531169560e-02,3.855733837892241778e-02,5.690336734543268576e-02,3.976664234692608990e-02,1.211578203061640206e-02,2.763265568101459790e-02
1.264790703573402675e-02,0.000000000000000000e+00,2.056744762981603872e-02,1.712439245755094028e-02,5.653771710326534888e-02,5.358473436491534986e-02,7.948086969622110420e-02,1.017475089142527538e-02,7.163932551563606532e-02,4.220040714416863070e-02,5.102215414531779958e-02,3.856386770727925073e-02,9.998795991877465483e-02,2.859935052473741579e-02,2.203814659179126681e-02,2.135355566418872461e-02,1.489963977447350194e-02,3.014734930494693960e-02,2.848787571178535219e-02,5.210130101126252133e-02,2.270824517438829390e-02,9.990552096022013717e-02,7.199254691095738345e-02,3.432540818703000429e-02,6.220443531274953697e-02,1.544378951574154890e-01,8.075230026587648657e-02,1.319264896783350349e-01,8.896975871820975157e-02,2.455037996937388389e-02,5.798423601377896558e-02,1.085668140054067005e-03,9.663234530394321925e-04,3.107799865413388152e-04,2.454638434521497214e-04,2.905554086423797061e-02,1.008209472644490748e-02,1.419905315174731751e-03,2.490530110207275077e-03,2.274110226448465208e-03,0.000000000000000000e+00,1.614974338756750005e-04,1.853149532959173784e-02,6.816035328671117034e-03,1.266073252744959882e-03,1.475988066258958516e-02,3.168619485231570498e-02,3.426125398320115090e-02,1.988606148135887638e-02,5.964735980796657261e-02,4.917071656529385659e-02,8.054859581830166315e-02,1.196348383590574611e-02,6.881017609811591884e-02,3.854645309197913400e-02,6.846454679225459639e-02,3.811589561400872961e-02,1.046021680735222531e-01,2.940931274837258608e-02,2.818092798829379547e-02,2.760534059762149994e-02,1.461896967495446287e-02,3.304407072754471375e-02,3.821196515129739874e-02,5.229539253104787538e-02,2.574222939687258530e-02,9.641023345197879957e-02,8.536399451146013673e-02,2.437109524469305635e-02,5.811765248912337256e-02,1.817719558271608249e-01,8.413819065634291217e-02,1.263573899279266943e-01,8.667471674668858483e-02,2.588940789146702837e-02,6.161238856951912340e-02
9.480212591402088773e-03,2.056744762981603872e-02,0.000000000000000000e+00,1.219985626341167292e-02,4.062639924167791433e-02,3.920294883886844828e-02,5.657397832282509698e-02,7.450487340026235028e-03,5.197361112016977286e-02,2.986494321788999567e-02,3.723516503520635929e-02,2.795506573371982564e-02,7.138715113439306204e-02,2.058275336182047166e-02,1.631550056008000682e-02,1.547410627996295696e-02,1.065461062186063949e-02,2.177866036752936635e-02,2.110013988027843387e-02,3.756394302069605146e-02,1.659805381187892670e-02,7.247465383899868996e-02,5.265308368162121416e-02,2.512425240113535380e-02,4.506334128491259333e-02,1.128565841510436873e-01,5.840226595915913588e-02,9.495577602053421884e-02,6.404121050608976851e-02,1.769932912365318467e-02,4.184648116586168337e-02,1.441813221068854317e-03,1.111791354781871410e-03,7.857589129623629431e-04,5.773319913132055059e-04,2.066135261898115194e-02,7.170382279417215378e-03,1.270748982008631026e-03,2.366314734710731060e-03,2.051679378570344173e-03,3.744261370182862259e-04,4.157808217552481922e-04,1.336939373941583610e-02,4.883769749717675572e-03,1.046671943459726462e-03,1.077588013269021802e-02,2.270799868149789638e-02,2.488873639472447691e-02,1.429886125304239385e-02,4.231572594113622299e-02,3.595578325251169022e-02,5.750551303788525165e-02,8.684176134397753391e-03,5.014631927855360549e-02,2.751432531498769832e-02,4.898917937182704907e-02,2.775844818113669746e-02,7.442220739924047812e-02,2.122341141867119252e-02,2.057309005817787792e-02,1.981700202121326401e-02,1.053449128378050083e-02,2.358159554781289954e-02,2.777344383308281636e-02,3.854400522934876144e-02,1.864086004711147659e-02,7.002944200195194979e-02,6.220407896298733169e-02,1.770780248028131290e-02,4.227089947281915949e-02,1.320803311147023262e-01,6.112604165734727979e-02,9.035631341726758914e-02,6.294378650353449345e-02,1.883353857213250840e-02,4.460602102261538443e-02
7.626826906151173806e-03,1.712439245755094028e-02,1.219985626341167292e-02,0.000000000000000000e+00,3.391199504494250144e-02,3.207699860966668759e-02,4.740397717627863744e-02,6.009357475534805003e-03,4.248141039264879959e-02,2.517323855562175056e-02,3.027609721686781372e-02,2.346626485967479719e-02,6.000546697105033772e-02,1.744063199007683460e-02,1.265448706430425535e-02,1.269434233930850225e-02,9.065556092041720387e-03,1.783155784203920707e-02,1.673426978348714969e-02,3.053115676686694174e-02,1.382909933119206257e-02,5.888017824722667493e-02,4.201719341535910951e-02,2.064411857526175093e-02,3.683475244777079105e-02,9.168159702426860458e-02,4.766681175826066597e-02,7.784871054676764657e-02,5.250565728377520891e-02,1.458062823657852586e-02,3.452513595892311993e-02,6.498154231861039826e-04,7.654746765151255322e-04,3.576736963320070045e-04,3.376876515390698011e-04,1.761230095560827047e-02,5.988931248091756629e-03,7.705917004198602899e-04,1.467569471531498040e-03,1.365877835575028156e-03,1.424773008634923344e-04,3.411928648697640579e-04,1.104144860091758190e-02,4.152520438410177775e-03,7.013700881449698270e-04,9.060946940426594515e-03,1.843260696886261929e-02,2.089651674288810212e-02,1.198743900834559409e-02,3.582662268595753624e-02,2.939511073179645537e-02,4.830061982918511243e-02,6.978523566609920806e-03,4.096699975513231479e-02,2.276673965283651166e-02,4.025758473128843162e-02,2.339033528468681400e-02,6.299317355455966161e-02,1.756431855705498785e-02,1.682500093941808814e-02,1.647337711792434475e-02,8.714343337408031465e-03,1.918429843033890234e-02,2.289519121019892300e-02,3.115171421178974595e-02,1.595960259852662738e-02,5.600878669659670184e-02,5.054284455482255245e-02,1.451824772474262851e-02,3.456061259299187532e-02,1.078958819248379553e-01,5.039948217941293829e-02,7.430199588697647406e-02,5.092962783927781206e-02,1.508218909899252877e-02,3.655310924878890644e-02
2.567175340248891574e-02,5.653771710326534888e-02,4.062639924167791433e-02,3.391199504494250144e-02,0.000000000000000000e+00,1.066035754561548282e-01,1.566691918112360637e-01,2.020539619839271939e-02,1.410942402315686905e-01,8.399172435591878427e-02,1.009538187100067486e-01,7.776773168016049009e-02,1.977654063280795960e-01,5.705893561030068312e-02,4.274966829935679391e-02,4.212093624757569377e-02,2.978616485864763602e-02,5.943274517309281996e-02,5.648407657883491861e-02,1.015977319292933334e-01,4.586048661548530053e-02,1.949600607126097118e-01,1.409883659386047816e-01,6.797578808502494074e-02,1.227793981463781436e-01,3.043024935231904426e-01,1.584890844745513172e-01,2.585063663778889853e-01,1.744203016061128264e-01,4.806041411342617392e-02,1.145602132441731758e-01,3.054517440050932842e-03,2.942763124930233842e-03,2.008455685800006330e-03,1.451359677600717879e-03,5.789459742558876465e-02,2.024938469309919484e-02,3.034221040956297522e-03,5.721291027476864410e-03,5.250380237202260242e-03,1.155028631154002977e-03,1.360915860707516412e-03,3.684428223469356223e-02,1.381319833739258485e-02,2.629524304712084828e-03,2.987439811130766093e-02,6.156967872567452316e-02,6.888972988166799927e-02,3.946474192691095534e-02,1.178146115508526548e-01,9.826635770790341506e-02,1.586125332123256015e-01,2.368027214414991297e-02,1.357937137312945075e-01,7.700998659943385227e-02,1.341226658148098327e-01,7.767031531412826872e-02,2.051873440208848987e-01,5.818486953153677310e-02,5.575072075178641451e-02,5.428032026857128323e-02,2.918169316378942460e-02,6.383239610080526649e-02,7.533022895911040129e-02,1.026059061554243923e-01,5.262623490127333464e-02,1.868426872886571333e-01,1.681075162270537771e-01,4.811458843520829282e-02,1.149825159971848976e-01,3.591147730300575658e-01,1.661546820663977742e-01,2.465498279202004428e-01,1.701523394776882636e-01,5.035662125538842293e-02,1.209314214999321901e-01
2.484806371344061571e-02,5.358473436491534986e-02,3.920294883886844828e-02,3.207699860966668759e-02,1.066035754561548282e-01,0.000000000000000000e+00,1.488665831846219811e-01,1.940520883189777307e-02,1.367729388914824262e-01,7.842158275910238174e-02,9.673384443508530051e-02,7.240144881179678971e-02,1.871965660455175429e-01,5.406481991821582983e-02,4.216038999051507918e-02,4.038720942972955086e-02,2.802194109487565754e-02,5.704574332018046146e-02,5.508293024269256960e-02,9.911560665229385281e-02,4.313162041855873874e-02,1.900920709644887685e-01,1.380368897074515655e-01,6.513335289707825049e-02,1.175106685686208435e-01,2.937755186986221734e-01,1.533540763572616705e-01,2.491597896811315049e-01,1.682343028390534678e-01,4.647321559526293444e-02,1.100398998196962796e-01,3.730297667592863409e-03,3.068195362929564129e-03,2.363492347897330759e-03,1.548280481423327387e-03,5.457409839297436976e-02,1.931843091692277831e-02,3.304706467700275346e-03,6.237259590109116292e-03,5.582903862053699429e-03,1.365436821124554889e-03,1.068679556023729993e-03,3.554191617739416859e-02,1.303264901822135530e-02,2.777104347812513890e-03,2.855400384886565279e-02,5.982307396068581307e-02,6.519527730620240658e-02,3.722242397144759352e-02,1.116000714621137452e-01,9.452880651371374510e-02,1.508539060164812706e-01,2.280124142727461486e-02,1.310220721457120430e-01,7.171223283959238248e-02,1.283255653050454081e-01,7.205431200079373544e-02,1.961746072071315072e-01,5.611738248166364684e-02,5.365146208033834407e-02,5.192435938956890124e-02,2.759489367005501376e-02,6.145318317183320195e-02,7.167872646361363176e-02,1.006657279638319413e-01,4.914615627340002818e-02,1.828267773344631197e-01,1.634229133028511638e-01,4.614921214401143668e-02,1.108603767673482232e-01,3.459784635144187437e-01,1.602817048105399100e-01,2.376439064200844831e-01,1.649888721327514296e-01,4.895379337197987291e-02,1.167825535463357378e-01
3.579166083187523134e-02,7.948086969622110420e-02,5.657397832282509698e-02,4.740397717627863744e-02,1.566691918112360637e-01,1.488665831846219811e-01,0.000000000000000000e+00,2.782952141824316175e-02,1.989467118996700312e-01,1.181996722137727829e-01,1.408508676059745668e-01,1.078866806054021021e-01,2.780965019903003377e-01,8.021223706084176786e-02,5.923862648147931037e-02,5.927084114722520197e-02,4.220720002376592006e-02,8.368010419188098847e-02,7.872287497880478546e-02,1.435063835558440526e-01,6.345280838196776241e-02,2.748610862335684191e-01,1.961155056317233081e-01,9.441871385996183919e-02,1.731412580837168591e-01,4.260155368833662415e-01,2.219906322374926022e-01,3.649504844496214706e-01,2.454641299815456257e-01,6.799118211092695929e-02,1.601565508232632995e-01,3.906704259839875737e-03,3.790107729265385084e-03,2.492454201557942062e-03,1.894916162846847080e-03,8.182563040077640848e-02,2.881879355366148698e-02,4.043399916254993356e-03,7.629407719588289505e-03,7.006710550373877744e-03,1.373489566933956685e-03,1.654732304316727104e-03,5.224158827658417076e-02,1.932779999703026358e-02,3.564860096714549120e-03,4.173419258878187377e-02,8.646799700040042058e-02,9.462320562779606703e-02,5.490944866114307044e-02,1.654259814305242549e-01,1.376067956196774245e-01,2.233955343475461375e-01,3.277301075817801862e-02,1.899500142671256553e-01,1.074645063298406700e-01,1.873338720541573021e-01,1.067592447714057619e-01,2.893885059188975317e-01,8.248960042617228816e-02,7.748367040166848074e-02,7.651369256206863589e-02,4.095942218291561548e-02,8.978914133389409580e-02,1.039527730996065297e-01,1.439165140395681775e-01,7.258243538765052350e-02,2.622881362640233638e-01,2.341018710936456915e-01,6.651581422240325503e-02,1.611244654086247674e-01,5.009447856573281399e-01,2.322416995399813056e-01,3.474841603911981158e-01,2.387255366009604640e-01,7.057861833302861432e-02,1.692052398918811318e-01
4.792999658812260866e-03,1.017475089142527538e-02,7.450487340026235028e-03,6.009357475534805003e-03,2.020539619839271939e-02,1.940520883189777307e-02,2.782952141824316175e-02,0.000000000000000000e+00,2.585553152254877612e-02,1.517146815519982740e-02,1.880610002917240328e-02,1.418560335546692128e-02,3.558138003777666647e-02,1.020338937595333811e-02,8.502562459607020812e-03,7.654575105518736378e-03,5.349055201490850175e-03,1.074657172006927668e-02,1.081217070550122283e-02,1.888191219546845809e-02,8.445447032732917095e-03,3.631634977913049400e-02,2.665728216201357359e-02,1.254248926153169949e-02,2.238305859183206681e-02,5.673866768531293792e-02,2.928009399598892337e-02,4.749104309699946069e-02,3.188837307751796191e-02,8.712758327868920516e-03,2.110558231693763359e-02,1.160444755721698820e-03,8.667209755737178070e-04,1.133908843815359044e-03,5.989483386426956713e-04,1.013006370679505642e-02,3.559597760856339586e-03,8.161418258944984523e-04,1.625694237720888558e-03,1.369974272080613613e-03,6.878986165265426472e-04,4.873397104321096698e-04,6.950701923897364097e-03,2.485792053965910856e-03,6.793145322636566334e-04,5.248090434608825884e-03,1.136729134630816949e-02,1.261030113854945921e-02,7.071363945990103740e-03,2.106334725603214303e-02,1.797656695606137528e-02,2.856230699908602136e-02,4.437931128182895715e-03,2.514831201803158917e-02,1.405184354676302511e-02,2.506628224938151767e-02,1.419459960427564560e-02,3.705327229849190995e-02,1.068929129210179768e-02,1.029008809009439307e-02,9.746696088646878905e-03,5.253981046310125455e-03,1.168808939909910319e-02,1.403908954834224773e-02,1.927662452591888745e-02,9.524838139329926817e-03,3.507707995851864352e-02,3.148485744279437559e-02,8.793621243226789133e-03,2.138336060260948718e-02,6.658368399838535123e-02,3.108435887543477966e-02,4.548255272445287517e-02,3.105070155427434170e-02,9.284339989124241674e-03,2.234345141049055156e-02
3.263417891563116791e-02,7.163932551563606532e-02,5.197361112016977286e-02,4.248141039264879959e-02,1.410942402315686905e-01,1.367729388914824262e-01,1.989467118996700312e-01,2.585553152254877612e-02,0.000000000000000000e+00,1.060148016719215658e-01,1.298909332095283808e-01,9.618872186474242136e-02,2.503106326795159209e-01,7.187411693945315594e-02,5.624996641587942658e-02,5.386283446876802272e-02,3.790541523215333608e-02,7.610202555154881032e-02,7.328059430345872094e-02,1.331333966343494768e-01,5.724058437862535736e-02,2.539357928163175071e-01,1.837943143044902250e-01,8.594598102136485895e-02,1.582402664736304310e-01,3.926149963193445447e-01,2.070716863699043897e-01,3.340300865542099040e-01,2.254374926962051939e-01,6.211067224814563470e-02,1.467326293058995035e-01,4.901331951355093752e-03,4.456057317171580046e-03,3.588208095521426555e-03,2.329851923259781965e-03,7.260511137162203865e-02,2.553315657893199045e-02,4.479143023385930011e-03,8.519333165497591787e-03,7.458394987972682966e-03,2.157648937945219614e-03,1.774513189362982024e-03,4.769488876666242577e-02,1.706090127985987123e-02,3.731320908123243046e-03,3.723190891563512434e-02,8.016102147497086716e-02,8.621484412647667517e-02,4.928328889528221096e-02,1.479324423323422066e-01,1.256460871249804878e-01,2.011364428748321775e-01,3.027889886902113484e-02,1.742568118415545597e-01,9.711253334022570960e-02,1.713909376629555448e-01,9.589172898116506139e-02,2.611237572390020523e-01,7.497681391691113362e-02,7.101133270128449915e-02,6.981517414354350415e-02,3.726044157707192328e-02,8.278928240509456082e-02,9.572419819066151081e-02,1.347301566426822583e-01,6.449772990724485233e-02,2.453432917785145773e-01,2.169114307207813397e-01,6.085781190913935879e-02,1.484742022420905416e-01,4.601503618109650251e-01,2.140473864900759582e-01,3.187774565292526008e-01,2.201959802595114535e-01,6.563526238800591883e-02,1.558760430879710668e-01
1.897036686415335890e-02,4.220040714416863070e-02,2.986494321788999567e-02,2.517323855562175056e-02,8.399172435591878427e-02,7.842158275910238174e-02,1.181996722137727829e-01,1.517146815519982740e-02,1.060148016719215658e-01,0.000000000000000000e+00,7.598906433665891802e-02,5.706466575758342014e-02,1.482043271223488223e-01,4.266137167129648716e-02,3.235836633674148144e-02,3.151644863643125738e-02,2.206604142508299463e-02,4.458775868375993573e-02,4.229093786482240186e-02,7.656093396166639697e-02,3.393036492867090165e-02,1.474266768523993243e-01,1.057109442353416778e-01,5.055413011918474114e-02,9.268897722588964605e-02,2.292860207600734002e-01,1.184014550144106698e-01,1.952349009161004068e-01,1.301547912097642812e-01,3.601398962613820004e-02,8.529685837580133767e-02,1.484035417153702074e-03,1.673680781708524606e-03,5.566457719144365934e-04,5.218544740058020381e-04,4.328467628640240983e-02,1.510602079427037815e-02,2.069918023169605575e-03,3.507084728660243844e-03,3.394582626740236253e-03,0.000000000000000000e+00,1.997404417973004664e-04,2.787919880173577586e-02,1.004151474863885021e-02,1.893930096127260931e-03,2.197382578023753669e-02,4.665421757203731118e-02,5.009217005138164730e-02,2.930928589019959896e-02,8.872452940414837785e-02,7.182013056053981881e-02,1.187843635972372774e-01,1.774112016697828101e-02,1.005384547700465120e-01,5.753067337213065707e-02,1.007907993784034478e-01,5.625892040381343107e-02,1.530827558311987913e-01,4.406874480729337795e-02,4.105434416897205813e-02,4.089728686966678795e-02,2.182694510135900143e-02,4.841383272739198385e-02,5.558620585935553082e-02,7.693541067411746592e-02,3.825206053660726302e-02,1.417649277488186865e-01,1.251070450672923939e-01,3.541261721157172582e-02,8.622189013553593906e-02,2.678524994075943688e-01,1.230198169116793194e-01,1.860948735320387681e-01,1.276281372479166065e-01,3.840696594587282575e-02,9.054542632734673135e-02
2.346763183997011004e-02,5.102215414531779958e-02,3.723516503520635929e-02,3.027609721686781372e-02,1.009538187100067486e-01,9.673384443508530051e-02,1.408508676059745668e-01,1.880610002917240328e-02,1.298909332095283808e-01,7.598906433665891802e-02,0.000000000000000000e+00,6.992627081152177904e-02,1.776086189668649173e-01,5.126964157721356635e-02,4.014989775210145440e-02,3.832287413137203114e-02,2.702271713094232461e-02,5.444312282289823918e-02,5.278503310549090277e-02,9.394067845404346917e-02,4.165237007727958657e-02,1.790206171989207340e-01,1.309744927415240345e-01,6.169114869092484632e-02,1.117241830543332370e-01,2.794879471001768811e-01,1.455493307106982270e-01,2.359992237651442337e-01,1.587159761997593566e-01,4.376081742880447156e-02,1.041809169436219151e-01,3.904184584358191823e-03,3.240763228200136542e-03,2.934586725182646016e-03,1.849368924595740787e-03,5.158037708637487617e-02,1.795624242830983278e-02,3.308203628874755234e-03,6.225164618267421679e-03,5.442429799640748078e-03,1.841939286406663046e-03,1.463517060744753961e-03,3.390267047204503087e-02,1.218614383759115613e-02,2.658543508022486249e-03,2.649515938684401245e-02,5.679073550872325293e-02,6.213607878520182454e-02,3.527591132591328948e-02,1.055758538697245397e-01,8.948871408795122662e-02,1.423797984040676701e-01,2.185746101383858470e-02,1.239173441703363965e-01,6.984296712932437645e-02,1.229938860631281244e-01,6.965813249264717066e-02,1.843247649259034393e-01,5.329765292659447568e-02,5.067598035595459460e-02,4.946445933482752216e-02,2.675539191665595937e-02,5.878769551672979182e-02,6.888934792495704507e-02,9.542316674659273579e-02,4.707165235535959447e-02,1.736912283790812139e-01,1.549196286731162608e-01,4.345534076967993986e-02,1.058380573530669916e-01,3.284130737688348844e-01,1.525117579161245629e-01,2.263571038152588644e-01,1.559699128529012657e-01,4.671864904964848769e-02,1.106775339999493263e-01
1.859563888476401319e-02,3.856386770727925073e-02,2.795506573371982564e-02,2.346626485967479719e-02,7.776773168016049009e-02,7.240144881179678971e-02,1.078866806054021021e-01,1.418560335546692128e-02,9.618872186474242136e-02,5.706466575758342014e-02,6.992627081152177904e-02,0.000000000000000000e+00,1.356268944093239615e-01,3.974326066011303615e-02,3.035815334754455794e-02,2.882316604066543358e-02,2.038094312571089861e-02,4.039252879017595638e-02,3.929796414688051936e-02,7.000285617300322505e-02,3.237286729885491959e-02,1.340383007123677750e-01,9.796354919390747040e-02,4.806691046553739077e-02,8.357397526492084394e-02,2.127436587445388771e-01,1.076419728036261125e-01,1.771195985039493714e-01,1.186737488924054923e-01,3.303165005296800072e-02,7.810087320475138373e-02,1.753452163818586262e-03,1.842760569384198355e-03,1.121879008636132713e-03,8.336207599357638165e-04,4.024779129559159785e-02,1.362636902087749347e-02,2.007292481827345314e-03,3.596449866258163985e-03,3.575346527801925509e-03,6.096446255614666743e-04,7.333903416947076814e-04,2.541643266900889958e-02,9.352990998634035102e-03,1.678710489129990775e-03,2.132354963107788506e-02,4.235460497394042539e-02,4.774985102213708671e-02,2.716283643893275049e-02,8.106805944810180353e-02,6.642364236055216253e-02,1.088741775937405870e-01,1.611808015693973195e-02,9.262117618540208208e-02,5.306436761274940100e-02,9.205531768245583946e-02,5.424110578842785552e-02,1.400185537866632801e-01,4.015601125968436269e-02,3.849214104410942500e-02,3.694467842111499867e-02,1.996959082238346922e-02,4.353129830450842841e-02,5.253431468857545916e-02,7.152319745453923627e-02,3.615550360778711086e-02,1.286482537552666172e-01,1.160029260199034878e-01,3.361133829925330718e-02,7.886511196247443511e-02,2.489572275565529458e-01,1.144039957931000662e-01,1.695370213413398552e-01,1.165309188805750823e-01,3.534793440726970853e-02,8.307549457824668637e-02
4.488633738749553403e-02,9.998795991877465483e-02,7.138715113439306204e-02,6.000546697105033772e-02,1.977654063280795960e-01,1.871965660455175429e-01,2.780965019903003377e-01,3.558138003777666647e-02,2.503106326795159209e-01,1.482043271223488223e-01,1.776086189668649173e-01,1.356268944093239615e-01,0.000000000000000000e+00,1.005713062433712668e-01,7.543310231761381213e-02,7.508187074040512110e-02,5.278475089029024958e-02,1.056292375227475128e-01,9.927261780078266984e-02,1.809750918067866976e-01,8.001232458962785621e-02,3.482215686612413763e-01,2.495053668004965364e-01,1.201581203570633305e-01,2.178452231101824510e-01,5.389139724968616818e-01,2.804534622148234790e-01,4.614190143065514671e-01,3.097446923365331783e-01,8.563632395991004065e-02,2.029652538023875852e-01,4.515047491463239360e-03,4.496476606356235306e-03,2.204105386617194462e-03,1.888247686837679629e-03,1.022888046430938808e-01,3.620085278753407132e-02,5.191283233030228456e-03,9.490750077541285079e-03,8.544645762688506119e-03,9.711013408889579424e-04,1.538125374917355404e-03,6.634667548252282110e-02,2.446205190877225738e-02,4.545258675260642478e-03,5.206350972766426999e-02,1.096155838221381934e-01,1.197212095139964516e-01,6.948270183602284211e-02,2.088292307801027647e-01,1.725538875808502459e-01,2.821294496151738329e-01,4.167506728371957875e-02,2.394686133349358814e-01,1.344743597345512964e-01,2.373720275553257708e-01,1.338267479946061711e-01,3.664024726233958695e-01,1.043311178009971169e-01,9.812219720472428741e-02,9.698437451225352945e-02,5.129926030415548482e-02,1.139486462574966774e-01,1.317358659198205884e-01,1.821506224760587045e-01,9.138785805507931848e-02,3.335230307985405651e-01,2.973442965200416843e-01,8.402157126202210169e-02,2.036271601113584795e-01,6.336773922179043117e-01,2.929035399434361531e-01,4.392983295579214742e-01,3.011531995510594029e-01,8.953710306014535381e-02,2.149839398254808909e-01
1.285816531439140480e-02,2.859935052473741579e-02,2.058275336182047166e-02,1.744063199007683460e-02,5.705893561030068312e-02,5.406481991821582983e-02,8.021223706084176786e-02,1.020338937595333811e-02,7.187411693945315594e-02,4.266137167129648716e-02,5.126964157721356635e-02,3.974326066011303615e-02,1.005713062433712668e-01,0.000000000000000000e+00,2.173192500652587275e-02,2.137871931002316081e-02,1.505781905851340079e-02,2.964646977831515706e-02,2.899551690340621338e-02,5.148526220840577566e-02,2.309621227207582506e-02,9.979706625883434656e-02,7.120401738090803567e-02,3.464206622172312511e-02,6.168690176176232220e-02,1.539933574879794875e-01,8.048115777460639053e-02,1.313752055463263402e-01,8.870041026139031948e-02,2.481980511813474885e-02,5.737183542323345820e-02,6.484931552929833198e-04,8.969037171639472616e-04,0.000000000000000000e+00,1.500954953159161498e-04,2.960454184096289118e-02,1.009031961123312698e-02,1.270106774364263696e-03,2.028652181360911244e-03,2.140490064038413562e-03,0.000000000000000000e+00,1.033098789975719911e-04,1.862760047627429888e-02,6.737367213700156711e-03,1.147439281204708054e-03,1.494303135843223079e-02,3.160328964363628979e-02,3.477006316407216246e-02,2.005089732013164844e-02,6.051313353308700183e-02,4.906472770230549396e-02,8.098758224625027258e-02,1.159882565321530140e-02,6.939416310998400284e-02,3.856987186349052771e-02,6.836199075718014939e-02,3.873460277650082884e-02,1.053767436961320497e-01,2.966433358502112289e-02,2.823427741751452502e-02,2.801356900519006224e-02,1.475056121635850981e-02,3.291111246841477156e-02,3.888665213905827256e-02,5.263818021594272173e-02,2.590213789218361040e-02,9.566376472013335408e-02,8.464251124479851840e-02,2.415196920126534350e-02,5.834016270972264273e-02,1.807477184052861119e-01,8.444903179694497608e-02,1.257075203158923848e-01,8.652529228846615739e-02,2.601538368382867034e-02,6.100397416851584265e-02
1.090226601026502394e-02,2.203814659179126681e-02,1.631550056008000682e-02,1.265448706430425535e-02,4.274966829935679391e-02,4.216038999051507918e-02,5.923862648147931037e-02,8.502562459607020812e-03,5.624996641587942658e-02,3.235836633674148144e-02,4.014989775210145440e-02,3.035815334754455794e-02,7.543310231761381213e-02,2.173192500652587275e-02,0.000000000000000000e+00,1.665010090302403850e-02,1.155065174356736078e-02,2.330897463286062815e-02,2.320895040193263550e-02,4.098105818154737512e-02,1.837162095426904743e-02,7.804605799968972191e-02,5.880862056871130616e-02,2.759749115698104452e-02,4.874796676792610139e-02,1.233441142451481704e-01,6.397497924422385074e-02,1.017964594271413004e-01,6.876579704373972368e-02,1.884606040732190665e-02,4.577987231135601659e-02,3.460231375976639823e-03,2.428270935498157840e-03,3.250159151862507673e-03,1.792973302981597933e-03,2.203824895287289157e-02,7.722719123667074262e-03,2.056347663823227326e-03,4.353414975501901374e-03,3.451809255011610914e-03,2.255062523844202776e-03,1.566594326717820479e-03,1.450545104757402538e-02,5.160133712373738898e-03,1.606576582861643249e-03,1.191463172837156290e-02,2.446121098750605322e-02,2.709293311309291311e-02,1.479685571325428835e-02,4.419304884606525818e-02,3.926615304324126976e-02,6.039793312842375167e-02,9.666017388604506919e-03,5.445828296861743995e-02,3.013786246304523547e-02,5.283707540390021606e-02,3.094844448346978708e-02,7.887562388619923093e-02,2.265123553324917965e-02,2.228974339835660540e-02,2.111773183780438559e-02,1.133023155774602782e-02,2.506553409535037039e-02,3.010581208662205938e-02,4.219498563874877345e-02,2.056964418736614147e-02,7.590335147391337467e-02,6.879723177523372479e-02,1.962746360325605052e-02,4.633331231981400317e-02,1.453484243611815052e-01,6.694595731731811661e-02,9.717247993562473651e-02,6.758560493465883001e-02,2.006508524290296150e-02,4.826388555874187164e-02
9.753226929349229773e-03,2.135355566418872461e-02,1.547410627996295696e-02,1.269434233930850225e-02,4.212093624757569377e-02,4.038720942972955086e-02,5.927084114722520197e-02,7.654575105518736378e-03,5.386283446876802272e-02,3.151644863643125738e-02,3.832287413137203114e-02,2.882316604066543358e-02,7.508187074040512110e-02,2.137871931002316081e-02,1.665010090302403850e-02,0.000000000000000000e+00,1.124283903941813469e-02,2.244654484379770762e-02,2.168192524519697850e-02,3.926854927981315857e-02,1.728596754841440694e-02,7.488370185761621112e-02,5.440992584597321297e-02,2.589707201984956311e-02,4.654913961487844309e-02,1.163873584271892803e-01,6.081813003424255820e-02,9.918171382352598819e-02,6.672375780024465686e-02,1.845144051064137591e-02,4.351506410467440022e-02,1.148789491724675621e-03,1.018603801311628032e-03,5.964917430561211820e-04,4.728798689059808547e-04,2.176604550467974714e-02,7.617589427545722047e-03,1.208229955357239399e-03,2.177686551564615020e-03,1.979420282766996414e-03,2.976646382395111562e-04,3.447696590247115167e-04,1.403823334187004335e-02,5.190558602829937508e-03,1.048679068543432492e-03,1.110836154256651664e-02,2.373001978330606387e-02,2.574887863863612250e-02,1.467751354336530555e-02,4.431355826345897975e-02,3.728252846035298718e-02,6.020029447996481931e-02,8.893643673802659189e-03,5.159025016967860866e-02,2.879649301307655312e-02,5.098469060047925577e-02,2.858653722548966034e-02,7.803425187699819521e-02,2.206190651218238249e-02,2.105330982141937965e-02,2.060259736444078685e-02,1.101295796098534542e-02,2.449206028918569922e-02,2.855639273601546027e-02,3.987304457961317328e-02,1.940038147418660791e-02,7.238163042292973526e-02,6.422677260200244931e-02,1.821482901370970880e-02,4.372887456691995633e-02,1.367457420060689544e-01,6.338741091163055397e-02,9.420107717868402009e-02,6.522099561234322163e-02,1.940501436608201360e-02,4.618928923949059545e-02
6.684172021919183859e-03,1.489963977447350194e-02,1.065461062186063949e-02,9.065556092041720387e-03,2.978616485864763602e-02,2.802194109487565754e-02,4.220720002376592006e-02,5.349055201490850175e-03,3.790541523215333608e-02,2.206604142508299463e-02,2.702271713094232461e-02,2.038094312571089861e-02,5.278475089029024958e-02,1.505781905851340079e-02,1.155065174356736078e-02,1.124283903941813469e-02,0.000000000000000000e+00,1.582386790989350617e-02,1.516291831319600478e-02,2.741236305486834113e-02,1.217486751837841899e-02,5.251453114360362523e-02,3.766123447583534511e-02,1.805315905890196929e-02,3.251716034255707627e-02,8.099978631712471955e-02,4.226323902495127127e-02,6.957132232605470201e-02,4.643135137603276313e-02,1.294503216731200841e-02,3.028549199497254305e-02,4.706872284334882861e-04,5.584816653182262877e-04,1.191473870202214291e-04,9.658472635937220829e-05,1.551812826612511929e-02,5.449232287443184740e-03,7.707134324010361109e-04,1.236100648395970988e-03,1.155161251630938343e-03,0.000000000000000000e+00,1.664503053261465887e-05,9.881289679923580677e-03,3.625434846099260828e-03,6.955058124112666398e-04,7.594848239098943299e-03,1.662831350501921615e-02,1.777973468838805332e-02,1.058239258159633135e-02,3.181305162713360390e-02,2.573361617046692265e-02,4.259698443243904037e-02,6.207585049726771151e-03,3.584515070409814708e-02,2.020653955180608252e-02,3.583348332989759466e-02,2.003726358529518345e-02,5.512963711318826648e-02,1.552162673806943040e-02,1.459053493843567341e-02,1.457458748788091792e-02,7.633330784900659027e-03,1.721612932407345226e-02,1.973791532738574869e-02,2.743941892156352702e-02,1.346624781729027429e-02,5.056846890652029469e-02,4.423162159278502814e-02,1.252662603229376219e-02,3.058213507597842828e-02,9.465121034271846423e-02,4.381358618889074491e-02,6.600747708243576151e-02,4.546067771272819386e-02,1.356383321485527677e-02,3.223117634870438508e-02
1.338788654223215142e-02,3.014734930494693960e-02,2.177866036752936635e-02,1.783155784203920707e-02,5.943274517309281996e-02,5.704574332018046146e-02,8.368010419188098847e-02,1.074657172006927668e-02,7.610202555154881032e-02,4.458775868375993573e-02,5.444312282289823918e-02,4.039252879017595638e-02,1.056292375227475128e-01,2.964646977831515706e-02,2.330897463286062815e-02,2.244654484379770762e-02,1.582386790989350617e-02,0.000000000000000000e+00,3.048444961559431537e-02,5.534792048181763624e-02,2.422084541840565514e-02,1.060559841087540395e-01,7.625872200723624039e-02,3.597863501932101887e-02,6.576400580565421039e-02,1.632700812388979128e-01,8.549288320382261719e-02,1.399147499155363739e-01,9.439981395940894027e-02,2.573355758583412145e-02,6.100730055459373247e-02,1.330400519554859884e-03,1.259538380218741191e-03,5.310339803063154895e-04,4.666080534030773996e-04,3.025610661600601839e-02,1.072640300080773997e-02,1.614086342468488283e-03,2.759655386773793295e-03,2.600326732732121532e-03,6.606375867551292358e-05,2.179310760931623542e-04,1.966425126440745491e-02,7.216585216732628559e-03,1.409769747322730561e-03,1.513477242208481274e-02,3.361562711366327533e-02,3.586005859529477896e-02,2.088682581648639708e-02,6.268647531501578274e-02,5.205025708354858033e-02,8.474861650365886345e-02,1.258024697038344526e-02,7.259373230715422676e-02,4.069613471416055894e-02,7.187221989363044850e-02,3.973288053383456503e-02,1.099588167101985259e-01,3.098149964006303644e-02,2.955217354287191511e-02,2.935703615193995322e-02,1.561920862746222702e-02,3.494412245875966327e-02,3.952100453551714992e-02,5.547331310787403935e-02,2.708952207101786649e-02,1.019482719936354032e-01,8.964959189079363400e-02,2.522244719778158131e-02,6.179112644217450712e-02,1.911494488807024550e-01,8.853198229230355154e-02,1.328593808704832402e-01,9.194533489792212910e-02,2.721142934758361692e-02,6.518824076031362602e-02
1.343206507949105954e-02,2.848787571178535219e-02,2.110013988027843387e-02,1.673426978348714969e-02,5.648407657883491861e-02,5.508293024269256960e-02,7.872287497880478546e-02,1.081217070550122283e-02,7.328059430345872094e-02,4.229093786482240186e-02,5.278503310549090277e-02,3.929796414688051936e-02,9.927261780078266984e-02,2.899551690340621338e-02,2.320895040193263550e-02,2.168192524519697850e-02,1.516291831319600478e-02,3.048444961559431537e-02,0.000000000000000000e+00,5.337564204799118139e-02,2.347202024476309837e-02,1.017860286618935267e-01,7.504996388144544173e-02,3.498590826829409139e-02,6.310776983541621643e-02,1.577931003471856608e-01,8.278259072523121154e-02,1.322765564974307528e-01,8.991074942746157816e-02,2.485595183677808545e-02,5.866524717677919221e-02,2.982880928045297114e-03,2.316918327422846924e-03,2.294238533469866032e-03,1.455017171841467560e-03,2.936142593787563135e-02,1.002850804895125472e-02,2.154668408402607080e-03,4.154261705140986638e-03,3.582801156936613052e-03,1.560213348919283621e-03,1.091058270997341539e-03,1.910430847153051295e-02,6.665805774975912777e-03,1.730900242032922844e-03,1.502744672540680219e-02,3.191743067253699495e-02,3.521202901145276121e-02,1.964624500202613241e-02,5.881241058534161792e-02,5.054838765981422427e-02,7.979713265370563802e-02,1.221095406893651231e-02,7.057693409960666409e-02,3.924335539309365545e-02,6.891348478803697997e-02,3.949272765465081103e-02,1.031190618550433535e-01,2.994553405887524083e-02,2.864040419694706407e-02,2.767657418036318512e-02,1.481103326441046697e-02,3.296366335974820760e-02,3.923774563740291960e-02,5.488047448710300230e-02,2.609667812900457601e-02,9.856625368449549451e-02,8.773462372682634680e-02,2.486350650013659930e-02,5.984467902730727235e-02,1.854630088209230088e-01,8.680122139892501587e-02,1.276413529832335636e-01,8.850868589942162412e-02,2.669103881642579876e-02,6.161475938773339905e-02
2.346936796530944488e-02,5.210130101126252133e-02,3.756394302069605146e-02,3.053115676686694174e-02,1.015977319292933334e-01,9.911560665229385281e-02,1.435063835558440526e-01,1.888191219546845809e-02,1.331333966343494768e-01,7.656093396166639697e-02,9.394067845404346917e-02,7.000285617300322505e-02,1.809750918067866976e-01,5.148526220840577566e-02,4.098105818154737512e-02,3.926854927981315857e-02,2.741236305486834113e-02,5.534792048181763624e-02,5.337564204799118139e-02,0.000000000000000000e+00,4.146092189458427946e-02,1.837303268655816890e-01,1.341047126474718687e-01,6.281990096411740887e-02,1.140408383289248512e-01,2.839269243930196418e-01,1.495868427733313688e-01,2.402093428946331377e-01,1.629046482675631513e-01,4.480164238337468879e-02,1.060046082202595608e-01,3.364573655764702131e-03,2.610281508687448820e-03,1.916444497211608478e-03,1.258530585227665699e-03,5.238962535161004880e-02,1.844642425691430873e-02,3.031585874821187548e-03,5.579893399283115951e-03,5.007310144542451852e-03,8.678396948031616431e-04,7.778967165446085130e-04,3.390622283889143523e-02,1.244584166451057246e-02,2.567617377609823087e-03,2.630959230217070483e-02,5.882565523128836099e-02,6.227612964410705887e-02,3.575598644490823874e-02,1.073098766442796281e-01,9.076691208011664069e-02,1.457558280604987211e-01,2.195726568038107798e-02,1.261427081441429121e-01,7.060810004819235985e-02,1.240437927365454635e-01,6.930318462812823377e-02,1.883252121238321586e-01,5.334113436251096407e-02,5.130640921009529953e-02,5.051294167662939011e-02,2.672122621451099300e-02,5.994211677717847103e-02,6.986644493433183389e-02,9.817074545876934566e-02,4.638980262893094980e-02,1.788958430596860882e-01,1.573778309986442192e-01,4.435186125031678750e-02,1.074681770009451726e-01,3.339493337397443917e-01,1.549964493419351552e-01,2.297300737264574844e-01,1.603693271024787814e-01,4.785876570563139809e-02,1.129090915848177390e-01
1.075515553671264543e-02,2.270824517438829390e-02,1.659805381187892670e-02,1.382909933119206257e-02,4.586048661548530053e-02,4.313162041855873874e-02,6.345280838196776241e-02,8.445447032732917095e-03,5.724058437862535736e-02,3.393036492867090165e-02,4.165237007727958657e-02,3.237286729885491959e-02,8.001232458962785621e-02,2.309621227207582506e-02,1.837162095426904743e-02,1.728596754841440694e-02,1.217486751837841899e-02,2.422084541840565514e-02,2.347202024476309837e-02,4.146092189458427946e-02,0.000000000000000000e+00,8.068435793144254631e-02,5.904023274333009691e-02,2.862710165011374958e-02,4.938335071704044732e-02,1.265718383584526763e-01,6.430383628864626278e-02,1.053613032780165160e-01,7.024108876048272554e-02,1.931985453618621437e-02,4.644660920872982490e-02,1.383991289541624398e-03,1.190035765435606269e-03,7.321933486133004598e-04,4.948323316150988332e-04,2.330071514154349530e-02,7.944180978133302123e-03,1.505055262179299039e-03,2.495789295943628971e-03,2.227415552769099541e-03,1.314604016106092621e-04,2.364727927181044242e-04,1.485220184867938956e-02,5.448702815564029217e-03,1.221635900989117077e-03,1.232392148723402726e-02,2.495998760188599536e-02,2.788795805633749805e-02,1.607182431122966548e-02,4.836811068910181616e-02,3.965832955122496062e-02,6.448417039846157661e-02,9.600221578644905357e-03,5.572873105115922626e-02,3.120239972984223398e-02,5.567345708726638420e-02,3.212275823215910570e-02,8.354831162925258070e-02,2.350172540326478723e-02,2.302540230421066050e-02,2.218078167482560523e-02,1.164994670147951467e-02,2.629579691931311497e-02,3.083971220515809714e-02,4.240474081315005056e-02,2.135928696190669135e-02,7.753086050288054976e-02,6.961362121296713057e-02,2.002730965860372719e-02,4.689429442821048399e-02,1.487618779459164708e-01,6.792690364183684437e-02,1.010252611619732593e-01,6.925427728568991914e-02,2.083343884153184000e-02,4.938629890912390324e-02
