0.000000000000000000e+00,2.032974339238818526e-02,1.504487653560160863e-02,5.725564432880347714e-03,2.994081931831106200e-02,3.345838490216607175e-02,3.776538589452112932e-02,6.993626886255942948e-03,4.279089470346580937e-02,2.503333716523269831e-02,3.155351905735392926e-02,1.990990051871310493e-02,5.753742421074820729e-02,1.764004067103317613e-02,2.034632279490969364e-02,1.526969081823470811e-02,9.172776135376911610e-03,1.773066153730390795e-02,2.047459109055865117e-02,3.330315065270782193e-02,2.146639732270614123e-02,6.786147435189504584e-02,5.437069085781538746e-02,2.493697052566318240e-02,4.559975342199423798e-02,1.064199295929632860e-01,5.676105380661236599e-02,8.090774781947088212e-02,5.864854398578534661e-02,1.448639385056429453e-02,5.027895312953460649e-02,1.868759315725515568e-02,1.229307986512842045e-02,1.881600389602557794e-02,1.152446846100901694e-02,1.897990990777472659e-02,6.934985762636041405e-03,6.412983909399086122e-03,1.923768231767424702e-02,1.388257812683001656e-02,1.726560143686175358e-02,1.251751945490582954e-02,1.348633102330435915e-02,4.231700238540478734e-03,5.939101717477898723e-03,1.280305653097560219e-02,1.828302001930548482e-02,2.276679548271948184e-02,8.908101747995968850e-03,2.904415460863750409e-02,4.074581083179057428e-02,4.017520043885238618e-02,9.546524104764595245e-03,5.585917555378969862e-02,2.685678938336069285e-02,4.113671905840373538e-02,2.511412038615581238e-02,5.911388969688249895e-02,2.110613191522020538e-02,2.016172770797974856e-02,1.850950268623300504e-02,6.860950018091174600e-03,1.873304202636335777e-02,1.924106715738767293e-02,3.518622810211101404e-02,1.949589280121578547e-02,6.438823240943819526e-02,6.032324356516266528e-02,1.993871074552494571e-02,4.253814493763672516e-02,1.321391269882903896e-01,5.748409220469236081e-02,8.412288162606437747e-02,5.313788350098521546e-02,1.628773370421531669e-02,4.958151929455323348e-02
2.032974339238818526e-02,0.000000000000000000e+00,2.212782843720425413e-02,7.783275703036884874e-03,4.234112146288279005e-02,4.806473032980142224e-02,5.307633727301438314e-02,1.015114054934847243e-02,6.172527542297133463e-02,3.520313765841290299e-02,4.529769704348216020e-02,2.723213906205657411e-02,8.240513005138061509e-02,2.460838692804659389e-02,2.857891975201141618e-02,2.221755267289462349e-02,1.312895583743057051e-02,2.561154635909995703e-02,2.992615697928297305e-02,4.783323128154833015e-02,3.015806008790869117e-02,9.985834079480529479e-02,7.842346586569468037e-02,3.490374858462409746e-02,6.551938146967385690e-02,1.529436472163444305e-01,8.222104681646015545e-02,1.165181767695124271e-01,8.489999932615688305e-02,2.093513943298173918e-02,7.299918503178126628e-02,2.670128806952303674e-02,1.680506279131753489e-02,2.618691058408218614e-02,1.584077333030282572e-02,2.654031680533098028e-02,9.691167095095173586e-03,9.111168066865097878e-03,2.741964317056458725e-02,1.928930185737522118e-02,2.353241891668205257e-02,1.723111132581746363e-02,1.909777190213238565e-02,5.876868406370507926e-03,8.226250174032969514e-03,1.754306271789835697e-02,2.676698022893323967e-02,3.282554350855376030e-02,1.222104554097959948e-02,4.110065521825437967e-02,5.891029334743114881e-02,5.721921209695415844e-02,1.376710026951883693e-02,8.278115284900552928e-02,3.789909631777842874e-02,5.968609550564412530e-02,3.418998898787683344e-02,8.516709095069804891e-02,3.059061817817983198e-02,2.817480457612352510e-02,2.654130547825202940e-02,9.453413766650136524e-03,2.687898933667614426e-02,2.827709283455133449e-02,5.106335649610036637e-02,2.688032519992403224e-02,9.486488531380439515e-02,8.661451809063362706e-02,2.786337314930144304e-02,6.103106541229433302e-02,1.892085141803276083e-01,8.348221896181028112e-02,1.216424730662277465e-01,7.817701911094514233e-02,2.379657497298752825e-02,7.152411462553817656e-02
1.504487653560160863e-02,2.212782843720425413e-02,0.000000000000000000e+00,5.868753961885934609e-03,3.212638119050967300e-02,3.671193939287194230e-02,4.023513355678277892e-02,7.649405506769646826e-03,4.707951175714975706e-02,2.621608604848804300e-02,3.408797372298096040e-02,2.055618688223356805e-02,6.266757902214389886e-02,1.876724871384923693e-02,2.120463624168121911e-02,1.665848368707174149e-02,9.746491853085150620e-03,1.949511264480494055e-02,2.291283025220862066e-02,3.627325191986091601e-02,2.242677338379476040e-02,7.590068519430237526e-02,5.941791360099817065e-02,2.617751772302178218e-02,4.975683087989136305e-02,1.159174847011269632e-01,6.200157789667464642e-02,8.769971461973356808e-02,6.439636187836959846e-02,1.560300414651468945e-02,5.426842080130066248e-02,2.005991346470525905e-02,1.267183048376355377e-02,1.952081312492752810e-02,1.185661412200401249e-02,1.991503950590741215e-02,7.339379519035398036e-03,6.832356575497472093e-03,2.052085640084476761e-02,1.439188526620969674e-02,1.768022722364373175e-02,1.295245579544749594e-02,1.439624413738767317e-02,4.411053096983163536e-03,6.088893273991746562e-03,1.302466662079812369e-02,2.029551631628288486e-02,2.512437005896983946e-02,9.399800675350972884e-03,3.102979746810861569e-02,4.465193287127808275e-02,4.335778448398947688e-02,1.041546500105644882e-02,6.300485392546351093e-02,2.824649672601867514e-02,4.526613636041382227e-02,2.571202381047651628e-02,6.456251205687842110e-02,2.305329934240305315e-02,2.128902731764522119e-02,1.987264711248417151e-02,7.185604998544651428e-03,2.041720580508924604e-02,2.192264559365257603e-02,3.892451582343270378e-02,2.031188361630032260e-02,7.216754688784987604e-02,6.567030066490638085e-02,2.072718355244428101e-02,4.634769703295334858e-02,1.427721516604854579e-01,6.291831552583201925e-02,9.242843183125977469e-02,5.984591143549731346e-02,1.819673453882511213e-02,5.392211821225369184e-02
5.725564432880347714e-03,7.783275703036884874e-03,5.868753961885934609e-03,0.000000000000000000e+00,1.140678959483943170e-02,1.286533045565553188e-02,1.425402539219386075e-02,2.817205401109891972e-03,1.691596889254305680e-02,9.350536353330468620e-03,1.250047285307643793e-02,7.319306340573299846e-03,2.189627824390085950e-02,6.605826242232622388e-03,8.176199089110495338e-03,5.817663163044287100e-03,3.479773475101161778e-03,6.748500920305597513e-03,8.241445170705295406e-03,1.285513681713728283e-02,8.150652790408323412e-03,2.703725378693254411e-02,2.151333669477095700e-02,9.440366535905915513e-03,1.740890242163091808e-02,4.126782706512082538e-02,2.181709783822749146e-02,3.125327979638317655e-02,2.291949341628859299e-02,5.607154690696562922e-03,1.975769558864574546e-02,7.312059099410080087e-03,4.841819116986654549e-03,7.395664289373831898e-03,4.428831881046463477e-03,6.967724688259513410e-03,2.481990487084555306e-03,2.576046422026093997e-03,7.517070730522731545e-03,5.595048223215091411e-03,6.676656285785274349e-03,4.694275052709278272e-03,4.987719290384460234e-03,1.554464216446813790e-03,2.372643630862431539e-03,4.837543070745618269e-03,7.170258579734481441e-03,8.910557228742187891e-03,3.308849299521143556e-03,1.116287496127067042e-02,1.597401133407628723e-02,1.529662237110771331e-02,3.752296867226574857e-03,2.229717334089172109e-02,1.008182199989785498e-02,1.654917788119205854e-02,9.126542012829266803e-03,2.310467465869804268e-02,8.156300569561054578e-03,7.748570971516854575e-03,7.218606660356391772e-03,2.491639660011743095e-03,7.359867302504556966e-03,7.770107675160403335e-03,1.384718470000536120e-02,7.318521848892707571e-03,2.591046591772746405e-02,2.375763910347124253e-02,7.646474816699274507e-03,1.645835981654990635e-02,5.153591293792938316e-02,2.252459622467922404e-02,3.276392891073953706e-02,2.069632544485058498e-02,6.408615815290704190e-03,1.944277856580582664e-02
2.994081931831106200e-02,4.234112146288279005e-02,3.212638119050967300e-02,1.140678959483943170e-02,0.000000000000000000e+00,7.047467792133713105e-02,7.811033952934916258e-02,1.470575724329255957e-02,8.997259563597521936e-02,5.208720766882041914e-02,6.620579854454976265e-02,3.994974904010858974e-02,1.207380323142501488e-01,3.624616999445133547e-02,4.138756405548082301e-02,3.227640518727206004e-02,1.933804189293642992e-02,3.732691715400649618e-02,4.407257196116164122e-02,6.880775257012550217e-02,4.360874969222636871e-02,1.433772448850749170e-01,1.139222002606233297e-01,5.077233434854692973e-02,9.517518064633180563e-02,2.204652058360972722e-01,1.184604984973858938e-01,1.694930058535712714e-01,1.231988785671105646e-01,3.052197221318401349e-02,1.049995272757858478e-01,3.974383292771038745e-02,2.495109155025628314e-02,3.832416335989417139e-02,2.355372707127512469e-02,3.907375583476171976e-02,1.442123935100884935e-02,1.352985201508379552e-02,4.087337657097524224e-02,2.860297733556789457e-02,3.505642029165568357e-02,2.537597448008780884e-02,2.791574983789553779e-02,8.628323650560666344e-03,1.217532585360989704e-02,2.587678536077799366e-02,3.838688082125800427e-02,4.753418055142138304e-02,1.813054769189403545e-02,6.092855558723807297e-02,8.541002522664359331e-02,8.401550987481873345e-02,2.004475273992493284e-02,1.194577694931287098e-01,5.640665383857345477e-02,8.728671248340717781e-02,5.047656937561897234e-02,1.241341687901319768e-01,4.486560994599753799e-02,4.090563209779997378e-02,3.861782908956319649e-02,1.402516934827888195e-02,3.954187327098850763e-02,4.123352590335850609e-02,7.366019065948876954e-02,3.938971776507240591e-02,1.365320591343625323e-01,1.257745884132352443e-01,4.070032429543204294e-02,8.987359893438938430e-02,2.750071439632940096e-01,1.204737252809775228e-01,1.769489558317245970e-01,1.129544662446041042e-01,3.472952299107409657e-02,1.036966767119375937e-01
3.345838490216607175e-02,4.806473032980142224e-02,3.671193939287194230e-02,1.286533045565553188e-02,7.047467792133713105e-02,0.000000000000000000e+00,8.857775968900276353e-02,1.695830126952881101e-02,1.034788780695876376e-01,5.747425326244127997e-02,7.487490131790418280e-02,4.514208983841649925e-02,1.362171755345117918e-01,4.071781373924641262e-02,4.717293436466803158e-02,3.606465729979885931e-02,2.143245324144255060e-02,4.232270102917974619e-02,4.997053574272624504e-02,7.842587145817420113e-02,4.947295896446313873e-02,1.651920126865174809e-01,1.316418491340795027e-01,5.747408342006461723e-02,1.082441578428065265e-01,2.525818026864155574e-01,1.351722841881640158e-01,1.921132681336633341e-01,1.393233527219966683e-01,3.403369293327719591e-02,1.188912474725747487e-01,4.532935369396207809e-02,2.817655072849413467e-02,4.346923256845761779e-02,2.649079156818375316e-02,4.373756733429445820e-02,1.619035640603421616e-02,1.527246521294412657e-02,4.579193472502678108e-02,3.225531993151875554e-02,3.907785114348306249e-02,2.807878024967823405e-02,3.152097269209084424e-02,9.648431904736380280e-03,1.362376932453343743e-02,2.923106876212885896e-02,4.422430227105891148e-02,5.369977864903427434e-02,2.044648509644190690e-02,6.804188733633742547e-02,9.784355748986835188e-02,9.516185603241111846e-02,2.290557109264467275e-02,1.383183918427771664e-01,6.172209537403831880e-02,9.883319548437284607e-02,5.592975840315424219e-02,1.415808811909265719e-01,5.047759303445858992e-02,4.653201992069513904e-02,4.327201045984724326e-02,1.564333090301558982e-02,4.443344223274207222e-02,4.666688486628637472e-02,8.430544253848615277e-02,4.479950525188838156e-02,1.572064731627053624e-01,1.442011690075399588e-01,4.606841483840429241e-02,1.019046994985438603e-01,3.136165416217897572e-01,1.374236321605581956e-01,2.013064519717294998e-01,1.295042368804218136e-01,3.931742983834984190e-02,1.171395209409559074e-01
3.776538589452112932e-02,5.307633727301438314e-02,4.023513355678277892e-02,1.425402539219386075e-02,7.811033952934916258e-02,8.857775968900276353e-02,0.000000000000000000e+00,1.870251213642385585e-02,1.144590380156096376e-01,6.478901220818956974e-02,8.356596847120259519e-02,5.023598748083442367e-02,1.513462992295827314e-01,4.540996881275269348e-02,5.254329797952427689e-02,4.055157330854430170e-02,2.395220099814516362e-02,4.669945572541107232e-02,5.585277206229691954e-02,8.645244260397613734e-02,5.487442986988448623e-02,1.819078336239266236e-01,1.439950377603701481e-01,6.390720133772975764e-02,1.193163637128924481e-01,2.773723513825112064e-01,1.483946238046940647e-01,2.133951974260110684e-01,1.548989867885508520e-01,3.824160232105345419e-02,1.317683706636135210e-01,5.021310708209845985e-02,3.165852843833256297e-02,4.852247019502810288e-02,2.973293257702233974e-02,4.927777588210582177e-02,1.814313765307141307e-02,1.710934304596888750e-02,5.175276409026664109e-02,3.663169512823432478e-02,4.449252624576706394e-02,3.195516327676850565e-02,3.521497810738655199e-02,1.094370526432359055e-02,1.545403189769715621e-02,3.247573714180941595e-02,4.834177385864814325e-02,5.918497151426418967e-02,2.284224046190481971e-02,7.615543083658439516e-02,1.073539982532610015e-01,1.053608311749787974e-01,2.531506955638103060e-02,1.508088294916106742e-01,7.041961454159084699e-02,1.098535626741657806e-01,6.289751963101548882e-02,1.562082776302932963e-01,5.650396542253759841e-02,5.119012059638381601e-02,4.843756935611218117e-02,1.738375460658697982e-02,4.963407786744836181e-02,5.169990493005710563e-02,9.225363100595186661e-02,4.910132884271369014e-02,1.723744665145794108e-01,1.584413498404122489e-01,5.124037188521753106e-02,1.122862591013305128e-01,3.449613270589437231e-01,1.516476194307249670e-01,2.230188952163554006e-01,1.419911433326622174e-01,4.336662720419374312e-02,1.299861336535695078e-01
6.993626886255942948e-03,1.015114054934847243e-02,7.649405506769646826e-03,2.817205401109891972e-03,1.470575724329255957e-02,1.695830126952881101e-02,1.870251213642385585e-02,0.000000000000000000e+00,2.189731420098512196e-02,1.249139515654447072e-02,1.597312395894628576e-02,1.006274652970762414e-02,2.865906963318136727e-02,8.429765358610097001e-03,1.029034852117876979e-02,7.695105509795789611e-03,4.576511007716221879e-03,9.006757288265080860e-03,1.067698382520439367e-02,1.679541416853059382e-02,1.045334941803074957e-02,3.488645827347369027e-02,2.813483060531780586e-02,1.239854154835155937e-02,2.286600207875417665e-02,5.421402722743383362e-02,2.848085802692330165e-02,4.082017470251406155e-02,2.955204329393023785e-02,7.204723034587526102e-03,2.508405745576562998e-02,9.375015334042184970e-03,5.871846589678820540e-03,9.311684946256606685e-03,5.580584515603308725e-03,8.965495138650195900e-03,3.348823928802850073e-03,3.247192009227157106e-03,9.668235439941641127e-03,6.709055248611552578e-03,8.266727717733696884e-03,5.932873820481050255e-03,6.638864252518898550e-03,2.084595496198283267e-03,2.941808765017652275e-03,5.935344997167225044e-03,9.373760414142680297e-03,1.149275725070622763e-02,4.389201880417237071e-03,1.444048358753462213e-02,2.057945609767345210e-02,2.035386776565402053e-02,4.945202821480557294e-03,2.871676373898180215e-02,1.338982749526994309e-02,2.126143878381627980e-02,1.255964289780401970e-02,3.009505141858059840e-02,1.052349185025754606e-02,1.000048497422252256e-02,9.170530931048352652e-03,3.376893934106951680e-03,9.489315401208609640e-03,1.006288444022862029e-02,1.789093556564346280e-02,9.686674490222320355e-03,3.341971354451526294e-02,3.102843098049954534e-02,9.794817443551998015e-03,2.141252337570698216e-02,6.706088716112605652e-02,2.936219659591753767e-02,4.281331204050518868e-02,2.704401533989888445e-02,8.142264478919292864e-03,2.470800736495541022e-02
4.279089470346580937e-02,6.172527542297133463e-02,4.707951175714975706e-02,1.691596889254305680e-02,8.997259563597521936e-02,1.034788780695876376e-01,1.144590380156096376e-01,2.189731420098512196e-02,0.000000000000000000e+00,7.431185685274903363e-02,9.694761551062312799e-02,5.816309455491593117e-02,1.750467081863795737e-01,5.221145284564445571e-02,6.154285092936029322e-02,4.733765333685691773e-02,2.758912461763961613e-02,5.458682325226638793e-02,6.493597976400428129e-02,1.024150562164699851e-01,6.365201303734982496e-02,2.141037648506591839e-01,1.689815798934623803e-01,7.379903779964501476e-02,1.393341058929070675e-01,3.245015036900284477e-01,1.754629539882336386e-01,2.475750665070245438e-01,1.814704811434863230e-01,4.401172793790616294e-02,1.527759148483516516e-01,5.740232798446737866e-02,3.643129220942237234e-02,5.617492164349466993e-02,3.408711800445819728e-02,5.639562463273153914e-02,2.070420287729050554e-02,1.991150351551259495e-02,5.893209427488464019e-02,4.193911952377817748e-02,5.095152380820256593e-02,3.640115541363158486e-02,4.043729732417934708e-02,1.262463144716347192e-02,1.783758091273667662e-02,3.704049063532520447e-02,5.655867315000735751e-02,6.970833360712216931e-02,2.630297527264217200e-02,8.730092450707470364e-02,1.254077439582646503e-01,1.226433752501515095e-01,2.964600195391729059e-02,1.766593756270435356e-01,8.076823342842834319e-02,1.276057039887335542e-01,7.270947282226146446e-02,1.812490416888042633e-01,6.459155949889065773e-02,6.026530561106270556e-02,5.623037844084088216e-02,2.024190420244722718e-02,5.718729812712700783e-02,6.090361188749213867e-02,1.089134836795408873e-01,5.727047553213504560e-02,2.026540640158499551e-01,1.872078784428631570e-01,5.927004050534461638e-02,1.303552499748600046e-01,4.021809946716637940e-01,1.783239785004953060e-01,2.599972972900177481e-01,1.665273535118418080e-01,5.035259329543355367e-02,1.502946776841464771e-01
2.503333716523269831e-02,3.520313765841290299e-02,2.621608604848804300e-02,9.350536353330468620e-03,5.208720766882041914e-02,5.747425326244127997e-02,6.478901220818956974e-02,1.249139515654447072e-02,7.431185685274903363e-02,0.000000000000000000e+00,5.509232340654155596e-02,3.291049691729192733e-02,9.998369935929420083e-02,3.014324613990352481e-02,3.453870039833073502e-02,2.672961765106246154e-02,1.544049017386681100e-02,3.083107440094866314e-02,3.625266099586202384e-02,5.687479288135154076e-02,3.655428608385870998e-02,1.195870359740746902e-01,9.502040930186599066e-02,4.200682223696493300e-02,7.880677833131011223e-02,1.839383013742119932e-01,9.753128109589105643e-02,1.407078800076936032e-01,1.017088124260926429e-01,2.510283671315720680e-02,8.753104512112562519e-02,3.266908284455268680e-02,2.076081066534030822e-02,3.189739241713064610e-02,1.943442632462650047e-02,3.263078557441820293e-02,1.190192429610858159e-02,1.108973074108525990e-02,3.365576684493678389e-02,2.386814252786103804e-02,2.899020408715685670e-02,2.086275285782950364e-02,2.329491378686169081e-02,7.067771511529864076e-03,1.012755283906331336e-02,2.149288138825070082e-02,3.204105365883296030e-02,3.886681544570770586e-02,1.490738663653316809e-02,5.063444735619428150e-02,7.024684120634759610e-02,6.974299020510897618e-02,1.678281627181362270e-02,9.924850537592069810e-02,4.578338674934546298e-02,7.256316304102938819e-02,4.139309786671586250e-02,1.035455002900109028e-01,3.756331271852247217e-02,3.352373160970005539e-02,3.191707306848532572e-02,1.133276734450988817e-02,3.276051803653264732e-02,3.403763639674937946e-02,6.058189555298414131e-02,3.252956302951333367e-02,1.136836817425528473e-01,1.045726888094866830e-01,3.385489177225956686e-02,7.396089829688635986e-02,2.287954507851393260e-01,1.000480690837463604e-01,1.477672354016775214e-01,9.341729867126080666e-02,2.920981463506008499e-02,8.644370696027242618e-02
3.155351905735392926e-02,4.529769704348216020e-02,3.408797372298096040e-02,1.250047285307643793e-02,6.620579854454976265e-02,7.487490131790418280e-02,8.356596847120259519e-02,1.597312395894628576e-02,9.694761551062312799e-02,5.509232340654155596e-02,0.000000000000000000e+00,4.335906618483650887e-02,1.276806321712136427e-01,3.827642310522595681e-02,4.476265698010308686e-02,3.431370578126696769e-02,2.042707886168558876e-02,4.011338429926683546e-02,4.716174654061691673e-02,7.464098412667155569e-02,4.664467476773610094e-02,1.546978186470975569e-01,1.226380968168249846e-01,5.379928604054642904e-02,1.018723341875173716e-01,2.375637867918002910e-01,1.270309683985110516e-01,1.805826439040153220e-01,1.316752412873430644e-01,3.227710529348799123e-02,1.117376027900589958e-01,4.143212218314842182e-02,2.648414873931584715e-02,4.098096981810343820e-02,2.481354830818822618e-02,4.132029445243849686e-02,1.509808219777499655e-02,1.442345521538806671e-02,4.225927207946993114e-02,3.039045718096710161e-02,3.695740898251486523e-02,2.632896699449457228e-02,2.965790594022296375e-02,9.212795651311816297e-03,1.292761527265723874e-02,2.714916818485106631e-02,4.138856727368931537e-02,5.089397387841336495e-02,1.915137981705793482e-02,6.443197014573003034e-02,9.150460198875871864e-02,8.995089515359530608e-02,2.170096958662036737e-02,1.278780652976025389e-01,5.947472743739348061e-02,9.403489794252373191e-02,5.410233525843428232e-02,1.330380121946390937e-01,4.731796946330948245e-02,4.356275377526570153e-02,4.107103982323539321e-02,1.514038204460953566e-02,4.216174175616561187e-02,4.465485057373651256e-02,7.943983479665456260e-02,4.218408341063042966e-02,1.472192381592051513e-01,1.361475785322650844e-01,4.308857557468451921e-02,9.544028158122931649e-02,2.943154482696990759e-01,1.308331270387746159e-01,1.901221245428972029e-01,1.208927104135383152e-01,3.702777626903031027e-02,1.098272126747150967e-01
1.990990051871310493e-02,2.723213906205657411e-02,2.055618688223356805e-02,7.319306340573299846e-03,3.994974904010858974e-02,4.514208983841649925e-02,5.023598748083442367e-02,1.006274652970762414e-02,5.816309455491593117e-02,3.291049691729192733e-02,4.335906618483650887e-02,0.000000000000000000e+00,7.760889694854419818e-02,2.352646445963454958e-02,2.817794765549419198e-02,2.068803192663977442e-02,1.222499865160346991e-02,2.392925320733337025e-02,2.845952921734061156e-02,4.483222115378163175e-02,2.922159767828828164e-02,9.302117446257208988e-02,7.619253105371470713e-02,3.384983286712041350e-02,6.105785431819168996e-02,1.458908418329437906e-01,7.575418129738352435e-02,1.096669972162862688e-01,7.955441324368943412e-02,1.941835646915671468e-02,6.838264839577928855e-02,2.578641541050399888e-02,1.649594273878462330e-02,2.538816501648265625e-02,1.524498475388731678e-02,2.529875830949544074e-02,9.081553968294357043e-03,8.727435106228875056e-03,2.657634481815547567e-02,1.903326206417091035e-02,2.309141805683540341e-02,1.647064168473404838e-02,1.790143656427864438e-02,5.526182722433927060e-03,7.950185044127967143e-03,1.693691458651692960e-02,2.535368826399341316e-02,3.075507468605256922e-02,1.170713232625231540e-02,3.922758299604019866e-02,5.494165004344707393e-02,5.481218221358895998e-02,1.333594218600467687e-02,7.732528164089358391e-02,3.577937630698450194e-02,5.654831015981805903e-02,3.353250147847579993e-02,8.137646676530992107e-02,2.889189418692561170e-02,2.705381972272960858e-02,2.478924889432503054e-02,8.954613720143700037e-03,2.568593145538328876e-02,2.651936887289044545e-02,4.728525602809980494e-02,2.622711827441001273e-02,8.858052937175252273e-02,8.290806446011496356e-02,2.701202952671774918e-02,5.775361921407673460e-02,1.812025370193955376e-01,7.786556739906451419e-02,1.153927529922257056e-01,7.203367052516766733e-02,2.255178202490749906e-02,6.792066010412624311e-02
5.753742421074820729e-02,8.240513005138061509e-02,6.266757902214389886e-02,2.189627824390085950e-02,1.207380323142501488e-01,1.362171755345117918e-01,1.513462992295827314e-01,2.865906963318136727e-02,1.750467081863795737e-01,9.998369935929420083e-02,1.276806321712136427e-01,7.760889694854419818e-02,0.000000000000000000e+00,6.986880799148814658e-02,7.987610333047114042e-02,6.310548377572192114e-02,3.669133866729550053e-02,7.233830122751007397e-02,8.521657942720922696e-02,1.334620152746117117e-01,8.458179549007804887e-02,2.818681212210259468e-01,2.213147553438470638e-01,9.842696293378250250e-02,1.854815141925395261e-01,4.288222299168919505e-01,2.305820459486695173e-01,3.291447134063357760e-01,2.391278563922993317e-01,5.895501338539022029e-02,2.038340670199070837e-01,7.703777908506059813e-02,4.816914266169668168e-02,7.359450568533797143e-02,4.534545005501901954e-02,7.503315200019979037e-02,2.768998233044989848e-02,2.602303188651810054e-02,7.917993346026827584e-02,5.519604755011884439e-02,6.747322679171649518e-02,4.898452250374688705e-02,5.423174500645274593e-02,1.673058077280664344e-02,2.356034346283596148e-02,4.998115025451070614e-02,7.491864669021540413e-02,9.230137897400036984e-02,3.496473225413882641e-02,1.171573871955043089e-01,1.654336416583913894e-01,1.625921871540006169e-01,3.878754817863026838e-02,2.339382260900161326e-01,1.079538505856276476e-01,1.688071903035146260e-01,9.712074520569347058e-02,2.415324501741290542e-01,8.671901944266993678e-02,7.960715714581900748e-02,7.481569676804025737e-02,2.678297231594732944e-02,7.632550948253204182e-02,8.021900311602944700e-02,1.426796373992435529e-01,7.606796917961838878e-02,2.672301913599560153e-01,2.448878286180374286e-01,7.914092944629663728e-02,1.741096604531719161e-01,5.342663190666433470e-01,2.339098503297546428e-01,3.447303526795115203e-01,2.194337844304632690e-01,6.734820564889042183e-02,2.014997571509628271e-01
1.764004067103317613e-02,2.460838692804659389e-02,1.876724871384923693e-02,6.605826242232622388e-03,3.624616999445133547e-02,4.071781373924641262e-02,4.540996881275269348e-02,8.429765358610097001e-03,5.221145284564445571e-02,3.014324613990352481e-02,3.827642310522595681e-02,2.352646445963454958e-02,6.986880799148814658e-02,0.000000000000000000e+00,2.440594761619810718e-02,1.892133217644695331e-02,1.113746159576211280e-02,2.144219679553909311e-02,2.557877858999760973e-02,4.012807704606963233e-02,2.561137165404350075e-02,8.410340746549471724e-02,6.575609802398486858e-02,2.987938063976127226e-02,5.526282649553389964e-02,1.283286005486285464e-01,6.898788620508010394e-02,9.860618570886582612e-02,7.200304695966791568e-02,1.801299222707337250e-02,6.153971804185902339e-02,2.285952112720351925e-02,1.452538102018328427e-02,2.219846020467063780e-02,1.372895620932439685e-02,2.221900979748718183e-02,8.165371434597161471e-03,7.810660169255764437e-03,2.357050628230579481e-02,1.665189141508022913e-02,2.039821375213776017e-02,1.487365194193676285e-02,1.623750215967428162e-02,5.032401238941854732e-03,7.154308627877753977e-03,1.515465219318926950e-02,2.249071286078552570e-02,2.809689214327393963e-02,1.056309279266426544e-02,3.532303231522309489e-02,4.991567211170126750e-02,4.851599065811527944e-02,1.171958627265823512e-02,6.958546200662074632e-02,3.263498819914933957e-02,5.065766270540630195e-02,2.928457270708986065e-02,7.219716950265692157e-02,2.608197274618617723e-02,2.400001567279101689e-02,2.277317137561087404e-02,7.958821676677007434e-03,2.305558110384261714e-02,2.397711877400872035e-02,4.308728785849853110e-02,2.285951754394814281e-02,7.975333593885540473e-02,7.281225128873043684e-02,2.385072185550367665e-02,5.229740279512796325e-02,1.600463959165545902e-01,7.017982217243320942e-02,1.034380590883437062e-01,6.555737187177267111e-02,2.031640033358089042e-02,6.057383991977099286e-02
2.034632279490969364e-02,2.857891975201141618e-02,2.120463624168121911e-02,8.176199089110495338e-03,4.138756405548082301e-02,4.717293436466803158e-02,5.254329797952427689e-02,1.029034852117876979e-02,6.154285092936029322e-02,3.453870039833073502e-02,4.476265698010308686e-02,2.817794765549419198e-02,7.987610333047114042e-02,2.440594761619810718e-02,0.000000000000000000e+00,2.141647981687780714e-02,1.307990109917010237e-02,2.543541657257663777e-02,2.903989476196080707e-02,4.749915660778043086e-02,3.000278080238697950e-02,9.603532750874042845e-02,7.810238585876323747e-02,3.518609849986842342e-02,6.421761272591783309e-02,1.519578675209976304e-01,8.043384750448694109e-02,1.138227776914417788e-01,8.306981332294395559e-02,2.032769125476706698e-02,7.025643646471238513e-02,2.596394584334484404e-02,1.690489584820054764e-02,2.668793537683418829e-02,1.575068273898654753e-02,2.643670281953321502e-02,9.620096968825446807e-03,8.906112629249668747e-03,2.658479086025159616e-02,1.907767442681135295e-02,2.367127144312674777e-02,1.690703109006500005e-02,1.880260774889709607e-02,5.852459926423143888e-03,8.197356439453471269e-03,1.760755589530426518e-02,2.618370322316763976e-02,3.255601480802529368e-02,1.224206370929087004e-02,3.984441756633871207e-02,5.776986440188828370e-02,5.617636291172722895e-02,1.402962618974125733e-02,7.922436760367251862e-02,3.697780536377359706e-02,5.825735946582406843e-02,3.553312135971444657e-02,8.302100541995285909e-02,2.919980549843156914e-02,2.859845865700807316e-02,2.579826411797284461e-02,9.786382662164243296e-03,2.630352189508836785e-02,2.790930765582827836e-02,5.070360295891102043e-02,2.778338574593129315e-02,9.183048521057242397e-02,8.738594110928031566e-02,2.809790949074594812e-02,6.007460688191067905e-02,1.880772531660141744e-01,8.238280152550535307e-02,1.180849549239793433e-01,7.547765340297585279e-02,2.274098091387535131e-02,6.897851304757347812e-02
1.526969081823470811e-02,2.221755267289462349e-02,1.665848368707174149e-02,5.817663163044287100e-03,3.227640518727206004e-02,3.606465729979885931e-02,4.055157330854430170e-02,7.695105509795789611e-03,4.733765333685691773e-02,2.672961765106246154e-02,3.431370578126696769e-02,2.068803192663977442e-02,6.310548377572192114e-02,1.892133217644695331e-02,2.141647981687780714e-02,0.000000000000000000e+00,9.897412339489529767e-03,1.951511429403646539e-02,2.281147514774700333e-02,3.611269621625919773e-02,2.284710369367394522e-02,7.511719938198610502e-02,5.925067081003606434e-02,2.613860357139671450e-02,4.978267490823996139e-02,1.153631571529651206e-01,6.206885363016158980e-02,8.816099448773910552e-02,6.418503832129397735e-02,1.579916465221339189e-02,5.438892980829590496e-02,2.037904966114406982e-02,1.273789954484830060e-02,1.947096876094895485e-02,1.195195037407187008e-02,2.035466010851596022e-02,7.412511588856524405e-03,6.860263669847151830e-03,2.068077909140145221e-02,1.452858678322526027e-02,1.770743342273063681e-02,1.288447169051335980e-02,1.465027395887370104e-02,4.556952503277909329e-03,6.154801204862374135e-03,1.338824136022311040e-02,2.019112723504128473e-02,2.466952444554785726e-02,9.313078830323204965e-03,3.124000040774429707e-02,4.466032289477817052e-02,4.375478998724074975e-02,1.044643537059958098e-02,6.262040592213424794e-02,2.883793061800916588e-02,4.528039435449933425e-02,2.599563455711810522e-02,6.486092790161987476e-02,2.322751392952979513e-02,2.115198020711205051e-02,1.999876482684220802e-02,7.201595731684173191e-03,2.038547538238241058e-02,2.150321040048451884e-02,3.898743829981431153e-02,2.028958198456680406e-02,7.204930772117963678e-02,6.576861641373368816e-02,2.112498651911160971e-02,4.637855006242679046e-02,1.427720988590891193e-01,6.346289838203733602e-02,9.268434748630648146e-02,5.936518133330644792e-02,1.822674101951483883e-02,5.398451953574127243e-02
9.172776135376911610e-03,1.312895583743057051e-02,9.746491853085150620e-03,3.479773475101161778e-03,1.933804189293642992e-02,2.143245324144255060e-02,2.395220099814516362e-02,4.576511007716221879e-03,2.758912461763961613e-02,1.544049017386681100e-02,2.042707886168558876e-02,1.222499865160346991e-02,3.669133866729550053e-02,1.113746159576211280e-02,1.307990109917010237e-02,9.897412339489529767e-03,0.000000000000000000e+00,1.125987768506128174e-02,1.360261408614605455e-02,2.116051697729491587e-02,1.359108762504297740e-02,4.444916461636263388e-02,3.557458032294943950e-02,1.568583431043937826e-02,2.936236599986711410e-02,6.871346758844830427e-02,3.653621963510712140e-02,5.213759256215358406e-02,3.775446598264026177e-02,9.387371378555409498e-03,3.245648095163763958e-02,1.214584339430250549e-02,7.591257236641493419e-03,1.170116226017170989e-02,7.098247688133775893e-03,1.208991156750129428e-02,4.434088462445966161e-03,4.115198219326575597e-03,1.234055737125421513e-02,8.687425398651854938e-03,1.052085844976035495e-02,7.593690677934994762e-03,8.690691378849020252e-03,2.591107811913124885e-03,3.807177235277020653e-03,7.860155593033043425e-03,1.193090372025277374e-02,1.454291757496425572e-02,5.508026702107746142e-03,1.866052290300945771e-02,2.640710013729344677e-02,2.597618559838529850e-02,6.200849980542946782e-03,3.688852676827975019e-02,1.709401793123691699e-02,2.710537480938825239e-02,1.556147084549674292e-02,3.844727278779297430e-02,1.385521213557339669e-02,1.253684405504046882e-02,1.185722683086235830e-02,4.178830198403734111e-03,1.204476383099103466e-02,1.268056671665320281e-02,2.284530836681972557e-02,1.208440562379203831e-02,4.250629133123603326e-02,3.899869909734217377e-02,1.258967882264411427e-02,2.745997818543192623e-02,8.510905267164742272e-02,3.755488528831860129e-02,5.503258209988467348e-02,3.484945422738171261e-02,1.089600429919375564e-02,3.179139991067501253e-02
1.773066153730390795e-02,2.561154635909995703e-02,1.949511264480494055e-02,6.748500920305597513e-03,3.732691715400649618e-02,4.232270102917974619e-02,4.669945572541107232e-02,9.006757288265080860e-03,5.458682325226638793e-02,3.083107440094866314e-02,4.011338429926683546e-02,2.392925320733337025e-02,7.233830122751007397e-02,2.144219679553909311e-02,2.543541657257663777e-02,1.951511429403646539e-02,1.125987768506128174e-02,0.000000000000000000e+00,2.674551627362913367e-02,4.205982419533629835e-02,2.650776389610109626e-02,8.854933788468188904e-02,6.969981146365630820e-02,3.045566513707195083e-02,5.745421453071730689e-02,1.349610568772142138e-01,7.176969796178496452e-02,1.024152303565443178e-01,7.492832915754178702e-02,1.831712562754474541e-02,6.348032343146510492e-02,2.372917950245242991e-02,1.473553788198951955e-02,2.257481437592839119e-02,1.383910082863579367e-02,2.312328000206625295e-02,8.516979183122431324e-03,8.071626068792766770e-03,2.436057422764555114e-02,1.696827589372952930e-02,2.055554121224073896e-02,1.485192765632112680e-02,1.671367013722451292e-02,5.059794936996823284e-03,7.306800736227176025e-03,1.519769470345538193e-02,2.340308319472117482e-02,2.878891599089854203e-02,1.069370546461736494e-02,3.628094388942337128e-02,5.179176540798620387e-02,5.038477793908854169e-02,1.220385604088363926e-02,7.320180938817626159e-02,3.330887937054046594e-02,5.304071697495731097e-02,2.993210151532228747e-02,7.475065870414851488e-02,2.671944971179286005e-02,2.471459028117486273e-02,2.325445532604969445e-02,8.193357986725293557e-03,2.365893343548100200e-02,2.497235961961568815e-02,4.501068616623807306e-02,2.348653295570362134e-02,8.377768593973179689e-02,7.694731134375656922e-02,2.449975805085091024e-02,5.377962844694178512e-02,1.667657380433044123e-01,7.319607294527549768e-02,1.072877474151066185e-01,6.860691330547318001e-02,2.117598772403126578e-02,6.253717926038065977e-02
2.047459109055865117e-02,2.992615697928297305e-02,2.291283025220862066e-02,8.241445170705295406e-03,4.407257196116164122e-02,4.997053574272624504e-02,5.585277206229691954e-02,1.067698382520439367e-02,6.493597976400428129e-02,3.625266099586202384e-02,4.716174654061691673e-02,2.845952921734061156e-02,8.521657942720922696e-02,2.557877858999760973e-02,2.903989476196080707e-02,2.281147514774700333e-02,1.360261408614605455e-02,2.674551627362913367e-02,0.000000000000000000e+00,4.971566641986854135e-02,3.054912682765555804e-02,1.030368098578212793e-01,8.139447576645139626e-02,3.521582821589657603e-02,6.791289143196829747e-02,1.571355862308656537e-01,8.499473062961465653e-02,1.199638300746792008e-01,8.783403545376484989e-02,2.161432399716273905e-02,7.355457055342647099e-02,2.695125672469358621e-02,1.748532106780782691e-02,2.671041932662841095e-02,1.623996127183553392e-02,2.741352192536282775e-02,1.004592221340002388e-02,9.457833190427525002e-03,2.773892420542936957e-02,1.976796673527289952e-02,2.427696195789215416e-02,1.746811950528565777e-02,1.998094182727020232e-02,6.195074914317940870e-03,8.394566848975956383e-03,1.772790647002419478e-02,2.755953786015487642e-02,3.410276986930355775e-02,1.291491829318439956e-02,4.269411302027786848e-02,6.066661171986238027e-02,6.013653682810785051e-02,1.438828079433854788e-02,8.533923285709682505e-02,3.952023328298918947e-02,6.235009750001119927e-02,3.593460811421014117e-02,8.879622626763286619e-02,3.169768427627595031e-02,2.870724649635991721e-02,2.730570918571913544e-02,1.008278737949482896e-02,2.803216725853007255e-02,3.019151859036216246e-02,5.285634676043009239e-02,2.792847209016788984e-02,9.786349005331729245e-02,9.043081886018829174e-02,2.837843992751684294e-02,6.349182972380121304e-02,1.942828965064584412e-01,8.691429255445121127e-02,1.265040894217691059e-01,8.114151973646653582e-02,2.461852531020488483e-02,7.244005281335423596e-02
3.330315065270782193e-02,4.783323128154833015e-02,3.627325191986091601e-02,1.285513681713728283e-02,6.880775257012550217e-02,7.842587145817420113e-02,8.645244260397613734e-02,1.679541416853059382e-02,1.024150562164699851e-01,5.687479288135154076e-02,7.464098412667155569e-02,4.483222115378163175e-02,1.334620152746117117e-01,4.012807704606963233e-02,4.749915660778043086e-02,3.611269621625919773e-02,2.116051697729491587e-02,4.205982419533629835e-02,4.971566641986854135e-02,0.000000000000000000e+00,4.936544870667043672e-02,1.634794174064418959e-01,1.294331816459633189e-01,5.694915734458583928e-02,1.065043095787023136e-01,2.514855238367873502e-01,1.336476120096055653e-01,1.900752267541014617e-01,1.385482760550946213e-01,3.383884601215663562e-02,1.186117393250370883e-01,4.352472727345279430e-02,2.775833167917513694e-02,4.325036130343222485e-02,2.593795909668501071e-02,4.321396068177207894e-02,1.569963435195939616e-02,1.500322075262794375e-02,4.414113918969122391e-02,3.172563673168884990e-02,3.857135937786027036e-02,2.750658290728133504e-02,3.062296085658101213e-02,9.529318477953066177e-03,1.364916077867866194e-02,2.832923363209381359e-02,4.379617695437188624e-02,5.372063210280234036e-02,1.981121498305830203e-02,6.636632228586933357e-02,9.618503888708765381e-02,9.315975091205035141e-02,2.272682651197964823e-02,1.356280318633759363e-01,6.097028443238522444e-02,9.830555065532987913e-02,5.545370173961999827e-02,1.388845905232134470e-01,4.879101661358632713e-02,4.604731017588024194e-02,4.314168107978288286e-02,1.532798785693869834e-02,4.381944158548306545e-02,4.678710535091371026e-02,8.446987077481503403e-02,4.398280657285933565e-02,1.558185016513129184e-01,1.440800547907731544e-01,4.549435766335872128e-02,9.912288327934246079e-02,3.101043123137124380e-01,1.371953565486203896e-01,1.987465051511953240e-01,1.282986419197974237e-01,3.918374467999091726e-02,1.165947854723465849e-01
2.146639732270614123e-02,3.015806008790869117e-02,2.242677338379476040e-02,8.150652790408323412e-03,4.360874969222636871e-02,4.947295896446313873e-02,5.487442986988448623e-02,1.045334941803074957e-02,6.365201303734982496e-02,3.655428608385870998e-02,4.664467476773610094e-02,2.922159767828828164e-02,8.458179549007804887e-02,2.561137165404350075e-02,3.000278080238697950e-02,2.284710369367394522e-02,1.359108762504297740e-02,2.650776389610109626e-02,3.054912682765555804e-02,4.936544870667043672e-02,0.000000000000000000e+00,1.020428973129179490e-01,8.152715095603368933e-02,3.688430447840933268e-02,6.793498227230419795e-02,1.593659324200798477e-01,8.448055329690375148e-02,1.194611207712239914e-01,8.692083126693173067e-02,2.135031473714635308e-02,7.470103264117954056e-02,2.761147504270137706e-02,1.768668699860712762e-02,2.736921191629336850e-02,1.660538928643505441e-02,2.757535370693305413e-02,1.005066223709112291e-02,9.407628940100779685e-03,2.847410704848901686e-02,2.011994453296066243e-02,2.472226698339018147e-02,1.795714375341528682e-02,1.975951256070282089e-02,6.119547102457430915e-03,8.686645293417265962e-03,1.846572323081083905e-02,2.742544065556581576e-02,3.403239285765807809e-02,1.277618707391417995e-02,4.237534911754382849e-02,6.074619907915754236e-02,5.891681373484611989e-02,1.434776003521826861e-02,8.446574422802569093e-02,3.924118149966852181e-02,6.111961604708227719e-02,3.675337328776341617e-02,8.759077722291057355e-02,3.129630496562348790e-02,2.968203676569189722e-02,2.753301740067720313e-02,1.008316891825265620e-02,2.781172068404886427e-02,2.889599838808533383e-02,5.286412180476124378e-02,2.831253860999599983e-02,9.697729975041037564e-02,9.029089383324326312e-02,2.939159408955831915e-02,6.284502364464719659e-02,1.969393341022568356e-01,8.615419486072614652e-02,1.254836521662291982e-01,7.983981304952682267e-02,2.451458770096717060e-02,7.349416908818473537e-02
