0.000000000000000000e+00,1.655229053015356069e-02,1.272681689549395520e-02,6.024180192992278915e-03,2.333644947677108658e-02,3.327433693024446637e-02,2.887601295031107587e-02,7.658155801504109433e-03,3.925397667035454563e-02,1.752882509325115121e-02,2.931219780887648479e-02,1.567271843254476951e-02,4.542617313273043106e-02,1.629485821658045036e-02,1.419256542375866605e-02,1.258742193276460308e-02,8.531369942619210570e-03,1.753548863183352832e-02,1.770384160268029250e-02,2.939125750768145987e-02,1.518682222057952599e-02,4.868978287636341329e-02,4.480262025602690934e-02,1.696725483513372018e-02,4.059139124251306269e-02,8.155928885998423028e-02,4.682846781796697055e-02,6.071104018161720822e-02,4.724935935634717171e-02,8.338353637503572238e-03,3.402032931477515926e-02,1.341750972555435899e-02,7.473752887711206799e-03,1.635599001763186899e-02,8.821997832378540919e-03,1.380375863892082874e-02,5.193730466558505073e-03,5.596335675133893260e-03,1.200715247629665673e-02,8.783881581195076768e-03,1.049644406327491543e-02,8.362650094511085708e-03,9.978414976462480004e-03,3.665328447528837155e-03,2.779731053977311898e-03,9.522574265702620291e-03,1.456704472313395844e-02,2.372562454364464737e-02,6.098521683543380728e-03,2.231217242393653682e-02,3.098097699736175256e-02,3.019764615253914958e-02,6.031837332966860643e-03,4.325527418659717849e-02,2.100970680669263235e-02,3.327022787518323782e-02,1.807957140220497333e-02,4.708083527376968891e-02,1.562377657535083363e-02,1.720176557634605849e-02,1.278805802049605596e-02,6.010375961740510239e-03,1.278857400582749000e-02,1.942792889726640757e-02,3.077462514087245596e-02,1.519197718727055904e-02,4.452570056568336265e-02,5.051227327497932046e-02,1.333000910112224630e-02,3.014677115136460417e-02,9.706114208515347064e-02,5.154586618080680971e-02,5.847606607981939431e-02,4.369680877065234420e-02,1.178507026145020689e-02,3.248992762074871810e-02
1.655229053015356069e-02,0.000000000000000000e+00,2.734511505792591030e-02,1.302807244608096375e-02,5.036920780065441694e-02,7.104040511355194654e-02,6.222248034385255422e-02,1.629623590948409140e-02,8.541188819243901442e-02,3.744990329209619412e-02,6.351371196905566952e-02,3.198449522545865342e-02,9.808535478810445629e-02,3.521311748411469489e-02,2.978620078081389497e-02,2.712468413709437018e-02,1.841173661748946033e-02,3.787705813902336738e-02,3.804755167208334621e-02,6.413799227503656775e-02,3.188361725450560707e-02,1.051990726856142505e-01,9.560598672548141497e-02,3.487979314324802377e-02,8.829459256190182181e-02,1.712896753606727995e-01,9.967740345605417829e-02,1.300321166138896367e-01,1.022810139227212090e-01,1.821281525455542213e-02,7.301980578956474011e-02,2.775298923188456238e-02,1.599353547530658892e-02,3.527581387404962743e-02,1.878173094209562716e-02,2.998656131768194164e-02,1.119862430283350904e-02,1.178830179058284501e-02,2.440345345116364667e-02,1.865994793464039944e-02,2.238905248002476603e-02,1.745059429224171677e-02,2.185970872496584977e-02,7.987912111810071408e-03,5.605269216329104333e-03,1.923738055312163020e-02,3.163438412176733383e-02,5.125001261924331392e-02,1.316223025740077129e-02,4.734154565465041598e-02,6.647811129601703672e-02,6.417336963427523744e-02,1.269899745377829972e-02,9.232453405849629091e-02,4.548220959996776558e-02,7.045548595160366911e-02,3.697492303565240446e-02,9.987640111817687461e-02,3.463810443055391486e-02,3.697416728206057157e-02,2.754297150195526844e-02,1.330892336700437162e-02,2.755752202118205013e-02,4.168538777483795504e-02,6.802910353277022426e-02,3.167154585759042462e-02,9.690245016368018161e-02,1.089978340298272258e-01,2.745886861625591174e-02,6.529185748300146697e-02,2.045140907801301922e-01,1.125984694160448579e-01,1.249130220296842675e-01,9.538475981901911593e-02,2.498606847507304010e-02,6.950080263064292718e-02
1.272681689549395520e-02,2.734511505792591030e-02,0.000000000000000000e+00,9.870817124975251114e-03,3.846761571204936059e-02,5.481415419568037850e-02,4.772359820376505246e-02,1.228604622872402768e-02,6.548679798345796721e-02,2.845434244353160780e-02,4.817116904319213022e-02,2.480212060375425534e-02,7.523417188973205438e-02,2.665754310112646366e-02,2.284090580909454299e-02,2.072332487067336804e-02,1.396862817216830248e-02,2.874250971995751316e-02,2.931234734735243055e-02,4.910972968863596549e-02,2.438331243547646812e-02,8.076259526099675845e-02,7.300844282975685329e-02,2.664861106541134214e-02,6.685434336593423787e-02,1.319269690764622305e-01,7.697243642495621430e-02,9.883307186234605024e-02,7.857386892172313342e-02,1.379747306707435756e-02,5.560746620821314240e-02,2.102784508200074287e-02,1.235394827615593494e-02,2.679759267770189315e-02,1.439451550386727785e-02,2.263903887172486959e-02,8.566022870809032047e-03,8.922478702125920952e-03,1.850837767150213461e-02,1.431497669744288652e-02,1.727768213457259519e-02,1.332222813247569380e-02,1.650130756309801938e-02,6.024085506215206241e-03,4.374032305017538924e-03,1.492601187109474266e-02,2.420917835366881432e-02,3.916067079184604866e-02,1.010276840769811293e-02,3.590404715386771861e-02,5.133036430881531692e-02,4.925640303390639574e-02,9.809511022295835242e-03,7.064256293063404801e-02,3.450990762324759875e-02,5.350289455959498369e-02,2.888921957560424900e-02,7.640355167478342369e-02,2.592211459311913671e-02,2.835846056525739151e-02,2.108499118126872657e-02,1.009937135194266360e-02,2.123495518366233167e-02,3.208190633020092247e-02,5.195888219945142550e-02,2.454707825324740564e-02,7.414637410205504597e-02,8.365030538018043693e-02,2.122482422644724961e-02,5.023852144546305659e-02,1.574381687618936765e-01,8.622809877959704272e-02,9.523718544402497155e-02,7.280721310319304695e-02,1.908553214729824879e-02,5.309692613954358764e-02
6.024180192992278915e-03,1.302807244608096375e-02,9.870817124975251114e-03,0.000000000000000000e+00,1.837933949083093640e-02,2.592113736033383603e-02,2.270399480027973996e-02,6.082280722386718824e-03,3.116444512340134365e-02,1.379048702927680378e-02,2.334995794238226702e-02,1.152857545676315432e-02,3.572627390238245632e-02,1.294666708530867703e-02,1.098439935552674926e-02,9.813895409956290700e-03,6.763008794104837483e-03,1.387424151039779938e-02,1.399557759700729986e-02,2.336892908526436510e-02,1.161809764802233455e-02,3.834356155896090357e-02,3.503516949699093941e-02,1.257379274212589403e-02,3.217695125267084483e-02,6.280781881311328640e-02,3.662820757883115952e-02,4.738197210742926130e-02,3.715088016521252839e-02,6.610570048146258322e-03,2.687922488842629104e-02,1.008152035913996783e-02,5.943507265938239095e-03,1.326156294152426064e-02,6.910591973246654925e-03,1.080337283100548870e-02,4.005949155959219465e-03,4.308603898738386923e-03,8.892626259395210869e-03,6.971728796369396595e-03,8.387069598492355102e-03,6.413967438784294942e-03,7.881880137316148865e-03,2.914292833149077257e-03,2.103110795756699299e-03,7.150550437005461640e-03,1.150331832511246322e-02,1.883965436753683512e-02,4.824615289488846936e-03,1.752606323685995671e-02,2.411761787661798051e-02,2.352660490280493455e-02,4.655843850274303877e-03,3.374953836105400173e-02,1.672728511375703997e-02,2.606192381299746869e-02,1.360106537363043114e-02,3.695800076071591167e-02,1.254764798743255097e-02,1.360024307227013923e-02,1.001095650321485661e-02,4.816994665295094846e-03,1.001399034044621328e-02,1.560927127652524636e-02,2.482367151131113781e-02,1.170905267807112633e-02,3.507495524882532634e-02,3.999218415450520731e-02,1.006745617491607014e-02,2.362408237013289072e-02,7.470761749385747275e-02,4.102723946026737289e-02,4.569593869347333970e-02,3.434635503205599183e-02,8.989452119605247787e-03,2.544714652201271812e-02
2.333644947677108658e-02,5.036920780065441694e-02,3.846761571204936059e-02,1.837933949083093640e-02,0.000000000000000000e+00,1.002019600737155541e-01,8.842886310394129645e-02,2.320844999134267020e-02,1.207120898797694880e-01,5.350012508991665305e-02,9.010472283438056285e-02,4.514708445244700052e-02,1.397311995224336245e-01,4.935027379729995528e-02,4.169968606111699311e-02,3.838486764547969360e-02,2.607706959259022822e-02,5.387524680173133573e-02,5.382237636941961112e-02,9.035779283562027364e-02,4.504315959426909155e-02,1.489869133554832248e-01,1.348743298378654032e-01,4.884049719916205151e-02,1.249161396982887140e-01,2.434484222902018324e-01,1.400029800536322089e-01,1.835751419056409761e-01,1.446534184957661839e-01,2.569647047224517256e-02,1.037554166455508242e-01,4.046691916732390870e-02,2.314120844761657567e-02,5.040134110309153759e-02,2.699132909384103704e-02,4.205931698174276978e-02,1.593423518596104316e-02,1.671724286401513743e-02,3.579688935268253436e-02,2.689451986875495207e-02,3.235107501340089842e-02,2.532942426029186761e-02,3.022343148794250783e-02,1.145206177169202574e-02,7.944621859152182358e-03,2.710163118576768004e-02,4.467098199084463400e-02,7.198259454839928129e-02,1.873665922129470404e-02,6.787046340432277558e-02,9.386550366373568044e-02,9.186498098999026918e-02,1.867302342929747644e-02,1.308120418363922788e-01,6.537057815856341103e-02,1.017446407579026268e-01,5.276447392005004927e-02,1.430305143236065002e-01,4.804031924902872619e-02,5.217074725054454687e-02,3.900890587916412688e-02,1.896018498438907518e-02,3.936042567003758541e-02,5.939158990648003150e-02,9.530495398918110983e-02,4.562733377481763969e-02,1.368597076904446708e-01,1.544432734873418256e-01,3.881209783657607604e-02,9.292203388908412687e-02,2.912478324304482169e-01,1.574473378147620284e-01,1.775766573047347918e-01,1.339789872628575906e-01,3.490662021374335566e-02,9.882810330965992318e-02
3.327433693024446637e-02,7.104040511355194654e-02,5.481415419568037850e-02,2.592113736033383603e-02,1.002019600737155541e-01,0.000000000000000000e+00,1.246636025426363648e-01,3.211686816422638924e-02,1.712163900744920753e-01,7.394145965436937917e-02,1.251798806332412028e-01,6.361083610887072193e-02,1.967018941671914711e-01,6.953434668116054151e-02,5.903222699630523290e-02,5.370337488417196992e-02,3.647503763845391656e-02,7.554827600881799943e-02,7.630762161978789371e-02,1.275845364340308652e-01,6.332566879754450428e-02,2.107912963296035558e-01,1.915436400901380509e-01,6.947236771490211682e-02,1.755625001802960661e-01,3.429644105856944902e-01,1.998031079346341277e-01,2.594920656856942731e-01,2.046766442240950945e-01,3.598862936882653990e-02,1.451167109024485979e-01,5.543047936707242579e-02,3.250804517266214777e-02,7.029117160727997582e-02,3.751016281306093769e-02,5.961105393415500747e-02,2.248330534400444156e-02,2.318060536368553998e-02,4.842697254826396763e-02,3.780148344134359045e-02,4.515070248201235453e-02,3.468932775982512540e-02,4.301634146160648181e-02,1.581765738639018953e-02,1.120568954390068969e-02,3.908178655644860278e-02,6.333102032244333768e-02,1.026686471802231715e-01,2.639987114602951671e-02,9.399810648702242033e-02,1.339695132715544301e-01,1.285009071042247930e-01,2.585175255958263238e-02,1.848815222618815646e-01,8.953196894871258416e-02,1.397310615971048831e-01,7.402802191127653975e-02,1.995804982107965697e-01,6.776929601415215831e-02,7.358917332714812187e-02,5.482052677909952931e-02,2.652063747580577641e-02,5.522088297127959039e-02,8.314823044584872258e-02,1.357298827418071119e-01,6.365675482543417529e-02,1.937447083379846280e-01,2.194866031387754934e-01,5.517534108609080390e-02,1.313209931438001354e-01,4.106540633137079066e-01,2.247884450802914158e-01,2.493228263608610884e-01,1.897605914630760282e-01,4.940215990472460184e-02,1.389422940179962374e-01
2.887601295031107587e-02,6.222248034385255422e-02,4.772359820376505246e-02,2.270399480027973996e-02,8.842886310394129645e-02,1.246636025426363648e-01,0.000000000000000000e+00,2.924496611054884856e-02,1.499630246862533878e-01,6.596079700804775847e-02,1.124979214752870049e-01,5.600242820043546677e-02,1.724360227340812901e-01,6.158298619389861173e-02,5.252754479863952497e-02,4.762982036343862274e-02,3.232912369521541429e-02,6.667991393956959612e-02,6.747720198027398752e-02,1.122760178643673612e-01,5.590837293977875960e-02,1.859467709186555517e-01,1.686891414550384660e-01,6.051757599378713298e-02,1.547579508966069606e-01,3.020997455648285479e-01,1.742718654791920729e-01,2.285737840870851745e-01,1.794378201535401507e-01,3.149585229933474229e-02,1.285692218586688973e-01,5.047943492543718880e-02,2.857421689162695233e-02,6.276254683030674242e-02,3.326986386910787269e-02,5.254170793120558486e-02,1.982380410588487768e-02,2.101056534698511960e-02,4.451567917951163716e-02,3.360532962412031421e-02,4.005501626723956266e-02,3.094396296023539314e-02,3.790107682631320418e-02,1.415679507483972449e-02,1.007302946777442233e-02,3.357263850829518559e-02,5.570777838240066615e-02,8.907953805399253244e-02,2.313930389484268602e-02,8.384764070010337911e-02,1.160301782918125163e-01,1.137895770534980422e-01,2.301837484298009315e-02,1.629666915262677762e-01,8.067069513267344227e-02,1.264114028483309671e-01,6.509456499764561255e-02,1.773708836627318763e-01,5.997066605114480947e-02,6.483914951820012040e-02,4.824333708811784360e-02,2.343338664915496639e-02,4.869208197537919225e-02,7.387034232032745062e-02,1.188532635098718676e-01,5.635493524160303802e-02,1.704871019478975125e-01,1.919396350058479306e-01,4.799454583772194000e-02,1.149937685130185822e-01,3.616001815572295053e-01,1.954879097573880009e-01,2.213952830579540565e-01,1.669540878503443793e-01,4.363636927928513098e-02,1.224146949620836811e-01
7.658155801504109433e-03,1.629623590948409140e-02,1.228604622872402768e-02,6.082280722386718824e-03,2.320844999134267020e-02,3.211686816422638924e-02,2.924496611054884856e-02,0.000000000000000000e+00,3.856865197155461000e-02,1.764340456858135356e-02,2.893809594355771161e-02,1.498169408192169712e-02,4.540551040559822477e-02,1.612950362626045658e-02,1.375114196341923646e-02,1.218682215316347316e-02,8.367161089300835519e-03,1.735149574666039474e-02,1.743671016680226060e-02,2.914140157647905627e-02,1.456165409423955913e-02,4.785194383849153410e-02,4.346549625612036033e-02,1.611596565770139627e-02,4.000476493949157997e-02,7.961111642577441139e-02,4.576070470396081252e-02,6.005686046608246786e-02,4.650851354400638987e-02,8.316521522470742347e-03,3.354317703887443880e-02,1.273081406206042453e-02,7.564074859099345106e-03,1.633763956990959970e-02,8.650110304940551026e-03,1.396702008477670835e-02,5.221993255945629568e-03,5.310214477235565902e-03,1.117470186971702625e-02,8.681800081120228524e-03,1.054898260814830964e-02,8.037635409438879941e-03,1.022441734689996488e-02,3.777420149587841763e-03,2.625317812682383904e-03,8.692417600767183422e-03,1.463575167781134244e-02,2.292837634742455472e-02,6.295766069447533177e-03,2.195908860263941567e-02,3.032492282402959524e-02,3.015880462898177031e-02,5.917111604603518364e-03,4.174115433614407344e-02,2.122788625263600029e-02,3.263807369504213851e-02,1.765643088071024158e-02,4.630253737129442354e-02,1.580440999473692668e-02,1.679359872335876858e-02,1.259479042199712802e-02,6.237679544877161933e-03,1.276480941918017517e-02,1.899592238042309075e-02,3.075531370844186013e-02,1.478814229688316627e-02,4.430425276075641156e-02,4.994073585317777841e-02,1.249748266174142974e-02,3.027112759486267138e-02,9.438795866804762513e-02,5.100900764930912934e-02,5.814048059021337256e-02,4.291062110120835021e-02,1.119317513187212398e-02,3.230919693649855762e-02
3.925397667035454563e-02,8.541188819243901442e-02,6.548679798345796721e-02,3.116444512340134365e-02,1.207120898797694880e-01,1.712163900744920753e-01,1.499630246862533878e-01,3.856865197155461000e-02,0.000000000000000000e+00,8.897185100971484462e-02,1.506261364732542352e-01,7.563185859440925418e-02,2.357018091745053945e-01,8.327603775455680313e-02,7.105465924376608289e-02,6.518250803088640466e-02,4.378524187795277550e-02,9.069098087335887570e-02,9.166732196911939190e-02,1.544283303815627006e-01,7.556408985485439656e-02,2.558944433318107725e-01,2.306054635259162100e-01,8.235357182005501042e-02,2.117438321835611315e-01,4.108306206851565223e-01,2.397259522183476654e-01,3.116486467325156329e-01,2.469997063785834279e-01,4.339354737165365683e-02,1.734931593024545970e-01,6.666501886516543185e-02,3.909710344844152113e-02,8.444742646854164203e-02,4.503309002182763476e-02,7.159042877349655609e-02,2.695626108876997620e-02,2.833152887929268199e-02,5.874891354435622659e-02,4.532203921272769109e-02,5.450661251409937708e-02,4.209579890368998767e-02,5.175013611128682217e-02,1.900815780291477408e-02,1.359235680098899897e-02,4.563884257195829214e-02,7.556624740968918841e-02,1.229621522818001300e-01,3.154407773077753246e-02,1.125859102530391703e-01,1.610323901042699790e-01,1.548051408917078819e-01,3.114270254554160275e-02,2.224115726805152016e-01,1.086291392058856969e-01,1.693732256951794024e-01,8.841985053806469819e-02,2.399993259006836244e-01,8.144122473323366085e-02,8.801435023688368442e-02,6.574568539180668247e-02,3.213714615107693406e-02,6.678928582470539110e-02,1.004660889101518101e-01,1.638501025221976992e-01,7.565266055627670183e-02,2.348842254990858580e-01,2.643310089014990760e-01,6.603371867435438303e-02,1.584664108255278980e-01,4.928470630120976859e-01,2.697599404261284417e-01,3.010240160470624704e-01,2.288959952966434230e-01,5.959092027367804412e-02,1.665243216940565374e-01
1.752882509325115121e-02,3.744990329209619412e-02,2.845434244353160780e-02,1.379048702927680378e-02,5.350012508991665305e-02,7.394145965436937917e-02,6.596079700804775847e-02,1.764340456858135356e-02,8.897185100971484462e-02,0.000000000000000000e+00,6.751022093222527887e-02,3.315150303056826897e-02,1.030648099857453537e-01,3.732215820534640766e-02,3.252241517488416167e-02,2.852444696843552119e-02,1.903800557090347054e-02,3.986763786182073721e-02,4.055306511894092580e-02,6.721834966489070862e-02,3.424711654895541690e-02,1.111633464778122027e-01,1.014733456642843840e-01,3.627638735762405559e-02,9.238845452322488883e-02,1.814504567504580668e-01,1.035925998528132441e-01,1.371447488148435367e-01,1.062790140907507869e-01,1.890466149250724995e-02,7.680734638526433289e-02,2.954603574541471434e-02,1.700965776140654986e-02,3.805066442092387008e-02,2.002187065925734727e-02,3.213223107216835878e-02,1.191182902230236360e-02,1.263193272375838505e-02,2.575434443668086007e-02,2.036375835593334793e-02,2.420867037578677133e-02,1.840051510607677854e-02,2.284445040658703019e-02,8.387385148437702040e-03,6.198759013148960953e-03,2.021491359928244760e-02,3.262273103063817459e-02,5.316482751900451775e-02,1.375743134992691435e-02,5.049892889255252343e-02,6.817539105957227952e-02,6.757147232347325561e-02,1.336135683069221772e-02,9.694010193766018635e-02,4.846963444538033433e-02,7.544114998617751366e-02,3.890577420563176569e-02,1.055750160406961208e-01,3.609538743110125847e-02,3.876677468930272985e-02,2.840405937850614196e-02,1.377809898888409171e-02,2.872873882463768819e-02,4.443223378573358390e-02,7.066244367466702203e-02,3.320757182307803451e-02,1.011308038067712523e-01,1.144970284310005970e-01,2.878670708238038542e-02,6.752133921828223917e-02,2.141716456536907343e-01,1.167811371426493994e-01,1.322418037383578104e-01,9.934870706087965686e-02,2.633797268551360538e-02,7.301356787520904557e-02
2.931219780887648479e-02,6.351371196905566952e-02,4.817116904319213022e-02,2.334995794238226702e-02,9.010472283438056285e-02,1.251798806332412028e-01,1.124979214752870049e-01,2.893809594355771161e-02,1.506261364732542352e-01,6.751022093222527887e-02,0.000000000000000000e+00,5.720157590332292791e-02,1.754125938618962821e-01,6.254326640713622765e-02,5.304674571077219042e-02,4.754916114009713479e-02,3.270264307809070403e-02,6.718547446582470717e-02,6.771267366692454437e-02,1.136754474694967737e-01,5.690517155552355516e-02,1.870960005146407867e-01,1.697113311575991768e-01,6.102969144551593367e-02,1.565390571837135536e-01,3.053910651982287838e-01,1.783831768149880814e-01,2.319409379606576505e-01,1.812739974384912356e-01,3.268667411451184335e-02,1.295358139276851506e-01,4.952610485274321073e-02,2.864887176612225528e-02,6.241886676727730066e-02,3.347191435526435804e-02,5.368651915192965141e-02,2.014173708857897038e-02,2.068074864802139229e-02,4.330367451072711371e-02,3.322185027817057407e-02,4.014938848867743298e-02,3.089665923114738588e-02,3.889735315766042201e-02,1.432964543409805634e-02,1.004193676926024015e-02,3.409790670771338517e-02,5.662163646460318528e-02,8.995522738610486901e-02,2.398752997046861221e-02,8.510075037281028543e-02,1.175091303676409488e-01,1.161065544007634370e-01,2.316486870604381187e-02,1.636075953550459872e-01,8.204734189954199230e-02,1.268389098883846433e-01,6.688594544110681994e-02,1.794019335397077919e-01,6.116375267430763235e-02,6.562222510024365296e-02,4.919919085231880262e-02,2.403108720629849523e-02,4.984980975546900173e-02,7.447544866597831381e-02,1.210793432935155650e-01,5.769220222564850481e-02,1.735480614172627833e-01,1.942452905344746183e-01,4.844814903972655823e-02,1.178569915101114474e-01,3.655780305725280233e-01,1.990681250084773146e-01,2.257572190494437081e-01,1.688737408670763496e-01,4.458933091347640904e-02,1.246808007959044895e-01
1.567271843254476951e-02,3.198449522545865342e-02,2.480212060375425534e-02,1.152857545676315432e-02,4.514708445244700052e-02,6.361083610887072193e-02,5.600242820043546677e-02,1.498169408192169712e-02,7.563185859440925418e-02,3.315150303056826897e-02,5.720157590332292791e-02,0.000000000000000000e+00,8.821600265847083511e-02,3.151952412770307743e-02,2.767737862987500186e-02,2.415018874267363391e-02,1.641557780841131770e-02,3.382295550917688992e-02,3.449832274917697533e-02,5.699146313654706447e-02,2.934982142768867430e-02,9.395351794032064108e-02,8.631213762591115335e-02,3.194375539326714530e-02,7.832137039441314230e-02,1.571154682243919576e-01,9.033756504677800669e-02,1.171769702166497035e-01,9.109437291909532053e-02,1.622295316713663962e-02,6.575775967363872709e-02,2.562947547034953241e-02,1.447377305553181927e-02,3.203914789193174073e-02,1.699444975313757489e-02,2.662753973651355369e-02,9.947262201921798844e-03,1.066588021545139715e-02,2.257421387038460389e-02,1.729146533539050595e-02,2.046495781741160258e-02,1.565455055991486072e-02,1.930142267041278295e-02,7.086789799980541468e-03,5.329078072640063349e-03,1.845369382599485950e-02,2.819467032515767316e-02,4.548357221241554338e-02,1.167736914614100029e-02,4.268042382088533399e-02,5.918877492938756646e-02,5.822141587280021957e-02,1.153667495249621582e-02,8.293043468321451006e-02,4.059291764085232179e-02,6.390981483647759087e-02,3.456073611551272601e-02,9.076592363666248497e-02,3.057771641309543070e-02,3.337961406358698480e-02,2.462388597070764087e-02,1.177556850865672973e-02,2.479760026124761332e-02,3.796241772658883601e-02,5.960154062957289528e-02,2.914293591089484048e-02,8.579471628478299583e-02,9.773556711216672965e-02,2.513041172084495845e-02,5.792059015231335040e-02,1.860184682541243528e-01,9.981803399210589789e-02,1.132481323551101510e-01,8.421189159178602002e-02,2.279158556938787675e-02,6.284256040403650434e-02
4.542617313273043106e-02,9.808535478810445629e-02,7.523417188973205438e-02,3.572627390238245632e-02,1.397311995224336245e-01,1.967018941671914711e-01,1.724360227340812901e-01,4.540551040559822477e-02,2.357018091745053945e-01,1.030648099857453537e-01,1.754125938618962821e-01,8.821600265847083511e-02,0.000000000000000000e+00,9.682421924943315772e-02,8.178428556524966475e-02,7.533422013944604534e-02,5.047588727111170653e-02,1.048643139700011079e-01,1.053776354589498337e-01,1.763355653369476084e-01,8.774106976493536991e-02,2.919908950936773717e-01,2.643720685700060025e-01,9.524658267162262881e-02,2.431750893463251184e-01,4.740760203099615988e-01,2.745936809356451236e-01,3.590240101901227554e-01,2.828628734221196317e-01,4.939406076018561242e-02,2.013871089559986505e-01,7.834075984660461567e-02,4.478193785283325623e-02,9.827399208729739599e-02,5.234228220769105572e-02,8.255061980596514748e-02,3.109660879843140907e-02,3.286048319578989407e-02,6.938273792404275886e-02,5.262873907437729676e-02,6.285036540820532203e-02,4.911283871749894114e-02,5.965047868993686442e-02,2.236441533267426868e-02,1.581641269770946850e-02,5.295747880809859032e-02,8.748407072860227285e-02,1.412965608485617919e-01,3.654896110293649747e-02,1.312606384320376685e-01,1.830614861678432070e-01,1.785537543562114859e-01,3.607860072773734494e-02,2.551738792369768749e-01,1.266165370817988467e-01,1.971132057244588676e-01,1.027634426436574711e-01,2.783245101973610969e-01,9.357553720912653583e-02,1.017947036205167494e-01,7.601432084910554610e-02,3.663817709312407189e-02,7.646727513174439439e-02,1.159435047538240476e-01,1.870901789539575477e-01,8.821169738934733773e-02,2.679187884782560647e-01,3.024361162166337991e-01,7.562806273247778266e-02,1.813211376260906171e-01,5.683974204769258742e-01,3.075494000197965261e-01,3.463025859962266528e-01,2.609974673532507450e-01,6.858474588498801594e-02,1.927076301921942236e-01
1.629485821658045036e-02,3.521311748411469489e-02,2.665754310112646366e-02,1.294666708530867703e-02,4.935027379729995528e-02,6.953434668116054151e-02,6.158298619389861173e-02,1.612950362626045658e-02,8.327603775455680313e-02,3.732215820534640766e-02,6.254326640713622765e-02,3.151952412770307743e-02,9.682421924943315772e-02,0.000000000000000000e+00,2.890432350331235273e-02,2.654256125414748702e-02,1.818835485822383261e-02,3.739291783688221404e-02,3.747938277043251498e-02,6.247592667729479077e-02,3.153926922775263098e-02,1.022200737142143351e-01,9.285852408591847851e-02,3.398138474866937986e-02,8.639046665017499627e-02,1.675982269622831589e-01,9.785391448720191787e-02,1.276003517291120493e-01,9.985875722546427857e-02,1.780276017215189771e-02,7.174007103591678591e-02,2.720539871938725679e-02,1.572867107835704270e-02,3.471052456166090483e-02,1.871690033286285346e-02,2.943649818194618226e-02,1.112499954661826454e-02,1.150003914957443280e-02,2.405992475740217559e-02,1.821551041888342867e-02,2.213895999777564655e-02,1.745094245452701032e-02,2.159102226992903883e-02,8.017081627336039573e-03,5.453411399036630150e-03,1.905418917726117711e-02,3.128193576861697245e-02,5.013566767127072138e-02,1.325598073468917115e-02,4.698735868054658427e-02,6.496302033993898994e-02,6.374358526019738291e-02,1.262405124831106167e-02,9.004039802862109920e-02,4.557612266813749341e-02,6.980801898121646865e-02,3.669209393275363329e-02,9.941570941632074665e-02,3.376160321563484445e-02,3.637226870302222304e-02,2.715822757826922770e-02,1.317816754716631331e-02,2.716921797794589338e-02,4.136425320761610847e-02,6.637854655971667239e-02,3.174489789940657808e-02,9.367651131417951971e-02,1.057717915538767539e-01,2.660758038708079670e-02,6.411621123254518384e-02,2.002535233946520499e-01,1.093071022476428122e-01,1.231241318672608165e-01,9.302971406462202941e-02,2.428056610641202498e-02,6.863270580191915826e-02
1.419256542375866605e-02,2.978620078081389497e-02,2.284090580909454299e-02,1.098439935552674926e-02,4.169968606111699311e-02,5.903222699630523290e-02,5.252754479863952497e-02,1.375114196341923646e-02,7.105465924376608289e-02,3.252241517488416167e-02,5.304674571077219042e-02,2.767737862987500186e-02,8.178428556524966475e-02,2.890432350331235273e-02,0.000000000000000000e+00,2.233725471495784029e-02,1.547966814077764847e-02,3.135993610339596338e-02,3.224807799540264919e-02,5.398772316178830633e-02,2.690392466915336733e-02,8.883307847791754863e-02,8.103445586346549878e-02,2.931388138408725502e-02,7.257797278802374796e-02,1.452230709834236577e-01,8.544333218665395302e-02,1.101600917892210513e-01,8.539042290860096585e-02,1.572247203046550287e-02,6.118942920000979002e-02,2.269661531617169284e-02,1.375193044468035579e-02,2.980468760351131022e-02,1.578297683097416165e-02,2.530064700932730878e-02,9.534461657802577317e-03,9.821702465752436481e-03,2.027406618336419913e-02,1.582594083947751196e-02,1.945380374076212740e-02,1.445577785471991068e-02,1.851714353018883361e-02,6.572962274349472729e-03,5.108301017039212043e-03,1.645641000141815150e-02,2.666461335544191916e-02,4.187004458278931196e-02,1.138069320516154129e-02,3.962657343879614352e-02,5.560352091871426788e-02,5.460619752232094559e-02,1.108594249633686191e-02,7.685321775307898950e-02,3.852390452461255943e-02,5.925702318230786914e-02,3.282548373685144349e-02,8.449098280178674036e-02,2.847124774335083736e-02,3.092166049260873517e-02,2.304181174128469914e-02,1.137799256058697264e-02,2.356419072301091031e-02,3.542289641379646470e-02,5.677856835901581162e-02,2.725450739804051448e-02,8.178066353339860650e-02,9.223240765607006175e-02,2.328245014585732589e-02,5.564161949340676316e-02,1.736181342073315204e-01,9.387165430643061581e-02,1.057425615016210491e-01,7.927771889207906042e-02,2.074333859696968554e-02,5.838979069767918917e-02
1.258742193276460308e-02,2.712468413709437018e-02,2.072332487067336804e-02,9.813895409956290700e-03,3.838486764547969360e-02,5.370337488417196992e-02,4.762982036343862274e-02,1.218682215316347316e-02,6.518250803088640466e-02,2.852444696843552119e-02,4.754916114009713479e-02,2.415018874267363391e-02,7.533422013944604534e-02,2.654256125414748702e-02,2.233725471495784029e-02,0.000000000000000000e+00,1.387527599918753074e-02,2.860457656805272253e-02,2.858011148243689431e-02,4.859441692677916869e-02,2.434004013216647944e-02,7.977514892876798325e-02,7.240182547605827912e-02,2.634198946971205713e-02,6.680364520435225217e-02,1.306809227054273603e-01,7.519741929403861436e-02,9.910987778893023958e-02,7.789548849639423012e-02,1.379674835493996214e-02,5.504347798780717671e-02,2.138612227341204694e-02,1.229445475870447925e-02,2.679197798599516900e-02,1.434907392669326591e-02,2.288355816780918497e-02,8.622418234445197380e-03,8.877943169076488172e-03,1.861831725405399193e-02,1.444396338404470639e-02,1.728256550266438901e-02,1.346955038918584875e-02,1.640248086920086806e-02,6.204736672468832981e-03,4.264803524271111070e-03,1.465751970366014310e-02,2.389033909439283385e-02,3.864440122248357506e-02,9.926532291596210783e-03,3.589468517217678234e-02,5.062320621211754967e-02,4.916102788708288929e-02,9.740074986214012839e-03,7.019927707363110558e-02,3.474913075767915860e-02,5.350389714936901880e-02,2.842878518078641170e-02,7.606829279182476811e-02,2.577003932494760854e-02,2.779118839580487638e-02,2.082579311425417773e-02,1.010477675314764429e-02,2.085468589781672849e-02,3.176288718548332668e-02,5.134621721190651272e-02,2.423621415839512933e-02,7.354785892417363413e-02,8.281661133392521912e-02,2.095400860269251014e-02,4.965194241301645189e-02,1.554268165006755797e-01,8.458520677856000425e-02,9.512775315441569790e-02,7.222357351905793477e-02,1.881007031837371099e-02,5.299094301956244757e-02
8.531369942619210570e-03,1.841173661748946033e-02,1.396862817216830248e-02,6.763008794104837483e-03,2.607706959259022822e-02,3.647503763845391656e-02,3.232912369521541429e-02,8.367161089300835519e-03,4.378524187795277550e-02,1.903800557090347054e-02,3.270264307809070403e-02,1.641557780841131770e-02,5.047588727111170653e-02,1.818835485822383261e-02,1.547966814077764847e-02,1.387527599918753074e-02,0.000000000000000000e+00,1.924147426085524165e-02,1.975659459630768958e-02,3.274514011525861412e-02,1.657572749430048092e-02,5.393622228824541259e-02,4.911402463721700751e-02,1.792167675324144241e-02,4.535558553115880825e-02,8.808418593981054423e-02,5.112425421334683417e-02,6.650226551229260208e-02,5.198099181421848847e-02,9.264377160657238236e-03,3.735390180556914796e-02,1.426794546153493069e-02,8.282128507489997654e-03,1.828649931765828282e-02,9.725934592270713691e-03,1.564273955541900518e-02,5.851876598964912170e-03,6.093452637205675447e-03,1.251745609399071771e-02,9.686539391210930924e-03,1.172564096175789106e-02,9.048574445665622662e-03,1.118642316749202288e-02,4.106447583848595387e-03,2.928711388481779806e-03,9.974494710880455611e-03,1.606823644771637749e-02,2.620715397454645434e-02,6.794433835635189413e-03,2.447161937526037834e-02,3.388591625017423059e-02,3.316570689430153873e-02,6.448812600840902153e-03,4.733059857011345795e-02,2.361872178118280124e-02,3.638649215489250799e-02,1.914342737376232423e-02,5.147071795544923278e-02,1.760868876877973166e-02,1.896154152043016614e-02,1.386353365446563873e-02,6.743346955922146016e-03,1.399136158608177069e-02,2.146701659497050538e-02,3.484942149197434863e-02,1.630922587593297557e-02,4.934014709936949961e-02,5.582695904469305026e-02,1.414952795127940276e-02,3.337678505275380042e-02,1.046073766104233110e-01,5.763277279473009995e-02,6.448348969416051180e-02,4.878761446634899412e-02,1.278194251093850951e-02,3.573670557058981900e-02
1.753548863183352832e-02,3.787705813902336738e-02,2.874250971995751316e-02,1.387424151039779938e-02,5.387524680173133573e-02,7.554827600881799943e-02,6.667991393956959612e-02,1.735149574666039474e-02,9.069098087335887570e-02,3.986763786182073721e-02,6.718547446582470717e-02,3.382295550917688992e-02,1.048643139700011079e-01,3.739291783688221404e-02,3.135993610339596338e-02,2.860457656805272253e-02,1.924147426085524165e-02,0.000000000000000000e+00,4.034093819062993524e-02,6.789983643828867432e-02,3.401631696328861337e-02,1.118901100724404851e-01,1.014818646104845984e-01,3.683044298369139019e-02,9.334025729155573381e-02,1.827984340871150470e-01,1.047953997296801748e-01,1.379573743564365962e-01,1.085962956707787613e-01,1.909586957039297733e-02,7.727578335236724716e-02,2.937822918675946082e-02,1.732268654053362861e-02,3.773144781259855918e-02,2.004171841998629230e-02,3.205279301414105941e-02,1.194094055828178250e-02,1.238574100261889688e-02,2.601405872095096522e-02,2.014380662065310204e-02,2.428795360731653835e-02,1.879007956583093539e-02,2.296039679068810277e-02,8.612492752628897810e-03,5.928497080696168084e-03,2.027659186880648862e-02,3.337639280453862795e-02,5.424064481750626859e-02,1.397376295675112866e-02,5.061438854412839833e-02,7.041979024689645761e-02,6.872313504457297495e-02,1.371499900284870246e-02,9.805153802588409406e-02,4.880799424943672860e-02,7.508720588029405008e-02,3.935803712324723036e-02,1.061739293684164642e-01,3.616439970467964782e-02,3.878950336545086697e-02,2.910698014448061949e-02,1.414205154206273074e-02,2.913292881758939787e-02,4.417490463212771917e-02,7.181386657909677451e-02,3.367729437236711976e-02,1.022010860677223382e-01,1.161654089706025267e-01,2.916571568578821272e-02,6.913597310031020793e-02,2.173167596376095745e-01,1.183009281984592764e-01,1.318066378533527816e-01,1.000633469999537978e-01,2.589934667798096668e-02,7.381170851580348691e-02
1.770384160268029250e-02,3.804755167208334621e-02,2.931234734735243055e-02,1.399557759700729986e-02,5.382237636941961112e-02,7.630762161978789371e-02,6.747720198027398752e-02,1.743671016680226060e-02,9.166732196911939190e-02,4.055306511894092580e-02,6.771267366692454437e-02,3.449832274917697533e-02,1.053776354589498337e-01,3.747938277043251498e-02,3.224807799540264919e-02,2.858011148243689431e-02,1.975659459630768958e-02,4.034093819062993524e-02,0.000000000000000000e+00,6.876819829145253138e-02,3.414264554941927321e-02,1.134391299798473973e-01,1.031188617565484134e-01,3.698105802957163402e-02,9.379459871992361364e-02,1.836231964785871862e-01,1.082218320971007203e-01,1.395557710419424169e-01,1.092337372792679256e-01,1.975257776496853676e-02,7.800238656248428826e-02,2.930240963487726336e-02,1.751643404347044339e-02,3.748873380216892481e-02,2.008154039507216090e-02,3.230505286472233617e-02,1.212282856562289096e-02,1.249763590439929503e-02,2.568547548920071394e-02,2.011478044098930981e-02,2.441978956712840404e-02,1.854533581018420751e-02,2.341096280354582060e-02,8.474818195412955196e-03,6.204996746553296562e-03,2.043579824987716564e-02,3.386991487510260246e-02,5.441808688626761925e-02,1.437969016271481784e-02,5.058623511399430034e-02,7.153043838949982303e-02,6.958035535156138762e-02,1.384199729032621271e-02,9.899759354431579561e-02,4.885490555904711124e-02,7.560732640189549159e-02,4.029832178952109240e-02,1.077466000782623390e-01,3.655681953429320424e-02,3.937658269973703939e-02,2.937266806122131729e-02,1.432653135321250611e-02,2.989447135723371715e-02,4.489897671560224429e-02,7.282892556656037075e-02,3.425977246517403901e-02,1.042275312725010616e-01,1.171098955856773038e-01,2.943075812139915592e-02,7.058459636482447563e-02,2.191471650121047665e-01,1.207874896092019368e-01,1.352623639945217948e-01,1.021773737581395114e-01,2.667639993705546095e-02,7.462378466742798644e-02
2.939125750768145987e-02,6.413799227503656775e-02,4.910972968863596549e-02,2.336892908526436510e-02,9.035779283562027364e-02,1.275845364340308652e-01,1.122760178643673612e-01,2.914140157647905627e-02,1.544283303815627006e-01,6.721834966489070862e-02,1.136754474694967737e-01,5.699146313654706447e-02,1.763355653369476084e-01,6.247592667729479077e-02,5.398772316178830633e-02,4.859441692677916869e-02,3.274514011525861412e-02,6.789983643828867432e-02,6.876819829145253138e-02,0.000000000000000000e+00,5.718388290364966736e-02,1.906445930204142825e-01,1.726618564796780497e-01,6.146247859150937021e-02,1.578362177195831162e-01,3.079148745419944544e-01,1.792379304611226298e-01,2.326990386844717262e-01,1.833676510608738819e-01,3.265619948562186597e-02,1.298497604152458740e-01,4.930909411979356172e-02,2.879973331136689504e-02,6.329450791668958520e-02,3.365681821529392659e-02,5.374205225671291331e-02,2.018456468238866847e-02,2.101218894671251503e-02,4.274843408562081087e-02,3.385061416389320565e-02,4.084357529027095313e-02,3.081561123414653172e-02,3.876811824329013528e-02,1.429922606372040217e-02,1.028229466602250362e-02,3.448538142086784997e-02,5.700533055529030668e-02,9.135378754578506177e-02,2.357468474135446940e-02,8.431447922848810117e-02,1.190966871327776566e-01,1.158011213890897256e-01,2.299816447882817652e-02,1.661621575088698122e-01,8.204250009217868567e-02,1.262587622991029612e-01,6.711842821767521894e-02,1.795010442069445433e-01,6.078337261178624190e-02,6.619883044245056247e-02,4.918357341559466411e-02,2.398564238750232683e-02,4.990023275756056559e-02,7.535390478792222679e-02,1.228888352157934544e-01,5.678916873940380305e-02,1.751298430981623189e-01,1.976743872007827030e-01,4.928364332446726753e-02,1.180099616665970241e-01,3.682977585571238777e-01,2.027206352282087676e-01,2.242756325684345797e-01,1.715680470665145174e-01,4.452743849225550277e-02,1.243707744213020383e-01
1.518682222057952599e-02,3.188361725450560707e-02,2.438331243547646812e-02,1.161809764802233455e-02,4.504315959426909155e-02,6.332566879754450428e-02,5.590837293977875960e-02,1.456165409423955913e-02,7.556408985485439656e-02,3.424711654895541690e-02,5.690517155552355516e-02,2.934982142768867430e-02,8.774106976493536991e-02,3.153926922775263098e-02,2.690392466915336733e-02,2.434004013216647944e-02,1.657572749430048092e-02,3.401631696328861337e-02,3.414264554941927321e-02,5.718388290364966736e-02,0.000000000000000000e+00,9.348325171495189267e-02,8.569555202369130709e-02,3.147963004820683586e-02,7.830088206831858910e-02,1.551342565646314509e-01,9.030981368515222929e-02,1.168588596861674100e-01,9.095441096335586673e-02,1.618735368115349973e-02,6.525278172607719418e-02,2.486803923765884897e-02,1.447880080806710629e-02,3.177075008187064953e-02,1.691131827264678172e-02,2.690164822737846698e-02,1.004236102498476391e-02,1.060592900113436002e-02,2.211397532574155278e-02,1.673648644833346244e-02,2.014224546370642008e-02,1.571930562136777260e-02,1.962037671570070543e-02,7.203215900265396744e-03,5.226928546839582773e-03,1.762758246033213627e-02,2.806379675790289865e-02,4.543274214571529912e-02,1.193401277100561084e-02,4.292194449751238206e-02,5.898024932827366368e-02,5.778204371990841581e-02,1.138881544540990345e-02,8.238555338967736008e-02,4.131626452175918285e-02,6.356359496783334229e-02,3.441131683950750947e-02,9.017372806451423584e-02,3.057441446363770923e-02,3.305979672316666784e-02,2.470493082406238425e-02,1.196364140630376202e-02,2.471853484135411519e-02,3.755526241720353459e-02,6.026820584366303357e-02,2.886268821657560907e-02,8.599371659715060456e-02,9.714102752939630936e-02,2.482630199366948551e-02,5.827247809649879762e-02,1.844224617738865479e-01,9.945707353433747011e-02,1.130765644179856366e-01,8.431657832305348987e-02,2.236862553269353474e-02,6.247229113977877807e-02
