0.000000000000000000e+00,1.339578344142164368e-02,7.936038623290418703e-03,4.661279446686941719e-03,1.610723140669273121e-02,2.520913888487648705e-02,2.370012623784744851e-02,3.682174536391995354e-03,2.725087182237100059e-02,1.503288367420969884e-02,1.775643037047111225e-02,1.401533967466398259e-02,3.533714260630919923e-02,7.429977408950535697e-03,1.073981902754281986e-02,9.465793919054105512e-03,5.510988566152435347e-03,1.119066513343725325e-02,1.257936673704648095e-02,2.305906898605024000e-02,9.089932185730651565e-03,3.969469492475864031e-02,3.257951109703773745e-02,1.249825767784362891e-02,2.627532494611414110e-02,6.695563032647047774e-02,3.226636110633988169e-02,4.443456701598192532e-02,3.521830189676969369e-02,7.388493114306692033e-03,2.209060500982353015e-02,1.101680847237557562e-02,5.890614887682624201e-03,1.073746423166548232e-02,5.423303916081780723e-03,8.850444867189348822e-03,4.607552995658635402e-03,4.162478222700433453e-03,1.172734684802169761e-02,7.281024891763407565e-03,1.057203996918155975e-02,5.891244857940208801e-03,6.052413393530724911e-03,2.266884165987430224e-03,2.408369331141095495e-03,6.396415500189559823e-03,1.084990080100656923e-02,1.117763954294994852e-02,5.611556057313560331e-03,1.659564380738045089e-02,2.034680316743166933e-02,2.616952501962198016e-02,6.787556063222574022e-03,2.513493158244401587e-02,1.441882240640750615e-02,2.484377184309495556e-02,1.574949586458880557e-02,3.548927318399427988e-02,8.381243837579011383e-03,1.221854672344095671e-02,9.744906222532422405e-03,5.836375897028045143e-03,1.310696793511456106e-02,9.496185771681731405e-03,2.264853359935353055e-02,1.368141945151838193e-02,3.732785647404723850e-02,4.284481134783547918e-02,1.108524579128970962e-02,2.564464918686903960e-02,8.338971810710361920e-02,3.363265828838719884e-02,4.982395540449768845e-02,3.427059059047302125e-02,7.454487049727249320e-03,2.211745046317518601e-02
1.339578344142164368e-02,0.000000000000000000e+00,1.988486303653891341e-02,1.194245054944276241e-02,4.110651334551678610e-02,6.222308019545286228e-02,5.974944251318667354e-02,8.549440830508583944e-03,6.967301373891340854e-02,3.850857070768019114e-02,4.568638730783422530e-02,3.475061476686493178e-02,8.933634300294775177e-02,1.975503908620478838e-02,2.608786892356108889e-02,2.412952113454391173e-02,1.403254559481483497e-02,2.793984628127697822e-02,3.167992603773729654e-02,5.786511246351688093e-02,2.323077881893700555e-02,9.790662509153115478e-02,8.055878154403160740e-02,3.043125876223759518e-02,6.536239119061702796e-02,1.644914580195972476e-01,8.155383858021128529e-02,1.131767419149303233e-01,8.925506873061235524e-02,1.936922852936887388e-02,5.528854019091326844e-02,2.644724889734794554e-02,1.440392708377131320e-02,2.681140820595746127e-02,1.302680680732135228e-02,2.303425849997872005e-02,1.152898048179996915e-02,1.000171659822154425e-02,2.846584402017831791e-02,1.712892172618228626e-02,2.627545289550402979e-02,1.453254145607190718e-02,1.545166451550086459e-02,5.772572596299728465e-03,5.523247086621327524e-03,1.546180230354670011e-02,2.784762637355099948e-02,2.853689285069723608e-02,1.405753433591692449e-02,4.148838974839498539e-02,5.065183338411607950e-02,6.592265785641342191e-02,1.648349629710318259e-02,6.143070146814856580e-02,3.685089066923889767e-02,6.157884949643401690e-02,3.792351625185189090e-02,8.825095956739832659e-02,2.162828431958542519e-02,3.044144349484287360e-02,2.485022214938405888e-02,1.513639602508003862e-02,3.301081436747216324e-02,2.363824435228105078e-02,5.748650685738887489e-02,3.406968672646017160e-02,9.323375988829175898e-02,1.072957462009287155e-01,2.656476791968336720e-02,6.475618206556867096e-02,2.026749106669168410e-01,8.577560029280707765e-02,1.243074125023851118e-01,8.680996744676976185e-02,1.905625674910870967e-02,5.644816015621039601e-02
7.936038623290418703e-03,1.988486303653891341e-02,0.000000000000000000e+00,6.967593489225675819e-03,2.433919256902765046e-02,3.691197692170578026e-02,3.518459038172255110e-02,5.095253225335180311e-03,4.121328846713939037e-02,2.232223066091252803e-02,2.703199849742322566e-02,2.043367677723993345e-02,5.234360841163342853e-02,1.148075069402844893e-02,1.581969274716114524e-02,1.399650410772740501e-02,8.247156647139841992e-03,1.626815683472994031e-02,1.901971521499877874e-02,3.390744723038267849e-02,1.336588223166268984e-02,5.840724215805935537e-02,4.776384757602329667e-02,1.791454236505587994e-02,3.842150285837694218e-02,9.718612110713564789e-02,4.787446838092564161e-02,6.635861708215662347e-02,5.296242032140894423e-02,1.155867615896907438e-02,3.262105716867746280e-02,1.571694384022847418e-02,8.515743363727096282e-03,1.579087926038675455e-02,7.843603447902981404e-03,1.332186573256376010e-02,6.739689343132506012e-03,6.077905921914318089e-03,1.691999981813242793e-02,1.019106431322501331e-02,1.533382469977254484e-02,8.485579234376679561e-03,8.993594798333235177e-03,3.347326596914447852e-03,3.330292510290139025e-03,9.020874542240370567e-03,1.619162643479522476e-02,1.690577979223486377e-02,8.207540202269209342e-03,2.437273370246129806e-02,3.000765793914701718e-02,3.869684819604828768e-02,9.645739396099870314e-03,3.707946271901912949e-02,2.139706206936199673e-02,3.682253678738384856e-02,2.224496873549898501e-02,5.193693748269916782e-02,1.271753619605964572e-02,1.800136235730582374e-02,1.442399174927615213e-02,8.781643089828502710e-03,1.932632006402576486e-02,1.447822039214409148e-02,3.390162334976683234e-02,1.976627519847614853e-02,5.502472524900040018e-02,6.272058170293690060e-02,1.573618161183088643e-02,3.821526422505214238e-02,1.192437037534568173e-01,5.013415382339429793e-02,7.355643398147555800e-02,5.138481385036454407e-02,1.151920205421466670e-02,3.307139012704973097e-02
4.661279446686941719e-03,1.194245054944276241e-02,6.967593489225675819e-03,0.000000000000000000e+00,1.424595671138833772e-02,2.188682339689006912e-02,2.093549590976321803e-02,2.988473450935291015e-03,2.435581162792724991e-02,1.346479647261266017e-02,1.590763763916552137e-02,1.232640919236423216e-02,3.151696445167908450e-02,6.712295164256108781e-03,9.213029846427264399e-03,8.331391137589846257e-03,4.968054535356350790e-03,9.628533967470482083e-03,1.118140349980860024e-02,2.043823656322257473e-02,7.937337831848386219e-03,3.441339377141187233e-02,2.814250231183477308e-02,1.074131681590459811e-02,2.274987278846123118e-02,5.749318296302517034e-02,2.860644414362963767e-02,3.937965610348106993e-02,3.150633636237228780e-02,6.835433635086193838e-03,1.923001320480248813e-02,9.441872809879616954e-03,5.056081841704247563e-03,9.444505924045306158e-03,4.675454952680163818e-03,7.872162535846240899e-03,3.891733365631220697e-03,3.622280006677119652e-03,1.015967436648444744e-02,6.108753669417639129e-03,9.256392530323408890e-03,5.046158724696590304e-03,5.306577914302420054e-03,2.012849896082197741e-03,2.045406716725323669e-03,5.323777704567066171e-03,9.603109779305660232e-03,1.006182600932690324e-02,4.923922356228932484e-03,1.444613639769545647e-02,1.765359613091508836e-02,2.315764941263035587e-02,5.823632160312232700e-03,2.158839632907109257e-02,1.291228672733755502e-02,2.182988253833673814e-02,1.333953374655044016e-02,3.114077029308528338e-02,7.590558281694602394e-03,1.063047345146420075e-02,8.556727027285606149e-03,5.282121543421787468e-03,1.145222879966868029e-02,8.627358422168834515e-03,2.017578619250352465e-02,1.208284003119096221e-02,3.250223021595893130e-02,3.734508110761457222e-02,9.347792209534343602e-03,2.273869505704260649e-02,7.090129641919262760e-02,2.975417686963465619e-02,4.389280584623131420e-02,3.003584871455718813e-02,6.618713890708330903e-03,1.936081507067604138e-02
1.610723140669273121e-02,4.110651334551678610e-02,2.433919256902765046e-02,1.424595671138833772e-02,0.000000000000000000e+00,7.628344183654073296e-02,7.170547982638555973e-02,1.089985580227852656e-02,8.461478390963900198e-02,4.668013555680480819e-02,5.550718321973752145e-02,4.148959782891304543e-02,1.080745557421306929e-01,2.345056567298860889e-02,3.227849528628565223e-02,2.917393498651700209e-02,1.726902032633185341e-02,3.397546024857985014e-02,3.853120367343019353e-02,6.969567915530489044e-02,2.803982862893413669e-02,1.202046074966805905e-01,9.885485639230237598e-02,3.666641267581937508e-02,7.982042480380167893e-02,1.993517386706009642e-01,9.899588437824582976e-02,1.365364824288651524e-01,1.084589904995951481e-01,2.355472682750938546e-02,6.711741844069903096e-02,3.351582790847276033e-02,1.776973037300295932e-02,3.228278282720403736e-02,1.603907532625813495e-02,2.707659229366623371e-02,1.404831956850638094e-02,1.242772342446554074e-02,3.575315762545289155e-02,2.123045630432337030e-02,3.144709959875055527e-02,1.734562957340918601e-02,1.852271461966815275e-02,6.981737431785055639e-03,6.959625401018150644e-03,1.892791532094112439e-02,3.376878196164334600e-02,3.449605069252326822e-02,1.678863355024187015e-02,5.056390304745009279e-02,6.218752604663785322e-02,7.947009470359217564e-02,2.013383240091184273e-02,7.630988215055772850e-02,4.494484028309037732e-02,7.595742938888810913e-02,4.591905967121318044e-02,1.073087700023761110e-01,2.581792418721113452e-02,3.666218580031051222e-02,2.998287395571930247e-02,1.839159399334336017e-02,4.030449245472032815e-02,2.908131975793648918e-02,7.011164233854072503e-02,4.103431283606390201e-02,1.147511917581346269e-01,1.303536882422912380e-01,3.268038939040592006e-02,7.912092079273602696e-02,2.467754280797856969e-01,1.045583168249406142e-01,1.506946893937994303e-01,1.058664141488971783e-01,2.369908551841877140e-02,6.741106144614385232e-02
2.520913888487648705e-02,6.222308019545286228e-02,3.691197692170578026e-02,2.188682339689006912e-02,7.628344183654073296e-02,0.000000000000000000e+00,1.108319956751350893e-01,1.606470536930192788e-02,1.293980345935454301e-01,7.089681102837244731e-02,8.340986369012104440e-02,6.393062441953692443e-02,1.653143536635852673e-01,3.659960488709848581e-02,4.801968381154255588e-02,4.451434735522016156e-02,2.597261151404025789e-02,5.223722975545166958e-02,5.855176620042617380e-02,1.071056497977460331e-01,4.268516751684813676e-02,1.829986380423180292e-01,1.499530460889898775e-01,5.657274094918051527e-02,1.225382101870471363e-01,3.053020198481207759e-01,1.513238079824613391e-01,2.090424054661481346e-01,1.654482709439913657e-01,3.563105442210667828e-02,1.018494410098347291e-01,4.959714377994712403e-02,2.723569421681277733e-02,4.932641147002429088e-02,2.453373324100231734e-02,4.224540606985464214e-02,2.136011501186232259e-02,1.846412579118957703e-02,5.289175851681801599e-02,3.239324358968116713e-02,4.805109693269305621e-02,2.664465331153439628e-02,2.889687586008997389e-02,1.075271009546893870e-02,1.033801327011908341e-02,2.986170608053889328e-02,5.166425012102845299e-02,5.334144010231935823e-02,2.569740570497069942e-02,7.581664836585373657e-02,9.553800436781072214e-02,1.213874616108794047e-01,3.060662264357487047e-02,1.163826987278602093e-01,6.758623323666949900e-02,1.136229412095098729e-01,7.067732167359518092e-02,1.635049585333931410e-01,4.017710466710486261e-02,5.588600061419578963e-02,4.576769107896041383e-02,2.759844960681906087e-02,6.063519201172481304e-02,4.467530016700847068e-02,1.063332020033566222e-01,6.261001258575657480e-02,1.743037286457156387e-01,1.993132358979438357e-01,4.971704838047211195e-02,1.203666746977794938e-01,3.776641604696657217e-01,1.592390007114890815e-01,2.304891628876638288e-01,1.615517120475059853e-01,3.530466557540369588e-02,1.039410337205472212e-01
2.370012623784744851e-02,5.974944251318667354e-02,3.518459038172255110e-02,2.093549590976321803e-02,7.170547982638555973e-02,1.108319956751350893e-01,0.000000000000000000e+00,1.574905227012571296e-02,1.226508760307224444e-01,6.796486535121916417e-02,8.006023731069204785e-02,6.131616681822704695e-02,1.579551873784802440e-01,3.346525504072687951e-02,4.663364823157731265e-02,4.258810304200742747e-02,2.529412724362047060e-02,4.952607616935060519e-02,5.595593028443208300e-02,1.020270503879619484e-01,4.059755363780963300e-02,1.745587449731359764e-01,1.427222795978577985e-01,5.392194851779582437e-02,1.156326138350457777e-01,2.909590848973724886e-01,1.429461284753877071e-01,1.981960312296331683e-01,1.570230271913482245e-01,3.381148803607337411e-02,9.707483618206817766e-02,4.850233333634545313e-02,2.585316308131493240e-02,4.754306954442587274e-02,2.345445234657531769e-02,3.947564749168866460e-02,2.042033325329363144e-02,1.817610911517367894e-02,5.235463216030959016e-02,3.136501060938368113e-02,4.641919488572594094e-02,2.558807944652400843e-02,2.710247731343260608e-02,1.030868026996701638e-02,1.016994252399084503e-02,2.730668370304083908e-02,4.897018571783948171e-02,4.942630192525312993e-02,2.470041984273920951e-02,7.324702969654610374e-02,9.005902618704252072e-02,1.165965878531732003e-01,2.946639904439854810e-02,1.105976577008419420e-01,6.601137574984161649e-02,1.095327251443887345e-01,6.765545854398832826e-02,1.566212652568385877e-01,3.768746528424916226e-02,5.275488224507075136e-02,4.337626217778563220e-02,2.654787601204556050e-02,5.801364308619290366e-02,4.203227159947427877e-02,1.007009036804439456e-01,6.005634161888678824e-02,1.650288850328168744e-01,1.879153758866122514e-01,4.751436474545971816e-02,1.149455157339114020e-01,3.596319248629996634e-01,1.505474907877427659e-01,2.197652001483264284e-01,1.525980069537841710e-01,3.310179612278726924e-02,9.729594394826857062e-02
3.682174536391995354e-03,8.549440830508583944e-03,5.095253225335180311e-03,2.988473450935291015e-03,1.089985580227852656e-02,1.606470536930192788e-02,1.574905227012571296e-02,0.000000000000000000e+00,1.800704005686516382e-02,9.927578220037116402e-03,1.218335481266571464e-02,9.063791954669891612e-03,2.294183280330805083e-02,4.964128539834364653e-03,7.254905387886798063e-03,6.256375569772949959e-03,3.529150275185310298e-03,7.423799771132200652e-03,8.342629078646595156e-03,1.502054146253112461e-02,6.205846562892013488e-03,2.635091062507774473e-02,2.170676548180460255e-02,8.067622415688376070e-03,1.727877148987626635e-02,4.394418262189012797e-02,2.126640195483744944e-02,2.997178391048836710e-02,2.322417461723718865e-02,4.888662247411828220e-03,1.475403504696683882e-02,7.093735220208554834e-03,3.911206969415346145e-03,7.065501707764029748e-03,3.515208023629454431e-03,5.629889551222535399e-03,2.927621035438925275e-03,2.675287341881411353e-03,7.496373511869355681e-03,4.684688892531545419e-03,6.698599599104693332e-03,3.630919096593086641e-03,4.095860244338123297e-03,1.534316593689260926e-03,1.582298599956824233e-03,4.209825069702352769e-03,7.347701524908045734e-03,7.403043214841699762e-03,3.532710999988794565e-03,1.081693822670955728e-02,1.354348137615244037e-02,1.715889660448368173e-02,4.372352467649265155e-03,1.682808825817641574e-02,9.603711523509866552e-03,1.676791277942905195e-02,1.034641130501430181e-02,2.332869251379413381e-02,5.668387845960564178e-03,8.046952576000493407e-03,6.326900259477762078e-03,3.848371089038700628e-03,8.677702423860412725e-03,6.571736135572016184e-03,1.491103447068229879e-02,8.833631494004278231e-03,2.524282971525235869e-02,2.869610459046968362e-02,7.130537516463173603e-03,1.696279421824493927e-02,5.466714966033365403e-02,2.254783811466909427e-02,3.291036948963013686e-02,2.243500675751886747e-02,5.062128532795960936e-03,1.492505644862366504e-02
2.725087182237100059e-02,6.967301373891340854e-02,4.121328846713939037e-02,2.435581162792724991e-02,8.461478390963900198e-02,1.293980345935454301e-01,1.226508760307224444e-01,1.800704005686516382e-02,0.000000000000000000e+00,7.882796686881586579e-02,9.485941210460832607e-02,7.042794824435232026e-02,1.827145328872942232e-01,4.089771775087949063e-02,5.482970525926107036e-02,4.952997941248025310e-02,2.896695829809740191e-02,5.748326768426389316e-02,6.679162843128295945e-02,1.202265943814181948e-01,4.737511463717918730e-02,2.058612815252689188e-01,1.689441282753586238e-01,6.202578523425186785e-02,1.356409337092335243e-01,3.395155883536664088e-01,1.706261024241242652e-01,2.340477865951932634e-01,1.850516145988379269e-01,4.014724852427117852e-02,1.137610841607194362e-01,5.414019472044047376e-02,3.008845562149252070e-02,5.533217072657053981e-02,2.736188102777313905e-02,4.721335414794559232e-02,2.347016892307418265e-02,2.101693066682784258e-02,5.821995400081938360e-02,3.588590016966657081e-02,5.361395236336004289e-02,2.934405249048419040e-02,3.198758589301172600e-02,1.169956400614957821e-02,1.184677343377555855e-02,3.157154264881141537e-02,5.732778321783043446e-02,5.985354111473979721e-02,2.833940816228816897e-02,8.418715892816409918e-02,1.062338383244666867e-01,1.343945716000851665e-01,3.357146456647869953e-02,1.294442352116768058e-01,7.565350139345088099e-02,1.276498023545877547e-01,7.726400151482927525e-02,1.820689355945771526e-01,4.446285048712540766e-02,6.258161203664133754e-02,5.130838885759072404e-02,3.105158235376351272e-02,6.813239325532312318e-02,5.043722574346456988e-02,1.206328496250673593e-01,6.814095718849454142e-02,1.960977684403790722e-01,2.232859070542142221e-01,5.481470016444058013e-02,1.345215896543576761e-01,4.159866385661203370e-01,1.791530977298949334e-01,2.585408295940517243e-01,1.813659388259783733e-01,4.089564566527213729e-02,1.161571757378209307e-01
1.503288367420969884e-02,3.850857070768019114e-02,2.232223066091252803e-02,1.346479647261266017e-02,4.668013555680480819e-02,7.089681102837244731e-02,6.796486535121916417e-02,9.927578220037116402e-03,7.882796686881586579e-02,0.000000000000000000e+00,5.158773526809663085e-02,3.876273157584724655e-02,1.016152351317939073e-01,2.206658542846313270e-02,3.025410352938832578e-02,2.747336960200477338e-02,1.606324269035764446e-02,3.174233637057342905e-02,3.616532103387535418e-02,6.618457209392394902e-02,2.612822591503869210e-02,1.132081118036957906e-01,9.204306709457406310e-02,3.424946420773242878e-02,7.448908013810791318e-02,1.876020022360672668e-01,9.212830994253240480e-02,1.283709527444990284e-01,1.016459149569527293e-01,2.196105329074101581e-02,6.213490917631124544e-02,3.068141373298718944e-02,1.664954698274920958e-02,3.012634814101383673e-02,1.473956257448489487e-02,2.569932579537379316e-02,1.321951605988119435e-02,1.155192921316603588e-02,3.320826302499187144e-02,1.992891632647971270e-02,2.947473127274348806e-02,1.620462753017312685e-02,1.753367495163666440e-02,6.474420772113402556e-03,6.504464703051554206e-03,1.707264144927996344e-02,3.156335108877807161e-02,3.198973698290047407e-02,1.589740960357385532e-02,4.705053326810369752e-02,5.762807692548567451e-02,7.476870574417271431e-02,1.877957227834633341e-02,7.020453893707613580e-02,4.210430593046418646e-02,7.015288990589142737e-02,4.237737999712320319e-02,1.006067725645821004e-01,2.444370887936487755e-02,3.384631219842301059e-02,2.818805843586708396e-02,1.681194612759463400e-02,3.770129086344953945e-02,2.682089717954785207e-02,6.508770745652261991e-02,3.791645451640251324e-02,1.068633607194274804e-01,1.214717675892718896e-01,3.016028110087896202e-02,7.431886209209684346e-02,2.294574856418797049e-01,9.699578361592028908e-02,1.424464969327460806e-01,9.881908169160277811e-02,2.159995031523269035e-02,6.284104743120180747e-02
1.775643037047111225e-02,4.568638730783422530e-02,2.703199849742322566e-02,1.590763763916552137e-02,5.550718321973752145e-02,8.340986369012104440e-02,8.006023731069204785e-02,1.218335481266571464e-02,9.485941210460832607e-02,5.158773526809663085e-02,0.000000000000000000e+00,4.616099015232132119e-02,1.189243248317210788e-01,2.662646004824013521e-02,3.607322124558801774e-02,3.200260438243095196e-02,1.882587463587105658e-02,3.739652940554494265e-02,4.348166623401980568e-02,7.760658602085163116e-02,3.119432958012357399e-02,1.333102827787021327e-01,1.101195806473824063e-01,4.025870676625001310e-02,8.795616450963085475e-02,2.213347801141691273e-01,1.108087836080288019e-01,1.527243364827500505e-01,1.200583902620050852e-01,2.612012352518220532e-02,7.473058439366817018e-02,3.552980125487473911e-02,1.923821916975263641e-02,3.599540919322560123e-02,1.786893224750591563e-02,3.072801250180266092e-02,1.527820388696515125e-02,1.381314968937246389e-02,3.772948506343411917e-02,2.327778989539067839e-02,3.475830737039162927e-02,1.888831868180865237e-02,2.086951818591933905e-02,7.689907500910782637e-03,7.843369874770380473e-03,2.051483975563344123e-02,3.740329038295826108e-02,3.890097548161667446e-02,1.862595184091432599e-02,5.555186180456832268e-02,6.886294704390430454e-02,8.810082920881422142e-02,2.207652959243669791e-02,8.507531620279201734e-02,4.954683659084323927e-02,8.428787877408555618e-02,5.045170607428480641e-02,1.187287456542280711e-01,2.897811580378681362e-02,4.068937329951431703e-02,3.323697789673576292e-02,2.033189994523907501e-02,4.452543015278580957e-02,3.308650773897759551e-02,7.832087510894206184e-02,4.494546389193189440e-02,1.273565023614824376e-01,1.449449863694442509e-01,3.593848860808408763e-02,8.771400906438032996e-02,2.709490234397180508e-01,1.165325748209484896e-01,1.679387720920006988e-01,1.165177673645766410e-01,2.678312119320615248e-02,7.558698548272609063e-02
1.401533967466398259e-02,3.475061476686493178e-02,2.043367677723993345e-02,1.232640919236423216e-02,4.148959782891304543e-02,6.393062441953692443e-02,6.131616681822704695e-02,9.063791954669891612e-03,7.042794824435232026e-02,3.876273157584724655e-02,4.616099015232132119e-02,0.000000000000000000e+00,9.186432370722570628e-02,1.976602005251929667e-02,2.694635349799217455e-02,2.450904302243591196e-02,1.441692139830886774e-02,2.873718436407508847e-02,3.248688809837117081e-02,5.915102103722997412e-02,2.375515600379442260e-02,9.986896002220267687e-02,8.259877370243766392e-02,3.134693519500889036e-02,6.688759831032496661e-02,1.697572086984086015e-01,8.235243427895763690e-02,1.145740180923298657e-01,9.119651373395382121e-02,1.936017835118545444e-02,5.667848083880517446e-02,2.750638638679785142e-02,1.502028793191787295e-02,2.778917968542268455e-02,1.367706902781748446e-02,2.318660606619387526e-02,1.186516485136910465e-02,1.017526480073279067e-02,2.961812226123943306e-02,1.816759808165318082e-02,2.723847337621018022e-02,1.500887448355789876e-02,1.583453246780045995e-02,5.915405430511030786e-03,5.694254645228223437e-03,1.614420545566598933e-02,2.841122008912298422e-02,2.886847407157860923e-02,1.449026791230537820e-02,4.258298684775208703e-02,5.166716366675171146e-02,6.804326211780999112e-02,1.708944837245812351e-02,6.356459383960308407e-02,3.759389517388421476e-02,6.342995915626370440e-02,3.946173081050288051e-02,9.074790645104123532e-02,2.205193056514751643e-02,3.082682900569976708e-02,2.494872096085976390e-02,1.517379920520463277e-02,3.342140645046588754e-02,2.482426495101764871e-02,5.766658523615000170e-02,3.535007221798786708e-02,9.434855500552015439e-02,1.088934231956334847e-01,2.740986965761785590e-02,6.570044847472845950e-02,2.095616525644121153e-01,8.606827862167200360e-02,1.267552654639161613e-01,8.738277121977580664e-02,1.897858104471666224e-02,5.747404349344540503e-02
3.533714260630919923e-02,8.933634300294775177e-02,5.234360841163342853e-02,3.151696445167908450e-02,1.080745557421306929e-01,1.653143536635852673e-01,1.579551873784802440e-01,2.294183280330805083e-02,1.827145328872942232e-01,1.016152351317939073e-01,1.189243248317210788e-01,9.186432370722570628e-02,0.000000000000000000e+00,5.127519678900448186e-02,6.934967990615099886e-02,6.348930792640380960e-02,3.729401021421950568e-02,7.372811448475970197e-02,8.333378118318296446e-02,1.527829716613254563e-01,6.069889197114393398e-02,2.611275557134370429e-01,2.134076302496167865e-01,8.073625142492846241e-02,1.731036945795323689e-01,4.349161499839128697e-01,2.143301371934872579e-01,2.971728940788982976e-01,2.356404106895171879e-01,5.090992030165353982e-02,1.447875545552511356e-01,7.184174287820441207e-02,3.874427032621539924e-02,7.068812852364045329e-02,3.485520484741382041e-02,5.992754224911768512e-02,3.054346855169515901e-02,2.682173091605525098e-02,7.787781392427688132e-02,4.672218062116790388e-02,6.930402358864515278e-02,3.833649861784063639e-02,4.074868871750157023e-02,1.542733273996460888e-02,1.508001499370975433e-02,4.106524632221426191e-02,7.333285563468486257e-02,7.475271405825721638e-02,3.676967782307470622e-02,1.095370597562164428e-01,1.344038829495995679e-01,1.745319643843480928e-01,4.370939777579466862e-02,1.643429233323073779e-01,9.809347312339689040e-02,1.636344031294111601e-01,1.008187168729231253e-01,2.338729521591799143e-01,5.669929927599078046e-02,7.959754580913673550e-02,6.543844927084487006e-02,3.957408858548708275e-02,8.676502564988043675e-02,6.300854454286766715e-02,1.503105345324486641e-01,8.966648599893425886e-02,2.473913034918651666e-01,2.828863741850231039e-01,7.095183986785241759e-02,1.725841186377976011e-01,5.380547307355476594e-01,2.248753963693526092e-01,3.295830892557583547e-01,2.277910947186843893e-01,4.976280141609303043e-02,1.463213574236607306e-01
7.429977408950535697e-03,1.975503908620478838e-02,1.148075069402844893e-02,6.712295164256108781e-03,2.345056567298860889e-02,3.659960488709848581e-02,3.346525504072687951e-02,4.964128539834364653e-03,4.089771775087949063e-02,2.206658542846313270e-02,2.662646004824013521e-02,1.976602005251929667e-02,5.127519678900448186e-02,0.000000000000000000e+00,1.585915120315580656e-02,1.382166060550869477e-02,8.058891812988380060e-03,1.564363433057104971e-02,1.887666884272203027e-02,3.337074883472217202e-02,1.307568354850932764e-02,5.778776748398051222e-02,4.769739885489589215e-02,1.733936182868147866e-02,3.745411492708367734e-02,9.476851022217307186e-02,4.719493247973424732e-02,6.542214652562808319e-02,5.201618095885968129e-02,1.134763197820325316e-02,3.141715993836261683e-02,1.563089093492022949e-02,8.221477308187239222e-03,1.521394477155502828e-02,7.471344846649005667e-03,1.284186200983111759e-02,6.559381964862004075e-03,6.020062005232675040e-03,1.680051189588565794e-02,9.880608765347766859e-03,1.484916413529871818e-02,7.951382714007243849e-03,8.582670161607398179e-03,3.246904506874407140e-03,3.365854523399086379e-03,8.545806098550970745e-03,1.624474932300350866e-02,1.628192728982120335e-02,7.939648355060493698e-03,2.366986404599678850e-02,2.923322056916000111e-02,3.748617665802574800e-02,9.581501597164176695e-03,3.607667181271755064e-02,2.105280769468336616e-02,3.615312340926286894e-02,2.101921646937115334e-02,5.089263506927977493e-02,1.208068968340771619e-02,1.772425829567126493e-02,1.445833611657093912e-02,8.768719393714848390e-03,1.956814362217533174e-02,1.348970149133701252e-02,3.393162973263289667e-02,1.900175904623104678e-02,5.528399978360023365e-02,6.271270746876235480e-02,1.544070624676418743e-02,3.801163121308634429e-02,1.163972317330440598e-01,4.985946868231026785e-02,7.198772724997259953e-02,5.067144600559939094e-02,1.133936063608265675e-02,3.167763368416356279e-02
1.073981902754281986e-02,2.608786892356108889e-02,1.581969274716114524e-02,9.213029846427264399e-03,3.227849528628565223e-02,4.801968381154255588e-02,4.663364823157731265e-02,7.254905387886798063e-03,5.482970525926107036e-02,3.025410352938832578e-02,3.607322124558801774e-02,2.694635349799217455e-02,6.934967990615099886e-02,1.585915120315580656e-02,0.000000000000000000e+00,1.851780509515373388e-02,1.118933021849956473e-02,2.184341054899213361e-02,2.489851275342784900e-02,4.503024100050790485e-02,1.835561355702557129e-02,7.725854701031648064e-02,6.407826715574380105e-02,2.389685659946501339e-02,5.155963946107312151e-02,1.283311764289903623e-01,6.495634499817129481e-02,8.940512198490453699e-02,6.970616061912471295e-02,1.531241925081658871e-02,4.401883898275522899e-02,2.080497806199916103e-02,1.156246184189500641e-02,2.119057598557844493e-02,1.049930187415683627e-02,1.829319998988781712e-02,8.874407558402108362e-03,7.913890057348160756e-03,2.210546427870096683e-02,1.348603386475396258e-02,2.000296024723621779e-02,1.124222847942115550e-02,1.260396447110931697e-02,4.609137435167096931e-03,4.529836061682879916e-03,1.205653267840719849e-02,2.213899946473518385e-02,2.283276131354937399e-02,1.082105597968116908e-02,3.222609078636259200e-02,4.045428616866089677e-02,5.110471447868089601e-02,1.284546701611198605e-02,5.009522858436870479e-02,2.932774201146741769e-02,4.866938105168102519e-02,3.015975791367409356e-02,6.891367579123063025e-02,1.750066386810538929e-02,2.350785483106543339e-02,1.945653924798252873e-02,1.172885452259378632e-02,2.545722214490665422e-02,1.990456326131817902e-02,4.478282388381435442e-02,2.603138547135862291e-02,7.373977687273887416e-02,8.317088902394839667e-02,2.058522485319762632e-02,5.133849808189969166e-02,1.574731957404839067e-01,6.755861296362603019e-02,9.723197346846162992e-02,6.745180947839757302e-02,1.497878670670298694e-02,4.470501446259555339e-02
9.465793919054105512e-03,2.412952113454391173e-02,1.399650410772740501e-02,8.331391137589846257e-03,2.917393498651700209e-02,4.451434735522016156e-02,4.258810304200742747e-02,6.256375569772949959e-03,4.952997941248025310e-02,2.747336960200477338e-02,3.200260438243095196e-02,2.450904302243591196e-02,6.348930792640380960e-02,1.382166060550869477e-02,1.851780509515373388e-02,0.000000000000000000e+00,1.006372123484947784e-02,1.993440894773511329e-02,2.230584300104231782e-02,4.114394274321039185e-02,1.649535975285040812e-02,6.998012065589469255e-02,5.700125482790894399e-02,2.157767544730205753e-02,4.692336870193202641e-02,1.172472679566946840e-01,5.825703551242441408e-02,8.004234245195016029e-02,6.349671455623226435e-02,1.357393299836399253e-02,3.880112500024896632e-02,1.903983497994993918e-02,1.027134926303014013e-02,1.863744534210281731e-02,9.264107048491244598e-03,1.597991138295640212e-02,8.125867652547318423e-03,7.075709737144738817e-03,2.046866309353065697e-02,1.232577552593229660e-02,1.835278256449387330e-02,1.014310728033798216e-02,1.099664064889044335e-02,4.182519490796144171e-03,4.000168957129381087e-03,1.116003592677934642e-02,1.991568213700410650e-02,1.998806712280021269e-02,9.781854708512636998e-03,2.916306594930796747e-02,3.643545096258841987e-02,4.660787693755266692e-02,1.172848580114813077e-02,4.434670902620691663e-02,2.642558584383337961e-02,4.362548092289231932e-02,2.709244237242578596e-02,6.306154836509070272e-02,1.510611401576538587e-02,2.140694256804126852e-02,1.760467780465892890e-02,1.062441363980987444e-02,2.352833753898769115e-02,1.695039536454538351e-02,4.091370421239264032e-02,2.380070266787804797e-02,6.715333987734835308e-02,7.613080995901586046e-02,1.893398704322451012e-02,4.634902445848793073e-02,1.443732272638916236e-01,6.110758775308221258e-02,8.890081024342363913e-02,6.188717907522751915e-02,1.353807607392201566e-02,3.993765500327849105e-02
5.510988566152435347e-03,1.403254559481483497e-02,8.247156647139841992e-03,4.968054535356350790e-03,1.726902032633185341e-02,2.597261151404025789e-02,2.529412724362047060e-02,3.529150275185310298e-03,2.896695829809740191e-02,1.606324269035764446e-02,1.882587463587105658e-02,1.441692139830886774e-02,3.729401021421950568e-02,8.058891812988380060e-03,1.118933021849956473e-02,1.006372123484947784e-02,0.000000000000000000e+00,1.143755781729457674e-02,1.333962816023749609e-02,2.416277263410108317e-02,9.618459884963669396e-03,4.169359336617244755e-02,3.368211289655624607e-02,1.263758220485108018e-02,2.727363419265726660e-02,6.882834347224386917e-02,3.393588412080783545e-02,4.723263166310864153e-02,3.725940964817434087e-02,8.171640437458894610e-03,2.288179481846984789e-02,1.138295173326425366e-02,6.151318088880619248e-03,1.111799174072019940e-02,5.366426814459297409e-03,9.400016575177373365e-03,4.853003421347066443e-03,4.293765319448187255e-03,1.226697740437429282e-02,7.273430608911480265e-03,1.087654295486207429e-02,5.986487394187923160e-03,6.419770808645413641e-03,2.443014530012677273e-03,2.430984701861942879e-03,6.227916304057224718e-03,1.165943856357663615e-02,1.179855623714804597e-02,5.941325067577196348e-03,1.735154465567223872e-02,2.105737833106439277e-02,2.768049321125603396e-02,6.819267048328195129e-03,2.572858751496648333e-02,1.556275658925505151e-02,2.608562054614840461e-02,1.579709506546445388e-02,3.712038260186593941e-02,8.880076529552242970e-03,1.244202422918976383e-02,1.034711501918311218e-02,6.221319543894858299e-03,1.387542934369693365e-02,9.862285081200392045e-03,2.389828079889213738e-02,1.392938694136302939e-02,3.926822148984215888e-02,4.448214243188706313e-02,1.114186074897573729e-02,2.746142625517560693e-02,8.428331712966931344e-02,3.558843529473616762e-02,5.265913645284350797e-02,3.634295628166684528e-02,7.953609483718307102e-03,2.302751200011612584e-02
1.119066513343725325e-02,2.793984628127697822e-02,1.626815683472994031e-02,9.628533967470482083e-03,3.397546024857985014e-02,5.223722975545166958e-02,4.952607616935060519e-02,7.423799771132200652e-03,5.748326768426389316e-02,3.174233637057342905e-02,3.739652940554494265e-02,2.873718436407508847e-02,7.372811448475970197e-02,1.564363433057104971e-02,2.184341054899213361e-02,1.993440894773511329e-02,1.143755781729457674e-02,0.000000000000000000e+00,2.616239621785567890e-02,4.779406290081876507e-02,1.926234869572289454e-02,8.282571370809352351e-02,6.768665687968405953e-02,2.542320803928978246e-02,5.470705133330337755e-02,1.380120139050064199e-01,6.718804782286436073e-02,9.346787196662779962e-02,7.389968404473373775e-02,1.577671744736372159e-02,4.562856979992784695e-02,2.287419888551354974e-02,1.218872506404162712e-02,2.201730958192045506e-02,1.078939501715610316e-02,1.823318045597534937e-02,9.579153012920031338e-03,8.373229721136302844e-03,2.456944331696342410e-02,1.451981346612907231e-02,2.150436661508426869e-02,1.182594685529772538e-02,1.256494028307496118e-02,4.766800278409002306e-03,4.657351245444262683e-03,1.311392042416162189e-02,2.317706972992258918e-02,2.334864723996380592e-02,1.149616206911607125e-02,3.428463397089763498e-02,4.270473958635254141e-02,5.457978027206489974e-02,1.387611542811070971e-02,5.186773712994358077e-02,3.013679959613936588e-02,5.140920884487659021e-02,3.169646261539230819e-02,7.358489091999138865e-02,1.748778674188030888e-02,2.493529409041888092e-02,2.067847523616745536e-02,1.230176838131683513e-02,2.765032881452388069e-02,1.946515270621835061e-02,4.737481077755567593e-02,2.799473760284779122e-02,7.855244755662832423e-02,8.980282013973957256e-02,2.242519467708841904e-02,5.390525595038427042e-02,1.710670751929624644e-01,7.089579799037282193e-02,1.031780293127600168e-01,7.246378269111586334e-02,1.574898758874657828e-02,4.617991043622925867e-02
1.257936673704648095e-02,3.167992603773729654e-02,1.901971521499877874e-02,1.118140349980860024e-02,3.853120367343019353e-02,5.855176620042617380e-02,5.595593028443208300e-02,8.342629078646595156e-03,6.679162843128295945e-02,3.616532103387535418e-02,4.348166623401980568e-02,3.248688809837117081e-02,8.333378118318296446e-02,1.887666884272203027e-02,2.489851275342784900e-02,2.230584300104231782e-02,1.333962816023749609e-02,2.616239621785567890e-02,0.000000000000000000e+00,5.483679022340819109e-02,2.139305959750685548e-02,9.320598039777014399e-02,7.683762805705138255e-02,2.836644803601989437e-02,6.178020239173975803e-02,1.540161231814536624e-01,7.826987200935917044e-02,1.067573987987981698e-01,8.462595608448070239e-02,1.851026846139137289e-02,5.239642491996770318e-02,2.447755825455866577e-02,1.354615250496861260e-02,2.530299996446655139e-02,1.258096143287606127e-02,2.201978291258750026e-02,1.077728937028303406e-02,9.674982429462814643e-03,2.606804729901103165e-02,1.609304847866751403e-02,2.444491023990064821e-02,1.339431581027000946e-02,1.487852964490250091e-02,5.441813837659330994e-03,5.435043357661950049e-03,1.392194550551611315e-02,2.611558786632748805e-02,2.766448766024435027e-02,1.323513328068115155e-02,3.830194406575246346e-02,4.873296502958260334e-02,6.146165492306389366e-02,1.533680852513301905e-02,5.958096303434829571e-02,3.464311677347909485e-02,5.811964061981009233e-02,3.546148789779685756e-02,8.311496100377741003e-02,2.066992262565363683e-02,2.824919796914848041e-02,2.351684676237841831e-02,1.409756853712622847e-02,3.097464573755323580e-02,2.357947604690653967e-02,5.496882807563630707e-02,3.080939041208592688e-02,8.866931750095734255e-02,1.002364757779542065e-01,2.477546475097723924e-02,6.154544490444413540e-02,1.876833369020317055e-01,8.173194974630844378e-02,1.183042367931450151e-01,8.237291896925591494e-02,1.860307368068565143e-02,5.344849819469925378e-02
2.305906898605024000e-02,5.786511246351688093e-02,3.390744723038267849e-02,2.043823656322257473e-02,6.969567915530489044e-02,1.071056497977460331e-01,1.020270503879619484e-01,1.502054146253112461e-02,1.202265943814181948e-01,6.618457209392394902e-02,7.760658602085163116e-02,5.915102103722997412e-02,1.527829716613254563e-01,3.337074883472217202e-02,4.503024100050790485e-02,4.114394274321039185e-02,2.416277263410108317e-02,4.779406290081876507e-02,5.483679022340819109e-02,0.000000000000000000e+00,3.913516988946039166e-02,1.686159802727129897e-01,1.383594230839125527e-01,5.211872977646287569e-02,1.124013521275138150e-01,2.821026351385015896e-01,1.395510257645357910e-01,1.933342339232907992e-01,1.524496246817425571e-01,3.284185564152069386e-02,9.400874980332962760e-02,4.545392980408437950e-02,2.426781268324729873e-02,4.545410757835933319e-02,2.246154014282659636e-02,3.920126320522152735e-02,1.966290840891434660e-02,1.708477969969655202e-02,4.842485256589672965e-02,2.962868975105890923e-02,4.424376342986347660e-02,2.443893933767494336e-02,2.661166867830993057e-02,9.936283899011766688e-03,9.650157380810953436e-03,2.620745080460986851e-02,4.760251730057429159e-02,4.872501647267774710e-02,2.390287854664135958e-02,7.004280065043741454e-02,8.742972841437679499e-02,1.122710277337102963e-01,2.817720742705616746e-02,1.068075950260630735e-01,6.349859126047069369e-02,1.053615346560791005e-01,6.464840378251418551e-02,1.514396144043814452e-01,3.673057192751117556e-02,5.105782900367746707e-02,4.214240933955921281e-02,2.562528665666304051e-02,5.647871521148380841e-02,4.149079595306455481e-02,9.833788131059736926e-02,5.656236533656224669e-02,1.604027163985939919e-01,1.828854857346898788e-01,4.546506258470587453e-02,1.113743484506753562e-01,3.456250048049546719e-01,1.464967798204672988e-01,2.140743232650243744e-01,1.486797068092226282e-01,3.272551079583327360e-02,9.594593789878212708e-02
9.089932185730651565e-03,2.323077881893700555e-02,1.336588223166268984e-02,7.937337831848386219e-03,2.803982862893413669e-02,4.268516751684813676e-02,4.059755363780963300e-02,6.205846562892013488e-03,4.737511463717918730e-02,2.612822591503869210e-02,3.119432958012357399e-02,2.375515600379442260e-02,6.069889197114393398e-02,1.307568354850932764e-02,1.835561355702557129e-02,1.649535975285040812e-02,9.618459884963669396e-03,1.926234869572289454e-02,2.139305959750685548e-02,3.913516988946039166e-02,0.000000000000000000e+00,6.819376125721531012e-02,5.603601467221990678e-02,2.087354914273069698e-02,4.498955521306577388e-02,1.137121186444339377e-01,5.573491430094995591e-02,7.735892502780998548e-02,6.052953812743468165e-02,1.286096721299464715e-02,3.769405503076411063e-02,1.892022200505404442e-02,1.014543016804161230e-02,1.805782052662967263e-02,8.903976796192382068e-03,1.505048986302231009e-02,7.717176792540698937e-03,7.010945353561460688e-03,2.026933140257680677e-02,1.179906397758616679e-02,1.757534078107544223e-02,9.694138275934642904e-03,1.034386114255732118e-02,3.924983935317961047e-03,3.950167829411572497e-03,1.080609111743777336e-02,1.928076021975699827e-02,1.915173096003482470e-02,9.354528584997006541e-03,2.848144651854855880e-02,3.464538762273176170e-02,4.464129626965053499e-02,1.144927114696602313e-02,4.286884487755442813e-02,2.511665348208461795e-02,4.308658273568224950e-02,2.636016036694009343e-02,6.039425132008666153e-02,1.435553122109737775e-02,2.114850382302925491e-02,1.703557093770293254e-02,1.037784214182117457e-02,2.298871671441864162e-02,1.608312440785405681e-02,3.957700610012317849e-02,2.347418158450031642e-02,6.506793047631284632e-02,7.480792837069882850e-02,1.863476673680073900e-02,4.453914829946456488e-02,1.414648715452127559e-01,5.846575964152467275e-02,8.501459824212935501e-02,5.901259397497812115e-02,1.331733510708023489e-02,3.839811864011994508e-02
