0.000000000000000000e+00,1.188159752374432984e-02,1.248848190678721048e-02,6.102929366469842312e-03,1.960185050578286403e-02,2.593024096032292211e-02,2.689717166917050123e-02,6.866258022423116399e-03,4.210135039431477794e-02,1.736507975891817684e-02,2.700739110767296294e-02,1.463068922186790133e-02,4.121453584235833245e-02,1.159152101763415502e-02,1.224227542764445495e-02,1.015255833075607260e-02,5.786515247079669980e-03,1.575327505552830479e-02,1.491032889424890109e-02,3.254455787195816019e-02,1.043469462625530586e-02,5.018742746373840852e-02,3.795139998580470547e-02,1.272782309652477351e-02,3.770309158812909511e-02,7.915834197277922535e-02,4.634348187362723193e-02,6.086332649942087503e-02,4.225403374363181225e-02,8.103652414584223973e-03,3.443044111190848161e-02,1.218717680444926510e-02,6.624280163389558579e-03,1.394534035209789302e-02,7.303379710624131188e-03,1.469637232365630930e-02,6.043253822968029827e-03,5.680278916372263204e-03,1.196827352796170016e-02,9.140240210722556588e-03,1.276920110503675619e-02,7.377792492178354700e-03,1.213547285047264501e-02,4.041313491231247890e-03,3.131465288738290598e-03,8.435143889975517742e-03,1.264675055322075220e-02,1.866320509156703042e-02,5.926427595982666600e-03,2.062240742697887472e-02,2.727130980867354532e-02,2.999174320413792311e-02,8.165152677368354289e-03,3.887983541101755480e-02,1.436624420184303558e-02,3.387087244748342163e-02,1.930895879740678056e-02,4.693504123707235853e-02,1.592745998170472244e-02,1.199159435288967186e-02,1.335814952945457712e-02,5.825530995603341727e-03,1.528930972600288894e-02,2.021098048174348877e-02,2.823071641649378682e-02,1.084787535740811340e-02,4.887396866802953821e-02,4.254669955409472182e-02,1.173949722863173312e-02,3.502131459649508033e-02,8.744815658108689993e-02,4.557575269001971907e-02,6.203443055877579104e-02,4.245180738373294238e-02,9.525383566471692584e-03,3.266135815511730239e-02
1.188159752374432984e-02,0.000000000000000000e+00,2.266584284977316011e-02,1.094185894853579900e-02,3.440032406053503133e-02,4.668872926572188026e-02,4.731316603389417591e-02,1.230891474729957358e-02,7.680786731062007322e-02,3.099204541205991675e-02,4.882513529333084440e-02,2.569150626205974480e-02,7.360256765027027581e-02,2.002816063352737957e-02,2.176679574276189563e-02,1.867025162879003275e-02,1.063324307688201520e-02,2.856063459147796524e-02,2.695504799050187084e-02,5.938271449643393873e-02,1.741707201112578304e-02,9.155531708675521130e-02,6.736811479188589691e-02,2.232206443640238902e-02,6.756798985918066602e-02,1.406551818029577738e-01,8.294272023711515840e-02,1.095542760875746480e-01,7.620024177374695729e-02,1.449258506078257222e-02,6.257827736930178519e-02,2.120890737757660793e-02,1.147395105037953174e-02,2.546874390029990262e-02,1.257233262057374200e-02,2.588538210797914144e-02,1.095396874063395490e-02,1.036943856801221704e-02,2.111733915740060530e-02,1.584478909643555894e-02,2.269376889646326778e-02,1.269477714688044441e-02,2.187463696985825906e-02,7.099220205757849830e-03,5.527971228574304896e-03,1.458847191624440369e-02,2.236414531427541319e-02,3.367304875708575229e-02,1.042162480792832926e-02,3.631230010375009060e-02,4.954447483633148824e-02,5.370204800980081516e-02,1.493472584225173823e-02,7.004431065444710613e-02,2.576476618293038756e-02,6.086029735510646577e-02,3.435951993280115385e-02,8.474835494030837080e-02,2.823068372645633206e-02,2.152520841484400344e-02,2.456086110508132886e-02,1.032787217539930802e-02,2.811316992529979547e-02,3.712499500935477481e-02,5.180004731372701149e-02,1.848436826849320092e-02,8.965420152707719026e-02,7.709187184873680931e-02,2.057359063721201503e-02,6.408810076469032002e-02,1.574628509561574463e-01,8.239482640749634657e-02,1.125524334411369398e-01,7.741467915477434625e-02,1.784781548491616923e-02,5.933607269973855541e-02
1.248848190678721048e-02,2.266584284977316011e-02,0.000000000000000000e+00,1.124855788520709964e-02,3.535953149356186459e-02,4.803492820899771948e-02,4.874979772859878296e-02,1.187834302961494892e-02,7.709757346446385884e-02,3.147118817859478890e-02,4.913423011635738302e-02,2.621131051077786253e-02,7.459431562663942916e-02,2.090228515172516330e-02,2.129855942920527712e-02,1.884069527776778205e-02,1.102174775783642917e-02,2.864836550169756399e-02,2.769599224303898391e-02,6.051575816192504564e-02,1.788414860228990447e-02,9.287544153958515736e-02,6.788786615497638399e-02,2.279721335533252749e-02,6.932297480728041861e-02,1.437427407851831762e-01,8.521540147555570210e-02,1.106386348854252882e-01,7.840960036186422899e-02,1.522324757138787156e-02,6.225178436841669050e-02,2.022783501049786603e-02,1.153835481410761879e-02,2.531336366312868236e-02,1.283894704528163247e-02,2.627916579854050819e-02,1.078350938335639712e-02,1.013128185678921836e-02,2.025761381674815939e-02,1.567161492383824933e-02,2.237416642185403176e-02,1.313261238549997406e-02,2.201225022501404616e-02,6.900749240458114650e-03,5.516444082989118737e-03,1.508541723182288928e-02,2.328733188981070221e-02,3.509439024746355273e-02,1.084285794319942917e-02,3.666639543923930211e-02,5.106810957686856722e-02,5.493009858190224526e-02,1.489457522583821115e-02,7.148412272398452227e-02,2.671158470930968740e-02,6.056892508323840491e-02,3.529960122161465708e-02,8.575689576037388850e-02,2.910616591527841884e-02,2.213062452900269733e-02,2.493619944032775607e-02,1.090155659489837336e-02,2.819736673137362634e-02,3.781086483474103976e-02,5.356903740844112805e-02,1.941867352657047907e-02,9.148847433425620623e-02,7.799457976514743984e-02,2.114306426548876600e-02,6.524431033090848098e-02,1.593047852905476736e-01,8.479067062149486800e-02,1.144887333268124613e-01,7.916624809088439185e-02,1.843911718461451604e-02,6.017022544505293974e-02
6.102929366469842312e-03,1.094185894853579900e-02,1.124855788520709964e-02,0.000000000000000000e+00,1.750181412851028670e-02,2.342374175314628978e-02,2.375484011449803534e-02,6.155470445079829454e-03,3.820206669529844362e-02,1.556710829446654974e-02,2.454508080003414000e-02,1.295575020005904597e-02,3.705664153322719284e-02,1.040961403639396529e-02,1.048459176967690872e-02,9.135104281129562132e-03,5.331666042201174509e-03,1.430222831236255612e-02,1.338620804156193458e-02,2.925739207216683513e-02,8.933936129929792580e-03,4.483368808224413166e-02,3.320610494298925630e-02,1.107816082281999105e-02,3.372914844861119726e-02,6.985094867620166015e-02,4.155182583844209410e-02,5.452913511746212971e-02,3.809071655477164198e-02,7.286293344162622122e-03,3.106020697435850353e-02,1.063393039560953969e-02,5.753037280421128066e-03,1.262782741209351155e-02,6.464500129740833288e-03,1.322258203231891326e-02,5.313457356004911911e-03,4.989606008551977431e-03,1.052986703852480492e-02,8.077561795479760651e-03,1.153750496705859170e-02,6.571115974276967031e-03,1.098302953123284770e-02,3.605040906755735061e-03,2.735117760634621278e-03,7.545036309015965351e-03,1.136513671118488319e-02,1.687172150339699001e-02,5.396961518793423618e-03,1.832294829369892492e-02,2.482677876512129692e-02,2.730392108780326649e-02,7.408327814499814958e-03,3.475695755940298726e-02,1.295481587524925302e-02,3.019442029752467116e-02,1.732401623608603725e-02,4.244444293263776452e-02,1.422386097697640739e-02,1.068240142409682125e-02,1.217112051941092107e-02,5.282574889733040666e-03,1.369030850154166583e-02,1.861998493783646735e-02,2.564661716233084324e-02,9.408232836438571930e-03,4.410748153834709306e-02,3.813875615967156352e-02,1.027412214495514869e-02,3.178858343187430935e-02,7.811753945743547811e-02,4.109555314623150601e-02,5.599644640012990671e-02,3.810318350707544294e-02,8.730540769097436954e-03,2.979890446269407855e-02
1.960185050578286403e-02,3.440032406053503133e-02,3.535953149356186459e-02,1.750181412851028670e-02,0.000000000000000000e+00,7.420857137222353073e-02,7.676261836314007825e-02,1.950177130799031142e-02,1.208207056193288664e-01,5.066185548607195221e-02,7.870023853325258667e-02,4.117844197636946757e-02,1.174844764676005460e-01,3.328420724480760789e-02,3.435365219550833016e-02,2.946859561735380717e-02,1.710464878428640673e-02,4.571971335105708828e-02,4.341401536669589611e-02,9.335933380937427861e-02,2.900738521853093999e-02,1.444088520110298479e-01,1.066949162748301594e-01,3.540366636605080108e-02,1.076451979559843869e-01,2.224701759463663386e-01,1.321315516031203452e-01,1.743698484327854958e-01,1.221476329644875514e-01,2.384812656500353428e-02,9.928618328048574582e-02,3.412598597109872678e-02,1.880476625474655772e-02,4.070243480337527170e-02,2.052160742482762867e-02,4.228391988664041007e-02,1.756761765914559986e-02,1.638517448723884884e-02,3.372836085151138114e-02,2.586256594572667808e-02,3.680116584465325386e-02,2.053257729265751952e-02,3.548034887454626363e-02,1.146926900547038004e-02,8.847980818766813110e-03,2.349002684802365543e-02,3.617886270540465049e-02,5.345365831276199103e-02,1.708297638153629186e-02,5.887195514316100053e-02,7.811722957167185899e-02,8.594578729993479493e-02,2.398381020156828067e-02,1.111842665121716839e-01,4.252215990513476956e-02,9.802487250086193427e-02,5.506557850303506196e-02,1.335974860065483882e-01,4.517326489268835149e-02,3.393373936304009547e-02,3.860605887172588457e-02,1.702499496817951388e-02,4.393810444278502952e-02,5.926202833079476789e-02,8.156487389304602209e-02,3.024789637002005260e-02,1.414564545719408095e-01,1.221227467494384600e-01,3.286940050723411583e-02,1.017320391810658670e-01,2.500962043739801688e-01,1.304154197618057343e-01,1.790010100411288940e-01,1.231163880788417042e-01,2.816637546423254174e-02,9.435868488015457245e-02
2.593024096032292211e-02,4.668872926572188026e-02,4.803492820899771948e-02,2.342374175314628978e-02,7.420857137222353073e-02,0.000000000000000000e+00,1.020039009728971602e-01,2.556102933771400160e-02,1.625453545258666310e-01,6.609914053073126516e-02,1.033747964779595102e-01,5.463858483447957964e-02,1.569397118564893334e-01,4.358670264411554363e-02,4.547842467351669721e-02,3.935075311637255269e-02,2.286834526145725341e-02,6.058438251741222330e-02,5.766508679255645531e-02,1.246725772459057885e-01,3.827804696877575713e-02,1.943369687826732584e-01,1.433817617106226683e-01,4.792452758385828265e-02,1.440325224167176288e-01,2.994253770571189133e-01,1.760245733746766406e-01,2.322175115439067961e-01,1.626428906581055267e-01,3.137041999459429242e-02,1.307986691081775843e-01,4.482502684927577169e-02,2.521155339435093845e-02,5.368558838891970136e-02,2.744970062041379028e-02,5.548275823363207210e-02,2.314510105334311590e-02,2.155391686149838934e-02,4.431811156289995612e-02,3.401360135043825922e-02,4.793410378017269602e-02,2.730146696838979883e-02,4.623032593175959576e-02,1.489692826034897527e-02,1.157024927500273186e-02,3.209664841537136770e-02,4.876874498275180631e-02,7.159341798715743166e-02,2.258473121264266414e-02,7.703205245754181363e-02,1.055193028155318735e-01,1.146463403783087864e-01,3.144472515735212415e-02,1.484006823417471366e-01,5.600295055568013658e-02,1.277896378130434218e-01,7.264726463591307526e-02,1.785352659336467418e-01,6.009407118545447707e-02,4.562171514177238568e-02,5.149166340306094575e-02,2.270209024331866499e-02,5.897840484378184811e-02,7.804634786745154318e-02,1.095408270409577722e-01,4.080690966021252586e-02,1.894043217681296853e-01,1.643618247384476261e-01,4.410492813267574003e-02,1.356791795591747729e-01,3.359943879474416306e-01,1.744488868399136638e-01,2.375739184208716936e-01,1.637693839351786196e-01,3.804285855253673743e-02,1.254561118264475583e-01
2.689717166917050123e-02,4.731316603389417591e-02,4.874979772859878296e-02,2.375484011449803534e-02,7.676261836314007825e-02,1.020039009728971602e-01,0.000000000000000000e+00,2.675306422215391333e-02,1.662585866049141325e-01,6.869463885556126304e-02,1.072339094389103686e-01,5.630849309651195234e-02,1.600373744587023639e-01,4.503234212281232579e-02,4.704137558104085765e-02,4.033731521962490713e-02,2.324440798445169196e-02,6.267201980694336871e-02,5.922996560492399531e-02,1.283320465058601090e-01,3.970222023875120965e-02,1.983593907828484215e-01,1.465150055044827926e-01,4.846881216030423517e-02,1.477452672237522247e-01,3.069040044284306878e-01,1.816383383005024665e-01,2.390848459729657538e-01,1.673269072976242555e-01,3.242642142963376301e-02,1.354706395889498094e-01,4.679241050792835172e-02,2.553063109989445537e-02,5.531542475620654375e-02,2.812658757771118595e-02,5.768528276216533524e-02,2.383036916824107440e-02,2.252246753498083481e-02,4.666209065711219434e-02,3.526160138785794373e-02,4.980658449204793808e-02,2.772705417058012392e-02,4.828749826900443493e-02,1.579904298629285914e-02,1.195769037094011195e-02,3.193679480320202324e-02,4.948521045239989008e-02,7.288000901368195394e-02,2.266489301163672823e-02,8.011736439910487062e-02,1.067203872841799572e-01,1.178294871634325836e-01,3.265757848747550401e-02,1.526085186436036967e-01,5.742450395784845507e-02,1.334432545835542716e-01,7.464371741203358612e-02,1.838512802087982623e-01,6.200107032235390586e-02,4.622212237063011431e-02,5.284201819273989797e-02,2.304362444783181543e-02,6.002757538707226975e-02,8.092275837605231170e-02,1.119192600649526331e-01,4.156015360431219996e-02,1.944696319965363296e-01,1.675032984557203730e-01,4.481822046746943011e-02,1.393489322982030543e-01,3.403991494077505675e-01,1.790555001780649858e-01,2.456962877377747712e-01,1.685441889910201940e-01,3.877655628998991771e-02,1.289856141975945503e-01
6.866258022423116399e-03,1.230891474729957358e-02,1.187834302961494892e-02,6.155470445079829454e-03,1.950177130799031142e-02,2.556102933771400160e-02,2.675306422215391333e-02,0.000000000000000000e+00,4.067805538045590752e-02,1.741709609731530509e-02,2.649155970634031743e-02,1.458651311543231188e-02,4.097029320116841317e-02,1.151264749162670374e-02,1.189196582995923936e-02,1.029388603922106946e-02,6.089845111857892720e-03,1.562801507811939494e-02,1.465484137039877247e-02,3.175101744837575957e-02,1.032874904695814736e-02,4.918267493831769005e-02,3.706241567889127092e-02,1.258775440731555069e-02,3.671539895949215565e-02,7.690835735075982060e-02,4.500984040100193539e-02,6.001559071813313689e-02,4.151060655152165324e-02,8.181159449752655605e-03,3.351102282628177359e-02,1.146069445961237811e-02,6.490355068484875492e-03,1.373496430025574790e-02,6.990425792715130281e-03,1.429982281517144967e-02,5.981348611765956516e-03,5.290107873939509792e-03,1.131407391719429188e-02,8.625317184907011978e-03,1.234921654569039878e-02,7.106426456682583999e-03,1.209453938353582600e-02,4.001754814755370537e-03,3.067987061502028181e-03,8.099441696715288519e-03,1.257649547447942801e-02,1.784142801135596076e-02,6.057925258154063693e-03,2.003519234453519926e-02,2.708169071711443929e-02,3.005980538149616299e-02,8.120864086128304349e-03,3.747714274049279704e-02,1.504734764085330183e-02,3.309237874698810200e-02,1.948838212022864155e-02,4.592987334066835764e-02,1.541817951135921426e-02,1.193882550632074588e-02,1.318041352525257774e-02,5.943486729492723601e-03,1.508025707248414511e-02,1.968634906557020087e-02,2.771599307727678693e-02,1.106957367640599987e-02,4.793923912968572898e-02,4.213692806100143712e-02,1.124208950967404974e-02,3.461714494417840460e-02,8.674935828503303747e-02,4.456604954494859661e-02,6.110387947635141648e-02,4.147830958605303042e-02,9.507218090848812420e-03,3.239549955455581220e-02
4.210135039431477794e-02,7.680786731062007322e-02,7.709757346446385884e-02,3.820206669529844362e-02,1.208207056193288664e-01,1.625453545258666310e-01,1.662585866049141325e-01,4.067805538045590752e-02,0.000000000000000000e+00,1.101186522005523916e-01,1.667316716240137275e-01,8.874556290534467429e-02,2.563919348302403090e-01,7.154675241555620568e-02,7.249256565020466281e-02,6.460364429054121782e-02,3.797255475185817158e-02,9.897820686385558342e-02,9.313352898374890887e-02,2.045733225087466300e-01,6.195720866436081609e-02,3.124222947221864111e-01,2.311272749995479381e-01,7.716139991107233420e-02,2.354111407151741608e-01,4.792597045413471424e-01,2.893870406394440931e-01,3.773287186624600942e-01,2.649263882759586020e-01,5.154881050215938398e-02,2.106494994639986629e-01,7.195468614119279738e-02,4.053274339639673790e-02,8.660143450239023155e-02,4.466246754047917961e-02,9.156509243074797966e-02,3.807672360849390092e-02,3.420090474407989217e-02,7.134081332191835600e-02,5.484033634338749547e-02,7.839806219845006641e-02,4.503016506515614137e-02,7.668980573926756361e-02,2.483074532629168940e-02,1.853950576052514759e-02,5.116098039418087023e-02,7.950619358983958274e-02,1.164448170926902087e-01,3.734642736041445671e-02,1.249925354602185873e-01,1.701201859221498358e-01,1.860955773323126616e-01,5.064975083993592669e-02,2.381111750243506131e-01,9.351845492157850881e-02,2.060985860057652774e-01,1.180425628846526881e-01,2.873247028779082890e-01,9.761252569891974706e-02,7.333224871329095673e-02,8.342781042199892694e-02,3.748679489720089381e-02,9.600070271689435664e-02,1.263185075646616473e-01,1.780110469841065524e-01,6.623647162282615686e-02,3.051171776373808875e-01,2.655427452222544060e-01,7.077052763889610243e-02,2.196356820401090537e-01,5.410376235021183700e-01,2.817057324685369180e-01,3.851600918414082031e-01,2.646841888260272890e-01,6.081660268183042284e-02,2.028840999956341984e-01
1.736507975891817684e-02,3.099204541205991675e-02,3.147118817859478890e-02,1.556710829446654974e-02,5.066185548607195221e-02,6.609914053073126516e-02,6.869463885556126304e-02,1.741709609731530509e-02,1.101186522005523916e-01,0.000000000000000000e+00,7.081348121077386815e-02,3.642522127693602341e-02,1.053298606003479493e-01,2.950616916012287899e-02,3.076646345926746864e-02,2.668043202089600066e-02,1.526690826139623022e-02,4.108673488407813684e-02,3.867849697675734139e-02,8.498783422281221134e-02,2.565747201922737725e-02,1.303561170534918712e-01,9.566509862609953729e-02,3.151785739114036644e-02,9.743532631042545189e-02,1.991466464132115588e-01,1.188644913555076954e-01,1.571003385941763808e-01,1.090919007174235289e-01,2.125815322702932428e-02,8.885737650739200522e-02,3.004125204389302556e-02,1.655923395857367142e-02,3.606976146421311119e-02,1.816049554815273373e-02,3.817810201080847066e-02,1.599993896637716406e-02,1.479494103829156332e-02,2.992260446787841505e-02,2.306294781519168530e-02,3.283875338095233049e-02,1.813330797589209065e-02,3.262921783686659194e-02,1.040597929784923756e-02,8.072331644912528192e-03,2.061103364729559295e-02,3.234910576174002128e-02,4.766279983466497477e-02,1.512187121631641123e-02,5.262495170078803491e-02,6.885609773220063845e-02,7.649620685683135302e-02,2.173823174863180954e-02,9.928161246334563095e-02,3.773698592430341919e-02,8.785396119954227978e-02,4.877047843002663141e-02,1.193629420977491140e-01,4.052609219897382320e-02,3.038067845589453170e-02,3.478928503846346471e-02,1.504802597812598258e-02,4.004779626786719032e-02,5.304683951909814482e-02,7.323205677168405370e-02,2.675356670376047297e-02,1.272554220800030389e-01,1.097262757342190309e-01,2.908010893034000677e-02,9.166047608197158691e-02,2.243196538450050181e-01,1.157540603410048830e-01,1.616310705788749913e-01,1.103870731240302189e-01,2.565093531247014669e-02,8.496109404952202626e-02
2.700739110767296294e-02,4.882513529333084440e-02,4.913423011635738302e-02,2.454508080003414000e-02,7.870023853325258667e-02,1.033747964779595102e-01,1.072339094389103686e-01,2.649155970634031743e-02,1.667316716240137275e-01,7.081348121077386815e-02,0.000000000000000000e+00,5.743073590554870905e-02,1.633797242459383570e-01,4.629310070034703406e-02,4.662446697971742854e-02,4.106516608466970197e-02,2.420836062667141436e-02,6.327735147295660001e-02,5.951593498507272428e-02,1.291282582841780380e-01,4.029557695368077980e-02,1.989380208202727318e-01,1.474606547433402470e-01,4.916973597419166397e-02,1.494102694229023365e-01,3.069501370056745282e-01,1.833454604790792364e-01,2.416117186826488017e-01,1.686729286471251310e-01,3.306736687280100589e-02,1.355057665641851705e-01,4.607982003181242125e-02,2.568653689889860425e-02,5.565505082608129817e-02,2.850220231347725883e-02,5.839367450663934811e-02,2.424063024729286586e-02,2.209728434836170236e-02,4.542977896664002896e-02,3.500881381191819908e-02,5.035349327168714417e-02,2.877433386941721100e-02,4.922153059609940540e-02,1.594284060397104311e-02,1.215856617275906486e-02,3.248909813822503656e-02,5.067588613956375970e-02,7.404692330306120174e-02,2.391692213281244525e-02,8.088763646745755764e-02,1.087026971720056745e-01,1.199075140960252084e-01,3.291473284689400147e-02,1.528612114907847153e-01,6.010236216504219464e-02,1.338482621329724620e-01,7.674270683410423788e-02,1.847054891481293148e-01,6.244016764032343791e-02,4.725968683100459367e-02,5.354002394725806274e-02,2.391432279394141783e-02,6.064032397219709658e-02,8.099619339510583105e-02,1.137228261398042228e-01,4.292344534290429281e-02,1.950181509216584730e-01,1.697702868832831335e-01,4.542450349170536888e-02,1.407955639143906312e-01,3.458806337397768438e-01,1.804999090227369929e-01,2.477617339598002233e-01,1.690649421140109354e-01,3.911519861762312311e-02,1.303507915455508204e-01
1.463068922186790133e-02,2.569150626205974480e-02,2.621131051077786253e-02,1.295575020005904597e-02,4.117844197636946757e-02,5.463858483447957964e-02,5.630849309651195234e-02,1.458651311543231188e-02,8.874556290534467429e-02,3.642522127693602341e-02,5.743073590554870905e-02,0.000000000000000000e+00,8.692494989782910408e-02,2.428997019199629140e-02,2.559976811220360249e-02,2.185973895112742690e-02,1.241963272125588304e-02,3.329985035785119896e-02,3.165725628243548639e-02,6.871854944219321637e-02,2.155893824166504880e-02,1.061788041756708406e-01,7.932144426475196131e-02,2.643735084800705182e-02,7.874801458830749112e-02,1.659926548876701768e-01,9.651386775657623540e-02,1.285547907221842034e-01,8.916753545836261785e-02,1.747558891630041078e-02,7.326940747135129994e-02,2.488107400791305518e-02,1.373069729310412608e-02,2.998657740926547605e-02,1.510545376883782459e-02,3.067899354397831541e-02,1.269212504862179437e-02,1.191251359728789753e-02,2.444374368854163385e-02,1.919036935193464688e-02,2.708992892625000648e-02,1.520866404672241608e-02,2.568587064885395968e-02,8.373895768337854401e-03,6.501282919022816770e-03,1.761696195826222000e-02,2.668041459643685429e-02,3.893534753954180222e-02,1.254240886284820403e-02,4.315363563371969746e-02,5.737202720883734230e-02,6.359617172233233973e-02,1.759359728495649491e-02,8.173844700200091906e-02,3.076011904442259304e-02,7.150014497737401664e-02,4.095888048620566213e-02,9.886416527977891222e-02,3.317457760601318778e-02,2.513436972477284259e-02,2.837062967933755980e-02,1.247809244114698665e-02,3.279131870070625676e-02,4.335089276463604396e-02,5.969154207768644083e-02,2.251925403062643091e-02,1.033616355441542706e-01,8.986822313919513860e-02,2.437919166743046998e-02,7.459639035427263754e-02,1.844722768270699587e-01,9.543509364410891760e-02,1.322236859363135064e-01,8.967477776819494928e-02,2.085706119805884329e-02,7.015982491327267534e-02
4.121453584235833245e-02,7.360256765027027581e-02,7.459431562663942916e-02,3.705664153322719284e-02,1.174844764676005460e-01,1.569397118564893334e-01,1.600373744587023639e-01,4.097029320116841317e-02,2.563919348302403090e-01,1.053298606003479493e-01,1.633797242459383570e-01,8.692494989782910408e-02,0.000000000000000000e+00,6.931262986857950059e-02,7.225012366519990847e-02,6.261195895904803077e-02,3.600890851971706025e-02,9.617508878771949266e-02,9.000174411093209148e-02,1.978666272310619645e-01,6.082531578282499019e-02,3.058442763301737477e-01,2.259504980641061089e-01,7.534983816057561068e-02,2.274123565941293390e-01,4.685956968641890596e-01,2.796743030408069264e-01,3.672748723748250343e-01,2.559734133972307313e-01,4.945112477923916533e-02,2.078563009701765163e-01,7.190812877031950434e-02,3.944133025312525354e-02,8.517209554715289566e-02,4.327179062066805609e-02,8.897291171094459661e-02,3.697542083241441013e-02,3.419909444565542855e-02,7.148153952644442644e-02,5.452945607446520876e-02,7.743403469603649114e-02,4.358243953087906353e-02,7.452700644977465483e-02,2.442206348196707816e-02,1.859044860300783017e-02,4.979577244903876654e-02,7.646435205941667923e-02,1.123173298290928157e-01,3.555002398121045321e-02,1.223042827585285319e-01,1.641503205000020837e-01,1.799157564819370836e-01,4.989377413498637115e-02,2.329983459095138765e-01,8.880477540246413393e-02,2.035435338311135656e-01,1.153437648224807377e-01,2.811723410210143492e-01,9.486464509194671157e-02,7.102663702315463456e-02,8.127765498585208526e-02,3.561826864312011426e-02,9.350253926965503004e-02,1.235791748066789875e-01,1.713584989433402372e-01,6.340529007286857532e-02,2.971078660499712476e-01,2.583826326783162930e-01,6.923680375614284233e-02,2.140335141221203219e-01,5.270095967627286271e-01,2.741186166204929164e-01,3.755328872296491705e-01,2.567971965385384414e-01,5.906432524316717475e-02,1.989562533257067944e-01
1.159152101763415502e-02,2.002816063352737957e-02,2.090228515172516330e-02,1.040961403639396529e-02,3.328420724480760789e-02,4.358670264411554363e-02,4.503234212281232579e-02,1.151264749162670374e-02,7.154675241555620568e-02,2.950616916012287899e-02,4.629310070034703406e-02,2.428997019199629140e-02,6.931262986857950059e-02,0.000000000000000000e+00,2.000506585204268883e-02,1.743619727892172303e-02,9.882598118762709119e-03,2.688263584218341523e-02,2.544510374556004789e-02,5.467516711726742168e-02,1.698500300874226931e-02,8.418737302277057299e-02,6.222512945297428710e-02,2.073258060476492956e-02,6.322562028022056524e-02,1.295584314099310630e-01,7.736882036116304873e-02,1.025198860662047129e-01,7.094612907887463960e-02,1.372137060402856337e-02,5.819360068533670216e-02,1.981936805069123980e-02,1.075332082800313678e-02,2.387630427571093422e-02,1.211110138827648994e-02,2.482516714408618957e-02,1.039685226278022449e-02,9.606946166889712008e-03,1.962904405215391834e-02,1.518449544123366690e-02,2.183129011403290090e-02,1.220248815188341475e-02,2.108301236455028052e-02,6.822497207906772811e-03,5.143661174000260274e-03,1.385482003420593182e-02,2.129301489870722569e-02,3.139343355744980690e-02,1.012952423334530921e-02,3.435638696780506790e-02,4.587928927317787287e-02,5.054553535847423201e-02,1.416489136882936005e-02,6.514001171589600681e-02,2.432482965697210439e-02,5.758793778713882511e-02,3.251676744207041697e-02,7.913496766647633296e-02,2.662849170828167703e-02,1.996279566134901221e-02,2.275985588426414699e-02,9.875223443224834252e-03,2.565750840132182548e-02,3.494275758634435292e-02,4.777995198169776581e-02,1.753482709394175998e-02,8.230445824009263722e-02,7.106495434935512778e-02,1.914177754948676730e-02,5.973281196722169534e-02,1.459697819974478394e-01,7.574540917074451540e-02,1.052670359671904476e-01,7.170507400892757455e-02,1.630710608764095876e-02,5.531763963925182687e-02
1.224227542764445495e-02,2.176679574276189563e-02,2.129855942920527712e-02,1.048459176967690872e-02,3.435365219550833016e-02,4.547842467351669721e-02,4.704137558104085765e-02,1.189196582995923936e-02,7.249256565020466281e-02,3.076646345926746864e-02,4.662446697971742854e-02,2.559976811220360249e-02,7.225012366519990847e-02,2.000506585204268883e-02,0.000000000000000000e+00,1.836674268610694050e-02,1.082188560949433505e-02,2.763377686429370136e-02,2.628766332375337758e-02,5.585869617590771830e-02,1.830480303825477578e-02,8.771364357583787130e-02,6.707184280329779591e-02,2.274514489929171587e-02,6.495167433198781315e-02,1.372399490600328398e-01,8.008573983249410444e-02,1.065937327470728030e-01,7.407881630634347014e-02,1.479885822771410606e-02,5.953065807305497198e-02,2.070204022699934088e-02,1.169296109495421634e-02,2.462295579956352842e-02,1.256190723736148700e-02,2.499036714643585941e-02,1.037152933422400350e-02,9.572697817171149995e-03,2.040009806027516526e-02,1.526153338820013597e-02,2.163297630272612015e-02,1.245682266892239771e-02,2.072168432733506246e-02,6.810899224194129006e-03,5.462852128050709605e-03,1.438707493131148249e-02,2.252171187488142753e-02,3.177537725841107774e-02,1.055691360970782700e-02,3.545549254250093818e-02,4.818920305723307235e-02,5.283590680296146314e-02,1.441938133153211794e-02,6.721526782009168421e-02,2.710646205272559603e-02,5.846871517040115596e-02,3.420968093656300696e-02,8.097185094748222955e-02,2.685324452748226107e-02,2.156812296622388422e-02,2.342595895100557310e-02,1.079008208998916314e-02,2.672940785603416386e-02,3.465104213451361548e-02,4.943495613957674117e-02,1.994079145918482149e-02,8.596633307490122999e-02,7.630757048562365752e-02,2.041812955316856318e-02,6.153157684568649061e-02,1.557592237913493216e-01,7.926399793258592785e-02,1.083088166047194295e-01,7.424006016252257534e-02,1.749593571527717148e-02,5.715773613151447358e-02
1.015255833075607260e-02,1.867025162879003275e-02,1.884069527776778205e-02,9.135104281129562132e-03,2.946859561735380717e-02,3.935075311637255269e-02,4.033731521962490713e-02,1.029388603922106946e-02,6.460364429054121782e-02,2.668043202089600066e-02,4.106516608466970197e-02,2.185973895112742690e-02,6.261195895904803077e-02,1.743619727892172303e-02,1.836674268610694050e-02,0.000000000000000000e+00,9.180550261149987915e-03,2.416709366344902896e-02,2.295980490777329089e-02,5.011168838077371956e-02,1.526732898315540793e-02,7.646964879298824569e-02,5.719672704726813661e-02,1.898601297884610836e-02,5.748470342498539914e-02,1.178443063340692126e-01,7.040046081874923312e-02,9.297510330311452298e-02,6.485384077603068009e-02,1.261063926713831829e-02,5.184942413116012255e-02,1.762245100216673285e-02,9.697648884655581114e-03,2.108759472995784187e-02,1.075707585956887230e-02,2.219383961336973340e-02,9.221608948446169754e-03,8.426984984344767365e-03,1.743215962402353686e-02,1.333424459542834235e-02,1.908872045703191578e-02,1.081491460902705114e-02,1.861800931101699474e-02,6.028629479323340326e-03,4.640101508169576505e-03,1.221792049486601812e-02,1.932967149924342057e-02,2.786464115082856047e-02,8.889384393824971073e-03,3.051482347668810560e-02,4.187575127485686222e-02,4.552566102646178614e-02,1.245397792846139780e-02,5.869866297154321955e-02,2.248281348258620096e-02,5.119025828073024698e-02,2.903583443639451769e-02,7.122653880033355533e-02,2.369064660029071220e-02,1.828350870492168045e-02,2.065274298250465226e-02,8.950851217942590310e-03,2.362892857190676543e-02,3.095062997045654879e-02,4.373155730772917277e-02,1.597740082634580006e-02,7.517453658912608139e-02,6.512384851737682001e-02,1.732910805759108400e-02,5.422295029288029533e-02,1.318795142574646917e-01,6.898539481707369192e-02,9.553867845306464324e-02,6.568062459091963956e-02,1.517169961760218150e-02,4.994697278693780579e-02
5.786515247079669980e-03,1.063324307688201520e-02,1.102174775783642917e-02,5.331666042201174509e-03,1.710464878428640673e-02,2.286834526145725341e-02,2.324440798445169196e-02,6.089845111857892720e-03,3.797255475185817158e-02,1.526690826139623022e-02,2.420836062667141436e-02,1.241963272125588304e-02,3.600890851971706025e-02,9.882598118762709119e-03,1.082188560949433505e-02,9.180550261149987915e-03,0.000000000000000000e+00,1.391201564970290586e-02,1.339557291695896331e-02,2.924495195890586610e-02,8.687167192631128909e-03,4.521914636335525733e-02,3.336745388309110549e-02,1.084075072714999963e-02,3.340784674846744573e-02,6.860496981771854741e-02,4.080181438844116687e-02,5.373179799985092903e-02,3.752244533388575387e-02,7.039138359880191959e-03,3.032719054644686732e-02,1.045176958894912869e-02,5.695527684648494723e-03,1.236329806604652588e-02,6.205409117334284054e-03,1.279286813911201769e-02,5.462661228342273641e-03,5.157473246630701197e-03,1.030582173096772705e-02,7.900774544025076021e-03,1.114075101166421035e-02,6.091958058251346203e-03,1.084554336653758243e-02,3.437233057127989880e-03,2.815845211034570441e-03,7.044223208168436112e-03,1.108319601399244091e-02,1.644376520449002815e-02,5.163100998568643900e-03,1.768907798088402428e-02,2.407183270070202205e-02,2.624538741262159858e-02,7.332617215318519566e-03,3.440763261398215728e-02,1.281008876484021272e-02,2.999838486314985661e-02,1.682476901125230795e-02,4.114333691663254328e-02,1.362239777036017459e-02,1.040477393048282705e-02,1.199739392618304722e-02,5.089269036658276672e-03,1.380289602559186569e-02,1.819420289357299297e-02,2.521430423803021695e-02,9.016740204939583184e-03,4.417547554106599633e-02,3.803451642212615780e-02,1.014752822480010502e-02,3.139700985502062724e-02,7.716985630545611374e-02,4.039119890077169650e-02,5.531810257209200665e-02,3.786989043493927537e-02,8.738778102831936540e-03,2.877620159795214738e-02
1.575327505552830479e-02,2.856063459147796524e-02,2.864836550169756399e-02,1.430222831236255612e-02,4.571971335105708828e-02,6.058438251741222330e-02,6.267201980694336871e-02,1.562801507811939494e-02,9.897820686385558342e-02,4.108673488407813684e-02,6.327735147295660001e-02,3.329985035785119896e-02,9.617508878771949266e-02,2.688263584218341523e-02,2.763377686429370136e-02,2.416709366344902896e-02,1.391201564970290586e-02,0.000000000000000000e+00,3.488613470186967269e-02,7.595498057844213280e-02,2.365373160377525624e-02,1.170811034011819546e-01,8.705656897265295902e-02,2.875460350411250879e-02,8.775058630720904140e-02,1.801629063834841726e-01,1.073581665455636686e-01,1.414565983145117112e-01,9.882097085403394876e-02,1.909900761091105903e-02,7.907418063602290881e-02,2.723976994707470040e-02,1.509029991809802615e-02,3.201642688238225121e-02,1.648099009987566421e-02,3.435122763945981650e-02,1.431340157888728523e-02,1.287333610762845561e-02,2.715413909920779204e-02,2.057064382135333561e-02,2.910950882495556141e-02,1.663084973346945841e-02,2.875325767955581521e-02,9.426823963962015218e-03,7.052820815221968499e-03,1.890184624046804471e-02,2.960517211538182120e-02,4.278519154597911628e-02,1.380019299535014538e-02,4.737454197606476985e-02,6.334465797050914393e-02,7.034023547324504133e-02,1.911676786704384970e-02,8.926762256029310838e-02,3.458995126877823650e-02,7.808687048510730422e-02,4.398066066203845659e-02,1.080988210517571935e-01,3.638424038423171414e-02,2.749718114495982788e-02,3.130684722524135905e-02,1.382999239036827865e-02,3.576709094281566720e-02,4.697178418838974384e-02,6.595147538753400041e-02,2.499691916377673462e-02,1.141336127477271811e-01,9.911988729290802103e-02,2.626787992306446606e-02,8.228815721198559641e-02,2.018530838049646670e-01,1.048658925566668121e-01,1.441537085485565806e-01,9.915439820138799432e-02,2.277616448855538170e-02,7.611329070582861789e-02
1.491032889424890109e-02,2.695504799050187084e-02,2.769599224303898391e-02,1.338620804156193458e-02,4.341401536669589611e-02,5.766508679255645531e-02,5.922996560492399531e-02,1.465484137039877247e-02,9.313352898374890887e-02,3.867849697675734139e-02,5.951593498507272428e-02,3.165725628243548639e-02,9.000174411093209148e-02,2.544510374556004789e-02,2.628766332375337758e-02,2.295980490777329089e-02,1.339557291695896331e-02,3.488613470186967269e-02,0.000000000000000000e+00,7.190292153830012134e-02,2.191434666818396423e-02,1.113002709439202681e-01,8.268163985954744832e-02,2.740327294550224183e-02,8.301719138653740337e-02,1.716816945279489026e-01,1.024521475951957195e-01,1.337232146975454727e-01,9.454197074832283720e-02,1.838594121393583372e-02,7.494758954811557572e-02,2.523456761080961064e-02,1.443794563592334761e-02,3.036048833881809655e-02,1.561111264090670955e-02,3.187580184796902361e-02,1.332923345750804817e-02,1.244660207631334906e-02,2.510669805574130761e-02,1.933512955277015208e-02,2.733138079224748176e-02,1.569071173238965194e-02,2.696314321107261963e-02,8.644140168586895989e-03,6.767325498815974019e-03,1.782200225779433100e-02,2.794502001731969873e-02,4.120832139905074298e-02,1.313068124749394196e-02,4.458189988140564414e-02,6.102029616620001373e-02,6.690677661198028703e-02,1.816959100828003867e-02,8.615883965310365544e-02,3.280340793346719214e-02,7.368779169549527497e-02,4.233017727419303988e-02,1.033087555188461210e-01,3.455398184912959053e-02,2.651156762787033536e-02,2.969205874766593645e-02,1.310518105475045464e-02,3.394761387683302434e-02,4.476077038903693989e-02,6.347586421084712438e-02,2.381284872708542416e-02,1.093742527435238865e-01,9.454698928677060521e-02,2.539102436824514086e-02,7.826894418452061408e-02,1.920446059070266276e-01,1.010167567855587423e-01,1.380957729825941505e-01,9.475658743268820794e-02,2.210245268309487393e-02,7.203722652541080795e-02
3.254455787195816019e-02,5.938271449643393873e-02,6.051575816192504564e-02,2.925739207216683513e-02,9.335933380937427861e-02,1.246725772459057885e-01,1.283320465058601090e-01,3.175101744837575957e-02,2.045733225087466300e-01,8.498783422281221134e-02,1.291282582841780380e-01,6.871854944219321637e-02,1.978666272310619645e-01,5.467516711726742168e-02,5.585869617590771830e-02,5.011168838077371956e-02,2.924495195890586610e-02,7.595498057844213280e-02,7.190292153830012134e-02,0.000000000000000000e+00,4.780276943291777991e-02,2.398261850808392770e-01,1.778331441530632828e-01,5.944490813554648839e-02,1.814380166048676357e-01,3.708808383333251912e-01,2.212475267463288042e-01,2.918536962784470390e-01,2.027921007462763214e-01,3.979472981404951620e-02,1.630110867958372567e-01,5.499655648728248025e-02,3.042031129118118182e-02,6.633669827622661053e-02,3.397826879601767436e-02,6.990426978960881388e-02,2.916342861568835959e-02,2.634726903719602359e-02,5.453922321720475891e-02,4.155265346256083181e-02,5.972589606791136457e-02,3.422701447925981938e-02,5.898314872648555141e-02,1.921194298665481956e-02,1.413517921297931940e-02,3.940894235380398847e-02,6.126255385511461538e-02,9.040487378459925727e-02,2.875231338700220962e-02,9.683687318206821160e-02,1.316839678556038784e-01,1.441424331030290995e-01,3.948046056660038661e-02,1.847986128304251185e-01,7.175697969674314780e-02,1.600052078525233956e-01,9.137350914843307692e-02,2.236941709183576932e-01,7.521347150108911861e-02,5.685531180567197224e-02,6.466930383479108091e-02,2.880513555120109426e-02,7.367890702980509077e-02,9.777807522193421308e-02,1.375836580571054846e-01,5.117443260667212113e-02,2.359833235101964910e-01,2.042621631957488582e-01,5.454101732873337105e-02,1.701681017898893089e-01,4.159388957126249342e-01,2.181149128696275585e-01,2.983522380357592763e-01,2.054803665094961651e-01,4.771973703725664040e-02,1.575811996263313808e-01
1.043469462625530586e-02,1.741707201112578304e-02,1.788414860228990447e-02,8.933936129929792580e-03,2.900738521853093999e-02,3.827804696877575713e-02,3.970222023875120965e-02,1.032874904695814736e-02,6.195720866436081609e-02,2.565747201922737725e-02,4.029557695368077980e-02,2.155893824166504880e-02,6.082531578282499019e-02,1.698500300874226931e-02,1.830480303825477578e-02,1.526732898315540793e-02,8.687167192631128909e-03,2.365373160377525624e-02,2.191434666818396423e-02,4.780276943291777991e-02,0.000000000000000000e+00,7.455107838713345703e-02,5.642865728293582073e-02,1.888140984537438338e-02,5.519496828465073057e-02,1.174406840645740718e-01,6.814459138712292141e-02,9.033963636250366691e-02,6.242843924480159790e-02,1.199140114198558871e-02,5.142976703721714726e-02,1.820874709318990106e-02,9.785287840404999216e-03,2.091895748385469087e-02,1.070121459276151751e-02,2.141481560927610203e-02,8.957330751473079403e-03,8.515603824065187677e-03,1.795620382702481713e-02,1.338874609842625324e-02,1.871602284434022156e-02,1.050781535990392458e-02,1.803351262031888114e-02,6.020249972622310902e-03,4.735028471533247844e-03,1.237485003105296202e-02,1.860498798172640494e-02,2.685542547731345486e-02,8.645321342910107509e-03,3.049128096994972725e-02,4.024036911911647862e-02,4.449380377016882299e-02,1.224862316202974914e-02,5.737604595664471535e-02,2.144127283643652154e-02,5.081891442410006732e-02,2.880377718289434813e-02,6.945161819874387521e-02,2.322729411506603558e-02,1.797773212297199344e-02,2.012826822507075841e-02,8.663721343672459510e-03,2.274957348967534751e-02,2.979854199989191710e-02,4.181756191878699402e-02,1.591341756955026721e-02,7.302653048201974972e-02,6.375772334063557756e-02,1.717744530093499519e-02,5.237892885527273279e-02,1.306949517679804051e-01,6.708598884883383573e-02,9.271663248559570969e-02,6.327599093433776412e-02,1.447787138816136396e-02,4.862217799638500482e-02
