0.000000000000000000e+00,2.156653088291573053e-02,1.516088792061143914e-02,4.995175044514947420e-03,2.729930355464805017e-02,4.082657707645372114e-02,4.100146575834651141e-02,1.075413947112787739e-02,4.822601062518406395e-02,2.711020167295598304e-02,3.320323123752216832e-02,2.330128996327296073e-02,6.725900152886998828e-02,1.410951094351711906e-02,1.383554310927915219e-02,1.422174865781237162e-02,1.032085953028157727e-02,1.875646728856378634e-02,2.697707381673657145e-02,3.711239089557422099e-02,1.919155384944552789e-02,7.193630670630377089e-02,5.800471752452498325e-02,2.021793302628199784e-02,5.509865490620499684e-02,9.831152789953570559e-02,6.446913855923830372e-02,8.423275307278747792e-02,5.122023898747440906e-02,1.299280923227591998e-02,4.054308665135648859e-02,1.744737710625505339e-02,1.292466434175080711e-02,2.119019189565510622e-02,1.169092401765375357e-02,1.799930048014807341e-02,5.561051499541619890e-03,6.057261842117903604e-03,1.733687547478211799e-02,1.359495715483529168e-02,1.619985542082541183e-02,1.232873708235141842e-02,1.479691747223381773e-02,4.307690780017747745e-03,4.832952747208803246e-03,1.111771561690655732e-02,2.308947882548144370e-02,2.412458358346847645e-02,6.653565931876894400e-03,2.494428810626988027e-02,3.561957053405814810e-02,4.905966469544099928e-02,1.227472588794595657e-02,4.755313309572432867e-02,2.905275924280566538e-02,4.216410448594435506e-02,2.623508836949276293e-02,6.687696347479574199e-02,2.093008325048487106e-02,1.085866170704113606e-02,2.132169818490437310e-02,1.032290124781647458e-02,1.895878984429892611e-02,2.469709180742074225e-02,4.175124612579297206e-02,1.751993619375678476e-02,6.506857806472439443e-02,6.357914653559607054e-02,1.619071712774628954e-02,5.043279728509553889e-02,1.195995862461243509e-01,5.673022708460113972e-02,9.033164166704828191e-02,5.676624911198155377e-02,1.607278895629632789e-02,4.768130868716485143e-02
2.156653088291573053e-02,0.000000000000000000e+00,2.779976595918438181e-02,9.228817759526572115e-03,4.991188774448858390e-02,7.603394348149619675e-02,7.475657845333093243e-02,1.921564161525382217e-02,9.113410026105843442e-02,4.869830821487891592e-02,6.100142085371982464e-02,4.051214609554178170e-02,1.241704853044239554e-01,2.607314054958213487e-02,2.467702612979479765e-02,2.592682311982886026e-02,1.861722635592385350e-02,3.400533393435079682e-02,4.961241022315857063e-02,6.875483204000111537e-02,3.299743657722569584e-02,1.342685810174948924e-01,1.055158897612154117e-01,3.504307642254590044e-02,1.007544301067089809e-01,1.774923334502821470e-01,1.195323488106902199e-01,1.551900345805385939e-01,9.458630287989679142e-02,2.398486566627077224e-02,7.373782442121069869e-02,3.239885221584490327e-02,2.332373190270626423e-02,3.788747040715016723e-02,2.106913916959261834e-02,3.357087823859737641e-02,1.012330863175761250e-02,1.128588370362541317e-02,3.209035640715807158e-02,2.540347075132522517e-02,2.927528396740643885e-02,2.222626471683984695e-02,2.783721041407243371e-02,8.054528170179684615e-03,8.617575544741684634e-03,2.019719756330397298e-02,4.360054026691270734e-02,4.447483147409891924e-02,1.201255786296305701e-02,4.514442471001809537e-02,6.669845530378951115e-02,9.031499920946545190e-02,2.212677050341237128e-02,8.930674190133275347e-02,5.257291182859235440e-02,7.761436218794547093e-02,4.515639562065265622e-02,1.236423537142749690e-01,3.885436038042629908e-02,1.841213647596444750e-02,3.915199548811738872e-02,1.891613897259076041e-02,3.430124841278451436e-02,4.674514737819564225e-02,7.848023810898360764e-02,2.988151916168555952e-02,1.232306484561163373e-01,1.164816186677986032e-01,2.893626199156294071e-02,9.361747725872031356e-02,2.171818955592901557e-01,1.057632837102214923e-01,1.669336976641079551e-01,1.070761700742094702e-01,3.010920734894162801e-02,8.589956924955111095e-02
1.516088792061143914e-02,2.779976595918438181e-02,0.000000000000000000e+00,6.232412993191849618e-03,3.448858959784794481e-02,5.277680890022810878e-02,5.155437560263734925e-02,1.353284585434233120e-02,6.329082374779393394e-02,3.377759302017704912e-02,4.215607790572219876e-02,2.845860525822203890e-02,8.555371763791996820e-02,1.815576758882112701e-02,1.728847731149118355e-02,1.787012476497396030e-02,1.295468007511137859e-02,2.315769008482043353e-02,3.480971063373371199e-02,4.760307737564041519e-02,2.285967183266399486e-02,9.250787259870965618e-02,7.383436450474396839e-02,2.483644876355986172e-02,6.971036961302459756e-02,1.233636584742795750e-01,8.254302709211294720e-02,1.078601963161027327e-01,6.572932533725273085e-02,1.684836015117229663e-02,5.134363390906786229e-02,2.200440169364219212e-02,1.651553514566599101e-02,2.678585842126595881e-02,1.459567771736653904e-02,2.313654436606652973e-02,6.960208364778305498e-03,7.884409826733058957e-03,2.209925628677595483e-02,1.748578362322326246e-02,2.048013805013258401e-02,1.542188262448473089e-02,1.961172331853672929e-02,5.449098858120920985e-03,6.084619782713161090e-03,1.397151049620752247e-02,2.982234924388107999e-02,3.067102877579634679e-02,8.463233923681690724e-03,3.133472883619467519e-02,4.652658373906996825e-02,6.262743676122682623e-02,1.532305660292238372e-02,6.200068749167260418e-02,3.606876741887579674e-02,5.433585080458541716e-02,3.137224346043993028e-02,8.593953806180221200e-02,2.722221314029451764e-02,1.310225524627237070e-02,2.663351782850711946e-02,1.298816253848883093e-02,2.378016911151054069e-02,3.254541687664939259e-02,5.416801261619992591e-02,2.067169680907782192e-02,8.491249177426027361e-02,8.064685002183102913e-02,2.013179588567469425e-02,6.457946611649678648e-02,1.507829055398478557e-01,7.287463638130642352e-02,1.157399867361105922e-01,7.364853887113707864e-02,2.098003217806823639e-02,5.957849340643332076e-02
4.995175044514947420e-03,9.228817759526572115e-03,6.232412993191849618e-03,0.000000000000000000e+00,1.127743476701640810e-02,1.769639262645558014e-02,1.687170640923897624e-02,4.630014264033047167e-03,2.113691196644770093e-02,1.125907649371968473e-02,1.412210405916705311e-02,9.269376041256627632e-03,2.847375616731075837e-02,5.862255762836963979e-03,5.821658807233459285e-03,6.140044546163637637e-03,4.461751035797934840e-03,7.836876925803332866e-03,1.165249977435186580e-02,1.518318766122094335e-02,7.739533692416962138e-03,3.154184534271153861e-02,2.512703649160108466e-02,7.953770701867169182e-03,2.398024090701467853e-02,4.158974114141148620e-02,2.789272197824166355e-02,3.648585530411017908e-02,2.203093132423214473e-02,5.683643221835034225e-03,1.736208792736892298e-02,7.933373370730169294e-03,5.790713924779611679e-03,8.842218308535810395e-03,4.855116747633868475e-03,7.324888696530520646e-03,2.254596231619791259e-03,2.719672043614871932e-03,8.018650656506840640e-03,6.207467438693958263e-03,6.697266460165589991e-03,5.083556634895377950e-03,6.407848882961665431e-03,1.715618616965863732e-03,2.222376261937496298e-03,4.753697734645018734e-03,1.010611783536803990e-02,1.008203918698333257e-02,2.485968984173456131e-03,1.055533745325346745e-02,1.562587169325078615e-02,2.127278302795043013e-02,5.148567823969356881e-03,2.097412353788962597e-02,1.201035965746684309e-02,1.842458939506248783e-02,1.010636522574577881e-02,2.933529076426753118e-02,8.952222257239416531e-03,3.896297800645548079e-03,9.373130639033458444e-03,4.366379706497757959e-03,8.353798894280709333e-03,1.093879066368952206e-02,1.799968592008325749e-02,6.805133572456368435e-03,2.863945418137058690e-02,2.724659869119112898e-02,6.491763285698273420e-03,2.228137355849344262e-02,5.068340595054279807e-02,2.405808744519987580e-02,3.947153920039193215e-02,2.485755660714671425e-02,7.198502682976777416e-03,2.032823557788338009e-02
2.729930355464805017e-02,4.991188774448858390e-02,3.448858959784794481e-02,1.127743476701640810e-02,0.000000000000000000e+00,9.460702398934886515e-02,9.460186157159826414e-02,2.404666421968302756e-02,1.133229397313694625e-01,6.183570864484930207e-02,7.704422186051490540e-02,5.041200970938703591e-02,1.555544480032206855e-01,3.278087063086702196e-02,3.061710918243928589e-02,3.288305191596600091e-02,2.403583998173692074e-02,4.260479181176362456e-02,6.223579474939834599e-02,8.261019136950223385e-02,4.136506214260549791e-02,1.655088391026239836e-01,1.326386858149880832e-01,4.338145275515593868e-02,1.275934094779817007e-01,2.228514535850126543e-01,1.478866410253329433e-01,1.949531644880544978e-01,1.181872963704269641e-01,3.009188991000487368e-02,9.301592207575309912e-02,4.167729262738895102e-02,3.006585893968264506e-02,4.745120145001169298e-02,2.666059338443817900e-02,4.157124801604826503e-02,1.308668680166416229e-02,1.431739232935719600e-02,4.121894547968591588e-02,3.246026677513924596e-02,3.639186499255725460e-02,2.756824656891022560e-02,3.485756131208324338e-02,9.866129620583604862e-03,1.122855517518802151e-02,2.530446427777068713e-02,5.393258804098678000e-02,5.428918637970701205e-02,1.467052204691067507e-02,5.776582505488293828e-02,8.330798039151647572e-02,1.142700545314981608e-01,2.727891889184862195e-02,1.117409075771370053e-01,6.656929118066970408e-02,9.911219974722369763e-02,5.512621211096983137e-02,1.561719496443930155e-01,4.896973592848944540e-02,2.218681150749504324e-02,4.888331075219651961e-02,2.384898979271434308e-02,4.375512666983873838e-02,5.823603253909957062e-02,9.505232469729661682e-02,3.693510700607900016e-02,1.512544965539454056e-01,1.444861349776026260e-01,3.509236505547302931e-02,1.174848712558643204e-01,2.711768144886206322e-01,1.290070964387587948e-01,2.102814339345185080e-01,1.328730123505443839e-01,3.842397394978287750e-02,1.079624403497490143e-01
4.082657707645372114e-02,7.603394348149619675e-02,5.277680890022810878e-02,1.769639262645558014e-02,9.460702398934886515e-02,0.000000000000000000e+00,1.425393224653507818e-01,3.602691155219933661e-02,1.734903418761501170e-01,9.231517531121981313e-02,1.147247286361344903e-01,7.704173749462492338e-02,2.345197537060642323e-01,4.945924601506700158e-02,4.654142677075281953e-02,4.881427448377939626e-02,3.527995324934295879e-02,6.430359990779879742e-02,9.344317016908390561e-02,1.296020554995096496e-01,6.200070044910736822e-02,2.526766918508399629e-01,2.014019721656856998e-01,6.685610177405335031e-02,1.908786851038635213e-01,3.379024699379492569e-01,2.250050151371376095e-01,2.947582385462180765e-01,1.794152401243434558e-01,4.504833530433315081e-02,1.396118950406149417e-01,6.137641290729543148e-02,4.489226675115330634e-02,7.199349933546199398e-02,4.008699933037120772e-02,6.339225010159053875e-02,1.967331882091046674e-02,2.134524230352558699e-02,6.088072576979460665e-02,4.825854554155228904e-02,5.593415795415248443e-02,4.195123939757652853e-02,5.302289761571762905e-02,1.532821418863771802e-02,1.637309838308943083e-02,3.890769447453881758e-02,8.164331245830125372e-02,8.430813660479645477e-02,2.336030151207914296e-02,8.624798192551834386e-02,1.273547890287871631e-01,1.708652031782804948e-01,4.163474814751808029e-02,1.697634204965274285e-01,9.880681156495041417e-02,1.479580737801970414e-01,8.507668724788690351e-02,2.334498896830710102e-01,7.366877909344859976e-02,3.554570178484355719e-02,7.322691150234542090e-02,3.591820803742090673e-02,6.497431723451899122e-02,8.861249023684505954e-02,1.464115192794901987e-01,5.691713702459384738e-02,2.308634555473626226e-01,2.212498396218987584e-01,5.480010810070280042e-02,1.774509234412954550e-01,4.140696631269007999e-01,2.003591838460843100e-01,3.148899995710697786e-01,2.018614921564889086e-01,5.687786449417485402e-02,1.623572494438984548e-01
4.100146575834651141e-02,7.475657845333093243e-02,5.155437560263734925e-02,1.687170640923897624e-02,9.460186157159826414e-02,1.425393224653507818e-01,0.000000000000000000e+00,3.617280028281733006e-02,1.714617095880402453e-01,9.264005799462569912e-02,1.149250940774748653e-01,7.651845686448403849e-02,2.332992626764124888e-01,4.855188622889704264e-02,4.535167573814582326e-02,4.921626123892197668e-02,3.557765148617141049e-02,6.373975474294309163e-02,9.275303966405736011e-02,1.255929720448650255e-01,6.217302686849518478e-02,2.488959467045351870e-01,1.984818814005127607e-01,6.550358768835404244e-02,1.911375169260808304e-01,3.351124161963945358e-01,2.214537259285725701e-01,2.924044534803151296e-01,1.766922976079287055e-01,4.495666876799703920e-02,1.389088134801188534e-01,6.198327832176116908e-02,4.499562520630090434e-02,7.139866540444139709e-02,4.000804284849011905e-02,6.207188632138258000e-02,1.941578459139782498e-02,2.140306669167460832e-02,6.185743908346700431e-02,4.850428481121877439e-02,5.520149151852950242e-02,4.172570964062199961e-02,5.230199963932345014e-02,1.493874745165414686e-02,1.668191693604154785e-02,3.784085504774228198e-02,8.056921642115792703e-02,8.185392871273258764e-02,2.227701930023299678e-02,8.597002953312841977e-02,1.250301649974587259e-01,1.714938857973904440e-01,4.122796356693534531e-02,1.669834448385369430e-01,9.996636183137166953e-02,1.481182885576538821e-01,8.372024754703895344e-02,2.347996238596344598e-01,7.300922009005039737e-02,3.347224488182670016e-02,7.265621728093094034e-02,3.591303926195500706e-02,6.507579241056607455e-02,8.758247472468420891e-02,1.426314398668981909e-01,5.614704879140265670e-02,2.255374828332522008e-01,2.168314941305894694e-01,5.288238571696961265e-02,1.760978920316289553e-01,4.077339714708311247e-01,1.938406848605162269e-01,3.141678238057804551e-01,1.992117640819498492e-01,5.680019243224469078e-02,1.620688147190414430e-01
1.075413947112787739e-02,1.921564161525382217e-02,1.353284585434233120e-02,4.630014264033047167e-03,2.404666421968302756e-02,3.602691155219933661e-02,3.617280028281733006e-02,0.000000000000000000e+00,4.323184191058474651e-02,2.399558917404405120e-02,2.925076071792441848e-02,2.076286338377459489e-02,5.913592239101429088e-02,1.265092894765583106e-02,1.215783940665565027e-02,1.236592302676515175e-02,9.043857180448807570e-03,1.656824875238033928e-02,2.381563377528085612e-02,3.330454252692696682e-02,1.677155477808725190e-02,6.336337083412674209e-02,5.135214730414480733e-02,1.802214200338043970e-02,4.823173417517723910e-02,8.656964714571098451e-02,5.700102536992775193e-02,7.487674821901339761e-02,4.599230082305450634e-02,1.166945826014710585e-02,3.617398200130970271e-02,1.543081536059165600e-02,1.123370744269553897e-02,1.877593675459323513e-02,1.006338205939699346e-02,1.605237231204025006e-02,4.967535414517223850e-03,5.329858935903262693e-03,1.518457283872546790e-02,1.200758573542961422e-02,1.430713638997806875e-02,1.064288472037549713e-02,1.343920912081789619e-02,3.869954309527326181e-03,4.070867300893074928e-03,1.003474352370070134e-02,2.045517260337502072e-02,2.163251503313448620e-02,6.019263129366266354e-03,2.203184255505094905e-02,3.203422201474791231e-02,4.340970063935351703e-02,1.084256918441005302e-02,4.234204520916003134e-02,2.543227239875486129e-02,3.802934365810914374e-02,2.373560776295376498e-02,5.937532325647259385e-02,1.875614919837746697e-02,9.788703463268074237e-03,1.835027839369278435e-02,9.083708608890040184e-03,1.674509084561843358e-02,2.255854123995463048e-02,3.730653765158450236e-02,1.586763951867678490e-02,5.810781956452016478e-02,5.701138752291574907e-02,1.477772613289660662e-02,4.463303633365740819e-02,1.061288566125838245e-01,5.099521652232996693e-02,7.979316206543030088e-02,5.022123176065524525e-02,1.402840548634539178e-02,4.144475125004959404e-02
4.822601062518406395e-02,9.113410026105843442e-02,6.329082374779393394e-02,2.113691196644770093e-02,1.133229397313694625e-01,1.734903418761501170e-01,1.714617095880402453e-01,4.323184191058474651e-02,0.000000000000000000e+00,1.106611610265367807e-01,1.378948655929065625e-01,9.225928074616857044e-02,2.823485914137568997e-01,5.927808267548993759e-02,5.586856340179913866e-02,5.840603333941642161e-02,4.231719006376849501e-02,7.723702191196166189e-02,1.126292113315176535e-01,1.541123933387510692e-01,7.342932530191112472e-02,3.021786078167020828e-01,2.424024046768032126e-01,7.986884898291722601e-02,2.298639491887322361e-01,4.038870340716493867e-01,2.692113284135603246e-01,3.542011900294145255e-01,2.142830408861471081e-01,5.380791682147215149e-02,1.672926513478401600e-01,7.418606952130231413e-02,5.415138774287681089e-02,8.636675695341167192e-02,4.788571583829737133e-02,7.656651130543101758e-02,2.364484444854876230e-02,2.573224533911094153e-02,7.337076516580326446e-02,5.849208167454312407e-02,6.724333078266926667e-02,5.010907927331177680e-02,6.405011769515543685e-02,1.840860901246293979e-02,1.987077347879620190e-02,4.612904714767702280e-02,9.824605494021694529e-02,1.005260870961850461e-01,2.769361098827624601e-02,1.028748651638503042e-01,1.527363669505207577e-01,2.058854440256561447e-01,5.020008931595654200e-02,2.045028661200722353e-01,1.186991766327489956e-01,1.793316818274893476e-01,1.017083385065636336e-01,2.824191148106884874e-01,8.818835764028147561e-02,4.224894651194790324e-02,8.818293945052269045e-02,4.322462387770091563e-02,7.842546571724053062e-02,1.073860215115990530e-01,1.750898036677502045e-01,6.726120712973428228e-02,2.773060108999103046e-01,2.661399856407494768e-01,6.559853389502665055e-02,2.127606322918492998e-01,4.939938640027023986e-01,2.383708003037110223e-01,3.805974681388923919e-01,2.413681470529952522e-01,6.839382210207738122e-02,1.941707863782993482e-01
2.711020167295598304e-02,4.869830821487891592e-02,3.377759302017704912e-02,1.125907649371968473e-02,6.183570864484930207e-02,9.231517531121981313e-02,9.264005799462569912e-02,2.399558917404405120e-02,1.106611610265367807e-01,0.000000000000000000e+00,7.518283652809469586e-02,5.004110460658064280e-02,1.513927511541621196e-01,3.233192614082856103e-02,3.037937725240815942e-02,3.230146170230932534e-02,2.323345430894242433e-02,4.244121500763907429e-02,6.099968159771074205e-02,8.365143624175989945e-02,4.196022473105614353e-02,1.639144682983060541e-01,1.304934132059257235e-01,4.327008033906318274e-02,1.243503719525005935e-01,2.194859561373621593e-01,1.465059992006615686e-01,1.913450154797554092e-01,1.165107834026829908e-01,2.970811078998565613e-02,9.181248117531737307e-02,3.951375626865556712e-02,2.926244738749054358e-02,4.719237219283692331e-02,2.577858933303156172e-02,4.137632566316769983e-02,1.269588899071739246e-02,1.415986092995407883e-02,3.957963191870626785e-02,3.180265915774442564e-02,3.603655190735162439e-02,2.723705152818830730e-02,3.436089516520764858e-02,9.650858230813319852e-03,1.106316463698548552e-02,2.483227839841061282e-02,5.298265911660429012e-02,5.343949245682169669e-02,1.475073839710131299e-02,5.661315258754984897e-02,8.073727855150715504e-02,1.113591721512176003e-01,2.714663152435947344e-02,1.085892883605968501e-01,6.568858445322459105e-02,9.694429464404064056e-02,5.622077729774362792e-02,1.522407970225373164e-01,4.809443428173901247e-02,2.272101514952201695e-02,4.750795740736953737e-02,2.335651229773661602e-02,4.293579899359930424e-02,5.681260902643665844e-02,9.424496710305943492e-02,3.784152621233920905e-02,1.478803954935868359e-01,1.424919534679641164e-01,3.520195594702838632e-02,1.153759487025744074e-01,2.679114793091599278e-01,1.277984743072745899e-01,2.066225865457117783e-01,1.305112868100840318e-01,3.751737416776369793e-02,1.063468961498604815e-01
3.320323123752216832e-02,6.100142085371982464e-02,4.215607790572219876e-02,1.412210405916705311e-02,7.704422186051490540e-02,1.147247286361344903e-01,1.149250940774748653e-01,2.925076071792441848e-02,1.378948655929065625e-01,7.518283652809469586e-02,0.000000000000000000e+00,6.165840850543238133e-02,1.876524373811671309e-01,4.006421470203573587e-02,3.804254644011619002e-02,3.997351721186430396e-02,2.888736365785024227e-02,5.174387371873730851e-02,7.524487702250848287e-02,1.019151865296123033e-01,5.111918997302259543e-02,2.020566620939094338e-01,1.606568525025044714e-01,5.295806522635273378e-02,1.537915552680960418e-01,2.728572247193842837e-01,1.812212084359435538e-01,2.367622019270446132e-01,1.463955995715702785e-01,3.706115262909041169e-02,1.128305474987746360e-01,5.022944758154910400e-02,3.640273597241870662e-02,5.724992658513212290e-02,3.210470834916647614e-02,5.003908701201026377e-02,1.576951027148748921e-02,1.740439882273311922e-02,4.932350614192156091e-02,3.899528371670351462e-02,4.420963511569104415e-02,3.363738374315568269e-02,4.216533637757112485e-02,1.210887112671207161e-02,1.344845854873866382e-02,3.070485202449583020e-02,6.561594582880866944e-02,6.648354940142850444e-02,1.821149637178454128e-02,7.081648288180533712e-02,1.020937610193695944e-01,1.381597333211385115e-01,3.331365250629621244e-02,1.359623887789578878e-01,8.034872087534646046e-02,1.201603020822311629e-01,6.813884034007854085e-02,1.886478911122955182e-01,5.945429340275047020e-02,2.829435394754393346e-02,5.894534686314856914e-02,2.896577833837024607e-02,5.318278573646923607e-02,7.002248044454198461e-02,1.166116257151918745e-01,4.596660986827693501e-02,1.841297401117516497e-01,1.768824940504675480e-01,4.309616251636316786e-02,1.425732094525131721e-01,3.333437569335286899e-01,1.588590651086567163e-01,2.542544679941343144e-01,1.613720802446348412e-01,4.604818938842877851e-02,1.314849338540812207e-01
2.330128996327296073e-02,4.051214609554178170e-02,2.845860525822203890e-02,9.269376041256627632e-03,5.041200970938703591e-02,7.704173749462492338e-02,7.651845686448403849e-02,2.076286338377459489e-02,9.225928074616857044e-02,5.004110460658064280e-02,6.165840850543238133e-02,0.000000000000000000e+00,1.252362426130631257e-01,2.667393600971753459e-02,2.575304226502382957e-02,2.643912422100579140e-02,1.911346955745783435e-02,3.506663891930677374e-02,5.148156470959714542e-02,6.990262656421147858e-02,3.598865250498815838e-02,1.346962379667351328e-01,1.103732068708671160e-01,3.786749666998375646e-02,1.024706319752628353e-01,1.827454867846416420e-01,1.206727165930271684e-01,1.581434232060770217e-01,9.636575127245591843e-02,2.481976462389862137e-02,7.680383645681539140e-02,3.349189339145579314e-02,2.428384713690787469e-02,3.998710939572003298e-02,2.131589540545637471e-02,3.407118259798585375e-02,1.043604259809561251e-02,1.145022611775440777e-02,3.329237370651663697e-02,2.605790331047315098e-02,3.067897111079383524e-02,2.284997585604933712e-02,2.837684927411597557e-02,8.159956371311489695e-03,8.964477754778482979e-03,2.155728676507060945e-02,4.348479005741512360e-02,4.516150970718253027e-02,1.244328614266951120e-02,4.629521290194199556e-02,6.708689124088497435e-02,9.271984843042657687e-02,2.335955199827737319e-02,8.964444302581842106e-02,5.398102626356729439e-02,8.006113379309975908e-02,4.957369006278149193e-02,1.266845030074585932e-01,3.974295428868018787e-02,1.982660090142134707e-02,3.930062036312637064e-02,1.908416212654145266e-02,3.560198382340631212e-02,4.758455969071786335e-02,7.839836603481489807e-02,3.332552188057016918e-02,1.224419584416543139e-01,1.206462305035010119e-01,3.115967092879663378e-02,9.508462096227825178e-02,2.234794593438785004e-01,1.071342672679341940e-01,1.708196584255537998e-01,1.072946367837834397e-01,3.016586521026076370e-02,8.884510832363566590e-02
6.725900152886998828e-02,1.241704853044239554e-01,8.555371763791996820e-02,2.847375616731075837e-02,1.555544480032206855e-01,2.345197537060642323e-01,2.332992626764124888e-01,5.913592239101429088e-02,2.823485914137568997e-01,1.513927511541621196e-01,1.876524373811671309e-01,1.252362426130631257e-01,0.000000000000000000e+00,8.095415731083119293e-02,7.389375974163743532e-02,8.037391831749521320e-02,5.805923243229740155e-02,1.049516670474037738e-01,1.528936404372377433e-01,2.096464578973369908e-01,1.012730805881866952e-01,4.097179561134107750e-01,3.256376637196589652e-01,1.081182722800117929e-01,3.130540002199062588e-01,5.467463566708352651e-01,3.655178351003739445e-01,4.818454175139986750e-01,2.897898561937400919e-01,7.391575542888309536e-02,2.274451556598520441e-01,1.003074654578393898e-01,7.332255525832326315e-02,1.174526191484180360e-01,6.540200604770041171e-02,1.041788409402074067e-01,3.196017678836472059e-02,3.454500097575718964e-02,9.999917567682971298e-02,7.903455823628197097e-02,9.114546511888610425e-02,6.889571665178749471e-02,8.722010842529173691e-02,2.517318824361032548e-02,2.686561047856104653e-02,6.264683730856741850e-02,1.330358423309074278e-01,1.368855949232360980e-01,3.762922474071014184e-02,1.407273827544494593e-01,2.060256103748888679e-01,2.808649131671953625e-01,6.809306683262073001e-02,2.748862774915060703e-01,1.633703616740545816e-01,2.428587357763656585e-01,1.387921340923348457e-01,3.849796609107945522e-01,1.212142341083518177e-01,5.625353665553935179e-02,1.197870247985965558e-01,5.897246520507760242e-02,1.063094097358156104e-01,1.448366810689334927e-01,2.363924578352452066e-01,9.269573425433953739e-02,3.723756083336180467e-01,3.592485808525130997e-01,8.848279176834226989e-02,2.895160111953961612e-01,6.700703445702140826e-01,3.218534888434128050e-01,5.158767184523462834e-01,3.270780588370200692e-01,9.275552052979277318e-02,2.655513524505261902e-01
1.410951094351711906e-02,2.607314054958213487e-02,1.815576758882112701e-02,5.862255762836963979e-03,3.278087063086702196e-02,4.945924601506700158e-02,4.855188622889704264e-02,1.265092894765583106e-02,5.927808267548993759e-02,3.233192614082856103e-02,4.006421470203573587e-02,2.667393600971753459e-02,8.095415731083119293e-02,0.000000000000000000e+00,1.634907672221022970e-02,1.729645996102586666e-02,1.262811819908176390e-02,2.216695519355846300e-02,3.325447082559603029e-02,4.431539031299710357e-02,2.167448173082784854e-02,8.774707070048035074e-02,6.992422446004548098e-02,2.277793901370156818e-02,6.624503377271800941e-02,1.156196160291654146e-01,7.837760406479124531e-02,1.034602297648839625e-01,6.327990629364398101e-02,1.633686743316732637e-02,4.882606053584836320e-02,2.133552474354152850e-02,1.550550686295072700e-02,2.469152532170887718e-02,1.356984063561344350e-02,2.160645707568408305e-02,6.654436388383228040e-03,7.566273940429820918e-03,2.131785381731815879e-02,1.648496196237401318e-02,1.874967895328660469e-02,1.422358562045031652e-02,1.855158569872027846e-02,5.126531020420634945e-03,5.821915759883352845e-03,1.286820944961890138e-02,2.868942641525747128e-02,2.873271190465491107e-02,7.605265410004054955e-03,3.018853421708751067e-02,4.399555578653206039e-02,5.929051946994863542e-02,1.412439311217039695e-02,5.921446004894578147e-02,3.483196907089412819e-02,5.113272102268736491e-02,2.962538141811262710e-02,8.166171051832298022e-02,2.597166497161322932e-02,1.192547518227356045e-02,2.565902952955768229e-02,1.245393002130751672e-02,2.337416875313668221e-02,3.033590436337432750e-02,5.036880054220073399e-02,1.933472828090975273e-02,7.983918991712032898e-02,7.537642685209577920e-02,1.854164605113413355e-02,6.195676252671020179e-02,1.420796389725448583e-01,6.808458891681877512e-02,1.105134706666071609e-01,6.963108682619031931e-02,2.032788249837561706e-02,5.631697463448982754e-02
1.383554310927915219e-02,2.467702612979479765e-02,1.728847731149118355e-02,5.821658807233459285e-03,3.061710918243928589e-02,4.654142677075281953e-02,4.535167573814582326e-02,1.215783940665565027e-02,5.586856340179913866e-02,3.037937725240815942e-02,3.804254644011619002e-02,2.575304226502382957e-02,7.389375974163743532e-02,1.634907672221022970e-02,0.000000000000000000e+00,1.634142220362524295e-02,1.179510000225661957e-02,2.127555205167663485e-02,3.003970499731624041e-02,4.356144705930147659e-02,2.193084518614129425e-02,8.552352001163009143e-02,6.800464134730499488e-02,2.290627108673997520e-02,6.183595662395892367e-02,1.177665678917534653e-01,7.648782656223841736e-02,9.740684368751986733e-02,6.334079227035813164e-02,1.584652155342336499e-02,4.771775565256110296e-02,2.033989242072729853e-02,1.483346436414856306e-02,2.360812242554600690e-02,1.287302416637772610e-02,1.979428081828022573e-02,6.360907913948167861e-03,7.390028135774395941e-03,2.033091651299034214e-02,1.552098120422152477e-02,1.804900316614061612e-02,1.333409829437102317e-02,1.659450097737477300e-02,4.656182233188433869e-03,5.665226824352696117e-03,1.288252778377959977e-02,2.688318023487248215e-02,2.719033424438714944e-02,7.518283997437889832e-03,2.871016119432048819e-02,4.242105724176473136e-02,5.394138483783692678e-02,1.361857106637277479e-02,5.632346181034963289e-02,3.201757045218405623e-02,4.763277796359986771e-02,2.944559140850734960e-02,7.460893383808848978e-02,2.347660807136407041e-02,1.407073470967909294e-02,2.375443025486507001e-02,1.164346771182436270e-02,2.253598970607648480e-02,2.805521023532615496e-02,4.898403205940969618e-02,2.000559450176206053e-02,7.900476104705032865e-02,7.509985495482868201e-02,1.863958602684704161e-02,5.855465594454778433e-02,1.434320847852991743e-01,6.832413798316136488e-02,1.022916311762993719e-01,6.687158335421249100e-02,1.833833326839572411e-02,5.420499546967364607e-02
1.422174865781237162e-02,2.592682311982886026e-02,1.787012476497396030e-02,6.140044546163637637e-03,3.288305191596600091e-02,4.881427448377939626e-02,4.921626123892197668e-02,1.236592302676515175e-02,5.840603333941642161e-02,3.230146170230932534e-02,3.997351721186430396e-02,2.643912422100579140e-02,8.037391831749521320e-02,1.729645996102586666e-02,1.634142220362524295e-02,0.000000000000000000e+00,1.251335647875524357e-02,2.204367429776725104e-02,3.148494036401591062e-02,4.390766021301532179e-02,2.201045060905577541e-02,8.595940221967024453e-02,6.874528709019253614e-02,2.267840741716602854e-02,6.565668966057122691e-02,1.170911703200087500e-01,7.785871915744352334e-02,1.019498422949081939e-01,6.248876085826179927e-02,1.594193087887963572e-02,4.831497619201809146e-02,2.131049614447064894e-02,1.529824331536102852e-02,2.457385143754178825e-02,1.377742616331482754e-02,2.180183963882693920e-02,6.882928210753657544e-03,7.349386558955222672e-03,2.094561031957596631e-02,1.651359616163330588e-02,1.885925474469476310e-02,1.417299017856620338e-02,1.808197707939628376e-02,5.183972991610092014e-03,5.741020655486485727e-03,1.299095292197257993e-02,2.804869415325644821e-02,2.822227525808594650e-02,7.811019749438055659e-03,3.044529101337108482e-02,4.353942402622265617e-02,5.890077690199481408e-02,1.420400416364046847e-02,5.828254623440744242e-02,3.428645655278685783e-02,5.111070729744934121e-02,2.913958703250429591e-02,8.066195937171906361e-02,2.548732793189992588e-02,1.227418828336093899e-02,2.526883141486055764e-02,1.239438023445628943e-02,2.275203826971390272e-02,2.979844360842064457e-02,4.966632728348967935e-02,1.965317116093209110e-02,7.908068170799040231e-02,7.535859128920921468e-02,1.851876610325953881e-02,6.066584415817130593e-02,1.421068549052346142e-01,6.785209903678339483e-02,1.085278399024538903e-01,6.877322775262884047e-02,1.966962145719038796e-02,5.612688399411239204e-02
1.032085953028157727e-02,1.861722635592385350e-02,1.295468007511137859e-02,4.461751035797934840e-03,2.403583998173692074e-02,3.527995324934295879e-02,3.557765148617141049e-02,9.043857180448807570e-03,4.231719006376849501e-02,2.323345430894242433e-02,2.888736365785024227e-02,1.911346955745783435e-02,5.805923243229740155e-02,1.262811819908176390e-02,1.179510000225661957e-02,1.251335647875524357e-02,0.000000000000000000e+00,1.602299520770161106e-02,2.322546848328115726e-02,3.210158066363562324e-02,1.590354671649195015e-02,6.268379012245656190e-02,4.984550546308218200e-02,1.657925023538232498e-02,4.765081514533839324e-02,8.427784242778461887e-02,5.610168754504332722e-02,7.392584843607427625e-02,4.530714502533560173e-02,1.169306105840216964e-02,3.520393620605664908e-02,1.533504309544625813e-02,1.114503242772888619e-02,1.781346047688249501e-02,9.832728265288989342e-03,1.575908896976507823e-02,4.971914049265897806e-03,5.410016954306518487e-03,1.514496552440491688e-02,1.202196724286236883e-02,1.359891952341950143e-02,1.022936227269052867e-02,1.314585403765299379e-02,3.663505866090090764e-03,4.138972183213407430e-03,9.461370858373915546e-03,2.029274847639060339e-02,2.036056086549132768e-02,5.722508752958203014e-03,2.194361362144892774e-02,3.149738749094636858e-02,4.274625083929493169e-02,1.037984242323247187e-02,4.197818938455260412e-02,2.504481642323489257e-02,3.712360300661000923e-02,2.156498245713736259e-02,5.891994424386982898e-02,1.849163426649430564e-02,8.806600421362088815e-03,1.825289233123167723e-02,8.937715390165232310e-03,1.640576871360102315e-02,2.171880792649576175e-02,3.609874878435991030e-02,1.444536315448532657e-02,5.731963035579207277e-02,5.465055310100980224e-02,1.354030256836104458e-02,4.408582798287286053e-02,1.024995188908001675e-01,4.898155399952654893e-02,7.904355515711783409e-02,5.004127086951432046e-02,1.438885057754571949e-02,4.046222397566673346e-02
1.875646728856378634e-02,3.400533393435079682e-02,2.315769008482043353e-02,7.836876925803332866e-03,4.260479181176362456e-02,6.430359990779879742e-02,6.373975474294309163e-02,1.656824875238033928e-02,7.723702191196166189e-02,4.244121500763907429e-02,5.174387371873730851e-02,3.506663891930677374e-02,1.049516670474037738e-01,2.216695519355846300e-02,2.127555205167663485e-02,2.204367429776725104e-02,1.602299520770161106e-02,0.000000000000000000e+00,4.178515540679177825e-02,5.756597862180530545e-02,2.894881071784566329e-02,1.136809213414966130e-01,9.099792378107633695e-02,3.017622515000010358e-02,8.602895457656031808e-02,1.539724720030877514e-01,1.017739161318585717e-01,1.337533158289178625e-01,8.116593597208074384e-02,2.076587718270725760e-02,6.346610644885189445e-02,2.808101031228822653e-02,2.061660904966156754e-02,3.236311281571497417e-02,1.786340093683702612e-02,2.814209446417560712e-02,8.897147677982341490e-03,9.654639348501484197e-03,2.812334398227126636e-02,2.177394789897801192e-02,2.492724366260575669e-02,1.858274380795083003e-02,2.383255800693055704e-02,6.736605124867554341e-03,7.560490610986817135e-03,1.732390398043465521e-02,3.643035269035946322e-02,3.709265243961470254e-02,1.027911992547071371e-02,3.958374444732930958e-02,5.698268966929847384e-02,7.711049398821012701e-02,1.901599562739538646e-02,7.555684713383047091e-02,4.473765043389180823e-02,6.709143291747891868e-02,3.890057502425570135e-02,1.052733062173548534e-01,3.330609714724057369e-02,1.619132157397790150e-02,3.320901685983689011e-02,1.601619454675070470e-02,2.996034989733869364e-02,3.944779009820612720e-02,6.507812870363113844e-02,2.629703970349387548e-02,1.033253631870000022e-01,9.989362996145371987e-02,2.465638173699427962e-02,8.001593010227106562e-02,1.868861339404554178e-01,8.868650795427855671e-02,1.416099694017775856e-01,8.968944907834373870e-02,2.534986687081502987e-02,7.344393468464098518e-02
2.697707381673657145e-02,4.961241022315857063e-02,3.480971063373371199e-02,1.165249977435186580e-02,6.223579474939834599e-02,9.344317016908390561e-02,9.275303966405736011e-02,2.381563377528085612e-02,1.126292113315176535e-01,6.099968159771074205e-02,7.524487702250848287e-02,5.148156470959714542e-02,1.528936404372377433e-01,3.325447082559603029e-02,3.003970499731624041e-02,3.148494036401591062e-02,2.322546848328115726e-02,4.178515540679177825e-02,0.000000000000000000e+00,8.547103730670330135e-02,4.054015636121935384e-02,1.627040045675485491e-01,1.308206275517571626e-01,4.452810244446332721e-02,1.237963068208999262e-01,2.179037142185271947e-01,1.463740427528926191e-01,1.922988778728267900e-01,1.170300728947907820e-01,2.992854139667396399e-02,9.145497366777440018e-02,3.889465393628566137e-02,2.905437678755349792e-02,4.793261511647663176e-02,2.600842777489408009e-02,4.257868464886217785e-02,1.260398603363457708e-02,1.383096801102172077e-02,3.825840550492626974e-02,3.065918739380310912e-02,3.663141524005127103e-02,2.746741915826033525e-02,3.547906423407381354e-02,1.014788029566170494e-02,1.040616452300959643e-02,2.470930501685840788e-02,5.285084936009350892e-02,5.547904687539038232e-02,1.567553212832666770e-02,5.672064677487666240e-02,8.267520647746247342e-02,1.123192945288084832e-01,2.713339015677634219e-02,1.102377556018738491e-01,6.525059202439660588e-02,9.739503560065089494e-02,5.755384577510527788e-02,1.530837978789150733e-01,4.912559332173660476e-02,2.368903905186557635e-02,4.736461020049823750e-02,2.333402090379433497e-02,4.211867587664630541e-02,5.828905185189201671e-02,9.622052588329396694e-02,3.769384516377463634e-02,1.489748514540881752e-01,1.435826615192394851e-01,3.633447009597406963e-02,1.141973941831409961e-01,2.667476959707494877e-01,1.299942864110031349e-01,2.060834864879747541e-01,1.308300850414945149e-01,3.706729761721663796e-02,1.053212945171879550e-01
3.711239089557422099e-02,6.875483204000111537e-02,4.760307737564041519e-02,1.518318766122094335e-02,8.261019136950223385e-02,1.296020554995096496e-01,1.255929720448650255e-01,3.330454252692696682e-02,1.541123933387510692e-01,8.365143624175989945e-02,1.019151865296123033e-01,6.990262656421147858e-02,2.096464578973369908e-01,4.431539031299710357e-02,4.356144705930147659e-02,4.390766021301532179e-02,3.210158066363562324e-02,5.756597862180530545e-02,8.547103730670330135e-02,0.000000000000000000e+00,5.688639496615113811e-02,2.307249971066153704e-01,1.829525087222337865e-01,6.052465763513355940e-02,1.716314561388002646e-01,3.060674226006996901e-01,2.071628675542795672e-01,2.660705995965350068e-01,1.633981298683055972e-01,4.143406836323597353e-02,1.268416074173654984e-01,5.341164972416928558e-02,4.018507631440190742e-02,6.591197101695801808e-02,3.575890217608735516e-02,5.710560159193819874e-02,1.672861388957117348e-02,1.918167389421476451e-02,5.296880951335051352e-02,4.292114420970220834e-02,5.025679292822661515e-02,3.744848594934858943e-02,4.757873127017595710e-02,1.310072317824634985e-02,1.493841539865985862e-02,3.439751890818279478e-02,7.484151417787163196e-02,7.583479291478791018e-02,1.996078575998215185e-02,7.628873827047691347e-02,1.134432529172258869e-01,1.517423281798920831e-01,3.748890565371255923e-02,1.510733120616906677e-01,8.901345529650182831e-02,1.317517887395722731e-01,7.785263539730440108e-02,2.086801910971228247e-01,6.613438518686351464e-02,3.173112393993448438e-02,6.655412894745058039e-02,3.221293106730252487e-02,5.936453348787912310e-02,7.929982510575576959e-02,1.363740750259547774e-01,5.073498935652402675e-02,2.142759806351821894e-01,2.004621012034348282e-01,4.973722445487595983e-02,1.602759198910354843e-01,3.744269531328446865e-01,1.816312912721594897e-01,2.850130292373123098e-01,1.831362917821864333e-01,5.220105896425914632e-02,1.478960115718219170e-01
1.919155384944552789e-02,3.299743657722569584e-02,2.285967183266399486e-02,7.739533692416962138e-03,4.136506214260549791e-02,6.200070044910736822e-02,6.217302686849518478e-02,1.677155477808725190e-02,7.342932530191112472e-02,4.196022473105614353e-02,5.111918997302259543e-02,3.598865250498815838e-02,1.012730805881866952e-01,2.167448173082784854e-02,2.193084518614129425e-02,2.201045060905577541e-02,1.590354671649195015e-02,2.894881071784566329e-02,4.054015636121935384e-02,5.688639496615113811e-02,0.000000000000000000e+00,1.112179031773670029e-01,9.009202184263449820e-02,3.150431790532741416e-02,8.434562204779418038e-02,1.525995080088513589e-01,1.007401559941392549e-01,1.295467654559594173e-01,8.095089337193694945e-02,2.051173852651427126e-02,6.310776883419949579e-02,2.752292055040893998e-02,1.973417083079757189e-02,3.208419998029020392e-02,1.755505195210052896e-02,2.672995220187568757e-02,8.700788236134970183e-03,9.550165018188552443e-03,2.733067433078615813e-02,2.099842483431619070e-02,2.429369622248766375e-02,1.837678544096293248e-02,2.231481025624707307e-02,6.546221796102840405e-03,7.490634620585572001e-03,1.745790701448564353e-02,3.563379145301447115e-02,3.659294395241775855e-02,9.914274487386159906e-03,3.814995744964821273e-02,5.498422028174353854e-02,7.448248650367926549e-02,1.919453303600091726e-02,7.340978354571024711e-02,4.433422369848227795e-02,6.497519296813197842e-02,4.121686738262710786e-02,1.020277301670968056e-01,3.169646707449483292e-02,1.701166406866721006e-02,3.265394540666994444e-02,1.577722854638913957e-02,2.974589157110008389e-02,3.765048701428491684e-02,6.467814984971415049e-02,2.776181850758599121e-02,1.012985005880895212e-01,9.911021528528929370e-02,2.556067162946782517e-02,7.816126882894314232e-02,1.856385823656698797e-01,8.824765937751211098e-02,1.385449505175915530e-01,8.774086038339365401e-02,2.469311119108607427e-02,7.308437014929713982e-02
