0.000000000000000000e+00,1.755060094724068126e-02,1.651796800862530973e-02,7.536670967959702497e-03,2.157763140677163363e-02,3.689156305033471084e-02,3.176157016878278228e-02,1.008748046255786290e-02,5.166410866225024101e-02,2.718218351801761010e-02,3.641560902494431207e-02,2.304454395670892455e-02,5.890989408628001522e-02,1.554608767642273910e-02,2.020764527476449912e-02,1.412246638304355366e-02,1.099721832461294027e-02,1.932532431837065065e-02,2.215722416795596825e-02,3.265243047996756187e-02,2.259103898852246953e-02,5.998000714027723612e-02,6.016248425427880159e-02,2.103004706619404640e-02,4.255549211302295243e-02,9.182336895993735426e-02,5.546754351923220694e-02,8.049075258778184971e-02,5.477747994728183328e-02,1.713089522644167806e-02,3.990008044028108686e-02,1.463520278473775214e-02,9.245658340067889128e-03,1.802108440245603002e-02,9.178296062919182735e-03,1.800138695311755827e-02,5.741871915049242062e-03,6.159703375801196465e-03,1.147201195166318820e-02,9.559147795121680780e-03,1.461572719376469723e-02,1.003296166920034961e-02,1.452963923369782889e-02,3.959679797282782132e-03,3.482818447153649983e-03,1.062930362451730559e-02,1.834837537494125870e-02,2.437219065218830874e-02,1.078599905230840511e-02,2.943481772975205940e-02,3.341529213469700277e-02,4.005131279267448025e-02,1.073822606203269844e-02,5.410647678682507095e-02,2.690270457816368657e-02,3.877041823887593386e-02,2.540287835957358645e-02,5.617801274093432717e-02,2.303079885578682498e-02,2.197796103922219565e-02,1.451661827632926179e-02,8.797292274454561467e-03,1.632683009839557692e-02,2.329506832668204810e-02,3.415435491239814103e-02,1.949507292081078397e-02,6.064461737851702811e-02,6.173718012509348679e-02,1.614148626153239993e-02,3.809650902668982458e-02,1.204561295579342634e-01,5.109736819924894785e-02,7.544127545993742356e-02,5.665152220297275248e-02,1.414392988631740788e-02,4.846032572999364740e-02
1.755060094724068126e-02,0.000000000000000000e+00,2.694695344083841704e-02,1.220582236007925793e-02,3.432065233457508996e-02,6.012595126288870079e-02,5.131645698568990110e-02,1.586616523495905720e-02,8.446782621004017555e-02,4.326958695406456917e-02,5.959982351975646325e-02,3.536601962085839101e-02,9.534469234391559911e-02,2.491141143887999621e-02,3.197098604760156837e-02,2.299090825977059480e-02,1.791148028682644500e-02,3.156414038350559975e-02,3.547492686757893615e-02,5.258427775543980665e-02,3.514971419643736494e-02,9.707615273382648458e-02,9.546384494383665376e-02,3.277579783258651597e-02,6.925804922166083066e-02,1.462264885239747958e-01,8.994378169647353205e-02,1.307547578248609565e-01,8.913845241667026076e-02,2.778120007412462900e-02,6.417952059660989028e-02,2.379029564260508670e-02,1.485054656045476165e-02,2.908057856972213334e-02,1.476182640104783082e-02,2.922890607475183561e-02,9.219342535014442633e-03,9.887336941394727838e-03,1.841110002326029962e-02,1.568692701023098254e-02,2.324680645441754359e-02,1.608032171089349843e-02,2.388934777450038571e-02,6.524734534406303847e-03,5.575990957563992795e-03,1.668825373984943877e-02,2.971886160205492247e-02,3.916466670587181315e-02,1.742807397602199812e-02,4.753946393268308063e-02,5.392445085026045803e-02,6.494725318296572236e-02,1.717333226664424090e-02,8.883380921634335958e-02,4.292569816170748592e-02,6.296411183235120501e-02,3.921430742126658098e-02,9.035540542367991035e-02,3.769924224826561032e-02,3.448965882117141502e-02,2.367533672726711627e-02,1.424680992790906646e-02,2.634951172363112631e-02,3.746656710280987790e-02,5.522825750576252496e-02,2.986040282141406640e-02,9.833222270128193221e-02,9.752470534634151422e-02,2.581555295851759024e-02,6.172778235465703478e-02,1.910592414937966610e-01,8.289086193873915209e-02,1.213140675529869039e-01,9.318296336746291486e-02,2.287309867752884349e-02,7.876371158601544464e-02
1.651796800862530973e-02,2.694695344083841704e-02,0.000000000000000000e+00,1.147838111812775688e-02,3.297487878348512313e-02,5.620295950510818123e-02,4.916544409236827534e-02,1.460209193883743768e-02,8.001321658337613718e-02,4.083646967044936293e-02,5.560540866238589119e-02,3.324885053115929356e-02,9.020845788452766523e-02,2.407019057756913313e-02,2.979464426188722925e-02,2.163558371479192000e-02,1.680550441557676286e-02,2.978063618301839133e-02,3.370071889391194203e-02,4.990958737654954680e-02,3.283312159142721953e-02,9.195144748426094250e-02,8.997660851498677503e-02,3.085309186975759149e-02,6.570762996495321806e-02,1.382280253618304589e-01,8.530476730957628484e-02,1.236739826339065262e-01,8.438907070952389455e-02,2.660142823978064661e-02,6.006429674891975573e-02,2.209225609807572918e-02,1.421631905411861393e-02,2.720652801951254848e-02,1.415228269692804519e-02,2.794723471078176119e-02,8.822100104994255731e-03,9.093182471799476224e-03,1.713132603970201132e-02,1.455322815924508552e-02,2.213516437451014396e-02,1.514083581205391375e-02,2.274082378923676651e-02,6.043435119439195292e-03,5.136004558266812556e-03,1.593709309671996477e-02,2.808635467678971542e-02,3.729149609169921109e-02,1.640755405692215924e-02,4.445874410091497919e-02,5.191571456511952926e-02,6.121070213415028688e-02,1.606831552097229970e-02,8.301032031627861296e-02,4.023885882569196160e-02,5.926659160224541367e-02,3.722515128781118954e-02,8.560700837407737851e-02,3.587096782948191731e-02,3.249082497204709014e-02,2.258649455664858696e-02,1.330695197863517899e-02,2.488675361165280930e-02,3.569294434429228641e-02,5.262286590411655030e-02,2.844517312008299978e-02,9.271178193325009531e-02,9.242065092767794143e-02,2.413874130047307526e-02,5.895129046616342378e-02,1.800950947848338202e-01,7.881272366367096660e-02,1.150693365902034498e-01,8.828237072464406587e-02,2.193268398866700733e-02,7.388381311166099252e-02
7.536670967959702497e-03,1.220582236007925793e-02,1.147838111812775688e-02,0.000000000000000000e+00,1.501789216028311114e-02,2.575289606513194926e-02,2.232225724101215281e-02,6.904651310443845474e-03,3.704069575553192023e-02,1.880371171362665503e-02,2.601309209855276125e-02,1.532619093074735761e-02,4.167040145847755728e-02,1.091059058544187506e-02,1.347168383404574732e-02,9.722338260839048785e-03,7.816847688152293860e-03,1.354336351021047033e-02,1.551737394747490506e-02,2.257989550909146603e-02,1.521201932856903853e-02,4.159976319780441661e-02,4.117829792086206975e-02,1.406245571078529842e-02,3.003499846359113795e-02,6.315553492895203958e-02,3.885679828631552479e-02,5.656716115436188907e-02,3.839728669144473056e-02,1.200788409497172485e-02,2.757855064430289951e-02,1.039337982522571535e-02,6.530146689175999816e-03,1.259321002669929086e-02,6.463693595485711478e-03,1.265522666356754672e-02,3.893983410544933719e-03,4.252976941828790630e-03,7.997985858036186363e-03,6.779465163462343631e-03,1.004690973247169411e-02,6.961830071364890141e-03,1.031222053257731947e-02,2.832732117355472260e-03,2.375279063679659741e-03,7.249273956632090038e-03,1.278716624846019945e-02,1.690079821161055360e-02,7.661890183143364383e-03,2.069456149948378787e-02,2.336784792859222110e-02,2.841740738641803862e-02,7.414716082589402346e-03,3.835383983355101362e-02,1.872848298386410246e-02,2.730365767981336386e-02,1.717262078671238923e-02,3.931786889167123572e-02,1.642390847353524669e-02,1.462279995878117134e-02,1.040260377187034527e-02,6.233175084566932103e-03,1.151243426030585174e-02,1.637416830090522926e-02,2.377366498109000775e-02,1.299649797861256520e-02,4.220062151122332128e-02,4.179520649961025042e-02,1.110561289338207747e-02,2.676155194618018776e-02,8.257602205804094597e-02,3.555545075273545963e-02,5.266187881955788908e-02,4.030796381965210534e-02,9.920871636288266376e-03,3.388906291710955254e-02
2.157763140677163363e-02,3.432065233457508996e-02,3.297487878348512313e-02,1.501789216028311114e-02,0.000000000000000000e+00,7.324700536410853891e-02,6.460484127105575736e-02,1.955622134879331231e-02,1.062374879572497155e-01,5.435373029368935349e-02,7.509530371049114028e-02,4.337330284392126173e-02,1.191435152212646509e-01,3.115111981807553582e-02,3.925527999208415497e-02,2.835836528288591604e-02,2.235154351034102094e-02,3.888808799633528684e-02,4.501322642745110569e-02,6.411565508398456292e-02,4.331479330821368101e-02,1.196262794831016163e-01,1.183797517118777426e-01,3.985817390609391192e-02,8.485159662910468636e-02,1.776751879189562844e-01,1.098881321582246967e-01,1.627603019143751273e-01,1.093894060140583047e-01,3.437942037392838213e-02,7.854606924019534586e-02,3.078631708475000617e-02,1.875802149773673697e-02,3.634040470143617280e-02,1.883853303896988046e-02,3.713578827169160962e-02,1.159132187183880246e-02,1.246388828826263707e-02,2.360384756851298393e-02,1.975189939616912513e-02,2.900643339577399504e-02,1.994950167326594095e-02,3.007917544052946673e-02,8.263904492995811576e-03,7.119089920433786800e-03,2.043848907354378630e-02,3.597196141330417929e-02,4.778299358001766861e-02,2.170921338144786439e-02,5.998482169676266906e-02,6.674364926741076232e-02,8.146316404296410907e-02,2.131862464373865049e-02,1.104638147342521526e-01,5.424285334203189646e-02,7.960628343642064952e-02,4.915952613121749720e-02,1.122807604925867564e-01,4.727670550349609424e-02,4.145319355961180757e-02,2.959102187353602337e-02,1.750223591544949539e-02,3.259755253990618412e-02,4.718881109345746810e-02,6.812557729632942594e-02,3.650031537223547007e-02,1.204248550970712373e-01,1.204895622824282836e-01,3.198149092525338910e-02,7.617815914884545903e-02,2.339944020838556904e-01,1.009234614105127270e-01,1.501816357810184799e-01,1.157397024175554484e-01,2.860090853159079349e-02,9.618355861922429917e-02
3.689156305033471084e-02,6.012595126288870079e-02,5.620295950510818123e-02,2.575289606513194926e-02,7.324700536410853891e-02,0.000000000000000000e+00,1.094704318570407092e-01,3.286979667732742305e-02,1.785698391196597623e-01,9.150538740933043813e-02,1.249191006299192469e-01,7.476611070806961357e-02,2.007371079370399158e-01,5.328512123825756425e-02,6.613610778872236473e-02,4.931230802276219405e-02,3.756491524566757390e-02,6.708473992659649832e-02,7.491535349288017120e-02,1.118187582669333963e-01,7.308973059540574413e-02,2.057208056016703313e-01,2.018809683114523856e-01,6.847951669910899708e-02,1.482855492627659089e-01,3.100798677210767629e-01,1.909761860077830720e-01,2.765834426748957076e-01,1.902918314672694677e-01,5.904305886842971252e-02,1.351137159394441567e-01,5.053436851525599377e-02,3.133916709626501096e-02,6.055760343872067936e-02,3.126468328088337356e-02,6.149508519623507474e-02,1.958742482201826160e-02,2.049864618700607266e-02,3.895792197499165638e-02,3.285290128061910814e-02,4.859904195148071621e-02,3.327737482643525202e-02,5.043979963706008568e-02,1.354109793261198784e-02,1.155704756387375062e-02,3.586431245045189342e-02,6.299382548201941379e-02,8.292114264200928231e-02,3.667346115445944271e-02,1.003001241006642730e-01,1.156334810298240978e-01,1.376576503326908396e-01,3.589702292195459665e-02,1.885593775874769285e-01,9.027281935519382294e-02,1.327179132709639109e-01,8.242726312336347283e-02,1.904083033595391494e-01,7.956564201968363559e-02,7.229182371870518375e-02,5.042790597343568132e-02,3.022027071228275061e-02,5.600557403028613018e-02,7.921026200850055099e-02,1.175284253912431548e-01,6.363539322727032599e-02,2.083800175970553503e-01,2.076754641595264239e-01,5.416608947871590085e-02,1.323010679129965894e-01,4.056207228074026894e-01,1.782977909521270277e-01,2.575837480519870271e-01,1.988381446309902545e-01,4.926088508077151873e-02,1.652775199189601696e-01
3.176157016878278228e-02,5.131645698568990110e-02,4.916544409236827534e-02,2.232225724101215281e-02,6.460484127105575736e-02,1.094704318570407092e-01,0.000000000000000000e+00,2.901137678202692430e-02,1.581102570543020669e-01,8.036491784713160891e-02,1.114734072758594430e-01,6.423975762423263236e-02,1.766623094398300509e-01,4.611051043318134535e-02,5.788630895614612498e-02,4.229871229284918460e-02,3.320543965668261432e-02,5.799158161876054318e-02,6.667594227095152704e-02,9.596683339333700324e-02,6.395198539374603863e-02,1.783158902293027204e-01,1.748559533999651805e-01,5.890701331940082636e-02,1.270188016226251049e-01,2.654279946571461712e-01,1.639307517023518013e-01,2.413218698302313781e-01,1.625621042565377761e-01,5.087509281777525399e-02,1.166681886947462665e-01,4.513338036290878014e-02,2.785195837638139785e-02,5.381182485690626932e-02,2.787607590424960591e-02,5.479889163595377810e-02,1.709594272041142782e-02,1.824905695051899646e-02,3.510108484266722534e-02,2.938871231410881968e-02,4.319828308322670035e-02,2.979494208024563093e-02,4.440731986398215037e-02,1.226267999718491132e-02,1.046545600653637706e-02,3.035264290176848540e-02,5.413954736575816301e-02,7.129735732764326539e-02,3.210621599577766910e-02,8.863066242842607134e-02,9.905425103033453638e-02,1.210760968907105828e-01,3.163337414442620593e-02,1.643793268349215964e-01,8.035851370653326886e-02,1.174993006759917913e-01,7.286814672163206830e-02,1.670262060889990685e-01,7.000318188244802897e-02,6.175029390865256068e-02,4.391274859257921631e-02,2.628024760770296397e-02,4.841288406166601582e-02,6.972717349333297510e-02,1.011855116042430780e-01,5.400062426266184767e-02,1.791523871246938349e-01,1.781230884823819249e-01,4.747019460167913041e-02,1.133369429523587019e-01,3.483359455408141514e-01,1.500650665462969491e-01,2.232530298023496784e-01,1.710500106225255890e-01,4.246335095941942278e-02,1.433979639102267722e-01
1.008748046255786290e-02,1.586616523495905720e-02,1.460209193883743768e-02,6.904651310443845474e-03,1.955622134879331231e-02,3.286979667732742305e-02,2.901137678202692430e-02,0.000000000000000000e+00,4.616512417703762250e-02,2.452470366475292471e-02,3.287641772586510219e-02,2.142336512230367390e-02,5.274455363726634344e-02,1.415396734346147621e-02,1.828500818056731994e-02,1.290857661441678628e-02,9.965163821928038623e-03,1.771424411584952840e-02,1.990824641331058464e-02,2.949407977163570616e-02,2.070961294056234553e-02,5.411233679254984219e-02,5.440424370241816326e-02,1.890546948209446965e-02,3.854431859383496833e-02,8.347339265789777141e-02,4.986621855843065276e-02,7.315686304336976864e-02,4.937670894995219856e-02,1.554752663243204672e-02,3.590537604133281491e-02,1.313974697673480317e-02,8.331268664366108315e-03,1.617338053195210151e-02,8.142303533399061072e-03,1.627926998511614043e-02,5.316805835425397232e-03,5.432966901590200945e-03,1.028171178519876605e-02,8.490450834239181288e-03,1.293849803666674049e-02,8.748595590053189971e-03,1.336646805011471387e-02,3.711827210779921737e-03,3.052959530173098186e-03,9.549308496228326934e-03,1.667829965186277269e-02,2.186316050995499444e-02,9.873889211224130477e-03,2.640902008260400877e-02,3.028047830163731885e-02,3.652000408949530180e-02,9.918241400035925776e-03,4.801740369386780366e-02,2.413726611360200378e-02,3.511071867739797014e-02,2.287430644388011025e-02,5.056262216534508636e-02,2.094418093474612400e-02,1.973791900901815388e-02,1.312748217361500019e-02,8.094497728882345949e-03,1.481573648561858129e-02,2.128165235893984819e-02,3.068312088009245153e-02,1.801129254854721973e-02,5.490566462285289412e-02,5.620933615473733269e-02,1.412559609101921715e-02,3.471045741092756987e-02,1.086836472285910848e-01,4.638906738376811362e-02,6.852389732090595487e-02,5.121712710301604826e-02,1.287177284731732575e-02,4.316319955655129742e-02
5.166410866225024101e-02,8.446782621004017555e-02,8.001321658337613718e-02,3.704069575553192023e-02,1.062374879572497155e-01,1.785698391196597623e-01,1.581102570543020669e-01,4.616512417703762250e-02,0.000000000000000000e+00,1.308458640015421337e-01,1.793056690432744682e-01,1.046777381238656324e-01,2.894334696179081678e-01,7.712962586885727112e-02,9.271515901062468701e-02,6.978706721791233525e-02,5.413450612270970935e-02,9.556832348271850075e-02,1.069505764921754865e-01,1.573938796663154338e-01,1.033659435128811838e-01,2.905085266282193546e-01,2.833411444956800418e-01,9.655312346968375481e-02,2.106131410051884090e-01,4.356407036950164513e-01,2.702607681788489202e-01,3.945122911570575486e-01,2.687861941851121261e-01,8.442720081685903266e-02,1.907316386900705929e-01,7.197373705145647393e-02,4.513452470166973152e-02,8.635695117165637091e-02,4.526647393961114735e-02,9.054095965361341758e-02,2.861700234983814012e-02,2.913615772722901939e-02,5.595291329681380266e-02,4.757947532509712585e-02,6.979617411096850077e-02,4.837278437573946238e-02,7.315070064455096721e-02,1.992639107009029978e-02,1.663761454586464711e-02,5.046387931633023599e-02,8.804017810271305700e-02,1.170216020936725027e-01,5.304660524894264095e-02,1.434973091221173891e-01,1.654196922081658250e-01,1.974302384299438662e-01,5.089394074334004786e-02,2.674771659910392119e-01,1.304525487876755097e-01,1.888546271471972238e-01,1.187952981875448899e-01,2.726641695030385115e-01,1.147935531114997604e-01,1.009257331492245530e-01,7.281395337280879843e-02,4.314632211413348822e-02,7.955482318556184040e-02,1.128647897672591383e-01,1.666172054156638549e-01,8.970357118576312294e-02,2.919317249130933822e-01,2.923658482650632884e-01,7.709256009286531708e-02,1.871014548827557855e-01,5.692666674827486784e-01,2.497693781865904239e-01,3.672898102709272194e-01,2.818903131978133247e-01,6.945421705611225238e-02,2.330410519427562055e-01
2.718218351801761010e-02,4.326958695406456917e-02,4.083646967044936293e-02,1.880371171362665503e-02,5.435373029368935349e-02,9.150538740933043813e-02,8.036491784713160891e-02,2.452470366475292471e-02,1.308458640015421337e-01,0.000000000000000000e+00,9.288655557095444604e-02,5.533932600020424059e-02,1.484522321796024613e-01,3.912571309285113597e-02,4.900167968974371291e-02,3.575785741523562766e-02,2.783400640096218154e-02,4.888375989912499553e-02,5.528630329140848954e-02,8.043932618814385316e-02,5.532644046354821127e-02,1.486040227844420414e-01,1.478657883617842672e-01,5.051686769846294028e-02,1.065890237883967001e-01,2.248654307564731392e-01,1.376178362283472512e-01,2.030240596806490438e-01,1.368657025301491248e-01,4.336846532067984566e-02,9.840238204886327111e-02,3.664160594894810136e-02,2.292066679231725621e-02,4.443639268363212130e-02,2.291563150371457927e-02,4.612673921277263972e-02,1.426131297256095880e-02,1.499405764679186820e-02,2.828321152968583246e-02,2.394003607874819334e-02,3.577999891049310488e-02,2.464372548873126206e-02,3.739173364407580302e-02,1.014951257059690595e-02,8.422307284322163440e-03,2.616876963899475786e-02,4.529848856796216128e-02,6.014578974952237977e-02,2.706916601112607443e-02,7.441982875768771155e-02,8.266737696917265954e-02,1.012969187246187119e-01,2.654402595055490102e-02,1.355752615298042307e-01,6.772787380166610249e-02,9.714785811581413966e-02,6.197550060864161908e-02,1.400232641673487266e-01,5.905077319996523966e-02,5.265590288992059304e-02,3.687104572843071665e-02,2.217832397158990901e-02,4.093974817579683345e-02,5.839774104531926524e-02,8.453862889789122426e-02,4.725290933021185358e-02,1.496122433809511376e-01,1.506912981181397493e-01,3.939173590719163148e-02,9.511873767646522593e-02,2.942975251844596185e-01,1.268750380389107035e-01,1.886984956441987715e-01,1.442641612532840067e-01,3.579432523725134541e-02,1.208572795811652251e-01
3.641560902494431207e-02,5.959982351975646325e-02,5.560540866238589119e-02,2.601309209855276125e-02,7.509530371049114028e-02,1.249191006299192469e-01,1.114734072758594430e-01,3.287641772586510219e-02,1.793056690432744682e-01,9.288655557095444604e-02,0.000000000000000000e+00,7.497794355748346740e-02,2.025910008387090122e-01,5.411323712490962584e-02,6.536214916779162221e-02,4.897709513874248105e-02,3.807894163732225556e-02,6.701382300870940834e-02,7.486715014895889420e-02,1.101918605396600137e-01,7.390749427878531841e-02,2.026295044524466793e-01,1.993211593593521846e-01,6.779217994486790022e-02,1.466152409058728012e-01,3.062936498017191367e-01,1.894303871242557225e-01,2.766179471786824884e-01,1.878577036369310505e-01,5.868790383241905689e-02,1.339030363457205941e-01,5.071305965410261019e-02,3.154663840213426523e-02,6.028234758836556462e-02,3.153867185369201021e-02,6.328184859251897998e-02,1.997953035947172204e-02,2.037939177250971262e-02,3.912655041789851740e-02,3.291294766830683838e-02,4.853675034429984908e-02,3.357648730474584176e-02,5.138150675759606961e-02,1.416029597758030299e-02,1.158803502908893092e-02,3.534289526280222360e-02,6.169801067851107823e-02,8.202721606009771849e-02,3.692735105654444683e-02,1.015203584284010141e-01,1.150284480383755581e-01,1.390766961578183691e-01,3.607658058604823470e-02,1.863953367085457447e-01,9.231703101564239788e-02,1.336023417039050032e-01,8.433603807039900813e-02,1.912432046589936929e-01,8.035037038904749296e-02,7.100392761065091318e-02,5.075884114558337767e-02,3.053218785356384343e-02,5.603101834563402328e-02,7.940995822949555027e-02,1.166308369635481873e-01,6.390564081402166918e-02,2.049190361345994693e-01,2.051341615019602882e-01,5.370636648674732838e-02,1.313842542139420089e-01,4.001251197196740161e-01,1.756937957796008976e-01,2.579117075705827933e-01,1.971865321043395902e-01,4.900013939778129213e-02,1.630308109893303103e-01
2.304454395670892455e-02,3.536601962085839101e-02,3.324885053115929356e-02,1.532619093074735761e-02,4.337330284392126173e-02,7.476611070806961357e-02,6.423975762423263236e-02,2.142336512230367390e-02,1.046777381238656324e-01,5.533932600020424059e-02,7.497794355748346740e-02,0.000000000000000000e+00,1.190561515996040876e-01,3.149181991617182319e-02,4.186587655118699514e-02,2.921776771624133226e-02,2.268592055454680609e-02,3.972216613772381472e-02,4.567950571689956274e-02,6.597153386766327343e-02,4.849530771661292317e-02,1.211612797809005632e-01,1.255656897377240289e-01,4.243794217106546668e-02,8.606251744813050997e-02,1.872839859493185821e-01,1.122454158963903104e-01,1.644403747668710392e-01,1.116233601524768276e-01,3.515328930119269307e-02,8.064278012060525913e-02,2.969310662218371810e-02,1.845927210680827976e-02,3.609635705408522494e-02,1.830526157416396960e-02,3.637315460287701696e-02,1.143806792973689479e-02,1.225661966843316457e-02,2.299093232646891305e-02,1.915584774833774956e-02,2.907172253881180196e-02,1.965232291749956228e-02,2.973766255523068933e-02,8.084547630211094335e-03,6.753454307079425137e-03,2.174314698140122556e-02,3.716755802994248931e-02,4.937621418180861144e-02,2.191159998711151441e-02,6.002790543996066458e-02,6.729699974046304822e-02,8.206645266538159511e-02,2.248612535381935146e-02,1.089453919628238787e-01,5.493798956104730541e-02,7.879153421537325730e-02,5.185744290769685877e-02,1.139288420092480353e-01,4.729562046629574162e-02,4.436420000234648359e-02,2.921396768935565630e-02,1.806338647038676151e-02,3.322875355049847990e-02,4.789929402247044415e-02,6.831629187153558103e-02,4.098569086789388000e-02,1.225653986291991987e-01,1.267986706497689631e-01,3.182385586944079525e-02,7.738496606610925643e-02,2.451844311244043284e-01,1.036159154471100741e-01,1.544306631661885310e-01,1.162068888534929928e-01,2.931312588430555130e-02,9.799722260335441693e-02
5.890989408628001522e-02,9.534469234391559911e-02,9.020845788452766523e-02,4.167040145847755728e-02,1.191435152212646509e-01,2.007371079370399158e-01,1.766623094398300509e-01,5.274455363726634344e-02,2.894334696179081678e-01,1.484522321796024613e-01,2.025910008387090122e-01,1.190561515996040876e-01,0.000000000000000000e+00,8.656697779813664340e-02,1.053056090233155245e-01,7.822591845611734374e-02,6.115034252483948080e-02,1.075218155507609852e-01,1.205424638381368124e-01,1.762020463291371075e-01,1.181003776547830814e-01,3.264233235096795638e-01,3.190538574614771861e-01,1.094709133977374710e-01,2.355794346886033452e-01,4.896961746637707447e-01,3.020351572153872066e-01,4.452326587696409099e-01,3.015702266263726727e-01,9.481961472707875482e-02,2.154216011032227540e-01,8.168769846450650574e-02,5.087559925022233642e-02,9.819124068507466274e-02,5.093445673105296417e-02,1.019805149265413380e-01,3.177350377548306126e-02,3.312230492068518606e-02,6.319644233900371944e-02,5.353755261955912836e-02,7.956642770145358479e-02,5.530193955227780123e-02,8.211855930987689567e-02,2.261689843167384931e-02,1.874991008921826630e-02,5.677096117812165804e-02,9.916363888524143411e-02,1.322212725583366277e-01,6.008132838982861018e-02,1.630437474406060683e-01,1.825312969803015439e-01,2.234660900212113444e-01,5.776184312673204174e-02,3.005057867273175365e-01,1.481164266762138026e-01,2.137799112140267022e-01,1.348157027697044763e-01,3.078368859714926131e-01,1.291852856326309862e-01,1.146312241798508741e-01,8.134099506005412761e-02,4.871201228677348588e-02,8.974344722104611594e-02,1.274954086139258314e-01,1.861054359735912489e-01,1.009096488202406577e-01,3.278858540619959960e-01,3.284583727161211053e-01,8.726277837977079732e-02,2.098092506747870623e-01,6.417622718205200361e-01,2.770126247733178393e-01,4.130302556321704399e-01,3.154309103188800423e-01,7.790662752677621206e-02,2.661375735489797112e-01
1.554608767642273910e-02,2.491141143887999621e-02,2.407019057756913313e-02,1.091059058544187506e-02,3.115111981807553582e-02,5.328512123825756425e-02,4.611051043318134535e-02,1.415396734346147621e-02,7.712962586885727112e-02,3.912571309285113597e-02,5.411323712490962584e-02,3.149181991617182319e-02,8.656697779813664340e-02,0.000000000000000000e+00,2.796100267638620962e-02,2.043026987136360717e-02,1.623072276391421612e-02,2.829399453419843141e-02,3.233336681419313186e-02,4.614449709995831900e-02,3.126169253238011980e-02,8.579456713236360832e-02,8.486122090459728706e-02,2.904402871553432922e-02,6.165785344556197478e-02,1.275141877385244094e-01,7.963790103699380785e-02,1.174887031025502460e-01,7.911241036222153855e-02,2.524713081127994904e-02,5.630439805093288841e-02,2.178129970644656493e-02,1.344650366817541111e-02,2.595545432118896365e-02,1.333515353927710451e-02,2.680389240098924111e-02,8.308768526100056978e-03,8.795237484784645607e-03,1.647522440387117967e-02,1.398541329425575380e-02,2.084170822908629206e-02,1.445633751604739892e-02,2.205848111959007873e-02,6.003039300521628360e-03,4.928233160749252197e-03,1.488437512981138564e-02,2.629324101282437542e-02,3.506467366800533614e-02,1.598615831280755795e-02,4.295158473753037109e-02,4.811509986856270238e-02,5.857124093731665149e-02,1.538388238232550262e-02,7.948609533378542258e-02,3.896815619092518224e-02,5.674465148618847848e-02,3.506395283306295435e-02,8.117358892283521588e-02,3.456007687808743817e-02,3.020985247144127028e-02,2.146096182680606174e-02,1.273548916417272837e-02,2.347762578573161021e-02,3.408180799462367377e-02,4.890233207552045075e-02,2.630006263857588913e-02,8.658253821539918516e-02,8.605796773895452167e-02,2.289891820988257387e-02,5.497694567171357294e-02,1.683999976332144488e-01,7.260305662686480921e-02,1.085914758686584020e-01,8.359808369634333380e-02,2.062140635405095013e-02,6.999596001341125417e-02
2.020764527476449912e-02,3.197098604760156837e-02,2.979464426188722925e-02,1.347168383404574732e-02,3.925527999208415497e-02,6.613610778872236473e-02,5.788630895614612498e-02,1.828500818056731994e-02,9.271515901062468701e-02,4.900167968974371291e-02,6.536214916779162221e-02,4.186587655118699514e-02,1.053056090233155245e-01,2.796100267638620962e-02,0.000000000000000000e+00,2.597067320844118760e-02,1.987102510173439571e-02,3.528551756391017091e-02,3.965969777327492396e-02,5.945299198661813805e-02,4.114788752229044111e-02,1.089786982635357754e-01,1.097484956575791454e-01,3.805649996719148026e-02,7.739536219629558622e-02,1.669997885223975520e-01,1.010275312913411216e-01,1.466451638079188657e-01,9.975476665473914650e-02,3.119710661957296460e-02,7.202290478252679207e-02,2.620568318767319688e-02,1.673114793937239414e-02,3.248055514682209044e-02,1.641930656019914211e-02,3.237495528559922175e-02,1.048763347609348723e-02,1.084469337670912643e-02,2.045180029558010121e-02,1.700677684677703860e-02,2.606981057231037499e-02,1.745775026458568080e-02,2.652519002755364744e-02,7.066946767045499331e-03,6.127450758401071541e-03,1.946629186955222551e-02,3.338219077047642480e-02,4.418295948160752551e-02,1.902886594644506713e-02,5.220251807142990003e-02,6.122607290493627813e-02,7.182948036618645726e-02,1.981210117872693466e-02,9.629801366026070897e-02,4.806059925154274048e-02,7.019649067361591332e-02,4.550982182593545089e-02,1.009766402013937830e-01,4.156413451698671990e-02,3.977335164739449064e-02,2.636775887965130127e-02,1.613851397460429327e-02,2.960469385185739155e-02,4.254046841226913345e-02,6.211175673631908617e-02,3.620246932052478828e-02,1.103241435157173156e-01,1.132983431019198850e-01,2.858954278228104454e-02,6.957028060660114255e-02,2.177555428753022437e-01,9.454066639429724306e-02,1.367182726923444336e-01,1.031033436522297980e-01,2.583585264282847738e-02,8.656522622371584652e-02
1.412246638304355366e-02,2.299090825977059480e-02,2.163558371479192000e-02,9.722338260839048785e-03,2.835836528288591604e-02,4.931230802276219405e-02,4.229871229284918460e-02,1.290857661441678628e-02,6.978706721791233525e-02,3.575785741523562766e-02,4.897709513874248105e-02,2.921776771624133226e-02,7.822591845611734374e-02,2.043026987136360717e-02,2.597067320844118760e-02,0.000000000000000000e+00,1.479573954822267778e-02,2.572646086781980868e-02,2.906495837168386609e-02,4.312944118220973094e-02,2.880140147047346305e-02,7.895932425680605993e-02,7.834762863427366386e-02,2.660542795757508266e-02,5.665305783382454385e-02,1.186197332677467881e-01,7.389251444055547347e-02,1.071413484496874652e-01,7.339794160456560024e-02,2.298933846267606218e-02,5.194469234491458365e-02,1.944095532552340966e-02,1.197172043391329412e-02,2.312335445172959345e-02,1.196718593347343915e-02,2.385924634405892780e-02,7.543725151315646034e-03,7.900931638592951015e-03,1.494644193734794013e-02,1.250550357302030423e-02,1.864350094589762447e-02,1.283350009171586696e-02,1.975963026874366646e-02,5.316167606525201705e-03,4.447016543465621280e-03,1.366322595722205095e-02,2.414335998140991479e-02,3.173814352039479314e-02,1.403597514370598376e-02,3.879055620742209720e-02,4.476757839057498439e-02,5.314436663043890091e-02,1.397585739442539811e-02,7.243782085669196735e-02,3.544449237950302034e-02,5.149599532345264935e-02,3.216533316443395685e-02,7.368758407532974286e-02,3.082064631292017257e-02,2.809023022479257767e-02,1.948321338132406877e-02,1.172071486775990920e-02,2.155536613069728227e-02,3.080347007201383533e-02,4.536988183548071318e-02,2.475422047238352158e-02,8.045314732294692184e-02,8.031518408633252226e-02,2.085480506220638297e-02,5.059689480810885404e-02,1.553549396001018823e-01,6.834881271259865554e-02,9.953317148444848494e-02,7.681778344613074405e-02,1.921860621364689103e-02,6.347867774392307316e-02
1.099721832461294027e-02,1.791148028682644500e-02,1.680550441557676286e-02,7.816847688152293860e-03,2.235154351034102094e-02,3.756491524566757390e-02,3.320543965668261432e-02,9.965163821928038623e-03,5.413450612270970935e-02,2.783400640096218154e-02,3.807894163732225556e-02,2.268592055454680609e-02,6.115034252483948080e-02,1.623072276391421612e-02,1.987102510173439571e-02,1.479573954822267778e-02,0.000000000000000000e+00,2.004244881650488197e-02,2.266015650402650877e-02,3.282690877164576998e-02,2.230202265865209588e-02,6.096575425390693415e-02,6.020817800566088257e-02,2.058074847093321197e-02,4.419096024701093389e-02,9.181196158053685219e-02,5.681566787044665251e-02,8.359256304110807001e-02,5.644735033157765453e-02,1.792551078560015998e-02,4.037245031341354928e-02,1.520129100759343502e-02,9.349241574814934688e-03,1.822136378945592161e-02,9.385656471067828008e-03,1.906924675157655943e-02,6.016131425332604289e-03,6.150730511941562145e-03,1.153600845854458462e-02,9.760736711799611331e-03,1.457794754158717870e-02,9.999527252483722539e-03,1.546475110770145246e-02,4.207122072192565065e-03,3.440132470582963915e-03,1.072026840688419108e-02,1.867036348205836083e-02,2.473905240961758387e-02,1.125405477759525846e-02,3.066138610409183465e-02,3.432649387081664755e-02,4.187923895938033131e-02,1.088596540977932944e-02,5.627795204205141705e-02,2.778282447786590420e-02,4.015429181370583356e-02,2.534562872767393699e-02,5.754794685472873483e-02,2.429153773573125563e-02,2.167345951519072944e-02,1.534011284659413804e-02,9.176103890321921780e-03,1.676615259500919414e-02,2.395182581781553008e-02,3.504353358860444467e-02,1.921417678590527436e-02,6.173083986666538098e-02,6.173106472934767469e-02,1.624054441251383818e-02,3.933576206941565012e-02,1.206877667508262503e-01,5.250673637049379366e-02,7.754167828163041620e-02,5.958138510047125691e-02,1.483134285955358539e-02,4.960648675282958858e-02
1.932532431837065065e-02,3.156414038350559975e-02,2.978063618301839133e-02,1.354336351021047033e-02,3.888808799633528684e-02,6.708473992659649832e-02,5.799158161876054318e-02,1.771424411584952840e-02,9.556832348271850075e-02,4.888375989912499553e-02,6.701382300870940834e-02,3.972216613772381472e-02,1.075218155507609852e-01,2.829399453419843141e-02,3.528551756391017091e-02,2.572646086781980868e-02,2.004244881650488197e-02,0.000000000000000000e+00,3.986487158265377556e-02,5.838280162122900380e-02,3.926847300312282657e-02,1.083431467413633470e-01,1.066070377196003255e-01,3.614820794351984029e-02,7.770930896149436107e-02,1.619305849597038049e-01,1.004032976583759118e-01,1.469281634773604850e-01,1.002436431945269990e-01,3.148690642712767551e-02,7.112270593558668585e-02,2.687120848006499529e-02,1.648973785638953304e-02,3.188463390597767733e-02,1.648154406318860093e-02,3.307552349569718719e-02,1.038334197765486758e-02,1.087071324704586006e-02,2.054236639804147072e-02,1.723474434018601106e-02,2.561303626950763371e-02,1.760814104633430174e-02,2.722200073643833013e-02,7.331763606054366236e-03,6.107788184332616291e-03,1.850765176951959037e-02,3.309514925689376053e-02,4.370109260343756769e-02,1.967972264414967476e-02,5.366063436307204337e-02,6.067290841543336588e-02,7.320206580036621447e-02,1.930131429132795479e-02,9.922309605481921535e-02,4.833416717105421673e-02,7.086402171193927069e-02,4.375690264945592683e-02,1.007049323475004282e-01,4.260526782770751586e-02,3.833330820347596868e-02,2.678863067968691863e-02,1.604460165737959035e-02,2.938483466233039743e-02,4.228078325504937979e-02,6.188549939895052893e-02,3.353603711939547732e-02,1.098931939363438914e-01,1.094536524350734202e-01,2.845544505264402391e-02,6.937208315936310710e-02,2.127256613957614895e-01,9.253862162856615892e-02,1.356590883231033051e-01,1.048997864244394368e-01,2.611047086652943522e-02,8.723004856720599498e-02
2.215722416795596825e-02,3.547492686757893615e-02,3.370071889391194203e-02,1.551737394747490506e-02,4.501322642745110569e-02,7.491535349288017120e-02,6.667594227095152704e-02,1.990824641331058464e-02,1.069505764921754865e-01,5.528630329140848954e-02,7.486715014895889420e-02,4.567950571689956274e-02,1.205424638381368124e-01,3.233336681419313186e-02,3.965969777327492396e-02,2.906495837168386609e-02,2.266015650402650877e-02,3.986487158265377556e-02,0.000000000000000000e+00,6.648746820546558300e-02,4.468115313691245483e-02,1.222939421723996944e-01,1.216901773952106663e-01,4.148363597646226308e-02,8.781226632534450127e-02,1.853374781818131201e-01,1.139187969140173923e-01,1.657884529716870670e-01,1.124796292325810215e-01,3.532861547374728517e-02,8.041212592246541058e-02,3.014143815871736867e-02,1.904824591774650216e-02,3.603705515380443980e-02,1.887154272367319585e-02,3.765038736049421825e-02,1.198607276503164606e-02,1.235397361621676585e-02,2.333719919346565960e-02,1.977144169282768135e-02,2.923970532631427893e-02,1.995812432873740605e-02,3.046838193290162325e-02,8.263353485034517082e-03,7.032282841700740299e-03,2.137752945284888267e-02,3.735207101086766845e-02,4.958596182588812656e-02,2.218588857852715063e-02,6.005110475809371379e-02,6.964451108054434125e-02,8.306769670914386505e-02,2.149898399527913964e-02,1.109703460191211744e-01,5.464348154632250876e-02,7.995517593545597990e-02,5.059843878810658252e-02,1.150992341683289566e-01,4.799988397223674264e-02,4.268497680709913700e-02,3.042092355284031074e-02,1.803113867576706247e-02,3.364508143001217200e-02,4.779289402038840173e-02,7.015486815077180693e-02,3.876736347422942569e-02,1.237742748019097644e-01,1.244461596977890216e-01,3.237986091362099472e-02,7.893631930338636249e-02,2.411986996515164683e-01,1.057843334398162610e-01,1.552104602207016182e-01,1.179111788981967307e-01,2.958514684244620968e-02,9.745905806407263727e-02
3.265243047996756187e-02,5.258427775543980665e-02,4.990958737654954680e-02,2.257989550909146603e-02,6.411565508398456292e-02,1.118187582669333963e-01,9.596683339333700324e-02,2.949407977163570616e-02,1.573938796663154338e-01,8.043932618814385316e-02,1.101918605396600137e-01,6.597153386766327343e-02,1.762020463291371075e-01,4.614449709995831900e-02,5.945299198661813805e-02,4.312944118220973094e-02,3.282690877164576998e-02,5.838280162122900380e-02,6.648746820546558300e-02,0.000000000000000000e+00,6.523404681102770719e-02,1.809572230698981987e-01,1.790583440547687533e-01,6.054061490529377698e-02,1.294949537607710532e-01,2.735465021462596957e-01,1.683509475773331543e-01,2.421312079916529691e-01,1.656889009534652513e-01,5.159911159146959858e-02,1.184210147387978612e-01,4.434513360598846959e-02,2.736519146183268719e-02,5.338836987834277154e-02,2.734327138353263506e-02,5.368883383845757251e-02,1.720119218277224929e-02,1.797769640341033426e-02,3.412288066889311577e-02,2.867150769514472883e-02,4.280290525724531753e-02,2.911685180828529548e-02,4.384515317167348575e-02,1.175664545513902676e-02,1.025909788587991284e-02,3.112052621348539855e-02,5.563565847477009579e-02,7.284139245394688489e-02,3.197649672296289103e-02,8.750701544589536973e-02,1.011962827095560513e-01,1.200127466542137006e-01,3.186739295172405506e-02,1.647537916900054522e-01,7.915053999254588468e-02,1.171854600539503910e-01,7.272570636441876013e-02,1.673495348172284736e-01,6.932364299585970502e-02,6.358006702759820550e-02,4.379727405653831285e-02,2.655018319831207313e-02,4.911707708776637260e-02,7.023601178858993044e-02,1.032308079324052164e-01,5.569605003217045769e-02,1.830618658686149758e-01,1.832344180034238823e-01,4.755639194932811259e-02,1.155306450964803389e-01,3.556431192939031871e-01,1.564241202847896084e-01,2.263849739521578419e-01,1.739474206711976723e-01,4.330234708776414809e-02,1.447101142306067012e-01
2.259103898852246953e-02,3.514971419643736494e-02,3.283312159142721953e-02,1.521201932856903853e-02,4.331479330821368101e-02,7.308973059540574413e-02,6.395198539374603863e-02,2.070961294056234553e-02,1.033659435128811838e-01,5.532644046354821127e-02,7.390749427878531841e-02,4.849530771661292317e-02,1.181003776547830814e-01,3.126169253238011980e-02,4.114788752229044111e-02,2.880140147047346305e-02,2.230202265865209588e-02,3.926847300312282657e-02,4.468115313691245483e-02,6.523404681102770719e-02,0.000000000000000000e+00,1.200693147450140885e-01,1.226674259687140778e-01,4.236792574702357567e-02,8.551631673892218233e-02,1.850406923048461827e-01,1.115873842996814580e-01,1.625206876248967425e-01,1.098786321404106592e-01,3.465630571456691789e-02,7.941795256011069393e-02,2.925657152563137381e-02,1.843313053521732428e-02,3.566731574850830200e-02,1.820426137890181206e-02,3.633051657035636650e-02,1.142919503591140716e-02,1.218039756313034003e-02,2.255517847277844351e-02,1.866602005342755943e-02,2.857747560001582671e-02,1.950114139950015132e-02,2.948488655472099665e-02,8.086206275548617206e-03,6.744050250773637664e-03,2.153899625067207113e-02,3.688078778136361091e-02,4.894298324665016797e-02,2.154361981471764748e-02,5.914510113121086016e-02,6.695196791496382804e-02,8.075276235210343545e-02,2.217837978774509639e-02,1.073704868615397295e-01,5.441780766485051352e-02,7.789162737421703731e-02,5.186977182529585451e-02,1.123871562337896562e-01,4.660590905450417293e-02,4.441785814998784609e-02,2.924686729580719402e-02,1.792612429365307222e-02,3.279874065583002901e-02,4.718566126781850723e-02,6.827891563246027418e-02,4.025329980782183653e-02,1.215351280710541965e-01,1.250613501784104964e-01,3.157317351301049124e-02,7.644764697719472202e-02,2.425251434927848393e-01,1.026160429059684576e-01,1.521474356373016534e-01,1.143908473129666425e-01,2.876158416816214369e-02,9.680880802733270174e-02
