0.000000000000000000e+00,2.165647495434976436e-02,1.637323060479523723e-02,9.596473955455885746e-03,3.123421831110332475e-02,3.460877818992404154e-02,4.095318144600193500e-02,1.206823874787714065e-02,4.461904231719256847e-02,2.413949670701262193e-02,3.356897003758742282e-02,2.044563254248643255e-02,5.731707829672164772e-02,1.878362402936537348e-02,1.806425315562476541e-02,1.369981021869308771e-02,1.058679660547398940e-02,1.989928156432302364e-02,2.572083000676867945e-02,3.407014889332136975e-02,1.769013814882207380e-02,5.855183558152488033e-02,5.863734133368284779e-02,2.081627990605387779e-02,4.867989881456090406e-02,9.407019322687057428e-02,5.514212716786159874e-02,7.585221406817813095e-02,5.055376013551442227e-02,1.357510232081504849e-02,3.795541377706479480e-02,1.080547219733007588e-02,9.285708011587286842e-03,1.884157092215276233e-02,8.595838337289926634e-03,2.007597424672353040e-02,7.913806306599480839e-03,3.561628902272013456e-03,8.565460417006528701e-03,7.070864997766015264e-03,1.302347377540783412e-02,7.882326951009169247e-03,1.292584918003587650e-02,5.010599135466137569e-03,2.796852503974968374e-03,9.766365081609077944e-03,1.804712390573700101e-02,2.318015435879332634e-02,1.074554968602102825e-02,2.568724332254599882e-02,3.225665833121978132e-02,3.683175381997134956e-02,1.222209415110071459e-02,4.496040831436105140e-02,2.560234794870169459e-02,4.052408419054102234e-02,2.603885802454935020e-02,5.078778802501647538e-02,1.775562865086659919e-02,1.744552241008473503e-02,1.420527547709029940e-02,9.188231786589165159e-03,2.143227598207964046e-02,1.862744116494689101e-02,3.354753326734394303e-02,2.119954621703495218e-02,5.316748827012462986e-02,6.459965796995212339e-02,1.436921672651870346e-02,4.731298185268434375e-02,1.122269506795395139e-01,5.283639380402285063e-02,6.379750724802900341e-02,4.258097464494942086e-02,1.222945261640566959e-02,3.666317063255170039e-02
2.165647495434976436e-02,0.000000000000000000e+00,3.401596556680519523e-02,2.025145617152157573e-02,6.527893037744963989e-02,7.133913624625026761e-02,8.579077264912091105e-02,2.444339345230219993e-02,9.391964385727595566e-02,5.112633434248485542e-02,6.963886732601859419e-02,4.139075075304925189e-02,1.198965196055937349e-01,3.935488044134460156e-02,3.643008396681952921e-02,2.918624760256979464e-02,2.180584209283746577e-02,4.074181832507467460e-02,5.335961590789840836e-02,7.135269262845318761e-02,3.619709555350109770e-02,1.214805077884464207e-01,1.189364874053653598e-01,4.102665388236582250e-02,1.017340523916953482e-01,1.920659856679435840e-01,1.143712416049941366e-01,1.593086678572764869e-01,1.053764149769762792e-01,2.904238661230190699e-02,7.846511199365568956e-02,2.228249069564284743e-02,1.941269847811163962e-02,3.954300001042350410e-02,1.752414003111704005e-02,4.245964368544875855e-02,1.648369882741219927e-02,7.429620368441481812e-03,1.756519292092347667e-02,1.438122471693514468e-02,2.680143510229264503e-02,1.656305086343694277e-02,2.921292292099818277e-02,1.098200311009311925e-02,5.535878281050060114e-03,2.015461177243992041e-02,3.724276017487494761e-02,4.811498543721847571e-02,2.279915824963792831e-02,5.387712401705409965e-02,6.674806295800186917e-02,7.762505976575688471e-02,2.500150176480424313e-02,9.439205474534743956e-02,5.398225469405077553e-02,8.433311839309129421e-02,5.248257617489816146e-02,1.050207593992387306e-01,3.883056336570631789e-02,3.512305173671297076e-02,2.950313615303616285e-02,1.921960885197131555e-02,4.463519792809542142e-02,3.963359389858728266e-02,7.083079777132283983e-02,4.356622792348767426e-02,1.108946446453227680e-01,1.325274710055810989e-01,2.888595448054779094e-02,9.925133578276607027e-02,2.279113069439649975e-01,1.104729551226627526e-01,1.327951874892763506e-01,8.901715384741271109e-02,2.559191176400442067e-02,7.640471453850428141e-02
1.637323060479523723e-02,3.401596556680519523e-02,0.000000000000000000e+00,1.476515764940446347e-02,4.794262882430620071e-02,5.324835635261891686e-02,6.277533521685574325e-02,1.818557370049165081e-02,7.002672805840598480e-02,3.679132522460745736e-02,5.120096437987874810e-02,3.059294703359432752e-02,8.778285948932915139e-02,2.903680759044904511e-02,2.717730687378088275e-02,2.148539854784483477e-02,1.586268530831325130e-02,3.018356311786507540e-02,3.990621891876384997e-02,5.290595105178361873e-02,2.700332916679079598e-02,9.069674841610177174e-02,8.989899912329496479e-02,3.033525075961258227e-02,7.510195488310658640e-02,1.432680536314053787e-01,8.468850747418879554e-02,1.173497511236007290e-01,7.888426969963982516e-02,2.165185690854244671e-02,5.788549720977277657e-02,1.620922248913383296e-02,1.442007228292668461e-02,2.914057209060487777e-02,1.289932008229095241e-02,3.094637502582088529e-02,1.212468231641038001e-02,5.413951188796690267e-03,1.280957383433361380e-02,1.059397167127735205e-02,1.980606516180342599e-02,1.201395267824027606e-02,2.121974623089876305e-02,7.982754467322984021e-03,4.036830272503080796e-03,1.511406596275204420e-02,2.786635286543667420e-02,3.610152479739326542e-02,1.659728766606223191e-02,3.956117776025432076e-02,5.036546394637828050e-02,5.675691015613325285e-02,1.869483349537634509e-02,7.009683076155276416e-02,3.885681447514469089e-02,6.271040123497353957e-02,3.946474056040522038e-02,7.679440990477678919e-02,2.870871022026164412e-02,2.630142490130067678e-02,2.178854005040205960e-02,1.406669086753421088e-02,3.287308589137273585e-02,2.994093453758557566e-02,5.337933867979165192e-02,3.238246805326570193e-02,8.282461328945646406e-02,9.975434499173567449e-02,2.157649487843295993e-02,7.326665206509208605e-02,1.702865946346989734e-01,8.228207417273826485e-02,9.788533208855003387e-02,6.679232230258104475e-02,1.935193461841413012e-02,5.712211872053061384e-02
9.596473955455885746e-03,2.025145617152157573e-02,1.476515764940446347e-02,0.000000000000000000e+00,2.899202034075583356e-02,3.122000779718466651e-02,3.829543881927175569e-02,1.073692240007579138e-02,4.184319897643535430e-02,2.221288828300514023e-02,3.029306394941099975e-02,1.811811557267563322e-02,5.319246229878346610e-02,1.709580331361618827e-02,1.559736567152837129e-02,1.243976760008403543e-02,9.574722729244023595e-03,1.759682344175895335e-02,2.318271853078036904e-02,3.023622485409293431e-02,1.558060718559024782e-02,5.169885792025234045e-02,5.152542685020622404e-02,1.803625908664735836e-02,4.408008105749715300e-02,8.332209745906354881e-02,4.933104472481056324e-02,6.916716213981746741e-02,4.555115523734867833e-02,1.233267230396875580e-02,3.385380049178428330e-02,9.826909264845624589e-03,8.487027111538454974e-03,1.737436754642549680e-02,7.801493999784200363e-03,1.831443913136338725e-02,7.370072027428864817e-03,3.134719090767764619e-03,7.851201276724171715e-03,6.127826319234048330e-03,1.196677573071757567e-02,7.243636302951975484e-03,1.241814101509685145e-02,4.951048623335244092e-03,2.390482270256202163e-03,8.900744335891875442e-03,1.620014387000174444e-02,2.113476672012058050e-02,1.014656919690359524e-02,2.365248385326133851e-02,2.896403446982558777e-02,3.413930296798446673e-02,1.118354571946632292e-02,4.094807883995864317e-02,2.353905126230883618e-02,3.714291323144081058e-02,2.322756493262432415e-02,4.600112010130761458e-02,1.668368126902606760e-02,1.512863717881639605e-02,1.260763021506243128e-02,8.572324951930748727e-03,1.938818474644887421e-02,1.756798826476269060e-02,2.958731222702246089e-02,1.915952553365750377e-02,4.686317815482574783e-02,5.754577733253633809e-02,1.276552263330286985e-02,4.304974939278968793e-02,9.938491570354811289e-02,4.709036402164273188e-02,5.748107449811851871e-02,3.767728418519585704e-02,1.092023587405344109e-02,3.345736361946310966e-02
3.123421831110332475e-02,6.527893037744963989e-02,4.794262882430620071e-02,2.899202034075583356e-02,0.000000000000000000e+00,1.018624534642441765e-01,1.253353183528861103e-01,3.491112774312697675e-02,1.354195668422165100e-01,7.399037189269037917e-02,9.966656129378782814e-02,5.977771781358624109e-02,1.740881064126436617e-01,5.569998338513924840e-02,5.178922186702133307e-02,4.103346273047692172e-02,3.130834105496507758e-02,5.785943900300137555e-02,7.587231473176311858e-02,1.001751719725073597e-01,5.144420682144052598e-02,1.716820567969380984e-01,1.691155087926572709e-01,5.904387231656038626e-02,1.443847626972566411e-01,2.746531369248744747e-01,1.604126385541463640e-01,2.278724541419219485e-01,1.505026252123011776e-01,4.033349098421232931e-02,1.121732940743111612e-01,3.323279976683663622e-02,2.775464125533810139e-02,5.627175657066560421e-02,2.569755576320650187e-02,5.969048311300100690e-02,2.401639782920452978e-02,1.082748941453486220e-02,2.657213239964327511e-02,2.083939701206317940e-02,3.904547756767626221e-02,2.367448201750696479e-02,4.001248762260792291e-02,1.556977574159630964e-02,8.240169930095023881e-03,2.901071668921447258e-02,5.246132184118262876e-02,6.843766274356452572e-02,3.254702155703691896e-02,7.833663954914016347e-02,9.423195762350033977e-02,1.121199665668394102e-01,3.629404558379475954e-02,1.353312800411101136e-01,7.860276220919083789e-02,1.228591513130976032e-01,7.650121653555816414e-02,1.522940123625206588e-01,5.423363494573427146e-02,4.940533745916732278e-02,4.220335669924603350e-02,2.796651407453191324e-02,6.353431523434421857e-02,5.708790962176069073e-02,9.705891846940677137e-02,6.290926678369482272e-02,1.564374530199108548e-01,1.888306859324776488e-01,4.228465671099522483e-02,1.415321333765199863e-01,3.288445607263758008e-01,1.547953981996342265e-01,1.913003505312093344e-01,1.265267989383503378e-01,3.657944390869467821e-02,1.092085055471946897e-01
3.460877818992404154e-02,7.133913624625026761e-02,5.324835635261891686e-02,3.122000779718466651e-02,1.018624534642441765e-01,0.000000000000000000e+00,1.350122076072838850e-01,3.828955398004191268e-02,1.493351059223336774e-01,7.767313826605887206e-02,1.090862448134592155e-01,6.449382415153953607e-02,1.887252233616506514e-01,6.164909398847593508e-02,5.752174455159408950e-02,4.513242240066774047e-02,3.414177357992614209e-02,6.506326873241537190e-02,8.326571507604732525e-02,1.113245288086044393e-01,5.595625343895810344e-02,1.934895798095529196e-01,1.888149560829393003e-01,6.547958963448338721e-02,1.603493189877185643e-01,3.080709839196603128e-01,1.790774790061420707e-01,2.501087460739022106e-01,1.689257671720068577e-01,4.673198351960677899e-02,1.254074626860878228e-01,3.642482444558581278e-02,3.109397667070240914e-02,6.089578358743953646e-02,2.753730170991472437e-02,6.607715622357759888e-02,2.654591231929473091e-02,1.222196771828581822e-02,2.894102463505522291e-02,2.369023383283883413e-02,4.176681741520485436e-02,2.518369454006397223e-02,4.432514861645729665e-02,1.702773230114500505e-02,9.173245638940709379e-03,3.218102142632625617e-02,5.859127951498499520e-02,7.474934779206277025e-02,3.498083128034134431e-02,8.485865565422918977e-02,1.079829437724979940e-01,1.222854974250945914e-01,3.954109279667883392e-02,1.514761635484829783e-01,8.286390048900187100e-02,1.327633368172670136e-01,8.166092011022745012e-02,1.667226546086424677e-01,6.013104163630519222e-02,5.546576313763110222e-02,4.726052007937744243e-02,3.012653719446000897e-02,7.046842976945975889e-02,6.242314173275499700e-02,1.110032612405582458e-01,6.849618638308324625e-02,1.767276343760600110e-01,2.113259113333584849e-01,4.662889425897969592e-02,1.565394033189484446e-01,3.661405569641701940e-01,1.738276034398751613e-01,2.117882515353653183e-01,1.422288947885666510e-01,4.090144339175524890e-02,1.203655155984064001e-01
4.095318144600193500e-02,8.579077264912091105e-02,6.277533521685574325e-02,3.829543881927175569e-02,1.253353183528861103e-01,1.350122076072838850e-01,0.000000000000000000e+00,4.629891414525574844e-02,1.800206539909593728e-01,9.750594075190804899e-02,1.324865767802813066e-01,7.858214245539224541e-02,2.304585995070340398e-01,7.401057410465902708e-02,6.834268331288317899e-02,5.443425127728117319e-02,4.154670975757596141e-02,7.666270717334601470e-02,1.001697627940213442e-01,1.310608785630580364e-01,6.709113844592649867e-02,2.261911774710523571e-01,2.229507886008721962e-01,7.829916484278784394e-02,1.910525955746518179e-01,3.632438817946602727e-01,2.102457031925334396e-01,3.003518351269545694e-01,1.983998676752040391e-01,5.389999138332968176e-02,1.485553930819928925e-01,4.367664905277804377e-02,3.606374417470814553e-02,7.369390711738572908e-02,3.380305053634286017e-02,7.927037145106963223e-02,3.209166461589750552e-02,1.431084941762496808e-02,3.516856703766669395e-02,2.709393375556498618e-02,5.081212158171569820e-02,3.102869697771041754e-02,5.211440229776648225e-02,2.067060851876963146e-02,1.087611617521616961e-02,3.783384472030636159e-02,6.883424782057086244e-02,8.966714073922353589e-02,4.299018166163807303e-02,1.034535308019728372e-01,1.245466159913047599e-01,1.489062344281462669e-01,4.809404059771588136e-02,1.802184655496482379e-01,1.040804112128142223e-01,1.615254476246769655e-01,9.980026219844299884e-02,2.022278240422200613e-01,7.073832847779162880e-02,6.491480182984062097e-02,5.517982242723859510e-02,3.713597866059784730e-02,8.392038519243091854e-02,7.434001525335189042e-02,1.265143797319871477e-01,8.258039364810093597e-02,2.048383828693797482e-01,2.492002759864183070e-01,5.549685142087661116e-02,1.866629792555527245e-01,4.334485296559960066e-01,2.029244196924485932e-01,2.516070575181732494e-01,1.659520866927330363e-01,4.748448323024120898e-02,1.423786289183516240e-01
1.206823874787714065e-02,2.444339345230219993e-02,1.818557370049165081e-02,1.073692240007579138e-02,3.491112774312697675e-02,3.828955398004191268e-02,4.629891414525574844e-02,0.000000000000000000e+00,5.004648780117743750e-02,2.781268420604450509e-02,3.711116967479367867e-02,2.313993053912354741e-02,6.425251891429002715e-02,2.072235915304154047e-02,1.928340577787260313e-02,1.556342358957023449e-02,1.156405220705572848e-02,2.197591012515276443e-02,2.793985879194476468e-02,3.848328876788564834e-02,2.004765723692388674e-02,6.498688104913294405e-02,6.375489780560306130e-02,2.210804273749714111e-02,5.394245242222980158e-02,1.040192644045481729e-01,6.146879575968696580e-02,8.539296816603816898e-02,5.658401224270390856e-02,1.502828610609053747e-02,4.221737090456725849e-02,1.230005708057171909e-02,1.057260775236431964e-02,2.135922386523098418e-02,9.669974235753995770e-03,2.212918267585479992e-02,8.817962748328609518e-03,4.090710747850088286e-03,1.004589088390354934e-02,8.157632733407638170e-03,1.496688516577322943e-02,9.151074921921785801e-03,1.546217720366506627e-02,5.915373613269957198e-03,3.029313150993454343e-03,1.080787457417966418e-02,2.003330325597650619e-02,2.583854789130022797e-02,1.212977085012862007e-02,2.891992461355028660e-02,3.641098231852779588e-02,4.178975291094565170e-02,1.318321406677309612e-02,4.998307056183982910e-02,2.936614692131434695e-02,4.579414883636995920e-02,2.973720978692728778e-02,5.673663376823631643e-02,2.057658265087160612e-02,1.897924027100203470e-02,1.574712794830507995e-02,1.046176665280276752e-02,2.327548148713414616e-02,2.198155496988801055e-02,3.797171267751003887e-02,2.379761557245962250e-02,5.941809586570798163e-02,7.069620725419037410e-02,1.576027604596696649e-02,5.227511226338120431e-02,1.235742364457114995e-01,5.931843842881284745e-02,7.251985063070613691e-02,4.830824435288061380e-02,1.365415262807188022e-02,4.218618166936502489e-02
4.461904231719256847e-02,9.391964385727595566e-02,7.002672805840598480e-02,4.184319897643535430e-02,1.354195668422165100e-01,1.493351059223336774e-01,1.800206539909593728e-01,5.004648780117743750e-02,0.000000000000000000e+00,1.029000987172176418e-01,1.438486926589478132e-01,8.425681316714517255e-02,2.491171949262676877e-01,8.073941986245478097e-02,7.503141859750080134e-02,5.984292403855275694e-02,4.515045294785440672e-02,8.508545607165435287e-02,1.101316144646904555e-01,1.448064325193876289e-01,7.183137436038773693e-02,2.533778904110368657e-01,2.481838377335175982e-01,8.490216957774356088e-02,2.111048329827056036e-01,4.017732154818591250e-01,2.347364818996050262e-01,3.293559018170307828e-01,2.209359277297136270e-01,5.996189622576138939e-02,1.638860120758097727e-01,4.779166539263217384e-02,3.996511239449692526e-02,8.027004875768757597e-02,3.656068364806686066e-02,8.713400900141055061e-02,3.533357822321167574e-02,1.578002607240194810e-02,3.842543299740214940e-02,3.067158764614296568e-02,5.519293026363753657e-02,3.344288185333724878e-02,5.711508583001645434e-02,2.296866390294709584e-02,1.189211565774089992e-02,4.144782276900122603e-02,7.596374016710137622e-02,9.966069008676109453e-02,4.696571335037903056e-02,1.119267893327799551e-01,1.411411310488083493e-01,1.627928192918968175e-01,5.195308439129449340e-02,2.023828700622669341e-01,1.105556512337091402e-01,1.760541414357799372e-01,1.084603319952279904e-01,2.208105652139175090e-01,7.800574206140645228e-02,7.259265934974827583e-02,6.109970594214088335e-02,3.944124554974606789e-02,9.208143616277254806e-02,8.333387517548891676e-02,1.430081235235322323e-01,8.856079377448025647e-02,2.278007404863106322e-01,2.781675631028765472e-01,6.145391437378059513e-02,2.052473341928140460e-01,4.796004249075487280e-01,2.278558306232018049e-01,2.791136360858070264e-01,1.862729435602777650e-01,5.293594269309161160e-02,1.565014155987848321e-01
2.413949670701262193e-02,5.112633434248485542e-02,3.679132522460745736e-02,2.221288828300514023e-02,7.399037189269037917e-02,7.767313826605887206e-02,9.750594075190804899e-02,2.781268420604450509e-02,1.029000987172176418e-01,0.000000000000000000e+00,7.840570438868746383e-02,4.638049386056816020e-02,1.340437921715265934e-01,4.399694516159464303e-02,4.145829110753430219e-02,3.238920364943174979e-02,2.400231326658991068e-02,4.544670505477937938e-02,5.991446961697684259e-02,7.799574137452078282e-02,4.065314537985349058e-02,1.350012554137661747e-01,1.331582950589235703e-01,4.576361670022237316e-02,1.133081191105901053e-01,2.154049007122567083e-01,1.227591896048271236e-01,1.780993739880434856e-01,1.152681284916743237e-01,3.159425940878667766e-02,8.814041255829976884e-02,2.503803180941395132e-02,2.185826374530182997e-02,4.378537238645065222e-02,1.945468598597938428e-02,4.716898666277123675e-02,1.831284996194196268e-02,8.289029672833837098e-03,1.949751512181567212e-02,1.611633377185022614e-02,2.977780733992370366e-02,1.779581585132712640e-02,3.148847154631873729e-02,1.193675020784953737e-02,6.517183785168902295e-03,2.221073388630535189e-02,4.095579132426398206e-02,5.232070996415820463e-02,2.528158052399399197e-02,6.133897407801435636e-02,7.231305482586590505e-02,8.693517928059410482e-02,2.824395404409292543e-02,1.051762634209882780e-01,6.110509250538458809e-02,9.498550393116272916e-02,5.851118560406091268e-02,1.181782804057153746e-01,4.211987723401088707e-02,3.850816111745154063e-02,3.303471002255413402e-02,2.165300276353560038e-02,5.008698021585981236e-02,4.330066598105166559e-02,7.677398749270430978e-02,4.925369072138775089e-02,1.223605477829561305e-01,1.476148807990896594e-01,3.214322978464424080e-02,1.112844796429955513e-01,2.558810091759954330e-01,1.195448597830263415e-01,1.493780263702695066e-01,9.938623034026154712e-02,2.910989781760995460e-02,8.455836572157161835e-02
3.356897003758742282e-02,6.963886732601859419e-02,5.120096437987874810e-02,3.029306394941099975e-02,9.966656129378782814e-02,1.090862448134592155e-01,1.324865767802813066e-01,3.711116967479367867e-02,1.438486926589478132e-01,7.840570438868746383e-02,0.000000000000000000e+00,6.412327072587592491e-02,1.837268124206890563e-01,5.988791703557048290e-02,5.599976828461614153e-02,4.415639672580970454e-02,3.355898696719053498e-02,6.293438889162321359e-02,8.099951877692282420e-02,1.080845117998486815e-01,5.485121563010451895e-02,1.864914859973442474e-01,1.823509370676874575e-01,6.340960810588469609e-02,1.554070166925536345e-01,2.974293583300272603e-01,1.728198017874689463e-01,2.439339538001651930e-01,1.618626157003710819e-01,4.395292948839304992e-02,1.211905973495679412e-01,3.550565868345255394e-02,2.999989243411334966e-02,5.997837316599757829e-02,2.703306927695561107e-02,6.383713662248964582e-02,2.514383750620479210e-02,1.166490883696855163e-02,2.807201657264047842e-02,2.260596714089130668e-02,4.140253023490317319e-02,2.484511406326487745e-02,4.328827985936826994e-02,1.663032954461033872e-02,9.017201769865529695e-03,3.038750459157768535e-02,5.702920481099866407e-02,7.297004867244349935e-02,3.428797184741284865e-02,8.356731152434083987e-02,1.031101166439370165e-01,1.203483082447082547e-01,3.798708005804811438e-02,1.464658992505680213e-01,8.312176732565892956e-02,1.303972894391403625e-01,8.120022998105064227e-02,1.630180653992193140e-01,5.853233479945489648e-02,5.358851544035555386e-02,4.607741986987576310e-02,2.962870723184575505e-02,6.827802392717978452e-02,6.123580088248111591e-02,1.076406603564026149e-01,6.613545708304083282e-02,1.710621926618985378e-01,2.034289638743232986e-01,4.485538085191090318e-02,1.520595830111542979e-01,3.535574590436965092e-01,1.690341840207758850e-01,2.079363479933835912e-01,1.380925413894300013e-01,3.979655855053972069e-02,1.177002653625058154e-01
2.044563254248643255e-02,4.139075075304925189e-02,3.059294703359432752e-02,1.811811557267563322e-02,5.977771781358624109e-02,6.449382415153953607e-02,7.858214245539224541e-02,2.313993053912354741e-02,8.425681316714517255e-02,4.638049386056816020e-02,6.412327072587592491e-02,0.000000000000000000e+00,1.096989839939718631e-01,3.548380755732837011e-02,3.446657214306547701e-02,2.638847659286099046e-02,1.978440756188523317e-02,3.758698118429450175e-02,4.924495493090556147e-02,6.413619067569859000e-02,3.412752892969214691e-02,1.104230989236756888e-01,1.107599708501439129e-01,3.813129907832517318e-02,9.186880400868413510e-02,1.779477971733522124e-01,1.016889514923306620e-01,1.450163723847047448e-01,9.516613390604486411e-02,2.533823464198326977e-02,7.167509224229381970e-02,2.059757515347855270e-02,1.798980740089467512e-02,3.644065082645993325e-02,1.607904164236731437e-02,3.760834631510836384e-02,1.498493318782148816e-02,6.833699356411406835e-03,1.589627508494193681e-02,1.346439420625769080e-02,2.520998749719871243e-02,1.461695155725009805e-02,2.519433193259425219e-02,9.641111239563087201e-03,5.296717781053852936e-03,1.864896924966753453e-02,3.385570521665763610e-02,4.285487278182308069e-02,2.059313664948298622e-02,4.912325955420019513e-02,6.009126607131816400e-02,7.038031163422685255e-02,2.309669714543718597e-02,8.568468034598406002e-02,4.904631323590413761e-02,7.739089986837389967e-02,4.900542049962592489e-02,9.628896854458804389e-02,3.419274957880124449e-02,3.208140065770858501e-02,2.659015531055736181e-02,1.746599320566917871e-02,4.070619868573410738e-02,3.570989550822994962e-02,6.272368915821027735e-02,4.045952680569544352e-02,9.974383486593979553e-02,1.212684287185437221e-01,2.674071272443183031e-02,8.940840924662331324e-02,2.104730920470322397e-01,9.812697044770211929e-02,1.214968371206240350e-01,8.097818911247750551e-02,2.348165699855549876e-02,6.998596048187742669e-02
5.731707829672164772e-02,1.198965196055937349e-01,8.778285948932915139e-02,5.319246229878346610e-02,1.740881064126436617e-01,1.887252233616506514e-01,2.304585995070340398e-01,6.425251891429002715e-02,2.491171949262676877e-01,1.340437921715265934e-01,1.837268124206890563e-01,1.096989839939718631e-01,0.000000000000000000e+00,1.031127218323500544e-01,9.599569055372049464e-02,7.607494067815059879e-02,5.775719156974517404e-02,1.076990542541483714e-01,1.389925119971847367e-01,1.845501594362990994e-01,9.403599108995351619e-02,3.199391825376727838e-01,3.129368579386549998e-01,1.097272224145376396e-01,2.672890349245627961e-01,5.099631040824916806e-01,2.973287125100428918e-01,4.192317909826072664e-01,2.777630189109568382e-01,7.589318601409585086e-02,2.082511933315646380e-01,6.102451512618815854e-02,5.095371135179833227e-02,1.029316100947125362e-01,4.713756701339948813e-02,1.106871943916314383e-01,4.466575993868610039e-02,2.015014177367478385e-02,4.910809580544462510e-02,3.843536823554832144e-02,7.067988246715004030e-02,4.323858399716343920e-02,7.311961608955404313e-02,2.870713559615394386e-02,1.531208812759591448e-02,5.324677950750875827e-02,9.685379778917992122e-02,1.251239930190790051e-01,5.984988798935392262e-02,1.433915566174533418e-01,1.751096516193257624e-01,2.063059333573074861e-01,6.643071163076419428e-02,2.518456793644041625e-01,1.435385144362299470e-01,2.240161197366683787e-01,1.384915721913925479e-01,2.807309755557910735e-01,9.925594899432239882e-02,9.262299285077600641e-02,7.795430987793169897e-02,5.140560059008678073e-02,1.177929605748619241e-01,1.036551278976055451e-01,1.806644828080763709e-01,1.150987604212496962e-01,2.898377626320571276e-01,3.497880683934293522e-01,7.758914354512257139e-02,2.618198041743012849e-01,6.083666133658338637e-01,2.872486065874481076e-01,3.526585793807583968e-01,2.335024951093592205e-01,6.693572301908248812e-02,1.998023030844240100e-01
1.878362402936537348e-02,3.935488044134460156e-02,2.903680759044904511e-02,1.709580331361618827e-02,5.569998338513924840e-02,6.164909398847593508e-02,7.401057410465902708e-02,2.072235915304154047e-02,8.073941986245478097e-02,4.399694516159464303e-02,5.988791703557048290e-02,3.548380755732837011e-02,1.031127218323500544e-01,0.000000000000000000e+00,3.110188100429162050e-02,2.476012072495478722e-02,1.885102973899896450e-02,3.466239810368171304e-02,4.577017793857826589e-02,6.053167721956324160e-02,3.087867552177386843e-02,1.031635812351034409e-01,1.014741866904746159e-01,3.547232001433293924e-02,8.667074804122183729e-02,1.641369361983958108e-01,9.720867502882415967e-02,1.359983751497897964e-01,9.071155752821918883e-02,2.486789884451386795e-02,6.710317477747110293e-02,1.917242462044319029e-02,1.640400007191132603e-02,3.310810234486093184e-02,1.512720293562437764e-02,3.568963600164788696e-02,1.396893261397552655e-02,6.196272309255258619e-03,1.533620261075177224e-02,1.227397772491024656e-02,2.293102945660736511e-02,1.416305381277883912e-02,2.448828127821012224e-02,9.270858997478804292e-03,4.741874985855426029e-03,1.718639890999357211e-02,3.233293885183069483e-02,4.118515172453525441e-02,1.935783235238127536e-02,4.645830900831789817e-02,5.694112502569134010e-02,6.682374432201897141e-02,2.139417891167882599e-02,8.065195955331525002e-02,4.685403955749864457e-02,7.297117481274667528e-02,4.533932720689581863e-02,9.073555700936071500e-02,3.324652216596668541e-02,3.013785679279553167e-02,2.578110449638809643e-02,1.687774433808765517e-02,3.826293942888077393e-02,3.427296917222085598e-02,6.014026404284669031e-02,3.737214028348198602e-02,9.528078052377700335e-02,1.133124323532469224e-01,2.487761214083826500e-02,8.567456486005964322e-02,1.962974249775690794e-01,9.411253653985082734e-02,1.146566707124747481e-01,7.621111677796972572e-02,2.212107595492185039e-02,6.583210039809683778e-02
1.806425315562476541e-02,3.643008396681952921e-02,2.717730687378088275e-02,1.559736567152837129e-02,5.178922186702133307e-02,5.752174455159408950e-02,6.834268331288317899e-02,1.928340577787260313e-02,7.503141859750080134e-02,4.145829110753430219e-02,5.599976828461614153e-02,3.446657214306547701e-02,9.599569055372049464e-02,3.110188100429162050e-02,0.000000000000000000e+00,2.345769024944472508e-02,1.739933224101583575e-02,3.328974418501940563e-02,4.202173247182253157e-02,5.782284934228637541e-02,2.996018273308544144e-02,9.962209298861174345e-02,9.714323292898660589e-02,3.383437570258127081e-02,8.151414405723225731e-02,1.598247672067475422e-01,9.296105160135927081e-02,1.294162752065671773e-01,8.580023774181495810e-02,2.281268814117107593e-02,6.489983688697786857e-02,1.949566457408414416e-02,1.642645736086110336e-02,3.258718964462800627e-02,1.475064815089777159e-02,3.331136005300452951e-02,1.298387115687579807e-02,6.765313615775881903e-03,1.612316514550718796e-02,1.280597801962709593e-02,2.258596835223079108e-02,1.360746019801153429e-02,2.294345244345970258e-02,8.441043661982236893e-03,4.971906297016110386e-03,1.651003003097058219e-02,3.069276082620820204e-02,3.854922146630253982e-02,1.763102371205294699e-02,4.376202134669796712e-02,5.536964671278479799e-02,6.308818037266136769e-02,1.996961821772468004e-02,7.683675407193871210e-02,4.349676867395649293e-02,6.881970700804762586e-02,4.417655338369096130e-02,8.606743307364835005e-02,3.103596184906238370e-02,2.899847227670951724e-02,2.455329425372786145e-02,1.556874265042759373e-02,3.537629895570880423e-02,3.291940016409256042e-02,5.785111597368827047e-02,3.547777126593913699e-02,9.243032536450369874e-02,1.079425516566746013e-01,2.406898149823911287e-02,7.927520135095428300e-02,1.901298323603788920e-01,9.066481472802057073e-02,1.109565574849988856e-01,7.510749893462537186e-02,2.124529467287898654e-02,6.342537701407234552e-02
1.369981021869308771e-02,2.918624760256979464e-02,2.148539854784483477e-02,1.243976760008403543e-02,4.103346273047692172e-02,4.513242240066774047e-02,5.443425127728117319e-02,1.556342358957023449e-02,5.984292403855275694e-02,3.238920364943174979e-02,4.415639672580970454e-02,2.638847659286099046e-02,7.607494067815059879e-02,2.476012072495478722e-02,2.345769024944472508e-02,0.000000000000000000e+00,1.385472522810811576e-02,2.571707544562437317e-02,3.386837434741549885e-02,4.488407785300334296e-02,2.277573167317532149e-02,7.712618537235059468e-02,7.566472994036455013e-02,2.629216336513898189e-02,6.447032329177609933e-02,1.230006945200824153e-01,7.193303038888165801e-02,1.006181770854137902e-01,6.677668890430424331e-02,1.809278465927493390e-02,4.966689800275000954e-02,1.436874825254351971e-02,1.246096846142001786e-02,2.488741975216915772e-02,1.120920413147761911e-02,2.658377746837707264e-02,1.030199048100064081e-02,4.742941271641510151e-03,1.134342056999024413e-02,9.254426974344517887e-03,1.710516230284098854e-02,1.023868070741766438e-02,1.794330945167173577e-02,6.835102930692830113e-03,3.649748290126508289e-03,1.270047167330133966e-02,2.367783917140347041e-02,3.011622255051709177e-02,1.415325962243359215e-02,3.428028681333002148e-02,4.243458254135203805e-02,4.945212613566668525e-02,1.565147970535190475e-02,6.059480634721021303e-02,3.419318184022523965e-02,5.390164445681760313e-02,3.327314441267521794e-02,6.718556339141233680e-02,2.413196523279945160e-02,2.245820501021736706e-02,1.890517849905663447e-02,1.213650178484596172e-02,2.818871253188176551e-02,2.529301435687928909e-02,4.507047432864273728e-02,2.728488574093630367e-02,7.094927902279243859e-02,8.442718172078347849e-02,1.837073083156310835e-02,6.284451181377537221e-02,1.454949971488012084e-01,6.977716889624399621e-02,8.472425235077193917e-02,5.705471096616984011e-02,1.635409408786714716e-02,4.844900776230554040e-02
1.058679660547398940e-02,2.180584209283746577e-02,1.586268530831325130e-02,9.574722729244023595e-03,3.130834105496507758e-02,3.414177357992614209e-02,4.154670975757596141e-02,1.156405220705572848e-02,4.515045294785440672e-02,2.400231326658991068e-02,3.355898696719053498e-02,1.978440756188523317e-02,5.775719156974517404e-02,1.885102973899896450e-02,1.739933224101583575e-02,1.385472522810811576e-02,0.000000000000000000e+00,1.945251210911562445e-02,2.525564768133051197e-02,3.392430450703461803e-02,1.711705743010862729e-02,5.801952082810273720e-02,5.660554807501433361e-02,2.007148248058159001e-02,4.870073333987887110e-02,9.267571743190593236e-02,5.425540936877067816e-02,7.652840828561045805e-02,5.064404488800194892e-02,1.408025215576908830e-02,3.790932737075730641e-02,1.078685981228789774e-02,9.334497030778441187e-03,1.864034776203340321e-02,8.455031758375431902e-03,2.022482781317948286e-02,7.975163721329135702e-03,3.586999660464497332e-03,8.671980517544404174e-03,6.983664791881453310e-03,1.276623414538073653e-02,7.804594561917375245e-03,1.355830141641390339e-02,5.184399050972560499e-03,2.697687740198087981e-03,9.545357351201882654e-03,1.781033331939272171e-02,2.269264022883414958e-02,1.091104323613639217e-02,2.613195654999193873e-02,3.182633775200260223e-02,3.774708489096485070e-02,1.204665213689445381e-02,4.504870247357933843e-02,2.595035226195038791e-02,4.042826641063695936e-02,2.511511115473606323e-02,5.109636860492897115e-02,1.841194990724073777e-02,1.685553651318704577e-02,1.430509850666879593e-02,9.293132470079606272e-03,2.165118672092966948e-02,1.886700390332966826e-02,3.336711118472306808e-02,2.110040871840075313e-02,5.310576745396177606e-02,6.332625079744602647e-02,1.387237702739033476e-02,4.786852895076667419e-02,1.103018778237748465e-01,5.252742196164351951e-02,6.439542659217623033e-02,4.275313325867233921e-02,1.229340416165238155e-02,3.663775166762116287e-02
1.989928156432302364e-02,4.074181832507467460e-02,3.018356311786507540e-02,1.759682344175895335e-02,5.785943900300137555e-02,6.506326873241537190e-02,7.666270717334601470e-02,2.197591012515276443e-02,8.508545607165435287e-02,4.544670505477937938e-02,6.293438889162321359e-02,3.758698118429450175e-02,1.076990542541483714e-01,3.466239810368171304e-02,3.328974418501940563e-02,2.571707544562437317e-02,1.945251210911562445e-02,0.000000000000000000e+00,4.789056808069633298e-02,6.424741682170476142e-02,3.256751311872953247e-02,1.109568935189546579e-01,1.075744053422852953e-01,3.773570092273911131e-02,9.138396757057884456e-02,1.763278831184148798e-01,1.024842616462434963e-01,1.436443149098112493e-01,9.607251166963695632e-02,2.596924595019795348e-02,7.137014297151900166e-02,2.069194927718367646e-02,1.778580284281972013e-02,3.530589784943569120e-02,1.582902177477018418e-02,3.728766464924440638e-02,1.494441034155151449e-02,6.978494074109482456e-03,1.667210805865810760e-02,1.341706884216541280e-02,2.417141285285119914e-02,1.444330434802247251e-02,2.522161844372454789e-02,9.669354750621535211e-03,5.273233324100035438e-03,1.783002634165648317e-02,3.373886887301651150e-02,4.272496082560032354e-02,2.001349110277062665e-02,4.847075388834769238e-02,6.122731101155794164e-02,6.984654323526526265e-02,2.243213515656136345e-02,8.582098412366605256e-02,4.814386982721292896e-02,7.628572690946043566e-02,4.747356139590928198e-02,9.540353162564288447e-02,3.424322685807380806e-02,3.203076778096412142e-02,2.704169910228815601e-02,1.754357758015121643e-02,4.054226859658001392e-02,3.559438855805842350e-02,6.352696411799468867e-02,3.914083966836039846e-02,1.014572008154666360e-01,1.198324284595905925e-01,2.616308657796820314e-02,8.946047046549054915e-02,2.087914186127257099e-01,9.975505541743601157e-02,1.207220451043394260e-01,8.162460805172315481e-02,2.310730892640376621e-02,6.912419377130225862e-02
2.572083000676867945e-02,5.335961590789840836e-02,3.990621891876384997e-02,2.318271853078036904e-02,7.587231473176311858e-02,8.326571507604732525e-02,1.001697627940213442e-01,2.793985879194476468e-02,1.101316144646904555e-01,5.991446961697684259e-02,8.099951877692282420e-02,4.924495493090556147e-02,1.389925119971847367e-01,4.577017793857826589e-02,4.202173247182253157e-02,3.386837434741549885e-02,2.525564768133051197e-02,4.789056808069633298e-02,0.000000000000000000e+00,8.288897336800614413e-02,4.210368680197959512e-02,1.414028400468314572e-01,1.398529866074457173e-01,4.793189882368452392e-02,1.191153298354390433e-01,2.249993385144319347e-01,1.330866825904901130e-01,1.854875190100431226e-01,1.230643468736545010e-01,3.343431386825626572e-02,9.133007144369692520e-02,2.643507997614822150e-02,2.293922285486039991e-02,4.591694709119426010e-02,2.084457252349235235e-02,4.913454589764600783e-02,1.920002285573879988e-02,8.679552134462075255e-03,2.089709893417473693e-02,1.716576601102910021e-02,3.170187905250392013e-02,1.920862466505680877e-02,3.363115026314349165e-02,1.280334083583600097e-02,6.623726814854177976e-03,2.321134626682621813e-02,4.409879644515061342e-02,5.674342908973955407e-02,2.645128760935387680e-02,6.298679419256643375e-02,7.982035750839082400e-02,9.128988556399321441e-02,2.885862433057521242e-02,1.114970203234233875e-01,6.304725678303171876e-02,9.901285085899169669e-02,6.324893945724713307e-02,1.237747592018269005e-01,4.494976630831652720e-02,4.104199825609294860e-02,3.444331157444543989e-02,2.239548545692226361e-02,5.089476611801149741e-02,4.735583335395007060e-02,8.360848116192098889e-02,5.026882230911505073e-02,1.300124721291879282e-01,1.550615643834466484e-01,3.431638076225877049e-02,1.153171972455339783e-01,2.674625255035512073e-01,1.297774589471126783e-01,1.574398994172588051e-01,1.053946272455538874e-01,3.035606466115507718e-02,8.945453287655442953e-02
3.407014889332136975e-02,7.135269262845318761e-02,5.290595105178361873e-02,3.023622485409293431e-02,1.001751719725073597e-01,1.113245288086044393e-01,1.310608785630580364e-01,3.848328876788564834e-02,1.448064325193876289e-01,7.799574137452078282e-02,1.080845117998486815e-01,6.413619067569859000e-02,1.845501594362990994e-01,6.053167721956324160e-02,5.782284934228637541e-02,4.488407785300334296e-02,3.392430450703461803e-02,6.424741682170476142e-02,8.288897336800614413e-02,0.000000000000000000e+00,5.672163385568025629e-02,1.904104439335332355e-01,1.871111768943999609e-01,6.451630791130588682e-02,1.575261054877537814e-01,3.036678928314009984e-01,1.766972436284210413e-01,2.478076817049532365e-01,1.643194361003863513e-01,4.531942473612208394e-02,1.236310203146858688e-01,3.500178966511097861e-02,3.061803286772553714e-02,6.120587585378836626e-02,2.711283960240074703e-02,6.439229164397070049e-02,2.493610866344985952e-02,1.170943432859441156e-02,2.744022134267646781e-02,2.283029551275252492e-02,4.143806263939116274e-02,2.478780708896064292e-02,4.375089084072869561e-02,1.638125238017477600e-02,8.898841600236660071e-03,3.140207120857587547e-02,5.821620483971682442e-02,7.382701793637969079e-02,3.443567019785531702e-02,8.352737982812234729e-02,1.044492046521986600e-01,1.195771776025520844e-01,3.889467983707932397e-02,1.471135549645416762e-01,8.297601502243770466e-02,1.312600514291134002e-01,8.058016028423105326e-02,1.627459612102991060e-01,5.935854528016425158e-02,5.490116616875447692e-02,4.678078133825434165e-02,2.996045333631534510e-02,7.023841002602437822e-02,6.111905049317414851e-02,1.105437216990010491e-01,6.777724123056806660e-02,1.753299413798686257e-01,2.083108887931460762e-01,4.514946508329436420e-02,1.545470956703723364e-01,3.589458389804868199e-01,1.720762942525022876e-01,2.081715426876690478e-01,1.402513830432058628e-01,4.084973198646006665e-02,1.194573962140149520e-01
1.769013814882207380e-02,3.619709555350109770e-02,2.700332916679079598e-02,1.558060718559024782e-02,5.144420682144052598e-02,5.595625343895810344e-02,6.709113844592649867e-02,2.004765723692388674e-02,7.183137436038773693e-02,4.065314537985349058e-02,5.485121563010451895e-02,3.412752892969214691e-02,9.403599108995351619e-02,3.087867552177386843e-02,2.996018273308544144e-02,2.277573167317532149e-02,1.711705743010862729e-02,3.256751311872953247e-02,4.210368680197959512e-02,5.672163385568025629e-02,0.000000000000000000e+00,9.696083051634994676e-02,9.680540668548553995e-02,3.312393600873746874e-02,7.996189729761528364e-02,1.546933082667348580e-01,8.986432285780339424e-02,1.253853012093320562e-01,8.219122287236588220e-02,2.172779471825469697e-02,6.222472332412882362e-02,1.786292764325635163e-02,1.597406922764205151e-02,3.214977716637784644e-02,1.389439366408661697e-02,3.267926807612726858e-02,1.280713467181507532e-02,6.295488395517519903e-03,1.425467392582907208e-02,1.177873403928238541e-02,2.198909991088856056e-02,1.285677370473592082e-02,2.234866051949281618e-02,8.264526033310418129e-03,4.743821014503669595e-03,1.594307807011835498e-02,2.951013791912382445e-02,3.789149125257562645e-02,1.738693519814370203e-02,4.230797201205022118e-02,5.217221827879658935e-02,6.013121401825484436e-02,2.006130381826734532e-02,7.348985866713166060e-02,4.275919364365486641e-02,6.729096686208924094e-02,4.346876058657133529e-02,8.227037753496940775e-02,2.980676304558439738e-02,2.812093946043782433e-02,2.360001227703612675e-02,1.527047760230237396e-02,3.512815102172306414e-02,3.103879998262987217e-02,5.622134419438719333e-02,3.497182435217731367e-02,8.821510819178064733e-02,1.063304469915319211e-01,2.339123759273594241e-02,7.803242290186360175e-02,1.824919153561713470e-01,8.673080904155069937e-02,1.058626109391433284e-01,7.106913579557300187e-02,2.077049649466915573e-02,6.122268242550983619e-02
