0.000000000000000000e+00,1.153310570878431605e-02,1.247956711397278998e-02,4.808692652107262114e-03,2.177560310552458314e-02,2.949843672913433912e-02,2.819972489903245505e-02,7.364021850516508892e-03,3.902973368855126163e-02,2.160092653123934017e-02,2.829302510829906359e-02,1.724675716389460420e-02,4.360894048166626125e-02,1.169650051830292692e-02,1.673806702978498234e-02,1.067246086770302048e-02,8.185813522566127640e-03,1.527580481487831807e-02,1.995781140099435816e-02,2.899123624169816157e-02,1.626643123702026239e-02,4.912530256291573749e-02,4.437764613715233092e-02,1.709934895875872204e-02,3.586290509229230622e-02,8.656837884850962506e-02,4.724222116337493949e-02,6.222989423856532809e-02,4.111400268808459296e-02,9.063028903854544044e-03,2.990103202062589782e-02,1.426781651133622250e-02,9.995202081620977244e-03,1.409109832443738823e-02,8.295586112837994783e-03,1.372670946919166482e-02,5.084902840722316936e-03,5.262684540538076217e-03,1.426630659201049388e-02,8.971687516449302485e-03,1.262120175782076477e-02,8.869420798192329328e-03,1.081644669403790393e-02,3.094456414379534361e-03,3.715188760051922352e-03,9.661150314554512938e-03,1.275530109555520972e-02,2.094938987659427515e-02,6.352935790192780659e-03,2.099179483370130009e-02,2.692689898524952205e-02,3.188152393146728020e-02,7.537806227082002701e-03,3.693183401838672636e-02,2.516355656978243316e-02,3.171652184761301896e-02,1.966490407903955309e-02,4.261767450116019790e-02,1.494644895780655909e-02,1.662106495566615175e-02,1.253168591442626288e-02,7.309978753005261405e-03,1.523801837354953059e-02,2.116888719325706741e-02,2.784601063995060383e-02,1.695465834064817726e-02,4.661621795916734423e-02,5.089271970206548507e-02,1.244562861589418139e-02,3.265902526689679758e-02,1.023377925909236957e-01,5.135451738115182074e-02,5.839143898174167790e-02,3.782030412383632217e-02,1.051927913008174689e-02,3.331312831711604611e-02
1.153310570878431605e-02,0.000000000000000000e+00,1.736797948427724891e-02,6.750261039310958590e-03,3.091372146317451081e-02,4.180479207948969989e-02,3.933382657604242438e-02,9.722243090412186622e-03,5.615555127092699411e-02,3.007364911678107183e-02,4.014545588352572136e-02,2.183590565812027970e-02,6.162134207133503072e-02,1.629417567077025286e-02,2.243651580671346749e-02,1.535555148918625254e-02,1.156600759195240864e-02,2.216209506177127184e-02,2.744408468614947458e-02,4.127606460872603605e-02,2.097840264096778942e-02,7.092526628834536218e-02,5.955947440040211538e-02,2.163866781633102740e-02,5.040082840606578685e-02,1.169559340848723983e-01,6.632873208194287051e-02,8.887426274797700920e-02,5.986361199441225800e-02,1.295321740612772124e-02,4.209611610248888830e-02,2.020093752652936739e-02,1.389642290206529081e-02,1.956546357848578874e-02,1.145661363078520623e-02,1.889316298488456433e-02,6.988010781821343137e-03,7.265751684578661967e-03,1.997984151197289282e-02,1.266849479550598463e-02,1.718581552130561338e-02,1.202014430083086192e-02,1.478855146677697172e-02,4.265153554697201192e-03,4.887160013212095248e-03,1.143030383938585005e-02,1.820740040168376470e-02,2.947145379280927124e-02,8.639266624337083381e-03,2.974779034216462614e-02,3.783237694961998077e-02,4.552476371545296358e-02,9.873716897230658956e-03,5.313388558019859625e-02,3.516998413248821620e-02,4.473657334244739159e-02,2.406932553963237950e-02,6.030530515985710327e-02,2.062315443570252732e-02,2.163614263840931556e-02,1.780011399840968067e-02,1.012777537763771309e-02,2.149653313123834827e-02,3.006396403926494751e-02,3.864694420807447683e-02,2.152292894926066333e-02,6.650905014969842044e-02,6.769895977967330114e-02,1.580853409252225283e-02,4.701745577043130175e-02,1.397478208603731009e-01,7.310387259015260764e-02,8.336488778769517161e-02,5.471936763559739209e-02,1.537750350968049989e-02,4.721322444801769741e-02
1.247956711397278998e-02,1.736797948427724891e-02,0.000000000000000000e+00,7.145183164083207354e-03,3.232658842535363064e-02,4.347752424066669841e-02,4.144549563337474735e-02,9.818839403704740856e-03,5.842856720598651327e-02,3.122279966649016067e-02,4.121292906603585965e-02,2.320175085151946967e-02,6.424042363705459446e-02,1.726795780583464945e-02,2.275945510522783474e-02,1.574480123312596569e-02,1.193574928081850804e-02,2.277528533431883578e-02,2.848796243433805025e-02,4.291538247508718679e-02,2.164174132288182451e-02,7.308533172601092143e-02,6.170704273958024094e-02,2.291226094468523308e-02,5.301198529187709646e-02,1.225650022519983035e-01,6.899794026493416554e-02,9.148339287951373633e-02,6.237934005523932540e-02,1.364764750689349652e-02,4.360724667861567982e-02,2.037523606126158057e-02,1.433797243277156255e-02,2.004248811460444812e-02,1.197210634220473649e-02,1.996685733101071294e-02,7.381558048070757314e-03,7.389399972553517375e-03,2.020635940009052681e-02,1.300985173452753538e-02,1.795764450185136779e-02,1.262365963772799950e-02,1.575048609056301646e-02,4.552699515499724833e-03,4.999944577399133804e-03,1.259133527041008706e-02,1.905103535236759085e-02,3.101745662908726373e-02,9.355881999050226147e-03,3.092463307402566752e-02,4.033830338866970650e-02,4.750745809005917780e-02,1.041243759845972457e-02,5.499007468279842187e-02,3.612484914189832697e-02,4.606215266079011217e-02,2.614363768754802628e-02,6.269158516849832052e-02,2.197184296510245466e-02,2.288745513479587337e-02,1.861292709754895289e-02,1.070180944759412806e-02,2.246240869243723917e-02,3.126786056211820763e-02,4.062138712835820786e-02,2.289746318978293574e-02,6.853410066764427377e-02,7.137761467581656138e-02,1.688812032665449117e-02,4.873350910968202859e-02,1.462528941269415350e-01,7.602822235058206979e-02,8.614205142858502584e-02,5.720622948032411809e-02,1.573752914919203036e-02,4.884376526246175104e-02
4.808692652107262114e-03,6.750261039310958590e-03,7.145183164083207354e-03,0.000000000000000000e+00,1.282931536314345020e-02,1.736119691146312607e-02,1.642789831385222180e-02,4.028339342320561359e-03,2.335478510748288661e-02,1.258937247824217821e-02,1.666433979430090653e-02,9.024049119026412991e-03,2.553148518199571670e-02,6.863682348073963171e-03,9.133232887373506081e-03,6.144843875119621393e-03,4.764608575590701008e-03,9.088863670403176526e-03,1.132117969439343924e-02,1.683667166111178087e-02,8.608141746034105729e-03,2.879845302963991716e-02,2.463775894129884014e-02,8.914475379140118436e-03,2.096325761202453772e-02,4.817505643181294733e-02,2.740520987859514784e-02,3.663262941708852333e-02,2.469100220461738562e-02,5.407099197705248286e-03,1.721718642612378794e-02,8.493550817445620627e-03,5.858811038632697095e-03,8.155932608487286017e-03,4.798691657648363612e-03,7.876200999150914650e-03,2.904053624631384566e-03,2.967723324914677864e-03,8.389600736978563775e-03,5.353495120465785566e-03,7.226327211203739664e-03,5.057702773310536123e-03,6.217531185458215724e-03,1.807225065573892647e-03,2.049435307962472856e-03,4.881701593595667854e-03,7.516896776164122898e-03,1.223417987985872361e-02,3.647322433222481043e-03,1.242649552505207394e-02,1.551854725734546844e-02,1.891611311761678266e-02,4.185228382132975475e-03,2.172151813342421828e-02,1.482964909385831379e-02,1.869565064771475799e-02,1.021132236514497860e-02,2.497393608263190345e-02,8.786183936375879105e-03,8.961042483811416937e-03,7.410620648812486083e-03,4.307714089630055795e-03,8.868304119913230851e-03,1.257442193225396902e-02,1.599479277337243280e-02,9.244212114596819796e-03,2.716485591403112673e-02,2.836302065042576800e-02,6.555858108919464938e-03,1.962018620137686784e-02,5.783985318599173947e-02,3.000424572487931513e-02,3.435642027403115750e-02,2.227827493670870435e-02,6.199728116124019091e-03,1.945912720904617935e-02
2.177560310552458314e-02,3.091372146317451081e-02,3.232658842535363064e-02,1.282931536314345020e-02,0.000000000000000000e+00,7.871798957820808074e-02,7.478883191840376976e-02,1.800409436226658999e-02,1.048441264552309043e-01,5.719206595387435477e-02,7.490152060144063262e-02,4.121691940062608556e-02,1.166869204664025134e-01,3.094552704775756918e-02,4.081586393458522255e-02,2.830048979124824907e-02,2.183549531858212586e-02,4.138618876255774348e-02,5.115275327750411910e-02,7.636710841622387780e-02,3.905959885859128927e-02,1.307489909120819194e-01,1.100461117032517783e-01,4.062342406194263678e-02,9.541377886427189481e-02,2.174187949072561299e-01,1.236179440622776904e-01,1.656379144791566282e-01,1.117280915230446509e-01,2.446662250770601996e-02,7.879142991164861387e-02,3.792985264329847006e-02,2.643137490040661786e-02,3.701594724508937978e-02,2.194242457342371680e-02,3.599305718636430090e-02,1.342792805910082883e-02,1.348223865146735805e-02,3.764430349517094987e-02,2.412211058264401159e-02,3.285282540489178893e-02,2.304299954595306552e-02,2.813313249482869705e-02,8.293191893386599178e-03,9.176483900768453786e-03,2.198532759794011998e-02,3.382349385841647987e-02,5.487797582590551310e-02,1.667985935656249308e-02,5.607771363194954256e-02,7.114147450764687908e-02,8.578667121432949350e-02,1.865136110061033775e-02,9.841554036807068084e-02,6.674193687050157531e-02,8.353894145823495543e-02,4.606808025573815024e-02,1.129359832719367129e-01,3.927087921317669317e-02,4.014604605165162515e-02,3.356139555211112846e-02,1.919334892899057787e-02,4.034166229600083531e-02,5.572857435062263110e-02,7.199527017519549710e-02,4.104292875137707103e-02,1.228596540880742272e-01,1.265062517001241671e-01,2.985301009349827089e-02,8.838162497718579647e-02,2.602987353054211361e-01,1.356971955685762621e-01,1.546746624226317257e-01,1.020429812221075594e-01,2.818757830734498759e-02,8.810768121183461254e-02
2.949843672913433912e-02,4.180479207948969989e-02,4.347752424066669841e-02,1.736119691146312607e-02,7.871798957820808074e-02,0.000000000000000000e+00,1.024865663263730131e-01,2.434983566667980881e-02,1.430277708397118541e-01,7.668521692946288215e-02,1.005636116846218425e-01,5.588614320005456937e-02,1.585411281004819595e-01,4.236272701755402353e-02,5.534272044714851069e-02,3.870721063190851047e-02,2.944482745498185408e-02,5.647203663279017766e-02,6.895455799569885635e-02,1.048724484114163941e-01,5.286547136778987216e-02,1.787348185821657776e-01,1.509308115165172437e-01,5.523624496076852408e-02,1.306457444472516605e-01,2.977498310235168200e-01,1.688797625941883263e-01,2.252548955124784591e-01,1.526214840473411605e-01,3.302654637615849015e-02,1.069691210271292714e-01,5.103446691266976670e-02,3.582646925075883004e-02,4.966989785803949120e-02,2.947877688960285833e-02,4.894507303272321169e-02,1.825923095045620462e-02,1.824792259190769969e-02,5.029147458585180724e-02,3.267694393522113661e-02,4.415825574803169257e-02,3.088852593247599573e-02,3.816347012651132020e-02,1.115343460118900162e-02,1.234161862781685097e-02,3.018754501883320548e-02,4.687800836974965329e-02,7.457205148936392469e-02,2.247810089503404080e-02,7.581132119544213566e-02,9.811531484243793400e-02,1.173982975387511674e-01,2.519379455570718712e-02,1.353839829572610620e-01,8.907954958482119934e-02,1.127244287560069114e-01,6.215461229594307357e-02,1.556939421944045776e-01,5.327043923344199766e-02,5.542912723662081487e-02,4.551378967761177119e-02,2.592834917145221338e-02,5.454005466618317560e-02,7.594679880728134880e-02,9.890997752234363671e-02,5.593199958919092135e-02,1.684793790979152994e-01,1.730215690886928170e-01,4.108177777403918679e-02,1.211583784987003837e-01,3.561237253083492371e-01,1.842925800326681574e-01,2.110294500314885136e-01,1.395311167951746867e-01,3.813901790830763472e-02,1.198335805877727284e-01
2.819972489903245505e-02,3.933382657604242438e-02,4.144549563337474735e-02,1.642789831385222180e-02,7.478883191840376976e-02,1.024865663263730131e-01,0.000000000000000000e+00,2.368428098053831574e-02,1.361232708415233694e-01,7.396633659916876380e-02,9.724888559275134126e-02,5.343601102096296601e-02,1.507612464805660746e-01,3.970837561918626885e-02,5.321700768852462293e-02,3.681760942898087974e-02,2.825869945216426260e-02,5.335822099484907599e-02,6.604993763443878230e-02,9.917118480793619961e-02,5.072626189674884351e-02,1.696648158628734360e-01,1.434365668879590272e-01,5.269449046609562398e-02,1.235821381877237890e-01,2.821692247127273734e-01,1.598369361750263395e-01,2.148800705374354081e-01,1.445174372494263393e-01,3.147653954244978430e-02,1.016583947286460315e-01,4.943909408301048330e-02,3.426426892345917075e-02,4.805209488507042326e-02,2.833458906725916729e-02,4.642435087511604525e-02,1.746994035870919060e-02,1.759683930299078825e-02,4.929598990850982826e-02,3.153297731717345093e-02,4.278048955476878440e-02,2.985356178115368062e-02,3.662832887842203122e-02,1.063868962239612227e-02,1.192652102945542664e-02,2.838297642648046279e-02,4.389618523687445484e-02,6.985943823291129728e-02,2.136181446698124167e-02,7.230530153401204529e-02,9.141570465247121635e-02,1.111420487958869330e-01,2.433576405564700021e-02,1.274313237490742046e-01,8.634001800168093765e-02,1.082159169476354793e-01,5.937362062012552233e-02,1.472531466675834622e-01,5.106927094586987542e-02,5.204828417206757568e-02,4.327623773105993693e-02,2.473505055818231782e-02,5.195711143991203068e-02,7.179160951244548117e-02,9.311387136400668674e-02,5.316085736695336239e-02,1.586837158899476186e-01,1.638991730601914443e-01,3.870026254254688852e-02,1.143637225314014100e-01,3.370285466279082653e-01,1.746156985496749026e-01,1.999475217995517751e-01,1.309912601526733167e-01,3.617031235647176490e-02,1.138359066662208013e-01
7.364021850516508892e-03,9.722243090412186622e-03,9.818839403704740856e-03,4.028339342320561359e-03,1.800409436226658999e-02,2.434983566667980881e-02,2.368428098053831574e-02,0.000000000000000000e+00,3.234340094968757989e-02,1.817272494512853220e-02,2.343349034425259297e-02,1.369647215629057717e-02,3.648262307932569060e-02,9.578745897146148658e-03,1.317474067298114900e-02,8.961667296112259262e-03,6.819197946030345139e-03,1.289348723636035005e-02,1.592733960247780939e-02,2.434928528373490192e-02,1.274593713619955916e-02,4.086394860178375887e-02,3.516843677266358326e-02,1.350488169692358638e-02,3.004345233206559898e-02,7.006931238470598400e-02,3.872954433527427132e-02,5.219370018061392225e-02,3.489402042222388561e-02,7.613074284191240042e-03,2.486772401676937833e-02,1.166731573708356534e-02,8.335962670779167166e-03,1.179290530597022074e-02,6.783152511323256931e-03,1.125335247927611998e-02,4.264615678825643512e-03,4.264331771233583618e-03,1.178989264131421674e-02,7.490891103557225685e-03,1.037659178701697861e-02,7.288502440799910984e-03,9.141067269738031506e-03,2.620777333744377970e-03,2.942266447048414585e-03,7.165596694867962420e-03,1.071688556855149993e-02,1.669843675128803231e-02,5.316213890989468158e-03,1.742796400946072799e-02,2.246565324670489125e-02,2.701218818462127261e-02,6.098989608868730580e-03,3.066441775022940922e-02,2.090141274108939934e-02,2.656098096086103449e-02,1.548736921606410494e-02,3.606754599827160374e-02,1.260610720905593757e-02,1.305216418583380125e-02,1.038645234740679865e-02,6.031029199199211197e-03,1.263555010798243609e-02,1.728730549698077879e-02,2.282353089205460192e-02,1.337667702624742612e-02,3.896449129222585850e-02,4.048207009491045644e-02,9.673480192189770968e-03,2.773473201154254969e-02,8.299252861722668240e-02,4.178722700826981856e-02,4.833395520193385642e-02,3.139861040134873243e-02,8.474175951870161275e-03,2.780855686475673313e-02
3.902973368855126163e-02,5.615555127092699411e-02,5.842856720598651327e-02,2.335478510748288661e-02,1.048441264552309043e-01,1.430277708397118541e-01,1.361232708415233694e-01,3.234340094968757989e-02,0.000000000000000000e+00,1.027580899824626220e-01,1.353903070771034223e-01,7.469860564300249972e-02,2.107388082686302566e-01,5.658582919068271683e-02,7.377020291057465040e-02,5.195735512717866017e-02,3.956740788461587249e-02,7.565316059493810974e-02,9.253001696105936369e-02,1.413465182260518760e-01,7.048109981661686285e-02,2.397104562207664213e-01,2.006969184377049298e-01,7.322135464185462739e-02,1.742595811171839815e-01,3.965374550795927600e-01,2.272062405162834642e-01,3.010603519723465960e-01,2.050717909477265122e-01,4.454301043902027940e-02,1.429484106812408950e-01,6.694169586223353008e-02,4.742261179230956858e-02,6.597849798575074198e-02,3.903121610817852222e-02,6.561412871367941491e-02,2.441556137130531171e-02,2.429033246780952157e-02,6.662975308593367674e-02,4.305160392288111260e-02,5.887289359283201517e-02,4.128211973020728259e-02,5.170897010677070332e-02,1.485927348177484494e-02,1.654604772599203161e-02,3.975660568318234445e-02,6.244429355970476658e-02,1.003240607329982104e-01,3.031749679466980846e-02,1.010200598877573075e-01,1.311663901420740685e-01,1.562125884800251163e-01,3.356209332252186456e-02,1.807527218434696326e-01,1.198901035524519570e-01,1.505253282572714679e-01,8.343724064422083919e-02,2.068629817848893493e-01,7.150391411987445933e-02,7.376194033265730254e-02,6.110681423390711825e-02,3.526098655051371905e-02,7.348799971967795441e-02,1.018413047427275953e-01,1.331535826318590576e-01,7.365984062262172227e-02,2.257070360830100986e-01,2.310042334779730255e-01,5.423732713192173233e-02,1.607725287307816830e-01,4.735081361072919770e-01,2.479752209174054811e-01,2.828014060674628460e-01,1.875295182070896016e-01,5.141927792821235355e-02,1.592997647300131436e-01
2.160092653123934017e-02,3.007364911678107183e-02,3.122279966649016067e-02,1.258937247824217821e-02,5.719206595387435477e-02,7.668521692946288215e-02,7.396633659916876380e-02,1.817272494512853220e-02,1.027580899824626220e-01,0.000000000000000000e+00,7.446702030693577723e-02,4.097378704813675609e-02,1.151135114299858125e-01,3.066232325012849952e-02,4.028235514367826953e-02,2.828477699502145171e-02,2.147456089616097200e-02,4.108663129643183587e-02,4.992225956840552065e-02,7.560162017312836713e-02,3.929584730129541403e-02,1.283486049853850564e-01,1.083444019268144792e-01,4.018804851856980220e-02,9.421653042147319634e-02,2.150628579840991317e-01,1.216465402720872252e-01,1.646262175780511261e-01,1.096653638297917649e-01,2.402195770824101795e-02,7.770476955029305410e-02,3.713410745486929454e-02,2.621412803753158868e-02,3.662435740612247220e-02,2.133325580009995046e-02,3.653318672028919856e-02,1.366189593245212448e-02,1.319463901995612982e-02,3.721089790498544742e-02,2.394358104421867584e-02,3.281865668202199604e-02,2.280004789834904483e-02,2.898984724304290439e-02,8.310299513814109473e-03,9.005343553184396582e-03,2.187807376795404199e-02,3.345248760321230252e-02,5.282725962738062109e-02,1.673789670494493786e-02,5.559824846053084552e-02,6.884281401506645026e-02,8.511611617945652464e-02,1.844997906464860421e-02,9.558125191405483778e-02,6.740255285324080192e-02,8.211554652825259204e-02,4.552741194625673643e-02,1.115574673799058641e-01,3.985437672312039381e-02,3.972760843937819808e-02,3.344631929429013606e-02,1.910032920988261398e-02,4.006560630199915846e-02,5.429340142506459271e-02,7.061964776081453010e-02,4.096162465018548388e-02,1.203468090321615225e-01,1.236956615119713387e-01,2.886740142121977867e-02,8.765749651942514320e-02,2.552946011749563926e-01,1.322932521896236224e-01,1.524775170602098440e-01,9.921441975966110993e-02,2.757366697835292313e-02,8.779736234563954855e-02
2.829302510829906359e-02,4.014545588352572136e-02,4.121292906603585965e-02,1.666433979430090653e-02,7.490152060144063262e-02,1.005636116846218425e-01,9.724888559275134126e-02,2.343349034425259297e-02,1.353903070771034223e-01,7.446702030693577723e-02,0.000000000000000000e+00,5.430137819271716598e-02,1.500320077978465061e-01,4.039627708992677563e-02,5.260002622667427075e-02,3.678734525388629301e-02,2.834368376772343490e-02,5.384440915847404918e-02,6.533641026716256739e-02,9.952033505046148365e-02,5.092072469876447738e-02,1.686723175687817045e-01,1.425121338819341776e-01,5.256470394968396076e-02,1.236051129274045868e-01,2.817895264032642677e-01,1.601956564429641294e-01,2.147437288221608065e-01,1.446756821886248101e-01,3.195780919036946693e-02,1.017063459566679845e-01,4.818477069357458842e-02,3.374015082127838211e-02,4.743811055254870679e-02,2.780200765117471495e-02,4.729576133237026886e-02,1.765641927608631659e-02,1.732329124931693623e-02,4.750979449279451455e-02,3.056155204471297515e-02,4.216035835979125429e-02,2.939252806636623652e-02,3.758147284008288985e-02,1.086577538507394608e-02,1.182728645842548963e-02,2.848832843059646847e-02,4.425176054675811904e-02,7.016655054169176897e-02,2.182409557031495320e-02,7.251789145827458594e-02,9.263976680019478382e-02,1.114461017491371608e-01,2.420424605063858578e-02,1.274726439660381905e-01,8.647825322431357264e-02,1.079325642774767724e-01,6.082432089829427346e-02,1.469923621952397563e-01,5.184204413747162121e-02,5.214017204305942260e-02,4.385844825045873835e-02,2.519794123036840292e-02,5.253198393464513644e-02,7.179929368911722176e-02,9.434462962036202494e-02,5.328573440477201578e-02,1.601724893248848702e-01,1.633727061537955105e-01,3.853241655818490791e-02,1.147484247315458394e-01,3.357196354587797527e-01,1.751186727405271149e-01,2.011172653050490866e-01,1.323157408908078314e-01,3.648911702409692731e-02,1.139385015564937376e-01
1.724675716389460420e-02,2.183590565812027970e-02,2.320175085151946967e-02,9.024049119026412991e-03,4.121691940062608556e-02,5.588614320005456937e-02,5.343601102096296601e-02,1.369647215629057717e-02,7.469860564300249972e-02,4.097378704813675609e-02,5.430137819271716598e-02,0.000000000000000000e+00,8.271229022927062413e-02,2.222877050499044022e-02,3.074606756234011043e-02,2.034823803099725797e-02,1.560499636110135660e-02,2.951069361883700004e-02,3.731627212214344569e-02,5.488264405063452561e-02,2.969407016164237606e-02,9.296859439693379301e-02,8.235700761840157591e-02,3.088313441764648642e-02,6.798369653857680439e-02,1.609014888799047138e-01,8.878043006426244999e-02,1.185392753184972420e-01,7.880781782037712957e-02,1.735450234365403313e-02,5.674088036302570026e-02,2.700603184326550929e-02,1.892835609130549129e-02,2.666665048198093441e-02,1.551847391418735220e-02,2.601416616564768830e-02,9.599721281202766229e-03,9.754063140909329660e-03,2.701024691886752885e-02,1.733175890613682102e-02,2.393062406756729307e-02,1.649792315050164354e-02,2.075083109370574191e-02,5.943827250060952465e-03,6.796514071984103601e-03,1.717333861908281953e-02,2.427883147035415912e-02,3.926148838703420740e-02,1.195981723979389240e-02,3.984085587649430910e-02,5.074736772565165144e-02,6.155144436130159658e-02,1.387856800320331173e-02,7.025621564070314018e-02,4.798045816323547041e-02,6.011588484519376357e-02,3.528780139825225121e-02,8.135000278509453564e-02,2.865999977940949031e-02,3.002483555579341795e-02,2.376668613876022421e-02,1.376141706110886598e-02,2.899095494740343629e-02,4.030086410929225454e-02,5.150680207526979471e-02,3.070060957160397619e-02,8.791312371133223891e-02,9.364447916063459165e-02,2.220394645212574528e-02,6.260968577502341870e-02,1.902486953306467832e-01,9.691179628610749330e-02,1.112146892072540250e-01,7.176359668569208539e-02,2.004272892392003347e-02,6.350155371403137794e-02
4.360894048166626125e-02,6.162134207133503072e-02,6.424042363705459446e-02,2.553148518199571670e-02,1.166869204664025134e-01,1.585411281004819595e-01,1.507612464805660746e-01,3.648262307932569060e-02,2.107388082686302566e-01,1.151135114299858125e-01,1.500320077978465061e-01,8.271229022927062413e-02,0.000000000000000000e+00,6.229424286241634634e-02,8.218473223852480747e-02,5.759944750703106797e-02,4.383545358461299335e-02,8.334474476184064451e-02,1.020068410329488806e-01,1.550101569416328651e-01,7.880076673229066686e-02,2.646824626811422609e-01,2.216215604605435430e-01,8.161301260264798574e-02,1.930159602018170217e-01,4.388154543009657460e-01,2.496078052784715395e-01,3.349589248047896151e-01,2.254877664468704634e-01,4.879356055920964358e-02,1.579778992290639672e-01,7.610838741910069816e-02,5.359919253987094345e-02,7.414766343798215309e-02,4.392614249915045149e-02,7.247760976495944141e-02,2.707626290916795644e-02,2.726575256247621218e-02,7.587009132300072400e-02,4.872015995532270882e-02,6.615507084989925846e-02,4.637383097351314987e-02,5.700956353488471906e-02,1.666090742086040466e-02,1.839812148973858294e-02,4.388513494870767417e-02,6.822864460629587957e-02,1.097178728125804831e-01,3.336141277600812582e-02,1.124265906570201673e-01,1.425508091121853171e-01,1.730436791835502364e-01,3.753496558536558586e-02,1.980764574710142945e-01,1.344825865669391496e-01,1.674712812712328136e-01,9.171769734946073893e-02,2.288920623029790380e-01,7.932312904643554208e-02,8.154557280260357754e-02,6.762046668308975550e-02,3.825162253081446084e-02,8.119680496487427512e-02,1.117803649364162988e-01,1.450444331324966529e-01,8.255270517437029998e-02,2.476755213252498922e-01,2.547097447400498704e-01,5.977912761041007800e-02,1.793364719925358286e-01,5.248554395109591431e-01,2.723048802978627614e-01,3.113270309051804907e-01,2.038001343705459767e-01,5.618585851228282552e-02,1.780321066704660393e-01
1.169650051830292692e-02,1.629417567077025286e-02,1.726795780583464945e-02,6.863682348073963171e-03,3.094552704775756918e-02,4.236272701755402353e-02,3.970837561918626885e-02,9.578745897146148658e-03,5.658582919068271683e-02,3.066232325012849952e-02,4.039627708992677563e-02,2.222877050499044022e-02,6.229424286241634634e-02,0.000000000000000000e+00,2.229603872256605279e-02,1.512618867484929325e-02,1.172523346587758288e-02,2.206290674664080839e-02,2.780717858811007984e-02,4.128047186274960006e-02,2.096045406693855181e-02,7.036085763879730559e-02,5.883426086334725413e-02,2.183084915829549416e-02,5.075305113875894919e-02,1.162969432392432639e-01,6.631119278898570113e-02,8.918300319573736756e-02,5.994637136768309060e-02,1.323453762500197313e-02,4.179071228782439001e-02,2.021664992736092389e-02,1.424430458627821104e-02,1.954457467387326133e-02,1.157457090177335148e-02,1.920405628701465917e-02,7.150147839326107674e-03,7.315701659441271529e-03,2.018382781748537594e-02,1.265667086741693176e-02,1.737251405559939177e-02,1.236248676322215974e-02,1.527646133039473400e-02,4.471287972355250141e-03,4.965294439064408399e-03,1.152860651432299245e-02,1.829788296427939040e-02,2.958217855859174641e-02,9.020051360857700776e-03,3.014046397377529579e-02,3.785276274152302861e-02,4.614529690117049471e-02,9.898963016121156699e-03,5.297866022580777906e-02,3.600921474908162084e-02,4.494350193415413280e-02,2.423175459535509280e-02,6.078042834583380349e-02,2.129494239968685379e-02,2.168431027962269136e-02,1.824142944916062534e-02,1.040642385569049387e-02,2.182785443480907486e-02,3.049447412891359219e-02,3.874214754429593233e-02,2.174270210885367177e-02,6.634919377853056022e-02,6.732255720024016288e-02,1.560827171286578718e-02,4.771491596878662395e-02,1.394280342525807403e-01,7.305881519498534649e-02,8.333588734224249561e-02,5.460535028691419074e-02,1.520027490746052659e-02,4.726762094300869521e-02
1.673806702978498234e-02,2.243651580671346749e-02,2.275945510522783474e-02,9.133232887373506081e-03,4.081586393458522255e-02,5.534272044714851069e-02,5.321700768852462293e-02,1.317474067298114900e-02,7.377020291057465040e-02,4.028235514367826953e-02,5.260002622667427075e-02,3.074606756234011043e-02,8.218473223852480747e-02,2.229603872256605279e-02,0.000000000000000000e+00,2.024350027139934852e-02,1.540452512774263469e-02,2.916103730081827730e-02,3.587495455600266808e-02,5.459366672236892759e-02,2.866824679881242038e-02,9.223456686837427920e-02,8.026785369659657221e-02,3.053089748259601652e-02,6.746313053238517377e-02,1.578770115501526017e-01,8.836305013510577233e-02,1.173423036454832730e-01,7.914349335810855202e-02,1.746488093142543885e-02,5.644009115504195623e-02,2.596605800597061309e-02,1.849336849724864465e-02,2.623961514466753575e-02,1.531112900556916984e-02,2.576568677870403126e-02,9.547097920120234393e-03,9.463083572606695304e-03,2.596578125802632975e-02,1.663720785358984572e-02,2.312400341850391269e-02,1.623030143639987710e-02,2.033540631736439550e-02,5.822981800005771341e-03,6.556448058550121659e-03,1.670089593774608250e-02,2.445092737628430657e-02,3.868862174499521078e-02,1.201928927132500310e-02,3.942343701916886656e-02,5.135409810090287713e-02,6.071644278720312454e-02,1.379205803625577730e-02,6.994037579368743429e-02,4.626323082545352045e-02,5.914608448777161631e-02,3.500623367336153785e-02,8.110656950051814418e-02,2.822969189263348916e-02,2.950040791123006642e-02,2.366750310592040732e-02,1.373161099807459519e-02,2.846702404571430089e-02,3.918183965677030089e-02,5.178001427488428121e-02,3.029362573982939677e-02,8.795868336460885284e-02,9.227441612222307687e-02,2.227030291302119561e-02,6.249047619969518713e-02,1.880008806560363732e-01,9.566565076987772198e-02,1.098734915977079424e-01,7.221165781780122805e-02,1.964316307502543893e-02,6.261962209819632585e-02
1.067246086770302048e-02,1.535555148918625254e-02,1.574480123312596569e-02,6.144843875119621393e-03,2.830048979124824907e-02,3.870721063190851047e-02,3.681760942898087974e-02,8.961667296112259262e-03,5.195735512717866017e-02,2.828477699502145171e-02,3.678734525388629301e-02,2.034823803099725797e-02,5.759944750703106797e-02,1.512618867484929325e-02,2.024350027139934852e-02,0.000000000000000000e+00,1.076847370373194834e-02,2.041409193558099688e-02,2.514412900619831734e-02,3.851047669633338166e-02,1.932303270245740515e-02,6.512212091011211623e-02,5.439982290767183398e-02,2.006976554836514479e-02,4.720413335655868070e-02,1.080017792684067474e-01,6.144705030242398475e-02,8.197935196960852433e-02,5.582404781124214455e-02,1.195229033819799301e-02,3.859923865657854253e-02,1.838630935271064540e-02,1.295029671029234407e-02,1.799926469353766920e-02,1.063873601879030371e-02,1.764306426143020384e-02,6.585908167475530532e-03,6.628526885486041298e-03,1.823459955955422651e-02,1.169971542467166011e-02,1.594164707519039881e-02,1.122159767958553177e-02,1.388193146812278372e-02,3.996361369721818622e-03,4.491200301335395752e-03,1.062472577670803275e-02,1.684329281212927631e-02,2.677969819975370078e-02,8.017005976366103209e-03,2.716995709040651366e-02,3.544300356299140420e-02,4.215489861711622932e-02,9.120371302889470830e-03,4.899795129333445881e-02,3.258184630787229474e-02,4.090086070012098618e-02,2.245707615313582289e-02,5.632013750880199981e-02,1.911859621298866302e-02,1.996675477277900373e-02,1.660894556384336432e-02,9.376685160524563314e-03,1.984713472439900844e-02,2.728032128862071387e-02,3.605044234732677350e-02,2.003415017299207262e-02,6.135818016280220055e-02,6.216625615476482208e-02,1.466192777769566649e-02,4.363919030028875351e-02,1.281782587703544918e-01,6.692286620319445878e-02,7.660871367727409287e-02,5.063287928262935611e-02,1.402358743267298306e-02,4.373994624290733491e-02
8.185813522566127640e-03,1.156600759195240864e-02,1.193574928081850804e-02,4.764608575590701008e-03,2.183549531858212586e-02,2.944482745498185408e-02,2.825869945216426260e-02,6.819197946030345139e-03,3.956740788461587249e-02,2.147456089616097200e-02,2.834368376772343490e-02,1.560499636110135660e-02,4.383545358461299335e-02,1.172523346587758288e-02,1.540452512774263469e-02,1.076847370373194834e-02,0.000000000000000000e+00,1.554290428996999048e-02,1.906179643411974947e-02,2.893217283524535458e-02,1.484928507218338627e-02,4.910488355642795427e-02,4.127357182289131260e-02,1.529314236324723700e-02,3.593599860974474453e-02,8.212036310758152879e-02,4.672537381039823523e-02,6.261349815620614878e-02,4.209269562255626984e-02,9.165265879294124188e-03,2.948929030256946734e-02,1.404602202599814116e-02,9.868668894368624878e-03,1.362609305999354717e-02,7.981756305902731538e-03,1.367750823630390147e-02,5.113932294580297508e-03,5.033639377689182355e-03,1.395038000305156255e-02,8.937036763621279689e-03,1.217066758405836724e-02,8.469353403761595983e-03,1.090594954779773237e-02,3.114583633609990191e-03,3.443313718532742783e-03,8.293094261344989906e-03,1.279448979947181431e-02,2.057055341965861872e-02,6.352848901820347914e-03,2.109618937457434507e-02,2.667209282488794408e-02,3.246154479637315682e-02,6.975225995949244778e-03,3.702107724692783874e-02,2.519881539300365680e-02,3.139798059780452011e-02,1.739766782127639272e-02,4.292620120279727614e-02,1.493475145566581716e-02,1.513838371027284753e-02,1.260577070921263185e-02,7.245454741995435710e-03,1.525549333701946980e-02,2.102305891699730520e-02,2.712966998775964700e-02,1.542477285863405601e-02,4.637291460995450476e-02,4.730230988571922091e-02,1.111611515624700078e-02,3.349275126084801102e-02,9.757715867647633046e-02,5.111885082519086743e-02,5.859833390778031170e-02,3.812463511240944680e-02,1.061462511402767178e-02,3.325740468029882158e-02
1.527580481487831807e-02,2.216209506177127184e-02,2.277528533431883578e-02,9.088863670403176526e-03,4.138618876255774348e-02,5.647203663279017766e-02,5.335822099484907599e-02,1.289348723636035005e-02,7.565316059493810974e-02,4.108663129643183587e-02,5.384440915847404918e-02,2.951069361883700004e-02,8.334474476184064451e-02,2.206290674664080839e-02,2.916103730081827730e-02,2.041409193558099688e-02,1.554290428996999048e-02,0.000000000000000000e+00,3.638353767843065245e-02,5.566140163433360571e-02,2.790382402377653004e-02,9.470401766075152439e-02,7.863809018584505539e-02,2.881445616435659648e-02,6.843778571246987574e-02,1.560310054367796129e-01,8.899906619321540369e-02,1.189064818814365154e-01,8.076303322635428050e-02,1.759488610359448424e-02,5.588186384215562685e-02,2.660641230781708028e-02,1.857406617094021703e-02,2.566428159041359361e-02,1.522257104034488093e-02,2.564455745018640390e-02,9.609246983574050438e-03,9.558264858617623524e-03,2.657515812061994609e-02,1.675062293013488204e-02,2.291052302023901047e-02,1.620023504595528852e-02,2.015940815835809072e-02,5.829238227431803900e-03,6.513369685825539344e-03,1.530525435534898018e-02,2.443930367052151928e-02,3.929904859951213747e-02,1.179517883538941901e-02,4.011183646357666110e-02,5.091727153329459604e-02,6.160717668214360510e-02,1.318759955997167964e-02,7.100012469452604558e-02,4.772264299340409077e-02,5.966497089858561337e-02,3.249136569243542966e-02,8.157717811669436270e-02,2.795369156460667664e-02,2.891386074339799897e-02,2.424509580265992240e-02,1.362071993498733397e-02,2.881217614993217963e-02,4.006957240679313859e-02,5.190052440633653730e-02,2.898365556962062550e-02,8.874261061082895641e-02,9.026450207182369623e-02,2.094291681247910375e-02,6.359475425255946279e-02,1.856874125033453338e-01,9.722499206311227549e-02,1.114871780141644952e-01,7.344589086417642465e-02,2.034835828272817809e-02,6.285775659356621081e-02
1.995781140099435816e-02,2.744408468614947458e-02,2.848796243433805025e-02,1.132117969439343924e-02,5.115275327750411910e-02,6.895455799569885635e-02,6.604993763443878230e-02,1.592733960247780939e-02,9.253001696105936369e-02,4.992225956840552065e-02,6.533641026716256739e-02,3.731627212214344569e-02,1.020068410329488806e-01,2.780717858811007984e-02,3.587495455600266808e-02,2.514412900619831734e-02,1.906179643411974947e-02,3.638353767843065245e-02,0.000000000000000000e+00,6.815068862260657834e-02,3.489953648690615612e-02,1.152649994618944740e-01,9.827699427789728104e-02,3.666168238543185409e-02,8.415550358531367903e-02,1.939589141468209543e-01,1.102507977482671819e-01,1.455131576162644325e-01,9.867989521208658799e-02,2.173170666277509169e-02,6.976962162571929971e-02,3.198374065370288011e-02,2.305651486554737006e-02,3.225505130277243893e-02,1.899109456584911759e-02,3.215241612879109201e-02,1.190550352730244954e-02,1.172011672199198273e-02,3.175578664191935907e-02,2.069659299145788778e-02,2.887856505908125912e-02,2.007032754024807436e-02,2.547481749002395574e-02,7.293801705589623117e-03,8.068975647971175780e-03,2.009856093093921950e-02,3.032087631625014421e-02,4.873478061635520830e-02,1.498386759533495462e-02,4.889765627651491281e-02,6.405607932931106641e-02,7.572693795048884846e-02,1.651687544701415516e-02,8.724684730700014990e-02,5.780725589794732944e-02,7.305361312426737752e-02,4.213370994702528988e-02,1.003189835966560028e-01,3.520794789837314309e-02,3.601104318130547016e-02,2.962495915534715807e-02,1.712674441627949282e-02,3.589508856324338804e-02,4.910319074591926874e-02,6.460656772519304814e-02,3.654997301570030860e-02,1.091153465168677172e-01,1.129297330424087059e-01,2.698013976885580215e-02,7.746002749286164113e-02,2.306304560301730699e-01,1.200937364986826572e-01,1.368890767549227339e-01,9.038004670480651037e-02,2.488679074653973172e-02,7.762558284169530920e-02
2.899123624169816157e-02,4.127606460872603605e-02,4.291538247508718679e-02,1.683667166111178087e-02,7.636710841622387780e-02,1.048724484114163941e-01,9.917118480793619961e-02,2.434928528373490192e-02,1.413465182260518760e-01,7.560162017312836713e-02,9.952033505046148365e-02,5.488264405063452561e-02,1.550101569416328651e-01,4.128047186274960006e-02,5.459366672236892759e-02,3.851047669633338166e-02,2.893217283524535458e-02,5.566140163433360571e-02,6.815068862260657834e-02,0.000000000000000000e+00,5.219637883015702806e-02,1.760710420350220240e-01,1.480489680125385843e-01,5.410084481042335552e-02,1.279185341839612633e-01,2.922366235077105689e-01,1.662913343293545010e-01,2.212146026758654571e-01,1.504327431163576811e-01,3.240708008024639764e-02,1.050968791692545590e-01,4.950155724758005527e-02,3.480685653697600246e-02,4.867432889966379767e-02,2.855039966513848657e-02,4.804833967673261680e-02,1.787903479078406868e-02,1.787896681077631722e-02,4.877932247617689648e-02,3.137458089399046413e-02,4.317391462639796201e-02,3.017334552187124833e-02,3.765071839024573125e-02,1.072548636443367530e-02,1.201033519275641719e-02,2.900743080598947032e-02,4.603965668683598911e-02,7.314234154529762610e-02,2.202633071978623777e-02,7.374194539824038830e-02,9.621255329124207833e-02,1.143480347793086743e-01,2.483175641128426703e-02,1.330397139604020118e-01,8.813835903599454014e-02,1.107936187210589035e-01,6.080723765781938239e-02,1.515796256099051498e-01,5.219460715749005969e-02,5.382004717412598033e-02,4.467414250808406789e-02,2.578137873198900476e-02,5.393750860612509662e-02,7.431247560124484841e-02,9.726441947992858772e-02,5.402800691532307770e-02,1.653657615470519870e-01,1.687226196174442250e-01,3.979579427840188727e-02,1.182341443768883810e-01,3.477854906145801395e-01,1.813655952712826536e-01,2.065593833581636229e-01,1.372930821418674452e-01,3.756141225032420122e-02,1.179837804125550282e-01
1.626643123702026239e-02,2.097840264096778942e-02,2.164174132288182451e-02,8.608141746034105729e-03,3.905959885859128927e-02,5.286547136778987216e-02,5.072626189674884351e-02,1.274593713619955916e-02,7.048109981661686285e-02,3.929584730129541403e-02,5.092072469876447738e-02,2.969407016164237606e-02,7.880076673229066686e-02,2.096045406693855181e-02,2.866824679881242038e-02,1.932303270245740515e-02,1.484928507218338627e-02,2.790382402377653004e-02,3.489953648690615612e-02,5.219637883015702806e-02,0.000000000000000000e+00,8.833361810197369601e-02,7.684129014499951893e-02,2.948172666590820681e-02,6.465303858949353333e-02,1.521235307574220763e-01,8.433090167338619381e-02,1.125727842170147902e-01,7.487532765352437891e-02,1.629729928204506906e-02,5.345836945307674143e-02,2.576378156490628790e-02,1.813119628499067562e-02,2.521923445503912800e-02,1.475899232508811644e-02,2.457161488406749833e-02,9.143251397043066636e-03,9.268205798406189966e-03,2.574244038398607742e-02,1.618462246431813176e-02,2.238285047331112221e-02,1.576456970622061929e-02,1.960523559434211235e-02,5.695036558959750556e-03,6.391553103592895017e-03,1.614564700764274663e-02,2.288200792516451032e-02,3.663509505395876054e-02,1.131927642089441445e-02,3.786905939182440284e-02,4.797690004260924540e-02,5.796028430179060026e-02,1.315983287937184248e-02,6.624726589887303119e-02,4.569539723323459701e-02,5.688157327961385068e-02,3.354253856809145257e-02,7.666451608177377031e-02,2.707186876815732141e-02,2.854400031141102884e-02,2.289748460308396391e-02,1.320611836624093101e-02,2.752248030860082045e-02,3.761837846042843936e-02,4.939803152967305044e-02,2.924069001709697635e-02,8.366656114137714650e-02,8.819709585574059263e-02,2.122848037038449834e-02,5.957031242841138302e-02,1.800138910526444258e-01,9.120208879521665701e-02,1.047323299874326347e-01,6.804836772689851210e-02,1.878553262737777882e-02,6.012602575606217775e-02
