0.000000000000000000e+00,1.091994197073020527e-02,6.569165390545517874e-03,4.732711534329448431e-03,1.642643709430486806e-02,2.012740805395176608e-02,2.290400685835191838e-02,5.331487449541720894e-03,2.506956303147389251e-02,1.498497148853450769e-02,1.827711464576838030e-02,1.403926267199465637e-02,3.482119935967051966e-02,8.369650523914830970e-03,1.079419864161773948e-02,6.162771909751036704e-03,6.787242743847454740e-03,1.311133351757474454e-02,1.188379071087941954e-02,1.924404998293520810e-02,1.040019186556901190e-02,3.753789812925388547e-02,2.909722330172514332e-02,1.124152575648743567e-02,2.936926557986448139e-02,6.725987824065871035e-02,3.379399114774914864e-02,4.779339328134374343e-02,2.982422173108803531e-02,7.130002557054926360e-03,1.833955111302644145e-02,1.139744653779939561e-02,6.779429168920463565e-03,1.109707293874172621e-02,7.288022035009380714e-03,9.038649188410253707e-03,4.047780385131301804e-03,3.977947831422594741e-03,1.166322667301621444e-02,5.728509061430446352e-03,9.138407373455312982e-03,7.070586047088942352e-03,9.041989052834943294e-03,2.706889883648571065e-03,2.152319858329581649e-03,6.913442944356073920e-03,9.916798533358082632e-03,1.113261995877389866e-02,4.244487385966923265e-03,1.587727908705778568e-02,2.069300366247170050e-02,2.075447071426013423e-02,5.761170268789724339e-03,2.959018304497960591e-02,1.616619370711106646e-02,2.373065587927078446e-02,1.426972661999493727e-02,3.400229790359630966e-02,1.100812113939899153e-02,1.216831548615092753e-02,8.597722238687825064e-03,5.774184105029104251e-03,9.995057537891080535e-03,1.179322838256039938e-02,1.776481897335975557e-02,1.137221928655603870e-02,3.669433712338125014e-02,3.293623409483292797e-02,8.769036181960144019e-03,2.571583180791979853e-02,8.305214244735333040e-02,3.587841957000795917e-02,4.918518555272618359e-02,3.077991052908488068e-02,6.473710337864383747e-03,2.326291798338702907e-02
1.091994197073020527e-02,0.000000000000000000e+00,1.358365066975210540e-02,1.001117662587983070e-02,3.366415477808085144e-02,4.086736015365778629e-02,4.724046608134967878e-02,1.088882029006028353e-02,5.178133929610028580e-02,3.055187715087473443e-02,3.763312020917292805e-02,2.763258435977618971e-02,7.209396535247744597e-02,1.697796220823289542e-02,2.092405526680473152e-02,1.256222272121458768e-02,1.390880744433242895e-02,2.711840399047941649e-02,2.421047566209718824e-02,3.895574314203167215e-02,2.074518212869127382e-02,7.575869213088314014e-02,5.728781206450028057e-02,2.210661728674681581e-02,5.987391461794208669e-02,1.350898422513234221e-01,6.896784760274031478e-02,9.785671497123911433e-02,6.083981146935275863e-02,1.460563041262453662e-02,3.720591910347560705e-02,2.310607555987232234e-02,1.390959214800780060e-02,2.313754368283777590e-02,1.487627655854205366e-02,1.846210636876506953e-02,8.423093246870029180e-03,7.870672150502619480e-03,2.375079538246879785e-02,1.177380628474938677e-02,1.870914181129826673e-02,1.465381794406689191e-02,1.884186901896318239e-02,5.681910298835735756e-03,4.123268555090714958e-03,1.378757665998165023e-02,2.032265187572118367e-02,2.250189901474233811e-02,8.582050895216863234e-03,3.229051010272269290e-02,4.199982950313287111e-02,4.232265911835900868e-02,1.177656314117957355e-02,6.017084729197968995e-02,3.346816348143991787e-02,4.879038529987064082e-02,2.784924288159976863e-02,6.969518444895976550e-02,2.283330714215974638e-02,2.417777259949361809e-02,1.764700227092353552e-02,1.213218740157585157e-02,2.037384719463932944e-02,2.444527220026162379e-02,3.609406022868816982e-02,2.283516471024526692e-02,7.486234215780301904e-02,6.505077395890120073e-02,1.708141295370716947e-02,5.255301141218479688e-02,1.673051781620838452e-01,7.399556935661892598e-02,9.965289064526050566e-02,6.301355377447358241e-02,1.283978779026969698e-02,4.710001525504192016e-02
6.569165390545517874e-03,1.358365066975210540e-02,0.000000000000000000e+00,6.027664450935145413e-03,2.079587033321559503e-02,2.512982585455659362e-02,2.899855003848535173e-02,6.685907650621682879e-03,3.261019765203126280e-02,1.811924815681327516e-02,2.336190073337822762e-02,1.658638160351647711e-02,4.363287985793909418e-02,1.037569498522728645e-02,1.298666149080967072e-02,7.692219864963847215e-03,8.317051237103925687e-03,1.645725087429406736e-02,1.538056148066786234e-02,2.375470283525520435e-02,1.233376863645887535e-02,4.721576545177965517e-02,3.586848072188048020e-02,1.333415640224703581e-02,3.666743299195344974e-02,8.290787717099269705e-02,4.240309313154511095e-02,5.923301051281895657e-02,3.801356702626672301e-02,8.771890922852290315e-03,2.270142336729076907e-02,1.407493586401258046e-02,8.841454838721602913e-03,1.439298184914637735e-02,9.239254610049582594e-03,1.129551054641281596e-02,5.193090544893003146e-03,5.040513513953548061e-03,1.459224081289611438e-02,7.466680715990157632e-03,1.150663692511643375e-02,8.859022744245940301e-03,1.161683951480496982e-02,3.472844738984208132e-03,2.659344311310328328e-03,8.136031792799139004e-03,1.229119067237090246e-02,1.393924027681706437e-02,5.196179246499700415e-03,1.988084757619785342e-02,2.607393459153686810e-02,2.618495687323705093e-02,7.112957155036360966e-03,3.781451493955039628e-02,2.011415114852659752e-02,3.044884740640007095e-02,1.656920821612925532e-02,4.250352803161300957e-02,1.398970104363749314e-02,1.467873300579550233e-02,1.075955098906977193e-02,7.291949018288860704e-03,1.280935142761475271e-02,1.530144660474470897e-02,2.242616035980281308e-02,1.366860121191436003e-02,4.642843701479459212e-02,4.005910610783143533e-02,1.050714716421582116e-02,3.223780828231630896e-02,1.018017825884221517e-01,4.540763024007454796e-02,6.079721461472480104e-02,3.917222130640956451e-02,8.181098519547779294e-03,2.870326844011287376e-02
4.732711534329448431e-03,1.001117662587983070e-02,6.027664450935145413e-03,0.000000000000000000e+00,1.471539071046743322e-02,1.807431180200154072e-02,2.077252538557538067e-02,4.763050135882994536e-03,2.294225488233864532e-02,1.343586892786493951e-02,1.659726528604904203e-02,1.199285264603979807e-02,3.177556613278743891e-02,7.495070696505897606e-03,9.028440022775344534e-03,5.463290809503137252e-03,6.209244624335524300e-03,1.196367315384470539e-02,1.058884174827038130e-02,1.705815680438335993e-02,9.053564078918220973e-03,3.319832982816772748e-02,2.508868345197833027e-02,9.587460603254174818e-03,2.668197829764865081e-02,5.879681821480654130e-02,3.039345630783536756e-02,4.288950628474089838e-02,2.699668704874723379e-02,6.384230665706717468e-03,1.634699172182699570e-02,1.011462783523954002e-02,6.361099302126082232e-03,1.035711780343378380e-02,6.689451150715395797e-03,8.082770729561062142e-03,3.695232726055986284e-03,3.438711361149634181e-03,1.058245480827319299e-02,5.223739937183899743e-03,8.413899863267329873e-03,6.624269234340758941e-03,8.360903875070251762e-03,2.566985793587984750e-03,1.837693671053914962e-03,6.094071982964915576e-03,8.817979186312699738e-03,1.008066890021532512e-02,3.846883512652627540e-03,1.437071354198978489e-02,1.850366289109475412e-02,1.881231262665553072e-02,5.177558004763755869e-03,2.661763775874588511e-02,1.465392364209368303e-02,2.152360791029460027e-02,1.212243225224782055e-02,3.106340157498466148e-02,1.010897020156348129e-02,1.064690451947923784e-02,7.827074782154160720e-03,5.473678959643824525e-03,9.089564799698255163e-03,1.085201745871319789e-02,1.611632995135669696e-02,1.031758608699349239e-02,3.275449332114929030e-02,2.833267476936150026e-02,7.464036779944505096e-03,2.305728276514613581e-02,7.291621948278793897e-02,3.252793439759171096e-02,4.399085956011470483e-02,2.763392056112299114e-02,5.653902838590967213e-03,2.092375407075681634e-02
1.642643709430486806e-02,3.366415477808085144e-02,2.079587033321559503e-02,1.471539071046743322e-02,0.000000000000000000e+00,6.166238123775037716e-02,6.988053558084142414e-02,1.633301799416016220e-02,7.820424024754310532e-02,4.597054955125394471e-02,5.658239811651194495e-02,4.087045528341836514e-02,1.075816522849536577e-01,2.524850505308949902e-02,3.110553044521128033e-02,1.879952229030040778e-02,2.092985223380714951e-02,4.060089180472156722e-02,3.671750518572379496e-02,5.890770715155890791e-02,3.080325321649342307e-02,1.138877804084571926e-01,8.648988556131179117e-02,3.269057197197179632e-02,8.971573270508426123e-02,1.994839883800489932e-01,1.031574856450831745e-01,1.458763176540696371e-01,9.205057781784280191e-02,2.197081888333794406e-02,5.594058692193588228e-02,3.481878783854337051e-02,2.106669520281675978e-02,3.451239036153055939e-02,2.239756074425233723e-02,2.762670134732860688e-02,1.267846433949553452e-02,1.189192645242982509e-02,3.568089982377266323e-02,1.764574686035869783e-02,2.813348086518137683e-02,2.178359851286882851e-02,2.794772817923391744e-02,8.523523253056190449e-03,6.389505883698206809e-03,2.054770944627617307e-02,3.036909446938466234e-02,3.414701633507346429e-02,1.302830679598420728e-02,4.844608735827079377e-02,6.312047308471051277e-02,6.383388034035948622e-02,1.770580232699310586e-02,9.021983889447138250e-02,5.006689047581176083e-02,7.298557019378951183e-02,4.168634808615954285e-02,1.039091606398006989e-01,3.405588720512735257e-02,3.578642474666696854e-02,2.631030073910966757e-02,1.821740066935053845e-02,3.060213134827723808e-02,3.672494609322870390e-02,5.468945877384152193e-02,3.413364233766321559e-02,1.120780672105448073e-01,9.774929060185762186e-02,2.575246620419768470e-02,7.926979693493131640e-02,2.481113477557673752e-01,1.103940390074338723e-01,1.487885851966846418e-01,9.443332886911985635e-02,1.980331688606892793e-02,7.033963719773909939e-02
2.012740805395176608e-02,4.086736015365778629e-02,2.512982585455659362e-02,1.807431180200154072e-02,6.166238123775037716e-02,0.000000000000000000e+00,8.649125814589492256e-02,1.985106872398908345e-02,9.628169041848798348e-02,5.486037345643797469e-02,6.870412324620683853e-02,4.997023891122191752e-02,1.310170818473361809e-01,3.108645289309743681e-02,3.816797051588571160e-02,2.329961899968899935e-02,2.494644483461686685e-02,4.943610153219776121e-02,4.478413396423719384e-02,7.227662695990326458e-02,3.781517229163668115e-02,1.405608864698757732e-01,1.070906881346953415e-01,4.062895385771903706e-02,1.098565094137153031e-01,2.480809094196815279e-01,1.265976092998433999e-01,1.785160359337496783e-01,1.129427606165315651e-01,2.679612849406282776e-02,6.867558726316337625e-02,4.183877881439512086e-02,2.560149047531849048e-02,4.197186978838413768e-02,2.688968880342814186e-02,3.362705675642781861e-02,1.532225426636920143e-02,1.456499074990832802e-02,4.307101266126051042e-02,2.205463353978801694e-02,3.421074487673576858e-02,2.615595675303667572e-02,3.399976786489200542e-02,1.020201981847893534e-02,7.801527774558556991e-03,2.548535941241644384e-02,3.744909038847085009e-02,4.152802833459909304e-02,1.560981697448188613e-02,5.865161421133914532e-02,7.801751629021096146e-02,7.814137553257627378e-02,2.157643212444367714e-02,1.110743044276259334e-01,6.023726262479904559e-02,8.905513402777366638e-02,5.070678280068887517e-02,1.276301620831525596e-01,4.142869420139164149e-02,4.378990612467482946e-02,3.230315966844179987e-02,2.201442698202988463e-02,3.786122009026718360e-02,4.494843866087199630e-02,6.618734866062749023e-02,4.185977853479248834e-02,1.375034101648882345e-01,1.214713661881522966e-01,3.209171871191066061e-02,9.691300001090276395e-02,3.057475775271180640e-01,1.347785021316350307e-01,1.820721059422062138e-01,1.162901923842301205e-01,2.423786304631105407e-02,8.621072504662481706e-02
2.290400685835191838e-02,4.724046608134967878e-02,2.899855003848535173e-02,2.077252538557538067e-02,6.988053558084142414e-02,8.649125814589492256e-02,0.000000000000000000e+00,2.293126892673057540e-02,1.095053938371838564e-01,6.418325551845995014e-02,7.934248380149191981e-02,5.738667522109303087e-02,1.504363967395532797e-01,3.524351986356171612e-02,4.369212463759918758e-02,2.634241067424098262e-02,2.953936530847807787e-02,5.714942589417674329e-02,5.112787180463284481e-02,8.239493535173975092e-02,4.347313477283341193e-02,1.594603101179984384e-01,1.213194359847411113e-01,4.593991300767985564e-02,1.262764981673399900e-01,2.802003398905258957e-01,1.445824011439418300e-01,2.044318743023212925e-01,1.285990635496336298e-01,3.048849851084389079e-02,7.782008968651028813e-02,4.881896922417260781e-02,2.953439750905563141e-02,4.879199723910444819e-02,3.138673106972101473e-02,3.866553770969033410e-02,1.774331170645870523e-02,1.659337598917923207e-02,5.052994055843555016e-02,2.503920546997897428e-02,3.972274925579021704e-02,3.101993692572200048e-02,3.930760509286272686e-02,1.196443550096616161e-02,8.898099408396014515e-03,2.873883197642167209e-02,4.238549921206970911e-02,4.735557680110948769e-02,1.797084032235700402e-02,6.757152672954384875e-02,8.815804962195082639e-02,8.957932275362287533e-02,2.491728006506261847e-02,1.265650909015630654e-01,7.036300080164412107e-02,1.024016034876835679e-01,5.806552034102475945e-02,1.463915181596815440e-01,4.750848922958116755e-02,5.017984963804417858e-02,3.696897431320083499e-02,2.573142910879380393e-02,4.313737992001514393e-02,5.096320800296585268e-02,7.646839187663839743e-02,4.810803994288328361e-02,1.565812801322082337e-01,1.366888294408585003e-01,3.609568454724809694e-02,1.102201769406835619e-01,3.468590652058041179e-01,1.541018588616547003e-01,2.085527204213750985e-01,1.321955190344279440e-01,2.736093972553147596e-02,9.857901953053202493e-02
5.331487449541720894e-03,1.088882029006028353e-02,6.685907650621682879e-03,4.763050135882994536e-03,1.633301799416016220e-02,1.985106872398908345e-02,2.293126892673057540e-02,0.000000000000000000e+00,2.522543909170922236e-02,1.490135726753132224e-02,1.818192813219057444e-02,1.349617463994035385e-02,3.447082486748133390e-02,8.303431716637188834e-03,1.002273897040040565e-02,6.280980462463009971e-03,6.665526699284264785e-03,1.291949906280894997e-02,1.165354884588458255e-02,1.912073128504004557e-02,1.004251203425216878e-02,3.648207988962830217e-02,2.823784123883701230e-02,1.080940715459715110e-02,2.892168589353010660e-02,6.467287144266883891e-02,3.330153261427665212e-02,4.692485380425305552e-02,2.977968281432895672e-02,7.062903779822830158e-03,1.855860435182593235e-02,1.084231472356757438e-02,6.598401275978354151e-03,1.108646352185242018e-02,7.018146202048450299e-03,8.985022781500272976e-03,4.062808648620254079e-03,3.703037707741634564e-03,1.112637980995427427e-02,5.727073987537389596e-03,8.943363970992329257e-03,6.951224762358167684e-03,9.012622728459880606e-03,2.777879882769858973e-03,2.057617325548100930e-03,6.461382298046850110e-03,9.915876715102986058e-03,1.105649297664876296e-02,4.348463407983939495e-03,1.558610018717604580e-02,2.048112284517020903e-02,2.115072422475706634e-02,5.664667737862623398e-03,2.882695482094869283e-02,1.629805158435171375e-02,2.380633616260644306e-02,1.390874191869798798e-02,3.385607845787096115e-02,1.098260187354332257e-02,1.150447473242990730e-02,8.554622012052814917e-03,5.869230571075303819e-03,1.006962143231726267e-02,1.187614148677969619e-02,1.776373004188284283e-02,1.119288687102222742e-02,3.594863139392635853e-02,3.208834939529162794e-02,8.364805859089727638e-03,2.543558828560308141e-02,7.968664253185599178e-02,3.528591460310005062e-02,4.798409891979049657e-02,3.033438707107488641e-02,6.345160543605266566e-03,2.295990353965840849e-02
2.506956303147389251e-02,5.178133929610028580e-02,3.261019765203126280e-02,2.294225488233864532e-02,7.820424024754310532e-02,9.628169041848798348e-02,1.095053938371838564e-01,2.522543909170922236e-02,0.000000000000000000e+00,6.939822799811455611e-02,8.784121992181000149e-02,6.275147904798616949e-02,1.661417127901297086e-01,3.940159832023860942e-02,4.843547881451513298e-02,2.968229184165175477e-02,3.201930320385390494e-02,6.309633652351367972e-02,5.724106677318707703e-02,9.246024129671713554e-02,4.761459951093137410e-02,1.788133559423397412e-01,1.366118595036486527e-01,5.069093636482339266e-02,1.394813283321787722e-01,3.127099000644176785e-01,1.629286756401972514e-01,2.262885486380653011e-01,1.446735520987161294e-01,3.388112576074290422e-02,8.687242072668344139e-02,5.284544637342263040e-02,3.277742882612762199e-02,5.364725305311374148e-02,3.421053484818673690e-02,4.293557994851109061e-02,1.949254250682716863e-02,1.870401540781723229e-02,5.484114253662755734e-02,2.808894038793174897e-02,4.367627473735628124e-02,3.360947819234477024e-02,4.325685370138356023e-02,1.302847617732043849e-02,1.004843003481734227e-02,3.127729337726779107e-02,4.747140600283573930e-02,5.325458650318831005e-02,1.982543104217745003e-02,7.390815980350959324e-02,9.905880061478679333e-02,9.950533468021544037e-02,2.741623643808859326e-02,1.408522040063695246e-01,7.682757746898578877e-02,1.132519629208863232e-01,6.405175394578106751e-02,1.621170871843632399e-01,5.216753209032175265e-02,5.499150343641057842e-02,4.107388275109899456e-02,2.804847995464675517e-02,4.833721554190097136e-02,5.723069337728640960e-02,8.488356144484424104e-02,5.236365168655952168e-02,1.748258314160796301e-01,1.538777965281410698e-01,4.025311230291051673e-02,1.232368149213029784e-01,3.850752803056065598e-01,1.728180393318686503e-01,2.314614807375340588e-01,1.483110667670726468e-01,3.092233632009575017e-02,1.088892815626564398e-01
1.498497148853450769e-02,3.055187715087473443e-02,1.811924815681327516e-02,1.343586892786493951e-02,4.597054955125394471e-02,5.486037345643797469e-02,6.418325551845995014e-02,1.490135726753132224e-02,6.939822799811455611e-02,0.000000000000000000e+00,5.096440168787254310e-02,3.743061061053599287e-02,9.712465377841207614e-02,2.291368567904682879e-02,2.846736007726041046e-02,1.691327887555322401e-02,1.895437807880309342e-02,3.686687569739901388e-02,3.286308351794021976e-02,5.318161479571190814e-02,2.861599299770330868e-02,1.028922111822065943e-01,7.811295244620027056e-02,2.985574249690258614e-02,8.137174858873004457e-02,1.820695040618160176e-01,9.267587114029897377e-02,1.319896509148938690e-01,8.194130135586433217e-02,1.976551818809394248e-02,4.996114527995432902e-02,3.126079809975704227e-02,1.880439250968304193e-02,3.099024062963002396e-02,2.010961625854218449e-02,2.511434868432488310e-02,1.148616231682900168e-02,1.052402272449040090e-02,3.220731353290291060e-02,1.594342428914753002e-02,2.513383759029886103e-02,1.971847432483929755e-02,2.545948361964416040e-02,7.568392777102930791e-03,5.689086955360103844e-03,1.878238598455361091e-02,2.742480420204267133e-02,3.040663848149541271e-02,1.149572966282927898e-02,4.402551458836916759e-02,5.583076422610815104e-02,5.747452521831382388e-02,1.601730061888363699e-02,8.118672207468537183e-02,4.578205077643198589e-02,6.597985757611045388e-02,3.762753703407067940e-02,9.411684174980405881e-02,3.064997941254456876e-02,3.240906576328176497e-02,2.371239990512705870e-02,1.654622272631951080e-02,2.759190309978546557e-02,3.296444584858900656e-02,4.849447435095648185e-02,3.132538533862019858e-02,1.008400237111397868e-01,8.820606770084736536e-02,2.291302562359421799e-02,7.131747699762275294e-02,2.255928251403563622e-01,9.843579500889398926e-02,1.357421622492837876e-01,8.454444918380756013e-02,1.787621389511334993e-02,6.344875362976699906e-02
1.827711464576838030e-02,3.763312020917292805e-02,2.336190073337822762e-02,1.659726528604904203e-02,5.658239811651194495e-02,6.870412324620683853e-02,7.934248380149191981e-02,1.818192813219057444e-02,8.784121992181000149e-02,5.096440168787254310e-02,0.000000000000000000e+00,4.561472350007011317e-02,1.196074538504892926e-01,2.852078938477461273e-02,3.479875701864557774e-02,2.127141014348378836e-02,2.308996358370531826e-02,4.541634764836052773e-02,4.085239858872387331e-02,6.603477397094248413e-02,3.457728383230888186e-02,1.278314557140724228e-01,9.752722443580279232e-02,3.676979800476858767e-02,9.994762939404293334e-02,2.235917157831021074e-01,1.159071969526973001e-01,1.631168935812982446e-01,1.035214294699020043e-01,2.447104810665980817e-02,6.291339946298454833e-02,3.829239358856185993e-02,2.345008877238015030e-02,3.861982343669098650e-02,2.477281315043710144e-02,3.091517803353916599e-02,1.410881451423418205e-02,1.329825693433546625e-02,3.939612392078949837e-02,2.005521654611433502e-02,3.143996913942605914e-02,2.423604974555882904e-02,3.125476142825193981e-02,9.584305262558762487e-03,7.141938969872894255e-03,2.256299507660626882e-02,3.403496252970324154e-02,3.832294691575270640e-02,1.449214441054074223e-02,5.407951885018225796e-02,7.071673262197757104e-02,7.209101797029997261e-02,1.984434916618501438e-02,1.010956780777903380e-01,5.599690596968970313e-02,8.200599034702743539e-02,4.674774014473426220e-02,1.168745787547751103e-01,3.785682615874734480e-02,3.977773228385999421e-02,2.971397396838298607e-02,2.020707658584240674e-02,3.478741195777332318e-02,4.130710323466738054e-02,6.148054531189699190e-02,3.829335915610996427e-02,1.257010683440510646e-01,1.105271008214489398e-01,2.901277833464142170e-02,8.846042809916142280e-02,2.766689882745336226e-01,1.236589249851502981e-01,1.670874129203939740e-01,1.058141770223911954e-01,2.223157138911919725e-02,7.887422209606921586e-02
1.403926267199465637e-02,2.763258435977618971e-02,1.658638160351647711e-02,1.199285264603979807e-02,4.087045528341836514e-02,4.997023891122191752e-02,5.738667522109303087e-02,1.349617463994035385e-02,6.275147904798616949e-02,3.743061061053599287e-02,4.561472350007011317e-02,0.000000000000000000e+00,8.697660927764637451e-02,2.103322769544812426e-02,2.659331461208824451e-02,1.541302704775478899e-02,1.700242432625885189e-02,3.244093507222657602e-02,2.977566420567775637e-02,4.729569648798213899e-02,2.625912842144336942e-02,9.195426518583636744e-02,7.187575139528720736e-02,2.840687658411969463e-02,7.297358703039819039e-02,1.675443158979835478e-01,8.349964209224194911e-02,1.175430762850240840e-01,7.373415968107514817e-02,1.750925702286985908e-02,4.591755787615491718e-02,2.774427423559436626e-02,1.681858965729678482e-02,2.826164870589146019e-02,1.813641307032112446e-02,2.256661788680732264e-02,1.007754158260590512e-02,9.806017194986171512e-03,2.874367230267323853e-02,1.429755217365448298e-02,2.357298973794232783e-02,1.775344685601221162e-02,2.287624713590555650e-02,6.926231461098844577e-03,5.126886500137579558e-03,1.777742111338715889e-02,2.482947751904413664e-02,2.809919097420489342e-02,1.065072999332062308e-02,3.908112386198799720e-02,5.125087131703802423e-02,5.169599088783654456e-02,1.446926602166943160e-02,7.283747135366462622e-02,4.093295821118231315e-02,5.879313165964697441e-02,3.625108551041163890e-02,8.443123554542922293e-02,2.749257105440155308e-02,3.043518477856277382e-02,2.116460414757686398e-02,1.475489207741602707e-02,2.509314649668980754e-02,3.024291652938848607e-02,4.416444404963440484e-02,2.916461202209447157e-02,9.030861871768890159e-02,8.182110642877347961e-02,2.134592790970467682e-02,6.292316985380361216e-02,2.064837021843271558e-01,8.831643061263437511e-02,1.215003471525212819e-01,7.608623229630251394e-02,1.576898050359469214e-02,5.890292121402564141e-02
3.482119935967051966e-02,7.209396535247744597e-02,4.363287985793909418e-02,3.177556613278743891e-02,1.075816522849536577e-01,1.310170818473361809e-01,1.504363967395532797e-01,3.447082486748133390e-02,1.661417127901297086e-01,9.712465377841207614e-02,1.196074538504892926e-01,8.697660927764637451e-02,0.000000000000000000e+00,5.431734862205447878e-02,6.534717285167204737e-02,4.049475555634104301e-02,4.418651929600290323e-02,8.675362994520485760e-02,7.695391189075842520e-02,1.257489220969607580e-01,6.588358472735400539e-02,2.431111545712473232e-01,1.835187633312674316e-01,7.001507789641113477e-02,1.928153334625496151e-01,4.275046037401866172e-01,2.210774107721286130e-01,3.114342184005210457e-01,1.956401689013566869e-01,4.639775083512786419e-02,1.183111366519287166e-01,7.370187517176923775e-02,4.498736556905656020e-02,7.345315393871786058e-02,4.745101426885516699e-02,5.927549926980400785e-02,2.689478349709344476e-02,2.493994670550820150e-02,7.621225876147126599e-02,3.816648930945683305e-02,6.009320156897737797e-02,4.721529877484903492e-02,5.995233169255587136e-02,1.825021820521987442e-02,1.346869466253453745e-02,4.399697658723848021e-02,6.469823762323782812e-02,7.246263744415613883e-02,2.760837920989328564e-02,1.028012318848815637e-01,1.339453464170639041e-01,1.364920726616448143e-01,3.768686892285447176e-02,1.916076785109632474e-01,1.068524825386531485e-01,1.549744837623636684e-01,8.834704801277727670e-02,2.231153289822171426e-01,7.254447805175769093e-02,7.620577925434186828e-02,5.648554918492949828e-02,3.905797986068936661e-02,6.561583650302582615e-02,7.727186199577494585e-02,1.151996711470097134e-01,7.286629827993909569e-02,2.385696869838585532e-01,2.079267685580725722e-01,5.509304615482440298e-02,1.693673688106041020e-01,5.284668786919767269e-01,2.350390310810939742e-01,3.179305449743720646e-01,2.008502272983365977e-01,4.170985942177016931e-02,1.504434349666287918e-01
8.369650523914830970e-03,1.697796220823289542e-02,1.037569498522728645e-02,7.495070696505897606e-03,2.524850505308949902e-02,3.108645289309743681e-02,3.524351986356171612e-02,8.303431716637188834e-03,3.940159832023860942e-02,2.291368567904682879e-02,2.852078938477461273e-02,2.103322769544812426e-02,5.431734862205447878e-02,0.000000000000000000e+00,1.600368142061112803e-02,9.324794778256560723e-03,1.049332001323074158e-02,2.044348937639549335e-02,1.878292966541442177e-02,2.961799330991982809e-02,1.555433478620549259e-02,5.799913099296929997e-02,4.339379686455641788e-02,1.665266731558794067e-02,4.524025573355255903e-02,1.023010387789449194e-01,5.216077471476193023e-02,7.406947575237005088e-02,4.620911829522602460e-02,1.113950223300980841e-02,2.771990986298814019e-02,1.740614628786386550e-02,1.068611169703584385e-02,1.759326975114020378e-02,1.142713374708024046e-02,1.365805482251094410e-02,6.363034046232428527e-03,6.172651942655212921e-03,1.818336151528910163e-02,8.908083215685385151e-03,1.444035746837245976e-02,1.118408652788710489e-02,1.432922385050952249e-02,4.362482299874041389e-03,3.213574673562183317e-03,1.053280082259916081e-02,1.536711798558338879e-02,1.715941877012127845e-02,6.533622781461738416e-03,2.445136527942507951e-02,3.175371919093562117e-02,3.182762813003134350e-02,8.887562105341860128e-03,4.600903002198292180e-02,2.516576748983210404e-02,3.696921471004756959e-02,2.099783466829237971e-02,5.303366219340883286e-02,1.728854630883850177e-02,1.831502336565970709e-02,1.331660294889781306e-02,9.159320177450799155e-03,1.559444568787151167e-02,1.867334659614059908e-02,2.734391097906224005e-02,1.711039882760964637e-02,5.695178207986109631e-02,4.902974536034705733e-02,1.289560997119948427e-02,4.012710468896064225e-02,1.270330855294836414e-01,5.599382021499295370e-02,7.611325640953393867e-02,4.779805479153258901e-02,9.819045782796230817e-03,3.569676301571916843e-02
1.079419864161773948e-02,2.092405526680473152e-02,1.298666149080967072e-02,9.028440022775344534e-03,3.110553044521128033e-02,3.816797051588571160e-02,4.369212463759918758e-02,1.002273897040040565e-02,4.843547881451513298e-02,2.846736007726041046e-02,3.479875701864557774e-02,2.659331461208824451e-02,6.534717285167204737e-02,1.600368142061112803e-02,0.000000000000000000e+00,1.224094791478254340e-02,1.256489436654185769e-02,2.431618815672861866e-02,2.252144048008853858e-02,3.664304632517043775e-02,1.971430992486750133e-02,7.035572727255749725e-02,5.575391720725323547e-02,2.185657808961580933e-02,5.468070351750013020e-02,1.259421998150581645e-01,6.419239324035097560e-02,8.975141604322327271e-02,5.727602331979660122e-02,1.371124007665624339e-02,3.655054468829929681e-02,2.075258296197821095e-02,1.263779157780143408e-02,2.127519770717689607e-02,1.340066324300771827e-02,1.736964375500948260e-02,7.667971520871916767e-03,7.384962146748681906e-03,2.132805677971722630e-02,1.100915467044722047e-02,1.742061629869476672e-02,1.303850335720806511e-02,1.687015313796922517e-02,5.117541263811396964e-03,4.026829857946360655e-03,1.312910840432733421e-02,1.939652974290485485e-02,2.172332162953634696e-02,8.233839039030440080e-03,2.980168893603287253e-02,3.944941842299607565e-02,4.008613982762667532e-02,1.107445103578811284e-02,5.526863896623093048e-02,3.067241772799730523e-02,4.521324792620648458e-02,2.797994220459619139e-02,6.397766016715702997e-02,2.077185554479325444e-02,2.270676781949984915e-02,1.643424684961333759e-02,1.097329931932969176e-02,1.912131283296823053e-02,2.320798895478865323e-02,3.433867935626333523e-02,2.210142939425939479e-02,6.921705486550742970e-02,6.405349120798248252e-02,1.684956336247788941e-02,4.856803972389957952e-02,1.555870345900680074e-01,6.745891299437982436e-02,9.155106113003541601e-02,5.841026362217117268e-02,1.236998115677439072e-02,4.460152399546438856e-02
6.162771909751036704e-03,1.256222272121458768e-02,7.692219864963847215e-03,5.463290809503137252e-03,1.879952229030040778e-02,2.329961899968899935e-02,2.634241067424098262e-02,6.280980462463009971e-03,2.968229184165175477e-02,1.691327887555322401e-02,2.127141014348378836e-02,1.541302704775478899e-02,4.049475555634104301e-02,9.324794778256560723e-03,1.224094791478254340e-02,0.000000000000000000e+00,7.804752024280591297e-03,1.523901923608387762e-02,1.397645414478546240e-02,2.221461125384250127e-02,1.170666951875569579e-02,4.358698300714264340e-02,3.345698455931352816e-02,1.251239806059609334e-02,3.373745466296397544e-02,7.683376285020641905e-02,3.924018685977145177e-02,5.553203643081437713e-02,3.483364750564669349e-02,8.313809157488099080e-03,2.102762722708982623e-02,1.314754692499076581e-02,7.941542858206248473e-03,1.288749625308770359e-02,8.221664083681861843e-03,1.022227404639765129e-02,4.642272604908690217e-03,4.640807606606432885e-03,1.355004691742551712e-02,6.805712579318529132e-03,1.051197908117772195e-02,8.044194677232762228e-03,1.045005136173545596e-02,3.109987543013030195e-03,2.510322004052935232e-03,7.585669901186590375e-03,1.153590851221192662e-02,1.249021737099485253e-02,4.663146952443869390e-03,1.788402018347924269e-02,2.393982500267122226e-02,2.395640066083156577e-02,6.602176225245788566e-03,3.456199621138657252e-02,1.863637243020647288e-02,2.789341407889510405e-02,1.533999769828396642e-02,3.956824570561034288e-02,1.263750282365224374e-02,1.341433641257761336e-02,9.789214017389136213e-03,6.741604170689035821e-03,1.171062508018732608e-02,1.391757781346999838e-02,2.044560118816863420e-02,1.248070843302248774e-02,4.310893394678369517e-02,3.741148319781651549e-02,9.629170458200025928e-03,2.987102811783431261e-02,9.458145655098806892e-02,4.170357480857137672e-02,5.685450471575748815e-02,3.584501125685569944e-02,7.548867359716375514e-03,2.668481711031844839e-02
6.787242743847454740e-03,1.390880744433242895e-02,8.317051237103925687e-03,6.209244624335524300e-03,2.092985223380714951e-02,2.494644483461686685e-02,2.953936530847807787e-02,6.665526699284264785e-03,3.201930320385390494e-02,1.895437807880309342e-02,2.308996358370531826e-02,1.700242432625885189e-02,4.418651929600290323e-02,1.049332001323074158e-02,1.256489436654185769e-02,7.804752024280591297e-03,0.000000000000000000e+00,1.670074807845214199e-02,1.482498844840396922e-02,2.419733021333246581e-02,1.296254944162373961e-02,4.651798629459782258e-02,3.570729119513258581e-02,1.364431245733072062e-02,3.730408396346888283e-02,8.229208036372125112e-02,4.289113584483930652e-02,6.035405192883071257e-02,3.756066418270458812e-02,9.015424275698432147e-03,2.260448304686319548e-02,1.419343207716434498e-02,8.393548773682082617e-03,1.390724262258504970e-02,9.135695016568622442e-03,1.157756247272965534e-02,5.267699883297770683e-03,4.701036566026473539e-03,1.449682582100302389e-02,7.115372553812229599e-03,1.126764918197080412e-02,8.981429262782532688e-03,1.168378367378473601e-02,3.498411839511575156e-03,2.549763801982398489e-03,8.551289449456656033e-03,1.261266388601137156e-02,1.408474145802579569e-02,5.359272239649587495e-03,1.998413691920114879e-02,2.591299957795390255e-02,2.657275298050171264e-02,7.260951123732156329e-03,3.696287345479965653e-02,2.079343468761371896e-02,2.985853846595483072e-02,1.731336014015576186e-02,4.297944114588077291e-02,1.402029052934986898e-02,1.455750004699989109e-02,1.090158777500217432e-02,7.500090732821939471e-03,1.261028176556616177e-02,1.502283338095903795e-02,2.231024139697175210e-02,1.425245223762775307e-02,4.578403735161042099e-02,4.046885161392454328e-02,1.061036770994414763e-02,3.248771684684559347e-02,1.017941925813074244e-01,4.561470085766610588e-02,6.172967013063365010e-02,3.890049002149602309e-02,8.107914387438165671e-03,2.890906639863704414e-02
1.311133351757474454e-02,2.711840399047941649e-02,1.645725087429406736e-02,1.196367315384470539e-02,4.060089180472156722e-02,4.943610153219776121e-02,5.714942589417674329e-02,1.291949906280894997e-02,6.309633652351367972e-02,3.686687569739901388e-02,4.541634764836052773e-02,3.244093507222657602e-02,8.675362994520485760e-02,2.044348937639549335e-02,2.431618815672861866e-02,1.523901923608387762e-02,1.670074807845214199e-02,0.000000000000000000e+00,2.907926524739615215e-02,4.754069615035832336e-02,2.493847044527242041e-02,9.127458300810499525e-02,6.920185781590330876e-02,2.623384057334426922e-02,7.262759015137117136e-02,1.608005212144060503e-01,8.355427805039147837e-02,1.177013156487122375e-01,7.413028466854076903e-02,1.779657145502204843e-02,4.463229976303303287e-02,2.726748765503641050e-02,1.662952198053447087e-02,2.721603105323068192e-02,1.766303166269149461e-02,2.242358967708804260e-02,1.014241265857107263e-02,9.214420902829418072e-03,2.819300915040333366e-02,1.416074110822710015e-02,2.210451388135864503e-02,1.754893681606396055e-02,2.251855523696994973e-02,6.805531688982915939e-03,5.017186358605966838e-03,1.631645499095194657e-02,2.468567901300071712e-02,2.734756021017745869e-02,1.043697156911641173e-02,3.885273156291930291e-02,5.109464246800785731e-02,5.198079194384133683e-02,1.409080877183521881e-02,7.209270998739279734e-02,4.040993534094417666e-02,5.838808739126431779e-02,3.304434412562300138e-02,8.395297527931781800e-02,2.743071323738079798e-02,2.818034619806378954e-02,2.127854607625665265e-02,1.473873174580731665e-02,2.477587858136775373e-02,2.920322703809277373e-02,4.352881665319528054e-02,2.737861154826479529e-02,8.970429787718831038e-02,7.831021132442661514e-02,2.052685531845404449e-02,6.375377845500727891e-02,1.977375766275162317e-01,8.870560511545441673e-02,1.195561802912639693e-01,7.617092974023953467e-02,1.587112675046857199e-02,5.663166708007312533e-02
1.188379071087941954e-02,2.421047566209718824e-02,1.538056148066786234e-02,1.058884174827038130e-02,3.671750518572379496e-02,4.478413396423719384e-02,5.112787180463284481e-02,1.165354884588458255e-02,5.724106677318707703e-02,3.286308351794021976e-02,4.085239858872387331e-02,2.977566420567775637e-02,7.695391189075842520e-02,1.878292966541442177e-02,2.252144048008853858e-02,1.397645414478546240e-02,1.482498844840396922e-02,2.907926524739615215e-02,0.000000000000000000e+00,4.294263594742329937e-02,2.207670408589701427e-02,8.264483581705966975e-02,6.291701734547786029e-02,2.391740968678454995e-02,6.428800557599743948e-02,1.458463496300850537e-01,7.564265622349369833e-02,1.049597752989897548e-01,6.726145988204629278e-02,1.604496023707090852e-02,4.106161238225902038e-02,2.413486120946076868e-02,1.504103456396626605e-02,2.467670203661940717e-02,1.588722997031747144e-02,2.015681356083773301e-02,9.016552238637403835e-03,8.707229506015597836e-03,2.478045610092270354e-02,1.293293709538002878e-02,2.028826223819359814e-02,1.531629755075012388e-02,2.042191824287051954e-02,6.120373720969015524e-03,4.662671323816412229e-03,1.469415312431002728e-02,2.226587636282539515e-02,2.517341123488475718e-02,9.442606622462363861e-03,3.471372070831482692e-02,4.648047879635314183e-02,4.660906659631738197e-02,1.262401232275205641e-02,6.591021885232593858e-02,3.612518091812338267e-02,5.274664576429036883e-02,3.093252202971619874e-02,7.517347951003371109e-02,2.459712057369792260e-02,2.570862337674855586e-02,1.909298050259352134e-02,1.296136418363197894e-02,2.246202568703657698e-02,2.717267598908353413e-02,3.993120708760235921e-02,2.451670184368147029e-02,8.133284780595524677e-02,7.193477320153249255e-02,1.884711561834325963e-02,5.694897336477176136e-02,1.793300622420704593e-01,8.028215276762019903e-02,1.077869799758816305e-01,6.886359332815034096e-02,1.456654332563436620e-02,5.121846554550735231e-02
1.924404998293520810e-02,3.895574314203167215e-02,2.375470283525520435e-02,1.705815680438335993e-02,5.890770715155890791e-02,7.227662695990326458e-02,8.239493535173975092e-02,1.912073128504004557e-02,9.246024129671713554e-02,5.318161479571190814e-02,6.603477397094248413e-02,4.729569648798213899e-02,1.257489220969607580e-01,2.961799330991982809e-02,3.664304632517043775e-02,2.221461125384250127e-02,2.419733021333246581e-02,4.754069615035832336e-02,4.294263594742329937e-02,0.000000000000000000e+00,3.611502209751478454e-02,1.337182039866043615e-01,1.015581783416697748e-01,3.810901010382324733e-02,1.046428288211035673e-01,2.372931188292976279e-01,1.210777813235524303e-01,1.716692189846446004e-01,1.076218085570331134e-01,2.601173371252709851e-02,6.499617742073261761e-02,4.038687672385309069e-02,2.412671146579213610e-02,3.966842633117497602e-02,2.562465522845911586e-02,3.195257399414810212e-02,1.457309714533108411e-02,1.371963655786761875e-02,4.089173337326602181e-02,2.070417876260009435e-02,3.198549282378559955e-02,2.470873422554800344e-02,3.244303132137797696e-02,9.698152870774853079e-03,7.396423916923123426e-03,2.384064274586353976e-02,3.630975220903867595e-02,3.908832974487232853e-02,1.476065853317277618e-02,5.605714426272742634e-02,7.418038515733255123e-02,7.470376511160002619e-02,2.068248018558174750e-02,1.061369610776974060e-01,5.810570160056915956e-02,8.539307388004135912e-02,4.781874724742506827e-02,1.216814212416662266e-01,3.945511819650410895e-02,4.130888368855735460e-02,3.083827025863954130e-02,2.105718911718176475e-02,3.558924353678482450e-02,4.294512609625801558e-02,6.275391628928633780e-02,3.915445504443167829e-02,1.316596152144334786e-01,1.156319135548144750e-01,3.000731525743785544e-02,9.313920943268619301e-02,2.915529227698018255e-01,1.295504233350794343e-01,1.746483906264524322e-01,1.111640738660296668e-01,2.333977367632924724e-02,8.220860801387372407e-02
1.040019186556901190e-02,2.074518212869127382e-02,1.233376863645887535e-02,9.053564078918220973e-03,3.080325321649342307e-02,3.781517229163668115e-02,4.347313477283341193e-02,1.004251203425216878e-02,4.761459951093137410e-02,2.861599299770330868e-02,3.457728383230888186e-02,2.625912842144336942e-02,6.588358472735400539e-02,1.555433478620549259e-02,1.971430992486750133e-02,1.170666951875569579e-02,1.296254944162373961e-02,2.493847044527242041e-02,2.207670408589701427e-02,3.611502209751478454e-02,0.000000000000000000e+00,7.024310392987401230e-02,5.470116265949457462e-02,2.120407289087135327e-02,5.581938971095395247e-02,1.257576655935740695e-01,6.373757457137525784e-02,8.967145651804231399e-02,5.615955227867639593e-02,1.337351711922651724e-02,3.472904146657272706e-02,2.135497367602061380e-02,1.275960549792318557e-02,2.104689153869541279e-02,1.367194129559816222e-02,1.687465070069314385e-02,7.701830295254582723e-03,7.348042074654647857e-03,2.205200987975794794e-02,1.072785498162460299e-02,1.706451622846555730e-02,1.347713627462482008e-02,1.709830037265029634e-02,5.202302260449202798e-03,3.949921046162863797e-03,1.289429559630395246e-02,1.874176801866308389e-02,2.084931865611510879e-02,7.940749755880946795e-03,2.968572715970878295e-02,3.875493296395338128e-02,3.929699328883193288e-02,1.091858605708729592e-02,5.556613010261035601e-02,3.101985849721749372e-02,4.515336450569405052e-02,2.657209756967634368e-02,6.427987706258347922e-02,2.070247654234272025e-02,2.266744499794955819e-02,1.633567009830231426e-02,1.122705566339743735e-02,1.902592014700731429e-02,2.218301322913170115e-02,3.358725932584804424e-02,2.151995276114402125e-02,6.894170046658928963e-02,6.200331976160002034e-02,1.634140015527751552e-02,4.873553673464101066e-02,1.553597661571463062e-01,6.741515186143222371e-02,9.255616519927969965e-02,5.799686694959920591e-02,1.207388807549832598e-02,4.396423079701462094e-02
