0.000000000000000000e+00,1.051895143227220622e-02,9.454159353250187955e-03,4.206756757749666696e-03,1.643526806067427057e-02,2.085240200685976181e-02,2.413338727748716439e-02,6.413627626814167280e-03,3.056935727336259484e-02,1.561003599222673954e-02,2.279675564309269556e-02,1.406297969662127952e-02,3.638350323867737407e-02,7.872769126172239271e-03,1.282746675488972282e-02,8.252736787837165397e-03,6.680149076498819241e-03,1.198936891872115149e-02,1.650358335944852872e-02,2.234991755213234718e-02,9.468416406680897623e-03,4.729843647989647598e-02,3.809743766444485119e-02,1.223746203338594955e-02,2.965399910610501052e-02,6.645815612566194353e-02,3.597436201627347147e-02,5.560238216413967288e-02,3.923653081523638397e-02,8.822965761209196692e-03,2.566060964464246183e-02,1.022888259415937265e-02,6.159116313704342087e-03,9.228551570075110150e-03,4.545104333765159939e-03,8.614574658191393591e-03,4.092053875904493043e-03,4.350736299445890840e-03,1.075433026472059385e-02,6.581165723681392521e-03,9.581505038388345163e-03,6.124753818640314533e-03,8.394370358718617267e-03,2.709733751505914983e-03,2.923994745549320703e-03,6.558770358636275416e-03,1.048727193123972189e-02,1.623865792173577807e-02,5.196960696711526613e-03,1.689837706162697351e-02,2.289287553785557955e-02,2.699477654245234851e-02,7.848108527765199072e-03,3.705572211273706201e-02,1.439050718207207646e-02,3.011705160409500898e-02,1.993481872152694928e-02,4.052285191805116149e-02,9.927474467550038983e-03,1.477444634046991279e-02,1.137345899571622770e-02,5.378634284001354744e-03,1.329464031074383164e-02,1.878412265441764539e-02,2.390772521987263519e-02,1.432553756711176830e-02,4.610977886855531505e-02,4.458271062683034219e-02,1.302223974289446091e-02,2.670226756098812576e-02,8.590316570626700676e-02,3.672000888773345462e-02,5.307919412323969244e-02,3.587821330516649532e-02,9.308832200965299480e-03,2.747636520413133943e-02
1.051895143227220622e-02,0.000000000000000000e+00,1.831192006634171573e-02,8.481217248745431467e-03,3.212955458027424993e-02,3.978089424531480039e-02,4.686516734375897886e-02,1.224783620389744039e-02,5.957837360448982322e-02,3.043124313622255772e-02,4.446226379182865313e-02,2.642669763277670850e-02,7.122604597195170140e-02,1.529776745327901186e-02,2.381893340200052708e-02,1.650612090877117549e-02,1.290879273572473167e-02,2.347447791231585187e-02,3.235766529802298203e-02,4.429799950592400171e-02,1.679582940798861682e-02,9.210331986506639645e-02,7.319731958125640092e-02,2.216001237758325609e-02,5.660942764215366740e-02,1.251051215491426061e-01,6.938824296866211161e-02,1.085380678293178108e-01,7.748828368222744623e-02,1.733995296129711358e-02,4.996061739448323658e-02,1.955618694807633590e-02,1.179109132367095643e-02,1.821298539319974458e-02,8.577362361493052340e-03,1.699767844606998868e-02,8.297023009318728673e-03,8.170256971230400664e-03,2.044459575414241462e-02,1.284491100163136744e-02,1.870110391662709731e-02,1.158467487825775091e-02,1.710500792446017007e-02,5.438740234380965224e-03,5.720273621085007754e-03,1.082782516593921822e-02,2.063795746513501575e-02,3.215812050136993006e-02,9.770837969985259747e-03,3.228068799683406903e-02,4.528156132868341177e-02,5.244528368736343926e-02,1.450302653974217502e-02,7.256219989317527763e-02,2.797886011416243768e-02,5.904409579775742739e-02,3.599820289307557181e-02,7.928933595579153171e-02,1.987446103653735252e-02,2.752366526332620036e-02,2.211288216992831138e-02,1.067719479620319982e-02,2.596665931624573403e-02,3.808034151709081827e-02,4.736473153796666447e-02,2.583788559183461744e-02,9.044616042230374520e-02,8.528503672603186814e-02,2.329477235694162041e-02,5.169096968230540295e-02,1.626420178166377295e-01,7.217566627694678438e-02,1.037377764330239677e-01,7.100499858445613599e-02,1.867263538934264139e-02,5.396244284619939463e-02
9.454159353250187955e-03,1.831192006634171573e-02,0.000000000000000000e+00,7.532403308475019849e-03,2.845182105523484314e-02,3.575489968876977009e-02,4.154087000675443786e-02,1.057767832333437151e-02,5.265903746588535689e-02,2.680956229385013725e-02,3.894943644774910563e-02,2.329273497958562339e-02,6.306310759806921240e-02,1.397232575928629601e-02,2.067355715429296595e-02,1.450409490622771129e-02,1.139968864147969038e-02,2.051447624234521011e-02,2.822818056878759543e-02,3.915838940383337130e-02,1.473980253894390663e-02,8.076116431140958896e-02,6.426309134788302235e-02,1.961264988096936626e-02,5.049956038043274670e-02,1.107937352982743401e-01,6.164202755056317345e-02,9.510356873785183462e-02,6.871272050963528333e-02,1.540025844009360739e-02,4.410592263885760450e-02,1.687636811481219024e-02,1.046068822763651825e-02,1.592001597425972068e-02,7.738372975834323375e-03,1.515716665923453124e-02,7.206464991950389115e-03,7.051675725567823141e-03,1.746980700184502799e-02,1.114473228296797985e-02,1.647619870371116318e-02,1.021193233251894983e-02,1.478668646756892309e-02,4.731118120534202713e-03,5.005356350692270230e-03,9.694287046407342595e-03,1.818147484164138114e-02,2.861342365305185459e-02,8.839319395992388181e-03,2.837886002391237436e-02,4.038682232891242785e-02,4.622084055601616975e-02,1.277402225204130222e-02,6.419077985994237068e-02,2.435894671815598544e-02,5.136734961077719930e-02,3.144447552122581202e-02,6.954408306081315272e-02,1.744126116643929941e-02,2.429062203981379245e-02,1.961139952230103733e-02,9.348128034497296332e-03,2.285167330623717741e-02,3.330958178551567811e-02,4.219330654763688709e-02,2.286167284920146217e-02,7.947488371314206934e-02,7.509022115678186393e-02,2.034775195818752658e-02,4.591857071098780912e-02,1.431829716654689499e-01,6.402422377452404723e-02,9.137513913108674668e-02,6.253586796140803150e-02,1.656189285604878908e-02,4.769673249482622723e-02
4.206756757749666696e-03,8.481217248745431467e-03,7.532403308475019849e-03,0.000000000000000000e+00,1.343748381364071910e-02,1.666921315090224079e-02,1.955835821774847688e-02,5.120426729102832766e-03,2.502015600600230455e-02,1.266712879648080985e-02,1.853522117062407840e-02,1.084178143627902678e-02,3.019809703514375610e-02,6.479871917344874437e-03,9.742145364263510646e-03,6.845584538376316662e-03,5.455162326011999893e-03,9.740433758846422929e-03,1.340930263115909342e-02,1.852788360589483277e-02,6.645160297240393539e-03,3.784174938825220214e-02,3.031407730058372288e-02,8.809314745725133067e-03,2.359912566140429102e-02,5.172090844160731615e-02,2.872650949309799029e-02,4.525694154786445711e-02,3.246700877104484462e-02,7.195468760654581859e-03,2.052161490101076305e-02,8.280337821557192529e-03,5.102195249779933189e-03,7.658519107288519132e-03,3.663098497465688483e-03,7.005532803883092116e-03,3.390505303636889324e-03,3.350302431168235978e-03,8.589517393857794975e-03,5.391787461182761566e-03,7.893238533128276238e-03,4.835542615956416046e-03,7.195212558994675510e-03,2.334108894400499946e-03,2.375023223346938578e-03,4.285246692257296992e-03,8.560963755631199532e-03,1.341226843440459192e-02,4.176505079706237765e-03,1.345659376972779646e-02,1.923341508312925371e-02,2.170461499507567171e-02,5.996635127322465231e-03,3.038450994486174492e-02,1.163748985182839167e-02,2.457333900207476010e-02,1.457188066929122720e-02,3.334640484634770335e-02,8.324953811391566302e-03,1.148975846266366702e-02,9.184555137861668758e-03,4.563335903015741137e-03,1.083977811665445823e-02,1.593155451233179559e-02,1.982954746144140884e-02,1.055344922994097719e-02,3.747498934521911740e-02,3.565568096206626209e-02,9.299569343516169220e-03,2.176202254212230083e-02,6.828958033177075226e-02,3.009261008047171143e-02,4.273024568066606521e-02,2.937932132997585558e-02,7.563372545872498742e-03,2.231594445035860186e-02
1.643526806067427057e-02,3.212955458027424993e-02,2.845182105523484314e-02,1.343748381364071910e-02,0.000000000000000000e+00,6.267115377487850192e-02,7.453860262592584829e-02,1.942983683468215220e-02,9.334043706236026805e-02,4.839817935796580234e-02,7.014481848749498649e-02,4.200348214614371689e-02,1.137504924124808636e-01,2.473443134905426583e-02,3.671815513096421402e-02,2.564833033633032167e-02,2.075240282463091529e-02,3.686103221524187484e-02,5.077654099871627136e-02,6.954918710804626480e-02,2.596605195053077256e-02,1.416710218614557759e-01,1.136513851570768729e-01,3.412314478115106853e-02,8.925839004386180997e-02,1.952284418587340864e-01,1.075617004925529807e-01,1.699070351594799133e-01,1.212181314763272344e-01,2.730536584408814471e-02,7.804932178950274579e-02,3.130504186265645888e-02,1.905977598629247233e-02,2.888800483271624156e-02,1.387315925362563040e-02,2.757369417862165842e-02,1.325479530365274335e-02,1.288415981852484259e-02,3.242212826070630521e-02,2.051772320305099775e-02,2.974078036482022749e-02,1.826517187320619851e-02,2.713080229844111457e-02,8.774017378736972614e-03,8.920853431009855700e-03,1.652672819888531541e-02,3.218201439942497410e-02,4.955511116599841531e-02,1.579249568105993082e-02,5.168934560414174817e-02,7.183520959002685780e-02,8.251236325595999455e-02,2.257982915264018786e-02,1.141155156507848434e-01,4.500391729358863696e-02,9.296933853007054160e-02,5.653885204571374584e-02,1.253363428200288954e-01,3.125900346462770485e-02,4.283746460715139731e-02,3.393136385162714291e-02,1.704691955605472375e-02,4.077438462820576898e-02,5.898242437007963912e-02,7.380617634912099712e-02,4.002463432478647193e-02,1.399609483228082540e-01,1.329427342652731159e-01,3.563150783041443836e-02,8.137665545355977914e-02,2.567122343314099386e-01,1.125686647224014708e-01,1.615939792549669074e-01,1.108907657859025953e-01,2.877184382468611287e-02,8.376656271081231453e-02
2.085240200685976181e-02,3.978089424531480039e-02,3.575489968876977009e-02,1.666921315090224079e-02,6.267115377487850192e-02,0.000000000000000000e+00,9.204473655572371904e-02,2.345581317309071781e-02,1.184000707255935952e-01,5.911169807383181984e-02,8.664781386673411911e-02,5.088276220866780331e-02,1.398709210739106368e-01,3.079099066715997729e-02,4.595457017445356979e-02,3.232335347310401341e-02,2.493997953650589974e-02,4.616161057800242939e-02,6.286243723342282985e-02,8.739070902841844513e-02,3.295425182817443566e-02,1.798221452664498232e-01,1.434232328920002630e-01,4.307229138429235354e-02,1.120551158880051384e-01,2.452191510773212846e-01,1.365081601780967491e-01,2.111192472129493070e-01,1.519637839693454562e-01,3.378643485657997075e-02,9.693198820549700501e-02,3.869837015456323998e-02,2.340094840724163058e-02,3.529699731940238311e-02,1.723617694460560096e-02,3.355686135589275310e-02,1.626645318010593380e-02,1.586342211824277176e-02,3.993314898045332434e-02,2.543411385375133130e-02,3.626327382719846115e-02,2.237199055673897222e-02,3.320094909846044856e-02,1.069658012800418084e-02,1.112682024603716194e-02,2.189277421082538172e-02,4.108334453432762462e-02,6.267249982869685376e-02,1.925410645416746058e-02,6.282177031783314769e-02,8.953769772098987834e-02,1.025509867517954143e-01,2.824616925494446290e-02,1.433406818499788071e-01,5.405919734931032006e-02,1.147627454204942221e-01,6.897081773247873415e-02,1.540749589244795603e-01,3.911728535893006092e-02,5.325903549133444159e-02,4.329599348822503468e-02,2.070082003891062644e-02,5.061763731330439636e-02,7.404513914247368156e-02,9.273962729993100174e-02,5.085545005748322300e-02,1.763512343788253278e-01,1.681159942897683945e-01,4.510619329995986526e-02,1.028019052374730818e-01,3.197350243062244690e-01,1.420843786843157541e-01,2.019877124786285949e-01,1.380902598914188484e-01,3.658628005364075730e-02,1.047514768461226264e-01
2.413338727748716439e-02,4.686516734375897886e-02,4.154087000675443786e-02,1.955835821774847688e-02,7.453860262592584829e-02,9.204473655572371904e-02,0.000000000000000000e+00,2.822270151062039600e-02,1.376688786790518926e-01,7.057450942910725722e-02,1.025463758090485039e-01,6.138065697446570823e-02,1.661656725318587380e-01,3.582399895193691397e-02,5.365135142987360883e-02,3.772596012869458559e-02,3.045965149097558042e-02,5.446682997061969705e-02,7.397673552823363918e-02,1.016805894355726492e-01,3.867196356306044913e-02,2.079700053439764718e-01,1.661907486605811723e-01,5.017652688312745218e-02,1.309433666744658775e-01,2.862385575339446708e-01,1.576488488077598393e-01,2.488959229734670764e-01,1.776178037224346307e-01,3.953064862252164691e-02,1.134296402635004142e-01,4.578471961798864787e-02,2.751909517194724153e-02,4.205565403692839571e-02,2.034157002504799125e-02,3.980417932990655550e-02,1.919947413770729111e-02,1.863556423934299711e-02,4.768747941302032417e-02,2.976957261289622445e-02,4.320618972245585110e-02,2.688414270791816829e-02,3.971681654188437965e-02,1.285758863036673416e-02,1.288683433863917899e-02,2.487439943678376036e-02,4.748639920515905499e-02,7.255302968019593235e-02,2.304285667299531618e-02,7.519418230081463539e-02,1.046258919578204050e-01,1.211846020284876591e-01,3.327537188777800886e-02,1.660859999673832410e-01,6.597234427824034964e-02,1.353333360268539343e-01,8.325416053942447103e-02,1.830409409091041661e-01,4.585549637056837019e-02,6.262950905462642825e-02,5.007689382115014520e-02,2.508347816709059069e-02,5.952670303954268882e-02,8.611997335515084173e-02,1.079406540753318489e-01,5.958699691266203247e-02,2.043714478762921893e-01,1.947273867742123354e-01,5.264817391624349724e-02,1.193085813540863127e-01,3.761994438021349918e-01,1.645042112513691868e-01,2.365145720827782072e-01,1.619408856080543635e-01,4.197609169031973203e-02,1.226790524534756843e-01
6.413627626814167280e-03,1.224783620389744039e-02,1.057767832333437151e-02,5.120426729102832766e-03,1.942983683468215220e-02,2.345581317309071781e-02,2.822270151062039600e-02,0.000000000000000000e+00,3.495926895797293876e-02,1.840017350288741804e-02,2.607774936321965650e-02,1.605808306264688845e-02,4.263208434874612290e-02,9.777423285597162603e-03,1.363674342686000025e-02,9.697149272778652490e-03,7.671076263212200062e-03,1.398526938453314473e-02,1.849722825783816846e-02,2.615629637248690145e-02,1.001707258339484298e-02,5.262936953153359715e-02,4.197092971163901565e-02,1.308275016979349066e-02,3.396801935579860099e-02,7.420625193768440320e-02,4.073366686087576127e-02,6.349591772619875285e-02,4.508556769644254253e-02,1.019271461787124231e-02,2.909358809795297568e-02,1.135598313310131127e-02,7.197494936717337838e-03,1.091625835983895711e-02,5.330398012735187985e-03,1.074426902613041974e-02,5.022910235369782046e-03,4.637085996181971106e-03,1.173056787981843416e-02,7.599533704251655586e-03,1.118638184933428911e-02,7.041726587201218961e-03,1.041434122534429761e-02,3.395060815536458769e-03,3.279294139368029142e-03,6.487997051476577029e-03,1.233643593496858148e-02,1.842320431257778168e-02,6.162606103279085965e-03,1.942848655413417433e-02,2.690123552050045080e-02,3.113044301634252525e-02,8.431075442952304724e-03,4.181934366057298014e-02,1.696380023334468495e-02,3.421906352218113956e-02,2.144804807744437464e-02,4.662229074325287964e-02,1.201886084886839498e-02,1.602214774755471305e-02,1.279989309440148978e-02,6.477459503306744019e-03,1.526739689263723748e-02,2.149239806919767820e-02,2.779503985387456536e-02,1.515367975830578598e-02,5.223631748374918393e-02,4.974957857867185612e-02,1.314016302911937863e-02,3.095517538231544810e-02,9.636641104861709550e-02,4.254289285729538628e-02,6.044194105253716809e-02,4.134686136006469198e-02,1.064790212065437440e-02,3.155790177844347566e-02
3.056935727336259484e-02,5.957837360448982322e-02,5.265903746588535689e-02,2.502015600600230455e-02,9.334043706236026805e-02,1.184000707255935952e-01,1.376688786790518926e-01,3.495926895797293876e-02,0.000000000000000000e+00,8.879052355750642611e-02,1.279945776074075947e-01,7.616985576777300648e-02,2.084746171220527577e-01,4.653835465678288208e-02,6.722126578266744701e-02,4.818654814240000417e-02,3.766883344534568967e-02,6.870710849781298812e-02,9.247132657435618019e-02,1.302463923050028727e-01,4.869888520286991263e-02,2.647464703212278336e-01,2.103139229301194402e-01,6.347281275194367745e-02,1.662962037914371416e-01,3.626206969670346392e-01,2.030489968545829416e-01,3.129472864681259181e-01,2.262646579633366128e-01,5.020315531000487524e-02,1.435554583900302550e-01,5.645078403136775252e-02,3.481198707473211890e-02,5.228723633633629991e-02,2.554491036849389565e-02,5.078181162891189093e-02,2.427989584495942113e-02,2.319089449011163886e-02,5.884564370431713543e-02,3.738669918178221668e-02,5.387499328251989933e-02,3.357611097294042890e-02,4.982080103712090147e-02,1.609569841394296874e-02,1.632874089326842582e-02,3.163120739851630475e-02,6.085067589184066372e-02,9.263544219297814575e-02,2.873136378792389214e-02,9.354578683744395329e-02,1.327690193999228607e-01,1.523363458781818447e-01,4.157901715192339337e-02,2.107650800543093561e-01,8.177028260907402701e-02,1.699175214625245067e-01,1.030180432228619408e-01,2.289314374566835952e-01,5.827045451338495191e-02,7.864694515424140719e-02,6.427130657930772706e-02,3.112692754251652344e-02,7.526279076445345495e-02,1.092280812337750456e-01,1.378025311070678605e-01,7.488252585556118279e-02,2.598678636485666216e-01,2.472405679775100396e-01,6.585574278825059857e-02,1.518133510729625379e-01,4.719525864983130092e-01,2.108801302785126008e-01,3.000101050865525143e-01,2.047500018520396481e-01,5.397095696632206452e-02,1.550234128940845835e-01
1.561003599222673954e-02,3.043124313622255772e-02,2.680956229385013725e-02,1.266712879648080985e-02,4.839817935796580234e-02,5.911169807383181984e-02,7.057450942910725722e-02,1.840017350288741804e-02,8.879052355750642611e-02,0.000000000000000000e+00,6.647166778267984966e-02,3.948215617000223193e-02,1.072465217564593648e-01,2.356865414137735565e-02,3.483023051905100032e-02,2.456741701303196551e-02,1.910821929650086126e-02,3.529357830486491016e-02,4.797100711367838916e-02,6.663123082472054148e-02,2.511299893333397010e-02,1.360564401354514286e-01,1.077620297714304010e-01,3.244418721183866400e-02,8.533404048137424591e-02,1.870533283038952055e-01,1.025277307855003983e-01,1.610621453498781719e-01,1.157369610512408720e-01,2.560940209175594645e-02,7.348931084741089359e-02,2.909764330033409035e-02,1.787652408210503932e-02,2.646384645547309247e-02,1.271239252634519951e-02,2.604474729140854664e-02,1.251111660730873203e-02,1.198969527952785732e-02,3.041484727676043234e-02,1.925986219078457129e-02,2.764146216067323719e-02,1.707038040278999191e-02,2.575692507988132721e-02,8.226711851453268401e-03,8.403397451249888100e-03,1.594405718581001080e-02,3.103783761009136499e-02,4.710570155054514402e-02,1.478640273109012651e-02,4.857535065499433979e-02,6.704983096819466803e-02,7.853024148755277656e-02,2.152078434302445373e-02,1.072882104743905496e-01,4.268514750369568206e-02,8.811550217983001032e-02,5.349774830094766037e-02,1.186877170996228914e-01,2.986153822516362383e-02,4.027027117700059805e-02,3.293131328261302698e-02,1.616200630565683971e-02,3.909628371086112247e-02,5.626718608064593119e-02,6.970259538504178232e-02,3.873823671747084890e-02,1.334889739226270688e-01,1.261184531880593096e-01,3.384334501291039882e-02,7.775848030904329578e-02,2.440609510170251295e-01,1.066578577825240542e-01,1.541747010365181469e-01,1.052334529388960771e-01,2.784148552132828525e-02,7.978279615813933801e-02
2.279675564309269556e-02,4.446226379182865313e-02,3.894943644774910563e-02,1.853522117062407840e-02,7.014481848749498649e-02,8.664781386673411911e-02,1.025463758090485039e-01,2.607774936321965650e-02,1.279945776074075947e-01,6.647166778267984966e-02,0.000000000000000000e+00,5.745967319437810666e-02,1.550962890333353605e-01,3.454134411793402526e-02,4.953939155388529386e-02,3.536751547684013897e-02,2.823621319888016193e-02,5.093975866255726070e-02,6.853244102776702429e-02,9.560128385964507258e-02,3.628217493644064068e-02,1.936748004796919886e-01,1.548408790528426338e-01,4.712459677546110282e-02,1.232066648133893216e-01,2.691251984377079354e-01,1.495765140336216548e-01,2.324059591722615892e-01,1.663157349191048962e-01,3.737190830354617660e-02,1.063489207154102445e-01,4.184490190821389677e-02,2.582583806318700451e-02,3.887611682022732579e-02,1.902016032258830799e-02,3.780988908726573561e-02,1.793868840929986608e-02,1.707921576058130456e-02,4.310678879318455281e-02,2.742578406288053577e-02,4.022404822045855255e-02,2.487636148039537934e-02,3.725356875424286340e-02,1.204538858476341540e-02,1.194706472175430245e-02,2.339669827825848272e-02,4.483867218211987776e-02,6.822339165636687186e-02,2.173755960617755265e-02,7.028419208822044018e-02,9.846772746102912255e-02,1.133387692157679649e-01,3.103488414801928996e-02,1.551372375089360434e-01,6.147348078416829675e-02,1.260598610091370753e-01,7.736207193723347586e-02,1.703958677585113157e-01,4.326473699225813485e-02,5.846201549338096715e-02,4.693867446710878188e-02,2.336404287654402639e-02,5.585639692598827477e-02,8.027381459239713024e-02,1.019491519970529558e-01,5.545323681003520161e-02,1.924542835993520162e-01,1.826832292494512955e-01,4.847514766452162144e-02,1.129300199845784114e-01,3.509982734755771050e-01,1.561422131735847874e-01,2.218945753402033760e-01,1.516826600041749906e-01,3.970013496171856393e-02,1.148959352672506290e-01
1.406297969662127952e-02,2.642669763277670850e-02,2.329273497958562339e-02,1.084178143627902678e-02,4.200348214614371689e-02,5.088276220866780331e-02,6.138065697446570823e-02,1.605808306264688845e-02,7.616985576777300648e-02,3.948215617000223193e-02,5.745967319437810666e-02,0.000000000000000000e+00,9.340878288195322843e-02,2.065063406379324951e-02,3.045029606538957739e-02,2.110060589788669005e-02,1.683022478565096569e-02,3.030666573902113942e-02,4.126437308579826435e-02,5.680233522432510951e-02,2.244186601194807229e-02,1.158597917282160467e-01,9.330790903930305524e-02,2.867294057467987753e-02,7.329061291761072849e-02,1.626826493767790927e-01,8.800540863153474835e-02,1.393423231966167963e-01,9.929244124551769857e-02,2.208482640677455339e-02,6.368806592151930734e-02,2.509247774451885127e-02,1.551295572283878377e-02,2.322009444674859313e-02,1.115569717010778464e-02,2.266121919133115906e-02,1.057141549970568029e-02,1.029248443713902048e-02,2.621471017009605400e-02,1.668051985526390613e-02,2.419960454636295791e-02,1.489603585439532203e-02,2.216864227169808993e-02,7.138812038595428525e-03,7.060049633836759653e-03,1.476222186728701202e-02,2.644982418991577086e-02,4.024033664107470876e-02,1.303464210541489463e-02,4.252224558336667459e-02,5.735028728040107021e-02,6.826304941094539502e-02,1.895187166933139447e-02,9.227534211617405280e-02,3.729853688911330400e-02,7.563872145739267139e-02,4.786344349943648380e-02,1.026592261528852384e-01,2.565864220303478577e-02,3.546813241400573885e-02,2.800380405873693565e-02,1.414473434068382399e-02,3.358129414680786906e-02,4.779006883988045490e-02,5.965618669989310868e-02,3.437549488087190963e-02,1.141605999910028924e-01,1.089147650392418842e-01,2.991732750283031261e-02,6.664928446011399166e-02,2.127936861710521266e-01,9.103455813437087707e-02,1.326413489792212241e-01,9.015821401949730696e-02,2.346863143781742836e-02,6.910970406777999786e-02
3.638350323867737407e-02,7.122604597195170140e-02,6.306310759806921240e-02,3.019809703514375610e-02,1.137504924124808636e-01,1.398709210739106368e-01,1.661656725318587380e-01,4.263208434874612290e-02,2.084746171220527577e-01,1.072465217564593648e-01,1.550962890333353605e-01,9.340878288195322843e-02,0.000000000000000000e+00,5.485598239376089647e-02,8.104508526012262071e-02,5.792541240811637654e-02,4.572289094985958896e-02,8.237271639615420527e-02,1.117331255103022752e-01,1.552433478127357713e-01,5.799256949088928137e-02,3.172165282046120471e-01,2.525041034026334064e-01,7.565491501391682916e-02,1.994403791956681216e-01,4.347890498337378395e-01,2.403521574186052723e-01,3.795472462529774771e-01,2.719313623476967146e-01,6.039656012974704835e-02,1.721779545020278024e-01,6.897538422693602622e-02,4.179597999760255311e-02,6.294720120272467856e-02,3.067624368320883560e-02,6.068485468382828207e-02,2.920326738119193716e-02,2.796581719882022810e-02,7.241436505210774310e-02,4.506838094810289297e-02,6.555841272937172615e-02,4.112010902897422771e-02,6.080213471410968185e-02,1.968412251656162168e-02,1.962097083920652865e-02,3.743970032735539216e-02,7.232648319613800558e-02,1.115113424509652229e-01,3.519752837889671138e-02,1.140126873000966989e-01,1.590863768381970134e-01,1.838844938856480093e-01,5.020930466609924842e-02,2.528508850719199952e-01,1.003625658381286367e-01,2.051958847348764048e-01,1.257491440097115998e-01,2.787183300278425757e-01,6.962073698073921457e-02,9.570660277355021173e-02,7.686442983904889781e-02,3.818392995261944700e-02,9.054149013034953897e-02,1.311578525631915126e-01,1.642239687820779281e-01,9.000505768927845318e-02,3.116854646578918198e-01,2.972101336750350709e-01,7.883042185876446006e-02,1.826788937912655064e-01,5.730111569702881491e-01,2.505621098911766653e-01,3.601906091547664723e-01,2.459359635567209268e-01,6.424961045896976364e-02,1.875309678337026276e-01
7.872769126172239271e-03,1.529776745327901186e-02,1.397232575928629601e-02,6.479871917344874437e-03,2.473443134905426583e-02,3.079099066715997729e-02,3.582399895193691397e-02,9.777423285597162603e-03,4.653835465678288208e-02,2.356865414137735565e-02,3.454134411793402526e-02,2.065063406379324951e-02,5.485598239376089647e-02,0.000000000000000000e+00,1.839572610475130598e-02,1.273590271026526881e-02,1.010010437030294493e-02,1.775074226598092816e-02,2.541266880898239433e-02,3.407063675554764665e-02,1.213001344635266168e-02,7.069544215441141144e-02,5.628837014158436652e-02,1.648791072303949085e-02,4.315626186353606342e-02,9.521700727642402884e-02,5.273945935500903848e-02,8.361628727189317212e-02,5.996763475337270333e-02,1.343790520654783265e-02,3.761874208227946464e-02,1.515488892188857420e-02,9.228285293959888683e-03,1.359396417304521362e-02,6.525586165928871224e-03,1.295078122730574516e-02,6.391992499589270113e-03,6.437470683355493543e-03,1.577228835099220641e-02,9.876726027101970576e-03,1.444017585810115911e-02,8.906176779636220189e-03,1.340431526124972843e-02,4.295978452862336816e-03,4.448083547242394006e-03,7.701662066863512734e-03,1.587054307089028407e-02,2.430322341160916569e-02,7.473919122012520622e-03,2.477753551995857256e-02,3.502614065531181597e-02,3.993240501894511352e-02,1.126826089715707649e-02,5.697953897465396489e-02,2.149370144161261847e-02,4.580514959091870619e-02,2.738885806691192595e-02,6.129609857342803447e-02,1.528486386755351784e-02,2.120443805959219483e-02,1.683613018746489901e-02,8.293197290900181096e-03,2.024151308516420472e-02,2.938112882944822479e-02,3.672609552041337239e-02,1.906677315693590738e-02,7.030790458452697289e-02,6.543257505633856552e-02,1.706685784400074554e-02,3.991009735326180724e-02,1.248380968808642799e-01,5.548090421877689693e-02,7.943520532681129509e-02,5.479481235778276699e-02,1.412821646823615718e-02,4.087142090486210744e-02
1.282746675488972282e-02,2.381893340200052708e-02,2.067355715429296595e-02,9.742145364263510646e-03,3.671815513096421402e-02,4.595457017445356979e-02,5.365135142987360883e-02,1.363674342686000025e-02,6.722126578266744701e-02,3.483023051905100032e-02,4.953939155388529386e-02,3.045029606538957739e-02,8.104508526012262071e-02,1.839572610475130598e-02,0.000000000000000000e+00,1.866090997633827742e-02,1.452749944153896612e-02,2.679239962045797466e-02,3.505697054499747750e-02,4.989884213924054845e-02,2.007099420054973479e-02,1.014071097036664815e-01,8.201191297110191347e-02,2.600197403362103019e-02,6.505133671786783589e-02,1.439355249972428807e-01,7.951144124463389862e-02,1.215566013435665227e-01,8.673224080664698743e-02,1.943369937229977307e-02,5.648472143232205478e-02,2.200980499212545557e-02,1.377383962465083753e-02,2.101463921378924488e-02,1.033086105516664924e-02,2.015407514308562020e-02,9.414563797611609497e-03,9.081637214482112669e-03,2.282469199581284650e-02,1.465030922968731802e-02,2.115301345786930326e-02,1.331634827724265634e-02,1.922403667764271962e-02,6.201836376446250541e-03,6.244399319436862682e-03,1.342289522145195292e-02,2.373942766578867811e-02,3.566369066428629053e-02,1.157616976979665077e-02,3.692882668430605420e-02,5.116208405052174307e-02,5.951014815571047806e-02,1.645385406206782003e-02,8.028986344919497586e-02,3.219725698626345334e-02,6.502841382890249544e-02,4.143534039681927988e-02,8.853631542028110590e-02,2.278101986637313600e-02,3.096425254817909006e-02,2.486076017638750441e-02,1.226492108291448065e-02,2.898298798160147544e-02,4.102378618130547716e-02,5.304771818004473671e-02,3.009810777839922249e-02,9.985592408515822638e-02,9.648668554334376146e-02,2.631677560179399716e-02,5.944934952449026921e-02,1.864296656320462431e-01,8.179744910326662566e-02,1.154739809204571033e-01,7.896131638103871808e-02,2.038141352815714402e-02,6.059381118613790806e-02
8.252736787837165397e-03,1.650612090877117549e-02,1.450409490622771129e-02,6.845584538376316662e-03,2.564833033633032167e-02,3.232335347310401341e-02,3.772596012869458559e-02,9.697149272778652490e-03,4.818654814240000417e-02,2.456741701303196551e-02,3.536751547684013897e-02,2.110060589788669005e-02,5.792541240811637654e-02,1.273590271026526881e-02,1.866090997633827742e-02,0.000000000000000000e+00,1.031798584612446563e-02,1.857285844661530835e-02,2.556108613705120047e-02,3.587110739820266458e-02,1.316589411217549896e-02,7.285893500783946486e-02,5.825353354680033735e-02,1.722450370542195214e-02,4.555951477115789683e-02,9.950094214603126541e-02,5.572110917703815280e-02,8.655957183810915334e-02,6.236480735965427291e-02,1.381559821423612375e-02,3.937186354411113809e-02,1.554666814886193973e-02,9.541362447712104650e-03,1.425043018294716579e-02,6.901915757403277035e-03,1.400618824956074981e-02,6.699700304006957902e-03,6.414760404592368542e-03,1.601075745423862981e-02,1.029867336499523320e-02,1.488602496509212544e-02,9.149326463654801345e-03,1.381545981447525502e-02,4.467452065070024250e-03,4.537002999048443848e-03,8.386554129123568666e-03,1.686686753476979161e-02,2.534043202228168992e-02,7.800307275004773541e-03,2.554454419657168143e-02,3.669434089551988631e-02,4.194926110054014029e-02,1.138424812544120736e-02,5.825847242899018230e-02,2.273648296036070299e-02,4.694951576666610976e-02,2.814361798307170662e-02,6.362668006699066792e-02,1.595604251260207551e-02,2.163153001638466744e-02,1.779219573852231298e-02,8.625633849964901151e-03,2.095772297072183779e-02,3.031243943393244905e-02,3.807031075625322281e-02,2.018102407848714266e-02,7.222002504035730797e-02,6.802672359442386851e-02,1.778181869147477112e-02,4.180714379016393228e-02,1.295156286798978540e-01,5.779920305327556490e-02,8.260157123648552424e-02,5.661255689284627052e-02,1.495086580283368390e-02,4.320814067611955522e-02
6.680149076498819241e-03,1.290879273572473167e-02,1.139968864147969038e-02,5.455162326011999893e-03,2.075240282463091529e-02,2.493997953650589974e-02,3.045965149097558042e-02,7.671076263212200062e-03,3.766883344534568967e-02,1.910821929650086126e-02,2.823621319888016193e-02,1.683022478565096569e-02,4.572289094985958896e-02,1.010010437030294493e-02,1.452749944153896612e-02,1.031798584612446563e-02,0.000000000000000000e+00,1.488143607292597391e-02,2.050238208253406941e-02,2.789305194314758291e-02,1.064916631259197645e-02,5.704457415190174879e-02,4.541059939830743158e-02,1.390304462612609523e-02,3.613487612833091167e-02,7.856449686764443996e-02,4.340378383525087674e-02,6.833329145556082951e-02,4.859302242062177313e-02,1.087422384980034525e-02,3.100230123288097786e-02,1.224973695930269176e-02,7.508766259155872161e-03,1.118655531789657272e-02,5.326266796964946801e-03,1.116015000816949695e-02,5.322466017291840358e-03,5.043288643725401914e-03,1.286285167210023464e-02,7.998120949036719926e-03,1.175116839058592232e-02,7.399843562004401049e-03,1.105045234281891095e-02,3.571231616917202017e-03,3.495663590742855223e-03,6.806814096635849069e-03,1.315773538873521789e-02,2.007187381140774357e-02,6.387545677810335318e-03,2.080301263576150514e-02,2.825154861717751875e-02,3.369005991933430449e-02,9.059064196815350828e-03,4.522920068317368841e-02,1.809284205498441767e-02,3.750617244972861974e-02,2.300157585182663680e-02,5.051479707402223296e-02,1.267976840881791627e-02,1.691044317978022959e-02,1.379518082525427528e-02,6.875808628172298646e-03,1.649955967537830581e-02,2.376700320502057873e-02,2.955116891532282714e-02,1.655296021896334596e-02,5.613585347206993120e-02,5.311283630450342602e-02,1.440870823648251857e-02,3.297240787896873332e-02,1.025101307942883622e-01,4.521915794622985429e-02,6.545628320829480207e-02,4.443500238250109452e-02,1.169803777992693000e-02,3.376297157736905113e-02
1.198936891872115149e-02,2.347447791231585187e-02,2.051447624234521011e-02,9.740433758846422929e-03,3.686103221524187484e-02,4.616161057800242939e-02,5.446682997061969705e-02,1.398526938453314473e-02,6.870710849781298812e-02,3.529357830486491016e-02,5.093975866255726070e-02,3.030666573902113942e-02,8.237271639615420527e-02,1.775074226598092816e-02,2.679239962045797466e-02,1.857285844661530835e-02,1.488143607292597391e-02,0.000000000000000000e+00,3.672133174864714023e-02,5.075193040783492621e-02,1.950500196309173581e-02,1.045221713829573296e-01,8.269389475766168729e-02,2.509856273640552471e-02,6.557340309580032833e-02,1.437246972820337421e-01,7.899929197506577738e-02,1.236614963561910308e-01,8.870746702045827214e-02,1.953150401445041470e-02,5.654891937764190690e-02,2.265576878401315622e-02,1.348435881131473946e-02,2.020237196401692900e-02,9.879797617380399466e-03,1.962529259657977074e-02,9.579199348001773279e-03,9.141693647590432015e-03,2.349330532161932050e-02,1.464415437744866731e-02,2.091266620308758137e-02,1.319735152259624532e-02,1.948957932610399096e-02,6.356139056963405580e-03,6.303461122942793753e-03,1.238306071910880157e-02,2.376465777537657698e-02,3.586483920387791013e-02,1.139740048004979356e-02,3.737136926215891414e-02,5.191919548501112286e-02,6.051208346602660049e-02,1.656736510488395278e-02,8.306774121083511375e-02,3.231122944805429192e-02,6.771877029497107292e-02,4.105228159907056695e-02,9.084705240641130497e-02,2.257162620446392584e-02,3.110917349985859934e-02,2.515120659960786223e-02,1.224455678215900095e-02,2.949929048316333666e-02,4.280016359797017556e-02,5.372494549301972538e-02,2.982328929016370145e-02,1.024620507848603146e-01,9.715489335901425494e-02,2.619868530932708411e-02,5.952876737596750345e-02,1.870961024517249771e-01,8.214105784769537566e-02,1.174412814485891049e-01,8.045726409503518861e-02,2.101427320157678996e-02,6.083067501053074366e-02
1.650358335944852872e-02,3.235766529802298203e-02,2.822818056878759543e-02,1.340930263115909342e-02,5.077654099871627136e-02,6.286243723342282985e-02,7.397673552823363918e-02,1.849722825783816846e-02,9.247132657435618019e-02,4.797100711367838916e-02,6.853244102776702429e-02,4.126437308579826435e-02,1.117331255103022752e-01,2.541266880898239433e-02,3.505697054499747750e-02,2.556108613705120047e-02,2.050238208253406941e-02,3.672133174864714023e-02,0.000000000000000000e+00,6.888164449610892359e-02,2.615986151708581120e-02,1.392144214724015672e-01,1.111546184373897461e-01,3.416294194729603551e-02,8.914682131564535816e-02,1.935994556340337736e-01,1.087323358651291066e-01,1.669738944154968152e-01,1.198568722232100925e-01,2.731306663004103713e-02,7.714389805753460450e-02,2.964306224531162992e-02,1.858881332878171283e-02,2.794313372040803031e-02,1.384819981000347602e-02,2.791642379096781479e-02,1.302874002669470767e-02,1.212117185346383956e-02,3.047670879154837364e-02,1.972257418998188058e-02,2.893889456096554805e-02,1.809256190753231325e-02,2.698894891166095031e-02,8.695598539192907900e-03,8.626580706563254097e-03,1.695559546319172842e-02,3.243460158918523573e-02,4.964325761730957465e-02,1.588354540117306590e-02,5.068057711219069866e-02,7.114314367767049507e-02,8.223255534823456503e-02,2.215334820152384948e-02,1.119512640039145995e-01,4.430003993642449289e-02,9.015781721775686930e-02,5.573245770936001431e-02,1.227002262743433075e-01,3.151585120969311454e-02,4.168682982487660615e-02,3.397930463862627870e-02,1.684081232535532269e-02,4.029015429242908952e-02,5.778111238756825085e-02,7.374249484288161738e-02,3.991532068376210662e-02,1.380849499080314680e-01,1.306884900158810370e-01,3.526522177276879277e-02,8.142716608128085232e-02,2.503289609423369200e-01,1.127642455817444711e-01,1.603168482786682114e-01,1.097862838474941150e-01,2.895145567217990643e-02,8.318601685300651416e-02
2.234991755213234718e-02,4.429799950592400171e-02,3.915838940383337130e-02,1.852788360589483277e-02,6.954918710804626480e-02,8.739070902841844513e-02,1.016805894355726492e-01,2.615629637248690145e-02,1.302463923050028727e-01,6.663123082472054148e-02,9.560128385964507258e-02,5.680233522432510951e-02,1.552433478127357713e-01,3.407063675554764665e-02,4.989884213924054845e-02,3.587110739820266458e-02,2.789305194314758291e-02,5.075193040783492621e-02,6.888164449610892359e-02,0.000000000000000000e+00,3.548598808768382157e-02,1.962604832893951323e-01,1.565589983161062848e-01,4.641790594812646165e-02,1.228449255964865205e-01,2.684486404043948671e-01,1.498526157535697567e-01,2.332045958970048460e-01,1.680602457017259799e-01,3.737724602638739513e-02,1.069334534212467852e-01,4.207674560458447149e-02,2.552172659212214451e-02,3.889061822041661037e-02,1.881683815743499105e-02,3.742876850851338533e-02,1.800148400109512561e-02,1.722885319652571467e-02,4.334879914290107328e-02,2.741345431545622394e-02,3.983203250271639267e-02,2.457392133793730518e-02,3.714404563712436769e-02,1.196679275253351507e-02,1.216870222613299773e-02,2.270934639640763072e-02,4.542660332253899841e-02,6.873274683058706869e-02,2.127470971363267307e-02,6.931307474285451631e-02,9.872508515892551573e-02,1.131244771146711348e-01,3.079341641632381971e-02,1.568048701802274014e-01,6.123727056427485937e-02,1.262299467578874568e-01,7.611787483149284883e-02,1.707691881849378035e-01,4.297763606698006000e-02,5.831079418075418852e-02,4.782022669994707986e-02,2.322691075542016037e-02,5.615822477899375803e-02,8.170358765337826235e-02,1.026559184812050607e-01,5.441386949569555070e-02,1.941076259755127043e-01,1.836580968839304495e-01,4.805574298369184871e-02,1.128457809739242118e-01,3.499919112095380980e-01,1.571102217274091828e-01,2.231149485368218721e-01,1.529567105597444687e-01,4.036431207799814208e-02,1.158507551755587200e-01
9.468416406680897623e-03,1.679582940798861682e-02,1.473980253894390663e-02,6.645160297240393539e-03,2.596605195053077256e-02,3.295425182817443566e-02,3.867196356306044913e-02,1.001707258339484298e-02,4.869888520286991263e-02,2.511299893333397010e-02,3.628217493644064068e-02,2.244186601194807229e-02,5.799256949088928137e-02,1.213001344635266168e-02,2.007099420054973479e-02,1.316589411217549896e-02,1.064916631259197645e-02,1.950500196309173581e-02,2.615986151708581120e-02,3.548598808768382157e-02,0.000000000000000000e+00,7.542865650785252063e-02,6.018646131390801429e-02,1.973947749956460676e-02,4.758723554760921348e-02,1.065434604616243147e-01,5.721128436335762291e-02,8.830438581513057328e-02,6.253592135272841024e-02,1.375636001130981292e-02,4.077632770770603376e-02,1.648336270250803579e-02,9.823446189100760659e-03,1.463909526940931211e-02,7.215528586250566020e-03,1.328969030410413928e-02,6.531347559714822948e-03,6.851046451825318004e-03,1.732616792619629670e-02,1.056360803824471506e-02,1.493772319560360620e-02,9.527142786943275030e-03,1.327128627370439962e-02,4.395506585543805696e-03,4.651364249060690320e-03,1.024556427291544586e-02,1.699334586478889325e-02,2.578189292016073650e-02,8.140069318460747133e-03,2.679414108134378983e-02,3.635127038559842622e-02,4.310126725944942588e-02,1.241230205716373908e-02,5.928285343272055724e-02,2.278489482910795588e-02,4.890015135320580075e-02,3.149140003741848770e-02,6.393905778027471343e-02,1.587515777651800700e-02,2.304767070744400542e-02,1.829398284253813678e-02,8.660007709535047851e-03,2.141442534318971011e-02,3.042980699902463060e-02,3.818046017960342181e-02,2.283477314483640594e-02,7.354317981155054917e-02,7.078429328876614801e-02,2.104453014512588233e-02,4.273612757349012914e-02,1.373364656077116774e-01,5.791890225525109931e-02,8.451476419157688547e-02,5.703824345004189500e-02,1.511071447636572890e-02,4.387388209618806045e-02
