0.000000000000000000e+00,1.436681863399625475e-02,1.370912150570273436e-02,5.446332425228224070e-03,2.498142772270890016e-02,3.310168160673640503e-02,3.206909553763117454e-02,8.156565792743642601e-03,4.416097067089110734e-02,2.376638760396561703e-02,3.481476396182195399e-02,2.160514336595618923e-02,4.969241704416590966e-02,1.295513410534556396e-02,1.769926152007912992e-02,1.298530124394298504e-02,7.933549292331086231e-03,1.668783744541813691e-02,2.219461709627428350e-02,3.515611909339434737e-02,1.748717994071378318e-02,5.358991770604110833e-02,5.435487794735167216e-02,1.727998933149236388e-02,3.546772358279293158e-02,8.655666496292735435e-02,5.549168452451737343e-02,6.841242619903123434e-02,5.399923497459439836e-02,1.246637946632266417e-02,3.758923385212428053e-02,1.673214144495868694e-02,1.103570211970828115e-02,1.526470628192219160e-02,8.824957822812364711e-03,1.290961218847432729e-02,5.533397979001804766e-03,6.424395770371312160e-03,1.552519999877885991e-02,1.156686508245889297e-02,1.380494299148705105e-02,7.329597992807945425e-03,1.103362391963315890e-02,3.618227564473531620e-03,3.852291131314666481e-03,8.713824926386047956e-03,1.546844793337317017e-02,1.852772605755410168e-02,7.107332425715072628e-03,2.507716334304793335e-02,3.409346615283306847e-02,3.735716822896485018e-02,9.265989463422117170e-03,4.459084461434275476e-02,2.342608441328807717e-02,4.222058058318960833e-02,2.195694642725095833e-02,5.349085317448491056e-02,1.497121486475106594e-02,1.561143927667306246e-02,1.487899494349748976e-02,7.253725095927620811e-03,1.887476115772899338e-02,2.191399483553539349e-02,3.053019301197022056e-02,1.875338830764239351e-02,5.447028205699130932e-02,5.977983217845000280e-02,1.471400867818872457e-02,3.770933072241445388e-02,1.094206033454300786e-01,5.229832952428366266e-02,7.660273342544804409e-02,4.533695457616711971e-02,1.489413424705547488e-02,4.086365468980709265e-02
1.436681863399625475e-02,0.000000000000000000e+00,2.106946640739908519e-02,8.593748575632340417e-03,3.817687563362614361e-02,5.144165335044879883e-02,4.971922612530798452e-02,1.240721515823107503e-02,7.036477375838384729e-02,3.659797711272300830e-02,5.435656475299908974e-02,3.202479815350789405e-02,7.794765812548842820e-02,1.890540618563922581e-02,2.690086617838824065e-02,2.049251154496029362e-02,1.214859796466320058e-02,2.691009678939041902e-02,3.520771452348818442e-02,5.493156230105541299e-02,2.634837634261988012e-02,8.488657137367108807e-02,8.341072941094067328e-02,2.546668719065383474e-02,5.557297067094700560e-02,1.328652222598299126e-01,8.763276493750604690e-02,1.085650404812669584e-01,8.516635283500990916e-02,1.982625995556803675e-02,5.895603726029260971e-02,2.627120432919083717e-02,1.726094067523645248e-02,2.366112416159560014e-02,1.350407121292269107e-02,1.956160520250448467e-02,8.721397944681725731e-03,1.008901151862525228e-02,2.454398643544206463e-02,1.836746504602537050e-02,2.117556743186213911e-02,1.093081850726687967e-02,1.710028084938212956e-02,5.756773265138470826e-03,5.840978001444760252e-03,1.253376420161221409e-02,2.333368628531912181e-02,2.846528330471359558e-02,1.091124816257185888e-02,3.841609285948109631e-02,5.349688473693953866e-02,5.774758839833461777e-02,1.415093217673857318e-02,7.082518156384808028e-02,3.646406371840597849e-02,6.616777447129811029e-02,3.209113913976181787e-02,8.423945723243779493e-02,2.297486760082486854e-02,2.342241421334957316e-02,2.318554271245847412e-02,1.174237318261839302e-02,3.027065902636740663e-02,3.446432298282293277e-02,4.732086444200980790e-02,2.811965694160988363e-02,8.610687170779357524e-02,9.326615729702836255e-02,2.219519738303941600e-02,5.917753225729638356e-02,1.676050998315057605e-01,8.323866726152469309e-02,1.203177204602878525e-01,7.257408359066891412e-02,2.384473371483174925e-02,6.379097247446835484e-02
1.370912150570273436e-02,2.106946640739908519e-02,0.000000000000000000e+00,8.018399178036194133e-03,3.598113460933527463e-02,4.867889700176018103e-02,4.700540898889354890e-02,1.163358378485182358e-02,6.593765250833943936e-02,3.452304506841652465e-02,5.060270120836936336e-02,3.077084406623058904e-02,7.310076442568677613e-02,1.850629467115539467e-02,2.489862446531278944e-02,1.910058531979812874e-02,1.156782291235234662e-02,2.484944793381728412e-02,3.313853223295754047e-02,5.150371556548186819e-02,2.478980403953226844e-02,7.903752927993890065e-02,7.835357299071279980e-02,2.464756834446333450e-02,5.222860244938861557e-02,1.257231755620540348e-01,8.172551139232961392e-02,1.007923488980546761e-01,8.036517987056718271e-02,1.836086477043603893e-02,5.466168197300330656e-02,2.404470636727629868e-02,1.629757361320169351e-02,2.247982408722737704e-02,1.312537155096676379e-02,1.919525892295655817e-02,8.274078007461318704e-03,9.375162067268572041e-03,2.257715961394406515e-02,1.736268861311615619e-02,2.021836569884686088e-02,1.059349142248836376e-02,1.633976387355469406e-02,5.477515549064544340e-03,5.536381536157513293e-03,1.212545056994966328e-02,2.226546330708475963e-02,2.741825419987081042e-02,1.066164547381328286e-02,3.661058948216655562e-02,5.062204087196812974e-02,5.470403001324795900e-02,1.329486818929186479e-02,6.605772251189968858e-02,3.426458763570219140e-02,6.107245093599800861e-02,3.041309501786389549e-02,7.899341295625376957e-02,2.228812331675516373e-02,2.190098830224657470e-02,2.183069368035108274e-02,1.088995417179560929e-02,2.826935358226648903e-02,3.232211511912914947e-02,4.489012339830931314e-02,2.638208956072498820e-02,8.072955869367502701e-02,8.626339300596011506e-02,2.124165928758075042e-02,5.562626539056924474e-02,1.578220178079841884e-01,7.753574364771018135e-02,1.124921724809609669e-01,6.775288333987322664e-02,2.210538157897099301e-02,5.973752646849030123e-02
5.446332425228224070e-03,8.593748575632340417e-03,8.018399178036194133e-03,0.000000000000000000e+00,1.472079206045044317e-02,1.976529200538584830e-02,1.877472840584792566e-02,4.743228091429328892e-03,2.700868900977342058e-02,1.396110420746159327e-02,2.091907322876846234e-02,1.219110612743351703e-02,2.998012226391173068e-02,7.323156695085189863e-03,1.023704483730746885e-02,7.689885144941008450e-03,4.659632383757402081e-03,1.014806648111113430e-02,1.336207051067610577e-02,2.090683931878275365e-02,9.945925381803784326e-03,3.232398492147858793e-02,3.199062678144706795e-02,9.568421732437212140e-03,2.123321740394527174e-02,5.036820118543262892e-02,3.342117976539154406e-02,4.132943580498746328e-02,3.270802599158852131e-02,7.555790254773543137e-03,2.233905535281734134e-02,1.009527059921688438e-02,6.676358459512115283e-03,9.061474273440678004e-03,5.206524398499984448e-03,7.210116342055193986e-03,3.138932503967821995e-03,3.858248678670296496e-03,9.323085520973098048e-03,7.042868538558162347e-03,8.196861480486065596e-03,4.135029048302949449e-03,6.511150340851995337e-03,2.169453884864638599e-03,2.267792007753751012e-03,4.888468978038930206e-03,8.940630995075946746e-03,1.095478526864390734e-02,4.091907236205408194e-03,1.453298936375478807e-02,2.065920277837364483e-02,2.220938654498620657e-02,5.505629019813905456e-03,2.712969157317755148e-02,1.389608964139037173e-02,2.562870316426247436e-02,1.230943398878547174e-02,3.247893831875537513e-02,8.662375491837615710e-03,9.051479137693243388e-03,8.935568306082424667e-03,4.538821124452538727e-03,1.158195342827532739e-02,1.350678752974265699e-02,1.837271979615534567e-02,1.101658564484294701e-02,3.312460406141107955e-02,3.594321471505120685e-02,8.452776425241803962e-03,2.259367185885074319e-02,6.433706266077660052e-02,3.183584357798517617e-02,4.600428879912145386e-02,2.763033247617952687e-02,9.116092473190909318e-03,2.454265292365229167e-02
2.498142772270890016e-02,3.817687563362614361e-02,3.598113460933527463e-02,1.472079206045044317e-02,0.000000000000000000e+00,8.822296961204209587e-02,8.660208738019069263e-02,2.127641040613111739e-02,1.195115708958490591e-01,6.484239649671250105e-02,9.394732395141119907e-02,5.587441726292732141e-02,1.351924269709660342e-01,3.396426594797623266e-02,4.484712425840300942e-02,3.495211009000615682e-02,2.187808335073392757e-02,4.586965560310651141e-02,5.975990549500501126e-02,9.233176401328085925e-02,4.605004732635845782e-02,1.420455186347142906e-01,1.425185648647486203e-01,4.387889130087561235e-02,9.593886993473245417e-02,2.251990972830168747e-01,1.482709452209036716e-01,1.868365142861816708e-01,1.459802524437472937e-01,3.392996757561268784e-02,9.937127241948152945e-02,4.540089159958401316e-02,2.992531047135750175e-02,4.077582625390938076e-02,2.339176408535369525e-02,3.478487979399930846e-02,1.538890056738038623e-02,1.720418030328454279e-02,4.252220957381759592e-02,3.165737688847757025e-02,3.687302485307793198e-02,1.916700820650892728e-02,3.058667664792948798e-02,1.022402472736006797e-02,1.011865015325572915e-02,2.228517709747300166e-02,4.056246429302924617e-02,4.858874753102671723e-02,1.893139845256266648e-02,6.724499547507833963e-02,9.275259907251352798e-02,1.010098234305592951e-01,2.463290444917330332e-02,1.203261882979448222e-01,6.427820745385867673e-02,1.140907601173186958e-01,5.590704462706703320e-02,1.455892148628389893e-01,4.061802922269617394e-02,3.953359825804541455e-02,4.037989880938618048e-02,2.024731789502860757e-02,5.170080534910405368e-02,5.942857717057985906e-02,8.117802023953414603e-02,5.007630018749593265e-02,1.466332040391878366e-01,1.582286777380432219e-01,3.818715519302395833e-02,1.016342034329947158e-01,2.869811271897689253e-01,1.408178597791539532e-01,2.069408238836093206e-01,1.236245846140545529e-01,4.080512499185044717e-02,1.092828022767973195e-01
3.310168160673640503e-02,5.144165335044879883e-02,4.867889700176018103e-02,1.976529200538584830e-02,8.822296961204209587e-02,0.000000000000000000e+00,1.153810953492939162e-01,2.789421951421100845e-02,1.611695631243114379e-01,8.397728395972346715e-02,1.234072780358484583e-01,7.399863058704034269e-02,1.797290889367370026e-01,4.464504511578371027e-02,6.020974070426422103e-02,4.661144559584630420e-02,2.820153706342295313e-02,6.150298707683693467e-02,8.033293457831119921e-02,1.254254718878083652e-01,6.044578326270555468e-02,1.937645412769159470e-01,1.902539034854535405e-01,5.906074641708328882e-02,1.284994620450388980e-01,3.058508166743960643e-01,1.999581205617395052e-01,2.482212391936775009e-01,1.956092916563469675e-01,4.534219969999048888e-02,1.340894950734404512e-01,5.887070853055448305e-02,4.000135675639088922e-02,5.480908141486225127e-02,3.177500146755168203e-02,4.630166643058880593e-02,2.024843521370071550e-02,2.281236587423229184e-02,5.477121583278928008e-02,4.257980371294663169e-02,4.950851293778912171e-02,2.540281804539007426e-02,3.992412175447870859e-02,1.343947250530734203e-02,1.338385400040770570e-02,3.021939761623711543e-02,5.429028331461189377e-02,6.653245719887293519e-02,2.562732909259538699e-02,8.850043335113043363e-02,1.234429509851346918e-01,1.333197111290037040e-01,3.254158286226913055e-02,1.621017758271169895e-01,8.385133067958855380e-02,1.501493029083358355e-01,7.433070535175061166e-02,1.925037756415267365e-01,5.386520326113854867e-02,5.356681341363798282e-02,5.335020264109064519e-02,2.687737201328201445e-02,6.872052768107037024e-02,7.917999766525379846e-02,1.094864699732575192e-01,6.527426072798983570e-02,1.972539124758215801e-01,2.128486284389082828e-01,5.161588411592511749e-02,1.364173880319586585e-01,3.871053712945161651e-01,1.902621584660277587e-01,2.757597360195394032e-01,1.652687295648433974e-01,5.393499097859803110e-02,1.463705464873996664e-01
3.206909553763117454e-02,4.971922612530798452e-02,4.700540898889354890e-02,1.877472840584792566e-02,8.660208738019069263e-02,1.153810953492939162e-01,0.000000000000000000e+00,2.772367197121285154e-02,1.564449822886996577e-01,8.324228489013661691e-02,1.219355284727311334e-01,7.251069325877453065e-02,1.749649201588213132e-01,4.339459753145923776e-02,5.880672387424259323e-02,4.524837279153354902e-02,2.801102074469536893e-02,5.939241968817325634e-02,7.799077452592646786e-02,1.201438604307265984e-01,5.945767068052636856e-02,1.858815939185845534e-01,1.855455810843104347e-01,5.692340242688029295e-02,1.238849085807590955e-01,2.938881631618598389e-01,1.924356597027658822e-01,2.424184090740901243e-01,1.892064000990334727e-01,4.400840306480326841e-02,1.296766209065282893e-01,5.877179928771732176e-02,3.894002865420886916e-02,5.326964115337819161e-02,3.058782779104197297e-02,4.449856294961221370e-02,1.970116470101581849e-02,2.242424080805486761e-02,5.487584977108728862e-02,4.140348722076387517e-02,4.806134646404026239e-02,2.477805075685603903e-02,3.883341975216959840e-02,1.309291182987537723e-02,1.338365560932407855e-02,2.849498847046820493e-02,5.266295611258559051e-02,6.297960351815036495e-02,2.447575462506288921e-02,8.641957978713961375e-02,1.203425115699352788e-01,1.300546962808941387e-01,3.178995205401603102e-02,1.571777861534054410e-01,8.252134083957797517e-02,1.477773261350742162e-01,7.241892248750333994e-02,1.885932753864542899e-01,5.213074659709814734e-02,5.124499342889551889e-02,5.220387877028451196e-02,2.608195738202568822e-02,6.704568891371569250e-02,7.649170741721025846e-02,1.052864369535990302e-01,6.422730297427058088e-02,1.906960909929202030e-01,2.060910346241923985e-01,4.959075284513713572e-02,1.316712558376845199e-01,3.734093658770888391e-01,1.835178513319926374e-01,2.681724308236625998e-01,1.600902250955870965e-01,5.290308170439884244e-02,1.419424363355133722e-01
8.156565792743642601e-03,1.240721515823107503e-02,1.163358378485182358e-02,4.743228091429328892e-03,2.127641040613111739e-02,2.789421951421100845e-02,2.772367197121285154e-02,0.000000000000000000e+00,3.782042931515591788e-02,2.039888666088814778e-02,2.947536892187428356e-02,1.836151477692767736e-02,4.253655840700287100e-02,1.090182632730094317e-02,1.447377494750546993e-02,1.100500335016839706e-02,6.808084247701508447e-03,1.441114715405835550e-02,1.894595571430542774e-02,2.960098322552835032e-02,1.453443700786859888e-02,4.567869665696014381e-02,4.540753178107412302e-02,1.451177563989640082e-02,3.038688177413523261e-02,7.357260219491132403e-02,4.670299911773672513e-02,5.878022213545019276e-02,4.585706959314268805e-02,1.060316391004101008e-02,3.157284896394729062e-02,1.403355955281550792e-02,9.409381584438951743e-03,1.324891867811685969e-02,7.462768995929297197e-03,1.119090165048815082e-02,4.887343718159404930e-03,5.310111836150738229e-03,1.318763574941875412e-02,9.855408247432228749e-03,1.172143077089573236e-02,6.308170862554169679e-03,9.735632572401130974e-03,3.301234929693564867e-03,3.271564362835137178e-03,7.032561155101485148e-03,1.313299453538153624e-02,1.575203387354331269e-02,6.318593876339793219e-03,2.137703085150139543e-02,2.912650957335418192e-02,3.220416682736890884e-02,7.787206495962522429e-03,3.777602173042689249e-02,2.041326011904744109e-02,3.574812132417319599e-02,1.852337438804765174e-02,4.604555984786086464e-02,1.309299140523002662e-02,1.282688704546699685e-02,1.262851219413423792e-02,6.456076575678568012e-03,1.632547182416432471e-02,1.854799625389385795e-02,2.585820584535555161e-02,1.578110156197744945e-02,4.638985629658754634e-02,5.009031560013490342e-02,1.207658139779027237e-02,3.237850427249902574e-02,9.213728223131006922e-02,4.462152997228552298e-02,6.538172579207593427e-02,3.878333436528833000e-02,1.244908671399615890e-02,3.463900292394632430e-02
4.416097067089110734e-02,7.036477375838384729e-02,6.593765250833943936e-02,2.700868900977342058e-02,1.195115708958490591e-01,1.611695631243114379e-01,1.564449822886996577e-01,3.782042931515591788e-02,0.000000000000000000e+00,1.144212153720691183e-01,1.671347887851792335e-01,9.952696268576861904e-02,2.439089921100333902e-01,6.038376955015450909e-02,8.096740525431650459e-02,6.375703176048816423e-02,3.871792172443670743e-02,8.431686909892906201e-02,1.086590565012698212e-01,1.709296205267696322e-01,8.152494737291603177e-02,2.629018434022549755e-01,2.576628552694126828e-01,7.955146010347786956e-02,1.751772233859160421e-01,4.135238717469174041e-01,2.737647998468857313e-01,3.375926658571630767e-01,2.667724453475301960e-01,6.123001831405085887e-02,1.808602485465184984e-01,7.961816602714071045e-02,5.409871167767046907e-02,7.402995772376647077e-02,4.305673376133459240e-02,6.317227126876481802e-02,2.755452265470505549e-02,3.094480983647794267e-02,7.456451389011864439e-02,5.756817338177074722e-02,6.701220308877256504e-02,3.475327212976289659e-02,5.425320204433750626e-02,1.835669669368172191e-02,1.834189716363610750e-02,4.008865529648628773e-02,7.354031081915289592e-02,9.060608285778472271e-02,3.500586134067661115e-02,1.196144717889505438e-01,1.677297561215949917e-01,1.813902126425242234e-01,4.402953809151433778e-02,2.200571669104844086e-01,1.150458408372485586e-01,2.026772318299506215e-01,1.000642593152532150e-01,2.625898594871397540e-01,7.258008942422922161e-02,7.177394881875656663e-02,7.302171909401464212e-02,3.717062949155573032e-02,9.408078006854209141e-02,1.075828803048716337e-01,1.497010092901179257e-01,8.785629599815590607e-02,2.688249169007547179e-01,2.889736109619638338e-01,6.971990111703862958e-02,1.858735681685347307e-01,5.212960381295933532e-01,2.596226459828713251e-01,3.750405842673021350e-01,2.257904016903976019e-01,7.370173213184685879e-02,1.977341933539401020e-01
2.376638760396561703e-02,3.659797711272300830e-02,3.452304506841652465e-02,1.396110420746159327e-02,6.484239649671250105e-02,8.397728395972346715e-02,8.324228489013661691e-02,2.039888666088814778e-02,1.144212153720691183e-01,0.000000000000000000e+00,8.962992350448477363e-02,5.373843502694905516e-02,1.295665294513635990e-01,3.253464343780898549e-02,4.325200534286983284e-02,3.348297652773092603e-02,2.045934331077924051e-02,4.411017935570009374e-02,5.765055235373323095e-02,8.916335658983548518e-02,4.454545774506967620e-02,1.371503294974541487e-01,1.365724500481077242e-01,4.197315968760410160e-02,9.168576344591033989e-02,2.171028203432453230e-01,1.419516859201618297e-01,1.787985552238432474e-01,1.397343046176302561e-01,3.277914042191908128e-02,9.520616055396474708e-02,4.208958030741980633e-02,2.866190711776860425e-02,3.896038356444227885e-02,2.213927832850685201e-02,3.367182133019977486e-02,1.461874904496040378e-02,1.631696690741186312e-02,3.958831378098940507e-02,3.041690688288517519e-02,3.529743735738808535e-02,1.794732935943088928e-02,2.937060012885889942e-02,9.719078593770281993e-03,9.582643247699315983e-03,2.102408924839454726e-02,3.860943015479918750e-02,4.688676001336045118e-02,1.831545982676787906e-02,6.426933750510002707e-02,8.772970437791750842e-02,9.597278360458728896e-02,2.353449161472236789e-02,1.143384870370885154e-01,6.162048299504139376e-02,1.081692766169674441e-01,5.349273874769169823e-02,1.384478085519205703e-01,3.901698005431109006e-02,3.766971152503476028e-02,3.832729847449790894e-02,1.932128799327277255e-02,4.987099014789197343e-02,5.654921211883193882e-02,7.760290890712408240e-02,4.744874519826211556e-02,1.401933458926405140e-01,1.511883765341386077e-01,3.632274435737561230e-02,9.738259057300999166e-02,2.746751806716108968e-01,1.346651357824040496e-01,1.997430018681237429e-01,1.180323070098858590e-01,3.963834613744375568e-02,1.051093518504074287e-01
3.481476396182195399e-02,5.435656475299908974e-02,5.060270120836936336e-02,2.091907322876846234e-02,9.394732395141119907e-02,1.234072780358484583e-01,1.219355284727311334e-01,2.947536892187428356e-02,1.671347887851792335e-01,8.962992350448477363e-02,0.000000000000000000e+00,7.838839505866106172e-02,1.891543962802537671e-01,4.793280018100199574e-02,6.215349126761448434e-02,4.868576521512195387e-02,3.035561057463564624e-02,6.468650812996214194e-02,8.292883669137393610e-02,1.298769613853382188e-01,6.425573198479819781e-02,1.999735370360237741e-01,1.981504671090117131e-01,6.202687356942442748e-02,1.348154824892588421e-01,3.178970541059075727e-01,2.079431214888065316e-01,2.609158246427688566e-01,2.035073076356271882e-01,4.734967109969301369e-02,1.392641405344494931e-01,6.168471325506873909e-02,4.171441150001498066e-02,5.731389473508726601e-02,3.304834371920371133e-02,4.949312093927984990e-02,2.134164739042419476e-02,2.362470970986228422e-02,5.754392201742729307e-02,4.410575835923778720e-02,5.160717940155159361e-02,2.709295031572430540e-02,4.275928964873790261e-02,1.439534089779123324e-02,1.400708024988303775e-02,3.113452164371769554e-02,5.704585574998873032e-02,6.942821826334737156e-02,2.710419334589496410e-02,9.351201858488723817e-02,1.297943579192123997e-01,1.411995973160716789e-01,3.414627562156687113e-02,1.682351337239944566e-01,8.940235866296182554e-02,1.571218479762878650e-01,7.874676978603160904e-02,2.029442024027748592e-01,5.710375467126747873e-02,5.545516074567510140e-02,5.628324674121632648e-02,2.862746904674704287e-02,7.201308880110612876e-02,8.220711418659414071e-02,1.145151103008158339e-01,6.944369118462194457e-02,2.049205157539751299e-01,2.207372861328708302e-01,5.349756940634645130e-02,1.428971077014326851e-01,4.016958558865836304e-01,1.983552639840958920e-01,2.891846182990053249e-01,1.723967426989732876e-01,5.659417218894365748e-02,1.529204398693522204e-01
2.160514336595618923e-02,3.202479815350789405e-02,3.077084406623058904e-02,1.219110612743351703e-02,5.587441726292732141e-02,7.399863058704034269e-02,7.251069325877453065e-02,1.836151477692767736e-02,9.952696268576861904e-02,5.373843502694905516e-02,7.838839505866106172e-02,0.000000000000000000e+00,1.131659320497831051e-01,2.900816321022160055e-02,3.853543737024953814e-02,2.925291527630690183e-02,1.802944254923339110e-02,3.819163248281799705e-02,5.022481107836586356e-02,7.790138158592782580e-02,3.954590811516620064e-02,1.192781699566112935e-01,1.214185312169163145e-01,3.802778786255477800e-02,7.943034043478924833e-02,1.928476918596299938e-01,1.229628001180631813e-01,1.551342811199504235e-01,1.221153059715948119e-01,2.818779032553249408e-02,8.352076088130221121e-02,3.703998120190570009e-02,2.547773417132084134e-02,3.522152576317250094e-02,2.006547440259085630e-02,2.961811186588641023e-02,1.266502414848003771e-02,1.446539457039645697e-02,3.462006243362447666e-02,2.710050391666555050e-02,3.183090639057561955e-02,1.627183516222902027e-02,2.548590910006492960e-02,8.561378755530745302e-03,8.462354337825137712e-03,1.929935549515179871e-02,3.438019479061937833e-02,4.152856689093790965e-02,1.625947628196763861e-02,5.618085105288180697e-02,7.695702363978337845e-02,8.443460685339608529e-02,2.098232014548796071e-02,9.987547885297544392e-02,5.371197405225957427e-02,9.464133837694425899e-02,4.815631769225579839e-02,1.210737569118173901e-01,3.455082754349254187e-02,3.366908265268957201e-02,3.348353208998793018e-02,1.662297108639138390e-02,4.289278531458230737e-02,4.959639751464493818e-02,6.809685192207487470e-02,4.215726291842105539e-02,1.222890157484414764e-01,1.331748007528630318e-01,3.253163893108401705e-02,8.462605105976685194e-02,2.438919975947803909e-01,1.171507062101822816e-01,1.739762086420897913e-01,1.015958742280319849e-01,3.394449764731934105e-02,9.273298157798801067e-02
4.969241704416590966e-02,7.794765812548842820e-02,7.310076442568677613e-02,2.998012226391173068e-02,1.351924269709660342e-01,1.797290889367370026e-01,1.749649201588213132e-01,4.253655840700287100e-02,2.439089921100333902e-01,1.295665294513635990e-01,1.891543962802537671e-01,1.131659320497831051e-01,0.000000000000000000e+00,6.816809866405915130e-02,9.104212880407276665e-02,7.097329884672859412e-02,4.323779700901888429e-02,9.342975773885230095e-02,1.210651476202338067e-01,1.883660566807227876e-01,9.270410143057100649e-02,2.919318546408215531e-01,2.890615838304895213e-01,8.901218472475377896e-02,1.950916795573020834e-01,4.597968632461471028e-01,3.027522191949460484e-01,3.800700280651569951e-01,2.963350896722861672e-01,6.922789816135029028e-02,2.027341911599473412e-01,9.065314661906252736e-02,6.090151998685720824e-02,8.260517911153911208e-02,4.807591726349458999e-02,7.015228946096226104e-02,3.086818156986809863e-02,3.477612708074472730e-02,8.482439284510938371e-02,6.465060668540921485e-02,7.486128229160389502e-02,3.871861519051448403e-02,6.107509598086587055e-02,2.074064847095031042e-02,2.070498900395744551e-02,4.481593022686772287e-02,8.200533969749651542e-02,9.993264177164706830e-02,3.879018872296429582e-02,1.348897476418466357e-01,1.872939346435694430e-01,2.029980827948872912e-01,4.941973173259797680e-02,2.460498660273908178e-01,1.293228565466297553e-01,2.302687433775059966e-01,1.132224015207201201e-01,2.944339896368485254e-01,8.134788131058184879e-02,8.059388966560798728e-02,8.183428605762010921e-02,4.113463458156787350e-02,1.050850308100278602e-01,1.200715397155029257e-01,1.648820834963976856e-01,1.002021629836075955e-01,2.986743022602480480e-01,3.234309557797756529e-01,7.808002936857327825e-02,2.076458907816302324e-01,5.843799006158809650e-01,2.888031832141742528e-01,4.203969052288544783e-01,2.502410408446307799e-01,8.298195390847673547e-02,2.231745212132693057e-01
1.295513410534556396e-02,1.890540618563922581e-02,1.850629467115539467e-02,7.323156695085189863e-03,3.396426594797623266e-02,4.464504511578371027e-02,4.339459753145923776e-02,1.090182632730094317e-02,6.038376955015450909e-02,3.253464343780898549e-02,4.793280018100199574e-02,2.900816321022160055e-02,6.816809866405915130e-02,0.000000000000000000e+00,2.349903537585755139e-02,1.761289070357797623e-02,1.076387805392376926e-02,2.283589812361135410e-02,3.082761331742028474e-02,4.704902027377742824e-02,2.341578302180790869e-02,7.215193495947294644e-02,7.344451764505900704e-02,2.253924367343610943e-02,4.790736252103193482e-02,1.146916540971681525e-01,7.530833528175090441e-02,9.446183649423232909e-02,7.376166408671740171e-02,1.729809455180067457e-02,5.045721153522322172e-02,2.284075502623496984e-02,1.527753726946152503e-02,2.076015947884241389e-02,1.191948308745479322e-02,1.715671348091283438e-02,7.600947803288644194e-03,8.902468308520233853e-03,2.137942564890578032e-02,1.588111356092892015e-02,1.872266917016450830e-02,9.553669101711619038e-03,1.546430346321154420e-02,5.092442219056744074e-03,5.138025813716316607e-03,1.115358464392525797e-02,2.066201565155987782e-02,2.490949436665349306e-02,9.578736411522849672e-03,3.404359282407418835e-02,4.690789296626213939e-02,5.104878068645303524e-02,1.250795187086381488e-02,6.131250424092499901e-02,3.218926211997535231e-02,5.835148679800243599e-02,2.832574398153701184e-02,7.402117051519187252e-02,2.058692237520027765e-02,2.040350619618208627e-02,2.039095550279162311e-02,1.003173993059156693e-02,2.654376336108365056e-02,3.034930336494114436e-02,4.121447067787055440e-02,2.503585412723015671e-02,7.440654993720688393e-02,8.057354291119783740e-02,1.928433141749435684e-02,5.155192288331852946e-02,1.455979445906787351e-01,7.161624334989583063e-02,1.048955955510759153e-01,6.212161738892654772e-02,2.078489105523172870e-02,5.563565061825949398e-02
1.769926152007912992e-02,2.690086617838824065e-02,2.489862446531278944e-02,1.023704483730746885e-02,4.484712425840300942e-02,6.020974070426422103e-02,5.880672387424259323e-02,1.447377494750546993e-02,8.096740525431650459e-02,4.325200534286983284e-02,6.215349126761448434e-02,3.853543737024953814e-02,9.104212880407276665e-02,2.349903537585755139e-02,0.000000000000000000e+00,2.396593303993577173e-02,1.458741506029013688e-02,3.112207873455472354e-02,4.006390959761209347e-02,6.451184447656356513e-02,3.101514790478496902e-02,9.921144485558130999e-02,9.756429291819435079e-02,3.142045740231541595e-02,6.611988700078325065e-02,1.590417585392784883e-01,1.017479731432804901e-01,1.262653733201581918e-01,9.890526316987496847e-02,2.283608892794081538e-02,6.876514102552562513e-02,2.949503493204006302e-02,1.996507644288759292e-02,2.836880690360931226e-02,1.618783547228595798e-02,2.389382223848748182e-02,1.030097193010899755e-02,1.143460589318536988e-02,2.751454842151970781e-02,2.074401319727116333e-02,2.496373636797523735e-02,1.335247910074299944e-02,2.034934612427212464e-02,6.644352356572503365e-03,6.817793313235430593e-03,1.573314884497884619e-02,2.855180460840042733e-02,3.437669967260173487e-02,1.314581542870368880e-02,4.514885306954687094e-02,6.230200370251914171e-02,6.799500898931001847e-02,1.677473400813012105e-02,8.130141055213863099e-02,4.281889112635253042e-02,7.578534461832345248e-02,3.982468431843910750e-02,9.707165780381929454e-02,2.773793269289602167e-02,2.829738174942479298e-02,2.712308135446572094e-02,1.380124714683652644e-02,3.442421377435923163e-02,4.026140403208640361e-02,5.665215910612933503e-02,3.363149988244235056e-02,1.003991261034712368e-01,1.084183307252488127e-01,2.641693655786074568e-02,6.966348301770083906e-02,1.994784091381677782e-01,9.690234281830381602e-02,1.382633601071274754e-01,8.374484130933224080e-02,2.657651070494060352e-02,7.425069461661454318e-02
1.298530124394298504e-02,2.049251154496029362e-02,1.910058531979812874e-02,7.689885144941008450e-03,3.495211009000615682e-02,4.661144559584630420e-02,4.524837279153354902e-02,1.100500335016839706e-02,6.375703176048816423e-02,3.348297652773092603e-02,4.868576521512195387e-02,2.925291527630690183e-02,7.097329884672859412e-02,1.761289070357797623e-02,2.396593303993577173e-02,0.000000000000000000e+00,1.120953274731870640e-02,2.421543590656827227e-02,3.171208930511468238e-02,5.010468358398704330e-02,2.397544396969977093e-02,7.636823852277781211e-02,7.490037517760669838e-02,2.331376916123150539e-02,5.051411376963069189e-02,1.204149749644824324e-01,7.950212625712987924e-02,9.790449432053519030e-02,7.766384770173025143e-02,1.794386957164854565e-02,5.279130381940840000e-02,2.314161395400085239e-02,1.557966144384359888e-02,2.130474243640207224e-02,1.231215376014620916e-02,1.813523962130049461e-02,7.966103821675958596e-03,8.997577822650005067e-03,2.154466000923377020e-02,1.646164038037775321e-02,1.925298742298767879e-02,9.957392845769031872e-03,1.595002673726084869e-02,5.277352736466609830e-03,5.243809836157125627e-03,1.152542184387277298e-02,2.150816990445504964e-02,2.592177729512019912e-02,9.928387451935876198e-03,3.464754609379770700e-02,4.857684182881553958e-02,5.256168615048120024e-02,1.293222842723119187e-02,6.336253269505950914e-02,3.355860578211743162e-02,5.933791500953985304e-02,2.944636143855149449e-02,7.573707852609248836e-02,2.111580167248214637e-02,2.127024287951264497e-02,2.129335310541788720e-02,1.069203977908260265e-02,2.738332124751960764e-02,3.143857324833010392e-02,4.359075618073947334e-02,2.563800446180763970e-02,7.843688789745051348e-02,8.388109673892196749e-02,2.006957706815320694e-02,5.384547219235794047e-02,1.513537710506330236e-01,7.514228164977726498e-02,1.087729127617874519e-01,6.548324304348450420e-02,2.154896717115438454e-02,5.786929544623011651e-02
7.933549292331086231e-03,1.214859796466320058e-02,1.156782291235234662e-02,4.659632383757402081e-03,2.187808335073392757e-02,2.820153706342295313e-02,2.801102074469536893e-02,6.808084247701508447e-03,3.871792172443670743e-02,2.045934331077924051e-02,3.035561057463564624e-02,1.802944254923339110e-02,4.323779700901888429e-02,1.076387805392376926e-02,1.458741506029013688e-02,1.120953274731870640e-02,0.000000000000000000e+00,1.467158039139542479e-02,1.951663170714759005e-02,2.970301954672164083e-02,1.494452438491181145e-02,4.587674421884624376e-02,4.565642701252257268e-02,1.417295661225236904e-02,3.056345025448364838e-02,7.263992157334855926e-02,4.758104531882487859e-02,6.010406468741247288e-02,4.685995696907929026e-02,1.088072735884783489e-02,3.187122801638980762e-02,1.434873817924088059e-02,9.610654163476032782e-03,1.296326997728390086e-02,7.382487152826976845e-03,1.108805544899097405e-02,4.915902245931909158e-03,5.508261980220389639e-03,1.344394215693541471e-02,1.021194587573205290e-02,1.178681865007267376e-02,6.065816029527969395e-03,9.792717731871292131e-03,3.244582793348538968e-03,3.256122984214760655e-03,6.957092563129796056e-03,1.299001025181191656e-02,1.544807854049802531e-02,6.072462536365816170e-03,2.164982504183777037e-02,2.958103927908443606e-02,3.252830573153743521e-02,7.796354960533226006e-03,3.840822784836568637e-02,2.053357066602496880e-02,3.654598264405849173e-02,1.791611579087564951e-02,4.697086517162633174e-02,1.289436494231232036e-02,1.247279502240899833e-02,1.288770753859803421e-02,6.384883207461302529e-03,1.668229736184448364e-02,1.885107795214875995e-02,2.600657000922883960e-02,1.596148702145604864e-02,4.721375720027919110e-02,5.039297837394240281e-02,1.222017768463288211e-02,3.275317219100465360e-02,9.171195533862355753e-02,4.523329588935741385e-02,6.691801642127259697e-02,3.951782042931605704e-02,1.326723999783276098e-02,3.504296418248569606e-02
1.668783744541813691e-02,2.691009678939041902e-02,2.484944793381728412e-02,1.014806648111113430e-02,4.586965560310651141e-02,6.150298707683693467e-02,5.939241968817325634e-02,1.441114715405835550e-02,8.431686909892906201e-02,4.411017935570009374e-02,6.468650812996214194e-02,3.819163248281799705e-02,9.342975773885230095e-02,2.283589812361135410e-02,3.112207873455472354e-02,2.421543590656827227e-02,1.467158039139542479e-02,0.000000000000000000e+00,4.166860188372588369e-02,6.526065390788240994e-02,3.151663055113135270e-02,1.009842090539329468e-01,9.806464462694373940e-02,3.016381617957222816e-02,6.655034750763021145e-02,1.580578133263713658e-01,1.039398888425008549e-01,1.294976591767833252e-01,1.021284851230997576e-01,2.382440137726241774e-02,6.915171400332609242e-02,3.030279729837917491e-02,2.039242303719845939e-02,2.774480432206665598e-02,1.606672272136768637e-02,2.363653014926275428e-02,1.057535745335652123e-02,1.178423554209039568e-02,2.842127671442481671e-02,2.175339048624667926e-02,2.517211303858639740e-02,1.289758828133776881e-02,2.075346110730348984e-02,6.948175331398990726e-03,7.002016248130935733e-03,1.500058004623124747e-02,2.800809770376678359e-02,3.397649860138951539e-02,1.308118545983701780e-02,4.568979194432995494e-02,6.401638849112031848e-02,6.889231968592940403e-02,1.680142148765061821e-02,8.365755688114545618e-02,4.424092047620147711e-02,7.825069900951904522e-02,3.817164974419801765e-02,1.000038190667531107e-01,2.763361474787998096e-02,2.722523971223087674e-02,2.808111118229530620e-02,1.421088700368138696e-02,3.602393930076005363e-02,4.085646964175689011e-02,5.692715786730152133e-02,3.366533170349598342e-02,1.030340689999035969e-01,1.098848502547430384e-01,2.625519863403244156e-02,7.096427651500124278e-02,1.985254183750701507e-01,9.841700889070761904e-02,1.431793492640542065e-01,8.599804235368418981e-02,2.849412464620145261e-02,7.568733467694320483e-02
2.219461709627428350e-02,3.520771452348818442e-02,3.313853223295754047e-02,1.336207051067610577e-02,5.975990549500501126e-02,8.033293457831119921e-02,7.799077452592646786e-02,1.894595571430542774e-02,1.086590565012698212e-01,5.765055235373323095e-02,8.292883669137393610e-02,5.022481107836586356e-02,1.210651476202338067e-01,3.082761331742028474e-02,4.006390959761209347e-02,3.171208930511468238e-02,1.951663170714759005e-02,4.166860188372588369e-02,0.000000000000000000e+00,8.500445877364637415e-02,4.070778513713346758e-02,1.307218600151752175e-01,1.280153323155339973e-01,4.020134841981666540e-02,8.740456512218683360e-02,2.062639739924068683e-01,1.357399756634183330e-01,1.669119689545224827e-01,1.321598737745474372e-01,3.061881004159351660e-02,9.004828581838707213e-02,3.913175516794280273e-02,2.664741783505017100e-02,3.671121214152047590e-02,2.147259211303662388e-02,3.221833809093153922e-02,1.377048468298222757e-02,1.522031667355063997e-02,3.652493518010198337e-02,2.830131882801258797e-02,3.320384060555862243e-02,1.755019353275122374e-02,2.759828556409570435e-02,9.186871660287216496e-03,9.065997156309006655e-03,1.991567010260511181e-02,3.691937566108230429e-02,4.564680430629654284e-02,1.770252949605428255e-02,6.012136558876460951e-02,8.363300703276849157e-02,9.077488689387470944e-02,2.186351472557961084e-02,1.092391135741000857e-01,5.761714347178405887e-02,1.003164509353276501e-01,5.035093451276757143e-02,1.304396581840336911e-01,3.707875040763708441e-02,3.601852654813465782e-02,3.621550469457505972e-02,1.846336899605516280e-02,4.665458808950271458e-02,5.354059204290921581e-02,7.475763995159748210e-02,4.376620931721963981e-02,1.333783223569773024e-01,1.418362934518419549e-01,3.472556597675073575e-02,9.227161566904458490e-02,2.584700928033721312e-01,1.288185187582174818e-01,1.861691673849172335e-01,1.123834563654879382e-01,3.667468906220489738e-02,9.834757167126707833e-02
3.515611909339434737e-02,5.493156230105541299e-02,5.150371556548186819e-02,2.090683931878275365e-02,9.233176401328085925e-02,1.254254718878083652e-01,1.201438604307265984e-01,2.960098322552835032e-02,1.709296205267696322e-01,8.916335658983548518e-02,1.298769613853382188e-01,7.790138158592782580e-02,1.883660566807227876e-01,4.704902027377742824e-02,6.451184447656356513e-02,5.010468358398704330e-02,2.970301954672164083e-02,6.526065390788240994e-02,8.500445877364637415e-02,0.000000000000000000e+00,6.376650247588971920e-02,2.058069851941246031e-01,2.014269970343609828e-01,6.254438050266211691e-02,1.359845803633343564e-01,3.238302435344627694e-01,2.135523623978513308e-01,2.604440610893362651e-01,2.068778244618515449e-01,4.812908928367871930e-02,1.414329713574628555e-01,6.141921935529045390e-02,4.063926367345970653e-02,5.655221912875933732e-02,3.258702677555294636e-02,4.864668122841905862e-02,2.117805869681477562e-02,2.362030555119994796e-02,5.683521849712479951e-02,4.326184744848361741e-02,5.081879409768611661e-02,2.638876450436975635e-02,4.180279121038931595e-02,1.374013699818673467e-02,1.387202202801193600e-02,3.107549382057858689e-02,5.810778064707525919e-02,7.069757512664792687e-02,2.674862394086112774e-02,9.209039632967397360e-02,1.290358591692989110e-01,1.402531247136387660e-01,3.412852100111336828e-02,1.702801531371551380e-01,8.942371969540678645e-02,1.567474990782822264e-01,7.823823908918346726e-02,2.024066114440627728e-01,5.569966773399435273e-02,5.671590617787587024e-02,5.668142381112768052e-02,2.863539748936347329e-02,7.362512874815343999e-02,8.447095325741829641e-02,1.177229901060471151e-01,6.772084934626784736e-02,2.092832203507559996e-01,2.248759091095005602e-01,5.370835441000797877e-02,1.446651881244584992e-01,4.051408991355338052e-01,2.026284877795891115e-01,2.901213033551189313e-01,1.759220840136588859e-01,5.760152371682707856e-02,1.544228623452356675e-01
1.748717994071378318e-02,2.634837634261988012e-02,2.478980403953226844e-02,9.945925381803784326e-03,4.605004732635845782e-02,6.044578326270555468e-02,5.945767068052636856e-02,1.453443700786859888e-02,8.152494737291603177e-02,4.454545774506967620e-02,6.425573198479819781e-02,3.954590811516620064e-02,9.270410143057100649e-02,2.341578302180790869e-02,3.101514790478496902e-02,2.397544396969977093e-02,1.494452438491181145e-02,3.151663055113135270e-02,4.070778513713346758e-02,6.376650247588971920e-02,0.000000000000000000e+00,9.784007940320707530e-02,9.820119853041323066e-02,3.110630879295628662e-02,6.586128892463052886e-02,1.576577373858764897e-01,1.013078270545282322e-01,1.278158111223863524e-01,9.958344778101667349e-02,2.305734943245710267e-02,6.843813493398304137e-02,3.050475569874191301e-02,2.066584904694376834e-02,2.818589401385633575e-02,1.621844359040137268e-02,2.373700823515885114e-02,1.036958034611988773e-02,1.180925137697977703e-02,2.863297111458264210e-02,2.146483475668452962e-02,2.516969850323169666e-02,1.327816027054755030e-02,2.077943204109903783e-02,6.955360828467248638e-03,6.963470619912808836e-03,1.534298647429466721e-02,2.823002292635011859e-02,3.342588584826501619e-02,1.309388166577226884e-02,4.621571514635455791e-02,6.323031129529022021e-02,6.911031909916745541e-02,1.676103939224458939e-02,8.199768619729241870e-02,4.387066195401417845e-02,7.798748690355855606e-02,3.966547229212521314e-02,9.926986828517507522e-02,2.791861552767921362e-02,2.764947619589996214e-02,2.785009524408929571e-02,1.377143672991635800e-02,3.519854378382197835e-02,4.011865553890610336e-02,5.599545009466954520e-02,3.419510707296924412e-02,1.002161218261020670e-01,1.085553860231011913e-01,2.650814396340208517e-02,6.977477863794925850e-02,1.991257730351840560e-01,9.637493282573411646e-02,1.416145068937281204e-01,8.355711788453301647e-02,2.755494841523078997e-02,7.526488839726357127e-02
