0.000000000000000000e+00,1.828980255460315590e-02,1.141951592195543201e-02,6.694654095233970419e-03,2.435268874440342513e-02,3.609138129366806780e-02,3.201072992775490234e-02,7.692290441078488035e-03,3.921716218021160244e-02,2.177148258886005619e-02,3.042552573803530835e-02,2.020756239230894757e-02,4.884866561174504296e-02,1.329518674687162928e-02,1.655043828404636694e-02,1.038644220254907220e-02,7.048543722478937783e-03,1.743695780099052683e-02,1.709083034151757940e-02,2.936492482589359715e-02,1.891737051736002220e-02,5.559045774439634602e-02,5.117966656595002162e-02,2.149398112964943930e-02,4.372800920565058508e-02,9.949187772092735194e-02,4.529170065176559706e-02,6.714548053670842120e-02,5.341491731853636321e-02,1.277031684741205576e-02,3.476025605425221016e-02,1.442968754748367478e-02,9.419222247717152011e-03,1.294078340354465513e-02,7.863128755386368518e-03,1.413991563911195723e-02,5.736514215022244650e-03,5.529273631668215477e-03,1.452812318607458845e-02,1.121092098590257061e-02,1.179082250870207814e-02,9.421079736594062393e-03,1.076395610192625377e-02,3.301406816630164751e-03,3.598937621034968646e-03,1.106081399668345372e-02,1.546706461118518144e-02,2.022498996706561039e-02,7.659443374043188937e-03,2.508059367970727482e-02,3.047205870722788368e-02,3.375430387013248629e-02,1.067907811775024168e-02,4.753998821026785698e-02,2.165645155220638149e-02,3.763123398224488270e-02,2.485902588233287330e-02,5.233175315932503402e-02,1.877539350381934175e-02,1.635206017845166129e-02,1.810752860981678161e-02,9.056462824149472124e-03,1.920682919103663261e-02,1.867187360569401086e-02,2.939446229025822338e-02,2.310101723656126857e-02,5.403749001054670292e-02,6.218680045573225790e-02,1.948778496160160148e-02,3.679303030538859376e-02,1.144120785727575362e-01,4.995002516604230697e-02,6.820952093123391902e-02,4.731901413524106786e-02,1.232848487636261335e-02,3.778237998633440786e-02
1.828980255460315590e-02,0.000000000000000000e+00,1.860785286996412616e-02,1.074917240758749802e-02,3.944594390269792750e-02,5.904373329977484486e-02,5.199004674780596108e-02,1.237912302639181637e-02,6.385199699540107521e-02,3.504810916073319849e-02,4.961220007643663693e-02,3.149122793204416071e-02,7.964117303812652537e-02,2.160344776680220985e-02,2.621268736166626825e-02,1.691530519908214514e-02,1.127626387948854961e-02,2.852274024826434440e-02,2.748449710358911655e-02,4.704694976159594366e-02,2.985808362915086389e-02,8.978686504629231069e-02,8.337831847947209385e-02,3.359100355455855308e-02,7.044508630730883514e-02,1.577519788921197263e-01,7.292008318274766088e-02,1.096001381248069145e-01,8.761519300424075452e-02,2.075371264833477183e-02,5.588999705289376257e-02,2.352263218154597435e-02,1.495851157232655666e-02,2.054182332113892173e-02,1.227028632453724434e-02,2.308295248466775765e-02,9.219861657230909655e-03,9.041755056876188065e-03,2.371154375927572722e-02,1.815835623705851914e-02,1.848149635960690679e-02,1.484555558299338954e-02,1.762824953070258119e-02,5.420771745268753404e-03,5.609277544050711786e-03,1.696736836529070397e-02,2.497082725690390539e-02,3.283118643045992990e-02,1.225929743256891705e-02,4.048637688437953935e-02,4.920833718576513027e-02,5.460318861928577239e-02,1.727481703096068327e-02,7.688488715318116118e-02,3.497624600744383278e-02,6.141948852575541962e-02,3.869152137994942564e-02,8.626131572771152112e-02,3.059936932787084632e-02,2.572792853422461654e-02,2.934712804903212222e-02,1.483832072472641983e-02,3.128671766449815650e-02,3.024983102780750069e-02,4.743790548350029085e-02,3.662194237747230796e-02,8.801790245979830563e-02,1.014595939170913619e-01,3.070082523472879299e-02,5.994065051997092552e-02,1.839506646340979545e-01,7.988817541953825707e-02,1.113769318078758480e-01,7.769028145501442884e-02,2.020485924075951512e-02,6.059818536479245205e-02
1.141951592195543201e-02,1.860785286996412616e-02,0.000000000000000000e+00,6.756237403625764762e-03,2.549155570082656946e-02,3.849268009912713145e-02,3.382269782224094079e-02,7.821256725480367142e-03,4.256394561061882520e-02,2.263799487335458813e-02,3.244804893050001748e-02,2.038585621465168612e-02,5.184865605300105484e-02,1.401765766427418361e-02,1.697012998223643154e-02,1.103016533187930678e-02,7.320852638104190235e-03,1.851364675000994817e-02,1.867379162569189621e-02,3.083233276981968765e-02,1.873097897171828799e-02,5.928041290125131424e-02,5.450659549996013375e-02,2.093955288046105492e-02,4.597737296318177985e-02,1.020359468993804059e-01,4.797830845417396656e-02,7.049413772945938017e-02,5.772994905965778134e-02,1.337395053925319148e-02,3.625672348494242414e-02,1.505188019362946675e-02,9.555801257318198919e-03,1.316058839358490162e-02,8.039908560463569775e-03,1.477950635961888110e-02,5.877888981675971798e-03,5.863359442669504630e-03,1.514141588031170035e-02,1.147055810813562768e-02,1.177856604809770016e-02,9.414057354980083503e-03,1.103368281206359124e-02,3.369688602362389158e-03,3.630514705697564671e-03,1.063079641772578764e-02,1.647493845089708850e-02,2.171436547833089509e-02,7.873830304365418351e-03,2.607349399230090778e-02,3.282205212436117153e-02,3.551014861094688863e-02,1.112459438187101378e-02,5.063832612234753228e-02,2.238478530055433222e-02,4.075837450119410704e-02,2.453390430421005866e-02,5.592824942808093114e-02,1.939679289034414861e-02,1.685150976236686471e-02,1.865968914454614949e-02,9.413666727183092608e-03,1.991400876257128777e-02,2.011542700844536416e-02,3.120408417266079190e-02,2.302655290502517854e-02,5.812065445073238273e-02,6.661577209610976269e-02,1.928075531226987327e-02,3.900095239159723226e-02,1.202128171841130716e-01,5.202388544812418941e-02,7.281409193434250360e-02,5.085866213241149736e-02,1.329707435023634934e-02,3.876968605286003344e-02
6.694654095233970419e-03,1.074917240758749802e-02,6.756237403625764762e-03,0.000000000000000000e+00,1.435521765668380627e-02,2.172983192268030522e-02,1.887647136830480563e-02,4.547566677208212532e-03,2.348300674974725111e-02,1.266584795261667742e-02,1.816965049460625078e-02,1.146309561540279770e-02,2.920076383586868093e-02,7.787606147044066895e-03,9.615182341242119526e-03,6.102273847773086179e-03,4.100742751096153257e-03,1.038342987124102335e-02,1.002280574300602398e-02,1.704113706760714345e-02,1.081793863053906284e-02,3.257053495616158562e-02,3.071848395427506651e-02,1.228785692850895006e-02,2.578957276892696049e-02,5.793072088768980166e-02,2.665690248767385237e-02,3.980283105630910007e-02,3.176455901304431340e-02,7.373022842176977371e-03,2.047850509721751283e-02,8.829622791496427939e-03,5.652030300398181752e-03,7.728812598620719669e-03,4.638937854496492756e-03,8.242500234610129761e-03,3.298350129694376139e-03,3.326198732772515237e-03,8.895053052528422571e-03,6.882130860722635718e-03,6.943139166033247128e-03,5.457750779683670853e-03,6.253302411456596738e-03,1.967171801296238327e-03,2.036814123035311178e-03,6.309323616926490290e-03,9.153932218363971043e-03,1.209175405483627758e-02,4.597188928733928620e-03,1.487606830597498764e-02,1.790330770884924691e-02,2.004994079762202966e-02,6.506237704280981408e-03,2.820703457944104264e-02,1.262028290836448782e-02,2.237909120482829001e-02,1.415610433631111532e-02,3.164574998249928411e-02,1.119425603043495455e-02,9.552108704446077986e-03,1.079739080154293838e-02,5.375701648278912413e-03,1.148924066474574408e-02,1.116961282654113999e-02,1.730969638503319918e-02,1.375675375471198218e-02,3.219689829236744433e-02,3.748338400372647899e-02,1.143609681252607049e-02,2.192055527854488983e-02,6.795585618896683722e-02,2.937382284078102201e-02,4.052291978548155232e-02,2.823101931669579415e-02,7.291117870194489987e-03,2.252125316109229031e-02
2.435268874440342513e-02,3.944594390269792750e-02,2.549155570082656946e-02,1.435521765668380627e-02,0.000000000000000000e+00,8.001900662225325256e-02,7.112898583271744235e-02,1.680837752336375099e-02,8.703341334660184836e-02,4.812571772107843149e-02,6.781825850625844421e-02,4.264185479474019019e-02,1.083037647158313493e-01,2.915193830604668329e-02,3.529085876813479322e-02,2.284306149195837465e-02,1.551165600642079659e-02,3.849894750171162228e-02,3.825081606589595534e-02,6.413919023397385288e-02,4.012762447737532739e-02,1.222167110661765282e-01,1.138437033741377252e-01,4.444949596021129795e-02,9.520486387835275233e-02,2.113690945530099230e-01,9.920305428194010899e-02,1.486317039825753583e-01,1.192245375242655114e-01,2.817376980894004124e-02,7.580525164739881916e-02,3.242713230478898312e-02,2.028124841325977534e-02,2.790886986879404300e-02,1.693207666479385962e-02,3.106550812536292699e-02,1.234598499600114176e-02,1.238629308105913644e-02,3.239732501555517286e-02,2.454155983673047409e-02,2.502074255717078380e-02,1.990200576867089816e-02,2.364645763426326958e-02,7.262361592435028282e-03,7.827216714067761205e-03,2.248908590909639432e-02,3.375875626567338000e-02,4.458586277991723884e-02,1.653343044185070360e-02,5.541931057788170023e-02,6.683166677928861765e-02,7.443830724149673450e-02,2.339866375687329678e-02,1.045949663421689019e-01,4.852267852485614430e-02,8.463389248274642840e-02,5.206818399894972554e-02,1.169394917575309195e-01,4.131705660373249933e-02,3.436938461032312125e-02,3.945641329871026060e-02,2.018054306087191385e-02,4.207272209132618956e-02,4.144163072757595101e-02,6.455970935660713950e-02,4.934088547575638667e-02,1.199727045884863286e-01,1.381895481612818721e-01,4.110736284076465380e-02,8.135633890188066764e-02,2.482711764555587952e-01,1.082673564981762176e-01,1.522201109722665369e-01,1.059195407601482286e-01,2.798104445348540900e-02,8.149224132890370287e-02
3.609138129366806780e-02,5.904373329977484486e-02,3.849268009912713145e-02,2.172983192268030522e-02,8.001900662225325256e-02,0.000000000000000000e+00,1.069635683953735067e-01,2.458834736690956174e-02,1.321298543260779612e-01,7.052175168325690302e-02,1.001616798184084556e-01,6.280766826178131590e-02,1.635310542995383476e-01,4.451635607525673138e-02,5.221508969684512946e-02,3.490366058937112437e-02,2.324315455666724900e-02,5.811721858574513122e-02,5.672494556712900926e-02,9.632731407422037706e-02,5.948596930573990527e-02,1.833634667371525639e-01,1.701639367831134231e-01,6.613290189354861792e-02,1.443711733181780588e-01,3.185342707148209884e-01,1.500426985621147180e-01,2.228785112715361838e-01,1.804306286515516000e-01,4.198307324912154553e-02,1.131063100775505925e-01,4.785231105575203647e-02,3.035284197338478790e-02,4.145734187098272516e-02,2.507588296925239435e-02,4.757608871305660236e-02,1.880922526940785600e-02,1.816549201766436486e-02,4.739103872489344033e-02,3.680477343055472278e-02,3.730192402373573579e-02,2.944132710924577540e-02,3.619951349276023800e-02,1.098062754091280041e-02,1.124551908463817217e-02,3.430169334392453584e-02,5.118575454812631514e-02,6.754252552475727145e-02,2.504882617691249133e-02,8.177589463863761676e-02,1.018560646093155247e-01,1.112252985488855067e-01,3.508959938215536201e-02,1.582654398489441450e-01,7.052584701761437092e-02,1.242223435251109259e-01,7.678376190555132041e-02,1.759237539589064148e-01,6.197948981143620167e-02,5.221928713075344591e-02,5.894669280955210783e-02,2.989801280682373441e-02,6.278172785121449717e-02,6.186288347269545268e-02,9.760741482468586472e-02,7.320731380172862401e-02,1.803588866166959404e-01,2.082076917222661361e-01,6.102721078143664990e-02,1.223205145202375943e-01,3.734785078231860900e-01,1.634401076785706453e-01,2.280744742395579006e-01,1.601715852141642749e-01,4.168561480787487394e-02,1.219156070960131094e-01
3.201072992775490234e-02,5.199004674780596108e-02,3.382269782224094079e-02,1.887647136830480563e-02,7.112898583271744235e-02,1.069635683953735067e-01,0.000000000000000000e+00,2.241062090013635349e-02,1.169213424589297667e-01,6.347294056676192064e-02,9.035844972291708077e-02,5.632753399271024641e-02,1.439411546144278853e-01,3.854759338136753977e-02,4.703863419406020818e-02,3.038297379837980733e-02,2.059729374511286293e-02,5.092120725333144915e-02,5.089228204615053180e-02,8.567152794262962445e-02,5.311623076144958433e-02,1.633956497115704176e-01,1.515752913211008968e-01,5.880413781801806933e-02,1.266741068857547281e-01,2.803721390206238007e-01,1.318062233125640581e-01,1.979305036973826593e-01,1.588350907714221882e-01,3.752813231600714283e-02,9.989111194543162653e-02,4.313612639139459415e-02,2.678865816248766560e-02,3.680140598076853814e-02,2.235951307228165041e-02,4.139593205556153788e-02,1.647701985101637442e-02,1.652720293581852809e-02,4.355455979637041369e-02,3.262895495353152625e-02,3.322654451507366102e-02,2.659015073515055491e-02,3.160645569008062317e-02,9.658323899302583698e-03,1.032669445214026531e-02,2.970151313973436180e-02,4.498460591644674184e-02,5.925584674584487982e-02,2.189515528547045578e-02,7.323019979631203991e-02,8.931729875771143856e-02,9.942740159985688497e-02,3.107375992891277944e-02,1.397588058486815554e-01,6.413062398604714442e-02,1.124909503654078075e-01,6.884183554226548651e-02,1.566388501362279417e-01,5.496684381586887380e-02,4.544319256523978584e-02,5.209081416269645270e-02,2.677430577939499470e-02,5.589653696287084222e-02,5.497806519910330980e-02,8.586061547667472871e-02,6.516005078174967602e-02,1.596051336320888914e-01,1.833176931428796008e-01,5.416036670077472442e-02,1.080541496400830997e-01,3.288268189532627117e-01,1.434110201369186710e-01,2.027428076259323586e-01,1.411715803471750019e-01,3.728714072150853681e-02,1.077075349440655139e-01
7.692290441078488035e-03,1.237912302639181637e-02,7.821256725480367142e-03,4.547566677208212532e-03,1.680837752336375099e-02,2.458834736690956174e-02,2.241062090013635349e-02,0.000000000000000000e+00,2.719317030683783901e-02,1.489124950163812043e-02,2.100255222327985713e-02,1.348755541268131103e-02,3.376745924569513058e-02,9.277662652719283892e-03,1.117911806760016509e-02,7.224769394191092771e-03,4.853595663320869197e-03,1.201075824112511105e-02,1.190182861225794198e-02,2.011370048799669338e-02,1.242574808897233679e-02,3.825500576027772437e-02,3.511795458241539353e-02,1.419491858176020679e-02,2.989304260074385905e-02,6.722191560607508609e-02,3.104152076157171147e-02,4.663372411315588190e-02,3.693365190293432243e-02,8.687246743858191220e-03,2.377505982332746640e-02,9.853759102928549493e-03,6.354949311138142522e-03,8.921072861075152530e-03,5.234767370629429470e-03,9.861529390670920048e-03,3.914012496304812051e-03,3.744360309592943692e-03,9.935635585238900697e-03,7.603261414265226337e-03,7.930553568590664043e-03,6.230185880667490385e-03,7.674995812656357566e-03,2.377643311601407468e-03,2.421984409879556367e-03,7.036272526818141727e-03,1.073229548245500584e-02,1.379610395396456760e-02,5.335428088474148713e-03,1.712911114521286846e-02,2.117283014945992026e-02,2.357273138875292870e-02,7.129124141150532806e-03,3.250054868698391136e-02,1.496811985320689077e-02,2.621256715313317887e-02,1.659502354402100227e-02,3.669793042308085868e-02,1.291672156873156091e-02,1.084738170259005180e-02,1.219658638062966725e-02,6.119065767214065636e-03,1.312179130231152374e-02,1.306135256348166067e-02,2.031555620745146076e-02,1.514940729257502859e-02,3.750230560358545906e-02,4.261514313398610115e-02,1.274436878774995799e-02,2.567936504137412201e-02,7.791913874815299679e-02,3.429577196344742174e-02,4.773725103598013692e-02,3.282689896724803880e-02,8.541827806214664573e-03,2.552985657882788154e-02
3.921716218021160244e-02,6.385199699540107521e-02,4.256394561061882520e-02,2.348300674974725111e-02,8.703341334660184836e-02,1.321298543260779612e-01,1.169213424589297667e-01,2.719317030683783901e-02,0.000000000000000000e+00,7.695753231761347235e-02,1.100262334495312327e-01,6.891859729883963170e-02,1.777339139901711051e-01,4.771910492481697130e-02,5.807855219147207287e-02,3.819489832732243795e-02,2.544173541364002158e-02,6.359038103882969084e-02,6.323769443758328612e-02,1.064600003337977802e-01,6.475076009217925477e-02,2.023692061286563038e-01,1.871984884519398429e-01,7.215265048351991728e-02,1.569314122184085059e-01,3.485988232849921431e-01,1.652961296877557273e-01,2.424629186659490732e-01,1.980735377235347261e-01,4.577331493132501955e-02,1.238692650093423803e-01,5.194168187281778676e-02,3.310707659187159951e-02,4.559087292800582253e-02,2.753625764092351366e-02,5.094186259148714147e-02,2.028804294432637670e-02,2.027884694568740653e-02,5.221183957694843641e-02,4.016496557586722582e-02,4.099714050954946648e-02,3.229780675251811561e-02,3.873398940132205537e-02,1.173601016890988245e-02,1.249089379335513970e-02,3.662033392771184281e-02,5.585217509511433004e-02,7.421239076202872098e-02,2.685782947968945109e-02,8.864317724376767627e-02,1.115940805331060159e-01,1.216868803548810662e-01,3.817278795166129807e-02,1.733434081115864389e-01,7.716913418931888036e-02,1.378721358941504271e-01,8.346908455997356646e-02,1.931865328072765731e-01,6.668811082337704199e-02,5.690523351623596321e-02,6.388703498509283596e-02,3.255190580041485843e-02,6.842285436021214307e-02,6.843686694369277568e-02,1.071730182317154334e-01,7.875357737128965696e-02,1.990836714597369606e-01,2.285040491229519688e-01,6.634646965907001204e-02,1.333768850199495148e-01,4.084425001877107220e-01,1.788110465626894241e-01,2.508284453781161050e-01,1.750726938575229985e-01,4.576047779826884071e-02,1.328278857560845350e-01
2.177148258886005619e-02,3.504810916073319849e-02,2.263799487335458813e-02,1.266584795261667742e-02,4.812571772107843149e-02,7.052175168325690302e-02,6.347294056676192064e-02,1.489124950163812043e-02,7.695753231761347235e-02,0.000000000000000000e+00,6.073948838276729129e-02,3.830210184171229520e-02,9.640046819103639808e-02,2.594789641153004423e-02,3.182977000285228120e-02,2.050610494949075061e-02,1.365932372515750448e-02,3.455761418325933865e-02,3.380880112970929136e-02,5.781892540982024042e-02,3.599963389928240165e-02,1.099042401474170094e-01,1.014211649375951901e-01,3.974317229899460707e-02,8.575232672318315597e-02,1.903947129648428382e-01,8.749810815304651102e-02,1.329775905736835517e-01,1.068396013050591509e-01,2.530136487198845693e-02,6.764799474012865577e-02,2.830473890033973275e-02,1.771771149193351186e-02,2.417219191039809978e-02,1.462507884849578721e-02,2.768646974759529644e-02,1.089755663871667599e-02,1.083805424867515486e-02,2.854653773832524846e-02,2.170994935883475974e-02,2.185756480890706580e-02,1.755640252002026863e-02,2.103055270877327715e-02,6.387590744899810519e-03,7.004978677762044650e-03,1.993120742236824741e-02,3.010894259087744385e-02,3.955174283329927765e-02,1.470409515003498827e-02,4.947943755393647419e-02,5.912055358034225272e-02,6.666986356467781427e-02,2.049732435391529023e-02,9.284271154438691886e-02,4.348263199500698034e-02,7.600223181549313478e-02,4.676224500941814771e-02,1.051734427324780008e-01,3.685907110458198216e-02,3.073560813431173988e-02,3.495951179195101732e-02,1.815246032645770335e-02,3.767102207849273854e-02,3.670122564590747732e-02,5.702266223927064670e-02,4.415861672266049864e-02,1.071409329899729312e-01,1.220902974676178754e-01,3.618714428682950207e-02,7.266679422220667650e-02,2.209453498585314257e-01,9.607588777158701521e-02,1.370341565672287543e-01,9.366465964767588248e-02,2.526509968238261489e-02,7.217535399089609893e-02
3.042552573803530835e-02,4.961220007643663693e-02,3.244804893050001748e-02,1.816965049460625078e-02,6.781825850625844421e-02,1.001616798184084556e-01,9.035844972291708077e-02,2.100255222327985713e-02,1.100262334495312327e-01,6.073948838276729129e-02,0.000000000000000000e+00,5.422755833658596258e-02,1.368001817771386519e-01,3.706270808521217042e-02,4.429213829281832687e-02,2.918908168494014493e-02,1.965717646082794715e-02,4.894896095402206243e-02,4.849158963115202808e-02,8.133046421946503457e-02,5.056359486118840868e-02,1.545665665682058043e-01,1.427547267678018761e-01,5.580049896267201548e-02,1.205005811912868013e-01,2.679325989382454476e-01,1.260024874824432484e-01,1.877265356664370444e-01,1.506419960825019777e-01,3.547029747668152544e-02,9.587376903065279732e-02,3.992028623797298087e-02,2.552512630729571880e-02,3.525444787189315615e-02,2.134472420597526010e-02,3.937444045703866052e-02,1.566373914331298592e-02,1.531262989068544328e-02,3.983475411133943767e-02,3.064945975573857978e-02,3.179981354076352740e-02,2.499046295071568474e-02,3.015593358867267593e-02,9.261325762490080563e-03,9.794349586254424284e-03,2.814771225947918995e-02,4.303355515779477836e-02,5.686330795445925651e-02,2.097653458130110601e-02,6.946749578581655482e-02,8.503572528933786567e-02,9.424719579829232696e-02,2.919604938042580713e-02,1.318178778438251209e-01,6.097643177129273562e-02,1.068440367986921713e-01,6.619382793906963824e-02,1.475166976866341961e-01,5.189327326716416250e-02,4.358612659751225082e-02,4.940379815232750355e-02,2.536352366328895394e-02,5.282034700884876560e-02,5.247595857373138495e-02,8.165380296436194896e-02,6.168499164982025468e-02,1.513847059193494660e-01,1.737795122419936444e-01,5.108563536049032933e-02,1.030362575409855680e-01,3.140445776993144866e-01,1.377314126479170231e-01,1.926230437088851666e-01,1.325538885495293473e-01,3.511507178554160863e-02,1.028823747385542858e-01
2.020756239230894757e-02,3.149122793204416071e-02,2.038585621465168612e-02,1.146309561540279770e-02,4.264185479474019019e-02,6.280766826178131590e-02,5.632753399271024641e-02,1.348755541268131103e-02,6.891859729883963170e-02,3.830210184171229520e-02,5.422755833658596258e-02,0.000000000000000000e+00,8.591755461918149095e-02,2.352289556051972638e-02,2.869820983771285278e-02,1.834802441052070174e-02,1.233572333465681251e-02,3.072972435380084272e-02,3.026284449652527977e-02,5.133086657924743057e-02,3.270814146908615494e-02,9.729374091458749263e-02,9.067832127863689751e-02,3.676539509756513585e-02,7.628726488451420540e-02,1.729572185262947814e-01,7.836467339944878929e-02,1.188606507464451956e-01,9.488627498692783768e-02,2.255729966850433810e-02,6.095719211833464102e-02,2.543651351586339801e-02,1.608432180747135232e-02,2.226992679470661193e-02,1.339371700566945218e-02,2.471768577686636950e-02,9.751381016470104732e-03,9.608177768012321138e-03,2.549702790459645527e-02,1.963809572774206230e-02,2.033630358189708956e-02,1.611554816451955807e-02,1.877926446284415921e-02,5.750178707301973821e-03,6.325976925493578991e-03,1.904404135891753919e-02,2.704401695233218939e-02,3.533885990524279763e-02,1.327380155968294582e-02,4.397846901983549356e-02,5.280967238349453668e-02,5.973681118605371487e-02,1.861286789872053024e-02,8.296047516410041955e-02,3.830331895911216061e-02,6.726795243091789056e-02,4.302655801879125969e-02,9.297282525646476115e-02,3.309559456412469736e-02,2.813299747211567975e-02,3.126797113808509054e-02,1.610124604498153547e-02,3.376184994914888104e-02,3.313235795085937158e-02,5.094625555327013389e-02,4.021610206891387818e-02,9.509892074677114837e-02,1.090429548559523620e-01,3.332202220537386350e-02,6.440512186023730767e-02,2.001367247793078563e-01,8.635508944154009214e-02,1.216823122228283122e-01,8.253400653733525272e-02,2.216916521704683299e-02,6.573973525687054620e-02
4.884866561174504296e-02,7.964117303812652537e-02,5.184865605300105484e-02,2.920076383586868093e-02,1.083037647158313493e-01,1.635310542995383476e-01,1.439411546144278853e-01,3.376745924569513058e-02,1.777339139901711051e-01,9.640046819103639808e-02,1.368001817771386519e-01,8.591755461918149095e-02,0.000000000000000000e+00,5.929975012785869415e-02,7.151582912225155908e-02,4.678555502276487976e-02,3.120630979391293691e-02,7.840016468135645178e-02,7.713837117361455054e-02,1.305071649567084435e-01,8.099008837855821430e-02,2.491948713294503959e-01,2.314804222228769026e-01,9.026943217692066923e-02,1.950416395561788141e-01,4.306220550005003256e-01,2.018263914022433159e-01,3.018384027114895396e-01,2.441557568058802530e-01,5.720395135054439500e-02,1.530884804723367520e-01,6.571518935249445748e-02,4.107290553081466983e-02,5.555100219425438551e-02,3.381036337359297900e-02,6.349905573739704490e-02,2.519643403506616197e-02,2.518033741561391883e-02,6.631881668678013542e-02,4.990530024050138236e-02,5.062065564268489887e-02,4.054425523368535011e-02,4.818902934731054272e-02,1.481273130880769728e-02,1.566941265631367763e-02,4.548793599448012343e-02,6.882793556968019866e-02,9.136484666373063945e-02,3.390805334968808454e-02,1.114445949693927962e-01,1.363584294890868853e-01,1.507339678310035402e-01,4.750645484673452629e-02,2.136370022337176766e-01,9.724164850474427413e-02,1.708221068899482553e-01,1.047127724653410252e-01,2.389942267450096969e-01,8.386260754821889263e-02,7.028854706963807986e-02,8.023736994319181914e-02,4.065151544218466306e-02,8.578780489548328003e-02,8.372708174222211197e-02,1.308876374489997552e-01,9.992412107439463398e-02,2.444898223287922667e-01,2.824984980173457783e-01,8.310021253540339492e-02,1.655963694444407275e-01,5.054165943941814065e-01,2.195152998222979213e-01,3.097781427376196106e-01,2.151369428522367233e-01,5.668368628269523923e-02,1.654688481597473282e-01
1.329518674687162928e-02,2.160344776680220985e-02,1.401765766427418361e-02,7.787606147044066895e-03,2.915193830604668329e-02,4.451635607525673138e-02,3.854759338136753977e-02,9.277662652719283892e-03,4.771910492481697130e-02,2.594789641153004423e-02,3.706270808521217042e-02,2.352289556051972638e-02,5.929975012785869415e-02,0.000000000000000000e+00,1.944003532283126306e-02,1.245098425303813212e-02,8.250584298159844079e-03,2.112869410245013513e-02,2.121545531006851365e-02,3.468333993328376330e-02,2.194398679403161342e-02,6.765857025637180000e-02,6.255765841625417212e-02,2.459867827120219841e-02,5.231350272315316019e-02,1.164493849206806597e-01,5.364805488469628902e-02,8.172840159476640887e-02,6.641122067302680787e-02,1.589723147164864847e-02,4.114198291171719535e-02,1.756815907596180615e-02,1.083425277229951682e-02,1.464162867251623742e-02,9.053332791594084425e-03,1.708745400123097904e-02,6.592282070692779411e-03,6.701420542160799361e-03,1.747339056187560691e-02,1.313916975078388734e-02,1.326300749318384646e-02,1.072568462898992360e-02,1.277633802045211563e-02,3.831590713010481555e-03,4.260686159859853293e-03,1.220090287583456244e-02,1.882530365694204746e-02,2.465842985271458898e-02,8.908318421035297044e-03,3.040759412702050135e-02,3.686481207177768477e-02,4.038795156757914173e-02,1.302673731047970622e-02,5.759146813588796043e-02,2.617662604124378414e-02,4.667843255758112597e-02,2.839638250305519945e-02,6.418486717806383413e-02,2.259009859557407560e-02,1.913026721455950846e-02,2.174267058057676588e-02,1.121531855331587765e-02,2.317149222949260734e-02,2.284389362128168288e-02,3.546013868836107169e-02,2.689632819278647835e-02,6.637711618460932772e-02,7.661473250856833117e-02,2.243342886056259866e-02,4.432205234813852562e-02,1.364087393764166767e-01,5.900257720726100052e-02,8.375782456771742324e-02,5.800429411317455097e-02,1.541730800585619163e-02,4.379855463615027478e-02
1.655043828404636694e-02,2.621268736166626825e-02,1.697012998223643154e-02,9.615182341242119526e-03,3.529085876813479322e-02,5.221508969684512946e-02,4.703863419406020818e-02,1.117911806760016509e-02,5.807855219147207287e-02,3.182977000285228120e-02,4.429213829281832687e-02,2.869820983771285278e-02,7.151582912225155908e-02,1.944003532283126306e-02,0.000000000000000000e+00,1.546599341388624378e-02,1.053282513985804268e-02,2.542920368357304284e-02,2.523139717686193398e-02,4.292484839439547617e-02,2.677441850805897805e-02,8.118625689389617761e-02,7.493919065650594957e-02,3.038181576102957221e-02,6.307506169140031371e-02,1.429127042922626045e-01,6.694031178814874306e-02,9.861418866264276550e-02,7.866004004165763619e-02,1.859586838007072293e-02,5.076521069208339565e-02,2.104680808304207687e-02,1.353875628395724562e-02,1.904661869339396504e-02,1.137277742010018959e-02,2.088163791602466041e-02,8.412002875693580170e-03,7.989476820658803630e-03,2.111543231927048847e-02,1.607861355856241015e-02,1.685620701341116606e-02,1.328604818926353709e-02,1.585299004831416600e-02,4.854222410493849033e-03,5.134854755021786739e-03,1.541403278291933986e-02,2.282176272240670281e-02,2.938367290624428405e-02,1.107341155235503326e-02,3.617138710829796017e-02,4.523731212978693295e-02,4.956991371372867355e-02,1.532734431586484092e-02,6.910066568356720840e-02,3.156593811958693929e-02,5.498298770724452389e-02,3.507620484228560903e-02,7.726540743441480397e-02,2.692761045699702815e-02,2.345723531503103240e-02,2.574117410243091653e-02,1.319980956543233622e-02,2.772764759012176852e-02,2.755941005334732255e-02,4.321098246977038426e-02,3.236207143750679388e-02,7.949571483369345659e-02,9.053813105711398801e-02,2.713937654037192754e-02,5.425479070887150035e-02,1.657339599553007137e-01,7.290886146091130060e-02,1.002398416642170387e-01,6.977187175427500276e-02,1.802221880914961841e-02,5.428009840850264722e-02
1.038644220254907220e-02,1.691530519908214514e-02,1.103016533187930678e-02,6.102273847773086179e-03,2.284306149195837465e-02,3.490366058937112437e-02,3.038297379837980733e-02,7.224769394191092771e-03,3.819489832732243795e-02,2.050610494949075061e-02,2.918908168494014493e-02,1.834802441052070174e-02,4.678555502276487976e-02,1.245098425303813212e-02,1.546599341388624378e-02,0.000000000000000000e+00,6.577777567102143820e-03,1.636520909831263096e-02,1.661727255989754737e-02,2.800507722982619949e-02,1.721675918581942050e-02,5.318879874745614106e-02,4.945841129726120250e-02,1.922533513496959071e-02,4.103807398943405682e-02,9.172131441063577362e-02,4.323585204959926043e-02,6.426321920094875406e-02,5.201061288093471180e-02,1.220121530939219899e-02,3.252846556741654377e-02,1.392191198628451969e-02,8.702782083840824093e-03,1.192819310078560395e-02,7.167042805626900465e-03,1.336175618147450797e-02,5.275416464993396004e-03,5.418728053632852759e-03,1.398595640189970006e-02,1.056207778973075259e-02,1.070976443668060149e-02,8.448287187899299056e-03,1.021673297737696155e-02,3.114268210332290111e-03,3.391720794600241486e-03,9.605475602490073928e-03,1.485587810696267774e-02,1.911748903392569351e-02,6.990604709695041538e-03,2.348593500488532770e-02,2.916608308471016486e-02,3.196167055915271477e-02,1.011233997488309930e-02,4.545341292529621324e-02,2.068523287990654824e-02,3.667372576106543020e-02,2.234405223338068250e-02,5.062854737221293699e-02,1.742305847470002750e-02,1.496797281379272197e-02,1.679309720341167281e-02,8.630825840193551840e-03,1.815789693161302606e-02,1.802897051635495018e-02,2.795471037221535990e-02,2.094688506170800865e-02,5.242673547609820461e-02,5.988840101503364877e-02,1.770186728691001618e-02,3.505697831036196782e-02,1.074320857311058253e-01,4.657925573075224340e-02,6.553315568065480601e-02,4.567151045609754711e-02,1.205740996966793779e-02,3.523002117268900918e-02
7.048543722478937783e-03,1.127626387948854961e-02,7.320852638104190235e-03,4.100742751096153257e-03,1.551165600642079659e-02,2.324315455666724900e-02,2.059729374511286293e-02,4.853595663320869197e-03,2.544173541364002158e-02,1.365932372515750448e-02,1.965717646082794715e-02,1.233572333465681251e-02,3.120630979391293691e-02,8.250584298159844079e-03,1.053282513985804268e-02,6.577777567102143820e-03,0.000000000000000000e+00,1.083331642135293774e-02,1.114565534573389548e-02,1.865206440187026568e-02,1.170604915650711939e-02,3.570473640807187571e-02,3.306518634613665741e-02,1.300816885292384317e-02,2.759869221608775638e-02,6.163574945679101136e-02,2.870250919995228495e-02,4.316289807357927277e-02,3.498977657318521478e-02,8.165367684483377728e-03,2.174521863342353950e-02,9.240354922886039393e-03,5.725168446082883403e-03,7.846604601707505081e-03,4.715115660558374250e-03,8.793020090127244559e-03,3.558361847295363548e-03,3.563785885043485417e-03,9.323094239603455652e-03,7.068457252495085816e-03,7.113679062746191412e-03,5.665821128205572599e-03,6.932348724783980731e-03,2.067097671915912611e-03,2.283378466282584129e-03,6.436675822980774016e-03,9.726379810578226343e-03,1.290674298287007582e-02,4.692924518228231388e-03,1.586119411187657952e-02,1.931259512902322104e-02,2.152513925229474281e-02,6.771158268016060945e-03,3.052747370851041642e-02,1.385901452387005781e-02,2.486968369527197201e-02,1.490823320238195485e-02,3.423670775377514464e-02,1.193792652721722622e-02,9.953917644303875503e-03,1.144907607782459473e-02,5.835203888535924269e-03,1.225405788612704029e-02,1.207698123305606282e-02,1.874981388812994865e-02,1.420285370345248342e-02,3.518475010241194079e-02,3.995125052278646061e-02,1.191532428376721776e-02,2.342765064455210045e-02,7.132790653165974049e-02,3.128247853546597262e-02,4.437716000425231261e-02,3.076451559799791430e-02,8.204219561245574763e-03,2.345434174922919612e-02
1.743695780099052683e-02,2.852274024826434440e-02,1.851364675000994817e-02,1.038342987124102335e-02,3.849894750171162228e-02,5.811721858574513122e-02,5.092120725333144915e-02,1.201075824112511105e-02,6.359038103882969084e-02,3.455761418325933865e-02,4.894896095402206243e-02,3.072972435380084272e-02,7.840016468135645178e-02,2.112869410245013513e-02,2.542920368357304284e-02,1.636520909831263096e-02,1.083331642135293774e-02,0.000000000000000000e+00,2.741838032496465155e-02,4.636099884869632898e-02,2.883564111853220702e-02,8.908658343470424179e-02,8.243464526439199525e-02,3.196199350649689408e-02,6.961242785070770323e-02,1.546157943955741854e-01,7.168965688101185119e-02,1.072225311413087523e-01,8.711147441269663505e-02,2.029227415367545681e-02,5.476086385303530202e-02,2.305692280671019917e-02,1.454861367299462027e-02,1.971995637971906551e-02,1.194257628027333394e-02,2.260974688064655569e-02,8.988793476504514796e-03,8.876396489182774088e-03,2.315068646598682223e-02,1.775727344919268702e-02,1.789215238869505675e-02,1.422955840838981308e-02,1.698190823403179783e-02,5.187054344644665207e-03,5.538603947372234930e-03,1.612203776117759890e-02,2.476363436864459019e-02,3.239268606518119764e-02,1.200185457965963730e-02,3.983024004169906374e-02,4.886864966260964088e-02,5.389754346316989742e-02,1.697031586546186854e-02,7.595175575510820787e-02,3.441676202757554953e-02,6.099315695466155096e-02,3.729885716028759346e-02,8.509061032914812250e-02,2.957138054159463153e-02,2.508875540577566385e-02,2.854114718502736084e-02,1.448061004478970806e-02,3.044537579958225132e-02,2.959865656839421807e-02,4.660421103083799144e-02,3.541787517422269327e-02,8.739763776734876810e-02,1.008262227028121488e-01,2.956644523224883150e-02,5.895889831664700292e-02,1.804842832214166304e-01,7.811260145921297693e-02,1.098401828176609890e-01,7.670441319112006329e-02,2.004741096725440666e-02,5.892210833817865256e-02
1.709083034151757940e-02,2.748449710358911655e-02,1.867379162569189621e-02,1.002280574300602398e-02,3.825081606589595534e-02,5.672494556712900926e-02,5.089228204615053180e-02,1.190182861225794198e-02,6.323769443758328612e-02,3.380880112970929136e-02,4.849158963115202808e-02,3.026284449652527977e-02,7.713837117361455054e-02,2.121545531006851365e-02,2.523139717686193398e-02,1.661727255989754737e-02,1.114565534573389548e-02,2.741838032496465155e-02,0.000000000000000000e+00,4.654424619856276785e-02,2.828058701758788887e-02,8.826257328117367851e-02,8.103492154600153152e-02,3.129869039808401421e-02,6.778430292093030884e-02,1.510955938901122897e-01,7.186762580302760717e-02,1.056772343511845763e-01,8.542736418058288761e-02,2.009397726679399906e-02,5.423300684046318543e-02,2.209081827591344652e-02,1.444182687752458387e-02,2.006078400277896620e-02,1.213737234761408726e-02,2.222485823504457073e-02,8.756264963069091203e-03,8.684365049491400007e-03,2.213596617722660490e-02,1.716964663624954979e-02,1.802487564622057975e-02,1.401848518737128062e-02,1.706739677424495491e-02,5.141602034974885292e-03,5.589363382127091225e-03,1.582934191698519982e-02,2.449882864408533742e-02,3.227830996232512739e-02,1.172583572583980015e-02,3.881338487530130305e-02,4.845257057030774583e-02,5.306263566791707270e-02,1.638736461261252469e-02,7.495452426224959164e-02,3.419317386788810198e-02,6.050828045386302811e-02,3.695253273703031499e-02,8.303829732435193123e-02,2.908811682588270317e-02,2.482968785086473590e-02,2.749262110776559340e-02,1.412044726544383309e-02,2.965924691602067273e-02,3.021013827742160748e-02,4.668489425048916869e-02,3.406648727908827973e-02,8.612829697506649285e-02,9.785842194984620268e-02,2.863435886185232079e-02,5.791484679136012920e-02,1.771070190533980959e-01,7.799947715488808608e-02,1.086386112064154641e-01,7.514694869629502672e-02,1.991950501730315945e-02,5.803107350406513931e-02
2.936492482589359715e-02,4.704694976159594366e-02,3.083233276981968765e-02,1.704113706760714345e-02,6.413919023397385288e-02,9.632731407422037706e-02,8.567152794262962445e-02,2.011370048799669338e-02,1.064600003337977802e-01,5.781892540982024042e-02,8.133046421946503457e-02,5.133086657924743057e-02,1.305071649567084435e-01,3.468333993328376330e-02,4.292484839439547617e-02,2.800507722982619949e-02,1.865206440187026568e-02,4.636099884869632898e-02,4.654424619856276785e-02,0.000000000000000000e+00,4.822717207951999346e-02,1.480451963396516857e-01,1.372840010651375509e-01,5.376533616576005536e-02,1.148842559736840685e-01,2.564510098781895842e-01,1.200282892313677685e-01,1.792310693340961325e-01,1.450410775303439814e-01,3.401668470564532532e-02,9.112327455527739761e-02,3.816915911535593425e-02,2.394127119119500088e-02,3.324533719181354402e-02,2.007086905759565901e-02,3.703644411402689379e-02,1.484668513734169366e-02,1.474138033635262988e-02,3.785608147358600351e-02,2.914825270934377419e-02,2.968745030036710336e-02,2.332704370844599154e-02,2.882700081866074876e-02,8.675344185201144115e-03,9.340143592085532048e-03,2.690058905157596131e-02,4.134069988914600841e-02,5.366969143812556214e-02,1.959168385485469260e-02,6.532546622548897342e-02,8.148537752290975489e-02,8.920975185664016538e-02,2.790504556760181262e-02,1.272004347864578444e-01,5.754071033695481313e-02,1.018598948289748257e-01,6.207789367937874281e-02,1.412149191778053203e-01,4.890469940871267074e-02,4.153180283097987480e-02,4.681954191768370604e-02,2.419272552133477222e-02,5.038074135830782063e-02,5.064445258601359134e-02,7.829262672788675492e-02,5.827804969972694149e-02,1.453475237011354892e-01,1.667661867933835362e-01,4.909163835291356637e-02,9.815097732510778827e-02,2.994778295108184718e-01,1.307864395826622839e-01,1.831254606882842251e-01,1.282360212744390882e-01,3.367000267919797313e-02,9.768716507003483152e-02
1.891737051736002220e-02,2.985808362915086389e-02,1.873097897171828799e-02,1.081793863053906284e-02,4.012762447737532739e-02,5.948596930573990527e-02,5.311623076144958433e-02,1.242574808897233679e-02,6.475076009217925477e-02,3.599963389928240165e-02,5.056359486118840868e-02,3.270814146908615494e-02,8.099008837855821430e-02,2.194398679403161342e-02,2.677441850805897805e-02,1.721675918581942050e-02,1.170604915650711939e-02,2.883564111853220702e-02,2.828058701758788887e-02,4.822717207951999346e-02,0.000000000000000000e+00,9.143055679215565668e-02,8.449608855304152621e-02,3.473382870329014271e-02,7.230424110903919954e-02,1.621116489043006037e-01,7.471680217937784474e-02,1.113730170938339037e-01,8.887195119261832865e-02,2.117421069365790776e-02,5.691349770560242410e-02,2.404658813434315881e-02,1.536639465767588968e-02,2.087003799389649389e-02,1.273157302148620988e-02,2.331217208587813006e-02,9.333275850572629942e-03,9.041765428939644439e-03,2.402515038994807936e-02,1.831409516894404871e-02,1.876888241805179866e-02,1.514780495325290452e-02,1.814771125601999727e-02,5.549759675619381216e-03,5.872532029477630158e-03,1.751901055515429212e-02,2.537849840759087011e-02,3.318409042156313105e-02,1.256242158875721035e-02,4.129485402586745985e-02,5.026278250439453893e-02,5.569554938008671602e-02,1.732902428144899448e-02,7.820379743681160623e-02,3.604027748042760992e-02,6.274645563158234851e-02,4.005753321558902513e-02,8.718321558598901566e-02,3.118370666117170273e-02,2.630414768870424636e-02,2.987793568565141195e-02,1.513563898314943673e-02,3.180879562364438695e-02,3.084099925004310169e-02,4.870819558675108796e-02,3.744818968202047460e-02,8.941161731528082801e-02,1.022145074297879236e-01,3.139701439019810386e-02,6.093994099697774142e-02,1.868856162756120654e-01,8.161897300338635808e-02,1.132993088414918775e-01,7.886182204139799423e-02,2.057945765060910717e-02,6.142759225574850879e-02
