0.000000000000000000e+00,1.687844735223322998e-02,1.282689530829558833e-02,3.575824170389506340e-03,2.016493756832142201e-02,2.391063863498015321e-02,3.149507640826035987e-02,5.838068963881315986e-03,3.781722055082428063e-02,2.041228280747754004e-02,2.531995695142681344e-02,1.932994707490948150e-02,4.024144332574913774e-02,8.600774475987622847e-03,1.374302489385927431e-02,1.231427728527116454e-02,6.720076962849765370e-03,1.326193141232204567e-02,1.703718774010198542e-02,2.369358377537803331e-02,1.483240098990156255e-02,5.075005236767550498e-02,3.969198047792049655e-02,1.601846972908621200e-02,3.717597549715307564e-02,8.865384269861287247e-02,4.009181626716001867e-02,5.305593671803632977e-02,4.474416504296215014e-02,8.018745938733393835e-03,3.121010238247317464e-02,1.110590741193153916e-02,7.858693615505799035e-03,1.216429672813083666e-02,5.748947258690358976e-03,9.270322303032409172e-03,6.134354991096362814e-03,4.897658978521776674e-03,1.057488641893626104e-02,7.831026739689906160e-03,7.943959927659985723e-03,5.986915003379980962e-03,1.082294358291162502e-02,2.693624686338600468e-03,1.773611115178985731e-03,8.011301036867106776e-03,1.338777886641865505e-02,1.940432258967299955e-02,5.148600301778103946e-03,2.524164398702500450e-02,2.594444138072615064e-02,3.193816334812140528e-02,7.145615831491124344e-03,4.355039076542024240e-02,2.100585289682619511e-02,3.287571446684685317e-02,2.070329662911048196e-02,3.874773574411687072e-02,1.352345364855738266e-02,1.427139557683216806e-02,1.106019567563523189e-02,6.271096467535965113e-03,1.360660955765991519e-02,1.698671642962256909e-02,2.353368290803804080e-02,1.470607591961520591e-02,4.820616309709094272e-02,4.217268124246538463e-02,1.069793818561308452e-02,3.540606238312209858e-02,9.764647346174358533e-02,3.713265149631624767e-02,5.265394182630101644e-02,4.064801034390012197e-02,7.172206410580786798e-03,3.035354131379667392e-02
1.687844735223322998e-02,0.000000000000000000e+00,2.501537675406378947e-02,6.959063231362614538e-03,3.937959465099449136e-02,4.657300820156398680e-02,6.164281575558255843e-02,1.085966217828328133e-02,7.542857545809533715e-02,3.994378979941157898e-02,4.953670488470598987e-02,3.666659966424207218e-02,7.816256082347720902e-02,1.648501908356671264e-02,2.597159698688067050e-02,2.408278303013685478e-02,1.289130683373504102e-02,2.603553967529317545e-02,3.318817129998517801e-02,4.629015148126506413e-02,2.759443868520770893e-02,1.005877751509322571e-01,7.631107332933260989e-02,3.017169399805572430e-02,7.190937216163090229e-02,1.713555310329990256e-01,7.792110076943062347e-02,1.030118843672611362e-01,8.855354132489659524e-02,1.628782422056318513e-02,6.098114325329305474e-02,2.155773528649194623e-02,1.476003847099364649e-02,2.328853925143532441e-02,1.082618669730507979e-02,1.743576699867726426e-02,1.203080796107891710e-02,9.504378250766467445e-03,2.032361967359370969e-02,1.505882259134606362e-02,1.484106133634336203e-02,1.141926090063653115e-02,2.097264968387947681e-02,5.301135112274971660e-03,3.197570223133916565e-03,1.559115632774979616e-02,2.676590404025281505e-02,3.799364138537358188e-02,9.890269270865004181e-03,5.039549160259822885e-02,5.067800555221473047e-02,6.276251234010091218e-02,1.351054893073999098e-02,8.591689941731192603e-02,4.187423712342065729e-02,6.479174690444622353e-02,3.970357691836300107e-02,7.653817966276403595e-02,2.668664155213123362e-02,2.700567464874895074e-02,2.142324708676358880e-02,1.282675224738344215e-02,2.613455195987144514e-02,3.338526048714385991e-02,4.571505428411969801e-02,2.785180752574847526e-02,9.555843798141880341e-02,8.136047219107526984e-02,2.079041859395108771e-02,7.088394753667145998e-02,1.912759710583433748e-01,7.299530928782151096e-02,1.028101328884805793e-01,8.130978833924720761e-02,1.381845162620489245e-02,5.925912023424318581e-02
1.282689530829558833e-02,2.501537675406378947e-02,0.000000000000000000e+00,5.129440980892240563e-03,2.932360613239022584e-02,3.538405691131013553e-02,4.550606283835845201e-02,8.342284919184395423e-03,5.618458415226058184e-02,2.889128330404539674e-02,3.670972295620338055e-02,2.725161283862479605e-02,5.809300971668240193e-02,1.246208218105868126e-02,1.977940837135774149e-02,1.804215631761450084e-02,9.342582896101505816e-03,1.929632825055832210e-02,2.527511613998155438e-02,3.513939582590742960e-02,2.056368900620434564e-02,7.554593534504160102e-02,5.816117351954212117e-02,2.266545386058523015e-02,5.340098149192242655e-02,1.277835733346159575e-01,5.885667846681457566e-02,7.663251846806631851e-02,6.685806881590614092e-02,1.260354262256177353e-02,4.542190622902072400e-02,1.584986355386659371e-02,1.114708064180494618e-02,1.731295017820938531e-02,8.011293580500497558e-03,1.301324044967748159e-02,8.838400475664816291e-03,7.068580549356503519e-03,1.494110782396994991e-02,1.129535945996580464e-02,1.124920679046974292e-02,8.486364516716676104e-03,1.519298295702668951e-02,3.855925801675663851e-03,2.479186158589245445e-03,1.162681279639991849e-02,1.984547177167202830e-02,2.857611078709258734e-02,7.220806971902372570e-03,3.717149891474411105e-02,3.799334030506284349e-02,4.651910446612118888e-02,1.005208061350631663e-02,6.402967740967530075e-02,3.062342848889912025e-02,4.839240998505898311e-02,2.998055624538547084e-02,5.715980813156457119e-02,1.977085868778123701e-02,2.044791561678068956e-02,1.570867048953850098e-02,9.482060972980672214e-03,1.961343269078669183e-02,2.529035060268060298e-02,3.489919688566656825e-02,2.078977818230687974e-02,7.159914769537197021e-02,6.146451345801925981e-02,1.552338521013121170e-02,5.279175647037432501e-02,1.425268824326554884e-01,5.468450562227935435e-02,7.705719871538115051e-02,6.124791568140099812e-02,1.078197143753928389e-02,4.457254862524594879e-02
3.575824170389506340e-03,6.959063231362614538e-03,5.129440980892240563e-03,0.000000000000000000e+00,7.975562751048232563e-03,9.689408375350370625e-03,1.267515897105794126e-02,2.263402162001388728e-03,1.596974280097179788e-02,8.268037130345927410e-03,1.045480829457507733e-02,7.554266944021585314e-03,1.581394718498925489e-02,3.239890457762087395e-03,5.749271334621113179e-03,5.095917431787948433e-03,2.705768206914331477e-03,5.244431992297742158e-03,6.998029590774598740e-03,9.215718148918569663e-03,5.834977657679807188e-03,2.158422259066842402e-02,1.633875103334201523e-02,6.315723713276739405e-03,1.529302255540291103e-02,3.701904754188860280e-02,1.629108681037802833e-02,2.127951285204259316e-02,1.900290792684194291e-02,3.161584458991585460e-03,1.307154484023226662e-02,4.789089327229881926e-03,3.382807836356996074e-03,4.834513645553724544e-03,2.147612028994389487e-03,3.132995402982169733e-03,2.465275869681609559e-03,2.116840036340235983e-03,4.662973482175487849e-03,3.399252328278285374e-03,2.992826867356390350e-03,2.233708777294111068e-03,4.381064426838858147e-03,9.692319387906911041e-04,7.621836699075192588e-04,3.405942271935172641e-03,5.604303136950043902e-03,7.725599754147332784e-03,1.881029153638152755e-03,1.086765533721560997e-02,1.072851242247310592e-02,1.292268362415789976e-02,2.826278947232437663e-03,1.856309109542454705e-02,8.569537868303535311e-03,1.384948255696627842e-02,7.975254216779669933e-03,1.566812743017131915e-02,5.380545331684815497e-03,5.804596326756877173e-03,4.441799537377335086e-03,2.539379943519204635e-03,5.756003701634227268e-03,7.049211365093078704e-03,9.426771115611666529e-03,6.014895216985523436e-03,2.076609929391747683e-02,1.703900281966013938e-02,4.165438440707931560e-03,1.521112675454725990e-02,4.134793480779263425e-02,1.499095199227565983e-02,2.144345311410774876e-02,1.697412375053833009e-02,2.733522926953702546e-03,1.266978795539510511e-02
2.016493756832142201e-02,3.937959465099449136e-02,2.932360613239022584e-02,7.975562751048232563e-03,0.000000000000000000e+00,5.592417804862105657e-02,7.430255557412164535e-02,1.280369277945989613e-02,9.032477405067119991e-02,4.867269598268272879e-02,5.936818958480961916e-02,4.386459445551579156e-02,9.386339361503329148e-02,1.964715174738514494e-02,3.131823739050518252e-02,2.879217105778356101e-02,1.586688624510609880e-02,3.124037930940213453e-02,3.973580831602140095e-02,5.459152850513200594e-02,3.326578211548310987e-02,1.204679992842844771e-01,9.128088977713999519e-02,3.586591210198283863e-02,8.671491529595874714e-02,2.064127754353373978e-01,9.301177792874311401e-02,1.231638535888448238e-01,1.067817033604057803e-01,1.882634156040589868e-02,7.440625027487098031e-02,2.673045762102164644e-02,1.851902104648692204e-02,2.802882698054005861e-02,1.297177106420367709e-02,2.016992834261059284e-02,1.456774940092638027e-02,1.150074905043313445e-02,2.558749045777966233e-02,1.884807388811307952e-02,1.770214303720344870e-02,1.348293797270244329e-02,2.504370444154991465e-02,6.196312269950690968e-03,4.060686529649110144e-03,1.909960517342120662e-02,3.175949092933580409e-02,4.456522871382054274e-02,1.165477454932298262e-02,6.121678496210533615e-02,6.154955214978222178e-02,7.525340191655476019e-02,1.597141046752283133e-02,1.039413605793713113e-01,4.989430031303850738e-02,7.874743145633184005e-02,4.679651877612959338e-02,9.123371071804482757e-02,3.148755943996410511e-02,3.219209315968106500e-02,2.567537292906591634e-02,1.490127091915146446e-02,3.168923835647759896e-02,4.013028491008183846e-02,5.426086799175865172e-02,3.410985073231929260e-02,1.149824703472898113e-01,9.676943808243212986e-02,2.493575389630520167e-02,8.483490204034045690e-02,2.318655980070196687e-01,8.662937029464468086e-02,1.240328172189615608e-01,9.720075888223493610e-02,1.654809893718150668e-02,7.158266268495347417e-02
2.391063863498015321e-02,4.657300820156398680e-02,3.538405691131013553e-02,9.689408375350370625e-03,5.592417804862105657e-02,0.000000000000000000e+00,8.788042940628611188e-02,1.538505837227513093e-02,1.074361091254456696e-01,5.596778698768803406e-02,7.024073908309651226e-02,5.178463268288571036e-02,1.106051017479930954e-01,2.362122930220077882e-02,3.797215412948463931e-02,3.451437119916783008e-02,1.834911945525088614e-02,3.719831572858900426e-02,4.779654896414354398e-02,6.543331044347909520e-02,3.942816770708194168e-02,1.453902728003632905e-01,1.122411585015412605e-01,4.291059866738248380e-02,1.030406654886681928e-01,2.466430963084406680e-01,1.117062914214139585e-01,1.478812769857164311e-01,1.281350256856609027e-01,2.333960380472778831e-02,8.754620066736622241e-02,3.253514838144606208e-02,2.204843377418426106e-02,3.297273790286169015e-02,1.560884187708003537e-02,2.444253470259276015e-02,1.718582292968222694e-02,1.387914214143072360e-02,3.087007655998735139e-02,2.287050347457703775e-02,2.160362202528718842e-02,1.592833452938125297e-02,2.916870773368130526e-02,7.418148265437383287e-03,5.152150959705367565e-03,2.320842027066101487e-02,3.820723593638299803e-02,5.288153784423208631e-02,1.391165268355711374e-02,7.235163433152301538e-02,7.369776148090448342e-02,8.914503443116672532e-02,1.895894220658319446e-02,1.239805308349684609e-01,5.887685774452525167e-02,9.279390623108106639e-02,5.552324490504807059e-02,1.095404676394013121e-01,3.749297091458688586e-02,3.887262342591471520e-02,3.009869061456073303e-02,1.798485253493307609e-02,3.821544128960019382e-02,4.747350154636378189e-02,6.514219515283989348e-02,4.086609358345838494e-02,1.382391232722091079e-01,1.177893181135808015e-01,2.963527507048086679e-02,1.019125241036688279e-01,2.769119125778447543e-01,1.041250507949664783e-01,1.488470235199542413e-01,1.163880342449883087e-01,2.017867995500702977e-02,8.585941246057171572e-02
3.149507640826035987e-02,6.164281575558255843e-02,4.550606283835845201e-02,1.267515897105794126e-02,7.430255557412164535e-02,8.788042940628611188e-02,0.000000000000000000e+00,2.023714070679696539e-02,1.411814135519604274e-01,7.571625900871584158e-02,9.281029617730936210e-02,6.892486776762558887e-02,1.469838544673881808e-01,3.097662640627845548e-02,4.822342538890714986e-02,4.485142882841527262e-02,2.480159187401198562e-02,4.894259306087466593e-02,6.137831166915939940e-02,8.600523354499384210e-02,5.213519871719346499e-02,1.885800118980785478e-01,1.414432476979168851e-01,5.643661828876478381e-02,1.362109602126916896e-01,3.223737963638924064e-01,1.448915519097786486e-01,1.934188339134852719e-01,1.654114512559304861e-01,2.936751331674254673e-02,1.156455287725819403e-01,4.155006999796558714e-02,2.879063682488016210e-02,4.417701568682766422e-02,2.060351989342885590e-02,3.195246337916429064e-02,2.261422213029305739e-02,1.784664863548951139e-02,3.982929630231068358e-02,2.940569612806286093e-02,2.831768521824307161e-02,2.157117841105696265e-02,3.911708699690538693e-02,9.924721947026704516e-03,6.209446693453955259e-03,2.972720947731500446e-02,4.971894392514438626e-02,6.914895911473130374e-02,1.865067973513497707e-02,9.527865191226664310e-02,9.539544965700173795e-02,1.185299769051615937e-01,2.511840385040567045e-02,1.606119996576508002e-01,7.792310801280794008e-02,1.221196070837692049e-01,7.361299884555155826e-02,1.431851336037454903e-01,4.969569872603114141e-02,5.023273031441433806e-02,4.001570223645562613e-02,2.358201472393415404e-02,4.937335791789066591e-02,6.211236091847852081e-02,8.489154975145578319e-02,5.348386018706131895e-02,1.778374941159668876e-01,1.510212615155944182e-01,3.893073376014456050e-02,1.317793010038176837e-01,3.609300494500124468e-01,1.359976609268077896e-01,1.945847567602893846e-01,1.511804439233474795e-01,2.574645469455364571e-02,1.117426832073759452e-01
5.838068963881315986e-03,1.085966217828328133e-02,8.342284919184395423e-03,2.263402162001388728e-03,1.280369277945989613e-02,1.538505837227513093e-02,2.023714070679696539e-02,0.000000000000000000e+00,2.440140059959865215e-02,1.302895602712708656e-02,1.627878111937820782e-02,1.246596517091868098e-02,2.574718297010295670e-02,5.334834758562081308e-03,9.207440004939672698e-03,8.010152071265938881e-03,4.291025190913915280e-03,8.665692394885751715e-03,1.098953326848628627e-02,1.538189092211058803e-02,9.295027267449535585e-03,3.315022057087973345e-02,2.599108326861657506e-02,1.037578271124560067e-02,2.375338376181244243e-02,5.814680105607723110e-02,2.586580060028787278e-02,3.434777995536138218e-02,2.926926073649006171e-02,5.078638201367739226e-03,2.027032201184260016e-02,7.354166012170213276e-03,5.086541637092532354e-03,8.063355119894458425e-03,3.691552652184357589e-03,5.727729838098835971e-03,3.920522571623822131e-03,3.209802189454908240e-03,6.975554233826349038e-03,5.125578948124965249e-03,5.174280551123741981e-03,3.821470682041379525e-03,6.949216722855676605e-03,1.735050664993435885e-03,1.203721494375084317e-03,5.250841009715989313e-03,8.725286714179138203e-03,1.252730737706484083e-02,3.298450602240240396e-03,1.628096357972589822e-02,1.679558061232137509e-02,2.037580897070079625e-02,4.580831508232538138e-03,2.789550961035724974e-02,1.360059941348711922e-02,2.164871056576282010e-02,1.355507490631460525e-02,2.505852114344888498e-02,8.637714636962112724e-03,9.405298749784404139e-03,7.002976945032221914e-03,4.115059795637373598e-03,9.099748502155027147e-03,1.118640639575584593e-02,1.537572501083672716e-02,9.449768776944297843e-03,3.192437878169448323e-02,2.779099668375726445e-02,6.876989566109597586e-03,2.316154715885288332e-02,6.415743718993495437e-02,2.424909590575812651e-02,3.424756946695543119e-02,2.617046365530790314e-02,4.665783894492903094e-03,1.970607394931155054e-02
3.781722055082428063e-02,7.542857545809533715e-02,5.618458415226058184e-02,1.596974280097179788e-02,9.032477405067119991e-02,1.074361091254456696e-01,1.411814135519604274e-01,2.440140059959865215e-02,0.000000000000000000e+00,9.051357508991050849e-02,1.130960374009282593e-01,8.215867929437235817e-02,1.786648667633498888e-01,3.831306367819089370e-02,5.927279742243891231e-02,5.481753697761482247e-02,2.938755250433421062e-02,5.979591751963894697e-02,7.610383642763929313e-02,1.070353215844751654e-01,6.228305827616283097e-02,2.316932813812784542e-01,1.767821169136772064e-01,6.716727308879788527e-02,1.644076872905032016e-01,3.898662413586650999e-01,1.795327468692494155e-01,2.367820781033943556e-01,2.052462579538330556e-01,3.805248925519406217e-02,1.395887108373302377e-01,4.967789485269251404e-02,3.454489450658285860e-02,5.294756626596740234e-02,2.474003828507234659e-02,3.947591377722022704e-02,2.729546274495589855e-02,2.146020550574573305e-02,4.721794686001180852e-02,3.554548186499142948e-02,3.431863617343302447e-02,2.580165195475206397e-02,4.737834475819214380e-02,1.201384469531870808e-02,7.699349355869359451e-03,3.591038177957137090e-02,6.154227482045081243e-02,8.532346075517455164e-02,2.237052979002088562e-02,1.147003005416013938e-01,1.169929205485604473e-01,1.435945130509407308e-01,3.059909079067177351e-02,1.965490438261016104e-01,9.498238328334909775e-02,1.481444252979644827e-01,8.918323533568499328e-02,1.756384305587983807e-01,6.053143184212098071e-02,6.136897543732597327e-02,4.860052712296718258e-02,2.944222928952865831e-02,6.014136176370829534e-02,7.709560604463439049e-02,1.051174131163782333e-01,6.411279947035042337e-02,2.194873133973570811e-01,1.879189307668460984e-01,4.691306124018281704e-02,1.621930419127373402e-01,4.377264312368629451e-01,1.673090223696799272e-01,2.386389595536660968e-01,1.866848572355371827e-01,3.255033614799290875e-02,1.365109081501220956e-01
2.041228280747754004e-02,3.994378979941157898e-02,2.889128330404539674e-02,8.268037130345927410e-03,4.867269598268272879e-02,5.596778698768803406e-02,7.571625900871584158e-02,1.302895602712708656e-02,9.051357508991050849e-02,0.000000000000000000e+00,6.013560456175212621e-02,4.421840830836849118e-02,9.554601969837112074e-02,2.029147696862271949e-02,3.113223346136253025e-02,2.874127689001085631e-02,1.613055266825208500e-02,3.191600393260821816e-02,3.922940984126596642e-02,5.592123315463050359e-02,3.388528175031861600e-02,1.214981255937366278e-01,9.112585647844669012e-02,3.625458627995154642e-02,8.796125898328226167e-02,2.074541852839713318e-01,9.359353254711279269e-02,1.253363874430784008e-01,1.067709500541289408e-01,1.886360160031239769e-02,7.456428908009242462e-02,2.660448689993033175e-02,1.856839747484370293e-02,2.836050913843701088e-02,1.315174844175376681e-02,2.112745726479011918e-02,1.464357369890184439e-02,1.139040277575894752e-02,2.560191913503497008e-02,1.904783047023845405e-02,1.818640810311353620e-02,1.382193392507668692e-02,2.556824203833340386e-02,6.438445014124596563e-03,4.022098217264237843e-03,1.907306021570909921e-02,3.205528957152988662e-02,4.425589525599435414e-02,1.208631588478257732e-02,6.171932195525110104e-02,6.123656863873491729e-02,7.717456174953821191e-02,1.618352124405116749e-02,1.029717795190698282e-01,5.069370850907718717e-02,7.875142741747025166e-02,4.709003785567208306e-02,9.272635858782989071e-02,3.254963465334265171e-02,3.189916096873988971e-02,2.598630279886677413e-02,1.534126192394223709e-02,3.221758681119375051e-02,4.010137536749389109e-02,5.395496686024783134e-02,3.438167703142613885e-02,1.149816780569674068e-01,9.738971858709756513e-02,2.502945860718015780e-02,8.532019598462485532e-02,2.314311199652782647e-01,8.752196180483071131e-02,1.268052152595622040e-01,9.741800164710433252e-02,1.682901200407837736e-02,7.186669830519114288e-02
2.531995695142681344e-02,4.953670488470598987e-02,3.670972295620338055e-02,1.045480829457507733e-02,5.936818958480961916e-02,7.024073908309651226e-02,9.281029617730936210e-02,1.627878111937820782e-02,1.130960374009282593e-01,6.013560456175212621e-02,0.000000000000000000e+00,5.496795807638570758e-02,1.172110409962396349e-01,2.487344148453302789e-02,3.919510224236687213e-02,3.618949479665297536e-02,1.969334928920018699e-02,3.943347786922023201e-02,4.978137172778669683e-02,6.993693770100242735e-02,4.191136918655159055e-02,1.512083520025986061e-01,1.146147558036019060e-01,4.469948174070129815e-02,1.085679668201040143e-01,2.563648013666964265e-01,1.173849337255398750e-01,1.555702101717947039e-01,1.339386158833062168e-01,2.427970489307931107e-02,9.215612675438611401e-02,3.289689927651615053e-02,2.270421205049906119e-02,3.468806777884986953e-02,1.623349735033730729e-02,2.597797934013526544e-02,1.794335122648792885e-02,1.420937514083584798e-02,3.115389349589564247e-02,2.335552329899217086e-02,2.253855493286334097e-02,1.699322517628831450e-02,3.130348182358390352e-02,7.805575450025879769e-03,5.057673896733991259e-03,2.362787424941737227e-02,4.004720375803317439e-02,5.597344438811025641e-02,1.477697777047076722e-02,7.594540502712809893e-02,7.673431620668404174e-02,9.463468590428816829e-02,2.016573510248188816e-02,1.288384413271934092e-01,6.297200315062806419e-02,9.810687944729463983e-02,5.940819212093936819e-02,1.151926651131390811e-01,3.979657580999935301e-02,4.035685246218479599e-02,3.224690135936600366e-02,1.905855739025474546e-02,3.980783817112756168e-02,5.030846879663739696e-02,6.871655935968457030e-02,4.268128290842748696e-02,1.441760635621238962e-01,1.226787284640855902e-01,3.143216598501658021e-02,1.064567656533459972e-01,2.883422334278765709e-01,1.100216466258339409e-01,1.565679839003383533e-01,1.217333632781590902e-01,2.119042857875878816e-02,9.006354690644714778e-02
1.932994707490948150e-02,3.666659966424207218e-02,2.725161283862479605e-02,7.554266944021585314e-03,4.386459445551579156e-02,5.178463268288571036e-02,6.892486776762558887e-02,1.246596517091868098e-02,8.215867929437235817e-02,4.421840830836849118e-02,5.496795807638570758e-02,0.000000000000000000e+00,8.738436427338928947e-02,1.872180820674270926e-02,2.907042372959890708e-02,2.658764207675889252e-02,1.466619270143207192e-02,2.893268454545711021e-02,3.653301588504640623e-02,5.207259861266622797e-02,3.159652164085635651e-02,1.100428223302999248e-01,8.503612070910793186e-02,3.368834020173655519e-02,7.918616274515430375e-02,1.895658859403807073e-01,8.602956411058744479e-02,1.144217311598207110e-01,9.715804607467903864e-02,1.783139579723123230e-02,6.778669142413254467e-02,2.414675582159945058e-02,1.659721214162828903e-02,2.611131677487231809e-02,1.203720108174988375e-02,1.946075601552469184e-02,1.300949704385459191e-02,1.027838144172452117e-02,2.298555409210997769e-02,1.699165782250292717e-02,1.694074681422358050e-02,1.283725423661853833e-02,2.321154352560533818e-02,5.914961923320373113e-03,3.617410240647617875e-03,1.776190505389843577e-02,2.914009840578109245e-02,4.124431665232633493e-02,1.116318487912200744e-02,5.563746308817092701e-02,5.570067751015025243e-02,6.975409864512613356e-02,1.514746069008541043e-02,9.329974589208231417e-02,4.608145499116357569e-02,7.166348578157809290e-02,4.497356081406826689e-02,8.481465694889613050e-02,2.977663862425513480e-02,2.988431518190495101e-02,2.348458982596115033e-02,1.398493411346166462e-02,2.914962918158615565e-02,3.667903346367874795e-02,5.028492304467013785e-02,3.197317403876540759e-02,1.044078551555549655e-01,9.027011437103407698e-02,2.308729261658754375e-02,7.714138241424328690e-02,2.115832613897348780e-01,8.068176998256991472e-02,1.147754677515623739e-01,8.817702619970835265e-02,1.580221092437261374e-02,6.592974456132953687e-02
4.024144332574913774e-02,7.816256082347720902e-02,5.809300971668240193e-02,1.581394718498925489e-02,9.386339361503329148e-02,1.106051017479930954e-01,1.469838544673881808e-01,2.574718297010295670e-02,1.786648667633498888e-01,9.554601969837112074e-02,1.172110409962396349e-01,8.738436427338928947e-02,0.000000000000000000e+00,3.901847653145833900e-02,6.241027317803991836e-02,5.752000569398530577e-02,3.100734674707106286e-02,6.161782364040127580e-02,7.824398354213910056e-02,1.084558112631948401e-01,6.664617899473991580e-02,2.408110569962265135e-01,1.825777437566584727e-01,7.131638680242642636e-02,1.724339903811960284e-01,4.117365478123580780e-01,1.846302525209981005e-01,2.451075317101952256e-01,2.120067277781873538e-01,3.750353301863751376e-02,1.470189417532005993e-01,5.315799428132883531e-02,3.668865702736481132e-02,5.510839459392040396e-02,2.556545954663548212e-02,4.015995026889496861e-02,2.886086198611023668e-02,2.272188120020635776e-02,5.102971387791133129e-02,3.773843437640486687e-02,3.549924254196273887e-02,2.685550409143570155e-02,4.970296558574945761e-02,1.239632064613862064e-02,8.077874304153758248e-03,3.815377499058809907e-02,6.314681425871170040e-02,8.805403793583314875e-02,2.311482582732289626e-02,1.210611908372521694e-01,1.207844575935116127e-01,1.494481253501020179e-01,3.184563082968739495e-02,2.057953494302682540e-01,9.866551863050251892e-02,1.555545875531978706e-01,9.286639401812317451e-02,1.813700744015289412e-01,6.262422290541461156e-02,6.441030537569160386e-02,5.040423167301486679e-02,2.968546818455886777e-02,6.338491867481842179e-02,7.913626896070359573e-02,1.068944173070921211e-01,6.815491116697730556e-02,2.283968475590579250e-01,1.937754323029932946e-01,4.890720045435738988e-02,1.688499430320156980e-01,4.611262650544881714e-01,1.711840509763931928e-01,2.472977501455179139e-01,1.918868154385478808e-01,3.276412657088897951e-02,1.426712841158694900e-01
8.600774475987622847e-03,1.648501908356671264e-02,1.246208218105868126e-02,3.239890457762087395e-03,1.964715174738514494e-02,2.362122930220077882e-02,3.097662640627845548e-02,5.334834758562081308e-03,3.831306367819089370e-02,2.029147696862271949e-02,2.487344148453302789e-02,1.872180820674270926e-02,3.901847653145833900e-02,0.000000000000000000e+00,1.370461472371690276e-02,1.237549638286006802e-02,6.615799142694290744e-03,1.292022334505918066e-02,1.682728387895630548e-02,2.233088265576595524e-02,1.406194534713134381e-02,5.172524386143927816e-02,3.919751596519939485e-02,1.523088075402312044e-02,3.680023219399958939e-02,8.793006902790018176e-02,3.947058558874184941e-02,5.234778769390751457e-02,4.582452885758685895e-02,7.844172502684661208e-03,3.128940862947250656e-02,1.156867923709550133e-02,8.058832919511611098e-03,1.163982251875852331e-02,5.336556983350232083e-03,8.076712042348355505e-03,6.117466809154576898e-03,5.025055824263638740e-03,1.118429428957391780e-02,8.089530149102408529e-03,7.379901773132880108e-03,5.647724622692636837e-03,1.066876497517991150e-02,2.546374078177670187e-03,1.807140108536776403e-03,8.028577154788604092e-03,1.347923942893006211e-02,1.871690273434200788e-02,4.722889253392007977e-03,2.623223521327472385e-02,2.605673800758643438e-02,3.159246380206388177e-02,6.690987031313743935e-03,4.466654816762467839e-02,2.108397575411939673e-02,3.312464851404248872e-02,1.972465740191851544e-02,3.835003285318202421e-02,1.304176794858863744e-02,1.380917570623923195e-02,1.093305903687638928e-02,6.259761925814800662e-03,1.379989027036775985e-02,1.684147193211681104e-02,2.262136193208898541e-02,1.414217638474197028e-02,4.957586615266441898e-02,4.084821309676921197e-02,1.037899198208940346e-02,3.653616420730838865e-02,9.864039894612078307e-02,3.626789327814646663e-02,5.242715553911481835e-02,4.123194098830448850e-02,6.873540182936503651e-03,3.051651672152089906e-02
1.374302489385927431e-02,2.597159698688067050e-02,1.977940837135774149e-02,5.749271334621113179e-03,3.131823739050518252e-02,3.797215412948463931e-02,4.822342538890714986e-02,9.207440004939672698e-03,5.927279742243891231e-02,3.113223346136253025e-02,3.919510224236687213e-02,2.907042372959890708e-02,6.241027317803991836e-02,1.370461472371690276e-02,0.000000000000000000e+00,1.890813532966603011e-02,1.036130552921384236e-02,2.076486454435615830e-02,2.652023109826374958e-02,3.757710219880027597e-02,2.237166392273280680e-02,7.924436104686928550e-02,6.332832980801325617e-02,2.439829661219311205e-02,5.649791195174658914e-02,1.356195279842032086e-01,6.335169806641299806e-02,8.428390183282027937e-02,7.041867036092432086e-02,1.359403124049841059e-02,4.853940954140530811e-02,1.794223208962466426e-02,1.208786789474383845e-02,1.896893195290908288e-02,8.963387601572525912e-03,1.459920321670787544e-02,9.269585284743539835e-03,7.538259705317801838e-03,1.698992039350286781e-02,1.223571020993174593e-02,1.257652971758507592e-02,9.222338373413473817e-03,1.634928136390392805e-02,4.179014098168161960e-03,3.023267671631938054e-03,1.277622399207921193e-02,2.134684163310970190e-02,2.953362612313433985e-02,7.990337773999371673e-03,3.890815268921467285e-02,4.070872542741626327e-02,4.928447673936903195e-02,1.120723357624203720e-02,6.656332975681006348e-02,3.302666245889743224e-02,5.144818818183446302e-02,3.280831587336304617e-02,6.133344681558049877e-02,2.099191500740294272e-02,2.209026655440591083e-02,1.717276239099067847e-02,1.019240034750146934e-02,2.109507469504078372e-02,2.671996274241248900e-02,3.711681283751824129e-02,2.297261734193628557e-02,7.603618191874413068e-02,6.760796927269671630e-02,1.689587892745367942e-02,5.610463940657541698e-02,1.536935551347881346e-01,5.936007093136733137e-02,8.303479423750598221e-02,6.380120463598956682e-02,1.178476865420196966e-02,4.801002068341160556e-02
1.231427728527116454e-02,2.408278303013685478e-02,1.804215631761450084e-02,5.095917431787948433e-03,2.879217105778356101e-02,3.451437119916783008e-02,4.485142882841527262e-02,8.010152071265938881e-03,5.481753697761482247e-02,2.874127689001085631e-02,3.618949479665297536e-02,2.658764207675889252e-02,5.752000569398530577e-02,1.237549638286006802e-02,1.890813532966603011e-02,0.000000000000000000e+00,9.485280410106667823e-03,1.921596954458133083e-02,2.419461557058468285e-02,3.454655334151411628e-02,2.038403488585773318e-02,7.303906545250264670e-02,5.653567474219353683e-02,2.186681379370058326e-02,5.223031901098271201e-02,1.234756025961153275e-01,5.746706601137806236e-02,7.608779118158005839e-02,6.508668296836360445e-02,1.195634522373581130e-02,4.424519169980958150e-02,1.576815178704443765e-02,1.079682431533314502e-02,1.694323207201820988e-02,7.926587730742628429e-03,1.324621003578736744e-02,8.710437264069784830e-03,6.816753965807631835e-03,1.495119573600453208e-02,1.106734813620175416e-02,1.102060081922145822e-02,8.289216415353186165e-03,1.529152541906489242e-02,3.937155792586639023e-03,2.452972288589387075e-03,1.136578007711728892e-02,1.940396756061665839e-02,2.739053902007047500e-02,7.244054109518284837e-03,3.620343720420114708e-02,3.696297608021565512e-02,4.566128137029101808e-02,9.994674701843985973e-03,6.181001615059587145e-02,3.067809331091348596e-02,4.720604052407555151e-02,2.929280376928060717e-02,5.562850623465828703e-02,1.937909912786013947e-02,1.949637492684775861e-02,1.568646144684126414e-02,9.220578546380121809e-03,1.908868349986727470e-02,2.448032216779955778e-02,3.354105614341373887e-02,2.065252481696895973e-02,6.913796606670005729e-02,6.003275862198418494e-02,1.504753147037398223e-02,5.147631693236734418e-02,1.388464231157204853e-01,5.325439312835229810e-02,7.531956932352841527e-02,5.904106348899384321e-02,1.036441472219496070e-02,4.337263737964404398e-02
6.720076962849765370e-03,1.289130683373504102e-02,9.342582896101505816e-03,2.705768206914331477e-03,1.586688624510609880e-02,1.834911945525088614e-02,2.480159187401198562e-02,4.291025190913915280e-03,2.938755250433421062e-02,1.613055266825208500e-02,1.969334928920018699e-02,1.466619270143207192e-02,3.100734674707106286e-02,6.615799142694290744e-03,1.036130552921384236e-02,9.485280410106667823e-03,0.000000000000000000e+00,1.039636410112372913e-02,1.283553778232936204e-02,1.815128320386523442e-02,1.122891691870470457e-02,3.958464294026167035e-02,2.983853485589318955e-02,1.201870461190237584e-02,2.885705127020385050e-02,6.825733153414341448e-02,3.086047624700666292e-02,4.117121602028558230e-02,3.489630753502623306e-02,5.974156295681694838e-03,2.440365149273933734e-02,8.960130659762718594e-03,6.229843329013506209e-03,9.374282076341652892e-03,4.341195388276164642e-03,6.957109655402211185e-03,4.856597344413350961e-03,3.859904283526224573e-03,8.640719622951207810e-03,6.327820859616091476e-03,5.988433918199034638e-03,4.505095913935538120e-03,8.399153273803579983e-03,2.120116690844933358e-03,1.408568302296530706e-03,6.280808401312502898e-03,1.047843921918743468e-02,1.423166171433891750e-02,3.904115613505142190e-03,2.025614727199686119e-02,2.015895767545349340e-02,2.534557978560431080e-02,5.287547007006001762e-03,3.391713241261217621e-02,1.674188908417183555e-02,2.592594087406446118e-02,1.552317411757754562e-02,3.054040286630754081e-02,1.046676613024932236e-02,1.050602158159249198e-02,8.499880360481850555e-03,5.031405783297376692e-03,1.065945271767036913e-02,1.306450923326229509e-02,1.773254143013252085e-02,1.132621325002011216e-02,3.786743694956570816e-02,3.187502714987509173e-02,8.407260045717511107e-03,2.794442215422212814e-02,7.610604353664804367e-02,2.868243110309582483e-02,4.146889153185498444e-02,3.171817602326668789e-02,5.442878069824498566e-03,2.356970531663633156e-02
1.326193141232204567e-02,2.603553967529317545e-02,1.929632825055832210e-02,5.244431992297742158e-03,3.124037930940213453e-02,3.719831572858900426e-02,4.894259306087466593e-02,8.665692394885751715e-03,5.979591751963894697e-02,3.191600393260821816e-02,3.943347786922023201e-02,2.893268454545711021e-02,6.161782364040127580e-02,1.292022334505918066e-02,2.076486454435615830e-02,1.921596954458133083e-02,1.039636410112372913e-02,0.000000000000000000e+00,2.618491397244038579e-02,3.644330252281594018e-02,2.220378870769694132e-02,8.041603821863185786e-02,6.113707513144553407e-02,2.369443703599693682e-02,5.756792849092369491e-02,1.370058748084741762e-01,6.196250256168442383e-02,8.201353500215947945e-02,7.112848649043454485e-02,1.247026335882998535e-02,4.851127144048547613e-02,1.780771195184716049e-02,1.216963271590282628e-02,1.817113248197988612e-02,8.423887792888827206e-03,1.344266717087024693e-02,9.629360300991499089e-03,7.530024133050237239e-03,1.697495012278184973e-02,1.241049623203138372e-02,1.157946966938211072e-02,8.775257758887869061e-03,1.657820714504942144e-02,4.146224656319261528e-03,2.745073642386126282e-03,1.251372050583065935e-02,2.099713814684920840e-02,2.931839516101462928e-02,7.569873726867584751e-03,4.016770125659515495e-02,4.037593492904664044e-02,4.984183348916294831e-02,1.066813524339630358e-02,6.849164723366199525e-02,3.312374163586292303e-02,5.178926702309497032e-02,3.059969645741995176e-02,6.021675069067314312e-02,2.088925038717016208e-02,2.112457426821838860e-02,1.687062258487943833e-02,9.967889210253755988e-03,2.110751505270846290e-02,2.650659066520635529e-02,3.573548103187444008e-02,2.233701771232233027e-02,7.623379312941278019e-02,6.481277335986476706e-02,1.617567384333909106e-02,5.657114161995119295e-02,1.527563472934743705e-01,5.730261892471594232e-02,8.242656397707831539e-02,6.423426739302343091e-02,1.104527037399041789e-02,4.739974640613683898e-02
1.703718774010198542e-02,3.318817129998517801e-02,2.527511613998155438e-02,6.998029590774598740e-03,3.973580831602140095e-02,4.779654896414354398e-02,6.137831166915939940e-02,1.098953326848628627e-02,7.610383642763929313e-02,3.922940984126596642e-02,4.978137172778669683e-02,3.653301588504640623e-02,7.824398354213910056e-02,1.682728387895630548e-02,2.652023109826374958e-02,2.419461557058468285e-02,1.283553778232936204e-02,2.618491397244038579e-02,0.000000000000000000e+00,4.754412296680196603e-02,2.764999448219730357e-02,1.021606301072035261e-01,7.861094695368710250e-02,2.986534762088803238e-02,7.184164152986748098e-02,1.707129441939042314e-01,7.944335391758312881e-02,1.041724049077874248e-01,9.053310843006484587e-02,1.722738286997029661e-02,6.116489368403572879e-02,2.166493552410782633e-02,1.495530768981891828e-02,2.293975693198696195e-02,1.075699833194121088e-02,1.758589389116622242e-02,1.176977025374088826e-02,9.418155140235568920e-03,2.034962796609180585e-02,1.526242999204331652e-02,1.511811926588085483e-02,1.133104953786156360e-02,2.069751079076205189e-02,5.239207574580673037e-03,3.487606444729913786e-03,1.564117508009721033e-02,2.690011066608004667e-02,3.807810228301193589e-02,9.844842368119112799e-03,5.023549803268459457e-02,5.186955198039770037e-02,6.276214388995431104e-02,1.338188139063894999e-02,8.647974688741819072e-02,4.192268769821711621e-02,6.545400015808812422e-02,4.011707827017139960e-02,7.738921583084604205e-02,2.666003893098510547e-02,2.712275103073999438e-02,2.145486429192105388e-02,1.289882392768575831e-02,2.650449946513576058e-02,3.403151021880675142e-02,4.671340723784382643e-02,2.821428199071392487e-02,9.681884933307564889e-02,8.293530375209247352e-02,2.099789994701543872e-02,7.122645422753501321e-02,1.918032082279173545e-01,7.431465388242577963e-02,1.045337026151254844e-01,8.282423841414009169e-02,1.471960732320495326e-02,5.999237472361960283e-02
2.369358377537803331e-02,4.629015148126506413e-02,3.513939582590742960e-02,9.215718148918569663e-03,5.459152850513200594e-02,6.543331044347909520e-02,8.600523354499384210e-02,1.538189092211058803e-02,1.070353215844751654e-01,5.592123315463050359e-02,6.993693770100242735e-02,5.207259861266622797e-02,1.084558112631948401e-01,2.233088265576595524e-02,3.757710219880027597e-02,3.454655334151411628e-02,1.815128320386523442e-02,3.644330252281594018e-02,4.754412296680196603e-02,0.000000000000000000e+00,3.887584183649881592e-02,1.421977010998233537e-01,1.101133536816945452e-01,4.199779685234663468e-02,1.010956779127113875e-01,2.436103705139514575e-01,1.101074976099283426e-01,1.447165093738669861e-01,1.258539270707549063e-01,2.255154508529432986e-02,8.588989613819821012e-02,3.159551333269455808e-02,2.129695180138315921e-02,3.206400136907691656e-02,1.481516442389960511e-02,2.359071097936285208e-02,1.686778095876034084e-02,1.340108460163604714e-02,2.988001379570763907e-02,2.185841666165570796e-02,2.040947863670367762e-02,1.541337110354346410e-02,2.897444054893359017e-02,7.133579988170855174e-03,4.784840619964096826e-03,2.185218907900148694e-02,3.757045837571192093e-02,5.285004353506592145e-02,1.326883438497323750e-02,7.116784665969534684e-02,7.149457143667588277e-02,8.750210333842832477e-02,1.886515172856222805e-02,1.217717398297991638e-01,5.864402291786828536e-02,9.174710349273547394e-02,5.548664566231721607e-02,1.067092480382834663e-01,3.626763157927376940e-02,3.783303515984787896e-02,2.959451234610494669e-02,1.769318952969473405e-02,3.742867310509522677e-02,4.691363159573760239e-02,6.333566263472081848e-02,3.906054628884624014e-02,1.363280951825162346e-01,1.152056888252616929e-01,2.849957359220445935e-02,1.006625019558471529e-01,2.716547519135059097e-01,1.019340855823983039e-01,1.447416915186130748e-01,1.142152946013708925e-01,1.946455823106551727e-02,8.410528087909227568e-02
1.483240098990156255e-02,2.759443868520770893e-02,2.056368900620434564e-02,5.834977657679807188e-03,3.326578211548310987e-02,3.942816770708194168e-02,5.213519871719346499e-02,9.295027267449535585e-03,6.228305827616283097e-02,3.388528175031861600e-02,4.191136918655159055e-02,3.159652164085635651e-02,6.664617899473991580e-02,1.406194534713134381e-02,2.237166392273280680e-02,2.038403488585773318e-02,1.122891691870470457e-02,2.220378870769694132e-02,2.764999448219730357e-02,3.887584183649881592e-02,0.000000000000000000e+00,8.353612507506902318e-02,6.509031324457675849e-02,2.608796393968412439e-02,6.089654336525601730e-02,1.453183392826536968e-01,6.572833030973980473e-02,8.814866973049931276e-02,7.402368976527477773e-02,1.346098988492393060e-02,5.194612474331217200e-02,1.863082212338811744e-02,1.284015398702526359e-02,1.989532933669677789e-02,9.365164946756687411e-03,1.480939250434796031e-02,9.985110460437481711e-03,7.962716100373520151e-03,1.778321055061444708e-02,1.304247488144788178e-02,1.279051515097572034e-02,9.790263864149368819e-03,1.764409103670777634e-02,4.487989940151366867e-03,2.987844235596260299e-03,1.359245231642675598e-02,2.230197216517093919e-02,3.113943618436309027e-02,8.500560273356088520e-03,4.255855322524942919e-02,4.226937748226217845e-02,5.274785977099332585e-02,1.154237737157657977e-02,7.052838841446805451e-02,3.531309887288434229e-02,5.497124694597942118e-02,3.459664249574082029e-02,6.415435994928438135e-02,2.250792310212259076e-02,2.317085024213243541e-02,1.827219572597921574e-02,1.055592070240805522e-02,2.235773421677645159e-02,2.781803147182485003e-02,3.835778633404792609e-02,2.447321661095893872e-02,7.985351806376604633e-02,6.945205164607939907e-02,1.795162792209204980e-02,5.903119425079448451e-02,1.629386345333775354e-01,6.128034968960505147e-02,8.731976403235243434e-02,6.658969910372575240e-02,1.195252085975827619e-02,5.046613657140928966e-02
