0.000000000000000000e+00,1.292176010934649108e-02,8.715766640935635953e-03,3.544198141514223223e-03,2.028804691294288851e-02,2.247673297436080658e-02,2.991653049249635987e-02,5.211425485000559243e-03,3.008470620825680342e-02,1.656555407789990497e-02,2.406848335017339538e-02,1.212242667043765716e-02,4.245327069727077712e-02,1.029649162680990743e-02,1.267340335577921487e-02,9.598740420111696869e-03,5.963262996776266985e-03,1.348067652205108859e-02,1.205970283086347204e-02,2.078676860608062726e-02,1.227839675431635635e-02,3.903447159618086970e-02,3.347702071733908019e-02,1.325234082352544883e-02,3.186366214028864274e-02,6.678154738280744906e-02,3.543212919803553906e-02,5.402273197579700315e-02,3.413103850572674763e-02,9.135830343017448812e-03,2.651232344346684741e-02,9.023675234594555686e-03,4.722128701317495313e-03,1.072065412004508111e-02,5.956024259729807840e-03,1.065494929252569327e-02,3.964534207217828427e-03,3.609878276865301910e-03,9.717452752329739860e-03,7.017841669983966232e-03,9.454593160426051635e-03,6.759421272114608456e-03,8.307623367005448692e-03,2.653932775866704990e-03,2.389645638026361915e-03,6.782884581121676262e-03,1.028669470060568011e-02,1.604296127827149754e-02,5.477609111882151584e-03,1.902772122926302267e-02,2.613915347302298367e-02,3.199328588921964561e-02,8.471359206100455633e-03,3.371589089435698267e-02,1.946327999137437842e-02,2.850120999273709002e-02,1.704618321911091292e-02,4.107365627562729882e-02,1.177670596412616968e-02,1.415481308881332521e-02,9.328864712028393791e-03,6.061134091362535732e-03,1.244533115376040243e-02,1.348477636010061466e-02,2.438884109124684826e-02,1.390838533869932434e-02,4.243440264104098719e-02,4.049518849007093663e-02,1.148344161762053679e-02,3.253497072606327534e-02,9.248943395038984605e-02,4.181587378672470268e-02,5.445606892336249394e-02,3.458782761992187926e-02,9.735942586388253092e-03,2.880794369094079321e-02
1.292176010934649108e-02,0.000000000000000000e+00,2.026442957017742311e-02,8.060424660202883743e-03,4.588295450216620802e-02,5.192568085475882805e-02,6.658739226015941703e-02,1.122108615559532473e-02,6.933078216177825104e-02,3.716817198364158470e-02,5.425099671683931979e-02,2.691837274315317038e-02,9.498060070039728020e-02,2.438597747228956475e-02,2.803399392902855905e-02,2.216590213574663390e-02,1.300510021574629096e-02,3.007982280252306101e-02,2.712301458946246580e-02,4.831720099452558453e-02,2.809504340590043836e-02,8.900750933401754827e-02,7.506547881310166037e-02,2.915508430240475526e-02,7.178542039874187541e-02,1.473785344543087350e-01,8.251071164757448062e-02,1.226759727656912963e-01,7.940801993683876958e-02,2.208245676136551608e-02,6.235978715896113578e-02,1.939935276133563855e-02,9.870856470579881387e-03,2.457816315805843449e-02,1.293543001741822955e-02,2.462120608577345396e-02,8.817007411017655644e-03,8.060988915856017595e-03,2.043922659873178421e-02,1.526674081044973597e-02,2.105519711278052222e-02,1.492318219166875563e-02,1.861937941103696328e-02,5.835610806981705173e-03,5.238601781119654049e-03,1.415348360013568042e-02,2.359326835868540140e-02,3.766098789041626149e-02,1.200987199114782189e-02,4.163538444578793879e-02,5.986305671366184966e-02,7.227532572350675588e-02,1.841705898879365116e-02,7.513489496970911230e-02,4.319453347145992689e-02,6.302677644361397158e-02,3.727901661075772727e-02,9.308025946701790898e-02,2.778913647335784151e-02,3.096768842772643429e-02,2.076298670478854760e-02,1.359924417410560658e-02,2.728859699554889162e-02,3.076448732931621327e-02,5.765472594066162887e-02,3.117328574763239199e-02,9.819250567710155475e-02,9.099256246171545659e-02,2.542535036596828626e-02,7.219777210696529113e-02,2.021191075975463380e-01,9.674043833199068299e-02,1.231560930877396570e-01,7.909814173714418972e-02,2.341100266469102464e-02,6.614414093645151760e-02
8.715766640935635953e-03,2.026442957017742311e-02,0.000000000000000000e+00,5.275129397050645763e-03,3.065967045158168869e-02,3.496213315271028826e-02,4.420526838867937236e-02,7.505068469366043583e-03,4.645014024620979648e-02,2.437752527468055666e-02,3.643027308627071192e-02,1.792350612728565301e-02,6.314430059218148483e-02,1.614596531537901627e-02,1.890110549959039127e-02,1.473232945043482026e-02,8.591611008070628233e-03,1.972047774097369574e-02,1.881532153521296366e-02,3.279185608991063566e-02,1.806087010587110672e-02,6.005880133687215017e-02,5.077599965107498781e-02,1.916532560306771771e-02,4.771786850185889828e-02,9.858180520281918657e-02,5.552071507912497567e-02,8.216621889768083165e-02,5.366935457835037004e-02,1.482134056447673327e-02,4.128457671886105046e-02,1.289035269245873520e-02,6.758590285826599452e-03,1.664957814654907664e-02,8.899340779161497850e-03,1.621597477794839079e-02,5.851604763136910269e-03,5.595136462226940437e-03,1.337301091685506003e-02,1.008088282898529989e-02,1.442133611846004894e-02,9.868113333495633424e-03,1.297132588431600987e-02,3.834929886245790238e-03,3.617393490629729983e-03,9.467336742526769044e-03,1.587249827749670494e-02,2.505668751112785989e-02,8.206157099646237824e-03,2.766436704231904631e-02,4.009898391093963399e-02,4.803324206919553502e-02,1.228623574606122967e-02,5.025166986314760775e-02,2.877496670547080929e-02,4.203647149477643397e-02,2.490732859970902144e-02,6.190827245069317752e-02,1.858512491517658530e-02,2.107838130648069519e-02,1.370398533841084635e-02,9.023828849221402632e-03,1.836830229765622560e-02,2.112414025109726756e-02,3.894812281718797176e-02,2.039507263969462733e-02,6.607802753348372693e-02,6.106779098790508786e-02,1.684918192317402807e-02,4.792883632867013521e-02,1.350575912100885900e-01,6.517919016752611594e-02,8.277673957911126090e-02,5.341195121092606746e-02,1.591275930387358456e-02,4.430957121572903085e-02
3.544198141514223223e-03,8.060424660202883743e-03,5.275129397050645763e-03,0.000000000000000000e+00,1.248105620833533588e-02,1.387673401750653956e-02,1.813288413212954184e-02,3.163340175126010644e-03,1.879129494954131369e-02,9.673550211818284644e-03,1.476257242664913427e-02,7.037939435111127684e-03,2.581125848897003819e-02,6.401091371008214848e-03,7.788242189072316739e-03,5.882064735990974111e-03,3.506923444292369720e-03,8.213802560457101817e-03,7.380975392635063040e-03,1.254722753224424454e-02,7.334349603730515657e-03,2.406758019399403425e-02,2.044028985601131429e-02,7.929614767108855364e-03,1.950109968980999128e-02,4.020931264879081674e-02,2.155181094436668318e-02,3.319469391681909021e-02,2.114431146648787854e-02,5.825931665104023410e-03,1.660824585217796079e-02,5.485595164968145275e-03,2.802860044582871149e-03,6.705709275250864437e-03,3.523030827045317559e-03,6.145739682582250160e-03,2.245125362606953737e-03,2.272869746581617119e-03,5.857632623653002274e-03,4.284371316645935526e-03,5.681015935359329250e-03,3.967620813245734471e-03,4.863445614915151011e-03,1.536177367769874565e-03,1.474306050870707483e-03,3.880088335252118020e-03,6.235258939165349255e-03,9.960339145315962733e-03,3.162219522044804922e-03,1.151002390800162818e-02,1.632828005561750770e-02,1.976997836794186503e-02,5.162304617139134438e-03,2.073503594743811990e-02,1.151166480527854828e-02,1.749874030575650913e-02,9.976011282756644394e-03,2.547176643584683417e-02,7.334439685446007134e-03,8.461648949626901853e-03,5.632989088161443128e-03,3.610185453448546203e-03,7.529759863372552722e-03,8.395456831966156483e-03,1.528253445981935313e-02,8.351920212937118115e-03,2.667707222089738331e-02,2.488473111733023949e-02,7.010006390986174910e-03,1.979066413604497338e-02,5.604000671797590427e-02,2.607223669092088858e-02,3.341469865568606062e-02,2.122790487196188000e-02,6.292626638281631490e-03,1.790431167770902693e-02
2.028804691294288851e-02,4.588295450216620802e-02,3.065967045158168869e-02,1.248105620833533588e-02,0.000000000000000000e+00,7.937229926990990725e-02,1.024793052684979527e-01,1.705209876697916932e-02,1.058848673210644603e-01,5.747284938098508322e-02,8.426680542355809156e-02,4.178812966141579738e-02,1.463171034095883394e-01,3.733016201863507966e-02,4.171076925854352857e-02,3.368847131352542545e-02,2.037675740472282004e-02,4.613965509537167053e-02,4.211414006301571894e-02,7.356759230063962540e-02,4.206397423004285679e-02,1.346829876325627562e-01,1.133597912311228445e-01,4.448696468921878311e-02,1.100218429413038906e-01,2.235979670597917079e-01,1.251895260645371766e-01,1.887136961196831386e-01,1.221128399558346345e-01,3.401903294627096896e-02,9.389741730077674764e-02,3.018064629127514137e-02,1.579080777947033248e-02,3.748793921157740627e-02,2.029006574332324966e-02,3.782465783274276822e-02,1.362438220265859042e-02,1.243612544449685178e-02,3.198634556480915020e-02,2.365524492535256082e-02,3.248219744377695006e-02,2.277680285278084124e-02,2.935443944315593856e-02,9.188452715986936137e-03,8.135118625955142097e-03,2.188988085858206353e-02,3.609464000463465105e-02,5.650879646585055954e-02,1.888370661170082204e-02,6.497341814000401339e-02,9.130255066909043205e-02,1.110298696609203356e-01,2.777203149149708519e-02,1.150415390246700281e-01,6.767245647004906106e-02,9.803959070315727831e-02,5.789390695411348459e-02,1.424400784987872592e-01,4.285241027085554683e-02,4.668725271640295632e-02,3.196582562677299788e-02,2.111009826106943071e-02,4.232639286473759144e-02,4.758083352828101908e-02,8.683167074064336577e-02,4.718029594778862246e-02,1.483317478191157612e-01,1.375142738411792853e-01,3.880214685214471160e-02,1.110879870106439987e-01,3.069906069599692144e-01,1.470737375088947418e-01,1.892484994884667815e-01,1.205945019892356723e-01,3.618630390059683621e-02,1.011254316045691604e-01
2.247673297436080658e-02,5.192568085475882805e-02,3.496213315271028826e-02,1.387673401750653956e-02,7.937229926990990725e-02,0.000000000000000000e+00,1.151779443311577861e-01,1.906668329563991626e-02,1.198693705810183058e-01,6.324925670753603346e-02,9.333844353788152415e-02,4.623943218655562903e-02,1.633930061549627166e-01,4.209547469902804456e-02,4.768872691119052654e-02,3.802064710746273779e-02,2.234536678019727329e-02,5.191430831014176572e-02,4.794535162111193682e-02,8.358598973067853100e-02,4.732542705364827657e-02,1.545455453037099525e-01,1.307394972690015811e-01,5.004973586942943614e-02,1.242501523323699120e-01,2.544941341846156946e-01,1.418633384379960061e-01,2.129625376816157989e-01,1.380689490850046663e-01,3.824394597003812762e-02,1.065311947968502621e-01,3.410131153009632321e-02,1.789253958667235897e-02,4.245744460480314897e-02,2.268539676511687961e-02,4.211264655618220804e-02,1.526858560042729934e-02,1.412677942831203071e-02,3.553101612543619475e-02,2.656500503498995802e-02,3.648793776316825582e-02,2.507880218423325092e-02,3.304729489205667642e-02,1.013112556170662516e-02,9.319340409600581493e-03,2.463344801293925607e-02,4.088859041725739774e-02,6.409902386209323510e-02,2.090016897733120924e-02,7.235616736065404730e-02,1.035564122480090860e-01,1.244144602368758012e-01,3.125278723617978816e-02,1.312280363343327760e-01,7.378459503053354240e-02,1.088601780483891418e-01,6.337503179233400230e-02,1.603534876965705402e-01,4.807721071221538606e-02,5.290138887777811466e-02,3.591927410818532979e-02,2.345401549441292893e-02,4.745093478966444511e-02,5.349949709725619618e-02,9.907459888984082585e-02,5.283628243341141617e-02,1.697554171891028918e-01,1.576822276407485457e-01,4.378222575174668674e-02,1.251446613405121921e-01,3.478572502893195750e-01,1.668413838781497849e-01,2.130861165195288009e-01,1.368059141308906601e-01,4.099005199956706758e-02,1.135644105434958778e-01
2.991653049249635987e-02,6.658739226015941703e-02,4.420526838867937236e-02,1.813288413212954184e-02,1.024793052684979527e-01,1.151779443311577861e-01,0.000000000000000000e+00,2.486691297505724818e-02,1.545878390879948661e-01,8.355570060919548236e-02,1.220020996209640329e-01,6.070277924730690944e-02,2.136115544360898955e-01,5.393363134090916472e-02,6.011207979944158120e-02,4.903642779273471863e-02,2.991831251420238799e-02,6.755952459429576118e-02,6.100686417182783761e-02,1.059220372248379921e-01,6.127159515367367609e-02,1.941468942917780882e-01,1.641316391347474590e-01,6.515085384967589377e-02,1.604905687011422000e-01,3.271110621238671468e-01,1.812104153787053307e-01,2.743936298937937335e-01,1.762792903017135204e-01,4.887164061809099597e-02,1.352669870203238034e-01,4.397466975038930720e-02,2.310511199172465141e-02,5.444298592279852439e-02,2.946399899730409166e-02,5.491217720607018821e-02,1.991799593025405518e-02,1.791858809231437061e-02,4.712222389103506992e-02,3.446543525895390953e-02,4.725677818689704573e-02,3.358470836305160745e-02,4.248422106475448212e-02,1.359427715586323734e-02,1.179197209920682977e-02,3.238157104418214888e-02,5.255985564051046666e-02,8.190830402690406353e-02,2.739643903494150962e-02,9.481701386221294547e-02,1.327887381648376330e-01,1.620314281021817404e-01,4.083553297855990055e-02,1.676484499187983479e-01,9.837790735004807441e-02,1.425195122593819197e-01,8.460891501994616259e-02,2.076801986477745388e-01,6.197055775430351104e-02,6.774547867037275517e-02,4.674544490290702403e-02,3.063448568829712365e-02,6.159120523826341204e-02,6.888637285889796791e-02,1.248906928605658245e-01,6.903451686608218230e-02,2.143390648484060634e-01,2.000375521316671290e-01,5.646164283700915582e-02,1.621630373681220982e-01,4.485737965022634222e-01,2.131130121435229341e-01,2.743676071586282905e-01,1.749172844136103744e-01,5.164718655981306861e-02,1.466521500912899567e-01
5.211425485000559243e-03,1.122108615559532473e-02,7.505068469366043583e-03,3.163340175126010644e-03,1.705209876697916932e-02,1.906668329563991626e-02,2.486691297505724818e-02,0.000000000000000000e+00,2.554481193145464665e-02,1.400988324763620049e-02,2.016056304533384025e-02,1.052574556732579006e-02,3.520032215715388629e-02,8.785091746241946789e-03,1.076958398463653821e-02,8.199629518255842700e-03,4.995555962074413672e-03,1.144673218354119726e-02,1.023981364502041420e-02,1.809281993887977558e-02,1.052666745284983746e-02,3.366312804263974640e-02,2.851956504081838359e-02,1.110421371441621535e-02,2.680831778828667022e-02,5.656803725969668933e-02,3.035960306479169174e-02,4.570565163454833740e-02,2.944961644293400335e-02,7.835095338364116493e-03,2.289836839324218068e-02,7.501907236823686896e-03,4.099537297266162526e-03,9.420721172631771681e-03,5.015334088518257592e-03,8.949654965376453719e-03,3.385505164971189945e-03,3.049736432744800871e-03,7.984011308889669978e-03,5.838435000870719621e-03,8.009128502540343447e-03,5.595729840018351560e-03,6.982138094228857068e-03,2.291925740650009851e-03,1.971649822838440411e-03,5.553085059495966452e-03,9.035664878094056343e-03,1.371734147574807036e-02,4.684878707485526719e-03,1.587740696357056031e-02,2.211725828974017011e-02,2.683422537895614746e-02,6.851495229221804713e-03,2.824301512742013673e-02,1.626262902565992277e-02,2.408522979804024466e-02,1.456151181686994069e-02,3.461144394408401104e-02,1.011055043928295316e-02,1.177132123425862070e-02,7.834442128029276906e-03,5.135583830057492347e-03,1.039192634740615691e-02,1.180577168859669145e-02,2.090229797618261415e-02,1.198644995847346351e-02,3.628875529751938306e-02,3.462604764254801487e-02,9.596350925672030366e-03,2.701578265969629272e-02,7.704276090795249277e-02,3.532919218522834887e-02,4.598504603805066149e-02,2.921243850449530347e-02,8.226396704002202423e-03,2.454077587406908872e-02
3.008470620825680342e-02,6.933078216177825104e-02,4.645014024620979648e-02,1.879129494954131369e-02,1.058848673210644603e-01,1.198693705810183058e-01,1.545878390879948661e-01,2.554481193145464665e-02,0.000000000000000000e+00,8.557169333086811491e-02,1.254239555086474611e-01,6.222677736096693391e-02,2.184659238651334434e-01,5.675543327475367911e-02,6.374567317142884604e-02,5.133085881384805843e-02,3.018811151359936801e-02,6.973919883552807952e-02,6.368170978537035509e-02,1.118380847833690128e-01,6.342707737024746995e-02,2.057328730713274545e-01,1.736349176892004464e-01,6.651727728232798009e-02,1.663680792023277955e-01,3.399379830442772477e-01,1.902060441275657543e-01,2.844938438031429095e-01,1.846442652657220851e-01,5.110882847052440614e-02,1.421479424402966318e-01,4.519330091252447834e-02,2.418683569428089000e-02,5.656150899860489661e-02,3.024277793196261666e-02,5.700585289428389962e-02,2.053506144698679509e-02,1.905652407731208905e-02,4.759772336569886159e-02,3.553335392570315665e-02,4.842177382942802755e-02,3.371468961474138187e-02,4.412979062417582421e-02,1.355898813874969848e-02,1.238000529481328264e-02,3.274378960554440166e-02,5.470003035074013503e-02,8.573632983037926536e-02,2.790708551794895617e-02,9.670215272231397208e-02,1.375705624284618012e-01,1.666757644676691297e-01,4.165288539066253765e-02,1.747057159097384904e-01,9.975057263348650893e-02,1.460396080251967488e-01,8.592707750259949429e-02,2.147916926938952809e-01,6.454756100151737286e-02,7.028855247035445397e-02,4.831005384149110460e-02,3.142522818906898913e-02,6.379896391603490091e-02,7.183642967444055227e-02,1.329916902889405061e-01,7.080103912340433847e-02,2.267055853250255770e-01,2.100982554427493765e-01,5.800905547301273002e-02,1.673278554363876458e-01,4.635031693121098306e-01,2.229780133064421799e-01,2.864091322477657631e-01,1.827636227381201628e-01,5.493263571426561936e-02,1.511363052967433507e-01
1.656555407789990497e-02,3.716817198364158470e-02,2.437752527468055666e-02,9.673550211818284644e-03,5.747284938098508322e-02,6.324925670753603346e-02,8.355570060919548236e-02,1.400988324763620049e-02,8.557169333086811491e-02,0.000000000000000000e+00,6.862634938490685954e-02,3.317977321203062491e-02,1.184776256882026924e-01,2.996732181368060716e-02,3.456135909221579039e-02,2.736147199471229696e-02,1.616433314813853911e-02,3.753938648663398409e-02,3.378200589788910024e-02,5.893320466874822638e-02,3.476501149519546641e-02,1.093102616703559987e-01,9.234004589875192959e-02,3.593814790150023225e-02,8.925807745420501205e-02,1.833871844468623891e-01,1.001090580793938256e-01,1.528159143910437501e-01,9.767552231572955435e-02,2.710752254581941939e-02,7.574573437818579724e-02,2.423928084301591596e-02,1.279964285944536553e-02,3.004873633623976470e-02,1.607053350503367950e-02,3.047537763117228599e-02,1.098314339316473071e-02,1.005899586728704539e-02,2.584638709116460903e-02,1.908840509929139381e-02,2.597268705358636229e-02,1.813292929724611216e-02,2.349112438773861763e-02,7.330172704640664644e-03,6.541248976638473593e-03,1.799981486170889114e-02,2.924163320215641959e-02,4.561909641938621113e-02,1.507778632199609573e-02,5.306792594671368851e-02,7.328776531520082849e-02,9.020228831836099581e-02,2.287788569522592602e-02,9.340984734407975498e-02,5.418675201761537913e-02,7.929694763966775584e-02,4.627368911237027260e-02,1.155940115300347903e-01,3.448124992502669267e-02,3.804997114128411823e-02,2.598595414538812376e-02,1.669277664122954807e-02,3.434296203967941025e-02,3.823944117369167117e-02,6.959160367513485268e-02,3.862668714842407841e-02,1.207041151434159465e-01,1.119407854010010112e-01,3.129279826305136208e-02,9.075086627789898108e-02,2.515896447630905919e-01,1.183491366602820727e-01,1.533756140785264566e-01,9.745261448487903266e-02,2.906865628946543254e-02,8.133266961448987198e-02
2.406848335017339538e-02,5.425099671683931979e-02,3.643027308627071192e-02,1.476257242664913427e-02,8.426680542355809156e-02,9.333844353788152415e-02,1.220020996209640329e-01,2.016056304533384025e-02,1.254239555086474611e-01,6.862634938490685954e-02,0.000000000000000000e+00,4.999642568391655939e-02,1.723439239775099718e-01,4.454875121259753434e-02,4.940136566416999941e-02,3.990868538691577649e-02,2.416909836137956166e-02,5.469320093465542681e-02,5.016499842813871429e-02,8.733543727417772407e-02,5.051418769740722431e-02,1.597861393361250937e-01,1.349317615194011444e-01,5.229294889958265719e-02,1.298545407095511028e-01,2.664770288140984600e-01,1.488959847970933170e-01,2.241235001004721339e-01,1.447012617911464794e-01,4.046638897108788963e-02,1.110515590190259139e-01,3.572729728633542573e-02,1.894223151373435401e-02,4.395932180936333589e-02,2.380431257130410233e-02,4.512992098954218823e-02,1.620315211488916260e-02,1.463297607292201805e-02,3.749876434106431955e-02,2.765521397384282029e-02,3.847989844007573823e-02,2.691577722439565321e-02,3.510958389026952453e-02,1.093023770320187583e-02,9.633377943730866283e-03,2.620139855755019079e-02,4.337293816348224140e-02,6.679556459316182693e-02,2.234527022112569802e-02,7.743981426449808581e-02,1.075225541804673834e-01,1.312044701310057238e-01,3.273743687684003978e-02,1.362661550775672581e-01,8.052719760113820346e-02,1.163013448317504750e-01,6.922904961105871835e-02,1.691819877332485789e-01,5.099216629207641016e-02,5.550980811029095074e-02,3.820824727017842204e-02,2.500989566393780825e-02,5.017319467554590129e-02,5.633110670335766956e-02,1.026001158923569301e-01,5.682960076174944225e-02,1.761017318198566939e-01,1.637048986128044892e-01,4.560452389299696901e-02,1.314409068773554068e-01,3.630309691299883901e-01,1.743082154772008230e-01,2.256254392778619944e-01,1.430104327318717505e-01,4.270276169881501160e-02,1.193381696764073269e-01
1.212242667043765716e-02,2.691837274315317038e-02,1.792350612728565301e-02,7.037939435111127684e-03,4.178812966141579738e-02,4.623943218655562903e-02,6.070277924730690944e-02,1.052574556732579006e-02,6.222677736096693391e-02,3.317977321203062491e-02,4.999642568391655939e-02,0.000000000000000000e+00,8.659372983789165312e-02,2.181290023958349852e-02,2.584099045768086661e-02,1.985603850182436972e-02,1.187757368806265611e-02,2.738096486428532109e-02,2.477378039042936117e-02,4.300526953526172952e-02,2.575452873953659738e-02,7.977949139493084596e-02,6.835319276879774086e-02,2.632698361154493794e-02,6.443306026182048230e-02,1.342402282283539083e-01,7.270949699844801717e-02,1.117486202413933705e-01,7.173161492211103940e-02,1.988987341193942243e-02,5.544611982808127920e-02,1.804780266201756744e-02,9.444587562349025800e-03,2.204485084317399021e-02,1.186106276542914922e-02,2.188211612596187641e-02,7.856568850031766735e-03,7.294703879856484149e-03,1.907137844747702760e-02,1.417802767325029509e-02,1.913317524570559355e-02,1.322680003642781772e-02,1.708566409963436367e-02,5.386356890996264746e-03,4.784689909749914247e-03,1.333066341680155982e-02,2.138383610652611067e-02,3.301452818895952990e-02,1.098865356056403543e-02,3.860980133172473017e-02,5.333299340838142805e-02,6.604217716489990675e-02,1.689079663795557684e-02,6.846242060865842527e-02,3.963344208317679668e-02,5.832123461978407086e-02,3.413105580730684679e-02,8.460005961211322645e-02,2.507599971759064822e-02,2.811432196892006338e-02,1.879085263520339361e-02,1.230015672119464873e-02,2.504983206051492745e-02,2.801111836772805092e-02,5.024425513079164296e-02,2.872780368657118499e-02,8.785032578961046723e-02,8.253827246167368126e-02,2.311935917742548655e-02,6.563242148571835077e-02,1.843286219519748026e-01,8.565453178073187401e-02,1.120252593121771750e-01,7.015402826379871226e-02,2.113264075067792028e-02,5.985501810724670746e-02
4.245327069727077712e-02,9.498060070039728020e-02,6.314430059218148483e-02,2.581125848897003819e-02,1.463171034095883394e-01,1.633930061549627166e-01,2.136115544360898955e-01,3.520032215715388629e-02,2.184659238651334434e-01,1.184776256882026924e-01,1.723439239775099718e-01,8.659372983789165312e-02,0.000000000000000000e+00,7.692971750319645141e-02,8.629274383060603348e-02,7.014699690980583102e-02,4.218061431056375349e-02,9.594824765667724076e-02,8.645380303935443211e-02,1.514637186357853937e-01,8.763308444611815629e-02,2.785419527552263630e-01,2.343991268278222961e-01,9.289685145102030694e-02,2.290501092368813219e-01,4.661644494129036920e-01,2.588324142727343458e-01,3.902831230553567288e-01,2.510676302179840613e-01,6.958360108238224873e-02,1.929626536537041026e-01,6.215318577878881090e-02,3.270398808874489666e-02,7.710635927062117756e-02,4.191283835755553466e-02,7.819960736416556313e-02,2.825313943563711322e-02,2.542752827052999903e-02,6.666256540250792284e-02,4.894061357654805322e-02,6.717762760863962845e-02,4.772638317954739501e-02,6.090953561523966553e-02,1.940368927666401289e-02,1.670725558280985318e-02,4.617118007156677251e-02,7.474103510162052877e-02,1.173116698810185016e-01,3.910064906820243102e-02,1.345918534920257925e-01,1.883288738659741057e-01,2.305107450369246469e-01,5.812260030863480170e-02,2.382839393915435200e-01,1.395958955373269861e-01,2.018559005551412155e-01,1.198577877571848360e-01,2.948508187325357133e-01,8.785924201149560020e-02,9.758337659306857981e-02,6.639573000477033693e-02,4.347494254821538534e-02,8.748938946842017839e-02,9.795916573910247449e-02,1.783135163218158015e-01,9.833559803851830983e-02,3.067272950974780921e-01,2.861016694749622391e-01,8.061785944847348062e-02,2.310544353949057772e-01,6.406272042010521250e-01,3.040161212248699840e-01,3.906519529768792132e-01,2.480124638897159284e-01,7.345091641893791712e-02,2.087175933049522647e-01
1.029649162680990743e-02,2.438597747228956475e-02,1.614596531537901627e-02,6.401091371008214848e-03,3.733016201863507966e-02,4.209547469902804456e-02,5.393363134090916472e-02,8.785091746241946789e-03,5.675543327475367911e-02,2.996732181368060716e-02,4.454875121259753434e-02,2.181290023958349852e-02,7.692971750319645141e-02,0.000000000000000000e+00,2.231087229232167277e-02,1.792119176613497095e-02,1.047535621520644458e-02,2.410863460267311312e-02,2.238440431673450678e-02,3.884428437263153649e-02,2.225027812952936473e-02,7.143888861888160469e-02,5.970832316659904770e-02,2.352918452706505639e-02,5.811881618057830601e-02,1.173478394819588849e-01,6.617798341107883342e-02,9.972634876789920888e-02,6.474475394160399133e-02,1.837599479834469904e-02,4.972248065167186870e-02,1.556714952466399515e-02,8.027078278295069272e-03,1.935757686277801704e-02,1.047000075160934435e-02,1.947948992671329552e-02,7.017232855671002786e-03,6.589419472970426718e-03,1.656023184842463081e-02,1.214672268748746668e-02,1.679728166073846118e-02,1.197648084565194372e-02,1.551065381338366522e-02,4.805067491810130487e-03,4.335750387860976170e-03,1.110388536816194621e-02,1.894470677063827060e-02,3.014362223374366170e-02,9.817703726319472121e-03,3.405183484251349951e-02,4.851425301189260519e-02,5.879512143967622478e-02,1.459797488888573552e-02,6.131169887912921862e-02,3.553649887928333334e-02,5.151645506392219659e-02,3.033155917490951842e-02,7.561077919230248245e-02,2.264299494453752767e-02,2.441542755323022201e-02,1.679945080609843849e-02,1.098059855674112829e-02,2.242694582538229744e-02,2.480205901818227643e-02,4.628145847467096674e-02,2.450462904691093693e-02,7.887658739342856551e-02,7.234051514571729347e-02,2.054891651674978226e-02,5.904040307344169541e-02,1.613685484425519123e-01,7.872802881723388324e-02,9.997726877867746387e-02,6.370808110871917229e-02,1.949552147213929471e-02,5.350492583460837726e-02
1.267340335577921487e-02,2.803399392902855905e-02,1.890110549959039127e-02,7.788242189072316739e-03,4.171076925854352857e-02,4.768872691119052654e-02,6.011207979944158120e-02,1.076958398463653821e-02,6.374567317142884604e-02,3.456135909221579039e-02,4.940136566416999941e-02,2.584099045768086661e-02,8.629274383060603348e-02,2.231087229232167277e-02,0.000000000000000000e+00,2.020345819632827361e-02,1.230590332122731383e-02,2.766651080378200456e-02,2.541642199755625789e-02,4.565246276345399229e-02,2.627770986180233068e-02,8.318494973067511178e-02,7.094577299153884131e-02,2.750870589172464339e-02,6.566386873149025749e-02,1.383321016310355422e-01,7.667481686808828856e-02,1.133827895752948511e-01,7.397864753727192988e-02,2.004682876058691207e-02,5.727199184181833158e-02,1.843762523429809397e-02,1.012554425502927742e-02,2.314718773731442789e-02,1.222934284280523601e-02,2.282751718754714998e-02,8.282010244897860043e-03,7.436967001544518042e-03,1.919858052103977017e-02,1.411694753472403537e-02,1.979181169181738059e-02,1.368879445735831681e-02,1.753421710367057337e-02,5.551702890838780720e-03,4.882221143116682524e-03,1.383313226081527014e-02,2.268745391055517965e-02,3.418852414097313386e-02,1.156956824578720885e-02,3.855073790767043346e-02,5.448198222087902859e-02,6.538332475369613983e-02,1.708151855039080277e-02,6.940071757529509000e-02,3.958676579455509131e-02,5.805180461298748568e-02,3.567550208729275418e-02,8.492439132384087264e-02,2.549308279267457900e-02,2.875819247372281978e-02,1.954165798224413372e-02,1.251350609862165487e-02,2.523572955865044029e-02,2.886519838582294467e-02,5.218441369721606160e-02,2.986890349056088231e-02,8.987148308740341984e-02,8.575105301771995814e-02,2.391172440000477462e-02,6.593362559014151469e-02,1.872884244070847082e-01,8.791253450371085132e-02,1.126956527805417774e-01,7.263572049125797958e-02,2.081264414742063640e-02,6.063654634484697686e-02
9.598740420111696869e-03,2.216590213574663390e-02,1.473232945043482026e-02,5.882064735990974111e-03,3.368847131352542545e-02,3.802064710746273779e-02,4.903642779273471863e-02,8.199629518255842700e-03,5.133085881384805843e-02,2.736147199471229696e-02,3.990868538691577649e-02,1.985603850182436972e-02,7.014699690980583102e-02,1.792119176613497095e-02,2.020345819632827361e-02,0.000000000000000000e+00,9.691180946898917542e-03,2.220471795461336981e-02,2.002834448208832760e-02,3.534803882287725768e-02,2.041491284314420410e-02,6.451712714071186627e-02,5.494260986792837143e-02,2.145203501449017766e-02,5.287825706365657102e-02,1.082250449700182943e-01,6.011711653477320311e-02,9.064968340427721760e-02,5.811308911169647817e-02,1.619282751252980324e-02,4.500841261151480172e-02,1.426397895060063301e-02,7.567743559068354151e-03,1.777188010343920890e-02,9.501026357740279329e-03,1.823745751598792458e-02,6.523910622956599452e-03,5.931158635181501756e-03,1.514161290886520232e-02,1.129782321550294212e-02,1.550631116926429361e-02,1.096036653963192511e-02,1.398479660526372875e-02,4.403489497726144168e-03,3.906023767919477360e-03,1.044732854244395312e-02,1.743211847604613299e-02,2.706321789595039079e-02,8.913313038153168957e-03,3.070601859804759567e-02,4.376125594424461196e-02,5.323019016341868498e-02,1.340048496256082342e-02,5.533914320079952320e-02,3.203626498464174494e-02,4.635928515077807066e-02,2.755190438001877892e-02,6.876155639831300903e-02,2.058454486364214367e-02,2.240465197107566545e-02,1.544917443299444887e-02,9.858599052240686611e-03,2.022130120050722596e-02,2.262413816498564517e-02,4.147553987807883064e-02,2.261268458194672440e-02,7.147479729042545415e-02,6.629194171689091475e-02,1.859833654137180853e-02,5.323772795773400873e-02,1.479392469998947468e-01,7.024705251686452767e-02,9.042796194219938910e-02,5.757814354155493808e-02,1.719352717763305421e-02,4.842186716159133097e-02
5.963262996776266985e-03,1.300510021574629096e-02,8.591611008070628233e-03,3.506923444292369720e-03,2.037675740472282004e-02,2.234536678019727329e-02,2.991831251420238799e-02,4.995555962074413672e-03,3.018811151359936801e-02,1.616433314813853911e-02,2.416909836137956166e-02,1.187757368806265611e-02,4.218061431056375349e-02,1.047535621520644458e-02,1.230590332122731383e-02,9.691180946898917542e-03,0.000000000000000000e+00,1.316676964257669676e-02,1.194005698569369951e-02,2.070764087607685974e-02,1.216960832064547908e-02,3.842129228622530313e-02,3.260902921409188776e-02,1.284763836143203337e-02,3.144741349129398511e-02,6.511602608641414713e-02,3.550353640763710683e-02,5.405909496801422631e-02,3.440647249117403245e-02,9.363643141275157858e-03,2.656508529216279960e-02,8.707261374159176726e-03,4.533594334147482419e-03,1.067865294408039227e-02,5.791255803570302674e-03,1.079773551262275255e-02,3.947404306812137172e-03,3.607154757396141033e-03,9.384354044534930564e-03,6.890661843348890904e-03,9.345667984380011742e-03,6.482087138494083481e-03,8.352676696687698701e-03,2.665676885653229643e-03,2.353636183251105792e-03,6.353224411420936579e-03,1.024819274623989425e-02,1.611873836717738276e-02,5.364676740167793022e-03,1.882572029989134504e-02,2.585455727205900750e-02,3.223269004451276287e-02,8.136556417818015946e-03,3.302822360326018725e-02,1.939196062318998201e-02,2.835308167154716383e-02,1.672937644763028420e-02,4.094821241633937042e-02,1.206495509758511407e-02,1.358933994186254518e-02,9.079486817498018392e-03,5.943458483976860746e-03,1.212363555862485363e-02,1.358335283438027487e-02,2.459935442109099230e-02,1.353015394806252221e-02,4.253629172880851045e-02,3.947538011409326003e-02,1.123351995458142169e-02,3.197288913283147238e-02,8.935840626616840809e-02,4.176428497590140704e-02,5.432475588014426537e-02,3.444954683850846161e-02,1.011389863507649277e-02,2.878697836061888671e-02
1.348067652205108859e-02,3.007982280252306101e-02,1.972047774097369574e-02,8.213802560457101817e-03,4.613965509537167053e-02,5.191430831014176572e-02,6.755952459429576118e-02,1.144673218354119726e-02,6.973919883552807952e-02,3.753938648663398409e-02,5.469320093465542681e-02,2.738096486428532109e-02,9.594824765667724076e-02,2.410863460267311312e-02,2.766651080378200456e-02,2.220471795461336981e-02,1.316676964257669676e-02,0.000000000000000000e+00,2.721049026594392697e-02,4.789480645105315820e-02,2.790781752253126274e-02,8.885899108934644519e-02,7.481684979361576115e-02,2.938058708105585615e-02,7.247579911743677605e-02,1.491223766282296359e-01,8.125758822418915894e-02,1.234017332979037151e-01,7.893032116784488850e-02,2.159812969463333759e-02,6.101434654556814330e-02,1.983088016403122822e-02,1.037220416612621120e-02,2.433190307379010445e-02,1.303230501932900291e-02,2.473930906512252989e-02,9.005448716444068233e-03,8.162897532485457325e-03,2.117947951314222768e-02,1.563747415149387837e-02,2.097265306496609583e-02,1.486332304672377189e-02,1.882327239200357744e-02,6.071677669643409450e-03,5.282407169788256619e-03,1.456911371227076479e-02,2.370568425266699961e-02,3.685917789313833404e-02,1.220498398857470211e-02,4.249736659371383674e-02,5.943447913349873823e-02,7.268154611472488202e-02,1.853114971184849358e-02,7.562677634935578708e-02,4.390303758438562909e-02,6.400580187647832153e-02,3.782535550040791450e-02,9.321929993807591408e-02,2.779653644295589435e-02,3.066753609804681938e-02,2.122144371178033562e-02,1.367684063973511818e-02,2.769064632485567987e-02,3.072316693083156774e-02,5.631862128439442394e-02,3.114170761751780536e-02,9.733324042490699990e-02,9.048125755296883288e-02,2.532283140942039393e-02,7.332313988509835123e-02,2.035989081069917439e-01,9.516605233162898914e-02,1.232086811261216552e-01,7.854096236887699034e-02,2.304445611413116768e-02,6.552335487904158151e-02
1.205970283086347204e-02,2.712301458946246580e-02,1.881532153521296366e-02,7.380975392635063040e-03,4.211414006301571894e-02,4.794535162111193682e-02,6.100686417182783761e-02,1.023981364502041420e-02,6.368170978537035509e-02,3.378200589788910024e-02,5.016499842813871429e-02,2.477378039042936117e-02,8.645380303935443211e-02,2.238440431673450678e-02,2.541642199755625789e-02,2.002834448208832760e-02,1.194005698569369951e-02,2.721049026594392697e-02,0.000000000000000000e+00,4.473778440713222643e-02,2.450509254760463093e-02,8.190717453170807960e-02,6.944723798551379057e-02,2.634798318710850767e-02,6.516954304435525203e-02,1.350681706058354803e-01,7.621303317533313637e-02,1.131674866504876475e-01,7.388682969442039727e-02,2.031915602334505300e-02,5.685605468558670161e-02,1.800818095060298732e-02,9.720003829295257095e-03,2.272565401113103151e-02,1.221692326880736458e-02,2.252963228216682892e-02,8.219575003287250478e-03,7.653416713395093558e-03,1.876586518312401558e-02,1.419859265059453778e-02,1.986850872641279103e-02,1.346050057685426946e-02,1.783234726736498271e-02,5.407674033448542882e-03,5.134972768725507529e-03,1.279661242801423751e-02,2.183709856906974195e-02,3.385466362881407731e-02,1.131643835929871042e-02,3.852884143846088683e-02,5.478064994564376539e-02,6.630854136174890723e-02,1.647450451822847148e-02,6.964784199837967260e-02,3.960116573295301146e-02,5.822306411650848140e-02,3.443675222080509052e-02,8.589270084738821753e-02,2.567055190237276310e-02,2.820685211653682981e-02,1.909761404643970512e-02,1.232569567939530673e-02,2.543737152215932648e-02,2.894382175349401176e-02,5.274228787717468586e-02,2.765478134006030611e-02,8.993918897118186040e-02,8.329471592845900940e-02,2.303337407520225297e-02,6.586383044866013503e-02,1.838606891058583714e-01,8.918140675514964200e-02,1.144192260927376498e-01,7.317924361472713524e-02,2.173290511728148341e-02,6.033099200754109270e-02
2.078676860608062726e-02,4.831720099452558453e-02,3.279185608991063566e-02,1.254722753224424454e-02,7.356759230063962540e-02,8.358598973067853100e-02,1.059220372248379921e-01,1.809281993887977558e-02,1.118380847833690128e-01,5.893320466874822638e-02,8.733543727417772407e-02,4.300526953526172952e-02,1.514637186357853937e-01,3.884428437263153649e-02,4.565246276345399229e-02,3.534803882287725768e-02,2.070764087607685974e-02,4.789480645105315820e-02,4.473778440713222643e-02,0.000000000000000000e+00,4.447948085450646044e-02,1.438089309360274792e-01,1.222796663817243001e-01,4.604736455646599863e-02,1.142014205011386563e-01,2.366192687738740696e-01,1.323175524414649251e-01,1.983107833589515534e-01,1.283877963475388018e-01,3.576131588912070947e-02,9.956539267074138166e-02,3.106987375346237021e-02,1.596193998942601125e-02,3.938423506330999274e-02,2.076807688020006898e-02,3.904382520567565434e-02,1.390119001768901595e-02,1.315726402953975617e-02,3.205454503849203274e-02,2.414668870323172234e-02,3.385752773182854752e-02,2.288389261870317840e-02,3.043383529105173763e-02,9.169493025535652500e-03,8.575075087469224283e-03,2.229579435935737791e-02,3.784133561230675763e-02,5.962177708345239857e-02,1.943766374785641654e-02,6.623546312297062810e-02,9.543385849052214709e-02,1.151860662012580416e-01,2.933374137635842357e-02,1.209488198058065039e-01,6.948354662793432279e-02,1.010743291728307541e-01,5.922582915356612576e-02,1.490166607991387504e-01,4.414329997345737416e-02,4.973651460552649256e-02,3.298048258275843719e-02,2.164456175935222312e-02,4.401704237214053989e-02,4.991722518695225486e-02,9.282133327347261154e-02,4.902632417187753611e-02,1.589819768129462352e-01,1.470093021686365298e-01,4.050216239653479239e-02,1.153896285254562420e-01,3.227240215983955274e-01,1.553876072565127664e-01,1.996465853602018281e-01,1.270567615176350362e-01,3.875637057049409473e-02,1.061200213641636941e-01
1.227839675431635635e-02,2.809504340590043836e-02,1.806087010587110672e-02,7.334349603730515657e-03,4.206397423004285679e-02,4.732542705364827657e-02,6.127159515367367609e-02,1.052666745284983746e-02,6.342707737024746995e-02,3.476501149519546641e-02,5.051418769740722431e-02,2.575452873953659738e-02,8.763308444611815629e-02,2.225027812952936473e-02,2.627770986180233068e-02,2.041491284314420410e-02,1.216960832064547908e-02,2.790781752253126274e-02,2.450509254760463093e-02,4.447948085450646044e-02,0.000000000000000000e+00,8.236181405096128227e-02,6.971383572012654350e-02,2.756820800261470042e-02,6.629315161762718012e-02,1.381878206320165670e-01,7.528423855784856233e-02,1.132948794767240641e-01,7.339100736318976415e-02,2.035018782901964682e-02,5.703140078205800462e-02,1.836390013854163200e-02,9.577835960891260478e-03,2.225334390730868486e-02,1.170903971402615165e-02,2.228251817714861291e-02,8.130758128028039641e-03,7.307899023220293389e-03,1.950837957393502034e-02,1.400556919356147657e-02,1.916951368657741211e-02,1.369723760751932057e-02,1.687210730044685567e-02,5.585826148785486001e-03,4.759305498308151819e-03,1.388994571971473475e-02,2.232467036369415597e-02,3.426695303213052324e-02,1.126839974812660246e-02,3.910888382747640390e-02,5.446265712453394331e-02,6.669418865621425108e-02,1.728522223373197414e-02,6.989044286443217568e-02,3.999609958944672777e-02,5.890226068747738547e-02,3.572824634745462580e-02,8.601576804444613367e-02,2.527028157744305378e-02,2.888440435821849547e-02,1.948827571781360998e-02,1.241209933289645975e-02,2.514303088914727341e-02,2.796724366135872747e-02,5.130922917526452298e-02,3.099551029019748105e-02,8.938256781020642583e-02,8.523303415904576186e-02,2.434111258808295195e-02,6.650168242130163887e-02,1.887511526508324766e-01,8.703384134388236770e-02,1.131665642071823380e-01,7.183241699208223197e-02,2.125567985395272058e-02,6.093664387110571401e-02
