0.000000000000000000e+00,1.349225343720355033e-02,1.153554412382370303e-02,6.026336111320846831e-03,2.121164661986669683e-02,3.238033724678385239e-02,3.534532599314829659e-02,4.462427443864824816e-03,3.927200447896784380e-02,2.191836934744974957e-02,2.323866724051442886e-02,1.715546091086471783e-02,5.075339013659050519e-02,1.271191503057895328e-02,1.451346060053329556e-02,9.457427382511193747e-03,6.653794962277225986e-03,1.687593221861401205e-02,1.755197022912730748e-02,2.228575292002943353e-02,1.482588367538453106e-02,3.697657489804977160e-02,4.050450683684587300e-02,1.826110454629398250e-02,3.751925383856944546e-02,8.481567951597870914e-02,4.708334083889729321e-02,7.025380690593771571e-02,4.406566690491850458e-02,1.078598498815359213e-02,3.951880424806705067e-02,1.088918648404032206e-02,5.591598900584963082e-03,1.124849535490954171e-02,7.364767625868396533e-03,1.664049543956486882e-02,7.511965090338241884e-03,3.314066624906687221e-03,8.941656731167858113e-03,7.914249713955438109e-03,9.025803300857039579e-03,7.131098634981025003e-03,1.129491344431983110e-02,4.094439751714111161e-03,1.467223588806374889e-03,1.003696467847402067e-02,1.952001133976034863e-02,2.005201271880092603e-02,8.384093089880417793e-03,2.110053204891356934e-02,3.015177010950037886e-02,3.182612337197886915e-02,9.373106085824476838e-03,3.864952080604705520e-02,2.206101121158080339e-02,3.314209446567899231e-02,2.740675888073854094e-02,4.690010971654387517e-02,1.365306409440920216e-02,1.233199909535639960e-02,1.518203417094273269e-02,6.900493776881549274e-03,1.585268439330827367e-02,1.488599408730903115e-02,2.598547767726998997e-02,2.048785415961187559e-02,4.551191588886079747e-02,5.374029848005244803e-02,1.731317625072581468e-02,4.093479858142450023e-02,1.151665853560764341e-01,4.546755891092197494e-02,5.921398821228852222e-02,4.082562634321248302e-02,1.058860761414086651e-02,3.232172702284402677e-02
1.349225343720355033e-02,0.000000000000000000e+00,1.705533765889382866e-02,8.156445200349212929e-03,2.866254276953696112e-02,4.624266467521336021e-02,4.885533302967998842e-02,6.096474079379674005e-03,5.550105677073876448e-02,3.137433199521616478e-02,3.306511735709620481e-02,2.360512229173075682e-02,6.969300348852250360e-02,1.792312176695170373e-02,2.091101129405386130e-02,1.345175390453384225e-02,9.565145813690121082e-03,2.363900659934719400e-02,2.581591793337165847e-02,3.179217734411274310e-02,2.059837615284239309e-02,5.114447974817790121e-02,5.837692019236445651e-02,2.538930890966218518e-02,5.302929744328912370e-02,1.180838183578436507e-01,6.823352868654593284e-02,9.923906281696485976e-02,6.257128497854888560e-02,1.514377307755152696e-02,5.639205685744654722e-02,1.526568587646853423e-02,7.449779953654998843e-03,1.548465933005438791e-02,1.011617856227441971e-02,2.381884548620214967e-02,1.044351580897794410e-02,4.820250523246896214e-03,1.230192149928108908e-02,1.116787808287917835e-02,1.221185110744657520e-02,9.447265253745232988e-03,1.600646777887716754e-02,5.629226539227714758e-03,2.151089322246941063e-03,1.346045376936012318e-02,2.898179771419387082e-02,2.878592712216099941e-02,1.153047908639815398e-02,2.893944785350910723e-02,4.257055036981517715e-02,4.364865122521305318e-02,1.285034793531160402e-02,5.405289184237568878e-02,3.098566843204225013e-02,4.693756019500753413e-02,3.702424914679823542e-02,6.545484829569893359e-02,1.891852211366462297e-02,1.692303175933778173e-02,2.147818548768402891e-02,9.773091122594343774e-03,2.246775970196735958e-02,2.100483658097759485e-02,3.743846915078616333e-02,2.814863439959238919e-02,6.495954326447957172e-02,7.624226042702572648e-02,2.395193309670819864e-02,5.857371591271057915e-02,1.608720261131399987e-01,6.467313132636617889e-02,8.315946303224473757e-02,5.796413765757237047e-02,1.527932571194714345e-02,4.612074804307655929e-02
1.153554412382370303e-02,1.705533765889382866e-02,0.000000000000000000e+00,7.213249391322553924e-03,2.551086194566267243e-02,4.067231027943240401e-02,4.283365976419699350e-02,5.315517715309251573e-03,4.882174112280365103e-02,2.694405043554074647e-02,2.909652659239972405e-02,2.048174750373286598e-02,6.122940780506703345e-02,1.592210676699287036e-02,1.803414909627985147e-02,1.192492942203545424e-02,8.142637214347688349e-03,2.072413099420061453e-02,2.269508018782687847e-02,2.856727895437884829e-02,1.753588742885421950e-02,4.590068209100552077e-02,5.078240387922341309e-02,2.185093537797699187e-02,4.644050696927531918e-02,1.030904997385169858e-01,5.993311299630096900e-02,8.617395576266868862e-02,5.515379655449009766e-02,1.322496862554948388e-02,4.875701781895701303e-02,1.306625385643042647e-02,6.814126105015815699e-03,1.377598667435396204e-02,8.793597244372499885e-03,2.095988638394411310e-02,9.015399438911733676e-03,4.362882304380552231e-03,1.061164842647927681e-02,9.730837734918000581e-03,1.098432944258486386e-02,8.283215046245032132e-03,1.419690099490042608e-02,4.818361044499897862e-03,1.895523941887184219e-03,1.149523101075255321e-02,2.483741882354726857e-02,2.571213102980463711e-02,1.002468552983809547e-02,2.560458855936302222e-02,3.779581904313286667e-02,3.865048650272525504e-02,1.088216160109527902e-02,4.790166197769420153e-02,2.644971268575312118e-02,4.113254386735096246e-02,3.162640352769892360e-02,5.792823627742575004e-02,1.709342851946506550e-02,1.489448354450252122e-02,1.919989240900785155e-02,8.602109380423144519e-03,1.955899697635533896e-02,1.891121346639775685e-02,3.357487303092952791e-02,2.407210495534494246e-02,5.703726609560260535e-02,6.632248123345915736e-02,2.038651303532848513e-02,5.094932111114342660e-02,1.399501214115074776e-01,5.748496665842862258e-02,7.344943049925924117e-02,5.189726895182337346e-02,1.379434026583777756e-02,4.044060464215091383e-02
6.026336111320846831e-03,8.156445200349212929e-03,7.213249391322553924e-03,0.000000000000000000e+00,1.318621235493770520e-02,2.030019985888523865e-02,2.243270764703928638e-02,2.718291498475601357e-03,2.486902257993042417e-02,1.396089844566810595e-02,1.473778888445583662e-02,1.037715105526353619e-02,3.198021502434638536e-02,7.981463937381340357e-03,8.595749436604105051e-03,5.955332768365836915e-03,4.181887813475625854e-03,1.054338732777592748e-02,1.113367303498265237e-02,1.355489468001585401e-02,9.016860130312786409e-03,2.196624552376118256e-02,2.494074839353864134e-02,1.130004394648237084e-02,2.328623683503672562e-02,5.164499518467493416e-02,2.931495268387173184e-02,4.414365467062401904e-02,2.703209311437726123e-02,6.706739646163941554e-03,2.475698048847319380e-02,6.722923213096917289e-03,3.287972345451304398e-03,6.885147982465394945e-03,4.537107294151803902e-03,1.038754699687191758e-02,4.736130585920664271e-03,2.020690042828996325e-03,5.556509589946041078e-03,4.890863509534253833e-03,5.308529146359567026e-03,4.225695273078457215e-03,7.253976562925147122e-03,2.669242848454625189e-03,8.612406369423977921e-04,6.132813504642369538e-03,1.224201094600290037e-02,1.261514828277732377e-02,5.338361457819685608e-03,1.306779728954686644e-02,1.831975859884905564e-02,2.009214510839177001e-02,5.836400377224639814e-03,2.405845028116686962e-02,1.386834872331021117e-02,2.101247477624817658e-02,1.678801250225035041e-02,2.947438842996837755e-02,8.541011519581375583e-03,7.079680174276960572e-03,9.614462803033302016e-03,4.392383455069709050e-03,1.012235073067797170e-02,9.437479936480483791e-03,1.588440782581425348e-02,1.270964778818364088e-02,2.793224729140008494e-02,3.331825542440260135e-02,1.056061438644736832e-02,2.608487243331262390e-02,7.083553369953132783e-02,2.771875691667086833e-02,3.657689141768672575e-02,2.506400182784613781e-02,6.622444487905404346e-03,1.998469038007768747e-02
2.121164661986669683e-02,2.866254276953696112e-02,2.551086194566267243e-02,1.318621235493770520e-02,0.000000000000000000e+00,7.117342155799270820e-02,7.841672889978630601e-02,9.258097573299277697e-03,8.622974037601310870e-02,4.998542085409789920e-02,5.131378308345275335e-02,3.692345207671206275e-02,1.117239083272168754e-01,2.782820107587217345e-02,3.109113393897558822e-02,2.069332023584925101e-02,1.485655220608599406e-02,3.676510925601358254e-02,3.964171951219546547e-02,4.716295843866557397e-02,3.173685082143955227e-02,7.584272026934600619e-02,8.833369474113156317e-02,3.968627423484662881e-02,8.135632629169696484e-02,1.818861106250496129e-01,1.030486411387724066e-01,1.563916392046073300e-01,9.572259794175444481e-02,2.424597278929372865e-02,8.780922787616664282e-02,2.401194998680028850e-02,1.135520849369756058e-02,2.380792380647982556e-02,1.585189516025360679e-02,3.711296552234011337e-02,1.711651847477629537e-02,7.210256278989937880e-03,1.950401579327937229e-02,1.714894104744401834e-02,1.857040840152045583e-02,1.464889326204959867e-02,2.539193018756682671e-02,9.254892183863921290e-03,3.073259991619439399e-03,2.141178293649666914e-02,4.367682396932411060e-02,4.389484821916432578e-02,1.847238305768990341e-02,4.604283867407849007e-02,6.489475112372508625e-02,7.023118141343398513e-02,2.022694186836503441e-02,8.438885669447253324e-02,4.943492380804676012e-02,7.418583289803776237e-02,5.906710565409780539e-02,1.035166858160973535e-01,2.958610920641095016e-02,2.534970368497140025e-02,3.360531846525470490e-02,1.541738641229120285e-02,3.525318956422682226e-02,3.280563270658350822e-02,5.633711405507643710e-02,4.469560672734945728e-02,9.821529437002722573e-02,1.177748356695753340e-01,3.760709957446140006e-02,9.140920029369205280e-02,2.491309077815878070e-01,9.739841289017189818e-02,1.295279339510838346e-01,8.850462368025277526e-02,2.361737928276725490e-02,7.119062906898125653e-02
3.238033724678385239e-02,4.624266467521336021e-02,4.067231027943240401e-02,2.030019985888523865e-02,7.117342155799270820e-02,0.000000000000000000e+00,1.196639001958158394e-01,1.459974828344308591e-02,1.354334028635814091e-01,7.473670183656722088e-02,7.934390944787204913e-02,5.639199320042956320e-02,1.708125923866177787e-01,4.379278096307205603e-02,4.929613322333333686e-02,3.286344942579773332e-02,2.263255425181815578e-02,5.741723156008642082e-02,6.101107975794194116e-02,7.786311440833369735e-02,4.898123285695559631e-02,1.255996860933850934e-01,1.391612689282011872e-01,6.051931109430411931e-02,1.277101789297047096e-01,2.850520826014512066e-01,1.640659102253413659e-01,2.393714549692466664e-01,1.513034468550132627e-01,3.685552079535272391e-02,1.354615074431715360e-01,3.620518043941516745e-02,1.811390299926193478e-02,3.784277859127980342e-02,2.453195592528862115e-02,5.747190114440865749e-02,2.545500029305108880e-02,1.160279963718274278e-02,2.889564720316373583e-02,2.661986656602785550e-02,2.956012155286144583e-02,2.248119194558464290e-02,3.897424132170762556e-02,1.374261115435866307e-02,4.961154354877661717e-03,3.248273393984271729e-02,6.817314921037107012e-02,6.999369363635726815e-02,2.809681048901489439e-02,7.031411862031392013e-02,1.033118398752299744e-01,1.069835814744475588e-01,3.071487841717314080e-02,1.322638200115008322e-01,7.426209068977797367e-02,1.124749724613062635e-01,8.891082268173380876e-02,1.591890490817209070e-01,4.691892642583447154e-02,4.075479437191679988e-02,5.202633682416391014e-02,2.371402650466011494e-02,5.408355082669979302e-02,5.161155395862724454e-02,9.059745375687459912e-02,6.755493636101320143e-02,1.557313691205260697e-01,1.837858674142695825e-01,5.717150045941086361e-02,1.405856962529935528e-01,3.874739314247447886e-01,1.574131663642187873e-01,2.018097781016700565e-01,1.411015368469478171e-01,3.700184865197806566e-02,1.109701646751355270e-01
3.534532599314829659e-02,4.885533302967998842e-02,4.283365976419699350e-02,2.243270764703928638e-02,7.841672889978630601e-02,1.196639001958158394e-01,0.000000000000000000e+00,1.604255573807450777e-02,1.456734567848627648e-01,8.345063125007613769e-02,8.672701222679352062e-02,6.197904169310650135e-02,1.891538117289300325e-01,4.711733615576836620e-02,5.134816760397670210e-02,3.507407066858974493e-02,2.515463739131051230e-02,6.271230958629568641e-02,6.603299621185768076e-02,8.047481211759940911e-02,5.336727746581711174e-02,1.308388518845844117e-01,1.474302063025251797e-01,6.652440157157715750e-02,1.377833965681286577e-01,3.079373549934684151e-01,1.724401608476691106e-01,2.631515542831900367e-01,1.616406674489941353e-01,4.014828636672339301e-02,1.464747992245755692e-01,3.978467600614642857e-02,1.922827008668928639e-02,4.089151178710026535e-02,2.692989994664387460e-02,6.263847016111628863e-02,2.870562231657653243e-02,1.213210490592562911e-02,3.247508096952176487e-02,2.891240974739410496e-02,3.193108155166234779e-02,2.500667444795897157e-02,4.252286777614947000e-02,1.562406039250330454e-02,5.191709507101263839e-03,3.626389586617458777e-02,7.304495070528047029e-02,7.381235295593560619e-02,3.131552869897829411e-02,7.792010106098110067e-02,1.090180592852620645e-01,1.197722787229762165e-01,3.425314920491405457e-02,1.427685117545873517e-01,8.327453008100071941e-02,1.244080777121524817e-01,9.979783646377080042e-02,1.756820241541650618e-01,5.030355704842842668e-02,4.303077353344161859e-02,5.651854702166979327e-02,2.640972712203897010e-02,5.883392352073830989e-02,5.534404181805921419e-02,9.532330265328782526e-02,7.519769791650564306e-02,1.653701107541004911e-01,1.974964524768705321e-01,6.283185602182719820e-02,1.530649896088904505e-01,4.198782616255196665e-01,1.647797578062296930e-01,2.190257363135585389e-01,1.504203986014147065e-01,3.958071422927769700e-02,1.191524769444448351e-01
4.462427443864824816e-03,6.096474079379674005e-03,5.315517715309251573e-03,2.718291498475601357e-03,9.258097573299277697e-03,1.459974828344308591e-02,1.604255573807450777e-02,0.000000000000000000e+00,1.770267078975651734e-02,9.974785414806572673e-03,1.045323921464915914e-02,7.654307010022160136e-03,2.237356446122889045e-02,5.469827281406536984e-03,6.905912928794487662e-03,4.304461273539707256e-03,3.095153436711629326e-03,7.520771898134846756e-03,8.389234395122024263e-03,9.880331498926628320e-03,6.594084510194650472e-03,1.663326330932780872e-02,1.886707211671053916e-02,8.296419899106325171e-03,1.722029941879994405e-02,3.887663077242455023e-02,2.114885453290506548e-02,3.216001205536487412e-02,1.965101105662136680e-02,4.744100113360656158e-03,1.795496901003115764e-02,5.033682346050020497e-03,2.491001238083632302e-03,5.021159742078117570e-03,3.320473412833183438e-03,7.399767361004018149e-03,3.432579246858389471e-03,1.595822343257789593e-03,4.189986452402663653e-03,3.698724018658555625e-03,4.052566672313252447e-03,3.097330853838487462e-03,5.180851226747410117e-03,1.822954570753624812e-03,7.732503858130317619e-04,4.477104168030274570e-03,9.234787830323136146e-03,8.960147753190365882e-03,3.723145042282539202e-03,9.444504265807295712e-03,1.352299943798854903e-02,1.428332343674728992e-02,4.176338713051293283e-03,1.726490686174448133e-02,9.973089662099442199e-03,1.558855322728186672e-02,1.223786075876739758e-02,2.114692255330178489e-02,5.857250355853454819e-03,5.479188560631166778e-03,6.590160131379593257e-03,3.132645149652245765e-03,7.480755676266941274e-03,6.789083012036676787e-03,1.195531885186286968e-02,9.222179002379208429e-03,2.115916906908755710e-02,2.471816665688821718e-02,7.796805692249650366e-03,1.896429158381232258e-02,5.236840402669754035e-02,2.037784471035883338e-02,2.691017262581852504e-02,1.795816912846354488e-02,4.650011124063767841e-03,1.460845122357586241e-02
3.927200447896784380e-02,5.550105677073876448e-02,4.882174112280365103e-02,2.486902257993042417e-02,8.622974037601310870e-02,1.354334028635814091e-01,1.456734567848627648e-01,1.770267078975651734e-02,0.000000000000000000e+00,9.151052623207671377e-02,9.634071340381890336e-02,6.852761840652023262e-02,2.074248256532785772e-01,5.289487993554904677e-02,5.958610744098775946e-02,3.984153641303440907e-02,2.750015073761695461e-02,6.926817371690491276e-02,7.406497921359164738e-02,9.372678346832555296e-02,5.933672749473038743e-02,1.506260724384294036e-01,1.681830636277331925e-01,7.310272140219752079e-02,1.547559967321101293e-01,3.445181533441310506e-01,1.983325335350376029e-01,2.919423345373428624e-01,1.835613621325803413e-01,4.448818427142704757e-02,1.641634836729478630e-01,4.424347920394511996e-02,2.209944284770590586e-02,4.559515801408717955e-02,2.967323710713789045e-02,6.965816476598205020e-02,3.116415441283066148e-02,1.399932753450302061e-02,3.576186596932708073e-02,3.255208843703486649e-02,3.566164931713478037e-02,2.750807280344581829e-02,4.772534312862014572e-02,1.685587419279504368e-02,6.143749487380230356e-03,3.920864481030331833e-02,8.253018250425868396e-02,8.410930493433139976e-02,3.398730611432237980e-02,8.478947408872443414e-02,1.240478871161778407e-01,1.303317709014592818e-01,3.751301321000376221e-02,1.601450845331051920e-01,9.044519873565144696e-02,1.369788282731621565e-01,1.079038539206438746e-01,1.939784942433526171e-01,5.631815847190733970e-02,4.895133450276946407e-02,6.298115575997867421e-02,2.883225803982714802e-02,6.586906986244575601e-02,6.315680467613345173e-02,1.088397469931463163e-01,8.183879760175004348e-02,1.887711633853036697e-01,2.235246541324451830e-01,6.966895258051886142e-02,1.706809174825296427e-01,4.693910944793865392e-01,1.889271060509833677e-01,2.454768798400878138e-01,1.693856241965927267e-01,4.507779938774775924e-02,1.341304912949700945e-01
2.191836934744974957e-02,3.137433199521616478e-02,2.694405043554074647e-02,1.396089844566810595e-02,4.998542085409789920e-02,7.473670183656722088e-02,8.345063125007613769e-02,9.974785414806572673e-03,9.151052623207671377e-02,0.000000000000000000e+00,5.472560686166742100e-02,3.870286158501470841e-02,1.177434547021206646e-01,3.029868257492558670e-02,3.268105731417993154e-02,2.235347475855661847e-02,1.560462234431019696e-02,3.949647398209818472e-02,4.127131419845292415e-02,5.231363595614686723e-02,3.367088872456439064e-02,8.450371596109930439e-02,9.290020987746573644e-02,4.138931968052557420e-02,8.679447419875642444e-02,1.932508194778277399e-01,1.093742814547131598e-01,1.645208659116845773e-01,1.018656557412100649e-01,2.518453177767498996e-02,9.226136163405714019e-02,2.506660644616480471e-02,1.236758909685656098e-02,2.592847447679937772e-02,1.665688853610892278e-02,3.988964450545377793e-02,1.767690838603097614e-02,7.877871116372080207e-03,2.043430908965538847e-02,1.839134307445174782e-02,2.006096661654944990e-02,1.550874661346194130e-02,2.717511329865674591e-02,9.678075595913210663e-03,3.410213679644910276e-03,2.229779168101515829e-02,4.619813997001068900e-02,4.684249448581719044e-02,1.930624911486087877e-02,4.890439803085955967e-02,6.883671915737479829e-02,7.450001502889194716e-02,2.109688614102841683e-02,8.977793138547161822e-02,5.244240594346917528e-02,7.818639715151277925e-02,6.130795708609300398e-02,1.101905987320443842e-01,3.218458915763455774e-02,2.700344521937554990e-02,3.596584601519718649e-02,1.656612277453522325e-02,3.708139121525693555e-02,3.520780709154142790e-02,6.006076620340580763e-02,4.676786536341729500e-02,1.056170343655813554e-01,1.244160113233503812e-01,3.894751516790465051e-02,9.645107983377490535e-02,2.622905724967427576e-01,1.048447638551789213e-01,1.387157795445512765e-01,9.470660578793395346e-02,2.570216602011050205e-02,7.556652866736568441e-02
2.323866724051442886e-02,3.306511735709620481e-02,2.909652659239972405e-02,1.473778888445583662e-02,5.131378308345275335e-02,7.934390944787204913e-02,8.672701222679352062e-02,1.045323921464915914e-02,9.634071340381890336e-02,5.472560686166742100e-02,0.000000000000000000e+00,4.099017869908915673e-02,1.223251286853536679e-01,3.143351862273720959e-02,3.524388603760975069e-02,2.351798325668781955e-02,1.638710579484113292e-02,4.074362574991493430e-02,4.493785009023088667e-02,5.499212038322673357e-02,3.557281547549306921e-02,8.790235429655776644e-02,9.975305375518671303e-02,4.356008573277125873e-02,9.169054775153830106e-02,2.037902519514007693e-01,1.168892379267146703e-01,1.733115706333824002e-01,1.083222585104164221e-01,2.653662619024879307e-02,9.735966301386998756e-02,2.682438998956125295e-02,1.328217612118875839e-02,2.683599697937880460e-02,1.749931716368159293e-02,4.197409210731216367e-02,1.843871288143223916e-02,8.421214608625434556e-03,2.171910690088933379e-02,1.966033285844712153e-02,2.105583793084352118e-02,1.611954301659329625e-02,2.850157080953852687e-02,9.847688507809582853e-03,3.735611462255779454e-03,2.345213044760457305e-02,4.959926520066396116e-02,4.938131987320341920e-02,2.019721982756065778e-02,5.113441839329132405e-02,7.383709043321276533e-02,7.716911093892174500e-02,2.219713308775921046e-02,9.435059770320718131e-02,5.434472217008518707e-02,8.264546647740506069e-02,6.427440550162456800e-02,1.155289100219218518e-01,3.351398921887414895e-02,2.887948051757954077e-02,3.776838712009819576e-02,1.733092758641990513e-02,3.953245837994062012e-02,3.722028310148049746e-02,6.445368680537480466e-02,4.942926845078062653e-02,1.123703227872264870e-01,1.326702306299685497e-01,4.092363636666007665e-02,1.017821851323912480e-01,2.773481207481444111e-01,1.115603605432177042e-01,1.459707409417302371e-01,1.001963178499243740e-01,2.684333975244896850e-02,8.030914955446821768e-02
1.715546091086471783e-02,2.360512229173075682e-02,2.048174750373286598e-02,1.037715105526353619e-02,3.692345207671206275e-02,5.639199320042956320e-02,6.197904169310650135e-02,7.654307010022160136e-03,6.852761840652023262e-02,3.870286158501470841e-02,4.099017869908915673e-02,0.000000000000000000e+00,8.753947306732585976e-02,2.259889737550148728e-02,2.518358566106031898e-02,1.681497540332169138e-02,1.179375520526443344e-02,2.923265309166155415e-02,3.123073288302417178e-02,3.972195400901993440e-02,2.574170966476248615e-02,6.373222692216834462e-02,7.111625784247814497e-02,3.176722198200385150e-02,6.483791419389611788e-02,1.469025136904452411e-01,8.280441021981720107e-02,1.230009197614049810e-01,7.693817752838957857e-02,1.877821139994275898e-02,6.956243633595096676e-02,1.926078479743491279e-02,9.568752677152262895e-03,2.019495462098907373e-02,1.273512224921287406e-02,2.960226643633799559e-02,1.308557926582205877e-02,5.940839965326763679e-03,1.586076341973670714e-02,1.420585490963661296e-02,1.587463184098734589e-02,1.204983608675973608e-02,2.033771890365169629e-02,7.224489232128339725e-03,2.622680259651358203e-03,1.733864299860189001e-02,3.472230941686231531e-02,3.537840296457472888e-02,1.440844526323251627e-02,3.647357965249736073e-02,5.195401488531584122e-02,5.527810363215437256e-02,1.613058363823723085e-02,6.739793662621522408e-02,3.899441411203850155e-02,5.872549155527070214e-02,4.682264356470035305e-02,8.235325436363113982e-02,2.403652708694986595e-02,2.088303933491299919e-02,2.657097051148843078e-02,1.214745488293852288e-02,2.765725873480383290e-02,2.694211529682723899e-02,4.546477227922290920e-02,3.558735775724512773e-02,7.989753855257132609e-02,9.434558652245346455e-02,2.986801610757746500e-02,7.177938947425922811e-02,1.988736351575788874e-01,7.945792647112821794e-02,1.036053347767937616e-01,7.070768096404707326e-02,1.901618906546563223e-02,5.760265403281577407e-02
5.075339013659050519e-02,6.969300348852250360e-02,6.122940780506703345e-02,3.198021502434638536e-02,1.117239083272168754e-01,1.708125923866177787e-01,1.891538117289300325e-01,2.237356446122889045e-02,2.074248256532785772e-01,1.177434547021206646e-01,1.223251286853536679e-01,8.753947306732585976e-02,0.000000000000000000e+00,6.790784679403408242e-02,7.401529613388412032e-02,4.998675746682031823e-02,3.531079852472101405e-02,8.930479254722076266e-02,9.384418094551774669e-02,1.147187148340004376e-01,7.631941587002238903e-02,1.865459698151763213e-01,2.100393683622605590e-01,9.479881866102959909e-02,1.968539737344845442e-01,4.393564253179634282e-01,2.465513068872523528e-01,3.751082357987408633e-01,2.305931866728598845e-01,5.653055036400573413e-02,2.101663532467732409e-01,5.591960407027443680e-02,2.725831104870096722e-02,5.775319173318611138e-02,3.792575219046372126e-02,9.018790227685266614e-02,4.067325401122141165e-02,1.725757552370625267e-02,4.518312525426541187e-02,4.134256055916307043e-02,4.533611915852511082e-02,3.541171610124611846e-02,6.129592034098790138e-02,2.213745494510937009e-02,7.187128461690277248e-03,5.161547024087373425e-02,1.045453074944287519e-01,1.065914062215946034e-01,4.456119468954147095e-02,1.101427114574819732e-01,1.559508129796682296e-01,1.692957669104650231e-01,4.854261025393510204e-02,2.038606207687467808e-01,1.169490927648159234e-01,1.766405626366983339e-01,1.406728062911740129e-01,2.496352501286601133e-01,7.182641735419995066e-02,6.121607229413962570e-02,8.117702054146008761e-02,3.702795028546834039e-02,8.431286494197909320e-02,7.884922731035436116e-02,1.355197866099577264e-01,1.072734691617332758e-01,2.361865567349321071e-01,2.841470403041664872e-01,8.992181691645850794e-02,2.188996677913816746e-01,6.022152093245343174e-01,2.362204133571538800e-01,3.121274355575890946e-01,2.143999916079895041e-01,5.708473273639749074e-02,1.710108625594242981e-01
1.271191503057895328e-02,1.792312176695170373e-02,1.592210676699287036e-02,7.981463937381340357e-03,2.782820107587217345e-02,4.379278096307205603e-02,4.711733615576836620e-02,5.469827281406536984e-03,5.289487993554904677e-02,3.029868257492558670e-02,3.143351862273720959e-02,2.259889737550148728e-02,6.790784679403408242e-02,0.000000000000000000e+00,1.898799372631221338e-02,1.282672278058680920e-02,8.859316337984554299e-03,2.231101504535013685e-02,2.428650652722783021e-02,2.946089598889471695e-02,1.915481794266983562e-02,4.743636386961740808e-02,5.354146251854498967e-02,2.380232110200108595e-02,4.991972662310281000e-02,1.109525736285329744e-01,6.379636933708518476e-02,9.522176620462380336e-02,5.919820755958318109e-02,1.463664897536006218e-02,5.361776247689529346e-02,1.439435667158085221e-02,7.126060596741973577e-03,1.473360001232026234e-02,9.525884526627106594e-03,2.243053467660899997e-02,1.023100297401361228e-02,4.496412682738707561e-03,1.146382133773296563e-02,1.043023269491214454e-02,1.131874446302881011e-02,8.959270054634921668e-03,1.556273433699614447e-02,5.525226702364522714e-03,1.818847615597570053e-03,1.262565550501005933e-02,2.704314026015356212e-02,2.762635301666636553e-02,1.108317964807587624e-02,2.799733519372357704e-02,4.019618967626377437e-02,4.234305459838132168e-02,1.214630298608288320e-02,5.222337861411917997e-02,2.974454975882151464e-02,4.495712495622090910e-02,3.537605551899809797e-02,6.301542921444888701e-02,1.816191825372168167e-02,1.558547575375039337e-02,2.076410838427910840e-02,9.472376094463557869e-03,2.131736715367676255e-02,2.031471188947065257e-02,3.464609442206734863e-02,2.680150881693576723e-02,6.045526629360132437e-02,7.158295272507284035e-02,2.240169242282245843e-02,5.612018994079031459e-02,1.521161069872836169e-01,6.046731695102734727e-02,7.896657032773726770e-02,5.481543336037536518e-02,1.456604929135461163e-02,4.362454122818551494e-02
1.451346060053329556e-02,2.091101129405386130e-02,1.803414909627985147e-02,8.595749436604105051e-03,3.109113393897558822e-02,4.929613322333333686e-02,5.134816760397670210e-02,6.905912928794487662e-03,5.958610744098775946e-02,3.268105731417993154e-02,3.524388603760975069e-02,2.518358566106031898e-02,7.401529613388412032e-02,1.898799372631221338e-02,0.000000000000000000e+00,1.444450355400413860e-02,1.002514744131074824e-02,2.496453222101002734e-02,2.704336733056241296e-02,3.538884421935108160e-02,2.189902103546817816e-02,5.748268135027804343e-02,6.260306946354270152e-02,2.687034210080274654e-02,5.614071069270470948e-02,1.266355224324002271e-01,7.277870986721193813e-02,1.050638285011812334e-01,6.747370024411536438e-02,1.646476685406441168e-02,5.919258578595695819e-02,1.607466089799834685e-02,8.647688421826529165e-03,1.712807475013196357e-02,1.074228113460886508e-02,2.471913024237308576e-02,1.078003823806582100e-02,5.301841166448643776e-03,1.315579539029036044e-02,1.184931885532995374e-02,1.342570974339680513e-02,1.011119309209352821e-02,1.698518709525619411e-02,5.738170715598578560e-03,2.463617691066471820e-03,1.434395053544007884e-02,3.004730219641187430e-02,3.055755352421084259e-02,1.193119327029916119e-02,3.089849646291650126e-02,4.582545595206977823e-02,4.659011707763498211e-02,1.367193379452362467e-02,5.807220485035918117e-02,3.218519207142257754e-02,4.940413644354507694e-02,3.907450543790702557e-02,7.004563024362817081e-02,2.068912549236731971e-02,1.844252230048822744e-02,2.275625101220467988e-02,1.026722356057861718e-02,2.369375901503522480e-02,2.306861331154612393e-02,4.072961201580489743e-02,2.952870409607281227e-02,6.958811013973631443e-02,8.129520393367402342e-02,2.534295146953444849e-02,6.132826739734469762e-02,1.714038527554651303e-01,7.020790022501764704e-02,8.917605283954438411e-02,6.259365152544540956e-02,1.638261381004633976e-02,4.951760654004375845e-02
9.457427382511193747e-03,1.345175390453384225e-02,1.192492942203545424e-02,5.955332768365836915e-03,2.069332023584925101e-02,3.286344942579773332e-02,3.507407066858974493e-02,4.304461273539707256e-03,3.984153641303440907e-02,2.235347475855661847e-02,2.351798325668781955e-02,1.681497540332169138e-02,4.998675746682031823e-02,1.282672278058680920e-02,1.444450355400413860e-02,0.000000000000000000e+00,6.786322776901831944e-03,1.650705357704880180e-02,1.801426795267279876e-02,2.305424122295381129e-02,1.451206474531743958e-02,3.698419073299005766e-02,4.164115551400623949e-02,1.784651236540854904e-02,3.757806386223787320e-02,8.356078418851944911e-02,4.857030232590551361e-02,7.063502749011529858e-02,4.457361365634207595e-02,1.063781472595047746e-02,3.946410977289269845e-02,1.114950805056138042e-02,5.443669195454420816e-03,1.129643972280637912e-02,7.361960914300852768e-03,1.699385244087711633e-02,7.453949988399183324e-03,3.541515462402282984e-03,9.252042075698803381e-03,8.086824783622758098e-03,8.825827524966571580e-03,6.860708807668629110e-03,1.164961515887266361e-02,4.080567168358904297e-03,1.658654791558731179e-03,9.505730004930004751e-03,2.007919738976542481e-02,2.046278082576898430e-02,8.109551971486756924e-03,2.070685239979579151e-02,3.030023195815583284e-02,3.154056375263470519e-02,9.023765342454274571e-03,3.906733501361570049e-02,2.221727878292376751e-02,3.348754290613788903e-02,2.594950107595902708e-02,4.675105128396203624e-02,1.353074845861895054e-02,1.184859397346563550e-02,1.525279529648568277e-02,6.937157422221409096e-03,1.607752023593421453e-02,1.550063021849576103e-02,2.652497492214180713e-02,1.964379692555188670e-02,4.638209095979673596e-02,5.398484871611437114e-02,1.675972654235288045e-02,4.160872547110173320e-02,1.134119227248675393e-01,4.609927505268044540e-02,5.970254661923745515e-02,4.098328490290202575e-02,1.094664242349708237e-02,3.293321254048756086e-02
6.653794962277225986e-03,9.565145813690121082e-03,8.142637214347688349e-03,4.181887813475625854e-03,1.485655220608599406e-02,2.263255425181815578e-02,2.515463739131051230e-02,3.095153436711629326e-03,2.750015073761695461e-02,1.560462234431019696e-02,1.638710579484113292e-02,1.179375520526443344e-02,3.531079852472101405e-02,8.859316337984554299e-03,1.002514744131074824e-02,6.786322776901831944e-03,0.000000000000000000e+00,1.162376128010967312e-02,1.275101015776617525e-02,1.544917302359369304e-02,1.012391501504104376e-02,2.529177135602881168e-02,2.857097367879654626e-02,1.279620720688683620e-02,2.624010711608356153e-02,5.864495211111735856e-02,3.301052949934703967e-02,4.978378698060782065e-02,3.071908809981103994e-02,7.627694442426669053e-03,2.781352464958149195e-02,7.774823393529704633e-03,3.899508868012820789e-03,7.747440797063000206e-03,5.063451140434319618e-03,1.166562982421596312e-02,5.254644336442159877e-03,2.432647604223189732e-03,6.354504043367839236e-03,5.627553350224895508e-03,6.088697970123216688e-03,4.584471757239550263e-03,8.019180479663030534e-03,2.877573302582821669e-03,1.113807991226188230e-03,6.832690682075066337e-03,1.424680041184600912e-02,1.379566629846003430e-02,5.769687672653149232e-03,1.477318767648846259e-02,2.087385963419960411e-02,2.233933351573744869e-02,6.527214110848012993e-03,2.678318516502289220e-02,1.571320433185185994e-02,2.388217997609524967e-02,1.879950864957377968e-02,3.327301889604233898e-02,9.383081906727930299e-03,8.221214756710901531e-03,1.058311565557856944e-02,4.983161386458695614e-03,1.132997494446454437e-02,1.045489195395137884e-02,1.830591544080713631e-02,1.419153807937705188e-02,3.223869794906322056e-02,3.789668793910998257e-02,1.201531138787336438e-02,2.905493536753677580e-02,7.942681691258619836e-02,3.144235281383966213e-02,4.179520939934412010e-02,2.805414620536772832e-02,7.469233333338425040e-03,2.273682234061851978e-02
1.687593221861401205e-02,2.363900659934719400e-02,2.072413099420061453e-02,1.054338732777592748e-02,3.676510925601358254e-02,5.741723156008642082e-02,6.271230958629568641e-02,7.520771898134846756e-03,6.926817371690491276e-02,3.949647398209818472e-02,4.074362574991493430e-02,2.923265309166155415e-02,8.930479254722076266e-02,2.231101504535013685e-02,2.496453222101002734e-02,1.650705357704880180e-02,1.162376128010967312e-02,0.000000000000000000e+00,3.159926644669282247e-02,3.833987638078594634e-02,2.545057776648563738e-02,6.273681093099241213e-02,7.118124994576122133e-02,3.150441802236931405e-02,6.582092495762396911e-02,1.476304583892540934e-01,8.322134833078119465e-02,1.251483158077635327e-01,7.697666016837149960e-02,1.865298401729714034e-02,7.007835358851800811e-02,1.868070683305879040e-02,9.032385245061001419e-03,1.919444456981549488e-02,1.257293954004812427e-02,2.999266426613679884e-02,1.359829720658919765e-02,5.829770849003103675e-03,1.497554077628455646e-02,1.367033095928981735e-02,1.503610102654888772e-02,1.182948932221978069e-02,2.026784789537915132e-02,7.267019122407890677e-03,2.324471095791914160e-03,1.714508750774399251e-02,3.516459586875099463e-02,3.625541344979274494e-02,1.463046354576031868e-02,3.674488830864215683e-02,5.226722537035247834e-02,5.585363160470994265e-02,1.628691235930801104e-02,6.820034353296559881e-02,3.884923476114299917e-02,5.906370952848614964e-02,4.678242639417283522e-02,8.295236062832513080e-02,2.378922123666444080e-02,2.044744981941368916e-02,2.727979028449022472e-02,1.219016487118546044e-02,2.795616508416503762e-02,2.627649594472411879e-02,4.559017824526014756e-02,3.558172748084714732e-02,7.913843087378107100e-02,9.528743108647926008e-02,3.004653545225349082e-02,7.367946336513198080e-02,2.014577470610630638e-01,7.969170180706267037e-02,1.037659436242595185e-01,7.163211394245924679e-02,1.894612012270575213e-02,5.698029636864825748e-02
1.755197022912730748e-02,2.581591793337165847e-02,2.269508018782687847e-02,1.113367303498265237e-02,3.964171951219546547e-02,6.101107975794194116e-02,6.603299621185768076e-02,8.389234395122024263e-03,7.406497921359164738e-02,4.127131419845292415e-02,4.493785009023088667e-02,3.123073288302417178e-02,9.384418094551774669e-02,2.428650652722783021e-02,2.704336733056241296e-02,1.801426795267279876e-02,1.275101015776617525e-02,3.159926644669282247e-02,0.000000000000000000e+00,4.298144586247316240e-02,2.719207010451016315e-02,7.002534892188874704e-02,7.708013006821828883e-02,3.345075279242808869e-02,7.016175799754376108e-02,1.566781642041610856e-01,8.969271110207940878e-02,1.309522044661778906e-01,8.332513771088786991e-02,2.032754222236658054e-02,7.425592929725000069e-02,2.011108460358358718e-02,1.059526327570293851e-02,2.114160443897430616e-02,1.344637440257478479e-02,3.180536964482104378e-02,1.379905557386072561e-02,6.601679518812239751e-03,1.631318335955160223e-02,1.489888846269964845e-02,1.643957903164745132e-02,1.254279970837346957e-02,2.141862629296990145e-02,7.474725541093203869e-03,2.967439710858082134e-03,1.777243738092210840e-02,3.755820250152074741e-02,3.830797757312406210e-02,1.538504106998880329e-02,3.960634560828522194e-02,5.737669308179670774e-02,5.932220112249730198e-02,1.698248848667484670e-02,7.293594657364849132e-02,4.100886703857672261e-02,6.315439010012832699e-02,4.871960044212982760e-02,8.853062245865872537e-02,2.616168703016300001e-02,2.248297642127873933e-02,2.894498933636175178e-02,1.333289703254788086e-02,2.998876576863954146e-02,2.892939759672917902e-02,5.008473745980392827e-02,3.733969609631451747e-02,8.617344811698793294e-02,1.008297849953664754e-01,3.113051261875417197e-02,7.689687333113492951e-02,2.115392536031459880e-01,8.620050822551753034e-02,1.117666709300522976e-01,7.829411940079315790e-02,2.070288886018386426e-02,6.146674857236458789e-02
2.228575292002943353e-02,3.179217734411274310e-02,2.856727895437884829e-02,1.355489468001585401e-02,4.716295843866557397e-02,7.786311440833369735e-02,8.047481211759940911e-02,9.880331498926628320e-03,9.372678346832555296e-02,5.231363595614686723e-02,5.499212038322673357e-02,3.972195400901993440e-02,1.147187148340004376e-01,2.946089598889471695e-02,3.538884421935108160e-02,2.305424122295381129e-02,1.544917302359369304e-02,3.833987638078594634e-02,4.298144586247316240e-02,0.000000000000000000e+00,3.363902275463986208e-02,8.573910233185715046e-02,9.846037076542799027e-02,4.157840751071845142e-02,8.802423078799637146e-02,1.959996189166862135e-01,1.160375120748363964e-01,1.643869868283262536e-01,1.047430656401490134e-01,2.517905983610677079e-02,9.358471560458044014e-02,2.583053394035231612e-02,1.264028062557603568e-02,2.561587965702785685e-02,1.658934861936499708e-02,3.930160390220595323e-02,1.732823054715076569e-02,8.188113120641916931e-03,2.075685915095247178e-02,1.884016210661339924e-02,2.005854669398551490e-02,1.531156547374549690e-02,2.686193053820450788e-02,9.011391817511095817e-03,3.708545280482894446e-03,2.191133201111955531e-02,4.839784226416189716e-02,4.830072478969366784e-02,1.853537062040432754e-02,4.768918126610355301e-02,7.134045081044439185e-02,7.141360092571918949e-02,2.109910410289038418e-02,9.043080868758408830e-02,5.135775735987013757e-02,7.756359400197114506e-02,6.057528584874770361e-02,1.080700800398090300e-01,3.123313539053051285e-02,2.826389763543473224e-02,3.551659145576816640e-02,1.604688613426554292e-02,3.770844179882904684e-02,3.576832813854587817e-02,6.313884562804077116e-02,4.615970804209674344e-02,1.096011414380435173e-01,1.274861231103767978e-01,3.894085213462043782e-02,9.794174340694393466e-02,2.673753142945852757e-01,1.096668495806557009e-01,1.386195183639087614e-01,9.631932200685840162e-02,2.575166684175792323e-02,7.728606445959025628e-02
1.482588367538453106e-02,2.059837615284239309e-02,1.753588742885421950e-02,9.016860130312786409e-03,3.173685082143955227e-02,4.898123285695559631e-02,5.336727746581711174e-02,6.594084510194650472e-03,5.933672749473038743e-02,3.367088872456439064e-02,3.557281547549306921e-02,2.574170966476248615e-02,7.631941587002238903e-02,1.915481794266983562e-02,2.189902103546817816e-02,1.451206474531743958e-02,1.012391501504104376e-02,2.545057776648563738e-02,2.719207010451016315e-02,3.363902275463986208e-02,0.000000000000000000e+00,5.544329840127082409e-02,6.140393778053523238e-02,2.769526166437782239e-02,5.659087541333967381e-02,1.277833762687265173e-01,7.139652588447054082e-02,1.068093839593788896e-01,6.626007972415605407e-02,1.615279090333290174e-02,5.995990847959992848e-02,1.663766580221764241e-02,8.390476444952473314e-03,1.718297526036464962e-02,1.112510257030518285e-02,2.531972059437414754e-02,1.134413587418391274e-02,5.236999376632660817e-03,1.365250938778028722e-02,1.211353530450679991e-02,1.338403895664173199e-02,1.041354668494919034e-02,1.730449717011905975e-02,6.161910058929595188e-03,2.304461224944869425e-03,1.506117906593251558e-02,3.012186037807133149e-02,3.017011368112084910e-02,1.241237561887124051e-02,3.163346753898914343e-02,4.533895671954978057e-02,4.775417678321915160e-02,1.390381436210490207e-02,5.818944393790974334e-02,3.366469613075105671e-02,5.075084956011335913e-02,4.055335193966353585e-02,7.110857800075057189e-02,2.062881965077168964e-02,1.822386676916969150e-02,2.305747128244771404e-02,1.057287681280237417e-02,2.426780128769853023e-02,2.279560397382681541e-02,3.962940193257030730e-02,3.059441172756488178e-02,6.916931435288928287e-02,8.128213753659627172e-02,2.587717287590287144e-02,6.216827359240498924e-02,1.730164428703665769e-01,6.841173367537019268e-02,8.945573135645427942e-02,6.149426853534703530e-02,1.621734116238420648e-02,4.928250098448646449e-02
