0.000000000000000000e+00,1.515455680852510409e-02,1.415999012088033429e-02,6.700375276930455731e-03,2.318860287655565358e-02,3.143514628451307691e-02,3.718845241696897702e-02,7.251672605207809888e-03,4.012691489406045031e-02,2.084418900673438296e-02,3.119610674871869591e-02,1.801736620372596312e-02,4.989640649351944485e-02,1.214004568991342882e-02,1.735660703004981292e-02,1.278264338262007603e-02,5.704161080025527998e-03,1.355498578092077452e-02,1.964706077753268498e-02,3.388090620868842995e-02,1.764843977577761069e-02,6.073858342835380952e-02,4.747842985936183424e-02,1.533500838767018135e-02,3.689759676949182915e-02,8.975364145734512911e-02,4.658111998376750912e-02,7.206651070292913186e-02,4.434693443045261557e-02,1.235031392650082563e-02,3.288239936381872480e-02,1.353721205768622718e-02,9.677213918496714931e-03,1.595352829649361592e-02,8.148512995706028161e-03,1.369104508862769784e-02,7.213613155922719844e-03,5.809901640078749679e-03,1.420925607478298013e-02,1.083435696694510543e-02,1.267276508039739263e-02,8.357481434041089466e-03,1.278819519092729180e-02,2.742281507129454374e-03,3.765392189389317815e-03,1.019643100880113749e-02,1.776305508819597465e-02,1.839191017415372706e-02,6.186575585195541911e-03,2.492775058087559614e-02,3.147502209392741973e-02,3.465189590273687337e-02,9.907195480300346954e-03,3.965484763058830381e-02,2.235986712804837254e-02,3.460087540252607119e-02,2.688041281262864082e-02,4.731354060507222264e-02,1.534692935228016385e-02,1.864545960238409364e-02,1.036275088093823772e-02,8.378829209625208649e-03,1.725408430302406010e-02,1.814241529060735963e-02,3.135106926761857538e-02,1.959484027795984490e-02,5.225351900013069928e-02,4.841555713873797046e-02,1.246399671828994117e-02,3.757174643579509754e-02,1.085554562435229325e-01,4.798686090748723737e-02,6.627173849897059765e-02,5.022296233612486005e-02,1.116598455164381602e-02,3.844558014054155065e-02
1.515455680852510409e-02,0.000000000000000000e+00,2.213859411609720926e-02,1.066101976159722527e-02,3.676789415796224286e-02,4.977913399139312356e-02,5.953130633849991471e-02,1.107930810091181315e-02,6.457599542960856809e-02,3.261360245303199928e-02,4.968596542413373368e-02,2.736935806631447463e-02,8.018424280632090173e-02,1.918037540284410133e-02,2.695674987513832499e-02,2.108682133480739920e-02,8.774426142157976463e-03,2.205667430157755987e-02,3.106818475349927208e-02,5.367590039840179628e-02,2.664996294993881437e-02,9.832592927958362650e-02,7.418957482431874639e-02,2.347188869620272372e-02,5.865885755097677290e-02,1.394172912516292717e-01,7.312027849788978184e-02,1.160055333085163315e-01,7.174682615790921314e-02,1.983193345975575034e-02,5.185534095871247029e-02,2.150834628880190363e-02,1.529811244915295007e-02,2.528057912852263792e-02,1.244591423591697582e-02,2.175351123669772707e-02,1.173327859602384636e-02,9.443793277860400293e-03,2.256612022000114084e-02,1.734780728059881136e-02,1.957316801758777342e-02,1.294002118697157484e-02,2.030367788782726571e-02,4.347469852201094054e-03,5.811031099265993351e-03,1.539376535796783789e-02,2.881836332726964503e-02,2.875069508002677660e-02,9.528386545597750806e-03,4.052473103143502259e-02,5.055490306294741637e-02,5.612565925864641814e-02,1.558653156318432452e-02,6.400315975290005177e-02,3.515368468765645710e-02,5.517018077715959978e-02,4.025330363726396105e-02,7.595512227896752955e-02,2.473448342965155200e-02,2.910300540583712209e-02,1.659016397144330926e-02,1.309758473540240109e-02,2.763021139831934453e-02,2.913644959318798661e-02,4.963843398005070295e-02,2.968620943066862736e-02,8.468263173626479345e-02,7.626828955974505886e-02,1.864257250647387981e-02,6.053550441332873622e-02,1.708718218608278050e-01,7.702215292441350059e-02,1.066290423639421753e-01,8.139789752598887429e-02,1.820177241664381468e-02,6.146233839349430489e-02
1.415999012088033429e-02,2.213859411609720926e-02,0.000000000000000000e+00,9.724084545454047407e-03,3.374277453010392919e-02,4.655147297856221389e-02,5.473098244269520435e-02,1.022985314621299192e-02,5.962105652254565819e-02,3.018484267063812482e-02,4.558515731225304402e-02,2.547306228423976485e-02,7.401129593888536307e-02,1.825529735612188911e-02,2.467214635255666338e-02,1.933567454013153386e-02,8.493017661425425122e-03,2.050234158766204087e-02,2.926196190259138658e-02,4.984652128020423262e-02,2.490319913129744600e-02,8.997010657844391190e-02,6.842050962625167987e-02,2.202808118695698258e-02,5.488758439401280470e-02,1.292837412039929412e-01,6.873602145763924032e-02,1.059938786188213966e-01,6.735032752005737366e-02,1.854260180248580581e-02,4.819952787098097380e-02,1.921283082496062430e-02,1.401290493887302237e-02,2.319828286569238299e-02,1.175304336714563108e-02,2.030232012363742886e-02,1.059370425662236465e-02,8.403598395454856332e-03,2.016539424625655302e-02,1.575651917530932963e-02,1.801732696141729317e-02,1.206066848256621103e-02,1.884017503568913288e-02,3.939049448658174871e-03,5.350549866918301485e-03,1.439926637474069418e-02,2.658660745777677650e-02,2.733133869749049261e-02,9.081156572149560319e-03,3.662607576529289255e-02,4.684344690845888143e-02,5.096805054419496078e-02,1.429089909894877032e-02,5.894749411758049007e-02,3.237773056235186686e-02,5.035734500182495466e-02,3.698175958090094140e-02,6.973797366091023797e-02,2.295091213933654964e-02,2.698879086200596175e-02,1.529639878898278807e-02,1.210554217389365680e-02,2.519189254273961065e-02,2.749149706839922047e-02,4.662499356460814148e-02,2.748925896802005206e-02,7.794006974750379568e-02,7.082591647854472039e-02,1.762954725841991976e-02,5.564728712522287041e-02,1.572198116388975886e-01,7.172170917858612660e-02,9.746289296942124702e-02,7.516838230682475197e-02,1.683074165514259618e-02,5.611796474180048844e-02
6.700375276930455731e-03,1.066101976159722527e-02,9.724084545454047407e-03,0.000000000000000000e+00,1.638980584348231906e-02,2.194922356992048615e-02,2.626082096835878968e-02,4.837101873306453963e-03,2.860533766122386190e-02,1.452256466458511953e-02,2.232012407860440445e-02,1.197104575364864483e-02,3.544983739780473847e-02,8.558586705281933521e-03,1.191617792129696929e-02,9.075143836094999583e-03,3.906521300671431801e-03,9.458424765259952627e-03,1.368985495442880986e-02,2.344453396449346083e-02,1.182360786077380974e-02,4.279212557442022002e-02,3.280016832165713603e-02,1.008041639973288744e-02,2.564666319478480644e-02,6.142619923246867009e-02,3.218825290456813620e-02,5.101585991912733348e-02,3.129398275048621281e-02,8.732852238619231294e-03,2.276352091730184102e-02,9.442553491897072784e-03,6.881674544063089670e-03,1.122827570051352156e-02,5.524295088482809868e-03,9.488688355791414022e-03,5.007795064928126025e-03,4.132381981507754487e-03,9.973517018872665035e-03,7.719038023040223490e-03,8.891854155641899793e-03,5.871405260922425706e-03,9.037819991311406981e-03,1.949900197828226094e-03,2.592259581784042352e-03,7.122091041495757016e-03,1.271781738935451322e-02,1.270935444643557337e-02,4.288233162297477342e-03,1.794029270275077081e-02,2.246128515528902914e-02,2.499539682628783635e-02,6.890432636692075952e-03,2.809096137798953313e-02,1.569594959679187357e-02,2.448915252297235307e-02,1.802596350400098579e-02,3.384233438946245009e-02,1.091399480623724168e-02,1.302121706525552654e-02,7.243016408634381231e-03,5.959963336756761779e-03,1.208841874187419584e-02,1.301958193821237987e-02,2.206456632930996545e-02,1.341981250063247269e-02,3.685536894034665417e-02,3.362209482063521077e-02,8.148317036039689001e-03,2.645406219684638335e-02,7.507089384294013401e-02,3.389809938027272401e-02,4.702991540146708727e-02,3.564151534557720435e-02,7.940701878165118410e-03,2.742253789946954082e-02
2.318860287655565358e-02,3.676789415796224286e-02,3.374277453010392919e-02,1.638980584348231906e-02,0.000000000000000000e+00,7.653226308440762293e-02,9.017225513546003879e-02,1.693507913251759978e-02,9.871489412579780021e-02,5.026291888781508205e-02,7.641318765863505669e-02,4.210490425170410056e-02,1.221755859038745617e-01,2.925810421366158154e-02,4.144046945816987071e-02,3.148064860524065617e-02,1.401640103937219425e-02,3.374672083611011258e-02,4.780354075031212346e-02,8.080894920861692032e-02,4.078794037646180787e-02,1.486605260104091053e-01,1.136750123431242016e-01,3.620588999719957096e-02,8.976780303829900998e-02,2.137571164391586787e-01,1.119966584697648371e-01,1.755971748449086101e-01,1.098150583079478687e-01,3.017429432981218879e-02,7.996018791504981571e-02,3.338194802419934548e-02,2.361912942324666947e-02,3.890542055027174095e-02,1.933440349935007865e-02,3.311251543353042198e-02,1.780109235010967489e-02,1.437010445446395591e-02,3.478138071057726433e-02,2.645553062812880038e-02,3.033774645450010993e-02,1.977031155307830065e-02,3.071096463700001555e-02,6.710557379089088920e-03,9.027345542535722064e-03,2.406959873344036854e-02,4.367378340708200773e-02,4.396428779343850707e-02,1.495449257266721899e-02,6.181600638288800575e-02,7.760878461692599650e-02,8.529667596301947208e-02,2.368138319726053112e-02,9.819388554168911876e-02,5.440407240412808987e-02,8.522217431559936385e-02,6.227235340856798057e-02,1.161013331243992697e-01,3.750947390106515456e-02,4.440158410549279594e-02,2.543473255294697449e-02,2.025527636145345659e-02,4.197772072401684956e-02,4.509256711154569636e-02,7.573344514628785329e-02,4.574579659612310056e-02,1.285617985773487293e-01,1.172744197758802120e-01,2.888081314113908477e-02,9.245996710209739011e-02,2.616356986719602928e-01,1.174678254333000327e-01,1.620551371759478276e-01,1.236813843725799583e-01,2.781768586532034487e-02,9.364304438474321812e-02
3.143514628451307691e-02,4.977913399139312356e-02,4.655147297856221389e-02,2.194922356992048615e-02,7.653226308440762293e-02,0.000000000000000000e+00,1.241334470607874108e-01,2.360201749822765996e-02,1.357927836780315201e-01,6.765524568520271675e-02,1.027171034722522136e-01,5.697549900436793546e-02,1.676805771274875734e-01,4.075453327054410352e-02,5.577375433148355072e-02,4.367257056521367531e-02,1.927101827454334032e-02,4.747191127165396873e-02,6.536374881342729704e-02,1.107111333765819633e-01,5.538545228064026271e-02,2.042822156000514144e-01,1.556060984455270579e-01,5.017462721369206347e-02,1.242063358046268107e-01,2.924454162028311544e-01,1.545970758039246495e-01,2.398920099830179620e-01,1.517817635489253636e-01,4.125176498554026377e-02,1.089284564468259719e-01,4.482096295091713561e-02,3.217469328605891687e-02,5.219591119012188113e-02,2.636689348802255875e-02,4.548557133978562567e-02,2.397819153804411560e-02,1.930501997808808240e-02,4.662963207233175589e-02,3.595659244577641134e-02,4.096507211217763345e-02,2.711777289700395902e-02,4.153001117940953446e-02,9.134070673329084539e-03,1.206412896312529168e-02,3.302917605542950163e-02,6.031648660691556196e-02,6.100984470927725556e-02,2.044971586699805693e-02,8.335737786302539754e-02,1.066474678897802730e-01,1.165617893694371743e-01,3.245232173714432400e-02,1.352502173828206145e-01,7.286864401300940930e-02,1.144009476887679067e-01,8.293084936466367518e-02,1.590989204965309600e-01,5.064722257917362441e-02,6.050268710127575805e-02,3.553501286651941649e-02,2.748098555821392244e-02,5.700471530849581664e-02,6.162222476572251639e-02,1.045938032913033278e-01,6.217762700591909081e-02,1.772436169932381511e-01,1.619917862120689167e-01,4.006863051981918861e-02,1.275975613778490558e-01,3.584992192499337205e-01,1.628223930312258372e-01,2.215155784571496700e-01,1.709370637175125773e-01,3.848025240704349564e-02,1.274724550793042144e-01
3.718845241696897702e-02,5.953130633849991471e-02,5.473098244269520435e-02,2.626082096835878968e-02,9.017225513546003879e-02,1.241334470607874108e-01,0.000000000000000000e+00,2.731733775996578878e-02,1.606900348914886145e-01,8.118333589725050536e-02,1.225136702135159184e-01,6.801671795131329634e-02,1.980553703538758814e-01,4.732735520210509111e-02,6.551702280918186849e-02,5.145069714726698690e-02,2.284434911714320129e-02,5.504154471796690595e-02,7.707003357228794926e-02,1.312104665770453260e-01,6.568352685368407384e-02,2.395510433249290194e-01,1.822468447031239391e-01,5.865036380503704100e-02,1.460241910634541007e-01,3.438311358252101324e-01,1.816732654650435042e-01,2.832942189076307904e-01,1.774846530091001851e-01,4.863624486091836646e-02,1.278810596430204893e-01,5.319028603808264449e-02,3.798404324646205421e-02,6.235602193788758463e-02,3.138302968885717248e-02,5.376470539976448137e-02,2.849528290452974302e-02,2.285751624451426434e-02,5.583484629867063731e-02,4.252070302105285388e-02,4.889415452956024505e-02,3.240201987074300960e-02,4.987420564837066750e-02,1.097286912207711893e-02,1.425865696330281922e-02,3.873879028961051824e-02,7.124883165878560798e-02,7.118162074673196893e-02,2.419723171247297258e-02,9.935999689537171331e-02,1.253995180200161430e-01,1.384621694361799493e-01,3.843397014556516195e-02,1.574365372150216824e-01,8.757752772646906769e-02,1.360855225389991374e-01,9.997708920270297062e-02,1.875285368836914768e-01,6.054165843640847006e-02,7.134269679202098757e-02,4.145049143016163451e-02,3.261502808545956034e-02,6.737583300355379223e-02,7.256849949512203524e-02,1.227119403841753081e-01,7.403548817403494964e-02,2.074512013583661996e-01,1.885665191029648469e-01,4.632677683981329536e-02,1.497725913248541818e-01,4.204728696405498067e-01,1.905405667117685276e-01,2.608492599224297992e-01,1.998595279666667002e-01,4.482344872819452736e-02,1.513608721882969965e-01
7.251672605207809888e-03,1.107930810091181315e-02,1.022985314621299192e-02,4.837101873306453963e-03,1.693507913251759978e-02,2.360201749822765996e-02,2.731733775996578878e-02,0.000000000000000000e+00,2.999608647485153823e-02,1.552555837457802665e-02,2.280218633503957454e-02,1.334125845954117935e-02,3.699928887061093574e-02,9.083695043368561484e-03,1.265474865166847651e-02,9.599525097282219852e-03,4.477487226345859203e-03,1.064932649064541728e-02,1.449990183718683975e-02,2.468796850736547366e-02,1.253359247974916192e-02,4.496245460887952905e-02,3.491958375466598652e-02,1.155039157609255400e-02,2.736625665714546851e-02,6.659131660003385356e-02,3.468582502001530538e-02,5.329263670391325147e-02,3.386478720810406212e-02,9.006149171918767168e-03,2.476236299171042862e-02,1.001501776934257334e-02,7.337995438466069810e-03,1.211288724815201730e-02,6.040016955499222760e-03,1.011563429805538428e-02,5.256482322230552826e-03,4.367359088100547168e-03,1.045815324600959766e-02,8.014523503028321214e-03,9.464566517876955506e-03,6.224575181433478904e-03,9.517337065696091641e-03,2.171844123372039612e-03,2.783024120846763413e-03,7.263760586455296833e-03,1.308273019837016479e-02,1.367973935764447979e-02,4.702121598264894300e-03,1.817411664710122041e-02,2.364243518776710379e-02,2.584608970771557976e-02,7.251030966923207623e-03,2.981018812007014962e-02,1.653125896338931283e-02,2.572985894275522586e-02,1.918413997419084194e-02,3.551391354763783897e-02,1.147840154129714518e-02,1.355743257423425510e-02,7.975704705393375782e-03,6.135968352813598106e-03,1.285118964256832044e-02,1.384877317681675567e-02,2.308874592019507371e-02,1.405253140565706181e-02,3.964405249881752802e-02,3.639747644818641659e-02,9.126899965252760483e-03,2.812692642682830535e-02,8.097390438387989942e-02,3.635041238745110453e-02,4.947408403133912724e-02,3.746259174880687409e-02,8.140784942523446310e-03,2.853303717224474345e-02
4.012691489406045031e-02,6.457599542960856809e-02,5.962105652254565819e-02,2.860533766122386190e-02,9.871489412579780021e-02,1.357927836780315201e-01,1.606900348914886145e-01,2.999608647485153823e-02,0.000000000000000000e+00,8.741707716313275311e-02,1.320701030625275885e-01,7.303085599687560159e-02,2.171675303413407865e-01,5.276510394371329571e-02,7.165391325568626346e-02,5.684400766603142641e-02,2.502045175070171518e-02,6.134391333315396266e-02,8.381259575966235054e-02,1.439799422225016834e-01,7.070665427343146570e-02,2.637603786300370956e-01,2.003320434610799672e-01,6.401194063792980948e-02,1.602249767626740817e-01,3.755000984290037813e-01,2.008545623712229555e-01,3.109376736776983674e-01,1.964022679363088553e-01,5.322519192832679547e-02,1.396588140743497686e-01,5.752710039330645453e-02,4.159626804813890827e-02,6.763552239803861943e-02,3.401400268954385409e-02,5.907154291863198764e-02,3.100183413088296661e-02,2.494487231386584986e-02,6.004067895555628698e-02,4.644468951742410784e-02,5.290382827467104976e-02,3.490708285266291844e-02,5.383817723597497662e-02,1.195322485081278668e-02,1.560058944501619208e-02,4.185409396976827456e-02,7.778414203629702151e-02,7.873424812606034939e-02,2.651222067180364350e-02,1.073296894925583472e-01,1.371772231297439526e-01,1.510768444544808298e-01,4.180566443983124020e-02,1.739334818414838835e-01,9.469060379181530596e-02,1.476432995970277939e-01,1.071851877273349574e-01,2.054791705805189828e-01,6.578645991707984808e-02,7.768301874906714810e-02,4.594912612079809361e-02,3.554592838989426712e-02,7.394552484808510073e-02,7.976521201237884995e-02,1.354065483138804926e-01,7.962860750894747153e-02,2.290720784762514117e-01,2.093997184249728194e-01,5.127014625433416045e-02,1.642888804077943243e-01,4.607838765976930984e-01,2.103373824789168123e-01,2.878793848085492990e-01,2.196448599776878174e-01,4.982639997626336914e-02,1.641495198555675550e-01
2.084418900673438296e-02,3.261360245303199928e-02,3.018484267063812482e-02,1.452256466458511953e-02,5.026291888781508205e-02,6.765524568520271675e-02,8.118333589725050536e-02,1.552555837457802665e-02,8.741707716313275311e-02,0.000000000000000000e+00,6.830198449255003856e-02,3.737446328378073862e-02,1.087710762604498227e-01,2.621310668119621046e-02,3.663663501191317950e-02,2.853898730204212572e-02,1.205197581164712053e-02,3.005514691135953431e-02,4.265853738190528155e-02,7.271778837147603591e-02,3.663488728619145041e-02,1.339496472319973985e-01,1.011350688776244400e-01,3.216575435161765639e-02,8.022201828597194662e-02,1.907227816709037294e-01,9.974720134813692962e-02,1.577161556350450689e-01,9.721628340751081732e-02,2.683392781643651262e-02,7.107079226641305203e-02,2.917941840654434890e-02,2.108060520025029083e-02,3.437098535520990289e-02,1.674950433016838408e-02,2.998640275914081499e-02,1.606843108442097129e-02,1.274285463992992987e-02,3.070043125341946622e-02,2.392505841308347272e-02,2.685350893388215726e-02,1.740915655425795752e-02,2.761230756793323082e-02,5.868867002960558715e-03,8.131020572580020811e-03,2.136811509771659179e-02,3.925020542815954583e-02,3.901349615103873181e-02,1.324353224681287106e-02,5.532738270585579182e-02,6.816903257326478727e-02,7.624228969315115234e-02,2.124678165750213538e-02,8.701097716463371268e-02,4.842671868970969962e-02,7.536496116452490179e-02,5.519042548577734325e-02,1.032730392644804623e-01,3.334301694872784938e-02,3.962557907143458846e-02,2.265628051812620947e-02,1.779573563575456360e-02,3.765503085503341812e-02,3.988526395115007256e-02,6.682107967997201470e-02,4.089902258062545759e-02,1.138238239395682611e-01,1.037663319579388566e-01,2.509661863720256958e-02,8.226566485939344753e-02,2.338080438131974192e-01,1.045405298961514101e-01,1.450922315348604497e-01,1.106203760188685520e-01,2.496111453771563543e-02,8.345761707156669484e-02
3.119610674871869591e-02,4.968596542413373368e-02,4.558515731225304402e-02,2.232012407860440445e-02,7.641318765863505669e-02,1.027171034722522136e-01,1.225136702135159184e-01,2.280218633503957454e-02,1.320701030625275885e-01,6.830198449255003856e-02,0.000000000000000000e+00,5.714564534487016206e-02,1.644762645900838260e-01,4.031208418332549864e-02,5.398465414314142924e-02,4.242440342227588035e-02,1.907356376026615036e-02,4.554973735282635133e-02,6.368382096455596497e-02,1.091501275858746262e-01,5.456004681974498116e-02,1.978657719162927875e-01,1.519488673682986291e-01,4.861782691366706155e-02,1.210369354638018702e-01,2.859616511855442300e-01,1.523444252527087206e-01,2.364214739106912377e-01,1.479450551439186468e-01,4.049472615822808513e-02,1.067791113263436703e-01,4.421629318296976807e-02,3.148635933365966783e-02,5.184866292934064980e-02,2.602147623417297440e-02,4.561184656425355116e-02,2.400531976218267180e-02,1.876853902964183141e-02,4.583412703061826021e-02,3.539646625326808849e-02,4.094879051713408435e-02,2.692319217554210720e-02,4.193557237023073925e-02,9.397515279238554536e-03,1.195146699771352378e-02,3.221884296253801905e-02,5.881467566942453346e-02,5.979604244544699243e-02,2.052385068755431877e-02,8.326563996758486186e-02,1.037942785760831571e-01,1.158213156673544436e-01,3.157588109729829451e-02,1.315574010349878642e-01,7.369569079283648516e-02,1.136675391204975127e-01,8.379637432413519771e-02,1.561616476739612069e-01,5.117117341056290347e-02,5.899383396597556589e-02,3.469395779525753787e-02,2.710089873624773119e-02,5.607477315749008484e-02,6.057711970039247190e-02,1.020772822156856552e-01,6.135347730478968309e-02,1.716644969334777948e-01,1.575345833479784574e-01,3.880445608505811439e-02,1.240045047152973229e-01,3.497386919128427363e-01,1.588855365842396228e-01,2.189955742872010391e-01,1.649113676415664975e-01,3.739126565859427626e-02,1.257996543824670965e-01
1.801736620372596312e-02,2.736935806631447463e-02,2.547306228423976485e-02,1.197104575364864483e-02,4.210490425170410056e-02,5.697549900436793546e-02,6.801671795131329634e-02,1.334125845954117935e-02,7.303085599687560159e-02,3.737446328378073862e-02,5.714564534487016206e-02,0.000000000000000000e+00,9.127378997180078668e-02,2.196999026805464619e-02,3.120581774858496166e-02,2.367211001986987626e-02,1.024626431937297223e-02,2.510586006760835015e-02,3.576873749576245376e-02,6.064710869944863608e-02,3.137679458627057327e-02,1.113746974077185481e-01,8.590166761160222819e-02,2.738597215162037052e-02,6.674144841583649901e-02,1.622781321203284888e-01,8.330255433542309296e-02,1.312714841578111746e-01,8.117903009837570960e-02,2.262775594439466950e-02,6.017648416777486575e-02,2.462780293633838949e-02,1.765876899783357448e-02,2.907300139445380752e-02,1.431709235636356714e-02,2.479436476926587252e-02,1.317182976090842950e-02,1.056929672789818850e-02,2.579923438118351953e-02,1.995799511249539068e-02,2.277986467239639587e-02,1.492683729673283284e-02,2.312238104821146348e-02,4.936532297964391428e-03,6.762057528681858845e-03,1.852864786627458557e-02,3.244523612197051932e-02,3.245378094220423976e-02,1.112319447071378857e-02,4.585211899867107366e-02,5.704936024008240569e-02,6.402087897527240778e-02,1.767771330014935791e-02,7.272477048075012829e-02,4.041130971205789124e-02,6.306252074982891809e-02,4.757504109915859647e-02,8.683217174768394220e-02,2.813253519055959606e-02,3.348401785807522679e-02,1.881262939690069719e-02,1.502023437532714126e-02,3.136641618550345401e-02,3.352603581905935770e-02,5.560228614126910829e-02,3.489880641745474188e-02,9.440030433844941171e-02,8.683523080301605579e-02,2.136974047412514011e-02,6.825218524930361241e-02,1.962637322252597516e-01,8.670985617861493022e-02,1.210451349820630407e-01,9.193665827604449725e-02,2.079343361271658239e-02,7.017160020512515362e-02
4.989640649351944485e-02,8.018424280632090173e-02,7.401129593888536307e-02,3.544983739780473847e-02,1.221755859038745617e-01,1.676805771274875734e-01,1.980553703538758814e-01,3.699928887061093574e-02,2.171675303413407865e-01,1.087710762604498227e-01,1.644762645900838260e-01,9.127378997180078668e-02,0.000000000000000000e+00,6.422611782407866565e-02,8.912777252574799469e-02,7.015445089547919788e-02,3.054429354171962069e-02,7.504730670306657137e-02,1.038655126023286662e-01,1.780150656266020759e-01,8.854832424854632011e-02,3.269859166705530451e-01,2.470975618595142864e-01,7.932488430441991811e-02,1.980708163636169805e-01,4.639914083745283468e-01,2.465004062684910124e-01,3.837059584273641577e-01,2.410495448874989677e-01,6.583409668200618237e-02,1.724240781617291940e-01,7.154432326319577762e-02,5.136298232026944438e-02,8.340481390129425576e-02,4.195730968695961238e-02,7.244109281590419003e-02,3.851606188672861142e-02,3.108393644951623624e-02,7.532864692445885579e-02,5.758177075374221188e-02,6.551057990008309073e-02,4.366029826938885167e-02,6.697372619047899100e-02,1.465624396689642339e-02,1.943091242626263440e-02,5.201029654153365572e-02,9.607983256726240762e-02,9.705647672897524392e-02,3.256277103811826973e-02,1.335254510473765366e-01,1.693431637204873552e-01,1.860506682541184231e-01,5.170593501101766049e-02,2.142706317243263103e-01,1.175440804209554047e-01,1.828395273581910896e-01,1.335625430971371930e-01,2.536947567939459303e-01,8.144942073197200538e-02,9.700581731655399942e-02,5.645657692693850649e-02,4.388921076339245136e-02,9.147199592260440992e-02,9.797675888680444645e-02,1.665229572960932602e-01,9.907267047141295191e-02,2.831281447292035014e-01,2.567989339439213370e-01,6.277238458217829220e-02,2.034997541951459876e-01,5.697723533494482018e-01,2.589743562648377240e-01,3.542791110982848046e-01,2.707054114371172382e-01,6.102632289070223509e-02,2.040104861916229306e-01
1.214004568991342882e-02,1.918037540284410133e-02,1.825529735612188911e-02,8.558586705281933521e-03,2.925810421366158154e-02,4.075453327054410352e-02,4.732735520210509111e-02,9.083695043368561484e-03,5.276510394371329571e-02,2.621310668119621046e-02,4.031208418332549864e-02,2.196999026805464619e-02,6.422611782407866565e-02,0.000000000000000000e+00,2.214509079742663089e-02,1.670198288142280343e-02,7.293976417495158862e-03,1.774335786074954235e-02,2.551917999541185311e-02,4.282100567376597583e-02,2.153677156729887771e-02,7.953912760771643387e-02,6.026063992574691441e-02,1.930026528145823567e-02,4.723299370982979306e-02,1.124777709735856612e-01,5.982686618655290445e-02,9.328587180765700315e-02,5.876203207774050030e-02,1.630474646733916580e-02,4.178689831095373092e-02,1.729285318006205593e-02,1.233380318854677624e-02,1.985497221891283776e-02,9.921360690915969130e-03,1.729320861253244232e-02,9.364839987199313417e-03,7.617947334751128639e-03,1.809734167870408542e-02,1.379141944772247462e-02,1.560838773816609903e-02,1.012335119758341756e-02,1.619734101614556457e-02,3.428281285698510893e-03,4.738063863560493770e-03,1.268925425321773028e-02,2.341179358696111185e-02,2.349480055181199512e-02,7.769117022569198977e-03,3.250418952106541581e-02,4.066940685733918398e-02,4.478127254596515894e-02,1.255650842757376380e-02,5.223302538993498945e-02,2.837815511200508789e-02,4.495486031293550316e-02,3.264763477259404606e-02,6.113190343656881021e-02,1.992098830382064978e-02,2.403100286330222060e-02,1.345443321556836352e-02,1.062469386949325273e-02,2.222835905306823692e-02,2.403149686749542213e-02,4.007462494593685975e-02,2.423148781483732556e-02,6.815126572215851608e-02,6.178272724983517594e-02,1.516514646342441083e-02,4.929386751057800164e-02,1.385518140001871235e-01,6.245426651156549269e-02,8.539434998896931750e-02,6.615632065641872950e-02,1.475974355152585155e-02,4.913103878869273106e-02
1.735660703004981292e-02,2.695674987513832499e-02,2.467214635255666338e-02,1.191617792129696929e-02,4.144046945816987071e-02,5.577375433148355072e-02,6.551702280918186849e-02,1.265474865166847651e-02,7.165391325568626346e-02,3.663663501191317950e-02,5.398465414314142924e-02,3.120581774858496166e-02,8.912777252574799469e-02,2.214509079742663089e-02,0.000000000000000000e+00,2.272838648156558228e-02,1.085933125094032045e-02,2.540513023635831980e-02,3.394538214915979873e-02,5.819889438875164300e-02,2.967645291016883860e-02,1.052426207142650727e-01,8.290048350492447427e-02,2.773391806746785052e-02,6.629027407329993182e-02,1.571054274922070726e-01,8.347361147528610525e-02,1.272270578212355563e-01,8.087230421028850091e-02,2.163271581399870205e-02,5.912166836240326934e-02,2.390974670832163654e-02,1.696589678366118570e-02,2.842888797741869450e-02,1.454915135828507150e-02,2.476172753622605388e-02,1.247588706540342374e-02,1.000923189722006251e-02,2.465681333840872430e-02,1.868100659501784749e-02,2.213987160679802002e-02,1.475333653308029576e-02,2.193516897104083943e-02,5.110592420017744282e-03,6.417244064736247512e-03,1.779776519132330106e-02,3.165494236123857219e-02,3.295972113556161487e-02,1.143860762511448963e-02,4.418114639776846847e-02,5.617484991377377779e-02,6.225967796504117135e-02,1.717169379282920683e-02,7.107278112390208458e-02,3.941643288604203960e-02,6.126529328742879449e-02,4.580465626371633264e-02,8.471884562258261142e-02,2.753227888890898839e-02,3.209556659688173053e-02,1.938578086908399750e-02,1.472617089236162753e-02,2.989071565639087741e-02,3.306391233199280216e-02,5.514879525975315000e-02,3.389085338873687459e-02,9.357774027933350725e-02,8.737381437601418610e-02,2.213878548659975465e-02,6.744406277404263461e-02,1.919073681602766479e-01,8.674280597069554399e-02,1.175282161944535692e-01,8.865010747170153083e-02,1.998867913532143339e-02,6.765047417013411724e-02
1.278264338262007603e-02,2.108682133480739920e-02,1.933567454013153386e-02,9.075143836094999583e-03,3.148064860524065617e-02,4.367257056521367531e-02,5.145069714726698690e-02,9.599525097282219852e-03,5.684400766603142641e-02,2.853898730204212572e-02,4.242440342227588035e-02,2.367211001986987626e-02,7.015445089547919788e-02,1.670198288142280343e-02,2.272838648156558228e-02,0.000000000000000000e+00,8.125655365746864076e-03,1.947638700590867064e-02,2.685754725167753890e-02,4.656933128263666954e-02,2.274620029287304640e-02,8.467459658444939641e-02,6.414432068879724613e-02,2.058738779722723775e-02,5.168833874591859806e-02,1.205412595746323673e-01,6.482175678340482139e-02,1.000472338506890463e-01,6.292243984836888571e-02,1.720423549263185720e-02,4.426577081623280646e-02,1.838375836361257412e-02,1.307546372143649806e-02,2.126181043258484199e-02,1.065754416544640974e-02,1.893420505390315881e-02,9.940089452021499267e-03,7.918064786326967780e-03,1.928556165859369662e-02,1.462946756458219713e-02,1.688524736586270031e-02,1.121351739175398092e-02,1.744567844792218117e-02,3.934015970925474476e-03,4.939496839015020471e-03,1.325963778466513789e-02,2.522897629916345461e-02,2.513690522798696023e-02,8.453685712952607387e-03,3.471775848082504778e-02,4.374597018034737106e-02,4.858940099848088612e-02,1.349109241110149279e-02,5.559688626777458537e-02,3.076985389466388443e-02,4.764442051894039049e-02,3.446255696088228182e-02,6.601625348230093226e-02,2.122462072910972705e-02,2.507756974872165506e-02,1.474387507284048368e-02,1.142857559786616961e-02,2.377740940259474856e-02,2.569502934875818670e-02,4.322859771364373493e-02,2.568407781723447414e-02,7.353642186807936298e-02,6.648865446578428040e-02,1.625429085833810655e-02,5.323181884356836119e-02,1.476422104849764994e-01,6.736492679799621630e-02,9.192994931728722119e-02,7.037120025277895929e-02,1.581405992822061679e-02,5.300367654428674025e-02
5.704161080025527998e-03,8.774426142157976463e-03,8.493017661425425122e-03,3.906521300671431801e-03,1.401640103937219425e-02,1.927101827454334032e-02,2.284434911714320129e-02,4.477487226345859203e-03,2.502045175070171518e-02,1.205197581164712053e-02,1.907356376026615036e-02,1.024626431937297223e-02,3.054429354171962069e-02,7.293976417495158862e-03,1.085933125094032045e-02,8.125655365746864076e-03,0.000000000000000000e+00,8.524516126783525730e-03,1.209352652418894600e-02,2.021685727446072972e-02,1.021653390060097387e-02,3.849855580751632839e-02,2.904184917597404242e-02,9.152603939715427475e-03,2.255375018477115065e-02,5.386333272113828091e-02,2.826843759225720204e-02,4.457171252875994499e-02,2.791990138608596572e-02,7.545928494463801858e-03,2.003948634904915982e-02,8.439172746485881782e-03,6.043451330499481113e-03,9.501876283947283466e-03,4.611425016583891971e-03,8.073496534902946040e-03,4.407230915071544408e-03,3.723899260855513104e-03,8.800020936979143990e-03,6.747498944375253556e-03,7.332778562389905344e-03,4.688528980293942341e-03,7.412016604884394746e-03,1.522577425315759393e-03,2.339862392155840198e-03,5.882362687140115995e-03,1.105676550184057916e-02,1.095485123385608016e-02,3.606339240535980095e-03,1.555990628582792565e-02,1.937499017178580599e-02,2.138706481634389950e-02,5.961970582741470993e-03,2.503416432801646233e-02,1.311127477433006797e-02,2.143629336629878854e-02,1.521029188107178229e-02,2.922886824898617009e-02,9.111582276908865644e-03,1.134581582281543773e-02,6.403273425689396184e-03,4.831748769787855280e-03,1.057901888050729808e-02,1.138884175262269358e-02,1.909905537654680088e-02,1.130587976790524418e-02,3.320842429241997046e-02,2.971119242053342491e-02,7.157327062443839816e-03,2.353004468906363250e-02,6.686905437278432840e-02,2.994814570058616093e-02,4.094801293357056698e-02,3.191882616170443887e-02,7.246194430965576666e-03,2.318087361656138989e-02
1.355498578092077452e-02,2.205667430157755987e-02,2.050234158766204087e-02,9.458424765259952627e-03,3.374672083611011258e-02,4.747191127165396873e-02,5.504154471796690595e-02,1.064932649064541728e-02,6.134391333315396266e-02,3.005514691135953431e-02,4.554973735282635133e-02,2.510586006760835015e-02,7.504730670306657137e-02,1.774335786074954235e-02,2.540513023635831980e-02,1.947638700590867064e-02,8.524516126783525730e-03,0.000000000000000000e+00,2.910526427984039960e-02,4.930911213279023930e-02,2.452287376672006997e-02,9.278037627786342445e-02,6.969931764436243515e-02,2.235614307149915228e-02,5.560329481784342248e-02,1.310303495331828771e-01,6.889780204650265694e-02,1.076498591606602773e-01,6.857630702579942117e-02,1.857102652025298048e-02,4.839553976334325797e-02,2.026717927173050243e-02,1.420736991521347192e-02,2.278608561009028491e-02,1.138932663225974452e-02,1.981472851219984177e-02,1.051982834743993810e-02,8.797203813256354588e-03,2.094267610956751860e-02,1.569642539132341114e-02,1.752469090689475276e-02,1.145382381723809850e-02,1.807386315572096294e-02,3.992562326129299628e-03,5.471241264155785738e-03,1.413062167478097361e-02,2.693012967359569021e-02,2.685652192760053583e-02,8.920647876256048922e-03,3.741501431459064164e-02,4.729208459973416323e-02,5.195312912898594759e-02,1.456868456494681344e-02,6.080724991958154357e-02,3.207667652433470601e-02,5.171449948865650126e-02,3.636476664167374862e-02,7.087709347200926713e-02,2.241233778596192147e-02,2.702118890796514558e-02,1.607101200124287990e-02,1.208837037093432078e-02,2.554814051654474838e-02,2.753817610987673026e-02,4.629558545895780947e-02,2.737513960364400603e-02,8.024016172531546476e-02,7.252964695192636035e-02,1.756288992048441605e-02,5.737338259058064049e-02,1.607229762941144446e-01,7.229564400218194131e-02,9.871672134316661351e-02,7.652420058125460056e-02,1.727383569443881675e-02,5.637068919499066411e-02
1.964706077753268498e-02,3.106818475349927208e-02,2.926196190259138658e-02,1.368985495442880986e-02,4.780354075031212346e-02,6.536374881342729704e-02,7.707003357228794926e-02,1.449990183718683975e-02,8.381259575966235054e-02,4.265853738190528155e-02,6.368382096455596497e-02,3.576873749576245376e-02,1.038655126023286662e-01,2.551917999541185311e-02,3.394538214915979873e-02,2.685754725167753890e-02,1.209352652418894600e-02,2.910526427984039960e-02,0.000000000000000000e+00,6.935121463061137692e-02,3.414042352090483623e-02,1.253258283809570439e-01,9.620969395190379081e-02,3.081717087599544075e-02,7.679189262443564257e-02,1.806473389962572618e-01,9.739067189375513744e-02,1.487391152390353799e-01,9.453079795164844035e-02,2.563553087551875137e-02,6.767956884785636396e-02,2.752942657843726257e-02,2.009686231382002211e-02,3.260795428595256173e-02,1.652577363326522553e-02,2.868642382474063945e-02,1.504520407116912914e-02,1.189367840031179367e-02,2.867481976941666302e-02,2.237774571721924330e-02,2.580835517487342634e-02,1.708865162015766465e-02,2.654177686140924905e-02,5.768988289643842832e-03,7.561649608625846050e-03,2.008414803996286246e-02,3.725111703635806959e-02,3.820990708555096343e-02,1.291803648258039658e-02,5.169801403810921070e-02,6.589987884662260043e-02,7.256890731827199403e-02,1.981538497101635946e-02,8.323012310875795017e-02,4.574856658010802851e-02,7.076412330453206445e-02,5.218154965593829742e-02,9.865625447192417907e-02,3.230716954312112810e-02,3.729151861269925511e-02,2.192030501840863677e-02,1.681310098761271132e-02,3.533321356313023909e-02,3.852485832037611663e-02,6.502329545110033249e-02,3.821934624015580623e-02,1.091149212111575534e-01,9.941569157581675586e-02,2.477785131472442365e-02,7.824029964575728024e-02,2.205327901923686829e-01,1.012346604791776739e-01,1.377787254409330864e-01,1.051599225578665198e-01,2.377624507819202718e-02,7.883331992219061446e-02
3.388090620868842995e-02,5.367590039840179628e-02,4.984652128020423262e-02,2.344453396449346083e-02,8.080894920861692032e-02,1.107111333765819633e-01,1.312104665770453260e-01,2.468796850736547366e-02,1.439799422225016834e-01,7.271778837147603591e-02,1.091501275858746262e-01,6.064710869944863608e-02,1.780150656266020759e-01,4.282100567376597583e-02,5.819889438875164300e-02,4.656933128263666954e-02,2.021685727446072972e-02,4.930911213279023930e-02,6.935121463061137692e-02,0.000000000000000000e+00,5.923460681276125628e-02,2.153353023230892560e-01,1.645307062620145200e-01,5.209266828710620162e-02,1.307857827056983502e-01,3.088063008472796689e-01,1.634756405755318498e-01,2.558460753411762045e-01,1.589080117680072846e-01,4.397062980889073630e-02,1.148091674747027668e-01,4.678799503161310686e-02,3.344897376540663381e-02,5.552507033266906866e-02,2.800822343814457493e-02,4.848632976986993331e-02,2.560048496804231619e-02,2.019961939188160902e-02,4.885491897997825544e-02,3.784083725681412769e-02,4.352560953607365057e-02,2.850849269397640398e-02,4.514301938854942131e-02,9.787405709110880148e-03,1.269140968815938436e-02,3.419361622430661107e-02,6.416444015613839702e-02,6.485014257005319860e-02,2.150772609431786386e-02,8.753794655728613927e-02,1.116854014172832116e-01,1.236610440773688174e-01,3.438580345162069174e-02,1.417006950494715811e-01,7.800597229338289418e-02,1.214093295846926657e-01,8.840919631426624736e-02,1.677982717205239727e-01,5.449561467762151223e-02,6.313069297465442875e-02,3.691383863863398340e-02,2.935399499642997109e-02,6.099962149516111043e-02,6.524919912362427132e-02,1.106188910224956967e-01,6.544590258701443730e-02,1.867829099454190456e-01,1.702817716364040668e-01,4.207131636847653844e-02,1.334695290932332024e-01,3.758494703313164931e-01,1.712392663970110918e-01,2.357654894843657922e-01,1.797447557114662531e-01,4.042931221850425832e-02,1.353098863855342060e-01
1.764843977577761069e-02,2.664996294993881437e-02,2.490319913129744600e-02,1.182360786077380974e-02,4.078794037646180787e-02,5.538545228064026271e-02,6.568352685368407384e-02,1.253359247974916192e-02,7.070665427343146570e-02,3.663488728619145041e-02,5.456004681974498116e-02,3.137679458627057327e-02,8.854832424854632011e-02,2.153677156729887771e-02,2.967645291016883860e-02,2.274620029287304640e-02,1.021653390060097387e-02,2.452287376672006997e-02,3.414042352090483623e-02,5.923460681276125628e-02,0.000000000000000000e+00,1.068259868473135782e-01,8.287827089331990804e-02,2.712200650523150305e-02,6.540599806315147702e-02,1.571672250989372133e-01,8.249548440520598769e-02,1.270890103393054749e-01,7.897432322633872459e-02,2.163416800203911416e-02,5.789597928762624940e-02,2.358397672678437876e-02,1.704723966246934203e-02,2.811861756922389224e-02,1.411691286343565166e-02,2.440138960140042154e-02,1.275538745794270457e-02,1.011433592919754910e-02,2.477225000971555735e-02,1.896897130637331674e-02,2.197874572232324381e-02,1.461333075162746589e-02,2.255356946170946134e-02,4.944658818536687428e-03,6.452455437225049738e-03,1.795509548336202826e-02,3.146337759443215698e-02,3.222858883717122369e-02,1.104680798970657067e-02,4.401101014969671654e-02,5.522935743066968717e-02,6.150181874445601049e-02,1.713099038669900487e-02,6.976588991057469658e-02,3.934166671297312234e-02,6.081374493144055260e-02,4.653153160031513885e-02,8.332121739806594429e-02,2.734813704121384290e-02,3.242623861485757764e-02,1.874134595008017726e-02,1.470347213722402770e-02,3.025684847895486820e-02,3.227127659395447740e-02,5.479608511662807657e-02,3.384806593813860509e-02,9.181224767391055197e-02,8.521824001906859458e-02,2.161739550420066838e-02,6.639392466783186619e-02,1.905515461891437723e-01,8.453599462106542450e-02,1.173182553907321513e-01,8.861829698464102067e-02,1.981607252658468959e-02,6.781356719594436311e-02
