0.000000000000000000e+00,1.248339195749386711e-02,1.217224021476199201e-02,4.121658521020112736e-03,1.860101442619073106e-02,2.507583869484592692e-02,2.729354850094148355e-02,6.874403537582739893e-03,3.051247662781707976e-02,1.746095632763524155e-02,2.237970761109752196e-02,1.307412795071933968e-02,3.817421451610972932e-02,1.061886849409132694e-02,1.331985924527142109e-02,9.635872635326283089e-03,8.151027307797310134e-03,1.351990196630998425e-02,1.086855725608888538e-02,2.507475434357051697e-02,1.396686658063940427e-02,4.284053429358353898e-02,4.054197423083621271e-02,1.223141451579323746e-02,3.057777713920522417e-02,7.300817180848390153e-02,3.865203723834885474e-02,5.538555988843076733e-02,3.660044565974335251e-02,9.542594690852852085e-03,2.981651100044586944e-02,8.994074789518483048e-03,7.184346339110483058e-03,9.932148589905921005e-03,5.760997309529190813e-03,9.841482037403582322e-03,3.338026463579812572e-03,2.577901265399902206e-03,9.696703391986567430e-03,6.624996367291980000e-03,9.318364286968193119e-03,6.553328887349504396e-03,9.452584500698675216e-03,2.265985992315110165e-03,2.246228050907326385e-03,6.594007120839355703e-03,1.196761622521162576e-02,1.341822601274844651e-02,5.388183237249061057e-03,1.717962339738449487e-02,2.514124642661634892e-02,2.618025489156677182e-02,7.545977904051631019e-03,2.953457764730116342e-02,1.872604441723300928e-02,2.297046460402244264e-02,1.695993397678011855e-02,3.625219008157122558e-02,1.378545890689030461e-02,1.362136641324005436e-02,1.190005022155606051e-02,6.238348863109011676e-03,1.448938567876554250e-02,1.217832628634987931e-02,2.090261650039740293e-02,1.312542369757511984e-02,4.280747633565305105e-02,3.821399156909412870e-02,9.924756482099362023e-03,3.010561272329490001e-02,8.599961361026513262e-02,3.772654922315560322e-02,5.087634992896313685e-02,3.410493595825427743e-02,8.425141327521448037e-03,2.798614831217452123e-02
1.248339195749386711e-02,0.000000000000000000e+00,2.444777382707479310e-02,8.501971354702084205e-03,3.778984566180128984e-02,5.077200393678342472e-02,5.614126777909080046e-02,1.413739036306753925e-02,6.332575852395476435e-02,3.550397620405833232e-02,4.564765609805402496e-02,2.503962929705443388e-02,7.873572478723026014e-02,2.165882675683950334e-02,2.568611180142395256e-02,1.960338483783307523e-02,1.660675156247166939e-02,2.811064295030009375e-02,2.156837248095755735e-02,5.169357709133994006e-02,2.745749477900666022e-02,8.632233552553708611e-02,8.067296787340887121e-02,2.333370696175440101e-02,6.169432498743555870e-02,1.470467436018479401e-01,7.963607353873559946e-02,1.131621660133599466e-01,7.450034495160366699e-02,1.952306217866554838e-02,6.045706057727556759e-02,1.790613298465138642e-02,1.428472617374764581e-02,1.996719608039766031e-02,1.129951707382772022e-02,2.008690757295319290e-02,6.916662154075315511e-03,4.877092459144023555e-03,1.935068473899483749e-02,1.309064564520390564e-02,1.831613836454381097e-02,1.287397137175027954e-02,1.953921127885177578e-02,4.852284164792550376e-03,4.158857433627061520e-03,1.269105226000566064e-02,2.429003806718650973e-02,2.704076244868674345e-02,1.126760541164111354e-02,3.504356371357166683e-02,5.162258111962722551e-02,5.355922163873107211e-02,1.535373839335821798e-02,5.975711584094746398e-02,3.834166691381853120e-02,4.604348209900038097e-02,3.275433443133970307e-02,7.429663290051566338e-02,2.885093607014196232e-02,2.652256848496726757e-02,2.427126745007810588e-02,1.298399166088953609e-02,2.964355310071914093e-02,2.462941504017686356e-02,4.299787160454672519e-02,2.567471012597043190e-02,8.709269823441784242e-02,7.593347013454174177e-02,1.883002376379974002e-02,6.180875901202012579e-02,1.724481060961716716e-01,7.752389337663874447e-02,1.026442536157280011e-01,7.048020724552435390e-02,1.678051454208934548e-02,5.618500348529389260e-02
1.217224021476199201e-02,2.444777382707479310e-02,0.000000000000000000e+00,8.202862907477955628e-03,3.592773793842950203e-02,4.835062641109560966e-02,5.302711798792402592e-02,1.318934664432134390e-02,6.026256282739707315e-02,3.324158023717055377e-02,4.308799585480051209e-02,2.429955810005574729e-02,7.438834867726601408e-02,2.065095105682846627e-02,2.423891141359945517e-02,1.848904723215380810e-02,1.543035219985429245e-02,2.638024993514946626e-02,2.087099596576550212e-02,4.945837473350327140e-02,2.581234798108794290e-02,8.223715725185917758e-02,7.572089927009487131e-02,2.263548154875300034e-02,5.817823150530909010e-02,1.380353245225118541e-01,7.558682164972521655e-02,1.060083448630839836e-01,7.044298993952155530e-02,1.869533695113386601e-02,5.661122539159522959e-02,1.627601185448660295e-02,1.346070494965910004e-02,1.917914366088864161e-02,1.081227469058675464e-02,1.919540032531718426e-02,6.532817506848973173e-03,4.719979701676994301e-03,1.746938119670644191e-02,1.209066121892732153e-02,1.758152728596623984e-02,1.231431368376420532e-02,1.840568189853134667e-02,4.519672846726045801e-03,3.862254172775197222e-03,1.221954184103313593e-02,2.291190370437726914e-02,2.636766189894914833e-02,1.062983488841125201e-02,3.290790120066225399e-02,4.895870564567787048e-02,5.090452651121630395e-02,1.457320312424203491e-02,5.679587800516228135e-02,3.547482336685500726e-02,4.383027945924516250e-02,3.159259582026184565e-02,7.042582167785317593e-02,2.728779775406434474e-02,2.525417579223815032e-02,2.262457703389779418e-02,1.231089580392090779e-02,2.765136263914137055e-02,2.399988826646596782e-02,4.134556030601942850e-02,2.435423436314513440e-02,8.175810593231788714e-02,7.256572404830666234e-02,1.814821510330518611e-02,5.763428697896919028e-02,1.619894510434739254e-01,7.363556751249765442e-02,9.709392583962776768e-02,6.686112779110911508e-02,1.616043634353067637e-02,5.344641635236351690e-02
4.121658521020112736e-03,8.501971354702084205e-03,8.202862907477955628e-03,0.000000000000000000e+00,1.251772080326670963e-02,1.731027337451821607e-02,1.854278210790251402e-02,4.769530508586175034e-03,2.120447113032703640e-02,1.170479695086621037e-02,1.518329574468976068e-02,8.135700352482965608e-03,2.628248423285053925e-02,7.252205863265016178e-03,8.593322908270887781e-03,6.591589608801217900e-03,5.645827647218699605e-03,9.353723460691357877e-03,7.090560760985601882e-03,1.715490113283709914e-02,9.117990955834941874e-03,2.901168139637237686e-02,2.720744227511203567e-02,7.511909476613771661e-03,2.084103617054191074e-02,4.950822269789476038e-02,2.705180532763793583e-02,3.805934231371552873e-02,2.512451057244823038e-02,6.507010908801623937e-03,2.047756141562029342e-02,6.007163703151041124e-03,4.854594011284417247e-03,6.550868374108976058e-03,3.648372717629105866e-03,6.373874557999700124e-03,2.107636896343263472e-03,1.578955187382887143e-03,6.542526641143747365e-03,4.358823218286856857e-03,6.035790032871302113e-03,4.237804906197724028e-03,6.446734782703820131e-03,1.487874158362348116e-03,1.421677036382174930e-03,4.286167330066105972e-03,8.162371914395276373e-03,9.070604328550283674e-03,3.589311815219193777e-03,1.165837510038910362e-02,1.753192554280513446e-02,1.762404207178803681e-02,5.216960338798930404e-03,2.002423404699992665e-02,1.272269625606845672e-02,1.543523769444664004e-02,1.075288257571706090e-02,2.475674536082730914e-02,9.565938881485340842e-03,8.870558615735612412e-03,8.315013865105181506e-03,4.377790004200459752e-03,1.012531528186744190e-02,8.366362901306084038e-03,1.445003590598408286e-02,8.640634429207946429e-03,2.951827277832421575e-02,2.572569677352409823e-02,6.112662846724449713e-03,2.084905858939762116e-02,5.798258401658382133e-02,2.602355366001761136e-02,3.436550055887717392e-02,2.369118877069609913e-02,5.766476098480881850e-03,1.908014735621909805e-02
1.860101442619073106e-02,3.778984566180128984e-02,3.592773793842950203e-02,1.251772080326670963e-02,0.000000000000000000e+00,7.613951619909260782e-02,8.344279968249072865e-02,2.084277993044894930e-02,9.354363884041803912e-02,5.345896392213875942e-02,6.852285043281383659e-02,3.696380917444958003e-02,1.174061647596524316e-01,3.236859589553761629e-02,3.737853291281444112e-02,2.915404151128231369e-02,2.503322051483253610e-02,4.166505855662849117e-02,3.201394080983462759e-02,7.576200579057369711e-02,4.085669386376646062e-02,1.266122775463146277e-01,1.191214169849731386e-01,3.410509714429068445e-02,9.206317762442349506e-02,2.183263832865253440e-01,1.188349738245915443e-01,1.691225494115952410e-01,1.110584600274547168e-01,2.918301618166327382e-02,9.044854591960868606e-02,2.692964302697237189e-02,2.163110938150669335e-02,2.946978950333112995e-02,1.674032240150111900e-02,2.958116235651672699e-02,1.028918079938957730e-02,7.311310657497429449e-03,2.907274029250829853e-02,1.971589575533123570e-02,2.721343604332608287e-02,1.917528104958243079e-02,2.908546487793332858e-02,7.159843024443749912e-03,6.315298998335578708e-03,1.880544937604686218e-02,3.565945425890963694e-02,3.988612879456282512e-02,1.661364758628838464e-02,5.261117254807013560e-02,7.704737623439321392e-02,7.977887592478506706e-02,2.264437784312691576e-02,8.937885178564120014e-02,5.811859011733551406e-02,6.911633624795672504e-02,4.841033485500379624e-02,1.105873496368769415e-01,4.281388417833686955e-02,3.880508050596195857e-02,3.602711226114099080e-02,1.938319587140880512e-02,4.414859329937759896e-02,3.692339532370918220e-02,6.336301478272667043e-02,3.844663037743414197e-02,1.276126886494126089e-01,1.124454855234804374e-01,2.777004014425269590e-02,9.198434994379334206e-02,2.553630837534335285e-01,1.145487611655820470e-01,1.529483642415379041e-01,1.047827657851765626e-01,2.556719106512790260e-02,8.377091166420046198e-02
2.507583869484592692e-02,5.077200393678342472e-02,4.835062641109560966e-02,1.731027337451821607e-02,7.613951619909260782e-02,0.000000000000000000e+00,1.130025117490474351e-01,2.776392855128995141e-02,1.284855996412241907e-01,7.061711215747641657e-02,9.142702123736090591e-02,5.065176805664321075e-02,1.585652290602781456e-01,4.350975485873562892e-02,5.056440199188035750e-02,3.940942002060523336e-02,3.304327702051497451e-02,5.656678676074149148e-02,4.377609129981084590e-02,1.027666589360430455e-01,5.422800295910315538e-02,1.732221252203368089e-01,1.612434543901786199e-01,4.713478632079969033e-02,1.247484219960372787e-01,2.961677679739160851e-01,1.614943132052672481e-01,2.274714687171884020e-01,1.502817225024215275e-01,3.887427691046006079e-02,1.205534518967016633e-01,3.682947627674133112e-02,2.898157781433980534e-02,3.996449009191222618e-02,2.278769658865241812e-02,4.026081416653348038e-02,1.420545847872168796e-02,1.009000336290194130e-02,3.886811015100820332e-02,2.668860011901217147e-02,3.677089449240859842e-02,2.570150034644135342e-02,3.877777785315090348e-02,9.692017845351555069e-03,8.392644566445428209e-03,2.602922108803470969e-02,4.901008689969657550e-02,5.489407586181539733e-02,2.259864199340006277e-02,7.113260321132440500e-02,1.057677591517074273e-01,1.089192376422309788e-01,3.069544598390238840e-02,1.229130204649448443e-01,7.549055186449073196e-02,9.397363515641828091e-02,6.488871656297846846e-02,1.504248742568626562e-01,5.765813693615067653e-02,5.309777769845338419e-02,4.890498136856414463e-02,2.623177340922381445e-02,5.978338827636341807e-02,5.045592179083667472e-02,8.734482949584392031e-02,5.192267848577219319e-02,1.749268776914872370e-01,1.549971720555329002e-01,3.799840639222218375e-02,1.247922597487970686e-01,3.462482834799603948e-01,1.562226775934692502e-01,2.065672562777227106e-01,1.429850239532203804e-01,3.448425575473499510e-02,1.138111528582950588e-01
2.729354850094148355e-02,5.614126777909080046e-02,5.302711798792402592e-02,1.854278210790251402e-02,8.344279968249072865e-02,1.130025117490474351e-01,0.000000000000000000e+00,3.097309304524723667e-02,1.390838555667976428e-01,7.898202519901281748e-02,1.014512922154675312e-01,5.528973424531818948e-02,1.741490171185329783e-01,4.779195538913897506e-02,5.525419445257168105e-02,4.315729772437010975e-02,3.687923634878623180e-02,6.178524033774145108e-02,4.750963496853695400e-02,1.126363121580554877e-01,6.023757946295994758e-02,1.882098378531473215e-01,1.759949295587585616e-01,5.056108675825429777e-02,1.367412007167847776e-01,3.234986962153598711e-01,1.755333979205044581e-01,2.501134383656237747e-01,1.641506378352280415e-01,4.292816471868616396e-02,1.338020738770097362e-01,3.974334740018443252e-02,3.204722209326823362e-02,4.431305750903877932e-02,2.519469736079239103e-02,4.385132338991996198e-02,1.520412787042099700e-02,1.083540262959000952e-02,4.293825952310312971e-02,2.955131348750236059e-02,4.089294766937352082e-02,2.865785105830784621e-02,4.269564430131600474e-02,1.063445743925383290e-02,9.253266505351185819e-03,2.793471185583951827e-02,5.305669356109783685e-02,5.931277287470433646e-02,2.459521245485994656e-02,7.784697744006384423e-02,1.137112619661954926e-01,1.188138523348324649e-01,3.349254455572293204e-02,1.321442458731210412e-01,8.590349267544833411e-02,1.023105475508614692e-01,7.247969763083242367e-02,1.642478142939850227e-01,6.316006010208080612e-02,5.771421582900961716e-02,5.288342091246154425e-02,2.865586951350860417e-02,6.480790242047443361e-02,5.476070644416462796e-02,9.418654263407043314e-02,5.735177920697781540e-02,1.888619162070261648e-01,1.661260962146755005e-01,4.134826001278149588e-02,1.355067957137420231e-01,3.790896443991516040e-01,1.700012995103315216e-01,2.265402760255036119e-01,1.557057865965293386e-01,3.756897521992400013e-02,1.241912157381198922e-01
6.874403537582739893e-03,1.413739036306753925e-02,1.318934664432134390e-02,4.769530508586175034e-03,2.084277993044894930e-02,2.776392855128995141e-02,3.097309304524723667e-02,0.000000000000000000e+00,3.496372537214571113e-02,1.960227658884557828e-02,2.515677317301165741e-02,1.423340679017014859e-02,4.333919904567179460e-02,1.171492412812108475e-02,1.367762548395774942e-02,1.062796613382836070e-02,9.075773145917081022e-03,1.521963130550276801e-02,1.204588804685292891e-02,2.842954845273785655e-02,1.488400476290228230e-02,4.748879854380746307e-02,4.375559546807876454e-02,1.286578270866867504e-02,3.362191373717367260e-02,7.936460700690253778e-02,4.369877696240555970e-02,6.172079901465696988e-02,4.053025624193701965e-02,1.082046221509540447e-02,3.248408988915974654e-02,9.654052279281191695e-03,7.697392087781725414e-03,1.096916369773101238e-02,6.215547091020475964e-03,1.109432817264421195e-02,3.850957701294337177e-03,2.643651512077245091e-03,1.029633168399475898e-02,7.059757650052339920e-03,9.958517305564653505e-03,7.070734986292445678e-03,1.077606443654554810e-02,2.759823960217751889e-03,2.182269828886443126e-03,6.954239335801581934e-03,1.328393388571235192e-02,1.535236780781411639e-02,6.371703242160299020e-03,1.923890648181193069e-02,2.853772797882018000e-02,2.966193764996062979e-02,8.456854689361213706e-03,3.266592058967152795e-02,2.117925045663572245e-02,2.589505340421249455e-02,1.862479488603012087e-02,4.096952179379361597e-02,1.562700897153599180e-02,1.429691636861220132e-02,1.293914520214726332e-02,7.190513764243129657e-03,1.607261242709476581e-02,1.389849949168404757e-02,2.394789268247954350e-02,1.413585970574544361e-02,4.719950079552554661e-02,4.233782198173721006e-02,1.041912463582916198e-02,3.349584656199301735e-02,9.390990512941732593e-02,4.269877933925040475e-02,5.647879058796322765e-02,3.880841090961541229e-02,9.314123725121132083e-03,3.052411451385084531e-02
3.051247662781707976e-02,6.332575852395476435e-02,6.026256282739707315e-02,2.120447113032703640e-02,9.354363884041803912e-02,1.284855996412241907e-01,1.390838555667976428e-01,3.496372537214571113e-02,0.000000000000000000e+00,8.718876685870563525e-02,1.139509953337922432e-01,6.152186368721999921e-02,1.960624168292198488e-01,5.357357305379555762e-02,6.307067350600972788e-02,4.907879325310156998e-02,4.105884925745954123e-02,7.035967396086943715e-02,5.460237447011834222e-02,1.290185409243021775e-01,6.699472344670827362e-02,2.167191152099150198e-01,2.011185814005523320e-01,5.743536568175882512e-02,1.544668543893474300e-01,3.671258368387654847e-01,2.019478269834583395e-01,2.826937029973573545e-01,1.872490276462485115e-01,4.854939805882224624e-02,1.499265871358990421e-01,4.472277809731155934e-02,3.616004294651418982e-02,4.951067662361797322e-02,2.808088730810742034e-02,4.950997685438053575e-02,1.747794942409604257e-02,1.229309735741520616e-02,4.787183398316497557e-02,3.295949078826606454e-02,4.531235195406062982e-02,3.190673093404227528e-02,4.813948866431585344e-02,1.194623388406881176e-02,1.048360737205138518e-02,3.131369467054918865e-02,6.048105529349312448e-02,6.788094452647640276e-02,2.798574381213435325e-02,8.712408785490598218e-02,1.308461636493330471e-01,1.337845245365173463e-01,3.803745133036830900e-02,1.522083363093007513e-01,9.426762668470953233e-02,1.157262816466074762e-01,7.967717191544992916e-02,1.858773775241100712e-01,7.125355698140765914e-02,6.620707809053284765e-02,6.063479859739491495e-02,3.228193919856310601e-02,7.450770433933243120e-02,6.255213308892038082e-02,1.098139109389414392e-01,6.314382080147709631e-02,2.187394875194624277e-01,1.928061833260023006e-01,4.665857387818351382e-02,1.548709558678857956e-01,4.284538881384526432e-01,1.951808438504935572e-01,2.569691451168770180e-01,1.787521763893101800e-01,4.286876760912316370e-02,1.404288040251207292e-01
1.746095632763524155e-02,3.550397620405833232e-02,3.324158023717055377e-02,1.170479695086621037e-02,5.345896392213875942e-02,7.061711215747641657e-02,7.898202519901281748e-02,1.960227658884557828e-02,8.718876685870563525e-02,0.000000000000000000e+00,6.426861779910737760e-02,3.466368440436155135e-02,1.100761147095074000e-01,3.027997523822256037e-02,3.517184899128289466e-02,2.709988128941200405e-02,2.315787867549102749e-02,3.898266263608148041e-02,2.990243344859822711e-02,7.125311281238147498e-02,3.812403104469634652e-02,1.193979083098518634e-01,1.109007538137152943e-01,3.194631526896293122e-02,8.612431028941661126e-02,2.039660007339592351e-01,1.104815642604041886e-01,1.576845198374580426e-01,1.027432434504920583e-01,2.706652831910311141e-02,8.432204009538050993e-02,2.502667609323638506e-02,2.028778176180253898e-02,2.822184597797375988e-02,1.580633812819159240e-02,2.815159558345976809e-02,9.653845376861562230e-03,6.911711187411333918e-03,2.708460713966365230e-02,1.883409772053788039e-02,2.573050619182875448e-02,1.796638997418922509e-02,2.707893103239046931e-02,6.780746809041749215e-03,5.913855451323953884e-03,1.769194527925326693e-02,3.321450258153195445e-02,3.728268952846254536e-02,1.568217175383288670e-02,4.948711879011952891e-02,7.102102985710553873e-02,7.518691205816936673e-02,2.126087685600794308e-02,8.281845490900162365e-02,5.434763445289434586e-02,6.485982593653635830e-02,4.557656508399606649e-02,1.032973514674435100e-01,4.001520703229392850e-02,3.602081046765447103e-02,3.330007345490688941e-02,1.795315772914371152e-02,4.101257259363537411e-02,3.430758198259318409e-02,5.861793268727966133e-02,3.606124848111280645e-02,1.189240218533488963e-01,1.047964557482494868e-01,2.600057942105396883e-02,8.565897214600594334e-02,2.391614586203714699e-01,1.067218574796324482e-01,1.433332436045099412e-01,9.802547746415916918e-02,2.344254263581065090e-02,7.811802826407006350e-02
2.237970761109752196e-02,4.564765609805402496e-02,4.308799585480051209e-02,1.518329574468976068e-02,6.852285043281383659e-02,9.142702123736090591e-02,1.014512922154675312e-01,2.515677317301165741e-02,1.139509953337922432e-01,6.426861779910737760e-02,0.000000000000000000e+00,4.472990831981360493e-02,1.422120446205188404e-01,3.888522469640232765e-02,4.477188145131318076e-02,3.483245050886603356e-02,2.980275521273089909e-02,5.045956665132123736e-02,3.915160799418191534e-02,9.223371419124572201e-02,4.877415840044666689e-02,1.536001359190303783e-01,1.430326052881294441e-01,4.086344046313553080e-02,1.111844535764602848e-01,2.629087882659972286e-01,1.437632488004633446e-01,2.039284818054681314e-01,1.340921232712341538e-01,3.519244815049685227e-02,1.083505931804223110e-01,3.230687286967741378e-02,2.622275290607030407e-02,3.552258750992159236e-02,2.019840857699604919e-02,3.562896463177997464e-02,1.236087381063772153e-02,8.846225228610941904e-03,3.459545580064379844e-02,2.369809788783651047e-02,3.291255688864987844e-02,2.323825564228504739e-02,3.501337199828041119e-02,8.722777340108102406e-03,7.350310391006504608e-03,2.262432584972902394e-02,4.294517679837375063e-02,4.832121809327891149e-02,2.018558360781831651e-02,6.391301326453351084e-02,9.299811493375247096e-02,9.740810643712553840e-02,2.743965580003188826e-02,1.088824917765947864e-01,6.992581125795108155e-02,8.440386323002314894e-02,5.860216204930179806e-02,1.345174873147920447e-01,5.186358451699222410e-02,4.698722400374616415e-02,4.347135173823964138e-02,2.344372483692096568e-02,5.351765544654422946e-02,4.471257688544602593e-02,7.734923384076171360e-02,4.645201151644946097e-02,1.549615388795957671e-01,1.368911495757689500e-01,3.344145729492100511e-02,1.113788211754509067e-01,3.092487694011443189e-01,1.396227975728450421e-01,1.856897161537944263e-01,1.274364923313627829e-01,3.063920404076388160e-02,1.014516853307113886e-01
1.307412795071933968e-02,2.503962929705443388e-02,2.429955810005574729e-02,8.135700352482965608e-03,3.696380917444958003e-02,5.065176805664321075e-02,5.528973424531818948e-02,1.423340679017014859e-02,6.152186368721999921e-02,3.466368440436155135e-02,4.472990831981360493e-02,0.000000000000000000e+00,7.693995738381678717e-02,2.161898061720108483e-02,2.678449610628354932e-02,1.962911316310072055e-02,1.631380544343865799e-02,2.741814619179805748e-02,2.180279019858326339e-02,5.076851661911421093e-02,2.847969019787791739e-02,8.590515041168116095e-02,8.211292604069515833e-02,2.417712698184189615e-02,6.061695768059555123e-02,1.466652747797574097e-01,7.810484602687771394e-02,1.110366528408519710e-01,7.417260905325701037e-02,1.919256713893627980e-02,5.983869103763776731e-02,1.835541390679423443e-02,1.447902667175072697e-02,2.006233432127993085e-02,1.110650234620718692e-02,1.957685491538249667e-02,6.657601216457656457e-03,5.183502183643521818e-03,1.949121152781171581e-02,1.320914225816459397e-02,1.854615639854268958e-02,1.263389041160533147e-02,1.884309237584065946e-02,4.694099803528150455e-03,4.368125448915531964e-03,1.336569583313787501e-02,2.437263109998921012e-02,2.670191861651524667e-02,1.087870114037305797e-02,3.429379338972111946e-02,5.075021470902522924e-02,5.270220715747676171e-02,1.567999283741851324e-02,5.925282707442004748e-02,3.714193617299949707e-02,4.601835427343931723e-02,3.380140946384480038e-02,7.332139312058610914e-02,2.783320773638755380e-02,2.661215997229840480e-02,2.347498374144487907e-02,1.297268206991604965e-02,2.934840819891696220e-02,2.449345720158541476e-02,4.193114593030739662e-02,2.666576810958167301e-02,8.602530745262379486e-02,7.758269803862445635e-02,1.960959557616313506e-02,6.080475044065425383e-02,1.724722221280328704e-01,7.595839819613064980e-02,1.024399777788440186e-01,6.836341701012996208e-02,1.698134867545724597e-02,5.681195839267352138e-02
3.817421451610972932e-02,7.873572478723026014e-02,7.438834867726601408e-02,2.628248423285053925e-02,1.174061647596524316e-01,1.585652290602781456e-01,1.741490171185329783e-01,4.333919904567179460e-02,1.960624168292198488e-01,1.100761147095074000e-01,1.422120446205188404e-01,7.693995738381678717e-02,0.000000000000000000e+00,6.708068189036918427e-02,7.786490269092130601e-02,6.084076747072585806e-02,5.191536929801208317e-02,8.704784940251998615e-02,6.638710279856653573e-02,1.589178704035723866e-01,8.418615870350852626e-02,2.661633894333060857e-01,2.479256746777937226e-01,7.049912554117039598e-02,1.928622929055373025e-01,4.559852089230398975e-01,2.478564501143153964e-01,3.523460901799357892e-01,2.312218063466857099e-01,6.075242454981150120e-02,1.879418661838761773e-01,5.577695658866264200e-02,4.491881802582028266e-02,6.106975620094662327e-02,3.481789024778635805e-02,6.166419949691939739e-02,2.139516931676346129e-02,1.496940865265660586e-02,6.024386315611976461e-02,4.124178740450905323e-02,5.687722952683509081e-02,4.015073145146959288e-02,5.982956230513993001e-02,1.485202122649060749e-02,1.290805682019714393e-02,3.912513771319807432e-02,7.477664643980101722e-02,8.364574366163671226e-02,3.443942081309699088e-02,1.095183415336093424e-01,1.605497361579243110e-01,1.665058266723836722e-01,4.694985093786299690e-02,1.869559026910744270e-01,1.197845762470284570e-01,1.440481747091849896e-01,1.004395056274655640e-01,2.311269829570749001e-01,8.901225365455261995e-02,8.215828106400806241e-02,7.491799654650987961e-02,4.023054668059344863e-02,9.188889800493091342e-02,7.706018810536098551e-02,1.326362192137464646e-01,8.020728086080015917e-02,2.683894050994659053e-01,2.360455967697709379e-01,5.760589774095949134e-02,1.915561326416310994e-01,5.345425781499680840e-01,2.399789872389734291e-01,3.188149352903785205e-01,2.201334083514796813e-01,5.307874510909065674e-02,1.749637789458851067e-01
1.061886849409132694e-02,2.165882675683950334e-02,2.065095105682846627e-02,7.252205863265016178e-03,3.236859589553761629e-02,4.350975485873562892e-02,4.779195538913897506e-02,1.171492412812108475e-02,5.357357305379555762e-02,3.027997523822256037e-02,3.888522469640232765e-02,2.161898061720108483e-02,6.708068189036918427e-02,0.000000000000000000e+00,2.160554521245068582e-02,1.658359875011532203e-02,1.416053862613520994e-02,2.362913144915420455e-02,1.860467455641070036e-02,4.349764210842382850e-02,2.341246900897918717e-02,7.308898816515260743e-02,6.819298189878512939e-02,1.973395842763924282e-02,5.287419737883371218e-02,1.246456821726950465e-01,6.758767084198942510e-02,9.655882886961275613e-02,6.405400123611265650e-02,1.671247916174594880e-02,5.121686343143481285e-02,1.513345997962258806e-02,1.206956132376440886e-02,1.666243703562205955e-02,9.427845106023754682e-03,1.691982861921194348e-02,5.780728589387510753e-03,4.206596662094784327e-03,1.608168684538555104e-02,1.085177318703307685e-02,1.545923316733958594e-02,1.101401813882408633e-02,1.689258302700812758e-02,4.142677347111472369e-03,3.624770512567127879e-03,1.065898704192677626e-02,2.079909833393190494e-02,2.301183954523545322e-02,9.456558844361508120e-03,3.031904794388088492e-02,4.426314111884253888e-02,4.601360079990828023e-02,1.305512176237430370e-02,5.163722334655750090e-02,3.277018109208377356e-02,3.986707232257957062e-02,2.797519088902385154e-02,6.364894721723839133e-02,2.480934576655810520e-02,2.239147328253284636e-02,2.089165961615171638e-02,1.143466093822500564e-02,2.548633728097608395e-02,2.124453531202648987e-02,3.642846690304205742e-02,2.186201474540135775e-02,7.372756226645220401e-02,6.476004898787757202e-02,1.580364666717581218e-02,5.330947405432755887e-02,1.461094657541057995e-01,6.581920901144720781e-02,8.783687555540860281e-02,5.949004245721635498e-02,1.459210818859283179e-02,4.825149385719158107e-02
1.331985924527142109e-02,2.568611180142395256e-02,2.423891141359945517e-02,8.593322908270887781e-03,3.737853291281444112e-02,5.056440199188035750e-02,5.525419445257168105e-02,1.367762548395774942e-02,6.307067350600972788e-02,3.517184899128289466e-02,4.477188145131318076e-02,2.678449610628354932e-02,7.786490269092130601e-02,2.160554521245068582e-02,0.000000000000000000e+00,1.934444194996670988e-02,1.580759515518218028e-02,2.758750886035456554e-02,2.279746757014819783e-02,5.189650647198473798e-02,2.763612797187450440e-02,8.719494589839914267e-02,8.121678505461421560e-02,2.499398817859679531e-02,6.175729686152313380e-02,1.471154035079671185e-01,7.962189181794333825e-02,1.121131459287380422e-01,7.474219130210946194e-02,1.932955232776372920e-02,5.937848339183387364e-02,1.818297834832815693e-02,1.439564492598891486e-02,2.105448168459445393e-02,1.180082943859138596e-02,2.047831558560855511e-02,6.974048863461193223e-03,5.477681782510714081e-03,1.915514194099617040e-02,1.315957602494808101e-02,1.899660443269335711e-02,1.313355090936792723e-02,1.927337458168185483e-02,4.815526957344903533e-03,4.433792715125410913e-03,1.354493239749077378e-02,2.477583512252766809e-02,2.775303786430351541e-02,1.105437305465240862e-02,3.478041954431708438e-02,5.093088837123883189e-02,5.379114595307700475e-02,1.556778777370616124e-02,6.087037701522456795e-02,3.700051496295775344e-02,4.754172241025943907e-02,3.453713052275841910e-02,7.435599949005906872e-02,2.805344746351716434e-02,2.712186638400498201e-02,2.393423522357457714e-02,1.302461636146584611e-02,2.873259625007473089e-02,2.582554770845920528e-02,4.424057114567388899e-02,2.633879335191969401e-02,8.741751257334323677e-02,7.933434384129824102e-02,2.015898848814901695e-02,6.125964947760442758e-02,1.732447858869974600e-01,7.791506396062949924e-02,1.031482790934251936e-01,6.968351482156225074e-02,1.702073240950720615e-02,5.724289505731563338e-02
9.635872635326283089e-03,1.960338483783307523e-02,1.848904723215380810e-02,6.591589608801217900e-03,2.915404151128231369e-02,3.940942002060523336e-02,4.315729772437010975e-02,1.062796613382836070e-02,4.907879325310156998e-02,2.709988128941200405e-02,3.483245050886603356e-02,1.962911316310072055e-02,6.084076747072585806e-02,1.658359875011532203e-02,1.934444194996670988e-02,0.000000000000000000e+00,1.274509189545106752e-02,2.151530905134101460e-02,1.662231812065548611e-02,3.937946979388723401e-02,2.101050205548790975e-02,6.584950904471359445e-02,6.200079496995668932e-02,1.833983121354800308e-02,4.758987379224483699e-02,1.126528165300162698e-01,6.172259893224995436e-02,8.718385619734947412e-02,5.794773955892416201e-02,1.473756638655772215e-02,4.608616528259573686e-02,1.418980793674831133e-02,1.107556817587000524e-02,1.538164848085190814e-02,8.724203048869725793e-03,1.563975584459499635e-02,5.483970814080716370e-03,3.929892983255895908e-03,1.496094684567471529e-02,1.013290003657964927e-02,1.414184097308069342e-02,9.929526263287455357e-03,1.505750728400538987e-02,3.859901269391161072e-03,3.244023363443692201e-03,9.801717191945521698e-03,1.877152351288866386e-02,2.106500129468330193e-02,8.745034985642226311e-03,2.703457301506995494e-02,4.034526043700502329e-02,4.163227612047053910e-02,1.183140717750211929e-02,4.668014400661632535e-02,2.908666166343359949e-02,3.599474580700078030e-02,2.535306113692404467e-02,5.751673568134656883e-02,2.201635002833032123e-02,2.002365043136388606e-02,1.859249843181469061e-02,9.972117143219699081e-03,2.278678767014818973e-02,1.933603959073064774e-02,3.327492739131547583e-02,1.986763294433209481e-02,6.652857637074081898e-02,5.936420406639188879e-02,1.470077717641968609e-02,4.757742274434557939e-02,1.323085520248296343e-01,5.996333590747465747e-02,7.934958497857459714e-02,5.458467982475927877e-02,1.302623194398327446e-02,4.344395796804517013e-02
8.151027307797310134e-03,1.660675156247166939e-02,1.543035219985429245e-02,5.645827647218699605e-03,2.503322051483253610e-02,3.304327702051497451e-02,3.687923634878623180e-02,9.075773145917081022e-03,4.105884925745954123e-02,2.315787867549102749e-02,2.980275521273089909e-02,1.631380544343865799e-02,5.191536929801208317e-02,1.416053862613520994e-02,1.580759515518218028e-02,1.274509189545106752e-02,0.000000000000000000e+00,1.805103945889666162e-02,1.411325806521790925e-02,3.317239338742828531e-02,1.745153159171548146e-02,5.524740332411479798e-02,5.102285057374621874e-02,1.486779954186675731e-02,4.018671808881062874e-02,9.432819740862354030e-02,5.183866758565696536e-02,7.380751702084037413e-02,4.810536239347582704e-02,1.276968331480007705e-02,3.902455210070611413e-02,1.168705005253651771e-02,9.327316057814505346e-03,1.297759707846370472e-02,7.290268121298210113e-03,1.328961524435240231e-02,4.660645349466352276e-03,3.159834297535505168e-03,1.241484664616128789e-02,8.505069696956996106e-03,1.186182707824651357e-02,8.346507241495881857e-03,1.276993734906986533e-02,3.269066409535619552e-03,2.618011215517618458e-03,8.250715488448906801e-03,1.580459847428850040e-02,1.782278511777204977e-02,7.532714857287112209e-03,2.306797275291736990e-02,3.374134271183142075e-02,3.545007777174306179e-02,9.974527597797872361e-03,3.914743478309715835e-02,2.520766942018548909e-02,3.057129156108208748e-02,2.149950202196871177e-02,4.896900241887380822e-02,1.868896340457937982e-02,1.672505548386691090e-02,1.554811116025602881e-02,8.534651401854716907e-03,1.892774513488574423e-02,1.629157539090869689e-02,2.776287113749883323e-02,1.686634536561464406e-02,5.534694943184088195e-02,4.921157549315500340e-02,1.213896681285911786e-02,3.996917773496209275e-02,1.106961389374920141e-01,5.042948073733549003e-02,6.680163399552066505e-02,4.576767966066405680e-02,1.096954780115137404e-02,3.623270187800093495e-02
1.351990196630998425e-02,2.811064295030009375e-02,2.638024993514946626e-02,9.353723460691357877e-03,4.166505855662849117e-02,5.656678676074149148e-02,6.178524033774145108e-02,1.521963130550276801e-02,7.035967396086943715e-02,3.898266263608148041e-02,5.045956665132123736e-02,2.741814619179805748e-02,8.704784940251998615e-02,2.362913144915420455e-02,2.758750886035456554e-02,2.151530905134101460e-02,1.805103945889666162e-02,0.000000000000000000e+00,2.376631514355518129e-02,5.651366385238380807e-02,2.975124427997976120e-02,9.481263741598164319e-02,8.800119046301040082e-02,2.544933012659996580e-02,6.871263838355173847e-02,1.621348458611741039e-01,8.843763146260087693e-02,1.248377804696532423e-01,8.261741484032847360e-02,2.121704761808601222e-02,6.631316206685938797e-02,1.997208868088209618e-02,1.583587100939891010e-02,2.181798996899991447e-02,1.228768183857182478e-02,2.199598679062105683e-02,7.675234918965002581e-03,5.327189719300667176e-03,2.137332824390129199e-02,1.442112227800074198e-02,2.005813869696840973e-02,1.416165029886000057e-02,2.135991828565036998e-02,5.351687544079363097e-03,4.559457875716624482e-03,1.393740619452726870e-02,2.677692658377087490e-02,3.001334145097458994e-02,1.225833106334365576e-02,3.893482832055005644e-02,5.729577579381855273e-02,5.960380132576634238e-02,1.677824393668944647e-02,6.675798701096397059e-02,4.188556690119506903e-02,5.148684905026325309e-02,3.552538491879000254e-02,8.209653364535493547e-02,3.167490484912340032e-02,2.911215733986456319e-02,2.674896000504186494e-02,1.436919893786277325e-02,3.250203150462449564e-02,2.754299806064441913e-02,4.751485137776686324e-02,2.835197448723238492e-02,9.559030604344855020e-02,8.477083558457465529e-02,2.063347224491997658e-02,6.838351849364483759e-02,1.893154444920113200e-01,8.552487203317361841e-02,1.132256532059226078e-01,7.801546779656388930e-02,1.875545724019471450e-02,6.244783696454118960e-02
1.086855725608888538e-02,2.156837248095755735e-02,2.087099596576550212e-02,7.090560760985601882e-03,3.201394080983462759e-02,4.377609129981084590e-02,4.750963496853695400e-02,1.204588804685292891e-02,5.460237447011834222e-02,2.990243344859822711e-02,3.915160799418191534e-02,2.180279019858326339e-02,6.638710279856653573e-02,1.860467455641070036e-02,2.279746757014819783e-02,1.662231812065548611e-02,1.411325806521790925e-02,2.376631514355518129e-02,0.000000000000000000e+00,4.449922714867517864e-02,2.334456860330263658e-02,7.541575308866534100e-02,7.074220900139174817e-02,2.009031719112120210e-02,5.316540974523786128e-02,1.276654408356515114e-01,6.905700982650327113e-02,9.659616298663452338e-02,6.512363809604694576e-02,1.673238621339053628e-02,5.159450915335820481e-02,1.554120339718326541e-02,1.275091466006121957e-02,1.699740946135110467e-02,9.664273103983702859e-03,1.692095315655962537e-02,5.779396581429149631e-03,4.610836519928140573e-03,1.663795901125296461e-02,1.142214439702490467e-02,1.594709653742201749e-02,1.098889360869704374e-02,1.653745288770296779e-02,3.919834954102015788e-03,3.886436929570376893e-03,1.111287207089944711e-02,2.074012995279528315e-02,2.296434487261464139e-02,9.222774196800429675e-03,2.999638203406138764e-02,4.496715451169953220e-02,4.557621020503307280e-02,1.300206200432969805e-02,5.298991826532499505e-02,3.214409009855062616e-02,4.056716824918365355e-02,2.806452137179859738e-02,6.380933464788045295e-02,2.442695646105529084e-02,2.326565200121001598e-02,2.059770092556285556e-02,1.111941363163041104e-02,2.596919980971100148e-02,2.160369023079605419e-02,3.746668680711428417e-02,2.211123301614679668e-02,7.620536283479155404e-02,6.647342871569639211e-02,1.623019754676162385e-02,5.326859178719307863e-02,1.490044065120596783e-01,6.703050179284182619e-02,8.906517659769248862e-02,6.114243835645540026e-02,1.471396262091614893e-02,4.889517065065882018e-02
2.507475434357051697e-02,5.169357709133994006e-02,4.945837473350327140e-02,1.715490113283709914e-02,7.576200579057369711e-02,1.027666589360430455e-01,1.126363121580554877e-01,2.842954845273785655e-02,1.290185409243021775e-01,7.125311281238147498e-02,9.223371419124572201e-02,5.076851661911421093e-02,1.589178704035723866e-01,4.349764210842382850e-02,5.189650647198473798e-02,3.937946979388723401e-02,3.317239338742828531e-02,5.651366385238380807e-02,4.449922714867517864e-02,0.000000000000000000e+00,5.509836093208753116e-02,1.744609569371879942e-01,1.633306787420659989e-01,4.701846437673268264e-02,1.248235033321605791e-01,2.979619162124171883e-01,1.611962728921484123e-01,2.279709858341329165e-01,1.492942342683482304e-01,3.887743083703874142e-02,1.210077861219597956e-01,3.564406639713763036e-02,2.868154492723695020e-02,4.020916421529154711e-02,2.284009909215244452e-02,4.045802028722923771e-02,1.374997622759383670e-02,9.773642645079573879e-03,3.787101017630983141e-02,2.608577016022093145e-02,3.682282362538218112e-02,2.593674401879858538e-02,3.903158202021677486e-02,9.544118235648215223e-03,8.210565155032555767e-03,2.554478978138676956e-02,4.915724104911222553e-02,5.504713653448038702e-02,2.225848932282414872e-02,7.035370413219106667e-02,1.044532366243846877e-01,1.082026013509467394e-01,3.096936656659454376e-02,1.215969998118581752e-01,7.662364673475133281e-02,9.307482734768747490e-02,6.573677125413235345e-02,1.499679767691578791e-01,5.774075741089781943e-02,5.346014663163241309e-02,4.896354588022756166e-02,2.629529919018210385e-02,5.970240043494897536e-02,5.009744723627435059e-02,8.801395731178390802e-02,5.123934577723961159e-02,1.770702868946132102e-01,1.544029068046549047e-01,3.763860188179317390e-02,1.248201743197699387e-01,3.473034534666573081e-01,1.574076800727809422e-01,2.069885688818875469e-01,1.424769299176717463e-01,3.396280991279330974e-02,1.138126415487989013e-01
1.396686658063940427e-02,2.745749477900666022e-02,2.581234798108794290e-02,9.117990955834941874e-03,4.085669386376646062e-02,5.422800295910315538e-02,6.023757946295994758e-02,1.488400476290228230e-02,6.699472344670827362e-02,3.812403104469634652e-02,4.877415840044666689e-02,2.847969019787791739e-02,8.418615870350852626e-02,2.341246900897918717e-02,2.763612797187450440e-02,2.101050205548790975e-02,1.745153159171548146e-02,2.975124427997976120e-02,2.334456860330263658e-02,5.509836093208753116e-02,0.000000000000000000e+00,9.272324464737004279e-02,8.684226836179870235e-02,2.630710382251670587e-02,6.639312778557591999e-02,1.574679977305044054e-01,8.492405220892791651e-02,1.207507688864151579e-01,7.926236349021784089e-02,2.081135268032499597e-02,6.411053620017757859e-02,1.933190411260828773e-02,1.526712027488226660e-02,2.162835227586606610e-02,1.221549049223147332e-02,2.183918647807394503e-02,7.439778285987746695e-03,5.513179814122639959e-03,2.060116945422086829e-02,1.404508498280718568e-02,1.982804086652468351e-02,1.395435813525708335e-02,2.081472434763281809e-02,5.306275869787263101e-03,4.509161872393412096e-03,1.418403854897045714e-02,2.630793259126168460e-02,2.936790901454279165e-02,1.205539460017916037e-02,3.781831458971062626e-02,5.454792281776088547e-02,5.788156438666232362e-02,1.668916416837444919e-02,6.388122018830473536e-02,4.098148246522486521e-02,5.034819665113144521e-02,3.703364100797198327e-02,7.902755364377148095e-02,3.059343668688220899e-02,2.839926397966823640e-02,2.568599501475883271e-02,1.405278868979390611e-02,3.118893593729559280e-02,2.672651876385408881e-02,4.625872568394072404e-02,2.803920847102745958e-02,9.211491283869163715e-02,8.354338506987425694e-02,2.124416246198337910e-02,6.570015255891584194e-02,1.852363283739288935e-01,8.237892621434496354e-02,1.105189902348459180e-01,7.474068373441174196e-02,1.819474395818676538e-02,6.060046487898954060e-02
