0.000000000000000000e+00,1.288010357885127806e-02,9.916915994629467435e-03,4.525943082335354833e-03,1.760059451076124298e-02,2.486500045978132234e-02,2.565214019432634704e-02,7.066074647680901412e-03,2.881984682324791741e-02,1.739723063727825064e-02,2.480706948721289259e-02,1.255078430419647763e-02,4.111029237489689792e-02,1.057922386238092927e-02,1.178190011059170733e-02,9.416781552278154568e-03,7.291736157186248443e-03,1.118265438443954984e-02,1.503307624352475530e-02,2.855792324708598603e-02,1.083299503400388282e-02,4.609477834050270534e-02,4.105130822998349915e-02,1.258170322997170971e-02,2.980389775103550742e-02,7.292823202688046569e-02,3.945264727263948085e-02,5.547968155640871368e-02,4.255953142629007729e-02,8.832918472722408459e-03,2.953916141145800783e-02,1.079679891257372994e-02,7.400592059383385470e-03,1.034513477287267100e-02,6.736740609289929883e-03,1.165546748879636024e-02,4.958467056047508904e-03,4.511050209321228709e-03,1.058047920073630112e-02,7.452622373039029247e-03,8.116484987472355819e-03,6.740786355375406533e-03,8.181311900545223600e-03,2.213728643029088620e-03,2.822717331747005929e-03,9.136641087719726481e-03,1.010373925995567031e-02,1.444940983372584170e-02,4.494344668107008896e-03,1.951636639955891400e-02,2.824604759701479159e-02,2.870821152875970006e-02,6.846777890374433108e-03,4.081520491238188608e-02,1.643098557378216279e-02,2.997029781973933882e-02,2.172864173293185402e-02,4.062062943895975581e-02,1.412455738479146024e-02,9.696672192035809060e-03,1.239952077569016729e-02,6.219163044892039513e-03,1.129144278311903365e-02,1.537776229593009608e-02,2.429054205261089311e-02,1.369126388296270508e-02,4.390226859652084784e-02,3.806742054804133912e-02,1.169710232665833669e-02,2.444405848470278947e-02,8.675720474447565222e-02,4.128823047677193658e-02,5.682407150018850550e-02,4.075506738390276273e-02,9.646707997994554210e-03,2.803270855969292041e-02
1.288010357885127806e-02,0.000000000000000000e+00,2.061052678998260418e-02,9.754269503064764632e-03,3.735885762773358959e-02,5.262392766428997115e-02,5.389610168385311484e-02,1.419393042000988321e-02,6.136359508099836768e-02,3.667467700330349217e-02,5.228847712294695110e-02,2.558161742446249040e-02,8.659011874045342838e-02,2.283350048410668492e-02,2.362819219417223310e-02,2.014494237021915643e-02,1.532153509163093792e-02,2.348527114851532011e-02,3.116389180083542834e-02,6.049919193276274976e-02,2.193631528184962834e-02,9.647028137920223012e-02,8.467484085590051834e-02,2.551010804284995978e-02,6.203353579804200824e-02,1.496889623349766385e-01,8.408712302753722223e-02,1.176037236109131606e-01,9.150560048916601963e-02,1.918881634314606802e-02,6.210468079620672099e-02,2.276722819335931167e-02,1.570530156125315643e-02,2.186218081623097706e-02,1.399838377808632073e-02,2.530514675624220486e-02,1.071281416327949688e-02,9.354370757494779448e-03,2.213113835134293550e-02,1.534806414196332805e-02,1.680733063435768671e-02,1.402737407133443533e-02,1.793741509912298582e-02,4.979731343884665797e-03,5.586656131681227294e-03,1.930852090953658756e-02,2.167772244267474058e-02,2.977305387376812801e-02,9.105042502394803533e-03,4.069898795650086359e-02,5.968912721869742977e-02,6.121013678381179157e-02,1.435940700231864812e-02,8.629501317122864612e-02,3.500440003878499406e-02,6.194486833503068390e-02,4.428794712820274121e-02,8.526956103697937162e-02,3.027193337617794383e-02,1.937267211288613150e-02,2.605479201347114110e-02,1.349671141956704928e-02,2.369637281683484656e-02,3.282467570916040162e-02,5.146162842945692373e-02,2.816732456987371472e-02,9.293513324086451199e-02,7.930031398443043722e-02,2.407645576806351564e-02,5.145776449388898138e-02,1.800770047824242770e-01,8.674515459310931653e-02,1.186166541056005164e-01,8.685037329039001219e-02,1.997764258245903965e-02,5.936502553692844103e-02
9.916915994629467435e-03,2.061052678998260418e-02,0.000000000000000000e+00,7.092672934018244210e-03,2.820654246013212449e-02,4.028122260348600964e-02,4.059243209385977186e-02,1.109851446160298877e-02,4.707140244712959554e-02,2.719243304341300432e-02,3.966669050142506564e-02,1.927890451222590701e-02,6.545794557006176517e-02,1.724478626489200916e-02,1.820752443432493289e-02,1.522991286253433385e-02,1.145157832768048736e-02,1.756525797762644239e-02,2.425920317729115053e-02,4.616229436469940217e-02,1.659436349477698067e-02,7.289643910239163027e-02,6.553077338375745686e-02,1.929341336502151533e-02,4.670136393886299697e-02,1.144940613933064233e-01,6.397261703831652602e-02,8.862041691206423710e-02,7.008697420808213119e-02,1.449671459821429316e-02,4.676556071776519219e-02,1.630551378210513130e-02,1.156680616106189712e-02,1.659713953747328150e-02,1.061822616237920701e-02,1.859927140617287714e-02,7.781026678290578133e-03,7.002687623518585348e-03,1.620078531143109499e-02,1.149030190078988156e-02,1.312522783738613932e-02,1.069241482877676848e-02,1.369743273271699195e-02,3.670774412142431206e-03,4.352135806269451408e-03,1.487760284781466588e-02,1.646496154659582434e-02,2.292115198499325782e-02,7.028033848988540430e-03,3.064881581291004423e-02,4.565437231053550565e-02,4.547866619362171681e-02,1.136405408254371335e-02,6.548042865098252507e-02,2.623306963520136842e-02,4.690291418266617079e-02,3.316712824548968819e-02,6.408933921517338816e-02,2.256168415081824183e-02,1.520833226547707931e-02,1.975871046988360302e-02,1.014306351237552473e-02,1.797583300724313327e-02,2.517760222402712703e-02,3.991473510961544846e-02,2.162867756748006881e-02,7.046734543843785614e-02,6.165330616470313108e-02,1.825920050463851821e-02,3.910371355319045700e-02,1.369815910174909668e-01,6.538845115661189034e-02,8.982653704487782165e-02,6.536962718408098616e-02,1.541304344676816540e-02,4.492405378852037251e-02
4.525943082335354833e-03,9.754269503064764632e-03,7.092672934018244210e-03,0.000000000000000000e+00,1.298516366595152752e-02,1.851915668898674455e-02,1.886832457279527184e-02,5.209654505150007088e-03,2.160121977239683189e-02,1.291760468184780485e-02,1.843701444452485946e-02,9.042356548232523272e-03,3.053515821703491756e-02,7.830037040969406448e-03,8.447190871108718399e-03,6.875778999117339134e-03,5.495999667337251975e-03,8.174361164066253418e-03,1.092939058491828805e-02,2.142941478538701663e-02,7.725242472679100941e-03,3.447457579789915683e-02,2.970947333966015083e-02,8.974155330645721892e-03,2.158892167675790369e-02,5.341611244926507129e-02,2.929733974690687526e-02,4.087581148848019180e-02,3.232621923011477078e-02,6.469916620997157378e-03,2.212111955795665122e-02,8.306395617280911553e-03,5.854668221772049881e-03,7.943218412605843742e-03,5.132977233085206890e-03,8.606026301987777793e-03,3.736462897048367735e-03,3.419821143689136082e-03,8.002565580094461728e-03,5.622357532791224036e-03,5.940828900634186581e-03,4.908142509583123848e-03,6.020336606188044469e-03,1.697447802379058093e-03,2.070163609891174320e-03,6.903284483636899609e-03,7.569135862687375801e-03,1.044897927998779050e-02,3.169420129262336128e-03,1.441963211516023545e-02,2.124097024321153909e-02,2.170610658253575506e-02,5.127073659746057485e-03,3.072355973613221866e-02,1.200690452146663430e-02,2.211501498862347356e-02,1.590503616173021689e-02,3.023683314515359516e-02,1.051720421918584183e-02,6.927337099445863428e-03,9.198359069412069544e-03,4.671197274153815297e-03,8.443499492432872400e-03,1.167415973156053777e-02,1.843772653844660825e-02,1.003478339972221391e-02,3.282923857802048928e-02,2.820508033122634539e-02,8.698793691962018737e-03,1.814821036229384565e-02,6.488103199711757474e-02,3.088969792128173908e-02,4.171273609335646865e-02,3.002357760180829338e-02,6.977196047573619268e-03,2.092096293928294090e-02
1.760059451076124298e-02,3.735885762773358959e-02,2.820654246013212449e-02,1.298516366595152752e-02,0.000000000000000000e+00,7.166103897324377359e-02,7.198242221094525162e-02,1.955522282095294509e-02,8.420392923298603005e-02,4.979767952288122884e-02,7.075983163145636856e-02,3.512479643069971874e-02,1.169877862111606270e-01,3.040937862622646731e-02,3.241263811572178688e-02,2.664401590869538289e-02,2.088458186790084770e-02,3.166677324846856045e-02,4.277409936748755720e-02,8.170765899323585713e-02,2.965115322123736824e-02,1.320900272678215415e-01,1.144864829697763986e-01,3.475848416606069219e-02,8.345501003792851757e-02,2.039191730132306202e-01,1.135446043724618603e-01,1.587310979852888937e-01,1.240959911170808339e-01,2.565456498120145812e-02,8.449362346312552785e-02,3.116880036598210224e-02,2.185239919357542804e-02,3.042098354558225165e-02,1.948596830003211655e-02,3.356022529564973989e-02,1.439264594915077439e-02,1.301123471806149567e-02,3.009698878377068190e-02,2.110815797050621945e-02,2.331603082765791243e-02,1.879909696273959763e-02,2.409236572040406726e-02,6.630272357384751555e-03,7.993863073207855066e-03,2.611477183337289690e-02,2.953104357370895522e-02,4.066553675316007810e-02,1.248062154456394159e-02,5.517244023674643116e-02,8.169197533741419381e-02,8.223502734439500084e-02,1.967882712508344650e-02,1.175604634354177197e-01,4.736791939883607666e-02,8.526324057005468804e-02,6.046163285038363283e-02,1.153287322326769504e-01,4.071924027185837291e-02,2.663119962849136088e-02,3.549025073955787424e-02,1.816470990586072434e-02,3.270400355807752402e-02,4.508577060491784222e-02,7.023518954577688544e-02,3.822860414810456270e-02,1.271110650886665416e-01,1.088793264172169123e-01,3.306249696555996903e-02,7.076141145192625659e-02,2.475992017512148036e-01,1.183943482847882034e-01,1.605111272218124607e-01,1.171909797974234335e-01,2.719063749048490977e-02,8.048506437496349974e-02
2.486500045978132234e-02,5.262392766428997115e-02,4.028122260348600964e-02,1.851915668898674455e-02,7.166103897324377359e-02,0.000000000000000000e+00,1.036855433238319940e-01,2.734356231394529171e-02,1.196875290320278951e-01,6.987264593052720796e-02,9.930735797284963307e-02,4.959901816831608495e-02,1.666549692929198967e-01,4.372388638744116596e-02,4.515376037657006791e-02,3.849643001654495800e-02,2.877008601054385079e-02,4.556287659648063093e-02,6.039535160446295875e-02,1.158803279522353652e-01,4.176209406399042368e-02,1.862153923300793323e-01,1.625335076966477332e-01,4.896874710679052084e-02,1.202853604721538239e-01,2.882370699978835660e-01,1.613121439780012267e-01,2.254068739005889999e-01,1.761032259127194022e-01,3.647514471936466607e-02,1.183753330270076592e-01,4.309545248042740556e-02,3.015655834060729235e-02,4.237846797068470922e-02,2.731107670568899345e-02,4.785332951896120735e-02,2.020386246967077401e-02,1.784948455617619764e-02,4.151537562460323738e-02,2.966876617595364321e-02,3.291899882828917129e-02,2.632610372162225154e-02,3.420809825609693461e-02,9.500266039567998450e-03,1.101869345789289328e-02,3.729371926009131255e-02,4.247887993588900235e-02,5.792473401323244842e-02,1.768695484103770948e-02,7.756705627356007271e-02,1.155297757377427292e-01,1.160800831265160482e-01,2.835072385247156684e-02,1.657357303120876313e-01,6.678275446641511459e-02,1.184537846219991947e-01,8.419219029538001220e-02,1.627266386915205976e-01,5.683957847831150323e-02,3.802661708418915432e-02,5.002720958600369305e-02,2.587305323333122589e-02,4.606058579735675812e-02,6.347588793332789581e-02,1.000041377299151907e-01,5.462862005224981832e-02,1.791968009800707917e-01,1.558319377895648339e-01,4.645233558110216376e-02,1.009082166417432092e-01,3.482897724889998936e-01,1.667097842948600528e-01,2.272949090679673989e-01,1.654303182695781860e-01,3.871700803609267466e-02,1.138867653266721069e-01
2.565214019432634704e-02,5.389610168385311484e-02,4.059243209385977186e-02,1.886832457279527184e-02,7.198242221094525162e-02,1.036855433238319940e-01,0.000000000000000000e+00,2.821233568183582202e-02,1.214417427289230522e-01,7.185244463689779981e-02,1.022372387410757366e-01,5.052956874530028369e-02,1.687593412742282584e-01,4.396150533078838074e-02,4.647392969816383640e-02,3.867581430044535196e-02,3.018750818167163438e-02,4.567047537825443676e-02,6.150770567272542677e-02,1.183738513802686659e-01,4.311530277820557061e-02,1.902033762907409109e-01,1.640291821706323927e-01,5.010867156606207962e-02,1.203401340464083091e-01,2.939420880957555049e-01,1.626344831886864517e-01,2.288576576109735972e-01,1.789736596990577910e-01,3.661708761150159891e-02,1.213015859767383187e-01,4.494023419567307748e-02,3.176163582778393502e-02,4.391623622358124118e-02,2.828934573583734985e-02,4.865295324451288095e-02,2.095923339646438982e-02,1.874160792128195738e-02,4.351284503042587848e-02,3.046122525856629487e-02,3.357581169453360131e-02,2.726086181147313950e-02,3.478876760311024052e-02,9.647304564120662285e-03,1.146740058352872793e-02,3.806802501410275208e-02,4.250033892663220708e-02,5.811667614187820963e-02,1.781777100438734773e-02,7.953176917244976496e-02,1.170857666121297991e-01,1.195997659580178285e-01,2.844732387149970232e-02,1.691094557593203485e-01,6.823686158361585985e-02,1.218266493705968678e-01,8.746154797257411906e-02,1.663621534256691514e-01,5.849717901839874418e-02,3.814540503858861870e-02,5.123734084614665896e-02,2.626501164033424526e-02,4.714927532664683896e-02,6.435735196656396095e-02,1.017071487274876229e-01,5.541794023059086471e-02,1.825534471436744965e-01,1.559559803763242436e-01,4.780717640337265456e-02,1.021357248125222134e-01,3.562692148092894695e-01,1.693879696571672089e-01,2.303550339995288632e-01,1.677339858876508993e-01,3.872414427018441158e-02,1.157607555426020118e-01
7.066074647680901412e-03,1.419393042000988321e-02,1.109851446160298877e-02,5.209654505150007088e-03,1.955522282095294509e-02,2.734356231394529171e-02,2.821233568183582202e-02,0.000000000000000000e+00,3.214502623862904723e-02,1.886583506316832221e-02,2.664189451202160497e-02,1.343807401272308598e-02,4.486721478543535119e-02,1.167871119586343445e-02,1.247128444156457051e-02,1.054363634772893278e-02,7.809565739867764360e-03,1.252855568496423835e-02,1.620561182847059939e-02,3.129684765992551965e-02,1.177525517778373748e-02,4.958046719958576071e-02,4.494250119131286414e-02,1.360312502604608259e-02,3.259484197715389886e-02,7.898788277275026193e-02,4.391516896233966377e-02,6.083163420236546715e-02,4.714479400705677559e-02,9.788982582642966751e-03,3.199558287014756669e-02,1.140667203931981614e-02,7.956656750277821960e-03,1.167557128361934767e-02,7.304307893917816839e-03,1.282937700429117797e-02,5.411574644405560755e-03,4.616165944774210453e-03,1.120999672437103002e-02,7.899431482739322635e-03,9.341333845630147778e-03,7.380985245774516687e-03,9.391219024622320805e-03,2.670393867705738496e-03,2.898729698891499423e-03,9.988968302146804951e-03,1.156472374081407573e-02,1.599392836094705103e-02,5.111889008806169005e-03,2.097001417106145876e-02,3.112706039975518882e-02,3.144976268572247796e-02,7.844367085786974406e-03,4.325952356924858688e-02,1.839674148419239569e-02,3.188850721727395920e-02,2.272564813987565033e-02,4.422903859923399406e-02,1.534202938810671352e-02,1.076999943884184713e-02,1.327314130438812280e-02,6.976501770835957100e-03,1.249314558985478024e-02,1.698496413311745279e-02,2.729317546032429542e-02,1.525822404916583712e-02,4.787238334991700262e-02,4.353745720744502806e-02,1.256519595534317905e-02,2.753134614166071956e-02,9.503580764540023318e-02,4.481469552866672312e-02,6.156618372601251055e-02,4.389768446399059526e-02,1.025172873090066106e-02,3.091871459644534789e-02
2.881984682324791741e-02,6.136359508099836768e-02,4.707140244712959554e-02,2.160121977239683189e-02,8.420392923298603005e-02,1.196875290320278951e-01,1.214417427289230522e-01,3.214502623862904723e-02,0.000000000000000000e+00,8.190709080946131926e-02,1.176058820445091968e-01,5.831668243602475266e-02,1.947724810141697738e-01,5.120486749271488391e-02,5.403286424211382888e-02,4.512948154465755424e-02,3.411020058115980802e-02,5.321599279825795642e-02,7.119497176418872197e-02,1.366773061022024949e-01,4.906464094104559526e-02,2.201631293703006087e-01,1.916666089274450258e-01,5.763444550693358481e-02,1.401885465670891229e-01,3.399202092456606872e-01,1.909572158397190023e-01,2.651861842915682610e-01,2.074128386346168196e-01,4.294431993668258035e-02,1.397457050500935383e-01,5.023623535563059156e-02,3.585174128768466029e-02,5.035398015725624926e-02,3.194278814095519864e-02,5.589183321231668694e-02,2.372102973276322621e-02,2.149940617715202437e-02,4.894376009265212490e-02,3.512805884216508440e-02,3.890978623315183293e-02,3.108639332690183582e-02,4.003416859588189436e-02,1.113795094909545390e-02,1.309431878931121944e-02,4.303486320082017258e-02,4.952318957409313632e-02,6.759870097227145547e-02,2.060452041618841476e-02,9.120086826964157733e-02,1.351565111440890254e-01,1.366630952224179019e-01,3.305020917941972614e-02,1.950854270975345695e-01,7.890408387298100679e-02,1.398290641525169742e-01,9.996658407594929963e-02,1.915944477968569981e-01,6.685267551558572718e-02,4.471363786646589955e-02,5.859752543544426845e-02,3.065158335078721485e-02,5.423038188715483682e-02,7.470046919368501792e-02,1.173836435965839864e-01,6.314464292599671069e-02,2.114341464682734373e-01,1.832793079443025830e-01,5.473037978515011420e-02,1.176536307758393463e-01,4.092681258819773626e-01,1.965902875281437534e-01,2.680339764050361229e-01,1.951236980919545949e-01,4.561786534415001454e-02,1.334131969997043310e-01
1.739723063727825064e-02,3.667467700330349217e-02,2.719243304341300432e-02,1.291760468184780485e-02,4.979767952288122884e-02,6.987264593052720796e-02,7.185244463689779981e-02,1.886583506316832221e-02,8.190709080946131926e-02,0.000000000000000000e+00,7.016403264117802852e-02,3.414516373294975565e-02,1.157102850565497887e-01,3.020476747134174383e-02,3.140672454417922643e-02,2.644056341702682306e-02,2.040448897189209299e-02,3.111181816003133482e-02,4.162385151892979834e-02,8.025534438178387464e-02,2.974026304131847237e-02,1.290907464205068300e-01,1.114305374980248536e-01,3.418156677052624354e-02,8.241962342825896737e-02,2.006329868049521181e-01,1.102322831311720042e-01,1.564304832118952604e-01,1.206842569653032021e-01,2.526887741061265361e-02,8.277379623054167967e-02,3.000582099274007319e-02,2.146989455975946426e-02,2.954740260402009128e-02,1.900558067106517326e-02,3.370193001649753745e-02,1.433294422929727065e-02,1.251492276214236608e-02,2.921471987068783097e-02,2.079177876010485093e-02,2.232472175711843962e-02,1.855274050262430141e-02,2.388590724276455982e-02,6.599572739840938243e-03,7.576579986602715276e-03,2.583748696549095433e-02,2.890472218427485307e-02,3.954492070021508460e-02,1.232143872829037992e-02,5.474891026956570789e-02,7.844834206222642270e-02,8.210178581457519553e-02,1.912271300154794185e-02,1.143791032853679751e-01,4.671188099005969124e-02,8.287375852011320820e-02,5.945365543743113407e-02,1.135236660545060339e-01,4.040224303826722707e-02,2.582236808190284394e-02,3.467596219783112416e-02,1.786445713437501484e-02,3.169507761945857677e-02,4.385163185850206313e-02,6.802632838768352119e-02,3.786169008669948433e-02,1.232650843002904006e-01,1.053990254545757871e-01,3.225190670283886729e-02,6.910607743511675005e-02,2.418148237947759238e-01,1.148021631521633501e-01,1.578758055158091811e-01,1.144497412148669790e-01,2.657319231165565510e-02,7.888080412855733026e-02
2.480706948721289259e-02,5.228847712294695110e-02,3.966669050142506564e-02,1.843701444452485946e-02,7.075983163145636856e-02,9.930735797284963307e-02,1.022372387410757366e-01,2.664189451202160497e-02,1.176058820445091968e-01,7.016403264117802852e-02,0.000000000000000000e+00,4.943122256569702083e-02,1.632488427568629941e-01,4.339203437921118622e-02,4.423196661040205979e-02,3.776342797898480513e-02,2.913120487030542230e-02,4.448039964049841505e-02,5.953458053515529869e-02,1.132905015396946657e-01,4.189329929985872308e-02,1.813963887121935181e-01,1.584853383072304112e-01,4.832290013873823120e-02,1.175137103939764283e-01,2.822174487777270313e-01,1.585010906856009483e-01,2.218496247731774618e-01,1.714428500672512123e-01,3.599933726690250635e-02,1.162429302527405173e-01,4.210440137418529349e-02,2.967746829507569156e-02,4.211295714401194767e-02,2.680027056865437809e-02,4.754956773377452123e-02,1.997197639761115820e-02,1.747612118469270975e-02,4.090104024258790771e-02,2.898717096568035126e-02,3.278723535491724628e-02,2.641081867448966114e-02,3.457313726867112386e-02,9.703153481520614132e-03,1.073825971259909952e-02,3.630413204820157058e-02,4.169734211390241363e-02,5.725649938783904797e-02,1.789848270852507223e-02,7.747823680657588141e-02,1.122245119761965393e-01,1.160567097050178714e-01,2.747246811760103644e-02,1.619965863718568211e-01,6.736341270107683299e-02,1.174685513475976911e-01,8.400593257617643139e-02,1.608364164140451691e-01,5.716411440403473820e-02,3.731370556972633812e-02,4.898356862882882745e-02,2.573167633667507517e-02,4.519884785337433680e-02,6.268056786946690773e-02,9.832977394597289256e-02,5.427004598307001715e-02,1.756962335593838520e-01,1.517669045087811641e-01,4.547483452135484688e-02,9.896710622661454571e-02,3.405618808914542273e-01,1.641593320132898604e-01,2.243093766188446470e-01,1.621581594097505352e-01,3.770684761703650689e-02,1.116860761478095238e-01
1.255078430419647763e-02,2.558161742446249040e-02,1.927890451222590701e-02,9.042356548232523272e-03,3.512479643069971874e-02,4.959901816831608495e-02,5.052956874530028369e-02,1.343807401272308598e-02,5.831668243602475266e-02,3.414516373294975565e-02,4.943122256569702083e-02,0.000000000000000000e+00,8.195782823611963419e-02,2.133582231082120986e-02,2.287223273042248567e-02,1.859419153145641310e-02,1.430232503639855199e-02,2.227197890573845082e-02,2.963403190354249594e-02,5.653300688654596534e-02,2.100596660208361999e-02,9.193349913797771444e-02,7.916168439003805346e-02,2.456300122073540662e-02,5.812704608701638187e-02,1.442200484737949651e-01,7.825987937620086654e-02,1.107781440062689388e-01,8.583501727289422067e-02,1.774563313840019432e-02,5.916521166678694044e-02,2.148399521767021050e-02,1.543634057339683327e-02,2.113668138734287744e-02,1.364652164361389308e-02,2.325407941136992812e-02,1.003474405346412544e-02,9.039533732652952833e-03,2.079227739494360350e-02,1.512322691880061201e-02,1.619316009049353439e-02,1.331336402548017640e-02,1.651451170367864568e-02,4.504881019753683574e-03,5.492172224857489425e-03,1.833093626928398306e-02,2.037467258462857117e-02,2.752201563958875385e-02,8.610253120081338973e-03,3.838791836004915720e-02,5.551935723507742115e-02,5.788202268278271057e-02,1.346495574620811680e-02,8.131914282898226876e-02,3.251026399427472957e-02,5.905845887729212207e-02,4.266623544657612704e-02,8.088205322243205431e-02,2.838449244268362315e-02,1.860852663944894889e-02,2.442880383979595046e-02,1.255188344145439019e-02,2.278295874331127957e-02,3.126719306418689753e-02,4.776342282881188006e-02,2.660626881934443494e-02,8.805966246418354959e-02,7.493775170839019062e-02,2.290410217720427119e-02,4.856292628040960457e-02,1.725707765306840058e-01,8.137495262398884710e-02,1.120203839189537337e-01,8.057307640334146481e-02,1.876711844774026430e-02,5.657917612841673050e-02
4.111029237489689792e-02,8.659011874045342838e-02,6.545794557006176517e-02,3.053515821703491756e-02,1.169877862111606270e-01,1.666549692929198967e-01,1.687593412742282584e-01,4.486721478543535119e-02,1.947724810141697738e-01,1.157102850565497887e-01,1.632488427568629941e-01,8.195782823611963419e-02,0.000000000000000000e+00,7.087836524427067186e-02,7.367413966622957111e-02,6.309396228696814712e-02,4.796291227951558073e-02,7.448366453029593715e-02,9.790155828004931671e-02,1.901172291824731464e-01,6.935177558754355986e-02,3.050901803945753610e-01,2.646581695367467013e-01,8.144167465703669451e-02,1.963827597447495854e-01,4.734555962532676077e-01,2.645988545960343830e-01,3.700714863179256353e-01,2.874731926673227966e-01,5.954916575348029317e-02,1.950329032455324352e-01,7.103904860712643987e-02,4.993369550090941134e-02,6.973071451048219738e-02,4.500304341590700974e-02,7.813088514718079247e-02,3.326605747819832981e-02,2.932966950371652254e-02,6.946085997831824566e-02,4.849965848735211804e-02,5.413454622682142836e-02,4.457356506170569860e-02,5.595897741072099196e-02,1.568008948748120940e-02,1.794709308131111833e-02,6.107195109827732310e-02,6.885866871568856185e-02,9.505801051703227644e-02,2.910493529250003653e-02,1.280512284073994922e-01,1.882971208447602185e-01,1.911234378202733841e-01,4.587675802868595998e-02,2.704160283346618288e-01,1.105129172195325749e-01,1.952048952161729301e-01,1.407504924925381262e-01,2.678530776530809177e-01,9.415292211162810954e-02,6.199376951296560467e-02,8.257251595069502181e-02,4.241376498059770683e-02,7.532471252098270342e-02,1.037674155467001591e-01,1.633623089864097988e-01,8.927972904850717262e-02,2.942313459578859147e-01,2.530552338080201413e-01,7.663856512181259351e-02,1.651415335876013912e-01,5.734437154262504999e-01,2.738600036821479677e-01,3.727990938099613460e-01,2.709140079191845185e-01,6.301619350890855231e-02,1.875504686915172858e-01
1.057922386238092927e-02,2.283350048410668492e-02,1.724478626489200916e-02,7.830037040969406448e-03,3.040937862622646731e-02,4.372388638744116596e-02,4.396150533078838074e-02,1.167871119586343445e-02,5.120486749271488391e-02,3.020476747134174383e-02,4.339203437921118622e-02,2.133582231082120986e-02,7.087836524427067186e-02,0.000000000000000000e+00,1.931959540794520036e-02,1.625721715849051327e-02,1.266675407921314701e-02,1.869704244169790794e-02,2.627555156533449912e-02,4.967871794485381742e-02,1.781516193703948023e-02,7.977952906346719164e-02,6.877281208629205944e-02,2.070076114093165331e-02,5.029369898660736998e-02,1.220919901259278212e-01,6.866111877838394772e-02,9.651015833958646872e-02,7.557589046178268821e-02,1.587584800948172933e-02,5.057065874877203493e-02,1.863623091437235230e-02,1.302935593765466860e-02,1.803411675801145850e-02,1.184168124240364724e-02,2.052556823279170703e-02,8.685160544236727662e-03,7.805634315970023246e-03,1.803490264937606877e-02,1.265818170736397567e-02,1.397229111842192284e-02,1.166290067888367532e-02,1.509113324388640029e-02,4.224420568659029152e-03,4.740113521235658593e-03,1.589461355926259298e-02,1.801737234835222232e-02,2.478629624999944756e-02,7.583769114904655856e-03,3.372340554173642452e-02,4.926844932813041755e-02,5.037295931077215988e-02,1.177428620750012832e-02,7.188748818998999535e-02,2.911972293649792848e-02,5.157169111900439945e-02,3.672955315947314114e-02,7.004038439652712777e-02,2.513004724957065839e-02,1.607036074366935408e-02,2.161303194263594282e-02,1.113236289361240784e-02,1.946287804102783334e-02,2.749946742764803817e-02,4.253892276861542115e-02,2.308852733457497294e-02,7.668065734760026730e-02,6.474488185053497991e-02,1.975870938941970065e-02,4.258102772982069045e-02,1.484128269792572841e-01,7.123408538356551523e-02,9.757346275074962882e-02,7.115939824095399158e-02,1.644462679414716508e-02,4.864478112574456559e-02
1.178190011059170733e-02,2.362819219417223310e-02,1.820752443432493289e-02,8.447190871108718399e-03,3.241263811572178688e-02,4.515376037657006791e-02,4.647392969816383640e-02,1.247128444156457051e-02,5.403286424211382888e-02,3.140672454417922643e-02,4.423196661040205979e-02,2.287223273042248567e-02,7.367413966622957111e-02,1.931959540794520036e-02,0.000000000000000000e+00,1.730386011538417521e-02,1.296040630979275465e-02,2.087633875839108380e-02,2.693505610701622810e-02,5.090148000500198389e-02,1.963601832688181142e-02,8.250643113341050994e-02,7.393247994938174916e-02,2.290340200953460206e-02,5.382324038321215087e-02,1.313652755942376904e-01,7.258714377236805126e-02,1.007897524952887230e-01,7.723478370829330031e-02,1.624195961581220357e-02,5.357384125322770668e-02,1.956714392181253467e-02,1.350499323484399480e-02,1.996655959143279341e-02,1.229123781923342762e-02,2.139445885104228340e-02,9.017715980201174500e-03,7.983383771852198621e-03,1.912013253183250314e-02,1.333656473729287299e-02,1.556258388713668318e-02,1.214288692422242459e-02,1.541030622877204333e-02,4.385336018525326333e-03,4.979039272357454506e-03,1.638583872574952624e-02,1.956160232462372806e-02,2.631082221226772877e-02,8.479341149635662850e-03,3.485978788813898221e-02,5.074330223461012701e-02,5.228715482521705676e-02,1.295238090401440272e-02,7.222645640671630785e-02,3.055690575771642312e-02,5.340103383500683504e-02,3.808036666107363077e-02,7.319901747080269361e-02,2.520950080499670745e-02,1.831134090279697146e-02,2.218433608907676574e-02,1.162288560086068186e-02,2.110220153528422765e-02,2.837587687831767680e-02,4.464288066711033509e-02,2.518070910034176518e-02,7.963334736421287530e-02,7.229310978113864805e-02,2.098112469111047818e-02,4.647563101852295042e-02,1.585873641232799502e-01,7.446010556369474231e-02,1.017470577245414703e-01,7.268729613440050308e-02,1.714988254318327784e-02,5.137715236129181129e-02
9.416781552278154568e-03,2.014494237021915643e-02,1.522991286253433385e-02,6.875778999117339134e-03,2.664401590869538289e-02,3.849643001654495800e-02,3.867581430044535196e-02,1.054363634772893278e-02,4.512948154465755424e-02,2.644056341702682306e-02,3.776342797898480513e-02,1.859419153145641310e-02,6.309396228696814712e-02,1.625721715849051327e-02,1.730386011538417521e-02,0.000000000000000000e+00,1.105263591211264572e-02,1.698459880943989711e-02,2.280093524263754334e-02,4.408608199351146673e-02,1.603282082150417343e-02,6.991601212934761556e-02,6.228901830816659102e-02,1.866341006320394735e-02,4.503833350994952689e-02,1.093609822517013219e-01,6.160899568321160508e-02,8.520002599780077124e-02,6.654169674215183738e-02,1.364600277420333595e-02,4.470986847452146362e-02,1.622805560087391824e-02,1.124757918839577354e-02,1.592813032733858200e-02,1.017343147177306346e-02,1.800350956732031313e-02,7.541164635139938413e-03,6.711699409803342960e-03,1.584743837836872365e-02,1.112181565274870249e-02,1.249253290151402726e-02,1.010713089573467456e-02,1.295504231499355723e-02,3.534713040647904404e-03,4.135050674417371265e-03,1.389894501859872088e-02,1.581842466122368798e-02,2.181420506515412833e-02,6.538811230355242102e-03,2.920893385697019909e-02,4.355491835374816767e-02,4.386624377333302877e-02,1.070648116510725632e-02,6.265311887271257651e-02,2.545491210138354013e-02,4.497125607673534142e-02,3.184138097356305208e-02,6.175536136936422837e-02,2.152014507129127591e-02,1.434955697847664462e-02,1.893879316138032814e-02,9.810316130135516427e-03,1.732144800533384418e-02,2.393725731937561968e-02,3.805765795411859137e-02,2.049107641711131120e-02,6.808172507471858814e-02,5.870249853361728803e-02,1.749862453121340047e-02,3.788192778611919331e-02,1.315894387900924667e-01,6.280850417322256241e-02,8.619778885409534741e-02,6.278249421791431972e-02,1.459359039919324100e-02,4.305123818458814894e-02
7.291736157186248443e-03,1.532153509163093792e-02,1.145157832768048736e-02,5.495999667337251975e-03,2.088458186790084770e-02,2.877008601054385079e-02,3.018750818167163438e-02,7.809565739867764360e-03,3.411020058115980802e-02,2.040448897189209299e-02,2.913120487030542230e-02,1.430232503639855199e-02,4.796291227951558073e-02,1.266675407921314701e-02,1.296040630979275465e-02,1.105263591211264572e-02,0.000000000000000000e+00,1.273045632923272032e-02,1.724593582089691685e-02,3.343472364610487746e-02,1.238148605775405385e-02,5.324748579575250967e-02,4.613272002785671899e-02,1.421885174193066731e-02,3.439614300828805482e-02,8.240615472323123414e-02,4.608057702038295678e-02,6.527438552840751640e-02,5.018562575245907181e-02,1.060576348147725112e-02,3.408412238780617054e-02,1.261100109583301355e-02,8.865672258150445253e-03,1.225579071005495138e-02,7.921924667941109000e-03,1.405324446923164432e-02,6.012551988449625628e-03,5.143947976289689125e-03,1.214770403697392441e-02,8.596442351631625872e-03,9.316399510197906006e-03,7.665568324050990243e-03,1.006861848720466864e-02,2.819626937511024098e-03,3.152436849964632744e-03,1.080076758985803326e-02,1.201139757058114488e-02,1.665345345016425518e-02,5.173673791196180781e-03,2.276273156406719358e-02,3.256907415014768242e-02,3.445661644164266929e-02,8.031091246385017174e-03,4.743385835239266601e-02,1.950236332822729082e-02,3.444700695807383084e-02,2.491866693698688642e-02,4.723398074742147373e-02,1.677183514188214375e-02,1.077219371259711088e-02,1.424088827430583515e-02,7.457320630772357878e-03,1.315484803958702140e-02,1.823899691082786143e-02,2.866687204341583986e-02,1.602963163226516288e-02,5.124584048611414283e-02,4.378601961454254426e-02,1.349485835255724749e-02,2.883099805204412946e-02,9.953301116538229576e-02,4.766147005553283272e-02,6.553719598484333830e-02,4.742827080183530108e-02,1.104703147445497934e-02,3.254273068806618624e-02
1.118265438443954984e-02,2.348527114851532011e-02,1.756525797762644239e-02,8.174361164066253418e-03,3.166677324846856045e-02,4.556287659648063093e-02,4.567047537825443676e-02,1.252855568496423835e-02,5.321599279825795642e-02,3.111181816003133482e-02,4.448039964049841505e-02,2.227197890573845082e-02,7.448366453029593715e-02,1.869704244169790794e-02,2.087633875839108380e-02,1.698459880943989711e-02,1.273045632923272032e-02,0.000000000000000000e+00,2.654753191409050736e-02,5.171383189373829348e-02,1.904275711341003527e-02,8.420425125568420377e-02,7.354592873278127663e-02,2.237882154252273867e-02,5.340309664595351696e-02,1.308351055549763220e-01,7.217156692307187538e-02,1.009537110106997482e-01,7.880446280694342054e-02,1.605926043512148627e-02,5.346356728952561532e-02,1.970674429544131204e-02,1.368097910585308781e-02,1.910226371949241483e-02,1.213663547163869490e-02,2.069033221922236473e-02,9.011201088735862341e-03,8.218135335723438309e-03,1.913508868383110781e-02,1.330835169024945953e-02,1.451807962807774577e-02,1.158581966760268735e-02,1.472959021751164138e-02,4.109353526842557044e-03,4.971514619567462233e-03,1.616268321521359408e-02,1.881558831293598730e-02,2.544091093806977871e-02,7.647291482414358965e-03,3.463607621825762206e-02,5.167448010728715319e-02,5.163161200448191518e-02,1.262617903541801527e-02,7.432944088133289218e-02,2.955051300675288345e-02,5.377977182053851612e-02,3.780209356299393114e-02,7.284215291508620849e-02,2.513426934870065590e-02,1.683710811750145989e-02,2.239420895373985670e-02,1.144982117907427863e-02,2.069079587254648786e-02,2.807423627056050003e-02,4.439249648716566549e-02,2.411651284023268865e-02,8.120057461788021680e-02,6.988914283601443955e-02,2.082343468769709549e-02,4.514119171103025963e-02,1.577307273077114547e-01,7.437126137045517449e-02,1.013654876260769722e-01,7.443748063696173367e-02,1.733912919350332274e-02,5.081535607879175687e-02
1.503307624352475530e-02,3.116389180083542834e-02,2.425920317729115053e-02,1.092939058491828805e-02,4.277409936748755720e-02,6.039535160446295875e-02,6.150770567272542677e-02,1.620561182847059939e-02,7.119497176418872197e-02,4.162385151892979834e-02,5.953458053515529869e-02,2.963403190354249594e-02,9.790155828004931671e-02,2.627555156533449912e-02,2.693505610701622810e-02,2.280093524263754334e-02,1.724593582089691685e-02,2.654753191409050736e-02,0.000000000000000000e+00,6.874766174113508543e-02,2.496277002196839456e-02,1.090384276426716453e-01,9.658778477216559133e-02,2.901450478570958766e-02,7.059366120474100392e-02,1.705974330489358759e-01,9.629463148843768472e-02,1.331578622662102362e-01,1.043331843112790536e-01,2.160291354945580514e-02,7.028827887281798026e-02,2.498346114996245065e-02,1.797473850961989195e-02,2.544066366703848919e-02,1.614734215489250363e-02,2.856836859376550575e-02,1.203699625885014911e-02,1.065636913134922377e-02,2.446814219899309459e-02,1.758535772740626654e-02,2.020920891808874673e-02,1.623026880289211993e-02,2.118219213015404973e-02,5.818981134987729308e-03,6.602937041457419658e-03,2.230112895688731584e-02,2.514066831567305857e-02,3.464884895190543934e-02,1.102039556396728834e-02,4.629181833765852461e-02,6.804163357063282291e-02,6.971946059699175857e-02,1.671392335271418284e-02,9.815011812316172535e-02,4.037663614806655948e-02,7.055278673239347154e-02,5.073083974465961155e-02,9.692315683732292964e-02,3.419483142966427830e-02,2.284529372430965655e-02,2.947170925318974219e-02,1.531050941293592323e-02,2.736276674674673406e-02,3.810144464266482234e-02,5.990268170078181381e-02,3.253524975385137935e-02,1.058917556560603768e-01,9.187286680228695657e-02,2.773295240944096199e-02,5.920390552651540877e-02,2.053963654509178838e-01,9.878205448914008369e-02,1.353936697766877084e-01,9.789411952870505362e-02,2.294926463070479442e-02,6.773811824349312838e-02
2.855792324708598603e-02,6.049919193276274976e-02,4.616229436469940217e-02,2.142941478538701663e-02,8.170765899323585713e-02,1.158803279522353652e-01,1.183738513802686659e-01,3.129684765992551965e-02,1.366773061022024949e-01,8.025534438178387464e-02,1.132905015396946657e-01,5.653300688654596534e-02,1.901172291824731464e-01,4.967871794485381742e-02,5.090148000500198389e-02,4.408608199351146673e-02,3.343472364610487746e-02,5.171383189373829348e-02,6.874766174113508543e-02,0.000000000000000000e+00,4.777798445076782141e-02,2.095270787178349359e-01,1.850060511836281174e-01,5.600582684396591265e-02,1.359436326158915131e-01,3.287813699965070890e-01,1.848588198860790233e-01,2.568744044712977237e-01,2.003161566873684907e-01,4.125611453901836811e-02,1.355533558326807997e-01,4.851257063330507990e-02,3.423679810615198882e-02,4.848798756634776358e-02,3.113530076666847987e-02,5.491065311582544323e-02,2.320721358518347543e-02,1.997240367809768186e-02,4.735185706870311678e-02,3.330641545501890344e-02,3.786228082552169083e-02,3.072312355589468594e-02,3.935868466440922003e-02,1.097939313618542974e-02,1.224653807919236399e-02,4.256814019312717828e-02,4.866308671113107887e-02,6.620695608031108848e-02,2.054967787990269815e-02,8.832637995632360017e-02,1.316471669151008106e-01,1.331877147943314466e-01,3.258090993764337084e-02,1.881419382869810586e-01,7.706284971132044970e-02,1.345862467250285854e-01,9.687629659545819727e-02,1.852553663591301469e-01,6.481688406988966866e-02,4.293147744964818241e-02,5.700899640026212828e-02,2.979297061583121090e-02,5.265299491179960961e-02,7.259537977822928811e-02,1.135917638381682276e-01,6.218600619108299865e-02,2.026071426663605679e-01,1.767245015796559682e-01,5.289435199559601453e-02,1.142561023171765472e-01,3.965080039739109496e-01,1.893283798004051777e-01,2.576582880093565286e-01,1.874199644566105494e-01,4.369090389564827398e-02,1.310418041816066581e-01
1.083299503400388282e-02,2.193631528184962834e-02,1.659436349477698067e-02,7.725242472679100941e-03,2.965115322123736824e-02,4.176209406399042368e-02,4.311530277820557061e-02,1.177525517778373748e-02,4.906464094104559526e-02,2.974026304131847237e-02,4.189329929985872308e-02,2.100596660208361999e-02,6.935177558754355986e-02,1.781516193703948023e-02,1.963601832688181142e-02,1.603282082150417343e-02,1.238148605775405385e-02,1.904275711341003527e-02,2.496277002196839456e-02,4.777798445076782141e-02,0.000000000000000000e+00,7.736991835883325064e-02,6.970696575645923820e-02,2.122142216570865880e-02,5.014182749348083945e-02,1.236810408260291538e-01,6.645106095765757059e-02,9.386546929250828841e-02,7.148115184022427182e-02,1.494969403133095120e-02,4.998272658674710045e-02,1.867395485828605983e-02,1.286303822817111420e-02,1.793559580098094686e-02,1.143189277025465946e-02,1.983630460820223415e-02,8.521014880879163381e-03,7.561556622220183023e-03,1.813797955808563178e-02,1.255349695587172805e-02,1.371152243167097010e-02,1.123010877030409388e-02,1.404736068015985731e-02,3.885746829652106382e-03,4.671608758629664133e-03,1.567770163974986641e-02,1.721969684844819326e-02,2.414748932103047072e-02,7.570899530235831662e-03,3.316431344462083403e-02,4.761213692958945337e-02,4.912060055658464680e-02,1.153868341204522356e-02,6.893957338006163893e-02,2.788650823230137688e-02,5.090554099634438806e-02,3.636618605814492811e-02,6.880690023639444985e-02,2.405213609599621966e-02,1.617526383290511516e-02,2.110401500485104345e-02,1.067457488878559291e-02,1.951745025866894606e-02,2.605773881434769040e-02,4.144698963098440020e-02,2.329479447267191264e-02,7.424471877815340404e-02,6.521354597093895200e-02,1.979711174243741975e-02,4.214077404907037167e-02,1.480385014565978319e-01,6.929962090959501664e-02,9.599206920014158317e-02,6.890619258627607435e-02,1.611958391639925839e-02,4.758132589025029086e-02
