0.000000000000000000e+00,1.140104461342605034e-02,5.801508792394248666e-03,3.128131604523767990e-03,1.329908284359231779e-02,1.829649635779674599e-02,1.978745501154621084e-02,4.608309149082780512e-03,2.044193904260685826e-02,1.482849602838595335e-02,1.520455441527504559e-02,1.254791731272747804e-02,2.826523376004205085e-02,7.900497526249303931e-03,1.036465870261044434e-02,8.396719387479606098e-03,5.871608568352469637e-03,1.109544464420807175e-02,1.106709453484537760e-02,2.320821576552556734e-02,1.026852862791514075e-02,3.430001641045424265e-02,3.396364069490896004e-02,8.738260900780205065e-03,2.352388948945570782e-02,5.510605269994727634e-02,3.374795026801634401e-02,3.638510423655954423e-02,3.035419617634119160e-02,7.697513595598401773e-03,1.927468036496122680e-02,7.389837362691546729e-03,4.936648846039395737e-03,8.950331022307671941e-03,4.097015090723836288e-03,9.576453992513712238e-03,2.855261693746594456e-03,2.276934759565180707e-03,7.207070539433035015e-03,5.709215193457018757e-03,7.976444337205259444e-03,3.457476589367129011e-03,6.913061346004821875e-03,2.175475208465168803e-03,2.042060876477275362e-03,4.218929048163091305e-03,8.022674859909911110e-03,1.135156536248612714e-02,4.392344228799287091e-03,1.509875938922190450e-02,1.833914702648440850e-02,1.980457117318719026e-02,5.403466069415827251e-03,2.554758246187019410e-02,1.344922572013208979e-02,1.878376657518160062e-02,1.337940376310512748e-02,3.187656981191992062e-02,9.237792532597413966e-03,9.461515061582478903e-03,7.633473578268604870e-03,4.830120335865617683e-03,1.074155102496457230e-02,1.253881836436637059e-02,2.261875916690326768e-02,1.070635348896068623e-02,2.903817776931215053e-02,3.784462921494765458e-02,6.448012296406601881e-03,2.565582385259014206e-02,6.546301839421291013e-02,3.341293174638466229e-02,3.920451367060432540e-02,3.042196873728162526e-02,8.171356328624788251e-03,2.169218369844711641e-02
1.140104461342605034e-02,0.000000000000000000e+00,2.006242831939010832e-02,1.117758128855113331e-02,4.478719834908613529e-02,6.259753962714482978e-02,6.641334656776665124e-02,1.460446951278759377e-02,6.972646182580102825e-02,5.031869622014542576e-02,5.063652474089017780e-02,4.248847796517031539e-02,9.489312007954521511e-02,2.717626898535016253e-02,3.162738294357492208e-02,2.904108306016751559e-02,1.998797769121650469e-02,3.770815335521195827e-02,3.699174958870485308e-02,7.890089685414775067e-02,3.355746559013878666e-02,1.139552786105503535e-01,1.106321542847349682e-01,2.991985763074381244e-02,8.048170775778713815e-02,1.800339182743765087e-01,1.162566547044060483e-01,1.217551332911244039e-01,1.035613511291673117e-01,2.644231289337983098e-02,6.414257568196807258e-02,2.349971381579839952e-02,1.609447199246817270e-02,2.910648910859258906e-02,1.368672054714524695e-02,3.339450513262626208e-02,9.871095224282562877e-03,6.946543827298409801e-03,2.295110342989948107e-02,1.799821511601857466e-02,2.609081446105047941e-02,1.217563677025041737e-02,2.414047925136367928e-02,7.499445889472298316e-03,6.162937608204586797e-03,1.453451141524998540e-02,2.780907069173816845e-02,3.965123067674713314e-02,1.529785860389007435e-02,5.087293837498875482e-02,6.350025862905173124e-02,6.692059224218727120e-02,1.826417721029965913e-02,8.436917786427097776e-02,4.697739005926732797e-02,6.158419900073547337e-02,4.459724798932412915e-02,1.073728756599216932e-01,3.234763627553881304e-02,3.014236160532959494e-02,2.570568868383548214e-02,1.707653932717745696e-02,3.561396455128941485e-02,4.233357733275230211e-02,7.699343112340364947e-02,3.508217023404730517e-02,9.740762738650912689e-02,1.244560773613632571e-01,2.096885185600207147e-02,8.715863737698568980e-02,2.138040678188192767e-01,1.143322652055025063e-01,1.307864597437239929e-01,1.036427667400551533e-01,2.644626633897972229e-02,7.229638413644368100e-02
5.801508792394248666e-03,2.006242831939010832e-02,0.000000000000000000e+00,5.538479673770651049e-03,2.249934198512679173e-02,3.215718383037112493e-02,3.343508535008693494e-02,7.582892888539311503e-03,3.611529965048199814e-02,2.475420765594561756e-02,2.591257726706716960e-02,2.119333948393069961e-02,4.824627015160801863e-02,1.331805104557412349e-02,1.671426418660025559e-02,1.463464572413945147e-02,9.978724194971368491e-03,1.908665782513251433e-02,1.930104623316303628e-02,3.998756217881540426e-02,1.675093311455940273e-02,5.933828526047516677e-02,5.744211296555260665e-02,1.510064975877005791e-02,4.060038326047051699e-02,9.289106034068445039e-02,5.875443107775415313e-02,6.176733425487671014e-02,5.326221966982141315e-02,1.331127209686131657e-02,3.298524159993502375e-02,1.229847904990809086e-02,8.396989921935698459e-03,1.511848712325248451e-02,7.126253105094895388e-03,1.648876779759798558e-02,5.012504386271656245e-03,3.801321389941205494e-03,1.199400131772668417e-02,9.526323820480896501e-03,1.335388040120271888e-02,6.044399171337672995e-03,1.200762485896753398e-02,3.706190723605979655e-03,3.301787066485794772e-03,7.456319296594989335e-03,1.407261655811567827e-02,1.993217307764296939e-02,7.637081738201977402e-03,2.558442153888779158e-02,3.250591674860603408e-02,3.386773898841332481e-02,9.311664673021798760e-03,4.421684891259784062e-02,2.319522754633776204e-02,3.188633460386808283e-02,2.222842509544399603e-02,5.482937938867584599e-02,1.607959324109439758e-02,1.554566226631714371e-02,1.309736518010645202e-02,8.406498992878789697e-03,1.809817510677030200e-02,2.187542463352592018e-02,3.930455936635834924e-02,1.768608082880837248e-02,5.085820208056057029e-02,6.416464649239300710e-02,1.086506690175410503e-02,4.428947509809837840e-02,1.102496967888545870e-01,5.783032483394724699e-02,6.714445507154191695e-02,5.320703279971224220e-02,1.357982914173583994e-02,3.671743710952677514e-02
3.128131604523767990e-03,1.117758128855113331e-02,5.538479673770651049e-03,0.000000000000000000e+00,1.251736694832217278e-02,1.769393675627790180e-02,1.856582229268316855e-02,4.227907358944424897e-03,1.957552197301707167e-02,1.406140593346455643e-02,1.428188067763156224e-02,1.184063015204614260e-02,2.683124693093751761e-02,7.491392050920560666e-03,9.291679807638768968e-03,8.078089060250166070e-03,5.644178218749114004e-03,1.058113092252432712e-02,1.063340581760485737e-02,2.224929030334520455e-02,9.292782881956526339e-03,3.255295872320849299e-02,3.184408025341851911e-02,8.269036238228182414e-03,2.255143117728044058e-02,5.140889330214729047e-02,3.280936497117110939e-02,3.440082757863229673e-02,2.925625273678322119e-02,7.424794373190670392e-03,1.824691214477128925e-02,6.778673313649262629e-03,4.811843152122208603e-03,8.462759179818025307e-03,3.850670983729429127e-03,9.020120256455932406e-03,2.607999882498685841e-03,2.066853112046581654e-03,6.577505304179235603e-03,5.270667342195546785e-03,7.539378368877004688e-03,3.326493283546652982e-03,6.748617055385657156e-03,2.085107570660297768e-03,1.831866424992292363e-03,4.008596979267981496e-03,7.732911558830730253e-03,1.112515111351234688e-02,4.224823522218810676e-03,1.435122297772734555e-02,1.813168021288685469e-02,1.873744742421604159e-02,5.230524837338415903e-03,2.424831725653300157e-02,1.287188861005868559e-02,1.756813519907929680e-02,1.245629494594329909e-02,3.053977370160507188e-02,8.992863974465411386e-03,8.727460185313534735e-03,7.193744671370615532e-03,4.804472833923600049e-03,1.022197389828100739e-02,1.241014642095460835e-02,2.208909076030441190e-02,9.939593197356684853e-03,2.763261663069418658e-02,3.598877364242258903e-02,5.898377089457187972e-03,2.473531808266514129e-02,6.147842053439980803e-02,3.259676608445132712e-02,3.727978620916888586e-02,2.936376410873983017e-02,7.513222793474111892e-03,2.048548862115238955e-02
1.329908284359231779e-02,4.478719834908613529e-02,2.249934198512679173e-02,1.251736694832217278e-02,0.000000000000000000e+00,7.131945752148804996e-02,7.645839800874121295e-02,1.673880756468943895e-02,8.055033345394464750e-02,5.806640275298428910e-02,5.908894772202853696e-02,4.835458618566082500e-02,1.094439285016359370e-01,3.109919081261804108e-02,3.680976535937064559e-02,3.234842671995746127e-02,2.301566688999923463e-02,4.260829821760535319e-02,4.262169371321204020e-02,8.883504978524640883e-02,3.827116588088817078e-02,1.297376546490856541e-01,1.266377490212430013e-01,3.367120242834800714e-02,9.130303109563241148e-02,2.069245916301267474e-01,1.311782599359634094e-01,1.398907129788656556e-01,1.180904126000418414e-01,2.993687407786829735e-02,7.369820828771020405e-02,2.812314737116491936e-02,1.919157486443657731e-02,3.410178507455712688e-02,1.588201773663519556e-02,3.791742439576423207e-02,1.122481840435088016e-02,8.521295020624718858e-03,2.761353149522209963e-02,2.105267424896461667e-02,3.000199652761043750e-02,1.391868581941368282e-02,2.720268818248659445e-02,8.495822071411522625e-03,7.252401351499731565e-03,1.646677792619007097e-02,3.163650611781056859e-02,4.414222161016295026e-02,1.734865266140436790e-02,5.881436335082325384e-02,7.278326781141832014e-02,7.702440505206978316e-02,2.055623722375857221e-02,9.696387958370347726e-02,5.372169592968423224e-02,7.208956395018434327e-02,5.127816196186400777e-02,1.235115118981981730e-01,3.699304549315272916e-02,3.500959350909962908e-02,2.924108689745923140e-02,1.941032506784188053e-02,4.117603538152839887e-02,4.906275530303510352e-02,8.687839694590443473e-02,4.081923520825161272e-02,1.111910567957258428e-01,1.420209185328533408e-01,2.380073728966862825e-02,9.908695884709443902e-02,2.472354864007714759e-01,1.294847772686681664e-01,1.499787355562337277e-01,1.174833821484007057e-01,3.076076120168083627e-02,8.194302539351108750e-02
1.829649635779674599e-02,6.259753962714482978e-02,3.215718383037112493e-02,1.769393675627790180e-02,7.131945752148804996e-02,0.000000000000000000e+00,1.067503517907971433e-01,2.368459228242548315e-02,1.144409887393696840e-01,7.860735840896400373e-02,8.101010860434040839e-02,6.663678140606360545e-02,1.538225615881468333e-01,4.296455955752741945e-02,5.085661475898207995e-02,4.538638098216420114e-02,3.144177106276503653e-02,5.992415295548364496e-02,5.953400310142453744e-02,1.238666417248530799e-01,5.265450777679533262e-02,1.830597889641119302e-01,1.777474445499265532e-01,4.812315708488899835e-02,1.296700031883374349e-01,2.902062626353539287e-01,1.848750360935856041e-01,1.964548619406632224e-01,1.672943590095047062e-01,4.160077867760668402e-02,1.036211341935588531e-01,3.868381026404672102e-02,2.637061495357172214e-02,4.685164223667023092e-02,2.218853558158206604e-02,5.245366863512945094e-02,1.601684282854720989e-02,1.155133416067334606e-02,3.754922799373853343e-02,2.942390187647741032e-02,4.102315194771697510e-02,1.930345128760222601e-02,3.807296458265099770e-02,1.217559732522998858e-02,1.017053584574654189e-02,2.336330483027007285e-02,4.572051750758342192e-02,6.289024145407558219e-02,2.444486903185371166e-02,8.086110907388174840e-02,1.032010015557929816e-01,1.076036351168487282e-01,2.965258975717256079e-02,1.377631086301651653e-01,7.364089493133077480e-02,1.000279219745954795e-01,6.998520963759273517e-02,1.725365338950530514e-01,5.113688389300583698e-02,4.880171719179007828e-02,4.184878058765901382e-02,2.715159495866743475e-02,5.694331653760126288e-02,6.836767165358466347e-02,1.225434119452374487e-01,5.590147406148875814e-02,1.591994025782163813e-01,2.017415397846116509e-01,3.404176707225201742e-02,1.397726874852887324e-01,3.473450156515514031e-01,1.814797051862008792e-01,2.109321566761266920e-01,1.662634882156758809e-01,4.254398311372999120e-02,1.143735267809596334e-01
1.978745501154621084e-02,6.641334656776665124e-02,3.343508535008693494e-02,1.856582229268316855e-02,7.645839800874121295e-02,1.067503517907971433e-01,0.000000000000000000e+00,2.489336745840906376e-02,1.210859881773866664e-01,8.588036329103723721e-02,8.752364952715065149e-02,7.153154359769077486e-02,1.636397743765950208e-01,4.619320164414306845e-02,5.442579135483422564e-02,4.795151569440813527e-02,3.423513336303989074e-02,6.332342063068191473e-02,6.327857548891405171e-02,1.318745937245544564e-01,5.692606006912894617e-02,1.923909413559352632e-01,1.879431110691190399e-01,5.017999635908163697e-02,1.361227096109194901e-01,3.088221510115716772e-01,1.952368920524585882e-01,2.077828130786972261e-01,1.761090124096292286e-01,4.411058306747141222e-02,1.094629312721012021e-01,4.189015149237882568e-02,2.832996265620959381e-02,5.101423820215013338e-02,2.363534799355853852e-02,5.684795409778777009e-02,1.691177595131744538e-02,1.245513919389445133e-02,4.148541168042661070e-02,3.141827996938671708e-02,4.466322971903573247e-02,2.103625290311963644e-02,4.055672818171489336e-02,1.313328462488867407e-02,1.083384529247637118e-02,2.445016889819081468e-02,4.751645742121470700e-02,6.556414807226605690e-02,2.591142509793301768e-02,8.682530116927116015e-02,1.079225665845410104e-01,1.151584843855269491e-01,3.069852633582259571e-02,1.446401564336080581e-01,7.973991952007897233e-02,1.062708876964321841e-01,7.573976755872827149e-02,1.846705935227653805e-01,5.476414109546547809e-02,5.221201437439656340e-02,4.362918501367662322e-02,2.899612044076799178e-02,6.076181756259676353e-02,7.265609651918479572e-02,1.292912200715250481e-01,6.056120927887417849e-02,1.650180214303801074e-01,2.117089924617301111e-01,3.514442788910625282e-02,1.477200409733771536e-01,3.682291490296652481e-01,1.917873356207122348e-01,2.235253646628719559e-01,1.747916324513198727e-01,4.581376829041336474e-02,1.218780664671245961e-01
4.608309149082780512e-03,1.460446951278759377e-02,7.582892888539311503e-03,4.227907358944424897e-03,1.673880756468943895e-02,2.368459228242548315e-02,2.489336745840906376e-02,0.000000000000000000e+00,2.692092412766072460e-02,1.853725766785572354e-02,1.932957753505921278e-02,1.582607431038857843e-02,3.610290758975025216e-02,1.002309450723964240e-02,1.194935367711488436e-02,1.068602779347848676e-02,7.312573090514619401e-03,1.399849613221885482e-02,1.383166475126205823e-02,2.895018158773271164e-02,1.239573211324241850e-02,4.298020061279892584e-02,4.117426111864921218e-02,1.145689731705484132e-02,3.012906578151997722e-02,6.812353653833846945e-02,4.309215396068733633e-02,4.686801979756289455e-02,3.900185520590085386e-02,9.768277952397576291e-03,2.431370158390908781e-02,8.996890974871442695e-03,6.101001564074539675e-03,1.096908933113504084e-02,5.199204383929204205e-03,1.198722542477342022e-02,3.729644880142737179e-03,2.721577544888562419e-03,8.821063406074717769e-03,6.811728312759562573e-03,9.713487165006043367e-03,4.643513407331357166e-03,9.068858209162845851e-03,2.832258384569847146e-03,2.355770002236640646e-03,5.345624193920256798e-03,1.076068655103630013e-02,1.460148609127380481e-02,5.678135718925541447e-03,1.880142767975406110e-02,2.406933342991265240e-02,2.526409164017368036e-02,6.761273639650466211e-03,3.193670533912630616e-02,1.744369721795548805e-02,2.389362786658200122e-02,1.690327602871709647e-02,4.014720498556280381e-02,1.202722929389123119e-02,1.159503370882212538e-02,9.933305023189755584e-03,6.338101703037143757e-03,1.349933230869643057e-02,1.612115405675443661e-02,2.847245664233329782e-02,1.336876927260225757e-02,3.750549926737167111e-02,4.698556096016377054e-02,8.131573587151420812e-03,3.232976601711944065e-02,8.128207290692410214e-02,4.245210638441086065e-02,4.979204741404433948e-02,3.840796229480674534e-02,9.809767193245055861e-03,2.727542088113782751e-02
2.044193904260685826e-02,6.972646182580102825e-02,3.611529965048199814e-02,1.957552197301707167e-02,8.055033345394464750e-02,1.144409887393696840e-01,1.210859881773866664e-01,2.692092412766072460e-02,0.000000000000000000e+00,8.859862975980652144e-02,9.197003543600797137e-02,7.470549999160569499e-02,1.732377490272858922e-01,4.772471054620644471e-02,5.767855814133898001e-02,5.076869960578325042e-02,3.542262912104724576e-02,6.716805771145553661e-02,6.735010011071677904e-02,1.403464048902641759e-01,5.913367003732477450e-02,2.067809904972879587e-01,2.014719410646473308e-01,5.361752532119997555e-02,1.449670858659292960e-01,3.268642738613282694e-01,2.097506092763057883e-01,2.206774669995153482e-01,1.896028469157364782e-01,4.688124875008831821e-02,1.167126523347415123e-01,4.418319210697391197e-02,3.024815914430888791e-02,5.348657777857810519e-02,2.526552058907325857e-02,5.870935241473906191e-02,1.790630632214326029e-02,1.354499431208676732e-02,4.316065479622475942e-02,3.319228057671216175e-02,4.623913571700388053e-02,2.187824662885055199e-02,4.251469617356064962e-02,1.360053840897214490e-02,1.166272553728888751e-02,2.577556398022602668e-02,5.148305305178633301e-02,7.066720106771914867e-02,2.732813334037331385e-02,9.088716372315171210e-02,1.152884029901272978e-01,1.218116989069725209e-01,3.331938120533928932e-02,1.556283586968915944e-01,8.331222737721370730e-02,1.134475970420454338e-01,7.896780575131746860e-02,1.952370273365580666e-01,5.752606251472054677e-02,5.513792276218516808e-02,4.723127015370905124e-02,3.038290780119450030e-02,6.398947182533665234e-02,7.761103747289903321e-02,1.379082762791434824e-01,6.308059573160393341e-02,1.800197845506685546e-01,2.284931147361765891e-01,3.806338014731747155e-02,1.567891363675104066e-01,3.919018444876348206e-01,2.042898097600894525e-01,2.380115945117372567e-01,1.872758163856031166e-01,4.822687235121084909e-02,1.280301312655161561e-01
1.482849602838595335e-02,5.031869622014542576e-02,2.475420765594561756e-02,1.406140593346455643e-02,5.806640275298428910e-02,7.860735840896400373e-02,8.588036329103723721e-02,1.853725766785572354e-02,8.859862975980652144e-02,0.000000000000000000e+00,6.522820761431799563e-02,5.338409103298747543e-02,1.216199429704608037e-01,3.520309570337509103e-02,4.014507564351739444e-02,3.613636737318542264e-02,2.526221225064756784e-02,4.738021617682814518e-02,4.689361839016278899e-02,9.964860782187717758e-02,4.294348314200198413e-02,1.441604006341249689e-01,1.395215017692850168e-01,3.713926926023163044e-02,1.019676567616793761e-01,2.301922524575399365e-01,1.463083706067285217e-01,1.549904891192434853e-01,1.311765423382020568e-01,3.344149967369897114e-02,8.083521351715333703e-02,3.032137385520068673e-02,2.077426041050427566e-02,3.753484411057230602e-02,1.753332792717069571e-02,4.334580943628333488e-02,1.253243553759087955e-02,8.918044848855012294e-03,2.987714138691488844e-02,2.328655873254870806e-02,3.298301319470899051e-02,1.551001381001478746e-02,3.074152607586706776e-02,9.798395490291341922e-03,7.828773085335329757e-03,1.861973122935383848e-02,3.538118647322697347e-02,4.926066863783931660e-02,1.958040847122730771e-02,6.577479911678002500e-02,7.915224343069347801e-02,8.689729952922588263e-02,2.286242407021835121e-02,1.068395853242648519e-01,6.032202303293714846e-02,7.924463458259367599e-02,5.659852922419149335e-02,1.378246194985464357e-01,4.133959276149096196e-02,3.855399619057559707e-02,3.230651920656363307e-02,2.165908714116133657e-02,4.554445834804285442e-02,5.439106552047474896e-02,9.637258079011457035e-02,4.527253908668890658e-02,1.218981815015947601e-01,1.569320591327192094e-01,2.608268531863271525e-02,1.106826489732582186e-01,2.731970427881790231e-01,1.427004930668152038e-01,1.662952577755277550e-01,1.301288680702780698e-01,3.426597459470211854e-02,9.143549721573093758e-02
1.520455441527504559e-02,5.063652474089017780e-02,2.591257726706716960e-02,1.428188067763156224e-02,5.908894772202853696e-02,8.101010860434040839e-02,8.752364952715065149e-02,1.932957753505921278e-02,9.197003543600797137e-02,6.522820761431799563e-02,0.000000000000000000e+00,5.479028003649331208e-02,1.241810033716175266e-01,3.514769219374362652e-02,4.170407513088151413e-02,3.672636705741658819e-02,2.576097311955323141e-02,4.818656861173665346e-02,4.858382446103753916e-02,1.004919918665440615e-01,4.345892899393673930e-02,1.483262987328130555e-01,1.437193646483438392e-01,3.833121042609877183e-02,1.034634597094971908e-01,2.355528427058149465e-01,1.495459186008676611e-01,1.599070496217017967e-01,1.348995313518205619e-01,3.394999608516495460e-02,8.394449638546673531e-02,3.164101363320441507e-02,2.127133677280251475e-02,3.851558121056445488e-02,1.812688080498841073e-02,4.244930411477815246e-02,1.263741636348406257e-02,9.654453850037296100e-03,3.072832336692146032e-02,2.383508354699735363e-02,3.372479796998958251e-02,1.578736663364847456e-02,3.088509498344888665e-02,9.692759235507882737e-03,8.324976458990896930e-03,1.881544583025993728e-02,3.662470863205564975e-02,5.008807056668924257e-02,1.949187191871052521e-02,6.666003259242593570e-02,8.237764047769602360e-02,8.809675984779101465e-02,2.342982702446267870e-02,1.105956259327725844e-01,6.075816472131262413e-02,8.243218921185160863e-02,5.801990277688619246e-02,1.402537437983182589e-01,4.180110972552286697e-02,3.972340497809815490e-02,3.383682230281869624e-02,2.193004356085528211e-02,4.658684445969150240e-02,5.575431696785516922e-02,9.914509866965769136e-02,4.609594315212051097e-02,1.282342043893497097e-01,1.618307440940063291e-01,2.731450258974458742e-02,1.122181695337546303e-01,2.808323268343509982e-01,1.467754331163442783e-01,1.720383316497313408e-01,1.337811030067123375e-01,3.522299217083021960e-02,9.270268128469108526e-02
1.254791731272747804e-02,4.248847796517031539e-02,2.119333948393069961e-02,1.184063015204614260e-02,4.835458618566082500e-02,6.663678140606360545e-02,7.153154359769077486e-02,1.582607431038857843e-02,7.470549999160569499e-02,5.338409103298747543e-02,5.479028003649331208e-02,0.000000000000000000e+00,1.025043137286965195e-01,2.967836454917540528e-02,3.407916858351182909e-02,3.071672869956215690e-02,2.130375445488137329e-02,3.982832014006546656e-02,3.928184530025841809e-02,8.325878687089047214e-02,3.627206009675812415e-02,1.211810464028497264e-01,1.183778287215584424e-01,3.197161164810691930e-02,8.579336821457282658e-02,1.943614947781421298e-01,1.225413773569091758e-01,1.304077695681089277e-01,1.105355310703979715e-01,2.790093813847191115e-02,6.917556073665494243e-02,2.529705890479309188e-02,1.726648403895245446e-02,3.157374036773797493e-02,1.479458487933090968e-02,3.573719747642398886e-02,1.038416835899244085e-02,7.389006480440283089e-03,2.498640239300786714e-02,1.962920464860122907e-02,2.823565861003874203e-02,1.329527503592085706e-02,2.584653068317708038e-02,8.216983331243037092e-03,6.526393492935184115e-03,1.581170760214530707e-02,3.022268604006284054e-02,4.122772019526162873e-02,1.648902073043868530e-02,5.496573262170063173e-02,6.694616541637979368e-02,7.285030485246400678e-02,1.920981220376929630e-02,8.986435549932955680e-02,5.022494711513427607e-02,6.609682844787959088e-02,4.899891583874208673e-02,1.155006046385649993e-01,3.487253571679737457e-02,3.261108529824675167e-02,2.726700476275338222e-02,1.829757065022735371e-02,3.816790061573827053e-02,4.522725714798885022e-02,8.072413064390873694e-02,3.842271353197865280e-02,1.028392883643358818e-01,1.318463167661571844e-01,2.245138277226297815e-02,9.226935962808935354e-02,2.303644409922916136e-01,1.194698242198371646e-01,1.401981994972839873e-01,1.086053429827027045e-01,2.846322263132926300e-02,7.762313676502509419e-02
2.826523376004205085e-02,9.489312007954521511e-02,4.824627015160801863e-02,2.683124693093751761e-02,1.094439285016359370e-01,1.538225615881468333e-01,1.636397743765950208e-01,3.610290758975025216e-02,1.732377490272858922e-01,1.216199429704608037e-01,1.241810033716175266e-01,1.025043137286965195e-01,0.000000000000000000e+00,6.517045927801086436e-02,7.834957594667821268e-02,6.918851671213410715e-02,4.865363567693440500e-02,9.120041151283561631e-02,9.056013812197569179e-02,1.898717840698509740e-01,8.152925176931349882e-02,2.773790403785331149e-01,2.707168674437381295e-01,7.266938363054303851e-02,1.955794969366232150e-01,4.434804392653310945e-01,2.805347383150912366e-01,2.969732315289536628e-01,2.530728878260415371e-01,6.306284001581101417e-02,1.576342717904354873e-01,5.979316970365823602e-02,4.043134109247231017e-02,7.299712117828212332e-02,3.407118649956681483e-02,8.032678419816539905e-02,2.423188731570257576e-02,1.777459667793570078e-02,5.921895631819580619e-02,4.530973908071278533e-02,6.422490706383186809e-02,3.023705336485726231e-02,5.772904707238291078e-02,1.881784296760378311e-02,1.568899750579531849e-02,3.486055647742455910e-02,6.826247600089467571e-02,9.535166142201499662e-02,3.729421648887298185e-02,1.229750982786796121e-01,1.543888297252890840e-01,1.644051126241260208e-01,4.421697479868923197e-02,2.078436032403962741e-01,1.133166256832435770e-01,1.517844862366665992e-01,1.084600492702692542e-01,2.644571127128648169e-01,7.710719397438063616e-02,7.538309378657127857e-02,6.325291148652611994e-02,4.119389416264385845e-02,8.717392784005663364e-02,1.044861332308115454e-01,1.859800355467700617e-01,8.686257118959928025e-02,2.385852547420147796e-01,3.065066176161185818e-01,5.121512074504900452e-02,2.123562273306589809e-01,5.284799044483353692e-01,2.755480164315328717e-01,3.207798544144920827e-01,2.510845326039333747e-01,6.531118588589018836e-02,1.760087987102649243e-01
7.900497526249303931e-03,2.717626898535016253e-02,1.331805104557412349e-02,7.491392050920560666e-03,3.109919081261804108e-02,4.296455955752741945e-02,4.619320164414306845e-02,1.002309450723964240e-02,4.772471054620644471e-02,3.520309570337509103e-02,3.514769219374362652e-02,2.967836454917540528e-02,6.517045927801086436e-02,0.000000000000000000e+00,2.213265144341718116e-02,1.956632778341918857e-02,1.385826018917540696e-02,2.550353466652416357e-02,2.551536989941868144e-02,5.391350553420087843e-02,2.337239765460931776e-02,7.778918950344371197e-02,7.583162339482861503e-02,2.017785343683072691e-02,5.465238751131368256e-02,1.240847359843105929e-01,7.934226076006122008e-02,8.326504896012422441e-02,7.068050557655074229e-02,1.812195936960765349e-02,4.363391713863048332e-02,1.648988605339346894e-02,1.116106376796102348e-02,2.001341909842678166e-02,9.407302271473587732e-03,2.234883486008525100e-02,6.537666509727037625e-03,4.875757908902058312e-03,1.619580849342018916e-02,1.236199172691612030e-02,1.781536122327272154e-02,8.300140419625526289e-03,1.648240125769338468e-02,5.181938962458417300e-03,4.299270858296356732e-03,9.764385584011943398e-03,1.893523791990675206e-02,2.671452023468951636e-02,1.042639219850670027e-02,3.536722485591824866e-02,4.342205197634031733e-02,4.600378167683379788e-02,1.255892875382805252e-02,5.824440873392194157e-02,3.237551754431187284e-02,4.271893030077154874e-02,3.112251903948586029e-02,7.413365940620911254e-02,2.212485921747310916e-02,2.105386608669090193e-02,1.755120774898851974e-02,1.166111886589012853e-02,2.486851391833605138e-02,2.957999164593955177e-02,5.276977463091753195e-02,2.466462978118422189e-02,6.614494372888064799e-02,8.565447360047195868e-02,1.418129237550006666e-02,5.983473741929169060e-02,1.477148938722333271e-01,7.822109804268652378e-02,8.988862682044759800e-02,7.044926042070315253e-02,1.841232113099582415e-02,4.918169585487919965e-02
1.036465870261044434e-02,3.162738294357492208e-02,1.671426418660025559e-02,9.291679807638768968e-03,3.680976535937064559e-02,5.085661475898207995e-02,5.442579135483422564e-02,1.194935367711488436e-02,5.767855814133898001e-02,4.014507564351739444e-02,4.170407513088151413e-02,3.407916858351182909e-02,7.834957594667821268e-02,2.213265144341718116e-02,0.000000000000000000e+00,2.284484127376646204e-02,1.591734316822276951e-02,3.019449401401927066e-02,2.987914400682707347e-02,6.170375691870338963e-02,2.711607908210271825e-02,9.167410862977271035e-02,8.889253244089277695e-02,2.513611323077975107e-02,6.515423643516957131e-02,1.479740126108824438e-01,9.250826015865180885e-02,1.014848944844063960e-01,8.339593775487474936e-02,2.104641310802003382e-02,5.337541042982028860e-02,1.992399356028605809e-02,1.359493831450805067e-02,2.456580249994080173e-02,1.161224871989936791e-02,2.668117234036837537e-02,8.277655387583515711e-03,6.112851976131864450e-03,1.951145418261625991e-02,1.508504919592387923e-02,2.163764921436098568e-02,1.051802721753251381e-02,1.954745519108129839e-02,6.306079083800087554e-03,5.236833924512150629e-03,1.239682914933852749e-02,2.307197728341527435e-02,3.158577885709407118e-02,1.255985456627842917e-02,4.106473070754874249e-02,5.138658135490667411e-02,5.500747225680327479e-02,1.473527635699035075e-02,6.854273877890534883e-02,3.765786747474426932e-02,5.130942800419157485e-02,3.737382750226397876e-02,8.633016699695456042e-02,2.608444869755339665e-02,2.506247431462509459e-02,2.107932232328442110e-02,1.365063252205752156e-02,2.883064579536261454e-02,3.420111148388051137e-02,6.037647891684183588e-02,2.922175782974515898e-02,7.971906108446678851e-02,1.003105967209641236e-01,1.825307414413485790e-02,6.947519256691860046e-02,1.765621634651332039e-01,9.097109907865949530e-02,1.072968879792546987e-01,8.224496631784970757e-02,2.114608277860945129e-02,5.938166395509066747e-02
8.396719387479606098e-03,2.904108306016751559e-02,1.463464572413945147e-02,8.078089060250166070e-03,3.234842671995746127e-02,4.538638098216420114e-02,4.795151569440813527e-02,1.068602779347848676e-02,5.076869960578325042e-02,3.613636737318542264e-02,3.672636705741658819e-02,3.071672869956215690e-02,6.918851671213410715e-02,1.956632778341918857e-02,2.284484127376646204e-02,0.000000000000000000e+00,1.438482922151702523e-02,2.677975271925292847e-02,2.671339224695715511e-02,5.690964992854249949e-02,2.408687934921331653e-02,8.317236606586178582e-02,8.016099599808175491e-02,2.176541488863928051e-02,5.801416331947843036e-02,1.307104329274518806e-01,8.423184823811682986e-02,8.876741723364924008e-02,7.487229130949275835e-02,1.902866409948616305e-02,4.645320311942738312e-02,1.665866553421479004e-02,1.165389303698077285e-02,2.100234935556662130e-02,9.920876414862417336e-03,2.389944287238385603e-02,7.030611873414465730e-03,5.065395593311168738e-03,1.635516971026181043e-02,1.310750048884095145e-02,1.895645498498736009e-02,8.820553246061308555e-03,1.744819233086919788e-02,5.399257123435419192e-03,4.417283245353261292e-03,1.075005761901131826e-02,2.045857723514712956e-02,2.824022904889226041e-02,1.095400988919920625e-02,3.654758983992925647e-02,4.585693307697686488e-02,4.854171477133042284e-02,1.306888896850712245e-02,6.116205483637654483e-02,3.399143203397469309e-02,4.483170840794001993e-02,3.240458343558769161e-02,7.795067798986068941e-02,2.334047853346989110e-02,2.197180619986592934e-02,1.866806944056642256e-02,1.235875724518641777e-02,2.591450859842616902e-02,3.064795893723686049e-02,5.578010726570785394e-02,2.546693677278069612e-02,7.114757111775230070e-02,8.994905883224943444e-02,1.548136713286675861e-02,6.285601756433334408e-02,1.553179810536367556e-01,8.241342996026222723e-02,9.524218361464231730e-02,7.466319152016354099e-02,1.924759135892320505e-02,5.259248302403667086e-02
5.871608568352469637e-03,1.998797769121650469e-02,9.978724194971368491e-03,5.644178218749114004e-03,2.301566688999923463e-02,3.144177106276503653e-02,3.423513336303989074e-02,7.312573090514619401e-03,3.542262912104724576e-02,2.526221225064756784e-02,2.576097311955323141e-02,2.130375445488137329e-02,4.865363567693440500e-02,1.385826018917540696e-02,1.591734316822276951e-02,1.438482922151702523e-02,0.000000000000000000e+00,1.867956251320136013e-02,1.841833547993988046e-02,3.950921203055435260e-02,1.705793782068405068e-02,5.708031181833064099e-02,5.547135468190440150e-02,1.490989843866958806e-02,4.090612511636445431e-02,9.116611302271386552e-02,5.844845375209106741e-02,6.180083631583818682e-02,5.218217433963469321e-02,1.333904856464815207e-02,3.200633817530400271e-02,1.207195439889533276e-02,8.232658724851812590e-03,1.480948361747155828e-02,6.874562020848023688e-03,1.689518699266227483e-02,4.970480600081494255e-03,3.562878615573922356e-03,1.177779064340876182e-02,9.101832525778730254e-03,1.302418324023154640e-02,6.151367268242198885e-03,1.223005168255305794e-02,3.884069649031934943e-03,3.101833432108772829e-03,7.416989427440739621e-03,1.417176006592008389e-02,1.969715703272327881e-02,7.818278746622843098e-03,2.597193677989382415e-02,3.174780858135586165e-02,3.446220570589148685e-02,9.098243436653857819e-03,4.216383836220250619e-02,2.366374092078290040e-02,3.134348256224474272e-02,2.260389287051977475e-02,5.475365217981134625e-02,1.647282398093496275e-02,1.532505742382114268e-02,1.287104187811166645e-02,8.570370080178928499e-03,1.799677380301703544e-02,2.142289090745444491e-02,3.857641949996887254e-02,1.814113106769536105e-02,4.881461797287238447e-02,6.232022549957265400e-02,1.053877833955873394e-02,4.373290870827605675e-02,1.083485311082708902e-01,5.704367753634620453e-02,6.602458318397008696e-02,5.188622860594344077e-02,1.352146410278259533e-02,3.648297398368367805e-02
1.109544464420807175e-02,3.770815335521195827e-02,1.908665782513251433e-02,1.058113092252432712e-02,4.260829821760535319e-02,5.992415295548364496e-02,6.332342063068191473e-02,1.399849613221885482e-02,6.716805771145553661e-02,4.738021617682814518e-02,4.818656861173665346e-02,3.982832014006546656e-02,9.120041151283561631e-02,2.550353466652416357e-02,3.019449401401927066e-02,2.677975271925292847e-02,1.867956251320136013e-02,0.000000000000000000e+00,3.514051008664748066e-02,7.446275222445278286e-02,3.175765655340270777e-02,1.085960556547449912e-01,1.052207283271586191e-01,2.832806713996329634e-02,7.642010107010047126e-02,1.727338033340770074e-01,1.100503270622987390e-01,1.160002273494900593e-01,9.869073840013320442e-02,2.494559505026219121e-02,6.101084250357315109e-02,2.258206451595226594e-02,1.560269059941392020e-02,2.816132725069542958e-02,1.319467131336616618e-02,3.138409041926341903e-02,9.439604951673919234e-03,6.813696331097090879e-03,2.198913200847255403e-02,1.739638745637475323e-02,2.485192360319708055e-02,1.150433278804428340e-02,2.272094975258699689e-02,7.251290077473468258e-03,5.971155211656642425e-03,1.401017137231141615e-02,2.663644404030801258e-02,3.754879041232554032e-02,1.451150017627033523e-02,4.786660101530371136e-02,6.042388227530558209e-02,6.392587999592373726e-02,1.728267818332289776e-02,8.066127326602558212e-02,4.406566654812225925e-02,5.890830523339964098e-02,4.198196593973293339e-02,1.021340078348039609e-01,3.010485876421703164e-02,2.887950991555758573e-02,2.449597569799467564e-02,1.603689221630637957e-02,3.372279767697042296e-02,4.028859235275152051e-02,7.293695255109289288e-02,3.358566906116167844e-02,9.311527085910598078e-02,1.183266932445996428e-01,2.018408136719268553e-02,8.241040998231843884e-02,2.045192155531299072e-01,1.078670053436380921e-01,1.240558516494730812e-01,9.809655809019146577e-02,2.512563017637490376e-02,6.928439541713206362e-02
1.106709453484537760e-02,3.699174958870485308e-02,1.930104623316303628e-02,1.063340581760485737e-02,4.262169371321204020e-02,5.953400310142453744e-02,6.327857548891405171e-02,1.383166475126205823e-02,6.735010011071677904e-02,4.689361839016278899e-02,4.858382446103753916e-02,3.928184530025841809e-02,9.056013812197569179e-02,2.551536989941868144e-02,2.987914400682707347e-02,2.671339224695715511e-02,1.841833547993988046e-02,3.514051008664748066e-02,0.000000000000000000e+00,7.336441591940173756e-02,3.094377813930262663e-02,1.082025652227013995e-01,1.041159221530897488e-01,2.792812347120773170e-02,7.577558684168700376e-02,1.703877183311926224e-01,1.096607841815554485e-01,1.164209253361184887e-01,9.836881824048626655e-02,2.488649556361284890e-02,6.069980277230518917e-02,2.260665489433756267e-02,1.569162348286525649e-02,2.781363343759077345e-02,1.336974300604302363e-02,3.130315984188156153e-02,9.530391092243109888e-03,6.968682448121761401e-03,2.206660067520056778e-02,1.743326993115604934e-02,2.473401772640840962e-02,1.175212061788199341e-02,2.289242225571428563e-02,7.087989633114363287e-03,6.003790241237613387e-03,1.404970504545491154e-02,2.677377897062032525e-02,3.697411475865056141e-02,1.441254172872382354e-02,4.782943442121449090e-02,6.043486702963431906e-02,6.418685285060472812e-02,1.712715130658816476e-02,8.132406686892132419e-02,4.416145503274465645e-02,5.941387023633140640e-02,4.225653685549824595e-02,1.017392059546149141e-01,3.043338574413023689e-02,2.885200754872658396e-02,2.474277763740235364e-02,1.597439993011965514e-02,3.342194755710242715e-02,4.058862627093127312e-02,7.215057484284628786e-02,3.314222976485343281e-02,9.359651129527170321e-02,1.173532968459043979e-01,2.027682188972593225e-02,8.153354879657699616e-02,2.036874403340298845e-01,1.072008431908014758e-01,1.249195537174495052e-01,9.738375909052113255e-02,2.513714234774679784e-02,6.772834091008494983e-02
2.320821576552556734e-02,7.890089685414775067e-02,3.998756217881540426e-02,2.224929030334520455e-02,8.883504978524640883e-02,1.238666417248530799e-01,1.318745937245544564e-01,2.895018158773271164e-02,1.403464048902641759e-01,9.964860782187717758e-02,1.004919918665440615e-01,8.325878687089047214e-02,1.898717840698509740e-01,5.391350553420087843e-02,6.170375691870338963e-02,5.690964992854249949e-02,3.950921203055435260e-02,7.446275222445278286e-02,7.336441591940173756e-02,0.000000000000000000e+00,6.582309593764096300e-02,2.250727155120473832e-01,2.176919209051952075e-01,5.907887180039455427e-02,1.594330978484354011e-01,3.576166889484842515e-01,2.296240003943776919e-01,2.430980186102704721e-01,2.051216098424313294e-01,5.234002497335009385e-02,1.278491855431274637e-01,4.604773736016370272e-02,3.196995794018175907e-02,5.827335234532703828e-02,2.775933513678403852e-02,6.596370164682366366e-02,1.947569364504517925e-02,1.383955457673194910e-02,4.479410466407090369e-02,3.571171229725485230e-02,5.139590713869636451e-02,2.404093490724822438e-02,4.759442319955820011e-02,1.482338499565805448e-02,1.200392911466590697e-02,2.939897123545230639e-02,5.600078959141992913e-02,7.800366253522950100e-02,3.015802396012040587e-02,1.001064310737099228e-01,1.258583685084832537e-01,1.336252981554541530e-01,3.601121059870625307e-02,1.679419860055157976e-01,9.306052461520218644e-02,1.229374640030244936e-01,8.797132864752450765e-02,2.125174283762580885e-01,6.339341338587120567e-02,5.955972344275248936e-02,5.137814528427641497e-02,3.369971924831774435e-02,7.010427648488637420e-02,8.452097990486334700e-02,1.519439947427765336e-01,6.954481979205441589e-02,1.932681657695824451e-01,2.460048981300030357e-01,4.197679180893378048e-02,1.718439033473970756e-01,4.249722772943514415e-01,2.254896042723041893e-01,2.601917648820717410e-01,2.044188887913341857e-01,5.283659814727016679e-02,1.437370187016126510e-01
1.026852862791514075e-02,3.355746559013878666e-02,1.675093311455940273e-02,9.292782881956526339e-03,3.827116588088817078e-02,5.265450777679533262e-02,5.692606006912894617e-02,1.239573211324241850e-02,5.913367003732477450e-02,4.294348314200198413e-02,4.345892899393673930e-02,3.627206009675812415e-02,8.152925176931349882e-02,2.337239765460931776e-02,2.711607908210271825e-02,2.408687934921331653e-02,1.705793782068405068e-02,3.175765655340270777e-02,3.094377813930262663e-02,6.582309593764096300e-02,0.000000000000000000e+00,9.573401697703523561e-02,9.403075642566263714e-02,2.538249155333554760e-02,6.870538069705749151e-02,1.548109346205847892e-01,9.735696522529684038e-02,1.038348383086157151e-01,8.683355895120759005e-02,2.202969073712131645e-02,5.425082692826488362e-02,2.054313719046657605e-02,1.394247019052999824e-02,2.500090393834815058e-02,1.161721737625610006e-02,2.826617437471952085e-02,8.350313894567444259e-03,6.071384237513680580e-03,2.025307519090619596e-02,1.551157061023966666e-02,2.224730487613056293e-02,1.047604764608362285e-02,2.046644070827389333e-02,6.667209845723140287e-03,5.340640808081088819e-03,1.239242265754742466e-02,2.357846315098765036e-02,3.277424757192637372e-02,1.310882547708734115e-02,4.360309618972400825e-02,5.315400658844535858e-02,5.744315797252876749e-02,1.522888004485608258e-02,7.133177260832747335e-02,3.981590159228536041e-02,5.268938091411404928e-02,3.861914026218826734e-02,9.124779034367846986e-02,2.741613346950166202e-02,2.619700596082904370e-02,2.179231169692339917e-02,1.431082580286295071e-02,3.049801106631305769e-02,3.556803369643011387e-02,6.437678414250158632e-02,3.046929330416468795e-02,8.194075766487363133e-02,1.052908894010806812e-01,1.790520825229466317e-02,7.326753681289185915e-02,1.832989080833831164e-01,9.506650363901548995e-02,1.117623420313723775e-01,8.676615224426607875e-02,2.274696939356227882e-02,6.167785629042306372e-02
