0.000000000000000000e+00,1.672222258502776421e-02,1.303548112388211964e-02,4.423361396047192223e-03,1.814049618331543476e-02,2.802445061129251944e-02,2.965691966608025032e-02,5.449308410025630565e-03,3.817143081974001123e-02,2.452392916223131852e-02,2.559766419825021747e-02,1.859969710396608064e-02,3.849107501512716994e-02,9.608424828036773654e-03,1.639135262235785762e-02,1.055610583537677089e-02,1.055350131676274783e-02,1.591315401565083706e-02,1.823036689933681120e-02,2.608492451176327304e-02,1.572124305828170518e-02,5.604569045924873844e-02,3.778312595687109005e-02,1.510409873525156432e-02,3.663547361805830072e-02,8.933166654539619056e-02,4.617761724262815087e-02,5.526142436344705366e-02,4.306257378536821473e-02,8.594169773034884829e-03,2.818357760632327763e-02,1.318889693978885641e-02,8.137131172199378593e-03,1.140270512978560496e-02,6.814808006788145023e-03,9.316093754431618856e-03,4.831670237275248643e-03,4.267682102788524293e-03,1.394141345927544899e-02,7.694011913970009650e-03,1.084226020971736440e-02,8.136759156408828950e-03,9.216733835511843262e-03,3.027462274442327666e-03,3.721803303296141330e-03,1.088442285460746416e-02,1.349942611501076667e-02,1.786648649778628528e-02,4.625829897175881902e-03,1.812852816551421137e-02,2.936081395146275530e-02,2.660699679934240558e-02,6.034738858261285387e-03,3.874637631698119727e-02,2.024345148770155881e-02,3.698181663236816547e-02,1.852864365575346978e-02,4.343845455583351250e-02,1.551697236940534873e-02,1.675828352589411180e-02,1.281166632385756336e-02,6.731584709619336040e-03,1.410444736822118184e-02,1.895678997025163764e-02,2.508528001802514534e-02,1.505190245759579701e-02,5.599039314650550853e-02,4.092787893043688119e-02,1.327939502753987429e-02,3.200321610181035975e-02,1.035870961633267584e-01,4.733104177020221875e-02,6.063310388366043024e-02,3.327164299665000963e-02,9.711170362927231542e-03,3.006451615667993932e-02
1.672222258502776421e-02,0.000000000000000000e+00,2.300400374342127796e-02,7.992545623950030736e-03,3.228058315730014671e-02,5.088047822393616110e-02,5.383515171470608374e-02,9.268472275436839825e-03,6.971900131406633117e-02,4.407782230019804959e-02,4.615451364766008646e-02,3.184356797215076584e-02,7.071388242654551293e-02,1.698693781596412322e-02,2.846324692588667049e-02,1.925084388932334079e-02,1.862754629852891169e-02,2.933241889995983481e-02,3.267282270088908702e-02,4.693272528210522265e-02,2.698908325506779379e-02,1.025004097318871071e-01,6.621722610616694038e-02,2.588974800824212982e-02,6.595988072684053072e-02,1.587256418084496135e-01,8.320356646165021075e-02,1.009163480196381552e-01,7.919788279940333242e-02,1.566630797022084895e-02,5.084071770385731326e-02,2.418318458235863347e-02,1.446906786409431905e-02,1.995528393365375575e-02,1.167401381234655158e-02,1.667408968957500084e-02,8.681143505866718846e-03,7.328494548714966327e-03,2.513007927118071985e-02,1.372856564796220459e-02,1.863470983083526447e-02,1.388140002251792883e-02,1.657837813412577077e-02,5.617657667919338620e-03,6.343833580152963975e-03,1.905759755942714601e-02,2.475030886341137923e-02,3.074725764433532127e-02,8.482893672708241573e-03,3.287430056930194799e-02,5.385103655468300582e-02,4.844002260766094858e-02,1.030427620039209811e-02,7.061075810467246083e-02,3.631449712744402869e-02,6.653454947166480282e-02,3.132533390584903848e-02,7.928509380228701553e-02,2.880531711213523555e-02,2.855280606124012063e-02,2.305778669398148017e-02,1.240446811348118288e-02,2.554681035456657021e-02,3.382793904411671160e-02,4.466435442267174122e-02,2.553097422954923520e-02,1.030968343734102732e-01,7.101973651192593218e-02,2.300008159021036530e-02,5.801922804337725226e-02,1.864903185372054906e-01,8.654891132519987318e-02,1.089766708355179026e-01,6.101560078169657175e-02,1.758822856179540275e-02,5.394424086457049600e-02
1.303548112388211964e-02,2.300400374342127796e-02,0.000000000000000000e+00,6.109938730891779912e-03,2.531076710757692097e-02,3.958532448246428193e-02,4.168445446728878678e-02,7.138166112777202116e-03,5.417357633349473289e-02,3.331397441978743712e-02,3.589439707202102259e-02,2.483790361178394787e-02,5.466256515862848858e-02,1.351400673158217533e-02,2.198321370792424151e-02,1.475356801182379357e-02,1.420291604303396821e-02,2.226629400866545622e-02,2.538803068091143728e-02,3.645178741797152483e-02,2.096575336834598582e-02,7.929951059233285304e-02,5.185839880961577025e-02,2.022639720361537122e-02,5.103276333912171170e-02,1.230760389914712927e-01,6.461671538725022312e-02,7.794587821710592668e-02,6.165297479034318601e-02,1.252999187276454367e-02,3.928561896880376769e-02,1.844422053475859233e-02,1.111008265361432441e-02,1.559483896883326337e-02,9.277603967495325760e-03,1.304536331583822095e-02,6.701280703688481180e-03,5.676347232897127788e-03,1.915665157116336337e-02,1.056745171463897674e-02,1.420743115684165031e-02,1.076329816697944516e-02,1.302918530241558258e-02,4.278790626607915058e-03,4.961604022588471559e-03,1.470314240860771081e-02,1.935053141048766537e-02,2.421208276506234269e-02,6.729550026932618403e-03,2.556605029735645879e-02,4.183009458569379030e-02,3.774864469760998847e-02,8.030527868803268021e-03,5.496851519552339860e-02,2.798019907693485506e-02,5.119118685609620051e-02,2.431603419730995683e-02,6.169895950191314760e-02,2.250849744181776177e-02,2.242715370551335435e-02,1.771946696165292365e-02,9.592586004049434567e-03,1.969213425647201726e-02,2.653352898057923653e-02,3.476379326993162683e-02,2.008557810002761443e-02,7.963560424475019106e-02,5.576801842524896358e-02,1.775351069326961545e-02,4.495430953996069900e-02,1.434517264732589337e-01,6.666197474992875682e-02,8.453830114905608317e-02,4.772982886078250969e-02,1.398161337965310620e-02,4.178761852582320996e-02
4.423361396047192223e-03,7.992545623950030736e-03,6.109938730891779912e-03,0.000000000000000000e+00,8.523435830165685539e-03,1.365470960676413645e-02,1.434382103857518784e-02,2.629008215755465963e-03,1.895461448057583070e-02,1.208051575284603378e-02,1.260037624176979856e-02,8.342143396178650430e-03,1.852179740566517810e-02,4.460742081545875266e-03,8.093001652358180337e-03,5.014911689047211150e-03,5.292639738322806563e-03,8.005894789567464739e-03,9.031172275792077181e-03,1.234681166973185945e-02,7.133693799697325699e-03,2.875713903178182124e-02,1.783148270291707096e-02,6.596579692985667098e-03,1.777678199945316798e-02,4.359987525117414719e-02,2.215296000890085507e-02,2.750266946583480865e-02,2.168596516814132180e-02,4.216367919941374325e-03,1.355399028495005848e-02,6.980441899566569228e-03,4.145559262416213808e-03,5.224262636288653193e-03,3.059547702368226214e-03,3.961874871776657585e-03,2.171662771170941759e-03,2.140323415120336942e-03,7.245215378093281672e-03,3.842479707426302640e-03,5.085310680780178762e-03,3.591302933862942914e-03,4.213774754215422746e-03,1.465368107239505349e-03,1.872838326206937697e-03,5.405343116191248416e-03,6.440970089351485267e-03,7.931456176411605732e-03,2.104712822770859158e-03,8.763999900005153484e-03,1.467675290795774148e-02,1.284562601398953757e-02,2.603031169976705462e-03,1.953493806946935557e-02,9.499909994275489156e-03,1.848821905812265964e-02,7.914841615027437549e-03,2.185068115279520037e-02,7.695871183758791131e-03,7.735408719393592480e-03,6.306599130218868213e-03,3.317105509031133097e-03,7.112041870672268160e-03,9.221302395132524587e-03,1.218584716816995678e-02,6.742889039719295735e-03,2.877245478463374972e-02,1.870802570995072980e-02,6.198314778392732122e-03,1.546495968325593828e-02,5.083945527653511293e-02,2.343902302852973740e-02,3.027840832140986371e-02,1.630213693066144554e-02,5.026539711887636520e-03,1.459781989537212513e-02
1.814049618331543476e-02,3.228058315730014671e-02,2.531076710757692097e-02,8.523435830165685539e-03,0.000000000000000000e+00,5.620985662767689905e-02,5.871777253815006758e-02,1.092771036688433388e-02,7.721905746538421100e-02,4.844871484456205607e-02,5.169658412044561557e-02,3.473628728726060877e-02,7.728114435796683279e-02,1.864345942128120548e-02,3.258220473419551344e-02,2.085121216765121327e-02,2.084385682192520239e-02,3.272779160776731477e-02,3.692132227288392327e-02,5.167759569415319998e-02,2.962089527631307784e-02,1.156404793625471633e-01,7.459451600953627415e-02,2.820978218502589313e-02,7.252291220793302684e-02,1.765363892412536162e-01,9.101602921907112065e-02,1.125678712020209415e-01,8.945968163354321712e-02,1.775443620659043764e-02,5.699075503444737956e-02,2.809481626285853517e-02,1.689322467772796238e-02,2.248235923729461835e-02,1.309272711868771435e-02,1.774064684106352666e-02,9.536715669463917758e-03,8.986096705229781531e-03,2.894430967706312918e-02,1.586436628319883371e-02,2.103836518613416348e-02,1.482280762541341584e-02,1.771020815119563052e-02,5.950471258743846373e-03,7.646372129080145248e-03,2.118557624603523148e-02,2.657991227080930274e-02,3.346972691433754143e-02,9.062667730632174498e-03,3.628268263656825310e-02,5.973126399241915352e-02,5.282316584839623352e-02,1.128702265893416316e-02,7.965992748797906531e-02,3.993691819155183870e-02,7.429302834777269660e-02,3.433244770016680159e-02,8.810443849720622778e-02,3.115835372996458852e-02,3.121096436159921661e-02,2.596743493009615739e-02,1.355200455142902688e-02,2.937218598645745249e-02,3.742364981523405021e-02,4.973309981328841167e-02,2.786976100709212534e-02,1.152783971946779590e-01,7.910108709254913550e-02,2.561720488371016860e-02,6.432762965587930648e-02,2.072137193875863148e-01,9.548648996339839656e-02,1.223192538973403298e-01,6.905786617045739373e-02,2.036008084529470491e-02,5.957341493456036474e-02
2.802445061129251944e-02,5.088047822393616110e-02,3.958532448246428193e-02,1.365470960676413645e-02,5.620985662767689905e-02,0.000000000000000000e+00,9.305311037955810161e-02,1.639336752469957095e-02,1.208759382418284622e-01,7.456736321562346115e-02,7.894956574186309806e-02,5.392563624630712649e-02,1.221848816301725760e-01,2.962037539244732898e-02,4.855975576099048896e-02,3.239836535278787372e-02,3.154152556499082577e-02,5.048728304131792910e-02,5.646602521412692061e-02,8.013010897690102385e-02,4.569963572673066410e-02,1.781737035889773835e-01,1.166330303240206145e-01,4.420120463772930774e-02,1.139501113416952760e-01,2.741500502483734114e-01,1.419581014045642187e-01,1.754201057206711822e-01,1.366418112613481395e-01,2.714586344675474355e-02,8.784148851553849613e-02,4.225980398358981233e-02,2.569957638167571015e-02,3.459761627227574132e-02,2.047210488175755724e-02,2.898725749537275909e-02,1.510921589586261896e-02,1.308071330236529849e-02,4.322987968466243669e-02,2.418834015343319585e-02,3.218466278507794293e-02,2.325781354764186112e-02,2.807774883312884329e-02,9.634534039937182187e-03,1.118876174593577168e-02,3.295956706262569147e-02,4.249829378810440067e-02,5.232515180494706764e-02,1.476262301131996829e-02,5.693680306944609582e-02,9.433118418165128971e-02,8.411385212760695562e-02,1.780427069599304843e-02,1.240790191377683926e-01,6.149607927013006625e-02,1.131075462155200217e-01,5.324255053392876191e-02,1.368741076187897365e-01,4.855766812707022068e-02,4.802135987069192785e-02,3.995119313250863891e-02,2.122631763673177643e-02,4.480185348799434891e-02,5.753748612695713804e-02,7.746934520634038424e-02,4.361863932452995918e-02,1.777755417916838110e-01,1.239599617143273269e-01,3.977354280791282198e-02,1.012315424426272342e-01,3.213384531358017271e-01,1.474245671138584568e-01,1.891047426610839577e-01,1.080294703305116483e-01,3.140266770051548806e-02,9.291139759607675019e-02
2.965691966608025032e-02,5.383515171470608374e-02,4.168445446728878678e-02,1.434382103857518784e-02,5.871777253815006758e-02,9.305311037955810161e-02,0.000000000000000000e+00,1.743898329414696191e-02,1.280170965630111346e-01,7.995053930912449092e-02,8.467498628069304589e-02,5.782728296519860922e-02,1.291017527196929027e-01,3.077339617415521256e-02,5.216659640298676459e-02,3.473452563370794943e-02,3.430379907356835567e-02,5.422792634527878047e-02,6.023269507936274136e-02,8.582684490728338667e-02,4.901206602180157440e-02,1.889473764649977905e-01,1.213843190516167847e-01,4.671270148033180442e-02,1.205531955104393593e-01,2.895070491575045812e-01,1.503553297147340873e-01,1.867463264402864365e-01,1.464389214862514832e-01,2.936881107438962801e-02,9.256349755710058247e-02,4.564284103302257423e-02,2.723226024529166664e-02,3.632817094024926724e-02,2.157461900813688327e-02,2.952043049559507915e-02,1.560818911312494145e-02,1.396847401058706403e-02,4.727355840551390048e-02,2.545203317560281592e-02,3.428097563147896459e-02,2.479177922314069679e-02,2.983782031209622487e-02,1.013661888186778715e-02,1.208472728668872828e-02,3.490841769539305278e-02,4.451660033140216605e-02,5.498977575514608918e-02,1.551992901942707628e-02,5.987656040588987261e-02,9.851487398879506252e-02,8.829397696529731054e-02,1.880955279688656043e-02,1.300671636522712782e-01,6.612614495397346748e-02,1.213751090987018610e-01,5.704328831354939233e-02,1.463163744008108835e-01,5.194395212790010180e-02,5.088450466672497785e-02,4.250103955354662261e-02,2.266656419546289603e-02,4.769896639272894201e-02,6.110200669310678068e-02,8.185965837227972275e-02,4.645501151808807683e-02,1.888417381805168604e-01,1.295983991535503699e-01,4.189345925566199946e-02,1.056929083716648260e-01,3.387382010288626510e-01,1.574014023252528760e-01,2.005894129246011959e-01,1.125159188874985117e-01,3.311704316151577870e-02,9.835514100349712630e-02
5.449308410025630565e-03,9.268472275436839825e-03,7.138166112777202116e-03,2.629008215755465963e-03,1.092771036688433388e-02,1.639336752469957095e-02,1.743898329414696191e-02,0.000000000000000000e+00,2.211515102409100306e-02,1.385638234500414546e-02,1.513405461064932719e-02,1.067470102205747041e-02,2.303862113435135514e-02,5.693514127798785657e-03,9.738030855862507551e-03,6.206196739107058304e-03,5.875266954410605751e-03,9.425726522157716961e-03,1.041174934753431869e-02,1.522422195934117553e-02,8.876511832071417099e-03,3.314146261961412043e-02,2.262770037554496030e-02,8.724877242156366813e-03,2.095894027982135588e-02,5.217817031692451035e-02,2.639623601068352352e-02,3.361277554925174577e-02,2.604543506412051318e-02,5.267911115349348250e-03,1.717217316538617936e-02,8.089165215915641860e-03,4.950502781380805399e-03,6.965129545687782746e-03,3.938423555708759315e-03,5.422708758435856695e-03,2.829258220905855534e-03,2.628763692710860134e-03,8.339575714653976735e-03,4.640395431522646892e-03,6.217604804198763845e-03,4.391328275465658862e-03,5.475245476764200279e-03,1.853805193767734533e-03,2.181560333836132272e-03,5.887137252041551444e-03,7.836866203421357507e-03,9.763914241848045336e-03,2.890872338086701489e-03,1.088272592672242037e-02,1.719787065678552926e-02,1.622951367096936090e-02,3.614512829280127054e-03,2.280418918493374095e-02,1.184516653284898614e-02,2.167317407354995423e-02,1.095073254984257373e-02,2.604286620993761375e-02,9.098989402068475771e-03,9.494068223267315698e-03,7.462905667725783232e-03,4.008086278379697012e-03,8.671818741605176115e-03,1.090560628467810746e-02,1.456234471954074954e-02,8.677230917804357874e-03,3.276319846440554212e-02,2.450617494919377082e-02,7.480382135753075278e-03,1.895192996205617014e-02,6.117465916873684323e-02,2.756707159312156777e-02,3.612268465807738638e-02,2.054562955401546473e-02,5.781745777329684588e-03,1.781407423402771306e-02
3.817143081974001123e-02,6.971900131406633117e-02,5.417357633349473289e-02,1.895461448057583070e-02,7.721905746538421100e-02,1.208759382418284622e-01,1.280170965630111346e-01,2.211515102409100306e-02,0.000000000000000000e+00,1.019506914362286326e-01,1.081201881086146233e-01,7.379698975139335759e-02,1.683606763781578808e-01,4.109410281283472355e-02,6.652199617436885259e-02,4.489991380561329098e-02,4.320092973350279919e-02,6.895247228536793838e-02,7.695025077628815657e-02,1.115608338903943397e-01,6.263902747248308034e-02,2.431672931963315687e-01,1.590794476400134716e-01,6.055509294059832626e-02,1.557491159409158388e-01,3.726509093531470418e-01,1.968454302555900093e-01,2.409538206133670091e-01,1.881720972488096777e-01,3.790982576779375335e-02,1.203671526766513233e-01,5.707477158080969531e-02,3.504616751191978741e-02,4.793395777515652850e-02,2.817545418740679403e-02,4.031823397091884725e-02,2.059862964101358621e-02,1.775212003480371864e-02,5.875798095408034383e-02,3.304123791302806395e-02,4.426027793551004508e-02,3.213097764479777574e-02,3.905013867007699896e-02,1.330445383134881698e-02,1.526145202665363590e-02,4.444590098656741456e-02,5.829953570744302038e-02,7.235076970734158341e-02,2.061370807394226692e-02,7.781335734285207972e-02,1.281660205120660201e-01,1.159348790337162982e-01,2.451326908292739831e-02,1.680672593610343657e-01,8.535087376539660098e-02,1.544371663116100579e-01,7.436190034783168867e-02,1.880668075840549458e-01,6.722087071900878508e-02,6.634931579329723939e-02,5.434607247229480964e-02,2.933782045757795526e-02,6.080698487554943299e-02,7.922716670078221168e-02,1.065805262413218463e-01,6.004270447017105716e-02,2.425129097654734056e-01,1.709368551446396600e-01,5.442399382005146807e-02,1.382509931183223961e-01,4.379298611026955501e-01,2.034017246925276245e-01,2.597004859650000053e-01,1.476685432182512636e-01,4.314225297627696104e-02,1.269826465088465806e-01
2.452392916223131852e-02,4.407782230019804959e-02,3.331397441978743712e-02,1.208051575284603378e-02,4.844871484456205607e-02,7.456736321562346115e-02,7.995053930912449092e-02,1.385638234500414546e-02,1.019506914362286326e-01,0.000000000000000000e+00,6.813364489436225802e-02,4.657596175321441351e-02,1.042941558489663134e-01,2.553972614412112346e-02,4.058798825832552609e-02,2.842634294890744942e-02,2.742463558381039515e-02,4.289249525906540378e-02,4.839075446451481660e-02,6.920099436499271839e-02,3.980859606968793069e-02,1.498885064217922169e-01,9.654840461283645259e-02,3.772035597596038597e-02,9.764869694766127595e-02,2.312952636701610110e-01,1.220727850593690822e-01,1.496055127670850027e-01,1.169612690485097445e-01,2.346756799590330941e-02,7.422647060255795071e-02,3.532585530205872154e-02,2.141299614835439832e-02,2.930206518724262632e-02,1.745763014500303564e-02,2.563123709484324553e-02,1.284667668610902508e-02,1.070656534918311940e-02,3.674434142856068675e-02,2.046335745730854666e-02,2.755553652698538442e-02,2.048227515817442612e-02,2.500847896883922478e-02,8.422438245092291054e-03,9.454017771404563814e-03,2.826262772475537574e-02,3.643216071576903942e-02,4.484228234627966186e-02,1.270562911992135363e-02,4.857899352959259287e-02,7.786883261811627932e-02,7.157665039815259977e-02,1.534279492052865665e-02,1.025112693752784909e-01,5.419104024877276909e-02,9.749191734259447795e-02,4.606499278764033395e-02,1.161778973542978433e-01,4.243294657545941539e-02,4.113974190222247085e-02,3.380501509058557452e-02,1.844092179503694501e-02,3.782860359072049566e-02,4.982377267015829919e-02,6.593029493322170864e-02,3.806487469515759670e-02,1.498337081530888293e-01,1.040128133339202482e-01,3.361247831818209991e-02,8.537100997462208907e-02,2.703292840657487983e-01,1.258329033491049354e-01,1.609015443697877357e-01,8.955909776205733808e-02,2.641970390433305213e-02,7.916071756300181728e-02
2.559766419825021747e-02,4.615451364766008646e-02,3.589439707202102259e-02,1.260037624176979856e-02,5.169658412044561557e-02,7.894956574186309806e-02,8.467498628069304589e-02,1.513405461064932719e-02,1.081201881086146233e-01,6.813364489436225802e-02,0.000000000000000000e+00,4.974570839411042444e-02,1.111658295350484160e-01,2.727578314584128139e-02,4.456563544307282770e-02,2.970048441935640299e-02,2.883513784153055037e-02,4.621849134688194721e-02,5.077765967663427915e-02,7.377517318650439471e-02,4.193444218649208799e-02,1.602436524641280280e-01,1.056270716640925478e-01,4.039153656728759756e-02,1.029235177318982425e-01,2.472635377016189628e-01,1.295472821815173703e-01,1.600871064347602069e-01,1.251080182446731581e-01,2.528982469904348176e-02,8.039747255522822211e-02,3.827300680460203608e-02,2.303526627100213955e-02,3.188685170268721475e-02,1.871397240148725202e-02,2.628655174312898718e-02,1.357771712036827394e-02,1.203651725428255860e-02,3.897059386394065295e-02,2.187987724956336547e-02,2.952544074076204894e-02,2.121807526131094801e-02,2.568257754459072478e-02,8.817376357325799191e-03,1.030488415356753742e-02,2.937874889502805828e-02,3.837790054361875369e-02,4.808074286320521140e-02,1.351032299461287639e-02,5.219080596466770666e-02,8.370069552530659540e-02,7.725609474111985731e-02,1.638268188114653037e-02,1.116294362988526911e-01,5.686212252720621030e-02,1.040026366130339108e-01,4.984433119425336900e-02,1.249225203716649579e-01,4.463626344327197709e-02,4.418114265267778645e-02,3.627300658901328606e-02,1.937753340966386420e-02,4.062780192884638680e-02,5.270766537617764536e-02,7.103623627981207889e-02,4.021087307724945104e-02,1.599543741634118776e-01,1.138416529354712853e-01,3.615211141079271995e-02,9.152643358798925877e-02,2.903940181222303130e-01,1.351815907684392470e-01,1.732285416499003416e-01,9.723654616619006874e-02,2.883986667855288274e-02,8.460622054114212698e-02
1.859969710396608064e-02,3.184356797215076584e-02,2.483790361178394787e-02,8.342143396178650430e-03,3.473628728726060877e-02,5.392563624630712649e-02,5.782728296519860922e-02,1.067470102205747041e-02,7.379698975139335759e-02,4.657596175321441351e-02,4.974570839411042444e-02,0.000000000000000000e+00,7.600642664507906154e-02,1.836308939572481314e-02,3.199350684020384195e-02,2.079842903567112947e-02,1.984749351266318004e-02,3.112545877945133155e-02,3.542221669000325535e-02,5.015728771369180189e-02,3.061029608026425916e-02,1.095483197269346981e-01,7.300543122513739047e-02,2.871653709280192618e-02,7.034510223033196841e-02,1.718465152670080875e-01,8.798741228923696867e-02,1.089352300550512354e-01,8.498898270499614938e-02,1.723228071535113162e-02,5.486977662311927351e-02,2.591183568139510812e-02,1.561320012727271389e-02,2.171413042363648169e-02,1.273975118611414895e-02,1.773800085340241153e-02,8.986282310234570622e-03,7.978538738200716129e-03,2.668128538246701195e-02,1.488635005836504502e-02,2.022142336598030041e-02,1.491007536537653812e-02,1.766171033125569709e-02,5.777369843763841863e-03,6.955807589636173703e-03,2.102860541036613226e-02,2.653644332836580660e-02,3.296907207498335490e-02,8.970356908474485386e-03,3.508843865290579844e-02,5.646762352856722622e-02,5.232720984857676394e-02,1.166227798494865082e-02,7.470087922188137219e-02,3.895824040212211847e-02,7.158622574463478772e-02,3.499355938108128505e-02,8.517397549441046989e-02,3.061514921076885498e-02,3.152924358491567686e-02,2.478080068997958255e-02,1.340612093787673514e-02,2.763140049415339916e-02,3.672561960174497431e-02,4.772416473439201889e-02,2.917922159577557989e-02,1.083464691171154293e-01,7.817690862078070790e-02,2.514673918069385006e-02,6.097319294635027143e-02,1.986439177857106664e-01,9.117914190473667968e-02,1.179915082245778790e-01,6.524827909476857424e-02,1.925835204589279245e-02,5.838320268017811732e-02
3.849107501512716994e-02,7.071388242654551293e-02,5.466256515862848858e-02,1.852179740566517810e-02,7.728114435796683279e-02,1.221848816301725760e-01,1.291017527196929027e-01,2.303862113435135514e-02,1.683606763781578808e-01,1.042941558489663134e-01,1.111658295350484160e-01,7.600642664507906154e-02,0.000000000000000000e+00,4.036059228584237824e-02,6.987900482380471345e-02,4.599645633701256869e-02,4.430443289795778922e-02,7.172829754256448975e-02,7.847981202999895767e-02,1.128163185948545533e-01,6.473425182033500092e-02,2.519725644199212744e-01,1.617317707039504227e-01,6.138683830232583016e-02,1.595115498095770190e-01,3.842551573256007269e-01,1.993332327055719333e-01,2.455800530002025805e-01,1.933666678648749693e-01,3.841210407812254563e-02,1.227682768159641669e-01,6.016977939791177954e-02,3.585418223197620047e-02,4.749144503344883417e-02,2.817958635607882567e-02,3.869504652225159297e-02,2.063812402197254606e-02,1.844274363232379504e-02,6.220309420074675300e-02,3.375872509268602190e-02,4.448476585289866392e-02,3.225681051246466480e-02,3.858968124534292027e-02,1.309485572459954950e-02,1.622126607185182812e-02,4.564419379552337591e-02,5.867933407989495143e-02,7.260744053861878378e-02,2.014184462305870435e-02,7.906801278773398223e-02,1.295039049282003252e-01,1.159463033024392686e-01,2.442062056151401636e-02,1.739026068458672802e-01,8.664605892169340018e-02,1.598658895343589292e-01,7.500204319806730302e-02,1.927883908854234329e-01,6.825060476260573494e-02,6.817900140275119647e-02,5.617088226844979548e-02,2.964924928621392314e-02,6.296279261735505950e-02,7.995096088038831927e-02,1.073338083021844747e-01,6.062589049424460530e-02,2.516296413981906066e-01,1.729753594916985660e-01,5.554404075022818799e-02,1.410895202951721050e-01,4.524578325041229143e-01,2.085746993920160608e-01,2.655522378441229070e-01,1.490091578887330626e-01,4.404307788716212840e-02,1.293537437826325909e-01
9.608424828036773654e-03,1.698693781596412322e-02,1.351400673158217533e-02,4.460742081545875266e-03,1.864345942128120548e-02,2.962037539244732898e-02,3.077339617415521256e-02,5.693514127798785657e-03,4.109410281283472355e-02,2.553972614412112346e-02,2.727578314584128139e-02,1.836308939572481314e-02,4.036059228584237824e-02,0.000000000000000000e+00,1.737805415339317358e-02,1.097718410068383374e-02,1.100958822415685871e-02,1.717620823553691473e-02,1.953026241939117766e-02,2.716158633568280939e-02,1.569098204746934358e-02,6.155623704377639893e-02,3.922933062349640010e-02,1.489682200403813842e-02,3.810371541643870624e-02,9.305732256931795177e-02,4.815170754038185924e-02,5.909000505112760315e-02,4.718650372619236089e-02,9.302496856545197992e-03,2.947215664610861041e-02,1.478559274143414690e-02,8.652945865517723892e-03,1.143530349057059019e-02,6.848492169767671570e-03,9.143393520125390334e-03,4.939267650232345187e-03,4.671127844149655303e-03,1.525630404113085745e-02,8.341517347811645486e-03,1.095662447672838755e-02,7.804102344587565340e-03,9.368968450749829910e-03,3.151348005829356959e-03,4.058351721486132095e-03,1.115132069422298741e-02,1.416776824270196342e-02,1.759834641066118296e-02,4.638563828298608582e-03,1.876533733859259839e-02,3.144158262753464494e-02,2.766341610211540958e-02,5.830707741365903640e-03,4.250834372839355085e-02,2.091770026985953837e-02,3.946626709347238193e-02,1.783025376399756043e-02,4.686010780643966311e-02,1.678323799039917186e-02,1.670763476724707389e-02,1.376000283465987628e-02,7.071676986183775965e-03,1.542590027378223233e-02,1.975750834061171593e-02,2.617341103266291463e-02,1.439758357233907743e-02,6.158244865924944467e-02,4.148471410512430402e-02,1.342337030958432043e-02,3.408053887000390275e-02,1.097536498928239901e-01,5.064403907274196009e-02,6.489842196144711417e-02,3.575418363577748115e-02,1.084077499706563585e-02,3.130560400554056183e-02
1.639135262235785762e-02,2.846324692588667049e-02,2.198321370792424151e-02,8.093001652358180337e-03,3.258220473419551344e-02,4.855975576099048896e-02,5.216659640298676459e-02,9.738030855862507551e-03,6.652199617436885259e-02,4.058798825832552609e-02,4.456563544307282770e-02,3.199350684020384195e-02,6.987900482380471345e-02,1.737805415339317358e-02,0.000000000000000000e+00,1.852643307417233334e-02,1.711033891672376905e-02,2.770364924568884807e-02,3.064351257201222006e-02,4.578310276198205298e-02,2.675489464330382816e-02,9.568280704734309638e-02,6.727559750641631808e-02,2.664204720980420729e-02,6.351651784067589845e-02,1.526328787151223221e-01,7.979271551884717373e-02,9.955223776905175459e-02,7.615125130952120347e-02,1.591859458026304019e-02,5.065981532275244670e-02,2.327195759096772551e-02,1.412638115809828655e-02,2.069896826797445674e-02,1.203975852213040078e-02,1.741364411835161913e-02,8.374737974785665534e-03,7.384095718612548181e-03,2.388304718048179717e-02,1.341408441128797736e-02,1.844511341064689405e-02,1.345608892628402664e-02,1.614624115413075892e-02,5.395180332480184297e-03,6.144622143682517898e-03,1.781411718154179979e-02,2.438917003700361366e-02,3.027093501955092913e-02,8.981328515559708001e-03,3.248071462537818754e-02,5.125637344445697213e-02,4.882462411723207524e-02,1.126719383471168519e-02,6.758608561493620326e-02,3.546898891427947148e-02,6.294070937638257535e-02,3.331601748830231857e-02,7.672654108740852019e-02,2.700515064839362211e-02,2.801470903771818496e-02,2.223166627825121089e-02,1.223599313139013545e-02,2.491642445987126905e-02,3.247973121991061529e-02,4.383168662877460348e-02,2.662170335722858008e-02,9.569537558021164181e-02,7.394807099740623169e-02,2.284192585351835572e-02,5.634144777919496833e-02,1.786452417875474818e-01,8.249766879558492749e-02,1.055195677429325019e-01,6.128578156964496065e-02,1.722346676003951027e-02,5.292350124781224768e-02
1.055610583537677089e-02,1.925084388932334079e-02,1.475356801182379357e-02,5.014911689047211150e-03,2.085121216765121327e-02,3.239836535278787372e-02,3.473452563370794943e-02,6.206196739107058304e-03,4.489991380561329098e-02,2.842634294890744942e-02,2.970048441935640299e-02,2.079842903567112947e-02,4.599645633701256869e-02,1.097718410068383374e-02,1.852643307417233334e-02,0.000000000000000000e+00,1.210086808273096518e-02,1.881993962845464677e-02,2.114524467968845189e-02,3.015908974762698813e-02,1.759833615079709618e-02,6.625713903590464693e-02,4.333147672963313934e-02,1.673948196398186358e-02,4.263555256024212370e-02,1.023956029036271476e-01,5.351660797765914884e-02,6.607216177775962485e-02,5.137643710012447518e-02,1.023571939729626436e-02,3.252916378782768486e-02,1.575407389198108313e-02,9.452487092339326158e-03,1.280575000997814274e-02,7.617553369898567503e-03,1.069236115875219981e-02,5.514762644133073578e-03,4.871440362598565207e-03,1.623297146560086571e-02,8.969613467370986942e-03,1.215421339651499497e-02,8.761115935850613892e-03,1.074281322507714131e-02,3.601562949724691244e-03,4.254196155543428851e-03,1.206763305496621856e-02,1.584579835527569203e-02,1.948750062745235878e-02,5.439168809629076756e-03,2.093165104977973145e-02,3.454394792104075601e-02,3.150838410956542657e-02,6.734567513550273818e-03,4.573555703466809091e-02,2.357526242001078617e-02,4.304077395406448459e-02,2.038265234486816985e-02,5.171299261074607800e-02,1.832861293092075128e-02,1.847604948801605598e-02,1.485593202952322292e-02,7.914542307945226715e-03,1.675699875383651616e-02,2.171661258037774211e-02,2.886008718191460098e-02,1.657972504301835279e-02,6.663426133206133695e-02,4.643550816842748757e-02,1.473273182568993894e-02,3.729838208434753388e-02,1.194646540317331751e-01,5.539217852719105495e-02,7.124321283310580677e-02,3.922596015543521053e-02,1.154753185306551209e-02,3.482498888531940923e-02
1.055350131676274783e-02,1.862754629852891169e-02,1.420291604303396821e-02,5.292639738322806563e-03,2.084385682192520239e-02,3.154152556499082577e-02,3.430379907356835567e-02,5.875266954410605751e-03,4.320092973350279919e-02,2.742463558381039515e-02,2.883513784153055037e-02,1.984749351266318004e-02,4.430443289795778922e-02,1.100958822415685871e-02,1.711033891672376905e-02,1.210086808273096518e-02,0.000000000000000000e+00,1.795467308832023046e-02,2.057342627838940063e-02,2.935281504243348466e-02,1.690335326324925169e-02,6.289472805749166118e-02,4.101820010195711408e-02,1.610183117885047310e-02,4.127615462715343575e-02,9.722692404465740901e-02,5.202078322082188261e-02,6.361866934038250265e-02,4.932040304495487887e-02,1.001644007172704069e-02,3.155617817965454541e-02,1.481215579912070757e-02,9.047513228401580718e-03,1.268995127686421177e-02,7.474843668578031591e-03,1.106112977631848113e-02,5.527969616058075845e-03,4.650535232124474935e-03,1.550055744391442766e-02,8.676181561431297110e-03,1.195785910286131445e-02,8.927773836339350164e-03,1.076429198212966627e-02,3.640996802688524232e-03,3.993108573847534148e-03,1.199814895847612674e-02,1.545474138214230145e-02,1.928897407061513566e-02,5.500671795810418811e-03,2.061285840128171051e-02,3.294010970795997750e-02,3.073616386667395173e-02,6.464693685561481371e-03,4.317384314131570561e-02,2.311716440464896966e-02,4.107556724133658299e-02,1.984372073361920230e-02,4.945405598619103532e-02,1.799431853667096681e-02,1.745358831258643495e-02,1.411939433258556018e-02,7.724509249108635692e-03,1.582483491001750522e-02,2.112132787663577663e-02,2.831557514585092764e-02,1.618766259976922237e-02,6.333342302117539457e-02,4.435509603117753635e-02,1.428195837438855226e-02,3.611540447069540999e-02,1.137693895355686990e-01,5.354271924541329636e-02,6.835782203059612150e-02,3.800129628189381770e-02,1.112087338234265220e-02,3.365334363248758537e-02
1.591315401565083706e-02,2.933241889995983481e-02,2.226629400866545622e-02,8.005894789567464739e-03,3.272779160776731477e-02,5.048728304131792910e-02,5.422792634527878047e-02,9.425726522157716961e-03,6.895247228536793838e-02,4.289249525906540378e-02,4.621849134688194721e-02,3.112545877945133155e-02,7.172829754256448975e-02,1.717620823553691473e-02,2.770364924568884807e-02,1.881993962845464677e-02,1.795467308832023046e-02,0.000000000000000000e+00,3.208535345594063642e-02,4.665764794057546128e-02,2.645975374203446417e-02,1.016182500250368548e-01,6.613437071963101932e-02,2.540118737395408166e-02,6.577877337282675430e-02,1.570819401735205345e-01,8.177413563810118080e-02,1.022974714195350743e-01,7.929044639958575391e-02,1.598186903754906033e-02,5.059922481681020795e-02,2.415070707885427076e-02,1.458169164229769152e-02,1.976574384106790511e-02,1.182126705912853355e-02,1.675311138314596396e-02,8.657190487537082257e-03,7.401822330320872827e-03,2.479388969256841185e-02,1.385954933986850712e-02,1.844892443186129868e-02,1.340391131811295364e-02,1.637816468096543743e-02,5.614041345002059209e-03,6.386190904424150945e-03,1.840853733181519597e-02,2.465551870419624425e-02,2.995257560160976412e-02,8.837070382201984292e-03,3.341971506970328742e-02,5.319677526845560667e-02,4.937118738105671784e-02,1.024868727306853765e-02,7.086032917551021715e-02,3.595597746531371819e-02,6.540678198988107706e-02,3.119306111023516237e-02,7.958018028724100912e-02,2.823886073038223490e-02,2.738783655826916574e-02,2.290929894978324319e-02,1.245832586038642283e-02,2.577718618651115429e-02,3.284157975010347508e-02,4.453349196512818714e-02,2.519363961225400475e-02,1.016762023489077849e-01,7.123430360656816951e-02,2.245413905599341273e-02,5.821855050029391132e-02,1.843114628988486992e-01,8.508982974744877525e-02,1.087060188453736753e-01,6.168510186325232292e-02,1.794172167462535980e-02,5.382432528520072340e-02
1.823036689933681120e-02,3.267282270088908702e-02,2.538803068091143728e-02,9.031172275792077181e-03,3.692132227288392327e-02,5.646602521412692061e-02,6.023269507936274136e-02,1.041174934753431869e-02,7.695025077628815657e-02,4.839075446451481660e-02,5.077765967663427915e-02,3.542221669000325535e-02,7.847981202999895767e-02,1.953026241939117766e-02,3.064351257201222006e-02,2.114524467968845189e-02,2.057342627838940063e-02,3.208535345594063642e-02,0.000000000000000000e+00,5.195541919074329884e-02,2.943437202111535630e-02,1.119499873631201459e-01,7.380566457787819667e-02,2.858583194306839326e-02,7.272546140751830201e-02,1.733311520050060672e-01,9.221059096504252706e-02,1.126209534643096699e-01,8.827773156662811760e-02,1.786290252778020143e-02,5.638265100435457811e-02,2.676163694223935088e-02,1.628574345092043477e-02,2.248132128924680215e-02,1.336200090877890170e-02,1.904844539316160809e-02,9.692889322028953522e-03,8.399029510348553912e-03,2.752178043465505416e-02,1.535097302981598688e-02,2.090279694862490212e-02,1.538442964716061657e-02,1.872993881650048681e-02,6.312127092479307908e-03,7.133120932646551740e-03,2.061713602390329719e-02,2.746268196163947212e-02,3.425923214588883631e-02,9.795893573687482897e-03,3.651890737900004291e-02,5.964822577140742321e-02,5.470426201789960197e-02,1.155462065275932558e-02,7.828277169513260525e-02,4.052715551494493612e-02,7.289707576891762963e-02,3.559589577933394006e-02,8.826253934333762319e-02,3.142175610489312404e-02,3.121704738364585591e-02,2.542525279079093162e-02,1.363076190825756283e-02,2.836650114042619381e-02,3.757399072213853802e-02,5.020968525495513035e-02,2.848189205699849097e-02,1.124384573374769686e-01,7.958542778769325809e-02,2.547105105910700551e-02,6.422591762017598738e-02,2.025659122762344944e-01,9.527064229187129363e-02,1.215852666046264019e-01,6.845604661016764514e-02,2.002127306610109250e-02,5.969556690755337125e-02
2.608492451176327304e-02,4.693272528210522265e-02,3.645178741797152483e-02,1.234681166973185945e-02,5.167759569415319998e-02,8.013010897690102385e-02,8.582684490728338667e-02,1.522422195934117553e-02,1.115608338903943397e-01,6.920099436499271839e-02,7.377517318650439471e-02,5.015728771369180189e-02,1.128163185948545533e-01,2.716158633568280939e-02,4.578310276198205298e-02,3.015908974762698813e-02,2.935281504243348466e-02,4.665764794057546128e-02,5.195541919074329884e-02,0.000000000000000000e+00,4.305817586202239505e-02,1.637726424261861935e-01,1.068292317997046464e-01,4.073206446233304523e-02,1.048635238700126315e-01,2.542953450004236116e-01,1.308984010148442068e-01,1.627771320342538408e-01,1.268738202807521975e-01,2.526685786488822721e-02,8.116848065829926351e-02,3.958741488999220626e-02,2.304905446175511269e-02,3.151065559089858553e-02,1.873299631726366155e-02,2.621838686666508322e-02,1.381477435916840177e-02,1.169862939540603809e-02,4.020773897642518357e-02,2.213842896697078635e-02,2.916139988399767125e-02,2.107429992713408945e-02,2.606709757115834719e-02,8.758354845644595460e-03,1.045414602368704461e-02,3.002282574784887609e-02,3.929575591419971065e-02,4.799031183151088176e-02,1.338655445708118383e-02,5.288067934696798200e-02,8.514418524372621699e-02,7.831409239059844429e-02,1.648209239427778430e-02,1.137511740961765355e-01,5.727724253385463316e-02,1.067276955710276670e-01,4.925721999930885581e-02,1.270980212512394791e-01,4.578664267822982192e-02,4.518458997509462727e-02,3.691227988033710106e-02,1.964429159561665444e-02,4.092715527162246736e-02,5.326791959522743369e-02,6.958558529610532617e-02,4.027022375637356183e-02,1.645591508644278500e-01,1.155114279969846336e-01,3.673181817087125406e-02,9.277461703485166689e-02,2.982623886630935695e-01,1.366698021056992618e-01,1.751342755162445808e-01,9.772214519533704846e-02,2.939316004176262959e-02,8.567428380636571417e-02
1.572124305828170518e-02,2.698908325506779379e-02,2.096575336834598582e-02,7.133693799697325699e-03,2.962089527631307784e-02,4.569963572673066410e-02,4.901206602180157440e-02,8.876511832071417099e-03,6.263902747248308034e-02,3.980859606968793069e-02,4.193444218649208799e-02,3.061029608026425916e-02,6.473425182033500092e-02,1.569098204746934358e-02,2.675489464330382816e-02,1.759833615079709618e-02,1.690335326324925169e-02,2.645975374203446417e-02,2.943437202111535630e-02,4.305817586202239505e-02,0.000000000000000000e+00,9.270875041971396446e-02,6.235822614462607771e-02,2.494427992277409994e-02,6.017686684389569884e-02,1.461872573011811782e-01,7.576170078453073331e-02,9.257684793097863130e-02,7.215700293904474261e-02,1.471249664094611068e-02,4.635634127710469565e-02,2.206022453946744274e-02,1.330093453325813593e-02,1.848429455448759653e-02,1.102192387282111170e-02,1.519091926823786312e-02,7.603046519173361009e-03,6.891472485788072144e-03,2.294045805490776621e-02,1.232525335578816758e-02,1.697847795560876796e-02,1.266742434219429204e-02,1.518923684527524395e-02,5.026571642465761658e-03,5.949787392122687403e-03,1.737236519665796147e-02,2.244070119942104952e-02,2.855450417415475103e-02,7.887727513365144424e-03,2.997786445229908697e-02,4.794071829434765064e-02,4.434762295469008020e-02,1.002340986419632263e-02,6.366007209009411083e-02,3.353416683790508973e-02,6.077922186740800092e-02,3.047135561836791795e-02,7.219545881335480420e-02,2.573024076721884545e-02,2.702733207962128292e-02,2.124735369512387520e-02,1.154824992101785922e-02,2.362913047390405655e-02,3.074096761981583853e-02,4.104834497821401723e-02,2.461487038730277022e-02,9.217997400670642494e-02,6.775014138576697376e-02,2.150238864949004583e-02,5.245899466317533594e-02,1.689855202082482799e-01,7.787531573657727191e-02,1.004443442916999885e-01,5.576114572458524404e-02,1.646535502063687512e-02,4.937548963542558872e-02
