0.000000000000000000e+00,1.677717579836088269e-02,1.321938643307293132e-02,7.296672585879202498e-03,2.798707382022538881e-02,3.897662305892322931e-02,3.987491169215771902e-02,1.006284190432537098e-02,4.335917727936768051e-02,2.978183240912241417e-02,3.426928959545515185e-02,1.965318529751540477e-02,5.407814240460487309e-02,1.946321492364767869e-02,1.734182826073323025e-02,9.658200338814431837e-03,1.121682933564269527e-02,1.707394051539198529e-02,1.930030218586184509e-02,3.240183994915606797e-02,2.242287283398652561e-02,4.837680659077897571e-02,5.776168750966777926e-02,2.104268597065793792e-02,4.331004809831863478e-02,9.950960851323313594e-02,5.561010024063971907e-02,7.815664579243625232e-02,6.075587224434122330e-02,1.558814655613550114e-02,4.677130577172602249e-02,1.372767425687723523e-02,1.004782447739134901e-02,1.675907570418039283e-02,9.103408074170839942e-03,1.977208020453839754e-02,5.699481913301358317e-03,5.461932314504825033e-03,1.447132858993704571e-02,9.108661858025998009e-03,1.444019253384944308e-02,8.822867077157538901e-03,1.216828996915046701e-02,4.102590062045784886e-03,2.367714134288543756e-03,7.149422869839614295e-03,1.906503140727364154e-02,1.999450110212273521e-02,8.139301938824384380e-03,2.576806192014860497e-02,4.010367403293424449e-02,3.631142366739967264e-02,9.455426753662659473e-03,4.379602497987373361e-02,2.921418018186838078e-02,3.915805006339325572e-02,3.199950680005440168e-02,5.201215518341190808e-02,1.911141452499867666e-02,1.867699410135117283e-02,1.482882396590737631e-02,1.153207742366966874e-02,1.989777736874966119e-02,2.031495150048131387e-02,3.415380005021381726e-02,2.012230784082349316e-02,5.475537027082040542e-02,6.439816593641313480e-02,1.684256584407285359e-02,4.163029868150929652e-02,1.142352913867828168e-01,5.079594381565440825e-02,7.050686236971609455e-02,5.479974225464724624e-02,1.350587306961261932e-02,4.637498036693692843e-02
1.677717579836088269e-02,0.000000000000000000e+00,1.967261754304559795e-02,1.078304275827920121e-02,4.130022461702664155e-02,5.842288147627115041e-02,5.845104591932754473e-02,1.508288571518081808e-02,6.532181144898571712e-02,4.402468562937120883e-02,5.111952480687723815e-02,2.863047577134496258e-02,7.923401226759593796e-02,2.954701684407081905e-02,2.590589210166653611e-02,1.429280811150069122e-02,1.669919202822984020e-02,2.512634821965239670e-02,2.890135572793172541e-02,4.894804472059639810e-02,3.298345427435279975e-02,7.260023639544409269e-02,8.693682458986236317e-02,3.137541821833839117e-02,6.429188604252615569e-02,1.474487928969857864e-01,8.396418726580176517e-02,1.170583545477781040e-01,9.108845495107399659e-02,2.342830871663220682e-02,6.940223403875872554e-02,1.990005596747994321e-02,1.470196847369305108e-02,2.463255129234273935e-02,1.317997317018324357e-02,2.987035467091169252e-02,8.511861477249403965e-03,8.274295550314047024e-03,2.112821806657202289e-02,1.341999394105224813e-02,2.136539318676377447e-02,1.283111644825202409e-02,1.848684119316108820e-02,6.006426971948362545e-03,3.421862729105565760e-03,1.024119242920938470e-02,2.835891090530752792e-02,2.996756308060133378e-02,1.171462881293437383e-02,3.812032571844763823e-02,5.899989813969395980e-02,5.290590815285622223e-02,1.429806483715206217e-02,6.474268133094504551e-02,4.364445472075801497e-02,5.906377443745483569e-02,4.610598896015565690e-02,7.595190125974259077e-02,2.899955591515710265e-02,2.776868497182882756e-02,2.232715654040229314e-02,1.746893102943919418e-02,2.998931497820876355e-02,3.106133360615065397e-02,5.132918954737437228e-02,2.921029167133854312e-02,8.306323587038685896e-02,9.773750247255455492e-02,2.456315764968533197e-02,6.296755447604757139e-02,1.689590650306309338e-01,7.531848579236158359e-02,1.051191557950543615e-01,8.225025429114088404e-02,2.064242210125926888e-02,6.998334106507148045e-02
1.321938643307293132e-02,1.967261754304559795e-02,0.000000000000000000e+00,8.485636304877766656e-03,3.260136847176800523e-02,4.588176965929431639e-02,4.589032829405801511e-02,1.167205864562185190e-02,5.156173759480796315e-02,3.378917447423547549e-02,4.008643304712035393e-02,2.241882597253718953e-02,6.251978087567625075e-02,2.312600781123376817e-02,2.061724660126584840e-02,1.153880848879039814e-02,1.296280862497662702e-02,2.016424620382619576e-02,2.306132687531079958e-02,3.821177096673220031e-02,2.570949666056916716e-02,5.726234228788432135e-02,6.873243855774589794e-02,2.440035476552553095e-02,5.058764545608984003e-02,1.154750627859262857e-01,6.561339544070241003e-02,9.128559645997341709e-02,7.181649600203637851e-02,1.818445038033844607e-02,5.407585902831350821e-02,1.562523069502683160e-02,1.150851886198946995e-02,1.937149703664615627e-02,1.052173409276748947e-02,2.313609308005799489e-02,6.654537098681385411e-03,6.463307838536945342e-03,1.638705986831889491e-02,1.060365776752751274e-02,1.673355561093218397e-02,1.003903602529199364e-02,1.430677105470555890e-02,4.652932761956386255e-03,2.738641303719029085e-03,8.257432244898561813e-03,2.206430821970026962e-02,2.359936692331534441e-02,9.238374468972000708e-03,2.995710680165299469e-02,4.698006479945619068e-02,4.188931820449755261e-02,1.107138110831436609e-02,5.143589455943491096e-02,3.359054469754139960e-02,4.594553875637974460e-02,3.594619231001534160e-02,6.007693550263946969e-02,2.277075891410692415e-02,2.196902895020549917e-02,1.751805849530179565e-02,1.351341335359596170e-02,2.320509822781174902e-02,2.418055868734041158e-02,4.033784688891208642e-02,2.308275632844572142e-02,6.495721137127748179e-02,7.633240323256965110e-02,1.963496075275614899e-02,4.938905733166346068e-02,1.334633306112794071e-01,5.969773565830901324e-02,8.289256304555552013e-02,6.516283297754323078e-02,1.643778206462790173e-02,5.469565902432660387e-02
7.296672585879202498e-03,1.078304275827920121e-02,8.485636304877766656e-03,0.000000000000000000e+00,1.878272972558915621e-02,2.577083678073147088e-02,2.649466721787293796e-02,6.641274211892321359e-03,2.890941617747216918e-02,1.969576108804010559e-02,2.259765547297333879e-02,1.268615541047541512e-02,3.592310624667135327e-02,1.307140395624132798e-02,1.076400742635102471e-02,6.152941273120104970e-03,7.508794621919122163e-03,1.120363038804336568e-02,1.251632471085628237e-02,2.060388271309987127e-02,1.457893371571165018e-02,3.065146711727088913e-02,3.764911302089447853e-02,1.349153019563782523e-02,2.790866374832277896e-02,6.424286011248173112e-02,3.625089946507185912e-02,5.110231407340853210e-02,3.980323368242650456e-02,1.031784258619099920e-02,3.015775293552571887e-02,9.277029432215427515e-03,6.598596912612024121e-03,1.075129928739479955e-02,5.998028369120704355e-03,1.315310610048695851e-02,3.683740659651585977e-03,3.517532410410636329e-03,9.672822858921365646e-03,5.928667263217771675e-03,9.276505622586550884e-03,5.619966090486798287e-03,8.127155072889531706e-03,2.794014859560219922e-03,1.478797189167054427e-03,4.410895315532102796e-03,1.248798098651341185e-02,1.310283521089305146e-02,5.433751623992519666e-03,1.724296274623431796e-02,2.653621728394958343e-02,2.428975101154774024e-02,6.252908929710846234e-03,2.888747088830683971e-02,1.907127838325630570e-02,2.618281483039446023e-02,2.037952638144630707e-02,3.427545171709753952e-02,1.286442795355226265e-02,1.190516098239483185e-02,9.741169422844453071e-03,7.604335120377122594e-03,1.326389027123639312e-02,1.362710852825962070e-02,2.205976048239567666e-02,1.323177659575172464e-02,3.595918057643774507e-02,4.233984300827268316e-02,1.070099119966364497e-02,2.754905428455736022e-02,7.398632116049415341e-02,3.294920694116430793e-02,4.601205397004407005e-02,3.586984155502694060e-02,8.859170113170399680e-03,3.033523911876591719e-02
2.798707382022538881e-02,4.130022461702664155e-02,3.260136847176800523e-02,1.878272972558915621e-02,0.000000000000000000e+00,9.995334440022200784e-02,1.038116604931602488e-01,2.570786091363063894e-02,1.117841360473820767e-01,7.718536865820932458e-02,8.813255405893022365e-02,4.931147321617722346e-02,1.391212724402053069e-01,5.120920440633890819e-02,4.158826478456374015e-02,2.413167221585108338e-02,2.918203235031128009e-02,4.325977817520150481e-02,4.887946665882718367e-02,8.081035173415572481e-02,5.653357599177516457e-02,1.199644619941264700e-01,1.448367287304727635e-01,5.262035211925451816e-02,1.087714391069478093e-01,2.470342104192896349e-01,1.408705331322128995e-01,1.985197079001475573e-01,1.543959553857967570e-01,4.029361852785497133e-02,1.167479452946457441e-01,3.631235219540879938e-02,2.509848765757251993e-02,4.075391330974903470e-02,2.284393426005315239e-02,5.217919087035904208e-02,1.499467257208072710e-02,1.392676093353125040e-02,3.809682426575750763e-02,2.296094743026811866e-02,3.556820509597466429e-02,2.164604843868430176e-02,3.170567308433953208e-02,1.081675129399258320e-02,5.858477994678997977e-03,1.693442592498733273e-02,4.839000838740230986e-02,5.037071682665698880e-02,2.087471352184135792e-02,6.677047145958966978e-02,1.021854354792132158e-01,9.418889979851842453e-02,2.416381504335443631e-02,1.123890008448631267e-01,7.488724892204426387e-02,1.011968862158548199e-01,7.872131428762418892e-02,1.327493967207851455e-01,5.008788906674838809e-02,4.513718013589825689e-02,3.834915895080222986e-02,2.973934080057801313e-02,5.075523706664130524e-02,5.208297738063076554e-02,8.528131885046630334e-02,5.015753068083588645e-02,1.391030196619924275e-01,1.618790788971660455e-01,4.138388449079349191e-02,1.068242888029127535e-01,2.855886802010443315e-01,1.278906878519625590e-01,1.794930290974690867e-01,1.389900665680216529e-01,3.483967346487533423e-02,1.171538067231137764e-01
3.897662305892322931e-02,5.842288147627115041e-02,4.588176965929431639e-02,2.577083678073147088e-02,9.995334440022200784e-02,0.000000000000000000e+00,1.409399288744963008e-01,3.472347837626067746e-02,1.550048524264546479e-01,1.030630661115998353e-01,1.189368150063953022e-01,6.735089526056256548e-02,1.905888940227500328e-01,7.012016216821286008e-02,5.833508017029755133e-02,3.396925489777924412e-02,3.890563969927783583e-02,6.071033023832363151e-02,6.719008368590113911e-02,1.134144663531714559e-01,7.694026300681802710e-02,1.683695649795498295e-01,2.019037022463616993e-01,7.288527629386723494e-02,1.519789574682660627e-01,3.452534162378690374e-01,1.953313356634928388e-01,2.737090861260823571e-01,2.132570477814569321e-01,5.465514095268226430e-02,1.609472043185037893e-01,4.820422856239205828e-02,3.468387762040543026e-02,5.674473555904787497e-02,3.145509957054529182e-02,7.048936365905136836e-02,2.035021426529420516e-02,1.911645813408363939e-02,4.987004965247324867e-02,3.183523507679520553e-02,4.925314642927001996e-02,2.986512679792906882e-02,4.345382748779059306e-02,1.443987904876222785e-02,8.126001159040562721e-03,2.456350738017868199e-02,6.654403908524017530e-02,7.072034735118305770e-02,2.846405904663815503e-02,9.126711167420663295e-02,1.421564859544870996e-01,1.284354835158311725e-01,3.293042247927328858e-02,1.558892015436860456e-01,1.010435646346851124e-01,1.375200925540706887e-01,1.080014487619300884e-01,1.827842611867918909e-01,6.893205746105326992e-02,6.346910143215167555e-02,5.291388810946528326e-02,4.045054176120477241e-02,6.956600434460252780e-02,7.231682370875253119e-02,1.191670061294613364e-01,6.877988376811509930e-02,1.938146798298490403e-01,2.261026242939642994e-01,5.776138051659377576e-02,1.479645666421077199e-01,3.960491847546034339e-01,1.774831106779618251e-01,2.484229507548660065e-01,1.942698328143698527e-01,4.865720834146957524e-02,1.634097341094374323e-01
3.987491169215771902e-02,5.845104591932754473e-02,4.589032829405801511e-02,2.649466721787293796e-02,1.038116604931602488e-01,1.409399288744963008e-01,0.000000000000000000e+00,3.638255734782940010e-02,1.579059230128700697e-01,1.091786246300183033e-01,1.247943975896789320e-01,7.018053021755082943e-02,1.960000348346901677e-01,7.203851514560442870e-02,5.855724274611406877e-02,3.417092896110484473e-02,4.129993579652026237e-02,6.111177404580066252e-02,6.918495768657650924e-02,1.140945918073828641e-01,8.010468120213024013e-02,1.697736661169545469e-01,2.044192279255437894e-01,7.455342962778341298e-02,1.534690348992251707e-01,3.503851654316459951e-01,1.980818181037511672e-01,2.801757517533327024e-01,2.169598821372281383e-01,5.653068995611483516e-02,1.647698564358719697e-01,5.131723565349420590e-02,3.551466190986429100e-02,5.753299680038035518e-02,3.233443657238553592e-02,7.350410830415421426e-02,2.102612396928495511e-02,1.969041171808261562e-02,5.403771214409723578e-02,3.250653700432004634e-02,5.058994544374926378e-02,3.078067675231984865e-02,4.465183389619570287e-02,1.532228704129533908e-02,8.214535661318840207e-03,2.397085760224647658e-02,6.859426505901258797e-02,7.066848662931030089e-02,2.967996875329336967e-02,9.426201315500909450e-02,1.436413952207710176e-01,1.333556781495983112e-01,3.400215739876064069e-02,1.585313034332235249e-01,1.062680671601784893e-01,1.422035006262056533e-01,1.123701804484844580e-01,1.880908541263898726e-01,7.041552718637154873e-02,6.371150130597624806e-02,5.353998718949031649e-02,4.185939546511056181e-02,7.152873663718847808e-02,7.319970373915807293e-02,1.200326862001733774e-01,7.104679152545519127e-02,1.955647041441539169e-01,2.276868512665023714e-01,5.846541475376569597e-02,1.502645941530559026e-01,4.031302421487945598e-01,1.797366327873581582e-01,2.532484006350143035e-01,1.957794845627673364e-01,4.885055438118846710e-02,1.645787878075573030e-01
1.006284190432537098e-02,1.508288571518081808e-02,1.167205864562185190e-02,6.641274211892321359e-03,2.570786091363063894e-02,3.472347837626067746e-02,3.638255734782940010e-02,0.000000000000000000e+00,3.957093376029620357e-02,2.693411545193690262e-02,3.064000094977284080e-02,1.779556841902647790e-02,4.886643095912737711e-02,1.772753577182253557e-02,1.524010520974676194e-02,8.759636807788021701e-03,1.015248349502238454e-02,1.559124828520811606e-02,1.732359975774295027e-02,2.917216189295827877e-02,1.987586103522007500e-02,4.352285970505797436e-02,5.131821846485483396e-02,1.875730349641990119e-02,3.898279758723498245e-02,8.838539392259232852e-02,4.997265677227707287e-02,7.062181410880805088e-02,5.441351176163350400e-02,1.401499393199438434e-02,4.112572896655768140e-02,1.218652975798267465e-02,8.835437357162745364e-03,1.446811092966768762e-02,7.957039271851238521e-03,1.808521904900306509e-02,5.278432446235160370e-03,4.805309282207126387e-03,1.306097716996994056e-02,7.926722547661383886e-03,1.251765544800594217e-02,7.831710273460633018e-03,1.130600545146520468e-02,3.815904986843414882e-03,2.069928734662936781e-03,6.273137320601135727e-03,1.715629549589035852e-02,1.811391254876412726e-02,7.460702704275907170e-03,2.345733943450931461e-02,3.579212355955066482e-02,3.340334405108018323e-02,8.489961042968468055e-03,3.941084182738063130e-02,2.653593654088312950e-02,3.527985555400957318e-02,2.818806016255065786e-02,4.702036022136055204e-02,1.738638549953984425e-02,1.647174971542831462e-02,1.346592666624979971e-02,1.031521652240404568e-02,1.774316960610307359e-02,1.830676156025831669e-02,3.050381777237039238e-02,1.798905909600889003e-02,4.949292085776607619e-02,5.762183922494434202e-02,1.476334910875791440e-02,3.795539142554230083e-02,1.021119374340467012e-01,4.580310023275831199e-02,6.422211037845454440e-02,4.935584294599251048e-02,1.223717246058207350e-02,4.112727435199121928e-02
4.335917727936768051e-02,6.532181144898571712e-02,5.156173759480796315e-02,2.890941617747216918e-02,1.117841360473820767e-01,1.550048524264546479e-01,1.579059230128700697e-01,3.957093376029620357e-02,0.000000000000000000e+00,1.159094525391310276e-01,1.345604028155501786e-01,7.515462701918583510e-02,2.129282970257428131e-01,7.863893646911991608e-02,6.673305373941465501e-02,3.837350220461498845e-02,4.370244726506088834e-02,6.791008345336117802e-02,7.605574208918698675e-02,1.282965192357111150e-01,8.643542170836425453e-02,1.904201278891586302e-01,2.285941436766254775e-01,8.134344886137616359e-02,1.703544933297950204e-01,3.866391000434502012e-01,2.208299438414671745e-01,3.078717436384597050e-01,2.405896127982044275e-01,6.118734783347951067e-02,1.797053858040746077e-01,5.418589547201269063e-02,3.893560627168422134e-02,6.336976035601213364e-02,3.525653348449482583e-02,7.915867673582202557e-02,2.279428213614465015e-02,2.182745806246231407e-02,5.628909497964527248e-02,3.590500660428437574e-02,5.513720334814684043e-02,3.323040820450009342e-02,4.867987950353005328e-02,1.612697637350999497e-02,9.394134441059121682e-03,2.682523897504538596e-02,7.421153555149789804e-02,7.919713221396755543e-02,3.159666742875397172e-02,1.018513481583517843e-01,1.594724668505668186e-01,1.437637976406449247e-01,3.706960682012539615e-02,1.751882769479928548e-01,1.140504876228771725e-01,1.557950716636660182e-01,1.204154459058389415e-01,2.050621962075723781e-01,7.707812575990796722e-02,7.123667859302248995e-02,5.921117474974152417e-02,4.549699878750996379e-02,7.814176321237274736e-02,8.179114924676882115e-02,1.345314696242303765e-01,7.654319411881602142e-02,2.186906419058926021e-01,2.548787180098837091e-01,6.461219050672573072e-02,1.660078587724966026e-01,4.446148159245988940e-01,2.001197896218367966e-01,2.804308149735902367e-01,2.178523881035842047e-01,5.492354018911547314e-02,1.827204273034836179e-01
2.978183240912241417e-02,4.402468562937120883e-02,3.378917447423547549e-02,1.969576108804010559e-02,7.718536865820932458e-02,1.030630661115998353e-01,1.091786246300183033e-01,2.693411545193690262e-02,1.159094525391310276e-01,0.000000000000000000e+00,9.194500439856906349e-02,5.149075769990269641e-02,1.446494130376577147e-01,5.432174527968206684e-02,4.406783348378660176e-02,2.534403155724019793e-02,3.040374231435038696e-02,4.545058058532283618e-02,5.079123868745826637e-02,8.519062646265754268e-02,5.998980740544730683e-02,1.264393077217932093e-01,1.520632667439262842e-01,5.497323213810274833e-02,1.147530999794222628e-01,2.607564752765932914e-01,1.470859719121188069e-01,2.085762584828111110e-01,1.608728833276872050e-01,4.195571840984375911e-02,1.224775963863891926e-01,3.646679360928423153e-02,2.619383740513557546e-02,4.252461892481923522e-02,2.360304991330464813e-02,5.515372716914162393e-02,1.563782489443845194e-02,1.434095162910573387e-02,3.866327731949210228e-02,2.375719657930109446e-02,3.740730989182458610e-02,2.254577184067367568e-02,3.359107324579353043e-02,1.124974093991731004e-02,6.001263839576734260e-03,1.816563645091410356e-02,5.070664452223540286e-02,5.249695991207793677e-02,2.186490655280899295e-02,7.030636332836323610e-02,1.052738984001259648e-01,9.810705230687147282e-02,2.540132905962671009e-02,1.159333168396012720e-01,7.882652765821604457e-02,1.047681982442673077e-01,8.269337585135239088e-02,1.377209846971984564e-01,5.275862726065790737e-02,4.793430222768200327e-02,3.982754830798145018e-02,3.115662712125661163e-02,5.320362074375817318e-02,5.433911529933368317e-02,8.890739735929255316e-02,5.348635251742522856e-02,1.449515071098189112e-01,1.703067495200685788e-01,4.287098313212796968e-02,1.120330436903154703e-01,2.999488490977990640e-01,1.335159331083962397e-01,1.886097194268896438e-01,1.451745436261516198e-01,3.674206057507389128e-02,1.224122763496865718e-01
3.426928959545515185e-02,5.111952480687723815e-02,4.008643304712035393e-02,2.259765547297333879e-02,8.813255405893022365e-02,1.189368150063953022e-01,1.247943975896789320e-01,3.064000094977284080e-02,1.345604028155501786e-01,9.194500439856906349e-02,0.000000000000000000e+00,5.956724631615892968e-02,1.667663304488135601e-01,6.184702348400597516e-02,5.167018031370131798e-02,2.970322767104922532e-02,3.494563619130623688e-02,5.287776216476334362e-02,5.942852170954344287e-02,9.873445398634457526e-02,6.832372694780872169e-02,1.476846403352433390e-01,1.763390924942293270e-01,6.321329144389725707e-02,1.326579430044100283e-01,3.010834883360908321e-01,1.705809793517315820e-01,2.411201249189990348e-01,1.857856497722448208e-01,4.805021574288777242e-02,1.409081398870751234e-01,4.241097476149070095e-02,3.061069394442667360e-02,4.993251537671768159e-02,2.772853065130574668e-02,6.262958206070255718e-02,1.794365697949220143e-02,1.675443764321149498e-02,4.429835296969111824e-02,2.772275187652337852e-02,4.335448623277505381e-02,2.611879379409636978e-02,3.881571187028806658e-02,1.284739131196916892e-02,7.213981455288539027e-03,2.128131061969604915e-02,5.851728646509590792e-02,6.138225388418417500e-02,2.518507100066101276e-02,8.073392999984144169e-02,1.228416581096208049e-01,1.129112616635594840e-01,2.933757838826199851e-02,1.348278320561062116e-01,8.970880755136016738e-02,1.220018914620044359e-01,9.452634234522946932e-02,1.589170648392329299e-01,6.071111016328030463e-02,5.579430778457441370e-02,4.613520000057486081e-02,3.566463408627035259e-02,6.103637435673074652e-02,6.330233957998970817e-02,1.045726162216586985e-01,6.134419820081881553e-02,1.699831957788981995e-01,1.979000515632317325e-01,5.014642839616526016e-02,1.297489729507417255e-01,3.485982399326741921e-01,1.567284608430592474e-01,2.182513269862440264e-01,1.683262289225132824e-01,4.271655281274019250e-02,1.419164555978409958e-01
1.965318529751540477e-02,2.863047577134496258e-02,2.241882597253718953e-02,1.268615541047541512e-02,4.931147321617722346e-02,6.735089526056256548e-02,7.018053021755082943e-02,1.779556841902647790e-02,7.515462701918583510e-02,5.149075769990269641e-02,5.956724631615892968e-02,0.000000000000000000e+00,9.373336661392941971e-02,3.466574415669280984e-02,2.920579404173884522e-02,1.660207791645140762e-02,1.965958193646951194e-02,2.955973415150313366e-02,3.340301858613131669e-02,5.543010430470997341e-02,3.892956985771296730e-02,8.265235614752441951e-02,9.966912643300314401e-02,3.624328654368476343e-02,7.449789992966276975e-02,1.715309673919747646e-01,9.529701960900967272e-02,1.354141808502669075e-01,1.047916495677783527e-01,2.689198838911613723e-02,8.023103053464444856e-02,2.409473551247931847e-02,1.730757862152603258e-02,2.850312651702191155e-02,1.567553577516739641e-02,3.502036870033806149e-02,9.887496130449440271e-03,9.478003986778015671e-03,2.516748334836622567e-02,1.592148024360351410e-02,2.488581623868443837e-02,1.477649555197427418e-02,2.142953925150462360e-02,7.269536175568576224e-03,3.995999563501943970e-03,1.185660039960631518e-02,3.293770241478716915e-02,3.414023823571944727e-02,1.412469202198439640e-02,4.518909626608055841e-02,6.889636502285485797e-02,6.375982283452806543e-02,1.652365749070659057e-02,7.582354455351274225e-02,5.059714044704655828e-02,6.851733591022469982e-02,5.453271336400835473e-02,8.994077573677593251e-02,3.376776294322149374e-02,3.160778338945215149e-02,2.552630944825460754e-02,1.997817652733610908e-02,3.463484786562733009e-02,3.570351395382702353e-02,5.815241802572407304e-02,3.461017669183095308e-02,9.498626870503877606e-02,1.115450181603523105e-01,2.844340233672246893e-02,7.219216463994394817e-02,1.964725014901365086e-01,8.673773009575340420e-02,1.228981300162357154e-01,9.427255503837696227e-02,2.373537678504650944e-02,8.060730024644544023e-02
5.407814240460487309e-02,7.923401226759593796e-02,6.251978087567625075e-02,3.592310624667135327e-02,1.391212724402053069e-01,1.905888940227500328e-01,1.960000348346901677e-01,4.886643095912737711e-02,2.129282970257428131e-01,1.446494130376577147e-01,1.667663304488135601e-01,9.373336661392941971e-02,0.000000000000000000e+00,9.711667762312059526e-02,8.100785007851422914e-02,4.637532345076181284e-02,5.461889921517205232e-02,8.287687816872102431e-02,9.325673542007620331e-02,1.550992806434133842e-01,1.074765278857015699e-01,2.298699505591268732e-01,2.789504603546844042e-01,1.013300441990771517e-01,2.076830842750500283e-01,4.742273483138447210e-01,2.687718317625205633e-01,3.785436673069444424e-01,2.950301941217401969e-01,7.639732549594069333e-02,2.234647371943885297e-01,6.754686472729051760e-02,4.796119670570418714e-02,7.812549870253414352e-02,4.328448981090739917e-02,9.821540583820183301e-02,2.816300543072993226e-02,2.656202369011187100e-02,7.133442057281744186e-02,4.381550378309612137e-02,6.851193264236937752e-02,4.139223776553033196e-02,6.021873841596077359e-02,2.036418891715970070e-02,1.120929952653920182e-02,3.228236328138370248e-02,9.209512741795415625e-02,9.620611656832832315e-02,3.960666622105663004e-02,1.265472135490962047e-01,1.945250804641995013e-01,1.781137357412087008e-01,4.566314998497068151e-02,2.134670289005129451e-01,1.414072756459378022e-01,1.914771611270514873e-01,1.509922610120546238e-01,2.525175733929457267e-01,9.510440808144220159e-02,8.725389829152679910e-02,7.249232274129936704e-02,5.608403942742563181e-02,9.644195537563990395e-02,9.961252161500638858e-02,1.627089807965733659e-01,9.515525407227799770e-02,2.650557802801698504e-01,3.112159554262118877e-01,7.963724002696037640e-02,2.031644747692746555e-01,5.462466764144826570e-01,2.425837797693689568e-01,3.431127920034845458e-01,2.656020480373326165e-01,6.689502796879018276e-02,2.253042202528869609e-01
1.946321492364767869e-02,2.954701684407081905e-02,2.312600781123376817e-02,1.307140395624132798e-02,5.120920440633890819e-02,7.012016216821286008e-02,7.203851514560442870e-02,1.772753577182253557e-02,7.863893646911991608e-02,5.432174527968206684e-02,6.184702348400597516e-02,3.466574415669280984e-02,9.711667762312059526e-02,0.000000000000000000e+00,2.919767178140351971e-02,1.686646588200061553e-02,2.059904580836819168e-02,3.026163672797440099e-02,3.439115966420372428e-02,5.689773970507944201e-02,3.968517802849823306e-02,8.386671463621163392e-02,1.014543168700385994e-01,3.674391613278138458e-02,7.721444672401946152e-02,1.738289824542699202e-01,9.940487932224081891e-02,1.394042708617210524e-01,1.089409686423008367e-01,2.859607587700534193e-02,8.196395323493189944e-02,2.442250406197045767e-02,1.724841908952019082e-02,2.804242740213095525e-02,1.586391600140594701e-02,3.641380520625367434e-02,1.039438590700298565e-02,9.616417109095484750e-03,2.587489584420358743e-02,1.563739149933709993e-02,2.491394472320021536e-02,1.532891029000552248e-02,2.248476805721982483e-02,7.488620899627787715e-03,3.937079990314089860e-03,1.205488955460297384e-02,3.429541321958270994e-02,3.573569995422642975e-02,1.460253250696843391e-02,4.680558948231192812e-02,7.198545409128427608e-02,6.524406737452589922e-02,1.671003103907012233e-02,7.805334801742241924e-02,5.292752300521354897e-02,7.050331710370756622e-02,5.563621932553937388e-02,9.215715121647773123e-02,3.537186778836938494e-02,3.224170152172732562e-02,2.746580178253468785e-02,2.117456238955263415e-02,3.597976404374624015e-02,3.670035123593019810e-02,6.015211957039657414e-02,3.541412908400805304e-02,9.785075907494410197e-02,1.140425826868027293e-01,2.913417733342742177e-02,7.543003402655770739e-02,2.000784782409992246e-01,8.957811256094969088e-02,1.257416944766826528e-01,9.808017680913320990e-02,2.464202632078615549e-02,8.307487805804726622e-02
1.734182826073323025e-02,2.590589210166653611e-02,2.061724660126584840e-02,1.076400742635102471e-02,4.158826478456374015e-02,5.833508017029755133e-02,5.855724274611406877e-02,1.524010520974676194e-02,6.673305373941465501e-02,4.406783348378660176e-02,5.167018031370131798e-02,2.920579404173884522e-02,8.100785007851422914e-02,2.919767178140351971e-02,0.000000000000000000e+00,1.530258603931503036e-02,1.689453178326142530e-02,2.625000128430547003e-02,2.970241012623825103e-02,5.032625831231758717e-02,3.340182011945626306e-02,7.576857700419520336e-02,8.888227490236864925e-02,3.198342645493346126e-02,6.577142568506882947e-02,1.500991034658841483e-01,8.611980422048769179e-02,1.194614574163366527e-01,9.255041557601267899e-02,2.379970759422233087e-02,7.023448177985187890e-02,2.010453569860481612e-02,1.495321126041974577e-02,2.540623357041748090e-02,1.346938245782051784e-02,2.956883466055162252e-02,8.641665228375306276e-03,8.225690816520537726e-03,2.128521024605681614e-02,1.358897178031316655e-02,2.151098441770058628e-02,1.301482078829836048e-02,1.899441546695316424e-02,5.967437014701797854e-03,3.718705721904400508e-03,1.114585108529418146e-02,2.876702472608158589e-02,3.080822370491035841e-02,1.195742064251733780e-02,3.883340378571075585e-02,6.059503892902172451e-02,5.410762044648771002e-02,1.464524226330021599e-02,6.631351201635876658e-02,4.378298297119173621e-02,5.992685758430207205e-02,4.682601572718603222e-02,7.756900961160247132e-02,2.933184074750266185e-02,2.885342676781359195e-02,2.313313023571052229e-02,1.730062761302153529e-02,2.974472698117267694e-02,3.163985305131544745e-02,5.310617460463723516e-02,3.040534179367204021e-02,8.519596639516877068e-02,9.860787963553009627e-02,2.544158069897964683e-02,6.425024240771631812e-02,1.751943133171023625e-01,7.892383971439792534e-02,1.080786406782286158e-01,8.398955541933721125e-02,2.127852464665936152e-02,7.047018850071481988e-02
9.658200338814431837e-03,1.429280811150069122e-02,1.153880848879039814e-02,6.152941273120104970e-03,2.413167221585108338e-02,3.396925489777924412e-02,3.417092896110484473e-02,8.759636807788021701e-03,3.837350220461498845e-02,2.534403155724019793e-02,2.970322767104922532e-02,1.660207791645140762e-02,4.637532345076181284e-02,1.686646588200061553e-02,1.530258603931503036e-02,0.000000000000000000e+00,9.583435131934008380e-03,1.438258930236049719e-02,1.712711429283520978e-02,2.810812941639841481e-02,1.907521767431730186e-02,4.212688519499271228e-02,5.125594582155795775e-02,1.808427228370049211e-02,3.677122461219312077e-02,8.527787106633637204e-02,4.873367111202952379e-02,6.772839016927634237e-02,5.275632814473338317e-02,1.355370434235720310e-02,3.991105025835327974e-02,1.188868466237410701e-02,8.555983119217243360e-03,1.419811968229721215e-02,7.731527902750236735e-03,1.704152125094345743e-02,4.865296933735363191e-03,4.852363551089469360e-03,1.245182469606666287e-02,7.914725785047690976e-03,1.223138026619312313e-02,7.266625875186841915e-03,1.068439578700300201e-02,3.483342652502648649e-03,2.084532668691588264e-03,5.735880951108150196e-03,1.649817630229591728e-02,1.708966167242345624e-02,6.817757479403665881e-03,2.226771040183960632e-02,3.469022368224467662e-02,3.123298418084284600e-02,8.238926830143518745e-03,3.819254872646715010e-02,2.496819925483483027e-02,3.469687081612949503e-02,2.643626274004139479e-02,4.471206734795230703e-02,1.675343443027601381e-02,1.591953132361116630e-02,1.282274738679904658e-02,9.931634635989824988e-03,1.715840555645671908e-02,1.798182491989930298e-02,2.963755419405039726e-02,1.676468452334091072e-02,4.860048430830560262e-02,5.633124463991427688e-02,1.424070046401293942e-02,3.642647513188285863e-02,9.781124831674418985e-02,4.364356180636673466e-02,6.127152282676008588e-02,4.763968898891685760e-02,1.217433593328198088e-02,4.053788198223328559e-02
1.121682933564269527e-02,1.669919202822984020e-02,1.296280862497662702e-02,7.508794621919122163e-03,2.918203235031128009e-02,3.890563969927783583e-02,4.129993579652026237e-02,1.015248349502238454e-02,4.370244726506088834e-02,3.040374231435038696e-02,3.494563619130623688e-02,1.965958193646951194e-02,5.461889921517205232e-02,2.059904580836819168e-02,1.689453178326142530e-02,9.583435131934008380e-03,0.000000000000000000e+00,1.702156700689527735e-02,1.934746519028451156e-02,3.232760518780132541e-02,2.273468776370645220e-02,4.781796381090867853e-02,5.768427659482890796e-02,2.106568966906592968e-02,4.355848879560171583e-02,9.920043687105523089e-02,5.600558338705736994e-02,7.904145735808155993e-02,6.106499241867673761e-02,1.591950999318822793e-02,4.648466926887455386e-02,1.375638062680236903e-02,9.958153790898205404e-03,1.625631238930458355e-02,9.066564717780865174e-03,2.088049315227219482e-02,5.926497165373995069e-03,5.495448188054822582e-03,1.448016341296090928e-02,8.982372129738548650e-03,1.429994134823700178e-02,8.539007202453973225e-03,1.273256389656066655e-02,4.253410748346914821e-03,2.304366986035212214e-03,6.859152158617680926e-03,1.933376480249309956e-02,1.988714598034039063e-02,8.257750528387331618e-03,2.655131613973097521e-02,4.019249639716551692e-02,3.699625199556533933e-02,9.518356477851954572e-03,4.392371071720299613e-02,2.991331161773010811e-02,3.994741139844615319e-02,3.161327102580387127e-02,5.206618204936062921e-02,1.982068122978912494e-02,1.842643228781393541e-02,1.512917225723453898e-02,1.190128619416986819e-02,2.030548560036374989e-02,2.055757450015462118e-02,3.395507682416885192e-02,2.026040315582986612e-02,5.500613542929129463e-02,6.441716289961287034e-02,1.646670806381985569e-02,4.254628233357067579e-02,1.137368192325275418e-01,5.090996196682345820e-02,7.135455306294863354e-02,5.521489450101691593e-02,1.392662355525038469e-02,4.675653938233557960e-02
1.707394051539198529e-02,2.512634821965239670e-02,2.016424620382619576e-02,1.120363038804336568e-02,4.325977817520150481e-02,6.071033023832363151e-02,6.111177404580066252e-02,1.559124828520811606e-02,6.791008345336117802e-02,4.545058058532283618e-02,5.287776216476334362e-02,2.955973415150313366e-02,8.287687816872102431e-02,3.026163672797440099e-02,2.625000128430547003e-02,1.438258930236049719e-02,1.702156700689527735e-02,0.000000000000000000e+00,2.989449304056144424e-02,4.952999458580720216e-02,3.433386827709111050e-02,7.318574105181939460e-02,8.920032116560813740e-02,3.221625945234834337e-02,6.531339959454449118e-02,1.510992242430443944e-01,8.549833326035614911e-02,1.198563294670348667e-01,9.394867423737189582e-02,2.418023962834525004e-02,7.095818574525554479e-02,2.095412901890587182e-02,1.508888465143834109e-02,2.467678064801022420e-02,1.359884435094875325e-02,3.048042109376619332e-02,8.753582666229492784e-03,8.357688256199894902e-03,2.214195729133029006e-02,1.364542327990577245e-02,2.145533725316470935e-02,1.293629853152667569e-02,1.878400939797182298e-02,6.249760479351502973e-03,3.472718008597770138e-03,9.963174815937239637e-03,2.901013876189817778e-02,3.070268284711397122e-02,1.230031302058226181e-02,3.985101366837531800e-02,6.217450833739078531e-02,5.576809412139827754e-02,1.441111897915592528e-02,6.754913092886717652e-02,4.466890070275952862e-02,6.103489843836616691e-02,4.770036994735456226e-02,7.950047189726085206e-02,2.981017265928988941e-02,2.796646088823403001e-02,2.302781463757023334e-02,1.768749802597086376e-02,3.041689037535981466e-02,3.164561568767800676e-02,5.199793370626653449e-02,2.987930991266345149e-02,8.453317105244499696e-02,9.903372106474944703e-02,2.536234317374675903e-02,6.432371177723464339e-02,1.728305707848636075e-01,7.673016117138960202e-02,1.079515418503950441e-01,8.441865336171924805e-02,2.118262765682559640e-02,7.175172073648031223e-02
1.930030218586184509e-02,2.890135572793172541e-02,2.306132687531079958e-02,1.251632471085628237e-02,4.887946665882718367e-02,6.719008368590113911e-02,6.918495768657650924e-02,1.732359975774295027e-02,7.605574208918698675e-02,5.079123868745826637e-02,5.942852170954344287e-02,3.340301858613131669e-02,9.325673542007620331e-02,3.439115966420372428e-02,2.970241012623825103e-02,1.712711429283520978e-02,1.934746519028451156e-02,2.989449304056144424e-02,0.000000000000000000e+00,5.617353428386467201e-02,3.797083819610451438e-02,8.466865647701561637e-02,1.008308160332479358e-01,3.568447441631061867e-02,7.483571819515688617e-02,1.693499513680395141e-01,9.691780147571771309e-02,1.351078065676058759e-01,1.047290151186953261e-01,2.702989221065190198e-02,7.937522981415637280e-02,2.376235785310276336e-02,1.711894474386026557e-02,2.818781386478102016e-02,1.555263519248437261e-02,3.461862098246029640e-02,1.001061082156604748e-02,9.450295410913626959e-03,2.463628128971615330e-02,1.583134529902156459e-02,2.439744377940623876e-02,1.465488899278656783e-02,2.167842082809078377e-02,7.005798783791075159e-03,4.235800223363860029e-03,1.221625625664642632e-02,3.274103205553043072e-02,3.472906401292712858e-02,1.400062378841346669e-02,4.521901514404140510e-02,6.904057823486585421e-02,6.342208455269188194e-02,1.650516393479658020e-02,7.630743215312323080e-02,4.986790755771293437e-02,6.858804715665803298e-02,5.282988372510396408e-02,8.995484408023127210e-02,3.401319537179705449e-02,3.175305416834144079e-02,2.584536525698709689e-02,1.984009543857551822e-02,3.413405248488075860e-02,3.569732596053918489e-02,5.914645973389018319e-02,3.449633683259183820e-02,9.588931267259853675e-02,1.117993183872123542e-01,2.855514791697582461e-02,7.251601782782822470e-02,1.962548666995490854e-01,8.875327983993464009e-02,1.233455585738995469e-01,9.520603888917140989e-02,2.438670926421440677e-02,7.974061867219099653e-02
3.240183994915606797e-02,4.894804472059639810e-02,3.821177096673220031e-02,2.060388271309987127e-02,8.081035173415572481e-02,1.134144663531714559e-01,1.140945918073828641e-01,2.917216189295827877e-02,1.282965192357111150e-01,8.519062646265754268e-02,9.873445398634457526e-02,5.543010430470997341e-02,1.550992806434133842e-01,5.689773970507944201e-02,5.032625831231758717e-02,2.810812941639841481e-02,3.232760518780132541e-02,4.952999458580720216e-02,5.617353428386467201e-02,0.000000000000000000e+00,6.355041534259948943e-02,1.418166547078677231e-01,1.687182982796578135e-01,6.036316444787024477e-02,1.256871665363537283e-01,2.862404311349085462e-01,1.635211684457653636e-01,2.267633990598160176e-01,1.771867234950114944e-01,4.521927168110637801e-02,1.338994378948428765e-01,3.887104702894276370e-02,2.819765873560817898e-02,4.695297281191947864e-02,2.550609426013610362e-02,5.706198709358095700e-02,1.644310257758472421e-02,1.605435786321857475e-02,4.085710268681551349e-02,2.600329971064794382e-02,4.070787636311969798e-02,2.448241341986854072e-02,3.596028487676649482e-02,1.159565729347726906e-02,6.750362246223347469e-03,1.993420331307686755e-02,5.480712046055068870e-02,5.858838167070630487e-02,2.275475167808311064e-02,7.418489699449372365e-02,1.162208790887730298e-01,1.036178691517312678e-01,2.771967138044907630e-02,1.273026974329738437e-01,8.427758675286593781e-02,1.149292310342942547e-01,8.859437458931367082e-02,1.486503254576859723e-01,5.632673009683142329e-02,5.317062844420723106e-02,4.403491000564428715e-02,3.349049542682992764e-02,5.754693007158057788e-02,6.096444232965209792e-02,9.970653510491707394e-02,5.675831457067781471e-02,1.612054859167545706e-01,1.885122243603334635e-01,4.775056654656783389e-02,1.225960443383559140e-01,3.290281726654902261e-01,1.475622915127360879e-01,2.053948545179238028e-01,1.606699710321942975e-01,4.067869672356864974e-02,1.357963863941173410e-01
2.242287283398652561e-02,3.298345427435279975e-02,2.570949666056916716e-02,1.457893371571165018e-02,5.653357599177516457e-02,7.694026300681802710e-02,8.010468120213024013e-02,1.987586103522007500e-02,8.643542170836425453e-02,5.998980740544730683e-02,6.832372694780872169e-02,3.892956985771296730e-02,1.074765278857015699e-01,3.968517802849823306e-02,3.340182011945626306e-02,1.907521767431730186e-02,2.273468776370645220e-02,3.433386827709111050e-02,3.797083819610451438e-02,6.355041534259948943e-02,0.000000000000000000e+00,9.496014445067443854e-02,1.134722951055152640e-01,4.162351208962519755e-02,8.611646984010384864e-02,1.952806013289051790e-01,1.104381399260630503e-01,1.555753919195596580e-01,1.202755091433269502e-01,3.136947269112064229e-02,9.178810477745377727e-02,2.681914419670906186e-02,1.956698848085141468e-02,3.191841303826940812e-02,1.763789874276767977e-02,4.016214628956672056e-02,1.136630676009852021e-02,1.065550248889842941e-02,2.850612680328890730e-02,1.744127916426937291e-02,2.779022576541475761e-02,1.698694957120853999e-02,2.474149560717014279e-02,8.259522178863915043e-03,4.457261823612528560e-03,1.377092496087273070e-02,3.770761890720424753e-02,3.917018410286607355e-02,1.621737585353490163e-02,5.194276364255080713e-02,7.885422475333844772e-02,7.247193607329127651e-02,1.861181215695484337e-02,8.618644913395180629e-02,5.855687367701940121e-02,7.763504844714370912e-02,6.272331403665784566e-02,1.024513350538414497e-01,3.869498941932724562e-02,3.673656471548215202e-02,2.983398378533921869e-02,2.311156960311202754e-02,3.947523360259629771e-02,4.007391020860799624e-02,6.726027490217532934e-02,3.981278605832726247e-02,1.083788281686607069e-01,1.264912537848589258e-01,3.270624937932181675e-02,8.322986947302607463e-02,2.248934750055745502e-01,1.000829389110744622e-01,1.404857640786316419e-01,1.084390713036454540e-01,2.714286835251472629e-02,9.136156390305798236e-02
