0.000000000000000000e+00,1.369301582302412390e-02,1.327148938175438941e-02,5.327774770649535037e-03,2.159063694390772961e-02,3.101590008839088392e-02,3.107300811300451465e-02,3.767425108816507481e-03,3.077296569441757834e-02,1.872097888343013730e-02,2.075461901970445527e-02,1.931478694254758210e-02,4.162607385974457369e-02,1.155867307298961283e-02,1.412896046723282305e-02,7.957061559943580734e-03,6.855816415199445825e-03,1.443056975753620116e-02,1.198837623990164740e-02,2.182902094328767820e-02,9.466068133421776457e-03,4.455504977939784422e-02,4.265536356012669672e-02,1.628900434202414094e-02,3.111165589183090274e-02,8.074245083215376984e-02,4.433227113719741957e-02,6.294130431274938542e-02,4.250999703376155681e-02,8.137501340435752614e-03,3.518800274464262828e-02,8.991235325008294782e-03,7.934085033568877288e-03,1.459291833296119147e-02,7.940885676485121350e-03,1.365277391880074728e-02,4.401548052653356420e-03,4.305078651167657498e-03,1.016178103844459293e-02,7.467739141521521212e-03,1.291823495150712028e-02,6.284975569305347592e-03,1.062099198758543681e-02,4.149625404489688807e-03,1.778274801345854517e-03,6.937691249837645534e-03,1.581442318201965042e-02,1.575429632997553397e-02,7.681369573901760707e-03,2.018597370098762500e-02,3.015640263471171256e-02,3.277165692313915857e-02,5.730489130274600204e-03,3.695644563847330644e-02,2.262277864129223770e-02,2.721478972029016050e-02,2.178189249607464725e-02,4.584396030386708037e-02,1.425760322065271375e-02,1.211240632292377370e-02,1.208690409529787971e-02,8.406161121441170156e-03,1.243598946199258974e-02,1.665487372336538555e-02,2.866629073515438580e-02,1.457574062784463068e-02,4.501468362794333600e-02,4.478798449965004647e-02,1.471990819794336859e-02,2.969042270941517347e-02,1.017067975596828988e-01,4.401938657254721859e-02,6.303450522655013044e-02,4.293359879997567241e-02,1.029203257494656736e-02,3.569638334729086093e-02
1.369301582302412390e-02,0.000000000000000000e+00,2.257328093189551327e-02,9.099001873815362740e-03,3.640568900652653428e-02,5.240915862246623563e-02,5.226505565197632486e-02,6.121723990525768100e-03,5.135874118178493375e-02,3.139945574215440016e-02,3.487838816152124405e-02,3.244266818723440249e-02,6.986813820879608783e-02,1.940922701680839260e-02,2.448551130067790071e-02,1.345367901882743231e-02,1.140753553306930561e-02,2.436398291153188747e-02,1.984107701081482336e-02,3.653627967739769139e-02,1.565962228983261081e-02,7.442856464978889197e-02,7.303451867361400451e-02,2.685366222149444815e-02,5.133898615645728081e-02,1.354662868992856373e-01,7.497001998528531053e-02,1.067195585378662853e-01,7.229206943771469829e-02,1.375296265645066171e-02,6.035345830996642624e-02,1.469663779753755707e-02,1.321834646066274467e-02,2.481459568626059875e-02,1.290792221254039376e-02,2.293835561919457117e-02,7.387260054926118868e-03,7.089656947867012914e-03,1.690525179556323643e-02,1.247775540885032002e-02,2.178937312481714003e-02,1.012317437043838524e-02,1.825335085005897959e-02,6.930096532274094764e-03,2.856506332663673060e-03,1.127070502469902646e-02,2.687346815048163168e-02,2.617705660835723674e-02,1.292355293282410576e-02,3.385564953285080669e-02,5.111278214976552187e-02,5.556611210761527864e-02,9.744270939491659136e-03,6.141120333197698511e-02,3.811995842876193114e-02,4.548358431651802758e-02,3.662331791238974954e-02,7.773307301557258464e-02,2.482564186574319140e-02,2.042148914314686342e-02,2.056073836501834395e-02,1.440875552688600236e-02,2.100530066886608163e-02,2.815438900555603668e-02,4.849067090333133295e-02,2.394188930302650065e-02,7.678895534247970334e-02,7.604122225851238370e-02,2.443154840429551111e-02,4.981653090459486899e-02,1.709673379175487562e-01,7.370030610836258989e-02,1.076528555069749815e-01,7.309849920980225624e-02,1.785818797605010291e-02,6.129360125583555724e-02
1.327148938175438941e-02,2.257328093189551327e-02,0.000000000000000000e+00,8.913412269022476936e-03,3.532198472910424297e-02,5.038223658076599470e-02,5.065329485944237292e-02,5.785971105783875579e-03,5.043044212461891829e-02,3.052013838822555114e-02,3.392748381056774620e-02,3.084357533138653434e-02,6.785881936042137408e-02,1.897359564467176671e-02,2.305523725696883089e-02,1.294246947796162672e-02,1.119913643170289928e-02,2.349729061669977165e-02,1.942454628518464413e-02,3.616833290615378144e-02,1.535918366487686385e-02,7.246902918746565836e-02,6.970291963741076513e-02,2.558540385154511182e-02,5.088040930735695383e-02,1.302593310170304386e-01,7.317902710866769356e-02,1.025964714786887777e-01,6.984636774471791876e-02,1.380704756295951692e-02,5.724719220121475549e-02,1.409537915187750179e-02,1.283254795029808472e-02,2.369119802642992781e-02,1.267281285582550626e-02,2.254380599963303616e-02,7.214329185509200243e-03,6.734588741719748674e-03,1.590065231706180165e-02,1.199891979587382543e-02,2.070321713159129634e-02,9.844445299848580272e-03,1.828473841106325465e-02,6.636159254216276483e-03,2.798599975565042950e-03,1.133601355444910537e-02,2.597388636684984375e-02,2.588870417496423604e-02,1.249687768647788320e-02,3.280673486459842469e-02,4.983319421600485716e-02,5.369165660113212751e-02,9.468013456454866042e-03,5.966098605273931210e-02,3.636946809742296061e-02,4.393803844298903305e-02,3.502694627784552761e-02,7.446854119476827016e-02,2.455708460414901192e-02,1.998580672837618408e-02,1.982479267727882757e-02,1.396936820234788261e-02,2.025209430647851444e-02,2.767196153011498155e-02,4.787087297400234587e-02,2.332040232516140871e-02,7.492842628217974421e-02,7.383058060145154811e-02,2.331183361828641915e-02,4.824052574174447078e-02,1.638084815397504723e-01,7.177431419225563380e-02,1.030876960221616401e-01,7.127602316009064298e-02,1.739847769105590941e-02,5.896351113810324729e-02
5.327774770649535037e-03,9.099001873815362740e-03,8.913412269022476936e-03,0.000000000000000000e+00,1.445486583473571882e-02,2.059441804597786016e-02,2.058017658644560946e-02,2.397843330319619944e-03,2.013351710706395847e-02,1.238893716370856324e-02,1.386267434767700715e-02,1.267979475026087023e-02,2.760182958026740491e-02,7.895575533448861635e-03,9.578304163561141352e-03,5.156634688052099888e-03,4.558513446936579040e-03,9.527909915677968550e-03,7.837391779917273968e-03,1.421414630318538347e-02,5.953092029111288139e-03,2.926593040403249746e-02,2.856785236313592879e-02,1.035101396435450863e-02,2.035528654786895875e-02,5.316540636193928249e-02,2.940717589972807050e-02,4.217276153833590668e-02,2.860248590524304413e-02,5.418794797111284312e-03,2.363996786688307358e-02,5.783449457277694411e-03,5.329260914083180402e-03,9.823404586729082844e-03,5.184839069204866778e-03,8.978154037037108098e-03,2.836387086480531613e-03,2.866813123206721475e-03,6.709476402624143902e-03,5.028995959299247323e-03,8.631790325873524641e-03,3.948648086491999241e-03,7.283328815453998968e-03,2.726376898009908595e-03,1.147772683508493973e-03,4.533524586459413731e-03,1.052098168923817217e-02,1.039646833132644443e-02,4.996778272603177341e-03,1.332549448865213461e-02,2.021979596908225763e-02,2.204129572334731502e-02,3.750021017789592799e-03,2.437744974301074563e-02,1.520026552789570731e-02,1.808077807785968272e-02,1.431151780950271589e-02,3.093727667198534897e-02,9.818189031690013197e-03,8.078028571850045733e-03,8.213775371671363373e-03,5.841845006353648534e-03,8.258807952434797650e-03,1.123434439199420473e-02,1.934410795556659041e-02,9.564407210613199220e-03,3.024831256344334696e-02,2.998158787731273339e-02,9.734359485621514943e-03,1.966719299246957875e-02,6.770686058654779016e-02,2.910500545414630713e-02,4.282757769910432860e-02,2.899103226530715116e-02,7.061648022331309775e-03,2.419271533513070102e-02
2.159063694390772961e-02,3.640568900652653428e-02,3.532198472910424297e-02,1.445486583473571882e-02,0.000000000000000000e+00,8.191331404777188463e-02,8.260402460745255859e-02,1.000817864045182998e-02,8.124894127890387729e-02,5.026857757437523666e-02,5.587789848852873359e-02,5.070863023982710022e-02,1.103085860486829606e-01,3.111780875037991473e-02,3.763878473431972460e-02,2.116073407574769333e-02,1.817366652923126449e-02,3.867734771438218616e-02,3.214605614674310302e-02,5.769343012933750292e-02,2.456231527683533367e-02,1.170335124214401251e-01,1.137486811633780792e-01,4.218006993779350317e-02,8.175914822440392971e-02,2.125386742838855647e-01,1.171949331223374191e-01,1.682923848871358541e-01,1.142729234771106828e-01,2.191972509380232803e-02,9.412458862795007597e-02,2.392668934475209938e-02,2.113269113244768335e-02,3.881589804872512955e-02,2.056114134124890219e-02,3.618728986726704039e-02,1.174574089428085874e-02,1.130041909848103661e-02,2.698574520380046804e-02,1.992712636747259042e-02,3.415203657142918542e-02,1.592954831919093928e-02,2.864435133672732503e-02,1.087910673374782589e-02,4.703836530047542618e-03,1.815090404382426609e-02,4.203597273831968101e-02,4.148860478594614681e-02,2.036259797737680760e-02,5.395130713936211603e-02,8.047691221242382620e-02,8.785958987979043677e-02,1.547345743404937232e-02,9.763984195584725356e-02,6.062556663812995739e-02,7.275409457125232848e-02,5.756761513150412263e-02,1.226488605554249822e-01,3.889887276128907445e-02,3.192152872852661166e-02,3.237807022232365439e-02,2.258213858919548567e-02,3.306146229894063593e-02,4.463700859072342042e-02,7.583171684380571320e-02,3.798578759968759128e-02,1.202507306654083952e-01,1.196022606450038439e-01,3.880746771329036254e-02,7.885144137777824747e-02,2.689291680833035825e-01,1.160784823420676071e-01,1.691842182870275380e-01,1.147127853486121229e-01,2.789150662642717049e-02,9.517530308504153214e-02
3.101590008839088392e-02,5.240915862246623563e-02,5.038223658076599470e-02,2.059441804597786016e-02,8.191331404777188463e-02,0.000000000000000000e+00,1.177988775242010816e-01,1.385323247312141015e-02,1.183376522828699096e-01,7.107758916175987984e-02,7.946795120484034802e-02,7.118550599681805480e-02,1.576335823020024174e-01,4.451239186110948071e-02,5.323528689859251956e-02,3.008115393431108620e-02,2.548996312636007261e-02,5.482467715201461839e-02,4.614399640713789247e-02,8.386435502072016324e-02,3.596947239628361936e-02,1.687977772458340853e-01,1.620226937026693625e-01,5.970915109314728353e-02,1.188619148943463044e-01,3.041880548569023124e-01,1.687561785564266892e-01,2.389692714190841394e-01,1.628576696520258049e-01,3.160763868524367470e-02,1.331013123298741829e-01,3.345136165811259110e-02,3.006675105774257034e-02,5.454201468407701009e-02,2.911268311552956886e-02,5.125224739738756113e-02,1.669997846833512489e-02,1.582433658241462135e-02,3.739876923607069609e-02,2.804908110421686085e-02,4.802858370094376106e-02,2.264769861030739573e-02,4.124491643294069670e-02,1.554092122943349918e-02,6.621251437888413770e-03,2.612992594380986189e-02,6.056197653226348676e-02,5.993498883479247974e-02,2.884326505103957522e-02,7.657729433149547404e-02,1.154344274806179960e-01,1.251971454262742756e-01,2.191908633284448543e-02,1.394911945613151183e-01,8.454118032275965977e-02,1.033628148017174675e-01,8.084132153553831579e-02,1.732732609800912704e-01,5.565979347976279801e-02,4.586480524856283159e-02,4.589521521608416754e-02,3.207416538353152768e-02,4.715407000339662258e-02,6.405247681358869349e-02,1.085090837194507968e-01,5.450001179388151012e-02,1.720969697655667097e-01,1.719471692227660664e-01,5.434481282842033162e-02,1.139542627262379315e-01,3.818917178977029314e-01,1.669579592390733613e-01,2.407171908412230887e-01,1.637086376081203776e-01,4.060410777207335703e-02,1.361916511877949154e-01
3.107300811300451465e-02,5.226505565197632486e-02,5.065329485944237292e-02,2.058017658644560946e-02,8.260402460745255859e-02,1.177988775242010816e-01,0.000000000000000000e+00,1.423269152461504108e-02,1.173804691051019422e-01,7.184506186941805317e-02,7.972231255486157686e-02,7.317270298257180783e-02,1.589076012728427856e-01,4.441035970358347962e-02,5.363819130944873920e-02,3.044211541435354329e-02,2.614859188934361492e-02,5.571916656422078867e-02,4.548689177502186765e-02,8.263713433669157837e-02,3.523683503851948035e-02,1.679255570942344844e-01,1.628882272288387778e-01,6.069705523078783999e-02,1.173056238363551496e-01,3.056868671043417307e-01,1.672291682536003743e-01,2.417765601151127819e-01,1.636437659197850225e-01,3.138092404323131190e-02,1.345862128209796560e-01,3.412860553697599081e-02,3.007806887876628837e-02,5.556235383418280799e-02,2.951242198897287977e-02,5.183696899407435471e-02,1.677170895688667035e-02,1.607891176478215209e-02,3.895871844980312165e-02,2.821985393879163778e-02,4.899602228363038325e-02,2.306535337380726317e-02,4.131467934089215477e-02,1.572955245024329138e-02,6.573858146786747819e-03,2.585871143091279800e-02,6.064238643342713397e-02,5.922422339681168713e-02,2.923094836579777367e-02,7.707195548791027917e-02,1.152512484410188609e-01,1.265340139001460140e-01,2.224461874053458924e-02,1.402060717225874220e-01,8.697404607857643632e-02,1.036762901193886838e-01,8.269487976808631569e-02,1.764067620290331595e-01,5.565952210856691534e-02,4.557139873128888963e-02,4.661487108330576723e-02,3.248328450568954695e-02,4.725936458010086133e-02,6.358043530749150907e-02,1.082899605620078060e-01,5.498220830639158341e-02,1.718011356983441817e-01,1.708032642723097960e-01,5.549315099642830595e-02,1.127461955332279692e-01,3.861698706363688727e-01,1.655914940817640735e-01,2.423577701419884212e-01,1.639771484437139992e-01,3.968980401552754667e-02,1.365873982091423688e-01
3.767425108816507481e-03,6.121723990525768100e-03,5.785971105783875579e-03,2.397843330319619944e-03,1.000817864045182998e-02,1.385323247312141015e-02,1.423269152461504108e-02,0.000000000000000000e+00,1.415400917930329308e-02,8.329920248791101642e-03,9.950217911563663878e-03,8.762306871534343913e-03,1.891362120112945883e-02,5.232981592526563669e-03,6.987864789147704529e-03,3.819726339801334490e-03,3.136141817858436633e-03,6.680403592857069549e-03,5.703346305841519408e-03,1.004999108624890850e-02,4.428626198878515829e-03,2.131627383278248550e-02,2.037954550538226620e-02,7.274886691873497235e-03,1.403173698193966451e-02,3.787176784304750049e-02,1.970120995407386930e-02,2.904122415489651318e-02,1.974588943988780237e-02,3.800739634616766283e-03,1.604753987168255902e-02,4.472446222906284290e-03,3.770699695778342245e-03,6.771189926698935845e-03,3.468077391194230620e-03,6.059154543791274786e-03,2.133602496033893715e-03,2.137457313002765792e-03,4.939194245351359938e-03,3.619496439922047400e-03,5.836213122373124472e-03,2.750250662436118636e-03,5.031207426708893260e-03,1.881377820444900869e-03,9.838301344386177812e-04,3.083708583008779383e-03,7.100031884234036389e-03,6.843176969488367484e-03,3.466333104675379737e-03,9.360277591467954655e-03,1.370558358287282674e-02,1.535339650382271277e-02,2.793179776646010758e-03,1.733757249273090717e-02,1.020995126050096985e-02,1.332367499262270515e-02,1.007503706388344911e-02,2.141316932257704073e-02,6.656785181871317618e-03,5.679636151829972265e-03,5.558113608635885557e-03,3.747932341701127289e-03,5.918491909728219522e-03,7.583106280779574118e-03,1.292680380217244192e-02,6.542832923188304610e-03,2.151247473653149916e-02,2.115772560576630740e-02,6.521714843410240589e-03,1.369430382356926282e-02,4.773425968275209902e-02,1.999215372325384779e-02,2.967206093444347062e-02,2.001176137597926452e-02,4.874231023830446000e-03,1.635418530079700214e-02
3.077296569441757834e-02,5.135874118178493375e-02,5.043044212461891829e-02,2.013351710706395847e-02,8.124894127890387729e-02,1.183376522828699096e-01,1.173804691051019422e-01,1.415400917930329308e-02,0.000000000000000000e+00,7.024087772832456056e-02,7.948245224392214148e-02,7.040279956071739120e-02,1.564590945949097256e-01,4.333677273573095790e-02,5.482588315139657470e-02,2.963107764550944323e-02,2.539151193410707844e-02,5.482648525779899862e-02,4.649137174450525267e-02,8.411248739529958440e-02,3.524363232353589642e-02,1.723454827450485449e-01,1.640165270452601798e-01,5.962216005286891107e-02,1.181222093715259547e-01,3.073385574680258525e-01,1.694731586896022768e-01,2.398128045379530615e-01,1.644792581340402404e-01,3.169066867135392901e-02,1.343219896820951054e-01,3.403355237869777616e-02,3.032028968245189735e-02,5.536539912216715403e-02,2.931313249674494248e-02,5.030897775881574413e-02,1.654571570039925846e-02,1.661868458418531980e-02,3.798186646766127383e-02,2.841865185698907309e-02,4.791254793301148035e-02,2.212509453435782675e-02,4.033110093899149040e-02,1.506002667216946311e-02,6.861281456943804299e-03,2.520745973793805245e-02,6.031377166338598717e-02,5.979808841250515428e-02,2.829718320026543277e-02,7.587800639264266622e-02,1.152086423093639234e-01,1.244892758283426826e-01,2.172324122895530688e-02,1.415140112106004211e-01,8.439601328400204994e-02,1.044327503957020592e-01,8.008979525976299418e-02,1.742346753269728987e-01,5.492825284248036705e-02,4.603967438713396643e-02,4.567174318294166258e-02,3.219591986740048123e-02,4.769735576591746518e-02,6.451850291321012398e-02,1.090902794740659654e-01,5.391646440624343894e-02,1.745497147355394296e-01,1.740049088680710732e-01,5.443244993967750328e-02,1.131502695844268103e-01,3.843574009217933796e-01,1.681692645397880326e-01,2.421192412787195880e-01,1.646139258799399763e-01,4.080600444986567238e-02,1.360327132876218148e-01
1.872097888343013730e-02,3.139945574215440016e-02,3.052013838822555114e-02,1.238893716370856324e-02,5.026857757437523666e-02,7.107758916175987984e-02,7.184506186941805317e-02,8.329920248791101642e-03,7.024087772832456056e-02,0.000000000000000000e+00,4.808715386511693696e-02,4.384085255437009804e-02,9.551554794266074733e-02,2.705943861939306971e-02,3.304812605933916264e-02,1.806645592570998993e-02,1.533874426041592631e-02,3.313562472322287289e-02,2.714079915411089783e-02,4.947942291184209695e-02,2.116918536196706405e-02,1.017500572502220701e-01,9.810785789402381996e-02,3.604593843477346682e-02,7.060408022547474960e-02,1.838439001360019642e-01,1.012219412318821343e-01,1.464566608927666547e-01,9.902798847114653580e-02,1.910234262402327882e-02,8.150826566864884104e-02,1.964228470590980574e-02,1.809159533643301884e-02,3.324611305913268561e-02,1.744575519571606864e-02,3.153844040461058207e-02,1.010095055680714123e-02,9.830383022113637140e-03,2.298825326857631066e-02,1.684419278184272686e-02,2.923378102174137294e-02,1.343291667469838704e-02,2.547925265064435174e-02,9.368745964948452243e-03,3.892722991141778395e-03,1.509417062446190977e-02,3.654744451232996155e-02,3.549336682165356999e-02,1.751521564527916755e-02,4.691411866269322439e-02,6.852836221635288938e-02,7.655571823495084527e-02,1.347152965600724797e-02,8.414442604127575498e-02,5.254378105724167441e-02,6.273412035018048616e-02,4.942599195671892182e-02,1.064348232417303280e-01,3.407429438969831331e-02,2.723168438678148090e-02,2.806199468675569381e-02,1.999189737743409245e-02,2.881396580560404569e-02,3.835473444772536517e-02,6.536007976645673290e-02,3.298341742442856966e-02,1.044481664997142234e-01,1.029885206954138932e-01,3.312312278558528916e-02,6.790086681069193442e-02,2.315957858569956118e-01,9.936197483550765486e-02,1.482798940499943652e-01,9.916934331634574828e-02,2.496838867423861047e-02,8.271267115345427856e-02
2.075461901970445527e-02,3.487838816152124405e-02,3.392748381056774620e-02,1.386267434767700715e-02,5.587789848852873359e-02,7.946795120484034802e-02,7.972231255486157686e-02,9.950217911563663878e-03,7.948245224392214148e-02,4.808715386511693696e-02,0.000000000000000000e+00,4.857339984679414496e-02,1.059832524116470914e-01,2.993120292953427991e-02,3.726687160999335446e-02,2.055271666754890716e-02,1.742927264054990738e-02,3.731338693299270787e-02,3.163637608858139993e-02,5.648140496031851809e-02,2.414772388424029498e-02,1.152706198021978962e-01,1.111959675799496089e-01,4.056550012006384515e-02,7.905176689988588357e-02,2.063695338007210944e-01,1.137819560067512420e-01,1.629087491458706127e-01,1.106789222216314900e-01,2.121204432462328940e-02,9.091130954469778258e-02,2.336423265284619938e-02,2.058074110064729567e-02,3.740456575597424227e-02,1.979458085799876144e-02,3.444160331814007797e-02,1.130797659735866857e-02,1.129345610394985946e-02,2.603647002387670870e-02,1.937321699708876438e-02,3.269261111682524035e-02,1.514405534668363321e-02,2.776933195768167828e-02,1.033705170691425271e-02,4.752265783972628443e-03,1.714882567461129687e-02,4.013715685630350749e-02,4.008632574852739189e-02,1.919330386650370743e-02,5.212047049112939617e-02,7.811428726262537037e-02,8.521290596052095989e-02,1.502878046153811528e-02,9.554663779868205475e-02,5.792033748808356197e-02,7.149397563534938549e-02,5.531288985854302537e-02,1.191527364360207425e-01,3.760891078589434500e-02,3.086213156021146153e-02,3.139691332210507724e-02,2.181223284390557127e-02,3.241450454991787189e-02,4.324803168151287319e-02,7.383937390250960853e-02,3.652247088631405819e-02,1.182609191177045604e-01,1.168447112673548227e-01,3.726693427097214906e-02,7.646032310118211495e-02,2.597004168877147801e-01,1.131331046916252553e-01,1.654069551985215825e-01,1.116130823923967286e-01,2.748146057427253847e-02,9.149272752957400556e-02
1.931478694254758210e-02,3.244266818723440249e-02,3.084357533138653434e-02,1.267979475026087023e-02,5.070863023982710022e-02,7.118550599681805480e-02,7.317270298257180783e-02,8.762306871534343913e-03,7.040279956071739120e-02,4.384085255437009804e-02,4.857339984679414496e-02,0.000000000000000000e+00,9.819492813544482279e-02,2.770817558227665206e-02,3.298451403777463015e-02,1.924866934801795076e-02,1.649566199192297258e-02,3.413881287434032685e-02,2.763537101252133352e-02,5.059408523156769255e-02,2.252370218486792267e-02,1.017825376218064737e-01,9.988151210284462733e-02,3.724671605646812100e-02,7.153536796647912144e-02,1.872172005756833346e-01,1.023105093787076980e-01,1.474639161887084104e-01,9.867895920170026425e-02,1.917935004177896002e-02,8.220456070882722899e-02,2.025411747424210596e-02,1.848400888197234207e-02,3.453392183473722593e-02,1.820131305498226895e-02,3.288734697312858252e-02,1.034668358498583123e-02,9.652677085548927449e-03,2.302981666845307918e-02,1.766302765143995882e-02,3.080264072609400355e-02,1.458411493874397537e-02,2.607050050558266246e-02,9.764470507371763447e-03,3.985338107710872067e-03,1.691436332664448747e-02,3.691367907580968971e-02,3.624284934275476266e-02,1.804584060632590317e-02,4.735973659458596330e-02,6.984780828558745380e-02,7.844615690797999974e-02,1.380983794463817686e-02,8.514609525019817271e-02,5.361356995082459248e-02,6.346386605399637060e-02,5.242903094391981877e-02,1.079666249883698137e-01,3.445043596451712042e-02,2.801648531292291050e-02,2.841931758627974300e-02,1.986814056331548048e-02,2.882508316304303181e-02,3.903531943320302094e-02,6.714049308053417209e-02,3.405274938316579098e-02,1.048081863783976303e-01,1.041152995022899680e-01,3.428451549424384182e-02,6.837640745092025962e-02,2.367530143504204820e-01,1.011569801347838998e-01,1.477647793703482371e-01,1.005229050934469265e-01,2.408568717911586249e-02,8.386643493076852141e-02
4.162607385974457369e-02,6.986813820879608783e-02,6.785881936042137408e-02,2.760182958026740491e-02,1.103085860486829606e-01,1.576335823020024174e-01,1.589076012728427856e-01,1.891362120112945883e-02,1.564590945949097256e-01,9.551554794266074733e-02,1.059832524116470914e-01,9.819492813544482279e-02,0.000000000000000000e+00,5.924243219512514980e-02,7.273523231071415962e-02,4.069665293322055621e-02,3.480458250629056560e-02,7.387772898089464690e-02,6.052214054587948255e-02,1.099786396412896772e-01,4.752258736744632145e-02,2.265917660799720290e-01,2.194791851158462981e-01,8.115118672350038476e-02,1.566771694462857079e-01,4.103381609566158494e-01,2.250157684981969330e-01,3.229191153193957664e-01,2.187495388951473385e-01,4.186689310049739737e-02,1.807234270366498419e-01,4.562394311449971540e-02,4.052561563788025650e-02,7.477047074703403740e-02,3.967584958841891690e-02,6.960146920996697351e-02,2.248776606262121655e-02,2.180070059102167529e-02,5.213734406780131531e-02,3.818132302124076921e-02,6.605781827816425977e-02,3.078432281341396404e-02,5.587645867166321501e-02,2.108273860796399876e-02,9.042851702504997938e-03,3.490517533417729357e-02,8.099666518372448942e-02,7.957393279803401387e-02,3.896874589930042487e-02,1.028844637789423921e-01,1.541308707832494962e-01,1.691485326274220491e-01,2.951046298322289319e-02,1.879244194598777562e-01,1.160340924428262255e-01,1.388372784709044350e-01,1.109905425268296469e-01,2.357289718922137012e-01,7.479648600837056349e-02,6.173560357372359642e-02,6.236691126057072876e-02,4.353419649525704788e-02,6.358827224920857168e-02,8.520630275945291487e-02,1.459277747835163730e-01,7.340809650168776679e-02,2.317050534416290053e-01,2.307033295123643302e-01,7.451775478902923633e-02,1.512889372374973118e-01,5.191245193901807831e-01,2.221832871298040357e-01,3.258980427769848642e-01,2.200959282993663890e-01,5.391689257673698554e-02,1.840155335432909489e-01
1.155867307298961283e-02,1.940922701680839260e-02,1.897359564467176671e-02,7.895575533448861635e-03,3.111780875037991473e-02,4.451239186110948071e-02,4.441035970358347962e-02,5.232981592526563669e-03,4.333677273573095790e-02,2.705943861939306971e-02,2.993120292953427991e-02,2.770817558227665206e-02,5.924243219512514980e-02,0.000000000000000000e+00,2.038537855224155371e-02,1.121032992666511248e-02,9.597328056476103764e-03,2.046817942338842108e-02,1.715674631613604492e-02,3.037456813355975810e-02,1.297654262277407600e-02,6.245733405821443651e-02,6.106325841169574220e-02,2.273054915503439771e-02,4.311624518638754178e-02,1.136046517420595259e-01,6.297254883822467342e-02,9.093612994522919102e-02,6.144578959518741390e-02,1.157979086077975082e-02,5.049751049342696835e-02,1.247753156905824154e-02,1.117036088254323017e-02,2.058695972741052607e-02,1.101208540638985885e-02,1.925726074551151537e-02,6.162687268497768316e-03,6.045743185830126584e-03,1.439682301275707274e-02,1.046895051588768270e-02,1.823272221119763212e-02,8.523855660242158142e-03,1.550701790468480071e-02,5.916717598662757545e-03,2.412327416048347817e-03,9.452858822026868196e-03,2.269096294014986970e-02,2.206771038055250697e-02,1.090500136587894443e-02,2.890782949820243364e-02,4.318073164009877257e-02,4.747398656067119971e-02,8.266163575351448758e-03,5.242205003548629227e-02,3.264498171780375740e-02,3.912882425875173487e-02,3.090309170814330847e-02,6.632239506298692744e-02,2.088669737575855195e-02,1.706639494201193236e-02,1.745824920333871599e-02,1.232577753882392602e-02,1.786087306425600610e-02,2.387593185046704702e-02,4.051537344495993037e-02,2.035206658007232897e-02,6.424615010801028314e-02,6.375184273069610386e-02,2.081992832739827659e-02,4.220493145756332165e-02,1.443924608347159078e-01,6.192547421093859417e-02,9.141179410250026283e-02,6.144651415544495621e-02,1.499703733866708175e-02,5.121962046961775483e-02
1.412896046723282305e-02,2.448551130067790071e-02,2.305523725696883089e-02,9.578304163561141352e-03,3.763878473431972460e-02,5.323528689859251956e-02,5.363819130944873920e-02,6.987864789147704529e-03,5.482588315139657470e-02,3.304812605933916264e-02,3.726687160999335446e-02,3.298451403777463015e-02,7.273523231071415962e-02,2.038537855224155371e-02,0.000000000000000000e+00,1.444228163144194686e-02,1.207647666764480668e-02,2.522064106352607527e-02,2.184849504171595957e-02,3.980613960772296650e-02,1.752053297541287039e-02,7.824329816505801172e-02,7.577864747682958035e-02,2.755199045563897636e-02,5.487649168883211581e-02,1.397934143578564714e-01,7.878554228572222373e-02,1.100959609303152481e-01,7.470200958235567734e-02,1.487742103369472588e-02,6.132729347716165541e-02,1.600332826565816630e-02,1.393750498906720994e-02,2.586787698200463184e-02,1.351065893107135547e-02,2.366940551245272362e-02,7.751941372875171751e-03,7.347220892589472613e-03,1.764436710888458298e-02,1.308699099242316422e-02,2.236343579087413103e-02,1.080751139241512004e-02,1.917017332502157431e-02,6.934850291048920423e-03,3.450591196896311569e-03,1.227181696775199449e-02,2.766533637413749400e-02,2.791156729343685985e-02,1.301651091714347945e-02,3.521686743901872307e-02,5.270108883313130016e-02,5.707856266832742054e-02,1.083301317759110573e-02,6.369184369493410824e-02,3.861575784313167614e-02,4.845987584681848287e-02,3.858057438429598335e-02,7.893315123280116030e-02,2.584322844279155623e-02,2.188849260026430946e-02,2.130920154717921150e-02,1.454891057832994467e-02,2.228370866488570481e-02,2.966189862905973737e-02,5.023503259707580437e-02,2.507708442595848672e-02,8.040101312781908205e-02,8.054122303640567915e-02,2.479960077324053214e-02,5.299482215239420535e-02,1.761477220119019582e-01,7.723451143489558357e-02,1.094546638102219388e-01,7.508147002201460973e-02,1.835022087145152594e-02,6.231275152796766220e-02
7.957061559943580734e-03,1.345367901882743231e-02,1.294246947796162672e-02,5.156634688052099888e-03,2.116073407574769333e-02,3.008115393431108620e-02,3.044211541435354329e-02,3.819726339801334490e-03,2.963107764550944323e-02,1.806645592570998993e-02,2.055271666754890716e-02,1.924866934801795076e-02,4.069665293322055621e-02,1.121032992666511248e-02,1.444228163144194686e-02,0.000000000000000000e+00,6.748770448151336643e-03,1.408246321375655058e-02,1.171017160969626582e-02,2.093999315990844115e-02,9.243734916759159884e-03,4.334368945162404840e-02,4.314640942780164495e-02,1.579262694851730695e-02,2.958329282726391424e-02,7.944568877453341005e-02,4.297011582405325242e-02,6.222428248136786799e-02,4.160922882501573439e-02,7.708433046032090244e-03,3.479204124387015595e-02,8.876186639810041204e-03,7.954138177759199207e-03,1.448282507761226683e-02,7.552775087381358513e-03,1.341401090210095348e-02,4.297456368454072653e-03,4.317391330031680220e-03,1.001005374338728889e-02,7.541975897898289816e-03,1.277406348296361398e-02,5.773632459108654635e-03,1.083714816836097231e-02,4.042340065664171318e-03,1.816545581273310440e-03,6.666879626884164925e-03,1.532355153039753268e-02,1.480248796620782514e-02,7.408551100185480770e-03,1.972898403272503945e-02,2.952416178644687306e-02,3.262306612270576139e-02,5.752563097713949379e-03,3.619488447106236628e-02,2.222218632139314268e-02,2.706831827698788495e-02,2.149751481521378071e-02,4.545824004722647665e-02,1.431254508441159173e-02,1.179413104344395787e-02,1.199688329011974926e-02,8.200494988721279341e-03,1.218024146849420661e-02,1.627322211422174356e-02,2.828853416767198453e-02,1.384807250639542159e-02,4.503841562099691193e-02,4.430679760205404744e-02,1.451638216873852097e-02,2.882749476882044692e-02,1.005305895717212711e-01,4.240654912535747612e-02,6.285065647612669837e-02,4.282307969943533604e-02,1.033520464343627709e-02,3.515137470186989466e-02
6.855816415199445825e-03,1.140753553306930561e-02,1.119913643170289928e-02,4.558513446936579040e-03,1.817366652923126449e-02,2.548996312636007261e-02,2.614859188934361492e-02,3.136141817858436633e-03,2.539151193410707844e-02,1.533874426041592631e-02,1.742927264054990738e-02,1.649566199192297258e-02,3.480458250629056560e-02,9.597328056476103764e-03,1.207647666764480668e-02,6.748770448151336643e-03,0.000000000000000000e+00,1.187868903562516211e-02,9.731177807907186172e-03,1.797013109912519446e-02,7.823600629890107086e-03,3.703167868169020271e-02,3.616071339084847569e-02,1.325002832805534034e-02,2.517316908498505937e-02,6.711734592351056850e-02,3.680636589914169921e-02,5.296021565706889034e-02,3.556426954807627439e-02,6.747911487950666518e-03,2.952509159998271612e-02,7.302826822731320680e-03,6.709758179425173198e-03,1.229610842034694305e-02,6.333307359866938158e-03,1.163024936775929226e-02,3.698828384665460434e-03,3.669797071750979106e-03,8.575486490825940875e-03,6.248395192427822278e-03,1.101798587629430719e-02,5.067965061759798460e-03,9.499078027534010871e-03,3.560810145533201566e-03,1.484422712191475497e-03,5.856458569404256534e-03,1.328673736627689408e-02,1.292744585152465729e-02,6.507299491956612843e-03,1.687247593946501062e-02,2.488609824569605264e-02,2.810189585941880175e-02,4.925419524016058301e-03,3.047369064987616449e-02,1.927373748287734140e-02,2.276111196690084812e-02,1.872246878333357414e-02,3.877556180519159401e-02,1.232362696356646345e-02,1.010694816210351392e-02,1.032553561690191524e-02,7.172027445376840532e-03,1.034900600445439259e-02,1.385473478804150581e-02,2.432492785404483104e-02,1.217002163588738230e-02,3.810072793452968370e-02,3.741074925171742477e-02,1.228903597486236642e-02,2.435767510666647651e-02,8.546982179592531315e-02,3.638244434177301256e-02,5.339102110064911783e-02,3.661759211822947224e-02,8.802355063776965902e-03,3.023550315549757006e-02
1.443056975753620116e-02,2.436398291153188747e-02,2.349729061669977165e-02,9.527909915677968550e-03,3.867734771438218616e-02,5.482467715201461839e-02,5.571916656422078867e-02,6.680403592857069549e-03,5.482648525779899862e-02,3.313562472322287289e-02,3.731338693299270787e-02,3.413881287434032685e-02,7.387772898089464690e-02,2.046817942338842108e-02,2.522064106352607527e-02,1.408246321375655058e-02,1.187868903562516211e-02,0.000000000000000000e+00,2.139066350270199882e-02,3.860472291069543677e-02,1.675525212381601126e-02,7.900781396804157364e-02,7.642746348674410439e-02,2.841258643196191425e-02,5.445548102235402838e-02,1.430621824483282178e-01,7.778027501713080660e-02,1.124264778180665419e-01,7.622766751476574287e-02,1.460361232936421491e-02,6.255380884528259633e-02,1.578406362391359535e-02,1.399222520306573139e-02,2.559001968326707344e-02,1.352901986247950251e-02,2.400389708865710223e-02,7.896283695920811030e-03,7.503193838808383011e-03,1.803581725000950181e-02,1.319627195581274393e-02,2.263209467960768453e-02,1.066425719655644463e-02,1.911188586065797057e-02,7.287217035985172654e-03,3.140490050582679226e-03,1.198070335349035384e-02,2.820072205986351097e-02,2.752438042640080115e-02,1.360578514833425678e-02,3.602771568497737525e-02,5.343010989059252674e-02,5.899751272114700518e-02,1.038234311978094605e-02,6.519137977085757985e-02,4.007873286620521752e-02,4.860509604749251727e-02,3.829772115336617377e-02,8.169819753395653195e-02,2.574712963398165244e-02,2.129059857890236787e-02,2.163192507998649983e-02,1.504603047819701167e-02,2.230322093127697428e-02,2.952904338943787566e-02,5.078601827450872352e-02,2.532886615246485867e-02,8.058624018088882124e-02,7.980247186926642256e-02,2.560836639908805473e-02,5.283339394707419617e-02,1.802786534327754653e-01,7.705540191236845415e-02,1.124426869158133835e-01,7.648921504020132767e-02,1.876405629062929611e-02,6.376138062017615293e-02
1.198837623990164740e-02,1.984107701081482336e-02,1.942454628518464413e-02,7.837391779917273968e-03,3.214605614674310302e-02,4.614399640713789247e-02,4.548689177502186765e-02,5.703346305841519408e-03,4.649137174450525267e-02,2.714079915411089783e-02,3.163637608858139993e-02,2.763537101252133352e-02,6.052214054587948255e-02,1.715674631613604492e-02,2.184849504171595957e-02,1.171017160969626582e-02,9.731177807907186172e-03,2.139066350270199882e-02,0.000000000000000000e+00,3.291408784495090944e-02,1.392846080902461828e-02,6.724331740009659164e-02,6.440367846863402634e-02,2.347349356448167473e-02,4.562411670748086484e-02,1.194548719786311525e-01,6.619184784683093681e-02,9.320142002086487243e-02,6.426277693803392199e-02,1.235640695390060814e-02,5.253046907112417230e-02,1.343875966568344391e-02,1.204477764336702068e-02,2.169071929664385251e-02,1.140239596364670156e-02,1.949380022701171361e-02,6.503033980683219605e-03,6.664842009726516282e-03,1.475144195246960548e-02,1.136867587847612514e-02,1.874841230628571803e-02,8.576383852157230120e-03,1.574386359645969097e-02,5.861519336171879327e-03,2.887550846225005879e-03,9.864592275482607364e-03,2.326737604613237156e-02,2.315526843828760728e-02,1.091215789280159873e-02,2.959271932558162066e-02,4.493367553181419616e-02,4.872727710833998915e-02,8.662218504331567134e-03,5.543875623805238906e-02,3.249721285275014582e-02,4.129820034401946588e-02,3.163553244178635149e-02,6.805317807608325664e-02,2.152119864335924962e-02,1.797569098282131642e-02,1.777242213144995808e-02,1.226315372750251369e-02,1.883424070724147928e-02,2.533152232633116563e-02,4.244999036535212350e-02,2.089301448733305727e-02,6.853683334690512108e-02,6.800080481658693499e-02,2.153300467896717210e-02,4.449756320046956148e-02,1.501396398250443853e-01,6.562983074354883373e-02,9.462832264551603034e-02,6.429360056499784648e-02,1.600057579449580547e-02,5.247222917502975675e-02
2.182902094328767820e-02,3.653627967739769139e-02,3.616833290615378144e-02,1.421414630318538347e-02,5.769343012933750292e-02,8.386435502072016324e-02,8.263713433669157837e-02,1.004999108624890850e-02,8.411248739529958440e-02,4.947942291184209695e-02,5.648140496031851809e-02,5.059408523156769255e-02,1.099786396412896772e-01,3.037456813355975810e-02,3.980613960772296650e-02,2.093999315990844115e-02,1.797013109912519446e-02,3.860472291069543677e-02,3.291408784495090944e-02,0.000000000000000000e+00,2.500366984117258912e-02,1.207214406113516492e-01,1.174204268913145721e-01,4.234823737360266654e-02,8.236667361943746102e-02,2.186825146606554693e-01,1.192550600402149108e-01,1.695063735683872697e-01,1.152145724677647032e-01,2.164063830443449174e-02,9.582837341775742035e-02,2.389558131100105037e-02,2.148814355080862562e-02,3.944033835067523031e-02,2.050703182613880515e-02,3.528899907375079859e-02,1.154670321228135760e-02,1.173132666088083295e-02,2.672294371035799018e-02,2.003372750117396461e-02,3.427428579165676253e-02,1.536409121298618410e-02,2.860951815552539856e-02,1.067715008806807697e-02,4.828288166209793349e-03,1.771968175604583112e-02,4.295637605414383275e-02,4.174062139647246455e-02,1.995409634709491634e-02,5.349229106129450156e-02,8.149475060477893995e-02,8.807934083868262931e-02,1.551914694873313127e-02,9.959549586732600879e-02,5.960158927428546582e-02,7.368612609215356712e-02,5.702906215573655402e-02,1.230417220003877654e-01,3.884586504937627416e-02,3.251810023990285570e-02,3.244423013519002336e-02,2.271653455183383907e-02,3.369334647510295599e-02,4.537755409041866611e-02,7.737889226685647215e-02,3.762312419798216623e-02,1.241582324694160966e-01,1.233320160047991221e-01,3.866172567480301303e-02,7.979831094635143895e-02,2.739720641220184660e-01,1.184349131358554408e-01,1.711424521746437444e-01,1.169278345956830667e-01,2.891805850895624516e-02,9.717902873932503238e-02
9.466068133421776457e-03,1.565962228983261081e-02,1.535918366487686385e-02,5.953092029111288139e-03,2.456231527683533367e-02,3.596947239628361936e-02,3.523683503851948035e-02,4.428626198878515829e-03,3.524363232353589642e-02,2.116918536196706405e-02,2.414772388424029498e-02,2.252370218486792267e-02,4.752258736744632145e-02,1.297654262277407600e-02,1.752053297541287039e-02,9.243734916759159884e-03,7.823600629890107086e-03,1.675525212381601126e-02,1.392846080902461828e-02,2.500366984117258912e-02,0.000000000000000000e+00,5.239686223623322286e-02,5.138539537551777697e-02,1.887546595650339484e-02,3.494534545876595150e-02,9.495683990210199155e-02,5.146536505034868952e-02,7.334287490261615083e-02,4.929100649992725069e-02,9.147479682253125549e-03,4.132641348570364331e-02,1.041239117730849949e-02,9.431698126003387056e-03,1.735159207148714508e-02,8.921112979577969226e-03,1.526586804856867527e-02,4.901628351201016073e-03,5.310240580228604672e-03,1.190834915009618758e-02,8.831280565644290467e-03,1.515102726624792742e-02,6.845326051429071607e-03,1.242237461085381883e-02,4.698734950043396801e-03,2.275755869002320589e-03,7.935306220143621692e-03,1.842063205479104598e-02,1.771325032233398572e-02,8.655320695764677844e-03,2.289594270095679160e-02,3.489572826611019030e-02,3.771422338542121389e-02,6.797661147418895648e-03,4.314868504629638946e-02,2.587141282444259741e-02,3.193486608108501990e-02,2.571735646788756921e-02,5.313016773641304064e-02,1.647458864795435171e-02,1.413298962715912009e-02,1.421836085281720855e-02,9.773653176394269185e-03,1.476555352088382463e-02,1.927864429246095926e-02,3.327771906445897709e-02,1.622391145787594607e-02,5.368381895300657070e-02,5.332550264150812125e-02,1.729602194593323275e-02,3.437475786302743308e-02,1.200724911196956457e-01,5.050982598100313414e-02,7.389337361516662428e-02,5.027269628794222428e-02,1.219319653914885046e-02,4.165855668919705296e-02
