0.000000000000000000e+00,4.403419622056576818e-03,4.326464076361381979e-03,2.289960556632423920e-03,6.366283302835014368e-03,1.326308532118807698e-02,1.002661658522530433e-02,2.183750527582575644e-03,1.392246792851117507e-02,7.345818810936034088e-03,1.014905714794894429e-02,8.721315874576866106e-03,1.778577824466972754e-02,3.677878611989296789e-03,7.759157199457359516e-03,2.352912123488311996e-03,3.879966494905278535e-03,7.143265356122618578e-03,5.389946270327851743e-03,8.774942834067982200e-03,5.962991148473668207e-03,1.749089736852402904e-02,2.034901489658999182e-02,7.820235082619940437e-03,1.697289020372109297e-02,4.010961878320834506e-02,1.767812685779781082e-02,2.823753453866256063e-02,1.970559635416432170e-02,1.359720251603203575e-03,1.094751193318313498e-02,4.813103472029595098e-03,3.917287359863371073e-03,4.565882236916696604e-03,2.927732568185931195e-03,4.650700462267823646e-03,1.735561408258853421e-03,1.008768769532090992e-03,4.903384258434766857e-03,3.605635103015946731e-03,5.281198222754714816e-03,1.637330552546573809e-03,3.737884993631635649e-03,1.260866434864912986e-03,1.263480649453656637e-03,2.662203700428533021e-04,5.997140392534901915e-03,7.972867693013686169e-03,3.141005758593336250e-03,9.464780621058972374e-03,1.281421070967758355e-02,1.139970864287858515e-02,3.322006621328242940e-03,1.839247753805608662e-02,8.202887122855320387e-03,1.615128608261315324e-02,1.005035241768785850e-02,1.808517914342281860e-02,4.936488792161637662e-03,8.247951334351768388e-03,5.587784731497747077e-03,2.411352253307277350e-03,8.209823044114796659e-03,8.139477800235155047e-03,8.682394393888383244e-03,6.167827527617708930e-03,1.948704101442313638e-02,2.300929955798233437e-02,4.520683933779769820e-03,1.735761505875487234e-02,5.361272844804881865e-02,1.927153892577420508e-02,2.794434020440066113e-02,1.801645323305078525e-02,3.541536833337647662e-03,1.280428807355994680e-02
4.403419622056576818e-03,0.000000000000000000e+00,1.315600153468740596e-02,7.863661690648778707e-03,2.058899669001203192e-02,3.800877539551735657e-02,3.257443550894725814e-02,5.844347289337500743e-03,4.090666289284021484e-02,2.245158414021915239e-02,3.038630941609951619e-02,2.525561340540579888e-02,5.513848038926473516e-02,1.158562714413815045e-02,1.898913796012428878e-02,7.751311821321235293e-03,1.104973197987321396e-02,2.037527435302093418e-02,1.604547398369945629e-02,2.820362777744788579e-02,1.635481997298152135e-02,4.964251354511819980e-02,5.358787121108521401e-02,2.158945612546716783e-02,4.847124702953248265e-02,1.092923106005149192e-01,5.203149625757000352e-02,7.990366713305198376e-02,5.627747841062434586e-02,4.730242414886520058e-03,3.210754944705238728e-02,1.350941939267679380e-02,1.064914073480745411e-02,1.502434718358016535e-02,9.253948198814667542e-03,1.511235739558462396e-02,5.507828678658125560e-03,2.921260351072277328e-03,1.374745545073059218e-02,1.037468501162559613e-02,1.604160496669151600e-02,6.001467597352240502e-03,1.179964309435420008e-02,4.429526262150721740e-03,3.144571986974363000e-03,1.535211264004658280e-03,1.762731773513408901e-02,2.369594056280394795e-02,9.483895397412213379e-03,2.718919303703420942e-02,3.578639206266689965e-02,3.603739611445184315e-02,9.712485205313325237e-03,5.051784335572730156e-02,2.582853510368228467e-02,4.717908246827577645e-02,2.949366336142100059e-02,5.415404794591988091e-02,1.579442163196295365e-02,2.178476093064081118e-02,1.527890207296885711e-02,7.832176833598134685e-03,2.158385545319456769e-02,2.484436021954432305e-02,2.582471449179236239e-02,1.778946111763284391e-02,5.427958011733259591e-02,6.275102288369799330e-02,1.350406705256627232e-02,4.805218179032965525e-02,1.464425459440125699e-01,5.560356656115986174e-02,7.831937187315829441e-02,5.129664235526615323e-02,9.595561343800389914e-03,3.759365541438959568e-02
4.326464076361381979e-03,1.315600153468740596e-02,0.000000000000000000e+00,7.222989193772101635e-03,1.913381444884911312e-02,3.475386276843991235e-02,2.980064361129893674e-02,5.259860533838917399e-03,3.757079916873938552e-02,1.995675596139164301e-02,2.753450388043465064e-02,2.271963901186012033e-02,4.969408478183464511e-02,1.061750557919336792e-02,1.641456320679673259e-02,6.970919445542645212e-03,9.687341805687092050e-03,1.771608099047998486e-02,1.494073066955625001e-02,2.534686253191979072e-02,1.459025878767385154e-02,4.365321389473822422e-02,4.804835945852971302e-02,1.933325507573256316e-02,4.287722938061109407e-02,9.702703702080818504e-02,4.688492184098890653e-02,7.072551592446518764e-02,4.994687768379981602e-02,4.800151511445742425e-03,2.826612745464508747e-02,1.176553975022895035e-02,9.404846671227633931e-03,1.379381464106157335e-02,8.507890679020913005e-03,1.376539087037520481e-02,5.007318237659169440e-03,2.508457004275315740e-03,1.180784945465732962e-02,9.057008914143700046e-03,1.463826241308967963e-02,5.969467835976412229e-03,1.056106825019306576e-02,4.042686522919339102e-03,2.769545779792972375e-03,1.900544269304480297e-03,1.571008021591869391e-02,2.161238967747716386e-02,8.672087159633948619e-03,2.479655751701387301e-02,3.224703357937366843e-02,3.250547966892808338e-02,8.605086314691680338e-03,4.573727229077974993e-02,2.292022075119763344e-02,4.186294313861121247e-02,2.629285888523818018e-02,4.850829663564062977e-02,1.418612113496525023e-02,1.931308801959505037e-02,1.334677856360481224e-02,7.025268634953913544e-03,1.874401313807229352e-02,2.237367446158770520e-02,2.363833400475522095e-02,1.591634653074640998e-02,4.771534017838768849e-02,5.597669403772796703e-02,1.248051157978354725e-02,4.198906721968026501e-02,1.280774560872517676e-01,4.934223947303452429e-02,6.922250806647382848e-02,4.496109300107688223e-02,8.708828732887906668e-03,3.424783581130875360e-02
2.289960556632423920e-03,7.863661690648778707e-03,7.222989193772101635e-03,0.000000000000000000e+00,1.094618235262540332e-02,2.020152523568114269e-02,1.757982126940445949e-02,2.968579168944363109e-03,2.199181679570443720e-02,1.174663979800430642e-02,1.604205537480734092e-02,1.326687214498057515e-02,2.943118570538150874e-02,6.025051929174898499e-03,9.425320413238590100e-03,3.829612959660139149e-03,5.767506904528506284e-03,1.037987682345071355e-02,8.620640725924598805e-03,1.443864374135160264e-02,8.426266028717831896e-03,2.451519549993633890e-02,2.755225066766201977e-02,1.119793409489160813e-02,2.500821378143065765e-02,5.562329511132642346e-02,2.712307840626444755e-02,4.157765055159174522e-02,2.875357733382130632e-02,2.565237103815112482e-03,1.603650445318258178e-02,6.731326636212302608e-03,5.345798754929094627e-03,7.920533656130991987e-03,4.879512671433270873e-03,7.970796635330455390e-03,2.780760196976047195e-03,1.302692574616641421e-03,6.979546222840457559e-03,5.248104087193221357e-03,8.574583908904122309e-03,3.474763724759996446e-03,6.225882639422535177e-03,2.441713003685745589e-03,1.561310498101650419e-03,9.732182979961959482e-04,9.340084561325436019e-03,1.330468195112016055e-02,5.155046802549835550e-03,1.456247516863978624e-02,1.863632503141828337e-02,1.939414049826332365e-02,5.054305788767042389e-03,2.661981031595137340e-02,1.378460625750409230e-02,2.463336377903618812e-02,1.563747451265676963e-02,2.867049565929526839e-02,8.268189200644239512e-03,1.111275806887815701e-02,7.837952306546313100e-03,4.229936580915504181e-03,1.088924830842933483e-02,1.317437470595214134e-02,1.386489802313118150e-02,9.152784506907195652e-03,2.740517021670146186e-02,3.249374291799600467e-02,7.150426469105578692e-03,2.476609364515354461e-02,7.463562258607246702e-02,2.851000827629471962e-02,4.103282323258185954e-02,2.594897931354724074e-02,5.025809428628453916e-03,1.989640631418966230e-02
6.366283302835014368e-03,2.058899669001203192e-02,1.913381444884911312e-02,1.094618235262540332e-02,0.000000000000000000e+00,5.500915115421904644e-02,4.652500899271445889e-02,8.631274728898224308e-03,5.957835560022468890e-02,3.249712177667309077e-02,4.415281261391070661e-02,3.611217123232485227e-02,7.843362346741351854e-02,1.646091912244887837e-02,2.819515939494915760e-02,1.093139571447060074e-02,1.601293293373081891e-02,2.925300700685128097e-02,2.387117035226641454e-02,3.903883593796901585e-02,2.367746899176465664e-02,7.043811933397252367e-02,7.804218101260487761e-02,3.106253379059782660e-02,6.953389998341923117e-02,1.561873004398692255e-01,7.394216678208662130e-02,1.142413080617192267e-01,8.142301108368585338e-02,6.944324802963267040e-03,4.634467229325022614e-02,1.965319007216559735e-02,1.546006203217180353e-02,2.113758491276921878e-02,1.291655878364102866e-02,2.112987001753403177e-02,7.864968329225405577e-03,4.237024842552568338e-03,2.051498087735577694e-02,1.501957383740927521e-02,2.292048927971611708e-02,8.626870281269148621e-03,1.663637033779343660e-02,6.365524533124588755e-03,4.721452200022148264e-03,2.734397008545941254e-03,2.545202839578865339e-02,3.406232818628956299e-02,1.368897020511542981e-02,3.987421962993988739e-02,5.220964040338499368e-02,5.125620410106811187e-02,1.391966774897483716e-02,7.342021808825317797e-02,3.744640041873849301e-02,6.809616235236329307e-02,4.277462098992788897e-02,7.781466930893292389e-02,2.226834520807626644e-02,3.113319748463166947e-02,2.217925862872018039e-02,1.112109229058513490e-02,3.139193073525461258e-02,3.531601813125299916e-02,3.742500499791406171e-02,2.559451199746871908e-02,7.780384243270339895e-02,9.108378656569882104e-02,1.986134881807609387e-02,6.904174496097467695e-02,2.085639330270308844e-01,7.817338671368553871e-02,1.139129768712893731e-01,7.356008188688609173e-02,1.426513994697271512e-02,5.349139321604010067e-02
1.326308532118807698e-02,3.800877539551735657e-02,3.475386276843991235e-02,2.020152523568114269e-02,5.500915115421904644e-02,0.000000000000000000e+00,8.629664481579102375e-02,1.546640499395045970e-02,1.070357555919485837e-01,5.734835619641973081e-02,7.727979238461903100e-02,6.325725914394261795e-02,1.415788291079531913e-01,3.090374879753808590e-02,4.595480799212298822e-02,2.083681031721278804e-02,2.735364357823646259e-02,5.102658745345734631e-02,4.279356187041381820e-02,7.369082069309965122e-02,4.183577061940320363e-02,1.264609244524852183e-01,1.363849730092356327e-01,5.446617528322127144e-02,1.217620741340684765e-01,2.727084125824618122e-01,1.345033857500172181e-01,2.013975875947992267e-01,1.414868586751813762e-01,1.480416221737515525e-02,8.194633854185663646e-02,3.371320713588590173e-02,2.635711668129841340e-02,3.918386142410276024e-02,2.434203116243864595e-02,3.956158033373124300e-02,1.444405291786101872e-02,7.678067854582748542e-03,3.380490287578935549e-02,2.601521812827083113e-02,4.063993439452887740e-02,1.706071812321566933e-02,3.038070118060676866e-02,1.144545442139615135e-02,7.696432665109535602e-03,7.405785842070442687e-03,4.520393952019854250e-02,6.129455382104895267e-02,2.419197184929656672e-02,6.946040681402075589e-02,9.257989514360098759e-02,9.364874440789863752e-02,2.479296905920847297e-02,1.288488177757523834e-01,6.449998150963742738e-02,1.154291155690518877e-01,7.345598739968869917e-02,1.376152011342714199e-01,4.125621160880926092e-02,5.329977167311489988e-02,3.818176199782759295e-02,2.046601312595128577e-02,5.273637956884438122e-02,6.271662716982337460e-02,6.900587204848672440e-02,4.523924973253291154e-02,1.370197995646634803e-01,1.591737338214764264e-01,3.596482647124988469e-02,1.190188231171220024e-01,3.577076184685784588e-01,1.417342651733466408e-01,1.960637084610243053e-01,1.286729957665223301e-01,2.525190431593060322e-02,9.710836068767496332e-02
1.002661658522530433e-02,3.257443550894725814e-02,2.980064361129893674e-02,1.757982126940445949e-02,4.652500899271445889e-02,8.629664481579102375e-02,0.000000000000000000e+00,1.336971834220359104e-02,9.443476871326078603e-02,5.019449652868354650e-02,6.856441549459842133e-02,5.626731711007988690e-02,1.243447347870321185e-01,2.565344656349643343e-02,4.290144805550133444e-02,1.746217977104385158e-02,2.451626143264496252e-02,4.507048024761550753e-02,3.689386207330173917e-02,6.095110643973558617e-02,3.706995190210817664e-02,1.079814399532220692e-01,1.201711133926484654e-01,4.804430373923768843e-02,1.078524460352501269e-01,2.423650463009983658e-01,1.147702660054960855e-01,1.789295418609488098e-01,1.256906282988742296e-01,1.058584533904264463e-02,7.059303218640092248e-02,3.049185311295213308e-02,2.396772405180115986e-02,3.369094126078259893e-02,2.039829069738748751e-02,3.362032639444419851e-02,1.234744748291358510e-02,6.550854473820345858e-03,3.165132465121386907e-02,2.325932557116843977e-02,3.554308919632319375e-02,1.398590387396018292e-02,2.630974599236701045e-02,1.011450020569043713e-02,7.119609108202928222e-03,4.350586048089855051e-03,4.005680019158065763e-02,5.375564073081702532e-02,2.178773136260507906e-02,6.221982652270456604e-02,8.091749757868928195e-02,8.181651580832835502e-02,2.173240229085260031e-02,1.146431213336767119e-01,5.906169742921689447e-02,1.051554735212004155e-01,6.684778178237765767e-02,1.220919257166410976e-01,3.515676233669668554e-02,4.782360548644441767e-02,3.410484779955216122e-02,1.773322102186493041e-02,4.792438300235846160e-02,5.450986394591851580e-02,5.876581194702086564e-02,3.973407688783743563e-02,1.203263743912433015e-01,1.412760907593722248e-01,3.067146679964614930e-02,1.068098058113634008e-01,3.214894217162400647e-01,1.217352148052993632e-01,1.770723353687460588e-01,1.133136498646557522e-01,2.149007083507014845e-02,8.338459615418712667e-02
2.183750527582575644e-03,5.844347289337500743e-03,5.259860533838917399e-03,2.968579168944363109e-03,8.631274728898224308e-03,1.546640499395045970e-02,1.336971834220359104e-02,0.000000000000000000e+00,1.688285424349545566e-02,9.019664208610054731e-03,1.253611574190726698e-02,9.764917084407704478e-03,2.196362995207981617e-02,4.757523562501991647e-03,8.169490124063830128e-03,3.523655348210350848e-03,4.293143843588594945e-03,8.246742611260375264e-03,6.806901708239899637e-03,1.161687993416732172e-02,6.826580452271886236e-03,2.136193395833619127e-02,2.232863296643184531e-02,8.433935506801024801e-03,1.915827639441753175e-02,4.434923628002062496e-02,2.105498310360183131e-02,3.202187626163940232e-02,2.332780402784883494e-02,2.572963004970283893e-03,1.380458483448253511e-02,5.580949287175876808e-03,4.418625867984957156e-03,6.199597357146117635e-03,3.695791079160788521e-03,5.705643208383609673e-03,2.198075490336429301e-03,1.437016488123233401e-03,5.670134749222717138e-03,4.249913865895551569e-03,6.215679929650645523e-03,2.646390192765663008e-03,4.754173386228595539e-03,1.688975316174721932e-03,1.377625971057242372e-03,1.205685236238876294e-03,7.021241979723947049e-03,9.124525154084749817e-03,3.723732755578773590e-03,1.096629424275089200e-02,1.491704102549869758e-02,1.459788771320322948e-02,3.963077464502385953e-03,2.025168339846897259e-02,1.029747475417316233e-02,1.864003753440158020e-02,1.154218916810741818e-02,2.189953882452855966e-02,6.371266459165197613e-03,8.966246824190789166e-03,6.190535015096585054e-03,3.248755942103597697e-03,8.921921743952499623e-03,9.697488507101212352e-03,1.098229874687768441e-02,7.604654349036702940e-03,2.252551422258393041e-02,2.587671723061817780e-02,5.391171086004121517e-03,1.924460007230723371e-02,5.813174804566924314e-02,2.231027593193830871e-02,3.175888493463906864e-02,2.072169431072191578e-02,4.085632490599265705e-03,1.525618506452390902e-02
1.392246792851117507e-02,4.090666289284021484e-02,3.757079916873938552e-02,2.199181679570443720e-02,5.957835560022468890e-02,1.070357555919485837e-01,9.443476871326078603e-02,1.688285424349545566e-02,0.000000000000000000e+00,6.257577020755640540e-02,8.489221229178840755e-02,6.846416981203037877e-02,1.551807362291435510e-01,3.362072241197251732e-02,5.310209372004018324e-02,2.294400723522966451e-02,3.015662550151784749e-02,5.638922294003319291e-02,4.669310492908711890e-02,8.054000756301872566e-02,4.623918791571043907e-02,1.395887270760911292e-01,1.522845092313311055e-01,5.948978142665688196e-02,1.342976860617591250e-01,3.021223477851406880e-01,1.486186285275970798e-01,2.241266290391227267e-01,1.574588949049984254e-01,1.546286925267976314e-02,9.034528006949417434e-02,3.753472202256446372e-02,3.014812327914535850e-02,4.286328178804969108e-02,2.624379685408797375e-02,4.310278747712369130e-02,1.566844157183921657e-02,8.611736586298247842e-03,3.772684070232906750e-02,2.898446382615917083e-02,4.439827153682299188e-02,1.821282667255004484e-02,3.321293403362764879e-02,1.236469486466513362e-02,8.848859795947985191e-03,6.591012918914361529e-03,5.022092188550383862e-02,6.705052196140637299e-02,2.675173557808385727e-02,7.665385466559077043e-02,1.017396104045749511e-01,1.028148072483373587e-01,2.754688011541255033e-02,1.438697543266628243e-01,7.185168602692720841e-02,1.284917859030655918e-01,8.180109604378542343e-02,1.527452860600202467e-01,4.441369022722045645e-02,6.019217009494529091e-02,4.243206408645187194e-02,2.228089421288300884e-02,5.973556661284370323e-02,6.893583349296679430e-02,7.545588382134774119e-02,4.990999440121943881e-02,1.523420854397602997e-01,1.779719085096874709e-01,3.846424316810797411e-02,1.329394180455271690e-01,3.970480734757506069e-01,1.556367511751604038e-01,2.196753461997857371e-01,1.427718416063124829e-01,2.824605719316176933e-02,1.059110499745717915e-01
7.345818810936034088e-03,2.245158414021915239e-02,1.995675596139164301e-02,1.174663979800430642e-02,3.249712177667309077e-02,5.734835619641973081e-02,5.019449652868354650e-02,9.019664208610054731e-03,6.257577020755640540e-02,0.000000000000000000e+00,4.686843430060824017e-02,3.799401854615080260e-02,8.376308648555222391e-02,1.791081775046634780e-02,2.831317556955375084e-02,1.207701441528343314e-02,1.674896070970233186e-02,3.072033227163404462e-02,2.512835164924986237e-02,4.293354625493814997e-02,2.487725973166217061e-02,7.520519362534577867e-02,8.028749081630731643e-02,3.250759143862180789e-02,7.403602976712538031e-02,1.636527583233351180e-01,7.770487452562106767e-02,1.214801184369282694e-01,8.451274118979558436e-02,7.967541388675461467e-03,4.931904579165063279e-02,1.996733499207023824e-02,1.619615126560413482e-02,2.305093024934283183e-02,1.416253233887899282e-02,2.349080563306376462e-02,8.507735243639990771e-03,4.353274280207525444e-03,2.036898941174034722e-02,1.575301419020627355e-02,2.388993928976427747e-02,9.253615532733341573e-03,1.828631488730396784e-02,6.812571747433247143e-03,4.740075450358548041e-03,3.211987364778227938e-03,2.701603775201236179e-02,3.545295848138374506e-02,1.470814597148311503e-02,4.197906959906706065e-02,5.369713568762339573e-02,5.493499133975392190e-02,1.461358954168143556e-02,7.579889000468537086e-02,3.966055320920332944e-02,7.141768540424882350e-02,4.465083724482642180e-02,8.120849217658474006e-02,2.417953984169694814e-02,3.210742382443751430e-02,2.340065414331507151e-02,1.206718198513432108e-02,3.247703068786924469e-02,3.712717019680519120e-02,3.953533281181892400e-02,2.722595193375024897e-02,8.158292155063620599e-02,9.529158159542402973e-02,2.094377257123111735e-02,7.270916879961633605e-02,2.177049647656616738e-01,8.204643433452475654e-02,1.191534519177092355e-01,7.654842256995247896e-02,1.528581303203432537e-02,5.662888336213303675e-02
1.014905714794894429e-02,3.038630941609951619e-02,2.753450388043465064e-02,1.604205537480734092e-02,4.415281261391070661e-02,7.727979238461903100e-02,6.856441549459842133e-02,1.253611574190726698e-02,8.489221229178840755e-02,4.686843430060824017e-02,0.000000000000000000e+00,5.088467812916243338e-02,1.125736037002669776e-01,2.431441372097727094e-02,3.817894124932178640e-02,1.638820192047841379e-02,2.247487131883883424e-02,4.112166653161854202e-02,3.426733286834351272e-02,5.850479544643938379e-02,3.385832494746430360e-02,1.015336382988427100e-01,1.094673375434042223e-01,4.361008696580331162e-02,9.826240586877661720e-02,2.178235703885394170e-01,1.063669741623698151e-01,1.625632273942117789e-01,1.147658705448587058e-01,1.154175051909015967e-02,6.635554365496361406e-02,2.699374101393985440e-02,2.123381442144356077e-02,3.081193666782156698e-02,1.885248065915089144e-02,3.093255190049373077e-02,1.139793581454950390e-02,5.947166666629451551e-03,2.707231405680303807e-02,2.088928936574605683e-02,3.252821572306286574e-02,1.319748291501230200e-02,2.436167363563144367e-02,9.277706287888076372e-03,6.348636915051929577e-03,4.759948376964192457e-03,3.656864195876899370e-02,4.837428441644382043e-02,1.957704026868684402e-02,5.631182407945070634e-02,7.382373060779451324e-02,7.528375666693287727e-02,2.022707290801472463e-02,1.026500251047351014e-01,5.310005599717543268e-02,9.546513379540390309e-02,6.009942682750792076e-02,1.112010642049830744e-01,3.263781185714297040e-02,4.340521075860401951e-02,3.147848287771463222e-02,1.629344949174958007e-02,4.327362290853530025e-02,5.037693511218565429e-02,5.550059251747811728e-02,3.708346675457111635e-02,1.103649866461679230e-01,1.291026544633596396e-01,2.835088599546674998e-02,9.733382001930283856e-02,2.893769481475769734e-01,1.130418662866630175e-01,1.610930294890213499e-01,1.037229472876283753e-01,2.085422339162305502e-02,7.687776499282410192e-02
8.721315874576866106e-03,2.525561340540579888e-02,2.271963901186012033e-02,1.326687214498057515e-02,3.611217123232485227e-02,6.325725914394261795e-02,5.626731711007988690e-02,9.764917084407704478e-03,6.846416981203037877e-02,3.799401854615080260e-02,5.088467812916243338e-02,0.000000000000000000e+00,9.205359002258994838e-02,1.983857089291709425e-02,2.902827925855449090e-02,1.387706599406458505e-02,1.797263005137214945e-02,3.270458028361208219e-02,2.782981707734079324e-02,4.779527856984513295e-02,2.684642505466252466e-02,8.065099011014008334e-02,8.623306258389742962e-02,3.520341822333002829e-02,7.817117132186580941e-02,1.746100792087061093e-01,8.545672496721086475e-02,1.301132035997304426e-01,9.086758310796178018e-02,1.012431852851833174e-02,5.272417542639522281e-02,2.135489588942215619e-02,1.654590619919800096e-02,2.551990620642816468e-02,1.558104728224905464e-02,2.572543849020535178e-02,9.207818523261876095e-03,4.605269778281993916e-03,2.133623565934392174e-02,1.649260745899126801e-02,2.627667920879199481e-02,1.129224166168152875e-02,1.994165063629456391e-02,7.598050465356274638e-03,4.769175885946225733e-03,4.770921627567646303e-03,2.931854935958305014e-02,3.972682622029197197e-02,1.580749956860430863e-02,4.478036440392013651e-02,5.804580897880939894e-02,6.061970146950075577e-02,1.562156567915665845e-02,8.155914411087884786e-02,4.298603996431848984e-02,7.592097133402998799e-02,4.807720579940846090e-02,8.940138117646963256e-02,2.681921654273562716e-02,3.402131515432166992e-02,2.472865822261861857e-02,1.338726654967849206e-02,3.364300826691267454e-02,4.074256149810860650e-02,4.427800602330522056e-02,2.925638965827263155e-02,8.690292831170561005e-02,1.018463857529060407e-01,2.316351697158257686e-02,7.675731379872947902e-02,2.303341968438762377e-01,8.933349493045633638e-02,1.274655751615789978e-01,8.147150698120098067e-02,1.644895197524849639e-02,6.249370269462238558e-02
1.778577824466972754e-02,5.513848038926473516e-02,4.969408478183464511e-02,2.943118570538150874e-02,7.843362346741351854e-02,1.415788291079531913e-01,1.243447347870321185e-01,2.196362995207981617e-02,1.551807362291435510e-01,8.376308648555222391e-02,1.125736037002669776e-01,9.205359002258994838e-02,0.000000000000000000e+00,4.376439777205173159e-02,6.802559536171375043e-02,2.964065347340184148e-02,4.035234466207023030e-02,7.420570518521847625e-02,6.102546134927927524e-02,1.043279883858722890e-01,6.137170123104757069e-02,1.809809413428634106e-01,1.966131759805225254e-01,7.853763448897109478e-02,1.772236813832145930e-01,3.952726747327601764e-01,1.924237411238351736e-01,2.946040020938373027e-01,2.055734383360884876e-01,1.946489540993174422e-02,1.170418197552740847e-01,4.954318724765341408e-02,3.889850678384975530e-02,5.607711557271749525e-02,3.445865508394192755e-02,5.736584552913878698e-02,2.059356620663494938e-02,1.062200152314677487e-02,5.071927685133118674e-02,3.799755076679766502e-02,5.906528878157932261e-02,2.416570001979437970e-02,4.435119795335492471e-02,1.689162193141464235e-02,1.147300186643068591e-02,8.518498933530370409e-03,6.588435496192195095e-02,8.903046961547878002e-02,3.597056020436365659e-02,1.013464273728793275e-01,1.326453415755398657e-01,1.349052382166457675e-01,3.586633811510542974e-02,1.868538116432231777e-01,9.669672558217529135e-02,1.716122234141312375e-01,1.089164435954212418e-01,2.007528195070173438e-01,5.907075291631684599e-02,7.894097114983024410e-02,5.565777498267691914e-02,2.962238418518908789e-02,7.766351215954207798e-02,9.020308720019952486e-02,9.850022180380174630e-02,6.620954750893048857e-02,1.989633928556779341e-01,2.318178385711783807e-01,5.111409305119211932e-02,1.752663515164373242e-01,5.251756276662031819e-01,2.036793670824731950e-01,2.885553760355845654e-01,1.851429802352215492e-01,3.606011139084153855e-02,1.392521089921566202e-01
3.677878611989296789e-03,1.158562714413815045e-02,1.061750557919336792e-02,6.025051929174898499e-03,1.646091912244887837e-02,3.090374879753808590e-02,2.565344656349643343e-02,4.757523562501991647e-03,3.362072241197251732e-02,1.791081775046634780e-02,2.431441372097727094e-02,1.983857089291709425e-02,4.376439777205173159e-02,0.000000000000000000e+00,1.555569450639068645e-02,6.179381262614420944e-03,8.845269897692412814e-03,1.594753085445514348e-02,1.315947714508445415e-02,2.194854234293303064e-02,1.296762453124190168e-02,4.011142969691313537e-02,4.348304447811151413e-02,1.698063838000726800e-02,3.844296920033582476e-02,8.645472659084287026e-02,4.226430221879594329e-02,6.397788401727577678e-02,4.543994788388317635e-02,4.099553322810690209e-03,2.586735717783047311e-02,1.081473522177840881e-02,8.665374869849629819e-03,1.157729019261116016e-02,7.216549527616350837e-03,1.181836902889666849e-02,4.350724991505144738e-03,2.328844829608927615e-03,1.115914966009985340e-02,8.263715680615872292e-03,1.259982433045352124e-02,4.684404423622213348e-03,9.388780370024598851e-03,3.527992127509110669e-03,2.540993041112048732e-03,1.555276818212110446e-03,1.432566319728845877e-02,1.897231203977474412e-02,7.463247263777398471e-03,2.179090605070797132e-02,2.918650923478351839e-02,2.842218158661032057e-02,7.589594801263028004e-03,4.170612101346490852e-02,2.042665465216381843e-02,3.707733201162450448e-02,2.339933201066170601e-02,4.276863413649120010e-02,1.233022858295055452e-02,1.749281215164360040e-02,1.248674215925372338e-02,6.322738125703391762e-03,1.769546971575150507e-02,1.969606957371033626e-02,2.080296004839249716e-02,1.372155604637325180e-02,4.362967546198092544e-02,5.038473728394187584e-02,1.079079796790452690e-02,3.843141047253640502e-02,1.152918804152167354e-01,4.413692984916167683e-02,6.292838726592436815e-02,4.107585873757092776e-02,8.063353810477166816e-03,3.021850245096660559e-02
7.759157199457359516e-03,1.898913796012428878e-02,1.641456320679673259e-02,9.425320413238590100e-03,2.819515939494915760e-02,4.595480799212298822e-02,4.290144805550133444e-02,8.169490124063830128e-03,5.310209372004018324e-02,2.831317556955375084e-02,3.817894124932178640e-02,2.902827925855449090e-02,6.802559536171375043e-02,1.555569450639068645e-02,0.000000000000000000e+00,1.125361160347719026e-02,1.275387579933440554e-02,2.431985822763482394e-02,2.137088411104839242e-02,3.681093519112053208e-02,2.083361412427704382e-02,6.386313588139513886e-02,6.630850496253171134e-02,2.567206980794033144e-02,5.783221564388212055e-02,1.298874833575318355e-01,6.566405196897190377e-02,9.678253052193147576e-02,6.794737632482272804e-02,8.800743273910192899e-03,4.186853833394367508e-02,1.704442220673512559e-02,1.270533404962159718e-02,1.915819110031591332e-02,1.154182881716241289e-02,1.895440254492958276e-02,7.112616239828400619e-03,4.307189573549175497e-03,1.726849233723147525e-02,1.249517498380079555e-02,1.860025886279059043e-02,8.930304193004974869e-03,1.466875234972110469e-02,5.344444587074895052e-03,3.884944219700076258e-03,4.681004090701223336e-03,2.234609849057835398e-02,2.851145216685275000e-02,1.162830532079004234e-02,3.361227325182226944e-02,4.455061918360191109e-02,4.666998825375043292e-02,1.280955814295912411e-02,6.133743406182035757e-02,3.186400475427559470e-02,5.543471985476660507e-02,3.509779579432534963e-02,6.727122034177711318e-02,2.022527219582036934e-02,2.535758452138749466e-02,1.866707538078563045e-02,1.018583740570117718e-02,2.493719041441393169e-02,2.926155878672193414e-02,3.423869436331382354e-02,2.295264492542126514e-02,6.740061259976012908e-02,7.740992781790807797e-02,1.700791929444298370e-02,5.735996048514886009e-02,1.686608546882874538e-01,6.834658872909497862e-02,9.468100825476204185e-02,6.220200730742687922e-02,1.258519319104488277e-02,4.631363772515917354e-02
2.352912123488311996e-03,7.751311821321235293e-03,6.970919445542645212e-03,3.829612959660139149e-03,1.093139571447060074e-02,2.083681031721278804e-02,1.746217977104385158e-02,3.523655348210350848e-03,2.294400723522966451e-02,1.207701441528343314e-02,1.638820192047841379e-02,1.387706599406458505e-02,2.964065347340184148e-02,6.179381262614420944e-03,1.125361160347719026e-02,0.000000000000000000e+00,6.219619599718426844e-03,1.120901046022797047e-02,8.663563300085667246e-03,1.503679998726675446e-02,9.116903387623602473e-03,2.838147917060473979e-02,3.089547581745394345e-02,1.194843633990368484e-02,2.672514095521248689e-02,6.187339432004466955e-02,2.864309683623898067e-02,4.438866897655126958e-02,3.136583582436658357e-02,2.421511665068151048e-03,1.785539780153065637e-02,7.917371757498778417e-03,6.382552533035098369e-03,8.161591506948588301e-03,4.954973491874655259e-03,7.935285595632493236e-03,2.992250265750245712e-03,1.884880589944538769e-03,8.125151587252705393e-03,6.047734789778611356e-03,8.903055405177138365e-03,3.086840361114351512e-03,6.289092894253450403e-03,2.294245910332141578e-03,1.999549738144213492e-03,1.023993333855327884e-03,9.548089485109332100e-03,1.244020515910185254e-02,4.903110136511442362e-03,1.487406136772119469e-02,2.023980933754582212e-02,1.938841926357469034e-02,5.399324056668122936e-03,2.896821565271198717e-02,1.390182277081431980e-02,2.569673327073727920e-02,1.599176437644149462e-02,2.950804800803705219e-02,8.169477448893279828e-03,1.224540056995727932e-02,8.559891822835168085e-03,4.195099526980112202e-03,1.249709762242575892e-02,1.323397418157314445e-02,1.394140298558898400e-02,9.745688850556611868e-03,3.100248154176431931e-02,3.566213895719617943e-02,7.529898229936014820e-03,2.687389805570472578e-02,8.206849981011385409e-02,3.044534849024174011e-02,4.360613958988632244e-02,2.870483944781620361e-02,5.327703775364033001e-03,2.087153136802007147e-02
3.879966494905278535e-03,1.104973197987321396e-02,9.687341805687092050e-03,5.767506904528506284e-03,1.601293293373081891e-02,2.735364357823646259e-02,2.451626143264496252e-02,4.293143843588594945e-03,3.015662550151784749e-02,1.674896070970233186e-02,2.247487131883883424e-02,1.797263005137214945e-02,4.035234466207023030e-02,8.845269897692412814e-03,1.275387579933440554e-02,6.219619599718426844e-03,0.000000000000000000e+00,1.437457714788494163e-02,1.231578496109402530e-02,2.140475568348558857e-02,1.179554354254109920e-02,3.614452769229797857e-02,3.774293160683087761e-02,1.512002828425074510e-02,3.486353952718460741e-02,7.608867348277782716e-02,3.800053027006691092e-02,5.784164936444928518e-02,4.023080558837504456e-02,4.351471681736870066e-03,2.331409799728007340e-02,9.572831774040857847e-03,7.539814069159773112e-03,1.114347491275651837e-02,6.887160914833052872e-03,1.139840339863070276e-02,4.136957569339408218e-03,2.177549274536230099e-03,9.695390746900558673e-03,7.396270306780828967e-03,1.148065614927187318e-02,4.794644607380551052e-03,9.070810688995579671e-03,3.351925113890861108e-03,2.181659639396132250e-03,2.009301412497048467e-03,1.299028895519220572e-02,1.703820508780404600e-02,6.927405279053116746e-03,1.984829368546623535e-02,2.542948852110910041e-02,2.685495859123172846e-02,6.892539108029999487e-03,3.575472341481663457e-02,1.916147726457467435e-02,3.352805241640828549e-02,2.127676350554423210e-02,3.945970998085860520e-02,1.189611622667541280e-02,1.482906732184609104e-02,1.110315900563269183e-02,5.872270439496966345e-03,1.485442368414204538e-02,1.789805642715383213e-02,1.972573586526149558e-02,1.280590433052189447e-02,3.885067011392086961e-02,4.474742266475649488e-02,1.009123442308948460e-02,3.390998114123262852e-02,1.009246691318988337e-01,3.976709218155682901e-02,5.643908785855068083e-02,3.642273029574899512e-02,7.403188595105329381e-03,2.745771009294195597e-02
7.143265356122618578e-03,2.037527435302093418e-02,1.771608099047998486e-02,1.037987682345071355e-02,2.925300700685128097e-02,5.102658745345734631e-02,4.507048024761550753e-02,8.246742611260375264e-03,5.638922294003319291e-02,3.072033227163404462e-02,4.112166653161854202e-02,3.270458028361208219e-02,7.420570518521847625e-02,1.594753085445514348e-02,2.431985822763482394e-02,1.120901046022797047e-02,1.437457714788494163e-02,0.000000000000000000e+00,2.234586240747198430e-02,3.897880456483311662e-02,2.226728484427521054e-02,6.762575744748608453e-02,7.110775598058940994e-02,2.805294641061993610e-02,6.402858871463397439e-02,1.422674754893912819e-01,7.012647042002397024e-02,1.060325956948056370e-01,7.439770530097485068e-02,8.062051358200233997e-03,4.336621641672327304e-02,1.800788482354174352e-02,1.403296534877145930e-02,2.021511380701999233e-02,1.246809627879804684e-02,2.038868042154198118e-02,7.587052766938062048e-03,4.088678856866444222e-03,1.814187581349736844e-02,1.367099560182144513e-02,2.082111523128389943e-02,8.777702123217047750e-03,1.609299784399286642e-02,5.983834088391992885e-03,4.179742272315541823e-03,3.686459459737022326e-03,2.402375830305310961e-02,3.158034429312791408e-02,1.258030667164340005e-02,3.659758141037874890e-02,4.829027171232341126e-02,4.923689715156658736e-02,1.316236209968293588e-02,6.686872042283834028e-02,3.445415316950998369e-02,6.104560112420441553e-02,3.843754917803762078e-02,7.236655734365847470e-02,2.162430062528999247e-02,2.791110508935914711e-02,2.042932795642301083e-02,1.079753304321595317e-02,2.763991701773081330e-02,3.241102808502274030e-02,3.601994396394612302e-02,2.425780774508171436e-02,7.246895548756288052e-02,8.321810463154946658e-02,1.824408837538164796e-02,6.297142670900449102e-02,1.872473806645472416e-01,7.352561381960251441e-02,1.030658965297217566e-01,6.733878391960158860e-02,1.332250460119754377e-02,5.048884794187802338e-02
5.389946270327851743e-03,1.604547398369945629e-02,1.494073066955625001e-02,8.620640725924598805e-03,2.387117035226641454e-02,4.279356187041381820e-02,3.689386207330173917e-02,6.806901708239899637e-03,4.669310492908711890e-02,2.512835164924986237e-02,3.426733286834351272e-02,2.782981707734079324e-02,6.102546134927927524e-02,1.315947714508445415e-02,2.137088411104839242e-02,8.663563300085667246e-03,1.231578496109402530e-02,2.234586240747198430e-02,0.000000000000000000e+00,3.172971986269274708e-02,1.835517970824294964e-02,5.558229811588674685e-02,6.061617011489267570e-02,2.379218038019634621e-02,5.354407001101139929e-02,1.208370548502539221e-01,5.864757570750536719e-02,8.867386694869582031e-02,6.351634635147609953e-02,6.044553095614873042e-03,3.626767736161457673e-02,1.499679661775361883e-02,1.186443432335984940e-02,1.679384846339163767e-02,1.037239747182044231e-02,1.652745252338320980e-02,6.191319188250237263e-03,3.411728723003354391e-03,1.500200635332873261e-02,1.143562205684645235e-02,1.782106864396314910e-02,6.955658056600349387e-03,1.304547569104722721e-02,4.935219198324306868e-03,3.592571583378543088e-03,2.195874397731462785e-03,1.972366196703386615e-02,2.645748199685353519e-02,1.051353482151710407e-02,3.050306939749729968e-02,4.114595657550866592e-02,4.042686128354192748e-02,1.082185707421319011e-02,5.760017360553645882e-02,2.837417853232317155e-02,5.254804571891208420e-02,3.285983238742923307e-02,6.077881133959685267e-02,1.730967385770246919e-02,2.419860345267417501e-02,1.676328115328089979e-02,8.792915298776723954e-03,2.398825985300788097e-02,2.785181601461037687e-02,2.983687852166626991e-02,2.010960504258424431e-02,6.054755843287677741e-02,7.110377078524271477e-02,1.557413155706845187e-02,5.336406887477772309e-02,1.600350011752225410e-01,6.236307291833649569e-02,8.764630284904412205e-02,5.738176438071149188e-02,1.140102130026978550e-02,4.178068228640949289e-02
8.774942834067982200e-03,2.820362777744788579e-02,2.534686253191979072e-02,1.443864374135160264e-02,3.903883593796901585e-02,7.369082069309965122e-02,6.095110643973558617e-02,1.161687993416732172e-02,8.054000756301872566e-02,4.293354625493814997e-02,5.850479544643938379e-02,4.779527856984513295e-02,1.043279883858722890e-01,2.194854234293303064e-02,3.681093519112053208e-02,1.503679998726675446e-02,2.140475568348558857e-02,3.897880456483311662e-02,3.172971986269274708e-02,0.000000000000000000e+00,3.160770796810996597e-02,9.765267857049644840e-02,1.049456647207203663e-01,4.087500787423824222e-02,9.305950399258304528e-02,2.121288501947498351e-01,1.023537127668042723e-01,1.535609403364922576e-01,1.078485031559623109e-01,9.393264974119117094e-03,6.205323737383666716e-02,2.520769056962347127e-02,2.032372708535294323e-02,2.835934814500946227e-02,1.775008431898396008e-02,2.814102787156978758e-02,1.030373818400804643e-02,5.249543564909600613e-03,2.533019942348081061e-02,1.940156269075636944e-02,3.052719779944938761e-02,1.119383382516533909e-02,2.221301531363444742e-02,8.043444642627019595e-03,6.005602970439184382e-03,2.907130469524461802e-03,3.438466089118794033e-02,4.548792716253262369e-02,1.751956868601831085e-02,5.128167578568031126e-02,7.003914346102096955e-02,6.778523211555959049e-02,1.909114079662445687e-02,9.741202921056844877e-02,4.866682309461665967e-02,8.928373553221272130e-02,5.478276444678938095e-02,1.021244049969703693e-01,2.960850902572917387e-02,4.183104027722424345e-02,2.891761637773264393e-02,1.520835272333578500e-02,4.190028689170300497e-02,4.780533522325486340e-02,4.960918428452712470e-02,3.391653960490038228e-02,1.052823299672171475e-01,1.219445894514944451e-01,2.538683543165820566e-02,9.262808939371669492e-02,2.806595698720842358e-01,1.084224930553306376e-01,1.484780646805289317e-01,9.843312991636157805e-02,1.913690949801139657e-02,7.240322935064237575e-02
5.962991148473668207e-03,1.635481997298152135e-02,1.459025878767385154e-02,8.426266028717831896e-03,2.367746899176465664e-02,4.183577061940320363e-02,3.706995190210817664e-02,6.826580452271886236e-03,4.623918791571043907e-02,2.487725973166217061e-02,3.385832494746430360e-02,2.684642505466252466e-02,6.137170123104757069e-02,1.296762453124190168e-02,2.083361412427704382e-02,9.116903387623602473e-03,1.179554354254109920e-02,2.226728484427521054e-02,1.835517970824294964e-02,3.160770796810996597e-02,0.000000000000000000e+00,5.564783126922053652e-02,6.020775837061577429e-02,2.379304253774259734e-02,5.272429469852538825e-02,1.197201547894162083e-01,5.772445439672149736e-02,8.742014768027417393e-02,6.103453470541664316e-02,6.308583765381325578e-03,3.620241693229333396e-02,1.488952177923676297e-02,1.155448933972398791e-02,1.670125566489349955e-02,1.030245689917642232e-02,1.654804936024020789e-02,6.152405810741261132e-03,3.431539106195680665e-03,1.518729364080775163e-02,1.134864926828664695e-02,1.705196324187585252e-02,7.503802003169792942e-03,1.291023869644224165e-02,4.857848250185987926e-03,3.440788474065289808e-03,2.930716475985089761e-03,2.010200631050239328e-02,2.621594075888183592e-02,1.074817314848608256e-02,3.026370771805940441e-02,4.027752844602816573e-02,4.042498271198500387e-02,1.117661998574796464e-02,5.520244423897663344e-02,2.864524800859660769e-02,5.100922727994683381e-02,3.218727184888296733e-02,5.993114363968295166e-02,1.780519804776759668e-02,2.374404814829061613e-02,1.692285625925694231e-02,8.920383093698580623e-03,2.335362354745823196e-02,2.641354982004904400e-02,2.969141932750404833e-02,2.019315225157959637e-02,5.967476512695284174e-02,7.020533205928819465e-02,1.520179338051580106e-02,5.278877169234895417e-02,1.569940554828819224e-01,6.086915133020083524e-02,8.630247244422901975e-02,5.601436659389097406e-02,1.094993690898637441e-02,4.142422251031384339e-02
