0.000000000000000000e+00,1.965169305507857497e-02,1.724855874805078168e-02,8.742131500552606516e-03,2.911017122508335886e-02,4.036812292741077945e-02,4.117366839029745762e-02,6.764551063075955641e-03,5.149040231188401623e-02,2.986662649603306907e-02,3.097904079692137894e-02,2.217529371992809153e-02,6.527725768636201409e-02,1.968053048361872309e-02,1.583219855834531314e-02,1.667599032953520632e-02,1.054359488792120346e-02,2.602759973450760947e-02,2.118676015723063716e-02,3.830855112967476717e-02,2.104114040909828981e-02,6.951141065912341821e-02,5.742087239974382612e-02,1.824691788757630204e-02,5.488584454838910803e-02,1.137692435344107300e-01,6.572253030030383858e-02,8.991011131117623845e-02,5.880666966376415367e-02,1.711806539821641993e-02,4.218472399090597569e-02,1.582629606754413013e-02,1.085871486468681889e-02,2.158824429418353466e-02,1.002265490105425615e-02,1.809773602077497517e-02,8.125871248289994256e-03,4.034274181882725047e-03,1.422779286130975221e-02,1.206996092310766606e-02,1.813396559912423822e-02,1.007539408806550421e-02,1.243562948175572398e-02,5.106033876044996367e-03,3.405610414291659893e-03,1.256306117844537690e-02,2.340393773362170818e-02,2.232334382516251020e-02,9.882747951998793051e-03,2.920391965458400685e-02,4.095534015803432848e-02,4.652248309925328951e-02,8.809830489540610571e-03,4.941941640993489232e-02,3.128767667053401758e-02,3.779698643280493542e-02,2.863476903708878085e-02,6.614894729476430979e-02,2.057366042616851076e-02,2.266589552116288556e-02,1.797912302087741748e-02,9.877944099805692837e-03,2.072643180290065223e-02,2.278807192843846849e-02,3.528288954831380886e-02,2.586448483788410940e-02,6.528220470060000502e-02,6.608991859620749754e-02,1.789402343553880836e-02,5.236974270537330528e-02,1.383024338266328201e-01,6.486367333992561213e-02,9.384160361538969319e-02,6.140702690315976570e-02,1.196849912979235618e-02,4.488354540609067883e-02
1.965169305507857497e-02,0.000000000000000000e+00,2.109819901034328676e-02,1.086850809580526718e-02,3.662006131159292743e-02,5.006502836266885775e-02,5.131432027276851271e-02,8.273915482660657711e-03,6.502625792897787083e-02,3.718514147270229886e-02,3.861573029102465665e-02,2.706516126132669370e-02,8.112019098992355459e-02,2.500330336453881683e-02,1.956465188791314813e-02,2.077837047630918046e-02,1.316481205447356771e-02,3.253396446507923062e-02,2.624117458412119491e-02,4.727960384158275825e-02,2.570796595920515903e-02,8.700154425598313757e-02,7.069206142002716631e-02,2.178046409142773976e-02,6.789921623424371999e-02,1.397936759987263022e-01,8.181313307825027747e-02,1.133066813458077637e-01,7.370568240358688072e-02,2.170235955920418389e-02,5.231168482476988152e-02,2.030497374293215723e-02,1.380938014274295418e-02,2.712565485051702044e-02,1.240331214439732016e-02,2.241708713455051530e-02,9.943926526317625400e-03,5.148289395162090019e-03,1.792252155216421047e-02,1.507135385815307205e-02,2.192139755075680693e-02,1.177057665074887800e-02,1.543735597838416518e-02,6.531559558034414834e-03,4.086736538172715261e-03,1.451069706371032643e-02,2.897506590323895709e-02,2.703060898914021182e-02,1.186294545686377398e-02,3.697367730861865487e-02,5.073735226229574014e-02,5.835855709200189756e-02,1.080435338374928327e-02,6.171965514120107688e-02,3.939649154876375542e-02,4.799165601922281144e-02,3.439532318544898104e-02,8.335351007146445113e-02,2.615804523360526837e-02,2.753285922654694420e-02,2.205134134201231291e-02,1.224611055203573932e-02,2.618393263027861059e-02,2.908488333622638589e-02,4.326582169689982549e-02,3.118180233913707758e-02,8.234744362230259074e-02,8.215435355242095561e-02,2.149293269197054268e-02,6.630407280760054756e-02,1.705199281436423908e-01,8.093291484563087945e-02,1.175537411584897940e-01,7.600399198057287975e-02,1.445134902102594363e-02,5.539506019434455031e-02
1.724855874805078168e-02,2.109819901034328676e-02,0.000000000000000000e+00,9.542664660646351174e-03,3.198237014448166576e-02,4.409072659018542506e-02,4.493972914258350521e-02,7.186441334471030742e-03,5.731484348465925444e-02,3.235979647710847396e-02,3.409446706344409356e-02,2.350428013219534734e-02,7.078901145616625645e-02,2.183786193280121135e-02,1.702751970202739593e-02,1.838544469823557431e-02,1.138758639980456087e-02,2.858368605803016799e-02,2.350606249795425540e-02,4.206493765467182733e-02,2.215888150781688062e-02,7.704294952520075734e-02,6.224007074404597217e-02,1.917332155385944800e-02,5.943997638811605866e-02,1.234279203494127591e-01,7.178859541811385969e-02,9.863711480483927652e-02,6.511600292681671287e-02,1.884220091199648173e-02,4.592812906672414514e-02,1.734414008014904113e-02,1.182215003840147646e-02,2.357826314010572077e-02,1.082964598690285517e-02,1.983372211923023834e-02,8.684434154688371044e-03,4.474085823701602627e-03,1.530047652785939717e-02,1.325367005996182235e-02,1.962168620199174901e-02,1.055978602630784288e-02,1.361236453880533721e-02,5.587831023254653112e-03,3.688906131956036418e-03,1.347649681574161935e-02,2.526348174499812652e-02,2.452129643474014811e-02,1.053549506705774193e-02,3.216195878729971591e-02,4.522573830554550006e-02,5.074337486873836678e-02,9.657424728212274725e-03,5.427312937871890675e-02,3.398601676402306093e-02,4.196681674840470333e-02,3.026215127157029505e-02,7.211537580446730766e-02,2.260238986868144326e-02,2.428777039870486099e-02,1.963158226005955187e-02,1.060658661471720540e-02,2.304678796580198960e-02,2.613992856268137696e-02,3.883195175770400021e-02,2.734144622537906799e-02,7.234772076313471245e-02,7.312184602082545670e-02,1.911922781556650228e-02,5.763980819749309897e-02,1.498639201920938246e-01,7.148945467341472071e-02,1.021093512072597936e-01,6.756375466579354894e-02,1.317830566128092712e-02,4.882979246704897969e-02
8.742131500552606516e-03,1.086850809580526718e-02,9.542664660646351174e-03,0.000000000000000000e+00,1.667033546283973669e-02,2.235152429828629606e-02,2.310450070900176012e-02,3.728323619123283857e-03,2.928532897341698180e-02,1.700486464082297949e-02,1.766811162004747193e-02,1.218499661682746413e-02,3.671924172399548131e-02,1.137610538120938618e-02,8.680344146305602610e-03,9.369620144835041908e-03,6.057307079156792722e-03,1.456522643960420603e-02,1.192679747663682836e-02,2.137768445058313427e-02,1.160723512089363585e-02,3.929491382562025348e-02,3.192409282582744923e-02,9.666217174294250425e-03,3.055397737591762294e-02,6.305460593288481075e-02,3.687946087545557888e-02,5.148120099802083738e-02,3.315561735131934001e-02,9.873933317106849128e-03,2.372430846005257193e-02,9.017316848473512850e-03,6.270281390048086656e-03,1.239218615811770070e-02,5.710827644730435623e-03,1.013902525877397390e-02,4.403657875785666267e-03,2.246491797375470972e-03,7.937983861957062168e-03,6.860033754188903793e-03,1.010272381442014512e-02,5.311886046864980684e-03,7.017216180222035811e-03,2.881230281893708712e-03,1.899064430392573147e-03,6.751026622067554835e-03,1.317540126147657802e-02,1.249234121604666722e-02,5.388005099701690878e-03,1.688614704288450563e-02,2.284353838192068956e-02,2.657795428183655842e-02,4.859923321601677948e-03,2.774861884613152863e-02,1.786082931953468858e-02,2.181453000404083575e-02,1.570164328060115466e-02,3.758394644822282693e-02,1.184975321230554227e-02,1.256882373844143107e-02,9.847696570882965433e-03,5.614142908497919172e-03,1.164170005321301694e-02,1.347899264771943405e-02,1.973392389445941669e-02,1.430780500243494791e-02,3.685857156835893600e-02,3.726692411766828472e-02,9.740907106523423800e-03,2.965453041233207659e-02,7.678811393074941316e-02,3.643839646460390186e-02,5.328609282914271300e-02,3.430010664343370597e-02,6.672814062959212499e-03,2.519800261788280801e-02
2.911017122508335886e-02,3.662006131159292743e-02,3.198237014448166576e-02,1.667033546283973669e-02,0.000000000000000000e+00,7.583108035113686474e-02,7.915904496352348108e-02,1.308621462343001474e-02,9.994259391369215983e-02,5.755018315139526219e-02,5.964159773291047989e-02,4.156722152740839615e-02,1.230305095120470815e-01,3.830417340292475992e-02,2.976613663848716798e-02,3.166436814945584877e-02,2.034182316824010781e-02,4.882664822689666839e-02,4.070275246378646933e-02,7.202288526112841927e-02,3.941857109189136898e-02,1.324430311647710468e-01,1.078590315226627683e-01,3.295746819308425363e-02,1.034457093374944736e-01,2.113383230282397107e-01,1.239179545610065714e-01,1.721461836821863989e-01,1.124198376702656432e-01,3.297192424624487833e-02,7.899881008210445088e-02,3.192731053515834166e-02,2.140458032663199173e-02,4.103773560994267849e-02,1.950603122201357426e-02,3.505033341913137840e-02,1.541426624332728479e-02,8.004084340696633951e-03,2.805652748230670970e-02,2.321308970664710467e-02,3.329682015474780959e-02,1.777705128166479770e-02,2.360654633099203842e-02,1.004533501797103164e-02,6.494603825090003099e-03,2.185896639645240266e-02,4.379136763427734363e-02,4.130537277330822987e-02,1.809600885045271890e-02,5.770089768835211241e-02,7.722141683504946119e-02,8.960896212786099990e-02,1.693426447917085326e-02,9.494036431215265026e-02,6.118163847132900013e-02,7.470870978709263921e-02,5.305436939072934177e-02,1.274687605767341747e-01,3.999086861431873363e-02,4.186138407772526521e-02,3.314581771853878506e-02,1.897929610317420843e-02,3.937534851287455284e-02,4.437233450035021898e-02,6.573354360260000306e-02,4.837989213123505133e-02,1.245796460033989361e-01,1.255338018487588414e-01,3.262826603949604831e-02,1.003945229400613481e-01,2.582272915892793175e-01,1.228120983610860029e-01,1.782428862809944947e-01,1.156052661596739112e-01,2.222890413298242787e-02,8.400225333866498389e-02
4.036812292741077945e-02,5.006502836266885775e-02,4.409072659018542506e-02,2.235152429828629606e-02,7.583108035113686474e-02,0.000000000000000000e+00,1.064737474888618612e-01,1.763435055120756920e-02,1.354579570578518521e-01,7.591172688418922065e-02,8.009413638509800537e-02,5.632597182267253672e-02,1.690929345203163459e-01,5.188365650008393282e-02,4.093380558654494128e-02,4.292732829585213516e-02,2.705139675452035430e-02,6.747186886968502273e-02,5.516856659198048074e-02,9.946304976050597546e-02,5.315440106343812671e-02,1.829122541358789988e-01,1.477995427361879499e-01,4.583007996128335426e-02,1.414610876541561313e-01,2.909055235838952647e-01,1.707469135392707393e-01,2.339340080225523477e-01,1.547511276232617639e-01,4.429207842426938213e-02,1.082766315958117731e-01,4.223238600405209570e-02,2.894253640607177130e-02,5.587791475287589432e-02,2.592518326960485675e-02,4.690545674392673087e-02,2.066013037469316416e-02,1.076844816083453137e-02,3.710014063719091482e-02,3.196616069178304792e-02,4.592215650590250609e-02,2.445520472079631621e-02,3.203139991352500771e-02,1.338284449126033240e-02,8.634129156761994814e-03,3.109466625118599906e-02,5.950453662269440669e-02,5.712987899686976928e-02,2.498538172281242198e-02,7.613529284167426525e-02,1.067410827799376016e-01,1.211349258437013354e-01,2.276828729093350115e-02,1.302798939726824146e-01,7.972605021070401643e-02,9.902597965314556550e-02,7.130122159589928621e-02,1.724367759133348110e-01,5.370432102874279912e-02,5.724713641742662507e-02,4.588932190883174972e-02,2.523808781165311557e-02,5.488030485422050464e-02,6.086189730217249350e-02,9.133627397781118873e-02,6.487169014680624346e-02,1.716321285205124059e-01,1.712490824771756293e-01,4.490226479799507009e-02,1.374866497781883634e-01,3.541200586908027637e-01,1.679666137306540796e-01,2.438098593947094495e-01,1.595992350248433556e-01,3.061975526999410543e-02,1.155592451567564877e-01
4.117366839029745762e-02,5.131432027276851271e-02,4.493972914258350521e-02,2.310450070900176012e-02,7.915904496352348108e-02,1.064737474888618612e-01,0.000000000000000000e+00,1.831833234654837994e-02,1.402380201493721168e-01,7.985973309707676548e-02,8.341628659118215106e-02,5.839972682728654385e-02,1.723665021241154449e-01,5.356376643690063943e-02,4.179133085818203391e-02,4.440546064257136494e-02,2.834441203244340499e-02,6.876092541477010767e-02,5.678026324753155524e-02,1.009240757398127131e-01,5.522993494505448742e-02,1.861371194810776120e-01,1.511091351014593742e-01,4.620808121251102074e-02,1.451323590833926702e-01,2.967331354331217974e-01,1.731922509394962506e-01,2.410787743225162316e-01,1.570392410337267675e-01,4.602891962743931725e-02,1.103478236783700522e-01,4.425852599586849873e-02,2.985712640201217821e-02,5.775475932223850944e-02,2.706643280740858235e-02,4.891073963114504763e-02,2.148525264973800628e-02,1.112067682359424090e-02,3.906855420926331340e-02,3.283282755843233008e-02,4.716501100128092649e-02,2.511658834360137524e-02,3.318001970678618323e-02,1.406096931334660169e-02,9.112507619172406648e-03,3.102849856833377745e-02,6.148648632153543014e-02,5.743831846818331366e-02,2.549758838529602237e-02,8.007167749712211513e-02,1.078498016167352830e-01,1.255670126084993676e-01,2.370583122586874744e-02,1.324339664687878004e-01,8.483912681924776766e-02,1.032694509449051806e-01,7.429888053155964123e-02,1.780349460854447896e-01,5.570324870015859464e-02,5.878959254642393550e-02,4.638438397322019319e-02,2.631678228850711093e-02,5.540695843481931171e-02,6.158406075785552436e-02,9.254272850209227519e-02,6.755772133104528954e-02,1.752242044412997135e-01,1.749456498954780059e-01,4.581549215338234088e-02,1.408491901672478397e-01,3.620168988672101129e-01,1.708705076597353822e-01,2.502838163892519008e-01,1.623311453415333117e-01,3.112483418282344094e-02,1.175969302053299914e-01
6.764551063075955641e-03,8.273915482660657711e-03,7.186441334471030742e-03,3.728323619123283857e-03,1.308621462343001474e-02,1.763435055120756920e-02,1.831833234654837994e-02,0.000000000000000000e+00,2.294976227520197781e-02,1.290843754965908911e-02,1.388231474916070893e-02,9.730210557702661384e-03,2.822850070399354067e-02,8.600393018920383936e-03,7.331487935495997754e-03,7.193293355659492218e-03,4.509163046538142323e-03,1.110992362235259205e-02,9.359511855154625110e-03,1.663156725311893541e-02,9.019577580888239396e-03,3.068477402930524373e-02,2.513378146254034023e-02,7.801423546410757824e-03,2.337330001055451523e-02,4.932169200866809433e-02,2.825345601238250445e-02,3.960062576437983067e-02,2.579037837110583972e-02,7.348807973909958491e-03,1.824682470123333705e-02,7.289974298758130494e-03,4.983577062057727332e-03,9.507909875958522883e-03,4.411901043513801260e-03,7.840760147129097538e-03,3.496191258712319418e-03,1.986883270937387595e-03,6.554222267703279856e-03,5.436465705804928959e-03,7.707293073370685005e-03,4.190153136735224985e-03,5.553262908974415483e-03,2.344149559667881716e-03,1.581607417052399408e-03,4.899997298443994030e-03,1.000638759953481616e-02,9.454107500522772323e-03,4.274943889783363107e-03,1.314404762105693056e-02,1.763631614409955431e-02,2.048805891961219885e-02,3.953362173356735412e-03,2.196282062417502512e-02,1.359472652318593523e-02,1.760389481616300017e-02,1.240059953842760458e-02,2.942957491138255624e-02,9.138762644595439452e-03,9.616413156978517729e-03,7.657654064185993176e-03,4.268967085529825657e-03,9.325167321906788209e-03,1.009823297374456454e-02,1.528728203330536640e-02,1.098441138631950711e-02,2.920366823651180874e-02,2.908245015440680606e-02,7.558579515865006260e-03,2.293885852683863469e-02,6.018488066908133510e-02,2.812019566388429190e-02,4.108422389750310960e-02,2.654051115360448604e-02,5.175775320617769827e-03,1.949190165463321814e-02
5.149040231188401623e-02,6.502625792897787083e-02,5.731484348465925444e-02,2.928532897341698180e-02,9.994259391369215983e-02,1.354579570578518521e-01,1.402380201493721168e-01,2.294976227520197781e-02,0.000000000000000000e+00,9.986910754241552779e-02,1.050866890650940660e-01,7.328322676195314633e-02,2.186392225866014560e-01,6.819724010324121344e-02,5.284559914072505665e-02,5.618313909220181562e-02,3.557694816750203715e-02,8.720431085741814359e-02,7.213856514547890841e-02,1.297063383387132562e-01,6.902398887633291735e-02,2.372110039547076499e-01,1.915823668175880845e-01,5.861968502662354835e-02,1.842880566935680697e-01,3.764720525686796604e-01,2.224966394003408676e-01,3.050156129211595291e-01,2.015203129000246174e-01,5.814178111247103597e-02,1.397864747697137866e-01,5.521177455580476151e-02,3.772850542643574334e-02,7.228932877766169884e-02,3.393829517869668966e-02,6.213369739779946860e-02,2.702156435309640767e-02,1.401884348380728722e-02,4.850252780587967216e-02,4.135705922784823491e-02,5.891868533491208954e-02,3.160321772004848206e-02,4.208707459970939535e-02,1.771521142616294328e-02,1.139379263890430427e-02,3.932275003625253923e-02,7.721034539561728860e-02,7.419149007393908979e-02,3.246334339521621259e-02,1.005317926874648854e-01,1.381599851470947382e-01,1.588282363191864666e-01,2.972100447355730327e-02,1.688188944145782300e-01,1.061902486728041328e-01,1.304009910455503074e-01,9.347141850432297283e-02,2.247101766443944659e-01,7.024250846550914029e-02,7.402850388932565029e-02,5.924327414518873458e-02,3.324258059689619987e-02,7.096327016679444821e-02,7.939320961932980203e-02,1.184663837034704154e-01,8.455445465965945318e-02,2.227740467427928861e-01,2.231056978678251645e-01,5.789118918374828310e-02,1.791243789321605717e-01,4.586865647959330050e-01,2.191514537226012249e-01,3.171062813264745039e-01,2.066633116605651188e-01,3.993328180030411567e-02,1.485415256334792766e-01
2.986662649603306907e-02,3.718514147270229886e-02,3.235979647710847396e-02,1.700486464082297949e-02,5.755018315139526219e-02,7.591172688418922065e-02,7.985973309707676548e-02,1.290843754965908911e-02,9.986910754241552779e-02,0.000000000000000000e+00,6.017838375553330454e-02,4.184853706440572196e-02,1.244325633993489666e-01,3.906344244930289727e-02,2.971777194930642907e-02,3.204980328497940290e-02,2.027559508062136417e-02,4.962675024151852465e-02,4.066935227102717876e-02,7.274457084095220516e-02,4.009800089116378335e-02,1.334861004366014736e-01,1.080566237279145247e-01,3.325021600018747414e-02,1.043210036538681773e-01,2.143292062791878894e-01,1.246553368733077927e-01,1.740331614050365794e-01,1.120761942143150003e-01,3.318386794830294889e-02,8.009870372685713724e-02,3.087251946436438826e-02,2.124733467833903044e-02,4.178908142986166585e-02,1.948193875403619879e-02,3.563477206551154963e-02,1.566175749716812796e-02,7.824002484014661724e-03,2.753379231506927760e-02,2.360107095304391292e-02,3.411197094451998146e-02,1.825421230441603981e-02,2.400770655109826096e-02,9.997222631766094353e-03,6.490946095795642294e-03,2.278025313951979186e-02,4.459923406367483772e-02,4.186760573431318883e-02,1.867155651168065159e-02,5.786832031633810935e-02,7.669960950792407972e-02,9.053877985471059375e-02,1.691115070996377159e-02,9.393047206872637278e-02,6.140846884499243791e-02,7.382481956484618357e-02,5.391559095319001932e-02,1.278943648803464173e-01,4.029115878970628006e-02,4.219099863336641526e-02,3.331929126409466368e-02,1.896518473181784195e-02,3.983551555226961388e-02,4.468014929143668962e-02,6.620317460536712106e-02,4.892598103151489519e-02,1.252183073937058189e-01,1.259928237099278425e-01,3.310715183502289938e-02,1.012700479980194884e-01,2.608639826210672474e-01,1.228070924793202845e-01,1.810726527448126011e-01,1.165672493786806124e-01,2.257211018334654221e-02,8.509659580151587854e-02
3.097904079692137894e-02,3.861573029102465665e-02,3.409446706344409356e-02,1.766811162004747193e-02,5.964159773291047989e-02,8.009413638509800537e-02,8.341628659118215106e-02,1.388231474916070893e-02,1.050866890650940660e-01,6.017838375553330454e-02,0.000000000000000000e+00,4.392274606154426136e-02,1.296033613418043351e-01,4.005022975407181163e-02,3.237071120166318261e-02,3.316509082815650294e-02,2.139256713147909966e-02,5.173414621015828829e-02,4.340781612183979010e-02,7.681014577382987152e-02,4.128169033852039510e-02,1.415703363106290691e-01,1.156537448145399799e-01,3.516695660050984246e-02,1.088210981021422719e-01,2.254083874768593454e-01,1.314804731595547171e-01,1.827470732192867930e-01,1.192130696514873966e-01,3.494114688796937096e-02,8.452479928200566650e-02,3.284545092377812170e-02,2.226455834207956633e-02,4.334803051638484034e-02,2.031419373658798627e-02,3.644260035173502860e-02,1.631705139650847791e-02,8.644896119165690340e-03,2.909036071542630067e-02,2.463563316209929285e-02,3.545936547953395385e-02,1.875552464761264665e-02,2.509163373662212301e-02,1.036097502915899089e-02,7.107592601752825770e-03,2.335762990948299367e-02,4.617776259542909906e-02,4.406854063229589946e-02,1.916930192394345270e-02,6.021475225024788824e-02,8.175371186111858590e-02,9.445430226038077637e-02,1.812405837437822131e-02,1.009068979749079553e-01,6.348793325679358279e-02,7.934834921384507911e-02,5.629839586950723118e-02,1.342921490687277730e-01,4.194923325050595869e-02,4.424699274497671808e-02,3.498260663958633471e-02,1.999701797122723293e-02,4.213152982866795460e-02,4.732088970899727548e-02,7.027519548686791961e-02,5.071027548516911232e-02,1.329037885366975702e-01,1.336956523262191054e-01,3.487638002543459737e-02,1.062067773030513362e-01,2.748168286208387823e-01,1.304421864176236734e-01,1.904090368804149946e-01,1.223597068724250198e-01,2.433604869200938978e-02,8.897206769566062823e-02
2.217529371992809153e-02,2.706516126132669370e-02,2.350428013219534734e-02,1.218499661682746413e-02,4.156722152740839615e-02,5.632597182267253672e-02,5.839972682728654385e-02,9.730210557702661384e-03,7.328322676195314633e-02,4.184853706440572196e-02,4.392274606154426136e-02,0.000000000000000000e+00,9.168369314912572232e-02,2.821621558965533780e-02,2.252036492847561688e-02,2.318906066268489746e-02,1.503121675339362529e-02,3.616953463239794275e-02,2.956291399024827196e-02,5.312333324712690402e-02,2.988557152430973765e-02,9.773946149534334937e-02,7.970553068822010256e-02,2.516624963729699460e-02,7.675818585263871618e-02,1.589604707165322706e-01,9.096567037364922115e-02,1.268358645566172449e-01,8.259771238685900685e-02,2.375804278248051793e-02,5.873489471962831110e-02,2.335708509630760737e-02,1.604900657315900397e-02,3.081554283473344341e-02,1.438618211144402845e-02,2.544775813294604394e-02,1.111124253580164992e-02,5.844010065901308025e-03,2.057495155647625154e-02,1.753835975739781797e-02,2.510697183663570045e-02,1.352676634709379898e-02,1.731822310997850611e-02,7.361729258218976599e-03,4.699223053506704911e-03,1.647689967676930697e-02,3.271186479856838525e-02,3.024697015545779050e-02,1.356715954423307925e-02,4.219964577249411125e-02,5.653723737225563317e-02,6.680205173388108209e-02,1.224282754395568211e-02,6.995777418797546887e-02,4.413180782069277275e-02,5.454793009742428533e-02,3.980172284266696864e-02,9.459389816353190594e-02,2.952413389084480172e-02,3.120797712629532969e-02,2.454558222411169083e-02,1.380162416325691338e-02,2.939615492929145701e-02,3.274407289659721221e-02,4.810567531778776884e-02,3.595673609827660516e-02,9.188564550628353089e-02,9.146556224347114628e-02,2.440901808077473173e-02,7.397045726197513937e-02,1.925842850742208734e-01,8.883954700140410388e-02,1.328800387333075039e-01,8.507428965178330527e-02,1.626089506721338160e-02,6.303569569760529567e-02
6.527725768636201409e-02,8.112019098992355459e-02,7.078901145616625645e-02,3.671924172399548131e-02,1.230305095120470815e-01,1.690929345203163459e-01,1.723665021241154449e-01,2.822850070399354067e-02,2.186392225866014560e-01,1.244325633993489666e-01,1.296033613418043351e-01,9.168369314912572232e-02,0.000000000000000000e+00,8.405796507582585786e-02,6.554488278447001548e-02,6.993356740796441429e-02,4.423620954813737433e-02,1.091463057620806754e-01,8.851282122627335269e-02,1.606859230269131467e-01,8.665279733330268075e-02,2.945394093280110925e-01,2.376349256855165015e-01,7.378695760043425811e-02,2.289850098169032011e-01,4.687348426953085179e-01,2.761378582403011261e-01,3.795405543005537785e-01,2.494709760750877803e-01,7.241765051110890528e-02,1.746847833136113970e-01,6.812530360434272680e-02,4.657285437939971684e-02,9.040038291575354379e-02,4.206435350389479966e-02,7.603901809316268579e-02,3.386404816350420399e-02,1.730630659667841201e-02,6.042655116942256127e-02,5.129207326760195501e-02,7.434870668882596900e-02,3.998898350764216320e-02,5.189143481151009540e-02,2.189460526811918065e-02,1.406520659081142259e-02,4.945848664500292896e-02,9.684467751734113228e-02,9.209976994886166779e-02,4.019787334531673556e-02,1.236378126313134318e-01,1.705719034206086560e-01,1.960482371876822172e-01,3.656417074482948282e-02,2.082479458492591806e-01,1.319702983663507412e-01,1.604391857607854188e-01,1.162600767333438756e-01,2.790646785174524802e-01,8.693790996980636787e-02,9.274711244757621875e-02,7.409881655093990271e-02,4.150890816254461380e-02,8.807182877563328460e-02,9.791324192381271885e-02,1.459289426817181601e-01,1.054546775092379679e-01,2.757606401852183975e-01,2.761064229939138581e-01,7.262505261466185857e-02,2.221115359953360624e-01,5.724615327522110109e-01,2.708537800364782533e-01,3.953790115347293743e-01,2.549977772102354212e-01,4.924831183868453449e-02,1.865264401490226709e-01
1.968053048361872309e-02,2.500330336453881683e-02,2.183786193280121135e-02,1.137610538120938618e-02,3.830417340292475992e-02,5.188365650008393282e-02,5.356376643690063943e-02,8.600393018920383936e-03,6.819724010324121344e-02,3.906344244930289727e-02,4.005022975407181163e-02,2.821621558965533780e-02,8.405796507582585786e-02,0.000000000000000000e+00,1.953832432350479167e-02,2.168134843077118915e-02,1.387341678358678353e-02,3.347272123719562120e-02,2.740494992065859586e-02,4.903174764636551025e-02,2.639093879241578497e-02,8.989892116964111335e-02,7.205345881990615764e-02,2.249170457487977004e-02,7.074546731501284158e-02,1.427755842051798840e-01,8.487397968703526419e-02,1.169072949014070550e-01,7.627064094947201556e-02,2.253057288969150321e-02,5.337710074915449215e-02,2.114656159254824433e-02,1.424755253029531647e-02,2.747344689157213415e-02,1.321367744895928648e-02,2.379717567957300925e-02,1.042814014959565425e-02,5.209130808787304674e-03,1.856615996138409608e-02,1.545628567641783163e-02,2.228477481652002198e-02,1.210427891478182798e-02,1.621898961831835448e-02,6.942659884952829229e-03,4.206897177975426304e-03,1.476548067449348633e-02,3.001681434705237919e-02,2.801930428730807845e-02,1.240503889347843378e-02,3.871264821562336866e-02,5.328142524351414666e-02,6.108737437296830886e-02,1.140549721055209714e-02,6.408448356659726675e-02,4.145660777486499110e-02,4.976320502325303624e-02,3.552084272049677027e-02,8.664864570405612920e-02,2.710477130514768115e-02,2.833181901117620347e-02,2.281336403741685351e-02,1.302315721945505531e-02,2.703200852915020255e-02,3.013158977669473312e-02,4.461273649196274838e-02,3.248881667485699343e-02,8.463890405985233234e-02,8.449420138772618938e-02,2.188273392528128705e-02,6.877356872315690262e-02,1.736672401307359781e-01,8.417044169623032202e-02,1.213722625218595919e-01,7.847262362133129721e-02,1.491556589793189766e-02,5.663915824798836096e-02
1.583219855834531314e-02,1.956465188791314813e-02,1.702751970202739593e-02,8.680344146305602610e-03,2.976613663848716798e-02,4.093380558654494128e-02,4.179133085818203391e-02,7.331487935495997754e-03,5.284559914072505665e-02,2.971777194930642907e-02,3.237071120166318261e-02,2.252036492847561688e-02,6.554488278447001548e-02,1.953832432350479167e-02,0.000000000000000000e+00,1.678723993852305335e-02,1.071681808332993965e-02,2.593275891313843312e-02,2.187544272687753921e-02,3.860980571698910402e-02,2.102000036558596824e-02,7.137930721588725547e-02,5.979953372805172501e-02,1.914020771842933968e-02,5.481548294406145272e-02,1.166133148601640329e-01,6.652943683303108591e-02,9.198809187368910123e-02,6.081934589479409681e-02,1.712594621391010097e-02,4.350341197316778818e-02,1.685476690322600113e-02,1.139415807134101614e-02,2.205923208712878836e-02,1.026692862324964095e-02,1.802561337777884576e-02,8.137488062166476840e-03,4.619580205376060643e-03,1.525440161812403710e-02,1.250819174314322067e-02,1.791220987986185884e-02,9.852812028324614210e-03,1.265233179387804940e-02,5.103973530835631024e-03,3.702499504604980351e-03,1.218784869815048647e-02,2.331719752086735056e-02,2.236099729674262404e-02,9.841390542502341868e-03,2.985837907746894532e-02,4.159809368131563850e-02,4.704393823873339459e-02,9.331365979414231460e-03,5.161517913315823852e-02,3.141653518176758253e-02,4.036253717392691842e-02,2.891846825683837621e-02,6.736534541345300109e-02,2.092129281827864382e-02,2.269524354419457518e-02,1.800870637973008698e-02,1.004720554416500995e-02,2.136691979465774049e-02,2.369566449479042908e-02,3.611752220720310103e-02,2.547436073572329970e-02,6.779526022769577498e-02,6.826418137104965644e-02,1.800708261789045819e-02,5.310109568412162834e-02,1.416733148526259090e-01,6.571355785834902263e-02,9.504414204180204606e-02,6.231405675808024403e-02,1.242932333320961348e-02,4.561093661637308228e-02
1.667599032953520632e-02,2.077837047630918046e-02,1.838544469823557431e-02,9.369620144835041908e-03,3.166436814945584877e-02,4.292732829585213516e-02,4.440546064257136494e-02,7.193293355659492218e-03,5.618313909220181562e-02,3.204980328497940290e-02,3.316509082815650294e-02,2.318906066268489746e-02,6.993356740796441429e-02,2.168134843077118915e-02,1.678723993852305335e-02,0.000000000000000000e+00,1.134004610113328870e-02,2.772397473776216578e-02,2.280027301582875435e-02,4.126633021478014890e-02,2.207628304632475169e-02,7.482873719299097670e-02,6.094247294392823866e-02,1.864488787367829525e-02,5.840398347208662633e-02,1.198437908398600482e-01,7.072979409693289088e-02,9.762722437137007214e-02,6.369536483870130716e-02,1.872557404895463379e-02,4.468932318270112114e-02,1.718879210545128447e-02,1.187609144918938889e-02,2.314981577127857293e-02,1.070060881976045257e-02,1.992968294876467858e-02,8.771426933870243858e-03,4.343053371914042463e-03,1.523470366296637672e-02,1.311721957736435712e-02,1.912026367818383393e-02,1.018457710687405843e-02,1.357223661745574940e-02,5.645671061413082628e-03,3.597926656858034967e-03,1.274880428740698783e-02,2.469142879035419666e-02,2.348624822749084684e-02,1.045999245405457127e-02,3.186451878367134449e-02,4.404680008950766917e-02,5.027120329802964999e-02,9.546088726222184268e-03,5.316078711702036663e-02,3.385743539796389617e-02,4.119502594236684745e-02,2.978484933510645860e-02,7.151854897259316002e-02,2.249770356560091764e-02,2.378037889694573429e-02,1.888860101627982957e-02,1.044987750488361386e-02,2.268790339210560031e-02,2.505904460934263098e-02,3.780114080738761206e-02,2.690837746638965675e-02,7.082385920745135066e-02,7.077827489930915705e-02,1.838108883475165350e-02,5.675936640958939572e-02,1.454937465720343714e-01,6.981716124693536363e-02,1.009845963496282806e-01,6.609504754486836275e-02,1.269000927213868174e-02,4.800694479988498048e-02
1.054359488792120346e-02,1.316481205447356771e-02,1.138758639980456087e-02,6.057307079156792722e-03,2.034182316824010781e-02,2.705139675452035430e-02,2.834441203244340499e-02,4.509163046538142323e-03,3.557694816750203715e-02,2.027559508062136417e-02,2.139256713147909966e-02,1.503121675339362529e-02,4.423620954813737433e-02,1.387341678358678353e-02,1.071681808332993965e-02,1.134004610113328870e-02,0.000000000000000000e+00,1.757938674578265331e-02,1.451433398482773751e-02,2.592157725645678062e-02,1.420777145225307625e-02,4.769646864921129464e-02,3.846955954052005272e-02,1.198129572399739794e-02,3.732884107839178761e-02,7.641674983916160735e-02,4.471287121958512911e-02,6.201997259931894824e-02,4.014915786102157130e-02,1.193192278565771182e-02,2.844751248334163526e-02,1.104052199074073703e-02,7.581352956063951501e-03,1.483513927826637761e-02,6.889574539191998213e-03,1.248181261703815333e-02,5.590957137432277929e-03,2.833083125775525107e-03,9.759653106018537777e-03,8.333151670686385348e-03,1.204247900974731757e-02,6.353975189965037178e-03,8.551913215177868108e-03,3.544641315094871053e-03,2.347773918166715015e-03,7.889942030038841689e-03,1.587219565904424146e-02,1.480030475885808078e-02,6.602273814182803291e-03,2.041319374654788216e-02,2.752213399813974865e-02,3.235797409540031033e-02,5.934609868927528432e-03,3.371760790772537764e-02,2.181599687846487792e-02,2.643251242240606674e-02,1.921571511621083042e-02,4.562882492027540982e-02,1.435056701484466006e-02,1.493794474473809746e-02,1.186575853843243808e-02,6.773200559588602940e-03,1.411240461997280773e-02,1.598035392794615664e-02,2.358835638732923595e-02,1.713097755533493291e-02,4.473162983859991365e-02,4.457324892592243876e-02,1.178737390358645075e-02,3.605754939336903303e-02,9.260608863284799930e-02,4.409616752245893584e-02,6.486969778246115537e-02,4.148929121568424583e-02,7.957383642492474318e-03,3.019177418644159588e-02
2.602759973450760947e-02,3.253396446507923062e-02,2.858368605803016799e-02,1.456522643960420603e-02,4.882664822689666839e-02,6.747186886968502273e-02,6.876092541477010767e-02,1.110992362235259205e-02,8.720431085741814359e-02,4.962675024151852465e-02,5.173414621015828829e-02,3.616953463239794275e-02,1.091463057620806754e-01,3.347272123719562120e-02,2.593275891313843312e-02,2.772397473776216578e-02,1.757938674578265331e-02,0.000000000000000000e+00,3.543643088327086410e-02,6.442509836176550653e-02,3.428295924950508500e-02,1.171828534555279661e-01,9.436849503842560660e-02,2.942554236737830037e-02,9.121408862417969277e-02,1.874182624493339333e-01,1.104142898893550884e-01,1.515150234265769114e-01,9.938137142934561075e-02,2.895563647595540691e-02,6.976027383706152885e-02,2.638136444994673702e-02,1.837410367391847238e-02,3.575208976644461689e-02,1.662122334993377387e-02,3.045877510163436108e-02,1.355589694095587529e-02,6.808009694135960799e-03,2.342535306010036511e-02,2.012141322734446389e-02,2.954148133975231447e-02,1.590945282521087634e-02,2.097195336398964896e-02,8.714471057960287287e-03,5.563936540764815100e-03,1.972033414795764175e-02,3.870240025030149966e-02,3.689567041242276801e-02,1.615670082560383830e-02,4.913996340924670775e-02,6.874980829195688481e-02,7.801405751150204682e-02,1.475188544531347463e-02,8.272928521040319449e-02,5.234656104370415119e-02,6.392819491354238826e-02,4.608330983875583153e-02,1.110182362010757873e-01,3.478289009917787111e-02,3.673489901775874034e-02,2.983937373564407233e-02,1.646923194151210176e-02,3.522033582990253403e-02,3.918760594914406925e-02,5.889661412193138851e-02,4.178590551467260134e-02,1.099864136173427653e-01,1.100464208356471824e-01,2.869160991618934994e-02,8.851954351792486186e-02,2.273413075769499525e-01,1.087114033316333023e-01,1.571756338855413160e-01,1.025322697093900282e-01,1.967637569085001550e-02,7.450733578358034737e-02
2.118676015723063716e-02,2.624117458412119491e-02,2.350606249795425540e-02,1.192679747663682836e-02,4.070275246378646933e-02,5.516856659198048074e-02,5.678026324753155524e-02,9.359511855154625110e-03,7.213856514547890841e-02,4.066935227102717876e-02,4.340781612183979010e-02,2.956291399024827196e-02,8.851282122627335269e-02,2.740494992065859586e-02,2.187544272687753921e-02,2.280027301582875435e-02,1.451433398482773751e-02,3.543643088327086410e-02,0.000000000000000000e+00,5.295854178533232481e-02,2.764397840692228020e-02,9.687197016362417146e-02,7.913728526514615669e-02,2.418466979834199213e-02,7.420820043924891696e-02,1.543619362439345721e-01,9.076469950910640017e-02,1.245994372209792422e-01,8.236592742143607204e-02,2.384679650399620932e-02,5.800277651674609625e-02,2.207444161398593521e-02,1.512291284736467546e-02,2.935101189213312062e-02,1.362237685637975038e-02,2.484979333410392358e-02,1.098848824240346300e-02,5.886790957409121852e-03,1.951968080664401653e-02,1.662442131992215161e-02,2.419304004440333417e-02,1.296048462962177961e-02,1.737283751422324246e-02,7.060644359321673579e-03,4.828352124157040716e-03,1.646299554767430631e-02,3.151153513745623413e-02,3.043414199388499303e-02,1.320344049803874077e-02,4.061718939743194645e-02,5.673968275035338321e-02,6.432423611111207085e-02,1.239057641082894241e-02,6.918420340810423064e-02,4.312031553778371967e-02,5.358472047841530972e-02,3.837027625819551535e-02,9.137307938794073103e-02,2.848073605472896397e-02,3.019285415246032722e-02,2.422975204576385821e-02,1.359978552045560361e-02,2.910238838426275690e-02,3.276479292929586340e-02,4.852070294045773141e-02,3.429231150239309134e-02,9.115753460471374969e-02,9.198986044724748179e-02,2.401325444301652401e-02,7.266258926981866706e-02,1.879493133147698836e-01,8.995895379968539551e-02,1.295441554854603050e-01,8.460283998808683370e-02,1.685762815254988889e-02,6.084542720968514479e-02
3.830855112967476717e-02,4.727960384158275825e-02,4.206493765467182733e-02,2.137768445058313427e-02,7.202288526112841927e-02,9.946304976050597546e-02,1.009240757398127131e-01,1.663156725311893541e-02,1.297063383387132562e-01,7.274457084095220516e-02,7.681014577382987152e-02,5.312333324712690402e-02,1.606859230269131467e-01,4.903174764636551025e-02,3.860980571698910402e-02,4.126633021478014890e-02,2.592157725645678062e-02,6.442509836176550653e-02,5.295854178533232481e-02,0.000000000000000000e+00,5.001828436265795541e-02,1.728321182440116510e-01,1.408454705989078959e-01,4.345831280523960310e-02,1.339127202632526548e-01,2.772919019513803152e-01,1.626322526796106505e-01,2.240477691333156718e-01,1.471819092516454541e-01,4.262362941979545850e-02,1.032309241684917778e-01,3.965076956355650245e-02,2.689338087936550895e-02,5.296210429853997342e-02,2.436245725009860905e-02,4.423541679462999338e-02,1.965596466772883202e-02,1.012518218040446040e-02,3.463138123051131417e-02,2.974235864584613351e-02,4.348740614044352415e-02,2.285544574249719768e-02,3.046194758500656713e-02,1.274417660217329329e-02,8.331377143721896417e-03,2.926031880924878648e-02,5.694058410023793843e-02,5.385540278377039247e-02,2.352955744077048911e-02,7.241715377052654334e-02,1.017633072151712115e-01,1.152222528312854960e-01,2.175501316077033467e-02,1.233431691003356589e-01,7.715415341497962320e-02,9.472003106051540833e-02,6.758859936253618084e-02,1.641839949811133570e-01,5.069194006222663140e-02,5.385326210349800080e-02,4.369329086910661575e-02,2.428402594890275226e-02,5.215795424036053646e-02,5.845025014221154336e-02,8.626761092438535450e-02,6.103596161899521588e-02,1.631049203988901020e-01,1.638617155521372437e-01,4.260702300170900181e-02,1.304342482155513849e-01,3.364212640827372591e-01,1.607411420366271215e-01,2.322135611614359607e-01,1.518037157009080595e-01,2.953703641782345901e-02,1.097247560967267443e-01
2.104114040909828981e-02,2.570796595920515903e-02,2.215888150781688062e-02,1.160723512089363585e-02,3.941857109189136898e-02,5.315440106343812671e-02,5.522993494505448742e-02,9.019577580888239396e-03,6.902398887633291735e-02,4.009800089116378335e-02,4.128169033852039510e-02,2.988557152430973765e-02,8.665279733330268075e-02,2.639093879241578497e-02,2.102000036558596824e-02,2.207628304632475169e-02,1.420777145225307625e-02,3.428295924950508500e-02,2.764397840692228020e-02,5.001828436265795541e-02,0.000000000000000000e+00,9.191530545541276576e-02,7.527843881549318994e-02,2.389006810261046221e-02,7.269763465283400616e-02,1.504757954682609811e-01,8.651293407046818651e-02,1.201450433358403486e-01,7.738160815994683805e-02,2.234935338017439085e-02,5.549956795981181995e-02,2.180796324518096893e-02,1.498001955217304754e-02,2.902107299896827461e-02,1.344106158055917780e-02,2.414356576237959226e-02,1.075033743941198813e-02,5.532003300543264501e-03,1.944247604066355259e-02,1.625246283644926626e-02,2.353109626399689167e-02,1.295595334855131897e-02,1.676252088154961059e-02,7.100107681918998298e-03,4.542114070918110667e-03,1.579494508368471661e-02,3.087802677407455731e-02,2.883378062296603969e-02,1.312544943699571476e-02,3.991322435533052604e-02,5.329937210804126108e-02,6.248393807841612357e-02,1.159415395821989346e-02,6.578142260740499347e-02,4.203276216514009733e-02,5.139220368160048874e-02,3.814049526714520522e-02,8.859371607251326219e-02,2.789116140611504549e-02,2.970321092986534864e-02,2.346989374439596363e-02,1.329741247177957872e-02,2.770000945952591151e-02,3.019580510645216570e-02,4.644594366820051917e-02,3.393061704627509806e-02,8.696822178211637000e-02,8.658847578820823288e-02,2.343123102254949727e-02,6.993988865606312610e-02,1.823708272803909181e-01,8.457189079268111198e-02,1.250812182952250051e-01,8.106074005396175786e-02,1.544139056215959593e-02,5.939700901421084839e-02
