0.000000000000000000e+00,2.401038431345119822e-02,1.742916521745004055e-02,1.083859191484865675e-02,3.530429546587930678e-02,4.680456086868080290e-02,4.954879905746423924e-02,1.105194123062938280e-02,5.066968834508531194e-02,3.559245330944846297e-02,4.021722163396575234e-02,2.376034376723019231e-02,6.953579478844318373e-02,2.320307513921147924e-02,2.266639887817288243e-02,2.044119577425368428e-02,1.015622595815590667e-02,2.225584364413332739e-02,2.664612171663523904e-02,4.927709025149096256e-02,2.416282859714406414e-02,7.305810971640025464e-02,6.795335298162991089e-02,2.632100194448820651e-02,5.133564615506199663e-02,1.223045745789888561e-01,7.218854550393832836e-02,1.005480426817777218e-01,7.249807402050714722e-02,1.903090982725341718e-02,5.044004619138690859e-02,2.250006648348341215e-02,1.207590752773923630e-02,1.920558340881524037e-02,1.007107299443621949e-02,2.386775832235432659e-02,8.077085297069991343e-03,7.652997934706510033e-03,1.762926520081454368e-02,1.144239059600960125e-02,1.889565383203712853e-02,9.290075757837546258e-03,1.655025544774593044e-02,6.374227418543791310e-03,5.316560416580979470e-03,1.920559729041093622e-02,2.385237941176757137e-02,2.260583650569225264e-02,1.243166819347526000e-02,2.771418314421826914e-02,4.558996800488803597e-02,4.802482883152454918e-02,1.259579635460884861e-02,5.714659999367494025e-02,3.369200988379114636e-02,4.378015680818945349e-02,3.253666709987589056e-02,7.543911250963938886e-02,2.529306122162741643e-02,2.471405551311151028e-02,1.796724511491279777e-02,1.207320758539723662e-02,2.215888093942159492e-02,1.920778071668749823e-02,4.278663108480169897e-02,2.623054706706952691e-02,7.304322895441756058e-02,7.484681833133427498e-02,2.516209888376881587e-02,4.827267617955705026e-02,1.451130613276188641e-01,7.556681845751911375e-02,1.002075063898019702e-01,6.895217538188910811e-02,1.529002617573831796e-02,6.046530391141118760e-02
2.401038431345119822e-02,0.000000000000000000e+00,2.244733380652954441e-02,1.415028404416193708e-02,4.491141897467584160e-02,6.155635585560820244e-02,6.390760829990582703e-02,1.435960633250468396e-02,6.647467072503321361e-02,4.619634127741168578e-02,5.193437082521356468e-02,3.034315162962112830e-02,8.997772154773486797e-02,3.026414861553900285e-02,2.970703835095313272e-02,2.687088282020063529e-02,1.310672698624499970e-02,2.938730029799710430e-02,3.430667297559898687e-02,6.465474722901959348e-02,3.070380620428237589e-02,9.593252701813202721e-02,8.855786230908001266e-02,3.354815268655621935e-02,6.667835639058819486e-02,1.588838788417707704e-01,9.551953445932841180e-02,1.319984542004483674e-01,9.677236221251288295e-02,2.509940814827108305e-02,6.576059384578419875e-02,3.014291763846557032e-02,1.597580380447749526e-02,2.438496881970639296e-02,1.268455964736035953e-02,3.081254475999387066e-02,1.043270523206422593e-02,1.040803981209258676e-02,2.372870953543797581e-02,1.501117342112880809e-02,2.388979451880093169e-02,1.119280823575390452e-02,2.159888073951420073e-02,8.364107682563889923e-03,7.141489868396981057e-03,2.478795758235095154e-02,3.162464240026569007e-02,2.872729537505497310e-02,1.593912176819223606e-02,3.513996423440038375e-02,5.949986778256870223e-02,6.167056131027670585e-02,1.619502501132001615e-02,7.442826137352238913e-02,4.361207173361472678e-02,5.635996681738308922e-02,4.098107668669034864e-02,9.835669599211276093e-02,3.291376300734583787e-02,3.233813608850966831e-02,2.339977063693744405e-02,1.574956309709324778e-02,2.928862137504168600e-02,2.425574236740821177e-02,5.586245542320657231e-02,3.337977893505003624e-02,9.711770643529829550e-02,9.820898856067290794e-02,3.268068611880262098e-02,6.326478624510831206e-02,1.884027545787912705e-01,9.965459979679210101e-02,1.316226625086401869e-01,9.019666954968789951e-02,2.005753101555155654e-02,7.884516886962089632e-02
1.742916521745004055e-02,2.244733380652954441e-02,0.000000000000000000e+00,1.027285348959477984e-02,3.341826791517874679e-02,4.547180610103896542e-02,4.749631990469251747e-02,1.061577272145243153e-02,4.960724192774470381e-02,3.340456591407511833e-02,3.814429280002894912e-02,2.235061436595660658e-02,6.669593365847001354e-02,2.181272538991950449e-02,2.183686677400039841e-02,1.951244414551238718e-02,9.614923976397755229e-03,2.150304854052696724e-02,2.571525920249590966e-02,4.716073854982913427e-02,2.248231468240131578e-02,7.070963304026033069e-02,6.586075758918483181e-02,2.482547835504023484e-02,4.916449522532458788e-02,1.173187619116293906e-01,7.009158966231357479e-02,9.616448639782304575e-02,7.100547403752757725e-02,1.824989521108230650e-02,4.821953670463598879e-02,2.219274439649372363e-02,1.203207778913429130e-02,1.799640479687067418e-02,9.496172261697447339e-03,2.220345861628708964e-02,7.760823280189982354e-03,7.739462543525826681e-03,1.760554187077052746e-02,1.121403939362151762e-02,1.787937169508085553e-02,8.399985739595055775e-03,1.591472041782659302e-02,6.094432210333781963e-03,5.469980366469759207e-03,1.776398615171558004e-02,2.305506618104776959e-02,2.108195414932058365e-02,1.171121616118661959e-02,2.572913712590518820e-02,4.419389187917586309e-02,4.543621439268828027e-02,1.194844524679795558e-02,5.517031874995396296e-02,3.160651879593909253e-02,4.142932045328132085e-02,3.032121601913460515e-02,7.256468698873903833e-02,2.416876444594726406e-02,2.355839585243519815e-02,1.714009277434838316e-02,1.140875000252181658e-02,2.152355498264250239e-02,1.793192756003855054e-02,4.102664970957752705e-02,2.436762941544757741e-02,7.159370123739493275e-02,7.253833615587752803e-02,2.397214686917844770e-02,4.661809155601929350e-02,1.374000720640328743e-01,7.300319305471648923e-02,9.653614197895474258e-02,6.700398477741800751e-02,1.481319183457882951e-02,5.821754643977525984e-02
1.083859191484865675e-02,1.415028404416193708e-02,1.027285348959477984e-02,0.000000000000000000e+00,2.083451043013812704e-02,2.843446922933812529e-02,2.977311182555312727e-02,6.528469478748355481e-03,3.087610547077845186e-02,2.099128949678980699e-02,2.379263631425047182e-02,1.409444395704278000e-02,4.180144146299670516e-02,1.379032844563942914e-02,1.334446543997520884e-02,1.218070033863303051e-02,5.907876688733003194e-03,1.333319576529122877e-02,1.581848040063574268e-02,2.990053943931662156e-02,1.389793534308104636e-02,4.427035353560573178e-02,4.027884270186697646e-02,1.546960563698298458e-02,3.092643301011178611e-02,7.295461675627297471e-02,4.406444719189325093e-02,6.039222231262821039e-02,4.462131372004576879e-02,1.155610446921983420e-02,3.012408867210753655e-02,1.369237153046247261e-02,7.388348563164523139e-03,1.117124239301807778e-02,5.839284125372352398e-03,1.383209393310078604e-02,4.714580112305811685e-03,4.681831541377143649e-03,1.066186235212644023e-02,6.896160950036338798e-03,1.107686759842845328e-02,5.063387505580091603e-03,9.745293344389487772e-03,3.862162402766588891e-03,3.195646995079834841e-03,1.102697741458105035e-02,1.466765492220786261e-02,1.329645392946639769e-02,7.309711347259507594e-03,1.623715923490490209e-02,2.735487840133999163e-02,2.881439022061718994e-02,7.388941077149929239e-03,3.424898284852907759e-02,2.003699606539222425e-02,2.557039606547745897e-02,1.881007306613573932e-02,4.514428367333188363e-02,1.509781330991942505e-02,1.445464981587326649e-02,1.080606616284532882e-02,7.346153981595590632e-03,1.339499188589564870e-02,1.121528984103973940e-02,2.573783153743156374e-02,1.503804748588531866e-02,4.427306862720427338e-02,4.466472893704753061e-02,1.486741381051520303e-02,2.918720784661620396e-02,8.591681720926354349e-02,4.556498700841925265e-02,6.020122207988094082e-02,4.154325959996924694e-02,9.064249640526204910e-03,3.653164702745999304e-02
3.530429546587930678e-02,4.491141897467584160e-02,3.341826791517874679e-02,2.083451043013812704e-02,0.000000000000000000e+00,9.183863692238705689e-02,9.805516589321719434e-02,2.180332262008402230e-02,1.001455474144820890e-01,6.974332167201191535e-02,7.805626165257392723e-02,4.705208369150756798e-02,1.373960941610220809e-01,4.417417405485171006e-02,4.411580479669131166e-02,3.989075602933898901e-02,1.986263988473873157e-02,4.380817194330019482e-02,5.153772549366115313e-02,9.626533749546170582e-02,4.644043837342952397e-02,1.407511711956131173e-01,1.321427561023354180e-01,4.994505110669437975e-02,9.956903959351408318e-02,2.355764272285127969e-01,1.420339837856051390e-01,1.978238136845358042e-01,1.433950697227726889e-01,3.713258100347746615e-02,9.799195729147568146e-02,4.600251210904960503e-02,2.479253818057534572e-02,3.626452610335450383e-02,1.909906291651871160e-02,4.585934376243219063e-02,1.621465026662411227e-02,1.547649235484971873e-02,3.620501658224744429e-02,2.274990634873962775e-02,3.666520180554778269e-02,1.657704784941436277e-02,3.250094488418168309e-02,1.281587408346983835e-02,1.080494273058992677e-02,3.614287914060387158e-02,4.661457519705733410e-02,4.183766815820347956e-02,2.383771492806832301e-02,5.404300067238819449e-02,8.836163400339060170e-02,9.501483314726845431e-02,2.421872277111753596e-02,1.109410193878606482e-01,6.665198484427849179e-02,8.450673301522931835e-02,6.314235472705820307e-02,1.488784131043055792e-01,5.011345886086205487e-02,4.740765527300634663e-02,3.483189208722716618e-02,2.357952216495535699e-02,4.426129651758088646e-02,3.622454752653653937e-02,8.130426490928557848e-02,5.012977542413829535e-02,1.423575395861966519e-01,1.441044483489506978e-01,4.907219690002399826e-02,9.489279357412143401e-02,2.785973046781689000e-01,1.470701200732959235e-01,1.970965234499651719e-01,1.344318650667511994e-01,3.007744867148083937e-02,1.192985715056338186e-01
4.680456086868080290e-02,6.155635585560820244e-02,4.547180610103896542e-02,2.843446922933812529e-02,9.183863692238705689e-02,0.000000000000000000e+00,1.322059086952647733e-01,2.954315634295109905e-02,1.373861861687872554e-01,9.302664967019125264e-02,1.052597364249574369e-01,6.289745038385806397e-02,1.850730611942212056e-01,6.037054800905061053e-02,5.931652915376872670e-02,5.376556084142999903e-02,2.672664646579534994e-02,6.009765301709308477e-02,7.023630126070443125e-02,1.307585181718223244e-01,6.196722374861864807e-02,1.951555100930657261e-01,1.810743386408575628e-01,6.815852836727090414e-02,1.378027935093916190e-01,3.225434816439673447e-01,1.940314015009499682e-01,2.676989652424424104e-01,1.969431217747994733e-01,5.055425340211523039e-02,1.321491766216197905e-01,6.142204990660452696e-02,3.304205491246234305e-02,4.917595400487156931e-02,2.620663353984239649e-02,6.214109230667418104e-02,2.188737422324809473e-02,2.089000115696046031e-02,4.874266213631647804e-02,3.124545031182815805e-02,4.854976363468212902e-02,2.270363684464803480e-02,4.380390002915272862e-02,1.701354234014389177e-02,1.453472497763912304e-02,4.803258835781912262e-02,6.411941298233396480e-02,5.843831551022668491e-02,3.215478075219856818e-02,7.273645039956483371e-02,1.215304656347832024e-01,1.278297365137091579e-01,3.279764531595492916e-02,1.529621648197000416e-01,8.920523408043494473e-02,1.141078925426202983e-01,8.349369663667750852e-02,1.999551327347126595e-01,6.713159561396717101e-02,6.413693711712961654e-02,4.771878006060650129e-02,3.200479081833851325e-02,5.962498671881968221e-02,5.021787399736413193e-02,1.128060919121287448e-01,6.729533338432350242e-02,1.968111664486445755e-01,1.995174583929501533e-01,6.532381351057156560e-02,1.301766427851763219e-01,3.803591479038884171e-01,2.013634827270530392e-01,2.677502221138262639e-01,1.838597738639337897e-01,4.141625061556763326e-02,1.599672575623238835e-01
4.954879905746423924e-02,6.390760829990582703e-02,4.749631990469251747e-02,2.977311182555312727e-02,9.805516589321719434e-02,1.322059086952647733e-01,0.000000000000000000e+00,3.143491744963539808e-02,1.448474551012141898e-01,9.859777670132807703e-02,1.112165283701064683e-01,6.710324869163195038e-02,1.958314805328696395e-01,6.302595679786110461e-02,6.269615219710109044e-02,5.668465299389836148e-02,2.818785204985469264e-02,6.268304581130561270e-02,7.377991820299063808e-02,1.380880464229292670e-01,6.548101216817260595e-02,2.034658353237382422e-01,1.897466271544862304e-01,7.205500196506089972e-02,1.439714646557892774e-01,3.387587571743462256e-01,2.040134245336328034e-01,2.825638074178169479e-01,2.068474699935570205e-01,5.329361054543877568e-02,1.397057944108728855e-01,6.606152964568265396e-02,3.553252187733501460e-02,5.183229723513379378e-02,2.768211803528396880e-02,6.511397253340592273e-02,2.304455309494094287e-02,2.218607559140274924e-02,5.204546541216641120e-02,3.287345799627236498e-02,5.189763576571077702e-02,2.347458382581651265e-02,4.604574777963830329e-02,1.827197598570739351e-02,1.547107570893918593e-02,4.995537818885227577e-02,6.716569609349933023e-02,5.970464643629691537e-02,3.397597127581641896e-02,7.650584765866635939e-02,1.269529801975922967e-01,1.356943209405308270e-01,3.474270264035977940e-02,1.594395724928333591e-01,9.465466492971671975e-02,1.202999728313299543e-01,8.919366937898115522e-02,2.125329717894901271e-01,7.101332712070002051e-02,6.737337470951004770e-02,4.978458521719111851e-02,3.378406499725165879e-02,6.319302934712039965e-02,5.120130071656345261e-02,1.174106967886487107e-01,7.039033535015690179e-02,2.055468859023878159e-01,2.066609060869006309e-01,6.940680842294255637e-02,1.364657771231771455e-01,3.986544583916332152e-01,2.106555027299159832e-01,2.811422592679002630e-01,1.935799973280311892e-01,4.274982703617170171e-02,1.702612274327729436e-01
1.105194123062938280e-02,1.435960633250468396e-02,1.061577272145243153e-02,6.528469478748355481e-03,2.180332262008402230e-02,2.954315634295109905e-02,3.143491744963539808e-02,0.000000000000000000e+00,3.243281470391103094e-02,2.219295080884515700e-02,2.490444506706175273e-02,1.507553597793609770e-02,4.381603384472851359e-02,1.418439220034994896e-02,1.415279883788916372e-02,1.260094164477970104e-02,6.417264972242253500e-03,1.419979574318184015e-02,1.660352004633634110e-02,3.094412223319660885e-02,1.468469703628509648e-02,4.563034828124808151e-02,4.257678259599365078e-02,1.633861472746072491e-02,3.242012359251202069e-02,7.643916300939850028e-02,4.564300572933401023e-02,6.336826126349677513e-02,4.620396148349505128e-02,1.191319439759782640e-02,3.140404404541315836e-02,1.428734477135971091e-02,7.914245202537181778e-03,1.176908206808298732e-02,6.115804393354499005e-03,1.460879804571971370e-02,5.014044106364028315e-03,4.785157971654469510e-03,1.145873623921662282e-02,7.295136820453968461e-03,1.147038471542411245e-02,5.486740000265374895e-03,1.062491751312204941e-02,4.039517367413780237e-03,3.380985669128393732e-03,1.094983030744413680e-02,1.503925570416745662e-02,1.379658543915288950e-02,7.677196956040888663e-03,1.735672371024120364e-02,2.851765289632220840e-02,3.036468375076789572e-02,7.865563609778752560e-03,3.618186382069273760e-02,2.123029243481703437e-02,2.767102602469214551e-02,2.017156935599016820e-02,4.746367428379432568e-02,1.607641998162650729e-02,1.528336874644230930e-02,1.135061197584127761e-02,7.563466688765218063e-03,1.418536111619820433e-02,1.219190307445958479e-02,2.630796279712976915e-02,1.607091822607406573e-02,4.636298496575103067e-02,4.686721239793731342e-02,1.520060082709806179e-02,3.101861871372595114e-02,9.057479093714332352e-02,4.734697205318173785e-02,6.326868342329011741e-02,4.295969655161744477e-02,9.803461256597135326e-03,3.760319827754197985e-02
5.066968834508531194e-02,6.647467072503321361e-02,4.960724192774470381e-02,3.087610547077845186e-02,1.001455474144820890e-01,1.373861861687872554e-01,1.448474551012141898e-01,3.243281470391103094e-02,0.000000000000000000e+00,1.014287000948097955e-01,1.152230323034352522e-01,6.825370580087197769e-02,2.028514158778835508e-01,6.466175492092035570e-02,6.577394782163911713e-02,5.908939805679158663e-02,2.960717010516203396e-02,6.605634323410466968e-02,7.696435284484601236e-02,1.438535448399745065e-01,6.740805107554964648e-02,2.145401564638275138e-01,2.002047719368204859e-01,7.392578517515907555e-02,1.506794434602606314e-01,3.536918268876322879e-01,2.150116680440818662e-01,2.941369492217629222e-01,2.180079483529299422e-01,5.565924107534411802e-02,1.452011598518695989e-01,6.847919696791249233e-02,3.712129224967155444e-02,5.339617962257014322e-02,2.863058462897177109e-02,6.736777731702461858e-02,2.399012609534324769e-02,2.338111071034575800e-02,5.436037079983644521e-02,3.460476664922905454e-02,5.338836244099134931e-02,2.425539647944890964e-02,4.794592590530472043e-02,1.870105913744931139e-02,1.652856179633267059e-02,5.136822213549279564e-02,7.062426132656238198e-02,6.253225858530837844e-02,3.502903862776825944e-02,7.875630129176974803e-02,1.331461216097648281e-01,1.397001238748726004e-01,3.528656950569142997e-02,1.679841176262978075e-01,9.767889709826091393e-02,1.253888842908190138e-01,9.105409272230279016e-02,2.207176487298706247e-01,7.267513396625932542e-02,7.071571257436760904e-02,5.201488269174401463e-02,3.475905874083619340e-02,6.619020693434897462e-02,5.379693139144574310e-02,1.244319444918338124e-01,7.231724387005618315e-02,2.179994381656696345e-01,2.194997164363426123e-01,7.142863204865929072e-02,1.421229003145051129e-01,4.145582961372892838e-01,2.210904954758964036e-01,2.951637373133877418e-01,2.030944365434227128e-01,4.566456629861049415e-02,1.758477239920809565e-01
3.559245330944846297e-02,4.619634127741168578e-02,3.340456591407511833e-02,2.099128949678980699e-02,6.974332167201191535e-02,9.302664967019125264e-02,9.859777670132807703e-02,2.219295080884515700e-02,1.014287000948097955e-01,0.000000000000000000e+00,7.860809071292941541e-02,4.637698030079331901e-02,1.379048272854642154e-01,4.517804032528565522e-02,4.399100231652645215e-02,4.032455329455743309e-02,1.992017603000684547e-02,4.446399586467286030e-02,5.173785245347241324e-02,9.746032168385451722e-02,4.643909912195472861e-02,1.439773624490381931e-01,1.330028655792415138e-01,5.030437224395997720e-02,1.011565574576404197e-01,2.376835987796114824e-01,1.437903943755325376e-01,1.987413168833773724e-01,1.449152943616612288e-01,3.762411293716403510e-02,9.862468707248026045e-02,4.516005848134390516e-02,2.436186901200348282e-02,3.663916677082160178e-02,1.915584275410791085e-02,4.728417922110267346e-02,1.630526995241288885e-02,1.532984703979903447e-02,3.555403357816687426e-02,2.320412510871384601e-02,3.644592452244869302e-02,1.691649488109359806e-02,3.280167944289616444e-02,1.271714420544690916e-02,1.086178806988896337e-02,3.630936486160671328e-02,4.747827342856617006e-02,4.311974673825642868e-02,2.414705533174140925e-02,5.413088603715069530e-02,8.894605310911016249e-02,9.508730179258863269e-02,2.451614088734401301e-02,1.121254605056737907e-01,6.703054432817728836e-02,8.545505243279674645e-02,6.285226050007530763e-02,1.489023036373701148e-01,5.010457696976678560e-02,4.778858902804909020e-02,3.520273551921051375e-02,2.393225278746908408e-02,4.428751506109741137e-02,3.704594829106232917e-02,8.307100854658619471e-02,5.026880760914286678e-02,1.446935224899921490e-01,1.473716314566974606e-01,4.885836916515378520e-02,9.595617996399020966e-02,2.817163181104906378e-01,1.490438576786525526e-01,1.993078304813065971e-01,1.364171472614073566e-01,3.109530038895406273e-02,1.193245013904542934e-01
4.021722163396575234e-02,5.193437082521356468e-02,3.814429280002894912e-02,2.379263631425047182e-02,7.805626165257392723e-02,1.052597364249574369e-01,1.112165283701064683e-01,2.490444506706175273e-02,1.152230323034352522e-01,7.860809071292941541e-02,0.000000000000000000e+00,5.261772782871064480e-02,1.553025199671489998e-01,5.038042129509538031e-02,5.033065242142258089e-02,4.557712912370590064e-02,2.269441914565130738e-02,5.015039493353008748e-02,5.911177284415543992e-02,1.105560627484257347e-01,5.266174226185406371e-02,1.630428859463093350e-01,1.518544320211994425e-01,5.718243942058767043e-02,1.145941497549272936e-01,2.699218099513519542e-01,1.636524180884383617e-01,2.253617173882163094e-01,1.654203661049224172e-01,4.262343527276454130e-02,1.115374985340087527e-01,5.170571305061281986e-02,2.791197642557612796e-02,4.098317420195789207e-02,2.175778183189201395e-02,5.238868137223248039e-02,1.813341728937748268e-02,1.766024464307717340e-02,4.078762047619712006e-02,2.613838995268399218e-02,4.137422618599585072e-02,1.893912413218366841e-02,3.721818114390970655e-02,1.429049901667392083e-02,1.234439647953482905e-02,4.066942170905062104e-02,5.385859980310017670e-02,4.835649139865166174e-02,2.710473516985333065e-02,6.099036267866374261e-02,1.024201597447868956e-01,1.073181082739715353e-01,2.753453133140866885e-02,1.280738956197342571e-01,7.516434051765427671e-02,9.739936252612862999e-02,7.093927735312632876e-02,1.696022900783776821e-01,5.671567670593704452e-02,5.434795742501202787e-02,4.014060804365382484e-02,2.692959531230981057e-02,5.087773678755930923e-02,4.202912812184968205e-02,9.503109395419866157e-02,5.675953279998741108e-02,1.653784979505711350e-01,1.672601506332505872e-01,5.534511631190243419e-02,1.088965805246199930e-01,3.194843893639595089e-01,1.699286725335446002e-01,2.268120592981271166e-01,1.549420477154841713e-01,3.508267061792091912e-02,1.354357390677199957e-01
2.376034376723019231e-02,3.034315162962112830e-02,2.235061436595660658e-02,1.409444395704278000e-02,4.705208369150756798e-02,6.289745038385806397e-02,6.710324869163195038e-02,1.507553597793609770e-02,6.825370580087197769e-02,4.637698030079331901e-02,5.261772782871064480e-02,0.000000000000000000e+00,9.308767935807002458e-02,3.004328502370477369e-02,3.061451106870163516e-02,2.713997865075425814e-02,1.346457853162440037e-02,2.996228561858449435e-02,3.497378253503420631e-02,6.545089808317436364e-02,3.170036351280113018e-02,9.684838904695244888e-02,9.085840290724951640e-02,3.422995092130153016e-02,6.781811354091825395e-02,1.627929633082775274e-01,9.637412364745714943e-02,1.338157283320698665e-01,9.839708163452151601e-02,2.503704507872314342e-02,6.711361163162379850e-02,3.145636856428524197e-02,1.699286254263599263e-02,2.483045117637669788e-02,1.311897028131828180e-02,3.100241069705089725e-02,1.093076921316319707e-02,1.039334113107806372e-02,2.480758760201631427e-02,1.605647920179430546e-02,2.488450387151900853e-02,1.142983494642132135e-02,2.180214762819451813e-02,8.504893725256597314e-03,7.321736101204818527e-03,2.415394777759401895e-02,3.167311525866572247e-02,2.808196358913591512e-02,1.605872791626583931e-02,3.667515521266291600e-02,6.008851783353225118e-02,6.471038245728660820e-02,1.659681235746148301e-02,7.640216229320938301e-02,4.487878786657274743e-02,5.761239119589973978e-02,4.290737657867225302e-02,1.013597870259626832e-01,3.377456671738401223e-02,3.197904679519020937e-02,2.369202500502718203e-02,1.605616220423173451e-02,3.058496232496743170e-02,2.477747089839449704e-02,5.493552504002063158e-02,3.382842748571529556e-02,9.768293290269847162e-02,9.814240775493959790e-02,3.291707439562531479e-02,6.488075647642146948e-02,1.914409084861603827e-01,9.924282644306288426e-02,1.334711236246084731e-01,9.134623903908026255e-02,2.047594909073473593e-02,8.160353617952237348e-02
6.953579478844318373e-02,8.997772154773486797e-02,6.669593365847001354e-02,4.180144146299670516e-02,1.373960941610220809e-01,1.850730611942212056e-01,1.958314805328696395e-01,4.381603384472851359e-02,2.028514158778835508e-01,1.379048272854642154e-01,1.553025199671489998e-01,9.308767935807002458e-02,0.000000000000000000e+00,8.880463044767247793e-02,8.813238257203605264e-02,7.962509771752135368e-02,3.938860502368386057e-02,8.767478506770433333e-02,1.032010194628598665e-01,1.931769326150882815e-01,9.195021269054522162e-02,2.865695761336327640e-01,2.665413822165105806e-01,1.001286387593128963e-01,2.018990606360997475e-01,4.743662647564738100e-01,2.867826427723375038e-01,3.961044407673213197e-01,2.911466987471603152e-01,7.531723859144313915e-02,1.950770360060125608e-01,9.253233053890962123e-02,4.944989919969651482e-02,7.181404972700432265e-02,3.826824797057268301e-02,9.154963235627118501e-02,3.223732599574057056e-02,3.105524122948145199e-02,7.302085190208632004e-02,4.620804083785231414e-02,7.230522013226953204e-02,3.295610036746490085e-02,6.463758290231932935e-02,2.557381461474727419e-02,2.178901062857633783e-02,7.080657442711009442e-02,9.443077233738914056e-02,8.465155361828345659e-02,4.739919181384134178e-02,1.064857760250205593e-01,1.773230732531910492e-01,1.886032581699826627e-01,4.835512062211849010e-02,2.238655553788276020e-01,1.325487164775831506e-01,1.679992764718940268e-01,1.237753450499068653e-01,2.965865890775635783e-01,9.894325449450543097e-02,9.510137166073669157e-02,6.983405756889095317e-02,4.738845697885856606e-02,8.857465986865695196e-02,7.176991986450274863e-02,1.648171675228576050e-01,9.899619948119182944e-02,2.894709183839498379e-01,2.928196081261006944e-01,9.741838769852612101e-02,1.917585141088661849e-01,5.595052849241193282e-01,2.966291291634385874e-01,3.955592689221414937e-01,2.712908486213381765e-01,6.040928505894477968e-02,2.384058865475789379e-01
2.320307513921147924e-02,3.026414861553900285e-02,2.181272538991950449e-02,1.379032844563942914e-02,4.417417405485171006e-02,6.037054800905061053e-02,6.302595679786110461e-02,1.418439220034994896e-02,6.466175492092035570e-02,4.517804032528565522e-02,5.038042129509538031e-02,3.004328502370477369e-02,8.880463044767247793e-02,0.000000000000000000e+00,2.883827055759581939e-02,2.637570894363829022e-02,1.264521999475191026e-02,2.826526067518028359e-02,3.355458866281383484e-02,6.266349409534312243e-02,3.005543476149536222e-02,9.394764419890644369e-02,8.577236441572592962e-02,3.299078662973820714e-02,6.602023592212510894e-02,1.542385862535342045e-01,9.337765103821915602e-02,1.297482509882564861e-01,9.434545406044254900e-02,2.479189318208741347e-02,6.424440100852407687e-02,2.871933315249652549e-02,1.535753354443111264e-02,2.337605083833295058e-02,1.231257544425337636e-02,3.030353648625161087e-02,1.025652088656566624e-02,9.677364127181236828e-03,2.268676726942221375e-02,1.450363941740138128e-02,2.317928521187218385e-02,1.113610972600399644e-02,2.092217193842311335e-02,8.185908013124122001e-03,6.506474630803518733e-03,2.376032107934657189e-02,3.117874803820807131e-02,2.851374936845639876e-02,1.555179599895591992e-02,3.513120552095738008e-02,5.843530740584369776e-02,6.082976785984123280e-02,1.567147810178834422e-02,7.380392857164960740e-02,4.275615426258561058e-02,5.511349431747850774e-02,4.032307022736787705e-02,9.627970376566322153e-02,3.229831409856114000e-02,3.123441169656940991e-02,2.303230154764012230e-02,1.544239781486965446e-02,2.890015060746615669e-02,2.456764876283419607e-02,5.421915497895132136e-02,3.249319031006193959e-02,9.375185835381780186e-02,9.552052394372576027e-02,3.170381709778884172e-02,6.242758176590151170e-02,1.843781956526042154e-01,9.731305673007543955e-02,1.299003023839411242e-01,8.762013201176527266e-02,1.984981276103634645e-02,7.695821344591335933e-02
2.266639887817288243e-02,2.970703835095313272e-02,2.183686677400039841e-02,1.334446543997520884e-02,4.411580479669131166e-02,5.931652915376872670e-02,6.269615219710109044e-02,1.415279883788916372e-02,6.577394782163911713e-02,4.399100231652645215e-02,5.033065242142258089e-02,3.061451106870163516e-02,8.813238257203605264e-02,2.883827055759581939e-02,0.000000000000000000e+00,2.514679979403326368e-02,1.302814295826014435e-02,2.852306640189222059e-02,3.341515063499228555e-02,6.181942430131566468e-02,3.001447969070788688e-02,9.345599401355336733e-02,8.668222383904784778e-02,3.308957233481618632e-02,6.589404923612895981e-02,1.567855541794170027e-01,9.220705469180760783e-02,1.281108885275461795e-01,9.328389138906890976e-02,2.385797121788495179e-02,6.392625126358855714e-02,2.900077778304061341e-02,1.593642200667511749e-02,2.457502696288423397e-02,1.283985707999885442e-02,2.959539726679540073e-02,1.035848226876903005e-02,9.827419154934688775e-03,2.358830411757390291e-02,1.502993589978272523e-02,2.349600249616048964e-02,1.165209539648193356e-02,2.092984035930928535e-02,7.927739998906047775e-03,6.762020031137016239e-03,2.308737884214820402e-02,3.044383296551154278e-02,2.834331978033525351e-02,1.535233464052498942e-02,3.554485583911265456e-02,5.777821888453578414e-02,6.133590179294001743e-02,1.604290387581196187e-02,7.348445555164483112e-02,4.242249513278168599e-02,5.586092269336356830e-02,4.095248562273457599e-02,9.512351836754480428e-02,3.167300440282497243e-02,3.079884648568381386e-02,2.292493586247575446e-02,1.520146593761409134e-02,2.835860679228641851e-02,2.528187883331277711e-02,5.382494557731385548e-02,3.264532949163426179e-02,9.395035236556388558e-02,9.573964412424357251e-02,3.095880983552896579e-02,6.267656756172124144e-02,1.854926373273166895e-01,9.568115372072767688e-02,1.271956012114716095e-01,8.679783709618679732e-02,1.957095630052256563e-02,7.552529984651168427e-02
2.044119577425368428e-02,2.687088282020063529e-02,1.951244414551238718e-02,1.218070033863303051e-02,3.989075602933898901e-02,5.376556084142999903e-02,5.668465299389836148e-02,1.260094164477970104e-02,5.908939805679158663e-02,4.032455329455743309e-02,4.557712912370590064e-02,2.713997865075425814e-02,7.962509771752135368e-02,2.637570894363829022e-02,2.514679979403326368e-02,0.000000000000000000e+00,1.167051969518836940e-02,2.551030629483294274e-02,2.989786558248747408e-02,5.659952452486472635e-02,2.684294724566664223e-02,8.324324143276878862e-02,7.705428922705997996e-02,2.924472958417660001e-02,5.900867733833810302e-02,1.371998823141505619e-01,8.354803636886631857e-02,1.154493189623820859e-01,8.425061465338895550e-02,2.203912331385429746e-02,5.667292794466805006e-02,2.569882030320809474e-02,1.404381609295592137e-02,2.124962575184666247e-02,1.114389436881897677e-02,2.734585637639921560e-02,9.346769241830891681e-03,8.838176962153870136e-03,2.043120534984421005e-02,1.325455582189138774e-02,2.094853013863075958e-02,1.003000429705390786e-02,1.928466473599038319e-02,7.386241361913091497e-03,6.099656701256693514e-03,2.085992882085355160e-02,2.755296455471519315e-02,2.533242395977702496e-02,1.400042721708327602e-02,3.160783537713843239e-02,5.209622639543259881e-02,5.494738233828169727e-02,1.416715993469352432e-02,6.531992415638812610e-02,3.854123258478767133e-02,4.986427630673054279e-02,3.605764681180467779e-02,8.602590559985244523e-02,2.918817307901077143e-02,2.771298717183085306e-02,2.048265916157315444e-02,1.382761448645352179e-02,2.538195209847599401e-02,2.204635952448962335e-02,4.868419399898615135e-02,2.910909109896567953e-02,8.422350595831895603e-02,8.544399376513968358e-02,2.813431808321809058e-02,5.578598254467390799e-02,1.634318106092185197e-01,8.671494998484442773e-02,1.151628035700207331e-01,7.874538916804271760e-02,1.783205939276748947e-02,6.861645587615930464e-02
1.015622595815590667e-02,1.310672698624499970e-02,9.614923976397755229e-03,5.907876688733003194e-03,1.986263988473873157e-02,2.672664646579534994e-02,2.818785204985469264e-02,6.417264972242253500e-03,2.960717010516203396e-02,1.992017603000684547e-02,2.269441914565130738e-02,1.346457853162440037e-02,3.938860502368386057e-02,1.264521999475191026e-02,1.302814295826014435e-02,1.167051969518836940e-02,0.000000000000000000e+00,1.275468111413336804e-02,1.525275453170448457e-02,2.804288284748016405e-02,1.336211882639753816e-02,4.210904476296767340e-02,3.916570339455913152e-02,1.457795365223223637e-02,2.925424769690182503e-02,6.938281894075225276e-02,4.169654248675131597e-02,5.737368412753440089e-02,4.226842679901291616e-02,1.074264473327110787e-02,2.849689517026613231e-02,1.346987103530810151e-02,7.179750704566102877e-03,1.052999319376199568e-02,5.462676242243431554e-03,1.320579547882373000e-02,4.642515120196576486e-03,4.693149138685818664e-03,1.081805309486639534e-02,6.845253094241747147e-03,1.056867737007821662e-02,4.835586527136449299e-03,9.463417958109513611e-03,3.592005357223325684e-03,3.293982923970213261e-03,1.044348578771034722e-02,1.381943175197285038e-02,1.224730796822010720e-02,6.861685664778747855e-03,1.536705629281211183e-02,2.596655944049898468e-02,2.709197424785623684e-02,7.051545022888437014e-03,3.268498838624874642e-02,1.928440329702239830e-02,2.466051502958493957e-02,1.818466585029464982e-02,4.315765431834346633e-02,1.413631596171901865e-02,1.397494611493108399e-02,1.016566588506243908e-02,6.813964765064108031e-03,1.304032737063867860e-02,1.046215016304203292e-02,2.413232192212057953e-02,1.448179852627839992e-02,4.264006914424354339e-02,4.308455590912985828e-02,1.415177261086873750e-02,2.794017628903013029e-02,8.179361257864639634e-02,4.312805128630829710e-02,5.765787206166695517e-02,3.959331713290046434e-02,8.856579487429766528e-03,3.452050611611585246e-02
2.225584364413332739e-02,2.938730029799710430e-02,2.150304854052696724e-02,1.333319576529122877e-02,4.380817194330019482e-02,6.009765301709308477e-02,6.268304581130561270e-02,1.419979574318184015e-02,6.605634323410466968e-02,4.446399586467286030e-02,5.015039493353008748e-02,2.996228561858449435e-02,8.767478506770433333e-02,2.826526067518028359e-02,2.852306640189222059e-02,2.551030629483294274e-02,1.275468111413336804e-02,0.000000000000000000e+00,3.334733555878124922e-02,6.235216117054677432e-02,2.957689535804948477e-02,9.363674663286242206e-02,8.689692770451792891e-02,3.249461362535266407e-02,6.554206242529878046e-02,1.544382423978216679e-01,9.282513485931198627e-02,1.275521398506475890e-01,9.458461525156140748e-02,2.424289670721561582e-02,6.317204614143527575e-02,2.970379429879831459e-02,1.609359399664818738e-02,2.324075748075887793e-02,1.222945322281216059e-02,2.906406993204194503e-02,1.029005820605866095e-02,1.015799490638214821e-02,2.374184304828936762e-02,1.492275973231817904e-02,2.314786881456990311e-02,1.065094500673834099e-02,2.101631184332884011e-02,8.120534365811719890e-03,7.082039264633110606e-03,2.272894821859562653e-02,3.049938986022315834e-02,2.753716043389572293e-02,1.523765753697903930e-02,3.433761705166812894e-02,5.777362597305278624e-02,6.022988758807884535e-02,1.572671339213641342e-02,7.255723914824424581e-02,4.250573848723181170e-02,5.448782877547000275e-02,3.971023484539893539e-02,9.531145024502592211e-02,3.174825337787727519e-02,3.066719486455398228e-02,2.280329737990687694e-02,1.520753979167299014e-02,2.864905825391256614e-02,2.341159452151508544e-02,5.381325248280272727e-02,3.184264219147901059e-02,9.467307550327591636e-02,9.532871168495790637e-02,3.119062326609688129e-02,6.219569143210244844e-02,1.809628235975867527e-01,9.597209087476403500e-02,1.276940369876295167e-01,8.789706601750488235e-02,1.958440158643330251e-02,7.676254330055848341e-02
2.664612171663523904e-02,3.430667297559898687e-02,2.571525920249590966e-02,1.581848040063574268e-02,5.153772549366115313e-02,7.023630126070443125e-02,7.377991820299063808e-02,1.660352004633634110e-02,7.696435284484601236e-02,5.173785245347241324e-02,5.911177284415543992e-02,3.497378253503420631e-02,1.032010194628598665e-01,3.355458866281383484e-02,3.341515063499228555e-02,2.989786558248747408e-02,1.525275453170448457e-02,3.334733555878124922e-02,0.000000000000000000e+00,7.345392601317583814e-02,3.466358035539094523e-02,1.089572754859187559e-01,1.015525025813802523e-01,3.812978195948660276e-02,7.617100245642591250e-02,1.799549857153280585e-01,1.086893914144794193e-01,1.488946103743617189e-01,1.102397916792302451e-01,2.845549242452017485e-02,7.421973944640071486e-02,3.410341027819363546e-02,1.847783634443353820e-02,2.762779473972694702e-02,1.463971792243402154e-02,3.453828648151757025e-02,1.204555236000671298e-02,1.187098951182959800e-02,2.694014914509937700e-02,1.733183582428150099e-02,2.757981586623142398e-02,1.292713182245089874e-02,2.493029736941005867e-02,9.488102799809695898e-03,8.295203791948344701e-03,2.704846347548667956e-02,3.560663464745803669e-02,3.306841498540707969e-02,1.813124509077599505e-02,4.026896082228088175e-02,6.844197427381806809e-02,7.112179170854297794e-02,1.853414309162055434e-02,8.582350825925798288e-02,4.982832010461057948e-02,6.465779250734014771e-02,4.752031369832243612e-02,1.121919674047225229e-01,3.755778643115143672e-02,3.610177840813572070e-02,2.653115374322794970e-02,1.792857233543809770e-02,3.344882389318178800e-02,2.857118733975592961e-02,6.373222831559330337e-02,3.775843085486026152e-02,1.099698600998870457e-01,1.120304199703518744e-01,3.683852766459666528e-02,7.237662723355935135e-02,2.123118346167758019e-01,1.131209828584195526e-01,1.498078251312613685e-01,1.034455314486839167e-01,2.324453243496127017e-02,8.955730327248975775e-02
4.927709025149096256e-02,6.465474722901959348e-02,4.716073854982913427e-02,2.990053943931662156e-02,9.626533749546170582e-02,1.307585181718223244e-01,1.380880464229292670e-01,3.094412223319660885e-02,1.438535448399745065e-01,9.746032168385451722e-02,1.105560627484257347e-01,6.545089808317436364e-02,1.931769326150882815e-01,6.266349409534312243e-02,6.181942430131566468e-02,5.659952452486472635e-02,2.804288284748016405e-02,6.235216117054677432e-02,7.345392601317583814e-02,0.000000000000000000e+00,6.445081365326477130e-02,2.022180472693273223e-01,1.873834967013885688e-01,7.117893373218643627e-02,1.423947020529512664e-01,3.368407810436877536e-01,2.026648345562004350e-01,2.790684033299134503e-01,2.046391284746377770e-01,5.250008000335652097e-02,1.385787857366710951e-01,6.392227963639346422e-02,3.401138076597563786e-02,5.144941896610767673e-02,2.733074267655236089e-02,6.547655205785926635e-02,2.281724325511079454e-02,2.149778369018283050e-02,4.989819331725780377e-02,3.228431967531816826e-02,5.087316606607148600e-02,2.353750182199864163e-02,4.565434835799409702e-02,1.779557581524559423e-02,1.510303919006019888e-02,5.017610795998481837e-02,6.738595394052779297e-02,6.099130865572550964e-02,3.384302435111434526e-02,7.523899147714843694e-02,1.262749079493940552e-01,1.332047380141096471e-01,3.438174877198213464e-02,1.591853761009376089e-01,9.343531178525024683e-02,1.195110790792325989e-01,8.774643100531348550e-02,2.091340479359705407e-01,6.957211294554482839e-02,6.712906178504218779e-02,4.954175067188944237e-02,3.351888029783159362e-02,6.183888734351121463e-02,5.201528751265001305e-02,1.180944639493264892e-01,6.939229975790253691e-02,2.057665935929131329e-01,2.076022281235599953e-01,6.835319715038037924e-02,1.348070245354338614e-01,3.963510978986662936e-01,2.105782720746680881e-01,2.790467740696078724e-01,1.925095029054640361e-01,4.305554768274809374e-02,1.678778843317943470e-01
2.416282859714406414e-02,3.070380620428237589e-02,2.248231468240131578e-02,1.389793534308104636e-02,4.644043837342952397e-02,6.196722374861864807e-02,6.548101216817260595e-02,1.468469703628509648e-02,6.740805107554964648e-02,4.643909912195472861e-02,5.266174226185406371e-02,3.170036351280113018e-02,9.195021269054522162e-02,3.005543476149536222e-02,3.001447969070788688e-02,2.684294724566664223e-02,1.336211882639753816e-02,2.957689535804948477e-02,3.466358035539094523e-02,6.445081365326477130e-02,0.000000000000000000e+00,9.575374200775596534e-02,8.980220351594747630e-02,3.448063196709328510e-02,6.763937454238842795e-02,1.613377051200435008e-01,9.518270573248141520e-02,1.325078058253869040e-01,9.601067530033130515e-02,2.468743241749643547e-02,6.611941521176351033e-02,3.051446006271202674e-02,1.643977150564566309e-02,2.493084960483462134e-02,1.308320525470508915e-02,3.092060462188673045e-02,1.072784733589927236e-02,1.032655676845293732e-02,2.441780967239839950e-02,1.548480825429702536e-02,2.451824857576337738e-02,1.184708652250471977e-02,2.191595390557623396e-02,8.506552167356861566e-03,7.136150670452831232e-03,2.466173975610543023e-02,3.138570031343089484e-02,2.875466238047163711e-02,1.622853895958521753e-02,3.625106464645892063e-02,5.954477757219649170e-02,6.347298204069509731e-02,1.646157236374247435e-02,7.518068672079948611e-02,4.473629122072789177e-02,5.741722557026923690e-02,4.262997415413895264e-02,9.944360190619168371e-02,3.336010614985822353e-02,3.224054537678437693e-02,2.365000879603264619e-02,1.595728217400911586e-02,2.968133964029782274e-02,2.497134063378193825e-02,5.502398055827586315e-02,3.404191832459341205e-02,9.621167907686989373e-02,9.825948478971563427e-02,3.279010771952035885e-02,6.422711220118978992e-02,1.904343878296822223e-01,9.869274521824514257e-02,1.324205902979216920e-01,9.004792748949666525e-02,2.021863301620634851e-02,7.944702662080171951e-02
