0.000000000000000000e+00,1.347422899996869247e-02,1.016070156235626167e-02,5.773865001123041317e-03,2.540046212504432077e-02,2.661997623925932421e-02,3.533815591899312075e-02,8.449138589785956319e-03,3.793852256627515407e-02,2.289786180845017685e-02,2.737654473346054149e-02,2.056292969130010459e-02,5.489566508457388583e-02,1.556240855885313024e-02,1.449496200065397353e-02,1.064675389467573813e-02,9.068653316328403879e-03,1.582226843304232466e-02,1.717167761294580500e-02,3.087250587459447818e-02,1.641698702655485995e-02,5.307052908890447229e-02,4.591838020655461539e-02,2.088897654756598221e-02,3.888913816167494097e-02,8.602831653632173059e-02,4.943381356894367001e-02,6.889304125146124280e-02,4.765974808298007598e-02,1.353802527859409612e-02,3.279733974127048424e-02,1.264264319930464425e-02,9.112467585310176157e-03,1.318534776967437809e-02,7.860799270844411046e-03,1.462035808520722666e-02,6.008298388778064887e-03,5.631624270988943963e-03,1.381354734123352475e-02,9.711025539608267657e-03,1.336709489785064923e-02,8.793293171659570875e-03,1.094288744467437902e-02,3.024310786364647983e-03,4.474545078484255464e-03,9.224775169695125301e-03,1.414491403229335698e-02,1.697168381129748188e-02,1.013778899035858855e-02,2.701033910170332758e-02,2.733181781877359884e-02,4.537191792986444705e-02,9.692325614296554495e-03,3.921456357215874489e-02,2.178632165477761146e-02,3.162779859985369313e-02,2.251117313186086835e-02,5.420408348706364648e-02,1.793988970862374355e-02,1.708211486879333135e-02,1.745978496764950816e-02,8.907714352578402842e-03,1.622526037595461643e-02,2.092699104161405144e-02,2.981575929959038446e-02,1.855333485407097138e-02,4.755266914777721288e-02,5.231186001906656252e-02,1.243762843208258938e-02,3.499162766329397267e-02,1.135510049136543853e-01,4.836497915957402305e-02,7.328107344930384626e-02,4.239098091877563368e-02,1.106163104142345900e-02,3.673508896560958442e-02
1.347422899996869247e-02,0.000000000000000000e+00,1.372811865138309426e-02,8.139704954277083779e-03,3.598048266905386899e-02,3.754560521797044997e-02,5.131750082106742439e-02,1.169796604724673318e-02,5.475093482380136156e-02,3.276237793918042318e-02,3.866010787396922943e-02,2.818533167106214085e-02,7.942018375467300995e-02,2.182531805086444787e-02,2.042030886722266333e-02,1.531266184811471906e-02,1.309184097378850858e-02,2.294073199156640083e-02,2.398568305274953461e-02,4.372174346696940106e-02,2.224048354856259305e-02,7.698646404903450313e-02,6.470384740367242371e-02,2.839570318520211883e-02,5.573378674692461288e-02,1.220878526639199713e-01,7.045322990213018222e-02,9.836070877943817181e-02,6.865824393112020252e-02,1.940122562696540431e-02,4.647885573959409378e-02,1.887278541423127037e-02,1.290535175303677076e-02,1.757351175859731690e-02,1.070614182049660530e-02,2.060515547243027892e-02,8.670187888557523773e-03,8.189004313302071514e-03,2.038072071527068790e-02,1.403221760952372971e-02,1.850864677009010986e-02,1.211762698415447086e-02,1.518236690657153928e-02,4.411901525308091487e-03,6.432016275630392244e-03,1.244625844978543283e-02,1.975504323731036224e-02,2.266853921672216943e-02,1.424872778696563425e-02,3.845483150072743356e-02,3.860982477816424924e-02,6.591614198977596706e-02,1.340023334755873104e-02,5.666437842263173652e-02,3.113098138629884909e-02,4.462309851114287795e-02,3.042999594765761345e-02,7.803344473632782552e-02,2.539172124450718437e-02,2.332306520625143653e-02,2.510978204042677367e-02,1.252236469592977672e-02,2.383176280450486836e-02,2.899827594971612910e-02,4.156915388779117843e-02,2.532568249309237116e-02,6.801945981491848425e-02,7.364785690779379612e-02,1.706740611194850973e-02,5.029920408756103495e-02,1.615096711393994300e-01,6.888452599203585824e-02,1.040576289504324681e-01,6.088282694363432446e-02,1.585833281188995733e-02,5.123704119294828635e-02
1.016070156235626167e-02,1.372811865138309426e-02,0.000000000000000000e+00,5.762337097294371532e-03,2.584297957088217690e-02,2.737336045042926269e-02,3.624134677340050403e-02,8.762900194776162763e-03,3.924978848621431954e-02,2.303637156112501791e-02,2.787300607503779420e-02,2.053876459531743873e-02,5.648857066684364464e-02,1.611682166045417738e-02,1.551391632652341160e-02,1.105124676889115282e-02,9.249716654671637922e-03,1.634208330035727061e-02,1.782353274938427296e-02,3.205755682804413420e-02,1.639838930445667795e-02,5.625123804151169193e-02,4.800982081308859117e-02,2.079588742472830709e-02,4.006264012728741331e-02,8.921236471992478878e-02,5.163804768782112586e-02,7.060426287038519544e-02,5.033273713841467101e-02,1.421896713251398665e-02,3.362444896218851065e-02,1.324294925847035141e-02,9.437320002294692992e-03,1.297450523052211604e-02,7.720079855460094606e-03,1.476082405408842002e-02,6.231420159034442401e-03,5.896208700533817591e-03,1.418176881720293638e-02,1.009560722971818668e-02,1.336337385147465945e-02,8.585544524074891631e-03,1.093769589351157971e-02,2.957313790115965318e-03,4.835956617116462727e-03,9.449689280288055618e-03,1.438422479080126229e-02,1.663604781920009767e-02,1.022691721350805528e-02,2.743063171558899130e-02,2.796484759070349407e-02,4.658145222544537306e-02,9.690594173695164446e-03,4.094911035196028420e-02,2.164509797741881458e-02,3.201232625569592344e-02,2.206006523767488695e-02,5.586127719242649226e-02,1.836320906110531712e-02,1.756787905833545951e-02,1.799509236575103088e-02,9.205285825321599807e-03,1.749115016289595412e-02,2.142352566909327960e-02,3.115669480445224654e-02,1.842427162719183914e-02,5.012350355004892982e-02,5.404001263435210395e-02,1.238031065498226661e-02,3.605143442338339804e-02,1.169203268199873469e-01,5.008350908745625579e-02,7.563590511501516733e-02,4.444042000960266026e-02,1.182246038270693203e-02,3.730792456567590815e-02
5.773865001123041317e-03,8.139704954277083779e-03,5.762337097294371532e-03,0.000000000000000000e+00,1.512873395153845404e-02,1.562451269207117827e-02,2.132072152574709598e-02,5.054535145812694141e-03,2.286042646505508785e-02,1.359090208123528605e-02,1.632256438180992170e-02,1.189241876746687486e-02,3.342190938733560768e-02,9.431844601221709562e-03,8.538254039352840760e-03,6.253093982359008741e-03,5.504423230480191831e-03,9.509673566716314239e-03,1.009970825088652401e-02,1.835463482108778271e-02,9.419859325822125401e-03,3.197654532570862879e-02,2.689511419319111710e-02,1.203483218919869369e-02,2.334698000115403849e-02,5.090646522263989060e-02,2.960339013662570407e-02,4.097237486292166359e-02,2.864127530250942105e-02,8.328449151900074038e-03,1.933076008613579186e-02,7.637546262530959043e-03,5.466940656114032022e-03,7.490816357196687994e-03,4.436985876948417590e-03,8.557991111663033890e-03,3.491447590188697780e-03,3.448606781804011180e-03,8.343638957993339614e-03,5.933087579673073514e-03,7.911803190423807169e-03,5.030113654749758002e-03,6.348994840763763463e-03,1.779147555507826824e-03,2.747019904267547410e-03,5.427670401854985810e-03,8.375221818601676430e-03,9.700978531247732295e-03,6.016936787743730128e-03,1.625553224624309845e-02,1.611594388842623252e-02,2.814665228055836937e-02,5.690079289248409743e-03,2.354296468234065576e-02,1.301671928293090391e-02,1.852523758385776764e-02,1.273708229504427920e-02,3.280267282386287175e-02,1.058638937756816584e-02,9.815483768488513991e-03,1.066940620981805810e-02,5.387334392301349958e-03,9.912882491660427245e-03,1.246242165565508188e-02,1.781852593073271832e-02,1.081750079743523316e-02,2.821893513790836583e-02,3.064073728621396348e-02,7.089300419704458456e-03,2.100350029160598722e-02,6.796211743000522831e-02,2.866085998919613159e-02,4.410617603983400803e-02,2.539989476330362789e-02,6.792369797912604402e-03,2.178578521721156319e-02
2.540046212504432077e-02,3.598048266905386899e-02,2.584297957088217690e-02,1.512873395153845404e-02,0.000000000000000000e+00,6.884813946094564541e-02,9.493984694880580610e-02,2.174417347396491451e-02,1.005229662475094904e-01,6.146944647017044128e-02,7.264190586914923142e-02,5.326109040263667799e-02,1.465601811252744968e-01,4.096217959088546690e-02,3.667994123270904711e-02,2.807259844824371020e-02,2.422969045244147135e-02,4.199089743693353027e-02,4.489176457002574255e-02,8.060697534611097059e-02,4.196015974081233196e-02,1.391116148044423684e-01,1.184561977323008997e-01,5.278586205516712371e-02,1.020301369012752563e-01,2.216882453067618441e-01,1.295587630982700800e-01,1.826887396951334674e-01,1.258201467395946571e-01,3.635924704863281037e-02,8.533562264973101885e-02,3.389641176801342498e-02,2.386077965542792931e-02,3.355304438549354396e-02,2.005324290627427328e-02,3.868722691652441703e-02,1.616570894867190925e-02,1.491362968128591079e-02,3.638265186012869939e-02,2.567120674145738357e-02,3.424167361066440818e-02,2.202693845057365762e-02,2.862553601820792132e-02,8.307201237523285930e-03,1.149709463016052556e-02,2.339097803549835750e-02,3.678979216650861417e-02,4.281470248528564115e-02,2.658599738095299841e-02,7.174792681032660102e-02,7.239364108662056652e-02,1.223634880928878427e-01,2.483768637558771142e-02,1.037440186942581721e-01,5.905081387421873274e-02,8.355165125225536005e-02,5.728475866862136473e-02,1.436428624811501853e-01,4.707170545615345369e-02,4.250607940441472610e-02,4.585904465559543369e-02,2.347077681922405193e-02,4.318372267252099800e-02,5.432778371543876134e-02,7.765874414817444671e-02,4.772719054575602637e-02,1.233402732529052248e-01,1.346578859678576878e-01,3.151435712682549434e-02,9.262132667540357023e-02,2.944428985531022946e-01,1.264401852240907287e-01,1.918896906529002633e-01,1.126269905671497679e-01,2.992848877073139499e-02,9.467175080968663614e-02
2.661997623925932421e-02,3.754560521797044997e-02,2.737336045042926269e-02,1.562451269207117827e-02,6.884813946094564541e-02,0.000000000000000000e+00,9.866819713608673825e-02,2.276752133235512149e-02,1.063724643480440102e-01,6.277851960075754578e-02,7.479514809683845966e-02,5.446768577408390988e-02,1.521607366664243510e-01,4.226301309002052781e-02,4.033147453643438907e-02,2.982751466792626233e-02,2.512300795139931972e-02,4.482608116090978922e-02,4.721722721841232345e-02,8.534281320037527541e-02,4.382393274325561972e-02,1.507882260986014578e-01,1.274756190442324910e-01,5.538415145179519800e-02,1.087635601473200125e-01,2.396794799241225293e-01,1.375788685767652952e-01,1.908563726420559881e-01,1.345215786074317743e-01,3.737119209275985288e-02,9.025488964255092006e-02,3.637203294385033675e-02,2.551748024500935866e-02,3.473102704796021678e-02,2.101591304111250988e-02,3.954397724793096841e-02,1.679648440104391377e-02,1.609753915443432742e-02,3.891374758770225345e-02,2.751154994628661130e-02,3.595162186451119485e-02,2.294858448735033821e-02,2.981601344995798292e-02,8.362737057246898489e-03,1.263528320221555222e-02,2.526497548072302937e-02,3.906739286377639009e-02,4.458929004603547075e-02,2.695269050960233045e-02,7.403265164081439254e-02,7.641207532559565752e-02,1.254589155345213758e-01,2.606534990792654105e-02,1.111941790784017753e-01,6.002879378985473413e-02,8.652187900703296741e-02,5.885890265293611257e-02,1.501588094751153124e-01,4.879937282796713294e-02,4.556423063673367690e-02,4.820576513001800095e-02,2.470328797631661868e-02,4.678406156554170553e-02,5.652011283139977971e-02,8.185273869528385260e-02,4.980728275051802406e-02,1.343298506334548170e-01,1.445042908547765070e-01,3.350114933944664530e-02,9.860091608778155658e-02,3.135821540138764019e-01,1.349830099751916090e-01,2.021185208650005116e-01,1.190793977147749649e-01,3.137193776873475892e-02,1.003478251175725089e-01
3.533815591899312075e-02,5.131750082106742439e-02,3.624134677340050403e-02,2.132072152574709598e-02,9.493984694880580610e-02,9.866819713608673825e-02,0.000000000000000000e+00,3.094572160934617316e-02,1.438229237242507341e-01,8.716753900124084298e-02,1.024580890335951983e-01,7.440757899007550968e-02,2.080491094831850851e-01,5.813159558738749400e-02,5.188904199426012248e-02,4.007269966355673368e-02,3.489418270174871051e-02,6.008666690678246547e-02,6.334816461796306808e-02,1.159525187984864897e-01,5.839279514852109554e-02,1.995711312135864668e-01,1.676407311190666882e-01,7.456560204580695017e-02,1.454691065013755114e-01,3.139099053836778008e-01,1.845262889959893571e-01,2.601581939129380960e-01,1.799461161040817048e-01,5.145333669259288811e-02,1.211256858874400766e-01,4.817531533290343726e-02,3.417372978216325075e-02,4.795998482199680807e-02,2.878377689649985749e-02,5.550813741425331127e-02,2.282021767932091924e-02,2.133174133544991566e-02,5.172687746188647101e-02,3.704579645218459422e-02,4.949344453406603200e-02,3.167995530067224674e-02,4.137583251043856075e-02,1.199359972167063013e-02,1.665903542277941823e-02,3.274967830909684963e-02,5.300345760054124555e-02,6.054373089537602726e-02,3.751887834004901529e-02,1.017336421138833880e-01,1.025480484337884801e-01,1.741027352662992689e-01,3.542525977570576412e-02,1.474196392423865465e-01,8.422037110347939393e-02,1.176510183321333169e-01,8.070551832824407468e-02,2.043929828688375028e-01,6.772126678007861500e-02,6.022665779554497306e-02,6.494874654853748097e-02,3.359855344078733347e-02,6.119654599069853512e-02,7.765221463971838656e-02,1.113949859406373893e-01,6.708780052022644824e-02,1.766863060601566449e-01,1.918747500575205822e-01,4.500333514432010296e-02,1.318382077437015298e-01,4.160509047289777107e-01,1.800439157631904541e-01,2.738508163663523343e-01,1.602666784691822444e-01,4.244670118379113150e-02,1.349690073575381399e-01
8.449138589785956319e-03,1.169796604724673318e-02,8.762900194776162763e-03,5.054535145812694141e-03,2.174417347396491451e-02,2.276752133235512149e-02,3.094572160934617316e-02,0.000000000000000000e+00,3.245935598665892347e-02,1.994252688980885022e-02,2.350602579249993357e-02,1.752227169494760539e-02,4.709946425387483843e-02,1.330371629956465795e-02,1.208170698126951985e-02,9.168493755704295797e-03,7.998992006829595824e-03,1.382414012238340068e-02,1.458098168175310343e-02,2.665171714149250012e-02,1.356160797711757938e-02,4.524899547817076012e-02,3.873303553773375235e-02,1.741915577442862406e-02,3.312161710125928471e-02,7.316815813676923186e-02,4.203174787490954190e-02,5.942623718778923536e-02,4.090226203661388032e-02,1.140917854687434514e-02,2.845158175217434027e-02,1.102813077758459451e-02,7.923978779432277325e-03,1.198214633057467435e-02,6.899745248649152146e-03,1.286021643637346584e-02,5.311549668881894795e-03,4.846696819472183851e-03,1.165144525809816076e-02,8.570442280358765014e-03,1.170431432985110515e-02,7.472155262669707455e-03,9.689234757258011199e-03,2.864314360175418753e-03,3.755996082026594879e-03,7.727230906216086409e-03,1.233866914988317014e-02,1.453680746598009707e-02,8.790972780920908863e-03,2.334772011667221939e-02,2.381760477288400596e-02,3.935391537234865511e-02,8.238378931219108095e-03,3.383509316322987071e-02,1.931217064238003461e-02,2.762564238155153576e-02,1.947580380760008389e-02,4.662135475778336757e-02,1.558826724842155009e-02,1.446715906162972416e-02,1.442465233261802302e-02,7.830210520417591608e-03,1.388231138188744315e-02,1.817821624224180005e-02,2.574252138786209052e-02,1.574543721682016353e-02,4.103597707592755717e-02,4.454021067333786138e-02,1.064839008547075437e-02,3.016596488732969233e-02,9.651648733025759708e-02,4.108818505090392620e-02,6.275289287398037874e-02,3.634842833238832727e-02,9.531078430492095216e-03,3.180363033304713094e-02
3.793852256627515407e-02,5.475093482380136156e-02,3.924978848621431954e-02,2.286042646505508785e-02,1.005229662475094904e-01,1.063724643480440102e-01,1.438229237242507341e-01,3.245935598665892347e-02,0.000000000000000000e+00,9.216398728909400151e-02,1.084304995253993487e-01,7.875431612255998082e-02,2.215156955833232633e-01,6.177920809760358012e-02,5.746102441748128509e-02,4.345164003340108022e-02,3.693461440073261826e-02,6.482475351708746891e-02,6.818977997694826432e-02,1.258618077049381834e-01,6.238782140112165975e-02,2.176877092946714609e-01,1.831245684282480635e-01,7.931828634997653560e-02,1.561891908173404786e-01,3.411770223722398465e-01,2.002526267003672811e-01,2.772359725112285567e-01,1.947573909182637175e-01,5.526122191483256313e-02,1.304076428071233584e-01,5.135768281791622952e-02,3.656704406517945899e-02,5.085513129836235352e-02,3.051299550060315724e-02,5.848550382778867213e-02,2.422359889074794659e-02,2.294681305775935973e-02,5.512877508271395166e-02,3.946101376902851066e-02,5.208904032054377520e-02,3.337825287371715133e-02,4.357252694600705772e-02,1.252454485440792492e-02,1.806860639043093159e-02,3.550823457517608694e-02,5.684202940850240082e-02,6.507949689775112401e-02,3.949001965105027045e-02,1.071840699101379024e-01,1.101747696721658565e-01,1.826906899963694486e-01,3.708396700983406652e-02,1.597127841641350354e-01,8.835920713944048210e-02,1.248561630232768449e-01,8.581838414425645156e-02,2.177590938429262435e-01,7.125814712066275147e-02,6.558369356793494753e-02,6.936867348129391320e-02,3.593415331158866799e-02,6.705998749895177025e-02,8.315601704279498851e-02,1.199007612343690188e-01,7.127757460260088218e-02,1.926045709500574243e-01,2.084683101320527754e-01,4.793670766382257531e-02,1.415982978545015647e-01,4.469620818852223509e-01,1.958147037106763855e-01,2.941139065094255378e-01,1.734592917559847902e-01,4.617635954161460748e-02,1.440705020312983975e-01
2.289786180845017685e-02,3.276237793918042318e-02,2.303637156112501791e-02,1.359090208123528605e-02,6.146944647017044128e-02,6.277851960075754578e-02,8.716753900124084298e-02,1.994252688980885022e-02,9.216398728909400151e-02,0.000000000000000000e+00,6.567418548035536263e-02,4.789174542918707422e-02,1.339363597741518308e-01,3.741612564008281461e-02,3.353423503981022707e-02,2.568415698628253099e-02,2.230032531829875125e-02,3.865456391872306580e-02,4.029190803810003135e-02,7.457277610681165014e-02,3.791925987709108409e-02,1.280761836029085388e-01,1.080062139746221922e-01,4.815797351333230003e-02,9.325999146683894292e-02,2.023216446519032208e-01,1.179936036499322771e-01,1.668836864808282694e-01,1.149509327447693491e-01,3.286152298377283815e-02,7.828914027636997564e-02,3.095191673296613516e-02,2.195550929378699279e-02,3.114625407681892444e-02,1.859477627709063552e-02,3.591359093977240791e-02,1.469863291507756721e-02,1.357587606028316449e-02,3.298223580905406543e-02,2.378272514411576902e-02,3.130113631489165466e-02,2.007646381366289673e-02,2.626111459205312387e-02,7.678317107144517692e-03,1.060769953089864097e-02,2.117407586025987429e-02,3.380842609311391495e-02,3.878683859241571080e-02,2.423041833144271018e-02,6.558238644774030957e-02,6.571717642218466437e-02,1.113945854982163058e-01,2.293169383241888681e-02,9.453046216429029924e-02,5.390164228592770473e-02,7.543566433580164987e-02,5.217957832515197902e-02,1.304159352216329448e-01,4.313718998282753403e-02,3.908996514892103258e-02,4.150463873558464523e-02,2.159069431806938041e-02,3.960301084448608622e-02,4.978154160575944814e-02,7.100563009221905197e-02,4.355470754713060277e-02,1.133374663822492578e-01,1.237635235214581408e-01,2.884796532850089634e-02,8.462289519255476733e-02,2.678450722935474815e-01,1.148602297447289255e-01,1.761896330542992717e-01,1.028487512933928122e-01,2.729782027332034594e-02,8.667580405381915265e-02
2.737654473346054149e-02,3.866010787396922943e-02,2.787300607503779420e-02,1.632256438180992170e-02,7.264190586914923142e-02,7.479514809683845966e-02,1.024580890335951983e-01,2.350602579249993357e-02,1.084304995253993487e-01,6.567418548035536263e-02,0.000000000000000000e+00,5.695427473772442239e-02,1.573090251356720204e-01,4.433887656140347161e-02,4.046415044443361919e-02,3.058941840471574719e-02,2.645334681548995245e-02,4.594647195812973095e-02,4.846501500321638567e-02,8.756669975853945131e-02,4.521461087821095071e-02,1.510494157289631045e-01,1.294434312950571153e-01,5.698997146851346451e-02,1.104939306871595972e-01,2.408971781844406745e-01,1.408016490804289422e-01,1.977106400277340026e-01,1.369408690818403052e-01,3.907983429277694931e-02,9.324905553877096964e-02,3.668118040375079741e-02,2.610770225396435301e-02,3.692931434755991615e-02,2.197395446557789955e-02,4.211312066235380069e-02,1.745062210708329606e-02,1.634854563243139103e-02,3.904664864701831717e-02,2.835732391745583725e-02,3.752497005344693909e-02,2.374371623969866174e-02,3.154134300834166710e-02,8.899553930885270928e-03,1.270875034300263454e-02,2.539355570601944945e-02,4.010102752716288715e-02,4.655908108294924685e-02,2.855008387866947092e-02,7.764452661644015430e-02,7.847194330966673903e-02,1.318003233371703997e-01,2.698351354619119707e-02,1.127948928927431926e-01,6.316541952698147278e-02,9.014758019037340253e-02,6.189408041034799579e-02,1.560989904075358037e-01,5.164146981780359802e-02,4.659627276060263751e-02,4.949494770210526029e-02,2.539632134876457226e-02,4.737251421133761159e-02,5.918963818748203959e-02,8.453716025214585983e-02,5.158815092348477405e-02,1.354289740403123166e-01,1.478134443697783906e-01,3.432321613747749134e-02,1.006644752734688480e-01,3.179423008453411970e-01,1.378444863279961186e-01,2.097720886131745066e-01,1.221282929471780854e-01,3.262129250908592931e-02,1.036833972846188112e-01
2.056292969130010459e-02,2.818533167106214085e-02,2.053876459531743873e-02,1.189241876746687486e-02,5.326109040263667799e-02,5.446768577408390988e-02,7.440757899007550968e-02,1.752227169494760539e-02,7.875431612255998082e-02,4.789174542918707422e-02,5.695427473772442239e-02,0.000000000000000000e+00,1.135610611562574146e-01,3.267718649337574000e-02,2.944885396120811710e-02,2.233290801167551326e-02,1.884858867845396607e-02,3.293291960452683631e-02,3.564040184284428953e-02,6.352927288329723865e-02,3.406293671114773991e-02,1.088957282334491877e-01,9.482333464380783561e-02,4.225797986509158277e-02,7.959210063638798294e-02,1.761210970287667155e-01,1.011073500626581551e-01,1.423104729276866709e-01,9.772994289617059627e-02,2.834265457837224431e-02,6.762909329457823804e-02,2.641020549650268875e-02,1.837323450527546254e-02,2.699404270164532799e-02,1.574195803898360141e-02,3.061874660159338846e-02,1.258304090074257968e-02,1.159431539420294893e-02,2.811193141967525955e-02,2.011679991469813439e-02,2.672318224057890559e-02,1.729068231178017279e-02,2.229258584990160760e-02,6.519220186059973901e-03,8.959024319592150815e-03,1.909837021555545189e-02,2.922287103591963281e-02,3.404154200560097210e-02,2.088619937366748003e-02,5.619551958468645136e-02,5.663833497517885979e-02,9.516850491381906307e-02,1.982544562936494961e-02,8.086102695601520007e-02,4.578801045683329740e-02,6.553242834565968511e-02,4.671424431715881509e-02,1.125110926358312280e-01,3.719790138058227252e-02,3.416187666932651856e-02,3.538619836427105148e-02,1.830605209561850591e-02,3.374047829545269439e-02,4.283422386741436716e-02,6.094655226461556663e-02,3.861459183504413473e-02,9.700707507719337486e-02,1.079798518902764098e-01,2.517066176377465506e-02,7.262862547617449094e-02,2.325981217979206928e-01,9.904011644937411873e-02,1.508613403021007437e-01,8.721008334481161750e-02,2.346460760649993899e-02,7.456478262184489114e-02
5.489566508457388583e-02,7.942018375467300995e-02,5.648857066684364464e-02,3.342190938733560768e-02,1.465601811252744968e-01,1.521607366664243510e-01,2.080491094831850851e-01,4.709946425387483843e-02,2.215156955833232633e-01,1.339363597741518308e-01,1.573090251356720204e-01,1.135610611562574146e-01,0.000000000000000000e+00,8.974300690750697251e-02,7.979491665980995019e-02,6.186199321081337771e-02,5.330068623349525775e-02,9.226564558456251675e-02,9.745376248502339578e-02,1.799328609412857993e-01,9.008878916403390003e-02,3.077684928468060743e-01,2.585565943850274273e-01,1.148167611141643202e-01,2.241879343698112148e-01,4.847291187355671216e-01,2.858077236324144677e-01,4.001994276297539122e-01,2.780143416241873666e-01,7.960383734925347010e-02,1.865105040007148385e-01,7.321765570672092438e-02,5.199954705783538245e-02,7.351196761214172370e-02,4.406830449564041324e-02,8.562438644205273841e-02,3.502825126270683875e-02,3.251100734553715593e-02,7.875889834344107499e-02,5.622151919410216941e-02,7.536561752311096707e-02,4.894390594462876692e-02,6.403885668282539856e-02,1.845728901638200858e-02,2.525084040733099541e-02,5.116640750479856115e-02,8.189930778738674366e-02,9.451645258173940745e-02,5.758524170024512806e-02,1.560959574577843734e-01,1.569249566347620251e-01,2.655226466081627157e-01,5.421137024670390214e-02,2.265603757429504317e-01,1.287312773798465759e-01,1.808784319535083618e-01,1.238154249019153830e-01,3.141492687257861349e-01,1.045956749131580210e-01,9.349323942733002435e-02,9.995270609187484334e-02,5.211617221735006383e-02,9.418532608969393261e-02,1.199303144501201041e-01,1.716413841531325979e-01,1.034256723739842704e-01,2.731220535622785883e-01,2.968389271455236234e-01,6.942462671098482974e-02,2.034500671283705764e-01,6.410957682577026473e-01,2.790846114440720394e-01,4.217839488514504298e-01,2.460161820158964230e-01,6.552570770945748135e-02,2.079528487848635310e-01
1.556240855885313024e-02,2.182531805086444787e-02,1.611682166045417738e-02,9.431844601221709562e-03,4.096217959088546690e-02,4.226301309002052781e-02,5.813159558738749400e-02,1.330371629956465795e-02,6.177920809760358012e-02,3.741612564008281461e-02,4.433887656140347161e-02,3.267718649337574000e-02,8.974300690750697251e-02,0.000000000000000000e+00,2.237354496035900628e-02,1.714471065370441055e-02,1.497572134537041716e-02,2.561175890664457722e-02,2.759172847465097070e-02,4.971312447403306023e-02,2.550311667630223919e-02,8.442411825725969210e-02,7.254405937985604347e-02,3.257092379637298307e-02,6.213080975781502813e-02,1.342421750544990910e-01,7.934036205725322755e-02,1.118001739753713281e-01,7.706875796997084138e-02,2.228174220277030076e-02,5.226683176776460160e-02,2.034044641900837475e-02,1.456413483137187180e-02,2.111569724013702062e-02,1.248937125544584414e-02,2.399452991616350325e-02,9.826579632651209414e-03,9.184993926914280377e-03,2.193751286646099946e-02,1.583619188875499961e-02,2.119598730136741660e-02,1.375688568112666543e-02,1.789194953092042295e-02,5.088418015120064856e-03,7.058447272213356702e-03,1.434232203555102156e-02,2.298190984021251590e-02,2.709948208397679539e-02,1.625630112147739142e-02,4.390898878021512464e-02,4.422738429365190294e-02,7.484536801055607924e-02,1.537578379475658570e-02,6.413893089507696765e-02,3.628258629832939453e-02,5.059664228837019301e-02,3.557992304413700596e-02,8.813526455152245753e-02,2.899208621845866113e-02,2.646548327206922277e-02,2.766000361219310422e-02,1.476752041680987407e-02,2.616289739278607543e-02,3.402718275875226545e-02,4.805813509160202640e-02,2.903885141065192660e-02,7.533193311460044395e-02,8.287950803118929177e-02,1.952463998073958665e-02,5.654960602378806406e-02,1.788543592159921869e-01,7.728612272212530276e-02,1.180997620761429640e-01,6.865299510973482677e-02,1.811432984422996911e-02,5.874315272742221955e-02
1.449496200065397353e-02,2.042030886722266333e-02,1.551391632652341160e-02,8.538254039352840760e-03,3.667994123270904711e-02,4.033147453643438907e-02,5.188904199426012248e-02,1.208170698126951985e-02,5.746102441748128509e-02,3.353423503981022707e-02,4.046415044443361919e-02,2.944885396120811710e-02,7.979491665980995019e-02,2.237354496035900628e-02,0.000000000000000000e+00,1.619441195645562187e-02,1.320474663801794041e-02,2.375368724611624099e-02,2.590874752532616385e-02,4.620363304289826223e-02,2.355276841442647054e-02,8.009117300381596305e-02,6.913425541188508716e-02,2.951300421538675944e-02,5.779488714611757949e-02,1.287256787024382287e-01,7.432091831289151795e-02,1.022667344837816239e-01,7.212456370971927211e-02,1.988087685574099761e-02,4.865839290830410030e-02,1.902596532284715758e-02,1.363011088208303245e-02,1.976670439390216735e-02,1.147853506389214136e-02,2.153546426396001773e-02,8.847415706665346866e-03,8.414917881465901195e-03,2.038520494761495577e-02,1.424174170781991253e-02,1.904985950585341009e-02,1.238948397161407887e-02,1.630851777288997925e-02,4.416611390387728195e-03,6.525331066347060324e-03,1.366735654505109310e-02,2.153221632917854539e-02,2.507074727316679907e-02,1.403020384871771047e-02,3.841873919717395114e-02,4.155588761580460838e-02,6.459226619639606148e-02,1.380749103587458441e-02,5.936990722245182039e-02,3.251591217994227734e-02,4.744600939380667903e-02,3.292771772322383717e-02,7.903089089458653627e-02,2.578136178092153494e-02,2.481643824653296734e-02,2.505102718183931793e-02,1.322014749483286893e-02,2.466687364133085536e-02,3.055084712249526990e-02,4.436734521057626029e-02,2.655674213405196174e-02,7.324844944781333522e-02,7.814678077947143087e-02,1.837961585123819644e-02,5.292470322788508236e-02,1.674022540519944369e-01,7.301234209705638467e-02,1.070849519172050041e-01,6.400790265216339814e-02,1.655999629367870679e-02,5.361037048165187557e-02
1.064675389467573813e-02,1.531266184811471906e-02,1.105124676889115282e-02,6.253093982359008741e-03,2.807259844824371020e-02,2.982751466792626233e-02,4.007269966355673368e-02,9.168493755704295797e-03,4.345164003340108022e-02,2.568415698628253099e-02,3.058941840471574719e-02,2.233290801167551326e-02,6.186199321081337771e-02,1.714471065370441055e-02,1.619441195645562187e-02,0.000000000000000000e+00,1.033298718145510796e-02,1.806607968430658587e-02,1.920749537132137447e-02,3.496913730338393339e-02,1.774144537941497665e-02,6.060430477330640275e-02,5.161958512065359383e-02,2.265488017097076062e-02,4.378333787666503774e-02,9.618014417338567601e-02,5.583855209892483323e-02,7.756531069223764063e-02,5.426524091686488194e-02,1.512917250134993181e-02,3.661655334344154911e-02,1.456555611131015240e-02,1.037726908960585545e-02,1.449289021219394777e-02,8.728594376216581435e-03,1.649408096938339771e-02,6.816102830432716614e-03,6.542456122094982875e-03,1.586766203664392166e-02,1.117420590679911452e-02,1.487838772622504004e-02,9.623757250586565531e-03,1.244007613370735899e-02,3.498374281696775556e-03,5.076424775468961134e-03,9.867080046398675128e-03,1.596989233596213253e-02,1.820628928612267119e-02,1.106078794767915638e-02,2.997177503863006007e-02,3.134202177955078966e-02,5.107424970572255890e-02,1.056158482523573972e-02,4.499212137199591621e-02,2.460120396313677030e-02,3.541196642713057008e-02,2.410763351218765324e-02,6.130353938614210851e-02,2.004751898175722788e-02,1.850938100397752847e-02,1.951603728095427370e-02,9.986493116996578157e-03,1.888098356282633464e-02,2.311261252322139442e-02,3.347071390309669381e-02,1.999044616968991689e-02,5.434426781008765139e-02,5.854815632041224238e-02,1.367912802680542467e-02,4.007012181625092123e-02,1.262742408340435663e-01,5.477081631833784214e-02,8.236668594163998325e-02,4.920346680068462403e-02,1.249100393673701660e-02,4.089302709909881789e-02
9.068653316328403879e-03,1.309184097378850858e-02,9.249716654671637922e-03,5.504423230480191831e-03,2.422969045244147135e-02,2.512300795139931972e-02,3.489418270174871051e-02,7.998992006829595824e-03,3.693461440073261826e-02,2.230032531829875125e-02,2.645334681548995245e-02,1.884858867845396607e-02,5.330068623349525775e-02,1.497572134537041716e-02,1.320474663801794041e-02,1.033298718145510796e-02,0.000000000000000000e+00,1.544507949015072774e-02,1.620636308327288999e-02,3.015434082836792457e-02,1.495901779584617348e-02,5.123648397683685379e-02,4.308706471892532336e-02,1.911694767069952589e-02,3.733844975886729811e-02,8.037515530148379994e-02,4.739733922536829014e-02,6.687974294751730664e-02,4.613004276784241076e-02,1.302192631471991123e-02,3.157701267435769621e-02,1.250098604671400285e-02,8.903911605482711308e-03,1.276509862669959576e-02,7.564933976132913462e-03,1.451743386829367453e-02,5.963654263894121489e-03,5.542966399317968314e-03,1.332898931908189574e-02,9.613447456446469822e-03,1.282545911090419467e-02,8.296595549944467060e-03,1.079001094265017932e-02,3.131449452680613171e-03,4.274313248093881447e-03,8.361833189164669111e-03,1.374272523089133634e-02,1.577743521062768134e-02,9.631089596746194789e-03,2.607380341795446574e-02,2.649236577853225291e-02,4.436950050401882589e-02,9.193522052149591048e-03,3.799147173423911283e-02,2.174691611536066702e-02,3.016177765992008805e-02,2.104352469830590711e-02,5.247338826652019755e-02,1.755872619644527344e-02,1.561157406838310953e-02,1.638004682712793786e-02,8.797848067902265881e-03,1.568944216716838119e-02,2.013065151020451693e-02,2.851924912565343903e-02,1.725236234956044334e-02,4.552686929418868489e-02,4.955528768792891864e-02,1.177894696598375326e-02,3.405181125199572417e-02,1.062535094307563016e-01,4.607330383172623944e-02,7.058345888592715278e-02,4.117424563506365265e-02,1.075853231128645789e-02,3.515985724307268967e-02
1.582226843304232466e-02,2.294073199156640083e-02,1.634208330035727061e-02,9.509673566716314239e-03,4.199089743693353027e-02,4.482608116090978922e-02,6.008666690678246547e-02,1.382414012238340068e-02,6.482475351708746891e-02,3.865456391872306580e-02,4.594647195812973095e-02,3.293291960452683631e-02,9.226564558456251675e-02,2.561175890664457722e-02,2.375368724611624099e-02,1.806607968430658587e-02,1.544507949015072774e-02,0.000000000000000000e+00,2.856489644964306518e-02,5.244042795612277597e-02,2.632234994715458576e-02,9.107811665733527018e-02,7.610355051740894106e-02,3.348231428136294596e-02,6.570995759440495521e-02,1.432907771403764685e-01,8.321511510657025879e-02,1.158722543985343800e-01,8.099411895971719844e-02,2.249704130565719287e-02,5.467623742156795669e-02,2.187483481207768213e-02,1.545885772141637922e-02,2.143881131310745522e-02,1.302111592192219981e-02,2.448134170013930092e-02,1.019806619432006567e-02,9.621817322268636646e-03,2.363572577886582579e-02,1.668191103012522589e-02,2.192474002910931724e-02,1.423704309289179279e-02,1.844597583450853853e-02,5.237750372692999944e-03,7.570228003807035443e-03,1.475643670913774630e-02,2.407492642599427801e-02,2.728056312060073152e-02,1.654651355218401954e-02,4.488154079222159143e-02,4.647770101762888767e-02,7.649031123128038900e-02,1.580549156598009750e-02,6.697614880839226903e-02,3.721793434220449504e-02,5.275778507620869362e-02,3.587472150903577711e-02,9.131627218598036000e-02,2.993318335002589578e-02,2.728004119262083388e-02,2.907864439427953335e-02,1.526168821274698564e-02,2.795205583471695523e-02,3.456987705379825637e-02,4.978767929225167560e-02,2.987608079972717268e-02,8.102731402993816612e-02,8.681087530160784549e-02,2.026541019363253121e-02,5.979406700796406626e-02,1.878994890645669658e-01,8.139294686569260862e-02,1.231552853309747231e-01,7.269303050100783814e-02,1.887071866704483417e-02,6.131680770555389404e-02
1.717167761294580500e-02,2.398568305274953461e-02,1.782353274938427296e-02,1.009970825088652401e-02,4.489176457002574255e-02,4.721722721841232345e-02,6.334816461796306808e-02,1.458098168175310343e-02,6.818977997694826432e-02,4.029190803810003135e-02,4.846501500321638567e-02,3.564040184284428953e-02,9.745376248502339578e-02,2.759172847465097070e-02,2.590874752532616385e-02,1.920749537132137447e-02,1.620636308327288999e-02,2.856489644964306518e-02,0.000000000000000000e+00,5.552054435506156849e-02,2.814413683785343956e-02,9.572916215740073786e-02,8.218923565779512330e-02,3.538749369973741288e-02,6.896098069324912982e-02,1.514418782567324984e-01,8.888099759553821921e-02,1.222081142319666747e-01,8.619159240162900526e-02,2.446573960287038926e-02,5.799812008754466619e-02,2.250469793400798266e-02,1.609620475307252038e-02,2.268534479435141762e-02,1.359682878971147854e-02,2.595280142265637621e-02,1.073590597105239346e-02,1.023664416816003411e-02,2.395891306606778501e-02,1.723641507931741521e-02,2.288044215358513503e-02,1.469585796131361345e-02,1.943937385799119483e-02,5.370183867982848518e-03,8.008465665928658772e-03,1.597608083863778436e-02,2.506731317656173824e-02,2.968538749950468125e-02,1.747827609353110739e-02,4.755487520559666809e-02,4.911770789636681067e-02,8.046883929993549345e-02,1.635302080850278145e-02,7.098675676728914696e-02,3.857557705057994973e-02,5.595327333898220123e-02,3.871176403980464836e-02,9.639228739346265840e-02,3.209588946217224736e-02,2.922645417826415584e-02,3.071614919660436982e-02,1.580293492703318398e-02,2.969355958379858024e-02,3.737426835251674018e-02,5.341578470033840620e-02,3.172892506222155934e-02,8.540439586648190806e-02,9.243845448154475175e-02,2.135825411657886475e-02,6.253682975166627300e-02,1.983712960493942690e-01,8.705610385612762292e-02,1.303136177933800488e-01,7.698457161738181398e-02,2.052861764849696347e-02,6.355718376428785843e-02
3.087250587459447818e-02,4.372174346696940106e-02,3.205755682804413420e-02,1.835463482108778271e-02,8.060697534611097059e-02,8.534281320037527541e-02,1.159525187984864897e-01,2.665171714149250012e-02,1.258618077049381834e-01,7.457277610681165014e-02,8.756669975853945131e-02,6.352927288329723865e-02,1.799328609412857993e-01,4.971312447403306023e-02,4.620363304289826223e-02,3.496913730338393339e-02,3.015434082836792457e-02,5.244042795612277597e-02,5.552054435506156849e-02,0.000000000000000000e+00,5.007107311391225529e-02,1.751495144698933526e-01,1.481393638644629696e-01,6.421928064003723513e-02,1.264204103769603627e-01,2.763697365366935554e-01,1.620470569325388188e-01,2.236509302528403020e-01,1.562881797842128329e-01,4.412378298861761167e-02,1.047818940062532345e-01,4.078185030509492992e-02,2.910918521954161675e-02,4.118461997264792618e-02,2.482545539330250836e-02,4.726363257889856090e-02,1.938729143792408335e-02,1.820035196227070759e-02,4.404803279721217907e-02,3.150756876956344044e-02,4.201201941527447914e-02,2.725290735771535369e-02,3.525030931929101080e-02,9.709017614667751067e-03,1.449273005628358597e-02,2.857370357776987252e-02,4.631505625988208835e-02,5.355006406998907842e-02,3.211564349453897155e-02,8.654789210168803426e-02,8.839742684202671341e-02,1.481733901512105600e-01,3.034185248465047849e-02,1.293791590593166008e-01,7.143736598309222141e-02,1.005224728719303628e-01,6.898655528284498850e-02,1.757709334807324442e-01,5.770413924997105232e-02,5.342280650479506315e-02,5.603190953755411707e-02,2.948430405778696903e-02,5.384290828315727723e-02,6.804523997060134277e-02,9.755081751957948855e-02,5.687677576002900248e-02,1.572837546715085966e-01,1.684562818048480071e-01,3.838561310502886653e-02,1.140401736238696451e-01,3.628363370358465012e-01,1.586916758411058281e-01,2.380916542405553393e-01,1.401380406114504651e-01,3.713075591003130865e-02,1.175441959750952864e-01
1.641698702655485995e-02,2.224048354856259305e-02,1.639838930445667795e-02,9.419859325822125401e-03,4.196015974081233196e-02,4.382393274325561972e-02,5.839279514852109554e-02,1.356160797711757938e-02,6.238782140112165975e-02,3.791925987709108409e-02,4.521461087821095071e-02,3.406293671114773991e-02,9.008878916403390003e-02,2.550311667630223919e-02,2.355276841442647054e-02,1.774144537941497665e-02,1.495901779584617348e-02,2.632234994715458576e-02,2.814413683785343956e-02,5.007107311391225529e-02,0.000000000000000000e+00,8.677884387380196962e-02,7.541929428500059041e-02,3.379711567566004438e-02,6.420710264070515760e-02,1.419260612088324436e-01,8.104928913493943121e-02,1.132927549269591855e-01,7.786576783130465251e-02,2.204376361342989463e-02,5.378217884608308547e-02,2.112628912482958365e-02,1.497307398554754976e-02,2.149638709629833611e-02,1.276290303357993997e-02,2.410038500845110634e-02,1.002074727184250509e-02,9.381245407682262810e-03,2.279125279244994390e-02,1.605276310630390085e-02,2.128223220952396924e-02,1.392888466651659440e-02,1.779526674478225726e-02,5.106647454603978342e-03,7.208412057486123480e-03,1.514467589458622261e-02,2.322451101800346654e-02,2.706997767402538960e-02,1.635800886759349038e-02,4.421320329541218730e-02,4.517020899125862715e-02,7.448486443865744155e-02,1.541870002698471527e-02,6.429255250717684500e-02,3.630673775050095170e-02,5.233901559265092401e-02,3.678662002441732831e-02,8.880447928288809356e-02,2.933007653687772984e-02,2.735058796956594054e-02,2.849790010506693394e-02,1.460512426555277306e-02,2.718151735483540984e-02,3.356355347936596650e-02,4.859492942124557513e-02,3.009834666496295774e-02,7.814829999402046756e-02,8.565182690946962496e-02,2.011297158815336314e-02,5.832998039174282223e-02,1.865854984829621865e-01,7.889139991915182504e-02,1.195952780951540645e-01,6.941416313878470690e-02,1.832805247671516480e-02,5.922719831160612458e-02
