0.000000000000000000e+00,1.827727256780061274e-02,1.385699946048127643e-02,5.959110553072925233e-03,2.572603902247586408e-02,3.178921167821573135e-02,3.273022160274836195e-02,6.590776986999296108e-03,3.615362973115674589e-02,2.404889035348097351e-02,2.913811178044601116e-02,1.894435195875765476e-02,5.129611599561601648e-02,1.334673576350201528e-02,1.336608781249754713e-02,1.429350073080781248e-02,9.896547751082288708e-03,2.058078325516967191e-02,1.609502408107435500e-02,2.957860474969087675e-02,1.513255210560961184e-02,4.924312937015657560e-02,5.067833669581502110e-02,1.509809120960896658e-02,3.839590515190420550e-02,8.127025626850388484e-02,5.878780193708565971e-02,6.795755018583128637e-02,4.125352514104782542e-02,9.579313962650324796e-03,3.049659722453740285e-02,1.262282687439716250e-02,8.393383436139916637e-03,1.269628537676784422e-02,5.141260971933243884e-03,1.546418856878648170e-02,5.658594455112810583e-03,4.706467685702511901e-03,1.375917305908063229e-02,8.091045093915699704e-03,1.299441891708515151e-02,8.406818034852258162e-03,8.112700926323329273e-03,3.426988646679173054e-03,2.806690496018449978e-03,1.069042472755784255e-02,1.452694419729437178e-02,2.181696203083323057e-02,8.159314809663788248e-03,2.303693244417543209e-02,3.157922377874188002e-02,3.715161754117662224e-02,1.150806561845693111e-02,4.301140592647983291e-02,2.211498866394454380e-02,3.934289924714775427e-02,2.494800154213412322e-02,5.148237868941746981e-02,1.630523069599216363e-02,1.417117208688315616e-02,1.475043096251620750e-02,8.359066832225705082e-03,1.539001982114898866e-02,1.527988773803545808e-02,2.889785289628316739e-02,2.298281801233198821e-02,5.092506607621439391e-02,5.866230452481686203e-02,1.435165248284063326e-02,3.114756479751796397e-02,1.084229759056279940e-01,4.703332576938284298e-02,6.626529153677006290e-02,3.861652013836624348e-02,1.005794719456125884e-02,3.138198320707672601e-02
1.827727256780061274e-02,0.000000000000000000e+00,3.043462574882347532e-02,1.290968690575031858e-02,5.403109199474919605e-02,6.837154867737119113e-02,6.950193328080303545e-02,1.357166946514441058e-02,7.695821255927559612e-02,5.239899283254764034e-02,6.242846325174849359e-02,4.004436119644078085e-02,1.100210591550053740e-01,2.818522992020221218e-02,2.720749251317143916e-02,3.108693893458800567e-02,2.157657802382967338e-02,4.457165738299753710e-02,3.504856680727258533e-02,6.426794328269722079e-02,3.080794085864123691e-02,1.054929412761880236e-01,1.079544449889336954e-01,3.153041267642171797e-02,8.126088240295212262e-02,1.694489424110370290e-01,1.268779836761452784e-01,1.444240210761660870e-01,8.891527104333521447e-02,2.064854356728683046e-02,6.539925537478954998e-02,2.655067185368336150e-02,1.747832615629145783e-02,2.757609702761354767e-02,1.079664388326547105e-02,3.328579985924418061e-02,1.217110835906577704e-02,9.883005982312722745e-03,2.886302410385266359e-02,1.669823341426572572e-02,2.783296730677961225e-02,1.767704469867037442e-02,1.807205435927816337e-02,7.524554907732775369e-03,5.717014971803595358e-03,2.186694902503744792e-02,3.145888270046412472e-02,4.705466535293838931e-02,1.736988356645936121e-02,4.850160024239886375e-02,6.749565527584394653e-02,8.004635264462865718e-02,2.367311299816615699e-02,9.040783416235823045e-02,4.767647677380231624e-02,8.336736022977868366e-02,5.087728070659423146e-02,1.098926213690809006e-01,3.535201083703461838e-02,2.915524503574710297e-02,3.212372011398468424e-02,1.845892866176519070e-02,3.357199253163983821e-02,3.297024966775166654e-02,6.306415783616182991e-02,4.723652434358341368e-02,1.100534357926430118e-01,1.244171936289499569e-01,2.952403972303973764e-02,6.661104017810108580e-02,2.256999602633996127e-01,1.017215912543467660e-01,1.417555412242646751e-01,8.294273866499586589e-02,2.115286817219538817e-02,6.730509575630377883e-02
1.385699946048127643e-02,3.043462574882347532e-02,0.000000000000000000e+00,9.608700165901280094e-03,4.061684900426607014e-02,5.149092296265152940e-02,5.234449121393530691e-02,1.009532191986309627e-02,5.842136233335519513e-02,3.872421834737476559e-02,4.690880032462833860e-02,2.980644881446990052e-02,8.202616246012436885e-02,2.141773729967103024e-02,2.072108264061903182e-02,2.299449927437098584e-02,1.609564143868331271e-02,3.313617581241613819e-02,2.669507885357203306e-02,4.833784399430307577e-02,2.299851156563454888e-02,8.017151360692544027e-02,8.207026291495643500e-02,2.354252343606307030e-02,6.157111304623603953e-02,1.282158571075409648e-01,9.536694132785983324e-02,1.080190327574055698e-01,6.725382530945311910e-02,1.567960090421656461e-02,4.938460048248342893e-02,1.948440808936740057e-02,1.339005848668311030e-02,2.092402825290756371e-02,8.327964813532181057e-03,2.500278911846509286e-02,9.056884584758161452e-03,7.447861286989851219e-03,2.129895740979848365e-02,1.258762913602354434e-02,2.097036921266517626e-02,1.311441650542928376e-02,1.370302770873327823e-02,5.573682560604555775e-03,4.368991991880271514e-03,1.642645613073581007e-02,2.369404922298592661e-02,3.567666577165245351e-02,1.322066322655986517e-02,3.633562169492515065e-02,5.141846279627648730e-02,5.977524480884396918e-02,1.786368381725558438e-02,6.866332973087616032e-02,3.534330455669382198e-02,6.250555499475551890e-02,3.797684242260086773e-02,8.201265968603345391e-02,2.667506828543123043e-02,2.240733586925323581e-02,2.400707047376208700e-02,1.370607410766697468e-02,2.518801095007411686e-02,2.549018437999728270e-02,4.802913160747029203e-02,3.515859047827840644e-02,8.333497117070436111e-02,9.347845989985757720e-02,2.199164196953521874e-02,5.011285650078239895e-02,1.699134102665769974e-01,7.662913761011273805e-02,1.064460854622837349e-01,6.304355991952986793e-02,1.619981543320161282e-02,5.090579466547336118e-02
5.959110553072925233e-03,1.290968690575031858e-02,9.608700165901280094e-03,0.000000000000000000e+00,1.778327649712758626e-02,2.220587162531241152e-02,2.248761073571980615e-02,4.481093504233660263e-03,2.502138196451405075e-02,1.693873467117066461e-02,2.047068702214611957e-02,1.312771293048611669e-02,3.581662340167136166e-02,9.161398519320481867e-03,9.036962009485652661e-03,1.004076559674741201e-02,6.984724627629614394e-03,1.450866487205235839e-02,1.109429990570406747e-02,2.044079010051258471e-02,1.022904466034229264e-02,3.408209141463688918e-02,3.489365130142343951e-02,1.031249841287414266e-02,2.633035874673756577e-02,5.555605673571146347e-02,4.099984679972633328e-02,4.704314651211784909e-02,2.900493473714228082e-02,6.560617431964358738e-03,2.109465873429816271e-02,8.934798097518662288e-03,5.806117305526297366e-03,8.951010621452183680e-03,3.389695202667391410e-03,1.072558246122817111e-02,3.961023384951845722e-03,3.239467370474626885e-03,9.680583943788959728e-03,5.535506382122611264e-03,9.035554313278855443e-03,5.660776289655453444e-03,5.514653452707270545e-03,2.505232706281515509e-03,1.952544667940471230e-03,7.220836087520009043e-03,1.000359412732598069e-02,1.504611358486671047e-02,5.637697566764034683e-03,1.584375854392348903e-02,2.201439952943114176e-02,2.610706756414066937e-02,7.848994726761324495e-03,2.967542758686102580e-02,1.551976765594627675e-02,2.760305071976550811e-02,1.687538896431079599e-02,3.601746046157736775e-02,1.141756007105612300e-02,9.603719943410665705e-03,1.027600948614212049e-02,5.999423209028070282e-03,1.077197858179314294e-02,1.087195737161953356e-02,2.024340120369230722e-02,1.591717044913438378e-02,3.537256710554064626e-02,4.067141804553617984e-02,9.749715660401945747e-03,2.137773102420028118e-02,7.459605336829022715e-02,3.259390992687354049e-02,4.625747430365801521e-02,2.668267016555329885e-02,6.874982393699255456e-03,2.153736528222554777e-02
2.572603902247586408e-02,5.403109199474919605e-02,4.061684900426607014e-02,1.778327649712758626e-02,0.000000000000000000e+00,9.330570174289830321e-02,9.553846719520027453e-02,1.880411904931648254e-02,1.055549080826768960e-01,7.114412727008029291e-02,8.573782752429909282e-02,5.528981420627324117e-02,1.506431595670131851e-01,3.865365959951097552e-02,3.761594210614470357e-02,4.185805526401522453e-02,2.942665906846598373e-02,6.060625685795907602e-02,4.739048204739249037e-02,8.688888733767174966e-02,4.354851425457802183e-02,1.446712179290746414e-01,1.459353520926627568e-01,4.377231593716064684e-02,1.121076122148908505e-01,2.335077922822930419e-01,1.708575812876582389e-01,1.992215699706665899e-01,1.228578101784490451e-01,2.832380634442589751e-02,8.964634171414666286e-02,3.718430865656439238e-02,2.433508782443951843e-02,3.766679060739612506e-02,1.495896870752556548e-02,4.556750564850349516e-02,1.675007032632278015e-02,1.366552182512987580e-02,4.029614265268590539e-02,2.337006673225176800e-02,3.802481628191286406e-02,2.407000002019591550e-02,2.436350234695151828e-02,1.029475743418095321e-02,8.149163648623836131e-03,3.086508628435698579e-02,4.260073940565290568e-02,6.360736833843916305e-02,2.399966095424323903e-02,6.774433318731401532e-02,9.252673397970218039e-02,1.094752901694526492e-01,3.276530520417175740e-02,1.247868774889222820e-01,6.564811671150701244e-02,1.153849721033542858e-01,7.111764221855532142e-02,1.503905870353519081e-01,4.836711372099700840e-02,3.972012226167833532e-02,4.327322665338318580e-02,2.494277126915358384e-02,4.527477225353822299e-02,4.590679667871893493e-02,8.497269124790428341e-02,6.625995423691771746e-02,1.489738644347649021e-01,1.696771316180206990e-01,4.107256850568130613e-02,9.125242136184030795e-02,3.123646557452345318e-01,1.384036307125469101e-01,1.939510639740925080e-01,1.136785677060192651e-01,2.959345510030695486e-02,9.180898829105670067e-02
3.178921167821573135e-02,6.837154867737119113e-02,5.149092296265152940e-02,2.220587162531241152e-02,9.330570174289830321e-02,0.000000000000000000e+00,1.209040702482329366e-01,2.366210173931948199e-02,1.351837021586197451e-01,8.868579213563705654e-02,1.076675862421721808e-01,6.813458133960850760e-02,1.912018547867571638e-01,4.891307445149072064e-02,4.775601106006234498e-02,5.305650881084048032e-02,3.705206527698789998e-02,7.660598999137807619e-02,6.065459597688253185e-02,1.106779385732601234e-01,5.399581734328358362e-02,1.845957846082507403e-01,1.876309613442084523e-01,5.485678315648753745e-02,1.423048845221354941e-01,2.968857309695024371e-01,2.169283128619283463e-01,2.531099561281165977e-01,1.561982733645058130e-01,3.621716553412434453e-02,1.135719107798518757e-01,4.686486526471214664e-02,3.065062623201787045e-02,4.723993194151548253e-02,1.921222678238623457e-02,5.723477535810884975e-02,2.096139439260682677e-02,1.745689666106563231e-02,5.027506442447250007e-02,2.962113074792149456e-02,4.738773884234783601e-02,3.013361691843447279e-02,3.169017815973677182e-02,1.290152498993219106e-02,1.035803890094938971e-02,3.855152568778930089e-02,5.477338115133648794e-02,8.069883609224355603e-02,2.976591820449184592e-02,8.502572477415562546e-02,1.181897168171934381e-01,1.381929774855219506e-01,4.123505735563087748e-02,1.588645756712201706e-01,8.148536693301344780e-02,1.447014386533500285e-01,8.773345438029103716e-02,1.900710536528323058e-01,6.159620135934381485e-02,5.082039828823730482e-02,5.481561709635139612e-02,3.174895219147212677e-02,5.769364874583123026e-02,5.731812548432849846e-02,1.088236979897558299e-01,8.181881845581742696e-02,1.910744266102629152e-01,2.162084999241809247e-01,5.196884561325288560e-02,1.175604678685347321e-01,3.960304628896454959e-01,1.766699906143233412e-01,2.457928611604147384e-01,1.453642670322371766e-01,3.769944352578875196e-02,1.161383572738803882e-01
3.273022160274836195e-02,6.950193328080303545e-02,5.234449121393530691e-02,2.248761073571980615e-02,9.553846719520027453e-02,1.209040702482329366e-01,0.000000000000000000e+00,2.448057028292341050e-02,1.369278013056257903e-01,9.135836055710447323e-02,1.107666494673460317e-01,7.077322288806807415e-02,1.930641989816807569e-01,4.943166445150422306e-02,4.879856234982357654e-02,5.435651512812447045e-02,3.794270038533911760e-02,7.818136097075677193e-02,6.140347666669362936e-02,1.118345727210151574e-01,5.576485012320660933e-02,1.864775124899920311e-01,1.890798253279630248e-01,5.572147778455610601e-02,1.440299342462648957e-01,3.004798146149214033e-01,2.210133062272899851e-01,2.560810331648837868e-01,1.577306081387218062e-01,3.638736002542156817e-02,1.148988708808061920e-01,4.773198244121812372e-02,3.116793215673764605e-02,4.834480338156149637e-02,1.893129963837060156e-02,5.814413914171066844e-02,2.139278546914426260e-02,1.771403285503390240e-02,5.202661102776828111e-02,3.025047780106659284e-02,4.888503764443707239e-02,3.094219203589120351e-02,3.091668773933180236e-02,1.308080564086182805e-02,1.053096676167709564e-02,3.925861762637913865e-02,5.511686776249265229e-02,8.147928493530831595e-02,3.047719099366515833e-02,8.637913756117081288e-02,1.187163534318976532e-01,1.406681487824044952e-01,4.246708565641657551e-02,1.607569957081931844e-01,8.383125904040002185e-02,1.484204527203694668e-01,9.076720300479075576e-02,1.937876719784805968e-01,6.168794931949803800e-02,5.084734873683175588e-02,5.557206846396960803e-02,3.216947401798446460e-02,5.817284635919054564e-02,5.805276524385108439e-02,1.095214210730054011e-01,8.486341316235540555e-02,1.925406318655891458e-01,2.187365011040863783e-01,5.261434873270984247e-02,1.170417669242634073e-01,4.017519924114244523e-01,1.778342107621802004e-01,2.491820374838118191e-01,1.460008197563233689e-01,3.791369527894328240e-02,1.174108016119306541e-01
6.590776986999296108e-03,1.357166946514441058e-02,1.009532191986309627e-02,4.481093504233660263e-03,1.880411904931648254e-02,2.366210173931948199e-02,2.448057028292341050e-02,0.000000000000000000e+00,2.700334877404517164e-02,1.761277745269044376e-02,2.152927921466951666e-02,1.392266828455516851e-02,3.836371788226982521e-02,9.735630495005021673e-03,1.004595018910635178e-02,1.070266174578549979e-02,7.266499649023045425e-03,1.539994868782320475e-02,1.228513641572188952e-02,2.231201385628767825e-02,1.118387978256487822e-02,3.748462011127529081e-02,3.776178142820246081e-02,1.129315816424154156e-02,2.867296952710626443e-02,6.082837863952478968e-02,4.314630318468590936e-02,5.125011192143250766e-02,3.172766992068202369e-02,7.337345475466076558e-03,2.333513424617608342e-02,9.427186415353805762e-03,6.194948977701280647e-03,9.687148955242131515e-03,4.061985834835316923e-03,1.111306983242251779e-02,4.158891764017870300e-03,3.477647047041019894e-03,1.015641854393330504e-02,6.066782897292193402e-03,9.612540718248763563e-03,6.182697794259501070e-03,6.446435850293060280e-03,2.648883912421101227e-03,2.124325702328201497e-03,7.742661607474975345e-03,1.115613541955456922e-02,1.596762533563101522e-02,6.086575503734752146e-03,1.719420103040701989e-02,2.382732176539970048e-02,2.781965839303358196e-02,8.256782642837599828e-03,3.197976088384123922e-02,1.645007552067224987e-02,2.936346112174046188e-02,1.820821489832784301e-02,3.844869082554247530e-02,1.228728451247649775e-02,1.046401807628033302e-02,1.085772850986606655e-02,6.318132115976531071e-03,1.176606335695752452e-02,1.166366535445818517e-02,2.170723211948638251e-02,1.670181206690075915e-02,3.866934056373973888e-02,4.354412075547491739e-02,1.046709981204055513e-02,2.388842505374030173e-02,8.079810875317088026e-02,3.569550397556939259e-02,4.978117542065201712e-02,2.949836222048174070e-02,7.636538796968095691e-03,2.401085426477093596e-02
3.615362973115674589e-02,7.695821255927559612e-02,5.842136233335519513e-02,2.502138196451405075e-02,1.055549080826768960e-01,1.351837021586197451e-01,1.369278013056257903e-01,2.700334877404517164e-02,0.000000000000000000e+00,9.963552397511420133e-02,1.225916659424941685e-01,7.673495534286561837e-02,2.157460567056611322e-01,5.499091209473258579e-02,5.563300392042971193e-02,6.014416816599144067e-02,4.179744999075727524e-02,8.708682397277561771e-02,6.973970165728241022e-02,1.265671957101391631e-01,6.083100313985581598e-02,2.113746340867329321e-01,2.150167541375189451e-01,6.166145635116201951e-02,1.613664779683871286e-01,3.371712243048324287e-01,2.488075832109550578e-01,2.875006440338344071e-01,1.776525831261336896e-01,4.111411514186513738e-02,1.293616682290713027e-01,5.254833739965029255e-02,3.484627864888167892e-02,5.407093337428887925e-02,2.168773523048012769e-02,6.447475570007277224e-02,2.358768249201298114e-02,1.994999886438144840e-02,5.654763964528641135e-02,3.400043951622384181e-02,5.386249527777698526e-02,3.346580640274295082e-02,3.549769725529969278e-02,1.435107272414052476e-02,1.203954622043798030e-02,4.328759691234385781e-02,6.184755057248118859e-02,9.133441663125221877e-02,3.352290542869822837e-02,9.546370141364077244e-02,1.337008291552202466e-01,1.561879896153473835e-01,4.657682405808066112e-02,1.808460235751048750e-01,9.268161849830762467e-02,1.647244419969269291e-01,1.001305857220719797e-01,2.163682506417630158e-01,6.944499220562783126e-02,5.823627423777179291e-02,6.172411064435509576e-02,3.608919017662211293e-02,6.589129169960482313e-02,6.509939970203927617e-02,1.251702035023556925e-01,9.203781209599606883e-02,2.198341365409856585e-01,2.468042144422835649e-01,5.866978103114162124e-02,1.333112143443243025e-01,4.490688328921862427e-01,2.020039687144358220e-01,2.821980821417992003e-01,1.654626975895403529e-01,4.378748875575014937e-02,1.316354378771573408e-01
2.404889035348097351e-02,5.239899283254764034e-02,3.872421834737476559e-02,1.693873467117066461e-02,7.114412727008029291e-02,8.868579213563705654e-02,9.135836055710447323e-02,1.761277745269044376e-02,9.963552397511420133e-02,0.000000000000000000e+00,8.214844130351361962e-02,5.249608046127952204e-02,1.437219387942075544e-01,3.712234275638123804e-02,3.507337328951357081e-02,4.015252926720448007e-02,2.806408652936443274e-02,5.747918872111625749e-02,4.541142484103011939e-02,8.301261762714075287e-02,4.070627783104905500e-02,1.367631598849705643e-01,1.388969789500178464e-01,4.095625422884046490e-02,1.062862591124159178e-01,2.202263544507290505e-01,1.642611212202579607e-01,1.892358554517736546e-01,1.163045078595500437e-01,2.670747738743408858e-02,8.436171221015499599e-02,3.474364129023150422e-02,2.299779653216030631e-02,3.575393126336866984e-02,1.377749100893266992e-02,4.448814251550364807e-02,1.625814249433785857e-02,1.284268528790909192e-02,3.765681479311677737e-02,2.199907109104722036e-02,3.589198142192833590e-02,2.254035771120905043e-02,2.356521664090564447e-02,9.920232129982978556e-03,7.629185038736839390e-03,2.867308052592766610e-02,4.041469496517942350e-02,6.014951342494272157e-02,2.306186474294514774e-02,6.418463149693312553e-02,8.699387147518140850e-02,1.049817652627579312e-01,3.078486096342398365e-02,1.171552751372319234e-01,6.265350786657000737e-02,1.095631672900839321e-01,6.638616867940030919e-02,1.433381939381630499e-01,4.603364923176162665e-02,3.692896497153688035e-02,4.158964205668288366e-02,2.399043090274730061e-02,4.320959395076963416e-02,4.297924574474749210e-02,8.054521568189948466e-02,6.216674491005445141e-02,1.411570177546305760e-01,1.603238538327607654e-01,3.818496743147280909e-02,8.655055823473015164e-02,2.941064539212137618e-01,1.304559240795266639e-01,1.854203057844649172e-01,1.071079925680025469e-01,2.784726932727070794e-02,8.626298693481534996e-02
2.913811178044601116e-02,6.242846325174849359e-02,4.690880032462833860e-02,2.047068702214611957e-02,8.573782752429909282e-02,1.076675862421721808e-01,1.107666494673460317e-01,2.152927921466951666e-02,1.225916659424941685e-01,8.214844130351361962e-02,0.000000000000000000e+00,6.320070602108771030e-02,1.734451937991231540e-01,4.484286403061363974e-02,4.354833939094242962e-02,4.835624009079489416e-02,3.418751268863398640e-02,6.996424548875089522e-02,5.522412788914990434e-02,1.012213681118886432e-01,4.953625012808816203e-02,1.685845457214933396e-01,1.698313665532529548e-01,4.985909810232374423e-02,1.296801500373952476e-01,2.691122689192454454e-01,1.983519037551524922e-01,2.306191218917432451e-01,1.426769922765115939e-01,3.307708227900621467e-02,1.041210198813413979e-01,4.242926851605369892e-02,2.785361151480728742e-02,4.366673330798399172e-02,1.738915828937384958e-02,5.267200971523564729e-02,1.927677859292014489e-02,1.574709197555508935e-02,4.569368208219781735e-02,2.689288680574592610e-02,4.344977503451468576e-02,2.752472992718538528e-02,2.883240503468469107e-02,1.205559346575638298e-02,9.458163282566298818e-03,3.467371053551154131e-02,4.955818072515528333e-02,7.318296602047891231e-02,2.757956283041674422e-02,7.770601535071179622e-02,1.070546004041682403e-01,1.266002745194674539e-01,3.722352145327544048e-02,1.444269143332528038e-01,7.553677672504753582e-02,1.325492161143601577e-01,8.127447311685685738e-02,1.740238164890083872e-01,5.600606139393878025e-02,4.614687301897615196e-02,4.991055672177709818e-02,2.894681457958063128e-02,5.266949982479082748e-02,5.283437446932863490e-02,9.933490697046150342e-02,7.483075009460296578e-02,1.736035044206056532e-01,1.954899823594687391e-01,4.675953963264955354e-02,1.064816066306077252e-01,3.585441635463134658e-01,1.613144891974706285e-01,2.255206414111843860e-01,1.319258455195201352e-01,3.449206675723102272e-02,1.060913785709904494e-01
1.894435195875765476e-02,4.004436119644078085e-02,2.980644881446990052e-02,1.312771293048611669e-02,5.528981420627324117e-02,6.813458133960850760e-02,7.077322288806807415e-02,1.392266828455516851e-02,7.673495534286561837e-02,5.249608046127952204e-02,6.320070602108771030e-02,0.000000000000000000e+00,1.108005591090738401e-01,2.874558030066924272e-02,2.775961326240686255e-02,3.106176875318024042e-02,2.159496594929333213e-02,4.424425379671277636e-02,3.477204688484304695e-02,6.350201303625416238e-02,3.204363030683536617e-02,1.054733287984670198e-01,1.073310702994350746e-01,3.198512291819419207e-02,8.174078733312395428e-02,1.719570413327121960e-01,1.255543847282103997e-01,1.458364313524648237e-01,8.976546383991296230e-02,2.064542934103005128e-02,6.514412798202277866e-02,2.698702771370684733e-02,1.796463589535926206e-02,2.768442916725968525e-02,1.081693770696091385e-02,3.377162003112574307e-02,1.238482387456141601e-02,9.898302180676049958e-03,2.936830425913499604e-02,1.732616299733197654e-02,2.820101743225780777e-02,1.774931799920510117e-02,1.761361601183360909e-02,7.696517885480048601e-03,5.792113149782948840e-03,2.266976177493834621e-02,3.102007728616847093e-02,4.627506961474424363e-02,1.785867467048054755e-02,4.963771147355625080e-02,6.688405393207816352e-02,8.120976898641255048e-02,2.401368303432692072e-02,9.064959490742237336e-02,4.815160369785260325e-02,8.476588742281974953e-02,5.188447351320833734e-02,1.105781239031664448e-01,3.538101835003601425e-02,2.903404989270574887e-02,3.174259211306347528e-02,1.822783226355350131e-02,3.316963684565846227e-02,3.371858122501180527e-02,6.079484277187949953e-02,4.888210583141266996e-02,1.074124055736961764e-01,1.241708186965590904e-01,2.967683829432483933e-02,6.645719224156679261e-02,2.296208029654294436e-01,9.965163301545718055e-02,1.427753361124443066e-01,8.190045895733193138e-02,2.130755498294343783e-02,6.722456546563441993e-02
5.129611599561601648e-02,1.100210591550053740e-01,8.202616246012436885e-02,3.581662340167136166e-02,1.506431595670131851e-01,1.912018547867571638e-01,1.930641989816807569e-01,3.836371788226982521e-02,2.157460567056611322e-01,1.437219387942075544e-01,1.734451937991231540e-01,1.108005591090738401e-01,0.000000000000000000e+00,7.830838884743844541e-02,7.641859580802540242e-02,8.619018274369605326e-02,5.990655261406862414e-02,1.233134066320774325e-01,9.615975545526879442e-02,1.769760758102697784e-01,8.734240574507889932e-02,2.943819368824295291e-01,2.983097130725293478e-01,8.795468985521330552e-02,2.280080404653464787e-01,4.738450949621405561e-01,3.499701209015906866e-01,4.047953280194623860e-01,2.495311048207925486e-01,5.766190809565449604e-02,1.810735081920011869e-01,7.460726488372584897e-02,4.879051002455977309e-02,7.508957382010426895e-02,3.009582296030732795e-02,9.216238500136648970e-02,3.372753407487565080e-02,2.767356953302725631e-02,8.165159044230217711e-02,4.739270744984108025e-02,7.647249640755905686e-02,4.895791570128287667e-02,4.976243835489469608e-02,2.080315354830463911e-02,1.649184017651983067e-02,6.196349747776801892e-02,8.730552478153186247e-02,1.292114768765422195e-01,4.793065680673921219e-02,1.360161250095533181e-01,1.874444407055372852e-01,2.218258062736871983e-01,6.658666268253690679e-02,2.530502921806122574e-01,1.324720336898498330e-01,2.328566737488894922e-01,1.429698011502260335e-01,3.056773320092743829e-01,9.794901274634192079e-02,8.112104207156176083e-02,8.805845218880448133e-02,5.091346181236997004e-02,9.205259767207893407e-02,9.087517870896165417e-02,1.727809184896827166e-01,1.329203271346527382e-01,3.039945166693228118e-01,3.457895151447374360e-01,8.305952862111179447e-02,1.871595738173308376e-01,6.352307828484237140e-01,2.819783504334850144e-01,3.941761337280417776e-01,2.304132076458189071e-01,5.989468465617591580e-02,1.859161094467829956e-01
1.334673576350201528e-02,2.818522992020221218e-02,2.141773729967103024e-02,9.161398519320481867e-03,3.865365959951097552e-02,4.891307445149072064e-02,4.943166445150422306e-02,9.735630495005021673e-03,5.499091209473258579e-02,3.712234275638123804e-02,4.484286403061363974e-02,2.874558030066924272e-02,7.830838884743844541e-02,0.000000000000000000e+00,1.964310091294394628e-02,2.192656804910321153e-02,1.545064719345581178e-02,3.172009799128329421e-02,2.507550732961036366e-02,4.513611876859571076e-02,2.231427920387887842e-02,7.519488505446600413e-02,7.659588639392017617e-02,2.240507520792945143e-02,5.804333893438837211e-02,1.201094505299217657e-01,8.995258039890725865e-02,1.038763501153338181e-01,6.355009404724305810e-02,1.462757079557447729e-02,4.646691190519357251e-02,1.901480409986693390e-02,1.247789588174124005e-02,1.940414632842236975e-02,7.489425819405214763e-03,2.352177384873106736e-02,8.473856594794364899e-03,7.073448779207993677e-03,2.071640534762397845e-02,1.203800859386763497e-02,1.968234937896341796e-02,1.246032159476022708e-02,1.270826571383852979e-02,5.331840401507265820e-03,4.198220311170692415e-03,1.589361990214588349e-02,2.241370561732327141e-02,3.314511456907031500e-02,1.237578468773842255e-02,3.477430454920907299e-02,4.828251243490935818e-02,5.677031181652353320e-02,1.720418610077084284e-02,6.536450199905330383e-02,3.388516301892806337e-02,6.019550102873178626e-02,3.676085144657125631e-02,7.838229869519566795e-02,2.561403634092476733e-02,2.057688710011611535e-02,2.264593472874207661e-02,1.310156923495128280e-02,2.370947887251877162e-02,2.351392680435390389e-02,4.476270116584372266e-02,3.413161386455168533e-02,7.808166107337730089e-02,8.835892327427125048e-02,2.110449913765759591e-02,4.751659145169276344e-02,1.614062860755246243e-01,7.202223528807455422e-02,1.011196019430826432e-01,5.910803466436687081e-02,1.548571509479959932e-02,4.760918729419622020e-02
1.336608781249754713e-02,2.720749251317143916e-02,2.072108264061903182e-02,9.036962009485652661e-03,3.761594210614470357e-02,4.775601106006234498e-02,4.879856234982357654e-02,1.004595018910635178e-02,5.563300392042971193e-02,3.507337328951357081e-02,4.354833939094242962e-02,2.775961326240686255e-02,7.641859580802540242e-02,1.964310091294394628e-02,0.000000000000000000e+00,2.112420911255801989e-02,1.445695848173336392e-02,3.053543616615789907e-02,2.485117777850087348e-02,4.494860106505087910e-02,2.225887849687762168e-02,7.569312140300669955e-02,7.664728669978494724e-02,2.293528773540334451e-02,5.773418125744126522e-02,1.237441244972087989e-01,8.677551273944882071e-02,1.022138375371631075e-01,6.382955784336656613e-02,1.474466382400335673e-02,4.719944457625949857e-02,1.906834621747331010e-02,1.266830336328763663e-02,1.975010689165960023e-02,8.265933872290737519e-03,2.262218660468446121e-02,8.408911857527706646e-03,7.165026297349270760e-03,2.047667977255706109e-02,1.243311041574562785e-02,1.926255162258938905e-02,1.217823162309218665e-02,1.284765790848956500e-02,5.215459461542390658e-03,4.408358800380760174e-03,1.569622882851857276e-02,2.254242385184989858e-02,3.231015030711836822e-02,1.199192610235268533e-02,3.424907090507497281e-02,4.754228867464403013e-02,5.536011109606708835e-02,1.664408996719267397e-02,6.472708353211317767e-02,3.305148867269768614e-02,5.828740921134210190e-02,3.663765242602688710e-02,7.688972123367147915e-02,2.456709435676813352e-02,2.178233905748830010e-02,2.184850331964257111e-02,1.262785992723008954e-02,2.362316485330582735e-02,2.392126960033232053e-02,4.442325644342909330e-02,3.289675624868061699e-02,7.851959616203013637e-02,8.820534833957414944e-02,2.137661709060574566e-02,4.844889104318682999e-02,1.636424426969763091e-01,7.200232339047399344e-02,9.993626127938391723e-02,5.987566549234087793e-02,1.540257236270943172e-02,4.792522681412925145e-02
1.429350073080781248e-02,3.108693893458800567e-02,2.299449927437098584e-02,1.004076559674741201e-02,4.185805526401522453e-02,5.305650881084048032e-02,5.435651512812447045e-02,1.070266174578549979e-02,6.014416816599144067e-02,4.015252926720448007e-02,4.835624009079489416e-02,3.106176875318024042e-02,8.619018274369605326e-02,2.192656804910321153e-02,2.112420911255801989e-02,0.000000000000000000e+00,1.673719755029057926e-02,3.432082521020077270e-02,2.698975844221796622e-02,4.978515255423428265e-02,2.448917248392325913e-02,8.180658702479985667e-02,8.337871641673988421e-02,2.468652578440330009e-02,6.377244488958640212e-02,1.325309209577841263e-01,9.782848092695217712e-02,1.133047293471670380e-01,6.942617238443526961e-02,1.604237546049482044e-02,5.055320855403702685e-02,2.072389152050192404e-02,1.364499065993933155e-02,2.108355441694742538e-02,8.504187166657063007e-03,2.587972956834340074e-02,9.420356117070496915e-03,7.647832931744085773e-03,2.243066711406731251e-02,1.317926544423905083e-02,2.144622862903960980e-02,1.375937292624324071e-02,1.415222611366846045e-02,5.979043878419297228e-03,4.585383482275075077e-03,1.721671114881116391e-02,2.452607568827866805e-02,3.615462897041600565e-02,1.355700156549350180e-02,3.777896675864313158e-02,5.269207410485410303e-02,6.234773419789614579e-02,1.849489371208568045e-02,7.024511162185138879e-02,3.705425327509589278e-02,6.465531987364674105e-02,3.990836947715473149e-02,8.524478170083485407e-02,2.739725484104815756e-02,2.273734022637441746e-02,2.465068775783921598e-02,1.437017824238597495e-02,2.593117707071187703e-02,2.552661327913500686e-02,4.838787023518770214e-02,3.701940224937747687e-02,8.476898920326636500e-02,9.628619502356897120e-02,2.313760704119501369e-02,5.235496293910438248e-02,1.768242246182127331e-01,7.881277824711979685e-02,1.096082517079700475e-01,6.435731503387484564e-02,1.639525638856513881e-02,5.219462009136334457e-02
9.896547751082288708e-03,2.157657802382967338e-02,1.609564143868331271e-02,6.984724627629614394e-03,2.942665906846598373e-02,3.705206527698789998e-02,3.794270038533911760e-02,7.266499649023045425e-03,4.179744999075727524e-02,2.806408652936443274e-02,3.418751268863398640e-02,2.159496594929333213e-02,5.990655261406862414e-02,1.545064719345581178e-02,1.445695848173336392e-02,1.673719755029057926e-02,0.000000000000000000e+00,2.368758274426290694e-02,1.908323591879381581e-02,3.456223090162673789e-02,1.674344005366269761e-02,5.696218632385739722e-02,5.786220999616818739e-02,1.690773552688800210e-02,4.448514603978297871e-02,9.105383881275024016e-02,6.833472949504468263e-02,7.903798223823457758e-02,4.829705948113076353e-02,1.124223168734121703e-02,3.528750334817624956e-02,1.435741678202340568e-02,9.335229989738572792e-03,1.477012736867842208e-02,5.798152957736937493e-03,1.838484710523075744e-02,6.583965976951621814e-03,5.265420445909694408e-03,1.544370622709372726e-02,9.048656468189041763e-03,1.487902784312456622e-02,9.399476514483634873e-03,1.014729850346187019e-02,4.034793129995373900e-03,3.186423466307594394e-03,1.183020557148951012e-02,1.718893984029934430e-02,2.533643566213011206e-02,9.391176590164307392e-03,2.618935403232905065e-02,3.642928234443415514e-02,4.343625814173759925e-02,1.269789978320292299e-02,4.866878313840535680e-02,2.600170443515771590e-02,4.520107205344255086e-02,2.759597364872642261e-02,5.936927816149467629e-02,1.933421229474705655e-02,1.540165340430181724e-02,1.726915846857507431e-02,1.010874009254082544e-02,1.795676933957145519e-02,1.777946867811459886e-02,3.407152433486155402e-02,2.548438195736179440e-02,5.933863076768926964e-02,6.661799748892685558e-02,1.589222183128378985e-02,3.632461648295369494e-02,1.213071478289458743e-01,5.515246979744194838e-02,7.705831066716925526e-02,4.494180527311378293e-02,1.177516880920442648e-02,3.609004390027357317e-02
2.058078325516967191e-02,4.457165738299753710e-02,3.313617581241613819e-02,1.450866487205235839e-02,6.060625685795907602e-02,7.660598999137807619e-02,7.818136097075677193e-02,1.539994868782320475e-02,8.708682397277561771e-02,5.747918872111625749e-02,6.996424548875089522e-02,4.424425379671277636e-02,1.233134066320774325e-01,3.172009799128329421e-02,3.053543616615789907e-02,3.432082521020077270e-02,2.368758274426290694e-02,0.000000000000000000e+00,3.897759176585542662e-02,7.186046020841654891e-02,3.533141310647316263e-02,1.185598016077998029e-01,1.204077405726428351e-01,3.520560894064302115e-02,9.208246062299375867e-02,1.913843858649478258e-01,1.406355906829382940e-01,1.628099509802412581e-01,1.001384460436384460e-01,2.333999803301785997e-02,7.310973656214909966e-02,2.962907396607083674e-02,1.945015619896831721e-02,3.006016518083456240e-02,1.216610403730951709e-02,3.710662140760033478e-02,1.361169443709328401e-02,1.082210954296677734e-02,3.205363545969701355e-02,1.891387833153607145e-02,3.040029892829767752e-02,1.959644454174395631e-02,2.042975597059249263e-02,8.465085888932310371e-03,6.518334629870699629e-03,2.480661112929282569e-02,3.558173490319888749e-02,5.204757120317362457e-02,1.931281538535857545e-02,5.451067385773705753e-02,7.563749836663195836e-02,8.928665301351346173e-02,2.661092933862773888e-02,1.014078055029380421e-01,5.302289835935947854e-02,9.291964936257655905e-02,5.723905913528055944e-02,1.222343994269768502e-01,3.952208605806860342e-02,3.291064056765792556e-02,3.543586446428124981e-02,2.053588903763612153e-02,3.718751976014115362e-02,3.652882807638229562e-02,7.007239158471262330e-02,5.328592333896273875e-02,1.229321142536331374e-01,1.386320089730017913e-01,3.306766802619047485e-02,7.529561555747293911e-02,2.546969542849450985e-01,1.133609979086891151e-01,1.580737345433659291e-01,9.317688753761529941e-02,2.402273452282353144e-02,7.497458696687170354e-02
1.609502408107435500e-02,3.504856680727258533e-02,2.669507885357203306e-02,1.109429990570406747e-02,4.739048204739249037e-02,6.065459597688253185e-02,6.140347666669362936e-02,1.228513641572188952e-02,6.973970165728241022e-02,4.541142484103011939e-02,5.522412788914990434e-02,3.477204688484304695e-02,9.615975545526879442e-02,2.507550732961036366e-02,2.485117777850087348e-02,2.698975844221796622e-02,1.908323591879381581e-02,3.897759176585542662e-02,0.000000000000000000e+00,5.711756130838360757e-02,2.699853275185595466e-02,9.516564604778673941e-02,9.676281110981006794e-02,2.743140197142541342e-02,7.236078615987126539e-02,1.506353043951455251e-01,1.117425624386242378e-01,1.284390790311841779e-01,7.997363403421761663e-02,1.865601788279207252e-02,5.883622052649915141e-02,2.319963267583889654e-02,1.580896502727446862e-02,2.447246748747123127e-02,9.827411621603845959e-03,2.885481219102357942e-02,1.043915373088931398e-02,8.973967124010235469e-03,2.524175086189664463e-02,1.505809839744128714e-02,2.449691175023284775e-02,1.531048863932417230e-02,1.629160583954805674e-02,6.474506643667147891e-03,5.322629732134504660e-03,1.874215285905487735e-02,2.809500009028830306e-02,4.134463393019107563e-02,1.514993085805108400e-02,4.270588805845472458e-02,6.054576371148056441e-02,7.028546803091552386e-02,2.085482947443903848e-02,8.137808464864475233e-02,4.159780491264566948e-02,7.365526398274806208e-02,4.485287158466429863e-02,9.727131934849689299e-02,3.138817089065636112e-02,2.619466884619733524e-02,2.824143005590226685e-02,1.618653558248022567e-02,2.985137153440807142e-02,2.983774479962933435e-02,5.683035912676986240e-02,4.095364906928799370e-02,9.904677996624994263e-02,1.103224861904907872e-01,2.603481148189533065e-02,5.969110352026635313e-02,1.995713456157877652e-01,9.123999610905017543e-02,1.259654233135329982e-01,7.478061185636501740e-02,1.951900432629770019e-02,5.992470927692639115e-02
2.957860474969087675e-02,6.426794328269722079e-02,4.833784399430307577e-02,2.044079010051258471e-02,8.688888733767174966e-02,1.106779385732601234e-01,1.118345727210151574e-01,2.231201385628767825e-02,1.265671957101391631e-01,8.301261762714075287e-02,1.012213681118886432e-01,6.350201303625416238e-02,1.769760758102697784e-01,4.513611876859571076e-02,4.494860106505087910e-02,4.978515255423428265e-02,3.456223090162673789e-02,7.186046020841654891e-02,5.711756130838360757e-02,0.000000000000000000e+00,4.993784489581990643e-02,1.715192814844898883e-01,1.755092286919292810e-01,5.044254849797531054e-02,1.316745598724394228e-01,2.758659552716761776e-01,2.032464133225362624e-01,2.348231087348691681e-01,1.441379094856920784e-01,3.352040721508459109e-02,1.060417927931633919e-01,4.308384112422489198e-02,2.808763527807072585e-02,4.371378369745831244e-02,1.744539252848225849e-02,5.275998546374444792e-02,1.928304108000271702e-02,1.596612595319026745e-02,4.624958916520228308e-02,2.733252159033571979e-02,4.420795804927271644e-02,2.755484073535455561e-02,2.895787661807838753e-02,1.195358193472392805e-02,9.471772575697890231e-03,3.514369964617191505e-02,5.113987381015466793e-02,7.503531212132190376e-02,2.739818790692221534e-02,7.789310269367988315e-02,1.092699526573611690e-01,1.285325040971725952e-01,3.819507653038983763e-02,1.479523531027844285e-01,7.640529714463668853e-02,1.347676804003891671e-01,8.193606129996183762e-02,1.770446584380563626e-01,5.665583015186643340e-02,4.732581046939714209e-02,5.131416670844948791e-02,2.960311162463443238e-02,5.427697475503742708e-02,5.323078948334376143e-02,1.020162347533755953e-01,7.527463624435007383e-02,1.792820796946729411e-01,2.021184104821228678e-01,4.780049551792828200e-02,1.085868529246487302e-01,3.668137901360652431e-01,1.647513882021623133e-01,2.303797660504860456e-01,1.347360592836941151e-01,3.526779984342288954e-02,1.086908401783290568e-01
1.513255210560961184e-02,3.080794085864123691e-02,2.299851156563454888e-02,1.022904466034229264e-02,4.354851425457802183e-02,5.399581734328358362e-02,5.576485012320660933e-02,1.118387978256487822e-02,6.083100313985581598e-02,4.070627783104905500e-02,4.953625012808816203e-02,3.204363030683536617e-02,8.734240574507889932e-02,2.231427920387887842e-02,2.225887849687762168e-02,2.448917248392325913e-02,1.674344005366269761e-02,3.533141310647316263e-02,2.699853275185595466e-02,4.993784489581990643e-02,0.000000000000000000e+00,8.367931759934067737e-02,8.533122277278533396e-02,2.559265242637192087e-02,6.567808852595008462e-02,1.376928854036791050e-01,9.884243397705649858e-02,1.156328782447459264e-01,7.065732519722353611e-02,1.602280338706192978e-02,5.165581051575048738e-02,2.168531402472727299e-02,1.415505995445873882e-02,2.131455066743381116e-02,8.613712997445253927e-03,2.599767898194372054e-02,9.606332182841950326e-03,7.860868366583166622e-03,2.369947347934988485e-02,1.378295212204213790e-02,2.157300272688881387e-02,1.415832384762315092e-02,1.381769495548776372e-02,6.024073032920170510e-03,4.758141588992760400e-03,1.835070624527987415e-02,2.482267360743267703e-02,3.662417856159071172e-02,1.397408574393379545e-02,3.936821475569367290e-02,5.306429720754504697e-02,6.351744315741285341e-02,1.948692059407281657e-02,7.240356591853074064e-02,3.741912082497941133e-02,6.710771169708260042e-02,4.178554301322060655e-02,8.728188959124155710e-02,2.780995199654013803e-02,2.367611694406050737e-02,2.483743766308649931e-02,1.428074439128361288e-02,2.607196531185426366e-02,2.578362956421603042e-02,4.849104188424205319e-02,3.899204494919084746e-02,8.611637892767586011e-02,9.933436984647449342e-02,2.417811781029072238e-02,5.310091213643862440e-02,1.844658790904808998e-01,7.918002887896609387e-02,1.122980431685489527e-01,6.556847833239286272e-02,1.700746671507854732e-02,5.282306659835998841e-02
