0.000000000000000000e+00,1.966035451607400092e-02,1.133865791036213488e-02,6.103095987730383816e-03,2.583453249666353008e-02,3.140361666207897029e-02,3.778925936683614345e-02,7.463400102993816843e-03,4.271615078757361184e-02,2.200509329422218815e-02,2.561155111280692676e-02,1.436402537056180595e-02,4.700770057261915991e-02,1.472812086588157036e-02,1.654573350839783769e-02,1.139664135573486767e-02,9.410190781528948029e-03,1.792295663947357162e-02,1.738173544828565051e-02,3.137916912689729665e-02,1.813375700216109804e-02,5.185503137923239830e-02,4.755215655423311594e-02,1.745118428711299116e-02,4.173116855518033130e-02,9.486725145992173924e-02,5.276997754714657374e-02,6.384600612952928689e-02,5.090343199289844300e-02,1.264130069091460792e-02,3.579994409431131591e-02,1.497052317332194654e-02,8.543867085790739224e-03,1.704301204962935939e-02,8.124973771778518442e-03,1.474740958845684180e-02,5.873353929195856971e-03,3.855180886479474614e-03,1.188980251249517270e-02,1.098238626542330856e-02,1.466364726033908897e-02,8.400667415178426911e-03,1.118119918410598844e-02,2.900452394397048852e-03,2.539461505006411490e-03,8.218256466449809505e-03,1.553985276676189339e-02,1.597112462027180588e-02,5.899342006828417299e-03,2.161110328755783822e-02,3.288896646200492602e-02,3.430668913925730840e-02,1.084114569935498533e-02,4.737079042310073790e-02,2.260000656424449028e-02,3.259151517291700162e-02,1.925641268609742940e-02,5.627127394837080909e-02,1.623815188507318069e-02,1.157401826372493961e-02,1.511576768047775271e-02,8.236156654420189599e-03,1.605724761980248036e-02,1.985927257196563878e-02,2.861851561601994054e-02,1.794350559873994153e-02,5.803524714614970853e-02,5.346541523180350919e-02,1.385603919863096466e-02,3.939151197402317867e-02,1.104782228120014254e-01,4.956615585503105353e-02,7.077486165354364422e-02,4.412379458844949143e-02,1.135635237872157678e-02,4.150345579339329710e-02
1.966035451607400092e-02,0.000000000000000000e+00,2.081641734613133218e-02,1.151323361977935403e-02,4.810179268554110737e-02,5.950966694715695976e-02,7.113409836576968515e-02,1.383498048423274264e-02,8.152801934422761188e-02,4.153178893139571753e-02,4.785422587233304631e-02,2.578388955762859688e-02,8.905936730530708556e-02,2.791364445286422316e-02,3.010136866522961432e-02,2.175942342072974267e-02,1.758847950083404499e-02,3.407959702830495180e-02,3.253459750728485145e-02,6.033304227018920773e-02,3.326955770699437098e-02,9.866490949887579687e-02,8.823216685529408632e-02,3.150975387226184060e-02,7.853905536462711667e-02,1.769147606885118906e-01,1.019248585284410064e-01,1.205561538815918127e-01,9.802843155421782362e-02,2.458198777014362901e-02,6.743825367492921330e-02,2.763121082748378962e-02,1.585153083729384446e-02,3.172212249520031668e-02,1.497137310441452179e-02,2.795725972637246731e-02,1.113493602781367130e-02,7.199436962118339021e-03,2.203637274812353386e-02,2.045181922479125808e-02,2.730915279165556028e-02,1.541747026245906226e-02,2.143290882347779688e-02,5.548278141764359170e-03,4.544810124878881363e-03,1.472460457571049715e-02,2.946981892804269657e-02,2.986115963321780281e-02,1.075535050371514804e-02,4.029903658713030606e-02,6.174515262944672150e-02,6.446367909813566222e-02,2.009092716642434107e-02,8.927126281644046091e-02,4.261046057697428363e-02,6.073073935710007754e-02,3.438430599825430950e-02,1.069450691363215411e-01,3.127915193835985319e-02,2.064813415156118923e-02,2.811281973566782597e-02,1.618701111853070723e-02,3.046405847650511187e-02,3.828603351122660675e-02,5.497160737178814760e-02,3.281526111405257129e-02,1.123941415584913395e-01,9.998759950870182711e-02,2.489851279507114545e-02,7.493497845981632322e-02,2.060034272509754516e-01,9.393404295271284843e-02,1.345085902579450654e-01,8.499111017450648731e-02,2.171555118793157615e-02,7.839486470358550396e-02
1.133865791036213488e-02,2.081641734613133218e-02,0.000000000000000000e+00,6.285313986780123596e-03,2.689359176669189888e-02,3.370620916688474300e-02,3.986209051816562432e-02,7.914625724034870038e-03,4.587003263928001590e-02,2.286137681417920592e-02,2.651471734737936153e-02,1.440544676896707288e-02,4.970695342399662764e-02,1.574862606436481377e-02,1.820559512825314225e-02,1.235414540877921401e-02,9.757629839594191348e-03,1.909665758313559142e-02,1.898728266761966210e-02,3.386138097534490549e-02,1.926783415608422992e-02,5.609027960531521445e-02,5.116162965049097372e-02,1.800843564860258803e-02,4.421984114176519265e-02,1.014237276191212594e-01,5.694831137978714070e-02,6.744842632752710843e-02,5.581010831660997845e-02,1.354562485003859250e-02,3.843471604603056202e-02,1.603024488740832990e-02,9.201463248080599469e-03,1.851253719463970965e-02,8.542871410376819824e-03,1.563819393488735665e-02,6.240880733645435934e-03,4.283079143271114990e-03,1.273662157581017911e-02,1.209139150686676899e-02,1.603742685811066285e-02,8.852115065597533292e-03,1.184108911687269117e-02,2.939141043421873885e-03,2.863792069113737723e-03,8.975147706453292726e-03,1.644002598592475550e-02,1.665034936074345773e-02,5.886289254446046976e-03,2.235336632235697743e-02,3.518602943510031750e-02,3.598416905514809083e-02,1.188938591652419219e-02,5.127694967579262547e-02,2.353173006581835841e-02,3.416013110582278439e-02,1.989544419007581444e-02,6.039182671701721905e-02,1.715228145551114108e-02,1.246541383796352480e-02,1.576898694723636793e-02,8.908009011512927483e-03,1.758812202660852905e-02,2.139695899611042049e-02,3.112913476808968488e-02,1.927940738508079899e-02,6.404849898441906941e-02,5.816400584871464496e-02,1.448364767411467260e-02,4.239476917462456362e-02,1.185932197331201199e-01,5.306618831048191820e-02,7.628419067248785879e-02,4.770613929348110904e-02,1.230918785908500721e-02,4.450645905202971209e-02
6.103095987730383816e-03,1.151323361977935403e-02,6.285313986780123596e-03,0.000000000000000000e+00,1.469382786748774442e-02,1.813076911563528751e-02,2.177519362039277012e-02,4.258029998680547962e-03,2.488766760261250377e-02,1.270897652175424254e-02,1.453090221245897928e-02,7.698156850657802280e-03,2.687790336170229472e-02,8.484355683919709776e-03,9.323666008639479308e-03,6.697872005587419096e-03,5.374489677984352343e-03,1.041290157901659207e-02,9.921395769450960800e-03,1.850629196253297457e-02,1.012474587316285028e-02,3.030801425176228581e-02,2.735539025120791931e-02,9.592483091969980849e-03,2.436382416799282372e-02,5.475771636235147316e-02,3.107191001845317768e-02,3.621889240141278749e-02,2.991461370558119726e-02,7.321063236753562985e-03,2.065517167995740630e-02,8.884068281908534884e-03,5.065646540831528905e-03,9.912470595537323931e-03,4.604646924872105550e-03,8.363733563058263140e-03,3.379955766981933719e-03,2.203479034406517073e-03,6.949667206555634226e-03,6.610300843094592781e-03,8.464345161290475622e-03,4.618365994509167002e-03,6.363961443282900414e-03,1.605279007413717898e-03,1.413229627404150989e-03,4.522180887156425355e-03,8.902402283217678708e-03,8.742847317669654242e-03,3.175789265956467829e-03,1.216845176933117542e-02,1.904569658469512650e-02,1.962579559092082412e-02,6.352574133683520571e-03,2.781772873222103024e-02,1.280716197712195373e-02,1.871139560340419339e-02,1.047126261093327473e-02,3.301234689506752501e-02,9.359807691515165812e-03,6.015678945670706670e-03,8.624172802936402524e-03,4.923624146676101529e-03,9.417678353312988748e-03,1.171897032259172459e-02,1.681511922954667670e-02,9.902595226819263172e-03,3.460737619636478773e-02,3.064697798362644998e-02,7.618366198719882243e-03,2.324682323483188984e-02,6.359415929609554818e-02,2.860717786316537697e-02,4.127739633281873183e-02,2.594205047846949094e-02,6.602219620150466019e-03,2.423537147436508749e-02
2.583453249666353008e-02,4.810179268554110737e-02,2.689359176669189888e-02,1.469382786748774442e-02,0.000000000000000000e+00,7.630201864688775093e-02,9.165846701572569200e-02,1.780072713629709744e-02,1.044612821220124443e-01,5.389783256754329677e-02,6.159428916338906268e-02,3.331899732681400245e-02,1.143024120321385340e-01,3.596080278667990182e-02,3.922941472469523849e-02,2.813955692020325694e-02,2.272761085167406339e-02,4.406405913519285261e-02,4.218606468526008013e-02,7.738744278312376101e-02,4.292580889972948816e-02,1.268756037655945079e-01,1.145849712062825404e-01,4.068476024606206692e-02,1.018612884567106774e-01,2.287470310436235388e-01,1.302801304254170012e-01,1.550036740834346005e-01,1.263457602532896684e-01,3.139283541846404901e-02,8.730729546950323494e-02,3.700473613624705171e-02,2.113973868953381713e-02,4.139432990223836095e-02,1.955671486545651830e-02,3.618086545111878077e-02,1.452200681409046221e-02,9.413963836941968005e-03,2.927867903046134021e-02,2.724329246154982495e-02,3.557887254437264168e-02,1.973355106324811703e-02,2.739413935178913739e-02,7.056138331644760259e-03,6.046508884449083333e-03,1.940977892630865037e-02,3.804639336177242925e-02,3.749793309069988922e-02,1.378115932117816161e-02,5.218603501770682773e-02,8.020598104317400168e-02,8.296920491896776773e-02,2.618211638093015034e-02,1.160706077830155197e-01,5.523403034674946588e-02,7.941304976091197176e-02,4.485856028452739341e-02,1.382613637422455966e-01,4.001627187816855780e-02,2.641918412694738497e-02,3.637646270205681376e-02,2.042638674975867305e-02,3.944454927948302242e-02,4.934599915560878430e-02,7.044446448795309290e-02,4.237306480712111495e-02,1.445422043937963086e-01,1.293841386700333163e-01,3.264049918348811696e-02,9.750334324280846010e-02,2.676769891479341967e-01,1.199884037485332844e-01,1.743343147986591013e-01,1.091716928475083837e-01,2.838013751976065438e-02,1.015898272052672274e-01
3.140361666207897029e-02,5.950966694715695976e-02,3.370620916688474300e-02,1.813076911563528751e-02,7.630201864688775093e-02,0.000000000000000000e+00,1.138937652639219200e-01,2.198595258753468368e-02,1.307687940510652291e-01,6.641989879885823456e-02,7.585526911629364433e-02,4.169604619096871356e-02,1.425468787516519231e-01,4.432384169514336225e-02,4.869828453983844618e-02,3.539019831544926858e-02,2.771755279175640990e-02,5.496127581803746803e-02,5.249128750172288305e-02,9.741577126323378022e-02,5.294346689731865147e-02,1.610205938276726700e-01,1.448167100896358417e-01,5.054288781099456479e-02,1.269302390048986373e-01,2.867920799929915554e-01,1.631080752042317061e-01,1.935999895726086550e-01,1.588221266760106998e-01,3.870466423935819272e-02,1.074532515113868492e-01,4.596649797160647088e-02,2.605048812831347108e-02,5.093487607957310898e-02,2.451272335765382338e-02,4.466420734838291717e-02,1.803870840098105444e-02,1.203279415170095679e-02,3.645196128374181277e-02,3.382959761980289248e-02,4.392212415146842797e-02,2.449242438852064843e-02,3.361483531318621570e-02,8.743425806767212913e-03,7.661336408149661999e-03,2.449548181124461960e-02,4.720998799389265060e-02,4.719939826627445045e-02,1.696496360458638747e-02,6.444885431499546014e-02,1.007482644408665001e-01,1.029356218983493998e-01,3.238699701725809843e-02,1.456253824046029877e-01,6.745229816875662754e-02,9.728598386847263357e-02,5.507571643050583610e-02,1.706803989764926199e-01,4.915778735199998611e-02,3.379347033937921824e-02,4.528025896313905146e-02,2.592324046898138515e-02,4.998121978155269790e-02,6.047856424842226741e-02,8.832876186295010590e-02,5.297589874171179658e-02,1.819668027037961155e-01,1.632883674893778336e-01,4.009787628626045736e-02,1.213903987100739823e-01,3.328862254569454615e-01,1.520231922205096675e-01,2.158816228698664796e-01,1.373385047309510498e-01,3.508295407730556426e-02,1.258139379375586286e-01
3.778925936683614345e-02,7.113409836576968515e-02,3.986209051816562432e-02,2.177519362039277012e-02,9.165846701572569200e-02,1.138937652639219200e-01,0.000000000000000000e+00,2.644719097006414943e-02,1.556552013122806666e-01,7.949221666646122397e-02,9.112303587979363184e-02,4.963099689334769804e-02,1.693039288920291374e-01,5.289738860636306050e-02,5.798632278306784654e-02,4.185476665621548631e-02,3.360971045817111313e-02,6.510737602221497444e-02,6.235563908448987780e-02,1.153138664004931119e-01,6.351617621324200103e-02,1.890585258522353707e-01,1.696610846516441173e-01,6.018666785244566192e-02,1.508837566159734189e-01,3.385555094602342163e-01,1.928997355955103243e-01,2.296470701801531789e-01,1.869650184245302271e-01,4.620806582193928008e-02,1.286492014335291478e-01,5.415081515478054053e-02,3.089077020804587015e-02,6.108422519306862253e-02,2.884862829538235168e-02,5.330601773556718770e-02,2.132739704976777118e-02,1.387284320744597982e-02,4.275299439170188870e-02,4.014540029629123236e-02,5.258891559184140224e-02,2.931283508595370832e-02,4.035077801709319179e-02,1.046185833429839722e-02,8.925934236302390801e-03,2.850516469682811554e-02,5.653479673004541128e-02,5.564530552513784201e-02,2.047920626198055163e-02,7.674869420252117269e-02,1.184285442616978823e-01,1.227384641142895694e-01,3.872182758608789382e-02,1.714421155080388670e-01,8.147742732596614801e-02,1.166469682455854029e-01,6.645300049133963383e-02,2.044058274155024224e-01,5.895210065028633900e-02,3.920160395609091630e-02,5.373707273413562413e-02,3.030404231574839596e-02,5.814284627431640096e-02,7.224272951512372698e-02,1.048249039570133406e-01,6.258956950538421826e-02,2.137636233841594957e-01,1.911510070886965618e-01,4.817818903050207630e-02,1.441690241359355473e-01,3.952004348050420224e-01,1.786299186906067094e-01,2.573158801789480199e-01,1.618005001514569163e-01,4.166951654817573764e-02,1.500584251118054768e-01
7.463400102993816843e-03,1.383498048423274264e-02,7.914625724034870038e-03,4.258029998680547962e-03,1.780072713629709744e-02,2.198595258753468368e-02,2.644719097006414943e-02,0.000000000000000000e+00,2.979017532434195814e-02,1.532932416985892735e-02,1.810334546293074567e-02,1.023793965455345803e-02,3.314319009241394054e-02,1.018286510122168829e-02,1.164252389815024005e-02,8.161163488242874006e-03,6.482943241147052539e-03,1.266606003785369222e-02,1.222046761153007706e-02,2.226386225311209263e-02,1.237955444791118999e-02,3.730927056924428914e-02,3.352835525394648464e-02,1.218073471711810310e-02,2.950126406812790189e-02,6.736995919284452516e-02,3.739588355883639859e-02,4.502957168159030937e-02,3.626036557121343346e-02,8.904164834660513450e-03,2.529825788961593408e-02,1.031287834152300187e-02,6.042950895141801018e-03,1.186226534622811593e-02,5.654323864356344473e-03,1.018364832126029615e-02,4.089856201337081776e-03,2.772253545146690940e-03,8.329740064886737017e-03,7.694187765181937678e-03,1.008371560613444823e-02,5.701596308744418667e-03,7.801395109713463172e-03,2.070972313804832730e-03,1.763369342878277728e-03,5.446365650360195272e-03,1.109852224864303800e-02,1.098456461523097255e-02,4.164766650625824351e-03,1.511978590739358405e-02,2.308282560766450678e-02,2.395571058633717484e-02,7.355998318715470559e-03,3.295987225873015652e-02,1.571554576457107055e-02,2.317312908997875773e-02,1.343744997786939371e-02,3.942887820310714275e-02,1.136615557022294457e-02,7.907871845519777801e-03,1.042265546241443082e-02,5.884469848403562492e-03,1.164515610358882874e-02,1.404287626783661327e-02,2.039498599450964220e-02,1.205603045615201603e-02,4.146151834968269528e-02,3.708148483454599964e-02,9.398672488404969522e-03,2.797811534327330346e-02,7.773110800518974461e-02,3.482129998684564687e-02,5.000620507925245678e-02,3.152544004371558156e-02,7.934083256813627416e-03,2.924345914576151687e-02
4.271615078757361184e-02,8.152801934422761188e-02,4.587003263928001590e-02,2.488766760261250377e-02,1.044612821220124443e-01,1.307687940510652291e-01,1.556552013122806666e-01,2.979017532434195814e-02,0.000000000000000000e+00,9.059408911469046810e-02,1.038532268418569660e-01,5.624577729446686436e-02,1.945471345203040048e-01,6.055815802897790423e-02,6.620159200565256530e-02,4.800693853699594671e-02,3.792385319261287052e-02,7.442544081215797525e-02,7.166195108325219831e-02,1.334098508979287279e-01,7.208670414404615145e-02,2.183539499224998459e-01,1.959992001655710414e-01,6.829371710670249784e-02,1.721174770699743783e-01,3.881845055084154339e-01,2.231006660223986415e-01,2.643629072877446418e-01,2.163080820106964008e-01,5.314762129622224024e-02,1.464555014993631776e-01,6.182149838438761452e-02,3.559080541435232642e-02,7.003164950986599802e-02,3.349714460108942082e-02,6.138002316937325037e-02,2.465470471469500754e-02,1.636352319958046808e-02,4.879607475966918351e-02,4.586093397552559736e-02,6.014572571334315249e-02,3.353359325143327047e-02,4.617630649442737434e-02,1.198448062888662902e-02,1.040430262746047663e-02,3.264198824061707166e-02,6.439621238684040128e-02,6.412367449031125544e-02,2.325962053887123404e-02,8.750008836516501298e-02,1.363103554569254083e-01,1.400903940110347357e-01,4.396091602943499876e-02,1.975467684847465322e-01,9.227233704309673046e-02,1.333760870742226323e-01,7.542032909629914350e-02,2.332938554916842711e-01,6.730253570019485709e-02,4.588636676408185816e-02,6.128854892501925389e-02,3.537273137894989677e-02,6.748487942747111168e-02,8.348012459508874494e-02,1.213659401169995267e-01,7.150358489823897823e-02,2.475546705424219729e-01,2.214544643884312491e-01,5.459274315836174646e-02,1.644764806442364224e-01,4.512494338425377394e-01,2.065871237657356807e-01,2.953114262391129397e-01,1.869855364903402484e-01,4.813298846776002671e-02,1.713957433885326398e-01
2.200509329422218815e-02,4.153178893139571753e-02,2.286137681417920592e-02,1.270897652175424254e-02,5.389783256754329677e-02,6.641989879885823456e-02,7.949221666646122397e-02,1.532932416985892735e-02,9.059408911469046810e-02,0.000000000000000000e+00,5.319081833042172552e-02,2.833471448747925531e-02,9.873968578721309397e-02,3.100323518207841189e-02,3.407117104089481957e-02,2.450754993023073272e-02,1.931762643916876479e-02,3.804773931341053766e-02,3.609941753265086262e-02,6.774418823758529551e-02,3.738527508689765827e-02,1.107483310643615354e-01,9.925460341110682594e-02,3.462260464218296085e-02,8.868473607260689284e-02,1.981375156605520715e-01,1.127621184213396521e-01,1.343078598149048675e-01,1.093224447812799621e-01,2.676911669151217990e-02,7.535845294571966169e-02,3.195054175824444537e-02,1.835537239616640698e-02,3.573862983683640665e-02,1.667723816842760914e-02,3.172476928039728167e-02,1.278181186537365698e-02,8.283648238524650778e-03,2.536959987038584635e-02,2.393164260776795699e-02,3.086032723484281870e-02,1.694227241959735814e-02,2.371074598328993741e-02,6.152244626971357933e-03,5.349023666938183125e-03,1.673155320947376096e-02,3.293231411969847061e-02,3.230935007640715201e-02,1.188320743529745066e-02,4.510134138449183039e-02,6.835416934800862820e-02,7.169518409507173728e-02,2.256745296083338681e-02,9.962443878848381562e-02,4.777447092692835295e-02,6.828983765165480557e-02,3.845968736440989744e-02,1.195250733143953525e-01,3.453999045885080416e-02,2.279324434934692709e-02,3.110839423852868740e-02,1.796742760058435764e-02,3.469258673323389469e-02,4.246083669221764612e-02,6.096351997482600538e-02,3.664712605302399701e-02,1.257696834954517007e-01,1.122015813584108374e-01,2.791814638901685131e-02,8.470123068994597770e-02,2.316685675681849077e-01,1.037997993305293798e-01,1.522984264338438365e-01,9.485584926194559618e-02,2.463274316675045927e-02,8.735260907496432414e-02
2.561155111280692676e-02,4.785422587233304631e-02,2.651471734737936153e-02,1.453090221245897928e-02,6.159428916338906268e-02,7.585526911629364433e-02,9.112303587979363184e-02,1.810334546293074567e-02,1.038532268418569660e-01,5.319081833042172552e-02,0.000000000000000000e+00,3.377156911495176467e-02,1.128805117144889569e-01,3.557458281096469166e-02,4.000822764258146064e-02,2.814511069871481960e-02,2.273594824410385754e-02,4.391320056313372661e-02,4.224936435324153083e-02,7.682238816732434028e-02,4.333134840058203152e-02,1.272975420068808150e-01,1.151022226403622395e-01,4.077984550769248734e-02,1.015592523562347943e-01,2.304834816664709796e-01,1.296908171553114164e-01,1.549659831861844583e-01,1.267040396327150931e-01,3.090656101078113893e-02,8.694648392984752339e-02,3.721550852048123581e-02,2.134774248856270012e-02,4.094550098186645892e-02,1.933425515869995059e-02,3.551064181909258100e-02,1.440445671958436730e-02,9.770797896835811680e-03,2.929211985134570068e-02,2.729363421027808725e-02,3.546266173886486461e-02,1.935644231432732953e-02,2.713428791705469606e-02,6.884069308149123878e-03,6.280444248155859187e-03,1.947921984285360189e-02,3.791200080474396716e-02,3.702602372057306468e-02,1.359662400252558204e-02,5.188068166102750844e-02,8.001440573821376467e-02,8.220289412132000817e-02,2.588957764291513822e-02,1.155328745206277430e-01,5.433472977209419241e-02,7.949974540646108367e-02,4.498438543776015625e-02,1.374963734546122140e-01,3.933830345321440852e-02,2.681805133397626231e-02,3.611539531365303562e-02,2.046186550757318756e-02,4.019049344393477857e-02,4.913161866038411041e-02,7.042570573470624540e-02,4.250926513369011200e-02,1.452859384150571864e-01,1.295931697711642516e-01,3.266820719077991736e-02,9.712345255862744886e-02,2.681678323650112938e-01,1.204575165482241750e-01,1.750484151843859637e-01,1.089672194115661463e-01,2.820401393277866681e-02,1.013940067579301857e-01
1.436402537056180595e-02,2.578388955762859688e-02,1.440544676896707288e-02,7.698156850657802280e-03,3.331899732681400245e-02,4.169604619096871356e-02,4.963099689334769804e-02,1.023793965455345803e-02,5.624577729446686436e-02,2.833471448747925531e-02,3.377156911495176467e-02,0.000000000000000000e+00,6.144971666959347933e-02,1.967663019492142673e-02,2.261497910565102298e-02,1.530786297114562072e-02,1.211828450632949916e-02,2.367368458574979281e-02,2.287396091678735657e-02,4.159510097154035801e-02,2.385186017693276955e-02,7.030782040476130090e-02,6.467030639340673459e-02,2.296005333844687579e-02,5.515593464495640447e-02,1.284475767072829344e-01,7.083829346639568258e-02,8.463554790763333502e-02,6.901002220065288739e-02,1.685005625545338628e-02,4.784745788328803595e-02,2.059748608257902514e-02,1.176514527935242950e-02,2.220782768538402674e-02,1.046149036319860004e-02,1.923550350664262124e-02,7.747543936778915688e-03,5.390686562218803199e-03,1.643817407900690503e-02,1.539095088560063669e-02,1.910097550255912546e-02,1.036976042844176861e-02,1.440196969583124736e-02,3.631440247165200301e-03,3.460790995332294062e-03,1.077277875311098004e-02,2.082541184542978027e-02,1.956495308458531049e-02,7.249644315276663684e-03,2.812848153912091836e-02,4.318147178021364274e-02,4.435528080489902630e-02,1.393077730592822382e-02,6.267073307106860169e-02,2.938171433648981840e-02,4.295535126454030211e-02,2.452415366551854645e-02,7.486893280675178952e-02,2.123637655283432124e-02,1.471272388692909314e-02,1.945064819322170693e-02,1.098660408181610822e-02,2.216445191793098290e-02,2.644873850749251271e-02,3.772057683507028941e-02,2.295578436279815254e-02,7.932822372140047040e-02,7.044371729391586678e-02,1.798974666072672771e-02,5.311552941483547313e-02,1.481522018303194077e-01,6.523859892182021225e-02,9.515876343291931883e-02,5.904377788860873388e-02,1.526960665482296822e-02,5.569575299028580589e-02
4.700770057261915991e-02,8.905936730530708556e-02,4.970695342399662764e-02,2.687790336170229472e-02,1.143024120321385340e-01,1.425468787516519231e-01,1.693039288920291374e-01,3.314319009241394054e-02,1.945471345203040048e-01,9.873968578721309397e-02,1.128805117144889569e-01,6.144971666959347933e-02,0.000000000000000000e+00,6.609865157883562659e-02,7.344322913307717304e-02,5.277044260918713203e-02,4.159670883632191063e-02,8.148970694021662187e-02,7.769297744602335354e-02,1.443363893289864863e-01,7.984957125539531020e-02,2.388086988808004740e-01,2.143064821955836530e-01,7.544822214906413138e-02,1.887802063013082066e-01,4.263034555537102421e-01,2.420572761672629136e-01,2.866223491593483108e-01,2.363435019956195426e-01,5.792870612265801911e-02,1.605761442963986596e-01,6.883374050877226480e-02,3.884239854296354238e-02,7.616911579413629396e-02,3.610827594504731342e-02,6.642454447953753671e-02,2.664194075373962564e-02,1.767062110811497971e-02,5.457687936053415984e-02,5.111264372658378546e-02,6.615361523017278256e-02,3.665260481602982540e-02,4.985042724691315930e-02,1.267003076868935055e-02,1.147201442308697604e-02,3.541302818836334493e-02,7.004061683665775695e-02,6.859393403681063317e-02,2.481330015733974881e-02,9.526457624800731272e-02,1.478525882340867015e-01,1.515693624140194429e-01,4.847174912157697912e-02,2.165611200113926604e-01,1.011357863475909058e-01,1.450400922829573613e-01,8.184581792799064393e-02,2.551455455657494764e-01,7.270350724268917486e-02,4.944785093935382542e-02,6.756133422161178514e-02,3.804985013374487246e-02,7.443715690356787762e-02,8.967615542045684340e-02,1.302558203861180763e-01,7.835838278434484327e-02,2.707072187092572912e-01,2.417237014186425226e-01,6.026557992368881955e-02,1.812284969591840822e-01,4.977611356279988408e-01,2.239175345628144909e-01,3.219918010842276468e-01,2.023379795282796434e-01,5.188460188926317246e-02,1.891835912590546787e-01
1.472812086588157036e-02,2.791364445286422316e-02,1.574862606436481377e-02,8.484355683919709776e-03,3.596080278667990182e-02,4.432384169514336225e-02,5.289738860636306050e-02,1.018286510122168829e-02,6.055815802897790423e-02,3.100323518207841189e-02,3.557458281096469166e-02,1.967663019492142673e-02,6.609865157883562659e-02,0.000000000000000000e+00,2.270043643301179054e-02,1.610434375327242026e-02,1.306358667614569181e-02,2.534567250176180536e-02,2.431045896303905829e-02,4.461019627145075550e-02,2.468039201631977778e-02,7.374095344969874843e-02,6.631634109987684378e-02,2.361027502139994433e-02,5.886361047308071026e-02,1.321593216624576961e-01,7.519450945809454112e-02,8.946508798373990767e-02,7.276366610981974126e-02,1.812558710113500865e-02,5.038927114098287752e-02,2.126830517594201567e-02,1.219259566564555829e-02,2.404336919331962613e-02,1.138481038670804794e-02,2.075148265540105452e-02,8.411754814637887115e-03,5.529213464473829026e-03,1.667845033278440511e-02,1.583599463656547301e-02,2.076637421594310084e-02,1.163274218583719953e-02,1.585331062057073956e-02,4.131025263281302984e-03,3.515577635621287573e-03,1.126002069091008341e-02,2.207166812707174464e-02,2.228298993229353014e-02,8.005475778062038153e-03,3.018269551957385860e-02,4.652443208862354351e-02,4.815911545132841448e-02,1.504301617848348774e-02,6.766473683930271377e-02,3.204521516351759025e-02,4.543803698884039954e-02,2.623203884689112933e-02,7.975945722452565390e-02,2.298114821244066908e-02,1.557698475783379083e-02,2.098726734793283574e-02,1.194918788923720644e-02,2.281744432583645427e-02,2.873368938375619325e-02,4.069860019538041468e-02,2.441698477611898427e-02,8.355834426299535433e-02,7.483767149091336002e-02,1.884694475135711977e-02,5.637486446821126512e-02,1.543349827946299269e-01,6.983910471476012516e-02,1.006610745990338118e-01,6.330393257801421314e-02,1.617314715491677268e-02,5.869473665048849376e-02
1.654573350839783769e-02,3.010136866522961432e-02,1.820559512825314225e-02,9.323666008639479308e-03,3.922941472469523849e-02,4.869828453983844618e-02,5.798632278306784654e-02,1.164252389815024005e-02,6.620159200565256530e-02,3.407117104089481957e-02,4.000822764258146064e-02,2.261497910565102298e-02,7.344322913307717304e-02,2.270043643301179054e-02,0.000000000000000000e+00,1.798173465044237973e-02,1.446494995333696271e-02,2.786886144290335113e-02,2.779324245819335404e-02,4.919837453870991306e-02,2.791374558247519677e-02,8.205351865583895843e-02,7.447848072656806928e-02,2.681548424558504937e-02,6.430982661819464874e-02,1.476060458873005854e-01,8.221884360506724609e-02,1.002878588198878596e-01,7.985542698671949102e-02,1.959197359570926875e-02,5.628380802282624551e-02,2.298309159126353529e-02,1.334728877662368085e-02,2.669137614476240622e-02,1.263630525075738406e-02,2.307854147929859490e-02,9.090778697193189345e-03,6.391539208934844153e-03,1.893485064386833672e-02,1.705073324690922418e-02,2.288070283853919570e-02,1.304821171805223973e-02,1.737770014126931856e-02,4.553365785419062443e-03,4.317310489553128489e-03,1.331606060865896113e-02,2.443275316713467218e-02,2.519381934513128043e-02,9.166539268456022627e-03,3.361775793242676585e-02,5.109961530866446305e-02,5.343094956657875455e-02,1.670981887176469644e-02,7.303988014856196975e-02,3.531344273257136512e-02,5.073768743246081375e-02,3.068247243165254587e-02,8.625293328935872139e-02,2.507065946067816090e-02,1.890218137322000405e-02,2.300213969671854528e-02,1.307863011354054063e-02,2.529181041846716160e-02,3.124157840529454000e-02,4.522739071927791427e-02,2.824352432406296645e-02,9.049412618370554495e-02,8.435098360589417255e-02,2.151334182271782275e-02,6.155441923706266721e-02,1.733467963454437821e-01,7.787336589030900702e-02,1.101984882920589714e-01,6.929057691650647444e-02,1.759928268575674387e-02,6.394914598044071363e-02
1.139664135573486767e-02,2.175942342072974267e-02,1.235414540877921401e-02,6.697872005587419096e-03,2.813955692020325694e-02,3.539019831544926858e-02,4.185476665621548631e-02,8.161163488242874006e-03,4.800693853699594671e-02,2.450754993023073272e-02,2.814511069871481960e-02,1.530786297114562072e-02,5.277044260918713203e-02,1.610434375327242026e-02,1.798173465044237973e-02,0.000000000000000000e+00,1.026063283646713037e-02,1.987191314744881157e-02,1.910892590535370750e-02,3.567120744727229897e-02,1.956554439619026531e-02,5.845512701188607801e-02,5.306106478347006467e-02,1.845280019543331373e-02,4.641934332342928515e-02,1.047569958479118157e-01,5.931207975032139895e-02,7.139403631417827467e-02,5.819061610438871351e-02,1.407526141977283492e-02,3.944701282464026237e-02,1.705619827806257455e-02,9.652783649507085117e-03,1.880013692705192682e-02,8.981263894137964804e-03,1.655069373050652853e-02,6.693094666664413037e-03,4.358102653561136616e-03,1.355252441404178332e-02,1.259786212536650497e-02,1.643234946143006664e-02,9.175727353727998123e-03,1.255095851697243109e-02,3.315802037487505793e-03,2.910621389660351683e-03,8.918149504916501186e-03,1.729615491723773477e-02,1.720239469205517638e-02,6.291867994612030356e-03,2.355400521799250885e-02,3.658265881502311551e-02,3.808220288001899767e-02,1.212913345946077526e-02,5.324353686025643656e-02,2.518437877549615025e-02,3.615228056789784872e-02,2.075676906540209130e-02,6.315604238099609136e-02,1.803593736594369737e-02,1.250704726620455350e-02,1.648076710974191034e-02,9.410133347378727559e-03,1.843904962882431109e-02,2.215548724629876065e-02,3.223217349765689077e-02,1.946421843605261950e-02,6.631517351394079773e-02,6.017984602224973889e-02,1.482712822269934005e-02,4.480448731695585440e-02,1.228687169129832613e-01,5.537652301762982510e-02,7.976301145620096067e-02,5.013365203845868145e-02,1.268126040390003123e-02,4.611893325532688548e-02
9.410190781528948029e-03,1.758847950083404499e-02,9.757629839594191348e-03,5.374489677984352343e-03,2.272761085167406339e-02,2.771755279175640990e-02,3.360971045817111313e-02,6.482943241147052539e-03,3.792385319261287052e-02,1.931762643916876479e-02,2.273594824410385754e-02,1.211828450632949916e-02,4.159670883632191063e-02,1.306358667614569181e-02,1.446494995333696271e-02,1.026063283646713037e-02,0.000000000000000000e+00,1.575861703603900765e-02,1.548818176387257127e-02,2.802912331582694400e-02,1.594556756402860931e-02,4.647983619096709984e-02,4.162316600275602074e-02,1.477908544667279334e-02,3.702249355920575469e-02,8.344884362458727944e-02,4.723989779252995430e-02,5.672960878599202922e-02,4.569827528876226758e-02,1.139985700725369699e-02,3.175096495332323243e-02,1.300836656190396644e-02,7.521848465981742157e-03,1.493661985078996272e-02,6.964889615915493236e-03,1.308926145335312201e-02,5.257258279921479122e-03,3.471079902528513041e-03,1.040322176447371939e-02,9.714494409408896275e-03,1.285203984539820717e-02,7.175576080712777957e-03,1.005218324654689847e-02,2.544085874596251941e-03,2.253958054367301376e-03,7.256995613532702533e-03,1.402270826770563028e-02,1.396890574724352074e-02,5.001683718695551679e-03,1.901706289692472671e-02,2.889322033802770376e-02,3.025361171806056210e-02,9.392451479466540701e-03,4.147848115980842104e-02,2.007740173618145774e-02,2.855275506613332015e-02,1.647771675562500343e-02,5.018236340171718102e-02,1.442970198050795051e-02,9.945561323108384130e-03,1.318753256664950864e-02,7.498743569205745460e-03,1.446555889312241966e-02,1.789182959149496210e-02,2.589053137896405246e-02,1.572849991603397432e-02,5.242427977089778729e-02,4.708949834051632394e-02,1.182901578646449077e-02,3.518984543880200599e-02,9.710860131771251180e-02,4.378654753123201876e-02,6.346016787099992285e-02,3.985745570006050259e-02,1.023121723807305858e-02,3.678605682310827352e-02
1.792295663947357162e-02,3.407959702830495180e-02,1.909665758313559142e-02,1.041290157901659207e-02,4.406405913519285261e-02,5.496127581803746803e-02,6.510737602221497444e-02,1.266606003785369222e-02,7.442544081215797525e-02,3.804773931341053766e-02,4.391320056313372661e-02,2.367368458574979281e-02,8.148970694021662187e-02,2.534567250176180536e-02,2.786886144290335113e-02,1.987191314744881157e-02,1.575861703603900765e-02,0.000000000000000000e+00,2.985704315947296933e-02,5.537326168783883451e-02,3.060055538795671340e-02,9.119986852343574257e-02,8.205590359220309160e-02,2.880071107964735436e-02,7.209873310210890285e-02,1.629180237955528687e-01,9.220813055132039138e-02,1.103168162504699762e-01,9.018115104613917687e-02,2.225922394485941452e-02,6.136950851318428990e-02,2.595192989909902298e-02,1.477137341598613873e-02,2.903806685634720969e-02,1.382437514053426637e-02,2.558757170785299837e-02,1.026229730339732298e-02,6.682163487013492546e-03,2.063001203250505386e-02,1.938111125502404650e-02,2.515601962592264179e-02,1.402050509859629687e-02,1.949777112877344731e-02,5.011337017835409621e-03,4.373349453337251752e-03,1.373304779552940447e-02,2.682680818694035615e-02,2.698585971827480168e-02,9.604850012104858628e-03,3.674538544272458462e-02,5.663644760887070334e-02,5.891051349412362859e-02,1.853870240670502448e-02,8.209379023834123545e-02,3.904981003663315908e-02,5.563927781743720907e-02,3.172125043555296120e-02,9.775242416160018211e-02,2.821438031815119360e-02,1.922062114572864119e-02,2.577135558800283319e-02,1.468045010197232755e-02,2.831825521867586959e-02,3.457094042623461844e-02,5.002855137982174794e-02,3.028112696161890799e-02,1.027406821178502017e-01,9.281972049016187776e-02,2.290285457791153487e-02,6.906102390114428335e-02,1.895972934041652291e-01,8.580334997073577052e-02,1.233461230066090764e-01,7.759454842389729157e-02,1.987838011845763364e-02,7.188378630214108111e-02
1.738173544828565051e-02,3.253459750728485145e-02,1.898728266761966210e-02,9.921395769450960800e-03,4.218606468526008013e-02,5.249128750172288305e-02,6.235563908448987780e-02,1.222046761153007706e-02,7.166195108325219831e-02,3.609941753265086262e-02,4.224936435324153083e-02,2.287396091678735657e-02,7.769297744602335354e-02,2.431045896303905829e-02,2.779324245819335404e-02,1.910892590535370750e-02,1.548818176387257127e-02,2.985704315947296933e-02,0.000000000000000000e+00,5.305479036551966066e-02,2.993709514629598265e-02,8.783430465122163411e-02,7.934102422022025480e-02,2.771867702969912223e-02,6.897593187045598928e-02,1.568934062406770469e-01,8.873168847069100307e-02,1.056915332835264981e-01,8.709781536537572477e-02,2.127479211841868528e-02,5.955501635856184917e-02,2.466611156981038042e-02,1.421199425805541421e-02,2.800516617623776891e-02,1.308807561622019749e-02,2.428740021589560066e-02,9.730070948122395216e-03,6.698265075914332234e-03,1.981330035027369096e-02,1.832587570425280379e-02,2.437853017921366716e-02,1.357964639695153145e-02,1.865665133378228979e-02,4.689582545380299380e-03,4.424493823113830396e-03,1.363884519462225595e-02,2.583425931517306304e-02,2.644570025374691144e-02,9.347966506408017170e-03,3.550753318179340062e-02,5.512174125625349946e-02,5.643704420397829824e-02,1.797579232836911747e-02,7.961709268356480240e-02,3.759733452052468200e-02,5.411392909954332309e-02,3.124721795087163217e-02,9.370013554724393456e-02,2.697660998777628300e-02,1.916454359855947545e-02,2.466170632652550654e-02,1.411012789430940613e-02,2.746067739272092800e-02,3.385869131647294139e-02,4.848705347905921809e-02,2.985138312567681140e-02,9.874555238680648994e-02,8.985042019149465375e-02,2.239241348039841192e-02,6.585295820591202665e-02,1.833832931046047443e-01,8.300890964733942390e-02,1.190521838907559748e-01,7.486835418082048166e-02,1.935961738689410266e-02,6.877205062340654984e-02
3.137916912689729665e-02,6.033304227018920773e-02,3.386138097534490549e-02,1.850629196253297457e-02,7.738744278312376101e-02,9.741577126323378022e-02,1.153138664004931119e-01,2.226386225311209263e-02,1.334098508979287279e-01,6.774418823758529551e-02,7.682238816732434028e-02,4.159510097154035801e-02,1.443363893289864863e-01,4.461019627145075550e-02,4.919837453870991306e-02,3.567120744727229897e-02,2.802912331582694400e-02,5.537326168783883451e-02,5.305479036551966066e-02,0.000000000000000000e+00,5.334932084734182040e-02,1.597787355567344136e-01,1.458186430583284787e-01,5.063689085520039351e-02,1.278408098742450372e-01,2.898480724942787967e-01,1.640774121988937129e-01,1.951722326844389233e-01,1.591409282369002642e-01,3.890250906609135639e-02,1.087847407033830371e-01,4.663222999023757670e-02,2.623132955778346986e-02,5.204488380605759579e-02,2.459675420935922979e-02,4.551885163720636313e-02,1.849622241706163489e-02,1.184721883570504473e-02,3.652849148412432717e-02,3.453658289913695556e-02,4.479568156572837079e-02,2.494307696805735108e-02,3.416128112948217666e-02,8.672771563296540615e-03,7.557471644968392563e-03,2.395536353186832057e-02,4.759500632922041008e-02,4.772434327000478482e-02,1.688725047690768991e-02,6.483590432952168747e-02,1.010380699920250258e-01,1.046270092863611917e-01,3.316667935994518923e-02,1.480778830308445426e-01,6.895355976705437595e-02,9.869141978047581143e-02,5.585336994797994448e-02,1.745440617088899748e-01,4.976051673268307163e-02,3.302202364822547087e-02,4.548992780565443150e-02,2.630640044341416364e-02,5.043908209937088966e-02,6.163332201608839878e-02,8.845041713323355259e-02,5.260281833388420064e-02,1.834612267628852877e-01,1.649438645711730211e-01,4.041180036799173897e-02,1.231021311307017307e-01,3.371525175968835275e-01,1.534316013028544645e-01,2.195068906821429910e-01,1.380178576980011784e-01,3.547319715294212222e-02,1.270119999736491478e-01
1.813375700216109804e-02,3.326955770699437098e-02,1.926783415608422992e-02,1.012474587316285028e-02,4.292580889972948816e-02,5.294346689731865147e-02,6.351617621324200103e-02,1.237955444791118999e-02,7.208670414404615145e-02,3.738527508689765827e-02,4.333134840058203152e-02,2.385186017693276955e-02,7.984957125539531020e-02,2.468039201631977778e-02,2.791374558247519677e-02,1.956554439619026531e-02,1.594556756402860931e-02,3.060055538795671340e-02,2.993709514629598265e-02,5.334932084734182040e-02,0.000000000000000000e+00,8.861605325077870354e-02,7.998716158395140219e-02,2.891388378692778469e-02,7.058704260655168650e-02,1.603054592986052351e-01,8.933980567673045770e-02,1.082951924632145485e-01,8.667924989688974291e-02,2.145719405955164374e-02,6.077767830013808270e-02,2.503284808869519693e-02,1.433970237949816831e-02,2.868145711575520451e-02,1.356972089080073739e-02,2.484575321718251323e-02,9.805451698980574560e-03,6.633885546533928312e-03,2.019485920931295836e-02,1.836078826854970619e-02,2.464878670373928451e-02,1.402453821827043257e-02,1.914899314486771809e-02,4.975974368283241772e-03,4.417048364648667839e-03,1.420332521293126045e-02,2.677159272142971141e-02,2.703891223740406344e-02,9.851978381831419732e-03,3.652261589505479550e-02,5.540832221896222626e-02,5.772388614762376247e-02,1.802333545224530514e-02,7.935727060205538530e-02,3.866763564793115199e-02,5.484439983849131311e-02,3.212548376731846900e-02,9.454195562213466020e-02,2.766027720226663794e-02,1.973635081337134570e-02,2.545090296904998009e-02,1.432976739322384951e-02,2.768730893473823548e-02,3.378817588503416763e-02,4.891322822856462860e-02,3.047090451906636285e-02,9.898046301030151428e-02,9.057884279155152540e-02,2.303471642851451229e-02,6.712835962406871193e-02,1.871142208985046018e-01,8.337609062379845726e-02,1.205405710138256620e-01,7.534762174762388298e-02,1.936845606910675421e-02,7.000840959470885916e-02
