0.000000000000000000e+00,8.051971351210272451e-03,1.131353800103535902e-02,5.153869492335272535e-03,1.870333872223171531e-02,2.844640732552698378e-02,2.513815006628450366e-02,5.633169906391147404e-03,4.004423216313920952e-02,1.565709540688376908e-02,2.230922035415677449e-02,1.230463442217849535e-02,3.765339424429021281e-02,1.040566242965688774e-02,1.118291714872273954e-02,8.835913810593200995e-03,6.185853794514030793e-03,1.484743142231297053e-02,1.634064204643829663e-02,2.007061057110144306e-02,1.264868933861148376e-02,3.665966043819583742e-02,3.645196531005034934e-02,1.051763989373190322e-02,3.095870485678181572e-02,6.821809602429330932e-02,3.740303542605549064e-02,5.193353175759943263e-02,3.790884723670889106e-02,8.619123883421425658e-03,2.667222536131172439e-02,1.162853328840357352e-02,5.337201260867010036e-03,1.080171864495453084e-02,7.384459956415130588e-03,1.079841426696557735e-02,4.225725668494041860e-03,4.414753454046124043e-03,1.015001053083789892e-02,8.238933696248139371e-03,6.146343833595893993e-03,5.119173141150443196e-03,7.879136900139844732e-03,1.753678895937683252e-03,2.197811779612777149e-03,7.093349430434717912e-03,1.237813949437436417e-02,1.677900901001084383e-02,5.189772964805450424e-03,1.701765390932463359e-02,2.370006792003263862e-02,2.715151191481671167e-02,6.153235847681855220e-03,2.973668023306329233e-02,1.801941791287146877e-02,3.002951886295489314e-02,1.674825609235380819e-02,3.898458430082767795e-02,1.277008070159552956e-02,9.797695433010332813e-03,1.215161062282744953e-02,6.076281187823192112e-03,1.184670871558993893e-02,1.474253407030551993e-02,2.226540915783611213e-02,1.213670717167195795e-02,4.179607956783035205e-02,4.212496412632192599e-02,1.085832173998838371e-02,2.882671031696302372e-02,8.933176644992404936e-02,3.673005838554180280e-02,5.151310889086695155e-02,3.800095020310723798e-02,8.170940286824445939e-03,2.818345535518784750e-02
8.051971351210272451e-03,0.000000000000000000e+00,1.643722886636551916e-02,7.516333703172123001e-03,2.700744031282492630e-02,4.169279588603425069e-02,3.705625821975193357e-02,8.130061283473467848e-03,5.988639565599891690e-02,2.248308730830993890e-02,3.286423932997184494e-02,1.703008062725791527e-02,5.502125790007547645e-02,1.559310963676736883e-02,1.626528110077915187e-02,1.311668915956397050e-02,9.104165976319545175e-03,2.189711178533368385e-02,2.441211803661193572e-02,2.974678338386010923e-02,1.777055368921098139e-02,5.455857021545225394e-02,5.221669507801610099e-02,1.402377434507530440e-02,4.547230831605137552e-02,9.868923512253389985e-02,5.469123338755640940e-02,7.648241628135307724e-02,5.742556040317979560e-02,1.261431739712465944e-02,3.990097238889300096e-02,1.774008315236771244e-02,7.944232310998809027e-03,1.598639896688687154e-02,1.050002484396608642e-02,1.591446997067898564e-02,6.417705184576337832e-03,7.016200807258141624e-03,1.564818076776514771e-02,1.230978525936151681e-02,8.431378729157395710e-03,6.859535243427547155e-03,1.164094543911211102e-02,2.340906406675000336e-03,3.306337117630657289e-03,1.063770753667899263e-02,1.774345671125365786e-02,2.349003830561827849e-02,7.318871961214737376e-03,2.394898971419499173e-02,3.486693688903565874e-02,3.952572755838263535e-02,8.958701450706308550e-03,4.323267255499069900e-02,2.655493460494110641e-02,4.436883460676527280e-02,2.371462124686649769e-02,5.764675116170282776e-02,1.872218161777197340e-02,1.366581449938929216e-02,1.807217912400068197e-02,9.190605835048586830e-03,1.781135006304575621e-02,2.172047246224530215e-02,3.275050366423084419e-02,1.741840924344522853e-02,6.348186502903563344e-02,6.095417212395484730e-02,1.558739457706714848e-02,4.301437113773731724e-02,1.330472833458839210e-01,5.384878158111888746e-02,7.559512618342262291e-02,5.697996463487046970e-02,1.196094556538823336e-02,4.087297322436726082e-02
1.131353800103535902e-02,1.643722886636551916e-02,0.000000000000000000e+00,1.061249921938141674e-02,3.720093234336532134e-02,5.434242019117681288e-02,5.117084385813592401e-02,1.037667171202276764e-02,7.752265069224995031e-02,3.005885518591030342e-02,4.384485245727375025e-02,2.346832963903787428e-02,7.430235681534946846e-02,2.118157447656496967e-02,2.001712003406425772e-02,1.735074950987650771e-02,1.221907137965035257e-02,2.805133573123314364e-02,3.257939489378350317e-02,4.217988304879426859e-02,2.408564951451714481e-02,7.097759154833953310e-02,6.837160989468771266e-02,1.892833221751263548e-02,5.970702174570267223e-02,1.252560950223406966e-01,7.355830170252652955e-02,1.003691815587206271e-01,7.397146310473168285e-02,1.661550393028567163e-02,5.202673551317123224e-02,2.148804825746201616e-02,9.986343926901754958e-03,2.213854103677612498e-02,1.425228554890960175e-02,2.271863435097506642e-02,8.573810066072908714e-03,8.324120942973934137e-03,1.830072541827358970e-02,1.559691925494437019e-02,1.270642401443222019e-02,1.030905342526451315e-02,1.627289776790608739e-02,3.612269844336765852e-03,3.995644337119449128e-03,1.538657465888607079e-02,2.387354928874492813e-02,3.167890032492846897e-02,1.056577382082260833e-02,3.218252256124946864e-02,4.584164402246418413e-02,5.355531040219911609e-02,1.276086803371487104e-02,5.589921994139120109e-02,3.530342020161551797e-02,5.803602003867291970e-02,3.311113769365646442e-02,7.604710760742539044e-02,2.581992465321970506e-02,1.844826381828155656e-02,2.290079680748934032e-02,1.234191775939256705e-02,2.187747943034474771e-02,2.947879530503814960e-02,4.496270941087503192e-02,2.470472935404594700e-02,8.045767459246772058e-02,8.036089847442894063e-02,2.137252576370542861e-02,5.517902707874852708e-02,1.716372215359189268e-01,7.126458175389684124e-02,9.941446995672452436e-02,7.329914446687646468e-02,1.637083252771849226e-02,5.389230932366410182e-02
5.153869492335272535e-03,7.516333703172123001e-03,1.061249921938141674e-02,0.000000000000000000e+00,1.708399899956004886e-02,2.542920746873374854e-02,2.358584169479545009e-02,4.960678951395487181e-03,3.715439838434761444e-02,1.411050881531597349e-02,2.016740821096967701e-02,1.074861404254716553e-02,3.480321402286953164e-02,9.655591366117498991e-03,9.040229757048899584e-03,7.809508303124095864e-03,5.757813501723629303e-03,1.330526294162747217e-02,1.522713575732124146e-02,1.877942078104969867e-02,1.099648285846405518e-02,3.255726256193579998e-02,3.161686811763837757e-02,8.446967522494078923e-03,2.786706572260214815e-02,5.883499231812042152e-02,3.382245704199112607e-02,4.678754680896512336e-02,3.428773739280173427e-02,7.520222541788175973e-03,2.436816559243072666e-02,1.043575401122149443e-02,4.603314098854812200e-03,1.031966446715187197e-02,6.723406203596723162e-03,1.010058045971041867e-02,3.833535672950701568e-03,3.997248486041079032e-03,8.941473499863537844e-03,7.446075418559709377e-03,5.624673771725340055e-03,4.668540266667513261e-03,7.427095470505128659e-03,1.589742866090339962e-03,1.829567498478059653e-03,7.083571904914041581e-03,1.136314430098724591e-02,1.496858761129782334e-02,4.776879645397676642e-03,1.487800231475642186e-02,2.136340621426351116e-02,2.542546332244611379e-02,5.845380388584457861e-03,2.616293583502176182e-02,1.668518713639047593e-02,2.725062645812028478e-02,1.528257656233016244e-02,3.577766894919880147e-02,1.173246504304654297e-02,8.238420924751558086e-03,1.102566630533099307e-02,5.712502668956770564e-03,1.025188182083237344e-02,1.392609406888713729e-02,2.086156039639462667e-02,1.111195267624535965e-02,3.797565692415592886e-02,3.703202567390614930e-02,9.848095077196672084e-03,2.603939146708926511e-02,8.098741400912527755e-02,3.318896250818853533e-02,4.647516246389242489e-02,3.451280395897648318e-02,7.489380381290000784e-03,2.517074628585236687e-02
1.870333872223171531e-02,2.700744031282492630e-02,3.720093234336532134e-02,1.708399899956004886e-02,0.000000000000000000e+00,9.025232770206774446e-02,8.244374142568534902e-02,1.756158285476652758e-02,1.290981621363503085e-01,5.038185764096085595e-02,7.196226465948672713e-02,3.877671049746914123e-02,1.228803453748978924e-01,3.421965549711330351e-02,3.341252533405349862e-02,2.826840807124510191e-02,2.044247767011032890e-02,4.727266155233699613e-02,5.356299055564379269e-02,6.733904228540889270e-02,3.933607784391270068e-02,1.175632500502454270e-01,1.129917221684138551e-01,3.172535453493159630e-02,9.934671643703617272e-02,2.109914793798065291e-01,1.207266854832136360e-01,1.673733494828268664e-01,1.233262942833794062e-01,2.756946302268765275e-02,8.673059742020321206e-02,3.706727099673965548e-02,1.707802221054395206e-02,3.604442713460236786e-02,2.341386728828427632e-02,3.611590175529604679e-02,1.398112714548702465e-02,1.434497105091114139e-02,3.236870283877515964e-02,2.631750964166857873e-02,2.054149515823604916e-02,1.644438777685821099e-02,2.663061035080581396e-02,5.869370142199414192e-03,6.955261734225755624e-03,2.445753992225972728e-02,3.979041476783766462e-02,5.253245134875570571e-02,1.696729363665073348e-02,5.342060535247585007e-02,7.671643908811059953e-02,8.836529030950909802e-02,2.038419158160839281e-02,9.420038216198121928e-02,5.961022563155349285e-02,9.664713206485833763e-02,5.454532279765606645e-02,1.257990650159506174e-01,4.177602237509330657e-02,2.969247995234982479e-02,3.868331128988398981e-02,2.024172297519704830e-02,3.758342112821686648e-02,4.932275202733720637e-02,7.284514650441435701e-02,3.964105802792540489e-02,1.345898821951552193e-01,1.322175598656084305e-01,3.495361975819588629e-02,9.338650032257538036e-02,2.864181373429834920e-01,1.180027111197580469e-01,1.651048838702292576e-01,1.219551216635388485e-01,2.703650408368684852e-02,8.940296928623395201e-02
2.844640732552698378e-02,4.169279588603425069e-02,5.434242019117681288e-02,2.542920746873374854e-02,9.025232770206774446e-02,0.000000000000000000e+00,1.248903127811566149e-01,2.601804859407258474e-02,1.904918550145484613e-01,7.498731994818107205e-02,1.076190125024991256e-01,5.730514583068489765e-02,1.840070031087117364e-01,5.171865156885886716e-02,4.991259078280601419e-02,4.327567912627188623e-02,2.970497204052119367e-02,6.997605994645111904e-02,7.890920275699744857e-02,1.038289800816221270e-01,5.883298381891709228e-02,1.799631746888689099e-01,1.697548495080237752e-01,4.787208875930988594e-02,1.489491948330660676e-01,3.152141331751249220e-01,1.820965661277161585e-01,2.503151749233106793e-01,1.845812088835728781e-01,4.224063070918727264e-02,1.280268796504219764e-01,5.295537091645612787e-02,2.544934604374952600e-02,5.271546376674155626e-02,3.462286958080363491e-02,5.407422577208306769e-02,2.084434246804627716e-02,2.049875478571690571e-02,4.609359494236534016e-02,3.814378222028355636e-02,3.133671614914247672e-02,2.486294158169658972e-02,4.006935120559292074e-02,9.260480293480723851e-03,1.011568450363600422e-02,3.612216651372666953e-02,5.951858730252640450e-02,7.867688286523567831e-02,2.538477979172311383e-02,7.989924124896219393e-02,1.142219905655812023e-01,1.317495673755194330e-01,3.054164505526875753e-02,1.419342015748586983e-01,8.639519083423007062e-02,1.418243853801139931e-01,7.976699823221269914e-02,1.878056007365542235e-01,6.285252717621361840e-02,4.547998872873283693e-02,5.722810186990300030e-02,3.014573665032705893e-02,5.554569947073399738e-02,7.324202323203277132e-02,1.106740247153080448e-01,5.960557423902888147e-02,2.014779115389320474e-01,1.998937446887918135e-01,5.149423811200695006e-02,1.396355226748563771e-01,4.210093056061855465e-01,1.785293077311005117e-01,2.464236566103501780e-01,1.812202196674434773e-01,4.053244055299678322e-02,1.346245348436836964e-01
2.513815006628450366e-02,3.705625821975193357e-02,5.117084385813592401e-02,2.358584169479545009e-02,8.244374142568534902e-02,1.248903127811566149e-01,0.000000000000000000e+00,2.431463155133488721e-02,1.791863839617538201e-01,6.919218946560176664e-02,9.929713508648436993e-02,5.342801122965989968e-02,1.687771254091150197e-01,4.728231451012229747e-02,4.607391350515555040e-02,3.955182824747694587e-02,2.849258776911040361e-02,6.549161734575356664e-02,7.404616424613913450e-02,9.433167988950660887e-02,5.413490686922099726e-02,1.637882771360751888e-01,1.559056983651289086e-01,4.294629382418914398e-02,1.374673084916970267e-01,2.911791064310677579e-01,1.670616726692396581e-01,2.316376590631121224e-01,1.710580791088208708e-01,3.774085092980308809e-02,1.193881270566084229e-01,5.091736181672291972e-02,2.328639389310375660e-02,4.962193759070931964e-02,3.203897011388822519e-02,4.998475723707550278e-02,1.926122524725606966e-02,1.984281025685383920e-02,4.428482816099967717e-02,3.606689887145009960e-02,2.805783717360809532e-02,2.245502953131603072e-02,3.671950021636410239e-02,7.947895674479557235e-03,9.485840669160779462e-03,3.387685301493197770e-02,5.483223020179373020e-02,7.161395105631614133e-02,2.310189726039025421e-02,7.299205350427662164e-02,1.061997350126794859e-01,1.218274769777378530e-01,2.855858346270884890e-02,1.290094584546074008e-01,8.214880244593979197e-02,1.326617068406983901e-01,7.490707755435115078e-02,1.739860433247771010e-01,5.767287901907842268e-02,4.094713464812042153e-02,5.363466205338319331e-02,2.807809179443562092e-02,5.170254047800726394e-02,6.720748896408812456e-02,1.018746986447734010e-01,5.485989635428804856e-02,1.873385804472255667e-01,1.828570522704889567e-01,4.796893472178036938e-02,1.286472414372986928e-01,3.962644669924761387e-01,1.635226789707821815e-01,2.288055301448194412e-01,1.696922902103666086e-01,3.707128031716467459e-02,1.227614854221184826e-01
5.633169906391147404e-03,8.130061283473467848e-03,1.037667171202276764e-02,4.960678951395487181e-03,1.756158285476652758e-02,2.601804859407258474e-02,2.431463155133488721e-02,0.000000000000000000e+00,3.651366699695255541e-02,1.482536669399762974e-02,2.083796951761878249e-02,1.171616693406340656e-02,3.599041824094060399e-02,9.825846200752845830e-03,1.004679097846705380e-02,8.319179136330066490e-03,5.930562393884915469e-03,1.376716837209181026e-02,1.514433219165794813e-02,1.970488911215065655e-02,1.133208104975323184e-02,3.495378516917829054e-02,3.318468055411606665e-02,9.707726119375438209e-03,2.878414567298396426e-02,6.307054720555160809e-02,3.501658206021229097e-02,4.901950115455213502e-02,3.616469217854931251e-02,7.984191736833078784e-03,2.542110694848963293e-02,1.071792957651987975e-02,5.228113457480225955e-03,1.062713860548356558e-02,6.898487195433137577e-03,1.024308630060735519e-02,4.090317321406747135e-03,4.091820855826008504e-03,9.447276755444962773e-03,7.547722860855029386e-03,6.322434938804175064e-03,5.046720100538437150e-03,7.810352102652448614e-03,1.918179438469254719e-03,2.026516322542408054e-03,6.710979566557604380e-03,1.148565710010541509e-02,1.500436474466131792e-02,5.048112317490114492e-03,1.567630760247595845e-02,2.255274602363779510e-02,2.588818055378297456e-02,5.908908065286926949e-03,2.751780534908750131e-02,1.706183348744632830e-02,2.797445076816349949e-02,1.612741631986347457e-02,3.697102333766145305e-02,1.215823812216522241e-02,9.263487542051295279e-03,1.107467673733454269e-02,5.845691264456005787e-03,1.129350375816269569e-02,1.422666654608263984e-02,2.104402294702553342e-02,1.156363327730358659e-02,3.917096466521915316e-02,3.873278287715507112e-02,9.917268262143966173e-03,2.733385448406641660e-02,8.320605884327908486e-02,3.451510585081689342e-02,4.846902676120904557e-02,3.513116991810018991e-02,7.538976425537616613e-03,2.611910762652966400e-02
4.004423216313920952e-02,5.988639565599891690e-02,7.752265069224995031e-02,3.715439838434761444e-02,1.290981621363503085e-01,1.904918550145484613e-01,1.791863839617538201e-01,3.651366699695255541e-02,0.000000000000000000e+00,1.070667905392399394e-01,1.524794238378346101e-01,8.189684633681264259e-02,2.623200509314569384e-01,7.327208312576513616e-02,6.881270327152498589e-02,6.129363811500140868e-02,4.270632597768608818e-02,9.876577916404935542e-02,1.119706955255682646e-01,1.479716020015605371e-01,8.221032082147550213e-02,2.521061134969043160e-01,2.381044975397970387e-01,6.753145841871813215e-02,2.101684757455009878e-01,4.410167656492173793e-01,2.584983311702002684e-01,3.551270391592917797e-01,2.608637333720348339e-01,5.976333466330397554e-02,1.807967192939276269e-01,7.523666043859167374e-02,3.564417452473880865e-02,7.631500337100816100e-02,4.939450572215914326e-02,7.785393449909125407e-02,2.981621531352447729e-02,2.897449852243948187e-02,6.538080201682433534e-02,5.413994187915615458e-02,4.496711056235460496e-02,3.632431480101612487e-02,5.732335756935225818e-02,1.356552543773937788e-02,1.389667845786339909e-02,5.051685747081358785e-02,8.475160298787319524e-02,1.117722398307595399e-01,3.702043916757965375e-02,1.131693166858224048e-01,1.607612076024909908e-01,1.894569327753196364e-01,4.339659728335937272e-02,1.994818155810086646e-01,1.248683928167364926e-01,2.021876676238728576e-01,1.148373456479496041e-01,2.674355063020183443e-01,8.946333013888012331e-02,6.390473745956826157e-02,8.089080104000033467e-02,4.321605982199924756e-02,7.775253716994844078e-02,1.054235687805133853e-01,1.569103642924703224e-01,8.398044290491700481e-02,2.822632323419952405e-01,2.811488944815672131e-01,7.319065271364161296e-02,1.964336713916160493e-01,5.943183929614808125e-01,2.520087538797007864e-01,3.500709899209507592e-01,2.566792767118894480e-01,5.701667126133363322e-02,1.887371146063936966e-01
1.565709540688376908e-02,2.248308730830993890e-02,3.005885518591030342e-02,1.411050881531597349e-02,5.038185764096085595e-02,7.498731994818107205e-02,6.919218946560176664e-02,1.482536669399762974e-02,1.070667905392399394e-01,0.000000000000000000e+00,6.028803187288540866e-02,3.177625711724450797e-02,1.019474927142362264e-01,2.905165415049482808e-02,2.845078059463084993e-02,2.383254336535812340e-02,1.707596096552599016e-02,3.979699946843091862e-02,4.390535857218225840e-02,5.637787607852348670e-02,3.324424678813742151e-02,9.913450122718606150e-02,9.380684707019645852e-02,2.635924787134909242e-02,8.374152006196022846e-02,1.780473227867264696e-01,1.004641792745739476e-01,1.407195986324448478e-01,1.028052102916196114e-01,2.332541789268227986e-02,7.262518907206719221e-02,3.081214095754077759e-02,1.435863664052247808e-02,2.982355036227617856e-02,1.926832493732423893e-02,3.031349741152100652e-02,1.176752619088156787e-02,1.192209198895213818e-02,2.689203204289694962e-02,2.211629641124560411e-02,1.628465931936404557e-02,1.304031720817481338e-02,2.214311976384701966e-02,4.749133302788461838e-03,5.793780752898280290e-03,1.982141075673488073e-02,3.311005224076894737e-02,4.340154646074534384e-02,1.399718488311086154e-02,4.501397995607327174e-02,6.372953262314753897e-02,7.361536567793865171e-02,1.710422025347456063e-02,7.811430576904447587e-02,4.992615462840100521e-02,8.083987882063138619e-02,4.502251490601867634e-02,1.048980092405618347e-01,3.495917756822635586e-02,2.491814120503296065e-02,3.253401464943063426e-02,1.724984238174883180e-02,3.216217621880628624e-02,4.062979024363942010e-02,6.036631627306744685e-02,3.353781124178311507e-02,1.129792020158477128e-01,1.106011455732939242e-01,2.871861376454856729e-02,7.845801225703198656e-02,2.386057462903145021e-01,9.737194163013217219e-02,1.387887683642776426e-01,1.024026871298007735e-01,2.272862846993231947e-02,7.494269835297841242e-02
2.230922035415677449e-02,3.286423932997184494e-02,4.384485245727375025e-02,2.016740821096967701e-02,7.196226465948672713e-02,1.076190125024991256e-01,9.929713508648436993e-02,2.083796951761878249e-02,1.524794238378346101e-01,6.028803187288540866e-02,0.000000000000000000e+00,4.579267024271430758e-02,1.460665727950852255e-01,4.127456200033875061e-02,4.007412251526020625e-02,3.443506511461131431e-02,2.423623655044992650e-02,5.631555840591859902e-02,6.303367619679645095e-02,8.208564604002424603e-02,4.671622588341878962e-02,1.424034836705436735e-01,1.346135808509233422e-01,3.753761995225371462e-02,1.182928057242179087e-01,2.502686024942044063e-01,1.453657590190662319e-01,2.000405363198799469e-01,1.480016596262028472e-01,3.378311414383883965e-02,1.027658849886441683e-01,4.291714198631701310e-02,2.020038381158362900e-02,4.224896214597680805e-02,2.735925245320341981e-02,4.298716458609996849e-02,1.646486200593515886e-02,1.671416805886700302e-02,3.700444301176307460e-02,3.069048631906081889e-02,2.449236673402728839e-02,1.931196370473088966e-02,3.200943315001012618e-02,7.086917367247386884e-03,8.167607164276270010e-03,2.839404062824275529e-02,4.739918223274144915e-02,6.276982639721384594e-02,2.004457251985118302e-02,6.358426046929691045e-02,9.145204630121504807e-02,1.048364054914371207e-01,2.428743254521282049e-02,1.129318865538825600e-01,7.019325767739159616e-02,1.145830954950044639e-01,6.478576256216594942e-02,1.497324982143140026e-01,5.019117225425261813e-02,3.597896427143634085e-02,4.611052686897278846e-02,2.435203129427075328e-02,4.490325418117690343e-02,5.888643809479435914e-02,8.803336752987961367e-02,4.710019710791764347e-02,1.607584824757151420e-01,1.593107368311052485e-01,4.112503678442686744e-02,1.111663448581087232e-01,3.375202357639984219e-01,1.420836383946440240e-01,1.981402454558899018e-01,1.454188740964290072e-01,3.263128024491512846e-02,1.071873388060690380e-01
1.230463442217849535e-02,1.703008062725791527e-02,2.346832963903787428e-02,1.074861404254716553e-02,3.877671049746914123e-02,5.730514583068489765e-02,5.342801122965989968e-02,1.171616693406340656e-02,8.189684633681264259e-02,3.177625711724450797e-02,4.579267024271430758e-02,0.000000000000000000e+00,7.832672031060652906e-02,2.209163531733005989e-02,2.263652671736009550e-02,1.821713594303525294e-02,1.304209745929227338e-02,3.053844018529494608e-02,3.383045625181450161e-02,4.276936975852692335e-02,2.594457124702842510e-02,7.584630896849874071e-02,7.361459112916343694e-02,2.045802546214586098e-02,6.295091924732154620e-02,1.384689292894834833e-01,7.626600458408025474e-02,1.071109919603308036e-01,7.893308877546886815e-02,1.766718752704218159e-02,5.617841620606134345e-02,2.426663468813768446e-02,1.111010519261038630e-02,2.315620578928795012e-02,1.488979746948763949e-02,2.300288870313235354e-02,8.976721679917410573e-03,9.157969866686469299e-03,2.105437698810065650e-02,1.726418064510422401e-02,1.286210498188397611e-02,1.038615287068774505e-02,1.660572718205910805e-02,3.605888914353160696e-03,4.397177845371925617e-03,1.595034477596685499e-02,2.549990419187596336e-02,3.256045191230432650e-02,1.069567447311252015e-02,3.417343986857886845e-02,4.892956293859295619e-02,5.663487041841390457e-02,1.313567868117335169e-02,6.032502762620049752e-02,3.770904195094417627e-02,6.133120238776298971e-02,3.485910633277719550e-02,8.115632697454702726e-02,2.654957645004320937e-02,1.962581671197206543e-02,2.476460710095288939e-02,1.292778477153179451e-02,2.469540487802541345e-02,3.057127409600369355e-02,4.583582660860937436e-02,2.596148162046316155e-02,8.642076390219986803e-02,8.490916899109528237e-02,2.230009558934264655e-02,5.955316724059958600e-02,1.852783962659457495e-01,7.447181690439051704e-02,1.062819239055589476e-01,7.798441659845535556e-02,1.707453463570436300e-02,5.766484114303178921e-02
3.765339424429021281e-02,5.502125790007547645e-02,7.430235681534946846e-02,3.480321402286953164e-02,1.228803453748978924e-01,1.840070031087117364e-01,1.687771254091150197e-01,3.599041824094060399e-02,2.623200509314569384e-01,1.019474927142362264e-01,1.460665727950852255e-01,7.832672031060652906e-02,0.000000000000000000e+00,6.988372834380243703e-02,6.818295863817533387e-02,5.897568478163452838e-02,4.134990957905055470e-02,9.642659418193511023e-02,1.074618189758362874e-01,1.386562292005399100e-01,8.026876455307155322e-02,2.426655870678647298e-01,2.292230648601823184e-01,6.345045061814477694e-02,2.023650180062434023e-01,4.298687633458538326e-01,2.464384476598350249e-01,3.407775187935412897e-01,2.511258777093103856e-01,5.615949097008504642e-02,1.755819688567197834e-01,7.497382389835323402e-02,3.447619332202558895e-02,7.281660008313607657e-02,4.737729080432924456e-02,7.376941690402964713e-02,2.842805238773764981e-02,2.887130188312546711e-02,6.528412454628165773e-02,5.351717826183317178e-02,4.172756880776824079e-02,3.367146317485120860e-02,5.375014804773882438e-02,1.198535615270326232e-02,1.414614391565428668e-02,4.950634490630567014e-02,8.077465331458000275e-02,1.057716776320065666e-01,3.389949847884856510e-02,1.081502816146914514e-01,1.553489789815263311e-01,1.790911223587212386e-01,4.156502325563462413e-02,1.916307592795150339e-01,1.203972280625911218e-01,1.946957026606690455e-01,1.101596259295809788e-01,2.560244085038237416e-01,8.477341789800754701e-02,6.142770775241973569e-02,7.863125813462160107e-02,4.102199792534943351e-02,7.617344737308626157e-02,9.925752452655754732e-02,1.490944272608146492e-01,8.090854640826587729e-02,2.756960179954687229e-01,2.710244793499253513e-01,7.045811885902375504e-02,1.902269944667207002e-01,5.823892949145336173e-01,2.415245916513655833e-01,3.364764604354494315e-01,2.477490728870849201e-01,5.428116142105374881e-02,1.819646694098989714e-01
1.040566242965688774e-02,1.559310963676736883e-02,2.118157447656496967e-02,9.655591366117498991e-03,3.421965549711330351e-02,5.171865156885886716e-02,4.728231451012229747e-02,9.825846200752845830e-03,7.327208312576513616e-02,2.905165415049482808e-02,4.127456200033875061e-02,2.209163531733005989e-02,6.988372834380243703e-02,0.000000000000000000e+00,1.901486528956785813e-02,1.641480843599183587e-02,1.176915107688192123e-02,2.663462228745185068e-02,3.045056858466417549e-02,3.877454265419100210e-02,2.235517118449746599e-02,6.754399991912406198e-02,6.390132844783596999e-02,1.777529137195097905e-02,5.673352374900550443e-02,1.191866416781815902e-01,6.943775751760133952e-02,9.632294399540586305e-02,7.068638298322006686e-02,1.596003125792969796e-02,4.925260704926732319e-02,2.087157174048526534e-02,9.673297902838103729e-03,2.017204256290407866e-02,1.326375292549359167e-02,2.057896083632818757e-02,7.901572014791021642e-03,8.065191965638554561e-03,1.814748230877019294e-02,1.471970326300881676e-02,1.169538870576148325e-02,9.398146923223164168e-03,1.539343249595379395e-02,3.433795193314973307e-03,3.862595321674851170e-03,1.354227236925105958e-02,2.264292891274447342e-02,3.048980356157449459e-02,9.604077540469312460e-03,3.033557563457912887e-02,4.396765927575150418e-02,5.029819800362694826e-02,1.170020903657983773e-02,5.427016932770350327e-02,3.424946928707998939e-02,5.484233004632323161e-02,3.117524108039858299e-02,7.195133409445152173e-02,2.407488197472779784e-02,1.717068425522870478e-02,2.229589406280140657e-02,1.192515139312916132e-02,2.158764822661680613e-02,2.837923290972663160e-02,4.188408488335343405e-02,2.258341012025319797e-02,7.662796892881301725e-02,7.550904944354085158e-02,1.953850436871113622e-02,5.356025762112866240e-02,1.616257566034608462e-01,6.771573150888181292e-02,9.470527708290818469e-02,6.934219231936120109e-02,1.561187437918349491e-02,5.156805175320598733e-02
1.118291714872273954e-02,1.626528110077915187e-02,2.001712003406425772e-02,9.040229757048899584e-03,3.341252533405349862e-02,4.991259078280601419e-02,4.607391350515555040e-02,1.004679097846705380e-02,6.881270327152498589e-02,2.845078059463084993e-02,4.007412251526020625e-02,2.263652671736009550e-02,6.818295863817533387e-02,1.901486528956785813e-02,0.000000000000000000e+00,1.653709501889081765e-02,1.143118474219197676e-02,2.629366173883282420e-02,2.901072254836627867e-02,3.965666504371019585e-02,2.289391459058351397e-02,6.995405567351474507e-02,6.608541769158464418e-02,1.941086600768468853e-02,5.574198282432196033e-02,1.234405697748317682e-01,6.948273591182800579e-02,9.486815058341660500e-02,7.002488187355015992e-02,1.564862509235370736e-02,4.934920305257497336e-02,2.050804659874906968e-02,1.054819429800245290e-02,2.066002180499368346e-02,1.301665427392145399e-02,2.014065860839056241e-02,7.710971214111917924e-03,7.979984629325710330e-03,1.808126087802913035e-02,1.445480030289256895e-02,1.281378137568021588e-02,9.634355294525130675e-03,1.462472583934692864e-02,3.422563903497700261e-03,4.323449758918596411e-03,1.353066136786641206e-02,2.234029124831926963e-02,2.910623028055642214e-02,9.258448016046636961e-03,3.027952353244833111e-02,4.348539992331022785e-02,4.849419195157588652e-02,1.157121920614510857e-02,5.450342198824559281e-02,3.227216997710525420e-02,5.310799426835940279e-02,3.120825508214251920e-02,7.008477515179839523e-02,2.285035922581638707e-02,1.866012043831570197e-02,2.132137856228043943e-02,1.130733271897035701e-02,2.168115287585289583e-02,2.687788392942428925e-02,4.164971227243945140e-02,2.300710394450164106e-02,7.711147562409874368e-02,7.675767077459734467e-02,1.973360097716825301e-02,5.258112216804400330e-02,1.609754946052315283e-01,6.838787250608688306e-02,9.333343661188354956e-02,6.828430447699526673e-02,1.507466555464898224e-02,5.112826439915618693e-02
8.835913810593200995e-03,1.311668915956397050e-02,1.735074950987650771e-02,7.809508303124095864e-03,2.826840807124510191e-02,4.327567912627188623e-02,3.955182824747694587e-02,8.319179136330066490e-03,6.129363811500140868e-02,2.383254336535812340e-02,3.443506511461131431e-02,1.821713594303525294e-02,5.897568478163452838e-02,1.641480843599183587e-02,1.653709501889081765e-02,0.000000000000000000e+00,9.660562177428595396e-03,2.235714638332670159e-02,2.532087619381191701e-02,3.289482851126623170e-02,1.902379176733569321e-02,5.750558413460762908e-02,5.469044376986232497e-02,1.528304495650687628e-02,4.761545466444522257e-02,1.014893376746694165e-01,5.874210955082233981e-02,8.068330318115701782e-02,5.935484209583816173e-02,1.349485322927337395e-02,4.092093410355068794e-02,1.708956403673380850e-02,8.252158058071805066e-03,1.680718011152804517e-02,1.091425613968861723e-02,1.703932208151650793e-02,6.498105212825166892e-03,6.585603729604930061e-03,1.467519576181457348e-02,1.229514657334372998e-02,9.914773303354234082e-03,7.632481536477430176e-03,1.276671859911009815e-02,2.819924052150344501e-03,3.335417340108825460e-03,1.118727901491371919e-02,1.901199580414427923e-02,2.527721156124846172e-02,7.940525423527865917e-03,2.518237935263096736e-02,3.683658755050601280e-02,4.168089269812597780e-02,9.760836001775139228e-03,4.577609866307149472e-02,2.761059169398828034e-02,4.604008353066120496e-02,2.555893929378418028e-02,6.009302894457263511e-02,1.993536962707835244e-02,1.489425078806691505e-02,1.852342767136439666e-02,9.687589015224849082e-03,1.804054707528823798e-02,2.364615288409703184e-02,3.546494125408348325e-02,1.892217452525582835e-02,6.551624822146656646e-02,6.472373232778587393e-02,1.644335138837996549e-02,4.488774331285032282e-02,1.359691616199518449e-01,5.738064898314439166e-02,7.915422095900119526e-02,5.855901845492182678e-02,1.298862636279742369e-02,4.345541344180528509e-02
6.185853794514030793e-03,9.104165976319545175e-03,1.221907137965035257e-02,5.757813501723629303e-03,2.044247767011032890e-02,2.970497204052119367e-02,2.849258776911040361e-02,5.930562393884915469e-03,4.270632597768608818e-02,1.707596096552599016e-02,2.423623655044992650e-02,1.304209745929227338e-02,4.134990957905055470e-02,1.176915107688192123e-02,1.143118474219197676e-02,9.660562177428595396e-03,0.000000000000000000e+00,1.561388212966574075e-02,1.777784241703270901e-02,2.336124364100810799e-02,1.349437629000742496e-02,4.019249302089541315e-02,3.780204350056808743e-02,1.039614668974794473e-02,3.354404634937095675e-02,7.068378497679313199e-02,4.095450082111753987e-02,5.703942996070424098e-02,4.174596649248236979e-02,9.395905110290547063e-03,2.941058585947304779e-02,1.252742703130929613e-02,5.911162669240475724e-03,1.228181701716013832e-02,7.729771287123963358e-03,1.254537704658620703e-02,4.779672010028784661e-03,4.775398321752028809e-03,1.078314589365695318e-02,8.896779239023735325e-03,7.038315080853969202e-03,5.391786791778051084e-03,9.187785111055040560e-03,1.991838237267634908e-03,2.370430175443066952e-03,8.305220532704694902e-03,1.325080590737260852e-02,1.724916896968100091e-02,5.738041992832566308e-03,1.813079569023058613e-02,2.569422152751640528e-02,2.985403120818738015e-02,7.093078595601404190e-03,3.136300884240670467e-02,2.015109073866952483e-02,3.238607079675709377e-02,1.873351370791493525e-02,4.242590179231783831e-02,1.420429646556061430e-02,1.019787383865302169e-02,1.307806897269486734e-02,6.984293096635455639e-03,1.278057015094030517e-02,1.629454117839205032e-02,2.469200173402651133e-02,1.387765599791692533e-02,4.566694055380775968e-02,4.453735522766878729e-02,1.169458674130422447e-02,3.145878549665655916e-02,9.646812862107055631e-02,3.971100395286863982e-02,5.585608089017377736e-02,4.097901274249002301e-02,9.103916300441456527e-03,3.006073759492317032e-02
1.484743142231297053e-02,2.189711178533368385e-02,2.805133573123314364e-02,1.330526294162747217e-02,4.727266155233699613e-02,6.997605994645111904e-02,6.549161734575356664e-02,1.376716837209181026e-02,9.876577916404935542e-02,3.979699946843091862e-02,5.631555840591859902e-02,3.053844018529494608e-02,9.642659418193511023e-02,2.663462228745185068e-02,2.629366173883282420e-02,2.235714638332670159e-02,1.561388212966574075e-02,0.000000000000000000e+00,4.096258031029019475e-02,5.360697366046647538e-02,3.108022009715827316e-02,9.352645289901434511e-02,8.797018458841081301e-02,2.513067773284180170e-02,7.753543536016070659e-02,1.656333968708408599e-01,9.470307913468907490e-02,1.314029285878527409e-01,9.609540680428561854e-02,2.185003543565816261e-02,6.734555134107661489e-02,2.822107916455146234e-02,1.351715800014547178e-02,2.801404265032970964e-02,1.813461426711156579e-02,2.825249044191780259e-02,1.095568186146858927e-02,1.067578581993255775e-02,2.444445482873031442e-02,2.025625263975650708e-02,1.635812328484519476e-02,1.298960651627224794e-02,2.090539696815349457e-02,4.883902477816903093e-03,5.350075233320760425e-03,1.861922463616937778e-02,3.125026089235349858e-02,4.087831066882586378e-02,1.326263979828054204e-02,4.205347730846765997e-02,5.960437475707111576e-02,6.916541808703881300e-02,1.599832819721747068e-02,7.368547326922141039e-02,4.608300417711463232e-02,7.466082826386603866e-02,4.254730125322305628e-02,9.801771614455519199e-02,3.268597904220860162e-02,2.400952789955973846e-02,2.996129428917207113e-02,1.579484817912645001e-02,2.933988492403821757e-02,3.804597314139058356e-02,5.718968702735599541e-02,3.139962526896197120e-02,1.052954933079645328e-01,1.037656058309076174e-01,2.676081347513942221e-02,7.299995055407305922e-02,2.206185856125630063e-01,9.271968382347062221e-02,1.285933327665753911e-01,9.425369854591658658e-02,2.087870865908142415e-02,7.039690719033178667e-02
1.634064204643829663e-02,2.441211803661193572e-02,3.257939489378350317e-02,1.522713575732124146e-02,5.356299055564379269e-02,7.890920275699744857e-02,7.404616424613913450e-02,1.514433219165794813e-02,1.119706955255682646e-01,4.390535857218225840e-02,6.303367619679645095e-02,3.383045625181450161e-02,1.074618189758362874e-01,3.045056858466417549e-02,2.901072254836627867e-02,2.532087619381191701e-02,1.777784241703270901e-02,4.096258031029019475e-02,0.000000000000000000e+00,6.159430098092702477e-02,3.406253964352155827e-02,1.042864714309084812e-01,9.882779092770688223e-02,2.771967125766176820e-02,8.659104993486432811e-02,1.824476961564328592e-01,1.074364768903997430e-01,1.461704979599289522e-01,1.080846283254810886e-01,2.451063883596613091e-02,7.541617430949157375e-02,3.091215094888113274e-02,1.467056911904690564e-02,3.148944796995450934e-02,2.036180221665727721e-02,3.228348472725196816e-02,1.228727023401071476e-02,1.217364725308252293e-02,2.651448036663541993e-02,2.254876635905224760e-02,1.848893282530201382e-02,1.484155483768565854e-02,2.346573877876050387e-02,5.392060163677130612e-03,5.820605593093057702e-03,2.103149157906043440e-02,3.493087043400330133e-02,4.653927836060609002e-02,1.508943839875973893e-02,4.644268019316859925e-02,6.711087162118462013e-02,7.763498129769948186e-02,1.813297593487335491e-02,8.254867412851671360e-02,5.147997621340868329e-02,8.416125544623691279e-02,4.802717271500889229e-02,1.106355034834320544e-01,3.694136109404555501e-02,2.667432305469844001e-02,3.319522334432118554e-02,1.797418108174937690e-02,3.211521048315239130e-02,4.337118551399084948e-02,6.512518591434117432e-02,3.486169463690607512e-02,1.170643009971829851e-01,1.166625985924239772e-01,3.078549249244339273e-02,8.069763519553271869e-02,2.471783723945370215e-01,1.048961743784307399e-01,1.451268189872052528e-01,1.068583889646518154e-01,2.365629501116256125e-02,7.816974281415708936e-02
2.007061057110144306e-02,2.974678338386010923e-02,4.217988304879426859e-02,1.877942078104969867e-02,6.733904228540889270e-02,1.038289800816221270e-01,9.433167988950660887e-02,1.970488911215065655e-02,1.479716020015605371e-01,5.637787607852348670e-02,8.208564604002424603e-02,4.276936975852692335e-02,1.386562292005399100e-01,3.877454265419100210e-02,3.965666504371019585e-02,3.289482851126623170e-02,2.336124364100810799e-02,5.360697366046647538e-02,6.159430098092702477e-02,0.000000000000000000e+00,4.504882643000238801e-02,1.357877221740183549e-01,1.302131896050217064e-01,3.425826501529244394e-02,1.123137105791970070e-01,2.416212291693382586e-01,1.388075345580656317e-01,1.912618344492655331e-01,1.415266006846115365e-01,3.116688302839231567e-02,9.838015365903027276e-02,4.157810081374811034e-02,1.918775380486006585e-02,4.033039153598718535e-02,2.607169891708686210e-02,4.078970584053910609e-02,1.562442146205772486e-02,1.589622999491771202e-02,3.545024696387074487e-02,2.957245315291040164e-02,2.256614432607109005e-02,1.774074581385456234e-02,2.964919951170967571e-02,6.044288599112879190e-03,7.881625695500590889e-03,2.782719851398829380e-02,4.485670367633481231e-02,6.002181237811383963e-02,1.841960610639407567e-02,5.968159556373327235e-02,8.695245507555614262e-02,9.858089059841902702e-02,2.342312083669876102e-02,1.067574417923036201e-01,6.588691220215658895e-02,1.095827508564397729e-01,6.034313453204284694e-02,1.425525041238865642e-01,4.684021124455171187e-02,3.441009723629325640e-02,4.409084376164699309e-02,2.330096723780502449e-02,4.271518271206541095e-02,5.495092956743775903e-02,8.375783861398687635e-02,4.521015053589610283e-02,1.572039650594355964e-01,1.533089609802852915e-01,3.920969370610662835e-02,1.058865889687711226e-01,3.280095604536400478e-01,1.358658930460915903e-01,1.882925025379056927e-01,1.396708681629518778e-01,3.103520016239168927e-02,1.025800522878993065e-01
1.264868933861148376e-02,1.777055368921098139e-02,2.408564951451714481e-02,1.099648285846405518e-02,3.933607784391270068e-02,5.883298381891709228e-02,5.413490686922099726e-02,1.133208104975323184e-02,8.221032082147550213e-02,3.324424678813742151e-02,4.671622588341878962e-02,2.594457124702842510e-02,8.026876455307155322e-02,2.235517118449746599e-02,2.289391459058351397e-02,1.902379176733569321e-02,1.349437629000742496e-02,3.108022009715827316e-02,3.406253964352155827e-02,4.504882643000238801e-02,0.000000000000000000e+00,7.789218669581748911e-02,7.507862245318804029e-02,2.159304092252133100e-02,6.496018412831734701e-02,1.410114953629236778e-01,7.987525303536524568e-02,1.096577759617350933e-01,8.030234521677932780e-02,1.770690035273269486e-02,5.700828425606035976e-02,2.378980232811451004e-02,1.139182920223100713e-02,2.402438504240047429e-02,1.549181205907694536e-02,2.398496593187405754e-02,9.057188062558129554e-03,9.176850920776923742e-03,2.045030381431618693e-02,1.718299418075017182e-02,1.396199361651676366e-02,1.113603939447127544e-02,1.732948186993569714e-02,3.902921854336231268e-03,4.556433771596321049e-03,1.619220827291027037e-02,2.597514256930813156e-02,3.448522811519655340e-02,1.105475243051240279e-02,3.487813077343251966e-02,4.996860581602485807e-02,5.706042048650551701e-02,1.340849370837149217e-02,6.121019069839124527e-02,3.862474999433403861e-02,6.241813555287377413e-02,3.629603433724992723e-02,8.190924926212463097e-02,2.717904510668693943e-02,2.065410738586354392e-02,2.509839721569934873e-02,1.335897308692929851e-02,2.465671683712818141e-02,3.141600839043161980e-02,4.803508785149895183e-02,2.664140238281510406e-02,8.767130060185249207e-02,8.783598038150443321e-02,2.301358931459045187e-02,6.056158986221223811e-02,1.875420947623990531e-01,7.745990117908499450e-02,1.078133128421835257e-01,7.926624402576872008e-02,1.730411578726566077e-02,5.878553970451769195e-02
