0.000000000000000000e+00,1.460802302134894468e-02,1.060501639750644626e-02,5.903640376525809592e-03,2.496673345676331604e-02,2.905554384245299243e-02,3.397438448983730597e-02,6.037424715007570081e-03,3.797510188397110187e-02,2.000103491683249968e-02,3.029215059004428459e-02,1.502961976847265457e-02,4.890281550214694434e-02,1.213332864433830371e-02,1.170563031920552992e-02,9.292742059707093105e-03,7.356940728328329251e-03,1.645800592151770367e-02,1.750099514865920136e-02,3.205571769595719211e-02,1.456841706698682598e-02,4.757899017818747328e-02,4.061161451620914908e-02,1.639609586204074029e-02,3.942203863379810380e-02,7.660015347102905325e-02,4.854003258997397624e-02,6.251846938242425211e-02,4.391696854363234814e-02,8.926490468921922591e-03,3.107982275093094937e-02,1.092540035539421757e-02,7.777061751552015109e-03,1.443709371498956735e-02,7.948970951742559410e-03,1.501886164120342856e-02,6.683314411815763877e-03,2.357155534262884034e-03,1.290682590664649597e-02,7.848138414333636140e-03,1.352024005247043185e-02,7.462075804582845098e-03,1.111376406077094550e-02,4.153570693283439863e-03,3.694454287836057733e-03,8.566404180021434944e-03,1.636157450476179165e-02,1.802669495194726343e-02,9.242073979324992583e-03,2.663499235958555200e-02,2.812709175831574690e-02,3.759200621000787640e-02,9.106917607547615479e-03,3.946264669715780771e-02,2.557989162814724646e-02,3.847226584987800679e-02,2.443194530909931911e-02,5.120771820438712457e-02,1.893152007657636360e-02,1.874452412273950458e-02,1.240317240230847003e-02,8.400523399689061380e-03,1.632566450906725031e-02,1.905631089691849772e-02,3.375975982359602501e-02,2.171261538613419861e-02,5.176857164114688492e-02,4.927665942738469057e-02,1.262911547061931587e-02,3.938997716698963703e-02,9.876193170768404750e-02,4.886596026927698955e-02,7.166246157669951822e-02,4.269845444815786178e-02,1.143280625050282356e-02,3.052680654147267580e-02
1.460802302134894468e-02,0.000000000000000000e+00,2.135962032511774453e-02,1.175415745312907538e-02,4.952690880996049594e-02,5.845455020326566914e-02,6.787633019523960087e-02,1.168980409999318890e-02,7.665583428521516307e-02,3.994438703784124883e-02,6.146633882439953706e-02,3.006538435868050599e-02,9.780570995990972571e-02,2.502575120209352827e-02,2.230541474498117654e-02,1.932663642879322088e-02,1.486608468408236010e-02,3.325024617255979698e-02,3.547716272081861966e-02,6.583078041140133507e-02,2.835285855453534634e-02,9.696085675847904151e-02,8.032157853597224340e-02,3.266725376403249725e-02,7.927641930810569448e-02,1.506157101655890840e-01,9.878219978561934844e-02,1.266430659916713553e-01,8.941467410560165197e-02,1.844802097003029467e-02,6.392160980895630895e-02,2.120054834292513235e-02,1.512630096968005378e-02,2.900129167885383275e-02,1.579359914770101306e-02,2.976452897416703366e-02,1.315805832327458097e-02,4.637467584206882674e-03,2.487508230224067668e-02,1.507693985270853326e-02,2.658564534495785892e-02,1.446048734953693342e-02,2.242822897268560017e-02,7.972295409355780946e-03,7.287460975102407618e-03,1.677511176826306655e-02,3.306770956426466346e-02,3.595646718408414960e-02,1.793442320193808226e-02,5.271601341578914524e-02,5.551695754631931490e-02,7.535892175829062012e-02,1.787071841400254824e-02,7.835888206683053192e-02,5.082632029375421662e-02,7.687305837096379546e-02,4.757716655686801410e-02,1.019729547425801131e-01,3.832654925060419160e-02,3.686255923490123348e-02,2.513975252896464424e-02,1.760937350669240439e-02,3.306753218611835354e-02,3.888303468577686967e-02,6.837397730043628941e-02,4.259874879302516515e-02,1.047620576609781945e-01,9.883596325471229183e-02,2.438182531373944348e-02,7.893991903409044997e-02,1.934812673388442428e-01,9.974497870863936744e-02,1.453321371506346993e-01,8.678053358585596788e-02,2.393307072905910202e-02,6.300836625853714623e-02
1.060501639750644626e-02,2.135962032511774453e-02,0.000000000000000000e+00,8.387538461782988522e-03,3.579227797343624562e-02,4.218992268804742929e-02,4.883464452725008731e-02,8.440755024782323201e-03,5.563849805987417657e-02,2.854322449281360835e-02,4.429811385912549304e-02,2.167578665867408300e-02,7.086944692901750442e-02,1.777155418540684109e-02,1.627467775601696559e-02,1.378038519009950474e-02,1.060089705660326696e-02,2.364188455966273819e-02,2.573502228822188362e-02,4.693346471717528556e-02,2.037145851313480402e-02,6.978350281239274755e-02,5.799993800455319898e-02,2.329299520623880418e-02,5.667552836380044395e-02,1.097843801345546322e-01,7.078951656223445021e-02,9.054500400364114132e-02,6.414541483692673407e-02,1.318946744066781460e-02,4.571579170823046601e-02,1.536375103264829393e-02,1.125038643377760696e-02,2.126724887535188721e-02,1.158375667222006841e-02,2.155155276947835416e-02,9.530060526166155704e-03,3.510400851278815126e-03,1.824664948843306156e-02,1.111564531064668238e-02,1.941170492869246852e-02,1.064204226326710689e-02,1.620483611306314242e-02,5.757100713542823156e-03,5.331470155772560261e-03,1.217666308753414042e-02,2.374059099987883489e-02,2.595443503223276993e-02,1.308321676272960338e-02,3.784337527849160332e-02,4.043027575465901052e-02,5.409629047914565891e-02,1.294280892744035551e-02,5.670883229235420403e-02,3.645365207039205635e-02,5.516094269159013685e-02,3.414116447899150086e-02,7.279456209217251283e-02,2.766257540923447444e-02,2.637830202131328725e-02,1.779403962530515595e-02,1.236326082841913455e-02,2.366357013717373947e-02,2.835509570999183299e-02,4.897263083431002001e-02,3.047155053133629443e-02,7.503895504694561847e-02,7.100174180757644338e-02,1.744956538824885689e-02,5.669236927724385228e-02,1.399574034002484535e-01,7.120278234593148403e-02,1.034482090393735870e-01,6.248887726935864473e-02,1.713606912345531919e-02,4.507073590994419010e-02
5.903640376525809592e-03,1.175415745312907538e-02,8.387538461782988522e-03,0.000000000000000000e+00,1.995366498362240171e-02,2.320594080612092130e-02,2.713335809105370602e-02,4.779617155710906735e-03,3.035478629304834419e-02,1.566540758049535242e-02,2.447165526647178402e-02,1.184903806641917669e-02,3.913723859873076416e-02,9.641962488707800372e-03,8.865006267566210435e-03,7.547360266190726065e-03,5.761203707196496139e-03,1.308368128019487403e-02,1.419763167876296993e-02,2.546470148571216424e-02,1.137805342222282697e-02,3.750894841095397253e-02,3.190895169728391600e-02,1.316760473787555001e-02,3.105055462337288907e-02,6.013560116062728611e-02,3.880125363627995316e-02,4.983696992004912896e-02,3.484402784596409008e-02,7.176187212245108311e-03,2.491785165795270748e-02,8.558318876742866330e-03,6.204086255678318076e-03,1.187049187560383287e-02,6.459098785655193603e-03,1.179747279217533557e-02,5.221124834698354436e-03,1.826060778711876458e-03,1.023287180238256593e-02,6.197861209875759822e-03,1.110612009050486633e-02,6.007322523099776872e-03,8.927603330196137027e-03,3.346491395747044125e-03,2.938578190215048423e-03,6.834482863370440475e-03,1.305109667087675854e-02,1.458827732063306890e-02,7.485881443864615854e-03,2.143371310549575803e-02,2.231286007103043534e-02,3.018625534560089030e-02,7.093907044446265235e-03,3.121746485042913022e-02,2.060595305310565506e-02,3.061850918302263039e-02,1.940718006035270504e-02,4.088919819450930609e-02,1.550123978164906491e-02,1.466251867996293951e-02,9.806475531358457495e-03,6.878216702794070700e-03,1.299950745110926842e-02,1.552760390702156122e-02,2.702630060312895266e-02,1.723428690460426099e-02,4.094895542905518243e-02,3.866250091392867128e-02,9.733511635063410092e-03,3.110977329031810318e-02,7.711866108249480767e-02,3.917771351044668782e-02,5.760232534506580515e-02,3.419901503824527428e-02,9.338006912594083025e-03,2.487073414885178357e-02
2.496673345676331604e-02,4.952690880996049594e-02,3.579227797343624562e-02,1.995366498362240171e-02,0.000000000000000000e+00,9.721677331711012227e-02,1.153229906347315037e-01,1.990108584993490609e-02,1.283800365819212919e-01,6.827719944854852840e-02,1.026836451504414133e-01,5.092733522790109102e-02,1.660183796304477988e-01,4.164379267373689852e-02,3.657295583809640205e-02,3.225585589622430999e-02,2.480673637111251856e-02,5.551955878986397641e-02,5.977267016873669125e-02,1.074267622556239754e-01,4.812753357299318774e-02,1.588438030780630339e-01,1.340251608931835314e-01,5.483554282936702051e-02,1.322345298484282061e-01,2.537954250792032185e-01,1.617391267060231119e-01,2.121034758045591551e-01,1.475548673344646844e-01,3.087948591598183717e-02,1.055665204552466430e-01,3.712051350423829083e-02,2.616122126433574960e-02,4.949025283847570400e-02,2.717235879865713064e-02,5.161826337213241273e-02,2.271991532517169537e-02,7.960676372687408575e-03,4.325189654757977814e-02,2.632080204593179734e-02,4.585672923145456964e-02,2.493747421002295850e-02,3.872775531882211020e-02,1.422176689266377130e-02,1.232159336470673404e-02,2.846780563948141801e-02,5.489944825419851987e-02,6.085027616257079192e-02,3.134798399022037385e-02,9.069361101403140835e-02,9.423747022543352281e-02,1.274589645712156938e-01,2.996899524386833005e-02,1.317140850660523110e-01,8.760996160867991212e-02,1.296767772465958202e-01,8.137839867928614579e-02,1.709978726757063472e-01,6.555066900452377610e-02,5.908425379222862622e-02,4.162017229356208825e-02,2.933159237037101519e-02,5.510325548423663372e-02,6.509045040450191222e-02,1.125592974882738823e-01,7.172677922590464661e-02,1.715696824023918987e-01,1.623472390984087022e-01,4.078521410693260879e-02,1.317198855885097775e-01,3.230885652099138028e-01,1.640072431396307207e-01,2.420402402211095649e-01,1.438451131247010517e-01,3.968100114359922326e-02,1.048369733349776012e-01
2.905554384245299243e-02,5.845455020326566914e-02,4.218992268804742929e-02,2.320594080612092130e-02,9.721677331711012227e-02,0.000000000000000000e+00,1.338434937881081421e-01,2.288104036383914117e-02,1.516758716299075604e-01,7.832622529839243508e-02,1.190728088565469606e-01,5.952569422983791658e-02,1.928185194379536116e-01,4.910848056877605700e-02,4.392153306316761568e-02,3.822410507212879033e-02,2.895691490719363298e-02,6.511006977664170192e-02,7.019283597240044692e-02,1.280205434771533035e-01,5.576614622737813276e-02,1.905269556252739416e-01,1.592283484077826050e-01,6.438465631204912110e-02,1.552075804696642636e-01,2.993790690620321548e-01,1.931935933358589208e-01,2.492598940810977493e-01,1.755862239421125126e-01,3.605155381448772040e-02,1.245008591745301457e-01,4.271200134143736393e-02,3.070720425300975734e-02,5.771666171764807535e-02,3.170848403863976706e-02,5.909220577801185120e-02,2.598937014272853160e-02,9.719585432105465328e-03,4.964791773528319518e-02,3.051421488294879525e-02,5.314724928593601849e-02,2.888489346184153553e-02,4.462077055505011408e-02,1.579595058432721466e-02,1.437892368040922381e-02,3.361311180678300259e-02,6.495003112270746060e-02,7.091808998966613042e-02,3.570683782813975637e-02,1.036205640788004506e-01,1.107669694780966801e-01,1.479588971237986161e-01,3.481590256281075213e-02,1.558361198343665710e-01,9.949983483090782399e-02,1.495719438557097658e-01,9.357506942513345305e-02,1.996988728249887712e-01,7.539435404048820677e-02,7.143281142436430642e-02,4.896048014801940296e-02,3.426115224794663849e-02,6.450341636867588935e-02,7.601190312981617736e-02,1.336082572364369891e-01,8.226071774926713154e-02,2.046618487375700679e-01,1.936895118264109206e-01,4.795168987195871230e-02,1.547301304411763667e-01,3.814484022511481220e-01,1.950578311362856365e-01,2.832848612714256031e-01,1.708316055940512779e-01,4.684993614220094027e-02,1.235658586730664227e-01
3.397438448983730597e-02,6.787633019523960087e-02,4.883464452725008731e-02,2.713335809105370602e-02,1.153229906347315037e-01,1.338434937881081421e-01,0.000000000000000000e+00,2.721266861302539322e-02,1.768571738760743584e-01,9.304215929483147796e-02,1.408357407657640226e-01,6.892869465847765997e-02,2.268832957340062573e-01,5.671759198391365664e-02,5.046641342046150752e-02,4.417732781323471802e-02,3.431435011906336374e-02,7.646884858336408519e-02,8.181308396396269611e-02,1.476129278787720600e-01,6.605226973134784019e-02,2.181869820798345572e-01,1.831888019830646974e-01,7.470196248077931589e-02,1.817018192483485228e-01,3.480373978335157270e-01,2.224923058607929105e-01,2.902392320349784782e-01,2.017693373239847487e-01,4.211606265961645446e-02,1.436267747645827986e-01,5.028365340274757594e-02,3.575721503197639567e-02,6.755225380209259334e-02,3.710120520542734696e-02,7.033213066665627844e-02,3.089658540348301161e-02,1.079349196868106819e-02,5.928820602185314037e-02,3.582876794034234313e-02,6.284553737068598878e-02,3.436562568934989348e-02,5.301542733873213648e-02,1.943721320221667576e-02,1.683257799769414739e-02,3.920710486870138123e-02,7.571588816974578195e-02,8.279670883875735188e-02,4.299622793886375555e-02,1.241608571885423479e-01,1.291319122693753429e-01,1.742649940143675968e-01,4.126850169164410914e-02,1.808087816746487830e-01,1.196200889658030342e-01,1.772607691791683038e-01,1.106476604789473350e-01,2.357670138905046675e-01,8.983249688793384924e-02,8.173245527218962747e-02,5.678383472625869732e-02,4.035309989436787481e-02,7.550256004236677310e-02,8.850687118793827690e-02,1.548301182243073393e-01,9.804606533278731328e-02,2.355858024411066898e-01,2.227146240359926255e-01,5.561445631961429992e-02,1.810062336197782173e-01,4.433474241303502206e-01,2.255085330500918583e-01,3.328884253197499365e-01,1.971369201640726654e-01,5.445308329260644536e-02,1.432830672575590159e-01
6.037424715007570081e-03,1.168980409999318890e-02,8.440755024782323201e-03,4.779617155710906735e-03,1.990108584993490609e-02,2.288104036383914117e-02,2.721266861302539322e-02,0.000000000000000000e+00,3.002335076906654035e-02,1.612701326889201883e-02,2.406512709892446103e-02,1.253547787133606206e-02,3.900024019363063782e-02,9.701825093679351461e-03,9.524123311457148924e-03,7.716555276332098638e-03,5.884652514655029296e-03,1.318736954377040457e-02,1.396874804595928631e-02,2.535681487891686126e-02,1.160067735621162811e-02,3.864198910667566295e-02,3.234469749079979528e-02,1.313380114597292349e-02,3.107782875836680170e-02,6.160211648267668871e-02,3.859287806941643501e-02,5.056880617770557335e-02,3.510716678092515308e-02,7.414829204936826575e-03,2.532538236670824755e-02,8.726890061092930362e-03,6.333000558002341469e-03,1.173682495867439494e-02,6.392857627751089879e-03,1.162371419312412807e-02,5.323010788312665560e-03,2.026232954210469093e-03,1.011671874490762887e-02,6.277743745932220197e-03,1.076290513338860021e-02,5.924147870286330247e-03,8.920027248449596477e-03,3.301239069635516620e-03,2.965711441888741525e-03,6.937516939566694754e-03,1.288022672447202040e-02,1.428098342173426440e-02,7.284291169895030366e-03,2.095034970362320489e-02,2.229331482526775848e-02,2.982836454159993808e-02,7.244857910159219205e-03,3.097339730252889403e-02,2.021243190566156256e-02,3.067159917176716377e-02,1.958229033987697945e-02,4.035513463114130672e-02,1.501276611448459919e-02,1.467661660008569464e-02,9.908191724577294218e-03,6.826145310273738602e-03,1.306091088212870018e-02,1.540975495108068936e-02,2.649554448171245399e-02,1.711431199354734173e-02,4.122817371519360563e-02,3.961401948819723989e-02,9.903080643692723992e-03,3.092518804971691390e-02,7.872450140321993195e-02,3.910677673618758593e-02,5.699093027124295385e-02,3.396426819292920618e-02,9.110739642282589604e-03,2.504368654061026045e-02
3.797510188397110187e-02,7.665583428521516307e-02,5.563849805987417657e-02,3.035478629304834419e-02,1.283800365819212919e-01,1.516758716299075604e-01,1.768571738760743584e-01,3.002335076906654035e-02,0.000000000000000000e+00,1.030580764223064938e-01,1.574502828044976876e-01,7.747256430141059858e-02,2.538845620382995660e-01,6.468917630648789163e-02,5.739345635519998989e-02,5.044421909977677559e-02,3.834880902042392403e-02,8.561091736299417110e-02,9.220432029809437491e-02,1.689945657692857317e-01,7.301827395479580651e-02,2.498659401216561660e-01,2.082479010433018474e-01,8.383083297333447648e-02,2.039921139184653898e-01,3.925992809434790121e-01,2.535770724776885698e-01,3.272701480372171567e-01,2.307348207906859405e-01,4.769762493659052832e-02,1.631090835052572408e-01,5.634771182995980399e-02,4.057740551504328275e-02,7.635860299962440867e-02,4.187631053272650172e-02,7.815596166508220755e-02,3.446470901668453879e-02,1.269437266514580887e-02,6.542130753110286800e-02,4.032235389091364669e-02,6.968451610234790983e-02,3.798804344960238916e-02,5.965263706254639309e-02,2.117747553871285326e-02,1.894412809775823658e-02,4.323098111864707993e-02,8.505292140765476072e-02,9.403584651612752199e-02,4.695946111704224490e-02,1.367110966944845574e-01,1.456357493233813583e-01,1.955661827093431726e-01,4.577605752605699851e-02,2.049135124436851085e-01,1.327216658271675731e-01,1.973389897108214219e-01,1.231509902141233320e-01,2.633564302534997514e-01,9.978200671037443237e-02,9.293321988163097402e-02,6.411672389648441495e-02,4.525670468494466525e-02,8.446882403216858515e-02,1.005863075825810110e-01,1.763613549005938197e-01,1.082813832813196986e-01,2.688618090929641435e-01,2.535342166027977351e-01,6.291715798473732080e-02,2.029894539470471215e-01,4.994630727708796458e-01,2.568852557880952903e-01,3.742322433816270832e-01,2.240654807889275735e-01,6.194461372407158994e-02,1.616870367987290058e-01
2.000103491683249968e-02,3.994438703784124883e-02,2.854322449281360835e-02,1.566540758049535242e-02,6.827719944854852840e-02,7.832622529839243508e-02,9.304215929483147796e-02,1.612701326889201883e-02,1.030580764223064938e-01,0.000000000000000000e+00,8.384318258401075863e-02,4.046738467125718386e-02,1.330228191176382468e-01,3.352844189379258072e-02,3.003165500970899834e-02,2.616287663745519437e-02,1.991768400550915363e-02,4.488856423287070768e-02,4.858987239468732372e-02,8.783094168335515983e-02,3.905071064702368699e-02,1.301275722290354264e-01,1.085344964278126684e-01,4.403561175665021005e-02,1.070612767502609752e-01,2.045504909606969401e-01,1.316872572585780776e-01,1.717064126062687324e-01,1.193632121101566440e-01,2.493078318580818978e-02,8.543090572621947487e-02,2.886011028673085912e-02,2.117211444011889501e-02,3.965162441519807374e-02,2.145972144270245907e-02,4.157199522407448167e-02,1.835672001879493087e-02,6.317640704430996408e-03,3.422946028773986987e-02,2.115487473224387724e-02,3.652648359233480468e-02,1.968908038504412622e-02,3.122010346927590191e-02,1.120410545941343157e-02,1.017637627646020455e-02,2.292202317398570402e-02,4.450823456324565219e-02,4.860204810832198519e-02,2.489379858759293782e-02,7.291429924134493201e-02,7.464893747316540817e-02,1.026433242748939628e-01,2.422510338951247913e-02,1.057543293338018275e-01,7.049064660217840839e-02,1.047764638386418368e-01,6.497980812482007096e-02,1.378433037292731700e-01,5.277410410097989335e-02,4.850741975614668300e-02,3.375938565750858517e-02,2.394822007239687245e-02,4.500575755405743228e-02,5.262517925319046969e-02,9.149059606375797848e-02,5.814189613135397477e-02,1.397839733361946890e-01,1.318436492145999284e-01,3.247190882512079185e-02,1.068113716067819324e-01,2.605177192764440153e-01,1.329298018196914122e-01,1.968658082189224945e-01,1.160325453764278619e-01,3.276130933970888143e-02,8.495359643844467568e-02
3.029215059004428459e-02,6.146633882439953706e-02,4.429811385912549304e-02,2.447165526647178402e-02,1.026836451504414133e-01,1.190728088565469606e-01,1.408357407657640226e-01,2.406512709892446103e-02,1.574502828044976876e-01,8.384318258401075863e-02,0.000000000000000000e+00,6.297572674359749878e-02,2.021993870362626677e-01,5.155623068990090180e-02,4.490464209577667981e-02,4.018428144763704774e-02,3.087321315478189915e-02,6.820240756246043201e-02,7.316770385708099012e-02,1.333360899636958363e-01,5.855481015104592457e-02,1.971942578435204041e-01,1.644509417936920459e-01,6.689941130307924810e-02,1.622381368756152520e-01,3.107184580998578749e-01,2.003536037780213608e-01,2.609755691054274074e-01,1.820316636114434061e-01,3.827273437452705096e-02,1.297808402944757855e-01,4.432905890713637748e-02,3.180894703032918075e-02,6.003581285101514814e-02,3.302153403892478523e-02,6.288295031623275522e-02,2.752074595433578325e-02,9.914092298633108910e-03,5.145979833338548692e-02,3.172747815945785310e-02,5.538422288726727732e-02,3.035045741849909384e-02,4.753980669731687481e-02,1.709494948426697192e-02,1.510537092144862564e-02,3.452920799258374362e-02,6.753193995270007077e-02,7.468279735864943869e-02,3.758861508123138850e-02,1.091612697742748023e-01,1.151114685390571407e-01,1.548756571559642414e-01,3.659664621314672600e-02,1.607224441894811728e-01,1.068885367250048679e-01,1.575973587357623051e-01,9.901498939261683951e-02,2.083407997585224880e-01,7.941239485954523780e-02,7.288612552319068127e-02,5.135814148685719643e-02,3.636939840208884556e-02,6.745376215142021015e-02,7.974735331663027060e-02,1.387882925114833355e-01,8.686289217968345966e-02,2.114473268967393682e-01,2.003514967028930949e-01,4.959477734981616870e-02,1.607661842349904502e-01,3.939766549813428220e-01,2.026743941883989986e-01,2.969377797900957794e-01,1.765302956251480204e-01,4.901806196363883705e-02,1.295688380780054549e-01
1.502961976847265457e-02,3.006538435868050599e-02,2.167578665867408300e-02,1.184903806641917669e-02,5.092733522790109102e-02,5.952569422983791658e-02,6.892869465847765997e-02,1.253547787133606206e-02,7.747256430141059858e-02,4.046738467125718386e-02,6.297572674359749878e-02,0.000000000000000000e+00,1.002169646877421327e-01,2.516391428348541473e-02,2.352167335677160867e-02,1.986363663945014610e-02,1.484712427756941511e-02,3.355075085560661752e-02,3.657843616016420718e-02,6.593049787033747333e-02,2.956634431057554233e-02,9.823206034564944955e-02,8.312609307185871155e-02,3.355159586362002622e-02,7.999993272454811177e-02,1.555143965333565248e-01,9.942858146491868887e-02,1.294073946814335019e-01,8.997504991957673559e-02,1.884145256757155037e-02,6.486803809346580740e-02,2.171558315763012087e-02,1.606575469395208483e-02,3.028432275793561598e-02,1.621770631880417590e-02,3.069120557733505048e-02,1.356339218932574656e-02,5.003298746270436713e-03,2.578378552368094587e-02,1.607280156706357779e-02,2.815318128327707128e-02,1.493691767857433135e-02,2.266563938030808148e-02,8.243839738791645250e-03,7.641442104067976485e-03,1.746144326847755279e-02,3.321373890141282592e-02,3.675865862223003100e-02,1.855292024412815918e-02,5.390056227904226060e-02,5.621388696928897311e-02,7.697092725704771099e-02,1.829993536327861187e-02,7.933163647212844449e-02,5.221388609501505934e-02,7.853459211219425418e-02,4.950231669936181605e-02,1.033140801804691977e-01,3.894085209343647186e-02,3.718582718418350641e-02,2.549673000138467233e-02,1.778895151917498502e-02,3.389814179726961807e-02,3.990135525488758272e-02,6.831449586386074968e-02,4.412445421777833054e-02,1.047335453145966377e-01,1.007417143677516447e-01,2.473419665302110937e-02,7.980367284615222379e-02,1.973901847819025390e-01,9.937630657746339413e-02,1.473471900086003039e-01,8.708809869196666720e-02,2.424755061371398207e-02,6.483844947165032235e-02
4.890281550214694434e-02,9.780570995990972571e-02,7.086944692901750442e-02,3.913723859873076416e-02,1.660183796304477988e-01,1.928185194379536116e-01,2.268832957340062573e-01,3.900024019363063782e-02,2.538845620382995660e-01,1.330228191176382468e-01,2.021993870362626677e-01,1.002169646877421327e-01,0.000000000000000000e+00,8.180809915719274017e-02,7.300237522954657055e-02,6.393840600731284796e-02,4.892958341587937826e-02,1.095995974792506183e-01,1.177737285925509886e-01,2.135586270775459150e-01,9.482868246798634160e-02,3.162359712165003223e-01,2.647232426670227401e-01,1.080763366937793901e-01,2.616756594736739938e-01,5.012579903669627246e-01,3.224162935619357961e-01,4.180832502810429840e-01,2.918274440566263062e-01,6.057221202771824464e-02,2.081943839520152273e-01,7.186954362712971722e-02,5.170483061223423576e-02,9.756853272092311236e-02,5.342590842297948589e-02,1.011490751741879746e-01,4.438553863361806295e-02,1.558919032641219518e-02,8.519128904876657749e-02,5.155058096419869867e-02,9.070552938104813057e-02,4.965853893839859007e-02,7.550464979840938728e-02,2.758076848215025231e-02,2.438135418691662545e-02,5.658199188951396064e-02,1.087999719232704277e-01,1.203103127924431692e-01,6.143166042002692895e-02,1.771783500177758486e-01,1.852662640952338347e-01,2.505082758255048336e-01,5.901981235410173193e-02,2.600791606157418778e-01,1.712971312453450412e-01,2.541079770970344209e-01,1.596608929287221812e-01,3.380944708709669455e-01,1.282682256099884066e-01,1.192284581814264527e-01,8.189382070419556903e-02,5.788754686108792818e-02,1.086874401519955929e-01,1.277862176058603416e-01,2.231469076136775309e-01,1.409830954503414890e-01,3.406038474780977987e-01,3.227731190474703582e-01,8.072058284673971906e-02,2.608240654719605756e-01,6.402383808272801291e-01,3.251935893421971091e-01,4.774730499623375257e-01,2.838030210833572542e-01,7.814189929586648486e-02,2.069714941841963585e-01
1.213332864433830371e-02,2.502575120209352827e-02,1.777155418540684109e-02,9.641962488707800372e-03,4.164379267373689852e-02,4.910848056877605700e-02,5.671759198391365664e-02,9.701825093679351461e-03,6.468917630648789163e-02,3.352844189379258072e-02,5.155623068990090180e-02,2.516391428348541473e-02,8.180809915719274017e-02,0.000000000000000000e+00,1.802261411511456649e-02,1.614484858733171435e-02,1.246917842076812957e-02,2.754131970464456305e-02,3.009536375038455655e-02,5.443031479438573822e-02,2.337952425673638090e-02,8.044343605695271349e-02,6.643643530723067347e-02,2.722180529211976410e-02,6.645522812682042035e-02,1.253603614375629061e-01,8.168646052548492187e-02,1.061997245282942232e-01,7.436929785539919679e-02,1.535589379630242918e-02,5.290577208975358325e-02,1.790849493228372294e-02,1.271625487959444391e-02,2.401966499709519767e-02,1.335257535666327031e-02,2.501171893267210150e-02,1.109470730314837152e-02,3.852479912755725835e-03,2.102618875503534449e-02,1.271085047411233369e-02,2.233990937115890724e-02,1.211227535778357581e-02,1.925591574227023678e-02,6.900514744928775736e-03,6.236240209754870256e-03,1.379501521934505502e-02,2.776186801650027194e-02,3.002740183722541964e-02,1.523487616392566434e-02,4.439648527050078092e-02,4.652712249048920196e-02,6.318951131074700134e-02,1.493575221271342332e-02,6.605464821820908328e-02,4.314692198380911531e-02,6.466300670259711447e-02,3.978480859704207340e-02,8.544462609784947427e-02,3.254509825467316597e-02,2.988774555300131516e-02,2.097067516352122199e-02,1.474656983907324595e-02,2.774150428167505497e-02,3.272273517458976211e-02,5.738477256995262732e-02,3.522910168802007025e-02,8.728373399903779917e-02,8.107775266915048795e-02,1.991414499243020914e-02,6.602969243100301200e-02,1.601395433699210336e-01,8.295431710739308018e-02,1.218059065054092199e-01,7.240949109947852902e-02,2.010491248881238896e-02,5.263105110794897429e-02
1.170563031920552992e-02,2.230541474498117654e-02,1.627467775601696559e-02,8.865006267566210435e-03,3.657295583809640205e-02,4.392153306316761568e-02,5.046641342046150752e-02,9.524123311457148924e-03,5.739345635519998989e-02,3.003165500970899834e-02,4.490464209577667981e-02,2.352167335677160867e-02,7.300237522954657055e-02,1.802261411511456649e-02,0.000000000000000000e+00,1.449258545590230256e-02,1.107237279306815848e-02,2.477756902388914342e-02,2.642006387933815495e-02,4.796232842772411853e-02,2.189526628233001010e-02,7.407647635723557666e-02,6.252896058832908832e-02,2.488189726130305215e-02,5.870462502873457361e-02,1.177341837777797634e-01,7.392634825910937568e-02,9.519485606070275663e-02,6.697049748425440430e-02,1.400799941094189351e-02,4.803628104661872983e-02,1.672275935657652202e-02,1.206977742721307596e-02,2.220492660410341990e-02,1.202838769559590355e-02,2.173751644959734039e-02,9.741699990624132569e-03,4.172453733711736779e-03,1.913673744427437165e-02,1.199511259947835112e-02,2.016606987394172282e-02,1.131210865323094110e-02,1.613757522181589327e-02,5.878914673275031921e-03,5.477930441784637297e-03,1.335536235291855632e-02,2.443195629163394042e-02,2.702857841415625198e-02,1.336217550534269521e-02,3.869775615229270604e-02,4.239442199168161340e-02,5.560833523098895198e-02,1.397269466064649662e-02,5.932328999551584464e-02,3.716618057462614533e-02,5.711918403774068204e-02,3.668755377728079303e-02,7.563284641768509842e-02,2.750114130750946559e-02,2.822806550315483734e-02,1.871462901239525495e-02,1.268627246096739811e-02,2.456112185633299236e-02,2.887405846360436429e-02,5.005676398099978552e-02,3.216642034631759378e-02,7.841862565867609158e-02,7.643120554380369858e-02,1.926172697143177168e-02,5.866562079517197159e-02,1.512823515325247836e-01,7.452817173249062788e-02,1.063163518892516340e-01,6.486757288731551108e-02,1.718222951465792417e-02,4.737178279547944737e-02
9.292742059707093105e-03,1.932663642879322088e-02,1.378038519009950474e-02,7.547360266190726065e-03,3.225585589622430999e-02,3.822410507212879033e-02,4.417732781323471802e-02,7.716555276332098638e-03,5.044421909977677559e-02,2.616287663745519437e-02,4.018428144763704774e-02,1.986363663945014610e-02,6.393840600731284796e-02,1.614484858733171435e-02,1.449258545590230256e-02,0.000000000000000000e+00,9.547944647837869336e-03,2.151806555891944486e-02,2.375129138472686918e-02,4.282803403367545919e-02,1.834165369603775811e-02,6.327582732337672100e-02,5.271225902557988979e-02,2.157882772686463627e-02,5.114003773340882603e-02,9.891089035844305433e-02,6.397617709498434890e-02,8.300980162861820721e-02,5.843739345863997736e-02,1.215064142940439074e-02,4.160353964233211993e-02,1.396567494408564036e-02,1.007535061159978672e-02,1.922948615747341328e-02,1.046046276775656862e-02,1.967173071728692615e-02,8.713028323609881345e-03,3.264835016966894255e-03,1.652459057214993379e-02,1.010349075872420295e-02,1.763816050854168788e-02,9.431600890053770322e-03,1.474821386577846935e-02,5.268336163322309001e-03,4.946570735813114392e-03,1.048746068985165203e-02,2.157474337864065395e-02,2.322110229815634724e-02,1.160800764479822007e-02,3.439060407194935443e-02,3.626297724516518856e-02,4.917828939533954585e-02,1.127349489012282116e-02,5.130610414776028139e-02,3.379668760585851500e-02,5.030951577508960965e-02,3.084444867604338794e-02,6.632737010671423128e-02,2.483121170044841688e-02,2.318526645479541612e-02,1.648580991570286480e-02,1.149162157962710894e-02,2.160661088598353138e-02,2.548657966591734783e-02,4.440117532076574142e-02,2.710038875991443302e-02,6.805316654076583316e-02,6.367666495645121771e-02,1.549906233570740033e-02,5.132388426558395778e-02,1.244301690736562549e-01,6.423326369575411976e-02,9.535471799513843549e-02,5.631092496985432710e-02,1.589420606335763611e-02,4.117387351063269557e-02
7.356940728328329251e-03,1.486608468408236010e-02,1.060089705660326696e-02,5.761203707196496139e-03,2.480673637111251856e-02,2.895691490719363298e-02,3.431435011906336374e-02,5.884652514655029296e-03,3.834880902042392403e-02,1.991768400550915363e-02,3.087321315478189915e-02,1.484712427756941511e-02,4.892958341587937826e-02,1.246917842076812957e-02,1.107237279306815848e-02,9.547944647837869336e-03,0.000000000000000000e+00,1.638354612527083420e-02,1.780269104372728811e-02,3.268919281596134596e-02,1.417156499838590454e-02,4.837542573679957936e-02,3.993074774161240598e-02,1.611553796795866036e-02,3.971601752232448851e-02,7.537462928214222480e-02,4.892428705461445565e-02,6.330724811535583252e-02,4.443176264099627654e-02,9.218299467834383323e-03,3.151658553463010382e-02,1.057862265635768628e-02,7.627397256018022056e-03,1.436553143338956118e-02,7.795323726588700500e-03,1.513126769579986423e-02,6.654543383523258901e-03,2.331253289968187627e-03,1.242761862117283851e-02,7.700858383559664594e-03,1.331907636106400422e-02,7.238354293561351238e-03,1.135720444536640790e-02,3.974677253551989545e-03,3.719312455419767662e-03,8.340111900426223912e-03,1.650351191117703162e-02,1.787627099106468831e-02,9.063970280779652319e-03,2.641277103617592145e-02,2.753321935767377715e-02,3.771290622095007511e-02,8.901127049146514980e-03,3.913955181063959177e-02,2.566915086733184692e-02,3.855422658415437465e-02,2.365688643192763105e-02,5.119834605795465371e-02,1.927221779523740491e-02,1.801114257441357655e-02,1.238665966310001885e-02,8.840118647554882220e-03,1.640946436417565352e-02,1.919588222340753991e-02,3.405896043039444848e-02,2.113441285005963552e-02,5.208740579447492663e-02,4.902450411612070680e-02,1.196302643603069753e-02,3.945745176714367253e-02,9.576301522277991252e-02,4.937705826698390171e-02,7.287351944786002456e-02,4.291151113215542490e-02,1.201847778492649323e-02,3.117769749501687893e-02
1.645800592151770367e-02,3.325024617255979698e-02,2.364188455966273819e-02,1.308368128019487403e-02,5.551955878986397641e-02,6.511006977664170192e-02,7.646884858336408519e-02,1.318736954377040457e-02,8.561091736299417110e-02,4.488856423287070768e-02,6.820240756246043201e-02,3.355075085560661752e-02,1.095995974792506183e-01,2.754131970464456305e-02,2.477756902388914342e-02,2.151806555891944486e-02,1.638354612527083420e-02,0.000000000000000000e+00,3.979647520934704447e-02,7.238588411197949268e-02,3.206493822205375155e-02,1.074784935064920371e-01,8.939992960563139524e-02,3.636646947002592639e-02,8.821090426961895881e-02,1.697295742658009865e-01,1.085447333723661562e-01,1.411943934860720173e-01,9.915160782122826866e-02,2.063734504945032716e-02,7.014755404114818294e-02,2.400754415708562448e-02,1.710944004079944375e-02,3.229128885117565906e-02,1.780771121384266964e-02,3.361315552392925982e-02,1.494656819877912199e-02,5.255788687809357165e-03,2.811340932294836836e-02,1.716976977475845670e-02,2.981417151615436620e-02,1.641062710969437913e-02,2.543225470196782551e-02,9.104639541988372026e-03,8.150470564971628445e-03,1.890061520232982212e-02,3.694925753846839411e-02,4.016916030628338297e-02,2.045928705818261459e-02,5.935294291714902221e-02,6.237918690241490982e-02,8.435220907912738264e-02,1.992546071861891338e-02,8.756422734234094174e-02,5.749454530148950804e-02,8.568060214335743163e-02,5.301593223908451086e-02,1.139376179674277123e-01,4.293532630387102145e-02,4.008167100900354718e-02,2.777622713170764882e-02,1.974548543905281159e-02,3.651872386512423907e-02,4.306253169148478027e-02,7.570478025808471956e-02,4.729923132405047803e-02,1.155613130519067833e-01,1.088838655058180505e-01,2.697236533027843122e-02,8.791135013059458991e-02,2.157720834449065039e-01,1.100877292033611010e-01,1.614911219575090873e-01,9.617498853758287003e-02,2.662735459696742926e-02,6.963765913926897588e-02
1.750099514865920136e-02,3.547716272081861966e-02,2.573502228822188362e-02,1.419763167876296993e-02,5.977267016873669125e-02,7.019283597240044692e-02,8.181308396396269611e-02,1.396874804595928631e-02,9.220432029809437491e-02,4.858987239468732372e-02,7.316770385708099012e-02,3.657843616016420718e-02,1.177737285925509886e-01,3.009536375038455655e-02,2.642006387933815495e-02,2.375129138472686918e-02,1.780269104372728811e-02,3.979647520934704447e-02,0.000000000000000000e+00,7.822219060166873961e-02,3.394083054341179295e-02,1.154735004098683404e-01,9.691313375885247938e-02,3.899535466767268393e-02,9.372845243052782549e-02,1.821341772974731932e-01,1.182019447275865220e-01,1.518483762229686507e-01,1.071093804742793976e-01,2.220106681029355294e-02,7.583801030730880077e-02,2.568914406859429053e-02,1.893287930952102655e-02,3.534149173057767046e-02,1.930103393987266103e-02,3.677468721676851321e-02,1.598841976113258428e-02,6.069201923442578243e-03,2.991856128624546113e-02,1.864852331840225960e-02,3.230690792585648452e-02,1.779292899651974819e-02,2.772555975120483823e-02,9.885664143515392882e-03,8.867748831860207404e-03,1.981673163541534249e-02,3.955475609423569905e-02,4.371945341573329341e-02,2.183291126005877658e-02,6.319113727522759905e-02,6.783312131668690903e-02,9.030894026120478424e-02,2.095552269267029685e-02,9.468522750772871699e-02,6.197016209567293016e-02,9.135161722883274049e-02,5.749900219175310689e-02,1.217429261587460732e-01,4.612227680851456457e-02,4.263746446166140347e-02,2.984891074601593239e-02,2.082099211003250044e-02,3.911335797226656030e-02,4.672825566789558238e-02,8.155797144632342954e-02,4.977496943671473606e-02,1.241297391901071689e-01,1.167991627793091430e-01,2.868932204916642761e-02,9.349200003057514530e-02,2.301645197206585447e-01,1.192809734631374158e-01,1.733614168229951069e-01,1.036519021485952097e-01,2.876680757648867812e-02,7.544612698622002456e-02
3.205571769595719211e-02,6.583078041140133507e-02,4.693346471717528556e-02,2.546470148571216424e-02,1.074267622556239754e-01,1.280205434771533035e-01,1.476129278787720600e-01,2.535681487891686126e-02,1.689945657692857317e-01,8.783094168335515983e-02,1.333360899636958363e-01,6.593049787033747333e-02,2.135586270775459150e-01,5.443031479438573822e-02,4.796232842772411853e-02,4.282803403367545919e-02,3.268919281596134596e-02,7.238588411197949268e-02,7.822219060166873961e-02,0.000000000000000000e+00,6.156691787948809919e-02,2.111954917418783217e-01,1.758659904879210645e-01,7.094228807151450877e-02,1.723484010536130706e-01,3.301013269881076240e-01,2.155990385060836401e-01,2.769324071333176818e-01,1.957468018623435280e-01,4.026226521952884496e-02,1.379849534676578782e-01,4.618874859917506542e-02,3.348471932172403243e-02,6.333403951382103603e-02,3.468399683201723455e-02,6.574814438819437390e-02,2.884282993529906428e-02,1.029342008082263608e-02,5.383080232248529245e-02,3.325061396197920294e-02,5.809659366254773388e-02,3.188704591103291852e-02,4.996660393268777950e-02,1.767184433166034407e-02,1.577576148873974238e-02,3.634374552948640980e-02,7.254193480811758910e-02,7.853720476415261553e-02,3.941515683050074437e-02,1.139428668027436808e-01,1.219473660186378844e-01,1.632984151964254615e-01,3.860752935305088174e-02,1.708457507584142665e-01,1.117436380514649774e-01,1.658506346401116271e-01,1.029496621176263504e-01,2.203175381027005775e-01,8.350010238477981184e-02,7.908584620163597312e-02,5.469992948131464222e-02,3.855973730270072231e-02,7.147444604356884001e-02,8.480385405640081253e-02,1.499243276441802331e-01,9.099356900609822940e-02,2.285490016281107317e-01,2.141577718984933321e-01,5.220450729452325717e-02,1.715873147105670404e-01,4.191125533598258346e-01,2.172713747726561229e-01,3.148561851249820354e-01,1.888348849866035850e-01,5.250683743712420554e-02,1.377780496599302906e-01
1.456841706698682598e-02,2.835285855453534634e-02,2.037145851313480402e-02,1.137805342222282697e-02,4.812753357299318774e-02,5.576614622737813276e-02,6.605226973134784019e-02,1.160067735621162811e-02,7.301827395479580651e-02,3.905071064702368699e-02,5.855481015104592457e-02,2.956634431057554233e-02,9.482868246798634160e-02,2.337952425673638090e-02,2.189526628233001010e-02,1.834165369603775811e-02,1.417156499838590454e-02,3.206493822205375155e-02,3.394083054341179295e-02,6.156691787948809919e-02,0.000000000000000000e+00,9.191877887400813629e-02,7.757661041469048058e-02,3.184794882880075811e-02,7.623156351145513043e-02,1.476410932531197207e-01,9.363823554823424988e-02,1.213491029760270373e-01,8.434786241601022194e-02,1.760128530321952711e-02,6.042973438018668653e-02,2.086594083792241150e-02,1.512122565299625111e-02,2.819680552661590900e-02,1.543301398028053967e-02,2.893689454539260381e-02,1.295069935962481558e-02,4.558512101026484728e-03,2.474040356904490603e-02,1.508961472939101406e-02,2.628850670425848801e-02,1.438433575198067547e-02,2.168942994845538333e-02,8.131131318035231606e-03,7.192875610918249632e-03,1.693556513789728352e-02,3.156006013348584133e-02,3.479907837542860205e-02,1.803658215690889105e-02,5.173615543185076937e-02,5.378220746716603357e-02,7.294436880910797061e-02,1.752875625124113157e-02,7.505489632407351397e-02,5.000175989067080773e-02,7.437993171906118195e-02,4.769866479534059373e-02,9.799491367792854957e-02,3.682714711749414394e-02,3.556612108112198328e-02,2.406047891867606897e-02,1.677514110837864669e-02,3.178065685439777216e-02,3.700947043643564721e-02,6.442517605443923157e-02,4.194727307274986189e-02,9.874583862910252252e-02,9.480601989308799771e-02,2.405573043229470437e-02,7.565340100598472173e-02,1.893684297484402590e-01,9.388496949636521149e-02,1.388391752948500146e-01,8.224276112643984227e-02,2.241763296115367038e-02,6.000633511007000265e-02
