0.000000000000000000e+00,1.402480971621807709e-02,1.192801442139448768e-02,3.603601776732282339e-03,2.341679354824074966e-02,3.058871193357390675e-02,3.591762824033652851e-02,5.698714861694642413e-03,3.680894343595777357e-02,2.186640694588423348e-02,2.429668739840206912e-02,1.600274615444554488e-02,4.890607382445653212e-02,1.325377679390652916e-02,1.477735393195421347e-02,5.634788909026583990e-03,6.643751470030608876e-03,1.313435410761406089e-02,1.636102692465110642e-02,2.546056583829957309e-02,1.033224133538421761e-02,4.431334336948833386e-02,4.546247946558168440e-02,1.512069698557380257e-02,3.671114853465880234e-02,7.688339947694373955e-02,4.624131635971197307e-02,6.522897110521740094e-02,4.190264227721635093e-02,1.122748847460448667e-02,3.047120744581791746e-02,1.085070401628541494e-02,6.957785036920626463e-03,1.353570742565108828e-02,6.851165552002526360e-03,1.270918844359897673e-02,5.092472178793759109e-03,4.255326527228011496e-03,9.708814496760902885e-03,7.044860162611725311e-03,1.121317661630635495e-02,6.639271773730762161e-03,7.826503393544672824e-03,3.387756133771609255e-03,2.670743323433583030e-03,4.883242889733309909e-03,1.522776758083413742e-02,1.860567963860882898e-02,7.547898675633736391e-03,1.984303765469562844e-02,2.935171786896789009e-02,3.117950426211737319e-02,5.897728432613778653e-03,3.747700219509786379e-02,2.177132872129776756e-02,3.546636610317793065e-02,2.264071454138035649e-02,4.373762980297909303e-02,1.253322004830257491e-02,1.423607372090166662e-02,1.138491366500157288e-02,7.245730857927630553e-03,1.381140073529491495e-02,1.783430849205937252e-02,2.611811126091087912e-02,1.577013615626611173e-02,4.456108715978161772e-02,4.841798819726171599e-02,1.307988893837997747e-02,3.138430783098966614e-02,9.040433637774079878e-02,4.978215363951381256e-02,6.045299069348659959e-02,4.210442509490742308e-02,9.539475821316622736e-03,3.303110425733710165e-02
1.402480971621807709e-02,0.000000000000000000e+00,2.469197328578475251e-02,7.642742213259246312e-03,4.856390466612261342e-02,6.343953729043097511e-02,7.411837309392982354e-02,1.120123618392405117e-02,7.636993612160188072e-02,4.480873400351206848e-02,5.028319430845330090e-02,3.266922521995553608e-02,1.009870847311214598e-01,2.749281097285636091e-02,2.929576214958289418e-02,1.166410365761783724e-02,1.349403925112869877e-02,2.685287202138603169e-02,3.359676447747157735e-02,5.315746783341121495e-02,2.056068103497024624e-02,9.052316132883601874e-02,9.166998835767981024e-02,3.022195103219948303e-02,7.518573930478132661e-02,1.555347234218714958e-01,9.520145170348449926e-02,1.334269583176025398e-01,8.718106268105187129e-02,2.312782645122022154e-02,6.278929098065368086e-02,2.170241633009751744e-02,1.412116193742101074e-02,2.799820553213458810e-02,1.395887470044200260e-02,2.615484164220637300e-02,1.068458161641293314e-02,8.575483280182785023e-03,1.919838493925406231e-02,1.451593411251791976e-02,2.306175182722700404e-02,1.352743358357667673e-02,1.618220258611586734e-02,6.918182320899322890e-03,5.244247552568612018e-03,9.345115751119700484e-03,3.172206034515186179e-02,3.904019982731624094e-02,1.516603571089808825e-02,4.051165482052016681e-02,6.030124378903844312e-02,6.441601123815081376e-02,1.197218997591163563e-02,7.659706715580590075e-02,4.464694358866318213e-02,7.328959806260298970e-02,4.524683104298331954e-02,9.010335643434956576e-02,2.620033517420594996e-02,2.890421524719961194e-02,2.386885142339832677e-02,1.522617414644780384e-02,2.867522947539105985e-02,3.806073132094865002e-02,5.448872051334698041e-02,3.221318271732730165e-02,9.271928419639853536e-02,9.902817964024654418e-02,2.571834966976736109e-02,6.501384082930747321e-02,1.831856902325148806e-01,1.041666037760144575e-01,1.243945487329683464e-01,8.760603463470315044e-02,1.962990069805815169e-02,6.867196437671985176e-02
1.192801442139448768e-02,2.469197328578475251e-02,0.000000000000000000e+00,6.773499895374979554e-03,4.270926555594339868e-02,5.458688107061871603e-02,6.447251681664589729e-02,9.469918947747530541e-03,6.747259213680435741e-02,3.952522730364049081e-02,4.337311133886496972e-02,2.861678019934963194e-02,8.678364765272633674e-02,2.432366830106594616e-02,2.456852503421983955e-02,1.055842117469403714e-02,1.225823353426674055e-02,2.341679369842533318e-02,2.978507059341188590e-02,4.698533689785756862e-02,1.775578604885840947e-02,7.854730861369595141e-02,8.017486043951851937e-02,2.596669548503065597e-02,6.480831736820766298e-02,1.336872230079184654e-01,8.314956004739273987e-02,1.150457394861190974e-01,7.466898080580755548e-02,1.998286672014520232e-02,5.411414044088804637e-02,1.875737699512351406e-02,1.227690646231296284e-02,2.488876651572214868e-02,1.233787689920053457e-02,2.331603951527220012e-02,9.465151025124103959e-03,7.528307150924448861e-03,1.677054827541343829e-02,1.238734637371866586e-02,2.060833583067184227e-02,1.219972812599641986e-02,1.466477453443914593e-02,6.096687423803572904e-03,4.607317453605232031e-03,8.806450807589580668e-03,2.862366791313030248e-02,3.467848026691889435e-02,1.341513963152450063e-02,3.468421803969141959e-02,5.132630652797104398e-02,5.564855529587264815e-02,1.079839906182197481e-02,6.468170526740632531e-02,3.886815918371260004e-02,6.257635453506088519e-02,3.912756544826946625e-02,7.703637753470668481e-02,2.317050208945104287e-02,2.471708465918423872e-02,2.072057155385826840e-02,1.304908653058427410e-02,2.439619637525439894e-02,3.249629616817661243e-02,4.723536828694428757e-02,2.756243208062448408e-02,7.934778357130850557e-02,8.583600172368707759e-02,2.235150489794643022e-02,5.636747344628337958e-02,1.593775361348777342e-01,8.938176338163376922e-02,1.078824023190092657e-01,7.413016704796160372e-02,1.692112056540819726e-02,5.934712436406689579e-02
3.603601776732282339e-03,7.642742213259246312e-03,6.773499895374979554e-03,0.000000000000000000e+00,1.324466271444616969e-02,1.702622299557258675e-02,2.012286323479487229e-02,3.227615776847361697e-03,2.076788771615277474e-02,1.224138505988592480e-02,1.353285604880057058e-02,8.693858860143403172e-03,2.721715641586257284e-02,7.571745882735706965e-03,8.363146466820086181e-03,2.788552026916474823e-03,3.580944874243483129e-03,7.195959081102602101e-03,9.203428432143523699e-03,1.396987964078691760e-02,5.346647962801208062e-03,2.496706056467261348e-02,2.586578556955182462e-02,8.037714951877189540e-03,2.019107957987676186e-02,4.284815120079987771e-02,2.542031224776000742e-02,3.631531352279963182e-02,2.311855652975286501e-02,6.120221613828418124e-03,1.717309510808474882e-02,6.118040019899235842e-03,4.018216569842360600e-03,7.962288553355288331e-03,3.789963331566898429e-03,6.767908352533751754e-03,2.741087434669250370e-03,2.558469124645249698e-03,5.333288283240301270e-03,4.056906373864481788e-03,6.579629277157513986e-03,3.519818468389617101e-03,4.045497189059579085e-03,1.814480071528096639e-03,1.566967660370297780e-03,2.358956073535526787e-03,8.802351089201644260e-03,1.070864369117051351e-02,4.127441451061383479e-03,1.094184065459643737e-02,1.609170726485290026e-02,1.742959047775973630e-02,3.197273942836424861e-03,2.098007600178090556e-02,1.198394175714469038e-02,2.030431750665833215e-02,1.239903779622619252e-02,2.462977958469008549e-02,6.858776443250195684e-03,7.816300679692397835e-03,6.421124655784081828e-03,4.123018874236732481e-03,7.785777468135583052e-03,1.029476918875715623e-02,1.474674407913837554e-02,8.811212502331798244e-03,2.523384639115787073e-02,2.734760167056908553e-02,7.094493805617959822e-03,1.728864173789690720e-02,5.034052112578192573e-02,2.814365163056628538e-02,3.405623830850780520e-02,2.324767434492801266e-02,5.420932906534143593e-03,1.892809719078310596e-02
2.341679354824074966e-02,4.856390466612261342e-02,4.270926555594339868e-02,1.324466271444616969e-02,0.000000000000000000e+00,1.046830465980940761e-01,1.246129524495725727e-01,1.891942676301770071e-02,1.286458111340872956e-01,7.754725645024831970e-02,8.456887224183221030e-02,5.516253416410846211e-02,1.687033731283396343e-01,4.707002990558972061e-02,4.808985390150906369e-02,2.035528548157333403e-02,2.340456517756940580e-02,4.564677457778821418e-02,5.704991772847552156e-02,8.972532831869696468e-02,3.518849493420676822e-02,1.520476434196225135e-01,1.549126226236471893e-01,5.024786787915553471e-02,1.266725105590945089e-01,2.587663506279067049e-01,1.603150714372738594e-01,2.239987345535275620e-01,1.450248243408659710e-01,3.801759970557053864e-02,1.052316133011074045e-01,3.699232858134715585e-02,2.403498047719258499e-02,4.808021301314295559e-02,2.415185730927501412e-02,4.507896173883737395e-02,1.837424816786187992e-02,1.475762360168277575e-02,3.302404269699043410e-02,2.442952711574386190e-02,3.968679636401671595e-02,2.319536452138265190e-02,2.825813458163420333e-02,1.191363007305752328e-02,9.206590166424456420e-03,1.657091318345827249e-02,5.442560730202920805e-02,6.620152868010512059e-02,2.608649097971985423e-02,6.834293423892694175e-02,1.001205581242031323e-01,1.078580797310655925e-01,2.079404552591972849e-02,1.270789204894047231e-01,7.670511813863445383e-02,1.231827450439126892e-01,7.644826335308030352e-02,1.505552127267482665e-01,4.459195669511892279e-02,4.725511571320797216e-02,4.047545826804218455e-02,2.586596755907037345e-02,4.780510517554226180e-02,6.342148780083370352e-02,9.128804720738852019e-02,5.440232824303997683e-02,1.539818547479328281e-01,1.663645043956888114e-01,4.348181523956817784e-02,1.089207053520292040e-01,3.062408992874172120e-01,1.731570823103143753e-01,2.094402966616958628e-01,1.444778892038811602e-01,3.318449203686239801e-02,1.150522396252970508e-01
3.058871193357390675e-02,6.343953729043097511e-02,5.458688107061871603e-02,1.702622299557258675e-02,1.046830465980940761e-01,0.000000000000000000e+00,1.599987416261680062e-01,2.422469411005421028e-02,1.670528026317291692e-01,9.676862631157215344e-02,1.077136490173229016e-01,7.067298542209095313e-02,2.170523182923044525e-01,5.910996803614170653e-02,6.211206315952262635e-02,2.625553895108735658e-02,2.988339421388808842e-02,5.941560502135063981e-02,7.363416877403228256e-02,1.170009679223583815e-01,4.528677851683959171e-02,1.984964528786983540e-01,1.988583533095676092e-01,6.564353180954442257e-02,1.630246001040354942e-01,3.370645420900038047e-01,2.070089410739886782e-01,2.871367797550808953e-01,1.886898315193694387e-01,4.978530704539047697e-02,1.352655608023356215e-01,4.736984443741918543e-02,3.119522971146872561e-02,6.101913036291411324e-02,3.062032466679793369e-02,5.682041234225968657e-02,2.328763307931066770e-02,1.865230065402117415e-02,4.208200905263491387e-02,3.178974873978357429e-02,5.055945490179496876e-02,2.966164286688087806e-02,3.593244517285661827e-02,1.509694815722837681e-02,1.146975646012327044e-02,2.221416090535790339e-02,7.003594458472560402e-02,8.557019955628636376e-02,3.293551345423778587e-02,8.722674219784928851e-02,1.306022587617065578e-01,1.396413372690359644e-01,2.682721757285740083e-02,1.668141239864124603e-01,9.607664622413319977e-02,1.560820401666430657e-01,9.737806077341952526e-02,1.937967008006346026e-01,5.659630760917974679e-02,6.228395442653084091e-02,5.206282709718226820e-02,3.322307200877330779e-02,6.175775097313039586e-02,8.179741264802975476e-02,1.186024084324973915e-01,7.001929467002435126e-02,2.017386369007410363e-01,2.158047047453108547e-01,5.650795371606262552e-02,1.423606880010333531e-01,4.012574679070160522e-01,2.240308014504322764e-01,2.681949295430818281e-01,1.886055914822248603e-01,4.272313860364027743e-02,1.488354196203870994e-01
3.591762824033652851e-02,7.411837309392982354e-02,6.447251681664589729e-02,2.012286323479487229e-02,1.246129524495725727e-01,1.599987416261680062e-01,0.000000000000000000e+00,2.869722713801796041e-02,1.955986177193482500e-01,1.173008222448677779e-01,1.278926372392278910e-01,8.435126500878797895e-02,2.567144163810745061e-01,7.144238891984938666e-02,7.292321892999886757e-02,3.098060643415999349e-02,3.561417885423909246e-02,6.954299987390849536e-02,8.587932389977928627e-02,1.362628192224711876e-01,5.390469630169942433e-02,2.305860736606391570e-01,2.343473218966903582e-01,7.717074635326093279e-02,1.922558191178106168e-01,3.945376231113000287e-01,2.435867927027176583e-01,3.410609756455574848e-01,2.192853485089651389e-01,5.810944237375827853e-02,1.598354139372094307e-01,5.572783503352818357e-02,3.666101513116182958e-02,7.293950429932366530e-02,3.669555092429849230e-02,6.858008951583179080e-02,2.780881630969477339e-02,2.228029191530029110e-02,5.029047106828717778e-02,3.712557824008343166e-02,6.059378536499463591e-02,3.576912001045887135e-02,4.302900999383978825e-02,1.833432849647013627e-02,1.373460482474074887e-02,2.513675771869508177e-02,8.271416307903448062e-02,9.990100059549333888e-02,3.974972187022181996e-02,1.034065436702297502e-01,1.515799221836992838e-01,1.651994259239077389e-01,3.161309328803783153e-02,1.914978731202619244e-01,1.162786034272047520e-01,1.854586086277250356e-01,1.174949745118864380e-01,2.290877741644808951e-01,6.763713371325341672e-02,7.218029337799336531e-02,6.090128378896585148e-02,3.936814140221873287e-02,7.229567079799079088e-02,9.530473794151257672e-02,1.379102115986410859e-01,8.325109501875045670e-02,2.332054880230435556e-01,2.517238835561428356e-01,6.634927914323499043e-02,1.648984359717582393e-01,4.655763465479769159e-01,2.618348184884489172e-01,3.161352111121930042e-01,2.180972542399267633e-01,4.981710616935601521e-02,1.753202062850884313e-01
5.698714861694642413e-03,1.120123618392405117e-02,9.469918947747530541e-03,3.227615776847361697e-03,1.891942676301770071e-02,2.422469411005421028e-02,2.869722713801796041e-02,0.000000000000000000e+00,2.942983697358929340e-02,1.770225509240521550e-02,1.962615720044767406e-02,1.310777238643420078e-02,3.885957458250429569e-02,1.067433333069524488e-02,1.151220244590275485e-02,4.993507297495450477e-03,5.434782122596341046e-03,1.078888545669421870e-02,1.299166464132170060e-02,2.062785898013010447e-02,8.514270936805758833e-03,3.591136513971699556e-02,3.585659830751253968e-02,1.212876906614546689e-02,2.912247253834223532e-02,6.178711010125278319e-02,3.648867661941512797e-02,5.203771506806987440e-02,3.358540551488102543e-02,8.844459647756710077e-03,2.475187253745757612e-02,8.736704946335082864e-03,5.839986134001128038e-03,1.127378490540681052e-02,5.601372783238583661e-03,1.019317431377551528e-02,4.233395454973589225e-03,3.496528827275731475e-03,7.899138563405464636e-03,5.838315628535980378e-03,9.180318538239929868e-03,5.435212779318488244e-03,6.619725993647234720e-03,2.802813311613478863e-03,2.155364038214471843e-03,3.944654911044051526e-03,1.236430685597126461e-02,1.468721578806646104e-02,6.081570567856447312e-03,1.605965991244726748e-02,2.300953335199394656e-02,2.536124067994973211e-02,4.917785731453044006e-03,2.914996372876886219e-02,1.755731434160545321e-02,2.841933189214363581e-02,1.819114578409357016e-02,3.530639185461798696e-02,1.033054428851281660e-02,1.114009534538511204e-02,9.228344950731937057e-03,5.887969650106589063e-03,1.123947939144613953e-02,1.429341612535245214e-02,2.077965557840985231e-02,1.271662989193103784e-02,3.583593982049719517e-02,3.844677289030031669e-02,1.010510911748961280e-02,2.523231654101164290e-02,7.276251994777162280e-02,3.913106048633793049e-02,4.852768745888868390e-02,3.319180070552466694e-02,7.607472713885616959e-03,2.674605525049572954e-02
3.680894343595777357e-02,7.636993612160188072e-02,6.747259213680435741e-02,2.076788771615277474e-02,1.286458111340872956e-01,1.670528026317291692e-01,1.955986177193482500e-01,2.942983697358929340e-02,0.000000000000000000e+00,1.191100437020077007e-01,1.327810101112300301e-01,8.631127855519311887e-02,2.644347316785029545e-01,7.351118275640056154e-02,7.634162799418245382e-02,3.251098517184546760e-02,3.693152380290993381e-02,7.209245508309523875e-02,9.036898277520270806e-02,1.443994066447793212e-01,5.518304478631075316e-02,2.423744134907852010e-01,2.445824238460721223e-01,7.934557154865984341e-02,1.982774197478682499e-01,4.098794904056197730e-01,2.533051717836399264e-01,3.515619868207633947e-01,2.303065259161669875e-01,6.059940053161963491e-02,1.649966389690548929e-01,5.740540339438502532e-02,3.807336736729114574e-02,7.527829087572404654e-02,3.729596489953648786e-02,7.065147801417698270e-02,2.889194812886427405e-02,2.308587901421230507e-02,5.125863470629000995e-02,3.893658099954453583e-02,6.249971868904802969e-02,3.618671646108369278e-02,4.386978952835744738e-02,1.861094350147554644e-02,1.417871518291599110e-02,2.649217528283909565e-02,8.594646720659801509e-02,1.047555803620373316e-01,4.040181363837203055e-02,1.064616404021760665e-01,1.577073279084375557e-01,1.696487859875257520e-01,3.270522765154593864e-02,2.014092202197410308e-01,1.186831000054542340e-01,1.915447773307686063e-01,1.187423080176147616e-01,2.361970001079607140e-01,6.992095311278709313e-02,7.529785427986517010e-02,6.362867059705649975e-02,4.035196040358550451e-02,7.512564693587286957e-02,9.990909473447302791e-02,1.453863388734426831e-01,8.452073921388647548e-02,2.448756509017776251e-01,2.639095639181736619e-01,6.814780741490011895e-02,1.729752039318680212e-01,4.864021038708163380e-01,2.735623026281335801e-01,3.314585356878146372e-01,2.295696463358283812e-01,5.220943490872920895e-02,1.804146509644206087e-01
2.186640694588423348e-02,4.480873400351206848e-02,3.952522730364049081e-02,1.224138505988592480e-02,7.754725645024831970e-02,9.676862631157215344e-02,1.173008222448677779e-01,1.770225509240521550e-02,1.191100437020077007e-01,0.000000000000000000e+00,7.848904532514126842e-02,5.131024257133650485e-02,1.575903398743506434e-01,4.434898631770011618e-02,4.496987938436829146e-02,1.862041728399527890e-02,2.157626001829655860e-02,4.237664987730169891e-02,5.247024844734979321e-02,8.237011891432642618e-02,3.323162226702090077e-02,1.395572700512754671e-01,1.441429533741332425e-01,4.706282168745507671e-02,1.179427656850228073e-01,2.407977567501311256e-01,1.473369807255275887e-01,2.088238344853624306e-01,1.324620971413165149e-01,3.502377046655009291e-02,9.796738603698294801e-02,3.388945630989967372e-02,2.234349011538259294e-02,4.482532888265382265e-02,2.227797031014449106e-02,4.247610364950443057e-02,1.727351357527666387e-02,1.362200057897315110e-02,3.049816958889498691e-02,2.252164571664442422e-02,3.708605825686866336e-02,2.175558183910471233e-02,2.613975208234035202e-02,1.126312503756435324e-02,8.433743844200246656e-03,1.514317561338595838e-02,5.079182764844104858e-02,6.078741305836667802e-02,2.472485733001413694e-02,6.379082923723128351e-02,9.109689329792265700e-02,1.003105897544194769e-01,1.932945787799722481e-02,1.151321369775665099e-01,7.192537242210400583e-02,1.142416934422441771e-01,7.193407622682049252e-02,1.400380760597814689e-01,4.138567367359219373e-02,4.381861088459972770e-02,3.717489820570855225e-02,2.401567312116317451e-02,4.423152738356234820e-02,5.782795038733822002e-02,8.308578890846539389e-02,5.143765654860158604e-02,1.409736030391186279e-01,1.537081327050196788e-01,4.044617453803082963e-02,1.005109668806713624e-01,2.832675890844748579e-01,1.586122297013918547e-01,1.947950015309750649e-01,1.323917010885911627e-01,3.076987976118164547e-02,1.070972702948182337e-01
2.429668739840206912e-02,5.028319430845330090e-02,4.337311133886496972e-02,1.353285604880057058e-02,8.456887224183221030e-02,1.077136490173229016e-01,1.278926372392278910e-01,1.962615720044767406e-02,1.327810101112300301e-01,7.848904532514126842e-02,0.000000000000000000e+00,5.660690548722347587e-02,1.732087382538757825e-01,4.798601494733867323e-02,5.008681698638607627e-02,2.098424542384045785e-02,2.400930212375928033e-02,4.697107988597121891e-02,5.868219022250012462e-02,9.262320782338522018e-02,3.637438685380638831e-02,1.575530184397572198e-01,1.591423791036498114e-01,5.156905303253602607e-02,1.299443428588245297e-01,2.686475958675759168e-01,1.642387437323593602e-01,2.306994314143892277e-01,1.503285099427562332e-01,3.964650221360842969e-02,1.085028165420641733e-01,3.752752173341166592e-02,2.482291643750527896e-02,4.904874574561377681e-02,2.440077854297132559e-02,4.564894177327562946e-02,1.859619377739745588e-02,1.514661147146628001e-02,3.336918727961701164e-02,2.507151501363350313e-02,4.033959669152443334e-02,2.344068435367762521e-02,2.880253472100784140e-02,1.202872059518036128e-02,9.470672260032755169e-03,1.711093464460168925e-02,5.561140747801750217e-02,6.724978561621119955e-02,2.627475758032588732e-02,7.058438390350227354e-02,1.034402102257419853e-01,1.106398354902777131e-01,2.160179745016568495e-02,1.317703401111864903e-01,7.751601464767300664e-02,1.267845058790220969e-01,7.801377195053509073e-02,1.547340570277823679e-01,4.576818351190974771e-02,4.930881204362193293e-02,4.169436636361925630e-02,2.624740909627615651e-02,4.958757765247953642e-02,6.530629366114598655e-02,9.485429671314996036e-02,5.570039104258801138e-02,1.602605188320560536e-01,1.715704775469534815e-01,4.429944965526531192e-02,1.125537794306330913e-01,3.163678822542450586e-01,1.789926275222186169e-01,2.165522260637785246e-01,1.499477389244484871e-01,3.458793573895471013e-02,1.180219996934725596e-01
1.600274615444554488e-02,3.266922521995553608e-02,2.861678019934963194e-02,8.693858860143403172e-03,5.516253416410846211e-02,7.067298542209095313e-02,8.435126500878797895e-02,1.310777238643420078e-02,8.631127855519311887e-02,5.131024257133650485e-02,5.660690548722347587e-02,0.000000000000000000e+00,1.139170115985373988e-01,3.142162689689012578e-02,3.311128578585873644e-02,1.355581800242766990e-02,1.544627594829411574e-02,3.090085194324891649e-02,3.819863095018227045e-02,6.008219029671171135e-02,2.421820090345004270e-02,1.026073275175105326e-01,1.050881097526379787e-01,3.429278226686489905e-02,8.510803660542531901e-02,1.773642743972764224e-01,1.068435143803861120e-01,1.507663264634401257e-01,9.717510068651707966e-02,2.543885446102467709e-02,7.099155596823204795e-02,2.486466244776138618e-02,1.642432724773414468e-02,3.239321863490959158e-02,1.605774882877976373e-02,2.988330580280438437e-02,1.216348908328358791e-02,9.966860794585129593e-03,2.209066101490269815e-02,1.678685515020716945e-02,2.689528586677199934e-02,1.570989924308639069e-02,1.841092438517525146e-02,8.007208363621750799e-03,5.995738701585527110e-03,1.100512810494458718e-02,3.670945740749155528e-02,4.404726053019682869e-02,1.765276215611853022e-02,4.567668569956082752e-02,6.651239975651916658e-02,7.341210899585938476e-02,1.396103738187381288e-02,8.522962308520008745e-02,5.102220926575379983e-02,8.265568603208799103e-02,5.211563315875431673e-02,1.020439064864181317e-01,2.974887588107796854e-02,3.207617764251824433e-02,2.667394755410996965e-02,1.717382459652099999e-02,3.227235733929172123e-02,4.208446297296193628e-02,6.038535754558333607e-02,3.718228940500092200e-02,1.031419935767482338e-01,1.119566359878342160e-01,2.933236507585989389e-02,7.278076745369284339e-02,2.083040535090699419e-01,1.149470033889557208e-01,1.412385785259628324e-01,9.627670881182757989e-02,2.220460634381155388e-02,7.826947964657043899e-02
4.890607382445653212e-02,1.009870847311214598e-01,8.678364765272633674e-02,2.721715641586257284e-02,1.687033731283396343e-01,2.170523182923044525e-01,2.567144163810745061e-01,3.885957458250429569e-02,2.644347316785029545e-01,1.575903398743506434e-01,1.732087382538757825e-01,1.139170115985373988e-01,0.000000000000000000e+00,9.658157718202299569e-02,9.947648375915965624e-02,4.196940767783819554e-02,4.787844678186569530e-02,9.370760422637952614e-02,1.166222425184282180e-01,1.853218553824057813e-01,7.291051992788333269e-02,3.139537072190344835e-01,3.183171817954868477e-01,1.046883072960500954e-01,2.613170740010528625e-01,5.368800926967969289e-01,3.300904163731744334e-01,4.625619086073083919e-01,2.984895725410638412e-01,7.943948018386584597e-02,2.163822877089387753e-01,7.527593448694185063e-02,4.951647846868593994e-02,9.814993797626822558e-02,4.918573024464750060e-02,9.261500947086175051e-02,3.759237386940719738e-02,2.985100592798240263e-02,6.777684055130810126e-02,5.062049056231705119e-02,8.181744331599022368e-02,4.780071441752690303e-02,5.768864176530776045e-02,2.470982154115482915e-02,1.867430617782612698e-02,3.435710067394871087e-02,1.117192063979716155e-01,1.355479146339946261e-01,5.340970328529142525e-02,1.402698725128084523e-01,2.058229707230663785e-01,2.225725766093198665e-01,4.232751327420902765e-02,2.619563436784424493e-01,1.563950741763042718e-01,2.514951075057830776e-01,1.580062740848215685e-01,3.103915284028888055e-01,9.132128126513532063e-02,9.878845843833332363e-02,8.301770665029110929e-02,5.294490170620939906e-02,9.832434079853405451e-02,1.295922616951165618e-01,1.882607800559697453e-01,1.124507025087548989e-01,3.180745672797708479e-01,3.425380871883411671e-01,8.957665698585061398e-02,2.251965151271946852e-01,6.344747532773534759e-01,3.565389973159399650e-01,4.316577508841479283e-01,2.968307279926467590e-01,6.808149170388755334e-02,2.378911589664779447e-01
1.325377679390652916e-02,2.749281097285636091e-02,2.432366830106594616e-02,7.571745882735706965e-03,4.707002990558972061e-02,5.910996803614170653e-02,7.144238891984938666e-02,1.067433333069524488e-02,7.351118275640056154e-02,4.434898631770011618e-02,4.798601494733867323e-02,3.142162689689012578e-02,9.658157718202299569e-02,0.000000000000000000e+00,2.731704510358604759e-02,1.126208098074566941e-02,1.323708565342623933e-02,2.543734487147341836e-02,3.243351389800620821e-02,5.030236050343940557e-02,2.007481012713058580e-02,8.538728012563467917e-02,8.823850658234434763e-02,2.859590205859031606e-02,7.174077320157341842e-02,1.461320926118594432e-01,9.079060409653340324e-02,1.283547179768697588e-01,8.148474477101419478e-02,2.172285839926707887e-02,5.931011142132074782e-02,2.057520089511410272e-02,1.350866354490823547e-02,2.728151630251488685e-02,1.369760932337269616e-02,2.547530851221699658e-02,1.036595435293294690e-02,8.309666774907270570e-03,1.860624441178387184e-02,1.358798637254204737e-02,2.272496058654641105e-02,1.329130278073753849e-02,1.603197923769156957e-02,6.863617697502997009e-03,5.148653867246662935e-03,9.436375624348698060e-03,3.133032066078867556e-02,3.792655614717932444e-02,1.499745137609416294e-02,3.869585904349370775e-02,5.660649923068676592e-02,6.131601621144529973e-02,1.175634285923410002e-02,7.131330091236434687e-02,4.396776160777514375e-02,7.004253677115374055e-02,4.388218779925267404e-02,8.595839024352423807e-02,2.536942985467393816e-02,2.689047395338476504e-02,2.295014303544613138e-02,1.459926344153374828e-02,2.695879047900542544e-02,3.610492985357796614e-02,5.135644718645158285e-02,3.102588728075016469e-02,8.632289243528916411e-02,9.375558000960883265e-02,2.460120631547964634e-02,6.168052467270204731e-02,1.729589535294031588e-01,9.771084046931571843e-02,1.196510639205592419e-01,8.074388922824268788e-02,1.875060330864131500e-02,6.533538726731233370e-02
1.477735393195421347e-02,2.929576214958289418e-02,2.456852503421983955e-02,8.363146466820086181e-03,4.808985390150906369e-02,6.211206315952262635e-02,7.292321892999886757e-02,1.151220244590275485e-02,7.634162799418245382e-02,4.496987938436829146e-02,5.008681698638607627e-02,3.311128578585873644e-02,9.947648375915965624e-02,2.731704510358604759e-02,0.000000000000000000e+00,1.326610453255718663e-02,1.403211915402258030e-02,2.756252557697995778e-02,3.342392468477189960e-02,5.350821732491203159e-02,2.199497933850393452e-02,9.147214792085724133e-02,9.140550793097625137e-02,3.126069451725362047e-02,7.482541573912304678e-02,1.584036584972720041e-01,9.509828966460695532e-02,1.329803067064961875e-01,8.616514904629660188e-02,2.237359670189916980e-02,6.371665280177860047e-02,2.245158078103255336e-02,1.479746824337667757e-02,2.901229135885799448e-02,1.451123956342336915e-02,2.669274747485816252e-02,1.085353237939429283e-02,8.738956352636394892e-03,2.036482856445875553e-02,1.509703784274988095e-02,2.389157701689159294e-02,1.424757391324898460e-02,1.681044367747577817e-02,7.097140142411366599e-03,5.494421810155115937e-03,1.085803798766819470e-02,3.195832340034151370e-02,3.843610723170724774e-02,1.538360332166761359e-02,4.104135250493867043e-02,5.981039963667577480e-02,6.472108814601806870e-02,1.281573256368057252e-02,7.594818964928468086e-02,4.442030222963123942e-02,7.142476803886815828e-02,4.604818312363196525e-02,8.950710400458958271e-02,2.665461671070271446e-02,2.895131638674440858e-02,2.396321028533981642e-02,1.519602870892198566e-02,2.848950320361120364e-02,3.723886493330919034e-02,5.436734031907507897e-02,3.252292519121913195e-02,9.244993718799997262e-02,9.932272815694087598e-02,2.618611780114802126e-02,6.532715147087621299e-02,1.868496663453974860e-01,1.016633036211863628e-01,1.236759141035699561e-01,8.562640244912264609e-02,1.951347471548216250e-02,6.851015356116794963e-02
5.634788909026583990e-03,1.166410365761783724e-02,1.055842117469403714e-02,2.788552026916474823e-03,2.035528548157333403e-02,2.625553895108735658e-02,3.098060643415999349e-02,4.993507297495450477e-03,3.251098517184546760e-02,1.862041728399527890e-02,2.098424542384045785e-02,1.355581800242766990e-02,4.196940767783819554e-02,1.126208098074566941e-02,1.326610453255718663e-02,0.000000000000000000e+00,5.546548495591683246e-03,1.123893078461079414e-02,1.437654093994209306e-02,2.197036985862791530e-02,8.611914194682929527e-03,3.880431202896070242e-02,4.033111823388138562e-02,1.255861195552253340e-02,3.105953500753218244e-02,6.622676314655277785e-02,3.943630200287821103e-02,5.649638830065603634e-02,3.639258076177045304e-02,9.366421241062265410e-03,2.634515536490226670e-02,9.601002060668282004e-03,6.213274969161357471e-03,1.199961686085953411e-02,5.791781474314097733e-03,1.052597927625384226e-02,4.504490250162153028e-03,3.976084819212907101e-03,8.504951028344042568e-03,6.254755773689168151e-03,9.853331819085705406e-03,5.256120096036040641e-03,6.454721001188976071e-03,2.803026531516616439e-03,2.462928840702410110e-03,3.710480145455480501e-03,1.354980672958852259e-02,1.600476172371055258e-02,6.116477537847155206e-03,1.670851834753974557e-02,2.480497755549678982e-02,2.643647144589691272e-02,5.100778215709681276e-03,3.248155862111560405e-02,1.869136462558634859e-02,3.141070986545656252e-02,1.859521579026307200e-02,3.755856140825141604e-02,1.048152342213595940e-02,1.206886058879718011e-02,1.003808787596680192e-02,6.174178174848697805e-03,1.210564611045237930e-02,1.565653410880464558e-02,2.236067866003283583e-02,1.318244691760155421e-02,3.950394128666927240e-02,4.260596511977206291e-02,1.096737464436419417e-02,2.720671623191561750e-02,7.874619982541247731e-02,4.298262784262772696e-02,5.313984804371985060e-02,3.637130178648872308e-02,8.359833559304400211e-03,2.873277229827195939e-02
6.643751470030608876e-03,1.349403925112869877e-02,1.225823353426674055e-02,3.580944874243483129e-03,2.340456517756940580e-02,2.988339421388808842e-02,3.561417885423909246e-02,5.434782122596341046e-03,3.693152380290993381e-02,2.157626001829655860e-02,2.400930212375928033e-02,1.544627594829411574e-02,4.787844678186569530e-02,1.323708565342623933e-02,1.403211915402258030e-02,5.546548495591683246e-03,0.000000000000000000e+00,1.277733644154466913e-02,1.635690899756538780e-02,2.560749749631927030e-02,9.958165961162062860e-03,4.332631164812920238e-02,4.445236338007100413e-02,1.422300311090967870e-02,3.576348793372566282e-02,7.374203725594608017e-02,4.526551711237156855e-02,6.379090163615092068e-02,4.116142748555070424e-02,1.087474198069150397e-02,2.973428184492181089e-02,1.041837104481555323e-02,6.841767547111185684e-03,1.349365004250789937e-02,6.662994054763306077e-03,1.253072691983801376e-02,5.234340907053933352e-03,4.194962181173466850e-03,9.235074914960865120e-03,6.975097546847148708e-03,1.118775239426976660e-02,6.440102703178718010e-03,7.863944549750798152e-03,3.347477674304320024e-03,2.620647777866333666e-03,4.624521398855655462e-03,1.549233360130740367e-02,1.891725725647342218e-02,7.349913651568730846e-03,1.923200454134397705e-02,2.805148968961718864e-02,3.033524996778158567e-02,5.851126906635162675e-03,3.599108526477752534e-02,2.150086230166251694e-02,3.490103526742896478e-02,2.145204886814875214e-02,4.257835876189110941e-02,1.246133101396244315e-02,1.343436137694937506e-02,1.138322990119826870e-02,7.197938492114480322e-03,1.355112634756377998e-02,1.787130022355377934e-02,2.585082447829020399e-02,1.524878815529457851e-02,4.408204762307024738e-02,4.756717431578190436e-02,1.227372735326034102e-02,3.097521311268045668e-02,8.719160514735446732e-02,4.914988527496283455e-02,5.968985334384446090e-02,4.125391751523259376e-02,9.387123967572612998e-03,3.238302398962600304e-02
1.313435410761406089e-02,2.685287202138603169e-02,2.341679369842533318e-02,7.195959081102602101e-03,4.564677457778821418e-02,5.941560502135063981e-02,6.954299987390849536e-02,1.078888545669421870e-02,7.209245508309523875e-02,4.237664987730169891e-02,4.697107988597121891e-02,3.090085194324891649e-02,9.370760422637952614e-02,2.543734487147341836e-02,2.756252557697995778e-02,1.123893078461079414e-02,1.277733644154466913e-02,0.000000000000000000e+00,3.167648808989637771e-02,4.990591746927059563e-02,1.987787298877273859e-02,8.633980280632418125e-02,8.683042120795554653e-02,2.856924844644807490e-02,7.016330303589417283e-02,1.466372169248043589e-01,8.865391810185999089e-02,1.248011861919732512e-01,8.139856803903737503e-02,2.122209266681202716e-02,5.871584096300797723e-02,2.101797734807247381e-02,1.352426566117116181e-02,2.641735934932286714e-02,1.315001742140748005e-02,2.439766594580198428e-02,1.017002203869045614e-02,8.353789651158561452e-03,1.879304868995737912e-02,1.373259971194509300e-02,2.172129468704514857e-02,1.255295772995951124e-02,1.522572546256351772e-02,6.562345844566675086e-03,5.134523502455793330e-03,9.042918184140586943e-03,3.032650978516206880e-02,3.636458842146528259e-02,1.426319706802006357e-02,3.797159659219657285e-02,5.588182441907466741e-02,6.051009691525084666e-02,1.144772928972044232e-02,7.161265826992874173e-02,4.216888569280631549e-02,6.844625672730436650e-02,4.258539624127007789e-02,8.423020179035964339e-02,2.421291569983158656e-02,2.647834508495584827e-02,2.244506333280478147e-02,1.427454647682663974e-02,2.673265619516305286e-02,3.486874423977454063e-02,5.037375198353329780e-02,2.999539962950107524e-02,8.728783720881647112e-02,9.320297133454721883e-02,2.459271388858777149e-02,6.115589292327448800e-02,1.734120681427886446e-01,9.585314725941117275e-02,1.164810223608727519e-01,8.104201482265377399e-02,1.832066331120767513e-02,6.381527370421515022e-02
1.636102692465110642e-02,3.359676447747157735e-02,2.978507059341188590e-02,9.203428432143523699e-03,5.704991772847552156e-02,7.363416877403228256e-02,8.587932389977928627e-02,1.299166464132170060e-02,9.036898277520270806e-02,5.247024844734979321e-02,5.868219022250012462e-02,3.819863095018227045e-02,1.166222425184282180e-01,3.243351389800620821e-02,3.342392468477189960e-02,1.437654093994209306e-02,1.635690899756538780e-02,3.167648808989637771e-02,0.000000000000000000e+00,6.352081297476303012e-02,2.407143463878149564e-02,1.063001111837651724e-01,1.070761111891108119e-01,3.500722414232120688e-02,8.729618738621755525e-02,1.809119336352449925e-01,1.118503602920395829e-01,1.552121129032964786e-01,1.015334523979147113e-01,2.704936841082751856e-02,7.292313927377859495e-02,2.500816806865731670e-02,1.670470697866083612e-02,3.287259965682587382e-02,1.642484993821341152e-02,3.108265220413024277e-02,1.263705558576295671e-02,1.005567432203345254e-02,2.225534531382863251e-02,1.706645035580601003e-02,2.759616629998810564e-02,1.602531554435657896e-02,1.957319702298239081e-02,8.093113685421593484e-03,6.288174232545087894e-03,1.183310072986961878e-02,3.774339794053720859e-02,4.600410069504751176e-02,1.782320837269525671e-02,4.689049368586131750e-02,6.967908066256996158e-02,7.465928941726425461e-02,1.448810923248270051e-02,8.887862023241345499e-02,5.202259032460303939e-02,8.432310755176304629e-02,5.277485799953786361e-02,1.043158901600644839e-01,3.105939423960025342e-02,3.359568384437230937e-02,2.802974749189818954e-02,1.756469777574529156e-02,3.335562769904064362e-02,4.414706189924726826e-02,6.441461555546498796e-02,3.708016010623337716e-02,1.082700447888803735e-01,1.155391379009247377e-01,2.998110240057627607e-02,7.628268338256258274e-02,2.145360886530870981e-01,1.209978861330949368e-01,1.463232035233436312e-01,1.014091587940076644e-01,2.323091991443719528e-02,7.941693963900130215e-02
2.546056583829957309e-02,5.315746783341121495e-02,4.698533689785756862e-02,1.396987964078691760e-02,8.972532831869696468e-02,1.170009679223583815e-01,1.362628192224711876e-01,2.062785898013010447e-02,1.443994066447793212e-01,8.237011891432642618e-02,9.262320782338522018e-02,6.008219029671171135e-02,1.853218553824057813e-01,5.030236050343940557e-02,5.350821732491203159e-02,2.197036985862791530e-02,2.560749749631927030e-02,4.990591746927059563e-02,6.352081297476303012e-02,0.000000000000000000e+00,3.781912413243205401e-02,1.680377921287759535e-01,1.704197374392855679e-01,5.522909035323592120e-02,1.377814681314280254e-01,2.875036452368374684e-01,1.758198068597534303e-01,2.458636829849640548e-01,1.607510273791019906e-01,4.231185245523456234e-02,1.154549017532500027e-01,4.011439122533461826e-02,2.602747548836061020e-02,5.215840574270517310e-02,2.571741135132064870e-02,4.807817183737013444e-02,1.983129639934598162e-02,1.583086900586858081e-02,3.550155378220960778e-02,2.657745744783143738e-02,4.315576472917108386e-02,2.495352685652470551e-02,2.990708471998425322e-02,1.267297864058604916e-02,9.874743848868796497e-03,1.772832259974483141e-02,6.036877816233252730e-02,7.289844697779214455e-02,2.790445180646793435e-02,7.352390243494440203e-02,1.107052415285438990e-01,1.184271408453713287e-01,2.266640240076724794e-02,1.411514606716026410e-01,8.184600382330323165e-02,1.337576325822450451e-01,8.206679158503010774e-02,1.644250998736896119e-01,4.779872542718503065e-02,5.265421242587368933e-02,4.448230613057552879e-02,2.784971818282140979e-02,5.272372078203944878e-02,7.012170298011499714e-02,1.012056205341572285e-01,5.826415983006845434e-02,1.717500629808679513e-01,1.844497933474718576e-01,4.736216474362638096e-02,1.203202790375213493e-01,3.407203277430499444e-01,1.918196596895633266e-01,2.296712612657016428e-01,1.613568772384457728e-01,3.620229847241158289e-02,1.268158982218649533e-01
1.033224133538421761e-02,2.056068103497024624e-02,1.775578604885840947e-02,5.346647962801208062e-03,3.518849493420676822e-02,4.528677851683959171e-02,5.390469630169942433e-02,8.514270936805758833e-03,5.518304478631075316e-02,3.323162226702090077e-02,3.637438685380638831e-02,2.421820090345004270e-02,7.291051992788333269e-02,2.007481012713058580e-02,2.199497933850393452e-02,8.611914194682929527e-03,9.958165961162062860e-03,1.987787298877273859e-02,2.407143463878149564e-02,3.781912413243205401e-02,0.000000000000000000e+00,6.640575571865124649e-02,6.849251105931508654e-02,2.285097775209985263e-02,5.461810771231119521e-02,1.157363805292299513e-01,6.871332677710526027e-02,9.760641155767020571e-02,6.232744133555914723e-02,1.613374122054545348e-02,4.613147624184962131e-02,1.664169963091228707e-02,1.080008729332690778e-02,2.094579263448866427e-02,1.039649635309054278e-02,1.896180051752762233e-02,7.801990594132451537e-03,6.694507867415704083e-03,1.489119771805724399e-02,1.075651178191192915e-02,1.709124092463427252e-02,9.908903068649534129e-03,1.168150316886489709e-02,5.138454322016992697e-03,4.097177454489937462e-03,6.896132857881527231e-03,2.318012414172499272e-02,2.750843723398349941e-02,1.127848570598070400e-02,2.966837252342111042e-02,4.320320502439019966e-02,4.674481063490160127e-02,8.834815743855237158e-03,5.511629400370622600e-02,3.270630384085995712e-02,5.356510027630429632e-02,3.408286636143176979e-02,6.555035896826114095e-02,1.883952335992350458e-02,2.100004278923901443e-02,1.726473968937469738e-02,1.089301142803760468e-02,2.098180679418638547e-02,2.648837569212876206e-02,3.875287421715541830e-02,2.344491539924417264e-02,6.656249237019837284e-02,7.261222050155921592e-02,1.936537060553861558e-02,4.692593190913686707e-02,1.352482875104064342e-01,7.386877546542086614e-02,9.103259982294308050e-02,6.252003383355388133e-02,1.426649295701580555e-02,4.973954906547282256e-02
