0.000000000000000000e+00,2.054400654606247656e-02,1.062607953291423539e-02,8.195195577279370744e-03,2.166829226585763671e-02,3.569450795958879763e-02,3.744958415651548911e-02,8.301040221309743949e-03,3.585497545735347874e-02,1.932369616117514052e-02,2.753322995349706190e-02,1.694666124618166014e-02,4.867855050967662828e-02,1.308454040365851327e-02,1.726914575937680066e-02,1.248214330619658655e-02,9.178748008938288072e-03,1.653992628756615485e-02,1.666457475048566811e-02,3.565056156453874636e-02,1.726518137906996042e-02,5.664907256880428316e-02,4.836636127104857602e-02,1.849434289696561332e-02,4.024285387509859979e-02,8.645666844152333219e-02,5.192340804337144955e-02,6.599470988099356838e-02,5.856212009464760448e-02,1.079303400744151265e-02,3.328983304260077491e-02,1.214294826145741538e-02,9.180869739412315586e-03,1.247440510867158653e-02,9.470930218761865194e-03,1.466140396169679679e-02,6.674308212732698101e-03,5.950956538671947627e-03,1.241561151955174018e-02,1.006166895762240950e-02,1.429363862860118239e-02,9.905174285455325273e-03,9.619238620052004973e-03,3.806238934835057871e-03,2.426245951446537059e-03,8.889316140801037033e-03,1.305293497245954212e-02,2.072084086462233632e-02,7.627993805321718612e-03,2.257533280149316701e-02,3.635100921399821855e-02,4.035412925423485786e-02,8.632675357593650248e-03,4.132110535809294799e-02,2.603494293557610459e-02,3.256698544900570036e-02,2.097899199916053795e-02,5.564631089250678120e-02,1.534999754605424413e-02,1.488673875050207374e-02,1.312022675307055429e-02,9.324614297989881201e-03,1.704797271399350819e-02,1.912876083758000348e-02,3.251725658224248472e-02,1.566425233268863015e-02,5.202558541802169284e-02,5.200940437725889293e-02,1.487387285184209144e-02,3.929419569378737875e-02,1.075678983538131128e-01,4.967247464967647352e-02,6.503680386726848339e-02,5.412285430357402505e-02,1.305387108543745386e-02,3.466186635653983883e-02
2.054400654606247656e-02,0.000000000000000000e+00,2.330653117042167169e-02,1.850665143350173347e-02,4.892947084183781048e-02,8.117215030286616118e-02,8.499237320391521411e-02,1.792375211945521768e-02,8.141407507754701289e-02,4.418659598802401889e-02,6.196237792345393736e-02,3.668121263180039449e-02,1.107091663372813534e-01,3.004896615484645497e-02,3.665917097342127895e-02,2.898766851254809193e-02,2.147637403987095323e-02,3.793678408585202111e-02,3.744644224781658315e-02,8.052813280728055023e-02,3.726749592379141607e-02,1.274958006163049440e-01,1.056483502468374275e-01,3.963765805548995214e-02,9.155312289585419705e-02,1.895744519484197921e-01,1.178469452530308131e-01,1.495321324830908294e-01,1.317818927158536102e-01,2.497481786986082905e-02,7.488448893608021240e-02,2.647018176719219754e-02,2.047299846908098159e-02,2.750878505201858476e-02,2.092274931789126630e-02,3.344912867388096650e-02,1.533449296582329799e-02,1.303033698833441258e-02,2.733026777858130890e-02,2.231977556076018832e-02,3.154737285810332859e-02,2.214416705163872387e-02,2.231550279936524162e-02,9.096141274525440870e-03,5.060878947297594091e-03,1.892537368165470024e-02,2.916014180099455247e-02,4.655360294938430676e-02,1.726695516889675125e-02,5.141995447499116134e-02,8.251855541027684759e-02,9.189217992508190436e-02,1.894481187542545325e-02,9.397035974026474170e-02,5.959107078990449197e-02,7.282862277062904233e-02,4.517081190034963334e-02,1.262901511669063670e-01,3.552679561628814542e-02,3.207844007030672545e-02,3.034492685292105446e-02,2.157731635542902565e-02,3.906166127849084596e-02,4.317625058248825143e-02,7.347374618341467878e-02,3.458316787962252559e-02,1.179968796013791260e-01,1.146140728332956937e-01,3.144002228520394182e-02,8.967747632741082664e-02,2.377751958515903485e-01,1.119257147849803680e-01,1.473495831032671788e-01,1.242248046592037136e-01,2.972369946744092203e-02,7.830249738047914687e-02
1.062607953291423539e-02,2.330653117042167169e-02,0.000000000000000000e+00,9.319716383043435970e-03,2.488593243690749926e-02,4.100254394707429639e-02,4.273042184162391399e-02,9.107056220345759526e-03,4.161377105508490271e-02,2.183322085326680484e-02,3.163092759474216836e-02,1.877668888073916187e-02,5.578205232521771251e-02,1.490264834500773170e-02,1.948106176739390280e-02,1.459348304219321331e-02,1.051843636681678434e-02,1.906258904276243726e-02,1.955485574576812727e-02,4.059641000052020138e-02,1.878197143464402016e-02,6.533562544463465682e-02,5.479433831989976439e-02,2.037748387898749569e-02,4.591805419763004409e-02,9.750227790521437399e-02,5.929205993891399629e-02,7.593050283190391769e-02,6.708298211478444517e-02,1.250436390117815218e-02,3.792415206664809246e-02,1.371798914593393842e-02,1.029780745676407185e-02,1.408555090893000294e-02,1.053222538084796524e-02,1.653338502262712353e-02,7.588333792766116699e-03,6.728946611706997094e-03,1.406154284078735446e-02,1.144909463172383984e-02,1.580977254813005842e-02,1.091751879052569631e-02,1.097637566143758701e-02,4.368387045912484369e-03,2.747021942420799483e-03,9.698378979309208933e-03,1.494620227902337777e-02,2.348350135111832923e-02,8.616449058283995668e-03,2.594232110572705988e-02,4.185679825669623433e-02,4.603856952186274193e-02,9.647459881975458534e-03,4.826686100998587442e-02,2.958880323349858191e-02,3.748084804181968377e-02,2.293329965154431924e-02,6.366917752076738102e-02,1.765701295903040688e-02,1.661584604085952072e-02,1.531731846041077538e-02,1.076560192074051299e-02,1.994666623267892999e-02,2.226573602701588037e-02,3.733569620776476528e-02,1.739836170506378968e-02,6.071398032731926964e-02,5.909287507715373089e-02,1.637696621253331361e-02,4.531206296705716369e-02,1.220971531544492450e-01,5.636144113167230324e-02,7.532396569574677236e-02,6.284601322645798349e-02,1.538064753834747847e-02,3.954658744763255018e-02
8.195195577279370744e-03,1.850665143350173347e-02,9.319716383043435970e-03,0.000000000000000000e+00,1.958049468517346348e-02,3.195524560514671764e-02,3.399284198639465626e-02,7.193242635103120133e-03,3.255811868719866997e-02,1.749316840115941463e-02,2.476734925691576744e-02,1.463991965766134502e-02,4.459629893295870978e-02,1.184813246879255592e-02,1.446777580487601175e-02,1.132188203865608020e-02,8.454766453922759467e-03,1.520964217128408652e-02,1.483735352597153473e-02,3.150977873471151602e-02,1.472884269232845565e-02,5.054540725017444419e-02,4.166938330550842839e-02,1.583873319205302693e-02,3.638418631535045994e-02,7.580676699673172259e-02,4.625392505247292313e-02,5.954005449581980386e-02,5.210016782079203435e-02,9.893331823121815499e-03,3.009652486164264562e-02,1.071660868240828859e-02,8.351806529765630482e-03,1.121821397803614458e-02,8.581291594365283992e-03,1.304608158353576935e-02,5.938483248930892869e-03,5.246207988459121105e-03,1.093499778270953793e-02,9.033019423942157192e-03,1.274633992202118746e-02,8.922628485148706087e-03,8.767452524857392154e-03,3.596929681106329768e-03,2.040929864377773271e-03,7.483870582477171636e-03,1.168566234644862097e-02,1.887619727590517105e-02,7.017058609666673545e-03,2.064932059183956226e-02,3.317517487974405710e-02,3.670051176057951420e-02,7.651727503014033732e-03,3.746987142331779930e-02,2.366616207711389266e-02,2.925847622328385869e-02,1.800955774936030540e-02,5.049852681319558917e-02,1.425604324966935239e-02,1.261977757928068114e-02,1.189077062657128980e-02,8.562009800844674196e-03,1.568173720708686270e-02,1.755992534472749361e-02,2.930339819851854669e-02,1.365162190235166655e-02,4.696084569953899723e-02,4.550875926285755102e-02,1.257395557820145324e-02,3.592915554235220910e-02,9.525708237006466628e-02,4.476321659170081485e-02,5.828421761022590381e-02,4.922366576576395897e-02,1.158811392534992921e-02,3.125536402470865949e-02
2.166829226585763671e-02,4.892947084183781048e-02,2.488593243690749926e-02,1.958049468517346348e-02,0.000000000000000000e+00,8.586496319242560571e-02,9.050397559439840589e-02,1.927656886185477245e-02,8.790084481575392850e-02,4.698453499896753510e-02,6.702773142163810649e-02,3.888120799943289158e-02,1.182501551019093100e-01,3.126872462156623372e-02,3.891997886428049530e-02,3.081615911065963692e-02,2.279821539611132097e-02,4.037655151030589834e-02,4.090681752712542474e-02,8.475042079071726242e-02,3.841362255681862042e-02,1.370489184149062956e-01,1.126617948253356982e-01,4.191396467463334025e-02,9.662082912527140965e-02,2.014491949505680113e-01,1.247600320617971437e-01,1.595151737081252075e-01,1.394124809035890700e-01,2.646186821314880713e-02,8.044208423035069389e-02,2.992580292847181467e-02,2.232453087296439043e-02,3.004627130311820701e-02,2.297082073824184556e-02,3.506873866983333671e-02,1.643596397699477810e-02,1.435603574734003497e-02,3.011970028490050175e-02,2.441655419682790124e-02,3.378689290608078571e-02,2.363722030631124071e-02,2.346985372404934711e-02,9.565328328303555894e-03,5.716320427037472653e-03,1.966214693103582323e-02,3.143945952390702486e-02,4.971150530871103201e-02,1.854643816342580256e-02,5.532959897325391563e-02,8.907591300605964546e-02,9.720729199016811539e-02,2.040425576068480643e-02,1.017760665095126527e-01,6.364064654653779629e-02,7.921055318673068946e-02,4.733337160815515032e-02,1.348012518083673561e-01,3.783092621442087078e-02,3.304753177040578582e-02,3.194591948554061783e-02,2.249306307308861913e-02,4.228120025511972885e-02,4.641329249786906030e-02,7.800898228096303511e-02,3.582109920358108462e-02,1.270753120452682294e-01,1.227317980284809568e-01,3.350021427237756533e-02,9.596446024728544355e-02,2.544068811704169875e-01,1.195693931563466123e-01,1.566859309637007591e-01,1.322848779944553188e-01,3.168508619039987068e-02,8.308206085816509379e-02
3.569450795958879763e-02,8.117215030286616118e-02,4.100254394707429639e-02,3.195524560514671764e-02,8.586496319242560571e-02,0.000000000000000000e+00,1.484007319970441774e-01,3.087456579044765143e-02,1.436814061577919854e-01,7.689522185974626001e-02,1.076641544837061981e-01,6.438070754231781101e-02,1.933144786749618760e-01,5.208423768582388924e-02,6.400208567691968720e-02,5.044722761896236474e-02,3.681690528930563200e-02,6.621927475493810666e-02,6.583602110930558693e-02,1.394804933462391872e-01,6.429512940435036517e-02,2.232348753978094791e-01,1.854106439321117350e-01,6.904669106351610242e-02,1.602353138833586543e-01,3.322085272788031785e-01,2.047600378795442766e-01,2.616904280736173094e-01,2.292542342941639999e-01,4.339572116817503461e-02,1.302919165227226228e-01,4.741987311072055206e-02,3.565379448182515870e-02,4.836665266436970811e-02,3.680532670925861644e-02,5.824824576340059679e-02,2.658482981837657216e-02,2.267549691193025685e-02,4.791356079594321499e-02,3.928445109799254958e-02,5.472290357165056351e-02,3.787650517640543668e-02,3.875892758451609382e-02,1.565989753569930684e-02,9.035455170476340905e-03,3.362568524090721322e-02,5.150119488359523878e-02,8.111529003054690490e-02,3.008397396939453683e-02,8.959488039255944503e-02,1.449864070542507266e-01,1.588317792324358546e-01,3.305032404420532588e-02,1.659294122178745501e-01,1.031187006211011781e-01,1.272386999356409087e-01,7.845318347101737366e-02,2.195338857593209514e-01,6.151325473876739086e-02,5.620456256013842133e-02,5.275533295317812871e-02,3.746760313872737891e-02,6.813938996253186831e-02,7.548505494071686139e-02,1.284010545210858278e-01,6.036753045923421573e-02,2.070846635220372767e-01,2.017198199008629622e-01,5.524185883349163467e-02,1.562206868748886590e-01,4.160332805321103611e-01,1.954336591450094029e-01,2.580786767675280480e-01,2.167869494931146668e-01,5.227622361737679219e-02,1.361091098910583441e-01
3.744958415651548911e-02,8.499237320391521411e-02,4.273042184162391399e-02,3.399284198639465626e-02,9.050397559439840589e-02,1.484007319970441774e-01,0.000000000000000000e+00,3.310009582356426144e-02,1.517486946953244820e-01,8.129878120020928023e-02,1.148318993542436911e-01,6.773200990495611973e-02,2.047070567854722412e-01,5.430638669529672807e-02,6.613607121504899711e-02,5.316103674337836760e-02,3.943247036304332875e-02,7.037586781579886763e-02,6.946330147357229756e-02,1.458283301117350161e-01,6.710626523709746494e-02,2.344313774991341193e-01,1.926729325728338271e-01,7.271519473218049368e-02,1.677764706285192753e-01,3.480337973953085418e-01,2.141539756905897207e-01,2.753914116625577058e-01,2.403502545954791791e-01,4.543948777658169541e-02,1.377917119550220726e-01,5.097275046314152930e-02,3.857980770360648626e-02,5.161827142448347644e-02,3.948504778499148382e-02,6.113198108506875256e-02,2.842991828865996939e-02,2.435846395636338813e-02,5.171357160517931623e-02,4.165086453118695825e-02,5.873746236678437094e-02,4.112586608929963417e-02,4.106715464098115859e-02,1.696196636118361620e-02,9.484410993666061301e-03,3.432108014458189194e-02,5.458698296689221824e-02,8.572350889328313184e-02,3.234604014879413625e-02,9.535045088977438243e-02,1.529143345803979925e-01,1.694753650548159740e-01,3.532801303226006107e-02,1.738335857779892135e-01,1.102689835139759739e-01,1.355594846322330238e-01,8.291125867758492030e-02,2.329931621287696097e-01,6.569835139188778816e-02,5.727301496333446484e-02,5.504234512136658986e-02,3.934541622909533409e-02,7.278485126463246635e-02,8.008606246461032196e-02,1.342260794908036736e-01,6.260603524555367894e-02,2.172984614456432151e-01,2.104352693068131663e-01,5.777379179297428141e-02,1.662441622300464272e-01,4.385665673665368192e-01,2.056025612538742997e-01,2.690444277352289637e-01,2.273108876462676120e-01,5.409613676505357210e-02,1.434665481254405739e-01
8.301040221309743949e-03,1.792375211945521768e-02,9.107056220345759526e-03,7.193242635103120133e-03,1.927656886185477245e-02,3.087456579044765143e-02,3.310009582356426144e-02,0.000000000000000000e+00,3.180013644255173799e-02,1.718290616788157102e-02,2.402889467118164007e-02,1.450353696206283481e-02,4.308222463303497396e-02,1.167993787728374526e-02,1.431306162469832104e-02,1.098294284014049611e-02,8.111785961519473245e-03,1.485157721085018229e-02,1.458196020029438149e-02,3.066253196332113101e-02,1.453222959758438716e-02,4.899230118303639359e-02,4.105828592737898602e-02,1.551337207315560754e-02,3.524186275758807441e-02,7.419485976032895447e-02,4.458392527622749568e-02,5.803304457028881508e-02,5.032726134947537733e-02,9.436549771356043947e-03,2.901249074038752401e-02,1.037538113764233973e-02,8.038454951844719795e-03,1.113004541946497304e-02,8.255005166362027608e-03,1.296657728369682121e-02,5.824938436195431328e-03,5.076761762100985564e-03,1.067019681469049547e-02,8.721599964479288120e-03,1.243914540649032272e-02,8.521758358232914624e-03,8.891077116501937272e-03,3.559375352222527225e-03,2.075458482172785717e-03,7.424545202431934339e-03,1.143017521116407482e-02,1.790418667865334781e-02,6.766917783161116584e-03,1.982792586860268255e-02,3.147629323949947822e-02,3.555648567578378882e-02,7.361239674731547000e-03,3.612017406261640307e-02,2.306591522833614447e-02,2.890381665080547086e-02,1.811076788575832763e-02,4.883735213591006846e-02,1.375248127431693244e-02,1.267524934368941154e-02,1.145771306015368890e-02,8.295521714930358115e-03,1.498886115920829501e-02,1.702686927592061972e-02,2.825000335344532432e-02,1.347285410102732825e-02,4.552981836859374548e-02,4.457926243913320347e-02,1.232604360109787467e-02,3.442109107496062192e-02,9.258455312964328221e-02,4.308426349705877373e-02,5.747783845233910005e-02,4.697188926447643659e-02,1.136573894405032252e-02,3.044038048251660258e-02
3.585497545735347874e-02,8.141407507754701289e-02,4.161377105508490271e-02,3.255811868719866997e-02,8.790084481575392850e-02,1.436814061577919854e-01,1.517486946953244820e-01,3.180013644255173799e-02,0.000000000000000000e+00,7.829573347833107544e-02,1.108162216700229602e-01,6.475829708505147220e-02,1.971156960801926095e-01,5.243469216697819318e-02,6.539798730893808809e-02,5.196557439117594629e-02,3.779052198747524793e-02,6.784409890795310705e-02,6.820081502320851641e-02,1.428531047370360241e-01,6.379685450938168967e-02,2.298992108859815309e-01,1.899896771257119088e-01,6.942158918715214677e-02,1.625833573084718986e-01,3.379399059249947324e-01,2.103984098027066318e-01,2.679026259529126430e-01,2.341845151554864668e-01,4.406787060038750564e-02,1.333017390088197807e-01,4.910836452397194379e-02,3.676572784953009709e-02,4.982120830228115027e-02,3.780153580311709088e-02,5.857596312962911472e-02,2.712760605604021616e-02,2.369795326846011949e-02,4.980635872054157975e-02,4.071765852870009444e-02,5.607908792843695894e-02,3.867142101341609212e-02,3.935635941005109079e-02,1.606345030156956441e-02,9.607151120253142051e-03,3.323045615560294569e-02,5.312542456001907720e-02,8.259813044777983282e-02,3.038978921307312897e-02,9.142385839053934760e-02,1.476691362319158818e-01,1.622086096484928741e-01,3.394609506723628850e-02,1.702067294398478259e-01,1.061247957189033059e-01,1.316954111504924918e-01,7.929669849892244382e-02,2.252856037821076574e-01,6.259080323985269367e-02,5.653880867487526968e-02,5.379273065895970318e-02,3.813543625276877985e-02,7.031749025960951083e-02,7.773985352044292252e-02,1.312519515409200921e-01,6.048875470678131971e-02,2.138554180496843871e-01,2.071570897488231588e-01,5.607150397608804543e-02,1.600699887855189796e-01,4.259460129734637390e-01,1.991568668692500765e-01,2.650638102765230375e-01,2.220669947639265784e-01,5.388212829625637496e-02,1.391945593394058600e-01
1.932369616117514052e-02,4.418659598802401889e-02,2.183322085326680484e-02,1.749316840115941463e-02,4.698453499896753510e-02,7.689522185974626001e-02,8.129878120020928023e-02,1.718290616788157102e-02,7.829573347833107544e-02,0.000000000000000000e+00,5.969773019875854875e-02,3.424122260497779874e-02,1.048163180194286032e-01,2.804719544296987305e-02,3.522961839523050531e-02,2.787910165592271186e-02,2.007597212371831086e-02,3.605882713699003206e-02,3.622971644911231887e-02,7.626682446148712324e-02,3.484319316973134850e-02,1.225441910770000975e-01,1.008283896203722302e-01,3.729875945187234587e-02,8.667352251531014462e-02,1.807214932814817931e-01,1.112149540969870898e-01,1.423859154897462453e-01,1.246821738721485551e-01,2.373394583447103676e-02,7.154642195685430306e-02,2.575047735639453966e-02,1.963692144651923641e-02,2.623968253959865077e-02,1.999893426155938125e-02,3.137734837146941014e-02,1.452169894967979442e-02,1.268624291192928071e-02,2.644127576637315957e-02,2.185151984135404180e-02,3.001955338591328834e-02,2.079847875786268452e-02,2.097273653329946239e-02,8.445429721848220911e-03,5.107844671562244455e-03,1.750530448697686092e-02,2.794192828249174657e-02,4.384909817814628546e-02,1.610294072066517299e-02,4.927656247773142678e-02,7.877797449310244837e-02,8.735704454402133667e-02,1.830036346576817061e-02,9.051400531277677131e-02,5.704458665620121965e-02,7.065541355042541383e-02,4.200860198438555876e-02,1.207344966077338599e-01,3.388863998296717805e-02,2.983012322309189224e-02,2.876632391204981404e-02,2.043410652421066495e-02,3.792620925767307277e-02,4.140972947786111108e-02,6.931947007757155443e-02,3.241568410647834714e-02,1.134098676689050400e-01,1.096655015008540096e-01,2.970287380185352225e-02,8.615746229329519779e-02,2.279522643909346058e-01,1.058283425128017791e-01,1.408298642363007280e-01,1.185203950026124664e-01,2.876252494352324329e-02,7.422288461497500434e-02
2.753322995349706190e-02,6.196237792345393736e-02,3.163092759474216836e-02,2.476734925691576744e-02,6.702773142163810649e-02,1.076641544837061981e-01,1.148318993542436911e-01,2.402889467118164007e-02,1.108162216700229602e-01,5.969773019875854875e-02,0.000000000000000000e+00,5.004439274270546661e-02,1.493357735579352030e-01,3.995953267776345547e-02,4.919990175272261762e-02,3.882037110168711641e-02,2.855532744899393419e-02,5.105867353094149796e-02,5.138351356459866515e-02,1.068108491415167977e-01,4.934931447257889792e-02,1.719524702410132888e-01,1.422304447255634818e-01,5.328468994326569091e-02,1.229449515211204630e-01,2.564674633810568039e-01,1.571759624870489036e-01,2.022990366275108642e-01,1.751196992977522293e-01,3.364616386085710065e-02,1.015760250121461733e-01,3.723157048663543189e-02,2.770226321087236598e-02,3.768134939104502562e-02,2.841371915689627423e-02,4.460985231564300324e-02,2.056872781301655184e-02,1.771356240470185750e-02,3.737584917458854072e-02,3.043050473320194418e-02,4.219231870994773204e-02,2.928611709134170543e-02,3.008655484333175312e-02,1.216870230332372724e-02,7.231563579514012179e-03,2.518390072481388117e-02,3.996222319256281102e-02,6.261881748842397510e-02,2.331358842590048122e-02,6.988536107917875384e-02,1.119491485000748410e-01,1.234869545900947052e-01,2.570577514411100106e-02,1.282111796111289337e-01,7.985933926112627479e-02,9.998488043797726377e-02,6.125320407801942979e-02,1.704806957323142524e-01,4.818188875752126704e-02,4.248817451521306326e-02,4.076866474935688517e-02,2.873806347638913766e-02,5.338474103074910410e-02,5.838143118926216596e-02,9.866991037084713034e-02,4.635986863272392039e-02,1.603291204108842072e-01,1.557785637547784152e-01,4.245691693713710135e-02,1.215335044544330473e-01,3.220051506348725057e-01,1.512235506111827277e-01,2.002136856378439189e-01,1.662648456009914733e-01,4.043740989625422416e-02,1.052530496194653831e-01
1.694666124618166014e-02,3.668121263180039449e-02,1.877668888073916187e-02,1.463991965766134502e-02,3.888120799943289158e-02,6.438070754231781101e-02,6.773200990495611973e-02,1.450353696206283481e-02,6.475829708505147220e-02,3.424122260497779874e-02,5.004439274270546661e-02,0.000000000000000000e+00,8.828991084108758769e-02,2.320958174964459983e-02,3.110049644208103675e-02,2.290645440420988749e-02,1.669749654634846217e-02,3.013554080812533981e-02,3.021139514680919180e-02,6.257594149766185221e-02,3.083976129926691012e-02,1.011059941835895509e-01,8.689192583398373804e-02,3.341129691346542141e-02,7.184612340647017481e-02,1.551413813510738315e-01,9.224309341772110593e-02,1.187010069678141599e-01,1.042196992601350514e-01,1.975005321585560081e-02,5.989717364095349661e-02,2.210230302483242801e-02,1.633062002214619168e-02,2.206152307917910727e-02,1.667936731000015105e-02,2.575543359550548292e-02,1.195617856601303985e-02,1.031485550060184248e-02,2.260231211485395561e-02,1.818415362785413131e-02,2.490187649190411107e-02,1.729647511779516811e-02,1.717154721068425705e-02,6.945069877723672284e-03,4.272522298043538586e-03,1.567384638713637326e-02,2.346128654773951827e-02,3.680344450177061577e-02,1.357864306142262181e-02,4.114292631548711887e-02,6.627217463916729168e-02,7.340714059653473400e-02,1.537656241907379984e-02,7.529634385511793648e-02,4.686502081298682398e-02,5.902941528039216956e-02,3.790003778269371987e-02,1.009658434927416665e-01,2.814192022629289844e-02,2.639614268907251177e-02,2.353433227683884160e-02,1.680061509477806178e-02,3.140504553921714959e-02,3.457765892361729099e-02,5.760924535054016277e-02,2.876439534784418564e-02,9.426605131259524484e-02,9.337598495173095314e-02,2.640088607778792382e-02,7.146631258035331113e-02,1.950888143468046121e-01,8.832735148839734873e-02,1.165906752844268618e-01,9.808653197898668796e-02,2.360134542824808904e-02,6.137116982482049288e-02
4.867855050967662828e-02,1.107091663372813534e-01,5.578205232521771251e-02,4.459629893295870978e-02,1.182501551019093100e-01,1.933144786749618760e-01,2.047070567854722412e-01,4.308222463303497396e-02,1.971156960801926095e-01,1.048163180194286032e-01,1.493357735579352030e-01,8.828991084108758769e-02,0.000000000000000000e+00,7.055757049356324584e-02,8.776955632898042481e-02,6.978171520455020427e-02,5.087472304038136162e-02,9.163510313399356177e-02,9.045339278582739673e-02,1.916220589906078853e-01,8.723448220008925280e-02,3.086911503885503838e-01,2.528336333219318721e-01,9.517146444847623954e-02,2.195016389384752409e-01,4.559711568804293291e-01,2.805756231397080747e-01,3.593809101081336665e-01,3.145777605135243182e-01,5.910821141853271621e-02,1.802016069664097164e-01,6.604110675163452071e-02,5.002625127248028214e-02,6.680897081474604371e-02,5.122885681715115547e-02,7.912367064905713454e-02,3.702091402973617384e-02,3.185834054546074490e-02,6.750191301230620833e-02,5.482575232411658617e-02,7.628669813481035733e-02,5.348377995964396364e-02,5.289845140276187851e-02,2.179737483001385756e-02,1.258588723430532560e-02,4.471974446882906462e-02,7.103943589940256431e-02,1.121735234031300960e-01,4.191527589083764854e-02,1.237659364937537809e-01,1.992563708333693062e-01,2.206379576340868620e-01,4.593693490833975629e-02,2.280664124046991592e-01,1.433798242355131813e-01,1.764795840321310150e-01,1.073303428976689067e-01,3.054027647002538481e-01,8.509927595814179013e-02,7.522387146428885507e-02,7.195123561113631050e-02,5.142494002495821837e-02,9.537954559186362369e-02,1.043268996489088440e-01,1.756285699375612352e-01,8.100915998707390597e-02,2.860306817104335542e-01,2.762727393557193323e-01,7.544682930674675991e-02,2.173215510660629901e-01,5.756637792378277441e-01,2.681671941540918480e-01,3.534146448994807677e-01,2.979444013773220878e-01,7.160686995848504488e-02,1.874238628017243502e-01
1.308454040365851327e-02,3.004896615484645497e-02,1.490264834500773170e-02,1.184813246879255592e-02,3.126872462156623372e-02,5.208423768582388924e-02,5.430638669529672807e-02,1.167993787728374526e-02,5.243469216697819318e-02,2.804719544296987305e-02,3.995953267776345547e-02,2.320958174964459983e-02,7.055757049356324584e-02,0.000000000000000000e+00,2.340257503175358078e-02,1.842272440833171709e-02,1.370229431292421807e-02,2.388903011053345252e-02,2.453703485667560816e-02,5.139081674756034585e-02,2.341014341581565406e-02,8.224212512929870988e-02,6.746210548181674760e-02,2.509198574108026727e-02,5.796283580874728864e-02,1.206555479727641073e-01,7.517541301455037128e-02,9.546785443409672167e-02,8.431990717400329738e-02,1.588608776987280799e-02,4.785604534042886549e-02,1.726652880502716619e-02,1.322806508220357620e-02,1.766583096609222400e-02,1.372608484168664697e-02,2.096663539115161193e-02,9.869795768929082516e-03,8.716291390200348738e-03,1.770457729747177550e-02,1.458183395209142544e-02,2.030950286559799617e-02,1.430329601847723370e-02,1.398406365681264391e-02,5.752876395708293039e-03,3.341444132255298131e-03,1.186008222693598138e-02,1.862030578013323945e-02,2.994806445213870488e-02,1.107653671689199683e-02,3.293311963085762684e-02,5.351503301395332118e-02,5.861679746685221487e-02,1.220444004768288758e-02,6.075888081957892678e-02,3.820689024347084101e-02,4.700659447271858526e-02,2.819086225868543821e-02,8.098328428216257369e-02,2.247870077696490290e-02,2.001828095913076033e-02,1.933739175391324325e-02,1.372762404896565522e-02,2.530852605043442879e-02,2.788019269554372487e-02,4.706799734760449411e-02,2.140818037288818101e-02,7.603345428626802349e-02,7.299590529153397733e-02,2.009952197088783060e-02,5.761228984351320775e-02,1.516541849921352048e-01,7.156131769293161415e-02,9.408060505816576158e-02,7.955733694654620880e-02,1.899748362258888573e-02,4.985432844021082943e-02
1.726914575937680066e-02,3.665917097342127895e-02,1.948106176739390280e-02,1.446777580487601175e-02,3.891997886428049530e-02,6.400208567691968720e-02,6.613607121504899711e-02,1.431306162469832104e-02,6.539798730893808809e-02,3.522961839523050531e-02,4.919990175272261762e-02,3.110049644208103675e-02,8.776955632898042481e-02,2.340257503175358078e-02,0.000000000000000000e+00,2.311462777876867325e-02,1.651368780355049956e-02,3.037167346033380066e-02,3.038624145841043594e-02,6.399586540039128857e-02,3.055158640790641908e-02,1.026978310442362569e-01,8.753845452033034991e-02,3.363163307954007697e-02,7.302379531811023505e-02,1.569403504527754067e-01,9.447685763429276851e-02,1.206157255350497753e-01,1.050186499664974016e-01,1.989164783092971928e-02,6.063756001473443596e-02,2.155775666055034442e-02,1.605428217435655308e-02,2.275847189284632352e-02,1.641247541173056906e-02,2.585481862326749480e-02,1.194475134551368015e-02,1.022884358181333497e-02,2.204679490797033584e-02,1.770348519243569729e-02,2.481057270890000416e-02,1.709218981567641599e-02,1.738411091146926241e-02,6.782125901521538804e-03,4.480066832021492064e-03,1.599398842714411240e-02,2.437434929026637345e-02,3.715641395404241376e-02,1.356337545706026368e-02,4.039981756227176146e-02,6.585465872100014495e-02,7.163091130250037741e-02,1.521773869376132071e-02,7.634150970674843939e-02,4.563594144611962666e-02,5.849003286320453299e-02,3.776865430420562469e-02,9.926377087367203866e-02,2.779430055936980837e-02,2.736040857948867158e-02,2.410322990431041160e-02,1.669298012133768952e-02,3.114035291583289525e-02,3.455039564408503294e-02,5.912750317487559110e-02,2.877857866025163372e-02,9.550830210833939626e-02,9.494600091695994115e-02,2.656035145064698441e-02,7.104792031616151415e-02,1.957676759808686939e-01,9.008635723146864172e-02,1.181130428496136309e-01,9.863338342103078471e-02,2.343276159539998266e-02,6.267933988186946692e-02
1.248214330619658655e-02,2.898766851254809193e-02,1.459348304219321331e-02,1.132188203865608020e-02,3.081615911065963692e-02,5.044722761896236474e-02,5.316103674337836760e-02,1.098294284014049611e-02,5.196557439117594629e-02,2.787910165592271186e-02,3.882037110168711641e-02,2.290645440420988749e-02,6.978171520455020427e-02,1.842272440833171709e-02,2.311462777876867325e-02,0.000000000000000000e+00,1.345852751213131443e-02,2.384968356651833571e-02,2.376522746247562712e-02,5.037578656964972895e-02,2.261352418931068461e-02,8.083117570725427414e-02,6.627286365666283652e-02,2.445570532226462590e-02,5.777057398795176074e-02,1.189304013812424454e-01,7.432594485337823409e-02,9.442809274074484560e-02,8.220756657283473379e-02,1.591590552804565684e-02,4.717519014234726471e-02,1.663728614637513190e-02,1.271319381068212670e-02,1.696240619617065890e-02,1.307205466780828572e-02,2.052970288698973550e-02,9.597707114234490383e-03,8.114629792738671521e-03,1.709420716912850996e-02,1.384050758541198294e-02,1.912580664521502244e-02,1.360853054699569763e-02,1.398626508241835979e-02,5.580074252186418421e-03,3.256182154464392492e-03,1.153814606009961712e-02,1.878155837362617542e-02,2.903395551455572807e-02,1.070076999205400205e-02,3.247173732370520205e-02,5.246230616830669519e-02,5.712710374566276617e-02,1.173579165084944441e-02,6.059026095726696703e-02,3.757929542475732521e-02,4.586063400566557646e-02,2.773761135054465116e-02,7.947874526533070527e-02,2.240767519210406719e-02,1.971569325938775721e-02,1.916098593206646758e-02,1.341495537553976346e-02,2.521744882473671984e-02,2.685881113938594009e-02,4.636516087951041143e-02,2.135415309941124037e-02,7.542550005673581692e-02,7.209479142306471355e-02,1.932146969293864133e-02,5.703826375116301250e-02,1.500313559859632606e-01,7.038890223853229433e-02,9.314386863071678901e-02,7.881555200993638211e-02,1.900421990039395312e-02,4.901695205383446718e-02
9.178748008938288072e-03,2.147637403987095323e-02,1.051843636681678434e-02,8.454766453922759467e-03,2.279821539611132097e-02,3.681690528930563200e-02,3.943247036304332875e-02,8.111785961519473245e-03,3.779052198747524793e-02,2.007597212371831086e-02,2.855532744899393419e-02,1.669749654634846217e-02,5.087472304038136162e-02,1.370229431292421807e-02,1.651368780355049956e-02,1.345852751213131443e-02,0.000000000000000000e+00,1.728775391176102377e-02,1.734179196744594503e-02,3.666486808522016749e-02,1.662542067247747835e-02,5.867311942239240158e-02,4.783382283122315781e-02,1.788441032533693090e-02,4.204507579243314808e-02,8.630724219108386330e-02,5.378460982822270975e-02,6.889842354219505305e-02,5.993357812264205747e-02,1.146983488920596227e-02,3.425863064320543161e-02,1.236079899988300722e-02,9.337271019541897032e-03,1.254514032427266924e-02,9.640825976756596180e-03,1.532168392486174709e-02,7.004726017586914745e-03,5.975872530357656358e-03,1.255039418636905678e-02,1.038537873563381495e-02,1.438627085916131636e-02,1.003905389504992744e-02,1.026215569114364776e-02,4.160439638246806252e-03,2.416354100735925142e-03,8.465382987984474208e-03,1.342252769381211720e-02,2.126122271387610729e-02,7.864170090922334086e-03,2.376926396515921178e-02,3.801015454123297943e-02,4.217254475517698969e-02,8.704476392212617472e-03,4.344618752490912034e-02,2.771125562336806958e-02,3.372906057438407323e-02,2.052112327701604427e-02,5.828575549439637266e-02,1.639220739114982672e-02,1.426156731660843842e-02,1.393070207896530445e-02,9.964880682141035242e-03,1.815793428203922241e-02,1.972792802931860184e-02,3.352395450496459262e-02,1.558120901375678602e-02,5.439017381300218640e-02,5.234622927077600685e-02,1.421122161551515752e-02,4.138960227294163213e-02,1.087896662812486148e-01,5.116939414308754874e-02,6.827676940641080883e-02,5.721427434524909567e-02,1.394902686155667648e-02,3.582087304211461348e-02
1.653992628756615485e-02,3.793678408585202111e-02,1.906258904276243726e-02,1.520964217128408652e-02,4.037655151030589834e-02,6.621927475493810666e-02,7.037586781579886763e-02,1.485157721085018229e-02,6.784409890795310705e-02,3.605882713699003206e-02,5.105867353094149796e-02,3.013554080812533981e-02,9.163510313399356177e-02,2.388903011053345252e-02,3.037167346033380066e-02,2.384968356651833571e-02,1.728775391176102377e-02,0.000000000000000000e+00,3.102443260776380565e-02,6.585560604731049983e-02,2.986639062953774446e-02,1.062163078472634359e-01,8.698772474304758417e-02,3.256511402049436926e-02,7.505795886660658611e-02,1.562524479622930673e-01,9.585683376672521350e-02,1.230193776262835104e-01,1.078807655641834118e-01,2.023485113129976434e-02,6.161581437944244066e-02,2.239616432789234488e-02,1.690053875010541495e-02,2.271334535592752293e-02,1.763978878757183066e-02,2.686448217571880265e-02,1.263154908043702396e-02,1.080622891575787337e-02,2.273431621049357837e-02,1.858546619451459728e-02,2.573371354161503588e-02,1.808221517157213368e-02,1.798475246076589040e-02,7.337524453107971932e-03,4.263804776319398034e-03,1.499015289563145406e-02,2.412941952967045944e-02,3.823400847358430360e-02,1.422121875177643179e-02,4.243471317389399533e-02,6.816116060711228941e-02,7.519569672277372219e-02,1.571912836900333371e-02,7.818665199746309413e-02,4.929667040327181254e-02,6.055490051818161745e-02,3.643970965892945335e-02,1.041247633971703196e-01,2.897804186393598477e-02,2.580957749942294419e-02,2.455104424314787787e-02,1.757839033841158624e-02,3.251009088612025894e-02,3.548396871166936001e-02,6.029271156102553042e-02,2.776820266155361275e-02,9.805080287880899026e-02,9.460858912687333810e-02,2.569204334312771495e-02,7.402955148983753064e-02,1.963804250155496700e-01,9.162996429753006433e-02,1.203648131134834043e-01,1.024168095396709305e-01,2.458915957275139771e-02,6.409542998302782124e-02
1.666457475048566811e-02,3.744644224781658315e-02,1.955485574576812727e-02,1.483735352597153473e-02,4.090681752712542474e-02,6.583602110930558693e-02,6.946330147357229756e-02,1.458196020029438149e-02,6.820081502320851641e-02,3.622971644911231887e-02,5.138351356459866515e-02,3.021139514680919180e-02,9.045339278582739673e-02,2.453703485667560816e-02,3.038624145841043594e-02,2.376522746247562712e-02,1.734179196744594503e-02,3.102443260776380565e-02,0.000000000000000000e+00,6.566438992825325560e-02,2.979880946390178753e-02,1.053453965914209062e-01,8.733088474308302318e-02,3.221913771782859703e-02,7.474566080275833746e-02,1.560840076521602671e-01,9.637791735412676308e-02,1.233911437066192579e-01,1.072928690157180232e-01,2.067342250888601698e-02,6.179248065966537473e-02,2.244113723711804037e-02,1.685422352993773062e-02,2.294761664581760827e-02,1.710220464068051491e-02,2.715995493637368696e-02,1.239153466587076396e-02,1.088864317516549315e-02,2.287558837506772219e-02,1.861679272612110775e-02,2.564715356060636234e-02,1.780249315042006092e-02,1.839416638790999578e-02,7.305030874365933506e-03,4.532252401729722907e-03,1.518283315206183162e-02,2.448524076134374686e-02,3.789819059489064196e-02,1.400549423991081198e-02,4.222850768268517768e-02,6.777020209029235853e-02,7.479685035431776763e-02,1.566101039033937839e-02,7.894617935520226171e-02,4.825164915463021204e-02,6.070516172942920508e-02,3.703582156972450024e-02,1.032842937431881353e-01,2.922060294547290313e-02,2.617327121418447367e-02,2.490078608887240710e-02,1.744826459673960023e-02,3.229245156701848751e-02,3.569349449953217873e-02,6.054138369152928245e-02,2.802712238571540559e-02,9.794836193624389953e-02,9.474033666549992738e-02,2.578210396559255449e-02,7.351845271944651428e-02,1.955191788153654298e-01,9.237645138910265119e-02,1.224086538994212797e-01,1.014576000454198296e-01,2.453726753841061620e-02,6.427288216435431134e-02
3.565056156453874636e-02,8.052813280728055023e-02,4.059641000052020138e-02,3.150977873471151602e-02,8.475042079071726242e-02,1.394804933462391872e-01,1.458283301117350161e-01,3.066253196332113101e-02,1.428531047370360241e-01,7.626682446148712324e-02,1.068108491415167977e-01,6.257594149766185221e-02,1.916220589906078853e-01,5.139081674756034585e-02,6.399586540039128857e-02,5.037578656964972895e-02,3.666486808522016749e-02,6.585560604731049983e-02,6.566438992825325560e-02,0.000000000000000000e+00,6.313663795415855318e-02,2.216758717197964967e-01,1.828414012209390593e-01,6.771746115474824856e-02,1.582641176907012281e-01,3.284241685347614736e-01,2.041858310949637989e-01,2.600642679186431216e-01,2.278098156962492793e-01,4.305341957008470416e-02,1.293134172393361481e-01,4.593764509687641578e-02,3.531115334901207409e-02,4.798369036877113414e-02,3.632367699388063670e-02,5.702792725424459669e-02,2.611633109897204194e-02,2.252821556567944500e-02,4.653057841848798337e-02,3.855012469742104958e-02,5.423405836015531001e-02,3.744708708515903650e-02,3.831379586457053094e-02,1.530945629933000776e-02,8.998606535854852817e-03,3.269242451151410656e-02,5.114583565242309532e-02,8.043304595861285045e-02,2.957922175842580756e-02,8.797882042369520317e-02,1.423056161087725147e-01,1.567057896194642974e-01,3.261955146409158124e-02,1.647865580436271571e-01,1.019924648360107933e-01,1.253631686240362086e-01,7.694226962221523136e-02,2.164817657860834688e-01,6.064984035057979089e-02,5.546431652790161093e-02,5.262351036561496026e-02,3.698788647813457120e-02,6.778473400986184672e-02,7.478704232371488625e-02,1.279746926964925036e-01,5.895805143837351547e-02,2.058806346034295354e-01,1.994949385857640312e-01,5.430069824675691492e-02,1.542824876864333228e-01,4.120216112894320437e-01,1.931724247528179561e-01,2.553805945660814203e-01,2.149510182179921181e-01,5.158409660841840189e-02,1.362562642341250685e-01
1.726518137906996042e-02,3.726749592379141607e-02,1.878197143464402016e-02,1.472884269232845565e-02,3.841362255681862042e-02,6.429512940435036517e-02,6.710626523709746494e-02,1.453222959758438716e-02,6.379685450938168967e-02,3.484319316973134850e-02,4.934931447257889792e-02,3.083976129926691012e-02,8.723448220008925280e-02,2.341014341581565406e-02,3.055158640790641908e-02,2.261352418931068461e-02,1.662542067247747835e-02,2.986639062953774446e-02,2.979880946390178753e-02,6.313663795415855318e-02,0.000000000000000000e+00,1.001928049093966516e-01,8.636460826050894324e-02,3.356451827349074546e-02,7.210604187998835568e-02,1.549238041151981271e-01,9.255036853211361103e-02,1.180780680816384404e-01,1.045135087614101621e-01,1.943054007334405614e-02,5.935194166484890343e-02,2.153505380972258951e-02,1.627985527435690111e-02,2.225993819511684971e-02,1.668762211569261092e-02,2.622497583087959883e-02,1.195898245587775043e-02,1.055596781906319691e-02,2.218197211588224943e-02,1.772425158513146054e-02,2.519413091620377465e-02,1.745961444962572731e-02,1.736880514756179716e-02,6.958208367507434655e-03,4.294778978578866341e-03,1.569146555380202673e-02,2.316578090386421304e-02,3.673210729292450405e-02,1.358901339843919878e-02,4.069426288816606341e-02,6.545046728376766043e-02,7.278629284913436248e-02,1.518553239566699728e-02,7.415022493248998869e-02,4.685446271268500079e-02,5.848797226630746138e-02,3.798597316812434704e-02,9.982587113535050516e-02,2.783863434194214226e-02,2.648505836837071817e-02,2.377446760599949069e-02,1.710517402775075385e-02,3.096113973647957388e-02,3.432635728416366661e-02,5.824203221996183955e-02,2.827883847974235754e-02,9.291152312999370610e-02,9.236795356729754491e-02,2.652131364988906392e-02,7.076927160939622263e-02,1.924675748924620788e-01,8.851130927032961615e-02,1.164471294715093141e-01,9.762673182052684917e-02,2.328764155698109795e-02,6.174982496665037957e-02
