0.000000000000000000e+00,1.115846387325562621e-02,1.271066682128195804e-02,4.763597785124492820e-03,1.972113335949293375e-02,2.636211147003169122e-02,3.101338794315908892e-02,7.503589759049307528e-03,3.401743451906413807e-02,1.875399942204679718e-02,2.627394863350541662e-02,1.478054059148248972e-02,4.276768450757347656e-02,1.046141983668325351e-02,1.373371370522934176e-02,9.545521333679354500e-03,6.563158886982464399e-03,1.688159631882647782e-02,1.840241700889874710e-02,3.147235062949643031e-02,1.370852892609875605e-02,4.833567039161128925e-02,4.977696580519592323e-02,1.268643161736874615e-02,3.461632552054771939e-02,8.249773428224810301e-02,4.618891869722058924e-02,6.196686807322528828e-02,4.708338943447434866e-02,7.085533906808380751e-03,3.149480626070982892e-02,1.302749295976108473e-02,8.004064199357643211e-03,1.528829961069682296e-02,7.410994295433080518e-03,1.069561526922120642e-02,5.110927630080786509e-03,4.682328957135617649e-03,1.322068350095470697e-02,8.858471022617947152e-03,1.048377953517494118e-02,7.702851097491832458e-03,9.942907493681854905e-03,3.787628040928285849e-03,3.445730632015957078e-03,8.595864268416379336e-03,1.479904734447497899e-02,1.570616188307349254e-02,6.662809315648289196e-03,1.830885207022621072e-02,2.723501661247797537e-02,2.868066894309521941e-02,7.074135448645752985e-03,3.706410667761948080e-02,2.176569329182116014e-02,3.002574920811275014e-02,2.166291078829763600e-02,4.555481304036899243e-02,1.208870970698901204e-02,1.303293436136696536e-02,1.190158623599114722e-02,7.175988092331697307e-03,1.399892453487375406e-02,1.837159728272684533e-02,2.601593022789475129e-02,1.339935772179545390e-02,4.574331183663309097e-02,4.937312593160380486e-02,9.583327632008415212e-03,3.556755735074999814e-02,9.309491627300264804e-02,4.408054495028709135e-02,5.972197210704820181e-02,3.987097634414588088e-02,8.986567540084517899e-03,3.060454211296630145e-02
1.115846387325562621e-02,0.000000000000000000e+00,1.988145589959453008e-02,7.153499840242447463e-03,2.981950173334142751e-02,3.919646329532571610e-02,4.730191753757410217e-02,1.112819948267324346e-02,5.243846438216170219e-02,2.919501465721976302e-02,4.051365864778517373e-02,2.157196640959697237e-02,6.458046718011591081e-02,1.573781626868777511e-02,1.968136911171882233e-02,1.464512741451351810e-02,1.021540622096372627e-02,2.599221247832961962e-02,2.880954111468857562e-02,4.788291249509435410e-02,1.927311536658234126e-02,7.346347487877874505e-02,7.540554227973654544e-02,1.815489465380395670e-02,5.234976343118102893e-02,1.224759615803625579e-01,7.016705820298513308e-02,9.587182094484707207e-02,7.291391242489619895e-02,1.093641863654367351e-02,4.809370785673957455e-02,1.986836618409450889e-02,1.194285550535457291e-02,2.312467411834679548e-02,1.112280331350604112e-02,1.613167602016053054e-02,7.936637921599222142e-03,6.976340025485162737e-03,2.005468972840695682e-02,1.353845987337820578e-02,1.561587337712045179e-02,1.140548593538060103e-02,1.522757198634329054e-02,5.876709689038063511e-03,4.998803873378976359e-03,1.174757320238541125e-02,2.237804411435048366e-02,2.369675191278645607e-02,9.945142332279126654e-03,2.790024766846597656e-02,4.101669919192685310e-02,4.363710880383910723e-02,1.039748615821461074e-02,5.643603676245023681e-02,3.353390350536869513e-02,4.583123451335237297e-02,3.124972174029740091e-02,6.933425622717870329e-02,1.850143280873540325e-02,1.800977376130127525e-02,1.785936215006748984e-02,1.104004838847528168e-02,2.144506639331603126e-02,2.840060618511898102e-02,3.933134002070966945e-02,1.833652612126944470e-02,7.025623888032295206e-02,7.388894816987284786e-02,1.329841700045809177e-02,5.457821281349031078e-02,1.379672111152318303e-01,6.687895902286727923e-02,9.169858144898146435e-02,6.070055705908514176e-02,1.391659977250878956e-02,4.627825627255462843e-02
1.271066682128195804e-02,1.988145589959453008e-02,0.000000000000000000e+00,8.266442013789548210e-03,3.399150016244564809e-02,4.520346892852240145e-02,5.386704592689459115e-02,1.237501292841032031e-02,5.919640499913254167e-02,3.284516580073426617e-02,4.514902839512857646e-02,2.489696524010288903e-02,7.437329395534220122e-02,1.872295388091056029e-02,2.184018858455176806e-02,1.656615143836045329e-02,1.158439110166358844e-02,2.932451335639192982e-02,3.198788043819042470e-02,5.404305751656574702e-02,2.209787199390884568e-02,8.246352987552553471e-02,8.371161188985087875e-02,2.097016866107604197e-02,6.009662477371290751e-02,1.394058725414449862e-01,7.945364195282603181e-02,1.078830147135484557e-01,8.239660321677125254e-02,1.274848109439517298e-02,5.447309524482795567e-02,2.175724645528799919e-02,1.360046851844418092e-02,2.595379743540803322e-02,1.262886132857327960e-02,1.908795428150799472e-02,9.086292347484736451e-03,7.730393159288915725e-03,2.191581410632002097e-02,1.530659988736743533e-02,1.769560248485088985e-02,1.302403574092874695e-02,1.751461654910459881e-02,6.706928947971627433e-03,5.501779879016286887e-03,1.390254414181935072e-02,2.555055438752901198e-02,2.735528368502497185e-02,1.158592209699282373e-02,3.197424150089817063e-02,4.707729287858714723e-02,4.973453028495888883e-02,1.177614319604950235e-02,6.402288211287417152e-02,3.768506991371928239e-02,5.149863267289373631e-02,3.597496751118295366e-02,7.834498517431817688e-02,2.139871097565360786e-02,2.086950876728011980e-02,2.055456635600321630e-02,1.267686636085169072e-02,2.427259283321163766e-02,3.208214140764305972e-02,4.512648254814798782e-02,2.158030449960783928e-02,7.904785305592636202e-02,8.349082780784850000e-02,1.558455043028747315e-02,6.154645526335129901e-02,1.573866075293305078e-01,7.621677957963926553e-02,1.033990727423399203e-01,6.893987970461742942e-02,1.577619859516615070e-02,5.287833862641225235e-02
4.763597785124492820e-03,7.153499840242447463e-03,8.266442013789548210e-03,0.000000000000000000e+00,1.273738029828911343e-02,1.688936719826928529e-02,1.995277126666190545e-02,4.788378832022573486e-03,2.253716454520963974e-02,1.222745325209126897e-02,1.743708783756074687e-02,9.267045516187288889e-03,2.762046571289211369e-02,6.681673113667454741e-03,8.479850950641304105e-03,6.184549753920336873e-03,4.272503983546735787e-03,1.108626512521421019e-02,1.214971145619360253e-02,2.032723639916394348e-02,8.212018149503959308e-03,3.120691445011258142e-02,3.218278441361023534e-02,7.804745201969373603e-03,2.234762022471806567e-02,5.255272263763201279e-02,2.990394734192445420e-02,4.030951114474699143e-02,3.095357156825869621e-02,4.403880940200539593e-03,2.052400561627931372e-02,8.259856832079864528e-03,5.362578231478289451e-03,1.018114340994884931e-02,4.820794785055275769e-03,6.731651825298346110e-03,3.346959604199888083e-03,3.048017447907972084e-03,8.411811488241655380e-03,5.925185021225588475e-03,6.798353559432895009e-03,4.957658887468688151e-03,6.461229293826241740e-03,2.527273569224794056e-03,2.164214016291654465e-03,5.086825952408389681e-03,9.521819901202785083e-03,1.019523565739255226e-02,4.341895593135205143e-03,1.184562610967774231e-02,1.756147641388173392e-02,1.843361265412638700e-02,4.566205639501493690e-03,2.413606350597622893e-02,1.403735663307983592e-02,1.979413448709969534e-02,1.350214798374370015e-02,2.923356958308784628e-02,7.907264253390035302e-03,7.973351451084902120e-03,7.638393197752934086e-03,4.750494809776946090e-03,9.237653585505854054e-03,1.222900767248358972e-02,1.695641773457995383e-02,8.037272100063674179e-03,2.974718824699230241e-02,3.178091595834759558e-02,5.805100376528566676e-03,2.328713412323232465e-02,5.954748719402469526e-02,2.857672843277971053e-02,3.825521422999824533e-02,2.566680885727834829e-02,5.707796293722607224e-03,1.983196937281588371e-02
1.972113335949293375e-02,2.981950173334142751e-02,3.399150016244564809e-02,1.273738029828911343e-02,0.000000000000000000e+00,6.804945066958419109e-02,8.369095596142121785e-02,1.946190316526047459e-02,9.141846443133058719e-02,5.191322496222912364e-02,7.131609325006441069e-02,3.882721433028619995e-02,1.139283193365267649e-01,2.791810332582883927e-02,3.359572258064252859e-02,2.549362477235838503e-02,1.829601926809715923e-02,4.601774619754033652e-02,4.969300238496930644e-02,8.161033257307598321e-02,3.411232353060163203e-02,1.266421056399411049e-01,1.302599496040099114e-01,3.216738207949993572e-02,9.209266964256732080e-02,2.141111569083402333e-01,1.212877517056848709e-01,1.664060545376224998e-01,1.263473977583468022e-01,1.902797875949530093e-02,8.453035850868709233e-02,3.480818073248392874e-02,2.173637453026316252e-02,4.138560169108319170e-02,2.008007596381994678e-02,2.884492880152311756e-02,1.422371757287048746e-02,1.229436728870068017e-02,3.518118742318620401e-02,2.403831354444478999e-02,2.787199444562270256e-02,2.039072879605733496e-02,2.666113362680202353e-02,1.048703187471997957e-02,8.846896955668426266e-03,2.060877350362335519e-02,3.869147974947402535e-02,4.136769496805255131e-02,1.802515440044985887e-02,4.994105060758886883e-02,7.257630077971138904e-02,7.673975235167869446e-02,1.862015592445289899e-02,9.874227499168701516e-02,5.861229242257166849e-02,8.150283735796359785e-02,5.527712062078687233e-02,1.210073776827625402e-01,3.289309542405269987e-02,3.083851945980639608e-02,3.133350301692935935e-02,1.940167585830312319e-02,3.812772438323852597e-02,4.918568184879271166e-02,6.843981679724561729e-02,3.266386331755143785e-02,1.211595670333300706e-01,1.290883000405134706e-01,2.357621811775008694e-02,9.569580482414781486e-02,2.422307615415963122e-01,1.164900884166227835e-01,1.583101811657343094e-01,1.057853231315970671e-01,2.396627905603700148e-02,8.090023152875677748e-02
2.636211147003169122e-02,3.919646329532571610e-02,4.520346892852240145e-02,1.688936719826928529e-02,6.804945066958419109e-02,0.000000000000000000e+00,1.086825216917569753e-01,2.538183970044179463e-02,1.209608417612863807e-01,6.556550219973562854e-02,9.127574095278499777e-02,4.992994606598724627e-02,1.495953353177874867e-01,3.675998296047252450e-02,4.483232571093145880e-02,3.359902525605130280e-02,2.303272297479456651e-02,5.964959553308088469e-02,6.550640158868040186e-02,1.102919169835139823e-01,4.440775793882577316e-02,1.688626622120302234e-01,1.732749446640508006e-01,4.300414285324540009e-02,1.213963311658226296e-01,2.841524344344318331e-01,1.618972317348136847e-01,2.187438237456629242e-01,1.671466744162750373e-01,2.488384502590684430e-02,1.107214833118456004e-01,4.529371954329834693e-02,2.817404076279976868e-02,5.387670002345865822e-02,2.639313785287671424e-02,3.793430153432652413e-02,1.829070536514242409e-02,1.604426131626994489e-02,4.538122964889707706e-02,3.168495189027344117e-02,3.671084181216221348e-02,2.678171507425429476e-02,3.512652299682770402e-02,1.346565965879614572e-02,1.161691804547388199e-02,2.806261313652229361e-02,5.244362122712388496e-02,5.574429244474084222e-02,2.333255562220770338e-02,6.385922929937741521e-02,9.625538114012027746e-02,1.001963775345957319e-01,2.390251153592369560e-02,1.313152247200639611e-01,7.517990476861560745e-02,1.048450744397377149e-01,7.209272176438016877e-02,1.584444233958699211e-01,4.268704879304625194e-02,4.232624983757600490e-02,4.192833488105347090e-02,2.553602225262412498e-02,4.949552227629013673e-02,6.521018162490462011e-02,9.195497928848696267e-02,4.287649265617853728e-02,1.618434146081312031e-01,1.714668736754841327e-01,3.197243818255908476e-02,1.252268607307855108e-01,3.214046558474984439e-01,1.558898038858182455e-01,2.090320973698952256e-01,1.403886464423920455e-01,3.167199742352443809e-02,1.074649085955006883e-01
3.101338794315908892e-02,4.730191753757410217e-02,5.386704592689459115e-02,1.995277126666190545e-02,8.369095596142121785e-02,1.086825216917569753e-01,0.000000000000000000e+00,3.072665722044441022e-02,1.450006846667758753e-01,8.098966093348987372e-02,1.114565489851176705e-01,6.109390025103600408e-02,1.797426840251258595e-01,4.423319861544732640e-02,5.283839339592069639e-02,4.040950290936021899e-02,2.880180719210310297e-02,7.247901495498196289e-02,7.825841559644630685e-02,1.299761424274625821e-01,5.390458786278807396e-02,2.003693702693332412e-01,2.053442154719482549e-01,5.083359380666710448e-02,1.459605402572401733e-01,3.383737897802743255e-01,1.922646440629802445e-01,2.627549528431348258e-01,1.997561120371182941e-01,3.015883812756241927e-02,1.327647489382540735e-01,5.428244229816262673e-02,3.392640747476202701e-02,6.472997197134458536e-02,3.144439792931880834e-02,4.568800374393338498e-02,2.222825942977052147e-02,1.917985883091249955e-02,5.508888064084280917e-02,3.778829044459247610e-02,4.409646236997451924e-02,3.231794617604633046e-02,4.240287973940642940e-02,1.651803048160436355e-02,1.380553731391795727e-02,3.280790786285298771e-02,6.166037629354278321e-02,6.589140008919974756e-02,2.827063396668377804e-02,7.782638955620264920e-02,1.147730141350706834e-01,1.210244802673053621e-01,2.904163468681894220e-02,1.556466421152924440e-01,9.250841451021531159e-02,1.268035411564998327e-01,8.723606588771425085e-02,1.911689096492134310e-01,5.180728757736628720e-02,4.923178445162421091e-02,4.969057328953655622e-02,3.070599572389103027e-02,5.976467262560775096e-02,7.761989232186096432e-02,1.083730006413231306e-01,5.171843052020328596e-02,1.909334686869470499e-01,2.033434359904538746e-01,3.714994804604571099e-02,1.505151851115921202e-01,3.820069355530997801e-01,1.845040062665240232e-01,2.504253457522335191e-01,1.674834949533469952e-01,3.778710675691344945e-02,1.279563502206518821e-01
7.503589759049307528e-03,1.112819948267324346e-02,1.237501292841032031e-02,4.788378832022573486e-03,1.946190316526047459e-02,2.538183970044179463e-02,3.072665722044441022e-02,0.000000000000000000e+00,3.327259023879287902e-02,1.883804295891603614e-02,2.563321875781390813e-02,1.456763227362809290e-02,4.229262998338056273e-02,1.052507834527425211e-02,1.255029369785069966e-02,9.306946522161465077e-03,6.615991167616169094e-03,1.664237018031224091e-02,1.785659914447763202e-02,3.029335806673357986e-02,1.283331173220264056e-02,4.648267914103237225e-02,4.743275328686712144e-02,1.230351949976370325e-02,3.406651608231373723e-02,7.973207614901249574e-02,4.475961022970646741e-02,6.109408926701866832e-02,4.611155473981110031e-02,7.090611630907866884e-03,3.080618678408754418e-02,1.243478819407414088e-02,7.928598606045278441e-03,1.498540802137883314e-02,7.292311490941778655e-03,1.081111531921759468e-02,5.160718022675345878e-03,4.445491583743152106e-03,1.266016999388478587e-02,8.657522985884529357e-03,1.026421547246042856e-02,7.593416736519678981e-03,1.021926894373879728e-02,3.906196994345048374e-03,3.213154042477794035e-03,7.815542126888393865e-03,1.454674793505751976e-02,1.549380481462908632e-02,6.707025866429955699e-03,1.826869804175425965e-02,2.704139837015775635e-02,2.849861655856561829e-02,6.763584376887673416e-03,3.608174364567105774e-02,2.136883944879665667e-02,2.969807012065404928e-02,2.072712726112118167e-02,4.452215249038839889e-02,1.236259752275637759e-02,1.199483530357471454e-02,1.165880562010915104e-02,7.142245405357970471e-03,1.397393611802452348e-02,1.805061464392165166e-02,2.529850723346093941e-02,1.253671194086132708e-02,4.458607268043008470e-02,4.757679346401818415e-02,9.010879836676647520e-03,3.498529759583653836e-02,8.988478721449667808e-02,4.315516256926634625e-02,5.846545238448257187e-02,3.887725649394634109e-02,8.762171437595989848e-03,3.011335708879850706e-02
3.401743451906413807e-02,5.243846438216170219e-02,5.919640499913254167e-02,2.253716454520963974e-02,9.141846443133058719e-02,1.209608417612863807e-01,1.450006846667758753e-01,3.327259023879287902e-02,0.000000000000000000e+00,8.866310664400998964e-02,1.214703709102277623e-01,6.621242778016613040e-02,1.980544549744074623e-01,4.921576002107053843e-02,5.846484203096142390e-02,4.490285216642774663e-02,3.153033130477556067e-02,7.987055639072888902e-02,8.670077289165611933e-02,1.454824496667248834e-01,5.857081387984621607e-02,2.232747773690101911e-01,2.273804586294299324e-01,5.599705191902525081e-02,1.610103131838842294e-01,3.737477233672783505e-01,2.144014311644025228e-01,2.910972086386288682e-01,2.221624008549043239e-01,3.333486056525952063e-02,1.460294503759318185e-01,5.962844405318720037e-02,3.723222091910734222e-02,7.047926976257229414e-02,3.451072954785099761e-02,5.076657924739980121e-02,2.433742229516299566e-02,2.118277657857112195e-02,6.003868131291181104e-02,4.166262571793932779e-02,4.828589107958887461e-02,3.509420912995602632e-02,4.630635912595373188e-02,1.797089224262083534e-02,1.510249710686004630e-02,3.609146353869505802e-02,6.883415050883739950e-02,7.303252689472285175e-02,3.095100840744985371e-02,8.515705182894739433e-02,1.265000583689169789e-01,1.334440163565344117e-01,3.168800582406528649e-02,1.728783605812826973e-01,1.013624538709450712e-01,1.394037564338164725e-01,9.500022092674793861e-02,2.105355775925832340e-01,5.667794508481588389e-02,5.469774332244640991e-02,5.528960377020087497e-02,3.409712190316169927e-02,6.588861406933445297e-02,8.653932623429340387e-02,1.214899084876994995e-01,5.620816661219725507e-02,2.141417705162355911e-01,2.255333257353364096e-01,4.126931357521274046e-02,1.664418538163398853e-01,4.225847255874402575e-01,2.056575342287263464e-01,2.782790725743741755e-01,1.856449332658093865e-01,4.236484412593920917e-02,1.414570206148959286e-01
1.875399942204679718e-02,2.919501465721976302e-02,3.284516580073426617e-02,1.222745325209126897e-02,5.191322496222912364e-02,6.556550219973562854e-02,8.098966093348987372e-02,1.883804295891603614e-02,8.866310664400998964e-02,0.000000000000000000e+00,6.888178464729871608e-02,3.700880850704485470e-02,1.102496949441532093e-01,2.750547255604876215e-02,3.251558881432339843e-02,2.491280164220419438e-02,1.762018891234674867e-02,4.464825933865901320e-02,4.836146193460865578e-02,8.046609907707227838e-02,3.313703635394107949e-02,1.234682240560890515e-01,1.260823052416219503e-01,3.070611700659056642e-02,8.973491070971946482e-02,2.076578437005035527e-01,1.176583519891609975e-01,1.613391340818478570e-01,1.231302285351303788e-01,1.836121524114656123e-02,8.110615046936144046e-02,3.296746727586779419e-02,2.066123688479252693e-02,3.908489074277203545e-02,1.889930826470618760e-02,2.823302518484930440e-02,1.358690659108319036e-02,1.158846622596736500e-02,3.350753427877672941e-02,2.320196631180582170e-02,2.651278359247198624e-02,1.936339751731302322e-02,2.598762511017858184e-02,1.005312114244421434e-02,8.348633234872143705e-03,1.980116412636592771e-02,3.781272305685673407e-02,4.008002697297102096e-02,1.729911672984154464e-02,4.817502499491522344e-02,6.960902505809773988e-02,7.430994039826568920e-02,1.774327872102025166e-02,9.531631744769002157e-02,5.725083623087868362e-02,7.791878238620622565e-02,5.283125736038476322e-02,1.175038240147451979e-01,3.179715716096188222e-02,2.979323954565346599e-02,3.050140917937649992e-02,1.886797437408046021e-02,3.674564834383795692e-02,4.772619535242498406e-02,6.620251387198720916e-02,3.131747021005849840e-02,1.177412794806778906e-01,1.241056592339474240e-01,2.244503180407909221e-02,9.282257632962616356e-02,2.334321873817638837e-01,1.127782411745099633e-01,1.547353173247360270e-01,1.022854560705933752e-01,2.346860236720695742e-02,7.807280577329647753e-02
2.627394863350541662e-02,4.051365864778517373e-02,4.514902839512857646e-02,1.743708783756074687e-02,7.131609325006441069e-02,9.127574095278499777e-02,1.114565489851176705e-01,2.563321875781390813e-02,1.214703709102277623e-01,6.888178464729871608e-02,0.000000000000000000e+00,5.204666059581780635e-02,1.525950924804161113e-01,3.816740603123598696e-02,4.483294979882990194e-02,3.418308165629813100e-02,2.407942333855691772e-02,6.100272288456418113e-02,6.557246563922240756e-02,1.097734239767732684e-01,4.565829570681780025e-02,1.689362900643953114e-01,1.719387287416596355e-01,4.302305451705834560e-02,1.233110994227172574e-01,2.858752093776227854e-01,1.619495335826554305e-01,2.219363319799694256e-01,1.683481351027523998e-01,2.549789878526036863e-02,1.121040583491157566e-01,4.550822523908201744e-02,2.882352780393574593e-02,5.455626610553999251e-02,2.650582588800590167e-02,3.925318673425172433e-02,1.903592094672271889e-02,1.610794689075084260e-02,4.581650277942198035e-02,3.199306291020233284e-02,3.721013152851370548e-02,2.702160963383183623e-02,3.620276336502206704e-02,1.400577697993647328e-02,1.155410787206412500e-02,2.776578580163734447e-02,5.209909348660471395e-02,5.605141605197356408e-02,2.414530561559343619e-02,6.659032946265193431e-02,9.659992003186940179e-02,1.028521840538232507e-01,2.459059275776270814e-02,1.314778406141678679e-01,7.817916409731895389e-02,1.077232396641850803e-01,7.394947485115045682e-02,1.615907689556951576e-01,4.429771420778548519e-02,4.203559243328757605e-02,4.188137115510037062e-02,2.605136253044199393e-02,5.057380438341590317e-02,6.549980192051883809e-02,9.194348583614145309e-02,4.404992266560297381e-02,1.617259431525163715e-01,1.716938434321362839e-01,3.180150705556471225e-02,1.274046183604548577e-01,3.232826082190363715e-01,1.558903718475545819e-01,2.122584570066910481e-01,1.402413748057558807e-01,3.202597366599495982e-02,1.083515865426834396e-01
1.478054059148248972e-02,2.157196640959697237e-02,2.489696524010288903e-02,9.267045516187288889e-03,3.882721433028619995e-02,4.992994606598724627e-02,6.109390025103600408e-02,1.456763227362809290e-02,6.621242778016613040e-02,3.700880850704485470e-02,5.204666059581780635e-02,0.000000000000000000e+00,8.333683197510828589e-02,2.069763988384604875e-02,2.569546959949195117e-02,1.870882503715074266e-02,1.303097830267329824e-02,3.334669311130343539e-02,3.621740087453172857e-02,5.999034827422273369e-02,2.597951860610846903e-02,9.266160443360407784e-02,9.614908841377667326e-02,2.398785218505143993e-02,6.715054304088173553e-02,1.584376778764286509e-01,8.782164348826435041e-02,1.209495869338206159e-01,9.180723485215702695e-02,1.352413227378941596e-02,6.151768413676833580e-02,2.526559723308561406e-02,1.587749168058621985e-02,3.042542815519964222e-02,1.445671592914197709e-02,2.112403233043691833e-02,1.020215730137102352e-02,8.948942722401017139e-03,2.571793891426080864e-02,1.793831392242282649e-02,2.071457321175373609e-02,1.497700719511683466e-02,1.960894226858788184e-02,7.627871559741082955e-03,6.448680198677365395e-03,1.560619002786977835e-02,2.840525663552487950e-02,3.017825419627299943e-02,1.300219162183070126e-02,3.615944454688106019e-02,5.257140813559944836e-02,5.607036912402963563e-02,1.365850418702363109e-02,7.181284478544695815e-02,4.262957329702220244e-02,5.919155631146691410e-02,4.102217887284968778e-02,8.866784812089376078e-02,2.399601316695534198e-02,2.342369015775428928e-02,2.278392772111454551e-02,1.391931991453771583e-02,2.768544811089923563e-02,3.593264166448015273e-02,4.962288458584708517e-02,2.475473312536285997e-02,8.781685545154863104e-02,9.448407359488014690e-02,1.754215040051716745e-02,6.915681742243162677e-02,1.783843389817556246e-01,8.448171970865943348e-02,1.159840874066543487e-01,7.641363797608159703e-02,1.730647839099926782e-02,5.943577061959199465e-02
4.276768450757347656e-02,6.458046718011591081e-02,7.437329395534220122e-02,2.762046571289211369e-02,1.139283193365267649e-01,1.495953353177874867e-01,1.797426840251258595e-01,4.229262998338056273e-02,1.980544549744074623e-01,1.102496949441532093e-01,1.525950924804161113e-01,8.333683197510828589e-02,0.000000000000000000e+00,6.098053145672856223e-02,7.331346469289108658e-02,5.537982461415068974e-02,3.888321850836677640e-02,9.934746931694087013e-02,1.076831078553635995e-01,1.799014266895298253e-01,7.361031819528961184e-02,2.762185217068839349e-01,2.838727706565386533e-01,7.009713914153366254e-02,2.004450514601196220e-01,4.656813483247826957e-01,2.653601079060366463e-01,3.603953414815574408e-01,2.752429501633892328e-01,4.061273547223848146e-02,1.825016879824867821e-01,7.408439018138610055e-02,4.676000644482612018e-02,8.932450586892816402e-02,4.313124422365944427e-02,6.262557253785440425e-02,3.035684075205587196e-02,2.654087123260827352e-02,7.526982976152848948e-02,5.213703107860902242e-02,6.053067403387239753e-02,4.427934172379176941e-02,5.818560182014567705e-02,2.256412226132642473e-02,1.917426015335934111e-02,4.535676654167487831e-02,8.519499411926803600e-02,9.069376614452927254e-02,3.876878063781514366e-02,1.058329574494598774e-01,1.566485276722184850e-01,1.650163761991886580e-01,3.981594862603757973e-02,2.139630577214786666e-01,1.266466281018432394e-01,1.738788092827467657e-01,1.197370848539786037e-01,2.622800350933974789e-01,7.057284650296972994e-02,6.844617175272039999e-02,6.849643702564243986e-02,4.205968137763434894e-02,8.209260994781894527e-02,1.072645742390693074e-01,1.499405313648540239e-01,7.051959933724046004e-02,2.642150189016623796e-01,2.811222938513472380e-01,5.136118984618390226e-02,2.073789345883642887e-01,5.266897980182771999e-01,2.540722183727603389e-01,3.445132022505209002e-01,2.293569585862215432e-01,5.190821423735852286e-02,1.767527847340717440e-01
1.046141983668325351e-02,1.573781626868777511e-02,1.872295388091056029e-02,6.681673113667454741e-03,2.791810332582883927e-02,3.675998296047252450e-02,4.423319861544732640e-02,1.052507834527425211e-02,4.921576002107053843e-02,2.750547255604876215e-02,3.816740603123598696e-02,2.069763988384604875e-02,6.098053145672856223e-02,0.000000000000000000e+00,1.822660717527867236e-02,1.363840666200494961e-02,9.528186122714636316e-03,2.455152101827979758e-02,2.740934660704845080e-02,4.491139126370768953e-02,1.817565131929373135e-02,6.877184184822467128e-02,7.080985423395017020e-02,1.708503359414230080e-02,4.926617891940732186e-02,1.153636025453427943e-01,6.617906820826226222e-02,8.970396070408337419e-02,6.864105984054201526e-02,1.014650550420018345e-02,4.512440508825608931e-02,1.821132056506446356e-02,1.159874848160412364e-02,2.203059328679023154e-02,1.053738260362729537e-02,1.469411488198680421e-02,7.509470634723770799e-03,6.670919100702339677e-03,1.861676190333364997e-02,1.271233063491604073e-02,1.485765593648399538e-02,1.086706490815594547e-02,1.447574405074356085e-02,5.676135922489076134e-03,4.716113490098917255e-03,1.088873367499740459e-02,2.103934125048982293e-02,2.256059218226811464e-02,9.659332870303558027e-03,2.618390534387218457e-02,3.892648106565209376e-02,4.086438124064633443e-02,9.895170473521053972e-03,5.323873301480785275e-02,3.134478964939470952e-02,4.348495491326873075e-02,2.954058535500812821e-02,6.481917373075420097e-02,1.755607243064872050e-02,1.680481749857580184e-02,1.684308869937263878e-02,1.046819797818351709e-02,2.043362888274324538e-02,2.673006997912033902e-02,3.678372097836289656e-02,1.710013746663295933e-02,6.568553464977833212e-02,6.927207181355053700e-02,1.227170542793398246e-02,5.165201425020981424e-02,1.295780679936014701e-01,6.292469449487436695e-02,8.522080468779578977e-02,5.682014954336492979e-02,1.262091830680076888e-02,4.348207311992996482e-02
1.373371370522934176e-02,1.968136911171882233e-02,2.184018858455176806e-02,8.479850950641304105e-03,3.359572258064252859e-02,4.483232571093145880e-02,5.283839339592069639e-02,1.255029369785069966e-02,5.846484203096142390e-02,3.251558881432339843e-02,4.483294979882990194e-02,2.569546959949195117e-02,7.331346469289108658e-02,1.822660717527867236e-02,0.000000000000000000e+00,1.665163403354210508e-02,1.122061856977064377e-02,2.846907423321706765e-02,3.119967595939013641e-02,5.354338121956883634e-02,2.321825055136300317e-02,8.232365763558190108e-02,8.407089313251304985e-02,2.216874166848816982e-02,5.909534475172857626e-02,1.408286132774079491e-01,7.893143946038636005e-02,1.064435290223220837e-01,8.026054456814483984e-02,1.249167471331614175e-02,5.421765636333784888e-02,2.171315614936817837e-02,1.374994737012114054e-02,2.661384667716688510e-02,1.260704984631776798e-02,1.870393362194595205e-02,8.917111924548699886e-03,8.001666365698850703e-03,2.193804645019763883e-02,1.515336127786558532e-02,1.816738489722140651e-02,1.300546165722663364e-02,1.727966970284328801e-02,6.456226951797833062e-03,5.716227691970507743e-03,1.486348271441668804e-02,2.535929668634633385e-02,2.733930420169884690e-02,1.141178460030014066e-02,3.174189938256614940e-02,4.634891159895928453e-02,4.915551824873606868e-02,1.212800401193193933e-02,6.327460517774233240e-02,3.684699142746076378e-02,5.167819407448935587e-02,3.727204382099524177e-02,7.722960711671472689e-02,2.117279406648350099e-02,2.247944263009065552e-02,2.034800660853352400e-02,1.228197179878542239e-02,2.388525627567914672e-02,3.170907824812011638e-02,4.471798656998811350e-02,2.306836325796981016e-02,7.843523386152663479e-02,8.444908498054172485e-02,1.682160535277465660e-02,6.067244711841781463e-02,1.600372759154727598e-01,7.564094695945117186e-02,1.021179377111135628e-01,6.777750510444022214e-02,1.539595178579919975e-02,5.267392463391742941e-02
9.545521333679354500e-03,1.464512741451351810e-02,1.656615143836045329e-02,6.184549753920336873e-03,2.549362477235838503e-02,3.359902525605130280e-02,4.040950290936021899e-02,9.306946522161465077e-03,4.490285216642774663e-02,2.491280164220419438e-02,3.418308165629813100e-02,1.870882503715074266e-02,5.537982461415068974e-02,1.363840666200494961e-02,1.665163403354210508e-02,0.000000000000000000e+00,8.741551706709040429e-03,2.207939811120360196e-02,2.429163664350467849e-02,4.065975203529836879e-02,1.670377058879425267e-02,6.213741769324078457e-02,6.366426866942520579e-02,1.569817343584995958e-02,4.475408262550294169e-02,1.049085856724346899e-01,5.961161334847443760e-02,8.144232865738454397e-02,6.194876976941375568e-02,9.292081920874026985e-03,4.095204457614180782e-02,1.663951875128837771e-02,1.025442792638130499e-02,1.966398829266344586e-02,9.566203391496041000e-03,1.401490642047721787e-02,6.781496160265227009e-03,5.963901247133724694e-03,1.677372239395974809e-02,1.156110900108534185e-02,1.342607998156064922e-02,9.722161337395927166e-03,1.296455969327371151e-02,5.020652103725101872e-03,4.198212063421025153e-03,1.006758858710857241e-02,1.931685389272077766e-02,2.008732535671453601e-02,8.547596671651636405e-03,2.393904752152270152e-02,3.516705823606910974e-02,3.710838651015805484e-02,8.880801105236145118e-03,4.798512499332473202e-02,2.848838112492918517e-02,3.907492181201760451e-02,2.677515875743714455e-02,5.880292822499492977e-02,1.579034611079726744e-02,1.539539929480989583e-02,1.541172511850464819e-02,9.509741585783717047e-03,1.833385463644060520e-02,2.400706069004186413e-02,3.372007885621660511e-02,1.577023998331875121e-02,5.992792837188167659e-02,6.297342266061484173e-02,1.151846067314608174e-02,4.633901657720222722e-02,1.180954827597102408e-01,5.716021362625621494e-02,7.783386291533354873e-02,5.161427698279791310e-02,1.184793543546839960e-02,3.978596333749454678e-02
6.563158886982464399e-03,1.021540622096372627e-02,1.158439110166358844e-02,4.272503983546735787e-03,1.829601926809715923e-02,2.303272297479456651e-02,2.880180719210310297e-02,6.615991167616169094e-03,3.153033130477556067e-02,1.762018891234674867e-02,2.407942333855691772e-02,1.303097830267329824e-02,3.888321850836677640e-02,9.528186122714636316e-03,1.122061856977064377e-02,8.741551706709040429e-03,0.000000000000000000e+00,1.565080975621740283e-02,1.714093922717675050e-02,2.819647687995919041e-02,1.144652647344468997e-02,4.347416645613987746e-02,4.440425417626434751e-02,1.081593192845979080e-02,3.175494538724821236e-02,7.333271149343215112e-02,4.156417696186862076e-02,5.738123054152082653e-02,4.358659631740088164e-02,6.333074104351541465e-03,2.866353134045302245e-02,1.191335087590438511e-02,7.157567397940274578e-03,1.376345805958106676e-02,6.662485736934568165e-03,9.788364155361198651e-03,4.826624390224890440e-03,4.136456081756625068e-03,1.188197880297714622e-02,8.092347079455181752e-03,9.228837189332353766e-03,6.730939828857559863e-03,8.997334460731422692e-03,3.544858475400333372e-03,2.996752775851731481e-03,6.948414067481279224e-03,1.346363234442702131e-02,1.412769162646612155e-02,6.089454241336121447e-03,1.674718366379999990e-02,2.480829638976046400e-02,2.616831770837208318e-02,6.238797722221449231e-03,3.390601695836190088e-02,2.017317707095291068e-02,2.764197620554439266e-02,1.868943705343160608e-02,4.162832108420701227e-02,1.090832163708881086e-02,1.028875012234301521e-02,1.073147831359857335e-02,6.704610330819781895e-03,1.300591971435318371e-02,1.700055842614154114e-02,2.352726273452123915e-02,1.081542562425900564e-02,4.189891571712409113e-02,4.398240875454960397e-02,7.921022684862158089e-03,3.283121966142513865e-02,8.244266524088517123e-02,4.033534122732976290e-02,5.472101495947515049e-02,3.620228276919256610e-02,8.284376983772698266e-03,2.758420825908853777e-02
1.688159631882647782e-02,2.599221247832961962e-02,2.932451335639192982e-02,1.108626512521421019e-02,4.601774619754033652e-02,5.964959553308088469e-02,7.247901495498196289e-02,1.664237018031224091e-02,7.987055639072888902e-02,4.464825933865901320e-02,6.100272288456418113e-02,3.334669311130343539e-02,9.934746931694087013e-02,2.455152101827979758e-02,2.846907423321706765e-02,2.207939811120360196e-02,1.565080975621740283e-02,0.000000000000000000e+00,4.253693238219179856e-02,7.177930883819373664e-02,2.927116929588453875e-02,1.104161511763408487e-01,1.124887067920893741e-01,2.780960175338935761e-02,8.048261492456289246e-02,1.864982101506588441e-01,1.059068645801765629e-01,1.449261110357592808e-01,1.104742738608917585e-01,1.617379431717567984e-02,7.315538013091750502e-02,2.970244891934591472e-02,1.854611291292562400e-02,3.527032693805741415e-02,1.731324407078966079e-02,2.511335192964413848e-02,1.222609956462726924e-02,1.040172895138420997e-02,3.003447300016311161e-02,2.061835878036518896e-02,2.404684966097413515e-02,1.771776266452626883e-02,2.305292671765591869e-02,9.120141647375321764e-03,7.508624555346346367e-03,1.795045857344663986e-02,3.425067141974498519e-02,3.594280123840743607e-02,1.556966713092407251e-02,4.240338571829248976e-02,6.310928946972066411e-02,6.626641316896715594e-02,1.599360397522794214e-02,8.507039040915626016e-02,5.077660064992770700e-02,6.943458691176251918e-02,4.759141056721131330e-02,1.044412850156014178e-01,2.803609590348473540e-02,2.685229905580814938e-02,2.748580684791877490e-02,1.696822532528714442e-02,3.303106431399498166e-02,4.242519558475799785e-02,6.018987682959402175e-02,2.801501541542116350e-02,1.058078500467517918e-01,1.120082924400056384e-01,2.026410550590957912e-02,8.332001071827671579e-02,2.109116768910401229e-01,1.019638320324521841e-01,1.376450800009424436e-01,9.220996422447179375e-02,2.071676021977925108e-02,7.069937775959254933e-02
1.840241700889874710e-02,2.880954111468857562e-02,3.198788043819042470e-02,1.214971145619360253e-02,4.969300238496930644e-02,6.550640158868040186e-02,7.825841559644630685e-02,1.785659914447763202e-02,8.670077289165611933e-02,4.836146193460865578e-02,6.557246563922240756e-02,3.621740087453172857e-02,1.076831078553635995e-01,2.740934660704845080e-02,3.119967595939013641e-02,2.429163664350467849e-02,1.714093922717675050e-02,4.253693238219179856e-02,0.000000000000000000e+00,7.815135701400163781e-02,3.202701337895706019e-02,1.196271896211889701e-01,1.210158114351277819e-01,3.037117007746910000e-02,8.729859952468524420e-02,2.011676164009420786e-01,1.156156387927332052e-01,1.570918258013097035e-01,1.194969648902058507e-01,1.888676061519869651e-02,7.881147403529198403e-02,3.160563942116333125e-02,1.993602409236843592e-02,3.740480126567162500e-02,1.836614309577810217e-02,2.805042740741546525e-02,1.326773966572769754e-02,1.122935700498803833e-02,3.175155376732677337e-02,2.212196577663781694e-02,2.585238332667991537e-02,1.890220583601069648e-02,2.580149260640691652e-02,9.780430861920715035e-03,7.942871490544040070e-03,1.962739128897085517e-02,3.722316926320835828e-02,4.004769656793762123e-02,1.700236500526175476e-02,4.672036769660541794e-02,6.868870516849368002e-02,7.267167150153401589e-02,1.697994828719096710e-02,9.329391052312020760e-02,5.494743074428801166e-02,7.511716200494009121e-02,5.193713362170981895e-02,1.140174442815896777e-01,3.168677910524787117e-02,2.981642010843841770e-02,3.011690903507577288e-02,1.847238039345722865e-02,3.547278717499818823e-02,4.643519794387985372e-02,6.518605112557819548e-02,3.121087096605130312e-02,1.150794116802442424e-01,1.206215687110666901e-01,2.262368144960835714e-02,8.939285036745969748e-02,2.271962785973866139e-01,1.110028103191056520e-01,1.505944562152086719e-01,1.002340749056945118e-01,2.301924762473379210e-02,7.657851023716233385e-02
3.147235062949643031e-02,4.788291249509435410e-02,5.404305751656574702e-02,2.032723639916394348e-02,8.161033257307598321e-02,1.102919169835139823e-01,1.299761424274625821e-01,3.029335806673357986e-02,1.454824496667248834e-01,8.046609907707227838e-02,1.097734239767732684e-01,5.999034827422273369e-02,1.799014266895298253e-01,4.491139126370768953e-02,5.354338121956883634e-02,4.065975203529836879e-02,2.819647687995919041e-02,7.177930883819373664e-02,7.815135701400163781e-02,0.000000000000000000e+00,5.419050715053436856e-02,2.020756338312631739e-01,2.052488025606491739e-01,5.108645517697735922e-02,1.451651445004654428e-01,3.397408418502720906e-01,1.949946779314392920e-01,2.626453907006611743e-01,2.009013309410315473e-01,3.046448706441788612e-02,1.323542647840597608e-01,5.269115561587329327e-02,3.284621273403338232e-02,6.323495802093404006e-02,3.046180755726996675e-02,4.566318089666192293e-02,2.195649437247381916e-02,1.880684122301087141e-02,5.288679811604410363e-02,3.668382372798426744e-02,4.309071814202489886e-02,3.136917974114677987e-02,4.199853109370259296e-02,1.603817308061079860e-02,1.335228927480204726e-02,3.379034392168443063e-02,6.295599593035833275e-02,6.665635650828305447e-02,2.795985360650507512e-02,7.629799159388625518e-02,1.136982844362477291e-01,1.199602385398572391e-01,2.879453619321782273e-02,1.560860519345139419e-01,9.189419585431846116e-02,1.245554487494870410e-01,8.733618784070698582e-02,1.900035159795491202e-01,5.102038991896312714e-02,5.059642409994143802e-02,5.035955488200902913e-02,3.089823854331112674e-02,5.908529175640002407e-02,7.800563108921912403e-02,1.099635510558275020e-01,5.231749119175624352e-02,1.931472236527459752e-01,2.041678659582782385e-01,3.787416926967217268e-02,1.500042875868047298e-01,3.824696826724798826e-01,1.867296868604553517e-01,2.515182438074141102e-01,1.677744251046753288e-01,3.818325889779092264e-02,1.289194850264570313e-01
1.370852892609875605e-02,1.927311536658234126e-02,2.209787199390884568e-02,8.212018149503959308e-03,3.411232353060163203e-02,4.440775793882577316e-02,5.390458786278807396e-02,1.283331173220264056e-02,5.857081387984621607e-02,3.313703635394107949e-02,4.565829570681780025e-02,2.597951860610846903e-02,7.361031819528961184e-02,1.817565131929373135e-02,2.321825055136300317e-02,1.670377058879425267e-02,1.144652647344468997e-02,2.927116929588453875e-02,3.202701337895706019e-02,5.419050715053436856e-02,0.000000000000000000e+00,8.270314897284956890e-02,8.567154371269697366e-02,2.194859347908109312e-02,5.999105659237977117e-02,1.428417137292211925e-01,7.937799368605316652e-02,1.072709289621032458e-01,8.122890732469627284e-02,1.209160803152236827e-02,5.427480223402664228e-02,2.248917069645379671e-02,1.381399413869102352e-02,2.654636361700708422e-02,1.263500623641197577e-02,1.850668194658607740e-02,8.953312701663440620e-03,7.979566596243062304e-03,2.278466338794525245e-02,1.529210373861375656e-02,1.803471663622828111e-02,1.309547293584329732e-02,1.756490764443805960e-02,6.735306565284798069e-03,5.787207658340868741e-03,1.462867866612880229e-02,2.542063532554653116e-02,2.722073488136647970e-02,1.149865064308653630e-02,3.207602847839357424e-02,4.683761891426399537e-02,4.961516107164407746e-02,1.207824372539196937e-02,6.378519239253926942e-02,3.791268287514040075e-02,5.239663211727234315e-02,3.746460252496800619e-02,7.849191155134868647e-02,2.125564196947473533e-02,2.179361242490821665e-02,2.067177992248446505e-02,1.247839255066228274e-02,2.445215670701695113e-02,3.182822533601051274e-02,4.476806515991746394e-02,2.279232355126779158e-02,7.869683919698099162e-02,8.494542406356325737e-02,1.630845848517208790e-02,6.183079916383065616e-02,1.601897692539628049e-01,7.566182270537247234e-02,1.037025721231820546e-01,6.834726808325489178e-02,1.543326145160894142e-02,5.273831274748104481e-02
