0.000000000000000000e+00,1.511026270364415267e-02,8.391947526133524196e-03,4.324462947993604027e-03,1.979480315895870354e-02,2.643708542813315646e-02,2.577250498621865699e-02,5.612394919129563842e-03,3.149208863716509987e-02,1.856143036741729480e-02,2.382343335708302437e-02,1.581771959734850491e-02,3.588964266720957863e-02,1.185568204718068924e-02,1.371913415305386214e-02,8.266100041562850567e-03,7.077002309866740545e-03,1.233945174258753788e-02,1.197581022584853772e-02,3.228698167704965871e-02,9.181708352782081556e-03,5.372389948866018727e-02,3.973732016453860455e-02,1.221857745078457590e-02,3.339764270197407431e-02,6.784543507681525809e-02,4.026664447709808053e-02,5.337592598106454672e-02,3.717793986136599255e-02,8.550558302870213054e-03,2.574992431662967776e-02,1.322645809489813445e-02,6.902441346251285068e-03,1.339333388240414313e-02,7.631236741286110195e-03,1.146002392790738261e-02,4.129810789138355608e-03,3.838560585766929295e-03,1.131088834038114152e-02,9.280365658386221031e-03,1.195993296690611371e-02,5.611919388189843053e-03,7.680296961256015409e-03,2.041374130155027260e-03,3.577236379715977542e-03,7.271157224445899681e-03,1.146175623981245985e-02,1.387359488872611651e-02,6.670551504044675180e-03,1.986698632331648784e-02,2.512893964872425778e-02,2.553715015525266641e-02,7.084795852328150401e-03,3.638708278570151194e-02,1.875962109481071546e-02,3.203731962097072783e-02,2.188368294643256926e-02,3.988627178786356697e-02,1.258524774557112993e-02,1.560759244704790043e-02,1.151172202638838654e-02,5.867761983836039530e-03,1.258897651971242412e-02,1.399225855051863809e-02,3.069316003188693465e-02,1.456646467938337020e-02,5.128292891919244978e-02,4.437388649246019195e-02,1.095774879077079760e-02,3.196772189282453408e-02,7.698435973437314783e-02,4.089239044442362359e-02,5.839357451274215099e-02,3.392469514476083303e-02,9.577216271860455529e-03,2.658474539364383271e-02
1.511026270364415267e-02,0.000000000000000000e+00,2.548090823735367841e-02,1.375413158454740284e-02,5.904499509857757261e-02,7.988438555551849451e-02,7.755111701597634799e-02,1.546237203861596833e-02,9.606760193738023146e-02,5.647849382738764218e-02,7.090910710012282570e-02,4.738436365998732747e-02,1.096535436244782946e-01,3.677586248937295132e-02,3.912713257479676077e-02,2.553845546573462605e-02,2.137302967130389614e-02,3.722763364939646324e-02,3.614929187503544694e-02,1.000666145228462506e-01,2.745714596143142283e-02,1.611724537484346964e-01,1.162410212720511593e-01,3.550189820686602132e-02,1.003268490376022642e-01,1.984301792488505356e-01,1.238241852993849368e-01,1.617508925452311175e-01,1.134624403624095862e-01,2.653412022424391642e-02,7.706181419836781454e-02,3.768804842642867886e-02,2.040359210116671901e-02,3.999771180123127406e-02,2.224867723226295682e-02,3.583378272052421820e-02,1.280854702011492187e-02,1.080566396127435359e-02,3.302486665302945684e-02,2.688217249047383794e-02,3.608053575231522092e-02,1.735370516795758933e-02,2.448580293095859242e-02,6.631983153810565995e-03,1.025887744296886429e-02,2.160694516632956363e-02,3.537714179999651432e-02,4.298091099012665145e-02,1.950717638208348398e-02,5.903457746610678986e-02,7.476890336822422656e-02,7.716260510609770917e-02,2.141656609696247077e-02,1.071757212807410015e-01,5.790115581321468585e-02,9.459413509251426988e-02,6.544519408707208386e-02,1.196620293929156198e-01,3.858917775157479774e-02,4.660094722602910883e-02,3.537137345483473694e-02,1.832226841953676910e-02,3.758508710434724231e-02,4.278307086205886817e-02,9.280225492499274975e-02,4.364586331826224297e-02,1.548683117010011823e-01,1.338955595199650683e-01,3.231450916489481129e-02,9.646203338317661802e-02,2.290827722630981444e-01,1.238470312868465845e-01,1.749524375121789821e-01,1.027542240666830253e-01,2.894915688839343193e-02,8.091720122357640155e-02
8.391947526133524196e-03,2.548090823735367841e-02,0.000000000000000000e+00,7.473590112211943304e-03,3.275305601529194394e-02,4.390775902046894358e-02,4.265065546306492233e-02,8.787419498828634087e-03,5.268783572834987577e-02,3.016380859310666823e-02,3.924901295247894273e-02,2.592093101998135460e-02,5.947484599292888335e-02,2.000412355791037974e-02,2.193911847533870987e-02,1.393417292209250119e-02,1.144748271157973452e-02,2.004727217887221705e-02,2.018293208203752326e-02,5.406753658802627288e-02,1.502337806740288231e-02,8.883725140061814185e-02,6.487031971758303039e-02,1.945451322460646851e-02,5.502202735861985022e-02,1.099978131694509809e-01,6.681855167118372352e-02,8.788149836763579914e-02,6.242337723747062167e-02,1.428025259534607648e-02,4.235488242610193493e-02,2.123185390854289561e-02,1.120345307735579055e-02,2.224710749400829468e-02,1.240648845821046634e-02,1.927827462766629543e-02,7.013788825518763557e-03,6.117673610643783490e-03,1.841437772834717684e-02,1.518556984327944226e-02,2.001199029461207465e-02,9.501951582969085999e-03,1.315367555046848512e-02,3.566553116209937591e-03,5.877274045512379495e-03,1.185028321452987789e-02,1.922804590434871314e-02,2.337472768819034291e-02,1.086816370980925317e-02,3.274012817448383739e-02,4.120591129249549095e-02,4.268670392288878568e-02,1.185548100676389431e-02,5.969575511409200980e-02,3.096088069230994513e-02,5.249292691466680288e-02,3.592099303709987701e-02,6.597511137177711205e-02,2.099853619124856380e-02,2.540692659304316994e-02,1.918481557746799099e-02,9.684964515232331525e-03,2.065629360014117205e-02,2.361149346243001171e-02,5.073850525992062294e-02,2.363603894041268680e-02,8.502979288675800718e-02,7.465978673736030358e-02,1.813428166886273812e-02,5.261080413493325614e-02,1.273975344994494885e-01,6.740104161200241584e-02,9.625962275310616378e-02,5.631850967176824097e-02,1.605173930317240968e-02,4.449263651620830734e-02
4.324462947993604027e-03,1.375413158454740284e-02,7.473590112211943304e-03,0.000000000000000000e+00,1.739604853753772690e-02,2.315771927553832155e-02,2.267241073408715613e-02,4.705080938000399081e-03,2.835224867695693846e-02,1.652452718365859247e-02,2.113640758202344969e-02,1.395014739349277784e-02,3.183070473900104225e-02,1.066338921156880643e-02,1.165001769652948896e-02,7.306940817379261981e-03,6.302346420646995004e-03,1.078484680075946986e-02,1.060541328443893698e-02,2.888257112472948987e-02,7.929356391290765665e-03,4.737406189638981163e-02,3.483583128961079134e-02,1.023988130078203052e-02,2.947135759679936351e-02,5.817448620271882531e-02,3.563595097787863181e-02,4.706311714494145620e-02,3.285213047949270271e-02,7.623882217956313816e-03,2.245507279910437248e-02,1.164531013813124329e-02,6.128229792653516403e-03,1.190084063949175749e-02,6.661709499780750672e-03,1.005360598931783443e-02,3.583392138534020974e-03,3.316637125732676324e-03,1.002486916621268820e-02,8.100749460819726966e-03,1.081410060032875903e-02,4.953956174060516679e-03,7.007592573952128000e-03,1.875002477513324634e-03,3.137357815123194976e-03,6.316746449675281205e-03,1.027882242555702187e-02,1.233090121030092946e-02,5.803938159787623910e-03,1.748478548928959070e-02,2.215911887669795924e-02,2.279666487642472567e-02,6.337879847819020106e-03,3.191803254365052633e-02,1.685950529542264500e-02,2.850293490299629293e-02,1.937063462068768643e-02,3.559626268264895477e-02,1.119378886727479504e-02,1.356820593811522771e-02,1.033269507580191794e-02,5.344798403938665933e-03,1.105878913628789532e-02,1.250817943717377582e-02,2.740984808107876924e-02,1.283643268137600081e-02,4.563823961457929429e-02,3.934361140530151513e-02,9.557523974053697136e-03,2.833237828836101396e-02,6.733193758291101949e-02,3.626004248140481112e-02,5.194279095193577583e-02,2.980252532557804007e-02,8.501809014736384784e-03,2.377407116471058277e-02
1.979480315895870354e-02,5.904499509857757261e-02,3.275305601529194394e-02,1.739604853753772690e-02,0.000000000000000000e+00,1.009960504592219421e-01,1.006272655618391521e-01,2.042549552812657904e-02,1.231922277391782061e-01,7.270105686784113230e-02,9.213028690196448101e-02,6.098824576491901350e-02,1.409358206353807375e-01,4.631827411475245709e-02,4.965237003254502346e-02,3.236326695878784243e-02,2.768860447571503194e-02,4.795113530573150151e-02,4.658504496275601980e-02,1.236827863316293241e-01,3.541637490273174399e-02,2.031980427953700707e-01,1.495499045375063285e-01,4.577565232174698323e-02,1.285917476499063572e-01,2.544635701944468753e-01,1.550237845081307853e-01,2.057399255999123877e-01,1.440186769347064355e-01,3.334109585135355130e-02,9.802776715405732422e-02,5.020125975626880954e-02,2.641603639935329387e-02,5.122651380705661728e-02,2.895972273344386838e-02,4.517275441170175154e-02,1.644957810574465551e-02,1.425546017839135829e-02,4.344202429984540814e-02,3.460292769940492841e-02,4.615840275374181317e-02,2.182268575911653838e-02,3.113652891580056398e-02,8.543218931194269256e-03,1.316879678689305416e-02,2.785204324512345966e-02,4.515260582700807157e-02,5.428672515756433753e-02,2.534027571386625322e-02,7.687291282538349924e-02,9.614975869227869454e-02,1.002931265329953803e-01,2.715087089801829223e-02,1.379729208146791009e-01,7.445814912182864564e-02,1.236180791689550501e-01,8.394191798912192803e-02,1.541576892622386896e-01,4.932638030997811562e-02,5.801996949012738075e-02,4.458376431233353893e-02,2.334936002580169714e-02,4.802830505215436446e-02,5.518301005577297413e-02,1.174256998030252103e-01,5.630259965974877823e-02,1.947116242700908384e-01,1.702843413836779007e-01,4.155850937716335652e-02,1.236471384337987228e-01,2.934028754591362365e-01,1.572535498514198160e-01,2.247957927394353961e-01,1.303614140690805556e-01,3.714064230071039557e-02,1.029558727415329639e-01
2.643708542813315646e-02,7.988438555551849451e-02,4.390775902046894358e-02,2.315771927553832155e-02,1.009960504592219421e-01,0.000000000000000000e+00,1.334144589700803629e-01,2.751209896464517843e-02,1.670826078171187556e-01,9.578457672625996511e-02,1.210573387156915898e-01,8.050142150898302595e-02,1.877262270480212492e-01,6.193971657211308490e-02,6.730598558198040704e-02,4.430728859431376510e-02,3.640692032250931326e-02,6.479397914382863111e-02,6.269091091653113124e-02,1.708188639770865658e-01,4.739658639299799275e-02,2.787491642749406195e-01,2.013464944128300349e-01,6.162831339582355156e-02,1.749818271541285497e-01,3.465010342545404853e-01,2.129111273100417479e-01,2.770978993369514476e-01,1.964194397485763133e-01,4.498033944539706064e-02,1.320078224657037502e-01,6.625074626002952494e-02,3.531968010390440504e-02,6.871178136444804074e-02,3.893522144394724604e-02,6.022116478424685559e-02,2.198413731281697800e-02,1.851343149580955000e-02,5.652994859035930658e-02,4.650953711139182989e-02,6.128264434458594034e-02,2.932267300926960293e-02,4.129172240462693905e-02,1.138957949224169396e-02,1.782721768418865649e-02,3.751441292955273732e-02,6.055441921868502664e-02,7.445243990062419548e-02,3.357144251614254532e-02,1.004506030307744241e-01,1.313420052917793068e-01,1.326876530493099615e-01,3.689512052294017380e-02,1.869104793056443337e-01,9.667649669650084376e-02,1.614378492857243830e-01,1.101917300465620891e-01,2.053744008881789318e-01,6.535458526441831340e-02,7.912826220447027881e-02,6.015427847532132249e-02,3.114254565226001054e-02,6.512733796126118913e-02,7.381410407581409650e-02,1.596963368306194286e-01,7.441320512712953916e-02,2.667004038350871964e-01,2.325480188980824647e-01,5.572031817259473496e-02,1.646887623632687925e-01,3.962341255116045846e-01,2.149221225264112134e-01,2.982419385101959253e-01,1.780686891341903832e-01,4.967216587199289185e-02,1.390644785760037361e-01
2.577250498621865699e-02,7.755111701597634799e-02,4.265065546306492233e-02,2.267241073408715613e-02,1.006272655618391521e-01,1.334144589700803629e-01,0.000000000000000000e+00,2.720966759369078045e-02,1.628295974531840939e-01,9.518778676349064216e-02,1.214313713692247026e-01,8.019762791394668966e-02,1.844847530081437925e-01,6.088004860136952273e-02,6.580118906716177218e-02,4.266437276416193414e-02,3.609240406658482947e-02,6.308010357192787854e-02,6.085977322978394777e-02,1.633758260239552285e-01,4.680162719639815311e-02,2.695107949394953684e-01,1.983344860055633874e-01,6.010869643704389725e-02,1.696025971234051966e-01,3.362200195408602266e-01,2.035581598614741305e-01,2.709656466685659293e-01,1.891467256285323251e-01,4.331869019973112050e-02,1.281680505026532302e-01,6.663207172468088579e-02,3.490904253038380756e-02,6.773507328363125024e-02,3.828698133245417995e-02,5.919925912468389229e-02,2.168220361699305099e-02,1.880786386074074709e-02,5.751724781227759292e-02,4.583779998757524232e-02,6.080937285317130486e-02,2.837885769533280214e-02,4.079571869347525803e-02,1.120626633148254225e-02,1.744111500548195179e-02,3.646366165898758116e-02,5.963023918585381999e-02,7.090052134278553020e-02,3.324952588411934917e-02,1.012250737141727058e-01,1.269456009647850769e-01,1.319299485481845724e-01,3.603323261249650328e-02,1.820613962740472713e-01,9.722212101007918217e-02,1.624370328123385387e-01,1.101553452945664147e-01,2.029940347423343783e-01,6.511525381846991478e-02,7.650771568959696678e-02,5.881973818593349418e-02,3.047440739037179241e-02,6.324965862191259114e-02,7.195221936970928878e-02,1.552860916366806121e-01,7.412292656989268036e-02,2.578776834922747452e-01,2.257567213057485866e-01,5.464612117111147110e-02,1.631541083813066173e-01,3.866292041799075374e-01,2.068729002671040595e-01,2.957216090749212878e-01,1.708069714975049835e-01,4.873706149611371774e-02,1.352761576192066661e-01
5.612394919129563842e-03,1.546237203861596833e-02,8.787419498828634087e-03,4.705080938000399081e-03,2.042549552812657904e-02,2.751209896464517843e-02,2.720966759369078045e-02,0.000000000000000000e+00,3.343831955461870620e-02,1.922493854459429372e-02,2.471262894382082048e-02,1.654044194453477279e-02,3.761875354000716876e-02,1.197842133972434886e-02,1.366804525644333204e-02,8.923506355452557465e-03,7.372524045705200132e-03,1.295012030834241483e-02,1.270378738341759565e-02,3.298655256873228581e-02,9.877685183589069925e-03,5.462459948186471764e-02,4.077826694976571104e-02,1.284379562719312196e-02,3.470809810227641623e-02,6.997985216346944148e-02,4.196582904811781839e-02,5.548509393176841858e-02,3.920914455482591571e-02,8.878685628945533551e-03,2.678100368187556410e-02,1.327656429968703325e-02,7.173717089437132641e-03,1.388825559772798035e-02,7.822373409720091708e-03,1.182907307016724599e-02,4.512759281718787055e-03,3.769773240604608854e-03,1.170467390101633323e-02,9.285637782413022623e-03,1.234596523589661515e-02,6.043715243072948773e-03,8.453553344887941925e-03,2.408329235433616898e-03,3.589700312709858364e-03,7.508195917013621781e-03,1.218281925749114571e-02,1.452401304195989791e-02,7.026100198447129790e-03,2.049155193112417450e-02,2.643695486939913117e-02,2.738086390446287099e-02,7.330743835300735506e-03,3.713750561286038171e-02,1.969227955722708395e-02,3.284029930968397626e-02,2.249446614539397926e-02,4.165112263524207992e-02,1.330388033455968781e-02,1.569663591107373080e-02,1.192338393197502761e-02,6.270148044950017360e-03,1.316059327848830701e-02,1.482678828725574223e-02,3.122384464442324453e-02,1.517350013399710977e-02,5.260759713057955311e-02,4.610632240021792644e-02,1.125251740873986495e-02,3.308168709525398377e-02,8.094283285504448588e-02,4.261216589268031207e-02,6.026622620213377413e-02,3.537891649275475697e-02,9.735990162107528711e-03,2.823570104190754188e-02
3.149208863716509987e-02,9.606760193738023146e-02,5.268783572834987577e-02,2.835224867695693846e-02,1.231922277391782061e-01,1.670826078171187556e-01,1.628295974531840939e-01,3.343831955461870620e-02,0.000000000000000000e+00,1.162208769135575914e-01,1.476978208467565057e-01,9.749164261156893774e-02,2.275536455201219166e-01,7.484024968035886405e-02,8.187818984257702604e-02,5.363596144856803971e-02,4.442407834709039688e-02,7.821089940930835149e-02,7.594823563250079068e-02,2.050069103826042405e-01,5.729389933826083137e-02,3.359835808695472159e-01,2.442042938407586461e-01,7.398433573725093915e-02,2.111941234042027937e-01,4.174293052431492512e-01,2.568955232571099589e-01,3.358805308542526236e-01,2.371700189337287157e-01,5.435422390520601443e-02,1.592025508140730850e-01,8.022673375863834111e-02,4.263573972376780846e-02,8.321246968754450468e-02,4.695760331706180790e-02,7.324519331963463831e-02,2.690860348682313011e-02,2.287865896801178842e-02,6.879076890801619215e-02,5.651978177090117433e-02,7.429892087696229885e-02,3.520877910180170850e-02,4.987040528905607728e-02,1.374082378909886187e-02,2.183172029349832871e-02,4.462120623348731635e-02,7.274153766830851464e-02,8.932124714640264640e-02,4.056126435054140111e-02,1.220902102400925476e-01,1.576056319124929384e-01,1.614970893995103240e-01,4.444362920047117971e-02,2.252415924371624634e-01,1.189327350429320723e-01,1.965740842390946708e-01,1.340802903783354372e-01,2.492673723647047535e-01,7.930162900147802452e-02,9.529990833198018207e-02,7.231464428579120751e-02,3.774776681652527305e-02,7.892108609562775712e-02,8.921382577284527049e-02,1.927940937436420643e-01,8.981784238210489824e-02,3.203019340598498577e-01,2.815653008149468506e-01,6.705806304589079225e-02,1.999533321217500381e-01,4.797806392603309877e-01,2.591904135124451503e-01,3.639142774652722734e-01,2.142438684990140008e-01,6.057485071813785427e-02,1.679045142700761883e-01
1.856143036741729480e-02,5.647849382738764218e-02,3.016380859310666823e-02,1.652452718365859247e-02,7.270105686784113230e-02,9.578457672625996511e-02,9.518778676349064216e-02,1.922493854459429372e-02,1.162208769135575914e-01,0.000000000000000000e+00,8.656797337752665522e-02,5.712186790431417888e-02,1.325105683502716125e-01,4.441271138727678758e-02,4.708677473605513142e-02,3.076294840393229910e-02,2.574593897836001052e-02,4.526754520808760202e-02,4.338631903772174198e-02,1.187697084451990598e-01,3.321173255426169979e-02,1.941347881474187465e-01,1.409236727435641545e-01,4.292819817793579878e-02,1.224981570902010930e-01,2.412538484532424365e-01,1.473222850372560844e-01,1.951781353466834901e-01,1.364327096550991270e-01,3.167136245367911662e-02,9.230021800156197609e-02,4.652559642289988417e-02,2.486368771359066809e-02,4.825243749231811208e-02,2.724391147915298378e-02,4.378888961099623028e-02,1.585563524264330809e-02,1.326381101605130473e-02,4.014856432025953187e-02,3.301684920717762317e-02,4.349130499725873539e-02,2.039144633245729143e-02,2.963266061714323399e-02,8.002793512118707916e-03,1.253212510589536526e-02,2.633181269436687608e-02,4.281358591937931696e-02,5.096268385717826060e-02,2.385126210785836268e-02,7.218323324156497578e-02,8.964869747836040625e-02,9.394004560431673534e-02,2.570578950412096345e-02,1.297108236002989801e-01,6.990847976234418337e-02,1.156177736357373309e-01,7.920768329325744705e-02,1.445219512014960794e-01,4.676714178002761707e-02,5.522681953713143993e-02,4.226852875330562587e-02,2.181577430565818584e-02,4.534867068048138022e-02,5.150182873132350819e-02,1.118774063743249308e-01,5.311803843632130484e-02,1.851311299900980367e-01,1.618817581314759280e-01,3.902577463306499544e-02,1.167626893082275991e-01,2.769874396874245082e-01,1.487361552156499789e-01,2.116013139568909684e-01,1.230036710055086302e-01,3.532446086628832083e-02,9.756938414570190399e-02
2.382343335708302437e-02,7.090910710012282570e-02,3.924901295247894273e-02,2.113640758202344969e-02,9.213028690196448101e-02,1.210573387156915898e-01,1.214313713692247026e-01,2.471262894382082048e-02,1.476978208467565057e-01,8.656797337752665522e-02,0.000000000000000000e+00,7.339403044178634261e-02,1.680842068671138945e-01,5.529718407480541109e-02,5.933816950691184200e-02,3.904018141836555073e-02,3.283781294506543658e-02,5.735778871987007310e-02,5.619117869859110992e-02,1.486078072785895765e-01,4.268420923389335681e-02,2.436229993717977382e-01,1.801719971505943430e-01,5.485106006379055626e-02,1.546007289691564979e-01,3.049305952366971884e-01,1.858460356834941984e-01,2.462275268069953615e-01,1.729827850323070182e-01,3.984070472661226103e-02,1.178587511035390778e-01,5.933312361600735774e-02,3.125240850030245460e-02,6.139371615337087251e-02,3.456045420669371510e-02,5.448854472788085268e-02,1.994632269646390635e-02,1.714417562219551841e-02,5.116803337950723285e-02,4.151836647583356799e-02,5.551086952924336876e-02,2.645040780022599528e-02,3.764853007312546351e-02,1.048395825767020270e-02,1.592570931763064024e-02,3.321365441148178832e-02,5.400749653085292618e-02,6.517625867765670933e-02,3.055476745744057504e-02,9.149856460871487462e-02,1.154197522353054700e-01,1.208176874957902075e-01,3.281315431849997355e-02,1.651591363062401563e-01,8.869840389640445966e-02,1.459251839715965393e-01,1.008637172958134487e-01,1.843720767172190855e-01,5.914071861722121348e-02,6.971373803914664158e-02,5.341006670377000665e-02,2.767038967643732639e-02,5.774922980486313362e-02,6.573195067976966843e-02,1.412788216848654965e-01,6.704715502584944475e-02,2.343146052721869488e-01,2.056653540213158049e-01,5.023803763374026787e-02,1.474840998305395612e-01,3.537961944583336571e-01,1.891963635583319703e-01,2.690777351320245980e-01,1.563744692042407236e-01,4.422913151796056819e-02,1.240361268071498574e-01
1.581771959734850491e-02,4.738436365998732747e-02,2.592093101998135460e-02,1.395014739349277784e-02,6.098824576491901350e-02,8.050142150898302595e-02,8.019762791394668966e-02,1.654044194453477279e-02,9.749164261156893774e-02,5.712186790431417888e-02,7.339403044178634261e-02,0.000000000000000000e+00,1.114801033787869711e-01,3.725219335481930183e-02,3.976030753479180280e-02,2.592204009750972982e-02,2.178218759147435360e-02,3.765759063632580922e-02,3.731447192532796886e-02,9.945090708256162926e-02,2.870410040039256955e-02,1.620991587452435267e-01,1.202753723517366036e-01,3.635452612710635134e-02,1.024985720640157472e-01,2.031922401849291793e-01,1.229728113531204786e-01,1.634291749467292609e-01,1.145127322849346513e-01,2.654741462205717842e-02,7.817630023553066854e-02,3.922640923367658183e-02,2.102878811881194604e-02,4.091617584890668013e-02,2.295601810621837255e-02,3.650901316808994462e-02,1.311694890045255781e-02,1.111986937266172537e-02,3.382198003717100387e-02,2.805099604263893917e-02,3.735427089463434075e-02,1.770736712018772252e-02,2.504147863549662303e-02,6.906017128181505746e-03,1.057822557706115593e-02,2.261370407430101856e-02,3.616166602123735418e-02,4.300847753609789853e-02,2.054570575138187430e-02,6.067611483214211537e-02,7.578845712094449405e-02,8.045106640195440195e-02,2.180289784312562998e-02,1.092416279965410797e-01,5.886328740207822513e-02,9.762401864220882075e-02,6.771413137439463714e-02,1.230184511195905189e-01,3.929629946236137816e-02,4.663908662689572604e-02,3.556308832268671727e-02,1.835945928635545135e-02,3.807534829686753941e-02,4.370414682022290276e-02,9.347453639418795701e-02,4.505056273692546048e-02,1.555276389577133489e-01,1.363600114344682701e-01,3.348766811140912319e-02,9.797088147559181170e-02,2.351888549758463232e-01,1.242950832492123042e-01,1.786324355337401970e-01,1.030342652282204285e-01,2.936531262320022859e-02,8.300391692713365854e-02
3.588964266720957863e-02,1.096535436244782946e-01,5.947484599292888335e-02,3.183070473900104225e-02,1.409358206353807375e-01,1.877262270480212492e-01,1.844847530081437925e-01,3.761875354000716876e-02,2.275536455201219166e-01,1.325105683502716125e-01,1.680842068671138945e-01,1.114801033787869711e-01,0.000000000000000000e+00,8.567567606284894055e-02,9.343440259104300594e-02,6.029309894616246418e-02,5.024033251113140669e-02,8.835749363324692240e-02,8.525863736476473054e-02,2.315542686932154093e-01,6.548647376361789452e-02,3.812496944382071096e-01,2.772977322453511473e-01,8.401265094823655299e-02,2.383147709791956503e-01,4.725670497833914796e-01,2.888552026743347878e-01,3.819057885804854058e-01,2.675184985829871520e-01,6.189989967536177473e-02,1.804453367410523423e-01,9.193571933269942265e-02,4.861138068606789264e-02,9.411247778993327151e-02,5.321451460431905062e-02,8.300143022420058969e-02,3.044630531868113693e-02,2.604138213812833003e-02,7.969052674315434126e-02,6.409748839376960827e-02,8.425611248205994164e-02,3.959367852537212101e-02,5.649155450592166505e-02,1.538544642956036698e-02,2.474829908052037300e-02,5.129312634316824521e-02,8.261857946105742589e-02,1.005901911225225431e-01,4.586066018959503165e-02,1.396868298070351455e-01,1.773525782686745933e-01,1.824375377663682574e-01,4.996447348340955080e-02,2.559038561192042982e-01,1.357637085417636169e-01,2.259032331623283263e-01,1.532470195283070769e-01,2.835632380459556234e-01,9.041941348984919302e-02,1.084163258963298099e-01,8.232522977221157223e-02,4.305619376640996976e-02,8.928239949701761990e-02,1.005104697057799812e-01,2.176823555185674053e-01,1.031081862325201187e-01,3.634114238482660797e-01,3.170345423225098269e-01,7.599882947156644253e-02,2.287673067959804241e-01,5.418591730623265601e-01,2.916567018461498906e-01,4.142577941290517818e-01,2.411913219230589212e-01,6.924902296013794867e-02,1.893547038589587783e-01
1.185568204718068924e-02,3.677586248937295132e-02,2.000412355791037974e-02,1.066338921156880643e-02,4.631827411475245709e-02,6.193971657211308490e-02,6.088004860136952273e-02,1.197842133972434886e-02,7.484024968035886405e-02,4.441271138727678758e-02,5.529718407480541109e-02,3.725219335481930183e-02,8.567567606284894055e-02,0.000000000000000000e+00,3.034695948121169523e-02,1.977643567104923547e-02,1.688486096273313086e-02,2.903252970820492315e-02,2.810881104376653644e-02,7.675754551993882457e-02,2.140105507727662129e-02,1.249263895584570988e-01,9.063892827633245053e-02,2.756692368588189307e-02,7.849292728160510435e-02,1.544623167260799623e-01,9.565684275622393651e-02,1.259497440132265611e-01,8.780882197736968042e-02,2.059773163823707190e-02,5.950110559641500624e-02,2.990599387062838413e-02,1.600842760280890564e-02,3.116937622454646339e-02,1.761766904554427221e-02,2.748158990503015223e-02,9.965296395060297199e-03,8.697929303500098394e-03,2.601281493372683759e-02,2.090606203827321402e-02,2.815652343334996630e-02,1.342623420499580375e-02,1.913991491907468534e-02,5.187110999098469739e-03,8.028330207705824950e-03,1.672956047605010307e-02,2.768267756154386278e-02,3.328887649934857834e-02,1.525589392858632889e-02,4.634543464326003337e-02,5.837035411751793912e-02,6.043680003647033949e-02,1.674647375447801262e-02,8.429005263733432840e-02,4.551401919065053286e-02,7.471699447018154139e-02,5.137141148213347774e-02,9.352423763354604513e-02,3.024511878972984541e-02,3.587076577514682063e-02,2.744927618198360689e-02,1.441422605556559773e-02,2.943980262843549564e-02,3.348344327144546495e-02,7.209405617857256310e-02,3.407083485247262844e-02,1.198162794677517240e-01,1.038087140235333244e-01,2.508492355284154193e-02,7.561346466038108838e-02,1.772213844543344130e-01,9.605344532788420708e-02,1.369969696269704440e-01,7.939682116274721091e-02,2.269386253882954563e-02,6.291381248355264189e-02
1.371913415305386214e-02,3.912713257479676077e-02,2.193911847533870987e-02,1.165001769652948896e-02,4.965237003254502346e-02,6.730598558198040704e-02,6.580118906716177218e-02,1.366804525644333204e-02,8.187818984257702604e-02,4.708677473605513142e-02,5.933816950691184200e-02,3.976030753479180280e-02,9.343440259104300594e-02,3.034695948121169523e-02,0.000000000000000000e+00,2.195871659215380481e-02,1.803963459843275705e-02,3.185721597459845178e-02,3.107211384501290530e-02,8.154098144758233080e-02,2.425706985631297108e-02,1.332071520203881310e-01,9.859289127637825556e-02,3.123016092893613621e-02,8.504106981859765879e-02,1.724006819290352377e-01,1.047258768059978890e-01,1.370475975614027786e-01,9.608348322878873526e-02,2.225705257528256056e-02,6.592765616379642202e-02,3.165996976824188291e-02,1.752475686783182968e-02,3.379645545533525169e-02,1.885295756384042579e-02,2.967281467483533566e-02,1.093684263400171788e-02,9.126129973234739512e-03,2.777588602254748087e-02,2.237476717450437302e-02,2.974682122908919174e-02,1.495360194035457238e-02,2.037575892962606092e-02,5.784658439024255999e-03,8.614013726061620774e-03,1.862664554985388882e-02,3.015518000944819935e-02,3.656555168143769269e-02,1.661462377806581514e-02,4.940216020806018765e-02,6.445987835125871479e-02,6.614213811779412477e-02,1.806695937261976886e-02,9.068455120567610328e-02,4.776163065538380909e-02,7.905370289214490309e-02,5.446254580863747058e-02,1.012998208379917026e-01,3.221763275055766068e-02,3.874387684090602885e-02,2.939898787492773238e-02,1.564317961716656449e-02,3.215902917455466803e-02,3.650019340126228751e-02,7.615890687225412847e-02,3.696403043934560345e-02,1.280582651233255764e-01,1.131913526672013309e-01,2.780775955257096255e-02,8.104520360730235740e-02,1.982792588585577387e-01,1.048599555767631142e-01,1.463187834659707143e-01,8.751026847526666153e-02,2.430858615784697863e-02,6.892624817435560880e-02
8.266100041562850567e-03,2.553845546573462605e-02,1.393417292209250119e-02,7.306940817379261981e-03,3.236326695878784243e-02,4.430728859431376510e-02,4.266437276416193414e-02,8.923506355452557465e-03,5.363596144856803971e-02,3.076294840393229910e-02,3.904018141836555073e-02,2.592204009750972982e-02,6.029309894616246418e-02,1.977643567104923547e-02,2.195871659215380481e-02,0.000000000000000000e+00,1.170307881822238959e-02,2.033344473265115068e-02,1.985256724048795746e-02,5.444107547348257109e-02,1.519156861392912880e-02,8.900272974879720744e-02,6.493792206142730283e-02,1.970495861905574228e-02,5.547333023693821336e-02,1.113825776804399786e-01,6.762266801823865747e-02,8.897544755604867850e-02,6.265147105302169839e-02,1.429918227357229212e-02,4.199345117025871793e-02,2.137279972939654105e-02,1.134025267885974304e-02,2.198170192047580948e-02,1.236923400179998703e-02,1.913809038414866423e-02,7.031918306783504699e-03,6.040591479353239930e-03,1.834140971175477960e-02,1.501279453408686793e-02,1.984496063812712929e-02,9.384586496263795999e-03,1.326432766969606533e-02,3.619803092537334996e-03,5.777166382944281565e-03,1.178808351670698057e-02,1.936591241169190528e-02,2.317263404806143776e-02,1.069843663456411173e-02,3.239248534773994659e-02,4.171742108843668612e-02,4.274483086530718456e-02,1.175282719876396056e-02,5.977762282967002960e-02,3.116415478009044310e-02,5.242088289770282378e-02,3.544007602668254597e-02,6.632054709576455653e-02,2.092943260056376667e-02,2.555123802411822520e-02,1.915742037976079018e-02,9.948381460657280614e-03,2.105694319411955881e-02,2.326300739834529299e-02,5.091336488205950445e-02,2.366556328491355859e-02,8.588181168388606124e-02,7.429049175512958403e-02,1.774473502763105823e-02,5.302402630742564932e-02,1.271924715887343404e-01,6.819411639221666099e-02,9.650410271128903594e-02,5.649478034303823115e-02,1.605603451521963806e-02,4.474181250138690308e-02
7.077002309866740545e-03,2.137302967130389614e-02,1.144748271157973452e-02,6.302346420646995004e-03,2.768860447571503194e-02,3.640692032250931326e-02,3.609240406658482947e-02,7.372524045705200132e-03,4.442407834709039688e-02,2.574593897836001052e-02,3.283781294506543658e-02,2.178218759147435360e-02,5.024033251113140669e-02,1.688486096273313086e-02,1.803963459843275705e-02,1.170307881822238959e-02,0.000000000000000000e+00,1.698874230288551640e-02,1.654794450744503237e-02,4.532623806399051214e-02,1.270916721023683006e-02,7.374284163817396154e-02,5.352118639688786816e-02,1.643100882213359773e-02,4.658614426039034417e-02,9.186856238217860904e-02,5.644185294709785222e-02,7.419418455973270099e-02,5.185377853875643844e-02,1.201751810621388625e-02,3.514597245608072629e-02,1.762676952656485468e-02,9.403534452751625972e-03,1.841998428199295712e-02,1.036360746966752747e-02,1.638859683124829075e-02,6.025718556623436799e-03,5.032777087579091979e-03,1.527888373260133555e-02,1.255003309102378437e-02,1.656195073364913686e-02,7.817488990574886915e-03,1.110857910636616451e-02,3.075928788268067048e-03,4.776137986273687464e-03,9.969894284837592727e-03,1.631751997022231823e-02,1.948704432863947178e-02,9.166179133192257564e-03,2.735559336994840274e-02,3.429577061599722865e-02,3.581981384273943969e-02,9.792658117411949178e-03,4.930817250803232882e-02,2.645022616290711517e-02,4.381909754112034427e-02,3.015485307193790238e-02,5.514015081165949544e-02,1.758056761967961151e-02,2.113335905709561383e-02,1.597270927493738002e-02,8.184816391306366790e-03,1.717822073494922747e-02,1.961620680333152691e-02,4.256705926607046164e-02,2.010172976280430804e-02,7.073153467629282598e-02,6.161617703578855382e-02,1.485337469753282048e-02,4.418327929102169871e-02,1.053859746154886395e-01,5.672311775426883834e-02,8.052697992797255844e-02,4.661594462424326762e-02,1.334002052451853902e-02,3.704116979078569960e-02
1.233945174258753788e-02,3.722763364939646324e-02,2.004727217887221705e-02,1.078484680075946986e-02,4.795113530573150151e-02,6.479397914382863111e-02,6.308010357192787854e-02,1.295012030834241483e-02,7.821089940930835149e-02,4.526754520808760202e-02,5.735778871987007310e-02,3.765759063632580922e-02,8.835749363324692240e-02,2.903252970820492315e-02,3.185721597459845178e-02,2.033344473265115068e-02,1.698874230288551640e-02,0.000000000000000000e+00,2.928046879447341461e-02,7.931832017076798080e-02,2.242805143053068148e-02,1.304087887402015089e-01,9.444180816162316139e-02,2.885799225623535830e-02,8.145769588147976081e-02,1.629446543626253963e-01,9.889303349516935515e-02,1.308242905246565502e-01,9.213722824270681455e-02,2.120763334016413301e-02,6.148794179057792686e-02,3.101287342794389543e-02,1.658984417089054766e-02,3.178780982980360104e-02,1.801912786307623832e-02,2.813388837660555850e-02,1.052787983303951798e-02,8.722248784939001104e-03,2.696975576224346777e-02,2.157767821942820421e-02,2.831973410588567441e-02,1.346995097690647375e-02,1.925292212706873618e-02,5.250861016173997801e-03,8.290644871375350139e-03,1.722779840652490305e-02,2.841969194738458437e-02,3.419936279826655406e-02,1.559425748107712978e-02,4.773025850668360243e-02,6.103837501195302773e-02,6.257648277362048983e-02,1.706939248163887382e-02,8.723152795248305391e-02,4.578456034775085781e-02,7.667981781418353737e-02,5.146407611542700572e-02,9.653377646466744511e-02,3.101111106046872470e-02,3.683917182312136662e-02,2.809494967142050700e-02,1.458455722782171435e-02,3.065346386039932008e-02,3.427769558102539138e-02,7.413308561706866140e-02,3.516024314647578364e-02,1.245153388510391174e-01,1.081901371084242197e-01,2.555392046399689032e-02,7.772262517192193854e-02,1.849064483016301941e-01,9.962829222389098238e-02,1.406115088901906673e-01,8.263656305078569131e-02,2.367365648487429128e-02,6.463304081365620068e-02
1.197581022584853772e-02,3.614929187503544694e-02,2.018293208203752326e-02,1.060541328443893698e-02,4.658504496275601980e-02,6.269091091653113124e-02,6.085977322978394777e-02,1.270378738341759565e-02,7.594823563250079068e-02,4.338631903772174198e-02,5.619117869859110992e-02,3.731447192532796886e-02,8.525863736476473054e-02,2.810881104376653644e-02,3.107211384501290530e-02,1.985256724048795746e-02,1.654794450744503237e-02,2.928046879447341461e-02,0.000000000000000000e+00,7.716586701061714515e-02,2.148840113566458446e-02,1.265535568791407162e-01,9.299708129044013949e-02,2.791358621349315089e-02,7.844662141167117742e-02,1.570122593859059890e-01,9.615378211828230770e-02,1.259847110684312599e-01,8.973444769811675381e-02,2.067565831696717080e-02,6.094098017424556119e-02,2.996692397137799835e-02,1.611778807316847570e-02,3.136748164135542277e-02,1.750095458233254242e-02,2.750721371348301136e-02,1.006797321478112087e-02,8.984133627104642569e-03,2.603936177258384457e-02,2.131894535620283693e-02,2.827975872116873096e-02,1.353510456089436487e-02,1.895730589408474442e-02,5.213602481883958424e-03,8.385169774173039520e-03,1.671301355020278490e-02,2.746515253078972429e-02,3.366512718766354051e-02,1.525534803185809966e-02,4.588682403156896239e-02,5.926143249098111965e-02,6.139374545676982986e-02,1.708341286151093125e-02,8.571301566871811217e-02,4.495640497573116789e-02,7.444141559815045661e-02,5.182725701190245282e-02,9.454223624955875038e-02,2.969079116264099205e-02,3.607197040977305758e-02,2.761878922877486486e-02,1.397777067898976419e-02,2.995654237781942772e-02,3.398796157922409633e-02,7.249477040467677824e-02,3.367629763937823179e-02,1.214080584054541279e-01,1.066157306804376564e-01,2.630801844372682510e-02,7.521135297934151975e-02,1.828151734539072981e-01,9.738727819944777153e-02,1.377494293754620847e-01,8.141374461472009050e-02,2.306655933313769488e-02,6.352919900548456567e-02
3.228698167704965871e-02,1.000666145228462506e-01,5.406753658802627288e-02,2.888257112472948987e-02,1.236827863316293241e-01,1.708188639770865658e-01,1.633758260239552285e-01,3.298655256873228581e-02,2.050069103826042405e-01,1.187697084451990598e-01,1.486078072785895765e-01,9.945090708256162926e-02,2.315542686932154093e-01,7.675754551993882457e-02,8.154098144758233080e-02,5.444107547348257109e-02,4.532623806399051214e-02,7.931832017076798080e-02,7.716586701061714515e-02,0.000000000000000000e+00,5.820108734172356468e-02,3.417115160587942402e-01,2.440863190517014170e-01,7.505999994904399841e-02,2.141867515434566493e-01,4.231243832163941176e-01,2.627004839096004907e-01,3.409281494647424249e-01,2.417224217300452671e-01,5.569203248971164866e-02,1.626985245620800602e-01,7.899738752938821607e-02,4.232821242430249986e-02,8.439291985897873216e-02,4.764443845088837948e-02,7.547746530408787347e-02,2.695938080594983272e-02,2.221769612525684168e-02,6.829454231692394517e-02,5.659768657074736031e-02,7.563753906873653399e-02,3.687528823649927068e-02,5.095218417455450732e-02,1.423387214218164477e-02,2.179511547397203208e-02,4.565647590370237180e-02,7.518981990493370238e-02,9.248015576360475720e-02,4.128505684420163274e-02,1.229727838436297654e-01,1.599289704914327870e-01,1.633794177824178240e-01,4.537304955370474735e-02,2.276842687827774492e-01,1.208020277991875002e-01,1.980911976037099675e-01,1.367120158559265719e-01,2.525623948115743866e-01,8.001632341718939445e-02,9.807633941935145483e-02,7.430416463094721702e-02,3.894590087716470750e-02,8.010078160185031548e-02,9.126475631265354438e-02,1.976919746319442672e-01,9.123315598428455298e-02,3.285307166228524922e-01,2.853037672422086835e-01,6.842949656110225432e-02,2.032257262007863552e-01,4.865703307836156677e-01,2.644828918728961975e-01,3.677484629309826225e-01,2.190514155746606240e-01,6.141933408373201342e-02,1.719308912703634284e-01
9.181708352782081556e-03,2.745714596143142283e-02,1.502337806740288231e-02,7.929356391290765665e-03,3.541637490273174399e-02,4.739658639299799275e-02,4.680162719639815311e-02,9.877685183589069925e-03,5.729389933826083137e-02,3.321173255426169979e-02,4.268420923389335681e-02,2.870410040039256955e-02,6.548647376361789452e-02,2.140105507727662129e-02,2.425706985631297108e-02,1.519156861392912880e-02,1.270916721023683006e-02,2.242805143053068148e-02,2.148840113566458446e-02,5.820108734172356468e-02,0.000000000000000000e+00,9.665935486714918867e-02,7.184592127124393712e-02,2.193029603481131198e-02,6.037717502902399669e-02,1.217707176089034837e-01,7.291796936317783417e-02,9.697076825602958527e-02,6.730133176994190780e-02,1.537118321257087417e-02,4.609373209242911829e-02,2.385897094705555221e-02,1.241376481756750055e-02,2.397947953371100394e-02,1.351018655234758128e-02,2.071120711799564335e-02,7.653872577245965370e-03,6.773140379595585410e-03,2.066050725385080652e-02,1.657022952420413031e-02,2.161681820078761862e-02,1.008445187714935264e-02,1.412767300568803716e-02,3.906201800767266502e-03,6.476779176463384052e-03,1.301593806228057253e-02,2.088203126801166029e-02,2.495725306774039184e-02,1.192160542067325843e-02,3.575469209583753694e-02,4.497086629562492555e-02,4.652332209661816376e-02,1.273271881699427309e-02,6.508723617158858332e-02,3.420199608250663881e-02,5.815693044891510205e-02,3.952327417012801297e-02,7.256519481852446996e-02,2.276142207609039778e-02,2.788767808334115597e-02,2.111185074039323428e-02,1.082951288695789896e-02,2.293066033736132492e-02,2.523284063726321733e-02,5.518768803862110495e-02,2.626468815121005967e-02,9.235093442627519134e-02,8.088685170323628437e-02,1.977582030612702602e-02,5.803403945100906597e-02,1.398990653612163237e-01,7.323759785458656968e-02,1.060926805154722430e-01,6.114710474737554413e-02,1.742282181983355674e-02,4.832227883234425231e-02
