0.000000000000000000e+00,1.247785141490404502e-02,8.772651779291630592e-03,6.158984035159464909e-03,1.611792062216558033e-02,2.100073398748168035e-02,2.235868700331958281e-02,6.078060939679718298e-03,3.013121045366613099e-02,1.655003104794564722e-02,2.077419244753640412e-02,1.361395954944633405e-02,3.456669086320220130e-02,8.751005496562391101e-03,1.212609959977200766e-02,6.595145039973628748e-03,6.358865049145546143e-03,1.190940841939101304e-02,1.270641063842193122e-02,2.172828768822856332e-02,1.343422083568035844e-02,3.860799704405611793e-02,3.420397021373031143e-02,1.305777807390533576e-02,3.044459487117746888e-02,7.199821315951128453e-02,3.543449581420603928e-02,4.771254419269668756e-02,3.057342101210319685e-02,8.695011382784697054e-03,2.505925109920041291e-02,9.871811318091084156e-03,6.864478128738804585e-03,1.107764999792056060e-02,6.901380450016986710e-03,1.056562404311987141e-02,5.077457127539870656e-03,4.443119379702753328e-03,1.047182185719330513e-02,6.568724264686754896e-03,8.732373898687058669e-03,6.654870315573119949e-03,8.403798150725975621e-03,2.761876092986188108e-03,3.180419065316163370e-03,7.338726304979292098e-03,1.250370785979311450e-02,1.311578956964060474e-02,7.318139158410730261e-03,1.662574703427551967e-02,2.391776868452551857e-02,2.461626856525777479e-02,6.035180129631064795e-03,2.954253355611844920e-02,1.737926797220038649e-02,2.349579815514640443e-02,1.452724226516522235e-02,3.243549247069565933e-02,1.087762738247483214e-02,9.813895915807188328e-03,9.139007237768750208e-03,7.259080777615327384e-03,1.481154999857524704e-02,1.093680934152974765e-02,2.149840629006669404e-02,1.400952864903144517e-02,3.944088981820549622e-02,3.853209791867666378e-02,8.481881521011275932e-03,2.734280536813078408e-02,8.523849914000679318e-02,3.613670183940358854e-02,4.884763501696582494e-02,3.208448304455582129e-02,7.324753830724517641e-03,2.714023364741545083e-02
1.247785141490404502e-02,0.000000000000000000e+00,1.853065915960482729e-02,1.304956238166729392e-02,3.475860878572403084e-02,4.534230023449710434e-02,4.868577096110952851e-02,1.249976695142517372e-02,6.542263910871903843e-02,3.525862916385625462e-02,4.546822367285332372e-02,2.814249982070224712e-02,7.435054887221358155e-02,1.932225365560144223e-02,2.475496821831084382e-02,1.471411705999987538e-02,1.410122516398646698e-02,2.605059420850793298e-02,2.713748243683114167e-02,4.586539377178478621e-02,2.790478473615753616e-02,8.426376463473753131e-02,7.165226412795740185e-02,2.633120363337834377e-02,6.542250886357149631e-02,1.509884138369289586e-01,7.785305589308484653e-02,1.040172207193040682e-01,6.622758864072419982e-02,1.988141061308515076e-02,5.411564899579687782e-02,2.031894676410261891e-02,1.414668268932444024e-02,2.268876913630761549e-02,1.433913101771813400e-02,2.283524721497085311e-02,1.068154409077303260e-02,9.077525606034749645e-03,2.150003668145523961e-02,1.352410040284905690e-02,1.777509359364178726e-02,1.402091427018910437e-02,1.851856419418582492e-02,6.072725764046989910e-03,6.446378531031695183e-03,1.499849737031062370e-02,2.758504048912511011e-02,2.877591646322803787e-02,1.543062760943874137e-02,3.544309877558663585e-02,5.155798322371753228e-02,5.195136834731223924e-02,1.265836955066532848e-02,6.374818313864001607e-02,3.762109979706840246e-02,5.104460125879475146e-02,3.041171675780803690e-02,7.060176731474741840e-02,2.457641482802930266e-02,2.065488956117531028e-02,1.930385780013501446e-02,1.629121731453857594e-02,3.169202968052310665e-02,2.354566264737114126e-02,4.739296968712169295e-02,2.936006075633261839e-02,8.740909388113748957e-02,8.185854669323619492e-02,1.717936700752522791e-02,5.976087022267591309e-02,1.811383471979170490e-01,7.823937275052389451e-02,1.064756424442877408e-01,6.954026780457754631e-02,1.645024600626729394e-02,5.822926534283704575e-02
8.772651779291630592e-03,1.853065915960482729e-02,0.000000000000000000e+00,8.767190910141832785e-03,2.371340981466902448e-02,3.080764467889388764e-02,3.293891837291421792e-02,8.588744538928137079e-03,4.430148503732130733e-02,2.393806269456935643e-02,3.077364612654809317e-02,1.924506872845629241e-02,5.007017593229286939e-02,1.303204854973661481e-02,1.711581106438280972e-02,9.796794513404968874e-03,9.374675691866559551e-03,1.732248769047178838e-02,1.866069305872608552e-02,3.120905316690286008e-02,1.902819369692711898e-02,5.694459098664950147e-02,4.901737095494982516e-02,1.798892731452536933e-02,4.393806954456111469e-02,1.030088635320872831e-01,5.227783361196602918e-02,6.987874894335589782e-02,4.518808128083810077e-02,1.311612385904885845e-02,3.643521856644331425e-02,1.377096370124227497e-02,9.805116452086143700e-03,1.564327537153655315e-02,9.828692848940757953e-03,1.540547934314345432e-02,7.284145401047339985e-03,6.189323416831171189e-03,1.455570455502320365e-02,9.284254094466499324e-03,1.221597987074777431e-02,9.316857887801515900e-03,1.237422964540134049e-02,4.037343940646677398e-03,4.386851727596772534e-03,1.038254797486233387e-02,1.841644932103195589e-02,1.920408436665796761e-02,1.038585524106787859e-02,2.412498457102396632e-02,3.511721635956772253e-02,3.551097672388386223e-02,8.647630122923397056e-03,4.340431086468930777e-02,2.502916862173355447e-02,3.472272062933048214e-02,2.062243841730233493e-02,4.730248920521437639e-02,1.639450469827512247e-02,1.412326050529832955e-02,1.307646841244597923e-02,1.073235795156056785e-02,2.126710048637575276e-02,1.629022051520730846e-02,3.197838358607227316e-02,2.002792188308974430e-02,5.856967148808980839e-02,5.573531929446940564e-02,1.189483301135053385e-02,4.019306271223466870e-02,1.230684850653150086e-01,5.261021366672769678e-02,7.177646228212837543e-02,4.729376248767116347e-02,1.116240417265043118e-02,3.935020724894183058e-02
6.158984035159464909e-03,1.304956238166729392e-02,8.767190910141832785e-03,0.000000000000000000e+00,1.679628970524183612e-02,2.090607312833224138e-02,2.300623063257282302e-02,5.902194481542807729e-03,3.038203207278455942e-02,1.683237585755009702e-02,2.145795754885191850e-02,1.351015332529187721e-02,3.520309063005933742e-02,9.295362560598435450e-03,1.151373123383368606e-02,6.753090165289022707e-03,6.604269588954194727e-03,1.226209532183764397e-02,1.266576108168503828e-02,2.161783083543160691e-02,1.339284908952073118e-02,3.856166939153219536e-02,3.312121992884020649e-02,1.252119694674446240e-02,3.099945946499353677e-02,7.130714960353423670e-02,3.601622739835785153e-02,4.854200076515228363e-02,3.096636229073571056e-02,9.137692449338461614e-03,2.530430824359736902e-02,9.577060174777329848e-03,6.855895945767491971e-03,1.103504940835469197e-02,6.950389361520120657e-03,1.093089468414087072e-02,5.037114665949318781e-03,4.186837695454308401e-03,1.012415119675313599e-02,6.519401102110683813e-03,8.757384877045682608e-03,6.734024870822227608e-03,8.817450022268590731e-03,2.909480834736040151e-03,3.045144203793136075e-03,7.458303411025929766e-03,1.283318717554757411e-02,1.369735251127986338e-02,7.399403687409378261e-03,1.688260914014670655e-02,2.399481269653243667e-02,2.495017348577745903e-02,5.922799165438760206e-03,2.951083018994717089e-02,1.790478345472119523e-02,2.389525238202506313e-02,1.461282987986463507e-02,3.275561915130408008e-02,1.155925717630039602e-02,9.756132716966197174e-03,9.146528162177092192e-03,7.722261357411282223e-03,1.495679376308224097e-02,1.132627516131932792e-02,2.215365614826323576e-02,1.442164799288560111e-02,4.004360737962518735e-02,3.826386125841672176e-02,8.221027143080499380e-03,2.795931649567462429e-02,8.527216033939694073e-02,3.643530469259336629e-02,4.986813475701454973e-02,3.255972620880526885e-02,7.633598982110244811e-03,2.790602823017569387e-02
1.611792062216558033e-02,3.475860878572403084e-02,2.371340981466902448e-02,1.679628970524183612e-02,0.000000000000000000e+00,5.714576169169433700e-02,6.206806294015038139e-02,1.630063420243321043e-02,8.237147488843413190e-02,4.541110135629093658e-02,5.880570041232724421e-02,3.597307544211057750e-02,9.464641827586256495e-02,2.462376032570795514e-02,3.229059712963291973e-02,1.879857879013112354e-02,1.785344899545272118e-02,3.351872902861132569e-02,3.515817884795231080e-02,5.793127932295376314e-02,3.596791928716836645e-02,1.068063473432628169e-01,9.170469070836501091e-02,3.346004729013889178e-02,8.352395427101799719e-02,1.929021115199074377e-01,9.783556137915473683e-02,1.322443994016838653e-01,8.508961723180025194e-02,2.485896233752670284e-02,6.906911865161086128e-02,2.701411898955934088e-02,1.872835512349536186e-02,2.991590872852989066e-02,1.869299788578489621e-02,2.914203734579075278e-02,1.385416707184383873e-02,1.197693730298466860e-02,2.825723552298392213e-02,1.798627446073746902e-02,2.358231785183003901e-02,1.789943149390795657e-02,2.317005237182866509e-02,7.711809844961231217e-03,8.496308002963458630e-03,1.943174349906703902e-02,3.461921237343761060e-02,3.656425902576014575e-02,1.952637961298399338e-02,4.596552219596140160e-02,6.546839726136444160e-02,6.694467305494596066e-02,1.617904280872368289e-02,8.185985206457845054e-02,4.860843637626602320e-02,6.649806741630627516e-02,3.931775848627363373e-02,8.960089162098246185e-02,3.094594650188957352e-02,2.651949744559999045e-02,2.509816663833068159e-02,2.054832556361305476e-02,4.064159615480328336e-02,3.073739086842018631e-02,5.990963868539959936e-02,3.833404046206823762e-02,1.110055853088990768e-01,1.046120256572150992e-01,2.247045918200273398e-02,7.662489585764065136e-02,2.327986108816113842e-01,9.863327028412714748e-02,1.363761533339375998e-01,8.957164921710031313e-02,2.103263814558122002e-02,7.501023070128122472e-02
2.100073398748168035e-02,4.534230023449710434e-02,3.080764467889388764e-02,2.090607312833224138e-02,5.714576169169433700e-02,0.000000000000000000e+00,8.022051709894761906e-02,2.086010284626372419e-02,1.091908897554642044e-01,5.696192698938008780e-02,7.489050803124094879e-02,4.632323762418234098e-02,1.224534294625370667e-01,3.141357748087533763e-02,4.163554436269649439e-02,2.424682820147261442e-02,2.287775433659126889e-02,4.304016146608030668e-02,4.568752470996347015e-02,7.638089614447905740e-02,4.594235488661643774e-02,1.409031548545835177e-01,1.209511848151550578e-01,4.369931934196040479e-02,1.078749796382263981e-01,2.506007630883930748e-01,1.283473047288654634e-01,1.711090037611779080e-01,1.103324745987390720e-01,3.217375007353913408e-02,8.905376876394682784e-02,3.426640051466479930e-02,2.389791639320740929e-02,3.788844152566150925e-02,2.385149159289163406e-02,3.683186048448953975e-02,1.742429166040513136e-02,1.519295341761792845e-02,3.571014890080169424e-02,2.290309920438928989e-02,2.967907135475012642e-02,2.245772984776222073e-02,2.986555837040054395e-02,9.805346707457168742e-03,1.085597307596381129e-02,2.534203104430030398e-02,4.560960687337881070e-02,4.728606385625057362e-02,2.498247118586685231e-02,5.830022069033882065e-02,8.644755647524901554e-02,8.595076356449073141e-02,2.121451175173778847e-02,1.077536897338146477e-01,6.070123960442708189e-02,8.478660385333994243e-02,5.014285640556673945e-02,1.172566442252026275e-01,3.984713069327751322e-02,3.442386064756456504e-02,3.208268233080902726e-02,2.645668732058813546e-02,5.180973986075319143e-02,3.919648028784362276e-02,7.863674713942682415e-02,4.841730843394474737e-02,1.448690406006566955e-01,1.375926012289227229e-01,2.931452624221950187e-02,9.894153970529427633e-02,3.006005789568367281e-01,1.296520648918890184e-01,1.762484217445337842e-01,1.160274314948855356e-01,2.758663735320102117e-02,9.569541858883873209e-02
2.235868700331958281e-02,4.868577096110952851e-02,3.293891837291421792e-02,2.300623063257282302e-02,6.206806294015038139e-02,8.022051709894761906e-02,0.000000000000000000e+00,2.268772682263389337e-02,1.162227358787514403e-01,6.284430603829942175e-02,8.163068565054441839e-02,4.994138952325381797e-02,1.311147781831968062e-01,3.388323062977525307e-02,4.501284293301920786e-02,2.603285819593625233e-02,2.487531285015400287e-02,4.637601877167930181e-02,4.899027726793633158e-02,8.108958624856955899e-02,4.990684602131544717e-02,1.494804785160419036e-01,1.277707652375121850e-01,4.658978974029281961e-02,1.160256119964649668e-01,2.692163390685740620e-01,1.368241839414505168e-01,1.839368547417188360e-01,1.179749372571966826e-01,3.463655678870273397e-02,9.537450843833883418e-02,3.711839948085583762e-02,2.584553503772169317e-02,4.138269626888464031e-02,2.582619193529057597e-02,4.024039785576977862e-02,1.907967783221630603e-02,1.668816733125872212e-02,3.914286659710100591e-02,2.483857754221390282e-02,3.260001325472577233e-02,2.475841876200806160e-02,3.230016660682257651e-02,1.063822441764094261e-02,1.185105394093863805e-02,2.686030761009104012e-02,4.855425706454318674e-02,5.018386827929353228e-02,2.709879008417389115e-02,6.294780129320486084e-02,9.121093682627319510e-02,9.246596272705839836e-02,2.261967284972566522e-02,1.137485659478022354e-01,6.731598399036703428e-02,9.128682479984838449e-02,5.389852031505185798e-02,1.248096228926760531e-01,4.292240932573349044e-02,3.661407404518526171e-02,3.462926140251025575e-02,2.855544310289605259e-02,5.634869478136936977e-02,4.212195605481161564e-02,8.395286576268233547e-02,5.261644911737386326e-02,1.550618135011795629e-01,1.454823525359325853e-01,3.082847244563247102e-02,1.058365930368266594e-01,3.222526109429827423e-01,1.374293810380827763e-01,1.895148887851005881e-01,1.239406534812822203e-01,2.920442574516655954e-02,1.034152887564672441e-01
6.078060939679718298e-03,1.249976695142517372e-02,8.588744538928137079e-03,5.902194481542807729e-03,1.630063420243321043e-02,2.086010284626372419e-02,2.268772682263389337e-02,0.000000000000000000e+00,2.961324416366465165e-02,1.654643679496970235e-02,2.085768853339381793e-02,1.362867824722619262e-02,3.430479010940375856e-02,8.898286770858188088e-03,1.160545169584815267e-02,6.863180803466012447e-03,6.446878940187590612e-03,1.195834970895845104e-02,1.241109606520519708e-02,2.145606055260772249e-02,1.296175393055876320e-02,3.826294661656247376e-02,3.337632505764829421e-02,1.259794660833096075e-02,2.988871172803987675e-02,6.980515243313306639e-02,3.546458044660261849e-02,4.788850855464979461e-02,3.083951744915090082e-02,8.792899052537026666e-03,2.479133398523918411e-02,9.429251957717295698e-03,6.585100613877992691e-03,1.085425463517576683e-02,6.726663594664208413e-03,1.046977807041179348e-02,4.885769393137736651e-03,4.090528474159527139e-03,9.883972579047330467e-03,6.235262276760152218e-03,8.401596699038399105e-03,6.388102504405846621e-03,8.552371960122477634e-03,2.826845935175346589e-03,2.954401969181082339e-03,6.875239135352557290e-03,1.248635882187025363e-02,1.314183912379957540e-02,6.993225469069540637e-03,1.642117249195134895e-02,2.357663284432251483e-02,2.450214462768717308e-02,5.936053185459183763e-03,2.912307400561906304e-02,1.740538254256684958e-02,2.385138725312353422e-02,1.512444178256717835e-02,3.236147374943187938e-02,1.115163567638649544e-02,9.850121143530850276e-03,9.008865070324074270e-03,7.331088343159745772e-03,1.427152522481515279e-02,1.121357916867092054e-02,2.168362996950790739e-02,1.380067244834612059e-02,3.956152711901164687e-02,3.837180732476577760e-02,8.391965105592577578e-03,2.723893357752532260e-02,8.322550631531043519e-02,3.594630296413596493e-02,4.894666998847270467e-02,3.195239585543527966e-02,7.514707226716618380e-03,2.696442625742938651e-02
3.013121045366613099e-02,6.542263910871903843e-02,4.430148503732130733e-02,3.038203207278455942e-02,8.237147488843413190e-02,1.091908897554642044e-01,1.162227358787514403e-01,2.961324416366465165e-02,0.000000000000000000e+00,8.334497679169941553e-02,1.075085489021074814e-01,6.685434545749419089e-02,1.762872204206122340e-01,4.592444128402748543e-02,5.925122604126065173e-02,3.513045340788452375e-02,3.315554139782159182e-02,6.184172909163097864e-02,6.542816233223204547e-02,1.104101796944604863e-01,6.579489040274705269e-02,2.012145510797458681e-01,1.714992560665417054e-01,6.255623626585744834e-02,1.553403350703445041e-01,3.594333524168254468e-01,1.858560820899139987e-01,2.468399423718258823e-01,1.594911287327643312e-01,4.641546273893325247e-02,1.277132577774205136e-01,4.836755236548255510e-02,3.455802586210621197e-02,5.483983176535074666e-02,3.449516297291949779e-02,5.401559724806810625e-02,2.528930892752906043e-02,2.178029766382251139e-02,5.095249011010171553e-02,3.285524156034284882e-02,4.309091168214788242e-02,3.286554823231084554e-02,4.328721919826922920e-02,1.434182506890508552e-02,1.544781722859534488e-02,3.614506876344049380e-02,6.533869688488179450e-02,6.840675078925619046e-02,3.617425858632049296e-02,8.390184148816526299e-02,1.233727226236089047e-01,1.243309199269473364e-01,3.016666777537275329e-02,1.531876338650716429e-01,8.863718182837926340e-02,1.214133505773648675e-01,7.269451288355563423e-02,1.686471604327694773e-01,5.764199205567994977e-02,4.956287468944602786e-02,4.619265840318363681e-02,3.824028553527429597e-02,7.437348441303130719e-02,5.689716515016817605e-02,1.135373373276305498e-01,6.958226544060867880e-02,2.074228191276487887e-01,1.965297609325064587e-01,4.185289792217585653e-02,1.421161145178059804e-01,4.307192304483720702e-01,1.859508055420615591e-01,2.541245167102164082e-01,1.663289857228139601e-01,3.935138646848278243e-02,1.377416245227355840e-01
1.655003104794564722e-02,3.525862916385625462e-02,2.393806269456935643e-02,1.683237585755009702e-02,4.541110135629093658e-02,5.696192698938008780e-02,6.284430603829942175e-02,1.654643679496970235e-02,8.334497679169941553e-02,0.000000000000000000e+00,5.880723112872986158e-02,3.689981580626738172e-02,9.511405032841875606e-02,2.473508936431069796e-02,3.231329062755624454e-02,1.858976054800694569e-02,1.778641498330314416e-02,3.343269830773173967e-02,3.535903861817326493e-02,5.924364397741449517e-02,3.685310479536879624e-02,1.072444940529459767e-01,9.203997285534286366e-02,3.410179569046502962e-02,8.477483328181502353e-02,1.952398821346317259e-01,9.844843650978736538e-02,1.328324233004424260e-01,8.443834614288453499e-02,2.487287398774393199e-02,6.883269936729002891e-02,2.642470264529809404e-02,1.860060069227026727e-02,2.994214498339313468e-02,1.874471015553294539e-02,2.996723484987386804e-02,1.404039930475263660e-02,1.182450552700254655e-02,2.772733130782726457e-02,1.785139373302897098e-02,2.346004013315605707e-02,1.780800740666021661e-02,2.388249546342821258e-02,7.772984456185903432e-03,8.483784480498936936e-03,1.963420706826172688e-02,3.536119278725948639e-02,3.660006700067054003e-02,1.986368240819355244e-02,4.592768918753773605e-02,6.477578685850579610e-02,6.772512009126901988e-02,1.613737054026338769e-02,8.096363023145097815e-02,4.932987340898919992e-02,6.571128958891792049e-02,3.942559714304054441e-02,8.944774121015448831e-02,3.130901095830784103e-02,2.629580006548778645e-02,2.506042123910652911e-02,2.090793713878559557e-02,4.118066701077723740e-02,3.025924741387818473e-02,6.074350311090566390e-02,3.820372219127792651e-02,1.115473831494906976e-01,1.045819693417612134e-01,2.215600257123209044e-02,7.674154076299846694e-02,2.330283227839802795e-01,9.881316024916758645e-02,1.370574626406357854e-01,8.958255867544925866e-02,2.117650148083505268e-02,7.483667488089111586e-02
2.077419244753640412e-02,4.546822367285332372e-02,3.077364612654809317e-02,2.145795754885191850e-02,5.880570041232724421e-02,7.489050803124094879e-02,8.163068565054441839e-02,2.085768853339381793e-02,1.075085489021074814e-01,5.880723112872986158e-02,0.000000000000000000e+00,4.719178375420028659e-02,1.227540757285406348e-01,3.237228496346225559e-02,4.130750855624597956e-02,2.473784838688801446e-02,2.328728916283441530e-02,4.345038130971154433e-02,4.527970311403114317e-02,7.604851422849752407e-02,4.634794500713820820e-02,1.392822068403342661e-01,1.188731814618342458e-01,4.352868319090547056e-02,1.083136960900198675e-01,2.492640692690205051e-01,1.284755398119667713e-01,1.721381001877250183e-01,1.109278084389253571e-01,3.269433801216335006e-02,8.928947999576401784e-02,3.413948770624404550e-02,2.375214546144123126e-02,3.789171872680876380e-02,2.369621656585144467e-02,3.787891620894202893e-02,1.769895594093900265e-02,1.499317425661274815e-02,3.551268611111157297e-02,2.284049091590892311e-02,2.998202984843859747e-02,2.277655831052395261e-02,3.044998883286161723e-02,1.004725961500499767e-02,1.064627196331278600e-02,2.462287889652343964e-02,4.522921368813938997e-02,4.778891525909960414e-02,2.506677210649505688e-02,5.931493527781116909e-02,8.499240047970788026e-02,8.710328069363960923e-02,2.097123656230138328e-02,1.061895108364529217e-01,6.276052678202027890e-02,8.609444986328161631e-02,5.156132522296659471e-02,1.173806687001833771e-01,4.063139558818073399e-02,3.453655190867262192e-02,3.250914632446643554e-02,2.674158129966154943e-02,5.231047765713112835e-02,3.993422494741102891e-02,7.864090723469392696e-02,4.911197942431534680e-02,1.440894889653679400e-01,1.361043403286267273e-01,2.915850491822536555e-02,9.936795162025501005e-02,2.993023732368049750e-01,1.292096481824788756e-01,1.776785208517709103e-01,1.157445834437872967e-01,2.783895253502833775e-02,9.629419450109170941e-02
1.361395954944633405e-02,2.814249982070224712e-02,1.924506872845629241e-02,1.351015332529187721e-02,3.597307544211057750e-02,4.632323762418234098e-02,4.994138952325381797e-02,1.362867824722619262e-02,6.685434545749419089e-02,3.689981580626738172e-02,4.719178375420028659e-02,0.000000000000000000e+00,7.641782634294294607e-02,1.986114666298720299e-02,2.649209282187069830e-02,1.488590779745060239e-02,1.450514904769501304e-02,2.676735081489995879e-02,2.835826532371970091e-02,4.763481548888656020e-02,3.004284563118179638e-02,8.571921739086030279e-02,7.550284642885929376e-02,2.813287670982011004e-02,6.710951242333547395e-02,1.582041951998469642e-01,7.865527584546036510e-02,1.068184281600724345e-01,6.830187990409590515e-02,2.022835583284269406e-02,5.574835495226873605e-02,2.124351026516954621e-02,1.488588619510941742e-02,2.413533652948318328e-02,1.504105341683208835e-02,2.359723982767932687e-02,1.105751978177389565e-02,9.449330082567177630e-03,2.235814675008306052e-02,1.429908816626133949e-02,1.886581443775775524e-02,1.430106210549940242e-02,1.893197810139599091e-02,6.172655835720726111e-03,6.712685729242384713e-03,1.580310564750345495e-02,2.810365854292306426e-02,2.918283730500068757e-02,1.593838288622540650e-02,3.661666474842465574e-02,5.244301187988036766e-02,5.463703102066794909e-02,1.334091695502676034e-02,6.486231983192261574e-02,3.901117046856390769e-02,5.279714929421251701e-02,3.278379471192473249e-02,7.203149225049042259e-02,2.487804958105579306e-02,2.148346498840685709e-02,2.003815721806410932e-02,1.664186865016473171e-02,3.311838915576835463e-02,2.453008195064866268e-02,4.796320719467647709e-02,3.115055205051925347e-02,8.855121103421555173e-02,8.538405588054015505e-02,1.840903820014956616e-02,6.130660169970009177e-02,1.873445118074542615e-01,7.941379522304750638e-02,1.097981224683962365e-01,7.099441726208792491e-02,1.685277374451734159e-02,6.081396527568519450e-02
3.456669086320220130e-02,7.435054887221358155e-02,5.007017593229286939e-02,3.520309063005933742e-02,9.464641827586256495e-02,1.224534294625370667e-01,1.311147781831968062e-01,3.430479010940375856e-02,1.762872204206122340e-01,9.511405032841875606e-02,1.227540757285406348e-01,7.641782634294294607e-02,0.000000000000000000e+00,5.187478781678513812e-02,6.812142741267339374e-02,3.969282119387773644e-02,3.764146100397711137e-02,7.063860988268855223e-02,7.394258034336227692e-02,1.239726476762095519e-01,7.621025178372232978e-02,2.278498842691537296e-01,1.947982749621685328e-01,7.188336978349420259e-02,1.773730385774130724e-01,4.115990046345769371e-01,2.086054139854036094e-01,2.798787509926702333e-01,1.792544235759129523e-01,5.261286398237296352e-02,1.452505404589387039e-01,5.585087441101665995e-02,3.947353557158093246e-02,6.272710561140452945e-02,3.950730791294244232e-02,6.112636225564407888e-02,2.901319799860224702e-02,2.509210878030060377e-02,5.938759319067440229e-02,3.775362473013511161e-02,4.967191148663992195e-02,3.801122561221022961e-02,4.938074224726740624e-02,1.643876761718120541e-02,1.781477499613488835e-02,4.158606543392311117e-02,7.411914777767616980e-02,7.749612385101896372e-02,4.157075382578324929e-02,9.607502638508183535e-02,1.393483339464354764e-01,1.416782918466582553e-01,3.451217218106498313e-02,1.728732600181796808e-01,1.017603698282465718e-01,1.380075675085534193e-01,8.245124136369323675e-02,1.901287577296730535e-01,6.533637576090990662e-02,5.627346480305429888e-02,5.260551185165821680e-02,4.342127511741435825e-02,8.573584699884760629e-02,6.385926058747372347e-02,1.274787959458419384e-01,8.046724877342179005e-02,2.351912104979763662e-01,2.231517803128586497e-01,4.745760414148334633e-02,1.620011729572075621e-01,4.939542636022983269e-01,2.099510081478420664e-01,2.884599776607196797e-01,1.880354117040274053e-01,4.415989016940059797e-02,1.583400880549513390e-01
8.751005496562391101e-03,1.932225365560144223e-02,1.303204854973661481e-02,9.295362560598435450e-03,2.462376032570795514e-02,3.141357748087533763e-02,3.388323062977525307e-02,8.898286770858188088e-03,4.592444128402748543e-02,2.473508936431069796e-02,3.237228496346225559e-02,1.986114666298720299e-02,5.187478781678513812e-02,0.000000000000000000e+00,1.779709323696361187e-02,1.013971103496843704e-02,9.816819669672944768e-03,1.828625176461402477e-02,1.929399206327829172e-02,3.162833084210275869e-02,1.988927965083226931e-02,5.872553039819673748e-02,5.017722626758581994e-02,1.833436350640845272e-02,4.592303511238553931e-02,1.064808828905904198e-01,5.386325033911941451e-02,7.253611317342850695e-02,4.631888683094719655e-02,1.383302847247991005e-02,3.758270759481158185e-02,1.462476305730948771e-02,1.010707209930240651e-02,1.607608219026673141e-02,1.025166073915284234e-02,1.573853107756253630e-02,7.567489323431552534e-03,6.555313298696590144e-03,1.544535351230103340e-02,9.712850706422250860e-03,1.257620006228674613e-02,9.839314892390937234e-03,1.285438421504677547e-02,4.285007916348402938e-03,4.687977060774247036e-03,1.041144754346174164e-02,1.941868952069106952e-02,1.994890139018810904e-02,1.094634868488194440e-02,2.500383380417252333e-02,3.634835196331608065e-02,3.661851146957723763e-02,8.933014986332459689e-03,4.548525016349184991e-02,2.654988034240284012e-02,3.636650550137489335e-02,2.133996764233951973e-02,4.925401233407473989e-02,1.708346669940258994e-02,1.454466402024612998e-02,1.372801026805565636e-02,1.144445388171130146e-02,2.281055185389287490e-02,1.659079777951049869e-02,3.301765035863622050e-02,2.099779091055015839e-02,6.166761995619571279e-02,5.705604193057246809e-02,1.205605603189158562e-02,4.214039632763382642e-02,1.279173383446526591e-01,5.418672007493099269e-02,7.479656708774716500e-02,4.897993800090800348e-02,1.146310529249609279e-02,4.102692552265625736e-02
1.212609959977200766e-02,2.475496821831084382e-02,1.711581106438280972e-02,1.151373123383368606e-02,3.229059712963291973e-02,4.163554436269649439e-02,4.501284293301920786e-02,1.160545169584815267e-02,5.925122604126065173e-02,3.231329062755624454e-02,4.130750855624597956e-02,2.649209282187069830e-02,6.812142741267339374e-02,1.779709323696361187e-02,0.000000000000000000e+00,1.387317731743301086e-02,1.272125774088515501e-02,2.375249624466116427e-02,2.482668816175574722e-02,4.239383477389876975e-02,2.549432617441603835e-02,7.634975699525523019e-02,6.676413479972034826e-02,2.491493766779370733e-02,5.920583234739122680e-02,1.375585132373339792e-01,7.094730419000461197e-02,9.506547945878403294e-02,6.182951175445926262e-02,1.766966443579216089e-02,4.975607499390546223e-02,1.895116926573220742e-02,1.311470917800604263e-02,2.146266697944362520e-02,1.308178388892505643e-02,2.097585115557541735e-02,9.673071021549402987e-03,8.231936811444774682e-03,1.991155184093367642e-02,1.260245962764114207e-02,1.681455923732976671e-02,1.258599885021252814e-02,1.668739904235002486e-02,5.477695435546240006e-03,5.811216337520356406e-03,1.374457773187909120e-02,2.490411004142864190e-02,2.610306733892948927e-02,1.363375630848304501e-02,3.267317412512482644e-02,4.677388055738919415e-02,4.849568731388184673e-02,1.181837296876102859e-02,5.823398107015796688e-02,3.419790034782628496e-02,4.741977746250895104e-02,2.987196542129286203e-02,6.479030773278303401e-02,2.225919777369594552e-02,1.962879392235247419e-02,1.803611603629975968e-02,1.440129475281482288e-02,2.804563248458567110e-02,2.252312896799044464e-02,4.289545881897552371e-02,2.710878538271135202e-02,7.844172149182065956e-02,7.592447865571393117e-02,1.682779909787186778e-02,5.435629343411662456e-02,1.646585483888406420e-01,7.130851922409633947e-02,9.683539602596574758e-02,6.360026450321554226e-02,1.514235515583597230e-02,5.301951641430140832e-02
6.595145039973628748e-03,1.471411705999987538e-02,9.796794513404968874e-03,6.753090165289022707e-03,1.879857879013112354e-02,2.424682820147261442e-02,2.603285819593625233e-02,6.863180803466012447e-03,3.513045340788452375e-02,1.858976054800694569e-02,2.473784838688801446e-02,1.488590779745060239e-02,3.969282119387773644e-02,1.013971103496843704e-02,1.387317731743301086e-02,0.000000000000000000e+00,7.402676960061428321e-03,1.385732035585700121e-02,1.473457889051216045e-02,2.432301681246175351e-02,1.502313287673677847e-02,4.560050367542901883e-02,3.911947124957650818e-02,1.399347244121797521e-02,3.489253457182023982e-02,8.163284085374809818e-02,4.148044873105100755e-02,5.578163910174427365e-02,3.576614223954292793e-02,1.061277667072995680e-02,2.882631318646817001e-02,1.129584659252639949e-02,7.720399628475305837e-03,1.215925345955824743e-02,7.639735780591083020e-03,1.180277138721921165e-02,5.576508320833298282e-03,4.988286446482093246e-03,1.179855162081477025e-02,7.420119717948772675e-03,9.592101542236972783e-03,7.250636205957151914e-03,9.649874979215123175e-03,3.198565545048764371e-03,3.537147292994815943e-03,7.859275205694611285e-03,1.480775138056618367e-02,1.501838590203968468e-02,8.019957138679870839e-03,1.899098317183577772e-02,2.773706130613933299e-02,2.786941320531833438e-02,6.783196713310498359e-03,3.463903357571328917e-02,2.003336474580383331e-02,2.805413809536125291e-02,1.624136949612903225e-02,3.799016368948422706e-02,1.283117299454627873e-02,1.121709661195103951e-02,1.037733266143966472e-02,8.581848788636967790e-03,1.708664273181470863e-02,1.266804659261799339e-02,2.527184277361533768e-02,1.577719295625842205e-02,4.753967820404778055e-02,4.433017675885601860e-02,9.384774532355925208e-03,3.205959968935268023e-02,9.805733409199678119e-02,4.149168571417317236e-02,5.751036329879545550e-02,3.741707162531741904e-02,8.978900298806187855e-03,3.126386424472169662e-02
6.358865049145546143e-03,1.410122516398646698e-02,9.374675691866559551e-03,6.604269588954194727e-03,1.785344899545272118e-02,2.287775433659126889e-02,2.487531285015400287e-02,6.446878940187590612e-03,3.315554139782159182e-02,1.778641498330314416e-02,2.328728916283441530e-02,1.450514904769501304e-02,3.764146100397711137e-02,9.816819669672944768e-03,1.272125774088515501e-02,7.402676960061428321e-03,0.000000000000000000e+00,1.302175298439377411e-02,1.390473803708724802e-02,2.308442064912646224e-02,1.446169544396942383e-02,4.255782313726368116e-02,3.648122926991104187e-02,1.351654898118004149e-02,3.335149262792720670e-02,7.705331006954584117e-02,3.952388107163067044e-02,5.274033752818369641e-02,3.331217153713091073e-02,9.983563440167682670e-03,2.738978205050494191e-02,1.031037146401724176e-02,7.318460478041799444e-03,1.172275883604993220e-02,7.351986218031191650e-03,1.166332761304712806e-02,5.501634998055705827e-03,4.671308330120714503e-03,1.093721642245160455e-02,6.988582046972961238e-03,9.193407242557136497e-03,7.089382850866507435e-03,9.409685342031357327e-03,3.034823784897635029e-03,3.343819916347124093e-03,7.604790618817556386e-03,1.402139287846018191e-02,1.469147315282126609e-02,7.845828244322184883e-03,1.806626384878791403e-02,2.607310295020270202e-02,2.654954153248448648e-02,6.389617171624425822e-03,3.233367640584370456e-02,1.928810328534977941e-02,2.611561225518396409e-02,1.587605829478713759e-02,3.580693079526772737e-02,1.245389818853429899e-02,1.043755199673167093e-02,9.717518992186615495e-03,8.223683690577089297e-03,1.608398566481068770e-02,1.203878513567505776e-02,2.408917233356184379e-02,1.503907359883622369e-02,4.413380254662764568e-02,4.154910927770815582e-02,8.835396806918282761e-03,3.045605611936200163e-02,9.193950881553905607e-02,3.961728501860801999e-02,5.438414900804092872e-02,3.532350045640169495e-02,8.477334495660996186e-03,2.958598343463941793e-02
1.190940841939101304e-02,2.605059420850793298e-02,1.732248769047178838e-02,1.226209532183764397e-02,3.351872902861132569e-02,4.304016146608030668e-02,4.637601877167930181e-02,1.195834970895845104e-02,6.184172909163097864e-02,3.343269830773173967e-02,4.345038130971154433e-02,2.676735081489995879e-02,7.063860988268855223e-02,1.828625176461402477e-02,2.375249624466116427e-02,1.385732035585700121e-02,1.302175298439377411e-02,0.000000000000000000e+00,2.588840336405921413e-02,4.336087468536559131e-02,2.671324090016417158e-02,7.977334779258540842e-02,6.804838043162579619e-02,2.503081145679263153e-02,6.202369392918871682e-02,1.441208429654315670e-01,7.312597228878482680e-02,9.862628615970774060e-02,6.324649940788534819e-02,1.846693144841275724e-02,5.083472675680242997e-02,1.959487185535411027e-02,1.373222132980737864e-02,2.170329419109972083e-02,1.368202763150384166e-02,2.150721177223001435e-02,1.014952422244055907e-02,8.713745972023659650e-03,2.070679292248110356e-02,1.307168457285746294e-02,1.711626643018578781e-02,1.313352821935035580e-02,1.741932952131187290e-02,5.818988084007318227e-03,6.124598051702330112e-03,1.411378373814699966e-02,2.607201223005703450e-02,2.681296447909891495e-02,1.456600996271753892e-02,3.397878129298372019e-02,4.903600577638989738e-02,5.008666422531887763e-02,1.208802612473487345e-02,6.043403545657162479e-02,3.573713138019769808e-02,4.876112551299944392e-02,2.874540258224864836e-02,6.672677516580351187e-02,2.297099620425618188e-02,1.965113158056040060e-02,1.839915800224750306e-02,1.516561601133014497e-02,2.999445517413617743e-02,2.234571973774275924e-02,4.468716287248283847e-02,2.811701626452799141e-02,8.251968410509256946e-02,7.768717494950583280e-02,1.637492369510557683e-02,5.670589172783009613e-02,1.724489726395833367e-01,7.331175909737307206e-02,1.007947120518800643e-01,6.609631545678129605e-02,1.549724214907928499e-02,5.550659690625499992e-02
1.270641063842193122e-02,2.713748243683114167e-02,1.866069305872608552e-02,1.266576108168503828e-02,3.515817884795231080e-02,4.568752470996347015e-02,4.899027726793633158e-02,1.241109606520519708e-02,6.542816233223204547e-02,3.535903861817326493e-02,4.527970311403114317e-02,2.835826532371970091e-02,7.394258034336227692e-02,1.929399206327829172e-02,2.482668816175574722e-02,1.473457889051216045e-02,1.390473803708724802e-02,2.588840336405921413e-02,0.000000000000000000e+00,4.602717071631615836e-02,2.758677196480948182e-02,8.421113745425896913e-02,7.184339499889559610e-02,2.622292294252830808e-02,6.466444038573498920e-02,1.499724293826004695e-01,7.776237412504712065e-02,1.034650103425171913e-01,6.719810299645356810e-02,1.941105111082175663e-02,5.369375659275384127e-02,2.045000000694856962e-02,1.454566873221746146e-02,2.293363727024705020e-02,1.442181015485463798e-02,2.259842867415827808e-02,1.059634695225104319e-02,9.116212982286455574e-03,2.127661657830815303e-02,1.379637040376365670e-02,1.806393103760852922e-02,1.370395308210831976e-02,1.814697654435856733e-02,5.992735998435251912e-03,6.441695762084979210e-03,1.496715878309597125e-02,2.716816621434178097e-02,2.872659016368657794e-02,1.509038564824044006e-02,3.545698084838851821e-02,5.167908836671620404e-02,5.273602211019641495e-02,1.255972081419644629e-02,6.462291001445420735e-02,3.737463551547406948e-02,5.152861732577249804e-02,3.085440517701885932e-02,7.107186405993186351e-02,2.402729480774493109e-02,2.078988353799880381e-02,1.944649598103796034e-02,1.577759870872532527e-02,3.108707994787663492e-02,2.435018646939361014e-02,4.745054569319719084e-02,2.914039234323489297e-02,8.690829221075119237e-02,8.194002597068360261e-02,1.774797253119050552e-02,5.954870410093469901e-02,1.805330179723030615e-01,7.813321010888039930e-02,1.066738667534715967e-01,6.984442483528655043e-02,1.671201767095679622e-02,5.786905940253109920e-02
2.172828768822856332e-02,4.586539377178478621e-02,3.120905316690286008e-02,2.161783083543160691e-02,5.793127932295376314e-02,7.638089614447905740e-02,8.108958624856955899e-02,2.145606055260772249e-02,1.104101796944604863e-01,5.924364397741449517e-02,7.604851422849752407e-02,4.763481548888656020e-02,1.239726476762095519e-01,3.162833084210275869e-02,4.239383477389876975e-02,2.432301681246175351e-02,2.308442064912646224e-02,4.336087468536559131e-02,4.602717071631615836e-02,0.000000000000000000e+00,4.713752918193851726e-02,1.403340331523232343e-01,1.217927135347229850e-01,4.451095849651545006e-02,1.087737103353144108e-01,2.545017978537513215e-01,1.289689001036359584e-01,1.733150786614595651e-01,1.110228032354807076e-01,3.218601559238120496e-02,8.972098303075924652e-02,3.451342735599994410e-02,2.381580547632208139e-02,3.861126071561820500e-02,2.406846963757738184e-02,3.790599035678067497e-02,1.795854543708362561e-02,1.535861722205525068e-02,3.587288603535675885e-02,2.286477559948731780e-02,3.010964772143399915e-02,2.257696957530153786e-02,3.034218384019608805e-02,9.985303462401059343e-03,1.093205133747253248e-02,2.547765515408007692e-02,4.640674402175348073e-02,4.732368451078863142e-02,2.536779708865712080e-02,5.881663533992952109e-02,8.588821347465747102e-02,8.797515556377931423e-02,2.139334898085135106e-02,1.072259092220206461e-01,6.257143146234926678e-02,8.516420419648801365e-02,5.095359258087192589e-02,1.175902788819981060e-01,3.992085306591849209e-02,3.453915740972806486e-02,3.232337855161798029e-02,2.699831333960739030e-02,5.290162299946959967e-02,3.960214729721703991e-02,7.909990896760826784e-02,4.893506126646766929e-02,1.454012436539938724e-01,1.389653566437039078e-01,2.928762990661538945e-02,9.935034038850956706e-02,3.030705349422104788e-01,1.302256305032304662e-01,1.778197081444679861e-01,1.169942299260579160e-01,2.792643745399677607e-02,9.709613092766092302e-02
1.343422083568035844e-02,2.790478473615753616e-02,1.902819369692711898e-02,1.339284908952073118e-02,3.596791928716836645e-02,4.594235488661643774e-02,4.990684602131544717e-02,1.296175393055876320e-02,6.579489040274705269e-02,3.685310479536879624e-02,4.634794500713820820e-02,3.004284563118179638e-02,7.621025178372232978e-02,1.988927965083226931e-02,2.549432617441603835e-02,1.502313287673677847e-02,1.446169544396942383e-02,2.671324090016417158e-02,2.758677196480948182e-02,4.713752918193851726e-02,0.000000000000000000e+00,8.454683623031525319e-02,7.354469668724272768e-02,2.799759776494843352e-02,6.726888806040091928e-02,1.558244428627069966e-01,7.892572978535596084e-02,1.058874152368514399e-01,6.752737132007932686e-02,1.960745839998366893e-02,5.505705350359562517e-02,2.095692652195552466e-02,1.488152610360673513e-02,2.387473248309932364e-02,1.497804536608253294e-02,2.364868931326377308e-02,1.105677256374574050e-02,9.368557162584820186e-03,2.230885600805678284e-02,1.396610716624728174e-02,1.871432440664527394e-02,1.449124608083809072e-02,1.902040749288002111e-02,6.287583508294000874e-03,6.573069170735229734e-03,1.549678171804917508e-02,2.789065922859191096e-02,2.915179779002287017e-02,1.586192413725967532e-02,3.664124031218794070e-02,5.214949932141160760e-02,5.421673778978078340e-02,1.297656484384258554e-02,6.436884656821513506e-02,3.895023596470964522e-02,5.225230185755115608e-02,3.267539577438702270e-02,7.131507220259779289e-02,2.477495676589303031e-02,2.144716402928434004e-02,2.010310684774759687e-02,1.653678851069797021e-02,3.245917692118961695e-02,2.410475101026600397e-02,4.790366137107555239e-02,3.079147884264451379e-02,8.736300866273973009e-02,8.383816515387454427e-02,1.820650921247054729e-02,6.102818721620639070e-02,1.856372319652842273e-01,7.918253266667282797e-02,1.085019499875509164e-01,7.060853101031132339e-02,1.650190561148148077e-02,6.008093544003391406e-02
