0.000000000000000000e+00,1.116618850249287941e-02,9.346110880105135826e-03,4.611415882126128005e-03,1.955570289158771111e-02,2.557371118548387029e-02,2.427968280393662942e-02,5.772114087474087933e-03,3.519788409717407307e-02,1.518356460515524198e-02,2.066913292290769449e-02,1.096176178235432064e-02,3.659678091794173888e-02,1.002284463918759298e-02,1.328909753831093027e-02,7.284372870685755161e-03,6.518826403750154104e-03,1.353954491934417428e-02,1.347868209296141512e-02,2.590286419005532678e-02,1.251964146389431334e-02,4.077630551679760351e-02,3.945141234302999844e-02,1.471554233437761573e-02,2.539376061293881562e-02,6.961760720950997683e-02,3.572856313074549567e-02,4.976603336558538954e-02,3.548233206379121374e-02,9.991547698066788330e-03,2.224904847236943914e-02,8.070574864453979383e-03,5.641338746295384947e-03,6.514460626718176182e-03,4.201931304514395366e-03,1.138458958289769070e-02,3.820603009016063610e-03,2.850617151402443268e-03,8.193924359876350941e-03,5.604723464793977435e-03,7.426010340374419871e-03,5.716210289682834358e-03,7.135743063431685199e-03,2.390283246125041346e-03,2.152531143335830247e-03,5.749626732967179008e-03,9.461424827597231593e-03,1.413169160620037987e-02,5.264053753075007176e-03,1.577801425488515458e-02,2.639027239725984242e-02,2.367929738233531464e-02,6.564215291857979605e-03,4.115894666437453636e-02,1.660945482825252825e-02,2.919898784730583230e-02,1.514425738094510657e-02,3.640736926383811994e-02,1.130826284140203086e-02,1.284338831130921697e-02,1.101118546370630745e-02,7.419187274235751126e-03,1.342563527399721207e-02,1.602440615504247684e-02,2.181469067096150974e-02,1.273049181199187481e-02,4.128699574283562629e-02,3.905121303979172676e-02,1.096581740740632145e-02,2.813484738044638375e-02,9.275230175328455506e-02,3.662452267892081503e-02,4.833337624196836629e-02,3.159457806369918992e-02,8.558929810509437186e-03,2.512278618347207892e-02
1.116618850249287941e-02,0.000000000000000000e+00,1.669422257830564110e-02,8.525353066689576875e-03,3.595612658375250265e-02,4.571853855786949666e-02,4.453917385384682792e-02,1.051303076714424876e-02,6.418859769570431362e-02,2.720991410384262371e-02,3.745767459806053495e-02,1.894151803149734387e-02,6.612005318693531253e-02,1.796031903317861847e-02,2.366863475596807029e-02,1.343683639290575715e-02,1.185021377084491921e-02,2.497586922300372436e-02,2.439296092996581442e-02,4.700892804130311214e-02,2.275397143514608367e-02,7.354512814880462268e-02,7.065103520664899051e-02,2.569914093327014398e-02,4.539923443584248375e-02,1.234231021539310968e-01,6.393955048861434121e-02,9.047749080840514213e-02,6.505463136512304456e-02,1.877613224545550755e-02,4.039385456185391049e-02,1.423426186042198692e-02,9.717722907820282308e-03,1.127892823528188308e-02,7.287880536768986950e-03,2.088487056191727642e-02,6.895463123387379420e-03,4.861254215717173907e-03,1.402739917371496892e-02,9.848663623521910007e-03,1.268294231949174469e-02,9.812036181784849001e-03,1.295001150118020583e-02,4.354647170666755586e-03,3.635938270894486547e-03,1.009631083878959751e-02,1.674164835570434232e-02,2.515961169471284120e-02,9.182957652908782867e-03,2.863508724701456509e-02,4.741159541393212551e-02,4.275440334963636485e-02,1.175688843688063763e-02,7.474869015821888896e-02,3.010862246758439636e-02,5.351143211584317300e-02,2.639963108726933044e-02,6.575417012238449210e-02,2.099661349701577653e-02,2.269487094952300776e-02,1.991075541571970392e-02,1.379349332076777040e-02,2.439405826915328271e-02,2.957519266106667377e-02,3.869729781789754686e-02,2.291108365110841941e-02,7.458135929034996614e-02,7.017601630104942922e-02,1.927231729014186254e-02,5.051585391813512294e-02,1.660733651779317810e-01,6.584451556335201017e-02,8.725241937224008371e-02,5.643263027860176417e-02,1.589928525171846116e-02,4.507173503564478045e-02
9.346110880105135826e-03,1.669422257830564110e-02,0.000000000000000000e+00,6.862701877372491197e-03,2.920047132602182627e-02,3.760281723577399426e-02,3.640464292551431891e-02,8.449734906421270050e-03,5.266206623880993060e-02,2.249142802892012058e-02,3.069060718152666345e-02,1.592489271813173762e-02,5.417661388901703207e-02,1.482548713153590200e-02,1.943539386099036106e-02,1.103895068366558124e-02,9.696966476953765984e-03,2.040376838323288214e-02,2.032010011105418040e-02,3.870149598965783727e-02,1.840535811322665041e-02,6.075271250829863967e-02,5.853052553418366249e-02,2.109491585674443115e-02,3.770351018161153395e-02,1.019862763376589848e-01,5.314542170640845775e-02,7.358347268762388538e-02,5.366759781283318709e-02,1.537030498537652126e-02,3.344505264857640381e-02,1.150498877203478577e-02,8.128064683883952021e-03,9.498637630963886053e-03,6.169445717114976739e-03,1.688555958026513246e-02,5.598133413968513043e-03,4.015987461989972696e-03,1.149081011407726907e-02,8.057006670001625598e-03,1.053964189095708132e-02,8.078894591015971932e-03,1.061397271095738774e-02,3.471342849604704822e-03,3.012212370389134516e-03,8.435560989003292390e-03,1.418716588629334238e-02,2.112055273942217010e-02,7.700331299656712133e-03,2.328291393226684242e-02,3.917669278746786082e-02,3.512739625134672639e-02,9.668602839234883076e-03,6.095961863617680582e-02,2.447647663797992285e-02,4.332359953576129380e-02,2.187602710019838359e-02,5.377474576861939609e-02,1.695442932019768090e-02,1.876466235400743934e-02,1.635288826795367606e-02,1.123137520102385038e-02,2.003857352861043023e-02,2.433988347611710026e-02,3.245389239259790365e-02,1.861346108505885361e-02,6.169239305912756210e-02,5.798266938554921118e-02,1.577372960064881216e-02,4.160129283587639393e-02,1.358652581495025935e-01,5.439079701930837202e-02,7.180045854654086568e-02,4.707718741262118672e-02,1.308424327041674863e-02,3.724002971250787303e-02
4.611415882126128005e-03,8.525353066689576875e-03,6.862701877372491197e-03,0.000000000000000000e+00,1.503595822741079016e-02,1.938385581529626991e-02,1.845541195139861063e-02,4.340408334177176843e-03,2.693956104044401695e-02,1.120657679271474215e-02,1.571680511353273912e-02,7.811829643485807342e-03,2.779643368440364026e-02,7.647681979262714244e-03,9.705383541654873450e-03,5.412680764212573874e-03,4.936897603878801118e-03,1.028942189660446600e-02,1.005909997032185428e-02,1.954083434677478595e-02,9.362104648153134895e-03,3.059096935542700985e-02,2.907572406964642822e-02,1.061462259053000748e-02,1.892618098806351026e-02,5.142750578387459554e-02,2.677233951004894322e-02,3.745747539590792152e-02,2.709158722425279026e-02,7.767677258568133659e-03,1.670783710176405520e-02,5.931458062593013801e-03,4.174211513903039635e-03,4.731230772973874475e-03,3.073448544008100611e-03,8.587947409570540966e-03,2.740788555518021852e-03,2.015012688172659536e-03,5.890196840624107102e-03,4.116767582097578815e-03,5.391783559939976149e-03,4.180573350130736832e-03,5.326753936439245635e-03,1.813776747501734572e-03,1.543657917434518041e-03,4.284251594593680920e-03,6.917534782667036572e-03,1.059430895132982414e-02,3.909579515566948341e-03,1.202240750485555031e-02,1.993594066310823421e-02,1.797242479249113942e-02,4.903224244059657330e-03,3.126197109049015654e-02,1.252689184726381993e-02,2.238936304040699959e-02,1.100255100008135610e-02,2.772108273222366470e-02,8.693744470041312941e-03,9.469057705997895036e-03,8.260824659451510704e-03,5.715989323151025349e-03,1.013222309644382264e-02,1.244842414006278736e-02,1.622474273158871702e-02,9.707386867618281179e-03,3.086695303203702834e-02,2.891730088496411583e-02,8.067261839784978586e-03,2.098703535828537817e-02,6.962166170257212683e-02,2.767151905195756878e-02,3.620221125342155954e-02,2.374923637241553587e-02,6.485577001728112627e-03,1.874124288374388533e-02
1.955570289158771111e-02,3.595612658375250265e-02,2.920047132602182627e-02,1.503595822741079016e-02,0.000000000000000000e+00,8.052971930506525045e-02,7.881656217181151614e-02,1.810553597524385688e-02,1.127230208744925133e-01,4.795188941547171013e-02,6.645055198292251775e-02,3.346007398441954578e-02,1.175428012014278767e-01,3.235000010101293788e-02,3.979941906481451741e-02,2.331384219862459375e-02,2.066762209181947571e-02,4.355144282590987098e-02,4.262928384355279404e-02,8.182962117198776253e-02,3.918382045270536740e-02,1.283617162388533128e-01,1.214874181345191734e-01,4.457362296118108635e-02,8.047301622714403413e-02,2.131152746849998836e-01,1.128550814000058994e-01,1.592058113309379186e-01,1.138319309497201476e-01,3.265046231358031265e-02,7.012141942701716202e-02,2.569750326471700527e-02,1.782611492696900904e-02,2.061452312876557724e-02,1.345203145373925248e-02,3.720394502339307435e-02,1.238608509868629505e-02,8.637820913820244348e-03,2.547362033480242774e-02,1.775105361107149476e-02,2.298637735202490109e-02,1.793527819119705019e-02,2.338303144477157924e-02,8.100157681290954398e-03,6.458335792505521221e-03,1.813150333493688399e-02,2.938650733305496476e-02,4.393506308493404233e-02,1.694437482831608055e-02,5.119875719266206437e-02,8.406073028915730938e-02,7.636387381752353376e-02,2.051899653475244834e-02,1.305261498783158447e-01,5.380567734963871002e-02,9.333142452600441674e-02,4.667478635518724356e-02,1.161802630526932029e-01,3.720337334915088667e-02,3.854445491475032987e-02,3.482359619014230301e-02,2.411327722437836205e-02,4.274134278301171957e-02,5.096486358328623789e-02,6.778243746518144985e-02,4.007434439863237496e-02,1.290883159235348965e-01,1.207033179029956271e-01,3.355768867252115206e-02,8.917921954707544452e-02,2.869111440805505175e-01,1.156750989032284405e-01,1.527144278040662162e-01,1.007814703488437713e-01,2.768603492080203010e-02,7.859568953223311505e-02
2.557371118548387029e-02,4.571853855786949666e-02,3.760281723577399426e-02,1.938385581529626991e-02,8.052971930506525045e-02,0.000000000000000000e+00,1.008444449137770454e-01,2.290026474932159786e-02,1.446305832086757504e-01,6.125497565341225803e-02,8.419124487549743685e-02,4.312514503881815370e-02,1.511805560823911154e-01,4.171174112539003526e-02,5.107927401743110607e-02,3.021657408708858239e-02,2.626899867399250590e-02,5.608236788009000884e-02,5.449128264756536444e-02,1.054692937700856398e-01,4.959000611259425234e-02,1.659935420312838306e-01,1.575157279220752438e-01,5.744428795488715211e-02,1.042741894746566506e-01,2.765056948835285522e-01,1.462765457448092499e-01,2.040581497493138552e-01,1.464721534490510402e-01,4.152130480711873489e-02,9.086367226181425727e-02,3.280234282790402828e-02,2.286267595456968962e-02,2.662470063022823186e-02,1.731418103927847771e-02,4.759505092645893026e-02,1.584951165020005021e-02,1.101639914942486101e-02,3.276626069127774182e-02,2.294969050608665004e-02,2.955122940349997132e-02,2.276191525081854017e-02,3.000108053365623667e-02,1.036179355938534816e-02,8.367894332413233077e-03,2.396015635670824609e-02,3.843127767554944951e-02,5.714413830986105752e-02,2.178333979191371048e-02,6.523024129948379324e-02,1.086296724737860070e-01,9.823369578937191093e-02,2.647703688788147561e-02,1.677126309566292495e-01,6.803828260718107479e-02,1.181724068512689380e-01,5.926150537309307631e-02,1.497289685135943516e-01,4.769664192063668984e-02,4.985750606334567875e-02,4.441020740846378378e-02,3.089586341963787910e-02,5.527064775989486145e-02,6.510977396076102208e-02,8.747552960962304280e-02,5.143777100730809182e-02,1.663754147498668901e-01,1.572511010808691767e-01,4.358714360408687954e-02,1.151353369304806418e-01,3.700800405834711593e-01,1.496052334173478826e-01,1.975926734512886696e-01,1.293519078584974002e-01,3.547554323074946642e-02,1.027678015814171425e-01
2.427968280393662942e-02,4.453917385384682792e-02,3.640464292551431891e-02,1.845541195139861063e-02,7.881656217181151614e-02,1.008444449137770454e-01,0.000000000000000000e+00,2.291088302986133904e-02,1.417642983780876831e-01,5.924445217449288148e-02,8.315607017193703265e-02,4.126816075607423612e-02,1.457259442131374205e-01,3.986786169397230073e-02,5.048587463355985044e-02,2.912958502012700374e-02,2.576985893017590817e-02,5.459051476496964983e-02,5.350844026413711235e-02,1.023773329088037282e-01,4.895063101542886097e-02,1.614884247701337816e-01,1.527192799670428758e-01,5.543582617366477755e-02,9.951289081042029305e-02,2.672437391009305774e-01,1.399465054879836523e-01,1.982611809333995612e-01,1.419792199278271383e-01,4.052905727584777545e-02,8.692580640082347987e-02,3.171735847229684852e-02,2.227488320690117901e-02,2.558620061917544000e-02,1.661408997013960609e-02,4.598978562612948684e-02,1.525797490679611443e-02,1.097318195212684463e-02,3.144351423803782436e-02,2.226247187232771249e-02,2.854987337787166790e-02,2.205938673293775243e-02,2.882525443284485178e-02,9.830567157527071373e-03,8.107950276451524052e-03,2.234574156246987506e-02,3.659722391048958468e-02,5.431599427441301947e-02,2.070670559643630546e-02,6.329314207222015709e-02,1.050019977608502159e-01,9.474166849080553621e-02,2.571602195505967234e-02,1.642194292997325167e-01,6.660391713245797374e-02,1.168091152287725337e-01,5.747243825394807160e-02,1.450472966231695360e-01,4.602693386437928247e-02,4.828497329145849115e-02,4.338042773858882817e-02,3.013617943356121376e-02,5.328062058925673444e-02,6.360426021118432971e-02,8.469289918313817334e-02,4.986105887240175477e-02,1.622075079902066397e-01,1.513531572173832940e-01,4.156160868495514804e-02,1.112038611366493041e-01,3.591022820914513969e-01,1.439645264419507076e-01,1.906904549788711878e-01,1.253789731781689010e-01,3.448288410635725471e-02,9.760285887618147527e-02
5.772114087474087933e-03,1.051303076714424876e-02,8.449734906421270050e-03,4.340408334177176843e-03,1.810553597524385688e-02,2.290026474932159786e-02,2.291088302986133904e-02,0.000000000000000000e+00,3.200145540308431402e-02,1.420480625406037208e-02,1.899698857012888098e-02,1.020673544014479017e-02,3.387949743244901557e-02,9.306655009328578324e-03,1.169632766827776414e-02,6.974193360567122225e-03,5.988156048071037289e-03,1.250710919539829193e-02,1.232991565913264809e-02,2.342595036369667441e-02,1.147883027306140745e-02,3.736819943486587026e-02,3.531075091975893060e-02,1.291166765876008635e-02,2.369676326921032680e-02,6.248443464767365618e-02,3.271796396639616022e-02,4.651509665273592664e-02,3.290110841849941403e-02,9.280072904539821838e-03,2.069193347048052176e-02,7.369906190207512788e-03,5.150239583678020878e-03,6.337760341778772392e-03,4.027636801892458054e-03,1.047520540142815940e-02,3.525921572666174467e-03,2.493608986433652232e-03,7.390116223207018366e-03,5.064774332823319437e-03,6.647902346896535607e-03,5.191101947565099350e-03,6.908383607794836741e-03,2.404605274787871040e-03,1.866027602973875177e-03,5.179562998290542647e-03,8.875516424203123977e-03,1.272049506516836556e-02,4.954816909843609216e-03,1.474870900023566439e-02,2.389429882358847651e-02,2.234464128509103253e-02,6.080939467616006296e-03,3.676970946991083011e-02,1.581017382395455417e-02,2.679463931261224716e-02,1.428380357014243443e-02,3.354283208850442760e-02,1.069811003329290168e-02,1.128655147259989555e-02,9.998969541889751733e-03,6.910705711020536345e-03,1.233437721101474094e-02,1.465147085963998223e-02,1.982488964418302815e-02,1.181188234689349408e-02,3.765778417509919873e-02,3.573805260273937162e-02,9.541380639619798446e-03,2.587530650215234471e-02,8.269765833839880231e-02,3.347114552774285018e-02,4.491636965289735883e-02,2.895903107125525483e-02,7.969700677027961172e-03,2.296596251474290404e-02
3.519788409717407307e-02,6.418859769570431362e-02,5.266206623880993060e-02,2.693956104044401695e-02,1.127230208744925133e-01,1.446305832086757504e-01,1.417642983780876831e-01,3.200145540308431402e-02,0.000000000000000000e+00,8.645592373085941862e-02,1.178892364754889205e-01,5.985349310294743597e-02,2.112285767042330065e-01,5.820209083434754044e-02,7.140082139767713054e-02,4.286544726006537992e-02,3.722739388433615043e-02,7.885813493639882987e-02,7.687996428116974923e-02,1.488243766406764923e-01,6.943511776013852610e-02,2.323544628321992100e-01,2.202838689672211581e-01,7.915190847669391350e-02,1.461855053247261838e-01,3.838668456991580769e-01,2.063868709487259867e-01,2.863591319038171767e-01,2.064014556005996093e-01,5.831764048176930199e-02,1.268325923912151099e-01,4.493458236385242111e-02,3.184609678369967889e-02,3.720046616007675194e-02,2.422389560090341606e-02,6.685169184404413101e-02,2.199468874814676511e-02,1.515771628359860804e-02,4.469547196185931492e-02,3.174721491512792065e-02,4.138004303580598842e-02,3.197546950241592773e-02,4.194088690205955566e-02,1.429730395178155367e-02,1.152723119623017163e-02,3.278896650034659327e-02,5.393833488506945967e-02,8.002493426612322658e-02,3.015525109219128336e-02,9.081191102921978842e-02,1.514564560610323352e-01,1.371343743474402188e-01,3.690179864837707380e-02,2.334376637920896336e-01,9.613848331831569005e-02,1.655881874960780931e-01,8.320805104533471330e-02,2.083751794033840421e-01,6.663792291551524916e-02,6.973669943844086616e-02,6.239152110974713339e-02,4.382087893878267720e-02,7.719433086315838355e-02,9.185050045272857844e-02,1.236325438576960922e-01,7.168739905826369829e-02,2.338890279328402766e-01,2.201820608683146552e-01,6.003301884961621815e-02,1.611158842303856975e-01,5.141935674005947421e-01,2.101681213801585846e-01,2.772879851705536969e-01,1.814426009130233608e-01,4.999403915800570281e-02,1.433054376490758008e-01
1.518356460515524198e-02,2.720991410384262371e-02,2.249142802892012058e-02,1.120657679271474215e-02,4.795188941547171013e-02,6.125497565341225803e-02,5.924445217449288148e-02,1.420480625406037208e-02,8.645592373085941862e-02,0.000000000000000000e+00,5.013263505818618682e-02,2.513301083904667665e-02,8.842015808901354523e-02,2.398901265214519601e-02,3.207480077144070352e-02,1.802448074139277254e-02,1.574689437419770147e-02,3.354079462199745232e-02,3.314434431844474893e-02,6.332333804367787367e-02,3.050138086479837335e-02,9.971917822778227081e-02,9.561202556374032158e-02,3.453562045101685185e-02,6.118810082971884445e-02,1.664665889194139881e-01,8.585057309460165931e-02,1.210642477981851151e-01,8.696289879608803952e-02,2.485376396359603030e-02,5.424029998766036198e-02,1.896346835428890792e-02,1.338621887473374211e-02,1.520582490542174772e-02,9.872833970356636318e-03,2.795720721329949393e-02,9.167580409442436379e-03,6.536964595355672022e-03,1.875614457913191840e-02,1.326599952138309696e-02,1.702536839819982287e-02,1.304593934202187555e-02,1.725014606902538356e-02,5.768169139074314639e-03,4.952617788034776626e-03,1.356115951498036362e-02,2.258137330466263720e-02,3.367867053930789778e-02,1.243434180225579458e-02,3.840910068290706580e-02,6.317086128975048231e-02,5.734184269153574931e-02,1.589982002868079239e-02,9.994798054748506300e-02,4.007091762904133742e-02,7.142325487090638025e-02,3.526966449433448919e-02,8.816587019837152095e-02,2.772582683923039554e-02,3.013044521602082498e-02,2.674197259908861479e-02,1.834945287871617842e-02,3.315034995798395168e-02,3.941147094732148914e-02,5.171211476261478729e-02,3.085877247425337921e-02,1.002764030393831912e-01,9.413826350609057203e-02,2.575262817383694100e-02,6.813577259016451171e-02,2.238275472926088694e-01,8.824743511715588129e-02,1.176005787993812390e-01,7.623827320457500500e-02,2.155027007814087556e-02,6.050327461769169912e-02
2.066913292290769449e-02,3.745767459806053495e-02,3.069060718152666345e-02,1.571680511353273912e-02,6.645055198292251775e-02,8.419124487549743685e-02,8.315607017193703265e-02,1.899698857012888098e-02,1.178892364754889205e-01,5.013263505818618682e-02,0.000000000000000000e+00,3.533958738764553242e-02,1.228206598287703566e-01,3.369106412406457085e-02,4.237630295091982663e-02,2.474918490034487550e-02,2.152356100488484955e-02,4.590693180289968228e-02,4.492497618436881029e-02,8.610070677658716864e-02,4.096269731267538489e-02,1.357526933169783678e-01,1.287558076539577212e-01,4.663558188584677328e-02,8.459552906337883260e-02,2.252666071981655194e-01,1.190712970805023196e-01,1.674268848895898720e-01,1.198662555261981594e-01,3.384165135156290416e-02,7.426312015689633117e-02,2.694159025356010831e-02,1.867797233283244318e-02,2.204957627134107243e-02,1.418176508470990992e-02,3.858532995580115504e-02,1.292123733915403506e-02,9.191148509137814920e-03,2.659812402083415461e-02,1.881110393302086112e-02,2.438252666371700655e-02,1.864883390779088768e-02,2.445491018043494461e-02,8.396500195168563052e-03,6.949593403313227870e-03,1.888547517341378559e-02,3.132530435900336002e-02,4.645790930978338507e-02,1.756991637594169584e-02,5.334060043057976819e-02,8.840842555352280974e-02,8.001853139035658424e-02,2.169953243634786116e-02,1.366388778989987840e-01,5.605388474622061135e-02,9.795099526324863026e-02,4.913408386625135738e-02,1.218108381954460806e-01,3.878721176799231757e-02,4.089296088215501473e-02,3.649447984441285542e-02,2.513851059400009497e-02,4.508830420884095413e-02,5.359871064100528437e-02,7.192911016362503462e-02,4.201180214838511756e-02,1.371589370537718566e-01,1.291052593305508922e-01,3.526421873528653994e-02,9.421642795669792070e-02,3.016729764700104566e-01,1.221560619228534983e-01,1.619836296001395393e-01,1.060146699499341927e-01,2.921014073195682056e-02,8.313736942716670741e-02
1.096176178235432064e-02,1.894151803149734387e-02,1.592489271813173762e-02,7.811829643485807342e-03,3.346007398441954578e-02,4.312514503881815370e-02,4.126816075607423612e-02,1.020673544014479017e-02,5.985349310294743597e-02,2.513301083904667665e-02,3.533958738764553242e-02,0.000000000000000000e+00,6.197633429295502927e-02,1.692921045317796053e-02,2.330509017310077036e-02,1.246876962998362710e-02,1.098089899603760418e-02,2.314737257924951580e-02,2.342280248313457700e-02,4.346433224335843892e-02,2.208837849237616294e-02,6.919043561705229273e-02,6.812694796789937890e-02,2.479128098098489982e-02,4.253465115140474956e-02,1.194563351890897962e-01,5.885676361389341471e-02,8.494207139084160307e-02,6.044896743492469970e-02,1.750524080416040670e-02,3.793543402805076015e-02,1.354527246226284662e-02,9.602934979726184331e-03,1.108014851810256579e-02,6.917329889801119777e-03,1.917041719062033064e-02,6.338687633359128132e-03,4.837203580730678812e-03,1.343642700015233206e-02,9.537825554109070902e-03,1.248474468812739956e-02,9.199956600674496707e-03,1.195956803268916589e-02,4.024540359205447566e-03,3.542523684523998795e-03,9.751900601310804079e-03,1.570709787819965508e-02,2.348160133662941657e-02,8.737574472451955718e-03,2.666518595177816767e-02,4.369839899814118717e-02,4.034573490823318426e-02,1.119969468738317951e-02,6.971731398637891208e-02,2.784131010067594086e-02,5.025210513502105514e-02,2.581164939077193465e-02,6.197604817551413681e-02,1.921073539146607445e-02,2.150920860965481463e-02,1.853106824398757096e-02,1.253022007086673252e-02,2.287466283849267853e-02,2.769004629254599031e-02,3.604748625039553428e-02,2.199181199642253129e-02,6.993200800524272676e-02,6.643409241235409546e-02,1.821557992515902835e-02,4.696963672752478558e-02,1.583066425439290104e-01,6.065322114591009672e-02,8.235039019901044255e-02,5.283206404995199196e-02,1.485936162644145575e-02,4.248462508823939304e-02
3.659678091794173888e-02,6.612005318693531253e-02,5.417661388901703207e-02,2.779643368440364026e-02,1.175428012014278767e-01,1.511805560823911154e-01,1.457259442131374205e-01,3.387949743244901557e-02,2.112285767042330065e-01,8.842015808901354523e-02,1.228206598287703566e-01,6.197633429295502927e-02,0.000000000000000000e+00,5.998757221803319162e-02,7.509426923336627591e-02,4.380343410798950843e-02,3.825188788469903456e-02,8.158537952533818916e-02,7.914655559987847366e-02,1.534556737466909182e-01,7.250402485489010340e-02,2.417194450391663141e-01,2.289058137175780661e-01,8.318342477024309733e-02,1.501072765162406730e-01,4.002266310602428101e-01,2.111605796181228178e-01,2.951758901864779960e-01,2.123452015875333387e-01,6.002029270589136212e-02,1.306781467630495075e-01,4.752369057342058917e-02,3.299132960267877474e-02,3.794963716681267613e-02,2.473433445088447924e-02,6.897209688880007183e-02,2.282483952877058242e-02,1.607979943873971002e-02,4.738496391827749094e-02,3.330437727714731511e-02,4.261015618024992235e-02,3.317488435592769180e-02,4.256634991105719135e-02,1.472193094429157662e-02,1.227781808849481501e-02,3.380485111445918206e-02,5.482617570248167482e-02,8.216284951992933183e-02,3.119173553207152394e-02,9.417328093029594949e-02,1.569138301456566020e-01,1.413726094064915451e-01,3.842249410234178236e-02,2.451822897524007783e-01,9.952376852351089986e-02,1.735182942992131994e-01,8.578779410229327163e-02,2.168689824684478240e-01,6.821101150935540702e-02,7.264851808073749528e-02,6.477827589184144419e-02,4.508619099823753945e-02,8.029961268069615854e-02,9.519807915177061486e-02,1.265572002608592039e-01,7.434821451670095560e-02,2.427363321050380329e-01,2.273066672078740968e-01,6.289077573394032117e-02,1.671428216237096920e-01,5.383717855118483886e-01,2.169492536358119394e-01,2.863740815023010922e-01,1.870399740878132544e-01,5.137735723046005232e-02,1.478745197896015606e-01
1.002284463918759298e-02,1.796031903317861847e-02,1.482548713153590200e-02,7.647681979262714244e-03,3.235000010101293788e-02,4.171174112539003526e-02,3.986786169397230073e-02,9.306655009328578324e-03,5.820209083434754044e-02,2.398901265214519601e-02,3.369106412406457085e-02,1.692921045317796053e-02,5.998757221803319162e-02,0.000000000000000000e+00,2.050542078663740789e-02,1.174004203502683127e-02,1.040234630947486048e-02,2.191356314756442297e-02,2.172799857329970122e-02,4.167202591101853287e-02,1.987657036602676064e-02,6.581329880734358706e-02,6.202700484377138279e-02,2.307716272288948267e-02,4.028830415236381302e-02,1.092933346329503230e-01,5.737578833735572370e-02,8.091161670952863594e-02,5.795149992735182387e-02,1.653169060426919537e-02,3.539481532549235837e-02,1.294418084948302169e-02,8.877464155760590031e-03,1.000855033514884765e-02,6.653896923014039622e-03,1.854989827561359314e-02,6.155214843676946011e-03,4.301234675972491657e-03,1.297814661730379258e-02,8.970692670335882885e-03,1.148293488603547956e-02,9.214905310473232858e-03,1.159028996906342861e-02,4.091065399474547691e-03,3.275764466065472259e-03,9.211205568234849886e-03,1.491225494715588129e-02,2.241359040267614650e-02,8.633550208288808328e-03,2.575589346708403657e-02,4.302688262975545852e-02,3.880888372681973869e-02,1.053711361719409170e-02,6.747459695337734709e-02,2.708556982096554239e-02,4.788433856681240108e-02,2.348079055388202496e-02,5.965015521934287357e-02,1.875954617059883561e-02,1.982352874153148550e-02,1.782230729012413556e-02,1.238099067171849650e-02,2.216287421915232037e-02,2.622992745747321913e-02,3.422031159985060994e-02,2.032591389983132851e-02,6.589904446169091157e-02,6.107545575995233789e-02,1.728012818192463385e-02,4.565368186841498727e-02,1.481305729357176026e-01,5.892581369813965075e-02,7.786477177404783900e-02,5.097398798910135476e-02,1.389952049200814284e-02,4.008599144670595138e-02
1.328909753831093027e-02,2.366863475596807029e-02,1.943539386099036106e-02,9.705383541654873450e-03,3.979941906481451741e-02,5.107927401743110607e-02,5.048587463355985044e-02,1.169632766827776414e-02,7.140082139767713054e-02,3.207480077144070352e-02,4.237630295091982663e-02,2.330509017310077036e-02,7.509426923336627591e-02,2.050542078663740789e-02,0.000000000000000000e+00,1.564343303786374512e-02,1.354750513402784746e-02,2.794600794810608163e-02,2.789810489683923825e-02,5.278184926071541327e-02,2.569918177474814908e-02,8.292101488522769792e-02,7.998464092638259137e-02,2.935490762385711827e-02,5.356511649961118865e-02,1.412117328548263551e-01,7.417233832608803590e-02,1.032503386134450279e-01,7.389678878220520830e-02,2.072811673931748699e-02,4.716996141267842946e-02,1.650278277490529327e-02,1.157830396899516522e-02,1.463155914395102529e-02,9.114976622802450565e-03,2.346864994901854545e-02,8.036706904155791267e-03,5.830429865170860121e-03,1.634937062201607602e-02,1.142255976864558001e-02,1.543569419426763824e-02,1.145714922351763997e-02,1.525163941692644735e-02,5.042294457621268253e-03,4.312740818125572299e-03,1.210002664097607067e-02,2.034559714057254318e-02,2.948921850130245201e-02,1.076249083275222611e-02,3.253001365679151352e-02,5.311315383251821037e-02,4.938994475810139229e-02,1.342366420329792025e-02,8.125423090663143333e-02,3.449681917196807668e-02,5.901597532238343075e-02,3.205899147330390497e-02,7.431488562130067477e-02,2.359456751113303205e-02,2.603092657741152768e-02,2.240748054486557672e-02,1.525482452573196680e-02,2.701420569481189499e-02,3.318856341417782824e-02,4.511227633211037369e-02,2.640775597713131140e-02,8.459095562858530426e-02,8.126617221667140067e-02,2.204624770483919888e-02,5.750156971856579258e-02,1.862194755126807544e-01,7.547388415008196572e-02,9.954932282598544235e-02,6.495630831220657042e-02,1.777966492006575333e-02,5.208261892681264466e-02
7.284372870685755161e-03,1.343683639290575715e-02,1.103895068366558124e-02,5.412680764212573874e-03,2.331384219862459375e-02,3.021657408708858239e-02,2.912958502012700374e-02,6.974193360567122225e-03,4.286544726006537992e-02,1.802448074139277254e-02,2.474918490034487550e-02,1.246876962998362710e-02,4.380343410798950843e-02,1.174004203502683127e-02,1.564343303786374512e-02,0.000000000000000000e+00,7.860140530407577070e-03,1.651285330446979754e-02,1.644519697900511876e-02,3.138692001405453402e-02,1.471146050073681572e-02,4.941671824459522439e-02,4.729110980527075070e-02,1.683872882936104584e-02,3.020931991957987589e-02,8.171218276229096078e-02,4.294785744620821522e-02,5.996747202138223709e-02,4.343147266674834972e-02,1.228967278338947804e-02,2.672495379915564712e-02,9.633171174700735917e-03,6.567736910056051584e-03,7.480834688328467583e-03,4.890854183828864492e-03,1.363085717919509249e-02,4.440597439891581615e-03,3.289298206106979969e-03,9.565187326503483273e-03,6.621695285964307280e-03,8.398250235715111825e-03,6.349361424572332567e-03,8.481605389924784869e-03,2.918934707574328755e-03,2.481213450130011731e-03,6.536031872343742687e-03,1.134324324518428198e-02,1.629761618771783174e-02,6.033738066199779461e-03,1.867461733668775506e-02,3.140883045739251839e-02,2.828593877770717302e-02,7.765064131708708517e-03,4.952477748667236807e-02,1.974404051701284663e-02,3.526285764586739591e-02,1.702324275557143968e-02,4.383996255063119657e-02,1.363001103033686587e-02,1.474716040041562995e-02,1.316686803944035200e-02,9.069521090100564689e-03,1.636456122777408401e-02,1.942508522944188035e-02,2.582258598558343984e-02,1.481129009350450054e-02,5.015717288602908330e-02,4.661028610241322451e-02,1.266630233761103716e-02,3.359593690722479514e-02,1.094138267280671817e-01,4.418293486947287574e-02,5.825372274020469698e-02,3.761611490302159411e-02,1.065446610929605270e-02,3.000237098114106465e-02
6.518826403750154104e-03,1.185021377084491921e-02,9.696966476953765984e-03,4.936897603878801118e-03,2.066762209181947571e-02,2.626899867399250590e-02,2.576985893017590817e-02,5.988156048071037289e-03,3.722739388433615043e-02,1.574689437419770147e-02,2.152356100488484955e-02,1.098089899603760418e-02,3.825188788469903456e-02,1.040234630947486048e-02,1.354750513402784746e-02,7.860140530407577070e-03,0.000000000000000000e+00,1.441923582106236466e-02,1.429556620657558216e-02,2.754162974952887796e-02,1.301656157555675791e-02,4.293731170400726799e-02,4.085126781474233970e-02,1.477614057414294163e-02,2.663637255555467362e-02,7.148170864638658806e-02,3.741453921955613382e-02,5.243729497185544569e-02,3.773508847109144360e-02,1.084182618602073586e-02,2.356501057227394433e-02,8.079502907853669535e-03,5.693155766785015781e-03,6.518513957160838521e-03,4.250317863863584816e-03,1.206637764196552380e-02,3.973214559656591122e-03,2.773051952538697559e-03,8.010388530771558879e-03,5.644062551104416479e-03,7.351554591056722390e-03,5.638144999250362457e-03,7.455733861817895672e-03,2.526803527343392253e-03,2.125305426639557526e-03,5.938704994032152108e-03,1.001390067061781394e-02,1.471044634352927996e-02,5.396789479167195432e-03,1.650819371694602078e-02,2.716160785538329625e-02,2.476628998858101255e-02,6.805625854090859711e-03,4.263749753313653135e-02,1.741104782450194829e-02,3.075429366295217778e-02,1.541832109107890703e-02,3.809826924845574614e-02,1.203929142115114752e-02,1.306142103390454078e-02,1.160886983088359192e-02,7.972913965089539409e-03,1.416408562607415766e-02,1.722484140786233187e-02,2.265392409256984305e-02,1.335740135010565245e-02,4.321850876426607674e-02,4.051031711525482359e-02,1.119312070540113419e-02,2.940341374522451728e-02,9.603792560573871928e-02,3.862988196431774157e-02,5.106422807394728203e-02,3.275772122134463366e-02,9.300163237530493718e-03,2.634737969306542860e-02
1.353954491934417428e-02,2.497586922300372436e-02,2.040376838323288214e-02,1.028942189660446600e-02,4.355144282590987098e-02,5.608236788009000884e-02,5.459051476496964983e-02,1.250710919539829193e-02,7.885813493639882987e-02,3.354079462199745232e-02,4.590693180289968228e-02,2.314737257924951580e-02,8.158537952533818916e-02,2.191356314756442297e-02,2.794600794810608163e-02,1.651285330446979754e-02,1.441923582106236466e-02,0.000000000000000000e+00,3.002528953041868481e-02,5.798685719494267587e-02,2.698791727857219672e-02,9.079938628172092019e-02,8.574082821294701229e-02,3.074759410732721965e-02,5.636083830673695172e-02,1.494333135769722043e-01,7.937915209357246371e-02,1.110714572465758415e-01,8.041824724748743158e-02,2.270426551472620735e-02,4.904430330538601251e-02,1.722454195654771897e-02,1.196905915592424464e-02,1.380169546888836314e-02,9.091246972125098177e-03,2.516274904064695964e-02,8.357914447151022080e-03,5.824388595152044622e-03,1.715905054876264504e-02,1.200558238574068494e-02,1.549116441114046366e-02,1.205675394687819382e-02,1.603519320531247155e-02,5.450969863897270513e-03,4.432416774108128947e-03,1.237766578324409235e-02,2.102822130631715192e-02,3.090926428135545162e-02,1.147758605246004295e-02,3.500531945194869377e-02,5.811337656069322233e-02,5.284957295989709675e-02,1.428854932993487217e-02,9.051287156068260620e-02,3.691785718708975178e-02,6.448383480702064852e-02,3.176348517015993578e-02,8.058264345676784124e-02,2.554051218660056272e-02,2.714409425386486024e-02,2.424211315430753466e-02,1.696511434905896565e-02,2.990251806311656352e-02,3.576677309410321998e-02,4.796712226076682573e-02,2.774094494553731166e-02,9.136093713594345411e-02,8.553048007183297607e-02,2.309016952566444666e-02,6.228084554240237436e-02,1.997850061706150371e-01,8.145905173276898892e-02,1.069448151680921222e-01,6.980335745702254124e-02,1.944428093678290601e-02,5.539045352962088803e-02
1.347868209296141512e-02,2.439296092996581442e-02,2.032010011105418040e-02,1.005909997032185428e-02,4.262928384355279404e-02,5.449128264756536444e-02,5.350844026413711235e-02,1.232991565913264809e-02,7.687996428116974923e-02,3.314434431844474893e-02,4.492497618436881029e-02,2.342280248313457700e-02,7.914655559987847366e-02,2.172799857329970122e-02,2.789810489683923825e-02,1.644519697900511876e-02,1.429556620657558216e-02,3.002528953041868481e-02,0.000000000000000000e+00,5.648945895263274980e-02,2.653194503291945311e-02,8.845982918616726587e-02,8.490860811407503761e-02,3.034901535738086797e-02,5.543368500234491930e-02,1.476351273336991288e-01,7.826838968810739816e-02,1.085790669418246063e-01,7.895619868559189403e-02,2.222710613124766893e-02,4.895765425568829321e-02,1.707642371018552180e-02,1.214665805344818973e-02,1.423907984067915126e-02,9.205295375439946984e-03,2.471455144733548590e-02,8.283160666379641920e-03,6.037515207350596137e-03,1.689925800939227202e-02,1.195837386749225642e-02,1.575986514672882144e-02,1.175263915638790138e-02,1.582332474097323388e-02,5.226722317033354048e-03,4.515317459349382778e-03,1.220463911441077055e-02,2.110835839802043326e-02,3.086897490530666338e-02,1.119919994019846939e-02,3.408602823184031516e-02,5.715863156931522138e-02,5.192595571364121837e-02,1.400552187484229577e-02,8.849976469397244361e-02,3.601644134417509441e-02,6.297668577267111212e-02,3.205566244824542554e-02,7.913933818917044671e-02,2.499593607133773071e-02,2.710049784923907606e-02,2.388606119974989728e-02,1.643802690420227697e-02,2.911573929240367925e-02,3.552313972957520105e-02,4.781458818168048824e-02,2.717138603198335917e-02,9.046691183052786578e-02,8.503475334150155385e-02,2.297610925217981673e-02,6.093313028648600360e-02,1.966712187328993333e-01,8.032902888832446631e-02,1.059547721478327625e-01,6.886848889865934686e-02,1.931008784727716171e-02,5.461473129265497634e-02
2.590286419005532678e-02,4.700892804130311214e-02,3.870149598965783727e-02,1.954083434677478595e-02,8.182962117198776253e-02,1.054692937700856398e-01,1.023773329088037282e-01,2.342595036369667441e-02,1.488243766406764923e-01,6.332333804367787367e-02,8.610070677658716864e-02,4.346433224335843892e-02,1.534556737466909182e-01,4.167202591101853287e-02,5.278184926071541327e-02,3.138692001405453402e-02,2.754162974952887796e-02,5.798685719494267587e-02,5.648945895263274980e-02,0.000000000000000000e+00,5.071053521409863568e-02,1.691416970187010205e-01,1.616443437572434860e-01,5.783069812009078436e-02,1.065232152526236903e-01,2.816239772029872079e-01,1.492840309898162965e-01,2.084155129984265886e-01,1.508115421882185170e-01,4.261438510711846456e-02,9.309950840452604903e-02,3.259122827185872290e-02,2.262233702219251796e-02,2.638477758170035617e-02,1.733775649160432253e-02,4.792262513730181223e-02,1.583412916402981985e-02,1.092346739212423160e-02,3.228968548820140144e-02,2.269907982756368126e-02,2.952690352971197585e-02,2.283048195492633908e-02,3.017078016576176663e-02,1.012270137152336373e-02,8.326658771957207161e-03,2.363973055867347670e-02,3.998660372377211419e-02,5.851886259178361305e-02,2.160365808739346180e-02,6.557121763176081142e-02,1.101100252270677815e-01,9.917694394392140289e-02,2.703009247884054222e-02,1.710336323536919001e-01,6.953901651957226926e-02,1.209813793655092062e-01,5.990196353024100639e-02,1.518488013317072227e-01,4.807338172738133408e-02,5.134638754106952280e-02,4.562763460057906589e-02,3.192117744607934904e-02,5.615875118930060972e-02,6.779972577494634833e-02,9.027070881989736340e-02,5.201765779503460252e-02,1.721116836398438599e-01,1.622824271343041580e-01,4.416479751109199381e-02,1.170984168108304274e-01,3.781712015355304102e-01,1.536965109449023037e-01,2.020298884082009638e-01,1.315217953359602010e-01,3.667213870519042684e-02,1.053078322653194510e-01
1.251964146389431334e-02,2.275397143514608367e-02,1.840535811322665041e-02,9.362104648153134895e-03,3.918382045270536740e-02,4.959000611259425234e-02,4.895063101542886097e-02,1.147883027306140745e-02,6.943511776013852610e-02,3.050138086479837335e-02,4.096269731267538489e-02,2.208837849237616294e-02,7.250402485489010340e-02,1.987657036602676064e-02,2.569918177474814908e-02,1.471146050073681572e-02,1.301656157555675791e-02,2.698791727857219672e-02,2.653194503291945311e-02,5.071053521409863568e-02,0.000000000000000000e+00,7.949032955503215758e-02,7.701068018702757201e-02,2.872435789027459954e-02,5.062606714324444090e-02,1.364054071081824138e-01,6.966535549996601129e-02,9.918554359468773063e-02,7.013004980104274588e-02,2.040859579836594787e-02,4.358281762810185117e-02,1.562458681199266168e-02,1.086895521770953402e-02,1.269080572286157213e-02,8.299749872667730108e-03,2.293917630461972043e-02,7.571211923864847038e-03,5.473285761484794100e-03,1.548584011061485653e-02,1.070635391504993171e-02,1.419351016715740370e-02,1.098869439434720964e-02,1.459114775695041777e-02,4.979356543848392422e-03,4.005342054610975741e-03,1.128062984588810991e-02,1.865434520173985325e-02,2.771216811119872614e-02,1.028283597126367077e-02,3.132811461592349689e-02,5.094333397501786542e-02,4.716200555959709773e-02,1.289875996628815982e-02,8.006549418338401725e-02,3.338623779182783163e-02,5.791456467971031752e-02,3.071322366827454464e-02,7.112259875264632936e-02,2.267793347078262203e-02,2.503749722925325411e-02,2.201042758317663453e-02,1.476964546985806009e-02,2.616921561155568718e-02,3.188402370299469463e-02,4.240895209821532452e-02,2.571234554692411120e-02,8.052967054970926186e-02,7.717314541066987166e-02,2.108617540095956630e-02,5.514697629957067415e-02,1.806632829591136580e-01,7.044482064905696617e-02,9.517658465686973379e-02,6.144544666243331732e-02,1.722428413486406726e-02,4.879290965205001357e-02
