0.000000000000000000e+00,1.251141412607621739e-02,1.093511763311433814e-02,5.224585763193227705e-03,1.931327184730129848e-02,2.730600779100210082e-02,2.652330244111843552e-02,5.588215480672123307e-03,3.558362714216099093e-02,2.287973749288368247e-02,2.205183218009608773e-02,1.722004611636594393e-02,4.073168860979952538e-02,1.197043534794946934e-02,1.061738108240856994e-02,8.578042696431338945e-03,7.814501303972987145e-03,1.585884195007682129e-02,1.434242976203653139e-02,2.418534765014935736e-02,9.815806430404246802e-03,3.878634707062621201e-02,3.749633286172256164e-02,1.573326462308163518e-02,3.422785365363698734e-02,6.967703738938434144e-02,4.449628856804126176e-02,5.318987765604239748e-02,4.382388205740406217e-02,8.702558324274725990e-03,2.705805589498077104e-02,1.282296136071751393e-02,7.428932526283934905e-03,1.180381548493397020e-02,6.866167496909967444e-03,1.340176909991473882e-02,4.772162548017350181e-03,5.580142546074255000e-03,1.186350663355493530e-02,8.580336023314429419e-03,1.002282396118409774e-02,7.108889907822001780e-03,1.014720404648031780e-02,3.339065327161636326e-03,2.967393937537837756e-03,6.790348774253759934e-03,1.435075399020170443e-02,1.471519891930495906e-02,6.906659704438506547e-03,1.757663794525904030e-02,3.092167431848944978e-02,2.710237247701575633e-02,6.442856100962787019e-03,3.594486105635162632e-02,1.931638451613432172e-02,2.746529283761997217e-02,2.206265003940467359e-02,4.253793888640940851e-02,1.383893189980995447e-02,8.948441907152188124e-03,1.362487461625203587e-02,6.677386187120029973e-03,1.558131381630285459e-02,1.569773906535244790e-02,2.790209827010010218e-02,1.563092792680345622e-02,4.250495409238375794e-02,4.389529277137942109e-02,1.143996608706416770e-02,3.360208256182503628e-02,9.161755014275035913e-02,4.389465589499422921e-02,5.243321372379294854e-02,4.028121612890093323e-02,9.017674091552223964e-03,2.741247553235382634e-02
1.251141412607621739e-02,0.000000000000000000e+00,2.241008389010571908e-02,1.065358544670517299e-02,3.804267645321856434e-02,5.529247660521317137e-02,5.322879695251018367e-02,1.084187921203218739e-02,7.226934036955851015e-02,4.639225648794086110e-02,4.414383523600819842e-02,3.442873725255900241e-02,8.166092001874257489e-02,2.408019558817170100e-02,2.058507216110007712e-02,1.739195075293563028e-02,1.568877274062579347e-02,3.223728904285412533e-02,2.888879311814517709e-02,4.915304350303697362e-02,1.885589539834639852e-02,7.670819338976271606e-02,7.415539776528465299e-02,3.097186047956437122e-02,6.922382405650731596e-02,1.389974676586803737e-01,9.046851358672779175e-02,1.073643284959320404e-01,9.009908771742419775e-02,1.749766162826699514e-02,5.399351515618814462e-02,2.549729174659381634e-02,1.474263149272710821e-02,2.353035244925272620e-02,1.353806075316161400e-02,2.718183189782314574e-02,9.794872889737949589e-03,1.121968431442744822e-02,2.371068106395987987e-02,1.661403557916072901e-02,1.988969168174815894e-02,1.385405361359261928e-02,2.087993435834753150e-02,6.876895036888250323e-03,5.779680097238244947e-03,1.333581628825919289e-02,2.893642283513236241e-02,3.033956049305373825e-02,1.366867633250675416e-02,3.459701133209090035e-02,6.198431790076786019e-02,5.468888714275536161e-02,1.265869052003263870e-02,7.143781700639241505e-02,3.922267939880352133e-02,5.472607504024112890e-02,4.395857363731659612e-02,8.490664318131077581e-02,2.841727112850053055e-02,1.707693872077186564e-02,2.772617561159411437e-02,1.385545686649575399e-02,3.210855202311493906e-02,3.208181523840646782e-02,5.716522222925077279e-02,3.014421019254134512e-02,8.536887489535845142e-02,8.746734007822751233e-02,2.239744210916966294e-02,6.857709719078226851e-02,1.833641119105492157e-01,8.985073823553038630e-02,1.046178990533218611e-01,8.192705202565404854e-02,1.810699521797980160e-02,5.458573181729303725e-02
1.093511763311433814e-02,2.241008389010571908e-02,0.000000000000000000e+00,9.145822970269876229e-03,3.332375170091318728e-02,4.828399505270285219e-02,4.674995789762884102e-02,9.258012061351451188e-03,6.345250738261777601e-02,4.055271859224519188e-02,3.897113653565236618e-02,3.008965528950066637e-02,7.131874724056114223e-02,2.102936494771047091e-02,1.770116180073898898e-02,1.523170804035888469e-02,1.364452309186330384e-02,2.815084434186558918e-02,2.581353240549301431e-02,4.304267691576731114e-02,1.611666077194200825e-02,6.732976594344236565e-02,6.464685404634240573e-02,2.671899862531865524e-02,6.028036428717018641e-02,1.200065749363758288e-01,7.874633323244800698e-02,9.335171983011600338e-02,7.818259215834022502e-02,1.517834277502330860e-02,4.688370669436579125e-02,2.160630773903878671e-02,1.280146460388095937e-02,2.060507716677942303e-02,1.174996866979111446e-02,2.381130872037772947e-02,8.599667930280573136e-03,9.791289687433164107e-03,2.014480359998169559e-02,1.441948384238199606e-02,1.752253879425248045e-02,1.221121800175379093e-02,1.834130996632134247e-02,5.931070390643031036e-03,5.069545391098970871e-03,1.185589612941860375e-02,2.516240969819589016e-02,2.688909675738355640e-02,1.229991980094350019e-02,3.052147666650863178e-02,5.448321067931328338e-02,4.771636017345400049e-02,1.107132795957423144e-02,6.342829993250811982e-02,3.398662041766148389e-02,4.729047038358867583e-02,3.841725693424404009e-02,7.408980326989871024e-02,2.474591630784711213e-02,1.534307426900752107e-02,2.433471552339793939e-02,1.183816766346015847e-02,2.793916539353894640e-02,2.816096844845765446e-02,5.024430742836663577e-02,2.582377123995793083e-02,7.444354955144553976e-02,7.630067927568712216e-02,1.965123011626776842e-02,5.969258028540994077e-02,1.593444958746380591e-01,7.863850984583084514e-02,9.171711382221930942e-02,7.214982274798202588e-02,1.608073761141280700e-02,4.773258371415268347e-02
5.224585763193227705e-03,1.065358544670517299e-02,9.145822970269876229e-03,0.000000000000000000e+00,1.611891780379886771e-02,2.315009637189362895e-02,2.235303578657985360e-02,4.568015680396495144e-03,3.030277606873547913e-02,1.968207488742134553e-02,1.875274873934398845e-02,1.447127997434195963e-02,3.482532993709078900e-02,1.025171657087200518e-02,8.522798739471103974e-03,7.058404959806526685e-03,6.584115310706035312e-03,1.335495498087354779e-02,1.205323591186218193e-02,2.032617265874831283e-02,8.000525257457312064e-03,3.188584226521432030e-02,3.083594737991192727e-02,1.288863107287388857e-02,2.882379532467515063e-02,5.796803706779543597e-02,3.788468753544396717e-02,4.487767453497998327e-02,3.741871170192960505e-02,7.294148461737548668e-03,2.265706914704592248e-02,1.092590497659474622e-02,6.363270196095038508e-03,1.014773751146267125e-02,5.854668989282631013e-03,1.142775236159549422e-02,4.055212574736077186e-03,4.704569080153221325e-03,1.002669342199955828e-02,7.174935826975216945e-03,8.470343403300557850e-03,5.922174290752839874e-03,8.684043524358517341e-03,2.892239998195173661e-03,2.417042317095796124e-03,5.599735097850068108e-03,1.213969250988166867e-02,1.268454834749163998e-02,5.770775076065080139e-03,1.467790018450719318e-02,2.613005065788417611e-02,2.319025812664042910e-02,5.356917426997800068e-03,3.019940693198495951e-02,1.646349537786565703e-02,2.297377459435490099e-02,1.852746988503307241e-02,3.610235040828304459e-02,1.192751736883273551e-02,7.233198578787144659e-03,1.155903912873738372e-02,5.779239078766992312e-03,1.329476412565349167e-02,1.359839715119654825e-02,2.384860743936042041e-02,1.291615684770324249e-02,3.572196295390137749e-02,3.674068634095326025e-02,9.192519717146865887e-03,2.843910472231172409e-02,7.688569652984438008e-02,3.742734234102044338e-02,4.394887446599857889e-02,3.410110567920143082e-02,7.528040928666638980e-03,2.290317379444604950e-02
1.931327184730129848e-02,3.804267645321856434e-02,3.332375170091318728e-02,1.611891780379886771e-02,0.000000000000000000e+00,8.260214483479337566e-02,8.038659804877211490e-02,1.635246792949304404e-02,1.076559340319718089e-01,7.047802599920532929e-02,6.720644297868588746e-02,5.226408960666042991e-02,1.237005404435836953e-01,3.624318703021608967e-02,3.089947174407604510e-02,2.578828192500421182e-02,2.362951147402799976e-02,4.794057485567982529e-02,4.319401930286646818e-02,7.246133769492768550e-02,2.900199783650248692e-02,1.147703392762316199e-01,1.111275401691637910e-01,4.663307881193037158e-02,1.030122684832162766e-01,2.078780717278710666e-01,1.349900801149390983e-01,1.608052846930685675e-01,1.330704558408699889e-01,2.631465831154314663e-02,8.131414946438186853e-02,3.927691173444344125e-02,2.266577909473450544e-02,3.620777763408686983e-02,2.083687007526926691e-02,4.119899907668032879e-02,1.478325705755521857e-02,1.693480280636238539e-02,3.625775974647808125e-02,2.584056365902556718e-02,3.023126690847049297e-02,2.102931152002910156e-02,3.102449183675714400e-02,1.045850957008834063e-02,8.837752721626722721e-03,2.033576720814815261e-02,4.336481762331956952e-02,4.507302361838737281e-02,2.095150111232495227e-02,5.321717441293821738e-02,9.317602449383917407e-02,8.325668533214237998e-02,1.917500639586281613e-02,1.082812697895181586e-01,5.939011463184847017e-02,8.280053526154604326e-02,6.689462204357615738e-02,1.291340786101198013e-01,4.252154374427392913e-02,2.585110805929746389e-02,4.133203548938327310e-02,2.059161207130918991e-02,4.746926100961645911e-02,4.808875524670064988e-02,8.484346203130763153e-02,4.585433783554055537e-02,1.277927259738105836e-01,1.312153608951118211e-01,3.327661389087369775e-02,1.016949762730405826e-01,2.755875596224903745e-01,1.331268490534536220e-01,1.575454868095072791e-01,1.219311557561815057e-01,2.718510144652976773e-02,8.225710242930618643e-02
2.730600779100210082e-02,5.529247660521317137e-02,4.828399505270285219e-02,2.315009637189362895e-02,8.260214483479337566e-02,0.000000000000000000e+00,1.161010347364451190e-01,2.306447583016567326e-02,1.565110768982808098e-01,9.956303564923674188e-02,9.544986700402718904e-02,7.426865276455774101e-02,1.775767573073856465e-01,5.235646590129703487e-02,4.401594610458547246e-02,3.751931138023772289e-02,3.388589408057925134e-02,6.974909309379978550e-02,6.300898691944503693e-02,1.064812894000360388e-01,4.119372606254932678e-02,1.670004564027137428e-01,1.603846479739100273e-01,6.679924424854512266e-02,1.499804296907746304e-01,2.997066237432714497e-01,1.950942136874558586e-01,2.327265965394485214e-01,1.939091460143468337e-01,3.764349147506134557e-02,1.165924499761828020e-01,5.455349172114744988e-02,3.212110464445486202e-02,5.138844164496411682e-02,2.955101015460790889e-02,5.912471570717848374e-02,2.131728414678297351e-02,2.395879056102400914e-02,5.046151472724156456e-02,3.640048058030376232e-02,4.345180165865973609e-02,2.991389069182853397e-02,4.491174206804278424e-02,1.478481141967249828e-02,1.250555951464060386e-02,2.948851877669724647e-02,6.256059968618923883e-02,6.608314790952662943e-02,2.970181745086904884e-02,7.549417014506468182e-02,1.342765476052290019e-01,1.189409076232822160e-01,2.752429539617790716e-02,1.563274829693371004e-01,8.430658942118213206e-02,1.178260303283543142e-01,9.452187570679519701e-02,1.832123511443062291e-01,6.105883828190521168e-02,3.788190943886951545e-02,5.950504016935247859e-02,2.962970270858197863e-02,6.830081378740218701e-02,6.953009449624758531e-02,1.228603346297886673e-01,6.603327602328301626e-02,1.841761405819895281e-01,1.900672325745211833e-01,4.859230869394796232e-02,1.472468530212692750e-01,3.944777391955300305e-01,1.936819644044945887e-01,2.264577152931340764e-01,1.772145008602976357e-01,3.920003754774767368e-02,1.182473159017950748e-01
2.652330244111843552e-02,5.322879695251018367e-02,4.674995789762884102e-02,2.235303578657985360e-02,8.038659804877211490e-02,1.161010347364451190e-01,0.000000000000000000e+00,2.299114506231278443e-02,1.523987344163930668e-01,9.805075827965555046e-02,9.347194289994749383e-02,7.258259347997587929e-02,1.721873446285309972e-01,5.064679968050808667e-02,4.306370499567015175e-02,3.642289534320648087e-02,3.288249670415380188e-02,6.731318368768833549e-02,6.070527395769208939e-02,1.028469695896367664e-01,4.011402586862092973e-02,1.616481220979067712e-01,1.556370289083989777e-01,6.473999322213699892e-02,1.450346605867653127e-01,2.911494616685361692e-01,1.893093083112236397e-01,2.254899152822471553e-01,1.874095059030820853e-01,3.688136770743503240e-02,1.129986104809922037e-01,5.446345063810746623e-02,3.169856603903731251e-02,5.005818630882997999e-02,2.890187633524923111e-02,5.740697306001600608e-02,2.073617501666939408e-02,2.378053438818545501e-02,5.062369649243309705e-02,3.572951381373885849e-02,4.212909764090837228e-02,2.927325663641929324e-02,4.365018538806934856e-02,1.467531482752342138e-02,1.228759938293545392e-02,2.827761004918257978e-02,6.080726238723376670e-02,6.310531134731353631e-02,2.879436467163272798e-02,7.349796099114203063e-02,1.301606110490342305e-01,1.161236853883323289e-01,2.677034595271928288e-02,1.508907164277532853e-01,8.271689213891775250e-02,1.148648697938722679e-01,9.288901721749458218e-02,1.798388029132801935e-01,5.951879887488428084e-02,3.582622166250428591e-02,5.783262207650192305e-02,2.907427837918661467e-02,6.664164318950333010e-02,6.727416840393150854e-02,1.195350373154789592e-01,6.363313494961155004e-02,1.794711358230670906e-01,1.834936296905987918e-01,4.681724844035101141e-02,1.426685946455123477e-01,3.838755034480559325e-01,1.866271543356031182e-01,2.198683749458240910e-01,1.714483408814265752e-01,3.805163094945225588e-02,1.146965147583512007e-01
5.588215480672123307e-03,1.084187921203218739e-02,9.258012061351451188e-03,4.568015680396495144e-03,1.635246792949304404e-02,2.306447583016567326e-02,2.299114506231278443e-02,0.000000000000000000e+00,3.043943867166686371e-02,1.915817892402489619e-02,1.856529410023023338e-02,1.468310003045928368e-02,3.501326774615060033e-02,1.003905701018810957e-02,8.999686860501713084e-03,7.549594015947993543e-03,6.554624763521007050e-03,1.387197576504603166e-02,1.217441851947664334e-02,2.101931357465541134e-02,8.416333339159264709e-03,3.376372471154934218e-02,3.195834169934801128e-02,1.354100626651826532e-02,2.944198059896461009e-02,6.007644314114182066e-02,3.779280891911155488e-02,4.586230167651545592e-02,3.755595380305336295e-02,7.428059666619598808e-03,2.302414472453931729e-02,1.092740190934024004e-02,6.346239673580487441e-03,1.012711721018296970e-02,5.868561376037446410e-03,1.137353813393558039e-02,4.192205626380048587e-03,4.629701110470438308e-03,1.011756258760521630e-02,7.288899764163036393e-03,8.562709694152893097e-03,6.021224195501021122e-03,8.571044197631383366e-03,3.014793179941849168e-03,2.468793098644629733e-03,5.675512476646060039e-03,1.232013336206214463e-02,1.268928990718768551e-02,5.960035538735784094e-03,1.517823517711764693e-02,2.632615124627018036e-02,2.401964226607870845e-02,5.507134275853339637e-03,3.075451720764924360e-02,1.651209530594256389e-02,2.363997850294693309e-02,1.861789756657565922e-02,3.672106038571901904e-02,1.192812496641978103e-02,7.664937840988498598e-03,1.157483142012032638e-02,5.867652339071402143e-03,1.338858456741480463e-02,1.361711993592945417e-02,2.407385853517444302e-02,1.312034593727699587e-02,3.696738031076230585e-02,3.732717117937485451e-02,9.606988645075092634e-03,2.878050320503984169e-02,7.778575320461479647e-02,3.744152492489270789e-02,4.510199011729771473e-02,3.458948301436426398e-02,7.437146137970224169e-03,2.351964763737651384e-02
3.558362714216099093e-02,7.226934036955851015e-02,6.345250738261777601e-02,3.030277606873547913e-02,1.076559340319718089e-01,1.565110768982808098e-01,1.523987344163930668e-01,3.043943867166686371e-02,0.000000000000000000e+00,1.301761642943345954e-01,1.248820644118386752e-01,9.661509441287953470e-02,2.335008024682496131e-01,6.807245809041018170e-02,5.737133516615573747e-02,4.968153086337578905e-02,4.434486642075743251e-02,9.203051254752155075e-02,8.226365979018204766e-02,1.401230954425271014e-01,5.348776539907242750e-02,2.198284559595974352e-01,2.097679666993311765e-01,8.712074581550507957e-02,1.970218569105422202e-01,3.911762577294686793e-01,2.558852421959692536e-01,3.039202758947213145e-01,2.540728461808491323e-01,4.907906015024296464e-02,1.519221130512259654e-01,7.115324593909755357e-02,4.189895128215456732e-02,6.683640136541807442e-02,3.884069943826518045e-02,7.730330791970929649e-02,2.796083979879909753e-02,3.119219549956573148e-02,6.578995580474675253e-02,4.762095131106935941e-02,5.688959635158767625e-02,3.950122093248144284e-02,5.821861240014871569e-02,1.931809539517868532e-02,1.636993935768591910e-02,3.771329266211847359e-02,8.159036952097598050e-02,8.676661224505502479e-02,3.873254201480771930e-02,9.874191184903173546e-02,1.754033345761555063e-01,1.563567313143718884e-01,3.590806446438749716e-02,2.042578369092803992e-01,1.100790255698543829e-01,1.536311279319076684e-01,1.227954504698020033e-01,2.408785079469424051e-01,7.993270490821810514e-02,4.937007257847561559e-02,7.817561252476387668e-02,3.875477635012654354e-02,8.969455917287991187e-02,9.086613925712525019e-02,1.621655885095179550e-01,8.533555095709015326e-02,2.420102967066736499e-01,2.481059514631651364e-01,6.366551740999046305e-02,1.927889021021908789e-01,5.130687414456220896e-01,2.526330622321096286e-01,2.970213541436166893e-01,2.328446793931107095e-01,5.133795391349773446e-02,1.543569997782504311e-01
2.287973749288368247e-02,4.639225648794086110e-02,4.055271859224519188e-02,1.968207488742134553e-02,7.047802599920532929e-02,9.956303564923674188e-02,9.805075827965555046e-02,1.915817892402489619e-02,1.301761642943345954e-01,0.000000000000000000e+00,8.093487253138216542e-02,6.344456181947569218e-02,1.497707404586670066e-01,4.484150400044879803e-02,3.599582713463783668e-02,3.119431702427981692e-02,2.854348686901858612e-02,5.846744078531169314e-02,5.215352808476477614e-02,8.867841717775669375e-02,3.456215348381942026e-02,1.373192370482761993e-01,1.321595861429333274e-01,5.588892909962632494e-02,1.254784798326735729e-01,2.504169254751741902e-01,1.640628604233011489e-01,1.956070880856096428e-01,1.606948326597489873e-01,3.186893394108431671e-02,9.842750478736796149e-02,4.579960840806925754e-02,2.726992216853111120e-02,4.378058070784336675e-02,2.482170375720149647e-02,5.126429547552528027e-02,1.833080399844825431e-02,2.014836783825110778e-02,4.269775395066519041e-02,3.074118435751271167e-02,3.674604654568011664e-02,2.544448747194977961e-02,3.885677627473781148e-02,1.281338533099967911e-02,1.043711323030543925e-02,2.486951483484583711e-02,5.264465850634093141e-02,5.471184411005524523e-02,2.572170486225478295e-02,6.421205552380931936e-02,1.125237144577866388e-01,1.005813770204115470e-01,2.286503819281049399e-02,1.298239490642984217e-01,7.244145048467018344e-02,9.837487943956660374e-02,8.122994682988701753e-02,1.555027382581367357e-01,5.217538607994350042e-02,3.091954170057042983e-02,5.030740268033499080e-02,2.499614477334219376e-02,5.769940924167021867e-02,5.807774382061042795e-02,1.030576377641345270e-01,5.513407023759350767e-02,1.534544130398210748e-01,1.578683577245618697e-01,4.016625210676025293e-02,1.232355666989633364e-01,3.312911579062353118e-01,1.624215871946188272e-01,1.906872555177808182e-01,1.481354094051580139e-01,3.318807057653423709e-02,9.896836927407676177e-02
2.205183218009608773e-02,4.414383523600819842e-02,3.897113653565236618e-02,1.875274873934398845e-02,6.720644297868588746e-02,9.544986700402718904e-02,9.347194289994749383e-02,1.856529410023023338e-02,1.248820644118386752e-01,8.093487253138216542e-02,0.000000000000000000e+00,5.993437148603149300e-02,1.421470773993653014e-01,4.217791900815676814e-02,3.558414939187221071e-02,3.013491993098773788e-02,2.709348197091290822e-02,5.547798217554326949e-02,5.069021356497005470e-02,8.498961270279603575e-02,3.280699611440993785e-02,1.337789249534528380e-01,1.289014388211657258e-01,5.319697419769191943e-02,1.193278571451791975e-01,2.402132791304101567e-01,1.566302135924999839e-01,1.874987904214154288e-01,1.541880440050805989e-01,3.065667722329328687e-02,9.435540747006637696e-02,4.396718943968420945e-02,2.589844864437275754e-02,4.193842419257922532e-02,2.373570108651942845e-02,4.766646100787400725e-02,1.725715871827701239e-02,1.958430663202032074e-02,4.077377669724361470e-02,2.928070030111778327e-02,3.505238579547467065e-02,2.396719969365351463e-02,3.690501191735659492e-02,1.195006566141674879e-02,1.012947891607120406e-02,2.341922957440655678e-02,4.986915959196166342e-02,5.294678754110085372e-02,2.403307309215918855e-02,6.122696869042445339e-02,1.073221388017814859e-01,9.562670319326689594e-02,2.225645670682233762e-02,1.252461973719946609e-01,6.812048962380226613e-02,9.581842657333798641e-02,7.654223030252504945e-02,1.478693583625523555e-01,4.958425330366685035e-02,3.023430766423210181e-02,4.762883758916018617e-02,2.375200940930600677e-02,5.513596242894729105e-02,5.616087035731224392e-02,9.856812680049964470e-02,5.220360302247846473e-02,1.483202938337520871e-01,1.527942008028969345e-01,3.870845702998512022e-02,1.183210581011284318e-01,3.170273591936412227e-01,1.554881727798581303e-01,1.834550017958861412e-01,1.416030639615433739e-01,3.229541009804472868e-02,9.500924701326578237e-02
1.722004611636594393e-02,3.442873725255900241e-02,3.008965528950066637e-02,1.447127997434195963e-02,5.226408960666042991e-02,7.426865276455774101e-02,7.258259347997587929e-02,1.468310003045928368e-02,9.661509441287953470e-02,6.344456181947569218e-02,5.993437148603149300e-02,0.000000000000000000e+00,1.116319004151627298e-01,3.299600330804319109e-02,2.760334124430704333e-02,2.305862046695528189e-02,2.120305881651944960e-02,4.317912948690483949e-02,3.866350898863450680e-02,6.579449452382124530e-02,2.636551801017539276e-02,1.022976602150930669e-01,9.992958250428833622e-02,4.216024494961368579e-02,9.247569857050003117e-02,1.883721996214327565e-01,1.217562346662220962e-01,1.456242016356900648e-01,1.199150806125684476e-01,2.382849139628046009e-02,7.361522650897979470e-02,3.431745575871803650e-02,2.036413580309012067e-02,3.279142234715629045e-02,1.872197106608183489e-02,3.740504196956108418e-02,1.340052389454304133e-02,1.482929236939414114e-02,3.174393981369461742e-02,2.320042646878248474e-02,2.771020644684045117e-02,1.915870258050942493e-02,2.829174267799313205e-02,9.465821018548582072e-03,7.794689101609175545e-03,1.884113235082991375e-02,3.940129090894339825e-02,4.041658592075616369e-02,1.907066732110536400e-02,4.754915441077028210e-02,8.348928011710590735e-02,7.502448681484522042e-02,1.713116506376942405e-02,9.691230677175759201e-02,5.377941623694995621e-02,7.385659749376989602e-02,6.087046003900885294e-02,1.160057811292349306e-01,3.853136164629686333e-02,2.348872681412914054e-02,3.716445936623278407e-02,1.854289946815845802e-02,4.289586267617644111e-02,4.317070654551319331e-02,7.617308002569125880e-02,4.187103745905689650e-02,1.145700995342004425e-01,1.180243618777161302e-01,3.012405846191111916e-02,9.146442274435133413e-02,2.488968706430393363e-01,1.206616052806253059e-01,1.426790303313824060e-01,1.092845620858931555e-01,2.435922241817750286e-02,7.442386511410108152e-02
4.073168860979952538e-02,8.166092001874257489e-02,7.131874724056114223e-02,3.482532993709078900e-02,1.237005404435836953e-01,1.775767573073856465e-01,1.721873446285309972e-01,3.501326774615060033e-02,2.335008024682496131e-01,1.497707404586670066e-01,1.421470773993653014e-01,1.116319004151627298e-01,0.000000000000000000e+00,7.788048167439669267e-02,6.565471742134479372e-02,5.607446459041185577e-02,5.037087858853457611e-02,1.039537274751953094e-01,9.248964604322490457e-02,1.577609447178492663e-01,6.123984251618111441e-02,2.479039274065366616e-01,2.381544853542761075e-01,9.960615752953130841e-02,2.226064463613179611e-01,4.450188452301325204e-01,2.905331981583502143e-01,3.457618023232700843e-01,2.880363651485284282e-01,5.636418546481131164e-02,1.734403045344371785e-01,8.293656087511258601e-02,4.830936510244258908e-02,7.637984230949640407e-02,4.442572535318374538e-02,8.847354777898448763e-02,3.196271271564915528e-02,3.593159813265868474e-02,7.708133916647200157e-02,5.478569144966476817e-02,6.493066657990023693e-02,4.543859558085883155e-02,6.684664365620048010e-02,2.254541793157098864e-02,1.878219318422683082e-02,4.331344809376527077e-02,9.338800779380947159e-02,9.760498234177651666e-02,4.431103684805855203e-02,1.128392475010368823e-01,1.994893510521931201e-01,1.782627553593808256e-01,4.073414950413765251e-02,2.313347218792029536e-01,1.265527893043382757e-01,1.754143123837683949e-01,1.421081342186875096e-01,2.760891992314792320e-01,9.076909726366891307e-02,5.548341183014618427e-02,8.914430239267645550e-02,4.434221813728597000e-02,1.024466225008887899e-01,1.034751059970864806e-01,1.828607638047601569e-01,9.790730225580335233e-02,2.748968509234980817e-01,2.820183551733793648e-01,7.171865228194541919e-02,2.193480610818963894e-01,5.886200996859110024e-01,2.862322094728207422e-01,3.373726299015734620e-01,2.623485115820059499e-01,5.782875305675425071e-02,1.765029220536961652e-01
1.197043534794946934e-02,2.408019558817170100e-02,2.102936494771047091e-02,1.025171657087200518e-02,3.624318703021608967e-02,5.235646590129703487e-02,5.064679968050808667e-02,1.003905701018810957e-02,6.807245809041018170e-02,4.484150400044879803e-02,4.217791900815676814e-02,3.299600330804319109e-02,7.788048167439669267e-02,0.000000000000000000e+00,1.902969458065276176e-02,1.618909285972304143e-02,1.502824472840859869e-02,3.022500020673077326e-02,2.758086883292346428e-02,4.565178080593963045e-02,1.774874097406255180e-02,7.161246962281558881e-02,6.900877405872808679e-02,2.921996957136465539e-02,6.561170840716810948e-02,1.309103318708205177e-01,8.560061070796205762e-02,1.014757435407920294e-01,8.427554019853643330e-02,1.650413134248176691e-02,5.098790278710790130e-02,2.405539233720063383e-02,1.400372107837481034e-02,2.257530999893003071e-02,1.288099391651654352e-02,2.610267975325637757e-02,9.382481404060690963e-03,1.075321130225686747e-02,2.230105431118611231e-02,1.585842289127954025e-02,1.890146712437792975e-02,1.324243944194239582e-02,2.004421279835832265e-02,6.511998108480184649e-03,5.446523560470587465e-03,1.268080580495405466e-02,2.726352640112952516e-02,2.865185192335531136e-02,1.325115031858574259e-02,3.289181449330288304e-02,5.921736705177645110e-02,5.179791628042083873e-02,1.195780698458001091e-02,6.830633417749498726e-02,3.751170896437704128e-02,5.155097335622461918e-02,4.219975089569012738e-02,8.084004592673879608e-02,2.698434323722978187e-02,1.604193454561937335e-02,2.620173064835198268e-02,1.301156514553471200e-02,3.030216159932785577e-02,3.039887323608259431e-02,5.371850092219156159e-02,2.867608718468097131e-02,8.007540821938673170e-02,8.257247248590968147e-02,2.086256195766681906e-02,6.460650657980085421e-02,1.728444539760455034e-01,8.468326932351502578e-02,9.907811080524951686e-02,7.721862222547956622e-02,1.728662156755416540e-02,5.148304000306212769e-02
1.061738108240856994e-02,2.058507216110007712e-02,1.770116180073898898e-02,8.522798739471103974e-03,3.089947174407604510e-02,4.401594610458547246e-02,4.306370499567015175e-02,8.999686860501713084e-03,5.737133516615573747e-02,3.599582713463783668e-02,3.558414939187221071e-02,2.760334124430704333e-02,6.565471742134479372e-02,1.902969458065276176e-02,0.000000000000000000e+00,1.403962559919477195e-02,1.242381406757925993e-02,2.545740003147086913e-02,2.333004427993350810e-02,3.951149206934938263e-02,1.612813911896402927e-02,6.314702708620086036e-02,6.078819332756740107e-02,2.527848419962932386e-02,5.487373910095617868e-02,1.132687779169889164e-01,7.141158103348822783e-02,8.700090595433838947e-02,7.137937263422636236e-02,1.398500671280146317e-02,4.420917850135858140e-02,2.040254405269840282e-02,1.190779301021956983e-02,1.976165372923255337e-02,1.114471375339275844e-02,2.147087315970234653e-02,7.867035609032874133e-03,8.801968696140236026e-03,1.889567407476699240e-02,1.371187252496482677e-02,1.644171058693749340e-02,1.135043680902109338e-02,1.614601314276486316e-02,5.280138062534113497e-03,4.834316035732377087e-03,1.107536484582985481e-02,2.312085430238830508e-02,2.442771601057063327e-02,1.087514991784492742e-02,2.806626126897518100e-02,4.888124819350367356e-02,4.421609861019842186e-02,1.056821408251027578e-02,5.807149499722000924e-02,3.112129690746550867e-02,4.465933742021581387e-02,3.525067590229930686e-02,6.825630192392542761e-02,2.211437245985540395e-02,1.516015718243461825e-02,2.160136510597656517e-02,1.093352396292888822e-02,2.514921230744553843e-02,2.572055937500786899e-02,4.488586397276835005e-02,2.476123885162660396e-02,6.894516351913759777e-02,7.160174747759746883e-02,1.839581110207764644e-02,5.403179470941233548e-02,1.483731387909659472e-01,7.147437202033267434e-02,8.511336968680528747e-02,6.477591189037926189e-02,1.456195836198021128e-02,4.466515337893392501e-02
8.578042696431338945e-03,1.739195075293563028e-02,1.523170804035888469e-02,7.058404959806526685e-03,2.578828192500421182e-02,3.751931138023772289e-02,3.642289534320648087e-02,7.549594015947993543e-03,4.968153086337578905e-02,3.119431702427981692e-02,3.013491993098773788e-02,2.305862046695528189e-02,5.607446459041185577e-02,1.618909285972304143e-02,1.403962559919477195e-02,0.000000000000000000e+00,1.058535215404001958e-02,2.201133085633767000e-02,1.976620069669307589e-02,3.384591387483903285e-02,1.290458159728121237e-02,5.333191925202129119e-02,5.109571092052794111e-02,2.100565845320659028e-02,4.753300786566553443e-02,9.463350073636160598e-02,6.135983829033109932e-02,7.342896374192163511e-02,6.181962071400166903e-02,1.200475791587241568e-02,3.653965398024426603e-02,1.755148914713852357e-02,1.001676850043516608e-02,1.575979976914279254e-02,9.157597357270707769e-03,1.835076752110193637e-02,6.593161856204242215e-03,7.569196035478382642e-03,1.618633183116376453e-02,1.139878862423948820e-02,1.345516602626834791e-02,9.282561217061816375e-03,1.408253743320826701e-02,4.679008278628739997e-03,3.937112157388488951e-03,8.915651656419025170e-03,1.976102895633392517e-02,2.027128834839199770e-02,9.139209475985786077e-03,2.349543274122618472e-02,4.216686285976896376e-02,3.745463339923322393e-02,8.666771393353108963e-03,4.894414084026517398e-02,2.649255959034282903e-02,3.718303027477927458e-02,2.928311857881618283e-02,5.794988303729723539e-02,1.913952294934579898e-02,1.159813675655296285e-02,1.886601925581894018e-02,9.351854372742066102e-03,2.180240138450651594e-02,2.182557736985613409e-02,3.903447677412433953e-02,2.025957410677937595e-02,5.877279429866504729e-02,5.961511838158959492e-02,1.529213820349966876e-02,4.684500334768260804e-02,1.238406533020058597e-01,6.036873315575669308e-02,7.144510961919035841e-02,5.603981419347561083e-02,1.244175201644845061e-02,3.736755107237337004e-02
7.814501303972987145e-03,1.568877274062579347e-02,1.364452309186330384e-02,6.584115310706035312e-03,2.362951147402799976e-02,3.388589408057925134e-02,3.288249670415380188e-02,6.554624763521007050e-03,4.434486642075743251e-02,2.854348686901858612e-02,2.709348197091290822e-02,2.120305881651944960e-02,5.037087858853457611e-02,1.502824472840859869e-02,1.242381406757925993e-02,1.058535215404001958e-02,0.000000000000000000e+00,1.966814006716041674e-02,1.785735748008154128e-02,3.033924426406292563e-02,1.161812537570321505e-02,4.702112397688957418e-02,4.521264649513301315e-02,1.908489235135676920e-02,4.270470000603958372e-02,8.490548661694911903e-02,5.570991896138613453e-02,6.597239663432266643e-02,5.515621550238902771e-02,1.061801852905966924e-02,3.310849163861433186e-02,1.538516564686698285e-02,9.148861345065210232e-03,1.460803299674095883e-02,8.357567826477127829e-03,1.682827766437610534e-02,6.102479531608805650e-03,6.841784852572582905e-03,1.427540836609380616e-02,1.027313757165858321e-02,1.232877838184767531e-02,8.594360777948702526e-03,1.287196318201042945e-02,4.241370775026705522e-03,3.546205961486121813e-03,8.184928416885650301e-03,1.781020949495434880e-02,1.859826101507226076e-02,8.524947409667808090e-03,2.124346168844835556e-02,3.816001334508122012e-02,3.356541648616831464e-02,7.842954564136885715e-03,4.372050869272792878e-02,2.423607660419275361e-02,3.354649583474694774e-02,2.716639575411260166e-02,5.186431078636716263e-02,1.720316664181575222e-02,1.049079519213249115e-02,1.695792607335419588e-02,8.455950574584009116e-03,1.946984563066285479e-02,1.973396870472938699e-02,3.491090992302214868e-02,1.864669548889138356e-02,5.216426134785241697e-02,5.375736670994307742e-02,1.377749079378783569e-02,4.183541494613314538e-02,1.116223932130609720e-01,5.500169680858130877e-02,6.378705790894723116e-02,5.011320075007945352e-02,1.098994204273145460e-02,3.343553310073339724e-02
1.585884195007682129e-02,3.223728904285412533e-02,2.815084434186558918e-02,1.335495498087354779e-02,4.794057485567982529e-02,6.974909309379978550e-02,6.731318368768833549e-02,1.387197576504603166e-02,9.203051254752155075e-02,5.846744078531169314e-02,5.547798217554326949e-02,4.317912948690483949e-02,1.039537274751953094e-01,3.022500020673077326e-02,2.545740003147086913e-02,2.201133085633767000e-02,1.966814006716041674e-02,0.000000000000000000e+00,3.632098458989536927e-02,6.267528014715342821e-02,2.399829948582192160e-02,9.795325808012690649e-02,9.348989959950228246e-02,3.899511995153093907e-02,8.789360262386643197e-02,1.743080255248153354e-01,1.141390553946174252e-01,1.356907190626643056e-01,1.140147294336819883e-01,2.204907246911137070e-02,6.766742273914096162e-02,3.182763287982387501e-02,1.865022485784858380e-02,2.926804932007671251e-02,1.718618525247090495e-02,3.410775549524538985e-02,1.244615386439550629e-02,1.391104300775804561e-02,2.945198636434896711e-02,2.101888363104631105e-02,2.525064796643004122e-02,1.769860022612185918e-02,2.615313624231255588e-02,8.779465670389161036e-03,7.191436414673423906e-03,1.673206026916991204e-02,3.656660194553185139e-02,3.825749522358555532e-02,1.736418696421600238e-02,4.385432584068012923e-02,7.844394288482685329e-02,6.951256415893493357e-02,1.610757149931042048e-02,9.010779553148995369e-02,4.924606426756947264e-02,6.820359338848855368e-02,5.491937901005378847e-02,1.072336419564319243e-01,3.545816605507480512e-02,2.177605342926143203e-02,3.513334459253110442e-02,1.732227497103728045e-02,4.011523861756750853e-02,4.019784266628945169e-02,7.228130059952420083e-02,3.817823525752465919e-02,1.081488398829379555e-01,1.101343076279772543e-01,2.818792602199319056e-02,8.614909390707152503e-02,2.284127405533171173e-01,1.118940972780833459e-01,1.311495161626419215e-01,1.034156839001238448e-01,2.250803276226924846e-02,6.897213755012208958e-02
1.434242976203653139e-02,2.888879311814517709e-02,2.581353240549301431e-02,1.205323591186218193e-02,4.319401930286646818e-02,6.300898691944503693e-02,6.070527395769208939e-02,1.217441851947664334e-02,8.226365979018204766e-02,5.215352808476477614e-02,5.069021356497005470e-02,3.866350898863450680e-02,9.248964604322490457e-02,2.758086883292346428e-02,2.333004427993350810e-02,1.976620069669307589e-02,1.785735748008154128e-02,3.632098458989536927e-02,0.000000000000000000e+00,5.625392475130683301e-02,2.130690280373805090e-02,8.827183436219851465e-02,8.472708979306492472e-02,3.467061778908973879e-02,7.827381809183632522e-02,1.563953628089536363e-01,1.026770385358160426e-01,1.223617771788453046e-01,1.016441717826426783e-01,1.976587765357907395e-02,6.164169854931585840e-02,2.771519362251717924e-02,1.687640176472232287e-02,2.729211815491734000e-02,1.527229061960502093e-02,3.091844832031701712e-02,1.125185295349743694e-02,1.281991511420231544e-02,2.609849269599755911e-02,1.897859775671174865e-02,2.301655231192084594e-02,1.574756005788581492e-02,2.395687827167597081e-02,7.658357418356578732e-03,6.624692670446996265e-03,1.533091492677580471e-02,3.261922446447931834e-02,3.512061982033397312e-02,1.576886164667359175e-02,3.937748801435839857e-02,7.022851502878216245e-02,6.200311830762791215e-02,1.461612034346996929e-02,8.230038991572834195e-02,4.411456949458402582e-02,6.246958652057519462e-02,4.943598481264135924e-02,9.618559623270106496e-02,3.204739567080355095e-02,2.019993267937347098e-02,3.103590161550287552e-02,1.530342135099688715e-02,3.607319471395104005e-02,3.716262955474091551e-02,6.466259220765935289e-02,3.397427061138925258e-02,9.669935771193810536e-02,1.004050794251354073e-01,2.562954322840138230e-02,7.691591824312625503e-02,2.066984788896437386e-01,1.023914357913956741e-01,1.200974428334360827e-01,9.343393211716966018e-02,2.104073263345221378e-02,6.217792827550876200e-02
2.418534765014935736e-02,4.915304350303697362e-02,4.304267691576731114e-02,2.032617265874831283e-02,7.246133769492768550e-02,1.064812894000360388e-01,1.028469695896367664e-01,2.101931357465541134e-02,1.401230954425271014e-01,8.867841717775669375e-02,8.498961270279603575e-02,6.579449452382124530e-02,1.577609447178492663e-01,4.565178080593963045e-02,3.951149206934938263e-02,3.384591387483903285e-02,3.033924426406292563e-02,6.267528014715342821e-02,5.625392475130683301e-02,0.000000000000000000e+00,3.629658096273565698e-02,1.495553869478336850e-01,1.429837817037553360e-01,5.932425052159306239e-02,1.335104905379982110e-01,2.665134168998022357e-01,1.725714385447189858e-01,2.065760486447507649e-01,1.728720833080333863e-01,3.333218863126721082e-02,1.037348273855315528e-01,4.827552467535715236e-02,2.810391731530730713e-02,4.538881364217390441e-02,2.605350524686282990e-02,5.188623710024863750e-02,1.898529669276023679e-02,2.135064305715195926e-02,4.442902339474100876e-02,3.213130869944698376e-02,3.841576038039896251e-02,2.648494433903796769e-02,3.910000216086349095e-02,1.293104869882224020e-02,1.105262390836107313e-02,2.530972690952213236e-02,5.564334298586626898e-02,5.828067615131982820e-02,2.605303773106745074e-02,6.625736227976200543e-02,1.190772301809908951e-01,1.049723649338870496e-01,2.455203529915221672e-02,1.388556482025191108e-01,7.491844160971897204e-02,1.049747942605351592e-01,8.343055959112070930e-02,1.628750643559390143e-01,5.344912389832670585e-02,3.315316261930836145e-02,5.301717421896116195e-02,2.616645594137733885e-02,6.110734750833098777e-02,6.200164268767430209e-02,1.099670695011045196e-01,5.778740949976296504e-02,1.645675892131914508e-01,1.689278067378016945e-01,4.338474843509235873e-02,1.307052161580123939e-01,3.485134576984423860e-01,1.718691130258503674e-01,2.007906864770886424e-01,1.584735568782948412e-01,3.475919177772621854e-02,1.049372447127311092e-01
9.815806430404246802e-03,1.885589539834639852e-02,1.611666077194200825e-02,8.000525257457312064e-03,2.900199783650248692e-02,4.119372606254932678e-02,4.011402586862092973e-02,8.416333339159264709e-03,5.348776539907242750e-02,3.456215348381942026e-02,3.280699611440993785e-02,2.636551801017539276e-02,6.123984251618111441e-02,1.774874097406255180e-02,1.612813911896402927e-02,1.290458159728121237e-02,1.161812537570321505e-02,2.399829948582192160e-02,2.130690280373805090e-02,3.629658096273565698e-02,0.000000000000000000e+00,5.811126697021349458e-02,5.616550216461606293e-02,2.406071954961404302e-02,5.166774498586768072e-02,1.068407842590366613e-01,6.673834614324671011e-02,8.014154463251724203e-02,6.637351656705016423e-02,1.293787086290800609e-02,4.066144541103678539e-02,1.999868048921217556e-02,1.131153357293264092e-02,1.780743026787752134e-02,1.043307854480197971e-02,2.003659947298117722e-02,7.260733847340944055e-03,8.535256493295046917e-03,1.840301774883004032e-02,1.291943547342634495e-02,1.487766373540575990e-02,1.056676835219856961e-02,1.501119884852615549e-02,5.139632251346591858e-03,4.475611619341896344e-03,1.010697737326660128e-02,2.164329326687395444e-02,2.183163219563697549e-02,1.023139669364679823e-02,2.639342224797534137e-02,4.604659318488233538e-02,4.150761700069582200e-02,9.625637470339723153e-03,5.377841791360301466e-02,2.954430051962552567e-02,4.206240054664261291e-02,3.359708053560258451e-02,6.448019714131855706e-02,2.072472157834718068e-02,1.317843981277999968e-02,2.039920600763691153e-02,1.033535860661434665e-02,2.367157539162624211e-02,2.359089287158591675e-02,4.206437782151029731e-02,2.337293019625982099e-02,6.441573142638049032e-02,6.612613259286596878e-02,1.721847148741781700e-02,5.081083062761578006e-02,1.396197272778312570e-01,6.587809601204572263e-02,7.919418066299421799e-02,6.042603548337158181e-02,1.344264257894810764e-02,4.123874548462244660e-02
