0.000000000000000000e+00,1.363378161269797328e-02,7.774819313856503808e-03,4.839959613074170872e-03,1.826215018410342825e-02,2.914831524510362940e-02,3.049932512813419150e-02,9.188309473706295083e-03,3.502967114987948910e-02,2.050241706190644719e-02,2.577682698727310623e-02,1.740180517552432707e-02,4.429724291340254860e-02,9.250053801528053399e-03,1.617537188381922009e-02,1.111485921735340041e-02,7.500996940443403066e-03,1.549118491560924973e-02,1.555073464822631299e-02,3.115678345404406316e-02,1.499297534017339853e-02,5.007362841761331396e-02,4.974811660490953413e-02,1.706494518878209909e-02,3.327856324802378613e-02,8.246365942027351903e-02,4.560584555364998599e-02,6.650911393716736619e-02,4.225544816749854382e-02,9.493140469204160506e-03,3.568410745516616134e-02,1.375611455108074858e-02,8.590471272970761143e-03,1.861273559359048063e-02,9.333644679296334776e-03,1.132701112794943198e-02,4.065140175749923368e-03,4.960210024447311850e-03,1.307251105338218256e-02,1.043251978879158708e-02,1.406485342136543082e-02,8.598689325790824511e-03,1.035506478889272435e-02,2.865962101666980934e-03,4.470117002848047333e-03,9.802216704101154865e-03,1.815680015366000211e-02,1.617332428757055698e-02,6.543250817972134925e-03,1.819743745676893551e-02,2.955556698637734625e-02,3.502168215942119689e-02,1.014730369921256967e-02,4.137218075721468824e-02,2.167535347678510582e-02,3.137495138278485057e-02,2.229338068045759111e-02,5.074588148687042555e-02,1.175691585283969443e-02,1.398614646303026655e-02,8.621657130368035396e-03,6.523907493324743699e-03,1.365480985433151738e-02,1.821598066828687343e-02,2.606217155975346783e-02,1.743022803279339547e-02,5.042016332874953155e-02,5.740836154323981921e-02,1.259127103708511906e-02,3.392383056445982120e-02,1.046914161531978388e-01,5.159105314387751190e-02,6.686455847149083698e-02,3.627298154504226407e-02,9.883847152903595459e-03,3.304940235535781118e-02
1.363378161269797328e-02,0.000000000000000000e+00,1.215648118512175323e-02,8.154461814826673149e-03,3.026849020880392760e-02,4.853007931653643969e-02,5.152970802473043344e-02,1.458470562557358241e-02,5.931215938695524881e-02,3.484678274885326388e-02,4.315435475110824398e-02,2.791126215607539138e-02,7.513439174644820362e-02,1.467592164758823106e-02,2.520412433750631592e-02,1.910515941959659708e-02,1.267505900733629197e-02,2.614928929730939849e-02,2.507756542061923694e-02,5.170351579713541867e-02,2.315434507831566624e-02,8.244656768119049128e-02,8.026685857986963490e-02,2.604759307463747758e-02,5.497027641431133371e-02,1.333996914169920667e-01,7.543647724996480064e-02,1.107356452980576278e-01,7.114417091371441626e-02,1.527566842123949040e-02,5.951998057514229501e-02,2.329823492257111425e-02,1.478753765992993005e-02,3.161013958387973166e-02,1.556784229959651614e-02,1.882097723407253828e-02,6.718102287858074284e-03,8.465177284724217238e-03,2.194011404159134510e-02,1.789448217231340982e-02,2.354634237456713561e-02,1.385199492617921087e-02,1.734236881318923160e-02,4.998027865967683350e-03,7.343452205748971125e-03,1.426672618650115347e-02,3.086716283223247051e-02,2.613949849196540998e-02,1.095573739064613014e-02,3.022069972729262560e-02,4.947272324271829308e-02,5.883992698390932974e-02,1.679836059799107856e-02,6.958912770228793676e-02,3.643130001719316335e-02,5.239991419627140767e-02,3.436763418972333534e-02,8.521610526896279680e-02,1.948951726520168487e-02,2.138458766425720831e-02,1.421678473521621050e-02,1.098529169016663511e-02,2.289308142853598016e-02,3.014629779805514526e-02,4.243610614715123686e-02,2.795145608240036036e-02,8.489707701992964262e-02,9.308859150309553576e-02,1.915426000615769869e-02,5.753430185358407445e-02,1.699464627437864972e-01,8.525786263060973480e-02,1.107606304545685483e-01,6.044930315041062430e-02,1.584121691154435213e-02,5.472882234811295848e-02
7.774819313856503808e-03,1.215648118512175323e-02,0.000000000000000000e+00,4.423258180432660357e-03,1.703831171034906819e-02,2.723073811384856685e-02,2.853671186211872296e-02,8.290108696549693817e-03,3.321301591021629668e-02,1.841976845469045151e-02,2.412879637030218918e-02,1.524453272788804312e-02,4.135087870865880588e-02,8.091649271286112735e-03,1.477140710443237796e-02,1.039951144410907087e-02,6.817882657835148269e-03,1.433535944292950795e-02,1.435204167344972769e-02,2.834401024355204246e-02,1.276476614744019404e-02,4.686855255997578878e-02,4.604813706024354220e-02,1.461516141240055272e-02,3.029680804611636219e-02,7.562856144643238798e-02,4.151367235643067116e-02,6.117477961151887578e-02,3.983578021111693068e-02,8.513419776065303535e-03,3.331298582935691283e-02,1.308123165158272573e-02,8.349350237514088433e-03,1.790001403837938182e-02,8.904289096304652748e-03,1.001592943264143290e-02,3.678735361048345552e-03,4.860148657957933695e-03,1.224402154841337624e-02,1.018659845615709457e-02,1.317307356290880506e-02,7.750381823277870119e-03,9.581105864342066153e-03,2.630495566186592457e-03,4.256921899397826496e-03,8.131398717700836012e-03,1.701400753492810294e-02,1.444011592897303728e-02,6.086490159206038066e-03,1.708112851039871732e-02,2.776950856717074270e-02,3.258920648774967649e-02,9.418233607265933532e-03,3.946263586703407239e-02,1.961469441709582859e-02,2.963951786201379085e-02,1.878301276220104357e-02,4.726625380202503085e-02,1.071593414258951819e-02,1.215867520147557480e-02,7.949706568606263596e-03,5.907345769129896534e-03,1.284781266644629931e-02,1.695575307706330068e-02,2.365272621721134852e-02,1.540402843019416518e-02,4.782591497598066149e-02,5.295937895628820974e-02,1.098571301432533197e-02,3.186670822384449903e-02,9.552108845695536643e-02,4.693958356855960218e-02,6.209792891012998195e-02,3.385738720211440428e-02,9.059251259125343514e-03,3.059782437623145834e-02
4.839959613074170872e-03,8.154461814826673149e-03,4.423258180432660357e-03,0.000000000000000000e+00,1.088464449231267388e-02,1.764326687390836354e-02,1.859923874186364748e-02,5.398612361829801046e-03,2.135582085283943207e-02,1.243149945079503362e-02,1.583033071403474115e-02,9.930634507273470440e-03,2.735476599420659516e-02,5.172471690759215986e-03,9.151707706013555155e-03,6.818699513155226759e-03,4.621755913231276151e-03,9.500916684636291978e-03,9.215169646922365121e-03,1.845312349483416159e-02,8.286727834512629814e-03,2.987074310130605204e-02,2.938284899460387109e-02,9.335969705438092875e-03,1.991403697843192530e-02,4.863370572832794586e-02,2.698567000042902814e-02,4.001521673388010181e-02,2.561457006865998712e-02,5.368780073145063871e-03,2.179450841071563574e-02,8.695691602399626893e-03,5.600915709572494225e-03,1.191866951350288757e-02,5.962846954915727166e-03,6.491655078606883844e-03,2.293025471888918750e-03,3.124760371021753549e-03,8.178497012875990055e-03,6.721582800526356392e-03,8.900719309433924309e-03,5.178950750888393871e-03,6.109249618686958191e-03,1.786727824777702839e-03,2.757074569815978239e-03,5.288864803795438954e-03,1.129164078115882548e-02,9.744163102480567565e-03,4.144452224726030178e-03,1.097461359714152485e-02,1.820733016720731817e-02,2.152516148850545583e-02,6.207168301690482379e-03,2.557868417128817198e-02,1.318158521492064986e-02,1.916680251181008057e-02,1.243080481407127062e-02,3.129310544207552364e-02,6.880037422541085759e-03,7.924443922586581548e-03,5.112618814301991485e-03,3.971752748222726233e-03,8.222913060036883548e-03,1.122857136203946407e-02,1.557959588953509653e-02,1.035802661936751669e-02,3.118335243932127132e-02,3.465964186592222773e-02,7.075650480835880829e-03,2.077790683660973164e-02,6.245600806786850978e-02,3.138624903328726679e-02,4.047550055981258971e-02,2.183363907203507773e-02,5.709666127442232508e-03,2.008994131069300609e-02
1.826215018410342825e-02,3.026849020880392760e-02,1.703831171034906819e-02,1.088464449231267388e-02,0.000000000000000000e+00,6.521805391360019355e-02,6.901400491615877764e-02,1.985370127635380580e-02,7.979179534413696762e-02,4.735909208594413916e-02,5.872804435905065734e-02,3.776797859151036912e-02,1.009129315777051589e-01,2.004028611707200924e-02,3.365115160402774169e-02,2.535486886323854577e-02,1.738657185444668352e-02,3.515115798843810452e-02,3.466797485722979133e-02,6.871542618695550275e-02,3.112708024678581542e-02,1.111256913840424354e-01,1.083063875935580400e-01,3.457028492068284220e-02,7.425817915286814230e-02,1.795191226615409641e-01,1.004315270932574361e-01,1.484756756121525523e-01,9.541993536539286613e-02,2.072628971576819315e-02,8.021326674078607666e-02,3.170144465403901962e-02,2.050710719450163366e-02,4.319835572420176878e-02,2.129405687277907688e-02,2.540073938190549885e-02,9.038312000411356448e-03,1.166756682503762403e-02,2.966273318831847902e-02,2.468051110792910535e-02,3.228381270563409483e-02,1.865718987792651384e-02,2.349317426518316571e-02,6.592041848074922661e-03,1.014816343059710829e-02,1.918612590486751951e-02,4.112020875072503606e-02,3.521508244817175837e-02,1.503069415401799697e-02,4.145096935561146806e-02,6.706371359988340386e-02,7.933936989468444445e-02,2.277495994240492580e-02,9.446675336542950663e-02,4.996822725541510274e-02,7.196165794879620659e-02,4.632406312984390512e-02,1.144037977670586265e-01,2.653737880821424588e-02,2.803234641595887464e-02,1.976863160241690287e-02,1.489129873425972667e-02,3.102749605152891471e-02,4.126663734891638374e-02,5.679625613235575465e-02,3.769616828958991667e-02,1.142758476211940544e-01,1.250432940008513183e-01,2.604557756586286729e-02,7.705085658130701731e-02,2.267649786257295297e-01,1.137754816498462301e-01,1.501826125009904367e-01,8.209178995305824178e-02,2.159786721898744946e-02,7.363381659426783410e-02
2.914831524510362940e-02,4.853007931653643969e-02,2.723073811384856685e-02,1.764326687390836354e-02,6.521805391360019355e-02,0.000000000000000000e+00,1.100913795806612305e-01,3.037828905083760078e-02,1.270216471292313076e-01,7.303071906936721425e-02,9.099941504102869450e-02,5.875738778583951272e-02,1.592247345755758436e-01,3.253169135719847366e-02,5.265251478583305583e-02,4.032926021459939253e-02,2.690047203440068535e-02,5.542477689696635734e-02,5.378833608743958244e-02,1.089448757544777963e-01,4.905097172834615299e-02,1.755799009425660639e-01,1.707885010735644415e-01,5.596693436483846790e-02,1.181822151875603077e-01,2.839810156265256680e-01,1.607041076899779208e-01,2.332998815881599797e-01,1.513001052419009618e-01,3.288942466014292687e-02,1.247434016710605442e-01,4.901290134377219582e-02,3.129336508165546371e-02,6.584230324958834091e-02,3.311929892399709946e-02,4.078328821781714020e-02,1.468094729528043527e-02,1.781098756339590319e-02,4.579618648150219490e-02,3.759558208910302596e-02,4.955201429675214903e-02,2.939098329239085358e-02,3.726221111883185749e-02,1.079853353398844452e-02,1.541928151694103855e-02,3.119593639924101228e-02,6.477655926958968136e-02,5.623165118447399913e-02,2.369162952368798411e-02,6.456940363677075856e-02,1.058376852680948665e-01,1.244129458685167278e-01,3.501026146808597361e-02,1.481914499267583396e-01,7.679062379697983165e-02,1.106792459830477360e-01,7.261663218401470665e-02,1.791396650670616375e-01,4.169907296108746331e-02,4.568005379510791525e-02,3.094855565207821346e-02,2.353187825544366188e-02,4.863417507997819939e-02,6.367989144591647277e-02,9.162684073047347444e-02,5.912931007342898254e-02,1.795467317306115584e-01,1.977381297279978967e-01,4.185285380131713306e-02,1.231071985969559301e-01,3.601288022675634970e-01,1.799940722107276347e-01,2.346626800860130979e-01,1.303738649251320325e-01,3.437766106254300236e-02,1.161117557185305377e-01
3.049932512813419150e-02,5.152970802473043344e-02,2.853671186211872296e-02,1.859923874186364748e-02,6.901400491615877764e-02,1.100913795806612305e-01,0.000000000000000000e+00,3.290417245704983784e-02,1.346376497732266475e-01,7.948804284884142257e-02,9.842260856526763302e-02,6.340749656476935003e-02,1.703266848077109319e-01,3.366547656286003609e-02,5.564938240394393110e-02,4.296895606370936677e-02,2.908730618457297176e-02,5.910538012424314258e-02,5.759109756577987516e-02,1.152339065824042746e-01,5.228886171823182716e-02,1.850832949317608167e-01,1.801699214947248551e-01,5.863285957425217604e-02,1.253442882995252639e-01,3.016272120177431737e-01,1.683413915805066774e-01,2.485942820668123332e-01,1.591070725927814511e-01,3.411791186294015760e-02,1.337774939591613310e-01,5.268852789011978233e-02,3.404826686557481386e-02,7.201847507099204404e-02,3.589841878323170310e-02,4.322075195637090778e-02,1.536616066943628789e-02,1.894894650179859003e-02,4.968574916203758601e-02,4.111069930075295781e-02,5.421639114834933548e-02,3.184237121889800515e-02,3.979161212522250995e-02,1.147058296584388577e-02,1.674681102698626078e-02,3.236562348258906208e-02,6.969626526676597766e-02,5.936655299833694388e-02,2.550342818773852424e-02,6.921161147195646623e-02,1.127297959990437026e-01,1.338055223375445024e-01,3.802061734797335807e-02,1.570900388602545494e-01,8.345634576095169177e-02,1.189851006026829416e-01,7.773562040366069348e-02,1.923267554075162866e-01,4.457729696649515017e-02,4.746009690082023114e-02,3.291099981321368717e-02,2.533352193602394012e-02,5.172865544650086245e-02,6.861187106829323701e-02,9.552250766679470928e-02,6.375914698025411664e-02,1.904444959038555929e-01,2.095047643088500944e-01,4.352910274025984655e-02,1.294909008996278921e-01,3.801834796635071290e-01,1.910916153969022258e-01,2.502079584425649372e-01,1.369287638675604213e-01,3.558089832063528885e-02,1.238199541359205624e-01
9.188309473706295083e-03,1.458470562557358241e-02,8.290108696549693817e-03,5.398612361829801046e-03,1.985370127635380580e-02,3.037828905083760078e-02,3.290417245704983784e-02,0.000000000000000000e+00,3.735832281026892077e-02,2.230132132534606848e-02,2.752847951694083195e-02,1.858408431642796094e-02,4.748585265153303786e-02,1.011266607912689360e-02,1.587991078609292742e-02,1.193136206748787211e-02,8.142172560448811963e-03,1.633739933028993327e-02,1.617029039076977801e-02,3.240062666175028139e-02,1.539266040972756509e-02,5.118517162676802790e-02,4.996361310071299050e-02,1.727329525190764159e-02,3.531334652412261577e-02,8.527883504000927095e-02,4.744413287733664775e-02,6.939709453927081495e-02,4.457072446025162754e-02,9.899230101050655872e-03,3.699936734005955519e-02,1.398704473575497487e-02,9.203397986117356488e-03,1.966803554116820438e-02,9.719467324322668411e-03,1.240494872377950579e-02,4.428045546370291269e-03,5.024382438486955926e-03,1.331008523549626933e-02,1.098752679715552655e-02,1.466587336729528734e-02,8.897854245222516084e-03,1.139054305210075030e-02,3.351624992881111192e-03,4.492808308256491558e-03,9.806632950387602840e-03,1.909276359865164432e-02,1.684710789842949058e-02,7.294317942535321307e-03,1.965458852889799199e-02,3.137984104173373312e-02,3.729994091494181346e-02,1.043746945867574799e-02,4.259818910594565661e-02,2.347138090455477832e-02,3.324887414258845264e-02,2.325884376361654626e-02,5.317661794967249583e-02,1.294027301505084812e-02,1.411099336837169996e-02,9.522935126767911873e-03,7.272949297045949377e-03,1.444333924822152095e-02,1.937117839906573463e-02,2.694755406543756365e-02,1.844240578409098857e-02,5.225693776183661793e-02,5.819228344726848356e-02,1.278068109130522587e-02,3.561833320628255556e-02,1.071624606599005658e-01,5.330575094367943911e-02,6.959989622045158197e-02,3.827333389671545849e-02,9.936795244746566766e-03,3.490881820820362913e-02
3.502967114987948910e-02,5.931215938695524881e-02,3.321301591021629668e-02,2.135582085283943207e-02,7.979179534413696762e-02,1.270216471292313076e-01,1.346376497732266475e-01,3.735832281026892077e-02,0.000000000000000000e+00,8.985078982533124814e-02,1.116065831011219672e-01,7.200172513976584032e-02,1.943064027742400779e-01,3.977580788989885235e-02,6.510529076911900082e-02,4.957037523630490605e-02,3.313184118852332410e-02,6.790856223477449716e-02,6.587587252354260015e-02,1.346042413985673869e-01,5.977850119017805164e-02,2.164316120097248553e-01,2.091706310012403369e-01,6.780970053029235223e-02,1.438933506514318006e-01,3.473518796220030347e-01,1.983021395703881140e-01,2.861436639984332730e-01,1.854223941904659945e-01,4.056090484047972233e-02,1.533924645451311131e-01,5.912172275058163312e-02,3.855877527348319095e-02,8.157752440182705622e-02,4.043811099272805881e-02,4.984587929647580490e-02,1.767123068301818672e-02,2.198446778933187476e-02,5.547356700444961569e-02,4.632778607062590370e-02,6.110973763097845429e-02,3.581245434704971586e-02,4.536533649250456407e-02,1.291870952329283138e-02,1.920675564438203975e-02,3.703658894398687007e-02,7.942806986849378081e-02,6.847883698516804563e-02,2.863046791918436029e-02,7.862289191898273744e-02,1.296464464071394596e-01,1.521261162649303889e-01,4.297838417083461177e-02,1.814690527550805177e-01,9.461732679717117789e-02,1.357370697369087442e-01,8.903423129536075509e-02,2.189592986390768714e-01,5.064555153404509680e-02,5.548606182380194651e-02,3.785900732586128248e-02,2.894548763941426350e-02,5.962728927689927433e-02,7.820180940993994023e-02,1.121620579265829865e-01,7.153547100030192840e-02,2.204712851546452301e-01,2.409656371579224354e-01,5.090904524693185690e-02,1.498716551414274178e-01,4.383029872438832242e-01,2.206591053105999289e-01,2.885596018263598683e-01,1.598886603104077986e-01,4.215906055360923305e-02,1.418782226709073835e-01
2.050241706190644719e-02,3.484678274885326388e-02,1.841976845469045151e-02,1.243149945079503362e-02,4.735909208594413916e-02,7.303071906936721425e-02,7.948804284884142257e-02,2.230132132534606848e-02,8.985078982533124814e-02,0.000000000000000000e+00,6.599396279940049348e-02,4.315157505306103924e-02,1.147451867555862870e-01,2.321298216416536886e-02,3.721556049189835014e-02,2.914627448746281643e-02,1.928128012367951588e-02,4.004176080774609486e-02,3.813024115358239902e-02,7.865383056342922785e-02,3.584888587732699972e-02,1.243373413348559109e-01,1.208752841747745832e-01,3.945131915213238166e-02,8.436516932879220554e-02,2.025493337306790431e-01,1.138114419801336263e-01,1.683193118786675824e-01,1.072829830009719293e-01,2.333244314850291962e-02,8.944728912440789992e-02,3.490780649038489197e-02,2.262958346537064305e-02,4.810405786541310097e-02,2.367326808162597065e-02,2.984988271572596580e-02,1.033313130698505777e-02,1.250358240609362841e-02,3.285527847570092475e-02,2.779186473745316049e-02,3.599077377529725369e-02,2.091962460854396647e-02,2.701426741308003698e-02,7.668619845247363204e-03,1.119132489020567903e-02,2.188822994563980120e-02,4.717440109115227792e-02,3.938010978203961010e-02,1.720929584125993270e-02,4.669952209262353410e-02,7.413552535173145719e-02,9.053281442360201769e-02,2.561275580225411477e-02,1.048666658168789789e-01,5.700314593920038225e-02,7.986893503297440300e-02,5.321887937976280819e-02,1.298554464813599651e-01,3.011947725437857243e-02,3.151271725523575873e-02,2.190434802742586770e-02,1.691781757802713476e-02,3.504973311297835542e-02,4.619619106375960627e-02,6.318977487532601023e-02,4.336276710675761314e-02,1.266038294510264950e-01,1.402322824051011607e-01,2.910119167942758212e-02,8.750348086990655805e-02,2.552981372911306557e-01,1.280176885611763460e-01,1.702946744225822817e-01,9.181049381831260514e-02,2.441142669305732676e-02,8.327659388484812131e-02
2.577682698727310623e-02,4.315435475110824398e-02,2.412879637030218918e-02,1.583033071403474115e-02,5.872804435905065734e-02,9.099941504102869450e-02,9.842260856526763302e-02,2.752847951694083195e-02,1.116065831011219672e-01,6.599396279940049348e-02,0.000000000000000000e+00,5.349409222109138828e-02,1.417439933978262012e-01,2.926024153054147814e-02,4.690683820466888532e-02,3.566743265442560290e-02,2.412987346945279915e-02,4.931262862372520761e-02,4.815251971318596641e-02,9.648085962147685823e-02,4.427619611843980341e-02,1.546791225302757977e-01,1.502135010053665676e-01,4.940768617933914003e-02,1.046666084887804687e-01,2.528838345879084737e-01,1.413321229555342395e-01,2.073148613344919511e-01,1.331313514297017275e-01,2.900946560058630802e-02,1.117381357566937378e-01,4.318205045299048500e-02,2.818645924993518764e-02,5.981874108079242996e-02,2.945844848633629581e-02,3.661058959009770575e-02,1.307599219460914459e-02,1.564374987591138008e-02,4.025502795058195221e-02,3.404026668895538538e-02,4.476395904279968641e-02,2.612540393348004863e-02,3.306603725568823399e-02,9.617498641425015898e-03,1.383539803642369267e-02,2.733688415878664582e-02,5.759334103457101200e-02,4.981306032174417225e-02,2.133308107941701837e-02,5.790522032497073812e-02,9.380080026272877292e-02,1.116285812344789824e-01,3.160970907709315103e-02,1.309283423947878722e-01,6.969532344715270722e-02,9.976006176344566490e-02,6.608699962666314542e-02,1.600778417024904809e-01,3.739329592621590259e-02,4.007450472179779899e-02,2.820175671335924464e-02,2.125670300659525738e-02,4.351779911365043219e-02,5.767070583896551084e-02,8.063698191208241994e-02,5.339769577879496798e-02,1.584825348270305079e-01,1.746819442127549582e-01,3.696165464888279822e-02,1.076554881452134599e-01,3.180475902175075587e-01,1.596877021195693136e-01,2.100363034327565048e-01,1.145874132164011183e-01,3.018940182352334439e-02,1.038683146351630504e-01
1.740180517552432707e-02,2.791126215607539138e-02,1.524453272788804312e-02,9.930634507273470440e-03,3.776797859151036912e-02,5.875738778583951272e-02,6.340749656476935003e-02,1.858408431642796094e-02,7.200172513976584032e-02,4.315157505306103924e-02,5.349409222109138828e-02,0.000000000000000000e+00,9.207480369645884566e-02,1.888443077688106708e-02,3.134765536990624657e-02,2.316538725004578178e-02,1.575298048238588447e-02,3.208402349140766774e-02,3.122856784680186348e-02,6.277580321337689062e-02,2.989714134296100542e-02,9.945044913240941309e-02,9.869742840126230488e-02,3.268726104952292266e-02,6.767929686666776523e-02,1.652280365932149164e-01,9.092141375338756715e-02,1.354774474980589838e-01,8.600453625742759955e-02,1.896517240411928207e-02,7.234126427919469748e-02,2.803556227574336909e-02,1.818589379344464838e-02,3.893954517662727433e-02,1.903141180407636260e-02,2.364154203859327244e-02,8.244862256965577660e-03,9.961067201764973317e-03,2.645515975079601803e-02,2.226810280876688822e-02,2.917716512231982237e-02,1.719190210069175551e-02,2.162182977355563834e-02,6.231987169069016196e-03,8.970087966014797520e-03,1.892738515662586302e-02,3.764853686149448320e-02,3.184218044909289946e-02,1.393222669027115168e-02,3.762079490447452212e-02,5.999249252277738531e-02,7.328081877360158314e-02,2.079578557499198177e-02,8.425001053601635648e-02,4.572261769912501495e-02,6.434673623504651163e-02,4.445723401517589352e-02,1.049655628374739219e-01,2.451814203570430728e-02,2.637646283768929623e-02,1.778859897090454348e-02,1.372744319184824452e-02,2.804829419726651007e-02,3.761294252831486745e-02,5.089174440243020292e-02,3.580578549327279730e-02,1.013657639589202325e-01,1.139361030316374673e-01,2.410124068936653555e-02,6.887122422057953552e-02,2.080570711915901427e-01,1.029609703516128905e-01,1.368553950653779161e-01,7.331905835473140343e-02,1.961304350793590529e-02,6.756132476343933158e-02
4.429724291340254860e-02,7.513439174644820362e-02,4.135087870865880588e-02,2.735476599420659516e-02,1.009129315777051589e-01,1.592247345755758436e-01,1.703266848077109319e-01,4.748585265153303786e-02,1.943064027742400779e-01,1.147451867555862870e-01,1.417439933978262012e-01,9.207480369645884566e-02,0.000000000000000000e+00,4.965625278668173853e-02,8.107849495559953101e-02,6.316862429891845210e-02,4.189052628166248238e-02,8.634322774677476164e-02,8.285448131405530325e-02,1.685583018180612791e-01,7.634220153224621774e-02,2.713537664304361274e-01,2.622035634484658484e-01,8.554839790595958338e-02,1.822685231755637458e-01,4.370148473218803953e-01,2.466029252138898786e-01,3.620338426505976814e-01,2.325537897881947980e-01,5.064135533974269132e-02,1.939451381101391925e-01,7.604146325544791640e-02,4.878063348950079092e-02,1.034158522955264670e-01,5.164960163881238825e-02,6.305585964977981905e-02,2.244937816262860750e-02,2.762549180791559755e-02,7.185902151667791782e-02,5.925158156991274655e-02,7.788664146680149281e-02,4.603839415190655315e-02,5.728918819734762913e-02,1.670238538901192352e-02,2.430027840464539512e-02,4.747064867214115247e-02,1.007487329262811426e-01,8.671809326684597197e-02,3.688405597495716254e-02,9.974108423138675072e-02,1.619311464696008007e-01,1.935060447809520412e-01,5.485679086589614895e-02,2.282688288149655187e-01,1.214268422046017037e-01,1.720081948093619140e-01,1.135783138478010379e-01,2.784674971534301657e-01,6.412031932752404462e-02,6.984783831825766565e-02,4.769712139140828283e-02,3.663102706221461197e-02,7.549909992460786257e-02,9.952453477588595054e-02,1.397278925664348637e-01,9.255715559423619010e-02,2.770938369106825672e-01,3.059626018153511762e-01,6.398876499201326673e-02,1.900367882865204305e-01,5.556272246180027352e-01,2.785572487224882710e-01,3.651929478654009631e-01,1.986541359716821886e-01,5.260723568178176518e-02,1.801045199822172149e-01
9.250053801528053399e-03,1.467592164758823106e-02,8.091649271286112735e-03,5.172471690759215986e-03,2.004028611707200924e-02,3.253169135719847366e-02,3.366547656286003609e-02,1.011266607912689360e-02,3.977580788989885235e-02,2.321298216416536886e-02,2.926024153054147814e-02,1.888443077688106708e-02,4.965625278668173853e-02,0.000000000000000000e+00,1.737344857205274859e-02,1.258242095238332192e-02,8.473530338845902676e-03,1.740239236472293158e-02,1.723848147936253919e-02,3.474516791577571262e-02,1.558765945872621697e-02,5.604604423930479445e-02,5.474864524582222225e-02,1.744729360248138336e-02,3.633507585376876542e-02,8.927763871194516199e-02,5.053010493637376949e-02,7.486783002085363459e-02,4.755955436539230363e-02,1.041647399263603661e-02,4.007590631618420524e-02,1.546027589747026032e-02,1.019120416916103992e-02,2.159581977938377501e-02,1.051157785495150307e-02,1.215952033239858093e-02,4.330314902306921926e-03,5.887264795122285413e-03,1.456800358828501743e-02,1.233311797573601390e-02,1.620096218835609045e-02,9.193299361697594013e-03,1.162987465431611009e-02,3.228430850069177391e-03,5.110229009809842161e-03,9.751627071841127356e-03,2.045475295822257039e-02,1.748611143908420512e-02,7.188303657588294635e-03,1.980678421808158840e-02,3.316329716612487905e-02,3.903744827492436342e-02,1.154401234814368508e-02,4.754694556082974394e-02,2.450975626345116426e-02,3.542654016449850451e-02,2.305240719623721443e-02,5.724392949458681490e-02,1.293040256074434041e-02,1.417168416733689124e-02,9.435836889256896814e-03,7.135428113313253828e-03,1.530615425056709375e-02,2.065313941657639929e-02,2.850951404394112820e-02,1.863056030411175748e-02,5.728115293133984043e-02,6.294202180657716694e-02,1.293960379525068045e-02,3.816586459741376502e-02,1.141093662234148598e-01,5.720760103159674981e-02,7.510703540337841655e-02,4.037928311148230448e-02,1.095595978614324374e-02,3.655792734692060730e-02
1.617537188381922009e-02,2.520412433750631592e-02,1.477140710443237796e-02,9.151707706013555155e-03,3.365115160402774169e-02,5.265251478583305583e-02,5.564938240394393110e-02,1.587991078609292742e-02,6.510529076911900082e-02,3.721556049189835014e-02,4.690683820466888532e-02,3.134765536990624657e-02,8.107849495559953101e-02,1.737344857205274859e-02,0.000000000000000000e+00,2.038009585596324905e-02,1.377578847308018849e-02,2.812232681560396935e-02,2.819081831828358295e-02,5.619842014399718116e-02,2.644471848087254218e-02,9.020073751387548688e-02,8.808689874485879645e-02,3.027615578077300432e-02,6.112568490312850211e-02,1.492062930376566454e-01,8.329812358028719499e-02,1.195449867815059214e-01,7.749885617210029720e-02,1.690693355477702886e-02,6.423352426503353696e-02,2.430462189474970336e-02,1.590188247329741775e-02,3.382086246716090039e-02,1.659166036034986566e-02,2.117246867122647355e-02,7.682561770227508587e-03,9.014715197164121369e-03,2.298693724522380202e-02,1.877026351373905014e-02,2.527896778185898669e-02,1.527016728124150000e-02,1.900621974527316738e-02,5.532240550441024259e-03,7.788006294127952991e-03,1.732276790727466792e-02,3.265292075830293628e-02,2.927249450200000713e-02,1.214651061259174568e-02,3.339127980631345638e-02,5.437763564833650309e-02,6.301617681426169293e-02,1.806421259012711347e-02,7.492835536345462955e-02,3.913523667987107296e-02,5.712957513403383453e-02,3.962696388773789824e-02,9.065284803190321039e-02,2.207411295485788363e-02,2.492471767551793227e-02,1.673203690497256091e-02,1.222978578778278862e-02,2.506622763059524958e-02,3.306863025163805231e-02,4.781038394070836334e-02,3.119509616045194195e-02,9.193556595537455411e-02,1.016110812875138797e-01,2.267066453019004821e-02,6.192066353790125210e-02,1.880549974284330683e-01,9.213231828474514884e-02,1.186306196158204429e-01,6.730963393872255174e-02,1.755257961477075732e-02,6.038667666645520377e-02
1.111485921735340041e-02,1.910515941959659708e-02,1.039951144410907087e-02,6.818699513155226759e-03,2.535486886323854577e-02,4.032926021459939253e-02,4.296895606370936677e-02,1.193136206748787211e-02,4.957037523630490605e-02,2.914627448746281643e-02,3.566743265442560290e-02,2.316538725004578178e-02,6.316862429891845210e-02,1.258242095238332192e-02,2.038009585596324905e-02,0.000000000000000000e+00,1.066109526519647653e-02,2.133873874696438910e-02,2.079555540387879181e-02,4.289058879242781813e-02,1.922833520705771737e-02,6.773263438146154281e-02,6.613927476056725985e-02,2.154751006815128558e-02,4.613819663833902684e-02,1.104792082260023511e-01,6.296154860856295610e-02,9.207293452689974123e-02,5.905545563622362215e-02,1.278160902640824471e-02,4.841867349980533142e-02,1.916784181008197516e-02,1.227968358837209714e-02,2.590151848651148225e-02,1.297852924488226978e-02,1.606569298853891686e-02,5.706806486853153310e-03,6.885058695795814518e-03,1.801563043033295453e-02,1.476674962900948948e-02,1.952958270161329890e-02,1.152662027933166848e-02,1.463829444540035163e-02,4.262442511860540031e-03,6.045728970364407096e-03,1.185534666004671618e-02,2.551200359128491524e-02,2.161066722333344903e-02,9.297588547630112124e-03,2.509255475422196915e-02,4.123100180657394975e-02,4.914097968298249824e-02,1.379427434190291443e-02,5.774226418693475388e-02,3.066584241735742511e-02,4.354943673617046179e-02,2.858540756365729810e-02,7.062416914488793551e-02,1.630772566267281801e-02,1.760739330295548605e-02,1.205965332023900549e-02,9.233849849406786797e-03,1.902595862570952492e-02,2.511725024512756130e-02,3.545855163240993480e-02,2.307472459117733063e-02,7.001641157704086016e-02,7.658954140692912638e-02,1.592076451473844675e-02,4.771781385334116637e-02,1.393221753356685688e-01,7.009575388303812549e-02,9.231500528548929052e-02,5.037146638650109864e-02,1.338096075823088683e-02,4.556538084518706178e-02
7.500996940443403066e-03,1.267505900733629197e-02,6.817882657835148269e-03,4.621755913231276151e-03,1.738657185444668352e-02,2.690047203440068535e-02,2.908730618457297176e-02,8.142172560448811963e-03,3.313184118852332410e-02,1.928128012367951588e-02,2.412987346945279915e-02,1.575298048238588447e-02,4.189052628166248238e-02,8.473530338845902676e-03,1.377578847308018849e-02,1.066109526519647653e-02,0.000000000000000000e+00,1.440714462043295348e-02,1.395818566625174444e-02,2.867646033254115517e-02,1.309013227671299191e-02,4.564021693080139858e-02,4.439356469398320071e-02,1.457198326165496521e-02,3.091798673136040426e-02,7.393795272189560008e-02,4.210338060473576421e-02,6.151501806440135001e-02,3.933710169025536607e-02,8.569417989435591798e-03,3.266132496197975132e-02,1.288100843328105968e-02,8.261541174029028017e-03,1.747898797073809546e-02,8.652817280497666907e-03,1.083127160155486143e-02,3.806292946666611603e-03,4.680864437140721916e-03,1.207853693119063064e-02,1.008982125699132461e-02,1.319018160489656734e-02,7.749732628281734426e-03,9.896546715239764105e-03,2.777691668621000681e-03,4.125428870094099629e-03,7.881491019772202122e-03,1.713206071486916490e-02,1.445695036842684078e-02,6.232632255761680166e-03,1.703443759483902822e-02,2.725978929423241576e-02,3.311480024314706477e-02,9.397431301568089437e-03,3.859608715503209941e-02,2.080396810800575619e-02,2.941954689659405028e-02,1.950348564190123105e-02,4.756639936876865676e-02,1.093700560594520685e-02,1.159045666823092791e-02,7.928918011924121489e-03,6.120583131020075618e-03,1.272731313215492814e-02,1.683695760534054814e-02,2.353227387082834632e-02,1.572746196321341342e-02,4.665230482030274101e-02,5.150034644255446770e-02,1.083917424851658581e-02,3.213016827962069527e-02,9.337986843029666417e-02,4.705788372338069042e-02,6.223651467629105066e-02,3.361575243322880574e-02,8.922790714777069018e-03,3.039134982892512105e-02
1.549118491560924973e-02,2.614928929730939849e-02,1.433535944292950795e-02,9.500916684636291978e-03,3.515115798843810452e-02,5.542477689696635734e-02,5.910538012424314258e-02,1.633739933028993327e-02,6.790856223477449716e-02,4.004176080774609486e-02,4.931262862372520761e-02,3.208402349140766774e-02,8.634322774677476164e-02,1.740239236472293158e-02,2.812232681560396935e-02,2.133873874696438910e-02,1.440714462043295348e-02,0.000000000000000000e+00,2.874990112509914764e-02,5.878079254131685777e-02,2.637418210328255908e-02,9.400235271937952553e-02,9.084042749598360278e-02,2.963539974288791762e-02,6.351097912219971775e-02,1.525568476344957014e-01,8.627635438282368896e-02,1.263780070005087464e-01,8.125646533788337400e-02,1.778559056045818029e-02,6.718790819378027412e-02,2.626786890988496923e-02,1.696526489903959004e-02,3.557894360500858666e-02,1.776391197250228732e-02,2.200388347986322393e-02,7.896099488152903689e-03,9.489361134685677518e-03,2.460272098080049791e-02,2.032775426892697787e-02,2.669294812123786109e-02,1.571220083153728256e-02,1.994258677654183604e-02,5.796196066749577207e-03,8.291555909256793921e-03,1.628132056116609119e-02,3.489835312005502149e-02,3.013579880559626861e-02,1.279965207167397395e-02,3.474721592884437438e-02,5.646923224309365746e-02,6.717245691673283392e-02,1.886957809881002063e-02,7.929702065241181486e-02,4.201419161645848083e-02,5.984604558582930917e-02,3.937460098022865784e-02,9.674589576440495442e-02,2.255961351257852049e-02,2.418350074819684836e-02,1.664300893943545384e-02,1.271868150468864755e-02,2.611656654673014111e-02,3.415179217730965333e-02,4.904495174012236253e-02,3.166652899096594753e-02,9.625167140492567330e-02,1.052381066544585270e-01,2.187330885654783022e-02,6.564921602782575194e-02,1.927218414462847085e-01,9.622026638346824201e-02,1.263267303800596209e-01,6.960099024063005901e-02,1.846726459866540257e-02,6.239276550546773992e-02
1.555073464822631299e-02,2.507756542061923694e-02,1.435204167344972769e-02,9.215169646922365121e-03,3.466797485722979133e-02,5.378833608743958244e-02,5.759109756577987516e-02,1.617029039076977801e-02,6.587587252354260015e-02,3.813024115358239902e-02,4.815251971318596641e-02,3.122856784680186348e-02,8.285448131405530325e-02,1.723848147936253919e-02,2.819081831828358295e-02,2.079555540387879181e-02,1.395818566625174444e-02,2.874990112509914764e-02,0.000000000000000000e+00,5.667869438195951431e-02,2.615601084514835792e-02,9.124130133227749406e-02,8.907436730878177944e-02,2.934604076029845993e-02,6.138398728509052160e-02,1.494299026099933092e-01,8.347492288626173762e-02,1.217842243585051110e-01,7.884695895845060531e-02,1.707321700831033323e-02,6.584143687405429046e-02,2.513740107308169366e-02,1.663363890506149717e-02,3.505688190049516956e-02,1.734943966143649360e-02,2.126876311940905165e-02,7.661213211271116971e-03,9.283758436838228378e-03,2.347823943576948791e-02,1.994021061175231188e-02,2.625889141496472873e-02,1.540664070112933957e-02,1.942733735453778046e-02,5.600161760160675926e-03,8.195138351243226593e-03,1.651550359049511543e-02,3.388616619001386804e-02,2.939402570990759522e-02,1.242746501961628641e-02,3.409602942875703674e-02,5.518520316184165331e-02,6.576093065378604829e-02,1.842926585940213649e-02,7.728080191477126881e-02,4.027417987471402366e-02,5.857003357500155383e-02,3.915894750381456596e-02,9.446708451449566113e-02,2.200644981525229707e-02,2.404159415175147890e-02,1.645388642903874293e-02,1.233839010413250760e-02,2.555262320927441030e-02,3.404389289772983412e-02,4.763044862613475400e-02,3.144171415546253429e-02,9.355606777421342224e-02,1.033098819217396491e-01,2.215501009636269836e-02,6.315375976980483474e-02,1.885294363943173790e-01,9.382964137672927807e-02,1.233434977840064117e-01,6.749605464888482065e-02,1.795642642052280510e-02,6.127063473603963639e-02
3.115678345404406316e-02,5.170351579713541867e-02,2.834401024355204246e-02,1.845312349483416159e-02,6.871542618695550275e-02,1.089448757544777963e-01,1.152339065824042746e-01,3.240062666175028139e-02,1.346042413985673869e-01,7.865383056342922785e-02,9.648085962147685823e-02,6.277580321337689062e-02,1.685583018180612791e-01,3.474516791577571262e-02,5.619842014399718116e-02,4.289058879242781813e-02,2.867646033254115517e-02,5.878079254131685777e-02,5.667869438195951431e-02,0.000000000000000000e+00,5.245613836681337766e-02,1.866597831845572819e-01,1.808312693185351316e-01,5.856665385491013204e-02,1.248197715843169242e-01,2.998776661552508549e-01,1.721307618714601473e-01,2.502494214946079376e-01,1.608566747333207148e-01,3.570279744429791929e-02,1.326312669470732786e-01,5.061442994433190679e-02,3.285125935480624759e-02,6.988966941072902173e-02,3.465668552270915331e-02,4.323941331321415338e-02,1.530733884480215551e-02,1.847289925100496430e-02,4.727223792240323186e-02,3.931215990064150512e-02,5.235825911150823048e-02,3.093758549457971060e-02,3.939721233056214106e-02,1.130608863219258707e-02,1.606567550082908802e-02,3.283964812008088180e-02,6.874602102667023984e-02,5.930898915088812784e-02,2.474409104675949142e-02,6.757445256423834368e-02,1.113535849663516986e-01,1.313626461860996075e-01,3.728388183227143715e-02,1.566141186666345497e-01,8.251758534390220279e-02,1.166237919415648444e-01,7.749630606666890742e-02,1.896328222674229513e-01,4.400163014925969479e-02,4.844001326943433994e-02,3.256208825054843908e-02,2.498339246404748804e-02,5.132321074713609710e-02,6.802722607798583621e-02,9.708741176860856414e-02,6.236232753275045004e-02,1.898607815259671927e-01,2.083424428442232357e-01,4.383824595933421414e-02,1.295994711597604210e-01,3.800379216750325306e-01,1.908216812537759377e-01,2.485524414216780387e-01,1.368864678386376710e-01,3.689803672237386423e-02,1.232732814261399829e-01
1.499297534017339853e-02,2.315434507831566624e-02,1.276476614744019404e-02,8.286727834512629814e-03,3.112708024678581542e-02,4.905097172834615299e-02,5.228886171823182716e-02,1.539266040972756509e-02,5.977850119017805164e-02,3.584888587732699972e-02,4.427619611843980341e-02,2.989714134296100542e-02,7.634220153224621774e-02,1.558765945872621697e-02,2.644471848087254218e-02,1.922833520705771737e-02,1.309013227671299191e-02,2.637418210328255908e-02,2.615601084514835792e-02,5.245613836681337766e-02,0.000000000000000000e+00,8.364832227473341375e-02,8.318929335697464178e-02,2.817078366791053029e-02,5.700938793219210987e-02,1.395358318867365721e-01,7.696289093440367157e-02,1.126139163374577090e-01,7.172646478476321641e-02,1.547636876632033087e-02,6.039071921943540283e-02,2.353274559863753612e-02,1.503631255185997918e-02,3.224427084785992659e-02,1.575657613883463953e-02,1.937677554145773862e-02,6.917572286056748038e-03,8.475278502103830019e-03,2.209281345705255833e-02,1.809782867521436689e-02,2.388155557773405727e-02,1.425492970164691717e-02,1.796229962481434017e-02,5.147074025632249542e-03,7.548243837853432954e-03,1.628146157988699660e-02,3.103438463650848300e-02,2.664645456603928486e-02,1.134280430236325743e-02,3.121767756208951999e-02,5.029691725663709007e-02,6.021039933455919757e-02,1.750488018047631489e-02,7.025075901161649539e-02,3.750095880765146744e-02,5.397418309432203132e-02,3.755075442875525221e-02,8.633586138197024695e-02,2.031532111100845667e-02,2.283447263963374677e-02,1.516226474977285660e-02,1.146793665515752868e-02,2.343318174823911040e-02,3.116459342888381473e-02,4.351166462231289417e-02,2.988751684440741491e-02,8.543717167321981942e-02,9.650549595706295336e-02,2.090111804244473848e-02,5.758220932570026762e-02,1.759096895084341083e-01,8.635961979943741762e-02,1.132278434792611671e-01,6.111166391154290722e-02,1.619424476228244550e-02,5.630143151297117843e-02
