0.000000000000000000e+00,1.376380384566351818e-02,1.052595852976523014e-02,4.565731425703607738e-03,1.758764958785027921e-02,2.723070918951498234e-02,2.894960239421741008e-02,6.417729728517833354e-03,3.309085758558132084e-02,1.616615336001842734e-02,2.445498633540124644e-02,1.767512164711491918e-02,3.999373529548451434e-02,1.041684598673159323e-02,1.312402572368754662e-02,9.864068099349584257e-03,6.313904294627468647e-03,1.458588179551298901e-02,1.574772137173076347e-02,2.769758741492402143e-02,1.228746127270115458e-02,4.817481623493623244e-02,4.048479774868631031e-02,1.555455171229591128e-02,3.267251258484552001e-02,7.551847485033653939e-02,3.533396777017078910e-02,5.405610547096504487e-02,4.023045715903164621e-02,8.237120541806584526e-03,2.376176764355136459e-02,1.300570816597543256e-02,5.189108591583601118e-03,1.175591037090958912e-02,7.123985380639717875e-03,9.478080519285945679e-03,4.327668651031419539e-03,3.536818913243242914e-03,1.219073061988046498e-02,7.271424355116573590e-03,1.121574982435508648e-02,7.114431118460675350e-03,9.432602111516521712e-03,3.243277945919755857e-03,1.690206097025090740e-03,7.198829875066784130e-03,1.300613116902003645e-02,1.547786189400764817e-02,5.392985322709442815e-03,1.641664834793521432e-02,2.542221578280238689e-02,3.273548149174691085e-02,7.056899102551601050e-03,3.496617000059515368e-02,1.907210351287531164e-02,2.924102441221047149e-02,1.798136736988762557e-02,4.436748721735346568e-02,1.440256533016169571e-02,1.172424676027836871e-02,9.605246245146673370e-03,7.039904217748051835e-03,1.328744976524705301e-02,1.522049966324122428e-02,2.364774654763176012e-02,1.212984564412590213e-02,4.345258093154762136e-02,4.448620636854239835e-02,1.116814847059717335e-02,3.099833111022336912e-02,8.536870645336284980e-02,4.105855349592014286e-02,5.597965391541216695e-02,3.534799016124350740e-02,8.565732496677467764e-03,2.982140106400606519e-02
1.376380384566351818e-02,0.000000000000000000e+00,2.374853621618910546e-02,1.068693462623965945e-02,3.987067478832707901e-02,6.179570117980338895e-02,6.682218648443621900e-02,1.417701480192541490e-02,7.549831404682467995e-02,3.711141837638791408e-02,5.574228939782926995e-02,3.839456899843209092e-02,9.197987496037336730e-02,2.401114671113575155e-02,2.790451991545853799e-02,2.281953071682835468e-02,1.476860308796295630e-02,3.413596972234354820e-02,3.523757474513081189e-02,6.239199118233710456e-02,2.702633005960636964e-02,1.090559175043954443e-01,8.839963966110168936e-02,3.319177507619414103e-02,7.564646792586517121e-02,1.663491255727598539e-01,7.888636687158037675e-02,1.235717247300052862e-01,9.129896326235042991e-02,1.830751771761411628e-02,5.363040634619739566e-02,2.915451492356763499e-02,1.129168716121080329e-02,2.601888711209690563e-02,1.563063988740094612e-02,2.217920033309516564e-02,1.015834851668991762e-02,7.464879463133276306e-03,2.729586347154597248e-02,1.666363686635640232e-02,2.568763788956095195e-02,1.619548873648530424e-02,2.166586996661685680e-02,7.544985643523746156e-03,3.388672833934115898e-03,1.481967070476277425e-02,2.980425505283103640e-02,3.498026546666648667e-02,1.217744482519668089e-02,3.707771880863326014e-02,5.807362969680054249e-02,7.501922450605047477e-02,1.565638971536324406e-02,7.995599329101625574e-02,4.390123654744341325e-02,6.566484447221007659e-02,3.863688704897862841e-02,1.014906092763870338e-01,3.348466095197936976e-02,2.546239520073507318e-02,2.190985871458656434e-02,1.658259048872814251e-02,3.048734023890346465e-02,3.405120730373202564e-02,5.382002898255653506e-02,2.638417922590466369e-02,9.865164366459874823e-02,9.759705458829279201e-02,2.356998642652831724e-02,7.092318761030121099e-02,1.857161598434610150e-01,9.443478921982625951e-02,1.280642292693440487e-01,8.064344979129259294e-02,1.959006667324157333e-02,6.794190742334790811e-02
1.052595852976523014e-02,2.374853621618910546e-02,0.000000000000000000e+00,8.089462827114127577e-03,3.010694849774500984e-02,4.691908326441180527e-02,5.007147725710717895e-02,1.042501418578887888e-02,5.791320346056702539e-02,2.726576941325638617e-02,4.151473533662661947e-02,2.866313941877631985e-02,6.901263512851688042e-02,1.843415951282843801e-02,2.098987951160323495e-02,1.720127710904285900e-02,1.091950640262387591e-02,2.548939913457726192e-02,2.690715481225079697e-02,4.746011549438806237e-02,2.011108074310319696e-02,8.236717137764772156e-02,6.695190479293103292e-02,2.489848514256704642e-02,5.698883495622637102e-02,1.251861322267565080e-01,6.008504185409357934e-02,9.265683522281219220e-02,6.948059206813533839e-02,1.398338758014587742e-02,4.048395157404749423e-02,2.147901026927567791e-02,8.892510396023119851e-03,1.973756742753238203e-02,1.201775652930558991e-02,1.706670502475515078e-02,7.622676418238445717e-03,5.992660683741304374e-03,2.009207021931536455e-02,1.259935382031467273e-02,1.932693470891286638e-02,1.222075767366366007e-02,1.655884316181639032e-02,5.625129438786782496e-03,2.657499795517084731e-03,1.117997976440458958e-02,2.227277847449836076e-02,2.655732211940257589e-02,9.249587435895892384e-03,2.806052233536564591e-02,4.439407354933742889e-02,5.624148483302170154e-02,1.161248046524995109e-02,6.079676221067711189e-02,3.234186342255046531e-02,4.908327384212633065e-02,2.920479857592578332e-02,7.627239611037209266e-02,2.523298866432692120e-02,1.911430735496336131e-02,1.658859150142323602e-02,1.222603532375418633e-02,2.302152209762873061e-02,2.592214718277169663e-02,4.127826005125722481e-02,1.997209677870979624e-02,7.473621986966995367e-02,7.408424776652745847e-02,1.775430375153911125e-02,5.351098641347945550e-02,1.410223243387125069e-01,7.147186917489237179e-02,9.634384575802827644e-02,6.162293147136473775e-02,1.500983247859350757e-02,5.108521112161688166e-02
4.565731425703607738e-03,1.068693462623965945e-02,8.089462827114127577e-03,0.000000000000000000e+00,1.349498939109106121e-02,2.099485655559611350e-02,2.266234731063971816e-02,4.802786497986460956e-03,2.600979909908623586e-02,1.258618689919027700e-02,1.908920900163626339e-02,1.289845103938190400e-02,3.117205637551440783e-02,8.004898716306848780e-03,9.355318579407615256e-03,7.613114739987332513e-03,4.991776300781449946e-03,1.139695766930183367e-02,1.213565752880393575e-02,2.126679416025928707e-02,9.008783233173556226e-03,3.691266935092579055e-02,2.998926441722985989e-02,1.100155901751629674e-02,2.542376205841279102e-02,5.581550754679518583e-02,2.703136342240834364e-02,4.188712385090619800e-02,3.104557056135040863e-02,6.159481240050570204e-03,1.809049549259484149e-02,9.931203025319910657e-03,3.990578945437693245e-03,8.901163502826782079e-03,5.386234674649168289e-03,7.346927753686264065e-03,3.329989577020293738e-03,2.608292008986599127e-03,9.282148884508624812e-03,5.722719695481342898e-03,8.765706227202694004e-03,5.459420839064206554e-03,7.366315862328626056e-03,2.584663199414353150e-03,1.158501672735546021e-03,4.907728445603096179e-03,1.001833606299785441e-02,1.189763833657557154e-02,4.212784191942398407e-03,1.266378509209708375e-02,1.976663149640952091e-02,2.548268999081635539e-02,5.386832707451227192e-03,2.704303520772427874e-02,1.484748902500351332e-02,2.259006795841884616e-02,1.309846008593523910e-02,3.451097360777908435e-02,1.144168816934860999e-02,8.582784949578684333e-03,7.477596726080075820e-03,5.579526018995548640e-03,1.039112234431339120e-02,1.184667009133052659e-02,1.825835406615380560e-02,9.055056676678822913e-03,3.340402167491579588e-02,3.306365736318566534e-02,7.843457520170821207e-03,2.416457777206827001e-02,6.288441493139043659e-02,3.211388240479764317e-02,4.305188302544920437e-02,2.730895233032632624e-02,6.456764579854203101e-03,2.286203594996432178e-02
1.758764958785027921e-02,3.987067478832707901e-02,3.010694849774500984e-02,1.349498939109106121e-02,0.000000000000000000e+00,7.877692240410508195e-02,8.487894237008591913e-02,1.780455785966160095e-02,9.628683699688528330e-02,4.704329442833072444e-02,7.124952789413489807e-02,4.826491828173670035e-02,1.170607681551005530e-01,3.027732228267379644e-02,3.511807108071124395e-02,2.879508124689554582e-02,1.873030642229802159e-02,4.322708042826872016e-02,4.533287595326378205e-02,7.906964860248145988e-02,3.398143306262792207e-02,1.381401556169363498e-01,1.117445327908087871e-01,4.148786621771837629e-02,9.529371257704494225e-02,2.086555585833421711e-01,1.007191196349862539e-01,1.570682504297408744e-01,1.159610695122368085e-01,2.341660068920942486e-02,6.795507334245569353e-02,3.701763424649013451e-02,1.427947262325757714e-02,3.287550294460353517e-02,1.985822162597300142e-02,2.795726007117215958e-02,1.269707923809029748e-02,9.630998771576962034e-03,3.473374460139747044e-02,2.111737374387122682e-02,3.231677343866563856e-02,2.024185587745878923e-02,2.726935703514028059e-02,9.506079570869959555e-03,4.367446269021099323e-03,1.860611813583087568e-02,3.782345086619249425e-02,4.443833682557418036e-02,1.556208634988551220e-02,4.769199772605867138e-02,7.406773536148097969e-02,9.551916919744193879e-02,1.995368695065986506e-02,1.017280629317971058e-01,5.591852380419318896e-02,8.413492630710064923e-02,4.870650046632379188e-02,1.288307430098433182e-01,4.252313395968595339e-02,3.210442804752702134e-02,2.770488876230823086e-02,2.096513772762586408e-02,3.867908453200562952e-02,4.390113104489863638e-02,6.865869115934669642e-02,3.356414775989828569e-02,1.261364569375445777e-01,1.242204679678193674e-01,2.980232738192269831e-02,9.022937452788931667e-02,2.359135767025297148e-01,1.194733545534877178e-01,1.627236346203075334e-01,1.023824296515140203e-01,2.481977098380185737e-02,8.612304343521524908e-02
2.723070918951498234e-02,6.179570117980338895e-02,4.691908326441180527e-02,2.099485655559611350e-02,7.877692240410508195e-02,0.000000000000000000e+00,1.313498360452826086e-01,2.690565660784882684e-02,1.510135720646125779e-01,7.158433552364945607e-02,1.081893872167511983e-01,7.418741457255048632e-02,1.809832501703381169e-01,4.792817359747297834e-02,5.411337398083775757e-02,4.505838878572202694e-02,2.887394055978239130e-02,6.745309688521500258e-02,6.936275405097186431e-02,1.237445641830466209e-01,5.271345668853827382e-02,2.148913398377583772e-01,1.748240711004653558e-01,6.457300399857585083e-02,1.492177109018348324e-01,3.272654101555264039e-01,1.579368827968878619e-01,2.434795539734997405e-01,1.809970694218255571e-01,3.669521383765032840e-02,1.056866373087790717e-01,5.692469754355863887e-02,2.244997142575128057e-02,5.044206145285733828e-02,3.056426841551852791e-02,4.397855737535186910e-02,1.959860101838881152e-02,1.479309605817505542e-02,5.276036025020552911e-02,3.258632901557689809e-02,4.942004200634219496e-02,3.102250630228353678e-02,4.310843022987243672e-02,1.467210522035166005e-02,6.701700344064570776e-03,2.972880473657766795e-02,5.904665739426032817e-02,6.962053159521540413e-02,2.409406484926880643e-02,7.291139196771595499e-02,1.161890466805071270e-01,1.466139389630988776e-01,3.021941835212966013e-02,1.600846309456784855e-01,8.425902718723941864e-02,1.281848089934728430e-01,7.509608817342018627e-02,1.992588894147326317e-01,6.613595416667353288e-02,5.007216593605599841e-02,4.301826268184057861e-02,3.240239260003209554e-02,5.969631455237804640e-02,6.733330436511218708e-02,1.072153111447703699e-01,5.244891780808962761e-02,1.955429848031487727e-01,1.942380774928413878e-01,4.639878831442855595e-02,1.403349002575789428e-01,3.697550231333490700e-01,1.873158187692428589e-01,2.519053453045829727e-01,1.603591099356833638e-01,3.894208337522402780e-02,1.336167061466760619e-01
2.894960239421741008e-02,6.682218648443621900e-02,5.007147725710717895e-02,2.266234731063971816e-02,8.487894237008591913e-02,1.313498360452826086e-01,0.000000000000000000e+00,2.967851785280440843e-02,1.615359636041272806e-01,7.893778793675013117e-02,1.185346774018111726e-01,8.122192436664120441e-02,1.957440414311863719e-01,5.101695386415491806e-02,5.819552186192723103e-02,4.823610915340040967e-02,3.158461347750399217e-02,7.185667810529397515e-02,7.492859466471893382e-02,1.321696725158185148e-01,5.670602438990707955e-02,2.305975937459842362e-01,1.856325070865799398e-01,6.965747588723857076e-02,1.596894176153558220e-01,3.489591366946088180e-01,1.670593301350328796e-01,2.612324812008842700e-01,1.934662895195859433e-01,3.875363210792420049e-02,1.131196649039987595e-01,6.180062465789741555e-02,2.430455197992189079e-02,5.510874480826050831e-02,3.334069926353082358e-02,4.732846042303725381e-02,2.174165129969032884e-02,1.610406953547743880e-02,5.797697151586011372e-02,3.542798187815407451e-02,5.441929536285633473e-02,3.409842801933062051e-02,4.635944404485422415e-02,1.613491966619365683e-02,7.162378930451107281e-03,3.129956938688351065e-02,6.279810750850792211e-02,7.321610809568947220e-02,2.609266906455862470e-02,7.920676463946178802e-02,1.237649848291236115e-01,1.597710645272963359e-01,3.312912755319356861e-02,1.691300272955180706e-01,9.376521467392036346e-02,1.388036430871636417e-01,8.219565208617224394e-02,2.156152726066691283e-01,7.138636714224366742e-02,5.324300978532008760e-02,4.642137082958644467e-02,3.514141639836068642e-02,6.455572007044244054e-02,7.225619952405230861e-02,1.137405563976572609e-01,5.612725595954234231e-02,2.077699509801805011e-01,2.054526698095706094e-01,4.962033221945676142e-02,1.503491678070867366e-01,3.924896947842679840e-01,1.987927317771635838e-01,2.712533784978916618e-01,1.711645804716438457e-01,4.100289641868227336e-02,1.430558104315083900e-01
6.417729728517833354e-03,1.417701480192541490e-02,1.042501418578887888e-02,4.802786497986460956e-03,1.780455785966160095e-02,2.690565660784882684e-02,2.967851785280440843e-02,0.000000000000000000e+00,3.316752906604891749e-02,1.645844057411892727e-02,2.453178044804869493e-02,1.742259998581031921e-02,4.068932706400178040e-02,1.086731033300639485e-02,1.267177219045598560e-02,1.007268675679820480e-02,6.448874504086138555e-03,1.498473167427788987e-02,1.565958817354637031e-02,2.769485776662571758e-02,1.210852970537007293e-02,4.824600808226617299e-02,3.938870950858595205e-02,1.509618172658198226e-02,3.337863773520768212e-02,7.504428290888129349e-02,3.484826602711600663e-02,5.483557809385481568e-02,4.009214679709388607e-02,8.177476413390585147e-03,2.397949556636848681e-02,1.270021324305365198e-02,5.238731918042298374e-03,1.172366621665632720e-02,6.994473850406720920e-03,1.004288039078825821e-02,4.539047882949395936e-03,3.427159948327209663e-03,1.174980006889580347e-02,7.270099661127442207e-03,1.130533967494634986e-02,7.028638936256996657e-03,9.847551828319521874e-03,3.399465581189652346e-03,1.604855832287374520e-03,6.797002540739647408e-03,1.319641858875036759e-02,1.556065876804428073e-02,5.584023524346323764e-03,1.648334477465768222e-02,2.567090612930290894e-02,3.338873230475893072e-02,6.884762006352004859e-03,3.516318654195144111e-02,1.930426997579190451e-02,2.936946181060646685e-02,1.774738480258024678e-02,4.513211508280508960e-02,1.488747028937403502e-02,1.133281445844074899e-02,9.694362803080475155e-03,7.252558545771671875e-03,1.350962197728078872e-02,1.516285017056365203e-02,2.385697980302241630e-02,1.195935792940815839e-02,4.352515329749964690e-02,4.361458406089980394e-02,1.054260208375208500e-02,3.140120148669093419e-02,8.377708303055962646e-02,4.165400108383539302e-02,5.701295338297755755e-02,3.583878519857121303e-02,8.714972798898464393e-03,3.010304000219963388e-02
3.309085758558132084e-02,7.549831404682467995e-02,5.791320346056702539e-02,2.600979909908623586e-02,9.628683699688528330e-02,1.510135720646125779e-01,1.615359636041272806e-01,3.316752906604891749e-02,0.000000000000000000e+00,8.781307445734161388e-02,1.333475725846894888e-01,9.057863659034365300e-02,2.215119267539398806e-01,5.852667684245835972e-02,6.648898048721207932e-02,5.524599197468200995e-02,3.539430316999454817e-02,8.246309576419696974e-02,8.563617752695458496e-02,1.523897524265805381e-01,6.448709591119643203e-02,2.639042187464391009e-01,2.146735579520741288e-01,7.870306071484479971e-02,1.831908291323866844e-01,4.004565269666831018e-01,1.945432696553238971e-01,2.984011238472978333e-01,2.224120321585776883e-01,4.453062860174284571e-02,1.294376189638509755e-01,6.962590540224958269e-02,2.813047011849598503e-02,6.264936743897937810e-02,3.791568503411014979e-02,5.424736981249655282e-02,2.428072367903509957e-02,1.861848452617282865e-02,6.531583501063030484e-02,4.051998735098022442e-02,6.161807305821376257e-02,3.859232102278763871e-02,5.301999716580156619e-02,1.806700082717732983e-02,8.344660886579728307e-03,3.563083695383279653e-02,7.212099760375660640e-02,8.510862372987233748e-02,2.944773278744377415e-02,8.948185160154654982e-02,1.419573128028744080e-01,1.805696406217602301e-01,3.705377519120486157e-02,1.958393304277997182e-01,1.041690231304262249e-01,1.578739396928266481e-01,9.216123173126691825e-02,2.450216485962934398e-01,8.086658263897850141e-02,6.113328504592713958e-02,5.271691129545891946e-02,3.968023466267758814e-02,7.348374969237371490e-02,8.275944982420324614e-02,1.320153706476090427e-01,6.373378755164973986e-02,2.405176861529701449e-01,2.383822879552289498e-01,5.665647749360243346e-02,1.723670444997878470e-01,4.518797473387449193e-01,2.305918150116896825e-01,3.096569023607799731e-01,1.965781103302745858e-01,4.782467469785396663e-02,1.637445127264941513e-01
1.616615336001842734e-02,3.711141837638791408e-02,2.726576941325638617e-02,1.258618689919027700e-02,4.704329442833072444e-02,7.158433552364945607e-02,7.893778793675013117e-02,1.645844057411892727e-02,8.781307445734161388e-02,0.000000000000000000e+00,6.547921860805444583e-02,4.472014567695160869e-02,1.076777189368656046e-01,2.807416194754269734e-02,3.255442496874757369e-02,2.679360542545541554e-02,1.709015489973833915e-02,3.918886562741669827e-02,4.132404809998575790e-02,7.294915853920078130e-02,3.144150157703790027e-02,1.277941300036717354e-01,1.023181088225332686e-01,3.864758697098049506e-02,8.814596452114199787e-02,1.926569562515403344e-01,9.082243632044494086e-02,1.433856774355108388e-01,1.057233923972545064e-01,2.097032782062997758e-02,6.168351865013878277e-02,3.397445328856266156e-02,1.317736883383913322e-02,3.011758486599335274e-02,1.822691521179473778e-02,2.595363475616388818e-02,1.199013143583868742e-02,8.814990701772693754e-03,3.203706356018017065e-02,1.956308815112938262e-02,2.984111195815901396e-02,1.843787031240086069e-02,2.565479786520824881e-02,8.849946663727898191e-03,4.000250991189585603e-03,1.697991877309588254e-02,3.478238770686188641e-02,4.016067915620508827e-02,1.428961256279870362e-02,4.355672188507525577e-02,6.700578815693819523e-02,8.822852854899398967e-02,1.837225225348123117e-02,9.186051055627145190e-02,5.218564028798713950e-02,7.700458529420729781e-02,4.512542837277017105e-02,1.189127932095688511e-01,3.948300300626844672e-02,2.899371951528567637e-02,2.530927387547633051e-02,1.938268957242944915e-02,3.544636880709343962e-02,3.992577118239577089e-02,6.219387966626477304e-02,3.056415483264864758e-02,1.147747080592522589e-01,1.130700223175942487e-01,2.739228811547909578e-02,8.253737047169296126e-02,2.151882508028321039e-01,1.090078626550342461e-01,1.506434103050816320e-01,9.358036781163507623e-02,2.279268784878306364e-02,7.857732164325945123e-02
2.445498633540124644e-02,5.574228939782926995e-02,4.151473533662661947e-02,1.908920900163626339e-02,7.124952789413489807e-02,1.081893872167511983e-01,1.185346774018111726e-01,2.453178044804869493e-02,1.333475725846894888e-01,6.547921860805444583e-02,0.000000000000000000e+00,6.755155140434851435e-02,1.624321738252409719e-01,4.291910732754183888e-02,4.831967785784884589e-02,4.013254461335917511e-02,2.606461528727064755e-02,5.999587067070769747e-02,6.194281372194257451e-02,1.097702914498988047e-01,4.763061494133381119e-02,1.913393484167209280e-01,1.541416338783075657e-01,5.794522215249223174e-02,1.331417886072752965e-01,2.921342409076630453e-01,1.400694218689928494e-01,2.179235582842261043e-01,1.606603424618199272e-01,3.247038420309313750e-02,9.500514045894238591e-02,5.079620327144595410e-02,2.060866220349699338e-02,4.554072946348673018e-02,2.759579969422712095e-02,3.980299533985410393e-02,1.807345704651432475e-02,1.338948987489438532e-02,4.726728730811091683e-02,2.928308606358903318e-02,4.461803650328309556e-02,2.772036323304890443e-02,3.876130944785861204e-02,1.342242186452853765e-02,6.150707286134642938e-03,2.620983156342192311e-02,5.236519707822407527e-02,6.164415546742955943e-02,2.191047738440981066e-02,6.616547422176505266e-02,1.030789602486291423e-01,1.325473934894390304e-01,2.750607701679918041e-02,1.408423834420712284e-01,7.738960751697364360e-02,1.159488914451613922e-01,6.875929042122495838e-02,1.788860438174674217e-01,5.939847940662843634e-02,4.449990229621839793e-02,3.898765437572938169e-02,2.926064261023846383e-02,5.398910545995726923e-02,6.022443784326344390e-02,9.549507589148335807e-02,4.714467202230474691e-02,1.747104242298074261e-01,1.722835467130404974e-01,4.130928770726149946e-02,1.257489417286278277e-01,3.292812628675099162e-01,1.666490107266209164e-01,2.269045320591948078e-01,1.428032101578736168e-01,3.476471090254526497e-02,1.197526721648311115e-01
1.767512164711491918e-02,3.839456899843209092e-02,2.866313941877631985e-02,1.289845103938190400e-02,4.826491828173670035e-02,7.418741457255048632e-02,8.122192436664120441e-02,1.742259998581031921e-02,9.057863659034365300e-02,4.472014567695160869e-02,6.755155140434851435e-02,0.000000000000000000e+00,1.117750003387102536e-01,2.984055992562440612e-02,3.433097609088094776e-02,2.743898242468673782e-02,1.776813080602734907e-02,4.079028887737939923e-02,4.283784517838450101e-02,7.562921270203226687e-02,3.332055217158548521e-02,1.315552738140612909e-01,1.076409758548029505e-01,4.137206091231467736e-02,9.119565850093243331e-02,2.037511395475599674e-01,9.436964726227430045e-02,1.491792358487757375e-01,1.105496377515217121e-01,2.228909075489714578e-02,6.481027986641144101e-02,3.484301638670036366e-02,1.427020110072465403e-02,3.216072158493333416e-02,1.928831922505832783e-02,2.751623453707305669e-02,1.242093135278094125e-02,9.335697695240757765e-03,3.259645458537691054e-02,2.025548943968335375e-02,3.151102844613904580e-02,1.942622617096235321e-02,2.684916819342367603e-02,9.204668201666564575e-03,4.172820101749342286e-03,1.862205402185772296e-02,3.569035499292488867e-02,4.217047413198825312e-02,1.499496561937023985e-02,4.497337100109499719e-02,6.974962117331220957e-02,9.151875331547830450e-02,1.909584852919013823e-02,9.527173513090925194e-02,5.353127517604024110e-02,7.911334744821391096e-02,4.814340234211265945e-02,1.234682691391050108e-01,4.122756454102190216e-02,3.064299110572751492e-02,2.660621868563422393e-02,1.993621258219440209e-02,3.693800241314606353e-02,4.118265441779228597e-02,6.451434766436645041e-02,3.251472977368433104e-02,1.181313648947037581e-01,1.184117868946234081e-01,2.886990200269197449e-02,8.559491745184631684e-02,2.274897304465207104e-01,1.128171695939686331e-01,1.559539202646469946e-01,9.789411311047811759e-02,2.350774241971188144e-02,8.244707133170221802e-02
3.999373529548451434e-02,9.197987496037336730e-02,6.901263512851688042e-02,3.117205637551440783e-02,1.170607681551005530e-01,1.809832501703381169e-01,1.957440414311863719e-01,4.068932706400178040e-02,2.215119267539398806e-01,1.076777189368656046e-01,1.624321738252409719e-01,1.117750003387102536e-01,0.000000000000000000e+00,7.099105550340949200e-02,8.022220377891856047e-02,6.676219690943251128e-02,4.294173829746082693e-02,9.997300730419120263e-02,1.033412002543157987e-01,1.829521631158814166e-01,7.813014085639785611e-02,3.189299987737076458e-01,2.564182956752608100e-01,9.611145893665698492e-02,2.212261010556798857e-01,4.822115553464561555e-01,2.316192440340011371e-01,3.617215371897501974e-01,2.679353930550095186e-01,5.402022759368900473e-02,1.559045160926572360e-01,8.483966446783765269e-02,3.295524231061085219e-02,7.501780329576640538e-02,4.547273116759567579e-02,6.526715238883022685e-02,2.948152078730434389e-02,2.207389269055840333e-02,7.938091016757535534e-02,4.868746859011783418e-02,7.445723044774574251e-02,4.662429571721445065e-02,6.401063386522526377e-02,2.228061518263490734e-02,9.815533053441986497e-03,4.315002529735161019e-02,8.704995501054364759e-02,1.020037362711772727e-01,3.598795420299493591e-02,1.085913206184871832e-01,1.704239737721113535e-01,2.199599398631421066e-01,4.519343648747028985e-02,2.340834403870157010e-01,1.287422695242673720e-01,1.918401014867439081e-01,1.125151718699240744e-01,2.970260790664321360e-01,9.840469906714613413e-02,7.372349770173354522e-02,6.410403864853088385e-02,4.835212411721580283e-02,8.896510985660072146e-02,1.002526715826935894e-01,1.575996350358937204e-01,7.696480844516513653e-02,2.888179307904806259e-01,2.853153422152465146e-01,6.862684643641260573e-02,2.087152288879162987e-01,5.436809531143314000e-01,2.750023667245795611e-01,3.759102414027518102e-01,2.357363576379639669e-01,5.729031434602491202e-02,1.984281791114999860e-01
1.041684598673159323e-02,2.401114671113575155e-02,1.843415951282843801e-02,8.004898716306848780e-03,3.027732228267379644e-02,4.792817359747297834e-02,5.101695386415491806e-02,1.086731033300639485e-02,5.852667684245835972e-02,2.807416194754269734e-02,4.291910732754183888e-02,2.984055992562440612e-02,7.099105550340949200e-02,0.000000000000000000e+00,2.137579744373970317e-02,1.754202800265508913e-02,1.120562498845939850e-02,2.642977695604916549e-02,2.767830736859449442e-02,4.818689776717381690e-02,2.058845409986928901e-02,8.389647998755288272e-02,6.788563271927290643e-02,2.518068350222845558e-02,5.770536517454927933e-02,1.267438096559024285e-01,6.083140343713462628e-02,9.510425244800257971e-02,7.069569184150600871e-02,1.430721858667736296e-02,4.067753392320104522e-02,2.218631620484745604e-02,8.661394467574646747e-03,1.978693776583514974e-02,1.202922100353607041e-02,1.671701068179386185e-02,7.662225900098894663e-03,5.975226783761502895e-03,2.072463610085556115e-02,1.257357847549090898e-02,1.950376039637179842e-02,1.217355526780139127e-02,1.692390307322359094e-02,5.863199310564958661e-03,2.577446912838554476e-03,1.127096039600884725e-02,2.304117093923082477e-02,2.701614392369374937e-02,9.398366225720175202e-03,2.832479468423289640e-02,4.470260334307572109e-02,5.788944370087448221e-02,1.203015627268800083e-02,6.177226129868850640e-02,3.367704655362017963e-02,5.050142301303190556e-02,2.967211219447341009e-02,7.805691280926062292e-02,2.597222154163312743e-02,1.925693356437568546e-02,1.684340138006883841e-02,1.267037891930170371e-02,2.373519972729825830e-02,2.635917566283136129e-02,4.160173847084142756e-02,2.007764893160386352e-02,7.671361351257978411e-02,7.443359581375152967e-02,1.772897761891091550e-02,5.538818646739206153e-02,1.427879625643208861e-01,7.273456502441630334e-02,9.854264676627712272e-02,6.231420104358455225e-02,1.499114973422055810e-02,5.222217014338684932e-02
1.312402572368754662e-02,2.790451991545853799e-02,2.098987951160323495e-02,9.355318579407615256e-03,3.511807108071124395e-02,5.411337398083775757e-02,5.819552186192723103e-02,1.267177219045598560e-02,6.648898048721207932e-02,3.255442496874757369e-02,4.831967785784884589e-02,3.433097609088094776e-02,8.022220377891856047e-02,2.137579744373970317e-02,0.000000000000000000e+00,2.001294109524010337e-02,1.282643854754317997e-02,2.971017777891813913e-02,3.087980006683450560e-02,5.477377128802845413e-02,2.428033769242901596e-02,9.566559490036620483e-02,7.953993723658184245e-02,3.030583548111495662e-02,6.592578436533269581e-02,1.492143805577839100e-01,7.047505539320948753e-02,1.089701313796338222e-01,8.087726777479394003e-02,1.642087693529176856e-02,4.799218308841588648e-02,2.535132037327199328e-02,1.069490500173025244e-02,2.369256715541004712e-02,1.408720024812106647e-02,1.977438644633039769e-02,8.897577540837768931e-03,6.976696409229502828e-03,2.358823415300049728e-02,1.470213492954089082e-02,2.271722665645842243e-02,1.417808667979390640e-02,1.925864936676609587e-02,6.484448562053365082e-03,3.287852467178271291e-03,1.394658271301465503e-02,2.602916800971501188e-02,3.090981918123020949e-02,1.093160464357778583e-02,3.285205634540062924e-02,5.116720421372345645e-02,6.541409766043390639e-02,1.393435724915955201e-02,7.016151503183165605e-02,3.784251746493086377e-02,5.761342346629309136e-02,3.512718496671436014e-02,8.923056821674953121e-02,2.932584332092167539e-02,2.307965233924292106e-02,1.936070563678164713e-02,1.422547103691855497e-02,2.666137768800559693e-02,3.016973467026390354e-02,4.760461347996457204e-02,2.426662642893135866e-02,8.640504816045053993e-02,8.805276394456443279e-02,2.148803546853060228e-02,6.243905132579997269e-02,1.680990009775325533e-01,8.309674698290911432e-02,1.123865687233023408e-01,7.177546058867849410e-02,1.726690363825696822e-02,5.988626505765150265e-02
9.864068099349584257e-03,2.281953071682835468e-02,1.720127710904285900e-02,7.613114739987332513e-03,2.879508124689554582e-02,4.505838878572202694e-02,4.823610915340040967e-02,1.007268675679820480e-02,5.524599197468200995e-02,2.679360542545541554e-02,4.013254461335917511e-02,2.743898242468673782e-02,6.676219690943251128e-02,1.754202800265508913e-02,2.001294109524010337e-02,0.000000000000000000e+00,1.065910866040264797e-02,2.455617003746762492e-02,2.571831492579178605e-02,4.566958053058860212e-02,1.960163144302031965e-02,7.868769554487189954e-02,6.434155759459769808e-02,2.388702946482369749e-02,5.459371367813236481e-02,1.200833462951170494e-01,5.803852467628566741e-02,8.961678336024314628e-02,6.680962039754048676e-02,1.359909898750040480e-02,3.902947213514187941e-02,2.079835798627657426e-02,8.289806506777460532e-03,1.855141021330309128e-02,1.126258538801774324e-02,1.632405571298928965e-02,7.272678799080404578e-03,5.604446485356327085e-03,1.948156848959979592e-02,1.191302094459544859e-02,1.829077200234188044e-02,1.143991199720236288e-02,1.606630771708768279e-02,5.451406465531181966e-03,2.478188424481321279e-03,1.063401341993498381e-02,2.179937786306075653e-02,2.534348393934012997e-02,8.750894858449702329e-03,2.676310179323375046e-02,4.248815090732683403e-02,5.418538945617030339e-02,1.115658574131464520e-02,5.819512675685357961e-02,3.161199521047564076e-02,4.730829292234658284e-02,2.776427996204383283e-02,7.341800906991212405e-02,2.434307186153301938e-02,1.795694728275932725e-02,1.593285557185127044e-02,1.191180499836979982e-02,2.217778849571565292e-02,2.467009430196122691e-02,3.920632505458561401e-02,1.902398880590433494e-02,7.206747713907536712e-02,7.051264644378556212e-02,1.686755252433355667e-02,5.199188866625557154e-02,1.346491887388923114e-01,6.858869633445437153e-02,9.319615033352048050e-02,5.893676124468129329e-02,1.453148216738234071e-02,4.937630339639294264e-02
6.313904294627468647e-03,1.476860308796295630e-02,1.091950640262387591e-02,4.991776300781449946e-03,1.873030642229802159e-02,2.887394055978239130e-02,3.158461347750399217e-02,6.448874504086138555e-03,3.539430316999454817e-02,1.709015489973833915e-02,2.606461528727064755e-02,1.776813080602734907e-02,4.294173829746082693e-02,1.120562498845939850e-02,1.282643854754317997e-02,1.065910866040264797e-02,0.000000000000000000e+00,1.563076468473965225e-02,1.649856414099587498e-02,2.899306658456075186e-02,1.251600902142208267e-02,5.086449561493385646e-02,4.077624288282238885e-02,1.529889296020704899e-02,3.536387288852596567e-02,7.666214342826498107e-02,3.651825318767644435e-02,5.724994343695838372e-02,4.239891069030807952e-02,8.324334051062245651e-03,2.440838366092131645e-02,1.362533724235755195e-02,5.167259364077795257e-03,1.184460571920967209e-02,7.164524282036534124e-03,1.032341782253259205e-02,4.814123658404537501e-03,3.430561829998878594e-03,1.276797054487325764e-02,7.693655789410636450e-03,1.177441293526621142e-02,7.296740700343750351e-03,1.025618575048558093e-02,3.563345620318055049e-03,1.579673097358794609e-03,6.821147764851123903e-03,1.396018448984221415e-02,1.609535174326430507e-02,5.671831508367298352e-03,1.727890723519345806e-02,2.701096458683986332e-02,3.524715994106346340e-02,7.263286810175084880e-03,3.731548918327598496e-02,2.073965920255393600e-02,3.062896355362196982e-02,1.800044775030283997e-02,4.758783573150408841e-02,1.562449023050432526e-02,1.153149446346097770e-02,1.013253387697083362e-02,7.765039217565933641e-03,1.416827114696184511e-02,1.583914140820188304e-02,2.495442892684886227e-02,1.221642826875196999e-02,4.595070169201137533e-02,4.524606911987521379e-02,1.093730110442733133e-02,3.322554687616009056e-02,8.598047525731372653e-02,4.390167606133322381e-02,6.033062816270542278e-02,3.727900003541354673e-02,9.143781119940967012e-03,3.138672651610460024e-02
1.458588179551298901e-02,3.413596972234354820e-02,2.548939913457726192e-02,1.139695766930183367e-02,4.322708042826872016e-02,6.745309688521500258e-02,7.185667810529397515e-02,1.498473167427788987e-02,8.246309576419696974e-02,3.918886562741669827e-02,5.999587067070769747e-02,4.079028887737939923e-02,9.997300730419120263e-02,2.642977695604916549e-02,2.971017777891813913e-02,2.455617003746762492e-02,1.563076468473965225e-02,0.000000000000000000e+00,3.810841693685975556e-02,6.804791164948612026e-02,2.913446902393165144e-02,1.180802954542440747e-01,9.513746913779380643e-02,3.518247867328515299e-02,8.162222012937540849e-02,1.797187955367935686e-01,8.614319412337671789e-02,1.342682770157227479e-01,1.002962076693516835e-01,2.034500171558727838e-02,5.800895853069366198e-02,3.089836471613435775e-02,1.192496204002687840e-02,2.715387578950366129e-02,1.649541205900762961e-02,2.398374573787286773e-02,1.071531536950990834e-02,7.976358358632210099e-03,2.895861189476672468e-02,1.756271644106571772e-02,2.715880784099980114e-02,1.697875172248751452e-02,2.350158423769879018e-02,8.115533559176730388e-03,3.459649822385145630e-03,1.582202272408621616e-02,3.240500480108619158e-02,3.782564380579276492e-02,1.309581767025675032e-02,3.995914054052396303e-02,6.353879012047472519e-02,8.127349431092471821e-02,1.661514892433639187e-02,8.697924743830509620e-02,4.709137320177245178e-02,7.065209630440871802e-02,4.118874657025291958e-02,1.101294832490513909e-01,3.642325578017899246e-02,2.713585560480098746e-02,2.368740558246067163e-02,1.796172761486602987e-02,3.326426950720071801e-02,3.662607807615558125e-02,5.885727746189861609e-02,2.827936756294281359e-02,1.079344383515736389e-01,1.057527855368206593e-01,2.507976877482991779e-02,7.790753406633814382e-02,2.019838331194079017e-01,1.026504128491649293e-01,1.395162841304444235e-01,8.787747228737029237e-02,2.148584675762313032e-02,7.389541805566314514e-02
1.574772137173076347e-02,3.523757474513081189e-02,2.690715481225079697e-02,1.213565752880393575e-02,4.533287595326378205e-02,6.936275405097186431e-02,7.492859466471893382e-02,1.565958817354637031e-02,8.563617752695458496e-02,4.132404809998575790e-02,6.194281372194257451e-02,4.283784517838450101e-02,1.033412002543157987e-01,2.767830736859449442e-02,3.087980006683450560e-02,2.571831492579178605e-02,1.649856414099587498e-02,3.810841693685975556e-02,0.000000000000000000e+00,7.033649201296413023e-02,3.023474417929658542e-02,1.219011907855212518e-01,9.944728322925025510e-02,3.702369037540276242e-02,8.495271749799143679e-02,1.863554809885777097e-01,9.029398887663013518e-02,1.391341758780798576e-01,1.031720135667825444e-01,2.135150069849600304e-02,6.112292870008177031e-02,3.191486889886784029e-02,1.352043315937238345e-02,2.920054322203127078e-02,1.773227940210300030e-02,2.594579249235103371e-02,1.152418544866526742e-02,8.810189751803958885e-03,2.988446504754587590e-02,1.875349048808219038e-02,2.831106730200069060e-02,1.784079027891014371e-02,2.510287837621858267e-02,8.539354851431523244e-03,4.114266072307083168e-03,1.679416507490835014e-02,3.340623610497932272e-02,3.969035131250425036e-02,1.410629063228416649e-02,4.221764780361270120e-02,6.613018082120858399e-02,8.398861891067452290e-02,1.745402148876358528e-02,9.000342195952774904e-02,4.896027218102574213e-02,7.331747339311286971e-02,4.395996278834018306e-02,1.138097914925797066e-01,3.798037287837407322e-02,2.822160550431122156e-02,2.484829553977146999e-02,1.833807145395912469e-02,3.436166033368456829e-02,3.850729773020111768e-02,6.126235538209687248e-02,3.019879119076517363e-02,1.111928412823667001e-01,1.095696438788412441e-01,2.645056680274621153e-02,8.017695098686855593e-02,2.101267636616827583e-01,1.063531493744673262e-01,1.443472623687979961e-01,9.191204922459164650e-02,2.238407263267527467e-02,7.624924631212116888e-02
2.769758741492402143e-02,6.239199118233710456e-02,4.746011549438806237e-02,2.126679416025928707e-02,7.906964860248145988e-02,1.237445641830466209e-01,1.321696725158185148e-01,2.769485776662571758e-02,1.523897524265805381e-01,7.294915853920078130e-02,1.097702914498988047e-01,7.562921270203226687e-02,1.829521631158814166e-01,4.818689776717381690e-02,5.477377128802845413e-02,4.566958053058860212e-02,2.899306658456075186e-02,6.804791164948612026e-02,7.033649201296413023e-02,0.000000000000000000e+00,5.353800101056934574e-02,2.161078168245837983e-01,1.766731855176126853e-01,6.578705677275313579e-02,1.502760824907763970e-01,3.319135740341948027e-01,1.595140061495544381e-01,2.456587304349564793e-01,1.829263750058433835e-01,3.702350386806157329e-02,1.078637191213211860e-01,5.710132428092445228e-02,2.308700175800051935e-02,5.162300120880622400e-02,3.121695227435504136e-02,4.463545900323080684e-02,2.000898478102698316e-02,1.531645438806076252e-02,5.293921370174802660e-02,3.311698591185798651e-02,5.061939387341481827e-02,3.170155062440659782e-02,4.367405051058557280e-02,1.486275195543455656e-02,6.881807716869596872e-03,2.945123959896673790e-02,5.948736067411149880e-02,6.994897271040564912e-02,2.427414280955842926e-02,7.333582644124023164e-02,1.166083476172006528e-01,1.483399668259611226e-01,3.067444090768087217e-02,1.608586000860796617e-01,8.591445823777459079e-02,1.298837525998814413e-01,7.679877815196152480e-02,2.015940818044943406e-01,6.651316637426246681e-02,5.008825765399542440e-02,4.380934831400770668e-02,3.260559107010847779e-02,6.083518090643728893e-02,6.767347643568064064e-02,1.082336539665517267e-01,5.274600516651190701e-02,1.974182024810563763e-01,1.953414214321155251e-01,4.657744250544730569e-02,1.422327241653091046e-01,3.723700472460884092e-01,1.892418804283572953e-01,2.543982570683642197e-01,1.619944037685356331e-01,3.941254565477662203e-02,1.359437345696073440e-01
1.228746127270115458e-02,2.702633005960636964e-02,2.011108074310319696e-02,9.008783233173556226e-03,3.398143306262792207e-02,5.271345668853827382e-02,5.670602438990707955e-02,1.210852970537007293e-02,6.448709591119643203e-02,3.144150157703790027e-02,4.763061494133381119e-02,3.332055217158548521e-02,7.813014085639785611e-02,2.058845409986928901e-02,2.428033769242901596e-02,1.960163144302031965e-02,1.251600902142208267e-02,2.913446902393165144e-02,3.023474417929658542e-02,5.353800101056934574e-02,0.000000000000000000e+00,9.358888888044025745e-02,7.618913050606185289e-02,2.892609754350343107e-02,6.455002784353945644e-02,1.432908860933393147e-01,6.765567635846048145e-02,1.049993156109430698e-01,7.802772050527090331e-02,1.569387786128395232e-02,4.577804400987175310e-02,2.493288960524895834e-02,9.771758218756495737e-03,2.211337339809705399e-02,1.344332546888330794e-02,1.879765208289160827e-02,8.518621539955221686e-03,6.561023092414234280e-03,2.313708397698344479e-02,1.403255307980841478e-02,2.139451620836597262e-02,1.345088690886019935e-02,1.854541420626392920e-02,6.436943819143782844e-03,3.034273393187349958e-03,1.304759867531122067e-02,2.552411322286086276e-02,2.958013142918700100e-02,1.040498663851935519e-02,3.152315043604712180e-02,4.963814696662995074e-02,6.378085461764539110e-02,1.344649832650491976e-02,6.803918469739070329e-02,3.732832901564127337e-02,5.622902330619678618e-02,3.347454654014941910e-02,8.655861931721589575e-02,2.853599765252317830e-02,2.193083529869230275e-02,1.880061427425340145e-02,1.407371856162622885e-02,2.606818644635601825e-02,2.911565647064396495e-02,4.651935862801085536e-02,2.264146791505426345e-02,8.507954760220469426e-02,8.408664624122672016e-02,2.044604202601842113e-02,6.079419839433235218e-02,1.611911450093300169e-01,8.014849608212841481e-02,1.096844805601756151e-01,6.916613844314414838e-02,1.677429170991652854e-02,5.800776459727798040e-02
