0.000000000000000000e+00,1.640490548934387532e-02,1.222771171569337310e-02,5.498901841307954341e-03,2.584049688581613324e-02,3.034977678191995779e-02,3.169025163753433350e-02,7.029842429561308087e-03,3.165071431059368612e-02,2.201174891832455988e-02,2.653444760568834590e-02,1.610240267140716774e-02,4.337837273467402138e-02,1.324586032650445534e-02,1.712194309097766695e-02,1.111303282232328424e-02,7.475997932305107098e-03,1.587927090761443241e-02,1.580169088039325501e-02,2.989339267118255178e-02,1.300057188902103110e-02,5.636860053291307959e-02,4.752788313743247506e-02,1.721187974903707479e-02,3.749336836699351805e-02,8.519239925808709535e-02,4.374211686437931568e-02,6.683196364203869422e-02,4.873200585153811965e-02,1.208158067140763237e-02,3.732774883298461271e-02,1.542977528373786975e-02,5.156315113243732824e-03,1.439125470753436359e-02,7.472511726343469135e-03,1.465855280619598675e-02,6.450521818422556147e-03,4.645354425921266114e-03,1.295630020599156801e-02,8.016665628615764552e-03,1.123151927444658929e-02,6.121404586236540643e-03,1.052647256247724213e-02,3.067602573672934679e-03,2.727330019024359811e-03,8.359660704702689960e-03,1.608939481106109667e-02,1.463148378622441959e-02,7.762592941680530011e-03,2.533117336079695331e-02,3.356298112993954391e-02,2.966033622418979068e-02,8.340383679849334639e-03,3.999977017906915927e-02,1.971724690480673378e-02,3.602986275122212201e-02,2.143892148361042221e-02,4.298701902109852008e-02,1.548250779834901662e-02,1.294627279549594168e-02,1.244224037918129251e-02,6.046649721920119465e-03,1.535415560728079810e-02,1.727625305026239330e-02,2.664620173922765262e-02,1.446095522588278573e-02,5.299770294612131394e-02,4.838102577447664365e-02,1.429015390392987528e-02,3.743090290403609799e-02,1.046246926672860372e-01,5.218389429055118878e-02,6.037479254447013916e-02,4.600708621387441383e-02,1.153605342877102660e-02,3.535326410095594035e-02
1.640490548934387532e-02,0.000000000000000000e+00,2.277808952227411074e-02,1.021395992297423859e-02,4.828225864723717509e-02,5.538320307310688057e-02,5.955542277179094734e-02,1.315065009739453325e-02,5.877180049278818430e-02,4.163825332469436175e-02,4.984555540864614442e-02,2.907668254532691163e-02,8.023119792831497066e-02,2.500925793960316959e-02,3.122930098139897401e-02,2.042549314357704898e-02,1.408917958151514015e-02,2.970489114325811086e-02,2.953718009321144519e-02,5.562616829446123679e-02,2.333085103146550349e-02,1.041728507277487614e-01,8.827013542533257429e-02,3.097295354648336996e-02,6.925443981058110321e-02,1.572164501885653098e-01,8.193554988219298174e-02,1.256443141925365214e-01,9.016537535460679431e-02,2.290050227011664399e-02,6.922419281810748837e-02,2.843754422584371389e-02,8.922474878224503220e-03,2.643322276675923871e-02,1.347890734769370373e-02,2.752878443273010234e-02,1.233027356339195212e-02,8.616249884804687287e-03,2.343939338463182226e-02,1.450675503039309221e-02,2.042630599805329503e-02,1.079512307476189828e-02,2.020245394100484218e-02,5.788076484376350299e-03,4.922767415345958783e-03,1.525552517165514391e-02,2.987877750048500633e-02,2.741188113446827584e-02,1.440563644852043898e-02,4.707837415089063948e-02,6.170693845180730969e-02,5.487005160156700756e-02,1.532831206940468184e-02,7.440194025416872747e-02,3.713645513196026093e-02,6.776883914894218930e-02,3.923784458639301143e-02,7.938156981246036192e-02,2.925116659584019174e-02,2.325674557532979650e-02,2.304547033352442528e-02,1.153053170186654590e-02,2.849735164855108499e-02,3.267609174322899657e-02,4.969317234447331172e-02,2.651753336890156146e-02,9.848365098455250100e-02,8.959062272503509616e-02,2.593235111983246619e-02,7.035056382621085458e-02,1.920841368875759181e-01,9.800397303846260233e-02,1.119482097986205238e-01,8.617935488527476984e-02,2.173546353376007434e-02,6.551712367036860440e-02
1.222771171569337310e-02,2.277808952227411074e-02,0.000000000000000000e+00,7.506183215178083290e-03,3.572837291455753517e-02,4.113365316660912152e-02,4.376917252023109633e-02,9.775114640254147988e-03,4.437373456002682154e-02,3.050888406388743007e-02,3.730377101718784089e-02,2.136739672432811515e-02,5.919175788727606274e-02,1.854818083590795488e-02,2.329247501541928042e-02,1.526974053837897374e-02,1.024329807494627625e-02,2.178490106035267659e-02,2.259941057022814281e-02,4.166700409816544853e-02,1.735980169791261074e-02,7.752645800057136882e-02,6.629788467161355781e-02,2.289281565072296201e-02,5.159241749089499979e-02,1.168139981160907365e-01,6.188039566053808727e-02,9.286305414337273079e-02,6.698261383365100574e-02,1.713401442231195920e-02,5.109647250877173696e-02,2.040204443418085559e-02,6.816315069019216431e-03,1.932551263642311168e-02,9.779413198243909824e-03,2.033623471259761104e-02,9.030954905988914858e-03,6.476130279100190089e-03,1.702193996850151145e-02,1.062430595640071092e-02,1.505688901164066104e-02,7.987053047072667847e-03,1.515284980832271901e-02,4.085928760936567185e-03,3.692796741987041612e-03,1.150686045180191776e-02,2.214881569000395900e-02,2.088434314013634663e-02,1.045511384081732748e-02,3.444737906398191718e-02,4.586621772784255091e-02,4.064361234457502386e-02,1.144661937631718564e-02,5.559743185140938321e-02,2.727551281990742843e-02,5.037833986764576888e-02,2.886908465342055002e-02,5.928321964116507053e-02,2.182756866260119819e-02,1.776071360559043633e-02,1.697496735373174581e-02,8.708263447663044596e-03,2.117728717348805328e-02,2.488166446886719632e-02,3.772987597102114149e-02,1.994267028104906164e-02,7.323365288589452071e-02,6.744919182625504217e-02,1.915611356883736502e-02,5.207561903423305050e-02,1.427332877200676309e-01,7.280939827324894864e-02,8.410537408242310664e-02,6.496801426896771370e-02,1.652759627772389106e-02,4.849501258368051071e-02
5.498901841307954341e-03,1.021395992297423859e-02,7.506183215178083290e-03,0.000000000000000000e+00,1.627360212948198576e-02,1.857608080616007795e-02,1.979334444582800390e-02,4.447939838897884031e-03,1.970967314843142734e-02,1.400223250193485987e-02,1.678231226326563214e-02,9.850731760290196842e-03,2.664867267171890791e-02,8.419216222626679444e-03,1.053323820463520667e-02,6.923550194434418756e-03,4.702243488787584240e-03,9.835691182848108755e-03,9.944784283153613319e-03,1.856667687379617501e-02,7.843339957669680923e-03,3.508386959718628323e-02,2.975656993177765858e-02,1.040101186967774469e-02,2.325015385045302307e-02,5.275483432620026170e-02,2.740695054782976703e-02,4.201647380716733160e-02,3.026518409789445002e-02,7.624439712553843403e-03,2.338714401968356935e-02,9.590424912700295720e-03,3.117940123011873725e-03,9.104256494317487791e-03,4.560588269702541518e-03,9.275502509134392337e-03,4.131848282771039688e-03,2.976588368744132081e-03,7.908884367405465132e-03,5.097092334619360982e-03,6.953861169553878299e-03,3.616199641934495640e-03,6.850665277461176136e-03,1.911277565984225053e-03,1.668672028849585648e-03,5.159058442236893159e-03,1.000389948548405065e-02,9.020844218876581874e-03,4.882461341927136177e-03,1.598391931024532864e-02,2.080222920022090430e-02,1.826669914137501669e-02,5.279716587397003703e-03,2.489195837695294677e-02,1.248238743941989561e-02,2.303757854726713739e-02,1.331524773533784324e-02,2.663680442666526565e-02,9.879383034076791997e-03,7.629209874363751184e-03,7.897478218298625147e-03,3.857269202987638826e-03,9.757439511343356242e-03,1.109467797641600952e-02,1.667587133201581251e-02,8.927784929785282861e-03,3.305730623463583318e-02,3.014390940904430188e-02,8.604647900515767847e-03,2.371108969660506646e-02,6.456075841646759239e-02,3.297263513520089229e-02,3.763513190204630099e-02,2.895345509024749298e-02,7.270129635244947965e-03,2.217598657175923887e-02
2.584049688581613324e-02,4.828225864723717509e-02,3.572837291455753517e-02,1.627360212948198576e-02,0.000000000000000000e+00,8.814530160565307859e-02,9.709035003009920672e-02,2.104376803159559509e-02,9.476914785985780798e-02,6.766380062942040086e-02,8.017076847313382715e-02,4.615048959475873819e-02,1.302271208415475834e-01,4.108236291008607322e-02,4.807693633837306635e-02,3.324625510097329456e-02,2.306594103277128174e-02,4.766829482202400436e-02,4.731091285001684521e-02,8.888225831331073024e-02,3.701229753967328479e-02,1.660136848166239854e-01,1.396426375675212106e-01,4.942485100092345457e-02,1.115286053125085913e-01,2.472410087022476888e-01,1.291950626302313665e-01,2.040935901892692306e-01,1.447926349985797778e-01,3.712033533427513271e-02,1.106846822318091478e-01,4.672499812843021461e-02,1.460273512605750161e-02,4.224801001851662824e-02,2.202731367025583323e-02,4.560255674473025905e-02,2.041045950603093129e-02,1.391326980021361480e-02,3.821986752532308823e-02,2.388395863935430588e-02,3.326533424153342577e-02,1.739702927725861673e-02,3.349513026370145446e-02,9.689947071637677531e-03,7.884168625707638905e-03,2.385614067356525356e-02,4.671614012902993579e-02,4.279460437312613413e-02,2.350452438848050010e-02,7.712032831869372607e-02,9.925373425311978526e-02,8.851253225370692146e-02,2.496576001659585667e-02,1.196177340858298049e-01,6.161846146372924882e-02,1.094276171449240775e-01,6.325154427227364096e-02,1.277260230487700654e-01,4.790242664474993195e-02,3.502620591791918980e-02,3.728174510411721987e-02,1.840203913799742449e-02,4.608913906194585935e-02,5.186071179955349664e-02,7.980174443235740767e-02,4.169244724042916322e-02,1.569657935116455516e-01,1.430809277342103558e-01,4.119833217539425191e-02,1.131386383752490260e-01,3.056093989862630478e-01,1.571679473527170801e-01,1.803976930874104379e-01,1.390597590467211320e-01,3.468030438686481309e-02,1.049966334816049701e-01
3.034977678191995779e-02,5.538320307310688057e-02,4.113365316660912152e-02,1.857608080616007795e-02,8.814530160565307859e-02,0.000000000000000000e+00,1.103353045067781285e-01,2.385761008795793739e-02,1.096000482641232010e-01,7.525456768873553526e-02,9.087089934479401776e-02,5.379164326102401500e-02,1.485894612850593988e-01,4.598353098477033635e-02,5.622185000255523063e-02,3.769845805447841897e-02,2.566716108964851167e-02,5.452772932971753500e-02,5.436312032570255609e-02,1.022538415424497638e-01,4.297827412676259035e-02,1.921636558575912923e-01,1.620671874810507562e-01,5.699777127510354674e-02,1.277933007122705744e-01,2.894800621904440319e-01,1.511271008765920632e-01,2.299441926772337053e-01,1.672169599749056546e-01,4.139290966243583392e-02,1.258619963269416719e-01,5.276374973169618843e-02,1.711608468346966991e-02,4.854368919209926109e-02,2.525713635575491112e-02,5.027467715715054630e-02,2.266992655424827918e-02,1.589232785906043166e-02,4.349472588619385238e-02,2.759486560957151793e-02,3.771699275640053722e-02,1.981575776414975371e-02,3.706533204442266638e-02,1.079951419632996581e-02,9.096366017522186653e-03,2.759092571572764260e-02,5.481554025845872258e-02,4.964817998960267126e-02,2.684902906087000343e-02,8.647223965118448763e-02,1.150390726856250351e-01,1.023038847280871855e-01,2.788853923834740470e-02,1.373449928774825024e-01,6.749741560273399277e-02,1.242458498051985105e-01,7.209754269637588808e-02,1.470433899955579105e-01,5.352528571899024812e-02,4.225009967063743377e-02,4.218807371328867767e-02,2.086078648486767995e-02,5.244779112969740614e-02,5.943878223181868481e-02,9.099653854785676177e-02,4.864211196677170612e-02,1.814353481630794351e-01,1.647588986285875301e-01,4.718519658502198788e-02,1.297876242834911376e-01,3.533994556935438625e-01,1.806435607814466937e-01,2.072929950775253549e-01,1.584041903651495498e-01,3.984111650070686073e-02,1.209557573479224934e-01
3.169025163753433350e-02,5.955542277179094734e-02,4.376917252023109633e-02,1.979334444582800390e-02,9.709035003009920672e-02,1.103353045067781285e-01,0.000000000000000000e+00,2.602643264286899974e-02,1.184908783742404104e-01,8.325308627291112817e-02,9.882575063545701033e-02,5.807453446459968915e-02,1.605649379504689167e-01,5.006420195793446354e-02,5.978123965576179893e-02,4.117153489574806868e-02,2.840947101137400108e-02,5.871743799670574304e-02,5.852230764918688738e-02,1.102597954467273295e-01,4.610484025338612568e-02,2.072792774195934828e-01,1.729887834842562533e-01,6.097342577514921341e-02,1.389287311001906056e-01,3.088054350871754505e-01,1.616069105379261683e-01,2.514616211335802820e-01,1.804650549145679350e-01,4.566112608456854988e-02,1.356910141881539911e-01,5.823620713792087428e-02,1.809639569398052011e-02,5.177221539673936002e-02,2.701644672365464961e-02,5.540893356346443532e-02,2.486831279630702385e-02,1.700532393259225616e-02,4.815367008036005453e-02,2.957718029715524638e-02,4.092294435876595721e-02,2.132295771918247401e-02,4.072724782631117341e-02,1.188923226430256379e-02,9.916895697366005444e-03,2.891516891571703843e-02,5.878473567774590569e-02,5.241013209828658537e-02,2.903287458495040080e-02,9.426461818920561786e-02,1.232512691724479831e-01,1.100523740057440525e-01,3.027331741695575562e-02,1.492007547791364686e-01,7.631332549327909942e-02,1.350328212803457162e-01,7.857789699283893037e-02,1.589825851464894413e-01,5.818199668056438928e-02,4.366647524911614064e-02,4.572032785325284149e-02,2.289871239065562059e-02,5.713255139947800293e-02,6.385120301661334485e-02,9.847559104607001013e-02,5.117128245490451532e-02,1.956862027064710796e-01,1.757411341315738285e-01,5.040074211495666756e-02,1.410808549492982567e-01,3.782818317281452236e-01,1.952964567272612029e-01,2.243828302028920696e-01,1.722280345302481253e-01,4.288428426337391464e-02,1.301367090464192744e-01
7.029842429561308087e-03,1.315065009739453325e-02,9.775114640254147988e-03,4.447939838897884031e-03,2.104376803159559509e-02,2.385761008795793739e-02,2.602643264286899974e-02,0.000000000000000000e+00,2.570358416493165321e-02,1.805542285234468594e-02,2.174040262574590890e-02,1.277077667196501072e-02,3.478250038102791153e-02,1.088146444707502845e-02,1.353930308918502474e-02,8.908402215184661049e-03,6.122628784142777371e-03,1.297489861255060953e-02,1.309078673069492653e-02,2.425183166247539199e-02,1.012476117925605913e-02,4.543024864502196586e-02,3.835171248426423596e-02,1.348861868780934330e-02,3.030831428525072521e-02,6.840659697608986178e-02,3.540744450659579629e-02,5.440830761332517834e-02,3.922390122316918304e-02,9.854788091897910898e-03,2.979215485823327042e-02,1.214217602259333451e-02,4.024524863599572740e-03,1.150104652972839224e-02,5.738143846360180093e-03,1.206117162817531285e-02,5.323186877460336745e-03,3.712229614407298959e-03,1.004693159916376921e-02,6.297017930373126002e-03,8.877338091224243680e-03,4.693716048838840645e-03,8.949127183643384650e-03,2.543579213604380083e-03,2.126752408271816511e-03,6.427587782764472395e-03,1.290287901623625617e-02,1.180324640885299821e-02,6.375495152153231107e-03,2.028297219470353435e-02,2.686011268388304243e-02,2.407801143132529131e-02,6.600808680795950539e-03,3.238208555293886626e-02,1.639238436979095770e-02,2.962261414859144321e-02,1.713764207434487902e-02,3.488999126157683178e-02,1.268377207040079745e-02,1.002117592955244392e-02,1.003329973404158866e-02,5.058741273776835683e-03,1.253277644099602510e-02,1.419730689214034232e-02,2.176485111538073100e-02,1.146410608351475062e-02,4.278879125139035955e-02,3.896054295247231014e-02,1.110393235758204422e-02,3.066905170629279087e-02,8.343619905074116383e-02,4.254884979909116099e-02,4.916640007144707641e-02,3.761519642631826893e-02,9.477085442814042054e-03,2.827611351617369956e-02
3.165071431059368612e-02,5.877180049278818430e-02,4.437373456002682154e-02,1.970967314843142734e-02,9.476914785985780798e-02,1.096000482641232010e-01,1.184908783742404104e-01,2.570358416493165321e-02,0.000000000000000000e+00,8.131373374183407943e-02,9.757602550202092162e-02,5.685811937873930938e-02,1.575704096082727601e-01,4.921512282909542429e-02,6.054365085704328797e-02,4.078164720183795333e-02,2.768897881014205364e-02,5.803306073736992643e-02,5.915276101658666769e-02,1.100633451455323569e-01,4.553472487149484021e-02,2.062448325384787784e-01,1.748591610274823072e-01,6.029691350544897493e-02,1.371167877801056922e-01,3.086043784697684589e-01,1.637620977621242202e-01,2.485514581682021218e-01,1.804859428691695244e-01,4.491879856877440541e-02,1.344005757181518934e-01,5.746302096522069858e-02,1.860363789110178190e-02,5.149012152282438082e-02,2.680123791195664074e-02,5.430864272393198799e-02,2.439365330186696323e-02,1.731165129511283429e-02,4.787216208290940439e-02,3.005833936649204841e-02,4.060568528981494535e-02,2.109164901419375779e-02,4.026721756880912578e-02,1.140734813323020756e-02,1.021922002221945479e-02,2.914658530073468284e-02,5.855652089991381093e-02,5.209843746879880277e-02,2.827384882387744963e-02,9.281242683309744168e-02,1.225064353692985608e-01,1.085139404441925193e-01,2.974998332390283579e-02,1.479112793652462843e-01,7.345302486897575811e-02,1.341285366043798721e-01,7.658602407922029953e-02,1.566058489791128938e-01,5.696619332891367238e-02,4.451036852540096039e-02,4.478969574796309167e-02,2.228673501537665677e-02,5.722777912406411260e-02,6.447576526163670274e-02,9.828845432203808796e-02,5.115676320481477024e-02,1.959880873265057444e-01,1.771162779771380258e-01,5.009208212206591598e-02,1.396563740001006693e-01,3.773804713182591364e-01,1.945293772188193271e-01,2.236357549147065804e-01,1.698494806703839122e-01,4.274489380111239772e-02,1.291576715837823019e-01
2.201174891832455988e-02,4.163825332469436175e-02,3.050888406388743007e-02,1.400223250193485987e-02,6.766380062942040086e-02,7.525456768873553526e-02,8.325308627291112817e-02,1.805542285234468594e-02,8.131373374183407943e-02,0.000000000000000000e+00,6.831079230062279961e-02,3.968264095239424499e-02,1.107846889516031774e-01,3.483145103608784043e-02,4.189035078522684169e-02,2.830589233384197406e-02,1.944768110320227103e-02,4.073593875327494868e-02,4.036830075053135514e-02,7.633054508099545998e-02,3.222520944693470224e-02,1.431826399390547788e-01,1.199939272073553137e-01,4.208951893563456920e-02,9.543195017343182596e-02,2.140946301763648196e-01,1.119341537046856933e-01,1.737416919835796103e-01,1.237576404772713218e-01,3.164614664601998056e-02,9.413052759074791442e-02,3.934882506843047356e-02,1.277484239112669333e-02,3.612147417022384954e-02,1.848004279126990584e-02,3.875385315713786999e-02,1.716308020917638871e-02,1.183053394725364083e-02,3.252017008428538525e-02,2.048022941106538916e-02,2.822603771690718882e-02,1.471238387634341699e-02,2.831869847966702464e-02,8.194249616878621773e-03,6.804264501512169439e-03,2.042441757264556318e-02,4.032135404432846820e-02,3.706278937322304845e-02,2.013629020062451466e-02,6.559102762156081290e-02,8.451427067714289976e-02,7.650760761661914988e-02,2.107197997275897169e-02,1.022331285067847595e-01,5.281312930172622072e-02,9.363329326533170738e-02,5.428556519468488023e-02,1.099161121176627232e-01,4.080904526230778179e-02,3.059423846426152088e-02,3.189707500172664356e-02,1.595152821281634395e-02,3.971124389175174213e-02,4.478804507146626201e-02,6.782551396065428229e-02,3.605256266836429080e-02,1.349465994165149341e-01,1.224713039626545708e-01,3.505362682905257404e-02,9.701359605234011196e-02,2.616426448856972176e-01,1.344698264838630752e-01,1.561694888797318381e-01,1.182603002891768895e-01,2.980037280107473638e-02,8.982887681918105827e-02
2.653444760568834590e-02,4.984555540864614442e-02,3.730377101718784089e-02,1.678231226326563214e-02,8.017076847313382715e-02,9.087089934479401776e-02,9.882575063545701033e-02,2.174040262574590890e-02,9.757602550202092162e-02,6.831079230062279961e-02,0.000000000000000000e+00,4.764901787716717407e-02,1.320238789501858578e-01,4.129072240656869730e-02,5.061660161080927534e-02,3.407201065362255865e-02,2.318409713534223815e-02,4.871080024386662682e-02,4.940357306092401507e-02,9.175806317938825507e-02,3.842394670660460171e-02,1.710338551496080883e-01,1.450210250963981651e-01,5.044311282296683879e-02,1.143594277199118520e-01,2.566205500613400470e-01,1.355232720655462630e-01,2.076672447076472472e-01,1.492377120255477529e-01,3.803800144528736438e-02,1.129895399251986676e-01,4.699933050313592070e-02,1.519183958761550352e-02,4.274399408087103253e-02,2.202956385694727209e-02,4.593271964337564128e-02,2.037487878085037299e-02,1.435010530069054033e-02,3.858713435420293297e-02,2.428334916173905539e-02,3.351091378554495182e-02,1.751856782718352878e-02,3.396539317703050481e-02,9.452180533696060566e-03,8.104653319492756761e-03,2.465421089168152308e-02,4.861771935356967028e-02,4.440438446961934849e-02,2.366364162026240309e-02,7.764802133733474110e-02,1.020675994891248467e-01,9.091507719952639233e-02,2.521415412962606239e-02,1.230280232329765133e-01,6.195096472315594904e-02,1.123364257098692226e-01,6.465999474439386441e-02,1.315100308583289634e-01,4.845176801942405187e-02,3.739733710004296274e-02,3.811487939230277094e-02,1.905681879371336554e-02,4.778584062597579507e-02,5.400884364956017730e-02,8.247812860571671068e-02,4.344350435158478990e-02,1.624383770738272725e-01,1.476445172551800744e-01,4.216275369196995776e-02,1.164338774270804316e-01,3.146277919662601730e-01,1.621331765007846815e-01,1.868906167770163773e-01,1.424235232861987832e-01,3.604832742967780529e-02,1.079799901268482243e-01
1.610240267140716774e-02,2.907668254532691163e-02,2.136739672432811515e-02,9.850731760290196842e-03,4.615048959475873819e-02,5.379164326102401500e-02,5.807453446459968915e-02,1.277077667196501072e-02,5.685811937873930938e-02,3.968264095239424499e-02,4.764901787716717407e-02,0.000000000000000000e+00,7.793599308594165165e-02,2.427949016015075109e-02,3.018726873887645976e-02,1.988122776159961802e-02,1.364567310037553480e-02,2.841723152786794840e-02,2.815730418409639890e-02,5.333087665104801339e-02,2.303953250806270447e-02,1.005012811528418482e-01,8.473005330361318976e-02,3.042050787964879072e-02,6.644815772290448008e-02,1.534748269384597075e-01,7.873775783792379135e-02,1.211411372330702674e-01,8.800078733799633623e-02,2.190878438311710460e-02,6.674663889884138723e-02,2.790318247285516681e-02,9.218860271130353140e-03,2.606070389984423835e-02,1.329096056786481170e-02,2.658889681146166944e-02,1.175814863477807684e-02,8.347483704393376253e-03,2.311225045014426299e-02,1.475757131302937210e-02,2.009518705004237002e-02,1.051519658768088061e-02,1.927470940056860704e-02,5.698192368035845216e-03,4.765656049089989944e-03,1.471502366262337873e-02,2.893417792956987783e-02,2.560472929546673757e-02,1.402821845994879461e-02,4.551988301168399115e-02,5.989447672878905893e-02,5.376880508131207104e-02,1.476023804407073509e-02,7.207830793426665827e-02,3.661171352766453418e-02,6.559453950216873053e-02,3.943808967137287652e-02,7.807283731072618693e-02,2.803432500425346793e-02,2.231620977558370841e-02,2.251990366460910470e-02,1.120294877520380990e-02,2.790828062086859671e-02,3.153469448085364363e-02,4.735610204167937237e-02,2.562418184011107034e-02,9.547274878294485789e-02,8.617318370861945520e-02,2.519737552355782312e-02,6.787809339668668396e-02,1.864485948786525349e-01,9.423090756330096407e-02,1.099967617414834564e-01,8.194431979500797769e-02,2.109615806167383298e-02,6.448088333195990673e-02
4.337837273467402138e-02,8.023119792831497066e-02,5.919175788727606274e-02,2.664867267171890791e-02,1.302271208415475834e-01,1.485894612850593988e-01,1.605649379504689167e-01,3.478250038102791153e-02,1.575704096082727601e-01,1.107846889516031774e-01,1.320238789501858578e-01,7.793599308594165165e-02,0.000000000000000000e+00,6.753530470481226844e-02,8.138232246568601058e-02,5.527566537666347979e-02,3.760332210845526019e-02,7.905250513074345287e-02,7.847354427647759700e-02,1.489412297326535017e-01,6.194752202074106651e-02,2.809860202476331392e-01,2.340436111341463177e-01,8.246891858648808249e-02,1.863432108138937116e-01,4.168510518579578439e-01,2.187061143451429213e-01,3.385305278289313935e-01,2.447451142356132370e-01,6.154407066321211650e-02,1.834461351961417241e-01,7.808840541215995856e-02,2.422622657983547825e-02,6.965824574420287352e-02,3.606890161617998941e-02,7.419451058058146309e-02,3.318160774071322178e-02,2.308270879998004441e-02,6.456815876060136017e-02,4.009721806514782161e-02,5.492103881909685820e-02,2.838839585726875975e-02,5.495351553658697069e-02,1.565621715854747728e-02,1.332700289081153143e-02,3.904054297417086650e-02,7.912068619363103739e-02,7.053280202462758330e-02,3.883402423022962180e-02,1.271882992226457121e-01,1.662139497744710703e-01,1.475675698968523242e-01,4.019557112436035473e-02,2.003336792405920053e-01,1.007055329862725224e-01,1.823699015861286743e-01,1.053946851692190434e-01,2.131890933974388003e-01,7.817107925270778968e-02,5.940963366537180268e-02,6.157780064725956737e-02,3.035332515795595432e-02,7.740800792996202495e-02,8.623219141127280718e-02,1.314430140615183151e-01,6.906260843520972692e-02,2.645307433435191702e-01,2.378083695309193835e-01,6.818121932844410649e-02,1.904889937149375212e-01,5.114771082675971803e-01,2.630829062043777977e-01,3.031529287491772640e-01,2.307920822251325332e-01,5.821050379590753804e-02,1.763928028925525748e-01
1.324586032650445534e-02,2.500925793960316959e-02,1.854818083590795488e-02,8.419216222626679444e-03,4.108236291008607322e-02,4.598353098477033635e-02,5.006420195793446354e-02,1.088146444707502845e-02,4.921512282909542429e-02,3.483145103608784043e-02,4.129072240656869730e-02,2.427949016015075109e-02,6.753530470481226844e-02,0.000000000000000000e+00,2.508140074677424683e-02,1.722424208081116404e-02,1.183030890892670418e-02,2.461935650802568945e-02,2.457813901820856198e-02,4.574928940655723086e-02,1.903611600905708717e-02,8.670308296510183255e-02,7.231551134038773088e-02,2.561408987871274801e-02,5.793988726622392726e-02,1.287076227605608025e-01,6.743911117167120106e-02,1.051905064251930089e-01,7.544066756165566934e-02,1.928009820341618913e-02,5.715564075786834508e-02,2.401350740177719822e-02,7.660722564006267055e-03,2.169664300253176456e-02,1.118175417135546836e-02,2.289147262114872919e-02,1.042824061799426695e-02,7.199944684927615281e-03,1.962732771486256494e-02,1.228651212688767688e-02,1.694729173641189995e-02,8.933606423028633142e-03,1.725020900848526356e-02,4.970011198972780833e-03,3.977510822779702082e-03,1.208364214729113102e-02,2.446676432035415488e-02,2.219211059023850838e-02,1.212469248300055043e-02,3.984186641180525318e-02,5.164015938420603302e-02,4.608745883705712976e-02,1.276063999896932116e-02,6.227771163472511223e-02,3.164297513426106434e-02,5.647098693197759312e-02,3.297324540882314720e-02,6.649220421692210448e-02,2.443347565158011589e-02,1.843564980168463027e-02,1.944052171976816401e-02,9.615786460370697591e-03,2.419590136127612937e-02,2.690947043504654870e-02,4.083020971031801893e-02,2.141901127956976139e-02,8.165958400953308993e-02,7.356375897152955812e-02,2.123590650284845963e-02,5.907122941203545724e-02,1.581533453030557479e-01,8.152478027108231440e-02,9.360191827818030441e-02,7.200413209514489044e-02,1.793561286614770225e-02,5.446267747483208438e-02
1.712194309097766695e-02,3.122930098139897401e-02,2.329247501541928042e-02,1.053323820463520667e-02,4.807693633837306635e-02,5.622185000255523063e-02,5.978123965576179893e-02,1.353930308918502474e-02,6.054365085704328797e-02,4.189035078522684169e-02,5.061660161080927534e-02,3.018726873887645976e-02,8.138232246568601058e-02,2.508140074677424683e-02,0.000000000000000000e+00,2.064626801615537452e-02,1.421358485896975776e-02,2.970126844123619630e-02,3.035505204685732400e-02,5.620609722797828556e-02,2.435404435196223544e-02,1.046478304237007800e-01,9.003576322837390788e-02,3.184261431761691019e-02,6.935594045696140408e-02,1.613232434655001712e-01,8.317753225626578484e-02,1.263246586738441812e-01,9.034453955661404800e-02,2.296851115553787820e-02,7.001939483923089180e-02,2.797989150658203999e-02,9.828982492758894449e-03,2.731159184382428093e-02,1.372124453683210010e-02,2.786338083077725958e-02,1.230239133309086498e-02,8.840195567281161626e-03,2.329980413760102467e-02,1.484481819732540002e-02,2.099188400588743175e-02,1.144902484120325498e-02,2.012449032025681248e-02,5.787775927468553558e-03,5.055392301284495314e-03,1.626943341489205455e-02,3.012660281178853108e-02,2.845649706087204425e-02,1.449576675827044317e-02,4.710168234264528603e-02,6.217912608028899890e-02,5.656145868465649318e-02,1.592039526675706473e-02,7.512099916048803339e-02,3.760840255995759329e-02,6.781210343192686785e-02,4.017182611278181242e-02,8.158542611780233988e-02,2.941274520630679859e-02,2.522231368564330917e-02,2.364884754167518449e-02,1.200393098828333484e-02,2.849295215750531282e-02,3.355600440317330069e-02,5.087172505750348073e-02,2.821839111313829973e-02,9.854208465821653884e-02,9.267265730420963521e-02,2.665716793034283993e-02,7.008825570488795564e-02,1.964693898467650690e-01,9.797639323443028958e-02,1.140406277426310594e-01,8.661617376881840247e-02,2.199646810269362263e-02,6.634718302345980756e-02
1.111303282232328424e-02,2.042549314357704898e-02,1.526974053837897374e-02,6.923550194434418756e-03,3.324625510097329456e-02,3.769845805447841897e-02,4.117153489574806868e-02,8.908402215184661049e-03,4.078164720183795333e-02,2.830589233384197406e-02,3.407201065362255865e-02,1.988122776159961802e-02,5.527566537666347979e-02,1.722424208081116404e-02,2.064626801615537452e-02,0.000000000000000000e+00,9.764227300287316169e-03,2.010775774602177601e-02,2.023891381241412282e-02,3.805169846946344914e-02,1.614700345053716665e-02,7.044107709973951303e-02,6.032191861678590922e-02,2.106962988190829236e-02,4.740625333756410403e-02,1.061188849901971015e-01,5.631113790858989498e-02,8.608409971882743927e-02,6.185795452054235893e-02,1.557064736798201114e-02,4.645567748807245129e-02,1.973384764721723000e-02,6.512668346943837477e-03,1.793679048391561351e-02,9.350086967209129268e-03,1.920618124281651615e-02,8.531930391596727337e-03,5.965503876331796664e-03,1.635581748449627809e-02,1.032855034712343474e-02,1.409316188730806371e-02,7.512605850490319988e-03,1.412700908755482564e-02,4.090140116406955177e-03,3.452561119185984257e-03,1.021976258976594644e-02,2.016883215962875578e-02,1.842271708710001982e-02,9.836315470584076903e-03,3.221001254337060166e-02,4.236695835393583520e-02,3.807706204053143417e-02,1.057315059347668090e-02,5.118037971682685289e-02,2.597598693708332018e-02,4.637768839807177024e-02,2.682183822070665843e-02,5.482121557293726660e-02,2.002611165001039542e-02,1.529828418187222268e-02,1.581490852212861023e-02,7.892861636619504656e-03,1.974445071657066064e-02,2.225146886617094394e-02,3.407803999671445150e-02,1.799732569293171006e-02,6.718464925313191727e-02,6.137911532584226781e-02,1.751501776496544593e-02,4.817349523079279827e-02,1.302485233713134016e-01,6.697848617444075725e-02,7.746429455238419692e-02,5.905341246351168000e-02,1.485388985865252788e-02,4.491580448774047662e-02
7.475997932305107098e-03,1.408917958151514015e-02,1.024329807494627625e-02,4.702243488787584240e-03,2.306594103277128174e-02,2.566716108964851167e-02,2.840947101137400108e-02,6.122628784142777371e-03,2.768897881014205364e-02,1.944768110320227103e-02,2.318409713534223815e-02,1.364567310037553480e-02,3.760332210845526019e-02,1.183030890892670418e-02,1.421358485896975776e-02,9.764227300287316169e-03,0.000000000000000000e+00,1.386905784449505956e-02,1.380813377077572297e-02,2.571443266520770723e-02,1.089638822135834996e-02,4.858499655483276836e-02,4.073720452410454357e-02,1.433851410698550391e-02,3.259321680912802971e-02,7.269810814041965941e-02,3.808361726857116547e-02,5.894959799736047834e-02,4.198497566530277891e-02,1.057010158459856589e-02,3.165919546708657883e-02,1.357517726957552066e-02,4.408969247024730094e-03,1.227049195967221465e-02,6.234916054107315052e-03,1.307861868014529791e-02,5.891600394485045633e-03,4.067988191880025570e-03,1.127603157902640728e-02,6.978246030858933045e-03,9.648346614340436514e-03,5.017750158058996088e-03,9.694782444345574970e-03,2.778896529178490841e-03,2.353130918694529457e-03,7.014398683164693900e-03,1.379780414893983821e-02,1.248468338740429950e-02,6.757512164618698254e-03,2.220845717416274068e-02,2.869625773332558361e-02,2.601359712962781137e-02,7.149633326993344584e-03,3.468402238492211687e-02,1.813629610534216521e-02,3.182427514967946236e-02,1.858322952955719989e-02,3.751168402667011403e-02,1.363105713708339696e-02,1.042634230964924018e-02,1.083658239342815376e-02,5.472947357304717639e-03,1.354909369255488140e-02,1.513624765956897780e-02,2.305151522314598939e-02,1.233580842833953764e-02,4.599627923999499018e-02,4.171431456320157799e-02,1.197211082376284201e-02,3.308093728886780938e-02,8.910662763324632418e-02,4.576571276329018806e-02,5.300292523409921852e-02,4.001546269658379229e-02,1.000287096280072854e-02,3.055478305880506007e-02
1.587927090761443241e-02,2.970489114325811086e-02,2.178490106035267659e-02,9.835691182848108755e-03,4.766829482202400436e-02,5.452772932971753500e-02,5.871743799670574304e-02,1.297489861255060953e-02,5.803306073736992643e-02,4.073593875327494868e-02,4.871080024386662682e-02,2.841723152786794840e-02,7.905250513074345287e-02,2.461935650802568945e-02,2.970126844123619630e-02,2.010775774602177601e-02,1.386905784449505956e-02,0.000000000000000000e+00,2.871633271931637796e-02,5.471373848127738387e-02,2.279384912659300835e-02,1.026873221841857337e-01,8.624221012320801294e-02,3.002375773269334164e-02,6.824737220471048527e-02,1.533959033028536867e-01,8.054484558236600644e-02,1.236073362008179022e-01,8.928293315985379175e-02,2.243629500025898227e-02,6.702791898186288844e-02,2.851206942348949794e-02,8.897900865074090740e-03,2.549885318882321242e-02,1.312409736773747192e-02,2.711170467468402082e-02,1.231451150336462103e-02,8.326292660332150833e-03,2.349967078249159957e-02,1.447601525994191701e-02,1.995579974166780332e-02,1.036135446334300603e-02,2.007856134942107365e-02,5.800881727590315173e-03,4.778626876497441694e-03,1.427868065429196628e-02,2.889067226697080229e-02,2.611787469602654121e-02,1.420635933706930823e-02,4.619131583835030253e-02,6.113227775756492621e-02,5.402842476170773706e-02,1.508084961684210551e-02,7.311902566429735739e-02,3.688214958861386200e-02,6.678178484263523618e-02,3.833942190772922365e-02,7.827599398820600518e-02,2.855357839070031892e-02,2.168787307096175718e-02,2.269062097989546153e-02,1.121230498582606767e-02,2.811954544344271237e-02,3.166923898040829854e-02,4.835956057514317896e-02,2.532796409112172964e-02,9.673192601033733795e-02,8.778307927574635627e-02,2.491582046373523596e-02,6.949403291872760513e-02,1.874241132433097923e-01,9.665458402595578091e-02,1.106420192349742843e-01,8.507865455903926288e-02,2.143697474426808566e-02,6.451594330294520285e-02
1.580169088039325501e-02,2.953718009321144519e-02,2.259941057022814281e-02,9.944784283153613319e-03,4.731091285001684521e-02,5.436312032570255609e-02,5.852230764918688738e-02,1.309078673069492653e-02,5.915276101658666769e-02,4.036830075053135514e-02,4.940357306092401507e-02,2.815730418409639890e-02,7.847354427647759700e-02,2.457813901820856198e-02,3.035505204685732400e-02,2.023891381241412282e-02,1.380813377077572297e-02,2.871633271931637796e-02,0.000000000000000000e+00,5.466421237885468049e-02,2.314574734416673107e-02,1.019773863142965364e-01,8.758394109114457649e-02,3.004284456296369560e-02,6.801570289094654997e-02,1.528399119209462309e-01,8.136751566912273081e-02,1.226343592984171227e-01,8.894358875319152702e-02,2.256529068404921831e-02,6.681092734911253661e-02,2.739646037533970471e-02,9.340702141926931351e-03,2.514912053553877702e-02,1.300091038457096455e-02,2.700787733596931445e-02,1.197067393919789592e-02,8.511536819083292613e-03,2.283732276015614307e-02,1.440323172528239042e-02,1.981893191339483343e-02,1.055495843603092808e-02,1.995263389451638891e-02,5.552626591855151436e-03,4.958035551186278436e-03,1.478648730570097762e-02,2.899224391904868872e-02,2.705328707268392363e-02,1.391334029678747801e-02,4.588715014863083141e-02,6.062150980900233438e-02,5.429117538361893230e-02,1.508802750477020345e-02,7.369607832654286039e-02,3.668408828243870795e-02,6.690845918193519259e-02,3.811023904766820680e-02,7.868301064678340229e-02,2.876439788574926271e-02,2.258233177891775037e-02,2.239821222748762664e-02,1.145453528227937702e-02,2.856371420801172289e-02,3.268009119232246490e-02,4.924965190330109210e-02,2.618729811963601065e-02,9.671521783006997719e-02,8.845777288941474026e-02,2.520161202487746638e-02,6.866831755265290216e-02,1.867978063968003533e-01,9.586313120068062910e-02,1.115894776795229304e-01,8.500199056279424126e-02,2.138255813072789668e-02,6.394200157319178401e-02
2.989339267118255178e-02,5.562616829446123679e-02,4.166700409816544853e-02,1.856667687379617501e-02,8.888225831331073024e-02,1.022538415424497638e-01,1.102597954467273295e-01,2.425183166247539199e-02,1.100633451455323569e-01,7.633054508099545998e-02,9.175806317938825507e-02,5.333087665104801339e-02,1.489412297326535017e-01,4.574928940655723086e-02,5.620609722797828556e-02,3.805169846946344914e-02,2.571443266520770723e-02,5.471373848127738387e-02,5.466421237885468049e-02,0.000000000000000000e+00,4.248562990972491044e-02,1.914824949636328988e-01,1.624630477397571160e-01,5.679892424917454968e-02,1.281301915764139210e-01,2.898934005168064543e-01,1.521572672706600349e-01,2.311067200130687282e-01,1.666505669107153365e-01,4.162888911027225192e-02,1.266104357873544806e-01,5.252909080271016967e-02,1.688643884092106556e-02,4.824458674184633339e-02,2.488506838379650823e-02,5.072669547207300095e-02,2.272220955413127574e-02,1.586847303980053886e-02,4.288564130122286128e-02,2.733865428171197362e-02,3.714688990167584054e-02,1.955988834993389186e-02,3.762091967955577543e-02,1.056035612183534034e-02,9.054308935299754807e-03,2.719307298172454410e-02,5.471101733477844870e-02,5.027741291868362272e-02,2.645110992470529193e-02,8.644027636162694705e-02,1.145936997412174696e-01,1.014474450604046785e-01,2.843019145585617274e-02,1.383545678142177604e-01,6.833107021618543830e-02,1.249253819693125073e-01,7.210052837040484275e-02,1.467114821179290873e-01,5.356774826949820684e-02,4.151930935467077616e-02,4.233819373669887864e-02,2.084584203283591092e-02,5.279900513076572766e-02,6.014140486971605859e-02,9.131566115048736498e-02,4.806606697410244211e-02,1.815836444232494240e-01,1.652800364515989440e-01,4.671041061787323950e-02,1.301160689754823907e-01,3.534569477763337964e-01,1.819281331793203005e-01,2.077744032348070868e-01,1.600309866375366208e-01,4.043045452197184531e-02,1.208127996689272038e-01
1.300057188902103110e-02,2.333085103146550349e-02,1.735980169791261074e-02,7.843339957669680923e-03,3.701229753967328479e-02,4.297827412676259035e-02,4.610484025338612568e-02,1.012476117925605913e-02,4.553472487149484021e-02,3.222520944693470224e-02,3.842394670660460171e-02,2.303953250806270447e-02,6.194752202074106651e-02,1.903611600905708717e-02,2.435404435196223544e-02,1.614700345053716665e-02,1.089638822135834996e-02,2.279384912659300835e-02,2.314574734416673107e-02,4.248562990972491044e-02,0.000000000000000000e+00,8.085369170330561350e-02,6.904942252880140463e-02,2.464533056190279167e-02,5.417349797443372916e-02,1.229241276941618749e-01,6.307193148894735257e-02,9.717015808359025231e-02,6.942696697071490397e-02,1.732692746238381071e-02,5.310991106798063077e-02,2.264144079129233600e-02,7.389291941399590315e-03,2.036858383623543073e-02,1.054766641462738519e-02,2.121688705466805852e-02,9.434115100731844603e-03,6.809379653961671226e-03,1.903548571499346503e-02,1.173354922128199730e-02,1.593861645955723175e-02,8.560254864313884132e-03,1.556101075946036277e-02,4.491847762739290331e-03,4.038871616774978614e-03,1.196591842400147356e-02,2.317556310855592092e-02,2.062147192369151796e-02,1.121064457538384872e-02,3.626166809653158518e-02,4.791854089025811281e-02,4.257458562063335533e-02,1.182833634341005739e-02,5.762845581957699165e-02,2.914573238509364506e-02,5.253643846156268171e-02,3.059639031189305414e-02,6.194854796069200475e-02,2.239096531387533770e-02,1.796388335474912584e-02,1.793752533589208428e-02,8.959738427816079515e-03,2.255040465564377844e-02,2.480849993180344465e-02,3.844661665412030249e-02,2.049558515072356230e-02,7.656456045444423597e-02,6.954881868514041499e-02,2.026889389200781447e-02,5.450545060047592288e-02,1.493678019430569326e-01,7.513908058023467673e-02,8.780460534064135625e-02,6.657591641108732972e-02,1.677407329519176732e-02,5.090964421213276664e-02
