0.000000000000000000e+00,1.165401189552459256e-02,7.061785282196699279e-03,3.476300212657342133e-03,1.733665006397938288e-02,2.266312609032885422e-02,2.579504606291457142e-02,7.796254075733036019e-03,3.513632470630768251e-02,1.437473267977897040e-02,2.520174679293198799e-02,1.427923527155210148e-02,3.493986474752715926e-02,8.017900018229931133e-03,1.337828272047986156e-02,8.832262307582180658e-03,8.086295729614376149e-03,1.177178829851014547e-02,1.742970389826585531e-02,2.370809539098139157e-02,1.346356839037590389e-02,4.461902703821522126e-02,4.266529354896110571e-02,1.673495323841288004e-02,2.758455159243404509e-02,7.291005300532014954e-02,3.592803952793491989e-02,4.739784062446716906e-02,3.018403527127808128e-02,9.249533749491773219e-03,2.438336092886637593e-02,1.077615196096868774e-02,7.246435526742410829e-03,1.111253540389497106e-02,5.990774635787857183e-03,1.009470849044504306e-02,4.361906327621472082e-03,2.999985050373047465e-03,1.138739974122992583e-02,6.338549230022868554e-03,6.400857990898225700e-03,5.420733002874065197e-03,8.632817503184233091e-03,2.777231465156978270e-03,3.229970196271428340e-03,9.938813592423163812e-03,1.472069812643559544e-02,1.308689610351172067e-02,4.379633340196209708e-03,1.735507311451911505e-02,2.731374425417126828e-02,2.303418719032665832e-02,8.520288833181189833e-03,3.764601700055930644e-02,1.758364926183582019e-02,2.396944499928138628e-02,1.540867583728764909e-02,3.426005245616708245e-02,1.149904871302748904e-02,1.576357741395042686e-02,8.810158777740956931e-03,7.886274829664507643e-03,1.130740558690007669e-02,1.329793910929740960e-02,2.726962067665047312e-02,1.546531286286831341e-02,4.616572767466278066e-02,4.044129077827025853e-02,1.102321808317423268e-02,2.945193713086582260e-02,8.710330000440882903e-02,3.947428158950726934e-02,4.623546312363654293e-02,3.407597926429230956e-02,8.494152002003974716e-03,2.673368913457782256e-02
1.165401189552459256e-02,0.000000000000000000e+00,1.307358904792386284e-02,6.883518766135120551e-03,3.368828399293332526e-02,4.345240413662931900e-02,4.976586664660161835e-02,1.414148142166919003e-02,6.779362036221206478e-02,2.725648507219231853e-02,4.911002842227042697e-02,2.639459495415269127e-02,6.761683171174279194e-02,1.547973818338189284e-02,2.489176538012223550e-02,1.726403815670418673e-02,1.570931698825552003e-02,2.326608403365037353e-02,3.380849726612360218e-02,4.561981471564067331e-02,2.504660328201132463e-02,8.581596003271894924e-02,8.003296819600566603e-02,3.084859441272327918e-02,5.284042238290659332e-02,1.375786134470119437e-01,6.862193595073468044e-02,9.113898430210301549e-02,5.835937425558955505e-02,1.789381580728792789e-02,4.761712680222361660e-02,2.044763204545705856e-02,1.394499190583995026e-02,2.137839527577020671e-02,1.120271588240873833e-02,1.969300207755129289e-02,8.592347841079893411e-03,5.771938149431652711e-03,2.177905573048875831e-02,1.216043180256728799e-02,1.203290764941979465e-02,1.040668220944146113e-02,1.686653763438567682e-02,5.426418918121446618e-03,6.015510361003379922e-03,1.837297440039784013e-02,2.864033793035739364e-02,2.427665309311036190e-02,8.284361393743428989e-03,3.303672130413919800e-02,5.245510527378815374e-02,4.425687755036925020e-02,1.576016737831385101e-02,7.119063162225193475e-02,3.399481094886383503e-02,4.619654225535264197e-02,2.783693586182314772e-02,6.636526826921985978e-02,2.290376723439940462e-02,2.911249454140556886e-02,1.667559334656834591e-02,1.528644379951986376e-02,2.194998133185880121e-02,2.586145729519513659e-02,5.216602247351878607e-02,2.851154055493842696e-02,8.888376409584945737e-02,7.490494921213550206e-02,1.984463660806286625e-02,5.625063158969881294e-02,1.632907406746544610e-01,7.588182782284125238e-02,8.857829879053097377e-02,6.522783363956048686e-02,1.625919302597824551e-02,5.121258488795715769e-02
7.061785282196699279e-03,1.307358904792386284e-02,0.000000000000000000e+00,3.978761796705813231e-03,2.008885532182824382e-02,2.628757435541043824e-02,2.948608081311179796e-02,8.777339220796164659e-03,4.069614703527723448e-02,1.628995549321707315e-02,2.976966132201959436e-02,1.583929506106552046e-02,3.993539642847644677e-02,9.224845205362984177e-03,1.573133356875142455e-02,1.022633235139029824e-02,9.435507919180971884e-03,1.383098630187180531e-02,2.062345612977657325e-02,2.729309091120526304e-02,1.513071697849867683e-02,5.286399081934819999e-02,4.942836862086322225e-02,1.853753730407718681e-02,3.136310193231386240e-02,8.438113586819653844e-02,4.123095960473173449e-02,5.469810648916778595e-02,3.592108147191959422e-02,1.098460015067076641e-02,2.893497094808393511e-02,1.218619736608655621e-02,8.475407384135972069e-03,1.288486679196299695e-02,6.675520485394719969e-03,1.123857091276816468e-02,4.976020271845228021e-03,3.599249976819636574e-03,1.288432945946656194e-02,7.165122202449591277e-03,6.949101524953007342e-03,5.797199499217578142e-03,9.919257097625993128e-03,3.053535492901732901e-03,3.677750366831981053e-03,1.122493442808163849e-02,1.732510071048348754e-02,1.473868590947603752e-02,4.836189887440835514e-03,1.959977416714001747e-02,3.167604322940847927e-02,2.611961092922401168e-02,9.677438675709493579e-03,4.398285724187876028e-02,1.964461755877668775e-02,2.829669724693723021e-02,1.652550170992199766e-02,3.925111950725983928e-02,1.362822497646618003e-02,1.810555454081920132e-02,1.006729177088002206e-02,8.904116858478356225e-03,1.332802010407440479e-02,1.588966628505216958e-02,3.154551868988258317e-02,1.719844206947665488e-02,5.430283196606342649e-02,4.665063964693746956e-02,1.220629003292616685e-02,3.370951808636405561e-02,9.976885426584725103e-02,4.597240286440712476e-02,5.300745795552733869e-02,3.969123500644539809e-02,1.023453903866293653e-02,3.054006588352269763e-02
3.476300212657342133e-03,6.883518766135120551e-03,3.978761796705813231e-03,0.000000000000000000e+00,1.048440503416375562e-02,1.351899390818841681e-02,1.514565876587449858e-02,4.679946536038066297e-03,2.158720216416252710e-02,8.192333958246249270e-03,1.559760930568935416e-02,8.211321025298591939e-03,2.083942075354806855e-02,4.650577972666197941e-03,8.194756409514654047e-03,5.255650183172771821e-03,4.870889885931730529e-03,7.203926978125350933e-03,1.087419406405888515e-02,1.426409896735636798e-02,7.848659772564188855e-03,2.773909428867186305e-02,2.579034337756242259e-02,9.632573379970237742e-03,1.635242863266778840e-02,4.372545291445609911e-02,2.154400185669217566e-02,2.839318404739481910e-02,1.829898702868810317e-02,5.698183845309144624e-03,1.513870677931350786e-02,6.376823223686209526e-03,4.588090823804190192e-03,6.894275817756279415e-03,3.473703259314495084e-03,5.555030103661890567e-03,2.416714647877107793e-03,1.870984083242767946e-03,6.831060590788081560e-03,3.782393400924572401e-03,3.644892000511849514e-03,3.023780546561934818e-03,5.021057334522169291e-03,1.595460610579746853e-03,1.996126253753806139e-03,6.075360066639018224e-03,9.119812861761283571e-03,7.638475757156003298e-03,2.413246338317733605e-03,1.014380501412760760e-02,1.669525802063641373e-02,1.333054074278720857e-02,5.068927370746061437e-03,2.300790841272444542e-02,1.026090319334035071e-02,1.449360484932438187e-02,8.501045678824451987e-03,2.077890565631619266e-02,6.940121145139465167e-03,9.616780192160763116e-03,5.212838570130739514e-03,4.846021275626914357e-03,6.907413846451757045e-03,8.221242185051057944e-03,1.710192661918875576e-02,9.198414699980604972e-03,2.889258989074693085e-02,2.403015217766444819e-02,6.368938839817246331e-03,1.761400385849247116e-02,5.233647099671662889e-02,2.415731233949260093e-02,2.779632147717634588e-02,2.083403771335083643e-02,5.256036445360864895e-03,1.611037540702655452e-02
1.733665006397938288e-02,3.368828399293332526e-02,2.008885532182824382e-02,1.048440503416375562e-02,0.000000000000000000e+00,6.637833175731111535e-02,7.492164440846574291e-02,2.060896470990327203e-02,1.022332132122145409e-01,4.222952078453266755e-02,7.389504260864432350e-02,3.992394483405804079e-02,1.029705679438697452e-01,2.380124455120191662e-02,3.691494318856389234e-02,2.597786463231060994e-02,2.352905027976079713e-02,3.562052926915072054e-02,5.062614715977475227e-02,6.902456729052522388e-02,3.797063117697282997e-02,1.308940882919259752e-01,1.186906160383064263e-01,4.521456860465931926e-02,8.144611834584329635e-02,2.076461068569299684e-01,1.041513552936529224e-01,1.389026914642357835e-01,9.066947833666147427e-02,2.734740114014237722e-02,7.338364921535667218e-02,3.118900974441188301e-02,2.174543280888743477e-02,3.274225794347647434e-02,1.731857113361289641e-02,2.929089326943742910e-02,1.265597661717616541e-02,8.989824557398624211e-03,3.294628377683785775e-02,1.847337110368334201e-02,1.890259698697489832e-02,1.590533447791528388e-02,2.521430182672015907e-02,8.147261057289965566e-03,9.041525659387908767e-03,2.782108654999877750e-02,4.262383608338728841e-02,3.672571491188346415e-02,1.278436932649199692e-02,5.108932438239980472e-02,7.954020339585447796e-02,6.757739210096602722e-02,2.351085170524734591e-02,1.072632743746319561e-01,5.244028826749264766e-02,7.112370137442221296e-02,4.251754357394909450e-02,1.013744928911911314e-01,3.432562595410469652e-02,4.379853747766590533e-02,2.582640366753307520e-02,2.305384052279592019e-02,3.397391842727363193e-02,3.941236715377053473e-02,7.922782176160962642e-02,4.434603423414757578e-02,1.342471050532949572e-01,1.132918398356497214e-01,2.995012126604870706e-02,8.518419905437864259e-02,2.483912074963230965e-01,1.153986304590040868e-01,1.353718676172281921e-01,1.003835702008713388e-01,2.498983217478617513e-02,7.774377064245106828e-02
2.266312609032885422e-02,4.345240413662931900e-02,2.628757435541043824e-02,1.351899390818841681e-02,6.637833175731111535e-02,0.000000000000000000e+00,9.729906033529284182e-02,2.710239251900297547e-02,1.319002454580811834e-01,5.418385906226221016e-02,9.423931267834646797e-02,5.111384469833935712e-02,1.336347959928813611e-01,3.086781076449327671e-02,4.823053766133020281e-02,3.410767590784929970e-02,3.035066052480059340e-02,4.689249651744733377e-02,6.512055340454728225e-02,8.959428999435002650e-02,4.901080053142178178e-02,1.704548121403604288e-01,1.562807181049309657e-01,5.911082913004916256e-02,1.062601873343688302e-01,2.691441887429033009e-01,1.355479534857066126e-01,1.798899637497815007e-01,1.181101549832891118e-01,3.484918764584103712e-02,9.367170693978957297e-02,3.983272172259574861e-02,2.712152199342179534e-02,4.102102232745339500e-02,2.196866976875936142e-02,3.749414728872117741e-02,1.627039475530217202e-02,1.149963842827949473e-02,4.123576271175336677e-02,2.351485436086737588e-02,2.367235591881787504e-02,1.952419985413805098e-02,3.212418364756141481e-02,1.038117501316491477e-02,1.147792664142931011e-02,3.590692238879690523e-02,5.597287641383478368e-02,4.848424575043654150e-02,1.645993388201077642e-02,6.434354335178901763e-02,1.034197348809195866e-01,8.750833556107003031e-02,3.052784087194742799e-02,1.397762270783357019e-01,6.583262728139409325e-02,9.168067365560150783e-02,5.476206795250518344e-02,1.317126625500829040e-01,4.400533293704774612e-02,5.702026710546870270e-02,3.364092339309168733e-02,2.930178044089342543e-02,4.419713828525214522e-02,5.082465234206780258e-02,1.023232781891703219e-01,5.627457170395133018e-02,1.739033546054493395e-01,1.503383869111070970e-01,3.943909784262118745e-02,1.110304368172455314e-01,3.222014388681450070e-01,1.498494565823854652e-01,1.753422093865846521e-01,1.292190920248209030e-01,3.268176303191484833e-02,9.926812146397047398e-02
2.579504606291457142e-02,4.976586664660161835e-02,2.948608081311179796e-02,1.514565876587449858e-02,7.492164440846574291e-02,9.729906033529284182e-02,0.000000000000000000e+00,3.073827290952601057e-02,1.510967409407096562e-01,6.123450602650130914e-02,1.076860972532827782e-01,5.855669745146079019e-02,1.502064849919506895e-01,3.431103449131086419e-02,5.406362802471280371e-02,3.818503650869566057e-02,3.444136854197453468e-02,5.209602894365426146e-02,7.430126753085225522e-02,1.015938112031121582e-01,5.514267978656717251e-02,1.919476445117080377e-01,1.748362979209654722e-01,6.724055370981271706e-02,1.190480663897986457e-01,3.052556719382566452e-01,1.527072574295037788e-01,2.025103218305614738e-01,1.311912742272457744e-01,3.972486664725611433e-02,1.058996763387052703e-01,4.537415045430778088e-02,3.176348172162176547e-02,4.810237970778655225e-02,2.537977976994923446e-02,4.263614987789662858e-02,1.847784061850437504e-02,1.287421947729656090e-02,4.799650763167744028e-02,2.705761800847201332e-02,2.765253422554945356e-02,2.332680247425564929e-02,3.714002016026683034e-02,1.196381303220628474e-02,1.331508155870480235e-02,4.106907691494542101e-02,6.245552934225997999e-02,5.407663830215854450e-02,1.864218134931492493e-02,7.368872721502763012e-02,1.173118887497009988e-01,9.902610087013043183e-02,3.469692767826184493e-02,1.577431829554159226e-01,7.599041601804026880e-02,1.024747734603765753e-01,6.209924575723350937e-02,1.486018070813635572e-01,5.020226446270977666e-02,6.433755196873977567e-02,3.764472415290516516e-02,3.381164281728979426e-02,4.947904593475237200e-02,5.692205178251802389e-02,1.163257863884498977e-01,6.439562083701139139e-02,1.965809449835778655e-01,1.657657614694907078e-01,4.398745521253955015e-02,1.250972735950097725e-01,3.626715726467976131e-01,1.685690270621241493e-01,1.968325247844297798e-01,1.461792722411344170e-01,3.616140723186955785e-02,1.137887436404389219e-01
7.796254075733036019e-03,1.414148142166919003e-02,8.777339220796164659e-03,4.679946536038066297e-03,2.060896470990327203e-02,2.710239251900297547e-02,3.073827290952601057e-02,0.000000000000000000e+00,4.037533122860693241e-02,1.755965413231159664e-02,2.926185091272050232e-02,1.703827051698948020e-02,4.206653873723487785e-02,9.954109524795733827e-03,1.477575002021829127e-02,1.056747749415456149e-02,9.375775213378709921e-03,1.425601747786544270e-02,1.996425701695712235e-02,2.819851043259128179e-02,1.537100384794450048e-02,5.143985247914749370e-02,4.866617428564818520e-02,1.928751359501685442e-02,3.283463227502789183e-02,8.443362204363787094e-02,4.325402602709838007e-02,5.664941472128116884e-02,3.717740136452764993e-02,1.094489870400121127e-02,2.927154892773292313e-02,1.207337595336491903e-02,8.353136844804197672e-03,1.326764950954779053e-02,7.069143247442726853e-03,1.221775670236834033e-02,5.296620351664689703e-03,3.376915543157576940e-03,1.259355876848220618e-02,7.318571473380186022e-03,7.970259105507927419e-03,6.526916710572848619e-03,1.050793515098018098e-02,3.468027641468966749e-03,3.479332643440563762e-03,1.122128758970256969e-02,1.758714613569276747e-02,1.592370918158474841e-02,5.549343119387259611e-03,2.010632315990342617e-02,3.182612315762720079e-02,2.813801445327165224e-02,9.645697298296111721e-03,4.252075662663562516e-02,2.071264356242887017e-02,2.870873020873985354e-02,1.880270530797266068e-02,4.100293088152716370e-02,1.411930650623288014e-02,1.783162972601376461e-02,1.050121524169876121e-02,9.034924418213956254e-03,1.347371324435329802e-02,1.645873576050493545e-02,3.164781663806245926e-02,1.769135512839095647e-02,5.341478758753426259e-02,4.777308857184273810e-02,1.273768158665397783e-02,3.463445135186474927e-02,1.012396580769391735e-01,4.676534417905323093e-02,5.508994142749553541e-02,3.953081902854115037e-02,9.980204529473256370e-03,3.159213525493453911e-02
3.513632470630768251e-02,6.779362036221206478e-02,4.069614703527723448e-02,2.158720216416252710e-02,1.022332132122145409e-01,1.319002454580811834e-01,1.510967409407096562e-01,4.037533122860693241e-02,0.000000000000000000e+00,8.413483422235312759e-02,1.442014975249113762e-01,7.883049548606183010e-02,2.055321901185561684e-01,4.830248492062983595e-02,7.198825257355452589e-02,5.246338676736177903e-02,4.675185352031741709e-02,7.092814684379100676e-02,9.913230707482048598e-02,1.388491024374161886e-01,7.339585280167458536e-02,2.579350829286056745e-01,2.351763456702065103e-01,8.959769837547860993e-02,1.627536243298434160e-01,4.087991636648501403e-01,2.100744605864299230e-01,2.759269562911452756e-01,1.799197089843405650e-01,5.339774691826516817e-02,1.431984038640614076e-01,5.989072104842652067e-02,4.213231374018897718e-02,6.470032557437144227e-02,3.464319207911913112e-02,5.981726513736958933e-02,2.546937060167811170e-02,1.726059005519865047e-02,6.298806479579829865e-02,3.662130462039350082e-02,3.771959281687251031e-02,3.179598655201206631e-02,5.034083539277066366e-02,1.646406290324150049e-02,1.752401400174380397e-02,5.483334766649059638e-02,8.415435867388935953e-02,7.494369841766654328e-02,2.603977864226257599e-02,9.960867686232023621e-02,1.580494083145468909e-01,1.367241149915071619e-01,4.631016241671338796e-02,2.118967747165333704e-01,1.029065709026825287e-01,1.393767073800750156e-01,8.500524937090292443e-02,2.022464705449732170e-01,6.819605551544814792e-02,8.691571049739674204e-02,5.134944184593510236e-02,4.544865170840448054e-02,6.706725182760697734e-02,7.813196669256257387e-02,1.574200799974126153e-01,8.576529781042138700e-02,2.627886588941536483e-01,2.264876073084726160e-01,5.977468206258345490e-02,1.693816241156602398e-01,4.865564472305527466e-01,2.288864079008905705e-01,2.693117117322642584e-01,1.975240186888589100e-01,4.917451990231207215e-02,1.534258463685535812e-01
1.437473267977897040e-02,2.725648507219231853e-02,1.628995549321707315e-02,8.192333958246249270e-03,4.222952078453266755e-02,5.418385906226221016e-02,6.123450602650130914e-02,1.755965413231159664e-02,8.413483422235312759e-02,0.000000000000000000e+00,6.103081965954883226e-02,3.203869968563149290e-02,8.397592329317309090e-02,1.887152282735820447e-02,3.132084237237260649e-02,2.145280192022198246e-02,1.938034302398599501e-02,2.909082597799361042e-02,4.227541524206904211e-02,5.675314881353091256e-02,3.136703338965726728e-02,1.082457689039700577e-01,9.942099743853541338e-02,3.780079242342103407e-02,6.584874853622083024e-02,1.715770305046670496e-01,8.437356913452928597e-02,1.132745522136326677e-01,7.276983942655611270e-02,2.230576340151950790e-02,5.966448390554150716e-02,2.509719228535810254e-02,1.755409604711409555e-02,2.653980025849616772e-02,1.384001322429724914e-02,2.398595822563070329e-02,1.033385825644025924e-02,7.225042987839705097e-03,2.667925546125909236e-02,1.511867590245566384e-02,1.452856140088552156e-02,1.236582581536895681e-02,2.072419057995837643e-02,6.451082376775586769e-03,7.432034616906182944e-03,2.292471230675487484e-02,3.544034677484349943e-02,2.964963286162899253e-02,1.019695473007901226e-02,4.111307821042486238e-02,6.470093306536355005e-02,5.425904571213306660e-02,1.942265792459947626e-02,8.881809545707286535e-02,4.205297007854670588e-02,5.775484471226158267e-02,3.359481852659091522e-02,8.164510145054672263e-02,2.788604372189733976e-02,3.612293943512140393e-02,2.103487184192507839e-02,1.886276754632274649e-02,2.791434716772583924e-02,3.210767341771037647e-02,6.519882595408485471e-02,3.580976109383288142e-02,1.110947485403286916e-01,9.339270496667588517e-02,2.434573645079849205e-02,6.996578426753506663e-02,2.032826027446143213e-01,9.311639933026781557e-02,1.097801320174113249e-01,8.195902162492121890e-02,2.083406599410206339e-02,6.339169970606436944e-02
2.520174679293198799e-02,4.911002842227042697e-02,2.976966132201959436e-02,1.559760930568935416e-02,7.389504260864432350e-02,9.423931267834646797e-02,1.076860972532827782e-01,2.926185091272050232e-02,1.442014975249113762e-01,6.103081965954883226e-02,0.000000000000000000e+00,5.735182824897228776e-02,1.469384198655989959e-01,3.482976766801428731e-02,5.152254175260279068e-02,3.712184223087842960e-02,3.384401067292191340e-02,5.064800628002030097e-02,7.171768680392176520e-02,9.889285186614667211e-02,5.349846349989709898e-02,1.832661040148201581e-01,1.685408350681428524e-01,6.446002930985265944e-02,1.156261400945662599e-01,2.926443022391622684e-01,1.501116924952791698e-01,1.988702576573218861e-01,1.288367718900417513e-01,3.901161049057984276e-02,1.030231778267904491e-01,4.260113899811390770e-02,2.989557815101441529e-02,4.601763758123295772e-02,2.461629804518205775e-02,4.309372230555970351e-02,1.835385709440691057e-02,1.231710152263407188e-02,4.494665995723474972e-02,2.594050334001660879e-02,2.721727863813090675e-02,2.276986583680752282e-02,3.671920695280959240e-02,1.196681139265235241e-02,1.251352546099092702e-02,3.891726039126955361e-02,6.108955709234926978e-02,5.395673828570546338e-02,1.871385035831575616e-02,7.161727055438665834e-02,1.124137173145786650e-01,9.765318702934547290e-02,3.334688786683777384e-02,1.517597230702116828e-01,7.420770151468460141e-02,1.005161608047645677e-01,6.161330968188702406e-02,1.441084545714085285e-01,4.941657073251673471e-02,6.160369088166622875e-02,3.686271646841164651e-02,3.253737341936822902e-02,4.770311797028562589e-02,5.708259022235036978e-02,1.129928063924259679e-01,6.174190849686676114e-02,1.886586578086600907e-01,1.620925484380550397e-01,4.263604818104400201e-02,1.214558801693741696e-01,3.483475391809920385e-01,1.649588676829488454e-01,1.934782205130516075e-01,1.409827775935659777e-01,3.572801142371742622e-02,1.105608118108729054e-01
1.427923527155210148e-02,2.639459495415269127e-02,1.583929506106552046e-02,8.211321025298591939e-03,3.992394483405804079e-02,5.111384469833935712e-02,5.855669745146079019e-02,1.703827051698948020e-02,7.883049548606183010e-02,3.203869968563149290e-02,5.735182824897228776e-02,0.000000000000000000e+00,7.954974903647954454e-02,1.860121056586940685e-02,2.923615730433528140e-02,1.992091470503096901e-02,1.807822166063540598e-02,2.704868535432684157e-02,3.949066973078881049e-02,5.359079054581017409e-02,3.021343977523325772e-02,1.003289590894862332e-01,9.453119485567650082e-02,3.671662035067953245e-02,6.198884145322308692e-02,1.639851120348494729e-01,8.047532512059729637e-02,1.065963588336677342e-01,6.944222448014465698e-02,2.141328805048105244e-02,5.676858303420923707e-02,2.349680875226263510e-02,1.671632523302189408e-02,2.550998120938574934e-02,1.334812632426031834e-02,2.299964426495564387e-02,9.783456878145460264e-03,6.626176752213806115e-03,2.486792024451071892e-02,1.441972871477159926e-02,1.465737207321064425e-02,1.234968155179396072e-02,1.954151345281648564e-02,6.321495530198043347e-03,6.870880963069299005e-03,2.267768801869396791e-02,3.343737638481044522e-02,2.881507936410199894e-02,1.006609757717670008e-02,3.839290036097262743e-02,6.072333032574114831e-02,5.248999752767924409e-02,1.863997901432673868e-02,8.309386577679078734e-02,3.939018761527589285e-02,5.420634405100850650e-02,3.391004687454828720e-02,7.803766159372060862e-02,2.645993686885799584e-02,3.417631974031211384e-02,1.960354405746273648e-02,1.759074570189287159e-02,2.589314046861853832e-02,3.060000954721534688e-02,6.092515052862960967e-02,3.468739251814703661e-02,1.034324251342116918e-01,8.921368865971440743e-02,2.391504882984078761e-02,6.568042463539552900e-02,1.936671920464006769e-01,8.831947945722228022e-02,1.044746355638233593e-01,7.592731735846319774e-02,1.933295948642862680e-02,6.068721705448754111e-02
3.493986474752715926e-02,6.761683171174279194e-02,3.993539642847644677e-02,2.083942075354806855e-02,1.029705679438697452e-01,1.336347959928813611e-01,1.502064849919506895e-01,4.206653873723487785e-02,2.055321901185561684e-01,8.397592329317309090e-02,1.469384198655989959e-01,7.954974903647954454e-02,0.000000000000000000e+00,4.688421256977503421e-02,7.494372764428872125e-02,5.301742215824956778e-02,4.712911710723369230e-02,7.200070298778471489e-02,1.013829523950082606e-01,1.388975544683836993e-01,7.599144731079285342e-02,2.644938668745606125e-01,2.401545670856979064e-01,9.177097022257982295e-02,1.634274884565837804e-01,4.165959557329397267e-01,2.096546903603928869e-01,2.789391514228019009e-01,1.804743699992045203e-01,5.415763940876398841e-02,1.444650855776886955e-01,6.210456025822984338e-02,4.272747916573179511e-02,6.420253848875494274e-02,3.405306431441686849e-02,5.814033732406005683e-02,2.543032199349456665e-02,1.772245633292279451e-02,6.548860776435401487e-02,3.672935895693251601e-02,3.685279180841847385e-02,3.112903345064291921e-02,5.036726207912915060e-02,1.635034377032074798e-02,1.809976591155528294e-02,5.565290783408587821e-02,8.586238909975714428e-02,7.424208651436470241e-02,2.543512946057419760e-02,1.005335829508350598e-01,1.593737586735138878e-01,1.346418375161401171e-01,4.734115691899340450e-02,2.164041584827595677e-01,1.034296545296234104e-01,1.413624217085011348e-01,8.434035700758023280e-02,2.038292965993274142e-01,6.840499201676346341e-02,8.894025460221807733e-02,5.191873454512343361e-02,4.607393012916063957e-02,6.851505080141880033e-02,7.811174220675444480e-02,1.593491691185575376e-01,8.782405511810326137e-02,2.706918492129316567e-01,2.293092884165436329e-01,6.000603898800900560e-02,1.723116031251564484e-01,4.980786097180622818e-01,2.309182898474512191e-01,2.713352123246126624e-01,1.994034629315546980e-01,5.002216838346626449e-02,1.545771063072317042e-01
8.017900018229931133e-03,1.547973818338189284e-02,9.224845205362984177e-03,4.650577972666197941e-03,2.380124455120191662e-02,3.086781076449327671e-02,3.431103449131086419e-02,9.954109524795733827e-03,4.830248492062983595e-02,1.887152282735820447e-02,3.482976766801428731e-02,1.860121056586940685e-02,4.688421256977503421e-02,0.000000000000000000e+00,1.799311341184903906e-02,1.187849498860444643e-02,1.103233425926307930e-02,1.604108918290534508e-02,2.436444665363762113e-02,3.179201720114989416e-02,1.776852061492627949e-02,6.136018121452518903e-02,5.638854215933634950e-02,2.140029303492841165e-02,3.660575780580841571e-02,9.680512970022352170e-02,4.800787639191121670e-02,6.467326308677649738e-02,4.122104624130903255e-02,1.287993285036306140e-02,3.363240865275670538e-02,1.447900860790226479e-02,1.013651479502392094e-02,1.516546312978441294e-02,8.002401368233968623e-03,1.334653297557044510e-02,5.868633483503661423e-03,4.239310602637889717e-03,1.558153920385194069e-02,8.614098300307168610e-03,8.604073770641760752e-03,7.248983942229215299e-03,1.188790738657516041e-02,3.796350223790436254e-03,4.386700157481944473e-03,1.299863149363713125e-02,2.014341951722521326e-02,1.683195283597638259e-02,5.658605564064904739e-03,2.355998770411326174e-02,3.711361747078067291e-02,3.084585049114157984e-02,1.110608536101653256e-02,5.113416230876446922e-02,2.413524281364302221e-02,3.277012691354683899e-02,1.953820032894770450e-02,4.656466542996667152e-02,1.609429979687490922e-02,2.073231859538809257e-02,1.181367548562757726e-02,1.078660812634108825e-02,1.562816877356876244e-02,1.838005663046402005e-02,3.719628305353318148e-02,2.021512604434103424e-02,6.335744407963557479e-02,5.247978871416450475e-02,1.387964566488921608e-02,3.992941513787298669e-02,1.158975360300206758e-01,5.326357396511308129e-02,6.242493009681036875e-02,4.636243565740390260e-02,1.179581506044010027e-02,3.619257761104982540e-02
1.337828272047986156e-02,2.489176538012223550e-02,1.573133356875142455e-02,8.194756409514654047e-03,3.691494318856389234e-02,4.823053766133020281e-02,5.406362802471280371e-02,1.477575002021829127e-02,7.198825257355452589e-02,3.132084237237260649e-02,5.152254175260279068e-02,2.923615730433528140e-02,7.494372764428872125e-02,1.799311341184903906e-02,0.000000000000000000e+00,1.893752852771242792e-02,1.648660425731014734e-02,2.583008318593825459e-02,3.519902919887576975e-02,5.011655907596605786e-02,2.716325635216838147e-02,9.230926636533602625e-02,8.610729401699285246e-02,3.304623568428825126e-02,5.933019543357469922e-02,1.489816919720184374e-01,7.693305271957784353e-02,1.020085904655860937e-01,6.686975468591919991e-02,1.946470200350485652e-02,5.284730681629042082e-02,2.180393603152172219e-02,1.491090827617666363e-02,2.353303499371739785e-02,1.258853095407738536e-02,2.194112919384681379e-02,9.255224933812264757e-03,6.551383266269290503e-03,2.253402439878640987e-02,1.317329444398198691e-02,1.432408006174451520e-02,1.151999071637862387e-02,1.844629822129749408e-02,5.900690177369240057e-03,6.195481587259603004e-03,1.934984829383142035e-02,3.093136536651510185e-02,2.819186257133132409e-02,9.951106682542554954e-03,3.612311011288515950e-02,5.601049330218327987e-02,5.024904520348295184e-02,1.687393066595988325e-02,7.589819712494345894e-02,3.709185140124314495e-02,5.206503033137607067e-02,3.252119324893665286e-02,7.354471093699133100e-02,2.522124487870214954e-02,3.109782674003712735e-02,1.908573521227338587e-02,1.601561599572735861e-02,2.430485615272484634e-02,2.918263807659682643e-02,5.555380770695762804e-02,3.105733370608117910e-02,9.464092807504569105e-02,8.496230919824024341e-02,2.234478704832152177e-02,6.160184115224007217e-02,1.787957511758254403e-01,8.297188418444054192e-02,9.863330063154501781e-02,7.111683046783504047e-02,1.792270033276777488e-02,5.580299887550006083e-02
8.832262307582180658e-03,1.726403815670418673e-02,1.022633235139029824e-02,5.255650183172771821e-03,2.597786463231060994e-02,3.410767590784929970e-02,3.818503650869566057e-02,1.056747749415456149e-02,5.246338676736177903e-02,2.145280192022198246e-02,3.712184223087842960e-02,1.992091470503096901e-02,5.301742215824956778e-02,1.187849498860444643e-02,1.893752852771242792e-02,0.000000000000000000e+00,1.208143289905303126e-02,1.827600025367118880e-02,2.560735708801749680e-02,3.557405110604917181e-02,1.914930406562969159e-02,6.692039896496906892e-02,6.138605367084019881e-02,2.320001705339750503e-02,4.165510320074627265e-02,1.053710017114105196e-01,5.382754951709958074e-02,7.106706779145204045e-02,4.612633255146576794e-02,1.366415161502249238e-02,3.640949560401498392e-02,1.537811008952794795e-02,1.068322557318873885e-02,1.616990260957209755e-02,8.581537337725080733e-03,1.473209592138865348e-02,6.318196492241180857e-03,4.348906210922136133e-03,1.617781419822618763e-02,9.184106180009645251e-03,9.339717995639738174e-03,7.840894396896749136e-03,1.283037731150053415e-02,4.116984529847089562e-03,4.435152984141009502e-03,1.382472608649113269e-02,2.206096700421891071e-02,1.861800793502668347e-02,6.464262524969295598e-03,2.530847391914279459e-02,4.051706881768891294e-02,3.441268008788312543e-02,1.191931759118156076e-02,5.483904587571997169e-02,2.614878429979142216e-02,3.610918815541181576e-02,2.113721662509833454e-02,5.192565984670814705e-02,1.735732696601037517e-02,2.255459463571535261e-02,1.313155861531743220e-02,1.164140028192754521e-02,1.736449542099834445e-02,2.006929589539024547e-02,4.046275492495209763e-02,2.192527319554150173e-02,6.859780754073775688e-02,5.849189691543442426e-02,1.513620131042626299e-02,4.331631031351033251e-02,1.256273289475689781e-01,5.866360710886243945e-02,6.874556694885708419e-02,5.054319387114498963e-02,1.261964105382140829e-02,3.922613893254854600e-02
8.086295729614376149e-03,1.570931698825552003e-02,9.435507919180971884e-03,4.870889885931730529e-03,2.352905027976079713e-02,3.035066052480059340e-02,3.444136854197453468e-02,9.375775213378709921e-03,4.675185352031741709e-02,1.938034302398599501e-02,3.384401067292191340e-02,1.807822166063540598e-02,4.712911710723369230e-02,1.103233425926307930e-02,1.648660425731014734e-02,1.208143289905303126e-02,0.000000000000000000e+00,1.610247885745527685e-02,2.318701668558967310e-02,3.202896893944167517e-02,1.721800497098605401e-02,5.895440213358062870e-02,5.395095493868971859e-02,2.062176700420110739e-02,3.725478600963967601e-02,9.319847240275282163e-02,4.825118795515478953e-02,6.370216868105035846e-02,4.071391000544707928e-02,1.256639194781961587e-02,3.245835535828797691e-02,1.362048443555824440e-02,9.500495543333598025e-03,1.441636622144205383e-02,7.792936719531263004e-03,1.384320596111304237e-02,5.864224905445592981e-03,3.855744302856750887e-03,1.435842498313671944e-02,8.292687241101168519e-03,8.401829872717710146e-03,7.216748397951083804e-03,1.183747395542269695e-02,3.808022931161049191e-03,3.962523253361837500e-03,1.252720090519581636e-02,1.986849667596022467e-02,1.713419872142097136e-02,6.036434469496219056e-03,2.302828734051757392e-02,3.579478885097639451e-02,3.137202872494697370e-02,1.060349264719443602e-02,4.860479934438045185e-02,2.411188879675298796e-02,3.210275960724383315e-02,1.946892749655320179e-02,4.600929816165479774e-02,1.578296832996049781e-02,1.969595185425543349e-02,1.170105343691399923e-02,1.054236989283387736e-02,1.514742420227094613e-02,1.818025333892004519e-02,3.637879808995581749e-02,1.975735904232183912e-02,6.053241430795244099e-02,5.124734540897894070e-02,1.346479280656845585e-02,3.892501752477058735e-02,1.105947931937475842e-01,5.250812137227959392e-02,6.127027518943537615e-02,4.500069844468952696e-02,1.145618911526082029e-02,3.526550244742505946e-02
1.177178829851014547e-02,2.326608403365037353e-02,1.383098630187180531e-02,7.203926978125350933e-03,3.562052926915072054e-02,4.689249651744733377e-02,5.209602894365426146e-02,1.425601747786544270e-02,7.092814684379100676e-02,2.909082597799361042e-02,5.064800628002030097e-02,2.704868535432684157e-02,7.200070298778471489e-02,1.604108918290534508e-02,2.583008318593825459e-02,1.827600025367118880e-02,1.610247885745527685e-02,0.000000000000000000e+00,3.483398934591274559e-02,4.810746014833123391e-02,2.581758365742959846e-02,9.205780933930533816e-02,8.271450422285475668e-02,3.103535164860393020e-02,5.700828937788210427e-02,1.431848814210575638e-01,7.302320207956891629e-02,9.664339542389296933e-02,6.341513812689057727e-02,1.842831453235806854e-02,5.030462394927070341e-02,2.101874753052526690e-02,1.451456956031970877e-02,2.177035706698511250e-02,1.157724335812862840e-02,1.955330276012120366e-02,8.613151417562423320e-03,6.157633878905967133e-03,2.191699615860354458e-02,1.253745592312374528e-02,1.249045175244271194e-02,1.046898422836917315e-02,1.695441042211694865e-02,5.460586694792900209e-03,6.103022779112797329e-03,1.833690970094653538e-02,2.953665878872126227e-02,2.573425086087185315e-02,8.861242174976250580e-03,3.439671588636372679e-02,5.504276838662026938e-02,4.686450140265727149e-02,1.596333227780303080e-02,7.448516534297419667e-02,3.543788523924999712e-02,4.937936872597757654e-02,2.867321653312836921e-02,7.108764359210499595e-02,2.338836209439707978e-02,3.025673093993623206e-02,1.803177480629490972e-02,1.565153275551981610e-02,2.408030005201602236e-02,2.714415243685943877e-02,5.431357888432057635e-02,2.949322510895361488e-02,9.237871791318774672e-02,7.954601084690936241e-02,2.027000224978358148e-02,5.890032381124174488e-02,1.707894644171092657e-01,7.978863393878715682e-02,9.374818772794704658e-02,6.909646029256701072e-02,1.717149661146562603e-02,5.304641577243704442e-02
1.742970389826585531e-02,3.380849726612360218e-02,2.062345612977657325e-02,1.087419406405888515e-02,5.062614715977475227e-02,6.512055340454728225e-02,7.430126753085225522e-02,1.996425701695712235e-02,9.913230707482048598e-02,4.227541524206904211e-02,7.171768680392176520e-02,3.949066973078881049e-02,1.013829523950082606e-01,2.436444665363762113e-02,3.519902919887576975e-02,2.560735708801749680e-02,2.318701668558967310e-02,3.483398934591274559e-02,0.000000000000000000e+00,6.859543224992070698e-02,3.665477066867799116e-02,1.256231366623974388e-01,1.157989171650257859e-01,4.430440154084086535e-02,7.990306599739901983e-02,2.007070702503207238e-01,1.043176066777831146e-01,1.364640863542688765e-01,8.908503151449263802e-02,2.698981841817688770e-02,7.082531580893264289e-02,2.891444802783202372e-02,2.038514839706883144e-02,3.131509629581653853e-02,1.686626573668864593e-02,2.996634650613155121e-02,1.270505124963261165e-02,8.359078673038112042e-03,3.058786307348439204e-02,1.780124063315901076e-02,1.857405024496318682e-02,1.569062084940846258e-02,2.553888464345153639e-02,8.196119587924686339e-03,8.417074458466074216e-03,2.663809553298099320e-02,4.241095642250690412e-02,3.740948357935137275e-02,1.316558373133111179e-02,4.892406896332665567e-02,7.752137835353009598e-02,6.741261627891864672e-02,2.273416555648135814e-02,1.043000051526792454e-01,5.082973379879675985e-02,6.928184150442197320e-02,4.263418943953373869e-02,9.928740118935783232e-02,3.440460707034052185e-02,4.235216109928492678e-02,2.509583226378138410e-02,2.217124498457260368e-02,3.247538337335979103e-02,3.954613103671286711e-02,7.735855264676375076e-02,4.220426292411417341e-02,1.291443803133539570e-01,1.112571612715133190e-01,2.937674838125970203e-02,8.275180743778877412e-02,2.381570937009335753e-01,1.136224995719017639e-01,1.328425240353607317e-01,9.666543713879080513e-02,2.466483707444470583e-02,7.577649127135478724e-02
2.370809539098139157e-02,4.561981471564067331e-02,2.729309091120526304e-02,1.426409896735636798e-02,6.902456729052522388e-02,8.959428999435002650e-02,1.015938112031121582e-01,2.819851043259128179e-02,1.388491024374161886e-01,5.675314881353091256e-02,9.889285186614667211e-02,5.359079054581017409e-02,1.388975544683836993e-01,3.179201720114989416e-02,5.011655907596605786e-02,3.557405110604917181e-02,3.202896893944167517e-02,4.810746014833123391e-02,6.859543224992070698e-02,0.000000000000000000e+00,5.068498376825665563e-02,1.749645892261548208e-01,1.620573339916628053e-01,6.166110458277254680e-02,1.092512230006222884e-01,2.796936886380911313e-01,1.408923345142930050e-01,1.875848582996181291e-01,1.204844259965356934e-01,3.620927723368142642e-02,9.732541012281938075e-02,4.097217589676039468e-02,2.817045992425754042e-02,4.326737805689732930e-02,2.307169727860731642e-02,3.942804246006014618e-02,1.701476698159914633e-02,1.159130633048393970e-02,4.310370863678587849e-02,2.411926676634739211e-02,2.445619106423767286e-02,2.082888277142726577e-02,3.398346602956239804e-02,1.095474893627154146e-02,1.186174675719274367e-02,3.711680599041452394e-02,5.831894772195409665e-02,5.001144211839624737e-02,1.730310301282669480e-02,6.763097494203915150e-02,1.069741802565384869e-01,9.165438206272151500e-02,3.172787209128627439e-02,1.452012370571872935e-01,6.937382528564856043e-02,9.527689698285150832e-02,5.658601019819925471e-02,1.363547537464396275e-01,4.603897007324511681e-02,5.904274233444987280e-02,3.444150781671435207e-02,3.088581428828307204e-02,4.552438543644313218e-02,5.315781176922063089e-02,1.057938702382585083e-01,5.775817244451601773e-02,1.796547080832175680e-01,1.546714663206554818e-01,4.048501139797585496e-02,1.150412062843955141e-01,3.323564326227737564e-01,1.544725738317064556e-01,1.808450626190757637e-01,1.333675138820423767e-01,3.368053974815382601e-02,1.042066381256801233e-01
1.346356839037590389e-02,2.504660328201132463e-02,1.513071697849867683e-02,7.848659772564188855e-03,3.797063117697282997e-02,4.901080053142178178e-02,5.514267978656717251e-02,1.537100384794450048e-02,7.339585280167458536e-02,3.136703338965726728e-02,5.349846349989709898e-02,3.021343977523325772e-02,7.599144731079285342e-02,1.776852061492627949e-02,2.716325635216838147e-02,1.914930406562969159e-02,1.721800497098605401e-02,2.581758365742959846e-02,3.665477066867799116e-02,5.068498376825665563e-02,0.000000000000000000e+00,9.403250923779771231e-02,8.830500950869231425e-02,3.442434024416697602e-02,5.952094653915200595e-02,1.529890500821732280e-01,7.723946429286261683e-02,1.023545950751464928e-01,6.589645267002222639e-02,1.998453069714898125e-02,5.274656716617925900e-02,2.197538783338460339e-02,1.501337599486974803e-02,2.307221660520720335e-02,1.233456511096212189e-02,2.178280051019977279e-02,9.213097655588229490e-03,6.207170486914366167e-03,2.310598996172599437e-02,1.301391484002645954e-02,1.335826447381127137e-02,1.139455325634538586e-02,1.880390739563571681e-02,5.997349632116734733e-03,6.248274325397662650e-03,2.070660720712400732e-02,3.211575599611984216e-02,2.796406550817736800e-02,9.632337595652153833e-03,3.678106718703804540e-02,5.680441566451938790e-02,4.954421369477680220e-02,1.740147919646002628e-02,7.771920935684234477e-02,3.784263350987011193e-02,5.194585919107295308e-02,3.229577633274163112e-02,7.313094669378279733e-02,2.535531306784723909e-02,3.255279893299878324e-02,1.905293024844824379e-02,1.688173521352444306e-02,2.451132265069940613e-02,2.907678916246590056e-02,5.778279864936929078e-02,3.249579920928243049e-02,9.731833410179874244e-02,8.549659100431884762e-02,2.242140556082997463e-02,6.244545704387844537e-02,1.824402581306759086e-01,8.406076309763489685e-02,9.884391068509264244e-02,7.164967287521857575e-02,1.841794220710507926e-02,5.658180824912639739e-02
