0.000000000000000000e+00,8.961997904947545043e-03,8.206030058662621210e-03,3.450900849052467023e-03,1.547972025869129298e-02,2.477197806063330399e-02,2.446630400856844231e-02,5.563847674354088432e-03,3.045075564756984099e-02,1.569958478699410437e-02,1.930740956311778611e-02,1.169763850935047825e-02,3.239366013216566503e-02,9.020739063100999960e-03,1.123127967443606802e-02,7.067340443892559075e-03,7.148254885036699896e-03,1.562647086381566477e-02,1.126837504370704034e-02,2.118698657733587842e-02,9.451407911861079911e-03,3.940027483330820618e-02,3.209640053014826966e-02,1.169791347969465108e-02,2.796979260748516313e-02,5.804875920110874610e-02,3.267287347370952805e-02,4.593664239496932783e-02,3.531270209103271746e-02,6.595948326229514672e-03,2.753195358670649379e-02,1.132241636108629983e-02,6.833455989584972558e-03,1.133218881138740169e-02,6.746930244884027927e-03,1.124437373221501800e-02,3.968749974438428099e-03,3.768159976317997026e-03,1.075161948740191963e-02,5.944033490240206545e-03,9.336497385219492615e-03,6.712485170806382732e-03,7.109276929089412486e-03,2.453057289241698108e-03,2.698369032059933642e-03,5.439470412516482847e-03,1.096729679087905633e-02,1.072371044601379969e-02,4.426411639172322596e-03,1.489049458813623480e-02,2.287553835229943003e-02,2.462844746460089718e-02,5.001411534304992489e-03,2.988807747172158441e-02,1.748812408566347704e-02,2.379576209478492799e-02,1.830622375027044640e-02,3.669056766121800428e-02,1.016704945391945850e-02,1.220722870366835675e-02,9.846017236465200162e-03,5.608184554842426776e-03,1.218518316527386451e-02,1.260836165202180829e-02,2.321036859193360141e-02,1.174208309619853736e-02,4.311057925924650230e-02,3.751907032688621413e-02,1.153997222891032723e-02,2.571373958501192714e-02,8.023274082258298467e-02,3.306619861170819602e-02,4.764257691651245519e-02,3.132520012589657538e-02,7.488467991117776779e-03,2.573179019682503288e-02
8.961997904947545043e-03,0.000000000000000000e+00,1.656376721184093376e-02,7.309559991888956582e-03,3.205482909435839606e-02,5.072018076260285946e-02,5.080172908994204373e-02,1.138137196985616537e-02,6.318470928826575017e-02,3.303782111448112097e-02,3.992517504173476867e-02,2.400550610683782268e-02,6.733825969302394132e-02,1.864872229566812145e-02,2.145989149520154821e-02,1.489147716083771486e-02,1.525190488629275982e-02,3.269014071624968404e-02,2.270798666981911629e-02,4.424564956741719457e-02,1.869015474165182725e-02,8.087836120258537487e-02,6.405298378688498162e-02,2.320754427318618557e-02,5.737799633910115049e-02,1.162534728103975651e-01,6.585116245898575693e-02,9.544767336466011831e-02,7.409427882699627654e-02,1.387480107952070510e-02,5.701953517675432265e-02,2.346716351602691139e-02,1.466619715066662041e-02,2.336629086531917185e-02,1.398012134108200452e-02,2.384920736152712148e-02,8.632174923167701408e-03,7.691291209828910597e-03,2.203389603062539531e-02,1.220702074925360606e-02,1.938752609400680102e-02,1.397298022953392428e-02,1.544011079177192228e-02,5.496514355431617385e-03,5.465239091704573830e-03,1.040504291706092349e-02,2.253745717685561728e-02,2.137622901841249035e-02,9.185982698002265884e-03,3.008834443584101209e-02,4.782246359473622810e-02,5.148118353909016121e-02,1.031427905266328257e-02,6.154540262744342960e-02,3.764309602821640233e-02,4.866926872894285216e-02,3.676975356600598738e-02,7.621845891356196501e-02,2.172520799365752764e-02,2.429593169539348563e-02,2.047234522399772258e-02,1.203318362649893544e-02,2.538248537977239039e-02,2.590670474072486254e-02,4.967935529745690776e-02,2.358849266291949964e-02,9.077851695773746232e-02,7.536385370329438949e-02,2.297237942236771482e-02,5.374886389150537042e-02,1.621527088205653444e-01,6.822121543487652540e-02,9.839380637216661729e-02,6.590035761841486761e-02,1.546783357112047411e-02,5.350226850396939265e-02
8.206030058662621210e-03,1.656376721184093376e-02,0.000000000000000000e+00,6.432541275811085729e-03,2.848882791999001948e-02,4.495652291830435493e-02,4.466512839456300565e-02,9.708206453144884937e-03,5.546888218039971313e-02,2.876467391922280653e-02,3.501850638731160426e-02,2.116046931398318093e-02,5.925504243851217184e-02,1.653133484703094361e-02,1.872791457956607050e-02,1.299827278262570551e-02,1.322841803010758356e-02,2.822654273538620362e-02,2.041145075654264909e-02,3.914915918696706271e-02,1.657872329347062981e-02,7.077882545310278106e-02,5.653533345724867654e-02,2.030056983580589072e-02,5.056884158756992653e-02,1.026262907349977660e-01,5.894022801078732665e-02,8.345111394516470382e-02,6.542504587022004992e-02,1.241651711809401738e-02,4.980646988268242620e-02,1.985110824986398292e-02,1.251529109008494428e-02,2.045567260526088768e-02,1.220369245208166933e-02,2.079543397693300530e-02,7.435481902586097737e-03,6.589818558775644569e-03,1.877771449366971018e-02,1.068763209575686150e-02,1.698749708991632509e-02,1.210821790519811710e-02,1.358653860560587144e-02,4.798197645978549870e-03,4.742240897978319304e-03,9.810008462332393125e-03,1.996737967019148255e-02,1.956287316838784332e-02,8.200044154358997889e-03,2.673636912489675901e-02,4.201484070292992035e-02,4.518191857779314119e-02,9.093707989909020559e-03,5.377625505388275440e-02,3.257964238716773431e-02,4.277146763053701201e-02,3.226808637208203323e-02,6.591715648459528509e-02,1.914597303479688081e-02,2.189474753487169814e-02,1.792540996545767193e-02,1.046773518256139020e-02,2.203324224720649982e-02,2.302904910025026577e-02,4.378217566289797913e-02,2.105135064629143696e-02,7.878630011136250610e-02,6.672917066034153577e-02,2.039052138654123478e-02,4.700832720778940627e-02,1.432537766368967569e-01,6.053158853190816757e-02,8.590619693348686137e-02,5.817083280709445248e-02,1.370379669548736287e-02,4.668897851246516656e-02
3.450900849052467023e-03,7.309559991888956582e-03,6.432541275811085729e-03,0.000000000000000000e+00,1.271731408620817988e-02,2.002603346639059839e-02,1.994890964580851508e-02,4.535843260415380572e-03,2.515042135756928587e-02,1.298485502350437380e-02,1.596819062994046107e-02,9.427571017057885527e-03,2.675574113629476322e-02,7.421783730560620185e-03,8.379423957373356366e-03,5.784187072558922942e-03,6.097653292498921539e-03,1.301627991304483110e-02,8.868353031043742923e-03,1.725494623987920695e-02,7.206904724267161957e-03,3.166382541256895083e-02,2.519867469614895869e-02,8.960467175815424457e-03,2.264125851182374055e-02,4.564894557933620034e-02,2.601792044378001614e-02,3.778355794287047154e-02,2.882314189246798150e-02,5.385808043141869159e-03,2.249864027771021624e-02,9.344198419607268810e-03,5.896673086108377218e-03,9.376513405422112063e-03,5.654022627014469726e-03,9.281294029522031350e-03,3.306575132776213601e-03,3.077043906961676994e-03,8.775682371911812038e-03,4.980610517553988280e-03,7.853128854352214860e-03,5.627001249799455825e-03,6.002423258063408103e-03,2.161759304077390080e-03,2.159641653477788713e-03,4.214935323649532037e-03,8.854698491223438050e-03,8.508191756561912095e-03,3.692214648992114476e-03,1.191614681398679883e-02,1.909635506259373117e-02,2.043392173692064329e-02,4.040697883665491687e-03,2.450444822381606796e-02,1.495871236732356988e-02,1.938488480705622199e-02,1.454514676111946965e-02,3.046631232530699895e-02,8.493595788020317019e-03,9.568649013588130872e-03,8.099690974685035474e-03,4.720853339483352569e-03,1.007636309089425010e-02,1.043170755810721682e-02,1.966054383429771679e-02,9.378682648799268814e-03,3.592716593859390101e-02,2.996759172732799126e-02,9.079935950832826452e-03,2.115553961515391143e-02,6.444548176058004230e-02,2.677469168318459200e-02,3.885779123977987221e-02,2.580230794292893981e-02,6.096590818150566214e-03,2.125573584781875053e-02
1.547972025869129298e-02,3.205482909435839606e-02,2.848882791999001948e-02,1.271731408620817988e-02,0.000000000000000000e+00,8.637048926449850117e-02,8.676867692525616627e-02,1.926567295233810179e-02,1.074436775952983397e-01,5.704860677509721728e-02,6.885668047778459311e-02,4.162478893037322575e-02,1.160609571595227207e-01,3.265927641383233743e-02,3.574116382521038554e-02,2.520142762124825617e-02,2.625186321784726134e-02,5.524795491224710614e-02,3.852003564911091194e-02,7.577165863754349584e-02,3.240384115763772499e-02,1.363262800692912613e-01,1.085352204381656582e-01,3.929154143343451672e-02,9.754818183940865139e-02,1.961697267573685177e-01,1.130896850296986278e-01,1.634676738793162665e-01,1.248189138871223791e-01,2.388436480226269198e-02,9.713497313185191773e-02,4.003460966393608544e-02,2.520740660234963015e-02,4.087148876499085981e-02,2.436492608195313381e-02,4.130301122495105837e-02,1.498126861708932306e-02,1.337464961052485003e-02,3.771965549595174966e-02,2.150897625096020657e-02,3.413584120491113677e-02,2.419009816084596171e-02,2.648485443546591198e-02,9.445257670493308749e-03,9.251754221492500610e-03,1.895497430424140234e-02,3.834368400147771666e-02,3.718357421144719704e-02,1.612762372985845558e-02,5.215706098891780690e-02,8.250757061973922057e-02,8.873319626383323333e-02,1.763265350869020615e-02,1.050805518391463300e-01,6.570825108506948842e-02,8.319393520072995707e-02,6.352911358282128940e-02,1.308222341785064968e-01,3.679953101025160156e-02,4.094292274110333807e-02,3.549806850168867739e-02,2.053197757207249688e-02,4.325420033500212286e-02,4.427297607274143648e-02,8.415506330471889118e-02,4.080352956265032721e-02,1.530786095163511329e-01,1.282039741343769801e-01,3.959601692129221390e-02,9.159851813361491457e-02,2.781475331017823072e-01,1.151881885139721534e-01,1.679178700335978713e-01,1.120399944851393215e-01,2.642644899158390348e-02,9.156298575218528579e-02
2.477197806063330399e-02,5.072018076260285946e-02,4.495652291830435493e-02,2.002603346639059839e-02,8.637048926449850117e-02,0.000000000000000000e+00,1.360706392664712272e-01,2.916871943308169471e-02,1.692970318167814625e-01,8.775415060144510504e-02,1.056008766785488662e-01,6.395524680509802329e-02,1.813363036317077182e-01,5.060756279067610969e-02,5.576410180348413681e-02,4.016376681494333856e-02,4.044756677263572353e-02,8.656841444986648759e-02,6.111686938207319675e-02,1.187766673957804248e-01,4.998303933668482579e-02,2.146397093708055648e-01,1.703965112742137911e-01,6.134079914665711147e-02,1.553124164973707089e-01,3.119223390065675727e-01,1.790625143757469950e-01,2.547495863523583925e-01,1.977024482979095610e-01,3.793232755139512580e-02,1.508075754052435324e-01,6.082141944882527018e-02,3.829258373971647367e-02,6.182233217418339061e-02,3.711661127822729611e-02,6.393426219150971646e-02,2.282614816619697035e-02,1.980322602531891726e-02,5.725348749443120999e-02,3.267134304330134020e-02,5.146832892324024883e-02,3.686102415267074328e-02,4.177471013795782534e-02,1.481460918502549955e-02,1.418714937641283452e-02,2.985643323113234063e-02,6.098874236724106945e-02,5.989377491936843934e-02,2.516140999681645840e-02,8.170253087025207417e-02,1.283765233797294347e-01,1.380984047678828486e-01,2.753762097810232706e-02,1.639728327689286835e-01,9.914699667179065201e-02,1.290016162245423703e-01,9.723697679935662530e-02,2.012178414093094558e-01,5.843133915935441042e-02,6.566502111004351994e-02,5.471383506091418575e-02,3.238279157491688598e-02,6.710944714900454744e-02,6.953716553284799984e-02,1.326483313231137662e-01,6.426950379117876699e-02,2.382051411065482516e-01,2.022615325755400262e-01,6.137365369915364494e-02,1.441430992102867015e-01,4.331725283603832799e-01,1.844242979316691178e-01,2.616382446808744877e-01,1.764737599359920417e-01,4.143342525316062730e-02,1.422239094498810585e-01
2.446630400856844231e-02,5.080172908994204373e-02,4.466512839456300565e-02,1.994890964580851508e-02,8.676867692525616627e-02,1.360706392664712272e-01,0.000000000000000000e+00,3.004495520543013637e-02,1.698131791819172121e-01,8.969232186732108147e-02,1.074732722583426475e-01,6.537297315387639862e-02,1.823221214221185105e-01,5.105936537726340346e-02,5.601967211949630820e-02,4.008267799591128805e-02,4.138758717618409855e-02,8.719774409392286318e-02,6.048444970184253117e-02,1.187307390412538077e-01,5.091619143321423485e-02,2.145012268738150651e-01,1.698939371612103177e-01,6.182010370831875906e-02,1.550673175909459411e-01,3.103047069592518303e-01,1.776169152247644156e-01,2.564492880980297485e-01,1.967489608256355327e-01,3.749020500704319109e-02,1.518813374561691631e-01,6.288516418520839757e-02,3.915489908742102870e-02,6.288340934215154443e-02,3.797380707252423493e-02,6.493703506503120670e-02,2.345474366904187064e-02,2.036424800210865499e-02,5.944004906123898091e-02,3.307637921961237293e-02,5.274580232397957369e-02,3.790510372634126046e-02,4.184994838333299522e-02,1.494055311111464751e-02,1.435404768951141150e-02,2.965621259881574823e-02,6.064874245429616173e-02,5.864067387072535720e-02,2.528758457478712252e-02,8.168605263299431873e-02,1.293532654416722494e-01,1.394586115731578368e-01,2.755575160273802601e-02,1.652742250041788763e-01,1.020710816793609088e-01,1.299504177360406298e-01,9.980364912450941095e-02,2.048394544695179287e-01,5.824222506100402291e-02,6.450776205273403563e-02,5.565118301962659192e-02,3.257550852671452918e-02,6.783827605501649427e-02,6.980065646167131488e-02,1.321523771135812431e-01,6.474736532521482846e-02,2.397403044171929898e-01,2.013266175715341666e-01,6.171480079686439413e-02,1.442572180919579894e-01,4.354202037036036810e-01,1.822405729163981969e-01,2.640211573818986857e-01,1.762396444761926417e-01,4.145529665923064488e-02,1.434529381503639733e-01
5.563847674354088432e-03,1.138137196985616537e-02,9.708206453144884937e-03,4.535843260415380572e-03,1.926567295233810179e-02,2.916871943308169471e-02,3.004495520543013637e-02,0.000000000000000000e+00,3.667933046798418917e-02,1.968080148941481894e-02,2.339592166408377763e-02,1.471157393589411257e-02,4.020243130671062592e-02,1.125138546223950278e-02,1.230292191729323234e-02,8.791945462877993542e-03,8.713501254659491643e-03,1.884030093064543304e-02,1.327422194099169353e-02,2.565915394937783381e-02,1.126455591931580826e-02,4.655404936703847613e-02,3.700762930153496388e-02,1.385087120009869180e-02,3.388241001532536767e-02,6.950394807828458310e-02,3.897782825036428395e-02,5.644391392980264988e-02,4.274070060694062229e-02,8.181106221735009315e-03,3.305188855926695368e-02,1.322898260197922886e-02,8.545402186566176256e-03,1.375212770592629079e-02,8.227397831158882180e-03,1.399647740378921930e-02,5.143198838335793013e-03,4.410223623127883935e-03,1.249679333678209783e-02,7.284466665471963850e-03,1.146381753632167919e-02,8.208086379980545147e-03,9.191143815412231369e-03,3.314105521349555022e-03,3.100760384948466047e-03,6.397738192644778638e-03,1.330709278408011460e-02,1.298889608854725611e-02,5.695615258831153785e-03,1.799376836130964566e-02,2.805385327493307643e-02,3.078323685085576633e-02,6.153920224530431797e-03,3.577815473635709287e-02,2.221614352092746159e-02,2.889327848809460086e-02,2.223650081721213062e-02,4.509881586743716420e-02,1.283531162846313599e-02,1.413082227637987853e-02,1.211035146047500372e-02,7.078392631504437475e-03,1.485585822716313162e-02,1.541321216588278920e-02,2.857441502220711346e-02,1.422739152097536770e-02,5.206871523709838412e-02,4.434590675441671404e-02,1.336291461034484242e-02,3.170299148556315894e-02,9.537342068671345041e-02,4.006854061866344657e-02,5.801271624608717037e-02,3.816578805356352078e-02,9.007241526643087678e-03,3.165455979717480411e-02
3.045075564756984099e-02,6.318470928826575017e-02,5.546888218039971313e-02,2.515042135756928587e-02,1.074436775952983397e-01,1.692970318167814625e-01,1.698131791819172121e-01,3.667933046798418917e-02,0.000000000000000000e+00,1.099313255519096394e-01,1.315627265184703409e-01,7.998684296298773366e-02,2.261946936034610889e-01,6.299230648184059311e-02,6.885271316855326451e-02,4.985488089972153758e-02,5.056688399350271063e-02,1.075735172103762793e-01,7.602062566277908995e-02,1.483294698434833025e-01,6.212349346451043197e-02,2.665737887784703775e-01,2.118343174599268131e-01,7.602271793804375732e-02,1.928440980579480546e-01,3.875002461853613855e-01,2.230227144342614432e-01,3.180923144187277618e-01,2.465949637923103843e-01,4.714010221370824871e-02,1.876066591126799576e-01,7.552546193509973582e-02,4.809446132920089378e-02,7.709773572585360002e-02,4.635407012198863169e-02,7.983863779378969072e-02,2.869620238109821947e-02,2.485678375817041916e-02,7.130718313146514054e-02,4.079430472944229474e-02,6.424061607283705622e-02,4.594539574586108122e-02,5.223679397122209939e-02,1.854747021498514767e-02,1.774155946148117322e-02,3.636197184475232352e-02,7.573173573205987941e-02,7.446942629639566325e-02,3.138837647434287309e-02,1.016585702176724115e-01,1.599345689240112001e-01,1.723262443769373597e-01,3.429248742331742622e-02,2.041005319162375042e-01,1.245325964474922609e-01,1.611700602319663944e-01,1.215426775559326766e-01,2.513590404306719206e-01,7.306238031029893554e-02,8.119335817229506036e-02,6.835311162679941210e-02,4.053521243664958557e-02,8.359581616969509466e-02,8.708798115362466341e-02,1.656850195020168615e-01,7.962321288421925214e-02,2.973217014360918786e-01,2.512957635123914679e-01,7.592698846838952242e-02,1.794664139989075036e-01,5.383665185330281933e-01,2.297463136736141720e-01,3.270721984854138009e-01,2.198606729316592567e-01,5.209008915687474151e-02,1.772458727903597209e-01
1.569958478699410437e-02,3.303782111448112097e-02,2.876467391922280653e-02,1.298485502350437380e-02,5.704860677509721728e-02,8.775415060144510504e-02,8.969232186732108147e-02,1.968080148941481894e-02,1.099313255519096394e-01,0.000000000000000000e+00,6.998639642568847685e-02,4.252888872434475859e-02,1.190442991516350579e-01,3.351058005676890023e-02,3.600353673559332501e-02,2.593555353602622002e-02,2.681706865788550942e-02,5.680590159687140539e-02,3.903349965758629025e-02,7.736710732828505632e-02,3.337839357805431895e-02,1.394594126125407729e-01,1.098436324921325397e-01,3.968048168087662947e-02,1.012357706348774866e-01,2.019061237358811267e-01,1.146326649093461769e-01,1.675383145167127774e-01,1.281498524116587157e-01,2.462739779220621608e-02,9.857339157076282221e-02,4.015322829571368879e-02,2.566436688143713257e-02,4.063536298338363273e-02,2.449350900082661320e-02,4.296664010331185252e-02,1.546772390994286678e-02,1.323169283145285077e-02,3.811353429366996781e-02,2.162416376864638445e-02,3.429788439948298906e-02,2.449703858954394367e-02,2.767763603462242497e-02,9.748835480236212742e-03,9.406268184625022483e-03,1.897548223564772887e-02,3.928499759699711352e-02,3.772709046682967693e-02,1.646408157426134181e-02,5.364808318490615208e-02,8.289678058124291815e-02,9.141824521509762935e-02,1.799952909271997775e-02,1.064136566527394134e-01,6.767681220843005385e-02,8.458160305467150863e-02,6.528772179996648883e-02,1.334151925873647282e-01,3.844889621273437502e-02,4.172476929935075435e-02,3.629152292800737895e-02,2.130086716975807329e-02,4.461884530286497341e-02,4.519368523200278237e-02,8.638111553537096421e-02,4.226681659869183094e-02,1.567294031888376016e-01,1.297974652391991057e-01,3.993037670632772901e-02,9.394119187782883074e-02,2.841061086156057014e-01,1.174997977007815886e-01,1.736363643784694655e-01,1.145690534322577198e-01,2.761259146486787219e-02,9.418999821073952006e-02
1.930740956311778611e-02,3.992517504173476867e-02,3.501850638731160426e-02,1.596819062994046107e-02,6.885668047778459311e-02,1.056008766785488662e-01,1.074732722583426475e-01,2.339592166408377763e-02,1.315627265184703409e-01,6.998639642568847685e-02,0.000000000000000000e+00,5.142576506112313955e-02,1.428731262791306245e-01,4.021098839656437468e-02,4.379892875193744373e-02,3.104948004225827757e-02,3.184364050101630428e-02,6.753433201596213686e-02,4.782738654395984890e-02,9.282106583644531006e-02,4.022628448237932502e-02,1.675079007534253372e-01,1.330947668961074970e-01,4.812695559122875943e-02,1.204999047684851970e-01,2.433766716502832606e-01,1.394915118209641702e-01,2.019779184368796776e-01,1.543240326303166876e-01,2.994875979483989023e-02,1.185211108594149548e-01,4.811057938402618639e-02,3.045340122591348037e-02,4.914176584952051341e-02,2.939582223200029598e-02,5.083889810370274126e-02,1.831516423515306899e-02,1.588098874896025359e-02,4.520504867211646433e-02,2.600329611582240588e-02,4.106471166569448938e-02,2.915579185808550230e-02,3.313419918543916709e-02,1.170678174845012076e-02,1.122234269030836923e-02,2.325447525677898364e-02,4.740564565388359630e-02,4.630694012482785421e-02,1.999721107894482375e-02,6.452235843921826086e-02,1.005467687031847829e-01,1.096832379064931334e-01,2.188961212499849346e-02,1.284126601401159862e-01,7.974874114733293551e-02,1.027080191246317192e-01,7.804169043588825294e-02,1.600033759628090857e-01,4.606846880704328073e-02,5.044172090234046169e-02,4.337992955300858100e-02,2.521875595822242397e-02,5.309680950300018493e-02,5.488388445058953874e-02,1.032656794409550910e-01,5.094029148408658197e-02,1.873463079066439996e-01,1.579264290331804654e-01,4.784383598105224761e-02,1.129438266953100289e-01,3.406139344620183196e-01,1.426766604314921305e-01,2.080150146140317680e-01,1.377976420640608102e-01,3.304430939903318931e-02,1.125166070694440940e-01
1.169763850935047825e-02,2.400550610683782268e-02,2.116046931398318093e-02,9.427571017057885527e-03,4.162478893037322575e-02,6.395524680509802329e-02,6.537297315387639862e-02,1.471157393589411257e-02,7.998684296298773366e-02,4.252888872434475859e-02,5.142576506112313955e-02,0.000000000000000000e+00,8.709471491123568776e-02,2.463919892168384140e-02,2.708056333595906112e-02,1.895371627966495678e-02,1.941827428228537489e-02,4.137810256976092588e-02,2.857252189538821499e-02,5.603308029001640572e-02,2.498539407221137335e-02,1.012785800229973748e-01,8.167777790396579807e-02,2.952408691607412428e-02,7.327042888916850127e-02,1.486746320801521914e-01,8.363011990300181497e-02,1.222009899907181008e-01,9.319180000864012159e-02,1.760843716491774028e-02,7.238333481598735464e-02,2.978374433735846150e-02,1.893085067620422710e-02,3.047717802694301092e-02,1.824884948393152781e-02,3.112478179117059846e-02,1.120142620393226734e-02,9.817162344980366259e-03,2.806429501083733055e-02,1.646700466810505775e-02,2.566239693080976311e-02,1.831976431243701603e-02,1.971724545068807843e-02,7.054259223789882682e-03,6.731813958690571927e-03,1.397936270268984246e-02,2.850543223992595826e-02,2.761440828687168961e-02,1.195152068932663417e-02,3.891452790786710525e-02,6.071441162640772715e-02,6.702780904574874576e-02,1.326437392952852824e-02,7.840824584109686024e-02,4.903254551232256314e-02,6.216010178719176549e-02,4.846682733425432960e-02,9.864415312314707418e-02,2.763077314657232109e-02,3.035775231726740853e-02,2.646773619762269117e-02,1.530782144426172733e-02,3.231570161840338629e-02,3.320730541420411491e-02,6.204795395455463963e-02,3.118823789476512370e-02,1.139527094386766776e-01,9.629439643480090794e-02,2.956723597000844583e-02,6.800156507771044911e-02,2.085187895984388362e-01,8.517671056958645015e-02,1.269708633686697230e-01,8.261989929346361117e-02,1.981042898349522421e-02,6.948190178772718772e-02
3.239366013216566503e-02,6.733825969302394132e-02,5.925504243851217184e-02,2.675574113629476322e-02,1.160609571595227207e-01,1.813363036317077182e-01,1.823221214221185105e-01,4.020243130671062592e-02,2.261946936034610889e-01,1.190442991516350579e-01,1.428731262791306245e-01,8.709471491123568776e-02,0.000000000000000000e+00,6.819069030803767695e-02,7.526167463577593253e-02,5.369874629749554762e-02,5.479040234206276894e-02,1.165779871892139025e-01,8.075654766684919883e-02,1.586568422318559435e-01,6.751229190618954212e-02,2.872817929129868331e-01,2.272986996201122600e-01,8.235211601436490114e-02,2.075239188219069331e-01,4.152196138310739193e-01,2.372377549149812803e-01,3.419151401479970653e-01,2.633991274472545219e-01,5.007007712221032969e-02,2.025567866334302691e-01,8.364686304170701470e-02,5.224519666155651859e-02,8.351412649330511306e-02,5.045882715331243690e-02,8.698719644854029098e-02,3.132760709454760623e-02,2.728302995411566526e-02,7.904284693779341231e-02,4.432753421502933638e-02,6.994296551415236929e-02,5.021313369298096435e-02,5.594683741123902126e-02,1.987010761502111880e-02,1.929014614663902491e-02,3.882563914319624165e-02,8.071387637208951582e-02,7.857871968929473760e-02,3.355628283936483436e-02,1.094782480605376723e-01,1.708803583459634068e-01,1.862432720442653011e-01,3.659722820171273927e-02,2.204469153315263552e-01,1.357062200495117721e-01,1.742188904842424113e-01,1.328162481540675899e-01,2.727459918235429770e-01,7.795533503985752066e-02,8.672864561402056360e-02,7.436916934764804810e-02,4.348095661541687834e-02,9.080390936699382631e-02,9.313552199408224597e-02,1.763656616578869185e-01,8.578902648270220199e-02,3.207445636976613002e-01,2.696374610477564882e-01,8.237285489826658147e-02,1.932733295882181901e-01,5.818222770003924627e-01,2.432766630108212369e-01,3.536365887434039235e-01,2.344802110063205769e-01,5.561000279513374223e-02,1.919348716610466410e-01
9.020739063100999960e-03,1.864872229566812145e-02,1.653133484703094361e-02,7.421783730560620185e-03,3.265927641383233743e-02,5.060756279067610969e-02,5.105936537726340346e-02,1.125138546223950278e-02,6.299230648184059311e-02,3.351058005676890023e-02,4.021098839656437468e-02,2.463919892168384140e-02,6.819069030803767695e-02,0.000000000000000000e+00,2.095266135960360820e-02,1.469336784917465999e-02,1.535438248415425463e-02,3.268635896648477979e-02,2.246115320463524037e-02,4.369525630297504265e-02,1.893368351856928450e-02,7.963004822080675671e-02,6.276730160464460972e-02,2.308496291321159022e-02,5.735456802893437733e-02,1.149192433095390514e-01,6.578737385056825093e-02,9.602008896095022561e-02,7.331781643024770645e-02,1.400477052433974495e-02,5.668860198812412238e-02,2.344336715042097050e-02,1.476855863322421372e-02,2.364678098128854614e-02,1.432756064188557381e-02,2.420965794677146232e-02,8.743737798409752932e-03,7.663129648029669283e-03,2.199347927851205697e-02,1.233932116761520675e-02,1.973479901936128073e-02,1.426217555875099879e-02,1.567762877636173779e-02,5.626173914707916987e-03,5.350955332335137829e-03,1.093240860610635544e-02,2.256298504885052500e-02,2.152324553073816857e-02,9.603882919050824377e-03,3.051461163503130930e-02,4.810045796369993854e-02,5.231404943946574987e-02,1.028385936354583689e-02,6.179909525353047967e-02,3.852760710928132548e-02,4.871642105305312720e-02,3.764698324214529185e-02,7.677403452285420926e-02,2.177072761430768125e-02,2.426279769154552138e-02,2.092374745760882532e-02,1.209917548615510423e-02,2.556804438810421354e-02,2.590200633587642215e-02,4.924566049738550444e-02,2.405717531361903708e-02,8.986772811910068159e-02,7.455978514942923630e-02,2.311035447159387468e-02,5.386780806310898645e-02,1.628804184765055285e-01,6.735163525917381433e-02,9.872953692491671929e-02,6.522270608881391984e-02,1.547896282790115971e-02,5.375812257010036815e-02
1.123127967443606802e-02,2.145989149520154821e-02,1.872791457956607050e-02,8.379423957373356366e-03,3.574116382521038554e-02,5.576410180348413681e-02,5.601967211949630820e-02,1.230292191729323234e-02,6.885271316855326451e-02,3.600353673559332501e-02,4.379892875193744373e-02,2.708056333595906112e-02,7.526167463577593253e-02,2.095266135960360820e-02,0.000000000000000000e+00,1.672581426959517115e-02,1.633006501271282856e-02,3.497288375943688465e-02,2.571292111819074855e-02,4.808299588849784811e-02,2.159567111052562716e-02,8.808527842250145345e-02,7.233068007102254338e-02,2.669177727967200417e-02,6.402141352398588170e-02,1.327165621320299249e-01,7.538647480186361216e-02,1.058362754496361413e-01,8.115477690810408984e-02,1.560873694025138002e-02,6.211914158048011114e-02,2.478115051066126853e-02,1.574388806094371984e-02,2.584076477484110665e-02,1.534899435163367652e-02,2.582896044961327867e-02,9.204097037405869694e-03,8.199367590330176175e-03,2.366629599170075315e-02,1.357895907643452867e-02,2.116152472135812354e-02,1.528951660004013689e-02,1.674369283289124655e-02,5.921660441377664050e-03,5.961325101868346181e-03,1.244707117414637493e-02,2.525180177695041800e-02,2.519109808000458139e-02,1.058336550512409442e-02,3.386279862127348356e-02,5.168027070711476295e-02,5.649340599127913864e-02,1.179997238650604997e-02,6.723933056573115630e-02,4.001680504620898360e-02,5.425854996897531979e-02,4.161433199193801530e-02,8.258411702517962083e-02,2.378587219101346503e-02,2.761868904753869355e-02,2.248344769989295971e-02,1.304088228655485293e-02,2.738371090930025523e-02,2.923862852684242994e-02,5.303166974995186800e-02,2.718404208450917597e-02,9.685375647334887317e-02,8.499416470175208405e-02,2.545736375949922761e-02,5.952668205800179524e-02,1.802969962439281426e-01,7.626992953208101833e-02,1.075612330149208623e-01,7.181369224674546969e-02,1.672357313306673671e-02,5.836832109189478424e-02
7.067340443892559075e-03,1.489147716083771486e-02,1.299827278262570551e-02,5.784187072558922942e-03,2.520142762124825617e-02,4.016376681494333856e-02,4.008267799591128805e-02,8.791945462877993542e-03,4.985488089972153758e-02,2.593555353602622002e-02,3.104948004225827757e-02,1.895371627966495678e-02,5.369874629749554762e-02,1.469336784917465999e-02,1.672581426959517115e-02,0.000000000000000000e+00,1.187244283504933912e-02,2.540115832788980565e-02,1.778399717191957510e-02,3.458638317324500694e-02,1.459276817245500069e-02,6.322759417801261661e-02,5.041457907775532404e-02,1.810447840439820613e-02,4.531952460295042562e-02,9.220853951746028898e-02,5.235656495410485195e-02,7.534686292565614951e-02,5.817520158343870984e-02,1.079764659111660113e-02,4.448286101892425654e-02,1.852206641973531964e-02,1.157381766331290820e-02,1.833761165458561160e-02,1.121742140048296796e-02,1.872254687017905692e-02,6.813487070985235067e-03,5.990608162092205674e-03,1.742381856115078273e-02,9.838596861537266675e-03,1.539552900653758973e-02,1.105133077817626805e-02,1.216967560913279067e-02,4.411730552461211319e-03,4.285839966578009960e-03,8.314418044152742729e-03,1.788852279842998924e-02,1.696072762512720530e-02,7.333068289500152895e-03,2.387104671305264464e-02,3.790717139634888766e-02,4.080085277748167483e-02,8.140500993626122520e-03,4.880159853336621389e-02,2.933510476636588121e-02,3.841442920104918418e-02,2.879185087836406975e-02,5.989156154635456170e-02,1.694193980338331781e-02,1.923393865051623713e-02,1.618999102122033878e-02,9.435144278717076671e-03,1.992345799803627721e-02,2.044544887146628603e-02,3.898781419532004050e-02,1.854936980050975182e-02,7.120074401712758738e-02,5.976718590272094012e-02,1.810890684397908207e-02,4.258499628711871765e-02,1.280685434520111576e-01,5.385047775527532221e-02,7.750872273884851227e-02,5.177434496764713595e-02,1.211757108918956952e-02,4.229057331009582893e-02
7.148254885036699896e-03,1.525190488629275982e-02,1.322841803010758356e-02,6.097653292498921539e-03,2.625186321784726134e-02,4.044756677263572353e-02,4.138758717618409855e-02,8.713501254659491643e-03,5.056688399350271063e-02,2.681706865788550942e-02,3.184364050101630428e-02,1.941827428228537489e-02,5.479040234206276894e-02,1.535438248415425463e-02,1.633006501271282856e-02,1.187244283504933912e-02,0.000000000000000000e+00,2.579252567484641157e-02,1.776765680729094216e-02,3.548432567431997892e-02,1.527932830527283653e-02,6.378914909510724485e-02,4.988960884617459068e-02,1.842139269728101589e-02,4.647158347095181608e-02,9.220744945613211507e-02,5.287408614404237595e-02,7.667660633296231876e-02,5.873368884499105547e-02,1.124481886144983352e-02,4.512037952910977201e-02,1.830488856117135771e-02,1.167960608396821642e-02,1.868153532827975666e-02,1.122555302510224590e-02,1.972956137200114479e-02,7.120099608957037966e-03,6.013740591931789232e-03,1.737661157929432099e-02,9.850337307565855405e-03,1.579555281394431215e-02,1.136311752841645713e-02,1.269893182851576999e-02,4.538045161493794999e-03,4.290702965321337159e-03,8.847913799572481794e-03,1.810521106990461288e-02,1.743922019322373049e-02,7.662377572211416868e-03,2.443447508195122422e-02,3.822713553339732173e-02,4.209292537874843865e-02,8.126869648841100746e-03,4.875880598750926415e-02,3.087547010072704684e-02,3.844305236284693839e-02,2.972610149740167670e-02,6.111806345587410261e-02,1.758301924537521155e-02,1.920802013033827763e-02,1.662981090536773052e-02,9.769790238290856216e-03,2.024233491658754269e-02,2.060353049704431380e-02,3.951402258586077937e-02,1.949586127268067987e-02,7.132239688285818557e-02,5.946657478574869649e-02,1.854557784365604839e-02,4.324055202781334345e-02,1.294616751063252247e-01,5.402163055609527503e-02,7.888011415979759300e-02,5.238533395614911048e-02,1.240057975635211127e-02,4.305282774906607490e-02
1.562647086381566477e-02,3.269014071624968404e-02,2.822654273538620362e-02,1.301627991304483110e-02,5.524795491224710614e-02,8.656841444986648759e-02,8.719774409392286318e-02,1.884030093064543304e-02,1.075735172103762793e-01,5.680590159687140539e-02,6.753433201596213686e-02,4.137810256976092588e-02,1.165779871892139025e-01,3.268635896648477979e-02,3.497288375943688465e-02,2.540115832788980565e-02,2.579252567484641157e-02,0.000000000000000000e+00,3.818040355516430506e-02,7.553209017848867834e-02,3.228768728446113068e-02,1.357855205577620239e-01,1.071294640239528334e-01,3.952611251917721030e-02,9.897974993855354620e-02,1.983202617873101314e-01,1.136268301722710844e-01,1.629115053443800643e-01,1.254571718744081354e-01,2.397672544207004111e-02,9.593433817449430190e-02,3.859657905050632026e-02,2.453418592416827665e-02,3.912448493350943746e-02,2.371836590940698541e-02,4.138897069851453503e-02,1.487986474717174594e-02,1.253460850789611496e-02,3.651335455061024970e-02,2.072837931143739140e-02,3.300813915045271857e-02,2.394311778192715137e-02,2.673104712025531696e-02,9.564533465218866964e-03,8.890004381730685218e-03,1.854966031040246321e-02,3.865342824702423796e-02,3.785836806996708409e-02,1.620051909198748710e-02,5.184200606473668427e-02,8.103427340841463933e-02,8.861323522182691648e-02,1.738613317538658873e-02,1.035086324181233447e-01,6.427121192217999379e-02,8.204527616554976865e-02,6.320773882116434428e-02,1.292941857870248956e-01,3.726539240125374686e-02,4.113596394801970202e-02,3.498872423949812155e-02,2.089178920017289998e-02,4.295973375777992903e-02,4.419513821436705375e-02,8.406043326183401665e-02,4.118440236829653406e-02,1.512196607583575492e-01,1.274820062453284608e-01,3.894854713604866542e-02,9.208869453272604255e-02,2.747405345336310645e-01,1.160730851867961128e-01,1.667045090890258430e-01,1.115964210077148577e-01,2.607980063503323800e-02,9.131501799866030555e-02
1.126837504370704034e-02,2.270798666981911629e-02,2.041145075654264909e-02,8.868353031043742923e-03,3.852003564911091194e-02,6.111686938207319675e-02,6.048444970184253117e-02,1.327422194099169353e-02,7.602062566277908995e-02,3.903349965758629025e-02,4.782738654395984890e-02,2.857252189538821499e-02,8.075654766684919883e-02,2.246115320463524037e-02,2.571292111819074855e-02,1.778399717191957510e-02,1.776765680729094216e-02,3.818040355516430506e-02,0.000000000000000000e+00,5.336292816267505096e-02,2.248742146583828858e-02,9.687518904083072813e-02,7.793392337343173215e-02,2.738083794142122732e-02,6.919482202797823389e-02,1.408173937220414673e-01,8.136288671047557652e-02,1.141552588292674142e-01,8.972208529854809600e-02,1.732301389767035640e-02,6.748329872133183860e-02,2.645148238673189142e-02,1.693772554646828105e-02,2.757515482275315136e-02,1.636666965289167858e-02,2.805498440118767492e-02,9.942260311585605914e-03,8.957505081742388187e-03,2.491263165505990668e-02,1.446577123097254891e-02,2.271704326675129393e-02,1.605266777298348241e-02,1.845915795354603761e-02,6.454905721893478519e-03,6.556373921668843564e-03,1.317791108588073530e-02,2.746456395008976814e-02,2.715819850319937598e-02,1.133351128669420407e-02,3.618493884728576221e-02,5.697683957519177056e-02,6.092874016160588352e-02,1.260685664233813195e-02,7.343416888351322891e-02,4.382040713568409462e-02,5.886258784335990368e-02,4.377488446307410686e-02,8.949010371962895505e-02,2.623399315391957906e-02,2.982033150271369906e-02,2.431782537709349309e-02,1.422936650444840516e-02,3.005773933389802033e-02,3.199950849848046119e-02,5.933133618903729811e-02,2.874280530386864180e-02,1.068487248098905912e-01,9.151734924859526721e-02,2.760072492007491218e-02,6.405203067028690522e-02,1.945909223749401062e-01,8.389462842797337783e-02,1.174303788423857325e-01,7.919165574241203431e-02,1.875404225979657169e-02,6.311475804322080885e-02
2.118698657733587842e-02,4.424564956741719457e-02,3.914915918696706271e-02,1.725494623987920695e-02,7.577165863754349584e-02,1.187766673957804248e-01,1.187307390412538077e-01,2.565915394937783381e-02,1.483294698434833025e-01,7.736710732828505632e-02,9.282106583644531006e-02,5.603308029001640572e-02,1.586568422318559435e-01,4.369525630297504265e-02,4.808299588849784811e-02,3.458638317324500694e-02,3.548432567431997892e-02,7.553209017848867834e-02,5.336292816267505096e-02,0.000000000000000000e+00,4.352642439310759614e-02,1.867836381103571974e-01,1.481668424572467335e-01,5.308581542648448809e-02,1.342758315278986259e-01,2.696779074501308160e-01,1.546712370047803875e-01,2.235839302340873469e-01,1.727806529557656401e-01,3.322143436389143889e-02,1.319416684716711585e-01,5.358412308018154629e-02,3.349656411434387415e-02,5.408872165978973606e-02,3.264663659087893577e-02,5.581863454155960858e-02,2.019576424746265600e-02,1.741767221741640642e-02,4.997725393390121951e-02,2.851778061470397127e-02,4.539936356150183622e-02,3.232518860395214300e-02,3.683891764477211644e-02,1.302762924790131990e-02,1.248000218892728226e-02,2.550793732561000907e-02,5.324462808770684397e-02,5.127078964238550307e-02,2.193370264830193581e-02,7.121605574126237126e-02,1.123587105239683415e-01,1.209779484685366974e-01,2.410699564566719938e-02,1.429841641218527748e-01,8.834638193338152645e-02,1.128177553002896460e-01,8.476477059851106333e-02,1.766209632283720632e-01,5.087581858202942786e-02,5.623584624879717636e-02,4.777449746248926127e-02,2.813900305319800080e-02,5.861000643266660315e-02,6.044168614983145421e-02,1.162887319725512958e-01,5.514258524288539326e-02,2.093224092961888938e-01,1.758438763364914559e-01,5.343468252236327487e-02,1.253952812466920252e-01,3.776524972377053313e-01,1.596276118453965887e-01,2.292098775681301603e-01,1.544209418484626395e-01,3.678891944625716642e-02,1.249230734434750578e-01
9.451407911861079911e-03,1.869015474165182725e-02,1.657872329347062981e-02,7.206904724267161957e-03,3.240384115763772499e-02,4.998303933668482579e-02,5.091619143321423485e-02,1.126455591931580826e-02,6.212349346451043197e-02,3.337839357805431895e-02,4.022628448237932502e-02,2.498539407221137335e-02,6.751229190618954212e-02,1.893368351856928450e-02,2.159567111052562716e-02,1.459276817245500069e-02,1.527932830527283653e-02,3.228768728446113068e-02,2.248742146583828858e-02,4.352642439310759614e-02,0.000000000000000000e+00,7.958082433789183396e-02,6.413352051005016818e-02,2.387932039429967179e-02,5.735638887795863755e-02,1.172001589384451675e-01,6.607342070097835252e-02,9.515864657370452784e-02,7.216479889166661776e-02,1.368837367063787183e-02,5.629086552976230590e-02,2.321630622209682263e-02,1.479694269980864028e-02,2.361216353573070831e-02,1.412060946700537459e-02,2.369919433935830516e-02,8.475755571241088901e-03,7.824583571043972063e-03,2.211959552001390925e-02,1.236271199196912335e-02,1.962262266553268381e-02,1.409093777657802020e-02,1.515094643837317651e-02,5.446883554321194434e-03,5.425042384990424668e-03,1.107577666718078876e-02,2.233870868376130678e-02,2.129972322479252098e-02,9.374610425381218332e-03,3.025684743146814931e-02,4.732904878387225733e-02,5.162940611527912921e-02,1.036276604018367131e-02,6.079933113798247774e-02,3.788496601084904991e-02,4.866791196968067029e-02,3.837759215708814314e-02,7.646513712656793915e-02,2.106071468023372126e-02,2.435358240631299229e-02,2.071428367382352823e-02,1.166889635760075088e-02,2.524947925627572809e-02,2.553850660710739462e-02,4.809996862492755404e-02,2.438414860903750231e-02,8.868013880736703991e-02,7.546248030852842348e-02,2.355722871264811363e-02,5.310333327434718642e-02,1.639031080579645416e-01,6.653439825059412338e-02,9.844220034309955625e-02,6.455140663220756969e-02,1.524766300038510672e-02,5.329678597196568779e-02
