0.000000000000000000e+00,1.899959595619747643e-02,1.310852242722102684e-02,6.863531511589714140e-03,3.051775683908106163e-02,3.500554400259651977e-02,4.020097293591187032e-02,7.098293969152417483e-03,4.771405064201306168e-02,2.356035263813720942e-02,3.456786365351658535e-02,2.008169936751409007e-02,5.894405958174201571e-02,1.337712688018945217e-02,1.799938919697034734e-02,1.374211945228100140e-02,1.112819031103934493e-02,2.074764093883809876e-02,1.701235839140542716e-02,3.290404927899533150e-02,2.210888244843911554e-02,6.364487130894400102e-02,5.692500924049128525e-02,2.506007411473628113e-02,4.813568397896226397e-02,1.086036349139481716e-01,5.711470944520161824e-02,7.662411132376578671e-02,5.246701300184731381e-02,1.436655699627278904e-02,4.372900603078130194e-02,1.665972930048581144e-02,1.097861912156428491e-02,1.884371163872017307e-02,1.093048209089377693e-02,1.919644000704454415e-02,6.947515170314511219e-03,7.619825834143252943e-03,1.856424021429588234e-02,1.168872488945212756e-02,1.662644550894214202e-02,1.110025128761402136e-02,1.282065577455683905e-02,4.735291195104162840e-03,5.690785340018881394e-03,1.112475654185134631e-02,1.528924063808115644e-02,2.552012531801086531e-02,8.702884973721330270e-03,2.855845323867977140e-02,3.878886183405533261e-02,3.906755443998449762e-02,1.055072045421189854e-02,5.436395500041044798e-02,2.629905944872460918e-02,4.549918291417062027e-02,3.340659360382559895e-02,5.348522940090086331e-02,1.923963834776509785e-02,1.752593004009784378e-02,1.600535498514797650e-02,1.065115936469989734e-02,1.931296654515810701e-02,2.260381258484544034e-02,3.271764920370843349e-02,2.282798223409061161e-02,5.985707735284221537e-02,5.418676838088366116e-02,1.824032870142446722e-02,4.209402396954689540e-02,1.255911893876242580e-01,5.460593722821021484e-02,7.442048205804872862e-02,5.312204823412500915e-02,1.636379078455384856e-02,4.464537749997101596e-02
1.899959595619747643e-02,0.000000000000000000e+00,1.787153077317473610e-02,9.496766494425155566e-03,4.225715080694088244e-02,4.873156153070213464e-02,5.638943187670764079e-02,9.864148608378101035e-03,6.766792493740544923e-02,3.302578892997837245e-02,4.920154794384575675e-02,2.749741518034837587e-02,8.247739896361233614e-02,1.893679951727180594e-02,2.459514961668549451e-02,1.993149025501907493e-02,1.584844816052500410e-02,2.983005118660664312e-02,2.388636071863467839e-02,4.657359240041891724e-02,3.011210557243006875e-02,9.058915667195752142e-02,8.048413169480740648e-02,3.447941511144410331e-02,6.835519846077767192e-02,1.528410515476965048e-01,8.117069675971641529e-02,1.087448188083328243e-01,7.487758564190272192e-02,2.036569321852645456e-02,6.167720116512777351e-02,2.351075793592580579e-02,1.521447184604999073e-02,2.594732359479078390e-02,1.503337324132352978e-02,2.704148581352054659e-02,9.712733381623747664e-03,1.083722401067949322e-02,2.638435048026556429e-02,1.631627467775970466e-02,2.298343593100282689e-02,1.503840817432206510e-02,1.843242629182482301e-02,6.674425707619844987e-03,8.062845188990822032e-03,1.467250957033011324e-02,2.203061385120278978e-02,3.534014601319407367e-02,1.230986642959728920e-02,4.003586525477157571e-02,5.453699666780140870e-02,5.476182705488013419e-02,1.470298244205383263e-02,7.747945296022096251e-02,3.729667417867235657e-02,6.497440996132659852e-02,4.597649399499525308e-02,7.465310411438576266e-02,2.744674128795757118e-02,2.359990328820671390e-02,2.258977428267265261e-02,1.531545168267219210e-02,2.776123050117841606e-02,3.225143840218826913e-02,4.634916902665449367e-02,3.087563298414483862e-02,8.703920844037357774e-02,7.535099288805999218e-02,2.481486057253845176e-02,6.082562210143542536e-02,1.762787407311751098e-01,7.712306695630591347e-02,1.049450502266220941e-01,7.647086634366351277e-02,2.379890163800677319e-02,6.308263187901316793e-02
1.310852242722102684e-02,1.787153077317473610e-02,0.000000000000000000e+00,6.188951455407129369e-03,2.782024748546209694e-02,3.277791214991239432e-02,3.715954515472244535e-02,6.695638831740115433e-03,4.526906074462875434e-02,2.113721721290844069e-02,3.183325132604255397e-02,1.839666508874792522e-02,5.430810589548417527e-02,1.224977840980731418e-02,1.723796392389364759e-02,1.309716253792329518e-02,1.023339007050176608e-02,1.939777436827743243e-02,1.612561645025490861e-02,3.086148958625469646e-02,2.042780233957885300e-02,6.073772609765987207e-02,5.431552095666555835e-02,2.345400910588323756e-02,4.494615182006259785e-02,1.029049793579567412e-01,5.369217341630130175e-02,7.113588102282922265e-02,4.991915358305887285e-02,1.319888620738014946e-02,4.079018228361915022e-02,1.563023084363954554e-02,1.053602978323885282e-02,1.740496112473679385e-02,1.000609408783191892e-02,1.731783967538903443e-02,6.302160422187719040e-03,7.365541233728653374e-03,1.744120612059919112e-02,1.103371833583344751e-02,1.543949174389620121e-02,9.983358204556026100e-03,1.186426253999535094e-02,4.317506770297033225e-03,5.458254309975022270e-03,1.002490410925343037e-02,1.436811499029664284e-02,2.349030246693402726e-02,7.884915606952808478e-03,2.626019353591549713e-02,3.674338875454877251e-02,3.610348958768963556e-02,9.861368983556039261e-03,5.139203462552865975e-02,2.359654028429561748e-02,4.251040958708086209e-02,3.063298283589536639e-02,4.962832118744395227e-02,1.773528797146581293e-02,1.637290580484476732e-02,1.474087596579256795e-02,9.727344834607213817e-03,1.848803959466921790e-02,2.138191894458148917e-02,3.074173456244855274e-02,2.081473826747536407e-02,5.774386812807247998e-02,5.092062312815819058e-02,1.672319311871186751e-02,3.974342938441610684e-02,1.178325401909272319e-01,5.112479082988655860e-02,6.974784113094840976e-02,5.056072074254321091e-02,1.535400450374909027e-02,4.226275012595778757e-02
6.863531511589714140e-03,9.496766494425155566e-03,6.188951455407129369e-03,0.000000000000000000e+00,1.479460967038576449e-02,1.703251463259068677e-02,1.954653964322356982e-02,3.436115020432227093e-03,2.358599524086925706e-02,1.145604407587683289e-02,1.717669365904322953e-02,9.609542011392021438e-03,2.851816856281496476e-02,6.522983891796957021e-03,8.653702207184275907e-03,6.814662052464968110e-03,5.587269863999074285e-03,1.010995005978590489e-02,8.352222056960519059e-03,1.603841951633904958e-02,1.061787942661508374e-02,3.156134959391317107e-02,2.808045669786931806e-02,1.225198950296524543e-02,2.369926041611312290e-02,5.358300367191269620e-02,2.829556046026235339e-02,3.750873331449427334e-02,2.595797370641595922e-02,7.080338073833058847e-03,2.149760094839458027e-02,8.231551655979994428e-03,5.540780941561237322e-03,9.277586827331138486e-03,5.285926519311022823e-03,9.374734206746537443e-03,3.320860298570410714e-03,3.890423132796395466e-03,9.325210649212828037e-03,5.862932906831264113e-03,8.212876543685200190e-03,5.260994718358169564e-03,6.521867803308714455e-03,2.345381962725009636e-03,2.941418244493945386e-03,5.303228020585385935e-03,7.482570486113263378e-03,1.249777790665467132e-02,4.303697396296452676e-03,1.406326617521340937e-02,1.909488899573365261e-02,1.892076169019127341e-02,5.124128582618076543e-03,2.705849275080075833e-02,1.290149080302670052e-02,2.278923447262800814e-02,1.627528980705465755e-02,2.588477735741989347e-02,9.583589733016413190e-03,8.313739112657083860e-03,7.869283829565209415e-03,5.358100147851397113e-03,9.776070668174100670e-03,1.141181215500379140e-02,1.619300610234866364e-02,1.102962912372072030e-02,3.018247986651434456e-02,2.607809130867839650e-02,8.644993150987117028e-03,2.113541657532558987e-02,6.182641253632274736e-02,2.675802317616082782e-02,3.645573947815936022e-02,2.641809637497297830e-02,8.277258399395477639e-03,2.224933467085915204e-02
3.051775683908106163e-02,4.225715080694088244e-02,2.782024748546209694e-02,1.479460967038576449e-02,0.000000000000000000e+00,7.588017463114186956e-02,8.861943070443170645e-02,1.553328565503373990e-02,1.053605768738387072e-01,5.194127030067258871e-02,7.657041021643685996e-02,4.361235155850596429e-02,1.294053743111870936e-01,2.952983273256915009e-02,3.841696598425250325e-02,3.042533872974466369e-02,2.487588009527114119e-02,4.588746542559953706e-02,3.728957079955719928e-02,7.211933036816622900e-02,4.782349431139733958e-02,1.402003836853266405e-01,1.253131981987242183e-01,5.465317892374841474e-02,1.067956454237227459e-01,2.395833387142292104e-01,1.264777300574873586e-01,1.688064288137501867e-01,1.163319463253315311e-01,3.168791932704716208e-02,9.599772035477127652e-02,3.715287567518480577e-02,2.445196824483278006e-02,4.098026779513853218e-02,2.367590978532623652e-02,4.240388750242741339e-02,1.519069971577963543e-02,1.716037045922360824e-02,4.161019785237309726e-02,2.562163797530803144e-02,3.627198850800063268e-02,2.357781781445619437e-02,2.886824253023432402e-02,1.056531545308193876e-02,1.281659407537803948e-02,2.302558131068856845e-02,3.420739624115771982e-02,5.484338363996976023e-02,1.910675041418951475e-02,6.386951559049315608e-02,8.502324284361642559e-02,8.588257626192009886e-02,2.309278683178458622e-02,1.201970062647915866e-01,5.914537325275689983e-02,1.020132835710389485e-01,7.342686722644248265e-02,1.170150815550746459e-01,4.308823789599031118e-02,3.599131220026063893e-02,3.528167980520352520e-02,2.414298684654036381e-02,4.328468324005171203e-02,4.993311227245147282e-02,7.151364883977992526e-02,4.875268649497806195e-02,1.339728328655404310e-01,1.161240787594827184e-01,3.859947662043630712e-02,9.406279097204225947e-02,2.747425237401945330e-01,1.196845637740127921e-01,1.635859622364633503e-01,1.177984703286564377e-01,3.681038016664595069e-02,9.895532947087035125e-02
3.500554400259651977e-02,4.873156153070213464e-02,3.277791214991239432e-02,1.703251463259068677e-02,7.588017463114186956e-02,0.000000000000000000e+00,1.017017610267023225e-01,1.808539344659527981e-02,1.224632635990275109e-01,5.795179804298165871e-02,8.717216526922796915e-02,4.972668767189555861e-02,1.482110157741234613e-01,3.364222877595160477e-02,4.534649368862448543e-02,3.565522159906971134e-02,2.791864947140694150e-02,5.304326825921359956e-02,4.348772629042611110e-02,8.425402524959667294e-02,5.465930823971004715e-02,1.648841452348405734e-01,1.474665734844342879e-01,6.243635512648500890e-02,1.228240629493554670e-01,2.784400903111996506e-01,1.460199755654297549e-01,1.954715942226353531e-01,1.356437494000022614e-01,3.614213405568619808e-02,1.102586041712197013e-01,4.321733971916333350e-02,2.835286668902573318e-02,4.762872655648590220e-02,2.752206643926445942e-02,4.792427659346547991e-02,1.745706990724133975e-02,1.977803356830837994e-02,4.786832825742808051e-02,3.050199599522501401e-02,4.202743693135278097e-02,2.721433976532432186e-02,3.281379541239032999e-02,1.204076838711954853e-02,1.477888497692333818e-02,2.744173338793423622e-02,3.988199021833123414e-02,6.340269283593175098e-02,2.193786613600388208e-02,7.191996200391974348e-02,9.925475060350143208e-02,9.901144074108961246e-02,2.662974698356141215e-02,1.395898501124900604e-01,6.559075152050213020e-02,1.151758014256249879e-01,8.202383636023209690e-02,1.345805941756744450e-01,4.858216863503580368e-02,4.333223170110078737e-02,4.030673453164962394e-02,2.684606899073622988e-02,5.026473931418999619e-02,5.810842478470197581e-02,8.304575484054793622e-02,5.629688577009973188e-02,1.571351969734311460e-01,1.382040881850708225e-01,4.485648656463878808e-02,1.091323655066916420e-01,3.201352553683174951e-01,1.389294342498843260e-01,1.888660479896831501e-01,1.367239831810492245e-01,4.195665795046759489e-02,1.145259910945592569e-01
4.020097293591187032e-02,5.638943187670764079e-02,3.715954515472244535e-02,1.954653964322356982e-02,8.861943070443170645e-02,1.017017610267023225e-01,0.000000000000000000e+00,2.065825461039137723e-02,1.415478927384719310e-01,6.871697820826148939e-02,1.015199642014764231e-01,5.823539926275389522e-02,1.717606260123968887e-01,3.914853053987154413e-02,5.124836439715809572e-02,4.103984179349112055e-02,3.293790261714293899e-02,6.121207997146581314e-02,4.942287530832602943e-02,9.665216140203827799e-02,6.367882817183523336e-02,1.885119420428624515e-01,1.672693923354566792e-01,7.291167753878330382e-02,1.431690956230776690e-01,3.201969224704759864e-01,1.682979392022234677e-01,2.245435265845000528e-01,1.557208327310884988e-01,4.208247093256371751e-02,1.273889153667559226e-01,4.989727304409426190e-02,3.252707756353193091e-02,5.438901190336974112e-02,3.150676313569568399e-02,5.609302380771891139e-02,2.019949067729496714e-02,2.295195109134652925e-02,5.595886231818283235e-02,3.442245231102152719e-02,4.855686458822516816e-02,3.141803604145086692e-02,3.818995472670140556e-02,1.405948831230941290e-02,1.707525246683942385e-02,3.062112242115725552e-02,4.584154678622603951e-02,7.239441644290119104e-02,2.524505532045989709e-02,8.442758042955991749e-02,1.132839049867092746e-01,1.145921404685265599e-01,3.060504175500688984e-02,1.601171926835074089e-01,7.853539208479132228e-02,1.347422187029775065e-01,9.738675247487837972e-02,1.559759537106440441e-01,5.683731423469671334e-02,4.790220264434062736e-02,4.650378769657467770e-02,3.212528983937748550e-02,5.775702307864563623e-02,6.607569296142053183e-02,9.516208966433144234e-02,6.496172543248024400e-02,1.788578233559025288e-01,1.547833375961066849e-01,5.134023776353999202e-02,1.253332677316377763e-01,3.663887122371263794e-01,1.592876084069935472e-01,2.179671840860054055e-01,1.568351539619327328e-01,4.867399627560363429e-02,1.318279846494372909e-01
7.098293969152417483e-03,9.864148608378101035e-03,6.695638831740115433e-03,3.436115020432227093e-03,1.553328565503373990e-02,1.808539344659527981e-02,2.065825461039137723e-02,0.000000000000000000e+00,2.487081487683010309e-02,1.215084505564042842e-02,1.805967604227112430e-02,1.069163866429043673e-02,3.002592926653052663e-02,6.823415852495932563e-03,9.681295441565630766e-03,7.302282130802790691e-03,5.752737163090827256e-03,1.088851953898317508e-02,9.151401359642971634e-03,1.724557190638876039e-02,1.120486306276241399e-02,3.354246918676169475e-02,3.025525175964122529e-02,1.283494039925392287e-02,2.517510550855585685e-02,5.751167076540137507e-02,2.995927782639619050e-02,4.025507074789528433e-02,2.772678258725852496e-02,7.382991097161934954e-03,2.273758633543893418e-02,8.659145684588007846e-03,5.852071321945523548e-03,9.856450157141670443e-03,5.559260557663683357e-03,9.715218453324339296e-03,3.537835494593533688e-03,4.045107070572226057e-03,9.715285372205111070e-03,6.247793166300175637e-03,8.695580307756814453e-03,5.631773134515924081e-03,6.839966531172335558e-03,2.468275006132140178e-03,3.036236243224574045e-03,5.434151885933856570e-03,8.365037977356857418e-03,1.288798338193584102e-02,4.440469665543161221e-03,1.458438960950961434e-02,2.016168553771039221e-02,1.998950821423793600e-02,5.453424958326230990e-03,2.845222722708140931e-02,1.379089068469383471e-02,2.414991541913698997e-02,1.722984152178114528e-02,2.751233571793581731e-02,9.833677889588140000e-03,9.060398072110236942e-03,8.253110986602049323e-03,5.609218102763398502e-03,1.046858018533372743e-02,1.182337902097915089e-02,1.711132517242103940e-02,1.138027409266905571e-02,3.234933090268224398e-02,2.840577646128996173e-02,9.022682870601919300e-03,2.233966224539039175e-02,6.608716169056447209e-02,2.878208245016410094e-02,3.897438465273950214e-02,2.779685430367522664e-02,8.488213997543380893e-03,2.325409240892730919e-02
4.771405064201306168e-02,6.766792493740544923e-02,4.526906074462875434e-02,2.358599524086925706e-02,1.053605768738387072e-01,1.224632635990275109e-01,1.415478927384719310e-01,2.487081487683010309e-02,0.000000000000000000e+00,8.127238387625275451e-02,1.211406910248286062e-01,6.854558633955366853e-02,2.057649773998702636e-01,4.677649034636700842e-02,6.142499912269059476e-02,4.919324653331869773e-02,3.927391071944519307e-02,7.385730257295429479e-02,6.000729483533279174e-02,1.172775624327493937e-01,7.509012104723329639e-02,2.270226565402876096e-01,2.022047718590553600e-01,8.617678171797618636e-02,1.705693166984460774e-01,3.829002619670912599e-01,2.028979607410281438e-01,2.702294775773110835e-01,1.878533632012012455e-01,5.043013672631872779e-02,1.524714482482745215e-01,5.905134889987391500e-02,3.905207418355610000e-02,6.532629324889159539e-02,3.783218507674589171e-02,6.669666409743124635e-02,2.407902489593732875e-02,2.718459207817374573e-02,6.528893295302376498e-02,4.129654854547334247e-02,5.756545968271026270e-02,3.736346448367457856e-02,4.584597953151696437e-02,1.675801239016409469e-02,2.017269056295530050e-02,3.647113966184704209e-02,5.531142694545204685e-02,8.745742221207061795e-02,3.047417486376922946e-02,9.976904032967093272e-02,1.366500477077823295e-01,1.372565129869248723e-01,3.669744585712155643e-02,1.935551704807559059e-01,9.179613235206887656e-02,1.600455034439018931e-01,1.139557977056780552e-01,1.872586965769901801e-01,6.777198786167812350e-02,5.851567147834305788e-02,5.557023732671417804e-02,3.781210760730379511e-02,6.933668484095753537e-02,8.022752606085323257e-02,1.145716833484678870e-01,7.685664301908581852e-02,2.165553056011157440e-01,1.894725606677704899e-01,6.148312933584793721e-02,1.504514312802198717e-01,4.388685445706405064e-01,1.918732689859649065e-01,2.628835020642964482e-01,1.892057236082081151e-01,5.843053568061791492e-02,1.577784005285551294e-01
2.356035263813720942e-02,3.302578892997837245e-02,2.113721721290844069e-02,1.145604407587683289e-02,5.194127030067258871e-02,5.795179804298165871e-02,6.871697820826148939e-02,1.215084505564042842e-02,8.127238387625275451e-02,0.000000000000000000e+00,5.991511641936966837e-02,3.372676104908264860e-02,9.935172432555874900e-02,2.332279441462706271e-02,3.066734074725863124e-02,2.411004540121480105e-02,1.943438558890832335e-02,3.574508959182923218e-02,2.905698149346436915e-02,5.636603964533994093e-02,3.732180185596554317e-02,1.102601409466930915e-01,9.777062503339555011e-02,4.229296068908328793e-02,8.374104711977574389e-02,1.867130014625270895e-01,9.887581010100021661e-02,1.318663920940561507e-01,9.000469276768617577e-02,2.446457749812155566e-02,7.528832737093969774e-02,2.870523574913064202e-02,1.892053282996504146e-02,3.191572712704927872e-02,1.805814721847836743e-02,3.365485969884537965e-02,1.194199905803247121e-02,1.331906264530086439e-02,3.264430792836900408e-02,2.040980506339907033e-02,2.823847165976382106e-02,1.816802793983158387e-02,2.284270792172810038e-02,8.056292840169870795e-03,1.005512834210486178e-02,1.845502410610556920e-02,2.662356890380427124e-02,4.189800287964578346e-02,1.491487708088084022e-02,4.936229184462249953e-02,6.522034261418435674e-02,6.671348476252010606e-02,1.777745722060691813e-02,9.303427984323556221e-02,4.572131844088136304e-02,7.916217463234367924e-02,5.627385805182781586e-02,9.079948394916800836e-02,3.348935733065093456e-02,2.881467727899065731e-02,2.732687895689403512e-02,1.847867244346233784e-02,3.362454584391589424e-02,3.882954969032443443e-02,5.604410564623493740e-02,3.875218707228224313e-02,1.056908017183161436e-01,9.171757820786831383e-02,3.012109110388232203e-02,7.339830852700286734e-02,2.151044746626188942e-01,9.370242734903760917e-02,1.287160458712629796e-01,9.145488418255787177e-02,2.946072694748640836e-02,7.717049207352108531e-02
3.456786365351658535e-02,4.920154794384575675e-02,3.183325132604255397e-02,1.717669365904322953e-02,7.657041021643685996e-02,8.717216526922796915e-02,1.015199642014764231e-01,1.805967604227112430e-02,1.211406910248286062e-01,5.991511641936966837e-02,0.000000000000000000e+00,4.995259902324135359e-02,1.471082441579288913e-01,3.433254820995112339e-02,4.442969347137951108e-02,3.545686455202439608e-02,2.874572660817372588e-02,5.288812972770655374e-02,4.381398412021780125e-02,8.394764703917274862e-02,5.445646851879158007e-02,1.621801767621930401e-01,1.442786259206499111e-01,6.202617453135392950e-02,1.229894446034987265e-01,2.742483512359736308e-01,1.470074820252006975e-01,1.957567904924180646e-01,1.344407443631527310e-01,3.683506649014867129e-02,1.105263413521062749e-01,4.152199300613826360e-02,2.776369091204022171e-02,4.661348422114155315e-02,2.675207813166157952e-02,4.912449273129097099e-02,1.761772083869111993e-02,1.938989037513038846e-02,4.657908396729100453e-02,2.943752041610798661e-02,4.134135752131883751e-02,2.660485735179484584e-02,3.408908892776812971e-02,1.210357980982798391e-02,1.442955888389102666e-02,2.681524871486682879e-02,3.969236760059708519e-02,6.305964778136510795e-02,2.230030682385202370e-02,7.247271692655772590e-02,9.752069635802028402e-02,9.897957883651828381e-02,2.642175651548717141e-02,1.386893456179377759e-01,6.733867187432795998e-02,1.171150610376867907e-01,8.294195497579981424e-02,1.348295173974883299e-01,4.987895565322126440e-02,4.267113930192487081e-02,4.103182198103510342e-02,2.771845350370313529e-02,4.974163992823914943e-02,5.799551241691093539e-02,8.455460141522103124e-02,5.652325601429299129e-02,1.571974214424363692e-01,1.369028393322324344e-01,4.444868502400177446e-02,1.089014254715230112e-01,3.168993237523658468e-01,1.404071215138307793e-01,1.902812888479719355e-01,1.369558500246751687e-01,4.319649733494265037e-02,1.143547709311321936e-01
2.008169936751409007e-02,2.749741518034837587e-02,1.839666508874792522e-02,9.609542011392021438e-03,4.361235155850596429e-02,4.972668767189555861e-02,5.823539926275389522e-02,1.069163866429043673e-02,6.854558633955366853e-02,3.372676104908264860e-02,4.995259902324135359e-02,0.000000000000000000e+00,8.371387734124924318e-02,1.947532283726566629e-02,2.609587096141468415e-02,2.026513258688327976e-02,1.608108529148386326e-02,2.997058545060348606e-02,2.454171890274132670e-02,4.708430157890874240e-02,3.174015151710214699e-02,9.173961738291566692e-02,8.271600739845431927e-02,3.575355343375418576e-02,6.988124892543856603e-02,1.590938181462716317e-01,8.244680849898108899e-02,1.107182071638886794e-01,7.603687371948709972e-02,2.040186888814454758e-02,6.347587915899098598e-02,2.443453803741788347e-02,1.590888693198559689e-02,2.711568016247491858e-02,1.535269962769519533e-02,2.771388220143159581e-02,9.911205531975140343e-03,1.093093332417191879e-02,2.720624222365241457e-02,1.719004687297399567e-02,2.375947327204066054e-02,1.533389018292442667e-02,1.879869748940320856e-02,6.805361375073004128e-03,8.141324562351930777e-03,1.549047941811001507e-02,2.267714798565846623e-02,3.539341517086155159e-02,1.236071246249543891e-02,4.135955761620882520e-02,5.536267709704093681e-02,5.609260575385627973e-02,1.525574006990279910e-02,7.845792105644908143e-02,3.807980435316869749e-02,6.669401168981545225e-02,4.799298901021385039e-02,7.675937770662299986e-02,2.781303012594391055e-02,2.437487955305019799e-02,2.272657818674484950e-02,1.548326892063256119e-02,2.829472212909013920e-02,3.257480750994446589e-02,4.661571247708930915e-02,3.235950413081206678e-02,8.814045007317720948e-02,7.758138815329532201e-02,2.521701677458025592e-02,6.119835817586695426e-02,1.815357601338736804e-01,7.873345210615501077e-02,1.076627801217449748e-01,7.633456691619168455e-02,2.399463634553107919e-02,6.501511719507650777e-02
5.894405958174201571e-02,8.247739896361233614e-02,5.430810589548417527e-02,2.851816856281496476e-02,1.294053743111870936e-01,1.482110157741234613e-01,1.717606260123968887e-01,3.002592926653052663e-02,2.057649773998702636e-01,9.935172432555874900e-02,1.471082441579288913e-01,8.371387734124924318e-02,0.000000000000000000e+00,5.710676064744876768e-02,7.461580526067047858e-02,5.982169019029761475e-02,4.775055888087441358e-02,8.918438735510526849e-02,7.140343113021151156e-02,1.414908073933503208e-01,9.250703174334146128e-02,2.759812279481194119e-01,2.443673804405475936e-01,1.060301687081686012e-01,2.078480506601823319e-01,4.664754258442020407e-01,2.451828595482863915e-01,3.280642376305884511e-01,2.272248744699537359e-01,6.169210834099093932e-02,1.861459628186865889e-01,7.222622178869118892e-02,4.740674894013802154e-02,7.934240590927592318e-02,4.579103355193590158e-02,8.186324671867624414e-02,2.918930465114639300e-02,3.328179051779489583e-02,8.065980465187887194e-02,5.042616176291913471e-02,7.078365373833435392e-02,4.583140016868007816e-02,5.592757291741801140e-02,2.051629144200228794e-02,2.496501870229293416e-02,4.473357640439640931e-02,6.626489338662173989e-02,1.066351339713937502e-01,3.693013281121981795e-02,1.228465007153710098e-01,1.652553903840681682e-01,1.667558427873632454e-01,4.470834696125339236e-02,2.341876828950647249e-01,1.127095813590979767e-01,1.960721876992487511e-01,1.405747646197146872e-01,2.267725393745522733e-01,8.296167477174350158e-02,7.033435876600704906e-02,6.777707709866842567e-02,4.642594538674538196e-02,8.454813699174185126e-02,9.698778380616986106e-02,1.380776025397461582e-01,9.409057289766167842e-02,2.616510003287221275e-01,2.276080132315799198e-01,7.495655990037530803e-02,1.830609364530762784e-01,5.351695035335248818e-01,2.320443062823570601e-01,3.180674589126240015e-01,2.286044977293031910e-01,7.129679996968882327e-02,1.932212829768819584e-01
1.337712688018945217e-02,1.893679951727180594e-02,1.224977840980731418e-02,6.522983891796957021e-03,2.952983273256915009e-02,3.364222877595160477e-02,3.914853053987154413e-02,6.823415852495932563e-03,4.677649034636700842e-02,2.332279441462706271e-02,3.433254820995112339e-02,1.947532283726566629e-02,5.710676064744876768e-02,0.000000000000000000e+00,1.734133989629898023e-02,1.387735145905626480e-02,1.129124350565091119e-02,2.041705309096831719e-02,1.673837818040553246e-02,3.192111602466559533e-02,2.118042619209543204e-02,6.346056281395008603e-02,5.605419285306650901e-02,2.435236794745514188e-02,4.816004523559560407e-02,1.066632008299759071e-01,5.672766007014481277e-02,7.563871562140417337e-02,5.230722821601968553e-02,1.428795921484268122e-02,4.287763695236871536e-02,1.668415388820300785e-02,1.088250944794480132e-02,1.802421443293413320e-02,1.042760539747256306e-02,1.860785926371463436e-02,6.751576375786060707e-03,7.808772293687983937e-03,1.903345414602338956e-02,1.156953807218464789e-02,1.618366898031889031e-02,1.058175198757802839e-02,1.299788292975888500e-02,4.656576548719284364e-03,5.771698293337167510e-03,1.023211122253889389e-02,1.536276962795987341e-02,2.431480759619112503e-02,8.546412498723596901e-03,2.854293839892363405e-02,3.801181298393994934e-02,3.821244563192162380e-02,1.019570666518414791e-02,5.457086569200049475e-02,2.655892192226417051e-02,4.549961718573365677e-02,3.258980750277516714e-02,5.213368847531885814e-02,1.913548961040232449e-02,1.639595639744575659e-02,1.578330924920070405e-02,1.090100781252449635e-02,1.968191207431405770e-02,2.234521998513597577e-02,3.213525507856829222e-02,2.174104200377818125e-02,6.100397737378149277e-02,5.167950195978510131e-02,1.720819874813139805e-02,4.271114344188734618e-02,1.229883896854679359e-01,5.366234884161649038e-02,7.388419044842031713e-02,5.307483106116904492e-02,1.668996347440740435e-02,4.428012264027161859e-02
1.799938919697034734e-02,2.459514961668549451e-02,1.723796392389364759e-02,8.653702207184275907e-03,3.841696598425250325e-02,4.534649368862448543e-02,5.124836439715809572e-02,9.681295441565630766e-03,6.142499912269059476e-02,3.066734074725863124e-02,4.442969347137951108e-02,2.609587096141468415e-02,7.461580526067047858e-02,1.734133989629898023e-02,0.000000000000000000e+00,1.804780285278079557e-02,1.422236408777427345e-02,2.646624160590682270e-02,2.299023628691218221e-02,4.309792101010818249e-02,2.828983540191992718e-02,8.307867265802827694e-02,7.489367599737009606e-02,3.197791620392866074e-02,6.160569389653289957e-02,1.412606357435569338e-01,7.448382923474797246e-02,9.978728888951161891e-02,6.874761478897982447e-02,1.831426393215634940e-02,5.666726796327598709e-02,2.148310257791371386e-02,1.430419235336536157e-02,2.471120017783380585e-02,1.389526019876651322e-02,2.432535451970929685e-02,8.949228481640538260e-03,9.874545037741771711e-03,2.396519153794928608e-02,1.529940088829660066e-02,2.163217355921746507e-02,1.416873622721101164e-02,1.661953756854115533e-02,5.995179493978181930e-03,7.404612675416891339e-03,1.471552305941659956e-02,2.040395939789097987e-02,3.267763027947917509e-02,1.104582671080696354e-02,3.634307452475589451e-02,5.024180495556814646e-02,5.048674943095284029e-02,1.379434573380401360e-02,6.999859238053694754e-02,3.360073992880680677e-02,5.848203334593374964e-02,4.227301915803111099e-02,6.933429146172077895e-02,2.435150919524212143e-02,2.356731855253007060e-02,2.076198458037086317e-02,1.358120615430445828e-02,2.505423819294281748e-02,2.978001442213240244e-02,4.381094013982093222e-02,2.947403889649557324e-02,7.951048223097603729e-02,7.303683182676300178e-02,2.334805335304659252e-02,5.502982748196397905e-02,1.637878743845703478e-01,7.227410357376801153e-02,9.694508082976320551e-02,6.934726063484883407e-02,2.096825583941634361e-02,5.809609344061789082e-02
1.374211945228100140e-02,1.993149025501907493e-02,1.309716253792329518e-02,6.814662052464968110e-03,3.042533872974466369e-02,3.565522159906971134e-02,4.103984179349112055e-02,7.302282130802790691e-03,4.919324653331869773e-02,2.411004540121480105e-02,3.545686455202439608e-02,2.026513258688327976e-02,5.982169019029761475e-02,1.387735145905626480e-02,1.804780285278079557e-02,0.000000000000000000e+00,1.154045742642164502e-02,2.138384421147066644e-02,1.768178896003575265e-02,3.424933713658582374e-02,2.188616584806511375e-02,6.593562037052977387e-02,5.906514309214228042e-02,2.499450411600092833e-02,4.961597210691300053e-02,1.108327645956838081e-01,5.941809292327219355e-02,7.936632564003315293e-02,5.481030036746248335e-02,1.483776863503861662e-02,4.465229463365895379e-02,1.712758335882566540e-02,1.121487404365254827e-02,1.895679879778907825e-02,1.092918177254069249e-02,1.945986791294447918e-02,7.028008308325648518e-03,7.763073514001757498e-03,1.905848772222398443e-02,1.195809426566753035e-02,1.674147511378394626e-02,1.088580987433993355e-02,1.345642722738165341e-02,4.848156841065828261e-03,5.736166482011088169e-03,1.071636055887695456e-02,1.625993210561003585e-02,2.556849035144360960e-02,8.927424020901670795e-03,2.890278386859002069e-02,4.004215697696472676e-02,4.009036617914951001e-02,1.073197175583471934e-02,5.613377712859626140e-02,2.705354279276150561e-02,4.690340563374942318e-02,3.306233815696937861e-02,5.459088957771663503e-02,1.971374215799970991e-02,1.739414522940631314e-02,1.654374728621746393e-02,1.094761056957490979e-02,2.022074344103375401e-02,2.369210344135280408e-02,3.410425759823955405e-02,2.262367430381513611e-02,6.396026167152175923e-02,5.625356571258344207e-02,1.800651110371572980e-02,4.442881332785977855e-02,1.283816433233284371e-01,5.677771103556464999e-02,7.658759930940418903e-02,5.607711875370470500e-02,1.708648791287821489e-02,4.630183634980249846e-02
1.112819031103934493e-02,1.584844816052500410e-02,1.023339007050176608e-02,5.587269863999074285e-03,2.487588009527114119e-02,2.791864947140694150e-02,3.293790261714293899e-02,5.752737163090827256e-03,3.927391071944519307e-02,1.943438558890832335e-02,2.874572660817372588e-02,1.608108529148386326e-02,4.775055888087441358e-02,1.129124350565091119e-02,1.422236408777427345e-02,1.154045742642164502e-02,0.000000000000000000e+00,1.696770416747782340e-02,1.420593097104770781e-02,2.725099149640375362e-02,1.742067759541465755e-02,5.268098980329753017e-02,4.630843679741962482e-02,1.991116487427240650e-02,3.982266471202391966e-02,8.813825608452834082e-02,4.723488320393168932e-02,6.282475998567024766e-02,4.324350054537540178e-02,1.177197731446110070e-02,3.528129340616702192e-02,1.338169796027306735e-02,8.968548422138096846e-03,1.518412090156763192e-02,8.595273183780659590e-03,1.618287609302837549e-02,5.822582317367988418e-03,6.280865402283880745e-03,1.518496852218703154e-02,9.598581121941649613e-03,1.347583919816848497e-02,8.705921121284534644e-03,1.122439265254355882e-02,3.943802014859654897e-03,4.685424219548929917e-03,8.721137290095541672e-03,1.279443015025769417e-02,2.031671437332437102e-02,7.239113567253914125e-03,2.331265683619648810e-02,3.138281184856810124e-02,3.200865387160548026e-02,8.530895441430113094e-03,4.446452826390807217e-02,2.205107094840881229e-02,3.749150823698602086e-02,2.674711935923412831e-02,4.400869457894352604e-02,1.619563615406463541e-02,1.376627877594952844e-02,1.306695792068739842e-02,8.882667505926837223e-03,1.566851557842269260e-02,1.862744298950039235e-02,2.725091073591534574e-02,1.842791978969503253e-02,5.017266216821040375e-02,4.406829574684927031e-02,1.438111272060528349e-02,3.503806884326116783e-02,1.018043503331697713e-01,4.515144327584529743e-02,6.168630550964415010e-02,4.411178656091325340e-02,1.389840254756022700e-02,3.648701132588308416e-02
2.074764093883809876e-02,2.983005118660664312e-02,1.939777436827743243e-02,1.010995005978590489e-02,4.588746542559953706e-02,5.304326825921359956e-02,6.121207997146581314e-02,1.088851953898317508e-02,7.385730257295429479e-02,3.574508959182923218e-02,5.288812972770655374e-02,2.997058545060348606e-02,8.918438735510526849e-02,2.041705309096831719e-02,2.646624160590682270e-02,2.138384421147066644e-02,1.696770416747782340e-02,0.000000000000000000e+00,2.590302964327894503e-02,5.068011382815694466e-02,3.272656794418573462e-02,9.881846721438732051e-02,8.760230431241548821e-02,3.756181047955257923e-02,7.419401320585178317e-02,1.663873556004903942e-01,8.784908155830468968e-02,1.176643994005362459e-01,8.101333212629685532e-02,2.215771437427718760e-02,6.638912766863906689e-02,2.546243220071277291e-02,1.677644977653254196e-02,2.800936856598769398e-02,1.610660820048279152e-02,2.887517968290749873e-02,1.041168195716263810e-02,1.163780434222892561e-02,2.844845361409570339e-02,1.769384529066007558e-02,2.478040513452434493e-02,1.607936049908355314e-02,2.005124256050870232e-02,7.248085487950305626e-03,8.625981976262554751e-03,1.572591776776973913e-02,2.395633362049989085e-02,3.817852128952157337e-02,1.326657591650442711e-02,4.342918073977943688e-02,5.930069872597230896e-02,5.947607003374026646e-02,1.593966386549373893e-02,8.371299975951916605e-02,4.015909800824499915e-02,7.002170424026593620e-02,4.954509474346921460e-02,8.126349821784152605e-02,2.969445211512043367e-02,2.542162266329895531e-02,2.444222434553715295e-02,1.632698395448628839e-02,2.994568261223111774e-02,3.502022571030161818e-02,4.974637028075843542e-02,3.338660475003275147e-02,9.428739618174764026e-02,8.214489791284169951e-02,2.664292930866271267e-02,6.591955472434980756e-02,1.908850379284342813e-01,8.370786705259615490e-02,1.140155610578834772e-01,8.262854660822065156e-02,2.559384298315504902e-02,6.875831988519241766e-02
1.701235839140542716e-02,2.388636071863467839e-02,1.612561645025490861e-02,8.352222056960519059e-03,3.728957079955719928e-02,4.348772629042611110e-02,4.942287530832602943e-02,9.151401359642971634e-03,6.000729483533279174e-02,2.905698149346436915e-02,4.381398412021780125e-02,2.454171890274132670e-02,7.140343113021151156e-02,1.673837818040553246e-02,2.299023628691218221e-02,1.768178896003575265e-02,1.420593097104770781e-02,2.590302964327894503e-02,0.000000000000000000e+00,4.151013040406154042e-02,2.694940390170437114e-02,8.147075959353600183e-02,7.321088671732266240e-02,3.040198434986548029e-02,6.041146930664718917e-02,1.361999251208197148e-01,7.317057884042778293e-02,9.618739265369052882e-02,6.718485520442246672e-02,1.800134604662753310e-02,5.476170847623652166e-02,2.069936607422093525e-02,1.390162776907030544e-02,2.304689904358118990e-02,1.311370948051029418e-02,2.372299232103256689e-02,8.677423891367769607e-03,9.731839523524868363e-03,2.333633412971337570e-02,1.487116587468399753e-02,2.039764495522461765e-02,1.306656284962004824e-02,1.642699116898897402e-02,5.775548530814180077e-03,7.376381269078934912e-03,1.364424363115918429e-02,1.970781502312969960e-02,3.117652751788105303e-02,1.074020281501994120e-02,3.515092489736328096e-02,4.885024806379329593e-02,4.809524407537332791e-02,1.306053415052159557e-02,6.910474200342574258e-02,3.262547318960014320e-02,5.752585036988062950e-02,4.042854441743711641e-02,6.633413914696301150e-02,2.395680842393491106e-02,2.207366992006026124e-02,2.005586727312796622e-02,1.334477990825915644e-02,2.487107187204114570e-02,2.906192082118840350e-02,4.221440835745984138e-02,2.819640169654042197e-02,7.895897635491247457e-02,6.946968081766283221e-02,2.231962988185667157e-02,5.387346048249118391e-02,1.579304978491878064e-01,6.978801058877720509e-02,9.421148806255777441e-02,6.833165050680113650e-02,2.127696752367775820e-02,5.625278646120261683e-02
3.290404927899533150e-02,4.657359240041891724e-02,3.086148958625469646e-02,1.603841951633904958e-02,7.211933036816622900e-02,8.425402524959667294e-02,9.665216140203827799e-02,1.724557190638876039e-02,1.172775624327493937e-01,5.636603964533994093e-02,8.394764703917274862e-02,4.708430157890874240e-02,1.414908073933503208e-01,3.192111602466559533e-02,4.309792101010818249e-02,3.424933713658582374e-02,2.725099149640375362e-02,5.068011382815694466e-02,4.151013040406154042e-02,0.000000000000000000e+00,5.166027360344276065e-02,1.563169297548891445e-01,1.405376589015256417e-01,5.935947077739246042e-02,1.176940847696910097e-01,2.651632321138482906e-01,1.396856373569182186e-01,1.864133863117167222e-01,1.284495299929012679e-01,3.467930735092672467e-02,1.056950335506252198e-01,4.107203677925413271e-02,2.687259414069841437e-02,4.488916139390766724e-02,2.598217102412307342e-02,4.618003542885888713e-02,1.674096879433428081e-02,1.881686297502029037e-02,4.553069372626419864e-02,2.884604533662553025e-02,3.949413727895832033e-02,2.557919412314646479e-02,3.160153224598104271e-02,1.139434442236850892e-02,1.427384715144627315e-02,2.526203414542144143e-02,3.786247809786875973e-02,6.063328093116159001e-02,2.088598609972895301e-02,6.859468220618873679e-02,9.466246450912485511e-02,9.392559804378648736e-02,2.554292908388628575e-02,1.339310843232834336e-01,6.332579892547622602e-02,1.107037739250552044e-01,7.828598420002064184e-02,1.283198643231543146e-01,4.641891801864352074e-02,4.076728701152269874e-02,3.849314166889988842e-02,2.614150561740315876e-02,4.790723520511451505e-02,5.524015420198528231e-02,7.957131082606180850e-02,5.285124977791628292e-02,1.505830342876360861e-01,1.313026208812683449e-01,4.223284513586802319e-02,1.045049794346691735e-01,3.045216405299282503e-01,1.332100948678836827e-01,1.811804117351737964e-01,1.311446806762145423e-01,4.092172541776181727e-02,1.090267555020706935e-01
2.210888244843911554e-02,3.011210557243006875e-02,2.042780233957885300e-02,1.061787942661508374e-02,4.782349431139733958e-02,5.465930823971004715e-02,6.367882817183523336e-02,1.120486306276241399e-02,7.509012104723329639e-02,3.732180185596554317e-02,5.445646851879158007e-02,3.174015151710214699e-02,9.250703174334146128e-02,2.118042619209543204e-02,2.828983540191992718e-02,2.188616584806511375e-02,1.742067759541465755e-02,3.272656794418573462e-02,2.694940390170437114e-02,5.166027360344276065e-02,0.000000000000000000e+00,1.004009936159328265e-01,8.968709100223330732e-02,3.992333012807376680e-02,7.617874107617024493e-02,1.730604048014915686e-01,8.994639298099282865e-02,1.203405371667256862e-01,8.274417905688258301e-02,2.210581965946990801e-02,6.885281028088494071e-02,2.647021260700416212e-02,1.735518112688578390e-02,2.976501993619845576e-02,1.706258845729645077e-02,3.011749452332546095e-02,1.085570017888956747e-02,1.210560975872415797e-02,2.937823016939259194e-02,1.821350942112921062e-02,2.604698212500623430e-02,1.719212395102222291e-02,2.050484652759360787e-02,7.522727132749111936e-03,8.943868272917949308e-03,1.742686786242282973e-02,2.454255728141513382e-02,3.980098440136037308e-02,1.365315040304939179e-02,4.530481260788973147e-02,6.079973073226279529e-02,6.197383208223836148e-02,1.659140136566294305e-02,8.496648492777443551e-02,4.150090368219649245e-02,7.203534912735036488e-02,5.248891526960870052e-02,8.442657178336729351e-02,3.057516068580100332e-02,2.722501370649012958e-02,2.536503040037501461e-02,1.701470863923393306e-02,3.062368052959633588e-02,3.543130656647087290e-02,5.181251443756500902e-02,3.567163835999503929e-02,9.535748116657194462e-02,8.522436758464377315e-02,2.831347578142635185e-02,6.656880073729412595e-02,1.976200506514976252e-01,8.611745023457947901e-02,1.173988957122692744e-01,8.358076342523577951e-02,2.572983575796142924e-02,7.055549206338573853e-02
