0.000000000000000000e+00,1.306825053018162430e-02,1.052925752373052616e-02,1.124301021130903744e-02,3.052531876600353064e-02,4.407464976815970992e-02,4.181615918483343880e-02,4.567656594426499142e-03,5.141205677050503936e-02,2.301048491436856122e-02,3.762102525372229556e-02,2.149888645904711112e-02,5.920516273982828065e-02,1.619099079660135665e-02,1.430158817602869212e-02,1.519310165762283518e-02,7.594291137857636306e-03,1.760332487418981087e-02,2.070261947009669271e-02,3.860492347043820160e-02,1.664209080818720987e-02,5.702761017512997244e-02,4.927946807224715953e-02,1.862528590868967049e-02,4.330043977590279647e-02,9.638985579836134576e-02,6.842015710283565200e-02,7.224966633029397678e-02,6.713749985944440779e-02,1.292102470070030998e-02,4.376817585229440116e-02,1.811074017718554419e-02,1.242530614552465884e-02,2.025578324326860608e-02,1.114149380037209730e-02,1.873046522007143500e-02,7.959039252307590837e-03,4.665024178710491104e-03,1.609524605039532735e-02,1.207879686978790938e-02,1.072096192549277377e-02,9.483840270756509552e-03,1.385163141517890828e-02,4.771234307892112045e-03,2.594712841425649962e-03,8.520871330834837998e-03,1.773228489077966971e-02,2.599944457150828864e-02,1.252632903401742007e-02,2.915952610344377249e-02,3.403605440561294909e-02,3.629006490133096507e-02,9.289295457123725522e-03,4.354298479132222288e-02,2.711465362938544552e-02,4.313112752819528439e-02,2.878893912745245781e-02,5.007331555367812437e-02,2.311967742097073564e-02,1.936871256948983697e-02,1.677350530113172478e-02,9.689081163083959961e-03,2.237946231461940272e-02,2.250029351327086438e-02,2.888121436752569965e-02,2.457856156243526033e-02,6.443337211681979260e-02,6.082702858320887529e-02,1.018475257528016903e-02,4.155227006875585050e-02,1.259875721154113115e-01,5.791380629076621489e-02,6.548430581772571313e-02,4.934516202564000892e-02,7.217518769731721962e-03,4.161003332910678115e-02
1.306825053018162430e-02,0.000000000000000000e+00,9.661470572027798520e-03,1.184194972384763206e-02,3.342259515031724415e-02,4.711099021470594589e-02,4.487405614429369749e-02,4.930840416725822822e-03,5.727545950194766478e-02,2.365371331282310752e-02,4.161773207289080206e-02,2.211824256090482929e-02,6.409210302428151873e-02,1.680568992122745409e-02,1.557702528767918732e-02,1.607226918244686331e-02,7.916906205857015058e-03,1.938158301561221028e-02,2.207895596115471218e-02,4.046357799695818325e-02,1.702714320144289514e-02,6.215236043175355329e-02,5.172965490103203362e-02,1.929451363152656293e-02,4.648084928706289892e-02,1.061265428755603368e-01,7.215542104833562453e-02,7.795916645881297014e-02,7.423675622144843000e-02,1.338070114880058128e-02,4.736051325275458801e-02,2.032554800245855650e-02,1.351037976128714561e-02,2.106346689295502880e-02,1.131826919348825206e-02,1.925387740199509951e-02,8.614150505654760356e-03,5.231779460625383092e-03,1.777270633300880032e-02,1.308172366395464817e-02,1.034479919953055355e-02,9.171831187433768240e-03,1.448679017979216666e-02,4.916397584965198110e-03,2.903468091334357373e-03,7.560601594262930658e-03,1.883272776915851862e-02,2.651932691840284961e-02,1.319879701297233671e-02,3.188563448992620675e-02,3.725088788312756055e-02,3.858144614555833463e-02,9.630795629122827772e-03,4.849975419371642393e-02,2.871745680988480043e-02,4.865054045661122012e-02,2.964618779945295962e-02,5.450722129727447740e-02,2.595668052872977111e-02,2.059332451053767776e-02,1.823182450676606725e-02,9.922446194862745428e-03,2.487371261533233291e-02,2.437219997870308796e-02,2.938540855559770154e-02,2.597538266321164011e-02,7.270830650163796760e-02,6.625352741816067925e-02,1.039935834294591736e-02,4.479292512626029815e-02,1.394658858490099296e-01,6.296156681286520229e-02,6.967327500411918395e-02,5.447307284648407466e-02,7.190874132678572866e-03,4.416305661514440678e-02
1.052925752373052616e-02,9.661470572027798520e-03,0.000000000000000000e+00,9.021425216076746356e-03,2.484941017727144638e-02,3.584373618339554979e-02,3.376369724633539182e-02,3.707847702797145359e-03,4.241858842498609505e-02,1.775743592767202103e-02,3.085794425400076313e-02,1.684994344895512572e-02,4.746522906822727567e-02,1.267915194365185072e-02,1.231123706523394069e-02,1.205687657345740765e-02,5.996176540773456159e-03,1.411112457902932368e-02,1.668973642956985901e-02,3.030469296046457706e-02,1.291105678495209005e-02,4.769928347352851011e-02,3.997101361191128521e-02,1.469060581153144168e-02,3.442227982386382446e-02,7.906953341643832567e-02,5.475333361247324698e-02,5.834233722383647125e-02,5.580202248287078476e-02,1.051535849624713609e-02,3.624903829093503727e-02,1.545242160396327266e-02,1.064682513215868022e-02,1.673790716496394854e-02,8.984839015067355023e-03,1.471236692023710282e-02,6.595684641827373462e-03,4.132833862222791248e-03,1.358196343115079287e-02,1.020523160623539559e-02,8.071070628769404232e-03,7.134692987921650506e-03,1.130023926129593292e-02,3.896018579459909967e-03,2.214868411388340539e-03,6.517746846695390492e-03,1.394366902353211951e-02,2.029717141299730229e-02,1.035270201661658666e-02,2.377804618969538153e-02,2.788817770853686817e-02,2.901977306900584835e-02,7.596388051522566520e-03,3.658300247609658912e-02,2.110508930277799414e-02,3.539699988852980372e-02,2.207045789756276535e-02,4.017381432151743981e-02,1.919512753311822598e-02,1.563451423065967058e-02,1.367133505772839472e-02,7.618320587037858901e-03,1.899436376352548264e-02,1.821731821090860626e-02,2.202211147667127583e-02,1.939178353843551070e-02,5.356497628532697064e-02,4.997057125070387962e-02,7.686335614990177575e-03,3.392553030941044406e-02,1.034332055234467446e-01,4.666428037216711205e-02,5.250026608084557012e-02,4.062359691170110837e-02,5.634550243441487777e-03,3.292666879425396737e-02
1.124301021130903744e-02,1.184194972384763206e-02,9.021425216076746356e-03,0.000000000000000000e+00,2.755241783165736716e-02,3.854026177186908181e-02,3.720054673227138342e-02,3.867640847850676265e-03,4.612603976439903081e-02,2.039092448593310403e-02,3.324127383916902073e-02,1.875640250029930040e-02,5.254761065523465280e-02,1.415904686914602924e-02,1.177718491045220452e-02,1.334328709530942930e-02,6.839906431862575846e-03,1.564768840896181568e-02,1.821378173017017613e-02,3.355964585225205965e-02,1.408797260867103093e-02,4.939875393703552220e-02,4.189528451071161674e-02,1.611695211325577665e-02,3.842827259234218168e-02,8.322231786650827190e-02,6.038098386691820307e-02,6.370258361734859598e-02,5.933365936547804753e-02,1.141039335461159487e-02,3.818990458933538279e-02,1.623390938277230466e-02,1.121663297696116890e-02,1.790179834770670372e-02,9.893355169082108935e-03,1.636570465699988680e-02,6.975231960373471859e-03,4.031471540921513323e-03,1.437232178253499901e-02,1.059233675285413574e-02,9.241962657609055151e-03,8.314455703296896524e-03,1.285498060614742241e-02,4.494966242697347875e-03,2.172959592133979784e-03,7.250115284805135757e-03,1.567302828250251995e-02,2.335751628345266590e-02,1.128568482379819354e-02,2.592249362797254680e-02,3.087327696826396364e-02,3.251015678678616239e-02,8.344009844468033149e-03,3.869821432695698393e-02,2.413427969722409944e-02,3.847517236643320515e-02,2.490909933687822375e-02,4.435053092424292437e-02,2.084623504101013047e-02,1.696530698810247428e-02,1.460269901828483569e-02,8.598894293888308810e-03,1.982305343252897117e-02,2.073075056324680948e-02,2.539863110611493419e-02,2.163442916175424557e-02,5.706713695998374969e-02,5.350203163193260891e-02,8.702933678349365765e-03,3.682417412656886074e-02,1.094294646369308871e-01,5.203215810860532808e-02,5.735680645721435988e-02,4.334793910563492642e-02,6.144901188445957112e-03,3.638616192356212975e-02
3.052531876600353064e-02,3.342259515031724415e-02,2.484941017727144638e-02,2.755241783165736716e-02,0.000000000000000000e+00,1.069925329597102154e-01,1.037253560118325119e-01,1.163039856057491821e-02,1.290009386302550798e-01,5.752375717672172928e-02,9.505561470001488988e-02,5.225068451809132541e-02,1.465422736574285845e-01,3.978057310050191198e-02,3.459303254104926367e-02,3.746515635565825925e-02,1.938079534835705775e-02,4.448677083078460270e-02,5.147440846604315473e-02,9.421117723597663418e-02,4.009389331089267816e-02,1.425918611017855941e-01,1.177319391298899121e-01,4.513771506303520392e-02,1.082681439986216965e-01,2.374534146301842952e-01,1.671592089809036674e-01,1.796045632470719966e-01,1.664708588030814618e-01,3.196001801710149359e-02,1.076490235348627339e-01,4.607714249798101208e-02,3.084387159981068910e-02,4.873018110145288517e-02,2.674072945920503291e-02,4.600864414383739470e-02,2.018662857734745616e-02,1.179716836246149161e-02,4.088441291707585468e-02,2.995097461008395037e-02,2.565113316375646282e-02,2.220977402938378170e-02,3.546083769398795937e-02,1.237345170263716085e-02,6.567489917399742250e-03,1.964045923654439418e-02,4.366029567427097413e-02,6.330257553110325841e-02,3.053711592740817812e-02,7.354920104309348172e-02,8.691787059751285294e-02,9.090405603856988037e-02,2.263996510114986774e-02,1.105055108546748460e-01,6.828305446840184090e-02,1.089854621729444001e-01,6.929655810849619235e-02,1.251327715544718611e-01,5.936919070615443578e-02,4.702141363120517642e-02,4.147806451428318053e-02,2.394091365539204735e-02,5.537293544938258483e-02,5.729535950749282264e-02,7.059476770745368168e-02,6.034598052485098257e-02,1.621900179878147663e-01,1.503347131419633664e-01,2.488430841057892931e-02,1.034258547486266167e-01,3.113263937759717659e-01,1.455190317174729908e-01,1.625603262039942154e-01,1.238902144706402614e-01,1.837845387545605086e-02,1.008310075911590803e-01
4.407464976815970992e-02,4.711099021470594589e-02,3.584373618339554979e-02,3.854026177186908181e-02,1.069925329597102154e-01,0.000000000000000000e+00,1.470833332694994056e-01,1.659074559219827702e-02,1.831550593555426598e-01,8.046367800792576797e-02,1.295706548609435460e-01,7.314667595572346692e-02,2.077651966486933621e-01,5.577888013105721660e-02,4.801458265916082324e-02,5.211274871571348194e-02,2.715832483807173112e-02,6.353387160795162525e-02,7.274457980643819766e-02,1.326602767430944962e-01,5.617445496463185917e-02,2.001233131177247715e-01,1.704674186383626500e-01,6.418457394067250688e-02,1.535234186678173518e-01,3.361915776427462088e-01,2.357928422010022451e-01,2.555473789006599272e-01,2.346143230210844810e-01,4.489995068421294422e-02,1.513628642998313401e-01,6.346662794918583872e-02,4.360025377022914983e-02,6.921064462035089737e-02,3.812209116394085079e-02,6.504370031864806223e-02,2.795344533182976890e-02,1.634097016659625048e-02,5.604467607910399579e-02,4.183377272328839963e-02,3.684391205978528733e-02,3.187173599373044341e-02,5.011502779440785843e-02,1.714505448472685573e-02,9.092554551552268355e-03,2.921689544383443068e-02,6.277580550229742984e-02,8.886957159527185401e-02,4.381154409475424005e-02,1.021978538735655445e-01,1.236820913899958074e-01,1.300444023914217317e-01,3.281812301547298860e-02,1.569758422744418902e-01,9.403595907248792074e-02,1.523875051661859326e-01,9.684022783051415839e-02,1.783141823830491635e-01,8.249276896763782507e-02,6.577276513433599758e-02,5.799655003184205071e-02,3.373294108379865097e-02,7.853712120568914767e-02,7.955603925184755176e-02,1.008872034680549923e-01,8.362050815717403385e-02,2.272637071396221287e-01,2.149919159257482892e-01,3.606337705072269750e-02,1.486319345048076057e-01,4.393283113969223552e-01,2.057467321958392215e-01,2.313789229518153634e-01,1.751921260929993063e-01,2.599857923130347720e-02,1.449649491915833144e-01
4.181615918483343880e-02,4.487405614429369749e-02,3.376369724633539182e-02,3.720054673227138342e-02,1.037253560118325119e-01,1.470833332694994056e-01,0.000000000000000000e+00,1.573856592140408447e-02,1.781481352696362153e-01,7.730545223638074503e-02,1.284559247711520025e-01,7.100442734037998305e-02,1.999356308650102609e-01,5.363073043594131228e-02,4.684952158131992783e-02,5.073046628740752323e-02,2.622869574891541558e-02,6.062987032944323895e-02,7.020975276565132039e-02,1.283119015699376586e-01,5.417161898093195149e-02,1.940024915904929592e-01,1.618083389427256991e-01,6.141750483616608552e-02,1.474023818861366353e-01,3.251367570268421381e-01,2.281419223210675029e-01,2.446786394845957835e-01,2.277588452014814580e-01,4.313222220305963639e-02,1.458261794841422265e-01,6.226984006213799605e-02,4.183373244169439481e-02,6.621430624728739944e-02,3.635104477379637322e-02,6.201012163225939899e-02,2.703793989546694060e-02,1.590902750990678266e-02,5.530795292612342151e-02,4.051794260162248223e-02,3.482105170408016093e-02,3.039161902200583978e-02,4.785397130792874709e-02,1.660242859904707130e-02,8.889670540282433933e-03,2.655356449924707596e-02,5.974776728320188579e-02,8.573369820667572916e-02,4.183466897286890196e-02,9.845592196464060530e-02,1.176871923808190390e-01,1.230721482105015252e-01,3.129659561734716294e-02,1.505618476910695613e-01,9.226526294410138107e-02,1.480736413435861654e-01,9.390292697463030469e-02,1.707305060438910616e-01,8.030810857272349668e-02,6.375285228271311555e-02,5.635126087497165787e-02,3.248069098132273791e-02,7.598586773465523803e-02,7.764527499004984790e-02,9.624690584170599028e-02,8.171183191231680409e-02,2.216015522819892447e-01,2.061865802350529298e-01,3.349554719443505885e-02,1.413497631549444078e-01,4.249392388185880276e-01,1.974544309705006107e-01,2.212206402007297068e-01,1.684468676236026696e-01,2.439634986544978942e-02,1.379952750483244839e-01
4.567656594426499142e-03,4.930840416725822822e-03,3.707847702797145359e-03,3.867640847850676265e-03,1.163039856057491821e-02,1.659074559219827702e-02,1.573856592140408447e-02,0.000000000000000000e+00,1.994164506498827261e-02,8.567161203170622907e-03,1.428969376136105321e-02,8.098939524786677099e-03,2.237858279273179443e-02,5.765609844754048495e-03,6.336162884332910937e-03,5.578673239183368562e-03,2.989740911877380308e-03,7.114672962591234856e-03,7.917780638742823521e-03,1.400658895597030849e-02,6.241804448168246540e-03,2.347127207362363979e-02,1.947258467969421869e-02,7.135845300993808038e-03,1.645413209238284075e-02,3.920917519508742427e-02,2.489967680258077867e-02,2.827512179150009144e-02,2.595473713943230801e-02,4.904141789066288754e-03,1.696966893171667282e-02,7.383155033006081995e-03,4.915536520788722774e-03,7.587668954949348434e-03,4.135995647336378027e-03,6.496969269622636725e-03,2.978455380654600800e-03,2.071561853059766464e-03,6.500459696983350473e-03,4.683132749987657488e-03,4.103318407257998054e-03,3.270349531748026773e-03,5.239735500959763828e-03,1.830326817491723795e-03,1.240808190638427715e-03,2.790729963112234535e-03,6.550376216488239776e-03,9.111600463136769468e-03,4.565693991100745752e-03,1.131827243677323465e-02,1.377793961761479558e-02,1.418913627782127790e-02,3.571934646506842552e-03,1.805035921287211076e-02,9.972158968762002973e-03,1.748254960415985063e-02,1.067053706701727098e-02,2.007039238352662999e-02,8.810662489156680793e-03,7.503279362934383787e-03,6.420880215544774207e-03,3.556648805251169058e-03,8.943066844699178175e-03,8.766432555575427027e-03,1.075033898782975367e-02,8.919528139808129835e-03,2.591172010897027991e-02,2.427037157135766149e-02,4.018484507528967756e-03,1.632625275946967061e-02,5.078196276342230447e-02,2.228239775485036170e-02,2.656303442043795801e-02,1.977666192092706471e-02,3.101620368118262680e-03,1.576887805653011745e-02
5.141205677050503936e-02,5.727545950194766478e-02,4.241858842498609505e-02,4.612603976439903081e-02,1.290009386302550798e-01,1.831550593555426598e-01,1.781481352696362153e-01,1.994164506498827261e-02,0.000000000000000000e+00,9.716472371933104757e-02,1.571768991998873377e-01,8.774155600931608789e-02,2.512308083214478405e-01,6.732222648751012839e-02,5.817848377319366493e-02,6.289742202156975437e-02,3.319667616600582155e-02,7.673255378081557387e-02,8.740628253094558098e-02,1.598701700009310389e-01,6.709101337063103077e-02,2.423946610691225800e-01,2.044806358399926249e-01,7.693516859838496480e-02,1.859228567883196015e-01,4.080143708391182900e-01,2.855867559244350540e-01,3.089830616411743947e-01,2.853138644693352655e-01,5.378431961225164926e-02,1.816652490950798615e-01,7.626397892971997772e-02,5.174347187407510318e-02,8.183973952085075998e-02,4.531131890863678013e-02,7.776584992026333576e-02,3.359509059871580716e-02,1.962801189907742785e-02,6.762523178163543092e-02,5.014901763619043079e-02,4.412087677087926652e-02,3.804210835650728706e-02,5.976356608206973703e-02,2.061215882388147194e-02,1.129534069638717803e-02,3.311983900384939117e-02,7.642595044493580292e-02,1.070115991042554782e-01,5.257612961145625291e-02,1.225838786055306329e-01,1.497222503328454468e-01,1.566432176352806627e-01,3.927403712523661744e-02,1.914250064790839478e-01,1.144567749915147842e-01,1.856607481139221361e-01,1.167134244636439666e-01,2.163578467350093515e-01,9.919488654512501058e-02,7.966806410438434516e-02,7.030208043529059814e-02,4.059840458271971736e-02,9.473113597678002595e-02,9.709752761255956155e-02,1.217007219695125098e-01,1.005316248034245075e-01,2.762022063148870665e-01,2.607330776653390969e-01,4.318559766284846280e-02,1.793467843653427374e-01,5.323315899901274184e-01,2.490849180653309514e-01,2.798334023588395780e-01,2.124131021518037288e-01,3.141727342365922132e-02,1.741181784142739053e-01
2.301048491436856122e-02,2.365371331282310752e-02,1.775743592767202103e-02,2.039092448593310403e-02,5.752375717672172928e-02,8.046367800792576797e-02,7.730545223638074503e-02,8.567161203170622907e-03,9.716472371933104757e-02,0.000000000000000000e+00,7.101296598446103780e-02,3.839110344192640106e-02,1.098101313852836158e-01,2.917958268904841806e-02,2.600175103384481587e-02,2.788467377199061251e-02,1.388817606717675235e-02,3.357743492062173485e-02,3.855233165528220568e-02,7.079824978177351458e-02,2.937516797149868769e-02,1.079658324053386631e-01,8.852377861721566488e-02,3.339787643854372212e-02,8.096782030813255704e-02,1.778049308148573482e-01,1.253366848289461377e-01,1.342692441135898140e-01,1.259258534417938558e-01,2.369021182481951399e-02,8.140262419862509535e-02,3.390076740918884779e-02,2.303572261709173688e-02,3.659742508021965324e-02,1.962050708516369438e-02,3.438367965329934550e-02,1.485029454610729653e-02,8.874864478768534903e-03,2.988268036729770788e-02,2.259317708122929313e-02,1.852233566403587925e-02,1.606112945510138057e-02,2.642502064808398970e-02,8.823881760020345702e-03,4.812934588172970880e-03,1.432558684038489835e-02,3.307610995133961063e-02,4.644982590411492196e-02,2.297943421984301876e-02,5.509437717012152097e-02,6.331136090694919338e-02,6.712234517371588882e-02,1.668849861615176802e-02,8.296496832811280087e-02,5.062501524467882125e-02,8.141673730957142696e-02,5.077999845639294407e-02,9.248340555772810445e-02,4.444208163762934649e-02,3.467317476436021506e-02,3.152546080962528863e-02,1.786457867052522117e-02,4.248831676299680976e-02,4.227284581796197233e-02,5.214408531639401490e-02,4.450106639559802540e-02,1.229300732556151965e-01,1.123699475171663353e-01,1.763005147293844610e-02,7.784021428384821362e-02,2.338056364362633976e-01,1.080335529925052496e-01,1.206222669292023875e-01,9.231801752372931213e-02,1.318994887508643382e-02,7.527642889972907536e-02
3.762102525372229556e-02,4.161773207289080206e-02,3.085794425400076313e-02,3.324127383916902073e-02,9.505561470001488988e-02,1.295706548609435460e-01,1.284559247711520025e-01,1.428969376136105321e-02,1.571768991998873377e-01,7.101296598446103780e-02,0.000000000000000000e+00,6.419962445243455884e-02,1.797704437063455674e-01,4.921657520705827876e-02,4.162147827311100945e-02,4.566698670408632366e-02,2.371122754043532982e-02,5.467993590585503577e-02,6.268129810455141948e-02,1.152247635200508019e-01,4.914266698321197863e-02,1.749716208448935661e-01,1.455977677556430094e-01,5.526953675074527950e-02,1.332194036291621531e-01,2.908411270272070470e-01,2.038324353279076240e-01,2.209963423132321747e-01,2.018850008122501094e-01,3.956144560554217954e-02,1.305721498758230792e-01,5.518417462329781170e-02,3.684470147189299050e-02,5.873289422546371097e-02,3.249955998034251281e-02,5.656097801298073241e-02,2.416356800276430947e-02,1.411029444960349745e-02,4.851152979898536166e-02,3.575368611216933612e-02,3.155028137068286581e-02,2.710631397897973055e-02,4.335376945070783944e-02,1.509074659761588943e-02,7.875040025789637604e-03,2.417914307473566227e-02,5.431237909206784731e-02,7.650480926070046817e-02,3.752375964880987069e-02,9.034202849158270987e-02,1.056596874780253020e-01,1.127567397057894633e-01,2.781589759980448995e-02,1.353431515784069006e-01,8.358319824675518317e-02,1.327468515592268306e-01,8.489378279795976867e-02,1.549975623880876507e-01,7.257535031562867278e-02,5.633277599024068966e-02,5.085877134102742558e-02,2.944940877657693801e-02,6.755783396833028864e-02,6.934925905397615331e-02,8.773450793286778626e-02,7.307914982220148348e-02,1.979641324216571407e-01,1.832409829697484727e-01,3.078126631765196880e-02,1.276509530624445332e-01,3.794962522133429883e-01,1.781589835675292943e-01,2.017690602258992161e-01,1.510963208802157398e-01,2.310286031499292347e-02,1.231702600155056837e-01
2.149888645904711112e-02,2.211824256090482929e-02,1.684994344895512572e-02,1.875640250029930040e-02,5.225068451809132541e-02,7.314667595572346692e-02,7.100442734037998305e-02,8.098939524786677099e-03,8.774155600931608789e-02,3.839110344192640106e-02,6.419962445243455884e-02,0.000000000000000000e+00,1.009807628322864359e-01,2.707321604909060028e-02,2.396779437100942517e-02,2.543636148850461284e-02,1.287668953178748923e-02,3.045728716236140166e-02,3.490409074243062959e-02,6.440467207225386570e-02,2.755543948374814325e-02,9.758003502050310862e-02,8.142839424668739390e-02,3.056320026036945386e-02,7.321981307195642164e-02,1.635096792262282495e-01,1.133174436010990493e-01,1.229685569985294047e-01,1.144024309716239196e-01,2.190561046422668037e-02,7.409687893588111363e-02,3.090143087108777192e-02,2.120837718833527494e-02,3.366300440582839504e-02,1.819361659177352528e-02,3.118314797585903381e-02,1.363212472713782632e-02,7.959067292684605943e-03,2.711136952697047742e-02,2.083518929751534271e-02,1.747857709286470759e-02,1.524025152967873643e-02,2.403725781087085248e-02,8.259968737501227967e-03,4.283118611847517784e-03,1.394652085194360985e-02,2.997020727289078507e-02,4.254340161395760850e-02,2.106356986045211308e-02,5.001636230011907713e-02,5.745354683093362169e-02,6.195227698269059613e-02,1.546368356019177034e-02,7.472567985852524020e-02,4.580133533474715912e-02,7.375353419100356966e-02,4.729840082571183657e-02,8.511002678349985362e-02,4.035841164784659263e-02,3.193969259857393911e-02,2.835830824943057216e-02,1.615298550904963742e-02,3.824709029520394210e-02,3.892114745417819127e-02,4.752228930141506880e-02,4.123575256623938923e-02,1.100967478120775667e-01,1.022183044995628870e-01,1.656262036574674204e-02,6.984883936967385687e-02,2.130318140812700600e-01,9.706974116698334487e-02,1.113813846081387893e-01,8.336943878204432223e-02,1.223467867004884163e-02,6.998247507751913232e-02
5.920516273982828065e-02,6.409210302428151873e-02,4.746522906822727567e-02,5.254761065523465280e-02,1.465422736574285845e-01,2.077651966486933621e-01,1.999356308650102609e-01,2.237858279273179443e-02,2.512308083214478405e-01,1.098101313852836158e-01,1.797704437063455674e-01,1.009807628322864359e-01,0.000000000000000000e+00,7.566887553976864300e-02,6.653685257776216500e-02,7.166035012513022329e-02,3.681720250238532111e-02,8.630032454263146524e-02,9.863042994220626303e-02,1.808397245168818501e-01,7.689979069015401292e-02,2.756426099758354509e-01,2.294834878845747050e-01,8.753379287739054826e-02,2.094731542631331211e-01,4.632731985736155966e-01,3.223172216567652404e-01,3.475233483488259778e-01,3.225538759195946681e-01,6.057511802644630072e-02,2.062794293336711049e-01,8.788332020695099889e-02,5.937283587519252837e-02,9.352473556886002626e-02,5.158953359117129239e-02,8.784759043668326217e-02,3.819747553355281461e-02,2.249477149173491342e-02,7.800660505281334367e-02,5.763527096447647324e-02,4.969133656950518868e-02,4.362538057354271859e-02,6.722213164641235861e-02,2.327244661748068683e-02,1.278143692169927612e-02,3.779246597015312181e-02,8.531912309208669609e-02,1.212298382478967235e-01,5.939753172895800154e-02,1.393210097135620107e-01,1.662292910913535648e-01,1.742836359421027215e-01,4.438248733645470262e-02,2.144236997199361616e-01,1.304290307174826025e-01,2.098275498746497714e-01,1.334324006432260623e-01,2.420402056142331726e-01,1.127035224024756921e-01,9.082242638217996600e-02,7.993073347577887844e-02,4.571660788059640768e-02,1.079401362157155625e-01,1.092837473088861533e-01,1.362772730471604465e-01,1.149256538968842500e-01,3.146727089704532410e-01,2.923622549625228828e-01,4.818478695231545594e-02,2.019543608241065880e-01,6.051538532905894607e-01,2.806945850756315530e-01,3.136741780681379654e-01,2.381027634864308351e-01,3.459809104010771325e-02,1.961486269628029133e-01
1.619099079660135665e-02,1.680568992122745409e-02,1.267915194365185072e-02,1.415904686914602924e-02,3.978057310050191198e-02,5.577888013105721660e-02,5.363073043594131228e-02,5.765609844754048495e-03,6.732222648751012839e-02,2.917958268904841806e-02,4.921657520705827876e-02,2.707321604909060028e-02,7.566887553976864300e-02,0.000000000000000000e+00,1.786153564629927581e-02,1.930027004878901581e-02,9.656536387451793157e-03,2.261143448713043985e-02,2.685492155377674009e-02,4.831858723272831196e-02,2.064451325220518704e-02,7.287305292352790065e-02,6.139042078603326735e-02,2.334156705994995529e-02,5.534284203763498167e-02,1.218721680751858188e-01,8.676833821150976844e-02,9.237485024105285270e-02,8.634748578089694593e-02,1.649561015266267847e-02,5.506924743404019440e-02,2.376631562791301638e-02,1.594404229014002861e-02,2.506771832853744997e-02,1.389516460562576113e-02,2.336917519211559671e-02,1.008339873320293102e-02,5.960477203374323941e-03,2.101281425211965273e-02,1.515270159133331150e-02,1.301715907588774784e-02,1.148479266063016403e-02,1.842458012204633774e-02,6.419504453121258752e-03,3.210855283522452783e-03,1.005347414902888793e-02,2.281706257253334966e-02,3.287748217043480470e-02,1.617839202924544612e-02,3.798049560638814409e-02,4.460218796638021344e-02,4.654494613482660498e-02,1.182071828408551468e-02,5.694083614490576956e-02,3.512862334558364968e-02,5.687051909458094856e-02,3.594385671016937789e-02,6.468211758278320789e-02,3.099472514789929078e-02,2.428970489257611595e-02,2.150782802538547464e-02,1.227276871485641525e-02,2.894746706364373715e-02,2.979321056739025336e-02,3.619488526421843488e-02,3.117762695479641202e-02,8.432490892147814776e-02,7.801442667992043722e-02,1.254632990147330242e-02,5.403640097922639274e-02,1.615327128132029166e-01,7.551457207689721285e-02,8.367442748524402119e-02,6.332667329797554701e-02,9.188230732565614428e-03,5.203639023194496505e-02
1.430158817602869212e-02,1.557702528767918732e-02,1.231123706523394069e-02,1.177718491045220452e-02,3.459303254104926367e-02,4.801458265916082324e-02,4.684952158131992783e-02,6.336162884332910937e-03,5.817848377319366493e-02,2.600175103384481587e-02,4.162147827311100945e-02,2.396779437100942517e-02,6.653685257776216500e-02,1.786153564629927581e-02,0.000000000000000000e+00,1.685555123948995551e-02,9.141420992043973806e-03,2.085539451399022123e-02,2.327939200838104877e-02,4.241667794030146155e-02,1.853173888587776943e-02,6.765635976836616161e-02,5.779581809669871728e-02,2.150574528083955966e-02,4.930019781437277454e-02,1.131908097873258467e-01,7.482891443734883408e-02,8.427336493159255648e-02,7.468648204657050982e-02,1.460065356364821307e-02,5.039135909970739180e-02,2.090403781689003163e-02,1.446092123347213383e-02,2.326510475768081218e-02,1.237915172711052253e-02,2.059060110620328579e-02,9.012836085099791561e-03,6.060537332311378457e-03,1.897765083185585372e-02,1.392927910040090041e-02,1.283693168587773242e-02,1.029560412348280024e-02,1.559918182626838373e-02,5.402628135976431101e-03,3.421899985412087380e-03,9.779291899258928458e-03,2.010010674011135715e-02,2.795729329523557322e-02,1.346481812147067893e-02,3.301456133747257549e-02,3.990379051303653835e-02,4.276981148325205428e-02,1.073291951085130966e-02,5.210563702731585423e-02,3.017760253913356894e-02,4.883373366195818688e-02,3.190424457896021138e-02,5.894528583094064966e-02,2.567852865161572226e-02,2.155945006334466021e-02,1.908066666847136467e-02,1.070894952341281368e-02,2.544254581494138912e-02,2.543662785824855541e-02,3.297763986411850201e-02,2.619349787537457105e-02,7.389544015592830473e-02,7.050853013462400620e-02,1.277920355665751288e-02,4.832517694284758913e-02,1.457272477102066199e-01,6.630966195139126329e-02,7.811483595203069785e-02,5.773499314203470179e-02,9.361843287361741942e-03,4.676711972417151725e-02
1.519310165762283518e-02,1.607226918244686331e-02,1.205687657345740765e-02,1.334328709530942930e-02,3.746515635565825925e-02,5.211274871571348194e-02,5.073046628740752323e-02,5.578673239183368562e-03,6.289742202156975437e-02,2.788467377199061251e-02,4.566698670408632366e-02,2.543636148850461284e-02,7.166035012513022329e-02,1.930027004878901581e-02,1.685555123948995551e-02,0.000000000000000000e+00,9.401802747443833291e-03,2.158954146462236171e-02,2.474618866739573125e-02,4.588030856471734392e-02,1.954635840359268337e-02,6.890253823492892282e-02,5.811537289439158011e-02,2.216584765238604343e-02,5.233997417220496301e-02,1.152431561754391209e-01,8.163845832418267778e-02,8.772205179182944457e-02,8.069518686444686340e-02,1.548871315496535249e-02,5.213455521495703043e-02,2.189348873121526803e-02,1.523288705194339454e-02,2.406347104214117544e-02,1.314476958736922677e-02,2.244879360705395385e-02,9.698992660424071363e-03,5.673688060730419473e-03,1.955515167060625434e-02,1.454612180913112708e-02,1.259743370600928392e-02,1.085225650107000950e-02,1.741958896994769482e-02,6.049700141820460626e-03,3.081365077013963755e-03,9.574134069456723128e-03,2.121310845501862483e-02,3.034116941168559303e-02,1.511308682630902248e-02,3.539098227495877935e-02,4.199731611094048578e-02,4.458519697191151016e-02,1.112755696167132963e-02,5.340533942156680536e-02,3.287457522150585842e-02,5.236480536660150648e-02,3.349829183588404202e-02,6.142494321199616636e-02,2.871044632645818051e-02,2.274608622462312782e-02,2.016427619015188910e-02,1.158373489808176525e-02,2.716653959807565841e-02,2.757762829486376521e-02,3.429379371912179980e-02,2.882246405970826861e-02,7.861337396333954730e-02,7.306737391628304046e-02,1.189940702087731797e-02,5.060660728838162897e-02,1.512799545914069455e-01,7.041470139032367237e-02,7.960695382653926178e-02,5.951537764743342063e-02,8.528369003668720763e-03,4.938721958067218004e-02
7.594291137857636306e-03,7.916906205857015058e-03,5.996176540773456159e-03,6.839906431862575846e-03,1.938079534835705775e-02,2.715832483807173112e-02,2.622869574891541558e-02,2.989740911877380308e-03,3.319667616600582155e-02,1.388817606717675235e-02,2.371122754043532982e-02,1.287668953178748923e-02,3.681720250238532111e-02,9.656536387451793157e-03,9.141420992043973806e-03,9.401802747443833291e-03,0.000000000000000000e+00,1.114106227697707167e-02,1.289367820229416796e-02,2.356177527564862553e-02,1.004035309993485739e-02,3.668145111348867365e-02,3.038107267948349233e-02,1.136398258816935514e-02,2.703489048982823245e-02,6.120703132912434785e-02,4.223888897639466178e-02,4.546452142045600414e-02,4.255257209749278152e-02,7.641667249423011316e-03,2.746565973361647650e-02,1.175344607830827032e-02,7.875776121155798198e-03,1.237366224552227494e-02,6.778134591624861843e-03,1.119810269316906699e-02,5.031240310664400646e-03,3.108498823411280469e-03,1.032515539323778167e-02,7.756795541084517825e-03,6.133073093147800407e-03,5.340101219160646971e-03,8.574901745181291030e-03,2.955113272508352353e-03,1.743547000875002350e-03,4.495480891416012668e-03,1.103504719743097703e-02,1.580272369213318873e-02,7.854923498890787822e-03,1.833554681021471247e-02,2.201616870236070000e-02,2.268610606026294149e-02,5.772389654130295235e-03,2.833706220133877518e-02,1.671349502611082019e-02,2.775610070178967728e-02,1.717393598433899701e-02,3.164475565748934432e-02,1.462227369894767044e-02,1.193724947490457967e-02,1.065673554305418200e-02,5.888001099830010056e-03,1.461746346268997729e-02,1.429651502977954958e-02,1.760474898805391292e-02,1.487644220662858591e-02,4.181454048174980398e-02,3.858204617005607517e-02,6.088449270343377143e-03,2.638391345815049513e-02,7.979771418832612428e-02,3.700539244737007655e-02,4.096900027545068851e-02,3.205311659030729565e-02,4.387941129803606469e-03,2.526886532772948737e-02
1.760332487418981087e-02,1.938158301561221028e-02,1.411112457902932368e-02,1.564768840896181568e-02,4.448677083078460270e-02,6.353387160795162525e-02,6.062987032944323895e-02,7.114672962591234856e-03,7.673255378081557387e-02,3.357743492062173485e-02,5.467993590585503577e-02,3.045728716236140166e-02,8.630032454263146524e-02,2.261143448713043985e-02,2.085539451399022123e-02,2.158954146462236171e-02,1.114106227697707167e-02,0.000000000000000000e+00,3.005961105622366458e-02,5.495829552594248130e-02,2.301681256662884562e-02,8.516256652451571763e-02,7.064451219838489837e-02,2.644306065574383857e-02,6.380723370583134268e-02,1.411779695207531493e-01,9.739345328192426654e-02,1.068650606129059738e-01,9.869426738127846932e-02,1.838719807288463973e-02,6.306760311200967917e-02,2.649156999168798127e-02,1.800804337710575770e-02,2.859833210732872638e-02,1.552612804564169544e-02,2.630183604622180274e-02,1.144856242787421069e-02,7.130505900871540216e-03,2.369373178290416077e-02,1.762060489053458856e-02,1.511218234699356414e-02,1.278307827379743591e-02,2.045736695509902184e-02,6.977321362028985653e-03,3.987515846932600076e-03,1.140358293301284125e-02,2.614649870209974358e-02,3.634210198291323163e-02,1.775019893916673225e-02,4.266358617108452489e-02,5.073306349207384186e-02,5.352768687363708422e-02,1.320098860504326926e-02,6.592098526497168487e-02,3.962142000141662818e-02,6.400656148329757211e-02,3.993122473980961068e-02,7.336089938465760463e-02,3.381284895553941794e-02,2.747307979152677562e-02,2.468009054031545385e-02,1.398062654777415884e-02,3.327363080544178120e-02,3.312811595718249957e-02,4.195448424615185606e-02,3.404101668728579111e-02,9.662648834036488554e-02,8.946759591909243803e-02,1.474528118027915863e-02,6.189867614823742203e-02,1.842059933726137577e-01,8.559227236060978905e-02,9.608288588607397096e-02,7.329742223961126235e-02,1.084895805910789969e-02,5.986274360862392507e-02
2.070261947009669271e-02,2.207895596115471218e-02,1.668973642956985901e-02,1.821378173017017613e-02,5.147440846604315473e-02,7.274457980643819766e-02,7.020975276565132039e-02,7.917780638742823521e-03,8.740628253094558098e-02,3.855233165528220568e-02,6.268129810455141948e-02,3.490409074243062959e-02,9.863042994220626303e-02,2.685492155377674009e-02,2.327939200838104877e-02,2.474618866739573125e-02,1.289367820229416796e-02,3.005961105622366458e-02,0.000000000000000000e+00,6.302866479584826043e-02,2.642477519878790038e-02,9.620436080586196315e-02,8.102364708246614922e-02,3.031581985664727474e-02,7.289945581683347775e-02,1.600172751445750052e-01,1.130176462433420681e-01,1.215332260818485777e-01,1.124005819669837009e-01,2.160754850020866341e-02,7.268725516068857972e-02,3.041555234867786631e-02,2.065609279646347246e-02,3.280900128155517237e-02,1.790687170430844619e-02,3.109476275546271123e-02,1.335183994419754730e-02,7.988928766202925066e-03,2.705327023092267066e-02,2.001629543253595489e-02,1.764137642268361061e-02,1.496284279802895419e-02,2.380565542033731205e-02,8.214785910879415787e-03,4.487056500868630109e-03,1.347634341791442009e-02,2.989196248374814679e-02,4.206401618433817241e-02,2.073852853126608581e-02,4.921393422338159879e-02,5.808478388466337128e-02,6.247288519639297710e-02,1.503785501328508759e-02,7.534391900362281957e-02,4.554486791371138710e-02,7.286715221757701644e-02,4.678483147917778667e-02,8.562653376540421690e-02,3.959081622149836915e-02,3.142521069107179210e-02,2.780432502319922505e-02,1.595328364852814651e-02,3.745796388511172387e-02,3.806225517202372483e-02,4.767300871896292674e-02,3.976965952424017098e-02,1.086972249618115699e-01,1.019831424165339173e-01,1.730540487985596579e-02,7.066515294487911436e-02,2.104470897608945179e-01,9.789165360332603705e-02,1.112012143657839097e-01,8.321998097166305453e-02,1.245335457228959226e-02,6.867356507131386345e-02
3.860492347043820160e-02,4.046357799695818325e-02,3.030469296046457706e-02,3.355964585225205965e-02,9.421117723597663418e-02,1.326602767430944962e-01,1.283119015699376586e-01,1.400658895597030849e-02,1.598701700009310389e-01,7.079824978177351458e-02,1.152247635200508019e-01,6.440467207225386570e-02,1.808397245168818501e-01,4.831858723272831196e-02,4.241667794030146155e-02,4.588030856471734392e-02,2.356177527564862553e-02,5.495829552594248130e-02,6.302866479584826043e-02,0.000000000000000000e+00,4.913664263320610681e-02,1.748373039356143910e-01,1.469750880192632891e-01,5.559057532939521568e-02,1.330475858132401934e-01,2.939498476107934577e-01,2.055208791808039726e-01,2.227871492621583960e-01,2.050722585195652869e-01,3.901295244406659951e-02,1.327054923870913949e-01,5.571648921814209565e-02,3.789673047606594014e-02,6.068877279992140883e-02,3.313826894787445798e-02,5.638085900820459517e-02,2.426816423290670613e-02,1.414716491211662555e-02,4.937112213688409773e-02,3.673817804562694300e-02,3.157798539387520614e-02,2.747522879714947922e-02,4.360086807579112433e-02,1.499623196863593411e-02,7.695321087542014195e-03,2.443533764260710783e-02,5.491734006891776237e-02,7.642733063055037745e-02,3.843425282170669088e-02,9.071593557109824957e-02,1.056185586103963320e-01,1.131799663448278676e-01,2.789251448011858744e-02,1.349596410023168047e-01,8.323619998178001522e-02,1.336675083903909322e-01,8.473217253605709598e-02,1.539761536840387746e-01,7.293674062556793070e-02,5.717110788565835794e-02,5.113278353226684281e-02,2.943689088819144081e-02,6.887778980045319854e-02,6.933067545835558398e-02,8.612170449256600913e-02,7.289075141013523496e-02,1.992788212572519091e-01,1.852520629189826074e-01,3.028803193519394310e-02,1.285112115591904303e-01,3.839948862544024788e-01,1.778982039935148585e-01,2.004545674072092665e-01,1.518097057554120000e-01,2.216576578595579050e-02,1.255565726617925426e-01
1.664209080818720987e-02,1.702714320144289514e-02,1.291105678495209005e-02,1.408797260867103093e-02,4.009389331089267816e-02,5.617445496463185917e-02,5.417161898093195149e-02,6.241804448168246540e-03,6.709101337063103077e-02,2.937516797149868769e-02,4.914266698321197863e-02,2.755543948374814325e-02,7.689979069015401292e-02,2.064451325220518704e-02,1.853173888587776943e-02,1.954635840359268337e-02,1.004035309993485739e-02,2.301681256662884562e-02,2.642477519878790038e-02,4.913664263320610681e-02,0.000000000000000000e+00,7.506896254745920594e-02,6.406294868268772036e-02,2.422378128030979946e-02,5.628804629007229388e-02,1.282186338359637690e-01,8.742345689027902766e-02,9.342598305726081132e-02,8.661068410564647102e-02,1.647861898483751752e-02,5.671505973525037964e-02,2.409963019702509798e-02,1.647819205495311412e-02,2.574055076341681333e-02,1.406300074241416051e-02,2.364866901752345554e-02,1.039027262344809771e-02,6.316911398878787345e-03,2.146216653636917951e-02,1.565380706552579881e-02,1.313963874748307406e-02,1.164469492352226271e-02,1.790524330812778842e-02,6.317009715881681357e-03,3.510717318931719146e-03,1.040682816516172969e-02,2.243204947511516847e-02,3.277371548022509073e-02,1.608975132898003008e-02,3.836636534318344643e-02,4.498704293122764153e-02,4.747979969343334161e-02,1.186150054232842921e-02,5.759997340562462986e-02,3.448003147447875616e-02,5.713051888073313739e-02,3.685763125334617224e-02,6.582716594370957575e-02,3.071269041208074535e-02,2.499309003105976493e-02,2.166426234356422925e-02,1.230144001338144555e-02,2.945834723235406585e-02,2.919782846713924601e-02,3.642330784966282126e-02,3.164533086745513479e-02,8.434406000341697351e-02,7.977324004860684992e-02,1.308691737437893236e-02,5.391141193345765775e-02,1.657453263904757612e-01,7.471266850519368841e-02,8.573035405462123282e-02,6.487774455473026280e-02,9.428389502376236658e-03,5.305145222371016045e-02
