0.000000000000000000e+00,1.283228188472693501e-02,1.173614003534268965e-02,6.306453551738063282e-03,2.297406550394476624e-02,3.255218842228042170e-02,3.213406461621692856e-02,7.930176548267834497e-03,3.715143315338519797e-02,1.891328555467289632e-02,2.461766899723555335e-02,1.728216573722367658e-02,4.413408135856158876e-02,1.135165675112022841e-02,1.369469507198584589e-02,1.027764102477828935e-02,6.376572468743336303e-03,1.545746772585236510e-02,1.766833626365925045e-02,2.738451278632628855e-02,1.373084376563994159e-02,5.222332445500622172e-02,4.470941260201079237e-02,1.500119818073116125e-02,3.577033976007061578e-02,7.993180723471268734e-02,4.257657810891071759e-02,5.803550053601583270e-02,4.568769978842084079e-02,1.023225806387387075e-02,3.155092613342929536e-02,1.249508762242894019e-02,9.100984766040797966e-03,1.344719403410650667e-02,8.248314917208496300e-03,1.040094220656814610e-02,5.750318438285244825e-03,4.293107297359504207e-03,1.247132362039713414e-02,8.157093255893293343e-03,9.746192825018954939e-03,5.979060286441595720e-03,9.863532164045408709e-03,3.600128178409266709e-03,3.624830041366437078e-03,6.730707432774082032e-03,1.540483448611068042e-02,1.709414756418039388e-02,6.067688876934241270e-03,1.931926684935822078e-02,3.120187770183367390e-02,3.279713288917103509e-02,8.700227653326633726e-03,4.044439563226143175e-02,1.985401255414350960e-02,3.390144889326088262e-02,1.802974129781401494e-02,4.475533350968025070e-02,1.425137937422655404e-02,1.349446022367710614e-02,1.117296631827183889e-02,7.808890091079479651e-03,1.461700705274920735e-02,1.976824017397175309e-02,2.770494744271212798e-02,1.528707022538127597e-02,4.986283966003755147e-02,4.864790642225096801e-02,1.021158973845598048e-02,3.322263592100652141e-02,9.329467071169164627e-02,4.386826179180405155e-02,5.968648834438869399e-02,3.925756310677866456e-02,1.016680566572437071e-02,3.159114308841692170e-02
1.283228188472693501e-02,0.000000000000000000e+00,2.064085847706537136e-02,1.124003517415966651e-02,4.034497796315207607e-02,5.749796190044170752e-02,5.695214060379268084e-02,1.384579172603873226e-02,6.587067788770815946e-02,3.312180437761050311e-02,4.345177233267234068e-02,2.914780077469839026e-02,7.805223085273348127e-02,1.970539814899032946e-02,2.313992622174340652e-02,1.806383954529830818e-02,1.118435263631292927e-02,2.764504667755472364e-02,3.123722484067284130e-02,4.796114055400884507e-02,2.298015932132662503e-02,9.184894771291726712e-02,7.813648521662878987e-02,2.477212698012981607e-02,6.276008401508725854e-02,1.374091050330036590e-01,7.457479091586376174e-02,1.025739294574460614e-01,8.018585010638117072e-02,1.789010373469359858e-02,5.553831218622989202e-02,2.146358821651390969e-02,1.602161649470134480e-02,2.354328548574837962e-02,1.449844000932156221e-02,1.800730051072654825e-02,1.022847300700081147e-02,7.337593938986582826e-03,2.160588911616186797e-02,1.418007415188093576e-02,1.685810745921147158e-02,1.019254691933894029e-02,1.754670039379494645e-02,6.462302230346194006e-03,6.325297853810192376e-03,1.039236287581577628e-02,2.724395853137842952e-02,3.053989884675277142e-02,1.066497380435464486e-02,3.388420593485094723e-02,5.506578814996559990e-02,5.781196049476478721e-02,1.526598978442420679e-02,7.156179038554047467e-02,3.457788761252795356e-02,5.967164823950311253e-02,2.973196579730912059e-02,7.857205681329236524e-02,2.526576347771276182e-02,2.208194978535615860e-02,1.968929873415541792e-02,1.384838101525235309e-02,2.566832974868909698e-02,3.542861775131733726e-02,4.941203145519096340e-02,2.562304117986577076e-02,8.828313019919183102e-02,8.458449794471668837e-02,1.648063913892916163e-02,5.872826564364366092e-02,1.603608025473176879e-01,7.678083221488464505e-02,1.052267196981701569e-01,6.931982442699019531e-02,1.810921446190675091e-02,5.609431536383264333e-02
1.173614003534268965e-02,2.064085847706537136e-02,0.000000000000000000e+00,1.015536667452310651e-02,3.683729911971435345e-02,5.298815688217008157e-02,5.211557497931571664e-02,1.271992519809171836e-02,6.056696641968800643e-02,3.052374857987064788e-02,3.905342146516204566e-02,2.747928738622636494e-02,7.208663734984141480e-02,1.845386920783676984e-02,2.146526880093348189e-02,1.640123961088945509e-02,1.029695759367999994e-02,2.525898734147404706e-02,2.859753781050836802e-02,4.353099255000974360e-02,2.121738382085206626e-02,8.339792943423288141e-02,7.122783912288750685e-02,2.321271230583626943e-02,5.774515188890629730e-02,1.275071951788030455e-01,6.821418597090472824e-02,9.369787037726150236e-02,7.388493945271651375e-02,1.632360413307550745e-02,5.049735851677632226e-02,1.911963645690470046e-02,1.463898971336024396e-02,2.179555080780153781e-02,1.343173471391585772e-02,1.698018201668347743e-02,9.238105610702240442e-03,6.934683517938632601e-03,1.916240645944894405e-02,1.311749756441242705e-02,1.569979597989654835e-02,9.629523268748954590e-03,1.623276233088549042e-02,5.844671115854175279e-03,5.843346785741415639e-03,1.017933479882149501e-02,2.452220338596913449e-02,2.842640211795049304e-02,9.700967073178391742e-03,3.085542674528654258e-02,5.050644529162891250e-02,5.268461539782730296e-02,1.394292208350284175e-02,6.513756000080450637e-02,3.133101518721647522e-02,5.453493501400411003e-02,2.843480346294303962e-02,7.196848230096919430e-02,2.309092480919079302e-02,2.098475267761133051e-02,1.809037247018226505e-02,1.260230204142822642e-02,2.353564285564327743e-02,3.239608236544969794e-02,4.501498951824876860e-02,2.381062466667360072e-02,8.048169498768487085e-02,7.761074387029245902e-02,1.591851075392872530e-02,5.326918891519257654e-02,1.484070719563711505e-01,7.103726007995454783e-02,9.636674803341431506e-02,6.429578708101355011e-02,1.673180916352330974e-02,5.097999857139178664e-02
6.306453551738063282e-03,1.124003517415966651e-02,1.015536667452310651e-02,0.000000000000000000e+00,2.025973963488504614e-02,2.864945549673229841e-02,2.850952735218518705e-02,6.848781179548305009e-03,3.291102984252980423e-02,1.652462957906153385e-02,2.181009704572791502e-02,1.455886141997050909e-02,3.925435903263627124e-02,1.002920961391711233e-02,1.111858888659505822e-02,8.906459513601614614e-03,5.645114483287671722e-03,1.388311238303236925e-02,1.534734769761226907e-02,2.360483002436203695e-02,1.135395442749100731e-02,4.501176138271871519e-02,3.830432315165842316e-02,1.220816178328820376e-02,3.141192102374407852e-02,6.796310008129557989e-02,3.677691267725599622e-02,5.051241038640185560e-02,3.990210776648386859e-02,8.803666810267611609e-03,2.748419581133570988e-02,1.087199696086945007e-02,8.091619792122410615e-03,1.185915078479624768e-02,7.356350137185690974e-03,9.105896106703200571e-03,5.001398798805744422e-03,3.645947785431581829e-03,1.079964454493641778e-02,7.178594650205961936e-03,8.485719536064022239e-03,5.159386658423806109e-03,8.621628380986238321e-03,3.221179574230510160e-03,3.123869358089900652e-03,5.270712070686561952e-03,1.330233484695686128e-02,1.526550861008354326e-02,5.359702181316215557e-03,1.677316268349274969e-02,2.750188243879913425e-02,2.873608725701710248e-02,7.557997741477174257e-03,3.537422500181659074e-02,1.737172542535009301e-02,2.951567374240440453e-02,1.499360526377301397e-02,3.927592381501591318e-02,1.256896672696117094e-02,1.092025759173793041e-02,9.955666497818973712e-03,6.984882955467688892e-03,1.287480719066685757e-02,1.753991567446102143e-02,2.426276362799766398e-02,1.298562657632904363e-02,4.323096325519809602e-02,4.198445650405267099e-02,8.167044221313956784e-03,2.920882129444412473e-02,7.991037084607204022e-02,3.834128077363764542e-02,5.204474707878793682e-02,3.458008503625433633e-02,8.838752094544658627e-03,2.784710022409302849e-02
2.297406550394476624e-02,4.034497796315207607e-02,3.683729911971435345e-02,2.025973963488504614e-02,0.000000000000000000e+00,1.034090678947152259e-01,1.039004185616005105e-01,2.497032380751678174e-02,1.180964802233239186e-01,6.041056490659478528e-02,7.855596018872297581e-02,5.275671385269704861e-02,1.406511211926830818e-01,3.635365189168777988e-02,4.057715704086516106e-02,3.237067084891004365e-02,2.064882037097448553e-02,5.031491221366137662e-02,5.559793450876372722e-02,8.507959189297754909e-02,4.129429418561399862e-02,1.626596494641928126e-01,1.383984830403705568e-01,4.390134787971495395e-02,1.132019903034494762e-01,2.451648838400516950e-01,1.315575990538560835e-01,1.825260207954317870e-01,1.432592593191689689e-01,3.194161800590485101e-02,9.991640499026682720e-02,3.938199831681275104e-02,2.956526370435821893e-02,4.302780858749012671e-02,2.669571606235200678e-02,3.300760656426923734e-02,1.863898802846163105e-02,1.326996167685519888e-02,3.937283769773868014e-02,2.600609582370190867e-02,3.076141634588589954e-02,1.853774654845466788e-02,3.139424524413575446e-02,1.174710946433668059e-02,1.136060783737256885e-02,1.894361199760990697e-02,4.818768578079413167e-02,5.471668417433899617e-02,1.934907839169639626e-02,6.097357265634800044e-02,9.931704067965260729e-02,1.046610602757173519e-01,2.739177238875134535e-02,1.275864880569233251e-01,6.304838735946857731e-02,1.069243787958169267e-01,5.375490138586725558e-02,1.417812366073087915e-01,4.542513265168311026e-02,3.941845351016633192e-02,3.602665424582186804e-02,2.498373923902643193e-02,4.644142438633520886e-02,6.283626054238164449e-02,8.763861822262290768e-02,4.656949439564413151e-02,1.564616657017194878e-01,1.509210292632617023e-01,2.941712920313025587e-02,1.050864928413080129e-01,2.872895347334668004e-01,1.369340379040808187e-01,1.884910757152312155e-01,1.245864950852815095e-01,3.228128567528094905e-02,1.007590638282884060e-01
3.255218842228042170e-02,5.749796190044170752e-02,5.298815688217008157e-02,2.864945549673229841e-02,1.034090678947152259e-01,0.000000000000000000e+00,1.463740220853622653e-01,3.493880909803558088e-02,1.699111954670791402e-01,8.467758045861752125e-02,1.092251683067394230e-01,7.458422159755068170e-02,2.013462080713870062e-01,5.139095972422534631e-02,5.802788391813229474e-02,4.583941751611832899e-02,2.895902481246331872e-02,7.141369959659399358e-02,7.886203337488104093e-02,1.220274255901308835e-01,5.824604121198439372e-02,2.341473252612885358e-01,1.973589743309915046e-01,6.313872129572462022e-02,1.623054337802342928e-01,3.532313154722578896e-01,1.901139781466225087e-01,2.616805851210317613e-01,2.062878176394445373e-01,4.589807559061310355e-02,1.412743245710768591e-01,5.468200334132113094e-02,4.148631568249876861e-02,6.056656922918280533e-02,3.750405383825725081e-02,4.724057058542038140e-02,2.627379223206554801e-02,1.889642114314664736e-02,5.429934988835435211e-02,3.705291717305574800e-02,4.332908065347696597e-02,2.631694820354817457e-02,4.491914790531547491e-02,1.645093823180138193e-02,1.613757123256824577e-02,2.783932674614013683e-02,6.917790219730879375e-02,7.848467927436510172e-02,2.749230948018858631e-02,8.628948059791168024e-02,1.425316684254499533e-01,1.485041566180000938e-01,3.858359229451755606e-02,1.835467094297463519e-01,8.791170955417397515e-02,1.509372991414240639e-01,7.637736085015728316e-02,2.011502227452819924e-01,6.432397312593793326e-02,5.641595210205242045e-02,5.089275313762293973e-02,3.564533213363433456e-02,6.591567967116662707e-02,8.950076352968473758e-02,1.260157418736805035e-01,6.567615486166505923e-02,2.247272320603672380e-01,2.156604545074707890e-01,4.262915067074389552e-02,1.501910132023575317e-01,4.122710451333881365e-01,1.977726533727366121e-01,2.687529832940197538e-01,1.794790749311885036e-01,4.610637618375724306e-02,1.432886177397669214e-01
3.213406461621692856e-02,5.695214060379268084e-02,5.211557497931571664e-02,2.850952735218518705e-02,1.039004185616005105e-01,1.463740220853622653e-01,0.000000000000000000e+00,3.520425753201494867e-02,1.682836742508458938e-01,8.530929878368748165e-02,1.110116128576574268e-01,7.408420292344740365e-02,1.990233462032173495e-01,5.104030138681997508e-02,5.699978311282809934e-02,4.585792426676589539e-02,2.916911217462204303e-02,7.094397122871537453e-02,7.884681535871661262e-02,1.206488310722124285e-01,5.761815283009722594e-02,2.306138253599129828e-01,1.945006932092719354e-01,6.155271377765856450e-02,1.605390861963156279e-01,3.447296047904090388e-01,1.859356914865679666e-01,2.583796530824495341e-01,2.020393225409732041e-01,4.492434882871229607e-02,1.397956763489391352e-01,5.503843115774746664e-02,4.159836706384448246e-02,6.082454481165047722e-02,3.777972594527248540e-02,4.678502591109905823e-02,2.622748095417820960e-02,1.886105082267289582e-02,5.501833379882764552e-02,3.713820389177448916e-02,4.364434031721120544e-02,2.642876857706434948e-02,4.450028822942823231e-02,1.645456120640904560e-02,1.618879585705313567e-02,2.633048193229590994e-02,6.836019084889775888e-02,7.711310652673530885e-02,2.738076997281908148e-02,8.568455355356799363e-02,1.397933593583719492e-01,1.476456392231952353e-01,3.847163467742649445e-02,1.808236686879499400e-01,8.922436602417221918e-02,1.509261236884272828e-01,7.543770670540374257e-02,2.001106372607667494e-01,6.396611450667397114e-02,5.507818867440453237e-02,5.088287936517262022e-02,3.522224516143793172e-02,6.505138250835704183e-02,8.905041842272673480e-02,1.241279001643147833e-01,6.513947840897672814e-02,2.206885175708100111e-01,2.112238664362715568e-01,4.130940724990646296e-02,1.477014584190435020e-01,4.020282012838706232e-01,1.931422406189518270e-01,2.662378974658881070e-01,1.757997243785096864e-01,4.553845600610590544e-02,1.424259882935155208e-01
7.930176548267834497e-03,1.384579172603873226e-02,1.271992519809171836e-02,6.848781179548305009e-03,2.497032380751678174e-02,3.493880909803558088e-02,3.520425753201494867e-02,0.000000000000000000e+00,4.018271527477920713e-02,2.087467127242692913e-02,2.631235514034156037e-02,1.854673211222095108e-02,4.813348466476545517e-02,1.243702695780436046e-02,1.428905568773579209e-02,1.091381457034494053e-02,7.083898853841225085e-03,1.711508939559287790e-02,1.888662563942244618e-02,2.897643466026948722e-02,1.413008532969775057e-02,5.570312018305351859e-02,4.712429540239970044e-02,1.563609989312855775e-02,3.892642646505724280e-02,8.542764536908718787e-02,4.474344899442143919e-02,6.292620484075873988e-02,4.891379611866607940e-02,1.077538678673592779e-02,3.379976843419307819e-02,1.280657094958985269e-02,1.011423224374432758e-02,1.479586838349000212e-02,9.065245197954506506e-03,1.139848329393117372e-02,6.314586325567029569e-03,4.580734630082598444e-03,1.288647377452130718e-02,8.841570312661516454e-03,1.059574310284180053e-02,6.430022235591032441e-03,1.094431381659404477e-02,4.053374464948245048e-03,3.959454373441945174e-03,6.773426316774586523e-03,1.662737285269164089e-02,1.873216051029938725e-02,6.737020904909542078e-03,2.067724595912030089e-02,3.377686145612628088e-02,3.589538875498449189e-02,9.376084265896169473e-03,4.353084811115755237e-02,2.131892345961883609e-02,3.680836197007536503e-02,1.917021835677083091e-02,4.832473976318808068e-02,1.542086193814083857e-02,1.398216321669383012e-02,1.241438581813373264e-02,8.396866577800771864e-03,1.588439691922665514e-02,2.145279493599556303e-02,2.981849682534574650e-02,1.613681539111237392e-02,5.386543030350455369e-02,5.160515805508259640e-02,1.054437332279993186e-02,3.576576123004963914e-02,9.955613547713458578e-02,4.708334102159318635e-02,6.462971568770520259e-02,4.236621555812148526e-02,1.091925156037084829e-02,3.437237362616439584e-02
3.715143315338519797e-02,6.587067788770815946e-02,6.056696641968800643e-02,3.291102984252980423e-02,1.180964802233239186e-01,1.699111954670791402e-01,1.682836742508458938e-01,4.018271527477920713e-02,0.000000000000000000e+00,9.698854480807168887e-02,1.265628895727981540e-01,8.510314876821264973e-02,2.316867154578837462e-01,5.887313008305730677e-02,6.692243760213631432e-02,5.271720732063200215e-02,3.314527901071690624e-02,8.151838187504947819e-02,9.141284976343277968e-02,1.411862084646737237e-01,6.714249827190602038e-02,2.693096949566395892e-01,2.276086074413280202e-01,7.197431448192410930e-02,1.857554388496321929e-01,4.048040405051146484e-01,2.199645408630722110e-01,3.008128757279464605e-01,2.365558619770095627e-01,5.257890570348481424e-02,1.618648453513810703e-01,6.252730250006396928e-02,4.719695964181365444e-02,6.910319015500121509e-02,4.285127475125729418e-02,5.427582962138240846e-02,3.009541121128195273e-02,2.162978385182174820e-02,6.288277556502681886e-02,4.216110796994090165e-02,4.969265678164187794e-02,3.020905081202104880e-02,5.195731333715300493e-02,1.882086441001082702e-02,1.862259120125807355e-02,3.134306147861887909e-02,7.937848342656877998e-02,9.016030817984208023e-02,3.141595301753266622e-02,9.879666913395235284e-02,1.628489840656122123e-01,1.696862919545451542e-01,4.441627853194197312e-02,2.108994849801111293e-01,1.014009700861888130e-01,1.736437934843914899e-01,8.753013648790899937e-02,2.306505305931814409e-01,7.432206689798380450e-02,6.446389808749890260e-02,5.768000509604592763e-02,4.114586179955001533e-02,7.524060176830589530e-02,1.034774614653038299e-01,1.457721544419244564e-01,7.488151084504414412e-02,2.591673267299143824e-01,2.485699251409617117e-01,4.908892638225348382e-02,1.726766140498434410e-01,4.735314553062189846e-01,2.273838147256859177e-01,3.094332718163179674e-01,2.061038742896682541e-01,5.360087099976683367e-02,1.638679286475991648e-01
1.891328555467289632e-02,3.312180437761050311e-02,3.052374857987064788e-02,1.652462957906153385e-02,6.041056490659478528e-02,8.467758045861752125e-02,8.530929878368748165e-02,2.087467127242692913e-02,9.698854480807168887e-02,0.000000000000000000e+00,6.426273280825350875e-02,4.349956553791882452e-02,1.154814884239790257e-01,2.967743014143923996e-02,3.383706291940318661e-02,2.675691107570440236e-02,1.675599357338872566e-02,4.114419218048381149e-02,4.628049957368454703e-02,7.030141057146006844e-02,3.417648068004430773e-02,1.344745854374784222e-01,1.143127796509817995e-01,3.636041156788828721e-02,9.288448883443820026e-02,2.021752756694613073e-01,1.084251884731012028e-01,1.498479738215661994e-01,1.170729523561985924e-01,2.592560470221630733e-02,8.137646941795256827e-02,3.135829062482285712e-02,2.394301123778600979e-02,3.544355095344152440e-02,2.166336906425362502e-02,2.710786830012488352e-02,1.520463973846776506e-02,1.095633221029548160e-02,3.148874326673387763e-02,2.139829826535559823e-02,2.529946643095110775e-02,1.502095708236139346e-02,2.605774101745545607e-02,9.532878002000736220e-03,9.511076043007965497e-03,1.537380406701729929e-02,3.991434169210199279e-02,4.505134133845330874e-02,1.582449325922563252e-02,4.977853020755444724e-02,8.069299320073586301e-02,8.575663837190480865e-02,2.271213340055071306e-02,1.045937951014472289e-01,5.162130906961989729e-02,8.899652768596492958e-02,4.412577239898328452e-02,1.163482303341814156e-01,3.733924708143018800e-02,3.246858465931391075e-02,2.905136693861959385e-02,2.038290088502823713e-02,3.783107117837079120e-02,5.236961890553751969e-02,7.223054956669855420e-02,3.801290638785923687e-02,1.291202707328304167e-01,1.239073808847635239e-01,2.446455665661270706e-02,8.595734825513551280e-02,2.353598735090960681e-01,1.127496057193660833e-01,1.554490327086427148e-01,1.016860800526333403e-01,2.672263596484410197e-02,8.202647898627571377e-02
2.461766899723555335e-02,4.345177233267234068e-02,3.905342146516204566e-02,2.181009704572791502e-02,7.855596018872297581e-02,1.092251683067394230e-01,1.110116128576574268e-01,2.631235514034156037e-02,1.265628895727981540e-01,6.426273280825350875e-02,0.000000000000000000e+00,5.616154786615946276e-02,1.506645225523799980e-01,3.882165258953754194e-02,4.360411116785061630e-02,3.457642491701272414e-02,2.184272718629958615e-02,5.343027074110573427e-02,5.969787473193701594e-02,9.173638277795845286e-02,4.433260525540712316e-02,1.747309682601734804e-01,1.478404527852448525e-01,4.671151491958786678e-02,1.209292613606628708e-01,2.624296495059111334e-01,1.419570584521779588e-01,1.964809336626848479e-01,1.527152889283858450e-01,3.404273336120740290e-02,1.062185401678170521e-01,4.109847877223387486e-02,3.086168261190818871e-02,4.531912666396837458e-02,2.795058459703557083e-02,3.557137130274255765e-02,1.969349172173645232e-02,1.399273891911461190e-02,4.096747635810277927e-02,2.741779636678956869e-02,3.250342701070179502e-02,1.943069821378184958e-02,3.394302209580481178e-02,1.239834121396506984e-02,1.202849528689673049e-02,2.026566886493392713e-02,5.192354594621936131e-02,5.869977597432700367e-02,2.077401498310696773e-02,6.551762427712957970e-02,1.054035051335201201e-01,1.112776550713009405e-01,2.916681467182017512e-02,1.368165145741360722e-01,6.698229173286864013e-02,1.146703937736616857e-01,5.782970401043120712e-02,1.510463585815932375e-01,4.899498146607331878e-02,4.229926727778796081e-02,3.809854973774304959e-02,2.676781379092255109e-02,4.939432551211780237e-02,6.768546460503080398e-02,9.418035662954533926e-02,5.001248353793599083e-02,1.686415777116346826e-01,1.623374218529859414e-01,3.168319550228137355e-02,1.128711645250874140e-01,3.087715639237672005e-01,1.475891729105670014e-01,2.024875747607654264e-01,1.325464789762083040e-01,3.487530760926130236e-02,1.072707092272139617e-01
1.728216573722367658e-02,2.914780077469839026e-02,2.747928738622636494e-02,1.455886141997050909e-02,5.275671385269704861e-02,7.458422159755068170e-02,7.408420292344740365e-02,1.854673211222095108e-02,8.510314876821264973e-02,4.349956553791882452e-02,5.616154786615946276e-02,0.000000000000000000e+00,1.012269233195950136e-01,2.622366049765155471e-02,3.135010535372360907e-02,2.350476506304721366e-02,1.486797692728805860e-02,3.602705444218729652e-02,4.075661189204933532e-02,6.168432787179453647e-02,3.146730025297103661e-02,1.180524355967520894e-01,1.027617885794218644e-01,3.407914599695217178e-02,8.148230734951404652e-02,1.830815047731605694e-01,9.617766609008406020e-02,1.324190864728064798e-01,1.040491359156841128e-01,2.286236877192887595e-02,7.211382385227747827e-02,2.743927760426902868e-02,2.097877362292451323e-02,3.163293715633104519e-02,1.910621555453724182e-02,2.404123766342269874e-02,1.320448785163817230e-02,9.637788464119997206e-03,2.741018909777748896e-02,1.875201502760734038e-02,2.259680620866974174e-02,1.339550673506427481e-02,2.301824333872446587e-02,8.403789841739294636e-03,8.317616599240126168e-03,1.504584677466700403e-02,3.507927329164256536e-02,4.007043146872981548e-02,1.380728952494434704e-02,4.366511500034931520e-02,7.102531951791477005e-02,7.504738964609057594e-02,2.020282253656793814e-02,9.196888560055473116e-02,4.484090125073609406e-02,7.795055491301394746e-02,4.131123930954792856e-02,1.018905739186835580e-01,3.291924594367697660e-02,3.095474357338211246e-02,2.548943467373101374e-02,1.792181352760463878e-02,3.334957533291545845e-02,4.639020183104537037e-02,6.310037988595892933e-02,3.495896654600444409e-02,1.135994200699913803e-01,1.118733746867812962e-01,2.304799031409576066e-02,7.520704800125715961e-02,2.130786541350537244e-01,1.001980485963886724e-01,1.364834751502242982e-01,8.916198138349536173e-02,2.355835179188018463e-02,7.223925085737512020e-02
4.413408135856158876e-02,7.805223085273348127e-02,7.208663734984141480e-02,3.925435903263627124e-02,1.406511211926830818e-01,2.013462080713870062e-01,1.990233462032173495e-01,4.813348466476545517e-02,2.316867154578837462e-01,1.154814884239790257e-01,1.506645225523799980e-01,1.012269233195950136e-01,0.000000000000000000e+00,7.005487848316520327e-02,7.901593579805611667e-02,6.259260320483078788e-02,3.916879333718388534e-02,9.662599838267650620e-02,1.088047030498170697e-01,1.667158738497316051e-01,7.910531291191096048e-02,3.194270344137040696e-01,2.699656051424251246e-01,8.505605702535509738e-02,2.203658298816740524e-01,4.764010358369309972e-01,2.586347863254601087e-01,3.566962555137473401e-01,2.798145717213659234e-01,6.234884601301633050e-02,1.923642808624967115e-01,7.440342811887017127e-02,5.614897407214330949e-02,8.195129009224412509e-02,5.105365917825195610e-02,6.394873701669183397e-02,3.564959754121842933e-02,2.580928094283705537e-02,7.436220794918152466e-02,4.998089289973098315e-02,5.895354350056411508e-02,3.560874844670219169e-02,6.138658136210035920e-02,2.233458158778164893e-02,2.231524415794939459e-02,3.645719029381739446e-02,9.407059577210515056e-02,1.068649972881595411e-01,3.737043806877800300e-02,1.171849574552971673e-01,1.924401187889886178e-01,2.012920750393199232e-01,5.291070791134281498e-02,2.499307101721964519e-01,1.207304048743502028e-01,2.073439660083474245e-01,1.030159512013031353e-01,2.736545163226296040e-01,8.835116210152475780e-02,7.605345938477493795e-02,6.886009183991455285e-02,4.864700077557108232e-02,8.961758376454084796e-02,1.239897421611533546e-01,1.717776879672085755e-01,8.890767713761106583e-02,3.063906026462269172e-01,2.943818445786201554e-01,5.716695911205454256e-02,2.045940471786925619e-01,5.578215709985203663e-01,2.671900864342739434e-01,3.662701748801982515e-01,2.424344121222497539e-01,6.346179389002817861e-02,1.953768153779727457e-01
1.135165675112022841e-02,1.970539814899032946e-02,1.845386920783676984e-02,1.002920961391711233e-02,3.635365189168777988e-02,5.139095972422534631e-02,5.104030138681997508e-02,1.243702695780436046e-02,5.887313008305730677e-02,2.967743014143923996e-02,3.882165258953754194e-02,2.622366049765155471e-02,7.005487848316520327e-02,0.000000000000000000e+00,2.030532486203263584e-02,1.597712610488687818e-02,9.863054839859195649e-03,2.453663667648693994e-02,2.813912006067025018e-02,4.209200788474274507e-02,2.033557023048666867e-02,8.159565806285050404e-02,6.873930079736793874e-02,2.144888051373277857e-02,5.595604065662507232e-02,1.210326157495816152e-01,6.525909093332819821e-02,9.073034451258833732e-02,7.121525322184968365e-02,1.585485793787906952e-02,4.915202014087682869e-02,1.902400635345713811e-02,1.458848380236612771e-02,2.113963745484664231e-02,1.308919008558322161e-02,1.594012442713633668e-02,9.194742193580865419e-03,6.651519166528188642e-03,1.899479872088934151e-02,1.256196828508708736e-02,1.484945089444755437e-02,8.928639785168283188e-03,1.581334783864937060e-02,5.824002275161501221e-03,5.761429399536987031e-03,9.077113871813624266e-03,2.414162692356055379e-02,2.718757315873206876e-02,9.479269309594763257e-03,2.981364088073262114e-02,4.902560040421880677e-02,5.153982277781210541e-02,1.366232669478321254e-02,6.395291841464553761e-02,3.082748864061812810e-02,5.354929420614459173e-02,2.615513559534832569e-02,6.994667850796916497e-02,2.261491789441357966e-02,1.943926007136576387e-02,1.755532739605904571e-02,1.243925280231119625e-02,2.315456810884020458e-02,3.201137442607403238e-02,4.363479799178997948e-02,2.284383171870412593e-02,7.846447077251005042e-02,7.468792490747229451e-02,1.424394074115791810e-02,5.202837178885834357e-02,1.417933351876215775e-01,6.810535492612714015e-02,9.328293731287784496e-02,6.145263555442546932e-02,1.605472126166094735e-02,4.925851807121849751e-02
1.369469507198584589e-02,2.313992622174340652e-02,2.146526880093348189e-02,1.111858888659505822e-02,4.057715704086516106e-02,5.802788391813229474e-02,5.699978311282809934e-02,1.428905568773579209e-02,6.692243760213631432e-02,3.383706291940318661e-02,4.360411116785061630e-02,3.135010535372360907e-02,7.901593579805611667e-02,2.030532486203263584e-02,0.000000000000000000e+00,1.851990451900928716e-02,1.157717681414837871e-02,2.800347132194733538e-02,3.172204148256259348e-02,4.858777695465965607e-02,2.475239398718340894e-02,9.359489732436862552e-02,8.061416209264850308e-02,2.710073762834559752e-02,6.397688507753077070e-02,1.448879893420165210e-01,7.698158170072161299e-02,1.045446998097269292e-01,8.215357090866924616e-02,1.834302757385723390e-02,5.672986310371767177e-02,2.117314040344711601e-02,1.613804881622121767e-02,2.446001734778197392e-02,1.475738473436411825e-02,1.878532236865201183e-02,1.012679414683088051e-02,7.704243311339217803e-03,2.080268147000290460e-02,1.433449581313414947e-02,1.747977694830150572e-02,1.061097795929298593e-02,1.777526309488558498e-02,6.313070324792637716e-03,6.568044677973667970e-03,1.209200728379573354e-02,2.748460871295327693e-02,3.144288453409561229e-02,1.072941176993087373e-02,3.406472334695147264e-02,5.592037810532449887e-02,5.780831948111182783e-02,1.553806458232841886e-02,7.242851204134206911e-02,3.480693564431211473e-02,6.042286913894163308e-02,3.277175692185685385e-02,7.955447265716034111e-02,2.528094030225137498e-02,2.466243258870665089e-02,1.981714407188714736e-02,1.398369463485617074e-02,2.606548134564840719e-02,3.617077009081480499e-02,5.028972804425095589e-02,2.741178740213931139e-02,8.960732875349421145e-02,8.867774165322835078e-02,1.848559805909910994e-02,5.910684147268999850e-02,1.690402637180588308e-01,7.993139568156933106e-02,1.067614164437822033e-01,7.109711289174872051e-02,1.842096554044412096e-02,5.628763109825277167e-02
1.027764102477828935e-02,1.806383954529830818e-02,1.640123961088945509e-02,8.906459513601614614e-03,3.237067084891004365e-02,4.583941751611832899e-02,4.585792426676589539e-02,1.091381457034494053e-02,5.271720732063200215e-02,2.675691107570440236e-02,3.457642491701272414e-02,2.350476506304721366e-02,6.259260320483078788e-02,1.597712610488687818e-02,1.851990451900928716e-02,0.000000000000000000e+00,8.988780626470248974e-03,2.184515959362084633e-02,2.501510496971412825e-02,3.822887494162401090e-02,1.864861236671291542e-02,7.312703473515186348e-02,6.199902411974346494e-02,1.970034771658057265e-02,5.040508672652171951e-02,1.101202705251735914e-01,5.953525161656633702e-02,8.168534869423529909e-02,6.426557486779981010e-02,1.437510902060869407e-02,4.446336361152723737e-02,1.697349869411459919e-02,1.284483695520711663e-02,1.888076873702846173e-02,1.169714842200514880e-02,1.465376881173205068e-02,8.197085077368996414e-03,5.942690785171070127e-03,1.693832997036043633e-02,1.141685042145693801e-02,1.349745946268127855e-02,8.148312639981088526e-03,1.404910227548421438e-02,5.127132768808629996e-03,5.077998228961398686e-03,8.519469273769045628e-03,2.174487644531703998e-02,2.425944725753409470e-02,8.465704386589646691e-03,2.697304511040562319e-02,4.399235105880360680e-02,4.628185686027935092e-02,1.206310580434223276e-02,5.704617510600945574e-02,2.797191144328277021e-02,4.766212122587598632e-02,2.394803001985493923e-02,6.289069703496961983e-02,2.003224998524879771e-02,1.774962765223032576e-02,1.579472532865727752e-02,1.113699792186586580e-02,2.060852026867815781e-02,2.835197003225083806e-02,3.943950653610481943e-02,2.074371740308563264e-02,7.043081806623655017e-02,6.748482251483360617e-02,1.330956937789822339e-02,4.673394153492185787e-02,1.280066643942475157e-01,6.141200294793753428e-02,8.423520876249618317e-02,5.550487177051822291e-02,1.460478371898418087e-02,4.481876391844118873e-02
6.376572468743336303e-03,1.118435263631292927e-02,1.029695759367999994e-02,5.645114483287671722e-03,2.064882037097448553e-02,2.895902481246331872e-02,2.916911217462204303e-02,7.083898853841225085e-03,3.314527901071690624e-02,1.675599357338872566e-02,2.184272718629958615e-02,1.486797692728805860e-02,3.916879333718388534e-02,9.863054839859195649e-03,1.157717681414837871e-02,8.988780626470248974e-03,0.000000000000000000e+00,1.372566502388044771e-02,1.580215586625103794e-02,2.382477841663157084e-02,1.150321705966406670e-02,4.574414487285204112e-02,3.885432455186249578e-02,1.242560051487507158e-02,3.160701099230645711e-02,6.865967074458705077e-02,3.663914759408871957e-02,5.117180661634643246e-02,3.978983157219068145e-02,8.805854889980776687e-03,2.743479218023303287e-02,1.075649566736784635e-02,8.214893765343967910e-03,1.202559920682374703e-02,7.377602210988718281e-03,8.978861241029353901e-03,5.197692650332343817e-03,3.729463063428951463e-03,1.089186361041086064e-02,7.210938437456513792e-03,8.523773485782168077e-03,5.086838405830926800e-03,8.837277719550746397e-03,3.226076924309010437e-03,3.254444903203753542e-03,5.159475386513828928e-03,1.362957821939529170e-02,1.526884153030495100e-02,5.392838117562017038e-03,1.694888359810430012e-02,2.754637822342241235e-02,2.934526083991792142e-02,7.744077831201116868e-03,3.556271853812816713e-02,1.750903687630466637e-02,3.054500027432808032e-02,1.492486119422084881e-02,3.968487635142552844e-02,1.253193957128807649e-02,1.099155126591563371e-02,9.775026547181478107e-03,6.879371404871680029e-03,1.276530043469909816e-02,1.778541769404183223e-02,2.459255677411602975e-02,1.289586292748009372e-02,4.399890738282001557e-02,4.188775701841196408e-02,8.252520817698562675e-03,2.928416983315782277e-02,7.973959002890702863e-02,3.802069895112412251e-02,5.278189292242120578e-02,3.419187911450747436e-02,8.982455385150729318e-03,2.784255763101046305e-02
1.545746772585236510e-02,2.764504667755472364e-02,2.525898734147404706e-02,1.388311238303236925e-02,5.031491221366137662e-02,7.141369959659399358e-02,7.094397122871537453e-02,1.711508939559287790e-02,8.151838187504947819e-02,4.114419218048381149e-02,5.343027074110573427e-02,3.602705444218729652e-02,9.662599838267650620e-02,2.453663667648693994e-02,2.800347132194733538e-02,2.184515959362084633e-02,1.372566502388044771e-02,0.000000000000000000e+00,3.823036917620614705e-02,5.890893995981892617e-02,2.791685165925318277e-02,1.130590684161703052e-01,9.518967893848458151e-02,2.992231975407581152e-02,7.805627076913676521e-02,1.690768465898715711e-01,9.071850306477607928e-02,1.252018305440378287e-01,9.924055152847006955e-02,2.192693752250881103e-02,6.814659197828394632e-02,2.636791080412137847e-02,2.021558073636282871e-02,2.909585004517634826e-02,1.823198074887834308e-02,2.204490530478438529e-02,1.275550666067146871e-02,9.055528770226275309e-03,2.654629734123182053e-02,1.758806039821847120e-02,2.075464345395582055e-02,1.246530671319859285e-02,2.145602344356523083e-02,7.936653750550755337e-03,7.878065519845201675e-03,1.255385413717944459e-02,3.333548818184867146e-02,3.754209667120985555e-02,1.321582081725083437e-02,4.150545881194103032e-02,6.813791212707059897e-02,7.189514267199255404e-02,1.880430156414378273e-02,8.798587283056306940e-02,4.285086946744387504e-02,7.369635067455593269e-02,3.613558511897392578e-02,9.704413214743540239e-02,3.073226867095568693e-02,2.681225672781271246e-02,2.453450331403951232e-02,1.706691480923040391e-02,3.172538981851922429e-02,4.344229660480545402e-02,6.052856544290300539e-02,3.144035671388577952e-02,1.082054990999827410e-01,1.033653174305416561e-01,1.983800525576977225e-02,7.221664316338724521e-02,1.964520500875857334e-01,9.388861155251657098e-02,1.290560943023962848e-01,8.549483569518916137e-02,2.228207299929945567e-02,6.922790902333758600e-02
1.766833626365925045e-02,3.123722484067284130e-02,2.859753781050836802e-02,1.534734769761226907e-02,5.559793450876372722e-02,7.886203337488104093e-02,7.884681535871661262e-02,1.888662563942244618e-02,9.141284976343277968e-02,4.628049957368454703e-02,5.969787473193701594e-02,4.075661189204933532e-02,1.088047030498170697e-01,2.813912006067025018e-02,3.172204148256259348e-02,2.501510496971412825e-02,1.580215586625103794e-02,3.823036917620614705e-02,0.000000000000000000e+00,6.593138884860313964e-02,3.229403987241541429e-02,1.258643035376502406e-01,1.069839573808789579e-01,3.433983045878038348e-02,8.734415380983626132e-02,1.903122015128249078e-01,1.037113110635045771e-01,1.413403987529727179e-01,1.106053905635135115e-01,2.484328261392157802e-02,7.651034946741108733e-02,2.877675334782700198e-02,2.210261913817894441e-02,3.260204377240513013e-02,1.993508137780469411e-02,2.606057330240296732e-02,1.405805888689338687e-02,1.028974686481054328e-02,2.864533014928858159e-02,1.955264652118996610e-02,2.343904547762809543e-02,1.432740931547040950e-02,2.469364916369512150e-02,8.875838496561389707e-03,8.720327964721184821e-03,1.514117993945596728e-02,3.711295897744436995e-02,4.275243059375037624e-02,1.490091941264042562e-02,4.676503638344809560e-02,7.603120981386345123e-02,7.963378907048887512e-02,2.072740865951090694e-02,9.855307379536616674e-02,4.803335790350370116e-02,8.186113432689084979e-02,4.240928599187415021e-02,1.086384631362399267e-01,3.533354052938278422e-02,3.088290708803889326e-02,2.735235232107762274e-02,1.920602074357283251e-02,3.567464012692164732e-02,4.904604609045344621e-02,6.786824531857746368e-02,3.608108490596691198e-02,1.207963869377647464e-01,1.169163940854301698e-01,2.364440763222252703e-02,8.078551656594329389e-02,2.228281060479879450e-01,1.071620431503321341e-01,1.455111925153330099e-01,9.684791189053852667e-02,2.513966530391741061e-02,7.674543928527031988e-02
2.738451278632628855e-02,4.796114055400884507e-02,4.353099255000974360e-02,2.360483002436203695e-02,8.507959189297754909e-02,1.220274255901308835e-01,1.206488310722124285e-01,2.897643466026948722e-02,1.411862084646737237e-01,7.030141057146006844e-02,9.173638277795845286e-02,6.168432787179453647e-02,1.667158738497316051e-01,4.209200788474274507e-02,4.858777695465965607e-02,3.822887494162401090e-02,2.382477841663157084e-02,5.890893995981892617e-02,6.593138884860313964e-02,0.000000000000000000e+00,4.861787042333597098e-02,1.940669706612448420e-01,1.649098691981765175e-01,5.247731407184661606e-02,1.339476064455783211e-01,2.926762501031842101e-01,1.588166374995938490e-01,2.165384743214697760e-01,1.702862275384605939e-01,3.804956945610479119e-02,1.171638516078516157e-01,4.554043795195096556e-02,3.349527559637313634e-02,4.980190428858826540e-02,3.085548557859739763e-02,3.882843622730586947e-02,2.156539674639604623e-02,1.555120028331022017e-02,4.497923615007249493e-02,3.030783730061363535e-02,3.581414457942241891e-02,2.164342829931600182e-02,3.667827239903240916e-02,1.336403303341484466e-02,1.337901485268627906e-02,2.255425388041669768e-02,5.766974532892226585e-02,6.461560941909075262e-02,2.250492445119828960e-02,7.122868246849643759e-02,1.169056786173957030e-01,1.221722925665935794e-01,3.205003278530414723e-02,1.522225555785126361e-01,7.338724866772808331e-02,1.253971614674856405e-01,6.398708220943091773e-02,1.662124053057382200e-01,5.277346012644698603e-02,4.658653424559158762e-02,4.155449744287753600e-02,2.945946193739976474e-02,5.416736915526783325e-02,7.440622582350714387e-02,1.056597494305102775e-01,5.440474349754045175e-02,1.866692781407372770e-01,1.802687350711148773e-01,3.560218894487099384e-02,1.245737620320023498e-01,3.415576146102070054e-01,1.646549536452212303e-01,2.226683691712341706e-01,1.485918746080202857e-01,3.857830031452387509e-02,1.185732416559599767e-01
1.373084376563994159e-02,2.298015932132662503e-02,2.121738382085206626e-02,1.135395442749100731e-02,4.129429418561399862e-02,5.824604121198439372e-02,5.761815283009722594e-02,1.413008532969775057e-02,6.714249827190602038e-02,3.417648068004430773e-02,4.433260525540712316e-02,3.146730025297103661e-02,7.910531291191096048e-02,2.033557023048666867e-02,2.475239398718340894e-02,1.864861236671291542e-02,1.150321705966406670e-02,2.791685165925318277e-02,3.229403987241541429e-02,4.861787042333597098e-02,0.000000000000000000e+00,9.370129160871040752e-02,8.046194964112199366e-02,2.687001835938870528e-02,6.426329618267909161e-02,1.439482692912093242e-01,7.604110755143628220e-02,1.041511155688716328e-01,8.146028121450007986e-02,1.826273056751671550e-02,5.654607905319074951e-02,2.176999792235543435e-02,1.598250736534645444e-02,2.394635447827256000e-02,1.465469338054685954e-02,1.836297008181479035e-02,1.024016682765741502e-02,7.532179691101224817e-03,2.161100172599519573e-02,1.403095550746155488e-02,1.687281367005081037e-02,1.018325213382743032e-02,1.778919133664243896e-02,6.388981848264456247e-03,6.512418348900823016e-03,1.182762738402447222e-02,2.755275592930114467e-02,3.121938885195449029e-02,1.046110842350716358e-02,3.416382657527818056e-02,5.578455553341118978e-02,5.811186142486436668e-02,1.542934450059077825e-02,7.250878918311987054e-02,3.528592308003081213e-02,6.097817605230845817e-02,3.224951613908715042e-02,7.957496672349306799e-02,2.562345839356646934e-02,2.422832559603217348e-02,1.982381449936236259e-02,1.416935816850489575e-02,2.630444441099069955e-02,3.628409041857504069e-02,5.016752940871214289e-02,2.744633212053992563e-02,8.987086444454146783e-02,8.796009952084378469e-02,1.807269974827848194e-02,5.924021704716949527e-02,1.677476273651508087e-01,7.890702840425320441e-02,1.070566520021901807e-01,7.051090360572860594e-02,1.848531771988992309e-02,5.597119824437923191e-02
