0.000000000000000000e+00,1.465786888887901478e-02,1.173649755148722419e-02,5.448261242137219379e-03,2.074782934645403101e-02,3.313322840795224211e-02,3.272785432171280984e-02,6.720489505345355469e-03,3.761720674470058617e-02,2.227728504943542534e-02,2.590275631892055910e-02,1.590823117850307528e-02,5.050476198946213247e-02,1.120895665612645781e-02,1.592805892789318778e-02,1.246354379859293711e-02,7.885369122414172260e-03,1.598056866101383103e-02,1.510920490307418422e-02,3.205062759996745586e-02,1.665776796496756113e-02,5.831283709265512594e-02,4.856916207413895098e-02,1.870715590758485064e-02,4.007170423804503473e-02,8.953097140713352220e-02,5.149497995465367878e-02,7.300159360979927015e-02,4.175639299744585836e-02,1.044160620480750340e-02,3.275875996593580197e-02,1.397319979908809642e-02,9.932264583666878394e-03,1.622033512462307120e-02,9.770393975219861943e-03,1.438576068909571716e-02,5.591165591749880370e-03,5.663077854022196579e-03,1.444342533140362261e-02,9.433217393685643798e-03,1.229573331108340349e-02,8.128759382189359312e-03,9.579294124424396484e-03,2.913070835493139759e-03,3.701219113492827933e-03,9.108816736768964029e-03,1.751355000364053505e-02,1.897441795171448883e-02,5.981712027330655240e-03,2.231108633431784158e-02,2.992875748780762096e-02,3.338510952228325446e-02,1.158524817773232303e-02,3.994810033053554366e-02,2.352445372456297285e-02,3.402734862590386933e-02,2.114947868907254142e-02,4.956579874486936876e-02,1.365372207413747402e-02,1.751003507893482414e-02,1.265521899680279068e-02,7.744932954310080990e-03,1.477538669858495003e-02,1.784299058887346690e-02,3.029037165051512090e-02,1.957494299231719512e-02,5.489713977864906641e-02,5.609572282678256666e-02,1.382950499884067277e-02,3.761730380482694591e-02,1.115863273928078131e-01,4.773174064753672730e-02,6.705140836574176311e-02,4.737862061176131845e-02,9.992352110941316382e-03,3.372502014524695474e-02
1.465786888887901478e-02,0.000000000000000000e+00,1.788421714095617121e-02,8.141913777261026997e-03,3.113765049260786705e-02,5.138850498645508580e-02,4.950000322805909320e-02,9.771927600397202138e-03,5.925288612299369623e-02,3.407331061700761415e-02,4.043862912834477602e-02,2.215870810245845063e-02,7.635325526896322157e-02,1.658832829019856944e-02,2.305082754190867361e-02,1.941519532130968340e-02,1.186974046704851807e-02,2.451796940834073332e-02,2.327177759641359950e-02,5.014439223943948504e-02,2.360322196722007201e-02,9.201647225868683777e-02,7.360208433924682325e-02,2.648682977226633761e-02,6.239639653788459084e-02,1.349223650395050267e-01,8.037191902450085967e-02,1.128467152437361981e-01,6.382593814309130142e-02,1.615307160224099120e-02,5.011937710416428104e-02,2.129309763072993744e-02,1.491161077539468298e-02,2.455703790042149115e-02,1.464204946115977256e-02,2.156067433115387011e-02,8.838076485274615895e-03,8.361348244105119148e-03,2.210404759794596177e-02,1.452460227143759393e-02,1.802600598714386437e-02,1.253089201170720125e-02,1.433620573633196012e-02,4.483649532746068755e-03,5.296602099741886706e-03,1.231941927396247409e-02,2.698990856510295744e-02,2.906480821472388551e-02,8.940387365414626669e-03,3.425037681191359096e-02,4.494029235028027675e-02,5.091725495189411421e-02,1.703870153743507546e-02,6.287520983833481958e-02,3.575165765382083000e-02,5.231017921901517237e-02,2.899183532769313357e-02,7.629355152580258315e-02,2.084186242225126440e-02,2.482775296182181818e-02,1.945356108291520017e-02,1.196284058993099357e-02,2.268526836853953371e-02,2.779966922766649237e-02,4.612293555435561382e-02,2.733514647056616356e-02,8.500358865613460990e-02,8.387947648920382471e-02,1.977746923224173170e-02,5.924187488014816261e-02,1.664178075809573110e-01,7.413574458166195813e-02,1.041443111397766103e-01,7.381021513266321221e-02,1.574871015567962801e-02,5.146734580802456160e-02
1.173649755148722419e-02,1.788421714095617121e-02,0.000000000000000000e+00,6.415552495017977711e-03,2.416619386876684566e-02,3.979244551531226776e-02,3.870423316343286207e-02,7.659161200838224791e-03,4.613317794657571802e-02,2.595926915031368867e-02,3.078984317801371218e-02,1.760441028196114283e-02,5.950138363675966380e-02,1.292178839377186410e-02,1.796778874169949192e-02,1.461293362259740922e-02,9.245901002504358646e-03,1.883265745536572347e-02,1.850904295714091846e-02,3.856452612630393434e-02,1.832703854698386481e-02,7.000675780981795160e-02,5.692039093822872514e-02,2.081463066963823438e-02,4.810627700119736450e-02,1.043015940149861071e-01,6.167371554433404013e-02,8.589958027141683661e-02,4.984922351833166038e-02,1.228807274060035766e-02,3.851076594480699888e-02,1.617866348588514747e-02,1.145553368864577273e-02,1.898088816473552515e-02,1.147987685374298426e-02,1.670722246346085377e-02,6.762305491648475109e-03,6.627879112832318724e-03,1.677975057450553642e-02,1.125883891485479973e-02,1.423775070303382601e-02,9.588312784477699691e-03,1.106931045948412670e-02,3.371353378178118705e-03,4.175070958782829515e-03,1.007973083055762123e-02,2.058109830009281077e-02,2.303855963855623579e-02,6.990204341267221809e-03,2.615855626741337217e-02,3.548314278851091852e-02,3.956526749236231877e-02,1.311552760127397167e-02,4.847696390476186057e-02,2.736005448445182064e-02,4.039565053021623720e-02,2.350276036147956257e-02,5.861165343362652325e-02,1.588667343647822208e-02,1.941120977464099936e-02,1.495077464706782641e-02,9.166327844658511692e-03,1.761104405581115015e-02,2.172058466493542728e-02,3.602998240654001899e-02,2.142923509705157298e-02,6.573427322308628140e-02,6.536171145961827689e-02,1.583965458283012953e-02,4.510475867734890093e-02,1.294577586404417890e-01,5.767813036205979987e-02,7.999345920384749731e-02,5.691158510834149614e-02,1.223387118122171158e-02,3.976067143905860635e-02
5.448261242137219379e-03,8.141913777261026997e-03,6.415552495017977711e-03,0.000000000000000000e+00,1.145729850473855248e-02,1.864211350469531514e-02,1.816622194924182726e-02,3.642545567408023415e-03,2.161941879570143665e-02,1.206019507594862337e-02,1.470105229057814232e-02,8.077269977960941164e-03,2.774617608606270644e-02,6.106305637024875797e-03,8.455300330230158118e-03,6.842053688352754855e-03,4.195303830877320124e-03,8.803807597481306049e-03,8.581830860560323015e-03,1.796269901962634780e-02,8.596342597383746509e-03,3.271118485264738057e-02,2.668633508765481249e-02,9.749530280489518072e-03,2.228326471649690055e-02,4.845932160611833572e-02,2.879704963334660597e-02,4.047660656123766576e-02,2.304429605619237945e-02,5.657262393238495293e-03,1.814872095362717735e-02,7.955116397870824752e-03,5.629260151091307514e-03,9.246022135072378204e-03,5.496540010883077705e-03,7.798014293431147249e-03,3.060158749698708384e-03,3.064805488046864947e-03,8.272796280736882321e-03,5.494350408946893985e-03,6.734252057272843185e-03,4.607430084268105547e-03,5.190643944881781317e-03,1.710886090925349936e-03,1.931546511105161797e-03,4.458609712329314988e-03,9.782206245725899585e-03,1.082546586077035196e-02,3.410141206662797332e-03,1.243989521551353353e-02,1.641509291247729083e-02,1.850524259737499136e-02,6.283583545957435214e-03,2.257005364785315965e-02,1.296124040837483976e-02,1.937652789227578207e-02,1.077647881407265036e-02,2.761877813868367573e-02,7.641739512300621019e-03,9.230112583039943100e-03,6.962866515714284492e-03,4.260460336501047281e-03,8.176418272995015016e-03,1.036700482896833406e-02,1.675918524339678473e-02,1.011175532261181752e-02,3.060369689039446270e-02,3.076137316405213457e-02,7.273529656041931649e-03,2.139702393445491041e-02,6.054780769495800991e-02,2.685791311813670590e-02,3.756957030706981754e-02,2.633263112091604671e-02,5.416402440502640289e-03,1.853811388809684796e-02
2.074782934645403101e-02,3.113765049260786705e-02,2.416619386876684566e-02,1.145729850473855248e-02,0.000000000000000000e+00,6.977855841977527451e-02,6.933726314679522496e-02,1.356139068183209208e-02,8.103534981223792233e-02,4.698696208048348810e-02,5.584562424244196577e-02,3.095442835866283812e-02,1.060005216504931319e-01,2.334120668257343503e-02,3.160306240072197070e-02,2.634724714990927322e-02,1.606703185016635990e-02,3.341461707080849858e-02,3.224196981899882242e-02,6.814450890595410981e-02,3.270779381010437831e-02,1.239343466366313318e-01,1.001324136340903531e-01,3.638640989879864812e-02,8.499581999071141591e-02,1.828358692996519264e-01,1.086014715984980755e-01,1.552576653429296738e-01,8.689034388722198521e-02,2.207477247909143958e-02,6.886147378071438840e-02,3.038518205433518929e-02,2.081153743044209664e-02,3.479931789848982743e-02,2.070973840856956197e-02,3.046237749314058274e-02,1.226070474181702348e-02,1.184690222403513710e-02,3.120287186352566772e-02,2.069913142819841331e-02,2.531426630060839081e-02,1.725577506395856164e-02,1.974439214959075248e-02,6.340098452981061256e-03,7.424320021845106331e-03,1.724180187581343671e-02,3.705764569251071561e-02,3.952303017167749233e-02,1.242237767034109347e-02,4.787867406262587278e-02,6.107245329449807053e-02,7.088649148047011794e-02,2.385530584646172736e-02,8.544889974079457329e-02,5.018297428299090673e-02,7.299299480915001637e-02,4.070512292445598729e-02,1.051154360086978823e-01,2.928557407086197079e-02,3.434705783202047363e-02,2.647766722583619683e-02,1.616335206232111590e-02,3.084982418125231662e-02,3.861351917837374526e-02,6.340925153466822617e-02,3.839287520462535130e-02,1.155843720518345691e-01,1.159536329727140630e-01,2.748207434707581470e-02,8.069482130724130176e-02,2.278803752750301614e-01,1.010972806834553039e-01,1.429722144245724746e-01,1.002282637342668259e-01,2.128524582425628600e-02,7.066577546996075099e-02
3.313322840795224211e-02,5.138850498645508580e-02,3.979244551531226776e-02,1.864211350469531514e-02,6.977855841977527451e-02,0.000000000000000000e+00,1.116311360942803116e-01,2.137328247075072352e-02,1.332509639176658323e-01,7.494697449987969273e-02,8.918864936917064723e-02,5.068144193526375602e-02,1.717126542012223922e-01,3.780190817121409363e-02,5.197055946225234008e-02,4.306231455282797521e-02,2.673154757333740320e-02,5.567201949270905725e-02,5.180143843775764784e-02,1.118507737058571927e-01,5.344643999735068651e-02,2.051161118590517363e-01,1.652749286832365938e-01,5.989381453144632106e-02,1.402525243351175066e-01,3.044165639235742460e-01,1.805088962498928584e-01,2.507321205786829377e-01,1.438796236559403419e-01,3.621728384913164983e-02,1.119864670619391128e-01,4.803412786019634062e-02,3.376002634488069198e-02,5.456256326497524456e-02,3.281755858970631518e-02,4.863212517380124250e-02,1.981690697504196949e-02,1.852408580697292514e-02,4.941358249628478860e-02,3.293073513325429219e-02,4.082739767467384595e-02,2.738054838028987706e-02,3.213579370578552308e-02,1.015295079178789132e-02,1.193421104301735543e-02,2.882754206708575476e-02,6.053006725845017089e-02,6.564098681771909916e-02,2.040694591635883529e-02,7.563446967954629008e-02,1.022042932909228707e-01,1.137521425177024648e-01,3.796077479267861293e-02,1.411501115594326616e-01,7.882583686978668347e-02,1.157188463069345613e-01,6.691702604647553621e-02,1.695609073045195869e-01,4.630561072991137839e-02,5.707952909437005728e-02,4.375555878934932197e-02,2.684913542551429361e-02,5.076052887749651910e-02,6.230333100232787746e-02,1.031447131349638585e-01,6.325770514876066786e-02,1.905233962701055050e-01,1.907923013214207764e-01,4.533381636939570747e-02,1.328402878441141965e-01,3.790277204455927973e-01,1.670465292970281790e-01,2.321020772204386573e-01,1.657858106793138608e-01,3.511837239787520687e-02,1.155832513077644091e-01
3.272785432171280984e-02,4.950000322805909320e-02,3.870423316343286207e-02,1.816622194924182726e-02,6.933726314679522496e-02,1.116311360942803116e-01,0.000000000000000000e+00,2.142811600610441958e-02,1.295366175847167400e-01,7.413584656444617560e-02,8.822799933630705305e-02,4.908673543972284781e-02,1.688742227078694758e-01,3.705132520401969998e-02,5.003467511387629102e-02,4.189043678156973566e-02,2.583976125596309029e-02,5.349669933094951951e-02,5.086967638478982756e-02,1.083465366767171756e-01,5.192169412847925242e-02,1.972943690438574704e-01,1.589793311021630295e-01,5.802892435876123162e-02,1.355619438447753511e-01,2.921300290523453635e-01,1.725939444078892493e-01,2.465915255820669283e-01,1.389764102981154714e-01,3.517039372963676885e-02,1.092505264937648490e-01,4.758355283290463533e-02,3.329429724226591614e-02,5.500377307390183490e-02,3.285128792856713276e-02,4.838049387473355306e-02,1.941063394912780418e-02,1.871865169283526420e-02,4.956109725152740841e-02,3.285265298972105119e-02,4.041244771820996784e-02,2.760062986244313926e-02,3.154338123451387588e-02,1.007705294812853529e-02,1.176352488628019076e-02,2.781368522143575286e-02,5.893513577412182181e-02,6.333752059133666845e-02,1.975601278396343571e-02,7.531612637501534924e-02,9.780543892499295178e-02,1.123586608480649229e-01,3.774597732126915711e-02,1.361604214006107150e-01,7.949413186081238925e-02,1.149077325533762878e-01,6.529121336966983713e-02,1.668874337555770471e-01,4.616690187984268112e-02,5.483855137682400877e-02,4.222340870859277867e-02,2.583805587093955178e-02,4.911578174848885842e-02,6.110358083389137024e-02,1.005662024510488306e-01,6.117243004716300253e-02,1.828975905637735266e-01,1.840528033903312544e-01,4.402971853381784650e-02,1.282294640706977129e-01,3.642873220523528133e-01,1.608109233160977813e-01,2.270239163161410501e-01,1.598816270601097489e-01,3.385156038368610648e-02,1.122121200286957804e-01
6.720489505345355469e-03,9.771927600397202138e-03,7.659161200838224791e-03,3.642545567408023415e-03,1.356139068183209208e-02,2.137328247075072352e-02,2.142811600610441958e-02,0.000000000000000000e+00,2.497511343896387931e-02,1.455445610470646085e-02,1.707488482380704192e-02,1.011550700310087474e-02,3.276622194510074582e-02,7.153664223837194990e-03,1.031456336706919504e-02,8.137458442819798382e-03,5.071405640639827829e-03,1.048982356196408346e-02,1.006536845497156898e-02,2.118441602219075029e-02,1.045210414647440578e-02,3.844889549215852603e-02,3.149908141815133122e-02,1.194841956721242118e-02,2.651049979773270615e-02,5.862325951968377219e-02,3.350303455062136199e-02,4.818911475118837356e-02,2.683580994924758198e-02,6.758326330588658275e-03,2.133406193245314039e-02,8.897780748379590168e-03,6.376667078308123800e-03,1.071719704394457143e-02,6.308590412775824142e-03,9.304267888267587702e-03,3.731021862294955655e-03,3.603183158823293746e-03,9.273650130523872562e-03,6.160556907137271741e-03,7.896040599872439919e-03,5.218108921583813550e-03,6.218021304579548873e-03,1.943587051546008873e-03,2.333640743525653479e-03,5.583583024381129530e-03,1.161526210949586670e-02,1.260212411800410749e-02,3.931783321506038265e-03,1.464905264766320180e-02,1.942689471727192599e-02,2.203060936331430533e-02,7.457027481243879569e-03,2.645546793457426854e-02,1.539652413344515594e-02,2.263848440843307594e-02,1.339137755959154789e-02,3.266214436611685618e-02,8.793884862625757359e-03,1.093775115648714866e-02,8.243225621841186040e-03,5.079688088147220164e-03,9.661249932375888527e-03,1.194508697325048774e-02,1.988317244288923674e-02,1.228678993990004083e-02,3.634327499433353398e-02,3.642923304548990188e-02,8.841472725101311853e-03,2.477272415576871334e-02,7.235434387916067633e-02,3.161439149671659704e-02,4.458422922188060022e-02,3.102115577278998990e-02,6.630370130094207122e-03,2.207878742754787807e-02
3.761720674470058617e-02,5.925288612299369623e-02,4.613317794657571802e-02,2.161941879570143665e-02,8.103534981223792233e-02,1.332509639176658323e-01,1.295366175847167400e-01,2.497511343896387931e-02,0.000000000000000000e+00,8.705983010280633760e-02,1.038337966587844358e-01,5.698203978530148178e-02,1.985440730447569080e-01,4.388127845962355722e-02,5.904770396461980070e-02,4.959205071425823452e-02,3.095640629477687186e-02,6.390992421169519599e-02,6.055404020338824717e-02,1.299191333241659918e-01,5.996218975093055986e-02,2.362268316052243966e-01,1.890943609768666878e-01,6.739891137660579401e-02,1.623829982459034094e-01,3.483233110471027349e-01,2.078125295475991563e-01,2.902495361063185952e-01,1.661257317024524560e-01,4.136925794891736785e-02,1.291132597628657508e-01,5.512117178228864711e-02,3.901219502392900412e-02,6.374364467850562876e-02,3.809068767362036589e-02,5.674264745420405653e-02,2.300056783079013414e-02,2.185518136978461395e-02,5.737273994378692954e-02,3.857461204662482324e-02,4.710463245674954835e-02,3.205656634350248502e-02,3.737429362388419718e-02,1.180700874754020240e-02,1.379996514469356700e-02,3.254088267565389408e-02,6.975795717053698275e-02,7.578012115403334747e-02,2.343326666246383153e-02,8.805830208621404087e-02,1.172867341758553755e-01,1.326772291196739451e-01,4.380571827320996203e-02,1.632521583345795668e-01,9.233677407401653936e-02,1.351758668650382689e-01,7.563049184811916625e-02,1.972158864556445568e-01,5.415583653764453193e-02,6.418929926324834501e-02,5.025320666936764630e-02,3.102210417585482896e-02,5.863901624495950621e-02,7.251579232958678400e-02,1.193270667092353327e-01,7.048716323282924745e-02,2.202729997015338004e-01,2.181693072611459727e-01,5.180535402425506808e-02,1.528588336999393005e-01,4.323912703940162028e-01,1.930556938348212681e-01,2.696904678003326783e-01,1.910266477897272497e-01,4.077897298248997493e-02,1.326898078467361186e-01
2.227728504943542534e-02,3.407331061700761415e-02,2.595926915031368867e-02,1.206019507594862337e-02,4.698696208048348810e-02,7.494697449987969273e-02,7.413584656444617560e-02,1.455445610470646085e-02,8.705983010280633760e-02,0.000000000000000000e+00,5.951359577749649327e-02,3.365492766447148593e-02,1.141576866346868252e-01,2.537948988247997265e-02,3.431346074348692876e-02,2.874775637879366935e-02,1.769189760661964150e-02,3.674399818963146325e-02,3.424821544282830033e-02,7.451155738283676833e-02,3.540840937692791429e-02,1.355509772408073910e-01,1.083718022519082058e-01,3.970202008469755212e-02,9.310124404185880775e-02,2.004091939003725120e-01,1.178681973756796619e-01,1.676942545850717003e-01,9.407374910692203884e-02,2.403171536364431815e-02,7.427515689537690646e-02,3.123994360392073552e-02,2.219133523323936485e-02,3.633120274657715421e-02,2.168502705920210757e-02,3.296593043124290690e-02,1.306386549038861776e-02,1.253784695266767397e-02,3.251059375135433721e-02,2.172843945191541004e-02,2.708795059297309030e-02,1.815926172761432242e-02,2.168572434195870091e-02,6.623796490256799070e-03,8.085454964572108549e-03,1.869207111669335050e-02,3.997391114757484210e-02,4.279993008379791297e-02,1.341172827297702416e-02,5.112539264105217529e-02,6.598684631376813825e-02,7.612144227969672161e-02,2.562007218527622907e-02,9.214921785096127915e-02,5.386179175168225031e-02,7.765120994916784036e-02,4.418537701935324608e-02,1.131515915114396503e-01,3.134720402678473766e-02,3.692877800907092695e-02,2.866493976107131400e-02,1.767010702902755900e-02,3.357571488075446198e-02,4.103863295704366504e-02,6.801204397737196927e-02,4.124353581572437477e-02,1.250261930763854057e-01,1.240513585098618615e-01,2.955947736487420791e-02,8.720021795288798727e-02,2.471329876217276678e-01,1.095721707561814612e-01,1.551600773725180793e-01,1.087206233570962022e-01,2.350456142508177901e-02,7.637680507082589276e-02
2.590275631892055910e-02,4.043862912834477602e-02,3.078984317801371218e-02,1.470105229057814232e-02,5.584562424244196577e-02,8.918864936917064723e-02,8.822799933630705305e-02,1.707488482380704192e-02,1.038337966587844358e-01,5.951359577749649327e-02,0.000000000000000000e+00,3.981008287063713541e-02,1.350980720719319184e-01,3.009295080756214935e-02,4.003202330192429104e-02,3.383756591635363881e-02,2.087711064343909795e-02,4.329085719008610861e-02,4.108212730910330845e-02,8.721177810548599862e-02,4.126199288589929570e-02,1.591327517915122336e-01,1.274361709652013785e-01,4.611490875032401432e-02,1.096762301586973881e-01,2.357628401164436338e-01,1.394223981252840916e-01,1.972968638043590128e-01,1.122800158986972663e-01,2.839959581861252122e-02,8.797488208803774801e-02,3.773431231155978394e-02,2.640317673403546825e-02,4.294633622073377316e-02,2.570519702695391734e-02,3.889163004560457909e-02,1.559564041789152436e-02,1.474429820917990720e-02,3.894314420575045732e-02,2.597619809526716464e-02,3.189283935345901821e-02,2.161514070367186874e-02,2.580208656798414768e-02,8.152437859351571031e-03,9.384454352166737151e-03,2.192038647748913160e-02,4.717002721266012888e-02,5.087666514730094375e-02,1.619784431010489606e-02,6.048642376951696153e-02,7.888186125008600502e-02,9.038887386397442825e-02,2.982554987380326567e-02,1.096988331264197036e-01,6.309256713497418678e-02,9.249410310364701571e-02,5.210192841557256122e-02,1.343705298776712853e-01,3.734898836590819227e-02,4.338117775291955996e-02,3.406501529783956955e-02,2.096990970160923437e-02,3.996191347405515099e-02,4.912301565548901627e-02,8.104368970215394818e-02,4.846404064516944554e-02,1.486700000193723059e-01,1.474814604289008402e-01,3.475516992816245210e-02,1.037308616391069138e-01,2.919402413854456091e-01,1.308534158815661264e-01,1.831271294494418445e-01,1.283056363153861346e-01,2.769174324013937497e-02,9.058543927996925982e-02
1.590823117850307528e-02,2.215870810245845063e-02,1.760441028196114283e-02,8.077269977960941164e-03,3.095442835866283812e-02,5.068144193526375602e-02,4.908673543972284781e-02,1.011550700310087474e-02,5.698203978530148178e-02,3.365492766447148593e-02,3.981008287063713541e-02,0.000000000000000000e+00,7.549320300832879083e-02,1.666275562226107385e-02,2.426879840077196190e-02,1.901429803108789854e-02,1.188147640655104996e-02,2.384645238313939236e-02,2.344781486332040213e-02,4.907639270921872188e-02,2.511904862580123521e-02,8.913148401613531224e-02,7.500677567358968179e-02,2.819000304388996625e-02,6.032151178246560747e-02,1.354642781742850521e-01,7.852445301164599767e-02,1.107919837960368442e-01,6.236998008644655672e-02,1.576854795858338362e-02,4.930192105945677139e-02,2.112085777798284117e-02,1.480348881934894639e-02,2.438807504261503167e-02,1.456957446097303065e-02,2.146128079958348547e-02,8.441006147319598391e-03,8.300472260028198337e-03,2.195603521090001148e-02,1.460304066986090922e-02,1.884527711017549775e-02,1.200533653029571199e-02,1.447377193504078598e-02,4.467847581078712542e-03,5.452903748812293686e-03,1.298671070145011007e-02,2.671154178297622389e-02,2.839418453228622838e-02,8.973707978601480270e-03,3.333172473126075341e-02,4.418281762469267182e-02,5.006909201333656356e-02,1.758928629470646668e-02,6.056802759535607344e-02,3.526615072999621237e-02,5.203573851964710117e-02,3.119730049073898490e-02,7.461593836558766402e-02,2.081660351735993564e-02,2.610186026331407644e-02,1.864793650836855943e-02,1.150776826067845086e-02,2.196186347789239740e-02,2.767225542235347141e-02,4.536676886778646250e-02,2.927408447984596040e-02,8.312576525666660887e-02,8.504335335533157181e-02,2.046019133237435630e-02,5.727046839369002995e-02,1.683194317814528107e-01,7.232112809288612776e-02,1.020755383344556511e-01,7.038602110628922048e-02,1.539361274344308930e-02,5.185919734368553413e-02
5.050476198946213247e-02,7.635325526896322157e-02,5.950138363675966380e-02,2.774617608606270644e-02,1.060005216504931319e-01,1.717126542012223922e-01,1.688742227078694758e-01,3.276622194510074582e-02,1.985440730447569080e-01,1.141576866346868252e-01,1.350980720719319184e-01,7.549320300832879083e-02,0.000000000000000000e+00,5.730391833786391970e-02,7.688457872805828930e-02,6.506834391944441021e-02,3.997827914571928237e-02,8.284705942467274209e-02,7.764239329726653482e-02,1.672715552964067209e-01,8.021618835421809313e-02,3.054657436601456166e-01,2.454233307071820858e-01,8.989380033190172425e-02,2.105381082641428203e-01,4.520146389562209599e-01,2.674095961253232789e-01,3.804107480871836700e-01,2.150413886538469488e-01,5.415116080475847193e-02,1.683401734842043806e-01,7.235460741399231399e-02,5.147318348804726107e-02,8.379058777041220596e-02,5.034990577169132925e-02,7.431472092297689014e-02,2.975381365397981523e-02,2.879406734160555939e-02,7.566630029544704761e-02,5.005280906762325788e-02,6.201715009969448189e-02,4.239259410027626518e-02,4.865410216893242129e-02,1.538095695035183834e-02,1.831029894244501355e-02,4.270910362931116394e-02,9.079883588731632593e-02,9.843236053791704077e-02,3.056592044003614630e-02,1.154473634478673516e-01,1.509678877513913331e-01,1.726339568742838171e-01,5.793106098582708613e-02,2.094958042884227933e-01,1.221926962043796416e-01,1.762207216574644131e-01,1.000664939594954339e-01,2.570669169925591246e-01,7.050721137113948045e-02,8.466285159273570504e-02,6.566308623980594839e-02,4.009819828119029483e-02,7.633962639248838278e-02,9.377480771371134172e-02,1.548352245182062215e-01,9.430217950905087076e-02,2.835502309637052964e-01,2.842579948280971602e-01,6.773555111170675991e-02,1.987687937916121639e-01,5.633032609579646799e-01,2.482737483015931834e-01,3.506503788408339428e-01,2.479607987528302249e-01,5.248730270680077026e-02,1.735104011485407438e-01
1.120895665612645781e-02,1.658832829019856944e-02,1.292178839377186410e-02,6.106305637024875797e-03,2.334120668257343503e-02,3.780190817121409363e-02,3.705132520401969998e-02,7.153664223837194990e-03,4.388127845962355722e-02,2.537948988247997265e-02,3.009295080756214935e-02,1.666275562226107385e-02,5.730391833786391970e-02,0.000000000000000000e+00,1.724800458884104618e-02,1.435945035737520165e-02,8.587294222298079774e-03,1.796825594236338072e-02,1.740248718827572955e-02,3.695074552602228141e-02,1.758113885433277429e-02,6.804964019907581985e-02,5.376364951431612804e-02,1.967321513931980306e-02,4.604453106131564666e-02,9.919784165113938734e-02,5.876433717168157850e-02,8.419133471271644797e-02,4.686009959877970171e-02,1.190704744300738818e-02,3.696821504545736575e-02,1.620381286168548485e-02,1.135578146644159250e-02,1.870171692735593180e-02,1.111537740631703131e-02,1.615686198762992729e-02,6.625793483993115164e-03,6.521534967822177273e-03,1.673393847323904546e-02,1.103532976924941934e-02,1.347969171092792962e-02,9.221458888677912594e-03,1.058749908054903988e-02,3.351376641321266153e-03,4.157662384736898059e-03,9.100442212303371317e-03,2.032350741330370830e-02,2.129877196984292925e-02,6.632039957825935916e-03,2.547597761601004887e-02,3.286364883846534801e-02,3.793245948490039932e-02,1.302893792577953548e-02,4.617487018118093811e-02,2.689833117440444676e-02,3.932990371639633748e-02,2.171996244351098379e-02,5.655690270465623531e-02,1.548784841756861708e-02,1.859193588056397978e-02,1.423303208242517048e-02,8.738804344254258102e-03,1.670467492817781160e-02,2.062307805480050049e-02,3.439927270837150192e-02,2.049106848820701071e-02,6.326831315582513715e-02,6.213816929028288805e-02,1.464881219399961215e-02,4.380522366152016234e-02,1.234453986917958546e-01,5.435126461546511967e-02,7.710219634597600957e-02,5.416106530631267790e-02,1.125216564014187674e-02,3.781546390800295115e-02
1.592805892789318778e-02,2.305082754190867361e-02,1.796778874169949192e-02,8.455300330230158118e-03,3.160306240072197070e-02,5.197055946225234008e-02,5.003467511387629102e-02,1.031456336706919504e-02,5.904770396461980070e-02,3.431346074348692876e-02,4.003202330192429104e-02,2.426879840077196190e-02,7.688457872805828930e-02,1.724800458884104618e-02,0.000000000000000000e+00,1.934528883152860854e-02,1.234405870922153717e-02,2.504445324121299873e-02,2.346127379148766137e-02,4.987303496588819246e-02,2.535199452242997697e-02,9.135124301043157091e-02,7.544468267617106261e-02,2.877173174390022792e-02,6.228392219494242876e-02,1.394197073696611111e-01,8.053613389494257424e-02,1.131159200946663806e-01,6.506113696988785611e-02,1.624293037535625914e-02,5.112631705147117900e-02,2.147803899452983833e-02,1.541638308415725286e-02,2.506949201790186627e-02,1.480657281176404709e-02,2.212789143306451156e-02,8.859297607839423244e-03,8.535448499678858353e-03,2.216072718992826915e-02,1.474855462779388685e-02,1.883991148854730416e-02,1.243788504945907494e-02,1.472774709053751609e-02,4.530824793272439192e-03,5.625956767882827302e-03,1.357933953061233809e-02,2.714834136213194540e-02,2.947773043395411630e-02,9.311209402699902049e-03,3.405996392471348500e-02,4.670246622653070889e-02,5.136709142959088731e-02,1.769925444443228024e-02,6.303445377969985053e-02,3.600920776820680513e-02,5.256500558904630971e-02,3.215341583928063574e-02,7.668984854067623091e-02,2.082078091250615451e-02,2.662731668582074204e-02,1.970022590175635191e-02,1.214145878418688637e-02,2.292638858514457062e-02,2.793607751450470633e-02,4.679186371087025453e-02,2.964990490232085468e-02,8.526606434933660383e-02,8.699161319450265939e-02,2.124743269099110821e-02,5.904787149681094138e-02,1.735124930896042028e-01,7.474535627363972090e-02,1.046941160468640719e-01,7.375622331008500898e-02,1.555208215905915653e-02,5.260915812995593799e-02
1.246354379859293711e-02,1.941519532130968340e-02,1.461293362259740922e-02,6.842053688352754855e-03,2.634724714990927322e-02,4.306231455282797521e-02,4.189043678156973566e-02,8.137458442819798382e-03,4.959205071425823452e-02,2.874775637879366935e-02,3.383756591635363881e-02,1.901429803108789854e-02,6.506834391944441021e-02,1.435945035737520165e-02,1.934528883152860854e-02,0.000000000000000000e+00,1.006908512026289358e-02,2.084928720770906976e-02,1.951575116168590210e-02,4.233786411231167668e-02,2.011323793626337841e-02,7.713177129258448617e-02,6.149106087959146927e-02,2.233983598697172890e-02,5.273090086508668006e-02,1.137647623793369006e-01,6.752349580379704563e-02,9.466352780613089546e-02,5.455398978339367350e-02,1.392673310162149611e-02,4.237836753142823487e-02,1.793254012015302323e-02,1.251950082807029227e-02,2.020728020067101560e-02,1.213553508420343527e-02,1.844535753920580404e-02,7.359091456529368892e-03,7.001586578332407752e-03,1.848218360048502554e-02,1.222986963603030740e-02,1.494085125545218350e-02,1.017864396587531486e-02,1.223827587158739759e-02,3.815303355548822946e-03,4.473614372600661152e-03,1.046746004328104850e-02,2.277845988776062286e-02,2.406247367688479910e-02,7.531214982155046145e-03,2.859546187816089033e-02,3.801610860567219280e-02,4.285840466450271252e-02,1.417769623216172219e-02,5.247218884969858527e-02,3.038941740053381635e-02,4.360323091580801946e-02,2.488232368731159785e-02,6.401985539169313677e-02,1.754200718472223933e-02,2.105561828950409248e-02,1.654232819037807292e-02,1.011433436234198020e-02,1.917987320590979275e-02,2.325931245648074977e-02,3.889900083895581756e-02,2.338269324722676290e-02,7.163167788736653219e-02,7.066723140321092000e-02,1.668768264234561649e-02,4.965835575846289790e-02,1.406093495175486097e-01,6.235326178163087818e-02,8.780280845032588377e-02,6.232570350867348841e-02,1.341321735198599575e-02,4.375567271913591988e-02
7.885369122414172260e-03,1.186974046704851807e-02,9.245901002504358646e-03,4.195303830877320124e-03,1.606703185016635990e-02,2.673154757333740320e-02,2.583976125596309029e-02,5.071405640639827829e-03,3.095640629477687186e-02,1.769189760661964150e-02,2.087711064343909795e-02,1.188147640655104996e-02,3.997827914571928237e-02,8.587294222298079774e-03,1.234405870922153717e-02,1.006908512026289358e-02,0.000000000000000000e+00,1.275908782408453554e-02,1.227276502653484348e-02,2.615522564537381064e-02,1.249301276032646450e-02,4.785491671508335099e-02,3.832285126370373746e-02,1.420858031103752230e-02,3.248944974724855134e-02,7.106217041444062854e-02,4.184535783089244482e-02,5.878730121312004259e-02,3.305740277514743197e-02,8.325716977689471415e-03,2.594475857072656849e-02,1.100089622501698380e-02,7.810686712392055780e-03,1.281729745419969702e-02,7.595327213998446375e-03,1.138303045441498886e-02,4.561062051346563562e-03,4.448973760725725632e-03,1.141911676978103404e-02,7.566902165151309645e-03,9.475290039071307749e-03,6.322538647439644374e-03,7.601946587607928511e-03,2.277588138109366053e-03,2.920973236494116710e-03,6.606375974786260659e-03,1.418110297515271997e-02,1.536137340059386992e-02,4.689823520292479321e-03,1.761470215580229759e-02,2.371478755671236824e-02,2.642929691375545467e-02,9.140120230193650441e-03,3.273733571289712263e-02,1.881052281651908117e-02,2.757131228039872567e-02,1.569397526300151183e-02,3.975959101989738620e-02,1.071153685215926916e-02,1.329586337729641611e-02,9.943225514920127350e-03,6.261674504170732132e-03,1.164332030733417588e-02,1.445674410765810693e-02,2.438548120134717209e-02,1.455673287814908401e-02,4.467570757383691749e-02,4.423318319217094119e-02,1.050996602433887893e-02,3.057094037183862023e-02,8.793383803078032301e-02,3.875472416735227521e-02,5.430139473503982350e-02,3.814596841350022249e-02,8.125397699828933867e-03,2.678131611230469972e-02
1.598056866101383103e-02,2.451796940834073332e-02,1.883265745536572347e-02,8.803807597481306049e-03,3.341461707080849858e-02,5.567201949270905725e-02,5.349669933094951951e-02,1.048982356196408346e-02,6.390992421169519599e-02,3.674399818963146325e-02,4.329085719008610861e-02,2.384645238313939236e-02,8.284705942467274209e-02,1.796825594236338072e-02,2.504445324121299873e-02,2.084928720770906976e-02,1.275908782408453554e-02,0.000000000000000000e+00,2.484926887708172744e-02,5.416322138852545237e-02,2.583739214514979565e-02,9.942737879400723178e-02,7.925779565012938677e-02,2.872735046338442330e-02,6.755644556357782993e-02,1.461259047498530972e-01,8.634699645358288878e-02,1.219298898422385979e-01,6.867428327492314244e-02,1.742474510713188512e-02,5.374479760674461676e-02,2.300337468573947566e-02,1.626584242855411491e-02,2.641313713797354551e-02,1.578659637729417503e-02,2.355529756904719760e-02,9.493600157575292700e-03,9.140459256392870560e-03,2.420488102989503884e-02,1.569531960811082483e-02,1.937517711580354421e-02,1.316338725177808311e-02,1.540560724608351292e-02,4.811669172471729795e-03,5.783012485437284689e-03,1.315714654003809908e-02,2.932385539875470917e-02,3.132778175536522769e-02,9.564300681481615468e-03,3.676344129783510467e-02,4.852043828918579244e-02,5.488244084563692615e-02,1.885561407170796566e-02,6.741569065063166000e-02,3.911489527860400467e-02,5.686990599670355140e-02,3.141360515034335305e-02,8.194259665984360286e-02,2.224442539997247698e-02,2.723191476311710019e-02,2.090033001543592506e-02,1.293088294290827521e-02,2.427553378629703634e-02,2.995615662563683515e-02,5.003327238004249417e-02,3.004838321400296608e-02,9.175462792784301602e-02,9.130069130974606539e-02,2.142469585048519323e-02,6.369454938260271648e-02,1.810445766880434404e-01,7.981304199404584687e-02,1.123378492579041321e-01,7.979793728797360264e-02,1.678762046337321442e-02,5.531511546355963316e-02
1.510920490307418422e-02,2.327177759641359950e-02,1.850904295714091846e-02,8.581830860560323015e-03,3.224196981899882242e-02,5.180143843775764784e-02,5.086967638478982756e-02,1.006536845497156898e-02,6.055404020338824717e-02,3.424821544282830033e-02,4.108212730910330845e-02,2.344781486332040213e-02,7.764239329726653482e-02,1.740248718827572955e-02,2.346127379148766137e-02,1.951575116168590210e-02,1.227276502653484348e-02,2.484926887708172744e-02,0.000000000000000000e+00,5.075969618236263886e-02,2.396540512246230284e-02,9.214627588807748626e-02,7.495155870359385131e-02,2.709691320761071012e-02,6.281066464040110930e-02,1.362656352224277667e-01,8.119509800378867104e-02,1.127318662558704082e-01,6.585479577667557871e-02,1.650225450488316398e-02,5.091597803717438919e-02,2.137930744934134902e-02,1.518493690920636775e-02,2.477935248263249401e-02,1.482658011672797517e-02,2.228487902288877123e-02,8.843857156986774382e-03,8.568560662194600608e-03,2.206537474177971275e-02,1.496318668099554453e-02,1.865560933745735381e-02,1.253570726531525251e-02,1.509232178320995404e-02,4.647350253532484682e-03,5.526856986131790939e-03,1.290908273530860968e-02,2.722257183820280327e-02,2.995706755444391828e-02,9.478347639010620274e-03,3.457952703006902939e-02,4.633237598500694610e-02,5.252256108222631142e-02,1.704847153861551931e-02,6.378359050645893147e-02,3.596119662314895687e-02,5.365156346954064875e-02,3.064005350171325817e-02,7.753682563088172552e-02,2.159487114198997346e-02,2.516217797102426879e-02,1.961045750744248167e-02,1.210548938741403541e-02,2.302985355987149582e-02,2.874473484129040288e-02,4.728386140757077916e-02,2.795367338866760684e-02,8.629429455881228173e-02,8.563544119516205977e-02,2.059432152006071201e-02,5.928596169449571601e-02,1.687803820016106904e-01,7.578599333656645121e-02,1.052877368381705259e-01,7.422817124733485650e-02,1.621123587033397595e-02,5.255521228563084235e-02
3.205062759996745586e-02,5.014439223943948504e-02,3.856452612630393434e-02,1.796269901962634780e-02,6.814450890595410981e-02,1.118507737058571927e-01,1.083465366767171756e-01,2.118441602219075029e-02,1.299191333241659918e-01,7.451155738283676833e-02,8.721177810548599862e-02,4.907639270921872188e-02,1.672715552964067209e-01,3.695074552602228141e-02,4.987303496588819246e-02,4.233786411231167668e-02,2.615522564537381064e-02,5.416322138852545237e-02,5.075969618236263886e-02,0.000000000000000000e+00,5.132356749439131310e-02,1.988516246148863409e-01,1.592943947154134010e-01,5.741807968491426800e-02,1.362215609045949738e-01,2.938145587142757531e-01,1.747715237542317168e-01,2.445718863588678127e-01,1.405862140799143678e-01,3.540648979081188058e-02,1.095796892785533966e-01,4.595618832432204343e-02,3.229767829798588924e-02,5.305449090190952205e-02,3.166652251126185480e-02,4.759654818877987609e-02,1.931563556978700344e-02,1.806970189809287142e-02,4.710846540636363239e-02,3.154098280042794827e-02,3.921331559925999438e-02,2.658755795148991241e-02,3.159603004060738962e-02,9.868366373117125681e-03,1.140407536359825877e-02,2.730969652484504726e-02,5.865678224693868237e-02,6.326986852187488353e-02,1.976996768444378230e-02,7.392835688062275590e-02,9.887347867435471171e-02,1.113417010889254238e-01,3.682051085286503628e-02,1.375089809890286674e-01,7.821808529421489520e-02,1.127697062626916852e-01,6.479127670641436632e-02,1.656544483558094749e-01,4.520069785811820645e-02,5.405700202769691404e-02,4.238927042696705172e-02,2.642538754828431882e-02,4.980337031234528811e-02,6.063190869820952317e-02,1.007114787648649701e-01,6.003849883339536925e-02,1.845420384243755541e-01,1.834499784355288210e-01,4.340793603051582711e-02,1.287903877895508198e-01,3.639889999182445712e-01,1.627876701397330261e-01,2.266683706503669904e-01,1.614810573302193353e-01,3.435374430383818928e-02,1.122805554454946592e-01
1.665776796496756113e-02,2.360322196722007201e-02,1.832703854698386481e-02,8.596342597383746509e-03,3.270779381010437831e-02,5.344643999735068651e-02,5.192169412847925242e-02,1.045210414647440578e-02,5.996218975093055986e-02,3.540840937692791429e-02,4.126199288589929570e-02,2.511904862580123521e-02,8.021618835421809313e-02,1.758113885433277429e-02,2.535199452242997697e-02,2.011323793626337841e-02,1.249301276032646450e-02,2.583739214514979565e-02,2.396540512246230284e-02,5.132356749439131310e-02,0.000000000000000000e+00,9.440284954910103943e-02,7.786305872221557789e-02,2.990452239464360881e-02,6.472423825958786847e-02,1.437735509197250738e-01,8.307864574755823017e-02,1.174742791962831018e-01,6.607533425993691867e-02,1.668295190192257971e-02,5.223183542516576794e-02,2.253991444604476826e-02,1.580754207814013754e-02,2.563076826815885098e-02,1.538897252243917602e-02,2.266537504166744182e-02,9.047083587588379897e-03,8.913006666312912191e-03,2.350474642101589920e-02,1.520805947769065559e-02,1.931180853150987059e-02,1.279166559092508905e-02,1.506531793138938050e-02,4.691808118585211532e-03,5.843090062598201365e-03,1.399981714625728180e-02,2.812675155475790126e-02,3.006063228463789344e-02,9.359264895007275709e-03,3.530593188050715897e-02,4.708092365119201372e-02,5.271685591265191928e-02,1.849499204572983141e-02,6.395529523333511046e-02,3.734453318239793623e-02,5.437144261333049650e-02,3.317340131150730426e-02,7.914134757438903711e-02,2.149425720522329941e-02,2.770934591208757194e-02,2.034235227704301804e-02,1.238373241732289645e-02,2.354712613221595155e-02,2.859876212053620928e-02,4.831819657277366259e-02,3.107416310682485291e-02,8.818121720165661426e-02,8.982983856495489750e-02,2.193989095421447488e-02,6.090017457628868480e-02,1.791817022590049546e-01,7.639407172440834670e-02,1.080484627538621650e-01,7.608402057791022188e-02,1.612407474938630167e-02,5.422502977642688904e-02
